date,county,fips,population,confirmed_cases,reported_cases,probable_cases,reported_and_probable_cases,reported_deaths
2022-10-04,Alameda,001,1643700,347490,347497,19784,367281,2023
2022-10-04,Alpine,003,1148,135,135,1,136,0
2022-10-04,Amador,005,37829,9998,9999,925,10924,93
2022-10-04,Butte,007,227075,39453,39453,9059,48512,454
2022-10-04,Calaveras,009,45235,8511,8511,555,9066,133
2022-10-04,Colusa,011,21464,3792,3794,1280,5074,22
2022-10-04,Contra Costa,013,1133247,250133,250136,20669,270805,1430
2022-10-04,Del Norte,015,27424,7432,7433,404,7837,56
2022-10-04,El Dorado,017,186661,32320,32320,4295,36615,231
2022-10-04,Fresno,019,978130,274626,274628,30911,305539,2865
2022-10-04,Glenn,021,27897,5510,5510,1873,7383,48
2022-10-04,Humboldt,023,135768,21828,21831,5033,26864,159
2022-10-04,Imperial,025,180216,65532,65532,15784,81316,958
2022-10-04,Inyo,027,18085,4489,4489,989,5478,59
2022-10-04,Kern,029,883053,219177,219191,63165,282356,2418
2022-10-04,Kings,031,150075,59487,59489,4083,63572,458
2022-10-04,Lake,033,64148,12795,12795,1205,14000,147
2022-10-04,Lassen,035,31185,9967,9967,992,10959,65
2022-10-04,Los Angeles,037,10098052,3278705,3278961,181087,3460048,33467
2022-10-04,Madera,039,155013,44027,44029,8268,52297,374
2022-10-04,Marin,041,260295,45186,45190,5313,50503,313
2022-10-04,Mariposa,043,17540,3088,3088,362,3450,31
2022-10-04,Mendocino,045,87422,15992,15992,4503,20495,136
2022-10-04,Merced,047,269075,72233,72236,11782,84018,865
2022-10-04,Modoc,049,8938,876,876,324,1200,11
2022-10-04,Mono,051,14174,3205,3205,257,3462,7
2022-10-04,Monterey,053,433212,94110,94111,21069,115180,766
2022-10-04,Napa,055,140530,32257,32258,1427,33685,160
2022-10-04,Nevada,057,99092,18984,18989,1857,20846,132
2022-10-04,Orange,059,3164182,667296,667297,61812,729109,7452
2022-10-04,Placer,061,380077,75768,75768,9471,85239,660
2022-10-04,Plumas,063,18699,3669,3669,432,4101,13
2022-10-04,Riverside,065,2383286,695257,695315,35328,730643,6567
2022-10-04,Sacramento,067,1510023,346744,346748,33834,380582,3310
2022-10-04,San Benito,069,59416,16186,16188,973,17161,106
2022-10-04,San Bernardino,071,2135413,670844,670906,30969,701875,8116
2022-10-04,San Diego,073,3302833,924672,924672,72093,996765,5498
2022-10-04,San Francisco,075,870044,178935,178943,12089,191032,1045
2022-10-04,San Joaquin,077,732212,197382,197390,14473,211863,2319
2022-10-04,San Luis Obispo,079,281455,63205,63219,7203,70422,524
2022-10-04,San Mateo,081,765935,168410,168413,10656,179069,737
2022-10-04,Santa Barbara,083,443738,105695,105695,6923,112618,725
2022-10-04,Santa Clara,085,1922200,432309,432327,18909,451236,2506
2022-10-04,Santa Cruz,087,273765,63099,63099,3447,66546,273
2022-10-04,Shasta,089,179085,34904,34904,7467,42371,593
2022-10-04,Sierra,091,2930,305,305,60,365,5
2022-10-04,Siskiyou,093,43540,5272,5272,3317,8589,92
2022-10-04,Solano,095,438530,105030,105042,7780,112822,465
2022-10-04,Sonoma,097,501317,106933,106940,5332,112272,520
2022-10-04,Stanislaus,099,539301,137818,137838,21579,159417,1781
2022-10-04,Sutter,101,95872,24321,24326,2473,26799,232
2022-10-04,Tehama,103,63373,13603,13603,3087,16690,210
2022-10-04,Trinity,105,12862,1394,1394,388,1782,20
2022-10-04,Tulare,107,460477,121786,121787,36433,158220,1531
2022-10-04,Tuolumne,109,53932,15557,15558,933,16491,196
2022-10-04,Ventura,111,848112,208629,208632,15835,224467,1567
2022-10-04,Yolo,113,214977,47422,47422,4411,51833,341
2022-10-04,Yuba,115,75493,18910,18914,1710,20624,129
2022-10-03,Alameda,001,1643700,347490,346369,19784,366153,2020
2022-10-03,Alpine,003,1148,135,134,1,135,0
2022-10-03,Amador,005,37829,9998,9987,925,10912,90
2022-10-03,Butte,007,227075,39453,39378,9059,48437,454
2022-10-03,Calaveras,009,45235,8511,8497,555,9052,133
2022-10-03,Colusa,011,21464,3792,3782,1280,5062,22
2022-10-03,Contra Costa,013,1133247,250133,249273,20669,269942,1426
2022-10-03,Del Norte,015,27424,7432,7421,404,7825,56
2022-10-03,El Dorado,017,186661,32320,32238,4295,36533,231
2022-10-03,Fresno,019,978130,274626,274028,30911,304939,2859
2022-10-03,Glenn,021,27897,5510,5509,1873,7382,48
2022-10-03,Humboldt,023,135768,21828,21744,5033,26777,157
2022-10-03,Imperial,025,180216,65532,65425,15784,81209,958
2022-10-03,Inyo,027,18085,4489,4483,989,5472,59
2022-10-03,Kern,029,883053,219177,218846,63165,282011,2417
2022-10-03,Kings,031,150075,59487,59394,4083,63477,459
2022-10-03,Lake,033,64148,12795,12761,1205,13966,147
2022-10-03,Lassen,035,31185,9967,9962,992,10954,65
2022-10-03,Los Angeles,037,10098052,3278705,3271661,181087,3452748,33336
2022-10-03,Madera,039,155013,44027,43953,8268,52221,374
2022-10-03,Marin,041,260295,45186,45002,5313,50315,310
2022-10-03,Mariposa,043,17540,3088,3079,362,3441,31
2022-10-03,Mendocino,045,87422,15992,15950,4503,20453,136
2022-10-03,Merced,047,269075,72233,72117,11782,83899,863
2022-10-03,Modoc,049,8938,876,873,324,1197,11
2022-10-03,Mono,051,14174,3205,3201,257,3458,7
2022-10-03,Monterey,053,433212,94110,93991,21069,115060,766
2022-10-03,Napa,055,140530,32257,32171,1427,33598,160
2022-10-03,Nevada,057,99092,18984,18923,1857,20780,132
2022-10-03,Orange,059,3164182,667296,665825,61812,727637,7435
2022-10-03,Placer,061,380077,75768,75573,9471,85044,661
2022-10-03,Plumas,063,18699,3669,3645,432,4077,13
2022-10-03,Riverside,065,2383286,695257,694250,35328,729578,6543
2022-10-03,Sacramento,067,1510023,346744,345905,33834,379739,3294
2022-10-03,San Benito,069,59416,16186,16152,973,17125,106
2022-10-03,San Bernardino,071,2135413,670844,668798,30969,699767,8106
2022-10-03,San Diego,073,3302833,924672,922323,72093,994416,5491
2022-10-03,San Francisco,075,870044,178935,178486,12089,190575,1043
2022-10-03,San Joaquin,077,732212,197382,197009,14473,211482,2319
2022-10-03,San Luis Obispo,079,281455,63205,63060,7203,70263,524
2022-10-03,San Mateo,081,765935,168410,167790,10656,178446,736
2022-10-03,Santa Barbara,083,443738,105695,105437,6923,112360,722
2022-10-03,Santa Clara,085,1922200,432309,430899,18909,449808,2494
2022-10-03,Santa Cruz,087,273765,63099,62866,3447,66313,273
2022-10-03,Shasta,089,179085,34904,34849,7467,42316,592
2022-10-03,Sierra,091,2930,305,304,60,364,5
2022-10-03,Siskiyou,093,43540,5272,5261,3317,8578,91
2022-10-03,Solano,095,438530,105030,104704,7780,112484,464
2022-10-03,Sonoma,097,501317,106933,106624,5332,111956,519
2022-10-03,Stanislaus,099,539301,137818,137589,21579,159168,1780
2022-10-03,Sutter,101,95872,24321,24265,2473,26738,232
2022-10-03,Tehama,103,63373,13603,13564,3087,16651,210
2022-10-03,Trinity,105,12862,1394,1392,388,1780,20
2022-10-03,Tulare,107,460477,121786,121589,36433,158022,1531
2022-10-03,Tuolumne,109,53932,15557,15516,933,16449,196
2022-10-03,Ventura,111,848112,208629,208124,15835,223959,1565
2022-10-03,Yolo,113,214977,47422,47279,4411,51690,341
2022-10-03,Yuba,115,75493,18910,18881,1710,20591,132
2022-10-02,Alameda,001,1643700,347423,346369,19784,366153,2020
2022-10-02,Alpine,003,1148,135,134,1,135,0
2022-10-02,Amador,005,37829,9997,9987,925,10912,90
2022-10-02,Butte,007,227075,39451,39378,9059,48437,454
2022-10-02,Calaveras,009,45235,8510,8497,555,9052,133
2022-10-02,Colusa,011,21464,3792,3782,1279,5061,22
2022-10-02,Contra Costa,013,1133247,250099,249273,20669,269942,1426
2022-10-02,Del Norte,015,27424,7431,7421,404,7825,56
2022-10-02,El Dorado,017,186661,32316,32238,4293,36531,231
2022-10-02,Fresno,019,978130,274603,274028,30911,304939,2859
2022-10-02,Glenn,021,27897,5510,5509,1873,7382,48
2022-10-02,Humboldt,023,135768,21827,21744,5033,26777,157
2022-10-02,Imperial,025,180216,65528,65425,15784,81209,958
2022-10-02,Inyo,027,18085,4489,4483,989,5472,59
2022-10-02,Kern,029,883053,219169,218846,63164,282010,2417
2022-10-02,Kings,031,150075,59479,59394,4083,63477,459
2022-10-02,Lake,033,64148,12793,12761,1205,13966,147
2022-10-02,Lassen,035,31185,9967,9962,992,10954,65
2022-10-02,Los Angeles,037,10098052,3278663,3271661,181086,3452747,33336
2022-10-02,Madera,039,155013,44025,43953,8268,52221,374
2022-10-02,Marin,041,260295,45163,45002,5313,50315,310
2022-10-02,Mariposa,043,17540,3088,3079,362,3441,31
2022-10-02,Mendocino,045,87422,15989,15950,4503,20453,136
2022-10-02,Merced,047,269075,72231,72117,11782,83899,863
2022-10-02,Modoc,049,8938,876,873,324,1197,11
2022-10-02,Mono,051,14174,3205,3201,257,3458,7
2022-10-02,Monterey,053,433212,94106,93991,21069,115060,766
2022-10-02,Napa,055,140530,32253,32171,1427,33598,160
2022-10-02,Nevada,057,99092,18984,18923,1857,20780,132
2022-10-02,Orange,059,3164182,667233,665825,61811,727636,7435
2022-10-02,Placer,061,380077,75762,75573,9471,85044,661
2022-10-02,Plumas,063,18699,3664,3645,432,4077,13
2022-10-02,Riverside,065,2383286,695232,694250,35328,729578,6543
2022-10-02,Sacramento,067,1510023,346698,345905,33829,379734,3294
2022-10-02,San Benito,069,59416,16185,16152,973,17125,106
2022-10-02,San Bernardino,071,2135413,670818,668798,30969,699767,8106
2022-10-02,San Diego,073,3302833,924614,922323,72064,994387,5491
2022-10-02,San Francisco,075,870044,178896,178486,12089,190575,1043
2022-10-02,San Joaquin,077,732212,197348,197009,14473,211482,2319
2022-10-02,San Luis Obispo,079,281455,63202,63060,7203,70263,524
2022-10-02,San Mateo,081,765935,168369,167790,10656,178446,736
2022-10-02,Santa Barbara,083,443738,105681,105437,6922,112359,722
2022-10-02,Santa Clara,085,1922200,432219,430899,18909,449808,2494
2022-10-02,Santa Cruz,087,273765,63097,62866,3447,66313,273
2022-10-02,Shasta,089,179085,34904,34849,7467,42316,592
2022-10-02,Sierra,091,2930,305,304,60,364,5
2022-10-02,Siskiyou,093,43540,5272,5261,3317,8578,91
2022-10-02,Solano,095,438530,104995,104704,7780,112484,464
2022-10-02,Sonoma,097,501317,106905,106624,5332,111956,519
2022-10-02,Stanislaus,099,539301,137797,137589,21575,159164,1780
2022-10-02,Sutter,101,95872,24317,24265,2473,26738,232
2022-10-02,Tehama,103,63373,13602,13564,3087,16651,210
2022-10-02,Trinity,105,12862,1394,1392,388,1780,20
2022-10-02,Tulare,107,460477,121777,121589,36432,158021,1531
2022-10-02,Tuolumne,109,53932,15555,15516,933,16449,196
2022-10-02,Ventura,111,848112,208615,208124,15835,223959,1565
2022-10-02,Yolo,113,214977,47418,47279,4411,51690,341
2022-10-02,Yuba,115,75493,18907,18881,1710,20591,132
2022-10-01,Alameda,001,1643700,347354,346369,19784,366153,2020
2022-10-01,Alpine,003,1148,135,134,1,135,0
2022-10-01,Amador,005,37829,9995,9987,925,10912,90
2022-10-01,Butte,007,227075,39447,39378,9059,48437,454
2022-10-01,Calaveras,009,45235,8510,8497,555,9052,133
2022-10-01,Colusa,011,21464,3792,3782,1279,5061,22
2022-10-01,Contra Costa,013,1133247,250055,249273,20669,269942,1426
2022-10-01,Del Norte,015,27424,7429,7421,404,7825,56
2022-10-01,El Dorado,017,186661,32314,32238,4293,36531,231
2022-10-01,Fresno,019,978130,274578,274028,30911,304939,2859
2022-10-01,Glenn,021,27897,5510,5509,1873,7382,48
2022-10-01,Humboldt,023,135768,21826,21744,5033,26777,157
2022-10-01,Imperial,025,180216,65525,65425,15784,81209,958
2022-10-01,Inyo,027,18085,4489,4483,989,5472,59
2022-10-01,Kern,029,883053,219159,218846,63163,282009,2417
2022-10-01,Kings,031,150075,59477,59394,4083,63477,459
2022-10-01,Lake,033,64148,12790,12761,1205,13966,147
2022-10-01,Lassen,035,31185,9965,9962,992,10954,65
2022-10-01,Los Angeles,037,10098052,3278454,3271661,181044,3452705,33336
2022-10-01,Madera,039,155013,44024,43953,8268,52221,374
2022-10-01,Marin,041,260295,45147,45002,5312,50314,310
2022-10-01,Mariposa,043,17540,3088,3079,362,3441,31
2022-10-01,Mendocino,045,87422,15987,15950,4503,20453,136
2022-10-01,Merced,047,269075,72229,72117,11782,83899,863
2022-10-01,Modoc,049,8938,876,873,324,1197,11
2022-10-01,Mono,051,14174,3203,3201,257,3458,7
2022-10-01,Monterey,053,433212,94094,93991,21069,115060,766
2022-10-01,Napa,055,140530,32252,32171,1427,33598,160
2022-10-01,Nevada,057,99092,18984,18923,1857,20780,132
2022-10-01,Orange,059,3164182,667149,665825,61811,727636,7435
2022-10-01,Placer,061,380077,75752,75573,9471,85044,661
2022-10-01,Plumas,063,18699,3664,3645,432,4077,13
2022-10-01,Riverside,065,2383286,695184,694250,35328,729578,6543
2022-10-01,Sacramento,067,1510023,346656,345905,33829,379734,3294
2022-10-01,San Benito,069,59416,16183,16152,973,17125,106
2022-10-01,San Bernardino,071,2135413,670772,668798,30969,699767,8106
2022-10-01,San Diego,073,3302833,924540,922323,72039,994362,5491
2022-10-01,San Francisco,075,870044,178865,178486,12089,190575,1043
2022-10-01,San Joaquin,077,732212,197325,197009,14473,211482,2319
2022-10-01,San Luis Obispo,079,281455,63195,63060,7203,70263,524
2022-10-01,San Mateo,081,765935,168340,167790,10656,178446,736
2022-10-01,Santa Barbara,083,443738,105667,105437,6922,112359,722
2022-10-01,Santa Clara,085,1922200,432107,430899,18909,449808,2494
2022-10-01,Santa Cruz,087,273765,63092,62866,3447,66313,273
2022-10-01,Shasta,089,179085,34904,34849,7467,42316,592
2022-10-01,Sierra,091,2930,305,304,60,364,5
2022-10-01,Siskiyou,093,43540,5271,5261,3317,8578,91
2022-10-01,Solano,095,438530,104987,104704,7780,112484,464
2022-10-01,Sonoma,097,501317,106892,106624,5332,111956,519
2022-10-01,Stanislaus,099,539301,137783,137589,21574,159163,1780
2022-10-01,Sutter,101,95872,24314,24265,2473,26738,232
2022-10-01,Tehama,103,63373,13602,13564,3087,16651,210
2022-10-01,Trinity,105,12862,1394,1392,388,1780,20
2022-10-01,Tulare,107,460477,121770,121589,36431,158020,1531
2022-10-01,Tuolumne,109,53932,15553,15516,933,16449,196
2022-10-01,Ventura,111,848112,208590,208124,15835,223959,1565
2022-10-01,Yolo,113,214977,47412,47279,4411,51690,341
2022-10-01,Yuba,115,75493,18901,18881,1710,20591,132
2022-09-30,Alameda,001,1643700,347276,346369,19784,366153,2020
2022-09-30,Alpine,003,1148,135,134,1,135,0
2022-09-30,Amador,005,37829,9995,9987,925,10912,90
2022-09-30,Butte,007,227075,39443,39378,9057,48435,454
2022-09-30,Calaveras,009,45235,8506,8497,555,9052,133
2022-09-30,Colusa,011,21464,3792,3782,1279,5061,22
2022-09-30,Contra Costa,013,1133247,250002,249273,20669,269942,1426
2022-09-30,Del Norte,015,27424,7429,7421,404,7825,56
2022-09-30,El Dorado,017,186661,32307,32238,4293,36531,231
2022-09-30,Fresno,019,978130,274534,274028,30908,304936,2859
2022-09-30,Glenn,021,27897,5510,5509,1873,7382,48
2022-09-30,Humboldt,023,135768,21818,21744,5033,26777,157
2022-09-30,Imperial,025,180216,65520,65425,15784,81209,958
2022-09-30,Inyo,027,18085,4488,4483,989,5472,59
2022-09-30,Kern,029,883053,219153,218846,63161,282007,2417
2022-09-30,Kings,031,150075,59472,59394,4083,63477,459
2022-09-30,Lake,033,64148,12786,12761,1205,13966,147
2022-09-30,Lassen,035,31185,9965,9962,992,10954,65
2022-09-30,Los Angeles,037,10098052,3278078,3271661,180984,3452645,33336
2022-09-30,Madera,039,155013,44019,43953,8268,52221,374
2022-09-30,Marin,041,260295,45134,45002,5312,50314,310
2022-09-30,Mariposa,043,17540,3087,3079,362,3441,31
2022-09-30,Mendocino,045,87422,15980,15950,4503,20453,136
2022-09-30,Merced,047,269075,72221,72117,11782,83899,863
2022-09-30,Modoc,049,8938,876,873,324,1197,11
2022-09-30,Mono,051,14174,3203,3201,257,3458,7
2022-09-30,Monterey,053,433212,94080,93991,21068,115059,766
2022-09-30,Napa,055,140530,32243,32171,1427,33598,160
2022-09-30,Nevada,057,99092,18979,18923,1857,20780,132
2022-09-30,Orange,059,3164182,667060,665825,61810,727635,7435
2022-09-30,Placer,061,380077,75737,75573,9470,85043,661
2022-09-30,Plumas,063,18699,3664,3645,432,4077,13
2022-09-30,Riverside,065,2383286,695133,694250,35328,729578,6543
2022-09-30,Sacramento,067,1510023,346584,345905,33829,379734,3294
2022-09-30,San Benito,069,59416,16181,16152,973,17125,106
2022-09-30,San Bernardino,071,2135413,670722,668798,30969,699767,8106
2022-09-30,San Diego,073,3302833,924351,922323,72014,994337,5491
2022-09-30,San Francisco,075,870044,178824,178486,12089,190575,1043
2022-09-30,San Joaquin,077,732212,197305,197009,14473,211482,2319
2022-09-30,San Luis Obispo,079,281455,63191,63060,7203,70263,524
2022-09-30,San Mateo,081,765935,168307,167790,10656,178446,736
2022-09-30,Santa Barbara,083,443738,105650,105437,6922,112359,722
2022-09-30,Santa Clara,085,1922200,431984,430899,18909,449808,2494
2022-09-30,Santa Cruz,087,273765,63083,62866,3447,66313,273
2022-09-30,Shasta,089,179085,34904,34849,7467,42316,592
2022-09-30,Sierra,091,2930,305,304,60,364,5
2022-09-30,Siskiyou,093,43540,5271,5261,3317,8578,91
2022-09-30,Solano,095,438530,104959,104704,7780,112484,464
2022-09-30,Sonoma,097,501317,106871,106624,5332,111956,519
2022-09-30,Stanislaus,099,539301,137767,137589,21574,159163,1780
2022-09-30,Sutter,101,95872,24311,24265,2473,26738,232
2022-09-30,Tehama,103,63373,13601,13564,3087,16651,210
2022-09-30,Trinity,105,12862,1394,1392,388,1780,20
2022-09-30,Tulare,107,460477,121760,121589,36431,158020,1531
2022-09-30,Tuolumne,109,53932,15550,15516,933,16449,196
2022-09-30,Ventura,111,848112,208562,208124,15835,223959,1565
2022-09-30,Yolo,113,214977,47403,47279,4411,51690,341
2022-09-30,Yuba,115,75493,18898,18881,1710,20591,132
2022-09-29,Alameda,001,1643700,347140,346369,19784,366153,2020
2022-09-29,Alpine,003,1148,135,134,1,135,0
2022-09-29,Amador,005,37829,9992,9987,925,10912,90
2022-09-29,Butte,007,227075,39439,39378,9057,48435,454
2022-09-29,Calaveras,009,45235,8501,8497,555,9052,133
2022-09-29,Colusa,011,21464,3790,3782,1279,5061,22
2022-09-29,Contra Costa,013,1133247,249917,249273,20669,269942,1426
2022-09-29,Del Norte,015,27424,7426,7421,404,7825,56
2022-09-29,El Dorado,017,186661,32301,32238,4291,36529,231
2022-09-29,Fresno,019,978130,274452,274028,30906,304934,2859
2022-09-29,Glenn,021,27897,5510,5509,1873,7382,48
2022-09-29,Humboldt,023,135768,21810,21744,5033,26777,157
2022-09-29,Imperial,025,180216,65500,65425,15783,81208,958
2022-09-29,Inyo,027,18085,4488,4483,989,5472,59
2022-09-29,Kern,029,883053,219131,218846,63157,282003,2417
2022-09-29,Kings,031,150075,59464,59394,4083,63477,459
2022-09-29,Lake,033,64148,12783,12761,1205,13966,147
2022-09-29,Lassen,035,31185,9964,9962,992,10954,65
2022-09-29,Los Angeles,037,10098052,3277390,3271661,180900,3452561,33336
2022-09-29,Madera,039,155013,44013,43953,8268,52221,374
2022-09-29,Marin,041,260295,45119,45002,5309,50311,310
2022-09-29,Mariposa,043,17540,3085,3079,362,3441,31
2022-09-29,Mendocino,045,87422,15977,15950,4503,20453,136
2022-09-29,Merced,047,269075,72212,72117,11781,83898,863
2022-09-29,Modoc,049,8938,876,873,324,1197,11
2022-09-29,Mono,051,14174,3202,3201,257,3458,7
2022-09-29,Monterey,053,433212,94070,93991,21068,115059,766
2022-09-29,Napa,055,140530,32232,32171,1427,33598,160
2022-09-29,Nevada,057,99092,18970,18923,1857,20780,132
2022-09-29,Orange,059,3164182,666879,665825,61810,727635,7435
2022-09-29,Placer,061,380077,75720,75573,9470,85043,661
2022-09-29,Plumas,063,18699,3663,3645,432,4077,13
2022-09-29,Riverside,065,2383286,695044,694250,35328,729578,6543
2022-09-29,Sacramento,067,1510023,346471,345905,33829,379734,3294
2022-09-29,San Benito,069,59416,16178,16152,973,17125,106
2022-09-29,San Bernardino,071,2135413,670614,668798,30968,699766,8106
2022-09-29,San Diego,073,3302833,924123,922323,71985,994308,5491
2022-09-29,San Francisco,075,870044,178748,178486,12089,190575,1043
2022-09-29,San Joaquin,077,732212,197268,197009,14470,211479,2319
2022-09-29,San Luis Obispo,079,281455,63175,63060,7203,70263,524
2022-09-29,San Mateo,081,765935,168241,167790,10656,178446,736
2022-09-29,Santa Barbara,083,443738,105622,105437,6922,112359,722
2022-09-29,Santa Clara,085,1922200,431813,430899,18909,449808,2494
2022-09-29,Santa Cruz,087,273765,63046,62866,3447,66313,273
2022-09-29,Shasta,089,179085,34897,34849,7467,42316,592
2022-09-29,Sierra,091,2930,305,304,60,364,5
2022-09-29,Siskiyou,093,43540,5269,5261,3317,8578,91
2022-09-29,Solano,095,438530,104925,104704,7780,112484,464
2022-09-29,Sonoma,097,501317,106826,106624,5332,111956,519
2022-09-29,Stanislaus,099,539301,137738,137589,21572,159161,1780
2022-09-29,Sutter,101,95872,24308,24265,2473,26738,232
2022-09-29,Tehama,103,63373,13599,13564,3087,16651,210
2022-09-29,Trinity,105,12862,1394,1392,388,1780,20
2022-09-29,Tulare,107,460477,121743,121589,36427,158016,1531
2022-09-29,Tuolumne,109,53932,15549,15516,933,16449,196
2022-09-29,Ventura,111,848112,208515,208124,15835,223959,1565
2022-09-29,Yolo,113,214977,47392,47279,4411,51690,341
2022-09-29,Yuba,115,75493,18896,18881,1710,20591,132
2022-09-28,Alameda,001,1643700,347003,346369,19784,366153,2020
2022-09-28,Alpine,003,1148,134,134,1,135,0
2022-09-28,Amador,005,37829,9991,9987,925,10912,90
2022-09-28,Butte,007,227075,39431,39378,9056,48434,454
2022-09-28,Calaveras,009,45235,8500,8497,555,9052,133
2022-09-28,Colusa,011,21464,3790,3782,1279,5061,22
2022-09-28,Contra Costa,013,1133247,249825,249273,20669,269942,1426
2022-09-28,Del Norte,015,27424,7424,7421,404,7825,56
2022-09-28,El Dorado,017,186661,32295,32238,4291,36529,231
2022-09-28,Fresno,019,978130,274379,274028,30905,304933,2859
2022-09-28,Glenn,021,27897,5510,5509,1873,7382,48
2022-09-28,Humboldt,023,135768,21802,21744,5033,26777,157
2022-09-28,Imperial,025,180216,65485,65425,15783,81208,958
2022-09-28,Inyo,027,18085,4487,4483,989,5472,59
2022-09-28,Kern,029,883053,219097,218846,63142,281988,2417
2022-09-28,Kings,031,150075,59444,59394,4083,63477,459
2022-09-28,Lake,033,64148,12775,12761,1205,13966,147
2022-09-28,Lassen,035,31185,9963,9962,992,10954,65
2022-09-28,Los Angeles,037,10098052,3276511,3271661,180794,3452455,33336
2022-09-28,Madera,039,155013,44007,43953,8268,52221,374
2022-09-28,Marin,041,260295,45102,45002,5308,50310,310
2022-09-28,Mariposa,043,17540,3085,3079,362,3441,31
2022-09-28,Mendocino,045,87422,15975,15950,4503,20453,136
2022-09-28,Merced,047,269075,72201,72117,11780,83897,863
2022-09-28,Modoc,049,8938,876,873,324,1197,11
2022-09-28,Mono,051,14174,3202,3201,257,3458,7
2022-09-28,Monterey,053,433212,94055,93991,21067,115058,766
2022-09-28,Napa,055,140530,32217,32171,1427,33598,160
2022-09-28,Nevada,057,99092,18962,18923,1847,20770,132
2022-09-28,Orange,059,3164182,666684,665825,61810,727635,7435
2022-09-28,Placer,061,380077,75693,75573,9470,85043,661
2022-09-28,Plumas,063,18699,3662,3645,432,4077,13
2022-09-28,Riverside,065,2383286,694938,694250,35328,729578,6543
2022-09-28,Sacramento,067,1510023,346365,345905,33824,379729,3294
2022-09-28,San Benito,069,59416,16174,16152,973,17125,106
2022-09-28,San Bernardino,071,2135413,670517,668798,30968,699766,8106
2022-09-28,San Diego,073,3302833,923819,922323,71952,994275,5491
2022-09-28,San Francisco,075,870044,178666,178486,12089,190575,1043
2022-09-28,San Joaquin,077,732212,197234,197009,14470,211479,2319
2022-09-28,San Luis Obispo,079,281455,63162,63060,7202,70262,524
2022-09-28,San Mateo,081,765935,168173,167790,10656,178446,736
2022-09-28,Santa Barbara,083,443738,105593,105437,6920,112357,722
2022-09-28,Santa Clara,085,1922200,431667,430899,18909,449808,2494
2022-09-28,Santa Cruz,087,273765,63017,62866,3447,66313,273
2022-09-28,Shasta,089,179085,34893,34849,7467,42316,592
2022-09-28,Sierra,091,2930,305,304,60,364,5
2022-09-28,Siskiyou,093,43540,5268,5261,3317,8578,91
2022-09-28,Solano,095,438530,104898,104704,7780,112484,464
2022-09-28,Sonoma,097,501317,106797,106624,5331,111955,519
2022-09-28,Stanislaus,099,539301,137712,137589,21567,159156,1780
2022-09-28,Sutter,101,95872,24293,24265,2473,26738,232
2022-09-28,Tehama,103,63373,13594,13564,3087,16651,210
2022-09-28,Trinity,105,12862,1394,1392,388,1780,20
2022-09-28,Tulare,107,460477,121721,121589,36424,158013,1531
2022-09-28,Tuolumne,109,53932,15548,15516,933,16449,196
2022-09-28,Ventura,111,848112,208459,208124,15835,223959,1565
2022-09-28,Yolo,113,214977,47372,47279,4411,51690,341
2022-09-28,Yuba,115,75493,18891,18881,1710,20591,132
2022-09-27,Alameda,001,1643700,346857,346369,19783,366152,2020
2022-09-27,Alpine,003,1148,134,134,1,135,0
2022-09-27,Amador,005,37829,9988,9987,925,10912,90
2022-09-27,Butte,007,227075,39426,39378,9054,48432,454
2022-09-27,Calaveras,009,45235,8499,8497,555,9052,133
2022-09-27,Colusa,011,21464,3788,3782,1279,5061,22
2022-09-27,Contra Costa,013,1133247,249732,249273,20669,269942,1426
2022-09-27,Del Norte,015,27424,7424,7421,404,7825,56
2022-09-27,El Dorado,017,186661,32283,32238,4291,36529,231
2022-09-27,Fresno,019,978130,274323,274028,30905,304933,2859
2022-09-27,Glenn,021,27897,5509,5509,1872,7381,48
2022-09-27,Humboldt,023,135768,21794,21744,5033,26777,157
2022-09-27,Imperial,025,180216,65462,65425,15783,81208,958
2022-09-27,Inyo,027,18085,4485,4483,988,5471,59
2022-09-27,Kern,029,883053,219047,218846,63134,281980,2417
2022-09-27,Kings,031,150075,59428,59394,4083,63477,459
2022-09-27,Lake,033,64148,12772,12761,1205,13966,147
2022-09-27,Lassen,035,31185,9961,9962,992,10954,65
2022-09-27,Los Angeles,037,10098052,3275512,3271661,180649,3452310,33336
2022-09-27,Madera,039,155013,43996,43953,8268,52221,374
2022-09-27,Marin,041,260295,45076,45002,5308,50310,310
2022-09-27,Mariposa,043,17540,3084,3079,362,3441,31
2022-09-27,Mendocino,045,87422,15967,15950,4503,20453,136
2022-09-27,Merced,047,269075,72189,72117,11780,83897,863
2022-09-27,Modoc,049,8938,876,873,324,1197,11
2022-09-27,Mono,051,14174,3201,3201,257,3458,7
2022-09-27,Monterey,053,433212,94039,93991,21061,115052,766
2022-09-27,Napa,055,140530,32200,32171,1427,33598,160
2022-09-27,Nevada,057,99092,18953,18923,1847,20770,132
2022-09-27,Orange,059,3164182,666459,665825,61809,727634,7435
2022-09-27,Placer,061,380077,75670,75573,9468,85041,661
2022-09-27,Plumas,063,18699,3659,3645,432,4077,13
2022-09-27,Riverside,065,2383286,694809,694250,35328,729578,6543
2022-09-27,Sacramento,067,1510023,346242,345905,33817,379722,3294
2022-09-27,San Benito,069,59416,16173,16152,973,17125,106
2022-09-27,San Bernardino,071,2135413,670317,668798,30967,699765,8106
2022-09-27,San Diego,073,3302833,923447,922323,71913,994236,5491
2022-09-27,San Francisco,075,870044,178572,178486,12089,190575,1043
2022-09-27,San Joaquin,077,732212,197187,197009,14469,211478,2319
2022-09-27,San Luis Obispo,079,281455,63136,63060,7201,70261,524
2022-09-27,San Mateo,081,765935,168107,167790,10655,178445,736
2022-09-27,Santa Barbara,083,443738,105557,105437,6920,112357,722
2022-09-27,Santa Clara,085,1922200,431468,430899,18908,449807,2494
2022-09-27,Santa Cruz,087,273765,62991,62866,3447,66313,273
2022-09-27,Shasta,089,179085,34882,34849,7467,42316,592
2022-09-27,Sierra,091,2930,304,304,60,364,5
2022-09-27,Siskiyou,093,43540,5266,5261,3317,8578,91
2022-09-27,Solano,095,438530,104855,104704,7780,112484,464
2022-09-27,Sonoma,097,501317,106749,106624,5331,111955,519
2022-09-27,Stanislaus,099,539301,137687,137589,21566,159155,1780
2022-09-27,Sutter,101,95872,24279,24265,2473,26738,232
2022-09-27,Tehama,103,63373,13591,13564,3087,16651,210
2022-09-27,Trinity,105,12862,1394,1392,388,1780,20
2022-09-27,Tulare,107,460477,121696,121589,36422,158011,1531
2022-09-27,Tuolumne,109,53932,15544,15516,933,16449,196
2022-09-27,Ventura,111,848112,208401,208124,15835,223959,1565
2022-09-27,Yolo,113,214977,47345,47279,4411,51690,341
2022-09-27,Yuba,115,75493,18887,18881,1710,20591,132
2022-09-26,Alameda,001,1643700,346687,345351,19783,365134,2012
2022-09-26,Alpine,003,1148,134,134,1,135,0
2022-09-26,Amador,005,37829,9987,9954,924,10878,90
2022-09-26,Butte,007,227075,39414,39282,9052,48334,453
2022-09-26,Calaveras,009,45235,8497,8475,555,9030,133
2022-09-26,Colusa,011,21464,3787,3775,1279,5054,22
2022-09-26,Contra Costa,013,1133247,249608,248053,20669,268722,1424
2022-09-26,Del Norte,015,27424,7423,7403,404,7807,57
2022-09-26,El Dorado,017,186661,32269,32159,4290,36449,231
2022-09-26,Fresno,019,978130,274250,273381,30904,304285,2850
2022-09-26,Glenn,021,27897,5509,5494,1871,7365,48
2022-09-26,Humboldt,023,135768,21783,21641,5033,26674,156
2022-09-26,Imperial,025,180216,65443,65297,15783,81080,957
2022-09-26,Inyo,027,18085,4485,4481,988,5469,59
2022-09-26,Kern,029,883053,218997,218413,63115,281528,2408
2022-09-26,Kings,031,150075,59416,59288,4083,63371,456
2022-09-26,Lake,033,64148,12767,12731,1205,13936,146
2022-09-26,Lassen,035,31185,9961,9947,992,10939,65
2022-09-26,Los Angeles,037,10098052,3274351,3263510,180502,3444012,33258
2022-09-26,Madera,039,155013,43978,43910,8268,52178,374
2022-09-26,Marin,041,260295,45049,44823,5306,50129,310
2022-09-26,Mariposa,043,17540,3083,3074,362,3436,31
2022-09-26,Mendocino,045,87422,15960,15911,4503,20414,136
2022-09-26,Merced,047,269075,72176,71875,11780,83655,862
2022-09-26,Modoc,049,8938,874,872,324,1196,11
2022-09-26,Mono,051,14174,3201,3198,257,3455,7
2022-09-26,Monterey,053,433212,94023,93829,21056,114885,766
2022-09-26,Napa,055,140530,32183,32094,1427,33521,160
2022-09-26,Nevada,057,99092,18946,18861,1847,20708,132
2022-09-26,Orange,059,3164182,666211,664263,61809,726072,7425
2022-09-26,Placer,061,380077,75635,75381,9463,84844,660
2022-09-26,Plumas,063,18699,3659,3632,432,4064,13
2022-09-26,Riverside,065,2383286,694627,693038,35328,728366,6610
2022-09-26,Sacramento,067,1510023,346094,344748,33813,378561,3282
2022-09-26,San Benito,069,59416,16167,16114,973,17087,106
2022-09-26,San Bernardino,071,2135413,670166,667124,30965,698089,8097
2022-09-26,San Diego,073,3302833,923038,920118,71881,991999,5487
2022-09-26,San Francisco,075,870044,178481,176887,12089,188976,1031
2022-09-26,San Joaquin,077,732212,197126,196573,14466,211039,2306
2022-09-26,San Luis Obispo,079,281455,63106,62950,7199,70149,522
2022-09-26,San Mateo,081,765935,168024,167123,10655,177778,736
2022-09-26,Santa Barbara,083,443738,105522,105185,6920,112105,720
2022-09-26,Santa Clara,085,1922200,431236,429334,18908,448242,2486
2022-09-26,Santa Cruz,087,273765,62957,62704,3447,66151,274
2022-09-26,Shasta,089,179085,34874,34762,7465,42227,592
2022-09-26,Sierra,091,2930,304,303,60,363,5
2022-09-26,Siskiyou,093,43540,5266,5243,3317,8560,90
2022-09-26,Solano,095,438530,104814,104383,7780,112163,463
2022-09-26,Sonoma,097,501317,106680,106322,5329,111651,519
2022-09-26,Stanislaus,099,539301,137661,137340,21560,158900,1752
2022-09-26,Sutter,101,95872,24271,24198,2473,26671,232
2022-09-26,Tehama,103,63373,13590,13528,3087,16615,210
2022-09-26,Trinity,105,12862,1394,1390,388,1778,20
2022-09-26,Tulare,107,460477,121659,121446,36419,157865,1530
2022-09-26,Tuolumne,109,53932,15543,15469,932,16401,196
2022-09-26,Ventura,111,848112,208315,207684,15835,223519,1566
2022-09-26,Yolo,113,214977,47323,47147,4411,51558,335
2022-09-26,Yuba,115,75493,18881,18834,1709,20543,129
2022-09-25,Alameda,001,1643700,346485,345351,19771,365122,2012
2022-09-25,Alpine,003,1148,134,134,1,135,0
2022-09-25,Amador,005,37829,9984,9954,923,10877,90
2022-09-25,Butte,007,227075,39389,39282,9046,48328,453
2022-09-25,Calaveras,009,45235,8493,8475,550,9025,133
2022-09-25,Colusa,011,21464,3787,3775,1273,5048,22
2022-09-25,Contra Costa,013,1133247,249468,248053,20660,268713,1424
2022-09-25,Del Norte,015,27424,7418,7403,404,7807,57
2022-09-25,El Dorado,017,186661,32259,32159,4288,36447,231
2022-09-25,Fresno,019,978130,274147,273381,30889,304270,2850
2022-09-25,Glenn,021,27897,5509,5494,1871,7365,48
2022-09-25,Humboldt,023,135768,21775,21641,5028,26669,156
2022-09-25,Imperial,025,180216,65425,65297,15775,81072,957
2022-09-25,Inyo,027,18085,4482,4481,987,5468,59
2022-09-25,Kern,029,883053,218941,218413,63049,281462,2408
2022-09-25,Kings,031,150075,59395,59288,4082,63370,456
2022-09-25,Lake,033,64148,12762,12731,1203,13934,146
2022-09-25,Lassen,035,31185,9960,9947,992,10939,65
2022-09-25,Los Angeles,037,10098052,3273064,3263510,180331,3443841,33258
2022-09-25,Madera,039,155013,43964,43910,8265,52175,374
2022-09-25,Marin,041,260295,45011,44823,5306,50129,310
2022-09-25,Mariposa,043,17540,3083,3074,362,3436,31
2022-09-25,Mendocino,045,87422,15952,15911,4497,20408,136
2022-09-25,Merced,047,269075,72154,71875,11775,83650,862
2022-09-25,Modoc,049,8938,874,872,324,1196,11
2022-09-25,Mono,051,14174,3201,3198,255,3453,7
2022-09-25,Monterey,053,433212,94008,93829,21048,114877,766
2022-09-25,Napa,055,140530,32164,32094,1427,33521,160
2022-09-25,Nevada,057,99092,18936,18861,1846,20707,132
2022-09-25,Orange,059,3164182,665922,664263,61769,726032,7425
2022-09-25,Placer,061,380077,75604,75381,9454,84835,660
2022-09-25,Plumas,063,18699,3653,3632,432,4064,13
2022-09-25,Riverside,065,2383286,694429,693038,35313,728351,6610
2022-09-25,Sacramento,067,1510023,345949,344748,33783,378531,3282
2022-09-25,San Benito,069,59416,16156,16114,973,17087,106
2022-09-25,San Bernardino,071,2135413,669945,667124,30948,698072,8097
2022-09-25,San Diego,073,3302833,922606,920118,71844,991962,5487
2022-09-25,San Francisco,075,870044,178368,176887,12084,188971,1031
2022-09-25,San Joaquin,077,732212,197042,196573,14458,211031,2306
2022-09-25,San Luis Obispo,079,281455,63073,62950,7191,70141,522
2022-09-25,San Mateo,081,765935,167907,167123,10649,177772,736
2022-09-25,Santa Barbara,083,443738,105472,105185,6919,112104,720
2022-09-25,Santa Clara,085,1922200,431004,429334,18900,448234,2486
2022-09-25,Santa Cruz,087,273765,62911,62704,3444,66148,274
2022-09-25,Shasta,089,179085,34865,34762,7460,42222,592
2022-09-25,Sierra,091,2930,304,303,60,363,5
2022-09-25,Siskiyou,093,43540,5264,5243,3316,8559,90
2022-09-25,Solano,095,438530,104750,104383,7777,112160,463
2022-09-25,Sonoma,097,501317,106629,106322,5326,111648,519
2022-09-25,Stanislaus,099,539301,137610,137340,21557,158897,1752
2022-09-25,Sutter,101,95872,24256,24198,2472,26670,232
2022-09-25,Tehama,103,63373,13585,13528,3087,16615,210
2022-09-25,Trinity,105,12862,1394,1390,388,1778,20
2022-09-25,Tulare,107,460477,121633,121446,36408,157854,1530
2022-09-25,Tuolumne,109,53932,15539,15469,931,16400,196
2022-09-25,Ventura,111,848112,208221,207684,15822,223506,1566
2022-09-25,Yolo,113,214977,47296,47147,4409,51556,335
2022-09-25,Yuba,115,75493,18878,18834,1709,20543,129
2022-09-24,Alameda,001,1643700,346377,345351,19766,365117,2012
2022-09-24,Alpine,003,1148,134,134,1,135,0
2022-09-24,Amador,005,37829,9982,9954,923,10877,90
2022-09-24,Butte,007,227075,39385,39282,9044,48326,453
2022-09-24,Calaveras,009,45235,8491,8475,550,9025,133
2022-09-24,Colusa,011,21464,3786,3775,1272,5047,22
2022-09-24,Contra Costa,013,1133247,249391,248053,20657,268710,1424
2022-09-24,Del Norte,015,27424,7415,7403,404,7807,57
2022-09-24,El Dorado,017,186661,32251,32159,4283,36442,231
2022-09-24,Fresno,019,978130,274110,273381,30887,304268,2850
2022-09-24,Glenn,021,27897,5508,5494,1871,7365,48
2022-09-24,Humboldt,023,135768,21765,21641,5027,26668,156
2022-09-24,Imperial,025,180216,65411,65297,15770,81067,957
2022-09-24,Inyo,027,18085,4482,4481,987,5468,59
2022-09-24,Kern,029,883053,218916,218413,63016,281429,2408
2022-09-24,Kings,031,150075,59384,59288,4082,63370,456
2022-09-24,Lake,033,64148,12760,12731,1203,13934,146
2022-09-24,Lassen,035,31185,9959,9947,992,10939,65
2022-09-24,Los Angeles,037,10098052,3272499,3263510,180209,3443719,33258
2022-09-24,Madera,039,155013,43961,43910,8263,52173,374
2022-09-24,Marin,041,260295,44997,44823,5306,50129,310
2022-09-24,Mariposa,043,17540,3081,3074,362,3436,31
2022-09-24,Mendocino,045,87422,15950,15911,4494,20405,136
2022-09-24,Merced,047,269075,72139,71875,11775,83650,862
2022-09-24,Modoc,049,8938,874,872,323,1195,11
2022-09-24,Mono,051,14174,3201,3198,255,3453,7
2022-09-24,Monterey,053,433212,94003,93829,21044,114873,766
2022-09-24,Napa,055,140530,32157,32094,1427,33521,160
2022-09-24,Nevada,057,99092,18932,18861,1846,20707,132
2022-09-24,Orange,059,3164182,665772,664263,61718,725981,7425
2022-09-24,Placer,061,380077,75587,75381,9450,84831,660
2022-09-24,Plumas,063,18699,3650,3632,432,4064,13
2022-09-24,Riverside,065,2383286,694308,693038,35306,728344,6610
2022-09-24,Sacramento,067,1510023,345881,344748,33776,378524,3282
2022-09-24,San Benito,069,59416,16149,16114,972,17086,106
2022-09-24,San Bernardino,071,2135413,669836,667124,30944,698068,8097
2022-09-24,San Diego,073,3302833,922412,920118,71830,991948,5487
2022-09-24,San Francisco,075,870044,178289,176887,12080,188967,1031
2022-09-24,San Joaquin,077,732212,197017,196573,14455,211028,2306
2022-09-24,San Luis Obispo,079,281455,63061,62950,7190,70140,522
2022-09-24,San Mateo,081,765935,167842,167123,10639,177762,736
2022-09-24,Santa Barbara,083,443738,105451,105185,6917,112102,720
2022-09-24,Santa Clara,085,1922200,430856,429334,18894,448228,2486
2022-09-24,Santa Cruz,087,273765,62896,62704,3441,66145,274
2022-09-24,Shasta,089,179085,34860,34762,7460,42222,592
2022-09-24,Sierra,091,2930,304,303,60,363,5
2022-09-24,Siskiyou,093,43540,5261,5243,3316,8559,90
2022-09-24,Solano,095,438530,104732,104383,7776,112159,463
2022-09-24,Sonoma,097,501317,106600,106322,5323,111645,519
2022-09-24,Stanislaus,099,539301,137588,137340,21549,158889,1752
2022-09-24,Sutter,101,95872,24249,24198,2472,26670,232
2022-09-24,Tehama,103,63373,13578,13528,3086,16614,210
2022-09-24,Trinity,105,12862,1394,1390,388,1778,20
2022-09-24,Tulare,107,460477,121616,121446,36395,157841,1530
2022-09-24,Tuolumne,109,53932,15533,15469,931,16400,196
2022-09-24,Ventura,111,848112,208178,207684,15816,223500,1566
2022-09-24,Yolo,113,214977,47281,47147,4409,51556,335
2022-09-24,Yuba,115,75493,18872,18834,1708,20542,129
2022-09-23,Alameda,001,1643700,346241,345351,19756,365107,2012
2022-09-23,Alpine,003,1148,134,134,1,135,0
2022-09-23,Amador,005,37829,9979,9954,923,10877,90
2022-09-23,Butte,007,227075,39379,39282,9040,48322,453
2022-09-23,Calaveras,009,45235,8490,8475,550,9025,133
2022-09-23,Colusa,011,21464,3786,3775,1272,5047,22
2022-09-23,Contra Costa,013,1133247,249318,248053,20653,268706,1424
2022-09-23,Del Norte,015,27424,7412,7403,404,7807,57
2022-09-23,El Dorado,017,186661,32239,32159,4281,36440,231
2022-09-23,Fresno,019,978130,274061,273381,30884,304265,2850
2022-09-23,Glenn,021,27897,5506,5494,1870,7364,48
2022-09-23,Humboldt,023,135768,21748,21641,5020,26661,156
2022-09-23,Imperial,025,180216,65401,65297,15764,81061,957
2022-09-23,Inyo,027,18085,4482,4481,983,5464,59
2022-09-23,Kern,029,883053,218888,218413,62991,281404,2408
2022-09-23,Kings,031,150075,59377,59288,4081,63369,456
2022-09-23,Lake,033,64148,12760,12731,1203,13934,146
2022-09-23,Lassen,035,31185,9957,9947,992,10939,65
2022-09-23,Los Angeles,037,10098052,3271828,3263510,180135,3443645,33258
2022-09-23,Madera,039,155013,43952,43910,8262,52172,374
2022-09-23,Marin,041,260295,44976,44823,5304,50127,310
2022-09-23,Mariposa,043,17540,3081,3074,361,3435,31
2022-09-23,Mendocino,045,87422,15948,15911,4494,20405,136
2022-09-23,Merced,047,269075,72131,71875,11774,83649,862
2022-09-23,Modoc,049,8938,874,872,323,1195,11
2022-09-23,Mono,051,14174,3201,3198,255,3453,7
2022-09-23,Monterey,053,433212,93995,93829,21038,114867,766
2022-09-23,Napa,055,140530,32149,32094,1427,33521,160
2022-09-23,Nevada,057,99092,18930,18861,1845,20706,132
2022-09-23,Orange,059,3164182,665606,664263,61687,725950,7425
2022-09-23,Placer,061,380077,75567,75381,9445,84826,660
2022-09-23,Plumas,063,18699,3646,3632,432,4064,13
2022-09-23,Riverside,065,2383286,694182,693038,35298,728336,6610
2022-09-23,Sacramento,067,1510023,345810,344748,33772,378520,3282
2022-09-23,San Benito,069,59416,16149,16114,972,17086,106
2022-09-23,San Bernardino,071,2135413,669708,667124,30938,698062,8097
2022-09-23,San Diego,073,3302833,922182,920118,71793,991911,5487
2022-09-23,San Francisco,075,870044,178215,176887,12075,188962,1031
2022-09-23,San Joaquin,077,732212,196983,196573,14448,211021,2306
2022-09-23,San Luis Obispo,079,281455,63052,62950,7189,70139,522
2022-09-23,San Mateo,081,765935,167774,167123,10637,177760,736
2022-09-23,Santa Barbara,083,443738,105427,105185,6917,112102,720
2022-09-23,Santa Clara,085,1922200,430695,429334,18885,448219,2486
2022-09-23,Santa Cruz,087,273765,62880,62704,3441,66145,274
2022-09-23,Shasta,089,179085,34856,34762,7456,42218,592
2022-09-23,Sierra,091,2930,304,303,60,363,5
2022-09-23,Siskiyou,093,43540,5259,5243,3316,8559,90
2022-09-23,Solano,095,438530,104703,104383,7774,112157,463
2022-09-23,Sonoma,097,501317,106572,106322,5322,111644,519
2022-09-23,Stanislaus,099,539301,137564,137340,21546,158886,1752
2022-09-23,Sutter,101,95872,24241,24198,2472,26670,232
2022-09-23,Tehama,103,63373,13575,13528,3085,16613,210
2022-09-23,Trinity,105,12862,1393,1390,388,1778,20
2022-09-23,Tulare,107,460477,121598,121446,36384,157830,1530
2022-09-23,Tuolumne,109,53932,15527,15469,931,16400,196
2022-09-23,Ventura,111,848112,208122,207684,15810,223494,1566
2022-09-23,Yolo,113,214977,47265,47147,4407,51554,335
2022-09-23,Yuba,115,75493,18870,18834,1708,20542,129
2022-09-22,Alameda,001,1643700,346078,345351,19750,365101,2012
2022-09-22,Alpine,003,1148,134,134,1,135,0
2022-09-22,Amador,005,37829,9975,9954,923,10877,90
2022-09-22,Butte,007,227075,39368,39282,9035,48317,453
2022-09-22,Calaveras,009,45235,8488,8475,544,9019,133
2022-09-22,Colusa,011,21464,3784,3775,1272,5047,22
2022-09-22,Contra Costa,013,1133247,249203,248053,20641,268694,1424
2022-09-22,Del Norte,015,27424,7411,7403,404,7807,57
2022-09-22,El Dorado,017,186661,32229,32159,4277,36436,231
2022-09-22,Fresno,019,978130,273982,273381,30873,304254,2850
2022-09-22,Glenn,021,27897,5505,5494,1870,7364,48
2022-09-22,Humboldt,023,135768,21735,21641,5017,26658,156
2022-09-22,Imperial,025,180216,65390,65297,15752,81049,957
2022-09-22,Inyo,027,18085,4482,4481,982,5463,59
2022-09-22,Kern,029,883053,218846,218413,62953,281366,2408
2022-09-22,Kings,031,150075,59363,59288,4081,63369,456
2022-09-22,Lake,033,64148,12757,12731,1202,13933,146
2022-09-22,Lassen,035,31185,9956,9947,992,10939,65
2022-09-22,Los Angeles,037,10098052,3270901,3263510,179997,3443507,33258
2022-09-22,Madera,039,155013,43946,43910,8260,52170,374
2022-09-22,Marin,041,260295,44961,44823,5302,50125,310
2022-09-22,Mariposa,043,17540,3080,3074,361,3435,31
2022-09-22,Mendocino,045,87422,15943,15911,4494,20405,136
2022-09-22,Merced,047,269075,72113,71875,11770,83645,862
2022-09-22,Modoc,049,8938,874,872,323,1195,11
2022-09-22,Mono,051,14174,3200,3198,254,3452,7
2022-09-22,Monterey,053,433212,93976,93829,21029,114858,766
2022-09-22,Napa,055,140530,32132,32094,1425,33519,160
2022-09-22,Nevada,057,99092,18925,18861,1844,20705,132
2022-09-22,Orange,059,3164182,665390,664263,61639,725902,7425
2022-09-22,Placer,061,380077,75540,75381,9443,84824,660
2022-09-22,Plumas,063,18699,3644,3632,432,4064,13
2022-09-22,Riverside,065,2383286,694014,693038,35292,728330,6610
2022-09-22,Sacramento,067,1510023,345661,344748,33757,378505,3282
2022-09-22,San Benito,069,59416,16149,16114,971,17085,106
2022-09-22,San Bernardino,071,2135413,669569,667124,30925,698049,8097
2022-09-22,San Diego,073,3302833,921829,920118,71752,991870,5487
2022-09-22,San Francisco,075,870044,178116,176887,12069,188956,1031
2022-09-22,San Joaquin,077,732212,196938,196573,14442,211015,2306
2022-09-22,San Luis Obispo,079,281455,63035,62950,7187,70137,522
2022-09-22,San Mateo,081,765935,167711,167123,10635,177758,736
2022-09-22,Santa Barbara,083,443738,105398,105185,6914,112099,720
2022-09-22,Santa Clara,085,1922200,430522,429334,18873,448207,2486
2022-09-22,Santa Cruz,087,273765,62839,62704,3436,66140,274
2022-09-22,Shasta,089,179085,34845,34762,7448,42210,592
2022-09-22,Sierra,091,2930,304,303,60,363,5
2022-09-22,Siskiyou,093,43540,5258,5243,3315,8558,90
2022-09-22,Solano,095,438530,104645,104383,7770,112153,463
2022-09-22,Sonoma,097,501317,106538,106322,5320,111642,519
2022-09-22,Stanislaus,099,539301,137530,137340,21542,158882,1752
2022-09-22,Sutter,101,95872,24230,24198,2472,26670,232
2022-09-22,Tehama,103,63373,13571,13528,3082,16610,210
2022-09-22,Trinity,105,12862,1391,1390,388,1778,20
2022-09-22,Tulare,107,460477,121580,121446,36372,157818,1530
2022-09-22,Tuolumne,109,53932,15520,15469,930,16399,196
2022-09-22,Ventura,111,848112,208040,207684,15802,223486,1566
2022-09-22,Yolo,113,214977,47249,47147,4403,51550,335
2022-09-22,Yuba,115,75493,18863,18834,1706,20540,129
2022-09-21,Alameda,001,1643700,345916,345351,19736,365087,2012
2022-09-21,Alpine,003,1148,134,134,1,135,0
2022-09-21,Amador,005,37829,9974,9954,923,10877,90
2022-09-21,Butte,007,227075,39355,39282,9026,48308,453
2022-09-21,Calaveras,009,45235,8485,8475,543,9018,133
2022-09-21,Colusa,011,21464,3783,3775,1272,5047,22
2022-09-21,Contra Costa,013,1133247,249095,248053,20631,268684,1424
2022-09-21,Del Norte,015,27424,7410,7403,404,7807,57
2022-09-21,El Dorado,017,186661,32217,32159,4274,36433,231
2022-09-21,Fresno,019,978130,273905,273381,30867,304248,2850
2022-09-21,Glenn,021,27897,5504,5494,1869,7363,48
2022-09-21,Humboldt,023,135768,21720,21641,5013,26654,156
2022-09-21,Imperial,025,180216,65374,65297,15741,81038,957
2022-09-21,Inyo,027,18085,4482,4481,979,5460,59
2022-09-21,Kern,029,883053,218794,218413,62910,281323,2408
2022-09-21,Kings,031,150075,59347,59288,4081,63369,456
2022-09-21,Lake,033,64148,12751,12731,1200,13931,146
2022-09-21,Lassen,035,31185,9956,9947,992,10939,65
2022-09-21,Los Angeles,037,10098052,3269796,3263510,179848,3443358,33258
2022-09-21,Madera,039,155013,43932,43910,8260,52170,374
2022-09-21,Marin,041,260295,44937,44823,5302,50125,310
2022-09-21,Mariposa,043,17540,3080,3074,361,3435,31
2022-09-21,Mendocino,045,87422,15937,15911,4492,20403,136
2022-09-21,Merced,047,269075,72097,71875,11769,83644,862
2022-09-21,Modoc,049,8938,874,872,323,1195,11
2022-09-21,Mono,051,14174,3200,3198,254,3452,7
2022-09-21,Monterey,053,433212,93955,93829,21019,114848,766
2022-09-21,Napa,055,140530,32127,32094,1425,33519,160
2022-09-21,Nevada,057,99092,18916,18861,1844,20705,132
2022-09-21,Orange,059,3164182,665153,664263,61586,725849,7425
2022-09-21,Placer,061,380077,75508,75381,9438,84819,660
2022-09-21,Plumas,063,18699,3642,3632,432,4064,13
2022-09-21,Riverside,065,2383286,693840,693038,35274,728312,6610
2022-09-21,Sacramento,067,1510023,345508,344748,33744,378492,3282
2022-09-21,San Benito,069,59416,16137,16114,968,17082,106
2022-09-21,San Bernardino,071,2135413,669422,667124,30917,698041,8097
2022-09-21,San Diego,073,3302833,921464,920118,71705,991823,5487
2022-09-21,San Francisco,075,870044,178030,176887,12059,188946,1031
2022-09-21,San Joaquin,077,732212,196884,196573,14439,211012,2306
2022-09-21,San Luis Obispo,079,281455,63018,62950,7179,70129,522
2022-09-21,San Mateo,081,765935,167638,167123,10634,177757,736
2022-09-21,Santa Barbara,083,443738,105355,105185,6911,112096,720
2022-09-21,Santa Clara,085,1922200,430339,429334,18865,448199,2486
2022-09-21,Santa Cruz,087,273765,62794,62704,3433,66137,274
2022-09-21,Shasta,089,179085,34839,34762,7443,42205,592
2022-09-21,Sierra,091,2930,303,303,60,363,5
2022-09-21,Siskiyou,093,43540,5255,5243,3314,8557,90
2022-09-21,Solano,095,438530,104601,104383,7767,112150,463
2022-09-21,Sonoma,097,501317,106504,106322,5314,111636,519
2022-09-21,Stanislaus,099,539301,137496,137340,21533,158873,1752
2022-09-21,Sutter,101,95872,24220,24198,2472,26670,232
2022-09-21,Tehama,103,63373,13566,13528,3081,16609,210
2022-09-21,Trinity,105,12862,1391,1390,388,1778,20
2022-09-21,Tulare,107,460477,121552,121446,36360,157806,1530
2022-09-21,Tuolumne,109,53932,15517,15469,927,16396,196
2022-09-21,Ventura,111,848112,207969,207684,15793,223477,1566
2022-09-21,Yolo,113,214977,47231,47147,4397,51544,335
2022-09-21,Yuba,115,75493,18856,18834,1706,20540,129
2022-09-20,Alameda,001,1643700,345767,345351,19721,365072,2012
2022-09-20,Alpine,003,1148,134,134,1,135,0
2022-09-20,Amador,005,37829,9966,9954,923,10877,90
2022-09-20,Butte,007,227075,39340,39282,9017,48299,453
2022-09-20,Calaveras,009,45235,8483,8475,543,9018,133
2022-09-20,Colusa,011,21464,3783,3775,1272,5047,22
2022-09-20,Contra Costa,013,1133247,248977,248053,20614,268667,1424
2022-09-20,Del Norte,015,27424,7405,7403,404,7807,57
2022-09-20,El Dorado,017,186661,32203,32159,4271,36430,231
2022-09-20,Fresno,019,978130,273832,273381,30853,304234,2850
2022-09-20,Glenn,021,27897,5503,5494,1868,7362,48
2022-09-20,Humboldt,023,135768,21708,21641,5010,26651,156
2022-09-20,Imperial,025,180216,65351,65297,15730,81027,957
2022-09-20,Inyo,027,18085,4481,4481,976,5457,59
2022-09-20,Kern,029,883053,218743,218413,62872,281285,2408
2022-09-20,Kings,031,150075,59325,59288,4080,63368,456
2022-09-20,Lake,033,64148,12749,12731,1200,13931,146
2022-09-20,Lassen,035,31185,9953,9947,992,10939,65
2022-09-20,Los Angeles,037,10098052,3268698,3263510,179708,3443218,33258
2022-09-20,Madera,039,155013,43923,43910,8256,52166,374
2022-09-20,Marin,041,260295,44913,44823,5296,50119,310
2022-09-20,Mariposa,043,17540,3080,3074,361,3435,31
2022-09-20,Mendocino,045,87422,15933,15911,4490,20401,136
2022-09-20,Merced,047,269075,72073,71875,11764,83639,862
2022-09-20,Modoc,049,8938,874,872,323,1195,11
2022-09-20,Mono,051,14174,3200,3198,254,3452,7
2022-09-20,Monterey,053,433212,93936,93829,21011,114840,766
2022-09-20,Napa,055,140530,32117,32094,1424,33518,160
2022-09-20,Nevada,057,99092,18911,18861,1844,20705,132
2022-09-20,Orange,059,3164182,664853,664263,61543,725806,7425
2022-09-20,Placer,061,380077,75480,75381,9433,84814,660
2022-09-20,Plumas,063,18699,3640,3632,432,4064,13
2022-09-20,Riverside,065,2383286,693649,693038,35246,728284,6610
2022-09-20,Sacramento,067,1510023,345357,344748,33724,378472,3282
2022-09-20,San Benito,069,59416,16131,16114,968,17082,106
2022-09-20,San Bernardino,071,2135413,669220,667124,30902,698026,8097
2022-09-20,San Diego,073,3302833,921070,920118,71646,991764,5487
2022-09-20,San Francisco,075,870044,177937,176887,12053,188940,1031
2022-09-20,San Joaquin,077,732212,196825,196573,14436,211009,2306
2022-09-20,San Luis Obispo,079,281455,63003,62950,7169,70119,522
2022-09-20,San Mateo,081,765935,167557,167123,10630,177753,736
2022-09-20,Santa Barbara,083,443738,105319,105185,6905,112090,720
2022-09-20,Santa Clara,085,1922200,430136,429334,18856,448190,2486
2022-09-20,Santa Cruz,087,273765,62773,62704,3429,66133,274
2022-09-20,Shasta,089,179085,34828,34762,7439,42201,592
2022-09-20,Sierra,091,2930,303,303,60,363,5
2022-09-20,Siskiyou,093,43540,5251,5243,3314,8557,90
2022-09-20,Solano,095,438530,104558,104383,7763,112146,463
2022-09-20,Sonoma,097,501317,106452,106322,5311,111633,519
2022-09-20,Stanislaus,099,539301,137456,137340,21525,158865,1752
2022-09-20,Sutter,101,95872,24216,24198,2472,26670,232
2022-09-20,Tehama,103,63373,13564,13528,3081,16609,210
2022-09-20,Trinity,105,12862,1391,1390,388,1778,20
2022-09-20,Tulare,107,460477,121534,121446,36335,157781,1530
2022-09-20,Tuolumne,109,53932,15512,15469,926,16395,196
2022-09-20,Ventura,111,848112,207889,207684,15787,223471,1566
2022-09-20,Yolo,113,214977,47211,47147,4393,51540,335
2022-09-20,Yuba,115,75493,18852,18834,1706,20540,129
2022-09-19,Alameda,001,1643700,345604,344045,19704,363749,2007
2022-09-19,Alpine,003,1148,134,134,1,135,0
2022-09-19,Amador,005,37829,9962,9908,923,10831,90
2022-09-19,Butte,007,227075,39330,39155,9009,48164,453
2022-09-19,Calaveras,009,45235,8478,8455,542,8997,133
2022-09-19,Colusa,011,21464,3781,3765,1272,5037,22
2022-09-19,Contra Costa,013,1133247,248880,247095,20592,267687,1423
2022-09-19,Del Norte,015,27424,7402,7381,404,7785,56
2022-09-19,El Dorado,017,186661,32194,32088,4268,36356,231
2022-09-19,Fresno,019,978130,273742,272774,30845,303619,2839
2022-09-19,Glenn,021,27897,5502,5481,1867,7348,48
2022-09-19,Humboldt,023,135768,21695,21561,5005,26566,155
2022-09-19,Imperial,025,180216,65333,65099,15714,80813,956
2022-09-19,Inyo,027,18085,4480,4472,974,5446,59
2022-09-19,Kern,029,883053,218681,217694,62812,280506,2405
2022-09-19,Kings,031,150075,59312,59122,4079,63201,456
2022-09-19,Lake,033,64148,12744,12696,1199,13895,144
2022-09-19,Lassen,035,31185,9948,9938,992,10930,65
2022-09-19,Los Angeles,037,10098052,3267415,3253906,179542,3433448,33160
2022-09-19,Madera,039,155013,43899,43782,8250,52032,373
2022-09-19,Marin,041,260295,44888,44702,5292,49994,309
2022-09-19,Mariposa,043,17540,3080,3064,361,3425,31
2022-09-19,Mendocino,045,87422,15927,15872,4487,20359,136
2022-09-19,Merced,047,269075,72057,71732,11760,83492,862
2022-09-19,Modoc,049,8938,874,872,323,1195,11
2022-09-19,Mono,051,14174,3200,3191,254,3445,7
2022-09-19,Monterey,053,433212,93906,93692,20998,114690,762
2022-09-19,Napa,055,140530,32102,31979,1423,33402,160
2022-09-19,Nevada,057,99092,18905,18824,1842,20666,132
2022-09-19,Orange,059,3164182,664580,662784,61488,724272,7398
2022-09-19,Placer,061,380077,75459,75159,9430,84589,660
2022-09-19,Plumas,063,18699,3638,3609,432,4041,13
2022-09-19,Riverside,065,2383286,693423,691630,35232,726862,6608
2022-09-19,Sacramento,067,1510023,345209,343926,33704,377630,3267
2022-09-19,San Benito,069,59416,16121,16057,968,17025,106
2022-09-19,San Bernardino,071,2135413,669002,664360,30884,695244,8074
2022-09-19,San Diego,073,3302833,920662,917229,71554,988783,5479
2022-09-19,San Francisco,075,870044,177848,176724,12044,188768,1025
2022-09-19,San Joaquin,077,732212,196732,196128,14431,210559,2304
2022-09-19,San Luis Obispo,079,281455,62984,62716,7160,69876,520
2022-09-19,San Mateo,081,765935,167462,166572,10624,177196,735
2022-09-19,Santa Barbara,083,443738,105279,104912,6898,111810,718
2022-09-19,Santa Clara,085,1922200,429913,428065,18840,446905,2473
2022-09-19,Santa Cruz,087,273765,62743,62480,3425,65905,274
2022-09-19,Shasta,089,179085,34809,34648,7433,42081,591
2022-09-19,Sierra,091,2930,303,303,60,363,5
2022-09-19,Siskiyou,093,43540,5249,5226,3312,8538,90
2022-09-19,Solano,095,438530,104520,104085,7761,111846,462
2022-09-19,Sonoma,097,501317,106391,106028,5311,111339,518
2022-09-19,Stanislaus,099,539301,137412,136981,21515,158496,1727
2022-09-19,Sutter,101,95872,24202,24119,2472,26591,232
2022-09-19,Tehama,103,63373,13559,13503,3081,16584,210
2022-09-19,Trinity,105,12862,1391,1385,388,1773,20
2022-09-19,Tulare,107,460477,121508,121230,36314,157544,1531
2022-09-19,Tuolumne,109,53932,15506,15411,926,16337,196
2022-09-19,Ventura,111,848112,207803,207049,15775,222824,1563
2022-09-19,Yolo,113,214977,47197,47085,4392,51477,334
2022-09-19,Yuba,115,75493,18842,18764,1700,20464,129
2022-09-18,Alameda,001,1643700,345405,344045,19690,363735,2007
2022-09-18,Alpine,003,1148,134,134,1,135,0
2022-09-18,Amador,005,37829,9956,9908,923,10831,90
2022-09-18,Butte,007,227075,39315,39155,8998,48153,453
2022-09-18,Calaveras,009,45235,8472,8455,539,8994,133
2022-09-18,Colusa,011,21464,3780,3765,1272,5037,22
2022-09-18,Contra Costa,013,1133247,248731,247095,20576,267671,1423
2022-09-18,Del Norte,015,27424,7396,7381,404,7785,56
2022-09-18,El Dorado,017,186661,32180,32088,4265,36353,231
2022-09-18,Fresno,019,978130,273651,272774,30823,303597,2839
2022-09-18,Glenn,021,27897,5497,5481,1867,7348,48
2022-09-18,Humboldt,023,135768,21682,21561,4995,26556,155
2022-09-18,Imperial,025,180216,65314,65099,15692,80791,956
2022-09-18,Inyo,027,18085,4478,4472,973,5445,59
2022-09-18,Kern,029,883053,218609,217694,62740,280434,2405
2022-09-18,Kings,031,150075,59294,59122,4075,63197,456
2022-09-18,Lake,033,64148,12738,12696,1196,13892,144
2022-09-18,Lassen,035,31185,9944,9938,992,10930,65
2022-09-18,Los Angeles,037,10098052,3265947,3253906,179383,3433289,33160
2022-09-18,Madera,039,155013,43877,43782,8245,52027,373
2022-09-18,Marin,041,260295,44865,44702,5288,49990,309
2022-09-18,Mariposa,043,17540,3079,3064,361,3425,31
2022-09-18,Mendocino,045,87422,15923,15872,4482,20354,136
2022-09-18,Merced,047,269075,72032,71732,11752,83484,862
2022-09-18,Modoc,049,8938,873,872,323,1195,11
2022-09-18,Mono,051,14174,3200,3191,253,3444,7
2022-09-18,Monterey,053,433212,93878,93692,20981,114673,762
2022-09-18,Napa,055,140530,32089,31979,1421,33400,160
2022-09-18,Nevada,057,99092,18894,18824,1841,20665,132
2022-09-18,Orange,059,3164182,664309,662784,61414,724198,7398
2022-09-18,Placer,061,380077,75424,75159,9422,84581,660
2022-09-18,Plumas,063,18699,3632,3609,432,4041,13
2022-09-18,Riverside,065,2383286,693195,691630,35202,726832,6608
2022-09-18,Sacramento,067,1510023,345023,343926,33672,377598,3267
2022-09-18,San Benito,069,59416,16115,16057,965,17022,106
2022-09-18,San Bernardino,071,2135413,668769,664360,30862,695222,8074
2022-09-18,San Diego,073,3302833,920187,917229,71503,988732,5479
2022-09-18,San Francisco,075,870044,177719,176724,12038,188762,1025
2022-09-18,San Joaquin,077,732212,196655,196128,14425,210553,2304
2022-09-18,San Luis Obispo,079,281455,62967,62716,7149,69865,520
2022-09-18,San Mateo,081,765935,167357,166572,10615,177187,735
2022-09-18,Santa Barbara,083,443738,105234,104912,6894,111806,718
2022-09-18,Santa Clara,085,1922200,429667,428065,18821,446886,2473
2022-09-18,Santa Cruz,087,273765,62713,62480,3420,65900,274
2022-09-18,Shasta,089,179085,34791,34648,7420,42068,591
2022-09-18,Sierra,091,2930,303,303,60,363,5
2022-09-18,Siskiyou,093,43540,5246,5226,3310,8536,90
2022-09-18,Solano,095,438530,104465,104085,7752,111837,462
2022-09-18,Sonoma,097,501317,106338,106028,5307,111335,518
2022-09-18,Stanislaus,099,539301,137360,136981,21503,158484,1727
2022-09-18,Sutter,101,95872,24188,24119,2472,26591,232
2022-09-18,Tehama,103,63373,13550,13503,3079,16582,210
2022-09-18,Trinity,105,12862,1391,1385,385,1770,20
2022-09-18,Tulare,107,460477,121463,121230,36283,157513,1531
2022-09-18,Tuolumne,109,53932,15497,15411,924,16335,196
2022-09-18,Ventura,111,848112,207697,207049,15760,222809,1563
2022-09-18,Yolo,113,214977,47184,47085,4389,51474,334
2022-09-18,Yuba,115,75493,18830,18764,1700,20464,129
2022-09-17,Alameda,001,1643700,345289,344045,19686,363731,2007
2022-09-17,Alpine,003,1148,134,134,1,135,0
2022-09-17,Amador,005,37829,9954,9908,923,10831,90
2022-09-17,Butte,007,227075,39304,39155,8993,48148,453
2022-09-17,Calaveras,009,45235,8468,8455,537,8992,133
2022-09-17,Colusa,011,21464,3776,3765,1272,5037,22
2022-09-17,Contra Costa,013,1133247,248648,247095,20571,267666,1423
2022-09-17,Del Norte,015,27424,7395,7381,404,7785,56
2022-09-17,El Dorado,017,186661,32175,32088,4263,36351,231
2022-09-17,Fresno,019,978130,273606,272774,30813,303587,2839
2022-09-17,Glenn,021,27897,5493,5481,1865,7346,48
2022-09-17,Humboldt,023,135768,21674,21561,4989,26550,155
2022-09-17,Imperial,025,180216,65293,65099,15685,80784,956
2022-09-17,Inyo,027,18085,4478,4472,971,5443,59
2022-09-17,Kern,029,883053,218573,217694,62697,280391,2405
2022-09-17,Kings,031,150075,59283,59122,4073,63195,456
2022-09-17,Lake,033,64148,12737,12696,1196,13892,144
2022-09-17,Lassen,035,31185,9944,9938,992,10930,65
2022-09-17,Los Angeles,037,10098052,3265163,3253906,179242,3433148,33160
2022-09-17,Madera,039,155013,43870,43782,8245,52027,373
2022-09-17,Marin,041,260295,44849,44702,5284,49986,309
2022-09-17,Mariposa,043,17540,3078,3064,361,3425,31
2022-09-17,Mendocino,045,87422,15921,15872,4482,20354,136
2022-09-17,Merced,047,269075,72018,71732,11749,83481,862
2022-09-17,Modoc,049,8938,873,872,323,1195,11
2022-09-17,Mono,051,14174,3200,3191,253,3444,7
2022-09-17,Monterey,053,433212,93866,93692,20972,114664,762
2022-09-17,Napa,055,140530,32083,31979,1420,33399,160
2022-09-17,Nevada,057,99092,18886,18824,1838,20662,132
2022-09-17,Orange,059,3164182,664137,662784,61377,724161,7398
2022-09-17,Placer,061,380077,75389,75159,9415,84574,660
2022-09-17,Plumas,063,18699,3630,3609,432,4041,13
2022-09-17,Riverside,065,2383286,693060,691630,35183,726813,6608
2022-09-17,Sacramento,067,1510023,344949,343926,33654,377580,3267
2022-09-17,San Benito,069,59416,16109,16057,963,17020,106
2022-09-17,San Bernardino,071,2135413,668640,664360,30851,695211,8074
2022-09-17,San Diego,073,3302833,920018,917229,71481,988710,5479
2022-09-17,San Francisco,075,870044,177658,176724,12034,188758,1025
2022-09-17,San Joaquin,077,732212,196630,196128,14424,210552,2304
2022-09-17,San Luis Obispo,079,281455,62956,62716,7149,69865,520
2022-09-17,San Mateo,081,765935,167294,166572,10606,177178,735
2022-09-17,Santa Barbara,083,443738,105205,104912,6892,111804,718
2022-09-17,Santa Clara,085,1922200,429529,428065,18814,446879,2473
2022-09-17,Santa Cruz,087,273765,62705,62480,3420,65900,274
2022-09-17,Shasta,089,179085,34780,34648,7414,42062,591
2022-09-17,Sierra,091,2930,303,303,60,363,5
2022-09-17,Siskiyou,093,43540,5245,5226,3309,8535,90
2022-09-17,Solano,095,438530,104454,104085,7750,111835,462
2022-09-17,Sonoma,097,501317,106305,106028,5306,111334,518
2022-09-17,Stanislaus,099,539301,137337,136981,21495,158476,1727
2022-09-17,Sutter,101,95872,24182,24119,2472,26591,232
2022-09-17,Tehama,103,63373,13549,13503,3078,16581,210
2022-09-17,Trinity,105,12862,1391,1385,385,1770,20
2022-09-17,Tulare,107,460477,121446,121230,36270,157500,1531
2022-09-17,Tuolumne,109,53932,15492,15411,923,16334,196
2022-09-17,Ventura,111,848112,207653,207049,15749,222798,1563
2022-09-17,Yolo,113,214977,47175,47085,4385,51470,334
2022-09-17,Yuba,115,75493,18827,18764,1700,20464,129
2022-09-16,Alameda,001,1643700,345154,344045,19671,363716,2007
2022-09-16,Alpine,003,1148,134,134,1,135,0
2022-09-16,Amador,005,37829,9952,9908,923,10831,90
2022-09-16,Butte,007,227075,39288,39155,8989,48144,453
2022-09-16,Calaveras,009,45235,8465,8455,537,8992,133
2022-09-16,Colusa,011,21464,3775,3765,1272,5037,22
2022-09-16,Contra Costa,013,1133247,248566,247095,20565,267660,1423
2022-09-16,Del Norte,015,27424,7394,7381,404,7785,56
2022-09-16,El Dorado,017,186661,32169,32088,4261,36349,231
2022-09-16,Fresno,019,978130,273568,272774,30806,303580,2839
2022-09-16,Glenn,021,27897,5493,5481,1865,7346,48
2022-09-16,Humboldt,023,135768,21664,21561,4989,26550,155
2022-09-16,Imperial,025,180216,65280,65099,15679,80778,956
2022-09-16,Inyo,027,18085,4478,4472,969,5441,59
2022-09-16,Kern,029,883053,218534,217694,62674,280368,2405
2022-09-16,Kings,031,150075,59268,59122,4073,63195,456
2022-09-16,Lake,033,64148,12733,12696,1196,13892,144
2022-09-16,Lassen,035,31185,9943,9938,991,10929,65
2022-09-16,Los Angeles,037,10098052,3264295,3253906,179139,3433045,33160
2022-09-16,Madera,039,155013,43856,43782,8245,52027,373
2022-09-16,Marin,041,260295,44828,44702,5281,49983,309
2022-09-16,Mariposa,043,17540,3077,3064,361,3425,31
2022-09-16,Mendocino,045,87422,15916,15872,4481,20353,136
2022-09-16,Merced,047,269075,72004,71732,11747,83479,862
2022-09-16,Modoc,049,8938,873,872,323,1195,11
2022-09-16,Mono,051,14174,3200,3191,253,3444,7
2022-09-16,Monterey,053,433212,93852,93692,20969,114661,762
2022-09-16,Napa,055,140530,32071,31979,1418,33397,160
2022-09-16,Nevada,057,99092,18881,18824,1838,20662,132
2022-09-16,Orange,059,3164182,663978,662784,61322,724106,7398
2022-09-16,Placer,061,380077,75373,75159,9411,84570,660
2022-09-16,Plumas,063,18699,3628,3609,432,4041,13
2022-09-16,Riverside,065,2383286,692946,691630,35165,726795,6608
2022-09-16,Sacramento,067,1510023,344856,343926,33645,377571,3267
2022-09-16,San Benito,069,59416,16102,16057,963,17020,106
2022-09-16,San Bernardino,071,2135413,668499,664360,30838,695198,8074
2022-09-16,San Diego,073,3302833,919747,917229,71459,988688,5479
2022-09-16,San Francisco,075,870044,177600,176724,12028,188752,1025
2022-09-16,San Joaquin,077,732212,196594,196128,14422,210550,2304
2022-09-16,San Luis Obispo,079,281455,62940,62716,7148,69864,520
2022-09-16,San Mateo,081,765935,167226,166572,10601,177173,735
2022-09-16,Santa Barbara,083,443738,105180,104912,6890,111802,718
2022-09-16,Santa Clara,085,1922200,429388,428065,18804,446869,2473
2022-09-16,Santa Cruz,087,273765,62685,62480,3420,65900,274
2022-09-16,Shasta,089,179085,34775,34648,7410,42058,591
2022-09-16,Sierra,091,2930,303,303,60,363,5
2022-09-16,Siskiyou,093,43540,5243,5226,3309,8535,90
2022-09-16,Solano,095,438530,104430,104085,7747,111832,462
2022-09-16,Sonoma,097,501317,106274,106028,5306,111334,518
2022-09-16,Stanislaus,099,539301,137299,136981,21492,158473,1727
2022-09-16,Sutter,101,95872,24168,24119,2472,26591,232
2022-09-16,Tehama,103,63373,13547,13503,3077,16580,210
2022-09-16,Trinity,105,12862,1391,1385,385,1770,20
2022-09-16,Tulare,107,460477,121422,121230,36251,157481,1531
2022-09-16,Tuolumne,109,53932,15481,15411,923,16334,196
2022-09-16,Ventura,111,848112,207588,207049,15735,222784,1563
2022-09-16,Yolo,113,214977,47166,47085,4379,51464,334
2022-09-16,Yuba,115,75493,18818,18764,1700,20464,129
2022-09-15,Alameda,001,1643700,344982,344045,19658,363703,2007
2022-09-15,Alpine,003,1148,134,134,1,135,0
2022-09-15,Amador,005,37829,9948,9908,923,10831,90
2022-09-15,Butte,007,227075,39278,39155,8984,48139,453
2022-09-15,Calaveras,009,45235,8463,8455,534,8989,133
2022-09-15,Colusa,011,21464,3774,3765,1272,5037,22
2022-09-15,Contra Costa,013,1133247,248439,247095,20544,267639,1423
2022-09-15,Del Norte,015,27424,7391,7381,404,7785,56
2022-09-15,El Dorado,017,186661,32161,32088,4259,36347,231
2022-09-15,Fresno,019,978130,273468,272774,30795,303569,2839
2022-09-15,Glenn,021,27897,5493,5481,1864,7345,48
2022-09-15,Humboldt,023,135768,21647,21561,4981,26542,155
2022-09-15,Imperial,025,180216,65257,65099,15663,80762,956
2022-09-15,Inyo,027,18085,4478,4472,966,5438,59
2022-09-15,Kern,029,883053,218476,217694,62623,280317,2405
2022-09-15,Kings,031,150075,59251,59122,4073,63195,456
2022-09-15,Lake,033,64148,12730,12696,1195,13891,144
2022-09-15,Lassen,035,31185,9942,9938,991,10929,65
2022-09-15,Los Angeles,037,10098052,3263145,3253906,178981,3432887,33160
2022-09-15,Madera,039,155013,43845,43782,8242,52024,373
2022-09-15,Marin,041,260295,44810,44702,5278,49980,309
2022-09-15,Mariposa,043,17540,3076,3064,360,3424,31
2022-09-15,Mendocino,045,87422,15906,15872,4478,20350,136
2022-09-15,Merced,047,269075,71982,71732,11743,83475,862
2022-09-15,Modoc,049,8938,873,872,322,1194,11
2022-09-15,Mono,051,14174,3200,3191,251,3442,7
2022-09-15,Monterey,053,433212,93831,93692,20960,114652,762
2022-09-15,Napa,055,140530,32060,31979,1418,33397,160
2022-09-15,Nevada,057,99092,18874,18824,1835,20659,132
2022-09-15,Orange,059,3164182,663754,662784,61252,724036,7398
2022-09-15,Placer,061,380077,75335,75159,9406,84565,660
2022-09-15,Plumas,063,18699,3628,3609,432,4041,13
2022-09-15,Riverside,065,2383286,692779,691630,35147,726777,6608
2022-09-15,Sacramento,067,1510023,344704,343926,33616,377542,3267
2022-09-15,San Benito,069,59416,16096,16057,963,17020,106
2022-09-15,San Bernardino,071,2135413,668304,664360,30818,695178,8074
2022-09-15,San Diego,073,3302833,919393,917229,71421,988650,5479
2022-09-15,San Francisco,075,870044,177494,176724,12021,188745,1025
2022-09-15,San Joaquin,077,732212,196531,196128,14411,210539,2304
2022-09-15,San Luis Obispo,079,281455,62915,62716,7145,69861,520
2022-09-15,San Mateo,081,765935,167137,166572,10591,177163,735
2022-09-15,Santa Barbara,083,443738,105143,104912,6881,111793,718
2022-09-15,Santa Clara,085,1922200,429180,428065,18790,446855,2473
2022-09-15,Santa Cruz,087,273765,62664,62480,3416,65896,274
2022-09-15,Shasta,089,179085,34769,34648,7403,42051,591
2022-09-15,Sierra,091,2930,303,303,60,363,5
2022-09-15,Siskiyou,093,43540,5239,5226,3306,8532,90
2022-09-15,Solano,095,438530,104388,104085,7741,111826,462
2022-09-15,Sonoma,097,501317,106238,106028,5303,111331,518
2022-09-15,Stanislaus,099,539301,137258,136981,21485,158466,1727
2022-09-15,Sutter,101,95872,24160,24119,2472,26591,232
2022-09-15,Tehama,103,63373,13542,13503,3075,16578,210
2022-09-15,Trinity,105,12862,1390,1385,384,1769,20
2022-09-15,Tulare,107,460477,121394,121230,36231,157461,1531
2022-09-15,Tuolumne,109,53932,15472,15411,923,16334,196
2022-09-15,Ventura,111,848112,207494,207049,15719,222768,1563
2022-09-15,Yolo,113,214977,47153,47085,4377,51462,334
2022-09-15,Yuba,115,75493,18809,18764,1698,20462,129
2022-09-14,Alameda,001,1643700,344802,344045,19646,363691,2007
2022-09-14,Alpine,003,1148,134,134,1,135,0
2022-09-14,Amador,005,37829,9942,9908,923,10831,90
2022-09-14,Butte,007,227075,39260,39155,8976,48131,453
2022-09-14,Calaveras,009,45235,8457,8455,532,8987,133
2022-09-14,Colusa,011,21464,3771,3765,1272,5037,22
2022-09-14,Contra Costa,013,1133247,248336,247095,20525,267620,1423
2022-09-14,Del Norte,015,27424,7388,7381,404,7785,56
2022-09-14,El Dorado,017,186661,32151,32088,4252,36340,231
2022-09-14,Fresno,019,978130,273376,272774,30778,303552,2839
2022-09-14,Glenn,021,27897,5493,5481,1861,7342,48
2022-09-14,Humboldt,023,135768,21625,21561,4977,26538,155
2022-09-14,Imperial,025,180216,65231,65099,15645,80744,956
2022-09-14,Inyo,027,18085,4476,4472,964,5436,59
2022-09-14,Kern,029,883053,218415,217694,62569,280263,2405
2022-09-14,Kings,031,150075,59229,59122,4069,63191,456
2022-09-14,Lake,033,64148,12722,12696,1194,13890,144
2022-09-14,Lassen,035,31185,9942,9938,989,10927,65
2022-09-14,Los Angeles,037,10098052,3261920,3253906,178843,3432749,33160
2022-09-14,Madera,039,155013,43815,43782,8237,52019,373
2022-09-14,Marin,041,260295,44788,44702,5270,49972,309
2022-09-14,Mariposa,043,17540,3075,3064,360,3424,31
2022-09-14,Mendocino,045,87422,15903,15872,4475,20347,136
2022-09-14,Merced,047,269075,71958,71732,11730,83462,862
2022-09-14,Modoc,049,8938,872,872,321,1193,11
2022-09-14,Mono,051,14174,3200,3191,248,3439,7
2022-09-14,Monterey,053,433212,93813,93692,20950,114642,762
2022-09-14,Napa,055,140530,32048,31979,1414,33393,160
2022-09-14,Nevada,057,99092,18865,18824,1832,20656,132
2022-09-14,Orange,059,3164182,663476,662784,61203,723987,7398
2022-09-14,Placer,061,380077,75306,75159,9402,84561,660
2022-09-14,Plumas,063,18699,3622,3609,432,4041,13
2022-09-14,Riverside,065,2383286,692549,691630,35117,726747,6608
2022-09-14,Sacramento,067,1510023,344549,343926,33575,377501,3267
2022-09-14,San Benito,069,59416,16088,16057,963,17020,106
2022-09-14,San Bernardino,071,2135413,668113,664360,30799,695159,8074
2022-09-14,San Diego,073,3302833,919017,917229,71380,988609,5479
2022-09-14,San Francisco,075,870044,177406,176724,12014,188738,1025
2022-09-14,San Joaquin,077,732212,196466,196128,14404,210532,2304
2022-09-14,San Luis Obispo,079,281455,62895,62716,7139,69855,520
2022-09-14,San Mateo,081,765935,167063,166572,10586,177158,735
2022-09-14,Santa Barbara,083,443738,105109,104912,6879,111791,718
2022-09-14,Santa Clara,085,1922200,428987,428065,18779,446844,2473
2022-09-14,Santa Cruz,087,273765,62650,62480,3415,65895,274
2022-09-14,Shasta,089,179085,34759,34648,7393,42041,591
2022-09-14,Sierra,091,2930,303,303,60,363,5
2022-09-14,Siskiyou,093,43540,5235,5226,3305,8531,90
2022-09-14,Solano,095,438530,104356,104085,7738,111823,462
2022-09-14,Sonoma,097,501317,106187,106028,5299,111327,518
2022-09-14,Stanislaus,099,539301,137193,136981,21472,158453,1727
2022-09-14,Sutter,101,95872,24147,24119,2472,26591,232
2022-09-14,Tehama,103,63373,13541,13503,3072,16575,210
2022-09-14,Trinity,105,12862,1390,1385,380,1765,20
2022-09-14,Tulare,107,460477,121370,121230,36209,157439,1531
2022-09-14,Tuolumne,109,53932,15464,15411,923,16334,196
2022-09-14,Ventura,111,848112,207409,207049,15706,222755,1563
2022-09-14,Yolo,113,214977,47145,47085,4370,51455,334
2022-09-14,Yuba,115,75493,18802,18764,1698,20462,129
2022-09-13,Alameda,001,1643700,344614,344045,19634,363679,2007
2022-09-13,Alpine,003,1148,134,134,1,135,0
2022-09-13,Amador,005,37829,9937,9908,923,10831,90
2022-09-13,Butte,007,227075,39234,39155,8969,48124,453
2022-09-13,Calaveras,009,45235,8454,8455,530,8985,133
2022-09-13,Colusa,011,21464,3770,3765,1272,5037,22
2022-09-13,Contra Costa,013,1133247,248204,247095,20513,267608,1423
2022-09-13,Del Norte,015,27424,7384,7381,404,7785,56
2022-09-13,El Dorado,017,186661,32137,32088,4249,36337,231
2022-09-13,Fresno,019,978130,273283,272774,30760,303534,2839
2022-09-13,Glenn,021,27897,5492,5481,1859,7340,48
2022-09-13,Humboldt,023,135768,21608,21561,4968,26529,155
2022-09-13,Imperial,025,180216,65209,65099,15634,80733,956
2022-09-13,Inyo,027,18085,4474,4472,961,5433,59
2022-09-13,Kern,029,883053,218326,217694,62486,280180,2405
2022-09-13,Kings,031,150075,59193,59122,4067,63189,456
2022-09-13,Lake,033,64148,12717,12696,1193,13889,144
2022-09-13,Lassen,035,31185,9942,9938,986,10924,65
2022-09-13,Los Angeles,037,10098052,3260622,3253906,178695,3432601,33160
2022-09-13,Madera,039,155013,43805,43782,8229,52011,373
2022-09-13,Marin,041,260295,44771,44702,5266,49968,309
2022-09-13,Mariposa,043,17540,3073,3064,360,3424,31
2022-09-13,Mendocino,045,87422,15898,15872,4471,20343,136
2022-09-13,Merced,047,269075,71934,71732,11726,83458,862
2022-09-13,Modoc,049,8938,872,872,321,1193,11
2022-09-13,Mono,051,14174,3199,3191,248,3439,7
2022-09-13,Monterey,053,433212,93784,93692,20937,114629,762
2022-09-13,Napa,055,140530,32029,31979,1414,33393,160
2022-09-13,Nevada,057,99092,18854,18824,1830,20654,132
2022-09-13,Orange,059,3164182,663195,662784,61139,723923,7398
2022-09-13,Placer,061,380077,75274,75159,9398,84557,660
2022-09-13,Plumas,063,18699,3620,3609,432,4041,13
2022-09-13,Riverside,065,2383286,692335,691630,35093,726723,6608
2022-09-13,Sacramento,067,1510023,344368,343926,33540,377466,3267
2022-09-13,San Benito,069,59416,16079,16057,963,17020,106
2022-09-13,San Bernardino,071,2135413,667871,664360,30777,695137,8074
2022-09-13,San Diego,073,3302833,918618,917229,71341,988570,5479
2022-09-13,San Francisco,075,870044,177308,176724,12007,188731,1025
2022-09-13,San Joaquin,077,732212,196388,196128,14399,210527,2304
2022-09-13,San Luis Obispo,079,281455,62865,62716,7131,69847,520
2022-09-13,San Mateo,081,765935,166980,166572,10582,177154,735
2022-09-13,Santa Barbara,083,443738,105055,104912,6872,111784,718
2022-09-13,Santa Clara,085,1922200,428756,428065,18768,446833,2473
2022-09-13,Santa Cruz,087,273765,62625,62480,3414,65894,274
2022-09-13,Shasta,089,179085,34735,34648,7388,42036,591
2022-09-13,Sierra,091,2930,303,303,60,363,5
2022-09-13,Siskiyou,093,43540,5231,5226,3304,8530,90
2022-09-13,Solano,095,438530,104301,104085,7730,111815,462
2022-09-13,Sonoma,097,501317,106133,106028,5297,111325,518
2022-09-13,Stanislaus,099,539301,137143,136981,21467,158448,1727
2022-09-13,Sutter,101,95872,24136,24119,2471,26590,232
2022-09-13,Tehama,103,63373,13531,13503,3071,16574,210
2022-09-13,Trinity,105,12862,1389,1385,380,1765,20
2022-09-13,Tulare,107,460477,121342,121230,36178,157408,1531
2022-09-13,Tuolumne,109,53932,15458,15411,923,16334,196
2022-09-13,Ventura,111,848112,207318,207049,15686,222735,1563
2022-09-13,Yolo,113,214977,47133,47085,4365,51450,334
2022-09-13,Yuba,115,75493,18793,18764,1697,20461,129
2022-09-12,Alameda,001,1643700,344398,343017,19614,362631,2006
2022-09-12,Alpine,003,1148,134,134,1,135,0
2022-09-12,Amador,005,37829,9929,9890,922,10812,89
2022-09-12,Butte,007,227075,39216,39049,8959,48008,453
2022-09-12,Calaveras,009,45235,8450,8444,530,8974,133
2022-09-12,Colusa,011,21464,3769,3755,1271,5026,22
2022-09-12,Contra Costa,013,1133247,248073,246174,20494,266668,1415
2022-09-12,Del Norte,015,27424,7381,7354,404,7758,56
2022-09-12,El Dorado,017,186661,32120,32027,4243,36270,229
2022-09-12,Fresno,019,978130,273159,272161,30742,302903,2835
2022-09-12,Glenn,021,27897,5488,5473,1859,7332,48
2022-09-12,Humboldt,023,135768,21593,21494,4956,26450,155
2022-09-12,Imperial,025,180216,65186,64926,15617,80543,956
2022-09-12,Inyo,027,18085,4472,4465,959,5424,59
2022-09-12,Kern,029,883053,218252,217203,62414,279617,2404
2022-09-12,Kings,031,150075,59175,58980,4063,63043,455
2022-09-12,Lake,033,64148,12709,12663,1189,13852,144
2022-09-12,Lassen,035,31185,9941,9931,986,10917,64
2022-09-12,Los Angeles,037,10098052,3259112,3246402,178509,3424911,33094
2022-09-12,Madera,039,155013,43793,43599,8219,51818,373
2022-09-12,Marin,041,260295,44751,44584,5263,49847,305
2022-09-12,Mariposa,043,17540,3070,3058,358,3416,31
2022-09-12,Mendocino,045,87422,15891,15853,4462,20315,135
2022-09-12,Merced,047,269075,71896,71563,11709,83272,856
2022-09-12,Modoc,049,8938,872,872,319,1191,11
2022-09-12,Mono,051,14174,3196,3188,248,3436,7
2022-09-12,Monterey,053,433212,93750,93513,20913,114426,762
2022-09-12,Napa,055,140530,32007,31910,1414,33324,158
2022-09-12,Nevada,057,99092,18845,18784,1829,20613,132
2022-09-12,Orange,059,3164182,662901,661329,61070,722399,7371
2022-09-12,Placer,061,380077,75244,74994,9393,84387,657
2022-09-12,Plumas,063,18699,3618,3594,431,4025,13
2022-09-12,Riverside,065,2383286,692054,690018,35069,725087,6596
2022-09-12,Sacramento,067,1510023,344201,343048,33509,376557,3254
2022-09-12,San Benito,069,59416,16066,16000,963,16963,103
2022-09-12,San Bernardino,071,2135413,667561,662248,30760,693008,8057
2022-09-12,San Diego,073,3302833,918143,915648,71288,986936,5474
2022-09-12,San Francisco,075,870044,177194,176512,11998,188510,1022
2022-09-12,San Joaquin,077,732212,196294,195697,14388,210085,2303
2022-09-12,San Luis Obispo,079,281455,62839,62569,7123,69692,519
2022-09-12,San Mateo,081,765935,166888,166165,10571,176736,735
2022-09-12,Santa Barbara,083,443738,105020,104627,6867,111494,717
2022-09-12,Santa Clara,085,1922200,428500,426854,18754,445608,2478
2022-09-12,Santa Cruz,087,273765,62598,62255,3413,65668,274
2022-09-12,Shasta,089,179085,34715,34531,7381,41912,591
2022-09-12,Sierra,091,2930,303,303,60,363,5
2022-09-12,Siskiyou,093,43540,5228,5197,3301,8498,90
2022-09-12,Solano,095,438530,104250,103841,7724,111565,461
2022-09-12,Sonoma,097,501317,106086,105778,5288,111066,521
2022-09-12,Stanislaus,099,539301,137086,136674,21462,158136,1726
2022-09-12,Sutter,101,95872,24122,24037,2469,26506,228
2022-09-12,Tehama,103,63373,13525,13471,3070,16541,210
2022-09-12,Trinity,105,12862,1388,1383,379,1762,20
2022-09-12,Tulare,107,460477,121289,120972,36140,157112,1529
2022-09-12,Tuolumne,109,53932,15449,15362,923,16285,196
2022-09-12,Ventura,111,848112,207214,206442,15666,222108,1558
2022-09-12,Yolo,113,214977,47119,46989,4363,51352,334
2022-09-12,Yuba,115,75493,18779,18709,1692,20401,129
2022-09-11,Alameda,001,1643700,344136,343017,19592,362609,2006
2022-09-11,Alpine,003,1148,134,134,1,135,0
2022-09-11,Amador,005,37829,9922,9890,919,10809,89
2022-09-11,Butte,007,227075,39184,39049,8949,47998,453
2022-09-11,Calaveras,009,45235,8447,8444,529,8973,133
2022-09-11,Colusa,011,21464,3767,3755,1269,5024,22
2022-09-11,Contra Costa,013,1133247,247911,246174,20463,266637,1415
2022-09-11,Del Norte,015,27424,7376,7354,403,7757,56
2022-09-11,El Dorado,017,186661,32105,32027,4235,36262,229
2022-09-11,Fresno,019,978130,273050,272161,30720,302881,2835
2022-09-11,Glenn,021,27897,5485,5473,1859,7332,48
2022-09-11,Humboldt,023,135768,21576,21494,4941,26435,155
2022-09-11,Imperial,025,180216,65144,64926,15589,80515,956
2022-09-11,Inyo,027,18085,4471,4465,950,5415,59
2022-09-11,Kern,029,883053,218146,217203,62312,279515,2404
2022-09-11,Kings,031,150075,59137,58980,4060,63040,455
2022-09-11,Lake,033,64148,12695,12663,1186,13849,144
2022-09-11,Lassen,035,31185,9936,9931,986,10917,64
2022-09-11,Los Angeles,037,10098052,3257420,3246402,178276,3424678,33094
2022-09-11,Madera,039,155013,43763,43599,8210,51809,373
2022-09-11,Marin,041,260295,44724,44584,5261,49845,305
2022-09-11,Mariposa,043,17540,3067,3058,358,3416,31
2022-09-11,Mendocino,045,87422,15882,15853,4455,20308,135
2022-09-11,Merced,047,269075,71862,71563,11697,83260,856
2022-09-11,Modoc,049,8938,872,872,318,1190,11
2022-09-11,Mono,051,14174,3193,3188,248,3436,7
2022-09-11,Monterey,053,433212,93721,93513,20893,114406,762
2022-09-11,Napa,055,140530,31987,31910,1411,33321,158
2022-09-11,Nevada,057,99092,18835,18784,1825,20609,132
2022-09-11,Orange,059,3164182,662606,661329,61005,722334,7371
2022-09-11,Placer,061,380077,75213,74994,9387,84381,657
2022-09-11,Plumas,063,18699,3612,3594,431,4025,13
2022-09-11,Riverside,065,2383286,691779,690018,35038,725056,6596
2022-09-11,Sacramento,067,1510023,343995,343048,33448,376496,3254
2022-09-11,San Benito,069,59416,16058,16000,958,16958,103
2022-09-11,San Bernardino,071,2135413,667240,662248,30742,692990,8057
2022-09-11,San Diego,073,3302833,917607,915648,71220,986868,5474
2022-09-11,San Francisco,075,870044,177048,176512,11983,188495,1022
2022-09-11,San Joaquin,077,732212,196194,195697,14367,210064,2303
2022-09-11,San Luis Obispo,079,281455,62811,62569,7105,69674,519
2022-09-11,San Mateo,081,765935,166778,166165,10566,176731,735
2022-09-11,Santa Barbara,083,443738,104980,104627,6863,111490,717
2022-09-11,Santa Clara,085,1922200,428215,426854,18739,445593,2478
2022-09-11,Santa Cruz,087,273765,62562,62255,3409,65664,274
2022-09-11,Shasta,089,179085,34686,34531,7373,41904,591
2022-09-11,Sierra,091,2930,303,303,60,363,5
2022-09-11,Siskiyou,093,43540,5226,5197,3295,8492,90
2022-09-11,Solano,095,438530,104170,103841,7719,111560,461
2022-09-11,Sonoma,097,501317,106020,105778,5281,111059,521
2022-09-11,Stanislaus,099,539301,137018,136674,21446,158120,1726
2022-09-11,Sutter,101,95872,24102,24037,2467,26504,228
2022-09-11,Tehama,103,63373,13511,13471,3067,16538,210
2022-09-11,Trinity,105,12862,1388,1383,379,1762,20
2022-09-11,Tulare,107,460477,121242,120972,36104,157076,1529
2022-09-11,Tuolumne,109,53932,15441,15362,922,16284,196
2022-09-11,Ventura,111,848112,207078,206442,15639,222081,1558
2022-09-11,Yolo,113,214977,47091,46989,4360,51349,334
2022-09-11,Yuba,115,75493,18770,18709,1689,20398,129
2022-09-10,Alameda,001,1643700,344000,343017,19585,362602,2006
2022-09-10,Alpine,003,1148,134,134,1,135,0
2022-09-10,Amador,005,37829,9919,9890,918,10808,89
2022-09-10,Butte,007,227075,39167,39049,8948,47997,453
2022-09-10,Calaveras,009,45235,8445,8444,529,8973,133
2022-09-10,Colusa,011,21464,3766,3755,1269,5024,22
2022-09-10,Contra Costa,013,1133247,247804,246174,20452,266626,1415
2022-09-10,Del Norte,015,27424,7374,7354,402,7756,56
2022-09-10,El Dorado,017,186661,32096,32027,4234,36261,229
2022-09-10,Fresno,019,978130,272966,272161,30709,302870,2835
2022-09-10,Glenn,021,27897,5482,5473,1858,7331,48
2022-09-10,Humboldt,023,135768,21567,21494,4937,26431,155
2022-09-10,Imperial,025,180216,65122,64926,15578,80504,956
2022-09-10,Inyo,027,18085,4471,4465,950,5415,59
2022-09-10,Kern,029,883053,218091,217203,62268,279471,2404
2022-09-10,Kings,031,150075,59127,58980,4060,63040,455
2022-09-10,Lake,033,64148,12692,12663,1186,13849,144
2022-09-10,Lassen,035,31185,9935,9931,986,10917,64
2022-09-10,Los Angeles,037,10098052,3256524,3246402,178138,3424540,33094
2022-09-10,Madera,039,155013,43746,43599,8207,51806,373
2022-09-10,Marin,041,260295,44700,44584,5254,49838,305
2022-09-10,Mariposa,043,17540,3067,3058,357,3415,31
2022-09-10,Mendocino,045,87422,15880,15853,4453,20306,135
2022-09-10,Merced,047,269075,71848,71563,11694,83257,856
2022-09-10,Modoc,049,8938,872,872,317,1189,11
2022-09-10,Mono,051,14174,3192,3188,248,3436,7
2022-09-10,Monterey,053,433212,93700,93513,20886,114399,762
2022-09-10,Napa,055,140530,31979,31910,1411,33321,158
2022-09-10,Nevada,057,99092,18831,18784,1825,20609,132
2022-09-10,Orange,059,3164182,662436,661329,60970,722299,7371
2022-09-10,Placer,061,380077,75184,74994,9385,84379,657
2022-09-10,Plumas,063,18699,3608,3594,431,4025,13
2022-09-10,Riverside,065,2383286,691607,690018,35024,725042,6596
2022-09-10,Sacramento,067,1510023,343902,343048,33439,376487,3254
2022-09-10,San Benito,069,59416,16052,16000,957,16957,103
2022-09-10,San Bernardino,071,2135413,667078,662248,30727,692975,8057
2022-09-10,San Diego,073,3302833,917376,915648,71197,986845,5474
2022-09-10,San Francisco,075,870044,176989,176512,11980,188492,1022
2022-09-10,San Joaquin,077,732212,196143,195697,14359,210056,2303
2022-09-10,San Luis Obispo,079,281455,62799,62569,7102,69671,519
2022-09-10,San Mateo,081,765935,166704,166165,10557,176722,735
2022-09-10,Santa Barbara,083,443738,104963,104627,6859,111486,717
2022-09-10,Santa Clara,085,1922200,427990,426854,18731,445585,2478
2022-09-10,Santa Cruz,087,273765,62552,62255,3405,65660,274
2022-09-10,Shasta,089,179085,34677,34531,7368,41899,591
2022-09-10,Sierra,091,2930,303,303,60,363,5
2022-09-10,Siskiyou,093,43540,5226,5197,3295,8492,90
2022-09-10,Solano,095,438530,104145,103841,7717,111558,461
2022-09-10,Sonoma,097,501317,105998,105778,5280,111058,521
2022-09-10,Stanislaus,099,539301,136978,136674,21440,158114,1726
2022-09-10,Sutter,101,95872,24087,24037,2467,26504,228
2022-09-10,Tehama,103,63373,13510,13471,3067,16538,210
2022-09-10,Trinity,105,12862,1388,1383,379,1762,20
2022-09-10,Tulare,107,460477,121217,120972,36091,157063,1529
2022-09-10,Tuolumne,109,53932,15435,15362,922,16284,196
2022-09-10,Ventura,111,848112,207009,206442,15624,222066,1558
2022-09-10,Yolo,113,214977,47081,46989,4357,51346,334
2022-09-10,Yuba,115,75493,18762,18709,1688,20397,129
2022-09-09,Alameda,001,1643700,343825,343017,19575,362592,2006
2022-09-09,Alpine,003,1148,134,134,1,135,0
2022-09-09,Amador,005,37829,9914,9890,918,10808,89
2022-09-09,Butte,007,227075,39154,39049,8943,47992,453
2022-09-09,Calaveras,009,45235,8443,8444,529,8973,133
2022-09-09,Colusa,011,21464,3764,3755,1268,5023,22
2022-09-09,Contra Costa,013,1133247,247726,246174,20441,266615,1415
2022-09-09,Del Norte,015,27424,7373,7354,402,7756,56
2022-09-09,El Dorado,017,186661,32088,32027,4232,36259,229
2022-09-09,Fresno,019,978130,272901,272161,30696,302857,2835
2022-09-09,Glenn,021,27897,5480,5473,1858,7331,48
2022-09-09,Humboldt,023,135768,21561,21494,4931,26425,155
2022-09-09,Imperial,025,180216,65098,64926,15568,80494,956
2022-09-09,Inyo,027,18085,4469,4465,942,5407,59
2022-09-09,Kern,029,883053,218030,217203,62223,279426,2404
2022-09-09,Kings,031,150075,59108,58980,4060,63040,455
2022-09-09,Lake,033,64148,12689,12663,1185,13848,144
2022-09-09,Lassen,035,31185,9935,9931,986,10917,64
2022-09-09,Los Angeles,037,10098052,3255512,3246402,177992,3424394,33094
2022-09-09,Madera,039,155013,43728,43599,8205,51804,373
2022-09-09,Marin,041,260295,44687,44584,5253,49837,305
2022-09-09,Mariposa,043,17540,3066,3058,357,3415,31
2022-09-09,Mendocino,045,87422,15875,15853,4448,20301,135
2022-09-09,Merced,047,269075,71827,71563,11692,83255,856
2022-09-09,Modoc,049,8938,872,872,317,1189,11
2022-09-09,Mono,051,14174,3192,3188,248,3436,7
2022-09-09,Monterey,053,433212,93686,93513,20877,114390,762
2022-09-09,Napa,055,140530,31967,31910,1411,33321,158
2022-09-09,Nevada,057,99092,18824,18784,1825,20609,132
2022-09-09,Orange,059,3164182,662247,661329,60933,722262,7371
2022-09-09,Placer,061,380077,75163,74994,9382,84376,657
2022-09-09,Plumas,063,18699,3607,3594,431,4025,13
2022-09-09,Riverside,065,2383286,691426,690018,35009,725027,6596
2022-09-09,Sacramento,067,1510023,343769,343048,33426,376474,3254
2022-09-09,San Benito,069,59416,16042,16000,957,16957,103
2022-09-09,San Bernardino,071,2135413,666900,662248,30717,692965,8057
2022-09-09,San Diego,073,3302833,917112,915648,71170,986818,5474
2022-09-09,San Francisco,075,870044,176918,176512,11972,188484,1022
2022-09-09,San Joaquin,077,732212,196089,195697,14343,210040,2303
2022-09-09,San Luis Obispo,079,281455,62793,62569,7099,69668,519
2022-09-09,San Mateo,081,765935,166649,166165,10555,176720,735
2022-09-09,Santa Barbara,083,443738,104926,104627,6856,111483,717
2022-09-09,Santa Clara,085,1922200,427805,426854,18718,445572,2478
2022-09-09,Santa Cruz,087,273765,62531,62255,3403,65658,274
2022-09-09,Shasta,089,179085,34663,34531,7360,41891,591
2022-09-09,Sierra,091,2930,303,303,60,363,5
2022-09-09,Siskiyou,093,43540,5219,5197,3295,8492,90
2022-09-09,Solano,095,438530,104111,103841,7712,111553,461
2022-09-09,Sonoma,097,501317,105970,105778,5280,111058,521
2022-09-09,Stanislaus,099,539301,136952,136674,21431,158105,1726
2022-09-09,Sutter,101,95872,24080,24037,2466,26503,228
2022-09-09,Tehama,103,63373,13505,13471,3067,16538,210
2022-09-09,Trinity,105,12862,1387,1383,379,1762,20
2022-09-09,Tulare,107,460477,121183,120972,36070,157042,1529
2022-09-09,Tuolumne,109,53932,15434,15362,922,16284,196
2022-09-09,Ventura,111,848112,206940,206442,15608,222050,1558
2022-09-09,Yolo,113,214977,47066,46989,4357,51346,334
2022-09-09,Yuba,115,75493,18752,18709,1688,20397,129
2022-09-08,Alameda,001,1643700,343603,343017,19557,362574,2006
2022-09-08,Alpine,003,1148,134,134,1,135,0
2022-09-08,Amador,005,37829,9907,9890,918,10808,89
2022-09-08,Butte,007,227075,39133,39049,8932,47981,453
2022-09-08,Calaveras,009,45235,8443,8444,528,8972,133
2022-09-08,Colusa,011,21464,3764,3755,1268,5023,22
2022-09-08,Contra Costa,013,1133247,247600,246174,20421,266595,1415
2022-09-08,Del Norte,015,27424,7363,7354,402,7756,56
2022-09-08,El Dorado,017,186661,32074,32027,4227,36254,229
2022-09-08,Fresno,019,978130,272784,272161,30676,302837,2835
2022-09-08,Glenn,021,27897,5479,5473,1858,7331,48
2022-09-08,Humboldt,023,135768,21538,21494,4924,26418,155
2022-09-08,Imperial,025,180216,65068,64926,15546,80472,956
2022-09-08,Inyo,027,18085,4467,4465,940,5405,59
2022-09-08,Kern,029,883053,217940,217203,62133,279336,2404
2022-09-08,Kings,031,150075,59080,58980,4057,63037,455
2022-09-08,Lake,033,64148,12680,12663,1185,13848,144
2022-09-08,Lassen,035,31185,9934,9931,986,10917,64
2022-09-08,Los Angeles,037,10098052,3254094,3246402,177794,3424196,33094
2022-09-08,Madera,039,155013,43698,43599,8198,51797,373
2022-09-08,Marin,041,260295,44662,44584,5249,49833,305
2022-09-08,Mariposa,043,17540,3064,3058,356,3414,31
2022-09-08,Mendocino,045,87422,15869,15853,4448,20301,135
2022-09-08,Merced,047,269075,71799,71563,11679,83242,856
2022-09-08,Modoc,049,8938,872,872,317,1189,11
2022-09-08,Mono,051,14174,3192,3188,247,3435,7
2022-09-08,Monterey,053,433212,93657,93513,20853,114366,762
2022-09-08,Napa,055,140530,31954,31910,1411,33321,158
2022-09-08,Nevada,057,99092,18815,18784,1822,20606,132
2022-09-08,Orange,059,3164182,661977,661329,60873,722202,7371
2022-09-08,Placer,061,380077,75132,74994,9378,84372,657
2022-09-08,Plumas,063,18699,3604,3594,431,4025,13
2022-09-08,Riverside,065,2383286,691164,690018,34980,724998,6596
2022-09-08,Sacramento,067,1510023,343592,343048,33402,376450,3254
2022-09-08,San Benito,069,59416,16031,16000,957,16957,103
2022-09-08,San Bernardino,071,2135413,666605,662248,30703,692951,8057
2022-09-08,San Diego,073,3302833,916737,915648,71115,986763,5474
2022-09-08,San Francisco,075,870044,176797,176512,11964,188476,1022
2022-09-08,San Joaquin,077,732212,196004,195697,14324,210021,2303
2022-09-08,San Luis Obispo,079,281455,62776,62569,7091,69660,519
2022-09-08,San Mateo,081,765935,166568,166165,10548,176713,735
2022-09-08,Santa Barbara,083,443738,104886,104627,6849,111476,717
2022-09-08,Santa Clara,085,1922200,427537,426854,18706,445560,2478
2022-09-08,Santa Cruz,087,273765,62500,62255,3399,65654,274
2022-09-08,Shasta,089,179085,34642,34531,7350,41881,591
2022-09-08,Sierra,091,2930,303,303,60,363,5
2022-09-08,Siskiyou,093,43540,5214,5197,3294,8491,90
2022-09-08,Solano,095,438530,104056,103841,7703,111544,461
2022-09-08,Sonoma,097,501317,105892,105778,5272,111050,521
2022-09-08,Stanislaus,099,539301,136887,136674,21415,158089,1726
2022-09-08,Sutter,101,95872,24069,24037,2466,26503,228
2022-09-08,Tehama,103,63373,13498,13471,3064,16535,210
2022-09-08,Trinity,105,12862,1387,1383,379,1762,20
2022-09-08,Tulare,107,460477,121136,120972,36039,157011,1529
2022-09-08,Tuolumne,109,53932,15427,15362,921,16283,196
2022-09-08,Ventura,111,848112,206828,206442,15580,222022,1558
2022-09-08,Yolo,113,214977,47045,46989,4350,51339,334
2022-09-08,Yuba,115,75493,18742,18709,1684,20393,129
2022-09-07,Alameda,001,1643700,343364,342480,19548,362028,1999
2022-09-07,Alpine,003,1148,134,133,1,134,0
2022-09-07,Amador,005,37829,9904,9877,918,10795,89
2022-09-07,Butte,007,227075,39106,38969,8920,47889,453
2022-09-07,Calaveras,009,45235,8441,8437,526,8963,133
2022-09-07,Colusa,011,21464,3761,3748,1268,5016,22
2022-09-07,Contra Costa,013,1133247,247459,245708,20404,266112,1415
2022-09-07,Del Norte,015,27424,7361,7346,402,7748,56
2022-09-07,El Dorado,017,186661,32061,31979,4226,36205,229
2022-09-07,Fresno,019,978130,272623,271753,30647,302400,2835
2022-09-07,Glenn,021,27897,5477,5468,1857,7325,48
2022-09-07,Humboldt,023,135768,21519,21459,4921,26380,155
2022-09-07,Imperial,025,180216,65033,64755,15522,80277,956
2022-09-07,Inyo,027,18085,4463,4456,932,5388,59
2022-09-07,Kern,029,883053,217840,216932,62038,278970,2404
2022-09-07,Kings,031,150075,59045,58922,4053,62975,455
2022-09-07,Lake,033,64148,12672,12647,1183,13830,143
2022-09-07,Lassen,035,31185,9934,9918,985,10903,64
2022-09-07,Los Angeles,037,10098052,3252550,3242352,177595,3419947,32971
2022-09-07,Madera,039,155013,43651,43533,8198,51731,373
2022-09-07,Marin,041,260295,44639,44489,5247,49736,305
2022-09-07,Mariposa,043,17540,3062,3046,356,3402,31
2022-09-07,Mendocino,045,87422,15865,15813,4441,20254,135
2022-09-07,Merced,047,269075,71767,71448,11665,83113,856
2022-09-07,Modoc,049,8938,872,868,317,1185,11
2022-09-07,Mono,051,14174,3190,3184,245,3429,7
2022-09-07,Monterey,053,433212,93627,93430,20834,114264,762
2022-09-07,Napa,055,140530,31934,31854,1411,33265,156
2022-09-07,Nevada,057,99092,18804,18761,1818,20579,132
2022-09-07,Orange,059,3164182,661675,660580,60804,721384,7362
2022-09-07,Placer,061,380077,75106,74884,9368,84252,658
2022-09-07,Plumas,063,18699,3602,3588,430,4018,13
2022-09-07,Riverside,065,2383286,690842,688794,34953,723747,6591
2022-09-07,Sacramento,067,1510023,343431,342602,33370,375972,3248
2022-09-07,San Benito,069,59416,16018,15933,956,16889,103
2022-09-07,San Bernardino,071,2135413,666350,660303,30687,690990,8023
2022-09-07,San Diego,073,3302833,916244,914552,71070,985622,5468
2022-09-07,San Francisco,075,870044,176699,176386,11954,188340,1018
2022-09-07,San Joaquin,077,732212,195893,195359,14311,209670,2303
2022-09-07,San Luis Obispo,079,281455,62757,62548,7086,69634,517
2022-09-07,San Mateo,081,765935,166467,165893,10541,176434,736
2022-09-07,Santa Barbara,083,443738,104844,104452,6842,111294,717
2022-09-07,Santa Clara,085,1922200,427259,426178,18693,444871,2472
2022-09-07,Santa Cruz,087,273765,62467,62187,3396,65583,274
2022-09-07,Shasta,089,179085,34620,34484,7332,41816,591
2022-09-07,Sierra,091,2930,303,303,60,363,5
2022-09-07,Siskiyou,093,43540,5209,5190,3293,8483,89
2022-09-07,Solano,095,438530,103999,103665,7696,111361,463
2022-09-07,Sonoma,097,501317,105832,105389,5268,110657,517
2022-09-07,Stanislaus,099,539301,136811,136477,21404,157881,1726
2022-09-07,Sutter,101,95872,24055,23984,2466,26450,228
2022-09-07,Tehama,103,63373,13495,13453,3060,16513,210
2022-09-07,Trinity,105,12862,1387,1382,379,1761,20
2022-09-07,Tulare,107,460477,121084,120846,36008,156854,1529
2022-09-07,Tuolumne,109,53932,15420,15327,921,16248,196
2022-09-07,Ventura,111,848112,206714,206121,15557,221678,1557
2022-09-07,Yolo,113,214977,47017,46966,4343,51309,334
2022-09-07,Yuba,115,75493,18729,18665,1683,20348,129
2022-09-06,Alameda,001,1643700,343101,342480,19534,362014,1999
2022-09-06,Alpine,003,1148,133,133,1,134,0
2022-09-06,Amador,005,37829,9901,9877,918,10795,89
2022-09-06,Butte,007,227075,39076,38969,8908,47877,453
2022-09-06,Calaveras,009,45235,8439,8437,524,8961,133
2022-09-06,Colusa,011,21464,3759,3748,1268,5016,22
2022-09-06,Contra Costa,013,1133247,247295,245708,20375,266083,1415
2022-09-06,Del Norte,015,27424,7353,7346,402,7748,56
2022-09-06,El Dorado,017,186661,32043,31979,4220,36199,229
2022-09-06,Fresno,019,978130,272493,271753,30619,302372,2835
2022-09-06,Glenn,021,27897,5475,5468,1855,7323,48
2022-09-06,Humboldt,023,135768,21503,21459,4915,26374,155
2022-09-06,Imperial,025,180216,64983,64755,15494,80249,956
2022-09-06,Inyo,027,18085,4461,4456,925,5381,59
2022-09-06,Kern,029,883053,217749,216932,61942,278874,2404
2022-09-06,Kings,031,150075,59006,58922,4049,62971,455
2022-09-06,Lake,033,64148,12669,12647,1167,13814,143
2022-09-06,Lassen,035,31185,9931,9918,983,10901,64
2022-09-06,Los Angeles,037,10098052,3250805,3242352,177383,3419735,32971
2022-09-06,Madera,039,155013,43609,43533,8193,51726,373
2022-09-06,Marin,041,260295,44608,44489,5243,49732,305
2022-09-06,Mariposa,043,17540,3061,3046,355,3401,31
2022-09-06,Mendocino,045,87422,15860,15813,4433,20246,135
2022-09-06,Merced,047,269075,71732,71448,11647,83095,856
2022-09-06,Modoc,049,8938,871,868,317,1185,11
2022-09-06,Mono,051,14174,3190,3184,245,3429,7
2022-09-06,Monterey,053,433212,93593,93430,20815,114245,762
2022-09-06,Napa,055,140530,31918,31854,1411,33265,156
2022-09-06,Nevada,057,99092,18795,18761,1813,20574,132
2022-09-06,Orange,059,3164182,661321,660580,60730,721310,7362
2022-09-06,Placer,061,380077,75063,74884,9366,84250,658
2022-09-06,Plumas,063,18699,3598,3588,430,4018,13
2022-09-06,Riverside,065,2383286,690384,688794,34918,723712,6591
2022-09-06,Sacramento,067,1510023,343215,342602,33325,375927,3248
2022-09-06,San Benito,069,59416,16002,15933,956,16889,103
2022-09-06,San Bernardino,071,2135413,666081,660303,30667,690970,8023
2022-09-06,San Diego,073,3302833,915736,914552,71017,985569,5468
2022-09-06,San Francisco,075,870044,176569,176386,11942,188328,1018
2022-09-06,San Joaquin,077,732212,195806,195359,14294,209653,2303
2022-09-06,San Luis Obispo,079,281455,62717,62548,7084,69632,517
2022-09-06,San Mateo,081,765935,166364,165893,10529,176422,736
2022-09-06,Santa Barbara,083,443738,104788,104452,6837,111289,717
2022-09-06,Santa Clara,085,1922200,427001,426178,18679,444857,2472
2022-09-06,Santa Cruz,087,273765,62387,62187,3396,65583,274
2022-09-06,Shasta,089,179085,34574,34484,7309,41793,591
2022-09-06,Sierra,091,2930,303,303,60,363,5
2022-09-06,Siskiyou,093,43540,5206,5190,3289,8479,89
2022-09-06,Solano,095,438530,103935,103665,7685,111350,463
2022-09-06,Sonoma,097,501317,105773,105389,5264,110653,517
2022-09-06,Stanislaus,099,539301,136742,136477,21388,157865,1726
2022-09-06,Sutter,101,95872,24028,23984,2466,26450,228
2022-09-06,Tehama,103,63373,13486,13453,3057,16510,210
2022-09-06,Trinity,105,12862,1386,1382,379,1761,20
2022-09-06,Tulare,107,460477,121035,120846,35970,156816,1529
2022-09-06,Tuolumne,109,53932,15409,15327,921,16248,196
2022-09-06,Ventura,111,848112,206573,206121,15537,221658,1557
2022-09-06,Yolo,113,214977,47001,46966,4333,51299,334
2022-09-06,Yuba,115,75493,18708,18665,1682,20347,129
2022-09-05,Alameda,001,1643700,342808,342480,19524,362004,1999
2022-09-05,Alpine,003,1148,133,133,1,134,0
2022-09-05,Amador,005,37829,9897,9877,918,10795,89
2022-09-05,Butte,007,227075,39031,38969,8894,47863,453
2022-09-05,Calaveras,009,45235,8436,8437,523,8960,133
2022-09-05,Colusa,011,21464,3752,3748,1265,5013,22
2022-09-05,Contra Costa,013,1133247,247110,245708,20355,266063,1415
2022-09-05,Del Norte,015,27424,7348,7346,400,7746,56
2022-09-05,El Dorado,017,186661,32021,31979,4212,36191,229
2022-09-05,Fresno,019,978130,272263,271753,30555,302308,2835
2022-09-05,Glenn,021,27897,5473,5468,1851,7319,48
2022-09-05,Humboldt,023,135768,21489,21459,4907,26366,155
2022-09-05,Imperial,025,180216,64930,64755,15449,80204,956
2022-09-05,Inyo,027,18085,4459,4456,923,5379,59
2022-09-05,Kern,029,883053,217620,216932,61812,278744,2404
2022-09-05,Kings,031,150075,58951,58922,4045,62967,455
2022-09-05,Lake,033,64148,12663,12647,1164,13811,143
2022-09-05,Lassen,035,31185,9922,9918,982,10900,64
2022-09-05,Los Angeles,037,10098052,3248429,3242352,177123,3419475,32971
2022-09-05,Madera,039,155013,43554,43533,8172,51705,373
2022-09-05,Marin,041,260295,44581,44489,5241,49730,305
2022-09-05,Mariposa,043,17540,3056,3046,355,3401,31
2022-09-05,Mendocino,045,87422,15841,15813,4420,20233,135
2022-09-05,Merced,047,269075,71669,71448,11616,83064,856
2022-09-05,Modoc,049,8938,870,868,316,1184,11
2022-09-05,Mono,051,14174,3187,3184,245,3429,7
2022-09-05,Monterey,053,433212,93532,93430,20794,114224,762
2022-09-05,Napa,055,140530,31890,31854,1408,33262,156
2022-09-05,Nevada,057,99092,18788,18761,1808,20569,132
2022-09-05,Orange,059,3164182,660852,660580,60634,721214,7362
2022-09-05,Placer,061,380077,75013,74884,9361,84245,658
2022-09-05,Plumas,063,18699,3597,3588,430,4018,13
2022-09-05,Riverside,065,2383286,689890,688794,34866,723660,6591
2022-09-05,Sacramento,067,1510023,342928,342602,33259,375861,3248
2022-09-05,San Benito,069,59416,15978,15933,952,16885,103
2022-09-05,San Bernardino,071,2135413,665654,660303,30632,690935,8023
2022-09-05,San Diego,073,3302833,915120,914552,70917,985469,5468
2022-09-05,San Francisco,075,870044,176408,176386,11935,188321,1018
2022-09-05,San Joaquin,077,732212,195666,195359,14281,209640,2303
2022-09-05,San Luis Obispo,079,281455,62664,62548,7066,69614,517
2022-09-05,San Mateo,081,765935,166247,165893,10520,176413,736
2022-09-05,Santa Barbara,083,443738,104703,104452,6830,111282,717
2022-09-05,Santa Clara,085,1922200,426638,426178,18662,444840,2472
2022-09-05,Santa Cruz,087,273765,62329,62187,3391,65578,274
2022-09-05,Shasta,089,179085,34543,34484,7296,41780,591
2022-09-05,Sierra,091,2930,303,303,60,363,5
2022-09-05,Siskiyou,093,43540,5200,5190,3289,8479,89
2022-09-05,Solano,095,438530,103840,103665,7668,111333,463
2022-09-05,Sonoma,097,501317,105701,105389,5257,110646,517
2022-09-05,Stanislaus,099,539301,136644,136477,21371,157848,1726
2022-09-05,Sutter,101,95872,24003,23984,2464,26448,228
2022-09-05,Tehama,103,63373,13478,13453,3056,16509,210
2022-09-05,Trinity,105,12862,1386,1382,378,1760,20
2022-09-05,Tulare,107,460477,120939,120846,35909,156755,1529
2022-09-05,Tuolumne,109,53932,15390,15327,920,16247,196
2022-09-05,Ventura,111,848112,206400,206121,15497,221618,1557
2022-09-05,Yolo,113,214977,46978,46966,4326,51292,334
2022-09-05,Yuba,115,75493,18686,18665,1681,20346,129
2022-09-04,Alameda,001,1643700,342670,341621,19511,361132,1998
2022-09-04,Alpine,003,1148,133,133,1,134,0
2022-09-04,Amador,005,37829,9893,9855,917,10772,89
2022-09-04,Butte,007,227075,39010,38851,8886,47737,453
2022-09-04,Calaveras,009,45235,8434,8422,522,8944,133
2022-09-04,Colusa,011,21464,3751,3742,1262,5004,22
2022-09-04,Contra Costa,013,1133247,247006,245022,20348,265370,1410
2022-09-04,Del Norte,015,27424,7347,7340,399,7739,56
2022-09-04,El Dorado,017,186661,32005,31929,4208,36137,229
2022-09-04,Fresno,019,978130,272157,271062,30544,301606,2835
2022-09-04,Glenn,021,27897,5472,5462,1851,7313,48
2022-09-04,Humboldt,023,135768,21479,21390,4903,26293,154
2022-09-04,Imperial,025,180216,64902,64678,15437,80115,956
2022-09-04,Inyo,027,18085,4457,4449,920,5369,59
2022-09-04,Kern,029,883053,217537,216471,61715,278186,2404
2022-09-04,Kings,031,150075,58937,58753,4045,62798,455
2022-09-04,Lake,033,64148,12656,12608,1163,13771,143
2022-09-04,Lassen,035,31185,9919,9908,982,10890,64
2022-09-04,Los Angeles,037,10098052,3247505,3235242,177005,3412247,32927
2022-09-04,Madera,039,155013,43540,43403,8164,51567,373
2022-09-04,Marin,041,260295,44555,44394,5236,49630,305
2022-09-04,Mariposa,043,17540,3055,3036,355,3391,31
2022-09-04,Mendocino,045,87422,15837,15781,4419,20200,134
2022-09-04,Merced,047,269075,71645,71280,11611,82891,856
2022-09-04,Modoc,049,8938,870,868,316,1184,11
2022-09-04,Mono,051,14174,3187,3183,245,3428,7
2022-09-04,Monterey,053,433212,93500,93246,20772,114018,761
2022-09-04,Napa,055,140530,31882,31799,1408,33207,156
2022-09-04,Nevada,057,99092,18779,18705,1805,20510,132
2022-09-04,Orange,059,3164182,660679,659290,60587,719877,7347
2022-09-04,Placer,061,380077,74979,74754,9359,84113,657
2022-09-04,Plumas,063,18699,3595,3587,430,4017,13
2022-09-04,Riverside,065,2383286,689701,687184,34848,722032,6581
2022-09-04,Sacramento,067,1510023,342829,341766,33242,375008,3243
2022-09-04,San Benito,069,59416,15973,15900,952,16852,103
2022-09-04,San Bernardino,071,2135413,665509,658354,30615,688969,8006
2022-09-04,San Diego,073,3302833,914883,912824,70899,983723,5464
2022-09-04,San Francisco,075,870044,176331,176131,11930,188061,1015
2022-09-04,San Joaquin,077,732212,195544,194904,14266,209170,2301
2022-09-04,San Luis Obispo,079,281455,62654,62455,7062,69517,517
2022-09-04,San Mateo,081,765935,166191,165520,10516,176036,738
2022-09-04,Santa Barbara,083,443738,104655,104161,6825,110986,716
2022-09-04,Santa Clara,085,1922200,426439,425040,18648,443688,2473
2022-09-04,Santa Cruz,087,273765,62310,61989,3390,65379,273
2022-09-04,Shasta,089,179085,34536,34422,7289,41711,591
2022-09-04,Sierra,091,2930,303,303,60,363,5
2022-09-04,Siskiyou,093,43540,5197,5168,3286,8454,89
2022-09-04,Solano,095,438530,103822,103457,7664,111121,461
2022-09-04,Sonoma,097,501317,105676,105162,5252,110414,517
2022-09-04,Stanislaus,099,539301,136584,136168,21363,157531,1726
2022-09-04,Sutter,101,95872,23988,23927,2464,26391,228
2022-09-04,Tehama,103,63373,13470,13406,3053,16459,210
2022-09-04,Trinity,105,12862,1386,1377,377,1754,20
2022-09-04,Tulare,107,460477,120897,120592,35873,156465,1527
2022-09-04,Tuolumne,109,53932,15376,15294,919,16213,196
2022-09-04,Ventura,111,848112,206311,205627,15486,221113,1558
2022-09-04,Yolo,113,214977,46968,46882,4320,51202,334
2022-09-04,Yuba,115,75493,18682,18615,1681,20296,129
2022-09-03,Alameda,001,1643700,342547,341621,19505,361126,1998
2022-09-03,Alpine,003,1148,133,133,1,134,0
2022-09-03,Amador,005,37829,9888,9855,916,10771,89
2022-09-03,Butte,007,227075,38993,38851,8878,47729,453
2022-09-03,Calaveras,009,45235,8433,8422,522,8944,133
2022-09-03,Colusa,011,21464,3751,3742,1261,5003,22
2022-09-03,Contra Costa,013,1133247,246899,245022,20338,265360,1410
2022-09-03,Del Norte,015,27424,7347,7340,399,7739,56
2022-09-03,El Dorado,017,186661,31997,31929,4206,36135,229
2022-09-03,Fresno,019,978130,272078,271062,30529,301591,2835
2022-09-03,Glenn,021,27897,5471,5462,1851,7313,48
2022-09-03,Humboldt,023,135768,21469,21390,4903,26293,154
2022-09-03,Imperial,025,180216,64883,64678,15427,80105,956
2022-09-03,Inyo,027,18085,4456,4449,918,5367,59
2022-09-03,Kern,029,883053,217468,216471,61651,278122,2404
2022-09-03,Kings,031,150075,58924,58753,4045,62798,455
2022-09-03,Lake,033,64148,12650,12608,1163,13771,143
2022-09-03,Lassen,035,31185,9919,9908,982,10890,64
2022-09-03,Los Angeles,037,10098052,3246565,3235242,176870,3412112,32927
2022-09-03,Madera,039,155013,43521,43403,8163,51566,373
2022-09-03,Marin,041,260295,44542,44394,5233,49627,305
2022-09-03,Mariposa,043,17540,3054,3036,354,3390,31
2022-09-03,Mendocino,045,87422,15825,15781,4416,20197,134
2022-09-03,Merced,047,269075,71619,71280,11608,82888,856
2022-09-03,Modoc,049,8938,870,868,316,1184,11
2022-09-03,Mono,051,14174,3187,3183,244,3427,7
2022-09-03,Monterey,053,433212,93485,93246,20760,114006,761
2022-09-03,Napa,055,140530,31876,31799,1408,33207,156
2022-09-03,Nevada,057,99092,18773,18705,1805,20510,132
2022-09-03,Orange,059,3164182,660484,659290,60533,719823,7347
2022-09-03,Placer,061,380077,74949,74754,9357,84111,657
2022-09-03,Plumas,063,18699,3593,3587,430,4017,13
2022-09-03,Riverside,065,2383286,689506,687184,34822,722006,6581
2022-09-03,Sacramento,067,1510023,342713,341766,33232,374998,3243
2022-09-03,San Benito,069,59416,15967,15900,951,16851,103
2022-09-03,San Bernardino,071,2135413,665324,658354,30590,688944,8006
2022-09-03,San Diego,073,3302833,914636,912824,70879,983703,5464
2022-09-03,San Francisco,075,870044,176277,176131,11925,188056,1015
2022-09-03,San Joaquin,077,732212,195489,194904,14256,209160,2301
2022-09-03,San Luis Obispo,079,281455,62644,62455,7059,69514,517
2022-09-03,San Mateo,081,765935,166129,165520,10506,176026,738
2022-09-03,Santa Barbara,083,443738,104610,104161,6820,110981,716
2022-09-03,Santa Clara,085,1922200,426261,425040,18641,443681,2473
2022-09-03,Santa Cruz,087,273765,62291,61989,3389,65378,273
2022-09-03,Shasta,089,179085,34524,34422,7285,41707,591
2022-09-03,Sierra,091,2930,303,303,60,363,5
2022-09-03,Siskiyou,093,43540,5194,5168,3286,8454,89
2022-09-03,Solano,095,438530,103807,103457,7660,111117,461
2022-09-03,Sonoma,097,501317,105652,105162,5252,110414,517
2022-09-03,Stanislaus,099,539301,136543,136168,21358,157526,1726
2022-09-03,Sutter,101,95872,23977,23927,2463,26390,228
2022-09-03,Tehama,103,63373,13465,13406,3052,16458,210
2022-09-03,Trinity,105,12862,1386,1377,377,1754,20
2022-09-03,Tulare,107,460477,120864,120592,35835,156427,1527
2022-09-03,Tuolumne,109,53932,15372,15294,918,16212,196
2022-09-03,Ventura,111,848112,206233,205627,15473,221100,1558
2022-09-03,Yolo,113,214977,46958,46882,4318,51200,334
2022-09-03,Yuba,115,75493,18673,18615,1680,20295,129
2022-09-02,Alameda,001,1643700,342413,341621,19498,361119,1998
2022-09-02,Alpine,003,1148,133,133,1,134,0
2022-09-02,Amador,005,37829,9886,9855,916,10771,89
2022-09-02,Butte,007,227075,38981,38851,8866,47717,453
2022-09-02,Calaveras,009,45235,8429,8422,521,8943,133
2022-09-02,Colusa,011,21464,3750,3742,1261,5003,22
2022-09-02,Contra Costa,013,1133247,246805,245022,20325,265347,1410
2022-09-02,Del Norte,015,27424,7347,7340,397,7737,56
2022-09-02,El Dorado,017,186661,31986,31929,4204,36133,229
2022-09-02,Fresno,019,978130,271962,271062,30509,301571,2835
2022-09-02,Glenn,021,27897,5467,5462,1851,7313,48
2022-09-02,Humboldt,023,135768,21462,21390,4899,26289,154
2022-09-02,Imperial,025,180216,64862,64678,15414,80092,956
2022-09-02,Inyo,027,18085,4453,4449,917,5366,59
2022-09-02,Kern,029,883053,217386,216471,61584,278055,2404
2022-09-02,Kings,031,150075,58912,58753,4042,62795,455
2022-09-02,Lake,033,64148,12646,12608,1162,13770,143
2022-09-02,Lassen,035,31185,9918,9908,982,10890,64
2022-09-02,Los Angeles,037,10098052,3245527,3235242,176712,3411954,32927
2022-09-02,Madera,039,155013,43508,43403,8158,51561,373
2022-09-02,Marin,041,260295,44525,44394,5223,49617,305
2022-09-02,Mariposa,043,17540,3051,3036,352,3388,31
2022-09-02,Mendocino,045,87422,15823,15781,4415,20196,134
2022-09-02,Merced,047,269075,71593,71280,11605,82885,856
2022-09-02,Modoc,049,8938,870,868,316,1184,11
2022-09-02,Mono,051,14174,3187,3183,243,3426,7
2022-09-02,Monterey,053,433212,93457,93246,20743,113989,761
2022-09-02,Napa,055,140530,31863,31799,1408,33207,156
2022-09-02,Nevada,057,99092,18768,18705,1803,20508,132
2022-09-02,Orange,059,3164182,660296,659290,60474,719764,7347
2022-09-02,Placer,061,380077,74932,74754,9351,84105,657
2022-09-02,Plumas,063,18699,3592,3587,430,4017,13
2022-09-02,Riverside,065,2383286,689262,687184,34807,721991,6581
2022-09-02,Sacramento,067,1510023,342565,341766,33226,374992,3243
2022-09-02,San Benito,069,59416,15960,15900,951,16851,103
2022-09-02,San Bernardino,071,2135413,665150,658354,30575,688929,8006
2022-09-02,San Diego,073,3302833,914365,912824,70852,983676,5464
2022-09-02,San Francisco,075,870044,176211,176131,11908,188039,1015
2022-09-02,San Joaquin,077,732212,195387,194904,14237,209141,2301
2022-09-02,San Luis Obispo,079,281455,62628,62455,7058,69513,517
2022-09-02,San Mateo,081,765935,166046,165520,10503,176023,738
2022-09-02,Santa Barbara,083,443738,104564,104161,6816,110977,716
2022-09-02,Santa Clara,085,1922200,426063,425040,18628,443668,2473
2022-09-02,Santa Cruz,087,273765,62269,61989,3387,65376,273
2022-09-02,Shasta,089,179085,34518,34422,7283,41705,591
2022-09-02,Sierra,091,2930,303,303,60,363,5
2022-09-02,Siskiyou,093,43540,5191,5168,3286,8454,89
2022-09-02,Solano,095,438530,103772,103457,7656,111113,461
2022-09-02,Sonoma,097,501317,105618,105162,5248,110410,517
2022-09-02,Stanislaus,099,539301,136497,136168,21352,157520,1726
2022-09-02,Sutter,101,95872,23966,23927,2462,26389,228
2022-09-02,Tehama,103,63373,13462,13406,3049,16455,210
2022-09-02,Trinity,105,12862,1385,1377,377,1754,20
2022-09-02,Tulare,107,460477,120821,120592,35811,156403,1527
2022-09-02,Tuolumne,109,53932,15370,15294,917,16211,196
2022-09-02,Ventura,111,848112,206142,205627,15460,221087,1558
2022-09-02,Yolo,113,214977,46947,46882,4315,51197,334
2022-09-02,Yuba,115,75493,18665,18615,1677,20292,129
2022-09-01,Alameda,001,1643700,342185,341621,19480,361101,1998
2022-09-01,Alpine,003,1148,133,133,1,134,0
2022-09-01,Amador,005,37829,9882,9855,916,10771,89
2022-09-01,Butte,007,227075,38953,38851,8851,47702,453
2022-09-01,Calaveras,009,45235,8423,8422,520,8942,133
2022-09-01,Colusa,011,21464,3746,3742,1261,5003,22
2022-09-01,Contra Costa,013,1133247,246656,245022,20300,265322,1410
2022-09-01,Del Norte,015,27424,7346,7340,395,7735,56
2022-09-01,El Dorado,017,186661,31976,31929,4203,36132,229
2022-09-01,Fresno,019,978130,271785,271062,30447,301509,2835
2022-09-01,Glenn,021,27897,5465,5462,1851,7313,48
2022-09-01,Humboldt,023,135768,21449,21390,4892,26282,154
2022-09-01,Imperial,025,180216,64815,64678,15392,80070,956
2022-09-01,Inyo,027,18085,4451,4449,916,5365,59
2022-09-01,Kern,029,883053,217312,216471,61468,277939,2404
2022-09-01,Kings,031,150075,58883,58753,4040,62793,455
2022-09-01,Lake,033,64148,12636,12608,1160,13768,143
2022-09-01,Lassen,035,31185,9918,9908,980,10888,64
2022-09-01,Los Angeles,037,10098052,3243981,3235242,176493,3411735,32927
2022-09-01,Madera,039,155013,43470,43403,8155,51558,373
2022-09-01,Marin,041,260295,44492,44394,5215,49609,305
2022-09-01,Mariposa,043,17540,3050,3036,352,3388,31
2022-09-01,Mendocino,045,87422,15819,15781,4413,20194,134
2022-09-01,Merced,047,269075,71561,71280,11588,82868,856
2022-09-01,Modoc,049,8938,870,868,315,1183,11
2022-09-01,Mono,051,14174,3186,3183,243,3426,7
2022-09-01,Monterey,053,433212,93417,93246,20722,113968,761
2022-09-01,Napa,055,140530,31843,31799,1408,33207,156
2022-09-01,Nevada,057,99092,18759,18705,1803,20508,132
2022-09-01,Orange,059,3164182,659987,659290,60397,719687,7347
2022-09-01,Placer,061,380077,74896,74754,9343,84097,657
2022-09-01,Plumas,063,18699,3591,3587,430,4017,13
2022-09-01,Riverside,065,2383286,688931,687184,34768,721952,6581
2022-09-01,Sacramento,067,1510023,342370,341766,33186,374952,3243
2022-09-01,San Benito,069,59416,15952,15900,950,16850,103
2022-09-01,San Bernardino,071,2135413,664825,658354,30541,688895,8006
2022-09-01,San Diego,073,3302833,913957,912824,70804,983628,5464
2022-09-01,San Francisco,075,870044,176076,176131,11896,188027,1015
2022-09-01,San Joaquin,077,732212,195296,194904,14216,209120,2301
2022-09-01,San Luis Obispo,079,281455,62593,62455,7048,69503,517
2022-09-01,San Mateo,081,765935,165954,165520,10494,176014,738
2022-09-01,Santa Barbara,083,443738,104503,104161,6807,110968,716
2022-09-01,Santa Clara,085,1922200,425776,425040,18619,443659,2473
2022-09-01,Santa Cruz,087,273765,62217,61989,3382,65371,273
2022-09-01,Shasta,089,179085,34498,34422,7278,41700,591
2022-09-01,Sierra,091,2930,303,303,60,363,5
2022-09-01,Siskiyou,093,43540,5190,5168,3285,8453,89
2022-09-01,Solano,095,438530,103704,103457,7653,111110,461
2022-09-01,Sonoma,097,501317,105551,105162,5239,110401,517
2022-09-01,Stanislaus,099,539301,136417,136168,21337,157505,1726
2022-09-01,Sutter,101,95872,23948,23927,2459,26386,228
2022-09-01,Tehama,103,63373,13456,13406,3046,16452,210
2022-09-01,Trinity,105,12862,1384,1377,374,1751,20
2022-09-01,Tulare,107,460477,120767,120592,35767,156359,1527
2022-09-01,Tuolumne,109,53932,15362,15294,917,16211,196
2022-09-01,Ventura,111,848112,206000,205627,15442,221069,1558
2022-09-01,Yolo,113,214977,46920,46882,4308,51190,334
2022-09-01,Yuba,115,75493,18651,18615,1677,20292,129
2022-08-31,Alameda,001,1643700,341955,340789,19465,360254,1986
2022-08-31,Alpine,003,1148,133,133,1,134,0
2022-08-31,Amador,005,37829,9878,9829,914,10743,89
2022-08-31,Butte,007,227075,38917,38720,8835,47555,452
2022-08-31,Calaveras,009,45235,8419,8404,519,8923,133
2022-08-31,Colusa,011,21464,3745,3744,1261,5005,22
2022-08-31,Contra Costa,013,1133247,246501,244168,20272,264440,1409
2022-08-31,Del Norte,015,27424,7343,7333,395,7728,56
2022-08-31,El Dorado,017,186661,31969,31864,4197,36061,226
2022-08-31,Fresno,019,978130,271605,270456,30315,300771,2829
2022-08-31,Glenn,021,27897,5464,5448,1850,7298,48
2022-08-31,Humboldt,023,135768,21424,21325,4887,26212,154
2022-08-31,Imperial,025,180216,64785,64562,15370,79932,953
2022-08-31,Inyo,027,18085,4449,4444,915,5359,59
2022-08-31,Kern,029,883053,217200,216037,61328,277365,2404
2022-08-31,Kings,031,150075,58849,58629,4035,62664,455
2022-08-31,Lake,033,64148,12624,12563,1160,13723,142
2022-08-31,Lassen,035,31185,9913,9889,979,10868,64
2022-08-31,Los Angeles,037,10098052,3242213,3228552,176259,3404811,32877
2022-08-31,Madera,039,155013,43435,43269,8141,51410,372
2022-08-31,Marin,041,260295,44462,44330,5209,49539,305
2022-08-31,Mariposa,043,17540,3050,3025,351,3376,31
2022-08-31,Mendocino,045,87422,15812,15733,4408,20141,134
2022-08-31,Merced,047,269075,71533,71089,11563,82652,852
2022-08-31,Modoc,049,8938,868,865,315,1180,11
2022-08-31,Mono,051,14174,3186,3181,242,3423,7
2022-08-31,Monterey,053,433212,93376,93046,20700,113746,762
2022-08-31,Napa,055,140530,31827,31725,1406,33131,156
2022-08-31,Nevada,057,99092,18742,18649,1802,20451,132
2022-08-31,Orange,059,3164182,659582,658076,60309,718385,7340
2022-08-31,Placer,061,380077,74855,74612,9336,83948,657
2022-08-31,Plumas,063,18699,3590,3581,430,4011,13
2022-08-31,Riverside,065,2383286,688532,685704,34728,720432,6581
2022-08-31,Sacramento,067,1510023,342162,340949,33142,374091,3230
2022-08-31,San Benito,069,59416,15940,15860,948,16808,103
2022-08-31,San Bernardino,071,2135413,664398,656343,30501,686844,8014
2022-08-31,San Diego,073,3302833,913491,910878,70748,981626,5459
2022-08-31,San Francisco,075,870044,175962,175752,11887,187639,1001
2022-08-31,San Joaquin,077,732212,195139,194437,14198,208635,2298
2022-08-31,San Luis Obispo,079,281455,62567,62312,7035,69347,515
2022-08-31,San Mateo,081,765935,165850,165161,10487,175648,738
2022-08-31,Santa Barbara,083,443738,104424,103894,6798,110692,717
2022-08-31,Santa Clara,085,1922200,425473,424011,18602,442613,2467
2022-08-31,Santa Cruz,087,273765,62168,61812,3379,65191,272
2022-08-31,Shasta,089,179085,34484,34355,7270,41625,590
2022-08-31,Sierra,091,2930,303,302,60,362,5
2022-08-31,Siskiyou,093,43540,5182,5152,3284,8436,89
2022-08-31,Solano,095,438530,103641,103173,7650,110823,461
2022-08-31,Sonoma,097,501317,105479,104964,5228,110192,527
2022-08-31,Stanislaus,099,539301,136328,135801,21313,157114,1722
2022-08-31,Sutter,101,95872,23933,23856,2458,26314,228
2022-08-31,Tehama,103,63373,13443,13370,3041,16411,210
2022-08-31,Trinity,105,12862,1384,1373,374,1747,20
2022-08-31,Tulare,107,460477,120692,120346,35719,156065,1527
2022-08-31,Tuolumne,109,53932,15353,15250,915,16165,196
2022-08-31,Ventura,111,848112,205867,205157,15425,220582,1557
2022-08-31,Yolo,113,214977,46887,46807,4301,51108,334
2022-08-31,Yuba,115,75493,18629,18558,1673,20231,129
2022-08-30,Alameda,001,1643700,341710,340789,19447,360236,1986
2022-08-30,Alpine,003,1148,133,133,1,134,0
2022-08-30,Amador,005,37829,9867,9829,914,10743,89
2022-08-30,Butte,007,227075,38881,38720,8820,47540,452
2022-08-30,Calaveras,009,45235,8416,8404,517,8921,133
2022-08-30,Colusa,011,21464,3745,3744,1259,5003,22
2022-08-30,Contra Costa,013,1133247,246346,244168,20252,264420,1409
2022-08-30,Del Norte,015,27424,7342,7333,395,7728,56
2022-08-30,El Dorado,017,186661,31952,31864,4193,36057,226
2022-08-30,Fresno,019,978130,271407,270456,30215,300671,2829
2022-08-30,Glenn,021,27897,5464,5448,1849,7297,48
2022-08-30,Humboldt,023,135768,21403,21325,4883,26208,154
2022-08-30,Imperial,025,180216,64739,64562,15334,79896,953
2022-08-30,Inyo,027,18085,4448,4444,912,5356,59
2022-08-30,Kern,029,883053,217071,216037,61182,277219,2404
2022-08-30,Kings,031,150075,58792,58629,4031,62660,455
2022-08-30,Lake,033,64148,12614,12563,1158,13721,142
2022-08-30,Lassen,035,31185,9909,9889,979,10868,64
2022-08-30,Los Angeles,037,10098052,3240166,3228552,176000,3404552,32877
2022-08-30,Madera,039,155013,43385,43269,8124,51393,372
2022-08-30,Marin,041,260295,44429,44330,5204,49534,305
2022-08-30,Mariposa,043,17540,3048,3025,349,3374,31
2022-08-30,Mendocino,045,87422,15801,15733,4398,20131,134
2022-08-30,Merced,047,269075,71483,71089,11541,82630,852
2022-08-30,Modoc,049,8938,868,865,315,1180,11
2022-08-30,Mono,051,14174,3185,3181,242,3423,7
2022-08-30,Monterey,053,433212,93329,93046,20685,113731,762
2022-08-30,Napa,055,140530,31811,31725,1405,33130,156
2022-08-30,Nevada,057,99092,18724,18649,1782,20431,132
2022-08-30,Orange,059,3164182,659140,658076,60204,718280,7340
2022-08-30,Placer,061,380077,74820,74612,9328,83940,657
2022-08-30,Plumas,063,18699,3589,3581,430,4011,13
2022-08-30,Riverside,065,2383286,688091,685704,34690,720394,6581
2022-08-30,Sacramento,067,1510023,341967,340949,33103,374052,3230
2022-08-30,San Benito,069,59416,15927,15860,944,16804,103
2022-08-30,San Bernardino,071,2135413,663937,656343,30468,686811,8014
2022-08-30,San Diego,073,3302833,912961,910878,70654,981532,5459
2022-08-30,San Francisco,075,870044,175842,175752,11877,187629,1001
2022-08-30,San Joaquin,077,732212,194987,194437,14169,208606,2298
2022-08-30,San Luis Obispo,079,281455,62534,62312,7019,69331,515
2022-08-30,San Mateo,081,765935,165746,165161,10477,175638,738
2022-08-30,Santa Barbara,083,443738,104338,103894,6786,110680,717
2022-08-30,Santa Clara,085,1922200,425149,424011,18587,442598,2467
2022-08-30,Santa Cruz,087,273765,62120,61812,3370,65182,272
2022-08-30,Shasta,089,179085,34461,34355,7265,41620,590
2022-08-30,Sierra,091,2930,303,302,60,362,5
2022-08-30,Siskiyou,093,43540,5174,5152,3282,8434,89
2022-08-30,Solano,095,438530,103553,103173,7643,110816,461
2022-08-30,Sonoma,097,501317,105414,104964,5221,110185,527
2022-08-30,Stanislaus,099,539301,136222,135801,21298,157099,1722
2022-08-30,Sutter,101,95872,23915,23856,2458,26314,228
2022-08-30,Tehama,103,63373,13436,13370,3034,16404,210
2022-08-30,Trinity,105,12862,1383,1373,373,1746,20
2022-08-30,Tulare,107,460477,120608,120346,35664,156010,1527
2022-08-30,Tuolumne,109,53932,15338,15250,915,16165,196
2022-08-30,Ventura,111,848112,205717,205157,15382,220539,1557
2022-08-30,Yolo,113,214977,46867,46807,4296,51103,334
2022-08-30,Yuba,115,75493,18617,18558,1671,20229,129
2022-08-29,Alameda,001,1643700,341391,340789,19416,360205,1986
2022-08-29,Alpine,003,1148,133,133,1,134,0
2022-08-29,Amador,005,37829,9853,9829,913,10742,89
2022-08-29,Butte,007,227075,38839,38720,8804,47524,452
2022-08-29,Calaveras,009,45235,8415,8404,515,8919,133
2022-08-29,Colusa,011,21464,3745,3744,1259,5003,22
2022-08-29,Contra Costa,013,1133247,246164,244168,20227,264395,1409
2022-08-29,Del Norte,015,27424,7341,7333,395,7728,56
2022-08-29,El Dorado,017,186661,31936,31864,4187,36051,226
2022-08-29,Fresno,019,978130,271180,270456,30173,300629,2829
2022-08-29,Glenn,021,27897,5462,5448,1846,7294,48
2022-08-29,Humboldt,023,135768,21381,21325,4875,26200,154
2022-08-29,Imperial,025,180216,64697,64562,15294,79856,953
2022-08-29,Inyo,027,18085,4447,4444,908,5352,59
2022-08-29,Kern,029,883053,216904,216037,61040,277077,2404
2022-08-29,Kings,031,150075,58722,58629,4027,62656,455
2022-08-29,Lake,033,64148,12600,12563,1157,13720,142
2022-08-29,Lassen,035,31185,9903,9889,979,10868,64
2022-08-29,Los Angeles,037,10098052,3237969,3228552,175724,3404276,32877
2022-08-29,Madera,039,155013,43346,43269,8103,51372,372
2022-08-29,Marin,041,260295,44395,44330,5198,49528,305
2022-08-29,Mariposa,043,17540,3045,3025,347,3372,31
2022-08-29,Mendocino,045,87422,15788,15733,4385,20118,134
2022-08-29,Merced,047,269075,71425,71089,11509,82598,852
2022-08-29,Modoc,049,8938,867,865,314,1179,11
2022-08-29,Mono,051,14174,3184,3181,242,3423,7
2022-08-29,Monterey,053,433212,93293,93046,20653,113699,762
2022-08-29,Napa,055,140530,31791,31725,1405,33130,156
2022-08-29,Nevada,057,99092,18708,18649,1780,20429,132
2022-08-29,Orange,059,3164182,658703,658076,60120,718196,7340
2022-08-29,Placer,061,380077,74781,74612,9315,83927,657
2022-08-29,Plumas,063,18699,3588,3581,430,4011,13
2022-08-29,Riverside,065,2383286,687524,685704,34631,720335,6581
2022-08-29,Sacramento,067,1510023,341691,340949,33047,373996,3230
2022-08-29,San Benito,069,59416,15914,15860,942,16802,103
2022-08-29,San Bernardino,071,2135413,663369,656343,30427,686770,8014
2022-08-29,San Diego,073,3302833,912338,910878,70583,981461,5459
2022-08-29,San Francisco,075,870044,175740,175752,11866,187618,1001
2022-08-29,San Joaquin,077,732212,194845,194437,14146,208583,2298
2022-08-29,San Luis Obispo,079,281455,62504,62312,7006,69318,515
2022-08-29,San Mateo,081,765935,165638,165161,10469,175630,738
2022-08-29,Santa Barbara,083,443738,104253,103894,6775,110669,717
2022-08-29,Santa Clara,085,1922200,424758,424011,18561,442572,2467
2022-08-29,Santa Cruz,087,273765,62052,61812,3362,65174,272
2022-08-29,Shasta,089,179085,34442,34355,7252,41607,590
2022-08-29,Sierra,091,2930,303,302,60,362,5
2022-08-29,Siskiyou,093,43540,5170,5152,3281,8433,89
2022-08-29,Solano,095,438530,103473,103173,7633,110806,461
2022-08-29,Sonoma,097,501317,105333,104964,5214,110178,527
2022-08-29,Stanislaus,099,539301,136102,135801,21264,157065,1722
2022-08-29,Sutter,101,95872,23887,23856,2454,26310,228
2022-08-29,Tehama,103,63373,13427,13370,3033,16403,210
2022-08-29,Trinity,105,12862,1382,1373,373,1746,20
2022-08-29,Tulare,107,460477,120520,120346,35591,155937,1527
2022-08-29,Tuolumne,109,53932,15323,15250,915,16165,196
2022-08-29,Ventura,111,848112,205573,205157,15356,220513,1557
2022-08-29,Yolo,113,214977,46841,46807,4286,51093,334
2022-08-29,Yuba,115,75493,18600,18558,1666,20224,129
2022-08-28,Alameda,001,1643700,341068,339618,19392,359010,1978
2022-08-28,Alpine,003,1148,133,133,1,134,0
2022-08-28,Amador,005,37829,9846,9802,911,10713,89
2022-08-28,Butte,007,227075,38789,38606,8792,47398,452
2022-08-28,Calaveras,009,45235,8407,8368,514,8882,133
2022-08-28,Colusa,011,21464,3742,3736,1255,4991,22
2022-08-28,Contra Costa,013,1133247,245947,243331,20205,263536,1404
2022-08-28,Del Norte,015,27424,7335,7316,394,7710,55
2022-08-28,El Dorado,017,186661,31906,31760,4178,35938,226
2022-08-28,Fresno,019,978130,270934,269680,30115,299795,2829
2022-08-28,Glenn,021,27897,5459,5434,1844,7278,49
2022-08-28,Humboldt,023,135768,21357,21264,4860,26124,154
2022-08-28,Imperial,025,180216,64645,64391,15245,79636,953
2022-08-28,Inyo,027,18085,4446,4443,905,5348,59
2022-08-28,Kern,029,883053,216765,215612,60859,276471,2399
2022-08-28,Kings,031,150075,58665,58443,4016,62459,455
2022-08-28,Lake,033,64148,12588,12524,1153,13677,142
2022-08-28,Lassen,035,31185,9892,9871,979,10850,64
2022-08-28,Los Angeles,037,10098052,3235339,3219328,175373,3394701,32833
2022-08-28,Madera,039,155013,43297,43105,8070,51175,372
2022-08-28,Marin,041,260295,44363,44192,5189,49381,305
2022-08-28,Mariposa,043,17540,3039,3018,346,3364,31
2022-08-28,Mendocino,045,87422,15774,15698,4381,20079,134
2022-08-28,Merced,047,269075,71353,70906,11456,82362,851
2022-08-28,Modoc,049,8938,867,865,314,1179,11
2022-08-28,Mono,051,14174,3183,3181,242,3423,7
2022-08-28,Monterey,053,433212,93226,92844,20623,113467,760
2022-08-28,Napa,055,140530,31764,31668,1404,33072,156
2022-08-28,Nevada,057,99092,18686,18592,1779,20371,132
2022-08-28,Orange,059,3164182,658250,656440,60018,716458,7326
2022-08-28,Placer,061,380077,74736,74391,9302,83693,657
2022-08-28,Plumas,063,18699,3585,3571,430,4001,13
2022-08-28,Riverside,065,2383286,686894,683511,34561,718072,6580
2022-08-28,Sacramento,067,1510023,341369,339846,32974,372820,3222
2022-08-28,San Benito,069,59416,15901,15805,939,16744,103
2022-08-28,San Bernardino,071,2135413,662773,653843,30366,684209,8017
2022-08-28,San Diego,073,3302833,911582,908809,70489,979298,5456
2022-08-28,San Francisco,075,870044,175587,175204,11857,187061,1000
2022-08-28,San Joaquin,077,732212,194617,193880,14113,207993,2296
2022-08-28,San Luis Obispo,079,281455,62459,62105,6984,69089,515
2022-08-28,San Mateo,081,765935,165487,164675,10456,175131,738
2022-08-28,Santa Barbara,083,443738,104122,103496,6754,110250,717
2022-08-28,Santa Clara,085,1922200,424348,422650,18540,441190,2459
2022-08-28,Santa Cruz,087,273765,61951,61594,3348,64942,273
2022-08-28,Shasta,089,179085,34412,34283,7233,41516,590
2022-08-28,Sierra,091,2930,302,300,60,360,5
2022-08-28,Siskiyou,093,43540,5164,5140,3279,8419,89
2022-08-28,Solano,095,438530,103380,102855,7624,110479,460
2022-08-28,Sonoma,097,501317,105250,104646,5203,109849,557
2022-08-28,Stanislaus,099,539301,135952,135310,21235,156545,1722
2022-08-28,Sutter,101,95872,23860,23759,2451,26210,228
2022-08-28,Tehama,103,63373,13407,13340,3031,16371,210
2022-08-28,Trinity,105,12862,1382,1370,371,1741,20
2022-08-28,Tulare,107,460477,120408,119942,35481,155423,1527
2022-08-28,Tuolumne,109,53932,15317,15193,910,16103,196
2022-08-28,Ventura,111,848112,205380,204567,15281,219848,1553
2022-08-28,Yolo,113,214977,46793,46744,4274,51018,334
2022-08-28,Yuba,115,75493,18581,18482,1660,20142,129
2022-08-27,Alameda,001,1643700,340882,339618,19381,358999,1978
2022-08-27,Alpine,003,1148,133,133,1,134,0
2022-08-27,Amador,005,37829,9840,9802,910,10712,89
2022-08-27,Butte,007,227075,38761,38606,8779,47385,452
2022-08-27,Calaveras,009,45235,8402,8368,514,8882,133
2022-08-27,Colusa,011,21464,3741,3736,1250,4986,22
2022-08-27,Contra Costa,013,1133247,245808,243331,20194,263525,1404
2022-08-27,Del Norte,015,27424,7334,7316,393,7709,55
2022-08-27,El Dorado,017,186661,31894,31760,4174,35934,226
2022-08-27,Fresno,019,978130,270814,269680,30099,299779,2829
2022-08-27,Glenn,021,27897,5457,5434,1844,7278,49
2022-08-27,Humboldt,023,135768,21341,21264,4852,26116,154
2022-08-27,Imperial,025,180216,64622,64391,15235,79626,953
2022-08-27,Inyo,027,18085,4445,4443,905,5348,59
2022-08-27,Kern,029,883053,216684,215612,60748,276360,2399
2022-08-27,Kings,031,150075,58635,58443,4013,62456,455
2022-08-27,Lake,033,64148,12584,12524,1149,13673,142
2022-08-27,Lassen,035,31185,9888,9871,979,10850,64
2022-08-27,Los Angeles,037,10098052,3234036,3219328,175161,3394489,32833
2022-08-27,Madera,039,155013,43262,43105,8066,51171,372
2022-08-27,Marin,041,260295,44342,44192,5180,49372,305
2022-08-27,Mariposa,043,17540,3038,3018,345,3363,31
2022-08-27,Mendocino,045,87422,15768,15698,4379,20077,134
2022-08-27,Merced,047,269075,71310,70906,11448,82354,851
2022-08-27,Modoc,049,8938,867,865,314,1179,11
2022-08-27,Mono,051,14174,3183,3181,242,3423,7
2022-08-27,Monterey,053,433212,93195,92844,20607,113451,760
2022-08-27,Napa,055,140530,31749,31668,1402,33070,156
2022-08-27,Nevada,057,99092,18675,18592,1777,20369,132
2022-08-27,Orange,059,3164182,657992,656440,59916,716356,7326
2022-08-27,Placer,061,380077,74699,74391,9298,83689,657
2022-08-27,Plumas,063,18699,3584,3571,430,4001,13
2022-08-27,Riverside,065,2383286,686563,683511,34535,718046,6580
2022-08-27,Sacramento,067,1510023,341238,339846,32960,372806,3222
2022-08-27,San Benito,069,59416,15886,15805,934,16739,103
2022-08-27,San Bernardino,071,2135413,662465,653843,30331,684174,8017
2022-08-27,San Diego,073,3302833,911246,908809,70458,979267,5456
2022-08-27,San Francisco,075,870044,175514,175204,11850,187054,1000
2022-08-27,San Joaquin,077,732212,194560,193880,14091,207971,2296
2022-08-27,San Luis Obispo,079,281455,62444,62105,6977,69082,515
2022-08-27,San Mateo,081,765935,165394,164675,10452,175127,738
2022-08-27,Santa Barbara,083,443738,104060,103496,6743,110239,717
2022-08-27,Santa Clara,085,1922200,424137,422650,18527,441177,2459
2022-08-27,Santa Cruz,087,273765,61938,61594,3347,64941,273
2022-08-27,Shasta,089,179085,34402,34283,7227,41510,590
2022-08-27,Sierra,091,2930,302,300,60,360,5
2022-08-27,Siskiyou,093,43540,5162,5140,3279,8419,89
2022-08-27,Solano,095,438530,103343,102855,7617,110472,460
2022-08-27,Sonoma,097,501317,105209,104646,5200,109846,557
2022-08-27,Stanislaus,099,539301,135878,135310,21209,156519,1722
2022-08-27,Sutter,101,95872,23845,23759,2451,26210,228
2022-08-27,Tehama,103,63373,13401,13340,3030,16370,210
2022-08-27,Trinity,105,12862,1381,1370,369,1739,20
2022-08-27,Tulare,107,460477,120348,119942,35431,155373,1527
2022-08-27,Tuolumne,109,53932,15311,15193,908,16101,196
2022-08-27,Ventura,111,848112,205296,204567,15268,219835,1553
2022-08-27,Yolo,113,214977,46772,46744,4273,51017,334
2022-08-27,Yuba,115,75493,18569,18482,1659,20141,129
2022-08-26,Alameda,001,1643700,340715,339618,19371,358989,1978
2022-08-26,Alpine,003,1148,133,133,1,134,0
2022-08-26,Amador,005,37829,9837,9802,908,10710,89
2022-08-26,Butte,007,227075,38747,38606,8767,47373,452
2022-08-26,Calaveras,009,45235,8397,8368,514,8882,133
2022-08-26,Colusa,011,21464,3740,3736,1250,4986,22
2022-08-26,Contra Costa,013,1133247,245654,243331,20185,263516,1404
2022-08-26,Del Norte,015,27424,7332,7316,393,7709,55
2022-08-26,El Dorado,017,186661,31873,31760,4173,35933,226
2022-08-26,Fresno,019,978130,270659,269680,30061,299741,2829
2022-08-26,Glenn,021,27897,5454,5434,1842,7276,49
2022-08-26,Humboldt,023,135768,21335,21264,4849,26113,154
2022-08-26,Imperial,025,180216,64599,64391,15221,79612,953
2022-08-26,Inyo,027,18085,4444,4443,898,5341,59
2022-08-26,Kern,029,883053,216597,215612,60650,276262,2399
2022-08-26,Kings,031,150075,58621,58443,4011,62454,455
2022-08-26,Lake,033,64148,12576,12524,1148,13672,142
2022-08-26,Lassen,035,31185,9886,9871,979,10850,64
2022-08-26,Los Angeles,037,10098052,3232651,3219328,174950,3394278,32833
2022-08-26,Madera,039,155013,43232,43105,8059,51164,372
2022-08-26,Marin,041,260295,44310,44192,5177,49369,305
2022-08-26,Mariposa,043,17540,3034,3018,340,3358,31
2022-08-26,Mendocino,045,87422,15762,15698,4377,20075,134
2022-08-26,Merced,047,269075,71273,70906,11439,82345,851
2022-08-26,Modoc,049,8938,866,865,314,1179,11
2022-08-26,Mono,051,14174,3183,3181,242,3423,7
2022-08-26,Monterey,053,433212,93156,92844,20592,113436,760
2022-08-26,Napa,055,140530,31736,31668,1401,33069,156
2022-08-26,Nevada,057,99092,18662,18592,1775,20367,132
2022-08-26,Orange,059,3164182,657733,656440,59854,716294,7326
2022-08-26,Placer,061,380077,74664,74391,9287,83678,657
2022-08-26,Plumas,063,18699,3583,3571,430,4001,13
2022-08-26,Riverside,065,2383286,686214,683511,34498,718009,6580
2022-08-26,Sacramento,067,1510023,341054,339846,32949,372795,3222
2022-08-26,San Benito,069,59416,15875,15805,934,16739,103
2022-08-26,San Bernardino,071,2135413,662152,653843,30304,684147,8017
2022-08-26,San Diego,073,3302833,910824,908809,70436,979245,5456
2022-08-26,San Francisco,075,870044,175431,175204,11844,187048,1000
2022-08-26,San Joaquin,077,732212,194487,193880,14073,207953,2296
2022-08-26,San Luis Obispo,079,281455,62422,62105,6973,69078,515
2022-08-26,San Mateo,081,765935,165304,164675,10445,175120,738
2022-08-26,Santa Barbara,083,443738,104008,103496,6737,110233,717
2022-08-26,Santa Clara,085,1922200,423923,422650,18515,441165,2459
2022-08-26,Santa Cruz,087,273765,61891,61594,3343,64937,273
2022-08-26,Shasta,089,179085,34390,34283,7223,41506,590
2022-08-26,Sierra,091,2930,302,300,60,360,5
2022-08-26,Siskiyou,093,43540,5159,5140,3279,8419,89
2022-08-26,Solano,095,438530,103284,102855,7607,110462,460
2022-08-26,Sonoma,097,501317,105167,104646,5198,109844,557
2022-08-26,Stanislaus,099,539301,135801,135310,21200,156510,1722
2022-08-26,Sutter,101,95872,23826,23759,2450,26209,228
2022-08-26,Tehama,103,63373,13390,13340,3028,16368,210
2022-08-26,Trinity,105,12862,1381,1370,369,1739,20
2022-08-26,Tulare,107,460477,120290,119942,35381,155323,1527
2022-08-26,Tuolumne,109,53932,15299,15193,908,16101,196
2022-08-26,Ventura,111,848112,205217,204567,15252,219819,1553
2022-08-26,Yolo,113,214977,46760,46744,4269,51013,334
2022-08-26,Yuba,115,75493,18556,18482,1659,20141,129
2022-08-25,Alameda,001,1643700,340427,339618,19344,358962,1978
2022-08-25,Alpine,003,1148,133,133,1,134,0
2022-08-25,Amador,005,37829,9830,9802,908,10710,89
2022-08-25,Butte,007,227075,38723,38606,8759,47365,452
2022-08-25,Calaveras,009,45235,8391,8368,514,8882,133
2022-08-25,Colusa,011,21464,3740,3736,1248,4984,22
2022-08-25,Contra Costa,013,1133247,245454,243331,20157,263488,1404
2022-08-25,Del Norte,015,27424,7323,7316,393,7709,55
2022-08-25,El Dorado,017,186661,31852,31760,4168,35928,226
2022-08-25,Fresno,019,978130,270464,269680,30012,299692,2829
2022-08-25,Glenn,021,27897,5449,5434,1841,7275,49
2022-08-25,Humboldt,023,135768,21314,21264,4839,26103,154
2022-08-25,Imperial,025,180216,64558,64391,15192,79583,953
2022-08-25,Inyo,027,18085,4444,4443,891,5334,59
2022-08-25,Kern,029,883053,216459,215612,60542,276154,2399
2022-08-25,Kings,031,150075,58563,58443,4003,62446,455
2022-08-25,Lake,033,64148,12563,12524,1145,13669,142
2022-08-25,Lassen,035,31185,9885,9871,978,10849,64
2022-08-25,Los Angeles,037,10098052,3230529,3219328,174663,3393991,32833
2022-08-25,Madera,039,155013,43186,43105,8044,51149,372
2022-08-25,Marin,041,260295,44282,44192,5169,49361,305
2022-08-25,Mariposa,043,17540,3032,3018,340,3358,31
2022-08-25,Mendocino,045,87422,15753,15698,4376,20074,134
2022-08-25,Merced,047,269075,71229,70906,11405,82311,851
2022-08-25,Modoc,049,8938,866,865,314,1179,11
2022-08-25,Mono,051,14174,3183,3181,242,3423,7
2022-08-25,Monterey,053,433212,93104,92844,20570,113414,760
2022-08-25,Napa,055,140530,31718,31668,1400,33068,156
2022-08-25,Nevada,057,99092,18640,18592,1770,20362,132
2022-08-25,Orange,059,3164182,657328,656440,59764,716204,7326
2022-08-25,Placer,061,380077,74613,74391,9279,83670,657
2022-08-25,Plumas,063,18699,3581,3571,430,4001,13
2022-08-25,Riverside,065,2383286,685691,683511,34448,717959,6580
2022-08-25,Sacramento,067,1510023,340782,339846,32909,372755,3222
2022-08-25,San Benito,069,59416,15863,15805,932,16737,103
2022-08-25,San Bernardino,071,2135413,661625,653843,30268,684111,8017
2022-08-25,San Diego,073,3302833,910290,908809,70363,979172,5456
2022-08-25,San Francisco,075,870044,175321,175204,11839,187043,1000
2022-08-25,San Joaquin,077,732212,194341,193880,14050,207930,2296
2022-08-25,San Luis Obispo,079,281455,62323,62105,6962,69067,515
2022-08-25,San Mateo,081,765935,165177,164675,10437,175112,738
2022-08-25,Santa Barbara,083,443738,103914,103496,6721,110217,717
2022-08-25,Santa Clara,085,1922200,423615,422650,18494,441144,2459
2022-08-25,Santa Cruz,087,273765,61832,61594,3338,64932,273
2022-08-25,Shasta,089,179085,34371,34283,7211,41494,590
2022-08-25,Sierra,091,2930,302,300,60,360,5
2022-08-25,Siskiyou,093,43540,5154,5140,3274,8414,89
2022-08-25,Solano,095,438530,103201,102855,7598,110453,460
2022-08-25,Sonoma,097,501317,105090,104646,5191,109837,557
2022-08-25,Stanislaus,099,539301,135676,135310,21176,156486,1722
2022-08-25,Sutter,101,95872,23803,23759,2448,26207,228
2022-08-25,Tehama,103,63373,13383,13340,3020,16360,210
2022-08-25,Trinity,105,12862,1381,1370,368,1738,20
2022-08-25,Tulare,107,460477,120197,119942,35308,155250,1527
2022-08-25,Tuolumne,109,53932,15281,15193,907,16100,196
2022-08-25,Ventura,111,848112,205064,204567,15202,219769,1553
2022-08-25,Yolo,113,214977,46732,46744,4263,51007,334
2022-08-25,Yuba,115,75493,18537,18482,1656,20138,129
2022-08-24,Alameda,001,1643700,340120,338591,19318,357909,1976
2022-08-24,Alpine,003,1148,133,131,1,132,0
2022-08-24,Amador,005,37829,9823,9786,905,10691,89
2022-08-24,Butte,007,227075,38685,38458,8743,47201,449
2022-08-24,Calaveras,009,45235,8376,8334,513,8847,132
2022-08-24,Colusa,011,21464,3740,3722,1245,4967,22
2022-08-24,Contra Costa,013,1133247,245267,242633,20130,262763,1399
2022-08-24,Del Norte,015,27424,7319,7308,391,7699,55
2022-08-24,El Dorado,017,186661,31838,31682,4162,35844,225
2022-08-24,Fresno,019,978130,270274,269025,29953,298978,2822
2022-08-24,Glenn,021,27897,5447,5423,1841,7264,48
2022-08-24,Humboldt,023,135768,21293,21195,4828,26023,153
2022-08-24,Imperial,025,180216,64522,64271,15174,79445,951
2022-08-24,Inyo,027,18085,4443,4440,890,5330,59
2022-08-24,Kern,029,883053,216312,215225,60423,275648,2399
2022-08-24,Kings,031,150075,58511,58324,3999,62323,454
2022-08-24,Lake,033,64148,12556,12476,1141,13617,142
2022-08-24,Lassen,035,31185,9882,9867,975,10842,64
2022-08-24,Los Angeles,037,10098052,3228195,3211321,174353,3385674,32783
2022-08-24,Madera,039,155013,43147,42984,8017,51001,372
2022-08-24,Marin,041,260295,44248,44082,5158,49240,305
2022-08-24,Mariposa,043,17540,3032,3010,340,3350,31
2022-08-24,Mendocino,045,87422,15742,15623,4366,19989,134
2022-08-24,Merced,047,269075,71179,70665,11374,82039,849
2022-08-24,Modoc,049,8938,866,864,313,1177,11
2022-08-24,Mono,051,14174,3183,3181,240,3421,7
2022-08-24,Monterey,053,433212,93044,92590,20529,113119,760
2022-08-24,Napa,055,140530,31708,31602,1398,33000,156
2022-08-24,Nevada,057,99092,18624,18565,1767,20332,132
2022-08-24,Orange,059,3164182,656883,654893,59678,714571,7312
2022-08-24,Placer,061,380077,74555,74226,9274,83500,657
2022-08-24,Plumas,063,18699,3577,3555,430,3985,13
2022-08-24,Riverside,065,2383286,685160,681805,34389,716194,6573
2022-08-24,Sacramento,067,1510023,340504,339009,32865,371874,3208
2022-08-24,San Benito,069,59416,15841,15745,929,16674,103
2022-08-24,San Bernardino,071,2135413,661121,651496,30223,681719,8018
2022-08-24,San Diego,073,3302833,909730,906885,70298,977183,5453
2022-08-24,San Francisco,075,870044,175182,174731,11834,186565,974
2022-08-24,San Joaquin,077,732212,194191,193370,14024,207394,2288
2022-08-24,San Luis Obispo,079,281455,62284,61962,6949,68911,515
2022-08-24,San Mateo,081,765935,165063,164307,10431,174738,738
2022-08-24,Santa Barbara,083,443738,103839,103237,6703,109940,716
2022-08-24,Santa Clara,085,1922200,423270,421483,18482,439965,2454
2022-08-24,Santa Cruz,087,273765,61805,61387,3332,64719,270
2022-08-24,Shasta,089,179085,34357,34180,7197,41377,589
2022-08-24,Sierra,091,2930,302,301,60,361,5
2022-08-24,Siskiyou,093,43540,5150,5133,3273,8406,88
2022-08-24,Solano,095,438530,103115,102631,7588,110219,459
2022-08-24,Sonoma,097,501317,105010,104444,5190,109634,520
2022-08-24,Stanislaus,099,539301,135547,134894,21151,156045,1720
2022-08-24,Sutter,101,95872,23771,23673,2447,26120,228
2022-08-24,Tehama,103,63373,13378,13312,3016,16328,209
2022-08-24,Trinity,105,12862,1380,1369,368,1737,20
2022-08-24,Tulare,107,460477,120092,119644,35207,154851,1525
2022-08-24,Tuolumne,109,53932,15271,15140,907,16047,196
2022-08-24,Ventura,111,848112,204898,204064,15161,219225,1551
2022-08-24,Yolo,113,214977,46703,46665,4255,50920,333
2022-08-24,Yuba,115,75493,18512,18425,1650,20075,129
2022-08-23,Alameda,001,1643700,339802,338591,19295,357886,1976
2022-08-23,Alpine,003,1148,133,131,1,132,0
2022-08-23,Amador,005,37829,9812,9786,904,10690,89
2022-08-23,Butte,007,227075,38654,38458,8722,47180,449
2022-08-23,Calaveras,009,45235,8367,8334,509,8843,132
2022-08-23,Colusa,011,21464,3737,3722,1241,4963,22
2022-08-23,Contra Costa,013,1133247,245070,242633,20099,262732,1399
2022-08-23,Del Norte,015,27424,7315,7308,391,7699,55
2022-08-23,El Dorado,017,186661,31818,31682,4159,35841,225
2022-08-23,Fresno,019,978130,270024,269025,29891,298916,2822
2022-08-23,Glenn,021,27897,5440,5423,1840,7263,48
2022-08-23,Humboldt,023,135768,21280,21195,4816,26011,153
2022-08-23,Imperial,025,180216,64480,64271,15155,79426,951
2022-08-23,Inyo,027,18085,4443,4440,882,5322,59
2022-08-23,Kern,029,883053,216183,215225,60257,275482,2399
2022-08-23,Kings,031,150075,58460,58324,3994,62318,454
2022-08-23,Lake,033,64148,12536,12476,1140,13616,142
2022-08-23,Lassen,035,31185,9878,9867,975,10842,64
2022-08-23,Los Angeles,037,10098052,3225585,3211321,174027,3385348,32783
2022-08-23,Madera,039,155013,43102,42984,7994,50978,372
2022-08-23,Marin,041,260295,44217,44082,5154,49236,305
2022-08-23,Mariposa,043,17540,3029,3010,335,3345,31
2022-08-23,Mendocino,045,87422,15724,15623,4358,19981,134
2022-08-23,Merced,047,269075,71124,70665,11329,81994,849
2022-08-23,Modoc,049,8938,866,864,313,1177,11
2022-08-23,Mono,051,14174,3183,3181,240,3421,7
2022-08-23,Monterey,053,433212,92975,92590,20483,113073,760
2022-08-23,Napa,055,140530,31691,31602,1398,33000,156
2022-08-23,Nevada,057,99092,18610,18565,1759,20324,132
2022-08-23,Orange,059,3164182,656378,654893,59565,714458,7312
2022-08-23,Placer,061,380077,74491,74226,9260,83486,657
2022-08-23,Plumas,063,18699,3571,3555,430,3985,13
2022-08-23,Riverside,065,2383286,684546,681805,34324,716129,6573
2022-08-23,Sacramento,067,1510023,340184,339009,32810,371819,3208
2022-08-23,San Benito,069,59416,15818,15745,925,16670,103
2022-08-23,San Bernardino,071,2135413,660512,651496,30159,681655,8018
2022-08-23,San Diego,073,3302833,909110,906885,70224,977109,5453
2022-08-23,San Francisco,075,870044,175032,174731,11825,186556,974
2022-08-23,San Joaquin,077,732212,194040,193370,13981,207351,2288
2022-08-23,San Luis Obispo,079,281455,62240,61962,6934,68896,515
2022-08-23,San Mateo,081,765935,164943,164307,10427,174734,738
2022-08-23,Santa Barbara,083,443738,103746,103237,6686,109923,716
2022-08-23,Santa Clara,085,1922200,422899,421483,18467,439950,2454
2022-08-23,Santa Cruz,087,273765,61752,61387,3329,64716,270
2022-08-23,Shasta,089,179085,34335,34180,7189,41369,589
2022-08-23,Sierra,091,2930,302,301,60,361,5
2022-08-23,Siskiyou,093,43540,5150,5133,3271,8404,88
2022-08-23,Solano,095,438530,103023,102631,7582,110213,459
2022-08-23,Sonoma,097,501317,104928,104444,5179,109623,520
2022-08-23,Stanislaus,099,539301,135426,134894,21108,156002,1720
2022-08-23,Sutter,101,95872,23752,23673,2442,26115,228
2022-08-23,Tehama,103,63373,13368,13312,3014,16326,209
2022-08-23,Trinity,105,12862,1378,1369,368,1737,20
2022-08-23,Tulare,107,460477,119980,119644,35104,154748,1525
2022-08-23,Tuolumne,109,53932,15256,15140,906,16046,196
2022-08-23,Ventura,111,848112,204727,204064,15123,219187,1551
2022-08-23,Yolo,113,214977,46677,46665,4253,50918,333
2022-08-23,Yuba,115,75493,18491,18425,1646,20071,129
2022-08-22,Alameda,001,1643700,339438,338591,19266,357857,1976
2022-08-22,Alpine,003,1148,133,131,1,132,0
2022-08-22,Amador,005,37829,9807,9786,903,10689,89
2022-08-22,Butte,007,227075,38605,38458,8705,47163,449
2022-08-22,Calaveras,009,45235,8356,8334,507,8841,132
2022-08-22,Colusa,011,21464,3735,3722,1237,4959,22
2022-08-22,Contra Costa,013,1133247,244829,242633,20056,262689,1399
2022-08-22,Del Norte,015,27424,7314,7308,391,7699,55
2022-08-22,El Dorado,017,186661,31792,31682,4155,35837,225
2022-08-22,Fresno,019,978130,269785,269025,29804,298829,2822
2022-08-22,Glenn,021,27897,5439,5423,1838,7261,48
2022-08-22,Humboldt,023,135768,21259,21195,4801,25996,153
2022-08-22,Imperial,025,180216,64406,64271,15113,79384,951
2022-08-22,Inyo,027,18085,4441,4440,882,5322,59
2022-08-22,Kern,029,883053,216032,215225,60068,275293,2399
2022-08-22,Kings,031,150075,58408,58324,3986,62310,454
2022-08-22,Lake,033,64148,12514,12476,1135,13611,142
2022-08-22,Lassen,035,31185,9876,9867,975,10842,64
2022-08-22,Los Angeles,037,10098052,3222705,3211321,173684,3385005,32783
2022-08-22,Madera,039,155013,43049,42984,7968,50952,372
2022-08-22,Marin,041,260295,44185,44082,5145,49227,305
2022-08-22,Mariposa,043,17540,3021,3010,334,3344,31
2022-08-22,Mendocino,045,87422,15703,15623,4340,19963,134
2022-08-22,Merced,047,269075,71049,70665,11286,81951,849
2022-08-22,Modoc,049,8938,866,864,313,1177,11
2022-08-22,Mono,051,14174,3183,3181,240,3421,7
2022-08-22,Monterey,053,433212,92900,92590,20432,113022,760
2022-08-22,Napa,055,140530,31665,31602,1395,32997,156
2022-08-22,Nevada,057,99092,18592,18565,1753,20318,132
2022-08-22,Orange,059,3164182,655797,654893,59444,714337,7312
2022-08-22,Placer,061,380077,74418,74226,9250,83476,657
2022-08-22,Plumas,063,18699,3570,3555,430,3985,13
2022-08-22,Riverside,065,2383286,683887,681805,34252,716057,6573
2022-08-22,Sacramento,067,1510023,339843,339009,32733,371742,3208
2022-08-22,San Benito,069,59416,15797,15745,923,16668,103
2022-08-22,San Bernardino,071,2135413,659776,651496,30089,681585,8018
2022-08-22,San Diego,073,3302833,908431,906885,70108,976993,5453
2022-08-22,San Francisco,075,870044,174883,174731,11812,186543,974
2022-08-22,San Joaquin,077,732212,193865,193370,13941,207311,2288
2022-08-22,San Luis Obispo,079,281455,62190,61962,6919,68881,515
2022-08-22,San Mateo,081,765935,164803,164307,10415,174722,738
2022-08-22,Santa Barbara,083,443738,103624,103237,6668,109905,716
2022-08-22,Santa Clara,085,1922200,422472,421483,18440,439923,2454
2022-08-22,Santa Cruz,087,273765,61670,61387,3325,64712,270
2022-08-22,Shasta,089,179085,34320,34180,7179,41359,589
2022-08-22,Sierra,091,2930,302,301,60,361,5
2022-08-22,Siskiyou,093,43540,5146,5133,3269,8402,88
2022-08-22,Solano,095,438530,102936,102631,7570,110201,459
2022-08-22,Sonoma,097,501317,104850,104444,5163,109607,520
2022-08-22,Stanislaus,099,539301,135265,134894,21070,155964,1720
2022-08-22,Sutter,101,95872,23718,23673,2441,26114,228
2022-08-22,Tehama,103,63373,13362,13312,3011,16323,209
2022-08-22,Trinity,105,12862,1376,1369,365,1734,20
2022-08-22,Tulare,107,460477,119854,119644,35000,154644,1525
2022-08-22,Tuolumne,109,53932,15233,15140,906,16046,196
2022-08-22,Ventura,111,848112,204567,204064,15046,219110,1551
2022-08-22,Yolo,113,214977,46638,46665,4244,50909,333
2022-08-22,Yuba,115,75493,18464,18425,1642,20067,129
2022-08-21,Alameda,001,1643700,339011,337238,19243,356481,1970
2022-08-21,Alpine,003,1148,132,131,1,132,0
2022-08-21,Amador,005,37829,9800,9761,898,10659,89
2022-08-21,Butte,007,227075,38560,38316,8687,47003,449
2022-08-21,Calaveras,009,45235,8343,8313,505,8818,132
2022-08-21,Colusa,011,21464,3729,3718,1231,4949,22
2022-08-21,Contra Costa,013,1133247,244547,241665,20019,261684,1399
2022-08-21,Del Norte,015,27424,7307,7290,390,7680,55
2022-08-21,El Dorado,017,186661,31761,31600,4148,35748,225
2022-08-21,Fresno,019,978130,269512,268147,29717,297864,2822
2022-08-21,Glenn,021,27897,5435,5413,1837,7250,48
2022-08-21,Humboldt,023,135768,21235,21104,4783,25887,153
2022-08-21,Imperial,025,180216,64347,64092,15072,79164,951
2022-08-21,Inyo,027,18085,4441,4435,878,5313,59
2022-08-21,Kern,029,883053,215843,214656,59875,274531,2389
2022-08-21,Kings,031,150075,58337,58109,3975,62084,454
2022-08-21,Lake,033,64148,12492,12426,1131,13557,142
2022-08-21,Lassen,035,31185,9870,9843,974,10817,64
2022-08-21,Los Angeles,037,10098052,3219484,3200023,173286,3373309,32746
2022-08-21,Madera,039,155013,42999,42822,7930,50752,372
2022-08-21,Marin,041,260295,44137,43966,5125,49091,305
2022-08-21,Mariposa,043,17540,3020,3003,333,3336,31
2022-08-21,Mendocino,045,87422,15672,15578,4317,19895,134
2022-08-21,Merced,047,269075,70956,70449,11212,81661,846
2022-08-21,Modoc,049,8938,865,862,313,1175,11
2022-08-21,Mono,051,14174,3183,3177,238,3415,7
2022-08-21,Monterey,053,433212,92798,92287,20375,112662,760
2022-08-21,Napa,055,140530,31643,31534,1394,32928,156
2022-08-21,Nevada,057,99092,18581,18497,1748,20245,132
2022-08-21,Orange,059,3164182,655151,652703,59311,712014,7280
2022-08-21,Placer,061,380077,74358,74027,9245,83272,657
2022-08-21,Plumas,063,18699,3563,3550,430,3980,13
2022-08-21,Riverside,065,2383286,683056,679298,34167,713465,6574
2022-08-21,Sacramento,067,1510023,339473,337745,32663,370408,3208
2022-08-21,San Benito,069,59416,15774,15698,920,16618,103
2022-08-21,San Bernardino,071,2135413,658934,648583,30024,678607,8014
2022-08-21,San Diego,073,3302833,907574,904015,70032,974047,5448
2022-08-21,San Francisco,075,870044,174682,174151,11793,185944,973
2022-08-21,San Joaquin,077,732212,193619,192738,13908,206646,2288
2022-08-21,San Luis Obispo,079,281455,62141,61764,6891,68655,516
2022-08-21,San Mateo,081,765935,164648,163705,10407,174112,738
2022-08-21,Santa Barbara,083,443738,103497,102795,6640,109435,713
2022-08-21,Santa Clara,085,1922200,421949,419723,18408,438131,2437
2022-08-21,Santa Cruz,087,273765,61554,61098,3320,64418,269
2022-08-21,Shasta,089,179085,34282,34105,7164,41269,588
2022-08-21,Sierra,091,2930,302,298,60,358,4
2022-08-21,Siskiyou,093,43540,5145,5119,3262,8381,88
2022-08-21,Solano,095,438530,102852,102355,7559,109914,457
2022-08-21,Sonoma,097,501317,104744,104090,5149,109239,511
2022-08-21,Stanislaus,099,539301,135100,134407,20998,155405,1719
2022-08-21,Sutter,101,95872,23685,23587,2434,26021,228
2022-08-21,Tehama,103,63373,13351,13289,3007,16296,209
2022-08-21,Trinity,105,12862,1374,1366,364,1730,20
2022-08-21,Tulare,107,460477,119730,119251,34846,154097,1521
2022-08-21,Tuolumne,109,53932,15217,15085,904,15989,196
2022-08-21,Ventura,111,848112,204342,203318,14969,218287,1547
2022-08-21,Yolo,113,214977,46598,46567,4239,50806,333
2022-08-21,Yuba,115,75493,18442,18363,1635,19998,129
2022-08-20,Alameda,001,1643700,338801,337238,19226,356464,1970
2022-08-20,Alpine,003,1148,132,131,1,132,0
2022-08-20,Amador,005,37829,9797,9761,898,10659,89
2022-08-20,Butte,007,227075,38532,38316,8682,46998,449
2022-08-20,Calaveras,009,45235,8340,8313,504,8817,132
2022-08-20,Colusa,011,21464,3725,3718,1225,4943,22
2022-08-20,Contra Costa,013,1133247,244408,241665,20004,261669,1399
2022-08-20,Del Norte,015,27424,7306,7290,390,7680,55
2022-08-20,El Dorado,017,186661,31742,31600,4146,35746,225
2022-08-20,Fresno,019,978130,269370,268147,29693,297840,2822
2022-08-20,Glenn,021,27897,5432,5413,1837,7250,48
2022-08-20,Humboldt,023,135768,21219,21104,4768,25872,153
2022-08-20,Imperial,025,180216,64312,64092,15052,79144,951
2022-08-20,Inyo,027,18085,4441,4435,878,5313,59
2022-08-20,Kern,029,883053,215754,214656,59756,274412,2389
2022-08-20,Kings,031,150075,58310,58109,3970,62079,454
2022-08-20,Lake,033,64148,12482,12426,1127,13553,142
2022-08-20,Lassen,035,31185,9867,9843,974,10817,64
2022-08-20,Los Angeles,037,10098052,3217908,3200023,173063,3373086,32746
2022-08-20,Madera,039,155013,42976,42822,7923,50745,372
2022-08-20,Marin,041,260295,44119,43966,5123,49089,305
2022-08-20,Mariposa,043,17540,3020,3003,333,3336,31
2022-08-20,Mendocino,045,87422,15658,15578,4314,19892,134
2022-08-20,Merced,047,269075,70931,70449,11204,81653,846
2022-08-20,Modoc,049,8938,865,862,313,1175,11
2022-08-20,Mono,051,14174,3183,3177,237,3414,7
2022-08-20,Monterey,053,433212,92753,92287,20347,112634,760
2022-08-20,Napa,055,140530,31635,31534,1394,32928,156
2022-08-20,Nevada,057,99092,18578,18497,1746,20243,132
2022-08-20,Orange,059,3164182,654834,652703,59226,711929,7280
2022-08-20,Placer,061,380077,74311,74027,9239,83266,657
2022-08-20,Plumas,063,18699,3563,3550,430,3980,13
2022-08-20,Riverside,065,2383286,682634,679298,34136,713434,6574
2022-08-20,Sacramento,067,1510023,339311,337745,32642,370387,3208
2022-08-20,San Benito,069,59416,15755,15698,917,16615,103
2022-08-20,San Bernardino,071,2135413,658521,648583,29983,678566,8014
2022-08-20,San Diego,073,3302833,907199,904015,70003,974018,5448
2022-08-20,San Francisco,075,870044,174561,174151,11792,185943,973
2022-08-20,San Joaquin,077,732212,193520,192738,13882,206620,2288
2022-08-20,San Luis Obispo,079,281455,62123,61764,6883,68647,516
2022-08-20,San Mateo,081,765935,164548,163705,10402,174107,738
2022-08-20,Santa Barbara,083,443738,103427,102795,6632,109427,713
2022-08-20,Santa Clara,085,1922200,421681,419723,18392,438115,2437
2022-08-20,Santa Cruz,087,273765,61526,61098,3314,64412,269
2022-08-20,Shasta,089,179085,34257,34105,7162,41267,588
2022-08-20,Sierra,091,2930,302,298,60,358,4
2022-08-20,Siskiyou,093,43540,5140,5119,3261,8380,88
2022-08-20,Solano,095,438530,102806,102355,7552,109907,457
2022-08-20,Sonoma,097,501317,104695,104090,5143,109233,511
2022-08-20,Stanislaus,099,539301,135011,134407,20981,155388,1719
2022-08-20,Sutter,101,95872,23657,23587,2434,26021,228
2022-08-20,Tehama,103,63373,13346,13289,3004,16293,209
2022-08-20,Trinity,105,12862,1374,1366,364,1730,20
2022-08-20,Tulare,107,460477,119650,119251,34793,154044,1521
2022-08-20,Tuolumne,109,53932,15208,15085,902,15987,196
2022-08-20,Ventura,111,848112,204233,203318,14952,218270,1547
2022-08-20,Yolo,113,214977,46570,46567,4231,50798,333
2022-08-20,Yuba,115,75493,18435,18363,1634,19997,129
2022-08-19,Alameda,001,1643700,338591,337238,19203,356441,1970
2022-08-19,Alpine,003,1148,132,131,1,132,0
2022-08-19,Amador,005,37829,9796,9761,898,10659,89
2022-08-19,Butte,007,227075,38511,38316,8671,46987,449
2022-08-19,Calaveras,009,45235,8335,8313,504,8817,132
2022-08-19,Colusa,011,21464,3724,3718,1224,4942,22
2022-08-19,Contra Costa,013,1133247,244266,241665,19990,261655,1399
2022-08-19,Del Norte,015,27424,7301,7290,390,7680,55
2022-08-19,El Dorado,017,186661,31730,31600,4142,35742,225
2022-08-19,Fresno,019,978130,269208,268147,29667,297814,2822
2022-08-19,Glenn,021,27897,5431,5413,1837,7250,48
2022-08-19,Humboldt,023,135768,21209,21104,4757,25861,153
2022-08-19,Imperial,025,180216,64284,64092,15037,79129,951
2022-08-19,Inyo,027,18085,4441,4435,874,5309,59
2022-08-19,Kern,029,883053,215665,214656,59659,274315,2389
2022-08-19,Kings,031,150075,58267,58109,3963,62072,454
2022-08-19,Lake,033,64148,12470,12426,1124,13550,142
2022-08-19,Lassen,035,31185,9864,9843,974,10817,64
2022-08-19,Los Angeles,037,10098052,3216101,3200023,172841,3372864,32746
2022-08-19,Madera,039,155013,42953,42822,7919,50741,372
2022-08-19,Marin,041,260295,44083,43966,5117,49083,305
2022-08-19,Mariposa,043,17540,3018,3003,333,3336,31
2022-08-19,Mendocino,045,87422,15646,15578,4305,19883,134
2022-08-19,Merced,047,269075,70891,70449,11199,81648,846
2022-08-19,Modoc,049,8938,865,862,313,1175,11
2022-08-19,Mono,051,14174,3183,3177,237,3414,7
2022-08-19,Monterey,053,433212,92699,92287,20317,112604,760
2022-08-19,Napa,055,140530,31618,31534,1392,32926,156
2022-08-19,Nevada,057,99092,18574,18497,1744,20241,132
2022-08-19,Orange,059,3164182,654473,652703,59144,711847,7280
2022-08-19,Placer,061,380077,74275,74027,9232,83259,657
2022-08-19,Plumas,063,18699,3562,3550,430,3980,13
2022-08-19,Riverside,065,2383286,682213,679298,34105,713403,6574
2022-08-19,Sacramento,067,1510023,339122,337745,32621,370366,3208
2022-08-19,San Benito,069,59416,15752,15698,916,16614,103
2022-08-19,San Bernardino,071,2135413,658079,648583,29965,678548,8014
2022-08-19,San Diego,073,3302833,906703,904015,69951,973966,5448
2022-08-19,San Francisco,075,870044,174422,174151,11775,185926,973
2022-08-19,San Joaquin,077,732212,193419,192738,13863,206601,2288
2022-08-19,San Luis Obispo,079,281455,62108,61764,6881,68645,516
2022-08-19,San Mateo,081,765935,164434,163705,10397,174102,738
2022-08-19,Santa Barbara,083,443738,103348,102795,6627,109422,713
2022-08-19,Santa Clara,085,1922200,421370,419723,18376,438099,2437
2022-08-19,Santa Cruz,087,273765,61463,61098,3309,64407,269
2022-08-19,Shasta,089,179085,34242,34105,7162,41267,588
2022-08-19,Sierra,091,2930,302,298,60,358,4
2022-08-19,Siskiyou,093,43540,5133,5119,3261,8380,88
2022-08-19,Solano,095,438530,102749,102355,7545,109900,457
2022-08-19,Sonoma,097,501317,104638,104090,5139,109229,511
2022-08-19,Stanislaus,099,539301,134929,134407,20964,155371,1719
2022-08-19,Sutter,101,95872,23640,23587,2433,26020,228
2022-08-19,Tehama,103,63373,13336,13289,2998,16287,209
2022-08-19,Trinity,105,12862,1373,1366,364,1730,20
2022-08-19,Tulare,107,460477,119565,119251,34741,153992,1521
2022-08-19,Tuolumne,109,53932,15201,15085,901,15986,196
2022-08-19,Ventura,111,848112,204107,203318,14930,218248,1547
2022-08-19,Yolo,113,214977,46548,46567,4228,50795,333
2022-08-19,Yuba,115,75493,18420,18363,1634,19997,129
2022-08-18,Alameda,001,1643700,338295,337238,19169,356407,1970
2022-08-18,Alpine,003,1148,131,131,1,132,0
2022-08-18,Amador,005,37829,9791,9761,897,10658,89
2022-08-18,Butte,007,227075,38482,38316,8656,46972,449
2022-08-18,Calaveras,009,45235,8330,8313,504,8817,132
2022-08-18,Colusa,011,21464,3724,3718,1220,4938,22
2022-08-18,Contra Costa,013,1133247,244058,241665,19957,261622,1399
2022-08-18,Del Norte,015,27424,7296,7290,389,7679,55
2022-08-18,El Dorado,017,186661,31715,31600,4139,35739,225
2022-08-18,Fresno,019,978130,268995,268147,29608,297755,2822
2022-08-18,Glenn,021,27897,5426,5413,1836,7249,48
2022-08-18,Humboldt,023,135768,21185,21104,4729,25833,153
2022-08-18,Imperial,025,180216,64260,64092,14995,79087,951
2022-08-18,Inyo,027,18085,4440,4435,869,5304,59
2022-08-18,Kern,029,883053,215516,214656,59524,274180,2389
2022-08-18,Kings,031,150075,58222,58109,3952,62061,454
2022-08-18,Lake,033,64148,12458,12426,1121,13547,142
2022-08-18,Lassen,035,31185,9863,9843,973,10816,64
2022-08-18,Los Angeles,037,10098052,3213659,3200023,172560,3372583,32746
2022-08-18,Madera,039,155013,42912,42822,7900,50722,372
2022-08-18,Marin,041,260295,44052,43966,5106,49072,305
2022-08-18,Mariposa,043,17540,3016,3003,333,3336,31
2022-08-18,Mendocino,045,87422,15632,15578,4304,19882,134
2022-08-18,Merced,047,269075,70814,70449,11163,81612,846
2022-08-18,Modoc,049,8938,865,862,313,1175,11
2022-08-18,Mono,051,14174,3181,3177,237,3414,7
2022-08-18,Monterey,053,433212,92614,92287,20278,112565,760
2022-08-18,Napa,055,140530,31597,31534,1391,32925,156
2022-08-18,Nevada,057,99092,18558,18497,1739,20236,132
2022-08-18,Orange,059,3164182,654009,652703,59034,711737,7280
2022-08-18,Placer,061,380077,74220,74027,9229,83256,657
2022-08-18,Plumas,063,18699,3558,3550,430,3980,13
2022-08-18,Riverside,065,2383286,681634,679298,34055,713353,6574
2022-08-18,Sacramento,067,1510023,338822,337745,32563,370308,3208
2022-08-18,San Benito,069,59416,15740,15698,913,16611,103
2022-08-18,San Bernardino,071,2135413,657412,648583,29911,678494,8014
2022-08-18,San Diego,073,3302833,906050,904015,69879,973894,5448
2022-08-18,San Francisco,075,870044,174278,174151,11751,185902,973
2022-08-18,San Joaquin,077,732212,193250,192738,13834,206572,2288
2022-08-18,San Luis Obispo,079,281455,62066,61764,6866,68630,516
2022-08-18,San Mateo,081,765935,164256,163705,10388,174093,738
2022-08-18,Santa Barbara,083,443738,103242,102795,6615,109410,713
2022-08-18,Santa Clara,085,1922200,420938,419723,18345,438068,2437
2022-08-18,Santa Cruz,087,273765,61392,61098,3303,64401,269
2022-08-18,Shasta,089,179085,34222,34105,7157,41262,588
2022-08-18,Sierra,091,2930,301,298,60,358,4
2022-08-18,Siskiyou,093,43540,5131,5119,3259,8378,88
2022-08-18,Solano,095,438530,102678,102355,7535,109890,457
2022-08-18,Sonoma,097,501317,104551,104090,5129,109219,511
2022-08-18,Stanislaus,099,539301,134801,134407,20931,155338,1719
2022-08-18,Sutter,101,95872,23619,23587,2431,26018,228
2022-08-18,Tehama,103,63373,13329,13289,2994,16283,209
2022-08-18,Trinity,105,12862,1372,1366,361,1727,20
2022-08-18,Tulare,107,460477,119469,119251,34644,153895,1521
2022-08-18,Tuolumne,109,53932,15160,15085,896,15981,196
2022-08-18,Ventura,111,848112,203934,203318,14888,218206,1547
2022-08-18,Yolo,113,214977,46524,46567,4219,50786,333
2022-08-18,Yuba,115,75493,18400,18363,1631,19994,129
2022-08-17,Alameda,001,1643700,337960,336198,19134,355332,1948
2022-08-17,Alpine,003,1148,131,131,1,132,0
2022-08-17,Amador,005,37829,9783,9728,897,10625,89
2022-08-17,Butte,007,227075,38443,38203,8645,46848,447
2022-08-17,Calaveras,009,45235,8323,8295,501,8796,131
2022-08-17,Colusa,011,21464,3723,3716,1218,4934,22
2022-08-17,Contra Costa,013,1133247,243830,240894,19920,260814,1394
2022-08-17,Del Norte,015,27424,7292,7274,389,7663,55
2022-08-17,El Dorado,017,186661,31696,31523,4135,35658,225
2022-08-17,Fresno,019,978130,268769,267367,29542,296909,2818
2022-08-17,Glenn,021,27897,5425,5403,1833,7236,48
2022-08-17,Humboldt,023,135768,21162,21029,4714,25743,153
2022-08-17,Imperial,025,180216,64218,63972,14964,78936,950
2022-08-17,Inyo,027,18085,4438,4421,866,5287,58
2022-08-17,Kern,029,883053,215384,214040,59397,273437,2389
2022-08-17,Kings,031,150075,58158,57948,3949,61897,454
2022-08-17,Lake,033,64148,12448,12383,1120,13503,142
2022-08-17,Lassen,035,31185,9854,9813,973,10786,64
2022-08-17,Los Angeles,037,10098052,3210894,3190808,172244,3363052,32701
2022-08-17,Madera,039,155013,42865,42677,7862,50539,372
2022-08-17,Marin,041,260295,44019,43852,5102,48954,305
2022-08-17,Mariposa,043,17540,3012,2998,332,3330,31
2022-08-17,Mendocino,045,87422,15621,15504,4298,19802,132
2022-08-17,Merced,047,269075,70756,70232,11119,81351,843
2022-08-17,Modoc,049,8938,864,857,313,1170,11
2022-08-17,Mono,051,14174,3180,3175,237,3412,7
2022-08-17,Monterey,053,433212,92550,91984,20223,112207,759
2022-08-17,Napa,055,140530,31582,31454,1389,32843,155
2022-08-17,Nevada,057,99092,18541,18443,1737,20180,132
2022-08-17,Orange,059,3164182,653402,650827,58919,709746,7266
2022-08-17,Placer,061,380077,74171,73852,9221,83073,655
2022-08-17,Plumas,063,18699,3556,3544,429,3973,13
2022-08-17,Riverside,065,2383286,680996,677437,33993,711430,6562
2022-08-17,Sacramento,067,1510023,338492,336667,32520,369187,3194
2022-08-17,San Benito,069,59416,15724,15655,912,16567,103
2022-08-17,San Bernardino,071,2135413,656778,646584,29851,676435,7999
2022-08-17,San Diego,073,3302833,905312,901794,69808,971602,5442
2022-08-17,San Francisco,075,870044,174149,173590,11739,185329,971
2022-08-17,San Joaquin,077,732212,193101,192078,13798,205876,2283
2022-08-17,San Luis Obispo,079,281455,62013,61604,6853,68457,514
2022-08-17,San Mateo,081,765935,164160,163218,10381,173599,738
2022-08-17,Santa Barbara,083,443738,103130,102430,6596,109026,712
2022-08-17,Santa Clara,085,1922200,420479,418231,18336,436567,2424
2022-08-17,Santa Cruz,087,273765,61303,60880,3297,64177,269
2022-08-17,Shasta,089,179085,34204,33984,7148,41132,587
2022-08-17,Sierra,091,2930,301,297,60,357,4
2022-08-17,Siskiyou,093,43540,5129,5102,3255,8357,88
2022-08-17,Solano,095,438530,102595,102115,7530,109645,459
2022-08-17,Sonoma,097,501317,104452,103844,5122,108966,504
2022-08-17,Stanislaus,099,539301,134656,133989,20893,154882,1715
2022-08-17,Sutter,101,95872,23585,23489,2425,25914,228
2022-08-17,Tehama,103,63373,13326,13259,2989,16248,209
2022-08-17,Trinity,105,12862,1372,1362,359,1721,20
2022-08-17,Tulare,107,460477,119361,118997,34537,153534,1521
2022-08-17,Tuolumne,109,53932,15152,15044,894,15938,196
2022-08-17,Ventura,111,848112,203753,202609,14832,217441,1546
2022-08-17,Yolo,113,214977,46492,46414,4214,50628,331
2022-08-17,Yuba,115,75493,18380,18305,1628,19933,129
2022-08-16,Alameda,001,1643700,337591,336198,19114,355312,1948
2022-08-16,Alpine,003,1148,131,131,1,132,0
2022-08-16,Amador,005,37829,9770,9728,892,10620,89
2022-08-16,Butte,007,227075,38411,38203,8630,46833,447
2022-08-16,Calaveras,009,45235,8315,8295,501,8796,131
2022-08-16,Colusa,011,21464,3722,3716,1216,4932,22
2022-08-16,Contra Costa,013,1133247,243594,240894,19878,260772,1394
2022-08-16,Del Norte,015,27424,7287,7274,389,7663,55
2022-08-16,El Dorado,017,186661,31676,31523,4128,35651,225
2022-08-16,Fresno,019,978130,268523,267367,29496,296863,2818
2022-08-16,Glenn,021,27897,5424,5403,1830,7233,48
2022-08-16,Humboldt,023,135768,21135,21029,4687,25716,153
2022-08-16,Imperial,025,180216,64168,63972,14925,78897,950
2022-08-16,Inyo,027,18085,4434,4421,862,5283,58
2022-08-16,Kern,029,883053,215249,214040,59255,273295,2389
2022-08-16,Kings,031,150075,58112,57948,3946,61894,454
2022-08-16,Lake,033,64148,12432,12383,1116,13499,142
2022-08-16,Lassen,035,31185,9841,9813,972,10785,64
2022-08-16,Los Angeles,037,10098052,3207872,3190808,171895,3362703,32701
2022-08-16,Madera,039,155013,42807,42677,7841,50518,372
2022-08-16,Marin,041,260295,43981,43852,5096,48948,305
2022-08-16,Mariposa,043,17540,3011,2998,331,3329,31
2022-08-16,Mendocino,045,87422,15603,15504,4284,19788,132
2022-08-16,Merced,047,269075,70679,70232,11074,81306,843
2022-08-16,Modoc,049,8938,864,857,313,1170,11
2022-08-16,Mono,051,14174,3179,3175,236,3411,7
2022-08-16,Monterey,053,433212,92471,91984,20152,112136,759
2022-08-16,Napa,055,140530,31563,31454,1388,32842,155
2022-08-16,Nevada,057,99092,18526,18443,1733,20176,132
2022-08-16,Orange,059,3164182,652738,650827,58787,709614,7266
2022-08-16,Placer,061,380077,74103,73852,9212,83064,655
2022-08-16,Plumas,063,18699,3554,3544,429,3973,13
2022-08-16,Riverside,065,2383286,680309,677437,33944,711381,6562
2022-08-16,Sacramento,067,1510023,338163,336667,32484,369151,3194
2022-08-16,San Benito,069,59416,15711,15655,908,16563,103
2022-08-16,San Bernardino,071,2135413,656046,646584,29779,676363,7999
2022-08-16,San Diego,073,3302833,904495,901794,69719,971513,5442
2022-08-16,San Francisco,075,870044,173990,173590,11733,185323,971
2022-08-16,San Joaquin,077,732212,192889,192078,13768,205846,2283
2022-08-16,San Luis Obispo,079,281455,61976,61604,6846,68450,514
2022-08-16,San Mateo,081,765935,164001,163218,10367,173585,738
2022-08-16,Santa Barbara,083,443738,103003,102430,6573,109003,712
2022-08-16,Santa Clara,085,1922200,420008,418231,18311,436542,2424
2022-08-16,Santa Cruz,087,273765,61250,60880,3293,64173,269
2022-08-16,Shasta,089,179085,34177,33984,7139,41123,587
2022-08-16,Sierra,091,2930,300,297,60,357,4
2022-08-16,Siskiyou,093,43540,5125,5102,3250,8352,88
2022-08-16,Solano,095,438530,102523,102115,7514,109629,459
2022-08-16,Sonoma,097,501317,104347,103844,5114,108958,504
2022-08-16,Stanislaus,099,539301,134522,133989,20831,154820,1715
2022-08-16,Sutter,101,95872,23561,23489,2419,25908,228
2022-08-16,Tehama,103,63373,13320,13259,2984,16243,209
2022-08-16,Trinity,105,12862,1369,1362,359,1721,20
2022-08-16,Tulare,107,460477,119274,118997,34417,153414,1521
2022-08-16,Tuolumne,109,53932,15138,15044,894,15938,196
2022-08-16,Ventura,111,848112,203524,202609,14776,217385,1546
2022-08-16,Yolo,113,214977,46473,46414,4209,50623,331
2022-08-16,Yuba,115,75493,18361,18305,1622,19927,129
2022-08-15,Alameda,001,1643700,337210,336198,19083,355281,1948
2022-08-15,Alpine,003,1148,131,131,1,132,0
2022-08-15,Amador,005,37829,9758,9728,892,10620,89
2022-08-15,Butte,007,227075,38389,38203,8611,46814,447
2022-08-15,Calaveras,009,45235,8313,8295,500,8795,131
2022-08-15,Colusa,011,21464,3719,3716,1215,4931,22
2022-08-15,Contra Costa,013,1133247,243310,240894,19845,260739,1394
2022-08-15,Del Norte,015,27424,7283,7274,388,7662,55
2022-08-15,El Dorado,017,186661,31646,31523,4121,35644,225
2022-08-15,Fresno,019,978130,268220,267367,29434,296801,2818
2022-08-15,Glenn,021,27897,5416,5403,1829,7232,48
2022-08-15,Humboldt,023,135768,21112,21029,4666,25695,153
2022-08-15,Imperial,025,180216,64121,63972,14888,78860,950
2022-08-15,Inyo,027,18085,4433,4421,860,5281,58
2022-08-15,Kern,029,883053,215065,214040,59115,273155,2389
2022-08-15,Kings,031,150075,58037,57948,3937,61885,454
2022-08-15,Lake,033,64148,12416,12383,1114,13497,142
2022-08-15,Lassen,035,31185,9840,9813,972,10785,64
2022-08-15,Los Angeles,037,10098052,3204503,3190808,171556,3362364,32701
2022-08-15,Madera,039,155013,42755,42677,7799,50476,372
2022-08-15,Marin,041,260295,43937,43852,5090,48942,305
2022-08-15,Mariposa,043,17540,3009,2998,330,3328,31
2022-08-15,Mendocino,045,87422,15586,15504,4278,19782,132
2022-08-15,Merced,047,269075,70615,70232,11021,81253,843
2022-08-15,Modoc,049,8938,860,857,313,1170,11
2022-08-15,Mono,051,14174,3178,3175,236,3411,7
2022-08-15,Monterey,053,433212,92361,91984,20082,112066,759
2022-08-15,Napa,055,140530,31537,31454,1388,32842,155
2022-08-15,Nevada,057,99092,18512,18443,1732,20175,132
2022-08-15,Orange,059,3164182,652029,650827,58674,709501,7266
2022-08-15,Placer,061,380077,74045,73852,9202,83054,655
2022-08-15,Plumas,063,18699,3550,3544,429,3973,13
2022-08-15,Riverside,065,2383286,679515,677437,33884,711321,6562
2022-08-15,Sacramento,067,1510023,337766,336667,32447,369114,3194
2022-08-15,San Benito,069,59416,15695,15655,906,16561,103
2022-08-15,San Bernardino,071,2135413,655226,646584,29701,676285,7999
2022-08-15,San Diego,073,3302833,903647,901794,69611,971405,5442
2022-08-15,San Francisco,075,870044,173816,173590,11729,185319,971
2022-08-15,San Joaquin,077,732212,192684,192078,13729,205807,2283
2022-08-15,San Luis Obispo,079,281455,61939,61604,6828,68432,514
2022-08-15,San Mateo,081,765935,163799,163218,10361,173579,738
2022-08-15,Santa Barbara,083,443738,102907,102430,6550,108980,712
2022-08-15,Santa Clara,085,1922200,419490,418231,18281,436512,2424
2022-08-15,Santa Cruz,087,273765,61170,60880,3288,64168,269
2022-08-15,Shasta,089,179085,34152,33984,7129,41113,587
2022-08-15,Sierra,091,2930,300,297,60,357,4
2022-08-15,Siskiyou,093,43540,5122,5102,3246,8348,88
2022-08-15,Solano,095,438530,102419,102115,7499,109614,459
2022-08-15,Sonoma,097,501317,104256,103844,5106,108950,504
2022-08-15,Stanislaus,099,539301,134382,133989,20795,154784,1715
2022-08-15,Sutter,101,95872,23529,23489,2417,25906,228
2022-08-15,Tehama,103,63373,13312,13259,2977,16236,209
2022-08-15,Trinity,105,12862,1366,1362,357,1719,20
2022-08-15,Tulare,107,460477,119143,118997,34300,153297,1521
2022-08-15,Tuolumne,109,53932,15130,15044,894,15938,196
2022-08-15,Ventura,111,848112,203274,202609,14711,217320,1546
2022-08-15,Yolo,113,214977,46438,46414,4206,50620,331
2022-08-15,Yuba,115,75493,18338,18305,1617,19922,129
2022-08-14,Alameda,001,1643700,336748,334944,19056,354000,1948
2022-08-14,Alpine,003,1148,131,131,1,132,0
2022-08-14,Amador,005,37829,9749,9705,890,10595,89
2022-08-14,Butte,007,227075,38339,38062,8595,46657,447
2022-08-14,Calaveras,009,45235,8304,8271,499,8770,131
2022-08-14,Colusa,011,21464,3719,3704,1212,4916,22
2022-08-14,Contra Costa,013,1133247,243042,239735,19791,259526,1393
2022-08-14,Del Norte,015,27424,7275,7245,386,7631,54
2022-08-14,El Dorado,017,186661,31614,31430,4116,35546,225
2022-08-14,Fresno,019,978130,267919,266211,29380,295591,2816
2022-08-14,Glenn,021,27897,5412,5393,1828,7221,48
2022-08-14,Humboldt,023,135768,21083,20954,4652,25606,153
2022-08-14,Imperial,025,180216,64056,63766,14846,78612,950
2022-08-14,Inyo,027,18085,4426,4418,856,5274,58
2022-08-14,Kern,029,883053,214882,213071,58943,272014,2380
2022-08-14,Kings,031,150075,57982,57748,3932,61680,454
2022-08-14,Lake,033,64148,12398,12324,1111,13435,142
2022-08-14,Lassen,035,31185,9820,9795,971,10766,64
2022-08-14,Los Angeles,037,10098052,3200981,3177769,171161,3348930,32657
2022-08-14,Madera,039,155013,42694,42517,7756,50273,372
2022-08-14,Marin,041,260295,43892,43662,5084,48746,305
2022-08-14,Mariposa,043,17540,3007,2986,329,3315,31
2022-08-14,Mendocino,045,87422,15567,15456,4271,19727,132
2022-08-14,Merced,047,269075,70510,69974,10955,80929,842
2022-08-14,Modoc,049,8938,859,856,313,1169,11
2022-08-14,Mono,051,14174,3177,3170,236,3406,7
2022-08-14,Monterey,053,433212,92237,91612,20010,111622,759
2022-08-14,Napa,055,140530,31499,31312,1385,32697,156
2022-08-14,Nevada,057,99092,18492,18398,1729,20127,132
2022-08-14,Orange,059,3164182,651306,648171,58535,706706,7248
2022-08-14,Placer,061,380077,73985,73588,9185,82773,656
2022-08-14,Plumas,063,18699,3548,3539,429,3968,13
2022-08-14,Riverside,065,2383286,678700,674362,33799,708161,6561
2022-08-14,Sacramento,067,1510023,337279,335292,32394,367686,3190
2022-08-14,San Benito,069,59416,15673,15578,897,16475,103
2022-08-14,San Bernardino,071,2135413,654356,643895,29625,673520,7983
2022-08-14,San Diego,073,3302833,902757,898646,69508,968154,5437
2022-08-14,San Francisco,075,870044,173603,172876,11715,184591,955
2022-08-14,San Joaquin,077,732212,192390,191272,13669,204941,2283
2022-08-14,San Luis Obispo,079,281455,61878,61403,6800,68203,512
2022-08-14,San Mateo,081,765935,163594,162531,10347,172878,738
2022-08-14,Santa Barbara,083,443738,102770,101942,6524,108466,712
2022-08-14,Santa Clara,085,1922200,418922,416369,18246,434615,2422
2022-08-14,Santa Cruz,087,273765,61065,60594,3281,63875,273
2022-08-14,Shasta,089,179085,34108,33895,7115,41010,584
2022-08-14,Sierra,091,2930,300,296,60,356,4
2022-08-14,Siskiyou,093,43540,5115,5086,3244,8330,88
2022-08-14,Solano,095,438530,102280,101761,7490,109251,458
2022-08-14,Sonoma,097,501317,104151,103496,5090,108586,504
2022-08-14,Stanislaus,099,539301,134201,133490,20740,154230,1702
2022-08-14,Sutter,101,95872,23487,23386,2413,25799,228
2022-08-14,Tehama,103,63373,13304,13213,2976,16189,209
2022-08-14,Trinity,105,12862,1365,1356,357,1713,20
2022-08-14,Tulare,107,460477,118995,118563,34179,152742,1520
2022-08-14,Tuolumne,109,53932,15110,14964,893,15857,196
2022-08-14,Ventura,111,848112,203009,201765,14668,216433,1541
2022-08-14,Yolo,113,214977,46392,46225,4201,50426,331
2022-08-14,Yuba,115,75493,18316,18232,1614,19846,129
2022-08-13,Alameda,001,1643700,336498,334944,19041,353985,1948
2022-08-13,Alpine,003,1148,131,131,1,132,0
2022-08-13,Amador,005,37829,9745,9705,890,10595,89
2022-08-13,Butte,007,227075,38315,38062,8584,46646,447
2022-08-13,Calaveras,009,45235,8300,8271,498,8769,131
2022-08-13,Colusa,011,21464,3716,3704,1212,4916,22
2022-08-13,Contra Costa,013,1133247,242876,239735,19765,259500,1393
2022-08-13,Del Norte,015,27424,7273,7245,386,7631,54
2022-08-13,El Dorado,017,186661,31601,31430,4115,35545,225
2022-08-13,Fresno,019,978130,267780,266211,29350,295561,2816
2022-08-13,Glenn,021,27897,5412,5393,1826,7219,48
2022-08-13,Humboldt,023,135768,21067,20954,4642,25596,153
2022-08-13,Imperial,025,180216,64015,63766,14828,78594,950
2022-08-13,Inyo,027,18085,4424,4418,855,5273,58
2022-08-13,Kern,029,883053,214791,213071,58863,271934,2380
2022-08-13,Kings,031,150075,57957,57748,3931,61679,454
2022-08-13,Lake,033,64148,12387,12324,1111,13435,142
2022-08-13,Lassen,035,31185,9814,9795,970,10765,64
2022-08-13,Los Angeles,037,10098052,3199151,3177769,170904,3348673,32657
2022-08-13,Madera,039,155013,42678,42517,7749,50266,372
2022-08-13,Marin,041,260295,43872,43662,5081,48743,305
2022-08-13,Mariposa,043,17540,3007,2986,328,3314,31
2022-08-13,Mendocino,045,87422,15555,15456,4268,19724,132
2022-08-13,Merced,047,269075,70472,69974,10949,80923,842
2022-08-13,Modoc,049,8938,859,856,313,1169,11
2022-08-13,Mono,051,14174,3177,3170,235,3405,7
2022-08-13,Monterey,053,433212,92172,91612,19973,111585,759
2022-08-13,Napa,055,140530,31486,31312,1383,32695,156
2022-08-13,Nevada,057,99092,18481,18398,1727,20125,132
2022-08-13,Orange,059,3164182,650916,648171,58461,706632,7248
2022-08-13,Placer,061,380077,73939,73588,9179,82767,656
2022-08-13,Plumas,063,18699,3546,3539,429,3968,13
2022-08-13,Riverside,065,2383286,678265,674362,33766,708128,6561
2022-08-13,Sacramento,067,1510023,337088,335292,32383,367675,3190
2022-08-13,San Benito,069,59416,15667,15578,891,16469,103
2022-08-13,San Bernardino,071,2135413,653890,643895,29595,673490,7983
2022-08-13,San Diego,073,3302833,902307,898646,69464,968110,5437
2022-08-13,San Francisco,075,870044,173486,172876,11709,184585,955
2022-08-13,San Joaquin,077,732212,192267,191272,13647,204919,2283
2022-08-13,San Luis Obispo,079,281455,61859,61403,6795,68198,512
2022-08-13,San Mateo,081,765935,163482,162531,10335,172866,738
2022-08-13,Santa Barbara,083,443738,102692,101942,6509,108451,712
2022-08-13,Santa Clara,085,1922200,418606,416369,18225,434594,2422
2022-08-13,Santa Cruz,087,273765,61028,60594,3275,63869,273
2022-08-13,Shasta,089,179085,34070,33895,7111,41006,584
2022-08-13,Sierra,091,2930,300,296,60,356,4
2022-08-13,Siskiyou,093,43540,5113,5086,3241,8327,88
2022-08-13,Solano,095,438530,102240,101761,7483,109244,458
2022-08-13,Sonoma,097,501317,104100,103496,5089,108585,504
2022-08-13,Stanislaus,099,539301,134100,133490,20716,154206,1702
2022-08-13,Sutter,101,95872,23473,23386,2413,25799,228
2022-08-13,Tehama,103,63373,13299,13213,2975,16188,209
2022-08-13,Trinity,105,12862,1364,1356,357,1713,20
2022-08-13,Tulare,107,460477,118924,118563,34122,152685,1520
2022-08-13,Tuolumne,109,53932,15096,14964,888,15852,196
2022-08-13,Ventura,111,848112,202846,201765,14653,216418,1541
2022-08-13,Yolo,113,214977,46364,46225,4198,50423,331
2022-08-13,Yuba,115,75493,18307,18232,1612,19844,129
2022-08-12,Alameda,001,1643700,336249,334944,19026,353970,1948
2022-08-12,Alpine,003,1148,131,131,1,132,0
2022-08-12,Amador,005,37829,9735,9705,887,10592,89
2022-08-12,Butte,007,227075,38295,38062,8575,46637,447
2022-08-12,Calaveras,009,45235,8292,8271,495,8766,131
2022-08-12,Colusa,011,21464,3713,3704,1212,4916,22
2022-08-12,Contra Costa,013,1133247,242710,239735,19747,259482,1393
2022-08-12,Del Norte,015,27424,7269,7245,386,7631,54
2022-08-12,El Dorado,017,186661,31583,31430,4111,35541,225
2022-08-12,Fresno,019,978130,267574,266211,29323,295534,2816
2022-08-12,Glenn,021,27897,5412,5393,1826,7219,48
2022-08-12,Humboldt,023,135768,21045,20954,4634,25588,153
2022-08-12,Imperial,025,180216,63988,63766,14813,78579,950
2022-08-12,Inyo,027,18085,4423,4418,853,5271,58
2022-08-12,Kern,029,883053,214692,213071,58777,271848,2380
2022-08-12,Kings,031,150075,57936,57748,3928,61676,454
2022-08-12,Lake,033,64148,12383,12324,1108,13432,142
2022-08-12,Lassen,035,31185,9812,9795,970,10765,64
2022-08-12,Los Angeles,037,10098052,3197070,3177769,170661,3348430,32657
2022-08-12,Madera,039,155013,42649,42517,7743,50260,372
2022-08-12,Marin,041,260295,43842,43662,5073,48735,305
2022-08-12,Mariposa,043,17540,3007,2986,328,3314,31
2022-08-12,Mendocino,045,87422,15544,15456,4260,19716,132
2022-08-12,Merced,047,269075,70439,69974,10943,80917,842
2022-08-12,Modoc,049,8938,859,856,313,1169,11
2022-08-12,Mono,051,14174,3177,3170,235,3405,7
2022-08-12,Monterey,053,433212,92114,91612,19940,111552,759
2022-08-12,Napa,055,140530,31465,31312,1382,32694,156
2022-08-12,Nevada,057,99092,18477,18398,1725,20123,132
2022-08-12,Orange,059,3164182,650506,648171,58372,706543,7248
2022-08-12,Placer,061,380077,73889,73588,9169,82757,656
2022-08-12,Plumas,063,18699,3544,3539,429,3968,13
2022-08-12,Riverside,065,2383286,677842,674362,33733,708095,6561
2022-08-12,Sacramento,067,1510023,336870,335292,32366,367658,3190
2022-08-12,San Benito,069,59416,15650,15578,890,16468,103
2022-08-12,San Bernardino,071,2135413,653487,643895,29577,673472,7983
2022-08-12,San Diego,073,3302833,901778,898646,69386,968032,5437
2022-08-12,San Francisco,075,870044,173360,172876,11701,184577,955
2022-08-12,San Joaquin,077,732212,192147,191272,13629,204901,2283
2022-08-12,San Luis Obispo,079,281455,61837,61403,6788,68191,512
2022-08-12,San Mateo,081,765935,163355,162531,10330,172861,738
2022-08-12,Santa Barbara,083,443738,102610,101942,6504,108446,712
2022-08-12,Santa Clara,085,1922200,418263,416369,18204,434573,2422
2022-08-12,Santa Cruz,087,273765,60975,60594,3273,63867,273
2022-08-12,Shasta,089,179085,34056,33895,7103,40998,584
2022-08-12,Sierra,091,2930,298,296,59,355,4
2022-08-12,Siskiyou,093,43540,5110,5086,3241,8327,88
2022-08-12,Solano,095,438530,102166,101761,7472,109233,458
2022-08-12,Sonoma,097,501317,104041,103496,5088,108584,504
2022-08-12,Stanislaus,099,539301,134014,133490,20704,154194,1702
2022-08-12,Sutter,101,95872,23458,23386,2413,25799,228
2022-08-12,Tehama,103,63373,13291,13213,2974,16187,209
2022-08-12,Trinity,105,12862,1361,1356,356,1712,20
2022-08-12,Tulare,107,460477,118865,118563,34064,152627,1520
2022-08-12,Tuolumne,109,53932,15089,14964,887,15851,196
2022-08-12,Ventura,111,848112,202701,201765,14635,216400,1541
2022-08-12,Yolo,113,214977,46342,46225,4193,50418,331
2022-08-12,Yuba,115,75493,18296,18232,1611,19843,129
2022-08-11,Alameda,001,1643700,335924,334944,18993,353937,1948
2022-08-11,Alpine,003,1148,131,131,1,132,0
2022-08-11,Amador,005,37829,9732,9705,884,10589,89
2022-08-11,Butte,007,227075,38259,38062,8561,46623,447
2022-08-11,Calaveras,009,45235,8286,8271,493,8764,131
2022-08-11,Colusa,011,21464,3710,3704,1211,4915,22
2022-08-11,Contra Costa,013,1133247,242453,239735,19713,259448,1393
2022-08-11,Del Norte,015,27424,7262,7245,384,7629,54
2022-08-11,El Dorado,017,186661,31552,31430,4104,35534,225
2022-08-11,Fresno,019,978130,267327,266211,29276,295487,2816
2022-08-11,Glenn,021,27897,5410,5393,1825,7218,48
2022-08-11,Humboldt,023,135768,21015,20954,4625,25579,153
2022-08-11,Imperial,025,180216,63941,63766,14768,78534,950
2022-08-11,Inyo,027,18085,4422,4418,847,5265,58
2022-08-11,Kern,029,883053,214513,213071,58638,271709,2380
2022-08-11,Kings,031,150075,57878,57748,3921,61669,454
2022-08-11,Lake,033,64148,12373,12324,1107,13431,142
2022-08-11,Lassen,035,31185,9807,9795,970,10765,64
2022-08-11,Los Angeles,037,10098052,3194123,3177769,170291,3348060,32657
2022-08-11,Madera,039,155013,42602,42517,7717,50234,372
2022-08-11,Marin,041,260295,43803,43662,5066,48728,305
2022-08-11,Mariposa,043,17540,3007,2986,325,3311,31
2022-08-11,Mendocino,045,87422,15533,15456,4257,19713,132
2022-08-11,Merced,047,269075,70387,69974,10908,80882,842
2022-08-11,Modoc,049,8938,858,856,313,1169,11
2022-08-11,Mono,051,14174,3177,3170,235,3405,7
2022-08-11,Monterey,053,433212,92014,91612,19885,111497,759
2022-08-11,Napa,055,140530,31428,31312,1380,32692,156
2022-08-11,Nevada,057,99092,18459,18398,1721,20119,132
2022-08-11,Orange,059,3164182,649858,648171,58251,706422,7248
2022-08-11,Placer,061,380077,73826,73588,9159,82747,656
2022-08-11,Plumas,063,18699,3543,3539,428,3967,13
2022-08-11,Riverside,065,2383286,677235,674362,33687,708049,6561
2022-08-11,Sacramento,067,1510023,336560,335292,32334,367626,3190
2022-08-11,San Benito,069,59416,15634,15578,889,16467,103
2022-08-11,San Bernardino,071,2135413,652750,643895,29525,673420,7983
2022-08-11,San Diego,073,3302833,901003,898646,69262,967908,5437
2022-08-11,San Francisco,075,870044,173212,172876,11684,184560,955
2022-08-11,San Joaquin,077,732212,191956,191272,13604,204876,2283
2022-08-11,San Luis Obispo,079,281455,61788,61403,6761,68164,512
2022-08-11,San Mateo,081,765935,163194,162531,10318,172849,738
2022-08-11,Santa Barbara,083,443738,102502,101942,6482,108424,712
2022-08-11,Santa Clara,085,1922200,417830,416369,18182,434551,2422
2022-08-11,Santa Cruz,087,273765,60910,60594,3269,63863,273
2022-08-11,Shasta,089,179085,34037,33895,7089,40984,584
2022-08-11,Sierra,091,2930,297,296,59,355,4
2022-08-11,Siskiyou,093,43540,5107,5086,3237,8323,88
2022-08-11,Solano,095,438530,102099,101761,7459,109220,458
2022-08-11,Sonoma,097,501317,103946,103496,5081,108577,504
2022-08-11,Stanislaus,099,539301,133860,133490,20663,154153,1702
2022-08-11,Sutter,101,95872,23428,23386,2413,25799,228
2022-08-11,Tehama,103,63373,13283,13213,2974,16187,209
2022-08-11,Trinity,105,12862,1361,1356,355,1711,20
2022-08-11,Tulare,107,460477,118768,118563,33975,152538,1520
2022-08-11,Tuolumne,109,53932,15081,14964,885,15849,196
2022-08-11,Ventura,111,848112,202499,201765,14598,216363,1541
2022-08-11,Yolo,113,214977,46308,46225,4189,50414,331
2022-08-11,Yuba,115,75493,18273,18232,1608,19840,129
2022-08-10,Alameda,001,1643700,335527,333587,18969,352556,1944
2022-08-10,Alpine,003,1148,131,131,1,132,0
2022-08-10,Amador,005,37829,9727,9677,881,10558,88
2022-08-10,Butte,007,227075,38224,37892,8551,46443,446
2022-08-10,Calaveras,009,45235,8280,8251,490,8741,130
2022-08-10,Colusa,011,21464,3706,3700,1211,4911,22
2022-08-10,Contra Costa,013,1133247,242202,238658,19672,258330,1382
2022-08-10,Del Norte,015,27424,7257,7220,384,7604,54
2022-08-10,El Dorado,017,186661,31526,31354,4089,35443,225
2022-08-10,Fresno,019,978130,267057,265300,29212,294512,2815
2022-08-10,Glenn,021,27897,5408,5387,1822,7209,48
2022-08-10,Humboldt,023,135768,21001,20843,4607,25450,153
2022-08-10,Imperial,025,180216,63882,63532,14726,78258,949
2022-08-10,Inyo,027,18085,4422,4416,846,5262,57
2022-08-10,Kern,029,883053,214336,212602,58501,271103,2380
2022-08-10,Kings,031,150075,57832,57569,3919,61488,453
2022-08-10,Lake,033,64148,12359,12281,1107,13388,142
2022-08-10,Lassen,035,31185,9800,9682,970,10652,64
2022-08-10,Los Angeles,037,10098052,3190952,3168105,169930,3338035,32609
2022-08-10,Madera,039,155013,42565,42350,7701,50051,372
2022-08-10,Marin,041,260295,43757,43532,5063,48595,302
2022-08-10,Mariposa,043,17540,3006,2980,325,3305,31
2022-08-10,Mendocino,045,87422,15519,15394,4255,19649,132
2022-08-10,Merced,047,269075,70315,69740,10883,80623,839
2022-08-10,Modoc,049,8938,858,855,312,1167,11
2022-08-10,Mono,051,14174,3175,3165,235,3400,7
2022-08-10,Monterey,053,433212,91913,91307,19819,111126,758
2022-08-10,Napa,055,140530,31391,31223,1378,32601,153
2022-08-10,Nevada,057,99092,18445,18354,1719,20073,132
2022-08-10,Orange,059,3164182,649148,646005,58129,704134,7235
2022-08-10,Placer,061,380077,73770,73348,9150,82498,650
2022-08-10,Plumas,063,18699,3541,3525,428,3953,13
2022-08-10,Riverside,065,2383286,676511,672334,33626,705960,6555
2022-08-10,Sacramento,067,1510023,336231,334382,32305,366687,3177
2022-08-10,San Benito,069,59416,15605,15507,882,16389,101
2022-08-10,San Bernardino,071,2135413,652115,641936,29470,671406,7977
2022-08-10,San Diego,073,3302833,900154,895482,69146,964628,5429
2022-08-10,San Francisco,075,870044,173051,172265,11668,183933,945
2022-08-10,San Joaquin,077,732212,191734,190596,13563,204159,2281
2022-08-10,San Luis Obispo,079,281455,61743,61207,6746,67953,510
2022-08-10,San Mateo,081,765935,163000,161882,10309,172191,738
2022-08-10,Santa Barbara,083,443738,102375,101558,6462,108020,711
2022-08-10,Santa Clara,085,1922200,417308,414659,18159,432818,2398
2022-08-10,Santa Cruz,087,273765,60829,60360,3267,63627,269
2022-08-10,Shasta,089,179085,34016,33816,7080,40896,584
2022-08-10,Sierra,091,2930,297,295,59,354,4
2022-08-10,Siskiyou,093,43540,5102,5074,3231,8305,87
2022-08-10,Solano,095,438530,102009,101393,7454,108847,457
2022-08-10,Sonoma,097,501317,103855,103168,5073,108241,501
2022-08-10,Stanislaus,099,539301,133721,133071,20630,153701,1702
2022-08-10,Sutter,101,95872,23400,23279,2411,25690,228
2022-08-10,Tehama,103,63373,13276,13187,2973,16160,209
2022-08-10,Trinity,105,12862,1360,1350,355,1705,20
2022-08-10,Tulare,107,460477,118683,118239,33896,152135,1520
2022-08-10,Tuolumne,109,53932,15046,14922,883,15805,196
2022-08-10,Ventura,111,848112,202274,201179,14560,215739,1539
2022-08-10,Yolo,113,214977,46274,46069,4182,50251,330
2022-08-10,Yuba,115,75493,18253,18179,1604,19783,129
2022-08-09,Alameda,001,1643700,335103,333587,18928,352515,1944
2022-08-09,Alpine,003,1148,131,131,1,132,0
2022-08-09,Amador,005,37829,9717,9677,880,10557,88
2022-08-09,Butte,007,227075,38186,37892,8540,46432,446
2022-08-09,Calaveras,009,45235,8273,8251,490,8741,130
2022-08-09,Colusa,011,21464,3703,3700,1210,4910,22
2022-08-09,Contra Costa,013,1133247,241929,238658,19627,258285,1382
2022-08-09,Del Norte,015,27424,7240,7220,383,7603,54
2022-08-09,El Dorado,017,186661,31497,31354,4083,35437,225
2022-08-09,Fresno,019,978130,266731,265300,29178,294478,2815
2022-08-09,Glenn,021,27897,5406,5387,1822,7209,48
2022-08-09,Humboldt,023,135768,20976,20843,4597,25440,153
2022-08-09,Imperial,025,180216,63819,63532,14668,78200,949
2022-08-09,Inyo,027,18085,4421,4416,842,5258,57
2022-08-09,Kern,029,883053,214143,212602,58369,270971,2380
2022-08-09,Kings,031,150075,57766,57569,3917,61486,453
2022-08-09,Lake,033,64148,12335,12281,1106,13387,142
2022-08-09,Lassen,035,31185,9794,9682,970,10652,64
2022-08-09,Los Angeles,037,10098052,3187481,3168105,169560,3337665,32609
2022-08-09,Madera,039,155013,42511,42350,7690,50040,372
2022-08-09,Marin,041,260295,43701,43532,5059,48591,302
2022-08-09,Mariposa,043,17540,3002,2980,324,3304,31
2022-08-09,Mendocino,045,87422,15501,15394,4245,19639,132
2022-08-09,Merced,047,269075,70251,69740,10854,80594,839
2022-08-09,Modoc,049,8938,858,855,311,1166,11
2022-08-09,Mono,051,14174,3174,3165,234,3399,7
2022-08-09,Monterey,053,433212,91801,91307,19754,111061,758
2022-08-09,Napa,055,140530,31362,31223,1376,32599,153
2022-08-09,Nevada,057,99092,18433,18354,1717,20071,132
2022-08-09,Orange,059,3164182,648329,646005,57984,703989,7235
2022-08-09,Placer,061,380077,73706,73348,9142,82490,650
2022-08-09,Plumas,063,18699,3536,3525,428,3953,13
2022-08-09,Riverside,065,2383286,675755,672334,33571,705905,6555
2022-08-09,Sacramento,067,1510023,335811,334382,32273,366655,3177
2022-08-09,San Benito,069,59416,15588,15507,877,16384,101
2022-08-09,San Bernardino,071,2135413,651432,641936,29406,671342,7977
2022-08-09,San Diego,073,3302833,899263,895482,69005,964487,5429
2022-08-09,San Francisco,075,870044,172806,172265,11649,183914,945
2022-08-09,San Joaquin,077,732212,191522,190596,13524,204120,2281
2022-08-09,San Luis Obispo,079,281455,61686,61207,6722,67929,510
2022-08-09,San Mateo,081,765935,162807,161882,10293,172175,738
2022-08-09,Santa Barbara,083,443738,102218,101558,6433,107991,711
2022-08-09,Santa Clara,085,1922200,416781,414659,18139,432798,2398
2022-08-09,Santa Cruz,087,273765,60755,60360,3258,63618,269
2022-08-09,Shasta,089,179085,33994,33816,7077,40893,584
2022-08-09,Sierra,091,2930,297,295,59,354,4
2022-08-09,Siskiyou,093,43540,5098,5074,3227,8301,87
2022-08-09,Solano,095,438530,101905,101393,7442,108835,457
2022-08-09,Sonoma,097,501317,103753,103168,5065,108233,501
2022-08-09,Stanislaus,099,539301,133579,133071,20598,153669,1702
2022-08-09,Sutter,101,95872,23369,23279,2409,25688,228
2022-08-09,Tehama,103,63373,13263,13187,2963,16150,209
2022-08-09,Trinity,105,12862,1358,1350,354,1704,20
2022-08-09,Tulare,107,460477,118572,118239,33810,152049,1520
2022-08-09,Tuolumne,109,53932,15030,14922,883,15805,196
2022-08-09,Ventura,111,848112,202041,201179,14525,215704,1539
2022-08-09,Yolo,113,214977,46232,46069,4170,50239,330
2022-08-09,Yuba,115,75493,18234,18179,1594,19773,129
2022-08-08,Alameda,001,1643700,334646,333587,18886,352473,1944
2022-08-08,Alpine,003,1148,131,131,1,132,0
2022-08-08,Amador,005,37829,9711,9677,879,10556,88
2022-08-08,Butte,007,227075,38133,37892,8526,46418,446
2022-08-08,Calaveras,009,45235,8268,8251,487,8738,130
2022-08-08,Colusa,011,21464,3703,3700,1209,4909,22
2022-08-08,Contra Costa,013,1133247,241556,238658,19579,258237,1382
2022-08-08,Del Norte,015,27424,7233,7220,382,7602,54
2022-08-08,El Dorado,017,186661,31468,31354,4076,35430,225
2022-08-08,Fresno,019,978130,266369,265300,29128,294428,2815
2022-08-08,Glenn,021,27897,5400,5387,1821,7208,48
2022-08-08,Humboldt,023,135768,20938,20843,4580,25423,153
2022-08-08,Imperial,025,180216,63760,63532,14600,78132,949
2022-08-08,Inyo,027,18085,4420,4416,841,5257,57
2022-08-08,Kern,029,883053,213886,212602,58213,270815,2380
2022-08-08,Kings,031,150075,57705,57569,3908,61477,453
2022-08-08,Lake,033,64148,12313,12281,1103,13384,142
2022-08-08,Lassen,035,31185,9781,9682,967,10649,64
2022-08-08,Los Angeles,037,10098052,3183883,3168105,169138,3337243,32609
2022-08-08,Madera,039,155013,42454,42350,7667,50017,372
2022-08-08,Marin,041,260295,43646,43532,5046,48578,302
2022-08-08,Mariposa,043,17540,2998,2980,320,3300,31
2022-08-08,Mendocino,045,87422,15487,15394,4235,19629,132
2022-08-08,Merced,047,269075,70180,69740,10826,80566,839
2022-08-08,Modoc,049,8938,857,855,311,1166,11
2022-08-08,Mono,051,14174,3174,3165,234,3399,7
2022-08-08,Monterey,053,433212,91701,91307,19673,110980,758
2022-08-08,Napa,055,140530,31327,31223,1375,32598,153
2022-08-08,Nevada,057,99092,18418,18354,1709,20063,132
2022-08-08,Orange,059,3164182,647493,646005,57824,703829,7235
2022-08-08,Placer,061,380077,73647,73348,9133,82481,650
2022-08-08,Plumas,063,18699,3533,3525,427,3952,13
2022-08-08,Riverside,065,2383286,674954,672334,33519,705853,6555
2022-08-08,Sacramento,067,1510023,335410,334382,32236,366618,3177
2022-08-08,San Benito,069,59416,15563,15507,874,16381,101
2022-08-08,San Bernardino,071,2135413,650599,641936,29341,671277,7977
2022-08-08,San Diego,073,3302833,898170,895482,68882,964364,5429
2022-08-08,San Francisco,075,870044,172592,172265,11633,183898,945
2022-08-08,San Joaquin,077,732212,191258,190596,13485,204081,2281
2022-08-08,San Luis Obispo,079,281455,61620,61207,6700,67907,510
2022-08-08,San Mateo,081,765935,162598,161882,10282,172164,738
2022-08-08,Santa Barbara,083,443738,102085,101558,6416,107974,711
2022-08-08,Santa Clara,085,1922200,416173,414659,18116,432775,2398
2022-08-08,Santa Cruz,087,273765,60679,60360,3255,63615,269
2022-08-08,Shasta,089,179085,33964,33816,7068,40884,584
2022-08-08,Sierra,091,2930,297,295,59,354,4
2022-08-08,Siskiyou,093,43540,5095,5074,3224,8298,87
2022-08-08,Solano,095,438530,101763,101393,7427,108820,457
2022-08-08,Sonoma,097,501317,103639,103168,5056,108224,501
2022-08-08,Stanislaus,099,539301,133455,133071,20572,153643,1702
2022-08-08,Sutter,101,95872,23332,23279,2409,25688,228
2022-08-08,Tehama,103,63373,13253,13187,2961,16148,209
2022-08-08,Trinity,105,12862,1358,1350,353,1703,20
2022-08-08,Tulare,107,460477,118431,118239,33726,151965,1520
2022-08-08,Tuolumne,109,53932,15022,14922,882,15804,196
2022-08-08,Ventura,111,848112,201797,201179,14474,215653,1539
2022-08-08,Yolo,113,214977,46178,46069,4164,50233,330
2022-08-08,Yuba,115,75493,18210,18179,1592,19771,129
2022-08-07,Alameda,001,1643700,334091,331755,18845,350600,1945
2022-08-07,Alpine,003,1148,131,130,1,131,0
2022-08-07,Amador,005,37829,9704,9655,877,10532,88
2022-08-07,Butte,007,227075,38063,37717,8512,46229,446
2022-08-07,Calaveras,009,45235,8255,8219,483,8702,129
2022-08-07,Colusa,011,21464,3699,3696,1208,4904,22
2022-08-07,Contra Costa,013,1133247,241166,237436,19532,256968,1383
2022-08-07,Del Norte,015,27424,7221,7191,379,7570,54
2022-08-07,El Dorado,017,186661,31428,31240,4071,35311,225
2022-08-07,Fresno,019,978130,265953,263912,29054,292966,2815
2022-08-07,Glenn,021,27897,5398,5379,1818,7197,48
2022-08-07,Humboldt,023,135768,20901,20746,4559,25305,153
2022-08-07,Imperial,025,180216,63678,63198,14528,77726,949
2022-08-07,Inyo,027,18085,4420,4408,838,5246,57
2022-08-07,Kern,029,883053,213655,211798,58018,269816,2375
2022-08-07,Kings,031,150075,57608,57294,3900,61194,453
2022-08-07,Lake,033,64148,12300,12220,1103,13323,142
2022-08-07,Lassen,035,31185,9725,9654,967,10621,64
2022-08-07,Los Angeles,037,10098052,3179485,3153757,168754,3322511,32563
2022-08-07,Madera,039,155013,42397,42139,7628,49767,372
2022-08-07,Marin,041,260295,43590,43295,5036,48331,302
2022-08-07,Mariposa,043,17540,2995,2965,319,3284,31
2022-08-07,Mendocino,045,87422,15468,15335,4216,19551,132
2022-08-07,Merced,047,269075,70058,69498,10774,80272,838
2022-08-07,Modoc,049,8938,856,853,311,1164,11
2022-08-07,Mono,051,14174,3171,3161,234,3395,7
2022-08-07,Monterey,053,433212,91569,90884,19584,110468,757
2022-08-07,Napa,055,140530,31283,31052,1373,32425,151
2022-08-07,Nevada,057,99092,18394,18309,1703,20012,132
2022-08-07,Orange,059,3164182,646598,643029,57642,700671,7213
2022-08-07,Placer,061,380077,73556,73064,9118,82182,648
2022-08-07,Plumas,063,18699,3532,3516,427,3943,13
2022-08-07,Riverside,065,2383286,674025,669230,33438,702668,6555
2022-08-07,Sacramento,067,1510023,334923,332928,32186,365114,3175
2022-08-07,San Benito,069,59416,15537,15403,871,16274,101
2022-08-07,San Bernardino,071,2135413,649711,639120,29272,668392,7956
2022-08-07,San Diego,073,3302833,896895,891504,68771,960275,5424
2022-08-07,San Francisco,075,870044,172318,171486,11609,183095,946
2022-08-07,San Joaquin,077,732212,190962,189696,13432,203128,2276
2022-08-07,San Luis Obispo,079,281455,61522,60903,6668,67571,510
2022-08-07,San Mateo,081,765935,162352,161011,10265,171276,734
2022-08-07,Santa Barbara,083,443738,101899,100995,6389,107384,711
2022-08-07,Santa Clara,085,1922200,415460,412411,18096,430507,2386
2022-08-07,Santa Cruz,087,273765,60558,59982,3239,63221,269
2022-08-07,Shasta,089,179085,33916,33727,7054,40781,583
2022-08-07,Sierra,091,2930,296,295,59,354,4
2022-08-07,Siskiyou,093,43540,5089,5045,3219,8264,87
2022-08-07,Solano,095,438530,101605,100081,7410,107491,457
2022-08-07,Sonoma,097,501317,103521,102682,5048,107730,502
2022-08-07,Stanislaus,099,539301,133261,132406,20539,152945,1701
2022-08-07,Sutter,101,95872,23295,23178,2408,25586,228
2022-08-07,Tehama,103,63373,13243,13155,2957,16112,209
2022-08-07,Trinity,105,12862,1356,1347,352,1699,20
2022-08-07,Tulare,107,460477,118281,117668,33626,151294,1516
2022-08-07,Tuolumne,109,53932,15005,14844,882,15726,196
2022-08-07,Ventura,111,848112,201538,200270,14428,214698,1537
2022-08-07,Yolo,113,214977,46128,45902,4154,50056,331
2022-08-07,Yuba,115,75493,18191,18099,1588,19687,124
2022-08-06,Alameda,001,1643700,333848,331755,18833,350588,1945
2022-08-06,Alpine,003,1148,131,130,1,131,0
2022-08-06,Amador,005,37829,9697,9655,875,10530,88
2022-08-06,Butte,007,227075,38025,37717,8501,46218,446
2022-08-06,Calaveras,009,45235,8248,8219,482,8701,129
2022-08-06,Colusa,011,21464,3697,3696,1205,4901,22
2022-08-06,Contra Costa,013,1133247,240920,237436,19513,256949,1383
2022-08-06,Del Norte,015,27424,7215,7191,379,7570,54
2022-08-06,El Dorado,017,186661,31411,31240,4068,35308,225
2022-08-06,Fresno,019,978130,265775,263912,29030,292942,2815
2022-08-06,Glenn,021,27897,5398,5379,1817,7196,48
2022-08-06,Humboldt,023,135768,20880,20746,4550,25296,153
2022-08-06,Imperial,025,180216,63631,63198,14500,77698,949
2022-08-06,Inyo,027,18085,4420,4408,837,5245,57
2022-08-06,Kern,029,883053,213558,211798,57904,269702,2375
2022-08-06,Kings,031,150075,57568,57294,3900,61194,453
2022-08-06,Lake,033,64148,12295,12220,1102,13322,142
2022-08-06,Lassen,035,31185,9692,9654,967,10621,64
2022-08-06,Los Angeles,037,10098052,3177309,3153757,168477,3322234,32563
2022-08-06,Madera,039,155013,42353,42139,7622,49761,372
2022-08-06,Marin,041,260295,43561,43295,5031,48326,302
2022-08-06,Mariposa,043,17540,2994,2965,319,3284,31
2022-08-06,Mendocino,045,87422,15459,15335,4215,19550,132
2022-08-06,Merced,047,269075,70029,69498,10768,80266,838
2022-08-06,Modoc,049,8938,856,853,311,1164,11
2022-08-06,Mono,051,14174,3169,3161,233,3394,7
2022-08-06,Monterey,053,433212,91515,90884,19540,110424,757
2022-08-06,Napa,055,140530,31263,31052,1372,32424,151
2022-08-06,Nevada,057,99092,18386,18309,1701,20010,132
2022-08-06,Orange,059,3164182,646158,643029,57531,700560,7213
2022-08-06,Placer,061,380077,73499,73064,9111,82175,648
2022-08-06,Plumas,063,18699,3530,3516,427,3943,13
2022-08-06,Riverside,065,2383286,673511,669230,33397,702627,6555
2022-08-06,Sacramento,067,1510023,334749,332928,32177,365105,3175
2022-08-06,San Benito,069,59416,15520,15403,869,16272,101
2022-08-06,San Bernardino,071,2135413,649258,639120,29233,668353,7956
2022-08-06,San Diego,073,3302833,896336,891504,68729,960233,5424
2022-08-06,San Francisco,075,870044,172162,171486,11598,183084,946
2022-08-06,San Joaquin,077,732212,190832,189696,13412,203108,2276
2022-08-06,San Luis Obispo,079,281455,61494,60903,6663,67566,510
2022-08-06,San Mateo,081,765935,162216,161011,10258,171269,734
2022-08-06,Santa Barbara,083,443738,101827,100995,6375,107370,711
2022-08-06,Santa Clara,085,1922200,414998,412411,18078,430489,2386
2022-08-06,Santa Cruz,087,273765,60501,59982,3232,63214,269
2022-08-06,Shasta,089,179085,33885,33727,7044,40771,583
2022-08-06,Sierra,091,2930,296,295,59,354,4
2022-08-06,Siskiyou,093,43540,5082,5045,3217,8262,87
2022-08-06,Solano,095,438530,101558,100081,7405,107486,457
2022-08-06,Sonoma,097,501317,103456,102682,5039,107721,502
2022-08-06,Stanislaus,099,539301,133157,132406,20529,152935,1701
2022-08-06,Sutter,101,95872,23271,23178,2408,25586,228
2022-08-06,Tehama,103,63373,13238,13155,2953,16108,209
2022-08-06,Trinity,105,12862,1356,1347,352,1699,20
2022-08-06,Tulare,107,460477,118200,117668,33584,151252,1516
2022-08-06,Tuolumne,109,53932,14997,14844,881,15725,196
2022-08-06,Ventura,111,848112,201430,200270,14405,214675,1537
2022-08-06,Yolo,113,214977,46096,45902,4147,50049,331
2022-08-06,Yuba,115,75493,18176,18099,1587,19686,124
2022-08-05,Alameda,001,1643700,333540,331755,18822,350577,1945
2022-08-05,Alpine,003,1148,131,130,1,131,0
2022-08-05,Amador,005,37829,9695,9655,874,10529,88
2022-08-05,Butte,007,227075,37987,37717,8490,46207,446
2022-08-05,Calaveras,009,45235,8244,8219,482,8701,129
2022-08-05,Colusa,011,21464,3696,3696,1205,4901,22
2022-08-05,Contra Costa,013,1133247,240729,237436,19485,256921,1383
2022-08-05,Del Norte,015,27424,7211,7191,378,7569,54
2022-08-05,El Dorado,017,186661,31403,31240,4067,35307,225
2022-08-05,Fresno,019,978130,265597,263912,29005,292917,2815
2022-08-05,Glenn,021,27897,5397,5379,1816,7195,48
2022-08-05,Humboldt,023,135768,20863,20746,4537,25283,153
2022-08-05,Imperial,025,180216,63556,63198,14461,77659,949
2022-08-05,Inyo,027,18085,4420,4408,837,5245,57
2022-08-05,Kern,029,883053,213446,211798,57816,269614,2375
2022-08-05,Kings,031,150075,57543,57294,3899,61193,453
2022-08-05,Lake,033,64148,12285,12220,1102,13322,142
2022-08-05,Lassen,035,31185,9680,9654,966,10620,64
2022-08-05,Los Angeles,037,10098052,3174837,3153757,168200,3321957,32563
2022-08-05,Madera,039,155013,42310,42139,7612,49751,372
2022-08-05,Marin,041,260295,43518,43295,5025,48320,302
2022-08-05,Mariposa,043,17540,2990,2965,317,3282,31
2022-08-05,Mendocino,045,87422,15444,15335,4212,19547,132
2022-08-05,Merced,047,269075,69979,69498,10761,80259,838
2022-08-05,Modoc,049,8938,856,853,311,1164,11
2022-08-05,Mono,051,14174,3168,3161,233,3394,7
2022-08-05,Monterey,053,433212,91448,90884,19504,110388,757
2022-08-05,Napa,055,140530,31234,31052,1371,32423,151
2022-08-05,Nevada,057,99092,18377,18309,1699,20008,132
2022-08-05,Orange,059,3164182,645656,643029,57427,700456,7213
2022-08-05,Placer,061,380077,73449,73064,9101,82165,648
2022-08-05,Plumas,063,18699,3528,3516,427,3943,13
2022-08-05,Riverside,065,2383286,672953,669230,33348,702578,6555
2022-08-05,Sacramento,067,1510023,334504,332928,32158,365086,3175
2022-08-05,San Benito,069,59416,15500,15403,867,16270,101
2022-08-05,San Bernardino,071,2135413,648800,639120,29203,668323,7956
2022-08-05,San Diego,073,3302833,895672,891504,68649,960153,5424
2022-08-05,San Francisco,075,870044,172018,171486,11578,183064,946
2022-08-05,San Joaquin,077,732212,190702,189696,13383,203079,2276
2022-08-05,San Luis Obispo,079,281455,61458,60903,6655,67558,510
2022-08-05,San Mateo,081,765935,162044,161011,10247,171258,734
2022-08-05,Santa Barbara,083,443738,101725,100995,6367,107362,711
2022-08-05,Santa Clara,085,1922200,414496,412411,18050,430461,2386
2022-08-05,Santa Cruz,087,273765,60434,59982,3228,63210,269
2022-08-05,Shasta,089,179085,33875,33727,7041,40768,583
2022-08-05,Sierra,091,2930,296,295,59,354,4
2022-08-05,Siskiyou,093,43540,5077,5045,3215,8260,87
2022-08-05,Solano,095,438530,101481,100081,7397,107478,457
2022-08-05,Sonoma,097,501317,103380,102682,5034,107716,502
2022-08-05,Stanislaus,099,539301,133055,132406,20518,152924,1701
2022-08-05,Sutter,101,95872,23250,23178,2406,25584,228
2022-08-05,Tehama,103,63373,13230,13155,2953,16108,209
2022-08-05,Trinity,105,12862,1355,1347,352,1699,20
2022-08-05,Tulare,107,460477,118113,117668,33531,151199,1516
2022-08-05,Tuolumne,109,53932,14984,14844,880,15724,196
2022-08-05,Ventura,111,848112,201281,200270,14376,214646,1537
2022-08-05,Yolo,113,214977,46078,45902,4132,50034,331
2022-08-05,Yuba,115,75493,18168,18099,1586,19685,124
2022-08-04,Alameda,001,1643700,333079,331755,18774,350529,1945
2022-08-04,Alpine,003,1148,130,130,1,131,0
2022-08-04,Amador,005,37829,9684,9655,870,10525,88
2022-08-04,Butte,007,227075,37943,37717,8474,46191,446
2022-08-04,Calaveras,009,45235,8237,8219,481,8700,129
2022-08-04,Colusa,011,21464,3695,3696,1205,4901,22
2022-08-04,Contra Costa,013,1133247,240454,237436,19446,256882,1383
2022-08-04,Del Norte,015,27424,7203,7191,377,7568,54
2022-08-04,El Dorado,017,186661,31371,31240,4064,35304,225
2022-08-04,Fresno,019,978130,265271,263912,28949,292861,2815
2022-08-04,Glenn,021,27897,5393,5379,1813,7192,48
2022-08-04,Humboldt,023,135768,20838,20746,4525,25271,153
2022-08-04,Imperial,025,180216,63487,63198,14407,77605,949
2022-08-04,Inyo,027,18085,4419,4408,836,5244,57
2022-08-04,Kern,029,883053,213241,211798,57688,269486,2375
2022-08-04,Kings,031,150075,57477,57294,3891,61185,453
2022-08-04,Lake,033,64148,12271,12220,1101,13321,142
2022-08-04,Lassen,035,31185,9675,9654,963,10617,64
2022-08-04,Los Angeles,037,10098052,3171185,3153757,167822,3321579,32563
2022-08-04,Madera,039,155013,42269,42139,7569,49708,372
2022-08-04,Marin,041,260295,43464,43295,4996,48291,302
2022-08-04,Mariposa,043,17540,2985,2965,315,3280,31
2022-08-04,Mendocino,045,87422,15431,15335,4204,19539,132
2022-08-04,Merced,047,269075,69908,69498,10721,80219,838
2022-08-04,Modoc,049,8938,856,853,311,1164,11
2022-08-04,Mono,051,14174,3168,3161,233,3394,7
2022-08-04,Monterey,053,433212,91338,90884,19438,110322,757
2022-08-04,Napa,055,140530,31198,31052,1370,32422,151
2022-08-04,Nevada,057,99092,18365,18309,1692,20001,132
2022-08-04,Orange,059,3164182,644889,643029,57289,700318,7213
2022-08-04,Placer,061,380077,73379,73064,9088,82152,648
2022-08-04,Plumas,063,18699,3522,3516,427,3943,13
2022-08-04,Riverside,065,2383286,672237,669230,33303,702533,6555
2022-08-04,Sacramento,067,1510023,334083,332928,32135,365063,3175
2022-08-04,San Benito,069,59416,15472,15403,859,16262,101
2022-08-04,San Bernardino,071,2135413,648101,639120,29144,668264,7956
2022-08-04,San Diego,073,3302833,894690,891504,68546,960050,5424
2022-08-04,San Francisco,075,870044,171811,171486,11550,183036,946
2022-08-04,San Joaquin,077,732212,190499,189696,13347,203043,2276
2022-08-04,San Luis Obispo,079,281455,61390,60903,6628,67531,510
2022-08-04,San Mateo,081,765935,161823,161011,10239,171250,734
2022-08-04,Santa Barbara,083,443738,101592,100995,6346,107341,711
2022-08-04,Santa Clara,085,1922200,413917,412411,18020,430431,2386
2022-08-04,Santa Cruz,087,273765,60346,59982,3227,63209,269
2022-08-04,Shasta,089,179085,33852,33727,7027,40754,583
2022-08-04,Sierra,091,2930,296,295,59,354,4
2022-08-04,Siskiyou,093,43540,5071,5045,3209,8254,87
2022-08-04,Solano,095,438530,101370,100081,7387,107468,457
2022-08-04,Sonoma,097,501317,103273,102682,5023,107705,502
2022-08-04,Stanislaus,099,539301,132898,132406,20494,152900,1701
2022-08-04,Sutter,101,95872,23224,23178,2404,25582,228
2022-08-04,Tehama,103,63373,13216,13155,2948,16103,209
2022-08-04,Trinity,105,12862,1354,1347,351,1698,20
2022-08-04,Tulare,107,460477,117998,117668,33470,151138,1516
2022-08-04,Tuolumne,109,53932,14960,14844,878,15722,196
2022-08-04,Ventura,111,848112,201052,200270,14337,214607,1537
2022-08-04,Yolo,113,214977,46042,45902,4124,50026,331
2022-08-04,Yuba,115,75493,18149,18099,1585,19684,124
2022-08-03,Alameda,001,1643700,332571,330158,18739,348897,1941
2022-08-03,Alpine,003,1148,130,130,1,131,0
2022-08-03,Amador,005,37829,9678,9627,867,10494,88
2022-08-03,Butte,007,227075,37898,37567,8464,46031,444
2022-08-03,Calaveras,009,45235,8229,8194,480,8674,128
2022-08-03,Colusa,011,21464,3695,3676,1205,4881,22
2022-08-03,Contra Costa,013,1133247,240130,236190,19395,255585,1381
2022-08-03,Del Norte,015,27424,7199,7156,377,7533,54
2022-08-03,El Dorado,017,186661,31335,31165,4055,35220,222
2022-08-03,Fresno,019,978130,264874,262758,28902,291660,2806
2022-08-03,Glenn,021,27897,5391,5363,1809,7172,48
2022-08-03,Humboldt,023,135768,20806,20640,4507,25147,153
2022-08-03,Imperial,025,180216,63408,62884,14356,77240,949
2022-08-03,Inyo,027,18085,4419,4398,830,5228,57
2022-08-03,Kern,029,883053,213056,211047,57516,268563,2375
2022-08-03,Kings,031,150075,57413,57065,3889,60954,453
2022-08-03,Lake,033,64148,12254,12172,1098,13270,142
2022-08-03,Lassen,035,31185,9672,9563,963,10526,64
2022-08-03,Los Angeles,037,10098052,3167496,3140955,167441,3308396,32500
2022-08-03,Madera,039,155013,42225,41918,7551,49469,372
2022-08-03,Marin,041,260295,43403,43127,4981,48108,300
2022-08-03,Mariposa,043,17540,2981,2950,315,3265,30
2022-08-03,Mendocino,045,87422,15413,15260,4196,19456,132
2022-08-03,Merced,047,269075,69842,69198,10689,79887,838
2022-08-03,Modoc,049,8938,855,842,311,1153,11
2022-08-03,Mono,051,14174,3168,3157,232,3389,7
2022-08-03,Monterey,053,433212,91233,90456,19373,109829,754
2022-08-03,Napa,055,140530,31161,30935,1365,32300,151
2022-08-03,Nevada,057,99092,18354,18253,1689,19942,132
2022-08-03,Orange,059,3164182,644071,640110,57118,697228,7202
2022-08-03,Placer,061,380077,73298,72834,9070,81904,646
2022-08-03,Plumas,063,18699,3519,3496,427,3923,13
2022-08-03,Riverside,065,2383286,671385,666773,33237,700010,6547
2022-08-03,Sacramento,067,1510023,333654,331584,32104,363688,3162
2022-08-03,San Benito,069,59416,15442,15338,852,16190,100
2022-08-03,San Bernardino,071,2135413,647372,636510,29085,665595,7951
2022-08-03,San Diego,073,3302833,893474,887729,68423,956152,5417
2022-08-03,San Francisco,075,870044,171610,170637,11531,182168,939
2022-08-03,San Joaquin,077,732212,190257,188962,13320,202282,2276
2022-08-03,San Luis Obispo,079,281455,61306,60648,6612,67260,504
2022-08-03,San Mateo,081,765935,161636,160258,10227,170485,725
2022-08-03,Santa Barbara,083,443738,101470,100558,6324,106882,710
2022-08-03,Santa Clara,085,1922200,413442,410394,17991,428385,2383
2022-08-03,Santa Cruz,087,273765,60257,59661,3224,62885,269
2022-08-03,Shasta,089,179085,33823,33630,7022,40652,582
2022-08-03,Sierra,091,2930,296,295,59,354,4
2022-08-03,Siskiyou,093,43540,5067,5021,3207,8228,86
2022-08-03,Solano,095,438530,101252,99608,7375,106983,459
2022-08-03,Sonoma,097,501317,103150,102306,5010,107316,500
2022-08-03,Stanislaus,099,539301,132755,131869,20468,152337,1701
2022-08-03,Sutter,101,95872,23195,23056,2402,25458,228
2022-08-03,Tehama,103,63373,13204,13135,2944,16079,209
2022-08-03,Trinity,105,12862,1354,1342,350,1692,20
2022-08-03,Tulare,107,460477,117864,117288,33402,150690,1516
2022-08-03,Tuolumne,109,53932,14941,14778,877,15655,196
2022-08-03,Ventura,111,848112,200817,199530,14299,213829,1536
2022-08-03,Yolo,113,214977,45995,45757,4105,49862,330
2022-08-03,Yuba,115,75493,18120,18036,1584,19620,124
2022-08-02,Alameda,001,1643700,332032,330158,18706,348864,1941
2022-08-02,Alpine,003,1148,130,130,1,131,0
2022-08-02,Amador,005,37829,9669,9627,860,10487,88
2022-08-02,Butte,007,227075,37859,37567,8452,46019,444
2022-08-02,Calaveras,009,45235,8214,8194,478,8672,128
2022-08-02,Colusa,011,21464,3692,3676,1204,4880,22
2022-08-02,Contra Costa,013,1133247,239778,236190,19332,255522,1381
2022-08-02,Del Norte,015,27424,7189,7156,377,7533,54
2022-08-02,El Dorado,017,186661,31301,31165,4049,35214,222
2022-08-02,Fresno,019,978130,264450,262758,28819,291577,2806
2022-08-02,Glenn,021,27897,5387,5363,1807,7170,48
2022-08-02,Humboldt,023,135768,20769,20640,4484,25124,153
2022-08-02,Imperial,025,180216,63326,62884,14308,77192,949
2022-08-02,Inyo,027,18085,4416,4398,820,5218,57
2022-08-02,Kern,029,883053,212817,211047,57323,268370,2375
2022-08-02,Kings,031,150075,57332,57065,3886,60951,453
2022-08-02,Lake,033,64148,12242,12172,1096,13268,142
2022-08-02,Lassen,035,31185,9669,9563,962,10525,64
2022-08-02,Los Angeles,037,10098052,3163202,3140955,166966,3307921,32500
2022-08-02,Madera,039,155013,42157,41918,7528,49446,372
2022-08-02,Marin,041,260295,43345,43127,4973,48100,300
2022-08-02,Mariposa,043,17540,2977,2950,315,3265,30
2022-08-02,Mendocino,045,87422,15381,15260,4182,19442,132
2022-08-02,Merced,047,269075,69766,69198,10646,79844,838
2022-08-02,Modoc,049,8938,855,842,311,1153,11
2022-08-02,Mono,051,14174,3167,3157,230,3387,7
2022-08-02,Monterey,053,433212,91108,90456,19301,109757,754
2022-08-02,Napa,055,140530,31124,30935,1362,32297,151
2022-08-02,Nevada,057,99092,18339,18253,1688,19941,132
2022-08-02,Orange,059,3164182,643196,640110,56949,697059,7202
2022-08-02,Placer,061,380077,73212,72834,9055,81889,646
2022-08-02,Plumas,063,18699,3514,3496,427,3923,13
2022-08-02,Riverside,065,2383286,670470,666773,33185,699958,6547
2022-08-02,Sacramento,067,1510023,333242,331584,32059,363643,3162
2022-08-02,San Benito,069,59416,15408,15338,849,16187,100
2022-08-02,San Bernardino,071,2135413,646525,636510,29029,665539,7951
2022-08-02,San Diego,073,3302833,892317,887729,68292,956021,5417
2022-08-02,San Francisco,075,870044,171375,170637,11516,182153,939
2022-08-02,San Joaquin,077,732212,190021,188962,13283,202245,2276
2022-08-02,San Luis Obispo,079,281455,61219,60648,6583,67231,504
2022-08-02,San Mateo,081,765935,161391,160258,10222,170480,725
2022-08-02,Santa Barbara,083,443738,101307,100558,6295,106853,710
2022-08-02,Santa Clara,085,1922200,412816,410394,17955,428349,2383
2022-08-02,Santa Cruz,087,273765,60168,59661,3216,62877,269
2022-08-02,Shasta,089,179085,33801,33630,7008,40638,582
2022-08-02,Sierra,091,2930,296,295,59,354,4
2022-08-02,Siskiyou,093,43540,5053,5021,3203,8224,86
2022-08-02,Solano,095,438530,101071,99608,7353,106961,459
2022-08-02,Sonoma,097,501317,102979,102306,4993,107299,500
2022-08-02,Stanislaus,099,539301,132597,131869,20427,152296,1701
2022-08-02,Sutter,101,95872,23161,23056,2401,25457,228
2022-08-02,Tehama,103,63373,13194,13135,2940,16075,209
2022-08-02,Trinity,105,12862,1354,1342,348,1690,20
2022-08-02,Tulare,107,460477,117727,117288,33318,150606,1516
2022-08-02,Tuolumne,109,53932,14924,14778,875,15653,196
2022-08-02,Ventura,111,848112,200564,199530,14254,213784,1536
2022-08-02,Yolo,113,214977,45948,45757,4099,49856,330
2022-08-02,Yuba,115,75493,18099,18036,1580,19616,124
2022-08-01,Alameda,001,1643700,331374,330158,18671,348829,1941
2022-08-01,Alpine,003,1148,130,130,1,131,0
2022-08-01,Amador,005,37829,9662,9627,858,10485,88
2022-08-01,Butte,007,227075,37802,37567,8437,46004,444
2022-08-01,Calaveras,009,45235,8211,8194,477,8671,128
2022-08-01,Colusa,011,21464,3688,3676,1195,4871,22
2022-08-01,Contra Costa,013,1133247,239383,236190,19275,255465,1381
2022-08-01,Del Norte,015,27424,7184,7156,377,7533,54
2022-08-01,El Dorado,017,186661,31273,31165,4044,35209,222
2022-08-01,Fresno,019,978130,263995,262758,28740,291498,2806
2022-08-01,Glenn,021,27897,5379,5363,1806,7169,48
2022-08-01,Humboldt,023,135768,20738,20640,4466,25106,153
2022-08-01,Imperial,025,180216,63211,62884,14248,77132,949
2022-08-01,Inyo,027,18085,4412,4398,816,5214,57
2022-08-01,Kern,029,883053,212579,211047,57154,268201,2375
2022-08-01,Kings,031,150075,57240,57065,3875,60940,453
2022-08-01,Lake,033,64148,12213,12172,1095,13267,142
2022-08-01,Lassen,035,31185,9649,9563,962,10525,64
2022-08-01,Los Angeles,037,10098052,3158510,3140955,166496,3307451,32500
2022-08-01,Madera,039,155013,42076,41918,7497,49415,372
2022-08-01,Marin,041,260295,43292,43127,4948,48075,300
2022-08-01,Mariposa,043,17540,2973,2950,313,3263,30
2022-08-01,Mendocino,045,87422,15357,15260,4173,19433,132
2022-08-01,Merced,047,269075,69658,69198,10612,79810,838
2022-08-01,Modoc,049,8938,855,842,311,1153,11
2022-08-01,Mono,051,14174,3166,3157,228,3385,7
2022-08-01,Monterey,053,433212,90961,90456,19225,109681,754
2022-08-01,Napa,055,140530,31076,30935,1359,32294,151
2022-08-01,Nevada,057,99092,18327,18253,1683,19936,132
2022-08-01,Orange,059,3164182,642252,640110,56783,696893,7202
2022-08-01,Placer,061,380077,73145,72834,9041,81875,646
2022-08-01,Plumas,063,18699,3510,3496,427,3923,13
2022-08-01,Riverside,065,2383286,669462,666773,33137,699910,6547
2022-08-01,Sacramento,067,1510023,332807,331584,32018,363602,3162
2022-08-01,San Benito,069,59416,15389,15338,849,16187,100
2022-08-01,San Bernardino,071,2135413,645605,636510,28970,665480,7951
2022-08-01,San Diego,073,3302833,890891,887729,68116,955845,5417
2022-08-01,San Francisco,075,870044,171119,170637,11501,182138,939
2022-08-01,San Joaquin,077,732212,189752,188962,13243,202205,2276
2022-08-01,San Luis Obispo,079,281455,61123,60648,6566,67214,504
2022-08-01,San Mateo,081,765935,161099,160258,10209,170467,725
2022-08-01,Santa Barbara,083,443738,101132,100558,6270,106828,710
2022-08-01,Santa Clara,085,1922200,412040,410394,17929,428323,2383
2022-08-01,Santa Cruz,087,273765,60063,59661,3204,62865,269
2022-08-01,Shasta,089,179085,33775,33630,6996,40626,582
2022-08-01,Sierra,091,2930,296,295,59,354,4
2022-08-01,Siskiyou,093,43540,5045,5021,3195,8216,86
2022-08-01,Solano,095,438530,100890,99608,7334,106942,459
2022-08-01,Sonoma,097,501317,102810,102306,4982,107288,500
2022-08-01,Stanislaus,099,539301,132422,131869,20400,152269,1701
2022-08-01,Sutter,101,95872,23106,23056,2400,25456,228
2022-08-01,Tehama,103,63373,13178,13135,2934,16069,209
2022-08-01,Trinity,105,12862,1353,1342,347,1689,20
2022-08-01,Tulare,107,460477,117556,117288,33236,150524,1516
2022-08-01,Tuolumne,109,53932,14905,14778,875,15653,196
2022-08-01,Ventura,111,848112,200312,199530,14205,213735,1536
2022-08-01,Yolo,113,214977,45897,45757,4083,49840,330
2022-08-01,Yuba,115,75493,18075,18036,1576,19612,124
2022-07-31,Alameda,001,1643700,330644,327608,18633,346241,1941
2022-07-31,Alpine,003,1148,130,130,1,131,0
2022-07-31,Amador,005,37829,9649,9609,853,10462,88
2022-07-31,Butte,007,227075,37726,37349,8417,45766,444
2022-07-31,Calaveras,009,45235,8199,8145,474,8619,128
2022-07-31,Colusa,011,21464,3684,3664,1193,4857,22
2022-07-31,Contra Costa,013,1133247,238910,234635,19205,253840,1375
2022-07-31,Del Norte,015,27424,7172,7136,374,7510,54
2022-07-31,El Dorado,017,186661,31246,31007,4035,35042,222
2022-07-31,Fresno,019,978130,263444,260858,28658,289516,2805
2022-07-31,Glenn,021,27897,5376,5350,1804,7154,48
2022-07-31,Humboldt,023,135768,20699,20523,4434,24957,151
2022-07-31,Imperial,025,180216,63106,62471,14168,76639,949
2022-07-31,Inyo,027,18085,4407,4388,811,5199,57
2022-07-31,Kern,029,883053,212267,210190,56911,267101,2375
2022-07-31,Kings,031,150075,57113,56673,3866,60539,454
2022-07-31,Lake,033,64148,12197,12102,1093,13195,142
2022-07-31,Lassen,035,31185,9570,9548,962,10510,64
2022-07-31,Los Angeles,037,10098052,3153309,3122700,165875,3288575,32445
2022-07-31,Madera,039,155013,41987,41641,7463,49104,372
2022-07-31,Marin,041,260295,43219,42840,4935,47775,300
2022-07-31,Mariposa,043,17540,2967,2940,312,3252,30
2022-07-31,Mendocino,045,87422,15338,15172,4164,19336,132
2022-07-31,Merced,047,269075,69530,68853,10564,79417,838
2022-07-31,Modoc,049,8938,851,841,311,1152,11
2022-07-31,Mono,051,14174,3165,3155,225,3380,7
2022-07-31,Monterey,053,433212,90802,89974,19141,109115,754
2022-07-31,Napa,055,140530,31010,30777,1356,32133,150
2022-07-31,Nevada,057,99092,18290,18187,1680,19867,131
2022-07-31,Orange,059,3164182,641235,636403,56584,692987,7194
2022-07-31,Placer,061,380077,73042,72444,9024,81468,647
2022-07-31,Plumas,063,18699,3504,3490,426,3916,13
2022-07-31,Riverside,065,2383286,668369,662929,33052,695981,6543
2022-07-31,Sacramento,067,1510023,332204,329639,31962,361601,3156
2022-07-31,San Benito,069,59416,15361,15256,843,16099,100
2022-07-31,San Bernardino,071,2135413,644461,633131,28867,661998,7941
2022-07-31,San Diego,073,3302833,889289,881822,67966,949788,5409
2022-07-31,San Francisco,075,870044,170721,169564,11461,181025,937
2022-07-31,San Joaquin,077,732212,189398,187937,13159,201096,2276
2022-07-31,San Luis Obispo,079,281455,60977,60370,6531,66901,503
2022-07-31,San Mateo,081,765935,160853,159145,10181,169326,726
2022-07-31,Santa Barbara,083,443738,100905,99946,6223,106169,708
2022-07-31,Santa Clara,085,1922200,411269,407392,17894,425286,2381
2022-07-31,Santa Cruz,087,273765,59896,59227,3188,62415,269
2022-07-31,Shasta,089,179085,33724,33454,6973,40427,581
2022-07-31,Sierra,091,2930,296,293,59,352,4
2022-07-31,Siskiyou,093,43540,5034,4997,3192,8189,86
2022-07-31,Solano,095,438530,100696,99034,7320,106354,457
2022-07-31,Sonoma,097,501317,102658,101747,4953,106700,500
2022-07-31,Stanislaus,099,539301,132188,131081,20357,151438,1696
2022-07-31,Sutter,101,95872,23062,22931,2389,25320,228
2022-07-31,Tehama,103,63373,13170,13079,2925,16004,208
2022-07-31,Trinity,105,12862,1351,1340,346,1686,20
2022-07-31,Tulare,107,460477,117367,116640,33115,149755,1514
2022-07-31,Tuolumne,109,53932,14881,14701,872,15573,196
2022-07-31,Ventura,111,848112,199997,198498,14123,212621,1530
2022-07-31,Yolo,113,214977,45836,45511,4074,49585,327
2022-07-31,Yuba,115,75493,18043,17951,1567,19518,124
2022-07-30,Alameda,001,1643700,330307,327608,18615,346223,1941
2022-07-30,Alpine,003,1148,130,130,1,131,0
2022-07-30,Amador,005,37829,9647,9609,847,10456,88
2022-07-30,Butte,007,227075,37697,37349,8408,45757,444
2022-07-30,Calaveras,009,45235,8189,8145,473,8618,128
2022-07-30,Colusa,011,21464,3679,3664,1193,4857,22
2022-07-30,Contra Costa,013,1133247,238633,234635,19166,253801,1375
2022-07-30,Del Norte,015,27424,7167,7136,372,7508,54
2022-07-30,El Dorado,017,186661,31227,31007,4031,35038,222
2022-07-30,Fresno,019,978130,263240,260858,28615,289473,2805
2022-07-30,Glenn,021,27897,5371,5350,1803,7153,48
2022-07-30,Humboldt,023,135768,20680,20523,4422,24945,151
2022-07-30,Imperial,025,180216,63060,62471,14138,76609,949
2022-07-30,Inyo,027,18085,4406,4388,807,5195,57
2022-07-30,Kern,029,883053,212143,210190,56770,266960,2375
2022-07-30,Kings,031,150075,57080,56673,3866,60539,454
2022-07-30,Lake,033,64148,12187,12102,1092,13194,142
2022-07-30,Lassen,035,31185,9569,9548,960,10508,64
2022-07-30,Los Angeles,037,10098052,3150848,3122700,165495,3288195,32445
2022-07-30,Madera,039,155013,41953,41641,7458,49099,372
2022-07-30,Marin,041,260295,43187,42840,4933,47773,300
2022-07-30,Mariposa,043,17540,2965,2940,311,3251,30
2022-07-30,Mendocino,045,87422,15314,15172,4160,19332,132
2022-07-30,Merced,047,269075,69479,68853,10556,79409,838
2022-07-30,Modoc,049,8938,851,841,311,1152,11
2022-07-30,Mono,051,14174,3165,3155,223,3378,7
2022-07-30,Monterey,053,433212,90711,89974,19096,109070,754
2022-07-30,Napa,055,140530,30982,30777,1353,32130,150
2022-07-30,Nevada,057,99092,18281,18187,1676,19863,131
2022-07-30,Orange,059,3164182,640681,636403,56477,692880,7194
2022-07-30,Placer,061,380077,73003,72444,9011,81455,647
2022-07-30,Plumas,063,18699,3503,3490,426,3916,13
2022-07-30,Riverside,065,2383286,667817,662929,33023,695952,6543
2022-07-30,Sacramento,067,1510023,331960,329639,31953,361592,3156
2022-07-30,San Benito,069,59416,15349,15256,840,16096,100
2022-07-30,San Bernardino,071,2135413,643971,633131,28824,661955,7941
2022-07-30,San Diego,073,3302833,888643,881822,67909,949731,5409
2022-07-30,San Francisco,075,870044,170569,169564,11450,181014,937
2022-07-30,San Joaquin,077,732212,189272,187937,13132,201069,2276
2022-07-30,San Luis Obispo,079,281455,60937,60370,6518,66888,503
2022-07-30,San Mateo,081,765935,160668,159145,10163,169308,726
2022-07-30,Santa Barbara,083,443738,100814,99946,6202,106148,708
2022-07-30,Santa Clara,085,1922200,410779,407392,17875,425267,2381
2022-07-30,Santa Cruz,087,273765,59830,59227,3181,62408,269
2022-07-30,Shasta,089,179085,33704,33454,6972,40426,581
2022-07-30,Sierra,091,2930,296,293,59,352,4
2022-07-30,Siskiyou,093,43540,5031,4997,3190,8187,86
2022-07-30,Solano,095,438530,100638,99034,7307,106341,457
2022-07-30,Sonoma,097,501317,102571,101747,4945,106692,500
2022-07-30,Stanislaus,099,539301,132056,131081,20332,151413,1696
2022-07-30,Sutter,101,95872,23037,22931,2388,25319,228
2022-07-30,Tehama,103,63373,13164,13079,2922,16001,208
2022-07-30,Trinity,105,12862,1351,1340,346,1686,20
2022-07-30,Tulare,107,460477,117276,116640,33050,149690,1514
2022-07-30,Tuolumne,109,53932,14862,14701,872,15573,196
2022-07-30,Ventura,111,848112,199825,198498,14090,212588,1530
2022-07-30,Yolo,113,214977,45809,45511,4071,49582,327
2022-07-30,Yuba,115,75493,18030,17951,1567,19518,124
2022-07-29,Alameda,001,1643700,329942,327608,18587,346195,1941
2022-07-29,Alpine,003,1148,130,130,1,131,0
2022-07-29,Amador,005,37829,9646,9609,846,10455,88
2022-07-29,Butte,007,227075,37666,37349,8391,45740,444
2022-07-29,Calaveras,009,45235,8185,8145,473,8618,128
2022-07-29,Colusa,011,21464,3679,3664,1193,4857,22
2022-07-29,Contra Costa,013,1133247,238405,234635,19142,253777,1375
2022-07-29,Del Norte,015,27424,7162,7136,371,7507,54
2022-07-29,El Dorado,017,186661,31205,31007,4030,35037,222
2022-07-29,Fresno,019,978130,262996,260858,28567,289425,2805
2022-07-29,Glenn,021,27897,5369,5350,1801,7151,48
2022-07-29,Humboldt,023,135768,20654,20523,4412,24935,151
2022-07-29,Imperial,025,180216,62999,62471,14110,76581,949
2022-07-29,Inyo,027,18085,4405,4388,806,5194,57
2022-07-29,Kern,029,883053,211977,210190,56630,266820,2375
2022-07-29,Kings,031,150075,57043,56673,3865,60538,454
2022-07-29,Lake,033,64148,12172,12102,1089,13191,142
2022-07-29,Lassen,035,31185,9567,9548,960,10508,64
2022-07-29,Los Angeles,037,10098052,3148008,3122700,165170,3287870,32445
2022-07-29,Madera,039,155013,41908,41641,7446,49087,372
2022-07-29,Marin,041,260295,43140,42840,4925,47765,300
2022-07-29,Mariposa,043,17540,2964,2940,311,3251,30
2022-07-29,Mendocino,045,87422,15296,15172,4148,19320,132
2022-07-29,Merced,047,269075,69422,68853,10540,79393,838
2022-07-29,Modoc,049,8938,851,841,311,1152,11
2022-07-29,Mono,051,14174,3164,3155,222,3377,7
2022-07-29,Monterey,053,433212,90618,89974,19061,109035,754
2022-07-29,Napa,055,140530,30956,30777,1352,32129,150
2022-07-29,Nevada,057,99092,18270,18187,1674,19861,131
2022-07-29,Orange,059,3164182,640087,636403,56346,692749,7194
2022-07-29,Placer,061,380077,72933,72444,8997,81441,647
2022-07-29,Plumas,063,18699,3502,3490,426,3916,13
2022-07-29,Riverside,065,2383286,667275,662929,32977,695906,6543
2022-07-29,Sacramento,067,1510023,331649,329639,31934,361573,3156
2022-07-29,San Benito,069,59416,15334,15256,839,16095,100
2022-07-29,San Bernardino,071,2135413,643435,633131,28790,661921,7941
2022-07-29,San Diego,073,3302833,887787,881822,67798,949620,5409
2022-07-29,San Francisco,075,870044,170391,169564,11438,181002,937
2022-07-29,San Joaquin,077,732212,189159,187937,13112,201049,2276
2022-07-29,San Luis Obispo,079,281455,60901,60370,6506,66876,503
2022-07-29,San Mateo,081,765935,160492,159145,10154,169299,726
2022-07-29,Santa Barbara,083,443738,100692,99946,6192,106138,708
2022-07-29,Santa Clara,085,1922200,410304,407392,17854,425246,2381
2022-07-29,Santa Cruz,087,273765,59754,59227,3178,62405,269
2022-07-29,Shasta,089,179085,33678,33454,6964,40418,581
2022-07-29,Sierra,091,2930,296,293,58,351,4
2022-07-29,Siskiyou,093,43540,5026,4997,3189,8186,86
2022-07-29,Solano,095,438530,100507,99034,7297,106331,457
2022-07-29,Sonoma,097,501317,102468,101747,4933,106680,500
2022-07-29,Stanislaus,099,539301,131952,131081,20320,151401,1696
2022-07-29,Sutter,101,95872,23017,22931,2388,25319,228
2022-07-29,Tehama,103,63373,13157,13079,2920,15999,208
2022-07-29,Trinity,105,12862,1347,1340,345,1685,20
2022-07-29,Tulare,107,460477,117173,116640,32990,149630,1514
2022-07-29,Tuolumne,109,53932,14849,14701,871,15572,196
2022-07-29,Ventura,111,848112,199675,198498,14051,212549,1530
2022-07-29,Yolo,113,214977,45774,45511,4058,49569,327
2022-07-29,Yuba,115,75493,18009,17951,1565,19516,124
2022-07-28,Alameda,001,1643700,329456,327608,18539,346147,1941
2022-07-28,Alpine,003,1148,130,130,1,131,0
2022-07-28,Amador,005,37829,9639,9609,845,10454,88
2022-07-28,Butte,007,227075,37614,37349,8378,45727,444
2022-07-28,Calaveras,009,45235,8174,8145,472,8617,128
2022-07-28,Colusa,011,21464,3673,3664,1193,4857,22
2022-07-28,Contra Costa,013,1133247,238041,234635,19087,253722,1375
2022-07-28,Del Norte,015,27424,7156,7136,370,7506,54
2022-07-28,El Dorado,017,186661,31170,31007,4025,35032,222
2022-07-28,Fresno,019,978130,262566,260858,28494,289352,2805
2022-07-28,Glenn,021,27897,5367,5350,1797,7147,48
2022-07-28,Humboldt,023,135768,20620,20523,4401,24924,151
2022-07-28,Imperial,025,180216,62900,62471,14046,76517,949
2022-07-28,Inyo,027,18085,4401,4388,804,5192,57
2022-07-28,Kern,029,883053,211728,210190,56462,266652,2375
2022-07-28,Kings,031,150075,56941,56673,3862,60535,454
2022-07-28,Lake,033,64148,12155,12102,1088,13190,142
2022-07-28,Lassen,035,31185,9562,9548,960,10508,64
2022-07-28,Los Angeles,037,10098052,3143736,3122700,164623,3287323,32445
2022-07-28,Madera,039,155013,41852,41641,7437,49078,372
2022-07-28,Marin,041,260295,43092,42840,4920,47760,300
2022-07-28,Mariposa,043,17540,2961,2940,308,3248,30
2022-07-28,Mendocino,045,87422,15275,15172,4137,19309,132
2022-07-28,Merced,047,269075,69344,68853,10500,79353,838
2022-07-28,Modoc,049,8938,848,841,311,1152,11
2022-07-28,Mono,051,14174,3164,3155,221,3376,7
2022-07-28,Monterey,053,433212,90464,89974,18984,108958,754
2022-07-28,Napa,055,140530,30917,30777,1350,32127,150
2022-07-28,Nevada,057,99092,18257,18187,1668,19855,131
2022-07-28,Orange,059,3164182,639137,636403,56194,692597,7194
2022-07-28,Placer,061,380077,72842,72444,8976,81420,647
2022-07-28,Plumas,063,18699,3501,3490,426,3916,13
2022-07-28,Riverside,065,2383286,666467,662929,32924,695853,6543
2022-07-28,Sacramento,067,1510023,331225,329639,31905,361544,3156
2022-07-28,San Benito,069,59416,15306,15256,834,16090,100
2022-07-28,San Bernardino,071,2135413,642596,633131,28746,661877,7941
2022-07-28,San Diego,073,3302833,886434,881822,67667,949489,5409
2022-07-28,San Francisco,075,870044,170158,169564,11408,180972,937
2022-07-28,San Joaquin,077,732212,188906,187937,13074,201011,2276
2022-07-28,San Luis Obispo,079,281455,60816,60370,6484,66854,503
2022-07-28,San Mateo,081,765935,160238,159145,10140,169285,726
2022-07-28,Santa Barbara,083,443738,100555,99946,6159,106105,708
2022-07-28,Santa Clara,085,1922200,409659,407392,17822,425214,2381
2022-07-28,Santa Cruz,087,273765,59636,59227,3166,62393,269
2022-07-28,Shasta,089,179085,33651,33454,6949,40403,581
2022-07-28,Sierra,091,2930,296,293,58,351,4
2022-07-28,Siskiyou,093,43540,5022,4997,3182,8179,86
2022-07-28,Solano,095,438530,100358,99034,7286,106320,457
2022-07-28,Sonoma,097,501317,102344,101747,4907,106654,500
2022-07-28,Stanislaus,099,539301,131803,131081,20279,151360,1696
2022-07-28,Sutter,101,95872,22986,22931,2383,25314,228
2022-07-28,Tehama,103,63373,13139,13079,2911,15990,208
2022-07-28,Trinity,105,12862,1346,1340,344,1684,20
2022-07-28,Tulare,107,460477,117046,116640,32892,149532,1514
2022-07-28,Tuolumne,109,53932,14830,14701,869,15570,196
2022-07-28,Ventura,111,848112,199408,198498,14010,212508,1530
2022-07-28,Yolo,113,214977,45725,45511,4046,49557,327
2022-07-28,Yuba,115,75493,17995,17951,1556,19507,124
2022-07-27,Alameda,001,1643700,328932,325669,18492,344161,1938
2022-07-27,Alpine,003,1148,130,130,1,131,0
2022-07-27,Amador,005,37829,9630,9568,844,10412,87
2022-07-27,Butte,007,227075,37570,37146,8366,45512,441
2022-07-27,Calaveras,009,45235,8164,8105,471,8576,130
2022-07-27,Colusa,011,21464,3664,3649,1193,4842,22
2022-07-27,Contra Costa,013,1133247,237686,233236,19036,252272,1374
2022-07-27,Del Norte,015,27424,7152,7161,370,7531,54
2022-07-27,El Dorado,017,186661,31123,30891,4016,34907,222
2022-07-27,Fresno,019,978130,262154,259483,28418,287901,2801
2022-07-27,Glenn,021,27897,5363,5327,1796,7123,48
2022-07-27,Humboldt,023,135768,20580,20406,4393,24799,150
2022-07-27,Imperial,025,180216,62815,62014,13991,76005,948
2022-07-27,Inyo,027,18085,4397,4381,800,5181,57
2022-07-27,Kern,029,883053,211504,209400,56255,265655,2368
2022-07-27,Kings,031,150075,56866,56417,3854,60271,451
2022-07-27,Lake,033,64148,12139,12025,1086,13111,142
2022-07-27,Lassen,035,31185,9557,9509,959,10468,64
2022-07-27,Los Angeles,037,10098052,3139031,3107063,164115,3271178,32392
2022-07-27,Madera,039,155013,41765,41423,7424,48847,372
2022-07-27,Marin,041,260295,43020,42624,4912,47536,300
2022-07-27,Mariposa,043,17540,2956,2927,308,3235,30
2022-07-27,Mendocino,045,87422,15247,15066,4121,19187,131
2022-07-27,Merced,047,269075,69228,68455,10470,78925,838
2022-07-27,Modoc,049,8938,846,840,311,1151,10
2022-07-27,Mono,051,14174,3162,3148,219,3367,7
2022-07-27,Monterey,053,433212,90333,89520,18910,108430,752
2022-07-27,Napa,055,140530,30873,30647,1348,31995,150
2022-07-27,Nevada,057,99092,18239,18134,1667,19801,132
2022-07-27,Orange,059,3164182,638150,632871,56021,688892,7188
2022-07-27,Placer,061,380077,72761,72194,8955,81149,647
2022-07-27,Plumas,063,18699,3495,3472,426,3898,13
2022-07-27,Riverside,065,2383286,665456,659650,32844,692494,6528
2022-07-27,Sacramento,067,1510023,330764,328249,31851,360100,3146
2022-07-27,San Benito,069,59416,15286,15188,832,16020,100
2022-07-27,San Bernardino,071,2135413,641708,629895,28691,658586,7937
2022-07-27,San Diego,073,3302833,884989,876507,67530,944037,5386
2022-07-27,San Francisco,075,870044,169911,168570,11392,179962,931
2022-07-27,San Joaquin,077,732212,188618,187066,13034,200100,2267
2022-07-27,San Luis Obispo,079,281455,60734,60180,6450,66630,502
2022-07-27,San Mateo,081,765935,159990,158343,10130,168473,724
2022-07-27,Santa Barbara,083,443738,100397,99460,6122,105582,707
2022-07-27,Santa Clara,085,1922200,408969,404896,17802,422698,2380
2022-07-27,Santa Cruz,087,273765,59541,58873,3153,62026,269
2022-07-27,Shasta,089,179085,33618,33314,6939,40253,578
2022-07-27,Sierra,091,2930,295,293,58,351,4
2022-07-27,Siskiyou,093,43540,5009,4975,3178,8153,84
2022-07-27,Solano,095,438530,100191,98579,7276,105855,457
2022-07-27,Sonoma,097,501317,102203,101316,4893,106209,499
2022-07-27,Stanislaus,099,539301,131602,130451,20237,150688,1695
2022-07-27,Sutter,101,95872,22950,22811,2377,25188,228
2022-07-27,Tehama,103,63373,13125,13036,2906,15942,207
2022-07-27,Trinity,105,12862,1345,1337,343,1680,20
2022-07-27,Tulare,107,460477,116884,116167,32820,148987,1514
2022-07-27,Tuolumne,109,53932,14800,14594,866,15460,196
2022-07-27,Ventura,111,848112,199130,197572,13943,211515,1527
2022-07-27,Yolo,113,214977,45679,45359,4029,49388,326
2022-07-27,Yuba,115,75493,17971,17873,1548,19421,124
2022-07-26,Alameda,001,1643700,328296,325669,18444,344113,1938
2022-07-26,Alpine,003,1148,130,130,1,131,0
2022-07-26,Amador,005,37829,9621,9568,840,10408,87
2022-07-26,Butte,007,227075,37510,37146,8349,45495,441
2022-07-26,Calaveras,009,45235,8154,8105,469,8574,130
2022-07-26,Colusa,011,21464,3663,3649,1193,4842,22
2022-07-26,Contra Costa,013,1133247,237254,233236,18980,252216,1374
2022-07-26,Del Norte,015,27424,7139,7161,370,7531,54
2022-07-26,El Dorado,017,186661,31078,30891,4010,34901,222
2022-07-26,Fresno,019,978130,261620,259483,28325,287808,2801
2022-07-26,Glenn,021,27897,5360,5327,1792,7119,48
2022-07-26,Humboldt,023,135768,20548,20406,4379,24785,150
2022-07-26,Imperial,025,180216,62695,62014,13911,75925,948
2022-07-26,Inyo,027,18085,4394,4381,798,5179,57
2022-07-26,Kern,029,883053,211187,209400,56040,265440,2368
2022-07-26,Kings,031,150075,56751,56417,3852,60269,451
2022-07-26,Lake,033,64148,12109,12025,1085,13110,142
2022-07-26,Lassen,035,31185,9554,9509,957,10466,64
2022-07-26,Los Angeles,037,10098052,3134059,3107063,163526,3270589,32392
2022-07-26,Madera,039,155013,41701,41423,7399,48822,372
2022-07-26,Marin,041,260295,42954,42624,4901,47525,300
2022-07-26,Mariposa,043,17540,2954,2927,308,3235,30
2022-07-26,Mendocino,045,87422,15224,15066,4110,19176,131
2022-07-26,Merced,047,269075,69136,68455,10445,78900,838
2022-07-26,Modoc,049,8938,844,840,311,1151,10
2022-07-26,Mono,051,14174,3160,3148,218,3366,7
2022-07-26,Monterey,053,433212,90195,89520,18823,108343,752
2022-07-26,Napa,055,140530,30837,30647,1342,31989,150
2022-07-26,Nevada,057,99092,18216,18134,1664,19798,132
2022-07-26,Orange,059,3164182,637052,632871,55801,688672,7188
2022-07-26,Placer,061,380077,72643,72194,8936,81130,647
2022-07-26,Plumas,063,18699,3492,3472,425,3897,13
2022-07-26,Riverside,065,2383286,664427,659650,32765,692415,6528
2022-07-26,Sacramento,067,1510023,330231,328249,31785,360034,3146
2022-07-26,San Benito,069,59416,15256,15188,831,16019,100
2022-07-26,San Bernardino,071,2135413,640710,629895,28622,658517,7937
2022-07-26,San Diego,073,3302833,883304,876507,67348,943855,5386
2022-07-26,San Francisco,075,870044,169624,168570,11378,179948,931
2022-07-26,San Joaquin,077,732212,188323,187066,12979,200045,2267
2022-07-26,San Luis Obispo,079,281455,60654,60180,6423,66603,502
2022-07-26,San Mateo,081,765935,159708,158343,10119,168462,724
2022-07-26,Santa Barbara,083,443738,100219,99460,6098,105558,707
2022-07-26,Santa Clara,085,1922200,408117,404896,17764,422660,2380
2022-07-26,Santa Cruz,087,273765,59437,58873,3136,62009,269
2022-07-26,Shasta,089,179085,33585,33314,6923,40237,578
2022-07-26,Sierra,091,2930,294,293,58,351,4
2022-07-26,Siskiyou,093,43540,5004,4975,3170,8145,84
2022-07-26,Solano,095,438530,99999,98579,7260,105839,457
2022-07-26,Sonoma,097,501317,102055,101316,4865,106181,499
2022-07-26,Stanislaus,099,539301,131389,130451,20211,150662,1695
2022-07-26,Sutter,101,95872,22920,22811,2376,25187,228
2022-07-26,Tehama,103,63373,13106,13036,2902,15938,207
2022-07-26,Trinity,105,12862,1344,1337,341,1678,20
2022-07-26,Tulare,107,460477,116734,116167,32733,148900,1514
2022-07-26,Tuolumne,109,53932,14781,14594,864,15458,196
2022-07-26,Ventura,111,848112,198820,197572,13885,211457,1527
2022-07-26,Yolo,113,214977,45631,45359,4018,49377,326
2022-07-26,Yuba,115,75493,17953,17873,1547,19420,124
2022-07-25,Alameda,001,1643700,327556,325669,18375,344044,1938
2022-07-25,Alpine,003,1148,130,130,1,131,0
2022-07-25,Amador,005,37829,9608,9568,837,10405,87
2022-07-25,Butte,007,227075,37435,37146,8334,45480,441
2022-07-25,Calaveras,009,45235,8143,8105,468,8573,130
2022-07-25,Colusa,011,21464,3662,3649,1190,4839,22
2022-07-25,Contra Costa,013,1133247,236772,233236,18897,252133,1374
2022-07-25,Del Norte,015,27424,7132,7161,369,7530,54
2022-07-25,El Dorado,017,186661,31039,30891,3996,34887,222
2022-07-25,Fresno,019,978130,261033,259483,28224,287707,2801
2022-07-25,Glenn,021,27897,5352,5327,1789,7116,48
2022-07-25,Humboldt,023,135768,20516,20406,4358,24764,150
2022-07-25,Imperial,025,180216,62575,62014,13825,75839,948
2022-07-25,Inyo,027,18085,4391,4381,792,5173,57
2022-07-25,Kern,029,883053,210896,209400,55817,265217,2368
2022-07-25,Kings,031,150075,56616,56417,3842,60259,451
2022-07-25,Lake,033,64148,12088,12025,1084,13109,142
2022-07-25,Lassen,035,31185,9547,9509,956,10465,64
2022-07-25,Los Angeles,037,10098052,3128274,3107063,162968,3270031,32392
2022-07-25,Madera,039,155013,41614,41423,7374,48797,372
2022-07-25,Marin,041,260295,42880,42624,4894,47518,300
2022-07-25,Mariposa,043,17540,2951,2927,305,3232,30
2022-07-25,Mendocino,045,87422,15187,15066,4098,19164,131
2022-07-25,Merced,047,269075,69022,68455,10414,78869,838
2022-07-25,Modoc,049,8938,839,840,309,1149,10
2022-07-25,Mono,051,14174,3158,3148,217,3365,7
2022-07-25,Monterey,053,433212,90040,89520,18713,108233,752
2022-07-25,Napa,055,140530,30793,30647,1341,31988,150
2022-07-25,Nevada,057,99092,18204,18134,1656,19790,132
2022-07-25,Orange,059,3164182,635802,632871,55597,688468,7188
2022-07-25,Placer,061,380077,72560,72194,8930,81124,647
2022-07-25,Plumas,063,18699,3486,3472,424,3896,13
2022-07-25,Riverside,065,2383286,663337,659650,32686,692336,6528
2022-07-25,Sacramento,067,1510023,329699,328249,31724,359973,3146
2022-07-25,San Benito,069,59416,15224,15188,829,16017,100
2022-07-25,San Bernardino,071,2135413,639538,629895,28565,658460,7937
2022-07-25,San Diego,073,3302833,881523,876507,67155,943662,5386
2022-07-25,San Francisco,075,870044,169315,168570,11363,179933,931
2022-07-25,San Joaquin,077,732212,188034,187066,12912,199978,2267
2022-07-25,San Luis Obispo,079,281455,60549,60180,6391,66571,502
2022-07-25,San Mateo,081,765935,159337,158343,10097,168440,724
2022-07-25,Santa Barbara,083,443738,100027,99460,6073,105533,707
2022-07-25,Santa Clara,085,1922200,407226,404896,17684,422580,2380
2022-07-25,Santa Cruz,087,273765,59316,58873,3123,61996,269
2022-07-25,Shasta,089,179085,33534,33314,6915,40229,578
2022-07-25,Sierra,091,2930,293,293,58,351,4
2022-07-25,Siskiyou,093,43540,4998,4975,3161,8136,84
2022-07-25,Solano,095,438530,99753,98579,7245,105824,457
2022-07-25,Sonoma,097,501317,101896,101316,4847,106163,499
2022-07-25,Stanislaus,099,539301,131193,130451,20184,150635,1695
2022-07-25,Sutter,101,95872,22874,22811,2375,25186,228
2022-07-25,Tehama,103,63373,13089,13036,2894,15930,207
2022-07-25,Trinity,105,12862,1342,1337,341,1678,20
2022-07-25,Tulare,107,460477,116523,116167,32636,148803,1514
2022-07-25,Tuolumne,109,53932,14762,14594,864,15458,196
2022-07-25,Ventura,111,848112,198513,197572,13829,211401,1527
2022-07-25,Yolo,113,214977,45568,45359,4002,49361,326
2022-07-25,Yuba,115,75493,17915,17873,1546,19419,124
2022-07-24,Alameda,001,1643700,326748,323165,18331,341496,1933
2022-07-24,Alpine,003,1148,130,130,1,131,0
2022-07-24,Amador,005,37829,9586,9526,834,10360,87
2022-07-24,Butte,007,227075,37370,36994,8306,45300,440
2022-07-24,Calaveras,009,45235,8126,8064,466,8530,128
2022-07-24,Colusa,011,21464,3656,3639,1190,4829,22
2022-07-24,Contra Costa,013,1133247,236238,231714,18817,250531,1363
2022-07-24,Del Norte,015,27424,7114,7128,365,7493,54
2022-07-24,El Dorado,017,186661,30991,30722,3979,34701,222
2022-07-24,Fresno,019,978130,260379,257571,28124,285695,2792
2022-07-24,Glenn,021,27897,5346,5311,1787,7098,48
2022-07-24,Humboldt,023,135768,20483,20283,4341,24624,150
2022-07-24,Imperial,025,180216,62413,61671,13704,75375,948
2022-07-24,Inyo,027,18085,4387,4366,781,5147,57
2022-07-24,Kern,029,883053,210527,208535,55572,264107,2366
2022-07-24,Kings,031,150075,56491,56103,3829,59932,451
2022-07-24,Lake,033,64148,12062,11957,1081,13038,142
2022-07-24,Lassen,035,31185,9521,9504,953,10457,64
2022-07-24,Los Angeles,037,10098052,3121838,3085376,162289,3247665,32340
2022-07-24,Madera,039,155013,41517,41145,7344,48489,372
2022-07-24,Marin,041,260295,42811,42347,4882,47229,300
2022-07-24,Mariposa,043,17540,2948,2897,304,3201,30
2022-07-24,Mendocino,045,87422,15137,14988,4066,19054,131
2022-07-24,Merced,047,269075,68865,68127,10355,78482,837
2022-07-24,Modoc,049,8938,839,829,308,1137,10
2022-07-24,Mono,051,14174,3157,3141,217,3358,7
2022-07-24,Monterey,053,433212,89864,89067,18612,107679,747
2022-07-24,Napa,055,140530,30740,30495,1340,31835,148
2022-07-24,Nevada,057,99092,18185,18073,1647,19720,131
2022-07-24,Orange,059,3164182,634451,627948,55360,683308,7181
2022-07-24,Placer,061,380077,72437,71870,8917,80787,644
2022-07-24,Plumas,063,18699,3485,3464,424,3888,13
2022-07-24,Riverside,065,2383286,662043,655603,32572,688175,6527
2022-07-24,Sacramento,067,1510023,329018,326216,31654,357870,3136
2022-07-24,San Benito,069,59416,15203,15049,828,15877,100
2022-07-24,San Bernardino,071,2135413,638147,626059,28484,654543,7933
2022-07-24,San Diego,073,3302833,879450,870102,66960,937062,5380
2022-07-24,San Francisco,075,870044,168868,167260,11333,178593,931
2022-07-24,San Joaquin,077,732212,187671,186142,12846,198988,2267
2022-07-24,San Luis Obispo,079,281455,60403,59919,6358,66277,500
2022-07-24,San Mateo,081,765935,158999,157266,10074,167340,724
2022-07-24,Santa Barbara,083,443738,99801,98826,6033,104859,706
2022-07-24,Santa Clara,085,1922200,406269,401495,17644,419139,2381
2022-07-24,Santa Cruz,087,273765,59144,58386,3102,61488,268
2022-07-24,Shasta,089,179085,33470,33185,6900,40085,578
2022-07-24,Sierra,091,2930,293,293,58,351,4
2022-07-24,Siskiyou,093,43540,4994,4938,3145,8083,84
2022-07-24,Solano,095,438530,99539,98016,7231,105247,457
2022-07-24,Sonoma,097,501317,101693,100735,4826,105561,499
2022-07-24,Stanislaus,099,539301,130901,129813,20148,149961,1695
2022-07-24,Sutter,101,95872,22824,22687,2372,25059,228
2022-07-24,Tehama,103,63373,13079,12974,2884,15858,207
2022-07-24,Trinity,105,12862,1341,1330,339,1669,20
2022-07-24,Tulare,107,460477,116338,115548,32533,148081,1513
2022-07-24,Tuolumne,109,53932,14728,14514,863,15377,196
2022-07-24,Ventura,111,848112,198103,196127,13727,209854,1525
2022-07-24,Yolo,113,214977,45492,45141,3990,49131,327
2022-07-24,Yuba,115,75493,17888,17770,1544,19314,124
2022-07-23,Alameda,001,1643700,326331,323165,18311,341476,1933
2022-07-23,Alpine,003,1148,130,130,1,131,0
2022-07-23,Amador,005,37829,9577,9526,834,10360,87
2022-07-23,Butte,007,227075,37323,36994,8299,45293,440
2022-07-23,Calaveras,009,45235,8115,8064,466,8530,128
2022-07-23,Colusa,011,21464,3651,3639,1190,4829,22
2022-07-23,Contra Costa,013,1133247,235939,231714,18787,250501,1363
2022-07-23,Del Norte,015,27424,7111,7128,364,7492,54
2022-07-23,El Dorado,017,186661,30973,30722,3977,34699,222
2022-07-23,Fresno,019,978130,260154,257571,28071,285642,2792
2022-07-23,Glenn,021,27897,5344,5311,1785,7096,48
2022-07-23,Humboldt,023,135768,20456,20283,4328,24611,150
2022-07-23,Imperial,025,180216,62352,61671,13682,75353,948
2022-07-23,Inyo,027,18085,4385,4366,780,5146,57
2022-07-23,Kern,029,883053,210361,208535,55427,263962,2366
2022-07-23,Kings,031,150075,56448,56103,3826,59929,451
2022-07-23,Lake,033,64148,12051,11957,1080,13037,142
2022-07-23,Lassen,035,31185,9519,9504,953,10457,64
2022-07-23,Los Angeles,037,10098052,3119022,3085376,161845,3247221,32340
2022-07-23,Madera,039,155013,41457,41145,7339,48484,372
2022-07-23,Marin,041,260295,42736,42347,4872,47219,300
2022-07-23,Mariposa,043,17540,2945,2897,304,3201,30
2022-07-23,Mendocino,045,87422,15117,14988,4059,19047,131
2022-07-23,Merced,047,269075,68797,68127,10337,78464,837
2022-07-23,Modoc,049,8938,839,829,308,1137,10
2022-07-23,Mono,051,14174,3156,3141,217,3358,7
2022-07-23,Monterey,053,433212,89777,89067,18591,107658,747
2022-07-23,Napa,055,140530,30707,30495,1339,31834,148
2022-07-23,Nevada,057,99092,18173,18073,1645,19718,131
2022-07-23,Orange,059,3164182,633751,627948,55170,683118,7181
2022-07-23,Placer,061,380077,72364,71870,8907,80777,644
2022-07-23,Plumas,063,18699,3484,3464,424,3888,13
2022-07-23,Riverside,065,2383286,661335,655603,32532,688135,6527
2022-07-23,Sacramento,067,1510023,328743,326216,31638,357854,3136
2022-07-23,San Benito,069,59416,15193,15049,819,15868,100
2022-07-23,San Bernardino,071,2135413,637527,626059,28441,654500,7933
2022-07-23,San Diego,073,3302833,878629,870102,66899,937001,5380
2022-07-23,San Francisco,075,870044,168675,167260,11318,178578,931
2022-07-23,San Joaquin,077,732212,187517,186142,12825,198967,2267
2022-07-23,San Luis Obispo,079,281455,60374,59919,6347,66266,500
2022-07-23,San Mateo,081,765935,158823,157266,10060,167326,724
2022-07-23,Santa Barbara,083,443738,99702,98826,6002,104828,706
2022-07-23,Santa Clara,085,1922200,405655,401495,17619,419114,2381
2022-07-23,Santa Cruz,087,273765,59093,58386,3090,61476,268
2022-07-23,Shasta,089,179085,33431,33185,6894,40079,578
2022-07-23,Sierra,091,2930,293,293,58,351,4
2022-07-23,Siskiyou,093,43540,4990,4938,3143,8081,84
2022-07-23,Solano,095,438530,99475,98016,7225,105241,457
2022-07-23,Sonoma,097,501317,101605,100735,4816,105551,499
2022-07-23,Stanislaus,099,539301,130770,129813,20112,149925,1695
2022-07-23,Sutter,101,95872,22803,22687,2372,25059,228
2022-07-23,Tehama,103,63373,13065,12974,2881,15855,207
2022-07-23,Trinity,105,12862,1341,1330,338,1668,20
2022-07-23,Tulare,107,460477,116222,115548,32464,148012,1513
2022-07-23,Tuolumne,109,53932,14705,14514,863,15377,196
2022-07-23,Ventura,111,848112,197919,196127,13692,209819,1525
2022-07-23,Yolo,113,214977,45458,45141,3982,49123,327
2022-07-23,Yuba,115,75493,17875,17770,1540,19310,124
2022-07-22,Alameda,001,1643700,325922,323165,18283,341448,1933
2022-07-22,Alpine,003,1148,130,130,1,131,0
2022-07-22,Amador,005,37829,9571,9526,833,10359,87
2022-07-22,Butte,007,227075,37288,36994,8283,45277,440
2022-07-22,Calaveras,009,45235,8106,8064,466,8530,128
2022-07-22,Colusa,011,21464,3650,3639,1186,4825,22
2022-07-22,Contra Costa,013,1133247,235646,231714,18750,250464,1363
2022-07-22,Del Norte,015,27424,7104,7128,364,7492,54
2022-07-22,El Dorado,017,186661,30944,30722,3972,34694,222
2022-07-22,Fresno,019,978130,259874,257571,28023,285594,2792
2022-07-22,Glenn,021,27897,5339,5311,1784,7095,48
2022-07-22,Humboldt,023,135768,20433,20283,4318,24601,150
2022-07-22,Imperial,025,180216,62261,61671,13650,75321,948
2022-07-22,Inyo,027,18085,4385,4366,773,5139,57
2022-07-22,Kern,029,883053,210161,208535,55279,263814,2366
2022-07-22,Kings,031,150075,56412,56103,3825,59928,451
2022-07-22,Lake,033,64148,12037,11957,1078,13035,142
2022-07-22,Lassen,035,31185,9519,9504,953,10457,64
2022-07-22,Los Angeles,037,10098052,3115529,3085376,161395,3246771,32340
2022-07-22,Madera,039,155013,41414,41145,7328,48473,372
2022-07-22,Marin,041,260295,42683,42347,4864,47211,300
2022-07-22,Mariposa,043,17540,2943,2897,304,3201,30
2022-07-22,Mendocino,045,87422,15093,14988,4051,19039,131
2022-07-22,Merced,047,269075,68725,68127,10325,78452,837
2022-07-22,Modoc,049,8938,839,829,308,1137,10
2022-07-22,Mono,051,14174,3155,3141,216,3357,7
2022-07-22,Monterey,053,433212,89687,89067,18557,107624,747
2022-07-22,Napa,055,140530,30676,30495,1339,31834,148
2022-07-22,Nevada,057,99092,18161,18073,1638,19711,131
2022-07-22,Orange,059,3164182,632978,627948,55016,682964,7181
2022-07-22,Placer,061,380077,72319,71870,8899,80769,644
2022-07-22,Plumas,063,18699,3483,3464,424,3888,13
2022-07-22,Riverside,065,2383286,660592,655603,32469,688072,6527
2022-07-22,Sacramento,067,1510023,328383,326216,31611,357827,3136
2022-07-22,San Benito,069,59416,15184,15049,819,15868,100
2022-07-22,San Bernardino,071,2135413,636903,626059,28396,654455,7933
2022-07-22,San Diego,073,3302833,877552,870102,66761,936863,5380
2022-07-22,San Francisco,075,870044,168480,167260,11289,178549,931
2022-07-22,San Joaquin,077,732212,187362,186142,12798,198940,2267
2022-07-22,San Luis Obispo,079,281455,60319,59919,6335,66254,500
2022-07-22,San Mateo,081,765935,158595,157266,10047,167313,724
2022-07-22,Santa Barbara,083,443738,99600,98826,5996,104822,706
2022-07-22,Santa Clara,085,1922200,405000,401495,17593,419088,2381
2022-07-22,Santa Cruz,087,273765,58987,58386,3082,61468,268
2022-07-22,Shasta,089,179085,33400,33185,6889,40074,578
2022-07-22,Sierra,091,2930,293,293,58,351,4
2022-07-22,Siskiyou,093,43540,4983,4938,3140,8078,84
2022-07-22,Solano,095,438530,99337,98016,7215,105231,457
2022-07-22,Sonoma,097,501317,101499,100735,4798,105533,499
2022-07-22,Stanislaus,099,539301,130640,129813,20087,149900,1695
2022-07-22,Sutter,101,95872,22779,22687,2371,25058,228
2022-07-22,Tehama,103,63373,13056,12974,2879,15853,207
2022-07-22,Trinity,105,12862,1339,1330,337,1667,20
2022-07-22,Tulare,107,460477,116110,115548,32405,147953,1513
2022-07-22,Tuolumne,109,53932,14681,14514,859,15373,196
2022-07-22,Ventura,111,848112,197733,196127,13657,209784,1525
2022-07-22,Yolo,113,214977,45404,45141,3965,49106,327
2022-07-22,Yuba,115,75493,17861,17770,1538,19308,124
2022-07-21,Alameda,001,1643700,325246,323165,18234,341399,1933
2022-07-21,Alpine,003,1148,130,130,1,131,0
2022-07-21,Amador,005,37829,9564,9526,831,10357,87
2022-07-21,Butte,007,227075,37247,36994,8263,45257,440
2022-07-21,Calaveras,009,45235,8091,8064,464,8528,128
2022-07-21,Colusa,011,21464,3646,3639,1184,4823,22
2022-07-21,Contra Costa,013,1133247,235261,231714,18693,250407,1363
2022-07-21,Del Norte,015,27424,7094,7128,364,7492,54
2022-07-21,El Dorado,017,186661,30893,30722,3969,34691,222
2022-07-21,Fresno,019,978130,259400,257571,27942,285513,2792
2022-07-21,Glenn,021,27897,5333,5311,1784,7095,48
2022-07-21,Humboldt,023,135768,20401,20283,4295,24578,150
2022-07-21,Imperial,025,180216,62148,61671,13554,75225,948
2022-07-21,Inyo,027,18085,4381,4366,766,5132,57
2022-07-21,Kern,029,883053,209887,208535,55097,263632,2366
2022-07-21,Kings,031,150075,56338,56103,3812,59915,451
2022-07-21,Lake,033,64148,12024,11957,1075,13032,142
2022-07-21,Lassen,035,31185,9516,9504,953,10457,64
2022-07-21,Los Angeles,037,10098052,3109961,3085376,160787,3246163,32340
2022-07-21,Madera,039,155013,41339,41145,7306,48451,372
2022-07-21,Marin,041,260295,42618,42347,4861,47208,300
2022-07-21,Mariposa,043,17540,2939,2897,303,3200,30
2022-07-21,Mendocino,045,87422,15067,14988,4045,19033,131
2022-07-21,Merced,047,269075,68623,68127,10298,78425,837
2022-07-21,Modoc,049,8938,837,829,308,1137,10
2022-07-21,Mono,051,14174,3151,3141,215,3356,7
2022-07-21,Monterey,053,433212,89563,89067,18482,107549,747
2022-07-21,Napa,055,140530,30632,30495,1339,31834,148
2022-07-21,Nevada,057,99092,18142,18073,1632,19705,131
2022-07-21,Orange,059,3164182,631854,627948,54797,682745,7181
2022-07-21,Placer,061,380077,72212,71870,8877,80747,644
2022-07-21,Plumas,063,18699,3482,3464,424,3888,13
2022-07-21,Riverside,065,2383286,659528,655603,32396,687999,6527
2022-07-21,Sacramento,067,1510023,327870,326216,31569,357785,3136
2022-07-21,San Benito,069,59416,15142,15049,816,15865,100
2022-07-21,San Bernardino,071,2135413,635863,626059,28330,654389,7933
2022-07-21,San Diego,073,3302833,875875,870102,66567,936669,5380
2022-07-21,San Francisco,075,870044,168126,167260,11237,178497,931
2022-07-21,San Joaquin,077,732212,187111,186142,12771,198913,2267
2022-07-21,San Luis Obispo,079,281455,60263,59919,6305,66224,500
2022-07-21,San Mateo,081,765935,158296,157266,10032,167298,724
2022-07-21,Santa Barbara,083,443738,99439,98826,5976,104802,706
2022-07-21,Santa Clara,085,1922200,404197,401495,17555,419050,2381
2022-07-21,Santa Cruz,087,273765,58869,58386,3067,61453,268
2022-07-21,Shasta,089,179085,33350,33185,6875,40060,578
2022-07-21,Sierra,091,2930,293,293,58,351,4
2022-07-21,Siskiyou,093,43540,4972,4938,3134,8072,84
2022-07-21,Solano,095,438530,99195,98016,7207,105223,457
2022-07-21,Sonoma,097,501317,101355,100735,4784,105519,499
2022-07-21,Stanislaus,099,539301,130449,129813,20064,149877,1695
2022-07-21,Sutter,101,95872,22751,22687,2369,25056,228
2022-07-21,Tehama,103,63373,13039,12974,2868,15842,207
2022-07-21,Trinity,105,12862,1335,1330,337,1667,20
2022-07-21,Tulare,107,460477,115958,115548,32324,147872,1513
2022-07-21,Tuolumne,109,53932,14649,14514,856,15370,196
2022-07-21,Ventura,111,848112,197407,196127,13567,209694,1525
2022-07-21,Yolo,113,214977,45343,45141,3952,49093,327
2022-07-21,Yuba,115,75493,17833,17770,1535,19305,124
2022-07-20,Alameda,001,1643700,324571,321347,18193,339540,1915
2022-07-20,Alpine,003,1148,130,130,1,131,0
2022-07-20,Amador,005,37829,9546,9478,829,10307,87
2022-07-20,Butte,007,227075,37198,36820,8243,45063,440
2022-07-20,Calaveras,009,45235,8082,8035,463,8498,126
2022-07-20,Colusa,011,21464,3642,3627,1182,4809,22
2022-07-20,Contra Costa,013,1133247,234859,230356,18644,249000,1362
2022-07-20,Del Norte,015,27424,7085,7081,364,7445,54
2022-07-20,El Dorado,017,186661,30862,30628,3959,34587,221
2022-07-20,Fresno,019,978130,258887,256217,27872,284089,2790
2022-07-20,Glenn,021,27897,5329,5287,1781,7068,48
2022-07-20,Humboldt,023,135768,20362,20149,4277,24426,150
2022-07-20,Imperial,025,180216,62004,61170,13458,74628,944
2022-07-20,Inyo,027,18085,4379,4355,761,5116,56
2022-07-20,Kern,029,883053,209594,207603,54911,262514,2366
2022-07-20,Kings,031,150075,56254,55836,3801,59637,449
2022-07-20,Lake,033,64148,12003,11895,1070,12965,142
2022-07-20,Lassen,035,31185,9507,9455,953,10408,64
2022-07-20,Los Angeles,037,10098052,3104407,3068779,160180,3228959,32292
2022-07-20,Madera,039,155013,41267,40902,7286,48188,372
2022-07-20,Marin,041,260295,42538,42153,4854,47007,300
2022-07-20,Mariposa,043,17540,2924,2884,301,3185,30
2022-07-20,Mendocino,045,87422,15052,14890,4033,18923,131
2022-07-20,Merced,047,269075,68527,67775,10271,78046,833
2022-07-20,Modoc,049,8938,836,799,307,1106,9
2022-07-20,Mono,051,14174,3148,3138,212,3350,7
2022-07-20,Monterey,053,433212,89426,88606,18401,107007,747
2022-07-20,Napa,055,140530,30594,30353,1337,31690,145
2022-07-20,Nevada,057,99092,18116,18020,1627,19647,131
2022-07-20,Orange,059,3164182,630588,624998,54556,679554,7173
2022-07-20,Placer,061,380077,72129,71614,8859,80473,639
2022-07-20,Plumas,063,18699,3476,3433,423,3856,13
2022-07-20,Riverside,065,2383286,658432,652192,32297,684489,6510
2022-07-20,Sacramento,067,1510023,327322,324765,31524,356289,3123
2022-07-20,San Benito,069,59416,15110,14966,813,15779,100
2022-07-20,San Bernardino,071,2135413,634826,622760,28269,651029,7921
2022-07-20,San Diego,073,3302833,874048,864434,66381,930815,5375
2022-07-20,San Francisco,075,870044,167790,166241,11218,177459,929
2022-07-20,San Joaquin,077,732212,186821,185319,12735,198054,2262
2022-07-20,San Luis Obispo,079,281455,60193,59727,6276,66003,499
2022-07-20,San Mateo,081,765935,158009,156191,10007,166198,724
2022-07-20,Santa Barbara,083,443738,99260,98322,5949,104271,703
2022-07-20,Santa Clara,085,1922200,403388,398816,17520,416336,2374
2022-07-20,Santa Cruz,087,273765,58755,58004,3054,61058,267
2022-07-20,Shasta,089,179085,33308,33017,6868,39885,576
2022-07-20,Sierra,091,2930,293,292,58,350,4
2022-07-20,Siskiyou,093,43540,4957,4921,3127,8048,84
2022-07-20,Solano,095,438530,99031,97577,7187,104764,459
2022-07-20,Sonoma,097,501317,101168,100304,4771,105075,499
2022-07-20,Stanislaus,099,539301,130282,129200,20026,149226,1695
2022-07-20,Sutter,101,95872,22716,22592,2366,24958,228
2022-07-20,Tehama,103,63373,13023,12923,2864,15787,205
2022-07-20,Trinity,105,12862,1335,1319,336,1655,20
2022-07-20,Tulare,107,460477,115777,115073,32210,147283,1510
2022-07-20,Tuolumne,109,53932,14623,14389,855,15244,196
2022-07-20,Ventura,111,848112,197088,195189,13494,208683,1522
2022-07-20,Yolo,113,214977,45287,44950,3941,48891,325
2022-07-20,Yuba,115,75493,17809,17661,1534,19195,124
2022-07-19,Alameda,001,1643700,323898,321347,18168,339515,1915
2022-07-19,Alpine,003,1148,130,130,1,131,0
2022-07-19,Amador,005,37829,9534,9478,825,10303,87
2022-07-19,Butte,007,227075,37145,36820,8229,45049,440
2022-07-19,Calaveras,009,45235,8072,8035,463,8498,126
2022-07-19,Colusa,011,21464,3639,3627,1178,4805,22
2022-07-19,Contra Costa,013,1133247,234409,230356,18587,248943,1362
2022-07-19,Del Norte,015,27424,7077,7081,363,7444,54
2022-07-19,El Dorado,017,186661,30818,30628,3950,34578,221
2022-07-19,Fresno,019,978130,258282,256217,27785,284002,2790
2022-07-19,Glenn,021,27897,5322,5287,1780,7067,48
2022-07-19,Humboldt,023,135768,20327,20149,4263,24412,150
2022-07-19,Imperial,025,180216,61869,61170,13368,74538,944
2022-07-19,Inyo,027,18085,4377,4355,759,5114,56
2022-07-19,Kern,029,883053,209317,207603,54717,262320,2366
2022-07-19,Kings,031,150075,56151,55836,3782,59618,449
2022-07-19,Lake,033,64148,11982,11895,1062,12957,142
2022-07-19,Lassen,035,31185,9499,9455,953,10408,64
2022-07-19,Los Angeles,037,10098052,3098296,3068779,159487,3228266,32292
2022-07-19,Madera,039,155013,41188,40902,7263,48165,372
2022-07-19,Marin,041,260295,42475,42153,4841,46994,300
2022-07-19,Mariposa,043,17540,2919,2884,300,3184,30
2022-07-19,Mendocino,045,87422,15020,14890,4022,18912,131
2022-07-19,Merced,047,269075,68421,67775,10239,78014,833
2022-07-19,Modoc,049,8938,835,799,307,1106,9
2022-07-19,Mono,051,14174,3144,3138,212,3350,7
2022-07-19,Monterey,053,433212,89276,88606,18320,106926,747
2022-07-19,Napa,055,140530,30537,30353,1333,31686,145
2022-07-19,Nevada,057,99092,18102,18020,1620,19640,131
2022-07-19,Orange,059,3164182,629302,624998,54307,679305,7173
2022-07-19,Placer,061,380077,72042,71614,8843,80457,639
2022-07-19,Plumas,063,18699,3470,3433,421,3854,13
2022-07-19,Riverside,065,2383286,657121,652192,32203,684395,6510
2022-07-19,Sacramento,067,1510023,326689,324765,31484,356249,3123
2022-07-19,San Benito,069,59416,15066,14966,811,15777,100
2022-07-19,San Bernardino,071,2135413,633702,622760,28196,650956,7921
2022-07-19,San Diego,073,3302833,871950,864434,66151,930585,5375
2022-07-19,San Francisco,075,870044,167435,166241,11199,177440,929
2022-07-19,San Joaquin,077,732212,186543,185319,12679,197998,2262
2022-07-19,San Luis Obispo,079,281455,60109,59727,6238,65965,499
2022-07-19,San Mateo,081,765935,157714,156191,9983,166174,724
2022-07-19,Santa Barbara,083,443738,99049,98322,5927,104249,703
2022-07-19,Santa Clara,085,1922200,402440,398816,17469,416285,2374
2022-07-19,Santa Cruz,087,273765,58633,58004,3039,61043,267
2022-07-19,Shasta,089,179085,33276,33017,6854,39871,576
2022-07-19,Sierra,091,2930,293,292,58,350,4
2022-07-19,Siskiyou,093,43540,4950,4921,3120,8041,84
2022-07-19,Solano,095,438530,98807,97577,7162,104739,459
2022-07-19,Sonoma,097,501317,101011,100304,4743,105047,499
2022-07-19,Stanislaus,099,539301,130039,129200,19994,149194,1695
2022-07-19,Sutter,101,95872,22686,22592,2363,24955,228
2022-07-19,Tehama,103,63373,13009,12923,2857,15780,205
2022-07-19,Trinity,105,12862,1332,1319,335,1654,20
2022-07-19,Tulare,107,460477,115594,115073,32102,147175,1510
2022-07-19,Tuolumne,109,53932,14599,14389,846,15235,196
2022-07-19,Ventura,111,848112,196741,195189,13416,208605,1522
2022-07-19,Yolo,113,214977,45226,44950,3932,48882,325
2022-07-19,Yuba,115,75493,17776,17661,1533,19194,124
2022-07-18,Alameda,001,1643700,323159,321347,18132,339479,1915
2022-07-18,Alpine,003,1148,130,130,1,131,0
2022-07-18,Amador,005,37829,9519,9478,825,10303,87
2022-07-18,Butte,007,227075,37075,36820,8216,45036,440
2022-07-18,Calaveras,009,45235,8061,8035,460,8495,126
2022-07-18,Colusa,011,21464,3636,3627,1172,4799,22
2022-07-18,Contra Costa,013,1133247,233945,230356,18516,248872,1362
2022-07-18,Del Norte,015,27424,7066,7081,361,7442,54
2022-07-18,El Dorado,017,186661,30766,30628,3941,34569,221
2022-07-18,Fresno,019,978130,257693,256217,27705,283922,2790
2022-07-18,Glenn,021,27897,5320,5287,1780,7067,48
2022-07-18,Humboldt,023,135768,20286,20149,4243,24392,150
2022-07-18,Imperial,025,180216,61704,61170,13270,74440,944
2022-07-18,Inyo,027,18085,4373,4355,758,5113,56
2022-07-18,Kern,029,883053,209005,207603,54462,262065,2366
2022-07-18,Kings,031,150075,56044,55836,3774,59610,449
2022-07-18,Lake,033,64148,11960,11895,1056,12951,142
2022-07-18,Lassen,035,31185,9495,9455,952,10407,64
2022-07-18,Los Angeles,037,10098052,3091537,3068779,158828,3227607,32292
2022-07-18,Madera,039,155013,41081,40902,7235,48137,372
2022-07-18,Marin,041,260295,42396,42153,4831,46984,300
2022-07-18,Mariposa,043,17540,2911,2884,299,3183,30
2022-07-18,Mendocino,045,87422,14991,14890,4011,18901,131
2022-07-18,Merced,047,269075,68299,67775,10213,77988,833
2022-07-18,Modoc,049,8938,834,799,307,1106,9
2022-07-18,Mono,051,14174,3143,3138,212,3350,7
2022-07-18,Monterey,053,433212,89112,88606,18240,106846,747
2022-07-18,Napa,055,140530,30497,30353,1330,31683,145
2022-07-18,Nevada,057,99092,18088,18020,1608,19628,131
2022-07-18,Orange,059,3164182,627822,624998,54058,679056,7173
2022-07-18,Placer,061,380077,71956,71614,8827,80441,639
2022-07-18,Plumas,063,18699,3461,3433,420,3853,13
2022-07-18,Riverside,065,2383286,655838,652192,32093,684285,6510
2022-07-18,Sacramento,067,1510023,326068,324765,31426,356191,3123
2022-07-18,San Benito,069,59416,15027,14966,806,15772,100
2022-07-18,San Bernardino,071,2135413,632440,622760,28123,650883,7921
2022-07-18,San Diego,073,3302833,869637,864434,65877,930311,5375
2022-07-18,San Francisco,075,870044,167015,166241,11174,177415,929
2022-07-18,San Joaquin,077,732212,186210,185319,12634,197953,2262
2022-07-18,San Luis Obispo,079,281455,60013,59727,6213,65940,499
2022-07-18,San Mateo,081,765935,157342,156191,9963,166154,724
2022-07-18,Santa Barbara,083,443738,98851,98322,5906,104228,703
2022-07-18,Santa Clara,085,1922200,401457,398816,17419,416235,2374
2022-07-18,Santa Cruz,087,273765,58484,58004,3027,61031,267
2022-07-18,Shasta,089,179085,33227,33017,6838,39855,576
2022-07-18,Sierra,091,2930,293,292,58,350,4
2022-07-18,Siskiyou,093,43540,4946,4921,3113,8034,84
2022-07-18,Solano,095,438530,98574,97577,7146,104723,459
2022-07-18,Sonoma,097,501317,100832,100304,4725,105029,499
2022-07-18,Stanislaus,099,539301,129816,129200,19954,149154,1695
2022-07-18,Sutter,101,95872,22652,22592,2363,24955,228
2022-07-18,Tehama,103,63373,12988,12923,2857,15780,205
2022-07-18,Trinity,105,12862,1330,1319,334,1653,20
2022-07-18,Tulare,107,460477,115404,115073,32013,147086,1510
2022-07-18,Tuolumne,109,53932,14563,14389,844,15233,196
2022-07-18,Ventura,111,848112,196357,195189,13344,208533,1522
2022-07-18,Yolo,113,214977,45156,44950,3921,48871,325
2022-07-18,Yuba,115,75493,17741,17661,1524,19185,124
2022-07-17,Alameda,001,1643700,322262,318442,18075,336517,1911
2022-07-17,Alpine,003,1148,130,130,1,131,0
2022-07-17,Amador,005,37829,9510,9437,821,10258,87
2022-07-17,Butte,007,227075,37014,36644,8194,44838,440
2022-07-17,Calaveras,009,45235,8044,7994,450,8444,126
2022-07-17,Colusa,011,21464,3629,3617,1166,4783,22
2022-07-17,Contra Costa,013,1133247,233379,228634,18442,247076,1356
2022-07-17,Del Norte,015,27424,7039,6860,359,7219,54
2022-07-17,El Dorado,017,186661,30718,30461,3927,34388,219
2022-07-17,Fresno,019,978130,257005,254088,27601,281689,2790
2022-07-17,Glenn,021,27897,5314,5273,1778,7051,48
2022-07-17,Humboldt,023,135768,20231,20016,4226,24242,150
2022-07-17,Imperial,025,180216,61509,60550,13124,73674,944
2022-07-17,Inyo,027,18085,4362,4343,754,5097,56
2022-07-17,Kern,029,883053,208512,206466,54232,260698,2364
2022-07-17,Kings,031,150075,55906,55432,3751,59183,449
2022-07-17,Lake,033,64148,11928,11835,1052,12887,141
2022-07-17,Lassen,035,31185,9469,9425,948,10373,64
2022-07-17,Los Angeles,037,10098052,3084295,3042708,158040,3200748,32248
2022-07-17,Madera,039,155013,40972,40627,7190,47817,372
2022-07-17,Marin,041,260295,42298,41829,4825,46654,300
2022-07-17,Mariposa,043,17540,2904,2866,299,3165,30
2022-07-17,Mendocino,045,87422,14952,14799,3992,18791,131
2022-07-17,Merced,047,269075,68163,67416,10173,77589,833
2022-07-17,Modoc,049,8938,831,799,307,1106,9
2022-07-17,Mono,051,14174,3141,3131,208,3339,7
2022-07-17,Monterey,053,433212,88917,88118,18170,106288,747
2022-07-17,Napa,055,140530,30438,30176,1329,31505,145
2022-07-17,Nevada,057,99092,18061,17941,1600,19541,131
2022-07-17,Orange,059,3164182,626252,620414,53788,674202,7161
2022-07-17,Placer,061,380077,71868,71232,8808,80040,637
2022-07-17,Plumas,063,18699,3446,3406,420,3826,13
2022-07-17,Riverside,065,2383286,654371,647328,31977,679305,6508
2022-07-17,Sacramento,067,1510023,325407,322788,31366,354154,3119
2022-07-17,San Benito,069,59416,15001,14869,800,15669,100
2022-07-17,San Bernardino,071,2135413,631014,618482,28013,646495,7914
2022-07-17,San Diego,073,3302833,867263,857262,65669,922931,5370
2022-07-17,San Francisco,075,870044,166546,164853,11131,175984,928
2022-07-17,San Joaquin,077,732212,185835,184187,12571,196758,2262
2022-07-17,San Luis Obispo,079,281455,59894,59437,6174,65611,499
2022-07-17,San Mateo,081,765935,156976,154961,9941,164902,723
2022-07-17,Santa Barbara,083,443738,98582,97600,5879,103479,702
2022-07-17,Santa Clara,085,1922200,400398,395466,17365,412831,2371
2022-07-17,Santa Cruz,087,273765,58287,57531,3009,60540,267
2022-07-17,Shasta,089,179085,33175,32871,6812,39683,575
2022-07-17,Sierra,091,2930,293,291,58,349,4
2022-07-17,Siskiyou,093,43540,4936,4899,3099,7998,83
2022-07-17,Solano,095,438530,98374,96974,7122,104096,457
2022-07-17,Sonoma,097,501317,100636,99679,4707,104386,499
2022-07-17,Stanislaus,099,539301,129546,128436,19919,148355,1692
2022-07-17,Sutter,101,95872,22598,22452,2360,24812,228
2022-07-17,Tehama,103,63373,12964,12860,2849,15709,205
2022-07-17,Trinity,105,12862,1327,1304,332,1636,20
2022-07-17,Tulare,107,460477,115181,114399,31920,146319,1510
2022-07-17,Tuolumne,109,53932,14530,14280,836,15116,196
2022-07-17,Ventura,111,848112,195901,193965,13227,207192,1519
2022-07-17,Yolo,113,214977,45079,44703,3906,48609,324
2022-07-17,Yuba,115,75493,17701,17567,1514,19081,124
2022-07-16,Alameda,001,1643700,321848,318442,18059,336501,1911
2022-07-16,Alpine,003,1148,130,130,1,131,0
2022-07-16,Amador,005,37829,9502,9437,821,10258,87
2022-07-16,Butte,007,227075,36993,36644,8179,44823,440
2022-07-16,Calaveras,009,45235,8039,7994,444,8438,126
2022-07-16,Colusa,011,21464,3625,3617,1162,4779,22
2022-07-16,Contra Costa,013,1133247,233072,228634,18391,247025,1356
2022-07-16,Del Norte,015,27424,7028,6860,359,7219,54
2022-07-16,El Dorado,017,186661,30697,30461,3925,34386,219
2022-07-16,Fresno,019,978130,256717,254088,27561,281649,2790
2022-07-16,Glenn,021,27897,5309,5273,1775,7048,48
2022-07-16,Humboldt,023,135768,20200,20016,4214,24230,150
2022-07-16,Imperial,025,180216,61424,60550,13080,73630,944
2022-07-16,Inyo,027,18085,4361,4343,753,5096,56
2022-07-16,Kern,029,883053,208341,206466,54064,260530,2364
2022-07-16,Kings,031,150075,55865,55432,3747,59179,449
2022-07-16,Lake,033,64148,11912,11835,1052,12887,141
2022-07-16,Lassen,035,31185,9467,9425,947,10372,64
2022-07-16,Los Angeles,037,10098052,3080859,3042708,157574,3200282,32248
2022-07-16,Madera,039,155013,40929,40627,7177,47804,372
2022-07-16,Marin,041,260295,42262,41829,4818,46647,300
2022-07-16,Mariposa,043,17540,2902,2866,299,3165,30
2022-07-16,Mendocino,045,87422,14944,14799,3989,18788,131
2022-07-16,Merced,047,269075,68075,67416,10162,77578,833
2022-07-16,Modoc,049,8938,831,799,307,1106,9
2022-07-16,Mono,051,14174,3140,3131,207,3338,7
2022-07-16,Monterey,053,433212,88823,88118,18128,106246,747
2022-07-16,Napa,055,140530,30410,30176,1327,31503,145
2022-07-16,Nevada,057,99092,18047,17941,1593,19534,131
2022-07-16,Orange,059,3164182,625525,620414,53643,674057,7161
2022-07-16,Placer,061,380077,71783,71232,8792,80024,637
2022-07-16,Plumas,063,18699,3442,3406,419,3825,13
2022-07-16,Riverside,065,2383286,653581,647328,31926,679254,6508
2022-07-16,Sacramento,067,1510023,325133,322788,31352,354140,3119
2022-07-16,San Benito,069,59416,14984,14869,796,15665,100
2022-07-16,San Bernardino,071,2135413,630277,618482,27951,646433,7914
2022-07-16,San Diego,073,3302833,866355,857262,65590,922852,5370
2022-07-16,San Francisco,075,870044,166361,164853,11115,175968,928
2022-07-16,San Joaquin,077,732212,185676,184187,12547,196734,2262
2022-07-16,San Luis Obispo,079,281455,59866,59437,6154,65591,499
2022-07-16,San Mateo,081,765935,156736,154961,9930,164891,723
2022-07-16,Santa Barbara,083,443738,98466,97600,5859,103459,702
2022-07-16,Santa Clara,085,1922200,399729,395466,17339,412805,2371
2022-07-16,Santa Cruz,087,273765,58215,57531,3004,60535,267
2022-07-16,Shasta,089,179085,33155,32871,6808,39679,575
2022-07-16,Sierra,091,2930,293,291,58,349,4
2022-07-16,Siskiyou,093,43540,4934,4899,3094,7993,83
2022-07-16,Solano,095,438530,98302,96974,7106,104080,457
2022-07-16,Sonoma,097,501317,100549,99679,4696,104375,499
2022-07-16,Stanislaus,099,539301,129415,128436,19885,148321,1692
2022-07-16,Sutter,101,95872,22574,22452,2359,24811,228
2022-07-16,Tehama,103,63373,12955,12860,2844,15704,205
2022-07-16,Trinity,105,12862,1325,1304,332,1636,20
2022-07-16,Tulare,107,460477,115074,114399,31860,146259,1510
2022-07-16,Tuolumne,109,53932,14506,14280,836,15116,196
2022-07-16,Ventura,111,848112,195675,193965,13186,207151,1519
2022-07-16,Yolo,113,214977,45033,44703,3894,48597,324
2022-07-16,Yuba,115,75493,17677,17567,1514,19081,124
2022-07-15,Alameda,001,1643700,321386,318442,18024,336466,1911
2022-07-15,Alpine,003,1148,130,130,1,131,0
2022-07-15,Amador,005,37829,9499,9437,820,10257,87
2022-07-15,Butte,007,227075,36954,36644,8174,44818,440
2022-07-15,Calaveras,009,45235,8033,7994,440,8434,126
2022-07-15,Colusa,011,21464,3623,3617,1160,4777,22
2022-07-15,Contra Costa,013,1133247,232797,228634,18341,246975,1356
2022-07-15,Del Norte,015,27424,7017,6860,356,7216,54
2022-07-15,El Dorado,017,186661,30669,30461,3922,34383,219
2022-07-15,Fresno,019,978130,256324,254088,27495,281583,2790
2022-07-15,Glenn,021,27897,5306,5273,1772,7045,48
2022-07-15,Humboldt,023,135768,20176,20016,4202,24218,150
2022-07-15,Imperial,025,180216,61349,60550,13038,73588,944
2022-07-15,Inyo,027,18085,4357,4343,748,5091,56
2022-07-15,Kern,029,883053,208127,206466,53894,260360,2364
2022-07-15,Kings,031,150075,55801,55432,3740,59172,449
2022-07-15,Lake,033,64148,11900,11835,1049,12884,141
2022-07-15,Lassen,035,31185,9465,9425,945,10370,64
2022-07-15,Los Angeles,037,10098052,3076698,3042708,157067,3199775,32248
2022-07-15,Madera,039,155013,40866,40627,7158,47785,372
2022-07-15,Marin,041,260295,42202,41829,4807,46636,300
2022-07-15,Mariposa,043,17540,2899,2866,298,3164,30
2022-07-15,Mendocino,045,87422,14921,14799,3984,18783,131
2022-07-15,Merced,047,269075,68014,67416,10153,77569,833
2022-07-15,Modoc,049,8938,830,799,307,1106,9
2022-07-15,Mono,051,14174,3138,3131,206,3337,7
2022-07-15,Monterey,053,433212,88710,88118,18101,106219,747
2022-07-15,Napa,055,140530,30378,30176,1326,31502,145
2022-07-15,Nevada,057,99092,18035,17941,1591,19532,131
2022-07-15,Orange,059,3164182,624685,620414,53480,673894,7161
2022-07-15,Placer,061,380077,71710,71232,8765,79997,637
2022-07-15,Plumas,063,18699,3435,3406,417,3823,13
2022-07-15,Riverside,065,2383286,652752,647328,31864,679192,6508
2022-07-15,Sacramento,067,1510023,324767,322788,31331,354119,3119
2022-07-15,San Benito,069,59416,14969,14869,796,15665,100
2022-07-15,San Bernardino,071,2135413,629535,618482,27910,646392,7914
2022-07-15,San Diego,073,3302833,865084,857262,65423,922685,5370
2022-07-15,San Francisco,075,870044,166107,164853,11073,175926,928
2022-07-15,San Joaquin,077,732212,185499,184187,12517,196704,2262
2022-07-15,San Luis Obispo,079,281455,59835,59437,6141,65578,499
2022-07-15,San Mateo,081,765935,156499,154961,9913,164874,723
2022-07-15,Santa Barbara,083,443738,98337,97600,5852,103452,702
2022-07-15,Santa Clara,085,1922200,399042,395466,17313,412779,2371
2022-07-15,Santa Cruz,087,273765,58125,57531,2992,60523,267
2022-07-15,Shasta,089,179085,33132,32871,6801,39672,575
2022-07-15,Sierra,091,2930,293,291,58,349,4
2022-07-15,Siskiyou,093,43540,4931,4899,3092,7991,83
2022-07-15,Solano,095,438530,98152,96974,7095,104069,457
2022-07-15,Sonoma,097,501317,100426,99679,4687,104366,499
2022-07-15,Stanislaus,099,539301,129291,128436,19865,148301,1692
2022-07-15,Sutter,101,95872,22547,22452,2358,24810,228
2022-07-15,Tehama,103,63373,12948,12860,2836,15696,205
2022-07-15,Trinity,105,12862,1321,1304,332,1636,20
2022-07-15,Tulare,107,460477,114923,114399,31775,146174,1510
2022-07-15,Tuolumne,109,53932,14462,14280,833,15113,196
2022-07-15,Ventura,111,848112,195449,193965,13147,207112,1519
2022-07-15,Yolo,113,214977,44987,44703,3883,48586,324
2022-07-15,Yuba,115,75493,17651,17567,1514,19081,124
2022-07-14,Alameda,001,1643700,320629,318442,17961,336403,1911
2022-07-14,Alpine,003,1148,130,130,1,131,0
2022-07-14,Amador,005,37829,9486,9437,814,10251,87
2022-07-14,Butte,007,227075,36914,36644,8168,44812,440
2022-07-14,Calaveras,009,45235,8026,7994,436,8430,126
2022-07-14,Colusa,011,21464,3623,3617,1158,4775,22
2022-07-14,Contra Costa,013,1133247,232355,228634,18254,246888,1356
2022-07-14,Del Norte,015,27424,6996,6860,354,7214,54
2022-07-14,El Dorado,017,186661,30632,30461,3913,34374,219
2022-07-14,Fresno,019,978130,255792,254088,27404,281492,2790
2022-07-14,Glenn,021,27897,5297,5273,1769,7042,48
2022-07-14,Humboldt,023,135768,20136,20016,4187,24203,150
2022-07-14,Imperial,025,180216,61170,60550,12922,73472,944
2022-07-14,Inyo,027,18085,4355,4343,743,5086,56
2022-07-14,Kern,029,883053,207798,206466,53695,260161,2364
2022-07-14,Kings,031,150075,55706,55432,3729,59161,449
2022-07-14,Lake,033,64148,11884,11835,1047,12882,141
2022-07-14,Lassen,035,31185,9460,9425,944,10369,64
2022-07-14,Los Angeles,037,10098052,3070563,3042708,156354,3199062,32248
2022-07-14,Madera,039,155013,40792,40627,7100,47727,372
2022-07-14,Marin,041,260295,42112,41829,4802,46631,300
2022-07-14,Mariposa,043,17540,2893,2866,293,3159,30
2022-07-14,Mendocino,045,87422,14907,14799,3979,18778,131
2022-07-14,Merced,047,269075,67919,67416,10126,77542,833
2022-07-14,Modoc,049,8938,830,799,307,1106,9
2022-07-14,Mono,051,14174,3137,3131,206,3337,7
2022-07-14,Monterey,053,433212,88591,88118,18023,106141,747
2022-07-14,Napa,055,140530,30335,30176,1322,31498,145
2022-07-14,Nevada,057,99092,18010,17941,1582,19523,131
2022-07-14,Orange,059,3164182,623423,620414,53269,673683,7161
2022-07-14,Placer,061,380077,71600,71232,8745,79977,637
2022-07-14,Plumas,063,18699,3426,3406,416,3822,13
2022-07-14,Riverside,065,2383286,651516,647328,31790,679118,6508
2022-07-14,Sacramento,067,1510023,324220,322788,31290,354078,3119
2022-07-14,San Benito,069,59416,14939,14869,792,15661,100
2022-07-14,San Bernardino,071,2135413,628381,618482,27831,646313,7914
2022-07-14,San Diego,073,3302833,863210,857262,65190,922452,5370
2022-07-14,San Francisco,075,870044,165771,164853,11026,175879,928
2022-07-14,San Joaquin,077,732212,185190,184187,12480,196667,2262
2022-07-14,San Luis Obispo,079,281455,59748,59437,6096,65533,499
2022-07-14,San Mateo,081,765935,156211,154961,9891,164852,723
2022-07-14,Santa Barbara,083,443738,98158,97600,5840,103440,702
2022-07-14,Santa Clara,085,1922200,398188,395466,17270,412736,2371
2022-07-14,Santa Cruz,087,273765,58033,57531,2978,60509,267
2022-07-14,Shasta,089,179085,33084,32871,6789,39660,575
2022-07-14,Sierra,091,2930,293,291,58,349,4
2022-07-14,Siskiyou,093,43540,4923,4899,3084,7983,83
2022-07-14,Solano,095,438530,97975,96974,7083,104057,457
2022-07-14,Sonoma,097,501317,100292,99679,4664,104343,499
2022-07-14,Stanislaus,099,539301,129086,128436,19833,148269,1692
2022-07-14,Sutter,101,95872,22521,22452,2357,24809,228
2022-07-14,Tehama,103,63373,12925,12860,2831,15691,205
2022-07-14,Trinity,105,12862,1321,1304,328,1632,20
2022-07-14,Tulare,107,460477,114794,114399,31676,146075,1510
2022-07-14,Tuolumne,109,53932,14422,14280,829,15109,196
2022-07-14,Ventura,111,848112,195099,193965,13073,207038,1519
2022-07-14,Yolo,113,214977,44922,44703,3870,48573,324
2022-07-14,Yuba,115,75493,17619,17567,1505,19072,124
2022-07-13,Alameda,001,1643700,319929,316026,17922,333948,1911
2022-07-13,Alpine,003,1148,130,129,1,130,0
2022-07-13,Amador,005,37829,9475,9388,813,10201,87
2022-07-13,Butte,007,227075,36858,36405,8154,44559,439
2022-07-13,Calaveras,009,45235,8013,7945,435,8380,125
2022-07-13,Colusa,011,21464,3619,3606,1158,4764,22
2022-07-13,Contra Costa,013,1133247,231875,226833,18166,244999,1356
2022-07-13,Del Norte,015,27424,6977,6790,354,7144,54
2022-07-13,El Dorado,017,186661,30583,30273,3907,34180,218
2022-07-13,Fresno,019,978130,255242,252573,27292,279865,2786
2022-07-13,Glenn,021,27897,5292,5256,1768,7024,48
2022-07-13,Humboldt,023,135768,20103,19854,4172,24026,150
2022-07-13,Imperial,025,180216,61013,60011,12839,72850,944
2022-07-13,Inyo,027,18085,4354,4324,738,5062,56
2022-07-13,Kern,029,883053,207389,205428,53467,258895,2359
2022-07-13,Kings,031,150075,55596,55138,3720,58858,449
2022-07-13,Lake,033,64148,11866,11773,1046,12819,140
2022-07-13,Lassen,035,31185,9438,9381,943,10324,64
2022-07-13,Los Angeles,037,10098052,3063934,3024953,155650,3180603,32206
2022-07-13,Madera,039,155013,40725,40378,7072,47450,372
2022-07-13,Marin,041,260295,42045,41616,4794,46410,300
2022-07-13,Mariposa,043,17540,2888,2847,292,3139,30
2022-07-13,Mendocino,045,87422,14887,14713,3962,18675,128
2022-07-13,Merced,047,269075,67787,67028,10095,77123,832
2022-07-13,Modoc,049,8938,829,791,306,1097,9
2022-07-13,Mono,051,14174,3136,3131,202,3333,7
2022-07-13,Monterey,053,433212,88447,87575,17946,105521,745
2022-07-13,Napa,055,140530,30296,30032,1320,31352,145
2022-07-13,Nevada,057,99092,17992,17849,1574,19423,131
2022-07-13,Orange,059,3164182,622043,616278,53032,669310,7147
2022-07-13,Placer,061,380077,71493,70890,8731,79621,637
2022-07-13,Plumas,063,18699,3418,3354,415,3769,13
2022-07-13,Riverside,065,2383286,650306,643472,31693,675165,6504
2022-07-13,Sacramento,067,1510023,323692,321076,31249,352325,3114
2022-07-13,San Benito,069,59416,14912,14774,786,15560,100
2022-07-13,San Bernardino,071,2135413,627204,614957,27735,642692,7907
2022-07-13,San Diego,073,3302833,861309,851596,64958,916554,5363
2022-07-13,San Francisco,075,870044,165370,163635,10998,174633,919
2022-07-13,San Joaquin,077,732212,184862,183283,12444,195727,2260
2022-07-13,San Luis Obispo,079,281455,59642,59134,6048,65182,498
2022-07-13,San Mateo,081,765935,155870,153875,9874,163749,723
2022-07-13,Santa Barbara,083,443738,97979,97053,5827,102880,699
2022-07-13,Santa Clara,085,1922200,397299,392415,17230,409645,2365
2022-07-13,Santa Cruz,087,273765,57897,57124,2971,60095,267
2022-07-13,Shasta,089,179085,33027,32708,6774,39482,574
2022-07-13,Sierra,091,2930,293,289,58,347,4
2022-07-13,Siskiyou,093,43540,4916,4873,3082,7955,82
2022-07-13,Solano,095,438530,97770,96479,7060,103539,455
2022-07-13,Sonoma,097,501317,100134,99173,4647,103820,499
2022-07-13,Stanislaus,099,539301,128886,127845,19779,147624,1689
2022-07-13,Sutter,101,95872,22474,22331,2355,24686,228
2022-07-13,Tehama,103,63373,12912,12793,2828,15621,205
2022-07-13,Trinity,105,12862,1320,1293,326,1619,20
2022-07-13,Tulare,107,460477,114601,113830,31583,145413,1508
2022-07-13,Tuolumne,109,53932,14398,14159,824,14983,194
2022-07-13,Ventura,111,848112,194766,192923,12990,205913,1518
2022-07-13,Yolo,113,214977,44860,44447,3860,48307,326
2022-07-13,Yuba,115,75493,17592,17464,1497,18961,124
2022-07-12,Alameda,001,1643700,319157,316026,17882,333908,1911
2022-07-12,Alpine,003,1148,130,129,1,130,0
2022-07-12,Amador,005,37829,9442,9388,806,10194,87
2022-07-12,Butte,007,227075,36801,36405,8135,44540,439
2022-07-12,Calaveras,009,45235,7998,7945,433,8378,125
2022-07-12,Colusa,011,21464,3617,3606,1155,4761,22
2022-07-12,Contra Costa,013,1133247,231370,226833,18090,244923,1356
2022-07-12,Del Norte,015,27424,6930,6790,351,7141,54
2022-07-12,El Dorado,017,186661,30544,30273,3901,34174,218
2022-07-12,Fresno,019,978130,254702,252573,27204,279777,2786
2022-07-12,Glenn,021,27897,5289,5256,1764,7020,48
2022-07-12,Humboldt,023,135768,20053,19854,4155,24009,150
2022-07-12,Imperial,025,180216,60837,60011,12739,72750,944
2022-07-12,Inyo,027,18085,4346,4324,738,5062,56
2022-07-12,Kern,029,883053,207060,205428,53284,258712,2359
2022-07-12,Kings,031,150075,55484,55138,3710,58848,449
2022-07-12,Lake,033,64148,11854,11773,1041,12814,140
2022-07-12,Lassen,035,31185,9424,9381,937,10318,64
2022-07-12,Los Angeles,037,10098052,3057166,3024953,154955,3179908,32206
2022-07-12,Madera,039,155013,40639,40378,7057,47435,372
2022-07-12,Marin,041,260295,41972,41616,4784,46400,300
2022-07-12,Mariposa,043,17540,2877,2847,292,3139,30
2022-07-12,Mendocino,045,87422,14847,14713,3938,18651,128
2022-07-12,Merced,047,269075,67678,67028,10062,77090,832
2022-07-12,Modoc,049,8938,827,791,303,1094,9
2022-07-12,Mono,051,14174,3132,3131,202,3333,7
2022-07-12,Monterey,053,433212,88292,87575,17858,105433,745
2022-07-12,Napa,055,140530,30242,30032,1317,31349,145
2022-07-12,Nevada,057,99092,17970,17849,1567,19416,131
2022-07-12,Orange,059,3164182,620638,616278,52797,669075,7147
2022-07-12,Placer,061,380077,71383,70890,8716,79606,637
2022-07-12,Plumas,063,18699,3412,3354,414,3768,13
2022-07-12,Riverside,065,2383286,649019,643472,31598,675070,6504
2022-07-12,Sacramento,067,1510023,323098,321076,31212,352288,3114
2022-07-12,San Benito,069,59416,14866,14774,780,15554,100
2022-07-12,San Bernardino,071,2135413,625871,614957,27647,642604,7907
2022-07-12,San Diego,073,3302833,858949,851596,64729,916325,5363
2022-07-12,San Francisco,075,870044,164965,163635,10974,174609,919
2022-07-12,San Joaquin,077,732212,184550,183283,12407,195690,2260
2022-07-12,San Luis Obispo,079,281455,59564,59134,6018,65152,498
2022-07-12,San Mateo,081,765935,155475,153875,9855,163730,723
2022-07-12,Santa Barbara,083,443738,97764,97053,5810,102863,699
2022-07-12,Santa Clara,085,1922200,396343,392415,17187,409602,2365
2022-07-12,Santa Cruz,087,273765,57760,57124,2962,60086,267
2022-07-12,Shasta,089,179085,32964,32708,6755,39463,574
2022-07-12,Sierra,091,2930,292,289,58,347,4
2022-07-12,Siskiyou,093,43540,4907,4873,3080,7953,82
2022-07-12,Solano,095,438530,97556,96479,7036,103515,455
2022-07-12,Sonoma,097,501317,99973,99173,4619,103792,499
2022-07-12,Stanislaus,099,539301,128639,127845,19741,147586,1689
2022-07-12,Sutter,101,95872,22440,22331,2353,24684,228
2022-07-12,Tehama,103,63373,12892,12793,2821,15614,205
2022-07-12,Trinity,105,12862,1312,1293,326,1619,20
2022-07-12,Tulare,107,460477,114408,113830,31483,145313,1508
2022-07-12,Tuolumne,109,53932,14363,14159,820,14979,194
2022-07-12,Ventura,111,848112,194434,192923,12890,205813,1518
2022-07-12,Yolo,113,214977,44790,44447,3852,48299,326
2022-07-12,Yuba,115,75493,17564,17464,1484,18948,124
2022-07-11,Alameda,001,1643700,318247,316026,17823,333849,1911
2022-07-11,Alpine,003,1148,130,129,1,130,0
2022-07-11,Amador,005,37829,9434,9388,800,10188,87
2022-07-11,Butte,007,227075,36741,36405,8116,44521,439
2022-07-11,Calaveras,009,45235,7982,7945,431,8376,125
2022-07-11,Colusa,011,21464,3613,3606,1152,4758,22
2022-07-11,Contra Costa,013,1133247,230889,226833,18030,244863,1356
2022-07-11,Del Norte,015,27424,6899,6790,341,7131,54
2022-07-11,El Dorado,017,186661,30487,30273,3890,34163,218
2022-07-11,Fresno,019,978130,254034,252573,27121,279694,2786
2022-07-11,Glenn,021,27897,5286,5256,1762,7018,48
2022-07-11,Humboldt,023,135768,19994,19854,4136,23990,150
2022-07-11,Imperial,025,180216,60677,60011,12628,72639,944
2022-07-11,Inyo,027,18085,4343,4324,734,5058,56
2022-07-11,Kern,029,883053,206724,205428,53128,258556,2359
2022-07-11,Kings,031,150075,55336,55138,3700,58838,449
2022-07-11,Lake,033,64148,11828,11773,1039,12812,140
2022-07-11,Lassen,035,31185,9418,9381,937,10318,64
2022-07-11,Los Angeles,037,10098052,3050078,3024953,154172,3179125,32206
2022-07-11,Madera,039,155013,40553,40378,7012,47390,372
2022-07-11,Marin,041,260295,41883,41616,4775,46391,300
2022-07-11,Mariposa,043,17540,2869,2847,290,3137,30
2022-07-11,Mendocino,045,87422,14808,14713,3924,18637,128
2022-07-11,Merced,047,269075,67551,67028,10027,77055,832
2022-07-11,Modoc,049,8938,821,791,301,1092,9
2022-07-11,Mono,051,14174,3132,3131,201,3332,7
2022-07-11,Monterey,053,433212,88126,87575,17789,105364,745
2022-07-11,Napa,055,140530,30180,30032,1317,31349,145
2022-07-11,Nevada,057,99092,17953,17849,1565,19414,131
2022-07-11,Orange,059,3164182,619068,616278,52565,668843,7147
2022-07-11,Placer,061,380077,71275,70890,8701,79591,637
2022-07-11,Plumas,063,18699,3401,3354,412,3766,13
2022-07-11,Riverside,065,2383286,647579,643472,31512,674984,6504
2022-07-11,Sacramento,067,1510023,322550,321076,31166,352242,3114
2022-07-11,San Benito,069,59416,14830,14774,776,15550,100
2022-07-11,San Bernardino,071,2135413,624508,614957,27557,642514,7907
2022-07-11,San Diego,073,3302833,856574,851596,64474,916070,5363
2022-07-11,San Francisco,075,870044,164552,163635,10946,174581,919
2022-07-11,San Joaquin,077,732212,184171,183283,12370,195653,2260
2022-07-11,San Luis Obispo,079,281455,59456,59134,5986,65120,498
2022-07-11,San Mateo,081,765935,155077,153875,9820,163695,723
2022-07-11,Santa Barbara,083,443738,97555,97053,5797,102850,699
2022-07-11,Santa Clara,085,1922200,395274,392415,17133,409548,2365
2022-07-11,Santa Cruz,087,273765,57610,57124,2948,60072,267
2022-07-11,Shasta,089,179085,32906,32708,6725,39433,574
2022-07-11,Sierra,091,2930,292,289,58,347,4
2022-07-11,Siskiyou,093,43540,4900,4873,3073,7946,82
2022-07-11,Solano,095,438530,97343,96479,7021,103500,455
2022-07-11,Sonoma,097,501317,99779,99173,4599,103772,499
2022-07-11,Stanislaus,099,539301,128414,127845,19701,147546,1689
2022-07-11,Sutter,101,95872,22398,22331,2346,24677,228
2022-07-11,Tehama,103,63373,12878,12793,2814,15607,205
2022-07-11,Trinity,105,12862,1310,1293,325,1618,20
2022-07-11,Tulare,107,460477,114221,113830,31378,145208,1508
2022-07-11,Tuolumne,109,53932,14323,14159,818,14977,194
2022-07-11,Ventura,111,848112,194037,192923,12802,205725,1518
2022-07-11,Yolo,113,214977,44724,44447,3837,48284,326
2022-07-11,Yuba,115,75493,17528,17464,1481,18945,124
2022-07-10,Alameda,001,1643700,317252,312651,17743,330394,1912
2022-07-10,Alpine,003,1148,130,129,1,130,0
2022-07-10,Amador,005,37829,9424,9335,797,10132,87
2022-07-10,Butte,007,227075,36642,36165,8094,44259,438
2022-07-10,Calaveras,009,45235,7973,7895,430,8325,125
2022-07-10,Colusa,011,21464,3609,3586,1144,4730,22
2022-07-10,Contra Costa,013,1133247,230275,224718,17936,242654,1351
2022-07-10,Del Norte,015,27424,6859,6666,335,7001,54
2022-07-10,El Dorado,017,186661,30404,30070,3882,33952,218
2022-07-10,Fresno,019,978130,253361,250379,27027,277406,2786
2022-07-10,Glenn,021,27897,5281,5231,1758,6989,48
2022-07-10,Humboldt,023,135768,19935,19677,4122,23799,149
2022-07-10,Imperial,025,180216,60453,59558,12487,72045,944
2022-07-10,Inyo,027,18085,4338,4297,728,5025,56
2022-07-10,Kern,029,883053,206208,204128,52925,257053,2359
2022-07-10,Kings,031,150075,55160,54725,3694,58419,449
2022-07-10,Lake,033,64148,11803,11685,1036,12721,140
2022-07-10,Lassen,035,31185,9403,9362,935,10297,64
2022-07-10,Los Angeles,037,10098052,3042836,3002013,153370,3155383,32151
2022-07-10,Madera,039,155013,40444,40081,6978,47059,372
2022-07-10,Marin,041,260295,41786,41271,4766,46037,302
2022-07-10,Mariposa,043,17540,2862,2805,286,3091,30
2022-07-10,Mendocino,045,87422,14778,14610,3907,18517,128
2022-07-10,Merced,047,269075,67394,66616,9970,76586,832
2022-07-10,Modoc,049,8938,820,789,293,1082,9
2022-07-10,Mono,051,14174,3131,3119,199,3318,7
2022-07-10,Monterey,053,433212,87934,87002,17709,104711,745
2022-07-10,Napa,055,140530,30118,29807,1315,31122,145
2022-07-10,Nevada,057,99092,17891,17693,1556,19249,131
2022-07-10,Orange,059,3164182,617375,610975,52256,663231,7132
2022-07-10,Placer,061,380077,71159,70401,8682,79083,632
2022-07-10,Plumas,063,18699,3388,3339,408,3747,13
2022-07-10,Riverside,065,2383286,645985,638193,31382,669575,6506
2022-07-10,Sacramento,067,1510023,321849,318556,31093,349649,3108
2022-07-10,San Benito,069,59416,14794,14628,765,15393,100
2022-07-10,San Bernardino,071,2135413,623056,610086,27476,637562,7893
2022-07-10,San Diego,073,3302833,854089,844085,64194,908279,5357
2022-07-10,San Francisco,075,870044,164015,161931,10872,172803,914
2022-07-10,San Joaquin,077,732212,183797,181958,12310,194268,2257
2022-07-10,San Luis Obispo,079,281455,59335,58636,5947,64583,498
2022-07-10,San Mateo,081,765935,154614,152319,9792,162111,723
2022-07-10,Santa Barbara,083,443738,97322,96266,5771,102037,697
2022-07-10,Santa Clara,085,1922200,394148,388270,17071,405341,2360
2022-07-10,Santa Cruz,087,273765,57420,56455,2931,59386,266
2022-07-10,Shasta,089,179085,32839,32536,6702,39238,576
2022-07-10,Sierra,091,2930,290,291,58,349,4
2022-07-10,Siskiyou,093,43540,4895,4855,3059,7914,82
2022-07-10,Solano,095,438530,97096,95651,6993,102644,455
2022-07-10,Sonoma,097,501317,99576,98430,4567,102997,496
2022-07-10,Stanislaus,099,539301,128175,126897,19658,146555,1686
2022-07-10,Sutter,101,95872,22349,22165,2345,24510,228
2022-07-10,Tehama,103,63373,12851,12716,2801,15517,205
2022-07-10,Trinity,105,12862,1304,1272,323,1595,20
2022-07-10,Tulare,107,460477,113967,113002,31281,144283,1508
2022-07-10,Tuolumne,109,53932,14288,14019,810,14829,194
2022-07-10,Ventura,111,848112,193563,191462,12698,204160,1518
2022-07-10,Yolo,113,214977,44646,44152,3822,47974,323
2022-07-10,Yuba,115,75493,17489,17345,1479,18824,125
2022-07-09,Alameda,001,1643700,316765,312651,17718,330369,1912
2022-07-09,Alpine,003,1148,130,129,1,130,0
2022-07-09,Amador,005,37829,9416,9335,795,10130,87
2022-07-09,Butte,007,227075,36597,36165,8080,44245,438
2022-07-09,Calaveras,009,45235,7958,7895,429,8324,125
2022-07-09,Colusa,011,21464,3608,3586,1143,4729,22
2022-07-09,Contra Costa,013,1133247,229968,224718,17878,242596,1351
2022-07-09,Del Norte,015,27424,6851,6666,335,7001,54
2022-07-09,El Dorado,017,186661,30361,30070,3877,33947,218
2022-07-09,Fresno,019,978130,253101,250379,26989,277368,2786
2022-07-09,Glenn,021,27897,5274,5231,1758,6989,48
2022-07-09,Humboldt,023,135768,19917,19677,4112,23789,149
2022-07-09,Imperial,025,180216,60374,59558,12434,71992,944
2022-07-09,Inyo,027,18085,4332,4297,727,5024,56
2022-07-09,Kern,029,883053,206023,204128,52813,256941,2359
2022-07-09,Kings,031,150075,55121,54725,3692,58417,449
2022-07-09,Lake,033,64148,11795,11685,1035,12720,140
2022-07-09,Lassen,035,31185,9402,9362,935,10297,64
2022-07-09,Los Angeles,037,10098052,3039368,3002013,152879,3154892,32151
2022-07-09,Madera,039,155013,40404,40081,6970,47051,372
2022-07-09,Marin,041,260295,41730,41271,4755,46026,302
2022-07-09,Mariposa,043,17540,2857,2805,286,3091,30
2022-07-09,Mendocino,045,87422,14763,14610,3897,18507,128
2022-07-09,Merced,047,269075,67343,66616,9965,76581,832
2022-07-09,Modoc,049,8938,820,789,289,1078,9
2022-07-09,Mono,051,14174,3131,3119,199,3318,7
2022-07-09,Monterey,053,433212,87837,87002,17659,104661,745
2022-07-09,Napa,055,140530,30087,29807,1312,31119,145
2022-07-09,Nevada,057,99092,17879,17693,1552,19245,131
2022-07-09,Orange,059,3164182,616514,610975,52087,663062,7132
2022-07-09,Placer,061,380077,71070,70401,8674,79075,632
2022-07-09,Plumas,063,18699,3381,3339,406,3745,13
2022-07-09,Riverside,065,2383286,645089,638193,31327,669520,6506
2022-07-09,Sacramento,067,1510023,321547,318556,31074,349630,3108
2022-07-09,San Benito,069,59416,14774,14628,764,15392,100
2022-07-09,San Bernardino,071,2135413,622339,610086,27425,637511,7893
2022-07-09,San Diego,073,3302833,853187,844085,64102,908187,5357
2022-07-09,San Francisco,075,870044,163784,161931,10851,172782,914
2022-07-09,San Joaquin,077,732212,183630,181958,12282,194240,2257
2022-07-09,San Luis Obispo,079,281455,59278,58636,5928,64564,498
2022-07-09,San Mateo,081,765935,154370,152319,9776,162095,723
2022-07-09,Santa Barbara,083,443738,97189,96266,5761,102027,697
2022-07-09,Santa Clara,085,1922200,393411,388270,17042,405312,2360
2022-07-09,Santa Cruz,087,273765,57343,56455,2922,59377,266
2022-07-09,Shasta,089,179085,32817,32536,6692,39228,576
2022-07-09,Sierra,091,2930,290,291,58,349,4
2022-07-09,Siskiyou,093,43540,4891,4855,3057,7912,82
2022-07-09,Solano,095,438530,97011,95651,6983,102634,455
2022-07-09,Sonoma,097,501317,99488,98430,4561,102991,496
2022-07-09,Stanislaus,099,539301,128011,126897,19627,146524,1686
2022-07-09,Sutter,101,95872,22319,22165,2345,24510,228
2022-07-09,Tehama,103,63373,12834,12716,2792,15508,205
2022-07-09,Trinity,105,12862,1304,1272,322,1594,20
2022-07-09,Tulare,107,460477,113856,113002,31223,144225,1508
2022-07-09,Tuolumne,109,53932,14250,14019,808,14827,194
2022-07-09,Ventura,111,848112,193301,191462,12651,204113,1518
2022-07-09,Yolo,113,214977,44596,44152,3808,47960,323
2022-07-09,Yuba,115,75493,17466,17345,1479,18824,125
2022-07-08,Alameda,001,1643700,316246,312651,17675,330326,1912
2022-07-08,Alpine,003,1148,130,129,1,130,0
2022-07-08,Amador,005,37829,9406,9335,793,10128,87
2022-07-08,Butte,007,227075,36566,36165,8066,44231,438
2022-07-08,Calaveras,009,45235,7943,7895,429,8324,125
2022-07-08,Colusa,011,21464,3604,3586,1143,4729,22
2022-07-08,Contra Costa,013,1133247,229615,224718,17829,242547,1351
2022-07-08,Del Norte,015,27424,6840,6666,333,6999,54
2022-07-08,El Dorado,017,186661,30336,30070,3870,33940,218
2022-07-08,Fresno,019,978130,252732,250379,26936,277315,2786
2022-07-08,Glenn,021,27897,5269,5231,1755,6986,48
2022-07-08,Humboldt,023,135768,19904,19677,4101,23778,149
2022-07-08,Imperial,025,180216,60285,59558,12394,71952,944
2022-07-08,Inyo,027,18085,4331,4297,723,5020,56
2022-07-08,Kern,029,883053,205777,204128,52706,256834,2359
2022-07-08,Kings,031,150075,55079,54725,3691,58416,449
2022-07-08,Lake,033,64148,11778,11685,1032,12717,140
2022-07-08,Lassen,035,31185,9396,9362,934,10296,64
2022-07-08,Los Angeles,037,10098052,3035146,3002013,152307,3154320,32151
2022-07-08,Madera,039,155013,40350,40081,6956,47037,372
2022-07-08,Marin,041,260295,41644,41271,4739,46010,302
2022-07-08,Mariposa,043,17540,2854,2805,285,3090,30
2022-07-08,Mendocino,045,87422,14745,14610,3893,18503,128
2022-07-08,Merced,047,269075,67277,66616,9954,76570,832
2022-07-08,Modoc,049,8938,820,789,289,1078,9
2022-07-08,Mono,051,14174,3129,3119,198,3317,7
2022-07-08,Monterey,053,433212,87724,87002,17629,104631,745
2022-07-08,Napa,055,140530,30063,29807,1311,31118,145
2022-07-08,Nevada,057,99092,17871,17693,1550,19243,131
2022-07-08,Orange,059,3164182,615615,610975,51911,662886,7132
2022-07-08,Placer,061,380077,70995,70401,8660,79061,632
2022-07-08,Plumas,063,18699,3376,3339,406,3745,13
2022-07-08,Riverside,065,2383286,644177,638193,31270,669463,6506
2022-07-08,Sacramento,067,1510023,321111,318556,31053,349609,3108
2022-07-08,San Benito,069,59416,14757,14628,761,15389,100
2022-07-08,San Bernardino,071,2135413,621582,610086,27382,637468,7893
2022-07-08,San Diego,073,3302833,851938,844085,63938,908023,5357
2022-07-08,San Francisco,075,870044,163520,161931,10825,172756,914
2022-07-08,San Joaquin,077,732212,183457,181958,12271,194229,2257
2022-07-08,San Luis Obispo,079,281455,59242,58636,5913,64549,498
2022-07-08,San Mateo,081,765935,154079,152319,9762,162081,723
2022-07-08,Santa Barbara,083,443738,97062,96266,5757,102023,697
2022-07-08,Santa Clara,085,1922200,392641,388270,17021,405291,2360
2022-07-08,Santa Cruz,087,273765,57255,56455,2914,59369,266
2022-07-08,Shasta,089,179085,32787,32536,6684,39220,576
2022-07-08,Sierra,091,2930,290,291,58,349,4
2022-07-08,Siskiyou,093,43540,4886,4855,3054,7909,82
2022-07-08,Solano,095,438530,96893,95651,6972,102623,455
2022-07-08,Sonoma,097,501317,99342,98430,4544,102974,496
2022-07-08,Stanislaus,099,539301,127873,126897,19614,146511,1686
2022-07-08,Sutter,101,95872,22294,22165,2344,24509,228
2022-07-08,Tehama,103,63373,12822,12716,2790,15506,205
2022-07-08,Trinity,105,12862,1302,1272,321,1593,20
2022-07-08,Tulare,107,460477,113736,113002,31155,144157,1508
2022-07-08,Tuolumne,109,53932,14219,14019,802,14821,194
2022-07-08,Ventura,111,848112,193061,191462,12612,204074,1518
2022-07-08,Yolo,113,214977,44544,44152,3796,47948,323
2022-07-08,Yuba,115,75493,17450,17345,1478,18823,125
2022-07-07,Alameda,001,1643700,315446,312651,17629,330280,1912
2022-07-07,Alpine,003,1148,129,129,1,130,0
2022-07-07,Amador,005,37829,9390,9335,786,10121,87
2022-07-07,Butte,007,227075,36502,36165,8046,44211,438
2022-07-07,Calaveras,009,45235,7934,7895,424,8319,125
2022-07-07,Colusa,011,21464,3599,3586,1142,4728,22
2022-07-07,Contra Costa,013,1133247,229064,224718,17753,242471,1351
2022-07-07,Del Norte,015,27424,6814,6666,329,6995,54
2022-07-07,El Dorado,017,186661,30285,30070,3859,33929,218
2022-07-07,Fresno,019,978130,252188,250379,26833,277212,2786
2022-07-07,Glenn,021,27897,5263,5231,1753,6984,48
2022-07-07,Humboldt,023,135768,19859,19677,4085,23762,149
2022-07-07,Imperial,025,180216,60110,59558,12284,71842,944
2022-07-07,Inyo,027,18085,4328,4297,715,5012,56
2022-07-07,Kern,029,883053,205475,204128,52550,256678,2359
2022-07-07,Kings,031,150075,55001,54725,3687,58412,449
2022-07-07,Lake,033,64148,11757,11685,1032,12717,140
2022-07-07,Lassen,035,31185,9395,9362,934,10296,64
2022-07-07,Los Angeles,037,10098052,3028877,3002013,151626,3153639,32151
2022-07-07,Madera,039,155013,40271,40081,6940,47021,372
2022-07-07,Marin,041,260295,41566,41271,4728,45999,302
2022-07-07,Mariposa,043,17540,2847,2805,282,3087,30
2022-07-07,Mendocino,045,87422,14728,14610,3888,18498,128
2022-07-07,Merced,047,269075,67165,66616,9921,76537,832
2022-07-07,Modoc,049,8938,815,789,286,1075,9
2022-07-07,Mono,051,14174,3128,3119,196,3315,7
2022-07-07,Monterey,053,433212,87565,87002,17566,104568,745
2022-07-07,Napa,055,140530,29993,29807,1303,31110,145
2022-07-07,Nevada,057,99092,17841,17693,1545,19238,131
2022-07-07,Orange,059,3164182,614229,610975,51707,662682,7132
2022-07-07,Placer,061,380077,70885,70401,8635,79036,632
2022-07-07,Plumas,063,18699,3369,3339,405,3744,13
2022-07-07,Riverside,065,2383286,642859,638193,31207,669400,6506
2022-07-07,Sacramento,067,1510023,320477,318556,31004,349560,3108
2022-07-07,San Benito,069,59416,14727,14628,761,15389,100
2022-07-07,San Bernardino,071,2135413,620266,610086,27318,637404,7893
2022-07-07,San Diego,073,3302833,850027,844085,63701,907786,5357
2022-07-07,San Francisco,075,870044,163140,161931,10772,172703,914
2022-07-07,San Joaquin,077,732212,183124,181958,12247,194205,2257
2022-07-07,San Luis Obispo,079,281455,59163,58636,5881,64517,498
2022-07-07,San Mateo,081,765935,153739,152319,9753,162072,723
2022-07-07,Santa Barbara,083,443738,96868,96266,5742,102008,697
2022-07-07,Santa Clara,085,1922200,391659,388270,16974,405244,2360
2022-07-07,Santa Cruz,087,273765,57099,56455,2900,59355,266
2022-07-07,Shasta,089,179085,32752,32536,6667,39203,576
2022-07-07,Sierra,091,2930,289,291,57,348,4
2022-07-07,Siskiyou,093,43540,4879,4855,3048,7903,82
2022-07-07,Solano,095,438530,96620,95651,6961,102612,455
2022-07-07,Sonoma,097,501317,99205,98430,4525,102955,496
2022-07-07,Stanislaus,099,539301,127673,126897,19577,146474,1686
2022-07-07,Sutter,101,95872,22248,22165,2342,24507,228
2022-07-07,Tehama,103,63373,12805,12716,2781,15497,205
2022-07-07,Trinity,105,12862,1297,1272,320,1592,20
2022-07-07,Tulare,107,460477,113527,113002,31062,144064,1508
2022-07-07,Tuolumne,109,53932,14182,14019,797,14816,194
2022-07-07,Ventura,111,848112,192741,191462,12531,203993,1518
2022-07-07,Yolo,113,214977,44486,44152,3783,47935,323
2022-07-07,Yuba,115,75493,17416,17345,1476,18821,125
2022-07-06,Alameda,001,1643700,314612,310551,17585,328136,1899
2022-07-06,Alpine,003,1148,129,129,1,130,0
2022-07-06,Amador,005,37829,9371,9301,786,10087,87
2022-07-06,Butte,007,227075,36438,36053,8030,44083,436
2022-07-06,Calaveras,009,45235,7925,7873,422,8295,124
2022-07-06,Colusa,011,21464,3596,3579,1141,4720,22
2022-07-06,Contra Costa,013,1133247,228548,223500,17698,241198,1348
2022-07-06,Del Norte,015,27424,6784,6623,327,6950,54
2022-07-06,El Dorado,017,186661,30241,29953,3847,33800,218
2022-07-06,Fresno,019,978130,251634,249480,26753,276233,2786
2022-07-06,Glenn,021,27897,5258,5222,1753,6975,48
2022-07-06,Humboldt,023,135768,19812,19608,4074,23682,149
2022-07-06,Imperial,025,180216,59911,59184,12196,71380,944
2022-07-06,Inyo,027,18085,4322,4282,709,4991,56
2022-07-06,Kern,029,883053,205156,203587,52375,255962,2353
2022-07-06,Kings,031,150075,54884,54560,3682,58242,449
2022-07-06,Lake,033,64148,11738,11659,1032,12691,140
2022-07-06,Lassen,035,31185,9378,9350,934,10284,64
2022-07-06,Los Angeles,037,10098052,3022471,2991161,150920,3142081,32116
2022-07-06,Madera,039,155013,40201,39952,6917,46869,372
2022-07-06,Marin,041,260295,41498,41036,4718,45754,302
2022-07-06,Mariposa,043,17540,2837,2797,282,3079,30
2022-07-06,Mendocino,045,87422,14700,14540,3876,18416,127
2022-07-06,Merced,047,269075,67042,66420,9898,76318,832
2022-07-06,Modoc,049,8938,809,788,284,1072,8
2022-07-06,Mono,051,14174,3127,3109,196,3305,7
2022-07-06,Monterey,053,433212,87405,86639,17500,104139,744
2022-07-06,Napa,055,140530,29932,29690,1301,30991,144
2022-07-06,Nevada,057,99092,17812,17660,1539,19199,131
2022-07-06,Orange,059,3164182,612710,608084,51507,659591,7125
2022-07-06,Placer,061,380077,70771,70113,8614,78727,632
2022-07-06,Plumas,063,18699,3358,3316,404,3720,13
2022-07-06,Riverside,065,2383286,641499,636209,31135,667344,6505
2022-07-06,Sacramento,067,1510023,319791,317315,30960,348275,3104
2022-07-06,San Benito,069,59416,14685,14556,750,15306,100
2022-07-06,San Bernardino,071,2135413,619019,608119,27241,635360,7870
2022-07-06,San Diego,073,3302833,847901,839970,63444,903414,5349
2022-07-06,San Francisco,075,870044,162723,160612,10740,171352,910
2022-07-06,San Joaquin,077,732212,182810,181448,12219,193667,2256
2022-07-06,San Luis Obispo,079,281455,59051,58488,5842,64330,496
2022-07-06,San Mateo,081,765935,153341,151344,9722,161066,723
2022-07-06,Santa Barbara,083,443738,96678,95918,5721,101639,702
2022-07-06,Santa Clara,085,1922200,390564,385553,16909,402462,2358
2022-07-06,Santa Cruz,087,273765,56957,56307,2882,59189,267
2022-07-06,Shasta,089,179085,32699,32444,6644,39088,570
2022-07-06,Sierra,091,2930,289,290,57,347,4
2022-07-06,Siskiyou,093,43540,4872,4841,3042,7883,82
2022-07-06,Solano,095,438530,96369,95181,6936,102117,455
2022-07-06,Sonoma,097,501317,99022,98031,4507,102538,495
2022-07-06,Stanislaus,099,539301,127450,126492,19546,146038,1682
2022-07-06,Sutter,101,95872,22197,22089,2341,24430,228
2022-07-06,Tehama,103,63373,12794,12680,2775,15455,205
2022-07-06,Trinity,105,12862,1289,1263,316,1579,20
2022-07-06,Tulare,107,460477,113311,112684,30970,143654,1500
2022-07-06,Tuolumne,109,53932,14149,13960,785,14745,189
2022-07-06,Ventura,111,848112,192361,190794,12456,203250,1517
2022-07-06,Yolo,113,214977,44403,43171,3763,46934,324
2022-07-06,Yuba,115,75493,17378,17277,1470,18747,124
2022-07-05,Alameda,001,1643700,313629,310551,17530,328081,1899
2022-07-05,Alpine,003,1148,129,129,1,130,0
2022-07-05,Amador,005,37829,9356,9301,782,10083,87
2022-07-05,Butte,007,227075,36355,36053,8009,44062,436
2022-07-05,Calaveras,009,45235,7914,7873,421,8294,124
2022-07-05,Colusa,011,21464,3591,3579,1139,4718,22
2022-07-05,Contra Costa,013,1133247,227913,223500,17622,241122,1348
2022-07-05,Del Norte,015,27424,6758,6623,322,6945,54
2022-07-05,El Dorado,017,186661,30191,29953,3838,33791,218
2022-07-05,Fresno,019,978130,251037,249480,26666,276146,2786
2022-07-05,Glenn,021,27897,5249,5222,1752,6974,48
2022-07-05,Humboldt,023,135768,19774,19608,4063,23671,149
2022-07-05,Imperial,025,180216,59770,59184,12096,71280,944
2022-07-05,Inyo,027,18085,4308,4282,699,4981,56
2022-07-05,Kern,029,883053,204722,203587,52177,255764,2353
2022-07-05,Kings,031,150075,54756,54560,3669,58229,449
2022-07-05,Lake,033,64148,11715,11659,1029,12688,140
2022-07-05,Lassen,035,31185,9367,9350,934,10284,64
2022-07-05,Los Angeles,037,10098052,3015602,2991161,150164,3141325,32116
2022-07-05,Madera,039,155013,40116,39952,6893,46845,372
2022-07-05,Marin,041,260295,41397,41036,4708,45744,302
2022-07-05,Mariposa,043,17540,2827,2797,279,3076,30
2022-07-05,Mendocino,045,87422,14654,14540,3860,18400,127
2022-07-05,Merced,047,269075,66922,66420,9867,76287,832
2022-07-05,Modoc,049,8938,801,788,284,1072,8
2022-07-05,Mono,051,14174,3124,3109,193,3302,7
2022-07-05,Monterey,053,433212,87241,86639,17448,104087,744
2022-07-05,Napa,055,140530,29880,29690,1296,30986,144
2022-07-05,Nevada,057,99092,17773,17660,1529,19189,131
2022-07-05,Orange,059,3164182,611163,608084,51268,659352,7125
2022-07-05,Placer,061,380077,70666,70113,8593,78706,632
2022-07-05,Plumas,063,18699,3348,3316,403,3719,13
2022-07-05,Riverside,065,2383286,640032,636209,31049,667258,6505
2022-07-05,Sacramento,067,1510023,319145,317315,30892,348207,3104
2022-07-05,San Benito,069,59416,14651,14556,743,15299,100
2022-07-05,San Bernardino,071,2135413,617694,608119,27163,635282,7870
2022-07-05,San Diego,073,3302833,845547,839970,63204,903174,5349
2022-07-05,San Francisco,075,870044,162211,160612,10714,171326,910
2022-07-05,San Joaquin,077,732212,182451,181448,12149,193597,2256
2022-07-05,San Luis Obispo,079,281455,58893,58488,5799,64287,496
2022-07-05,San Mateo,081,765935,152864,151344,9699,161043,723
2022-07-05,Santa Barbara,083,443738,96455,95918,5692,101610,702
2022-07-05,Santa Clara,085,1922200,389399,385553,16855,402408,2358
2022-07-05,Santa Cruz,087,273765,56782,56307,2866,59173,267
2022-07-05,Shasta,089,179085,32656,32444,6620,39064,570
2022-07-05,Sierra,091,2930,289,290,57,347,4
2022-07-05,Siskiyou,093,43540,4865,4841,3030,7871,82
2022-07-05,Solano,095,438530,96092,95181,6913,102094,455
2022-07-05,Sonoma,097,501317,98778,98031,4489,102520,495
2022-07-05,Stanislaus,099,539301,127209,126492,19506,145998,1682
2022-07-05,Sutter,101,95872,22155,22089,2339,24428,228
2022-07-05,Tehama,103,63373,12769,12680,2771,15451,205
2022-07-05,Trinity,105,12862,1280,1263,314,1577,20
2022-07-05,Tulare,107,460477,113074,112684,30889,143573,1500
2022-07-05,Tuolumne,109,53932,14115,13960,778,14738,189
2022-07-05,Ventura,111,848112,191964,190794,12393,203187,1517
2022-07-05,Yolo,113,214977,44317,43171,3753,46924,324
2022-07-05,Yuba,115,75493,17349,17277,1469,18746,124
2022-07-04,Alameda,001,1643700,312479,310551,17445,327996,1899
2022-07-04,Alpine,003,1148,129,129,1,130,0
2022-07-04,Amador,005,37829,9343,9301,781,10082,87
2022-07-04,Butte,007,227075,36245,36053,7991,44044,436
2022-07-04,Calaveras,009,45235,7904,7873,421,8294,124
2022-07-04,Colusa,011,21464,3587,3579,1137,4716,22
2022-07-04,Contra Costa,013,1133247,227203,223500,17522,241022,1348
2022-07-04,Del Norte,015,27424,6725,6623,318,6941,54
2022-07-04,El Dorado,017,186661,30106,29953,3820,33773,218
2022-07-04,Fresno,019,978130,250400,249480,26536,276016,2786
2022-07-04,Glenn,021,27897,5241,5222,1746,6968,48
2022-07-04,Humboldt,023,135768,19703,19608,4049,23657,149
2022-07-04,Imperial,025,180216,59562,59184,11974,71158,944
2022-07-04,Inyo,027,18085,4305,4282,689,4971,56
2022-07-04,Kern,029,883053,204275,203587,51921,255508,2353
2022-07-04,Kings,031,150075,54606,54560,3665,58225,449
2022-07-04,Lake,033,64148,11702,11659,1027,12686,140
2022-07-04,Lassen,035,31185,9359,9350,933,10283,64
2022-07-04,Los Angeles,037,10098052,3007195,2991161,149256,3140417,32116
2022-07-04,Madera,039,155013,40022,39952,6867,46819,372
2022-07-04,Marin,041,260295,41280,41036,4697,45733,302
2022-07-04,Mariposa,043,17540,2817,2797,274,3071,30
2022-07-04,Mendocino,045,87422,14618,14540,3814,18354,127
2022-07-04,Merced,047,269075,66793,66420,9819,76239,832
2022-07-04,Modoc,049,8938,793,788,280,1068,8
2022-07-04,Mono,051,14174,3122,3109,191,3300,7
2022-07-04,Monterey,053,433212,87048,86639,17377,104016,744
2022-07-04,Napa,055,140530,29816,29690,1292,30982,144
2022-07-04,Nevada,057,99092,17731,17660,1521,19181,131
2022-07-04,Orange,059,3164182,609372,608084,50975,659059,7125
2022-07-04,Placer,061,380077,70490,70113,8563,78676,632
2022-07-04,Plumas,063,18699,3330,3316,402,3718,13
2022-07-04,Riverside,065,2383286,638388,636209,30954,667163,6505
2022-07-04,Sacramento,067,1510023,318371,317315,30800,348115,3104
2022-07-04,San Benito,069,59416,14595,14556,738,15294,100
2022-07-04,San Bernardino,071,2135413,616093,608119,27088,635207,7870
2022-07-04,San Diego,073,3302833,842906,839970,62868,902838,5349
2022-07-04,San Francisco,075,870044,161602,160612,10653,171265,910
2022-07-04,San Joaquin,077,732212,182053,181448,12084,193532,2256
2022-07-04,San Luis Obispo,079,281455,58704,58488,5728,64216,496
2022-07-04,San Mateo,081,765935,152355,151344,9659,161003,723
2022-07-04,Santa Barbara,083,443738,96232,95918,5669,101587,702
2022-07-04,Santa Clara,085,1922200,387906,385553,16802,402355,2358
2022-07-04,Santa Cruz,087,273765,56584,56307,2844,59151,267
2022-07-04,Shasta,089,179085,32579,32444,6591,39035,570
2022-07-04,Sierra,091,2930,289,290,57,347,4
2022-07-04,Siskiyou,093,43540,4858,4841,3022,7863,82
2022-07-04,Solano,095,438530,95764,95181,6879,102060,455
2022-07-04,Sonoma,097,501317,98483,98031,4462,102493,495
2022-07-04,Stanislaus,099,539301,126919,126492,19455,145947,1682
2022-07-04,Sutter,101,95872,22109,22089,2337,24426,228
2022-07-04,Tehama,103,63373,12743,12680,2757,15437,205
2022-07-04,Trinity,105,12862,1275,1263,312,1575,20
2022-07-04,Tulare,107,460477,112836,112684,30777,143461,1500
2022-07-04,Tuolumne,109,53932,14073,13960,774,14734,189
2022-07-04,Ventura,111,848112,191498,190794,12287,203081,1517
2022-07-04,Yolo,113,214977,44225,43171,3735,46906,324
2022-07-04,Yuba,115,75493,17310,17277,1469,18746,124
2022-07-03,Alameda,001,1643700,311926,307672,17415,325087,1898
2022-07-03,Alpine,003,1148,129,129,1,130,0
2022-07-03,Amador,005,37829,9335,9243,778,10021,87
2022-07-03,Butte,007,227075,36231,35846,7984,43830,436
2022-07-03,Calaveras,009,45235,7888,7836,421,8257,124
2022-07-03,Colusa,011,21464,3585,3566,1135,4701,22
2022-07-03,Contra Costa,013,1133247,226849,221545,17490,239035,1343
2022-07-03,Del Norte,015,27424,6716,6543,317,6860,53
2022-07-03,El Dorado,017,186661,30074,29764,3814,33578,217
2022-07-03,Fresno,019,978130,250149,247952,26500,274452,2783
2022-07-03,Glenn,021,27897,5240,5211,1743,6954,48
2022-07-03,Humboldt,023,135768,19681,19516,4040,23556,149
2022-07-03,Imperial,025,180216,59487,58768,11935,70703,944
2022-07-03,Inyo,027,18085,4301,4261,687,4948,56
2022-07-03,Kern,029,883053,204134,202502,51782,254284,2352
2022-07-03,Kings,031,150075,54581,54262,3663,57925,449
2022-07-03,Lake,033,64148,11691,11595,1027,12622,140
2022-07-03,Lassen,035,31185,9356,9336,932,10268,64
2022-07-03,Los Angeles,037,10098052,3004452,2969395,148892,3118287,32089
2022-07-03,Madera,039,155013,39995,39738,6862,46600,372
2022-07-03,Marin,041,260295,41210,40653,4688,45341,297
2022-07-03,Mariposa,043,17540,2813,2780,273,3053,30
2022-07-03,Mendocino,045,87422,14606,14464,3813,18277,127
2022-07-03,Merced,047,269075,66744,66093,9814,75907,832
2022-07-03,Modoc,049,8938,793,787,280,1067,8
2022-07-03,Mono,051,14174,3121,3099,190,3289,7
2022-07-03,Monterey,053,433212,86936,86212,17323,103535,744
2022-07-03,Napa,055,140530,29796,29486,1289,30775,145
2022-07-03,Nevada,057,99092,17712,17546,1514,19060,131
2022-07-03,Orange,059,3164182,608832,603511,50840,654351,7114
2022-07-03,Placer,061,380077,70403,69606,8549,78155,631
2022-07-03,Plumas,063,18699,3323,3294,402,3696,13
2022-07-03,Riverside,065,2383286,637817,632038,30911,662949,6502
2022-07-03,Sacramento,067,1510023,318098,315165,30779,345944,3100
2022-07-03,San Benito,069,59416,14588,14420,737,15157,100
2022-07-03,San Bernardino,071,2135413,615493,604093,27053,631146,7860
2022-07-03,San Diego,073,3302833,842179,834116,62794,896910,5341
2022-07-03,San Francisco,075,870044,161267,158871,10641,169512,910
2022-07-03,San Joaquin,077,732212,181882,180368,12046,192414,2256
2022-07-03,San Luis Obispo,079,281455,58635,58079,5718,63797,489
2022-07-03,San Mateo,081,765935,152050,149812,9642,159454,723
2022-07-03,Santa Barbara,083,443738,96124,95214,5657,100871,699
2022-07-03,Santa Clara,085,1922200,387181,381630,16772,398402,2355
2022-07-03,Santa Cruz,087,273765,56523,55757,2823,58580,267
2022-07-03,Shasta,089,179085,32544,32280,6581,38861,570
2022-07-03,Sierra,091,2930,288,283,57,340,4
2022-07-03,Siskiyou,093,43540,4854,4808,3020,7828,82
2022-07-03,Solano,095,438530,95689,94437,6874,101311,455
2022-07-03,Sonoma,097,501317,98373,97379,4457,101836,495
2022-07-03,Stanislaus,099,539301,126802,125788,19440,145228,1681
2022-07-03,Sutter,101,95872,22088,21935,2336,24271,228
2022-07-03,Tehama,103,63373,12725,12615,2755,15370,205
2022-07-03,Trinity,105,12862,1274,1256,309,1565,20
2022-07-03,Tulare,107,460477,112738,112118,30739,142857,1500
2022-07-03,Tuolumne,109,53932,14050,13886,771,14657,189
2022-07-03,Ventura,111,848112,191287,189493,12266,201759,1517
2022-07-03,Yolo,113,214977,44182,42760,3725,46485,324
2022-07-03,Yuba,115,75493,17296,17168,1468,18636,124
2022-07-02,Alameda,001,1643700,311547,307672,17387,325059,1898
2022-07-02,Alpine,003,1148,129,129,1,130,0
2022-07-02,Amador,005,37829,9319,9243,777,10020,87
2022-07-02,Butte,007,227075,36206,35846,7971,43817,436
2022-07-02,Calaveras,009,45235,7882,7836,421,8257,124
2022-07-02,Colusa,011,21464,3581,3566,1133,4699,22
2022-07-02,Contra Costa,013,1133247,226503,221545,17438,238983,1343
2022-07-02,Del Norte,015,27424,6706,6543,317,6860,53
2022-07-02,El Dorado,017,186661,30040,29764,3810,33574,217
2022-07-02,Fresno,019,978130,249925,247952,26463,274415,2783
2022-07-02,Glenn,021,27897,5235,5211,1742,6953,48
2022-07-02,Humboldt,023,135768,19655,19516,4036,23552,149
2022-07-02,Imperial,025,180216,59409,58768,11914,70682,944
2022-07-02,Inyo,027,18085,4297,4261,685,4946,56
2022-07-02,Kern,029,883053,203983,202502,51638,254140,2352
2022-07-02,Kings,031,150075,54536,54262,3663,57925,449
2022-07-02,Lake,033,64148,11682,11595,1025,12620,140
2022-07-02,Lassen,035,31185,9355,9336,931,10267,64
2022-07-02,Los Angeles,037,10098052,3001774,2969395,148467,3117862,32089
2022-07-02,Madera,039,155013,39965,39738,6858,46596,372
2022-07-02,Marin,041,260295,41148,40653,4671,45324,297
2022-07-02,Mariposa,043,17540,2809,2780,272,3052,30
2022-07-02,Mendocino,045,87422,14578,14464,3813,18277,127
2022-07-02,Merced,047,269075,66685,66093,9805,75898,832
2022-07-02,Modoc,049,8938,793,787,279,1066,8
2022-07-02,Mono,051,14174,3118,3099,190,3289,7
2022-07-02,Monterey,053,433212,86846,86212,17285,103497,744
2022-07-02,Napa,055,140530,29767,29486,1288,30774,145
2022-07-02,Nevada,057,99092,17697,17546,1508,19054,131
2022-07-02,Orange,059,3164182,608182,603511,50685,654196,7114
2022-07-02,Placer,061,380077,70311,69606,8535,78141,631
2022-07-02,Plumas,063,18699,3314,3294,402,3696,13
2022-07-02,Riverside,065,2383286,637222,632038,30866,662904,6502
2022-07-02,Sacramento,067,1510023,317764,315165,30756,345921,3100
2022-07-02,San Benito,069,59416,14569,14420,728,15148,100
2022-07-02,San Bernardino,071,2135413,614955,604093,27018,631111,7860
2022-07-02,San Diego,073,3302833,841373,834116,62731,896847,5341
2022-07-02,San Francisco,075,870044,160983,158871,10617,169488,910
2022-07-02,San Joaquin,077,732212,181750,180368,12021,192389,2256
2022-07-02,San Luis Obispo,079,281455,58586,58079,5704,63783,489
2022-07-02,San Mateo,081,765935,151793,149812,9622,159434,723
2022-07-02,Santa Barbara,083,443738,95997,95214,5646,100860,699
2022-07-02,Santa Clara,085,1922200,386444,381630,16742,398372,2355
2022-07-02,Santa Cruz,087,273765,56464,55757,2813,58570,267
2022-07-02,Shasta,089,179085,32515,32280,6570,38850,570
2022-07-02,Sierra,091,2930,288,283,57,340,4
2022-07-02,Siskiyou,093,43540,4847,4808,3019,7827,82
2022-07-02,Solano,095,438530,95618,94437,6860,101297,455
2022-07-02,Sonoma,097,501317,98268,97379,4449,101828,495
2022-07-02,Stanislaus,099,539301,126683,125788,19424,145212,1681
2022-07-02,Sutter,101,95872,22069,21935,2336,24271,228
2022-07-02,Tehama,103,63373,12702,12615,2754,15369,205
2022-07-02,Trinity,105,12862,1272,1256,308,1564,20
2022-07-02,Tulare,107,460477,112636,112118,30697,142815,1500
2022-07-02,Tuolumne,109,53932,14037,13886,762,14648,189
2022-07-02,Ventura,111,848112,191114,189493,12241,201734,1517
2022-07-02,Yolo,113,214977,44137,42760,3718,46478,324
2022-07-02,Yuba,115,75493,17284,17168,1468,18636,124
2022-07-01,Alameda,001,1643700,311063,307672,17359,325031,1898
2022-07-01,Alpine,003,1148,129,129,1,130,0
2022-07-01,Amador,005,37829,9314,9243,775,10018,87
2022-07-01,Butte,007,227075,36179,35846,7953,43799,436
2022-07-01,Calaveras,009,45235,7871,7836,421,8257,124
2022-07-01,Colusa,011,21464,3578,3566,1133,4699,22
2022-07-01,Contra Costa,013,1133247,226201,221545,17395,238940,1343
2022-07-01,Del Norte,015,27424,6686,6543,315,6858,53
2022-07-01,El Dorado,017,186661,30015,29764,3802,33566,217
2022-07-01,Fresno,019,978130,249641,247952,26408,274360,2783
2022-07-01,Glenn,021,27897,5235,5211,1742,6953,48
2022-07-01,Humboldt,023,135768,19633,19516,4027,23543,149
2022-07-01,Imperial,025,180216,59333,58768,11887,70655,944
2022-07-01,Inyo,027,18085,4290,4261,679,4940,56
2022-07-01,Kern,029,883053,203779,202502,51517,254019,2352
2022-07-01,Kings,031,150075,54503,54262,3659,57921,449
2022-07-01,Lake,033,64148,11671,11595,1024,12619,140
2022-07-01,Lassen,035,31185,9352,9336,931,10267,64
2022-07-01,Los Angeles,037,10098052,2998326,2969395,147956,3117351,32089
2022-07-01,Madera,039,155013,39922,39738,6844,46582,372
2022-07-01,Marin,041,260295,41075,40653,4658,45311,297
2022-07-01,Mariposa,043,17540,2807,2780,271,3051,30
2022-07-01,Mendocino,045,87422,14558,14464,3809,18273,127
2022-07-01,Merced,047,269075,66601,66093,9801,75894,832
2022-07-01,Modoc,049,8938,793,787,278,1065,8
2022-07-01,Mono,051,14174,3110,3099,189,3288,7
2022-07-01,Monterey,053,433212,86763,86212,17254,103466,744
2022-07-01,Napa,055,140530,29723,29486,1288,30774,145
2022-07-01,Nevada,057,99092,17677,17546,1503,19049,131
2022-07-01,Orange,059,3164182,607472,603511,50529,654040,7114
2022-07-01,Placer,061,380077,70244,69606,8523,78129,631
2022-07-01,Plumas,063,18699,3312,3294,402,3696,13
2022-07-01,Riverside,065,2383286,636507,632038,30813,662851,6502
2022-07-01,Sacramento,067,1510023,317381,315165,30739,345904,3100
2022-07-01,San Benito,069,59416,14551,14420,727,15147,100
2022-07-01,San Bernardino,071,2135413,614307,604093,26984,631077,7860
2022-07-01,San Diego,073,3302833,840335,834116,62588,896704,5341
2022-07-01,San Francisco,075,870044,160708,158871,10577,169448,910
2022-07-01,San Joaquin,077,732212,181608,180368,11992,192360,2256
2022-07-01,San Luis Obispo,079,281455,58558,58079,5692,63771,489
2022-07-01,San Mateo,081,765935,151517,149812,9602,159414,723
2022-07-01,Santa Barbara,083,443738,95881,95214,5637,100851,699
2022-07-01,Santa Clara,085,1922200,385745,381630,16706,398336,2355
2022-07-01,Santa Cruz,087,273765,56398,55757,2800,58557,267
2022-07-01,Shasta,089,179085,32495,32280,6560,38840,570
2022-07-01,Sierra,091,2930,288,283,57,340,4
2022-07-01,Siskiyou,093,43540,4843,4808,3017,7825,82
2022-07-01,Solano,095,438530,95452,94437,6846,101283,455
2022-07-01,Sonoma,097,501317,98148,97379,4430,101809,495
2022-07-01,Stanislaus,099,539301,126554,125788,19398,145186,1681
2022-07-01,Sutter,101,95872,22040,21935,2336,24271,228
2022-07-01,Tehama,103,63373,12693,12615,2752,15367,205
2022-07-01,Trinity,105,12862,1271,1256,308,1564,20
2022-07-01,Tulare,107,460477,112540,112118,30655,142773,1500
2022-07-01,Tuolumne,109,53932,14018,13886,755,14641,189
2022-07-01,Ventura,111,848112,190903,189493,12205,201698,1517
2022-07-01,Yolo,113,214977,44102,42760,3703,46463,324
2022-07-01,Yuba,115,75493,17263,17168,1468,18636,124
2022-06-30,Alameda,001,1643700,310246,307672,17304,324976,1898
2022-06-30,Alpine,003,1148,129,129,1,130,0
2022-06-30,Amador,005,37829,9304,9243,772,10015,87
2022-06-30,Butte,007,227075,36129,35846,7936,43782,436
2022-06-30,Calaveras,009,45235,7860,7836,420,8256,124
2022-06-30,Colusa,011,21464,3574,3566,1131,4697,22
2022-06-30,Contra Costa,013,1133247,225649,221545,17324,238869,1343
2022-06-30,Del Norte,015,27424,6669,6543,312,6855,53
2022-06-30,El Dorado,017,186661,29970,29764,3793,33557,217
2022-06-30,Fresno,019,978130,249244,247952,26363,274315,2783
2022-06-30,Glenn,021,27897,5232,5211,1742,6953,48
2022-06-30,Humboldt,023,135768,19596,19516,4021,23537,149
2022-06-30,Imperial,025,180216,59219,58768,11855,70623,944
2022-06-30,Inyo,027,18085,4284,4261,679,4940,56
2022-06-30,Kern,029,883053,203465,202502,51352,253854,2352
2022-06-30,Kings,031,150075,54427,54262,3656,57918,449
2022-06-30,Lake,033,64148,11652,11595,1021,12616,140
2022-06-30,Lassen,035,31185,9349,9336,930,10266,64
2022-06-30,Los Angeles,037,10098052,2992979,2969395,147365,3116760,32089
2022-06-30,Madera,039,155013,39856,39738,6817,46555,372
2022-06-30,Marin,041,260295,40991,40653,4651,45304,297
2022-06-30,Mariposa,043,17540,2800,2780,269,3049,30
2022-06-30,Mendocino,045,87422,14542,14464,3803,18267,127
2022-06-30,Merced,047,269075,66501,66093,9784,75877,832
2022-06-30,Modoc,049,8938,792,787,277,1064,8
2022-06-30,Mono,051,14174,3108,3099,188,3287,7
2022-06-30,Monterey,053,433212,86614,86212,17191,103403,744
2022-06-30,Napa,055,140530,29664,29486,1282,30768,145
2022-06-30,Nevada,057,99092,17649,17546,1496,19042,131
2022-06-30,Orange,059,3164182,606307,603511,50340,653851,7114
2022-06-30,Placer,061,380077,70096,69606,8506,78112,631
2022-06-30,Plumas,063,18699,3307,3294,401,3695,13
2022-06-30,Riverside,065,2383286,635406,632038,30743,662781,6502
2022-06-30,Sacramento,067,1510023,316797,315165,30698,345863,3100
2022-06-30,San Benito,069,59416,14515,14420,724,15144,100
2022-06-30,San Bernardino,071,2135413,613258,604093,26942,631035,7860
2022-06-30,San Diego,073,3302833,838812,834116,62375,896491,5341
2022-06-30,San Francisco,075,870044,160287,158871,10547,169418,910
2022-06-30,San Joaquin,077,732212,181328,180368,11960,192328,2256
2022-06-30,San Luis Obispo,079,281455,58458,58079,5664,63743,489
2022-06-30,San Mateo,081,765935,151105,149812,9568,159380,723
2022-06-30,Santa Barbara,083,443738,95683,95214,5625,100839,699
2022-06-30,Santa Clara,085,1922200,384646,381630,16662,398292,2355
2022-06-30,Santa Cruz,087,273765,56279,55757,2786,58543,267
2022-06-30,Shasta,089,179085,32455,32280,6541,38821,570
2022-06-30,Sierra,091,2930,288,283,57,340,4
2022-06-30,Siskiyou,093,43540,4835,4808,3010,7818,82
2022-06-30,Solano,095,438530,95252,94437,6817,101254,455
2022-06-30,Sonoma,097,501317,97985,97379,4409,101788,495
2022-06-30,Stanislaus,099,539301,126359,125788,19368,145156,1681
2022-06-30,Sutter,101,95872,22007,21935,2334,24269,228
2022-06-30,Tehama,103,63373,12672,12615,2749,15364,205
2022-06-30,Trinity,105,12862,1265,1256,306,1562,20
2022-06-30,Tulare,107,460477,112391,112118,30579,142697,1500
2022-06-30,Tuolumne,109,53932,13999,13886,749,14635,189
2022-06-30,Ventura,111,848112,190559,189493,12130,201623,1517
2022-06-30,Yolo,113,214977,44031,42760,3685,46445,324
2022-06-30,Yuba,115,75493,17235,17168,1462,18630,124
2022-06-29,Alameda,001,1643700,309445,305288,17263,322551,1895
2022-06-29,Alpine,003,1148,129,129,1,130,0
2022-06-29,Amador,005,37829,9297,9205,772,9977,87
2022-06-29,Butte,007,227075,36082,35651,7920,43571,434
2022-06-29,Calaveras,009,45235,7848,7798,417,8215,124
2022-06-29,Colusa,011,21464,3571,3548,1129,4677,22
2022-06-29,Contra Costa,013,1133247,225164,219921,17270,237191,1339
2022-06-29,Del Norte,015,27424,6644,6484,308,6792,53
2022-06-29,El Dorado,017,186661,29912,29549,3777,33326,216
2022-06-29,Fresno,019,978130,248853,246740,26299,273039,2777
2022-06-29,Glenn,021,27897,5231,5192,1740,6932,48
2022-06-29,Humboldt,023,135768,19570,19411,4011,23422,149
2022-06-29,Imperial,025,180216,59100,58498,11808,70306,944
2022-06-29,Inyo,027,18085,4280,4243,674,4917,56
2022-06-29,Kern,029,883053,203180,201537,51193,252730,2343
2022-06-29,Kings,031,150075,54337,54031,3654,57685,448
2022-06-29,Lake,033,64148,11624,11548,1017,12565,140
2022-06-29,Lassen,035,31185,9344,9310,930,10240,64
2022-06-29,Los Angeles,037,10098052,2987370,2955489,146771,3102260,32062
2022-06-29,Madera,039,155013,39805,39554,6808,46362,372
2022-06-29,Marin,041,260295,40887,40397,4645,45042,297
2022-06-29,Mariposa,043,17540,2798,2753,269,3022,30
2022-06-29,Mendocino,045,87422,14513,14383,3787,18170,127
2022-06-29,Merced,047,269075,66407,65733,9772,75505,830
2022-06-29,Modoc,049,8938,790,780,276,1056,8
2022-06-29,Mono,051,14174,3108,3081,186,3267,7
2022-06-29,Monterey,053,433212,86483,85711,17141,102852,743
2022-06-29,Napa,055,140530,29614,29285,1278,30563,144
2022-06-29,Nevada,057,99092,17615,17439,1492,18931,129
2022-06-29,Orange,059,3164182,605146,599951,50173,650124,7095
2022-06-29,Placer,061,380077,69961,69244,8497,77741,629
2022-06-29,Plumas,063,18699,3304,3267,399,3666,13
2022-06-29,Riverside,065,2383286,634349,629035,30676,659711,6493
2022-06-29,Sacramento,067,1510023,316205,313224,30649,343873,3082
2022-06-29,San Benito,069,59416,14479,14302,716,15018,100
2022-06-29,San Bernardino,071,2135413,612257,600960,26846,627806,7825
2022-06-29,San Diego,073,3302833,837085,828907,62140,891047,5336
2022-06-29,San Francisco,075,870044,159807,157419,10514,167933,902
2022-06-29,San Joaquin,077,732212,181035,179476,11925,191401,2252
2022-06-29,San Luis Obispo,079,281455,58323,57783,5626,63409,486
2022-06-29,San Mateo,081,765935,150727,148533,9547,158080,723
2022-06-29,Santa Barbara,083,443738,95532,94683,5614,100297,699
2022-06-29,Santa Clara,085,1922200,383652,378000,16604,394604,2348
2022-06-29,Santa Cruz,087,273765,56154,55432,2772,58204,266
2022-06-29,Shasta,089,179085,32408,32106,6525,38631,570
2022-06-29,Sierra,091,2930,286,283,57,340,4
2022-06-29,Siskiyou,093,43540,4827,4773,3009,7782,82
2022-06-29,Solano,095,438530,95027,92975,6799,99774,455
2022-06-29,Sonoma,097,501317,97802,96854,4397,101251,493
2022-06-29,Stanislaus,099,539301,126183,125189,19338,144527,1674
2022-06-29,Sutter,101,95872,21954,21836,2329,24165,227
2022-06-29,Tehama,103,63373,12653,12561,2748,15309,205
2022-06-29,Trinity,105,12862,1263,1245,305,1550,20
2022-06-29,Tulare,107,460477,112258,111707,30506,142213,1499
2022-06-29,Tuolumne,109,53932,13975,13779,733,14512,189
2022-06-29,Ventura,111,848112,190252,188519,12066,200585,1514
2022-06-29,Yolo,113,214977,43929,42410,3674,46084,323
2022-06-29,Yuba,115,75493,17206,17082,1460,18542,124
2022-06-28,Alameda,001,1643700,308605,305288,17226,322514,1895
2022-06-28,Alpine,003,1148,129,129,1,130,0
2022-06-28,Amador,005,37829,9292,9205,771,9976,87
2022-06-28,Butte,007,227075,36016,35651,7902,43553,434
2022-06-28,Calaveras,009,45235,7836,7798,417,8215,124
2022-06-28,Colusa,011,21464,3570,3548,1128,4676,22
2022-06-28,Contra Costa,013,1133247,224557,219921,17207,237128,1339
2022-06-28,Del Norte,015,27424,6607,6484,306,6790,53
2022-06-28,El Dorado,017,186661,29864,29549,3766,33315,216
2022-06-28,Fresno,019,978130,248421,246740,26243,272983,2777
2022-06-28,Glenn,021,27897,5223,5192,1735,6927,48
2022-06-28,Humboldt,023,135768,19550,19411,4004,23415,149
2022-06-28,Imperial,025,180216,59004,58498,11730,70228,944
2022-06-28,Inyo,027,18085,4274,4243,668,4911,56
2022-06-28,Kern,029,883053,202887,201537,50988,252525,2343
2022-06-28,Kings,031,150075,54255,54031,3649,57680,448
2022-06-28,Lake,033,64148,11613,11548,1015,12563,140
2022-06-28,Lassen,035,31185,9337,9310,930,10240,64
2022-06-28,Los Angeles,037,10098052,2981456,2955489,146168,3101657,32062
2022-06-28,Madera,039,155013,39746,39554,6791,46345,372
2022-06-28,Marin,041,260295,40779,40397,4638,45035,297
2022-06-28,Mariposa,043,17540,2790,2753,267,3020,30
2022-06-28,Mendocino,045,87422,14485,14383,3775,18158,127
2022-06-28,Merced,047,269075,66305,65733,9754,75487,830
2022-06-28,Modoc,049,8938,788,780,275,1055,8
2022-06-28,Mono,051,14174,3101,3081,184,3265,7
2022-06-28,Monterey,053,433212,86358,85711,17094,102805,743
2022-06-28,Napa,055,140530,29546,29285,1275,30560,144
2022-06-28,Nevada,057,99092,17585,17439,1488,18927,129
2022-06-28,Orange,059,3164182,603801,599951,49995,649946,7095
2022-06-28,Placer,061,380077,69798,69244,8488,77732,629
2022-06-28,Plumas,063,18699,3304,3267,398,3665,13
2022-06-28,Riverside,065,2383286,633152,629035,30629,659664,6493
2022-06-28,Sacramento,067,1510023,315530,313224,30592,343816,3082
2022-06-28,San Benito,069,59416,14440,14302,715,15017,100
2022-06-28,San Bernardino,071,2135413,611137,600960,26800,627760,7825
2022-06-28,San Diego,073,3302833,835224,828907,61896,890803,5336
2022-06-28,San Francisco,075,870044,159292,157419,10490,167909,902
2022-06-28,San Joaquin,077,732212,180725,179476,11890,191366,2252
2022-06-28,San Luis Obispo,079,281455,58204,57783,5589,63372,486
2022-06-28,San Mateo,081,765935,150277,148533,9520,158053,723
2022-06-28,Santa Barbara,083,443738,95362,94683,5597,100280,699
2022-06-28,Santa Clara,085,1922200,382539,378000,16548,394548,2348
2022-06-28,Santa Cruz,087,273765,56022,55432,2764,58196,266
2022-06-28,Shasta,089,179085,32361,32106,6512,38618,570
2022-06-28,Sierra,091,2930,286,283,57,340,4
2022-06-28,Siskiyou,093,43540,4820,4773,3003,7776,82
2022-06-28,Solano,095,438530,94757,92975,6782,99757,455
2022-06-28,Sonoma,097,501317,97592,96854,4381,101235,493
2022-06-28,Stanislaus,099,539301,125981,125189,19316,144505,1674
2022-06-28,Sutter,101,95872,21918,21836,2327,24163,227
2022-06-28,Tehama,103,63373,12633,12561,2744,15305,205
2022-06-28,Trinity,105,12862,1260,1245,303,1548,20
2022-06-28,Tulare,107,460477,112071,111707,30432,142139,1499
2022-06-28,Tuolumne,109,53932,13944,13779,727,14506,189
2022-06-28,Ventura,111,848112,189928,188519,11987,200506,1514
2022-06-28,Yolo,113,214977,43816,42410,3668,46078,323
2022-06-28,Yuba,115,75493,17171,17082,1456,18538,124
2022-06-27,Alameda,001,1643700,307674,305288,17171,322459,1895
2022-06-27,Alpine,003,1148,129,129,1,130,0
2022-06-27,Amador,005,37829,9277,9205,769,9974,87
2022-06-27,Butte,007,227075,35962,35651,7882,43533,434
2022-06-27,Calaveras,009,45235,7822,7798,417,8215,124
2022-06-27,Colusa,011,21464,3566,3548,1126,4674,22
2022-06-27,Contra Costa,013,1133247,223877,219921,17143,237064,1339
2022-06-27,Del Norte,015,27424,6587,6484,300,6784,53
2022-06-27,El Dorado,017,186661,29799,29549,3748,33297,216
2022-06-27,Fresno,019,978130,247956,246740,26176,272916,2777
2022-06-27,Glenn,021,27897,5217,5192,1728,6920,48
2022-06-27,Humboldt,023,135768,19515,19411,3992,23403,149
2022-06-27,Imperial,025,180216,58864,58498,11664,70162,944
2022-06-27,Inyo,027,18085,4264,4243,659,4902,56
2022-06-27,Kern,029,883053,202530,201537,50781,252318,2343
2022-06-27,Kings,031,150075,54168,54031,3646,57677,448
2022-06-27,Lake,033,64148,11594,11548,1010,12558,140
2022-06-27,Lassen,035,31185,9328,9310,930,10240,64
2022-06-27,Los Angeles,037,10098052,2975252,2955489,145606,3101095,32062
2022-06-27,Madera,039,155013,39681,39554,6779,46333,372
2022-06-27,Marin,041,260295,40673,40397,4625,45022,297
2022-06-27,Mariposa,043,17540,2781,2753,265,3018,30
2022-06-27,Mendocino,045,87422,14455,14383,3769,18152,127
2022-06-27,Merced,047,269075,66196,65733,9718,75451,830
2022-06-27,Modoc,049,8938,783,780,274,1054,8
2022-06-27,Mono,051,14174,3100,3081,184,3265,7
2022-06-27,Monterey,053,433212,86208,85711,17033,102744,743
2022-06-27,Napa,055,140530,29476,29285,1272,30557,144
2022-06-27,Nevada,057,99092,17555,17439,1474,18913,129
2022-06-27,Orange,059,3164182,602447,599951,49776,649727,7095
2022-06-27,Placer,061,380077,69685,69244,8464,77708,629
2022-06-27,Plumas,063,18699,3299,3267,397,3664,13
2022-06-27,Riverside,065,2383286,632003,629035,30563,659598,6493
2022-06-27,Sacramento,067,1510023,314806,313224,30543,343767,3082
2022-06-27,San Benito,069,59416,14385,14302,712,15014,100
2022-06-27,San Bernardino,071,2135413,610023,600960,26753,627713,7825
2022-06-27,San Diego,073,3302833,833295,828907,61663,890570,5336
2022-06-27,San Francisco,075,870044,158747,157419,10464,167883,902
2022-06-27,San Joaquin,077,732212,180383,179476,11849,191325,2252
2022-06-27,San Luis Obispo,079,281455,58090,57783,5552,63335,486
2022-06-27,San Mateo,081,765935,149809,148533,9484,158017,723
2022-06-27,Santa Barbara,083,443738,95175,94683,5583,100266,699
2022-06-27,Santa Clara,085,1922200,381114,378000,16493,394493,2348
2022-06-27,Santa Cruz,087,273765,55852,55432,2756,58188,266
2022-06-27,Shasta,089,179085,32300,32106,6494,38600,570
2022-06-27,Sierra,091,2930,286,283,57,340,4
2022-06-27,Siskiyou,093,43540,4810,4773,2996,7769,82
2022-06-27,Solano,095,438530,94447,92975,6750,99725,455
2022-06-27,Sonoma,097,501317,97400,96854,4362,101216,493
2022-06-27,Stanislaus,099,539301,125753,125189,19295,144484,1674
2022-06-27,Sutter,101,95872,21877,21836,2324,24160,227
2022-06-27,Tehama,103,63373,12611,12561,2742,15303,205
2022-06-27,Trinity,105,12862,1258,1245,301,1546,20
2022-06-27,Tulare,107,460477,111890,111707,30346,142053,1499
2022-06-27,Tuolumne,109,53932,13908,13779,718,14497,189
2022-06-27,Ventura,111,848112,189547,188519,11925,200444,1514
2022-06-27,Yolo,113,214977,43690,42410,3660,46070,323
2022-06-27,Yuba,115,75493,17143,17082,1453,18535,124
2022-06-26,Alameda,001,1643700,306595,302071,17116,319187,1891
2022-06-26,Alpine,003,1148,129,129,1,130,0
2022-06-26,Amador,005,37829,9238,9135,767,9902,87
2022-06-26,Butte,007,227075,35889,35406,7857,43263,433
2022-06-26,Calaveras,009,45235,7807,7754,414,8168,124
2022-06-26,Colusa,011,21464,3557,3540,1122,4662,22
2022-06-26,Contra Costa,013,1133247,223253,218053,17059,235112,1335
2022-06-26,Del Norte,015,27424,6565,6398,296,6694,52
2022-06-26,El Dorado,017,186661,29715,29313,3723,33036,216
2022-06-26,Fresno,019,978130,247419,245118,26114,271232,2777
2022-06-26,Glenn,021,27897,5212,5178,1725,6903,48
2022-06-26,Humboldt,023,135768,19480,19234,3981,23215,149
2022-06-26,Imperial,025,180216,58719,58127,11571,69698,944
2022-06-26,Inyo,027,18085,4253,4228,646,4874,56
2022-06-26,Kern,029,883053,202225,200556,50579,251135,2344
2022-06-26,Kings,031,150075,54059,53783,3643,57426,448
2022-06-26,Lake,033,64148,11575,11471,1008,12479,140
2022-06-26,Lassen,035,31185,9319,9287,930,10217,64
2022-06-26,Los Angeles,037,10098052,2968670,2936815,144975,3081790,32036
2022-06-26,Madera,039,155013,39612,39319,6759,46078,372
2022-06-26,Marin,041,260295,40552,39979,4604,44583,297
2022-06-26,Mariposa,043,17540,2773,2713,265,2978,30
2022-06-26,Mendocino,045,87422,14426,14292,3743,18035,127
2022-06-26,Merced,047,269075,66063,65408,9690,75098,828
2022-06-26,Modoc,049,8938,782,777,272,1049,8
2022-06-26,Mono,051,14174,3090,3076,184,3260,7
2022-06-26,Monterey,053,433212,86035,85275,16972,102247,743
2022-06-26,Napa,055,140530,29396,29054,1269,30323,144
2022-06-26,Nevada,057,99092,17511,17339,1470,18809,129
2022-06-26,Orange,059,3164182,600964,595761,49570,645331,7090
2022-06-26,Placer,061,380077,69550,68785,8441,77226,628
2022-06-26,Plumas,063,18699,3287,3241,397,3638,13
2022-06-26,Riverside,065,2383286,630775,625794,30506,656300,6493
2022-06-26,Sacramento,067,1510023,313985,310837,30475,341312,3077
2022-06-26,San Benito,069,59416,14340,14192,709,14901,99
2022-06-26,San Bernardino,071,2135413,608816,598062,26694,624756,7803
2022-06-26,San Diego,073,3302833,831099,822848,61489,884337,5332
2022-06-26,San Francisco,075,870044,158114,155609,10411,166020,899
2022-06-26,San Joaquin,077,732212,180008,178447,11805,190252,2252
2022-06-26,San Luis Obispo,079,281455,57955,57472,5501,62973,485
2022-06-26,San Mateo,081,765935,149297,146955,9453,156408,723
2022-06-26,Santa Barbara,083,443738,94967,94017,5555,99572,699
2022-06-26,Santa Clara,085,1922200,379735,373961,16416,390377,2338
2022-06-26,Santa Cruz,087,273765,55695,54874,2747,57621,265
2022-06-26,Shasta,089,179085,32218,31921,6476,38397,570
2022-06-26,Sierra,091,2930,285,283,57,340,4
2022-06-26,Siskiyou,093,43540,4792,4744,2989,7733,81
2022-06-26,Solano,095,438530,94177,92248,6713,98961,455
2022-06-26,Sonoma,097,501317,97166,95981,4326,100307,493
2022-06-26,Stanislaus,099,539301,125552,124493,19267,143760,1672
2022-06-26,Sutter,101,95872,21837,21733,2323,24056,227
2022-06-26,Tehama,103,63373,12594,12510,2736,15246,205
2022-06-26,Trinity,105,12862,1253,1233,299,1532,20
2022-06-26,Tulare,107,460477,111707,111188,30264,141452,1496
2022-06-26,Tuolumne,109,53932,13880,13688,711,14399,189
2022-06-26,Ventura,111,848112,189153,187389,11846,199235,1514
2022-06-26,Yolo,113,214977,43575,41932,3646,45578,323
2022-06-26,Yuba,115,75493,17106,16994,1444,18438,124
2022-06-25,Alameda,001,1643700,306127,302071,17102,319173,1891
2022-06-25,Alpine,003,1148,129,129,1,130,0
2022-06-25,Amador,005,37829,9228,9135,766,9901,87
2022-06-25,Butte,007,227075,35850,35406,7835,43241,433
2022-06-25,Calaveras,009,45235,7798,7754,414,8168,124
2022-06-25,Colusa,011,21464,3552,3540,1122,4662,22
2022-06-25,Contra Costa,013,1133247,222892,218053,17016,235069,1335
2022-06-25,Del Norte,015,27424,6551,6398,293,6691,52
2022-06-25,El Dorado,017,186661,29675,29313,3717,33030,216
2022-06-25,Fresno,019,978130,247189,245118,26089,271207,2777
2022-06-25,Glenn,021,27897,5207,5178,1723,6901,48
2022-06-25,Humboldt,023,135768,19459,19234,3970,23204,149
2022-06-25,Imperial,025,180216,58638,58127,11546,69673,944
2022-06-25,Inyo,027,18085,4251,4228,642,4870,56
2022-06-25,Kern,029,883053,202067,200556,50474,251030,2344
2022-06-25,Kings,031,150075,54021,53783,3643,57426,448
2022-06-25,Lake,033,64148,11566,11471,1007,12478,140
2022-06-25,Lassen,035,31185,9313,9287,928,10215,64
2022-06-25,Los Angeles,037,10098052,2965658,2936815,144592,3081407,32036
2022-06-25,Madera,039,155013,39579,39319,6756,46075,372
2022-06-25,Marin,041,260295,40499,39979,4597,44576,297
2022-06-25,Mariposa,043,17540,2771,2713,265,2978,30
2022-06-25,Mendocino,045,87422,14414,14292,3738,18030,127
2022-06-25,Merced,047,269075,65986,65408,9687,75095,828
2022-06-25,Modoc,049,8938,782,777,272,1049,8
2022-06-25,Mono,051,14174,3085,3076,184,3260,7
2022-06-25,Monterey,053,433212,85934,85275,16943,102218,743
2022-06-25,Napa,055,140530,29365,29054,1265,30319,144
2022-06-25,Nevada,057,99092,17487,17339,1466,18805,129
2022-06-25,Orange,059,3164182,600265,595761,49433,645194,7090
2022-06-25,Placer,061,380077,69455,68785,8421,77206,628
2022-06-25,Plumas,063,18699,3283,3241,397,3638,13
2022-06-25,Riverside,065,2383286,630132,625794,30464,656258,6493
2022-06-25,Sacramento,067,1510023,313675,310837,30449,341286,3077
2022-06-25,San Benito,069,59416,14315,14192,708,14900,99
2022-06-25,San Bernardino,071,2135413,608226,598062,26666,624728,7803
2022-06-25,San Diego,073,3302833,830194,822848,61424,884272,5332
2022-06-25,San Francisco,075,870044,157820,155609,10388,165997,899
2022-06-25,San Joaquin,077,732212,179859,178447,11791,190238,2252
2022-06-25,San Luis Obispo,079,281455,57884,57472,5491,62963,485
2022-06-25,San Mateo,081,765935,149023,146955,9430,156385,723
2022-06-25,Santa Barbara,083,443738,94824,94017,5542,99559,699
2022-06-25,Santa Clara,085,1922200,378882,373961,16388,390349,2338
2022-06-25,Santa Cruz,087,273765,55625,54874,2744,57618,265
2022-06-25,Shasta,089,179085,32180,31921,6462,38383,570
2022-06-25,Sierra,091,2930,285,283,57,340,4
2022-06-25,Siskiyou,093,43540,4789,4744,2986,7730,81
2022-06-25,Solano,095,438530,94092,92248,6694,98942,455
2022-06-25,Sonoma,097,501317,97055,95981,4315,100296,493
2022-06-25,Stanislaus,099,539301,125422,124493,19248,143741,1672
2022-06-25,Sutter,101,95872,21815,21733,2322,24055,227
2022-06-25,Tehama,103,63373,12583,12510,2731,15241,205
2022-06-25,Trinity,105,12862,1252,1233,297,1530,20
2022-06-25,Tulare,107,460477,111630,111188,30222,141410,1496
2022-06-25,Tuolumne,109,53932,13862,13688,708,14396,189
2022-06-25,Ventura,111,848112,188944,187389,11817,199206,1514
2022-06-25,Yolo,113,214977,43511,41932,3640,45572,323
2022-06-25,Yuba,115,75493,17085,16994,1443,18437,124
2022-06-24,Alameda,001,1643700,305555,302071,17068,319139,1891
2022-06-24,Alpine,003,1148,129,129,1,130,0
2022-06-24,Amador,005,37829,9221,9135,764,9899,87
2022-06-24,Butte,007,227075,35820,35406,7821,43227,433
2022-06-24,Calaveras,009,45235,7793,7754,413,8167,124
2022-06-24,Colusa,011,21464,3551,3540,1119,4659,22
2022-06-24,Contra Costa,013,1133247,222550,218053,16990,235043,1335
2022-06-24,Del Norte,015,27424,6540,6398,291,6689,52
2022-06-24,El Dorado,017,186661,29632,29313,3713,33026,216
2022-06-24,Fresno,019,978130,246902,245118,26054,271172,2777
2022-06-24,Glenn,021,27897,5205,5178,1723,6901,48
2022-06-24,Humboldt,023,135768,19428,19234,3965,23199,149
2022-06-24,Imperial,025,180216,58566,58127,11516,69643,944
2022-06-24,Inyo,027,18085,4249,4228,638,4866,56
2022-06-24,Kern,029,883053,201894,200556,50378,250934,2344
2022-06-24,Kings,031,150075,53977,53783,3639,57422,448
2022-06-24,Lake,033,64148,11555,11471,1007,12478,140
2022-06-24,Lassen,035,31185,9310,9287,927,10214,64
2022-06-24,Los Angeles,037,10098052,2962378,2936815,144264,3081079,32036
2022-06-24,Madera,039,155013,39533,39319,6750,46069,372
2022-06-24,Marin,041,260295,40423,39979,4585,44564,297
2022-06-24,Mariposa,043,17540,2764,2713,265,2978,30
2022-06-24,Mendocino,045,87422,14405,14292,3735,18027,127
2022-06-24,Merced,047,269075,65949,65408,9678,75086,828
2022-06-24,Modoc,049,8938,782,777,272,1049,8
2022-06-24,Mono,051,14174,3081,3076,183,3259,7
2022-06-24,Monterey,053,433212,85853,85275,16916,102191,743
2022-06-24,Napa,055,140530,29337,29054,1264,30318,144
2022-06-24,Nevada,057,99092,17471,17339,1460,18799,129
2022-06-24,Orange,059,3164182,599576,595761,49288,645049,7090
2022-06-24,Placer,061,380077,69379,68785,8409,77194,628
2022-06-24,Plumas,063,18699,3279,3241,397,3638,13
2022-06-24,Riverside,065,2383286,629485,625794,30420,656214,6493
2022-06-24,Sacramento,067,1510023,313278,310837,30427,341264,3077
2022-06-24,San Benito,069,59416,14302,14192,707,14899,99
2022-06-24,San Bernardino,071,2135413,607642,598062,26641,624703,7803
2022-06-24,San Diego,073,3302833,829152,822848,61345,884193,5332
2022-06-24,San Francisco,075,870044,157507,155609,10361,165970,899
2022-06-24,San Joaquin,077,732212,179679,178447,11766,190213,2252
2022-06-24,San Luis Obispo,079,281455,57839,57472,5486,62958,485
2022-06-24,San Mateo,081,765935,148691,146955,9417,156372,723
2022-06-24,Santa Barbara,083,443738,94693,94017,5539,99556,699
2022-06-24,Santa Clara,085,1922200,378057,373961,16339,390300,2338
2022-06-24,Santa Cruz,087,273765,55524,54874,2733,57607,265
2022-06-24,Shasta,089,179085,32150,31921,6453,38374,570
2022-06-24,Sierra,091,2930,285,283,57,340,4
2022-06-24,Siskiyou,093,43540,4781,4744,2985,7729,81
2022-06-24,Solano,095,438530,93941,92248,6680,98928,455
2022-06-24,Sonoma,097,501317,96916,95981,4298,100279,493
2022-06-24,Stanislaus,099,539301,125297,124493,19226,143719,1672
2022-06-24,Sutter,101,95872,21800,21733,2321,24054,227
2022-06-24,Tehama,103,63373,12568,12510,2725,15235,205
2022-06-24,Trinity,105,12862,1249,1233,297,1530,20
2022-06-24,Tulare,107,460477,111532,111188,30165,141353,1496
2022-06-24,Tuolumne,109,53932,13842,13688,702,14390,189
2022-06-24,Ventura,111,848112,188717,187389,11788,199177,1514
2022-06-24,Yolo,113,214977,43417,41932,3631,45563,323
2022-06-24,Yuba,115,75493,17067,16994,1443,18437,124
2022-06-23,Alameda,001,1643700,304739,302071,17007,319078,1891
2022-06-23,Alpine,003,1148,129,129,1,130,0
2022-06-23,Amador,005,37829,9212,9135,763,9898,87
2022-06-23,Butte,007,227075,35760,35406,7802,43208,433
2022-06-23,Calaveras,009,45235,7782,7754,412,8166,124
2022-06-23,Colusa,011,21464,3544,3540,1117,4657,22
2022-06-23,Contra Costa,013,1133247,222038,218053,16896,234949,1335
2022-06-23,Del Norte,015,27424,6508,6398,289,6687,52
2022-06-23,El Dorado,017,186661,29574,29313,3701,33014,216
2022-06-23,Fresno,019,978130,246498,245118,25994,271112,2777
2022-06-23,Glenn,021,27897,5202,5178,1714,6892,48
2022-06-23,Humboldt,023,135768,19406,19234,3961,23195,149
2022-06-23,Imperial,025,180216,58492,58127,11463,69590,944
2022-06-23,Inyo,027,18085,4246,4228,635,4863,56
2022-06-23,Kern,029,883053,201613,200556,50229,250785,2344
2022-06-23,Kings,031,150075,53918,53783,3636,57419,448
2022-06-23,Lake,033,64148,11534,11471,1007,12478,140
2022-06-23,Lassen,035,31185,9300,9287,926,10213,64
2022-06-23,Los Angeles,037,10098052,2957714,2936815,143725,3080540,32036
2022-06-23,Madera,039,155013,39472,39319,6735,46054,372
2022-06-23,Marin,041,260295,40309,39979,4561,44540,297
2022-06-23,Mariposa,043,17540,2752,2713,265,2978,30
2022-06-23,Mendocino,045,87422,14376,14292,3731,18023,127
2022-06-23,Merced,047,269075,65872,65408,9662,75070,828
2022-06-23,Modoc,049,8938,781,777,272,1049,8
2022-06-23,Mono,051,14174,3079,3076,182,3258,7
2022-06-23,Monterey,053,433212,85706,85275,16863,102138,743
2022-06-23,Napa,055,140530,29280,29054,1263,30317,144
2022-06-23,Nevada,057,99092,17438,17339,1460,18799,129
2022-06-23,Orange,059,3164182,598570,595761,49110,644871,7090
2022-06-23,Placer,061,380077,69241,68785,8389,77174,628
2022-06-23,Plumas,063,18699,3274,3241,395,3636,13
2022-06-23,Riverside,065,2383286,628564,625794,30371,656165,6493
2022-06-23,Sacramento,067,1510023,312674,310837,30383,341220,3077
2022-06-23,San Benito,069,59416,14271,14192,705,14897,99
2022-06-23,San Bernardino,071,2135413,606848,598062,26607,624669,7803
2022-06-23,San Diego,073,3302833,827677,822848,61146,883994,5332
2022-06-23,San Francisco,075,870044,157039,155609,10328,165937,899
2022-06-23,San Joaquin,077,732212,179402,178447,11740,190187,2252
2022-06-23,San Luis Obispo,079,281455,57750,57472,5454,62926,485
2022-06-23,San Mateo,081,765935,148343,146955,9382,156337,723
2022-06-23,Santa Barbara,083,443738,94528,94017,5511,99528,699
2022-06-23,Santa Clara,085,1922200,377075,373961,16292,390253,2338
2022-06-23,Santa Cruz,087,273765,55413,54874,2721,57595,265
2022-06-23,Shasta,089,179085,32108,31921,6441,38362,570
2022-06-23,Sierra,091,2930,284,283,57,340,4
2022-06-23,Siskiyou,093,43540,4775,4744,2978,7722,81
2022-06-23,Solano,095,438530,93693,92248,6640,98888,455
2022-06-23,Sonoma,097,501317,96719,95981,4278,100259,493
2022-06-23,Stanislaus,099,539301,125116,124493,19196,143689,1672
2022-06-23,Sutter,101,95872,21766,21733,2321,24054,227
2022-06-23,Tehama,103,63373,12559,12510,2722,15232,205
2022-06-23,Trinity,105,12862,1247,1233,297,1530,20
2022-06-23,Tulare,107,460477,111409,111188,30097,141285,1496
2022-06-23,Tuolumne,109,53932,13815,13688,690,14378,189
2022-06-23,Ventura,111,848112,188420,187389,11751,199140,1514
2022-06-23,Yolo,113,214977,43313,41932,3619,45551,323
2022-06-23,Yuba,115,75493,17046,16994,1437,18431,124
2022-06-22,Alameda,001,1643700,303915,299567,16948,316515,1888
2022-06-22,Alpine,003,1148,129,129,1,130,0
2022-06-22,Amador,005,37829,9206,9049,762,9811,87
2022-06-22,Butte,007,227075,35694,35203,7784,42987,433
2022-06-22,Calaveras,009,45235,7770,7716,412,8128,122
2022-06-22,Colusa,011,21464,3541,3529,1117,4646,21
2022-06-22,Contra Costa,013,1133247,221517,216355,16841,233196,1328
2022-06-22,Del Norte,015,27424,6490,6367,288,6655,52
2022-06-22,El Dorado,017,186661,29511,29139,3688,32827,215
2022-06-22,Fresno,019,978130,246079,244129,25939,270068,2772
2022-06-22,Glenn,021,27897,5200,5161,1709,6870,48
2022-06-22,Humboldt,023,135768,19354,19111,3941,23052,148
2022-06-22,Imperial,025,180216,58391,57866,11430,69296,944
2022-06-22,Inyo,027,18085,4241,4222,634,4856,56
2022-06-22,Kern,029,883053,201341,199721,50095,249816,2341
2022-06-22,Kings,031,150075,53854,53568,3632,57200,448
2022-06-22,Lake,033,64148,11517,11426,1001,12427,140
2022-06-22,Lassen,035,31185,9292,9259,924,10183,64
2022-06-22,Los Angeles,037,10098052,2952749,2925667,143269,3068936,32015
2022-06-22,Madera,039,155013,39415,39139,6716,45855,372
2022-06-22,Marin,041,260295,40206,39687,4555,44242,297
2022-06-22,Mariposa,043,17540,2746,2695,262,2957,30
2022-06-22,Mendocino,045,87422,14360,14201,3710,17911,127
2022-06-22,Merced,047,269075,65776,65120,9638,74758,827
2022-06-22,Modoc,049,8938,780,773,268,1041,8
2022-06-22,Mono,051,14174,3078,3073,180,3253,7
2022-06-22,Monterey,053,433212,85579,84752,16820,101572,742
2022-06-22,Napa,055,140530,29209,28894,1259,30153,144
2022-06-22,Nevada,057,99092,17419,17280,1450,18730,129
2022-06-22,Orange,059,3164182,597382,592215,48922,641137,7084
2022-06-22,Placer,061,380077,69125,68447,8379,76826,628
2022-06-22,Plumas,063,18699,3264,3220,395,3615,13
2022-06-22,Riverside,065,2383286,627716,623584,30315,653899,6491
2022-06-22,Sacramento,067,1510023,312049,309105,30347,339452,3071
2022-06-22,San Benito,069,59416,14246,14128,702,14830,99
2022-06-22,San Bernardino,071,2135413,606044,595517,26577,622094,7774
2022-06-22,San Diego,073,3302833,826067,815124,60960,876084,5318
2022-06-22,San Francisco,075,870044,156561,154213,10299,164512,897
2022-06-22,San Joaquin,077,732212,179144,177637,11715,189352,2251
2022-06-22,San Luis Obispo,079,281455,57660,57177,5419,62596,485
2022-06-22,San Mateo,081,765935,147934,145781,9359,155140,723
2022-06-22,Santa Barbara,083,443738,94381,93576,5497,99073,700
2022-06-22,Santa Clara,085,1922200,375985,370678,16182,386860,2340
2022-06-22,Santa Cruz,087,273765,55294,54525,2708,57233,265
2022-06-22,Shasta,089,179085,32063,31786,6426,38212,570
2022-06-22,Sierra,091,2930,284,283,57,340,4
2022-06-22,Siskiyou,093,43540,4768,4711,2975,7686,81
2022-06-22,Solano,095,438530,93444,91528,6575,98103,454
2022-06-22,Sonoma,097,501317,96507,95363,4257,99620,493
2022-06-22,Stanislaus,099,539301,124920,124023,19139,143162,1670
2022-06-22,Sutter,101,95872,21734,21649,2320,23969,227
2022-06-22,Tehama,103,63373,12549,12465,2720,15185,205
2022-06-22,Trinity,105,12862,1245,1223,297,1520,20
2022-06-22,Tulare,107,460477,111275,110768,30017,140785,1496
2022-06-22,Tuolumne,109,53932,13796,13596,684,14280,189
2022-06-22,Ventura,111,848112,188115,186601,11699,198300,1514
2022-06-22,Yolo,113,214977,43191,41689,3608,45297,323
2022-06-22,Yuba,115,75493,17026,16912,1433,18345,124
2022-06-21,Alameda,001,1643700,303118,299567,16913,316480,1888
2022-06-21,Alpine,003,1148,129,129,1,130,0
2022-06-21,Amador,005,37829,9199,9049,759,9808,87
2022-06-21,Butte,007,227075,35621,35203,7773,42976,433
2022-06-21,Calaveras,009,45235,7761,7716,411,8127,122
2022-06-21,Colusa,011,21464,3538,3529,1115,4644,21
2022-06-21,Contra Costa,013,1133247,220954,216355,16792,233147,1328
2022-06-21,Del Norte,015,27424,6459,6367,286,6653,52
2022-06-21,El Dorado,017,186661,29437,29139,3681,32820,215
2022-06-21,Fresno,019,978130,245644,244129,25873,270002,2772
2022-06-21,Glenn,021,27897,5193,5161,1707,6868,48
2022-06-21,Humboldt,023,135768,19302,19111,3928,23039,148
2022-06-21,Imperial,025,180216,58296,57866,11394,69260,944
2022-06-21,Inyo,027,18085,4236,4222,628,4850,56
2022-06-21,Kern,029,883053,201020,199721,49915,249636,2341
2022-06-21,Kings,031,150075,53780,53568,3631,57199,448
2022-06-21,Lake,033,64148,11494,11426,998,12424,140
2022-06-21,Lassen,035,31185,9282,9259,921,10180,64
2022-06-21,Los Angeles,037,10098052,2947943,2925667,142760,3068427,32015
2022-06-21,Madera,039,155013,39331,39139,6705,45844,372
2022-06-21,Marin,041,260295,40116,39687,4543,44230,297
2022-06-21,Mariposa,043,17540,2740,2695,261,2956,30
2022-06-21,Mendocino,045,87422,14331,14201,3701,17902,127
2022-06-21,Merced,047,269075,65676,65120,9606,74726,827
2022-06-21,Modoc,049,8938,777,773,267,1040,8
2022-06-21,Mono,051,14174,3076,3073,179,3252,7
2022-06-21,Monterey,053,433212,85423,84752,16778,101530,742
2022-06-21,Napa,055,140530,29156,28894,1258,30152,144
2022-06-21,Nevada,057,99092,17391,17280,1447,18727,129
2022-06-21,Orange,059,3164182,596187,592215,48783,640998,7084
2022-06-21,Placer,061,380077,68998,68447,8368,76815,628
2022-06-21,Plumas,063,18699,3255,3220,394,3614,13
2022-06-21,Riverside,065,2383286,626755,623584,30256,653840,6491
2022-06-21,Sacramento,067,1510023,311353,309105,30302,339407,3071
2022-06-21,San Benito,069,59416,14210,14128,698,14826,99
2022-06-21,San Bernardino,071,2135413,605217,595517,26530,622047,7774
2022-06-21,San Diego,073,3302833,824380,815124,60753,875877,5318
2022-06-21,San Francisco,075,870044,156082,154213,10268,164481,897
2022-06-21,San Joaquin,077,732212,178825,177637,11686,189323,2251
2022-06-21,San Luis Obispo,079,281455,57549,57177,5374,62551,485
2022-06-21,San Mateo,081,765935,147446,145781,9338,155119,723
2022-06-21,Santa Barbara,083,443738,94214,93576,5483,99059,700
2022-06-21,Santa Clara,085,1922200,374826,370678,16134,386812,2340
2022-06-21,Santa Cruz,087,273765,55164,54525,2700,57225,265
2022-06-21,Shasta,089,179085,32017,31786,6408,38194,570
2022-06-21,Sierra,091,2930,284,283,57,340,4
2022-06-21,Siskiyou,093,43540,4760,4711,2967,7678,81
2022-06-21,Solano,095,438530,93184,91528,6557,98085,454
2022-06-21,Sonoma,097,501317,96271,95363,4233,99596,493
2022-06-21,Stanislaus,099,539301,124727,124023,19109,143132,1670
2022-06-21,Sutter,101,95872,21710,21649,2318,23967,227
2022-06-21,Tehama,103,63373,12535,12465,2720,15185,205
2022-06-21,Trinity,105,12862,1239,1223,297,1520,20
2022-06-21,Tulare,107,460477,111134,110768,29957,140725,1496
2022-06-21,Tuolumne,109,53932,13772,13596,678,14274,189
2022-06-21,Ventura,111,848112,187791,186601,11644,198245,1514
2022-06-21,Yolo,113,214977,43059,41689,3597,45286,323
2022-06-21,Yuba,115,75493,16997,16912,1432,18344,124
2022-06-20,Alameda,001,1643700,302218,299567,16855,316422,1888
2022-06-20,Alpine,003,1148,129,129,1,130,0
2022-06-20,Amador,005,37829,9189,9049,757,9806,87
2022-06-20,Butte,007,227075,35552,35203,7758,42961,433
2022-06-20,Calaveras,009,45235,7754,7716,411,8127,122
2022-06-20,Colusa,011,21464,3537,3529,1114,4643,21
2022-06-20,Contra Costa,013,1133247,220355,216355,16725,233080,1328
2022-06-20,Del Norte,015,27424,6447,6367,282,6649,52
2022-06-20,El Dorado,017,186661,29366,29139,3663,32802,215
2022-06-20,Fresno,019,978130,245158,244129,25808,269937,2772
2022-06-20,Glenn,021,27897,5188,5161,1704,6865,48
2022-06-20,Humboldt,023,135768,19254,19111,3911,23022,148
2022-06-20,Imperial,025,180216,58163,57866,11361,69227,944
2022-06-20,Inyo,027,18085,4232,4222,623,4845,56
2022-06-20,Kern,029,883053,200723,199721,49766,249487,2341
2022-06-20,Kings,031,150075,53699,53568,3629,57197,448
2022-06-20,Lake,033,64148,11473,11426,996,12422,140
2022-06-20,Lassen,035,31185,9277,9259,920,10179,64
2022-06-20,Los Angeles,037,10098052,2942538,2925667,142284,3067951,32015
2022-06-20,Madera,039,155013,39269,39139,6687,45826,372
2022-06-20,Marin,041,260295,40014,39687,4520,44207,297
2022-06-20,Mariposa,043,17540,2726,2695,261,2956,30
2022-06-20,Mendocino,045,87422,14302,14201,3696,17897,127
2022-06-20,Merced,047,269075,65582,65120,9580,74700,827
2022-06-20,Modoc,049,8938,776,773,266,1039,8
2022-06-20,Mono,051,14174,3076,3073,176,3249,7
2022-06-20,Monterey,053,433212,85273,84752,16713,101465,742
2022-06-20,Napa,055,140530,29083,28894,1255,30149,144
2022-06-20,Nevada,057,99092,17366,17280,1438,18718,129
2022-06-20,Orange,059,3164182,594924,592215,48628,640843,7084
2022-06-20,Placer,061,380077,68881,68447,8356,76803,628
2022-06-20,Plumas,063,18699,3249,3220,394,3614,13
2022-06-20,Riverside,065,2383286,625816,623584,30188,653772,6491
2022-06-20,Sacramento,067,1510023,310649,309105,30230,339335,3071
2022-06-20,San Benito,069,59416,14164,14128,692,14820,99
2022-06-20,San Bernardino,071,2135413,604312,595517,26492,622009,7774
2022-06-20,San Diego,073,3302833,822389,815124,60497,875621,5318
2022-06-20,San Francisco,075,870044,155467,154213,10229,164442,897
2022-06-20,San Joaquin,077,732212,178498,177637,11642,189279,2251
2022-06-20,San Luis Obispo,079,281455,57445,57177,5326,62503,485
2022-06-20,San Mateo,081,765935,146940,145781,9313,155094,723
2022-06-20,Santa Barbara,083,443738,94030,93576,5458,99034,700
2022-06-20,Santa Clara,085,1922200,373616,370678,16072,386750,2340
2022-06-20,Santa Cruz,087,273765,54991,54525,2693,57218,265
2022-06-20,Shasta,089,179085,31960,31786,6396,38182,570
2022-06-20,Sierra,091,2930,284,283,56,339,4
2022-06-20,Siskiyou,093,43540,4747,4711,2955,7666,81
2022-06-20,Solano,095,438530,92855,91528,6537,98065,454
2022-06-20,Sonoma,097,501317,96032,95363,4207,99570,493
2022-06-20,Stanislaus,099,539301,124542,124023,19081,143104,1670
2022-06-20,Sutter,101,95872,21679,21649,2299,23948,227
2022-06-20,Tehama,103,63373,12520,12465,2717,15182,205
2022-06-20,Trinity,105,12862,1234,1223,297,1520,20
2022-06-20,Tulare,107,460477,110991,110768,29892,140660,1496
2022-06-20,Tuolumne,109,53932,13735,13596,678,14274,189
2022-06-20,Ventura,111,848112,187453,186601,11604,198205,1514
2022-06-20,Yolo,113,214977,42898,41689,3579,45268,323
2022-06-20,Yuba,115,75493,16972,16912,1426,18338,124
2022-06-19,Alameda,001,1643700,301290,296062,16824,312886,1883
2022-06-19,Alpine,003,1148,129,129,1,130,0
2022-06-19,Amador,005,37829,9139,8985,744,9729,87
2022-06-19,Butte,007,227075,35491,34920,7735,42655,432
2022-06-19,Calaveras,009,45235,7736,7664,410,8074,122
2022-06-19,Colusa,011,21464,3532,3519,1110,4629,21
2022-06-19,Contra Costa,013,1133247,219671,213994,16657,230651,1323
2022-06-19,Del Norte,015,27424,6430,6307,279,6586,52
2022-06-19,El Dorado,017,186661,29284,28904,3647,32551,215
2022-06-19,Fresno,019,978130,244711,242214,25739,267953,2768
2022-06-19,Glenn,021,27897,5179,5131,1702,6833,48
2022-06-19,Humboldt,023,135768,19209,18885,3886,22771,148
2022-06-19,Imperial,025,180216,58039,57450,11328,68778,944
2022-06-19,Inyo,027,18085,4231,4209,622,4831,56
2022-06-19,Kern,029,883053,200360,198567,49596,248163,2340
2022-06-19,Kings,031,150075,53604,53242,3626,56868,448
2022-06-19,Lake,033,64148,11459,11318,995,12313,140
2022-06-19,Lassen,035,31185,9264,9225,920,10145,64
2022-06-19,Los Angeles,037,10098052,2937648,2909197,141730,3050927,31999
2022-06-19,Madera,039,155013,39177,38859,6666,45525,372
2022-06-19,Marin,041,260295,39886,39214,4510,43724,294
2022-06-19,Mariposa,043,17540,2719,2662,260,2922,30
2022-06-19,Mendocino,045,87422,14275,14090,3683,17773,127
2022-06-19,Merced,047,269075,65482,64734,9550,74284,827
2022-06-19,Modoc,049,8938,773,771,265,1036,8
2022-06-19,Mono,051,14174,3074,3066,175,3241,6
2022-06-19,Monterey,053,433212,85125,84032,16667,100699,744
2022-06-19,Napa,055,140530,29023,28619,1251,29870,144
2022-06-19,Nevada,057,99092,17336,17134,1430,18564,129
2022-06-19,Orange,059,3164182,593671,587176,48438,635614,7074
2022-06-19,Placer,061,380077,68763,67961,8335,76296,628
2022-06-19,Plumas,063,18699,3241,3201,394,3595,13
2022-06-19,Riverside,065,2383286,624943,619760,30139,649899,6488
2022-06-19,Sacramento,067,1510023,309921,306215,30173,336388,3072
2022-06-19,San Benito,069,59416,14145,13985,690,14675,99
2022-06-19,San Bernardino,071,2135413,603490,591926,26455,618381,7765
2022-06-19,San Diego,073,3302833,820851,815124,60376,875500,5318
2022-06-19,San Francisco,075,870044,154947,151898,10190,162088,897
2022-06-19,San Joaquin,077,732212,178176,176323,11603,187926,2251
2022-06-19,San Luis Obispo,079,281455,57307,56767,5269,62036,485
2022-06-19,San Mateo,081,765935,146486,143879,9279,153158,723
2022-06-19,Santa Barbara,083,443738,93860,92906,5442,98348,699
2022-06-19,Santa Clara,085,1922200,372444,365638,16011,381649,2328
2022-06-19,Santa Cruz,087,273765,54828,53866,2674,56540,264
2022-06-19,Shasta,089,179085,31901,31647,6385,38032,568
2022-06-19,Sierra,091,2930,284,281,56,337,4
2022-06-19,Siskiyou,093,43540,4735,4672,2949,7621,81
2022-06-19,Solano,095,438530,92601,90548,6523,97071,454
2022-06-19,Sonoma,097,501317,95788,94318,4186,98504,493
2022-06-19,Stanislaus,099,539301,124356,123264,19033,142297,1668
2022-06-19,Sutter,101,95872,21644,21501,2291,23792,227
2022-06-19,Tehama,103,63373,12511,12410,2711,15121,205
2022-06-19,Trinity,105,12862,1231,1220,297,1517,20
2022-06-19,Tulare,107,460477,110808,110041,29836,139877,1496
2022-06-19,Tuolumne,109,53932,13708,13487,678,14165,189
2022-06-19,Ventura,111,848112,187100,185219,11559,196778,1513
2022-06-19,Yolo,113,214977,42809,41135,3566,44701,323
2022-06-19,Yuba,115,75493,16941,16786,1423,18209,124
2022-06-18,Alameda,001,1643700,300825,296062,16803,312865,1883
2022-06-18,Alpine,003,1148,129,129,1,130,0
2022-06-18,Amador,005,37829,9132,8985,740,9725,87
2022-06-18,Butte,007,227075,35440,34920,7724,42644,432
2022-06-18,Calaveras,009,45235,7724,7664,410,8074,122
2022-06-18,Colusa,011,21464,3529,3519,1110,4629,21
2022-06-18,Contra Costa,013,1133247,219359,213994,16628,230622,1323
2022-06-18,Del Norte,015,27424,6424,6307,278,6585,52
2022-06-18,El Dorado,017,186661,29255,28904,3644,32548,215
2022-06-18,Fresno,019,978130,244508,242214,25722,267936,2768
2022-06-18,Glenn,021,27897,5176,5131,1701,6832,48
2022-06-18,Humboldt,023,135768,19180,18885,3879,22764,148
2022-06-18,Imperial,025,180216,57969,57450,11315,68765,944
2022-06-18,Inyo,027,18085,4230,4209,621,4830,56
2022-06-18,Kern,029,883053,200237,198567,49509,248076,2340
2022-06-18,Kings,031,150075,53568,53242,3625,56867,448
2022-06-18,Lake,033,64148,11448,11318,993,12311,140
2022-06-18,Lassen,035,31185,9260,9225,920,10145,64
2022-06-18,Los Angeles,037,10098052,2935215,2909197,141439,3050636,31999
2022-06-18,Madera,039,155013,39154,38859,6660,45519,372
2022-06-18,Marin,041,260295,39822,39214,4500,43714,294
2022-06-18,Mariposa,043,17540,2714,2662,260,2922,30
2022-06-18,Mendocino,045,87422,14253,14090,3680,17770,127
2022-06-18,Merced,047,269075,65419,64734,9540,74274,827
2022-06-18,Modoc,049,8938,773,771,265,1036,8
2022-06-18,Mono,051,14174,3073,3066,175,3241,6
2022-06-18,Monterey,053,433212,85033,84032,16639,100671,744
2022-06-18,Napa,055,140530,28998,28619,1250,29869,144
2022-06-18,Nevada,057,99092,17324,17134,1429,18563,129
2022-06-18,Orange,059,3164182,593052,587176,48327,635503,7074
2022-06-18,Placer,061,380077,68698,67961,8322,76283,628
2022-06-18,Plumas,063,18699,3233,3201,394,3595,13
2022-06-18,Riverside,065,2383286,624409,619760,30124,649884,6488
2022-06-18,Sacramento,067,1510023,309605,306215,30151,336366,3072
2022-06-18,San Benito,069,59416,14130,13985,683,14668,99
2022-06-18,San Bernardino,071,2135413,603059,591926,26433,618359,7765
2022-06-18,San Diego,073,3302833,820132,815124,60315,875439,5318
2022-06-18,San Francisco,075,870044,154614,151898,10172,162070,897
2022-06-18,San Joaquin,077,732212,178013,176323,11595,187918,2251
2022-06-18,San Luis Obispo,079,281455,57262,56767,5260,62027,485
2022-06-18,San Mateo,081,765935,146217,143879,9256,153135,723
2022-06-18,Santa Barbara,083,443738,93749,92906,5432,98338,699
2022-06-18,Santa Clara,085,1922200,371686,365638,15966,381604,2328
2022-06-18,Santa Cruz,087,273765,54752,53866,2664,56530,264
2022-06-18,Shasta,089,179085,31880,31647,6382,38029,568
2022-06-18,Sierra,091,2930,284,281,56,337,4
2022-06-18,Siskiyou,093,43540,4727,4672,2945,7617,81
2022-06-18,Solano,095,438530,92518,90548,6514,97062,454
2022-06-18,Sonoma,097,501317,95651,94318,4168,98486,493
2022-06-18,Stanislaus,099,539301,124248,123264,19012,142276,1668
2022-06-18,Sutter,101,95872,21623,21501,2288,23789,227
2022-06-18,Tehama,103,63373,12502,12410,2707,15117,205
2022-06-18,Trinity,105,12862,1230,1220,297,1517,20
2022-06-18,Tulare,107,460477,110727,110041,29795,139836,1496
2022-06-18,Tuolumne,109,53932,13686,13487,675,14162,189
2022-06-18,Ventura,111,848112,186925,185219,11535,196754,1513
2022-06-18,Yolo,113,214977,42740,41135,3561,44696,323
2022-06-18,Yuba,115,75493,16928,16786,1423,18209,124
2022-06-17,Alameda,001,1643700,300355,296062,16789,312851,1883
2022-06-17,Alpine,003,1148,129,129,1,130,0
2022-06-17,Amador,005,37829,9123,8985,740,9725,87
2022-06-17,Butte,007,227075,35409,34920,7714,42634,432
2022-06-17,Calaveras,009,45235,7716,7664,410,8074,122
2022-06-17,Colusa,011,21464,3528,3519,1105,4624,21
2022-06-17,Contra Costa,013,1133247,219060,213994,16602,230596,1323
2022-06-17,Del Norte,015,27424,6410,6307,278,6585,52
2022-06-17,El Dorado,017,186661,29224,28904,3640,32544,215
2022-06-17,Fresno,019,978130,244265,242214,25696,267910,2768
2022-06-17,Glenn,021,27897,5175,5131,1695,6826,48
2022-06-17,Humboldt,023,135768,19153,18885,3875,22760,148
2022-06-17,Imperial,025,180216,57916,57450,11303,68753,944
2022-06-17,Inyo,027,18085,4226,4209,615,4824,56
2022-06-17,Kern,029,883053,200083,198567,49468,248035,2340
2022-06-17,Kings,031,150075,53541,53242,3624,56866,448
2022-06-17,Lake,033,64148,11440,11318,992,12310,140
2022-06-17,Lassen,035,31185,9259,9225,919,10144,64
2022-06-17,Los Angeles,037,10098052,2932370,2909197,141141,3050338,31999
2022-06-17,Madera,039,155013,39129,38859,6654,45513,372
2022-06-17,Marin,041,260295,39727,39214,4488,43702,294
2022-06-17,Mariposa,043,17540,2710,2662,260,2922,30
2022-06-17,Mendocino,045,87422,14237,14090,3676,17766,127
2022-06-17,Merced,047,269075,65361,64734,9536,74270,827
2022-06-17,Modoc,049,8938,773,771,265,1036,8
2022-06-17,Mono,051,14174,3073,3066,175,3241,6
2022-06-17,Monterey,053,433212,84943,84032,16609,100641,744
2022-06-17,Napa,055,140530,28959,28619,1247,29866,144
2022-06-17,Nevada,057,99092,17306,17134,1424,18558,129
2022-06-17,Orange,059,3164182,592375,587176,48194,635370,7074
2022-06-17,Placer,061,380077,68638,67961,8311,76272,628
2022-06-17,Plumas,063,18699,3232,3201,393,3594,13
2022-06-17,Riverside,065,2383286,623857,619760,30088,649848,6488
2022-06-17,Sacramento,067,1510023,309215,306215,30131,336346,3072
2022-06-17,San Benito,069,59416,14118,13985,683,14668,99
2022-06-17,San Bernardino,071,2135413,602621,591926,26402,618328,7765
2022-06-17,San Diego,073,3302833,819167,815124,60208,875332,5318
2022-06-17,San Francisco,075,870044,154298,151898,10137,162035,897
2022-06-17,San Joaquin,077,732212,177864,176323,11585,187908,2251
2022-06-17,San Luis Obispo,079,281455,57225,56767,5254,62021,485
2022-06-17,San Mateo,081,765935,145914,143879,9237,153116,723
2022-06-17,Santa Barbara,083,443738,93644,92906,5420,98326,699
2022-06-17,Santa Clara,085,1922200,370859,365638,15933,381571,2328
2022-06-17,Santa Cruz,087,273765,54686,53866,2659,56525,264
2022-06-17,Shasta,089,179085,31854,31647,6374,38021,568
2022-06-17,Sierra,091,2930,284,281,56,337,4
2022-06-17,Siskiyou,093,43540,4720,4672,2945,7617,81
2022-06-17,Solano,095,438530,92373,90548,6503,97051,454
2022-06-17,Sonoma,097,501317,95485,94318,4151,98469,493
2022-06-17,Stanislaus,099,539301,124150,123264,19003,142267,1668
2022-06-17,Sutter,101,95872,21601,21501,2282,23783,227
2022-06-17,Tehama,103,63373,12487,12410,2704,15114,205
2022-06-17,Trinity,105,12862,1230,1220,297,1517,20
2022-06-17,Tulare,107,460477,110645,110041,29758,139799,1496
2022-06-17,Tuolumne,109,53932,13673,13487,674,14161,189
2022-06-17,Ventura,111,848112,186745,185219,11514,196733,1513
2022-06-17,Yolo,113,214977,42657,41135,3548,44683,323
2022-06-17,Yuba,115,75493,16921,16786,1420,18206,124
2022-06-16,Alameda,001,1643700,299573,296062,16738,312800,1883
2022-06-16,Alpine,003,1148,129,129,1,130,0
2022-06-16,Amador,005,37829,9116,8985,735,9720,87
2022-06-16,Butte,007,227075,35334,34920,7698,42618,432
2022-06-16,Calaveras,009,45235,7704,7664,409,8073,122
2022-06-16,Colusa,011,21464,3526,3519,1104,4623,21
2022-06-16,Contra Costa,013,1133247,218594,213994,16551,230545,1323
2022-06-16,Del Norte,015,27424,6396,6307,277,6584,52
2022-06-16,El Dorado,017,186661,29172,28904,3628,32532,215
2022-06-16,Fresno,019,978130,243895,242214,25634,267848,2768
2022-06-16,Glenn,021,27897,5167,5131,1691,6822,48
2022-06-16,Humboldt,023,135768,19123,18885,3861,22746,148
2022-06-16,Imperial,025,180216,57816,57450,11274,68724,944
2022-06-16,Inyo,027,18085,4225,4209,612,4821,56
2022-06-16,Kern,029,883053,199872,198567,49353,247920,2340
2022-06-16,Kings,031,150075,53474,53242,3620,56862,448
2022-06-16,Lake,033,64148,11424,11318,992,12310,140
2022-06-16,Lassen,035,31185,9252,9225,919,10144,64
2022-06-16,Los Angeles,037,10098052,2928379,2909197,140786,3049983,31999
2022-06-16,Madera,039,155013,39098,38859,6644,45503,372
2022-06-16,Marin,041,260295,39628,39214,4475,43689,294
2022-06-16,Mariposa,043,17540,2702,2662,258,2920,30
2022-06-16,Mendocino,045,87422,14208,14090,3666,17756,127
2022-06-16,Merced,047,269075,65283,64734,9517,74251,827
2022-06-16,Modoc,049,8938,773,771,265,1036,8
2022-06-16,Mono,051,14174,3072,3066,174,3240,6
2022-06-16,Monterey,053,433212,84793,84032,16554,100586,744
2022-06-16,Napa,055,140530,28915,28619,1244,29863,144
2022-06-16,Nevada,057,99092,17283,17134,1419,18553,129
2022-06-16,Orange,059,3164182,591352,587176,48060,635236,7074
2022-06-16,Placer,061,380077,68553,67961,8289,76250,628
2022-06-16,Plumas,063,18699,3225,3201,392,3593,13
2022-06-16,Riverside,065,2383286,623109,619760,30044,649804,6488
2022-06-16,Sacramento,067,1510023,308634,306215,30098,336313,3072
2022-06-16,San Benito,069,59416,14094,13985,680,14665,99
2022-06-16,San Bernardino,071,2135413,601965,591926,26364,618290,7765
2022-06-16,San Diego,073,3302833,817642,815124,60044,875168,5318
2022-06-16,San Francisco,075,870044,153851,151898,10097,161995,897
2022-06-16,San Joaquin,077,732212,177612,176323,11569,187892,2251
2022-06-16,San Luis Obispo,079,281455,57147,56767,5234,62001,485
2022-06-16,San Mateo,081,765935,145549,143879,9221,153100,723
2022-06-16,Santa Barbara,083,443738,93495,92906,5406,98312,699
2022-06-16,Santa Clara,085,1922200,369914,365638,15884,381522,2328
2022-06-16,Santa Cruz,087,273765,54553,53866,2647,56513,264
2022-06-16,Shasta,089,179085,31824,31647,6363,38010,568
2022-06-16,Sierra,091,2930,283,281,56,337,4
2022-06-16,Siskiyou,093,43540,4711,4672,2936,7608,81
2022-06-16,Solano,095,438530,92180,90548,6491,97039,454
2022-06-16,Sonoma,097,501317,95299,94318,4134,98452,493
2022-06-16,Stanislaus,099,539301,123990,123264,18986,142250,1668
2022-06-16,Sutter,101,95872,21576,21501,2280,23781,227
2022-06-16,Tehama,103,63373,12468,12410,2702,15112,205
2022-06-16,Trinity,105,12862,1228,1220,294,1514,20
2022-06-16,Tulare,107,460477,110515,110041,29715,139756,1496
2022-06-16,Tuolumne,109,53932,13649,13487,670,14157,189
2022-06-16,Ventura,111,848112,186474,185219,11469,196688,1513
2022-06-16,Yolo,113,214977,42566,41135,3537,44672,323
2022-06-16,Yuba,115,75493,16897,16786,1416,18202,124
2022-06-15,Alameda,001,1643700,298792,295002,16710,311712,1880
2022-06-15,Alpine,003,1148,129,129,1,130,0
2022-06-15,Amador,005,37829,9108,8972,735,9707,87
2022-06-15,Butte,007,227075,35271,34841,7679,42520,430
2022-06-15,Calaveras,009,45235,7701,7648,407,8055,122
2022-06-15,Colusa,011,21464,3522,3515,1102,4617,21
2022-06-15,Contra Costa,013,1133247,218134,213219,16506,229725,1321
2022-06-15,Del Norte,015,27424,6385,6298,276,6574,52
2022-06-15,El Dorado,017,186661,29118,28829,3616,32445,215
2022-06-15,Fresno,019,978130,243532,241768,25588,267356,2767
2022-06-15,Glenn,021,27897,5162,5128,1683,6811,48
2022-06-15,Humboldt,023,135768,19085,18836,3836,22672,148
2022-06-15,Imperial,025,180216,57733,57373,11251,68624,941
2022-06-15,Inyo,027,18085,4223,4205,611,4816,56
2022-06-15,Kern,029,883053,199607,198216,49246,247462,2338
2022-06-15,Kings,031,150075,53420,53170,3618,56788,448
2022-06-15,Lake,033,64148,11404,11303,987,12290,140
2022-06-15,Lassen,035,31185,9248,9209,918,10127,64
2022-06-15,Los Angeles,037,10098052,2924079,2897298,140428,3037726,31971
2022-06-15,Madera,039,155013,39054,38776,6627,45403,372
2022-06-15,Marin,041,260295,39539,39027,4468,43495,294
2022-06-15,Mariposa,043,17540,2698,2651,256,2907,30
2022-06-15,Mendocino,045,87422,14176,14052,3656,17708,127
2022-06-15,Merced,047,269075,65202,64595,9505,74100,825
2022-06-15,Modoc,049,8938,772,772,265,1037,8
2022-06-15,Mono,051,14174,3072,3060,173,3233,6
2022-06-15,Monterey,053,433212,84652,83837,16514,100351,741
2022-06-15,Napa,055,140530,28855,28518,1235,29753,144
2022-06-15,Nevada,057,99092,17258,17107,1415,18522,127
2022-06-15,Orange,059,3164182,590324,585496,47891,633387,7067
2022-06-15,Placer,061,380077,68430,67805,8273,76078,628
2022-06-15,Plumas,063,18699,3220,3185,390,3575,13
2022-06-15,Riverside,065,2383286,622385,618584,29992,648576,6482
2022-06-15,Sacramento,067,1510023,308040,305361,30051,335412,3059
2022-06-15,San Benito,069,59416,14054,13953,673,14626,99
2022-06-15,San Bernardino,071,2135413,601315,590328,26324,616652,7735
2022-06-15,San Diego,073,3302833,816090,811093,59873,870966,5316
2022-06-15,San Francisco,075,870044,153421,151170,10072,161242,890
2022-06-15,San Joaquin,077,732212,177368,175966,11538,187504,2244
2022-06-15,San Luis Obispo,079,281455,57061,56535,5197,61732,486
2022-06-15,San Mateo,081,765935,145152,143277,9205,152482,722
2022-06-15,Santa Barbara,083,443738,93362,92710,5399,98109,698
2022-06-15,Santa Clara,085,1922200,368911,364014,15848,379862,2323
2022-06-15,Santa Cruz,087,273765,54438,53718,2642,56360,265
2022-06-15,Shasta,089,179085,31784,31598,6356,37954,568
2022-06-15,Sierra,091,2930,281,280,56,336,4
2022-06-15,Siskiyou,093,43540,4700,4656,2926,7582,81
2022-06-15,Solano,095,438530,91950,90265,6481,96746,453
2022-06-15,Sonoma,097,501317,95106,94041,4122,98163,492
2022-06-15,Stanislaus,099,539301,123846,122944,18961,141905,1668
2022-06-15,Sutter,101,95872,21549,21448,2275,23723,227
2022-06-15,Tehama,103,63373,12460,12392,2696,15088,205
2022-06-15,Trinity,105,12862,1227,1217,292,1509,20
2022-06-15,Tulare,107,460477,110409,109930,29678,139608,1495
2022-06-15,Tuolumne,109,53932,13638,13459,670,14129,189
2022-06-15,Ventura,111,848112,186200,184750,11420,196170,1509
2022-06-15,Yolo,113,214977,42460,40756,3522,44278,322
2022-06-15,Yuba,115,75493,16872,16754,1411,18165,124
2022-06-14,Alameda,001,1643700,298098,295002,16666,311668,1880
2022-06-14,Alpine,003,1148,129,129,1,130,0
2022-06-14,Amador,005,37829,9092,8972,730,9702,87
2022-06-14,Butte,007,227075,35216,34841,7663,42504,430
2022-06-14,Calaveras,009,45235,7691,7648,406,8054,122
2022-06-14,Colusa,011,21464,3520,3515,1101,4616,21
2022-06-14,Contra Costa,013,1133247,217601,213219,16447,229666,1321
2022-06-14,Del Norte,015,27424,6377,6298,273,6571,52
2022-06-14,El Dorado,017,186661,29066,28829,3608,32437,215
2022-06-14,Fresno,019,978130,243141,241768,25526,267294,2767
2022-06-14,Glenn,021,27897,5153,5128,1680,6808,48
2022-06-14,Humboldt,023,135768,19035,18836,3819,22655,148
2022-06-14,Imperial,025,180216,57659,57373,11221,68594,941
2022-06-14,Inyo,027,18085,4218,4205,610,4815,56
2022-06-14,Kern,029,883053,199348,198216,49130,247346,2338
2022-06-14,Kings,031,150075,53350,53170,3616,56786,448
2022-06-14,Lake,033,64148,11378,11303,986,12289,140
2022-06-14,Lassen,035,31185,9242,9209,915,10124,64
2022-06-14,Los Angeles,037,10098052,2919558,2897298,140012,3037310,31971
2022-06-14,Madera,039,155013,39001,38776,6618,45394,372
2022-06-14,Marin,041,260295,39430,39027,4457,43484,294
2022-06-14,Mariposa,043,17540,2687,2651,253,2904,30
2022-06-14,Mendocino,045,87422,14148,14052,3643,17695,127
2022-06-14,Merced,047,269075,65120,64595,9480,74075,825
2022-06-14,Modoc,049,8938,772,772,264,1036,8
2022-06-14,Mono,051,14174,3072,3060,172,3232,6
2022-06-14,Monterey,053,433212,84512,83837,16468,100305,741
2022-06-14,Napa,055,140530,28792,28518,1234,29752,144
2022-06-14,Nevada,057,99092,17227,17107,1410,18517,127
2022-06-14,Orange,059,3164182,589198,585496,47730,633226,7067
2022-06-14,Placer,061,380077,68307,67805,8258,76063,628
2022-06-14,Plumas,063,18699,3215,3185,390,3575,13
2022-06-14,Riverside,065,2383286,621604,618584,29957,648541,6482
2022-06-14,Sacramento,067,1510023,307413,305361,29969,335330,3059
2022-06-14,San Benito,069,59416,14019,13953,671,14624,99
2022-06-14,San Bernardino,071,2135413,600601,590328,26280,616608,7735
2022-06-14,San Diego,073,3302833,814377,811093,59720,870813,5316
2022-06-14,San Francisco,075,870044,152940,151170,10045,161215,890
2022-06-14,San Joaquin,077,732212,177098,175966,11503,187469,2244
2022-06-14,San Luis Obispo,079,281455,56952,56535,5149,61684,486
2022-06-14,San Mateo,081,765935,144770,143277,9191,152468,722
2022-06-14,Santa Barbara,083,443738,93226,92710,5383,98093,698
2022-06-14,Santa Clara,085,1922200,367845,364014,15802,379816,2323
2022-06-14,Santa Cruz,087,273765,54311,53718,2631,56349,265
2022-06-14,Shasta,089,179085,31754,31598,6348,37946,568
2022-06-14,Sierra,091,2930,281,280,56,336,4
2022-06-14,Siskiyou,093,43540,4690,4656,2920,7576,81
2022-06-14,Solano,095,438530,91691,90265,6460,96725,453
2022-06-14,Sonoma,097,501317,94890,94041,4108,98149,492
2022-06-14,Stanislaus,099,539301,123669,122944,18932,141876,1668
2022-06-14,Sutter,101,95872,21511,21448,2271,23719,227
2022-06-14,Tehama,103,63373,12442,12392,2695,15087,205
2022-06-14,Trinity,105,12862,1226,1217,292,1509,20
2022-06-14,Tulare,107,460477,110267,109930,29632,139562,1495
2022-06-14,Tuolumne,109,53932,13617,13459,666,14125,189
2022-06-14,Ventura,111,848112,185908,184750,11382,196132,1509
2022-06-14,Yolo,113,214977,42353,40756,3511,44267,322
2022-06-14,Yuba,115,75493,16842,16754,1408,18162,124
2022-06-13,Alameda,001,1643700,297275,295002,16617,311619,1880
2022-06-13,Alpine,003,1148,129,129,1,130,0
2022-06-13,Amador,005,37829,9085,8972,728,9700,87
2022-06-13,Butte,007,227075,35138,34841,7638,42479,430
2022-06-13,Calaveras,009,45235,7672,7648,406,8054,122
2022-06-13,Colusa,011,21464,3520,3515,1098,4613,21
2022-06-13,Contra Costa,013,1133247,217022,213219,16380,229599,1321
2022-06-13,Del Norte,015,27424,6365,6298,269,6567,52
2022-06-13,El Dorado,017,186661,29016,28829,3596,32425,215
2022-06-13,Fresno,019,978130,242723,241768,25471,267239,2767
2022-06-13,Glenn,021,27897,5149,5128,1676,6804,48
2022-06-13,Humboldt,023,135768,18982,18836,3795,22631,148
2022-06-13,Imperial,025,180216,57559,57373,11177,68550,941
2022-06-13,Inyo,027,18085,4214,4205,605,4810,56
2022-06-13,Kern,029,883053,199080,198216,48995,247211,2338
2022-06-13,Kings,031,150075,53285,53170,3612,56782,448
2022-06-13,Lake,033,64148,11353,11303,985,12288,140
2022-06-13,Lassen,035,31185,9234,9209,912,10121,64
2022-06-13,Los Angeles,037,10098052,2914996,2897298,139621,3036919,31971
2022-06-13,Madera,039,155013,38934,38776,6600,45376,372
2022-06-13,Marin,041,260295,39323,39027,4429,43456,294
2022-06-13,Mariposa,043,17540,2673,2651,252,2903,30
2022-06-13,Mendocino,045,87422,14124,14052,3627,17679,127
2022-06-13,Merced,047,269075,65043,64595,9452,74047,825
2022-06-13,Modoc,049,8938,771,772,264,1036,8
2022-06-13,Mono,051,14174,3070,3060,172,3232,6
2022-06-13,Monterey,053,433212,84376,83837,16417,100254,741
2022-06-13,Napa,055,140530,28722,28518,1230,29748,144
2022-06-13,Nevada,057,99092,17196,17107,1407,18514,127
2022-06-13,Orange,059,3164182,587959,585496,47552,633048,7067
2022-06-13,Placer,061,380077,68210,67805,8236,76041,628
2022-06-13,Plumas,063,18699,3210,3185,389,3574,13
2022-06-13,Riverside,065,2383286,620862,618584,29922,648506,6482
2022-06-13,Sacramento,067,1510023,306738,305361,29905,335266,3059
2022-06-13,San Benito,069,59416,13992,13953,665,14618,99
2022-06-13,San Bernardino,071,2135413,599808,590328,26249,616577,7735
2022-06-13,San Diego,073,3302833,812667,811093,59611,870704,5316
2022-06-13,San Francisco,075,870044,152405,151170,10027,161197,890
2022-06-13,San Joaquin,077,732212,176834,175966,11466,187432,2244
2022-06-13,San Luis Obispo,079,281455,56851,56535,5097,61632,486
2022-06-13,San Mateo,081,765935,144330,143277,9169,152446,722
2022-06-13,Santa Barbara,083,443738,93097,92710,5370,98080,698
2022-06-13,Santa Clara,085,1922200,366833,364014,15750,379764,2323
2022-06-13,Santa Cruz,087,273765,54173,53718,2624,56342,265
2022-06-13,Shasta,089,179085,31720,31598,6341,37939,568
2022-06-13,Sierra,091,2930,281,280,56,336,4
2022-06-13,Siskiyou,093,43540,4686,4656,2912,7568,81
2022-06-13,Solano,095,438530,91454,90265,6435,96700,453
2022-06-13,Sonoma,097,501317,94633,94041,4089,98130,492
2022-06-13,Stanislaus,099,539301,123500,122944,18907,141851,1668
2022-06-13,Sutter,101,95872,21483,21448,2267,23715,227
2022-06-13,Tehama,103,63373,12422,12392,2692,15084,205
2022-06-13,Trinity,105,12862,1224,1217,292,1509,20
2022-06-13,Tulare,107,460477,110117,109930,29583,139513,1495
2022-06-13,Tuolumne,109,53932,13594,13459,663,14122,189
2022-06-13,Ventura,111,848112,185616,184750,11330,196080,1509
2022-06-13,Yolo,113,214977,42215,40756,3499,44255,322
2022-06-13,Yuba,115,75493,16824,16754,1404,18158,124
2022-06-12,Alameda,001,1643700,296457,292112,16559,308671,1877
2022-06-12,Alpine,003,1148,129,129,1,130,0
2022-06-12,Amador,005,37829,9062,8869,727,9596,87
2022-06-12,Butte,007,227075,35081,34596,7617,42213,427
2022-06-12,Calaveras,009,45235,7658,7604,403,8007,122
2022-06-12,Colusa,011,21464,3519,3505,1097,4602,21
2022-06-12,Contra Costa,013,1133247,216434,211229,16308,227537,1315
2022-06-12,Del Norte,015,27424,6351,6253,269,6522,52
2022-06-12,El Dorado,017,186661,28955,28641,3579,32220,215
2022-06-12,Fresno,019,978130,242262,240345,25418,265763,2766
2022-06-12,Glenn,021,27897,5145,5104,1674,6778,48
2022-06-12,Humboldt,023,135768,18917,18696,3759,22455,148
2022-06-12,Imperial,025,180216,57483,57129,11133,68262,941
2022-06-12,Inyo,027,18085,4212,4194,604,4798,56
2022-06-12,Kern,029,883053,198798,197353,48876,246229,2338
2022-06-12,Kings,031,150075,53207,52978,3607,56585,447
2022-06-12,Lake,033,64148,11329,11202,984,12186,139
2022-06-12,Lassen,035,31185,9216,9172,910,10082,64
2022-06-12,Los Angeles,037,10098052,2910056,2878981,139140,3018121,31947
2022-06-12,Madera,039,155013,38841,38567,6574,45141,372
2022-06-12,Marin,041,260295,39215,38593,4405,42998,294
2022-06-12,Mariposa,043,17540,2667,2625,251,2876,30
2022-06-12,Mendocino,045,87422,14101,13945,3621,17566,127
2022-06-12,Merced,047,269075,64927,64286,9423,73709,825
2022-06-12,Modoc,049,8938,771,767,264,1031,8
2022-06-12,Mono,051,14174,3066,3052,171,3223,6
2022-06-12,Monterey,053,433212,84219,83391,16339,99730,739
2022-06-12,Napa,055,140530,28660,28202,1221,29423,143
2022-06-12,Nevada,057,99092,17152,16989,1401,18390,127
2022-06-12,Orange,059,3164182,586688,581624,47369,628993,7057
2022-06-12,Placer,061,380077,68097,67306,8212,75518,628
2022-06-12,Plumas,063,18699,3204,3172,388,3560,13
2022-06-12,Riverside,065,2383286,619915,615556,29854,645410,6481
2022-06-12,Sacramento,067,1510023,306000,302721,29804,332525,3058
2022-06-12,San Benito,069,59416,13958,13832,659,14491,99
2022-06-12,San Bernardino,071,2135413,598894,587385,26200,613585,7708
2022-06-12,San Diego,073,3302833,810932,805360,59474,864834,5315
2022-06-12,San Francisco,075,870044,151850,149278,9982,159260,890
2022-06-12,San Joaquin,077,732212,176480,174822,11440,186262,2244
2022-06-12,San Luis Obispo,079,281455,56714,56160,5036,61196,485
2022-06-12,San Mateo,081,765935,143865,141719,9127,150846,715
2022-06-12,Santa Barbara,083,443738,92924,92177,5355,97532,694
2022-06-12,Santa Clara,085,1922200,365658,359925,15704,375629,2322
2022-06-12,Santa Cruz,087,273765,54013,53171,2619,55790,264
2022-06-12,Shasta,089,179085,31673,31483,6327,37810,566
2022-06-12,Sierra,091,2930,281,278,56,334,4
2022-06-12,Siskiyou,093,43540,4678,4633,2907,7540,81
2022-06-12,Solano,095,438530,91162,89424,6416,95840,453
2022-06-12,Sonoma,097,501317,94377,93218,4065,97283,492
2022-06-12,Stanislaus,099,539301,123301,122267,18866,141133,1665
2022-06-12,Sutter,101,95872,21442,21333,2252,23585,227
2022-06-12,Tehama,103,63373,12404,12343,2687,15030,205
2022-06-12,Trinity,105,12862,1221,1213,292,1505,20
2022-06-12,Tulare,107,460477,109920,109467,29517,138984,1495
2022-06-12,Tuolumne,109,53932,13566,13382,661,14043,189
2022-06-12,Ventura,111,848112,185259,183680,11283,194963,1508
2022-06-12,Yolo,113,214977,42094,40202,3494,43696,323
2022-06-12,Yuba,115,75493,16796,16653,1396,18049,123
2022-06-11,Alameda,001,1643700,296043,292112,16539,308651,1877
2022-06-11,Alpine,003,1148,129,129,1,130,0
2022-06-11,Amador,005,37829,9048,8869,727,9596,87
2022-06-11,Butte,007,227075,35046,34596,7601,42197,427
2022-06-11,Calaveras,009,45235,7651,7604,402,8006,122
2022-06-11,Colusa,011,21464,3517,3505,1096,4601,21
2022-06-11,Contra Costa,013,1133247,216121,211229,16273,227502,1315
2022-06-11,Del Norte,015,27424,6343,6253,269,6522,52
2022-06-11,El Dorado,017,186661,28936,28641,3577,32218,215
2022-06-11,Fresno,019,978130,242067,240345,25397,265742,2766
2022-06-11,Glenn,021,27897,5143,5104,1674,6778,48
2022-06-11,Humboldt,023,135768,18897,18696,3751,22447,148
2022-06-11,Imperial,025,180216,57427,57129,11119,68248,941
2022-06-11,Inyo,027,18085,4212,4194,602,4796,56
2022-06-11,Kern,029,883053,198676,197353,48803,246156,2338
2022-06-11,Kings,031,150075,53175,52978,3606,56584,447
2022-06-11,Lake,033,64148,11321,11202,981,12183,139
2022-06-11,Lassen,035,31185,9211,9172,909,10081,64
2022-06-11,Los Angeles,037,10098052,2907717,2878981,138850,3017831,31947
2022-06-11,Madera,039,155013,38820,38567,6572,45139,372
2022-06-11,Marin,041,260295,39138,38593,4371,42964,294
2022-06-11,Mariposa,043,17540,2663,2625,250,2875,30
2022-06-11,Mendocino,045,87422,14090,13945,3617,17562,127
2022-06-11,Merced,047,269075,64879,64286,9419,73705,825
2022-06-11,Modoc,049,8938,771,767,264,1031,8
2022-06-11,Mono,051,14174,3066,3052,171,3223,6
2022-06-11,Monterey,053,433212,84136,83391,16307,99698,739
2022-06-11,Napa,055,140530,28621,28202,1217,29419,143
2022-06-11,Nevada,057,99092,17138,16989,1399,18388,127
2022-06-11,Orange,059,3164182,586046,581624,47233,628857,7057
2022-06-11,Placer,061,380077,68009,67306,8203,75509,628
2022-06-11,Plumas,063,18699,3201,3172,388,3560,13
2022-06-11,Riverside,065,2383286,619389,615556,29825,645381,6481
2022-06-11,Sacramento,067,1510023,305693,302721,29769,332490,3058
2022-06-11,San Benito,069,59416,13948,13832,656,14488,99
2022-06-11,San Bernardino,071,2135413,598474,587385,26177,613562,7708
2022-06-11,San Diego,073,3302833,810229,805360,59429,864789,5315
2022-06-11,San Francisco,075,870044,151528,149278,9962,159240,890
2022-06-11,San Joaquin,077,732212,176325,174822,11422,186244,2244
2022-06-11,San Luis Obispo,079,281455,56680,56160,5026,61186,485
2022-06-11,San Mateo,081,765935,143642,141719,9105,150824,715
2022-06-11,Santa Barbara,083,443738,92858,92177,5341,97518,694
2022-06-11,Santa Clara,085,1922200,364896,359925,15666,375591,2322
2022-06-11,Santa Cruz,087,273765,53958,53171,2605,55776,264
2022-06-11,Shasta,089,179085,31657,31483,6321,37804,566
2022-06-11,Sierra,091,2930,281,278,56,334,4
2022-06-11,Siskiyou,093,43540,4672,4633,2899,7532,81
2022-06-11,Solano,095,438530,91073,89424,6407,95831,453
2022-06-11,Sonoma,097,501317,94270,93218,4040,97258,492
2022-06-11,Stanislaus,099,539301,123199,122267,18843,141110,1665
2022-06-11,Sutter,101,95872,21424,21333,2251,23584,227
2022-06-11,Tehama,103,63373,12397,12343,2687,15030,205
2022-06-11,Trinity,105,12862,1220,1213,292,1505,20
2022-06-11,Tulare,107,460477,109837,109467,29489,138956,1495
2022-06-11,Tuolumne,109,53932,13540,13382,660,14042,189
2022-06-11,Ventura,111,848112,185081,183680,11251,194931,1508
2022-06-11,Yolo,113,214977,42030,40202,3488,43690,323
2022-06-11,Yuba,115,75493,16777,16653,1392,18045,123
2022-06-10,Alameda,001,1643700,295571,292112,16516,308628,1877
2022-06-10,Alpine,003,1148,129,129,1,130,0
2022-06-10,Amador,005,37829,9035,8869,726,9595,87
2022-06-10,Butte,007,227075,35014,34596,7587,42183,427
2022-06-10,Calaveras,009,45235,7646,7604,401,8005,122
2022-06-10,Colusa,011,21464,3512,3505,1095,4600,21
2022-06-10,Contra Costa,013,1133247,215854,211229,16242,227471,1315
2022-06-10,Del Norte,015,27424,6337,6253,268,6521,52
2022-06-10,El Dorado,017,186661,28906,28641,3574,32215,215
2022-06-10,Fresno,019,978130,241838,240345,25374,265719,2766
2022-06-10,Glenn,021,27897,5141,5104,1671,6775,48
2022-06-10,Humboldt,023,135768,18875,18696,3744,22440,148
2022-06-10,Imperial,025,180216,57381,57129,11116,68245,941
2022-06-10,Inyo,027,18085,4211,4194,599,4793,56
2022-06-10,Kern,029,883053,198530,197353,48712,246065,2338
2022-06-10,Kings,031,150075,53155,52978,3605,56583,447
2022-06-10,Lake,033,64148,11306,11202,980,12182,139
2022-06-10,Lassen,035,31185,9208,9172,907,10079,64
2022-06-10,Los Angeles,037,10098052,2904993,2878981,138582,3017563,31947
2022-06-10,Madera,039,155013,38792,38567,6564,45131,372
2022-06-10,Marin,041,260295,39043,38593,4344,42937,294
2022-06-10,Mariposa,043,17540,2659,2625,249,2874,30
2022-06-10,Mendocino,045,87422,14072,13945,3609,17554,127
2022-06-10,Merced,047,269075,64836,64286,9414,73700,825
2022-06-10,Modoc,049,8938,771,767,264,1031,8
2022-06-10,Mono,051,14174,3066,3052,170,3222,6
2022-06-10,Monterey,053,433212,84044,83391,16267,99658,739
2022-06-10,Napa,055,140530,28590,28202,1216,29418,143
2022-06-10,Nevada,057,99092,17125,16989,1398,18387,127
2022-06-10,Orange,059,3164182,585387,581624,47119,628743,7057
2022-06-10,Placer,061,380077,67938,67306,8185,75491,628
2022-06-10,Plumas,063,18699,3197,3172,388,3560,13
2022-06-10,Riverside,065,2383286,618867,615556,29796,645352,6481
2022-06-10,Sacramento,067,1510023,305295,302721,29746,332467,3058
2022-06-10,San Benito,069,59416,13935,13832,655,14487,99
2022-06-10,San Bernardino,071,2135413,598067,587385,26146,613531,7708
2022-06-10,San Diego,073,3302833,809312,805360,59393,864753,5315
2022-06-10,San Francisco,075,870044,151214,149278,9924,159202,890
2022-06-10,San Joaquin,077,732212,176210,174822,11407,186229,2244
2022-06-10,San Luis Obispo,079,281455,56645,56160,5019,61179,485
2022-06-10,San Mateo,081,765935,143387,141719,9092,150811,715
2022-06-10,Santa Barbara,083,443738,92759,92177,5337,97514,694
2022-06-10,Santa Clara,085,1922200,364150,359925,15632,375557,2322
2022-06-10,Santa Cruz,087,273765,53859,53171,2595,55766,264
2022-06-10,Shasta,089,179085,31637,31483,6312,37795,566
2022-06-10,Sierra,091,2930,280,278,56,334,4
2022-06-10,Siskiyou,093,43540,4665,4633,2893,7526,81
2022-06-10,Solano,095,438530,90911,89424,6394,95818,453
2022-06-10,Sonoma,097,501317,94109,93218,4017,97235,492
2022-06-10,Stanislaus,099,539301,123080,122267,18829,141096,1665
2022-06-10,Sutter,101,95872,21409,21333,2249,23582,227
2022-06-10,Tehama,103,63373,12389,12343,2686,15029,205
2022-06-10,Trinity,105,12862,1218,1213,292,1505,20
2022-06-10,Tulare,107,460477,109770,109467,29468,138935,1495
2022-06-10,Tuolumne,109,53932,13526,13382,658,14040,189
2022-06-10,Ventura,111,848112,184895,183680,11217,194897,1508
2022-06-10,Yolo,113,214977,41940,40202,3480,43682,323
2022-06-10,Yuba,115,75493,16756,16653,1389,18042,123
2022-06-09,Alameda,001,1643700,294660,292112,16465,308577,1877
2022-06-09,Alpine,003,1148,129,129,1,130,0
2022-06-09,Amador,005,37829,9024,8869,723,9592,87
2022-06-09,Butte,007,227075,34954,34596,7576,42172,427
2022-06-09,Calaveras,009,45235,7636,7604,401,8005,122
2022-06-09,Colusa,011,21464,3511,3505,1093,4598,21
2022-06-09,Contra Costa,013,1133247,215341,211229,16196,227425,1315
2022-06-09,Del Norte,015,27424,6324,6253,265,6518,52
2022-06-09,El Dorado,017,186661,28849,28641,3565,32206,215
2022-06-09,Fresno,019,978130,241485,240345,25327,265672,2766
2022-06-09,Glenn,021,27897,5135,5104,1669,6773,48
2022-06-09,Humboldt,023,135768,18826,18696,3733,22429,148
2022-06-09,Imperial,025,180216,57323,57129,11099,68228,941
2022-06-09,Inyo,027,18085,4208,4194,594,4788,56
2022-06-09,Kern,029,883053,198329,197353,48614,245967,2338
2022-06-09,Kings,031,150075,53114,52978,3602,56580,447
2022-06-09,Lake,033,64148,11281,11202,978,12180,139
2022-06-09,Lassen,035,31185,9189,9172,905,10077,64
2022-06-09,Los Angeles,037,10098052,2900599,2878981,138201,3017182,31947
2022-06-09,Madera,039,155013,38739,38567,6550,45117,372
2022-06-09,Marin,041,260295,38941,38593,4319,42912,294
2022-06-09,Mariposa,043,17540,2655,2625,248,2873,30
2022-06-09,Mendocino,045,87422,14044,13945,3607,17552,127
2022-06-09,Merced,047,269075,64758,64286,9405,73691,825
2022-06-09,Modoc,049,8938,770,767,264,1031,8
2022-06-09,Mono,051,14174,3060,3052,168,3220,6
2022-06-09,Monterey,053,433212,83923,83391,16198,99589,739
2022-06-09,Napa,055,140530,28530,28202,1214,29416,143
2022-06-09,Nevada,057,99092,17091,16989,1397,18386,127
2022-06-09,Orange,059,3164182,584323,581624,46973,628597,7057
2022-06-09,Placer,061,380077,67817,67306,8172,75478,628
2022-06-09,Plumas,063,18699,3191,3172,388,3560,13
2022-06-09,Riverside,065,2383286,618174,615556,29756,645312,6481
2022-06-09,Sacramento,067,1510023,304714,302721,29664,332385,3058
2022-06-09,San Benito,069,59416,13917,13832,653,14485,99
2022-06-09,San Bernardino,071,2135413,597400,587385,26113,613498,7708
2022-06-09,San Diego,073,3302833,807902,805360,59254,864614,5315
2022-06-09,San Francisco,075,870044,150819,149278,9894,159172,890
2022-06-09,San Joaquin,077,732212,175917,174822,11389,186211,2244
2022-06-09,San Luis Obispo,079,281455,56558,56160,4990,61150,485
2022-06-09,San Mateo,081,765935,143002,141719,9065,150784,715
2022-06-09,Santa Barbara,083,443738,92628,92177,5332,97509,694
2022-06-09,Santa Clara,085,1922200,363185,359925,15563,375488,2322
2022-06-09,Santa Cruz,087,273765,53727,53171,2585,55756,264
2022-06-09,Shasta,089,179085,31606,31483,6302,37785,566
2022-06-09,Sierra,091,2930,280,278,56,334,4
2022-06-09,Siskiyou,093,43540,4658,4633,2879,7512,81
2022-06-09,Solano,095,438530,90667,89424,6380,95804,453
2022-06-09,Sonoma,097,501317,93952,93218,3998,97216,492
2022-06-09,Stanislaus,099,539301,122912,122267,18815,141082,1665
2022-06-09,Sutter,101,95872,21372,21333,2249,23582,227
2022-06-09,Tehama,103,63373,12371,12343,2685,15028,205
2022-06-09,Trinity,105,12862,1217,1213,292,1505,20
2022-06-09,Tulare,107,460477,109649,109467,29432,138899,1495
2022-06-09,Tuolumne,109,53932,13495,13382,655,14037,189
2022-06-09,Ventura,111,848112,184627,183680,11183,194863,1508
2022-06-09,Yolo,113,214977,41827,40202,3465,43667,323
2022-06-09,Yuba,115,75493,16733,16653,1386,18039,123
2022-06-08,Alameda,001,1643700,293899,289661,16417,306078,1873
2022-06-08,Alpine,003,1148,129,128,1,129,0
2022-06-08,Amador,005,37829,9016,8818,721,9539,87
2022-06-08,Butte,007,227075,34887,34380,7558,41938,427
2022-06-08,Calaveras,009,45235,7622,7564,401,7965,122
2022-06-08,Colusa,011,21464,3509,3495,1090,4585,21
2022-06-08,Contra Costa,013,1133247,214829,209384,16131,225515,1310
2022-06-08,Del Norte,015,27424,6302,6229,265,6494,52
2022-06-08,El Dorado,017,186661,28797,28478,3556,32034,215
2022-06-08,Fresno,019,978130,241149,239376,25255,264631,2766
2022-06-08,Glenn,021,27897,5131,5095,1666,6761,48
2022-06-08,Humboldt,023,135768,18796,18598,3707,22305,147
2022-06-08,Imperial,025,180216,57249,56912,11079,67991,941
2022-06-08,Inyo,027,18085,4206,4189,594,4783,56
2022-06-08,Kern,029,883053,198060,196763,48504,245267,2338
2022-06-08,Kings,031,150075,53044,52821,3598,56419,447
2022-06-08,Lake,033,64148,11260,11158,975,12133,137
2022-06-08,Lassen,035,31185,9176,9148,905,10053,64
2022-06-08,Los Angeles,037,10098052,2895974,2865901,137816,3003717,31920
2022-06-08,Madera,039,155013,38694,38408,6537,44945,372
2022-06-08,Marin,041,260295,38848,38338,4302,42640,294
2022-06-08,Mariposa,043,17540,2645,2614,247,2861,30
2022-06-08,Mendocino,045,87422,14024,13859,3595,17454,127
2022-06-08,Merced,047,269075,64693,64080,9383,73463,825
2022-06-08,Modoc,049,8938,766,761,264,1025,8
2022-06-08,Mono,051,14174,3056,3044,168,3212,6
2022-06-08,Monterey,053,433212,83812,83063,16148,99211,740
2022-06-08,Napa,055,140530,28441,27996,1209,29205,143
2022-06-08,Nevada,057,99092,17065,16907,1393,18300,127
2022-06-08,Orange,059,3164182,583217,578530,46787,625317,7044
2022-06-08,Placer,061,380077,67688,66951,8160,75111,627
2022-06-08,Plumas,063,18699,3188,3150,387,3537,13
2022-06-08,Riverside,065,2383286,617488,613469,29721,643190,6480
2022-06-08,Sacramento,067,1510023,304074,300875,29581,330456,3054
2022-06-08,San Benito,069,59416,13883,13734,651,14385,99
2022-06-08,San Bernardino,071,2135413,596704,585029,26069,611098,7685
2022-06-08,San Diego,073,3302833,806401,800840,59078,859918,5308
2022-06-08,San Francisco,075,870044,150397,147960,9868,157828,885
2022-06-08,San Joaquin,077,732212,175642,173887,11363,185250,2241
2022-06-08,San Luis Obispo,079,281455,56402,55822,4927,60749,484
2022-06-08,San Mateo,081,765935,142602,140569,9016,149585,710
2022-06-08,Santa Barbara,083,443738,92489,91747,5321,97068,693
2022-06-08,Santa Clara,085,1922200,362219,356452,15512,371964,2321
2022-06-08,Santa Cruz,087,273765,53587,52753,2574,55327,264
2022-06-08,Shasta,089,179085,31573,31394,6291,37685,565
2022-06-08,Sierra,091,2930,280,278,56,334,4
2022-06-08,Siskiyou,093,43540,4653,4609,2877,7486,81
2022-06-08,Solano,095,438530,90400,88522,6359,94881,453
2022-06-08,Sonoma,097,501317,93767,92644,3964,96608,491
2022-06-08,Stanislaus,099,539301,122729,121787,18780,140567,1662
2022-06-08,Sutter,101,95872,21348,21256,2243,23499,227
2022-06-08,Tehama,103,63373,12364,12306,2684,14990,205
2022-06-08,Trinity,105,12862,1216,1211,291,1502,20
2022-06-08,Tulare,107,460477,109563,109091,29378,138469,1494
2022-06-08,Tuolumne,109,53932,13479,13335,654,13989,189
2022-06-08,Ventura,111,848112,184351,182847,11133,193980,1506
2022-06-08,Yolo,113,214977,41721,39962,3451,43413,321
2022-06-08,Yuba,115,75493,16708,16558,1378,17936,122
2022-06-07,Alameda,001,1643700,293088,289661,16373,306034,1873
2022-06-07,Alpine,003,1148,129,128,1,129,0
2022-06-07,Amador,005,37829,9006,8818,718,9536,87
2022-06-07,Butte,007,227075,34808,34380,7533,41913,427
2022-06-07,Calaveras,009,45235,7614,7564,399,7963,122
2022-06-07,Colusa,011,21464,3509,3495,1087,4582,21
2022-06-07,Contra Costa,013,1133247,214271,209384,16078,225462,1310
2022-06-07,Del Norte,015,27424,6294,6229,262,6491,52
2022-06-07,El Dorado,017,186661,28733,28478,3546,32024,215
2022-06-07,Fresno,019,978130,240766,239376,25190,264566,2766
2022-06-07,Glenn,021,27897,5124,5095,1666,6761,48
2022-06-07,Humboldt,023,135768,18758,18598,3691,22289,147
2022-06-07,Imperial,025,180216,57190,56912,11046,67958,941
2022-06-07,Inyo,027,18085,4205,4189,586,4775,56
2022-06-07,Kern,029,883053,197805,196763,48396,245159,2338
2022-06-07,Kings,031,150075,52986,52821,3594,56415,447
2022-06-07,Lake,033,64148,11235,11158,969,12127,137
2022-06-07,Lassen,035,31185,9167,9148,904,10052,64
2022-06-07,Los Angeles,037,10098052,2890645,2865901,137380,3003281,31920
2022-06-07,Madera,039,155013,38622,38408,6521,44929,372
2022-06-07,Marin,041,260295,38764,38338,4275,42613,294
2022-06-07,Mariposa,043,17540,2638,2614,245,2859,30
2022-06-07,Mendocino,045,87422,13992,13859,3564,17423,127
2022-06-07,Merced,047,269075,64602,64080,9367,73447,825
2022-06-07,Modoc,049,8938,766,761,262,1023,8
2022-06-07,Mono,051,14174,3054,3044,166,3210,6
2022-06-07,Monterey,053,433212,83684,83063,16094,99157,740
2022-06-07,Napa,055,140530,28367,27996,1201,29197,143
2022-06-07,Nevada,057,99092,17038,16907,1387,18294,127
2022-06-07,Orange,059,3164182,582104,578530,46627,625157,7044
2022-06-07,Placer,061,380077,67536,66951,8141,75092,627
2022-06-07,Plumas,063,18699,3183,3150,386,3536,13
2022-06-07,Riverside,065,2383286,616607,613469,29670,643139,6480
2022-06-07,Sacramento,067,1510023,303352,300875,29478,330353,3054
2022-06-07,San Benito,069,59416,13841,13734,647,14381,99
2022-06-07,San Bernardino,071,2135413,595926,585029,26041,611070,7685
2022-06-07,San Diego,073,3302833,804823,800840,58868,859708,5308
2022-06-07,San Francisco,075,870044,149881,147960,9846,157806,885
2022-06-07,San Joaquin,077,732212,175309,173887,11325,185212,2241
2022-06-07,San Luis Obispo,079,281455,56299,55822,4882,60704,484
2022-06-07,San Mateo,081,765935,142183,140569,8960,149529,710
2022-06-07,Santa Barbara,083,443738,92343,91747,5308,97055,693
2022-06-07,Santa Clara,085,1922200,361084,356452,15431,371883,2321
2022-06-07,Santa Cruz,087,273765,53486,52753,2567,55320,264
2022-06-07,Shasta,089,179085,31536,31394,6284,37678,565
2022-06-07,Sierra,091,2930,279,278,56,334,4
2022-06-07,Siskiyou,093,43540,4646,4609,2873,7482,81
2022-06-07,Solano,095,438530,90075,88522,6341,94863,453
2022-06-07,Sonoma,097,501317,93537,92644,3932,96576,491
2022-06-07,Stanislaus,099,539301,122556,121787,18760,140547,1662
2022-06-07,Sutter,101,95872,21319,21256,2241,23497,227
2022-06-07,Tehama,103,63373,12348,12306,2680,14986,205
2022-06-07,Trinity,105,12862,1215,1211,291,1502,20
2022-06-07,Tulare,107,460477,109437,109091,29327,138418,1494
2022-06-07,Tuolumne,109,53932,13466,13335,652,13987,189
2022-06-07,Ventura,111,848112,183986,182847,11089,193936,1506
2022-06-07,Yolo,113,214977,41604,39962,3442,43404,321
2022-06-07,Yuba,115,75493,16679,16558,1377,17935,122
2022-06-06,Alameda,001,1643700,292204,289661,16320,305981,1873
2022-06-06,Alpine,003,1148,129,128,1,129,0
2022-06-06,Amador,005,37829,8955,8818,716,9534,87
2022-06-06,Butte,007,227075,34744,34380,7519,41899,427
2022-06-06,Calaveras,009,45235,7603,7564,399,7963,122
2022-06-06,Colusa,011,21464,3508,3495,1083,4578,21
2022-06-06,Contra Costa,013,1133247,213619,209384,15996,225380,1310
2022-06-06,Del Norte,015,27424,6286,6229,261,6490,52
2022-06-06,El Dorado,017,186661,28684,28478,3534,32012,215
2022-06-06,Fresno,019,978130,240349,239376,25123,264499,2766
2022-06-06,Glenn,021,27897,5117,5095,1663,6758,48
2022-06-06,Humboldt,023,135768,18720,18598,3678,22276,147
2022-06-06,Imperial,025,180216,57116,56912,11013,67925,941
2022-06-06,Inyo,027,18085,4201,4189,583,4772,56
2022-06-06,Kern,029,883053,197523,196763,48265,245028,2338
2022-06-06,Kings,031,150075,52927,52821,3591,56412,447
2022-06-06,Lake,033,64148,11215,11158,963,12121,137
2022-06-06,Lassen,035,31185,9157,9148,903,10051,64
2022-06-06,Los Angeles,037,10098052,2885008,2865901,136964,3002865,31920
2022-06-06,Madera,039,155013,38554,38408,6493,44901,372
2022-06-06,Marin,041,260295,38639,38338,4238,42576,294
2022-06-06,Mariposa,043,17540,2628,2614,243,2857,30
2022-06-06,Mendocino,045,87422,13963,13859,3553,17412,127
2022-06-06,Merced,047,269075,64480,64080,9343,73423,825
2022-06-06,Modoc,049,8938,764,761,260,1021,8
2022-06-06,Mono,051,14174,3051,3044,165,3209,6
2022-06-06,Monterey,053,433212,83540,83063,16029,99092,740
2022-06-06,Napa,055,140530,28289,27996,1192,29188,143
2022-06-06,Nevada,057,99092,17010,16907,1383,18290,127
2022-06-06,Orange,059,3164182,580980,578530,46468,624998,7044
2022-06-06,Placer,061,380077,67420,66951,8117,75068,627
2022-06-06,Plumas,063,18699,3176,3150,385,3535,13
2022-06-06,Riverside,065,2383286,615813,613469,29620,643089,6480
2022-06-06,Sacramento,067,1510023,302576,300875,29375,330250,3054
2022-06-06,San Benito,069,59416,13793,13734,643,14377,99
2022-06-06,San Bernardino,071,2135413,595157,585029,25999,611028,7685
2022-06-06,San Diego,073,3302833,803034,800840,58632,859472,5308
2022-06-06,San Francisco,075,870044,149360,147960,9823,157783,885
2022-06-06,San Joaquin,077,732212,174927,173887,11295,185182,2241
2022-06-06,San Luis Obispo,079,281455,56190,55822,4849,60671,484
2022-06-06,San Mateo,081,765935,141703,140569,8922,149491,710
2022-06-06,Santa Barbara,083,443738,92166,91747,5290,97037,693
2022-06-06,Santa Clara,085,1922200,359823,356452,15348,371800,2321
2022-06-06,Santa Cruz,087,273765,53331,52753,2555,55308,264
2022-06-06,Shasta,089,179085,31501,31394,6272,37666,565
2022-06-06,Sierra,091,2930,279,278,56,334,4
2022-06-06,Siskiyou,093,43540,4636,4609,2863,7472,81
2022-06-06,Solano,095,438530,89786,88522,6322,94844,453
2022-06-06,Sonoma,097,501317,93297,92644,3904,96548,491
2022-06-06,Stanislaus,099,539301,122369,121787,18735,140522,1662
2022-06-06,Sutter,101,95872,21289,21256,2235,23491,227
2022-06-06,Tehama,103,63373,12336,12306,2678,14984,205
2022-06-06,Trinity,105,12862,1213,1211,291,1502,20
2022-06-06,Tulare,107,460477,109299,109091,29272,138363,1494
2022-06-06,Tuolumne,109,53932,13447,13335,651,13986,189
2022-06-06,Ventura,111,848112,183679,182847,11046,193893,1506
2022-06-06,Yolo,113,214977,41446,39962,3431,43393,321
2022-06-06,Yuba,115,75493,16636,16558,1370,17928,122
2022-06-05,Alameda,001,1643700,291153,285785,16259,302044,1873
2022-06-05,Alpine,003,1148,128,128,1,129,0
2022-06-05,Amador,005,37829,8916,8775,713,9488,87
2022-06-05,Butte,007,227075,34665,34129,7502,41631,427
2022-06-05,Calaveras,009,45235,7587,7525,393,7918,121
2022-06-05,Colusa,011,21464,3502,3484,1083,4567,21
2022-06-05,Contra Costa,013,1133247,212910,206711,15883,222594,1310
2022-06-05,Del Norte,015,27424,6275,6206,257,6463,52
2022-06-05,El Dorado,017,186661,28608,28241,3526,31767,214
2022-06-05,Fresno,019,978130,239888,237945,25034,262979,2766
2022-06-05,Glenn,021,27897,5110,5063,1663,6726,48
2022-06-05,Humboldt,023,135768,18670,18433,3656,22089,147
2022-06-05,Imperial,025,180216,57020,56690,10965,67655,941
2022-06-05,Inyo,027,18085,4197,4176,578,4754,56
2022-06-05,Kern,029,883053,197212,195863,48152,244015,2338
2022-06-05,Kings,031,150075,52853,52597,3585,56182,447
2022-06-05,Lake,033,64148,11196,11064,959,12023,137
2022-06-05,Lassen,035,31185,9149,9106,899,10005,64
2022-06-05,Los Angeles,037,10098052,2878943,2846989,136439,2983428,31899
2022-06-05,Madera,039,155013,38492,38188,6477,44665,372
2022-06-05,Marin,041,260295,38526,37879,4205,42084,294
2022-06-05,Mariposa,043,17540,2626,2557,242,2799,30
2022-06-05,Mendocino,045,87422,13927,13738,3506,17244,125
2022-06-05,Merced,047,269075,64389,63756,9310,73066,825
2022-06-05,Modoc,049,8938,763,759,260,1019,8
2022-06-05,Mono,051,14174,3048,3037,163,3200,6
2022-06-05,Monterey,053,433212,83380,82451,15946,98397,738
2022-06-05,Napa,055,140530,28159,27686,1183,28869,143
2022-06-05,Nevada,057,99092,16966,16728,1367,18095,127
2022-06-05,Orange,059,3164182,579722,574146,46283,620429,7038
2022-06-05,Placer,061,380077,67279,66428,8102,74530,627
2022-06-05,Plumas,063,18699,3168,3138,385,3523,13
2022-06-05,Riverside,065,2383286,614878,610369,29556,639925,6481
2022-06-05,Sacramento,067,1510023,301663,297787,29231,327018,3052
2022-06-05,San Benito,069,59416,13747,13572,637,14209,99
2022-06-05,San Bernardino,071,2135413,594177,582305,25954,608259,7664
2022-06-05,San Diego,073,3302833,801132,794822,58441,853263,5303
2022-06-05,San Francisco,075,870044,148772,145876,9770,155646,881
2022-06-05,San Joaquin,077,732212,174495,172621,11249,183870,2242
2022-06-05,San Luis Obispo,079,281455,56028,55333,4776,60109,484
2022-06-05,San Mateo,081,765935,141189,138536,8874,147410,710
2022-06-05,Santa Barbara,083,443738,91974,90911,5271,96182,693
2022-06-05,Santa Clara,085,1922200,358415,351492,15258,366750,2317
2022-06-05,Santa Cruz,087,273765,53139,52333,2542,54875,263
2022-06-05,Shasta,089,179085,31460,31272,6261,37533,565
2022-06-05,Sierra,091,2930,279,278,56,334,4
2022-06-05,Siskiyou,093,43540,4631,4591,2851,7442,81
2022-06-05,Solano,095,438530,89445,87571,6305,93876,452
2022-06-05,Sonoma,097,501317,93017,91518,3875,95393,491
2022-06-05,Stanislaus,099,539301,122172,121001,18707,139708,1661
2022-06-05,Sutter,101,95872,21257,21125,2228,23353,227
2022-06-05,Tehama,103,63373,12317,12262,2675,14937,204
2022-06-05,Trinity,105,12862,1213,1204,291,1495,20
2022-06-05,Tulare,107,460477,109111,108598,29196,137794,1490
2022-06-05,Tuolumne,109,53932,13418,13251,638,13889,189
2022-06-05,Ventura,111,848112,183326,181709,10989,192698,1505
2022-06-05,Yolo,113,214977,41314,39561,3419,42980,321
2022-06-05,Yuba,115,75493,16596,16467,1362,17829,122
2022-06-04,Alameda,001,1643700,290651,285785,16239,302024,1873
2022-06-04,Alpine,003,1148,128,128,1,129,0
2022-06-04,Amador,005,37829,8907,8775,711,9486,87
2022-06-04,Butte,007,227075,34626,34129,7497,41626,427
2022-06-04,Calaveras,009,45235,7573,7525,393,7918,121
2022-06-04,Colusa,011,21464,3499,3484,1078,4562,21
2022-06-04,Contra Costa,013,1133247,212522,206711,15844,222555,1310
2022-06-04,Del Norte,015,27424,6274,6206,257,6463,52
2022-06-04,El Dorado,017,186661,28569,28241,3522,31763,214
2022-06-04,Fresno,019,978130,239717,237945,25017,262962,2766
2022-06-04,Glenn,021,27897,5106,5063,1662,6725,48
2022-06-04,Humboldt,023,135768,18648,18433,3650,22083,147
2022-06-04,Imperial,025,180216,56969,56690,10953,67643,941
2022-06-04,Inyo,027,18085,4197,4176,577,4753,56
2022-06-04,Kern,029,883053,197090,195863,48084,243947,2338
2022-06-04,Kings,031,150075,52810,52597,3585,56182,447
2022-06-04,Lake,033,64148,11181,11064,953,12017,137
2022-06-04,Lassen,035,31185,9144,9106,898,10004,64
2022-06-04,Los Angeles,037,10098052,2876494,2846989,136164,2983153,31899
2022-06-04,Madera,039,155013,38458,38188,6473,44661,372
2022-06-04,Marin,041,260295,38450,37879,4164,42043,294
2022-06-04,Mariposa,043,17540,2623,2557,242,2799,30
2022-06-04,Mendocino,045,87422,13914,13738,3505,17243,125
2022-06-04,Merced,047,269075,64339,63756,9302,73058,825
2022-06-04,Modoc,049,8938,762,759,259,1018,8
2022-06-04,Mono,051,14174,3048,3037,163,3200,6
2022-06-04,Monterey,053,433212,83295,82451,15911,98362,738
2022-06-04,Napa,055,140530,28117,27686,1181,28867,143
2022-06-04,Nevada,057,99092,16953,16728,1366,18094,127
2022-06-04,Orange,059,3164182,579082,574146,46160,620306,7038
2022-06-04,Placer,061,380077,67197,66428,8092,74520,627
2022-06-04,Plumas,063,18699,3164,3138,384,3522,13
2022-06-04,Riverside,065,2383286,614343,610369,29531,639900,6481
2022-06-04,Sacramento,067,1510023,301307,297787,29203,326990,3052
2022-06-04,San Benito,069,59416,13721,13572,634,14206,99
2022-06-04,San Bernardino,071,2135413,593727,582305,25925,608230,7664
2022-06-04,San Diego,073,3302833,800404,794822,58394,853216,5303
2022-06-04,San Francisco,075,870044,148442,145876,9749,155625,881
2022-06-04,San Joaquin,077,732212,174350,172621,11215,183836,2242
2022-06-04,San Luis Obispo,079,281455,55990,55333,4769,60102,484
2022-06-04,San Mateo,081,765935,140885,138536,8846,147382,710
2022-06-04,Santa Barbara,083,443738,91876,90911,5250,96161,693
2022-06-04,Santa Clara,085,1922200,357536,351492,15217,366709,2317
2022-06-04,Santa Cruz,087,273765,53054,52333,2529,54862,263
2022-06-04,Shasta,089,179085,31437,31272,6258,37530,565
2022-06-04,Sierra,091,2930,279,278,56,334,4
2022-06-04,Siskiyou,093,43540,4627,4591,2845,7436,81
2022-06-04,Solano,095,438530,89360,87571,6292,93863,452
2022-06-04,Sonoma,097,501317,92865,91518,3861,95379,491
2022-06-04,Stanislaus,099,539301,122033,121001,18692,139693,1661
2022-06-04,Sutter,101,95872,21230,21125,2225,23350,227
2022-06-04,Tehama,103,63373,12303,12262,2674,14936,204
2022-06-04,Trinity,105,12862,1213,1204,291,1495,20
2022-06-04,Tulare,107,460477,109045,108598,29154,137752,1490
2022-06-04,Tuolumne,109,53932,13408,13251,635,13886,189
2022-06-04,Ventura,111,848112,183141,181709,10972,192681,1505
2022-06-04,Yolo,113,214977,41236,39561,3414,42975,321
2022-06-04,Yuba,115,75493,16580,16467,1358,17825,122
2022-06-03,Alameda,001,1643700,290117,285785,16213,301998,1873
2022-06-03,Alpine,003,1148,128,128,1,129,0
2022-06-03,Amador,005,37829,8901,8775,709,9484,87
2022-06-03,Butte,007,227075,34575,34129,7488,41617,427
2022-06-03,Calaveras,009,45235,7568,7525,393,7918,121
2022-06-03,Colusa,011,21464,3499,3484,1076,4560,21
2022-06-03,Contra Costa,013,1133247,212211,206711,15815,222526,1310
2022-06-03,Del Norte,015,27424,6270,6206,254,6460,52
2022-06-03,El Dorado,017,186661,28540,28241,3519,31760,214
2022-06-03,Fresno,019,978130,239486,237945,24986,262931,2766
2022-06-03,Glenn,021,27897,5100,5063,1659,6722,48
2022-06-03,Humboldt,023,135768,18628,18433,3645,22078,147
2022-06-03,Imperial,025,180216,56923,56690,10943,67633,941
2022-06-03,Inyo,027,18085,4196,4176,577,4753,56
2022-06-03,Kern,029,883053,196949,195863,48017,243880,2338
2022-06-03,Kings,031,150075,52786,52597,3585,56182,447
2022-06-03,Lake,033,64148,11170,11064,950,12014,137
2022-06-03,Lassen,035,31185,9139,9106,898,10004,64
2022-06-03,Los Angeles,037,10098052,2873592,2846989,135881,2982870,31899
2022-06-03,Madera,039,155013,38414,38188,6464,44652,372
2022-06-03,Marin,041,260295,38381,37879,4129,42008,294
2022-06-03,Mariposa,043,17540,2619,2557,242,2799,30
2022-06-03,Mendocino,045,87422,13892,13738,3504,17242,125
2022-06-03,Merced,047,269075,64289,63756,9299,73055,825
2022-06-03,Modoc,049,8938,762,759,259,1018,8
2022-06-03,Mono,051,14174,3045,3037,163,3200,6
2022-06-03,Monterey,053,433212,83196,82451,15864,98315,738
2022-06-03,Napa,055,140530,28067,27686,1173,28859,143
2022-06-03,Nevada,057,99092,16932,16728,1365,18093,127
2022-06-03,Orange,059,3164182,578397,574146,46056,620202,7038
2022-06-03,Placer,061,380077,67116,66428,8075,74503,627
2022-06-03,Plumas,063,18699,3162,3138,383,3521,13
2022-06-03,Riverside,065,2383286,613818,610369,29501,639870,6481
2022-06-03,Sacramento,067,1510023,300835,297787,29170,326957,3052
2022-06-03,San Benito,069,59416,13708,13572,630,14202,99
2022-06-03,San Bernardino,071,2135413,593266,582305,25889,608194,7664
2022-06-03,San Diego,073,3302833,799454,794822,58271,853093,5303
2022-06-03,San Francisco,075,870044,148074,145876,9717,155593,881
2022-06-03,San Joaquin,077,732212,174187,172621,11197,183818,2242
2022-06-03,San Luis Obispo,079,281455,55945,55333,4760,60093,484
2022-06-03,San Mateo,081,765935,140602,138536,8833,147369,710
2022-06-03,Santa Barbara,083,443738,91757,90911,5248,96159,693
2022-06-03,Santa Clara,085,1922200,356642,351492,15171,366663,2317
2022-06-03,Santa Cruz,087,273765,52922,52333,2516,54849,263
2022-06-03,Shasta,089,179085,31425,31272,6257,37529,565
2022-06-03,Sierra,091,2930,279,278,56,334,4
2022-06-03,Siskiyou,093,43540,4622,4591,2844,7435,81
2022-06-03,Solano,095,438530,89244,87571,6283,93854,452
2022-06-03,Sonoma,097,501317,92720,91518,3852,95370,491
2022-06-03,Stanislaus,099,539301,121927,121001,18671,139672,1661
2022-06-03,Sutter,101,95872,21207,21125,2224,23349,227
2022-06-03,Tehama,103,63373,12297,12262,2673,14935,204
2022-06-03,Trinity,105,12862,1211,1204,291,1495,20
2022-06-03,Tulare,107,460477,108977,108598,29119,137717,1490
2022-06-03,Tuolumne,109,53932,13397,13251,632,13883,189
2022-06-03,Ventura,111,848112,182953,181709,10947,192656,1505
2022-06-03,Yolo,113,214977,41173,39561,3400,42961,321
2022-06-03,Yuba,115,75493,16555,16467,1356,17823,122
2022-06-02,Alameda,001,1643700,289219,285785,16150,301935,1873
2022-06-02,Alpine,003,1148,128,128,1,129,0
2022-06-02,Amador,005,37829,8878,8775,707,9482,87
2022-06-02,Butte,007,227075,34500,34129,7472,41601,427
2022-06-02,Calaveras,009,45235,7555,7525,392,7917,121
2022-06-02,Colusa,011,21464,3496,3484,1076,4560,21
2022-06-02,Contra Costa,013,1133247,211625,206711,15723,222434,1310
2022-06-02,Del Norte,015,27424,6260,6206,253,6459,52
2022-06-02,El Dorado,017,186661,28473,28241,3507,31748,214
2022-06-02,Fresno,019,978130,239144,237945,24929,262874,2766
2022-06-02,Glenn,021,27897,5094,5063,1654,6717,48
2022-06-02,Humboldt,023,135768,18587,18433,3624,22057,147
2022-06-02,Imperial,025,180216,56864,56690,10932,67622,941
2022-06-02,Inyo,027,18085,4196,4176,574,4750,56
2022-06-02,Kern,029,883053,196665,195863,47913,243776,2338
2022-06-02,Kings,031,150075,52733,52597,3580,56177,447
2022-06-02,Lake,033,64148,11148,11064,948,12012,137
2022-06-02,Lassen,035,31185,9128,9106,898,10004,64
2022-06-02,Los Angeles,037,10098052,2868676,2846989,135459,2982448,31899
2022-06-02,Madera,039,155013,38361,38188,6451,44639,372
2022-06-02,Marin,041,260295,38283,37879,4102,41981,294
2022-06-02,Mariposa,043,17540,2614,2557,241,2798,30
2022-06-02,Mendocino,045,87422,13863,13738,3496,17234,125
2022-06-02,Merced,047,269075,64211,63756,9290,73046,825
2022-06-02,Modoc,049,8938,761,759,259,1018,8
2022-06-02,Mono,051,14174,3045,3037,163,3200,6
2022-06-02,Monterey,053,433212,83044,82451,15800,98251,738
2022-06-02,Napa,055,140530,27991,27686,1170,28856,143
2022-06-02,Nevada,057,99092,16895,16728,1360,18088,127
2022-06-02,Orange,059,3164182,577371,574146,45911,620057,7038
2022-06-02,Placer,061,380077,66995,66428,8051,74479,627
2022-06-02,Plumas,063,18699,3153,3138,383,3521,13
2022-06-02,Riverside,065,2383286,613132,610369,29442,639811,6481
2022-06-02,Sacramento,067,1510023,300196,297787,29064,326851,3052
2022-06-02,San Benito,069,59416,13675,13572,628,14200,99
2022-06-02,San Bernardino,071,2135413,592584,582305,25844,608149,7664
2022-06-02,San Diego,073,3302833,798081,794822,58102,852924,5303
2022-06-02,San Francisco,075,870044,147657,145876,9667,155543,881
2022-06-02,San Joaquin,077,732212,173878,172621,11168,183789,2242
2022-06-02,San Luis Obispo,079,281455,55815,55333,4725,60058,484
2022-06-02,San Mateo,081,765935,140224,138536,8780,147316,710
2022-06-02,Santa Barbara,083,443738,91583,90911,5233,96144,693
2022-06-02,Santa Clara,085,1922200,355547,351492,15051,366543,2317
2022-06-02,Santa Cruz,087,273765,52806,52333,2505,54838,263
2022-06-02,Shasta,089,179085,31394,31272,6250,37522,565
2022-06-02,Sierra,091,2930,279,278,56,334,4
2022-06-02,Siskiyou,093,43540,4615,4591,2835,7426,81
2022-06-02,Solano,095,438530,88971,87571,6272,93843,452
2022-06-02,Sonoma,097,501317,92494,91518,3826,95344,491
2022-06-02,Stanislaus,099,539301,121769,121001,18642,139643,1661
2022-06-02,Sutter,101,95872,21180,21125,2218,23343,227
2022-06-02,Tehama,103,63373,12286,12262,2666,14928,204
2022-06-02,Trinity,105,12862,1209,1204,291,1495,20
2022-06-02,Tulare,107,460477,108846,108598,29053,137651,1490
2022-06-02,Tuolumne,109,53932,13378,13251,630,13881,189
2022-06-02,Ventura,111,848112,182682,181709,10913,192622,1505
2022-06-02,Yolo,113,214977,41064,39561,3390,42951,321
2022-06-02,Yuba,115,75493,16534,16467,1349,17816,122
2022-06-01,Alameda,001,1643700,288215,284051,16094,300145,1868
2022-06-01,Alpine,003,1148,128,128,1,129,0
2022-06-01,Amador,005,37829,8872,8741,705,9446,87
2022-06-01,Butte,007,227075,34431,34059,7458,41517,427
2022-06-01,Calaveras,009,45235,7550,7502,389,7891,120
2022-06-01,Colusa,011,21464,3493,3476,1076,4552,21
2022-06-01,Contra Costa,013,1133247,210983,205699,15646,221345,1310
2022-06-01,Del Norte,015,27424,6250,6188,252,6440,51
2022-06-01,El Dorado,017,186661,28411,28133,3489,31622,214
2022-06-01,Fresno,019,978130,238788,237367,24874,262241,2765
2022-06-01,Glenn,021,27897,5089,5059,1654,6713,48
2022-06-01,Humboldt,023,135768,18544,18371,3601,21972,147
2022-06-01,Imperial,025,180216,56797,56445,10905,67350,938
2022-06-01,Inyo,027,18085,4192,4171,568,4739,56
2022-06-01,Kern,029,883053,196439,195438,47834,243272,2336
2022-06-01,Kings,031,150075,52676,52491,3576,56067,447
2022-06-01,Lake,033,64148,11127,11024,943,11967,137
2022-06-01,Lassen,035,31185,9115,9083,897,9980,64
2022-06-01,Los Angeles,037,10098052,2863280,2836856,135030,2971886,31882
2022-06-01,Madera,039,155013,38323,38115,6437,44552,372
2022-06-01,Marin,041,260295,38168,37654,4061,41715,293
2022-06-01,Mariposa,043,17540,2599,2549,240,2789,30
2022-06-01,Mendocino,045,87422,13836,13692,3480,17172,125
2022-06-01,Merced,047,269075,64129,63637,9272,72909,824
2022-06-01,Modoc,049,8938,758,755,258,1013,8
2022-06-01,Mono,051,14174,3043,3035,162,3197,6
2022-06-01,Monterey,053,433212,82889,82215,15737,97952,737
2022-06-01,Napa,055,140530,27914,27580,1160,28740,143
2022-06-01,Nevada,057,99092,16856,16693,1351,18044,127
2022-06-01,Orange,059,3164182,576125,571973,45756,617729,7032
2022-06-01,Placer,061,380077,66852,66199,8018,74217,627
2022-06-01,Plumas,063,18699,3146,3117,382,3499,13
2022-06-01,Riverside,065,2383286,612398,608913,29396,638309,6480
2022-06-01,Sacramento,067,1510023,299444,296457,28959,325416,3045
2022-06-01,San Benito,069,59416,13637,13510,617,14127,98
2022-06-01,San Bernardino,071,2135413,591873,580767,25806,606573,7641
2022-06-01,San Diego,073,3302833,796387,791557,57903,849460,5292
2022-06-01,San Francisco,075,870044,147136,144476,9629,154105,879
2022-06-01,San Joaquin,077,732212,173580,172170,11139,183309,2241
2022-06-01,San Luis Obispo,079,281455,55649,55099,4692,59791,482
2022-06-01,San Mateo,081,765935,139743,137566,8705,146271,710
2022-06-01,Santa Barbara,083,443738,91400,90531,5218,95749,693
2022-06-01,Santa Clara,085,1922200,354381,348742,14968,363710,2317
2022-06-01,Santa Cruz,087,273765,52693,52141,2495,54636,263
2022-06-01,Shasta,089,179085,31363,31247,6247,37494,564
2022-06-01,Sierra,091,2930,279,280,56,336,4
2022-06-01,Siskiyou,093,43540,4610,4574,2830,7404,81
2022-06-01,Solano,095,438530,88737,87206,6244,93450,452
2022-06-01,Sonoma,097,501317,92241,91174,3802,94976,491
2022-06-01,Stanislaus,099,539301,121578,120778,18620,139398,1656
2022-06-01,Sutter,101,95872,21150,21065,2214,23279,227
2022-06-01,Tehama,103,63373,12279,12245,2662,14907,204
2022-06-01,Trinity,105,12862,1208,1200,290,1490,20
2022-06-01,Tulare,107,460477,108734,108401,28996,137397,1490
2022-06-01,Tuolumne,109,53932,13364,13221,629,13850,189
2022-06-01,Ventura,111,848112,182398,181163,10882,192045,1503
2022-06-01,Yolo,113,214977,40980,39371,3379,42750,320
2022-06-01,Yuba,115,75493,16510,16406,1341,17747,122
2022-05-31,Alameda,001,1643700,287110,284051,16040,300091,1868
2022-05-31,Alpine,003,1148,128,128,1,129,0
2022-05-31,Amador,005,37829,8854,8741,699,9440,87
2022-05-31,Butte,007,227075,34370,34059,7440,41499,427
2022-05-31,Calaveras,009,45235,7539,7502,389,7891,120
2022-05-31,Colusa,011,21464,3488,3476,1075,4551,21
2022-05-31,Contra Costa,013,1133247,210235,205699,15551,221250,1310
2022-05-31,Del Norte,015,27424,6240,6188,250,6438,51
2022-05-31,El Dorado,017,186661,28349,28133,3469,31602,214
2022-05-31,Fresno,019,978130,238391,237367,24806,262173,2765
2022-05-31,Glenn,021,27897,5081,5059,1652,6711,48
2022-05-31,Humboldt,023,135768,18513,18371,3581,21952,147
2022-05-31,Imperial,025,180216,56733,56445,10881,67326,938
2022-05-31,Inyo,027,18085,4186,4171,566,4737,56
2022-05-31,Kern,029,883053,196196,195438,47738,243176,2336
2022-05-31,Kings,031,150075,52625,52491,3569,56060,447
2022-05-31,Lake,033,64148,11108,11024,939,11963,137
2022-05-31,Lassen,035,31185,9103,9083,896,9979,64
2022-05-31,Los Angeles,037,10098052,2857207,2836856,134567,2971423,31882
2022-05-31,Madera,039,155013,38259,38115,6417,44532,372
2022-05-31,Marin,041,260295,38030,37654,4025,41679,293
2022-05-31,Mariposa,043,17540,2593,2549,235,2784,30
2022-05-31,Mendocino,045,87422,13801,13692,3463,17155,125
2022-05-31,Merced,047,269075,64043,63637,9249,72886,824
2022-05-31,Modoc,049,8938,756,755,258,1013,8
2022-05-31,Mono,051,14174,3039,3035,162,3197,6
2022-05-31,Monterey,053,433212,82729,82215,15671,97886,737
2022-05-31,Napa,055,140530,27821,27580,1157,28737,143
2022-05-31,Nevada,057,99092,16809,16693,1349,18042,127
2022-05-31,Orange,059,3164182,574900,571973,45574,617547,7032
2022-05-31,Placer,061,380077,66692,66199,7988,74187,627
2022-05-31,Plumas,063,18699,3142,3117,381,3498,13
2022-05-31,Riverside,065,2383286,611485,608913,29334,638247,6480
2022-05-31,Sacramento,067,1510023,298584,296457,28819,325276,3045
2022-05-31,San Benito,069,59416,13582,13510,612,14122,98
2022-05-31,San Bernardino,071,2135413,590982,580767,25771,606538,7641
2022-05-31,San Diego,073,3302833,794508,791557,57698,849255,5292
2022-05-31,San Francisco,075,870044,146494,144476,9587,154063,879
2022-05-31,San Joaquin,077,732212,173203,172170,11100,183270,2241
2022-05-31,San Luis Obispo,079,281455,55499,55099,4627,59726,482
2022-05-31,San Mateo,081,765935,139185,137566,8663,146229,710
2022-05-31,Santa Barbara,083,443738,91176,90531,5195,95726,693
2022-05-31,Santa Clara,085,1922200,352868,348742,14891,363633,2317
2022-05-31,Santa Cruz,087,273765,52573,52141,2475,54616,263
2022-05-31,Shasta,089,179085,31329,31247,6236,37483,564
2022-05-31,Sierra,091,2930,278,280,55,335,4
2022-05-31,Siskiyou,093,43540,4605,4574,2824,7398,81
2022-05-31,Solano,095,438530,88406,87206,6222,93428,452
2022-05-31,Sonoma,097,501317,91952,91174,3763,94937,491
2022-05-31,Stanislaus,099,539301,121374,120778,18595,139373,1656
2022-05-31,Sutter,101,95872,21121,21065,2208,23273,227
2022-05-31,Tehama,103,63373,12270,12245,2657,14902,204
2022-05-31,Trinity,105,12862,1207,1200,290,1490,20
2022-05-31,Tulare,107,460477,108596,108401,28937,137338,1490
2022-05-31,Tuolumne,109,53932,13349,13221,626,13847,189
2022-05-31,Ventura,111,848112,182078,181163,10833,191996,1503
2022-05-31,Yolo,113,214977,40806,39371,3368,42739,320
2022-05-31,Yuba,115,75493,16478,16406,1335,17741,122
2022-05-30,Alameda,001,1643700,285737,284051,15950,300001,1868
2022-05-30,Alpine,003,1148,128,128,1,129,0
2022-05-30,Amador,005,37829,8839,8741,698,9439,87
2022-05-30,Butte,007,227075,34293,34059,7417,41476,427
2022-05-30,Calaveras,009,45235,7530,7502,389,7891,120
2022-05-30,Colusa,011,21464,3486,3476,1074,4550,21
2022-05-30,Contra Costa,013,1133247,209392,205699,15415,221114,1310
2022-05-30,Del Norte,015,27424,6222,6188,249,6437,51
2022-05-30,El Dorado,017,186661,28273,28133,3449,31582,214
2022-05-30,Fresno,019,978130,237919,237367,24731,262098,2765
2022-05-30,Glenn,021,27897,5076,5059,1649,6708,48
2022-05-30,Humboldt,023,135768,18459,18371,3553,21924,147
2022-05-30,Imperial,025,180216,56652,56445,10854,67299,938
2022-05-30,Inyo,027,18085,4181,4171,565,4736,56
2022-05-30,Kern,029,883053,195916,195438,47624,243062,2336
2022-05-30,Kings,031,150075,52529,52491,3569,56060,447
2022-05-30,Lake,033,64148,11079,11024,930,11954,137
2022-05-30,Lassen,035,31185,9088,9083,893,9976,64
2022-05-30,Los Angeles,037,10098052,2849879,2836856,134063,2970919,31882
2022-05-30,Madera,039,155013,38203,38115,6377,44492,372
2022-05-30,Marin,041,260295,37905,37654,3983,41637,293
2022-05-30,Mariposa,043,17540,2570,2549,231,2780,30
2022-05-30,Mendocino,045,87422,13754,13692,3445,17137,125
2022-05-30,Merced,047,269075,63947,63637,9212,72849,824
2022-05-30,Modoc,049,8938,753,755,256,1011,8
2022-05-30,Mono,051,14174,3036,3035,162,3197,6
2022-05-30,Monterey,053,433212,82541,82215,15583,97798,737
2022-05-30,Napa,055,140530,27744,27580,1149,28729,143
2022-05-30,Nevada,057,99092,16762,16693,1344,18037,127
2022-05-30,Orange,059,3164182,573435,571973,45362,617335,7032
2022-05-30,Placer,061,380077,66551,66199,7958,74157,627
2022-05-30,Plumas,063,18699,3136,3117,378,3495,13
2022-05-30,Riverside,065,2383286,610480,608913,29256,638169,6480
2022-05-30,Sacramento,067,1510023,297630,296457,28660,325117,3045
2022-05-30,San Benito,069,59416,13520,13510,604,14114,98
2022-05-30,San Bernardino,071,2135413,589982,580767,25735,606502,7641
2022-05-30,San Diego,073,3302833,792236,791557,57405,848962,5292
2022-05-30,San Francisco,075,870044,145836,144476,9533,154009,879
2022-05-30,San Joaquin,077,732212,172807,172170,11061,183231,2241
2022-05-30,San Luis Obispo,079,281455,55294,55099,4555,59654,482
2022-05-30,San Mateo,081,765935,138507,137566,8611,146177,710
2022-05-30,Santa Barbara,083,443738,90920,90531,5161,95692,693
2022-05-30,Santa Clara,085,1922200,351311,348742,14800,363542,2317
2022-05-30,Santa Cruz,087,273765,52435,52141,2465,54606,263
2022-05-30,Shasta,089,179085,31291,31247,6229,37476,564
2022-05-30,Sierra,091,2930,278,280,55,335,4
2022-05-30,Siskiyou,093,43540,4596,4574,2812,7386,81
2022-05-30,Solano,095,438530,88060,87206,6168,93374,452
2022-05-30,Sonoma,097,501317,91664,91174,3719,94893,491
2022-05-30,Stanislaus,099,539301,121183,120778,18566,139344,1656
2022-05-30,Sutter,101,95872,21082,21065,2202,23267,227
2022-05-30,Tehama,103,63373,12254,12245,2653,14898,204
2022-05-30,Trinity,105,12862,1206,1200,290,1490,20
2022-05-30,Tulare,107,460477,108436,108401,28848,137249,1490
2022-05-30,Tuolumne,109,53932,13324,13221,622,13843,189
2022-05-30,Ventura,111,848112,181706,181163,10781,191944,1503
2022-05-30,Yolo,113,214977,40615,39371,3358,42729,320
2022-05-30,Yuba,115,75493,16450,16406,1331,17737,122
2022-05-29,Alameda,001,1643700,285258,280775,15926,296701,1863
2022-05-29,Alpine,003,1148,128,126,1,127,0
2022-05-29,Amador,005,37829,8834,8696,695,9391,86
2022-05-29,Butte,007,227075,34277,33876,7410,41286,426
2022-05-29,Calaveras,009,45235,7519,7469,389,7858,120
2022-05-29,Colusa,011,21464,3485,3474,1073,4547,21
2022-05-29,Contra Costa,013,1133247,209047,203528,15390,218918,1306
2022-05-29,Del Norte,015,27424,6220,6166,248,6414,51
2022-05-29,El Dorado,017,186661,28246,27898,3446,31344,214
2022-05-29,Fresno,019,978130,237793,236250,24711,260961,2764
2022-05-29,Glenn,021,27897,5071,5048,1649,6697,48
2022-05-29,Humboldt,023,135768,18438,18257,3542,21799,147
2022-05-29,Imperial,025,180216,56615,56323,10840,67163,939
2022-05-29,Inyo,027,18085,4180,4161,565,4726,56
2022-05-29,Kern,029,883053,195818,194687,47560,242247,2334
2022-05-29,Kings,031,150075,52504,52292,3569,55861,447
2022-05-29,Lake,033,64148,11070,10958,928,11886,137
2022-05-29,Lassen,035,31185,9084,9049,893,9942,64
2022-05-29,Los Angeles,037,10098052,2847683,2819145,133795,2952940,31862
2022-05-29,Madera,039,155013,38180,37955,6372,44327,371
2022-05-29,Marin,041,260295,37837,37215,3951,41166,293
2022-05-29,Mariposa,043,17540,2565,2526,231,2757,31
2022-05-29,Mendocino,045,87422,13733,13612,3444,17056,124
2022-05-29,Merced,047,269075,63926,63389,9209,72598,824
2022-05-29,Modoc,049,8938,753,751,256,1007,8
2022-05-29,Mono,051,14174,3035,3030,162,3192,6
2022-05-29,Monterey,053,433212,82476,81875,15539,97414,737
2022-05-29,Napa,055,140530,27716,27376,1148,28524,144
2022-05-29,Nevada,057,99092,16747,16568,1342,17910,127
2022-05-29,Orange,059,3164182,572859,568369,45190,613559,7028
2022-05-29,Placer,061,380077,66482,65672,7949,73621,626
2022-05-29,Plumas,063,18699,3129,3096,378,3474,13
2022-05-29,Riverside,065,2383286,610137,606444,29221,635665,6480
2022-05-29,Sacramento,067,1510023,297177,294000,28638,322638,3032
2022-05-29,San Benito,069,59416,13514,13402,602,14004,98
2022-05-29,San Bernardino,071,2135413,589693,578656,25719,604375,7610
2022-05-29,San Diego,073,3302833,791499,786243,57325,843568,5288
2022-05-29,San Francisco,075,870044,145411,142456,9524,151980,879
2022-05-29,San Joaquin,077,732212,172644,171282,11043,182325,2241
2022-05-29,San Luis Obispo,079,281455,55242,54701,4543,59244,481
2022-05-29,San Mateo,081,765935,138254,135746,8598,144344,710
2022-05-29,Santa Barbara,083,443738,90791,89940,5160,95100,693
2022-05-29,Santa Clara,085,1922200,350513,344223,14761,358984,2304
2022-05-29,Santa Cruz,087,273765,52359,51819,2458,54277,263
2022-05-29,Shasta,089,179085,31279,31165,6225,37390,564
2022-05-29,Sierra,091,2930,278,278,55,333,4
2022-05-29,Siskiyou,093,43540,4591,4537,2810,7347,81
2022-05-29,Solano,095,438530,88007,86565,6157,92722,452
2022-05-29,Sonoma,097,501317,91572,90364,3704,94068,490
2022-05-29,Stanislaus,099,539301,121084,120241,18547,138788,1657
2022-05-29,Sutter,101,95872,21062,20976,2202,23178,227
2022-05-29,Tehama,103,63373,12244,12210,2652,14862,204
2022-05-29,Trinity,105,12862,1205,1196,290,1486,20
2022-05-29,Tulare,107,460477,108352,108029,28803,136832,1484
2022-05-29,Tuolumne,109,53932,13309,13141,622,13763,189
2022-05-29,Ventura,111,848112,181561,179953,10771,190724,1503
2022-05-29,Yolo,113,214977,40563,39016,3355,42371,319
2022-05-29,Yuba,115,75493,16434,16314,1327,17641,122
2022-05-28,Alameda,001,1643700,284884,280775,15901,296676,1863
2022-05-28,Alpine,003,1148,128,126,1,127,0
2022-05-28,Amador,005,37829,8825,8696,695,9391,86
2022-05-28,Butte,007,227075,34253,33876,7394,41270,426
2022-05-28,Calaveras,009,45235,7515,7469,389,7858,120
2022-05-28,Colusa,011,21464,3480,3474,1072,4546,21
2022-05-28,Contra Costa,013,1133247,208782,203528,15365,218893,1306
2022-05-28,Del Norte,015,27424,6216,6166,246,6412,51
2022-05-28,El Dorado,017,186661,28216,27898,3445,31343,214
2022-05-28,Fresno,019,978130,237635,236250,24680,260930,2764
2022-05-28,Glenn,021,27897,5068,5048,1649,6697,48
2022-05-28,Humboldt,023,135768,18414,18257,3532,21789,147
2022-05-28,Imperial,025,180216,56589,56323,10830,67153,939
2022-05-28,Inyo,027,18085,4180,4161,563,4724,56
2022-05-28,Kern,029,883053,195720,194687,47509,242196,2334
2022-05-28,Kings,031,150075,52480,52292,3568,55860,447
2022-05-28,Lake,033,64148,11060,10958,928,11886,137
2022-05-28,Lassen,035,31185,9079,9049,893,9942,64
2022-05-28,Los Angeles,037,10098052,2845702,2819145,133528,2952673,31862
2022-05-28,Madera,039,155013,38163,37955,6369,44324,371
2022-05-28,Marin,041,260295,37770,37215,3921,41136,293
2022-05-28,Mariposa,043,17540,2561,2526,231,2757,31
2022-05-28,Mendocino,045,87422,13721,13612,3444,17056,124
2022-05-28,Merced,047,269075,63892,63389,9205,72594,824
2022-05-28,Modoc,049,8938,753,751,256,1007,8
2022-05-28,Mono,051,14174,3035,3030,161,3191,6
2022-05-28,Monterey,053,433212,82408,81875,15507,97382,737
2022-05-28,Napa,055,140530,27671,27376,1147,28523,144
2022-05-28,Nevada,057,99092,16735,16568,1340,17908,127
2022-05-28,Orange,059,3164182,572347,568369,45073,613442,7028
2022-05-28,Placer,061,380077,66407,65672,7935,73607,626
2022-05-28,Plumas,063,18699,3123,3096,377,3473,13
2022-05-28,Riverside,065,2383286,609759,606444,29193,635637,6480
2022-05-28,Sacramento,067,1510023,296904,294000,28620,322620,3032
2022-05-28,San Benito,069,59416,13499,13402,602,14004,98
2022-05-28,San Bernardino,071,2135413,589328,578656,25692,604348,7610
2022-05-28,San Diego,073,3302833,790840,786243,57273,843516,5288
2022-05-28,San Francisco,075,870044,145107,142456,9503,151959,879
2022-05-28,San Joaquin,077,732212,172540,171282,11027,182309,2241
2022-05-28,San Luis Obispo,079,281455,55207,54701,4540,59241,481
2022-05-28,San Mateo,081,765935,137981,135746,8571,144317,710
2022-05-28,Santa Barbara,083,443738,90691,89940,5150,95090,693
2022-05-28,Santa Clara,085,1922200,349726,344223,14734,358957,2304
2022-05-28,Santa Cruz,087,273765,52317,51819,2450,54269,263
2022-05-28,Shasta,089,179085,31268,31165,6220,37385,564
2022-05-28,Sierra,091,2930,278,278,54,332,4
2022-05-28,Siskiyou,093,43540,4583,4537,2806,7343,81
2022-05-28,Solano,095,438530,87933,86565,6147,92712,452
2022-05-28,Sonoma,097,501317,91432,90364,3693,94057,490
2022-05-28,Stanislaus,099,539301,120985,120241,18539,138780,1657
2022-05-28,Sutter,101,95872,21047,20976,2200,23176,227
2022-05-28,Tehama,103,63373,12232,12210,2649,14859,204
2022-05-28,Trinity,105,12862,1204,1196,290,1486,20
2022-05-28,Tulare,107,460477,108294,108029,28770,136799,1484
2022-05-28,Tuolumne,109,53932,13294,13141,621,13762,189
2022-05-28,Ventura,111,848112,181394,179953,10751,190704,1503
2022-05-28,Yolo,113,214977,40509,39016,3348,42364,319
2022-05-28,Yuba,115,75493,16420,16314,1325,17639,122
2022-05-27,Alameda,001,1643700,284410,280775,15864,296639,1863
2022-05-27,Alpine,003,1148,127,126,1,127,0
2022-05-27,Amador,005,37829,8820,8696,695,9391,86
2022-05-27,Butte,007,227075,34226,33876,7378,41254,426
2022-05-27,Calaveras,009,45235,7508,7469,389,7858,120
2022-05-27,Colusa,011,21464,3480,3474,1072,4546,21
2022-05-27,Contra Costa,013,1133247,208501,203528,15333,218861,1306
2022-05-27,Del Norte,015,27424,6210,6166,246,6412,51
2022-05-27,El Dorado,017,186661,28192,27898,3437,31335,214
2022-05-27,Fresno,019,978130,237463,236250,24648,260898,2764
2022-05-27,Glenn,021,27897,5066,5048,1648,6696,48
2022-05-27,Humboldt,023,135768,18404,18257,3526,21783,147
2022-05-27,Imperial,025,180216,56506,56323,10825,67148,939
2022-05-27,Inyo,027,18085,4178,4161,562,4723,56
2022-05-27,Kern,029,883053,195611,194687,47442,242129,2334
2022-05-27,Kings,031,150075,52452,52292,3565,55857,447
2022-05-27,Lake,033,64148,11054,10958,926,11884,137
2022-05-27,Lassen,035,31185,9075,9049,893,9942,64
2022-05-27,Los Angeles,037,10098052,2843352,2819145,133281,2952426,31862
2022-05-27,Madera,039,155013,38129,37955,6360,44315,371
2022-05-27,Marin,041,260295,37704,37215,3887,41102,293
2022-05-27,Mariposa,043,17540,2555,2526,231,2757,31
2022-05-27,Mendocino,045,87422,13704,13612,3440,17052,124
2022-05-27,Merced,047,269075,63847,63389,9203,72592,824
2022-05-27,Modoc,049,8938,753,751,256,1007,8
2022-05-27,Mono,051,14174,3034,3030,161,3191,6
2022-05-27,Monterey,053,433212,82349,81875,15461,97336,737
2022-05-27,Napa,055,140530,27638,27376,1144,28520,144
2022-05-27,Nevada,057,99092,16724,16568,1336,17904,127
2022-05-27,Orange,059,3164182,571794,568369,44963,613332,7028
2022-05-27,Placer,061,380077,66338,65672,7925,73597,626
2022-05-27,Plumas,063,18699,3120,3096,377,3473,13
2022-05-27,Riverside,065,2383286,609347,606444,29161,635605,6480
2022-05-27,Sacramento,067,1510023,296527,294000,28582,322582,3032
2022-05-27,San Benito,069,59416,13487,13402,602,14004,98
2022-05-27,San Bernardino,071,2135413,588990,578656,25667,604323,7610
2022-05-27,San Diego,073,3302833,789961,786243,57181,843424,5288
2022-05-27,San Francisco,075,870044,144777,142456,9463,151919,879
2022-05-27,San Joaquin,077,732212,172410,171282,11008,182290,2241
2022-05-27,San Luis Obispo,079,281455,55146,54701,4527,59228,481
2022-05-27,San Mateo,081,765935,137731,135746,8546,144292,710
2022-05-27,Santa Barbara,083,443738,90602,89940,5149,95089,693
2022-05-27,Santa Clara,085,1922200,348974,344223,14716,358939,2304
2022-05-27,Santa Cruz,087,273765,52262,51819,2438,54257,263
2022-05-27,Shasta,089,179085,31258,31165,6214,37379,564
2022-05-27,Sierra,091,2930,278,278,54,332,4
2022-05-27,Siskiyou,093,43540,4580,4537,2804,7341,81
2022-05-27,Solano,095,438530,87805,86565,6136,92701,452
2022-05-27,Sonoma,097,501317,91287,90364,3681,94045,490
2022-05-27,Stanislaus,099,539301,120902,120241,18524,138765,1657
2022-05-27,Sutter,101,95872,21030,20976,2199,23175,227
2022-05-27,Tehama,103,63373,12229,12210,2648,14858,204
2022-05-27,Trinity,105,12862,1204,1196,290,1486,20
2022-05-27,Tulare,107,460477,108227,108029,28733,136762,1484
2022-05-27,Tuolumne,109,53932,13284,13141,620,13761,189
2022-05-27,Ventura,111,848112,181217,179953,10728,190681,1503
2022-05-27,Yolo,113,214977,40438,39016,3340,42356,319
2022-05-27,Yuba,115,75493,16406,16314,1324,17638,122
2022-05-26,Alameda,001,1643700,283560,280775,15785,296560,1863
2022-05-26,Alpine,003,1148,127,126,1,127,0
2022-05-26,Amador,005,37829,8807,8696,695,9391,86
2022-05-26,Butte,007,227075,34171,33876,7356,41232,426
2022-05-26,Calaveras,009,45235,7498,7469,389,7858,120
2022-05-26,Colusa,011,21464,3477,3474,1069,4543,21
2022-05-26,Contra Costa,013,1133247,208023,203528,15260,218788,1306
2022-05-26,Del Norte,015,27424,6202,6166,242,6408,51
2022-05-26,El Dorado,017,186661,28143,27898,3426,31324,214
2022-05-26,Fresno,019,978130,237209,236250,24593,260843,2764
2022-05-26,Glenn,021,27897,5061,5048,1648,6696,48
2022-05-26,Humboldt,023,135768,18363,18257,3513,21770,147
2022-05-26,Imperial,025,180216,56473,56323,10810,67133,939
2022-05-26,Inyo,027,18085,4177,4161,559,4720,56
2022-05-26,Kern,029,883053,195447,194687,47368,242055,2334
2022-05-26,Kings,031,150075,52406,52292,3562,55854,447
2022-05-26,Lake,033,64148,11039,10958,926,11884,137
2022-05-26,Lassen,035,31185,9066,9049,893,9942,64
2022-05-26,Los Angeles,037,10098052,2839184,2819145,132947,2952092,31862
2022-05-26,Madera,039,155013,38085,37955,6349,44304,371
2022-05-26,Marin,041,260295,37609,37215,3846,41061,293
2022-05-26,Mariposa,043,17540,2550,2526,229,2755,31
2022-05-26,Mendocino,045,87422,13678,13612,3431,17043,124
2022-05-26,Merced,047,269075,63781,63389,9194,72583,824
2022-05-26,Modoc,049,8938,752,751,256,1007,8
2022-05-26,Mono,051,14174,3033,3030,160,3190,6
2022-05-26,Monterey,053,433212,82271,81875,15408,97283,737
2022-05-26,Napa,055,140530,27586,27376,1142,28518,144
2022-05-26,Nevada,057,99092,16693,16568,1327,17895,127
2022-05-26,Orange,059,3164182,570893,568369,44845,613214,7028
2022-05-26,Placer,061,380077,66202,65672,7905,73577,626
2022-05-26,Plumas,063,18699,3116,3096,376,3472,13
2022-05-26,Riverside,065,2383286,608736,606444,29109,635553,6480
2022-05-26,Sacramento,067,1510023,295872,294000,28494,322494,3032
2022-05-26,San Benito,069,59416,13471,13402,600,14002,98
2022-05-26,San Bernardino,071,2135413,588443,578656,25651,604307,7610
2022-05-26,San Diego,073,3302833,788656,786243,57038,843281,5288
2022-05-26,San Francisco,075,870044,144325,142456,9416,151872,879
2022-05-26,San Joaquin,077,732212,172188,171282,10983,182265,2241
2022-05-26,San Luis Obispo,079,281455,55050,54701,4494,59195,481
2022-05-26,San Mateo,081,765935,137343,135746,8508,144254,710
2022-05-26,Santa Barbara,083,443738,90456,89940,5129,95069,693
2022-05-26,Santa Clara,085,1922200,348004,344223,14629,358852,2304
2022-05-26,Santa Cruz,087,273765,52171,51819,2430,54249,263
2022-05-26,Shasta,089,179085,31232,31165,6211,37376,564
2022-05-26,Sierra,091,2930,278,278,54,332,4
2022-05-26,Siskiyou,093,43540,4576,4537,2802,7339,81
2022-05-26,Solano,095,438530,87602,86565,6127,92692,452
2022-05-26,Sonoma,097,501317,91096,90364,3654,94018,490
2022-05-26,Stanislaus,099,539301,120798,120241,18505,138746,1657
2022-05-26,Sutter,101,95872,21010,20976,2195,23171,227
2022-05-26,Tehama,103,63373,12219,12210,2647,14857,204
2022-05-26,Trinity,105,12862,1202,1196,290,1486,20
2022-05-26,Tulare,107,460477,108160,108029,28677,136706,1484
2022-05-26,Tuolumne,109,53932,13264,13141,616,13757,189
2022-05-26,Ventura,111,848112,180955,179953,10691,190644,1503
2022-05-26,Yolo,113,214977,40334,39016,3331,42347,319
2022-05-26,Yuba,115,75493,16390,16314,1322,17636,122
2022-05-25,Alameda,001,1643700,282658,278228,15723,293951,1860
2022-05-25,Alpine,003,1148,126,126,1,127,0
2022-05-25,Amador,005,37829,8790,8654,693,9347,86
2022-05-25,Butte,007,227075,34109,33755,7333,41088,426
2022-05-25,Calaveras,009,45235,7490,7450,387,7837,120
2022-05-25,Colusa,011,21464,3476,3471,1067,4538,21
2022-05-25,Contra Costa,013,1133247,207472,201866,15187,217053,1306
2022-05-25,Del Norte,015,27424,6196,6145,236,6381,50
2022-05-25,El Dorado,017,186661,28090,27715,3417,31132,213
2022-05-25,Fresno,019,978130,236924,235569,24541,260110,2763
2022-05-25,Glenn,021,27897,5056,5030,1646,6676,48
2022-05-25,Humboldt,023,135768,18336,18133,3494,21627,147
2022-05-25,Imperial,025,180216,56416,56203,10799,67002,923
2022-05-25,Inyo,027,18085,4174,4152,559,4711,56
2022-05-25,Kern,029,883053,195255,194251,47280,241531,2336
2022-05-25,Kings,031,150075,52352,52178,3558,55736,447
2022-05-25,Lake,033,64148,11026,10908,925,11833,137
2022-05-25,Lassen,035,31185,9059,9028,893,9921,64
2022-05-25,Los Angeles,037,10098052,2834560,2806770,132582,2939352,31845
2022-05-25,Madera,039,155013,38046,37867,6336,44203,370
2022-05-25,Marin,041,260295,37509,36890,3818,40708,293
2022-05-25,Mariposa,043,17540,2540,2514,227,2741,30
2022-05-25,Mendocino,045,87422,13663,13545,3425,16970,124
2022-05-25,Merced,047,269075,63715,63220,9164,72384,823
2022-05-25,Modoc,049,8938,751,750,255,1005,8
2022-05-25,Mono,051,14174,3033,3024,159,3183,6
2022-05-25,Monterey,053,433212,82205,81592,15365,96957,737
2022-05-25,Napa,055,140530,27536,27240,1136,28376,143
2022-05-25,Nevada,057,99092,16658,16517,1321,17838,127
2022-05-25,Orange,059,3164182,569886,565564,44692,610256,7026
2022-05-25,Placer,061,380077,66051,65309,7884,73193,626
2022-05-25,Plumas,063,18699,3110,3065,375,3440,13
2022-05-25,Riverside,065,2383286,608061,604465,29057,633522,6480
2022-05-25,Sacramento,067,1510023,295231,292211,28385,320596,3028
2022-05-25,San Benito,069,59416,13437,13338,593,13931,98
2022-05-25,San Bernardino,071,2135413,587902,576982,25625,602607,7568
2022-05-25,San Diego,073,3302833,787189,782420,56852,839272,5284
2022-05-25,San Francisco,075,870044,143826,141015,9389,150404,872
2022-05-25,San Joaquin,077,732212,171951,170626,10963,181589,2238
2022-05-25,San Luis Obispo,079,281455,54944,54342,4441,58783,481
2022-05-25,San Mateo,081,765935,136885,134441,8442,142883,710
2022-05-25,Santa Barbara,083,443738,90289,89426,5114,94540,693
2022-05-25,Santa Clara,085,1922200,346936,340868,14522,355390,2304
2022-05-25,Santa Cruz,087,273765,52087,51644,2415,54059,263
2022-05-25,Shasta,089,179085,31207,31072,6202,37274,564
2022-05-25,Sierra,091,2930,278,277,54,331,4
2022-05-25,Siskiyou,093,43540,4565,4516,2799,7315,81
2022-05-25,Solano,095,438530,87392,86024,6110,92134,451
2022-05-25,Sonoma,097,501317,90903,89810,3615,93425,490
2022-05-25,Stanislaus,099,539301,120662,119894,18482,138376,1654
2022-05-25,Sutter,101,95872,20986,20904,2191,23095,226
2022-05-25,Tehama,103,63373,12213,12189,2643,14832,201
2022-05-25,Trinity,105,12862,1202,1194,290,1484,20
2022-05-25,Tulare,107,460477,108078,107790,28634,136424,1482
2022-05-25,Tuolumne,109,53932,13242,13086,613,13699,182
2022-05-25,Ventura,111,848112,180664,179116,10654,189770,1499
2022-05-25,Yolo,113,214977,40239,38782,3321,42103,319
2022-05-25,Yuba,115,75493,16363,16260,1316,17576,122
2022-05-24,Alameda,001,1643700,281780,278228,15664,293892,1860
2022-05-24,Alpine,003,1148,126,126,1,127,0
2022-05-24,Amador,005,37829,8784,8654,689,9343,86
2022-05-24,Butte,007,227075,34064,33755,7311,41066,426
2022-05-24,Calaveras,009,45235,7483,7450,385,7835,120
2022-05-24,Colusa,011,21464,3474,3471,1065,4536,21
2022-05-24,Contra Costa,013,1133247,206821,201866,15087,216953,1306
2022-05-24,Del Norte,015,27424,6191,6145,234,6379,50
2022-05-24,El Dorado,017,186661,28022,27715,3410,31125,213
2022-05-24,Fresno,019,978130,236607,235569,24505,260074,2763
2022-05-24,Glenn,021,27897,5054,5030,1646,6676,48
2022-05-24,Humboldt,023,135768,18304,18133,3476,21609,147
2022-05-24,Imperial,025,180216,56363,56203,10786,66989,923
2022-05-24,Inyo,027,18085,4166,4152,556,4708,56
2022-05-24,Kern,029,883053,195061,194251,47174,241425,2336
2022-05-24,Kings,031,150075,52285,52178,3553,55731,447
2022-05-24,Lake,033,64148,11009,10908,923,11831,137
2022-05-24,Lassen,035,31185,9046,9028,889,9917,64
2022-05-24,Los Angeles,037,10098052,2829269,2806770,132196,2938966,31845
2022-05-24,Madera,039,155013,37998,37867,6321,44188,370
2022-05-24,Marin,041,260295,37403,36890,3767,40657,293
2022-05-24,Mariposa,043,17540,2533,2514,225,2739,30
2022-05-24,Mendocino,045,87422,13639,13545,3415,16960,124
2022-05-24,Merced,047,269075,63654,63220,9133,72353,823
2022-05-24,Modoc,049,8938,750,750,254,1004,8
2022-05-24,Mono,051,14174,3030,3024,159,3183,6
2022-05-24,Monterey,053,433212,82114,81592,15304,96896,737
2022-05-24,Napa,055,140530,27488,27240,1124,28364,143
2022-05-24,Nevada,057,99092,16616,16517,1314,17831,127
2022-05-24,Orange,059,3164182,568858,565564,44526,610090,7026
2022-05-24,Placer,061,380077,65951,65309,7868,73177,626
2022-05-24,Plumas,063,18699,3104,3065,375,3440,13
2022-05-24,Riverside,065,2383286,607367,604465,29008,633473,6480
2022-05-24,Sacramento,067,1510023,294546,292211,28264,320475,3028
2022-05-24,San Benito,069,59416,13402,13338,591,13929,98
2022-05-24,San Bernardino,071,2135413,587279,576982,25596,602578,7568
2022-05-24,San Diego,073,3302833,785536,782420,56635,839055,5284
2022-05-24,San Francisco,075,870044,143286,141015,9362,150377,872
2022-05-24,San Joaquin,077,732212,171688,170626,10933,181559,2238
2022-05-24,San Luis Obispo,079,281455,54794,54342,4387,58729,481
2022-05-24,San Mateo,081,765935,136354,134441,8385,142826,710
2022-05-24,Santa Barbara,083,443738,90127,89426,5087,94513,693
2022-05-24,Santa Clara,085,1922200,345652,340868,14429,355297,2304
2022-05-24,Santa Cruz,087,273765,52010,51644,2405,54049,263
2022-05-24,Shasta,089,179085,31182,31072,6190,37262,564
2022-05-24,Sierra,091,2930,278,277,54,331,4
2022-05-24,Siskiyou,093,43540,4555,4516,2791,7307,81
2022-05-24,Solano,095,438530,87162,86024,6080,92104,451
2022-05-24,Sonoma,097,501317,90697,89810,3577,93387,490
2022-05-24,Stanislaus,099,539301,120525,119894,18446,138340,1654
2022-05-24,Sutter,101,95872,20965,20904,2187,23091,226
2022-05-24,Tehama,103,63373,12204,12189,2641,14830,201
2022-05-24,Trinity,105,12862,1199,1194,290,1484,20
2022-05-24,Tulare,107,460477,107961,107790,28580,136370,1482
2022-05-24,Tuolumne,109,53932,13227,13086,613,13699,182
2022-05-24,Ventura,111,848112,180350,179116,10604,189720,1499
2022-05-24,Yolo,113,214977,40135,38782,3316,42098,319
2022-05-24,Yuba,115,75493,16335,16260,1308,17568,122
2022-05-23,Alameda,001,1643700,280841,278228,15577,293805,1860
2022-05-23,Alpine,003,1148,126,126,1,127,0
2022-05-23,Amador,005,37829,8751,8654,686,9340,86
2022-05-23,Butte,007,227075,34016,33755,7284,41039,426
2022-05-23,Calaveras,009,45235,7476,7450,383,7833,120
2022-05-23,Colusa,011,21464,3473,3471,1063,4534,21
2022-05-23,Contra Costa,013,1133247,206085,201866,15004,216870,1306
2022-05-23,Del Norte,015,27424,6186,6145,230,6375,50
2022-05-23,El Dorado,017,186661,27940,27715,3401,31116,213
2022-05-23,Fresno,019,978130,236259,235569,24437,260006,2763
2022-05-23,Glenn,021,27897,5050,5030,1642,6672,48
2022-05-23,Humboldt,023,135768,18277,18133,3454,21587,147
2022-05-23,Imperial,025,180216,56319,56203,10765,66968,923
2022-05-23,Inyo,027,18085,4163,4152,555,4707,56
2022-05-23,Kern,029,883053,194843,194251,47088,241339,2336
2022-05-23,Kings,031,150075,52238,52178,3548,55726,447
2022-05-23,Lake,033,64148,10990,10908,921,11829,137
2022-05-23,Lassen,035,31185,9038,9028,886,9914,64
2022-05-23,Los Angeles,037,10098052,2823839,2806770,131827,2938597,31845
2022-05-23,Madera,039,155013,37967,37867,6298,44165,370
2022-05-23,Marin,041,260295,37262,36890,3722,40612,293
2022-05-23,Mariposa,043,17540,2531,2514,223,2737,30
2022-05-23,Mendocino,045,87422,13617,13545,3401,16946,124
2022-05-23,Merced,047,269075,63575,63220,9105,72325,823
2022-05-23,Modoc,049,8938,749,750,254,1004,8
2022-05-23,Mono,051,14174,3030,3024,159,3183,6
2022-05-23,Monterey,053,433212,82015,81592,15239,96831,737
2022-05-23,Napa,055,140530,27431,27240,1117,28357,143
2022-05-23,Nevada,057,99092,16581,16517,1311,17828,127
2022-05-23,Orange,059,3164182,567850,565564,44382,609946,7026
2022-05-23,Placer,061,380077,65805,65309,7836,73145,626
2022-05-23,Plumas,063,18699,3101,3065,374,3439,13
2022-05-23,Riverside,065,2383286,606645,604465,28955,633420,6480
2022-05-23,Sacramento,067,1510023,293797,292211,28141,320352,3028
2022-05-23,San Benito,069,59416,13367,13338,588,13926,98
2022-05-23,San Bernardino,071,2135413,586632,576982,25563,602545,7568
2022-05-23,San Diego,073,3302833,783817,782420,56421,838841,5284
2022-05-23,San Francisco,075,870044,142716,141015,9328,150343,872
2022-05-23,San Joaquin,077,732212,171419,170626,10902,181528,2238
2022-05-23,San Luis Obispo,079,281455,54648,54342,4340,58682,481
2022-05-23,San Mateo,081,765935,135782,134441,8333,142774,710
2022-05-23,Santa Barbara,083,443738,89892,89426,5063,94489,693
2022-05-23,Santa Clara,085,1922200,344279,340868,14341,355209,2304
2022-05-23,Santa Cruz,087,273765,51906,51644,2390,54034,263
2022-05-23,Shasta,089,179085,31159,31072,6184,37256,564
2022-05-23,Sierra,091,2930,278,277,54,331,4
2022-05-23,Siskiyou,093,43540,4541,4516,2787,7303,81
2022-05-23,Solano,095,438530,86891,86024,6060,92084,451
2022-05-23,Sonoma,097,501317,90469,89810,3528,93338,490
2022-05-23,Stanislaus,099,539301,120385,119894,18406,138300,1654
2022-05-23,Sutter,101,95872,20925,20904,2182,23086,226
2022-05-23,Tehama,103,63373,12192,12189,2640,14829,201
2022-05-23,Trinity,105,12862,1198,1194,290,1484,20
2022-05-23,Tulare,107,460477,107838,107790,28511,136301,1482
2022-05-23,Tuolumne,109,53932,13203,13086,609,13695,182
2022-05-23,Ventura,111,848112,180019,179116,10573,189689,1499
2022-05-23,Yolo,113,214977,40002,38782,3300,42082,319
2022-05-23,Yuba,115,75493,16306,16260,1304,17564,122
2022-05-22,Alameda,001,1643700,279747,274996,15469,290465,1858
2022-05-22,Alpine,003,1148,126,126,1,127,0
2022-05-22,Amador,005,37829,8734,8628,680,9308,86
2022-05-22,Butte,007,227075,33964,33606,7257,40863,426
2022-05-22,Calaveras,009,45235,7465,7424,379,7803,120
2022-05-22,Colusa,011,21464,3469,3468,1060,4528,21
2022-05-22,Contra Costa,013,1133247,205360,199703,14871,214574,1305
2022-05-22,Del Norte,015,27424,6170,6045,219,6264,50
2022-05-22,El Dorado,017,186661,27863,27517,3385,30902,213
2022-05-22,Fresno,019,978130,235920,234657,24386,259043,2760
2022-05-22,Glenn,021,27897,5040,5020,1641,6661,48
2022-05-22,Humboldt,023,135768,18223,17984,3427,21411,146
2022-05-22,Imperial,025,180216,56251,56014,10750,66764,923
2022-05-22,Inyo,027,18085,4155,4135,553,4688,56
2022-05-22,Kern,029,883053,194607,193705,46988,240693,2334
2022-05-22,Kings,031,150075,52175,52038,3542,55580,447
2022-05-22,Lake,033,64148,10958,10867,919,11786,137
2022-05-22,Lassen,035,31185,9022,9011,883,9894,64
2022-05-22,Los Angeles,037,10098052,2817957,2791671,131399,2923070,31815
2022-05-22,Madera,039,155013,37921,37744,6263,44007,370
2022-05-22,Marin,041,260295,37116,36394,3678,40072,293
2022-05-22,Mariposa,043,17540,2527,2490,222,2712,30
2022-05-22,Mendocino,045,87422,13589,13461,3372,16833,124
2022-05-22,Merced,047,269075,63498,62969,9074,72043,823
2022-05-22,Modoc,049,8938,748,750,254,1004,8
2022-05-22,Mono,051,14174,3029,3012,159,3171,6
2022-05-22,Monterey,053,433212,81858,81224,15139,96363,735
2022-05-22,Napa,055,140530,27360,27034,1109,28143,143
2022-05-22,Nevada,057,99092,16547,16410,1299,17709,127
2022-05-22,Orange,059,3164182,566756,562531,44206,606737,7025
2022-05-22,Placer,061,380077,65646,64802,7804,72606,626
2022-05-22,Plumas,063,18699,3094,3052,372,3424,13
2022-05-22,Riverside,065,2383286,605813,601808,28889,630697,6476
2022-05-22,Sacramento,067,1510023,292999,289972,27980,317952,3027
2022-05-22,San Benito,069,59416,13335,13234,582,13816,98
2022-05-22,San Bernardino,071,2135413,585911,575194,25524,600718,7523
2022-05-22,San Diego,073,3302833,782198,777404,56226,833630,5282
2022-05-22,San Francisco,075,870044,142029,138922,9311,148233,871
2022-05-22,San Joaquin,077,732212,171118,169745,10863,180608,2237
2022-05-22,San Luis Obispo,079,281455,54493,54012,4279,58291,481
2022-05-22,San Mateo,081,765935,135214,132636,8278,140914,711
2022-05-22,Santa Barbara,083,443738,89659,88783,5028,93811,692
2022-05-22,Santa Clara,085,1922200,342840,336488,14262,350750,2301
2022-05-22,Santa Cruz,087,273765,51813,51333,2376,53709,263
2022-05-22,Shasta,089,179085,31111,30966,6172,37138,564
2022-05-22,Sierra,091,2930,278,276,54,330,4
2022-05-22,Siskiyou,093,43540,4532,4501,2786,7287,81
2022-05-22,Solano,095,438530,86607,85038,6027,91065,451
2022-05-22,Sonoma,097,501317,90182,88889,3473,92362,489
2022-05-22,Stanislaus,099,539301,120212,119396,18381,137777,1653
2022-05-22,Sutter,101,95872,20896,20809,2174,22983,226
2022-05-22,Tehama,103,63373,12184,12162,2635,14797,201
2022-05-22,Trinity,105,12862,1198,1191,289,1480,20
2022-05-22,Tulare,107,460477,107731,107485,28428,135913,1477
2022-05-22,Tuolumne,109,53932,13183,12977,607,13584,182
2022-05-22,Ventura,111,848112,179674,178024,10521,188545,1499
2022-05-22,Yolo,113,214977,39876,38377,3276,41653,319
2022-05-22,Yuba,115,75493,16279,16180,1295,17475,122
2022-05-21,Alameda,001,1643700,279286,274996,15448,290444,1858
2022-05-21,Alpine,003,1148,126,126,1,127,0
2022-05-21,Amador,005,37829,8723,8628,680,9308,86
2022-05-21,Butte,007,227075,33943,33606,7243,40849,426
2022-05-21,Calaveras,009,45235,7459,7424,379,7803,120
2022-05-21,Colusa,011,21464,3469,3468,1059,4527,21
2022-05-21,Contra Costa,013,1133247,205000,199703,14838,214541,1305
2022-05-21,Del Norte,015,27424,6166,6045,217,6262,50
2022-05-21,El Dorado,017,186661,27827,27517,3383,30900,213
2022-05-21,Fresno,019,978130,235789,234657,24365,259022,2760
2022-05-21,Glenn,021,27897,5036,5020,1640,6660,48
2022-05-21,Humboldt,023,135768,18198,17984,3419,21403,146
2022-05-21,Imperial,025,180216,56217,56014,10748,66762,923
2022-05-21,Inyo,027,18085,4153,4135,551,4686,56
2022-05-21,Kern,029,883053,194510,193705,46928,240633,2334
2022-05-21,Kings,031,150075,52152,52038,3541,55579,447
2022-05-21,Lake,033,64148,10950,10867,919,11786,137
2022-05-21,Lassen,035,31185,9019,9011,883,9894,64
2022-05-21,Los Angeles,037,10098052,2815655,2791671,131158,2922829,31815
2022-05-21,Madera,039,155013,37903,37744,6257,44001,370
2022-05-21,Marin,041,260295,37022,36394,3634,40028,293
2022-05-21,Mariposa,043,17540,2525,2490,222,2712,30
2022-05-21,Mendocino,045,87422,13578,13461,3367,16828,124
2022-05-21,Merced,047,269075,63463,62969,9068,72037,823
2022-05-21,Modoc,049,8938,747,750,254,1004,8
2022-05-21,Mono,051,14174,3029,3012,159,3171,6
2022-05-21,Monterey,053,433212,81792,81224,15083,96307,735
2022-05-21,Napa,055,140530,27327,27034,1106,28140,143
2022-05-21,Nevada,057,99092,16541,16410,1299,17709,127
2022-05-21,Orange,059,3164182,566244,562531,44102,606633,7025
2022-05-21,Placer,061,380077,65538,64802,7791,72593,626
2022-05-21,Plumas,063,18699,3087,3052,372,3424,13
2022-05-21,Riverside,065,2383286,605341,601808,28864,630672,6476
2022-05-21,Sacramento,067,1510023,292673,289972,27951,317923,3027
2022-05-21,San Benito,069,59416,13323,13234,574,13808,98
2022-05-21,San Bernardino,071,2135413,585571,575194,25499,600693,7523
2022-05-21,San Diego,073,3302833,781500,777404,56162,833566,5282
2022-05-21,San Francisco,075,870044,141721,138922,9298,148220,871
2022-05-21,San Joaquin,077,732212,171000,169745,10845,180590,2237
2022-05-21,San Luis Obispo,079,281455,54414,54012,4265,58277,481
2022-05-21,San Mateo,081,765935,134903,132636,8250,140886,711
2022-05-21,Santa Barbara,083,443738,89567,88783,5015,93798,692
2022-05-21,Santa Clara,085,1922200,341992,336488,14220,350708,2301
2022-05-21,Santa Cruz,087,273765,51768,51333,2357,53690,263
2022-05-21,Shasta,089,179085,31100,30966,6170,37136,564
2022-05-21,Sierra,091,2930,277,276,54,330,4
2022-05-21,Siskiyou,093,43540,4528,4501,2784,7285,81
2022-05-21,Solano,095,438530,86523,85038,6021,91059,451
2022-05-21,Sonoma,097,501317,90056,88889,3464,92353,489
2022-05-21,Stanislaus,099,539301,120133,119396,18357,137753,1653
2022-05-21,Sutter,101,95872,20886,20809,2169,22978,226
2022-05-21,Tehama,103,63373,12182,12162,2634,14796,201
2022-05-21,Trinity,105,12862,1198,1191,289,1480,20
2022-05-21,Tulare,107,460477,107669,107485,28392,135877,1477
2022-05-21,Tuolumne,109,53932,13176,12977,607,13584,182
2022-05-21,Ventura,111,848112,179499,178024,10502,188526,1499
2022-05-21,Yolo,113,214977,39812,38377,3265,41642,319
2022-05-21,Yuba,115,75493,16266,16180,1293,17473,122
2022-05-20,Alameda,001,1643700,278743,274996,15421,290417,1858
2022-05-20,Alpine,003,1148,126,126,1,127,0
2022-05-20,Amador,005,37829,8716,8628,680,9308,86
2022-05-20,Butte,007,227075,33921,33606,7231,40837,426
2022-05-20,Calaveras,009,45235,7451,7424,379,7803,120
2022-05-20,Colusa,011,21464,3469,3468,1059,4527,21
2022-05-20,Contra Costa,013,1133247,204645,199703,14821,214524,1305
2022-05-20,Del Norte,015,27424,6161,6045,216,6261,50
2022-05-20,El Dorado,017,186661,27795,27517,3380,30897,213
2022-05-20,Fresno,019,978130,235632,234657,24335,258992,2760
2022-05-20,Glenn,021,27897,5033,5020,1640,6660,48
2022-05-20,Humboldt,023,135768,18176,17984,3411,21395,146
2022-05-20,Imperial,025,180216,56193,56014,10745,66759,923
2022-05-20,Inyo,027,18085,4150,4135,547,4682,56
2022-05-20,Kern,029,883053,194407,193705,46879,240584,2334
2022-05-20,Kings,031,150075,52137,52038,3540,55578,447
2022-05-20,Lake,033,64148,10933,10867,919,11786,137
2022-05-20,Lassen,035,31185,9017,9011,883,9894,64
2022-05-20,Los Angeles,037,10098052,2813304,2791671,130933,2922604,31815
2022-05-20,Madera,039,155013,37884,37744,6249,43993,370
2022-05-20,Marin,041,260295,36949,36394,3595,39989,293
2022-05-20,Mariposa,043,17540,2520,2490,222,2712,30
2022-05-20,Mendocino,045,87422,13563,13461,3363,16824,124
2022-05-20,Merced,047,269075,63429,62969,9065,72034,823
2022-05-20,Modoc,049,8938,747,750,254,1004,8
2022-05-20,Mono,051,14174,3025,3012,159,3171,6
2022-05-20,Monterey,053,433212,81734,81224,15043,96267,735
2022-05-20,Napa,055,140530,27297,27034,1102,28136,143
2022-05-20,Nevada,057,99092,16533,16410,1297,17707,127
2022-05-20,Orange,059,3164182,565673,562531,44006,606537,7025
2022-05-20,Placer,061,380077,65463,64802,7775,72577,626
2022-05-20,Plumas,063,18699,3085,3052,372,3424,13
2022-05-20,Riverside,065,2383286,604892,601808,28841,630649,6476
2022-05-20,Sacramento,067,1510023,292294,289972,27930,317902,3027
2022-05-20,San Benito,069,59416,13307,13234,573,13807,98
2022-05-20,San Bernardino,071,2135413,585250,575194,25480,600674,7523
2022-05-20,San Diego,073,3302833,780703,777404,56070,833474,5282
2022-05-20,San Francisco,075,870044,141388,138922,9267,148189,871
2022-05-20,San Joaquin,077,732212,170879,169745,10838,180583,2237
2022-05-20,San Luis Obispo,079,281455,54378,54012,4260,58272,481
2022-05-20,San Mateo,081,765935,134588,132636,8227,140863,711
2022-05-20,Santa Barbara,083,443738,89483,88783,5010,93793,692
2022-05-20,Santa Clara,085,1922200,341199,336488,14166,350654,2301
2022-05-20,Santa Cruz,087,273765,51723,51333,2339,53672,263
2022-05-20,Shasta,089,179085,31086,30966,6167,37133,564
2022-05-20,Sierra,091,2930,277,276,54,330,4
2022-05-20,Siskiyou,093,43540,4525,4501,2782,7283,81
2022-05-20,Solano,095,438530,86381,85038,6013,91051,451
2022-05-20,Sonoma,097,501317,89929,88889,3451,92340,489
2022-05-20,Stanislaus,099,539301,120051,119396,18344,137740,1653
2022-05-20,Sutter,101,95872,20877,20809,2168,22977,226
2022-05-20,Tehama,103,63373,12179,12162,2633,14795,201
2022-05-20,Trinity,105,12862,1198,1191,289,1480,20
2022-05-20,Tulare,107,460477,107613,107485,28353,135838,1477
2022-05-20,Tuolumne,109,53932,13157,12977,605,13582,182
2022-05-20,Ventura,111,848112,179301,178024,10484,188508,1499
2022-05-20,Yolo,113,214977,39743,38377,3259,41636,319
2022-05-20,Yuba,115,75493,16251,16180,1289,17469,122
2022-05-19,Alameda,001,1643700,277903,274996,15349,290345,1858
2022-05-19,Alpine,003,1148,126,126,1,127,0
2022-05-19,Amador,005,37829,8708,8628,680,9308,86
2022-05-19,Butte,007,227075,33883,33606,7222,40828,426
2022-05-19,Calaveras,009,45235,7445,7424,376,7800,120
2022-05-19,Colusa,011,21464,3468,3468,1058,4526,21
2022-05-19,Contra Costa,013,1133247,204103,199703,14747,214450,1305
2022-05-19,Del Norte,015,27424,6157,6045,211,6256,50
2022-05-19,El Dorado,017,186661,27743,27517,3365,30882,213
2022-05-19,Fresno,019,978130,235408,234657,24295,258952,2760
2022-05-19,Glenn,021,27897,5032,5020,1636,6656,48
2022-05-19,Humboldt,023,135768,18142,17984,3396,21380,146
2022-05-19,Imperial,025,180216,56147,56014,10744,66758,923
2022-05-19,Inyo,027,18085,4146,4135,546,4681,56
2022-05-19,Kern,029,883053,194266,193705,46804,240509,2334
2022-05-19,Kings,031,150075,52110,52038,3539,55577,447
2022-05-19,Lake,033,64148,10925,10867,917,11784,137
2022-05-19,Lassen,035,31185,9013,9011,883,9894,64
2022-05-19,Los Angeles,037,10098052,2809345,2791671,130604,2922275,31815
2022-05-19,Madera,039,155013,37847,37744,6233,43977,370
2022-05-19,Marin,041,260295,36853,36394,3562,39956,293
2022-05-19,Mariposa,043,17540,2512,2490,222,2712,30
2022-05-19,Mendocino,045,87422,13540,13461,3356,16817,124
2022-05-19,Merced,047,269075,63368,62969,9049,72018,823
2022-05-19,Modoc,049,8938,747,750,254,1004,8
2022-05-19,Mono,051,14174,3024,3012,155,3167,6
2022-05-19,Monterey,053,433212,81654,81224,14978,96202,735
2022-05-19,Napa,055,140530,27240,27034,1099,28133,143
2022-05-19,Nevada,057,99092,16499,16410,1290,17700,127
2022-05-19,Orange,059,3164182,564842,562531,43881,606412,7025
2022-05-19,Placer,061,380077,65345,64802,7759,72561,626
2022-05-19,Plumas,063,18699,3079,3052,372,3424,13
2022-05-19,Riverside,065,2383286,604261,601808,28799,630607,6476
2022-05-19,Sacramento,067,1510023,291737,289972,27847,317819,3027
2022-05-19,San Benito,069,59416,13279,13234,570,13804,98
2022-05-19,San Bernardino,071,2135413,584735,575194,25459,600653,7523
2022-05-19,San Diego,073,3302833,779467,777404,55905,833309,5282
2022-05-19,San Francisco,075,870044,140918,138922,9232,148154,871
2022-05-19,San Joaquin,077,732212,170638,169745,10821,180566,2237
2022-05-19,San Luis Obispo,079,281455,54275,54012,4228,58240,481
2022-05-19,San Mateo,081,765935,134123,132636,8168,140804,711
2022-05-19,Santa Barbara,083,443738,89329,88783,4983,93766,692
2022-05-19,Santa Clara,085,1922200,340111,336488,14073,350561,2301
2022-05-19,Santa Cruz,087,273765,51645,51333,2325,53658,263
2022-05-19,Shasta,089,179085,31057,30966,6161,37127,564
2022-05-19,Sierra,091,2930,277,276,54,330,4
2022-05-19,Siskiyou,093,43540,4522,4501,2780,7281,81
2022-05-19,Solano,095,438530,86195,85038,5988,91026,451
2022-05-19,Sonoma,097,501317,89726,88889,3417,92306,489
2022-05-19,Stanislaus,099,539301,119922,119396,18322,137718,1653
2022-05-19,Sutter,101,95872,20841,20809,2165,22974,226
2022-05-19,Tehama,103,63373,12169,12162,2630,14792,201
2022-05-19,Trinity,105,12862,1197,1191,289,1480,20
2022-05-19,Tulare,107,460477,107521,107485,28307,135792,1477
2022-05-19,Tuolumne,109,53932,13133,12977,602,13579,182
2022-05-19,Ventura,111,848112,179026,178024,10445,188469,1499
2022-05-19,Yolo,113,214977,39652,38377,3251,41628,319
2022-05-19,Yuba,115,75493,16231,16180,1281,17461,122
2022-05-18,Alameda,001,1643700,277053,272530,15280,287810,1859
2022-05-18,Alpine,003,1148,126,126,1,127,0
2022-05-18,Amador,005,37829,8690,8592,680,9272,86
2022-05-18,Butte,007,227075,33842,33486,7207,40693,426
2022-05-18,Calaveras,009,45235,7437,7400,376,7776,120
2022-05-18,Colusa,011,21464,3468,3467,1058,4525,21
2022-05-18,Contra Costa,013,1133247,203546,198207,14660,212867,1303
2022-05-18,Del Norte,015,27424,6149,6001,207,6208,50
2022-05-18,El Dorado,017,186661,27692,27388,3357,30745,212
2022-05-18,Fresno,019,978130,235148,234055,24254,258309,2759
2022-05-18,Glenn,021,27897,5031,5012,1636,6648,48
2022-05-18,Humboldt,023,135768,18117,17868,3375,21243,146
2022-05-18,Imperial,025,180216,56085,55915,10738,66653,918
2022-05-18,Inyo,027,18085,4142,4120,540,4660,56
2022-05-18,Kern,029,883053,194149,193338,46744,240082,2327
2022-05-18,Kings,031,150075,52082,51903,3536,55439,447
2022-05-18,Lake,033,64148,10916,10831,916,11747,137
2022-05-18,Lassen,035,31185,9007,8994,883,9877,65
2022-05-18,Los Angeles,037,10098052,2805003,2780354,130324,2910678,31789
2022-05-18,Madera,039,155013,37809,37644,6224,43868,365
2022-05-18,Marin,041,260295,36762,36024,3521,39545,293
2022-05-18,Mariposa,043,17540,2505,2481,222,2703,30
2022-05-18,Mendocino,045,87422,13519,13403,3341,16744,124
2022-05-18,Merced,047,269075,63303,62802,9022,71824,818
2022-05-18,Modoc,049,8938,747,748,254,1002,8
2022-05-18,Mono,051,14174,3022,3010,153,3163,6
2022-05-18,Monterey,053,433212,81545,80955,14922,95877,735
2022-05-18,Napa,055,140530,27199,26912,1092,28004,143
2022-05-18,Nevada,057,99092,16479,16361,1285,17646,127
2022-05-18,Orange,059,3164182,564039,560094,43776,603870,7021
2022-05-18,Placer,061,380077,65200,64432,7744,72176,626
2022-05-18,Plumas,063,18699,3071,3022,369,3391,13
2022-05-18,Riverside,065,2383286,603617,599947,28747,628694,6471
2022-05-18,Sacramento,067,1510023,291214,288335,27764,316099,3022
2022-05-18,San Benito,069,59416,13256,13186,566,13752,98
2022-05-18,San Bernardino,071,2135413,584261,573790,25432,599222,7455
2022-05-18,San Diego,073,3302833,778031,773934,55741,829675,5277
2022-05-18,San Francisco,075,870044,140391,137341,9205,146546,869
2022-05-18,San Joaquin,077,732212,170405,169045,10735,179780,2236
2022-05-18,San Luis Obispo,079,281455,54176,53756,4194,57950,478
2022-05-18,San Mateo,081,765935,133700,131330,8099,139429,709
2022-05-18,Santa Barbara,083,443738,89169,88317,4962,93279,693
2022-05-18,Santa Clara,085,1922200,338963,333230,13977,347207,2300
2022-05-18,Santa Cruz,087,273765,51554,51020,2312,53332,263
2022-05-18,Shasta,089,179085,31034,30899,6156,37055,558
2022-05-18,Sierra,091,2930,277,275,54,329,4
2022-05-18,Siskiyou,093,43540,4517,4495,2778,7273,81
2022-05-18,Solano,095,438530,85931,84476,5970,90446,451
2022-05-18,Sonoma,097,501317,89527,88195,3378,91573,489
2022-05-18,Stanislaus,099,539301,119812,119025,18289,137314,1645
2022-05-18,Sutter,101,95872,20819,20763,2156,22919,226
2022-05-18,Tehama,103,63373,12163,12133,2627,14760,201
2022-05-18,Trinity,105,12862,1197,1189,289,1478,20
2022-05-18,Tulare,107,460477,107452,107292,28249,135541,1477
2022-05-18,Tuolumne,109,53932,13114,12917,600,13517,182
2022-05-18,Ventura,111,848112,178755,177233,10401,187634,1497
2022-05-18,Yolo,113,214977,39540,38139,3239,41378,316
2022-05-18,Yuba,115,75493,16207,16109,1272,17381,122
2022-05-17,Alameda,001,1643700,276221,272530,15213,287743,1859
2022-05-17,Alpine,003,1148,126,126,1,127,0
2022-05-17,Amador,005,37829,8681,8592,678,9270,86
2022-05-17,Butte,007,227075,33790,33486,7186,40672,426
2022-05-17,Calaveras,009,45235,7430,7400,376,7776,120
2022-05-17,Colusa,011,21464,3467,3467,1057,4524,21
2022-05-17,Contra Costa,013,1133247,202908,198207,14575,212782,1303
2022-05-17,Del Norte,015,27424,6135,6001,207,6208,50
2022-05-17,El Dorado,017,186661,27636,27388,3351,30739,212
2022-05-17,Fresno,019,978130,234897,234055,24223,258278,2759
2022-05-17,Glenn,021,27897,5028,5012,1635,6647,48
2022-05-17,Humboldt,023,135768,18077,17868,3358,21226,146
2022-05-17,Imperial,025,180216,56042,55915,10728,66643,918
2022-05-17,Inyo,027,18085,4140,4120,531,4651,56
2022-05-17,Kern,029,883053,193992,193338,46688,240026,2327
2022-05-17,Kings,031,150075,52039,51903,3532,55435,447
2022-05-17,Lake,033,64148,10901,10831,914,11745,137
2022-05-17,Lassen,035,31185,9002,8994,882,9876,65
2022-05-17,Los Angeles,037,10098052,2800454,2780354,130021,2910375,31789
2022-05-17,Madera,039,155013,37783,37644,6209,43853,365
2022-05-17,Marin,041,260295,36628,36024,3460,39484,293
2022-05-17,Mariposa,043,17540,2500,2481,221,2702,30
2022-05-17,Mendocino,045,87422,13493,13403,3331,16734,124
2022-05-17,Merced,047,269075,63238,62802,9003,71805,818
2022-05-17,Modoc,049,8938,747,748,254,1002,8
2022-05-17,Mono,051,14174,3018,3010,153,3163,6
2022-05-17,Monterey,053,433212,81428,80955,14856,95811,735
2022-05-17,Napa,055,140530,27151,26912,1084,27996,143
2022-05-17,Nevada,057,99092,16450,16361,1277,17638,127
2022-05-17,Orange,059,3164182,563141,560094,43644,603738,7021
2022-05-17,Placer,061,380077,65035,64432,7706,72138,626
2022-05-17,Plumas,063,18699,3065,3022,368,3390,13
2022-05-17,Riverside,065,2383286,602934,599947,28703,628650,6471
2022-05-17,Sacramento,067,1510023,290584,288335,27662,315997,3022
2022-05-17,San Benito,069,59416,13219,13186,565,13751,98
2022-05-17,San Bernardino,071,2135413,583767,573790,25418,599208,7455
2022-05-17,San Diego,073,3302833,776518,773934,55574,829508,5277
2022-05-17,San Francisco,075,870044,139814,137341,9174,146515,869
2022-05-17,San Joaquin,077,732212,170165,169045,10695,179740,2236
2022-05-17,San Luis Obispo,079,281455,54083,53756,4150,57906,478
2022-05-17,San Mateo,081,765935,133205,131330,8059,139389,709
2022-05-17,Santa Barbara,083,443738,88971,88317,4944,93261,693
2022-05-17,Santa Clara,085,1922200,337781,333230,13903,347133,2300
2022-05-17,Santa Cruz,087,273765,51477,51020,2304,53324,263
2022-05-17,Shasta,089,179085,30996,30899,6153,37052,558
2022-05-17,Sierra,091,2930,277,275,54,329,4
2022-05-17,Siskiyou,093,43540,4515,4495,2776,7271,81
2022-05-17,Solano,095,438530,85650,84476,5940,90416,451
2022-05-17,Sonoma,097,501317,89286,88195,3332,91527,489
2022-05-17,Stanislaus,099,539301,119664,119025,18261,137286,1645
2022-05-17,Sutter,101,95872,20799,20763,2152,22915,226
2022-05-17,Tehama,103,63373,12151,12133,2624,14757,201
2022-05-17,Trinity,105,12862,1196,1189,289,1478,20
2022-05-17,Tulare,107,460477,107358,107292,28209,135501,1477
2022-05-17,Tuolumne,109,53932,13099,12917,600,13517,182
2022-05-17,Ventura,111,848112,178432,177233,10347,187580,1497
2022-05-17,Yolo,113,214977,39403,38139,3232,41371,316
2022-05-17,Yuba,115,75493,16183,16109,1269,17378,122
2022-05-16,Alameda,001,1643700,275211,272530,15132,287662,1859
2022-05-16,Alpine,003,1148,126,126,1,127,0
2022-05-16,Amador,005,37829,8671,8592,677,9269,86
2022-05-16,Butte,007,227075,33732,33486,7170,40656,426
2022-05-16,Calaveras,009,45235,7424,7400,374,7774,120
2022-05-16,Colusa,011,21464,3466,3467,1057,4524,21
2022-05-16,Contra Costa,013,1133247,202269,198207,14494,212701,1303
2022-05-16,Del Norte,015,27424,6122,6001,204,6205,50
2022-05-16,El Dorado,017,186661,27580,27388,3343,30731,212
2022-05-16,Fresno,019,978130,234635,234055,24180,258235,2759
2022-05-16,Glenn,021,27897,5024,5012,1630,6642,48
2022-05-16,Humboldt,023,135768,18032,17868,3344,21212,146
2022-05-16,Imperial,025,180216,55978,55915,10715,66630,918
2022-05-16,Inyo,027,18085,4136,4120,528,4648,56
2022-05-16,Kern,029,883053,193840,193338,46622,239960,2327
2022-05-16,Kings,031,150075,51989,51903,3531,55434,447
2022-05-16,Lake,033,64148,10894,10831,913,11744,137
2022-05-16,Lassen,035,31185,8997,8994,880,9874,65
2022-05-16,Los Angeles,037,10098052,2796009,2780354,129737,2910091,31789
2022-05-16,Madera,039,155013,37752,37644,6187,43831,365
2022-05-16,Marin,041,260295,36464,36024,3412,39436,293
2022-05-16,Mariposa,043,17540,2499,2481,220,2701,30
2022-05-16,Mendocino,045,87422,13467,13403,3319,16722,124
2022-05-16,Merced,047,269075,63168,62802,8967,71769,818
2022-05-16,Modoc,049,8938,747,748,254,1002,8
2022-05-16,Mono,051,14174,3016,3010,153,3163,6
2022-05-16,Monterey,053,433212,81317,80955,14769,95724,735
2022-05-16,Napa,055,140530,27100,26912,1079,27991,143
2022-05-16,Nevada,057,99092,16431,16361,1271,17632,127
2022-05-16,Orange,059,3164182,562287,560094,43520,603614,7021
2022-05-16,Placer,061,380077,64928,64432,7675,72107,626
2022-05-16,Plumas,063,18699,3055,3022,367,3389,13
2022-05-16,Riverside,065,2383286,602225,599947,28648,628595,6471
2022-05-16,Sacramento,067,1510023,289921,288335,27571,315906,3022
2022-05-16,San Benito,069,59416,13201,13186,560,13746,98
2022-05-16,San Bernardino,071,2135413,583299,573790,25388,599178,7455
2022-05-16,San Diego,073,3302833,774975,773934,55405,829339,5277
2022-05-16,San Francisco,075,870044,139109,137341,9142,146483,869
2022-05-16,San Joaquin,077,732212,169887,169045,10510,179555,2236
2022-05-16,San Luis Obispo,079,281455,53980,53756,4121,57877,478
2022-05-16,San Mateo,081,765935,132662,131330,8003,139333,709
2022-05-16,Santa Barbara,083,443738,88826,88317,4933,93250,693
2022-05-16,Santa Clara,085,1922200,336459,333230,13816,347046,2300
2022-05-16,Santa Cruz,087,273765,51398,51020,2289,53309,263
2022-05-16,Shasta,089,179085,30963,30899,6145,37044,558
2022-05-16,Sierra,091,2930,277,275,53,328,4
2022-05-16,Siskiyou,093,43540,4512,4495,2769,7264,81
2022-05-16,Solano,095,438530,85388,84476,5913,90389,451
2022-05-16,Sonoma,097,501317,88986,88195,3294,91489,489
2022-05-16,Stanislaus,099,539301,119519,119025,18228,137253,1645
2022-05-16,Sutter,101,95872,20785,20763,2145,22908,226
2022-05-16,Tehama,103,63373,12143,12133,2621,14754,201
2022-05-16,Trinity,105,12862,1195,1189,289,1478,20
2022-05-16,Tulare,107,460477,107283,107292,28158,135450,1477
2022-05-16,Tuolumne,109,53932,13067,12917,597,13514,182
2022-05-16,Ventura,111,848112,178101,177233,10289,187522,1497
2022-05-16,Yolo,113,214977,39268,38139,3223,41362,316
2022-05-16,Yuba,115,75493,16156,16109,1266,17375,122
2022-05-15,Alameda,001,1643700,274141,268944,15063,284007,1857
2022-05-15,Alpine,003,1148,126,125,1,126,0
2022-05-15,Amador,005,37829,8655,8574,672,9246,86
2022-05-15,Butte,007,227075,33673,33377,7149,40526,424
2022-05-15,Calaveras,009,45235,7405,7378,372,7750,120
2022-05-15,Colusa,011,21464,3463,3463,1055,4518,21
2022-05-15,Contra Costa,013,1133247,201508,195925,14412,210337,1301
2022-05-15,Del Norte,015,27424,6049,5919,202,6121,50
2022-05-15,El Dorado,017,186661,27519,27216,3328,30544,212
2022-05-15,Fresno,019,978130,234369,233305,24145,257450,2757
2022-05-15,Glenn,021,27897,5021,5004,1629,6633,48
2022-05-15,Humboldt,023,135768,17982,17633,3304,20937,146
2022-05-15,Imperial,025,180216,55942,55756,10694,66450,917
2022-05-15,Inyo,027,18085,4132,4114,524,4638,56
2022-05-15,Kern,029,883053,193665,192939,46542,239481,2314
2022-05-15,Kings,031,150075,51929,51779,3527,55306,447
2022-05-15,Lake,033,64148,10877,10790,910,11700,137
2022-05-15,Lassen,035,31185,8989,8987,879,9866,65
2022-05-15,Los Angeles,037,10098052,2791392,2768726,129368,2898094,31768
2022-05-15,Madera,039,155013,37710,37520,6169,43689,365
2022-05-15,Marin,041,260295,36293,35486,3373,38859,293
2022-05-15,Mariposa,043,17540,2494,2463,219,2682,30
2022-05-15,Mendocino,045,87422,13448,13349,3292,16641,124
2022-05-15,Merced,047,269075,63082,62627,8921,71548,818
2022-05-15,Modoc,049,8938,746,747,254,1001,8
2022-05-15,Mono,051,14174,3013,3002,151,3153,6
2022-05-15,Monterey,053,433212,81208,80620,14682,95302,735
2022-05-15,Napa,055,140530,27045,26698,1075,27773,143
2022-05-15,Nevada,057,99092,16401,16240,1268,17508,127
2022-05-15,Orange,059,3164182,561341,557134,43388,600522,7017
2022-05-15,Placer,061,380077,64746,63963,7644,71607,626
2022-05-15,Plumas,063,18699,3049,3006,367,3373,13
2022-05-15,Riverside,065,2383286,601510,597914,28580,626494,6471
2022-05-15,Sacramento,067,1510023,289210,286403,27439,313842,3022
2022-05-15,San Benito,069,59416,13175,13106,558,13664,98
2022-05-15,San Bernardino,071,2135413,582749,572057,25360,597417,7423
2022-05-15,San Diego,073,3302833,773469,770323,55206,825529,5271
2022-05-15,San Francisco,075,870044,138395,134916,9108,144024,866
2022-05-15,San Joaquin,077,732212,169645,168174,10434,178608,2236
2022-05-15,San Luis Obispo,079,281455,53853,53502,4079,57581,478
2022-05-15,San Mateo,081,765935,132130,129480,7929,137409,709
2022-05-15,Santa Barbara,083,443738,88596,87773,4898,92671,693
2022-05-15,Santa Clara,085,1922200,335049,328609,13727,342336,2297
2022-05-15,Santa Cruz,087,273765,51293,50268,2273,52541,263
2022-05-15,Shasta,089,179085,30922,30799,6139,36938,557
2022-05-15,Sierra,091,2930,277,275,53,328,4
2022-05-15,Siskiyou,093,43540,4510,4482,2766,7248,81
2022-05-15,Solano,095,438530,85068,83669,5879,89548,451
2022-05-15,Sonoma,097,501317,88661,87070,3269,90339,488
2022-05-15,Stanislaus,099,539301,119350,118586,18196,136782,1645
2022-05-15,Sutter,101,95872,20758,20690,2135,22825,226
2022-05-15,Tehama,103,63373,12126,12115,2615,14730,201
2022-05-15,Trinity,105,12862,1194,1188,289,1477,20
2022-05-15,Tulare,107,460477,107183,107077,28109,135186,1469
2022-05-15,Tuolumne,109,53932,13013,12851,596,13447,182
2022-05-15,Ventura,111,848112,177755,176317,10227,186544,1497
2022-05-15,Yolo,113,214977,39153,37737,3211,40948,316
2022-05-15,Yuba,115,75493,16122,16028,1257,17285,122
2022-05-14,Alameda,001,1643700,273719,268944,15044,283988,1857
2022-05-14,Alpine,003,1148,125,125,1,126,0
2022-05-14,Amador,005,37829,8649,8574,672,9246,86
2022-05-14,Butte,007,227075,33653,33377,7141,40518,424
2022-05-14,Calaveras,009,45235,7403,7378,372,7750,120
2022-05-14,Colusa,011,21464,3463,3463,1055,4518,21
2022-05-14,Contra Costa,013,1133247,201130,195925,14382,210307,1301
2022-05-14,Del Norte,015,27424,6041,5919,200,6119,50
2022-05-14,El Dorado,017,186661,27489,27216,3323,30539,212
2022-05-14,Fresno,019,978130,234245,233305,24136,257441,2757
2022-05-14,Glenn,021,27897,5020,5004,1625,6629,48
2022-05-14,Humboldt,023,135768,17956,17633,3297,20930,146
2022-05-14,Imperial,025,180216,55911,55756,10691,66447,917
2022-05-14,Inyo,027,18085,4127,4114,524,4638,56
2022-05-14,Kern,029,883053,193595,192939,46497,239436,2314
2022-05-14,Kings,031,150075,51902,51779,3527,55306,447
2022-05-14,Lake,033,64148,10867,10790,905,11695,137
2022-05-14,Lassen,035,31185,8987,8987,879,9866,65
2022-05-14,Los Angeles,037,10098052,2789481,2768726,129147,2897873,31768
2022-05-14,Madera,039,155013,37695,37520,6169,43689,365
2022-05-14,Marin,041,260295,36188,35486,3324,38810,293
2022-05-14,Mariposa,043,17540,2493,2463,219,2682,30
2022-05-14,Mendocino,045,87422,13438,13349,3288,16637,124
2022-05-14,Merced,047,269075,63047,62627,8918,71545,818
2022-05-14,Modoc,049,8938,745,747,254,1001,8
2022-05-14,Mono,051,14174,3013,3002,150,3152,6
2022-05-14,Monterey,053,433212,81143,80620,14628,95248,735
2022-05-14,Napa,055,140530,27021,26698,1068,27766,143
2022-05-14,Nevada,057,99092,16386,16240,1267,17507,127
2022-05-14,Orange,059,3164182,560896,557134,43304,600438,7017
2022-05-14,Placer,061,380077,64639,63963,7622,71585,626
2022-05-14,Plumas,063,18699,3045,3006,367,3373,13
2022-05-14,Riverside,065,2383286,601103,597914,28545,626459,6471
2022-05-14,Sacramento,067,1510023,288938,286403,27418,313821,3022
2022-05-14,San Benito,069,59416,13164,13106,555,13661,98
2022-05-14,San Bernardino,071,2135413,582471,572057,25348,597405,7423
2022-05-14,San Diego,073,3302833,772870,770323,55159,825482,5271
2022-05-14,San Francisco,075,870044,138035,134916,9084,144000,866
2022-05-14,San Joaquin,077,732212,169503,168174,10418,178592,2236
2022-05-14,San Luis Obispo,079,281455,53826,53502,4076,57578,478
2022-05-14,San Mateo,081,765935,131807,129480,7900,137380,709
2022-05-14,Santa Barbara,083,443738,88489,87773,4893,92666,693
2022-05-14,Santa Clara,085,1922200,334217,328609,13688,342297,2297
2022-05-14,Santa Cruz,087,273765,51246,50268,2259,52527,263
2022-05-14,Shasta,089,179085,30917,30799,6138,36937,557
2022-05-14,Sierra,091,2930,277,275,53,328,4
2022-05-14,Siskiyou,093,43540,4507,4482,2764,7246,81
2022-05-14,Solano,095,438530,85006,83669,5869,89538,451
2022-05-14,Sonoma,097,501317,88518,87070,3257,90327,488
2022-05-14,Stanislaus,099,539301,119266,118586,18185,136771,1645
2022-05-14,Sutter,101,95872,20750,20690,2134,22824,226
2022-05-14,Tehama,103,63373,12120,12115,2614,14729,201
2022-05-14,Trinity,105,12862,1194,1188,289,1477,20
2022-05-14,Tulare,107,460477,107138,107077,28081,135158,1469
2022-05-14,Tuolumne,109,53932,13002,12851,596,13447,182
2022-05-14,Ventura,111,848112,177593,176317,10202,186519,1497
2022-05-14,Yolo,113,214977,39084,37737,3204,40941,316
2022-05-14,Yuba,115,75493,16115,16028,1256,17284,122
2022-05-13,Alameda,001,1643700,273241,268944,15013,283957,1857
2022-05-13,Alpine,003,1148,125,125,1,126,0
2022-05-13,Amador,005,37829,8644,8574,671,9245,86
2022-05-13,Butte,007,227075,33636,33377,7138,40515,424
2022-05-13,Calaveras,009,45235,7400,7378,372,7750,120
2022-05-13,Colusa,011,21464,3462,3463,1055,4518,21
2022-05-13,Contra Costa,013,1133247,200786,195925,14353,210278,1301
2022-05-13,Del Norte,015,27424,6038,5919,200,6119,50
2022-05-13,El Dorado,017,186661,27461,27216,3323,30539,212
2022-05-13,Fresno,019,978130,234136,233305,24117,257422,2757
2022-05-13,Glenn,021,27897,5018,5004,1624,6628,48
2022-05-13,Humboldt,023,135768,17932,17633,3289,20922,146
2022-05-13,Imperial,025,180216,55892,55756,10690,66446,917
2022-05-13,Inyo,027,18085,4127,4114,523,4637,56
2022-05-13,Kern,029,883053,193522,192939,46468,239407,2314
2022-05-13,Kings,031,150075,51878,51779,3527,55306,447
2022-05-13,Lake,033,64148,10864,10790,905,11695,137
2022-05-13,Lassen,035,31185,8986,8987,879,9866,65
2022-05-13,Los Angeles,037,10098052,2787539,2768726,128957,2897683,31768
2022-05-13,Madera,039,155013,37675,37520,6160,43680,365
2022-05-13,Marin,041,260295,36086,35486,3281,38767,293
2022-05-13,Mariposa,043,17540,2491,2463,219,2682,30
2022-05-13,Mendocino,045,87422,13424,13349,3281,16630,124
2022-05-13,Merced,047,269075,63012,62627,8909,71536,818
2022-05-13,Modoc,049,8938,745,747,254,1001,8
2022-05-13,Mono,051,14174,3011,3002,149,3151,6
2022-05-13,Monterey,053,433212,81087,80620,14589,95209,735
2022-05-13,Napa,055,140530,26985,26698,1066,27764,143
2022-05-13,Nevada,057,99092,16371,16240,1266,17506,127
2022-05-13,Orange,059,3164182,560430,557134,43234,600368,7017
2022-05-13,Placer,061,380077,64560,63963,7613,71576,626
2022-05-13,Plumas,063,18699,3038,3006,367,3373,13
2022-05-13,Riverside,065,2383286,600717,597914,28516,626430,6471
2022-05-13,Sacramento,067,1510023,288604,286403,27400,313803,3022
2022-05-13,San Benito,069,59416,13160,13106,555,13661,98
2022-05-13,San Bernardino,071,2135413,582232,572057,25340,597397,7423
2022-05-13,San Diego,073,3302833,772231,770323,55079,825402,5271
2022-05-13,San Francisco,075,870044,137683,134916,9064,143980,866
2022-05-13,San Joaquin,077,732212,169384,168174,10406,178580,2236
2022-05-13,San Luis Obispo,079,281455,53790,53502,4072,57574,478
2022-05-13,San Mateo,081,765935,131518,129480,7879,137359,709
2022-05-13,Santa Barbara,083,443738,88396,87773,4890,92663,693
2022-05-13,Santa Clara,085,1922200,333420,328609,13655,342264,2297
2022-05-13,Santa Cruz,087,273765,51159,50268,2251,52519,263
2022-05-13,Shasta,089,179085,30913,30799,6138,36937,557
2022-05-13,Sierra,091,2930,276,275,50,325,4
2022-05-13,Siskiyou,093,43540,4506,4482,2764,7246,81
2022-05-13,Solano,095,438530,84882,83669,5862,89531,451
2022-05-13,Sonoma,097,501317,88341,87070,3243,90313,488
2022-05-13,Stanislaus,099,539301,119172,118586,18171,136757,1645
2022-05-13,Sutter,101,95872,20738,20690,2133,22823,226
2022-05-13,Tehama,103,63373,12118,12115,2612,14727,201
2022-05-13,Trinity,105,12862,1193,1188,289,1477,20
2022-05-13,Tulare,107,460477,107092,107077,28045,135122,1469
2022-05-13,Tuolumne,109,53932,12986,12851,596,13447,182
2022-05-13,Ventura,111,848112,177413,176317,10188,186505,1497
2022-05-13,Yolo,113,214977,39021,37737,3200,40937,316
2022-05-13,Yuba,115,75493,16102,16028,1253,17281,122
2022-05-12,Alameda,001,1643700,272497,268944,14957,283901,1857
2022-05-12,Alpine,003,1148,125,125,1,126,0
2022-05-12,Amador,005,37829,8635,8574,671,9245,86
2022-05-12,Butte,007,227075,33609,33377,7124,40501,424
2022-05-12,Calaveras,009,45235,7396,7378,371,7749,120
2022-05-12,Colusa,011,21464,3462,3463,1054,4517,21
2022-05-12,Contra Costa,013,1133247,200266,195925,14290,210215,1301
2022-05-12,Del Norte,015,27424,6021,5919,199,6118,50
2022-05-12,El Dorado,017,186661,27421,27216,3314,30530,212
2022-05-12,Fresno,019,978130,233985,233305,24097,257402,2757
2022-05-12,Glenn,021,27897,5014,5004,1622,6626,48
2022-05-12,Humboldt,023,135768,17890,17633,3276,20909,146
2022-05-12,Imperial,025,180216,55865,55756,10677,66433,917
2022-05-12,Inyo,027,18085,4123,4114,518,4632,56
2022-05-12,Kern,029,883053,193457,192939,46420,239359,2314
2022-05-12,Kings,031,150075,51857,51779,3525,55304,447
2022-05-12,Lake,033,64148,10846,10790,899,11689,137
2022-05-12,Lassen,035,31185,8985,8987,879,9866,65
2022-05-12,Los Angeles,037,10098052,2784326,2768726,128688,2897414,31768
2022-05-12,Madera,039,155013,37650,37520,6148,43668,365
2022-05-12,Marin,041,260295,35986,35486,3258,38744,293
2022-05-12,Mariposa,043,17540,2486,2463,218,2681,30
2022-05-12,Mendocino,045,87422,13407,13349,3269,16618,124
2022-05-12,Merced,047,269075,62979,62627,8898,71525,818
2022-05-12,Modoc,049,8938,744,747,254,1001,8
2022-05-12,Mono,051,14174,3011,3002,148,3150,6
2022-05-12,Monterey,053,433212,81029,80620,14546,95166,735
2022-05-12,Napa,055,140530,26940,26698,1064,27762,143
2022-05-12,Nevada,057,99092,16349,16240,1265,17505,127
2022-05-12,Orange,059,3164182,559791,557134,43126,600260,7017
2022-05-12,Placer,061,380077,64462,63963,7590,71553,626
2022-05-12,Plumas,063,18699,3032,3006,367,3373,13
2022-05-12,Riverside,065,2383286,600262,597914,28483,626397,6471
2022-05-12,Sacramento,067,1510023,288146,286403,27336,313739,3022
2022-05-12,San Benito,069,59416,13145,13106,554,13660,98
2022-05-12,San Bernardino,071,2135413,581881,572057,25323,597380,7423
2022-05-12,San Diego,073,3302833,771277,770323,54989,825312,5271
2022-05-12,San Francisco,075,870044,137303,134916,9026,143942,866
2022-05-12,San Joaquin,077,732212,169203,168174,10363,178537,2236
2022-05-12,San Luis Obispo,079,281455,53731,53502,4043,57545,478
2022-05-12,San Mateo,081,765935,131110,129480,7828,137308,709
2022-05-12,Santa Barbara,083,443738,88290,87773,4879,92652,693
2022-05-12,Santa Clara,085,1922200,332446,328609,13567,342176,2297
2022-05-12,Santa Cruz,087,273765,51015,50268,2245,52513,263
2022-05-12,Shasta,089,179085,30900,30799,6135,36934,557
2022-05-12,Sierra,091,2930,275,275,50,325,4
2022-05-12,Siskiyou,093,43540,4501,4482,2762,7244,81
2022-05-12,Solano,095,438530,84664,83669,5849,89518,451
2022-05-12,Sonoma,097,501317,88124,87070,3216,90286,488
2022-05-12,Stanislaus,099,539301,119070,118586,18143,136729,1645
2022-05-12,Sutter,101,95872,20722,20690,2132,22822,226
2022-05-12,Tehama,103,63373,12111,12115,2610,14725,201
2022-05-12,Trinity,105,12862,1192,1188,288,1476,20
2022-05-12,Tulare,107,460477,107040,107077,27995,135072,1469
2022-05-12,Tuolumne,109,53932,12965,12851,594,13445,182
2022-05-12,Ventura,111,848112,177183,176317,10145,186462,1497
2022-05-12,Yolo,113,214977,38908,37737,3190,40927,316
2022-05-12,Yuba,115,75493,16086,16028,1250,17278,122
2022-05-11,Alameda,001,1643700,271785,267982,14902,282884,1853
2022-05-11,Alpine,003,1148,125,125,1,126,0
2022-05-11,Amador,005,37829,8627,8564,671,9235,86
2022-05-11,Butte,007,227075,33577,33339,7118,40457,423
2022-05-11,Calaveras,009,45235,7391,7368,367,7735,120
2022-05-11,Colusa,011,21464,3461,3462,1054,4516,21
2022-05-11,Contra Costa,013,1133247,199751,195153,14235,209388,1302
2022-05-11,Del Norte,015,27424,6011,5911,199,6110,50
2022-05-11,El Dorado,017,186661,27385,27172,3307,30479,212
2022-05-11,Fresno,019,978130,233822,233021,24064,257085,2754
2022-05-11,Glenn,021,27897,5014,5001,1620,6621,48
2022-05-11,Humboldt,023,135768,17847,17585,3260,20845,146
2022-05-11,Imperial,025,180216,55839,55751,10667,66418,917
2022-05-11,Inyo,027,18085,4122,4093,517,4610,56
2022-05-11,Kern,029,883053,193360,192795,46375,239170,2292
2022-05-11,Kings,031,150075,51829,51752,3523,55275,447
2022-05-11,Lake,033,64148,10833,10786,898,11684,137
2022-05-11,Lassen,035,31185,8984,8984,878,9862,65
2022-05-11,Los Angeles,037,10098052,2781187,2761410,128460,2889870,31747
2022-05-11,Madera,039,155013,37617,37496,6137,43633,365
2022-05-11,Marin,041,260295,35885,35336,3216,38552,292
2022-05-11,Mariposa,043,17540,2481,2461,218,2679,30
2022-05-11,Mendocino,045,87422,13392,13320,3252,16572,124
2022-05-11,Merced,047,269075,62937,62567,8877,71444,818
2022-05-11,Modoc,049,8938,743,747,254,1001,8
2022-05-11,Mono,051,14174,3011,2999,147,3146,6
2022-05-11,Monterey,053,433212,80966,80534,14495,95029,733
2022-05-11,Napa,055,140530,26889,26660,1062,27722,143
2022-05-11,Nevada,057,99092,16333,16230,1260,17490,127
2022-05-11,Orange,059,3164182,559116,556265,43048,599313,7009
2022-05-11,Placer,061,380077,64364,63823,7575,71398,625
2022-05-11,Plumas,063,18699,3024,2998,367,3365,13
2022-05-11,Riverside,065,2383286,599813,597302,28447,625749,6468
2022-05-11,Sacramento,067,1510023,287731,285799,27289,313088,3020
2022-05-11,San Benito,069,59416,13125,13088,550,13638,98
2022-05-11,San Bernardino,071,2135413,581515,571372,25314,596686,7354
2022-05-11,San Diego,073,3302833,770295,768135,54858,822993,5257
2022-05-11,San Francisco,075,870044,136804,134027,9001,143028,864
2022-05-11,San Joaquin,077,732212,169028,167949,10341,178290,2233
2022-05-11,San Luis Obispo,079,281455,53684,53420,4026,57446,478
2022-05-11,San Mateo,081,765935,130713,128821,7784,136605,711
2022-05-11,Santa Barbara,083,443738,88161,87593,4867,92460,693
2022-05-11,Santa Clara,085,1922200,331441,327177,13519,340696,2294
2022-05-11,Santa Cruz,087,273765,50857,50031,2231,52262,263
2022-05-11,Shasta,089,179085,30868,30768,6132,36900,564
2022-05-11,Sierra,091,2930,275,275,50,325,4
2022-05-11,Siskiyou,093,43540,4499,4478,2762,7240,81
2022-05-11,Solano,095,438530,84464,83464,5836,89300,450
2022-05-11,Sonoma,097,501317,87920,86798,3203,90001,488
2022-05-11,Stanislaus,099,539301,118969,118445,18122,136567,1644
2022-05-11,Sutter,101,95872,20707,20668,2131,22799,225
2022-05-11,Tehama,103,63373,12111,12106,2610,14716,201
2022-05-11,Trinity,105,12862,1190,1188,288,1476,20
2022-05-11,Tulare,107,460477,106984,107068,27962,135030,1468
2022-05-11,Tuolumne,109,53932,12946,12829,594,13423,181
2022-05-11,Ventura,111,848112,176984,175955,10103,186058,1491
2022-05-11,Yolo,113,214977,38793,37654,3185,40839,316
2022-05-11,Yuba,115,75493,16067,15997,1240,17237,122
2022-05-10,Alameda,001,1643700,271005,267982,14849,282831,1853
2022-05-10,Alpine,003,1148,125,125,1,126,0
2022-05-10,Amador,005,37829,8623,8564,670,9234,86
2022-05-10,Butte,007,227075,33551,33339,7114,40453,423
2022-05-10,Calaveras,009,45235,7387,7368,366,7734,120
2022-05-10,Colusa,011,21464,3461,3462,1053,4515,21
2022-05-10,Contra Costa,013,1133247,199271,195153,14193,209346,1302
2022-05-10,Del Norte,015,27424,5958,5911,199,6110,50
2022-05-10,El Dorado,017,186661,27348,27172,3301,30473,212
2022-05-10,Fresno,019,978130,233662,233021,24035,257056,2754
2022-05-10,Glenn,021,27897,5011,5001,1620,6621,48
2022-05-10,Humboldt,023,135768,17809,17585,3243,20828,146
2022-05-10,Imperial,025,180216,55804,55751,10649,66400,917
2022-05-10,Inyo,027,18085,4120,4093,511,4604,56
2022-05-10,Kern,029,883053,193258,192795,46336,239131,2292
2022-05-10,Kings,031,150075,51798,51752,3523,55275,447
2022-05-10,Lake,033,64148,10828,10786,898,11684,137
2022-05-10,Lassen,035,31185,8979,8984,878,9862,65
2022-05-10,Los Angeles,037,10098052,2777890,2761410,128225,2889635,31747
2022-05-10,Madera,039,155013,37585,37496,6124,43620,365
2022-05-10,Marin,041,260295,35772,35336,3173,38509,292
2022-05-10,Mariposa,043,17540,2481,2461,218,2679,30
2022-05-10,Mendocino,045,87422,13380,13320,3239,16559,124
2022-05-10,Merced,047,269075,62891,62567,8858,71425,818
2022-05-10,Modoc,049,8938,743,747,254,1001,8
2022-05-10,Mono,051,14174,3007,2999,143,3142,6
2022-05-10,Monterey,053,433212,80899,80534,14447,94981,733
2022-05-10,Napa,055,140530,26851,26660,1060,27720,143
2022-05-10,Nevada,057,99092,16313,16230,1257,17487,127
2022-05-10,Orange,059,3164182,558411,556265,42957,599222,7009
2022-05-10,Placer,061,380077,64251,63823,7560,71383,625
2022-05-10,Plumas,063,18699,3016,2998,366,3364,13
2022-05-10,Riverside,065,2383286,599388,597302,28418,625720,6468
2022-05-10,Sacramento,067,1510023,287232,285799,27222,313021,3020
2022-05-10,San Benito,069,59416,13108,13088,545,13633,98
2022-05-10,San Bernardino,071,2135413,581157,571372,25288,596660,7354
2022-05-10,San Diego,073,3302833,769276,768135,54736,822871,5257
2022-05-10,San Francisco,075,870044,136255,134027,8974,143001,864
2022-05-10,San Joaquin,077,732212,168870,167949,10280,178229,2233
2022-05-10,San Luis Obispo,079,281455,53608,53420,4001,57421,478
2022-05-10,San Mateo,081,765935,130337,128821,7744,136565,711
2022-05-10,Santa Barbara,083,443738,88045,87593,4852,92445,693
2022-05-10,Santa Clara,085,1922200,330419,327177,13437,340614,2294
2022-05-10,Santa Cruz,087,273765,50731,50031,2220,52251,263
2022-05-10,Shasta,089,179085,30848,30768,6131,36899,564
2022-05-10,Sierra,091,2930,275,275,49,324,4
2022-05-10,Siskiyou,093,43540,4495,4478,2762,7240,81
2022-05-10,Solano,095,438530,84277,83464,5817,89281,450
2022-05-10,Sonoma,097,501317,87680,86798,3165,89963,488
2022-05-10,Stanislaus,099,539301,118875,118445,18102,136547,1644
2022-05-10,Sutter,101,95872,20688,20668,2128,22796,225
2022-05-10,Tehama,103,63373,12108,12106,2603,14709,201
2022-05-10,Trinity,105,12862,1190,1188,288,1476,20
2022-05-10,Tulare,107,460477,106941,107068,27934,135002,1468
2022-05-10,Tuolumne,109,53932,12934,12829,594,13423,181
2022-05-10,Ventura,111,848112,176766,175955,10065,186020,1491
2022-05-10,Yolo,113,214977,38689,37654,3174,40828,316
2022-05-10,Yuba,115,75493,16046,15997,1237,17234,122
2022-05-09,Alameda,001,1643700,270231,267982,14804,282786,1853
2022-05-09,Alpine,003,1148,125,125,1,126,0
2022-05-09,Amador,005,37829,8616,8564,670,9234,86
2022-05-09,Butte,007,227075,33525,33339,7105,40444,423
2022-05-09,Calaveras,009,45235,7381,7368,366,7734,120
2022-05-09,Colusa,011,21464,3459,3462,1051,4513,21
2022-05-09,Contra Costa,013,1133247,198803,195153,14135,209288,1302
2022-05-09,Del Norte,015,27424,5949,5911,198,6109,50
2022-05-09,El Dorado,017,186661,27312,27172,3293,30465,212
2022-05-09,Fresno,019,978130,233503,233021,24013,257034,2754
2022-05-09,Glenn,021,27897,5009,5001,1618,6619,48
2022-05-09,Humboldt,023,135768,17758,17585,3221,20806,146
2022-05-09,Imperial,025,180216,55771,55751,10636,66387,917
2022-05-09,Inyo,027,18085,4117,4093,508,4601,56
2022-05-09,Kern,029,883053,193161,192795,46280,239075,2292
2022-05-09,Kings,031,150075,51767,51752,3522,55274,447
2022-05-09,Lake,033,64148,10820,10786,897,11683,137
2022-05-09,Lassen,035,31185,8977,8984,878,9862,65
2022-05-09,Los Angeles,037,10098052,2774533,2761410,127982,2889392,31747
2022-05-09,Madera,039,155013,37554,37496,6115,43611,365
2022-05-09,Marin,041,260295,35655,35336,3138,38474,292
2022-05-09,Mariposa,043,17540,2476,2461,218,2679,30
2022-05-09,Mendocino,045,87422,13369,13320,3228,16548,124
2022-05-09,Merced,047,269075,62850,62567,8839,71406,818
2022-05-09,Modoc,049,8938,743,747,254,1001,8
2022-05-09,Mono,051,14174,3005,2999,141,3140,6
2022-05-09,Monterey,053,433212,80807,80534,14394,94928,733
2022-05-09,Napa,055,140530,26801,26660,1058,27718,143
2022-05-09,Nevada,057,99092,16285,16230,1251,17481,127
2022-05-09,Orange,059,3164182,557742,556265,42877,599142,7009
2022-05-09,Placer,061,380077,64190,63823,7544,71367,625
2022-05-09,Plumas,063,18699,3007,2998,366,3364,13
2022-05-09,Riverside,065,2383286,598898,597302,28382,625684,6468
2022-05-09,Sacramento,067,1510023,286803,285799,27150,312949,3020
2022-05-09,San Benito,069,59416,13089,13088,543,13631,98
2022-05-09,San Bernardino,071,2135413,580826,571372,25277,596649,7354
2022-05-09,San Diego,073,3302833,768298,768135,54595,822730,5257
2022-05-09,San Francisco,075,870044,135700,134027,8950,142977,864
2022-05-09,San Joaquin,077,732212,168686,167949,10258,178207,2233
2022-05-09,San Luis Obispo,079,281455,53555,53420,3980,57400,478
2022-05-09,San Mateo,081,765935,129911,128821,7706,136527,711
2022-05-09,Santa Barbara,083,443738,87915,87593,4841,92434,693
2022-05-09,Santa Clara,085,1922200,329286,327177,13374,340551,2294
2022-05-09,Santa Cruz,087,273765,50590,50031,2212,52243,263
2022-05-09,Shasta,089,179085,30835,30768,6129,36897,564
2022-05-09,Sierra,091,2930,275,275,49,324,4
2022-05-09,Siskiyou,093,43540,4493,4478,2762,7240,81
2022-05-09,Solano,095,438530,84120,83464,5804,89268,450
2022-05-09,Sonoma,097,501317,87420,86798,3139,89937,488
2022-05-09,Stanislaus,099,539301,118779,118445,18083,136528,1644
2022-05-09,Sutter,101,95872,20675,20668,2127,22795,225
2022-05-09,Tehama,103,63373,12106,12106,2601,14707,201
2022-05-09,Trinity,105,12862,1190,1188,288,1476,20
2022-05-09,Tulare,107,460477,106893,107068,27897,134965,1468
2022-05-09,Tuolumne,109,53932,12926,12829,594,13423,181
2022-05-09,Ventura,111,848112,176549,175955,10016,185971,1491
2022-05-09,Yolo,113,214977,38580,37654,3165,40819,316
2022-05-09,Yuba,115,75493,16037,15997,1236,17233,122
2022-05-08,Alameda,001,1643700,269338,265198,14736,279934,1855
2022-05-08,Alpine,003,1148,125,125,1,126,0
2022-05-08,Amador,005,37829,8605,8556,667,9223,86
2022-05-08,Butte,007,227075,33502,33269,7094,40363,421
2022-05-08,Calaveras,009,45235,7374,7353,365,7718,120
2022-05-08,Colusa,011,21464,3458,3459,1051,4510,21
2022-05-08,Contra Costa,013,1133247,198290,193961,14054,208015,1302
2022-05-08,Del Norte,015,27424,5933,5884,198,6082,50
2022-05-08,El Dorado,017,186661,27274,27081,3288,30369,210
2022-05-08,Fresno,019,978130,233336,232655,23990,256645,2754
2022-05-08,Glenn,021,27897,5007,4996,1618,6614,48
2022-05-08,Humboldt,023,135768,17705,17410,3182,20592,146
2022-05-08,Imperial,025,180216,55737,55683,10627,66310,917
2022-05-08,Inyo,027,18085,4110,4087,508,4595,56
2022-05-08,Kern,029,883053,193067,192590,46235,238825,2287
2022-05-08,Kings,031,150075,51750,51702,3522,55224,447
2022-05-08,Lake,033,64148,10813,10766,897,11663,137
2022-05-08,Lassen,035,31185,8973,8978,878,9856,65
2022-05-08,Los Angeles,037,10098052,2770948,2751478,127693,2879171,31738
2022-05-08,Madera,039,155013,37532,37420,6096,43516,365
2022-05-08,Marin,041,260295,35531,34934,3091,38025,292
2022-05-08,Mariposa,043,17540,2469,2438,217,2655,30
2022-05-08,Mendocino,045,87422,13350,13270,3202,16472,124
2022-05-08,Merced,047,269075,62800,62471,8810,71281,818
2022-05-08,Modoc,049,8938,743,745,254,999,8
2022-05-08,Mono,051,14174,3004,2997,139,3136,6
2022-05-08,Monterey,053,433212,80714,80246,14312,94558,733
2022-05-08,Napa,055,140530,26760,26524,1055,27579,143
2022-05-08,Nevada,057,99092,16261,16171,1249,17420,127
2022-05-08,Orange,059,3164182,557064,554411,42775,597186,7007
2022-05-08,Placer,061,380077,64073,63577,7517,71094,625
2022-05-08,Plumas,063,18699,3003,2996,366,3362,13
2022-05-08,Riverside,065,2383286,598411,596022,28346,624368,6467
2022-05-08,Sacramento,067,1510023,286298,284564,27078,311642,3016
2022-05-08,San Benito,069,59416,13074,13047,540,13587,98
2022-05-08,San Bernardino,071,2135413,580393,570381,25244,595625,7306
2022-05-08,San Diego,073,3302833,767269,765377,54491,819868,5244
2022-05-08,San Francisco,075,870044,135045,132659,8920,141579,861
2022-05-08,San Joaquin,077,732212,168498,167568,10225,177793,2229
2022-05-08,San Luis Obispo,079,281455,53484,53273,3960,57233,477
2022-05-08,San Mateo,081,765935,129450,127615,7652,135267,709
2022-05-08,Santa Barbara,083,443738,87781,87305,4832,92137,692
2022-05-08,Santa Clara,085,1922200,328218,324946,13300,338246,2287
2022-05-08,Santa Cruz,087,273765,50410,49605,2208,51813,262
2022-05-08,Shasta,089,179085,30807,30721,6125,36846,563
2022-05-08,Sierra,091,2930,275,275,49,324,4
2022-05-08,Siskiyou,093,43540,4490,4470,2757,7227,81
2022-05-08,Solano,095,438530,83947,83038,5779,88817,450
2022-05-08,Sonoma,097,501317,87201,86150,3104,89254,488
2022-05-08,Stanislaus,099,539301,118671,118235,18058,136293,1643
2022-05-08,Sutter,101,95872,20654,20694,2123,22817,225
2022-05-08,Tehama,103,63373,12100,12098,2598,14696,201
2022-05-08,Trinity,105,12862,1189,1180,288,1468,20
2022-05-08,Tulare,107,460477,106853,106987,27862,134849,1468
2022-05-08,Tuolumne,109,53932,12913,12793,590,13383,181
2022-05-08,Ventura,111,848112,176312,175454,9970,185424,1491
2022-05-08,Yolo,113,214977,38474,37456,3151,40607,315
2022-05-08,Yuba,115,75493,16015,15964,1232,17196,122
2022-05-07,Alameda,001,1643700,268959,265198,14718,279916,1855
2022-05-07,Alpine,003,1148,125,125,1,126,0
2022-05-07,Amador,005,37829,8603,8556,667,9223,86
2022-05-07,Butte,007,227075,33494,33269,7088,40357,421
2022-05-07,Calaveras,009,45235,7367,7353,365,7718,120
2022-05-07,Colusa,011,21464,3458,3459,1051,4510,21
2022-05-07,Contra Costa,013,1133247,198048,193961,14037,207998,1302
2022-05-07,Del Norte,015,27424,5931,5884,198,6082,50
2022-05-07,El Dorado,017,186661,27256,27081,3287,30368,210
2022-05-07,Fresno,019,978130,233279,232655,23983,256638,2754
2022-05-07,Glenn,021,27897,5006,4996,1618,6614,48
2022-05-07,Humboldt,023,135768,17677,17410,3174,20584,146
2022-05-07,Imperial,025,180216,55714,55683,10621,66304,917
2022-05-07,Inyo,027,18085,4107,4087,508,4595,56
2022-05-07,Kern,029,883053,193032,192590,46214,238804,2287
2022-05-07,Kings,031,150075,51739,51702,3522,55224,447
2022-05-07,Lake,033,64148,10809,10766,897,11663,137
2022-05-07,Lassen,035,31185,8973,8978,878,9856,65
2022-05-07,Los Angeles,037,10098052,2769355,2751478,127524,2879002,31738
2022-05-07,Madera,039,155013,37525,37420,6096,43516,365
2022-05-07,Marin,041,260295,35457,34934,3059,37993,292
2022-05-07,Mariposa,043,17540,2466,2438,217,2655,30
2022-05-07,Mendocino,045,87422,13341,13270,3199,16469,124
2022-05-07,Merced,047,269075,62787,62471,8810,71281,818
2022-05-07,Modoc,049,8938,743,745,254,999,8
2022-05-07,Mono,051,14174,3003,2997,139,3136,6
2022-05-07,Monterey,053,433212,80654,80246,14286,94532,733
2022-05-07,Napa,055,140530,26730,26524,1054,27578,143
2022-05-07,Nevada,057,99092,16251,16171,1244,17415,127
2022-05-07,Orange,059,3164182,556736,554411,42726,597137,7007
2022-05-07,Placer,061,380077,64009,63577,7509,71086,625
2022-05-07,Plumas,063,18699,3003,2996,365,3361,13
2022-05-07,Riverside,065,2383286,598157,596022,28319,624341,6467
2022-05-07,Sacramento,067,1510023,286104,284564,27065,311629,3016
2022-05-07,San Benito,069,59416,13065,13047,535,13582,98
2022-05-07,San Bernardino,071,2135413,580179,570381,25239,595620,7306
2022-05-07,San Diego,073,3302833,766783,765377,54460,819837,5244
2022-05-07,San Francisco,075,870044,134717,132659,8900,141559,861
2022-05-07,San Joaquin,077,732212,168393,167568,10217,177785,2229
2022-05-07,San Luis Obispo,079,281455,53472,53273,3949,57222,477
2022-05-07,San Mateo,081,765935,129166,127615,7630,135245,709
2022-05-07,Santa Barbara,083,443738,87701,87305,4829,92134,692
2022-05-07,Santa Clara,085,1922200,327597,324946,13270,338216,2287
2022-05-07,Santa Cruz,087,273765,50357,49605,2198,51803,262
2022-05-07,Shasta,089,179085,30799,30721,6125,36846,563
2022-05-07,Sierra,091,2930,275,275,49,324,4
2022-05-07,Siskiyou,093,43540,4488,4470,2757,7227,81
2022-05-07,Solano,095,438530,83890,83038,5774,88812,450
2022-05-07,Sonoma,097,501317,87076,86150,3095,89245,488
2022-05-07,Stanislaus,099,539301,118624,118235,18049,136284,1643
2022-05-07,Sutter,101,95872,20645,20694,2123,22817,225
2022-05-07,Tehama,103,63373,12098,12098,2597,14695,201
2022-05-07,Trinity,105,12862,1189,1180,288,1468,20
2022-05-07,Tulare,107,460477,106829,106987,27850,134837,1468
2022-05-07,Tuolumne,109,53932,12906,12793,590,13383,181
2022-05-07,Ventura,111,848112,176201,175454,9946,185400,1491
2022-05-07,Yolo,113,214977,38429,37456,3149,40605,315
2022-05-07,Yuba,115,75493,16006,15964,1232,17196,122
2022-05-06,Alameda,001,1643700,268576,265198,14697,279895,1855
2022-05-06,Alpine,003,1148,125,125,1,126,0
2022-05-06,Amador,005,37829,8602,8556,666,9222,86
2022-05-06,Butte,007,227075,33485,33269,7085,40354,421
2022-05-06,Calaveras,009,45235,7365,7353,365,7718,120
2022-05-06,Colusa,011,21464,3458,3459,1051,4510,21
2022-05-06,Contra Costa,013,1133247,197816,193961,14025,207986,1302
2022-05-06,Del Norte,015,27424,5921,5884,198,6082,50
2022-05-06,El Dorado,017,186661,27231,27081,3285,30366,210
2022-05-06,Fresno,019,978130,233203,232655,23974,256629,2754
2022-05-06,Glenn,021,27897,5006,4996,1618,6614,48
2022-05-06,Humboldt,023,135768,17650,17410,3167,20577,146
2022-05-06,Imperial,025,180216,55705,55683,10618,66301,917
2022-05-06,Inyo,027,18085,4098,4087,505,4592,56
2022-05-06,Kern,029,883053,192980,192590,46187,238777,2287
2022-05-06,Kings,031,150075,51731,51702,3522,55224,447
2022-05-06,Lake,033,64148,10807,10766,897,11663,137
2022-05-06,Lassen,035,31185,8973,8978,878,9856,65
2022-05-06,Los Angeles,037,10098052,2767529,2751478,127377,2878855,31738
2022-05-06,Madera,039,155013,37511,37420,6093,43513,365
2022-05-06,Marin,041,260295,35379,34934,3013,37947,292
2022-05-06,Mariposa,043,17540,2465,2438,210,2648,30
2022-05-06,Mendocino,045,87422,13329,13270,3197,16467,124
2022-05-06,Merced,047,269075,62770,62471,8809,71280,818
2022-05-06,Modoc,049,8938,743,745,254,999,8
2022-05-06,Mono,051,14174,3002,2997,139,3136,6
2022-05-06,Monterey,053,433212,80615,80246,14249,94495,733
2022-05-06,Napa,055,140530,26713,26524,1054,27578,143
2022-05-06,Nevada,057,99092,16239,16171,1242,17413,127
2022-05-06,Orange,059,3164182,556391,554411,42660,597071,7007
2022-05-06,Placer,061,380077,63948,63577,7497,71074,625
2022-05-06,Plumas,063,18699,3001,2996,365,3361,13
2022-05-06,Riverside,065,2383286,597929,596022,28299,624321,6467
2022-05-06,Sacramento,067,1510023,285847,284564,27045,311609,3016
2022-05-06,San Benito,069,59416,13061,13047,535,13582,98
2022-05-06,San Bernardino,071,2135413,580002,570381,25233,595614,7306
2022-05-06,San Diego,073,3302833,766273,765377,54423,819800,5244
2022-05-06,San Francisco,075,870044,134390,132659,8879,141538,861
2022-05-06,San Joaquin,077,732212,168304,167568,10205,177773,2229
2022-05-06,San Luis Obispo,079,281455,53446,53273,3944,57217,477
2022-05-06,San Mateo,081,765935,128940,127615,7621,135236,709
2022-05-06,Santa Barbara,083,443738,87647,87305,4827,92132,692
2022-05-06,Santa Clara,085,1922200,327008,324946,13255,338201,2287
2022-05-06,Santa Cruz,087,273765,50292,49605,2194,51799,262
2022-05-06,Shasta,089,179085,30793,30721,6124,36845,563
2022-05-06,Sierra,091,2930,275,275,49,324,4
2022-05-06,Siskiyou,093,43540,4486,4470,2755,7225,81
2022-05-06,Solano,095,438530,83800,83038,5766,88804,450
2022-05-06,Sonoma,097,501317,86954,86150,3080,89230,488
2022-05-06,Stanislaus,099,539301,118567,118235,18042,136277,1643
2022-05-06,Sutter,101,95872,20639,20694,2123,22817,225
2022-05-06,Tehama,103,63373,12093,12098,2597,14695,201
2022-05-06,Trinity,105,12862,1188,1180,288,1468,20
2022-05-06,Tulare,107,460477,106810,106987,27839,134826,1468
2022-05-06,Tuolumne,109,53932,12899,12793,589,13382,181
2022-05-06,Ventura,111,848112,176085,175454,9916,185370,1491
2022-05-06,Yolo,113,214977,38382,37456,3145,40601,315
2022-05-06,Yuba,115,75493,15995,15964,1231,17195,122
2022-05-05,Alameda,001,1643700,267989,265198,14652,279850,1855
2022-05-05,Alpine,003,1148,125,125,1,126,0
2022-05-05,Amador,005,37829,8600,8556,665,9221,86
2022-05-05,Butte,007,227075,33466,33269,7078,40347,421
2022-05-05,Calaveras,009,45235,7361,7353,363,7716,120
2022-05-05,Colusa,011,21464,3458,3459,1048,4507,21
2022-05-05,Contra Costa,013,1133247,197422,193961,13981,207942,1302
2022-05-05,Del Norte,015,27424,5920,5884,198,6082,50
2022-05-05,El Dorado,017,186661,27206,27081,3278,30359,210
2022-05-05,Fresno,019,978130,233102,232655,23951,256606,2754
2022-05-05,Glenn,021,27897,5006,4996,1618,6614,48
2022-05-05,Humboldt,023,135768,17612,17410,3153,20563,146
2022-05-05,Imperial,025,180216,55698,55683,10607,66290,917
2022-05-05,Inyo,027,18085,4094,4087,504,4591,56
2022-05-05,Kern,029,883053,192923,192590,46149,238739,2287
2022-05-05,Kings,031,150075,51723,51702,3522,55224,447
2022-05-05,Lake,033,64148,10803,10766,897,11663,137
2022-05-05,Lassen,035,31185,8973,8978,878,9856,65
2022-05-05,Los Angeles,037,10098052,2764944,2751478,127153,2878631,31738
2022-05-05,Madera,039,155013,37494,37420,6088,43508,365
2022-05-05,Marin,041,260295,35269,34934,2991,37925,292
2022-05-05,Mariposa,043,17540,2463,2438,209,2647,30
2022-05-05,Mendocino,045,87422,13318,13270,3189,16459,124
2022-05-05,Merced,047,269075,62737,62471,8805,71276,818
2022-05-05,Modoc,049,8938,743,745,252,997,8
2022-05-05,Mono,051,14174,3001,2997,138,3135,6
2022-05-05,Monterey,053,433212,80560,80246,14220,94466,733
2022-05-05,Napa,055,140530,26680,26524,1053,27577,143
2022-05-05,Nevada,057,99092,16229,16171,1239,17410,127
2022-05-05,Orange,059,3164182,555883,554411,42604,597015,7007
2022-05-05,Placer,061,380077,63887,63577,7488,71065,625
2022-05-05,Plumas,063,18699,3000,2996,365,3361,13
2022-05-05,Riverside,065,2383286,597592,596022,28272,624294,6467
2022-05-05,Sacramento,067,1510023,285512,284564,26992,311556,3016
2022-05-05,San Benito,069,59416,13050,13047,533,13580,98
2022-05-05,San Bernardino,071,2135413,579711,570381,25217,595598,7306
2022-05-05,San Diego,073,3302833,765532,765377,54353,819730,5244
2022-05-05,San Francisco,075,870044,133974,132659,8845,141504,861
2022-05-05,San Joaquin,077,732212,168213,167568,10177,177745,2229
2022-05-05,San Luis Obispo,079,281455,53410,53273,3929,57202,477
2022-05-05,San Mateo,081,765935,128603,127615,7596,135211,709
2022-05-05,Santa Barbara,083,443738,87572,87305,4822,92127,692
2022-05-05,Santa Clara,085,1922200,326215,324946,13193,338139,2287
2022-05-05,Santa Cruz,087,273765,50194,49605,2190,51795,262
2022-05-05,Shasta,089,179085,30783,30721,6122,36843,563
2022-05-05,Sierra,091,2930,275,275,49,324,4
2022-05-05,Siskiyou,093,43540,4484,4470,2755,7225,81
2022-05-05,Solano,095,438530,83679,83038,5748,88786,450
2022-05-05,Sonoma,097,501317,86781,86150,3062,89212,488
2022-05-05,Stanislaus,099,539301,118509,118235,18028,136263,1643
2022-05-05,Sutter,101,95872,20637,20694,2121,22815,225
2022-05-05,Tehama,103,63373,12089,12098,2595,14693,201
2022-05-05,Trinity,105,12862,1188,1180,288,1468,20
2022-05-05,Tulare,107,460477,106780,106987,27821,134808,1468
2022-05-05,Tuolumne,109,53932,12881,12793,586,13379,181
2022-05-05,Ventura,111,848112,175897,175454,9873,185327,1491
2022-05-05,Yolo,113,214977,38311,37456,3134,40590,315
2022-05-05,Yuba,115,75493,15985,15964,1228,17192,122
2022-05-04,Alameda,001,1643700,267326,263736,14610,278346,1850
2022-05-04,Alpine,003,1148,125,124,1,125,0
2022-05-04,Amador,005,37829,8597,8546,664,9210,86
2022-05-04,Butte,007,227075,33449,33220,7073,40293,417
2022-05-04,Calaveras,009,45235,7356,7344,363,7707,120
2022-05-04,Colusa,011,21464,3457,3460,1048,4508,21
2022-05-04,Contra Costa,013,1133247,197056,193175,13926,207101,1302
2022-05-04,Del Norte,015,27424,5912,5866,198,6064,50
2022-05-04,El Dorado,017,186661,27181,27021,3271,30292,210
2022-05-04,Fresno,019,978130,232985,232332,23940,256272,2751
2022-05-04,Glenn,021,27897,5004,4995,1618,6613,48
2022-05-04,Humboldt,023,135768,17572,17316,3143,20459,146
2022-05-04,Imperial,025,180216,55676,55548,10599,66147,910
2022-05-04,Inyo,027,18085,4094,4085,501,4586,56
2022-05-04,Kern,029,883053,192858,192432,46113,238545,2281
2022-05-04,Kings,031,150075,51705,51663,3521,55184,447
2022-05-04,Lake,033,64148,10798,10758,897,11655,137
2022-05-04,Lassen,035,31185,8972,8972,876,9848,65
2022-05-04,Los Angeles,037,10098052,2762165,2744894,126962,2871856,31722
2022-05-04,Madera,039,155013,37470,37395,6083,43478,365
2022-05-04,Marin,041,260295,35182,34727,2969,37696,291
2022-05-04,Mariposa,043,17540,2457,2435,204,2639,30
2022-05-04,Mendocino,045,87422,13310,13247,3181,16428,123
2022-05-04,Merced,047,269075,62711,62419,8794,71213,818
2022-05-04,Modoc,049,8938,743,746,252,998,8
2022-05-04,Mono,051,14174,3000,2993,135,3128,6
2022-05-04,Monterey,053,433212,80498,80038,14196,94234,732
2022-05-04,Napa,055,140530,26643,26434,1050,27484,143
2022-05-04,Nevada,057,99092,16213,16136,1235,17371,127
2022-05-04,Orange,059,3164182,555301,553177,42531,595708,7006
2022-05-04,Placer,061,380077,63804,63410,7482,70892,625
2022-05-04,Plumas,063,18699,2998,2947,365,3312,13
2022-05-04,Riverside,065,2383286,597257,594981,28246,623227,6457
2022-05-04,Sacramento,067,1510023,285183,283939,26956,310895,3013
2022-05-04,San Benito,069,59416,13041,13019,527,13546,98
2022-05-04,San Bernardino,071,2135413,579449,569570,25204,594774,7240
2022-05-04,San Diego,073,3302833,764784,763453,54260,817713,5239
2022-05-04,San Francisco,075,870044,133566,131599,8823,140422,860
2022-05-04,San Joaquin,077,732212,168109,167280,10149,177429,2225
2022-05-04,San Luis Obispo,079,281455,53366,53156,3918,57074,477
2022-05-04,San Mateo,081,765935,128280,126800,7561,134361,710
2022-05-04,Santa Barbara,083,443738,87467,87058,4807,91865,688
2022-05-04,Santa Clara,085,1922200,325410,322805,13140,335945,2285
2022-05-04,Santa Cruz,087,273765,50079,49230,2187,51417,262
2022-05-04,Shasta,089,179085,30767,30681,6120,36801,556
2022-05-04,Sierra,091,2930,275,275,49,324,4
2022-05-04,Siskiyou,093,43540,4480,4463,2753,7216,81
2022-05-04,Solano,095,438530,83533,82796,5738,88534,449
2022-05-04,Sonoma,097,501317,86605,85694,3037,88731,488
2022-05-04,Stanislaus,099,539301,118447,118123,18017,136140,1643
2022-05-04,Sutter,101,95872,20626,20672,2119,22791,224
2022-05-04,Tehama,103,63373,12087,12090,2590,14680,201
2022-05-04,Trinity,105,12862,1188,1180,288,1468,20
2022-05-04,Tulare,107,460477,106762,106935,27806,134741,1464
2022-05-04,Tuolumne,109,53932,12874,12757,584,13341,181
2022-05-04,Ventura,111,848112,175730,175066,9831,184897,1486
2022-05-04,Yolo,113,214977,38235,37344,3128,40472,315
2022-05-04,Yuba,115,75493,15976,15940,1225,17165,122
2022-05-03,Alameda,001,1643700,266710,263736,14567,278303,1850
2022-05-03,Alpine,003,1148,125,124,1,125,0
2022-05-03,Amador,005,37829,8594,8546,663,9209,86
2022-05-03,Butte,007,227075,33433,33220,7068,40288,417
2022-05-03,Calaveras,009,45235,7349,7344,363,7707,120
2022-05-03,Colusa,011,21464,3456,3460,1048,4508,21
2022-05-03,Contra Costa,013,1133247,196665,193175,13883,207058,1302
2022-05-03,Del Norte,015,27424,5905,5866,196,6062,50
2022-05-03,El Dorado,017,186661,27159,27021,3267,30288,210
2022-05-03,Fresno,019,978130,232873,232332,23921,256253,2751
2022-05-03,Glenn,021,27897,5003,4995,1616,6611,48
2022-05-03,Humboldt,023,135768,17536,17316,3124,20440,146
2022-05-03,Imperial,025,180216,55655,55548,10593,66141,910
2022-05-03,Inyo,027,18085,4092,4085,501,4586,56
2022-05-03,Kern,029,883053,192780,192432,46081,238513,2281
2022-05-03,Kings,031,150075,51693,51663,3521,55184,447
2022-05-03,Lake,033,64148,10793,10758,896,11654,137
2022-05-03,Lassen,035,31185,8972,8972,876,9848,65
2022-05-03,Los Angeles,037,10098052,2759105,2744894,126730,2871624,31722
2022-05-03,Madera,039,155013,37440,37395,6078,43473,365
2022-05-03,Marin,041,260295,35071,34727,2946,37673,291
2022-05-03,Mariposa,043,17540,2449,2435,204,2639,30
2022-05-03,Mendocino,045,87422,13295,13247,3163,16410,123
2022-05-03,Merced,047,269075,62683,62419,8770,71189,818
2022-05-03,Modoc,049,8938,742,746,252,998,8
2022-05-03,Mono,051,14174,2998,2993,134,3127,6
2022-05-03,Monterey,053,433212,80446,80038,14162,94200,732
2022-05-03,Napa,055,140530,26608,26434,1043,27477,143
2022-05-03,Nevada,057,99092,16202,16136,1235,17371,127
2022-05-03,Orange,059,3164182,554779,553177,42453,595630,7006
2022-05-03,Placer,061,380077,63710,63410,7468,70878,625
2022-05-03,Plumas,063,18699,2994,2947,365,3312,13
2022-05-03,Riverside,065,2383286,596891,594981,28222,623203,6457
2022-05-03,Sacramento,067,1510023,284871,283939,26905,310844,3013
2022-05-03,San Benito,069,59416,13028,13019,524,13543,98
2022-05-03,San Bernardino,071,2135413,579180,569570,25192,594762,7240
2022-05-03,San Diego,073,3302833,763939,763453,54160,817613,5239
2022-05-03,San Francisco,075,870044,133090,131599,8793,140392,860
2022-05-03,San Joaquin,077,732212,168026,167280,10123,177403,2225
2022-05-03,San Luis Obispo,079,281455,53319,53156,3909,57065,477
2022-05-03,San Mateo,081,765935,127936,126800,7524,134324,710
2022-05-03,Santa Barbara,083,443738,87378,87058,4805,91863,688
2022-05-03,Santa Clara,085,1922200,324594,322805,13090,335895,2285
2022-05-03,Santa Cruz,087,273765,49987,49230,2181,51411,262
2022-05-03,Shasta,089,179085,30748,30681,6119,36800,556
2022-05-03,Sierra,091,2930,275,275,49,324,4
2022-05-03,Siskiyou,093,43540,4479,4463,2753,7216,81
2022-05-03,Solano,095,438530,83344,82796,5726,88522,449
2022-05-03,Sonoma,097,501317,86425,85694,3013,88707,488
2022-05-03,Stanislaus,099,539301,118393,118123,18004,136127,1643
2022-05-03,Sutter,101,95872,20621,20672,2117,22789,224
2022-05-03,Tehama,103,63373,12083,12090,2589,14679,201
2022-05-03,Trinity,105,12862,1187,1180,288,1468,20
2022-05-03,Tulare,107,460477,106733,106935,27792,134727,1464
2022-05-03,Tuolumne,109,53932,12861,12757,584,13341,181
2022-05-03,Ventura,111,848112,175561,175066,9788,184854,1486
2022-05-03,Yolo,113,214977,38166,37344,3127,40471,315
2022-05-03,Yuba,115,75493,15965,15940,1217,17157,122
2022-05-02,Alameda,001,1643700,266080,263736,14522,278258,1850
2022-05-02,Alpine,003,1148,125,124,1,125,0
2022-05-02,Amador,005,37829,8591,8546,660,9206,86
2022-05-02,Butte,007,227075,33410,33220,7065,40285,417
2022-05-02,Calaveras,009,45235,7348,7344,362,7706,120
2022-05-02,Colusa,011,21464,3456,3460,1048,4508,21
2022-05-02,Contra Costa,013,1133247,196291,193175,13845,207020,1302
2022-05-02,Del Norte,015,27424,5900,5866,191,6057,50
2022-05-02,El Dorado,017,186661,27136,27021,3261,30282,210
2022-05-02,Fresno,019,978130,232763,232332,23892,256224,2751
2022-05-02,Glenn,021,27897,5001,4995,1616,6611,48
2022-05-02,Humboldt,023,135768,17485,17316,3110,20426,146
2022-05-02,Imperial,025,180216,55642,55548,10586,66134,910
2022-05-02,Inyo,027,18085,4091,4085,499,4584,56
2022-05-02,Kern,029,883053,192696,192432,46052,238484,2281
2022-05-02,Kings,031,150075,51676,51663,3521,55184,447
2022-05-02,Lake,033,64148,10789,10758,896,11654,137
2022-05-02,Lassen,035,31185,8971,8972,876,9848,65
2022-05-02,Los Angeles,037,10098052,2756061,2744894,126516,2871410,31722
2022-05-02,Madera,039,155013,37423,37395,6071,43466,365
2022-05-02,Marin,041,260295,34946,34727,2923,37650,291
2022-05-02,Mariposa,043,17540,2444,2435,204,2639,30
2022-05-02,Mendocino,045,87422,13277,13247,3150,16397,123
2022-05-02,Merced,047,269075,62651,62419,8763,71182,818
2022-05-02,Modoc,049,8938,741,746,252,998,8
2022-05-02,Mono,051,14174,2996,2993,133,3126,6
2022-05-02,Monterey,053,433212,80368,80038,14121,94159,732
2022-05-02,Napa,055,140530,26569,26434,1041,27475,143
2022-05-02,Nevada,057,99092,16184,16136,1233,17369,127
2022-05-02,Orange,059,3164182,554239,553177,42360,595537,7006
2022-05-02,Placer,061,380077,63653,63410,7461,70871,625
2022-05-02,Plumas,063,18699,2994,2947,365,3312,13
2022-05-02,Riverside,065,2383286,596501,594981,28195,623176,6457
2022-05-02,Sacramento,067,1510023,284565,283939,26865,310804,3013
2022-05-02,San Benito,069,59416,13016,13019,524,13543,98
2022-05-02,San Bernardino,071,2135413,578892,569570,25173,594743,7240
2022-05-02,San Diego,073,3302833,763074,763453,54064,817517,5239
2022-05-02,San Francisco,075,870044,132656,131599,8766,140365,860
2022-05-02,San Joaquin,077,732212,167909,167280,10113,177393,2225
2022-05-02,San Luis Obispo,079,281455,53266,53156,3900,57056,477
2022-05-02,San Mateo,081,765935,127613,126800,7509,134309,710
2022-05-02,Santa Barbara,083,443738,87277,87058,4801,91859,688
2022-05-02,Santa Clara,085,1922200,323683,322805,13043,335848,2285
2022-05-02,Santa Cruz,087,273765,49860,49230,2177,51407,262
2022-05-02,Shasta,089,179085,30729,30681,6118,36799,556
2022-05-02,Sierra,091,2930,275,275,49,324,4
2022-05-02,Siskiyou,093,43540,4476,4463,2751,7214,81
2022-05-02,Solano,095,438530,83204,82796,5716,88512,449
2022-05-02,Sonoma,097,501317,86242,85694,2992,88686,488
2022-05-02,Stanislaus,099,539301,118320,118123,17990,136113,1643
2022-05-02,Sutter,101,95872,20614,20672,2114,22786,224
2022-05-02,Tehama,103,63373,12078,12090,2586,14676,201
2022-05-02,Trinity,105,12862,1186,1180,288,1468,20
2022-05-02,Tulare,107,460477,106711,106935,27776,134711,1464
2022-05-02,Tuolumne,109,53932,12855,12757,584,13341,181
2022-05-02,Ventura,111,848112,175398,175066,9756,184822,1486
2022-05-02,Yolo,113,214977,38087,37344,3121,40465,315
2022-05-02,Yuba,115,75493,15960,15940,1215,17155,122
2022-05-01,Alameda,001,1643700,265378,262027,14472,276499,1851
2022-05-01,Alpine,003,1148,125,124,1,125,0
2022-05-01,Amador,005,37829,8591,8533,660,9193,86
2022-05-01,Butte,007,227075,33383,33172,7060,40232,418
2022-05-01,Calaveras,009,45235,7344,7328,356,7684,120
2022-05-01,Colusa,011,21464,3456,3457,1048,4505,21
2022-05-01,Contra Costa,013,1133247,195905,192136,13774,205910,1301
2022-05-01,Del Norte,015,27424,5892,5841,191,6032,50
2022-05-01,El Dorado,017,186661,27104,26946,3257,30203,210
2022-05-01,Fresno,019,978130,232659,232067,23871,255938,2748
2022-05-01,Glenn,021,27897,5001,4995,1616,6611,48
2022-05-01,Humboldt,023,135768,17421,17194,3085,20279,145
2022-05-01,Imperial,025,180216,55618,55503,10583,66086,910
2022-05-01,Inyo,027,18085,4090,4084,498,4582,56
2022-05-01,Kern,029,883053,192633,192250,46006,238256,2265
2022-05-01,Kings,031,150075,51655,51640,3517,55157,447
2022-05-01,Lake,033,64148,10782,10742,894,11636,137
2022-05-01,Lassen,035,31185,8971,8966,876,9842,65
2022-05-01,Los Angeles,037,10098052,2753048,2736900,126281,2863181,31712
2022-05-01,Madera,039,155013,37405,37360,6060,43420,365
2022-05-01,Marin,041,260295,34859,34519,2890,37409,291
2022-05-01,Mariposa,043,17540,2443,2430,204,2634,30
2022-05-01,Mendocino,045,87422,13258,13219,3134,16353,123
2022-05-01,Merced,047,269075,62620,62357,8747,71104,818
2022-05-01,Modoc,049,8938,741,745,252,997,8
2022-05-01,Mono,051,14174,2993,2989,131,3120,6
2022-05-01,Monterey,053,433212,80289,79881,14079,93960,731
2022-05-01,Napa,055,140530,26524,26319,1037,27356,143
2022-05-01,Nevada,057,99092,16165,16100,1232,17332,127
2022-05-01,Orange,059,3164182,553687,551822,42262,594084,6998
2022-05-01,Placer,061,380077,63580,63273,7447,70720,625
2022-05-01,Plumas,063,18699,2993,2946,365,3311,13
2022-05-01,Riverside,065,2383286,596043,593965,28161,622126,6457
2022-05-01,Sacramento,067,1510023,284234,283048,26804,309852,3007
2022-05-01,San Benito,069,59416,13008,12988,524,13512,98
2022-05-01,San Bernardino,071,2135413,578573,568758,25156,593914,7191
2022-05-01,San Diego,073,3302833,762192,761253,53972,815225,5238
2022-05-01,San Francisco,075,870044,132164,130241,8737,138978,860
2022-05-01,San Joaquin,077,732212,167767,167028,10083,177111,2225
2022-05-01,San Luis Obispo,079,281455,53194,53040,3884,56924,477
2022-05-01,San Mateo,081,765935,127246,125807,7470,133277,705
2022-05-01,Santa Barbara,083,443738,87173,86768,4791,91559,688
2022-05-01,Santa Clara,085,1922200,322743,320709,12990,333699,2281
2022-05-01,Santa Cruz,087,273765,49708,48798,2169,50967,262
2022-05-01,Shasta,089,179085,30713,30649,6116,36765,554
2022-05-01,Sierra,091,2930,275,274,49,323,4
2022-05-01,Siskiyou,093,43540,4475,4458,2745,7203,81
2022-05-01,Solano,095,438530,83072,82459,5701,88160,449
2022-05-01,Sonoma,097,501317,86022,85290,2964,88254,488
2022-05-01,Stanislaus,099,539301,118265,117943,17974,135917,1643
2022-05-01,Sutter,101,95872,20606,20644,2107,22751,224
2022-05-01,Tehama,103,63373,12077,12078,2585,14663,202
2022-05-01,Trinity,105,12862,1186,1179,288,1467,20
2022-05-01,Tulare,107,460477,106678,106856,27756,134612,1458
2022-05-01,Tuolumne,109,53932,12835,12713,578,13291,181
2022-05-01,Ventura,111,848112,175226,174679,9703,184382,1486
2022-05-01,Yolo,113,214977,38022,37173,3110,40283,314
2022-05-01,Yuba,115,75493,15950,15917,1213,17130,121
2022-04-30,Alameda,001,1643700,264977,262027,14457,276484,1851
2022-04-30,Alpine,003,1148,125,124,1,125,0
2022-04-30,Amador,005,37829,8589,8533,660,9193,86
2022-04-30,Butte,007,227075,33377,33172,7056,40228,418
2022-04-30,Calaveras,009,45235,7341,7328,355,7683,120
2022-04-30,Colusa,011,21464,3455,3457,1048,4505,21
2022-04-30,Contra Costa,013,1133247,195659,192136,13764,205900,1301
2022-04-30,Del Norte,015,27424,5887,5841,191,6032,50
2022-04-30,El Dorado,017,186661,27086,26946,3253,30199,210
2022-04-30,Fresno,019,978130,232613,232067,23863,255930,2748
2022-04-30,Glenn,021,27897,5000,4995,1615,6610,48
2022-04-30,Humboldt,023,135768,17379,17194,3076,20270,145
2022-04-30,Imperial,025,180216,55605,55503,10581,66084,910
2022-04-30,Inyo,027,18085,4090,4084,498,4582,56
2022-04-30,Kern,029,883053,192597,192250,45988,238238,2265
2022-04-30,Kings,031,150075,51649,51640,3516,55156,447
2022-04-30,Lake,033,64148,10779,10742,894,11636,137
2022-04-30,Lassen,035,31185,8971,8966,876,9842,65
2022-04-30,Los Angeles,037,10098052,2751672,2736900,126106,2863006,31712
2022-04-30,Madera,039,155013,37394,37360,6059,43419,365
2022-04-30,Marin,041,260295,34813,34519,2860,37379,291
2022-04-30,Mariposa,043,17540,2441,2430,203,2633,30
2022-04-30,Mendocino,045,87422,13254,13219,3134,16353,123
2022-04-30,Merced,047,269075,62607,62357,8745,71102,818
2022-04-30,Modoc,049,8938,741,745,252,997,8
2022-04-30,Mono,051,14174,2992,2989,129,3118,6
2022-04-30,Monterey,053,433212,80221,79881,14056,93937,731
2022-04-30,Napa,055,140530,26501,26319,1036,27355,143
2022-04-30,Nevada,057,99092,16150,16100,1231,17331,127
2022-04-30,Orange,059,3164182,553421,551822,42224,594046,6998
2022-04-30,Placer,061,380077,63535,63273,7439,70712,625
2022-04-30,Plumas,063,18699,2990,2946,365,3311,13
2022-04-30,Riverside,065,2383286,595799,593965,28143,622108,6457
2022-04-30,Sacramento,067,1510023,284112,283048,26791,309839,3007
2022-04-30,San Benito,069,59416,13005,12988,524,13512,98
2022-04-30,San Bernardino,071,2135413,578398,568758,25147,593905,7191
2022-04-30,San Diego,073,3302833,761819,761253,53942,815195,5238
2022-04-30,San Francisco,075,870044,131879,130241,8715,138956,860
2022-04-30,San Joaquin,077,732212,167712,167028,10078,177106,2225
2022-04-30,San Luis Obispo,079,281455,53183,53040,3881,56921,477
2022-04-30,San Mateo,081,765935,127028,125807,7451,133258,705
2022-04-30,Santa Barbara,083,443738,87117,86768,4788,91556,688
2022-04-30,Santa Clara,085,1922200,322171,320709,12966,333675,2281
2022-04-30,Santa Cruz,087,273765,49662,48798,2169,50967,262
2022-04-30,Shasta,089,179085,30707,30649,6114,36763,554
2022-04-30,Sierra,091,2930,275,274,49,323,4
2022-04-30,Siskiyou,093,43540,4473,4458,2744,7202,81
2022-04-30,Solano,095,438530,83054,82459,5699,88158,449
2022-04-30,Sonoma,097,501317,85905,85290,2952,88242,488
2022-04-30,Stanislaus,099,539301,118234,117943,17968,135911,1643
2022-04-30,Sutter,101,95872,20601,20644,2107,22751,224
2022-04-30,Tehama,103,63373,12073,12078,2583,14661,202
2022-04-30,Trinity,105,12862,1186,1179,288,1467,20
2022-04-30,Tulare,107,460477,106659,106856,27744,134600,1458
2022-04-30,Tuolumne,109,53932,12826,12713,578,13291,181
2022-04-30,Ventura,111,848112,175142,174679,9671,184350,1486
2022-04-30,Yolo,113,214977,37976,37173,3109,40282,314
2022-04-30,Yuba,115,75493,15943,15917,1212,17129,121
2022-04-29,Alameda,001,1643700,264666,262027,14444,276471,1851
2022-04-29,Alpine,003,1148,124,124,1,125,0
2022-04-29,Amador,005,37829,8582,8533,658,9191,86
2022-04-29,Butte,007,227075,33372,33172,7050,40222,418
2022-04-29,Calaveras,009,45235,7339,7328,355,7683,120
2022-04-29,Colusa,011,21464,3454,3457,1048,4505,21
2022-04-29,Contra Costa,013,1133247,195463,192136,13745,205881,1301
2022-04-29,Del Norte,015,27424,5883,5841,191,6032,50
2022-04-29,El Dorado,017,186661,27074,26946,3251,30197,210
2022-04-29,Fresno,019,978130,232563,232067,23855,255922,2748
2022-04-29,Glenn,021,27897,5000,4995,1614,6609,48
2022-04-29,Humboldt,023,135768,17354,17194,3068,20262,145
2022-04-29,Imperial,025,180216,55589,55503,10580,66083,910
2022-04-29,Inyo,027,18085,4090,4084,496,4580,56
2022-04-29,Kern,029,883053,192570,192250,45976,238226,2265
2022-04-29,Kings,031,150075,51644,51640,3516,55156,447
2022-04-29,Lake,033,64148,10778,10742,894,11636,137
2022-04-29,Lassen,035,31185,8970,8966,876,9842,65
2022-04-29,Los Angeles,037,10098052,2750367,2736900,125956,2862856,31712
2022-04-29,Madera,039,155013,37384,37360,6058,43418,365
2022-04-29,Marin,041,260295,34747,34519,2840,37359,291
2022-04-29,Mariposa,043,17540,2439,2430,203,2633,30
2022-04-29,Mendocino,045,87422,13249,13219,3133,16352,123
2022-04-29,Merced,047,269075,62595,62357,8744,71101,818
2022-04-29,Modoc,049,8938,741,745,252,997,8
2022-04-29,Mono,051,14174,2992,2989,129,3118,6
2022-04-29,Monterey,053,433212,80187,79881,14042,93923,731
2022-04-29,Napa,055,140530,26473,26319,1034,27353,143
2022-04-29,Nevada,057,99092,16143,16100,1230,17330,127
2022-04-29,Orange,059,3164182,553156,551822,42179,594001,6998
2022-04-29,Placer,061,380077,63506,63273,7432,70705,625
2022-04-29,Plumas,063,18699,2989,2946,365,3311,13
2022-04-29,Riverside,065,2383286,595580,593965,28122,622087,6457
2022-04-29,Sacramento,067,1510023,283965,283048,26783,309831,3007
2022-04-29,San Benito,069,59416,13000,12988,524,13512,98
2022-04-29,San Bernardino,071,2135413,578240,568758,25137,593895,7191
2022-04-29,San Diego,073,3302833,761401,761253,53916,815169,5238
2022-04-29,San Francisco,075,870044,131657,130241,8695,138936,860
2022-04-29,San Joaquin,077,732212,167657,167028,10074,177102,2225
2022-04-29,San Luis Obispo,079,281455,53168,53040,3876,56916,477
2022-04-29,San Mateo,081,765935,126830,125807,7437,133244,705
2022-04-29,Santa Barbara,083,443738,87077,86768,4786,91554,688
2022-04-29,Santa Clara,085,1922200,321662,320709,12936,333645,2281
2022-04-29,Santa Cruz,087,273765,49606,48798,2165,50963,262
2022-04-29,Shasta,089,179085,30705,30649,6113,36762,554
2022-04-29,Sierra,091,2930,275,274,49,323,4
2022-04-29,Siskiyou,093,43540,4472,4458,2744,7202,81
2022-04-29,Solano,095,438530,82997,82459,5694,88153,449
2022-04-29,Sonoma,097,501317,85797,85290,2939,88229,488
2022-04-29,Stanislaus,099,539301,118211,117943,17962,135905,1643
2022-04-29,Sutter,101,95872,20594,20644,2106,22750,224
2022-04-29,Tehama,103,63373,12071,12078,2583,14661,202
2022-04-29,Trinity,105,12862,1186,1179,288,1467,20
2022-04-29,Tulare,107,460477,106641,106856,27728,134584,1458
2022-04-29,Tuolumne,109,53932,12819,12713,575,13288,181
2022-04-29,Ventura,111,848112,175066,174679,9649,184328,1486
2022-04-29,Yolo,113,214977,37943,37173,3106,40279,314
2022-04-29,Yuba,115,75493,15938,15917,1212,17129,121
2022-04-28,Alameda,001,1643700,264227,262027,14408,276435,1851
2022-04-28,Alpine,003,1148,124,124,1,125,0
2022-04-28,Amador,005,37829,8579,8533,658,9191,86
2022-04-28,Butte,007,227075,33363,33172,7044,40216,418
2022-04-28,Calaveras,009,45235,7335,7328,355,7683,120
2022-04-28,Colusa,011,21464,3453,3457,1048,4505,21
2022-04-28,Contra Costa,013,1133247,195205,192136,13704,205840,1301
2022-04-28,Del Norte,015,27424,5879,5841,191,6032,50
2022-04-28,El Dorado,017,186661,27052,26946,3247,30193,210
2022-04-28,Fresno,019,978130,232504,232067,23846,255913,2748
2022-04-28,Glenn,021,27897,4997,4995,1614,6609,48
2022-04-28,Humboldt,023,135768,17320,17194,3052,20246,145
2022-04-28,Imperial,025,180216,55577,55503,10575,66078,910
2022-04-28,Inyo,027,18085,4090,4084,496,4580,56
2022-04-28,Kern,029,883053,192531,192250,45962,238212,2265
2022-04-28,Kings,031,150075,51638,51640,3516,55156,447
2022-04-28,Lake,033,64148,10774,10742,894,11636,137
2022-04-28,Lassen,035,31185,8970,8966,876,9842,65
2022-04-28,Los Angeles,037,10098052,2748302,2736900,125775,2862675,31712
2022-04-28,Madera,039,155013,37378,37360,6055,43415,365
2022-04-28,Marin,041,260295,34697,34519,2825,37344,291
2022-04-28,Mariposa,043,17540,2439,2430,203,2633,30
2022-04-28,Mendocino,045,87422,13238,13219,3116,16335,123
2022-04-28,Merced,047,269075,62577,62357,8736,71093,818
2022-04-28,Modoc,049,8938,741,745,252,997,8
2022-04-28,Mono,051,14174,2990,2989,129,3118,6
2022-04-28,Monterey,053,433212,80148,79881,14018,93899,731
2022-04-28,Napa,055,140530,26443,26319,1031,27350,143
2022-04-28,Nevada,057,99092,16135,16100,1227,17327,127
2022-04-28,Orange,059,3164182,552795,551822,42118,593940,6998
2022-04-28,Placer,061,380077,63459,63273,7424,70697,625
2022-04-28,Plumas,063,18699,2988,2946,365,3311,13
2022-04-28,Riverside,065,2383286,595297,593965,28100,622065,6457
2022-04-28,Sacramento,067,1510023,283783,283048,26744,309792,3007
2022-04-28,San Benito,069,59416,12990,12988,522,13510,98
2022-04-28,San Bernardino,071,2135413,578041,568758,25129,593887,7191
2022-04-28,San Diego,073,3302833,760859,761253,53852,815105,5238
2022-04-28,San Francisco,075,870044,131355,130241,8661,138902,860
2022-04-28,San Joaquin,077,732212,167586,167028,10059,177087,2225
2022-04-28,San Luis Obispo,079,281455,53140,53040,3858,56898,477
2022-04-28,San Mateo,081,765935,126586,125807,7410,133217,705
2022-04-28,Santa Barbara,083,443738,87024,86768,4783,91551,688
2022-04-28,Santa Clara,085,1922200,321121,320709,12902,333611,2281
2022-04-28,Santa Cruz,087,273765,49508,48798,2159,50957,262
2022-04-28,Shasta,089,179085,30697,30649,6113,36762,554
2022-04-28,Sierra,091,2930,275,274,49,323,4
2022-04-28,Siskiyou,093,43540,4469,4458,2744,7202,81
2022-04-28,Solano,095,438530,82913,82459,5689,88148,449
2022-04-28,Sonoma,097,501317,85682,85290,2925,88215,488
2022-04-28,Stanislaus,099,539301,118173,117943,17955,135898,1643
2022-04-28,Sutter,101,95872,20584,20644,2103,22747,224
2022-04-28,Tehama,103,63373,12070,12078,2582,14660,202
2022-04-28,Trinity,105,12862,1186,1179,288,1467,20
2022-04-28,Tulare,107,460477,106619,106856,27718,134574,1458
2022-04-28,Tuolumne,109,53932,12807,12713,574,13287,181
2022-04-28,Ventura,111,848112,174977,174679,9613,184292,1486
2022-04-28,Yolo,113,214977,37905,37173,3103,40276,314
2022-04-28,Yuba,115,75493,15929,15917,1210,17127,121
2022-04-27,Alameda,001,1643700,263745,260871,14365,275236,1843
2022-04-27,Alpine,003,1148,124,124,1,125,0
2022-04-27,Amador,005,37829,8578,8518,658,9176,86
2022-04-27,Butte,007,227075,33352,33118,7039,40157,411
2022-04-27,Calaveras,009,45235,7332,7307,355,7662,119
2022-04-27,Colusa,011,21464,3453,3457,1048,4505,21
2022-04-27,Contra Costa,013,1133247,194941,191412,13674,205086,1300
2022-04-27,Del Norte,015,27424,5874,5833,191,6024,50
2022-04-27,El Dorado,017,186661,27041,26898,3242,30140,209
2022-04-27,Fresno,019,978130,232438,231951,23832,255783,2744
2022-04-27,Glenn,021,27897,4997,4993,1614,6607,48
2022-04-27,Humboldt,023,135768,17290,17138,3041,20179,145
2022-04-27,Imperial,025,180216,55559,55480,10572,66052,910
2022-04-27,Inyo,027,18085,4089,4080,495,4575,56
2022-04-27,Kern,029,883053,192495,192157,45943,238100,2271
2022-04-27,Kings,031,150075,51633,51617,3515,55132,444
2022-04-27,Lake,033,64148,10770,10732,894,11626,135
2022-04-27,Lassen,035,31185,8969,8965,876,9841,65
2022-04-27,Los Angeles,037,10098052,2745970,2731988,125591,2857579,31691
2022-04-27,Madera,039,155013,37369,37339,6054,43393,354
2022-04-27,Marin,041,260295,34636,34354,2811,37165,288
2022-04-27,Mariposa,043,17540,2437,2427,203,2630,30
2022-04-27,Mendocino,045,87422,13231,13188,3108,16296,123
2022-04-27,Merced,047,269075,62563,62315,8732,71047,815
2022-04-27,Modoc,049,8938,741,745,252,997,8
2022-04-27,Mono,051,14174,2990,2989,129,3118,6
2022-04-27,Monterey,053,433212,80106,79695,13978,93673,729
2022-04-27,Napa,055,140530,26414,26210,1026,27236,143
2022-04-27,Nevada,057,99092,16119,16080,1224,17304,127
2022-04-27,Orange,059,3164182,552422,550859,42060,592919,6991
2022-04-27,Placer,061,380077,63417,63154,7408,70562,623
2022-04-27,Plumas,063,18699,2987,2934,365,3299,13
2022-04-27,Riverside,065,2383286,595032,593397,28084,621481,6453
2022-04-27,Sacramento,067,1510023,283583,281802,26712,308514,3001
2022-04-27,San Benito,069,59416,12977,12989,520,13509,98
2022-04-27,San Bernardino,071,2135413,577842,568018,25122,593140,7105
2022-04-27,San Diego,073,3302833,760286,759873,53789,813662,5236
2022-04-27,San Francisco,075,870044,131004,129284,8637,137921,857
2022-04-27,San Joaquin,077,732212,167511,166848,10044,176892,2225
2022-04-27,San Luis Obispo,079,281455,53095,52911,3847,56758,476
2022-04-27,San Mateo,081,765935,126356,125018,7357,132375,702
2022-04-27,Santa Barbara,083,443738,86960,86557,4776,91333,685
2022-04-27,Santa Clara,085,1922200,320556,319077,12855,331932,2282
2022-04-27,Santa Cruz,087,273765,49423,48500,2151,50651,262
2022-04-27,Shasta,089,179085,30685,30633,6110,36743,554
2022-04-27,Sierra,091,2930,274,276,49,325,4
2022-04-27,Siskiyou,093,43540,4469,4455,2740,7195,81
2022-04-27,Solano,095,438530,82800,82220,5681,87901,448
2022-04-27,Sonoma,097,501317,85573,84983,2907,87890,487
2022-04-27,Stanislaus,099,539301,118131,117841,17945,135786,1643
2022-04-27,Sutter,101,95872,20580,20627,2099,22726,224
2022-04-27,Tehama,103,63373,12070,12073,2582,14655,201
2022-04-27,Trinity,105,12862,1186,1179,288,1467,20
2022-04-27,Tulare,107,460477,106601,106580,27709,134289,1453
2022-04-27,Tuolumne,109,53932,12790,12684,573,13257,181
2022-04-27,Ventura,111,848112,174874,174425,9598,184023,1480
2022-04-27,Yolo,113,214977,37856,37096,3097,40193,314
2022-04-27,Yuba,115,75493,15925,15902,1205,17107,121
2022-04-26,Alameda,001,1643700,263227,260871,14323,275194,1843
2022-04-26,Alpine,003,1148,124,124,1,125,0
2022-04-26,Amador,005,37829,8575,8518,657,9175,86
2022-04-26,Butte,007,227075,33336,33118,7032,40150,411
2022-04-26,Calaveras,009,45235,7328,7307,354,7661,119
2022-04-26,Colusa,011,21464,3453,3457,1048,4505,21
2022-04-26,Contra Costa,013,1133247,194680,191412,13637,205049,1300
2022-04-26,Del Norte,015,27424,5866,5833,191,6024,50
2022-04-26,El Dorado,017,186661,27020,26898,3238,30136,209
2022-04-26,Fresno,019,978130,232358,231951,23822,255773,2744
2022-04-26,Glenn,021,27897,4997,4993,1613,6606,48
2022-04-26,Humboldt,023,135768,17259,17138,3035,20173,145
2022-04-26,Imperial,025,180216,55539,55480,10567,66047,910
2022-04-26,Inyo,027,18085,4089,4080,495,4575,56
2022-04-26,Kern,029,883053,192448,192157,45919,238076,2271
2022-04-26,Kings,031,150075,51627,51617,3515,55132,444
2022-04-26,Lake,033,64148,10763,10732,894,11626,135
2022-04-26,Lassen,035,31185,8964,8965,876,9841,65
2022-04-26,Los Angeles,037,10098052,2743579,2731988,125407,2857395,31691
2022-04-26,Madera,039,155013,37361,37339,6047,43386,354
2022-04-26,Marin,041,260295,34583,34354,2792,37146,288
2022-04-26,Mariposa,043,17540,2437,2427,203,2630,30
2022-04-26,Mendocino,045,87422,13227,13188,3102,16290,123
2022-04-26,Merced,047,269075,62540,62315,8715,71030,815
2022-04-26,Modoc,049,8938,741,745,252,997,8
2022-04-26,Mono,051,14174,2990,2989,128,3117,6
2022-04-26,Monterey,053,433212,80052,79695,13939,93634,729
2022-04-26,Napa,055,140530,26383,26210,1022,27232,143
2022-04-26,Nevada,057,99092,16110,16080,1224,17304,127
2022-04-26,Orange,059,3164182,552015,550859,42003,592862,6991
2022-04-26,Placer,061,380077,63386,63154,7406,70560,623
2022-04-26,Plumas,063,18699,2987,2934,365,3299,13
2022-04-26,Riverside,065,2383286,594724,593397,28058,621455,6453
2022-04-26,Sacramento,067,1510023,283346,281802,26690,308492,3001
2022-04-26,San Benito,069,59416,12973,12989,519,13508,98
2022-04-26,San Bernardino,071,2135413,577630,568018,25108,593126,7105
2022-04-26,San Diego,073,3302833,759626,759873,53684,813557,5236
2022-04-26,San Francisco,075,870044,130606,129284,8612,137896,857
2022-04-26,San Joaquin,077,732212,167450,166848,10034,176882,2225
2022-04-26,San Luis Obispo,079,281455,53066,52911,3836,56747,476
2022-04-26,San Mateo,081,765935,126086,125018,7323,132341,702
2022-04-26,Santa Barbara,083,443738,86899,86557,4771,91328,685
2022-04-26,Santa Clara,085,1922200,320000,319077,12809,331886,2282
2022-04-26,Santa Cruz,087,273765,49323,48500,2148,50648,262
2022-04-26,Shasta,089,179085,30673,30633,6110,36743,554
2022-04-26,Sierra,091,2930,274,276,49,325,4
2022-04-26,Siskiyou,093,43540,4467,4455,2738,7193,81
2022-04-26,Solano,095,438530,82701,82220,5670,87890,448
2022-04-26,Sonoma,097,501317,85467,84983,2891,87874,487
2022-04-26,Stanislaus,099,539301,118096,117841,17935,135776,1643
2022-04-26,Sutter,101,95872,20570,20627,2099,22726,224
2022-04-26,Tehama,103,63373,12061,12073,2582,14655,201
2022-04-26,Trinity,105,12862,1186,1179,288,1467,20
2022-04-26,Tulare,107,460477,106573,106580,27695,134275,1453
2022-04-26,Tuolumne,109,53932,12771,12684,571,13255,181
2022-04-26,Ventura,111,848112,174765,174425,9572,183997,1480
2022-04-26,Yolo,113,214977,37797,37096,3092,40188,314
2022-04-26,Yuba,115,75493,15923,15902,1205,17107,121
2022-04-25,Alameda,001,1643700,262719,260871,14282,275153,1843
2022-04-25,Alpine,003,1148,124,124,1,125,0
2022-04-25,Amador,005,37829,8572,8518,657,9175,86
2022-04-25,Butte,007,227075,33321,33118,7023,40141,411
2022-04-25,Calaveras,009,45235,7325,7307,354,7661,119
2022-04-25,Colusa,011,21464,3453,3457,1048,4505,21
2022-04-25,Contra Costa,013,1133247,194413,191412,13600,205012,1300
2022-04-25,Del Norte,015,27424,5860,5833,189,6022,50
2022-04-25,El Dorado,017,186661,26999,26898,3236,30134,209
2022-04-25,Fresno,019,978130,232267,231951,23809,255760,2744
2022-04-25,Glenn,021,27897,4996,4993,1613,6606,48
2022-04-25,Humboldt,023,135768,17217,17138,3027,20165,145
2022-04-25,Imperial,025,180216,55520,55480,10562,66042,910
2022-04-25,Inyo,027,18085,4089,4080,495,4575,56
2022-04-25,Kern,029,883053,192404,192157,45901,238058,2271
2022-04-25,Kings,031,150075,51618,51617,3514,55131,444
2022-04-25,Lake,033,64148,10760,10732,893,11625,135
2022-04-25,Lassen,035,31185,8963,8965,876,9841,65
2022-04-25,Los Angeles,037,10098052,2741194,2731988,125241,2857229,31691
2022-04-25,Madera,039,155013,37348,37339,6043,43382,354
2022-04-25,Marin,041,260295,34519,34354,2768,37122,288
2022-04-25,Mariposa,043,17540,2437,2427,202,2629,30
2022-04-25,Mendocino,045,87422,13217,13188,3085,16273,123
2022-04-25,Merced,047,269075,62527,62315,8713,71028,815
2022-04-25,Modoc,049,8938,741,745,252,997,8
2022-04-25,Mono,051,14174,2990,2989,128,3117,6
2022-04-25,Monterey,053,433212,80014,79695,13914,93609,729
2022-04-25,Napa,055,140530,26342,26210,1020,27230,143
2022-04-25,Nevada,057,99092,16104,16080,1222,17302,127
2022-04-25,Orange,059,3164182,551610,550859,41942,592801,6991
2022-04-25,Placer,061,380077,63350,63154,7401,70555,623
2022-04-25,Plumas,063,18699,2985,2934,365,3299,13
2022-04-25,Riverside,065,2383286,594462,593397,28041,621438,6453
2022-04-25,Sacramento,067,1510023,283181,281802,26657,308459,3001
2022-04-25,San Benito,069,59416,12966,12989,519,13508,98
2022-04-25,San Bernardino,071,2135413,577402,568018,25091,593109,7105
2022-04-25,San Diego,073,3302833,758943,759873,53606,813479,5236
2022-04-25,San Francisco,075,870044,130245,129284,8596,137880,857
2022-04-25,San Joaquin,077,732212,167366,166848,10020,176868,2225
2022-04-25,San Luis Obispo,079,281455,53017,52911,3828,56739,476
2022-04-25,San Mateo,081,765935,125814,125018,7303,132321,702
2022-04-25,Santa Barbara,083,443738,86838,86557,4765,91322,685
2022-04-25,Santa Clara,085,1922200,319354,319077,12764,331841,2282
2022-04-25,Santa Cruz,087,273765,49181,48500,2139,50639,262
2022-04-25,Shasta,089,179085,30661,30633,6107,36740,554
2022-04-25,Sierra,091,2930,274,276,49,325,4
2022-04-25,Siskiyou,093,43540,4467,4455,2737,7192,81
2022-04-25,Solano,095,438530,82582,82220,5659,87879,448
2022-04-25,Sonoma,097,501317,85344,84983,2872,87855,487
2022-04-25,Stanislaus,099,539301,118051,117841,17928,135769,1643
2022-04-25,Sutter,101,95872,20567,20627,2099,22726,224
2022-04-25,Tehama,103,63373,12061,12073,2582,14655,201
2022-04-25,Trinity,105,12862,1185,1179,288,1467,20
2022-04-25,Tulare,107,460477,106548,106580,27685,134265,1453
2022-04-25,Tuolumne,109,53932,12762,12684,571,13255,181
2022-04-25,Ventura,111,848112,174655,174425,9548,183973,1480
2022-04-25,Yolo,113,214977,37734,37096,3088,40184,314
2022-04-25,Yuba,115,75493,15913,15902,1204,17106,121
2022-04-24,Alameda,001,1643700,262136,259619,14237,273856,1837
2022-04-24,Alpine,003,1148,124,124,1,125,0
2022-04-24,Amador,005,37829,8563,8509,656,9165,86
2022-04-24,Butte,007,227075,33298,33105,7016,40121,411
2022-04-24,Calaveras,009,45235,7316,7296,352,7648,119
2022-04-24,Colusa,011,21464,3452,3453,1048,4501,21
2022-04-24,Contra Costa,013,1133247,194107,190611,13567,204178,1298
2022-04-24,Del Norte,015,27424,5851,5827,187,6014,50
2022-04-24,El Dorado,017,186661,26981,26837,3234,30071,209
2022-04-24,Fresno,019,978130,232187,231751,23795,255546,2744
2022-04-24,Glenn,021,27897,4996,4989,1611,6600,48
2022-04-24,Humboldt,023,135768,17192,17033,3013,20046,145
2022-04-24,Imperial,025,180216,55508,55434,10554,65988,910
2022-04-24,Inyo,027,18085,4085,4079,494,4573,56
2022-04-24,Kern,029,883053,192352,192012,45887,237899,2267
2022-04-24,Kings,031,150075,51609,51588,3514,55102,444
2022-04-24,Lake,033,64148,10752,10720,890,11610,134
2022-04-24,Lassen,035,31185,8962,8966,876,9842,65
2022-04-24,Los Angeles,037,10098052,2738845,2725630,125093,2850723,31667
2022-04-24,Madera,039,155013,37333,37333,6037,43370,354
2022-04-24,Marin,041,260295,34465,34150,2734,36884,288
2022-04-24,Mariposa,043,17540,2434,2422,202,2624,30
2022-04-24,Mendocino,045,87422,13212,13158,3073,16231,122
2022-04-24,Merced,047,269075,62504,62286,8705,70991,815
2022-04-24,Modoc,049,8938,741,745,252,997,8
2022-04-24,Mono,051,14174,2988,2986,128,3114,6
2022-04-24,Monterey,053,433212,79961,79560,13881,93441,729
2022-04-24,Napa,055,140530,26305,26093,1019,27112,143
2022-04-24,Nevada,057,99092,16088,16052,1220,17272,127
2022-04-24,Orange,059,3164182,551187,549765,41882,591647,6989
2022-04-24,Placer,061,380077,63295,63037,7393,70430,622
2022-04-24,Plumas,063,18699,2983,2934,365,3299,13
2022-04-24,Riverside,065,2383286,594183,592683,28006,620689,6450
2022-04-24,Sacramento,067,1510023,282974,280551,26623,307174,2993
2022-04-24,San Benito,069,59416,12961,12966,519,13485,98
2022-04-24,San Bernardino,071,2135413,577169,566806,25069,591875,7047
2022-04-24,San Diego,073,3302833,758311,758311,53543,811854,5233
2022-04-24,San Francisco,075,870044,129799,128323,8571,136894,857
2022-04-24,San Joaquin,077,732212,167279,166626,9984,176610,2224
2022-04-24,San Luis Obispo,079,281455,52941,52826,3817,56643,476
2022-04-24,San Mateo,081,765935,125506,124106,7269,131375,703
2022-04-24,Santa Barbara,083,443738,86769,86376,4763,91139,685
2022-04-24,Santa Clara,085,1922200,318671,317487,12711,330198,2277
2022-04-24,Santa Cruz,087,273765,49068,48255,2133,50388,261
2022-04-24,Shasta,089,179085,30649,30607,6105,36712,557
2022-04-24,Sierra,091,2930,274,276,49,325,4
2022-04-24,Siskiyou,093,43540,4465,4453,2735,7188,81
2022-04-24,Solano,095,438530,82474,81982,5650,87632,448
2022-04-24,Sonoma,097,501317,85208,84581,2850,87431,486
2022-04-24,Stanislaus,099,539301,118000,117737,17922,135659,1632
2022-04-24,Sutter,101,95872,20558,20605,2096,22701,224
2022-04-24,Tehama,103,63373,12057,12064,2582,14646,201
2022-04-24,Trinity,105,12862,1185,1177,288,1465,20
2022-04-24,Tulare,107,460477,106521,106354,27674,134028,1446
2022-04-24,Tuolumne,109,53932,12749,12664,570,13234,181
2022-04-24,Ventura,111,848112,174543,174091,9527,183618,1479
2022-04-24,Yolo,113,214977,37694,36990,3085,40075,314
2022-04-24,Yuba,115,75493,15909,15888,1204,17092,121
2022-04-23,Alameda,001,1643700,261892,259619,14224,273843,1837
2022-04-23,Alpine,003,1148,124,124,1,125,0
2022-04-23,Amador,005,37829,8557,8509,656,9165,86
2022-04-23,Butte,007,227075,33289,33105,7013,40118,411
2022-04-23,Calaveras,009,45235,7308,7296,352,7648,119
2022-04-23,Colusa,011,21464,3452,3453,1048,4501,21
2022-04-23,Contra Costa,013,1133247,193951,190611,13549,204160,1298
2022-04-23,Del Norte,015,27424,5849,5827,186,6013,50
2022-04-23,El Dorado,017,186661,26971,26837,3233,30070,209
2022-04-23,Fresno,019,978130,232154,231751,23789,255540,2744
2022-04-23,Glenn,021,27897,4996,4989,1611,6600,48
2022-04-23,Humboldt,023,135768,17176,17033,3010,20043,145
2022-04-23,Imperial,025,180216,55497,55434,10553,65987,910
2022-04-23,Inyo,027,18085,4085,4079,493,4572,56
2022-04-23,Kern,029,883053,192324,192012,45873,237885,2267
2022-04-23,Kings,031,150075,51604,51588,3513,55101,444
2022-04-23,Lake,033,64148,10751,10720,890,11610,134
2022-04-23,Lassen,035,31185,8962,8966,876,9842,65
2022-04-23,Los Angeles,037,10098052,2737909,2725630,124997,2850627,31667
2022-04-23,Madera,039,155013,37326,37333,6036,43369,354
2022-04-23,Marin,041,260295,34430,34150,2688,36838,288
2022-04-23,Mariposa,043,17540,2434,2422,202,2624,30
2022-04-23,Mendocino,045,87422,13205,13158,3073,16231,122
2022-04-23,Merced,047,269075,62494,62286,8705,70991,815
2022-04-23,Modoc,049,8938,741,745,252,997,8
2022-04-23,Mono,051,14174,2988,2986,128,3114,6
2022-04-23,Monterey,053,433212,79892,79560,13866,93426,729
2022-04-23,Napa,055,140530,26284,26093,1017,27110,143
2022-04-23,Nevada,057,99092,16082,16052,1218,17270,127
2022-04-23,Orange,059,3164182,550971,549765,41834,591599,6989
2022-04-23,Placer,061,380077,63265,63037,7393,70430,622
2022-04-23,Plumas,063,18699,2983,2934,365,3299,13
2022-04-23,Riverside,065,2383286,594047,592683,27996,620679,6450
2022-04-23,Sacramento,067,1510023,282874,280551,26620,307171,2993
2022-04-23,San Benito,069,59416,12960,12966,519,13485,98
2022-04-23,San Bernardino,071,2135413,577050,566806,25066,591872,7047
2022-04-23,San Diego,073,3302833,758049,758311,53525,811836,5233
2022-04-23,San Francisco,075,870044,129595,128323,8546,136869,857
2022-04-23,San Joaquin,077,732212,167238,166626,9976,176602,2224
2022-04-23,San Luis Obispo,079,281455,52926,52826,3813,56639,476
2022-04-23,San Mateo,081,765935,125349,124106,7259,131365,703
2022-04-23,Santa Barbara,083,443738,86733,86376,4762,91138,685
2022-04-23,Santa Clara,085,1922200,318292,317487,12684,330171,2277
2022-04-23,Santa Cruz,087,273765,49018,48255,2131,50386,261
2022-04-23,Shasta,089,179085,30646,30607,6105,36712,557
2022-04-23,Sierra,091,2930,274,276,49,325,4
2022-04-23,Siskiyou,093,43540,4463,4453,2735,7188,81
2022-04-23,Solano,095,438530,82447,81982,5646,87628,448
2022-04-23,Sonoma,097,501317,85140,84581,2841,87422,486
2022-04-23,Stanislaus,099,539301,117964,117737,17920,135657,1632
2022-04-23,Sutter,101,95872,20552,20605,2096,22701,224
2022-04-23,Tehama,103,63373,12056,12064,2582,14646,201
2022-04-23,Trinity,105,12862,1185,1177,288,1465,20
2022-04-23,Tulare,107,460477,106513,106354,27665,134019,1446
2022-04-23,Tuolumne,109,53932,12744,12664,570,13234,181
2022-04-23,Ventura,111,848112,174480,174091,9519,183610,1479
2022-04-23,Yolo,113,214977,37666,36990,3081,40071,314
2022-04-23,Yuba,115,75493,15907,15888,1204,17092,121
2022-04-22,Alameda,001,1643700,261657,259619,14205,273824,1837
2022-04-22,Alpine,003,1148,124,124,1,125,0
2022-04-22,Amador,005,37829,8556,8509,654,9163,86
2022-04-22,Butte,007,227075,33282,33105,7008,40113,411
2022-04-22,Calaveras,009,45235,7307,7296,352,7648,119
2022-04-22,Colusa,011,21464,3452,3453,1048,4501,21
2022-04-22,Contra Costa,013,1133247,193815,190611,13533,204144,1298
2022-04-22,Del Norte,015,27424,5849,5827,186,6013,50
2022-04-22,El Dorado,017,186661,26958,26837,3229,30066,209
2022-04-22,Fresno,019,978130,232124,231751,23785,255536,2744
2022-04-22,Glenn,021,27897,4995,4989,1611,6600,48
2022-04-22,Humboldt,023,135768,17160,17033,3004,20037,145
2022-04-22,Imperial,025,180216,55491,55434,10553,65987,910
2022-04-22,Inyo,027,18085,4085,4079,492,4571,56
2022-04-22,Kern,029,883053,192304,192012,45870,237882,2267
2022-04-22,Kings,031,150075,51600,51588,3512,55100,444
2022-04-22,Lake,033,64148,10750,10720,890,11610,134
2022-04-22,Lassen,035,31185,8962,8966,876,9842,65
2022-04-22,Los Angeles,037,10098052,2736812,2725630,124938,2850568,31667
2022-04-22,Madera,039,155013,37321,37333,6035,43368,354
2022-04-22,Marin,041,260295,34393,34150,2677,36827,288
2022-04-22,Mariposa,043,17540,2433,2422,202,2624,30
2022-04-22,Mendocino,045,87422,13200,13158,3068,16226,122
2022-04-22,Merced,047,269075,62487,62286,8694,70980,815
2022-04-22,Modoc,049,8938,741,745,252,997,8
2022-04-22,Mono,051,14174,2988,2986,127,3113,6
2022-04-22,Monterey,053,433212,79857,79560,13852,93412,729
2022-04-22,Napa,055,140530,26266,26093,1015,27108,143
2022-04-22,Nevada,057,99092,16082,16052,1218,17270,127
2022-04-22,Orange,059,3164182,550786,549765,41783,591548,6989
2022-04-22,Placer,061,380077,63242,63037,7390,70427,622
2022-04-22,Plumas,063,18699,2983,2934,365,3299,13
2022-04-22,Riverside,065,2383286,593903,592683,27981,620664,6450
2022-04-22,Sacramento,067,1510023,282787,280551,26608,307159,2993
2022-04-22,San Benito,069,59416,12955,12966,519,13485,98
2022-04-22,San Bernardino,071,2135413,576937,566806,25058,591864,7047
2022-04-22,San Diego,073,3302833,757728,758311,53497,811808,5233
2022-04-22,San Francisco,075,870044,129430,128323,8520,136843,857
2022-04-22,San Joaquin,077,732212,167208,166626,9975,176601,2224
2022-04-22,San Luis Obispo,079,281455,52920,52826,3812,56638,476
2022-04-22,San Mateo,081,765935,125188,124106,7246,131352,703
2022-04-22,Santa Barbara,083,443738,86686,86376,4761,91137,685
2022-04-22,Santa Clara,085,1922200,317946,317487,12670,330157,2277
2022-04-22,Santa Cruz,087,273765,48978,48255,2130,50385,261
2022-04-22,Shasta,089,179085,30641,30607,6104,36711,557
2022-04-22,Sierra,091,2930,274,276,48,324,4
2022-04-22,Siskiyou,093,43540,4463,4453,2735,7188,81
2022-04-22,Solano,095,438530,82390,81982,5644,87626,448
2022-04-22,Sonoma,097,501317,85076,84581,2837,87418,486
2022-04-22,Stanislaus,099,539301,117942,117737,17915,135652,1632
2022-04-22,Sutter,101,95872,20546,20605,2096,22701,224
2022-04-22,Tehama,103,63373,12051,12064,2581,14645,201
2022-04-22,Trinity,105,12862,1185,1177,287,1464,20
2022-04-22,Tulare,107,460477,106503,106354,27657,134011,1446
2022-04-22,Tuolumne,109,53932,12738,12664,568,13232,181
2022-04-22,Ventura,111,848112,174405,174091,9508,183599,1479
2022-04-22,Yolo,113,214977,37645,36990,3079,40069,314
2022-04-22,Yuba,115,75493,15904,15888,1203,17091,121
2022-04-21,Alameda,001,1643700,261299,259619,14165,273784,1837
2022-04-21,Alpine,003,1148,124,124,1,125,0
2022-04-21,Amador,005,37829,8553,8509,654,9163,86
2022-04-21,Butte,007,227075,33274,33105,7000,40105,411
2022-04-21,Calaveras,009,45235,7304,7296,352,7648,119
2022-04-21,Colusa,011,21464,3451,3453,1048,4501,21
2022-04-21,Contra Costa,013,1133247,193620,190611,13512,204123,1298
2022-04-21,Del Norte,015,27424,5848,5827,186,6013,50
2022-04-21,El Dorado,017,186661,26942,26837,3228,30065,209
2022-04-21,Fresno,019,978130,232082,231751,23777,255528,2744
2022-04-21,Glenn,021,27897,4995,4989,1610,6599,48
2022-04-21,Humboldt,023,135768,17137,17033,2996,20029,145
2022-04-21,Imperial,025,180216,55482,55434,10553,65987,910
2022-04-21,Inyo,027,18085,4085,4079,492,4571,56
2022-04-21,Kern,029,883053,192271,192012,45855,237867,2267
2022-04-21,Kings,031,150075,51592,51588,3512,55100,444
2022-04-21,Lake,033,64148,10747,10720,890,11610,134
2022-04-21,Lassen,035,31185,8962,8966,876,9842,65
2022-04-21,Los Angeles,037,10098052,2735163,2725630,124824,2850454,31667
2022-04-21,Madera,039,155013,37318,37333,6034,43367,354
2022-04-21,Marin,041,260295,34345,34150,2667,36817,288
2022-04-21,Mariposa,043,17540,2432,2422,202,2624,30
2022-04-21,Mendocino,045,87422,13193,13158,3065,16223,122
2022-04-21,Merced,047,269075,62469,62286,8692,70978,815
2022-04-21,Modoc,049,8938,741,745,252,997,8
2022-04-21,Mono,051,14174,2987,2986,126,3112,6
2022-04-21,Monterey,053,433212,79830,79560,13838,93398,729
2022-04-21,Napa,055,140530,26235,26093,1014,27107,143
2022-04-21,Nevada,057,99092,16078,16052,1218,17270,127
2022-04-21,Orange,059,3164182,550533,549765,41746,591511,6989
2022-04-21,Placer,061,380077,63204,63037,7386,70423,622
2022-04-21,Plumas,063,18699,2983,2934,365,3299,13
2022-04-21,Riverside,065,2383286,593743,592683,27963,620646,6450
2022-04-21,Sacramento,067,1510023,282639,280551,26588,307139,2993
2022-04-21,San Benito,069,59416,12949,12966,519,13485,98
2022-04-21,San Bernardino,071,2135413,576747,566806,25046,591852,7047
2022-04-21,San Diego,073,3302833,757303,758311,53453,811764,5233
2022-04-21,San Francisco,075,870044,129207,128323,8492,136815,857
2022-04-21,San Joaquin,077,732212,167154,166626,9970,176596,2224
2022-04-21,San Luis Obispo,079,281455,52900,52826,3805,56631,476
2022-04-21,San Mateo,081,765935,124987,124106,7226,131332,703
2022-04-21,Santa Barbara,083,443738,86627,86376,4758,91134,685
2022-04-21,Santa Clara,085,1922200,317495,317487,12648,330135,2277
2022-04-21,Santa Cruz,087,273765,48932,48255,2128,50383,261
2022-04-21,Shasta,089,179085,30633,30607,6104,36711,557
2022-04-21,Sierra,091,2930,274,276,48,324,4
2022-04-21,Siskiyou,093,43540,4463,4453,2735,7188,81
2022-04-21,Solano,095,438530,82328,81982,5637,87619,448
2022-04-21,Sonoma,097,501317,84962,84581,2817,87398,486
2022-04-21,Stanislaus,099,539301,117903,117737,17907,135644,1632
2022-04-21,Sutter,101,95872,20537,20605,2094,22699,224
2022-04-21,Tehama,103,63373,12051,12064,2581,14645,201
2022-04-21,Trinity,105,12862,1185,1177,287,1464,20
2022-04-21,Tulare,107,460477,106496,106354,27653,134007,1446
2022-04-21,Tuolumne,109,53932,12733,12664,568,13232,181
2022-04-21,Ventura,111,848112,174323,174091,9502,183593,1479
2022-04-21,Yolo,113,214977,37615,36990,3079,40069,314
2022-04-21,Yuba,115,75493,15902,15888,1203,17091,121
2022-04-20,Alameda,001,1643700,260936,258734,14135,272869,1832
2022-04-20,Alpine,003,1148,124,124,1,125,0
2022-04-20,Amador,005,37829,8551,8494,654,9148,86
2022-04-20,Butte,007,227075,33265,33083,6993,40076,408
2022-04-20,Calaveras,009,45235,7298,7288,351,7639,119
2022-04-20,Colusa,011,21464,3451,3453,1048,4501,21
2022-04-20,Contra Costa,013,1133247,193385,190042,13487,203529,1299
2022-04-20,Del Norte,015,27424,5842,5814,186,6000,50
2022-04-20,El Dorado,017,186661,26927,26821,3223,30044,209
2022-04-20,Fresno,019,978130,232033,231568,23776,255344,2740
2022-04-20,Glenn,021,27897,4994,4988,1607,6595,48
2022-04-20,Humboldt,023,135768,17115,16976,2992,19968,145
2022-04-20,Imperial,025,180216,55474,55405,10550,65955,910
2022-04-20,Inyo,027,18085,4085,4075,491,4566,56
2022-04-20,Kern,029,883053,192236,191915,45839,237754,2262
2022-04-20,Kings,031,150075,51583,51571,3510,55081,445
2022-04-20,Lake,033,64148,10747,10711,890,11601,134
2022-04-20,Lassen,035,31185,8962,8951,876,9827,65
2022-04-20,Los Angeles,037,10098052,2733425,2721699,124705,2846404,31630
2022-04-20,Madera,039,155013,37315,37333,6031,43364,354
2022-04-20,Marin,041,260295,34304,33985,2644,36629,288
2022-04-20,Mariposa,043,17540,2430,2412,202,2614,30
2022-04-20,Mendocino,045,87422,13187,13128,3057,16185,122
2022-04-20,Merced,047,269075,62459,62322,8679,71001,813
2022-04-20,Modoc,049,8938,741,744,252,996,8
2022-04-20,Mono,051,14174,2987,2984,126,3110,6
2022-04-20,Monterey,053,433212,79785,79419,13819,93238,727
2022-04-20,Napa,055,140530,26201,26016,1010,27026,143
2022-04-20,Nevada,057,99092,16068,16034,1215,17249,127
2022-04-20,Orange,059,3164182,550205,549136,41699,590835,6963
2022-04-20,Placer,061,380077,63178,62928,7381,70309,619
2022-04-20,Plumas,063,18699,2983,2932,365,3297,13
2022-04-20,Riverside,065,2383286,593551,592224,27941,620165,6447
2022-04-20,Sacramento,067,1510023,282496,279326,26571,305897,2987
2022-04-20,San Benito,069,59416,12943,12971,516,13487,98
2022-04-20,San Bernardino,071,2135413,576540,565405,25029,590434,6977
2022-04-20,San Diego,073,3302833,756860,757138,53393,810531,5231
2022-04-20,San Francisco,075,870044,128900,127594,8474,136068,854
2022-04-20,San Joaquin,077,732212,167083,166531,9963,176494,2222
2022-04-20,San Luis Obispo,079,281455,52873,52740,3798,56538,476
2022-04-20,San Mateo,081,765935,124769,123279,7194,130473,701
2022-04-20,Santa Barbara,083,443738,86591,86214,4752,90966,685
2022-04-20,Santa Clara,085,1922200,317084,316355,12610,328965,2274
2022-04-20,Santa Cruz,087,273765,48868,47997,2124,50121,261
2022-04-20,Shasta,089,179085,30630,30590,6103,36693,554
2022-04-20,Sierra,091,2930,274,276,48,324,4
2022-04-20,Siskiyou,093,43540,4462,4446,2734,7180,80
2022-04-20,Solano,095,438530,82256,81841,5634,87475,447
2022-04-20,Sonoma,097,501317,84874,84429,2793,87222,485
2022-04-20,Stanislaus,099,539301,117867,117540,17896,135436,1630
2022-04-20,Sutter,101,95872,20530,20632,2094,22726,224
2022-04-20,Tehama,103,63373,12049,12061,2581,14642,199
2022-04-20,Trinity,105,12862,1185,1178,287,1465,20
2022-04-20,Tulare,107,460477,106488,105974,27642,133616,1439
2022-04-20,Tuolumne,109,53932,12728,12648,567,13215,180
2022-04-20,Ventura,111,848112,174235,173904,9493,183397,1475
2022-04-20,Yolo,113,214977,37565,36785,3076,39861,311
2022-04-20,Yuba,115,75493,15898,15868,1201,17069,121
2022-04-19,Alameda,001,1643700,260575,258734,14103,272837,1832
2022-04-19,Alpine,003,1148,124,124,1,125,0
2022-04-19,Amador,005,37829,8547,8494,651,9145,86
2022-04-19,Butte,007,227075,33258,33083,6989,40072,408
2022-04-19,Calaveras,009,45235,7295,7288,351,7639,119
2022-04-19,Colusa,011,21464,3451,3453,1048,4501,21
2022-04-19,Contra Costa,013,1133247,193139,190042,13469,203511,1299
2022-04-19,Del Norte,015,27424,5840,5814,184,5998,50
2022-04-19,El Dorado,017,186661,26912,26821,3220,30041,209
2022-04-19,Fresno,019,978130,231979,231568,23765,255333,2740
2022-04-19,Glenn,021,27897,4993,4988,1607,6595,48
2022-04-19,Humboldt,023,135768,17078,16976,2981,19957,145
2022-04-19,Imperial,025,180216,55467,55405,10547,65952,910
2022-04-19,Inyo,027,18085,4082,4075,491,4566,56
2022-04-19,Kern,029,883053,192200,191915,45829,237744,2262
2022-04-19,Kings,031,150075,51569,51571,3509,55080,445
2022-04-19,Lake,033,64148,10743,10711,889,11600,134
2022-04-19,Lassen,035,31185,8962,8951,876,9827,65
2022-04-19,Los Angeles,037,10098052,2731625,2721699,124579,2846278,31630
2022-04-19,Madera,039,155013,37312,37333,6030,43363,354
2022-04-19,Marin,041,260295,34254,33985,2628,36613,288
2022-04-19,Mariposa,043,17540,2430,2412,201,2613,30
2022-04-19,Mendocino,045,87422,13179,13128,3046,16174,122
2022-04-19,Merced,047,269075,62440,62322,8675,70997,813
2022-04-19,Modoc,049,8938,741,744,252,996,8
2022-04-19,Mono,051,14174,2987,2984,126,3110,6
2022-04-19,Monterey,053,433212,79765,79419,13806,93225,727
2022-04-19,Napa,055,140530,26178,26016,1001,27017,143
2022-04-19,Nevada,057,99092,16062,16034,1213,17247,127
2022-04-19,Orange,059,3164182,549926,549136,41655,590791,6963
2022-04-19,Placer,061,380077,63146,62928,7376,70304,619
2022-04-19,Plumas,063,18699,2983,2932,365,3297,13
2022-04-19,Riverside,065,2383286,593369,592224,27929,620153,6447
2022-04-19,Sacramento,067,1510023,282323,279326,26548,305874,2987
2022-04-19,San Benito,069,59416,12937,12971,515,13486,98
2022-04-19,San Bernardino,071,2135413,576324,565405,25007,590412,6977
2022-04-19,San Diego,073,3302833,756394,757138,53328,810466,5231
2022-04-19,San Francisco,075,870044,128566,127594,8456,136050,854
2022-04-19,San Joaquin,077,732212,167032,166531,9959,176490,2222
2022-04-19,San Luis Obispo,079,281455,52837,52740,3792,56532,476
2022-04-19,San Mateo,081,765935,124538,123279,7173,130452,701
2022-04-19,Santa Barbara,083,443738,86537,86214,4744,90958,685
2022-04-19,Santa Clara,085,1922200,316664,316355,12581,328936,2274
2022-04-19,Santa Cruz,087,273765,48813,47997,2122,50119,261
2022-04-19,Shasta,089,179085,30618,30590,6102,36692,554
2022-04-19,Sierra,091,2930,274,276,48,324,4
2022-04-19,Siskiyou,093,43540,4461,4446,2732,7178,80
2022-04-19,Solano,095,438530,82172,81841,5627,87468,447
2022-04-19,Sonoma,097,501317,84772,84429,2764,87193,485
2022-04-19,Stanislaus,099,539301,117841,117540,17891,135431,1630
2022-04-19,Sutter,101,95872,20530,20632,2094,22726,224
2022-04-19,Tehama,103,63373,12048,12061,2581,14642,199
2022-04-19,Trinity,105,12862,1184,1178,287,1465,20
2022-04-19,Tulare,107,460477,106472,105974,27636,133610,1439
2022-04-19,Tuolumne,109,53932,12726,12648,567,13215,180
2022-04-19,Ventura,111,848112,174142,173904,9480,183384,1475
2022-04-19,Yolo,113,214977,37520,36785,3074,39859,311
2022-04-19,Yuba,115,75493,15891,15868,1201,17069,121
2022-04-18,Alameda,001,1643700,260192,258734,14081,272815,1832
2022-04-18,Alpine,003,1148,124,124,1,125,0
2022-04-18,Amador,005,37829,8546,8494,650,9144,86
2022-04-18,Butte,007,227075,33254,33083,6984,40067,408
2022-04-18,Calaveras,009,45235,7291,7288,350,7638,119
2022-04-18,Colusa,011,21464,3450,3453,1048,4501,21
2022-04-18,Contra Costa,013,1133247,192904,190042,13444,203486,1299
2022-04-18,Del Norte,015,27424,5835,5814,184,5998,50
2022-04-18,El Dorado,017,186661,26895,26821,3217,30038,209
2022-04-18,Fresno,019,978130,231936,231568,23754,255322,2740
2022-04-18,Glenn,021,27897,4992,4988,1606,6594,48
2022-04-18,Humboldt,023,135768,17048,16976,2978,19954,145
2022-04-18,Imperial,025,180216,55455,55405,10545,65950,910
2022-04-18,Inyo,027,18085,4082,4075,491,4566,56
2022-04-18,Kern,029,883053,192155,191915,45817,237732,2262
2022-04-18,Kings,031,150075,51564,51571,3509,55080,445
2022-04-18,Lake,033,64148,10739,10711,888,11599,134
2022-04-18,Lassen,035,31185,8962,8951,876,9827,65
2022-04-18,Los Angeles,037,10098052,2729791,2721699,124465,2846164,31630
2022-04-18,Madera,039,155013,37304,37333,6029,43362,354
2022-04-18,Marin,041,260295,34190,33985,2605,36590,288
2022-04-18,Mariposa,043,17540,2428,2412,201,2613,30
2022-04-18,Mendocino,045,87422,13162,13128,3041,16169,122
2022-04-18,Merced,047,269075,62428,62322,8669,70991,813
2022-04-18,Modoc,049,8938,740,744,252,996,8
2022-04-18,Mono,051,14174,2986,2984,126,3110,6
2022-04-18,Monterey,053,433212,79692,79419,13790,93209,727
2022-04-18,Napa,055,140530,26142,26016,1000,27016,143
2022-04-18,Nevada,057,99092,16052,16034,1211,17245,127
2022-04-18,Orange,059,3164182,549639,549136,41620,590756,6963
2022-04-18,Placer,061,380077,63113,62928,7374,70302,619
2022-04-18,Plumas,063,18699,2983,2932,365,3297,13
2022-04-18,Riverside,065,2383286,593160,592224,27909,620133,6447
2022-04-18,Sacramento,067,1510023,282166,279326,26536,305862,2987
2022-04-18,San Benito,069,59416,12931,12971,515,13486,98
2022-04-18,San Bernardino,071,2135413,576112,565405,24989,590394,6977
2022-04-18,San Diego,073,3302833,755924,757138,53269,810407,5231
2022-04-18,San Francisco,075,870044,128249,127594,8444,136038,854
2022-04-18,San Joaquin,077,732212,166972,166531,9952,176483,2222
2022-04-18,San Luis Obispo,079,281455,52808,52740,3787,56527,476
2022-04-18,San Mateo,081,765935,124306,123279,7153,130432,701
2022-04-18,Santa Barbara,083,443738,86466,86214,4739,90953,685
2022-04-18,Santa Clara,085,1922200,316218,316355,12557,328912,2274
2022-04-18,Santa Cruz,087,273765,48708,47997,2120,50117,261
2022-04-18,Shasta,089,179085,30612,30590,6099,36689,554
2022-04-18,Sierra,091,2930,274,276,48,324,4
2022-04-18,Siskiyou,093,43540,4460,4446,2731,7177,80
2022-04-18,Solano,095,438530,82107,81841,5621,87462,447
2022-04-18,Sonoma,097,501317,84672,84429,2749,87178,485
2022-04-18,Stanislaus,099,539301,117811,117540,17888,135428,1630
2022-04-18,Sutter,101,95872,20528,20632,2092,22724,224
2022-04-18,Tehama,103,63373,12044,12061,2581,14642,199
2022-04-18,Trinity,105,12862,1184,1178,287,1465,20
2022-04-18,Tulare,107,460477,106457,105974,27628,133602,1439
2022-04-18,Tuolumne,109,53932,12719,12648,566,13214,180
2022-04-18,Ventura,111,848112,174051,173904,9470,183374,1475
2022-04-18,Yolo,113,214977,37463,36785,3074,39859,311
2022-04-18,Yuba,115,75493,15882,15868,1200,17068,121
2022-04-17,Alameda,001,1643700,259801,257897,14055,271952,1829
2022-04-17,Alpine,003,1148,124,124,1,125,0
2022-04-17,Amador,005,37829,8541,8491,648,9139,86
2022-04-17,Butte,007,227075,33252,33053,6981,40034,405
2022-04-17,Calaveras,009,45235,7288,7275,349,7624,119
2022-04-17,Colusa,011,21464,3449,3450,1048,4498,21
2022-04-17,Contra Costa,013,1133247,192676,189742,13408,203150,1298
2022-04-17,Del Norte,015,27424,5830,5809,184,5993,50
2022-04-17,El Dorado,017,186661,26883,26796,3215,30011,209
2022-04-17,Fresno,019,978130,231859,231455,23749,255204,2739
2022-04-17,Glenn,021,27897,4992,4991,1606,6597,48
2022-04-17,Humboldt,023,135768,17013,16929,2972,19901,143
2022-04-17,Imperial,025,180216,55446,55371,10543,65914,910
2022-04-17,Inyo,027,18085,4080,4075,491,4566,56
2022-04-17,Kern,029,883053,192120,191866,45802,237668,2258
2022-04-17,Kings,031,150075,51553,51544,3507,55051,445
2022-04-17,Lake,033,64148,10738,10702,888,11590,134
2022-04-17,Lassen,035,31185,8962,8950,876,9826,65
2022-04-17,Los Angeles,037,10098052,2727795,2717479,124347,2841826,31598
2022-04-17,Madera,039,155013,37298,37362,6029,43391,354
2022-04-17,Marin,041,260295,34123,33829,2575,36404,288
2022-04-17,Mariposa,043,17540,2420,2406,201,2607,30
2022-04-17,Mendocino,045,87422,13147,13107,3037,16144,122
2022-04-17,Merced,047,269075,62408,62295,8663,70958,813
2022-04-17,Modoc,049,8938,740,743,252,995,8
2022-04-17,Mono,051,14174,2985,2977,126,3103,6
2022-04-17,Monterey,053,433212,79659,79311,13770,93081,727
2022-04-17,Napa,055,140530,26098,25929,994,26923,143
2022-04-17,Nevada,057,99092,16036,16014,1206,17220,123
2022-04-17,Orange,059,3164182,549276,548311,41572,589883,6945
2022-04-17,Placer,061,380077,63073,62882,7367,70249,618
2022-04-17,Plumas,063,18699,2983,2929,365,3294,13
2022-04-17,Riverside,065,2383286,592940,591772,27889,619661,6443
2022-04-17,Sacramento,067,1510023,282005,278523,26511,305034,2978
2022-04-17,San Benito,069,59416,12928,12926,514,13440,98
2022-04-17,San Bernardino,071,2135413,575873,564397,24975,589372,6948
2022-04-17,San Diego,073,3302833,755433,756165,53201,809366,5229
2022-04-17,San Francisco,075,870044,127931,126976,8428,135404,854
2022-04-17,San Joaquin,077,732212,166922,166645,9946,176591,2220
2022-04-17,San Luis Obispo,079,281455,52739,52698,3782,56480,476
2022-04-17,San Mateo,081,765935,124070,122652,7137,129789,699
2022-04-17,Santa Barbara,083,443738,86408,86030,4732,90762,684
2022-04-17,Santa Clara,085,1922200,315724,315296,12530,327826,2268
2022-04-17,Santa Cruz,087,273765,48586,47895,2118,50013,261
2022-04-17,Shasta,089,179085,30601,30578,6095,36673,554
2022-04-17,Sierra,091,2930,274,276,48,324,4
2022-04-17,Siskiyou,093,43540,4455,4444,2730,7174,80
2022-04-17,Solano,095,438530,82040,81781,5615,87396,447
2022-04-17,Sonoma,097,501317,84560,84172,2742,86914,485
2022-04-17,Stanislaus,099,539301,117781,117567,17881,135448,1619
2022-04-17,Sutter,101,95872,20523,20621,2091,22712,224
2022-04-17,Tehama,103,63373,12043,12061,2581,14642,199
2022-04-17,Trinity,105,12862,1183,1178,287,1465,20
2022-04-17,Tulare,107,460477,106443,105757,27619,133376,1428
2022-04-17,Tuolumne,109,53932,12713,12640,566,13206,180
2022-04-17,Ventura,111,848112,173954,173665,9451,183116,1474
2022-04-17,Yolo,113,214977,37414,36752,3072,39824,311
2022-04-17,Yuba,115,75493,15876,15857,1200,17057,121
2022-04-16,Alameda,001,1643700,259649,257897,14045,271942,1829
2022-04-16,Alpine,003,1148,124,124,1,125,0
2022-04-16,Amador,005,37829,8539,8491,648,9139,86
2022-04-16,Butte,007,227075,33248,33053,6979,40032,405
2022-04-16,Calaveras,009,45235,7286,7275,349,7624,119
2022-04-16,Colusa,011,21464,3449,3450,1048,4498,21
2022-04-16,Contra Costa,013,1133247,192585,189742,13402,203144,1298
2022-04-16,Del Norte,015,27424,5830,5809,184,5993,50
2022-04-16,El Dorado,017,186661,26872,26796,3215,30011,209
2022-04-16,Fresno,019,978130,231831,231455,23748,255203,2739
2022-04-16,Glenn,021,27897,4992,4991,1606,6597,48
2022-04-16,Humboldt,023,135768,17005,16929,2967,19896,143
2022-04-16,Imperial,025,180216,55440,55371,10542,65913,910
2022-04-16,Inyo,027,18085,4080,4075,491,4566,56
2022-04-16,Kern,029,883053,192109,191866,45790,237656,2258
2022-04-16,Kings,031,150075,51550,51544,3507,55051,445
2022-04-16,Lake,033,64148,10736,10702,888,11590,134
2022-04-16,Lassen,035,31185,8962,8950,876,9826,65
2022-04-16,Los Angeles,037,10098052,2727087,2717479,124297,2841776,31598
2022-04-16,Madera,039,155013,37296,37362,6029,43391,354
2022-04-16,Marin,041,260295,34085,33829,2549,36378,288
2022-04-16,Mariposa,043,17540,2419,2406,201,2607,30
2022-04-16,Mendocino,045,87422,13141,13107,3037,16144,122
2022-04-16,Merced,047,269075,62405,62295,8663,70958,813
2022-04-16,Modoc,049,8938,740,743,252,995,8
2022-04-16,Mono,051,14174,2985,2977,126,3103,6
2022-04-16,Monterey,053,433212,79644,79311,13761,93072,727
2022-04-16,Napa,055,140530,26075,25929,992,26921,143
2022-04-16,Nevada,057,99092,16033,16014,1203,17217,123
2022-04-16,Orange,059,3164182,549160,548311,41543,589854,6945
2022-04-16,Placer,061,380077,63057,62882,7365,70247,618
2022-04-16,Plumas,063,18699,2981,2929,365,3294,13
2022-04-16,Riverside,065,2383286,592860,591772,27883,619655,6443
2022-04-16,Sacramento,067,1510023,281955,278523,26506,305029,2978
2022-04-16,San Benito,069,59416,12927,12926,514,13440,98
2022-04-16,San Bernardino,071,2135413,575774,564397,24971,589368,6948
2022-04-16,San Diego,073,3302833,755286,756165,53187,809352,5229
2022-04-16,San Francisco,075,870044,127775,126976,8419,135395,854
2022-04-16,San Joaquin,077,732212,166882,166645,9942,176587,2220
2022-04-16,San Luis Obispo,079,281455,52733,52698,3781,56479,476
2022-04-16,San Mateo,081,765935,123974,122652,7130,129782,699
2022-04-16,Santa Barbara,083,443738,86378,86030,4732,90762,684
2022-04-16,Santa Clara,085,1922200,315483,315296,12522,327818,2268
2022-04-16,Santa Cruz,087,273765,48558,47895,2118,50013,261
2022-04-16,Shasta,089,179085,30597,30578,6095,36673,554
2022-04-16,Sierra,091,2930,274,276,48,324,4
2022-04-16,Siskiyou,093,43540,4455,4444,2730,7174,80
2022-04-16,Solano,095,438530,82025,81781,5613,87394,447
2022-04-16,Sonoma,097,501317,84511,84172,2733,86905,485
2022-04-16,Stanislaus,099,539301,117761,117567,17876,135443,1619
2022-04-16,Sutter,101,95872,20519,20621,2091,22712,224
2022-04-16,Tehama,103,63373,12042,12061,2581,14642,199
2022-04-16,Trinity,105,12862,1183,1178,287,1465,20
2022-04-16,Tulare,107,460477,106433,105757,27617,133374,1428
2022-04-16,Tuolumne,109,53932,12712,12640,566,13206,180
2022-04-16,Ventura,111,848112,173926,173665,9447,183112,1474
2022-04-16,Yolo,113,214977,37405,36752,3071,39823,311
2022-04-16,Yuba,115,75493,15872,15857,1200,17057,121
2022-04-15,Alameda,001,1643700,259467,257897,14037,271934,1829
2022-04-15,Alpine,003,1148,124,124,1,125,0
2022-04-15,Amador,005,37829,8538,8491,646,9137,86
2022-04-15,Butte,007,227075,33246,33053,6977,40030,405
2022-04-15,Calaveras,009,45235,7284,7275,349,7624,119
2022-04-15,Colusa,011,21464,3449,3450,1048,4498,21
2022-04-15,Contra Costa,013,1133247,192468,189742,13395,203137,1298
2022-04-15,Del Norte,015,27424,5829,5809,184,5993,50
2022-04-15,El Dorado,017,186661,26858,26796,3214,30010,209
2022-04-15,Fresno,019,978130,231802,231455,23748,255203,2739
2022-04-15,Glenn,021,27897,4992,4991,1606,6597,48
2022-04-15,Humboldt,023,135768,16993,16929,2966,19895,143
2022-04-15,Imperial,025,180216,55438,55371,10542,65913,910
2022-04-15,Inyo,027,18085,4080,4075,490,4565,56
2022-04-15,Kern,029,883053,192094,191866,45779,237645,2258
2022-04-15,Kings,031,150075,51546,51544,3507,55051,445
2022-04-15,Lake,033,64148,10731,10702,888,11590,134
2022-04-15,Lassen,035,31185,8962,8950,876,9826,65
2022-04-15,Los Angeles,037,10098052,2726313,2717479,124231,2841710,31598
2022-04-15,Madera,039,155013,37294,37362,6029,43391,354
2022-04-15,Marin,041,260295,34051,33829,2528,36357,288
2022-04-15,Mariposa,043,17540,2418,2406,201,2607,30
2022-04-15,Mendocino,045,87422,13135,13107,3035,16142,122
2022-04-15,Merced,047,269075,62401,62295,8663,70958,813
2022-04-15,Modoc,049,8938,740,743,252,995,8
2022-04-15,Mono,051,14174,2980,2977,125,3102,6
2022-04-15,Monterey,053,433212,79617,79311,13755,93066,727
2022-04-15,Napa,055,140530,26058,25929,991,26920,143
2022-04-15,Nevada,057,99092,16031,16014,1202,17216,123
2022-04-15,Orange,059,3164182,549039,548311,41513,589824,6945
2022-04-15,Placer,061,380077,63042,62882,7364,70246,618
2022-04-15,Plumas,063,18699,2981,2929,365,3294,13
2022-04-15,Riverside,065,2383286,592759,591772,27877,619649,6443
2022-04-15,Sacramento,067,1510023,281876,278523,26502,305025,2978
2022-04-15,San Benito,069,59416,12925,12926,513,13439,98
2022-04-15,San Bernardino,071,2135413,575692,564397,24968,589365,6948
2022-04-15,San Diego,073,3302833,755093,756165,53167,809332,5229
2022-04-15,San Francisco,075,870044,127625,126976,8404,135380,854
2022-04-15,San Joaquin,077,732212,166859,166645,9940,176585,2220
2022-04-15,San Luis Obispo,079,281455,52725,52698,3781,56479,476
2022-04-15,San Mateo,081,765935,123843,122652,7119,129771,699
2022-04-15,Santa Barbara,083,443738,86345,86030,4731,90761,684
2022-04-15,Santa Clara,085,1922200,315193,315296,12514,327810,2268
2022-04-15,Santa Cruz,087,273765,48530,47895,2117,50012,261
2022-04-15,Shasta,089,179085,30588,30578,6095,36673,554
2022-04-15,Sierra,091,2930,274,276,48,324,4
2022-04-15,Siskiyou,093,43540,4453,4444,2730,7174,80
2022-04-15,Solano,095,438530,82000,81781,5613,87394,447
2022-04-15,Sonoma,097,501317,84458,84172,2717,86889,485
2022-04-15,Stanislaus,099,539301,117741,117567,17874,135441,1619
2022-04-15,Sutter,101,95872,20516,20621,2091,22712,224
2022-04-15,Tehama,103,63373,12042,12061,2581,14642,199
2022-04-15,Trinity,105,12862,1183,1178,287,1465,20
2022-04-15,Tulare,107,460477,106427,105757,27611,133368,1428
2022-04-15,Tuolumne,109,53932,12709,12640,563,13203,180
2022-04-15,Ventura,111,848112,173897,173665,9441,183106,1474
2022-04-15,Yolo,113,214977,37388,36752,3071,39823,311
2022-04-15,Yuba,115,75493,15869,15857,1200,17057,121
2022-04-14,Alameda,001,1643700,259201,257897,14027,271924,1829
2022-04-14,Alpine,003,1148,124,124,1,125,0
2022-04-14,Amador,005,37829,8538,8491,646,9137,86
2022-04-14,Butte,007,227075,33241,33053,6974,40027,405
2022-04-14,Calaveras,009,45235,7283,7275,349,7624,119
2022-04-14,Colusa,011,21464,3449,3450,1048,4498,21
2022-04-14,Contra Costa,013,1133247,192313,189742,13383,203125,1298
2022-04-14,Del Norte,015,27424,5827,5809,184,5993,50
2022-04-14,El Dorado,017,186661,26855,26796,3212,30008,209
2022-04-14,Fresno,019,978130,231776,231455,23747,255202,2739
2022-04-14,Glenn,021,27897,4991,4991,1604,6595,48
2022-04-14,Humboldt,023,135768,16979,16929,2965,19894,143
2022-04-14,Imperial,025,180216,55428,55371,10542,65913,910
2022-04-14,Inyo,027,18085,4080,4075,489,4564,56
2022-04-14,Kern,029,883053,192075,191866,45771,237637,2258
2022-04-14,Kings,031,150075,51538,51544,3507,55051,445
2022-04-14,Lake,033,64148,10730,10702,888,11590,134
2022-04-14,Lassen,035,31185,8962,8950,875,9825,65
2022-04-14,Los Angeles,037,10098052,2725226,2717479,124142,2841621,31598
2022-04-14,Madera,039,155013,37292,37362,6029,43391,354
2022-04-14,Marin,041,260295,34018,33829,2500,36329,288
2022-04-14,Mariposa,043,17540,2417,2406,201,2607,30
2022-04-14,Mendocino,045,87422,13130,13107,3035,16142,122
2022-04-14,Merced,047,269075,62396,62295,8662,70957,813
2022-04-14,Modoc,049,8938,739,743,252,995,8
2022-04-14,Mono,051,14174,2980,2977,124,3101,6
2022-04-14,Monterey,053,433212,79592,79311,13750,93061,727
2022-04-14,Napa,055,140530,26036,25929,990,26919,143
2022-04-14,Nevada,057,99092,16024,16014,1201,17215,123
2022-04-14,Orange,059,3164182,548850,548311,41486,589797,6945
2022-04-14,Placer,061,380077,63024,62882,7359,70241,618
2022-04-14,Plumas,063,18699,2981,2929,365,3294,13
2022-04-14,Riverside,065,2383286,592640,591772,27867,619639,6443
2022-04-14,Sacramento,067,1510023,281757,278523,26488,305011,2978
2022-04-14,San Benito,069,59416,12919,12926,513,13439,98
2022-04-14,San Bernardino,071,2135413,575521,564397,24963,589360,6948
2022-04-14,San Diego,073,3302833,754815,756165,53129,809294,5229
2022-04-14,San Francisco,075,870044,127424,126976,8392,135368,854
2022-04-14,San Joaquin,077,732212,166827,166645,9939,176584,2220
2022-04-14,San Luis Obispo,079,281455,52709,52698,3777,56475,476
2022-04-14,San Mateo,081,765935,123688,122652,7101,129753,699
2022-04-14,Santa Barbara,083,443738,86300,86030,4729,90759,684
2022-04-14,Santa Clara,085,1922200,314893,315296,12505,327801,2268
2022-04-14,Santa Cruz,087,273765,48500,47895,2116,50011,261
2022-04-14,Shasta,089,179085,30586,30578,6094,36672,554
2022-04-14,Sierra,091,2930,274,276,48,324,4
2022-04-14,Siskiyou,093,43540,4453,4444,2729,7173,80
2022-04-14,Solano,095,438530,81960,81781,5607,87388,447
2022-04-14,Sonoma,097,501317,84367,84172,2712,86884,485
2022-04-14,Stanislaus,099,539301,117721,117567,17871,135438,1619
2022-04-14,Sutter,101,95872,20514,20621,2082,22703,224
2022-04-14,Tehama,103,63373,12041,12061,2580,14641,199
2022-04-14,Trinity,105,12862,1183,1178,287,1465,20
2022-04-14,Tulare,107,460477,106413,105757,27607,133364,1428
2022-04-14,Tuolumne,109,53932,12705,12640,562,13202,180
2022-04-14,Ventura,111,848112,173848,173665,9435,183100,1474
2022-04-14,Yolo,113,214977,37361,36752,3068,39820,311
2022-04-14,Yuba,115,75493,15866,15857,1200,17057,121
2022-04-13,Alameda,001,1643700,258949,257440,14007,271447,1833
2022-04-13,Alpine,003,1148,124,124,1,125,0
2022-04-13,Amador,005,37829,8536,8490,646,9136,86
2022-04-13,Butte,007,227075,33233,33044,6974,40018,402
2022-04-13,Calaveras,009,45235,7282,7270,349,7619,119
2022-04-13,Colusa,011,21464,3449,3451,1048,4499,21
2022-04-13,Contra Costa,013,1133247,192180,189471,13369,202840,1298
2022-04-13,Del Norte,015,27424,5825,5812,184,5996,50
2022-04-13,El Dorado,017,186661,26851,26794,3212,30006,208
2022-04-13,Fresno,019,978130,231744,231325,23735,255060,2738
2022-04-13,Glenn,021,27897,4990,4989,1604,6593,48
2022-04-13,Humboldt,023,135768,16965,16922,2964,19886,143
2022-04-13,Imperial,025,180216,55415,55353,10540,65893,910
2022-04-13,Inyo,027,18085,4080,4074,486,4560,56
2022-04-13,Kern,029,883053,192051,191859,45765,237624,2249
2022-04-13,Kings,031,150075,51532,51535,3507,55042,443
2022-04-13,Lake,033,64148,10728,10695,888,11583,134
2022-04-13,Lassen,035,31185,8961,8949,875,9824,65
2022-04-13,Los Angeles,037,10098052,2723965,2715722,124066,2839788,31578
2022-04-13,Madera,039,155013,37289,37361,6029,43390,354
2022-04-13,Marin,041,260295,33979,33747,2471,36218,288
2022-04-13,Mariposa,043,17540,2411,2402,201,2603,29
2022-04-13,Mendocino,045,87422,13121,13101,3033,16134,120
2022-04-13,Merced,047,269075,62386,62276,8661,70937,811
2022-04-13,Modoc,049,8938,739,743,252,995,8
2022-04-13,Mono,051,14174,2978,2971,124,3095,6
2022-04-13,Monterey,053,433212,79579,79179,13743,92922,727
2022-04-13,Napa,055,140530,26019,25892,987,26879,143
2022-04-13,Nevada,057,99092,16018,16002,1201,17203,123
2022-04-13,Orange,059,3164182,548655,547783,41463,589246,6935
2022-04-13,Placer,061,380077,62997,62851,7355,70206,615
2022-04-13,Plumas,063,18699,2980,2923,365,3288,13
2022-04-13,Riverside,065,2383286,592501,591659,27860,619519,6437
2022-04-13,Sacramento,067,1510023,281671,277866,26485,304351,2974
2022-04-13,San Benito,069,59416,12913,12927,513,13440,98
2022-04-13,San Bernardino,071,2135413,575374,563709,24958,588667,6905
2022-04-13,San Diego,073,3302833,754529,755584,53097,808681,5223
2022-04-13,San Francisco,075,870044,127255,126608,8372,134980,850
2022-04-13,San Joaquin,077,732212,166792,166654,9937,176591,2219
2022-04-13,San Luis Obispo,079,281455,52685,52660,3777,56437,476
2022-04-13,San Mateo,081,765935,123537,122167,7077,129244,699
2022-04-13,Santa Barbara,083,443738,86262,85938,4724,90662,684
2022-04-13,Santa Clara,085,1922200,314624,314863,12488,327351,2267
2022-04-13,Santa Cruz,087,273765,48446,47765,2115,49880,260
2022-04-13,Shasta,089,179085,30584,30569,6094,36663,551
2022-04-13,Sierra,091,2930,274,276,48,324,4
2022-04-13,Siskiyou,093,43540,4452,4444,2728,7172,80
2022-04-13,Solano,095,438530,81922,81843,5604,87447,448
2022-04-13,Sonoma,097,501317,84297,84033,2698,86731,485
2022-04-13,Stanislaus,099,539301,117703,117573,17866,135439,1577
2022-04-13,Sutter,101,95872,20510,20610,2082,22692,223
2022-04-13,Tehama,103,63373,12040,12062,2579,14641,200
2022-04-13,Trinity,105,12862,1183,1177,287,1464,20
2022-04-13,Tulare,107,460477,106405,105519,27602,133121,1426
2022-04-13,Tuolumne,109,53932,12699,12639,562,13201,180
2022-04-13,Ventura,111,848112,173791,173558,9429,182987,1474
2022-04-13,Yolo,113,214977,37322,36684,3066,39750,311
2022-04-13,Yuba,115,75493,15862,15851,1200,17051,121
2022-04-12,Alameda,001,1643700,258706,257440,13998,271438,1833
2022-04-12,Alpine,003,1148,124,124,1,125,0
2022-04-12,Amador,005,37829,8535,8490,646,9136,86
2022-04-12,Butte,007,227075,33221,33044,6968,40012,402
2022-04-12,Calaveras,009,45235,7278,7270,348,7618,119
2022-04-12,Colusa,011,21464,3449,3451,1048,4499,21
2022-04-12,Contra Costa,013,1133247,192026,189471,13355,202826,1298
2022-04-12,Del Norte,015,27424,5822,5812,184,5996,50
2022-04-12,El Dorado,017,186661,26839,26794,3212,30006,208
2022-04-12,Fresno,019,978130,231714,231325,23728,255053,2738
2022-04-12,Glenn,021,27897,4990,4989,1604,6593,48
2022-04-12,Humboldt,023,135768,16957,16922,2962,19884,143
2022-04-12,Imperial,025,180216,55411,55353,10531,65884,910
2022-04-12,Inyo,027,18085,4080,4074,486,4560,56
2022-04-12,Kern,029,883053,192031,191859,45756,237615,2249
2022-04-12,Kings,031,150075,51524,51535,3505,55040,443
2022-04-12,Lake,033,64148,10724,10695,887,11582,134
2022-04-12,Lassen,035,31185,8961,8949,875,9824,65
2022-04-12,Los Angeles,037,10098052,2722717,2715722,123966,2839688,31578
2022-04-12,Madera,039,155013,37288,37361,6029,43390,354
2022-04-12,Marin,041,260295,33934,33747,2444,36191,288
2022-04-12,Mariposa,043,17540,2411,2402,201,2603,29
2022-04-12,Mendocino,045,87422,13113,13101,3027,16128,120
2022-04-12,Merced,047,269075,62372,62276,8659,70935,811
2022-04-12,Modoc,049,8938,739,743,251,994,8
2022-04-12,Mono,051,14174,2978,2971,124,3095,6
2022-04-12,Monterey,053,433212,79555,79179,13736,92915,727
2022-04-12,Napa,055,140530,25996,25892,977,26869,143
2022-04-12,Nevada,057,99092,16015,16002,1200,17202,123
2022-04-12,Orange,059,3164182,548404,547783,41431,589214,6935
2022-04-12,Placer,061,380077,62974,62851,7350,70201,615
2022-04-12,Plumas,063,18699,2979,2923,365,3288,13
2022-04-12,Riverside,065,2383286,592357,591659,27840,619499,6437
2022-04-12,Sacramento,067,1510023,281556,277866,26483,304349,2974
2022-04-12,San Benito,069,59416,12908,12927,512,13439,98
2022-04-12,San Bernardino,071,2135413,575199,563709,24955,588664,6905
2022-04-12,San Diego,073,3302833,754196,755584,53055,808639,5223
2022-04-12,San Francisco,075,870044,127042,126608,8358,134966,850
2022-04-12,San Joaquin,077,732212,166762,166654,9935,176589,2219
2022-04-12,San Luis Obispo,079,281455,52651,52660,3771,56431,476
2022-04-12,San Mateo,081,765935,123381,122167,7055,129222,699
2022-04-12,Santa Barbara,083,443738,86216,85938,4720,90658,684
2022-04-12,Santa Clara,085,1922200,314333,314863,12477,327340,2267
2022-04-12,Santa Cruz,087,273765,48366,47765,2112,49877,260
2022-04-12,Shasta,089,179085,30584,30569,6093,36662,551
2022-04-12,Sierra,091,2930,274,276,48,324,4
2022-04-12,Siskiyou,093,43540,4452,4444,2726,7170,80
2022-04-12,Solano,095,438530,81882,81843,5602,87445,448
2022-04-12,Sonoma,097,501317,84238,84033,2692,86725,485
2022-04-12,Stanislaus,099,539301,117683,117573,17862,135435,1577
2022-04-12,Sutter,101,95872,20507,20610,2082,22692,223
2022-04-12,Tehama,103,63373,12038,12062,2579,14641,200
2022-04-12,Trinity,105,12862,1183,1177,287,1464,20
2022-04-12,Tulare,107,460477,106390,105519,27597,133116,1426
2022-04-12,Tuolumne,109,53932,12697,12639,560,13199,180
2022-04-12,Ventura,111,848112,173743,173558,9423,182981,1474
2022-04-12,Yolo,113,214977,37282,36684,3060,39744,311
2022-04-12,Yuba,115,75493,15857,15851,1200,17051,121
2022-04-11,Alameda,001,1643700,258415,256649,13981,270630,1826
2022-04-11,Alpine,003,1148,124,124,1,125,0
2022-04-11,Amador,005,37829,8534,8489,646,9135,86
2022-04-11,Butte,007,227075,33208,33031,6964,39995,399
2022-04-11,Calaveras,009,45235,7275,7260,348,7608,119
2022-04-11,Colusa,011,21464,3447,3449,1048,4497,21
2022-04-11,Contra Costa,013,1133247,191859,189154,13338,202492,1296
2022-04-11,Del Norte,015,27424,5821,5811,184,5995,50
2022-04-11,El Dorado,017,186661,26826,26757,3211,29968,207
2022-04-11,Fresno,019,978130,231693,231090,23727,254817,2731
2022-04-11,Glenn,021,27897,4989,4988,1603,6591,47
2022-04-11,Humboldt,023,135768,16942,16913,2960,19873,141
2022-04-11,Imperial,025,180216,55406,55267,10529,65796,910
2022-04-11,Inyo,027,18085,4080,4071,486,4557,56
2022-04-11,Kern,029,883053,192006,191542,45754,237296,2244
2022-04-11,Kings,031,150075,51520,51519,3505,55024,443
2022-04-11,Lake,033,64148,10723,10690,886,11576,134
2022-04-11,Lassen,035,31185,8961,8948,875,9823,65
2022-04-11,Los Angeles,037,10098052,2721457,2709735,123892,2833627,31509
2022-04-11,Madera,039,155013,37281,37356,6029,43385,354
2022-04-11,Marin,041,260295,33878,33648,2425,36073,288
2022-04-11,Mariposa,043,17540,2410,2394,201,2595,29
2022-04-11,Mendocino,045,87422,13109,13087,3025,16112,120
2022-04-11,Merced,047,269075,62363,62231,8657,70888,811
2022-04-11,Modoc,049,8938,739,743,251,994,8
2022-04-11,Mono,051,14174,2977,2967,123,3090,6
2022-04-11,Monterey,053,433212,79535,79103,13727,92830,727
2022-04-11,Napa,055,140530,25979,25824,975,26799,144
2022-04-11,Nevada,057,99092,16011,15976,1200,17176,123
2022-04-11,Orange,059,3164182,548199,546983,41398,588381,6912
2022-04-11,Placer,061,380077,62952,62831,7349,70180,616
2022-04-11,Plumas,063,18699,2977,2887,365,3252,13
2022-04-11,Riverside,065,2383286,592230,591268,27823,619091,6429
2022-04-11,Sacramento,067,1510023,281456,277125,26481,303606,2972
2022-04-11,San Benito,069,59416,12907,12917,512,13429,98
2022-04-11,San Bernardino,071,2135413,575048,562571,24947,587518,6892
2022-04-11,San Diego,073,3302833,753869,754281,53015,807296,5210
2022-04-11,San Francisco,075,870044,126810,125963,8346,134309,844
2022-04-11,San Joaquin,077,732212,166724,166547,9929,176476,2212
2022-04-11,San Luis Obispo,079,281455,52628,52609,3770,56379,476
2022-04-11,San Mateo,081,765935,123195,121514,7041,128555,698
2022-04-11,Santa Barbara,083,443738,86167,85754,4715,90469,680
2022-04-11,Santa Clara,085,1922200,313989,313965,12462,326427,2266
2022-04-11,Santa Cruz,087,273765,48271,47624,2109,49733,259
2022-04-11,Shasta,089,179085,30579,30586,6092,36678,549
2022-04-11,Sierra,091,2930,274,272,48,320,4
2022-04-11,Siskiyou,093,43540,4452,4444,2724,7168,80
2022-04-11,Solano,095,438530,81854,81886,5601,87487,448
2022-04-11,Sonoma,097,501317,84170,83600,2680,86280,485
2022-04-11,Stanislaus,099,539301,117649,117528,17854,135382,1578
2022-04-11,Sutter,101,95872,20504,20591,2082,22673,223
2022-04-11,Tehama,103,63373,12037,12059,2578,14637,201
2022-04-11,Trinity,105,12862,1183,1177,287,1464,20
2022-04-11,Tulare,107,460477,106379,105278,27589,132867,1415
2022-04-11,Tuolumne,109,53932,12694,12632,560,13192,180
2022-04-11,Ventura,111,848112,173684,173343,9422,182765,1467
2022-04-11,Yolo,113,214977,37245,36587,3058,39645,312
2022-04-11,Yuba,115,75493,15854,15848,1199,17047,121
2022-04-10,Alameda,001,1643700,258081,256649,13970,270619,1826
2022-04-10,Alpine,003,1148,124,124,1,125,0
2022-04-10,Amador,005,37829,8532,8489,646,9135,86
2022-04-10,Butte,007,227075,33204,33031,6960,39991,399
2022-04-10,Calaveras,009,45235,7272,7260,348,7608,119
2022-04-10,Colusa,011,21464,3446,3449,1048,4497,21
2022-04-10,Contra Costa,013,1133247,191699,189154,13318,202472,1296
2022-04-10,Del Norte,015,27424,5818,5811,184,5995,50
2022-04-10,El Dorado,017,186661,26819,26757,3209,29966,207
2022-04-10,Fresno,019,978130,231655,231090,23725,254815,2731
2022-04-10,Glenn,021,27897,4989,4988,1603,6591,47
2022-04-10,Humboldt,023,135768,16932,16913,2958,19871,141
2022-04-10,Imperial,025,180216,55402,55267,10527,65794,910
2022-04-10,Inyo,027,18085,4080,4071,484,4555,56
2022-04-10,Kern,029,883053,191987,191542,45749,237291,2244
2022-04-10,Kings,031,150075,51518,51519,3505,55024,443
2022-04-10,Lake,033,64148,10719,10690,884,11574,134
2022-04-10,Lassen,035,31185,8960,8948,875,9823,65
2022-04-10,Los Angeles,037,10098052,2720129,2709735,123800,2833535,31509
2022-04-10,Madera,039,155013,37276,37356,6028,43384,354
2022-04-10,Marin,041,260295,33838,33648,2396,36044,288
2022-04-10,Mariposa,043,17540,2408,2394,201,2595,29
2022-04-10,Mendocino,045,87422,13101,13087,3024,16111,120
2022-04-10,Merced,047,269075,62351,62231,8655,70886,811
2022-04-10,Modoc,049,8938,739,743,251,994,8
2022-04-10,Mono,051,14174,2974,2967,123,3090,6
2022-04-10,Monterey,053,433212,79519,79103,13717,92820,727
2022-04-10,Napa,055,140530,25957,25824,973,26797,144
2022-04-10,Nevada,057,99092,15994,15976,1200,17176,123
2022-04-10,Orange,059,3164182,547949,546983,41360,588343,6912
2022-04-10,Placer,061,380077,62918,62831,7348,70179,616
2022-04-10,Plumas,063,18699,2975,2887,365,3252,13
2022-04-10,Riverside,065,2383286,592078,591268,27810,619078,6429
2022-04-10,Sacramento,067,1510023,281358,277125,26472,303597,2972
2022-04-10,San Benito,069,59416,12904,12917,512,13429,98
2022-04-10,San Bernardino,071,2135413,574817,562571,24938,587509,6892
2022-04-10,San Diego,073,3302833,753543,754281,52967,807248,5210
2022-04-10,San Francisco,075,870044,126571,125963,8330,134293,844
2022-04-10,San Joaquin,077,732212,166677,166547,9922,176469,2212
2022-04-10,San Luis Obispo,079,281455,52594,52609,3767,56376,476
2022-04-10,San Mateo,081,765935,123028,121514,7026,128540,698
2022-04-10,Santa Barbara,083,443738,86083,85754,4705,90459,680
2022-04-10,Santa Clara,085,1922200,313661,313965,12448,326413,2266
2022-04-10,Santa Cruz,087,273765,48182,47624,2108,49732,259
2022-04-10,Shasta,089,179085,30572,30586,6092,36678,549
2022-04-10,Sierra,091,2930,274,272,48,320,4
2022-04-10,Siskiyou,093,43540,4452,4444,2723,7167,80
2022-04-10,Solano,095,438530,81807,81886,5596,87482,448
2022-04-10,Sonoma,097,501317,84069,83600,2673,86273,485
2022-04-10,Stanislaus,099,539301,117626,117528,17847,135375,1578
2022-04-10,Sutter,101,95872,20500,20591,2078,22669,223
2022-04-10,Tehama,103,63373,12035,12059,2578,14637,201
2022-04-10,Trinity,105,12862,1183,1177,287,1464,20
2022-04-10,Tulare,107,460477,106365,105278,27582,132860,1415
2022-04-10,Tuolumne,109,53932,12687,12632,560,13192,180
2022-04-10,Ventura,111,848112,173605,173343,9417,182760,1467
2022-04-10,Yolo,113,214977,37214,36587,3053,39640,312
2022-04-10,Yuba,115,75493,15853,15848,1199,17047,121
2022-04-09,Alameda,001,1643700,257906,256649,13965,270614,1826
2022-04-09,Alpine,003,1148,124,124,1,125,0
2022-04-09,Amador,005,37829,8532,8489,645,9134,86
2022-04-09,Butte,007,227075,33201,33031,6960,39991,399
2022-04-09,Calaveras,009,45235,7271,7260,348,7608,119
2022-04-09,Colusa,011,21464,3445,3449,1048,4497,21
2022-04-09,Contra Costa,013,1133247,191603,189154,13311,202465,1296
2022-04-09,Del Norte,015,27424,5817,5811,184,5995,50
2022-04-09,El Dorado,017,186661,26812,26757,3209,29966,207
2022-04-09,Fresno,019,978130,231634,231090,23725,254815,2731
2022-04-09,Glenn,021,27897,4989,4988,1603,6591,47
2022-04-09,Humboldt,023,135768,16925,16913,2958,19871,141
2022-04-09,Imperial,025,180216,55397,55267,10527,65794,910
2022-04-09,Inyo,027,18085,4080,4071,484,4555,56
2022-04-09,Kern,029,883053,191978,191542,45744,237286,2244
2022-04-09,Kings,031,150075,51512,51519,3505,55024,443
2022-04-09,Lake,033,64148,10717,10690,884,11574,134
2022-04-09,Lassen,035,31185,8960,8948,875,9823,65
2022-04-09,Los Angeles,037,10098052,2719449,2709735,123727,2833462,31509
2022-04-09,Madera,039,155013,37273,37356,6028,43384,354
2022-04-09,Marin,041,260295,33805,33648,2353,36001,288
2022-04-09,Mariposa,043,17540,2408,2394,201,2595,29
2022-04-09,Mendocino,045,87422,13099,13087,3024,16111,120
2022-04-09,Merced,047,269075,62341,62231,8653,70884,811
2022-04-09,Modoc,049,8938,739,743,251,994,8
2022-04-09,Mono,051,14174,2973,2967,122,3089,6
2022-04-09,Monterey,053,433212,79510,79103,13713,92816,727
2022-04-09,Napa,055,140530,25932,25824,973,26797,144
2022-04-09,Nevada,057,99092,15991,15976,1200,17176,123
2022-04-09,Orange,059,3164182,547827,546983,41339,588322,6912
2022-04-09,Placer,061,380077,62903,62831,7346,70177,616
2022-04-09,Plumas,063,18699,2975,2887,365,3252,13
2022-04-09,Riverside,065,2383286,591987,591268,27800,619068,6429
2022-04-09,Sacramento,067,1510023,281311,277125,26470,303595,2972
2022-04-09,San Benito,069,59416,12903,12917,511,13428,98
2022-04-09,San Bernardino,071,2135413,574751,562571,24935,587506,6892
2022-04-09,San Diego,073,3302833,753395,754281,52953,807234,5210
2022-04-09,San Francisco,075,870044,126447,125963,8323,134286,844
2022-04-09,San Joaquin,077,732212,166661,166547,9919,176466,2212
2022-04-09,San Luis Obispo,079,281455,52594,52609,3764,56373,476
2022-04-09,San Mateo,081,765935,122938,121514,7019,128533,698
2022-04-09,Santa Barbara,083,443738,86050,85754,4705,90459,680
2022-04-09,Santa Clara,085,1922200,313465,313965,12445,326410,2266
2022-04-09,Santa Cruz,087,273765,48149,47624,2106,49730,259
2022-04-09,Shasta,089,179085,30570,30586,6092,36678,549
2022-04-09,Sierra,091,2930,274,272,48,320,4
2022-04-09,Siskiyou,093,43540,4451,4444,2722,7166,80
2022-04-09,Solano,095,438530,81789,81886,5594,87480,448
2022-04-09,Sonoma,097,501317,84030,83600,2669,86269,485
2022-04-09,Stanislaus,099,539301,117613,117528,17845,135373,1578
2022-04-09,Sutter,101,95872,20500,20591,2078,22669,223
2022-04-09,Tehama,103,63373,12035,12059,2578,14637,201
2022-04-09,Trinity,105,12862,1183,1177,287,1464,20
2022-04-09,Tulare,107,460477,106362,105278,27580,132858,1415
2022-04-09,Tuolumne,109,53932,12685,12632,560,13192,180
2022-04-09,Ventura,111,848112,173568,173343,9414,182757,1467
2022-04-09,Yolo,113,214977,37195,36587,3053,39640,312
2022-04-09,Yuba,115,75493,15852,15848,1199,17047,121
2022-04-08,Alameda,001,1643700,257747,256649,13959,270608,1826
2022-04-08,Alpine,003,1148,124,124,1,125,0
2022-04-08,Amador,005,37829,8530,8489,644,9133,86
2022-04-08,Butte,007,227075,33195,33031,6957,39988,399
2022-04-08,Calaveras,009,45235,7269,7260,348,7608,119
2022-04-08,Colusa,011,21464,3445,3449,1048,4497,21
2022-04-08,Contra Costa,013,1133247,191525,189154,13298,202452,1296
2022-04-08,Del Norte,015,27424,5815,5811,184,5995,50
2022-04-08,El Dorado,017,186661,26810,26757,3209,29966,207
2022-04-08,Fresno,019,978130,231614,231090,23723,254813,2731
2022-04-08,Glenn,021,27897,4989,4988,1603,6591,47
2022-04-08,Humboldt,023,135768,16921,16913,2956,19869,141
2022-04-08,Imperial,025,180216,55393,55267,10527,65794,910
2022-04-08,Inyo,027,18085,4078,4071,483,4554,56
2022-04-08,Kern,029,883053,191959,191542,45743,237285,2244
2022-04-08,Kings,031,150075,51507,51519,3505,55024,443
2022-04-08,Lake,033,64148,10717,10690,884,11574,134
2022-04-08,Lassen,035,31185,8960,8948,875,9823,65
2022-04-08,Los Angeles,037,10098052,2718820,2709735,123672,2833407,31509
2022-04-08,Madera,039,155013,37271,37356,6027,43383,354
2022-04-08,Marin,041,260295,33785,33648,2337,35985,288
2022-04-08,Mariposa,043,17540,2408,2394,200,2594,29
2022-04-08,Mendocino,045,87422,13097,13087,3024,16111,120
2022-04-08,Merced,047,269075,62336,62231,8651,70882,811
2022-04-08,Modoc,049,8938,739,743,251,994,8
2022-04-08,Mono,051,14174,2971,2967,122,3089,6
2022-04-08,Monterey,053,433212,79500,79103,13712,92815,727
2022-04-08,Napa,055,140530,25920,25824,965,26789,144
2022-04-08,Nevada,057,99092,15988,15976,1200,17176,123
2022-04-08,Orange,059,3164182,547708,546983,41325,588308,6912
2022-04-08,Placer,061,380077,62885,62831,7344,70175,616
2022-04-08,Plumas,063,18699,2972,2887,365,3252,13
2022-04-08,Riverside,065,2383286,591911,591268,27797,619065,6429
2022-04-08,Sacramento,067,1510023,281265,277125,26469,303594,2972
2022-04-08,San Benito,069,59416,12903,12917,511,13428,98
2022-04-08,San Bernardino,071,2135413,574698,562571,24932,587503,6892
2022-04-08,San Diego,073,3302833,753225,754281,52942,807223,5210
2022-04-08,San Francisco,075,870044,126351,125963,8318,134281,844
2022-04-08,San Joaquin,077,732212,166643,166547,9917,176464,2212
2022-04-08,San Luis Obispo,079,281455,52589,52609,3764,56373,476
2022-04-08,San Mateo,081,765935,122832,121514,7014,128528,698
2022-04-08,Santa Barbara,083,443738,86029,85754,4705,90459,680
2022-04-08,Santa Clara,085,1922200,313279,313965,12438,326403,2266
2022-04-08,Santa Cruz,087,273765,48132,47624,2103,49727,259
2022-04-08,Shasta,089,179085,30567,30586,6092,36678,549
2022-04-08,Sierra,091,2930,274,272,48,320,4
2022-04-08,Siskiyou,093,43540,4451,4444,2722,7166,80
2022-04-08,Solano,095,438530,81769,81886,5593,87479,448
2022-04-08,Sonoma,097,501317,83979,83600,2665,86265,485
2022-04-08,Stanislaus,099,539301,117598,117528,17843,135371,1578
2022-04-08,Sutter,101,95872,20500,20591,2078,22669,223
2022-04-08,Tehama,103,63373,12035,12059,2578,14637,201
2022-04-08,Trinity,105,12862,1183,1177,287,1464,20
2022-04-08,Tulare,107,460477,106357,105278,27576,132854,1415
2022-04-08,Tuolumne,109,53932,12684,12632,559,13191,180
2022-04-08,Ventura,111,848112,173539,173343,9412,182755,1467
2022-04-08,Yolo,113,214977,37186,36587,3052,39639,312
2022-04-08,Yuba,115,75493,15851,15848,1199,17047,121
2022-04-07,Alameda,001,1643700,257553,256649,13952,270601,1826
2022-04-07,Alpine,003,1148,124,124,1,125,0
2022-04-07,Amador,005,37829,8529,8489,641,9130,86
2022-04-07,Butte,007,227075,33191,33031,6955,39986,399
2022-04-07,Calaveras,009,45235,7267,7260,348,7608,119
2022-04-07,Colusa,011,21464,3444,3449,1048,4497,21
2022-04-07,Contra Costa,013,1133247,191406,189154,13286,202440,1296
2022-04-07,Del Norte,015,27424,5814,5811,184,5995,50
2022-04-07,El Dorado,017,186661,26798,26757,3207,29964,207
2022-04-07,Fresno,019,978130,231588,231090,23722,254812,2731
2022-04-07,Glenn,021,27897,4987,4988,1602,6590,47
2022-04-07,Humboldt,023,135768,16914,16913,2954,19867,141
2022-04-07,Imperial,025,180216,55391,55267,10525,65792,910
2022-04-07,Inyo,027,18085,4078,4071,483,4554,56
2022-04-07,Kern,029,883053,191935,191542,45740,237282,2244
2022-04-07,Kings,031,150075,51499,51519,3505,55024,443
2022-04-07,Lake,033,64148,10713,10690,884,11574,134
2022-04-07,Lassen,035,31185,8960,8948,875,9823,65
2022-04-07,Los Angeles,037,10098052,2717902,2709735,123598,2833333,31509
2022-04-07,Madera,039,155013,37267,37356,6027,43383,354
2022-04-07,Marin,041,260295,33766,33648,2318,35966,288
2022-04-07,Mariposa,043,17540,2405,2394,199,2593,29
2022-04-07,Mendocino,045,87422,13093,13087,3023,16110,120
2022-04-07,Merced,047,269075,62326,62231,8647,70878,811
2022-04-07,Modoc,049,8938,739,743,251,994,8
2022-04-07,Mono,051,14174,2970,2967,122,3089,6
2022-04-07,Monterey,053,433212,79478,79103,13708,92811,727
2022-04-07,Napa,055,140530,25904,25824,961,26785,144
2022-04-07,Nevada,057,99092,15980,15976,1199,17175,123
2022-04-07,Orange,059,3164182,547552,546983,41297,588280,6912
2022-04-07,Placer,061,380077,62868,62831,7341,70172,616
2022-04-07,Plumas,063,18699,2972,2887,365,3252,13
2022-04-07,Riverside,065,2383286,591809,591268,27783,619051,6429
2022-04-07,Sacramento,067,1510023,281199,277125,26462,303587,2972
2022-04-07,San Benito,069,59416,12902,12917,511,13428,98
2022-04-07,San Bernardino,071,2135413,574538,562571,24919,587490,6892
2022-04-07,San Diego,073,3302833,752957,754281,52910,807191,5210
2022-04-07,San Francisco,075,870044,126194,125963,8303,134266,844
2022-04-07,San Joaquin,077,732212,166603,166547,9914,176461,2212
2022-04-07,San Luis Obispo,079,281455,52571,52609,3762,56371,476
2022-04-07,San Mateo,081,765935,122710,121514,6997,128511,698
2022-04-07,Santa Barbara,083,443738,85985,85754,4703,90457,680
2022-04-07,Santa Clara,085,1922200,313056,313965,12426,326391,2266
2022-04-07,Santa Cruz,087,273765,48113,47624,2099,49723,259
2022-04-07,Shasta,089,179085,30565,30586,6092,36678,549
2022-04-07,Sierra,091,2930,274,272,48,320,4
2022-04-07,Siskiyou,093,43540,4451,4444,2721,7165,80
2022-04-07,Solano,095,438530,81739,81886,5593,87479,448
2022-04-07,Sonoma,097,501317,83936,83600,2659,86259,485
2022-04-07,Stanislaus,099,539301,117576,117528,17840,135368,1578
2022-04-07,Sutter,101,95872,20496,20591,2077,22668,223
2022-04-07,Tehama,103,63373,12033,12059,2578,14637,201
2022-04-07,Trinity,105,12862,1183,1177,287,1464,20
2022-04-07,Tulare,107,460477,106351,105278,27575,132853,1415
2022-04-07,Tuolumne,109,53932,12682,12632,558,13190,180
2022-04-07,Ventura,111,848112,173510,173343,9410,182753,1467
2022-04-07,Yolo,113,214977,37167,36587,3052,39639,312
2022-04-07,Yuba,115,75493,15849,15848,1199,17047,121
2022-04-06,Alameda,001,1643700,257368,256143,13945,270088,1814
2022-04-06,Alpine,003,1148,124,124,1,125,0
2022-04-06,Amador,005,37829,8528,8488,641,9129,86
2022-04-06,Butte,007,227075,33186,32997,6953,39950,396
2022-04-06,Calaveras,009,45235,7265,7258,348,7606,120
2022-04-06,Colusa,011,21464,3444,3447,1048,4495,21
2022-04-06,Contra Costa,013,1133247,191340,188850,13271,202121,1296
2022-04-06,Del Norte,015,27424,5814,5809,184,5993,50
2022-04-06,El Dorado,017,186661,26795,26744,3207,29951,205
2022-04-06,Fresno,019,978130,231553,230942,23718,254660,2725
2022-04-06,Glenn,021,27897,4987,4986,1601,6587,47
2022-04-06,Humboldt,023,135768,16910,16904,2953,19857,140
2022-04-06,Imperial,025,180216,55385,55294,10525,65819,908
2022-04-06,Inyo,027,18085,4077,4068,481,4549,56
2022-04-06,Kern,029,883053,191913,191449,45738,237187,2234
2022-04-06,Kings,031,150075,51498,51491,3504,54995,443
2022-04-06,Lake,033,64148,10709,10679,884,11563,136
2022-04-06,Lassen,035,31185,8960,8945,875,9820,65
2022-04-06,Los Angeles,037,10098052,2716852,2707306,123531,2830837,31465
2022-04-06,Madera,039,155013,37263,37349,6027,43376,354
2022-04-06,Marin,041,260295,33746,33566,2310,35876,288
2022-04-06,Mariposa,043,17540,2404,2392,199,2591,29
2022-04-06,Mendocino,045,87422,13089,13074,3022,16096,119
2022-04-06,Merced,047,269075,62317,62195,8644,70839,810
2022-04-06,Modoc,049,8938,739,741,251,992,8
2022-04-06,Mono,051,14174,2969,2967,122,3089,6
2022-04-06,Monterey,053,433212,79465,79019,13700,92719,727
2022-04-06,Napa,055,140530,25885,25790,957,26747,143
2022-04-06,Nevada,057,99092,15978,15974,1199,17173,123
2022-04-06,Orange,059,3164182,547384,546491,41274,587765,6887
2022-04-06,Placer,061,380077,62862,62787,7340,70127,615
2022-04-06,Plumas,063,18699,2972,2850,365,3215,13
2022-04-06,Riverside,065,2383286,591713,590826,27778,618604,6424
2022-04-06,Sacramento,067,1510023,281121,276567,26458,303025,2953
2022-04-06,San Benito,069,59416,12901,12908,511,13419,98
2022-04-06,San Bernardino,071,2135413,574406,561648,24917,586565,6883
2022-04-06,San Diego,073,3302833,752662,753402,52871,806273,5192
2022-04-06,San Francisco,075,870044,126035,125536,8297,133833,843
2022-04-06,San Joaquin,077,732212,166571,166415,9911,176326,2207
2022-04-06,San Luis Obispo,079,281455,52549,52557,3760,56317,475
2022-04-06,San Mateo,081,765935,122602,121041,6985,128026,693
2022-04-06,Santa Barbara,083,443738,85945,85630,4699,90329,679
2022-04-06,Santa Clara,085,1922200,312859,313278,12406,325684,2265
2022-04-06,Santa Cruz,087,273765,48059,47446,2094,49540,259
2022-04-06,Shasta,089,179085,30564,30565,6092,36657,529
2022-04-06,Sierra,091,2930,274,272,48,320,4
2022-04-06,Siskiyou,093,43540,4451,4442,2721,7163,80
2022-04-06,Solano,095,438530,81703,81789,5588,87377,447
2022-04-06,Sonoma,097,501317,83872,83361,2654,86015,485
2022-04-06,Stanislaus,099,539301,117560,117534,17834,135368,1578
2022-04-06,Sutter,101,95872,20491,20581,2077,22658,222
2022-04-06,Tehama,103,63373,12032,12049,2578,14627,198
2022-04-06,Trinity,105,12862,1183,1173,287,1460,20
2022-04-06,Tulare,107,460477,106344,104826,27570,132396,1414
2022-04-06,Tuolumne,109,53932,12680,12621,558,13179,180
2022-04-06,Ventura,111,848112,173457,173179,9404,182583,1460
2022-04-06,Yolo,113,214977,37142,36393,3051,39444,314
2022-04-06,Yuba,115,75493,15844,15839,1199,17038,121
2022-04-05,Alameda,001,1643700,257156,256143,13936,270079,1814
2022-04-05,Alpine,003,1148,124,124,1,125,0
2022-04-05,Amador,005,37829,8526,8488,641,9129,86
2022-04-05,Butte,007,227075,33181,32997,6950,39947,396
2022-04-05,Calaveras,009,45235,7261,7258,348,7606,120
2022-04-05,Colusa,011,21464,3442,3447,1047,4494,21
2022-04-05,Contra Costa,013,1133247,191246,188850,13264,202114,1296
2022-04-05,Del Norte,015,27424,5812,5809,184,5993,50
2022-04-05,El Dorado,017,186661,26783,26744,3207,29951,205
2022-04-05,Fresno,019,978130,231517,230942,23710,254652,2725
2022-04-05,Glenn,021,27897,4987,4986,1600,6586,47
2022-04-05,Humboldt,023,135768,16904,16904,2953,19857,140
2022-04-05,Imperial,025,180216,55383,55294,10525,65819,908
2022-04-05,Inyo,027,18085,4076,4068,480,4548,56
2022-04-05,Kern,029,883053,191893,191449,45735,237184,2234
2022-04-05,Kings,031,150075,51495,51491,3504,54995,443
2022-04-05,Lake,033,64148,10706,10679,884,11563,136
2022-04-05,Lassen,035,31185,8960,8945,875,9820,65
2022-04-05,Los Angeles,037,10098052,2715791,2707306,123457,2830763,31465
2022-04-05,Madera,039,155013,37256,37349,6025,43374,354
2022-04-05,Marin,041,260295,33691,33566,2295,35861,288
2022-04-05,Mariposa,043,17540,2404,2392,199,2591,29
2022-04-05,Mendocino,045,87422,13083,13074,3021,16095,119
2022-04-05,Merced,047,269075,62306,62195,8639,70834,810
2022-04-05,Modoc,049,8938,739,741,251,992,8
2022-04-05,Mono,051,14174,2968,2967,122,3089,6
2022-04-05,Monterey,053,433212,79442,79019,13689,92708,727
2022-04-05,Napa,055,140530,25876,25790,952,26742,143
2022-04-05,Nevada,057,99092,15970,15974,1199,17173,123
2022-04-05,Orange,059,3164182,547203,546491,41245,587736,6887
2022-04-05,Placer,061,380077,62836,62787,7340,70127,615
2022-04-05,Plumas,063,18699,2972,2850,365,3215,13
2022-04-05,Riverside,065,2383286,591593,590826,27766,618592,6424
2022-04-05,Sacramento,067,1510023,281042,276567,26453,303020,2953
2022-04-05,San Benito,069,59416,12894,12908,511,13419,98
2022-04-05,San Bernardino,071,2135413,574276,561648,24907,586555,6883
2022-04-05,San Diego,073,3302833,752354,753402,52827,806229,5192
2022-04-05,San Francisco,075,870044,125832,125536,8289,133825,843
2022-04-05,San Joaquin,077,732212,166529,166415,9908,176323,2207
2022-04-05,San Luis Obispo,079,281455,52532,52557,3755,56312,475
2022-04-05,San Mateo,081,765935,122486,121041,6974,128015,693
2022-04-05,Santa Barbara,083,443738,85909,85630,4698,90328,679
2022-04-05,Santa Clara,085,1922200,312599,313278,12393,325671,2265
2022-04-05,Santa Cruz,087,273765,47992,47446,2091,49537,259
2022-04-05,Shasta,089,179085,30564,30565,6090,36655,529
2022-04-05,Sierra,091,2930,274,272,48,320,4
2022-04-05,Siskiyou,093,43540,4451,4442,2721,7163,80
2022-04-05,Solano,095,438530,81649,81789,5585,87374,447
2022-04-05,Sonoma,097,501317,83808,83361,2645,86006,485
2022-04-05,Stanislaus,099,539301,117546,117534,17825,135359,1578
2022-04-05,Sutter,101,95872,20487,20581,2076,22657,222
2022-04-05,Tehama,103,63373,12030,12049,2577,14626,198
2022-04-05,Trinity,105,12862,1183,1173,287,1460,20
2022-04-05,Tulare,107,460477,106334,104826,27567,132393,1414
2022-04-05,Tuolumne,109,53932,12679,12621,558,13179,180
2022-04-05,Ventura,111,848112,173401,173179,9397,182576,1460
2022-04-05,Yolo,113,214977,37127,36393,3048,39441,314
2022-04-05,Yuba,115,75493,15842,15839,1199,17038,121
2022-04-04,Alameda,001,1643700,256926,256143,13922,270065,1814
2022-04-04,Alpine,003,1148,124,124,1,125,0
2022-04-04,Amador,005,37829,8525,8488,640,9128,86
2022-04-04,Butte,007,227075,33175,32997,6947,39944,396
2022-04-04,Calaveras,009,45235,7261,7258,348,7606,120
2022-04-04,Colusa,011,21464,3441,3447,1047,4494,21
2022-04-04,Contra Costa,013,1133247,191146,188850,13256,202106,1296
2022-04-04,Del Norte,015,27424,5812,5809,184,5993,50
2022-04-04,El Dorado,017,186661,26778,26744,3207,29951,205
2022-04-04,Fresno,019,978130,231499,230942,23705,254647,2725
2022-04-04,Glenn,021,27897,4986,4986,1600,6586,47
2022-04-04,Humboldt,023,135768,16896,16904,2948,19852,140
2022-04-04,Imperial,025,180216,55378,55294,10525,65819,908
2022-04-04,Inyo,027,18085,4076,4068,478,4546,56
2022-04-04,Kern,029,883053,191871,191449,45730,237179,2234
2022-04-04,Kings,031,150075,51489,51491,3504,54995,443
2022-04-04,Lake,033,64148,10701,10679,884,11563,136
2022-04-04,Lassen,035,31185,8960,8945,875,9820,65
2022-04-04,Los Angeles,037,10098052,2714687,2707306,123410,2830716,31465
2022-04-04,Madera,039,155013,37252,37349,6025,43374,354
2022-04-04,Marin,041,260295,33674,33566,2286,35852,288
2022-04-04,Mariposa,043,17540,2403,2392,199,2591,29
2022-04-04,Mendocino,045,87422,13077,13074,3019,16093,119
2022-04-04,Merced,047,269075,62296,62195,8634,70829,810
2022-04-04,Modoc,049,8938,739,741,251,992,8
2022-04-04,Mono,051,14174,2968,2967,122,3089,6
2022-04-04,Monterey,053,433212,79426,79019,13683,92702,727
2022-04-04,Napa,055,140530,25859,25790,951,26741,143
2022-04-04,Nevada,057,99092,15966,15974,1198,17172,123
2022-04-04,Orange,059,3164182,547037,546491,41219,587710,6887
2022-04-04,Placer,061,380077,62826,62787,7339,70126,615
2022-04-04,Plumas,063,18699,2971,2850,365,3215,13
2022-04-04,Riverside,065,2383286,591502,590826,27754,618580,6424
2022-04-04,Sacramento,067,1510023,280951,276567,26445,303012,2953
2022-04-04,San Benito,069,59416,12891,12908,511,13419,98
2022-04-04,San Bernardino,071,2135413,574138,561648,24900,586548,6883
2022-04-04,San Diego,073,3302833,752034,753402,52790,806192,5192
2022-04-04,San Francisco,075,870044,125634,125536,8280,133816,843
2022-04-04,San Joaquin,077,732212,166503,166415,9905,176320,2207
2022-04-04,San Luis Obispo,079,281455,52509,52557,3753,56310,475
2022-04-04,San Mateo,081,765935,122350,121041,6960,128001,693
2022-04-04,Santa Barbara,083,443738,85864,85630,4697,90327,679
2022-04-04,Santa Clara,085,1922200,312330,313278,12381,325659,2265
2022-04-04,Santa Cruz,087,273765,47945,47446,2091,49537,259
2022-04-04,Shasta,089,179085,30561,30565,6089,36654,529
2022-04-04,Sierra,091,2930,274,272,48,320,4
2022-04-04,Siskiyou,093,43540,4451,4442,2721,7163,80
2022-04-04,Solano,095,438530,81603,81789,5582,87371,447
2022-04-04,Sonoma,097,501317,83754,83361,2638,85999,485
2022-04-04,Stanislaus,099,539301,117525,117534,17818,135352,1578
2022-04-04,Sutter,101,95872,20484,20581,2076,22657,222
2022-04-04,Tehama,103,63373,12028,12049,2577,14626,198
2022-04-04,Trinity,105,12862,1183,1173,287,1460,20
2022-04-04,Tulare,107,460477,106324,104826,27564,132390,1414
2022-04-04,Tuolumne,109,53932,12672,12621,558,13179,180
2022-04-04,Ventura,111,848112,173361,173179,9394,182573,1460
2022-04-04,Yolo,113,214977,37113,36393,3046,39439,314
2022-04-04,Yuba,115,75493,15839,15839,1199,17038,121
2022-04-03,Alameda,001,1643700,256671,255650,13920,269570,1813
2022-04-03,Alpine,003,1148,124,124,1,125,0
2022-04-03,Amador,005,37829,8524,8485,640,9125,86
2022-04-03,Butte,007,227075,33168,32981,6945,39926,396
2022-04-03,Calaveras,009,45235,7261,7254,348,7602,119
2022-04-03,Colusa,011,21464,3441,3445,1047,4492,21
2022-04-03,Contra Costa,013,1133247,191040,188658,13246,201904,1291
2022-04-03,Del Norte,015,27424,5812,5812,184,5996,50
2022-04-03,El Dorado,017,186661,26764,26732,3205,29937,200
2022-04-03,Fresno,019,978130,231467,230559,23702,254261,2722
2022-04-03,Glenn,021,27897,4986,4982,1600,6582,47
2022-04-03,Humboldt,023,135768,16891,16898,2948,19846,140
2022-04-03,Imperial,025,180216,55376,55266,10522,65788,908
2022-04-03,Inyo,027,18085,4074,4063,478,4541,56
2022-04-03,Kern,029,883053,191845,191384,45725,237109,2224
2022-04-03,Kings,031,150075,51483,51470,3502,54972,443
2022-04-03,Lake,033,64148,10699,10674,884,11558,136
2022-04-03,Lassen,035,31185,8959,8943,875,9818,65
2022-04-03,Los Angeles,037,10098052,2713494,2703576,123325,2826901,31410
2022-04-03,Madera,039,155013,37250,37333,6024,43357,354
2022-04-03,Marin,041,260295,33639,33493,2278,35771,287
2022-04-03,Mariposa,043,17540,2402,2391,199,2590,29
2022-04-03,Mendocino,045,87422,13071,13058,3018,16076,119
2022-04-03,Merced,047,269075,62281,62149,8630,70779,808
2022-04-03,Modoc,049,8938,738,741,251,992,8
2022-04-03,Mono,051,14174,2968,2967,122,3089,6
2022-04-03,Monterey,053,433212,79409,78964,13658,92622,726
2022-04-03,Napa,055,140530,25839,25757,950,26707,143
2022-04-03,Nevada,057,99092,15960,15962,1197,17159,123
2022-04-03,Orange,059,3164182,546839,546047,41194,587241,6880
2022-04-03,Placer,061,380077,62800,62740,7334,70074,614
2022-04-03,Plumas,063,18699,2970,2803,365,3168,14
2022-04-03,Riverside,065,2383286,591346,590563,27739,618302,6418
2022-04-03,Sacramento,067,1510023,280875,276218,26432,302650,2950
2022-04-03,San Benito,069,59416,12887,12901,511,13412,98
2022-04-03,San Bernardino,071,2135413,573992,561362,24897,586259,6865
2022-04-03,San Diego,073,3302833,751704,752281,52753,805034,5178
2022-04-03,San Francisco,075,870044,125403,125075,8274,133349,843
2022-04-03,San Joaquin,077,732212,166446,166336,9900,176236,2202
2022-04-03,San Luis Obispo,079,281455,52490,52512,3753,56265,475
2022-04-03,San Mateo,081,765935,122210,120717,6953,127670,693
2022-04-03,Santa Barbara,083,443738,85819,85611,4695,90306,678
2022-04-03,Santa Clara,085,1922200,312031,312517,12372,324889,2258
2022-04-03,Santa Cruz,087,273765,47890,47371,2089,49460,259
2022-04-03,Shasta,089,179085,30551,30556,6088,36644,530
2022-04-03,Sierra,091,2930,274,273,48,321,4
2022-04-03,Siskiyou,093,43540,4451,4439,2721,7160,80
2022-04-03,Solano,095,438530,81562,81848,5576,87424,446
2022-04-03,Sonoma,097,501317,83676,83235,2630,85865,485
2022-04-03,Stanislaus,099,539301,117494,117536,17812,135348,1581
2022-04-03,Sutter,101,95872,20481,20570,2076,22646,222
2022-04-03,Tehama,103,63373,12025,12046,2577,14623,198
2022-04-03,Trinity,105,12862,1183,1173,287,1460,20
2022-04-03,Tulare,107,460477,106317,104736,27555,132291,1410
2022-04-03,Tuolumne,109,53932,12671,12618,558,13176,180
2022-04-03,Ventura,111,848112,173308,173044,9390,182434,1460
2022-04-03,Yolo,113,214977,37092,36347,3044,39391,313
2022-04-03,Yuba,115,75493,15837,15835,1199,17034,120
2022-04-02,Alameda,001,1643700,256569,255650,13919,269569,1813
2022-04-02,Alpine,003,1148,124,124,1,125,0
2022-04-02,Amador,005,37829,8524,8485,640,9125,86
2022-04-02,Butte,007,227075,33164,32981,6944,39925,396
2022-04-02,Calaveras,009,45235,7261,7254,348,7602,119
2022-04-02,Colusa,011,21464,3441,3445,1047,4492,21
2022-04-02,Contra Costa,013,1133247,190981,188658,13243,201901,1291
2022-04-02,Del Norte,015,27424,5811,5812,184,5996,50
2022-04-02,El Dorado,017,186661,26761,26732,3205,29937,200
2022-04-02,Fresno,019,978130,231438,230559,23702,254261,2722
2022-04-02,Glenn,021,27897,4986,4982,1600,6582,47
2022-04-02,Humboldt,023,135768,16887,16898,2948,19846,140
2022-04-02,Imperial,025,180216,55373,55266,10522,65788,908
2022-04-02,Inyo,027,18085,4074,4063,478,4541,56
2022-04-02,Kern,029,883053,191830,191384,45721,237105,2224
2022-04-02,Kings,031,150075,51480,51470,3502,54972,443
2022-04-02,Lake,033,64148,10698,10674,884,11558,136
2022-04-02,Lassen,035,31185,8959,8943,875,9818,65
2022-04-02,Los Angeles,037,10098052,2712983,2703576,123284,2826860,31410
2022-04-02,Madera,039,155013,37247,37333,6024,43357,354
2022-04-02,Marin,041,260295,33616,33493,2270,35763,287
2022-04-02,Mariposa,043,17540,2401,2391,199,2590,29
2022-04-02,Mendocino,045,87422,13069,13058,3018,16076,119
2022-04-02,Merced,047,269075,62278,62149,8630,70779,808
2022-04-02,Modoc,049,8938,738,741,251,992,8
2022-04-02,Mono,051,14174,2968,2967,121,3088,6
2022-04-02,Monterey,053,433212,79396,78964,13652,92616,726
2022-04-02,Napa,055,140530,25825,25757,949,26706,143
2022-04-02,Nevada,057,99092,15956,15962,1196,17158,123
2022-04-02,Orange,059,3164182,546733,546047,41182,587229,6880
2022-04-02,Placer,061,380077,62789,62740,7332,70072,614
2022-04-02,Plumas,063,18699,2970,2803,365,3168,14
2022-04-02,Riverside,065,2383286,591272,590563,27734,618297,6418
2022-04-02,Sacramento,067,1510023,280836,276218,26431,302649,2950
2022-04-02,San Benito,069,59416,12886,12901,511,13412,98
2022-04-02,San Bernardino,071,2135413,573941,561362,24894,586256,6865
2022-04-02,San Diego,073,3302833,751580,752281,52743,805024,5178
2022-04-02,San Francisco,075,870044,125299,125075,8266,133341,843
2022-04-02,San Joaquin,077,732212,166425,166336,9898,176234,2202
2022-04-02,San Luis Obispo,079,281455,52485,52512,3753,56265,475
2022-04-02,San Mateo,081,765935,122115,120717,6944,127661,693
2022-04-02,Santa Barbara,083,443738,85800,85611,4694,90305,678
2022-04-02,Santa Clara,085,1922200,311865,312517,12368,324885,2258
2022-04-02,Santa Cruz,087,273765,47878,47371,2088,49459,259
2022-04-02,Shasta,089,179085,30550,30556,6088,36644,530
2022-04-02,Sierra,091,2930,274,273,48,321,4
2022-04-02,Siskiyou,093,43540,4450,4439,2720,7159,80
2022-04-02,Solano,095,438530,81547,81848,5575,87423,446
2022-04-02,Sonoma,097,501317,83628,83235,2624,85859,485
2022-04-02,Stanislaus,099,539301,117485,117536,17810,135346,1581
2022-04-02,Sutter,101,95872,20476,20570,2076,22646,222
2022-04-02,Tehama,103,63373,12025,12046,2577,14623,198
2022-04-02,Trinity,105,12862,1183,1173,287,1460,20
2022-04-02,Tulare,107,460477,106313,104736,27555,132291,1410
2022-04-02,Tuolumne,109,53932,12669,12618,558,13176,180
2022-04-02,Ventura,111,848112,173267,173044,9390,182434,1460
2022-04-02,Yolo,113,214977,37080,36347,3041,39388,313
2022-04-02,Yuba,115,75493,15836,15835,1199,17034,120
2022-04-01,Alameda,001,1643700,256453,255650,13915,269565,1813
2022-04-01,Alpine,003,1148,124,124,1,125,0
2022-04-01,Amador,005,37829,8524,8485,640,9125,86
2022-04-01,Butte,007,227075,33160,32981,6941,39922,396
2022-04-01,Calaveras,009,45235,7259,7254,348,7602,119
2022-04-01,Colusa,011,21464,3440,3445,1047,4492,21
2022-04-01,Contra Costa,013,1133247,190929,188658,13242,201900,1291
2022-04-01,Del Norte,015,27424,5809,5812,184,5996,50
2022-04-01,El Dorado,017,186661,26758,26732,3204,29936,200
2022-04-01,Fresno,019,978130,231413,230559,23700,254259,2722
2022-04-01,Glenn,021,27897,4986,4982,1600,6582,47
2022-04-01,Humboldt,023,135768,16885,16898,2948,19846,140
2022-04-01,Imperial,025,180216,55371,55266,10522,65788,908
2022-04-01,Inyo,027,18085,4072,4063,477,4540,56
2022-04-01,Kern,029,883053,191819,191384,45718,237102,2224
2022-04-01,Kings,031,150075,51477,51470,3502,54972,443
2022-04-01,Lake,033,64148,10695,10674,884,11558,136
2022-04-01,Lassen,035,31185,8958,8943,875,9818,65
2022-04-01,Los Angeles,037,10098052,2712486,2703576,123241,2826817,31410
2022-04-01,Madera,039,155013,37246,37333,6024,43357,354
2022-04-01,Marin,041,260295,33598,33493,2263,35756,287
2022-04-01,Mariposa,043,17540,2398,2391,199,2590,29
2022-04-01,Mendocino,045,87422,13066,13058,3017,16075,119
2022-04-01,Merced,047,269075,62271,62149,8629,70778,808
2022-04-01,Modoc,049,8938,738,741,251,992,8
2022-04-01,Mono,051,14174,2968,2967,121,3088,6
2022-04-01,Monterey,053,433212,79378,78964,13649,92613,726
2022-04-01,Napa,055,140530,25816,25757,949,26706,143
2022-04-01,Nevada,057,99092,15956,15962,1195,17157,123
2022-04-01,Orange,059,3164182,546626,546047,41174,587221,6880
2022-04-01,Placer,061,380077,62775,62740,7332,70072,614
2022-04-01,Plumas,063,18699,2970,2803,364,3167,14
2022-04-01,Riverside,065,2383286,591206,590563,27721,618284,6418
2022-04-01,Sacramento,067,1510023,280796,276218,26427,302645,2950
2022-04-01,San Benito,069,59416,12885,12901,511,13412,98
2022-04-01,San Bernardino,071,2135413,573885,561362,24890,586252,6865
2022-04-01,San Diego,073,3302833,751433,752281,52727,805008,5178
2022-04-01,San Francisco,075,870044,125188,125075,8260,133335,843
2022-04-01,San Joaquin,077,732212,166405,166336,9896,176232,2202
2022-04-01,San Luis Obispo,079,281455,52479,52512,3752,56264,475
2022-04-01,San Mateo,081,765935,122053,120717,6938,127655,693
2022-04-01,Santa Barbara,083,443738,85780,85611,4694,90305,678
2022-04-01,Santa Clara,085,1922200,311715,312517,12367,324884,2258
2022-04-01,Santa Cruz,087,273765,47863,47371,2086,49457,259
2022-04-01,Shasta,089,179085,30549,30556,6088,36644,530
2022-04-01,Sierra,091,2930,274,273,48,321,4
2022-04-01,Siskiyou,093,43540,4450,4439,2719,7158,80
2022-04-01,Solano,095,438530,81532,81848,5575,87423,446
2022-04-01,Sonoma,097,501317,83584,83235,2623,85858,485
2022-04-01,Stanislaus,099,539301,117473,117536,17807,135343,1581
2022-04-01,Sutter,101,95872,20476,20570,2076,22646,222
2022-04-01,Tehama,103,63373,12025,12046,2577,14623,198
2022-04-01,Trinity,105,12862,1183,1173,287,1460,20
2022-04-01,Tulare,107,460477,106308,104736,27551,132287,1410
2022-04-01,Tuolumne,109,53932,12668,12618,558,13176,180
2022-04-01,Ventura,111,848112,173236,173044,9386,182430,1460
2022-04-01,Yolo,113,214977,37066,36347,3040,39387,313
2022-04-01,Yuba,115,75493,15835,15835,1199,17034,120
2022-03-31,Alameda,001,1643700,256276,255650,13902,269552,1813
2022-03-31,Alpine,003,1148,124,124,1,125,0
2022-03-31,Amador,005,37829,8524,8485,640,9125,86
2022-03-31,Butte,007,227075,33156,32981,6938,39919,396
2022-03-31,Calaveras,009,45235,7256,7254,348,7602,119
2022-03-31,Colusa,011,21464,3439,3445,1047,4492,21
2022-03-31,Contra Costa,013,1133247,190833,188658,13236,201894,1291
2022-03-31,Del Norte,015,27424,5808,5812,184,5996,50
2022-03-31,El Dorado,017,186661,26750,26732,3204,29936,200
2022-03-31,Fresno,019,978130,231378,230559,23679,254238,2722
2022-03-31,Glenn,021,27897,4984,4982,1600,6582,47
2022-03-31,Humboldt,023,135768,16881,16898,2948,19846,140
2022-03-31,Imperial,025,180216,55368,55266,10521,65787,908
2022-03-31,Inyo,027,18085,4071,4063,474,4537,56
2022-03-31,Kern,029,883053,191804,191384,45709,237093,2224
2022-03-31,Kings,031,150075,51468,51470,3502,54972,443
2022-03-31,Lake,033,64148,10694,10674,883,11557,136
2022-03-31,Lassen,035,31185,8956,8943,875,9818,65
2022-03-31,Los Angeles,037,10098052,2711743,2703576,123187,2826763,31410
2022-03-31,Madera,039,155013,37243,37333,6024,43357,354
2022-03-31,Marin,041,260295,33572,33493,2251,35744,287
2022-03-31,Mariposa,043,17540,2397,2391,198,2589,29
2022-03-31,Mendocino,045,87422,13062,13058,3017,16075,119
2022-03-31,Merced,047,269075,62266,62149,8626,70775,808
2022-03-31,Modoc,049,8938,738,741,251,992,8
2022-03-31,Mono,051,14174,2968,2967,121,3088,6
2022-03-31,Monterey,053,433212,79361,78964,13638,92602,726
2022-03-31,Napa,055,140530,25807,25757,947,26704,143
2022-03-31,Nevada,057,99092,15949,15962,1194,17156,123
2022-03-31,Orange,059,3164182,546479,546047,41160,587207,6880
2022-03-31,Placer,061,380077,62750,62740,7329,70069,614
2022-03-31,Plumas,063,18699,2970,2803,363,3166,14
2022-03-31,Riverside,065,2383286,591096,590563,27718,618281,6418
2022-03-31,Sacramento,067,1510023,280723,276218,26419,302637,2950
2022-03-31,San Benito,069,59416,12884,12901,511,13412,98
2022-03-31,San Bernardino,071,2135413,573788,561362,24879,586241,6865
2022-03-31,San Diego,073,3302833,751197,752281,52699,804980,5178
2022-03-31,San Francisco,075,870044,125031,125075,8248,133323,843
2022-03-31,San Joaquin,077,732212,166371,166336,9882,176218,2202
2022-03-31,San Luis Obispo,079,281455,52465,52512,3751,56263,475
2022-03-31,San Mateo,081,765935,121943,120717,6936,127653,693
2022-03-31,Santa Barbara,083,443738,85750,85611,4694,90305,678
2022-03-31,Santa Clara,085,1922200,311487,312517,12355,324872,2258
2022-03-31,Santa Cruz,087,273765,47844,47371,2084,49455,259
2022-03-31,Shasta,089,179085,30543,30556,6088,36644,530
2022-03-31,Sierra,091,2930,271,273,48,321,4
2022-03-31,Siskiyou,093,43540,4448,4439,2719,7158,80
2022-03-31,Solano,095,438530,81503,81848,5572,87420,446
2022-03-31,Sonoma,097,501317,83541,83235,2617,85852,485
2022-03-31,Stanislaus,099,539301,117456,117536,17802,135338,1581
2022-03-31,Sutter,101,95872,20473,20570,2075,22645,222
2022-03-31,Tehama,103,63373,12025,12046,2576,14622,198
2022-03-31,Trinity,105,12862,1183,1173,287,1460,20
2022-03-31,Tulare,107,460477,106298,104736,27543,132279,1410
2022-03-31,Tuolumne,109,53932,12667,12618,558,13176,180
2022-03-31,Ventura,111,848112,173196,173044,9383,182427,1460
2022-03-31,Yolo,113,214977,37050,36347,3040,39387,313
2022-03-31,Yuba,115,75493,15835,15835,1196,17031,120
2022-03-30,Alameda,001,1643700,256143,255467,13894,269361,1812
2022-03-30,Alpine,003,1148,124,124,1,125,0
2022-03-30,Amador,005,37829,8524,8485,640,9125,86
2022-03-30,Butte,007,227075,33151,32968,6932,39900,396
2022-03-30,Calaveras,009,45235,7254,7253,347,7600,119
2022-03-30,Colusa,011,21464,3439,3445,1047,4492,21
2022-03-30,Contra Costa,013,1133247,190771,188496,13225,201721,1291
2022-03-30,Del Norte,015,27424,5806,5808,184,5992,50
2022-03-30,El Dorado,017,186661,26742,26722,3204,29926,200
2022-03-30,Fresno,019,978130,231367,230448,23673,254121,2720
2022-03-30,Glenn,021,27897,4983,4982,1600,6582,47
2022-03-30,Humboldt,023,135768,16878,16894,2948,19842,140
2022-03-30,Imperial,025,180216,55364,55252,10518,65770,908
2022-03-30,Inyo,027,18085,4070,4062,472,4534,56
2022-03-30,Kern,029,883053,191776,191363,45704,237067,2219
2022-03-30,Kings,031,150075,51462,51446,3501,54947,443
2022-03-30,Lake,033,64148,10693,10674,883,11557,136
2022-03-30,Lassen,035,31185,8956,8943,875,9818,65
2022-03-30,Los Angeles,037,10098052,2710918,2702536,123132,2825668,31384
2022-03-30,Madera,039,155013,37237,37330,6023,43353,354
2022-03-30,Marin,041,260295,33552,33453,2232,35685,287
2022-03-30,Mariposa,043,17540,2397,2390,198,2588,27
2022-03-30,Mendocino,045,87422,13058,13055,3014,16069,118
2022-03-30,Merced,047,269075,62260,62136,8621,70757,808
2022-03-30,Modoc,049,8938,738,739,251,990,8
2022-03-30,Mono,051,14174,2967,2967,121,3088,6
2022-03-30,Monterey,053,433212,79344,78911,13631,92542,726
2022-03-30,Napa,055,140530,25795,25745,946,26691,141
2022-03-30,Nevada,057,99092,15946,15960,1192,17152,123
2022-03-30,Orange,059,3164182,546328,545895,41138,587033,6876
2022-03-30,Placer,061,380077,62735,62705,7325,70030,614
2022-03-30,Plumas,063,18699,2970,2762,361,3123,13
2022-03-30,Riverside,065,2383286,591013,590437,27705,618142,6411
2022-03-30,Sacramento,067,1510023,280655,276081,26412,302493,2949
2022-03-30,San Benito,069,59416,12880,12898,511,13409,98
2022-03-30,San Bernardino,071,2135413,573705,561153,24875,586028,6863
2022-03-30,San Diego,073,3302833,750965,751684,52672,804356,5169
2022-03-30,San Francisco,075,870044,124926,124930,8239,133169,841
2022-03-30,San Joaquin,077,732212,166343,166299,9876,176175,2201
2022-03-30,San Luis Obispo,079,281455,52452,52484,3747,56231,475
2022-03-30,San Mateo,081,765935,121843,120548,6936,127484,693
2022-03-30,Santa Barbara,083,443738,85728,85488,4691,90179,677
2022-03-30,Santa Clara,085,1922200,311305,312253,12335,324588,2258
2022-03-30,Santa Cruz,087,273765,47788,47340,2083,49423,259
2022-03-30,Shasta,089,179085,30540,30555,6088,36643,530
2022-03-30,Sierra,091,2930,271,273,48,321,4
2022-03-30,Siskiyou,093,43540,4448,4439,2719,7158,80
2022-03-30,Solano,095,438530,81484,81816,5568,87384,443
2022-03-30,Sonoma,097,501317,83504,83163,2616,85779,485
2022-03-30,Stanislaus,099,539301,117443,117593,17799,135392,1559
2022-03-30,Sutter,101,95872,20468,20565,2075,22640,222
2022-03-30,Tehama,103,63373,12024,12045,2575,14620,198
2022-03-30,Trinity,105,12862,1182,1173,287,1460,20
2022-03-30,Tulare,107,460477,106292,104667,27536,132203,1410
2022-03-30,Tuolumne,109,53932,12665,12616,558,13174,180
2022-03-30,Ventura,111,848112,173155,172984,9375,182359,1460
2022-03-30,Yolo,113,214977,37040,36325,3037,39362,313
2022-03-30,Yuba,115,75493,15833,15830,1196,17026,120
2022-03-29,Alameda,001,1643700,256017,255261,13884,269145,1810
2022-03-29,Alpine,003,1148,124,124,1,125,0
2022-03-29,Amador,005,37829,8524,8483,640,9123,86
2022-03-29,Butte,007,227075,33148,32954,6932,39886,396
2022-03-29,Calaveras,009,45235,7253,7250,346,7596,119
2022-03-29,Colusa,011,21464,3439,3445,1047,4492,21
2022-03-29,Contra Costa,013,1133247,190682,188359,13217,201576,1290
2022-03-29,Del Norte,015,27424,5806,5806,183,5989,50
2022-03-29,El Dorado,017,186661,26737,26706,3204,29910,200
2022-03-29,Fresno,019,978130,231339,230256,23669,253925,2718
2022-03-29,Glenn,021,27897,4982,4983,1600,6583,47
2022-03-29,Humboldt,023,135768,16875,16892,2945,19837,140
2022-03-29,Imperial,025,180216,55350,55233,10517,65750,908
2022-03-29,Inyo,027,18085,4068,4062,471,4533,56
2022-03-29,Kern,029,883053,191744,191338,45697,237035,2220
2022-03-29,Kings,031,150075,51455,51416,3500,54916,443
2022-03-29,Lake,033,64148,10689,10674,883,11557,136
2022-03-29,Lassen,035,31185,8955,8943,875,9818,65
2022-03-29,Los Angeles,037,10098052,2710090,2702005,123086,2825091,31378
2022-03-29,Madera,039,155013,37229,37325,6020,43345,354
2022-03-29,Marin,041,260295,33532,33431,2227,35658,287
2022-03-29,Mariposa,043,17540,2397,2388,198,2586,23
2022-03-29,Mendocino,045,87422,13054,13053,3013,16066,119
2022-03-29,Merced,047,269075,62248,62123,8620,70743,806
2022-03-29,Modoc,049,8938,736,737,251,988,8
2022-03-29,Mono,051,14174,2967,2966,121,3087,5
2022-03-29,Monterey,053,433212,79331,78774,13623,92397,725
2022-03-29,Napa,055,140530,25788,25732,946,26678,141
2022-03-29,Nevada,057,99092,15938,15956,1192,17148,123
2022-03-29,Orange,059,3164182,546180,545832,41122,586954,6871
2022-03-29,Placer,061,380077,62717,62687,7320,70007,614
2022-03-29,Plumas,063,18699,2968,2761,361,3122,13
2022-03-29,Riverside,065,2383286,590913,590359,27697,618056,6403
2022-03-29,Sacramento,067,1510023,280589,276040,26401,302441,2946
2022-03-29,San Benito,069,59416,12878,12892,511,13403,97
2022-03-29,San Bernardino,071,2135413,573608,561026,24867,585893,6860
2022-03-29,San Diego,073,3302833,750721,751240,52649,803889,5159
2022-03-29,San Francisco,075,870044,124775,124789,8233,133022,840
2022-03-29,San Joaquin,077,732212,166306,166241,9868,176109,2198
2022-03-29,San Luis Obispo,079,281455,52436,52455,3743,56198,472
2022-03-29,San Mateo,081,765935,121749,120435,6933,127368,686
2022-03-29,Santa Barbara,083,443738,85705,85464,4691,90155,676
2022-03-29,Santa Clara,085,1922200,311065,312067,12318,324385,2259
2022-03-29,Santa Cruz,087,273765,47768,47323,2082,49405,259
2022-03-29,Shasta,089,179085,30533,30552,6086,36638,529
2022-03-29,Sierra,091,2930,271,273,48,321,4
2022-03-29,Siskiyou,093,43540,4448,4439,2718,7157,80
2022-03-29,Solano,095,438530,81462,81713,5565,87278,441
2022-03-29,Sonoma,097,501317,83471,83130,2610,85740,485
2022-03-29,Stanislaus,099,539301,117424,117683,17793,135476,1559
2022-03-29,Sutter,101,95872,20466,20556,2074,22630,221
2022-03-29,Tehama,103,63373,12022,12045,2575,14620,198
2022-03-29,Trinity,105,12862,1182,1173,287,1460,20
2022-03-29,Tulare,107,460477,106287,104622,27531,132153,1406
2022-03-29,Tuolumne,109,53932,12663,12615,558,13173,180
2022-03-29,Ventura,111,848112,173100,172946,9374,182320,1460
2022-03-29,Yolo,113,214977,37027,36296,3036,39332,313
2022-03-29,Yuba,115,75493,15829,15824,1195,17019,117
2022-03-28,Alameda,001,1643700,255864,255192,13874,269066,1808
2022-03-28,Alpine,003,1148,124,124,1,125,0
2022-03-28,Amador,005,37829,8523,8480,640,9120,86
2022-03-28,Butte,007,227075,33131,32947,6932,39879,392
2022-03-28,Calaveras,009,45235,7253,7247,346,7593,119
2022-03-28,Colusa,011,21464,3439,3445,1047,4492,21
2022-03-28,Contra Costa,013,1133247,190602,188305,13212,201517,1290
2022-03-28,Del Norte,015,27424,5804,5834,183,6017,50
2022-03-28,El Dorado,017,186661,26730,26703,3202,29905,200
2022-03-28,Fresno,019,978130,231311,230144,23652,253796,2717
2022-03-28,Glenn,021,27897,4982,4983,1600,6583,47
2022-03-28,Humboldt,023,135768,16874,16916,2945,19861,140
2022-03-28,Imperial,025,180216,55340,55245,10517,65762,909
2022-03-28,Inyo,027,18085,4067,4062,471,4533,56
2022-03-28,Kern,029,883053,191718,191333,45688,237021,2212
2022-03-28,Kings,031,150075,51442,51405,3500,54905,443
2022-03-28,Lake,033,64148,10687,10673,883,11556,136
2022-03-28,Lassen,035,31185,8955,8946,875,9821,63
2022-03-28,Los Angeles,037,10098052,2709210,2700997,123047,2824044,31349
2022-03-28,Madera,039,155013,37225,37324,6020,43344,354
2022-03-28,Marin,041,260295,33507,33391,2222,35613,287
2022-03-28,Mariposa,043,17540,2396,2388,198,2586,23
2022-03-28,Mendocino,045,87422,13052,13046,3012,16058,118
2022-03-28,Merced,047,269075,62238,62116,8615,70731,805
2022-03-28,Modoc,049,8938,735,736,251,987,7
2022-03-28,Mono,051,14174,2967,2966,121,3087,5
2022-03-28,Monterey,053,433212,79298,78784,13619,92403,724
2022-03-28,Napa,055,140530,25782,25723,945,26668,140
2022-03-28,Nevada,057,99092,15936,15969,1192,17161,123
2022-03-28,Orange,059,3164182,546051,545700,41096,586796,6860
2022-03-28,Placer,061,380077,62697,62687,7319,70006,613
2022-03-28,Plumas,063,18699,2967,2760,361,3121,13
2022-03-28,Riverside,065,2383286,590814,590298,27689,617987,6397
2022-03-28,Sacramento,067,1510023,280520,275889,26389,302278,2946
2022-03-28,San Benito,069,59416,12878,12889,511,13400,97
2022-03-28,San Bernardino,071,2135413,573525,560836,24856,585692,6858
2022-03-28,San Diego,073,3302833,750482,750659,52615,803274,5155
2022-03-28,San Francisco,075,870044,124635,124678,8223,132901,839
2022-03-28,San Joaquin,077,732212,166274,166247,9866,176113,2196
2022-03-28,San Luis Obispo,079,281455,52411,52434,3740,56174,470
2022-03-28,San Mateo,081,765935,121635,120337,6926,127263,686
2022-03-28,Santa Barbara,083,443738,85677,85442,4689,90131,675
2022-03-28,Santa Clara,085,1922200,310836,311953,12309,324262,2257
2022-03-28,Santa Cruz,087,273765,47735,47324,2082,49406,259
2022-03-28,Shasta,089,179085,30532,30550,6085,36635,527
2022-03-28,Sierra,091,2930,271,273,48,321,4
2022-03-28,Siskiyou,093,43540,4447,4438,2718,7156,80
2022-03-28,Solano,095,438530,81434,81704,5560,87264,441
2022-03-28,Sonoma,097,501317,83425,83105,2605,85710,485
2022-03-28,Stanislaus,099,539301,117412,117783,17788,135571,1562
2022-03-28,Sutter,101,95872,20461,20549,2074,22623,221
2022-03-28,Tehama,103,63373,12022,12041,2575,14616,200
2022-03-28,Trinity,105,12862,1182,1173,287,1460,20
2022-03-28,Tulare,107,460477,106275,104576,27525,132101,1404
2022-03-28,Tuolumne,109,53932,12663,12627,558,13185,180
2022-03-28,Ventura,111,848112,173061,172867,9373,182240,1455
2022-03-28,Yolo,113,214977,37009,36282,3034,39316,312
2022-03-28,Yuba,115,75493,15828,15821,1193,17014,117
2022-03-27,Alameda,001,1643700,255678,255132,13865,268997,1809
2022-03-27,Alpine,003,1148,124,124,1,125,0
2022-03-27,Amador,005,37829,8520,8480,640,9120,86
2022-03-27,Butte,007,227075,33118,32943,6926,39869,392
2022-03-27,Calaveras,009,45235,7251,7245,346,7591,119
2022-03-27,Colusa,011,21464,3439,3445,1047,4492,21
2022-03-27,Contra Costa,013,1133247,190487,188251,13196,201447,1290
2022-03-27,Del Norte,015,27424,5803,5836,183,6019,50
2022-03-27,El Dorado,017,186661,26716,26699,3199,29898,200
2022-03-27,Fresno,019,978130,231264,230049,23634,253683,2717
2022-03-27,Glenn,021,27897,4981,4983,1600,6583,47
2022-03-27,Humboldt,023,135768,16870,16920,2945,19865,140
2022-03-27,Imperial,025,180216,55327,55240,10516,65756,909
2022-03-27,Inyo,027,18085,4066,4062,469,4531,56
2022-03-27,Kern,029,883053,191680,191332,45682,237014,2213
2022-03-27,Kings,031,150075,51433,51400,3500,54900,443
2022-03-27,Lake,033,64148,10686,10672,882,11554,136
2022-03-27,Lassen,035,31185,8955,8946,875,9821,63
2022-03-27,Los Angeles,037,10098052,2708400,2700983,123000,2823983,31348
2022-03-27,Madera,039,155013,37221,37323,6018,43341,354
2022-03-27,Marin,041,260295,33470,33391,2212,35603,287
2022-03-27,Mariposa,043,17540,2396,2390,198,2588,23
2022-03-27,Mendocino,045,87422,13048,13046,3010,16056,118
2022-03-27,Merced,047,269075,62228,62110,8614,70724,805
2022-03-27,Modoc,049,8938,734,736,249,985,7
2022-03-27,Mono,051,14174,2967,2966,121,3087,5
2022-03-27,Monterey,053,433212,79277,78778,13607,92385,724
2022-03-27,Napa,055,140530,25767,25723,945,26668,140
2022-03-27,Nevada,057,99092,15932,15967,1190,17157,123
2022-03-27,Orange,059,3164182,545917,545644,41062,586706,6860
2022-03-27,Placer,061,380077,62679,62680,7318,69998,613
2022-03-27,Plumas,063,18699,2966,2760,359,3119,13
2022-03-27,Riverside,065,2383286,590728,590251,27678,617929,6395
2022-03-27,Sacramento,067,1510023,280439,275854,26382,302236,2941
2022-03-27,San Benito,069,59416,12873,12889,510,13399,97
2022-03-27,San Bernardino,071,2135413,573409,560853,24854,585707,6862
2022-03-27,San Diego,073,3302833,750226,750659,52592,803251,5155
2022-03-27,San Francisco,075,870044,124449,124619,8212,132831,839
2022-03-27,San Joaquin,077,732212,166238,166238,9862,176100,2196
2022-03-27,San Luis Obispo,079,281455,52390,52430,3738,56168,470
2022-03-27,San Mateo,081,765935,121531,120324,6920,127244,686
2022-03-27,Santa Barbara,083,443738,85641,85434,4687,90121,675
2022-03-27,Santa Clara,085,1922200,310625,311822,12302,324124,2257
2022-03-27,Santa Cruz,087,273765,47701,47321,2080,49401,259
2022-03-27,Shasta,089,179085,30528,30550,6083,36633,527
2022-03-27,Sierra,091,2930,271,273,48,321,4
2022-03-27,Siskiyou,093,43540,4447,4436,2717,7153,80
2022-03-27,Solano,095,438530,81392,81691,5557,87248,441
2022-03-27,Sonoma,097,501317,83372,83088,2601,85689,485
2022-03-27,Stanislaus,099,539301,117392,117778,17785,135563,1562
2022-03-27,Sutter,101,95872,20455,20545,2074,22619,221
2022-03-27,Tehama,103,63373,12022,12040,2575,14615,200
2022-03-27,Trinity,105,12862,1182,1173,287,1460,20
2022-03-27,Tulare,107,460477,106266,104582,27516,132098,1404
2022-03-27,Tuolumne,109,53932,12662,12628,558,13186,180
2022-03-27,Ventura,111,848112,173016,172831,9371,182202,1455
2022-03-27,Yolo,113,214977,36988,36232,3031,39263,312
2022-03-27,Yuba,115,75493,15825,15821,1186,17007,117
2022-03-26,Alameda,001,1643700,255598,254691,13864,268555,1803
2022-03-26,Alpine,003,1148,124,124,1,125,0
2022-03-26,Amador,005,37829,8520,8476,640,9116,86
2022-03-26,Butte,007,227075,33114,32929,6924,39853,391
2022-03-26,Calaveras,009,45235,7249,7240,346,7586,120
2022-03-26,Colusa,011,21464,3437,3445,1047,4492,21
2022-03-26,Contra Costa,013,1133247,190434,187990,13193,201183,1285
2022-03-26,Del Norte,015,27424,5801,5831,183,6014,50
2022-03-26,El Dorado,017,186661,26708,26674,3197,29871,200
2022-03-26,Fresno,019,978130,231241,229799,23633,253432,2710
2022-03-26,Glenn,021,27897,4981,4978,1600,6578,47
2022-03-26,Humboldt,023,135768,16866,16911,2945,19856,139
2022-03-26,Imperial,025,180216,55321,55230,10515,65745,913
2022-03-26,Inyo,027,18085,4066,4060,468,4528,56
2022-03-26,Kern,029,883053,191666,191288,45678,236966,2201
2022-03-26,Kings,031,150075,51432,51397,3500,54897,444
2022-03-26,Lake,033,64148,10686,10659,882,11541,136
2022-03-26,Lassen,035,31185,8955,8944,875,9819,63
2022-03-26,Los Angeles,037,10098052,2707944,2698028,122958,2820986,31291
2022-03-26,Madera,039,155013,37218,37321,6016,43337,354
2022-03-26,Marin,041,260295,33460,33317,2208,35525,287
2022-03-26,Mariposa,043,17540,2396,2386,198,2584,23
2022-03-26,Mendocino,045,87422,13044,13038,3010,16048,118
2022-03-26,Merced,047,269075,62222,62083,8612,70695,805
2022-03-26,Modoc,049,8938,734,736,249,985,7
2022-03-26,Mono,051,14174,2967,2966,121,3087,5
2022-03-26,Monterey,053,433212,79270,78688,13605,92293,724
2022-03-26,Napa,055,140530,25764,25701,945,26646,139
2022-03-26,Nevada,057,99092,15928,15960,1190,17150,123
2022-03-26,Orange,059,3164182,545840,545294,41051,586345,6853
2022-03-26,Placer,061,380077,62667,62634,7314,69948,613
2022-03-26,Plumas,063,18699,2966,2758,358,3116,13
2022-03-26,Riverside,065,2383286,590658,590060,27677,617737,6397
2022-03-26,Sacramento,067,1510023,280406,275529,26380,301909,2935
2022-03-26,San Benito,069,59416,12873,12885,510,13395,97
2022-03-26,San Bernardino,071,2135413,573350,560742,24850,585592,6840
2022-03-26,San Diego,073,3302833,750102,750170,52585,802755,5146
2022-03-26,San Francisco,075,870044,124343,124265,8206,132471,839
2022-03-26,San Joaquin,077,732212,166217,166079,9861,175940,2195
2022-03-26,San Luis Obispo,079,281455,52384,52369,3738,56107,469
2022-03-26,San Mateo,081,765935,121472,120165,6912,127077,684
2022-03-26,Santa Barbara,083,443738,85621,85477,4685,90162,674
2022-03-26,Santa Clara,085,1922200,310467,311189,12295,323484,2250
2022-03-26,Santa Cruz,087,273765,47690,47329,2080,49409,259
2022-03-26,Shasta,089,179085,30527,30542,6082,36624,527
2022-03-26,Sierra,091,2930,271,273,48,321,4
2022-03-26,Siskiyou,093,43540,4446,4433,2717,7150,80
2022-03-26,Solano,095,438530,81383,81659,5557,87216,441
2022-03-26,Sonoma,097,501317,83342,83113,2596,85709,485
2022-03-26,Stanislaus,099,539301,117385,117962,17784,135746,1565
2022-03-26,Sutter,101,95872,20453,20536,2074,22610,221
2022-03-26,Tehama,103,63373,12022,12036,2574,14610,195
2022-03-26,Trinity,105,12862,1182,1174,287,1461,20
2022-03-26,Tulare,107,460477,106259,104538,27515,132053,1400
2022-03-26,Tuolumne,109,53932,12660,12628,558,13186,180
2022-03-26,Ventura,111,848112,172975,172690,9367,182057,1455
2022-03-26,Yolo,113,214977,36979,36234,3031,39265,311
2022-03-26,Yuba,115,75493,15824,15807,1186,16993,117
2022-03-25,Alameda,001,1643700,255534,254691,13861,268552,1803
2022-03-25,Alpine,003,1148,124,124,1,125,0
2022-03-25,Amador,005,37829,8519,8476,640,9116,86
2022-03-25,Butte,007,227075,33109,32929,6924,39853,391
2022-03-25,Calaveras,009,45235,7248,7240,346,7586,120
2022-03-25,Colusa,011,21464,3437,3445,1047,4492,21
2022-03-25,Contra Costa,013,1133247,190387,187990,13190,201180,1285
2022-03-25,Del Norte,015,27424,5801,5831,183,6014,50
2022-03-25,El Dorado,017,186661,26704,26674,3197,29871,200
2022-03-25,Fresno,019,978130,231213,229799,23625,253424,2710
2022-03-25,Glenn,021,27897,4981,4978,1600,6578,47
2022-03-25,Humboldt,023,135768,16866,16911,2945,19856,139
2022-03-25,Imperial,025,180216,55316,55230,10514,65744,913
2022-03-25,Inyo,027,18085,4065,4060,468,4528,56
2022-03-25,Kern,029,883053,191656,191288,45677,236965,2201
2022-03-25,Kings,031,150075,51431,51397,3500,54897,444
2022-03-25,Lake,033,64148,10686,10659,882,11541,136
2022-03-25,Lassen,035,31185,8954,8944,875,9819,63
2022-03-25,Los Angeles,037,10098052,2707524,2698028,122927,2820955,31291
2022-03-25,Madera,039,155013,37217,37321,6015,43336,354
2022-03-25,Marin,041,260295,33445,33317,2199,35516,287
2022-03-25,Mariposa,043,17540,2396,2386,198,2584,23
2022-03-25,Mendocino,045,87422,13044,13038,3010,16048,118
2022-03-25,Merced,047,269075,62215,62083,8611,70694,805
2022-03-25,Modoc,049,8938,734,736,249,985,7
2022-03-25,Mono,051,14174,2966,2966,121,3087,5
2022-03-25,Monterey,053,433212,79259,78688,13602,92290,724
2022-03-25,Napa,055,140530,25757,25701,945,26646,139
2022-03-25,Nevada,057,99092,15927,15960,1190,17150,123
2022-03-25,Orange,059,3164182,545766,545294,41035,586329,6853
2022-03-25,Placer,061,380077,62661,62634,7311,69945,613
2022-03-25,Plumas,063,18699,2965,2758,358,3116,13
2022-03-25,Riverside,065,2383286,590598,590060,27666,617726,6397
2022-03-25,Sacramento,067,1510023,280364,275529,26378,301907,2935
2022-03-25,San Benito,069,59416,12873,12885,510,13395,97
2022-03-25,San Bernardino,071,2135413,573311,560742,24847,585589,6840
2022-03-25,San Diego,073,3302833,749979,750170,52574,802744,5146
2022-03-25,San Francisco,075,870044,124262,124265,8193,132458,839
2022-03-25,San Joaquin,077,732212,166203,166079,9858,175937,2195
2022-03-25,San Luis Obispo,079,281455,52381,52369,3737,56106,469
2022-03-25,San Mateo,081,765935,121420,120165,6912,127077,684
2022-03-25,Santa Barbara,083,443738,85606,85477,4683,90160,674
2022-03-25,Santa Clara,085,1922200,310316,311189,12290,323479,2250
2022-03-25,Santa Cruz,087,273765,47682,47329,2080,49409,259
2022-03-25,Shasta,089,179085,30523,30542,6081,36623,527
2022-03-25,Sierra,091,2930,271,273,48,321,4
2022-03-25,Siskiyou,093,43540,4444,4433,2715,7148,80
2022-03-25,Solano,095,438530,81368,81659,5555,87214,441
2022-03-25,Sonoma,097,501317,83305,83113,2596,85709,485
2022-03-25,Stanislaus,099,539301,117371,117962,17783,135745,1565
2022-03-25,Sutter,101,95872,20448,20536,2074,22610,221
2022-03-25,Tehama,103,63373,12020,12036,2574,14610,195
2022-03-25,Trinity,105,12862,1182,1174,287,1461,20
2022-03-25,Tulare,107,460477,106255,104538,27515,132053,1400
2022-03-25,Tuolumne,109,53932,12659,12628,558,13186,180
2022-03-25,Ventura,111,848112,172937,172690,9367,182057,1455
2022-03-25,Yolo,113,214977,36967,36234,3030,39264,311
2022-03-25,Yuba,115,75493,15819,15807,1185,16992,117
2022-03-24,Alameda,001,1643700,255417,254691,13845,268536,1803
2022-03-24,Alpine,003,1148,124,124,1,125,0
2022-03-24,Amador,005,37829,8519,8476,640,9116,86
2022-03-24,Butte,007,227075,33103,32929,6924,39853,391
2022-03-24,Calaveras,009,45235,7246,7240,346,7586,120
2022-03-24,Colusa,011,21464,3437,3445,1047,4492,21
2022-03-24,Contra Costa,013,1133247,190308,187990,13187,201177,1285
2022-03-24,Del Norte,015,27424,5797,5831,183,6014,50
2022-03-24,El Dorado,017,186661,26693,26674,3197,29871,200
2022-03-24,Fresno,019,978130,231171,229799,23616,253415,2710
2022-03-24,Glenn,021,27897,4980,4978,1600,6578,47
2022-03-24,Humboldt,023,135768,16861,16911,2943,19854,139
2022-03-24,Imperial,025,180216,55309,55230,10514,65744,913
2022-03-24,Inyo,027,18085,4064,4060,468,4528,56
2022-03-24,Kern,029,883053,191646,191288,45675,236963,2201
2022-03-24,Kings,031,150075,51422,51397,3498,54895,444
2022-03-24,Lake,033,64148,10685,10659,882,11541,136
2022-03-24,Lassen,035,31185,8953,8944,875,9819,63
2022-03-24,Los Angeles,037,10098052,2706956,2698028,122882,2820910,31291
2022-03-24,Madera,039,155013,37215,37321,6013,43334,354
2022-03-24,Marin,041,260295,33424,33317,2190,35507,287
2022-03-24,Mariposa,043,17540,2396,2386,198,2584,23
2022-03-24,Mendocino,045,87422,13038,13038,3007,16045,118
2022-03-24,Merced,047,269075,62208,62083,8610,70693,805
2022-03-24,Modoc,049,8938,734,736,249,985,7
2022-03-24,Mono,051,14174,2966,2966,121,3087,5
2022-03-24,Monterey,053,433212,79233,78688,13588,92276,724
2022-03-24,Napa,055,140530,25748,25701,945,26646,139
2022-03-24,Nevada,057,99092,15923,15960,1189,17149,123
2022-03-24,Orange,059,3164182,545664,545294,41020,586314,6853
2022-03-24,Placer,061,380077,62641,62634,7310,69944,613
2022-03-24,Plumas,063,18699,2965,2758,358,3116,13
2022-03-24,Riverside,065,2383286,590521,590060,27658,617718,6397
2022-03-24,Sacramento,067,1510023,280295,275529,26373,301902,2935
2022-03-24,San Benito,069,59416,12872,12885,509,13394,97
2022-03-24,San Bernardino,071,2135413,573229,560742,24843,585585,6840
2022-03-24,San Diego,073,3302833,749771,750170,52561,802731,5146
2022-03-24,San Francisco,075,870044,124180,124265,8187,132452,839
2022-03-24,San Joaquin,077,732212,166175,166079,9858,175937,2195
2022-03-24,San Luis Obispo,079,281455,52365,52369,3736,56105,469
2022-03-24,San Mateo,081,765935,121372,120165,6908,127073,684
2022-03-24,Santa Barbara,083,443738,85591,85477,4680,90157,674
2022-03-24,Santa Clara,085,1922200,310170,311189,12273,323462,2250
2022-03-24,Santa Cruz,087,273765,47664,47329,2079,49408,259
2022-03-24,Shasta,089,179085,30515,30542,6081,36623,527
2022-03-24,Sierra,091,2930,271,273,48,321,4
2022-03-24,Siskiyou,093,43540,4441,4433,2715,7148,80
2022-03-24,Solano,095,438530,81349,81659,5554,87213,441
2022-03-24,Sonoma,097,501317,83270,83113,2594,85707,485
2022-03-24,Stanislaus,099,539301,117363,117962,17780,135742,1565
2022-03-24,Sutter,101,95872,20443,20536,2074,22610,221
2022-03-24,Tehama,103,63373,12018,12036,2573,14609,195
2022-03-24,Trinity,105,12862,1182,1174,287,1461,20
2022-03-24,Tulare,107,460477,106244,104538,27510,132048,1400
2022-03-24,Tuolumne,109,53932,12657,12628,558,13186,180
2022-03-24,Ventura,111,848112,172894,172690,9366,182056,1455
2022-03-24,Yolo,113,214977,36961,36234,3026,39260,311
2022-03-24,Yuba,115,75493,15815,15807,1183,16990,117
2022-03-23,Alameda,001,1643700,255282,254559,13834,268393,1802
2022-03-23,Alpine,003,1148,124,124,1,125,0
2022-03-23,Amador,005,37829,8519,8475,640,9115,86
2022-03-23,Butte,007,227075,33088,32920,6923,39843,387
2022-03-23,Calaveras,009,45235,7241,7237,346,7583,120
2022-03-23,Colusa,011,21464,3436,3444,1047,4491,21
2022-03-23,Contra Costa,013,1133247,190210,187898,13176,201074,1279
2022-03-23,Del Norte,015,27424,5795,5830,183,6013,50
2022-03-23,El Dorado,017,186661,26687,26670,3197,29867,200
2022-03-23,Fresno,019,978130,231135,229656,23603,253259,2710
2022-03-23,Glenn,021,27897,4980,4975,1600,6575,47
2022-03-23,Humboldt,023,135768,16860,16908,2942,19850,139
2022-03-23,Imperial,025,180216,55303,55211,10513,65724,909
2022-03-23,Inyo,027,18085,4064,4060,468,4528,56
2022-03-23,Kern,029,883053,191629,191241,45670,236911,2196
2022-03-23,Kings,031,150075,51411,51384,3498,54882,442
2022-03-23,Lake,033,64148,10681,10658,881,11539,135
2022-03-23,Lassen,035,31185,8952,8944,874,9818,63
2022-03-23,Los Angeles,037,10098052,2706273,2697227,122853,2820080,31267
2022-03-23,Madera,039,155013,37210,37317,6010,43327,354
2022-03-23,Marin,041,260295,33398,33274,2185,35459,287
2022-03-23,Mariposa,043,17540,2394,2382,197,2579,11
2022-03-23,Mendocino,045,87422,13034,13033,3006,16039,118
2022-03-23,Merced,047,269075,62198,62056,8607,70663,805
2022-03-23,Modoc,049,8938,734,736,249,985,7
2022-03-23,Mono,051,14174,2966,2966,121,3087,5
2022-03-23,Monterey,053,433212,79216,78655,13564,92219,724
2022-03-23,Napa,055,140530,25735,25691,943,26634,139
2022-03-23,Nevada,057,99092,15921,15958,1189,17147,123
2022-03-23,Orange,059,3164182,545533,545158,41008,586166,6852
2022-03-23,Placer,061,380077,62622,62622,7308,69930,613
2022-03-23,Plumas,063,18699,2965,2747,358,3105,13
2022-03-23,Riverside,065,2383286,590448,589947,27653,617600,6388
2022-03-23,Sacramento,067,1510023,280232,275398,26366,301764,2934
2022-03-23,San Benito,069,59416,12871,12884,509,13393,97
2022-03-23,San Bernardino,071,2135413,573155,560550,24839,585389,6828
2022-03-23,San Diego,073,3302833,749577,749871,52538,802409,5143
2022-03-23,San Francisco,075,870044,124067,124110,8180,132290,838
2022-03-23,San Joaquin,077,732212,166138,166041,9851,175892,2187
2022-03-23,San Luis Obispo,079,281455,52348,52344,3731,56075,469
2022-03-23,San Mateo,081,765935,121288,120080,6898,126978,685
2022-03-23,Santa Barbara,083,443738,85574,85464,4679,90143,673
2022-03-23,Santa Clara,085,1922200,310006,310956,12261,323217,2250
2022-03-23,Santa Cruz,087,273765,47645,47314,2075,49389,259
2022-03-23,Shasta,089,179085,30511,30524,6080,36604,526
2022-03-23,Sierra,091,2930,271,273,48,321,4
2022-03-23,Siskiyou,093,43540,4440,4433,2715,7148,80
2022-03-23,Solano,095,438530,81315,81615,5553,87168,441
2022-03-23,Sonoma,097,501317,83237,83074,2591,85665,482
2022-03-23,Stanislaus,099,539301,117346,118041,17777,135818,1568
2022-03-23,Sutter,101,95872,20440,20532,2074,22606,218
2022-03-23,Tehama,103,63373,12015,12035,2573,14608,195
2022-03-23,Trinity,105,12862,1182,1174,287,1461,20
2022-03-23,Tulare,107,460477,106227,104489,27505,131994,1394
2022-03-23,Tuolumne,109,53932,12656,12629,558,13187,180
2022-03-23,Ventura,111,848112,172846,172647,9364,182011,1455
2022-03-23,Yolo,113,214977,36941,36197,3024,39221,308
2022-03-23,Yuba,115,75493,15808,15801,1182,16983,117
2022-03-22,Alameda,001,1643700,255160,254467,13535,268002,1802
2022-03-22,Alpine,003,1148,124,122,1,123,0
2022-03-22,Amador,005,37829,8518,8462,639,9101,86
2022-03-22,Butte,007,227075,33078,32907,6919,39826,387
2022-03-22,Calaveras,009,45235,7239,7237,346,7583,120
2022-03-22,Colusa,011,21464,3435,3445,1047,4492,21
2022-03-22,Contra Costa,013,1133247,190134,187813,13155,200968,1279
2022-03-22,Del Norte,015,27424,5789,5824,183,6007,50
2022-03-22,El Dorado,017,186661,26680,26661,3197,29858,200
2022-03-22,Fresno,019,978130,231086,229551,23594,253145,2708
2022-03-22,Glenn,021,27897,4977,4971,1600,6571,47
2022-03-22,Humboldt,023,135768,16857,16911,2942,19853,139
2022-03-22,Imperial,025,180216,55291,55170,10510,65680,908
2022-03-22,Inyo,027,18085,4064,4060,468,4528,56
2022-03-22,Kern,029,883053,191606,191213,45662,236875,2195
2022-03-22,Kings,031,150075,51399,51369,3497,54866,442
2022-03-22,Lake,033,64148,10679,10657,880,11537,135
2022-03-22,Lassen,035,31185,8952,8940,874,9814,63
2022-03-22,Los Angeles,037,10098052,2705611,2696746,122806,2819552,31250
2022-03-22,Madera,039,155013,37207,37304,6007,43311,354
2022-03-22,Marin,041,260295,33373,33253,2181,35434,287
2022-03-22,Mariposa,043,17540,2392,2382,197,2579,6
2022-03-22,Mendocino,045,87422,13029,13030,3004,16034,118
2022-03-22,Merced,047,269075,62188,62056,8603,70659,805
2022-03-22,Modoc,049,8938,734,735,249,984,7
2022-03-22,Mono,051,14174,2966,2963,121,3084,5
2022-03-22,Monterey,053,433212,79199,78614,13554,92168,724
2022-03-22,Napa,055,140530,25725,25688,942,26630,139
2022-03-22,Nevada,057,99092,15913,15950,1189,17139,123
2022-03-22,Orange,059,3164182,545391,545075,40991,586066,6843
2022-03-22,Placer,061,380077,62609,62604,7306,69910,610
2022-03-22,Plumas,063,18699,2964,2744,358,3102,13
2022-03-22,Riverside,065,2383286,590372,589816,27650,617466,6383
2022-03-22,Sacramento,067,1510023,280156,275374,26355,301729,2927
2022-03-22,San Benito,069,59416,12870,12884,508,13392,97
2022-03-22,San Bernardino,071,2135413,573073,560371,24819,585190,6811
2022-03-22,San Diego,073,3302833,749377,749647,52518,802165,5141
2022-03-22,San Francisco,075,870044,123960,123998,8174,132172,838
2022-03-22,San Joaquin,077,732212,166110,165992,9848,175840,2187
2022-03-22,San Luis Obispo,079,281455,52340,52257,3731,55988,465
2022-03-22,San Mateo,081,765935,121214,119975,6895,126870,686
2022-03-22,Santa Barbara,083,443738,85557,85457,4678,90135,672
2022-03-22,Santa Clara,085,1922200,309837,310787,12249,323036,2249
2022-03-22,Santa Cruz,087,273765,47625,47287,2074,49361,259
2022-03-22,Shasta,089,179085,30505,30528,6080,36608,525
2022-03-22,Sierra,091,2930,271,273,48,321,4
2022-03-22,Siskiyou,093,43540,4440,4429,2714,7143,80
2022-03-22,Solano,095,438530,81292,81587,5550,87137,440
2022-03-22,Sonoma,097,501317,83208,83042,2588,85630,482
2022-03-22,Stanislaus,099,539301,117329,118025,17773,135798,1568
2022-03-22,Sutter,101,95872,20439,20525,2071,22596,218
2022-03-22,Tehama,103,63373,12013,12034,2573,14607,162
2022-03-22,Trinity,105,12862,1182,1174,287,1461,20
2022-03-22,Tulare,107,460477,106216,104431,27497,131928,1391
2022-03-22,Tuolumne,109,53932,12656,12628,558,13186,180
2022-03-22,Ventura,111,848112,172797,172590,9362,181952,1455
2022-03-22,Yolo,113,214977,36921,36184,3023,39207,308
2022-03-22,Yuba,115,75493,15805,15795,1181,16976,117
2022-03-21,Alameda,001,1643700,254939,254354,13527,267881,1799
2022-03-21,Alpine,003,1148,124,122,1,123,0
2022-03-21,Amador,005,37829,8515,8461,638,9099,85
2022-03-21,Butte,007,227075,33067,32895,6916,39811,385
2022-03-21,Calaveras,009,45235,7238,7237,346,7583,119
2022-03-21,Colusa,011,21464,3435,3445,1047,4492,21
2022-03-21,Contra Costa,013,1133247,190070,187509,13140,200649,1276
2022-03-21,Del Norte,015,27424,5788,5824,183,6007,50
2022-03-21,El Dorado,017,186661,26669,26610,3197,29807,199
2022-03-21,Fresno,019,978130,231038,229374,23586,252960,2707
2022-03-21,Glenn,021,27897,4975,4972,1595,6567,46
2022-03-21,Humboldt,023,135768,16847,16912,2929,19841,139
2022-03-21,Imperial,025,180216,55278,55133,10509,65642,908
2022-03-21,Inyo,027,18085,4063,4060,468,4528,56
2022-03-21,Kern,029,883053,191573,191184,45656,236840,2187
2022-03-21,Kings,031,150075,51385,51366,3495,54861,441
2022-03-21,Lake,033,64148,10677,10655,880,11535,135
2022-03-21,Lassen,035,31185,8951,8939,874,9813,63
2022-03-21,Los Angeles,037,10098052,2704742,2694711,122757,2817468,31218
2022-03-21,Madera,039,155013,37201,37288,6004,43292,354
2022-03-21,Marin,041,260295,33329,33242,2176,35418,287
2022-03-21,Mariposa,043,17540,2391,2383,196,2579,6
2022-03-21,Mendocino,045,87422,13021,13028,3002,16030,118
2022-03-21,Merced,047,269075,62174,62048,8598,70646,803
2022-03-21,Modoc,049,8938,732,734,249,983,7
2022-03-21,Mono,051,14174,2966,2962,121,3083,5
2022-03-21,Monterey,053,433212,79150,78572,13541,92113,724
2022-03-21,Napa,055,140530,25717,25684,940,26624,138
2022-03-21,Nevada,057,99092,15909,15963,1188,17151,123
2022-03-21,Orange,059,3164182,545238,544943,40974,585917,6841
2022-03-21,Placer,061,380077,62590,62550,7305,69855,610
2022-03-21,Plumas,063,18699,2964,2744,358,3102,13
2022-03-21,Riverside,065,2383286,590292,589707,27646,617353,6376
2022-03-21,Sacramento,067,1510023,280066,275334,26341,301675,2925
2022-03-21,San Benito,069,59416,12864,12872,508,13380,97
2022-03-21,San Bernardino,071,2135413,572985,560210,24806,585016,6807
2022-03-21,San Diego,073,3302833,749152,748833,52498,801331,5138
2022-03-21,San Francisco,075,870044,123792,123912,8165,132077,835
2022-03-21,San Joaquin,077,732212,166084,165939,9845,175784,2185
2022-03-21,San Luis Obispo,079,281455,52315,52219,3726,55945,463
2022-03-21,San Mateo,081,765935,121055,119899,6893,126792,684
2022-03-21,Santa Barbara,083,443738,85542,85416,4676,90092,672
2022-03-21,Santa Clara,085,1922200,309577,310509,12246,322755,2245
2022-03-21,Santa Cruz,087,273765,47589,47267,2073,49340,259
2022-03-21,Shasta,089,179085,30499,30523,6078,36601,525
2022-03-21,Sierra,091,2930,271,273,48,321,4
2022-03-21,Siskiyou,093,43540,4440,4426,2714,7140,80
2022-03-21,Solano,095,438530,81264,81399,5549,86948,441
2022-03-21,Sonoma,097,501317,83169,82979,2583,85562,482
2022-03-21,Stanislaus,099,539301,117296,118144,17771,135915,1571
2022-03-21,Sutter,101,95872,20436,20523,2059,22582,218
2022-03-21,Tehama,103,63373,12009,12030,2573,14603,160
2022-03-21,Trinity,105,12862,1182,1174,287,1461,20
2022-03-21,Tulare,107,460477,106196,104350,27492,131842,1389
2022-03-21,Tuolumne,109,53932,12656,12620,558,13178,180
2022-03-21,Ventura,111,848112,172727,172537,9358,181895,1452
2022-03-21,Yolo,113,214977,36905,36141,3021,39162,307
2022-03-21,Yuba,115,75493,15802,15790,1180,16970,117
2022-03-20,Alameda,001,1643700,254802,254293,13517,267810,1801
2022-03-20,Alpine,003,1148,122,122,1,123,0
2022-03-20,Amador,005,37829,8512,8460,638,9098,85
2022-03-20,Butte,007,227075,33052,32892,6912,39804,385
2022-03-20,Calaveras,009,45235,7238,7233,343,7576,119
2022-03-20,Colusa,011,21464,3435,3446,1047,4493,21
2022-03-20,Contra Costa,013,1133247,189967,187467,13130,200597,1276
2022-03-20,Del Norte,015,27424,5786,5821,183,6004,50
2022-03-20,El Dorado,017,186661,26661,26608,3197,29805,199
2022-03-20,Fresno,019,978130,230960,229297,23575,252872,2707
2022-03-20,Glenn,021,27897,4974,4972,1595,6567,46
2022-03-20,Humboldt,023,135768,16845,16913,2927,19840,139
2022-03-20,Imperial,025,180216,55267,55133,10508,65641,908
2022-03-20,Inyo,027,18085,4063,4060,468,4528,56
2022-03-20,Kern,029,883053,191529,191170,45651,236821,2187
2022-03-20,Kings,031,150075,51374,51360,3495,54855,441
2022-03-20,Lake,033,64148,10673,10652,880,11532,135
2022-03-20,Lassen,035,31185,8949,8938,874,9812,63
2022-03-20,Los Angeles,037,10098052,2703946,2694698,122713,2817411,31219
2022-03-20,Madera,039,155013,37196,37284,6001,43285,354
2022-03-20,Marin,041,260295,33312,33232,2175,35407,275
2022-03-20,Mariposa,043,17540,2391,2383,196,2579,6
2022-03-20,Mendocino,045,87422,13014,13027,2997,16024,118
2022-03-20,Merced,047,269075,62163,62041,8595,70636,803
2022-03-20,Modoc,049,8938,732,734,249,983,7
2022-03-20,Mono,051,14174,2964,2962,121,3083,5
2022-03-20,Monterey,053,433212,79117,78566,13530,92096,723
2022-03-20,Napa,055,140530,25705,25682,939,26621,138
2022-03-20,Nevada,057,99092,15905,15964,1188,17152,123
2022-03-20,Orange,059,3164182,545116,544862,40956,585818,6841
2022-03-20,Placer,061,380077,62570,62525,7305,69830,610
2022-03-20,Plumas,063,18699,2964,2744,358,3102,13
2022-03-20,Riverside,065,2383286,590195,589657,27642,617299,6376
2022-03-20,Sacramento,067,1510023,279988,275317,26326,301643,2927
2022-03-20,San Benito,069,59416,12864,12869,507,13376,97
2022-03-20,San Bernardino,071,2135413,572904,560220,24797,585017,6805
2022-03-20,San Diego,073,3302833,748916,748833,52465,801298,5138
2022-03-20,San Francisco,075,870044,123642,123858,8153,132011,835
2022-03-20,San Joaquin,077,732212,166051,165927,9841,175768,2185
2022-03-20,San Luis Obispo,079,281455,52291,52217,3723,55940,463
2022-03-20,San Mateo,081,765935,120995,119901,6887,126788,684
2022-03-20,Santa Barbara,083,443738,85517,85412,4675,90087,672
2022-03-20,Santa Clara,085,1922200,309368,310412,12238,322650,2243
2022-03-20,Santa Cruz,087,273765,47562,47265,2072,49337,259
2022-03-20,Shasta,089,179085,30489,30522,6077,36599,525
2022-03-20,Sierra,091,2930,271,273,48,321,4
2022-03-20,Siskiyou,093,43540,4439,4426,2714,7140,80
2022-03-20,Solano,095,438530,81234,81393,5547,86940,441
2022-03-20,Sonoma,097,501317,83126,82965,2582,85547,481
2022-03-20,Stanislaus,099,539301,117270,118146,17768,135914,1572
2022-03-20,Sutter,101,95872,20429,20519,2051,22570,218
2022-03-20,Tehama,103,63373,12007,12030,2573,14603,160
2022-03-20,Trinity,105,12862,1182,1174,287,1461,20
2022-03-20,Tulare,107,460477,106175,104353,27480,131833,1389
2022-03-20,Tuolumne,109,53932,12651,12617,558,13175,180
2022-03-20,Ventura,111,848112,172677,172514,9353,181867,1451
2022-03-20,Yolo,113,214977,36885,36135,3020,39155,307
2022-03-20,Yuba,115,75493,15793,15787,1178,16965,117
2022-03-19,Alameda,001,1643700,254726,253936,13515,267451,1797
2022-03-19,Alpine,003,1148,122,122,1,123,0
2022-03-19,Amador,005,37829,8509,8456,638,9094,85
2022-03-19,Butte,007,227075,33044,32856,6912,39768,385
2022-03-19,Calaveras,009,45235,7238,7229,343,7572,119
2022-03-19,Colusa,011,21464,3433,3445,1047,4492,21
2022-03-19,Contra Costa,013,1133247,189931,187225,13129,200354,1276
2022-03-19,Del Norte,015,27424,5783,5815,183,5998,48
2022-03-19,El Dorado,017,186661,26657,26618,3197,29815,199
2022-03-19,Fresno,019,978130,230937,228965,23574,252539,2694
2022-03-19,Glenn,021,27897,4974,4971,1595,6566,44
2022-03-19,Humboldt,023,135768,16839,16901,2927,19828,138
2022-03-19,Imperial,025,180216,55266,55038,10507,65545,898
2022-03-19,Inyo,027,18085,4063,4061,468,4529,56
2022-03-19,Kern,029,883053,191514,190943,45643,236586,2184
2022-03-19,Kings,031,150075,51369,51334,3495,54829,441
2022-03-19,Lake,033,64148,10673,10641,880,11521,135
2022-03-19,Lassen,035,31185,8949,8925,874,9799,63
2022-03-19,Los Angeles,037,10098052,2703574,2686759,122679,2809438,31133
2022-03-19,Madera,039,155013,37196,37273,6001,43274,354
2022-03-19,Marin,041,260295,33294,33163,2171,35334,272
2022-03-19,Mariposa,043,17540,2390,2378,196,2574,6
2022-03-19,Mendocino,045,87422,13014,13012,2997,16009,117
2022-03-19,Merced,047,269075,62157,61985,8593,70578,800
2022-03-19,Modoc,049,8938,732,734,249,983,7
2022-03-19,Mono,051,14174,2964,2961,121,3082,5
2022-03-19,Monterey,053,433212,79106,78483,13523,92006,720
2022-03-19,Napa,055,140530,25702,25654,939,26593,138
2022-03-19,Nevada,057,99092,15903,15960,1188,17148,123
2022-03-19,Orange,059,3164182,545044,543907,40940,584847,6817
2022-03-19,Placer,061,380077,62556,62483,7305,69788,605
2022-03-19,Plumas,063,18699,2964,2724,358,3082,13
2022-03-19,Riverside,065,2383286,590144,589017,27635,616652,6359
2022-03-19,Sacramento,067,1510023,279947,274855,26322,301177,2913
2022-03-19,San Benito,069,59416,12863,12859,507,13366,97
2022-03-19,San Bernardino,071,2135413,572858,559935,24795,584730,6778
2022-03-19,San Diego,073,3302833,748816,747344,52451,799795,5133
2022-03-19,San Francisco,075,870044,123572,123587,8151,131738,833
2022-03-19,San Joaquin,077,732212,166026,165765,9838,175603,2181
2022-03-19,San Luis Obispo,079,281455,52285,52174,3723,55897,463
2022-03-19,San Mateo,081,765935,120958,119782,6886,126668,667
2022-03-19,Santa Barbara,083,443738,85503,85336,4674,90010,671
2022-03-19,Santa Clara,085,1922200,309246,309918,12229,322147,2225
2022-03-19,Santa Cruz,087,273765,47554,47203,2068,49271,256
2022-03-19,Shasta,089,179085,30485,30495,6077,36572,525
2022-03-19,Sierra,091,2930,271,273,48,321,4
2022-03-19,Siskiyou,093,43540,4438,4422,2714,7136,76
2022-03-19,Solano,095,438530,81225,81340,5544,86884,441
2022-03-19,Sonoma,097,501317,83109,82838,2579,85417,472
2022-03-19,Stanislaus,099,539301,117260,118138,17766,135904,1568
2022-03-19,Sutter,101,95872,20426,20503,2051,22554,218
2022-03-19,Tehama,103,63373,12007,12007,2573,14580,160
2022-03-19,Trinity,105,12862,1182,1173,287,1460,20
2022-03-19,Tulare,107,460477,106166,104290,27475,131765,1384
2022-03-19,Tuolumne,109,53932,12650,12617,558,13175,180
2022-03-19,Ventura,111,848112,172646,172380,9352,181732,1451
2022-03-19,Yolo,113,214977,36876,36086,3020,39106,306
2022-03-19,Yuba,115,75493,15789,15768,1177,16945,117
2022-03-18,Alameda,001,1643700,254666,253936,13512,267448,1797
2022-03-18,Alpine,003,1148,122,122,1,123,0
2022-03-18,Amador,005,37829,8509,8456,638,9094,85
2022-03-18,Butte,007,227075,33039,32856,6909,39765,385
2022-03-18,Calaveras,009,45235,7238,7229,343,7572,119
2022-03-18,Colusa,011,21464,3433,3445,1047,4492,21
2022-03-18,Contra Costa,013,1133247,189899,187225,13127,200352,1276
2022-03-18,Del Norte,015,27424,5781,5815,183,5998,48
2022-03-18,El Dorado,017,186661,26652,26618,3195,29813,199
2022-03-18,Fresno,019,978130,230904,228965,23574,252539,2694
2022-03-18,Glenn,021,27897,4974,4971,1595,6566,44
2022-03-18,Humboldt,023,135768,16836,16901,2926,19827,138
2022-03-18,Imperial,025,180216,55264,55038,10507,65545,898
2022-03-18,Inyo,027,18085,4063,4061,468,4529,56
2022-03-18,Kern,029,883053,191503,190943,45640,236583,2184
2022-03-18,Kings,031,150075,51361,51334,3495,54829,441
2022-03-18,Lake,033,64148,10671,10641,879,11520,135
2022-03-18,Lassen,035,31185,8948,8925,874,9799,63
2022-03-18,Los Angeles,037,10098052,2703226,2686759,122653,2809412,31133
2022-03-18,Madera,039,155013,37191,37273,6001,43274,354
2022-03-18,Marin,041,260295,33280,33163,2171,35334,272
2022-03-18,Mariposa,043,17540,2389,2378,196,2574,6
2022-03-18,Mendocino,045,87422,13010,13012,2997,16009,117
2022-03-18,Merced,047,269075,62146,61985,8593,70578,800
2022-03-18,Modoc,049,8938,732,734,249,983,7
2022-03-18,Mono,051,14174,2963,2961,121,3082,5
2022-03-18,Monterey,053,433212,79088,78483,13521,92004,720
2022-03-18,Napa,055,140530,25699,25654,939,26593,138
2022-03-18,Nevada,057,99092,15900,15960,1187,17147,123
2022-03-18,Orange,059,3164182,544977,543907,40931,584838,6817
2022-03-18,Placer,061,380077,62547,62483,7305,69788,605
2022-03-18,Plumas,063,18699,2964,2724,358,3082,13
2022-03-18,Riverside,065,2383286,590084,589017,27631,616648,6359
2022-03-18,Sacramento,067,1510023,279911,274855,26318,301173,2913
2022-03-18,San Benito,069,59416,12861,12859,507,13366,97
2022-03-18,San Bernardino,071,2135413,572820,559935,24793,584728,6778
2022-03-18,San Diego,073,3302833,748708,747344,52436,799780,5133
2022-03-18,San Francisco,075,870044,123493,123587,8146,131733,833
2022-03-18,San Joaquin,077,732212,166011,165765,9833,175598,2181
2022-03-18,San Luis Obispo,079,281455,52278,52174,3723,55897,463
2022-03-18,San Mateo,081,765935,120923,119782,6883,126665,667
2022-03-18,Santa Barbara,083,443738,85493,85336,4673,90009,671
2022-03-18,Santa Clara,085,1922200,309142,309918,12226,322144,2225
2022-03-18,Santa Cruz,087,273765,47542,47203,2067,49270,256
2022-03-18,Shasta,089,179085,30484,30495,6077,36572,525
2022-03-18,Sierra,091,2930,271,273,48,321,4
2022-03-18,Siskiyou,093,43540,4438,4422,2714,7136,76
2022-03-18,Solano,095,438530,81214,81340,5538,86878,441
2022-03-18,Sonoma,097,501317,83088,82838,2578,85416,472
2022-03-18,Stanislaus,099,539301,117247,118138,17766,135904,1568
2022-03-18,Sutter,101,95872,20423,20503,2051,22554,218
2022-03-18,Tehama,103,63373,12006,12007,2573,14580,160
2022-03-18,Trinity,105,12862,1182,1173,287,1460,20
2022-03-18,Tulare,107,460477,106160,104290,27470,131760,1384
2022-03-18,Tuolumne,109,53932,12649,12617,558,13175,180
2022-03-18,Ventura,111,848112,172626,172380,9347,181727,1451
2022-03-18,Yolo,113,214977,36865,36086,3020,39106,306
2022-03-18,Yuba,115,75493,15787,15768,1177,16945,117
2022-03-17,Alameda,001,1643700,254567,253936,13506,267442,1797
2022-03-17,Alpine,003,1148,122,122,1,123,0
2022-03-17,Amador,005,37829,8502,8456,638,9094,85
2022-03-17,Butte,007,227075,33026,32856,6907,39763,385
2022-03-17,Calaveras,009,45235,7235,7229,343,7572,119
2022-03-17,Colusa,011,21464,3433,3445,1047,4492,21
2022-03-17,Contra Costa,013,1133247,189835,187225,13116,200341,1276
2022-03-17,Del Norte,015,27424,5779,5815,183,5998,48
2022-03-17,El Dorado,017,186661,26646,26618,3195,29813,199
2022-03-17,Fresno,019,978130,230855,228965,23571,252536,2694
2022-03-17,Glenn,021,27897,4974,4971,1595,6566,44
2022-03-17,Humboldt,023,135768,16832,16901,2924,19825,138
2022-03-17,Imperial,025,180216,55253,55038,10507,65545,898
2022-03-17,Inyo,027,18085,4063,4061,468,4529,56
2022-03-17,Kern,029,883053,191474,190943,45637,236580,2184
2022-03-17,Kings,031,150075,51358,51334,3494,54828,441
2022-03-17,Lake,033,64148,10668,10641,879,11520,135
2022-03-17,Lassen,035,31185,8946,8925,874,9799,63
2022-03-17,Los Angeles,037,10098052,2702564,2686759,122618,2809377,31133
2022-03-17,Madera,039,155013,37187,37273,6001,43274,354
2022-03-17,Marin,041,260295,33268,33163,2170,35333,272
2022-03-17,Mariposa,043,17540,2389,2378,196,2574,6
2022-03-17,Mendocino,045,87422,13006,13012,2994,16006,117
2022-03-17,Merced,047,269075,62140,61985,8591,70576,800
2022-03-17,Modoc,049,8938,732,734,249,983,7
2022-03-17,Mono,051,14174,2963,2961,120,3081,5
2022-03-17,Monterey,053,433212,79065,78483,13515,91998,720
2022-03-17,Napa,055,140530,25694,25654,939,26593,138
2022-03-17,Nevada,057,99092,15897,15960,1187,17147,123
2022-03-17,Orange,059,3164182,544883,543907,40921,584828,6817
2022-03-17,Placer,061,380077,62531,62483,7303,69786,605
2022-03-17,Plumas,063,18699,2963,2724,358,3082,13
2022-03-17,Riverside,065,2383286,590004,589017,27624,616641,6359
2022-03-17,Sacramento,067,1510023,279845,274855,26312,301167,2913
2022-03-17,San Benito,069,59416,12860,12859,507,13366,97
2022-03-17,San Bernardino,071,2135413,572756,559935,24790,584725,6778
2022-03-17,San Diego,073,3302833,748532,747344,52420,799764,5133
2022-03-17,San Francisco,075,870044,123412,123587,8141,131728,833
2022-03-17,San Joaquin,077,732212,165991,165765,9831,175596,2181
2022-03-17,San Luis Obispo,079,281455,52264,52174,3721,55895,463
2022-03-17,San Mateo,081,765935,120875,119782,6879,126661,667
2022-03-17,Santa Barbara,083,443738,85477,85336,4673,90009,671
2022-03-17,Santa Clara,085,1922200,309022,309918,12221,322139,2225
2022-03-17,Santa Cruz,087,273765,47526,47203,2065,49268,256
2022-03-17,Shasta,089,179085,30480,30495,6075,36570,525
2022-03-17,Sierra,091,2930,271,273,48,321,4
2022-03-17,Siskiyou,093,43540,4437,4422,2714,7136,76
2022-03-17,Solano,095,438530,81185,81340,5534,86874,441
2022-03-17,Sonoma,097,501317,83060,82838,2576,85414,472
2022-03-17,Stanislaus,099,539301,117233,118138,17761,135899,1568
2022-03-17,Sutter,101,95872,20413,20503,2040,22543,218
2022-03-17,Tehama,103,63373,12006,12007,2573,14580,160
2022-03-17,Trinity,105,12862,1182,1173,287,1460,20
2022-03-17,Tulare,107,460477,106144,104290,27460,131750,1384
2022-03-17,Tuolumne,109,53932,12646,12617,557,13174,180
2022-03-17,Ventura,111,848112,172577,172380,9345,181725,1451
2022-03-17,Yolo,113,214977,36851,36086,3020,39106,306
2022-03-17,Yuba,115,75493,15785,15768,1176,16944,117
2022-03-16,Alameda,001,1643700,254468,253792,13503,267295,1794
2022-03-16,Alpine,003,1148,122,122,1,123,0
2022-03-16,Amador,005,37829,8494,8449,638,9087,85
2022-03-16,Butte,007,227075,33015,32837,6902,39739,385
2022-03-16,Calaveras,009,45235,7233,7229,343,7572,120
2022-03-16,Colusa,011,21464,3433,3445,1047,4492,22
2022-03-16,Contra Costa,013,1133247,189777,187100,13105,200205,1266
2022-03-16,Del Norte,015,27424,5778,5811,181,5992,48
2022-03-16,El Dorado,017,186661,26633,26602,3194,29796,199
2022-03-16,Fresno,019,978130,230808,228786,23560,252346,2689
2022-03-16,Glenn,021,27897,4974,4969,1595,6564,44
2022-03-16,Humboldt,023,135768,16827,16893,2924,19817,138
2022-03-16,Imperial,025,180216,55241,55002,10506,65508,897
2022-03-16,Inyo,027,18085,4062,4061,468,4529,56
2022-03-16,Kern,029,883053,191432,190835,45630,236465,2170
2022-03-16,Kings,031,150075,51343,51321,3494,54815,437
2022-03-16,Lake,033,64148,10666,10633,878,11511,133
2022-03-16,Lassen,035,31185,8943,8924,874,9798,62
2022-03-16,Los Angeles,037,10098052,2701932,2685789,122576,2808365,31102
2022-03-16,Madera,039,155013,37177,37262,6000,43262,354
2022-03-16,Marin,041,260295,33247,33136,2168,35304,272
2022-03-16,Mariposa,043,17540,2387,2376,196,2572,6
2022-03-16,Mendocino,045,87422,13003,13011,2993,16004,117
2022-03-16,Merced,047,269075,62125,61959,8587,70546,798
2022-03-16,Modoc,049,8938,731,734,249,983,7
2022-03-16,Mono,051,14174,2963,2960,120,3080,5
2022-03-16,Monterey,053,433212,79043,78416,13510,91926,720
2022-03-16,Napa,055,140530,25685,25638,939,26577,138
2022-03-16,Nevada,057,99092,15895,15960,1187,17147,123
2022-03-16,Orange,059,3164182,544760,543326,40898,584224,6791
2022-03-16,Placer,061,380077,62515,62435,7301,69736,605
2022-03-16,Plumas,063,18699,2963,2723,358,3081,13
2022-03-16,Riverside,065,2383286,589908,588761,27621,616382,6351
2022-03-16,Sacramento,067,1510023,279780,274709,26305,301014,2910
2022-03-16,San Benito,069,59416,12855,12854,507,13361,97
2022-03-16,San Bernardino,071,2135413,572675,559746,24783,584529,6775
2022-03-16,San Diego,073,3302833,748327,746970,52396,799366,5126
2022-03-16,San Francisco,075,870044,123312,123446,8134,131580,831
2022-03-16,San Joaquin,077,732212,165944,165703,9828,175531,2169
2022-03-16,San Luis Obispo,079,281455,52246,52132,3717,55849,462
2022-03-16,San Mateo,081,765935,120812,119680,6871,126551,660
2022-03-16,Santa Barbara,083,443738,85444,85322,4669,89991,670
2022-03-16,Santa Clara,085,1922200,308836,309689,12206,321895,2224
2022-03-16,Santa Cruz,087,273765,47497,47161,2065,49226,255
2022-03-16,Shasta,089,179085,30471,30489,6071,36560,527
2022-03-16,Sierra,091,2930,271,273,48,321,4
2022-03-16,Siskiyou,093,43540,4434,4419,2712,7131,76
2022-03-16,Solano,095,438530,81162,81277,5532,86809,440
2022-03-16,Sonoma,097,501317,83017,82791,2566,85357,472
2022-03-16,Stanislaus,099,539301,117207,118072,17759,135831,1567
2022-03-16,Sutter,101,95872,20411,20494,2039,22533,218
2022-03-16,Tehama,103,63373,12004,11999,2573,14572,160
2022-03-16,Trinity,105,12862,1182,1173,287,1460,20
2022-03-16,Tulare,107,460477,106131,104217,27454,131671,1377
2022-03-16,Tuolumne,109,53932,12641,12610,557,13167,180
2022-03-16,Ventura,111,848112,172536,172212,9341,181553,1451
2022-03-16,Yolo,113,214977,36828,36079,3019,39098,307
2022-03-16,Yuba,115,75493,15780,15758,1176,16934,117
2022-03-15,Alameda,001,1643700,254336,253694,13494,267188,1793
2022-03-15,Alpine,003,1148,122,122,1,123,0
2022-03-15,Amador,005,37829,8491,8448,638,9086,85
2022-03-15,Butte,007,227075,33002,32822,6901,39723,385
2022-03-15,Calaveras,009,45235,7231,7236,343,7579,118
2022-03-15,Colusa,011,21464,3433,3445,1047,4492,21
2022-03-15,Contra Costa,013,1133247,189696,187021,13098,200119,1265
2022-03-15,Del Norte,015,27424,5775,5806,178,5984,48
2022-03-15,El Dorado,017,186661,26630,26596,3194,29790,199
2022-03-15,Fresno,019,978130,230765,228631,23551,252182,2689
2022-03-15,Glenn,021,27897,4972,4966,1595,6561,44
2022-03-15,Humboldt,023,135768,16821,16889,2923,19812,138
2022-03-15,Imperial,025,180216,55231,54981,10502,65483,896
2022-03-15,Inyo,027,18085,4062,4062,467,4529,56
2022-03-15,Kern,029,883053,191403,190645,45620,236265,2168
2022-03-15,Kings,031,150075,51324,51317,3490,54807,437
2022-03-15,Lake,033,64148,10662,10631,878,11509,131
2022-03-15,Lassen,035,31185,8941,8926,874,9800,62
2022-03-15,Los Angeles,037,10098052,2701247,2685071,122520,2807591,31077
2022-03-15,Madera,039,155013,37168,37258,5999,43257,354
2022-03-15,Marin,041,260295,33224,33111,2167,35278,272
2022-03-15,Mariposa,043,17540,2385,2377,196,2573,6
2022-03-15,Mendocino,045,87422,12998,13005,2992,15997,117
2022-03-15,Merced,047,269075,62107,61916,8578,70494,798
2022-03-15,Modoc,049,8938,731,733,249,982,7
2022-03-15,Mono,051,14174,2963,2961,120,3081,5
2022-03-15,Monterey,053,433212,79013,78400,13502,91902,718
2022-03-15,Napa,055,140530,25677,25657,937,26594,138
2022-03-15,Nevada,057,99092,15893,15960,1185,17145,123
2022-03-15,Orange,059,3164182,544621,543197,40891,584088,6780
2022-03-15,Placer,061,380077,62498,62398,7297,69695,604
2022-03-15,Plumas,063,18699,2962,2722,358,3080,13
2022-03-15,Riverside,065,2383286,589809,588622,27613,616235,6333
2022-03-15,Sacramento,067,1510023,279695,274633,26299,300932,2907
2022-03-15,San Benito,069,59416,12851,12849,507,13356,95
2022-03-15,San Bernardino,071,2135413,572599,559605,24780,584385,6770
2022-03-15,San Diego,073,3302833,748084,746474,52374,798848,5116
2022-03-15,San Francisco,075,870044,123195,123526,8125,131651,831
2022-03-15,San Joaquin,077,732212,165901,165664,9822,175486,2161
2022-03-15,San Luis Obispo,079,281455,52236,52060,3713,55773,458
2022-03-15,San Mateo,081,765935,120761,119586,6865,126451,649
2022-03-15,Santa Barbara,083,443738,85419,85353,4665,90018,668
2022-03-15,Santa Clara,085,1922200,308676,309535,12194,321729,2224
2022-03-15,Santa Cruz,087,273765,47444,47117,2065,49182,255
2022-03-15,Shasta,089,179085,30462,30476,6068,36544,524
2022-03-15,Sierra,091,2930,271,273,48,321,4
2022-03-15,Siskiyou,093,43540,4434,4420,2712,7132,76
2022-03-15,Solano,095,438530,81126,81260,5531,86791,440
2022-03-15,Sonoma,097,501317,82977,82737,2566,85303,472
2022-03-15,Stanislaus,099,539301,117189,118085,17756,135841,1567
2022-03-15,Sutter,101,95872,20408,20480,2030,22510,217
2022-03-15,Tehama,103,63373,12001,11997,2573,14570,160
2022-03-15,Trinity,105,12862,1182,1173,287,1460,20
2022-03-15,Tulare,107,460477,106112,104153,27442,131595,1375
2022-03-15,Tuolumne,109,53932,12637,12602,557,13159,180
2022-03-15,Ventura,111,848112,172491,172150,9338,181488,1451
2022-03-15,Yolo,113,214977,36812,36079,3015,39094,308
2022-03-15,Yuba,115,75493,15772,15756,1176,16932,116
2022-03-14,Alameda,001,1643700,254226,253629,13490,267119,1791
2022-03-14,Alpine,003,1148,122,122,1,123,0
2022-03-14,Amador,005,37829,8486,8448,638,9086,85
2022-03-14,Butte,007,227075,32984,32812,6901,39713,385
2022-03-14,Calaveras,009,45235,7230,7245,343,7588,118
2022-03-14,Colusa,011,21464,3432,3445,1047,4492,21
2022-03-14,Contra Costa,013,1133247,189604,186969,13090,200059,1265
2022-03-14,Del Norte,015,27424,5769,5807,178,5985,48
2022-03-14,El Dorado,017,186661,26625,26570,3194,29764,199
2022-03-14,Fresno,019,978130,230691,228470,23541,252011,2682
2022-03-14,Glenn,021,27897,4970,4966,1595,6561,44
2022-03-14,Humboldt,023,135768,16814,16890,2921,19811,137
2022-03-14,Imperial,025,180216,55220,54933,10501,65434,897
2022-03-14,Inyo,027,18085,4062,4062,467,4529,56
2022-03-14,Kern,029,883053,191368,190526,45609,236135,2166
2022-03-14,Kings,031,150075,51306,51293,3489,54782,437
2022-03-14,Lake,033,64148,10659,10631,878,11509,131
2022-03-14,Lassen,035,31185,8941,8927,873,9800,62
2022-03-14,Los Angeles,037,10098052,2700616,2683369,122453,2805822,31034
2022-03-14,Madera,039,155013,37161,37255,5998,43253,354
2022-03-14,Marin,041,260295,33195,33099,2167,35266,272
2022-03-14,Mariposa,043,17540,2384,2376,196,2572,6
2022-03-14,Mendocino,045,87422,12993,12992,2985,15977,117
2022-03-14,Merced,047,269075,62088,61905,8576,70481,795
2022-03-14,Modoc,049,8938,730,731,249,980,7
2022-03-14,Mono,051,14174,2962,2961,120,3081,5
2022-03-14,Monterey,053,433212,78998,78376,13466,91842,718
2022-03-14,Napa,055,140530,25663,25649,937,26586,138
2022-03-14,Nevada,057,99092,15891,15954,1185,17139,123
2022-03-14,Orange,059,3164182,544484,543099,40883,583982,6775
2022-03-14,Placer,061,380077,62480,62389,7295,69684,601
2022-03-14,Plumas,063,18699,2962,2711,358,3069,13
2022-03-14,Riverside,065,2383286,589675,588531,27603,616134,6332
2022-03-14,Sacramento,067,1510023,279614,274682,26294,300976,2899
2022-03-14,San Benito,069,59416,12846,12846,507,13353,95
2022-03-14,San Bernardino,071,2135413,572511,559505,24775,584280,6767
2022-03-14,San Diego,073,3302833,747781,745515,52345,797860,5108
2022-03-14,San Francisco,075,870044,123104,123575,8119,131694,824
2022-03-14,San Joaquin,077,732212,165862,165662,9821,175483,2142
2022-03-14,San Luis Obispo,079,281455,52208,52046,3710,55756,458
2022-03-14,San Mateo,081,765935,120688,119564,6863,126427,649
2022-03-14,Santa Barbara,083,443738,85382,85396,4664,90060,667
2022-03-14,Santa Clara,085,1922200,308492,309600,12190,321790,2223
2022-03-14,Santa Cruz,087,273765,47406,47107,2063,49170,255
2022-03-14,Shasta,089,179085,30457,30462,6065,36527,520
2022-03-14,Sierra,091,2930,271,273,48,321,4
2022-03-14,Siskiyou,093,43540,4429,4419,2711,7130,76
2022-03-14,Solano,095,438530,81077,81233,5526,86759,440
2022-03-14,Sonoma,097,501317,82941,82731,2562,85293,473
2022-03-14,Stanislaus,099,539301,117153,118088,17752,135840,1567
2022-03-14,Sutter,101,95872,20401,20478,2030,22508,217
2022-03-14,Tehama,103,63373,11999,11996,2573,14569,160
2022-03-14,Trinity,105,12862,1182,1172,287,1459,20
2022-03-14,Tulare,107,460477,106084,104121,27435,131556,1365
2022-03-14,Tuolumne,109,53932,12636,12567,556,13123,180
2022-03-14,Ventura,111,848112,172438,172107,9336,181443,1442
2022-03-14,Yolo,113,214977,36796,36059,3013,39072,308
2022-03-14,Yuba,115,75493,15760,15748,1176,16924,116
2022-03-13,Alameda,001,1643700,254103,253547,13482,267029,1792
2022-03-13,Alpine,003,1148,122,122,1,123,0
2022-03-13,Amador,005,37829,8484,8444,638,9082,85
2022-03-13,Butte,007,227075,32964,32806,6898,39704,384
2022-03-13,Calaveras,009,45235,7225,7253,343,7596,118
2022-03-13,Colusa,011,21464,3432,3444,1045,4489,21
2022-03-13,Contra Costa,013,1133247,189507,186911,13077,199988,1265
2022-03-13,Del Norte,015,27424,5765,5808,178,5986,48
2022-03-13,El Dorado,017,186661,26620,26563,3193,29756,199
2022-03-13,Fresno,019,978130,230611,228421,23527,251948,2683
2022-03-13,Glenn,021,27897,4966,4966,1594,6560,44
2022-03-13,Humboldt,023,135768,16806,16883,2921,19804,137
2022-03-13,Imperial,025,180216,55209,54934,10499,65433,897
2022-03-13,Inyo,027,18085,4062,4062,466,4528,56
2022-03-13,Kern,029,883053,191314,190495,45597,236092,2166
2022-03-13,Kings,031,150075,51298,51273,3489,54762,437
2022-03-13,Lake,033,64148,10656,10626,878,11504,131
2022-03-13,Lassen,035,31185,8940,8929,872,9801,62
2022-03-13,Los Angeles,037,10098052,2699892,2683351,122409,2805760,31034
2022-03-13,Madera,039,155013,37153,37248,5998,43246,354
2022-03-13,Marin,041,260295,33171,33083,2165,35248,272
2022-03-13,Mariposa,043,17540,2382,2376,196,2572,6
2022-03-13,Mendocino,045,87422,12987,12987,2980,15967,117
2022-03-13,Merced,047,269075,62065,61895,8567,70462,795
2022-03-13,Modoc,049,8938,730,731,249,980,7
2022-03-13,Mono,051,14174,2962,2961,120,3081,5
2022-03-13,Monterey,053,433212,78962,78366,13418,91784,718
2022-03-13,Napa,055,140530,25649,25639,936,26575,138
2022-03-13,Nevada,057,99092,15884,15959,1185,17144,123
2022-03-13,Orange,059,3164182,544364,543036,40859,583895,6774
2022-03-13,Placer,061,380077,62453,62372,7292,69664,601
2022-03-13,Plumas,063,18699,2962,2711,358,3069,13
2022-03-13,Riverside,065,2383286,589542,588487,27597,616084,6332
2022-03-13,Sacramento,067,1510023,279516,274715,26282,300997,2899
2022-03-13,San Benito,069,59416,12840,12844,505,13349,95
2022-03-13,San Bernardino,071,2135413,572420,559450,24765,584215,6767
2022-03-13,San Diego,073,3302833,747440,745515,52311,797826,5108
2022-03-13,San Francisco,075,870044,122983,123622,8113,131735,824
2022-03-13,San Joaquin,077,732212,165813,165641,9819,175460,2142
2022-03-13,San Luis Obispo,079,281455,52179,52040,3707,55747,458
2022-03-13,San Mateo,081,765935,120610,119521,6854,126375,649
2022-03-13,Santa Barbara,083,443738,85342,85453,4662,90115,667
2022-03-13,Santa Clara,085,1922200,308321,309493,12182,321675,2225
2022-03-13,Santa Cruz,087,273765,47354,47087,2063,49150,255
2022-03-13,Shasta,089,179085,30440,30457,6063,36520,520
2022-03-13,Sierra,091,2930,271,273,48,321,4
2022-03-13,Siskiyou,093,43540,4429,4418,2711,7129,76
2022-03-13,Solano,095,438530,81042,81217,5521,86738,440
2022-03-13,Sonoma,097,501317,82906,82711,2558,85269,473
2022-03-13,Stanislaus,099,539301,117120,118075,17747,135822,1567
2022-03-13,Sutter,101,95872,20397,20474,2030,22504,217
2022-03-13,Tehama,103,63373,11998,11997,2572,14569,160
2022-03-13,Trinity,105,12862,1182,1172,287,1459,20
2022-03-13,Tulare,107,460477,106051,104119,27427,131546,1365
2022-03-13,Tuolumne,109,53932,12633,12565,556,13121,180
2022-03-13,Ventura,111,848112,172380,172080,9329,181409,1442
2022-03-13,Yolo,113,214977,36777,36019,3011,39030,308
2022-03-13,Yuba,115,75493,15755,15741,1176,16917,116
2022-03-12,Alameda,001,1643700,254035,253079,13477,266556,1783
2022-03-12,Alpine,003,1148,122,122,1,123,0
2022-03-12,Amador,005,37829,8480,8427,638,9065,84
2022-03-12,Butte,007,227075,32960,32774,6896,39670,380
2022-03-12,Calaveras,009,45235,7224,7253,343,7596,118
2022-03-12,Colusa,011,21464,3432,3440,1045,4485,21
2022-03-12,Contra Costa,013,1133247,189465,186618,13076,199694,1256
2022-03-12,Del Norte,015,27424,5764,5791,178,5969,48
2022-03-12,El Dorado,017,186661,26616,26538,3193,29731,199
2022-03-12,Fresno,019,978130,230589,228041,23527,251568,2653
2022-03-12,Glenn,021,27897,4966,4955,1594,6549,44
2022-03-12,Humboldt,023,135768,16802,16862,2920,19782,137
2022-03-12,Imperial,025,180216,55204,54837,10496,65333,896
2022-03-12,Inyo,027,18085,4062,4056,466,4522,56
2022-03-12,Kern,029,883053,191297,190330,45592,235922,2162
2022-03-12,Kings,031,150075,51292,51145,3489,54634,436
2022-03-12,Lake,033,64148,10654,10594,877,11471,131
2022-03-12,Lassen,035,31185,8939,8915,872,9787,62
2022-03-12,Los Angeles,037,10098052,2699563,2678858,122389,2801247,30901
2022-03-12,Madera,039,155013,37148,37223,5998,43221,354
2022-03-12,Marin,041,260295,33147,33015,2164,35179,272
2022-03-12,Mariposa,043,17540,2382,2372,196,2568,6
2022-03-12,Mendocino,045,87422,12983,12965,2980,15945,117
2022-03-12,Merced,047,269075,62058,61840,8566,70406,795
2022-03-12,Modoc,049,8938,730,730,249,979,7
2022-03-12,Mono,051,14174,2962,2960,119,3079,5
2022-03-12,Monterey,053,433212,78955,78285,13416,91701,716
2022-03-12,Napa,055,140530,25639,25584,935,26519,138
2022-03-12,Nevada,057,99092,15878,15947,1185,17132,123
2022-03-12,Orange,059,3164182,544300,542354,40850,583204,6718
2022-03-12,Placer,061,380077,62444,62282,7292,69574,598
2022-03-12,Plumas,063,18699,2962,2707,358,3065,13
2022-03-12,Riverside,065,2383286,589477,588022,27592,615614,6317
2022-03-12,Sacramento,067,1510023,279476,274519,26278,300797,2886
2022-03-12,San Benito,069,59416,12837,12868,505,13373,95
2022-03-12,San Bernardino,071,2135413,572376,559013,24764,583777,6734
2022-03-12,San Diego,073,3302833,747318,744386,52289,796675,5090
2022-03-12,San Francisco,075,870044,122918,123610,8107,131717,823
2022-03-12,San Joaquin,077,732212,165796,165516,9816,175332,2117
2022-03-12,San Luis Obispo,079,281455,52170,51947,3704,55651,457
2022-03-12,San Mateo,081,765935,120574,119288,6853,126141,641
2022-03-12,Santa Barbara,083,443738,85323,85421,4662,90083,664
2022-03-12,Santa Clara,085,1922200,308223,308989,12177,321166,2208
2022-03-12,Santa Cruz,087,273765,47341,46982,2062,49044,254
2022-03-12,Shasta,089,179085,30428,30419,6061,36480,517
2022-03-12,Sierra,091,2930,271,273,48,321,4
2022-03-12,Siskiyou,093,43540,4429,4405,2711,7116,75
2022-03-12,Solano,095,438530,81028,81058,5521,86579,436
2022-03-12,Sonoma,097,501317,82889,82622,2556,85178,473
2022-03-12,Stanislaus,099,539301,117106,117884,17746,135630,1564
2022-03-12,Sutter,101,95872,20396,20429,2030,22459,217
2022-03-12,Tehama,103,63373,11998,11983,2572,14555,159
2022-03-12,Trinity,105,12862,1181,1172,287,1459,20
2022-03-12,Tulare,107,460477,106046,103994,27423,131417,1358
2022-03-12,Tuolumne,109,53932,12632,12476,556,13032,180
2022-03-12,Ventura,111,848112,172355,171932,9328,181260,1442
2022-03-12,Yolo,113,214977,36770,35982,3009,38991,308
2022-03-12,Yuba,115,75493,15755,15722,1176,16898,116
2022-03-11,Alameda,001,1643700,253970,253079,13477,266556,1783
2022-03-11,Alpine,003,1148,122,122,1,123,0
2022-03-11,Amador,005,37829,8478,8427,638,9065,84
2022-03-11,Butte,007,227075,32956,32774,6895,39669,380
2022-03-11,Calaveras,009,45235,7224,7253,343,7596,118
2022-03-11,Colusa,011,21464,3432,3440,1045,4485,21
2022-03-11,Contra Costa,013,1133247,189417,186618,13074,199692,1256
2022-03-11,Del Norte,015,27424,5760,5791,178,5969,48
2022-03-11,El Dorado,017,186661,26612,26538,3193,29731,199
2022-03-11,Fresno,019,978130,230534,228041,23523,251564,2653
2022-03-11,Glenn,021,27897,4966,4955,1594,6549,44
2022-03-11,Humboldt,023,135768,16797,16862,2919,19781,137
2022-03-11,Imperial,025,180216,55198,54837,10495,65332,896
2022-03-11,Inyo,027,18085,4062,4056,466,4522,56
2022-03-11,Kern,029,883053,191276,190330,45587,235917,2162
2022-03-11,Kings,031,150075,51272,51145,3489,54634,436
2022-03-11,Lake,033,64148,10650,10594,877,11471,131
2022-03-11,Lassen,035,31185,8938,8915,872,9787,62
2022-03-11,Los Angeles,037,10098052,2699240,2678858,122364,2801222,30901
2022-03-11,Madera,039,155013,37143,37223,5998,43221,354
2022-03-11,Marin,041,260295,33131,33015,2163,35178,272
2022-03-11,Mariposa,043,17540,2381,2372,196,2568,6
2022-03-11,Mendocino,045,87422,12977,12965,2980,15945,117
2022-03-11,Merced,047,269075,62048,61840,8564,70404,795
2022-03-11,Modoc,049,8938,730,730,249,979,7
2022-03-11,Mono,051,14174,2961,2960,119,3079,5
2022-03-11,Monterey,053,433212,78942,78285,13409,91694,716
2022-03-11,Napa,055,140530,25628,25584,935,26519,138
2022-03-11,Nevada,057,99092,15875,15947,1185,17132,123
2022-03-11,Orange,059,3164182,544231,542354,40836,583190,6718
2022-03-11,Placer,061,380077,62433,62282,7291,69573,598
2022-03-11,Plumas,063,18699,2960,2707,358,3065,13
2022-03-11,Riverside,065,2383286,589400,588022,27588,615610,6317
2022-03-11,Sacramento,067,1510023,279408,274519,26275,300794,2886
2022-03-11,San Benito,069,59416,12836,12868,505,13373,95
2022-03-11,San Bernardino,071,2135413,572319,559013,24759,583772,6734
2022-03-11,San Diego,073,3302833,747152,744386,52275,796661,5090
2022-03-11,San Francisco,075,870044,122867,123610,8103,131713,823
2022-03-11,San Joaquin,077,732212,165762,165516,9813,175329,2117
2022-03-11,San Luis Obispo,079,281455,52162,51947,3703,55650,457
2022-03-11,San Mateo,081,765935,120525,119288,6850,126138,641
2022-03-11,Santa Barbara,083,443738,85303,85421,4661,90082,664
2022-03-11,Santa Clara,085,1922200,308123,308989,12174,321163,2208
2022-03-11,Santa Cruz,087,273765,47326,46982,2062,49044,254
2022-03-11,Shasta,089,179085,30423,30419,6058,36477,517
2022-03-11,Sierra,091,2930,271,273,48,321,4
2022-03-11,Siskiyou,093,43540,4427,4405,2709,7114,75
2022-03-11,Solano,095,438530,81014,81058,5520,86578,436
2022-03-11,Sonoma,097,501317,82864,82622,2554,85176,473
2022-03-11,Stanislaus,099,539301,117092,117884,17744,135628,1564
2022-03-11,Sutter,101,95872,20394,20429,2030,22459,217
2022-03-11,Tehama,103,63373,11996,11983,2572,14555,159
2022-03-11,Trinity,105,12862,1181,1172,287,1459,20
2022-03-11,Tulare,107,460477,106032,103994,27417,131411,1358
2022-03-11,Tuolumne,109,53932,12630,12476,556,13032,180
2022-03-11,Ventura,111,848112,172319,171932,9323,181255,1442
2022-03-11,Yolo,113,214977,36759,35982,3009,38991,308
2022-03-11,Yuba,115,75493,15752,15722,1176,16898,116
2022-03-10,Alameda,001,1643700,253859,253079,13471,266550,1783
2022-03-10,Alpine,003,1148,122,122,1,123,0
2022-03-10,Amador,005,37829,8477,8427,638,9065,84
2022-03-10,Butte,007,227075,32942,32774,6893,39667,380
2022-03-10,Calaveras,009,45235,7223,7253,342,7595,118
2022-03-10,Colusa,011,21464,3432,3440,1045,4485,21
2022-03-10,Contra Costa,013,1133247,189333,186618,13064,199682,1256
2022-03-10,Del Norte,015,27424,5751,5791,178,5969,48
2022-03-10,El Dorado,017,186661,26600,26538,3192,29730,199
2022-03-10,Fresno,019,978130,230460,228041,23513,251554,2653
2022-03-10,Glenn,021,27897,4964,4955,1594,6549,44
2022-03-10,Humboldt,023,135768,16787,16862,2918,19780,137
2022-03-10,Imperial,025,180216,55188,54837,10494,65331,896
2022-03-10,Inyo,027,18085,4061,4056,466,4522,56
2022-03-10,Kern,029,883053,191243,190330,45573,235903,2162
2022-03-10,Kings,031,150075,51243,51145,3488,54633,436
2022-03-10,Lake,033,64148,10640,10594,876,11470,131
2022-03-10,Lassen,035,31185,8938,8915,872,9787,62
2022-03-10,Los Angeles,037,10098052,2698685,2678858,122325,2801183,30901
2022-03-10,Madera,039,155013,37137,37223,5991,43214,354
2022-03-10,Marin,041,260295,33118,33015,2159,35174,272
2022-03-10,Mariposa,043,17540,2381,2372,196,2568,6
2022-03-10,Mendocino,045,87422,12974,12965,2980,15945,117
2022-03-10,Merced,047,269075,62032,61840,8559,70399,795
2022-03-10,Modoc,049,8938,729,730,249,979,7
2022-03-10,Mono,051,14174,2961,2960,119,3079,5
2022-03-10,Monterey,053,433212,78919,78285,13384,91669,716
2022-03-10,Napa,055,140530,25619,25584,934,26518,138
2022-03-10,Nevada,057,99092,15868,15947,1185,17132,123
2022-03-10,Orange,059,3164182,544109,542354,40819,583173,6718
2022-03-10,Placer,061,380077,62411,62282,7286,69568,598
2022-03-10,Plumas,063,18699,2959,2707,358,3065,13
2022-03-10,Riverside,065,2383286,589285,588022,27583,615605,6317
2022-03-10,Sacramento,067,1510023,279331,274519,26269,300788,2886
2022-03-10,San Benito,069,59416,12835,12868,504,13372,95
2022-03-10,San Bernardino,071,2135413,572245,559013,24755,583768,6734
2022-03-10,San Diego,073,3302833,746894,744386,52244,796630,5090
2022-03-10,San Francisco,075,870044,122799,123610,8097,131707,823
2022-03-10,San Joaquin,077,732212,165731,165516,9811,175327,2117
2022-03-10,San Luis Obispo,079,281455,52139,51947,3700,55647,457
2022-03-10,San Mateo,081,765935,120462,119288,6848,126136,641
2022-03-10,Santa Barbara,083,443738,85271,85421,4660,90081,664
2022-03-10,Santa Clara,085,1922200,307997,308989,12166,321155,2208
2022-03-10,Santa Cruz,087,273765,47294,46982,2062,49044,254
2022-03-10,Shasta,089,179085,30414,30419,6056,36475,517
2022-03-10,Sierra,091,2930,271,273,48,321,4
2022-03-10,Siskiyou,093,43540,4427,4405,2709,7114,75
2022-03-10,Solano,095,438530,80978,81058,5515,86573,436
2022-03-10,Sonoma,097,501317,82837,82622,2554,85176,473
2022-03-10,Stanislaus,099,539301,117057,117884,17742,135626,1564
2022-03-10,Sutter,101,95872,20390,20429,2030,22459,217
2022-03-10,Tehama,103,63373,11995,11983,2572,14555,159
2022-03-10,Trinity,105,12862,1181,1172,287,1459,20
2022-03-10,Tulare,107,460477,106014,103994,27411,131405,1358
2022-03-10,Tuolumne,109,53932,12627,12476,556,13032,180
2022-03-10,Ventura,111,848112,172278,171932,9320,181252,1442
2022-03-10,Yolo,113,214977,36746,35982,3008,38990,308
2022-03-10,Yuba,115,75493,15742,15722,1175,16897,116
2022-03-09,Alameda,001,1643700,253736,252893,13466,266359,1781
2022-03-09,Alpine,003,1148,122,125,1,126,0
2022-03-09,Amador,005,37829,8471,8409,638,9047,84
2022-03-09,Butte,007,227075,32933,32767,6889,39656,380
2022-03-09,Calaveras,009,45235,7221,7249,342,7591,117
2022-03-09,Colusa,011,21464,3431,3439,1045,4484,21
2022-03-09,Contra Costa,013,1133247,189239,186483,13049,199532,1256
2022-03-09,Del Norte,015,27424,5747,5765,178,5943,48
2022-03-09,El Dorado,017,186661,26595,26515,3192,29707,198
2022-03-09,Fresno,019,978130,230362,227885,23506,251391,2653
2022-03-09,Glenn,021,27897,4962,4953,1593,6546,44
2022-03-09,Humboldt,023,135768,16782,16854,2915,19769,137
2022-03-09,Imperial,025,180216,55183,54764,10492,65256,894
2022-03-09,Inyo,027,18085,4061,4056,466,4522,56
2022-03-09,Kern,029,883053,191195,190254,45561,235815,2159
2022-03-09,Kings,031,150075,51222,51122,3488,54610,435
2022-03-09,Lake,033,64148,10633,10586,876,11462,130
2022-03-09,Lassen,035,31185,8938,8901,872,9773,62
2022-03-09,Los Angeles,037,10098052,2698037,2677901,122286,2800187,30842
2022-03-09,Madera,039,155013,37130,37207,5990,43197,354
2022-03-09,Marin,041,260295,33100,32967,2159,35126,272
2022-03-09,Mariposa,043,17540,2378,2372,196,2568,6
2022-03-09,Mendocino,045,87422,12970,12957,2975,15932,117
2022-03-09,Merced,047,269075,62017,61792,8553,70345,792
2022-03-09,Modoc,049,8938,728,730,248,978,7
2022-03-09,Mono,051,14174,2961,2962,119,3081,5
2022-03-09,Monterey,053,433212,78897,78258,13341,91599,716
2022-03-09,Napa,055,140530,25598,25561,933,26494,138
2022-03-09,Nevada,057,99092,15859,15938,1184,17122,123
2022-03-09,Orange,059,3164182,543979,542278,40807,583085,6700
2022-03-09,Placer,061,380077,62390,62242,7282,69524,598
2022-03-09,Plumas,063,18699,2958,2708,358,3066,13
2022-03-09,Riverside,065,2383286,589189,587833,27573,615406,6305
2022-03-09,Sacramento,067,1510023,279246,274373,26253,300626,2877
2022-03-09,San Benito,069,59416,12832,12864,504,13368,95
2022-03-09,San Bernardino,071,2135413,572152,558795,24744,583539,6723
2022-03-09,San Diego,073,3302833,746623,743956,52217,796173,5083
2022-03-09,San Francisco,075,870044,122709,123676,8093,131769,812
2022-03-09,San Joaquin,077,732212,165691,165444,9805,175249,2113
2022-03-09,San Luis Obispo,079,281455,52120,51923,3698,55621,457
2022-03-09,San Mateo,081,765935,120404,119194,6836,126030,639
2022-03-09,Santa Barbara,083,443738,85257,85382,4658,90040,661
2022-03-09,Santa Clara,085,1922200,307860,308765,12156,320921,2206
2022-03-09,Santa Cruz,087,273765,47254,46917,2061,48978,254
2022-03-09,Shasta,089,179085,30392,30407,6055,36462,493
2022-03-09,Sierra,091,2930,271,273,48,321,4
2022-03-09,Siskiyou,093,43540,4425,4403,2708,7111,75
2022-03-09,Solano,095,438530,80942,80984,5514,86498,436
2022-03-09,Sonoma,097,501317,82804,82574,2552,85126,473
2022-03-09,Stanislaus,099,539301,117020,117827,17737,135564,1541
2022-03-09,Sutter,101,95872,20379,20409,2026,22435,217
2022-03-09,Tehama,103,63373,11991,11980,2572,14552,159
2022-03-09,Trinity,105,12862,1181,1174,287,1461,20
2022-03-09,Tulare,107,460477,105986,103932,27398,131330,1350
2022-03-09,Tuolumne,109,53932,12625,12444,556,13000,180
2022-03-09,Ventura,111,848112,172228,171852,9317,181169,1448
2022-03-09,Yolo,113,214977,36726,35973,2996,38969,308
2022-03-09,Yuba,115,75493,15737,15714,1174,16888,115
2022-03-08,Alameda,001,1643700,253582,252744,13454,266198,1769
2022-03-08,Alpine,003,1148,122,125,1,126,0
2022-03-08,Amador,005,37829,8457,8407,638,9045,84
2022-03-08,Butte,007,227075,32920,32759,6885,39644,380
2022-03-08,Calaveras,009,45235,7217,7245,342,7587,117
2022-03-08,Colusa,011,21464,3428,3439,1044,4483,21
2022-03-08,Contra Costa,013,1133247,189152,186396,13036,199432,1256
2022-03-08,Del Norte,015,27424,5742,5763,178,5941,48
2022-03-08,El Dorado,017,186661,26585,26503,3186,29689,197
2022-03-08,Fresno,019,978130,230265,227808,23497,251305,2653
2022-03-08,Glenn,021,27897,4961,4944,1592,6536,43
2022-03-08,Humboldt,023,135768,16770,16837,2902,19739,137
2022-03-08,Imperial,025,180216,55168,54721,10490,65211,890
2022-03-08,Inyo,027,18085,4058,4056,466,4522,56
2022-03-08,Kern,029,883053,191131,190208,45547,235755,2154
2022-03-08,Kings,031,150075,51180,51089,3486,54575,434
2022-03-08,Lake,033,64148,10623,10571,876,11447,130
2022-03-08,Lassen,035,31185,8937,8897,872,9769,62
2022-03-08,Los Angeles,037,10098052,2697344,2677166,122248,2799414,30803
2022-03-08,Madera,039,155013,37120,37185,5989,43174,354
2022-03-08,Marin,041,260295,33063,32943,2158,35101,272
2022-03-08,Mariposa,043,17540,2376,2371,196,2567,6
2022-03-08,Mendocino,045,87422,12966,12950,2974,15924,117
2022-03-08,Merced,047,269075,61998,61767,8543,70310,791
2022-03-08,Modoc,049,8938,727,729,248,977,7
2022-03-08,Mono,051,14174,2960,2961,119,3080,5
2022-03-08,Monterey,053,433212,78877,78247,13304,91551,711
2022-03-08,Napa,055,140530,25572,25528,932,26460,137
2022-03-08,Nevada,057,99092,15848,15939,1183,17122,122
2022-03-08,Orange,059,3164182,543834,542164,40787,582951,6692
2022-03-08,Placer,061,380077,62363,62221,7281,69502,594
2022-03-08,Plumas,063,18699,2958,2703,358,3061,13
2022-03-08,Riverside,065,2383286,589081,587686,27566,615252,6294
2022-03-08,Sacramento,067,1510023,279152,274276,26234,300510,2872
2022-03-08,San Benito,069,59416,12830,12855,504,13359,94
2022-03-08,San Bernardino,071,2135413,572059,558512,24735,583247,6715
2022-03-08,San Diego,073,3302833,746279,743604,52200,795804,5077
2022-03-08,San Francisco,075,870044,122620,123675,8088,131763,807
2022-03-08,San Joaquin,077,732212,165656,165381,9801,175182,2104
2022-03-08,San Luis Obispo,079,281455,52092,51900,3695,55595,451
2022-03-08,San Mateo,081,765935,120323,119103,6826,125929,638
2022-03-08,Santa Barbara,083,443738,85225,85363,4658,90021,659
2022-03-08,Santa Clara,085,1922200,307651,308528,12148,320676,2206
2022-03-08,Santa Cruz,087,273765,47217,46875,2060,48935,254
2022-03-08,Shasta,089,179085,30373,30372,6052,36424,493
2022-03-08,Sierra,091,2930,271,273,48,321,4
2022-03-08,Siskiyou,093,43540,4421,4404,2708,7112,74
2022-03-08,Solano,095,438530,80914,80924,5511,86435,434
2022-03-08,Sonoma,097,501317,82756,82571,2551,85122,473
2022-03-08,Stanislaus,099,539301,116976,117782,17728,135510,1541
2022-03-08,Sutter,101,95872,20371,20403,2026,22429,217
2022-03-08,Tehama,103,63373,11987,11972,2571,14543,158
2022-03-08,Trinity,105,12862,1181,1174,287,1461,20
2022-03-08,Tulare,107,460477,105947,103893,27387,131280,1334
2022-03-08,Tuolumne,109,53932,12620,12427,554,12981,180
2022-03-08,Ventura,111,848112,172164,171806,9310,181116,1447
2022-03-08,Yolo,113,214977,36700,35946,2995,38941,306
2022-03-08,Yuba,115,75493,15732,15705,1173,16878,115
2022-03-07,Alameda,001,1643700,253379,252578,13439,266017,1766
2022-03-07,Alpine,003,1148,122,125,1,126,0
2022-03-07,Amador,005,37829,8454,8368,638,9006,84
2022-03-07,Butte,007,227075,32905,32734,6881,39615,378
2022-03-07,Calaveras,009,45235,7213,7242,342,7584,116
2022-03-07,Colusa,011,21464,3426,3437,1044,4481,21
2022-03-07,Contra Costa,013,1133247,189052,186087,13015,199102,1256
2022-03-07,Del Norte,015,27424,5738,5758,178,5936,48
2022-03-07,El Dorado,017,186661,26579,26487,3185,29672,196
2022-03-07,Fresno,019,978130,230175,227670,23474,251144,2653
2022-03-07,Glenn,021,27897,4955,4939,1592,6531,43
2022-03-07,Humboldt,023,135768,16756,16829,2897,19726,137
2022-03-07,Imperial,025,180216,55146,54712,10485,65197,890
2022-03-07,Inyo,027,18085,4056,4054,466,4520,56
2022-03-07,Kern,029,883053,191068,190163,45524,235687,2152
2022-03-07,Kings,031,150075,51150,51065,3481,54546,433
2022-03-07,Lake,033,64148,10611,10562,875,11437,130
2022-03-07,Lassen,035,31185,8936,8896,872,9768,62
2022-03-07,Los Angeles,037,10098052,2696534,2675497,122209,2797706,30759
2022-03-07,Madera,039,155013,37110,37164,5987,43151,354
2022-03-07,Marin,041,260295,33026,32919,2155,35074,272
2022-03-07,Mariposa,043,17540,2375,2369,196,2565,6
2022-03-07,Mendocino,045,87422,12959,12940,2973,15913,117
2022-03-07,Merced,047,269075,61958,61751,8536,70287,791
2022-03-07,Modoc,049,8938,727,729,248,977,7
2022-03-07,Mono,051,14174,2960,2960,119,3079,5
2022-03-07,Monterey,053,433212,78843,78161,13256,91417,706
2022-03-07,Napa,055,140530,25542,25500,932,26432,136
2022-03-07,Nevada,057,99092,15841,15935,1177,17112,122
2022-03-07,Orange,059,3164182,543663,542028,40761,582789,6687
2022-03-07,Placer,061,380077,62334,62215,7280,69495,591
2022-03-07,Plumas,063,18699,2958,2702,358,3060,13
2022-03-07,Riverside,065,2383286,588954,587537,27558,615095,6279
2022-03-07,Sacramento,067,1510023,279051,274079,26221,300300,2866
2022-03-07,San Benito,069,59416,12824,12843,504,13347,94
2022-03-07,San Bernardino,071,2135413,571954,558265,24725,582990,6703
2022-03-07,San Diego,073,3302833,745937,742287,52157,794444,5068
2022-03-07,San Francisco,075,870044,122507,123655,8082,131737,807
2022-03-07,San Joaquin,077,732212,165606,165343,9794,175137,2091
2022-03-07,San Luis Obispo,079,281455,52048,51874,3692,55566,448
2022-03-07,San Mateo,081,765935,120248,119035,6819,125854,630
2022-03-07,Santa Barbara,083,443738,85187,85345,4657,90002,659
2022-03-07,Santa Clara,085,1922200,307464,308517,12142,320659,2202
2022-03-07,Santa Cruz,087,273765,47167,46823,2059,48882,254
2022-03-07,Shasta,089,179085,30360,30352,6049,36401,493
2022-03-07,Sierra,091,2930,271,273,48,321,4
2022-03-07,Siskiyou,093,43540,4417,4398,2707,7105,74
2022-03-07,Solano,095,438530,80857,80886,5509,86395,435
2022-03-07,Sonoma,097,501317,82713,82530,2550,85080,473
2022-03-07,Stanislaus,099,539301,116937,117713,17721,135434,1537
2022-03-07,Sutter,101,95872,20360,20400,2025,22425,217
2022-03-07,Tehama,103,63373,11981,11966,2570,14536,158
2022-03-07,Trinity,105,12862,1179,1173,287,1460,20
2022-03-07,Tulare,107,460477,105911,103834,27377,131211,1316
2022-03-07,Tuolumne,109,53932,12614,12408,553,12961,179
2022-03-07,Ventura,111,848112,172113,171886,9308,181194,1436
2022-03-07,Yolo,113,214977,36677,35934,2989,38923,306
2022-03-07,Yuba,115,75493,15725,15701,1172,16873,115
2022-03-06,Alameda,001,1643700,253192,252460,13430,265890,1766
2022-03-06,Alpine,003,1148,122,125,1,126,0
2022-03-06,Amador,005,37829,8451,8367,636,9003,84
2022-03-06,Butte,007,227075,32893,32714,6876,39590,376
2022-03-06,Calaveras,009,45235,7211,7236,341,7577,116
2022-03-06,Colusa,011,21464,3426,3435,1043,4478,21
2022-03-06,Contra Costa,013,1133247,188938,185974,12990,198964,1256
2022-03-06,Del Norte,015,27424,5722,5744,177,5921,48
2022-03-06,El Dorado,017,186661,26570,26478,3183,29661,196
2022-03-06,Fresno,019,978130,230033,227514,23464,250978,2653
2022-03-06,Glenn,021,27897,4951,4939,1592,6531,43
2022-03-06,Humboldt,023,135768,16746,16813,2894,19707,137
2022-03-06,Imperial,025,180216,55128,54719,10475,65194,890
2022-03-06,Inyo,027,18085,4054,4053,466,4519,56
2022-03-06,Kern,029,883053,191013,190088,45504,235592,2152
2022-03-06,Kings,031,150075,51080,51050,3479,54529,432
2022-03-06,Lake,033,64148,10597,10539,874,11413,130
2022-03-06,Lassen,035,31185,8923,8887,871,9758,62
2022-03-06,Los Angeles,037,10098052,2695602,2675456,122152,2797608,30759
2022-03-06,Madera,039,155013,37080,37135,5980,43115,354
2022-03-06,Marin,041,260295,33000,32879,2154,35033,272
2022-03-06,Mariposa,043,17540,2374,2365,195,2560,6
2022-03-06,Mendocino,045,87422,12947,12923,2969,15892,116
2022-03-06,Merced,047,269075,61926,61722,8519,70241,791
2022-03-06,Modoc,049,8938,727,729,248,977,7
2022-03-06,Mono,051,14174,2960,2959,119,3078,5
2022-03-06,Monterey,053,433212,78797,78154,13225,91379,706
2022-03-06,Napa,055,140530,25507,25457,930,26387,136
2022-03-06,Nevada,057,99092,15830,15924,1176,17100,122
2022-03-06,Orange,059,3164182,543506,541903,40715,582618,6688
2022-03-06,Placer,061,380077,62301,62185,7276,69461,591
2022-03-06,Plumas,063,18699,2953,2704,358,3062,13
2022-03-06,Riverside,065,2383286,588792,587388,27538,614926,6279
2022-03-06,Sacramento,067,1510023,278916,273935,26198,300133,2869
2022-03-06,San Benito,069,59416,12813,12835,503,13338,94
2022-03-06,San Bernardino,071,2135413,571832,558139,24713,582852,6701
2022-03-06,San Diego,073,3302833,745542,742287,52108,794395,5068
2022-03-06,San Francisco,075,870044,122374,123742,8079,131821,806
2022-03-06,San Joaquin,077,732212,165524,165252,9788,175040,2091
2022-03-06,San Luis Obispo,079,281455,52010,51828,3690,55518,448
2022-03-06,San Mateo,081,765935,120165,118916,6810,125726,630
2022-03-06,Santa Barbara,083,443738,85146,85317,4652,89969,659
2022-03-06,Santa Clara,085,1922200,307206,308250,12140,320390,2201
2022-03-06,Santa Cruz,087,273765,47116,46755,2058,48813,254
2022-03-06,Shasta,089,179085,30337,30332,6033,36365,493
2022-03-06,Sierra,091,2930,271,273,48,321,4
2022-03-06,Siskiyou,093,43540,4413,4398,2705,7103,74
2022-03-06,Solano,095,438530,80800,80833,5503,86336,435
2022-03-06,Sonoma,097,501317,82678,82458,2546,85004,473
2022-03-06,Stanislaus,099,539301,116891,117680,17709,135389,1536
2022-03-06,Sutter,101,95872,20349,20390,2021,22411,217
2022-03-06,Tehama,103,63373,11973,11963,2570,14533,158
2022-03-06,Trinity,105,12862,1179,1172,286,1458,20
2022-03-06,Tulare,107,460477,105855,103794,27365,131159,1316
2022-03-06,Tuolumne,109,53932,12608,12379,551,12930,179
2022-03-06,Ventura,111,848112,172044,171819,9306,181125,1436
2022-03-06,Yolo,113,214977,36651,35882,2986,38868,306
2022-03-06,Yuba,115,75493,15721,15694,1171,16865,115
2022-03-05,Alameda,001,1643700,253076,251988,13425,265413,1760
2022-03-05,Alpine,003,1148,122,125,1,126,0
2022-03-05,Amador,005,37829,8448,8344,636,8980,83
2022-03-05,Butte,007,227075,32885,32663,6872,39535,372
2022-03-05,Calaveras,009,45235,7208,7236,341,7577,116
2022-03-05,Colusa,011,21464,3426,3433,1043,4476,21
2022-03-05,Contra Costa,013,1133247,188875,185734,12985,198719,1235
2022-03-05,Del Norte,015,27424,5719,5725,177,5902,48
2022-03-05,El Dorado,017,186661,26564,26446,3180,29626,193
2022-03-05,Fresno,019,978130,229981,227154,23463,250617,2640
2022-03-05,Glenn,021,27897,4949,4927,1592,6519,43
2022-03-05,Humboldt,023,135768,16740,16781,2892,19673,136
2022-03-05,Imperial,025,180216,55118,54650,10473,65123,880
2022-03-05,Inyo,027,18085,4053,4043,465,4508,56
2022-03-05,Kern,029,883053,190980,189817,45486,235303,2141
2022-03-05,Kings,031,150075,51073,50926,3478,54404,431
2022-03-05,Lake,033,64148,10589,10512,873,11385,130
2022-03-05,Lassen,035,31185,8915,8818,871,9689,62
2022-03-05,Los Angeles,037,10098052,2695242,2671564,122115,2793679,30608
2022-03-05,Madera,039,155013,37065,37100,5980,43080,354
2022-03-05,Marin,041,260295,32988,32829,2154,34983,272
2022-03-05,Mariposa,043,17540,2374,2363,195,2558,6
2022-03-05,Mendocino,045,87422,12944,12845,2969,15814,113
2022-03-05,Merced,047,269075,61916,61653,8519,70172,789
2022-03-05,Modoc,049,8938,727,729,248,977,7
2022-03-05,Mono,051,14174,2960,2961,119,3080,5
2022-03-05,Monterey,053,433212,78778,78028,13218,91246,704
2022-03-05,Napa,055,140530,25489,25405,930,26335,134
2022-03-05,Nevada,057,99092,15826,15907,1176,17083,122
2022-03-05,Orange,059,3164182,543381,541463,40704,582167,6638
2022-03-05,Placer,061,380077,62287,62117,7269,69386,591
2022-03-05,Plumas,063,18699,2952,2701,358,3059,13
2022-03-05,Riverside,065,2383286,588701,586785,27534,614319,6239
2022-03-05,Sacramento,067,1510023,278852,273487,26193,299680,2847
2022-03-05,San Benito,069,59416,12811,12820,503,13323,94
2022-03-05,San Bernardino,071,2135413,571774,557421,24707,582128,6641
2022-03-05,San Diego,073,3302833,745352,740747,52096,792843,5045
2022-03-05,San Francisco,075,870044,122305,123537,8076,131613,798
2022-03-05,San Joaquin,077,732212,165484,165085,9780,174865,2069
2022-03-05,San Luis Obispo,079,281455,52002,51739,3689,55428,446
2022-03-05,San Mateo,081,765935,120110,118646,6806,125452,621
2022-03-05,Santa Barbara,083,443738,85131,85249,4652,89901,655
2022-03-05,Santa Clara,085,1922200,307089,307689,12137,319826,2195
2022-03-05,Santa Cruz,087,273765,47096,46622,2058,48680,253
2022-03-05,Shasta,089,179085,30325,30282,6033,36315,492
2022-03-05,Sierra,091,2930,271,273,47,320,4
2022-03-05,Siskiyou,093,43540,4412,4389,2704,7093,74
2022-03-05,Solano,095,438530,80783,80690,5503,86193,435
2022-03-05,Sonoma,097,501317,82656,82313,2546,84859,473
2022-03-05,Stanislaus,099,539301,116865,117501,17707,135208,1531
2022-03-05,Sutter,101,95872,20341,20346,2021,22367,217
2022-03-05,Tehama,103,63373,11971,11939,2570,14509,158
2022-03-05,Trinity,105,12862,1179,1170,284,1454,20
2022-03-05,Tulare,107,460477,105841,103534,27356,130890,1305
2022-03-05,Tuolumne,109,53932,12604,12325,550,12875,178
2022-03-05,Ventura,111,848112,172003,171666,9304,180970,1436
2022-03-05,Yolo,113,214977,36637,35856,2986,38842,306
2022-03-05,Yuba,115,75493,15713,15666,1171,16837,115
2022-03-04,Alameda,001,1643700,252980,251988,13417,265405,1760
2022-03-04,Alpine,003,1148,122,125,1,126,0
2022-03-04,Amador,005,37829,8447,8344,636,8980,83
2022-03-04,Butte,007,227075,32879,32663,6867,39530,372
2022-03-04,Calaveras,009,45235,7207,7236,341,7577,116
2022-03-04,Colusa,011,21464,3424,3433,1043,4476,21
2022-03-04,Contra Costa,013,1133247,188807,185734,12982,198716,1235
2022-03-04,Del Norte,015,27424,5709,5725,177,5902,48
2022-03-04,El Dorado,017,186661,26560,26446,3180,29626,193
2022-03-04,Fresno,019,978130,229918,227154,23456,250610,2640
2022-03-04,Glenn,021,27897,4948,4927,1592,6519,43
2022-03-04,Humboldt,023,135768,16736,16781,2892,19673,136
2022-03-04,Imperial,025,180216,55111,54650,10469,65119,880
2022-03-04,Inyo,027,18085,4053,4043,465,4508,56
2022-03-04,Kern,029,883053,190938,189817,45476,235293,2141
2022-03-04,Kings,031,150075,51060,50926,3478,54404,431
2022-03-04,Lake,033,64148,10588,10512,873,11385,130
2022-03-04,Lassen,035,31185,8913,8818,871,9689,62
2022-03-04,Los Angeles,037,10098052,2694714,2671564,122086,2793650,30608
2022-03-04,Madera,039,155013,37056,37100,5980,43080,354
2022-03-04,Marin,041,260295,32966,32829,2152,34981,272
2022-03-04,Mariposa,043,17540,2369,2363,195,2558,6
2022-03-04,Mendocino,045,87422,12938,12845,2969,15814,113
2022-03-04,Merced,047,269075,61904,61653,8517,70170,789
2022-03-04,Modoc,049,8938,727,729,248,977,7
2022-03-04,Mono,051,14174,2960,2961,119,3080,5
2022-03-04,Monterey,053,433212,78758,78028,13212,91240,704
2022-03-04,Napa,055,140530,25474,25405,929,26334,134
2022-03-04,Nevada,057,99092,15821,15907,1176,17083,122
2022-03-04,Orange,059,3164182,543262,541463,40686,582149,6638
2022-03-04,Placer,061,380077,62275,62117,7266,69383,591
2022-03-04,Plumas,063,18699,2952,2701,357,3058,13
2022-03-04,Riverside,065,2383286,588614,586785,27533,614318,6239
2022-03-04,Sacramento,067,1510023,278779,273487,26190,299677,2847
2022-03-04,San Benito,069,59416,12807,12820,503,13323,94
2022-03-04,San Bernardino,071,2135413,571692,557421,24706,582127,6641
2022-03-04,San Diego,073,3302833,745114,740747,52079,792826,5045
2022-03-04,San Francisco,075,870044,122240,123537,8069,131606,798
2022-03-04,San Joaquin,077,732212,165452,165085,9779,174864,2069
2022-03-04,San Luis Obispo,079,281455,51993,51739,3688,55427,446
2022-03-04,San Mateo,081,765935,120052,118646,6804,125450,621
2022-03-04,Santa Barbara,083,443738,85108,85249,4652,89901,655
2022-03-04,Santa Clara,085,1922200,306939,307689,12134,319823,2195
2022-03-04,Santa Cruz,087,273765,47074,46622,2058,48680,253
2022-03-04,Shasta,089,179085,30317,30282,6030,36312,492
2022-03-04,Sierra,091,2930,271,273,47,320,4
2022-03-04,Siskiyou,093,43540,4410,4389,2700,7089,74
2022-03-04,Solano,095,438530,80750,80690,5500,86190,435
2022-03-04,Sonoma,097,501317,82625,82313,2545,84858,473
2022-03-04,Stanislaus,099,539301,116846,117501,17705,135206,1531
2022-03-04,Sutter,101,95872,20337,20346,2021,22367,217
2022-03-04,Tehama,103,63373,11968,11939,2570,14509,158
2022-03-04,Trinity,105,12862,1179,1170,284,1454,20
2022-03-04,Tulare,107,460477,105822,103534,27351,130885,1305
2022-03-04,Tuolumne,109,53932,12599,12325,550,12875,178
2022-03-04,Ventura,111,848112,171956,171666,9301,180967,1436
2022-03-04,Yolo,113,214977,36620,35856,2986,38842,306
2022-03-04,Yuba,115,75493,15708,15666,1170,16836,115
2022-03-03,Alameda,001,1643700,252861,251988,13405,265393,1760
2022-03-03,Alpine,003,1148,122,125,1,126,0
2022-03-03,Amador,005,37829,8446,8344,636,8980,83
2022-03-03,Butte,007,227075,32862,32663,6860,39523,372
2022-03-03,Calaveras,009,45235,7195,7236,341,7577,116
2022-03-03,Colusa,011,21464,3424,3433,1043,4476,21
2022-03-03,Contra Costa,013,1133247,188732,185734,12967,198701,1235
2022-03-03,Del Norte,015,27424,5702,5725,177,5902,48
2022-03-03,El Dorado,017,186661,26542,26446,3179,29625,193
2022-03-03,Fresno,019,978130,229791,227154,23448,250602,2640
2022-03-03,Glenn,021,27897,4946,4927,1591,6518,43
2022-03-03,Humboldt,023,135768,16721,16781,2891,19672,136
2022-03-03,Imperial,025,180216,55094,54650,10467,65117,880
2022-03-03,Inyo,027,18085,4052,4043,465,4508,56
2022-03-03,Kern,029,883053,190870,189817,45458,235275,2141
2022-03-03,Kings,031,150075,51037,50926,3476,54402,431
2022-03-03,Lake,033,64148,10583,10512,871,11383,130
2022-03-03,Lassen,035,31185,8905,8818,871,9689,62
2022-03-03,Los Angeles,037,10098052,2693987,2671564,122045,2793609,30608
2022-03-03,Madera,039,155013,37040,37100,5975,43075,354
2022-03-03,Marin,041,260295,32940,32829,2151,34980,272
2022-03-03,Mariposa,043,17540,2368,2363,195,2558,6
2022-03-03,Mendocino,045,87422,12927,12845,2967,15812,113
2022-03-03,Merced,047,269075,61885,61653,8511,70164,789
2022-03-03,Modoc,049,8938,727,729,248,977,7
2022-03-03,Mono,051,14174,2959,2961,119,3080,5
2022-03-03,Monterey,053,433212,78728,78028,13195,91223,704
2022-03-03,Napa,055,140530,25450,25405,928,26333,134
2022-03-03,Nevada,057,99092,15816,15907,1171,17078,122
2022-03-03,Orange,059,3164182,543086,541463,40660,582123,6638
2022-03-03,Placer,061,380077,62253,62117,7263,69380,591
2022-03-03,Plumas,063,18699,2951,2701,357,3058,13
2022-03-03,Riverside,065,2383286,588481,586785,27528,614313,6239
2022-03-03,Sacramento,067,1510023,278670,273487,26173,299660,2847
2022-03-03,San Benito,069,59416,12804,12820,503,13323,94
2022-03-03,San Bernardino,071,2135413,571590,557421,24700,582121,6641
2022-03-03,San Diego,073,3302833,744771,740747,52061,792808,5045
2022-03-03,San Francisco,075,870044,122166,123537,8058,131595,798
2022-03-03,San Joaquin,077,732212,165378,165085,9776,174861,2069
2022-03-03,San Luis Obispo,079,281455,51938,51739,3680,55419,446
2022-03-03,San Mateo,081,765935,119977,118646,6794,125440,621
2022-03-03,Santa Barbara,083,443738,85089,85249,4643,89892,655
2022-03-03,Santa Clara,085,1922200,306758,307689,12119,319808,2195
2022-03-03,Santa Cruz,087,273765,47023,46622,2056,48678,253
2022-03-03,Shasta,089,179085,30299,30282,6028,36310,492
2022-03-03,Sierra,091,2930,271,273,47,320,4
2022-03-03,Siskiyou,093,43540,4407,4389,2700,7089,74
2022-03-03,Solano,095,438530,80701,80690,5498,86188,435
2022-03-03,Sonoma,097,501317,82577,82313,2540,84853,473
2022-03-03,Stanislaus,099,539301,116813,117501,17697,135198,1531
2022-03-03,Sutter,101,95872,20329,20346,2021,22367,217
2022-03-03,Tehama,103,63373,11965,11939,2570,14509,158
2022-03-03,Trinity,105,12862,1178,1170,284,1454,20
2022-03-03,Tulare,107,460477,105779,103534,27343,130877,1305
2022-03-03,Tuolumne,109,53932,12588,12325,550,12875,178
2022-03-03,Ventura,111,848112,171904,171666,9299,180965,1436
2022-03-03,Yolo,113,214977,36595,35856,2981,38837,306
2022-03-03,Yuba,115,75493,15702,15666,1165,16831,115
2022-03-02,Alameda,001,1643700,252683,251886,13388,265274,1759
2022-03-02,Alpine,003,1148,122,125,1,126,0
2022-03-02,Amador,005,37829,8433,8341,636,8977,83
2022-03-02,Butte,007,227075,32850,32636,6856,39492,372
2022-03-02,Calaveras,009,45235,7194,7225,341,7566,116
2022-03-02,Colusa,011,21464,3421,3428,1043,4471,21
2022-03-02,Contra Costa,013,1133247,188639,185589,12949,198538,1236
2022-03-02,Del Norte,015,27424,5695,5708,175,5883,47
2022-03-02,El Dorado,017,186661,26531,26433,3176,29609,192
2022-03-02,Fresno,019,978130,229659,226932,23438,250370,2629
2022-03-02,Glenn,021,27897,4946,4922,1590,6512,43
2022-03-02,Humboldt,023,135768,16711,16747,2884,19631,135
2022-03-02,Imperial,025,180216,55068,54629,10462,65091,878
2022-03-02,Inyo,027,18085,4050,4041,464,4505,56
2022-03-02,Kern,029,883053,190804,189656,45439,235095,2136
2022-03-02,Kings,031,150075,51011,50819,3473,54292,431
2022-03-02,Lake,033,64148,10570,10495,869,11364,130
2022-03-02,Lassen,035,31185,8902,8811,870,9681,62
2022-03-02,Los Angeles,037,10098052,2693106,2670287,121999,2792286,30535
2022-03-02,Madera,039,155013,37023,37077,5973,43050,354
2022-03-02,Marin,041,260295,32922,32794,2150,34944,272
2022-03-02,Mariposa,043,17540,2368,2359,195,2554,6
2022-03-02,Mendocino,045,87422,12914,12832,2962,15794,112
2022-03-02,Merced,047,269075,61859,61606,8501,70107,785
2022-03-02,Modoc,049,8938,727,729,248,977,7
2022-03-02,Mono,051,14174,2959,2961,119,3080,5
2022-03-02,Monterey,053,433212,78691,77963,13172,91135,703
2022-03-02,Napa,055,140530,25401,25382,927,26309,134
2022-03-02,Nevada,057,99092,15805,15920,1170,17090,122
2022-03-02,Orange,059,3164182,542882,541230,40634,581864,6623
2022-03-02,Placer,061,380077,62231,62066,7260,69326,589
2022-03-02,Plumas,063,18699,2951,2700,357,3057,13
2022-03-02,Riverside,065,2383286,588331,586513,27518,614031,6229
2022-03-02,Sacramento,067,1510023,278552,273291,26162,299453,2837
2022-03-02,San Benito,069,59416,12793,12814,503,13317,94
2022-03-02,San Bernardino,071,2135413,571481,557082,24694,581776,6619
2022-03-02,San Diego,073,3302833,744410,739803,52013,791816,5034
2022-03-02,San Francisco,075,870044,122071,123442,8056,131498,792
2022-03-02,San Joaquin,077,732212,165320,164968,9771,174739,2063
2022-03-02,San Luis Obispo,079,281455,51900,51686,3675,55361,446
2022-03-02,San Mateo,081,765935,119890,118518,6778,125296,617
2022-03-02,Santa Barbara,083,443738,85064,85183,4642,89825,655
2022-03-02,Santa Clara,085,1922200,306545,307354,12105,319459,2184
2022-03-02,Santa Cruz,087,273765,46952,46534,2055,48589,253
2022-03-02,Shasta,089,179085,30274,30253,6018,36271,490
2022-03-02,Sierra,091,2930,271,273,47,320,4
2022-03-02,Siskiyou,093,43540,4405,4384,2697,7081,74
2022-03-02,Solano,095,438530,80635,80626,5495,86121,433
2022-03-02,Sonoma,097,501317,82531,82208,2536,84744,473
2022-03-02,Stanislaus,099,539301,116777,117411,17672,135083,1519
2022-03-02,Sutter,101,95872,20307,20317,2004,22321,216
2022-03-02,Tehama,103,63373,11960,11930,2569,14499,158
2022-03-02,Trinity,105,12862,1176,1160,284,1444,20
2022-03-02,Tulare,107,460477,105739,103451,27328,130779,1302
2022-03-02,Tuolumne,109,53932,12583,12297,550,12847,179
2022-03-02,Ventura,111,848112,171851,171770,9295,181065,1427
2022-03-02,Yolo,113,214977,36577,35799,2976,38775,305
2022-03-02,Yuba,115,75493,15689,15653,1160,16813,115
2022-03-01,Alameda,001,1643700,252518,251830,13377,265207,1749
2022-03-01,Alpine,003,1148,122,125,1,126,0
2022-03-01,Amador,005,37829,8385,8334,634,8968,83
2022-03-01,Butte,007,227075,32826,32575,6851,39426,372
2022-03-01,Calaveras,009,45235,7191,7223,340,7563,116
2022-03-01,Colusa,011,21464,3420,3423,1043,4466,21
2022-03-01,Contra Costa,013,1133247,188529,185378,12934,198312,1231
2022-03-01,Del Norte,015,27424,5692,5701,174,5875,45
2022-03-01,El Dorado,017,186661,26512,26413,3174,29587,192
2022-03-01,Fresno,019,978130,229519,226594,23424,250018,2628
2022-03-01,Glenn,021,27897,4945,4919,1588,6507,40
2022-03-01,Humboldt,023,135768,16690,16727,2877,19604,135
2022-03-01,Imperial,025,180216,55051,54570,10456,65026,875
2022-03-01,Inyo,027,18085,4046,4041,463,4504,56
2022-03-01,Kern,029,883053,190730,189365,45415,234780,2120
2022-03-01,Kings,031,150075,50989,50763,3469,54232,427
2022-03-01,Lake,033,64148,10559,10471,867,11338,128
2022-03-01,Lassen,035,31185,8898,8801,870,9671,61
2022-03-01,Los Angeles,037,10098052,2692154,2669489,121941,2791430,30486
2022-03-01,Madera,039,155013,37003,37046,5967,43013,354
2022-03-01,Marin,041,260295,32896,32764,2149,34913,272
2022-03-01,Mariposa,043,17540,2367,2357,194,2551,6
2022-03-01,Mendocino,045,87422,12903,12818,2960,15778,112
2022-03-01,Merced,047,269075,61830,61549,8488,70037,781
2022-03-01,Modoc,049,8938,727,729,248,977,7
2022-03-01,Mono,051,14174,2958,2960,119,3079,6
2022-03-01,Monterey,053,433212,78665,77911,13162,91073,696
2022-03-01,Napa,055,140530,25370,25344,927,26271,134
2022-03-01,Nevada,057,99092,15797,15916,1167,17083,121
2022-03-01,Orange,059,3164182,542666,541054,40599,581653,6612
2022-03-01,Placer,061,380077,62203,62021,7255,69276,583
2022-03-01,Plumas,063,18699,2951,2694,357,3051,13
2022-03-01,Riverside,065,2383286,588167,586184,27517,613701,6198
2022-03-01,Sacramento,067,1510023,278422,273089,26149,299238,2831
2022-03-01,San Benito,069,59416,12789,12806,503,13309,94
2022-03-01,San Bernardino,071,2135413,571352,556743,24692,581435,6588
2022-03-01,San Diego,073,3302833,743984,739136,51971,791107,5029
2022-03-01,San Francisco,075,870044,121968,123481,8050,131531,792
2022-03-01,San Joaquin,077,732212,165253,164894,9767,174661,2062
2022-03-01,San Luis Obispo,079,281455,51864,51592,3671,55263,445
2022-03-01,San Mateo,081,765935,119813,118358,6771,125129,613
2022-03-01,Santa Barbara,083,443738,85028,85134,4638,89772,654
2022-03-01,Santa Clara,085,1922200,306294,306978,12093,319071,2190
2022-03-01,Santa Cruz,087,273765,46902,46471,2052,48523,253
2022-03-01,Shasta,089,179085,30245,30227,6015,36242,489
2022-03-01,Sierra,091,2930,271,274,47,321,5
2022-03-01,Siskiyou,093,43540,4401,4384,2692,7076,74
2022-03-01,Solano,095,438530,80572,80556,5492,86048,434
2022-03-01,Sonoma,097,501317,82461,82103,2530,84633,477
2022-03-01,Stanislaus,099,539301,116725,117308,17647,134955,1521
2022-03-01,Sutter,101,95872,20293,20288,2000,22288,217
2022-03-01,Tehama,103,63373,11954,11923,2566,14489,158
2022-03-01,Trinity,105,12862,1175,1159,284,1443,20
2022-03-01,Tulare,107,460477,105657,103371,27308,130679,1302
2022-03-01,Tuolumne,109,53932,12576,12276,548,12824,175
2022-03-01,Ventura,111,848112,171781,171672,9288,180960,1427
2022-03-01,Yolo,113,214977,36552,35801,2970,38771,299
2022-03-01,Yuba,115,75493,15681,15637,1160,16797,116
2022-02-28,Alameda,001,1643700,252299,251714,13362,265076,1742
2022-02-28,Alpine,003,1148,122,125,1,126,0
2022-02-28,Amador,005,37829,8379,8308,633,8941,83
2022-02-28,Butte,007,227075,32804,32550,6845,39395,368
2022-02-28,Calaveras,009,45235,7188,7220,339,7559,110
2022-02-28,Colusa,011,21464,3417,3422,1041,4463,21
2022-02-28,Contra Costa,013,1133247,188421,185272,12915,198187,1231
2022-02-28,Del Norte,015,27424,5687,5699,173,5872,45
2022-02-28,El Dorado,017,186661,26502,26409,3169,29578,191
2022-02-28,Fresno,019,978130,229317,226519,23403,249922,2622
2022-02-28,Glenn,021,27897,4941,4918,1588,6506,40
2022-02-28,Humboldt,023,135768,16675,16717,2873,19590,135
2022-02-28,Imperial,025,180216,55025,54517,10452,64969,875
2022-02-28,Inyo,027,18085,4046,4041,462,4503,56
2022-02-28,Kern,029,883053,190639,189245,45386,234631,2115
2022-02-28,Kings,031,150075,50949,50741,3468,54209,427
2022-02-28,Lake,033,64148,10547,10468,863,11331,128
2022-02-28,Lassen,035,31185,8841,8794,870,9664,55
2022-02-28,Los Angeles,037,10098052,2690981,2666804,121845,2788649,30410
2022-02-28,Madera,039,155013,36977,37023,5951,42974,354
2022-02-28,Marin,041,260295,32871,32775,2149,34924,272
2022-02-28,Mariposa,043,17540,2364,2354,192,2546,6
2022-02-28,Mendocino,045,87422,12894,12800,2952,15752,112
2022-02-28,Merced,047,269075,61786,61519,8471,69990,781
2022-02-28,Modoc,049,8938,727,727,248,975,7
2022-02-28,Mono,051,14174,2958,2961,119,3080,5
2022-02-28,Monterey,053,433212,78598,77865,13141,91006,693
2022-02-28,Napa,055,140530,25343,25317,927,26244,129
2022-02-28,Nevada,057,99092,15791,15908,1161,17069,121
2022-02-28,Orange,059,3164182,542413,540839,40585,581424,6605
2022-02-28,Placer,061,380077,62172,61976,7250,69226,577
2022-02-28,Plumas,063,18699,2951,2691,356,3047,13
2022-02-28,Riverside,065,2383286,587972,585891,27485,613376,6179
2022-02-28,Sacramento,067,1510023,278283,273038,26125,299163,2825
2022-02-28,San Benito,069,59416,12784,12798,503,13301,94
2022-02-28,San Bernardino,071,2135413,571168,556540,24678,581218,6576
2022-02-28,San Diego,073,3302833,743595,737760,51941,789701,5018
2022-02-28,San Francisco,075,870044,121808,123402,8043,131445,792
2022-02-28,San Joaquin,077,732212,165167,164833,9757,174590,2060
2022-02-28,San Luis Obispo,079,281455,51803,51565,3664,55229,440
2022-02-28,San Mateo,081,765935,119714,118301,6765,125066,611
2022-02-28,Santa Barbara,083,443738,84985,85076,4633,89709,653
2022-02-28,Santa Clara,085,1922200,306019,306930,12071,319001,2180
2022-02-28,Santa Cruz,087,273765,46832,46447,2052,48499,253
2022-02-28,Shasta,089,179085,30220,30213,6011,36224,488
2022-02-28,Sierra,091,2930,271,273,47,320,4
2022-02-28,Siskiyou,093,43540,4398,4382,2687,7069,74
2022-02-28,Solano,095,438530,80505,80544,5480,86024,430
2022-02-28,Sonoma,097,501317,82393,82058,2527,84585,477
2022-02-28,Stanislaus,099,539301,116661,117231,17630,134861,1521
2022-02-28,Sutter,101,95872,20280,20285,1997,22282,214
2022-02-28,Tehama,103,63373,11941,11917,2566,14483,158
2022-02-28,Trinity,105,12862,1175,1160,284,1444,20
2022-02-28,Tulare,107,460477,105608,103304,27292,130596,1300
2022-02-28,Tuolumne,109,53932,12566,12247,548,12795,175
2022-02-28,Ventura,111,848112,171697,171614,9287,180901,1423
2022-02-28,Yolo,113,214977,36516,35754,2963,38717,299
2022-02-28,Yuba,115,75493,15666,15625,1159,16784,115
2022-02-27,Alameda,001,1643700,252025,251624,13353,264977,1744
2022-02-27,Alpine,003,1148,122,125,1,126,0
2022-02-27,Amador,005,37829,8375,8305,630,8935,83
2022-02-27,Butte,007,227075,32767,32551,6832,39383,368
2022-02-27,Calaveras,009,45235,7180,7214,339,7553,110
2022-02-27,Colusa,011,21464,3416,3422,1041,4463,21
2022-02-27,Contra Costa,013,1133247,188293,185185,12895,198080,1230
2022-02-27,Del Norte,015,27424,5670,5691,171,5862,45
2022-02-27,El Dorado,017,186661,26484,26410,3167,29577,191
2022-02-27,Fresno,019,978130,229118,226397,23376,249773,2621
2022-02-27,Glenn,021,27897,4939,4915,1588,6503,40
2022-02-27,Humboldt,023,135768,16653,16713,2866,19579,135
2022-02-27,Imperial,025,180216,54977,54509,10435,64944,875
2022-02-27,Inyo,027,18085,4045,4041,458,4499,56
2022-02-27,Kern,029,883053,190521,189219,45348,234567,2115
2022-02-27,Kings,031,150075,50921,50733,3467,54200,428
2022-02-27,Lake,033,64148,10528,10463,863,11326,128
2022-02-27,Lassen,035,31185,8833,8786,870,9656,55
2022-02-27,Los Angeles,037,10098052,2689671,2666789,121763,2788552,30410
2022-02-27,Madera,039,155013,36951,37009,5943,42952,354
2022-02-27,Marin,041,260295,32833,32756,2147,34903,272
2022-02-27,Mariposa,043,17540,2361,2352,192,2544,6
2022-02-27,Mendocino,045,87422,12878,12798,2939,15737,112
2022-02-27,Merced,047,269075,61734,61491,8454,69945,779
2022-02-27,Modoc,049,8938,726,727,248,975,7
2022-02-27,Mono,051,14174,2957,2960,119,3079,5
2022-02-27,Monterey,053,433212,78541,77851,13117,90968,693
2022-02-27,Napa,055,140530,25305,25316,927,26243,129
2022-02-27,Nevada,057,99092,15783,15900,1157,17057,121
2022-02-27,Orange,059,3164182,542167,540659,40556,581215,6605
2022-02-27,Placer,061,380077,62132,61965,7246,69211,577
2022-02-27,Plumas,063,18699,2948,2691,356,3047,13
2022-02-27,Riverside,065,2383286,587731,585833,27461,613294,6179
2022-02-27,Sacramento,067,1510023,278097,272927,26096,299023,2822
2022-02-27,San Benito,069,59416,12777,12798,503,13301,94
2022-02-27,San Bernardino,071,2135413,570984,556457,24668,581125,6572
2022-02-27,San Diego,073,3302833,743123,737760,51895,789655,5018
2022-02-27,San Francisco,075,870044,121685,123327,8032,131359,791
2022-02-27,San Joaquin,077,732212,165063,164814,9753,174567,2060
2022-02-27,San Luis Obispo,079,281455,51711,51564,3657,55221,439
2022-02-27,San Mateo,081,765935,119601,118244,6760,125004,611
2022-02-27,Santa Barbara,083,443738,84947,85050,4629,89679,653
2022-02-27,Santa Clara,085,1922200,305731,306756,12043,318799,2180
2022-02-27,Santa Cruz,087,273765,46771,46411,2052,48463,253
2022-02-27,Shasta,089,179085,30188,30206,6006,36212,488
2022-02-27,Sierra,091,2930,271,273,47,320,4
2022-02-27,Siskiyou,093,43540,4393,4378,2675,7053,74
2022-02-27,Solano,095,438530,80431,80515,5467,85982,430
2022-02-27,Sonoma,097,501317,82311,82041,2520,84561,476
2022-02-27,Stanislaus,099,539301,116595,117200,17609,134809,1522
2022-02-27,Sutter,101,95872,20263,20280,1991,22271,214
2022-02-27,Tehama,103,63373,11928,11915,2565,14480,158
2022-02-27,Trinity,105,12862,1174,1158,284,1442,20
2022-02-27,Tulare,107,460477,105539,103270,27243,130513,1300
2022-02-27,Tuolumne,109,53932,12553,12243,547,12790,175
2022-02-27,Ventura,111,848112,171622,171660,9283,180943,1423
2022-02-27,Yolo,113,214977,36488,35744,2958,38702,299
2022-02-27,Yuba,115,75493,15656,15619,1157,16776,113
2022-02-26,Alameda,001,1643700,251916,250867,13348,264215,1716
2022-02-26,Alpine,003,1148,122,125,1,126,0
2022-02-26,Amador,005,37829,8373,8282,629,8911,83
2022-02-26,Butte,007,227075,32753,32466,6829,39295,368
2022-02-26,Calaveras,009,45235,7179,7192,339,7531,110
2022-02-26,Colusa,011,21464,3416,3414,1041,4455,21
2022-02-26,Contra Costa,013,1133247,188224,184686,12877,197563,1209
2022-02-26,Del Norte,015,27424,5665,5639,171,5810,45
2022-02-26,El Dorado,017,186661,26473,26355,3164,29519,191
2022-02-26,Fresno,019,978130,229028,225679,23376,249055,2597
2022-02-26,Glenn,021,27897,4937,4909,1587,6496,40
2022-02-26,Humboldt,023,135768,16628,16619,2865,19484,133
2022-02-26,Imperial,025,180216,54950,54367,10433,64800,871
2022-02-26,Inyo,027,18085,4044,4034,453,4487,56
2022-02-26,Kern,029,883053,190468,188584,45329,233913,2106
2022-02-26,Kings,031,150075,50908,50579,3467,54046,423
2022-02-26,Lake,033,64148,10523,10383,863,11246,128
2022-02-26,Lassen,035,31185,8832,8761,870,9631,55
2022-02-26,Los Angeles,037,10098052,2689097,2660973,121723,2782696,30202
2022-02-26,Madera,039,155013,36936,36933,5941,42874,330
2022-02-26,Marin,041,260295,32817,32651,2145,34796,267
2022-02-26,Mariposa,043,17540,2360,2332,192,2524,6
2022-02-26,Mendocino,045,87422,12871,12762,2939,15701,111
2022-02-26,Merced,047,269075,61713,61348,8453,69801,775
2022-02-26,Modoc,049,8938,726,726,248,974,7
2022-02-26,Mono,051,14174,2957,2959,118,3077,5
2022-02-26,Monterey,053,433212,78509,77610,13111,90721,692
2022-02-26,Napa,055,140530,25290,25221,926,26147,130
2022-02-26,Nevada,057,99092,15779,15850,1155,17005,121
2022-02-26,Orange,059,3164182,542056,539992,40539,580531,6540
2022-02-26,Placer,061,380077,62113,61803,7243,69046,573
2022-02-26,Plumas,063,18699,2948,2673,356,3029,13
2022-02-26,Riverside,065,2383286,587611,584835,27452,612287,6143
2022-02-26,Sacramento,067,1510023,278001,272339,26086,298425,2793
2022-02-26,San Benito,069,59416,12773,12770,503,13273,92
2022-02-26,San Bernardino,071,2135413,570893,555668,24661,580329,6505
2022-02-26,San Diego,073,3302833,742900,736049,51871,787920,5002
2022-02-26,San Francisco,075,870044,121615,123079,8024,131103,769
2022-02-26,San Joaquin,077,732212,165029,164418,9752,174170,2048
2022-02-26,San Luis Obispo,079,281455,51699,51358,3655,55013,438
2022-02-26,San Mateo,081,765935,119547,117860,6759,124619,603
2022-02-26,Santa Barbara,083,443738,84916,84830,4629,89459,652
2022-02-26,Santa Clara,085,1922200,305582,305895,12039,317934,2166
2022-02-26,Santa Cruz,087,273765,46748,46186,2052,48238,251
2022-02-26,Shasta,089,179085,30179,30108,6000,36108,485
2022-02-26,Sierra,091,2930,271,270,47,317,1
2022-02-26,Siskiyou,093,43540,4393,4359,2673,7032,72
2022-02-26,Solano,095,438530,80396,80225,5463,85688,428
2022-02-26,Sonoma,097,501317,82277,81702,2518,84220,432
2022-02-26,Stanislaus,099,539301,116557,116896,17604,134500,1503
2022-02-26,Sutter,101,95872,20254,20230,1991,22221,214
2022-02-26,Tehama,103,63373,11922,11878,2563,14441,158
2022-02-26,Trinity,105,12862,1173,1156,284,1440,20
2022-02-26,Tulare,107,460477,105503,102983,27228,130211,1295
2022-02-26,Tuolumne,109,53932,12550,12169,547,12716,175
2022-02-26,Ventura,111,848112,171590,171292,9280,180572,1411
2022-02-26,Yolo,113,214977,36467,35615,2955,38570,296
2022-02-26,Yuba,115,75493,15644,15587,1157,16744,113
2022-02-25,Alameda,001,1643700,251793,250867,13339,264206,1716
2022-02-25,Alpine,003,1148,122,125,1,126,0
2022-02-25,Amador,005,37829,8362,8282,629,8911,83
2022-02-25,Butte,007,227075,32740,32466,6826,39292,368
2022-02-25,Calaveras,009,45235,7177,7192,339,7531,110
2022-02-25,Colusa,011,21464,3416,3414,1041,4455,21
2022-02-25,Contra Costa,013,1133247,188140,184686,12856,197542,1209
2022-02-25,Del Norte,015,27424,5656,5639,171,5810,45
2022-02-25,El Dorado,017,186661,26464,26355,3164,29519,191
2022-02-25,Fresno,019,978130,228930,225679,23369,249048,2597
2022-02-25,Glenn,021,27897,4935,4909,1587,6496,40
2022-02-25,Humboldt,023,135768,16617,16619,2865,19484,133
2022-02-25,Imperial,025,180216,54932,54367,10432,64799,871
2022-02-25,Inyo,027,18085,4043,4034,453,4487,56
2022-02-25,Kern,029,883053,190403,188584,45316,233900,2106
2022-02-25,Kings,031,150075,50894,50579,3465,54044,423
2022-02-25,Lake,033,64148,10505,10383,863,11246,128
2022-02-25,Lassen,035,31185,8829,8761,870,9631,55
2022-02-25,Los Angeles,037,10098052,2688508,2660973,121692,2782665,30202
2022-02-25,Madera,039,155013,36916,36933,5940,42873,330
2022-02-25,Marin,041,260295,32803,32651,2145,34796,267
2022-02-25,Mariposa,043,17540,2357,2332,192,2524,6
2022-02-25,Mendocino,045,87422,12869,12762,2939,15701,111
2022-02-25,Merced,047,269075,61681,61348,8449,69797,775
2022-02-25,Modoc,049,8938,726,726,248,974,7
2022-02-25,Mono,051,14174,2956,2959,118,3077,5
2022-02-25,Monterey,053,433212,78481,77610,13105,90715,692
2022-02-25,Napa,055,140530,25281,25221,926,26147,130
2022-02-25,Nevada,057,99092,15768,15850,1152,17002,121
2022-02-25,Orange,059,3164182,541921,539992,40516,580508,6540
2022-02-25,Placer,061,380077,62098,61803,7237,69040,573
2022-02-25,Plumas,063,18699,2946,2673,356,3029,13
2022-02-25,Riverside,065,2383286,587456,584835,27440,612275,6143
2022-02-25,Sacramento,067,1510023,277899,272339,26081,298420,2793
2022-02-25,San Benito,069,59416,12771,12770,503,13273,92
2022-02-25,San Bernardino,071,2135413,570786,555668,24654,580322,6505
2022-02-25,San Diego,073,3302833,742617,736049,51852,787901,5002
2022-02-25,San Francisco,075,870044,121535,123079,8021,131100,769
2022-02-25,San Joaquin,077,732212,164989,164418,9747,174165,2048
2022-02-25,San Luis Obispo,079,281455,51695,51358,3646,55004,438
2022-02-25,San Mateo,081,765935,119485,117860,6755,124615,603
2022-02-25,Santa Barbara,083,443738,84879,84830,4629,89459,652
2022-02-25,Santa Clara,085,1922200,305397,305895,12036,317931,2166
2022-02-25,Santa Cruz,087,273765,46714,46186,2050,48236,251
2022-02-25,Shasta,089,179085,30170,30108,5998,36106,485
2022-02-25,Sierra,091,2930,271,270,47,317,1
2022-02-25,Siskiyou,093,43540,4393,4359,2672,7031,72
2022-02-25,Solano,095,438530,80367,80225,5462,85687,428
2022-02-25,Sonoma,097,501317,82226,81702,2516,84218,432
2022-02-25,Stanislaus,099,539301,116529,116896,17600,134496,1503
2022-02-25,Sutter,101,95872,20245,20230,1991,22221,214
2022-02-25,Tehama,103,63373,11920,11878,2563,14441,158
2022-02-25,Trinity,105,12862,1173,1156,284,1440,20
2022-02-25,Tulare,107,460477,105469,102983,27206,130189,1295
2022-02-25,Tuolumne,109,53932,12547,12169,547,12716,175
2022-02-25,Ventura,111,848112,171539,171292,9279,180571,1411
2022-02-25,Yolo,113,214977,36452,35615,2955,38570,296
2022-02-25,Yuba,115,75493,15637,15587,1157,16744,113
2022-02-24,Alameda,001,1643700,251588,250867,13330,264197,1716
2022-02-24,Alpine,003,1148,122,125,1,126,0
2022-02-24,Amador,005,37829,8357,8282,628,8910,83
2022-02-24,Butte,007,227075,32719,32466,6822,39288,368
2022-02-24,Calaveras,009,45235,7175,7192,337,7529,110
2022-02-24,Colusa,011,21464,3415,3414,1040,4454,21
2022-02-24,Contra Costa,013,1133247,188010,184686,12848,197534,1209
2022-02-24,Del Norte,015,27424,5641,5639,170,5809,45
2022-02-24,El Dorado,017,186661,26449,26355,3164,29519,191
2022-02-24,Fresno,019,978130,228736,225679,23354,249033,2597
2022-02-24,Glenn,021,27897,4933,4909,1586,6495,40
2022-02-24,Humboldt,023,135768,16601,16619,2864,19483,133
2022-02-24,Imperial,025,180216,54892,54367,10423,64790,871
2022-02-24,Inyo,027,18085,4042,4034,452,4486,56
2022-02-24,Kern,029,883053,190262,188584,45283,233867,2106
2022-02-24,Kings,031,150075,50864,50579,3460,54039,423
2022-02-24,Lake,033,64148,10488,10383,863,11246,128
2022-02-24,Lassen,035,31185,8825,8761,869,9630,55
2022-02-24,Los Angeles,037,10098052,2687347,2660973,121636,2782609,30202
2022-02-24,Madera,039,155013,36890,36933,5938,42871,330
2022-02-24,Marin,041,260295,32783,32651,2144,34795,267
2022-02-24,Mariposa,043,17540,2351,2332,191,2523,6
2022-02-24,Mendocino,045,87422,12862,12762,2935,15697,111
2022-02-24,Merced,047,269075,61650,61348,8441,69789,775
2022-02-24,Modoc,049,8938,725,726,248,974,7
2022-02-24,Mono,051,14174,2955,2959,118,3077,5
2022-02-24,Monterey,053,433212,78429,77610,13097,90707,692
2022-02-24,Napa,055,140530,25241,25221,922,26143,130
2022-02-24,Nevada,057,99092,15754,15850,1152,17002,121
2022-02-24,Orange,059,3164182,541671,539992,40482,580474,6540
2022-02-24,Placer,061,380077,62061,61803,7235,69038,573
2022-02-24,Plumas,063,18699,2941,2673,355,3028,13
2022-02-24,Riverside,065,2383286,587204,584835,27414,612249,6143
2022-02-24,Sacramento,067,1510023,277726,272339,26065,298404,2793
2022-02-24,San Benito,069,59416,12760,12770,503,13273,92
2022-02-24,San Bernardino,071,2135413,570593,555668,24642,580310,6505
2022-02-24,San Diego,073,3302833,742204,736049,51805,787854,5002
2022-02-24,San Francisco,075,870044,121413,123079,8014,131093,769
2022-02-24,San Joaquin,077,732212,164861,164418,9743,174161,2048
2022-02-24,San Luis Obispo,079,281455,51649,51358,3644,55002,438
2022-02-24,San Mateo,081,765935,119393,117860,6748,124608,603
2022-02-24,Santa Barbara,083,443738,84814,84830,4628,89458,652
2022-02-24,Santa Clara,085,1922200,305162,305895,12023,317918,2166
2022-02-24,Santa Cruz,087,273765,46634,46186,2048,48234,251
2022-02-24,Shasta,089,179085,30151,30108,5992,36100,485
2022-02-24,Sierra,091,2930,271,270,47,317,1
2022-02-24,Siskiyou,093,43540,4390,4359,2669,7028,72
2022-02-24,Solano,095,438530,80288,80225,5458,85683,428
2022-02-24,Sonoma,097,501317,82172,81702,2511,84213,432
2022-02-24,Stanislaus,099,539301,116454,116896,17587,134483,1503
2022-02-24,Sutter,101,95872,20231,20230,1975,22205,214
2022-02-24,Tehama,103,63373,11914,11878,2562,14440,158
2022-02-24,Trinity,105,12862,1171,1156,284,1440,20
2022-02-24,Tulare,107,460477,105413,102983,27176,130159,1295
2022-02-24,Tuolumne,109,53932,12537,12169,545,12714,175
2022-02-24,Ventura,111,848112,171460,171292,9276,180568,1411
2022-02-24,Yolo,113,214977,36426,35615,2953,38568,296
2022-02-24,Yuba,115,75493,15623,15587,1157,16744,113
2022-02-23,Alameda,001,1643700,251365,247686,13311,260997,1713
2022-02-23,Alpine,003,1148,122,125,1,126,0
2022-02-23,Amador,005,37829,8339,8274,628,8902,79
2022-02-23,Butte,007,227075,32692,32417,6819,39236,367
2022-02-23,Calaveras,009,45235,7165,7182,336,7518,107
2022-02-23,Colusa,011,21464,3411,3411,1040,4451,21
2022-02-23,Contra Costa,013,1133247,187867,184013,12835,196848,1209
2022-02-23,Del Norte,015,27424,5630,5625,169,5794,45
2022-02-23,El Dorado,017,186661,26433,26317,3160,29477,189
2022-02-23,Fresno,019,978130,228550,225308,23332,248640,2596
2022-02-23,Glenn,021,27897,4929,4909,1584,6493,40
2022-02-23,Humboldt,023,135768,16585,16601,2861,19462,132
2022-02-23,Imperial,025,180216,54853,54292,10410,64702,871
2022-02-23,Inyo,027,18085,4041,4031,449,4480,54
2022-02-23,Kern,029,883053,190159,188432,45236,233668,2106
2022-02-23,Kings,031,150075,50831,50416,3459,53875,423
2022-02-23,Lake,033,64148,10470,10368,862,11230,126
2022-02-23,Lassen,035,31185,8809,8749,869,9618,55
2022-02-23,Los Angeles,037,10098052,2685976,2659569,121591,2781160,30167
2022-02-23,Madera,039,155013,36859,36876,5928,42804,330
2022-02-23,Marin,041,260295,32760,32625,2143,34768,267
2022-02-23,Mariposa,043,17540,2346,2325,190,2515,6
2022-02-23,Mendocino,045,87422,12852,12747,2931,15678,111
2022-02-23,Merced,047,269075,61620,61295,8436,69731,772
2022-02-23,Modoc,049,8938,725,723,247,970,7
2022-02-23,Mono,051,14174,2954,2960,118,3078,5
2022-02-23,Monterey,053,433212,78391,77472,13074,90546,691
2022-02-23,Napa,055,140530,25217,25185,917,26102,128
2022-02-23,Nevada,057,99092,15748,15825,1149,16974,121
2022-02-23,Orange,059,3164182,541366,539631,40460,580091,6520
2022-02-23,Placer,061,380077,62014,61758,7228,68986,573
2022-02-23,Plumas,063,18699,2937,2663,355,3018,13
2022-02-23,Riverside,065,2383286,586912,584381,27378,611759,6119
2022-02-23,Sacramento,067,1510023,277567,272057,26045,298102,2796
2022-02-23,San Benito,069,59416,12753,12756,502,13258,92
2022-02-23,San Bernardino,071,2135413,570433,555238,24626,579864,6479
2022-02-23,San Diego,073,3302833,741700,735406,51755,787161,4988
2022-02-23,San Francisco,075,870044,121286,122127,8012,130139,769
2022-02-23,San Joaquin,077,732212,164768,164257,9738,173995,2042
2022-02-23,San Luis Obispo,079,281455,51601,51264,3642,54906,434
2022-02-23,San Mateo,081,765935,119302,117585,6739,124324,603
2022-02-23,Santa Barbara,083,443738,84753,84760,4624,89384,651
2022-02-23,Santa Clara,085,1922200,304906,305484,12014,317498,2157
2022-02-23,Santa Cruz,087,273765,46564,46059,2047,48106,251
2022-02-23,Shasta,089,179085,30124,30066,5989,36055,481
2022-02-23,Sierra,091,2930,271,270,47,317,1
2022-02-23,Siskiyou,093,43540,4387,4356,2667,7023,71
2022-02-23,Solano,095,438530,80197,80103,5456,85559,427
2022-02-23,Sonoma,097,501317,82118,81594,2509,84103,432
2022-02-23,Stanislaus,099,539301,116377,116789,17578,134367,1482
2022-02-23,Sutter,101,95872,20214,20194,1971,22165,213
2022-02-23,Tehama,103,63373,11904,11863,2562,14425,154
2022-02-23,Trinity,105,12862,1171,1156,284,1440,20
2022-02-23,Tulare,107,460477,105346,102812,27153,129965,1290
2022-02-23,Tuolumne,109,53932,12528,12158,544,12702,175
2022-02-23,Ventura,111,848112,171372,171163,9269,180432,1401
2022-02-23,Yolo,113,214977,36389,35590,2946,38536,296
2022-02-23,Yuba,115,75493,15620,15571,1155,16726,113
2022-02-22,Alameda,001,1643700,251121,247434,13297,260731,1706
2022-02-22,Alpine,003,1148,122,124,1,125,0
2022-02-22,Amador,005,37829,8329,8243,628,8871,79
2022-02-22,Butte,007,227075,32657,32359,6812,39171,366
2022-02-22,Calaveras,009,45235,7156,7178,336,7514,107
2022-02-22,Colusa,011,21464,3411,3402,1038,4440,21
2022-02-22,Contra Costa,013,1133247,187714,183812,12816,196628,1201
2022-02-22,Del Norte,015,27424,5621,5611,168,5779,45
2022-02-22,El Dorado,017,186661,26423,26289,3160,29449,189
2022-02-22,Fresno,019,978130,228325,225104,23306,248410,2592
2022-02-22,Glenn,021,27897,4928,4900,1583,6483,40
2022-02-22,Humboldt,023,135768,16562,16559,2857,19416,132
2022-02-22,Imperial,025,180216,54821,54227,10406,64633,864
2022-02-22,Inyo,027,18085,4039,4026,447,4473,54
2022-02-22,Kern,029,883053,190039,188237,45200,233437,2102
2022-02-22,Kings,031,150075,50769,50359,3457,53816,423
2022-02-22,Lake,033,64148,10459,10353,860,11213,126
2022-02-22,Lassen,035,31185,8805,8730,869,9599,55
2022-02-22,Los Angeles,037,10098052,2684511,2658230,121504,2779734,30129
2022-02-22,Madera,039,155013,36826,36833,5918,42751,330
2022-02-22,Marin,041,260295,32735,32591,2142,34733,267
2022-02-22,Mariposa,043,17540,2338,2322,190,2512,6
2022-02-22,Mendocino,045,87422,12838,12714,2921,15635,110
2022-02-22,Merced,047,269075,61560,61241,8430,69671,770
2022-02-22,Modoc,049,8938,722,720,247,967,6
2022-02-22,Mono,051,14174,2954,2961,118,3079,5
2022-02-22,Monterey,053,433212,78337,77359,13055,90414,690
2022-02-22,Napa,055,140530,25188,25151,916,26067,128
2022-02-22,Nevada,057,99092,15731,15815,1148,16963,121
2022-02-22,Orange,059,3164182,541078,539390,40427,579817,6502
2022-02-22,Placer,061,380077,61976,61709,7223,68932,572
2022-02-22,Plumas,063,18699,2931,2659,354,3013,13
2022-02-22,Riverside,065,2383286,586655,583969,27358,611327,6097
2022-02-22,Sacramento,067,1510023,277377,271789,26022,297811,2775
2022-02-22,San Benito,069,59416,12742,12742,501,13243,92
2022-02-22,San Bernardino,071,2135413,570233,554903,24607,579510,6451
2022-02-22,San Diego,073,3302833,741175,734536,51700,786236,4974
2022-02-22,San Francisco,075,870044,121157,121954,8008,129962,769
2022-02-22,San Joaquin,077,732212,164644,164111,9728,173839,2040
2022-02-22,San Luis Obispo,079,281455,51516,51193,3636,54829,431
2022-02-22,San Mateo,081,765935,119207,117418,6734,124152,603
2022-02-22,Santa Barbara,083,443738,84692,84701,4620,89321,650
2022-02-22,Santa Clara,085,1922200,304624,305045,12008,317053,2155
2022-02-22,Santa Cruz,087,273765,46499,45958,2047,48005,251
2022-02-22,Shasta,089,179085,30099,30024,5984,36008,479
2022-02-22,Sierra,091,2930,271,269,46,315,0
2022-02-22,Siskiyou,093,43540,4384,4350,2662,7012,70
2022-02-22,Solano,095,438530,80121,79968,5454,85422,425
2022-02-22,Sonoma,097,501317,82052,81412,2505,83917,431
2022-02-22,Stanislaus,099,539301,116296,116676,17558,134234,1475
2022-02-22,Sutter,101,95872,20198,20164,1969,22133,210
2022-02-22,Tehama,103,63373,11895,11852,2561,14413,152
2022-02-22,Trinity,105,12862,1171,1147,283,1430,20
2022-02-22,Tulare,107,460477,105240,102717,27123,129840,1287
2022-02-22,Tuolumne,109,53932,12510,12136,543,12679,175
2022-02-22,Ventura,111,848112,171287,171064,9263,180327,1401
2022-02-22,Yolo,113,214977,36352,35527,2941,38468,292
2022-02-22,Yuba,115,75493,15610,15550,1154,16704,110
2022-02-21,Alameda,001,1643700,250835,247434,13281,260715,1704
2022-02-21,Alpine,003,1148,122,124,1,125,0
2022-02-21,Amador,005,37829,8323,8246,628,8874,79
2022-02-21,Butte,007,227075,32616,32356,6788,39144,366
2022-02-21,Calaveras,009,45235,7148,7175,336,7511,107
2022-02-21,Colusa,011,21464,3409,3401,1036,4437,21
2022-02-21,Contra Costa,013,1133247,187487,183701,12802,196503,1201
2022-02-21,Del Norte,015,27424,5603,5601,167,5768,45
2022-02-21,El Dorado,017,186661,26395,26273,3155,29428,189
2022-02-21,Fresno,019,978130,228011,224923,23250,248173,2592
2022-02-21,Glenn,021,27897,4923,4897,1583,6480,40
2022-02-21,Humboldt,023,135768,16518,16548,2849,19397,132
2022-02-21,Imperial,025,180216,54761,54208,10393,64601,864
2022-02-21,Inyo,027,18085,4036,4023,447,4470,54
2022-02-21,Kern,029,883053,189846,188188,45148,233336,2102
2022-02-21,Kings,031,150075,50703,50188,3454,53642,422
2022-02-21,Lake,033,64148,10437,10334,858,11192,126
2022-02-21,Lassen,035,31185,8797,8705,864,9569,55
2022-02-21,Los Angeles,037,10098052,2682732,2656873,121408,2778281,30108
2022-02-21,Madera,039,155013,36788,36796,5897,42693,330
2022-02-21,Marin,041,260295,32712,32570,2142,34712,258
2022-02-21,Mariposa,043,17540,2335,2321,190,2511,6
2022-02-21,Mendocino,045,87422,12812,12706,2909,15615,110
2022-02-21,Merced,047,269075,61503,61209,8413,69622,770
2022-02-21,Modoc,049,8938,721,718,247,965,6
2022-02-21,Mono,051,14174,2953,2960,118,3078,5
2022-02-21,Monterey,053,433212,78243,77354,13014,90368,690
2022-02-21,Napa,055,140530,25149,25126,916,26042,128
2022-02-21,Nevada,057,99092,15720,15810,1145,16955,121
2022-02-21,Orange,059,3164182,540728,539068,40402,579470,6502
2022-02-21,Placer,061,380077,61922,61727,7219,68946,572
2022-02-21,Plumas,063,18699,2927,2657,349,3006,13
2022-02-21,Riverside,065,2383286,586287,583712,27311,611023,6097
2022-02-21,Sacramento,067,1510023,277122,271588,25989,297577,2769
2022-02-21,San Benito,069,59416,12729,12731,501,13232,92
2022-02-21,San Bernardino,071,2135413,569993,554662,24586,579248,6441
2022-02-21,San Diego,073,3302833,740558,732298,51622,783920,4974
2022-02-21,San Francisco,075,870044,120976,121865,8004,129869,769
2022-02-21,San Joaquin,077,732212,164499,164036,9717,173753,2040
2022-02-21,San Luis Obispo,079,281455,51425,51184,3629,54813,429
2022-02-21,San Mateo,081,765935,119114,117259,6726,123985,605
2022-02-21,Santa Barbara,083,443738,84616,84626,4612,89238,650
2022-02-21,Santa Clara,085,1922200,304296,304858,12002,316860,2158
2022-02-21,Santa Cruz,087,273765,46373,45941,2046,47987,251
2022-02-21,Shasta,089,179085,30053,30004,5976,35980,479
2022-02-21,Sierra,091,2930,271,269,46,315,0
2022-02-21,Siskiyou,093,43540,4372,4337,2657,6994,70
2022-02-21,Solano,095,438530,80028,79906,5449,85355,425
2022-02-21,Sonoma,097,501317,81938,81361,2498,83859,431
2022-02-21,Stanislaus,099,539301,116184,116597,17534,134131,1475
2022-02-21,Sutter,101,95872,20173,20152,1967,22119,210
2022-02-21,Tehama,103,63373,11882,11842,2560,14402,152
2022-02-21,Trinity,105,12862,1170,1147,283,1430,20
2022-02-21,Tulare,107,460477,105146,102614,27079,129693,1287
2022-02-21,Tuolumne,109,53932,12499,12126,540,12666,175
2022-02-21,Ventura,111,848112,171148,170939,9254,180193,1401
2022-02-21,Yolo,113,214977,36309,35518,2932,38450,292
2022-02-21,Yuba,115,75493,15591,15546,1145,16691,110
2022-02-20,Alameda,001,1643700,250605,246028,13273,259301,1700
2022-02-20,Alpine,003,1148,122,124,1,125,0
2022-02-20,Amador,005,37829,8311,8203,628,8831,79
2022-02-20,Butte,007,227075,32587,32173,6783,38956,364
2022-02-20,Calaveras,009,45235,7145,7136,335,7471,107
2022-02-20,Colusa,011,21464,3406,3389,1035,4424,21
2022-02-20,Contra Costa,013,1133247,187358,182797,12797,195594,1190
2022-02-20,Del Norte,015,27424,5588,5511,167,5678,45
2022-02-20,El Dorado,017,186661,26374,26101,3154,29255,189
2022-02-20,Fresno,019,978130,227820,223594,23234,246828,2544
2022-02-20,Glenn,021,27897,4920,4881,1583,6464,39
2022-02-20,Humboldt,023,135768,16506,16393,2845,19238,132
2022-02-20,Imperial,025,180216,54696,53967,10383,64350,862
2022-02-20,Inyo,027,18085,4036,4018,446,4464,52
2022-02-20,Kern,029,883053,189711,187158,45104,232262,2095
2022-02-20,Kings,031,150075,50675,49724,3451,53175,421
2022-02-20,Lake,033,64148,10404,10184,857,11041,126
2022-02-20,Lassen,035,31185,8785,8640,864,9504,55
2022-02-20,Los Angeles,037,10098052,2681408,2642878,121324,2764202,29842
2022-02-20,Madera,039,155013,36757,36526,5893,42419,330
2022-02-20,Marin,041,260295,32695,32441,2142,34583,258
2022-02-20,Mariposa,043,17540,2329,2310,188,2498,6
2022-02-20,Mendocino,045,87422,12802,12625,2906,15531,110
2022-02-20,Merced,047,269075,61475,60886,8412,69298,769
2022-02-20,Modoc,049,8938,720,714,247,961,6
2022-02-20,Mono,051,14174,2953,2956,118,3074,5
2022-02-20,Monterey,053,433212,78183,76765,13001,89766,682
2022-02-20,Napa,055,140530,25127,24970,914,25884,127
2022-02-20,Nevada,057,99092,15709,15715,1144,16859,121
2022-02-20,Orange,059,3164182,540409,538019,40366,578385,6416
2022-02-20,Placer,061,380077,61890,61417,7211,68628,560
2022-02-20,Plumas,063,18699,2923,2646,347,2993,13
2022-02-20,Riverside,065,2383286,586020,581788,27285,609073,6087
2022-02-20,Sacramento,067,1510023,276942,270080,25965,296045,2747
2022-02-20,San Benito,069,59416,12726,12665,501,13166,92
2022-02-20,San Bernardino,071,2135413,569785,553151,24569,577720,6400
2022-02-20,San Diego,073,3302833,739986,729549,51558,781107,4947
2022-02-20,San Francisco,075,870044,120837,121197,7994,129191,756
2022-02-20,San Joaquin,077,732212,164381,163083,9706,172789,2033
2022-02-20,San Luis Obispo,079,281455,51396,50823,3625,54448,424
2022-02-20,San Mateo,081,765935,119040,116648,6719,123367,598
2022-02-20,Santa Barbara,083,443738,84572,83988,4610,88598,642
2022-02-20,Santa Clara,085,1922200,304017,303077,11994,315071,2138
2022-02-20,Santa Cruz,087,273765,46307,45532,2043,47575,250
2022-02-20,Shasta,089,179085,30023,29847,5969,35816,479
2022-02-20,Sierra,091,2930,271,269,46,315,0
2022-02-20,Siskiyou,093,43540,4367,4307,2656,6963,70
2022-02-20,Solano,095,438530,79953,78914,5445,84359,424
2022-02-20,Sonoma,097,501317,81863,80843,2495,83338,431
2022-02-20,Stanislaus,099,539301,116118,115976,17517,133493,1454
2022-02-20,Sutter,101,95872,20161,20060,1964,22024,210
2022-02-20,Tehama,103,63373,11870,11760,2557,14317,152
2022-02-20,Trinity,105,12862,1169,1130,283,1413,20
2022-02-20,Tulare,107,460477,105058,101996,27053,129049,1286
2022-02-20,Tuolumne,109,53932,12478,12036,540,12576,175
2022-02-20,Ventura,111,848112,171052,170331,9247,179578,1384
2022-02-20,Yolo,113,214977,36283,35363,2929,38292,293
2022-02-20,Yuba,115,75493,15576,15449,1144,16593,112
2022-02-19,Alameda,001,1643700,250430,246028,13269,259297,1700
2022-02-19,Alpine,003,1148,122,124,1,125,0
2022-02-19,Amador,005,37829,8307,8203,628,8831,79
2022-02-19,Butte,007,227075,32563,32173,6780,38953,364
2022-02-19,Calaveras,009,45235,7145,7136,335,7471,107
2022-02-19,Colusa,011,21464,3405,3389,1033,4422,21
2022-02-19,Contra Costa,013,1133247,187261,182797,12796,195593,1190
2022-02-19,Del Norte,015,27424,5578,5511,167,5678,45
2022-02-19,El Dorado,017,186661,26356,26101,3152,29253,189
2022-02-19,Fresno,019,978130,227702,223594,23227,246821,2544
2022-02-19,Glenn,021,27897,4916,4881,1583,6464,39
2022-02-19,Humboldt,023,135768,16491,16393,2845,19238,132
2022-02-19,Imperial,025,180216,54680,53967,10378,64345,862
2022-02-19,Inyo,027,18085,4035,4018,445,4463,52
2022-02-19,Kern,029,883053,189608,187158,45080,232238,2095
2022-02-19,Kings,031,150075,50652,49724,3450,53174,421
2022-02-19,Lake,033,64148,10395,10184,857,11041,126
2022-02-19,Lassen,035,31185,8773,8640,863,9503,55
2022-02-19,Los Angeles,037,10098052,2680616,2642878,121283,2764161,29842
2022-02-19,Madera,039,155013,36735,36526,5891,42417,330
2022-02-19,Marin,041,260295,32672,32441,2141,34582,258
2022-02-19,Mariposa,043,17540,2326,2310,188,2498,6
2022-02-19,Mendocino,045,87422,12792,12625,2906,15531,110
2022-02-19,Merced,047,269075,61431,60886,8408,69294,769
2022-02-19,Modoc,049,8938,720,714,246,960,6
2022-02-19,Mono,051,14174,2952,2956,118,3074,5
2022-02-19,Monterey,053,433212,78094,76765,12990,89755,682
2022-02-19,Napa,055,140530,25117,24970,914,25884,127
2022-02-19,Nevada,057,99092,15701,15715,1144,16859,121
2022-02-19,Orange,059,3164182,540207,538019,40341,578360,6416
2022-02-19,Placer,061,380077,61843,61417,7211,68628,560
2022-02-19,Plumas,063,18699,2922,2646,347,2993,13
2022-02-19,Riverside,065,2383286,585837,581788,27273,609061,6087
2022-02-19,Sacramento,067,1510023,276799,270080,25954,296034,2747
2022-02-19,San Benito,069,59416,12713,12665,500,13165,92
2022-02-19,San Bernardino,071,2135413,569623,553151,24562,577713,6400
2022-02-19,San Diego,073,3302833,739641,729549,51511,781060,4947
2022-02-19,San Francisco,075,870044,120751,121197,7990,129187,756
2022-02-19,San Joaquin,077,732212,164309,163083,9695,172778,2033
2022-02-19,San Luis Obispo,079,281455,51383,50823,3621,54444,424
2022-02-19,San Mateo,081,765935,118999,116648,6718,123366,598
2022-02-19,Santa Barbara,083,443738,84505,83988,4609,88597,642
2022-02-19,Santa Clara,085,1922200,303824,303077,11992,315069,2138
2022-02-19,Santa Cruz,087,273765,46269,45532,2041,47573,250
2022-02-19,Shasta,089,179085,30009,29847,5966,35813,479
2022-02-19,Sierra,091,2930,271,269,46,315,0
2022-02-19,Siskiyou,093,43540,4364,4307,2656,6963,70
2022-02-19,Solano,095,438530,79911,78914,5444,84358,424
2022-02-19,Sonoma,097,501317,81821,80843,2495,83338,431
2022-02-19,Stanislaus,099,539301,116046,115976,17511,133487,1454
2022-02-19,Sutter,101,95872,20153,20060,1964,22024,210
2022-02-19,Tehama,103,63373,11863,11760,2557,14317,152
2022-02-19,Trinity,105,12862,1167,1130,283,1413,20
2022-02-19,Tulare,107,460477,105011,101996,27028,129024,1286
2022-02-19,Tuolumne,109,53932,12469,12036,540,12576,175
2022-02-19,Ventura,111,848112,170977,170331,9243,179574,1384
2022-02-19,Yolo,113,214977,36252,35363,2925,38288,293
2022-02-19,Yuba,115,75493,15567,15449,1144,16593,112
2022-02-18,Alameda,001,1643700,250263,246028,13261,259289,1700
2022-02-18,Alpine,003,1148,121,124,1,125,0
2022-02-18,Amador,005,37829,8300,8203,626,8829,79
2022-02-18,Butte,007,227075,32542,32173,6774,38947,364
2022-02-18,Calaveras,009,45235,7140,7136,334,7470,107
2022-02-18,Colusa,011,21464,3403,3389,1033,4422,21
2022-02-18,Contra Costa,013,1133247,187154,182797,12790,195587,1190
2022-02-18,Del Norte,015,27424,5567,5511,167,5678,45
2022-02-18,El Dorado,017,186661,26345,26101,3152,29253,189
2022-02-18,Fresno,019,978130,227515,223594,23216,246810,2544
2022-02-18,Glenn,021,27897,4915,4881,1582,6463,39
2022-02-18,Humboldt,023,135768,16474,16393,2840,19233,132
2022-02-18,Imperial,025,180216,54654,53967,10367,64334,862
2022-02-18,Inyo,027,18085,4033,4018,445,4463,52
2022-02-18,Kern,029,883053,189496,187158,45035,232193,2095
2022-02-18,Kings,031,150075,50565,49724,3450,53174,421
2022-02-18,Lake,033,64148,10377,10184,855,11039,126
2022-02-18,Lassen,035,31185,8753,8640,862,9502,55
2022-02-18,Los Angeles,037,10098052,2679631,2642878,121228,2764106,29842
2022-02-18,Madera,039,155013,36712,36526,5889,42415,330
2022-02-18,Marin,041,260295,32654,32441,2139,34580,258
2022-02-18,Mariposa,043,17540,2324,2310,188,2498,6
2022-02-18,Mendocino,045,87422,12782,12625,2906,15531,110
2022-02-18,Merced,047,269075,61388,60886,8399,69285,769
2022-02-18,Modoc,049,8938,720,714,246,960,6
2022-02-18,Mono,051,14174,2952,2956,118,3074,5
2022-02-18,Monterey,053,433212,78021,76765,12982,89747,682
2022-02-18,Napa,055,140530,25099,24970,914,25884,127
2022-02-18,Nevada,057,99092,15693,15715,1144,16859,121
2022-02-18,Orange,059,3164182,539971,538019,40302,578321,6416
2022-02-18,Placer,061,380077,61814,61417,7204,68621,560
2022-02-18,Plumas,063,18699,2919,2646,347,2993,13
2022-02-18,Riverside,065,2383286,585657,581788,27265,609053,6087
2022-02-18,Sacramento,067,1510023,276607,270080,25946,296026,2747
2022-02-18,San Benito,069,59416,12705,12665,500,13165,92
2022-02-18,San Bernardino,071,2135413,569445,553151,24557,577708,6400
2022-02-18,San Diego,073,3302833,739217,729549,51485,781034,4947
2022-02-18,San Francisco,075,870044,120663,121197,7982,129179,756
2022-02-18,San Joaquin,077,732212,164240,163083,9688,172771,2033
2022-02-18,San Luis Obispo,079,281455,51367,50823,3618,54441,424
2022-02-18,San Mateo,081,765935,118934,116648,6715,123363,598
2022-02-18,Santa Barbara,083,443738,84465,83988,4607,88595,642
2022-02-18,Santa Clara,085,1922200,303588,303077,11991,315068,2138
2022-02-18,Santa Cruz,087,273765,46235,45532,2040,47572,250
2022-02-18,Shasta,089,179085,29996,29847,5965,35812,479
2022-02-18,Sierra,091,2930,271,269,46,315,0
2022-02-18,Siskiyou,093,43540,4361,4307,2654,6961,70
2022-02-18,Solano,095,438530,79841,78914,5443,84357,424
2022-02-18,Sonoma,097,501317,81765,80843,2494,83337,431
2022-02-18,Stanislaus,099,539301,115996,115976,17497,133473,1454
2022-02-18,Sutter,101,95872,20141,20060,1964,22024,210
2022-02-18,Tehama,103,63373,11852,11760,2557,14317,152
2022-02-18,Trinity,105,12862,1166,1130,282,1412,20
2022-02-18,Tulare,107,460477,104960,101996,26987,128983,1286
2022-02-18,Tuolumne,109,53932,12463,12036,539,12575,175
2022-02-18,Ventura,111,848112,170887,170331,9238,179569,1384
2022-02-18,Yolo,113,214977,36224,35363,2923,38286,293
2022-02-18,Yuba,115,75493,15552,15449,1144,16593,112
2022-02-17,Alameda,001,1643700,250000,246028,13241,259269,1700
2022-02-17,Alpine,003,1148,121,124,1,125,0
2022-02-17,Amador,005,37829,8296,8203,624,8827,79
2022-02-17,Butte,007,227075,32504,32173,6770,38943,364
2022-02-17,Calaveras,009,45235,7131,7136,331,7467,107
2022-02-17,Colusa,011,21464,3400,3389,1033,4422,21
2022-02-17,Contra Costa,013,1133247,186958,182797,12758,195555,1190
2022-02-17,Del Norte,015,27424,5546,5511,167,5678,45
2022-02-17,El Dorado,017,186661,26319,26101,3142,29243,189
2022-02-17,Fresno,019,978130,227221,223594,23185,246779,2544
2022-02-17,Glenn,021,27897,4913,4881,1579,6460,39
2022-02-17,Humboldt,023,135768,16434,16393,2839,19232,132
2022-02-17,Imperial,025,180216,54583,53967,10351,64318,862
2022-02-17,Inyo,027,18085,4031,4018,444,4462,52
2022-02-17,Kern,029,883053,189342,187158,44986,232144,2095
2022-02-17,Kings,031,150075,50501,49724,3445,53169,421
2022-02-17,Lake,033,64148,10347,10184,851,11035,126
2022-02-17,Lassen,035,31185,8743,8640,860,9500,55
2022-02-17,Los Angeles,037,10098052,2677790,2642878,121148,2764026,29842
2022-02-17,Madera,039,155013,36669,36526,5882,42408,330
2022-02-17,Marin,041,260295,32628,32441,2138,34579,258
2022-02-17,Mariposa,043,17540,2322,2310,187,2497,6
2022-02-17,Mendocino,045,87422,12765,12625,2903,15528,110
2022-02-17,Merced,047,269075,61314,60886,8383,69269,769
2022-02-17,Modoc,049,8938,719,714,246,960,6
2022-02-17,Mono,051,14174,2950,2956,118,3074,5
2022-02-17,Monterey,053,433212,77909,76765,12940,89705,682
2022-02-17,Napa,055,140530,25067,24970,912,25882,127
2022-02-17,Nevada,057,99092,15681,15715,1143,16858,121
2022-02-17,Orange,059,3164182,539632,538019,40275,578294,6416
2022-02-17,Placer,061,380077,61772,61417,7196,68613,560
2022-02-17,Plumas,063,18699,2916,2646,347,2993,13
2022-02-17,Riverside,065,2383286,585285,581788,27238,609026,6087
2022-02-17,Sacramento,067,1510023,276322,270080,25898,295978,2747
2022-02-17,San Benito,069,59416,12694,12665,500,13165,92
2022-02-17,San Bernardino,071,2135413,569142,553151,24543,577694,6400
2022-02-17,San Diego,073,3302833,738621,729549,51432,780981,4947
2022-02-17,San Francisco,075,870044,120529,121197,7972,129169,756
2022-02-17,San Joaquin,077,732212,164076,163083,9675,172758,2033
2022-02-17,San Luis Obispo,079,281455,51262,50823,3610,54433,424
2022-02-17,San Mateo,081,765935,118840,116648,6706,123354,598
2022-02-17,Santa Barbara,083,443738,84365,83988,4600,88588,642
2022-02-17,Santa Clara,085,1922200,303224,303077,11977,315054,2138
2022-02-17,Santa Cruz,087,273765,46153,45532,2038,47570,250
2022-02-17,Shasta,089,179085,29969,29847,5962,35809,479
2022-02-17,Sierra,091,2930,271,269,46,315,0
2022-02-17,Siskiyou,093,43540,4352,4307,2650,6957,70
2022-02-17,Solano,095,438530,79760,78914,5436,84350,424
2022-02-17,Sonoma,097,501317,81699,80843,2487,83330,431
2022-02-17,Stanislaus,099,539301,115892,115976,17480,133456,1454
2022-02-17,Sutter,101,95872,20126,20060,1956,22016,210
2022-02-17,Tehama,103,63373,11844,11760,2556,14316,152
2022-02-17,Trinity,105,12862,1164,1130,280,1410,20
2022-02-17,Tulare,107,460477,104847,101996,26963,128959,1286
2022-02-17,Tuolumne,109,53932,12452,12036,539,12575,175
2022-02-17,Ventura,111,848112,170747,170331,9237,179568,1384
2022-02-17,Yolo,113,214977,36186,35363,2922,38285,293
2022-02-17,Yuba,115,75493,15537,15449,1144,16593,112
2022-02-16,Alameda,001,1643700,249689,245662,13203,258865,1691
2022-02-16,Alpine,003,1148,121,124,1,125,0
2022-02-16,Amador,005,37829,8278,8197,623,8820,77
2022-02-16,Butte,007,227075,32461,32095,6757,38852,363
2022-02-16,Calaveras,009,45235,7127,7129,328,7457,107
2022-02-16,Colusa,011,21464,3395,3384,1033,4417,21
2022-02-16,Contra Costa,013,1133247,186723,182423,12722,195145,1179
2022-02-16,Del Norte,015,27424,5526,5473,164,5637,45
2022-02-16,El Dorado,017,186661,26292,26061,3138,29199,189
2022-02-16,Fresno,019,978130,226861,223056,23136,246192,2542
2022-02-16,Glenn,021,27897,4909,4873,1574,6447,39
2022-02-16,Humboldt,023,135768,16410,16342,2829,19171,132
2022-02-16,Imperial,025,180216,54505,53901,10323,64224,861
2022-02-16,Inyo,027,18085,4028,4013,443,4456,52
2022-02-16,Kern,029,883053,189125,186740,44901,231641,2084
2022-02-16,Kings,031,150075,50448,49575,3437,53012,420
2022-02-16,Lake,033,64148,10322,10145,851,10996,125
2022-02-16,Lassen,035,31185,8710,8618,860,9478,55
2022-02-16,Los Angeles,037,10098052,2675697,2640005,121039,2761044,29749
2022-02-16,Madera,039,155013,36601,36382,5868,42250,330
2022-02-16,Marin,041,260295,32592,32381,2136,34517,257
2022-02-16,Mariposa,043,17540,2320,2305,187,2492,6
2022-02-16,Mendocino,045,87422,12743,12605,2893,15498,108
2022-02-16,Merced,047,269075,61248,60776,8351,69127,767
2022-02-16,Modoc,049,8938,719,711,242,953,6
2022-02-16,Mono,051,14174,2948,2953,118,3071,5
2022-02-16,Monterey,053,433212,77762,76624,12899,89523,682
2022-02-16,Napa,055,140530,25028,24897,909,25806,128
2022-02-16,Nevada,057,99092,15664,15677,1139,16816,121
2022-02-16,Orange,059,3164182,539231,537934,40231,578165,6392
2022-02-16,Placer,061,380077,61729,61278,7184,68462,556
2022-02-16,Plumas,063,18699,2913,2644,345,2989,13
2022-02-16,Riverside,065,2383286,584887,580828,27192,608020,6064
2022-02-16,Sacramento,067,1510023,275997,269416,25842,295258,2736
2022-02-16,San Benito,069,59416,12667,12644,500,13144,92
2022-02-16,San Bernardino,071,2135413,568868,552353,24521,576874,6379
2022-02-16,San Diego,073,3302833,737861,728610,51355,779965,4931
2022-02-16,San Francisco,075,870044,120356,120987,7969,128956,756
2022-02-16,San Joaquin,077,732212,163909,162752,9665,172417,2032
2022-02-16,San Luis Obispo,079,281455,51190,50704,3598,54302,425
2022-02-16,San Mateo,081,765935,118722,116438,6688,123126,595
2022-02-16,Santa Barbara,083,443738,84289,83968,4588,88556,642
2022-02-16,Santa Clara,085,1922200,302838,302439,11944,314383,2130
2022-02-16,Santa Cruz,087,273765,46063,45274,2036,47310,250
2022-02-16,Shasta,089,179085,29931,29767,5950,35717,477
2022-02-16,Sierra,091,2930,270,269,46,315,0
2022-02-16,Siskiyou,093,43540,4345,4302,2644,6946,71
2022-02-16,Solano,095,438530,79645,78742,5430,84172,422
2022-02-16,Sonoma,097,501317,81571,80642,2477,83119,431
2022-02-16,Stanislaus,099,539301,115773,115751,17447,133198,1443
2022-02-16,Sutter,101,95872,20109,20020,1953,21973,210
2022-02-16,Tehama,103,63373,11827,11738,2554,14292,152
2022-02-16,Trinity,105,12862,1164,1130,279,1409,20
2022-02-16,Tulare,107,460477,104727,101817,26913,128730,1281
2022-02-16,Tuolumne,109,53932,12440,11991,538,12529,171
2022-02-16,Ventura,111,848112,170611,170117,9229,179346,1372
2022-02-16,Yolo,113,214977,36135,35284,2920,38204,292
2022-02-16,Yuba,115,75493,15515,15405,1141,16546,110
2022-02-15,Alameda,001,1643700,249338,245265,13175,258440,1683
2022-02-15,Alpine,003,1148,121,124,1,125,0
2022-02-15,Amador,005,37829,8268,8183,622,8805,77
2022-02-15,Butte,007,227075,32411,32011,6743,38754,361
2022-02-15,Calaveras,009,45235,7117,7115,328,7443,106
2022-02-15,Colusa,011,21464,3387,3374,1032,4406,21
2022-02-15,Contra Costa,013,1133247,186466,182041,12692,194733,1179
2022-02-15,Del Norte,015,27424,5498,5439,163,5602,45
2022-02-15,El Dorado,017,186661,26273,25988,3133,29121,189
2022-02-15,Fresno,019,978130,226485,222673,23078,245751,2543
2022-02-15,Glenn,021,27897,4900,4862,1573,6435,39
2022-02-15,Humboldt,023,135768,16365,16297,2814,19111,132
2022-02-15,Imperial,025,180216,54442,53813,10308,64121,860
2022-02-15,Inyo,027,18085,4027,4009,442,4451,52
2022-02-15,Kern,029,883053,188905,186324,44810,231134,2072
2022-02-15,Kings,031,150075,50355,49473,3428,52901,418
2022-02-15,Lake,033,64148,10290,10112,845,10957,123
2022-02-15,Lassen,035,31185,8696,8587,858,9445,55
2022-02-15,Los Angeles,037,10098052,2673440,2638266,120907,2759173,29691
2022-02-15,Madera,039,155013,36535,36260,5848,42108,330
2022-02-15,Marin,041,260295,32550,32355,2134,34489,255
2022-02-15,Mariposa,043,17540,2319,2302,187,2489,6
2022-02-15,Mendocino,045,87422,12726,12580,2874,15454,108
2022-02-15,Merced,047,269075,61167,60674,8320,68994,763
2022-02-15,Modoc,049,8938,717,710,239,949,6
2022-02-15,Mono,051,14174,2947,2952,118,3070,5
2022-02-15,Monterey,053,433212,77636,75530,12841,88371,682
2022-02-15,Napa,055,140530,24978,24832,902,25734,127
2022-02-15,Nevada,057,99092,15638,15643,1138,16781,121
2022-02-15,Orange,059,3164182,538773,537478,40189,577667,6374
2022-02-15,Placer,061,380077,61668,61170,7173,68343,554
2022-02-15,Plumas,063,18699,2909,2638,345,2983,13
2022-02-15,Riverside,065,2383286,584400,579940,27133,607073,6049
2022-02-15,Sacramento,067,1510023,275611,268950,25764,294714,2721
2022-02-15,San Benito,069,59416,12648,12616,500,13116,91
2022-02-15,San Bernardino,071,2135413,568505,551803,24501,576304,6372
2022-02-15,San Diego,073,3302833,736900,727486,51252,778738,4914
2022-02-15,San Francisco,075,870044,120185,120759,7958,128717,756
2022-02-15,San Joaquin,077,732212,163690,162518,9652,172170,2021
2022-02-15,San Luis Obispo,079,281455,51093,50534,3583,54117,419
2022-02-15,San Mateo,081,765935,118586,116253,6668,122921,595
2022-02-15,Santa Barbara,083,443738,84154,83734,4574,88308,640
2022-02-15,Santa Clara,085,1922200,302346,301831,11907,313738,2130
2022-02-15,Santa Cruz,087,273765,45959,45171,2031,47202,250
2022-02-15,Shasta,089,179085,29880,29684,5936,35620,477
2022-02-15,Sierra,091,2930,270,269,46,315,0
2022-02-15,Siskiyou,093,43540,4338,4288,2637,6925,70
2022-02-15,Solano,095,438530,79511,78626,5425,84051,426
2022-02-15,Sonoma,097,501317,81450,80433,2471,82904,431
2022-02-15,Stanislaus,099,539301,115632,115549,17416,132965,1429
2022-02-15,Sutter,101,95872,20081,19980,1948,21928,208
2022-02-15,Tehama,103,63373,11809,11717,2552,14269,151
2022-02-15,Trinity,105,12862,1158,1125,276,1401,20
2022-02-15,Tulare,107,460477,104575,101645,26858,128503,1278
2022-02-15,Tuolumne,109,53932,12421,11945,536,12481,171
2022-02-15,Ventura,111,848112,170437,169942,9222,179164,1372
2022-02-15,Yolo,113,214977,36084,35241,2912,38153,289
2022-02-15,Yuba,115,75493,15487,15372,1136,16508,109
2022-02-14,Alameda,001,1643700,248902,244315,13143,257458,1677
2022-02-14,Alpine,003,1148,121,125,1,126,0
2022-02-14,Amador,005,37829,8253,8164,619,8783,77
2022-02-14,Butte,007,227075,32354,31946,6728,38674,360
2022-02-14,Calaveras,009,45235,7104,7097,326,7423,106
2022-02-14,Colusa,011,21464,3384,3367,1028,4395,21
2022-02-14,Contra Costa,013,1133247,186182,181753,12654,194407,1167
2022-02-14,Del Norte,015,27424,5475,5426,162,5588,45
2022-02-14,El Dorado,017,186661,26238,25915,3124,29039,188
2022-02-14,Fresno,019,978130,226004,222360,22991,245351,2538
2022-02-14,Glenn,021,27897,4894,4854,1573,6427,39
2022-02-14,Humboldt,023,135768,16325,16264,2789,19053,132
2022-02-14,Imperial,025,180216,54371,53765,10282,64047,860
2022-02-14,Inyo,027,18085,4026,4010,441,4451,52
2022-02-14,Kern,029,883053,188561,186037,44702,230739,2063
2022-02-14,Kings,031,150075,50249,49395,3419,52814,419
2022-02-14,Lake,033,64148,10253,10090,842,10932,123
2022-02-14,Lassen,035,31185,8686,8539,856,9395,55
2022-02-14,Los Angeles,037,10098052,2670857,2636064,120779,2756843,29650
2022-02-14,Madera,039,155013,36471,36194,5825,42019,330
2022-02-14,Marin,041,260295,32514,32304,2131,34435,255
2022-02-14,Mariposa,043,17540,2312,2295,187,2482,6
2022-02-14,Mendocino,045,87422,12699,12541,2842,15383,108
2022-02-14,Merced,047,269075,61078,60591,8278,68869,758
2022-02-14,Modoc,049,8938,712,707,239,946,6
2022-02-14,Mono,051,14174,2946,2954,118,3072,5
2022-02-14,Monterey,053,433212,77465,75407,12761,88168,678
2022-02-14,Napa,055,140530,24919,24776,902,25678,127
2022-02-14,Nevada,057,99092,15619,15629,1137,16766,121
2022-02-14,Orange,059,3164182,538268,536924,40124,577048,6355
2022-02-14,Placer,061,380077,61598,61123,7158,68281,554
2022-02-14,Plumas,063,18699,2907,2631,345,2976,13
2022-02-14,Riverside,065,2383286,583854,579174,27065,606239,5994
2022-02-14,Sacramento,067,1510023,275171,268547,25653,294200,2717
2022-02-14,San Benito,069,59416,12624,12598,499,13097,91
2022-02-14,San Bernardino,071,2135413,568090,551338,24481,575819,6372
2022-02-14,San Diego,073,3302833,735932,723902,51149,775051,4894
2022-02-14,San Francisco,075,870044,119994,120581,7948,128529,756
2022-02-14,San Joaquin,077,732212,163450,162363,9629,171992,2018
2022-02-14,San Luis Obispo,079,281455,50985,50465,3573,54038,416
2022-02-14,San Mateo,081,765935,118422,116129,6660,122789,592
2022-02-14,Santa Barbara,083,443738,84008,83697,4564,88261,636
2022-02-14,Santa Clara,085,1922200,301814,301319,11883,313202,2127
2022-02-14,Santa Cruz,087,273765,45796,45042,2027,47069,250
2022-02-14,Shasta,089,179085,29794,29595,5919,35514,474
2022-02-14,Sierra,091,2930,270,269,46,315,0
2022-02-14,Siskiyou,093,43540,4325,4278,2623,6901,69
2022-02-14,Solano,095,438530,79332,78533,5413,83946,427
2022-02-14,Sonoma,097,501317,81309,80336,2459,82795,431
2022-02-14,Stanislaus,099,539301,115454,115426,17373,132799,1406
2022-02-14,Sutter,101,95872,20053,19957,1942,21899,209
2022-02-14,Tehama,103,63373,11786,11686,2551,14237,151
2022-02-14,Trinity,105,12862,1155,1123,276,1399,20
2022-02-14,Tulare,107,460477,104368,101448,26763,128211,1276
2022-02-14,Tuolumne,109,53932,12392,11920,533,12453,170
2022-02-14,Ventura,111,848112,170260,169725,9210,178935,1361
2022-02-14,Yolo,113,214977,36025,35112,2902,38014,286
2022-02-14,Yuba,115,75493,15457,15375,1132,16507,108
2022-02-13,Alameda,001,1643700,248413,243681,13109,256790,1677
2022-02-13,Alpine,003,1148,121,125,1,126,0
2022-02-13,Amador,005,37829,8224,8146,616,8762,77
2022-02-13,Butte,007,227075,32281,31865,6706,38571,360
2022-02-13,Calaveras,009,45235,7097,7083,323,7406,106
2022-02-13,Colusa,011,21464,3382,3366,1026,4392,21
2022-02-13,Contra Costa,013,1133247,185818,181313,12590,193903,1159
2022-02-13,Del Norte,015,27424,5442,5379,162,5541,45
2022-02-13,El Dorado,017,186661,26201,25871,3116,28987,188
2022-02-13,Fresno,019,978130,225467,221686,22931,244617,2537
2022-02-13,Glenn,021,27897,4884,4847,1570,6417,39
2022-02-13,Humboldt,023,135768,16278,16210,2761,18971,132
2022-02-13,Imperial,025,180216,54273,53658,10247,63905,860
2022-02-13,Inyo,027,18085,4023,4006,439,4445,52
2022-02-13,Kern,029,883053,188309,185640,44617,230257,2063
2022-02-13,Kings,031,150075,50122,49243,3408,52651,416
2022-02-13,Lake,033,64148,10190,10042,835,10877,123
2022-02-13,Lassen,035,31185,8661,8503,854,9357,55
2022-02-13,Los Angeles,037,10098052,2667683,2631267,120639,2751906,29595
2022-02-13,Madera,039,155013,36354,36054,5797,41851,330
2022-02-13,Marin,041,260295,32443,32222,2124,34346,255
2022-02-13,Mariposa,043,17540,2306,2292,185,2477,6
2022-02-13,Mendocino,045,87422,12670,12521,2803,15324,108
2022-02-13,Merced,047,269075,60936,60460,8225,68685,758
2022-02-13,Modoc,049,8938,710,704,232,936,6
2022-02-13,Mono,051,14174,2945,2949,118,3067,5
2022-02-13,Monterey,053,433212,77258,75295,12687,87982,678
2022-02-13,Napa,055,140530,24842,24743,899,25642,127
2022-02-13,Nevada,057,99092,15585,15590,1130,16720,121
2022-02-13,Orange,059,3164182,537642,536134,40062,576196,6355
2022-02-13,Placer,061,380077,61522,61020,7137,68157,554
2022-02-13,Plumas,063,18699,2899,2626,342,2968,13
2022-02-13,Riverside,065,2383286,583262,578363,27024,605387,5995
2022-02-13,Sacramento,067,1510023,274661,267947,25524,293471,2699
2022-02-13,San Benito,069,59416,12591,12578,498,13076,91
2022-02-13,San Bernardino,071,2135413,567603,550632,24448,575080,6367
2022-02-13,San Diego,073,3302833,734794,723902,51029,774931,4894
2022-02-13,San Francisco,075,870044,119742,120295,7936,128231,756
2022-02-13,San Joaquin,077,732212,163143,162028,9601,171629,2018
2022-02-13,San Luis Obispo,079,281455,50840,50384,3565,53949,415
2022-02-13,San Mateo,081,765935,118201,115876,6634,122510,592
2022-02-13,Santa Barbara,083,443738,83843,83547,4557,88104,635
2022-02-13,Santa Clara,085,1922200,301175,300412,11846,312258,2114
2022-02-13,Santa Cruz,087,273765,45641,44887,2025,46912,240
2022-02-13,Shasta,089,179085,29715,29531,5896,35427,474
2022-02-13,Sierra,091,2930,270,269,46,315,0
2022-02-13,Siskiyou,093,43540,4318,4264,2607,6871,69
2022-02-13,Solano,095,438530,79175,78424,5389,83813,426
2022-02-13,Sonoma,097,501317,81143,80172,2447,82619,431
2022-02-13,Stanislaus,099,539301,115259,115156,17333,132489,1406
2022-02-13,Sutter,101,95872,20014,19900,1942,21842,209
2022-02-13,Tehama,103,63373,11760,11644,2548,14192,151
2022-02-13,Trinity,105,12862,1152,1120,273,1393,20
2022-02-13,Tulare,107,460477,104151,101135,26675,127810,1276
2022-02-13,Tuolumne,109,53932,12366,11891,528,12419,170
2022-02-13,Ventura,111,848112,170066,169422,9190,178612,1361
2022-02-13,Yolo,113,214977,35958,35057,2890,37947,286
2022-02-13,Yuba,115,75493,15423,15346,1131,16477,107
2022-02-12,Alameda,001,1643700,248191,242137,13095,255232,1668
2022-02-12,Alpine,003,1148,121,124,1,125,0
2022-02-12,Amador,005,37829,8218,8091,616,8707,76
2022-02-12,Butte,007,227075,32254,31601,6700,38301,360
2022-02-12,Calaveras,009,45235,7094,7022,322,7344,106
2022-02-12,Colusa,011,21464,3379,3345,1026,4371,21
2022-02-12,Contra Costa,013,1133247,185627,180270,12583,192853,1141
2022-02-12,Del Norte,015,27424,5423,5262,162,5424,45
2022-02-12,El Dorado,017,186661,26185,25692,3116,28808,188
2022-02-12,Fresno,019,978130,225256,219909,22916,242825,2509
2022-02-12,Glenn,021,27897,4883,4818,1569,6387,39
2022-02-12,Humboldt,023,135768,16254,16058,2758,18816,132
2022-02-12,Imperial,025,180216,54229,53304,10237,63541,860
2022-02-12,Inyo,027,18085,4021,3991,439,4430,52
2022-02-12,Kern,029,883053,188198,184639,44580,229219,2037
2022-02-12,Kings,031,150075,50082,48893,3401,52294,415
2022-02-12,Lake,033,64148,10169,9926,831,10757,123
2022-02-12,Lassen,035,31185,8638,8477,853,9330,55
2022-02-12,Los Angeles,037,10098052,2666522,2616426,120567,2736993,29364
2022-02-12,Madera,039,155013,36320,35710,5790,41500,330
2022-02-12,Marin,041,260295,32411,32048,2121,34169,255
2022-02-12,Mariposa,043,17540,2306,2286,185,2471,6
2022-02-12,Mendocino,045,87422,12654,12439,2803,15242,107
2022-02-12,Merced,047,269075,60882,60187,8220,68407,758
2022-02-12,Modoc,049,8938,710,697,232,929,6
2022-02-12,Mono,051,14174,2944,2939,118,3057,5
2022-02-12,Monterey,053,433212,77197,74842,12665,87507,672
2022-02-12,Napa,055,140530,24814,24530,899,25429,124
2022-02-12,Nevada,057,99092,15572,15499,1129,16628,119
2022-02-12,Orange,059,3164182,537352,534503,40026,574529,6305
2022-02-12,Placer,061,380077,61465,60636,7134,67770,554
2022-02-12,Plumas,063,18699,2898,2617,341,2958,13
2022-02-12,Riverside,065,2383286,582900,575566,27001,602567,5961
2022-02-12,Sacramento,067,1510023,274425,266347,25515,291862,2686
2022-02-12,San Benito,069,59416,12579,12526,498,13024,91
2022-02-12,San Bernardino,071,2135413,567369,548822,24436,573258,6360
2022-02-12,San Diego,073,3302833,734295,720287,50977,771264,4854
2022-02-12,San Francisco,075,870044,119620,119113,7925,127038,740
2022-02-12,San Joaquin,077,732212,163012,161234,9595,170829,2014
2022-02-12,San Luis Obispo,079,281455,50804,50064,3562,53626,416
2022-02-12,San Mateo,081,765935,118113,115235,6627,121862,589
2022-02-12,Santa Barbara,083,443738,83757,83390,4550,87940,631
2022-02-12,Santa Clara,085,1922200,300837,298176,11838,310014,2093
2022-02-12,Santa Cruz,087,273765,45605,44447,2023,46470,239
2022-02-12,Shasta,089,179085,29686,29370,5892,35262,473
2022-02-12,Sierra,091,2930,270,268,46,314,0
2022-02-12,Siskiyou,093,43540,4310,4231,2604,6835,68
2022-02-12,Solano,095,438530,79133,77865,5384,83249,424
2022-02-12,Sonoma,097,501317,81039,79533,2445,81978,431
2022-02-12,Stanislaus,099,539301,115134,114531,17320,131851,1406
2022-02-12,Sutter,101,95872,19999,19800,1942,21742,211
2022-02-12,Tehama,103,63373,11745,11580,2548,14128,151
2022-02-12,Trinity,105,12862,1151,1115,273,1388,20
2022-02-12,Tulare,107,460477,104056,100434,26638,127072,1273
2022-02-12,Tuolumne,109,53932,12348,11754,528,12282,125
2022-02-12,Ventura,111,848112,169959,168736,9185,177921,1340
2022-02-12,Yolo,113,214977,35917,34773,2887,37660,286
2022-02-12,Yuba,115,75493,15409,15242,1130,16372,107
2022-02-11,Alameda,001,1643700,247912,242137,13080,255217,1668
2022-02-11,Alpine,003,1148,121,124,1,125,0
2022-02-11,Amador,005,37829,8206,8091,616,8707,76
2022-02-11,Butte,007,227075,32210,31601,6689,38290,360
2022-02-11,Calaveras,009,45235,7091,7022,322,7344,106
2022-02-11,Colusa,011,21464,3377,3345,1025,4370,21
2022-02-11,Contra Costa,013,1133247,185422,180270,12564,192834,1141
2022-02-11,Del Norte,015,27424,5407,5262,161,5423,45
2022-02-11,El Dorado,017,186661,26166,25692,3115,28807,188
2022-02-11,Fresno,019,978130,224961,219909,22898,242807,2509
2022-02-11,Glenn,021,27897,4879,4818,1569,6387,39
2022-02-11,Humboldt,023,135768,16225,16058,2753,18811,132
2022-02-11,Imperial,025,180216,54200,53304,10226,63530,860
2022-02-11,Inyo,027,18085,4017,3991,435,4426,52
2022-02-11,Kern,029,883053,188040,184639,44529,229168,2037
2022-02-11,Kings,031,150075,50042,48893,3400,52293,415
2022-02-11,Lake,033,64148,10144,9926,829,10755,123
2022-02-11,Lassen,035,31185,8598,8477,853,9330,55
2022-02-11,Los Angeles,037,10098052,2664891,2616426,120477,2736903,29364
2022-02-11,Madera,039,155013,36278,35710,5784,41494,330
2022-02-11,Marin,041,260295,32379,32048,2118,34166,255
2022-02-11,Mariposa,043,17540,2301,2286,185,2471,6
2022-02-11,Mendocino,045,87422,12638,12439,2803,15242,107
2022-02-11,Merced,047,269075,60832,60187,8213,68400,758
2022-02-11,Modoc,049,8938,708,697,232,929,6
2022-02-11,Mono,051,14174,2943,2939,118,3057,5
2022-02-11,Monterey,053,433212,77081,74842,12652,87494,672
2022-02-11,Napa,055,140530,24787,24530,899,25429,124
2022-02-11,Nevada,057,99092,15558,15499,1126,16625,119
2022-02-11,Orange,059,3164182,537001,534503,39966,574469,6305
2022-02-11,Placer,061,380077,61413,60636,7132,67768,554
2022-02-11,Plumas,063,18699,2894,2617,339,2956,13
2022-02-11,Riverside,065,2383286,582483,575566,26985,602551,5961
2022-02-11,Sacramento,067,1510023,274161,266347,25503,291850,2686
2022-02-11,San Benito,069,59416,12574,12526,498,13024,91
2022-02-11,San Bernardino,071,2135413,567054,548822,24422,573244,6360
2022-02-11,San Diego,073,3302833,733592,720287,50918,771205,4854
2022-02-11,San Francisco,075,870044,119499,119113,7909,127022,740
2022-02-11,San Joaquin,077,732212,162844,161234,9583,170817,2014
2022-02-11,San Luis Obispo,079,281455,50767,50064,3558,53622,416
2022-02-11,San Mateo,081,765935,117995,115235,6618,121853,589
2022-02-11,Santa Barbara,083,443738,83673,83390,4549,87939,631
2022-02-11,Santa Clara,085,1922200,300414,298176,11821,309997,2093
2022-02-11,Santa Cruz,087,273765,45513,44447,2023,46470,239
2022-02-11,Shasta,089,179085,29655,29370,5884,35254,473
2022-02-11,Sierra,091,2930,269,268,45,313,0
2022-02-11,Siskiyou,093,43540,4299,4231,2598,6829,68
2022-02-11,Solano,095,438530,79008,77865,5378,83243,424
2022-02-11,Sonoma,097,501317,80952,79533,2440,81973,431
2022-02-11,Stanislaus,099,539301,115034,114531,17305,131836,1406
2022-02-11,Sutter,101,95872,19976,19800,1940,21740,211
2022-02-11,Tehama,103,63373,11732,11580,2548,14128,151
2022-02-11,Trinity,105,12862,1150,1115,272,1387,20
2022-02-11,Tulare,107,460477,103938,100434,26587,127021,1273
2022-02-11,Tuolumne,109,53932,12333,11754,526,12280,125
2022-02-11,Ventura,111,848112,169820,168736,9180,177916,1340
2022-02-11,Yolo,113,214977,35884,34773,2885,37658,286
2022-02-11,Yuba,115,75493,15392,15242,1129,16371,107
2022-02-10,Alameda,001,1643700,247386,242137,13033,255170,1668
2022-02-10,Alpine,003,1148,121,124,1,125,0
2022-02-10,Amador,005,37829,8194,8091,610,8701,76
2022-02-10,Butte,007,227075,32158,31601,6675,38276,360
2022-02-10,Calaveras,009,45235,7079,7022,320,7342,106
2022-02-10,Colusa,011,21464,3371,3345,1023,4368,21
2022-02-10,Contra Costa,013,1133247,185060,180270,12500,192770,1141
2022-02-10,Del Norte,015,27424,5378,5262,159,5421,45
2022-02-10,El Dorado,017,186661,26121,25692,3108,28800,188
2022-02-10,Fresno,019,978130,224382,219909,22813,242722,2509
2022-02-10,Glenn,021,27897,4875,4818,1567,6385,39
2022-02-10,Humboldt,023,135768,16175,16058,2731,18789,132
2022-02-10,Imperial,025,180216,54131,53304,10183,63487,860
2022-02-10,Inyo,027,18085,4013,3991,435,4426,52
2022-02-10,Kern,029,883053,187732,184639,44420,229059,2037
2022-02-10,Kings,031,150075,49931,48893,3389,52282,415
2022-02-10,Lake,033,64148,10113,9926,827,10753,123
2022-02-10,Lassen,035,31185,8584,8477,851,9328,55
2022-02-10,Los Angeles,037,10098052,2661735,2616426,120291,2736717,29364
2022-02-10,Madera,039,155013,36181,35710,5753,41463,330
2022-02-10,Marin,041,260295,32321,32048,2106,34154,255
2022-02-10,Mariposa,043,17540,2297,2286,184,2470,6
2022-02-10,Mendocino,045,87422,12616,12439,2779,15218,107
2022-02-10,Merced,047,269075,60708,60187,8160,68347,758
2022-02-10,Modoc,049,8938,707,697,231,928,6
2022-02-10,Mono,051,14174,2941,2939,117,3056,5
2022-02-10,Monterey,053,433212,76898,74842,12572,87414,672
2022-02-10,Napa,055,140530,24723,24530,897,25427,124
2022-02-10,Nevada,057,99092,15533,15499,1125,16624,119
2022-02-10,Orange,059,3164182,536352,534503,39899,574402,6305
2022-02-10,Placer,061,380077,61332,60636,7123,67759,554
2022-02-10,Plumas,063,18699,2891,2617,332,2949,13
2022-02-10,Riverside,065,2383286,581766,575566,26930,602496,5961
2022-02-10,Sacramento,067,1510023,273679,266347,25415,291762,2686
2022-02-10,San Benito,069,59416,12553,12526,496,13022,91
2022-02-10,San Bernardino,071,2135413,566507,548822,24392,573214,6360
2022-02-10,San Diego,073,3302833,732486,720287,50792,771079,4854
2022-02-10,San Francisco,075,870044,119286,119113,7892,127005,740
2022-02-10,San Joaquin,077,732212,162532,161234,9575,170809,2014
2022-02-10,San Luis Obispo,079,281455,50668,50064,3547,53611,416
2022-02-10,San Mateo,081,765935,117769,115235,6601,121836,589
2022-02-10,Santa Barbara,083,443738,83489,83390,4543,87933,631
2022-02-10,Santa Clara,085,1922200,299747,298176,11765,309941,2093
2022-02-10,Santa Cruz,087,273765,45369,44447,2022,46469,239
2022-02-10,Shasta,089,179085,29593,29370,5864,35234,473
2022-02-10,Sierra,091,2930,269,268,45,313,0
2022-02-10,Siskiyou,093,43540,4294,4231,2585,6816,68
2022-02-10,Solano,095,438530,78815,77865,5359,83224,424
2022-02-10,Sonoma,097,501317,80816,79533,2423,81956,431
2022-02-10,Stanislaus,099,539301,114854,114531,17266,131797,1406
2022-02-10,Sutter,101,95872,19937,19800,1925,21725,211
2022-02-10,Tehama,103,63373,11702,11580,2545,14125,151
2022-02-10,Trinity,105,12862,1147,1115,271,1386,20
2022-02-10,Tulare,107,460477,103750,100434,26510,126944,1273
2022-02-10,Tuolumne,109,53932,12311,11754,521,12275,125
2022-02-10,Ventura,111,848112,169539,168736,9166,177902,1340
2022-02-10,Yolo,113,214977,35807,34773,2879,37652,286
2022-02-10,Yuba,115,75493,15360,15242,1124,16366,107
2022-02-09,Alameda,001,1643700,246853,241141,12977,254118,1668
2022-02-09,Alpine,003,1148,120,124,1,125,0
2022-02-09,Amador,005,37829,8180,8069,605,8674,76
2022-02-09,Butte,007,227075,32065,31433,6661,38094,359
2022-02-09,Calaveras,009,45235,7065,7005,316,7321,106
2022-02-09,Colusa,011,21464,3368,3331,1022,4353,21
2022-02-09,Contra Costa,013,1133247,184704,179695,12454,192149,1132
2022-02-09,Del Norte,015,27424,5331,5204,158,5362,45
2022-02-09,El Dorado,017,186661,26084,25572,3096,28668,186
2022-02-09,Fresno,019,978130,223766,218989,22725,241714,2502
2022-02-09,Glenn,021,27897,4862,4804,1566,6370,39
2022-02-09,Humboldt,023,135768,16128,15929,2706,18635,131
2022-02-09,Imperial,025,180216,54028,53102,10111,63213,858
2022-02-09,Inyo,027,18085,4007,3989,434,4423,52
2022-02-09,Kern,029,883053,187356,184068,44306,228374,2021
2022-02-09,Kings,031,150075,49820,48718,3383,52101,410
2022-02-09,Lake,033,64148,10073,9880,822,10702,124
2022-02-09,Lassen,035,31185,8559,8459,850,9309,55
2022-02-09,Los Angeles,037,10098052,2658055,2611611,120157,2731768,29263
2022-02-09,Madera,039,155013,36083,35559,5723,41282,330
2022-02-09,Marin,041,260295,32271,31965,2099,34064,255
2022-02-09,Mariposa,043,17540,2294,2279,184,2463,6
2022-02-09,Mendocino,045,87422,12582,12378,2750,15128,107
2022-02-09,Merced,047,269075,60578,59952,8108,68060,755
2022-02-09,Modoc,049,8938,704,691,230,921,6
2022-02-09,Mono,051,14174,2939,2937,117,3054,5
2022-02-09,Monterey,053,433212,76696,74500,12486,86986,670
2022-02-09,Napa,055,140530,24677,24429,892,25321,123
2022-02-09,Nevada,057,99092,15512,15446,1123,16569,119
2022-02-09,Orange,059,3164182,535722,534316,39819,574135,6263
2022-02-09,Placer,061,380077,61237,60490,7103,67593,553
2022-02-09,Plumas,063,18699,2886,2609,328,2937,13
2022-02-09,Riverside,065,2383286,581026,573907,26885,600792,5911
2022-02-09,Sacramento,067,1510023,273113,265624,25299,290923,2673
2022-02-09,San Benito,069,59416,12529,12492,496,12988,91
2022-02-09,San Bernardino,071,2135413,565897,547768,24366,572134,6349
2022-02-09,San Diego,073,3302833,731129,717896,50680,768576,4832
2022-02-09,San Francisco,075,870044,119037,118550,7881,126431,731
2022-02-09,San Joaquin,077,732212,162227,160618,9565,170183,2014
2022-02-09,San Luis Obispo,079,281455,50522,49833,3542,53375,414
2022-02-09,San Mateo,081,765935,117581,114890,6561,121451,589
2022-02-09,Santa Barbara,083,443738,83307,82830,4537,87367,629
2022-02-09,Santa Clara,085,1922200,299029,297157,11707,308864,2090
2022-02-09,Santa Cruz,087,273765,45188,44200,2015,46215,239
2022-02-09,Shasta,089,179085,29524,29215,5843,35058,471
2022-02-09,Sierra,091,2930,268,268,44,312,0
2022-02-09,Siskiyou,093,43540,4280,4217,2579,6796,68
2022-02-09,Solano,095,438530,78624,77299,5348,82647,423
2022-02-09,Sonoma,097,501317,80642,79165,2416,81581,431
2022-02-09,Stanislaus,099,539301,114605,114039,17034,131073,1406
2022-02-09,Sutter,101,95872,19895,19758,1912,21670,207
2022-02-09,Tehama,103,63373,11675,11542,2541,14083,149
2022-02-09,Trinity,105,12862,1143,1110,270,1380,20
2022-02-09,Tulare,107,460477,103536,100049,26424,126473,1271
2022-02-09,Tuolumne,109,53932,12273,11702,518,12220,95
2022-02-09,Ventura,111,848112,169302,168253,9153,177406,1325
2022-02-09,Yolo,113,214977,35737,34588,2863,37451,285
2022-02-09,Yuba,115,75493,15329,15187,1113,16300,105
2022-02-08,Alameda,001,1643700,246215,240587,12904,253491,1651
2022-02-08,Alpine,003,1148,120,124,1,125,0
2022-02-08,Amador,005,37829,8172,8050,598,8648,76
2022-02-08,Butte,007,227075,31981,31353,6637,37990,359
2022-02-08,Calaveras,009,45235,7048,6981,314,7295,101
2022-02-08,Colusa,011,21464,3360,3320,1021,4341,21
2022-02-08,Contra Costa,013,1133247,184274,179078,12377,191455,1132
2022-02-08,Del Norte,015,27424,5306,5156,153,5309,44
2022-02-08,El Dorado,017,186661,26039,25446,3085,28531,186
2022-02-08,Fresno,019,978130,223020,218416,22620,241036,2502
2022-02-08,Glenn,021,27897,4845,4784,1562,6346,39
2022-02-08,Humboldt,023,135768,16067,15865,2674,18539,130
2022-02-08,Imperial,025,180216,53900,52977,10067,63044,855
2022-02-08,Inyo,027,18085,4002,3983,434,4417,52
2022-02-08,Kern,029,883053,187020,183519,44176,227695,2010
2022-02-08,Kings,031,150075,49660,48479,3371,51850,411
2022-02-08,Lake,033,64148,10043,9806,816,10622,125
2022-02-08,Lassen,035,31185,8550,8423,846,9269,55
2022-02-08,Los Angeles,037,10098052,2653717,2611204,119970,2731174,29259
2022-02-08,Madera,039,155013,35975,35381,5667,41048,330
2022-02-08,Marin,041,260295,32197,31878,2094,33972,255
2022-02-08,Mariposa,043,17540,2292,2266,176,2442,6
2022-02-08,Mendocino,045,87422,12550,12336,2719,15055,107
2022-02-08,Merced,047,269075,60469,59789,8049,67838,751
2022-02-08,Modoc,049,8938,700,684,230,914,6
2022-02-08,Mono,051,14174,2938,2932,117,3049,5
2022-02-08,Monterey,053,433212,76490,74316,12400,86716,670
2022-02-08,Napa,055,140530,24604,24346,885,25231,121
2022-02-08,Nevada,057,99092,15485,15383,1120,16503,117
2022-02-08,Orange,059,3164182,535035,533507,39731,573238,6205
2022-02-08,Placer,061,380077,61129,60301,7091,67392,553
2022-02-08,Plumas,063,18699,2875,2596,321,2917,13
2022-02-08,Riverside,065,2383286,580196,571892,26813,598705,5908
2022-02-08,Sacramento,067,1510023,272443,264479,25124,289603,2664
2022-02-08,San Benito,069,59416,12505,12434,494,12928,91
2022-02-08,San Bernardino,071,2135413,565183,544658,24322,568980,6335
2022-02-08,San Diego,073,3302833,729556,717896,50548,768444,4832
2022-02-08,San Francisco,075,870044,118726,117942,7872,125814,731
2022-02-08,San Joaquin,077,732212,161844,160147,9547,169694,2005
2022-02-08,San Luis Obispo,079,281455,50357,49556,3512,53068,410
2022-02-08,San Mateo,081,765935,117363,114541,6532,121073,589
2022-02-08,Santa Barbara,083,443738,83139,82461,4512,86973,627
2022-02-08,Santa Clara,085,1922200,298148,295679,11660,307339,2091
2022-02-08,Santa Cruz,087,273765,45033,43884,2010,45894,239
2022-02-08,Shasta,089,179085,29441,29084,5815,34899,470
2022-02-08,Sierra,091,2930,268,267,44,311,0
2022-02-08,Siskiyou,093,43540,4270,4191,2570,6761,68
2022-02-08,Solano,095,438530,78391,77031,5333,82364,421
2022-02-08,Sonoma,097,501317,80428,78798,2392,81190,431
2022-02-08,Stanislaus,099,539301,114352,113733,16956,130689,1406
2022-02-08,Sutter,101,95872,19857,19717,1900,21617,203
2022-02-08,Tehama,103,63373,11648,11491,2534,14025,149
2022-02-08,Trinity,105,12862,1137,1110,270,1380,20
2022-02-08,Tulare,107,460477,103245,99694,26293,125987,1267
2022-02-08,Tuolumne,109,53932,12249,11665,516,12181,92
2022-02-08,Ventura,111,848112,169065,167830,9138,176968,1325
2022-02-08,Yolo,113,214977,35655,34462,2850,37312,281
2022-02-08,Yuba,115,75493,15284,15126,1091,16217,107
2022-02-07,Alameda,001,1643700,245500,238678,12838,251516,1643
2022-02-07,Alpine,003,1148,120,124,1,125,0
2022-02-07,Amador,005,37829,8144,7980,590,8570,75
2022-02-07,Butte,007,227075,31892,31184,6608,37792,355
2022-02-07,Calaveras,009,45235,7026,6910,313,7223,100
2022-02-07,Colusa,011,21464,3349,3283,1017,4300,21
2022-02-07,Contra Costa,013,1133247,183806,177767,12305,190072,1130
2022-02-07,Del Norte,015,27424,5265,5093,148,5241,44
2022-02-07,El Dorado,017,186661,25976,25257,3074,28331,185
2022-02-07,Fresno,019,978130,222166,216495,22475,238970,2493
2022-02-07,Glenn,021,27897,4838,4762,1558,6320,39
2022-02-07,Humboldt,023,135768,15992,15764,2649,18413,129
2022-02-07,Imperial,025,180216,53786,52689,9998,62687,853
2022-02-07,Inyo,027,18085,3997,3976,428,4404,51
2022-02-07,Kern,029,883053,186547,182047,44012,226059,1998
2022-02-07,Kings,031,150075,49476,48147,3354,51501,403
2022-02-07,Lake,033,64148,9997,9519,808,10327,125
2022-02-07,Lassen,035,31185,8532,8362,840,9202,55
2022-02-07,Los Angeles,037,10098052,2649254,2607438,119755,2727193,29210
2022-02-07,Madera,039,155013,35851,35083,5620,40703,330
2022-02-07,Marin,041,260295,32131,31670,2083,33753,255
2022-02-07,Mariposa,043,17540,2287,2253,172,2425,6
2022-02-07,Mendocino,045,87422,12492,12237,2681,14918,107
2022-02-07,Merced,047,269075,60342,59472,7956,67428,748
2022-02-07,Modoc,049,8938,696,679,230,909,6
2022-02-07,Mono,051,14174,2936,2917,117,3034,5
2022-02-07,Monterey,053,433212,76236,69433,12293,81726,670
2022-02-07,Napa,055,140530,24518,23237,876,24113,120
2022-02-07,Nevada,057,99092,15450,15268,1114,16382,113
2022-02-07,Orange,059,3164182,534273,531442,39651,571093,6179
2022-02-07,Placer,061,380077,61005,59894,7076,66970,546
2022-02-07,Plumas,063,18699,2864,2573,312,2885,13
2022-02-07,Riverside,065,2383286,579253,568874,26729,595603,5868
2022-02-07,Sacramento,067,1510023,271761,262834,24942,287776,2631
2022-02-07,San Benito,069,59416,12467,12285,492,12777,90
2022-02-07,San Bernardino,071,2135413,564385,542846,24283,567129,6335
2022-02-07,San Diego,073,3302833,727837,716244,50359,766603,4811
2022-02-07,San Francisco,075,870044,118386,113945,7847,121792,727
2022-02-07,San Joaquin,077,732212,161461,159358,9528,168886,1998
2022-02-07,San Luis Obispo,079,281455,50187,48994,3493,52487,406
2022-02-07,San Mateo,081,765935,117077,107060,6503,113563,589
2022-02-07,Santa Barbara,083,443738,82951,81608,4497,86105,624
2022-02-07,Santa Clara,085,1922200,297197,293360,11613,304973,2085
2022-02-07,Santa Cruz,087,273765,44817,43244,2006,45250,239
2022-02-07,Shasta,089,179085,29351,28900,5789,34689,468
2022-02-07,Sierra,091,2930,268,265,44,309,0
2022-02-07,Siskiyou,093,43540,4259,4157,2554,6711,68
2022-02-07,Solano,095,438530,78134,73934,5304,79238,420
2022-02-07,Sonoma,097,501317,80171,78296,2376,80672,431
2022-02-07,Stanislaus,099,539301,114094,113029,16812,129841,1406
2022-02-07,Sutter,101,95872,19825,19599,1872,21471,203
2022-02-07,Tehama,103,63373,11607,11418,2526,13944,146
2022-02-07,Trinity,105,12862,1133,1109,267,1376,20
2022-02-07,Tulare,107,460477,102886,98774,26163,124937,1263
2022-02-07,Tuolumne,109,53932,12201,11578,512,12090,92
2022-02-07,Ventura,111,848112,168748,166904,9123,176027,1324
2022-02-07,Yolo,113,214977,35545,34007,2836,36843,281
2022-02-07,Yuba,115,75493,15237,14998,1084,16082,105
2022-02-06,Alameda,001,1643700,244586,237188,12756,249944,1643
2022-02-06,Alpine,003,1148,120,123,1,124,0
2022-02-06,Amador,005,37829,8113,7922,578,8500,73
2022-02-06,Butte,007,227075,31764,31021,6557,37578,355
2022-02-06,Calaveras,009,45235,6999,6870,308,7178,99
2022-02-06,Colusa,011,21464,3339,3282,1016,4298,21
2022-02-06,Contra Costa,013,1133247,183168,176863,12149,189012,1128
2022-02-06,Del Norte,015,27424,5209,5038,146,5184,44
2022-02-06,El Dorado,017,186661,25913,25165,3062,28227,185
2022-02-06,Fresno,019,978130,221319,214726,22218,236944,2489
2022-02-06,Glenn,021,27897,4824,4738,1549,6287,39
2022-02-06,Humboldt,023,135768,15908,15658,2609,18267,128
2022-02-06,Imperial,025,180216,53599,52396,9952,62348,853
2022-02-06,Inyo,027,18085,3995,3970,425,4395,51
2022-02-06,Kern,029,883053,185995,181188,43772,224960,1996
2022-02-06,Kings,031,150075,49253,47669,3329,50998,401
2022-02-06,Lake,033,64148,9928,9468,791,10259,125
2022-02-06,Lassen,035,31185,8512,8326,835,9161,55
2022-02-06,Los Angeles,037,10098052,2643712,2602620,119495,2722115,29180
2022-02-06,Madera,039,155013,35667,34901,5528,40429,330
2022-02-06,Marin,041,260295,32034,31488,2070,33558,255
2022-02-06,Mariposa,043,17540,2279,2244,161,2405,6
2022-02-06,Mendocino,045,87422,12449,12169,2611,14780,107
2022-02-06,Merced,047,269075,60125,59112,7795,66907,748
2022-02-06,Modoc,049,8938,691,675,229,904,6
2022-02-06,Mono,051,14174,2931,2901,115,3016,5
2022-02-06,Monterey,053,433212,75870,67912,12136,80048,670
2022-02-06,Napa,055,140530,24399,23230,869,24099,120
2022-02-06,Nevada,057,99092,15385,15192,1101,16293,113
2022-02-06,Orange,059,3164182,533321,527906,39550,567456,6171
2022-02-06,Placer,061,380077,60829,59507,7050,66557,544
2022-02-06,Plumas,063,18699,2851,2559,303,2862,13
2022-02-06,Riverside,065,2383286,578117,568276,26652,594928,5865
2022-02-06,Sacramento,067,1510023,270892,261353,24682,286035,2631
2022-02-06,San Benito,069,59416,12412,12186,484,12670,90
2022-02-06,San Bernardino,071,2135413,563405,541103,24213,565316,6334
2022-02-06,San Diego,073,3302833,725775,709938,50116,760054,4786
2022-02-06,San Francisco,075,870044,118005,113115,7821,120936,728
2022-02-06,San Joaquin,077,732212,160896,158510,9489,167999,1997
2022-02-06,San Luis Obispo,079,281455,49962,48843,3436,52279,405
2022-02-06,San Mateo,081,765935,116738,105556,6464,112020,587
2022-02-06,Santa Barbara,083,443738,82633,81118,4460,85578,623
2022-02-06,Santa Clara,085,1922200,296090,291732,11497,303229,2075
2022-02-06,Santa Cruz,087,273765,44504,42952,1992,44944,239
2022-02-06,Shasta,089,179085,29228,28762,5740,34502,468
2022-02-06,Sierra,091,2930,268,265,44,309,0
2022-02-06,Siskiyou,093,43540,4238,4118,2528,6646,68
2022-02-06,Solano,095,438530,77835,73475,5261,78736,419
2022-02-06,Sonoma,097,501317,79836,77887,2356,80243,431
2022-02-06,Stanislaus,099,539301,113697,112521,16665,129186,1406
2022-02-06,Sutter,101,95872,19783,19523,1834,21357,203
2022-02-06,Tehama,103,63373,11567,11366,2506,13872,146
2022-02-06,Trinity,105,12862,1132,1102,266,1368,20
2022-02-06,Tulare,107,460477,102452,98260,25979,124239,1262
2022-02-06,Tuolumne,109,53932,12149,11507,495,12002,92
2022-02-06,Ventura,111,848112,168372,166235,9112,175347,1323
2022-02-06,Yolo,113,214977,35406,33784,2819,36603,281
2022-02-06,Yuba,115,75493,15192,14917,1075,15992,104
2022-02-05,Alameda,001,1643700,244169,235698,12747,248445,1638
2022-02-05,Alpine,003,1148,120,124,1,125,0
2022-02-05,Amador,005,37829,8104,7855,576,8431,71
2022-02-05,Butte,007,227075,31710,30733,6543,37276,355
2022-02-05,Calaveras,009,45235,6983,6789,308,7097,99
2022-02-05,Colusa,011,21464,3332,3234,1016,4250,21
2022-02-05,Contra Costa,013,1133247,182895,175871,12133,188004,1115
2022-02-05,Del Norte,015,27424,5167,4978,146,5124,44
2022-02-05,El Dorado,017,186661,25882,24813,3060,27873,185
2022-02-05,Fresno,019,978130,220975,213539,22197,235736,2477
2022-02-05,Glenn,021,27897,4822,4691,1543,6234,39
2022-02-05,Humboldt,023,135768,15859,15514,2606,18120,127
2022-02-05,Imperial,025,180216,53537,52153,9939,62092,853
2022-02-05,Inyo,027,18085,3992,3948,425,4373,51
2022-02-05,Kern,029,883053,185786,180296,43671,223967,1987
2022-02-05,Kings,031,150075,49166,47538,3322,50860,402
2022-02-05,Lake,033,64148,9909,9289,784,10073,124
2022-02-05,Lassen,035,31185,8501,8288,833,9121,55
2022-02-05,Los Angeles,037,10098052,2641528,2572702,119370,2692072,28947
2022-02-05,Madera,039,155013,35614,34471,5515,39986,329
2022-02-05,Marin,041,260295,31987,31299,2066,33365,255
2022-02-05,Mariposa,043,17540,2278,2222,160,2382,6
2022-02-05,Mendocino,045,87422,12421,12066,2609,14675,107
2022-02-05,Merced,047,269075,60032,58908,7788,66696,744
2022-02-05,Modoc,049,8938,690,664,229,893,6
2022-02-05,Mono,051,14174,2930,2904,115,3019,5
2022-02-05,Monterey,053,433212,75754,67342,12092,79434,666
2022-02-05,Napa,055,140530,24343,22973,868,23841,118
2022-02-05,Nevada,057,99092,15364,15002,1096,16098,113
2022-02-05,Orange,059,3164182,532880,527516,39460,566976,6134
2022-02-05,Placer,061,380077,60703,59043,7037,66080,533
2022-02-05,Plumas,063,18699,2850,2550,302,2852,13
2022-02-05,Riverside,065,2383286,577515,563991,26582,590573,5827
2022-02-05,Sacramento,067,1510023,270500,259437,24648,284085,2610
2022-02-05,San Benito,069,59416,12367,12142,484,12626,90
2022-02-05,San Bernardino,071,2135413,562892,539312,24193,563505,6322
2022-02-05,San Diego,073,3302833,724915,703957,50039,753996,4735
2022-02-05,San Francisco,075,870044,117795,112481,7794,120275,720
2022-02-05,San Joaquin,077,732212,160711,157420,9478,166898,1989
2022-02-05,San Luis Obispo,079,281455,49925,48361,3434,51795,404
2022-02-05,San Mateo,081,765935,116550,104810,6456,111266,587
2022-02-05,Santa Barbara,083,443738,82470,80478,4448,84926,617
2022-02-05,Santa Clara,085,1922200,295436,289262,11481,300743,2067
2022-02-05,Santa Cruz,087,273765,44430,42553,1989,44542,239
2022-02-05,Shasta,089,179085,29185,28604,5730,34334,466
2022-02-05,Sierra,091,2930,268,262,44,306,0
2022-02-05,Siskiyou,093,43540,4231,4106,2515,6621,67
2022-02-05,Solano,095,438530,77760,73112,5252,78364,415
2022-02-05,Sonoma,097,501317,79670,77213,2352,79565,431
2022-02-05,Stanislaus,099,539301,113494,111783,16642,128425,1406
2022-02-05,Sutter,101,95872,19753,19406,1828,21234,203
2022-02-05,Tehama,103,63373,11548,11259,2499,13758,146
2022-02-05,Trinity,105,12862,1130,1085,266,1351,20
2022-02-05,Tulare,107,460477,102283,97414,25898,123312,1254
2022-02-05,Tuolumne,109,53932,12124,11409,492,11901,91
2022-02-05,Ventura,111,848112,168146,165532,9096,174628,1308
2022-02-05,Yolo,113,214977,35321,33614,2804,36418,281
2022-02-05,Yuba,115,75493,15161,14801,1067,15868,105
2022-02-04,Alameda,001,1643700,243679,235698,12737,248435,1638
2022-02-04,Alpine,003,1148,120,124,1,125,0
2022-02-04,Amador,005,37829,8088,7855,572,8427,71
2022-02-04,Butte,007,227075,31650,30733,6531,37264,355
2022-02-04,Calaveras,009,45235,6973,6789,306,7095,99
2022-02-04,Colusa,011,21464,3328,3234,1014,4248,21
2022-02-04,Contra Costa,013,1133247,182568,175871,12105,187976,1115
2022-02-04,Del Norte,015,27424,5146,4978,146,5124,44
2022-02-04,El Dorado,017,186661,25846,24813,3057,27870,185
2022-02-04,Fresno,019,978130,220493,213539,22164,235703,2477
2022-02-04,Glenn,021,27897,4813,4691,1540,6231,39
2022-02-04,Humboldt,023,135768,15832,15514,2603,18117,127
2022-02-04,Imperial,025,180216,53460,52153,9922,62075,853
2022-02-04,Inyo,027,18085,3989,3948,425,4373,51
2022-02-04,Kern,029,883053,185561,180296,43547,223843,1987
2022-02-04,Kings,031,150075,49091,47538,3315,50853,402
2022-02-04,Lake,033,64148,9887,9289,781,10070,124
2022-02-04,Lassen,035,31185,8478,8288,833,9121,55
2022-02-04,Los Angeles,037,10098052,2638892,2572702,119240,2691942,28947
2022-02-04,Madera,039,155013,35531,34471,5507,39978,329
2022-02-04,Marin,041,260295,31923,31299,2057,33356,255
2022-02-04,Mariposa,043,17540,2276,2222,158,2380,6
2022-02-04,Mendocino,045,87422,12390,12066,2607,14673,107
2022-02-04,Merced,047,269075,59952,58908,7778,66686,744
2022-02-04,Modoc,049,8938,690,664,229,893,6
2022-02-04,Mono,051,14174,2928,2904,115,3019,5
2022-02-04,Monterey,053,433212,75564,67342,12049,79391,666
2022-02-04,Napa,055,140530,24296,22973,864,23837,118
2022-02-04,Nevada,057,99092,15330,15002,1092,16094,113
2022-02-04,Orange,059,3164182,532330,527516,39402,566918,6134
2022-02-04,Placer,061,380077,60599,59043,7026,66069,533
2022-02-04,Plumas,063,18699,2843,2550,301,2851,13
2022-02-04,Riverside,065,2383286,576803,563991,26570,590561,5827
2022-02-04,Sacramento,067,1510023,269997,259437,24625,284062,2610
2022-02-04,San Benito,069,59416,12348,12142,482,12624,90
2022-02-04,San Bernardino,071,2135413,562311,539312,24172,563484,6322
2022-02-04,San Diego,073,3302833,723782,703957,49952,753909,4735
2022-02-04,San Francisco,075,870044,117554,112481,7769,120250,720
2022-02-04,San Joaquin,077,732212,160481,157420,9467,166887,1989
2022-02-04,San Luis Obispo,079,281455,49864,48361,3427,51788,404
2022-02-04,San Mateo,081,765935,116319,104810,6442,111252,587
2022-02-04,Santa Barbara,083,443738,82320,80478,4447,84925,617
2022-02-04,Santa Clara,085,1922200,294768,289262,11460,300722,2067
2022-02-04,Santa Cruz,087,273765,44225,42553,1985,44538,239
2022-02-04,Shasta,089,179085,29132,28604,5719,34323,466
2022-02-04,Sierra,091,2930,268,262,44,306,0
2022-02-04,Siskiyou,093,43540,4223,4106,2508,6614,67
2022-02-04,Solano,095,438530,77567,73112,5214,78326,415
2022-02-04,Sonoma,097,501317,79511,77213,2271,79484,431
2022-02-04,Stanislaus,099,539301,113313,111783,16616,128399,1406
2022-02-04,Sutter,101,95872,19729,19406,1821,21227,203
2022-02-04,Tehama,103,63373,11533,11259,2498,13757,146
2022-02-04,Trinity,105,12862,1129,1085,265,1350,20
2022-02-04,Tulare,107,460477,102100,97414,25817,123231,1254
2022-02-04,Tuolumne,109,53932,12112,11409,491,11900,91
2022-02-04,Ventura,111,848112,167877,165532,9088,174620,1308
2022-02-04,Yolo,113,214977,35228,33614,2798,36412,281
2022-02-04,Yuba,115,75493,15143,14801,1067,15868,105
2022-02-03,Alameda,001,1643700,242906,235698,12675,248373,1638
2022-02-03,Alpine,003,1148,120,124,1,125,0
2022-02-03,Amador,005,37829,8068,7855,567,8422,71
2022-02-03,Butte,007,227075,31542,30733,6502,37235,355
2022-02-03,Calaveras,009,45235,6943,6789,303,7092,99
2022-02-03,Colusa,011,21464,3315,3234,1012,4246,21
2022-02-03,Contra Costa,013,1133247,181963,175871,12007,187878,1115
2022-02-03,Del Norte,015,27424,5103,4978,143,5121,44
2022-02-03,El Dorado,017,186661,25775,24813,3051,27864,185
2022-02-03,Fresno,019,978130,219561,213539,22001,235540,2477
2022-02-03,Glenn,021,27897,4796,4691,1523,6214,39
2022-02-03,Humboldt,023,135768,15756,15514,2567,18081,127
2022-02-03,Imperial,025,180216,53316,52153,9872,62025,853
2022-02-03,Inyo,027,18085,3986,3948,421,4369,51
2022-02-03,Kern,029,883053,185098,180296,43333,223629,1987
2022-02-03,Kings,031,150075,48934,47538,3308,50846,402
2022-02-03,Lake,033,64148,9833,9289,775,10064,124
2022-02-03,Lassen,035,31185,8454,8288,832,9120,55
2022-02-03,Los Angeles,037,10098052,2633464,2572702,118977,2691679,28947
2022-02-03,Madera,039,155013,35394,34471,5463,39934,329
2022-02-03,Marin,041,260295,31827,31299,2052,33351,255
2022-02-03,Mariposa,043,17540,2264,2222,155,2377,6
2022-02-03,Mendocino,045,87422,12346,12066,2584,14650,107
2022-02-03,Merced,047,269075,59802,58908,7682,66590,744
2022-02-03,Modoc,049,8938,687,664,229,893,6
2022-02-03,Mono,051,14174,2923,2904,114,3018,5
2022-02-03,Monterey,053,433212,75278,67342,11857,79199,666
2022-02-03,Napa,055,140530,24164,22973,864,23837,118
2022-02-03,Nevada,057,99092,15290,15002,1082,16084,113
2022-02-03,Orange,059,3164182,531406,527516,39310,566826,6134
2022-02-03,Placer,061,380077,60402,59043,7003,66046,533
2022-02-03,Plumas,063,18699,2829,2550,297,2847,13
2022-02-03,Riverside,065,2383286,575604,563991,26499,590490,5827
2022-02-03,Sacramento,067,1510023,269041,259437,24437,283874,2610
2022-02-03,San Benito,069,59416,12321,12142,479,12621,90
2022-02-03,San Bernardino,071,2135413,561293,539312,24133,563445,6322
2022-02-03,San Diego,073,3302833,721811,703957,49780,753737,4735
2022-02-03,San Francisco,075,870044,117220,112481,7739,120220,720
2022-02-03,San Joaquin,077,732212,159999,157420,9438,166858,1989
2022-02-03,San Luis Obispo,079,281455,49665,48361,3412,51773,404
2022-02-03,San Mateo,081,765935,115967,104810,6409,111219,587
2022-02-03,Santa Barbara,083,443738,81962,80478,4418,84896,617
2022-02-03,Santa Clara,085,1922200,293599,289262,11351,300613,2067
2022-02-03,Santa Cruz,087,273765,43885,42553,1978,44531,239
2022-02-03,Shasta,089,179085,29028,28604,5692,34296,466
2022-02-03,Sierra,091,2930,268,262,44,306,0
2022-02-03,Siskiyou,093,43540,4208,4106,2492,6598,67
2022-02-03,Solano,095,438530,77236,73112,5195,78307,415
2022-02-03,Sonoma,097,501317,79215,77213,2264,79477,431
2022-02-03,Stanislaus,099,539301,112935,111783,16529,128312,1406
2022-02-03,Sutter,101,95872,19677,19406,1805,21211,203
2022-02-03,Tehama,103,63373,11502,11259,2490,13749,146
2022-02-03,Trinity,105,12862,1127,1085,264,1349,20
2022-02-03,Tulare,107,460477,101695,97414,25678,123092,1254
2022-02-03,Tuolumne,109,53932,12071,11409,479,11888,91
2022-02-03,Ventura,111,848112,167492,165532,9076,174608,1308
2022-02-03,Yolo,113,214977,35118,33614,2784,36398,281
2022-02-03,Yuba,115,75493,15093,14801,1051,15852,105
2022-02-02,Alameda,001,1643700,241959,234300,12572,246872,1632
2022-02-02,Alpine,003,1148,120,123,1,124,0
2022-02-02,Amador,005,37829,8038,7781,558,8339,71
2022-02-02,Butte,007,227075,31431,30550,6465,37015,355
2022-02-02,Calaveras,009,45235,6917,6753,299,7052,99
2022-02-02,Colusa,011,21464,3300,3211,1011,4222,21
2022-02-02,Contra Costa,013,1133247,181363,174876,11916,186792,1113
2022-02-02,Del Norte,015,27424,5061,4924,139,5063,44
2022-02-02,El Dorado,017,186661,25708,24690,3033,27723,185
2022-02-02,Fresno,019,978130,218551,211976,21870,233846,2463
2022-02-02,Glenn,021,27897,4772,4667,1513,6180,39
2022-02-02,Humboldt,023,135768,15695,15392,2528,17920,127
2022-02-02,Imperial,025,180216,53120,51875,9745,61620,853
2022-02-02,Inyo,027,18085,3980,3944,420,4364,51
2022-02-02,Kern,029,883053,184502,179386,43119,222505,1974
2022-02-02,Kings,031,150075,48743,47061,3283,50344,401
2022-02-02,Lake,033,64148,9775,9235,768,10003,120
2022-02-02,Lassen,035,31185,8441,8258,823,9081,55
2022-02-02,Los Angeles,037,10098052,2627238,2561902,118593,2680495,28850
2022-02-02,Madera,039,155013,35226,34265,5391,39656,329
2022-02-02,Marin,041,260295,31724,31149,2042,33191,255
2022-02-02,Mariposa,043,17540,2253,2215,151,2366,6
2022-02-02,Mendocino,045,87422,12293,11996,2545,14541,105
2022-02-02,Merced,047,269075,59626,58532,7598,66130,744
2022-02-02,Modoc,049,8938,681,662,229,891,6
2022-02-02,Mono,051,14174,2912,2887,114,3001,5
2022-02-02,Monterey,053,433212,74888,66852,11677,78529,666
2022-02-02,Napa,055,140530,24043,22859,851,23710,117
2022-02-02,Nevada,057,99092,15232,14895,1060,15955,112
2022-02-02,Orange,059,3164182,530350,524418,39217,563635,6127
2022-02-02,Placer,061,380077,60210,58654,6974,65628,533
2022-02-02,Plumas,063,18699,2813,2540,294,2834,12
2022-02-02,Riverside,065,2383286,574326,561220,26452,587672,5827
2022-02-02,Sacramento,067,1510023,268037,258078,24232,282310,2602
2022-02-02,San Benito,069,59416,12281,12058,475,12533,90
2022-02-02,San Bernardino,071,2135413,560268,537485,24072,561557,6317
2022-02-02,San Diego,073,3302833,719609,703957,49591,753548,4735
2022-02-02,San Francisco,075,870044,116849,112008,7723,119731,714
2022-02-02,San Joaquin,077,732212,159422,156537,9415,165952,1986
2022-02-02,San Luis Obispo,079,281455,49467,48119,3399,51518,403
2022-02-02,San Mateo,081,765935,115592,104201,6345,110546,587
2022-02-02,Santa Barbara,083,443738,81619,79979,4387,84366,612
2022-02-02,Santa Clara,085,1922200,292456,287443,11238,298681,2051
2022-02-02,Santa Cruz,087,273765,43595,42127,1967,44094,239
2022-02-02,Shasta,089,179085,28926,28429,5647,34076,465
2022-02-02,Sierra,091,2930,268,262,44,306,0
2022-02-02,Siskiyou,093,43540,4198,4078,2463,6541,67
2022-02-02,Solano,095,438530,76877,72711,5168,77879,414
2022-02-02,Sonoma,097,501317,78902,76681,2251,78932,431
2022-02-02,Stanislaus,099,539301,112539,111167,16398,127565,1403
2022-02-02,Sutter,101,95872,19612,19290,1776,21066,203
2022-02-02,Tehama,103,63373,11446,11193,2471,13664,146
2022-02-02,Trinity,105,12862,1124,1074,262,1336,20
2022-02-02,Tulare,107,460477,101307,96820,25526,122346,1249
2022-02-02,Tuolumne,109,53932,11994,11342,476,11818,91
2022-02-02,Ventura,111,848112,167093,164905,9057,173962,1292
2022-02-02,Yolo,113,214977,34992,33332,2761,36093,281
2022-02-02,Yuba,115,75493,15028,14720,1043,15763,104
2022-02-01,Alameda,001,1643700,240882,233782,12469,246251,1620
2022-02-01,Alpine,003,1148,120,123,1,124,0
2022-02-01,Amador,005,37829,7992,7783,552,8335,73
2022-02-01,Butte,007,227075,31295,30496,6422,36918,355
2022-02-01,Calaveras,009,45235,6880,6749,295,7044,98
2022-02-01,Colusa,011,21464,3284,3202,992,4194,21
2022-02-01,Contra Costa,013,1133247,180618,174379,11777,186156,1115
2022-02-01,Del Norte,015,27424,5013,4907,136,5043,44
2022-02-01,El Dorado,017,186661,25649,24664,3016,27680,184
2022-02-01,Fresno,019,978130,217386,211352,21709,233061,2464
2022-02-01,Glenn,021,27897,4758,4649,1503,6152,39
2022-02-01,Humboldt,023,135768,15614,15354,2500,17854,127
2022-02-01,Imperial,025,180216,52907,51675,9680,61355,846
2022-02-01,Inyo,027,18085,3970,3928,417,4345,51
2022-02-01,Kern,029,883053,183855,178987,42874,221861,1967
2022-02-01,Kings,031,150075,48483,46959,3260,50219,400
2022-02-01,Lake,033,64148,9719,9211,761,9972,119
2022-02-01,Lassen,035,31185,8423,8231,819,9050,55
2022-02-01,Los Angeles,037,10098052,2620047,2548794,118222,2667016,28752
2022-02-01,Madera,039,155013,35006,34124,5310,39434,329
2022-02-01,Marin,041,260295,31600,31099,2026,33125,255
2022-02-01,Mariposa,043,17540,2246,2210,150,2360,6
2022-02-01,Mendocino,045,87422,12231,11978,2508,14486,105
2022-02-01,Merced,047,269075,59441,58362,7475,65837,743
2022-02-01,Modoc,049,8938,674,664,229,893,6
2022-02-01,Mono,051,14174,2906,2888,114,3002,5
2022-02-01,Monterey,053,433212,74467,66553,11482,78035,665
2022-02-01,Napa,055,140530,23944,22795,835,23630,116
2022-02-01,Nevada,057,99092,15171,14863,1047,15910,112
2022-02-01,Orange,059,3164182,529200,523741,39074,562815,6108
2022-02-01,Placer,061,380077,59962,58486,6936,65422,532
2022-02-01,Plumas,063,18699,2798,2526,291,2817,12
2022-02-01,Riverside,065,2383286,572941,560010,26404,586414,5825
2022-02-01,Sacramento,067,1510023,266987,257504,23968,281472,2593
2022-02-01,San Benito,069,59416,12215,12053,472,12525,90
2022-02-01,San Bernardino,071,2135413,558974,536591,24007,560598,6311
2022-02-01,San Diego,073,3302833,717088,701009,49363,750372,4710
2022-02-01,San Francisco,075,870044,116382,111606,7704,119310,713
2022-02-01,San Joaquin,077,732212,158892,156300,9392,165692,1987
2022-02-01,San Luis Obispo,079,281455,49239,47842,3337,51179,403
2022-02-01,San Mateo,081,765935,115123,103868,6303,110171,589
2022-02-01,Santa Barbara,083,443738,81174,79659,4351,84010,608
2022-02-01,Santa Clara,085,1922200,290937,286109,11133,297242,2070
2022-02-01,Santa Cruz,087,273765,43296,41782,1951,43733,239
2022-02-01,Shasta,089,179085,28806,28382,5594,33976,465
2022-02-01,Sierra,091,2930,266,262,44,306,0
2022-02-01,Siskiyou,093,43540,4184,4072,2436,6508,66
2022-02-01,Solano,095,438530,76600,72494,5146,77640,415
2022-02-01,Sonoma,097,501317,78542,76379,2228,78607,431
2022-02-01,Stanislaus,099,539301,112129,110925,16294,127219,1403
2022-02-01,Sutter,101,95872,19544,19256,1743,20999,202
2022-02-01,Tehama,103,63373,11389,11165,2458,13623,146
2022-02-01,Trinity,105,12862,1120,1073,262,1335,19
2022-02-01,Tulare,107,460477,100816,96467,25328,121795,1247
2022-02-01,Tuolumne,109,53932,11944,11318,467,11785,91
2022-02-01,Ventura,111,848112,166588,164721,9032,173753,1293
2022-02-01,Yolo,113,214977,34840,33257,2735,35992,275
2022-02-01,Yuba,115,75493,14967,14693,1036,15729,103
2022-01-31,Alameda,001,1643700,239528,232743,12354,245097,1607
2022-01-31,Alpine,003,1148,119,123,1,124,0
2022-01-31,Amador,005,37829,7939,7682,535,8217,73
2022-01-31,Butte,007,227075,31127,30371,6374,36745,354
2022-01-31,Calaveras,009,45235,6844,6700,284,6984,96
2022-01-31,Colusa,011,21464,3272,3187,983,4170,21
2022-01-31,Contra Costa,013,1133247,179805,173466,11653,185119,1115
2022-01-31,Del Norte,015,27424,4979,4879,133,5012,43
2022-01-31,El Dorado,017,186661,25547,24545,2987,27532,184
2022-01-31,Fresno,019,978130,215891,210589,21510,232099,2464
2022-01-31,Glenn,021,27897,4722,4641,1491,6132,39
2022-01-31,Humboldt,023,135768,15524,15308,2467,17775,126
2022-01-31,Imperial,025,180216,52691,51472,9571,61043,846
2022-01-31,Inyo,027,18085,3959,3922,411,4333,50
2022-01-31,Kern,029,883053,183073,178375,42558,220933,1967
2022-01-31,Kings,031,150075,48126,46845,3226,50071,398
2022-01-31,Lake,033,64148,9646,9141,749,9890,119
2022-01-31,Lassen,035,31185,8392,8162,813,8975,55
2022-01-31,Los Angeles,037,10098052,2611811,2541189,117817,2659006,28718
2022-01-31,Madera,039,155013,34791,33886,5214,39100,329
2022-01-31,Marin,041,260295,31475,31023,2009,33032,253
2022-01-31,Mariposa,043,17540,2236,2203,141,2344,6
2022-01-31,Mendocino,045,87422,12165,11896,2467,14363,104
2022-01-31,Merced,047,269075,59162,58198,7286,65484,740
2022-01-31,Modoc,049,8938,671,661,229,890,6
2022-01-31,Mono,051,14174,2892,2889,114,3003,5
2022-01-31,Monterey,053,433212,74016,66117,11269,77386,661
2022-01-31,Napa,055,140530,23776,22707,818,23525,113
2022-01-31,Nevada,057,99092,15095,14813,1034,15847,112
2022-01-31,Orange,059,3164182,527876,522358,38939,561297,6098
2022-01-31,Placer,061,380077,59714,58252,6905,65157,523
2022-01-31,Plumas,063,18699,2785,2513,289,2802,12
2022-01-31,Riverside,065,2383286,571125,558166,26340,584506,5785
2022-01-31,Sacramento,067,1510023,265693,256594,23716,280310,2571
2022-01-31,San Benito,069,59416,12156,11976,471,12447,90
2022-01-31,San Bernardino,071,2135413,557327,535276,23925,559201,6302
2022-01-31,San Diego,073,3302833,714182,698571,49091,747662,4686
2022-01-31,San Francisco,075,870044,115975,111119,7670,118789,712
2022-01-31,San Joaquin,077,732212,158135,155736,9361,165097,1985
2022-01-31,San Luis Obispo,079,281455,48985,47656,3280,50936,395
2022-01-31,San Mateo,081,765935,114612,103313,6245,109558,589
2022-01-31,Santa Barbara,083,443738,80668,79267,4309,83576,606
2022-01-31,Santa Clara,085,1922200,289263,284562,11026,295588,2041
2022-01-31,Santa Cruz,087,273765,42917,41630,1944,43574,239
2022-01-31,Shasta,089,179085,28675,28190,5553,33743,462
2022-01-31,Sierra,091,2930,266,261,44,305,0
2022-01-31,Siskiyou,093,43540,4168,4054,2420,6474,66
2022-01-31,Solano,095,438530,75894,72258,5099,77357,414
2022-01-31,Sonoma,097,501317,78087,76199,2198,78397,431
2022-01-31,Stanislaus,099,539301,111602,110493,16113,126606,1403
2022-01-31,Sutter,101,95872,19464,19189,1693,20882,202
2022-01-31,Tehama,103,63373,11327,11112,2429,13541,145
2022-01-31,Trinity,105,12862,1115,1071,259,1330,19
2022-01-31,Tulare,107,460477,100180,96053,25095,121148,1245
2022-01-31,Tuolumne,109,53932,11854,11278,460,11738,91
2022-01-31,Ventura,111,848112,166052,164060,9007,173067,1286
2022-01-31,Yolo,113,214977,34679,33175,2708,35883,274
2022-01-31,Yuba,115,75493,14904,14652,1016,15668,103
2022-01-30,Alameda,001,1643700,237972,231838,12203,244041,1607
2022-01-30,Alpine,003,1148,119,123,1,124,0
2022-01-30,Amador,005,37829,7889,7644,512,8156,73
2022-01-30,Butte,007,227075,30925,30255,6294,36549,354
2022-01-30,Calaveras,009,45235,6789,6676,273,6949,96
2022-01-30,Colusa,011,21464,3252,3168,974,4142,21
2022-01-30,Contra Costa,013,1133247,178842,172902,11454,184356,1102
2022-01-30,Del Norte,015,27424,4938,4833,130,4963,43
2022-01-30,El Dorado,017,186661,25426,24491,2960,27451,184
2022-01-30,Fresno,019,978130,214332,209645,21252,230897,2463
2022-01-30,Glenn,021,27897,4691,4619,1482,6101,39
2022-01-30,Humboldt,023,135768,15413,15247,2411,17658,126
2022-01-30,Imperial,025,180216,52365,51415,9401,60816,846
2022-01-30,Inyo,027,18085,3942,3921,408,4329,50
2022-01-30,Kern,029,883053,182209,177924,42237,220161,1967
2022-01-30,Kings,031,150075,47774,46654,3169,49823,398
2022-01-30,Lake,033,64148,9557,9080,728,9808,119
2022-01-30,Lassen,035,31185,8368,8158,805,8963,55
2022-01-30,Los Angeles,037,10098052,2601733,2530739,117345,2648084,28678
2022-01-30,Madera,039,155013,34493,33752,5030,38782,329
2022-01-30,Marin,041,260295,31327,30875,1995,32870,253
2022-01-30,Mariposa,043,17540,2224,2177,136,2313,6
2022-01-30,Mendocino,045,87422,12092,11860,2361,14221,104
2022-01-30,Merced,047,269075,58797,58006,6995,65001,740
2022-01-30,Modoc,049,8938,668,661,229,890,6
2022-01-30,Mono,051,14174,2886,2888,114,3002,5
2022-01-30,Monterey,053,433212,73429,65996,10990,76986,661
2022-01-30,Napa,055,140530,23608,22588,801,23389,114
2022-01-30,Nevada,057,99092,15008,14741,1018,15759,112
2022-01-30,Orange,059,3164182,526243,521334,38791,560125,6098
2022-01-30,Placer,061,380077,59384,58030,6865,64895,523
2022-01-30,Plumas,063,18699,2760,2510,275,2785,12
2022-01-30,Riverside,065,2383286,569060,557088,26240,583328,5767
2022-01-30,Sacramento,067,1510023,264234,255715,23224,278939,2572
2022-01-30,San Benito,069,59416,12090,11945,466,12411,90
2022-01-30,San Bernardino,071,2135413,555560,534050,23815,557865,6302
2022-01-30,San Diego,073,3302833,710643,687145,48655,735800,4665
2022-01-30,San Francisco,075,870044,115427,110772,7636,118408,712
2022-01-30,San Joaquin,077,732212,157150,155165,9326,164491,1985
2022-01-30,San Luis Obispo,079,281455,48588,47599,3244,50843,394
2022-01-30,San Mateo,081,765935,114038,102979,6200,109179,589
2022-01-30,Santa Barbara,083,443738,79991,79072,4248,83320,606
2022-01-30,Santa Clara,085,1922200,287299,282846,10895,293741,2035
2022-01-30,Santa Cruz,087,273765,42458,41330,1936,43266,239
2022-01-30,Shasta,089,179085,28515,28105,5469,33574,462
2022-01-30,Sierra,091,2930,266,261,44,305,0
2022-01-30,Siskiyou,093,43540,4138,4039,2373,6412,66
2022-01-30,Solano,095,438530,75368,71857,5048,76905,414
2022-01-30,Sonoma,097,501317,77569,75890,2169,78059,431
2022-01-30,Stanislaus,099,539301,110948,110111,15910,126021,1403
2022-01-30,Sutter,101,95872,19372,19108,1596,20704,202
2022-01-30,Tehama,103,63373,11255,11071,2399,13470,145
2022-01-30,Trinity,105,12862,1109,1068,259,1327,19
2022-01-30,Tulare,107,460477,99437,95676,24836,120512,1245
2022-01-30,Tuolumne,109,53932,11746,11242,423,11665,91
2022-01-30,Ventura,111,848112,165473,163521,8977,172498,1286
2022-01-30,Yolo,113,214977,34460,33043,2675,35718,274
2022-01-30,Yuba,115,75493,14814,14584,996,15580,103
2022-01-29,Alameda,001,1643700,237300,225602,12186,237788,1605
2022-01-29,Alpine,003,1148,119,123,1,124,0
2022-01-29,Amador,005,37829,7867,7505,509,8014,73
2022-01-29,Butte,007,227075,30836,29557,6263,35820,353
2022-01-29,Calaveras,009,45235,6770,6484,273,6757,96
2022-01-29,Colusa,011,21464,3247,3107,970,4077,21
2022-01-29,Contra Costa,013,1133247,178310,168003,11424,179427,1101
2022-01-29,Del Norte,015,27424,4920,4589,128,4717,43
2022-01-29,El Dorado,017,186661,25383,24008,2953,26961,184
2022-01-29,Fresno,019,978130,213877,202691,21212,223903,2457
2022-01-29,Glenn,021,27897,4684,4516,1475,5991,39
2022-01-29,Humboldt,023,135768,15366,14812,2404,17216,126
2022-01-29,Imperial,025,180216,52249,50153,9345,59498,845
2022-01-29,Inyo,027,18085,3940,3895,400,4295,50
2022-01-29,Kern,029,883053,181869,174456,42075,216531,1962
2022-01-29,Kings,031,150075,47655,45047,3162,48209,397
2022-01-29,Lake,033,64148,9524,8747,724,9471,119
2022-01-29,Lassen,035,31185,8347,7961,802,8763,55
2022-01-29,Los Angeles,037,10098052,2597829,2473332,117079,2590411,28467
2022-01-29,Madera,039,155013,34384,32753,5002,37755,329
2022-01-29,Marin,041,260295,31262,30137,1993,32130,253
2022-01-29,Mariposa,043,17540,2222,2117,134,2251,6
2022-01-29,Mendocino,045,87422,12068,11591,2345,13936,104
2022-01-29,Merced,047,269075,58690,56472,6990,63462,735
2022-01-29,Modoc,049,8938,668,654,229,883,6
2022-01-29,Mono,051,14174,2884,2860,114,2974,5
2022-01-29,Monterey,053,433212,73274,64090,10928,75018,658
2022-01-29,Napa,055,140530,23551,22121,799,22920,113
2022-01-29,Nevada,057,99092,14974,14337,1015,15352,112
2022-01-29,Orange,059,3164182,525540,511255,38685,549940,6038
2022-01-29,Placer,061,380077,59192,56562,6849,63411,523
2022-01-29,Plumas,063,18699,2750,2463,271,2734,12
2022-01-29,Riverside,065,2383286,568038,548121,26198,574319,5726
2022-01-29,Sacramento,067,1510023,263589,249130,23178,272308,2558
2022-01-29,San Benito,069,59416,12032,11670,465,12135,90
2022-01-29,San Bernardino,071,2135413,554809,525249,23772,549021,6297
2022-01-29,San Diego,073,3302833,709307,683027,48555,731582,4643
2022-01-29,San Francisco,075,870044,115153,108265,7588,115853,712
2022-01-29,San Joaquin,077,732212,156905,150849,9304,160153,1971
2022-01-29,San Luis Obispo,079,281455,48498,46374,3241,49615,391
2022-01-29,San Mateo,081,765935,113701,100306,6177,106483,586
2022-01-29,Santa Barbara,083,443738,79769,76546,4242,80788,604
2022-01-29,Santa Clara,085,1922200,286363,273879,10867,284746,2019
2022-01-29,Santa Cruz,087,273765,42327,39228,1934,41162,240
2022-01-29,Shasta,089,179085,28455,27504,5456,32960,452
2022-01-29,Sierra,091,2930,266,260,43,303,0
2022-01-29,Siskiyou,093,43540,4128,3987,2366,6353,66
2022-01-29,Solano,095,438530,75223,69862,5035,74897,407
2022-01-29,Sonoma,097,501317,77355,73439,2164,75603,427
2022-01-29,Stanislaus,099,539301,110698,107668,15859,123527,1403
2022-01-29,Sutter,101,95872,19324,18797,1580,20377,202
2022-01-29,Tehama,103,63373,11220,10880,2390,13270,145
2022-01-29,Trinity,105,12862,1106,1033,258,1291,19
2022-01-29,Tulare,107,460477,99181,93154,24764,117918,1237
2022-01-29,Tuolumne,109,53932,11720,10806,415,11221,91
2022-01-29,Ventura,111,848112,165143,160466,8958,169424,1271
2022-01-29,Yolo,113,214977,34345,32123,2659,34782,275
2022-01-29,Yuba,115,75493,14773,14295,994,15289,103
2022-01-28,Alameda,001,1643700,236356,225602,12170,237772,1605
2022-01-28,Alpine,003,1148,119,123,1,124,0
2022-01-28,Amador,005,37829,7841,7505,508,8013,73
2022-01-28,Butte,007,227075,30761,29557,6241,35798,353
2022-01-28,Calaveras,009,45235,6752,6484,272,6756,96
2022-01-28,Colusa,011,21464,3242,3107,969,4076,21
2022-01-28,Contra Costa,013,1133247,177779,168003,11387,179390,1101
2022-01-28,Del Norte,015,27424,4896,4589,127,4716,43
2022-01-28,El Dorado,017,186661,25336,24008,2947,26955,184
2022-01-28,Fresno,019,978130,213009,202691,21158,223849,2457
2022-01-28,Glenn,021,27897,4671,4516,1473,5989,39
2022-01-28,Humboldt,023,135768,15330,14812,2394,17206,126
2022-01-28,Imperial,025,180216,52120,50153,9315,59468,845
2022-01-28,Inyo,027,18085,3936,3895,397,4292,50
2022-01-28,Kern,029,883053,181458,174456,41918,216374,1962
2022-01-28,Kings,031,150075,47524,45047,3152,48199,397
2022-01-28,Lake,033,64148,9492,8747,722,9469,119
2022-01-28,Lassen,035,31185,8277,7961,800,8761,55
2022-01-28,Los Angeles,037,10098052,2592107,2473332,116865,2590197,28467
2022-01-28,Madera,039,155013,34256,32753,4986,37739,329
2022-01-28,Marin,041,260295,31169,30137,1973,32110,253
2022-01-28,Mariposa,043,17540,2212,2117,132,2249,6
2022-01-28,Mendocino,045,87422,12025,11591,2343,13934,104
2022-01-28,Merced,047,269075,58594,56472,6975,63447,735
2022-01-28,Modoc,049,8938,667,654,229,883,6
2022-01-28,Mono,051,14174,2879,2860,113,2973,5
2022-01-28,Monterey,053,433212,73072,64090,10879,74969,658
2022-01-28,Napa,055,140530,23473,22121,797,22918,113
2022-01-28,Nevada,057,99092,14937,14337,1013,15350,112
2022-01-28,Orange,059,3164182,524471,511255,38596,549851,6038
2022-01-28,Placer,061,380077,58991,56562,6826,63388,523
2022-01-28,Plumas,063,18699,2742,2463,269,2732,12
2022-01-28,Riverside,065,2383286,566716,548121,26157,574278,5726
2022-01-28,Sacramento,067,1510023,262808,249130,23125,272255,2558
2022-01-28,San Benito,069,59416,12010,11670,460,12130,90
2022-01-28,San Bernardino,071,2135413,553766,525249,23735,548984,6297
2022-01-28,San Diego,073,3302833,707483,683027,48476,731503,4643
2022-01-28,San Francisco,075,870044,114798,108265,7539,115804,712
2022-01-28,San Joaquin,077,732212,156616,150849,9290,160139,1971
2022-01-28,San Luis Obispo,079,281455,48414,46374,3234,49608,391
2022-01-28,San Mateo,081,765935,113349,100306,6156,106462,586
2022-01-28,Santa Barbara,083,443738,79520,76546,4240,80786,604
2022-01-28,Santa Clara,085,1922200,285180,273879,10818,284697,2019
2022-01-28,Santa Cruz,087,273765,42134,39228,1923,41151,240
2022-01-28,Shasta,089,179085,28395,27504,5442,32946,452
2022-01-28,Sierra,091,2930,266,260,43,303,0
2022-01-28,Siskiyou,093,43540,4118,3987,2362,6349,66
2022-01-28,Solano,095,438530,74671,69862,4969,74831,407
2022-01-28,Sonoma,097,501317,77149,73439,2157,75596,427
2022-01-28,Stanislaus,099,539301,110425,107668,15812,123480,1403
2022-01-28,Sutter,101,95872,19279,18797,1578,20375,202
2022-01-28,Tehama,103,63373,11188,10880,2383,13263,145
2022-01-28,Trinity,105,12862,1097,1033,258,1291,19
2022-01-28,Tulare,107,460477,98906,93154,24658,117812,1237
2022-01-28,Tuolumne,109,53932,11687,10806,411,11217,91
2022-01-28,Ventura,111,848112,164689,160466,8939,169405,1271
2022-01-28,Yolo,113,214977,34240,32123,2653,34776,275
2022-01-28,Yuba,115,75493,14734,14295,990,15285,103
2022-01-27,Alameda,001,1643700,234773,225602,12037,237639,1605
2022-01-27,Alpine,003,1148,119,123,1,124,0
2022-01-27,Amador,005,37829,7794,7505,497,8002,73
2022-01-27,Butte,007,227075,30609,29557,6188,35745,353
2022-01-27,Calaveras,009,45235,6726,6484,256,6740,96
2022-01-27,Colusa,011,21464,3227,3107,965,4072,21
2022-01-27,Contra Costa,013,1133247,176753,168003,11217,179220,1101
2022-01-27,Del Norte,015,27424,4852,4589,123,4712,43
2022-01-27,El Dorado,017,186661,25225,24008,2927,26935,184
2022-01-27,Fresno,019,978130,211375,202691,20942,223633,2457
2022-01-27,Glenn,021,27897,4639,4516,1465,5981,39
2022-01-27,Humboldt,023,135768,15241,14812,2357,17169,126
2022-01-27,Imperial,025,180216,51851,50153,9203,59356,845
2022-01-27,Inyo,027,18085,3929,3895,388,4283,50
2022-01-27,Kern,029,883053,180679,174456,41558,216014,1962
2022-01-27,Kings,031,150075,47184,45047,3114,48161,397
2022-01-27,Lake,033,64148,9438,8747,705,9452,119
2022-01-27,Lassen,035,31185,8236,7961,794,8755,55
2022-01-27,Los Angeles,037,10098052,2580961,2473332,116358,2589690,28467
2022-01-27,Madera,039,155013,34046,32753,4884,37637,329
2022-01-27,Marin,041,260295,31006,30137,1958,32095,253
2022-01-27,Mariposa,043,17540,2189,2117,129,2246,6
2022-01-27,Mendocino,045,87422,11974,11591,2294,13885,104
2022-01-27,Merced,047,269075,58332,56472,6812,63284,735
2022-01-27,Modoc,049,8938,665,654,228,882,6
2022-01-27,Mono,051,14174,2874,2860,113,2973,5
2022-01-27,Monterey,053,433212,72450,64090,10634,74724,658
2022-01-27,Napa,055,140530,23316,22121,770,22891,113
2022-01-27,Nevada,057,99092,14864,14337,986,15323,112
2022-01-27,Orange,059,3164182,522744,511255,38460,549715,6038
2022-01-27,Placer,061,380077,58674,56562,6774,63336,523
2022-01-27,Plumas,063,18699,2731,2463,257,2720,12
2022-01-27,Riverside,065,2383286,564541,548121,26088,574209,5726
2022-01-27,Sacramento,067,1510023,261525,249130,22799,271929,2558
2022-01-27,San Benito,069,59416,11955,11670,455,12125,90
2022-01-27,San Bernardino,071,2135413,551825,525249,23635,548884,6297
2022-01-27,San Diego,073,3302833,704138,683027,48117,731144,4643
2022-01-27,San Francisco,075,870044,114292,108265,7480,115745,712
2022-01-27,San Joaquin,077,732212,155757,150849,9224,160073,1971
2022-01-27,San Luis Obispo,079,281455,48143,46374,3199,49573,391
2022-01-27,San Mateo,081,765935,112764,100306,6087,106393,586
2022-01-27,Santa Barbara,083,443738,79041,76546,4185,80731,604
2022-01-27,Santa Clara,085,1922200,283122,273879,10671,284550,2019
2022-01-27,Santa Cruz,087,273765,41470,39228,1905,41133,240
2022-01-27,Shasta,089,179085,28269,27504,5393,32897,452
2022-01-27,Sierra,091,2930,265,260,42,302,0
2022-01-27,Siskiyou,093,43540,4097,3987,2325,6312,66
2022-01-27,Solano,095,438530,74032,69862,4912,74774,407
2022-01-27,Sonoma,097,501317,76682,73439,2143,75582,427
2022-01-27,Stanislaus,099,539301,109897,107668,15657,123325,1403
2022-01-27,Sutter,101,95872,19174,18797,1553,20350,202
2022-01-27,Tehama,103,63373,11136,10880,2367,13247,145
2022-01-27,Trinity,105,12862,1093,1033,257,1290,19
2022-01-27,Tulare,107,460477,98240,93154,24396,117550,1237
2022-01-27,Tuolumne,109,53932,11634,10806,402,11208,91
2022-01-27,Ventura,111,848112,164038,160466,8903,169369,1271
2022-01-27,Yolo,113,214977,34094,32123,2638,34761,275
2022-01-27,Yuba,115,75493,14656,14295,974,15269,103
2022-01-26,Alameda,001,1643700,232877,222680,11867,234547,1596
2022-01-26,Alpine,003,1148,119,123,1,124,0
2022-01-26,Amador,005,37829,7720,7427,482,7909,73
2022-01-26,Butte,007,227075,30412,29229,6124,35353,353
2022-01-26,Calaveras,009,45235,6688,6387,250,6637,96
2022-01-26,Colusa,011,21464,3209,3094,960,4054,21
2022-01-26,Contra Costa,013,1133247,175599,165972,11051,177023,1095
2022-01-26,Del Norte,015,27424,4794,4542,122,4664,43
2022-01-26,El Dorado,017,186661,25106,23819,2904,26723,181
2022-01-26,Fresno,019,978130,209517,199689,20728,220417,2452
2022-01-26,Glenn,021,27897,4606,4472,1460,5932,39
2022-01-26,Humboldt,023,135768,15143,14715,2314,17029,126
2022-01-26,Imperial,025,180216,51494,49477,9063,58540,839
2022-01-26,Inyo,027,18085,3926,3889,358,4247,50
2022-01-26,Kern,029,883053,179740,173052,41219,214271,1953
2022-01-26,Kings,031,150075,46779,44367,3085,47452,396
2022-01-26,Lake,033,64148,9356,8645,695,9340,119
2022-01-26,Lassen,035,31185,8196,7888,794,8682,55
2022-01-26,Los Angeles,037,10098052,2568761,2450620,115912,2566532,28382
2022-01-26,Madera,039,155013,33808,32323,4747,37070,329
2022-01-26,Marin,041,260295,30824,29813,1941,31754,253
2022-01-26,Mariposa,043,17540,2172,2108,122,2230,6
2022-01-26,Mendocino,045,87422,11927,11453,2243,13696,103
2022-01-26,Merced,047,269075,57964,56060,6635,62695,733
2022-01-26,Modoc,049,8938,664,652,227,879,6
2022-01-26,Mono,051,14174,2871,2852,113,2965,4
2022-01-26,Monterey,053,433212,71894,63264,10345,73609,659
2022-01-26,Napa,055,140530,23160,21864,760,22624,112
2022-01-26,Nevada,057,99092,14770,14128,975,15103,112
2022-01-26,Orange,059,3164182,520757,506419,38298,544717,6007
2022-01-26,Placer,061,380077,58336,55892,6712,62604,524
2022-01-26,Plumas,063,18699,2704,2425,255,2680,12
2022-01-26,Riverside,065,2383286,562016,543788,25972,569760,5701
2022-01-26,Sacramento,067,1510023,259832,246416,22472,268888,2559
2022-01-26,San Benito,069,59416,11884,11563,443,12006,90
2022-01-26,San Bernardino,071,2135413,549549,521699,23528,545227,6291
2022-01-26,San Diego,073,3302833,699916,676392,47759,724151,4622
2022-01-26,San Francisco,075,870044,113653,107174,7447,114621,704
2022-01-26,San Joaquin,077,732212,154767,148770,9170,157940,1971
2022-01-26,San Luis Obispo,079,281455,47839,45716,3172,48888,391
2022-01-26,San Mateo,081,765935,112097,99016,5962,104978,586
2022-01-26,Santa Barbara,083,443738,78512,75548,4125,79673,600
2022-01-26,Santa Clara,085,1922200,281034,270470,10501,280971,2015
2022-01-26,Santa Cruz,087,273765,40952,38298,1891,40189,239
2022-01-26,Shasta,089,179085,28121,27255,5348,32603,452
2022-01-26,Sierra,091,2930,264,260,41,301,0
2022-01-26,Siskiyou,093,43540,4081,3971,2300,6271,66
2022-01-26,Solano,095,438530,73336,69150,4845,73995,401
2022-01-26,Sonoma,097,501317,76122,72509,2108,74617,423
2022-01-26,Stanislaus,099,539301,109340,106582,15440,122022,1396
2022-01-26,Sutter,101,95872,19064,18670,1509,20179,202
2022-01-26,Tehama,103,63373,11082,10749,2353,13102,145
2022-01-26,Trinity,105,12862,1088,1008,257,1265,19
2022-01-26,Tulare,107,460477,97428,91904,24157,116061,1234
2022-01-26,Tuolumne,109,53932,11450,10699,391,11090,91
2022-01-26,Ventura,111,848112,163328,159077,8861,167938,1263
2022-01-26,Yolo,113,214977,33876,31913,2600,34513,275
2022-01-26,Yuba,115,75493,14571,14171,952,15123,103
2022-01-25,Alameda,001,1643700,230980,219753,11690,231443,1589
2022-01-25,Alpine,003,1148,119,122,1,123,0
2022-01-25,Amador,005,37829,7643,7352,471,7823,73
2022-01-25,Butte,007,227075,30203,28887,6047,34934,351
2022-01-25,Calaveras,009,45235,6630,6266,237,6503,95
2022-01-25,Colusa,011,21464,3189,3074,958,4032,21
2022-01-25,Contra Costa,013,1133247,174251,163792,10835,174627,1092
2022-01-25,Del Norte,015,27424,4724,4514,117,4631,43
2022-01-25,El Dorado,017,186661,24970,23339,2878,26217,179
2022-01-25,Fresno,019,978130,207358,198262,20444,218706,2434
2022-01-25,Glenn,021,27897,4574,4418,1444,5862,39
2022-01-25,Humboldt,023,135768,15051,14574,2288,16862,126
2022-01-25,Imperial,025,180216,51039,48913,8842,57755,832
2022-01-25,Inyo,027,18085,3910,3857,316,4173,50
2022-01-25,Kern,029,883053,178735,171695,40771,212466,1947
2022-01-25,Kings,031,150075,46309,43853,3040,46893,396
2022-01-25,Lake,033,64148,9277,8543,683,9226,118
2022-01-25,Lassen,035,31185,8165,7834,785,8619,55
2022-01-25,Los Angeles,037,10098052,2553823,2433516,115278,2548794,28293
2022-01-25,Madera,039,155013,33487,31794,4614,36408,329
2022-01-25,Marin,041,260295,30646,29589,1928,31517,253
2022-01-25,Mariposa,043,17540,2160,2069,116,2185,6
2022-01-25,Mendocino,045,87422,11807,11280,2140,13420,103
2022-01-25,Merced,047,269075,57582,55555,6497,62052,733
2022-01-25,Modoc,049,8938,662,652,227,879,6
2022-01-25,Mono,051,14174,2861,2826,112,2938,4
2022-01-25,Monterey,053,433212,71320,62498,9944,72442,654
2022-01-25,Napa,055,140530,22965,21668,726,22394,111
2022-01-25,Nevada,057,99092,14657,13944,953,14897,112
2022-01-25,Orange,059,3164182,518478,504274,38105,542379,5980
2022-01-25,Placer,061,380077,57934,55465,6639,62104,518
2022-01-25,Plumas,063,18699,2679,2397,251,2648,12
2022-01-25,Riverside,065,2383286,558927,540723,25808,566531,5686
2022-01-25,Sacramento,067,1510023,257890,244468,21946,266414,2545
2022-01-25,San Benito,069,59416,11785,11446,439,11885,88
2022-01-25,San Bernardino,071,2135413,546963,519150,23414,542564,6288
2022-01-25,San Diego,073,3302833,694921,670110,47307,717417,4604
2022-01-25,San Francisco,075,870044,112893,106254,7405,113659,703
2022-01-25,San Joaquin,077,732212,153773,147271,9107,156378,1972
2022-01-25,San Luis Obispo,079,281455,47478,45130,3124,48254,391
2022-01-25,San Mateo,081,765935,111263,98010,5851,103861,586
2022-01-25,Santa Barbara,083,443738,77844,74686,4046,78732,594
2022-01-25,Santa Clara,085,1922200,278421,268031,10299,278330,2006
2022-01-25,Santa Cruz,087,273765,40281,37850,1876,39726,237
2022-01-25,Shasta,089,179085,27959,27090,5282,32372,452
2022-01-25,Sierra,091,2930,264,260,37,297,0
2022-01-25,Siskiyou,093,43540,4057,3958,2265,6223,65
2022-01-25,Solano,095,438530,72767,68657,4786,73443,399
2022-01-25,Sonoma,097,501317,75432,71633,2068,73701,423
2022-01-25,Stanislaus,099,539301,108668,105965,15214,121179,1396
2022-01-25,Sutter,101,95872,18961,18508,1469,19977,200
2022-01-25,Tehama,103,63373,11019,10669,2329,12998,145
2022-01-25,Trinity,105,12862,1081,999,255,1254,19
2022-01-25,Tulare,107,460477,96560,91237,23838,115075,1229
2022-01-25,Tuolumne,109,53932,11269,10516,367,10883,91
2022-01-25,Ventura,111,848112,162474,157971,8812,166783,1263
2022-01-25,Yolo,113,214977,33616,31677,2556,34233,274
2022-01-25,Yuba,115,75493,14486,14038,925,14963,103
2022-01-24,Alameda,001,1643700,228506,216252,11420,227672,1581
2022-01-24,Alpine,003,1148,119,120,1,121,0
2022-01-24,Amador,005,37829,7592,7166,434,7600,73
2022-01-24,Butte,007,227075,29976,28607,5981,34588,350
2022-01-24,Calaveras,009,45235,6582,6172,223,6395,95
2022-01-24,Colusa,011,21464,3170,3052,942,3994,21
2022-01-24,Contra Costa,013,1133247,172742,162161,10621,172782,1092
2022-01-24,Del Norte,015,27424,4664,4460,117,4577,43
2022-01-24,El Dorado,017,186661,24803,23128,2849,25977,179
2022-01-24,Fresno,019,978130,205041,196092,20130,216222,2430
2022-01-24,Glenn,021,27897,4533,4367,1435,5802,39
2022-01-24,Humboldt,023,135768,14940,14416,2243,16659,126
2022-01-24,Imperial,025,180216,50498,48228,8562,56790,824
2022-01-24,Inyo,027,18085,3904,3805,292,4097,50
2022-01-24,Kern,029,883053,177428,169892,40302,210194,1946
2022-01-24,Kings,031,150075,45737,43260,2969,46229,396
2022-01-24,Lake,033,64148,9168,8423,668,9091,118
2022-01-24,Lassen,035,31185,8081,7732,766,8498,55
2022-01-24,Los Angeles,037,10098052,2537302,2391045,114502,2505547,28230
2022-01-24,Madera,039,155013,33051,31339,4430,35769,329
2022-01-24,Marin,041,260295,30414,29301,1892,31193,253
2022-01-24,Mariposa,043,17540,2135,2033,112,2145,6
2022-01-24,Mendocino,045,87422,11703,11002,2061,13063,103
2022-01-24,Merced,047,269075,57089,54970,6216,61186,730
2022-01-24,Modoc,049,8938,659,648,226,874,6
2022-01-24,Mono,051,14174,2851,2802,111,2913,4
2022-01-24,Monterey,053,433212,70460,61975,9589,71564,654
2022-01-24,Napa,055,140530,22785,21494,714,22208,111
2022-01-24,Nevada,057,99092,14530,13774,930,14704,112
2022-01-24,Orange,059,3164182,515905,501634,37842,539476,5969
2022-01-24,Placer,061,380077,57452,54933,6590,61523,518
2022-01-24,Plumas,063,18699,2648,2370,237,2607,12
2022-01-24,Riverside,065,2383286,555201,535962,25600,561562,5661
2022-01-24,Sacramento,067,1510023,255525,241522,21391,262913,2526
2022-01-24,San Benito,069,59416,11688,11331,426,11757,88
2022-01-24,San Bernardino,071,2135413,543976,515604,23252,538856,6285
2022-01-24,San Diego,073,3302833,689265,663580,46754,710334,4586
2022-01-24,San Francisco,075,870044,111936,105418,7310,112728,703
2022-01-24,San Joaquin,077,732212,152461,145984,9031,155015,1959
2022-01-24,San Luis Obispo,079,281455,47006,44616,3070,47686,387
2022-01-24,San Mateo,081,765935,110301,96968,5737,102705,586
2022-01-24,Santa Barbara,083,443738,77033,73866,3953,77819,591
2022-01-24,Santa Clara,085,1922200,275550,265341,10088,275429,2006
2022-01-24,Santa Cruz,087,273765,39481,37188,1858,39046,237
2022-01-24,Shasta,089,179085,27776,26871,5194,32065,452
2022-01-24,Sierra,091,2930,264,258,37,295,0
2022-01-24,Siskiyou,093,43540,4048,3934,2226,6160,64
2022-01-24,Solano,095,438530,72085,68094,4709,72803,400
2022-01-24,Sonoma,097,501317,74517,70733,2031,72764,423
2022-01-24,Stanislaus,099,539301,107911,104933,14927,119860,1395
2022-01-24,Sutter,101,95872,18845,18336,1383,19719,200
2022-01-24,Tehama,103,63373,10949,10567,2309,12876,145
2022-01-24,Trinity,105,12862,1072,978,253,1231,19
2022-01-24,Tulare,107,460477,95491,90089,23478,113567,1219
2022-01-24,Tuolumne,109,53932,11148,10374,359,10733,91
2022-01-24,Ventura,111,848112,161451,156551,8767,165318,1261
2022-01-24,Yolo,113,214977,33323,31480,2527,34007,273
2022-01-24,Yuba,115,75493,14380,13862,886,14748,103
2022-01-23,Alameda,001,1643700,225802,214003,11097,225100,1583
2022-01-23,Alpine,003,1148,119,120,1,121,0
2022-01-23,Amador,005,37829,7536,7090,394,7484,73
2022-01-23,Butte,007,227075,29682,28340,5855,34195,350
2022-01-23,Calaveras,009,45235,6517,6095,202,6297,95
2022-01-23,Colusa,011,21464,3146,3040,935,3975,21
2022-01-23,Contra Costa,013,1133247,170869,160798,10266,171064,1092
2022-01-23,Del Norte,015,27424,4596,4419,111,4530,43
2022-01-23,El Dorado,017,186661,24612,22925,2802,25727,179
2022-01-23,Fresno,019,978130,202564,193642,19660,213302,2430
2022-01-23,Glenn,021,27897,4482,4340,1413,5753,39
2022-01-23,Humboldt,023,135768,14818,14296,2161,16457,126
2022-01-23,Imperial,025,180216,49900,47935,8280,56215,824
2022-01-23,Inyo,027,18085,3877,3781,278,4059,50
2022-01-23,Kern,029,883053,176064,168585,39777,208362,1946
2022-01-23,Kings,031,150075,45102,42622,2867,45489,397
2022-01-23,Lake,033,64148,8998,8363,642,9005,118
2022-01-23,Lassen,035,31185,8032,7710,742,8452,55
2022-01-23,Los Angeles,037,10098052,2516994,2390590,113360,2503950,28231
2022-01-23,Madera,039,155013,32693,30962,4194,35156,329
2022-01-23,Marin,041,260295,30161,29025,1854,30879,253
2022-01-23,Mariposa,043,17540,2120,2011,109,2120,6
2022-01-23,Mendocino,045,87422,11578,10889,1933,12822,103
2022-01-23,Merced,047,269075,56536,54644,5769,60413,730
2022-01-23,Modoc,049,8938,657,645,223,868,6
2022-01-23,Mono,051,14174,2843,2788,109,2897,4
2022-01-23,Monterey,053,433212,69623,61522,9157,70679,654
2022-01-23,Napa,055,140530,22522,21281,701,21982,111
2022-01-23,Nevada,057,99092,14369,13629,901,14530,112
2022-01-23,Orange,059,3164182,512806,498968,37551,536519,5970
2022-01-23,Placer,061,380077,56882,54568,6502,61070,518
2022-01-23,Plumas,063,18699,2615,2368,208,2576,12
2022-01-23,Riverside,065,2383286,550758,532273,25298,557571,5661
2022-01-23,Sacramento,067,1510023,252879,239589,20453,260042,2530
2022-01-23,San Benito,069,59416,11566,11225,415,11640,88
2022-01-23,San Bernardino,071,2135413,540480,512657,22974,535631,6281
2022-01-23,San Diego,073,3302833,682657,640215,45945,686160,4566
2022-01-23,San Francisco,075,870044,110870,104485,7203,111688,704
2022-01-23,San Joaquin,077,732212,150847,144621,8949,153570,1959
2022-01-23,San Luis Obispo,079,281455,46310,44183,2996,47179,386
2022-01-23,San Mateo,081,765935,109183,95940,5593,101533,586
2022-01-23,Santa Barbara,083,443738,75910,73041,3830,76871,590
2022-01-23,Santa Clara,085,1922200,272250,261991,9769,271760,2005
2022-01-23,Santa Cruz,087,273765,38951,36547,1827,38374,237
2022-01-23,Shasta,089,179085,27496,26732,5074,31806,452
2022-01-23,Sierra,091,2930,263,252,37,289,0
2022-01-23,Siskiyou,093,43540,4023,3916,2169,6085,64
2022-01-23,Solano,095,438530,71285,67457,4615,72072,400
2022-01-23,Sonoma,097,501317,73563,69791,1975,71766,423
2022-01-23,Stanislaus,099,539301,107051,104067,14637,118704,1395
2022-01-23,Sutter,101,95872,18688,18175,1270,19445,200
2022-01-23,Tehama,103,63373,10851,10481,2277,12758,145
2022-01-23,Trinity,105,12862,1069,961,251,1212,19
2022-01-23,Tulare,107,460477,94236,89120,23066,112186,1219
2022-01-23,Tuolumne,109,53932,10956,10243,342,10585,91
2022-01-23,Ventura,111,848112,160269,155052,8690,163742,1261
2022-01-23,Yolo,113,214977,32946,30908,2487,33395,273
2022-01-23,Yuba,115,75493,14256,13762,833,14595,103
2022-01-22,Alameda,001,1643700,224720,203927,11069,214996,1575
2022-01-22,Alpine,003,1148,118,119,1,120,0
2022-01-22,Amador,005,37829,7502,6845,389,7234,73
2022-01-22,Butte,007,227075,29562,27232,5824,33056,350
2022-01-22,Calaveras,009,45235,6487,5835,201,6036,95
2022-01-22,Colusa,011,21464,3129,2954,932,3886,21
2022-01-22,Contra Costa,013,1133247,169928,154111,10236,164347,1091
2022-01-22,Del Norte,015,27424,4557,4269,107,4376,43
2022-01-22,El Dorado,017,186661,24544,22273,2792,25065,179
2022-01-22,Fresno,019,978130,201740,185292,19594,204886,2429
2022-01-22,Glenn,021,27897,4476,4174,1410,5584,39
2022-01-22,Humboldt,023,135768,14750,13628,2148,15776,125
2022-01-22,Imperial,025,180216,49710,45741,8222,53963,820
2022-01-22,Inyo,027,18085,3873,3706,254,3960,50
2022-01-22,Kern,029,883053,175439,162902,39477,202379,1946
2022-01-22,Kings,031,150075,44894,40580,2854,43434,396
2022-01-22,Lake,033,64148,8964,8056,634,8690,118
2022-01-22,Lassen,035,31185,7998,7545,735,8280,55
2022-01-22,Los Angeles,037,10098052,2509591,2286280,112854,2399134,28038
2022-01-22,Madera,039,155013,32574,29595,4179,33774,329
2022-01-22,Marin,041,260295,30034,27893,1849,29742,253
2022-01-22,Mariposa,043,17540,2116,1920,109,2029,6
2022-01-22,Mendocino,045,87422,11528,10395,1911,12306,103
2022-01-22,Merced,047,269075,56383,53025,5762,58787,727
2022-01-22,Modoc,049,8938,656,639,223,862,6
2022-01-22,Mono,051,14174,2842,2723,105,2828,4
2022-01-22,Monterey,053,433212,69417,59038,9115,68153,651
2022-01-22,Napa,055,140530,22427,20402,691,21093,111
2022-01-22,Nevada,057,99092,14301,12957,893,13850,112
2022-01-22,Orange,059,3164182,511201,480329,37303,517632,5946
2022-01-22,Placer,061,380077,56611,52557,6465,59022,512
2022-01-22,Plumas,063,18699,2598,2289,204,2493,12
2022-01-22,Riverside,065,2383286,548843,513567,25225,538792,5623
2022-01-22,Sacramento,067,1510023,251824,230206,20353,250559,2510
2022-01-22,San Benito,069,59416,11508,10743,410,11153,88
2022-01-22,San Bernardino,071,2135413,538944,495209,22880,518089,6267
2022-01-22,San Diego,073,3302833,680168,628904,45724,674628,4559
2022-01-22,San Francisco,075,870044,110213,100238,7055,107293,702
2022-01-22,San Joaquin,077,732212,150406,138264,8908,147172,1960
2022-01-22,San Luis Obispo,079,281455,46191,42154,2990,45144,385
2022-01-22,San Mateo,081,765935,108598,91440,5531,96971,585
2022-01-22,Santa Barbara,083,443738,75488,69555,3824,73379,589
2022-01-22,Santa Clara,085,1922200,270571,249205,9703,258908,1993
2022-01-22,Santa Cruz,087,273765,38769,33741,1821,35562,237
2022-01-22,Shasta,089,179085,27400,25919,5052,30971,450
2022-01-22,Sierra,091,2930,263,248,36,284,0
2022-01-22,Siskiyou,093,43540,4005,3845,2148,5993,62
2022-01-22,Solano,095,438530,71062,63882,4577,68459,391
2022-01-22,Sonoma,097,501317,73143,66013,1965,67978,422
2022-01-22,Stanislaus,099,539301,106593,100092,14539,114631,1393
2022-01-22,Sutter,101,95872,18620,17616,1257,18873,199
2022-01-22,Tehama,103,63373,10816,10171,2266,12437,142
2022-01-22,Trinity,105,12862,1067,925,251,1176,19
2022-01-22,Tulare,107,460477,93857,85223,22944,108167,1211
2022-01-22,Tuolumne,109,53932,10888,9731,336,10067,91
2022-01-22,Ventura,111,848112,159578,148742,8650,157392,1250
2022-01-22,Yolo,113,214977,32768,30061,2470,32531,273
2022-01-22,Yuba,115,75493,14167,13288,829,14117,103
2022-01-21,Alameda,001,1643700,223141,203927,11036,214963,1575
2022-01-21,Alpine,003,1148,118,119,1,120,0
2022-01-21,Amador,005,37829,7445,6845,386,7231,73
2022-01-21,Butte,007,227075,29436,27232,5781,33013,350
2022-01-21,Calaveras,009,45235,6441,5835,201,6036,95
2022-01-21,Colusa,011,21464,3122,2954,927,3881,21
2022-01-21,Contra Costa,013,1133247,168861,154111,10158,164269,1091
2022-01-21,Del Norte,015,27424,4517,4269,107,4376,43
2022-01-21,El Dorado,017,186661,24461,22273,2778,25051,179
2022-01-21,Fresno,019,978130,200491,185292,19501,204793,2429
2022-01-21,Glenn,021,27897,4456,4174,1405,5579,39
2022-01-21,Humboldt,023,135768,14680,13628,2129,15757,125
2022-01-21,Imperial,025,180216,49521,45741,8148,53889,820
2022-01-21,Inyo,027,18085,3860,3706,249,3955,50
2022-01-21,Kern,029,883053,174721,162902,39107,202009,1946
2022-01-21,Kings,031,150075,44697,40580,2846,43426,396
2022-01-21,Lake,033,64148,8907,8056,622,8678,118
2022-01-21,Lassen,035,31185,7949,7545,731,8276,55
2022-01-21,Los Angeles,037,10098052,2498293,2286280,112394,2398674,28038
2022-01-21,Madera,039,155013,32283,29595,4151,33746,329
2022-01-21,Marin,041,260295,29857,27893,1830,29723,253
2022-01-21,Mariposa,043,17540,2104,1920,108,2028,6
2022-01-21,Mendocino,045,87422,11447,10395,1908,12303,103
2022-01-21,Merced,047,269075,56224,53025,5758,58783,727
2022-01-21,Modoc,049,8938,655,639,223,862,6
2022-01-21,Mono,051,14174,2828,2723,102,2825,4
2022-01-21,Monterey,053,433212,68947,59038,8989,68027,651
2022-01-21,Napa,055,140530,22307,20402,683,21085,111
2022-01-21,Nevada,057,99092,14203,12957,889,13846,112
2022-01-21,Orange,059,3164182,508964,480329,37058,517387,5946
2022-01-21,Placer,061,380077,56218,52557,6403,58960,512
2022-01-21,Plumas,063,18699,2586,2289,199,2488,12
2022-01-21,Riverside,065,2383286,546186,513567,25146,538713,5623
2022-01-21,Sacramento,067,1510023,250378,230206,20252,250458,2510
2022-01-21,San Benito,069,59416,11472,10743,407,11150,88
2022-01-21,San Bernardino,071,2135413,536872,495209,22805,518014,6267
2022-01-21,San Diego,073,3302833,676000,628904,45546,674450,4559
2022-01-21,San Francisco,075,870044,109455,100238,6967,107205,702
2022-01-21,San Joaquin,077,732212,149808,138264,8852,147116,1960
2022-01-21,San Luis Obispo,079,281455,46065,42154,2987,45141,385
2022-01-21,San Mateo,081,765935,107926,91440,5493,96933,585
2022-01-21,Santa Barbara,083,443738,74986,69555,3815,73370,589
2022-01-21,Santa Clara,085,1922200,268748,249205,9595,258800,1993
2022-01-21,Santa Cruz,087,273765,38050,33741,1808,35549,237
2022-01-21,Shasta,089,179085,27311,25919,5005,30924,450
2022-01-21,Sierra,091,2930,261,248,35,283,0
2022-01-21,Siskiyou,093,43540,3996,3845,2130,5975,62
2022-01-21,Solano,095,438530,70651,63882,4494,68376,391
2022-01-21,Sonoma,097,501317,72618,66013,1955,67968,422
2022-01-21,Stanislaus,099,539301,106090,100092,14464,114556,1393
2022-01-21,Sutter,101,95872,18534,17616,1243,18859,199
2022-01-21,Tehama,103,63373,10780,10171,2264,12435,142
2022-01-21,Trinity,105,12862,1061,925,250,1175,19
2022-01-21,Tulare,107,460477,93380,85223,22790,108013,1211
2022-01-21,Tuolumne,109,53932,10805,9731,329,10060,91
2022-01-21,Ventura,111,848112,158769,148742,8619,157361,1250
2022-01-21,Yolo,113,214977,32605,30061,2449,32510,273
2022-01-21,Yuba,115,75493,14095,13288,822,14110,103
2022-01-20,Alameda,001,1643700,220072,203927,10800,214727,1575
2022-01-20,Alpine,003,1148,118,119,1,120,0
2022-01-20,Amador,005,37829,7381,6845,368,7213,73
2022-01-20,Butte,007,227075,29176,27232,5702,32934,350
2022-01-20,Calaveras,009,45235,6336,5835,192,6027,95
2022-01-20,Colusa,011,21464,3092,2954,915,3869,21
2022-01-20,Contra Costa,013,1133247,166878,154111,9894,164005,1091
2022-01-20,Del Norte,015,27424,4477,4269,104,4373,43
2022-01-20,El Dorado,017,186661,24257,22273,2735,25008,179
2022-01-20,Fresno,019,978130,197877,185292,19129,204421,2429
2022-01-20,Glenn,021,27897,4422,4174,1396,5570,39
2022-01-20,Humboldt,023,135768,14553,13628,2079,15707,125
2022-01-20,Imperial,025,180216,49003,45741,7973,53714,820
2022-01-20,Inyo,027,18085,3848,3706,238,3944,50
2022-01-20,Kern,029,883053,173197,162902,38569,201471,1946
2022-01-20,Kings,031,150075,44142,40580,2806,43386,396
2022-01-20,Lake,033,64148,8811,8056,594,8650,118
2022-01-20,Lassen,035,31185,7896,7545,716,8261,55
2022-01-20,Los Angeles,037,10098052,2473564,2286280,111424,2397704,28038
2022-01-20,Madera,039,155013,31896,29595,4026,33621,329
2022-01-20,Marin,041,260295,29564,27893,1793,29686,253
2022-01-20,Mariposa,043,17540,2077,1920,105,2025,6
2022-01-20,Mendocino,045,87422,11349,10395,1830,12225,103
2022-01-20,Merced,047,269075,55795,53025,5529,58554,727
2022-01-20,Modoc,049,8938,653,639,223,862,6
2022-01-20,Mono,051,14174,2820,2723,101,2824,4
2022-01-20,Monterey,053,433212,68182,59038,8576,67614,651
2022-01-20,Napa,055,140530,22041,20402,644,21046,111
2022-01-20,Nevada,057,99092,14058,12957,867,13824,112
2022-01-20,Orange,059,3164182,505029,480329,36690,517019,5946
2022-01-20,Placer,061,380077,55734,52557,6343,58900,512
2022-01-20,Plumas,063,18699,2559,2289,195,2484,12
2022-01-20,Riverside,065,2383286,541620,513567,24915,538482,5623
2022-01-20,Sacramento,067,1510023,248086,230206,19621,249827,2510
2022-01-20,San Benito,069,59416,11361,10743,394,11137,88
2022-01-20,San Bernardino,071,2135413,532635,495209,22528,517737,6267
2022-01-20,San Diego,073,3302833,668901,628904,44841,673745,4559
2022-01-20,San Francisco,075,870044,108305,100238,6827,107065,702
2022-01-20,San Joaquin,077,732212,148173,138264,8726,146990,1960
2022-01-20,San Luis Obispo,079,281455,45554,42154,2953,45107,385
2022-01-20,San Mateo,081,765935,106701,91440,5290,96730,585
2022-01-20,Santa Barbara,083,443738,74088,69555,3703,73258,589
2022-01-20,Santa Clara,085,1922200,265443,249205,9268,258473,1993
2022-01-20,Santa Cruz,087,273765,37166,33741,1785,35526,237
2022-01-20,Shasta,089,179085,27121,25919,4938,30857,450
2022-01-20,Sierra,091,2930,261,248,33,281,0
2022-01-20,Siskiyou,093,43540,3984,3845,2097,5942,62
2022-01-20,Solano,095,438530,69704,63882,4405,68287,391
2022-01-20,Sonoma,097,501317,71592,66013,1904,67917,422
2022-01-20,Stanislaus,099,539301,105133,100092,14258,114350,1393
2022-01-20,Sutter,101,95872,18369,17616,1215,18831,199
2022-01-20,Tehama,103,63373,10707,10171,2246,12417,142
2022-01-20,Trinity,105,12862,1047,925,249,1174,19
2022-01-20,Tulare,107,460477,92332,85223,22506,107729,1211
2022-01-20,Tuolumne,109,53932,10663,9731,319,10050,91
2022-01-20,Ventura,111,848112,157384,148742,8542,157284,1250
2022-01-20,Yolo,113,214977,32317,30061,2416,32477,273
2022-01-20,Yuba,115,75493,13989,13288,789,14077,103
2022-01-19,Alameda,001,1643700,216678,199739,10470,210209,1571
2022-01-19,Alpine,003,1148,117,119,1,120,0
2022-01-19,Amador,005,37829,7300,6789,326,7115,73
2022-01-19,Butte,007,227075,28874,26839,5616,32455,351
2022-01-19,Calaveras,009,45235,6246,5765,183,5948,95
2022-01-19,Colusa,011,21464,3067,2938,908,3846,21
2022-01-19,Contra Costa,013,1133247,164528,151543,9654,161197,1091
2022-01-19,Del Norte,015,27424,4438,4240,103,4343,43
2022-01-19,El Dorado,017,186661,24001,21953,2693,24646,177
2022-01-19,Fresno,019,978130,194946,181526,18807,200333,2430
2022-01-19,Glenn,021,27897,4371,4127,1386,5513,39
2022-01-19,Humboldt,023,135768,14395,13391,2029,15420,125
2022-01-19,Imperial,025,180216,48268,45156,7775,52931,820
2022-01-19,Inyo,027,18085,3825,3680,199,3879,49
2022-01-19,Kern,029,883053,171432,160747,37891,198638,1946
2022-01-19,Kings,031,150075,43446,40027,2738,42765,395
2022-01-19,Lake,033,64148,8684,7972,581,8553,118
2022-01-19,Lassen,035,31185,7839,7507,694,8201,55
2022-01-19,Los Angeles,037,10098052,2445186,2251718,110006,2361724,27934
2022-01-19,Madera,039,155013,31517,29021,3856,32877,329
2022-01-19,Marin,041,260295,29268,27375,1751,29126,251
2022-01-19,Mariposa,043,17540,2052,1896,99,1995,6
2022-01-19,Mendocino,045,87422,11178,10252,1737,11989,103
2022-01-19,Merced,047,269075,55250,52355,5173,57528,724
2022-01-19,Modoc,049,8938,651,635,222,857,6
2022-01-19,Mono,051,14174,2798,2677,99,2776,4
2022-01-19,Monterey,053,433212,67274,58426,8120,66546,651
2022-01-19,Napa,055,140530,21788,20090,617,20707,110
2022-01-19,Nevada,057,99092,13902,12703,840,13543,112
2022-01-19,Orange,059,3164182,500547,468460,36321,504781,5943
2022-01-19,Placer,061,380077,55170,51545,6275,57820,511
2022-01-19,Plumas,063,18699,2518,2239,189,2428,12
2022-01-19,Riverside,065,2383286,536101,503575,24680,528255,5604
2022-01-19,Sacramento,067,1510023,245193,226035,18906,244941,2512
2022-01-19,San Benito,069,59416,11220,10639,382,11021,88
2022-01-19,San Bernardino,071,2135413,527883,487846,22149,509995,6265
2022-01-19,San Diego,073,3302833,660126,614709,44104,658813,4553
2022-01-19,San Francisco,075,870044,106932,98652,6750,105402,694
2022-01-19,San Joaquin,077,732212,146282,135953,8603,144556,1959
2022-01-19,San Luis Obispo,079,281455,44955,41374,2887,44261,382
2022-01-19,San Mateo,081,765935,105290,89715,5026,94741,585
2022-01-19,Santa Barbara,083,443738,73091,68531,3604,72135,586
2022-01-19,Santa Clara,085,1922200,261714,244922,8908,253830,1991
2022-01-19,Santa Cruz,087,273765,35864,33026,1761,34787,237
2022-01-19,Shasta,089,179085,26854,25355,4866,30221,450
2022-01-19,Sierra,091,2930,261,245,32,277,0
2022-01-19,Siskiyou,093,43540,3960,3821,2044,5865,62
2022-01-19,Solano,095,438530,68860,63003,4275,67278,392
2022-01-19,Sonoma,097,501317,70493,64689,1858,66547,420
2022-01-19,Stanislaus,099,539301,104082,98952,13965,112917,1381
2022-01-19,Sutter,101,95872,18202,17436,1126,18562,199
2022-01-19,Tehama,103,63373,10593,10064,2200,12264,142
2022-01-19,Trinity,105,12862,1035,916,248,1164,19
2022-01-19,Tulare,107,460477,91048,83743,22039,105782,1200
2022-01-19,Tuolumne,109,53932,10504,9613,295,9908,91
2022-01-19,Ventura,111,848112,155869,144738,8467,153205,1234
2022-01-19,Yolo,113,214977,31953,29392,2380,31772,273
2022-01-19,Yuba,115,75493,13827,13114,776,13890,104
2022-01-18,Alameda,001,1643700,213308,195728,10153,205881,1566
2022-01-18,Alpine,003,1148,117,118,1,119,0
2022-01-18,Amador,005,37829,7162,6691,290,6981,73
2022-01-18,Butte,007,227075,28484,26514,5534,32048,347
2022-01-18,Calaveras,009,45235,6157,5684,168,5852,94
2022-01-18,Colusa,011,21464,3023,2903,903,3806,21
2022-01-18,Contra Costa,013,1133247,162467,149446,9283,158729,1085
2022-01-18,Del Norte,015,27424,4368,4229,98,4327,43
2022-01-18,El Dorado,017,186661,23621,21707,2648,24355,175
2022-01-18,Fresno,019,978130,191431,178922,18370,197292,2425
2022-01-18,Glenn,021,27897,4338,4070,1374,5444,39
2022-01-18,Humboldt,023,135768,14231,13218,1957,15175,125
2022-01-18,Imperial,025,180216,47572,44742,7595,52337,819
2022-01-18,Inyo,027,18085,3784,3654,189,3843,49
2022-01-18,Kern,029,883053,169409,158864,37139,196003,1943
2022-01-18,Kings,031,150075,42572,39440,2660,42100,392
2022-01-18,Lake,033,64148,8571,7919,562,8481,117
2022-01-18,Lassen,035,31185,7756,7461,655,8116,55
2022-01-18,Los Angeles,037,10098052,2411775,2227360,108538,2335898,27871
2022-01-18,Madera,039,155013,30994,28717,3667,32384,329
2022-01-18,Marin,041,260295,28965,27036,1709,28745,251
2022-01-18,Mariposa,043,17540,2027,1872,95,1967,6
2022-01-18,Mendocino,045,87422,11009,10114,1652,11766,103
2022-01-18,Merced,047,269075,54638,51746,4886,56632,718
2022-01-18,Modoc,049,8938,649,633,217,850,6
2022-01-18,Mono,051,14174,2777,2643,98,2741,4
2022-01-18,Monterey,053,433212,66499,57846,7641,65487,650
2022-01-18,Napa,055,140530,21455,19911,602,20513,109
2022-01-18,Nevada,057,99092,13718,12584,798,13382,111
2022-01-18,Orange,059,3164182,495216,461324,35817,497141,5938
2022-01-18,Placer,061,380077,54526,50983,6202,57185,508
2022-01-18,Plumas,063,18699,2480,2218,183,2401,12
2022-01-18,Riverside,065,2383286,530124,497278,24373,521651,5599
2022-01-18,Sacramento,067,1510023,242107,223745,17926,241671,2496
2022-01-18,San Benito,069,59416,11079,10520,368,10888,88
2022-01-18,San Bernardino,071,2135413,522435,483753,21722,505475,6258
2022-01-18,San Diego,073,3302833,649927,605137,43064,648201,4547
2022-01-18,San Francisco,075,870044,105467,96505,6634,103139,694
2022-01-18,San Joaquin,077,732212,144338,134365,8388,142753,1957
2022-01-18,San Luis Obispo,079,281455,44273,40848,2801,43649,381
2022-01-18,San Mateo,081,765935,103779,88225,4829,93054,585
2022-01-18,Santa Barbara,083,443738,71873,67216,3431,70647,581
2022-01-18,Santa Clara,085,1922200,257601,240281,8511,248792,1986
2022-01-18,Santa Cruz,087,273765,35214,32203,1726,33929,237
2022-01-18,Shasta,089,179085,26572,25162,4772,29934,448
2022-01-18,Sierra,091,2930,257,244,32,276,0
2022-01-18,Siskiyou,093,43540,3927,3799,1991,5790,62
2022-01-18,Solano,095,438530,68010,62204,4164,66368,391
2022-01-18,Sonoma,097,501317,69107,63714,1803,65517,419
2022-01-18,Stanislaus,099,539301,102865,98000,13589,111589,1379
2022-01-18,Sutter,101,95872,18011,17295,1055,18350,198
2022-01-18,Tehama,103,63373,10497,9975,2148,12123,142
2022-01-18,Trinity,105,12862,1022,907,247,1154,19
2022-01-18,Tulare,107,460477,89585,82667,21636,104303,1196
2022-01-18,Tuolumne,109,53932,10337,9528,284,9812,91
2022-01-18,Ventura,111,848112,154155,143384,8381,151765,1233
2022-01-18,Yolo,113,214977,31555,28786,2330,31116,270
2022-01-18,Yuba,115,75493,13666,12971,751,13722,101
2022-01-17,Alameda,001,1643700,208604,193276,9568,202844,1565
2022-01-17,Alpine,003,1148,116,118,0,118,0
2022-01-17,Amador,005,37829,7047,6640,232,6872,73
2022-01-17,Butte,007,227075,28095,26303,5426,31729,348
2022-01-17,Calaveras,009,45235,6026,5584,140,5724,94
2022-01-17,Colusa,011,21464,2999,2905,896,3801,21
2022-01-17,Contra Costa,013,1133247,159640,147993,8798,156791,1086
2022-01-17,Del Norte,015,27424,4317,4209,91,4300,43
2022-01-17,El Dorado,017,186661,23374,21540,2566,24106,175
2022-01-17,Fresno,019,978130,187717,176959,17862,194821,2426
2022-01-17,Glenn,021,27897,4285,4055,1361,5416,39
2022-01-17,Humboldt,023,135768,14025,13120,1791,14911,125
2022-01-17,Imperial,025,180216,46885,44412,7434,51846,821
2022-01-17,Inyo,027,18085,3762,3650,163,3813,49
2022-01-17,Kern,029,883053,166865,157645,36264,193909,1944
2022-01-17,Kings,031,150075,41438,39143,2540,41683,392
2022-01-17,Lake,033,64148,8422,7864,522,8386,117
2022-01-17,Lassen,035,31185,7663,7417,618,8035,55
2022-01-17,Los Angeles,037,10098052,2372580,2205740,106578,2312318,27832
2022-01-17,Madera,039,155013,30342,28568,3487,32055,329
2022-01-17,Marin,041,260295,28559,26633,1653,28286,251
2022-01-17,Mariposa,043,17540,2001,1862,89,1951,6
2022-01-17,Mendocino,045,87422,10786,10030,1512,11542,103
2022-01-17,Merced,047,269075,53960,51227,4324,55551,718
2022-01-17,Modoc,049,8938,645,630,217,847,6
2022-01-17,Mono,051,14174,2754,2642,97,2739,4
2022-01-17,Monterey,053,433212,65381,57318,7226,64544,647
2022-01-17,Napa,055,140530,21110,19647,579,20226,109
2022-01-17,Nevada,057,99092,13532,12414,761,13175,111
2022-01-17,Orange,059,3164182,489265,457418,35344,492762,5933
2022-01-17,Placer,061,380077,53794,50511,6059,56570,508
2022-01-17,Plumas,063,18699,2434,2205,151,2356,12
2022-01-17,Riverside,065,2383286,523310,491322,23920,515242,5600
2022-01-17,Sacramento,067,1510023,238026,221143,16582,237725,2497
2022-01-17,San Benito,069,59416,10912,10432,340,10772,88
2022-01-17,San Bernardino,071,2135413,515952,480243,21179,501422,6259
2022-01-17,San Diego,073,3302833,637708,569241,41857,611098,4545
2022-01-17,San Francisco,075,870044,103839,95292,6439,101731,694
2022-01-17,San Joaquin,077,732212,141503,133414,8197,141611,1958
2022-01-17,San Luis Obispo,079,281455,43444,40425,2700,43125,379
2022-01-17,San Mateo,081,765935,101809,87013,4575,91588,585
2022-01-17,Santa Barbara,083,443738,70551,66704,3231,69935,581
2022-01-17,Santa Clara,085,1922200,253114,237934,8076,246010,1985
2022-01-17,Santa Cruz,087,273765,34443,31714,1689,33403,237
2022-01-17,Shasta,089,179085,26292,25025,4651,29676,448
2022-01-17,Sierra,091,2930,256,242,32,274,0
2022-01-17,Siskiyou,093,43540,3888,3764,1911,5675,62
2022-01-17,Solano,095,438530,66969,61497,3905,65402,391
2022-01-17,Sonoma,097,501317,67604,62763,1737,64500,419
2022-01-17,Stanislaus,099,539301,101551,96951,13098,110049,1379
2022-01-17,Sutter,101,95872,17802,17159,919,18078,198
2022-01-17,Tehama,103,63373,10374,9912,2090,12002,142
2022-01-17,Trinity,105,12862,1009,906,243,1149,19
2022-01-17,Tulare,107,460477,87837,81741,21088,102829,1199
2022-01-17,Tuolumne,109,53932,10198,9416,252,9668,91
2022-01-17,Ventura,111,848112,152039,142070,8263,150333,1234
2022-01-17,Yolo,113,214977,31024,28638,2264,30902,270
2022-01-17,Yuba,115,75493,13469,12871,695,13566,101
2022-01-16,Alameda,001,1643700,205542,190691,9312,200003,1564
2022-01-16,Alpine,003,1148,116,118,0,118,0
2022-01-16,Amador,005,37829,6974,6618,224,6842,73
2022-01-16,Butte,007,227075,27751,26139,5373,31512,348
2022-01-16,Calaveras,009,45235,5925,5537,136,5673,94
2022-01-16,Colusa,011,21464,2982,2886,884,3770,21
2022-01-16,Contra Costa,013,1133247,157673,146307,8592,154899,1086
2022-01-16,Del Norte,015,27424,4275,4177,89,4266,43
2022-01-16,El Dorado,017,186661,23099,21303,2527,23830,175
2022-01-16,Fresno,019,978130,185005,174818,17503,192321,2425
2022-01-16,Glenn,021,27897,4230,4049,1339,5388,39
2022-01-16,Humboldt,023,135768,13878,13075,1772,14847,125
2022-01-16,Imperial,025,180216,46312,44035,7270,51305,821
2022-01-16,Inyo,027,18085,3725,3602,141,3743,49
2022-01-16,Kern,029,883053,165594,156655,35477,192132,1944
2022-01-16,Kings,031,150075,41065,38861,2520,41381,392
2022-01-16,Lake,033,64148,8318,7823,488,8311,117
2022-01-16,Lassen,035,31185,7618,7391,605,7996,55
2022-01-16,Los Angeles,037,10098052,2349408,2174403,105055,2279458,27805
2022-01-16,Madera,039,155013,29973,28313,3437,31750,329
2022-01-16,Marin,041,260295,28265,26292,1639,27931,251
2022-01-16,Mariposa,043,17540,1974,1851,84,1935,6
2022-01-16,Mendocino,045,87422,10639,9992,1396,11388,102
2022-01-16,Merced,047,269075,53369,50882,4298,55180,718
2022-01-16,Modoc,049,8938,642,629,217,846,6
2022-01-16,Mono,051,14174,2750,2614,95,2709,4
2022-01-16,Monterey,053,433212,64615,57012,7081,64093,647
2022-01-16,Napa,055,140530,20843,19521,568,20089,109
2022-01-16,Nevada,057,99092,13318,12307,743,13050,111
2022-01-16,Orange,059,3164182,483882,451962,34797,486759,5932
2022-01-16,Placer,061,380077,53087,50076,5948,56024,508
2022-01-16,Plumas,063,18699,2399,2204,142,2346,12
2022-01-16,Riverside,065,2383286,517807,485191,23700,508891,5600
2022-01-16,Sacramento,067,1510023,235069,218819,15866,234685,2491
2022-01-16,San Benito,069,59416,10754,10377,338,10715,88
2022-01-16,San Bernardino,071,2135413,511947,474425,20924,495349,6259
2022-01-16,San Diego,073,3302833,630120,569241,41420,610661,4545
2022-01-16,San Francisco,075,870044,102322,94139,6301,100440,694
2022-01-16,San Joaquin,077,732212,139720,132214,8055,140269,1958
2022-01-16,San Luis Obispo,079,281455,42787,40113,2661,42774,379
2022-01-16,San Mateo,081,765935,100284,85966,4482,90448,585
2022-01-16,Santa Barbara,083,443738,69523,66111,3190,69301,582
2022-01-16,Santa Clara,085,1922200,249450,234293,7922,242215,1984
2022-01-16,Santa Cruz,087,273765,33814,31469,1667,33136,237
2022-01-16,Shasta,089,179085,26038,24980,4583,29563,449
2022-01-16,Sierra,091,2930,252,238,31,269,0
2022-01-16,Siskiyou,093,43540,3860,3748,1872,5620,62
2022-01-16,Solano,095,438530,66293,60885,3774,64659,391
2022-01-16,Sonoma,097,501317,66526,61842,1720,63562,419
2022-01-16,Stanislaus,099,539301,100488,96370,12933,109303,1379
2022-01-16,Sutter,101,95872,17602,16996,897,17893,198
2022-01-16,Tehama,103,63373,10290,9868,2069,11937,142
2022-01-16,Trinity,105,12862,1004,889,241,1130,19
2022-01-16,Tulare,107,460477,86525,80867,20834,101701,1199
2022-01-16,Tuolumne,109,53932,10092,9369,244,9613,91
2022-01-16,Ventura,111,848112,150464,140715,8184,148899,1234
2022-01-16,Yolo,113,214977,30632,28481,2211,30692,270
2022-01-16,Yuba,115,75493,13292,12760,689,13449,101
2022-01-15,Alameda,001,1643700,204169,177768,9258,187026,1561
2022-01-15,Alpine,003,1148,116,117,0,117,0
2022-01-15,Amador,005,37829,6942,6434,210,6644,72
2022-01-15,Butte,007,227075,27596,25032,5323,30355,348
2022-01-15,Calaveras,009,45235,5893,5258,136,5394,93
2022-01-15,Colusa,011,21464,2968,2796,877,3673,21
2022-01-15,Contra Costa,013,1133247,156423,137643,8546,146189,1082
2022-01-15,Del Norte,015,27424,4260,4065,87,4152,43
2022-01-15,El Dorado,017,186661,23000,20434,2510,22944,175
2022-01-15,Fresno,019,978130,184076,167361,17418,184779,2415
2022-01-15,Glenn,021,27897,4223,3906,1330,5236,39
2022-01-15,Humboldt,023,135768,13775,12419,1756,14175,123
2022-01-15,Imperial,025,180216,46174,42508,7162,49670,817
2022-01-15,Inyo,027,18085,3715,3395,141,3536,49
2022-01-15,Kern,029,883053,164750,150085,35087,185172,1938
2022-01-15,Kings,031,150075,40816,37221,2508,39729,391
2022-01-15,Lake,033,64148,8279,7641,475,8116,117
2022-01-15,Lassen,035,31185,7577,7274,599,7873,55
2022-01-15,Los Angeles,037,10098052,2337882,2047927,104106,2152033,27641
2022-01-15,Madera,039,155013,29827,27294,3413,30707,329
2022-01-15,Marin,041,260295,28079,25248,1632,26880,251
2022-01-15,Mariposa,043,17540,1967,1762,84,1846,6
2022-01-15,Mendocino,045,87422,10566,9534,1390,10924,102
2022-01-15,Merced,047,269075,53202,48904,4286,53190,715
2022-01-15,Modoc,049,8938,640,628,217,845,6
2022-01-15,Mono,051,14174,2745,2508,94,2602,4
2022-01-15,Monterey,053,433212,64101,55315,7017,62332,647
2022-01-15,Napa,055,140530,20722,17648,564,18212,109
2022-01-15,Nevada,057,99092,13258,11773,730,12503,111
2022-01-15,Orange,059,3164182,481292,433141,34524,467665,5914
2022-01-15,Placer,061,380077,52796,47780,5912,53692,501
2022-01-15,Plumas,063,18699,2378,2158,136,2294,12
2022-01-15,Riverside,065,2383286,515126,466381,23565,489946,5578
2022-01-15,Sacramento,067,1510023,233913,208156,15767,223923,2491
2022-01-15,San Benito,069,59416,10655,9868,333,10201,87
2022-01-15,San Bernardino,071,2135413,509585,454395,20775,475170,6233
2022-01-15,San Diego,073,3302833,626331,559385,41164,600549,4540
2022-01-15,San Francisco,075,870044,101325,88004,6166,94170,692
2022-01-15,San Joaquin,077,732212,139155,125136,7958,133094,1954
2022-01-15,San Luis Obispo,079,281455,42598,38231,2648,40879,374
2022-01-15,San Mateo,081,765935,99328,80494,4441,84935,582
2022-01-15,Santa Barbara,083,443738,68927,62312,3179,65491,579
2022-01-15,Santa Clara,085,1922200,247247,218986,7802,226788,1974
2022-01-15,Santa Cruz,087,273765,33460,29414,1659,31073,235
2022-01-15,Shasta,089,179085,25947,24482,4551,29033,445
2022-01-15,Sierra,091,2930,251,232,30,262,0
2022-01-15,Siskiyou,093,43540,3848,3661,1862,5523,62
2022-01-15,Solano,095,438530,66014,58061,3725,61786,389
2022-01-15,Sonoma,097,501317,65940,58181,1714,59895,418
2022-01-15,Stanislaus,099,539301,99906,92986,12830,105816,1379
2022-01-15,Sutter,101,95872,17511,16345,887,17232,197
2022-01-15,Tehama,103,63373,10241,9572,2051,11623,141
2022-01-15,Trinity,105,12862,1001,872,241,1113,19
2022-01-15,Tulare,107,460477,86079,77769,20723,98492,1192
2022-01-15,Tuolumne,109,53932,9991,9042,239,9281,91
2022-01-15,Ventura,111,848112,149689,134736,8146,142882,1227
2022-01-15,Yolo,113,214977,30452,27311,2191,29502,270
2022-01-15,Yuba,115,75493,13229,12200,685,12885,101
2022-01-14,Alameda,001,1643700,202126,177768,9210,186978,1561
2022-01-14,Alpine,003,1148,116,117,0,117,0
2022-01-14,Amador,005,37829,6866,6434,201,6635,72
2022-01-14,Butte,007,227075,27416,25032,5291,30323,348
2022-01-14,Calaveras,009,45235,5856,5258,135,5393,93
2022-01-14,Colusa,011,21464,2959,2796,867,3663,21
2022-01-14,Contra Costa,013,1133247,154924,137643,8441,146084,1082
2022-01-14,Del Norte,015,27424,4235,4065,86,4151,43
2022-01-14,El Dorado,017,186661,22845,20434,2492,22926,175
2022-01-14,Fresno,019,978130,182420,167361,17340,184701,2415
2022-01-14,Glenn,021,27897,4201,3906,1322,5228,39
2022-01-14,Humboldt,023,135768,13669,12419,1723,14142,123
2022-01-14,Imperial,025,180216,46003,42508,7142,49650,817
2022-01-14,Inyo,027,18085,3690,3395,137,3532,49
2022-01-14,Kern,029,883053,163751,150085,34653,184738,1938
2022-01-14,Kings,031,150075,40564,37221,2500,39721,391
2022-01-14,Lake,033,64148,8222,7641,463,8104,117
2022-01-14,Lassen,035,31185,7543,7274,587,7861,55
2022-01-14,Los Angeles,037,10098052,2318559,2047927,103075,2151002,27641
2022-01-14,Madera,039,155013,29592,27294,3385,30679,329
2022-01-14,Marin,041,260295,27820,25248,1597,26845,251
2022-01-14,Mariposa,043,17540,1952,1762,84,1846,6
2022-01-14,Mendocino,045,87422,10454,9534,1377,10911,102
2022-01-14,Merced,047,269075,53019,48904,4271,53175,715
2022-01-14,Modoc,049,8938,639,628,217,845,6
2022-01-14,Mono,051,14174,2724,2508,92,2600,4
2022-01-14,Monterey,053,433212,63404,55315,6924,62239,647
2022-01-14,Napa,055,140530,20552,17648,559,18207,109
2022-01-14,Nevada,057,99092,13136,11773,717,12490,111
2022-01-14,Orange,059,3164182,477562,433141,34208,467349,5914
2022-01-14,Placer,061,380077,52360,47780,5826,53606,501
2022-01-14,Plumas,063,18699,2370,2158,129,2287,12
2022-01-14,Riverside,065,2383286,511603,466381,23422,489803,5578
2022-01-14,Sacramento,067,1510023,231965,208156,15618,223774,2491
2022-01-14,San Benito,069,59416,10603,9868,332,10200,87
2022-01-14,San Bernardino,071,2135413,506363,454395,20588,474983,6233
2022-01-14,San Diego,073,3302833,620681,559385,40856,600241,4540
2022-01-14,San Francisco,075,870044,100153,88004,5991,93995,692
2022-01-14,San Joaquin,077,732212,138305,125136,7878,133014,1954
2022-01-14,San Luis Obispo,079,281455,42431,38231,2627,40858,374
2022-01-14,San Mateo,081,765935,98099,80494,4412,84906,582
2022-01-14,Santa Barbara,083,443738,68408,62312,3169,65481,579
2022-01-14,Santa Clara,085,1922200,244675,218986,7696,226682,1974
2022-01-14,Santa Cruz,087,273765,33082,29414,1650,31064,235
2022-01-14,Shasta,089,179085,25826,24482,4518,29000,445
2022-01-14,Sierra,091,2930,249,232,28,260,0
2022-01-14,Siskiyou,093,43540,3837,3661,1849,5510,62
2022-01-14,Solano,095,438530,65170,58061,3637,61698,389
2022-01-14,Sonoma,097,501317,65399,58181,1688,59869,418
2022-01-14,Stanislaus,099,539301,99300,92986,12722,105708,1379
2022-01-14,Sutter,101,95872,17385,16345,879,17224,197
2022-01-14,Tehama,103,63373,10188,9572,2039,11611,141
2022-01-14,Trinity,105,12862,996,872,239,1111,19
2022-01-14,Tulare,107,460477,85551,77769,20562,98331,1192
2022-01-14,Tuolumne,109,53932,9868,9042,235,9277,91
2022-01-14,Ventura,111,848112,148585,134736,8087,142823,1227
2022-01-14,Yolo,113,214977,30211,27311,2163,29474,270
2022-01-14,Yuba,115,75493,13126,12200,680,12880,101
2022-01-13,Alameda,001,1643700,197817,177768,8860,186628,1561
2022-01-13,Alpine,003,1148,115,117,0,117,0
2022-01-13,Amador,005,37829,6806,6434,180,6614,72
2022-01-13,Butte,007,227075,27112,25032,5176,30208,348
2022-01-13,Calaveras,009,45235,5766,5258,132,5390,93
2022-01-13,Colusa,011,21464,2928,2796,857,3653,21
2022-01-13,Contra Costa,013,1133247,152291,137643,7983,145626,1082
2022-01-13,Del Norte,015,27424,4199,4065,85,4150,43
2022-01-13,El Dorado,017,186661,22596,20434,2446,22880,175
2022-01-13,Fresno,019,978130,179610,167361,16976,184337,2415
2022-01-13,Glenn,021,27897,4154,3906,1296,5202,39
2022-01-13,Humboldt,023,135768,13517,12419,1661,14080,123
2022-01-13,Imperial,025,180216,45460,42508,6929,49437,817
2022-01-13,Inyo,027,18085,3634,3395,120,3515,49
2022-01-13,Kern,029,883053,162166,150085,34064,184149,1938
2022-01-13,Kings,031,150075,40083,37221,2456,39677,391
2022-01-13,Lake,033,64148,8122,7641,442,8083,117
2022-01-13,Lassen,035,31185,7509,7274,571,7845,55
2022-01-13,Los Angeles,037,10098052,2282091,2047927,101277,2149204,27641
2022-01-13,Madera,039,155013,29126,27294,3292,30586,329
2022-01-13,Marin,041,260295,27476,25248,1554,26802,251
2022-01-13,Mariposa,043,17540,1929,1762,81,1843,6
2022-01-13,Mendocino,045,87422,10363,9534,1309,10843,102
2022-01-13,Merced,047,269075,52361,48904,4009,52913,715
2022-01-13,Modoc,049,8938,636,628,217,845,6
2022-01-13,Mono,051,14174,2701,2508,89,2597,4
2022-01-13,Monterey,053,433212,62467,55315,6639,61954,647
2022-01-13,Napa,055,140530,20252,17648,549,18197,109
2022-01-13,Nevada,057,99092,12944,11773,687,12460,111
2022-01-13,Orange,059,3164182,471125,433141,33752,466893,5914
2022-01-13,Placer,061,380077,51731,47780,5711,53491,501
2022-01-13,Plumas,063,18699,2350,2158,119,2277,12
2022-01-13,Riverside,065,2383286,505304,466381,23095,489476,5578
2022-01-13,Sacramento,067,1510023,228868,208156,14834,222990,2491
2022-01-13,San Benito,069,59416,10499,9868,324,10192,87
2022-01-13,San Bernardino,071,2135413,500496,454395,20124,474519,6233
2022-01-13,San Diego,073,3302833,612164,559385,39981,599366,4540
2022-01-13,San Francisco,075,870044,98417,88004,5797,93801,692
2022-01-13,San Joaquin,077,732212,136235,125136,7728,132864,1954
2022-01-13,San Luis Obispo,079,281455,41828,38231,2522,40753,374
2022-01-13,San Mateo,081,765935,96318,80494,4176,84670,582
2022-01-13,Santa Barbara,083,443738,67411,62312,2993,65305,579
2022-01-13,Santa Clara,085,1922200,240426,218986,7366,226352,1974
2022-01-13,Santa Cruz,087,273765,32267,29414,1628,31042,235
2022-01-13,Shasta,089,179085,25617,24482,4446,28928,445
2022-01-13,Sierra,091,2930,248,232,28,260,0
2022-01-13,Siskiyou,093,43540,3815,3661,1809,5470,62
2022-01-13,Solano,095,438530,64038,58061,3526,61587,389
2022-01-13,Sonoma,097,501317,64334,58181,1632,59813,418
2022-01-13,Stanislaus,099,539301,98183,92986,12429,105415,1379
2022-01-13,Sutter,101,95872,17189,16345,815,17160,197
2022-01-13,Tehama,103,63373,10089,9572,1991,11563,141
2022-01-13,Trinity,105,12862,988,872,239,1111,19
2022-01-13,Tulare,107,460477,84270,77769,20273,98042,1192
2022-01-13,Tuolumne,109,53932,9726,9042,217,9259,91
2022-01-13,Ventura,111,848112,146803,134736,7993,142729,1227
2022-01-13,Yolo,113,214977,29795,27311,2119,29430,270
2022-01-13,Yuba,115,75493,12991,12200,651,12851,101
2022-01-12,Alameda,001,1643700,193209,173001,8404,181405,1563
2022-01-12,Alpine,003,1148,115,117,0,117,0
2022-01-12,Amador,005,37829,6758,6354,166,6520,71
2022-01-12,Butte,007,227075,26786,24631,5085,29716,348
2022-01-12,Calaveras,009,45235,5689,5151,126,5277,93
2022-01-12,Colusa,011,21464,2890,2772,844,3616,21
2022-01-12,Contra Costa,013,1133247,149619,134579,7608,142187,1077
2022-01-12,Del Norte,015,27424,4173,4019,83,4102,43
2022-01-12,El Dorado,017,186661,22273,20092,2406,22498,175
2022-01-12,Fresno,019,978130,176877,165316,16565,181881,2413
2022-01-12,Glenn,021,27897,4103,3859,1274,5133,39
2022-01-12,Humboldt,023,135768,13344,12081,1579,13660,122
2022-01-12,Imperial,025,180216,44804,41985,6630,48615,814
2022-01-12,Inyo,027,18085,3588,3334,104,3438,49
2022-01-12,Kern,029,883053,160027,148435,33342,181777,1933
2022-01-12,Kings,031,150075,39453,36780,2414,39194,391
2022-01-12,Lake,033,64148,8006,7535,398,7933,117
2022-01-12,Lassen,035,31185,7467,7223,544,7767,55
2022-01-12,Los Angeles,037,10098052,2242353,2005065,99040,2104105,27601
2022-01-12,Madera,039,155013,28812,26952,3192,30144,329
2022-01-12,Marin,041,260295,26985,24704,1503,26207,251
2022-01-12,Mariposa,043,17540,1900,1725,79,1804,6
2022-01-12,Mendocino,045,87422,10199,9379,1211,10590,103
2022-01-12,Merced,047,269075,51662,48441,3736,52177,710
2022-01-12,Modoc,049,8938,634,627,217,844,6
2022-01-12,Mono,051,14174,2665,2466,85,2551,4
2022-01-12,Monterey,053,433212,61480,54524,6278,60802,647
2022-01-12,Napa,055,140530,19993,17347,526,17873,109
2022-01-12,Nevada,057,99092,12729,11552,641,12193,111
2022-01-12,Orange,059,3164182,464353,425737,33168,458905,5912
2022-01-12,Placer,061,380077,51071,47004,5596,52600,501
2022-01-12,Plumas,063,18699,2311,2135,108,2243,12
2022-01-12,Riverside,065,2383286,498080,458881,22755,481636,5565
2022-01-12,Sacramento,067,1510023,225290,204696,13959,218655,2479
2022-01-12,San Benito,069,59416,10368,9737,312,10049,87
2022-01-12,San Bernardino,071,2135413,493985,447869,19503,467372,6222
2022-01-12,San Diego,073,3302833,601660,551669,39123,590792,4529
2022-01-12,San Francisco,075,870044,96582,85700,5684,91384,691
2022-01-12,San Joaquin,077,732212,133951,122850,7601,130451,1948
2022-01-12,San Luis Obispo,079,281455,41101,37727,2439,40166,373
2022-01-12,San Mateo,081,765935,94285,78476,3802,82278,582
2022-01-12,Santa Barbara,083,443738,66268,60815,2891,63706,578
2022-01-12,Santa Clara,085,1922200,235932,213177,6987,220164,1971
2022-01-12,Santa Cruz,087,273765,31613,28463,1580,30043,235
2022-01-12,Shasta,089,179085,25405,24324,4381,28705,446
2022-01-12,Sierra,091,2930,247,228,28,256,0
2022-01-12,Siskiyou,093,43540,3787,3639,1762,5401,62
2022-01-12,Solano,095,438530,62989,57052,3405,60457,386
2022-01-12,Sonoma,097,501317,63050,56394,1549,57943,417
2022-01-12,Stanislaus,099,539301,96952,91738,12084,103822,1373
2022-01-12,Sutter,101,95872,16994,16135,782,16917,197
2022-01-12,Tehama,103,63373,10000,9475,1930,11405,141
2022-01-12,Trinity,105,12862,984,868,238,1106,19
2022-01-12,Tulare,107,460477,83153,76943,19894,96837,1192
2022-01-12,Tuolumne,109,53932,9597,8870,200,9070,91
2022-01-12,Ventura,111,848112,144896,132180,7907,140087,1220
2022-01-12,Yolo,113,214977,29380,26888,2046,28934,270
2022-01-12,Yuba,115,75493,12831,12015,624,12639,101
2022-01-11,Alameda,001,1643700,188703,169181,8006,177187,1561
2022-01-11,Alpine,003,1148,115,116,0,116,0
2022-01-11,Amador,005,37829,6674,6317,151,6468,71
2022-01-11,Butte,007,227075,26394,24479,4990,29469,347
2022-01-11,Calaveras,009,45235,5560,5083,112,5195,93
2022-01-11,Colusa,011,21464,2866,2766,831,3597,21
2022-01-11,Contra Costa,013,1133247,146489,132410,7114,139524,1077
2022-01-11,Del Norte,015,27424,4140,4006,81,4087,43
2022-01-11,El Dorado,017,186661,21931,19842,2333,22175,174
2022-01-11,Fresno,019,978130,173828,163509,16224,179733,2404
2022-01-11,Glenn,021,27897,4041,3844,1230,5074,39
2022-01-11,Humboldt,023,135768,13125,11960,1486,13446,122
2022-01-11,Imperial,025,180216,44199,41444,6431,47875,813
2022-01-11,Inyo,027,18085,3490,3278,97,3375,49
2022-01-11,Kern,029,883053,157745,146942,32520,179462,1929
2022-01-11,Kings,031,150075,38865,36524,2383,38907,389
2022-01-11,Lake,033,64148,7928,7494,382,7876,117
2022-01-11,Lassen,035,31185,7417,7210,530,7740,55
2022-01-11,Los Angeles,037,10098052,2199903,1966319,96801,2063120,27563
2022-01-11,Madera,039,155013,28397,26688,3113,29801,329
2022-01-11,Marin,041,260295,26628,24387,1458,25845,251
2022-01-11,Mariposa,043,17540,1878,1718,75,1793,6
2022-01-11,Mendocino,045,87422,10038,9301,1113,10414,102
2022-01-11,Merced,047,269075,50897,48068,3555,51623,708
2022-01-11,Modoc,049,8938,633,626,216,842,6
2022-01-11,Mono,051,14174,2622,2425,84,2509,4
2022-01-11,Monterey,053,433212,60437,53911,5930,59841,646
2022-01-11,Napa,055,140530,19553,17020,479,17499,109
2022-01-11,Nevada,057,99092,12503,11467,606,12073,110
2022-01-11,Orange,059,3164182,456688,417703,32537,450240,5909
2022-01-11,Placer,061,380077,50316,46459,5452,51911,500
2022-01-11,Plumas,063,18699,2276,2099,100,2199,12
2022-01-11,Riverside,065,2383286,490351,453766,22441,476207,5551
2022-01-11,Sacramento,067,1510023,221107,201058,12935,213993,2489
2022-01-11,San Benito,069,59416,10232,9624,299,9923,83
2022-01-11,San Bernardino,071,2135413,486030,442960,18895,461855,6198
2022-01-11,San Diego,073,3302833,589656,536954,38013,574967,4520
2022-01-11,San Francisco,075,870044,94375,83678,5526,89204,691
2022-01-11,San Joaquin,077,732212,131572,121139,7435,128574,1944
2022-01-11,San Luis Obispo,079,281455,40326,37183,2320,39503,372
2022-01-11,San Mateo,081,765935,91995,76756,3580,80336,582
2022-01-11,Santa Barbara,083,443738,64963,59758,2754,62512,578
2022-01-11,Santa Clara,085,1922200,230546,208425,6536,214961,1971
2022-01-11,Santa Cruz,087,273765,31105,27709,1530,29239,232
2022-01-11,Shasta,089,179085,25146,24132,4288,28420,446
2022-01-11,Sierra,091,2930,245,228,28,256,0
2022-01-11,Siskiyou,093,43540,3763,3621,1712,5333,62
2022-01-11,Solano,095,438530,61586,56349,3251,59600,388
2022-01-11,Sonoma,097,501317,61533,55411,1469,56880,416
2022-01-11,Stanislaus,099,539301,95585,90998,11711,102709,1372
2022-01-11,Sutter,101,95872,16794,15993,728,16721,197
2022-01-11,Tehama,103,63373,9872,9406,1882,11288,140
2022-01-11,Trinity,105,12862,972,858,236,1094,19
2022-01-11,Tulare,107,460477,81844,76267,19494,95761,1188
2022-01-11,Tuolumne,109,53932,9438,8811,193,9004,91
2022-01-11,Ventura,111,848112,142667,129548,7761,137309,1220
2022-01-11,Yolo,113,214977,28802,26482,1985,28467,270
2022-01-11,Yuba,115,75493,12657,11912,603,12515,101
2022-01-10,Alameda,001,1643700,183558,165657,7484,173141,1559
2022-01-10,Alpine,003,1148,115,116,0,116,0
2022-01-10,Amador,005,37829,6571,6279,136,6415,71
2022-01-10,Butte,007,227075,26055,24217,4893,29110,347
2022-01-10,Calaveras,009,45235,5462,5025,106,5131,93
2022-01-10,Colusa,011,21464,2837,2758,822,3580,21
2022-01-10,Contra Costa,013,1133247,143614,129951,6592,136543,1077
2022-01-10,Del Norte,015,27424,4117,3970,81,4051,43
2022-01-10,El Dorado,017,186661,21364,19606,2276,21882,172
2022-01-10,Fresno,019,978130,170784,161593,15826,177419,2404
2022-01-10,Glenn,021,27897,3982,3807,1216,5023,39
2022-01-10,Humboldt,023,135768,12883,11778,1353,13131,121
2022-01-10,Imperial,025,180216,43473,41080,6214,47294,811
2022-01-10,Inyo,027,18085,3435,3227,85,3312,49
2022-01-10,Kern,029,883053,155174,145744,31777,177521,1929
2022-01-10,Kings,031,150075,38247,36286,2357,38643,389
2022-01-10,Lake,033,64148,7839,7416,358,7774,117
2022-01-10,Lassen,035,31185,7379,7192,508,7700,55
2022-01-10,Los Angeles,037,10098052,2154375,1932475,94292,2026767,27546
2022-01-10,Madera,039,155013,27949,26501,3010,29511,328
2022-01-10,Marin,041,260295,26138,24023,1385,25408,251
2022-01-10,Mariposa,043,17540,1838,1684,70,1754,6
2022-01-10,Mendocino,045,87422,9865,9163,1026,10189,101
2022-01-10,Merced,047,269075,50089,47632,3271,50903,707
2022-01-10,Modoc,049,8938,632,622,214,836,6
2022-01-10,Mono,051,14174,2556,2415,79,2494,4
2022-01-10,Monterey,053,433212,59483,53485,5616,59101,645
2022-01-10,Napa,055,140530,19176,16775,465,17240,109
2022-01-10,Nevada,057,99092,12279,11300,568,11868,110
2022-01-10,Orange,059,3164182,447999,406170,31692,437862,5906
2022-01-10,Placer,061,380077,49469,45642,5290,50932,498
2022-01-10,Plumas,063,18699,2241,2086,98,2184,12
2022-01-10,Riverside,065,2383286,482100,445536,21992,467528,5546
2022-01-10,Sacramento,067,1510023,216604,198023,11892,209915,2474
2022-01-10,San Benito,069,59416,10061,9467,289,9756,83
2022-01-10,San Bernardino,071,2135413,477564,437207,18168,455375,6184
2022-01-10,San Diego,073,3302833,576961,530506,36875,567381,4500
2022-01-10,San Francisco,075,870044,92585,82209,5267,87476,690
2022-01-10,San Joaquin,077,732212,128903,119587,7151,126738,1927
2022-01-10,San Luis Obispo,079,281455,39510,36618,2225,38843,371
2022-01-10,San Mateo,081,765935,89347,75210,3324,78534,582
2022-01-10,Santa Barbara,083,443738,63702,58957,2565,61522,578
2022-01-10,Santa Clara,085,1922200,224762,203540,6057,209597,1971
2022-01-10,Santa Cruz,087,273765,30265,26906,1492,28398,232
2022-01-10,Shasta,089,179085,24949,23983,4211,28194,446
2022-01-10,Sierra,091,2930,242,223,28,251,0
2022-01-10,Siskiyou,093,43540,3730,3592,1668,5260,62
2022-01-10,Solano,095,438530,60544,55663,3054,58717,385
2022-01-10,Sonoma,097,501317,59986,54478,1423,55901,412
2022-01-10,Stanislaus,099,539301,94249,89997,11360,101357,1372
2022-01-10,Sutter,101,95872,16550,15823,682,16505,196
2022-01-10,Tehama,103,63373,9759,9360,1827,11187,140
2022-01-10,Trinity,105,12862,968,849,234,1083,19
2022-01-10,Tulare,107,460477,80352,75498,19110,94608,1186
2022-01-10,Tuolumne,109,53932,9312,8685,181,8866,91
2022-01-10,Ventura,111,848112,140065,126240,7611,133851,1217
2022-01-10,Yolo,113,214977,28206,26065,1932,27997,270
2022-01-10,Yuba,115,75493,12409,11776,569,12345,101
2022-01-09,Alameda,001,1643700,179028,162701,6813,169514,1561
2022-01-09,Alpine,003,1148,115,116,0,116,0
2022-01-09,Amador,005,37829,6483,6215,124,6339,71
2022-01-09,Butte,007,227075,25667,24018,4775,28793,347
2022-01-09,Calaveras,009,45235,5332,4976,97,5073,93
2022-01-09,Colusa,011,21464,2810,2750,799,3549,21
2022-01-09,Contra Costa,013,1133247,140613,128050,5925,133975,1077
2022-01-09,Del Norte,015,27424,4078,3950,77,4027,43
2022-01-09,El Dorado,017,186661,20999,19430,2210,21640,172
2022-01-09,Fresno,019,978130,168207,159989,15441,175430,2405
2022-01-09,Glenn,021,27897,3926,3797,1195,4992,39
2022-01-09,Humboldt,023,135768,12638,11582,1230,12812,121
2022-01-09,Imperial,025,180216,42634,40608,5954,46562,811
2022-01-09,Inyo,027,18085,3332,3149,76,3225,49
2022-01-09,Kern,029,883053,152720,144819,31038,175857,1927
2022-01-09,Kings,031,150075,37570,36041,2321,38362,389
2022-01-09,Lake,033,64148,7728,7393,314,7707,117
2022-01-09,Lassen,035,31185,7315,7172,479,7651,55
2022-01-09,Los Angeles,037,10098052,2106351,1887830,91229,1979059,27532
2022-01-09,Madera,039,155013,27569,26325,2913,29238,328
2022-01-09,Marin,041,260295,25689,23708,1295,25003,251
2022-01-09,Mariposa,043,17540,1788,1660,69,1729,6
2022-01-09,Mendocino,045,87422,9658,9097,914,10011,101
2022-01-09,Merced,047,269075,49214,47294,2999,50293,706
2022-01-09,Modoc,049,8938,630,619,214,833,6
2022-01-09,Mono,051,14174,2521,2390,72,2462,4
2022-01-09,Monterey,053,433212,58422,53251,5348,58599,645
2022-01-09,Napa,055,140530,18681,16614,449,17063,109
2022-01-09,Nevada,057,99092,12026,11152,507,11659,110
2022-01-09,Orange,059,3164182,438010,400563,30742,431305,5905
2022-01-09,Placer,061,380077,48474,45081,5140,50221,498
2022-01-09,Plumas,063,18699,2202,2081,78,2159,12
2022-01-09,Riverside,065,2383286,473116,440413,21451,461864,5546
2022-01-09,Sacramento,067,1510023,211809,195444,10777,206221,2475
2022-01-09,San Benito,069,59416,9875,9363,261,9624,83
2022-01-09,San Bernardino,071,2135413,469075,430257,17351,447608,6180
2022-01-09,San Diego,073,3302833,563843,478206,35020,513226,4500
2022-01-09,San Francisco,075,870044,90720,80463,5021,85484,690
2022-01-09,San Joaquin,077,732212,125825,118422,6984,125406,1927
2022-01-09,San Luis Obispo,079,281455,38705,36291,2119,38410,371
2022-01-09,San Mateo,081,765935,86836,73867,2998,76865,582
2022-01-09,Santa Barbara,083,443738,62018,58280,2303,60583,578
2022-01-09,Santa Clara,085,1922200,218715,199889,5522,205411,1976
2022-01-09,Santa Cruz,087,273765,29515,26513,1460,27973,232
2022-01-09,Shasta,089,179085,24709,23926,4124,28050,446
2022-01-09,Sierra,091,2930,239,223,26,249,0
2022-01-09,Siskiyou,093,43540,3701,3580,1609,5189,62
2022-01-09,Solano,095,438530,59388,54985,2773,57758,384
2022-01-09,Sonoma,097,501317,58311,53543,1386,54929,412
2022-01-09,Stanislaus,099,539301,92879,89248,11066,100314,1372
2022-01-09,Sutter,101,95872,16262,15695,602,16297,196
2022-01-09,Tehama,103,63373,9642,9306,1776,11082,140
2022-01-09,Trinity,105,12862,964,848,232,1080,19
2022-01-09,Tulare,107,460477,78947,75085,18740,93825,1186
2022-01-09,Tuolumne,109,53932,9154,8595,162,8757,91
2022-01-09,Ventura,111,848112,137014,124269,7368,131637,1217
2022-01-09,Yolo,113,214977,27598,25632,1887,27519,270
2022-01-09,Yuba,115,75493,12211,11666,538,12204,101
2022-01-08,Alameda,001,1643700,177128,148560,6672,155232,1558
2022-01-08,Alpine,003,1148,115,114,0,114,0
2022-01-08,Amador,005,37829,6452,6091,119,6210,71
2022-01-08,Butte,007,227075,25477,23429,4735,28164,347
2022-01-08,Calaveras,009,45235,5286,4823,93,4916,93
2022-01-08,Colusa,011,21464,2802,2713,796,3509,21
2022-01-08,Contra Costa,013,1133247,139053,119907,5842,125749,1077
2022-01-08,Del Norte,015,27424,4061,3902,77,3979,43
2022-01-08,El Dorado,017,186661,20818,18599,2177,20776,172
2022-01-08,Fresno,019,978130,167320,155394,15308,170702,2393
2022-01-08,Glenn,021,27897,3918,3732,1190,4922,39
2022-01-08,Humboldt,023,135768,12514,11149,1204,12353,121
2022-01-08,Imperial,025,180216,42446,39429,5812,45241,800
2022-01-08,Inyo,027,18085,3318,3020,73,3093,49
2022-01-08,Kern,029,883053,151583,140410,30609,171019,1921
2022-01-08,Kings,031,150075,37329,35275,2304,37579,390
2022-01-08,Lake,033,64148,7688,7209,306,7515,117
2022-01-08,Lassen,035,31185,7285,7127,463,7590,55
2022-01-08,Los Angeles,037,10098052,2087957,1765787,89501,1855288,27476
2022-01-08,Madera,039,155013,27402,25767,2875,28642,328
2022-01-08,Marin,041,260295,25404,22377,1284,23661,251
2022-01-08,Mariposa,043,17540,1778,1588,69,1657,6
2022-01-08,Mendocino,045,87422,9584,8792,912,9704,101
2022-01-08,Merced,047,269075,49036,46094,2975,49069,703
2022-01-08,Modoc,049,8938,630,610,214,824,6
2022-01-08,Mono,051,14174,2510,2240,67,2307,4
2022-01-08,Monterey,053,433212,58037,51721,5255,56976,644
2022-01-08,Napa,055,140530,18527,15819,423,16242,109
2022-01-08,Nevada,057,99092,11941,10765,494,11259,110
2022-01-08,Orange,059,3164182,434219,375124,29895,405019,5903
2022-01-08,Placer,061,380077,48031,43172,5098,48270,495
2022-01-08,Plumas,063,18699,2192,2053,73,2126,12
2022-01-08,Riverside,065,2383286,469600,422591,21183,443774,5535
2022-01-08,Sacramento,067,1510023,210373,185118,10620,195738,2470
2022-01-08,San Benito,069,59416,9714,9016,258,9274,83
2022-01-08,San Bernardino,071,2135413,465593,411724,16951,428675,6122
2022-01-08,San Diego,073,3302833,558942,472273,34477,506750,4495
2022-01-08,San Francisco,075,870044,89522,73660,4742,78402,690
2022-01-08,San Joaquin,077,732212,124857,112514,6884,119398,1916
2022-01-08,San Luis Obispo,079,281455,38502,34489,2076,36565,369
2022-01-08,San Mateo,081,765935,85453,67918,2911,70829,582
2022-01-08,Santa Barbara,083,443738,61323,54617,2269,56886,575
2022-01-08,Santa Clara,085,1922200,215676,183842,5314,189156,1966
2022-01-08,Santa Cruz,087,273765,29088,24678,1440,26118,230
2022-01-08,Shasta,089,179085,24618,23585,4093,27678,445
2022-01-08,Sierra,091,2930,235,215,25,240,0
2022-01-08,Siskiyou,093,43540,3689,3545,1595,5140,62
2022-01-08,Solano,095,438530,58980,52452,2701,55153,383
2022-01-08,Sonoma,097,501317,57788,50130,1352,51482,411
2022-01-08,Stanislaus,099,539301,92239,87049,10943,97992,1372
2022-01-08,Sutter,101,95872,16143,15261,589,15850,195
2022-01-08,Tehama,103,63373,9611,9109,1768,10877,140
2022-01-08,Trinity,105,12862,958,836,232,1068,19
2022-01-08,Tulare,107,460477,78551,73600,18606,92206,1185
2022-01-08,Tuolumne,109,53932,9048,8360,159,8519,91
2022-01-08,Ventura,111,848112,135846,117229,7234,124463,1216
2022-01-08,Yolo,113,214977,27304,24006,1859,25865,270
2022-01-08,Yuba,115,75493,12124,11277,535,11812,101
2022-01-07,Alameda,001,1643700,174443,148560,6557,155117,1558
2022-01-07,Alpine,003,1148,115,114,0,114,0
2022-01-07,Amador,005,37829,6403,6091,116,6207,71
2022-01-07,Butte,007,227075,25271,23429,4701,28130,347
2022-01-07,Calaveras,009,45235,5247,4823,93,4916,93
2022-01-07,Colusa,011,21464,2793,2713,785,3498,21
2022-01-07,Contra Costa,013,1133247,137113,119907,5718,125625,1077
2022-01-07,Del Norte,015,27424,4045,3902,76,3978,43
2022-01-07,El Dorado,017,186661,20655,18599,2164,20763,172
2022-01-07,Fresno,019,978130,165959,155394,15215,170609,2393
2022-01-07,Glenn,021,27897,3898,3732,1187,4919,39
2022-01-07,Humboldt,023,135768,12370,11149,1177,12326,121
2022-01-07,Imperial,025,180216,42287,39429,5729,45158,800
2022-01-07,Inyo,027,18085,3299,3020,71,3091,49
2022-01-07,Kern,029,883053,150613,140410,30167,170577,1921
2022-01-07,Kings,031,150075,37148,35275,2290,37565,390
2022-01-07,Lake,033,64148,7640,7209,281,7490,117
2022-01-07,Lassen,035,31185,7269,7127,460,7587,55
2022-01-07,Los Angeles,037,10098052,2056782,1765787,88042,1853829,27476
2022-01-07,Madera,039,155013,27220,25767,2839,28606,328
2022-01-07,Marin,041,260295,25023,22377,1266,23643,251
2022-01-07,Mariposa,043,17540,1762,1588,69,1657,6
2022-01-07,Mendocino,045,87422,9491,8792,911,9703,101
2022-01-07,Merced,047,269075,48863,46094,2951,49045,703
2022-01-07,Modoc,049,8938,629,610,214,824,6
2022-01-07,Mono,051,14174,2472,2240,61,2301,4
2022-01-07,Monterey,053,433212,57617,51721,5160,56881,644
2022-01-07,Napa,055,140530,18300,15819,402,16221,109
2022-01-07,Nevada,057,99092,11811,10765,473,11238,110
2022-01-07,Orange,059,3164182,429410,375124,29278,404402,5903
2022-01-07,Placer,061,380077,47526,43172,5048,48220,495
2022-01-07,Plumas,063,18699,2183,2053,72,2125,12
2022-01-07,Riverside,065,2383286,465773,422591,20954,443545,5535
2022-01-07,Sacramento,067,1510023,208104,185118,10467,195585,2470
2022-01-07,San Benito,069,59416,9669,9016,257,9273,83
2022-01-07,San Bernardino,071,2135413,461506,411724,16722,428446,6122
2022-01-07,San Diego,073,3302833,551829,472273,33929,506202,4495
2022-01-07,San Francisco,075,870044,88082,73660,4483,78143,690
2022-01-07,San Joaquin,077,732212,123901,112514,6823,119337,1916
2022-01-07,San Luis Obispo,079,281455,38287,34489,2021,36510,369
2022-01-07,San Mateo,081,765935,83988,67918,2852,70770,582
2022-01-07,Santa Barbara,083,443738,60627,54617,2248,56865,575
2022-01-07,Santa Clara,085,1922200,212431,183842,5205,189047,1966
2022-01-07,Santa Cruz,087,273765,28608,24678,1424,26102,230
2022-01-07,Shasta,089,179085,24519,23585,4059,27644,445
2022-01-07,Sierra,091,2930,232,215,25,240,0
2022-01-07,Siskiyou,093,43540,3678,3545,1583,5128,62
2022-01-07,Solano,095,438530,58296,52452,2656,55108,383
2022-01-07,Sonoma,097,501317,57186,50130,1267,51397,411
2022-01-07,Stanislaus,099,539301,91711,87049,10842,97891,1372
2022-01-07,Sutter,101,95872,15993,15261,576,15837,195
2022-01-07,Tehama,103,63373,9575,9109,1755,10864,140
2022-01-07,Trinity,105,12862,951,836,231,1067,19
2022-01-07,Tulare,107,460477,78123,73600,18466,92066,1185
2022-01-07,Tuolumne,109,53932,8959,8360,155,8515,91
2022-01-07,Ventura,111,848112,134220,117229,7099,124328,1216
2022-01-07,Yolo,113,214977,26929,24006,1840,25846,270
2022-01-07,Yuba,115,75493,12018,11277,530,11807,101
2022-01-06,Alameda,001,1643700,169164,148560,6152,154712,1558
2022-01-06,Alpine,003,1148,114,114,0,114,0
2022-01-06,Amador,005,37829,6352,6091,111,6202,71
2022-01-06,Butte,007,227075,24976,23429,4617,28046,347
2022-01-06,Calaveras,009,45235,5130,4823,91,4914,93
2022-01-06,Colusa,011,21464,2773,2713,777,3490,21
2022-01-06,Contra Costa,013,1133247,134033,119907,5296,125203,1077
2022-01-06,Del Norte,015,27424,4011,3902,74,3976,43
2022-01-06,El Dorado,017,186661,20322,18599,2124,20723,172
2022-01-06,Fresno,019,978130,163832,155394,14956,170350,2393
2022-01-06,Glenn,021,27897,3871,3732,1161,4893,39
2022-01-06,Humboldt,023,135768,12143,11149,1136,12285,121
2022-01-06,Imperial,025,180216,41702,39429,5529,44958,800
2022-01-06,Inyo,027,18085,3261,3020,71,3091,49
2022-01-06,Kern,029,883053,148944,140410,29501,169911,1921
2022-01-06,Kings,031,150075,36823,35275,2265,37540,390
2022-01-06,Lake,033,64148,7566,7209,270,7479,117
2022-01-06,Lassen,035,31185,7246,7127,454,7581,55
2022-01-06,Los Angeles,037,10098052,2002631,1765787,85693,1851480,27476
2022-01-06,Madera,039,155013,26915,25767,2781,28548,328
2022-01-06,Marin,041,260295,24620,22377,1233,23610,251
2022-01-06,Mariposa,043,17540,1743,1588,69,1657,6
2022-01-06,Mendocino,045,87422,9394,8792,872,9664,101
2022-01-06,Merced,047,269075,48303,46094,2805,48899,703
2022-01-06,Modoc,049,8938,628,610,214,824,6
2022-01-06,Mono,051,14174,2449,2240,58,2298,4
2022-01-06,Monterey,053,433212,56896,51721,4909,56630,644
2022-01-06,Napa,055,140530,17903,15819,393,16212,109
2022-01-06,Nevada,057,99092,11613,10765,461,11226,110
2022-01-06,Orange,059,3164182,419965,375124,28540,403664,5903
2022-01-06,Placer,061,380077,46788,43172,4960,48132,495
2022-01-06,Plumas,063,18699,2165,2053,64,2117,12
2022-01-06,Riverside,065,2383286,458303,422591,20667,443258,5535
2022-01-06,Sacramento,067,1510023,204049,185118,9731,194849,2470
2022-01-06,San Benito,069,59416,9568,9016,250,9266,83
2022-01-06,San Bernardino,071,2135413,453848,411724,16234,427958,6122
2022-01-06,San Diego,073,3302833,540193,472273,32927,505200,4495
2022-01-06,San Francisco,075,870044,85755,73660,4229,77889,690
2022-01-06,San Joaquin,077,732212,121728,112514,6736,119250,1916
2022-01-06,San Luis Obispo,079,281455,37588,34489,1951,36440,369
2022-01-06,San Mateo,081,765935,81565,67918,2672,70590,582
2022-01-06,Santa Barbara,083,443738,59459,54617,2189,56806,575
2022-01-06,Santa Clara,085,1922200,207530,183842,4819,188661,1966
2022-01-06,Santa Cruz,087,273765,28048,24678,1400,26078,230
2022-01-06,Shasta,089,179085,24372,23585,4009,27594,445
2022-01-06,Sierra,091,2930,229,215,25,240,0
2022-01-06,Siskiyou,093,43540,3662,3545,1537,5082,62
2022-01-06,Solano,095,438530,57284,52452,2471,54923,383
2022-01-06,Sonoma,097,501317,55794,50130,1234,51364,411
2022-01-06,Stanislaus,099,539301,90560,87049,10672,97721,1372
2022-01-06,Sutter,101,95872,15816,15261,548,15809,195
2022-01-06,Tehama,103,63373,9497,9109,1728,10837,140
2022-01-06,Trinity,105,12862,944,836,230,1066,19
2022-01-06,Tulare,107,460477,77418,73600,18297,91897,1185
2022-01-06,Tuolumne,109,53932,8846,8360,149,8509,91
2022-01-06,Ventura,111,848112,131535,117229,6939,124168,1216
2022-01-06,Yolo,113,214977,26368,24006,1796,25802,270
2022-01-06,Yuba,115,75493,11883,11277,513,11790,101
2022-01-05,Alameda,001,1643700,164126,144824,5740,150564,1548
2022-01-05,Alpine,003,1148,114,112,0,112,0
2022-01-05,Amador,005,37829,6309,6012,108,6120,70
2022-01-05,Butte,007,227075,24663,23134,4556,27690,343
2022-01-05,Calaveras,009,45235,5075,4758,89,4847,90
2022-01-05,Colusa,011,21464,2761,2704,766,3470,21
2022-01-05,Contra Costa,013,1133247,130822,117188,4843,122031,1071
2022-01-05,Del Norte,015,27424,3991,3862,72,3934,43
2022-01-05,El Dorado,017,186661,19935,18367,2094,20461,171
2022-01-05,Fresno,019,978130,161819,153033,14689,167722,2377
2022-01-05,Glenn,021,27897,3823,3700,1151,4851,39
2022-01-05,Humboldt,023,135768,11939,10938,1088,12026,120
2022-01-05,Imperial,025,180216,41074,38789,5376,44165,800
2022-01-05,Inyo,027,18085,3179,2939,67,3006,49
2022-01-05,Kern,029,883053,147163,138186,28931,167117,1913
2022-01-05,Kings,031,150075,36480,34893,2246,37139,387
2022-01-05,Lake,033,64148,7483,7129,254,7383,117
2022-01-05,Lassen,035,31185,7226,7077,446,7523,55
2022-01-05,Los Angeles,037,10098052,1946337,1729640,83313,1812953,27443
2022-01-05,Madera,039,155013,26675,25392,2689,28081,327
2022-01-05,Marin,041,260295,24274,21829,1184,23013,251
2022-01-05,Mariposa,043,17540,1717,1564,68,1632,6
2022-01-05,Mendocino,045,87422,9263,8625,837,9462,101
2022-01-05,Merced,047,269075,47634,45721,2670,48391,700
2022-01-05,Modoc,049,8938,625,603,214,817,6
2022-01-05,Mono,051,14174,2430,2201,54,2255,4
2022-01-05,Monterey,053,433212,56072,51241,4710,55951,639
2022-01-05,Napa,055,140530,17540,15494,361,15855,108
2022-01-05,Nevada,057,99092,11417,10624,444,11068,110
2022-01-05,Orange,059,3164182,409925,366139,27491,393630,5869
2022-01-05,Placer,061,380077,45904,42456,4867,47323,492
2022-01-05,Plumas,063,18699,2145,2020,62,2082,12
2022-01-05,Riverside,065,2383286,450853,415253,20316,435569,5502
2022-01-05,Sacramento,067,1510023,199274,181488,8783,190271,2455
2022-01-05,San Benito,069,59416,9374,8829,238,9067,83
2022-01-05,San Bernardino,071,2135413,445115,405323,15677,421000,6085
2022-01-05,San Diego,073,3302833,526607,466602,31946,498548,4495
2022-01-05,San Francisco,075,870044,83180,71405,4091,75496,686
2022-01-05,San Joaquin,077,732212,119195,110497,6655,117152,1903
2022-01-05,San Luis Obispo,079,281455,36791,34066,1874,35940,369
2022-01-05,San Mateo,081,765935,79392,66018,2474,68492,578
2022-01-05,Santa Barbara,083,443738,58154,53082,2110,55192,570
2022-01-05,Santa Clara,085,1922200,201765,178629,4402,183031,1961
2022-01-05,Santa Cruz,087,273765,27293,24394,1379,25773,229
2022-01-05,Shasta,089,179085,24216,23361,3980,27341,441
2022-01-05,Sierra,091,2930,226,210,23,233,0
2022-01-05,Siskiyou,093,43540,3652,3513,1508,5021,60
2022-01-05,Solano,095,438530,56238,51505,2336,53841,380
2022-01-05,Sonoma,097,501317,54530,49120,1077,50197,412
2022-01-05,Stanislaus,099,539301,89569,86248,10499,96747,1360
2022-01-05,Sutter,101,95872,15614,15117,509,15626,193
2022-01-05,Tehama,103,63373,9400,9011,1697,10708,140
2022-01-05,Trinity,105,12862,940,822,228,1050,19
2022-01-05,Tulare,107,460477,76643,72718,18123,90841,1173
2022-01-05,Tuolumne,109,53932,8754,8223,142,8365,90
2022-01-05,Ventura,111,848112,128787,114752,6731,121483,1211
2022-01-05,Yolo,113,214977,25756,23401,1757,25158,269
2022-01-05,Yuba,115,75493,11700,11138,487,11625,100
2022-01-04,Alameda,001,1643700,158636,143360,5330,148690,1532
2022-01-04,Alpine,003,1148,114,113,0,113,0
2022-01-04,Amador,005,37829,6242,6025,102,6127,71
2022-01-04,Butte,007,227075,24362,23094,4485,27579,346
2022-01-04,Calaveras,009,45235,5001,4767,86,4853,93
2022-01-04,Colusa,011,21464,2744,2689,760,3449,21
2022-01-04,Contra Costa,013,1133247,127539,116005,4473,120478,1075
2022-01-04,Del Norte,015,27424,3959,3882,69,3951,43
2022-01-04,El Dorado,017,186661,19577,18339,2074,20413,172
2022-01-04,Fresno,019,978130,159675,153244,14445,167689,2380
2022-01-04,Glenn,021,27897,3793,3705,1136,4841,39
2022-01-04,Humboldt,023,135768,11691,10865,1038,11903,120
2022-01-04,Imperial,025,180216,40473,38596,5115,43711,800
2022-01-04,Inyo,027,18085,3096,2870,66,2936,49
2022-01-04,Kern,029,883053,145234,138245,28351,166596,1916
2022-01-04,Kings,031,150075,36156,34931,2229,37160,388
2022-01-04,Lake,033,64148,7442,7152,245,7397,117
2022-01-04,Lassen,035,31185,7203,7111,442,7553,55
2022-01-04,Los Angeles,037,10098052,1886386,1705253,80980,1786233,27419
2022-01-04,Madera,039,155013,26332,25425,2618,28043,328
2022-01-04,Marin,041,260295,23793,21675,1125,22800,251
2022-01-04,Mariposa,043,17540,1681,1564,67,1631,6
2022-01-04,Mendocino,045,87422,9140,8636,813,9449,101
2022-01-04,Merced,047,269075,47012,45583,2541,48124,700
2022-01-04,Modoc,049,8938,622,611,214,825,6
2022-01-04,Mono,051,14174,2381,2190,44,2234,4
2022-01-04,Monterey,053,433212,55340,51176,4486,55662,643
2022-01-04,Napa,055,140530,17036,15370,331,15701,107
2022-01-04,Nevada,057,99092,11259,10608,431,11039,110
2022-01-04,Orange,059,3164182,399174,362051,26359,388410,5897
2022-01-04,Placer,061,380077,45069,42285,4751,47036,494
2022-01-04,Plumas,063,18699,2119,2014,60,2074,12
2022-01-04,Riverside,065,2383286,442330,413366,19968,433334,5504
2022-01-04,Sacramento,067,1510023,194297,181271,8063,189334,2453
2022-01-04,San Benito,069,59416,9186,8763,230,8993,79
2022-01-04,San Bernardino,071,2135413,435930,404409,15138,419547,6060
2022-01-04,San Diego,073,3302833,510271,458499,30980,489479,4487
2022-01-04,San Francisco,075,870044,80330,70666,3950,74616,688
2022-01-04,San Joaquin,077,732212,116779,110374,6501,116875,1911
2022-01-04,San Luis Obispo,079,281455,35985,33788,1787,35575,371
2022-01-04,San Mateo,081,765935,77083,65157,2286,67443,582
2022-01-04,Santa Barbara,083,443738,56630,52449,2033,54482,574
2022-01-04,Santa Clara,085,1922200,195799,176854,3935,180789,1964
2022-01-04,Santa Cruz,087,273765,26531,23904,1344,25248,228
2022-01-04,Shasta,089,179085,24071,23366,3926,27292,442
2022-01-04,Sierra,091,2930,225,214,22,236,0
2022-01-04,Siskiyou,093,43540,3636,3509,1489,4998,61
2022-01-04,Solano,095,438530,54930,51300,2139,53439,383
2022-01-04,Sonoma,097,501317,52823,48653,957,49610,410
2022-01-04,Stanislaus,099,539301,88509,86107,10329,96436,1361
2022-01-04,Sutter,101,95872,15461,15032,485,15517,193
2022-01-04,Tehama,103,63373,9322,9020,1675,10695,140
2022-01-04,Trinity,105,12862,935,833,224,1057,18
2022-01-04,Tulare,107,460477,75853,72893,17925,90818,1172
2022-01-04,Tuolumne,109,53932,8642,8235,137,8372,91
2022-01-04,Ventura,111,848112,125730,114079,6501,120580,1213
2022-01-04,Yolo,113,214977,25104,22938,1713,24651,270
2022-01-04,Yuba,115,75493,11520,11104,471,11575,101
2022-01-03,Alameda,001,1643700,152685,142090,4894,146984,1529
2022-01-03,Alpine,003,1148,113,113,0,113,0
2022-01-03,Amador,005,37829,6180,6004,97,6101,71
2022-01-03,Butte,007,227075,24063,22924,4428,27352,345
2022-01-03,Calaveras,009,45235,4940,4742,80,4822,93
2022-01-03,Colusa,011,21464,2734,2683,753,3436,21
2022-01-03,Contra Costa,013,1133247,124144,114966,3888,118854,1073
2022-01-03,Del Norte,015,27424,3939,3873,65,3938,43
2022-01-03,El Dorado,017,186661,19184,18183,2046,20229,172
2022-01-03,Fresno,019,978130,157701,152674,14247,166921,2379
2022-01-03,Glenn,021,27897,3764,3703,1101,4804,39
2022-01-03,Humboldt,023,135768,11481,10784,990,11774,119
2022-01-03,Imperial,025,180216,39842,38411,4940,43351,800
2022-01-03,Inyo,027,18085,3027,2845,62,2907,49
2022-01-03,Kern,029,883053,143239,137773,27756,165529,1916
2022-01-03,Kings,031,150075,35833,34817,2200,37017,387
2022-01-03,Lake,033,64148,7340,7134,227,7361,117
2022-01-03,Lassen,035,31185,7185,7103,439,7542,55
2022-01-03,Los Angeles,037,10098052,1825587,1686203,78233,1764436,27394
2022-01-03,Madera,039,155013,26039,25323,2574,27897,320
2022-01-03,Marin,041,260295,23200,21532,1086,22618,251
2022-01-03,Mariposa,043,17540,1639,1559,67,1626,6
2022-01-03,Mendocino,045,87422,8992,8573,763,9336,101
2022-01-03,Merced,047,269075,46409,45459,2429,47888,696
2022-01-03,Modoc,049,8938,619,602,214,816,6
2022-01-03,Mono,051,14174,2303,2172,39,2211,4
2022-01-03,Monterey,053,433212,54513,51047,4279,55326,644
2022-01-03,Napa,055,140530,16527,15260,299,15559,107
2022-01-03,Nevada,057,99092,11095,10572,422,10994,110
2022-01-03,Orange,059,3164182,388004,358052,25181,383233,5894
2022-01-03,Placer,061,380077,44245,42054,4690,46744,489
2022-01-03,Plumas,063,18699,2099,2005,60,2065,12
2022-01-03,Riverside,065,2383286,433858,410155,19474,429629,5504
2022-01-03,Sacramento,067,1510023,189137,179992,7511,187503,2452
2022-01-03,San Benito,069,59416,9024,8688,223,8911,79
2022-01-03,San Bernardino,071,2135413,427022,401938,14670,416608,6056
2022-01-03,San Diego,073,3302833,494178,451154,30019,481173,4476
2022-01-03,San Francisco,075,870044,77519,69315,3698,73013,686
2022-01-03,San Joaquin,077,732212,114462,109757,6375,116132,1903
2022-01-03,San Luis Obispo,079,281455,35175,33667,1694,35361,367
2022-01-03,San Mateo,081,765935,74366,64470,2129,66599,582
2022-01-03,Santa Barbara,083,443738,55169,51912,1940,53852,571
2022-01-03,Santa Clara,085,1922200,189862,174215,3462,177677,1963
2022-01-03,Santa Cruz,087,273765,25723,23765,1313,25078,228
2022-01-03,Shasta,089,179085,23894,23301,3899,27200,440
2022-01-03,Sierra,091,2930,218,213,21,234,0
2022-01-03,Siskiyou,093,43540,3610,3500,1467,4967,61
2022-01-03,Solano,095,438530,53631,51030,1953,52983,380
2022-01-03,Sonoma,097,501317,51125,48391,861,49252,410
2022-01-03,Stanislaus,099,539301,87517,85793,10139,95932,1332
2022-01-03,Sutter,101,95872,15304,14973,465,15438,193
2022-01-03,Tehama,103,63373,9247,9005,1649,10654,140
2022-01-03,Trinity,105,12862,930,833,223,1056,18
2022-01-03,Tulare,107,460477,75158,72664,17722,90386,1167
2022-01-03,Tuolumne,109,53932,8506,8179,133,8312,91
2022-01-03,Ventura,111,848112,122561,112762,6262,119024,1211
2022-01-03,Yolo,113,214977,24421,22563,1649,24212,270
2022-01-03,Yuba,115,75493,11387,11037,452,11489,99
2022-01-02,Alameda,001,1643700,148251,133486,4410,137896,1528
2022-01-02,Alpine,003,1148,111,113,0,113,0
2022-01-02,Amador,005,37829,6112,5913,92,6005,70
2022-01-02,Butte,007,227075,23723,22469,4366,26835,341
2022-01-02,Calaveras,009,45235,4870,4668,72,4740,93
2022-01-02,Colusa,011,21464,2728,2659,742,3401,21
2022-01-02,Contra Costa,013,1133247,120573,109593,3452,113045,1073
2022-01-02,Del Norte,015,27424,3907,3841,63,3904,43
2022-01-02,El Dorado,017,186661,18848,17621,1995,19616,172
2022-01-02,Fresno,019,978130,155981,149927,14024,163951,2379
2022-01-02,Glenn,021,27897,3745,3663,1092,4755,39
2022-01-02,Humboldt,023,135768,11239,10381,914,11295,119
2022-01-02,Imperial,025,180216,39186,37672,4731,42403,800
2022-01-02,Inyo,027,18085,2957,2726,51,2777,49
2022-01-02,Kern,029,883053,141322,136123,27164,163287,1917
2022-01-02,Kings,031,150075,35510,34318,2166,36484,386
2022-01-02,Lake,033,64148,7269,7060,213,7273,117
2022-01-02,Lassen,035,31185,7169,7089,437,7526,55
2022-01-02,Los Angeles,037,10098052,1774417,1596123,75364,1671487,27371
2022-01-02,Madera,039,155013,25787,25002,2521,27523,320
2022-01-02,Marin,041,260295,22636,20475,1015,21490,249
2022-01-02,Mariposa,043,17540,1608,1509,65,1574,6
2022-01-02,Mendocino,045,87422,8868,8422,745,9167,101
2022-01-02,Merced,047,269075,45868,44769,2329,47098,694
2022-01-02,Modoc,049,8938,617,601,213,814,6
2022-01-02,Mono,051,14174,2274,2101,34,2135,4
2022-01-02,Monterey,053,433212,53887,50251,4069,54320,643
2022-01-02,Napa,055,140530,15986,14439,288,14727,107
2022-01-02,Nevada,057,99092,10907,10299,407,10706,110
2022-01-02,Orange,059,3164182,376989,339526,24033,363559,5890
2022-01-02,Placer,061,380077,43519,40857,4603,45460,489
2022-01-02,Plumas,063,18699,2083,1994,56,2050,12
2022-01-02,Riverside,065,2383286,425521,397124,18958,416082,5501
2022-01-02,Sacramento,067,1510023,185052,173562,6679,180241,2448
2022-01-02,San Benito,069,59416,8844,8320,208,8528,79
2022-01-02,San Bernardino,071,2135413,418898,386278,14112,400390,6051
2022-01-02,San Diego,073,3302833,479156,427087,28841,455928,4469
2022-01-02,San Francisco,075,870044,74578,64498,3458,67956,682
2022-01-02,San Joaquin,077,732212,112582,106640,6231,112871,1902
2022-01-02,San Luis Obispo,079,281455,34440,32342,1611,33953,365
2022-01-02,San Mateo,081,765935,71799,60504,1889,62393,581
2022-01-02,Santa Barbara,083,443738,53735,49555,1879,51434,568
2022-01-02,Santa Clara,085,1922200,183714,164547,3062,167609,1969
2022-01-02,Santa Cruz,087,273765,25056,22980,1280,24260,228
2022-01-02,Shasta,089,179085,23702,23161,3850,27011,435
2022-01-02,Sierra,091,2930,217,206,21,227,0
2022-01-02,Siskiyou,093,43540,3585,3474,1444,4918,61
2022-01-02,Solano,095,438530,52688,48957,1789,50746,379
2022-01-02,Sonoma,097,501317,49806,46040,824,46864,410
2022-01-02,Stanislaus,099,539301,86662,84367,10002,94369,1332
2022-01-02,Sutter,101,95872,15131,14741,446,15187,193
2022-01-02,Tehama,103,63373,9184,8944,1626,10570,139
2022-01-02,Trinity,105,12862,928,832,222,1054,17
2022-01-02,Tulare,107,460477,74495,71941,17530,89471,1160
2022-01-02,Tuolumne,109,53932,8399,8044,128,8172,91
2022-01-02,Ventura,111,848112,119638,107992,6042,114034,1211
2022-01-02,Yolo,113,214977,23742,21747,1583,23330,270
2022-01-02,Yuba,115,75493,11263,10844,436,11280,99
2022-01-01,Alameda,001,1643700,146430,133486,4156,137642,1528
2022-01-01,Alpine,003,1148,111,113,0,113,0
2022-01-01,Amador,005,37829,6076,5913,87,6000,70
2022-01-01,Butte,007,227075,23527,22469,4328,26797,341
2022-01-01,Calaveras,009,45235,4831,4668,70,4738,93
2022-01-01,Colusa,011,21464,2724,2659,732,3391,21
2022-01-01,Contra Costa,013,1133247,119206,109593,3327,112920,1073
2022-01-01,Del Norte,015,27424,3902,3841,63,3904,43
2022-01-01,El Dorado,017,186661,18700,17621,1980,19601,172
2022-01-01,Fresno,019,978130,155310,149927,13945,163872,2379
2022-01-01,Glenn,021,27897,3738,3663,1092,4755,39
2022-01-01,Humboldt,023,135768,11100,10381,893,11274,119
2022-01-01,Imperial,025,180216,39038,37672,4682,42354,800
2022-01-01,Inyo,027,18085,2928,2726,49,2775,49
2022-01-01,Kern,029,883053,140622,136123,26859,162982,1917
2022-01-01,Kings,031,150075,35368,34318,2139,36457,386
2022-01-01,Lake,033,64148,7231,7060,208,7268,117
2022-01-01,Lassen,035,31185,7163,7089,432,7521,55
2022-01-01,Los Angeles,037,10098052,1754292,1596123,73422,1669545,27371
2022-01-01,Madera,039,155013,25703,25002,2507,27509,320
2022-01-01,Marin,041,260295,22323,20475,974,21449,249
2022-01-01,Mariposa,043,17540,1597,1509,65,1574,6
2022-01-01,Mendocino,045,87422,8776,8422,739,9161,101
2022-01-01,Merced,047,269075,45735,44769,2315,47084,694
2022-01-01,Modoc,049,8938,614,601,213,814,6
2022-01-01,Mono,051,14174,2250,2101,29,2130,4
2022-01-01,Monterey,053,433212,53578,50251,3982,54233,643
2022-01-01,Napa,055,140530,15836,14439,273,14712,107
2022-01-01,Nevada,057,99092,10831,10299,400,10699,110
2022-01-01,Orange,059,3164182,372769,339526,23325,362851,5890
2022-01-01,Placer,061,380077,43216,40857,4537,45394,489
2022-01-01,Plumas,063,18699,2071,1994,56,2050,12
2022-01-01,Riverside,065,2383286,422029,397124,18756,415880,5501
2022-01-01,Sacramento,067,1510023,183777,173562,6423,179985,2448
2022-01-01,San Benito,069,59416,8754,8320,208,8528,79
2022-01-01,San Bernardino,071,2135413,415635,386278,13832,400110,6051
2022-01-01,San Diego,073,3302833,473210,427087,28322,455409,4469
2022-01-01,San Francisco,075,870044,73178,64498,3247,67745,682
2022-01-01,San Joaquin,077,732212,111877,106640,6158,112798,1902
2022-01-01,San Luis Obispo,079,281455,34237,32342,1602,33944,365
2022-01-01,San Mateo,081,765935,70331,60504,1740,62244,581
2022-01-01,Santa Barbara,083,443738,52995,49555,1844,51399,568
2022-01-01,Santa Clara,085,1922200,180677,164547,2866,167413,1969
2022-01-01,Santa Cruz,087,273765,24735,22980,1262,24242,228
2022-01-01,Shasta,089,179085,23618,23161,3832,26993,435
2022-01-01,Sierra,091,2930,216,206,21,227,0
2022-01-01,Siskiyou,093,43540,3582,3474,1434,4908,61
2022-01-01,Solano,095,438530,52421,48957,1730,50687,379
2022-01-01,Sonoma,097,501317,49412,46040,794,46834,410
2022-01-01,Stanislaus,099,539301,86255,84367,9915,94282,1332
2022-01-01,Sutter,101,95872,15054,14741,444,15185,193
2022-01-01,Tehama,103,63373,9152,8944,1614,10558,139
2022-01-01,Trinity,105,12862,925,832,222,1054,17
2022-01-01,Tulare,107,460477,74250,71941,17430,89371,1160
2022-01-01,Tuolumne,109,53932,8339,8044,125,8169,91
2022-01-01,Ventura,111,848112,118253,107992,5913,113905,1211
2022-01-01,Yolo,113,214977,23321,21747,1543,23290,270
2022-01-01,Yuba,115,75493,11197,10844,430,11274,99
2021-12-31,Alameda,001,1643700,145658,133486,4058,137544,1528
2021-12-31,Alpine,003,1148,111,113,0,113,0
2021-12-31,Amador,005,37829,6052,5913,86,5999,70
2021-12-31,Butte,007,227075,23421,22469,4293,26762,341
2021-12-31,Calaveras,009,45235,4798,4668,70,4738,93
2021-12-31,Colusa,011,21464,2715,2659,726,3385,21
2021-12-31,Contra Costa,013,1133247,118315,109593,3248,112841,1073
2021-12-31,Del Norte,015,27424,3893,3841,61,3902,43
2021-12-31,El Dorado,017,186661,18618,17621,1962,19583,172
2021-12-31,Fresno,019,978130,155002,149927,13923,163850,2379
2021-12-31,Glenn,021,27897,3737,3663,1090,4753,39
2021-12-31,Humboldt,023,135768,11013,10381,874,11255,119
2021-12-31,Imperial,025,180216,38906,37672,4666,42338,800
2021-12-31,Inyo,027,18085,2901,2726,48,2774,49
2021-12-31,Kern,029,883053,140115,136123,26722,162845,1917
2021-12-31,Kings,031,150075,35258,34318,2129,36447,386
2021-12-31,Lake,033,64148,7208,7060,203,7263,117
2021-12-31,Lassen,035,31185,7149,7089,432,7521,55
2021-12-31,Los Angeles,037,10098052,1743517,1596123,72673,1668796,27371
2021-12-31,Madera,039,155013,25634,25002,2490,27492,320
2021-12-31,Marin,041,260295,22167,20475,943,21418,249
2021-12-31,Mariposa,043,17540,1590,1509,64,1573,6
2021-12-31,Mendocino,045,87422,8743,8422,736,9158,101
2021-12-31,Merced,047,269075,45651,44769,2297,47066,694
2021-12-31,Modoc,049,8938,610,601,211,812,6
2021-12-31,Mono,051,14174,2238,2101,28,2129,4
2021-12-31,Monterey,053,433212,53451,50251,3916,54167,643
2021-12-31,Napa,055,140530,15724,14439,263,14702,107
2021-12-31,Nevada,057,99092,10764,10299,394,10693,110
2021-12-31,Orange,059,3164182,370255,339526,22903,362429,5890
2021-12-31,Placer,061,380077,42983,40857,4471,45328,489
2021-12-31,Plumas,063,18699,2066,1994,56,2050,12
2021-12-31,Riverside,065,2383286,420341,397124,18601,415725,5501
2021-12-31,Sacramento,067,1510023,182912,173562,6317,179879,2448
2021-12-31,San Benito,069,59416,8740,8320,207,8527,79
2021-12-31,San Bernardino,071,2135413,413322,386278,13642,399920,6051
2021-12-31,San Diego,073,3302833,469992,427087,28004,455091,4469
2021-12-31,San Francisco,075,870044,72252,64498,3189,67687,682
2021-12-31,San Joaquin,077,732212,111250,106640,6092,112732,1902
2021-12-31,San Luis Obispo,079,281455,34129,32342,1590,33932,365
2021-12-31,San Mateo,081,765935,69452,60504,1688,62192,581
2021-12-31,Santa Barbara,083,443738,52596,49555,1832,51387,568
2021-12-31,Santa Clara,085,1922200,178723,164547,2727,167274,1969
2021-12-31,Santa Cruz,087,273765,24498,22980,1241,24221,228
2021-12-31,Shasta,089,179085,23555,23161,3811,26972,435
2021-12-31,Sierra,091,2930,216,206,21,227,0
2021-12-31,Siskiyou,093,43540,3575,3474,1423,4897,61
2021-12-31,Solano,095,438530,52263,48957,1704,50661,379
2021-12-31,Sonoma,097,501317,49159,46040,781,46821,410
2021-12-31,Stanislaus,099,539301,85927,84367,9855,94222,1332
2021-12-31,Sutter,101,95872,14993,14741,438,15179,193
2021-12-31,Tehama,103,63373,9120,8944,1605,10549,139
2021-12-31,Trinity,105,12862,924,832,222,1054,17
2021-12-31,Tulare,107,460477,74045,71941,17346,89287,1160
2021-12-31,Tuolumne,109,53932,8295,8044,124,8168,91
2021-12-31,Ventura,111,848112,117279,107992,5831,113823,1211
2021-12-31,Yolo,113,214977,23100,21747,1521,23268,270
2021-12-31,Yuba,115,75493,11140,10844,424,11268,99
2021-12-30,Alameda,001,1643700,144377,133486,3924,137410,1528
2021-12-30,Alpine,003,1148,110,113,0,113,0
2021-12-30,Amador,005,37829,6033,5913,85,5998,70
2021-12-30,Butte,007,227075,23289,22469,4268,26737,341
2021-12-30,Calaveras,009,45235,4779,4668,70,4738,93
2021-12-30,Colusa,011,21464,2714,2659,724,3383,21
2021-12-30,Contra Costa,013,1133247,117221,109593,3138,112731,1073
2021-12-30,Del Norte,015,27424,3882,3841,60,3901,43
2021-12-30,El Dorado,017,186661,18513,17621,1941,19562,172
2021-12-30,Fresno,019,978130,154472,149927,13853,163780,2379
2021-12-30,Glenn,021,27897,3732,3663,1087,4750,39
2021-12-30,Humboldt,023,135768,10946,10381,862,11243,119
2021-12-30,Imperial,025,180216,38738,37672,4556,42228,800
2021-12-30,Inyo,027,18085,2882,2726,46,2772,49
2021-12-30,Kern,029,883053,139581,136123,26422,162545,1917
2021-12-30,Kings,031,150075,35140,34318,2114,36432,386
2021-12-30,Lake,033,64148,7193,7060,198,7258,117
2021-12-30,Lassen,035,31185,7143,7089,432,7521,55
2021-12-30,Los Angeles,037,10098052,1720206,1596123,71421,1667544,27371
2021-12-30,Madera,039,155013,25558,25002,2470,27472,320
2021-12-30,Marin,041,260295,21989,20475,918,21393,249
2021-12-30,Mariposa,043,17540,1584,1509,64,1573,6
2021-12-30,Mendocino,045,87422,8726,8422,725,9147,101
2021-12-30,Merced,047,269075,45549,44769,2282,47051,694
2021-12-30,Modoc,049,8938,609,601,211,812,6
2021-12-30,Mono,051,14174,2233,2101,27,2128,4
2021-12-30,Monterey,053,433212,53139,50251,3856,54107,643
2021-12-30,Napa,055,140530,15580,14439,254,14693,107
2021-12-30,Nevada,057,99092,10700,10299,385,10684,110
2021-12-30,Orange,059,3164182,365165,339526,22351,361877,5890
2021-12-30,Placer,061,380077,42707,40857,4424,45281,489
2021-12-30,Plumas,063,18699,2062,1994,55,2049,12
2021-12-30,Riverside,065,2383286,417073,397124,18449,415573,5501
2021-12-30,Sacramento,067,1510023,181655,173562,6172,179734,2448
2021-12-30,San Benito,069,59416,8694,8320,205,8525,79
2021-12-30,San Bernardino,071,2135413,410717,386278,13494,399772,6051
2021-12-30,San Diego,073,3302833,464849,427087,27493,454580,4469
2021-12-30,San Francisco,075,870044,71163,64498,3117,67615,682
2021-12-30,San Joaquin,077,732212,110655,106640,6048,112688,1902
2021-12-30,San Luis Obispo,079,281455,34010,32342,1577,33919,365
2021-12-30,San Mateo,081,765935,68408,60504,1559,62063,581
2021-12-30,Santa Barbara,083,443738,52118,49555,1813,51368,568
2021-12-30,Santa Clara,085,1922200,176447,164547,2603,167150,1969
2021-12-30,Santa Cruz,087,273765,24259,22980,1207,24187,228
2021-12-30,Shasta,089,179085,23502,23161,3805,26966,435
2021-12-30,Sierra,091,2930,216,206,21,227,0
2021-12-30,Siskiyou,093,43540,3566,3474,1421,4895,61
2021-12-30,Solano,095,438530,51914,48957,1657,50614,379
2021-12-30,Sonoma,097,501317,48823,46040,772,46812,410
2021-12-30,Stanislaus,099,539301,85613,84367,9795,94162,1332
2021-12-30,Sutter,101,95872,14931,14741,437,15178,193
2021-12-30,Tehama,103,63373,9093,8944,1599,10543,139
2021-12-30,Trinity,105,12862,921,832,222,1054,17
2021-12-30,Tulare,107,460477,73859,71941,17269,89210,1160
2021-12-30,Tuolumne,109,53932,8256,8044,124,8168,91
2021-12-30,Ventura,111,848112,116022,107992,5728,113720,1211
2021-12-30,Yolo,113,214977,22961,21747,1495,23242,270
2021-12-30,Yuba,115,75493,11093,10844,422,11266,99
2021-12-29,Alameda,001,1643700,141165,131586,3772,135358,1529
2021-12-29,Alpine,003,1148,110,113,0,113,0
2021-12-29,Amador,005,37829,6010,5905,82,5987,70
2021-12-29,Butte,007,227075,23147,22353,4229,26582,338
2021-12-29,Calaveras,009,45235,4751,4646,68,4714,93
2021-12-29,Colusa,011,21464,2704,2657,719,3376,21
2021-12-29,Contra Costa,013,1133247,115130,108165,3015,111180,1072
2021-12-29,Del Norte,015,27424,3868,3826,58,3884,43
2021-12-29,El Dorado,017,186661,18290,17489,1923,19412,172
2021-12-29,Fresno,019,978130,153342,149318,13741,163059,2364
2021-12-29,Glenn,021,27897,3722,3653,1084,4737,39
2021-12-29,Humboldt,023,135768,10836,10249,840,11089,119
2021-12-29,Imperial,025,180216,38502,37460,4488,41948,800
2021-12-29,Inyo,027,18085,2849,2703,46,2749,49
2021-12-29,Kern,029,883053,138778,135648,26036,161684,1913
2021-12-29,Kings,031,150075,35025,34216,2108,36324,386
2021-12-29,Lake,033,64148,7162,7048,196,7244,117
2021-12-29,Lassen,035,31185,7139,7085,431,7516,55
2021-12-29,Los Angeles,037,10098052,1690211,1576414,69712,1646126,27349
2021-12-29,Madera,039,155013,25454,24923,2459,27382,320
2021-12-29,Marin,041,260295,21633,20025,897,20922,249
2021-12-29,Mariposa,043,17540,1562,1507,64,1571,6
2021-12-29,Mendocino,045,87422,8667,8386,721,9107,99
2021-12-29,Merced,047,269075,45333,44548,2267,46815,693
2021-12-29,Modoc,049,8938,606,600,211,811,6
2021-12-29,Mono,051,14174,2209,2056,26,2082,4
2021-12-29,Monterey,053,433212,52730,50097,3751,53848,641
2021-12-29,Napa,055,140530,15256,14247,235,14482,107
2021-12-29,Nevada,057,99092,10609,10274,384,10658,110
2021-12-29,Orange,059,3164182,357638,334557,21675,356232,5887
2021-12-29,Placer,061,380077,42220,40545,4349,44894,489
2021-12-29,Plumas,063,18699,2050,1990,55,2045,12
2021-12-29,Riverside,065,2383286,411652,392989,18242,411231,5486
2021-12-29,Sacramento,067,1510023,179327,172145,6014,178159,2437
2021-12-29,San Benito,069,59416,8551,8239,204,8443,79
2021-12-29,San Bernardino,071,2135413,405137,382872,13280,396152,6049
2021-12-29,San Diego,073,3302833,454016,421045,26775,447820,4461
2021-12-29,San Francisco,075,870044,69467,63117,3047,66164,684
2021-12-29,San Joaquin,077,732212,109472,106063,5977,112040,1891
2021-12-29,San Luis Obispo,079,281455,33615,31936,1528,33464,365
2021-12-29,San Mateo,081,765935,66779,59478,1451,60929,581
2021-12-29,Santa Barbara,083,443738,51278,49003,1788,50791,568
2021-12-29,Santa Clara,085,1922200,173297,162008,2472,164480,1962
2021-12-29,Santa Cruz,087,273765,23980,22669,1175,23844,228
2021-12-29,Shasta,089,179085,23427,23083,3793,26876,435
2021-12-29,Sierra,091,2930,215,206,21,227,0
2021-12-29,Siskiyou,093,43540,3554,3472,1410,4882,61
2021-12-29,Solano,095,438530,51209,48562,1604,50166,379
2021-12-29,Sonoma,097,501317,48021,45479,750,46229,410
2021-12-29,Stanislaus,099,539301,85129,84083,9735,93818,1332
2021-12-29,Sutter,101,95872,14862,14688,435,15123,193
2021-12-29,Tehama,103,63373,9068,8914,1586,10500,138
2021-12-29,Trinity,105,12862,919,832,222,1054,17
2021-12-29,Tulare,107,460477,73568,71752,17152,88904,1160
2021-12-29,Tuolumne,109,53932,8203,8012,123,8135,91
2021-12-29,Ventura,111,848112,114085,106974,5550,112524,1207
2021-12-29,Yolo,113,214977,22722,21564,1464,23028,270
2021-12-29,Yuba,115,75493,11032,10808,418,11226,99
2021-12-28,Alameda,001,1643700,138020,130427,3617,134044,1522
2021-12-28,Alpine,003,1148,110,113,0,113,0
2021-12-28,Amador,005,37829,5990,5900,81,5981,70
2021-12-28,Butte,007,227075,23003,22285,4212,26497,338
2021-12-28,Calaveras,009,45235,4733,4641,67,4708,91
2021-12-28,Colusa,011,21464,2698,2653,717,3370,21
2021-12-28,Contra Costa,013,1133247,112828,107160,2901,110061,1072
2021-12-28,Del Norte,015,27424,3862,3815,58,3873,43
2021-12-28,El Dorado,017,186661,18066,17419,1913,19332,172
2021-12-28,Fresno,019,978130,152262,148987,13660,162647,2365
2021-12-28,Glenn,021,27897,3696,3639,1080,4719,39
2021-12-28,Humboldt,023,135768,10715,10198,816,11014,119
2021-12-28,Imperial,025,180216,38206,37223,4388,41611,800
2021-12-28,Inyo,027,18085,2791,2676,45,2721,48
2021-12-28,Kern,029,883053,138057,135346,25687,161033,1909
2021-12-28,Kings,031,150075,34889,34165,2093,36258,386
2021-12-28,Lake,033,64148,7143,7044,191,7235,116
2021-12-28,Lassen,035,31185,7130,7083,431,7514,55
2021-12-28,Los Angeles,037,10098052,1657969,1561791,68064,1629855,27323
2021-12-28,Madera,039,155013,25328,24865,2439,27304,320
2021-12-28,Marin,041,260295,21221,19739,867,20606,249
2021-12-28,Mariposa,043,17540,1551,1499,63,1562,6
2021-12-28,Mendocino,045,87422,8607,8366,713,9079,98
2021-12-28,Merced,047,269075,45093,44434,2255,46689,691
2021-12-28,Modoc,049,8938,606,599,210,809,6
2021-12-28,Mono,051,14174,2186,2045,24,2069,4
2021-12-28,Monterey,053,433212,52355,49973,3678,53651,639
2021-12-28,Napa,055,140530,14939,14131,208,14339,107
2021-12-28,Nevada,057,99092,10518,10250,381,10631,110
2021-12-28,Orange,059,3164182,349970,331279,20939,352218,5882
2021-12-28,Placer,061,380077,41751,40410,4279,44689,489
2021-12-28,Plumas,063,18699,2047,1989,55,2044,12
2021-12-28,Riverside,065,2383286,406413,390343,17999,408342,5470
2021-12-28,Sacramento,067,1510023,177045,171290,5885,177175,2426
2021-12-28,San Benito,069,59416,8407,8170,202,8372,79
2021-12-28,San Bernardino,071,2135413,399250,381316,13061,394377,6047
2021-12-28,San Diego,073,3302833,443323,417383,26219,443602,4450
2021-12-28,San Francisco,075,870044,67845,61745,2989,64734,682
2021-12-28,San Joaquin,077,732212,108417,105572,5933,111505,1884
2021-12-28,San Luis Obispo,079,281455,33149,31759,1512,33271,365
2021-12-28,San Mateo,081,765935,65266,58712,1363,60075,582
2021-12-28,Santa Barbara,083,443738,50633,48493,1768,50261,568
2021-12-28,Santa Clara,085,1922200,170162,160811,2377,163188,1962
2021-12-28,Santa Cruz,087,273765,23607,22513,1137,23650,228
2021-12-28,Shasta,089,179085,23357,23035,3788,26823,434
2021-12-28,Sierra,091,2930,212,206,21,227,0
2021-12-28,Siskiyou,093,43540,3545,3468,1405,4873,60
2021-12-28,Solano,095,438530,50294,48318,1550,49868,378
2021-12-28,Sonoma,097,501317,47161,45086,725,45811,410
2021-12-28,Stanislaus,099,539301,84647,83946,9674,93620,1331
2021-12-28,Sutter,101,95872,14813,14662,432,15094,193
2021-12-28,Tehama,103,63373,9051,8893,1584,10477,138
2021-12-28,Trinity,105,12862,917,831,221,1052,17
2021-12-28,Tulare,107,460477,73289,71630,17035,88665,1156
2021-12-28,Tuolumne,109,53932,8161,8006,123,8129,91
2021-12-28,Ventura,111,848112,111978,105883,5420,111303,1207
2021-12-28,Yolo,113,214977,22387,21320,1415,22735,270
2021-12-28,Yuba,115,75493,10976,10778,415,11193,99
2021-12-27,Alameda,001,1643700,135388,129910,3483,133393,1530
2021-12-27,Alpine,003,1148,110,113,0,113,0
2021-12-27,Amador,005,37829,5962,5891,81,5972,70
2021-12-27,Butte,007,227075,22865,22234,4185,26419,335
2021-12-27,Calaveras,009,45235,4707,4630,66,4696,91
2021-12-27,Colusa,011,21464,2687,2652,711,3363,21
2021-12-27,Contra Costa,013,1133247,110664,106692,2820,109512,1071
2021-12-27,Del Norte,015,27424,3853,3802,57,3859,43
2021-12-27,El Dorado,017,186661,17907,17361,1901,19262,172
2021-12-27,Fresno,019,978130,151305,148826,13579,162405,2364
2021-12-27,Glenn,021,27897,3688,3634,1074,4708,39
2021-12-27,Humboldt,023,135768,10601,10164,794,10958,119
2021-12-27,Imperial,025,180216,37965,37180,4294,41474,800
2021-12-27,Inyo,027,18085,2762,2662,43,2705,48
2021-12-27,Kern,029,883053,137406,135119,25384,160503,1907
2021-12-27,Kings,031,150075,34740,34126,2080,36206,382
2021-12-27,Lake,033,64148,7120,7037,181,7218,116
2021-12-27,Lassen,035,31185,7124,7080,431,7511,55
2021-12-27,Los Angeles,037,10098052,1621637,1554074,66322,1620396,27300
2021-12-27,Madera,039,155013,25208,24840,2420,27260,320
2021-12-27,Marin,041,260295,20833,19601,840,20441,249
2021-12-27,Mariposa,043,17540,1536,1495,63,1558,6
2021-12-27,Mendocino,045,87422,8540,8351,708,9059,98
2021-12-27,Merced,047,269075,44863,44383,2237,46620,690
2021-12-27,Modoc,049,8938,604,599,210,809,6
2021-12-27,Mono,051,14174,2123,2026,24,2050,4
2021-12-27,Monterey,053,433212,52054,49918,3627,53545,639
2021-12-27,Napa,055,140530,14669,14083,199,14282,107
2021-12-27,Nevada,057,99092,10449,10239,373,10612,110
2021-12-27,Orange,059,3164182,342493,329222,20137,349359,5875
2021-12-27,Placer,061,380077,41374,40263,4231,44494,489
2021-12-27,Plumas,063,18699,2045,1988,53,2041,12
2021-12-27,Riverside,065,2383286,401831,389096,17743,406839,5470
2021-12-27,Sacramento,067,1510023,175019,170858,5716,176574,2422
2021-12-27,San Benito,069,59416,8288,8133,198,8331,79
2021-12-27,San Bernardino,071,2135413,393273,380526,12861,393387,6047
2021-12-27,San Diego,073,3302833,433115,414968,25729,440697,4445
2021-12-27,San Francisco,075,870044,66099,60920,2924,63844,682
2021-12-27,San Joaquin,077,732212,107498,105413,5869,111282,1876
2021-12-27,San Luis Obispo,079,281455,32704,31671,1491,33162,365
2021-12-27,San Mateo,081,765935,63741,58397,1264,59661,581
2021-12-27,Santa Barbara,083,443738,49847,48209,1748,49957,568
2021-12-27,Santa Clara,085,1922200,167191,159904,2252,162156,1961
2021-12-27,Santa Cruz,087,273765,23320,22456,1119,23575,228
2021-12-27,Shasta,089,179085,23295,23015,3777,26792,432
2021-12-27,Sierra,091,2930,212,206,21,227,0
2021-12-27,Siskiyou,093,43540,3536,3466,1400,4866,60
2021-12-27,Solano,095,438530,49561,48172,1502,49674,378
2021-12-27,Sonoma,097,501317,46585,44990,707,45697,410
2021-12-27,Stanislaus,099,539301,84196,83833,9633,93466,1331
2021-12-27,Sutter,101,95872,14757,14642,427,15069,191
2021-12-27,Tehama,103,63373,9036,8887,1577,10464,136
2021-12-27,Trinity,105,12862,917,827,221,1048,17
2021-12-27,Tulare,107,460477,73025,71562,16940,88502,1146
2021-12-27,Tuolumne,109,53932,8123,7978,122,8100,91
2021-12-27,Ventura,111,848112,109893,105212,5285,110497,1206
2021-12-27,Yolo,113,214977,22095,21300,1381,22681,270
2021-12-27,Yuba,115,75493,10915,10759,414,11173,98
2021-12-26,Alameda,001,1643700,133296,127221,3411,130632,1525
2021-12-26,Alpine,003,1148,110,113,0,113,0
2021-12-26,Amador,005,37829,5946,5861,79,5940,70
2021-12-26,Butte,007,227075,22709,22087,4155,26242,330
2021-12-26,Calaveras,009,45235,4685,4591,66,4657,91
2021-12-26,Colusa,011,21464,2676,2647,705,3352,21
2021-12-26,Contra Costa,013,1133247,108903,105022,2721,107743,1071
2021-12-26,Del Norte,015,27424,3848,3795,57,3852,43
2021-12-26,El Dorado,017,186661,17752,17188,1893,19081,172
2021-12-26,Fresno,019,978130,150601,148027,13500,161527,2358
2021-12-26,Glenn,021,27897,3679,3611,1060,4671,39
2021-12-26,Humboldt,023,135768,10458,10052,771,10823,119
2021-12-26,Imperial,025,180216,37663,36878,4204,41082,800
2021-12-26,Inyo,027,18085,2738,2636,40,2676,47
2021-12-26,Kern,029,883053,136683,134591,25129,159720,1908
2021-12-26,Kings,031,150075,34587,34009,2074,36083,379
2021-12-26,Lake,033,64148,7098,7019,178,7197,116
2021-12-26,Lassen,035,31185,7118,7072,430,7502,55
2021-12-26,Los Angeles,037,10098052,1591784,1515469,64532,1580001,27257
2021-12-26,Madera,039,155013,25089,24741,2404,27145,320
2021-12-26,Marin,041,260295,20454,19085,781,19866,249
2021-12-26,Mariposa,043,17540,1530,1480,63,1543,6
2021-12-26,Mendocino,045,87422,8489,8314,706,9020,98
2021-12-26,Merced,047,269075,44612,44208,2223,46431,690
2021-12-26,Modoc,049,8938,603,597,208,805,6
2021-12-26,Mono,051,14174,2097,2000,24,2024,4
2021-12-26,Monterey,053,433212,51773,49709,3578,53287,638
2021-12-26,Napa,055,140530,14432,13809,194,14003,107
2021-12-26,Nevada,057,99092,10389,10153,366,10519,110
2021-12-26,Orange,059,3164182,336157,322991,19341,342332,5863
2021-12-26,Placer,061,380077,41023,39852,4161,44013,489
2021-12-26,Plumas,063,18699,2037,1987,52,2039,12
2021-12-26,Riverside,065,2383286,397645,384567,17574,402141,5470
2021-12-26,Sacramento,067,1510023,173295,169144,5570,174714,2418
2021-12-26,San Benito,069,59416,8199,7991,194,8185,79
2021-12-26,San Bernardino,071,2135413,388429,376052,12684,388736,6043
2021-12-26,San Diego,073,3302833,424119,406616,25236,431852,4442
2021-12-26,San Francisco,075,870044,64518,58229,2862,61091,682
2021-12-26,San Joaquin,077,732212,106684,104590,5816,110406,1872
2021-12-26,San Luis Obispo,079,281455,32258,31290,1473,32763,365
2021-12-26,San Mateo,081,765935,62339,56973,1217,58190,581
2021-12-26,Santa Barbara,083,443738,49171,47553,1718,49271,567
2021-12-26,Santa Clara,085,1922200,164490,156872,2120,158992,1967
2021-12-26,Santa Cruz,087,273765,23036,22176,1105,23281,228
2021-12-26,Shasta,089,179085,23213,22959,3765,26724,432
2021-12-26,Sierra,091,2930,212,202,21,223,0
2021-12-26,Siskiyou,093,43540,3528,3460,1391,4851,60
2021-12-26,Solano,095,438530,49059,47646,1464,49110,377
2021-12-26,Sonoma,097,501317,46089,44358,675,45033,408
2021-12-26,Stanislaus,099,539301,83823,83368,9591,92959,1331
2021-12-26,Sutter,101,95872,14692,14533,424,14957,191
2021-12-26,Tehama,103,63373,9003,8861,1573,10434,136
2021-12-26,Trinity,105,12862,917,826,220,1046,17
2021-12-26,Tulare,107,460477,72774,71292,16834,88126,1137
2021-12-26,Tuolumne,109,53932,8086,7919,122,8041,91
2021-12-26,Ventura,111,848112,108059,103498,5138,108636,1206
2021-12-26,Yolo,113,214977,21807,21084,1342,22426,270
2021-12-26,Yuba,115,75493,10864,10694,412,11106,98
2021-12-25,Alameda,001,1643700,132214,127221,3347,130568,1525
2021-12-25,Alpine,003,1148,110,113,0,113,0
2021-12-25,Amador,005,37829,5927,5861,79,5940,70
2021-12-25,Butte,007,227075,22611,22087,4138,26225,330
2021-12-25,Calaveras,009,45235,4656,4591,65,4656,91
2021-12-25,Colusa,011,21464,2671,2647,699,3346,21
2021-12-25,Contra Costa,013,1133247,108081,105022,2668,107690,1071
2021-12-25,Del Norte,015,27424,3841,3795,56,3851,43
2021-12-25,El Dorado,017,186661,17699,17188,1882,19070,172
2021-12-25,Fresno,019,978130,150286,148027,13452,161479,2358
2021-12-25,Glenn,021,27897,3668,3611,1056,4667,39
2021-12-25,Humboldt,023,135768,10376,10052,764,10816,119
2021-12-25,Imperial,025,180216,37541,36878,4182,41060,800
2021-12-25,Inyo,027,18085,2718,2636,40,2676,47
2021-12-25,Kern,029,883053,136336,134591,25003,159594,1908
2021-12-25,Kings,031,150075,34497,34009,2067,36076,379
2021-12-25,Lake,033,64148,7086,7019,176,7195,116
2021-12-25,Lassen,035,31185,7116,7072,430,7502,55
2021-12-25,Los Angeles,037,10098052,1578969,1515469,63215,1578684,27257
2021-12-25,Madera,039,155013,25039,24741,2398,27139,320
2021-12-25,Marin,041,260295,20112,19085,732,19817,249
2021-12-25,Mariposa,043,17540,1524,1480,63,1543,6
2021-12-25,Mendocino,045,87422,8451,8314,706,9020,98
2021-12-25,Merced,047,269075,44512,44208,2221,46429,690
2021-12-25,Modoc,049,8938,603,597,208,805,6
2021-12-25,Mono,051,14174,2080,2000,24,2024,4
2021-12-25,Monterey,053,433212,51606,49709,3544,53253,638
2021-12-25,Napa,055,140530,14317,13809,186,13995,107
2021-12-25,Nevada,057,99092,10360,10153,366,10519,110
2021-12-25,Orange,059,3164182,333290,322991,18772,341763,5863
2021-12-25,Placer,061,380077,40840,39852,4127,43979,489
2021-12-25,Plumas,063,18699,2035,1987,52,2039,12
2021-12-25,Riverside,065,2383286,395364,384567,17455,402022,5470
2021-12-25,Sacramento,067,1510023,172479,169144,5465,174609,2418
2021-12-25,San Benito,069,59416,8134,7991,194,8185,79
2021-12-25,San Bernardino,071,2135413,386193,376052,12552,388604,6043
2021-12-25,San Diego,073,3302833,420054,406616,24966,431582,4442
2021-12-25,San Francisco,075,870044,63488,58229,2826,61055,682
2021-12-25,San Joaquin,077,732212,106347,104590,5784,110374,1872
2021-12-25,San Luis Obispo,079,281455,32105,31290,1464,32754,365
2021-12-25,San Mateo,081,765935,61306,56973,1174,58147,581
2021-12-25,Santa Barbara,083,443738,48807,47553,1706,49259,567
2021-12-25,Santa Clara,085,1922200,163013,156872,2053,158925,1967
2021-12-25,Santa Cruz,087,273765,22876,22176,1099,23275,228
2021-12-25,Shasta,089,179085,23180,22959,3759,26718,432
2021-12-25,Sierra,091,2930,212,202,21,223,0
2021-12-25,Siskiyou,093,43540,3525,3460,1385,4845,60
2021-12-25,Solano,095,438530,48934,47646,1446,49092,377
2021-12-25,Sonoma,097,501317,45704,44358,649,45007,408
2021-12-25,Stanislaus,099,539301,83609,83368,9565,92933,1331
2021-12-25,Sutter,101,95872,14651,14533,422,14955,191
2021-12-25,Tehama,103,63373,8983,8861,1569,10430,136
2021-12-25,Trinity,105,12862,916,826,220,1046,17
2021-12-25,Tulare,107,460477,72638,71292,16756,88048,1137
2021-12-25,Tuolumne,109,53932,8055,7919,122,8041,91
2021-12-25,Ventura,111,848112,106886,103498,5032,108530,1206
2021-12-25,Yolo,113,214977,21697,21084,1321,22405,270
2021-12-25,Yuba,115,75493,10837,10694,411,11105,98
2021-12-24,Alameda,001,1643700,131594,127221,3331,130552,1525
2021-12-24,Alpine,003,1148,110,113,0,113,0
2021-12-24,Amador,005,37829,5919,5861,78,5939,70
2021-12-24,Butte,007,227075,22554,22087,4121,26208,330
2021-12-24,Calaveras,009,45235,4650,4591,65,4656,91
2021-12-24,Colusa,011,21464,2669,2647,698,3345,21
2021-12-24,Contra Costa,013,1133247,107765,105022,2637,107659,1071
2021-12-24,Del Norte,015,27424,3834,3795,56,3851,43
2021-12-24,El Dorado,017,186661,17646,17188,1877,19065,172
2021-12-24,Fresno,019,978130,150120,148027,13439,161466,2358
2021-12-24,Glenn,021,27897,3667,3611,1056,4667,39
2021-12-24,Humboldt,023,135768,10321,10052,759,10811,119
2021-12-24,Imperial,025,180216,37458,36878,4178,41056,800
2021-12-24,Inyo,027,18085,2698,2636,40,2676,47
2021-12-24,Kern,029,883053,136213,134591,24961,159552,1908
2021-12-24,Kings,031,150075,34429,34009,2066,36075,379
2021-12-24,Lake,033,64148,7082,7019,176,7195,116
2021-12-24,Lassen,035,31185,7113,7072,430,7502,55
2021-12-24,Los Angeles,037,10098052,1574100,1515469,62687,1578156,27257
2021-12-24,Madera,039,155013,25004,24741,2393,27134,320
2021-12-24,Marin,041,260295,19966,19085,701,19786,249
2021-12-24,Mariposa,043,17540,1522,1480,63,1543,6
2021-12-24,Mendocino,045,87422,8434,8314,706,9020,98
2021-12-24,Merced,047,269075,44462,44208,2219,46427,690
2021-12-24,Modoc,049,8938,603,597,208,805,6
2021-12-24,Mono,051,14174,2067,2000,24,2024,4
2021-12-24,Monterey,053,433212,51509,49709,3518,53227,638
2021-12-24,Napa,055,140530,14251,13809,182,13991,107
2021-12-24,Nevada,057,99092,10334,10153,364,10517,110
2021-12-24,Orange,059,3164182,332236,322991,18614,341605,5863
2021-12-24,Placer,061,380077,40720,39852,4111,43963,489
2021-12-24,Plumas,063,18699,2034,1987,52,2039,12
2021-12-24,Riverside,065,2383286,394368,384567,17365,401932,5470
2021-12-24,Sacramento,067,1510023,172163,169144,5430,174574,2418
2021-12-24,San Benito,069,59416,8125,7991,193,8184,79
2021-12-24,San Bernardino,071,2135413,385051,376052,12479,388531,6043
2021-12-24,San Diego,073,3302833,418931,406616,24839,431455,4442
2021-12-24,San Francisco,075,870044,62980,58229,2809,61038,682
2021-12-24,San Joaquin,077,732212,106152,104590,5776,110366,1872
2021-12-24,San Luis Obispo,079,281455,32043,31290,1454,32744,365
2021-12-24,San Mateo,081,765935,60874,56973,1151,58124,581
2021-12-24,Santa Barbara,083,443738,48602,47553,1699,49252,567
2021-12-24,Santa Clara,085,1922200,162189,156872,2019,158891,1967
2021-12-24,Santa Cruz,087,273765,22793,22176,1096,23272,228
2021-12-24,Shasta,089,179085,23146,22959,3755,26714,432
2021-12-24,Sierra,091,2930,211,202,21,223,0
2021-12-24,Siskiyou,093,43540,3520,3460,1381,4841,60
2021-12-24,Solano,095,438530,48882,47646,1444,49090,377
2021-12-24,Sonoma,097,501317,45538,44358,641,44999,408
2021-12-24,Stanislaus,099,539301,83498,83368,9542,92910,1331
2021-12-24,Sutter,101,95872,14631,14533,419,14952,191
2021-12-24,Tehama,103,63373,8974,8861,1566,10427,136
2021-12-24,Trinity,105,12862,914,826,220,1046,17
2021-12-24,Tulare,107,460477,72571,71292,16713,88005,1137
2021-12-24,Tuolumne,109,53932,8030,7919,122,8041,91
2021-12-24,Ventura,111,848112,106439,103498,4976,108474,1206
2021-12-24,Yolo,113,214977,21623,21084,1303,22387,270
2021-12-24,Yuba,115,75493,10814,10694,410,11104,98
2021-12-23,Alameda,001,1643700,130884,127221,3297,130518,1525
2021-12-23,Alpine,003,1148,110,113,0,113,0
2021-12-23,Amador,005,37829,5907,5861,76,5937,70
2021-12-23,Butte,007,227075,22502,22087,4110,26197,330
2021-12-23,Calaveras,009,45235,4639,4591,65,4656,91
2021-12-23,Colusa,011,21464,2663,2647,694,3341,21
2021-12-23,Contra Costa,013,1133247,107336,105022,2593,107615,1071
2021-12-23,Del Norte,015,27424,3831,3795,56,3851,43
2021-12-23,El Dorado,017,186661,17583,17188,1871,19059,172
2021-12-23,Fresno,019,978130,149915,148027,13420,161447,2358
2021-12-23,Glenn,021,27897,3663,3611,1056,4667,39
2021-12-23,Humboldt,023,135768,10268,10052,756,10808,119
2021-12-23,Imperial,025,180216,37384,36878,4151,41029,800
2021-12-23,Inyo,027,18085,2685,2636,40,2676,47
2021-12-23,Kern,029,883053,136063,134591,24865,159456,1908
2021-12-23,Kings,031,150075,34388,34009,2065,36074,379
2021-12-23,Lake,033,64148,7070,7019,174,7193,116
2021-12-23,Lassen,035,31185,7112,7072,430,7502,55
2021-12-23,Los Angeles,037,10098052,1564554,1515469,61606,1577075,27257
2021-12-23,Madera,039,155013,24971,24741,2389,27130,320
2021-12-23,Marin,041,260295,19832,19085,684,19769,249
2021-12-23,Mariposa,043,17540,1517,1480,63,1543,6
2021-12-23,Mendocino,045,87422,8425,8314,706,9020,98
2021-12-23,Merced,047,269075,44413,44208,2217,46425,690
2021-12-23,Modoc,049,8938,603,597,208,805,6
2021-12-23,Mono,051,14174,2046,2000,23,2023,4
2021-12-23,Monterey,053,433212,51387,49709,3497,53206,638
2021-12-23,Napa,055,140530,14170,13809,177,13986,107
2021-12-23,Nevada,057,99092,10310,10153,363,10516,110
2021-12-23,Orange,059,3164182,330545,322991,18285,341276,5863
2021-12-23,Placer,061,380077,40597,39852,4095,43947,489
2021-12-23,Plumas,063,18699,2034,1987,52,2039,12
2021-12-23,Riverside,065,2383286,393152,384567,17296,401863,5470
2021-12-23,Sacramento,067,1510023,171707,169144,5383,174527,2418
2021-12-23,San Benito,069,59416,8106,7991,191,8182,79
2021-12-23,San Bernardino,071,2135413,383866,376052,12374,388426,6043
2021-12-23,San Diego,073,3302833,417079,406616,24641,431257,4442
2021-12-23,San Francisco,075,870044,62251,58229,2781,61010,682
2021-12-23,San Joaquin,077,732212,105934,104590,5763,110353,1872
2021-12-23,San Luis Obispo,079,281455,31971,31290,1450,32740,365
2021-12-23,San Mateo,081,765935,60312,56973,1131,58104,581
2021-12-23,Santa Barbara,083,443738,48403,47553,1697,49250,567
2021-12-23,Santa Clara,085,1922200,161282,156872,1960,158832,1967
2021-12-23,Santa Cruz,087,273765,22678,22176,1084,23260,228
2021-12-23,Shasta,089,179085,23116,22959,3752,26711,432
2021-12-23,Sierra,091,2930,208,202,21,223,0
2021-12-23,Siskiyou,093,43540,3520,3460,1379,4839,60
2021-12-23,Solano,095,438530,48775,47646,1428,49074,377
2021-12-23,Sonoma,097,501317,45361,44358,640,44998,408
2021-12-23,Stanislaus,099,539301,83369,83368,9522,92890,1331
2021-12-23,Sutter,101,95872,14614,14533,418,14951,191
2021-12-23,Tehama,103,63373,8962,8861,1562,10423,136
2021-12-23,Trinity,105,12862,914,826,220,1046,17
2021-12-23,Tulare,107,460477,72496,71292,16670,87962,1137
2021-12-23,Tuolumne,109,53932,8012,7919,121,8040,91
2021-12-23,Ventura,111,848112,105904,103498,4910,108408,1206
2021-12-23,Yolo,113,214977,21551,21084,1285,22369,270
2021-12-23,Yuba,115,75493,10801,10694,410,11104,98
2021-12-22,Alameda,001,1643700,129955,126533,3216,129749,1522
2021-12-22,Alpine,003,1148,110,112,0,112,0
2021-12-22,Amador,005,37829,5894,5850,75,5925,70
2021-12-22,Butte,007,227075,22452,22070,4096,26166,330
2021-12-22,Calaveras,009,45235,4630,4580,65,4645,91
2021-12-22,Colusa,011,21464,2663,2645,691,3336,21
2021-12-22,Contra Costa,013,1133247,106698,104559,2551,107110,1070
2021-12-22,Del Norte,015,27424,3831,3794,56,3850,43
2021-12-22,El Dorado,017,186661,17521,17140,1862,19002,172
2021-12-22,Fresno,019,978130,149635,147838,13389,161227,2349
2021-12-22,Glenn,021,27897,3658,3604,1056,4660,39
2021-12-22,Humboldt,023,135768,10207,10022,751,10773,119
2021-12-22,Imperial,025,180216,37298,36755,4114,40869,798
2021-12-22,Inyo,027,18085,2667,2632,40,2672,47
2021-12-22,Kern,029,883053,135828,134433,24783,159216,1900
2021-12-22,Kings,031,150075,34338,33953,2058,36011,376
2021-12-22,Lake,033,64148,7063,7008,172,7180,116
2021-12-22,Lassen,035,31185,7107,7069,429,7498,55
2021-12-22,Los Angeles,037,10098052,1551002,1507110,60450,1567560,27234
2021-12-22,Madera,039,155013,24933,24702,2385,27087,320
2021-12-22,Marin,041,260295,19611,18927,661,19588,249
2021-12-22,Mariposa,043,17540,1510,1480,63,1543,6
2021-12-22,Mendocino,045,87422,8416,8299,706,9005,99
2021-12-22,Merced,047,269075,44342,44137,2215,46352,689
2021-12-22,Modoc,049,8938,603,595,208,803,6
2021-12-22,Mono,051,14174,2042,1979,23,2002,4
2021-12-22,Monterey,053,433212,51230,49650,3480,53130,639
2021-12-22,Napa,055,140530,14043,13746,167,13913,107
2021-12-22,Nevada,057,99092,10282,10101,358,10459,110
2021-12-22,Orange,059,3164182,328252,321765,17857,339622,5858
2021-12-22,Placer,061,380077,40414,39758,4058,43816,489
2021-12-22,Plumas,063,18699,2030,1986,52,2038,12
2021-12-22,Riverside,065,2383286,391322,383319,17183,400502,5472
2021-12-22,Sacramento,067,1510023,171048,168695,5323,174018,2422
2021-12-22,San Benito,069,59416,8054,7971,189,8160,79
2021-12-22,San Bernardino,071,2135413,382138,375044,12289,387333,6039
2021-12-22,San Diego,073,3302833,412959,404269,24312,428581,4434
2021-12-22,San Francisco,075,870044,61264,57520,2738,60258,682
2021-12-22,San Joaquin,077,732212,105664,104385,5749,110134,1870
2021-12-22,San Luis Obispo,079,281455,31830,31175,1430,32605,365
2021-12-22,San Mateo,081,765935,59629,56604,1101,57705,581
2021-12-22,Santa Barbara,083,443738,48146,47372,1681,49053,566
2021-12-22,Santa Clara,085,1922200,160161,156258,1919,158177,1954
2021-12-22,Santa Cruz,087,273765,22571,22075,1079,23154,228
2021-12-22,Shasta,089,179085,23087,22937,3747,26684,432
2021-12-22,Sierra,091,2930,208,202,21,223,0
2021-12-22,Siskiyou,093,43540,3517,3458,1376,4834,59
2021-12-22,Solano,095,438530,48546,47531,1415,48946,375
2021-12-22,Sonoma,097,501317,45086,44201,629,44830,408
2021-12-22,Stanislaus,099,539301,83228,83245,9502,92747,1331
2021-12-22,Sutter,101,95872,14578,14513,415,14928,191
2021-12-22,Tehama,103,63373,8949,8853,1558,10411,136
2021-12-22,Trinity,105,12862,914,826,220,1046,17
2021-12-22,Tulare,107,460477,72397,71226,16621,87847,1137
2021-12-22,Tuolumne,109,53932,7991,7903,121,8024,91
2021-12-22,Ventura,111,848112,105298,103089,4805,107894,1206
2021-12-22,Yolo,113,214977,21475,21012,1271,22283,270
2021-12-22,Yuba,115,75493,10784,10681,410,11091,98
2021-12-21,Alameda,001,1643700,128953,126007,3161,129168,1518
2021-12-21,Alpine,003,1148,110,112,0,112,0
2021-12-21,Amador,005,37829,5884,5845,75,5920,70
2021-12-21,Butte,007,227075,22388,22041,4082,26123,330
2021-12-21,Calaveras,009,45235,4617,4575,65,4640,91
2021-12-21,Colusa,011,21464,2661,2643,690,3333,21
2021-12-21,Contra Costa,013,1133247,106069,104255,2487,106742,1068
2021-12-21,Del Norte,015,27424,3830,3793,56,3849,43
2021-12-21,El Dorado,017,186661,17456,17098,1850,18948,172
2021-12-21,Fresno,019,978130,149349,147707,13354,161061,2341
2021-12-21,Glenn,021,27897,3644,3602,1056,4658,39
2021-12-21,Humboldt,023,135768,10143,9989,746,10735,118
2021-12-21,Imperial,025,180216,37200,36580,4073,40653,792
2021-12-21,Inyo,027,18085,2656,2627,40,2667,47
2021-12-21,Kern,029,883053,135619,134321,24678,158999,1892
2021-12-21,Kings,031,150075,34278,33914,2057,35971,376
2021-12-21,Lake,033,64148,7058,7004,170,7174,116
2021-12-21,Lassen,035,31185,7105,7069,429,7498,55
2021-12-21,Los Angeles,037,10098052,1537102,1501169,59429,1560598,27220
2021-12-21,Madera,039,155013,24896,24688,2378,27066,320
2021-12-21,Marin,041,260295,19441,18828,626,19454,249
2021-12-21,Mariposa,043,17540,1509,1480,62,1542,6
2021-12-21,Mendocino,045,87422,8400,8282,704,8986,97
2021-12-21,Merced,047,269075,44270,44096,2212,46308,688
2021-12-21,Modoc,049,8938,601,595,206,801,6
2021-12-21,Mono,051,14174,2023,1979,23,2002,4
2021-12-21,Monterey,053,433212,51139,49586,3463,53049,638
2021-12-21,Napa,055,140530,13942,13703,156,13859,107
2021-12-21,Nevada,057,99092,10253,10095,358,10453,110
2021-12-21,Orange,059,3164182,326130,320705,17408,338113,5855
2021-12-21,Placer,061,380077,40273,39649,4029,43678,487
2021-12-21,Plumas,063,18699,2030,1975,52,2027,12
2021-12-21,Riverside,065,2383286,389596,382415,17064,399479,5465
2021-12-21,Sacramento,067,1510023,170398,168422,5268,173690,2419
2021-12-21,San Benito,069,59416,8015,7950,186,8136,79
2021-12-21,San Bernardino,071,2135413,380463,374219,12177,386396,6026
2021-12-21,San Diego,073,3302833,409229,402386,23975,426361,4424
2021-12-21,San Francisco,075,870044,60304,56950,2705,59655,681
2021-12-21,San Joaquin,077,732212,105378,104238,5730,109968,1870
2021-12-21,San Luis Obispo,079,281455,31666,31103,1418,32521,365
2021-12-21,San Mateo,081,765935,59012,56381,1078,57459,581
2021-12-21,Santa Barbara,083,443738,47918,47194,1666,48860,564
2021-12-21,Santa Clara,085,1922200,159136,155769,1877,157646,1951
2021-12-21,Santa Cruz,087,273765,22454,22028,1069,23097,228
2021-12-21,Shasta,089,179085,23056,22920,3743,26663,429
2021-12-21,Sierra,091,2930,206,201,21,222,0
2021-12-21,Siskiyou,093,43540,3516,3455,1376,4831,59
2021-12-21,Solano,095,438530,48392,47474,1408,48882,372
2021-12-21,Sonoma,097,501317,44863,44051,619,44670,408
2021-12-21,Stanislaus,099,539301,83071,83167,9471,92638,1331
2021-12-21,Sutter,101,95872,14555,14492,414,14906,190
2021-12-21,Tehama,103,63373,8941,8849,1553,10402,136
2021-12-21,Trinity,105,12862,913,826,220,1046,17
2021-12-21,Tulare,107,460477,72303,71166,16580,87746,1137
2021-12-21,Tuolumne,109,53932,7967,7893,121,8014,91
2021-12-21,Ventura,111,848112,104680,102631,4692,107323,1205
2021-12-21,Yolo,113,214977,21366,20944,1267,22211,267
2021-12-21,Yuba,115,75493,10767,10668,410,11078,98
2021-12-20,Alameda,001,1643700,128015,125762,3092,128854,1515
2021-12-20,Alpine,003,1148,110,112,0,112,0
2021-12-20,Amador,005,37829,5870,5838,75,5913,70
2021-12-20,Butte,007,227075,22326,22030,4068,26098,329
2021-12-20,Calaveras,009,45235,4607,4569,65,4634,91
2021-12-20,Colusa,011,21464,2660,2644,690,3334,21
2021-12-20,Contra Costa,013,1133247,105536,104051,2440,106491,1068
2021-12-20,Del Norte,015,27424,3828,3792,56,3848,43
2021-12-20,El Dorado,017,186661,17395,17083,1842,18925,172
2021-12-20,Fresno,019,978130,149106,147605,13325,160930,2341
2021-12-20,Glenn,021,27897,3638,3597,1056,4653,39
2021-12-20,Humboldt,023,135768,10101,9973,742,10715,118
2021-12-20,Imperial,025,180216,37084,36532,4043,40575,792
2021-12-20,Inyo,027,18085,2653,2615,40,2655,47
2021-12-20,Kern,029,883053,135420,134203,24618,158821,1883
2021-12-20,Kings,031,150075,34236,33898,2056,35954,376
2021-12-20,Lake,033,64148,7053,6999,170,7169,116
2021-12-20,Lassen,035,31185,7103,7065,428,7493,55
2021-12-20,Los Angeles,037,10098052,1525623,1495251,58705,1553956,27188
2021-12-20,Madera,039,155013,24867,24668,2374,27042,313
2021-12-20,Marin,041,260295,19226,18747,608,19355,249
2021-12-20,Mariposa,043,17540,1500,1479,62,1541,6
2021-12-20,Mendocino,045,87422,8388,8264,702,8966,96
2021-12-20,Merced,047,269075,44213,44071,2207,46278,687
2021-12-20,Modoc,049,8938,601,595,203,798,6
2021-12-20,Mono,051,14174,2000,1973,23,1996,4
2021-12-20,Monterey,053,433212,51043,49556,3443,52999,636
2021-12-20,Napa,055,140530,13857,13672,146,13818,107
2021-12-20,Nevada,057,99092,10213,10079,357,10436,109
2021-12-20,Orange,059,3164182,324524,320235,17093,337328,5852
2021-12-20,Placer,061,380077,40143,39579,3999,43578,485
2021-12-20,Plumas,063,18699,2027,1971,50,2021,12
2021-12-20,Riverside,065,2383286,388146,381841,16975,398816,5452
2021-12-20,Sacramento,067,1510023,169827,168153,5228,173381,2414
2021-12-20,San Benito,069,59416,7971,7934,184,8118,79
2021-12-20,San Bernardino,071,2135413,378931,373881,12092,385973,6023
2021-12-20,San Diego,073,3302833,406013,401483,23735,425218,4412
2021-12-20,San Francisco,075,870044,59244,56661,2648,59309,681
2021-12-20,San Joaquin,077,732212,105135,104188,5719,109907,1865
2021-12-20,San Luis Obispo,079,281455,31552,31075,1410,32485,365
2021-12-20,San Mateo,081,765935,58464,56247,1059,57306,581
2021-12-20,Santa Barbara,083,443738,47706,47131,1661,48792,562
2021-12-20,Santa Clara,085,1922200,158176,155427,1829,157256,1950
2021-12-20,Santa Cruz,087,273765,22374,21989,1064,23053,227
2021-12-20,Shasta,089,179085,23035,22888,3738,26626,429
2021-12-20,Sierra,091,2930,205,201,21,222,0
2021-12-20,Siskiyou,093,43540,3515,3453,1374,4827,59
2021-12-20,Solano,095,438530,48264,47394,1400,48794,370
2021-12-20,Sonoma,097,501317,44673,43982,611,44593,408
2021-12-20,Stanislaus,099,539301,82945,83110,9442,92552,1331
2021-12-20,Sutter,101,95872,14532,14480,414,14894,190
2021-12-20,Tehama,103,63373,8933,8840,1550,10390,136
2021-12-20,Trinity,105,12862,913,826,220,1046,17
2021-12-20,Tulare,107,460477,72209,71124,16522,87646,1129
2021-12-20,Tuolumne,109,53932,7953,7867,117,7984,91
2021-12-20,Ventura,111,848112,104173,102452,4616,107068,1203
2021-12-20,Yolo,113,214977,21273,20903,1255,22158,267
2021-12-20,Yuba,115,75493,10751,10656,407,11063,97
2021-12-19,Alameda,001,1643700,127126,125464,3052,128516,1519
2021-12-19,Alpine,003,1148,110,112,0,112,0
2021-12-19,Amador,005,37829,5858,5832,74,5906,70
2021-12-19,Butte,007,227075,22271,22022,4060,26082,329
2021-12-19,Calaveras,009,45235,4591,4563,64,4627,91
2021-12-19,Colusa,011,21464,2660,2643,687,3330,21
2021-12-19,Contra Costa,013,1133247,105045,103906,2406,106312,1068
2021-12-19,Del Norte,015,27424,3824,3797,56,3853,43
2021-12-19,El Dorado,017,186661,17338,17067,1840,18907,172
2021-12-19,Fresno,019,978130,148865,147505,13300,160805,2341
2021-12-19,Glenn,021,27897,3634,3596,1055,4651,39
2021-12-19,Humboldt,023,135768,10058,9957,737,10694,118
2021-12-19,Imperial,025,180216,36955,36501,4000,40501,792
2021-12-19,Inyo,027,18085,2644,2613,40,2653,47
2021-12-19,Kern,029,883053,135221,134136,24550,158686,1883
2021-12-19,Kings,031,150075,34178,33874,2052,35926,378
2021-12-19,Lake,033,64148,7044,6999,167,7166,116
2021-12-19,Lassen,035,31185,7099,7065,428,7493,55
2021-12-19,Los Angeles,037,10098052,1516626,1495082,58107,1553189,27189
2021-12-19,Madera,039,155013,24842,24642,2368,27010,313
2021-12-19,Marin,041,260295,19050,18707,585,19292,249
2021-12-19,Mariposa,043,17540,1494,1475,62,1537,6
2021-12-19,Mendocino,045,87422,8371,8257,699,8956,96
2021-12-19,Merced,047,269075,44118,44045,2200,46245,687
2021-12-19,Modoc,049,8938,600,595,203,798,6
2021-12-19,Mono,051,14174,1989,1968,22,1990,4
2021-12-19,Monterey,053,433212,50942,49516,3422,52938,636
2021-12-19,Napa,055,140530,13784,13659,137,13796,107
2021-12-19,Nevada,057,99092,10177,10057,354,10411,109
2021-12-19,Orange,059,3164182,323121,319615,16867,336482,5852
2021-12-19,Placer,061,380077,40022,39525,3983,43508,485
2021-12-19,Plumas,063,18699,2024,1971,50,2021,12
2021-12-19,Riverside,065,2383286,386700,381305,16900,398205,5452
2021-12-19,Sacramento,067,1510023,169333,167933,5199,173132,2415
2021-12-19,San Benito,069,59416,7946,7929,183,8112,79
2021-12-19,San Bernardino,071,2135413,377603,373480,12054,385534,6023
2021-12-19,San Diego,073,3302833,403533,398197,23539,421736,4406
2021-12-19,San Francisco,075,870044,58366,56358,2592,58950,681
2021-12-19,San Joaquin,077,732212,104878,104125,5705,109830,1865
2021-12-19,San Luis Obispo,079,281455,31429,31035,1398,32433,366
2021-12-19,San Mateo,081,765935,58000,56132,1044,57176,581
2021-12-19,Santa Barbara,083,443738,47483,47070,1654,48724,562
2021-12-19,Santa Clara,085,1922200,157289,155049,1803,156852,1950
2021-12-19,Santa Cruz,087,273765,22275,21960,1059,23019,227
2021-12-19,Shasta,089,179085,22998,22875,3734,26609,429
2021-12-19,Sierra,091,2930,204,201,21,222,0
2021-12-19,Siskiyou,093,43540,3512,3452,1374,4826,59
2021-12-19,Solano,095,438530,48142,47341,1394,48735,370
2021-12-19,Sonoma,097,501317,44489,43944,609,44553,408
2021-12-19,Stanislaus,099,539301,82807,83040,9410,92450,1331
2021-12-19,Sutter,101,95872,14492,14475,413,14888,190
2021-12-19,Tehama,103,63373,8925,8840,1550,10390,136
2021-12-19,Trinity,105,12862,913,826,220,1046,17
2021-12-19,Tulare,107,460477,72116,71085,16480,87565,1129
2021-12-19,Tuolumne,109,53932,7936,7865,116,7981,91
2021-12-19,Ventura,111,848112,103593,102170,4551,106721,1203
2021-12-19,Yolo,113,214977,21192,20887,1236,22123,267
2021-12-19,Yuba,115,75493,10734,10646,405,11051,97
2021-12-18,Alameda,001,1643700,126720,124583,3026,127609,1512
2021-12-18,Alpine,003,1148,110,110,0,110,0
2021-12-18,Amador,005,37829,5852,5821,74,5895,69
2021-12-18,Butte,007,227075,22255,21956,4055,26011,328
2021-12-18,Calaveras,009,45235,4584,4534,64,4598,91
2021-12-18,Colusa,011,21464,2656,2635,685,3320,21
2021-12-18,Contra Costa,013,1133247,104830,103380,2392,105772,1065
2021-12-18,Del Norte,015,27424,3821,3791,56,3847,43
2021-12-18,El Dorado,017,186661,17310,16968,1837,18805,171
2021-12-18,Fresno,019,978130,148762,147038,13287,160325,2335
2021-12-18,Glenn,021,27897,3631,3590,1055,4645,39
2021-12-18,Humboldt,023,135768,10042,9889,737,10626,118
2021-12-18,Imperial,025,180216,36882,36280,3988,40268,790
2021-12-18,Inyo,027,18085,2638,2607,40,2647,47
2021-12-18,Kern,029,883053,135131,133754,24505,158259,1873
2021-12-18,Kings,031,150075,34145,33783,2048,35831,374
2021-12-18,Lake,033,64148,7043,6976,167,7143,115
2021-12-18,Lassen,035,31185,7097,7061,427,7488,55
2021-12-18,Los Angeles,037,10098052,1512533,1484840,57795,1542635,27135
2021-12-18,Madera,039,155013,24827,24575,2366,26941,313
2021-12-18,Marin,041,260295,18949,18537,573,19110,249
2021-12-18,Mariposa,043,17540,1493,1468,62,1530,6
2021-12-18,Mendocino,045,87422,8365,8219,699,8918,95
2021-12-18,Merced,047,269075,44083,43929,2199,46128,686
2021-12-18,Modoc,049,8938,598,595,203,798,6
2021-12-18,Mono,051,14174,1987,1956,22,1978,4
2021-12-18,Monterey,053,433212,50884,49343,3417,52760,635
2021-12-18,Napa,055,140530,13758,13581,135,13716,107
2021-12-18,Nevada,057,99092,10155,9991,352,10343,108
2021-12-18,Orange,059,3164182,322456,318149,16731,334880,5844
2021-12-18,Placer,061,380077,39921,39336,3969,43305,485
2021-12-18,Plumas,063,18699,2024,1964,50,2014,13
2021-12-18,Riverside,065,2383286,386003,379354,16859,396213,5439
2021-12-18,Sacramento,067,1510023,169098,167046,5180,172226,2404
2021-12-18,San Benito,069,59416,7931,7894,183,8077,79
2021-12-18,San Bernardino,071,2135413,376933,371658,12026,383684,6017
2021-12-18,San Diego,073,3302833,402568,397130,23487,420617,4399
2021-12-18,San Francisco,075,870044,57872,55562,2562,58124,679
2021-12-18,San Joaquin,077,732212,104791,103698,5695,109393,1858
2021-12-18,San Luis Obispo,079,281455,31387,30873,1392,32265,365
2021-12-18,San Mateo,081,765935,57760,55730,1039,56769,580
2021-12-18,Santa Barbara,083,443738,47387,46776,1652,48428,562
2021-12-18,Santa Clara,085,1922200,156833,154243,1790,156033,1946
2021-12-18,Santa Cruz,087,273765,22223,21805,1057,22862,225
2021-12-18,Shasta,089,179085,22977,22811,3734,26545,429
2021-12-18,Sierra,091,2930,204,199,21,220,0
2021-12-18,Siskiyou,093,43540,3510,3441,1373,4814,58
2021-12-18,Solano,095,438530,48096,47174,1392,48566,369
2021-12-18,Sonoma,097,501317,44379,43658,605,44263,407
2021-12-18,Stanislaus,099,539301,82725,82736,9398,92134,1330
2021-12-18,Sutter,101,95872,14474,14435,413,14848,190
2021-12-18,Tehama,103,63373,8919,8814,1549,10363,136
2021-12-18,Trinity,105,12862,913,823,220,1043,17
2021-12-18,Tulare,107,460477,72078,70922,16455,87377,1120
2021-12-18,Tuolumne,109,53932,7922,7834,116,7950,91
2021-12-18,Ventura,111,848112,103308,101612,4529,106141,1201
2021-12-18,Yolo,113,214977,21152,20793,1230,22023,267
2021-12-18,Yuba,115,75493,10723,10599,405,11004,96
2021-12-17,Alameda,001,1643700,126382,124583,3007,127590,1512
2021-12-17,Alpine,003,1148,110,110,0,110,0
2021-12-17,Amador,005,37829,5845,5821,74,5895,69
2021-12-17,Butte,007,227075,22234,21956,4048,26004,328
2021-12-17,Calaveras,009,45235,4580,4534,64,4598,91
2021-12-17,Colusa,011,21464,2655,2635,684,3319,21
2021-12-17,Contra Costa,013,1133247,104628,103380,2388,105768,1065
2021-12-17,Del Norte,015,27424,3820,3791,56,3847,43
2021-12-17,El Dorado,017,186661,17282,16968,1834,18802,171
2021-12-17,Fresno,019,978130,148659,147038,13287,160325,2335
2021-12-17,Glenn,021,27897,3624,3590,1055,4645,39
2021-12-17,Humboldt,023,135768,10022,9889,735,10624,118
2021-12-17,Imperial,025,180216,36819,36280,3970,40250,790
2021-12-17,Inyo,027,18085,2633,2607,40,2647,47
2021-12-17,Kern,029,883053,135039,133754,24464,158218,1873
2021-12-17,Kings,031,150075,34126,33783,2048,35831,374
2021-12-17,Lake,033,64148,7039,6976,167,7143,115
2021-12-17,Lassen,035,31185,7097,7061,426,7487,55
2021-12-17,Los Angeles,037,10098052,1508593,1484840,57556,1542396,27135
2021-12-17,Madera,039,155013,24811,24575,2361,26936,313
2021-12-17,Marin,041,260295,18873,18537,569,19106,249
2021-12-17,Mariposa,043,17540,1489,1468,62,1530,6
2021-12-17,Mendocino,045,87422,8354,8219,699,8918,95
2021-12-17,Merced,047,269075,44057,43929,2198,46127,686
2021-12-17,Modoc,049,8938,598,595,203,798,6
2021-12-17,Mono,051,14174,1984,1956,22,1978,4
2021-12-17,Monterey,053,433212,50826,49343,3412,52755,635
2021-12-17,Napa,055,140530,13731,13581,134,13715,107
2021-12-17,Nevada,057,99092,10144,9991,352,10343,108
2021-12-17,Orange,059,3164182,321894,318149,16663,334812,5844
2021-12-17,Placer,061,380077,39866,39336,3963,43299,485
2021-12-17,Plumas,063,18699,2023,1964,50,2014,13
2021-12-17,Riverside,065,2383286,385351,379354,16849,396203,5439
2021-12-17,Sacramento,067,1510023,168865,167046,5167,172213,2404
2021-12-17,San Benito,069,59416,7929,7894,183,8077,79
2021-12-17,San Bernardino,071,2135413,376373,371658,12009,383667,6017
2021-12-17,San Diego,073,3302833,401639,397130,23439,420569,4399
2021-12-17,San Francisco,075,870044,57545,55562,2532,58094,679
2021-12-17,San Joaquin,077,732212,104716,103698,5678,109376,1858
2021-12-17,San Luis Obispo,079,281455,31358,30873,1388,32261,365
2021-12-17,San Mateo,081,765935,57572,55730,1032,56762,580
2021-12-17,Santa Barbara,083,443738,47310,46776,1646,48422,562
2021-12-17,Santa Clara,085,1922200,156461,154243,1776,156019,1946
2021-12-17,Santa Cruz,087,273765,22176,21805,1053,22858,225
2021-12-17,Shasta,089,179085,22965,22811,3732,26543,429
2021-12-17,Sierra,091,2930,203,199,21,220,0
2021-12-17,Siskiyou,093,43540,3506,3441,1371,4812,58
2021-12-17,Solano,095,438530,48028,47174,1388,48562,369
2021-12-17,Sonoma,097,501317,44282,43658,602,44260,407
2021-12-17,Stanislaus,099,539301,82674,82736,9391,92127,1330
2021-12-17,Sutter,101,95872,14462,14435,411,14846,190
2021-12-17,Tehama,103,63373,8912,8814,1548,10362,136
2021-12-17,Trinity,105,12862,913,823,220,1043,17
2021-12-17,Tulare,107,460477,72036,70922,16425,87347,1120
2021-12-17,Tuolumne,109,53932,7910,7834,116,7950,91
2021-12-17,Ventura,111,848112,103058,101612,4517,106129,1201
2021-12-17,Yolo,113,214977,21119,20793,1225,22018,267
2021-12-17,Yuba,115,75493,10712,10599,403,11002,96
2021-12-16,Alameda,001,1643700,126004,124583,2992,127575,1512
2021-12-16,Alpine,003,1148,108,110,0,110,0
2021-12-16,Amador,005,37829,5837,5821,74,5895,69
2021-12-16,Butte,007,227075,22214,21956,4044,26000,328
2021-12-16,Calaveras,009,45235,4573,4534,64,4598,91
2021-12-16,Colusa,011,21464,2655,2635,684,3319,21
2021-12-16,Contra Costa,013,1133247,104405,103380,2378,105758,1065
2021-12-16,Del Norte,015,27424,3817,3791,56,3847,43
2021-12-16,El Dorado,017,186661,17247,16968,1829,18797,171
2021-12-16,Fresno,019,978130,148500,147038,13280,160318,2335
2021-12-16,Glenn,021,27897,3623,3590,1052,4642,39
2021-12-16,Humboldt,023,135768,9998,9889,725,10614,118
2021-12-16,Imperial,025,180216,36735,36280,3942,40222,790
2021-12-16,Inyo,027,18085,2629,2607,39,2646,47
2021-12-16,Kern,029,883053,134895,133754,24415,158169,1873
2021-12-16,Kings,031,150075,34102,33783,2047,35830,374
2021-12-16,Lake,033,64148,7035,6976,167,7143,115
2021-12-16,Lassen,035,31185,7094,7061,425,7486,55
2021-12-16,Los Angeles,037,10098052,1504378,1484840,57291,1542131,27135
2021-12-16,Madera,039,155013,24782,24575,2357,26932,313
2021-12-16,Marin,041,260295,18827,18537,562,19099,249
2021-12-16,Mariposa,043,17540,1487,1468,62,1530,6
2021-12-16,Mendocino,045,87422,8343,8219,694,8913,95
2021-12-16,Merced,047,269075,44018,43929,2197,46126,686
2021-12-16,Modoc,049,8938,598,595,203,798,6
2021-12-16,Mono,051,14174,1981,1956,22,1978,4
2021-12-16,Monterey,053,433212,50755,49343,3395,52738,635
2021-12-16,Napa,055,140530,13699,13581,134,13715,107
2021-12-16,Nevada,057,99092,10118,9991,352,10343,108
2021-12-16,Orange,059,3164182,321284,318149,16585,334734,5844
2021-12-16,Placer,061,380077,39789,39336,3958,43294,485
2021-12-16,Plumas,063,18699,2023,1964,50,2014,13
2021-12-16,Riverside,065,2383286,384546,379354,16835,396189,5439
2021-12-16,Sacramento,067,1510023,168582,167046,5143,172189,2404
2021-12-16,San Benito,069,59416,7922,7894,183,8077,79
2021-12-16,San Bernardino,071,2135413,375707,371658,11990,383648,6017
2021-12-16,San Diego,073,3302833,400470,397130,23373,420503,4399
2021-12-16,San Francisco,075,870044,57168,55562,2510,58072,679
2021-12-16,San Joaquin,077,732212,104592,103698,5671,109369,1858
2021-12-16,San Luis Obispo,079,281455,31288,30873,1382,32255,365
2021-12-16,San Mateo,081,765935,57372,55730,1029,56759,580
2021-12-16,Santa Barbara,083,443738,47189,46776,1642,48418,562
2021-12-16,Santa Clara,085,1922200,156130,154243,1766,156009,1946
2021-12-16,Santa Cruz,087,273765,22130,21805,1052,22857,225
2021-12-16,Shasta,089,179085,22935,22811,3730,26541,429
2021-12-16,Sierra,091,2930,203,199,21,220,0
2021-12-16,Siskiyou,093,43540,3505,3441,1367,4808,58
2021-12-16,Solano,095,438530,47960,47174,1381,48555,369
2021-12-16,Sonoma,097,501317,44183,43658,600,44258,407
2021-12-16,Stanislaus,099,539301,82587,82736,9377,92113,1330
2021-12-16,Sutter,101,95872,14448,14435,410,14845,190
2021-12-16,Tehama,103,63373,8905,8814,1547,10361,136
2021-12-16,Trinity,105,12862,913,823,220,1043,17
2021-12-16,Tulare,107,460477,71987,70922,16400,87322,1120
2021-12-16,Tuolumne,109,53932,7889,7834,116,7950,91
2021-12-16,Ventura,111,848112,102791,101612,4510,106122,1201
2021-12-16,Yolo,113,214977,21068,20793,1220,22013,267
2021-12-16,Yuba,115,75493,10696,10599,402,11001,96
2021-12-15,Alameda,001,1643700,125677,124342,2981,127323,1509
2021-12-15,Alpine,003,1148,108,109,0,109,0
2021-12-15,Amador,005,37829,5831,5810,74,5884,69
2021-12-15,Butte,007,227075,22190,21922,4043,25965,327
2021-12-15,Calaveras,009,45235,4567,4523,64,4587,89
2021-12-15,Colusa,011,21464,2654,2632,683,3315,21
2021-12-15,Contra Costa,013,1133247,104186,103236,2375,105611,1064
2021-12-15,Del Norte,015,27424,3816,3789,55,3844,43
2021-12-15,El Dorado,017,186661,17217,16936,1823,18759,171
2021-12-15,Fresno,019,978130,148373,146859,13266,160125,2319
2021-12-15,Glenn,021,27897,3623,3589,1052,4641,39
2021-12-15,Humboldt,023,135768,9978,9854,724,10578,118
2021-12-15,Imperial,025,180216,36655,36187,3898,40085,789
2021-12-15,Inyo,027,18085,2624,2606,39,2645,47
2021-12-15,Kern,029,883053,134756,133590,24369,157959,1866
2021-12-15,Kings,031,150075,34073,33716,2043,35759,374
2021-12-15,Lake,033,64148,7027,6968,166,7134,115
2021-12-15,Lassen,035,31185,7094,7062,425,7487,55
2021-12-15,Los Angeles,037,10098052,1500483,1482735,57098,1539833,27116
2021-12-15,Madera,039,155013,24764,24549,2351,26900,313
2021-12-15,Marin,041,260295,18768,18514,557,19071,249
2021-12-15,Mariposa,043,17540,1484,1463,62,1525,6
2021-12-15,Mendocino,045,87422,8338,8209,691,8900,95
2021-12-15,Merced,047,269075,43976,43890,2185,46075,685
2021-12-15,Modoc,049,8938,598,595,203,798,6
2021-12-15,Mono,051,14174,1977,1955,22,1977,4
2021-12-15,Monterey,053,433212,50700,49279,3377,52656,635
2021-12-15,Napa,055,140530,13670,13557,132,13689,107
2021-12-15,Nevada,057,99092,10097,9958,352,10310,107
2021-12-15,Orange,059,3164182,320706,317808,16543,334351,5838
2021-12-15,Placer,061,380077,39733,39264,3948,43212,485
2021-12-15,Plumas,063,18699,2019,1957,50,2007,12
2021-12-15,Riverside,065,2383286,383826,378769,16824,395593,5438
2021-12-15,Sacramento,067,1510023,168274,166793,5123,171916,2401
2021-12-15,San Benito,069,59416,7907,7877,183,8060,79
2021-12-15,San Bernardino,071,2135413,375141,371122,11957,383079,6013
2021-12-15,San Diego,073,3302833,399275,396546,23303,419849,4395
2021-12-15,San Francisco,075,870044,56850,55414,2492,57906,679
2021-12-15,San Joaquin,077,732212,104435,103579,5661,109240,1853
2021-12-15,San Luis Obispo,079,281455,31239,30784,1375,32159,365
2021-12-15,San Mateo,081,765935,57230,55657,1019,56676,580
2021-12-15,Santa Barbara,083,443738,47108,46681,1640,48321,562
2021-12-15,Santa Clara,085,1922200,155819,153928,1746,155674,1944
2021-12-15,Santa Cruz,087,273765,22090,21753,1045,22798,225
2021-12-15,Shasta,089,179085,22920,22778,3726,26504,427
2021-12-15,Sierra,091,2930,203,199,21,220,0
2021-12-15,Siskiyou,093,43540,3504,3434,1366,4800,58
2021-12-15,Solano,095,438530,47889,47098,1375,48473,367
2021-12-15,Sonoma,097,501317,44101,43580,595,44175,407
2021-12-15,Stanislaus,099,539301,82481,82628,9369,91997,1298
2021-12-15,Sutter,101,95872,14428,14428,409,14837,189
2021-12-15,Tehama,103,63373,8898,8806,1546,10352,136
2021-12-15,Trinity,105,12862,912,822,220,1042,17
2021-12-15,Tulare,107,460477,71936,70846,16371,87217,1120
2021-12-15,Tuolumne,109,53932,7880,7818,115,7933,91
2021-12-15,Ventura,111,848112,102576,101447,4504,105951,1199
2021-12-15,Yolo,113,214977,21040,20749,1215,21964,267
2021-12-15,Yuba,115,75493,10685,10587,401,10988,96
2021-12-14,Alameda,001,1643700,125346,124272,2969,127241,1506
2021-12-14,Alpine,003,1148,107,109,0,109,0
2021-12-14,Amador,005,37829,5825,5808,73,5881,69
2021-12-14,Butte,007,227075,22157,21901,4041,25942,326
2021-12-14,Calaveras,009,45235,4555,4517,64,4581,89
2021-12-14,Colusa,011,21464,2652,2628,683,3311,21
2021-12-14,Contra Costa,013,1133247,104002,103135,2371,105506,1064
2021-12-14,Del Norte,015,27424,3813,3788,55,3843,43
2021-12-14,El Dorado,017,186661,17182,16915,1821,18736,170
2021-12-14,Fresno,019,978130,148203,146756,13258,160014,2316
2021-12-14,Glenn,021,27897,3622,3589,1052,4641,39
2021-12-14,Humboldt,023,135768,9966,9836,716,10552,118
2021-12-14,Imperial,025,180216,36582,36049,3855,39904,789
2021-12-14,Inyo,027,18085,2623,2601,39,2640,46
2021-12-14,Kern,029,883053,134618,133498,24320,157818,1863
2021-12-14,Kings,031,150075,34036,33693,2040,35733,373
2021-12-14,Lake,033,64148,7018,6961,166,7127,115
2021-12-14,Lassen,035,31185,7093,7061,425,7486,55
2021-12-14,Los Angeles,037,10098052,1496819,1481131,56920,1538051,27099
2021-12-14,Madera,039,155013,24737,24535,2343,26878,313
2021-12-14,Marin,041,260295,18720,18491,555,19046,249
2021-12-14,Mariposa,043,17540,1481,1463,61,1524,6
2021-12-14,Mendocino,045,87422,8310,8206,689,8895,95
2021-12-14,Merced,047,269075,43930,43870,2183,46053,684
2021-12-14,Modoc,049,8938,597,595,203,798,6
2021-12-14,Mono,051,14174,1970,1955,22,1977,4
2021-12-14,Monterey,053,433212,50616,49237,3366,52603,635
2021-12-14,Napa,055,140530,13641,13528,132,13660,107
2021-12-14,Nevada,057,99092,10071,9956,351,10307,106
2021-12-14,Orange,059,3164182,320152,317465,16489,333954,5827
2021-12-14,Placer,061,380077,39658,39221,3943,43164,482
2021-12-14,Plumas,063,18699,2015,1950,48,1998,12
2021-12-14,Riverside,065,2383286,383133,378227,16807,395034,5427
2021-12-14,Sacramento,067,1510023,167964,166605,5100,171705,2394
2021-12-14,San Benito,069,59416,7888,7871,183,8054,79
2021-12-14,San Bernardino,071,2135413,374511,370604,11927,382531,6013
2021-12-14,San Diego,073,3302833,398136,395876,23252,419128,4393
2021-12-14,San Francisco,075,870044,56534,55278,2481,57759,679
2021-12-14,San Joaquin,077,732212,104289,103488,5644,109132,1848
2021-12-14,San Luis Obispo,079,281455,31179,30753,1371,32124,363
2021-12-14,San Mateo,081,765935,57066,55601,1012,56613,580
2021-12-14,Santa Barbara,083,443738,47006,46648,1636,48284,560
2021-12-14,Santa Clara,085,1922200,155497,153814,1733,155547,1945
2021-12-14,Santa Cruz,087,273765,22025,21737,1040,22777,225
2021-12-14,Shasta,089,179085,22893,22756,3725,26481,427
2021-12-14,Sierra,091,2930,201,199,21,220,0
2021-12-14,Siskiyou,093,43540,3499,3430,1365,4795,58
2021-12-14,Solano,095,438530,47842,47065,1369,48434,367
2021-12-14,Sonoma,097,501317,44018,43538,593,44131,407
2021-12-14,Stanislaus,099,539301,82395,82581,9353,91934,1293
2021-12-14,Sutter,101,95872,14416,14421,408,14829,189
2021-12-14,Tehama,103,63373,8894,8805,1546,10351,134
2021-12-14,Trinity,105,12862,912,821,220,1041,17
2021-12-14,Tulare,107,460477,71864,70803,16341,87144,1120
2021-12-14,Tuolumne,109,53932,7867,7815,115,7930,91
2021-12-14,Ventura,111,848112,102352,101343,4497,105840,1199
2021-12-14,Yolo,113,214977,21006,20734,1202,21936,267
2021-12-14,Yuba,115,75493,10668,10574,401,10975,92
2021-12-13,Alameda,001,1643700,125056,124174,2952,127126,1501
2021-12-13,Alpine,003,1148,107,109,0,109,0
2021-12-13,Amador,005,37829,5821,5797,73,5870,69
2021-12-13,Butte,007,227075,22133,21889,4037,25926,326
2021-12-13,Calaveras,009,45235,4548,4507,63,4570,89
2021-12-13,Colusa,011,21464,2650,2627,683,3310,21
2021-12-13,Contra Costa,013,1133247,103851,103041,2360,105401,1064
2021-12-13,Del Norte,015,27424,3809,3787,55,3842,42
2021-12-13,El Dorado,017,186661,17159,16896,1819,18715,170
2021-12-13,Fresno,019,978130,148052,146641,13248,159889,2312
2021-12-13,Glenn,021,27897,3617,3589,1050,4639,37
2021-12-13,Humboldt,023,135768,9937,9821,712,10533,118
2021-12-13,Imperial,025,180216,36498,35974,3834,39808,787
2021-12-13,Inyo,027,18085,2622,2592,39,2631,46
2021-12-13,Kern,029,883053,134492,133381,24267,157648,1863
2021-12-13,Kings,031,150075,33993,33680,2035,35715,372
2021-12-13,Lake,033,64148,7016,6958,164,7122,115
2021-12-13,Lassen,035,31185,7092,7057,425,7482,55
2021-12-13,Los Angeles,037,10098052,1494036,1480195,56759,1536954,27085
2021-12-13,Madera,039,155013,24708,24527,2338,26865,311
2021-12-13,Marin,041,260295,18660,18471,552,19023,249
2021-12-13,Mariposa,043,17540,1479,1462,61,1523,6
2021-12-13,Mendocino,045,87422,8297,8196,687,8883,95
2021-12-13,Merced,047,269075,43890,43848,2179,46027,682
2021-12-13,Modoc,049,8938,596,595,203,798,6
2021-12-13,Mono,051,14174,1963,1952,22,1974,4
2021-12-13,Monterey,053,433212,50564,49222,3347,52569,631
2021-12-13,Napa,055,140530,13628,13518,132,13650,107
2021-12-13,Nevada,057,99092,10052,9946,350,10296,106
2021-12-13,Orange,059,3164182,319682,317112,16436,333548,5824
2021-12-13,Placer,061,380077,39597,39168,3932,43100,481
2021-12-13,Plumas,063,18699,2011,1943,48,1991,12
2021-12-13,Riverside,065,2383286,382552,377728,16792,394520,5414
2021-12-13,Sacramento,067,1510023,167686,166439,5068,171507,2392
2021-12-13,San Benito,069,59416,7879,7856,183,8039,79
2021-12-13,San Bernardino,071,2135413,373929,370274,11919,382193,6011
2021-12-13,San Diego,073,3302833,397331,395266,23199,418465,4389
2021-12-13,San Francisco,075,870044,56264,55245,2468,57713,678
2021-12-13,San Joaquin,077,732212,104173,103449,5635,109084,1846
2021-12-13,San Luis Obispo,079,281455,31129,30746,1367,32113,363
2021-12-13,San Mateo,081,765935,56907,55569,1003,56572,580
2021-12-13,Santa Barbara,083,443738,46918,46608,1631,48239,560
2021-12-13,Santa Clara,085,1922200,155232,153672,1722,155394,1944
2021-12-13,Santa Cruz,087,273765,21970,21698,1037,22735,225
2021-12-13,Shasta,089,179085,22872,22731,3723,26454,426
2021-12-13,Sierra,091,2930,201,199,21,220,0
2021-12-13,Siskiyou,093,43540,3495,3426,1362,4788,57
2021-12-13,Solano,095,438530,47768,47045,1364,48409,365
2021-12-13,Sonoma,097,501317,43922,43492,591,44083,407
2021-12-13,Stanislaus,099,539301,82279,82507,9330,91837,1282
2021-12-13,Sutter,101,95872,14409,14408,408,14816,188
2021-12-13,Tehama,103,63373,8882,8800,1546,10346,134
2021-12-13,Trinity,105,12862,912,820,220,1040,17
2021-12-13,Tulare,107,460477,71806,70758,16317,87075,1114
2021-12-13,Tuolumne,109,53932,7856,7804,115,7919,91
2021-12-13,Ventura,111,848112,102127,101180,4486,105666,1197
2021-12-13,Yolo,113,214977,20957,20706,1197,21903,267
2021-12-13,Yuba,115,75493,10651,10570,401,10971,92
2021-12-12,Alameda,001,1643700,124774,124075,2940,127015,1503
2021-12-12,Alpine,003,1148,107,109,0,109,0
2021-12-12,Amador,005,37829,5813,5797,72,5869,69
2021-12-12,Butte,007,227075,22109,21874,4031,25905,326
2021-12-12,Calaveras,009,45235,4537,4501,63,4564,89
2021-12-12,Colusa,011,21464,2645,2627,680,3307,21
2021-12-12,Contra Costa,013,1133247,103664,102976,2358,105334,1065
2021-12-12,Del Norte,015,27424,3806,3793,55,3848,42
2021-12-12,El Dorado,017,186661,17123,16890,1811,18701,170
2021-12-12,Fresno,019,978130,147890,146518,13233,159751,2310
2021-12-12,Glenn,021,27897,3614,3589,1050,4639,37
2021-12-12,Humboldt,023,135768,9912,9804,705,10509,118
2021-12-12,Imperial,025,180216,36364,35926,3803,39729,787
2021-12-12,Inyo,027,18085,2617,2592,39,2631,46
2021-12-12,Kern,029,883053,134326,133314,24226,157540,1861
2021-12-12,Kings,031,150075,33942,33661,2033,35694,372
2021-12-12,Lake,033,64148,7009,6955,162,7117,115
2021-12-12,Lassen,035,31185,7091,7057,425,7482,55
2021-12-12,Los Angeles,037,10098052,1491124,1479054,56578,1535632,27074
2021-12-12,Madera,039,155013,24679,24493,2331,26824,311
2021-12-12,Marin,041,260295,18607,18451,548,18999,249
2021-12-12,Mariposa,043,17540,1478,1461,61,1522,6
2021-12-12,Mendocino,045,87422,8284,8190,686,8876,95
2021-12-12,Merced,047,269075,43857,43821,2172,45993,682
2021-12-12,Modoc,049,8938,596,595,202,797,6
2021-12-12,Mono,051,14174,1959,1947,22,1969,4
2021-12-12,Monterey,053,433212,50511,49192,3321,52513,631
2021-12-12,Napa,055,140530,13585,13508,130,13638,107
2021-12-12,Nevada,057,99092,10025,9938,349,10287,106
2021-12-12,Orange,059,3164182,319176,316918,16371,333289,5825
2021-12-12,Placer,061,380077,39532,39139,3926,43065,481
2021-12-12,Plumas,063,18699,2007,1942,46,1988,12
2021-12-12,Riverside,065,2383286,381875,377467,16767,394234,5414
2021-12-12,Sacramento,067,1510023,167419,166291,5047,171338,2392
2021-12-12,San Benito,069,59416,7859,7853,183,8036,79
2021-12-12,San Bernardino,071,2135413,373282,369977,11895,381872,6011
2021-12-12,San Diego,073,3302833,396436,393307,23161,416468,4378
2021-12-12,San Francisco,075,870044,56008,55180,2456,57636,678
2021-12-12,San Joaquin,077,732212,104034,103405,5625,109030,1846
2021-12-12,San Luis Obispo,079,281455,31076,30719,1365,32084,363
2021-12-12,San Mateo,081,765935,56790,55505,999,56504,580
2021-12-12,Santa Barbara,083,443738,46843,46586,1629,48215,560
2021-12-12,Santa Clara,085,1922200,154952,153452,1708,155160,1945
2021-12-12,Santa Cruz,087,273765,21921,21671,1035,22706,225
2021-12-12,Shasta,089,179085,22844,22732,3722,26454,426
2021-12-12,Sierra,091,2930,201,199,21,220,0
2021-12-12,Siskiyou,093,43540,3495,3424,1362,4786,57
2021-12-12,Solano,095,438530,47702,47021,1361,48382,365
2021-12-12,Sonoma,097,501317,43829,43424,588,44012,407
2021-12-12,Stanislaus,099,539301,82181,82460,9317,91777,1282
2021-12-12,Sutter,101,95872,14398,14396,408,14804,189
2021-12-12,Tehama,103,63373,8871,8796,1544,10340,134
2021-12-12,Trinity,105,12862,910,820,220,1040,17
2021-12-12,Tulare,107,460477,71729,70733,16275,87008,1115
2021-12-12,Tuolumne,109,53932,7839,7794,115,7909,91
2021-12-12,Ventura,111,848112,101934,101105,4472,105577,1197
2021-12-12,Yolo,113,214977,20907,20685,1185,21870,267
2021-12-12,Yuba,115,75493,10637,10565,398,10963,92
2021-12-11,Alameda,001,1643700,124636,123572,2938,126510,1496
2021-12-11,Alpine,003,1148,107,109,0,109,0
2021-12-11,Amador,005,37829,5808,5787,72,5859,69
2021-12-11,Butte,007,227075,22095,21819,4029,25848,326
2021-12-11,Calaveras,009,45235,4529,4469,62,4531,89
2021-12-11,Colusa,011,21464,2641,2619,679,3298,21
2021-12-11,Contra Costa,013,1133247,103578,102618,2356,104974,1061
2021-12-11,Del Norte,015,27424,3806,3778,55,3833,42
2021-12-11,El Dorado,017,186661,17103,16796,1810,18606,170
2021-12-11,Fresno,019,978130,147803,145988,13224,159212,2294
2021-12-11,Glenn,021,27897,3613,3585,1050,4635,37
2021-12-11,Humboldt,023,135768,9895,9721,702,10423,118
2021-12-11,Imperial,025,180216,36306,35635,3794,39429,782
2021-12-11,Inyo,027,18085,2612,2576,39,2615,46
2021-12-11,Kern,029,883053,134257,132852,24192,157044,1854
2021-12-11,Kings,031,150075,33929,33530,2031,35561,371
2021-12-11,Lake,033,64148,7008,6932,160,7092,114
2021-12-11,Lassen,035,31185,7090,7049,425,7474,55
2021-12-11,Los Angeles,037,10098052,1489910,1474030,56487,1530517,27031
2021-12-11,Madera,039,155013,24673,24417,2330,26747,311
2021-12-11,Marin,041,260295,18574,18339,545,18884,249
2021-12-11,Mariposa,043,17540,1477,1450,61,1511,6
2021-12-11,Mendocino,045,87422,8277,8130,686,8816,95
2021-12-11,Merced,047,269075,43838,43690,2171,45861,681
2021-12-11,Modoc,049,8938,596,594,202,796,6
2021-12-11,Mono,051,14174,1955,1926,22,1948,4
2021-12-11,Monterey,053,433212,50483,49008,3318,52326,631
2021-12-11,Napa,055,140530,13568,13459,130,13589,107
2021-12-11,Nevada,057,99092,10012,9880,349,10229,106
2021-12-11,Orange,059,3164182,318926,315759,16344,332103,5805
2021-12-11,Placer,061,380077,39474,38959,3919,42878,481
2021-12-11,Plumas,063,18699,2001,1934,46,1980,12
2021-12-11,Riverside,065,2383286,381455,375649,16752,392401,5408
2021-12-11,Sacramento,067,1510023,167288,165530,5040,170570,2386
2021-12-11,San Benito,069,59416,7845,7808,183,7991,79
2021-12-11,San Bernardino,071,2135413,372918,368145,11885,380030,6007
2021-12-11,San Diego,073,3302833,396013,392274,23123,415397,4374
2021-12-11,San Francisco,075,870044,55855,54869,2451,57320,678
2021-12-11,San Joaquin,077,732212,103973,103013,5621,108634,1842
2021-12-11,San Luis Obispo,079,281455,31054,30567,1361,31928,362
2021-12-11,San Mateo,081,765935,56711,55284,997,56281,580
2021-12-11,Santa Barbara,083,443738,46808,46309,1629,47938,559
2021-12-11,Santa Clara,085,1922200,154754,152846,1696,154542,1941
2021-12-11,Santa Cruz,087,273765,21897,21557,1035,22592,225
2021-12-11,Shasta,089,179085,22829,22660,3718,26378,419
2021-12-11,Sierra,091,2930,201,199,21,220,0
2021-12-11,Siskiyou,093,43540,3489,3418,1359,4777,57
2021-12-11,Solano,095,438530,47673,46891,1357,48248,365
2021-12-11,Sonoma,097,501317,43781,43227,588,43815,407
2021-12-11,Stanislaus,099,539301,82132,82133,9308,91441,1264
2021-12-11,Sutter,101,95872,14389,14354,408,14762,187
2021-12-11,Tehama,103,63373,8868,8776,1542,10318,134
2021-12-11,Trinity,105,12862,910,819,220,1039,17
2021-12-11,Tulare,107,460477,71685,70523,16265,86788,1103
2021-12-11,Tuolumne,109,53932,7830,7760,115,7875,91
2021-12-11,Ventura,111,848112,101859,100711,4465,105176,1195
2021-12-11,Yolo,113,214977,20888,20608,1181,21789,267
2021-12-11,Yuba,115,75493,10625,10519,397,10916,92
2021-12-10,Alameda,001,1643700,124512,123572,2930,126502,1496
2021-12-10,Alpine,003,1148,106,109,0,109,0
2021-12-10,Amador,005,37829,5801,5787,72,5859,69
2021-12-10,Butte,007,227075,22082,21819,4027,25846,326
2021-12-10,Calaveras,009,45235,4526,4469,62,4531,89
2021-12-10,Colusa,011,21464,2640,2619,679,3298,21
2021-12-10,Contra Costa,013,1133247,103482,102618,2355,104973,1061
2021-12-10,Del Norte,015,27424,3806,3778,55,3833,42
2021-12-10,El Dorado,017,186661,17090,16796,1810,18606,170
2021-12-10,Fresno,019,978130,147715,145988,13213,159201,2294
2021-12-10,Glenn,021,27897,3613,3585,1050,4635,37
2021-12-10,Humboldt,023,135768,9878,9721,700,10421,118
2021-12-10,Imperial,025,180216,36251,35635,3779,39414,782
2021-12-10,Inyo,027,18085,2609,2576,39,2615,46
2021-12-10,Kern,029,883053,134168,132852,24168,157020,1854
2021-12-10,Kings,031,150075,33914,33530,2029,35559,371
2021-12-10,Lake,033,64148,7001,6932,160,7092,114
2021-12-10,Lassen,035,31185,7089,7049,425,7474,55
2021-12-10,Los Angeles,037,10098052,1488822,1474030,56400,1530430,27031
2021-12-10,Madera,039,155013,24655,24417,2328,26745,311
2021-12-10,Marin,041,260295,18552,18339,545,18884,249
2021-12-10,Mariposa,043,17540,1474,1450,61,1511,6
2021-12-10,Mendocino,045,87422,8270,8130,685,8815,95
2021-12-10,Merced,047,269075,43820,43690,2169,45859,681
2021-12-10,Modoc,049,8938,596,594,202,796,6
2021-12-10,Mono,051,14174,1952,1926,22,1948,4
2021-12-10,Monterey,053,433212,50446,49008,3312,52320,631
2021-12-10,Napa,055,140530,13556,13459,129,13588,107
2021-12-10,Nevada,057,99092,10003,9880,349,10229,106
2021-12-10,Orange,059,3164182,318659,315759,16312,332071,5805
2021-12-10,Placer,061,380077,39431,38959,3916,42875,481
2021-12-10,Plumas,063,18699,1999,1934,46,1980,12
2021-12-10,Riverside,065,2383286,381048,375649,16742,392391,5408
2021-12-10,Sacramento,067,1510023,167135,165530,5038,170568,2386
2021-12-10,San Benito,069,59416,7841,7808,183,7991,79
2021-12-10,San Bernardino,071,2135413,372546,368145,11862,380007,6007
2021-12-10,San Diego,073,3302833,395533,392274,23109,415383,4374
2021-12-10,San Francisco,075,870044,55770,54869,2445,57314,678
2021-12-10,San Joaquin,077,732212,103918,103013,5617,108630,1842
2021-12-10,San Luis Obispo,079,281455,31044,30567,1358,31925,362
2021-12-10,San Mateo,081,765935,56654,55284,994,56278,580
2021-12-10,Santa Barbara,083,443738,46771,46309,1628,47937,559
2021-12-10,Santa Clara,085,1922200,154584,152846,1683,154529,1941
2021-12-10,Santa Cruz,087,273765,21877,21557,1034,22591,225
2021-12-10,Shasta,089,179085,22818,22660,3715,26375,419
2021-12-10,Sierra,091,2930,201,199,21,220,0
2021-12-10,Siskiyou,093,43540,3482,3418,1359,4777,57
2021-12-10,Solano,095,438530,47631,46891,1353,48244,365
2021-12-10,Sonoma,097,501317,43747,43227,587,43814,407
2021-12-10,Stanislaus,099,539301,82066,82133,9302,91435,1264
2021-12-10,Sutter,101,95872,14381,14354,408,14762,187
2021-12-10,Tehama,103,63373,8866,8776,1540,10316,134
2021-12-10,Trinity,105,12862,910,819,220,1039,17
2021-12-10,Tulare,107,460477,71656,70523,16241,86764,1103
2021-12-10,Tuolumne,109,53932,7824,7760,115,7875,91
2021-12-10,Ventura,111,848112,101755,100711,4462,105173,1195
2021-12-10,Yolo,113,214977,20874,20608,1179,21787,267
2021-12-10,Yuba,115,75493,10613,10519,396,10915,92
2021-12-09,Alameda,001,1643700,124369,123572,2925,126497,1496
2021-12-09,Alpine,003,1148,106,109,0,109,0
2021-12-09,Amador,005,37829,5798,5787,71,5858,69
2021-12-09,Butte,007,227075,22062,21819,4023,25842,326
2021-12-09,Calaveras,009,45235,4517,4469,62,4531,89
2021-12-09,Colusa,011,21464,2638,2619,679,3298,21
2021-12-09,Contra Costa,013,1133247,103363,102618,2349,104967,1061
2021-12-09,Del Norte,015,27424,3805,3778,55,3833,42
2021-12-09,El Dorado,017,186661,17062,16796,1805,18601,170
2021-12-09,Fresno,019,978130,147568,145988,13201,159189,2294
2021-12-09,Glenn,021,27897,3613,3585,1050,4635,37
2021-12-09,Humboldt,023,135768,9855,9721,699,10420,118
2021-12-09,Imperial,025,180216,36180,35635,3750,39385,782
2021-12-09,Inyo,027,18085,2607,2576,39,2615,46
2021-12-09,Kern,029,883053,134042,132852,24135,156987,1854
2021-12-09,Kings,031,150075,33887,33530,2026,35556,371
2021-12-09,Lake,033,64148,6993,6932,160,7092,114
2021-12-09,Lassen,035,31185,7087,7049,425,7474,55
2021-12-09,Los Angeles,037,10098052,1487282,1474030,56315,1530345,27031
2021-12-09,Madera,039,155013,24630,24417,2325,26742,311
2021-12-09,Marin,041,260295,18538,18339,543,18882,249
2021-12-09,Mariposa,043,17540,1473,1450,61,1511,6
2021-12-09,Mendocino,045,87422,8257,8130,682,8812,95
2021-12-09,Merced,047,269075,43782,43690,2157,45847,681
2021-12-09,Modoc,049,8938,596,594,202,796,6
2021-12-09,Mono,051,14174,1948,1926,22,1948,4
2021-12-09,Monterey,053,433212,50399,49008,3301,52309,631
2021-12-09,Napa,055,140530,13536,13459,125,13584,107
2021-12-09,Nevada,057,99092,9984,9880,349,10229,106
2021-12-09,Orange,059,3164182,318323,315759,16273,332032,5805
2021-12-09,Placer,061,380077,39387,38959,3903,42862,481
2021-12-09,Plumas,063,18699,1991,1934,46,1980,12
2021-12-09,Riverside,065,2383286,380498,375649,16726,392375,5408
2021-12-09,Sacramento,067,1510023,166914,165530,5023,170553,2386
2021-12-09,San Benito,069,59416,7829,7808,182,7990,79
2021-12-09,San Bernardino,071,2135413,372034,368145,11838,379983,6007
2021-12-09,San Diego,073,3302833,394886,392274,23079,415353,4374
2021-12-09,San Francisco,075,870044,55685,54869,2438,57307,678
2021-12-09,San Joaquin,077,732212,103826,103013,5611,108624,1842
2021-12-09,San Luis Obispo,079,281455,31016,30567,1356,31923,362
2021-12-09,San Mateo,081,765935,56566,55284,992,56276,580
2021-12-09,Santa Barbara,083,443738,46691,46309,1622,47931,559
2021-12-09,Santa Clara,085,1922200,154369,152846,1672,154518,1941
2021-12-09,Santa Cruz,087,273765,21849,21557,1034,22591,225
2021-12-09,Shasta,089,179085,22802,22660,3714,26374,419
2021-12-09,Sierra,091,2930,201,199,21,220,0
2021-12-09,Siskiyou,093,43540,3478,3418,1358,4776,57
2021-12-09,Solano,095,438530,47594,46891,1351,48242,365
2021-12-09,Sonoma,097,501317,43690,43227,585,43812,407
2021-12-09,Stanislaus,099,539301,81996,82133,9287,91420,1264
2021-12-09,Sutter,101,95872,14366,14354,408,14762,187
2021-12-09,Tehama,103,63373,8859,8776,1538,10314,134
2021-12-09,Trinity,105,12862,910,819,220,1039,17
2021-12-09,Tulare,107,460477,71601,70523,16212,86735,1103
2021-12-09,Tuolumne,109,53932,7813,7760,114,7874,91
2021-12-09,Ventura,111,848112,101610,100711,4450,105161,1195
2021-12-09,Yolo,113,214977,20851,20608,1171,21779,267
2021-12-09,Yuba,115,75493,10605,10519,393,10912,92
2021-12-08,Alameda,001,1643700,124219,123438,2915,126353,1496
2021-12-08,Alpine,003,1148,106,108,0,108,0
2021-12-08,Amador,005,37829,5793,5781,71,5852,69
2021-12-08,Butte,007,227075,22045,21780,4020,25800,326
2021-12-08,Calaveras,009,45235,4509,4455,62,4517,89
2021-12-08,Colusa,011,21464,2635,2619,678,3297,21
2021-12-08,Contra Costa,013,1133247,103234,102506,2349,104855,1058
2021-12-08,Del Norte,015,27424,3804,3767,55,3822,42
2021-12-08,El Dorado,017,186661,17030,16757,1805,18562,170
2021-12-08,Fresno,019,978130,147407,145830,13187,159017,2293
2021-12-08,Glenn,021,27897,3613,3584,1046,4630,37
2021-12-08,Humboldt,023,135768,9834,9704,697,10401,117
2021-12-08,Imperial,025,180216,36099,35537,3720,39257,782
2021-12-08,Inyo,027,18085,2604,2570,39,2609,46
2021-12-08,Kern,029,883053,133919,132709,24087,156796,1846
2021-12-08,Kings,031,150075,33853,33468,2025,35493,371
2021-12-08,Lake,033,64148,6987,6927,159,7086,114
2021-12-08,Lassen,035,31185,7086,7041,423,7464,55
2021-12-08,Los Angeles,037,10098052,1485735,1472410,56205,1528615,27018
2021-12-08,Madera,039,155013,24609,24396,2318,26714,311
2021-12-08,Marin,041,260295,18517,18305,540,18845,249
2021-12-08,Mariposa,043,17540,1470,1447,61,1508,6
2021-12-08,Mendocino,045,87422,8244,8118,681,8799,95
2021-12-08,Merced,047,269075,43750,43631,2150,45781,680
2021-12-08,Modoc,049,8938,596,594,202,796,6
2021-12-08,Mono,051,14174,1942,1924,22,1946,4
2021-12-08,Monterey,053,433212,50334,48957,3286,52243,631
2021-12-08,Napa,055,140530,13522,13421,125,13546,107
2021-12-08,Nevada,057,99092,9968,9862,349,10211,106
2021-12-08,Orange,059,3164182,317976,315421,16236,331657,5795
2021-12-08,Placer,061,380077,39336,38934,3899,42833,478
2021-12-08,Plumas,063,18699,1989,1924,46,1970,12
2021-12-08,Riverside,065,2383286,379986,375099,16703,391802,5404
2021-12-08,Sacramento,067,1510023,166659,165278,4996,170274,2373
2021-12-08,San Benito,069,59416,7820,7793,182,7975,79
2021-12-08,San Bernardino,071,2135413,371553,367516,11813,379329,6006
2021-12-08,San Diego,073,3302833,394236,391676,23047,414723,4369
2021-12-08,San Francisco,075,870044,55598,54792,2430,57222,677
2021-12-08,San Joaquin,077,732212,103724,102877,5602,108479,1841
2021-12-08,San Luis Obispo,079,281455,30967,30519,1351,31870,361
2021-12-08,San Mateo,081,765935,56499,55220,986,56206,580
2021-12-08,Santa Barbara,083,443738,46636,46250,1619,47869,558
2021-12-08,Santa Clara,085,1922200,154205,152674,1661,154335,1937
2021-12-08,Santa Cruz,087,273765,21803,21505,1032,22537,224
2021-12-08,Shasta,089,179085,22782,22616,3708,26324,419
2021-12-08,Sierra,091,2930,201,199,21,220,0
2021-12-08,Siskiyou,093,43540,3477,3415,1356,4771,57
2021-12-08,Solano,095,438530,47564,46837,1350,48187,365
2021-12-08,Sonoma,097,501317,43628,43179,584,43763,405
2021-12-08,Stanislaus,099,539301,81915,82038,9274,91312,1264
2021-12-08,Sutter,101,95872,14350,14336,406,14742,187
2021-12-08,Tehama,103,63373,8850,8768,1538,10306,133
2021-12-08,Trinity,105,12862,910,818,220,1038,17
2021-12-08,Tulare,107,460477,71538,70472,16187,86659,1102
2021-12-08,Tuolumne,109,53932,7800,7749,114,7863,91
2021-12-08,Ventura,111,848112,101481,100647,4447,105094,1194
2021-12-08,Yolo,113,214977,20825,20575,1165,21740,267
2021-12-08,Yuba,115,75493,10591,10499,390,10889,92
2021-12-07,Alameda,001,1643700,124044,123325,2907,126232,1497
2021-12-07,Alpine,003,1148,106,108,0,108,0
2021-12-07,Amador,005,37829,5790,5778,70,5848,69
2021-12-07,Butte,007,227075,22020,21761,4014,25775,324
2021-12-07,Calaveras,009,45235,4492,4445,62,4507,88
2021-12-07,Colusa,011,21464,2633,2619,678,3297,21
2021-12-07,Contra Costa,013,1133247,103115,102421,2341,104762,1058
2021-12-07,Del Norte,015,27424,3803,3766,55,3821,42
2021-12-07,El Dorado,017,186661,17004,16742,1802,18544,170
2021-12-07,Fresno,019,978130,147259,145715,13173,158888,2289
2021-12-07,Glenn,021,27897,3612,3579,1046,4625,36
2021-12-07,Humboldt,023,135768,9808,9693,692,10385,117
2021-12-07,Imperial,025,180216,36021,35502,3699,39201,778
2021-12-07,Inyo,027,18085,2601,2567,39,2606,46
2021-12-07,Kern,029,883053,133759,132564,24034,156598,1838
2021-12-07,Kings,031,150075,33821,33441,2022,35463,372
2021-12-07,Lake,033,64148,6982,6925,159,7084,113
2021-12-07,Lassen,035,31185,7084,7040,422,7462,55
2021-12-07,Los Angeles,037,10098052,1483958,1470904,56105,1527009,27007
2021-12-07,Madera,039,155013,24586,24367,2311,26678,311
2021-12-07,Marin,041,260295,18484,18284,534,18818,249
2021-12-07,Mariposa,043,17540,1468,1446,61,1507,6
2021-12-07,Mendocino,045,87422,8225,8107,681,8788,95
2021-12-07,Merced,047,269075,43709,43600,2143,45743,675
2021-12-07,Modoc,049,8938,596,594,201,795,6
2021-12-07,Mono,051,14174,1940,1921,22,1943,4
2021-12-07,Monterey,053,433212,50251,48880,3269,52149,631
2021-12-07,Napa,055,140530,13504,13409,125,13534,107
2021-12-07,Nevada,057,99092,9953,9858,348,10206,105
2021-12-07,Orange,059,3164182,317642,315138,16187,331325,5784
2021-12-07,Placer,061,380077,39260,38860,3895,42755,474
2021-12-07,Plumas,063,18699,1985,1915,46,1961,12
2021-12-07,Riverside,065,2383286,379453,374552,16687,391239,5397
2021-12-07,Sacramento,067,1510023,166412,165148,4982,170130,2375
2021-12-07,San Benito,069,59416,7803,7776,182,7958,78
2021-12-07,San Bernardino,071,2135413,370960,366981,11795,378776,6007
2021-12-07,San Diego,073,3302833,393393,391110,23009,414119,4357
2021-12-07,San Francisco,075,870044,55487,54729,2425,57154,676
2021-12-07,San Joaquin,077,732212,103607,102797,5590,108387,1839
2021-12-07,San Luis Obispo,079,281455,30927,30495,1349,31844,361
2021-12-07,San Mateo,081,765935,56407,55163,980,56143,580
2021-12-07,Santa Barbara,083,443738,46564,46205,1617,47822,556
2021-12-07,Santa Clara,085,1922200,154019,152465,1652,154117,1941
2021-12-07,Santa Cruz,087,273765,21756,21493,1032,22525,224
2021-12-07,Shasta,089,179085,22760,22594,3705,26299,418
2021-12-07,Sierra,091,2930,201,199,21,220,0
2021-12-07,Siskiyou,093,43540,3475,3412,1356,4768,57
2021-12-07,Solano,095,438530,47524,46812,1348,48160,365
2021-12-07,Sonoma,097,501317,43554,43154,583,43737,405
2021-12-07,Stanislaus,099,539301,81838,81980,9263,91243,1258
2021-12-07,Sutter,101,95872,14342,14322,405,14727,186
2021-12-07,Tehama,103,63373,8842,8765,1537,10302,133
2021-12-07,Trinity,105,12862,910,818,220,1038,17
2021-12-07,Tulare,107,460477,71482,70411,16159,86570,1103
2021-12-07,Tuolumne,109,53932,7792,7743,114,7857,91
2021-12-07,Ventura,111,848112,101384,100569,4437,105006,1194
2021-12-07,Yolo,113,214977,20799,20560,1162,21722,263
2021-12-07,Yuba,115,75493,10573,10491,389,10880,91
2021-12-06,Alameda,001,1643700,123877,123227,2904,126131,1496
2021-12-06,Alpine,003,1148,106,108,0,108,0
2021-12-06,Amador,005,37829,5783,5769,69,5838,67
2021-12-06,Butte,007,227075,22002,21732,4011,25743,321
2021-12-06,Calaveras,009,45235,4485,4443,62,4505,88
2021-12-06,Colusa,011,21464,2632,2615,674,3289,21
2021-12-06,Contra Costa,013,1133247,102994,102327,2337,104664,1058
2021-12-06,Del Norte,015,27424,3801,3744,55,3799,42
2021-12-06,El Dorado,017,186661,16979,16726,1800,18526,168
2021-12-06,Fresno,019,978130,147061,145539,13163,158702,2285
2021-12-06,Glenn,021,27897,3609,3577,1045,4622,36
2021-12-06,Humboldt,023,135768,9788,9671,685,10356,117
2021-12-06,Imperial,025,180216,35940,35453,3681,39134,778
2021-12-06,Inyo,027,18085,2595,2562,38,2600,46
2021-12-06,Kern,029,883053,133572,132366,23978,156344,1835
2021-12-06,Kings,031,150075,33788,33399,2017,35416,368
2021-12-06,Lake,033,64148,6978,6922,159,7081,113
2021-12-06,Lassen,035,31185,7079,7032,420,7452,51
2021-12-06,Los Angeles,037,10098052,1482295,1470059,56013,1526072,26993
2021-12-06,Madera,039,155013,24559,24334,2308,26642,307
2021-12-06,Marin,041,260295,18456,18252,532,18784,249
2021-12-06,Mariposa,043,17540,1465,1443,61,1504,6
2021-12-06,Mendocino,045,87422,8212,8079,677,8756,95
2021-12-06,Merced,047,269075,43669,43549,2133,45682,672
2021-12-06,Modoc,049,8938,596,593,201,794,6
2021-12-06,Mono,051,14174,1935,1913,22,1935,4
2021-12-06,Monterey,053,433212,50174,48831,3250,52081,626
2021-12-06,Napa,055,140530,13481,13387,123,13510,107
2021-12-06,Nevada,057,99092,9925,9847,347,10194,105
2021-12-06,Orange,059,3164182,317262,314859,16145,331004,5771
2021-12-06,Placer,061,380077,39202,38785,3890,42675,473
2021-12-06,Plumas,063,18699,1977,1913,46,1959,10
2021-12-06,Riverside,065,2383286,378927,374116,16673,390789,5388
2021-12-06,Sacramento,067,1510023,166136,164926,4961,169887,2367
2021-12-06,San Benito,069,59416,7787,7755,182,7937,78
2021-12-06,San Bernardino,071,2135413,370399,366606,11768,378374,5998
2021-12-06,San Diego,073,3302833,392547,390389,22964,413353,4352
2021-12-06,San Francisco,075,870044,55379,54659,2420,57079,674
2021-12-06,San Joaquin,077,732212,103480,102728,5583,108311,1837
2021-12-06,San Luis Obispo,079,281455,30890,30464,1347,31811,361
2021-12-06,San Mateo,081,765935,56333,55112,977,56089,580
2021-12-06,Santa Barbara,083,443738,46471,46146,1616,47762,556
2021-12-06,Santa Clara,085,1922200,153810,152310,1635,153945,1937
2021-12-06,Santa Cruz,087,273765,21721,21450,1029,22479,224
2021-12-06,Shasta,089,179085,22737,22556,3697,26253,416
2021-12-06,Sierra,091,2930,200,198,21,219,0
2021-12-06,Siskiyou,093,43540,3473,3409,1351,4760,57
2021-12-06,Solano,095,438530,47479,46748,1347,48095,360
2021-12-06,Sonoma,097,501317,43483,43114,575,43689,405
2021-12-06,Stanislaus,099,539301,81744,81889,9229,91118,1241
2021-12-06,Sutter,101,95872,14330,14319,405,14724,186
2021-12-06,Tehama,103,63373,8834,8760,1537,10297,133
2021-12-06,Trinity,105,12862,910,815,219,1034,17
2021-12-06,Tulare,107,460477,71405,70285,16120,86405,1101
2021-12-06,Tuolumne,109,53932,7778,7726,114,7840,91
2021-12-06,Ventura,111,848112,101282,100426,4429,104855,1194
2021-12-06,Yolo,113,214977,20775,20548,1161,21709,263
2021-12-06,Yuba,115,75493,10558,10480,384,10864,91
2021-12-05,Alameda,001,1643700,123692,123104,2897,126001,1496
2021-12-05,Alpine,003,1148,105,108,0,108,0
2021-12-05,Amador,005,37829,5780,5761,69,5830,67
2021-12-05,Butte,007,227075,21969,21720,4005,25725,320
2021-12-05,Calaveras,009,45235,4469,4434,62,4496,88
2021-12-05,Colusa,011,21464,2631,2615,673,3288,21
2021-12-05,Contra Costa,013,1133247,102862,102251,2327,104578,1058
2021-12-05,Del Norte,015,27424,3799,3751,55,3806,42
2021-12-05,El Dorado,017,186661,16941,16717,1795,18512,168
2021-12-05,Fresno,019,978130,146887,145452,13142,158594,2284
2021-12-05,Glenn,021,27897,3607,3577,1044,4621,36
2021-12-05,Humboldt,023,135768,9757,9662,682,10344,117
2021-12-05,Imperial,025,180216,35846,35422,3652,39074,778
2021-12-05,Inyo,027,18085,2588,2559,38,2597,46
2021-12-05,Kern,029,883053,133408,132286,23926,156212,1833
2021-12-05,Kings,031,150075,33725,33360,2017,35377,369
2021-12-05,Lake,033,64148,6973,6919,158,7077,113
2021-12-05,Lassen,035,31185,7077,7031,420,7451,51
2021-12-05,Los Angeles,037,10098052,1480445,1468937,55878,1524815,26991
2021-12-05,Madera,039,155013,24518,24311,2305,26616,307
2021-12-05,Marin,041,260295,18409,18216,524,18740,249
2021-12-05,Mariposa,043,17540,1462,1440,60,1500,6
2021-12-05,Mendocino,045,87422,8193,8069,671,8740,95
2021-12-05,Merced,047,269075,43625,43534,2124,45658,672
2021-12-05,Modoc,049,8938,596,593,201,794,6
2021-12-05,Mono,051,14174,1928,1907,22,1929,4
2021-12-05,Monterey,053,433212,50102,48813,3218,52031,626
2021-12-05,Napa,055,140530,13455,13382,120,13502,107
2021-12-05,Nevada,057,99092,9904,9827,346,10173,105
2021-12-05,Orange,059,3164182,316826,314560,16103,330663,5771
2021-12-05,Placer,061,380077,39144,38738,3881,42619,473
2021-12-05,Plumas,063,18699,1973,1913,45,1958,9
2021-12-05,Riverside,065,2383286,378269,373827,16643,390470,5388
2021-12-05,Sacramento,067,1510023,165831,164721,4943,169664,2367
2021-12-05,San Benito,069,59416,7770,7748,181,7929,78
2021-12-05,San Bernardino,071,2135413,369691,366282,11721,378003,5998
2021-12-05,San Diego,073,3302833,391752,387979,22915,410894,4351
2021-12-05,San Francisco,075,870044,55278,54603,2418,57021,674
2021-12-05,San Joaquin,077,732212,103339,102698,5578,108276,1837
2021-12-05,San Luis Obispo,079,281455,30820,30454,1344,31798,360
2021-12-05,San Mateo,081,765935,56244,55050,967,56017,580
2021-12-05,Santa Barbara,083,443738,46388,46097,1608,47705,555
2021-12-05,Santa Clara,085,1922200,153557,152114,1616,153730,1933
2021-12-05,Santa Cruz,087,273765,21671,21424,1029,22453,224
2021-12-05,Shasta,089,179085,22681,22550,3696,26246,416
2021-12-05,Sierra,091,2930,200,198,21,219,0
2021-12-05,Siskiyou,093,43540,3471,3409,1350,4759,57
2021-12-05,Solano,095,438530,47416,46715,1345,48060,360
2021-12-05,Sonoma,097,501317,43406,43038,570,43608,405
2021-12-05,Stanislaus,099,539301,81611,81847,9219,91066,1241
2021-12-05,Sutter,101,95872,14307,14303,400,14703,186
2021-12-05,Tehama,103,63373,8826,8755,1535,10290,133
2021-12-05,Trinity,105,12862,909,815,219,1034,17
2021-12-05,Tulare,107,460477,71324,70254,16072,86326,1102
2021-12-05,Tuolumne,109,53932,7765,7718,114,7832,91
2021-12-05,Ventura,111,848112,101146,100367,4416,104783,1194
2021-12-05,Yolo,113,214977,20733,20512,1159,21671,263
2021-12-05,Yuba,115,75493,10545,10467,377,10844,91
2021-12-04,Alameda,001,1643700,123579,122508,2894,125402,1494
2021-12-04,Alpine,003,1148,105,108,0,108,0
2021-12-04,Amador,005,37829,5777,5729,69,5798,67
2021-12-04,Butte,007,227075,21950,21638,4001,25639,318
2021-12-04,Calaveras,009,45235,4461,4392,61,4453,88
2021-12-04,Colusa,011,21464,2631,2600,671,3271,21
2021-12-04,Contra Costa,013,1133247,102790,101824,2321,104145,1056
2021-12-04,Del Norte,015,27424,3796,3726,55,3781,42
2021-12-04,El Dorado,017,186661,16932,16621,1794,18415,168
2021-12-04,Fresno,019,978130,146798,144734,13133,157867,2270
2021-12-04,Glenn,021,27897,3607,3559,1044,4603,36
2021-12-04,Humboldt,023,135768,9742,9596,678,10274,117
2021-12-04,Imperial,025,180216,35793,35206,3639,38845,776
2021-12-04,Inyo,027,18085,2583,2538,38,2576,46
2021-12-04,Kern,029,883053,133328,131771,23903,155674,1817
2021-12-04,Kings,031,150075,33701,33183,2016,35199,367
2021-12-04,Lake,033,64148,6964,6903,158,7061,113
2021-12-04,Lassen,035,31185,7076,7014,418,7432,51
2021-12-04,Los Angeles,037,10098052,1479569,1463270,55801,1519071,26952
2021-12-04,Madera,039,155013,24504,24188,2301,26489,307
2021-12-04,Marin,041,260295,18388,18075,523,18598,249
2021-12-04,Mariposa,043,17540,1458,1421,60,1481,6
2021-12-04,Mendocino,045,87422,8188,7981,671,8652,91
2021-12-04,Merced,047,269075,43598,43337,2122,45459,671
2021-12-04,Modoc,049,8938,596,591,201,792,6
2021-12-04,Mono,051,14174,1928,1883,22,1905,4
2021-12-04,Monterey,053,433212,50070,48682,3211,51893,626
2021-12-04,Napa,055,140530,13445,13327,119,13446,106
2021-12-04,Nevada,057,99092,9896,9752,346,10098,105
2021-12-04,Orange,059,3164182,316594,313112,16077,329189,5748
2021-12-04,Placer,061,380077,39104,38460,3875,42335,473
2021-12-04,Plumas,063,18699,1970,1903,45,1948,7
2021-12-04,Riverside,065,2383286,377910,371768,16637,388405,5381
2021-12-04,Sacramento,067,1510023,165687,163900,4935,168835,2365
2021-12-04,San Benito,069,59416,7744,7688,181,7869,78
2021-12-04,San Bernardino,071,2135413,369302,364154,11708,375862,5983
2021-12-04,San Diego,073,3302833,391272,386710,22885,409595,4350
2021-12-04,San Francisco,075,870044,55210,54286,2415,56701,674
2021-12-04,San Joaquin,077,732212,103284,102286,5576,107862,1835
2021-12-04,San Luis Obispo,079,281455,30799,30318,1340,31658,360
2021-12-04,San Mateo,081,765935,56195,54774,964,55738,579
2021-12-04,Santa Barbara,083,443738,46343,45774,1608,47382,555
2021-12-04,Santa Clara,085,1922200,153403,151275,1602,152877,1928
2021-12-04,Santa Cruz,087,273765,21645,21286,1028,22314,224
2021-12-04,Shasta,089,179085,22664,22418,3694,26112,414
2021-12-04,Sierra,091,2930,200,196,21,217,0
2021-12-04,Siskiyou,093,43540,3469,3398,1350,4748,57
2021-12-04,Solano,095,438530,47396,46529,1344,47873,360
2021-12-04,Sonoma,097,501317,43361,42778,567,43345,405
2021-12-04,Stanislaus,099,539301,81540,81462,9212,90674,1231
2021-12-04,Sutter,101,95872,14299,14258,399,14657,186
2021-12-04,Tehama,103,63373,8824,8742,1535,10277,131
2021-12-04,Trinity,105,12862,908,801,219,1020,17
2021-12-04,Tulare,107,460477,71286,70014,16044,86058,1100
2021-12-04,Tuolumne,109,53932,7760,7676,114,7790,91
2021-12-04,Ventura,111,848112,101055,99751,4412,104163,1192
2021-12-04,Yolo,113,214977,20710,20442,1157,21599,261
2021-12-04,Yuba,115,75493,10534,10418,376,10794,91
2021-12-03,Alameda,001,1643700,123486,122508,2884,125392,1494
2021-12-03,Alpine,003,1148,105,108,0,108,0
2021-12-03,Amador,005,37829,5772,5729,68,5797,67
2021-12-03,Butte,007,227075,21937,21638,3996,25634,318
2021-12-03,Calaveras,009,45235,4452,4392,61,4453,88
2021-12-03,Colusa,011,21464,2629,2600,671,3271,21
2021-12-03,Contra Costa,013,1133247,102717,101824,2315,104139,1056
2021-12-03,Del Norte,015,27424,3794,3726,55,3781,42
2021-12-03,El Dorado,017,186661,16902,16621,1792,18413,168
2021-12-03,Fresno,019,978130,146684,144734,13130,157864,2270
2021-12-03,Glenn,021,27897,3606,3559,1043,4602,36
2021-12-03,Humboldt,023,135768,9725,9596,676,10272,117
2021-12-03,Imperial,025,180216,35751,35206,3609,38815,776
2021-12-03,Inyo,027,18085,2576,2538,38,2576,46
2021-12-03,Kern,029,883053,133256,131771,23868,155639,1817
2021-12-03,Kings,031,150075,33674,33183,2016,35199,367
2021-12-03,Lake,033,64148,6964,6903,158,7061,113
2021-12-03,Lassen,035,31185,7074,7014,417,7431,51
2021-12-03,Los Angeles,037,10098052,1478623,1463270,55724,1518994,26952
2021-12-03,Madera,039,155013,24478,24188,2297,26485,307
2021-12-03,Marin,041,260295,18355,18075,519,18594,249
2021-12-03,Mariposa,043,17540,1456,1421,60,1481,6
2021-12-03,Mendocino,045,87422,8181,7981,671,8652,91
2021-12-03,Merced,047,269075,43575,43337,2119,45456,671
2021-12-03,Modoc,049,8938,596,591,201,792,6
2021-12-03,Mono,051,14174,1922,1883,22,1905,4
2021-12-03,Monterey,053,433212,50031,48682,3200,51882,626
2021-12-03,Napa,055,140530,13433,13327,119,13446,106
2021-12-03,Nevada,057,99092,9885,9752,346,10098,105
2021-12-03,Orange,059,3164182,316326,313112,16046,329158,5748
2021-12-03,Placer,061,380077,39067,38460,3868,42328,473
2021-12-03,Plumas,063,18699,1967,1903,45,1948,7
2021-12-03,Riverside,065,2383286,377517,371768,16631,388399,5381
2021-12-03,Sacramento,067,1510023,165507,163900,4921,168821,2365
2021-12-03,San Benito,069,59416,7737,7688,181,7869,78
2021-12-03,San Bernardino,071,2135413,368853,364154,11697,375851,5983
2021-12-03,San Diego,073,3302833,390796,386710,22861,409571,4350
2021-12-03,San Francisco,075,870044,55140,54286,2411,56697,674
2021-12-03,San Joaquin,077,732212,103228,102286,5575,107861,1835
2021-12-03,San Luis Obispo,079,281455,30773,30318,1337,31655,360
2021-12-03,San Mateo,081,765935,56130,54774,961,55735,579
2021-12-03,Santa Barbara,083,443738,46307,45774,1608,47382,555
2021-12-03,Santa Clara,085,1922200,153221,151275,1587,152862,1928
2021-12-03,Santa Cruz,087,273765,21618,21286,1028,22314,224
2021-12-03,Shasta,089,179085,22649,22418,3694,26112,414
2021-12-03,Sierra,091,2930,200,196,21,217,0
2021-12-03,Siskiyou,093,43540,3466,3398,1348,4746,57
2021-12-03,Solano,095,438530,47354,46529,1343,47872,360
2021-12-03,Sonoma,097,501317,43325,42778,565,43343,405
2021-12-03,Stanislaus,099,539301,81483,81462,9203,90665,1231
2021-12-03,Sutter,101,95872,14286,14258,397,14655,186
2021-12-03,Tehama,103,63373,8823,8742,1534,10276,131
2021-12-03,Trinity,105,12862,908,801,219,1020,17
2021-12-03,Tulare,107,460477,71247,70014,16013,86027,1100
2021-12-03,Tuolumne,109,53932,7751,7676,114,7790,91
2021-12-03,Ventura,111,848112,100969,99751,4405,104156,1192
2021-12-03,Yolo,113,214977,20693,20442,1156,21598,261
2021-12-03,Yuba,115,75493,10526,10418,376,10794,91
2021-12-02,Alameda,001,1643700,123328,122508,2877,125385,1494
2021-12-02,Alpine,003,1148,105,108,0,108,0
2021-12-02,Amador,005,37829,5767,5729,67,5796,67
2021-12-02,Butte,007,227075,21912,21638,3991,25629,318
2021-12-02,Calaveras,009,45235,4442,4392,60,4452,88
2021-12-02,Colusa,011,21464,2628,2600,671,3271,21
2021-12-02,Contra Costa,013,1133247,102603,101824,2311,104135,1056
2021-12-02,Del Norte,015,27424,3786,3726,55,3781,42
2021-12-02,El Dorado,017,186661,16881,16621,1790,18411,168
2021-12-02,Fresno,019,978130,146515,144734,13118,157852,2270
2021-12-02,Glenn,021,27897,3606,3559,1040,4599,36
2021-12-02,Humboldt,023,135768,9706,9596,675,10271,117
2021-12-02,Imperial,025,180216,35683,35206,3587,38793,776
2021-12-02,Inyo,027,18085,2571,2538,38,2576,46
2021-12-02,Kern,029,883053,133085,131771,23816,155587,1817
2021-12-02,Kings,031,150075,33621,33183,2014,35197,367
2021-12-02,Lake,033,64148,6960,6903,158,7061,113
2021-12-02,Lassen,035,31185,7070,7014,417,7431,51
2021-12-02,Los Angeles,037,10098052,1477101,1463270,55637,1518907,26952
2021-12-02,Madera,039,155013,24441,24188,2288,26476,307
2021-12-02,Marin,041,260295,18324,18075,515,18590,249
2021-12-02,Mariposa,043,17540,1453,1421,60,1481,6
2021-12-02,Mendocino,045,87422,8165,7981,670,8651,91
2021-12-02,Merced,047,269075,43529,43337,2114,45451,671
2021-12-02,Modoc,049,8938,595,591,201,792,6
2021-12-02,Mono,051,14174,1916,1883,22,1905,4
2021-12-02,Monterey,053,433212,49956,48682,3178,51860,626
2021-12-02,Napa,055,140530,13420,13327,119,13446,106
2021-12-02,Nevada,057,99092,9867,9752,345,10097,105
2021-12-02,Orange,059,3164182,315982,313112,16009,329121,5748
2021-12-02,Placer,061,380077,39001,38460,3863,42323,473
2021-12-02,Plumas,063,18699,1964,1903,45,1948,7
2021-12-02,Riverside,065,2383286,376989,371768,16621,388389,5381
2021-12-02,Sacramento,067,1510023,165280,163900,4911,168811,2365
2021-12-02,San Benito,069,59416,7717,7688,181,7869,78
2021-12-02,San Bernardino,071,2135413,368300,364154,11676,375830,5983
2021-12-02,San Diego,073,3302833,390155,386710,22806,409516,4350
2021-12-02,San Francisco,075,870044,55045,54286,2406,56692,674
2021-12-02,San Joaquin,077,732212,103114,102286,5570,107856,1835
2021-12-02,San Luis Obispo,079,281455,30739,30318,1330,31648,360
2021-12-02,San Mateo,081,765935,56049,54774,953,55727,579
2021-12-02,Santa Barbara,083,443738,46226,45774,1605,47379,555
2021-12-02,Santa Clara,085,1922200,152975,151275,1570,152845,1928
2021-12-02,Santa Cruz,087,273765,21567,21286,1027,22313,224
2021-12-02,Shasta,089,179085,22616,22418,3693,26111,414
2021-12-02,Sierra,091,2930,200,196,21,217,0
2021-12-02,Siskiyou,093,43540,3465,3398,1341,4739,57
2021-12-02,Solano,095,438530,47304,46529,1341,47870,360
2021-12-02,Sonoma,097,501317,43251,42778,565,43343,405
2021-12-02,Stanislaus,099,539301,81391,81462,9195,90657,1231
2021-12-02,Sutter,101,95872,14273,14258,394,14652,186
2021-12-02,Tehama,103,63373,8816,8742,1532,10274,131
2021-12-02,Trinity,105,12862,908,801,219,1020,17
2021-12-02,Tulare,107,460477,71160,70014,15963,85977,1100
2021-12-02,Tuolumne,109,53932,7736,7676,113,7789,91
2021-12-02,Ventura,111,848112,100844,99751,4403,104154,1192
2021-12-02,Yolo,113,214977,20669,20442,1152,21594,261
2021-12-02,Yuba,115,75493,10510,10418,373,10791,91
2021-12-01,Alameda,001,1643700,123177,122298,2868,125166,1492
2021-12-01,Alpine,003,1148,105,108,0,108,0
2021-12-01,Amador,005,37829,5760,5723,67,5790,67
2021-12-01,Butte,007,227075,21894,21600,3986,25586,318
2021-12-01,Calaveras,009,45235,4437,4371,60,4431,88
2021-12-01,Colusa,011,21464,2621,2595,669,3264,20
2021-12-01,Contra Costa,013,1133247,102495,101651,2301,103952,1048
2021-12-01,Del Norte,015,27424,3784,3722,55,3777,42
2021-12-01,El Dorado,017,186661,16860,16575,1788,18363,166
2021-12-01,Fresno,019,978130,146308,144507,13110,157617,2264
2021-12-01,Glenn,021,27897,3599,3556,1039,4595,36
2021-12-01,Humboldt,023,135768,9682,9573,670,10243,117
2021-12-01,Imperial,025,180216,35603,35085,3560,38645,776
2021-12-01,Inyo,027,18085,2567,2533,38,2571,46
2021-12-01,Kern,029,883053,132938,131580,23761,155341,1804
2021-12-01,Kings,031,150075,33571,33112,2013,35125,364
2021-12-01,Lake,033,64148,6952,6896,157,7053,112
2021-12-01,Lassen,035,31185,7065,7008,415,7423,51
2021-12-01,Los Angeles,037,10098052,1475510,1461394,55542,1516936,26928
2021-12-01,Madera,039,155013,24410,24134,2279,26413,307
2021-12-01,Marin,041,260295,18286,18038,509,18547,249
2021-12-01,Mariposa,043,17540,1449,1415,60,1475,6
2021-12-01,Mendocino,045,87422,8151,7966,665,8631,90
2021-12-01,Merced,047,269075,43474,43259,2093,45352,670
2021-12-01,Modoc,049,8938,595,576,201,777,5
2021-12-01,Mono,051,14174,1911,1876,22,1898,4
2021-12-01,Monterey,053,433212,49907,48611,3169,51780,626
2021-12-01,Napa,055,140530,13403,13319,116,13435,107
2021-12-01,Nevada,057,99092,9854,9706,345,10051,105
2021-12-01,Orange,059,3164182,315615,312772,15973,328745,5735
2021-12-01,Placer,061,380077,38946,38373,3857,42230,472
2021-12-01,Plumas,063,18699,1960,1893,45,1938,7
2021-12-01,Riverside,065,2383286,376463,371189,16604,387793,5369
2021-12-01,Sacramento,067,1510023,165067,163616,4894,168510,2360
2021-12-01,San Benito,069,59416,7703,7669,181,7850,78
2021-12-01,San Bernardino,071,2135413,367706,363368,11650,375018,5973
2021-12-01,San Diego,073,3302833,389358,386056,22750,408806,4346
2021-12-01,San Francisco,075,870044,54963,54199,2399,56598,672
2021-12-01,San Joaquin,077,732212,103006,102109,5569,107678,1834
2021-12-01,San Luis Obispo,079,281455,30697,30238,1326,31564,360
2021-12-01,San Mateo,081,765935,55968,54711,950,55661,579
2021-12-01,Santa Barbara,083,443738,46156,45681,1603,47284,554
2021-12-01,Santa Clara,085,1922200,152755,150961,1552,152513,1925
2021-12-01,Santa Cruz,087,273765,21538,21191,1026,22217,224
2021-12-01,Shasta,089,179085,22585,22375,3687,26062,410
2021-12-01,Sierra,091,2930,200,195,21,216,0
2021-12-01,Siskiyou,093,43540,3462,3391,1341,4732,55
2021-12-01,Solano,095,438530,47259,46485,1341,47826,360
2021-12-01,Sonoma,097,501317,43175,42713,564,43277,405
2021-12-01,Stanislaus,099,539301,81298,81330,9182,90512,1231
2021-12-01,Sutter,101,95872,14258,14229,393,14622,186
2021-12-01,Tehama,103,63373,8806,8728,1532,10260,130
2021-12-01,Trinity,105,12862,903,801,219,1020,17
2021-12-01,Tulare,107,460477,71084,69953,15923,85876,1098
2021-12-01,Tuolumne,109,53932,7728,7655,113,7768,91
2021-12-01,Ventura,111,848112,100738,99680,4392,104072,1191
2021-12-01,Yolo,113,214977,20641,20393,1152,21545,260
2021-12-01,Yuba,115,75493,10499,10401,373,10774,89
2021-11-30,Alameda,001,1643700,123007,122196,2858,125054,1489
2021-11-30,Alpine,003,1148,105,108,0,108,0
2021-11-30,Amador,005,37829,5752,5716,67,5783,66
2021-11-30,Butte,007,227075,21865,21565,3975,25540,318
2021-11-30,Calaveras,009,45235,4419,4360,60,4420,88
2021-11-30,Colusa,011,21464,2620,2592,669,3261,21
2021-11-30,Contra Costa,013,1133247,102359,101538,2294,103832,1046
2021-11-30,Del Norte,015,27424,3778,3718,55,3773,42
2021-11-30,El Dorado,017,186661,16832,16558,1782,18340,166
2021-11-30,Fresno,019,978130,146108,144384,13102,157486,2259
2021-11-30,Glenn,021,27897,3595,3555,1038,4593,36
2021-11-30,Humboldt,023,135768,9651,9539,664,10203,116
2021-11-30,Imperial,025,180216,35495,34999,3533,38532,773
2021-11-30,Inyo,027,18085,2558,2530,38,2568,46
2021-11-30,Kern,029,883053,132767,131451,23704,155155,1799
2021-11-30,Kings,031,150075,33519,33074,2009,35083,362
2021-11-30,Lake,033,64148,6946,6892,155,7047,110
2021-11-30,Lassen,035,31185,7061,7003,414,7417,51
2021-11-30,Los Angeles,037,10098052,1473707,1460177,55442,1515619,26913
2021-11-30,Madera,039,155013,24376,24108,2274,26382,307
2021-11-30,Marin,041,260295,18242,18010,507,18517,249
2021-11-30,Mariposa,043,17540,1443,1412,60,1472,6
2021-11-30,Mendocino,045,87422,8122,7960,659,8619,89
2021-11-30,Merced,047,269075,43406,43200,2085,45285,668
2021-11-30,Modoc,049,8938,594,576,201,777,5
2021-11-30,Mono,051,14174,1908,1873,22,1895,4
2021-11-30,Monterey,053,433212,49844,48581,3159,51740,626
2021-11-30,Napa,055,140530,13383,13308,116,13424,105
2021-11-30,Nevada,057,99092,9838,9699,344,10043,105
2021-11-30,Orange,059,3164182,315193,312451,15931,328382,5724
2021-11-30,Placer,061,380077,38843,38324,3849,42173,470
2021-11-30,Plumas,063,18699,1955,1887,44,1931,7
2021-11-30,Riverside,065,2383286,375779,370739,16579,387318,5358
2021-11-30,Sacramento,067,1510023,164786,163420,4872,168292,2353
2021-11-30,San Benito,069,59416,7681,7645,180,7825,78
2021-11-30,San Bernardino,071,2135413,367020,363006,11627,374633,5967
2021-11-30,San Diego,073,3302833,388430,385405,22703,408108,4340
2021-11-30,San Francisco,075,870044,54857,54147,2390,56537,672
2021-11-30,San Joaquin,077,732212,102880,101972,5561,107533,1834
2021-11-30,San Luis Obispo,079,281455,30672,30200,1324,31524,360
2021-11-30,San Mateo,081,765935,55863,54656,940,55596,579
2021-11-30,Santa Barbara,083,443738,46060,45628,1597,47225,553
2021-11-30,Santa Clara,085,1922200,152496,150799,1535,152334,1929
2021-11-30,Santa Cruz,087,273765,21479,21169,1022,22191,224
2021-11-30,Shasta,089,179085,22555,22347,3684,26031,401
2021-11-30,Sierra,091,2930,197,195,21,216,0
2021-11-30,Siskiyou,093,43540,3458,3385,1338,4723,55
2021-11-30,Solano,095,438530,47196,46434,1335,47769,358
2021-11-30,Sonoma,097,501317,43096,42663,561,43224,405
2021-11-30,Stanislaus,099,539301,81198,81276,9154,90430,1227
2021-11-30,Sutter,101,95872,14247,14210,390,14600,186
2021-11-30,Tehama,103,63373,8799,8727,1531,10258,130
2021-11-30,Trinity,105,12862,902,799,219,1018,17
2021-11-30,Tulare,107,460477,70997,69900,15878,85778,1099
2021-11-30,Tuolumne,109,53932,7713,7643,113,7756,91
2021-11-30,Ventura,111,848112,100584,99601,4381,103982,1191
2021-11-30,Yolo,113,214977,20599,20376,1146,21522,260
2021-11-30,Yuba,115,75493,10480,10398,368,10766,89
2021-11-29,Alameda,001,1643700,122847,122136,2849,124985,1489
2021-11-29,Alpine,003,1148,105,108,0,108,0
2021-11-29,Amador,005,37829,5745,5706,67,5773,66
2021-11-29,Butte,007,227075,21836,21544,3967,25511,314
2021-11-29,Calaveras,009,45235,4403,4353,60,4413,88
2021-11-29,Colusa,011,21464,2618,2585,666,3251,20
2021-11-29,Contra Costa,013,1133247,102210,101441,2286,103727,1046
2021-11-29,Del Norte,015,27424,3775,3704,55,3759,42
2021-11-29,El Dorado,017,186661,16814,16534,1777,18311,166
2021-11-29,Fresno,019,978130,145902,144282,13079,157361,2254
2021-11-29,Glenn,021,27897,3592,3555,1037,4592,36
2021-11-29,Humboldt,023,135768,9634,9514,657,10171,115
2021-11-29,Imperial,025,180216,35430,34960,3512,38472,773
2021-11-29,Inyo,027,18085,2553,2529,38,2567,46
2021-11-29,Kern,029,883053,132583,131362,23663,155025,1789
2021-11-29,Kings,031,150075,33466,33059,2005,35064,363
2021-11-29,Lake,033,64148,6934,6889,155,7044,110
2021-11-29,Lassen,035,31185,7058,7003,412,7415,51
2021-11-29,Los Angeles,037,10098052,1471860,1459446,55357,1514803,26889
2021-11-29,Madera,039,155013,24340,24069,2266,26335,307
2021-11-29,Marin,041,260295,18195,17980,502,18482,249
2021-11-29,Mariposa,043,17540,1435,1409,60,1469,6
2021-11-29,Mendocino,045,87422,8105,7954,655,8609,89
2021-11-29,Merced,047,269075,43332,43167,2077,45244,667
2021-11-29,Modoc,049,8938,593,569,201,770,5
2021-11-29,Mono,051,14174,1891,1859,22,1881,4
2021-11-29,Monterey,053,433212,49783,48548,3143,51691,626
2021-11-29,Napa,055,140530,13373,13304,116,13420,104
2021-11-29,Nevada,057,99092,9824,9689,344,10033,105
2021-11-29,Orange,059,3164182,314790,312203,15885,328088,5709
2021-11-29,Placer,061,380077,38778,38261,3844,42105,470
2021-11-29,Plumas,063,18699,1952,1884,44,1928,7
2021-11-29,Riverside,065,2383286,375241,370334,16568,386902,5358
2021-11-29,Sacramento,067,1510023,164538,163282,4840,168122,2342
2021-11-29,San Benito,069,59416,7661,7631,179,7810,77
2021-11-29,San Bernardino,071,2135413,366417,362694,11593,374287,5962
2021-11-29,San Diego,073,3302833,387542,384853,22669,407522,4335
2021-11-29,San Francisco,075,870044,54758,54125,2386,56511,669
2021-11-29,San Joaquin,077,732212,102741,101927,5554,107481,1834
2021-11-29,San Luis Obispo,079,281455,30638,30165,1320,31485,359
2021-11-29,San Mateo,081,765935,55760,54622,936,55558,579
2021-11-29,Santa Barbara,083,443738,45963,45576,1593,47169,549
2021-11-29,Santa Clara,085,1922200,152222,150620,1529,152149,1925
2021-11-29,Santa Cruz,087,273765,21441,21149,1021,22170,224
2021-11-29,Shasta,089,179085,22520,22315,3680,25995,399
2021-11-29,Sierra,091,2930,197,195,21,216,0
2021-11-29,Siskiyou,093,43540,3455,3374,1331,4705,55
2021-11-29,Solano,095,438530,47144,46412,1333,47745,357
2021-11-29,Sonoma,097,501317,43019,42624,558,43182,405
2021-11-29,Stanislaus,099,539301,81116,81227,9136,90363,1223
2021-11-29,Sutter,101,95872,14231,14204,387,14591,186
2021-11-29,Tehama,103,63373,8794,8720,1526,10246,130
2021-11-29,Trinity,105,12862,897,798,219,1017,17
2021-11-29,Tulare,107,460477,70917,69850,15844,85694,1096
2021-11-29,Tuolumne,109,53932,7700,7627,113,7740,90
2021-11-29,Ventura,111,848112,100464,99520,4372,103892,1190
2021-11-29,Yolo,113,214977,20554,20344,1144,21488,257
2021-11-29,Yuba,115,75493,10463,10395,367,10762,89
2021-11-28,Alameda,001,1643700,122628,122082,2843,124925,1491
2021-11-28,Alpine,003,1148,105,108,0,108,0
2021-11-28,Amador,005,37829,5735,5703,67,5770,66
2021-11-28,Butte,007,227075,21795,21530,3964,25494,313
2021-11-28,Calaveras,009,45235,4382,4350,60,4410,88
2021-11-28,Colusa,011,21464,2614,2586,665,3251,19
2021-11-28,Contra Costa,013,1133247,102037,101355,2276,103631,1046
2021-11-28,Del Norte,015,27424,3770,3703,55,3758,42
2021-11-28,El Dorado,017,186661,16773,16527,1776,18303,166
2021-11-28,Fresno,019,978130,145656,144164,13053,157217,2252
2021-11-28,Glenn,021,27897,3589,3547,1035,4582,36
2021-11-28,Humboldt,023,135768,9602,9499,653,10152,115
2021-11-28,Imperial,025,180216,35322,34929,3488,38417,773
2021-11-28,Inyo,027,18085,2546,2531,38,2569,46
2021-11-28,Kern,029,883053,132377,131279,23606,154885,1789
2021-11-28,Kings,031,150075,33393,33057,1999,35056,364
2021-11-28,Lake,033,64148,6924,6885,154,7039,110
2021-11-28,Lassen,035,31185,7049,7002,408,7410,51
2021-11-28,Los Angeles,037,10098052,1469688,1458646,55271,1513917,26878
2021-11-28,Madera,039,155013,24292,24055,2259,26314,307
2021-11-28,Marin,041,260295,18147,17962,498,18460,249
2021-11-28,Mariposa,043,17540,1431,1406,60,1466,6
2021-11-28,Mendocino,045,87422,8075,7943,650,8593,89
2021-11-28,Merced,047,269075,43266,43166,2062,45228,667
2021-11-28,Modoc,049,8938,592,569,201,770,5
2021-11-28,Mono,051,14174,1885,1841,22,1863,4
2021-11-28,Monterey,053,433212,49718,48537,3124,51661,626
2021-11-28,Napa,055,140530,13360,13303,116,13419,104
2021-11-28,Nevada,057,99092,9798,9684,343,10027,105
2021-11-28,Orange,059,3164182,314405,312028,15843,327871,5693
2021-11-28,Placer,061,380077,38696,38240,3825,42065,470
2021-11-28,Plumas,063,18699,1946,1884,43,1927,7
2021-11-28,Riverside,065,2383286,374578,370051,16546,386597,5358
2021-11-28,Sacramento,067,1510023,164181,163170,4817,167987,2335
2021-11-28,San Benito,069,59416,7642,7623,178,7801,77
2021-11-28,San Bernardino,071,2135413,365675,362407,11565,373972,5958
2021-11-28,San Diego,073,3302833,386653,383025,22605,405630,4325
2021-11-28,San Francisco,075,870044,54682,54082,2381,56463,669
2021-11-28,San Joaquin,077,732212,102560,101895,5537,107432,1834
2021-11-28,San Luis Obispo,079,281455,30575,30152,1316,31468,358
2021-11-28,San Mateo,081,765935,55666,54567,932,55499,579
2021-11-28,Santa Barbara,083,443738,45884,45551,1582,47133,549
2021-11-28,Santa Clara,085,1922200,151921,150436,1514,151950,1920
2021-11-28,Santa Cruz,087,273765,21370,21110,1020,22130,224
2021-11-28,Shasta,089,179085,22481,22316,3678,25994,400
2021-11-28,Sierra,091,2930,197,195,21,216,0
2021-11-28,Siskiyou,093,43540,3449,3372,1327,4699,55
2021-11-28,Solano,095,438530,47082,46385,1332,47717,356
2021-11-28,Sonoma,097,501317,42933,42583,555,43138,405
2021-11-28,Stanislaus,099,539301,80997,81181,9114,90295,1223
2021-11-28,Sutter,101,95872,14209,14192,381,14573,186
2021-11-28,Tehama,103,63373,8786,8720,1522,10242,130
2021-11-28,Trinity,105,12862,896,797,219,1016,17
2021-11-28,Tulare,107,460477,70820,69833,15792,85625,1095
2021-11-28,Tuolumne,109,53932,7679,7620,113,7733,90
2021-11-28,Ventura,111,848112,100308,99486,4361,103847,1190
2021-11-28,Yolo,113,214977,20511,20333,1143,21476,257
2021-11-28,Yuba,115,75493,10445,10391,365,10756,89
2021-11-27,Alameda,001,1643700,122530,121618,2840,124458,1477
2021-11-27,Alpine,003,1148,105,106,0,106,0
2021-11-27,Amador,005,37829,5734,5670,67,5737,66
2021-11-27,Butte,007,227075,21772,21384,3959,25343,309
2021-11-27,Calaveras,009,45235,4376,4294,60,4354,85
2021-11-27,Colusa,011,21464,2613,2568,663,3231,19
2021-11-27,Contra Costa,013,1133247,101952,100961,2275,103236,1045
2021-11-27,Del Norte,015,27424,3763,3661,55,3716,42
2021-11-27,El Dorado,017,186661,16739,16399,1775,18174,161
2021-11-27,Fresno,019,978130,145544,143386,13047,156433,2246
2021-11-27,Glenn,021,27897,3585,3532,1034,4566,36
2021-11-27,Humboldt,023,135768,9574,9399,651,10050,115
2021-11-27,Imperial,025,180216,35240,34611,3472,38083,769
2021-11-27,Inyo,027,18085,2543,2506,38,2544,45
2021-11-27,Kern,029,883053,132293,130245,23577,153822,1773
2021-11-27,Kings,031,150075,33371,32891,1996,34887,358
2021-11-27,Lake,033,64148,6921,6836,153,6989,110
2021-11-27,Lassen,035,31185,7047,6959,407,7366,47
2021-11-27,Los Angeles,037,10098052,1468682,1454495,55202,1509697,26817
2021-11-27,Madera,039,155013,24271,23880,2254,26134,296
2021-11-27,Marin,041,260295,18108,17857,493,18350,248
2021-11-27,Mariposa,043,17540,1429,1374,60,1434,6
2021-11-27,Mendocino,045,87422,8056,7871,650,8521,89
2021-11-27,Merced,047,269075,43231,42921,2059,44980,664
2021-11-27,Modoc,049,8938,590,551,201,752,5
2021-11-27,Mono,051,14174,1883,1810,22,1832,4
2021-11-27,Monterey,053,433212,49685,48400,3110,51510,625
2021-11-27,Napa,055,140530,13346,13256,116,13372,104
2021-11-27,Nevada,057,99092,9776,9584,342,9926,103
2021-11-27,Orange,059,3164182,314154,310809,15806,326615,5665
2021-11-27,Placer,061,380077,38635,38001,3819,41820,468
2021-11-27,Plumas,063,18699,1942,1860,43,1903,7
2021-11-27,Riverside,065,2383286,374220,367601,16539,384140,5306
2021-11-27,Sacramento,067,1510023,164023,162328,4814,167142,2335
2021-11-27,San Benito,069,59416,7626,7575,178,7753,77
2021-11-27,San Bernardino,071,2135413,365240,360033,11556,371589,5932
2021-11-27,San Diego,073,3302833,386158,382634,22579,405213,4319
2021-11-27,San Francisco,075,870044,54632,53830,2378,56208,669
2021-11-27,San Joaquin,077,732212,102493,101368,5534,106902,1833
2021-11-27,San Luis Obispo,079,281455,30540,29983,1312,31295,358
2021-11-27,San Mateo,081,765935,55609,54360,929,55289,577
2021-11-27,Santa Barbara,083,443738,45830,45318,1580,46898,548
2021-11-27,Santa Clara,085,1922200,151714,149700,1507,151207,1922
2021-11-27,Santa Cruz,087,273765,21330,20929,1017,21946,222
2021-11-27,Shasta,089,179085,22458,22151,3677,25828,396
2021-11-27,Sierra,091,2930,196,194,21,215,0
2021-11-27,Siskiyou,093,43540,3446,3336,1325,4661,54
2021-11-27,Solano,095,438530,47046,46163,1329,47492,356
2021-11-27,Sonoma,097,501317,42870,42368,555,42923,405
2021-11-27,Stanislaus,099,539301,80929,80782,9097,89879,1220
2021-11-27,Sutter,101,95872,14201,14127,380,14507,181
2021-11-27,Tehama,103,63373,8784,8675,1521,10196,129
2021-11-27,Trinity,105,12862,896,789,219,1008,17
2021-11-27,Tulare,107,460477,70768,69377,15776,85153,1082
2021-11-27,Tuolumne,109,53932,7666,7574,113,7687,90
2021-11-27,Ventura,111,848112,100235,99163,4354,103517,1188
2021-11-27,Yolo,113,214977,20490,20237,1134,21371,257
2021-11-27,Yuba,115,75493,10434,10335,365,10700,88
2021-11-26,Alameda,001,1643700,122420,121618,2838,124456,1477
2021-11-26,Alpine,003,1148,105,106,0,106,0
2021-11-26,Amador,005,37829,5730,5670,67,5737,66
2021-11-26,Butte,007,227075,21749,21384,3954,25338,309
2021-11-26,Calaveras,009,45235,4367,4294,60,4354,85
2021-11-26,Colusa,011,21464,2611,2568,662,3230,19
2021-11-26,Contra Costa,013,1133247,101864,100961,2271,103232,1045
2021-11-26,Del Norte,015,27424,3760,3661,55,3716,42
2021-11-26,El Dorado,017,186661,16722,16399,1772,18171,161
2021-11-26,Fresno,019,978130,145411,143386,13037,156423,2246
2021-11-26,Glenn,021,27897,3582,3532,1034,4566,36
2021-11-26,Humboldt,023,135768,9555,9399,647,10046,115
2021-11-26,Imperial,025,180216,35183,34611,3459,38070,769
2021-11-26,Inyo,027,18085,2543,2506,38,2544,45
2021-11-26,Kern,029,883053,132210,130245,23533,153778,1773
2021-11-26,Kings,031,150075,33347,32891,1994,34885,358
2021-11-26,Lake,033,64148,6919,6836,153,6989,110
2021-11-26,Lassen,035,31185,7041,6959,407,7366,47
2021-11-26,Los Angeles,037,10098052,1467834,1454495,55141,1509636,26817
2021-11-26,Madera,039,155013,24244,23880,2252,26132,296
2021-11-26,Marin,041,260295,18079,17857,493,18350,248
2021-11-26,Mariposa,043,17540,1423,1374,59,1433,6
2021-11-26,Mendocino,045,87422,8046,7871,650,8521,89
2021-11-26,Merced,047,269075,43201,42921,2055,44976,664
2021-11-26,Modoc,049,8938,588,551,201,752,5
2021-11-26,Mono,051,14174,1872,1810,22,1832,4
2021-11-26,Monterey,053,433212,49642,48400,3103,51503,625
2021-11-26,Napa,055,140530,13330,13256,116,13372,104
2021-11-26,Nevada,057,99092,9764,9584,342,9926,103
2021-11-26,Orange,059,3164182,313885,310809,15774,326583,5665
2021-11-26,Placer,061,380077,38590,38001,3811,41812,468
2021-11-26,Plumas,063,18699,1937,1860,43,1903,7
2021-11-26,Riverside,065,2383286,373818,367601,16532,384133,5306
2021-11-26,Sacramento,067,1510023,163910,162328,4809,167137,2335
2021-11-26,San Benito,069,59416,7618,7575,178,7753,77
2021-11-26,San Bernardino,071,2135413,364807,360033,11549,371582,5932
2021-11-26,San Diego,073,3302833,385613,382634,22567,405201,4319
2021-11-26,San Francisco,075,870044,54585,53830,2376,56206,669
2021-11-26,San Joaquin,077,732212,102436,101368,5533,106901,1833
2021-11-26,San Luis Obispo,079,281455,30498,29983,1309,31292,358
2021-11-26,San Mateo,081,765935,55546,54360,928,55288,577
2021-11-26,Santa Barbara,083,443738,45783,45318,1579,46897,548
2021-11-26,Santa Clara,085,1922200,151545,149700,1499,151199,1922
2021-11-26,Santa Cruz,087,273765,21290,20929,1017,21946,222
2021-11-26,Shasta,089,179085,22438,22151,3675,25826,396
2021-11-26,Sierra,091,2930,196,194,21,215,0
2021-11-26,Siskiyou,093,43540,3443,3336,1324,4660,54
2021-11-26,Solano,095,438530,47005,46163,1328,47491,356
2021-11-26,Sonoma,097,501317,42820,42368,553,42921,405
2021-11-26,Stanislaus,099,539301,80856,80782,9086,89868,1220
2021-11-26,Sutter,101,95872,14188,14127,379,14506,181
2021-11-26,Tehama,103,63373,8782,8675,1520,10195,129
2021-11-26,Trinity,105,12862,895,789,219,1008,17
2021-11-26,Tulare,107,460477,70722,69377,15744,85121,1082
2021-11-26,Tuolumne,109,53932,7656,7574,113,7687,90
2021-11-26,Ventura,111,848112,100155,99163,4349,103512,1188
2021-11-26,Yolo,113,214977,20471,20237,1127,21364,257
2021-11-26,Yuba,115,75493,10428,10335,365,10700,88
2021-11-25,Alameda,001,1643700,122312,121618,2833,124451,1477
2021-11-25,Alpine,003,1148,105,106,0,106,0
2021-11-25,Amador,005,37829,5722,5670,67,5737,66
2021-11-25,Butte,007,227075,21731,21384,3952,25336,309
2021-11-25,Calaveras,009,45235,4362,4294,60,4354,85
2021-11-25,Colusa,011,21464,2608,2568,660,3228,19
2021-11-25,Contra Costa,013,1133247,101760,100961,2268,103229,1045
2021-11-25,Del Norte,015,27424,3755,3661,55,3716,42
2021-11-25,El Dorado,017,186661,16703,16399,1772,18171,161
2021-11-25,Fresno,019,978130,145277,143386,13028,156414,2246
2021-11-25,Glenn,021,27897,3579,3532,1033,4565,36
2021-11-25,Humboldt,023,135768,9536,9399,644,10043,115
2021-11-25,Imperial,025,180216,35138,34611,3448,38059,769
2021-11-25,Inyo,027,18085,2541,2506,38,2544,45
2021-11-25,Kern,029,883053,132112,130245,23487,153732,1773
2021-11-25,Kings,031,150075,33319,32891,1993,34884,358
2021-11-25,Lake,033,64148,6912,6836,153,6989,110
2021-11-25,Lassen,035,31185,7039,6959,406,7365,47
2021-11-25,Los Angeles,037,10098052,1466864,1454495,55084,1509579,26817
2021-11-25,Madera,039,155013,24208,23880,2251,26131,296
2021-11-25,Marin,041,260295,18052,17857,487,18344,248
2021-11-25,Mariposa,043,17540,1420,1374,59,1433,6
2021-11-25,Mendocino,045,87422,8028,7871,650,8521,89
2021-11-25,Merced,047,269075,43162,42921,2049,44970,664
2021-11-25,Modoc,049,8938,587,551,201,752,5
2021-11-25,Mono,051,14174,1861,1810,22,1832,4
2021-11-25,Monterey,053,433212,49598,48400,3094,51494,625
2021-11-25,Napa,055,140530,13322,13256,116,13372,104
2021-11-25,Nevada,057,99092,9745,9584,339,9923,103
2021-11-25,Orange,059,3164182,313622,310809,15743,326552,5665
2021-11-25,Placer,061,380077,38544,38001,3805,41806,468
2021-11-25,Plumas,063,18699,1935,1860,43,1903,7
2021-11-25,Riverside,065,2383286,373403,367601,16525,384126,5306
2021-11-25,Sacramento,067,1510023,163731,162328,4803,167131,2335
2021-11-25,San Benito,069,59416,7611,7575,178,7753,77
2021-11-25,San Bernardino,071,2135413,364406,360033,11532,371565,5932
2021-11-25,San Diego,073,3302833,385171,382634,22548,405182,4319
2021-11-25,San Francisco,075,870044,54535,53830,2373,56203,669
2021-11-25,San Joaquin,077,732212,102353,101368,5529,106897,1833
2021-11-25,San Luis Obispo,079,281455,30468,29983,1307,31290,358
2021-11-25,San Mateo,081,765935,55497,54360,926,55286,577
2021-11-25,Santa Barbara,083,443738,45744,45318,1577,46895,548
2021-11-25,Santa Clara,085,1922200,151388,149700,1494,151194,1922
2021-11-25,Santa Cruz,087,273765,21257,20929,1017,21946,222
2021-11-25,Shasta,089,179085,22412,22151,3675,25826,396
2021-11-25,Sierra,091,2930,196,194,21,215,0
2021-11-25,Siskiyou,093,43540,3440,3336,1324,4660,54
2021-11-25,Solano,095,438530,46968,46163,1327,47490,356
2021-11-25,Sonoma,097,501317,42763,42368,549,42917,405
2021-11-25,Stanislaus,099,539301,80790,80782,9072,89854,1220
2021-11-25,Sutter,101,95872,14172,14127,378,14505,181
2021-11-25,Tehama,103,63373,8774,8675,1520,10195,129
2021-11-25,Trinity,105,12862,895,789,219,1008,17
2021-11-25,Tulare,107,460477,70654,69377,15718,85095,1082
2021-11-25,Tuolumne,109,53932,7644,7574,113,7687,90
2021-11-25,Ventura,111,848112,100089,99163,4346,103509,1188
2021-11-25,Yolo,113,214977,20441,20237,1123,21360,257
2021-11-25,Yuba,115,75493,10419,10335,364,10699,88
2021-11-24,Alameda,001,1643700,122249,121618,2829,124447,1477
2021-11-24,Alpine,003,1148,105,106,0,106,0
2021-11-24,Amador,005,37829,5712,5670,67,5737,66
2021-11-24,Butte,007,227075,21715,21384,3951,25335,309
2021-11-24,Calaveras,009,45235,4355,4294,60,4354,85
2021-11-24,Colusa,011,21464,2608,2568,659,3227,19
2021-11-24,Contra Costa,013,1133247,101721,100961,2265,103226,1045
2021-11-24,Del Norte,015,27424,3752,3661,55,3716,42
2021-11-24,El Dorado,017,186661,16692,16399,1771,18170,161
2021-11-24,Fresno,019,978130,145223,143386,13027,156413,2246
2021-11-24,Glenn,021,27897,3574,3532,1032,4564,36
2021-11-24,Humboldt,023,135768,9521,9399,644,10043,115
2021-11-24,Imperial,025,180216,35109,34611,3442,38053,769
2021-11-24,Inyo,027,18085,2538,2506,38,2544,45
2021-11-24,Kern,029,883053,132050,130245,23475,153720,1773
2021-11-24,Kings,031,150075,33305,32891,1992,34883,358
2021-11-24,Lake,033,64148,6908,6836,153,6989,110
2021-11-24,Lassen,035,31185,7039,6959,406,7365,47
2021-11-24,Los Angeles,037,10098052,1466379,1454495,55042,1509537,26817
2021-11-24,Madera,039,155013,24185,23880,2245,26125,296
2021-11-24,Marin,041,260295,18040,17857,485,18342,248
2021-11-24,Mariposa,043,17540,1420,1374,59,1433,6
2021-11-24,Mendocino,045,87422,8016,7871,650,8521,89
2021-11-24,Merced,047,269075,43130,42921,2046,44967,664
2021-11-24,Modoc,049,8938,587,551,201,752,5
2021-11-24,Mono,051,14174,1858,1810,22,1832,4
2021-11-24,Monterey,053,433212,49585,48400,3093,51493,625
2021-11-24,Napa,055,140530,13318,13256,116,13372,104
2021-11-24,Nevada,057,99092,9730,9584,339,9923,103
2021-11-24,Orange,059,3164182,313466,310809,15728,326537,5665
2021-11-24,Placer,061,380077,38511,38001,3803,41804,468
2021-11-24,Plumas,063,18699,1933,1860,43,1903,7
2021-11-24,Riverside,065,2383286,373224,367601,16519,384120,5306
2021-11-24,Sacramento,067,1510023,163660,162328,4803,167131,2335
2021-11-24,San Benito,069,59416,7609,7575,178,7753,77
2021-11-24,San Bernardino,071,2135413,364195,360033,11522,371555,5932
2021-11-24,San Diego,073,3302833,384913,382634,22535,405169,4319
2021-11-24,San Francisco,075,870044,54504,53830,2371,56201,669
2021-11-24,San Joaquin,077,732212,102312,101368,5526,106894,1833
2021-11-24,San Luis Obispo,079,281455,30449,29983,1307,31290,358
2021-11-24,San Mateo,081,765935,55467,54360,925,55285,577
2021-11-24,Santa Barbara,083,443738,45717,45318,1577,46895,548
2021-11-24,Santa Clara,085,1922200,151292,149700,1493,151193,1922
2021-11-24,Santa Cruz,087,273765,21234,20929,1016,21945,222
2021-11-24,Shasta,089,179085,22401,22151,3672,25823,396
2021-11-24,Sierra,091,2930,196,194,21,215,0
2021-11-24,Siskiyou,093,43540,3437,3336,1324,4660,54
2021-11-24,Solano,095,438530,46940,46163,1325,47488,356
2021-11-24,Sonoma,097,501317,42731,42368,547,42915,405
2021-11-24,Stanislaus,099,539301,80753,80782,9067,89849,1220
2021-11-24,Sutter,101,95872,14159,14127,376,14503,181
2021-11-24,Tehama,103,63373,8771,8675,1519,10194,129
2021-11-24,Trinity,105,12862,895,789,219,1008,17
2021-11-24,Tulare,107,460477,70630,69377,15699,85076,1082
2021-11-24,Tuolumne,109,53932,7640,7574,113,7687,90
2021-11-24,Ventura,111,848112,100054,99163,4342,103505,1188
2021-11-24,Yolo,113,214977,20433,20237,1122,21359,257
2021-11-24,Yuba,115,75493,10415,10335,363,10698,88
2021-11-23,Alameda,001,1643700,122131,121618,2823,124441,1477
2021-11-23,Alpine,003,1148,105,106,0,106,0
2021-11-23,Amador,005,37829,5705,5670,67,5737,66
2021-11-23,Butte,007,227075,21686,21384,3947,25331,309
2021-11-23,Calaveras,009,45235,4349,4294,59,4353,85
2021-11-23,Colusa,011,21464,2604,2568,657,3225,19
2021-11-23,Contra Costa,013,1133247,101614,100961,2263,103224,1045
2021-11-23,Del Norte,015,27424,3749,3661,55,3716,42
2021-11-23,El Dorado,017,186661,16661,16399,1768,18167,161
2021-11-23,Fresno,019,978130,145085,143386,13018,156404,2246
2021-11-23,Glenn,021,27897,3569,3532,1032,4564,36
2021-11-23,Humboldt,023,135768,9499,9399,641,10040,115
2021-11-23,Imperial,025,180216,35040,34611,3423,38034,769
2021-11-23,Inyo,027,18085,2534,2506,38,2544,45
2021-11-23,Kern,029,883053,131942,130245,23426,153671,1773
2021-11-23,Kings,031,150075,33263,32891,1991,34882,358
2021-11-23,Lake,033,64148,6903,6836,153,6989,110
2021-11-23,Lassen,035,31185,7036,6959,403,7362,47
2021-11-23,Los Angeles,037,10098052,1465369,1454495,54974,1509469,26817
2021-11-23,Madera,039,155013,24159,23880,2243,26123,296
2021-11-23,Marin,041,260295,18009,17857,482,18339,248
2021-11-23,Mariposa,043,17540,1417,1374,59,1433,6
2021-11-23,Mendocino,045,87422,7995,7871,647,8518,89
2021-11-23,Merced,047,269075,43092,42921,2045,44966,664
2021-11-23,Modoc,049,8938,585,551,201,752,5
2021-11-23,Mono,051,14174,1844,1810,22,1832,4
2021-11-23,Monterey,053,433212,49549,48400,3087,51487,625
2021-11-23,Napa,055,140530,13309,13256,116,13372,104
2021-11-23,Nevada,057,99092,9701,9584,338,9922,103
2021-11-23,Orange,059,3164182,313216,310809,15692,326501,5665
2021-11-23,Placer,061,380077,38452,38001,3786,41787,468
2021-11-23,Plumas,063,18699,1929,1860,43,1903,7
2021-11-23,Riverside,065,2383286,372841,367601,16506,384107,5306
2021-11-23,Sacramento,067,1510023,163473,162328,4792,167120,2335
2021-11-23,San Benito,069,59416,7600,7575,176,7751,77
2021-11-23,San Bernardino,071,2135413,363778,360033,11507,371540,5932
2021-11-23,San Diego,073,3302833,384429,382634,22512,405146,4319
2021-11-23,San Francisco,075,870044,54445,53830,2369,56199,669
2021-11-23,San Joaquin,077,732212,102203,101368,5515,106883,1833
2021-11-23,San Luis Obispo,079,281455,30414,29983,1304,31287,358
2021-11-23,San Mateo,081,765935,55417,54360,924,55284,577
2021-11-23,Santa Barbara,083,443738,45664,45318,1577,46895,548
2021-11-23,Santa Clara,085,1922200,151082,149700,1481,151181,1922
2021-11-23,Santa Cruz,087,273765,21196,20929,1016,21945,222
2021-11-23,Shasta,089,179085,22365,22151,3670,25821,396
2021-11-23,Sierra,091,2930,196,194,21,215,0
2021-11-23,Siskiyou,093,43540,3432,3336,1323,4659,54
2021-11-23,Solano,095,438530,46886,46163,1321,47484,356
2021-11-23,Sonoma,097,501317,42680,42368,544,42912,405
2021-11-23,Stanislaus,099,539301,80683,80782,9055,89837,1220
2021-11-23,Sutter,101,95872,14143,14127,375,14502,181
2021-11-23,Tehama,103,63373,8758,8675,1518,10193,129
2021-11-23,Trinity,105,12862,894,789,219,1008,17
2021-11-23,Tulare,107,460477,70583,69377,15669,85046,1082
2021-11-23,Tuolumne,109,53932,7628,7574,112,7686,90
2021-11-23,Ventura,111,848112,99971,99163,4336,103499,1188
2021-11-23,Yolo,113,214977,20412,20237,1114,21351,257
2021-11-23,Yuba,115,75493,10403,10335,363,10698,88
2021-11-22,Alameda,001,1643700,122017,121566,2821,124387,1475
2021-11-22,Alpine,003,1148,105,106,0,106,0
2021-11-22,Amador,005,37829,5692,5670,67,5737,66
2021-11-22,Butte,007,227075,21647,21363,3942,25305,305
2021-11-22,Calaveras,009,45235,4337,4294,59,4353,84
2021-11-22,Colusa,011,21464,2601,2565,657,3222,19
2021-11-22,Contra Costa,013,1133247,101526,100877,2258,103135,1045
2021-11-22,Del Norte,015,27424,3746,3659,55,3714,42
2021-11-22,El Dorado,017,186661,16638,16378,1765,18143,161
2021-11-22,Fresno,019,978130,144952,143290,13010,156300,2243
2021-11-22,Glenn,021,27897,3564,3530,1031,4561,36
2021-11-22,Humboldt,023,135768,9473,9389,636,10025,115
2021-11-22,Imperial,025,180216,34979,34562,3409,37971,766
2021-11-22,Inyo,027,18085,2528,2501,38,2539,44
2021-11-22,Kern,029,883053,131781,130091,23377,153468,1762
2021-11-22,Kings,031,150075,33226,32867,1986,34853,358
2021-11-22,Lake,033,64148,6898,6837,153,6990,110
2021-11-22,Lassen,035,31185,7034,6954,402,7356,47
2021-11-22,Los Angeles,037,10098052,1464305,1453945,54891,1508836,26800
2021-11-22,Madera,039,155013,24125,23872,2235,26107,296
2021-11-22,Marin,041,260295,17978,17842,480,18322,248
2021-11-22,Mariposa,043,17540,1413,1372,59,1431,6
2021-11-22,Mendocino,045,87422,7979,7859,646,8505,89
2021-11-22,Merced,047,269075,43041,42898,2034,44932,660
2021-11-22,Modoc,049,8938,584,551,201,752,5
2021-11-22,Mono,051,14174,1837,1809,22,1831,4
2021-11-22,Monterey,053,433212,49521,48374,3083,51457,611
2021-11-22,Napa,055,140530,13301,13255,115,13370,104
2021-11-22,Nevada,057,99092,9684,9575,336,9911,96
2021-11-22,Orange,059,3164182,312975,310654,15666,326320,5663
2021-11-22,Placer,061,380077,38407,37956,3778,41734,465
2021-11-22,Plumas,063,18699,1926,1858,43,1901,7
2021-11-22,Riverside,065,2383286,372404,367301,16497,383798,5283
2021-11-22,Sacramento,067,1510023,163281,162222,4783,167005,2328
2021-11-22,San Benito,069,59416,7580,7567,176,7743,77
2021-11-22,San Bernardino,071,2135413,363362,359851,11496,371347,5916
2021-11-22,San Diego,073,3302833,383934,382132,22488,404620,4317
2021-11-22,San Francisco,075,870044,54353,53778,2363,56141,669
2021-11-22,San Joaquin,077,732212,102078,101299,5510,106809,1833
2021-11-22,San Luis Obispo,079,281455,30388,29963,1301,31264,358
2021-11-22,San Mateo,081,765935,55360,54330,922,55252,577
2021-11-22,Santa Barbara,083,443738,45588,45279,1577,46856,546
2021-11-22,Santa Clara,085,1922200,150897,149541,1471,151012,1919
2021-11-22,Santa Cruz,087,273765,21155,20891,1016,21907,222
2021-11-22,Shasta,089,179085,22351,22116,3665,25781,393
2021-11-22,Sierra,091,2930,196,193,21,214,0
2021-11-22,Siskiyou,093,43540,3427,3336,1321,4657,54
2021-11-22,Solano,095,438530,46837,46153,1319,47472,356
2021-11-22,Sonoma,097,501317,42619,42344,543,42887,404
2021-11-22,Stanislaus,099,539301,80595,80718,9045,89763,1209
2021-11-22,Sutter,101,95872,14127,14125,373,14498,181
2021-11-22,Tehama,103,63373,8751,8669,1513,10182,127
2021-11-22,Trinity,105,12862,893,785,219,1004,17
2021-11-22,Tulare,107,460477,70522,69314,15633,84947,1075
2021-11-22,Tuolumne,109,53932,7613,7567,112,7679,90
2021-11-22,Ventura,111,848112,99905,99114,4333,103447,1186
2021-11-22,Yolo,113,214977,20389,20227,1112,21339,257
2021-11-22,Yuba,115,75493,10394,10332,362,10694,88
2021-11-21,Alameda,001,1643700,121886,121443,2817,124260,1475
2021-11-21,Alpine,003,1148,103,106,0,106,0
2021-11-21,Amador,005,37829,5687,5662,66,5728,66
2021-11-21,Butte,007,227075,21605,21342,3937,25279,306
2021-11-21,Calaveras,009,45235,4328,4287,59,4346,84
2021-11-21,Colusa,011,21464,2597,2562,656,3218,19
2021-11-21,Contra Costa,013,1133247,101424,100807,2251,103058,1045
2021-11-21,Del Norte,015,27424,3742,3659,55,3714,42
2021-11-21,El Dorado,017,186661,16611,16370,1759,18129,161
2021-11-21,Fresno,019,978130,144780,143203,12990,156193,2242
2021-11-21,Glenn,021,27897,3560,3529,1031,4560,36
2021-11-21,Humboldt,023,135768,9451,9378,635,10013,115
2021-11-21,Imperial,025,180216,34891,34527,3399,37926,766
2021-11-21,Inyo,027,18085,2521,2501,38,2539,44
2021-11-21,Kern,029,883053,131618,130020,23331,153351,1762
2021-11-21,Kings,031,150075,33188,32843,1982,34825,356
2021-11-21,Lake,033,64148,6891,6834,153,6987,110
2021-11-21,Lassen,035,31185,7025,6953,402,7355,47
2021-11-21,Los Angeles,037,10098052,1463237,1453181,54836,1508017,26793
2021-11-21,Madera,039,155013,24100,23856,2230,26086,296
2021-11-21,Marin,041,260295,17949,17829,477,18306,248
2021-11-21,Mariposa,043,17540,1412,1371,58,1429,6
2021-11-21,Mendocino,045,87422,7973,7846,643,8489,89
2021-11-21,Merced,047,269075,42986,42881,2031,44912,660
2021-11-21,Modoc,049,8938,580,551,201,752,5
2021-11-21,Mono,051,14174,1827,1799,21,1820,4
2021-11-21,Monterey,053,433212,49475,48358,3074,51432,611
2021-11-21,Napa,055,140530,13288,13250,115,13365,104
2021-11-21,Nevada,057,99092,9658,9556,335,9891,96
2021-11-21,Orange,059,3164182,312719,310477,15635,326112,5663
2021-11-21,Placer,061,380077,38325,37929,3777,41706,465
2021-11-21,Plumas,063,18699,1921,1858,43,1901,7
2021-11-21,Riverside,065,2383286,371912,367093,16489,383582,5283
2021-11-21,Sacramento,067,1510023,163064,162087,4773,166860,2327
2021-11-21,San Benito,069,59416,7566,7563,175,7738,77
2021-11-21,San Bernardino,071,2135413,362868,359621,11460,371081,5912
2021-11-21,San Diego,073,3302833,383403,380747,22463,403210,4317
2021-11-21,San Francisco,075,870044,54284,53741,2358,56099,669
2021-11-21,San Joaquin,077,732212,101972,101264,5497,106761,1833
2021-11-21,San Luis Obispo,079,281455,30350,29948,1301,31249,358
2021-11-21,San Mateo,081,765935,55308,54290,920,55210,577
2021-11-21,Santa Barbara,083,443738,45528,45237,1574,46811,546
2021-11-21,Santa Clara,085,1922200,150692,149387,1452,150839,1918
2021-11-21,Santa Cruz,087,273765,21111,20866,1014,21880,222
2021-11-21,Shasta,089,179085,22320,22112,3663,25775,393
2021-11-21,Sierra,091,2930,196,193,21,214,0
2021-11-21,Siskiyou,093,43540,3422,3333,1320,4653,54
2021-11-21,Solano,095,438530,46781,46122,1312,47434,356
2021-11-21,Sonoma,097,501317,42559,42298,542,42840,404
2021-11-21,Stanislaus,099,539301,80500,80687,9030,89717,1209
2021-11-21,Sutter,101,95872,14113,14111,373,14484,181
2021-11-21,Tehama,103,63373,8745,8669,1512,10181,127
2021-11-21,Trinity,105,12862,891,784,217,1001,17
2021-11-21,Tulare,107,460477,70439,69285,15594,84879,1075
2021-11-21,Tuolumne,109,53932,7605,7560,111,7671,90
2021-11-21,Ventura,111,848112,99814,99081,4330,103411,1186
2021-11-21,Yolo,113,214977,20361,20209,1109,21318,257
2021-11-21,Yuba,115,75493,10385,10326,362,10688,88
2021-11-20,Alameda,001,1643700,121793,121059,2811,123870,1473
2021-11-20,Alpine,003,1148,103,105,0,105,0
2021-11-20,Amador,005,37829,5681,5652,65,5717,66
2021-11-20,Butte,007,227075,21590,21265,3933,25198,300
2021-11-20,Calaveras,009,45235,4318,4268,59,4327,84
2021-11-20,Colusa,011,21464,2596,2549,655,3204,19
2021-11-20,Contra Costa,013,1133247,101347,100491,2247,102738,1043
2021-11-20,Del Norte,015,27424,3739,3637,55,3692,42
2021-11-20,El Dorado,017,186661,16590,16308,1757,18065,161
2021-11-20,Fresno,019,978130,144711,142579,12981,155560,2233
2021-11-20,Glenn,021,27897,3559,3526,1030,4556,35
2021-11-20,Humboldt,023,135768,9438,9302,633,9935,115
2021-11-20,Imperial,025,180216,34839,34312,3393,37705,766
2021-11-20,Inyo,027,18085,2520,2467,38,2505,44
2021-11-20,Kern,029,883053,131517,129488,23294,152782,1750
2021-11-20,Kings,031,150075,33178,32720,1982,34702,354
2021-11-20,Lake,033,64148,6888,6808,153,6961,110
2021-11-20,Lassen,035,31185,7024,6931,402,7333,47
2021-11-20,Los Angeles,037,10098052,1462617,1448963,54788,1503751,26741
2021-11-20,Madera,039,155013,24086,23720,2226,25946,296
2021-11-20,Marin,041,260295,17934,17774,477,18251,248
2021-11-20,Mariposa,043,17540,1411,1354,58,1412,6
2021-11-20,Mendocino,045,87422,7965,7773,643,8416,89
2021-11-20,Merced,047,269075,42960,42692,2031,44723,656
2021-11-20,Modoc,049,8938,579,550,201,751,5
2021-11-20,Mono,051,14174,1821,1767,21,1788,4
2021-11-20,Monterey,053,433212,49462,48260,3069,51329,609
2021-11-20,Napa,055,140530,13285,13184,115,13299,103
2021-11-20,Nevada,057,99092,9642,9480,335,9815,92
2021-11-20,Orange,059,3164182,312520,309672,15618,325290,5658
2021-11-20,Placer,061,380077,38285,37800,3772,41572,462
2021-11-20,Plumas,063,18699,1917,1841,43,1884,7
2021-11-20,Riverside,065,2383286,371639,365809,16477,382286,5265
2021-11-20,Sacramento,067,1510023,162960,161533,4769,166302,2316
2021-11-20,San Benito,069,59416,7562,7533,175,7708,77
2021-11-20,San Bernardino,071,2135413,362588,358322,11449,369771,5897
2021-11-20,San Diego,073,3302833,383077,380147,22437,402584,4311
2021-11-20,San Francisco,075,870044,54245,53525,2357,55882,669
2021-11-20,San Joaquin,077,732212,101922,100922,5492,106414,1832
2021-11-20,San Luis Obispo,079,281455,30336,29815,1300,31115,355
2021-11-20,San Mateo,081,765935,55274,54132,919,55051,577
2021-11-20,Santa Barbara,083,443738,45496,45074,1574,46648,544
2021-11-20,Santa Clara,085,1922200,150585,148829,1451,150280,1917
2021-11-20,Santa Cruz,087,273765,21093,20756,1014,21770,222
2021-11-20,Shasta,089,179085,22296,21968,3662,25630,383
2021-11-20,Sierra,091,2930,196,191,21,212,0
2021-11-20,Siskiyou,093,43540,3419,3313,1320,4633,54
2021-11-20,Solano,095,438530,46760,46006,1312,47318,356
2021-11-20,Sonoma,097,501317,42528,42151,542,42693,403
2021-11-20,Stanislaus,099,539301,80454,80412,9026,89438,1205
2021-11-20,Sutter,101,95872,14105,14074,373,14447,181
2021-11-20,Tehama,103,63373,8740,8648,1512,10160,125
2021-11-20,Trinity,105,12862,887,771,217,988,17
2021-11-20,Tulare,107,460477,70400,69074,15573,84647,1054
2021-11-20,Tuolumne,109,53932,7597,7511,111,7622,90
2021-11-20,Ventura,111,848112,99765,98893,4323,103216,1186
2021-11-20,Yolo,113,214977,20353,20139,1105,21244,257
2021-11-20,Yuba,115,75493,10379,10290,361,10651,88
2021-11-19,Alameda,001,1643700,121718,121059,2808,123867,1473
2021-11-19,Alpine,003,1148,103,105,0,105,0
2021-11-19,Amador,005,37829,5671,5652,65,5717,66
2021-11-19,Butte,007,227075,21567,21265,3926,25191,300
2021-11-19,Calaveras,009,45235,4311,4268,59,4327,84
2021-11-19,Colusa,011,21464,2594,2549,654,3203,19
2021-11-19,Contra Costa,013,1133247,101290,100491,2242,102733,1043
2021-11-19,Del Norte,015,27424,3734,3637,55,3692,42
2021-11-19,El Dorado,017,186661,16568,16308,1755,18063,161
2021-11-19,Fresno,019,978130,144594,142579,12972,155551,2233
2021-11-19,Glenn,021,27897,3558,3526,1029,4555,35
2021-11-19,Humboldt,023,135768,9426,9302,630,9932,115
2021-11-19,Imperial,025,180216,34802,34312,3386,37698,766
2021-11-19,Inyo,027,18085,2516,2467,38,2505,44
2021-11-19,Kern,029,883053,131414,129488,23251,152739,1750
2021-11-19,Kings,031,150075,33153,32720,1980,34700,354
2021-11-19,Lake,033,64148,6885,6808,153,6961,110
2021-11-19,Lassen,035,31185,7019,6931,401,7332,47
2021-11-19,Los Angeles,037,10098052,1461927,1448963,54735,1503698,26741
2021-11-19,Madera,039,155013,24065,23720,2221,25941,296
2021-11-19,Marin,041,260295,17916,17774,475,18249,248
2021-11-19,Mariposa,043,17540,1409,1354,58,1412,6
2021-11-19,Mendocino,045,87422,7945,7773,643,8416,89
2021-11-19,Merced,047,269075,42934,42692,2030,44722,656
2021-11-19,Modoc,049,8938,578,550,201,751,5
2021-11-19,Mono,051,14174,1810,1767,21,1788,4
2021-11-19,Monterey,053,433212,49440,48260,3069,51329,609
2021-11-19,Napa,055,140530,13275,13184,114,13298,103
2021-11-19,Nevada,057,99092,9629,9480,335,9815,92
2021-11-19,Orange,059,3164182,312366,309672,15593,325265,5658
2021-11-19,Placer,061,380077,38248,37800,3768,41568,462
2021-11-19,Plumas,063,18699,1913,1841,43,1884,7
2021-11-19,Riverside,065,2383286,371365,365809,16473,382282,5265
2021-11-19,Sacramento,067,1510023,162835,161533,4765,166298,2316
2021-11-19,San Benito,069,59416,7556,7533,173,7706,77
2021-11-19,San Bernardino,071,2135413,362265,358322,11440,369762,5897
2021-11-19,San Diego,073,3302833,382686,380147,22411,402558,4311
2021-11-19,San Francisco,075,870044,54207,53525,2357,55882,669
2021-11-19,San Joaquin,077,732212,101865,100922,5488,106410,1832
2021-11-19,San Luis Obispo,079,281455,30318,29815,1298,31113,355
2021-11-19,San Mateo,081,765935,55226,54132,915,55047,577
2021-11-19,Santa Barbara,083,443738,45459,45074,1574,46648,544
2021-11-19,Santa Clara,085,1922200,150437,148829,1448,150277,1917
2021-11-19,Santa Cruz,087,273765,21066,20756,1011,21767,222
2021-11-19,Shasta,089,179085,22284,21968,3661,25629,383
2021-11-19,Sierra,091,2930,196,191,21,212,0
2021-11-19,Siskiyou,093,43540,3416,3313,1320,4633,54
2021-11-19,Solano,095,438530,46729,46006,1308,47314,356
2021-11-19,Sonoma,097,501317,42495,42151,539,42690,403
2021-11-19,Stanislaus,099,539301,80397,80412,9017,89429,1205
2021-11-19,Sutter,101,95872,14103,14074,373,14447,181
2021-11-19,Tehama,103,63373,8737,8648,1512,10160,125
2021-11-19,Trinity,105,12862,885,771,217,988,17
2021-11-19,Tulare,107,460477,70359,69074,15547,84621,1054
2021-11-19,Tuolumne,109,53932,7586,7511,111,7622,90
2021-11-19,Ventura,111,848112,99700,98893,4320,103213,1186
2021-11-19,Yolo,113,214977,20342,20139,1103,21242,257
2021-11-19,Yuba,115,75493,10376,10290,361,10651,88
2021-11-18,Alameda,001,1643700,121593,121059,2801,123860,1473
2021-11-18,Alpine,003,1148,103,105,0,105,0
2021-11-18,Amador,005,37829,5669,5652,65,5717,66
2021-11-18,Butte,007,227075,21550,21265,3919,25184,300
2021-11-18,Calaveras,009,45235,4304,4268,58,4326,84
2021-11-18,Colusa,011,21464,2586,2549,654,3203,19
2021-11-18,Contra Costa,013,1133247,101188,100491,2234,102725,1043
2021-11-18,Del Norte,015,27424,3731,3637,55,3692,42
2021-11-18,El Dorado,017,186661,16548,16308,1752,18060,161
2021-11-18,Fresno,019,978130,144454,142579,12962,155541,2233
2021-11-18,Glenn,021,27897,3557,3526,1028,4554,35
2021-11-18,Humboldt,023,135768,9409,9302,625,9927,115
2021-11-18,Imperial,025,180216,34747,34312,3370,37682,766
2021-11-18,Inyo,027,18085,2508,2467,38,2505,44
2021-11-18,Kern,029,883053,131268,129488,23204,152692,1750
2021-11-18,Kings,031,150075,33116,32720,1977,34697,354
2021-11-18,Lake,033,64148,6880,6808,153,6961,110
2021-11-18,Lassen,035,31185,7016,6931,396,7327,47
2021-11-18,Los Angeles,037,10098052,1460936,1448963,54674,1503637,26741
2021-11-18,Madera,039,155013,24040,23720,2217,25937,296
2021-11-18,Marin,041,260295,17899,17774,471,18245,248
2021-11-18,Mariposa,043,17540,1406,1354,58,1412,6
2021-11-18,Mendocino,045,87422,7923,7773,634,8407,89
2021-11-18,Merced,047,269075,42877,42692,2028,44720,656
2021-11-18,Modoc,049,8938,566,550,201,751,5
2021-11-18,Mono,051,14174,1802,1767,21,1788,4
2021-11-18,Monterey,053,433212,49415,48260,3064,51324,609
2021-11-18,Napa,055,140530,13263,13184,113,13297,103
2021-11-18,Nevada,057,99092,9605,9480,335,9815,92
2021-11-18,Orange,059,3164182,312129,309672,15573,325245,5658
2021-11-18,Placer,061,380077,38205,37800,3757,41557,462
2021-11-18,Plumas,063,18699,1912,1841,43,1884,7
2021-11-18,Riverside,065,2383286,370990,365809,16460,382269,5265
2021-11-18,Sacramento,067,1510023,162607,161533,4750,166283,2316
2021-11-18,San Benito,069,59416,7546,7533,173,7706,77
2021-11-18,San Bernardino,071,2135413,361832,358322,11421,369743,5897
2021-11-18,San Diego,073,3302833,382188,380147,22395,402542,4311
2021-11-18,San Francisco,075,870044,54155,53525,2353,55878,669
2021-11-18,San Joaquin,077,732212,101772,100922,5480,106402,1832
2021-11-18,San Luis Obispo,079,281455,30288,29815,1297,31112,355
2021-11-18,San Mateo,081,765935,55167,54132,912,55044,577
2021-11-18,Santa Barbara,083,443738,45413,45074,1567,46641,544
2021-11-18,Santa Clara,085,1922200,150250,148829,1440,150269,1917
2021-11-18,Santa Cruz,087,273765,21015,20756,1010,21766,222
2021-11-18,Shasta,089,179085,22248,21968,3656,25624,383
2021-11-18,Sierra,091,2930,195,191,21,212,0
2021-11-18,Siskiyou,093,43540,3416,3313,1316,4629,54
2021-11-18,Solano,095,438530,46687,46006,1305,47311,356
2021-11-18,Sonoma,097,501317,42446,42151,537,42688,403
2021-11-18,Stanislaus,099,539301,80330,80412,9009,89421,1205
2021-11-18,Sutter,101,95872,14092,14074,372,14446,181
2021-11-18,Tehama,103,63373,8732,8648,1512,10160,125
2021-11-18,Trinity,105,12862,884,771,217,988,17
2021-11-18,Tulare,107,460477,70285,69074,15503,84577,1054
2021-11-18,Tuolumne,109,53932,7576,7511,111,7622,90
2021-11-18,Ventura,111,848112,99623,98893,4316,103209,1186
2021-11-18,Yolo,113,214977,20325,20139,1099,21238,257
2021-11-18,Yuba,115,75493,10370,10290,361,10651,88
2021-11-17,Alameda,001,1643700,121471,120913,2800,123713,1472
2021-11-17,Alpine,003,1148,103,105,0,105,0
2021-11-17,Amador,005,37829,5663,5646,65,5711,66
2021-11-17,Butte,007,227075,21524,21230,3916,25146,300
2021-11-17,Calaveras,009,45235,4297,4259,58,4317,84
2021-11-17,Colusa,011,21464,2583,2546,653,3199,19
2021-11-17,Contra Costa,013,1133247,101096,100387,2230,102617,1039
2021-11-17,Del Norte,015,27424,3728,3630,55,3685,42
2021-11-17,El Dorado,017,186661,16528,16269,1751,18020,161
2021-11-17,Fresno,019,978130,144272,142366,12949,155315,2230
2021-11-17,Glenn,021,27897,3555,3527,1026,4553,34
2021-11-17,Humboldt,023,135768,9398,9270,622,9892,115
2021-11-17,Imperial,025,180216,34691,34256,3349,37605,766
2021-11-17,Inyo,027,18085,2502,2457,38,2495,44
2021-11-17,Kern,029,883053,131095,129307,23162,152469,1743
2021-11-17,Kings,031,150075,33089,32669,1973,34642,352
2021-11-17,Lake,033,64148,6876,6795,152,6947,110
2021-11-17,Lassen,035,31185,7014,6918,396,7314,47
2021-11-17,Los Angeles,037,10098052,1459836,1447947,54606,1502553,26721
2021-11-17,Madera,039,155013,24007,23673,2215,25888,287
2021-11-17,Marin,041,260295,17879,17757,469,18226,248
2021-11-17,Mariposa,043,17540,1402,1353,58,1411,6
2021-11-17,Mendocino,045,87422,7915,7735,633,8368,89
2021-11-17,Merced,047,269075,42818,42612,2023,44635,654
2021-11-17,Modoc,049,8938,562,540,201,741,5
2021-11-17,Mono,051,14174,1798,1765,21,1786,5
2021-11-17,Monterey,053,433212,49367,48221,3053,51274,609
2021-11-17,Napa,055,140530,13240,13167,113,13280,103
2021-11-17,Nevada,057,99092,9592,9447,335,9782,92
2021-11-17,Orange,059,3164182,311882,309396,15539,324935,5651
2021-11-17,Placer,061,380077,38157,37725,3749,41474,460
2021-11-17,Plumas,063,18699,1907,1833,43,1876,7
2021-11-17,Riverside,065,2383286,370579,365406,16447,381853,5229
2021-11-17,Sacramento,067,1510023,162437,161269,4743,166012,2302
2021-11-17,San Benito,069,59416,7539,7524,173,7697,77
2021-11-17,San Bernardino,071,2135413,361467,357947,11404,369351,5893
2021-11-17,San Diego,073,3302833,381697,379769,22369,402138,4301
2021-11-17,San Francisco,075,870044,54100,53469,2350,55819,667
2021-11-17,San Joaquin,077,732212,101670,100764,5475,106239,1828
2021-11-17,San Luis Obispo,079,281455,30262,29731,1294,31025,354
2021-11-17,San Mateo,081,765935,55099,54092,909,55001,577
2021-11-17,Santa Barbara,083,443738,45374,45000,1567,46567,542
2021-11-17,Santa Clara,085,1922200,150086,148626,1432,150058,1915
2021-11-17,Santa Cruz,087,273765,20980,20700,1010,21710,222
2021-11-17,Shasta,089,179085,22215,21883,3654,25537,382
2021-11-17,Sierra,091,2930,194,189,21,210,0
2021-11-17,Siskiyou,093,43540,3412,3307,1313,4620,54
2021-11-17,Solano,095,438530,46654,45948,1304,47252,353
2021-11-17,Sonoma,097,501317,42400,42093,534,42627,403
2021-11-17,Stanislaus,099,539301,80241,80276,8999,89275,1199
2021-11-17,Sutter,101,95872,14078,14064,370,14434,181
2021-11-17,Tehama,103,63373,8722,8633,1509,10142,125
2021-11-17,Trinity,105,12862,883,765,217,982,17
2021-11-17,Tulare,107,460477,70214,68977,15476,84453,1047
2021-11-17,Tuolumne,109,53932,7559,7485,111,7596,90
2021-11-17,Ventura,111,848112,99561,98812,4310,103122,1183
2021-11-17,Yolo,113,214977,20306,20100,1096,21196,257
2021-11-17,Yuba,115,75493,10358,10275,357,10632,88
2021-11-16,Alameda,001,1643700,121363,120809,2796,123605,1467
2021-11-16,Alpine,003,1148,103,105,0,105,0
2021-11-16,Amador,005,37829,5657,5644,65,5709,66
2021-11-16,Butte,007,227075,21498,21208,3911,25119,297
2021-11-16,Calaveras,009,45235,4288,4249,58,4307,83
2021-11-16,Colusa,011,21464,2577,2538,653,3191,19
2021-11-16,Contra Costa,013,1133247,100975,100320,2227,102547,1038
2021-11-16,Del Norte,015,27424,3722,3630,55,3685,42
2021-11-16,El Dorado,017,186661,16503,16248,1749,17997,159
2021-11-16,Fresno,019,978130,144086,142200,12927,155127,2218
2021-11-16,Glenn,021,27897,3554,3527,1023,4550,34
2021-11-16,Humboldt,023,135768,9377,9252,618,9870,115
2021-11-16,Imperial,025,180216,34607,34177,3335,37512,766
2021-11-16,Inyo,027,18085,2495,2449,38,2487,42
2021-11-16,Kern,029,883053,130935,129136,23101,152237,1735
2021-11-16,Kings,031,150075,33037,32614,1966,34580,350
2021-11-16,Lake,033,64148,6871,6789,152,6941,110
2021-11-16,Lassen,035,31185,7004,6915,396,7311,47
2021-11-16,Los Angeles,037,10098052,1458662,1446815,54534,1501349,26703
2021-11-16,Madera,039,155013,23969,23642,2209,25851,287
2021-11-16,Marin,041,260295,17860,17736,468,18204,248
2021-11-16,Mariposa,043,17540,1394,1349,57,1406,6
2021-11-16,Mendocino,045,87422,7873,7723,629,8352,89
2021-11-16,Merced,047,269075,42781,42578,2016,44594,653
2021-11-16,Modoc,049,8938,561,539,200,739,5
2021-11-16,Mono,051,14174,1789,1767,21,1788,4
2021-11-16,Monterey,053,433212,49337,48195,3039,51234,609
2021-11-16,Napa,055,140530,13229,13151,113,13264,103
2021-11-16,Nevada,057,99092,9575,9435,334,9769,92
2021-11-16,Orange,059,3164182,311615,309170,15505,324675,5651
2021-11-16,Placer,061,380077,38115,37676,3743,41419,459
2021-11-16,Plumas,063,18699,1898,1832,43,1875,7
2021-11-16,Riverside,065,2383286,370156,365078,16425,381503,5208
2021-11-16,Sacramento,067,1510023,162257,161102,4731,165833,2299
2021-11-16,San Benito,069,59416,7525,7513,173,7686,77
2021-11-16,San Bernardino,071,2135413,361043,357528,11351,368879,5901
2021-11-16,San Diego,073,3302833,381142,379435,22342,401777,4287
2021-11-16,San Francisco,075,870044,54027,53415,2342,55757,667
2021-11-16,San Joaquin,077,732212,101530,100637,5460,106097,1807
2021-11-16,San Luis Obispo,079,281455,30230,29703,1291,30994,356
2021-11-16,San Mateo,081,765935,55037,54034,907,54941,577
2021-11-16,Santa Barbara,083,443738,45306,44932,1564,46496,539
2021-11-16,Santa Clara,085,1922200,149905,148452,1420,149872,1916
2021-11-16,Santa Cruz,087,273765,20935,20684,1008,21692,222
2021-11-16,Shasta,089,179085,22176,21853,3650,25503,379
2021-11-16,Sierra,091,2930,194,189,21,210,0
2021-11-16,Siskiyou,093,43540,3409,3304,1311,4615,54
2021-11-16,Solano,095,438530,46614,45908,1303,47211,351
2021-11-16,Sonoma,097,501317,42351,42056,533,42589,401
2021-11-16,Stanislaus,099,539301,80145,80214,8976,89190,1196
2021-11-16,Sutter,101,95872,14066,14058,369,14427,181
2021-11-16,Tehama,103,63373,8715,8621,1502,10123,125
2021-11-16,Trinity,105,12862,883,762,216,978,17
2021-11-16,Tulare,107,460477,70134,68881,15441,84322,1039
2021-11-16,Tuolumne,109,53932,7549,7478,111,7589,90
2021-11-16,Ventura,111,848112,99486,98731,4307,103038,1183
2021-11-16,Yolo,113,214977,20267,20077,1094,21171,257
2021-11-16,Yuba,115,75493,10350,10262,355,10617,85
2021-11-15,Alameda,001,1643700,121206,120731,2792,123523,1464
2021-11-15,Alpine,003,1148,103,105,0,105,0
2021-11-15,Amador,005,37829,5652,5637,65,5702,66
2021-11-15,Butte,007,227075,21474,21182,3906,25088,296
2021-11-15,Calaveras,009,45235,4274,4237,58,4295,83
2021-11-15,Colusa,011,21464,2570,2535,650,3185,19
2021-11-15,Contra Costa,013,1133247,100869,100251,2224,102475,1038
2021-11-15,Del Norte,015,27424,3717,3630,54,3684,42
2021-11-15,El Dorado,017,186661,16479,16236,1745,17981,159
2021-11-15,Fresno,019,978130,143864,142015,12905,154920,2210
2021-11-15,Glenn,021,27897,3552,3526,1023,4549,34
2021-11-15,Humboldt,023,135768,9355,9230,610,9840,115
2021-11-15,Imperial,025,180216,34534,34130,3319,37449,766
2021-11-15,Inyo,027,18085,2490,2442,38,2480,42
2021-11-15,Kern,029,883053,130726,128928,23031,151959,1730
2021-11-15,Kings,031,150075,33003,32584,1961,34545,348
2021-11-15,Lake,033,64148,6867,6784,152,6936,109
2021-11-15,Lassen,035,31185,6993,6915,394,7309,47
2021-11-15,Los Angeles,037,10098052,1457472,1446114,54471,1500585,26677
2021-11-15,Madera,039,155013,23931,23605,2198,25803,287
2021-11-15,Marin,041,260295,17843,17723,467,18190,248
2021-11-15,Mariposa,043,17540,1393,1347,55,1402,6
2021-11-15,Mendocino,045,87422,7853,7694,623,8317,89
2021-11-15,Merced,047,269075,42724,42552,2005,44557,648
2021-11-15,Modoc,049,8938,560,538,199,737,5
2021-11-15,Mono,051,14174,1784,1763,21,1784,4
2021-11-15,Monterey,053,433212,49305,48154,3033,51187,609
2021-11-15,Napa,055,140530,13221,13143,113,13256,103
2021-11-15,Nevada,057,99092,9546,9420,333,9753,92
2021-11-15,Orange,059,3164182,311338,308859,15480,324339,5646
2021-11-15,Placer,061,380077,38051,37610,3739,41349,452
2021-11-15,Plumas,063,18699,1891,1829,43,1872,7
2021-11-15,Riverside,065,2383286,369709,364750,16406,381156,5199
2021-11-15,Sacramento,067,1510023,162037,160937,4719,165656,2293
2021-11-15,San Benito,069,59416,7520,7511,172,7683,77
2021-11-15,San Bernardino,071,2135413,360616,357306,11332,368638,5898
2021-11-15,San Diego,073,3302833,380605,378845,22317,401162,4284
2021-11-15,San Francisco,075,870044,53960,53374,2339,55713,667
2021-11-15,San Joaquin,077,732212,101376,100587,5449,106036,1799
2021-11-15,San Luis Obispo,079,281455,30187,29669,1279,30948,351
2021-11-15,San Mateo,081,765935,54984,54010,905,54915,576
2021-11-15,Santa Barbara,083,443738,45250,44879,1558,46437,539
2021-11-15,Santa Clara,085,1922200,149688,148313,1413,149726,1914
2021-11-15,Santa Cruz,087,273765,20893,20630,1007,21637,223
2021-11-15,Shasta,089,179085,22131,21779,3645,25424,374
2021-11-15,Sierra,091,2930,194,189,21,210,0
2021-11-15,Siskiyou,093,43540,3402,3302,1309,4611,54
2021-11-15,Solano,095,438530,46575,45885,1298,47183,351
2021-11-15,Sonoma,097,501317,42300,42021,532,42553,401
2021-11-15,Stanislaus,099,539301,80060,80129,8962,89091,1174
2021-11-15,Sutter,101,95872,14053,14043,368,14411,181
2021-11-15,Tehama,103,63373,8709,8615,1501,10116,125
2021-11-15,Trinity,105,12862,881,757,214,971,17
2021-11-15,Tulare,107,460477,70047,68826,15396,84222,1039
2021-11-15,Tuolumne,109,53932,7538,7461,111,7572,90
2021-11-15,Ventura,111,848112,99402,98605,4302,102907,1183
2021-11-15,Yolo,113,214977,20237,20065,1089,21154,255
2021-11-15,Yuba,115,75493,10331,10254,351,10605,85
2021-11-14,Alameda,001,1643700,121033,120629,2788,123417,1461
2021-11-14,Alpine,003,1148,102,105,0,105,0
2021-11-14,Amador,005,37829,5645,5632,64,5696,66
2021-11-14,Butte,007,227075,21442,21146,3897,25043,296
2021-11-14,Calaveras,009,45235,4263,4222,58,4280,83
2021-11-14,Colusa,011,21464,2568,2532,647,3179,19
2021-11-14,Contra Costa,013,1133247,100760,100188,2222,102410,1038
2021-11-14,Del Norte,015,27424,3714,3629,54,3683,42
2021-11-14,El Dorado,017,186661,16437,16212,1740,17952,159
2021-11-14,Fresno,019,978130,143582,141869,12872,154741,2209
2021-11-14,Glenn,021,27897,3550,3521,1023,4544,34
2021-11-14,Humboldt,023,135768,9324,9215,600,9815,115
2021-11-14,Imperial,025,180216,34431,34078,3304,37382,766
2021-11-14,Inyo,027,18085,2478,2441,38,2479,42
2021-11-14,Kern,029,883053,130486,128842,22961,151803,1730
2021-11-14,Kings,031,150075,32946,32545,1954,34499,349
2021-11-14,Lake,033,64148,6859,6777,152,6929,109
2021-11-14,Lassen,035,31185,6983,6911,393,7304,47
2021-11-14,Los Angeles,037,10098052,1456105,1445284,54395,1499679,26667
2021-11-14,Madera,039,155013,23881,23566,2189,25755,287
2021-11-14,Marin,041,260295,17828,17712,467,18179,247
2021-11-14,Mariposa,043,17540,1383,1337,51,1388,6
2021-11-14,Mendocino,045,87422,7820,7684,618,8302,89
2021-11-14,Merced,047,269075,42634,42513,1999,44512,648
2021-11-14,Modoc,049,8938,558,538,199,737,5
2021-11-14,Mono,051,14174,1772,1760,21,1781,4
2021-11-14,Monterey,053,433212,49250,48135,3015,51150,609
2021-11-14,Napa,055,140530,13203,13132,113,13245,103
2021-11-14,Nevada,057,99092,9518,9408,333,9741,92
2021-11-14,Orange,059,3164182,311019,308699,15459,324158,5646
2021-11-14,Placer,061,380077,37971,37569,3729,41298,452
2021-11-14,Plumas,063,18699,1888,1829,42,1871,7
2021-11-14,Riverside,065,2383286,369211,364490,16389,380879,5199
2021-11-14,Sacramento,067,1510023,161800,160761,4702,165463,2295
2021-11-14,San Benito,069,59416,7509,7507,171,7678,77
2021-11-14,San Bernardino,071,2135413,360034,357014,11315,368329,5897
2021-11-14,San Diego,073,3302833,380008,377633,22286,399919,4280
2021-11-14,San Francisco,075,870044,53884,53338,2334,55672,667
2021-11-14,San Joaquin,077,732212,101247,100518,5444,105962,1799
2021-11-14,San Luis Obispo,079,281455,30106,29645,1275,30920,352
2021-11-14,San Mateo,081,765935,54931,53978,903,54881,576
2021-11-14,Santa Barbara,083,443738,45171,44842,1555,46397,539
2021-11-14,Santa Clara,085,1922200,149490,148152,1405,149557,1913
2021-11-14,Santa Cruz,087,273765,20839,20609,1005,21614,223
2021-11-14,Shasta,089,179085,22079,21771,3632,25403,373
2021-11-14,Sierra,091,2930,194,189,21,210,0
2021-11-14,Siskiyou,093,43540,3393,3302,1308,4610,54
2021-11-14,Solano,095,438530,46520,45860,1291,47151,351
2021-11-14,Sonoma,097,501317,42234,41974,530,42504,401
2021-11-14,Stanislaus,099,539301,79925,80076,8944,89020,1174
2021-11-14,Sutter,101,95872,14036,14031,363,14394,181
2021-11-14,Tehama,103,63373,8699,8607,1499,10106,125
2021-11-14,Trinity,105,12862,878,754,212,966,17
2021-11-14,Tulare,107,460477,69930,68772,15338,84110,1037
2021-11-14,Tuolumne,109,53932,7520,7439,110,7549,90
2021-11-14,Ventura,111,848112,99287,98550,4301,102851,1183
2021-11-14,Yolo,113,214977,20210,20040,1083,21123,255
2021-11-14,Yuba,115,75493,10324,10238,350,10588,85
2021-11-13,Alameda,001,1643700,120964,120407,2787,123194,1454
2021-11-13,Alpine,003,1148,102,105,0,105,0
2021-11-13,Amador,005,37829,5644,5614,64,5678,66
2021-11-13,Butte,007,227075,21421,21104,3894,24998,296
2021-11-13,Calaveras,009,45235,4252,4203,58,4261,83
2021-11-13,Colusa,011,21464,2566,2522,647,3169,19
2021-11-13,Contra Costa,013,1133247,100688,100004,2216,102220,1028
2021-11-13,Del Norte,015,27424,3714,3629,54,3683,42
2021-11-13,El Dorado,017,186661,16424,16163,1737,17900,159
2021-11-13,Fresno,019,978130,143475,141452,12858,154310,2205
2021-11-13,Glenn,021,27897,3550,3514,1022,4536,34
2021-11-13,Humboldt,023,135768,9308,9177,595,9772,115
2021-11-13,Imperial,025,180216,34381,33990,3287,37277,766
2021-11-13,Inyo,027,18085,2472,2436,38,2474,42
2021-11-13,Kern,029,883053,130384,128472,22917,151389,1719
2021-11-13,Kings,031,150075,32929,32452,1953,34405,347
2021-11-13,Lake,033,64148,6854,6769,152,6921,109
2021-11-13,Lassen,035,31185,6978,6897,393,7290,47
2021-11-13,Los Angeles,037,10098052,1455450,1443088,54356,1497444,26649
2021-11-13,Madera,039,155013,23850,23462,2184,25646,287
2021-11-13,Marin,041,260295,17815,17684,465,18149,247
2021-11-13,Mariposa,043,17540,1380,1323,51,1374,6
2021-11-13,Mendocino,045,87422,7801,7652,617,8269,89
2021-11-13,Merced,047,269075,42596,42411,1996,44407,644
2021-11-13,Modoc,049,8938,557,536,199,735,5
2021-11-13,Mono,051,14174,1768,1750,21,1771,4
2021-11-13,Monterey,053,433212,49224,48087,3013,51100,609
2021-11-13,Napa,055,140530,13195,13110,113,13223,103
2021-11-13,Nevada,057,99092,9498,9369,331,9700,92
2021-11-13,Orange,059,3164182,310852,308211,15431,323642,5641
2021-11-13,Placer,061,380077,37921,37453,3726,41179,445
2021-11-13,Plumas,063,18699,1885,1828,42,1870,8
2021-11-13,Riverside,065,2383286,368905,363801,16382,380183,5187
2021-11-13,Sacramento,067,1510023,161663,160397,4690,165087,2291
2021-11-13,San Benito,069,59416,7496,7491,170,7661,77
2021-11-13,San Bernardino,071,2135413,359781,356325,11308,367633,5873
2021-11-13,San Diego,073,3302833,379678,377633,22258,399891,4280
2021-11-13,San Francisco,075,870044,53852,53195,2333,55528,667
2021-11-13,San Joaquin,077,732212,101190,100263,5435,105698,1799
2021-11-13,San Luis Obispo,079,281455,30076,29589,1273,30862,351
2021-11-13,San Mateo,081,765935,54893,53853,902,54755,574
2021-11-13,Santa Barbara,083,443738,45138,44734,1555,46289,537
2021-11-13,Santa Clara,085,1922200,149370,147821,1400,149221,1905
2021-11-13,Santa Cruz,087,273765,20824,20565,1004,21569,223
2021-11-13,Shasta,089,179085,22048,21713,3628,25341,366
2021-11-13,Sierra,091,2930,193,188,21,209,0
2021-11-13,Siskiyou,093,43540,3384,3299,1307,4606,54
2021-11-13,Solano,095,438530,46491,45774,1287,47061,350
2021-11-13,Sonoma,097,501317,42200,41882,529,42411,399
2021-11-13,Stanislaus,099,539301,79850,79872,8930,88802,1174
2021-11-13,Sutter,101,95872,14026,14017,362,14379,181
2021-11-13,Tehama,103,63373,8693,8592,1495,10087,125
2021-11-13,Trinity,105,12862,877,749,212,961,17
2021-11-13,Tulare,107,460477,69864,68619,15315,83934,1033
2021-11-13,Tuolumne,109,53932,7502,7392,110,7502,90
2021-11-13,Ventura,111,848112,99229,98452,4298,102750,1183
2021-11-13,Yolo,113,214977,20196,20009,1078,21087,255
2021-11-13,Yuba,115,75493,10314,10218,348,10566,85
2021-11-12,Alameda,001,1643700,120878,120407,2784,123191,1454
2021-11-12,Alpine,003,1148,102,105,0,105,0
2021-11-12,Amador,005,37829,5640,5614,63,5677,66
2021-11-12,Butte,007,227075,21403,21104,3890,24994,296
2021-11-12,Calaveras,009,45235,4241,4203,58,4261,83
2021-11-12,Colusa,011,21464,2562,2522,646,3168,19
2021-11-12,Contra Costa,013,1133247,100634,100004,2215,102219,1028
2021-11-12,Del Norte,015,27424,3714,3629,54,3683,42
2021-11-12,El Dorado,017,186661,16405,16163,1736,17899,159
2021-11-12,Fresno,019,978130,143332,141452,12845,154297,2205
2021-11-12,Glenn,021,27897,3547,3514,1021,4535,34
2021-11-12,Humboldt,023,135768,9301,9177,593,9770,115
2021-11-12,Imperial,025,180216,34354,33990,3278,37268,766
2021-11-12,Inyo,027,18085,2468,2436,38,2474,42
2021-11-12,Kern,029,883053,130247,128472,22885,151357,1719
2021-11-12,Kings,031,150075,32903,32452,1951,34403,347
2021-11-12,Lake,033,64148,6850,6769,152,6921,109
2021-11-12,Lassen,035,31185,6974,6897,392,7289,47
2021-11-12,Los Angeles,037,10098052,1454723,1443088,54311,1497399,26649
2021-11-12,Madera,039,155013,23821,23462,2179,25641,287
2021-11-12,Marin,041,260295,17799,17684,464,18148,247
2021-11-12,Mariposa,043,17540,1373,1323,51,1374,6
2021-11-12,Mendocino,045,87422,7789,7652,614,8266,89
2021-11-12,Merced,047,269075,42567,42411,1994,44405,644
2021-11-12,Modoc,049,8938,556,536,199,735,5
2021-11-12,Mono,051,14174,1766,1750,21,1771,4
2021-11-12,Monterey,053,433212,49192,48087,3007,51094,609
2021-11-12,Napa,055,140530,13186,13110,113,13223,103
2021-11-12,Nevada,057,99092,9484,9369,330,9699,92
2021-11-12,Orange,059,3164182,310664,308211,15413,323624,5641
2021-11-12,Placer,061,380077,37882,37453,3723,41176,445
2021-11-12,Plumas,063,18699,1879,1828,42,1870,8
2021-11-12,Riverside,065,2383286,368638,363801,16378,380179,5187
2021-11-12,Sacramento,067,1510023,161504,160397,4685,165082,2291
2021-11-12,San Benito,069,59416,7496,7491,170,7661,77
2021-11-12,San Bernardino,071,2135413,359472,356325,11298,367623,5873
2021-11-12,San Diego,073,3302833,379311,377633,22236,399869,4280
2021-11-12,San Francisco,075,870044,53818,53195,2329,55524,667
2021-11-12,San Joaquin,077,732212,101145,100263,5428,105691,1799
2021-11-12,San Luis Obispo,079,281455,30047,29589,1272,30861,351
2021-11-12,San Mateo,081,765935,54843,53853,899,54752,574
2021-11-12,Santa Barbara,083,443738,45083,44734,1554,46288,537
2021-11-12,Santa Clara,085,1922200,149228,147821,1396,149217,1905
2021-11-12,Santa Cruz,087,273765,20796,20565,1002,21567,223
2021-11-12,Shasta,089,179085,22015,21713,3625,25338,366
2021-11-12,Sierra,091,2930,192,188,21,209,0
2021-11-12,Siskiyou,093,43540,3383,3299,1305,4604,54
2021-11-12,Solano,095,438530,46464,45774,1283,47057,350
2021-11-12,Sonoma,097,501317,42160,41882,529,42411,399
2021-11-12,Stanislaus,099,539301,79798,79872,8922,88794,1174
2021-11-12,Sutter,101,95872,14019,14017,362,14379,181
2021-11-12,Tehama,103,63373,8689,8592,1494,10086,125
2021-11-12,Trinity,105,12862,870,749,212,961,17
2021-11-12,Tulare,107,460477,69822,68619,15280,83899,1033
2021-11-12,Tuolumne,109,53932,7489,7392,109,7501,90
2021-11-12,Ventura,111,848112,99164,98452,4297,102749,1183
2021-11-12,Yolo,113,214977,20182,20009,1072,21081,255
2021-11-12,Yuba,115,75493,10305,10218,347,10565,85
2021-11-11,Alameda,001,1643700,120764,120147,2776,122923,1453
2021-11-11,Alpine,003,1148,102,105,0,105,0
2021-11-11,Amador,005,37829,5637,5603,62,5665,66
2021-11-11,Butte,007,227075,21360,21047,3883,24930,293
2021-11-11,Calaveras,009,45235,4223,4179,58,4237,83
2021-11-11,Colusa,011,21464,2554,2518,644,3162,19
2021-11-11,Contra Costa,013,1133247,100530,99808,2211,102019,1028
2021-11-11,Del Norte,015,27424,3712,3622,54,3676,42
2021-11-11,El Dorado,017,186661,16371,16085,1733,17818,159
2021-11-11,Fresno,019,978130,143127,140833,12811,153644,2202
2021-11-11,Glenn,021,27897,3545,3503,1020,4523,34
2021-11-11,Humboldt,023,135768,9278,9125,590,9715,115
2021-11-11,Imperial,025,180216,34285,33844,3256,37100,766
2021-11-11,Inyo,027,18085,2463,2428,38,2466,42
2021-11-11,Kern,029,883053,130062,128023,22822,150845,1709
2021-11-11,Kings,031,150075,32853,32318,1949,34267,345
2021-11-11,Lake,033,64148,6843,6745,152,6897,107
2021-11-11,Lassen,035,31185,6968,6875,392,7267,47
2021-11-11,Los Angeles,037,10098052,1453628,1440436,54253,1494689,26614
2021-11-11,Madera,039,155013,23773,23316,2171,25487,287
2021-11-11,Marin,041,260295,17789,17639,464,18103,247
2021-11-11,Mariposa,043,17540,1363,1317,51,1368,6
2021-11-11,Mendocino,045,87422,7774,7612,605,8217,89
2021-11-11,Merced,047,269075,42511,42292,1991,44283,643
2021-11-11,Modoc,049,8938,554,536,199,735,5
2021-11-11,Mono,051,14174,1762,1743,21,1764,4
2021-11-11,Monterey,053,433212,49157,48008,2995,51003,609
2021-11-11,Napa,055,140530,13178,13075,113,13188,103
2021-11-11,Nevada,057,99092,9462,9308,330,9638,92
2021-11-11,Orange,059,3164182,310391,307674,15376,323050,5633
2021-11-11,Placer,061,380077,37831,37333,3715,41048,440
2021-11-11,Plumas,063,18699,1875,1814,42,1856,7
2021-11-11,Riverside,065,2383286,368203,362930,16360,379290,5175
2021-11-11,Sacramento,067,1510023,161292,159962,4666,164628,2289
2021-11-11,San Benito,069,59416,7488,7473,170,7643,76
2021-11-11,San Bernardino,071,2135413,359041,355413,11285,366698,5849
2021-11-11,San Diego,073,3302833,378802,376428,22213,398641,4272
2021-11-11,San Francisco,075,870044,53759,53063,2328,55391,666
2021-11-11,San Joaquin,077,732212,101050,99937,5412,105349,1799
2021-11-11,San Luis Obispo,079,281455,29996,29532,1270,30802,351
2021-11-11,San Mateo,081,765935,54794,53722,894,54616,574
2021-11-11,Santa Barbara,083,443738,45026,44603,1551,46154,534
2021-11-11,Santa Clara,085,1922200,149046,147458,1390,148848,1901
2021-11-11,Santa Cruz,087,273765,20751,20479,1002,21481,222
2021-11-11,Shasta,089,179085,21968,21600,3623,25223,364
2021-11-11,Sierra,091,2930,191,186,21,207,0
2021-11-11,Siskiyou,093,43540,3377,3297,1304,4601,53
2021-11-11,Solano,095,438530,46427,45679,1282,46961,350
2021-11-11,Sonoma,097,501317,42123,41774,529,42303,395
2021-11-11,Stanislaus,099,539301,79716,79570,8906,88476,1166
2021-11-11,Sutter,101,95872,14005,13993,361,14354,181
2021-11-11,Tehama,103,63373,8677,8565,1492,10057,125
2021-11-11,Trinity,105,12862,869,748,212,960,17
2021-11-11,Tulare,107,460477,69729,68367,15244,83611,1028
2021-11-11,Tuolumne,109,53932,7476,7354,109,7463,90
2021-11-11,Ventura,111,848112,99086,98297,4290,102587,1182
2021-11-11,Yolo,113,214977,20155,19946,1070,21016,255
2021-11-11,Yuba,115,75493,10289,10191,347,10538,85
2021-11-10,Alameda,001,1643700,120654,120147,2767,122914,1453
2021-11-10,Alpine,003,1148,102,105,0,105,0
2021-11-10,Amador,005,37829,5631,5603,62,5665,66
2021-11-10,Butte,007,227075,21333,21047,3879,24926,293
2021-11-10,Calaveras,009,45235,4212,4179,58,4237,83
2021-11-10,Colusa,011,21464,2548,2518,644,3162,19
2021-11-10,Contra Costa,013,1133247,100447,99808,2207,102015,1028
2021-11-10,Del Norte,015,27424,3711,3622,54,3676,42
2021-11-10,El Dorado,017,186661,16355,16085,1732,17817,159
2021-11-10,Fresno,019,978130,142949,140833,12798,153631,2202
2021-11-10,Glenn,021,27897,3545,3503,1019,4522,34
2021-11-10,Humboldt,023,135768,9260,9125,590,9715,115
2021-11-10,Imperial,025,180216,34237,33844,3237,37081,766
2021-11-10,Inyo,027,18085,2456,2428,38,2466,42
2021-11-10,Kern,029,883053,129912,128023,22767,150790,1709
2021-11-10,Kings,031,150075,32820,32318,1947,34265,345
2021-11-10,Lake,033,64148,6833,6745,152,6897,107
2021-11-10,Lassen,035,31185,6963,6875,392,7267,47
2021-11-10,Los Angeles,037,10098052,1452678,1440436,54195,1494631,26614
2021-11-10,Madera,039,155013,23723,23316,2165,25481,287
2021-11-10,Marin,041,260295,17776,17639,462,18101,247
2021-11-10,Mariposa,043,17540,1357,1317,51,1368,6
2021-11-10,Mendocino,045,87422,7762,7612,604,8216,89
2021-11-10,Merced,047,269075,42476,42292,1989,44281,643
2021-11-10,Modoc,049,8938,553,536,198,734,5
2021-11-10,Mono,051,14174,1760,1743,21,1764,4
2021-11-10,Monterey,053,433212,49123,48008,2984,50992,609
2021-11-10,Napa,055,140530,13164,13075,112,13187,103
2021-11-10,Nevada,057,99092,9455,9308,328,9636,92
2021-11-10,Orange,059,3164182,310127,307674,15344,323018,5633
2021-11-10,Placer,061,380077,37785,37333,3708,41041,440
2021-11-10,Plumas,063,18699,1869,1814,41,1855,7
2021-11-10,Riverside,065,2383286,367823,362930,16354,379284,5175
2021-11-10,Sacramento,067,1510023,161137,159962,4656,164618,2289
2021-11-10,San Benito,069,59416,7480,7473,170,7643,76
2021-11-10,San Bernardino,071,2135413,358700,355413,11278,366691,5849
2021-11-10,San Diego,073,3302833,378398,376428,22191,398619,4272
2021-11-10,San Francisco,075,870044,53698,53063,2325,55388,666
2021-11-10,San Joaquin,077,732212,100944,99937,5407,105344,1799
2021-11-10,San Luis Obispo,079,281455,29965,29532,1269,30801,351
2021-11-10,San Mateo,081,765935,54741,53722,893,54615,574
2021-11-10,Santa Barbara,083,443738,44988,44603,1550,46153,534
2021-11-10,Santa Clara,085,1922200,148899,147458,1384,148842,1901
2021-11-10,Santa Cruz,087,273765,20724,20479,1001,21480,222
2021-11-10,Shasta,089,179085,21932,21600,3621,25221,364
2021-11-10,Sierra,091,2930,190,186,21,207,0
2021-11-10,Siskiyou,093,43540,3375,3297,1304,4601,53
2021-11-10,Solano,095,438530,46397,45679,1280,46959,350
2021-11-10,Sonoma,097,501317,42072,41774,529,42303,395
2021-11-10,Stanislaus,099,539301,79614,79570,8890,88460,1166
2021-11-10,Sutter,101,95872,13997,13993,361,14354,181
2021-11-10,Tehama,103,63373,8665,8565,1486,10051,125
2021-11-10,Trinity,105,12862,865,748,211,959,17
2021-11-10,Tulare,107,460477,69669,68367,15205,83572,1028
2021-11-10,Tuolumne,109,53932,7452,7354,109,7463,90
2021-11-10,Ventura,111,848112,99015,98297,4290,102587,1182
2021-11-10,Yolo,113,214977,20136,19946,1069,21015,255
2021-11-10,Yuba,115,75493,10280,10191,347,10538,85
2021-11-09,Alameda,001,1643700,120516,120051,2758,122809,1450
2021-11-09,Alpine,003,1148,102,105,0,105,0
2021-11-09,Amador,005,37829,5625,5596,62,5658,66
2021-11-09,Butte,007,227075,21309,21022,3875,24897,291
2021-11-09,Calaveras,009,45235,4208,4174,58,4232,84
2021-11-09,Colusa,011,21464,2543,2517,643,3160,19
2021-11-09,Contra Costa,013,1133247,100352,99732,2199,101931,1028
2021-11-09,Del Norte,015,27424,3710,3620,54,3674,42
2021-11-09,El Dorado,017,186661,16317,16073,1727,17800,160
2021-11-09,Fresno,019,978130,142703,140666,12783,153449,2188
2021-11-09,Glenn,021,27897,3540,3499,1018,4517,34
2021-11-09,Humboldt,023,135768,9239,9112,585,9697,115
2021-11-09,Imperial,025,180216,34184,33751,3223,36974,766
2021-11-09,Inyo,027,18085,2452,2404,38,2442,42
2021-11-09,Kern,029,883053,129666,127901,22705,150606,1694
2021-11-09,Kings,031,150075,32753,32279,1943,34222,344
2021-11-09,Lake,033,64148,6824,6743,152,6895,106
2021-11-09,Lassen,035,31185,6951,6846,392,7238,47
2021-11-09,Los Angeles,037,10098052,1451416,1439125,54133,1493258,26581
2021-11-09,Madera,039,155013,23673,23285,2156,25441,287
2021-11-09,Marin,041,260295,17757,17630,460,18090,247
2021-11-09,Mariposa,043,17540,1349,1317,51,1368,5
2021-11-09,Mendocino,045,87422,7739,7598,598,8196,85
2021-11-09,Merced,047,269075,42435,42251,1983,44234,613
2021-11-09,Modoc,049,8938,552,536,196,732,5
2021-11-09,Mono,051,14174,1755,1738,21,1759,4
2021-11-09,Monterey,053,433212,49087,47975,2960,50935,609
2021-11-09,Napa,055,140530,13146,13051,112,13163,103
2021-11-09,Nevada,057,99092,9436,9288,328,9616,92
2021-11-09,Orange,059,3164182,309843,307412,15317,322729,5621
2021-11-09,Placer,061,380077,37730,37291,3691,40982,440
2021-11-09,Plumas,063,18699,1867,1802,41,1843,7
2021-11-09,Riverside,065,2383286,367357,362557,16340,378897,5160
2021-11-09,Sacramento,067,1510023,160895,159856,4647,164503,2286
2021-11-09,San Benito,069,59416,7470,7471,169,7640,76
2021-11-09,San Bernardino,071,2135413,358249,354972,11261,366233,5839
2021-11-09,San Diego,073,3302833,377903,375997,22165,398162,4272
2021-11-09,San Francisco,075,870044,53624,52996,2319,55315,666
2021-11-09,San Joaquin,077,732212,100770,99848,5394,105242,1794
2021-11-09,San Luis Obispo,079,281455,29923,29488,1268,30756,350
2021-11-09,San Mateo,081,765935,54695,53697,884,54581,574
2021-11-09,Santa Barbara,083,443738,44921,44579,1543,46122,533
2021-11-09,Santa Clara,085,1922200,148693,147281,1377,148658,1901
2021-11-09,Santa Cruz,087,273765,20690,20463,1000,21463,222
2021-11-09,Shasta,089,179085,21877,21558,3616,25174,364
2021-11-09,Sierra,091,2930,190,186,21,207,0
2021-11-09,Siskiyou,093,43540,3373,3295,1302,4597,52
2021-11-09,Solano,095,438530,46342,45639,1279,46918,350
2021-11-09,Sonoma,097,501317,42015,41727,527,42254,395
2021-11-09,Stanislaus,099,539301,79508,79505,8873,88378,1165
2021-11-09,Sutter,101,95872,13982,13988,359,14347,180
2021-11-09,Tehama,103,63373,8647,8555,1484,10039,125
2021-11-09,Trinity,105,12862,864,746,211,957,17
2021-11-09,Tulare,107,460477,69563,68298,15166,83464,1024
2021-11-09,Tuolumne,109,53932,7432,7347,109,7456,90
2021-11-09,Ventura,111,848112,98937,98202,4285,102487,1182
2021-11-09,Yolo,113,214977,20112,19931,1065,20996,255
2021-11-09,Yuba,115,75493,10263,10175,341,10516,85
2021-11-08,Alameda,001,1643700,120374,119983,2752,122735,1447
2021-11-08,Alpine,003,1148,102,105,0,105,0
2021-11-08,Amador,005,37829,5619,5590,62,5652,66
2021-11-08,Butte,007,227075,21281,21000,3866,24866,288
2021-11-08,Calaveras,009,45235,4200,4166,58,4224,82
2021-11-08,Colusa,011,21464,2542,2514,642,3156,19
2021-11-08,Contra Costa,013,1133247,100248,99669,2195,101864,1028
2021-11-08,Del Norte,015,27424,3706,3619,54,3673,42
2021-11-08,El Dorado,017,186661,16298,16055,1722,17777,156
2021-11-08,Fresno,019,978130,142402,140466,12761,153227,2179
2021-11-08,Glenn,021,27897,3538,3496,1014,4510,34
2021-11-08,Humboldt,023,135768,9213,9095,575,9670,109
2021-11-08,Imperial,025,180216,34104,33690,3205,36895,766
2021-11-08,Inyo,027,18085,2445,2398,38,2436,41
2021-11-08,Kern,029,883053,129430,127722,22622,150344,1692
2021-11-08,Kings,031,150075,32707,32248,1942,34190,344
2021-11-08,Lake,033,64148,6818,6737,152,6889,106
2021-11-08,Lassen,035,31185,6944,6830,390,7220,46
2021-11-08,Los Angeles,037,10098052,1450071,1438322,54075,1492397,26575
2021-11-08,Madera,039,155013,23624,23253,2145,25398,287
2021-11-08,Marin,041,260295,17740,17617,457,18074,247
2021-11-08,Mariposa,043,17540,1341,1316,50,1366,5
2021-11-08,Mendocino,045,87422,7726,7581,592,8173,85
2021-11-08,Merced,047,269075,42365,42224,1973,44197,607
2021-11-08,Modoc,049,8938,551,529,196,725,5
2021-11-08,Mono,051,14174,1751,1739,21,1760,4
2021-11-08,Monterey,053,433212,49046,47942,2940,50882,602
2021-11-08,Napa,055,140530,13132,13045,112,13157,103
2021-11-08,Nevada,057,99092,9417,9278,326,9604,92
2021-11-08,Orange,059,3164182,309571,307156,15286,322442,5616
2021-11-08,Placer,061,380077,37676,37250,3688,40938,439
2021-11-08,Plumas,063,18699,1866,1788,40,1828,7
2021-11-08,Riverside,065,2383286,366902,362201,16326,378527,5152
2021-11-08,Sacramento,067,1510023,160679,159735,4626,164361,2275
2021-11-08,San Benito,069,59416,7468,7461,169,7630,75
2021-11-08,San Bernardino,071,2135413,357738,354741,11243,365984,5836
2021-11-08,San Diego,073,3302833,377341,375557,22118,397675,4259
2021-11-08,San Francisco,075,870044,53571,52942,2313,55255,666
2021-11-08,San Joaquin,077,732212,100653,99736,5392,105128,1794
2021-11-08,San Luis Obispo,079,281455,29871,29464,1263,30727,350
2021-11-08,San Mateo,081,765935,54622,53658,879,54537,574
2021-11-08,Santa Barbara,083,443738,44867,44548,1542,46090,532
2021-11-08,Santa Clara,085,1922200,148467,147183,1371,148554,1899
2021-11-08,Santa Cruz,087,273765,20661,20435,1000,21435,222
2021-11-08,Shasta,089,179085,21830,21504,3610,25114,354
2021-11-08,Sierra,091,2930,190,183,21,204,0
2021-11-08,Siskiyou,093,43540,3369,3290,1291,4581,50
2021-11-08,Solano,095,438530,46301,45613,1275,46888,350
2021-11-08,Sonoma,097,501317,41947,41669,526,42195,395
2021-11-08,Stanislaus,099,539301,79356,79417,8859,88276,1150
2021-11-08,Sutter,101,95872,13974,13976,355,14331,180
2021-11-08,Tehama,103,63373,8638,8534,1484,10018,123
2021-11-08,Trinity,105,12862,864,743,210,953,13
2021-11-08,Tulare,107,460477,69446,68199,15128,83327,1020
2021-11-08,Tuolumne,109,53932,7413,7328,108,7436,90
2021-11-08,Ventura,111,848112,98844,98144,4283,102427,1182
2021-11-08,Yolo,113,214977,20074,19916,1060,20976,255
2021-11-08,Yuba,115,75493,10252,10172,338,10510,83
2021-11-07,Alameda,001,1643700,120217,119902,2746,122648,1444
2021-11-07,Alpine,003,1148,102,105,0,105,0
2021-11-07,Amador,005,37829,5611,5580,60,5640,66
2021-11-07,Butte,007,227075,21240,20969,3857,24826,288
2021-11-07,Calaveras,009,45235,4173,4158,57,4215,82
2021-11-07,Colusa,011,21464,2536,2511,640,3151,19
2021-11-07,Contra Costa,013,1133247,100137,99596,2186,101782,1028
2021-11-07,Del Norte,015,27424,3704,3617,54,3671,42
2021-11-07,El Dorado,017,186661,16261,16040,1719,17759,156
2021-11-07,Fresno,019,978130,142061,140263,12734,152997,2179
2021-11-07,Glenn,021,27897,3531,3493,1013,4506,34
2021-11-07,Humboldt,023,135768,9189,9074,571,9645,109
2021-11-07,Imperial,025,180216,34031,33674,3186,36860,766
2021-11-07,Inyo,027,18085,2432,2394,38,2432,41
2021-11-07,Kern,029,883053,129158,127583,22531,150114,1692
2021-11-07,Kings,031,150075,32616,32221,1939,34160,343
2021-11-07,Lake,033,64148,6802,6734,151,6885,106
2021-11-07,Lassen,035,31185,6936,6819,386,7205,46
2021-11-07,Los Angeles,037,10098052,1448577,1437314,54000,1491314,26573
2021-11-07,Madera,039,155013,23579,23225,2137,25362,287
2021-11-07,Marin,041,260295,17720,17594,456,18050,247
2021-11-07,Mariposa,043,17540,1339,1306,50,1356,5
2021-11-07,Mendocino,045,87422,7698,7567,588,8155,85
2021-11-07,Merced,047,269075,42287,42186,1942,44128,607
2021-11-07,Modoc,049,8938,548,528,195,723,5
2021-11-07,Mono,051,14174,1745,1739,21,1760,4
2021-11-07,Monterey,053,433212,48994,47924,2936,50860,602
2021-11-07,Napa,055,140530,13111,13041,112,13153,103
2021-11-07,Nevada,057,99092,9369,9254,326,9580,92
2021-11-07,Orange,059,3164182,309247,306954,15248,322202,5616
2021-11-07,Placer,061,380077,37600,37202,3673,40875,439
2021-11-07,Plumas,063,18699,1859,1787,39,1826,7
2021-11-07,Riverside,065,2383286,366365,361960,16306,378266,5152
2021-11-07,Sacramento,067,1510023,160447,159549,4609,164158,2277
2021-11-07,San Benito,069,59416,7455,7460,169,7629,75
2021-11-07,San Bernardino,071,2135413,357223,354488,11220,365708,5832
2021-11-07,San Diego,073,3302833,376760,375165,22085,397250,4250
2021-11-07,San Francisco,075,870044,53487,52868,2307,55175,666
2021-11-07,San Joaquin,077,732212,100468,99696,5386,105082,1794
2021-11-07,San Luis Obispo,079,281455,29821,29454,1259,30713,350
2021-11-07,San Mateo,081,765935,54563,53600,877,54477,574
2021-11-07,Santa Barbara,083,443738,44804,44501,1541,46042,532
2021-11-07,Santa Clara,085,1922200,148263,147054,1358,148412,1898
2021-11-07,Santa Cruz,087,273765,20603,20397,999,21396,222
2021-11-07,Shasta,089,179085,21782,21479,3604,25083,354
2021-11-07,Sierra,091,2930,188,183,21,204,0
2021-11-07,Siskiyou,093,43540,3363,3289,1289,4578,51
2021-11-07,Solano,095,438530,46246,45582,1268,46850,350
2021-11-07,Sonoma,097,501317,41897,41630,525,42155,395
2021-11-07,Stanislaus,099,539301,79201,79351,8837,88188,1150
2021-11-07,Sutter,101,95872,13961,13964,352,14316,180
2021-11-07,Tehama,103,63373,8613,8528,1482,10010,121
2021-11-07,Trinity,105,12862,863,742,209,951,13
2021-11-07,Tulare,107,460477,69293,68145,15085,83230,1020
2021-11-07,Tuolumne,109,53932,7395,7300,106,7406,90
2021-11-07,Ventura,111,848112,98753,98085,4281,102366,1182
2021-11-07,Yolo,113,214977,20053,19899,1056,20955,255
2021-11-07,Yuba,115,75493,10235,10162,333,10495,83
2021-11-06,Alameda,001,1643700,120153,119499,2743,122242,1436
2021-11-06,Alpine,003,1148,102,105,0,105,0
2021-11-06,Amador,005,37829,5605,5557,60,5617,66
2021-11-06,Butte,007,227075,21220,20796,3853,24649,288
2021-11-06,Calaveras,009,45235,4165,4105,57,4162,82
2021-11-06,Colusa,011,21464,2535,2501,639,3140,19
2021-11-06,Contra Costa,013,1133247,100082,99282,2184,101466,1025
2021-11-06,Del Norte,015,27424,3701,3607,54,3661,42
2021-11-06,El Dorado,017,186661,16244,15958,1719,17677,156
2021-11-06,Fresno,019,978130,141943,139249,12729,151978,2170
2021-11-06,Glenn,021,27897,3528,3479,1013,4492,33
2021-11-06,Humboldt,023,135768,9177,8972,567,9539,109
2021-11-06,Imperial,025,180216,33987,33471,3180,36651,766
2021-11-06,Inyo,027,18085,2426,2353,38,2391,41
2021-11-06,Kern,029,883053,129024,126848,22479,149327,1684
2021-11-06,Kings,031,150075,32583,32018,1934,33952,342
2021-11-06,Lake,033,64148,6800,6695,151,6846,106
2021-11-06,Lassen,035,31185,6931,6796,385,7181,46
2021-11-06,Los Angeles,037,10098052,1447806,1433081,53957,1487038,26533
2021-11-06,Madera,039,155013,23543,22994,2127,25121,287
2021-11-06,Marin,041,260295,17701,17520,453,17973,247
2021-11-06,Mariposa,043,17540,1337,1282,50,1332,5
2021-11-06,Mendocino,045,87422,7676,7486,588,8074,85
2021-11-06,Merced,047,269075,42263,41958,1934,43892,604
2021-11-06,Modoc,049,8938,547,523,195,718,5
2021-11-06,Mono,051,14174,1743,1725,21,1746,4
2021-11-06,Monterey,053,433212,48962,47830,2926,50756,602
2021-11-06,Napa,055,140530,13101,12950,112,13062,103
2021-11-06,Nevada,057,99092,9347,9169,325,9494,91
2021-11-06,Orange,059,3164182,309040,306049,15222,321271,5611
2021-11-06,Placer,061,380077,37559,36967,3670,40637,438
2021-11-06,Plumas,063,18699,1855,1755,38,1793,7
2021-11-06,Riverside,065,2383286,366046,360584,16298,376882,5138
2021-11-06,Sacramento,067,1510023,160354,158766,4604,163370,2263
2021-11-06,San Benito,069,59416,7448,7429,169,7598,75
2021-11-06,San Bernardino,071,2135413,356953,353142,11216,364358,5813
2021-11-06,San Diego,073,3302833,376424,373423,22067,395490,4246
2021-11-06,San Francisco,075,870044,53434,52556,2304,54860,666
2021-11-06,San Joaquin,077,732212,100410,99372,5385,104757,1782
2021-11-06,San Luis Obispo,079,281455,29793,29335,1255,30590,350
2021-11-06,San Mateo,081,765935,54528,53442,876,54318,574
2021-11-06,Santa Barbara,083,443738,44768,44301,1540,45841,532
2021-11-06,Santa Clara,085,1922200,148118,146519,1353,147872,1894
2021-11-06,Santa Cruz,087,273765,20584,20311,997,21308,222
2021-11-06,Shasta,089,179085,21763,21281,3599,24880,349
2021-11-06,Sierra,091,2930,188,181,21,202,0
2021-11-06,Siskiyou,093,43540,3363,3279,1287,4566,48
2021-11-06,Solano,095,438530,46216,45465,1267,46732,350
2021-11-06,Sonoma,097,501317,41847,41398,524,41922,395
2021-11-06,Stanislaus,099,539301,79133,78902,8829,87731,1193
2021-11-06,Sutter,101,95872,13957,13908,351,14259,180
2021-11-06,Tehama,103,63373,8602,8474,1480,9954,120
2021-11-06,Trinity,105,12862,860,732,209,941,11
2021-11-06,Tulare,107,460477,69243,67767,15056,82823,1010
2021-11-06,Tuolumne,109,53932,7383,7245,106,7351,90
2021-11-06,Ventura,111,848112,98686,97770,4276,102046,1180
2021-11-06,Yolo,113,214977,20036,19827,1052,20879,255
2021-11-06,Yuba,115,75493,10221,10107,333,10440,83
2021-11-05,Alameda,001,1643700,120069,119499,2741,122240,1436
2021-11-05,Alpine,003,1148,102,105,0,105,0
2021-11-05,Amador,005,37829,5600,5557,60,5617,66
2021-11-05,Butte,007,227075,21207,20796,3852,24648,288
2021-11-05,Calaveras,009,45235,4160,4105,57,4162,82
2021-11-05,Colusa,011,21464,2535,2501,638,3139,19
2021-11-05,Contra Costa,013,1133247,100017,99282,2182,101464,1025
2021-11-05,Del Norte,015,27424,3699,3607,54,3661,42
2021-11-05,El Dorado,017,186661,16227,15958,1713,17671,156
2021-11-05,Fresno,019,978130,141765,139249,12719,151968,2170
2021-11-05,Glenn,021,27897,3528,3479,1012,4491,33
2021-11-05,Humboldt,023,135768,9163,8972,567,9539,109
2021-11-05,Imperial,025,180216,33951,33471,3177,36648,766
2021-11-05,Inyo,027,18085,2418,2353,38,2391,41
2021-11-05,Kern,029,883053,128897,126848,22424,149272,1684
2021-11-05,Kings,031,150075,32559,32018,1933,33951,342
2021-11-05,Lake,033,64148,6794,6695,151,6846,106
2021-11-05,Lassen,035,31185,6927,6796,384,7180,46
2021-11-05,Los Angeles,037,10098052,1446984,1433081,53919,1487000,26533
2021-11-05,Madera,039,155013,23505,22994,2126,25120,287
2021-11-05,Marin,041,260295,17679,17520,452,17972,247
2021-11-05,Mariposa,043,17540,1334,1282,49,1331,5
2021-11-05,Mendocino,045,87422,7665,7486,587,8073,85
2021-11-05,Merced,047,269075,42237,41958,1925,43883,604
2021-11-05,Modoc,049,8938,547,523,195,718,5
2021-11-05,Mono,051,14174,1742,1725,21,1746,4
2021-11-05,Monterey,053,433212,48932,47830,2924,50754,602
2021-11-05,Napa,055,140530,13079,12950,112,13062,103
2021-11-05,Nevada,057,99092,9334,9169,325,9494,91
2021-11-05,Orange,059,3164182,308843,306049,15200,321249,5611
2021-11-05,Placer,061,380077,37532,36967,3661,40628,438
2021-11-05,Plumas,063,18699,1847,1755,38,1793,7
2021-11-05,Riverside,065,2383286,365705,360584,16288,376872,5138
2021-11-05,Sacramento,067,1510023,160232,158766,4598,163364,2263
2021-11-05,San Benito,069,59416,7446,7429,168,7597,75
2021-11-05,San Bernardino,071,2135413,356621,353142,11206,364348,5813
2021-11-05,San Diego,073,3302833,376071,373423,22055,395478,4246
2021-11-05,San Francisco,075,870044,53383,52556,2301,54857,666
2021-11-05,San Joaquin,077,732212,100357,99372,5376,104748,1782
2021-11-05,San Luis Obispo,079,281455,29770,29335,1255,30590,350
2021-11-05,San Mateo,081,765935,54486,53442,874,54316,574
2021-11-05,Santa Barbara,083,443738,44723,44301,1539,45840,532
2021-11-05,Santa Clara,085,1922200,147981,146519,1352,147871,1894
2021-11-05,Santa Cruz,087,273765,20560,20311,996,21307,222
2021-11-05,Shasta,089,179085,21731,21281,3594,24875,349
2021-11-05,Sierra,091,2930,188,181,21,202,0
2021-11-05,Siskiyou,093,43540,3358,3279,1286,4565,48
2021-11-05,Solano,095,438530,46171,45465,1265,46730,350
2021-11-05,Sonoma,097,501317,41807,41398,524,41922,395
2021-11-05,Stanislaus,099,539301,79075,78902,8817,87719,1193
2021-11-05,Sutter,101,95872,13949,13908,350,14258,180
2021-11-05,Tehama,103,63373,8595,8474,1479,9953,120
2021-11-05,Trinity,105,12862,860,732,209,941,11
2021-11-05,Tulare,107,460477,69171,67767,15019,82786,1010
2021-11-05,Tuolumne,109,53932,7366,7245,105,7350,90
2021-11-05,Ventura,111,848112,98646,97770,4273,102043,1180
2021-11-05,Yolo,113,214977,20025,19827,1051,20878,255
2021-11-05,Yuba,115,75493,10208,10107,331,10438,83
2021-11-04,Alameda,001,1643700,119953,119499,2735,122234,1436
2021-11-04,Alpine,003,1148,102,105,0,105,0
2021-11-04,Amador,005,37829,5592,5557,60,5617,66
2021-11-04,Butte,007,227075,21165,20796,3841,24637,288
2021-11-04,Calaveras,009,45235,4146,4105,55,4160,82
2021-11-04,Colusa,011,21464,2529,2501,637,3138,19
2021-11-04,Contra Costa,013,1133247,99926,99282,2177,101459,1025
2021-11-04,Del Norte,015,27424,3696,3607,54,3661,42
2021-11-04,El Dorado,017,186661,16201,15958,1709,17667,156
2021-11-04,Fresno,019,978130,141483,139249,12710,151959,2170
2021-11-04,Glenn,021,27897,3523,3479,1011,4490,33
2021-11-04,Humboldt,023,135768,9138,8972,564,9536,109
2021-11-04,Imperial,025,180216,33894,33471,3168,36639,766
2021-11-04,Inyo,027,18085,2410,2353,38,2391,41
2021-11-04,Kern,029,883053,128665,126848,22355,149203,1684
2021-11-04,Kings,031,150075,32480,32018,1924,33942,342
2021-11-04,Lake,033,64148,6784,6695,149,6844,106
2021-11-04,Lassen,035,31185,6917,6796,379,7175,46
2021-11-04,Los Angeles,037,10098052,1445665,1433081,53838,1486919,26533
2021-11-04,Madera,039,155013,23450,22994,2115,25109,287
2021-11-04,Marin,041,260295,17667,17520,450,17970,247
2021-11-04,Mariposa,043,17540,1327,1282,49,1331,5
2021-11-04,Mendocino,045,87422,7652,7486,581,8067,85
2021-11-04,Merced,047,269075,42183,41958,1921,43879,604
2021-11-04,Modoc,049,8938,546,523,195,718,5
2021-11-04,Mono,051,14174,1737,1725,21,1746,4
2021-11-04,Monterey,053,433212,48888,47830,2908,50738,602
2021-11-04,Napa,055,140530,13058,12950,112,13062,103
2021-11-04,Nevada,057,99092,9303,9169,324,9493,91
2021-11-04,Orange,059,3164182,308595,306049,15182,321231,5611
2021-11-04,Placer,061,380077,37460,36967,3652,40619,438
2021-11-04,Plumas,063,18699,1839,1755,34,1789,7
2021-11-04,Riverside,065,2383286,365307,360584,16279,376863,5138
2021-11-04,Sacramento,067,1510023,159998,158766,4578,163344,2263
2021-11-04,San Benito,069,59416,7440,7429,168,7597,75
2021-11-04,San Bernardino,071,2135413,356183,353142,11198,364340,5813
2021-11-04,San Diego,073,3302833,375602,373423,22034,395457,4246
2021-11-04,San Francisco,075,870044,53302,52556,2297,54853,666
2021-11-04,San Joaquin,077,732212,100250,99372,5364,104736,1782
2021-11-04,San Luis Obispo,079,281455,29746,29335,1249,30584,350
2021-11-04,San Mateo,081,765935,54427,53442,868,54310,574
2021-11-04,Santa Barbara,083,443738,44667,44301,1539,45840,532
2021-11-04,Santa Clara,085,1922200,147827,146519,1348,147867,1894
2021-11-04,Santa Cruz,087,273765,20525,20311,996,21307,222
2021-11-04,Shasta,089,179085,21673,21281,3588,24869,349
2021-11-04,Sierra,091,2930,186,181,21,202,0
2021-11-04,Siskiyou,093,43540,3354,3279,1279,4558,48
2021-11-04,Solano,095,438530,46129,45465,1264,46729,350
2021-11-04,Sonoma,097,501317,41747,41398,524,41922,395
2021-11-04,Stanislaus,099,539301,78937,78902,8809,87711,1193
2021-11-04,Sutter,101,95872,13938,13908,348,14256,180
2021-11-04,Tehama,103,63373,8586,8474,1475,9949,120
2021-11-04,Trinity,105,12862,859,732,209,941,11
2021-11-04,Tulare,107,460477,69056,67767,14972,82739,1010
2021-11-04,Tuolumne,109,53932,7344,7245,103,7348,90
2021-11-04,Ventura,111,848112,98558,97770,4270,102040,1180
2021-11-04,Yolo,113,214977,20000,19827,1046,20873,255
2021-11-04,Yuba,115,75493,10194,10107,329,10436,83
2021-11-03,Alameda,001,1643700,119812,119356,2731,122087,1428
2021-11-03,Alpine,003,1148,102,105,0,105,0
2021-11-03,Amador,005,37829,5586,5545,59,5604,66
2021-11-03,Butte,007,227075,21120,20769,3832,24601,284
2021-11-03,Calaveras,009,45235,4128,4087,54,4141,82
2021-11-03,Colusa,011,21464,2523,2499,637,3136,20
2021-11-03,Contra Costa,013,1133247,99827,99168,2172,101340,1025
2021-11-03,Del Norte,015,27424,3694,3600,53,3653,42
2021-11-03,El Dorado,017,186661,16174,15915,1705,17620,156
2021-11-03,Fresno,019,978130,141121,138873,12688,151561,2166
2021-11-03,Glenn,021,27897,3519,3470,1011,4481,33
2021-11-03,Humboldt,023,135768,9121,8949,559,9508,109
2021-11-03,Imperial,025,180216,33822,33402,3158,36560,766
2021-11-03,Inyo,027,18085,2389,2344,38,2382,41
2021-11-03,Kern,029,883053,128405,126523,22255,148778,1681
2021-11-03,Kings,031,150075,32426,31923,1917,33840,341
2021-11-03,Lake,033,64148,6768,6685,149,6834,106
2021-11-03,Lassen,035,31185,6901,6782,374,7156,46
2021-11-03,Los Angeles,037,10098052,1444311,1431209,53755,1484964,26517
2021-11-03,Madera,039,155013,23382,22893,2106,24999,287
2021-11-03,Marin,041,260295,17646,17491,446,17937,247
2021-11-03,Mariposa,043,17540,1317,1276,49,1325,5
2021-11-03,Mendocino,045,87422,7636,7457,573,8030,84
2021-11-03,Merced,047,269075,42122,41849,1911,43760,597
2021-11-03,Modoc,049,8938,546,521,193,714,5
2021-11-03,Mono,051,14174,1733,1719,21,1740,4
2021-11-03,Monterey,053,433212,48838,47794,2895,50689,601
2021-11-03,Napa,055,140530,13046,12937,111,13048,103
2021-11-03,Nevada,057,99092,9276,9131,323,9454,91
2021-11-03,Orange,059,3164182,308284,305661,15150,320811,5607
2021-11-03,Placer,061,380077,37390,36868,3647,40515,438
2021-11-03,Plumas,063,18699,1828,1739,33,1772,7
2021-11-03,Riverside,065,2383286,364849,360060,16275,376335,5131
2021-11-03,Sacramento,067,1510023,159773,158311,4568,162879,2259
2021-11-03,San Benito,069,59416,7432,7419,168,7587,75
2021-11-03,San Bernardino,071,2135413,355708,352225,11178,363403,5813
2021-11-03,San Diego,073,3302833,375102,372951,22011,394962,4241
2021-11-03,San Francisco,075,870044,53210,52493,2292,54785,663
2021-11-03,San Joaquin,077,732212,100138,99188,5354,104542,1776
2021-11-03,San Luis Obispo,079,281455,29704,29276,1243,30519,348
2021-11-03,San Mateo,081,765935,54363,53396,862,54258,571
2021-11-03,Santa Barbara,083,443738,44610,44220,1536,45756,531
2021-11-03,Santa Clara,085,1922200,147657,146259,1341,147600,1897
2021-11-03,Santa Cruz,087,273765,20490,20275,996,21271,222
2021-11-03,Shasta,089,179085,21615,21215,3581,24796,346
2021-11-03,Sierra,091,2930,184,180,21,201,0
2021-11-03,Siskiyou,093,43540,3350,3276,1277,4553,46
2021-11-03,Solano,095,438530,46102,45411,1262,46673,351
2021-11-03,Sonoma,097,501317,41670,41326,522,41848,395
2021-11-03,Stanislaus,099,539301,78806,78736,8793,87529,1193
2021-11-03,Sutter,101,95872,13925,13876,346,14222,179
2021-11-03,Tehama,103,63373,8574,8438,1475,9913,118
2021-11-03,Trinity,105,12862,858,730,209,939,11
2021-11-03,Tulare,107,460477,68928,67588,14931,82519,1007
2021-11-03,Tuolumne,109,53932,7326,7218,101,7319,90
2021-11-03,Ventura,111,848112,98450,97682,4266,101948,1178
2021-11-03,Yolo,113,214977,19982,19758,1038,20796,250
2021-11-03,Yuba,115,75493,10182,10092,329,10421,83
2021-11-02,Alameda,001,1643700,119667,119241,2725,121966,1425
2021-11-02,Alpine,003,1148,101,105,0,105,0
2021-11-02,Amador,005,37829,5581,5535,59,5594,66
2021-11-02,Butte,007,227075,21076,20744,3820,24564,282
2021-11-02,Calaveras,009,45235,4105,4075,54,4129,82
2021-11-02,Colusa,011,21464,2518,2497,636,3133,19
2021-11-02,Contra Costa,013,1133247,99723,99080,2160,101240,1025
2021-11-02,Del Norte,015,27424,3692,3596,53,3649,42
2021-11-02,El Dorado,017,186661,16145,15883,1705,17588,154
2021-11-02,Fresno,019,978130,140797,138644,12657,151301,2158
2021-11-02,Glenn,021,27897,3511,3469,1008,4477,33
2021-11-02,Humboldt,023,135768,9079,8937,558,9495,109
2021-11-02,Imperial,025,180216,33749,33371,3146,36517,766
2021-11-02,Inyo,027,18085,2382,2324,38,2362,41
2021-11-02,Kern,029,883053,128150,126311,22135,148446,1665
2021-11-02,Kings,031,150075,32367,31896,1912,33808,339
2021-11-02,Lake,033,64148,6763,6681,148,6829,106
2021-11-02,Lassen,035,31185,6889,6777,371,7148,45
2021-11-02,Los Angeles,037,10098052,1442864,1429601,53679,1483280,26496
2021-11-02,Madera,039,155013,23301,22837,2095,24932,287
2021-11-02,Marin,041,260295,17618,17482,446,17928,247
2021-11-02,Mariposa,043,17540,1306,1270,48,1318,5
2021-11-02,Mendocino,045,87422,7612,7447,561,8008,84
2021-11-02,Merced,047,269075,42055,41785,1903,43688,596
2021-11-02,Modoc,049,8938,543,520,192,712,5
2021-11-02,Mono,051,14174,1729,1718,21,1739,4
2021-11-02,Monterey,053,433212,48787,47775,2877,50652,599
2021-11-02,Napa,055,140530,13028,12930,111,13041,104
2021-11-02,Nevada,057,99092,9246,9122,322,9444,91
2021-11-02,Orange,059,3164182,307968,305369,15106,320475,5600
2021-11-02,Placer,061,380077,37318,36817,3632,40449,438
2021-11-02,Plumas,063,18699,1817,1721,33,1754,7
2021-11-02,Riverside,065,2383286,364395,359586,16256,375842,5116
2021-11-02,Sacramento,067,1510023,159517,158112,4546,162658,2250
2021-11-02,San Benito,069,59416,7416,7407,168,7575,75
2021-11-02,San Bernardino,071,2135413,355231,351832,11124,362956,5813
2021-11-02,San Diego,073,3302833,374517,372440,21981,394421,4232
2021-11-02,San Francisco,075,870044,53091,52450,2288,54738,663
2021-11-02,San Joaquin,077,732212,100005,99076,5343,104419,1772
2021-11-02,San Luis Obispo,079,281455,29671,29224,1239,30463,348
2021-11-02,San Mateo,081,765935,54291,53351,859,54210,571
2021-11-02,Santa Barbara,083,443738,44554,44177,1533,45710,531
2021-11-02,Santa Clara,085,1922200,147463,146115,1334,147449,1896
2021-11-02,Santa Cruz,087,273765,20457,20266,995,21261,222
2021-11-02,Shasta,089,179085,21541,21127,3571,24698,344
2021-11-02,Sierra,091,2930,184,180,20,200,0
2021-11-02,Siskiyou,093,43540,3348,3272,1274,4546,46
2021-11-02,Solano,095,438530,46062,45378,1256,46634,350
2021-11-02,Sonoma,097,501317,41589,41288,521,41809,395
2021-11-02,Stanislaus,099,539301,78651,78629,8773,87402,1193
2021-11-02,Sutter,101,95872,13905,13868,346,14214,179
2021-11-02,Tehama,103,63373,8558,8422,1472,9894,116
2021-11-02,Trinity,105,12862,858,729,209,938,11
2021-11-02,Tulare,107,460477,68803,67502,14883,82385,1002
2021-11-02,Tuolumne,109,53932,7304,7204,99,7303,90
2021-11-02,Ventura,111,848112,98345,97574,4262,101836,1178
2021-11-02,Yolo,113,214977,19952,19736,1036,20772,250
2021-11-02,Yuba,115,75493,10159,10080,327,10407,83
2021-11-01,Alameda,001,1643700,119528,119159,2723,121882,1421
2021-11-01,Alpine,003,1148,101,105,0,105,0
2021-11-01,Amador,005,37829,5579,5532,59,5591,64
2021-11-01,Butte,007,227075,21026,20710,3814,24524,281
2021-11-01,Calaveras,009,45235,4095,4059,53,4112,82
2021-11-01,Colusa,011,21464,2516,2494,633,3127,19
2021-11-01,Contra Costa,013,1133247,99599,99011,2152,101163,1025
2021-11-01,Del Norte,015,27424,3690,3594,53,3647,42
2021-11-01,El Dorado,017,186661,16121,15858,1700,17558,154
2021-11-01,Fresno,019,978130,140421,138421,12621,151042,2149
2021-11-01,Glenn,021,27897,3503,3461,1006,4467,33
2021-11-01,Humboldt,023,135768,9051,8929,555,9484,108
2021-11-01,Imperial,025,180216,33699,33342,3137,36479,766
2021-11-01,Inyo,027,18085,2370,2307,38,2345,41
2021-11-01,Kern,029,883053,127850,126092,22020,148112,1660
2021-11-01,Kings,031,150075,32314,31866,1908,33774,337
2021-11-01,Lake,033,64148,6752,6676,147,6823,106
2021-11-01,Lassen,035,31185,6874,6775,368,7143,42
2021-11-01,Los Angeles,037,10098052,1441481,1428891,53589,1482480,26483
2021-11-01,Madera,039,155013,23222,22801,2090,24891,283
2021-11-01,Marin,041,260295,17598,17460,445,17905,247
2021-11-01,Mariposa,043,17540,1298,1266,47,1313,5
2021-11-01,Mendocino,045,87422,7579,7422,543,7965,84
2021-11-01,Merced,047,269075,41964,41740,1901,43641,594
2021-11-01,Modoc,049,8938,538,520,190,710,5
2021-11-01,Mono,051,14174,1725,1714,21,1735,3
2021-11-01,Monterey,053,433212,48744,47756,2865,50621,597
2021-11-01,Napa,055,140530,13001,12916,110,13026,101
2021-11-01,Nevada,057,99092,9223,9108,321,9429,91
2021-11-01,Orange,059,3164182,307626,305192,15065,320257,5596
2021-11-01,Placer,061,380077,37235,36747,3620,40367,435
2021-11-01,Plumas,063,18699,1798,1719,33,1752,7
2021-11-01,Riverside,065,2383286,363892,359263,16234,375497,5115
2021-11-01,Sacramento,067,1510023,159246,157893,4523,162416,2239
2021-11-01,San Benito,069,59416,7406,7406,167,7573,73
2021-11-01,San Bernardino,071,2135413,354741,351620,11104,362724,5815
2021-11-01,San Diego,073,3302833,373952,372043,21963,394006,4232
2021-11-01,San Francisco,075,870044,53005,52418,2281,54699,661
2021-11-01,San Joaquin,077,732212,99843,98969,5336,104305,1772
2021-11-01,San Luis Obispo,079,281455,29627,29199,1234,30433,343
2021-11-01,San Mateo,081,765935,54224,53314,855,54169,571
2021-11-01,Santa Barbara,083,443738,44487,44146,1529,45675,529
2021-11-01,Santa Clara,085,1922200,147266,145978,1329,147307,1907
2021-11-01,Santa Cruz,087,273765,20422,20238,995,21233,221
2021-11-01,Shasta,089,179085,21488,21104,3564,24668,338
2021-11-01,Sierra,091,2930,184,180,20,200,0
2021-11-01,Siskiyou,093,43540,3341,3272,1269,4541,46
2021-11-01,Solano,095,438530,46008,45358,1256,46614,350
2021-11-01,Sonoma,097,501317,41516,41234,520,41754,395
2021-11-01,Stanislaus,099,539301,78521,78534,8758,87292,1193
2021-11-01,Sutter,101,95872,13881,13852,344,14196,179
2021-11-01,Tehama,103,63373,8530,8412,1469,9881,116
2021-11-01,Trinity,105,12862,856,727,209,936,11
2021-11-01,Tulare,107,460477,68660,67388,14831,82219,1002
2021-11-01,Tuolumne,109,53932,7288,7175,98,7273,90
2021-11-01,Ventura,111,848112,98255,97507,4260,101767,1178
2021-11-01,Yolo,113,214977,19932,19708,1029,20737,250
2021-11-01,Yuba,115,75493,10141,10066,325,10391,83
2021-10-31,Alameda,001,1643700,119384,119071,2719,121790,1419
2021-10-31,Alpine,003,1148,101,105,0,105,0
2021-10-31,Amador,005,37829,5568,5518,59,5577,64
2021-10-31,Butte,007,227075,20965,20689,3802,24491,281
2021-10-31,Calaveras,009,45235,4077,4052,52,4104,82
2021-10-31,Colusa,011,21464,2514,2493,630,3123,18
2021-10-31,Contra Costa,013,1133247,99471,98936,2150,101086,1025
2021-10-31,Del Norte,015,27424,3684,3591,53,3644,42
2021-10-31,El Dorado,017,186661,16075,15841,1697,17538,154
2021-10-31,Fresno,019,978130,140017,138165,12584,150749,2147
2021-10-31,Glenn,021,27897,3498,3459,1006,4465,33
2021-10-31,Humboldt,023,135768,9003,8919,549,9468,108
2021-10-31,Imperial,025,180216,33624,33334,3125,36459,766
2021-10-31,Inyo,027,18085,2351,2309,38,2347,41
2021-10-31,Kern,029,883053,127481,125917,21896,147813,1666
2021-10-31,Kings,031,150075,32228,31814,1896,33710,338
2021-10-31,Lake,033,64148,6741,6665,145,6810,106
2021-10-31,Lassen,035,31185,6859,6768,363,7131,42
2021-10-31,Los Angeles,037,10098052,1439930,1427933,53507,1481440,26474
2021-10-31,Madera,039,155013,23126,22744,2077,24821,283
2021-10-31,Marin,041,260295,17570,17443,444,17887,247
2021-10-31,Mariposa,043,17540,1292,1257,46,1303,5
2021-10-31,Mendocino,045,87422,7538,7403,526,7929,84
2021-10-31,Merced,047,269075,41871,41699,1881,43580,589
2021-10-31,Modoc,049,8938,532,517,187,704,5
2021-10-31,Mono,051,14174,1721,1711,21,1732,3
2021-10-31,Monterey,053,433212,48703,47744,2847,50591,596
2021-10-31,Napa,055,140530,12983,12906,108,13014,101
2021-10-31,Nevada,057,99092,9186,9084,316,9400,91
2021-10-31,Orange,059,3164182,307278,305032,14981,320013,5596
2021-10-31,Placer,061,380077,37138,36698,3607,40305,435
2021-10-31,Plumas,063,18699,1780,1716,33,1749,7
2021-10-31,Riverside,065,2383286,363312,359005,16220,375225,5104
2021-10-31,Sacramento,067,1510023,158894,157667,4510,162177,2243
2021-10-31,San Benito,069,59416,7397,7397,165,7562,73
2021-10-31,San Bernardino,071,2135413,354208,351411,11090,362501,5810
2021-10-31,San Diego,073,3302833,373399,371603,21932,393535,4218
2021-10-31,San Francisco,075,870044,52896,52370,2275,54645,661
2021-10-31,San Joaquin,077,732212,99679,98893,5321,104214,1772
2021-10-31,San Luis Obispo,079,281455,29574,29176,1233,30409,343
2021-10-31,San Mateo,081,765935,54165,53284,853,54137,571
2021-10-31,Santa Barbara,083,443738,44417,44113,1524,45637,529
2021-10-31,Santa Clara,085,1922200,147051,145829,1315,147144,1908
2021-10-31,Santa Cruz,087,273765,20387,20218,994,21212,221
2021-10-31,Shasta,089,179085,21405,21086,3552,24638,338
2021-10-31,Sierra,091,2930,184,180,20,200,0
2021-10-31,Siskiyou,093,43540,3335,3271,1268,4539,46
2021-10-31,Solano,095,438530,45960,45310,1249,46559,350
2021-10-31,Sonoma,097,501317,41446,41183,517,41700,395
2021-10-31,Stanislaus,099,539301,78332,78426,8741,87167,1193
2021-10-31,Sutter,101,95872,13862,13838,341,14179,179
2021-10-31,Tehama,103,63373,8499,8391,1465,9856,116
2021-10-31,Trinity,105,12862,856,724,209,933,11
2021-10-31,Tulare,107,460477,68465,67310,14743,82053,1002
2021-10-31,Tuolumne,109,53932,7259,7141,97,7238,90
2021-10-31,Ventura,111,848112,98133,97460,4255,101715,1178
2021-10-31,Yolo,113,214977,19888,19662,1023,20685,250
2021-10-31,Yuba,115,75493,10123,10051,315,10366,83
2021-10-30,Alameda,001,1643700,119324,118632,2716,121348,1419
2021-10-30,Alpine,003,1148,101,105,0,105,0
2021-10-30,Amador,005,37829,5559,5480,58,5538,64
2021-10-30,Butte,007,227075,20950,20516,3795,24311,277
2021-10-30,Calaveras,009,45235,4070,3992,52,4044,82
2021-10-30,Colusa,011,21464,2514,2484,629,3113,19
2021-10-30,Contra Costa,013,1133247,99409,98562,2149,100711,1024
2021-10-30,Del Norte,015,27424,3681,3574,53,3627,42
2021-10-30,El Dorado,017,186661,16059,15752,1693,17445,154
2021-10-30,Fresno,019,978130,139871,136901,12572,149473,2131
2021-10-30,Glenn,021,27897,3494,3442,1006,4448,33
2021-10-30,Humboldt,023,135768,8988,8871,547,9418,105
2021-10-30,Imperial,025,180216,33578,33156,3121,36277,766
2021-10-30,Inyo,027,18085,2348,2249,38,2287,41
2021-10-30,Kern,029,883053,127329,124892,21827,146719,1653
2021-10-30,Kings,031,150075,32194,31578,1892,33470,337
2021-10-30,Lake,033,64148,6736,6610,145,6755,106
2021-10-30,Lassen,035,31185,6853,6719,361,7080,42
2021-10-30,Los Angeles,037,10098052,1439208,1424257,53454,1477711,26625
2021-10-30,Madera,039,155013,23082,22524,2072,24596,283
2021-10-30,Marin,041,260295,17555,17380,442,17822,247
2021-10-30,Mariposa,043,17540,1289,1228,46,1274,5
2021-10-30,Mendocino,045,87422,7515,7338,524,7862,84
2021-10-30,Merced,047,269075,41831,41428,1879,43307,586
2021-10-30,Modoc,049,8938,530,513,186,699,5
2021-10-30,Mono,051,14174,1721,1684,21,1705,3
2021-10-30,Monterey,053,433212,48686,47649,2841,50490,588
2021-10-30,Napa,055,140530,12969,12863,107,12970,101
2021-10-30,Nevada,057,99092,9167,9015,316,9331,91
2021-10-30,Orange,059,3164182,307098,304120,14959,319079,5588
2021-10-30,Placer,061,380077,37092,36400,3601,40001,434
2021-10-30,Plumas,063,18699,1775,1695,33,1728,7
2021-10-30,Riverside,065,2383286,363010,357645,16212,373857,5088
2021-10-30,Sacramento,067,1510023,158736,157125,4501,161626,2233
2021-10-30,San Benito,069,59416,7390,7362,165,7527,71
2021-10-30,San Bernardino,071,2135413,353930,350076,11076,361152,5777
2021-10-30,San Diego,073,3302833,373036,370006,21910,391916,4213
2021-10-30,San Francisco,075,870044,52868,52161,2273,54434,661
2021-10-30,San Joaquin,077,732212,99623,98314,5320,103634,1768
2021-10-30,San Luis Obispo,079,281455,29542,29053,1230,30283,341
2021-10-30,San Mateo,081,765935,54126,53083,853,53936,571
2021-10-30,Santa Barbara,083,443738,44382,43972,1523,45495,528
2021-10-30,Santa Clara,085,1922200,146946,145262,1311,146573,1903
2021-10-30,Santa Cruz,087,273765,20369,20134,992,21126,221
2021-10-30,Shasta,089,179085,21361,20878,3546,24424,332
2021-10-30,Sierra,091,2930,184,175,20,195,0
2021-10-30,Siskiyou,093,43540,3334,3257,1265,4522,46
2021-10-30,Solano,095,438530,45939,45146,1247,46393,346
2021-10-30,Sonoma,097,501317,41407,40924,517,41441,393
2021-10-30,Stanislaus,099,539301,78262,77871,8734,86605,1191
2021-10-30,Sutter,101,95872,13848,13773,341,14114,178
2021-10-30,Tehama,103,63373,8488,8307,1460,9767,114
2021-10-30,Trinity,105,12862,854,708,208,916,11
2021-10-30,Tulare,107,460477,68394,66745,14699,81444,995
2021-10-30,Tuolumne,109,53932,7235,7050,96,7146,90
2021-10-30,Ventura,111,848112,98084,97182,4252,101434,1174
2021-10-30,Yolo,113,214977,19869,19568,1021,20589,250
2021-10-30,Yuba,115,75493,10112,9969,315,10284,82
2021-10-29,Alameda,001,1643700,119245,118632,2711,121343,1419
2021-10-29,Alpine,003,1148,101,105,0,105,0
2021-10-29,Amador,005,37829,5548,5480,58,5538,64
2021-10-29,Butte,007,227075,20926,20516,3784,24300,277
2021-10-29,Calaveras,009,45235,4063,3992,52,4044,82
2021-10-29,Colusa,011,21464,2514,2484,627,3111,19
2021-10-29,Contra Costa,013,1133247,99341,98562,2147,100709,1024
2021-10-29,Del Norte,015,27424,3674,3574,53,3627,42
2021-10-29,El Dorado,017,186661,16045,15752,1693,17445,154
2021-10-29,Fresno,019,978130,139657,136901,12558,149459,2131
2021-10-29,Glenn,021,27897,3493,3442,1005,4447,33
2021-10-29,Humboldt,023,135768,8983,8871,546,9417,105
2021-10-29,Imperial,025,180216,33551,33156,3118,36274,766
2021-10-29,Inyo,027,18085,2345,2249,38,2287,41
2021-10-29,Kern,029,883053,127152,124892,21737,146629,1653
2021-10-29,Kings,031,150075,32160,31578,1890,33468,337
2021-10-29,Lake,033,64148,6727,6610,142,6752,106
2021-10-29,Lassen,035,31185,6844,6719,358,7077,42
2021-10-29,Los Angeles,037,10098052,1438368,1424257,53410,1477667,26625
2021-10-29,Madera,039,155013,23030,22524,2067,24591,283
2021-10-29,Marin,041,260295,17539,17380,441,17821,247
2021-10-29,Mariposa,043,17540,1285,1228,46,1274,5
2021-10-29,Mendocino,045,87422,7507,7338,524,7862,84
2021-10-29,Merced,047,269075,41781,41428,1873,43301,586
2021-10-29,Modoc,049,8938,528,513,185,698,5
2021-10-29,Mono,051,14174,1719,1684,21,1705,3
2021-10-29,Monterey,053,433212,48663,47649,2841,50490,588
2021-10-29,Napa,055,140530,12948,12863,107,12970,101
2021-10-29,Nevada,057,99092,9155,9015,316,9331,91
2021-10-29,Orange,059,3164182,306873,304120,14939,319059,5588
2021-10-29,Placer,061,380077,37056,36400,3591,39991,434
2021-10-29,Plumas,063,18699,1769,1695,33,1728,7
2021-10-29,Riverside,065,2383286,362676,357645,16207,373852,5088
2021-10-29,Sacramento,067,1510023,158547,157125,4492,161617,2233
2021-10-29,San Benito,069,59416,7387,7362,165,7527,71
2021-10-29,San Bernardino,071,2135413,353627,350076,11065,361141,5777
2021-10-29,San Diego,073,3302833,372664,370006,21882,391888,4213
2021-10-29,San Francisco,075,870044,52808,52161,2267,54428,661
2021-10-29,San Joaquin,077,732212,99563,98314,5315,103629,1768
2021-10-29,San Luis Obispo,079,281455,29516,29053,1228,30281,341
2021-10-29,San Mateo,081,765935,54083,53083,851,53934,571
2021-10-29,Santa Barbara,083,443738,44342,43972,1520,45492,528
2021-10-29,Santa Clara,085,1922200,146832,145262,1304,146566,1903
2021-10-29,Santa Cruz,087,273765,20362,20134,991,21125,221
2021-10-29,Shasta,089,179085,21323,20878,3540,24418,332
2021-10-29,Sierra,091,2930,182,175,20,195,0
2021-10-29,Siskiyou,093,43540,3334,3257,1264,4521,46
2021-10-29,Solano,095,438530,45902,45146,1246,46392,346
2021-10-29,Sonoma,097,501317,41386,40924,517,41441,393
2021-10-29,Stanislaus,099,539301,78177,77871,8722,86593,1191
2021-10-29,Sutter,101,95872,13829,13773,341,14114,178
2021-10-29,Tehama,103,63373,8475,8307,1459,9766,114
2021-10-29,Trinity,105,12862,853,708,208,916,11
2021-10-29,Tulare,107,460477,68289,66745,14656,81401,995
2021-10-29,Tuolumne,109,53932,7222,7050,96,7146,90
2021-10-29,Ventura,111,848112,98029,97182,4248,101430,1174
2021-10-29,Yolo,113,214977,19851,19568,1016,20584,250
2021-10-29,Yuba,115,75493,10104,9969,311,10280,82
2021-10-28,Alameda,001,1643700,119123,118632,2704,121336,1419
2021-10-28,Alpine,003,1148,101,105,0,105,0
2021-10-28,Amador,005,37829,5535,5480,58,5538,64
2021-10-28,Butte,007,227075,20883,20516,3772,24288,277
2021-10-28,Calaveras,009,45235,4050,3992,52,4044,82
2021-10-28,Colusa,011,21464,2511,2484,626,3110,19
2021-10-28,Contra Costa,013,1133247,99211,98562,2143,100705,1024
2021-10-28,Del Norte,015,27424,3673,3574,53,3627,42
2021-10-28,El Dorado,017,186661,16018,15752,1690,17442,154
2021-10-28,Fresno,019,978130,139324,136901,12527,149428,2131
2021-10-28,Glenn,021,27897,3490,3442,1003,4445,33
2021-10-28,Humboldt,023,135768,8967,8871,541,9412,105
2021-10-28,Imperial,025,180216,33485,33156,3111,36267,766
2021-10-28,Inyo,027,18085,2328,2249,38,2287,41
2021-10-28,Kern,029,883053,126905,124892,21624,146516,1653
2021-10-28,Kings,031,150075,32091,31578,1885,33463,337
2021-10-28,Lake,033,64148,6717,6610,142,6752,106
2021-10-28,Lassen,035,31185,6834,6719,355,7074,42
2021-10-28,Los Angeles,037,10098052,1437230,1424257,53336,1477593,26625
2021-10-28,Madera,039,155013,22976,22524,2056,24580,283
2021-10-28,Marin,041,260295,17521,17380,440,17820,247
2021-10-28,Mariposa,043,17540,1281,1228,46,1274,5
2021-10-28,Mendocino,045,87422,7494,7338,513,7851,84
2021-10-28,Merced,047,269075,41696,41428,1863,43291,586
2021-10-28,Modoc,049,8938,527,513,185,698,5
2021-10-28,Mono,051,14174,1713,1684,21,1705,3
2021-10-28,Monterey,053,433212,48632,47649,2824,50473,588
2021-10-28,Napa,055,140530,12939,12863,106,12969,101
2021-10-28,Nevada,057,99092,9137,9015,316,9331,91
2021-10-28,Orange,059,3164182,306586,304120,14875,318995,5588
2021-10-28,Placer,061,380077,36977,36400,3582,39982,434
2021-10-28,Plumas,063,18699,1761,1695,33,1728,7
2021-10-28,Riverside,065,2383286,362237,357645,16184,373829,5088
2021-10-28,Sacramento,067,1510023,158281,157125,4481,161606,2233
2021-10-28,San Benito,069,59416,7379,7362,165,7527,71
2021-10-28,San Bernardino,071,2135413,353211,350076,11042,361118,5777
2021-10-28,San Diego,073,3302833,372208,370006,21859,391865,4213
2021-10-28,San Francisco,075,870044,52762,52161,2260,54421,661
2021-10-28,San Joaquin,077,732212,99435,98314,5314,103628,1768
2021-10-28,San Luis Obispo,079,281455,29487,29053,1225,30278,341
2021-10-28,San Mateo,081,765935,54038,53083,849,53932,571
2021-10-28,Santa Barbara,083,443738,44303,43972,1518,45490,528
2021-10-28,Santa Clara,085,1922200,146675,145262,1299,146561,1903
2021-10-28,Santa Cruz,087,273765,20338,20134,991,21125,221
2021-10-28,Shasta,089,179085,21249,20878,3533,24411,332
2021-10-28,Sierra,091,2930,181,175,20,195,0
2021-10-28,Siskiyou,093,43540,3333,3257,1264,4521,46
2021-10-28,Solano,095,438530,45863,45146,1245,46391,346
2021-10-28,Sonoma,097,501317,41318,40924,516,41440,393
2021-10-28,Stanislaus,099,539301,78024,77871,8706,86577,1191
2021-10-28,Sutter,101,95872,13816,13773,337,14110,178
2021-10-28,Tehama,103,63373,8438,8307,1456,9763,114
2021-10-28,Trinity,105,12862,850,708,208,916,11
2021-10-28,Tulare,107,460477,68150,66745,14600,81345,995
2021-10-28,Tuolumne,109,53932,7191,7050,96,7146,90
2021-10-28,Ventura,111,848112,97944,97182,4245,101427,1174
2021-10-28,Yolo,113,214977,19813,19568,1012,20580,250
2021-10-28,Yuba,115,75493,10075,9969,308,10277,82
2021-10-27,Alameda,001,1643700,119000,118487,2702,121189,1414
2021-10-27,Alpine,003,1148,101,105,0,105,0
2021-10-27,Amador,005,37829,5523,5470,57,5527,64
2021-10-27,Butte,007,227075,20838,20446,3757,24203,274
2021-10-27,Calaveras,009,45235,4032,3970,51,4021,82
2021-10-27,Colusa,011,21464,2510,2480,625,3105,18
2021-10-27,Contra Costa,013,1133247,99103,98442,2131,100573,1018
2021-10-27,Del Norte,015,27424,3666,3571,52,3623,42
2021-10-27,El Dorado,017,186661,15987,15723,1685,17408,154
2021-10-27,Fresno,019,978130,138942,136447,12493,148940,2128
2021-10-27,Glenn,021,27897,3488,3435,1002,4437,33
2021-10-27,Humboldt,023,135768,8947,8851,539,9390,105
2021-10-27,Imperial,025,180216,33445,33068,3106,36174,766
2021-10-27,Inyo,027,18085,2308,2236,38,2274,41
2021-10-27,Kern,029,883053,126636,124557,21524,146081,1647
2021-10-27,Kings,031,150075,32025,31437,1879,33316,335
2021-10-27,Lake,033,64148,6691,6589,142,6731,105
2021-10-27,Lassen,035,31185,6821,6706,353,7059,42
2021-10-27,Los Angeles,037,10098052,1436001,1422615,53278,1475893,26604
2021-10-27,Madera,039,155013,22892,22413,2032,24445,283
2021-10-27,Marin,041,260295,17506,17362,440,17802,247
2021-10-27,Mariposa,043,17540,1268,1228,46,1274,5
2021-10-27,Mendocino,045,87422,7480,7321,506,7827,84
2021-10-27,Merced,047,269075,41599,41310,1849,43159,583
2021-10-27,Modoc,049,8938,523,513,185,698,5
2021-10-27,Mono,051,14174,1710,1682,21,1703,3
2021-10-27,Monterey,053,433212,48595,47610,2803,50413,588
2021-10-27,Napa,055,140530,12924,12856,106,12962,101
2021-10-27,Nevada,057,99092,9119,8987,315,9302,90
2021-10-27,Orange,059,3164182,306266,303825,14826,318651,5584
2021-10-27,Placer,061,380077,36912,36296,3575,39871,434
2021-10-27,Plumas,063,18699,1753,1686,33,1719,7
2021-10-27,Riverside,065,2383286,361807,357152,16176,373328,5081
2021-10-27,Sacramento,067,1510023,158013,156830,4460,161290,2230
2021-10-27,San Benito,069,59416,7372,7337,165,7502,71
2021-10-27,San Bernardino,071,2135413,352786,349624,11020,360644,5770
2021-10-27,San Diego,073,3302833,371651,369579,21835,391414,4207
2021-10-27,San Francisco,075,870044,52711,52108,2256,54364,655
2021-10-27,San Joaquin,077,732212,99278,98168,5299,103467,1753
2021-10-27,San Luis Obispo,079,281455,29448,29002,1223,30225,341
2021-10-27,San Mateo,081,765935,53983,53032,841,53873,571
2021-10-27,Santa Barbara,083,443738,44250,43901,1515,45416,527
2021-10-27,Santa Clara,085,1922200,146498,145081,1291,146372,1902
2021-10-27,Santa Cruz,087,273765,20311,20091,989,21080,221
2021-10-27,Shasta,089,179085,21174,20813,3525,24338,331
2021-10-27,Sierra,091,2930,180,176,20,196,0
2021-10-27,Siskiyou,093,43540,3330,3256,1260,4516,46
2021-10-27,Solano,095,438530,45818,45089,1238,46327,346
2021-10-27,Sonoma,097,501317,41242,40829,514,41343,393
2021-10-27,Stanislaus,099,539301,77864,77687,8691,86378,1191
2021-10-27,Sutter,101,95872,13802,13754,337,14091,177
2021-10-27,Tehama,103,63373,8416,8265,1454,9719,113
2021-10-27,Trinity,105,12862,850,706,207,913,11
2021-10-27,Tulare,107,460477,67996,66568,14544,81112,991
2021-10-27,Tuolumne,109,53932,7164,7009,95,7104,90
2021-10-27,Ventura,111,848112,97852,97108,4240,101348,1172
2021-10-27,Yolo,113,214977,19784,19517,1005,20522,250
2021-10-27,Yuba,115,75493,10054,9945,306,10251,82
2021-10-26,Alameda,001,1643700,118864,118360,2700,121060,1407
2021-10-26,Alpine,003,1148,101,105,0,105,0
2021-10-26,Amador,005,37829,5515,5465,56,5521,64
2021-10-26,Butte,007,227075,20778,20387,3740,24127,274
2021-10-26,Calaveras,009,45235,4021,3966,51,4017,81
2021-10-26,Colusa,011,21464,2508,2478,624,3102,18
2021-10-26,Contra Costa,013,1133247,98981,98352,2120,100472,1017
2021-10-26,Del Norte,015,27424,3661,3563,52,3615,42
2021-10-26,El Dorado,017,186661,15958,15690,1676,17366,153
2021-10-26,Fresno,019,978130,138495,136211,12448,148659,2122
2021-10-26,Glenn,021,27897,3473,3431,999,4430,33
2021-10-26,Humboldt,023,135768,8929,8830,533,9363,105
2021-10-26,Imperial,025,180216,33380,33012,3101,36113,766
2021-10-26,Inyo,027,18085,2293,2200,38,2238,41
2021-10-26,Kern,029,883053,126293,124351,21406,145757,1645
2021-10-26,Kings,031,150075,31958,31382,1872,33254,336
2021-10-26,Lake,033,64148,6681,6584,140,6724,105
2021-10-26,Lassen,035,31185,6800,6689,351,7040,42
2021-10-26,Los Angeles,037,10098052,1434659,1421795,53208,1475003,26599
2021-10-26,Madera,039,155013,22802,22363,2021,24384,283
2021-10-26,Marin,041,260295,17489,17354,439,17793,244
2021-10-26,Mariposa,043,17540,1263,1225,45,1270,5
2021-10-26,Mendocino,045,87422,7451,7308,490,7798,83
2021-10-26,Merced,047,269075,41521,41267,1842,43109,583
2021-10-26,Modoc,049,8938,523,513,185,698,5
2021-10-26,Mono,051,14174,1705,1680,21,1701,3
2021-10-26,Monterey,053,433212,48556,47572,2793,50365,588
2021-10-26,Napa,055,140530,12912,12849,106,12955,101
2021-10-26,Nevada,057,99092,9088,8971,314,9285,90
2021-10-26,Orange,059,3164182,305997,303533,14787,318320,5580
2021-10-26,Placer,061,380077,36815,36245,3569,39814,434
2021-10-26,Plumas,063,18699,1744,1645,33,1678,7
2021-10-26,Riverside,065,2383286,361317,356775,16166,372941,5068
2021-10-26,Sacramento,067,1510023,157712,156643,4443,161086,2228
2021-10-26,San Benito,069,59416,7349,7325,165,7490,71
2021-10-26,San Bernardino,071,2135413,352358,349346,11005,360351,5764
2021-10-26,San Diego,073,3302833,371134,369043,21805,390848,4198
2021-10-26,San Francisco,075,870044,52637,52063,2253,54316,655
2021-10-26,San Joaquin,077,732212,99099,98036,5284,103320,1748
2021-10-26,San Luis Obispo,079,281455,29409,28928,1217,30145,337
2021-10-26,San Mateo,081,765935,53911,52974,838,53812,571
2021-10-26,Santa Barbara,083,443738,44204,43835,1514,45349,525
2021-10-26,Santa Clara,085,1922200,146298,144932,1285,146217,1903
2021-10-26,Santa Cruz,087,273765,20280,20067,989,21056,221
2021-10-26,Shasta,089,179085,21113,20725,3507,24232,330
2021-10-26,Sierra,091,2930,180,169,20,189,0
2021-10-26,Siskiyou,093,43540,3324,3254,1258,4512,46
2021-10-26,Solano,095,438530,45762,45044,1237,46281,344
2021-10-26,Sonoma,097,501317,41160,40794,512,41306,393
2021-10-26,Stanislaus,099,539301,77690,77552,8666,86218,1157
2021-10-26,Sutter,101,95872,13773,13739,336,14075,176
2021-10-26,Tehama,103,63373,8388,8247,1449,9696,112
2021-10-26,Trinity,105,12862,846,705,207,912,11
2021-10-26,Tulare,107,460477,67836,66476,14487,80963,991
2021-10-26,Tuolumne,109,53932,7138,6995,93,7088,90
2021-10-26,Ventura,111,848112,97743,97014,4237,101251,1170
2021-10-26,Yolo,113,214977,19755,19490,1002,20492,248
2021-10-26,Yuba,115,75493,10036,9927,301,10228,82
2021-10-25,Alameda,001,1643700,118720,118319,2699,121018,1404
2021-10-25,Alpine,003,1148,101,105,0,105,0
2021-10-25,Amador,005,37829,5501,5455,56,5511,64
2021-10-25,Butte,007,227075,20705,20331,3732,24063,273
2021-10-25,Calaveras,009,45235,3991,3942,50,3992,82
2021-10-25,Colusa,011,21464,2506,2471,622,3093,18
2021-10-25,Contra Costa,013,1133247,98864,98267,2116,100383,1017
2021-10-25,Del Norte,015,27424,3654,3562,52,3614,42
2021-10-25,El Dorado,017,186661,15923,15663,1674,17337,149
2021-10-25,Fresno,019,978130,138061,135974,12413,148387,2112
2021-10-25,Glenn,021,27897,3470,3421,998,4419,33
2021-10-25,Humboldt,023,135768,8906,8825,528,9353,105
2021-10-25,Imperial,025,180216,33319,32968,3090,36058,766
2021-10-25,Inyo,027,18085,2275,2183,38,2221,41
2021-10-25,Kern,029,883053,125941,124078,21267,145345,1649
2021-10-25,Kings,031,150075,31869,31329,1863,33192,335
2021-10-25,Lake,033,64148,6668,6571,140,6711,105
2021-10-25,Lassen,035,31185,6789,6688,349,7037,42
2021-10-25,Los Angeles,037,10098052,1433304,1421061,53142,1474203,26579
2021-10-25,Madera,039,155013,22748,22325,2014,24339,281
2021-10-25,Marin,041,260295,17467,17334,437,17771,244
2021-10-25,Mariposa,043,17540,1249,1220,45,1265,5
2021-10-25,Mendocino,045,87422,7421,7296,486,7782,82
2021-10-25,Merced,047,269075,41453,41207,1815,43022,583
2021-10-25,Modoc,049,8938,521,512,183,695,5
2021-10-25,Mono,051,14174,1697,1677,21,1698,3
2021-10-25,Monterey,053,433212,48523,47547,2791,50338,587
2021-10-25,Napa,055,140530,12899,12841,106,12947,100
2021-10-25,Nevada,057,99092,9062,8958,314,9272,90
2021-10-25,Orange,059,3164182,305699,303279,14750,318029,5574
2021-10-25,Placer,061,380077,36707,36153,3559,39712,431
2021-10-25,Plumas,063,18699,1732,1641,33,1674,7
2021-10-25,Riverside,065,2383286,360890,356381,16151,372532,5056
2021-10-25,Sacramento,067,1510023,157408,156516,4420,160936,2235
2021-10-25,San Benito,069,59416,7336,7314,164,7478,71
2021-10-25,San Bernardino,071,2135413,351850,349075,10993,360068,5748
2021-10-25,San Diego,073,3302833,370565,368386,21777,390163,4196
2021-10-25,San Francisco,075,870044,52564,52041,2247,54288,649
2021-10-25,San Joaquin,077,732212,98896,97980,5275,103255,1740
2021-10-25,San Luis Obispo,079,281455,29361,28907,1212,30119,336
2021-10-25,San Mateo,081,765935,53850,52927,834,53761,571
2021-10-25,Santa Barbara,083,443738,44145,43775,1514,45289,525
2021-10-25,Santa Clara,085,1922200,146107,144895,1280,146175,1901
2021-10-25,Santa Cruz,087,273765,20251,20053,988,21041,221
2021-10-25,Shasta,089,179085,21041,20666,3500,24166,326
2021-10-25,Sierra,091,2930,180,168,20,188,0
2021-10-25,Siskiyou,093,43540,3320,3248,1253,4501,46
2021-10-25,Solano,095,438530,45701,45022,1235,46257,344
2021-10-25,Sonoma,097,501317,41087,40746,510,41256,393
2021-10-25,Stanislaus,099,539301,77498,77452,8638,86090,1145
2021-10-25,Sutter,101,95872,13760,13721,333,14054,176
2021-10-25,Tehama,103,63373,8361,8224,1445,9669,111
2021-10-25,Trinity,105,12862,841,699,206,905,11
2021-10-25,Tulare,107,460477,67641,66357,14425,80782,986
2021-10-25,Tuolumne,109,53932,7104,6952,92,7044,90
2021-10-25,Ventura,111,848112,97652,96932,4234,101166,1167
2021-10-25,Yolo,113,214977,19706,19457,998,20455,248
2021-10-25,Yuba,115,75493,10020,9924,297,10221,82
2021-10-24,Alameda,001,1643700,118588,117816,2694,120510,1397
2021-10-24,Alpine,003,1148,101,105,0,105,0
2021-10-24,Amador,005,37829,5496,5412,56,5468,64
2021-10-24,Butte,007,227075,20633,20101,3720,23821,273
2021-10-24,Calaveras,009,45235,3972,3865,49,3914,81
2021-10-24,Colusa,011,21464,2502,2458,619,3077,18
2021-10-24,Contra Costa,013,1133247,98746,97855,2107,99962,1008
2021-10-24,Del Norte,015,27424,3650,3540,52,3592,42
2021-10-24,El Dorado,017,186661,15887,15540,1670,17210,149
2021-10-24,Fresno,019,978130,137625,134466,12364,146830,2094
2021-10-24,Glenn,021,27897,3463,3399,996,4395,33
2021-10-24,Humboldt,023,135768,8893,8753,522,9275,105
2021-10-24,Imperial,025,180216,33241,32777,3084,35861,766
2021-10-24,Inyo,027,18085,2243,2108,38,2146,41
2021-10-24,Kern,029,883053,125607,122939,21151,144090,1636
2021-10-24,Kings,031,150075,31740,30942,1848,32790,325
2021-10-24,Lake,033,64148,6645,6501,139,6640,105
2021-10-24,Lassen,035,31185,6772,6632,348,6980,27
2021-10-24,Los Angeles,037,10098052,1431869,1415919,53074,1468993,26527
2021-10-24,Madera,039,155013,22671,22062,2002,24064,281
2021-10-24,Marin,041,260295,17451,17264,436,17700,244
2021-10-24,Mariposa,043,17540,1246,1184,45,1229,5
2021-10-24,Mendocino,045,87422,7397,7220,476,7696,82
2021-10-24,Merced,047,269075,41332,40808,1809,42617,581
2021-10-24,Modoc,049,8938,520,507,183,690,5
2021-10-24,Mono,051,14174,1692,1655,21,1676,3
2021-10-24,Monterey,053,433212,48475,47456,2781,50237,586
2021-10-24,Napa,055,140530,12888,12789,106,12895,100
2021-10-24,Nevada,057,99092,9039,8861,311,9172,90
2021-10-24,Orange,059,3164182,305349,302237,14713,316950,5546
2021-10-24,Placer,061,380077,36603,35822,3545,39367,426
2021-10-24,Plumas,063,18699,1722,1623,32,1655,7
2021-10-24,Riverside,065,2383286,360416,354688,16131,370819,5041
2021-10-24,Sacramento,067,1510023,157067,155125,4397,159522,2232
2021-10-24,San Benito,069,59416,7316,7280,164,7444,71
2021-10-24,San Bernardino,071,2135413,351292,347681,10981,358662,5688
2021-10-24,San Diego,073,3302833,369982,366085,21746,387831,4183
2021-10-24,San Francisco,075,870044,52501,51820,2241,54061,649
2021-10-24,San Joaquin,077,732212,98723,97440,5269,102709,1721
2021-10-24,San Luis Obispo,079,281455,29300,28755,1205,29960,333
2021-10-24,San Mateo,081,765935,53778,52719,834,53553,571
2021-10-24,Santa Barbara,083,443738,44078,43552,1512,45064,523
2021-10-24,Santa Clara,085,1922200,145916,144276,1270,145546,1897
2021-10-24,Santa Cruz,087,273765,20213,19967,987,20954,221
2021-10-24,Shasta,089,179085,20942,20386,3494,23880,321
2021-10-24,Sierra,091,2930,180,168,20,188,0
2021-10-24,Siskiyou,093,43540,3313,3231,1249,4480,46
2021-10-24,Solano,095,438530,45651,44861,1230,46091,341
2021-10-24,Sonoma,097,501317,41004,40476,510,40986,393
2021-10-24,Stanislaus,099,539301,77307,76812,8627,85439,1145
2021-10-24,Sutter,101,95872,13733,13616,325,13941,175
2021-10-24,Tehama,103,63373,8313,8105,1434,9539,110
2021-10-24,Trinity,105,12862,837,696,204,900,11
2021-10-24,Tulare,107,460477,67468,65585,14354,79939,978
2021-10-24,Tuolumne,109,53932,7064,6840,90,6930,90
2021-10-24,Ventura,111,848112,97545,96664,4233,100897,1167
2021-10-24,Yolo,113,214977,19657,19280,996,20276,248
2021-10-24,Yuba,115,75493,9995,9838,296,10134,82
2021-10-23,Alameda,001,1643700,118500,117816,2689,120505,1397
2021-10-23,Alpine,003,1148,101,105,0,105,0
2021-10-23,Amador,005,37829,5489,5412,56,5468,64
2021-10-23,Butte,007,227075,20596,20101,3712,23813,273
2021-10-23,Calaveras,009,45235,3965,3865,48,3913,81
2021-10-23,Colusa,011,21464,2500,2458,618,3076,18
2021-10-23,Contra Costa,013,1133247,98694,97855,2103,99958,1008
2021-10-23,Del Norte,015,27424,3648,3540,52,3592,42
2021-10-23,El Dorado,017,186661,15861,15540,1668,17208,149
2021-10-23,Fresno,019,978130,137447,134466,12351,146817,2094
2021-10-23,Glenn,021,27897,3461,3399,995,4394,33
2021-10-23,Humboldt,023,135768,8879,8753,517,9270,105
2021-10-23,Imperial,025,180216,33194,32777,3080,35857,766
2021-10-23,Inyo,027,18085,2232,2108,38,2146,41
2021-10-23,Kern,029,883053,125447,122939,21064,144003,1636
2021-10-23,Kings,031,150075,31694,30942,1846,32788,325
2021-10-23,Lake,033,64148,6640,6501,139,6640,105
2021-10-23,Lassen,035,31185,6769,6632,346,6978,27
2021-10-23,Los Angeles,037,10098052,1431187,1415919,53020,1468939,26527
2021-10-23,Madera,039,155013,22622,22062,1994,24056,281
2021-10-23,Marin,041,260295,17434,17264,436,17700,244
2021-10-23,Mariposa,043,17540,1243,1184,44,1228,5
2021-10-23,Mendocino,045,87422,7390,7220,475,7695,82
2021-10-23,Merced,047,269075,41291,40808,1804,42612,581
2021-10-23,Modoc,049,8938,518,507,183,690,5
2021-10-23,Mono,051,14174,1686,1655,21,1676,3
2021-10-23,Monterey,053,433212,48458,47456,2777,50233,586
2021-10-23,Napa,055,140530,12883,12789,106,12895,100
2021-10-23,Nevada,057,99092,9028,8861,309,9170,90
2021-10-23,Orange,059,3164182,305162,302237,14698,316935,5546
2021-10-23,Placer,061,380077,36541,35822,3539,39361,426
2021-10-23,Plumas,063,18699,1721,1623,32,1655,7
2021-10-23,Riverside,065,2383286,360095,354688,16124,370812,5041
2021-10-23,Sacramento,067,1510023,156938,155125,4389,159514,2232
2021-10-23,San Benito,069,59416,7306,7280,164,7444,71
2021-10-23,San Bernardino,071,2135413,351021,347681,10973,358654,5688
2021-10-23,San Diego,073,3302833,369641,366085,21715,387800,4183
2021-10-23,San Francisco,075,870044,52465,51820,2240,54060,649
2021-10-23,San Joaquin,077,732212,98655,97440,5260,102700,1721
2021-10-23,San Luis Obispo,079,281455,29263,28755,1203,29958,333
2021-10-23,San Mateo,081,765935,53740,52719,833,53552,571
2021-10-23,Santa Barbara,083,443738,44047,43552,1510,45062,523
2021-10-23,Santa Clara,085,1922200,145808,144276,1266,145542,1897
2021-10-23,Santa Cruz,087,273765,20201,19967,987,20954,221
2021-10-23,Shasta,089,179085,20906,20386,3482,23868,321
2021-10-23,Sierra,091,2930,179,168,20,188,0
2021-10-23,Siskiyou,093,43540,3311,3231,1249,4480,46
2021-10-23,Solano,095,438530,45626,44861,1227,46088,341
2021-10-23,Sonoma,097,501317,40964,40476,510,40986,393
2021-10-23,Stanislaus,099,539301,77218,76812,8607,85419,1145
2021-10-23,Sutter,101,95872,13727,13616,324,13940,175
2021-10-23,Tehama,103,63373,8301,8105,1433,9538,110
2021-10-23,Trinity,105,12862,836,696,204,900,11
2021-10-23,Tulare,107,460477,67380,65585,14295,79880,978
2021-10-23,Tuolumne,109,53932,7043,6840,90,6930,90
2021-10-23,Ventura,111,848112,97484,96664,4233,100897,1167
2021-10-23,Yolo,113,214977,19640,19280,993,20273,248
2021-10-23,Yuba,115,75493,9987,9838,296,10134,82
2021-10-22,Alameda,001,1643700,118418,117816,2686,120502,1397
2021-10-22,Alpine,003,1148,101,105,0,105,0
2021-10-22,Amador,005,37829,5478,5412,56,5468,64
2021-10-22,Butte,007,227075,20564,20101,3708,23809,273
2021-10-22,Calaveras,009,45235,3957,3865,48,3913,81
2021-10-22,Colusa,011,21464,2497,2458,618,3076,18
2021-10-22,Contra Costa,013,1133247,98603,97855,2101,99956,1008
2021-10-22,Del Norte,015,27424,3644,3540,52,3592,42
2021-10-22,El Dorado,017,186661,15848,15540,1666,17206,149
2021-10-22,Fresno,019,978130,137232,134466,12329,146795,2094
2021-10-22,Glenn,021,27897,3451,3399,995,4394,33
2021-10-22,Humboldt,023,135768,8865,8753,516,9269,105
2021-10-22,Imperial,025,180216,33151,32777,3080,35857,766
2021-10-22,Inyo,027,18085,2219,2108,38,2146,41
2021-10-22,Kern,029,883053,125260,122939,20991,143930,1636
2021-10-22,Kings,031,150075,31659,30942,1845,32787,325
2021-10-22,Lake,033,64148,6630,6501,139,6640,105
2021-10-22,Lassen,035,31185,6762,6632,343,6975,27
2021-10-22,Los Angeles,037,10098052,1430423,1415919,52961,1468880,26527
2021-10-22,Madera,039,155013,22572,22062,1982,24044,281
2021-10-22,Marin,041,260295,17422,17264,436,17700,244
2021-10-22,Mariposa,043,17540,1240,1184,44,1228,5
2021-10-22,Mendocino,045,87422,7376,7220,474,7694,82
2021-10-22,Merced,047,269075,41254,40808,1797,42605,581
2021-10-22,Modoc,049,8938,518,507,183,690,5
2021-10-22,Mono,051,14174,1684,1655,21,1676,3
2021-10-22,Monterey,053,433212,48425,47456,2775,50231,586
2021-10-22,Napa,055,140530,12877,12789,106,12895,100
2021-10-22,Nevada,057,99092,9011,8861,308,9169,90
2021-10-22,Orange,059,3164182,304946,302237,14668,316905,5546
2021-10-22,Placer,061,380077,36513,35822,3530,39352,426
2021-10-22,Plumas,063,18699,1715,1623,32,1655,7
2021-10-22,Riverside,065,2383286,359784,354688,16119,370807,5041
2021-10-22,Sacramento,067,1510023,156751,155125,4380,159505,2232
2021-10-22,San Benito,069,59416,7301,7280,164,7444,71
2021-10-22,San Bernardino,071,2135413,350691,347681,10958,358639,5688
2021-10-22,San Diego,073,3302833,369243,366085,21697,387782,4183
2021-10-22,San Francisco,075,870044,52429,51820,2233,54053,649
2021-10-22,San Joaquin,077,732212,98596,97440,5257,102697,1721
2021-10-22,San Luis Obispo,079,281455,29233,28755,1203,29958,333
2021-10-22,San Mateo,081,765935,53689,52719,827,53546,571
2021-10-22,Santa Barbara,083,443738,44006,43552,1510,45062,523
2021-10-22,Santa Clara,085,1922200,145652,144276,1259,145535,1897
2021-10-22,Santa Cruz,087,273765,20179,19967,987,20954,221
2021-10-22,Shasta,089,179085,20873,20386,3479,23865,321
2021-10-22,Sierra,091,2930,178,168,19,187,0
2021-10-22,Siskiyou,093,43540,3309,3231,1246,4477,46
2021-10-22,Solano,095,438530,45591,44861,1223,46084,341
2021-10-22,Sonoma,097,501317,40907,40476,510,40986,393
2021-10-22,Stanislaus,099,539301,77115,76812,8590,85402,1145
2021-10-22,Sutter,101,95872,13712,13616,324,13940,175
2021-10-22,Tehama,103,63373,8279,8105,1428,9533,110
2021-10-22,Trinity,105,12862,835,696,204,900,11
2021-10-22,Tulare,107,460477,67294,65585,14242,79827,978
2021-10-22,Tuolumne,109,53932,7008,6840,90,6930,90
2021-10-22,Ventura,111,848112,97431,96664,4227,100891,1167
2021-10-22,Yolo,113,214977,19613,19280,991,20271,248
2021-10-22,Yuba,115,75493,9973,9838,294,10132,82
2021-10-21,Alameda,001,1643700,118303,117816,2680,120496,1397
2021-10-21,Alpine,003,1148,101,105,0,105,0
2021-10-21,Amador,005,37829,5470,5412,56,5468,64
2021-10-21,Butte,007,227075,20480,20101,3694,23795,273
2021-10-21,Calaveras,009,45235,3938,3865,48,3913,81
2021-10-21,Colusa,011,21464,2493,2458,614,3072,18
2021-10-21,Contra Costa,013,1133247,98486,97855,2096,99951,1008
2021-10-21,Del Norte,015,27424,3638,3540,51,3591,42
2021-10-21,El Dorado,017,186661,15819,15540,1659,17199,149
2021-10-21,Fresno,019,978130,136882,134466,12285,146751,2094
2021-10-21,Glenn,021,27897,3447,3399,992,4391,33
2021-10-21,Humboldt,023,135768,8851,8753,512,9265,105
2021-10-21,Imperial,025,180216,33096,32777,3076,35853,766
2021-10-21,Inyo,027,18085,2197,2108,38,2146,41
2021-10-21,Kern,029,883053,125013,122939,20882,143821,1636
2021-10-21,Kings,031,150075,31561,30942,1839,32781,325
2021-10-21,Lake,033,64148,6616,6501,138,6639,105
2021-10-21,Lassen,035,31185,6749,6632,339,6971,27
2021-10-21,Los Angeles,037,10098052,1429303,1415919,52912,1468831,26527
2021-10-21,Madera,039,155013,22514,22062,1972,24034,281
2021-10-21,Marin,041,260295,17404,17264,436,17700,244
2021-10-21,Mariposa,043,17540,1234,1184,43,1227,5
2021-10-21,Mendocino,045,87422,7358,7220,467,7687,82
2021-10-21,Merced,047,269075,41157,40808,1786,42594,581
2021-10-21,Modoc,049,8938,518,507,183,690,5
2021-10-21,Mono,051,14174,1675,1655,21,1676,3
2021-10-21,Monterey,053,433212,48391,47456,2764,50220,586
2021-10-21,Napa,055,140530,12865,12789,106,12895,100
2021-10-21,Nevada,057,99092,8986,8861,308,9169,90
2021-10-21,Orange,059,3164182,304674,302237,14632,316869,5546
2021-10-21,Placer,061,380077,36424,35822,3517,39339,426
2021-10-21,Plumas,063,18699,1701,1623,32,1655,7
2021-10-21,Riverside,065,2383286,359337,354688,16109,370797,5041
2021-10-21,Sacramento,067,1510023,156432,155125,4354,159479,2232
2021-10-21,San Benito,069,59416,7294,7280,162,7442,71
2021-10-21,San Bernardino,071,2135413,350311,347681,10924,358605,5688
2021-10-21,San Diego,073,3302833,368731,366085,21667,387752,4183
2021-10-21,San Francisco,075,870044,52374,51820,2232,54052,649
2021-10-21,San Joaquin,077,732212,98457,97440,5250,102690,1721
2021-10-21,San Luis Obispo,079,281455,29191,28755,1201,29956,333
2021-10-21,San Mateo,081,765935,53642,52719,826,53545,571
2021-10-21,Santa Barbara,083,443738,43940,43552,1508,45060,523
2021-10-21,Santa Clara,085,1922200,145481,144276,1255,145531,1897
2021-10-21,Santa Cruz,087,273765,20155,19967,985,20952,221
2021-10-21,Shasta,089,179085,20812,20386,3464,23850,321
2021-10-21,Sierra,091,2930,177,168,18,186,0
2021-10-21,Siskiyou,093,43540,3304,3231,1244,4475,46
2021-10-21,Solano,095,438530,45539,44861,1221,46082,341
2021-10-21,Sonoma,097,501317,40838,40476,508,40984,393
2021-10-21,Stanislaus,099,539301,76946,76812,8579,85391,1145
2021-10-21,Sutter,101,95872,13684,13616,320,13936,175
2021-10-21,Tehama,103,63373,8252,8105,1421,9526,110
2021-10-21,Trinity,105,12862,833,696,204,900,11
2021-10-21,Tulare,107,460477,67105,65585,14173,79758,978
2021-10-21,Tuolumne,109,53932,6970,6840,89,6929,90
2021-10-21,Ventura,111,848112,97340,96664,4225,100889,1167
2021-10-21,Yolo,113,214977,19566,19280,989,20269,248
2021-10-21,Yuba,115,75493,9949,9838,293,10131,82
2021-10-20,Alameda,001,1643700,118183,117654,2680,120334,1390
2021-10-20,Alpine,003,1148,101,103,0,103,0
2021-10-20,Amador,005,37829,5462,5379,56,5435,64
2021-10-20,Butte,007,227075,20425,20021,3678,23699,270
2021-10-20,Calaveras,009,45235,3918,3844,47,3891,81
2021-10-20,Colusa,011,21464,2489,2454,612,3066,18
2021-10-20,Contra Costa,013,1133247,98370,97721,2092,99813,1008
2021-10-20,Del Norte,015,27424,3634,3536,51,3587,42
2021-10-20,El Dorado,017,186661,15789,15502,1656,17158,149
2021-10-20,Fresno,019,978130,136482,134025,12248,146273,2084
2021-10-20,Glenn,021,27897,3439,3382,991,4373,33
2021-10-20,Humboldt,023,135768,8829,8727,510,9237,105
2021-10-20,Imperial,025,180216,33022,32705,3068,35773,766
2021-10-20,Inyo,027,18085,2178,2077,37,2114,40
2021-10-20,Kern,029,883053,124719,122630,20763,143393,1623
2021-10-20,Kings,031,150075,31484,30805,1829,32634,322
2021-10-20,Lake,033,64148,6594,6475,137,6612,104
2021-10-20,Lassen,035,31185,6734,6622,339,6961,27
2021-10-20,Los Angeles,037,10098052,1428185,1414931,52842,1467773,26506
2021-10-20,Madera,039,155013,22444,21983,1963,23946,281
2021-10-20,Marin,041,260295,17383,17250,434,17684,244
2021-10-20,Mariposa,043,17540,1227,1174,43,1217,5
2021-10-20,Mendocino,045,87422,7330,7189,464,7653,82
2021-10-20,Merced,047,269075,41076,40685,1770,42455,581
2021-10-20,Modoc,049,8938,518,504,183,687,5
2021-10-20,Mono,051,14174,1675,1653,21,1674,3
2021-10-20,Monterey,053,433212,48359,47430,2755,50185,587
2021-10-20,Napa,055,140530,12851,12773,105,12878,100
2021-10-20,Nevada,057,99092,8958,8836,308,9144,90
2021-10-20,Orange,059,3164182,304388,301957,14610,316567,5534
2021-10-20,Placer,061,380077,36335,35729,3508,39237,425
2021-10-20,Plumas,063,18699,1694,1604,32,1636,7
2021-10-20,Riverside,065,2383286,358893,354311,16092,370403,5030
2021-10-20,Sacramento,067,1510023,156133,154822,4331,159153,2222
2021-10-20,San Benito,069,59416,7291,7275,160,7435,71
2021-10-20,San Bernardino,071,2135413,349911,347217,10893,358110,5663
2021-10-20,San Diego,073,3302833,368222,365698,21648,387346,4178
2021-10-20,San Francisco,075,870044,52325,51755,2231,53986,646
2021-10-20,San Joaquin,077,732212,98312,97246,5242,102488,1721
2021-10-20,San Luis Obispo,079,281455,29145,28727,1197,29924,332
2021-10-20,San Mateo,081,765935,53571,52663,818,53481,571
2021-10-20,Santa Barbara,083,443738,43877,43489,1507,44996,523
2021-10-20,Santa Clara,085,1922200,145346,144124,1250,145374,1896
2021-10-20,Santa Cruz,087,273765,20142,19951,985,20936,219
2021-10-20,Shasta,089,179085,20750,20313,3437,23750,320
2021-10-20,Sierra,091,2930,177,168,18,186,0
2021-10-20,Siskiyou,093,43540,3304,3224,1238,4462,46
2021-10-20,Solano,095,438530,45507,44819,1219,46038,341
2021-10-20,Sonoma,097,501317,40791,40404,508,40912,393
2021-10-20,Stanislaus,099,539301,76796,76631,8560,85191,1145
2021-10-20,Sutter,101,95872,13660,13592,314,13906,175
2021-10-20,Tehama,103,63373,8221,8081,1410,9491,110
2021-10-20,Trinity,105,12862,833,693,203,896,11
2021-10-20,Tulare,107,460477,66929,65413,14129,79542,967
2021-10-20,Tuolumne,109,53932,6947,6803,89,6892,89
2021-10-20,Ventura,111,848112,97258,96610,4221,100831,1166
2021-10-20,Yolo,113,214977,19521,19236,987,20223,248
2021-10-20,Yuba,115,75493,9932,9808,290,10098,82
2021-10-19,Alameda,001,1643700,118061,117542,2674,120216,1383
2021-10-19,Alpine,003,1148,101,103,0,103,0
2021-10-19,Amador,005,37829,5446,5367,56,5423,64
2021-10-19,Butte,007,227075,20372,19974,3670,23644,268
2021-10-19,Calaveras,009,45235,3901,3826,46,3872,80
2021-10-19,Colusa,011,21464,2486,2447,610,3057,18
2021-10-19,Contra Costa,013,1133247,98279,97613,2087,99700,1004
2021-10-19,Del Norte,015,27424,3627,3531,51,3582,42
2021-10-19,El Dorado,017,186661,15764,15478,1651,17129,149
2021-10-19,Fresno,019,978130,136118,133813,12200,146013,2073
2021-10-19,Glenn,021,27897,3436,3380,989,4369,33
2021-10-19,Humboldt,023,135768,8805,8714,504,9218,105
2021-10-19,Imperial,025,180216,32956,32632,3064,35696,764
2021-10-19,Inyo,027,18085,2147,2045,37,2082,40
2021-10-19,Kern,029,883053,124402,122391,20639,143030,1613
2021-10-19,Kings,031,150075,31391,30757,1822,32579,322
2021-10-19,Lake,033,64148,6590,6465,137,6602,104
2021-10-19,Lassen,035,31185,6728,6612,335,6947,27
2021-10-19,Los Angeles,037,10098052,1426938,1413882,52769,1466651,26473
2021-10-19,Madera,039,155013,22381,21950,1955,23905,281
2021-10-19,Marin,041,260295,17369,17241,431,17672,244
2021-10-19,Mariposa,043,17540,1221,1171,41,1212,5
2021-10-19,Mendocino,045,87422,7315,7172,461,7633,82
2021-10-19,Merced,047,269075,40961,40628,1749,42377,580
2021-10-19,Modoc,049,8938,516,502,183,685,5
2021-10-19,Mono,051,14174,1671,1651,21,1672,3
2021-10-19,Monterey,053,433212,48322,47412,2744,50156,583
2021-10-19,Napa,055,140530,12844,12769,105,12874,100
2021-10-19,Nevada,057,99092,8937,8829,307,9136,90
2021-10-19,Orange,059,3164182,304131,301700,14577,316277,5527
2021-10-19,Placer,061,380077,36214,35663,3493,39156,422
2021-10-19,Plumas,063,18699,1676,1586,32,1618,8
2021-10-19,Riverside,065,2383286,358471,353891,16085,369976,5020
2021-10-19,Sacramento,067,1510023,155827,154570,4305,158875,2227
2021-10-19,San Benito,069,59416,7276,7264,160,7424,71
2021-10-19,San Bernardino,071,2135413,349509,346814,10864,357678,5627
2021-10-19,San Diego,073,3302833,367641,365285,21617,386902,4170
2021-10-19,San Francisco,075,870044,52262,51704,2229,53933,645
2021-10-19,San Joaquin,077,732212,98145,97105,5231,102336,1721
2021-10-19,San Luis Obispo,079,281455,29097,28670,1194,29864,332
2021-10-19,San Mateo,081,765935,53513,52617,816,53433,571
2021-10-19,Santa Barbara,083,443738,43810,43413,1506,44919,522
2021-10-19,Santa Clara,085,1922200,145173,143989,1243,145232,1898
2021-10-19,Santa Cruz,087,273765,20118,19895,983,20878,218
2021-10-19,Shasta,089,179085,20674,20209,3429,23638,319
2021-10-19,Sierra,091,2930,174,168,18,186,0
2021-10-19,Siskiyou,093,43540,3300,3216,1233,4449,46
2021-10-19,Solano,095,438530,45465,44782,1213,45995,341
2021-10-19,Sonoma,097,501317,40717,40379,507,40886,392
2021-10-19,Stanislaus,099,539301,76654,76526,8548,85074,1145
2021-10-19,Sutter,101,95872,13636,13569,313,13882,174
2021-10-19,Tehama,103,63373,8191,8057,1394,9451,108
2021-10-19,Trinity,105,12862,826,691,203,894,11
2021-10-19,Tulare,107,460477,66742,65253,14061,79314,958
2021-10-19,Tuolumne,109,53932,6918,6782,88,6870,89
2021-10-19,Ventura,111,848112,97182,96539,4216,100755,1166
2021-10-19,Yolo,113,214977,19475,19206,983,20189,248
2021-10-19,Yuba,115,75493,9914,9796,289,10085,82
2021-10-18,Alameda,001,1643700,117923,117506,2664,120170,1381
2021-10-18,Alpine,003,1148,101,103,0,103,0
2021-10-18,Amador,005,37829,5435,5345,56,5401,64
2021-10-18,Butte,007,227075,20321,19921,3658,23579,265
2021-10-18,Calaveras,009,45235,3876,3819,45,3864,80
2021-10-18,Colusa,011,21464,2485,2444,608,3052,18
2021-10-18,Contra Costa,013,1133247,98168,97585,2083,99668,995
2021-10-18,Del Norte,015,27424,3620,3529,51,3580,41
2021-10-18,El Dorado,017,186661,15734,15452,1649,17101,149
2021-10-18,Fresno,019,978130,135716,133688,12158,145846,2063
2021-10-18,Glenn,021,27897,3432,3370,985,4355,32
2021-10-18,Humboldt,023,135768,8785,8699,496,9195,104
2021-10-18,Imperial,025,180216,32865,32558,3064,35622,764
2021-10-18,Inyo,027,18085,2129,2020,37,2057,40
2021-10-18,Kern,029,883053,124103,122231,20545,142776,1605
2021-10-18,Kings,031,150075,31277,30698,1809,32507,320
2021-10-18,Lake,033,64148,6571,6455,133,6588,104
2021-10-18,Lassen,035,31185,6708,6607,332,6939,26
2021-10-18,Los Angeles,037,10098052,1425693,1413291,52693,1465984,26446
2021-10-18,Madera,039,155013,22327,21909,1942,23851,277
2021-10-18,Marin,041,260295,17349,17232,428,17660,244
2021-10-18,Mariposa,043,17540,1213,1160,41,1201,5
2021-10-18,Mendocino,045,87422,7296,7156,453,7609,82
2021-10-18,Merced,047,269075,40838,40573,1739,42312,579
2021-10-18,Modoc,049,8938,516,498,183,681,5
2021-10-18,Mono,051,14174,1665,1648,20,1668,3
2021-10-18,Monterey,053,433212,48300,47389,2739,50128,583
2021-10-18,Napa,055,140530,12829,12762,105,12867,100
2021-10-18,Nevada,057,99092,8918,8816,307,9123,90
2021-10-18,Orange,059,3164182,303792,301573,14542,316115,5524
2021-10-18,Placer,061,380077,36137,35598,3489,39087,420
2021-10-18,Plumas,063,18699,1668,1579,32,1611,6
2021-10-18,Riverside,065,2383286,358056,353699,16071,369770,5008
2021-10-18,Sacramento,067,1510023,155522,154428,4275,158703,2203
2021-10-18,San Benito,069,59416,7264,7253,160,7413,71
2021-10-18,San Bernardino,071,2135413,349089,346742,10850,357592,5606
2021-10-18,San Diego,073,3302833,367085,364948,21579,386527,4169
2021-10-18,San Francisco,075,870044,52199,51671,2223,53894,644
2021-10-18,San Joaquin,077,732212,97980,97041,5221,102262,1721
2021-10-18,San Luis Obispo,079,281455,29058,28644,1191,29835,331
2021-10-18,San Mateo,081,765935,53448,52594,815,53409,571
2021-10-18,Santa Barbara,083,443738,43751,43386,1504,44890,522
2021-10-18,Santa Clara,085,1922200,145018,143891,1235,145126,1895
2021-10-18,Santa Cruz,087,273765,20104,19876,981,20857,218
2021-10-18,Shasta,089,179085,20594,20146,3418,23564,313
2021-10-18,Sierra,091,2930,174,166,18,184,0
2021-10-18,Siskiyou,093,43540,3297,3210,1225,4435,42
2021-10-18,Solano,095,438530,45421,44758,1210,45968,339
2021-10-18,Sonoma,097,501317,40653,40349,504,40853,392
2021-10-18,Stanislaus,099,539301,76489,76466,8534,85000,1145
2021-10-18,Sutter,101,95872,13602,13557,311,13868,172
2021-10-18,Tehama,103,63373,8156,8042,1382,9424,107
2021-10-18,Trinity,105,12862,825,688,203,891,11
2021-10-18,Tulare,107,460477,66567,65171,13997,79168,958
2021-10-18,Tuolumne,109,53932,6889,6755,88,6843,89
2021-10-18,Ventura,111,848112,97087,96506,4213,100719,1165
2021-10-18,Yolo,113,214977,19438,19197,980,20177,248
2021-10-18,Yuba,115,75493,9887,9782,287,10069,82
2021-10-17,Alameda,001,1643700,117772,117423,2659,120082,1376
2021-10-17,Alpine,003,1148,101,103,0,103,0
2021-10-17,Amador,005,37829,5412,5341,56,5397,64
2021-10-17,Butte,007,227075,20237,19897,3648,23545,265
2021-10-17,Calaveras,009,45235,3860,3805,45,3850,80
2021-10-17,Colusa,011,21464,2480,2442,601,3043,18
2021-10-17,Contra Costa,013,1133247,98047,97485,2072,99557,995
2021-10-17,Del Norte,015,27424,3615,3526,51,3577,41
2021-10-17,El Dorado,017,186661,15676,15438,1642,17080,149
2021-10-17,Fresno,019,978130,135249,133429,12115,145544,2063
2021-10-17,Glenn,021,27897,3422,3364,980,4344,32
2021-10-17,Humboldt,023,135768,8765,8690,493,9183,104
2021-10-17,Imperial,025,180216,32783,32520,3057,35577,764
2021-10-17,Inyo,027,18085,2101,2000,37,2037,40
2021-10-17,Kern,029,883053,123753,122085,20447,142532,1603
2021-10-17,Kings,031,150075,31164,30636,1801,32437,315
2021-10-17,Lake,033,64148,6555,6437,133,6570,104
2021-10-17,Lassen,035,31185,6696,6605,328,6933,26
2021-10-17,Los Angeles,037,10098052,1424353,1412371,52618,1464989,26443
2021-10-17,Madera,039,155013,22265,21869,1931,23800,277
2021-10-17,Marin,041,260295,17327,17211,428,17639,243
2021-10-17,Mariposa,043,17540,1206,1150,41,1191,5
2021-10-17,Mendocino,045,87422,7267,7148,447,7595,82
2021-10-17,Merced,047,269075,40712,40531,1723,42254,579
2021-10-17,Modoc,049,8938,513,498,181,679,5
2021-10-17,Mono,051,14174,1663,1640,19,1659,3
2021-10-17,Monterey,053,433212,48259,47369,2729,50098,583
2021-10-17,Napa,055,140530,12814,12753,102,12855,100
2021-10-17,Nevada,057,99092,8901,8794,306,9100,90
2021-10-17,Orange,059,3164182,303477,301414,14509,315923,5524
2021-10-17,Placer,061,380077,36037,35559,3474,39033,420
2021-10-17,Plumas,063,18699,1644,1571,31,1602,6
2021-10-17,Riverside,065,2383286,357572,353500,16057,369557,5008
2021-10-17,Sacramento,067,1510023,155122,154080,4258,158338,2213
2021-10-17,San Benito,069,59416,7255,7250,159,7409,71
2021-10-17,San Bernardino,071,2135413,348652,346524,10830,357354,5597
2021-10-17,San Diego,073,3302833,366494,364675,21551,386226,4163
2021-10-17,San Francisco,075,870044,52127,51625,2214,53839,644
2021-10-17,San Joaquin,077,732212,97807,96950,5212,102162,1721
2021-10-17,San Luis Obispo,079,281455,29006,28604,1183,29787,331
2021-10-17,San Mateo,081,765935,53396,52541,811,53352,571
2021-10-17,Santa Barbara,083,443738,43688,43344,1503,44847,522
2021-10-17,Santa Clara,085,1922200,144841,143768,1226,144994,1895
2021-10-17,Santa Cruz,087,273765,20076,19861,979,20840,218
2021-10-17,Shasta,089,179085,20504,20116,3408,23524,312
2021-10-17,Sierra,091,2930,172,165,18,183,0
2021-10-17,Siskiyou,093,43540,3289,3204,1222,4426,42
2021-10-17,Solano,095,438530,45364,44722,1209,45931,340
2021-10-17,Sonoma,097,501317,40577,40306,503,40809,392
2021-10-17,Stanislaus,099,539301,76291,76354,8520,84874,1145
2021-10-17,Sutter,101,95872,13585,13543,309,13852,172
2021-10-17,Tehama,103,63373,8124,8015,1366,9381,107
2021-10-17,Trinity,105,12862,822,686,202,888,11
2021-10-17,Tulare,107,460477,66384,65057,13925,78982,958
2021-10-17,Tuolumne,109,53932,6855,6735,87,6822,89
2021-10-17,Ventura,111,848112,96987,96458,4210,100668,1165
2021-10-17,Yolo,113,214977,19395,19171,972,20143,248
2021-10-17,Yuba,115,75493,9861,9771,285,10056,82
2021-10-16,Alameda,001,1643700,117681,117027,2657,119684,1365
2021-10-16,Alpine,003,1148,100,102,0,102,0
2021-10-16,Amador,005,37829,5405,5310,56,5366,64
2021-10-16,Butte,007,227075,20206,19612,3639,23251,260
2021-10-16,Calaveras,009,45235,3853,3771,45,3816,80
2021-10-16,Colusa,011,21464,2476,2431,598,3029,18
2021-10-16,Contra Costa,013,1133247,97955,97107,2065,99172,982
2021-10-16,Del Norte,015,27424,3612,3516,51,3567,41
2021-10-16,El Dorado,017,186661,15655,15315,1640,16955,149
2021-10-16,Fresno,019,978130,135095,132433,12098,144531,2051
2021-10-16,Glenn,021,27897,3416,3331,980,4311,26
2021-10-16,Humboldt,023,135768,8753,8621,488,9109,104
2021-10-16,Imperial,025,180216,32768,32368,3055,35423,764
2021-10-16,Inyo,027,18085,2087,1932,37,1969,39
2021-10-16,Kern,029,883053,123597,121354,20366,141720,1590
2021-10-16,Kings,031,150075,31118,30418,1798,32216,314
2021-10-16,Lake,033,64148,6544,6378,133,6511,104
2021-10-16,Lassen,035,31185,6687,6559,324,6883,26
2021-10-16,Los Angeles,037,10098052,1423698,1409418,52564,1461982,26398
2021-10-16,Madera,039,155013,22221,21707,1927,23634,277
2021-10-16,Marin,041,260295,17317,17148,428,17576,243
2021-10-16,Mariposa,043,17540,1203,1096,41,1137,5
2021-10-16,Mendocino,045,87422,7256,7099,447,7546,82
2021-10-16,Merced,047,269075,40680,40265,1721,41986,577
2021-10-16,Modoc,049,8938,510,492,181,673,5
2021-10-16,Mono,051,14174,1659,1628,19,1647,3
2021-10-16,Monterey,053,433212,48242,47293,2721,50014,582
2021-10-16,Napa,055,140530,12803,12706,102,12808,100
2021-10-16,Nevada,057,99092,8881,8739,306,9045,90
2021-10-16,Orange,059,3164182,303301,300722,14484,315206,5509
2021-10-16,Placer,061,380077,35953,35343,3468,38811,412
2021-10-16,Plumas,063,18699,1639,1542,30,1572,6
2021-10-16,Riverside,065,2383286,357302,352435,16045,368480,4990
2021-10-16,Sacramento,067,1510023,154923,153264,4254,157518,2192
2021-10-16,San Benito,069,59416,7242,7210,158,7368,71
2021-10-16,San Bernardino,071,2135413,348444,345418,10822,356240,5566
2021-10-16,San Diego,073,3302833,366178,363109,21535,384644,4151
2021-10-16,San Francisco,075,870044,52080,51436,2210,53646,645
2021-10-16,San Joaquin,077,732212,97735,96507,5209,101716,1708
2021-10-16,San Luis Obispo,079,281455,28980,28460,1182,29642,329
2021-10-16,San Mateo,081,765935,53347,52399,810,53209,569
2021-10-16,Santa Barbara,083,443738,43652,43175,1502,44677,521
2021-10-16,Santa Clara,085,1922200,144741,143282,1218,144500,1890
2021-10-16,Santa Cruz,087,273765,20061,19794,978,20772,218
2021-10-16,Shasta,089,179085,20454,19932,3397,23329,309
2021-10-16,Sierra,091,2930,170,160,18,178,0
2021-10-16,Siskiyou,093,43540,3287,3173,1215,4388,42
2021-10-16,Solano,095,438530,45338,44585,1205,45790,334
2021-10-16,Sonoma,097,501317,40537,40195,503,40698,390
2021-10-16,Stanislaus,099,539301,76205,75868,8510,84378,1142
2021-10-16,Sutter,101,95872,13566,13471,308,13779,169
2021-10-16,Tehama,103,63373,8111,7907,1361,9268,104
2021-10-16,Trinity,105,12862,822,679,202,881,11
2021-10-16,Tulare,107,460477,66246,64489,13894,78383,951
2021-10-16,Tuolumne,109,53932,6823,6666,87,6753,89
2021-10-16,Ventura,111,848112,96955,96181,4205,100386,1164
2021-10-16,Yolo,113,214977,19368,19078,966,20044,247
2021-10-16,Yuba,115,75493,9837,9705,282,9987,82
2021-10-15,Alameda,001,1643700,117609,117027,2653,119680,1365
2021-10-15,Alpine,003,1148,100,102,0,102,0
2021-10-15,Amador,005,37829,5381,5310,56,5366,64
2021-10-15,Butte,007,227075,20170,19612,3632,23244,260
2021-10-15,Calaveras,009,45235,3847,3771,45,3816,80
2021-10-15,Colusa,011,21464,2474,2431,595,3026,18
2021-10-15,Contra Costa,013,1133247,97873,97107,2062,99169,982
2021-10-15,Del Norte,015,27424,3610,3516,51,3567,41
2021-10-15,El Dorado,017,186661,15635,15315,1635,16950,149
2021-10-15,Fresno,019,978130,134842,132433,12089,144522,2051
2021-10-15,Glenn,021,27897,3410,3331,979,4310,26
2021-10-15,Humboldt,023,135768,8744,8621,486,9107,104
2021-10-15,Imperial,025,180216,32721,32368,3051,35419,764
2021-10-15,Inyo,027,18085,2069,1932,37,1969,39
2021-10-15,Kern,029,883053,123461,121354,20292,141646,1590
2021-10-15,Kings,031,150075,31063,30418,1794,32212,314
2021-10-15,Lake,033,64148,6535,6378,133,6511,104
2021-10-15,Lassen,035,31185,6675,6559,323,6882,26
2021-10-15,Los Angeles,037,10098052,1423005,1409418,52516,1461934,26398
2021-10-15,Madera,039,155013,22177,21707,1919,23626,277
2021-10-15,Marin,041,260295,17306,17148,428,17576,243
2021-10-15,Mariposa,043,17540,1195,1096,41,1137,5
2021-10-15,Mendocino,045,87422,7241,7099,447,7546,82
2021-10-15,Merced,047,269075,40650,40265,1718,41983,577
2021-10-15,Modoc,049,8938,509,492,181,673,5
2021-10-15,Mono,051,14174,1656,1628,19,1647,3
2021-10-15,Monterey,053,433212,48220,47293,2719,50012,582
2021-10-15,Napa,055,140530,12799,12706,102,12808,100
2021-10-15,Nevada,057,99092,8866,8739,306,9045,90
2021-10-15,Orange,059,3164182,303133,300722,14466,315188,5509
2021-10-15,Placer,061,380077,35899,35343,3462,38805,412
2021-10-15,Plumas,063,18699,1631,1542,30,1572,6
2021-10-15,Riverside,065,2383286,357060,352435,16040,368475,4990
2021-10-15,Sacramento,067,1510023,154736,153264,4244,157508,2192
2021-10-15,San Benito,069,59416,7239,7210,158,7368,71
2021-10-15,San Bernardino,071,2135413,348212,345418,10819,356237,5566
2021-10-15,San Diego,073,3302833,365818,363109,21510,384619,4151
2021-10-15,San Francisco,075,870044,52039,51436,2203,53639,645
2021-10-15,San Joaquin,077,732212,97657,96507,5202,101709,1708
2021-10-15,San Luis Obispo,079,281455,28959,28460,1180,29640,329
2021-10-15,San Mateo,081,765935,53303,52399,809,53208,569
2021-10-15,Santa Barbara,083,443738,43614,43175,1502,44677,521
2021-10-15,Santa Clara,085,1922200,144619,143282,1210,144492,1890
2021-10-15,Santa Cruz,087,273765,20050,19794,978,20772,218
2021-10-15,Shasta,089,179085,20398,19932,3389,23321,309
2021-10-15,Sierra,091,2930,170,160,18,178,0
2021-10-15,Siskiyou,093,43540,3286,3173,1212,4385,42
2021-10-15,Solano,095,438530,45312,44585,1205,45790,334
2021-10-15,Sonoma,097,501317,40503,40195,502,40697,390
2021-10-15,Stanislaus,099,539301,76125,75868,8494,84362,1142
2021-10-15,Sutter,101,95872,13549,13471,306,13777,169
2021-10-15,Tehama,103,63373,8090,7907,1355,9262,104
2021-10-15,Trinity,105,12862,822,679,202,881,11
2021-10-15,Tulare,107,460477,66167,64489,13857,78346,951
2021-10-15,Tuolumne,109,53932,6800,6666,85,6751,89
2021-10-15,Ventura,111,848112,96913,96181,4202,100383,1164
2021-10-15,Yolo,113,214977,19353,19078,962,20040,247
2021-10-15,Yuba,115,75493,9827,9705,281,9986,82
2021-10-14,Alameda,001,1643700,117500,117027,2648,119675,1365
2021-10-14,Alpine,003,1148,100,102,0,102,0
2021-10-14,Amador,005,37829,5370,5310,56,5366,64
2021-10-14,Butte,007,227075,20118,19612,3626,23238,260
2021-10-14,Calaveras,009,45235,3834,3771,44,3815,80
2021-10-14,Colusa,011,21464,2472,2431,593,3024,18
2021-10-14,Contra Costa,013,1133247,97739,97107,2055,99162,982
2021-10-14,Del Norte,015,27424,3604,3516,51,3567,41
2021-10-14,El Dorado,017,186661,15597,15315,1632,16947,149
2021-10-14,Fresno,019,978130,134547,132433,12060,144493,2051
2021-10-14,Glenn,021,27897,3405,3331,978,4309,26
2021-10-14,Humboldt,023,135768,8727,8621,483,9104,104
2021-10-14,Imperial,025,180216,32658,32368,3044,35412,764
2021-10-14,Inyo,027,18085,2050,1932,37,1969,39
2021-10-14,Kern,029,883053,123189,121354,20193,141547,1590
2021-10-14,Kings,031,150075,30998,30418,1786,32204,314
2021-10-14,Lake,033,64148,6514,6378,132,6510,104
2021-10-14,Lassen,035,31185,6669,6559,322,6881,26
2021-10-14,Los Angeles,037,10098052,1422013,1409418,52466,1461884,26398
2021-10-14,Madera,039,155013,22112,21707,1913,23620,277
2021-10-14,Marin,041,260295,17301,17148,426,17574,243
2021-10-14,Mariposa,043,17540,1182,1096,40,1136,5
2021-10-14,Mendocino,045,87422,7227,7099,445,7544,82
2021-10-14,Merced,047,269075,40562,40265,1704,41969,577
2021-10-14,Modoc,049,8938,509,492,181,673,5
2021-10-14,Mono,051,14174,1649,1628,19,1647,3
2021-10-14,Monterey,053,433212,48194,47293,2714,50007,582
2021-10-14,Napa,055,140530,12784,12706,102,12808,100
2021-10-14,Nevada,057,99092,8839,8739,304,9043,90
2021-10-14,Orange,059,3164182,302925,300722,14449,315171,5509
2021-10-14,Placer,061,380077,35832,35343,3448,38791,412
2021-10-14,Plumas,063,18699,1616,1542,30,1572,6
2021-10-14,Riverside,065,2383286,356663,352435,16029,368464,4990
2021-10-14,Sacramento,067,1510023,154485,153264,4224,157488,2192
2021-10-14,San Benito,069,59416,7228,7210,158,7368,71
2021-10-14,San Bernardino,071,2135413,347853,345418,10812,356230,5566
2021-10-14,San Diego,073,3302833,365378,363109,21483,384592,4151
2021-10-14,San Francisco,075,870044,51983,51436,2199,53635,645
2021-10-14,San Joaquin,077,732212,97528,96507,5193,101700,1708
2021-10-14,San Luis Obispo,079,281455,28914,28460,1176,29636,329
2021-10-14,San Mateo,081,765935,53255,52399,808,53207,569
2021-10-14,Santa Barbara,083,443738,43558,43175,1497,44672,521
2021-10-14,Santa Clara,085,1922200,144478,143282,1204,144486,1890
2021-10-14,Santa Cruz,087,273765,20027,19794,978,20772,218
2021-10-14,Shasta,089,179085,20341,19932,3377,23309,309
2021-10-14,Sierra,091,2930,169,160,18,178,0
2021-10-14,Siskiyou,093,43540,3283,3173,1204,4377,42
2021-10-14,Solano,095,438530,45262,44585,1197,45782,334
2021-10-14,Sonoma,097,501317,40453,40195,499,40694,390
2021-10-14,Stanislaus,099,539301,75979,75868,8481,84349,1142
2021-10-14,Sutter,101,95872,13529,13471,305,13776,169
2021-10-14,Tehama,103,63373,8059,7907,1348,9255,104
2021-10-14,Trinity,105,12862,821,679,201,880,11
2021-10-14,Tulare,107,460477,65982,64489,13810,78299,951
2021-10-14,Tuolumne,109,53932,6768,6666,84,6750,89
2021-10-14,Ventura,111,848112,96845,96181,4196,100377,1164
2021-10-14,Yolo,113,214977,19320,19078,955,20033,247
2021-10-14,Yuba,115,75493,9813,9705,272,9977,82
2021-10-13,Alameda,001,1643700,117394,116914,2642,119556,1360
2021-10-13,Alpine,003,1148,100,102,0,102,0
2021-10-13,Amador,005,37829,5356,5305,56,5361,63
2021-10-13,Butte,007,227075,20043,19546,3621,23167,257
2021-10-13,Calaveras,009,45235,3813,3756,42,3798,79
2021-10-13,Colusa,011,21464,2465,2430,589,3019,18
2021-10-13,Contra Costa,013,1133247,97623,96975,2054,99029,969
2021-10-13,Del Norte,015,27424,3599,3512,51,3563,39
2021-10-13,El Dorado,017,186661,15573,15302,1627,16929,149
2021-10-13,Fresno,019,978130,134213,132055,12029,144084,2048
2021-10-13,Glenn,021,27897,3400,3327,974,4301,26
2021-10-13,Humboldt,023,135768,8716,8604,479,9083,102
2021-10-13,Imperial,025,180216,32598,32317,3042,35359,762
2021-10-13,Inyo,027,18085,2013,1907,37,1944,39
2021-10-13,Kern,029,883053,122945,120956,20101,141057,1586
2021-10-13,Kings,031,150075,30917,30246,1779,32025,312
2021-10-13,Lake,033,64148,6494,6371,132,6503,103
2021-10-13,Lassen,035,31185,6658,6535,316,6851,25
2021-10-13,Los Angeles,037,10098052,1420960,1408384,52410,1460794,26379
2021-10-13,Madera,039,155013,22059,21609,1899,23508,277
2021-10-13,Marin,041,260295,17277,17137,425,17562,243
2021-10-13,Mariposa,043,17540,1168,1090,40,1130,5
2021-10-13,Mendocino,045,87422,7211,7088,437,7525,82
2021-10-13,Merced,047,269075,40477,40164,1693,41857,577
2021-10-13,Modoc,049,8938,507,490,179,669,5
2021-10-13,Mono,051,14174,1649,1612,19,1631,3
2021-10-13,Monterey,053,433212,48175,47273,2707,49980,582
2021-10-13,Napa,055,140530,12773,12695,100,12795,100
2021-10-13,Nevada,057,99092,8817,8725,304,9029,90
2021-10-13,Orange,059,3164182,302718,300468,14433,314901,5503
2021-10-13,Placer,061,380077,35765,35254,3439,38693,412
2021-10-13,Plumas,063,18699,1602,1514,30,1544,6
2021-10-13,Riverside,065,2383286,356333,352044,16016,368060,4978
2021-10-13,Sacramento,067,1510023,154236,153141,4203,157344,2182
2021-10-13,San Benito,069,59416,7222,7196,157,7353,71
2021-10-13,San Bernardino,071,2135413,347528,344951,10795,355746,5562
2021-10-13,San Diego,073,3302833,364947,362564,21461,384025,4141
2021-10-13,San Francisco,075,870044,51940,51379,2195,53574,644
2021-10-13,San Joaquin,077,732212,97385,96343,5189,101532,1696
2021-10-13,San Luis Obispo,079,281455,28876,28397,1173,29570,330
2021-10-13,San Mateo,081,765935,53203,52352,804,53156,569
2021-10-13,Santa Barbara,083,443738,43506,43109,1497,44606,518
2021-10-13,Santa Clara,085,1922200,144340,143064,1203,144267,1886
2021-10-13,Santa Cruz,087,273765,20001,19763,977,20740,217
2021-10-13,Shasta,089,179085,20271,19802,3357,23159,307
2021-10-13,Sierra,091,2930,169,155,18,173,0
2021-10-13,Siskiyou,093,43540,3275,3173,1203,4376,42
2021-10-13,Solano,095,438530,45223,44558,1194,45752,334
2021-10-13,Sonoma,097,501317,40397,40122,499,40621,390
2021-10-13,Stanislaus,099,539301,75837,75698,8471,84169,1136
2021-10-13,Sutter,101,95872,13499,13458,303,13761,169
2021-10-13,Tehama,103,63373,8023,7849,1342,9191,103
2021-10-13,Trinity,105,12862,818,677,201,878,11
2021-10-13,Tulare,107,460477,65801,64297,13756,78053,945
2021-10-13,Tuolumne,109,53932,6754,6644,83,6727,89
2021-10-13,Ventura,111,848112,96771,96099,4190,100289,1162
2021-10-13,Yolo,113,214977,19292,19023,953,19976,247
2021-10-13,Yuba,115,75493,9788,9690,259,9949,80
2021-10-12,Alameda,001,1643700,117291,116813,2638,119451,1357
2021-10-12,Alpine,003,1148,100,102,0,102,0
2021-10-12,Amador,005,37829,5345,5301,56,5357,63
2021-10-12,Butte,007,227075,19971,19506,3610,23116,256
2021-10-12,Calaveras,009,45235,3798,3750,42,3792,75
2021-10-12,Colusa,011,21464,2462,2428,587,3015,18
2021-10-12,Contra Costa,013,1133247,97510,96894,2045,98939,960
2021-10-12,Del Norte,015,27424,3593,3511,51,3562,39
2021-10-12,El Dorado,017,186661,15539,15287,1625,16912,148
2021-10-12,Fresno,019,978130,133852,131848,11998,143846,2042
2021-10-12,Glenn,021,27897,3386,3321,973,4294,26
2021-10-12,Humboldt,023,135768,8689,8587,473,9060,102
2021-10-12,Imperial,025,180216,32546,32267,3040,35307,762
2021-10-12,Inyo,027,18085,1981,1889,37,1926,39
2021-10-12,Kern,029,883053,122658,120826,19992,140818,1580
2021-10-12,Kings,031,150075,30843,30200,1768,31968,312
2021-10-12,Lake,033,64148,6479,6372,130,6502,97
2021-10-12,Lassen,035,31185,6648,6526,315,6841,25
2021-10-12,Los Angeles,037,10098052,1419900,1407462,52364,1459826,26362
2021-10-12,Madera,039,155013,21988,21574,1886,23460,277
2021-10-12,Marin,041,260295,17254,17126,425,17551,242
2021-10-12,Mariposa,043,17540,1154,1088,40,1128,5
2021-10-12,Mendocino,045,87422,7182,7077,434,7511,82
2021-10-12,Merced,047,269075,40398,40113,1687,41800,567
2021-10-12,Modoc,049,8938,502,485,178,663,5
2021-10-12,Mono,051,14174,1647,1608,19,1627,3
2021-10-12,Monterey,053,433212,48144,47254,2699,49953,582
2021-10-12,Napa,055,140530,12759,12671,100,12771,97
2021-10-12,Nevada,057,99092,8805,8720,303,9023,89
2021-10-12,Orange,059,3164182,302463,300256,14407,314663,5499
2021-10-12,Placer,061,380077,35702,35214,3431,38645,404
2021-10-12,Plumas,063,18699,1588,1488,29,1517,6
2021-10-12,Riverside,065,2383286,356007,351771,16002,367773,4973
2021-10-12,Sacramento,067,1510023,153931,152935,4178,157113,2170
2021-10-12,San Benito,069,59416,7208,7193,157,7350,71
2021-10-12,San Bernardino,071,2135413,347216,344788,10785,355573,5563
2021-10-12,San Diego,073,3302833,364434,362256,21432,383688,4137
2021-10-12,San Francisco,075,870044,51876,51301,2194,53495,643
2021-10-12,San Joaquin,077,732212,97248,96237,5184,101421,1690
2021-10-12,San Luis Obispo,079,281455,28829,28379,1172,29551,327
2021-10-12,San Mateo,081,765935,53152,52328,803,53131,569
2021-10-12,Santa Barbara,083,443738,43445,43076,1497,44573,515
2021-10-12,Santa Clara,085,1922200,144187,142954,1201,144155,1882
2021-10-12,Santa Cruz,087,273765,19976,19757,977,20734,218
2021-10-12,Shasta,089,179085,20197,19731,3336,23067,304
2021-10-12,Sierra,091,2930,169,153,18,171,0
2021-10-12,Siskiyou,093,43540,3264,3166,1197,4363,42
2021-10-12,Solano,095,438530,45181,44516,1188,45704,329
2021-10-12,Sonoma,097,501317,40356,40105,498,40603,390
2021-10-12,Stanislaus,099,539301,75685,75589,8459,84048,1126
2021-10-12,Sutter,101,95872,13476,13436,299,13735,168
2021-10-12,Tehama,103,63373,7991,7820,1338,9158,103
2021-10-12,Trinity,105,12862,815,676,201,877,11
2021-10-12,Tulare,107,460477,65616,64216,13701,77917,944
2021-10-12,Tuolumne,109,53932,6737,6637,82,6719,89
2021-10-12,Ventura,111,848112,96670,96022,4185,100207,1160
2021-10-12,Yolo,113,214977,19265,18987,945,19932,247
2021-10-12,Yuba,115,75493,9773,9676,255,9931,70
2021-10-11,Alameda,001,1643700,117149,116759,2637,119396,1358
2021-10-11,Alpine,003,1148,100,102,0,102,0
2021-10-11,Amador,005,37829,5333,5286,56,5342,62
2021-10-11,Butte,007,227075,19912,19452,3605,23057,253
2021-10-11,Calaveras,009,45235,3777,3750,42,3792,75
2021-10-11,Colusa,011,21464,2458,2427,579,3006,18
2021-10-11,Contra Costa,013,1133247,97374,96832,2040,98872,960
2021-10-11,Del Norte,015,27424,3590,3510,47,3557,39
2021-10-11,El Dorado,017,186661,15510,15273,1621,16894,146
2021-10-11,Fresno,019,978130,133522,131703,11963,143666,2036
2021-10-11,Glenn,021,27897,3369,3308,971,4279,26
2021-10-11,Humboldt,023,135768,8664,8571,466,9037,101
2021-10-11,Imperial,025,180216,32496,32207,3034,35241,762
2021-10-11,Inyo,027,18085,1958,1862,36,1898,39
2021-10-11,Kern,029,883053,122421,120684,19897,140581,1575
2021-10-11,Kings,031,150075,30754,30180,1758,31938,309
2021-10-11,Lake,033,64148,6463,6361,126,6487,97
2021-10-11,Lassen,035,31185,6628,6499,312,6811,25
2021-10-11,Los Angeles,037,10098052,1418853,1406826,52313,1459139,26346
2021-10-11,Madera,039,155013,21930,21555,1869,23424,272
2021-10-11,Marin,041,260295,17236,17121,421,17542,242
2021-10-11,Mariposa,043,17540,1124,1083,39,1122,5
2021-10-11,Mendocino,045,87422,7166,7064,430,7494,82
2021-10-11,Merced,047,269075,40282,40064,1662,41726,566
2021-10-11,Modoc,049,8938,499,482,175,657,5
2021-10-11,Mono,051,14174,1637,1604,19,1623,3
2021-10-11,Monterey,053,433212,48115,47241,2692,49933,580
2021-10-11,Napa,055,140530,12736,12654,98,12752,96
2021-10-11,Nevada,057,99092,8785,8716,302,9018,90
2021-10-11,Orange,059,3164182,302233,299941,14377,314318,5499
2021-10-11,Placer,061,380077,35633,35173,3414,38587,404
2021-10-11,Plumas,063,18699,1570,1469,27,1496,6
2021-10-11,Riverside,065,2383286,355662,351444,15997,367441,4973
2021-10-11,Sacramento,067,1510023,153642,152681,4147,156828,2169
2021-10-11,San Benito,069,59416,7187,7184,155,7339,71
2021-10-11,San Bernardino,071,2135413,346833,344594,10777,355371,5549
2021-10-11,San Diego,073,3302833,363922,361712,21400,383112,4124
2021-10-11,San Francisco,075,870044,51805,51275,2191,53466,643
2021-10-11,San Joaquin,077,732212,97093,96152,5173,101325,1681
2021-10-11,San Luis Obispo,079,281455,28781,28355,1167,29522,327
2021-10-11,San Mateo,081,765935,53104,52298,803,53101,569
2021-10-11,Santa Barbara,083,443738,43398,43018,1496,44514,515
2021-10-11,Santa Clara,085,1922200,144025,142836,1197,144033,1882
2021-10-11,Santa Cruz,087,273765,19952,19745,976,20721,217
2021-10-11,Shasta,089,179085,20118,19662,3320,22982,295
2021-10-11,Sierra,091,2930,166,147,17,164,0
2021-10-11,Siskiyou,093,43540,3257,3159,1193,4352,42
2021-10-11,Solano,095,438530,45132,44474,1185,45659,329
2021-10-11,Sonoma,097,501317,40311,40067,498,40565,390
2021-10-11,Stanislaus,099,539301,75514,75478,8438,83916,1118
2021-10-11,Sutter,101,95872,13457,13427,297,13724,165
2021-10-11,Tehama,103,63373,7950,7795,1329,9124,102
2021-10-11,Trinity,105,12862,809,675,200,875,11
2021-10-11,Tulare,107,460477,65437,64094,13635,77729,942
2021-10-11,Tuolumne,109,53932,6699,6602,82,6684,89
2021-10-11,Ventura,111,848112,96573,95876,4178,100054,1160
2021-10-11,Yolo,113,214977,19218,18977,942,19919,247
2021-10-11,Yuba,115,75493,9756,9657,243,9900,69
2021-10-10,Alameda,001,1643700,117030,116679,2633,119312,1358
2021-10-10,Alpine,003,1148,100,102,0,102,0
2021-10-10,Amador,005,37829,5319,5278,56,5334,62
2021-10-10,Butte,007,227075,19847,19430,3589,23019,253
2021-10-10,Calaveras,009,45235,3765,3747,42,3789,75
2021-10-10,Colusa,011,21464,2457,2425,578,3003,18
2021-10-10,Contra Costa,013,1133247,97275,96760,2034,98794,960
2021-10-10,Del Norte,015,27424,3586,3507,47,3554,39
2021-10-10,El Dorado,017,186661,15480,15250,1615,16865,146
2021-10-10,Fresno,019,978130,133192,131434,11932,143366,2035
2021-10-10,Glenn,021,27897,3364,3297,969,4266,26
2021-10-10,Humboldt,023,135768,8643,8554,462,9016,101
2021-10-10,Imperial,025,180216,32421,32167,3033,35200,762
2021-10-10,Inyo,027,18085,1937,1857,36,1893,39
2021-10-10,Kern,029,883053,122095,120552,19794,140346,1573
2021-10-10,Kings,031,150075,30665,30122,1748,31870,308
2021-10-10,Lake,033,64148,6447,6349,125,6474,97
2021-10-10,Lassen,035,31185,6609,6495,311,6806,26
2021-10-10,Los Angeles,037,10098052,1417664,1406034,52239,1458273,26338
2021-10-10,Madera,039,155013,21884,21486,1860,23346,272
2021-10-10,Marin,041,260295,17219,17112,421,17533,242
2021-10-10,Mariposa,043,17540,1121,1074,39,1113,5
2021-10-10,Mendocino,045,87422,7151,7060,422,7482,81
2021-10-10,Merced,047,269075,40199,40036,1643,41679,566
2021-10-10,Modoc,049,8938,499,482,175,657,5
2021-10-10,Mono,051,14174,1636,1596,19,1615,3
2021-10-10,Monterey,053,433212,48085,47228,2691,49919,580
2021-10-10,Napa,055,140530,12713,12641,98,12739,96
2021-10-10,Nevada,057,99092,8773,8689,302,8991,90
2021-10-10,Orange,059,3164182,301971,299787,14349,314136,5499
2021-10-10,Placer,061,380077,35540,35128,3402,38530,404
2021-10-10,Plumas,063,18699,1554,1468,25,1493,6
2021-10-10,Riverside,065,2383286,355288,351248,15979,367227,4973
2021-10-10,Sacramento,067,1510023,153376,152405,4130,156535,2178
2021-10-10,San Benito,069,59416,7182,7180,154,7334,71
2021-10-10,San Bernardino,071,2135413,346520,344423,10769,355192,5551
2021-10-10,San Diego,073,3302833,363406,361038,21353,382391,4113
2021-10-10,San Francisco,075,870044,51758,51216,2189,53405,643
2021-10-10,San Joaquin,077,732212,96922,96084,5159,101243,1681
2021-10-10,San Luis Obispo,079,281455,28737,28343,1167,29510,326
2021-10-10,San Mateo,081,765935,53062,52273,802,53075,569
2021-10-10,Santa Barbara,083,443738,43351,42987,1495,44482,515
2021-10-10,Santa Clara,085,1922200,143860,142768,1190,143958,1881
2021-10-10,Santa Cruz,087,273765,19932,19727,976,20703,217
2021-10-10,Shasta,089,179085,20030,19635,3311,22946,296
2021-10-10,Sierra,091,2930,164,147,17,164,0
2021-10-10,Siskiyou,093,43540,3243,3155,1186,4341,42
2021-10-10,Solano,095,438530,45076,44431,1185,45616,329
2021-10-10,Sonoma,097,501317,40259,40027,498,40525,390
2021-10-10,Stanislaus,099,539301,75336,75403,8424,83827,1118
2021-10-10,Sutter,101,95872,13433,13412,292,13704,165
2021-10-10,Tehama,103,63373,7912,7764,1320,9084,102
2021-10-10,Trinity,105,12862,808,669,199,868,11
2021-10-10,Tulare,107,460477,65265,63930,13586,77516,940
2021-10-10,Tuolumne,109,53932,6675,6580,81,6661,89
2021-10-10,Ventura,111,848112,96484,95829,4178,100007,1160
2021-10-10,Yolo,113,214977,19186,18952,937,19889,247
2021-10-10,Yuba,115,75493,9740,9641,238,9879,69
2021-10-09,Alameda,001,1643700,116932,116253,2631,118884,1356
2021-10-09,Alpine,003,1148,99,102,0,102,0
2021-10-09,Amador,005,37829,5317,5237,55,5292,62
2021-10-09,Butte,007,227075,19816,19277,3585,22862,250
2021-10-09,Calaveras,009,45235,3761,3716,42,3758,75
2021-10-09,Colusa,011,21464,2453,2419,577,2996,18
2021-10-09,Contra Costa,013,1133247,97206,96378,2028,98406,958
2021-10-09,Del Norte,015,27424,3585,3495,47,3542,39
2021-10-09,El Dorado,017,186661,15462,15153,1612,16765,144
2021-10-09,Fresno,019,978130,133060,130508,11914,142422,2018
2021-10-09,Glenn,021,27897,3360,3277,967,4244,26
2021-10-09,Humboldt,023,135768,8629,8448,460,8908,97
2021-10-09,Imperial,025,180216,32387,31989,3031,35020,760
2021-10-09,Inyo,027,18085,1928,1808,36,1844,39
2021-10-09,Kern,029,883053,121954,119795,19767,139562,1559
2021-10-09,Kings,031,150075,30616,29894,1746,31640,308
2021-10-09,Lake,033,64148,6428,6283,124,6407,97
2021-10-09,Lassen,035,31185,6604,6442,310,6752,25
2021-10-09,Los Angeles,037,10098052,1417076,1402810,52202,1455012,26280
2021-10-09,Madera,039,155013,21851,21313,1846,23159,271
2021-10-09,Marin,041,260295,17214,17049,419,17468,242
2021-10-09,Mariposa,043,17540,1114,1042,38,1080,5
2021-10-09,Mendocino,045,87422,7144,7011,421,7432,82
2021-10-09,Merced,047,269075,40156,39784,1643,41427,565
2021-10-09,Modoc,049,8938,497,477,174,651,5
2021-10-09,Mono,051,14174,1633,1577,19,1596,3
2021-10-09,Monterey,053,433212,48073,47168,2688,49856,577
2021-10-09,Napa,055,140530,12709,12586,98,12684,96
2021-10-09,Nevada,057,99092,8762,8613,301,8914,90
2021-10-09,Orange,059,3164182,301790,299089,14330,313419,5457
2021-10-09,Placer,061,380077,35502,34877,3395,38272,393
2021-10-09,Plumas,063,18699,1543,1418,25,1443,6
2021-10-09,Riverside,065,2383286,355036,350082,15963,366045,4965
2021-10-09,Sacramento,067,1510023,153166,151566,4117,155683,2160
2021-10-09,San Benito,069,59416,7174,7123,154,7277,71
2021-10-09,San Bernardino,071,2135413,346332,343452,10765,354217,5556
2021-10-09,San Diego,073,3302833,363100,359909,21348,381257,4111
2021-10-09,San Francisco,075,870044,51710,50960,2182,53142,643
2021-10-09,San Joaquin,077,732212,96856,95606,5154,100760,1669
2021-10-09,San Luis Obispo,079,281455,28720,28197,1165,29362,324
2021-10-09,San Mateo,081,765935,53031,52121,801,52922,569
2021-10-09,Santa Barbara,083,443738,43324,42735,1495,44230,514
2021-10-09,Santa Clara,085,1922200,143736,142298,1184,143482,1873
2021-10-09,Santa Cruz,087,273765,19922,19635,975,20610,217
2021-10-09,Shasta,089,179085,19979,19437,3306,22743,290
2021-10-09,Sierra,091,2930,161,141,17,158,0
2021-10-09,Siskiyou,093,43540,3242,3124,1185,4309,42
2021-10-09,Solano,095,438530,45059,44265,1184,45449,329
2021-10-09,Sonoma,097,501317,40215,39848,498,40346,387
2021-10-09,Stanislaus,099,539301,75246,74899,8413,83312,1114
2021-10-09,Sutter,101,95872,13424,13314,290,13604,165
2021-10-09,Tehama,103,63373,7901,7670,1315,8985,99
2021-10-09,Trinity,105,12862,807,660,199,859,11
2021-10-09,Tulare,107,460477,65157,63398,13565,76963,932
2021-10-09,Tuolumne,109,53932,6656,6521,81,6602,89
2021-10-09,Ventura,111,848112,96430,95542,4175,99717,1158
2021-10-09,Yolo,113,214977,19164,18850,935,19785,247
2021-10-09,Yuba,115,75493,9728,9551,237,9788,69
2021-10-08,Alameda,001,1643700,116851,116253,2627,118880,1356
2021-10-08,Alpine,003,1148,99,102,0,102,0
2021-10-08,Amador,005,37829,5304,5237,55,5292,62
2021-10-08,Butte,007,227075,19787,19277,3581,22858,250
2021-10-08,Calaveras,009,45235,3756,3716,42,3758,75
2021-10-08,Colusa,011,21464,2451,2419,577,2996,18
2021-10-08,Contra Costa,013,1133247,97162,96378,2023,98401,958
2021-10-08,Del Norte,015,27424,3584,3495,47,3542,39
2021-10-08,El Dorado,017,186661,15442,15153,1608,16761,144
2021-10-08,Fresno,019,978130,132864,130508,11893,142401,2018
2021-10-08,Glenn,021,27897,3352,3277,965,4242,26
2021-10-08,Humboldt,023,135768,8618,8448,457,8905,97
2021-10-08,Imperial,025,180216,32358,31989,3027,35016,760
2021-10-08,Inyo,027,18085,1910,1808,36,1844,39
2021-10-08,Kern,029,883053,121817,119795,19725,139520,1559
2021-10-08,Kings,031,150075,30522,29894,1745,31639,308
2021-10-08,Lake,033,64148,6420,6283,124,6407,97
2021-10-08,Lassen,035,31185,6590,6442,307,6749,25
2021-10-08,Los Angeles,037,10098052,1416416,1402810,52168,1454978,26280
2021-10-08,Madera,039,155013,21792,21313,1839,23152,271
2021-10-08,Marin,041,260295,17203,17049,418,17467,242
2021-10-08,Mariposa,043,17540,1107,1042,36,1078,5
2021-10-08,Mendocino,045,87422,7131,7011,421,7432,82
2021-10-08,Merced,047,269075,40124,39784,1640,41424,565
2021-10-08,Modoc,049,8938,495,477,174,651,5
2021-10-08,Mono,051,14174,1630,1577,19,1596,3
2021-10-08,Monterey,053,433212,48046,47168,2686,49854,577
2021-10-08,Napa,055,140530,12693,12586,98,12684,96
2021-10-08,Nevada,057,99092,8749,8613,301,8914,90
2021-10-08,Orange,059,3164182,301643,299089,14310,313399,5457
2021-10-08,Placer,061,380077,35464,34877,3388,38265,393
2021-10-08,Plumas,063,18699,1531,1418,25,1443,6
2021-10-08,Riverside,065,2383286,354767,350082,15952,366034,4965
2021-10-08,Sacramento,067,1510023,153001,151566,4103,155669,2160
2021-10-08,San Benito,069,59416,7170,7123,152,7275,71
2021-10-08,San Bernardino,071,2135413,346123,343452,10757,354209,5556
2021-10-08,San Diego,073,3302833,362774,359909,21329,381238,4111
2021-10-08,San Francisco,075,870044,51663,50960,2175,53135,643
2021-10-08,San Joaquin,077,732212,96788,95606,5148,100754,1669
2021-10-08,San Luis Obispo,079,281455,28693,28197,1164,29361,324
2021-10-08,San Mateo,081,765935,53003,52121,801,52922,569
2021-10-08,Santa Barbara,083,443738,43289,42735,1494,44229,514
2021-10-08,Santa Clara,085,1922200,143623,142298,1179,143477,1873
2021-10-08,Santa Cruz,087,273765,19907,19635,975,20610,217
2021-10-08,Shasta,089,179085,19937,19437,3300,22737,290
2021-10-08,Sierra,091,2930,159,141,15,156,0
2021-10-08,Siskiyou,093,43540,3234,3124,1184,4308,42
2021-10-08,Solano,095,438530,45020,44265,1184,45449,329
2021-10-08,Sonoma,097,501317,40179,39848,498,40346,387
2021-10-08,Stanislaus,099,539301,75177,74899,8404,83303,1114
2021-10-08,Sutter,101,95872,13410,13314,288,13602,165
2021-10-08,Tehama,103,63373,7884,7670,1313,8983,99
2021-10-08,Trinity,105,12862,806,660,199,859,11
2021-10-08,Tulare,107,460477,65039,63398,13533,76931,932
2021-10-08,Tuolumne,109,53932,6633,6521,81,6602,89
2021-10-08,Ventura,111,848112,96379,95542,4169,99711,1158
2021-10-08,Yolo,113,214977,19151,18850,931,19781,247
2021-10-08,Yuba,115,75493,9708,9551,236,9787,69
2021-10-07,Alameda,001,1643700,116731,116253,2626,118879,1356
2021-10-07,Alpine,003,1148,99,102,0,102,0
2021-10-07,Amador,005,37829,5297,5237,55,5292,62
2021-10-07,Butte,007,227075,19738,19277,3570,22847,250
2021-10-07,Calaveras,009,45235,3744,3716,42,3758,75
2021-10-07,Colusa,011,21464,2448,2419,571,2990,18
2021-10-07,Contra Costa,013,1133247,97039,96378,2020,98398,958
2021-10-07,Del Norte,015,27424,3581,3495,47,3542,39
2021-10-07,El Dorado,017,186661,15405,15153,1604,16757,144
2021-10-07,Fresno,019,978130,132590,130508,11869,142377,2018
2021-10-07,Glenn,021,27897,3345,3277,962,4239,26
2021-10-07,Humboldt,023,135768,8592,8448,454,8902,97
2021-10-07,Imperial,025,180216,32287,31989,3014,35003,760
2021-10-07,Inyo,027,18085,1891,1808,36,1844,39
2021-10-07,Kern,029,883053,121585,119795,19661,139456,1559
2021-10-07,Kings,031,150075,30457,29894,1739,31633,308
2021-10-07,Lake,033,64148,6409,6283,124,6407,97
2021-10-07,Lassen,035,31185,6572,6442,305,6747,25
2021-10-07,Los Angeles,037,10098052,1415460,1402810,52123,1454933,26280
2021-10-07,Madera,039,155013,21719,21313,1825,23138,271
2021-10-07,Marin,041,260295,17185,17049,418,17467,242
2021-10-07,Mariposa,043,17540,1099,1042,36,1078,5
2021-10-07,Mendocino,045,87422,7121,7011,417,7428,82
2021-10-07,Merced,047,269075,40057,39784,1623,41407,565
2021-10-07,Modoc,049,8938,492,477,173,650,5
2021-10-07,Mono,051,14174,1622,1577,19,1596,3
2021-10-07,Monterey,053,433212,48021,47168,2677,49845,577
2021-10-07,Napa,055,140530,12678,12586,98,12684,96
2021-10-07,Nevada,057,99092,8721,8613,301,8914,90
2021-10-07,Orange,059,3164182,301417,299089,14296,313385,5457
2021-10-07,Placer,061,380077,35402,34877,3381,38258,393
2021-10-07,Plumas,063,18699,1514,1418,25,1443,6
2021-10-07,Riverside,065,2383286,354435,350082,15940,366022,4965
2021-10-07,Sacramento,067,1510023,152719,151566,4076,155642,2160
2021-10-07,San Benito,069,59416,7154,7123,150,7273,71
2021-10-07,San Bernardino,071,2135413,345849,343452,10749,354201,5556
2021-10-07,San Diego,073,3302833,362379,359909,21308,381217,4111
2021-10-07,San Francisco,075,870044,51592,50960,2172,53132,643
2021-10-07,San Joaquin,077,732212,96634,95606,5140,100746,1669
2021-10-07,San Luis Obispo,079,281455,28642,28197,1162,29359,324
2021-10-07,San Mateo,081,765935,52963,52121,800,52921,569
2021-10-07,Santa Barbara,083,443738,43221,42735,1488,44223,514
2021-10-07,Santa Clara,085,1922200,143474,142298,1173,143471,1873
2021-10-07,Santa Cruz,087,273765,19887,19635,974,20609,217
2021-10-07,Shasta,089,179085,19848,19437,3285,22722,290
2021-10-07,Sierra,091,2930,158,141,15,156,0
2021-10-07,Siskiyou,093,43540,3230,3124,1179,4303,42
2021-10-07,Solano,095,438530,44975,44265,1180,45445,329
2021-10-07,Sonoma,097,501317,40142,39848,496,40344,387
2021-10-07,Stanislaus,099,539301,75015,74899,8379,83278,1114
2021-10-07,Sutter,101,95872,13388,13314,285,13599,165
2021-10-07,Tehama,103,63373,7851,7670,1307,8977,99
2021-10-07,Trinity,105,12862,804,660,199,859,11
2021-10-07,Tulare,107,460477,64872,63398,13497,76895,932
2021-10-07,Tuolumne,109,53932,6611,6521,81,6602,89
2021-10-07,Ventura,111,848112,96306,95542,4166,99708,1158
2021-10-07,Yolo,113,214977,19118,18850,927,19777,247
2021-10-07,Yuba,115,75493,9682,9551,229,9780,69
2021-10-06,Alameda,001,1643700,116594,116058,2620,118678,1353
2021-10-06,Alpine,003,1148,99,102,0,102,0
2021-10-06,Amador,005,37829,5294,5205,55,5260,62
2021-10-06,Butte,007,227075,19676,19208,3563,22771,247
2021-10-06,Calaveras,009,45235,3735,3669,42,3711,75
2021-10-06,Colusa,011,21464,2446,2414,564,2978,18
2021-10-06,Contra Costa,013,1133247,96915,96184,2016,98200,953
2021-10-06,Del Norte,015,27424,3578,3490,44,3534,39
2021-10-06,El Dorado,017,186661,15379,15078,1601,16679,140
2021-10-06,Fresno,019,978130,132300,130074,11845,141919,2008
2021-10-06,Glenn,021,27897,3336,3270,960,4230,26
2021-10-06,Humboldt,023,135768,8577,8416,448,8864,94
2021-10-06,Imperial,025,180216,32234,31930,3004,34934,760
2021-10-06,Inyo,027,18085,1876,1806,36,1842,39
2021-10-06,Kern,029,883053,121328,119491,19570,139061,1552
2021-10-06,Kings,031,150075,30391,29785,1731,31516,308
2021-10-06,Lake,033,64148,6395,6271,124,6395,97
2021-10-06,Lassen,035,31185,6556,6429,304,6733,25
2021-10-06,Los Angeles,037,10098052,1414504,1401675,52074,1453749,26252
2021-10-06,Madera,039,155013,21664,21230,1815,23045,269
2021-10-06,Marin,041,260295,17176,17042,415,17457,242
2021-10-06,Mariposa,043,17540,1092,1036,36,1072,5
2021-10-06,Mendocino,045,87422,7112,6986,415,7401,81
2021-10-06,Merced,047,269075,39982,39666,1611,41277,563
2021-10-06,Modoc,049,8938,492,477,171,648,5
2021-10-06,Mono,051,14174,1610,1568,19,1587,3
2021-10-06,Monterey,053,433212,47988,47136,2672,49808,577
2021-10-06,Napa,055,140530,12654,12552,97,12649,96
2021-10-06,Nevada,057,99092,8705,8582,300,8882,90
2021-10-06,Orange,059,3164182,301178,298785,14284,313069,5448
2021-10-06,Placer,061,380077,35351,34764,3375,38139,390
2021-10-06,Plumas,063,18699,1491,1383,25,1408,6
2021-10-06,Riverside,065,2383286,354079,349645,15919,365564,4953
2021-10-06,Sacramento,067,1510023,152466,151164,4045,155209,2141
2021-10-06,San Benito,069,59416,7139,7108,150,7258,69
2021-10-06,San Bernardino,071,2135413,345558,343022,10742,353764,5551
2021-10-06,San Diego,073,3302833,361887,359564,21282,380846,4104
2021-10-06,San Francisco,075,870044,51529,50894,2169,53063,641
2021-10-06,San Joaquin,077,732212,96500,95418,5128,100546,1658
2021-10-06,San Luis Obispo,079,281455,28592,28170,1156,29326,323
2021-10-06,San Mateo,081,765935,52913,52056,795,52851,569
2021-10-06,Santa Barbara,083,443738,43138,42687,1486,44173,513
2021-10-06,Santa Clara,085,1922200,143323,142124,1168,143292,1872
2021-10-06,Santa Cruz,087,273765,19858,19604,972,20576,217
2021-10-06,Shasta,089,179085,19773,19325,3272,22597,287
2021-10-06,Sierra,091,2930,156,138,15,153,0
2021-10-06,Siskiyou,093,43540,3220,3116,1172,4288,42
2021-10-06,Solano,095,438530,44941,44185,1179,45364,328
2021-10-06,Sonoma,097,501317,40092,39787,495,40282,383
2021-10-06,Stanislaus,099,539301,74873,74699,8366,83065,1114
2021-10-06,Sutter,101,95872,13367,13284,283,13567,164
2021-10-06,Tehama,103,63373,7815,7629,1299,8928,99
2021-10-06,Trinity,105,12862,801,656,199,855,11
2021-10-06,Tulare,107,460477,64693,63198,13441,76639,926
2021-10-06,Tuolumne,109,53932,6585,6486,81,6567,89
2021-10-06,Ventura,111,848112,96215,95449,4158,99607,1158
2021-10-06,Yolo,113,214977,19086,18815,923,19738,247
2021-10-06,Yuba,115,75493,9658,9520,228,9748,69
2021-10-05,Alameda,001,1643700,116450,115968,2615,118583,1350
2021-10-05,Alpine,003,1148,99,102,0,102,0
2021-10-05,Amador,005,37829,5273,5194,54,5248,61
2021-10-05,Butte,007,227075,19627,19137,3548,22685,246
2021-10-05,Calaveras,009,45235,3719,3657,42,3699,73
2021-10-05,Colusa,011,21464,2439,2414,563,2977,18
2021-10-05,Contra Costa,013,1133247,96798,96108,2011,98119,941
2021-10-05,Del Norte,015,27424,3576,3485,43,3528,39
2021-10-05,El Dorado,017,186661,15340,15052,1598,16650,140
2021-10-05,Fresno,019,978130,131961,129957,11809,141766,1987
2021-10-05,Glenn,021,27897,3325,3270,955,4225,26
2021-10-05,Humboldt,023,135768,8546,8398,444,8842,94
2021-10-05,Imperial,025,180216,32187,31909,2999,34908,759
2021-10-05,Inyo,027,18085,1859,1800,36,1836,39
2021-10-05,Kern,029,883053,121063,119260,19469,138729,1540
2021-10-05,Kings,031,150075,30316,29749,1726,31475,301
2021-10-05,Lake,033,64148,6374,6264,123,6387,97
2021-10-05,Lassen,035,31185,6537,6417,302,6719,25
2021-10-05,Los Angeles,037,10098052,1413361,1400300,52021,1452321,26223
2021-10-05,Madera,039,155013,21606,21183,1803,22986,269
2021-10-05,Marin,041,260295,17164,17024,415,17439,242
2021-10-05,Mariposa,043,17540,1073,1033,33,1066,5
2021-10-05,Mendocino,045,87422,7096,6972,408,7380,79
2021-10-05,Merced,047,269075,39916,39608,1603,41211,562
2021-10-05,Modoc,049,8938,488,475,170,645,5
2021-10-05,Mono,051,14174,1602,1565,19,1584,3
2021-10-05,Monterey,053,433212,47971,47087,2662,49749,573
2021-10-05,Napa,055,140530,12630,12533,97,12630,96
2021-10-05,Nevada,057,99092,8675,8576,300,8876,90
2021-10-05,Orange,059,3164182,300901,298589,14252,312841,5441
2021-10-05,Placer,061,380077,35271,34728,3368,38096,382
2021-10-05,Plumas,063,18699,1466,1357,25,1382,6
2021-10-05,Riverside,065,2383286,353720,349365,15904,365269,4942
2021-10-05,Sacramento,067,1510023,152191,151111,4017,155128,2126
2021-10-05,San Benito,069,59416,7121,7103,148,7251,69
2021-10-05,San Bernardino,071,2135413,345231,342711,10735,353446,5557
2021-10-05,San Diego,073,3302833,361312,359194,21255,380449,4092
2021-10-05,San Francisco,075,870044,51432,50826,2166,52992,641
2021-10-05,San Joaquin,077,732212,96347,95276,5102,100378,1651
2021-10-05,San Luis Obispo,079,281455,28548,28113,1154,29267,324
2021-10-05,San Mateo,081,765935,52866,52008,795,52803,569
2021-10-05,Santa Barbara,083,443738,43060,42595,1482,44077,511
2021-10-05,Santa Clara,085,1922200,143163,141971,1161,143132,1873
2021-10-05,Santa Cruz,087,273765,19816,19582,972,20554,216
2021-10-05,Shasta,089,179085,19699,19285,3259,22544,286
2021-10-05,Sierra,091,2930,152,136,15,151,0
2021-10-05,Siskiyou,093,43540,3206,3107,1172,4279,42
2021-10-05,Solano,095,438530,44870,44149,1178,45327,325
2021-10-05,Sonoma,097,501317,40037,39756,490,40246,383
2021-10-05,Stanislaus,099,539301,74711,74599,8349,82948,1114
2021-10-05,Sutter,101,95872,13339,13270,282,13552,164
2021-10-05,Tehama,103,63373,7786,7607,1290,8897,98
2021-10-05,Trinity,105,12862,798,655,199,854,11
2021-10-05,Tulare,107,460477,64486,63093,13388,76481,920
2021-10-05,Tuolumne,109,53932,6569,6473,80,6553,89
2021-10-05,Ventura,111,848112,96109,95351,4157,99508,1155
2021-10-05,Yolo,113,214977,19050,18782,917,19699,245
2021-10-05,Yuba,115,75493,9626,9504,225,9729,69
2021-10-04,Alameda,001,1643700,116288,115845,2612,118457,1347
2021-10-04,Alpine,003,1148,99,102,0,102,0
2021-10-04,Amador,005,37829,5263,5163,53,5216,61
2021-10-04,Butte,007,227075,19549,19081,3537,22618,245
2021-10-04,Calaveras,009,45235,3710,3641,42,3683,73
2021-10-04,Colusa,011,21464,2438,2414,561,2975,18
2021-10-04,Contra Costa,013,1133247,96657,95958,2006,97964,937
2021-10-04,Del Norte,015,27424,3574,3485,39,3524,39
2021-10-04,El Dorado,017,186661,15293,15031,1591,16622,138
2021-10-04,Fresno,019,978130,131651,129665,11779,141444,1978
2021-10-04,Glenn,021,27897,3318,3270,952,4222,26
2021-10-04,Humboldt,023,135768,8514,8355,437,8792,94
2021-10-04,Imperial,025,180216,32138,31866,2992,34858,757
2021-10-04,Inyo,027,18085,1847,1792,34,1826,39
2021-10-04,Kern,029,883053,120772,118984,19349,138333,1531
2021-10-04,Kings,031,150075,30223,29702,1723,31425,303
2021-10-04,Lake,033,64148,6361,6248,123,6371,97
2021-10-04,Lassen,035,31185,6520,6405,302,6707,25
2021-10-04,Los Angeles,037,10098052,1412242,1399604,51964,1451568,26186
2021-10-04,Madera,039,155013,21542,21126,1791,22917,266
2021-10-04,Marin,041,260295,17148,17008,414,17422,242
2021-10-04,Mariposa,043,17540,1061,1024,33,1057,5
2021-10-04,Mendocino,045,87422,7078,6947,405,7352,79
2021-10-04,Merced,047,269075,39800,39565,1587,41152,558
2021-10-04,Modoc,049,8938,485,473,170,643,5
2021-10-04,Mono,051,14174,1594,1561,19,1580,3
2021-10-04,Monterey,053,433212,47950,47058,2655,49713,571
2021-10-04,Napa,055,140530,12606,12506,97,12603,96
2021-10-04,Nevada,057,99092,8655,8563,300,8863,90
2021-10-04,Orange,059,3164182,300605,298165,14220,312385,5438
2021-10-04,Placer,061,380077,35189,34630,3341,37971,379
2021-10-04,Plumas,063,18699,1444,1329,25,1354,6
2021-10-04,Riverside,065,2383286,353340,348828,15894,364722,4923
2021-10-04,Sacramento,067,1510023,151867,150887,3990,154877,2115
2021-10-04,San Benito,069,59416,7108,7099,148,7247,69
2021-10-04,San Bernardino,071,2135413,344871,342418,10723,353141,5551
2021-10-04,San Diego,073,3302833,360746,358525,21224,379749,4090
2021-10-04,San Francisco,075,870044,51337,50798,2162,52960,638
2021-10-04,San Joaquin,077,732212,96150,95198,5082,100280,1649
2021-10-04,San Luis Obispo,079,281455,28503,28090,1148,29238,323
2021-10-04,San Mateo,081,765935,52806,51958,794,52752,569
2021-10-04,Santa Barbara,083,443738,42975,42585,1481,44066,511
2021-10-04,Santa Clara,085,1922200,143018,141840,1155,142995,1869
2021-10-04,Santa Cruz,087,273765,19787,19559,971,20530,216
2021-10-04,Shasta,089,179085,19592,19170,3245,22415,279
2021-10-04,Sierra,091,2930,145,136,14,150,0
2021-10-04,Siskiyou,093,43540,3197,3103,1157,4260,42
2021-10-04,Solano,095,438530,44811,44092,1174,45266,322
2021-10-04,Sonoma,097,501317,39971,39720,490,40210,381
2021-10-04,Stanislaus,099,539301,74560,74444,8330,82774,1106
2021-10-04,Sutter,101,95872,13310,13261,281,13542,164
2021-10-04,Tehama,103,63373,7745,7585,1284,8869,95
2021-10-04,Trinity,105,12862,797,649,198,847,11
2021-10-04,Tulare,107,460477,64299,62957,13320,76277,920
2021-10-04,Tuolumne,109,53932,6543,6442,80,6522,89
2021-10-04,Ventura,111,848112,96017,95170,4151,99321,1153
2021-10-04,Yolo,113,214977,19006,18761,913,19674,242
2021-10-04,Yuba,115,75493,9587,9481,223,9704,68
2021-10-03,Alameda,001,1643700,116144,115751,2602,118353,1349
2021-10-03,Alpine,003,1148,99,102,0,102,0
2021-10-03,Amador,005,37829,5245,5160,51,5211,61
2021-10-03,Butte,007,227075,19476,19066,3520,22586,245
2021-10-03,Calaveras,009,45235,3693,3632,42,3674,73
2021-10-03,Colusa,011,21464,2437,2413,558,2971,18
2021-10-03,Contra Costa,013,1133247,96525,95890,1999,97889,937
2021-10-03,Del Norte,015,27424,3568,3483,38,3521,39
2021-10-03,El Dorado,017,186661,15234,15014,1584,16598,139
2021-10-03,Fresno,019,978130,131270,129365,11738,141103,1978
2021-10-03,Glenn,021,27897,3311,3266,944,4210,26
2021-10-03,Humboldt,023,135768,8468,8352,433,8785,94
2021-10-03,Imperial,025,180216,32071,31844,2984,34828,757
2021-10-03,Inyo,027,18085,1826,1788,34,1822,39
2021-10-03,Kern,029,883053,120467,118851,19227,138078,1535
2021-10-03,Kings,031,150075,30124,29623,1716,31339,300
2021-10-03,Lake,033,64148,6335,6239,123,6362,97
2021-10-03,Lassen,035,31185,6498,6400,300,6700,25
2021-10-03,Los Angeles,037,10098052,1410980,1398790,51910,1450700,26179
2021-10-03,Madera,039,155013,21470,21066,1781,22847,266
2021-10-03,Marin,041,260295,17125,16995,409,17404,242
2021-10-03,Mariposa,043,17540,1054,1011,33,1044,5
2021-10-03,Mendocino,045,87422,7058,6939,397,7336,79
2021-10-03,Merced,047,269075,39693,39516,1567,41083,558
2021-10-03,Modoc,049,8938,484,472,169,641,5
2021-10-03,Mono,051,14174,1590,1554,19,1573,3
2021-10-03,Monterey,053,433212,47925,47049,2644,49693,571
2021-10-03,Napa,055,140530,12578,12489,95,12584,96
2021-10-03,Nevada,057,99092,8620,8545,300,8845,90
2021-10-03,Orange,059,3164182,300323,298027,14200,312227,5447
2021-10-03,Placer,061,380077,35051,34596,3325,37921,379
2021-10-03,Plumas,063,18699,1416,1328,25,1353,6
2021-10-03,Riverside,065,2383286,352909,348593,15874,364467,4924
2021-10-03,Sacramento,067,1510023,151579,150664,3961,154625,2120
2021-10-03,San Benito,069,59416,7099,7095,148,7243,69
2021-10-03,San Bernardino,071,2135413,344453,342302,10716,353018,5555
2021-10-03,San Diego,073,3302833,360166,358153,21192,379345,4081
2021-10-03,San Francisco,075,870044,51250,50733,2159,52892,638
2021-10-03,San Joaquin,077,732212,95961,95133,5074,100207,1649
2021-10-03,San Luis Obispo,079,281455,28436,28065,1143,29208,325
2021-10-03,San Mateo,081,765935,52739,51923,793,52716,569
2021-10-03,Santa Barbara,083,443738,42879,42550,1473,44023,511
2021-10-03,Santa Clara,085,1922200,142848,141737,1147,142884,1869
2021-10-03,Santa Cruz,087,273765,19747,19548,969,20517,216
2021-10-03,Shasta,089,179085,19487,19132,3217,22349,279
2021-10-03,Sierra,091,2930,142,136,14,150,0
2021-10-03,Siskiyou,093,43540,3184,3096,1147,4243,42
2021-10-03,Solano,095,438530,44747,44051,1171,45222,322
2021-10-03,Sonoma,097,501317,39905,39679,490,40169,381
2021-10-03,Stanislaus,099,539301,74372,74366,8312,82678,1106
2021-10-03,Sutter,101,95872,13295,13248,277,13525,164
2021-10-03,Tehama,103,63373,7702,7564,1279,8843,94
2021-10-03,Trinity,105,12862,793,647,196,843,11
2021-10-03,Tulare,107,460477,64096,62860,13248,76108,924
2021-10-03,Tuolumne,109,53932,6514,6430,78,6508,89
2021-10-03,Ventura,111,848112,95912,95108,4148,99256,1153
2021-10-03,Yolo,113,214977,18977,18720,905,19625,242
2021-10-03,Yuba,115,75493,9570,9462,222,9684,68
2021-10-02,Alameda,001,1643700,116035,115185,2597,117782,1343
2021-10-02,Alpine,003,1148,99,102,0,102,0
2021-10-02,Amador,005,37829,5236,5105,51,5156,61
2021-10-02,Butte,007,227075,19446,18911,3513,22424,243
2021-10-02,Calaveras,009,45235,3686,3585,42,3627,72
2021-10-02,Colusa,011,21464,2436,2403,556,2959,18
2021-10-02,Contra Costa,013,1133247,96454,95369,1995,97364,933
2021-10-02,Del Norte,015,27424,3563,3468,38,3506,39
2021-10-02,El Dorado,017,186661,15208,14887,1583,16470,136
2021-10-02,Fresno,019,978130,131099,128450,11725,140175,1964
2021-10-02,Glenn,021,27897,3306,3234,944,4178,26
2021-10-02,Humboldt,023,135768,8450,8244,433,8677,94
2021-10-02,Imperial,025,180216,32036,31674,2981,34655,757
2021-10-02,Inyo,027,18085,1817,1746,34,1780,39
2021-10-02,Kern,029,883053,120334,117962,19146,137108,1524
2021-10-02,Kings,031,150075,30075,29339,1712,31051,301
2021-10-02,Lake,033,64148,6326,6191,123,6314,97
2021-10-02,Lassen,035,31185,6493,6360,300,6660,25
2021-10-02,Los Angeles,037,10098052,1410369,1395070,51874,1446944,26126
2021-10-02,Madera,039,155013,21445,20931,1772,22703,266
2021-10-02,Marin,041,260295,17120,16936,406,17342,242
2021-10-02,Mariposa,043,17540,1052,967,33,1000,5
2021-10-02,Mendocino,045,87422,7048,6869,397,7266,78
2021-10-02,Merced,047,269075,39666,39196,1563,40759,552
2021-10-02,Modoc,049,8938,482,468,169,637,5
2021-10-02,Mono,051,14174,1588,1540,19,1559,3
2021-10-02,Monterey,053,433212,47870,46964,2643,49607,571
2021-10-02,Napa,055,140530,12567,12433,95,12528,96
2021-10-02,Nevada,057,99092,8609,8474,299,8773,87
2021-10-02,Orange,059,3164182,300158,297307,14180,311487,5435
2021-10-02,Placer,061,380077,34985,34377,3316,37693,381
2021-10-02,Plumas,063,18699,1405,1298,25,1323,6
2021-10-02,Riverside,065,2383286,352668,347227,15863,363090,4895
2021-10-02,Sacramento,067,1510023,151406,149897,3953,153850,2099
2021-10-02,San Benito,069,59416,7092,7055,148,7203,69
2021-10-02,San Bernardino,071,2135413,344266,341212,10664,351876,5540
2021-10-02,San Diego,073,3302833,359849,356454,21170,377624,4078
2021-10-02,San Francisco,075,870044,51201,50393,2154,52547,634
2021-10-02,San Joaquin,077,732212,95896,94599,5068,99667,1646
2021-10-02,San Luis Obispo,079,281455,28412,27915,1143,29058,323
2021-10-02,San Mateo,081,765935,52698,51767,789,52556,573
2021-10-02,Santa Barbara,083,443738,42839,42423,1473,43896,508
2021-10-02,Santa Clara,085,1922200,142734,141231,1143,142374,1862
2021-10-02,Santa Cruz,087,273765,19730,19461,968,20429,214
2021-10-02,Shasta,089,179085,19441,18912,3211,22123,270
2021-10-02,Sierra,091,2930,141,131,14,145,0
2021-10-02,Siskiyou,093,43540,3183,3053,1144,4197,42
2021-10-02,Solano,095,438530,44702,43800,1170,44970,321
2021-10-02,Sonoma,097,501317,39871,39497,489,39986,382
2021-10-02,Stanislaus,099,539301,74286,73859,8299,82158,1099
2021-10-02,Sutter,101,95872,13286,13160,276,13436,160
2021-10-02,Tehama,103,63373,7687,7453,1279,8732,93
2021-10-02,Trinity,105,12862,790,625,196,821,10
2021-10-02,Tulare,107,460477,64020,62247,13222,75469,908
2021-10-02,Tuolumne,109,53932,6500,6369,78,6447,89
2021-10-02,Ventura,111,848112,95840,94854,4143,98997,1148
2021-10-02,Yolo,113,214977,18952,18640,901,19541,242
2021-10-02,Yuba,115,75493,9551,9370,221,9591,66
2021-10-01,Alameda,001,1643700,115959,115185,2591,117776,1343
2021-10-01,Alpine,003,1148,99,102,0,102,0
2021-10-01,Amador,005,37829,5216,5105,51,5156,61
2021-10-01,Butte,007,227075,19405,18911,3506,22417,243
2021-10-01,Calaveras,009,45235,3676,3585,42,3627,72
2021-10-01,Colusa,011,21464,2434,2403,556,2959,18
2021-10-01,Contra Costa,013,1133247,96358,95369,1991,97360,933
2021-10-01,Del Norte,015,27424,3560,3468,37,3505,39
2021-10-01,El Dorado,017,186661,15191,14887,1579,16466,136
2021-10-01,Fresno,019,978130,130911,128450,11715,140165,1964
2021-10-01,Glenn,021,27897,3304,3234,943,4177,26
2021-10-01,Humboldt,023,135768,8433,8244,433,8677,94
2021-10-01,Imperial,025,180216,32017,31674,2972,34646,757
2021-10-01,Inyo,027,18085,1808,1746,34,1780,39
2021-10-01,Kern,029,883053,120181,117962,19090,137052,1524
2021-10-01,Kings,031,150075,30041,29339,1707,31046,301
2021-10-01,Lake,033,64148,6316,6191,123,6314,97
2021-10-01,Lassen,035,31185,6482,6360,299,6659,25
2021-10-01,Los Angeles,037,10098052,1409605,1395070,51830,1446900,26126
2021-10-01,Madera,039,155013,21395,20931,1763,22694,266
2021-10-01,Marin,041,260295,17105,16936,405,17341,242
2021-10-01,Mariposa,043,17540,1045,967,33,1000,5
2021-10-01,Mendocino,045,87422,7036,6869,397,7266,78
2021-10-01,Merced,047,269075,39622,39196,1554,40750,552
2021-10-01,Modoc,049,8938,481,468,169,637,5
2021-10-01,Mono,051,14174,1585,1540,19,1559,3
2021-10-01,Monterey,053,433212,47849,46964,2640,49604,571
2021-10-01,Napa,055,140530,12557,12433,94,12527,96
2021-10-01,Nevada,057,99092,8595,8474,298,8772,87
2021-10-01,Orange,059,3164182,299974,297307,14160,311467,5435
2021-10-01,Placer,061,380077,34951,34377,3312,37689,381
2021-10-01,Plumas,063,18699,1396,1298,25,1323,6
2021-10-01,Riverside,065,2383286,352375,347227,15856,363083,4895
2021-10-01,Sacramento,067,1510023,151254,149897,3942,153839,2099
2021-10-01,San Benito,069,59416,7090,7055,146,7201,69
2021-10-01,San Bernardino,071,2135413,344066,341212,10661,351873,5540
2021-10-01,San Diego,073,3302833,359489,356454,21149,377603,4078
2021-10-01,San Francisco,075,870044,51160,50393,2153,52546,634
2021-10-01,San Joaquin,077,732212,95826,94599,5064,99663,1646
2021-10-01,San Luis Obispo,079,281455,28388,27915,1140,29055,323
2021-10-01,San Mateo,081,765935,52658,51767,786,52553,573
2021-10-01,Santa Barbara,083,443738,42803,42423,1473,43896,508
2021-10-01,Santa Clara,085,1922200,142641,141231,1138,142369,1862
2021-10-01,Santa Cruz,087,273765,19710,19461,967,20428,214
2021-10-01,Shasta,089,179085,19387,18912,3204,22116,270
2021-10-01,Sierra,091,2930,141,131,14,145,0
2021-10-01,Siskiyou,093,43540,3182,3053,1141,4194,42
2021-10-01,Solano,095,438530,44650,43800,1164,44964,321
2021-10-01,Sonoma,097,501317,39839,39497,488,39985,382
2021-10-01,Stanislaus,099,539301,74202,73859,8288,82147,1099
2021-10-01,Sutter,101,95872,13270,13160,274,13434,160
2021-10-01,Tehama,103,63373,7675,7453,1277,8730,93
2021-10-01,Trinity,105,12862,788,625,196,821,10
2021-10-01,Tulare,107,460477,63917,62247,13187,75434,908
2021-10-01,Tuolumne,109,53932,6483,6369,78,6447,89
2021-10-01,Ventura,111,848112,95773,94854,4138,98992,1148
2021-10-01,Yolo,113,214977,18928,18640,899,19539,242
2021-10-01,Yuba,115,75493,9529,9370,221,9591,66
2021-09-30,Alameda,001,1643700,115814,115185,2588,117773,1343
2021-09-30,Alpine,003,1148,99,102,0,102,0
2021-09-30,Amador,005,37829,5204,5105,51,5156,61
2021-09-30,Butte,007,227075,19356,18911,3497,22408,243
2021-09-30,Calaveras,009,45235,3662,3585,42,3627,72
2021-09-30,Colusa,011,21464,2431,2403,555,2958,18
2021-09-30,Contra Costa,013,1133247,96253,95369,1986,97355,933
2021-09-30,Del Norte,015,27424,3556,3468,34,3502,39
2021-09-30,El Dorado,017,186661,15165,14887,1571,16458,136
2021-09-30,Fresno,019,978130,130636,128450,11681,140131,1964
2021-09-30,Glenn,021,27897,3294,3234,940,4174,26
2021-09-30,Humboldt,023,135768,8401,8244,427,8671,94
2021-09-30,Imperial,025,180216,31965,31674,2970,34644,757
2021-09-30,Inyo,027,18085,1798,1746,34,1780,39
2021-09-30,Kern,029,883053,119937,117962,19009,136971,1524
2021-09-30,Kings,031,150075,29951,29339,1703,31042,301
2021-09-30,Lake,033,64148,6298,6191,123,6314,97
2021-09-30,Lassen,035,31185,6468,6360,299,6659,25
2021-09-30,Los Angeles,037,10098052,1408397,1395070,51770,1446840,26126
2021-09-30,Madera,039,155013,21312,20931,1748,22679,266
2021-09-30,Marin,041,260295,17085,16936,404,17340,242
2021-09-30,Mariposa,043,17540,1023,967,33,1000,5
2021-09-30,Mendocino,045,87422,7027,6869,388,7257,78
2021-09-30,Merced,047,269075,39526,39196,1550,40746,552
2021-09-30,Modoc,049,8938,481,468,168,636,5
2021-09-30,Mono,051,14174,1577,1540,19,1559,3
2021-09-30,Monterey,053,433212,47819,46964,2629,49593,571
2021-09-30,Napa,055,140530,12537,12433,94,12527,96
2021-09-30,Nevada,057,99092,8578,8474,297,8771,87
2021-09-30,Orange,059,3164182,299702,297307,14122,311429,5435
2021-09-30,Placer,061,380077,34897,34377,3292,37669,381
2021-09-30,Plumas,063,18699,1378,1298,25,1323,6
2021-09-30,Riverside,065,2383286,351941,347227,15835,363062,4895
2021-09-30,Sacramento,067,1510023,150993,149897,3916,153813,2099
2021-09-30,San Benito,069,59416,7084,7055,146,7201,69
2021-09-30,San Bernardino,071,2135413,343754,341212,10647,351859,5540
2021-09-30,San Diego,073,3302833,359008,356454,21123,377577,4078
2021-09-30,San Francisco,075,870044,51083,50393,2149,52542,634
2021-09-30,San Joaquin,077,732212,95696,94599,5056,99655,1646
2021-09-30,San Luis Obispo,079,281455,28340,27915,1136,29051,323
2021-09-30,San Mateo,081,765935,52609,51767,783,52550,573
2021-09-30,Santa Barbara,083,443738,42746,42423,1472,43895,508
2021-09-30,Santa Clara,085,1922200,142491,141231,1135,142366,1862
2021-09-30,Santa Cruz,087,273765,19670,19461,966,20427,214
2021-09-30,Shasta,089,179085,19325,18912,3189,22101,270
2021-09-30,Sierra,091,2930,140,131,14,145,0
2021-09-30,Siskiyou,093,43540,3174,3053,1136,4189,42
2021-09-30,Solano,095,438530,44596,43800,1161,44961,321
2021-09-30,Sonoma,097,501317,39790,39497,488,39985,382
2021-09-30,Stanislaus,099,539301,74042,73859,8269,82128,1099
2021-09-30,Sutter,101,95872,13249,13160,274,13434,160
2021-09-30,Tehama,103,63373,7638,7453,1265,8718,93
2021-09-30,Trinity,105,12862,784,625,196,821,10
2021-09-30,Tulare,107,460477,63741,62247,13130,75377,908
2021-09-30,Tuolumne,109,53932,6460,6369,78,6447,89
2021-09-30,Ventura,111,848112,95668,94854,4131,98985,1148
2021-09-30,Yolo,113,214977,18889,18640,896,19536,242
2021-09-30,Yuba,115,75493,9506,9370,220,9590,66
2021-09-29,Alameda,001,1643700,115669,114998,2585,117583,1339
2021-09-29,Alpine,003,1148,99,101,0,101,0
2021-09-29,Amador,005,37829,5182,5058,51,5109,61
2021-09-29,Butte,007,227075,19302,18835,3490,22325,242
2021-09-29,Calaveras,009,45235,3645,3553,41,3594,72
2021-09-29,Colusa,011,21464,2429,2401,555,2956,18
2021-09-29,Contra Costa,013,1133247,96139,95213,1978,97191,929
2021-09-29,Del Norte,015,27424,3550,3467,34,3501,39
2021-09-29,El Dorado,017,186661,15131,14834,1564,16398,136
2021-09-29,Fresno,019,978130,130336,128068,11660,139728,1957
2021-09-29,Glenn,021,27897,3289,3213,938,4151,26
2021-09-29,Humboldt,023,135768,8378,8203,426,8629,94
2021-09-29,Imperial,025,180216,31899,31600,2965,34565,757
2021-09-29,Inyo,027,18085,1788,1740,33,1773,39
2021-09-29,Kern,029,883053,119702,117605,18933,136538,1513
2021-09-29,Kings,031,150075,29869,29195,1688,30883,299
2021-09-29,Lake,033,64148,6278,6164,123,6287,97
2021-09-29,Lassen,035,31185,6454,6347,299,6646,25
2021-09-29,Los Angeles,037,10098052,1407178,1393617,51700,1445317,26098
2021-09-29,Madera,039,155013,21268,20818,1732,22550,266
2021-09-29,Marin,041,260295,17067,16921,402,17323,242
2021-09-29,Mariposa,043,17540,1008,963,33,996,5
2021-09-29,Mendocino,045,87422,7015,6821,380,7201,78
2021-09-29,Merced,047,269075,39432,39026,1539,40565,552
2021-09-29,Modoc,049,8938,479,468,168,636,5
2021-09-29,Mono,051,14174,1575,1527,19,1546,3
2021-09-29,Monterey,053,433212,47781,46917,2615,49532,571
2021-09-29,Napa,055,140530,12517,12416,91,12507,96
2021-09-29,Nevada,057,99092,8565,8434,297,8731,87
2021-09-29,Orange,059,3164182,299434,296936,14086,311022,5429
2021-09-29,Placer,061,380077,34833,34271,3270,37541,379
2021-09-29,Plumas,063,18699,1359,1289,25,1314,6
2021-09-29,Riverside,065,2383286,351507,346558,15822,362380,4886
2021-09-29,Sacramento,067,1510023,150742,149686,3906,153592,2099
2021-09-29,San Benito,069,59416,7073,7039,146,7185,69
2021-09-29,San Bernardino,071,2135413,343434,340672,10632,351304,5539
2021-09-29,San Diego,073,3302833,358521,355899,21093,376992,4066
2021-09-29,San Francisco,075,870044,50999,50286,2145,52431,629
2021-09-29,San Joaquin,077,732212,95538,94356,5034,99390,1645
2021-09-29,San Luis Obispo,079,281455,28294,27800,1130,28930,323
2021-09-29,San Mateo,081,765935,52549,51673,781,52454,573
2021-09-29,Santa Barbara,083,443738,42674,42328,1469,43797,507
2021-09-29,Santa Clara,085,1922200,142356,141036,1129,142165,1861
2021-09-29,Santa Cruz,087,273765,19652,19425,965,20390,214
2021-09-29,Shasta,089,179085,19259,18805,3178,21983,271
2021-09-29,Sierra,091,2930,136,130,14,144,0
2021-09-29,Siskiyou,093,43540,3161,3043,1129,4172,42
2021-09-29,Solano,095,438530,44540,43724,1154,44878,321
2021-09-29,Sonoma,097,501317,39729,39426,486,39912,370
2021-09-29,Stanislaus,099,539301,73911,73634,8258,81892,1096
2021-09-29,Sutter,101,95872,13222,13135,271,13406,155
2021-09-29,Tehama,103,63373,7608,7409,1250,8659,88
2021-09-29,Trinity,105,12862,780,616,196,812,10
2021-09-29,Tulare,107,460477,63567,62046,13071,75117,908
2021-09-29,Tuolumne,109,53932,6443,6336,78,6414,89
2021-09-29,Ventura,111,848112,95578,94753,4127,98880,1144
2021-09-29,Yolo,113,214977,18856,18587,891,19478,239
2021-09-29,Yuba,115,75493,9475,9351,216,9567,66
2021-09-28,Alameda,001,1643700,115511,114869,2579,117448,1333
2021-09-28,Alpine,003,1148,99,101,0,101,0
2021-09-28,Amador,005,37829,5160,5049,51,5100,61
2021-09-28,Butte,007,227075,19253,18764,3475,22239,241
2021-09-28,Calaveras,009,45235,3625,3530,41,3571,72
2021-09-28,Colusa,011,21464,2426,2399,553,2952,18
2021-09-28,Contra Costa,013,1133247,95998,95115,1973,97088,929
2021-09-28,Del Norte,015,27424,3547,3462,34,3496,39
2021-09-28,El Dorado,017,186661,15085,14793,1560,16353,133
2021-09-28,Fresno,019,978130,129992,127877,11626,139503,1948
2021-09-28,Glenn,021,27897,3284,3205,937,4142,26
2021-09-28,Humboldt,023,135768,8338,8159,423,8582,91
2021-09-28,Imperial,025,180216,31854,31543,2961,34504,757
2021-09-28,Inyo,027,18085,1774,1708,32,1740,39
2021-09-28,Kern,029,883053,119433,117420,18838,136258,1506
2021-09-28,Kings,031,150075,29767,29141,1680,30821,295
2021-09-28,Lake,033,64148,6263,6155,123,6278,95
2021-09-28,Lassen,035,31185,6448,6340,295,6635,25
2021-09-28,Los Angeles,037,10098052,1405888,1392445,51633,1444078,26068
2021-09-28,Madera,039,155013,21214,20764,1717,22481,266
2021-09-28,Marin,041,260295,17048,16887,400,17287,242
2021-09-28,Mariposa,043,17540,1003,952,33,985,5
2021-09-28,Mendocino,045,87422,6993,6804,378,7182,78
2021-09-28,Merced,047,269075,39346,38953,1526,40479,551
2021-09-28,Modoc,049,8938,478,467,168,635,5
2021-09-28,Mono,051,14174,1565,1527,19,1546,3
2021-09-28,Monterey,053,433212,47744,46859,2606,49465,571
2021-09-28,Napa,055,140530,12500,12388,90,12478,96
2021-09-28,Nevada,057,99092,8542,8409,296,8705,84
2021-09-28,Orange,059,3164182,299181,296596,14057,310653,5421
2021-09-28,Placer,061,380077,34768,34187,3252,37439,370
2021-09-28,Plumas,063,18699,1350,1276,25,1301,6
2021-09-28,Riverside,065,2383286,351048,346096,15801,361897,4874
2021-09-28,Sacramento,067,1510023,150452,149310,3884,153194,2086
2021-09-28,San Benito,069,59416,7056,7028,145,7173,69
2021-09-28,San Bernardino,071,2135413,343087,340342,10614,350956,5540
2021-09-28,San Diego,073,3302833,357974,355373,21061,376434,4054
2021-09-28,San Francisco,075,870044,50898,50234,2144,52378,627
2021-09-28,San Joaquin,077,732212,95385,94194,5021,99215,1639
2021-09-28,San Luis Obispo,079,281455,28260,27755,1125,28880,321
2021-09-28,San Mateo,081,765935,52504,51620,781,52401,571
2021-09-28,Santa Barbara,083,443738,42601,42226,1468,43694,506
2021-09-28,Santa Clara,085,1922200,142195,140886,1120,142006,1858
2021-09-28,Santa Cruz,087,273765,19611,19324,964,20288,214
2021-09-28,Shasta,089,179085,19198,18701,3164,21865,267
2021-09-28,Sierra,091,2930,135,130,13,143,0
2021-09-28,Siskiyou,093,43540,3149,3032,1126,4158,42
2021-09-28,Solano,095,438530,44467,43652,1151,44803,316
2021-09-28,Sonoma,097,501317,39682,39395,485,39880,370
2021-09-28,Stanislaus,099,539301,73740,73528,8246,81774,1094
2021-09-28,Sutter,101,95872,13203,13102,267,13369,155
2021-09-28,Tehama,103,63373,7590,7382,1235,8617,88
2021-09-28,Trinity,105,12862,777,613,196,809,10
2021-09-28,Tulare,107,460477,63406,61916,13013,74929,905
2021-09-28,Tuolumne,109,53932,6416,6308,78,6386,89
2021-09-28,Ventura,111,848112,95452,94632,4124,98756,1143
2021-09-28,Yolo,113,214977,18830,18564,887,19451,239
2021-09-28,Yuba,115,75493,9456,9323,215,9538,66
2021-09-27,Alameda,001,1643700,115316,114731,2570,117301,1327
2021-09-27,Alpine,003,1148,99,101,0,101,0
2021-09-27,Amador,005,37829,5146,5017,51,5068,59
2021-09-27,Butte,007,227075,19193,18687,3458,22145,239
2021-09-27,Calaveras,009,45235,3605,3514,40,3554,70
2021-09-27,Colusa,011,21464,2425,2393,552,2945,18
2021-09-27,Contra Costa,013,1133247,95867,94979,1964,96943,924
2021-09-27,Del Norte,015,27424,3545,3468,32,3500,37
2021-09-27,El Dorado,017,186661,15046,14764,1553,16317,132
2021-09-27,Fresno,019,978130,129672,127475,11593,139068,1942
2021-09-27,Glenn,021,27897,3271,3189,933,4122,26
2021-09-27,Humboldt,023,135768,8298,8118,423,8541,91
2021-09-27,Imperial,025,180216,31791,31491,2954,34445,756
2021-09-27,Inyo,027,18085,1762,1698,32,1730,39
2021-09-27,Kern,029,883053,119158,117064,18743,135807,1503
2021-09-27,Kings,031,150075,29669,28998,1668,30666,297
2021-09-27,Lake,033,64148,6243,6126,122,6248,95
2021-09-27,Lassen,035,31185,6433,6327,291,6618,25
2021-09-27,Los Angeles,037,10098052,1404551,1391538,51565,1443103,26040
2021-09-27,Madera,039,155013,21149,20691,1709,22400,262
2021-09-27,Marin,041,260295,17027,16861,399,17260,242
2021-09-27,Mariposa,043,17540,993,931,33,964,5
2021-09-27,Mendocino,045,87422,6967,6761,371,7132,74
2021-09-27,Merced,047,269075,39246,38840,1520,40360,548
2021-09-27,Modoc,049,8938,477,465,166,631,5
2021-09-27,Mono,051,14174,1553,1525,19,1544,3
2021-09-27,Monterey,053,433212,47701,46811,2595,49406,571
2021-09-27,Napa,055,140530,12476,12354,89,12443,95
2021-09-27,Nevada,057,99092,8518,8379,293,8672,84
2021-09-27,Orange,059,3164182,298874,296334,14027,310361,5409
2021-09-27,Placer,061,380077,34681,34087,3247,37334,370
2021-09-27,Plumas,063,18699,1340,1269,25,1294,6
2021-09-27,Riverside,065,2383286,350606,345529,15791,361320,4864
2021-09-27,Sacramento,067,1510023,150135,149096,3862,152958,2076
2021-09-27,San Benito,069,59416,7039,7017,145,7162,67
2021-09-27,San Bernardino,071,2135413,342670,339952,10590,350542,5544
2021-09-27,San Diego,073,3302833,357322,354755,21036,375791,4054
2021-09-27,San Francisco,075,870044,50814,50157,2141,52298,622
2021-09-27,San Joaquin,077,732212,95200,94085,5018,99103,1633
2021-09-27,San Luis Obispo,079,281455,28205,27674,1122,28796,320
2021-09-27,San Mateo,081,765935,52428,51552,781,52333,571
2021-09-27,Santa Barbara,083,443738,42534,42012,1464,43476,505
2021-09-27,Santa Clara,085,1922200,142014,140802,1110,141912,1853
2021-09-27,Santa Cruz,087,273765,19587,19292,963,20255,214
2021-09-27,Shasta,089,179085,19117,18599,3137,21736,267
2021-09-27,Sierra,091,2930,135,128,13,141,0
2021-09-27,Siskiyou,093,43540,3137,3015,1121,4136,42
2021-09-27,Solano,095,438530,44392,43582,1145,44727,314
2021-09-27,Sonoma,097,501317,39628,39347,485,39832,370
2021-09-27,Stanislaus,099,539301,73586,73370,8226,81596,1091
2021-09-27,Sutter,101,95872,13172,13082,264,13346,155
2021-09-27,Tehama,103,63373,7550,7345,1226,8571,88
2021-09-27,Trinity,105,12862,766,605,195,800,9
2021-09-27,Tulare,107,460477,63207,61708,12942,74650,904
2021-09-27,Tuolumne,109,53932,6394,6264,78,6342,89
2021-09-27,Ventura,111,848112,95327,94477,4120,98597,1138
2021-09-27,Yolo,113,214977,18796,18524,886,19410,239
2021-09-27,Yuba,115,75493,9419,9292,211,9503,64
2021-09-26,Alameda,001,1643700,115121,114601,2563,117164,1326
2021-09-26,Alpine,003,1148,99,101,0,101,0
2021-09-26,Amador,005,37829,5114,5001,50,5051,59
2021-09-26,Butte,007,227075,19118,18634,3439,22073,238
2021-09-26,Calaveras,009,45235,3583,3505,40,3545,70
2021-09-26,Colusa,011,21464,2420,2392,550,2942,18
2021-09-26,Contra Costa,013,1133247,95692,94877,1951,96828,924
2021-09-26,Del Norte,015,27424,3540,3466,31,3497,37
2021-09-26,El Dorado,017,186661,15004,14738,1545,16283,132
2021-09-26,Fresno,019,978130,129315,127235,11547,138782,1939
2021-09-26,Glenn,021,27897,3263,3182,929,4111,26
2021-09-26,Humboldt,023,135768,8261,8098,422,8520,91
2021-09-26,Imperial,025,180216,31731,31462,2953,34415,756
2021-09-26,Inyo,027,18085,1747,1685,32,1717,39
2021-09-26,Kern,029,883053,118820,116927,18633,135560,1502
2021-09-26,Kings,031,150075,29568,28930,1657,30587,293
2021-09-26,Lake,033,64148,6226,6113,122,6235,95
2021-09-26,Lassen,035,31185,6423,6319,286,6605,25
2021-09-26,Los Angeles,037,10098052,1403061,1390577,51497,1442074,26035
2021-09-26,Madera,039,155013,21074,20629,1690,22319,262
2021-09-26,Marin,041,260295,17004,16860,399,17259,242
2021-09-26,Mariposa,043,17540,987,929,33,962,5
2021-09-26,Mendocino,045,87422,6933,6744,356,7100,74
2021-09-26,Merced,047,269075,39085,38717,1512,40229,548
2021-09-26,Modoc,049,8938,477,465,165,630,5
2021-09-26,Mono,051,14174,1549,1516,19,1535,3
2021-09-26,Monterey,053,433212,47654,46792,2582,49374,571
2021-09-26,Napa,055,140530,12452,12340,88,12428,95
2021-09-26,Nevada,057,99092,8487,8356,288,8644,84
2021-09-26,Orange,059,3164182,298534,296085,13994,310079,5409
2021-09-26,Placer,061,380077,34587,34043,3238,37281,370
2021-09-26,Plumas,063,18699,1322,1268,25,1293,6
2021-09-26,Riverside,065,2383286,350074,345257,15777,361034,4864
2021-09-26,Sacramento,067,1510023,149729,148745,3843,152588,2071
2021-09-26,San Benito,069,59416,7022,7012,144,7156,67
2021-09-26,San Bernardino,071,2135413,342212,339771,10576,350347,5545
2021-09-26,San Diego,073,3302833,356700,354414,20995,375409,4051
2021-09-26,San Francisco,075,870044,50688,50092,2132,52224,622
2021-09-26,San Joaquin,077,732212,94996,93935,5004,98939,1633
2021-09-26,San Luis Obispo,079,281455,28131,27624,1117,28741,319
2021-09-26,San Mateo,081,765935,52359,51496,779,52275,571
2021-09-26,Santa Barbara,083,443738,42448,41946,1461,43407,505
2021-09-26,Santa Clara,085,1922200,141813,140667,1107,141774,1852
2021-09-26,Santa Cruz,087,273765,19562,19279,963,20242,214
2021-09-26,Shasta,089,179085,19009,18566,3114,21680,266
2021-09-26,Sierra,091,2930,135,128,13,141,0
2021-09-26,Siskiyou,093,43540,3123,2998,1111,4109,42
2021-09-26,Solano,095,438530,44325,43537,1144,44681,314
2021-09-26,Sonoma,097,501317,39569,39302,485,39787,370
2021-09-26,Stanislaus,099,539301,73386,73243,8198,81441,1091
2021-09-26,Sutter,101,95872,13135,13045,263,13308,155
2021-09-26,Tehama,103,63373,7493,7323,1215,8538,88
2021-09-26,Trinity,105,12862,763,591,195,786,9
2021-09-26,Tulare,107,460477,62986,61560,12865,74425,904
2021-09-26,Tuolumne,109,53932,6366,6236,76,6312,89
2021-09-26,Ventura,111,848112,95213,94391,4113,98504,1138
2021-09-26,Yolo,113,214977,18759,18496,878,19374,239
2021-09-26,Yuba,115,75493,9392,9275,211,9486,64
2021-09-25,Alameda,001,1643700,115042,114014,2560,116574,1324
2021-09-25,Alpine,003,1148,99,101,0,101,0
2021-09-25,Amador,005,37829,5100,4934,50,4984,59
2021-09-25,Butte,007,227075,19089,18396,3431,21827,236
2021-09-25,Calaveras,009,45235,3580,3461,40,3501,70
2021-09-25,Colusa,011,21464,2417,2387,548,2935,16
2021-09-25,Contra Costa,013,1133247,95621,94337,1947,96284,924
2021-09-25,Del Norte,015,27424,3539,3404,31,3435,35
2021-09-25,El Dorado,017,186661,14981,14641,1541,16182,130
2021-09-25,Fresno,019,978130,129170,126299,11531,137830,1927
2021-09-25,Glenn,021,27897,3258,3144,928,4072,25
2021-09-25,Humboldt,023,135768,8242,8014,420,8434,88
2021-09-25,Imperial,025,180216,31704,31280,2953,34233,755
2021-09-25,Inyo,027,18085,1739,1657,32,1689,39
2021-09-25,Kern,029,883053,118665,116021,18566,134587,1485
2021-09-25,Kings,031,150075,29517,28636,1654,30290,293
2021-09-25,Lake,033,64148,6221,6046,120,6166,92
2021-09-25,Lassen,035,31185,6411,6248,285,6533,25
2021-09-25,Los Angeles,037,10098052,1402351,1386417,51456,1437873,25964
2021-09-25,Madera,039,155013,21049,20432,1684,22116,262
2021-09-25,Marin,041,260295,16995,16802,397,17199,242
2021-09-25,Mariposa,043,17540,982,906,33,939,5
2021-09-25,Mendocino,045,87422,6914,6657,355,7012,74
2021-09-25,Merced,047,269075,39039,38393,1510,39903,546
2021-09-25,Modoc,049,8938,477,460,165,625,5
2021-09-25,Mono,051,14174,1546,1501,19,1520,3
2021-09-25,Monterey,053,433212,47624,46653,2580,49233,567
2021-09-25,Napa,055,140530,12432,12266,88,12354,95
2021-09-25,Nevada,057,99092,8470,8285,288,8573,84
2021-09-25,Orange,059,3164182,298361,294514,13977,308491,5374
2021-09-25,Placer,061,380077,34523,33764,3236,37000,367
2021-09-25,Plumas,063,18699,1318,1238,25,1263,6
2021-09-25,Riverside,065,2383286,349751,343463,15769,359232,4843
2021-09-25,Sacramento,067,1510023,149554,147728,3835,151563,2049
2021-09-25,San Benito,069,59416,7017,6965,144,7109,67
2021-09-25,San Bernardino,071,2135413,341974,338413,10563,348976,5540
2021-09-25,San Diego,073,3302833,356355,352017,20969,372986,4039
2021-09-25,San Francisco,075,870044,50644,49840,2131,51971,615
2021-09-25,San Joaquin,077,732212,94910,93273,5002,98275,1628
2021-09-25,San Luis Obispo,079,281455,28093,27447,1113,28560,318
2021-09-25,San Mateo,081,765935,52295,51266,777,52043,568
2021-09-25,Santa Barbara,083,443738,42390,41728,1461,43189,505
2021-09-25,Santa Clara,085,1922200,141707,140023,1105,141128,1844
2021-09-25,Santa Cruz,087,273765,19546,19200,961,20161,214
2021-09-25,Shasta,089,179085,18958,18256,3105,21361,262
2021-09-25,Sierra,091,2930,134,127,13,140,0
2021-09-25,Siskiyou,093,43540,3116,2956,1101,4057,41
2021-09-25,Solano,095,438530,44284,43331,1141,44472,312
2021-09-25,Sonoma,097,501317,39528,39112,485,39597,369
2021-09-25,Stanislaus,099,539301,73276,72628,8184,80812,1091
2021-09-25,Sutter,101,95872,13117,12976,260,13236,154
2021-09-25,Tehama,103,63373,7477,7200,1213,8413,86
2021-09-25,Trinity,105,12862,763,576,195,771,9
2021-09-25,Tulare,107,460477,62904,60909,12822,73731,898
2021-09-25,Tuolumne,109,53932,6354,6168,76,6244,89
2021-09-25,Ventura,111,848112,95146,94059,4109,98168,1129
2021-09-25,Yolo,113,214977,18737,18393,877,19270,239
2021-09-25,Yuba,115,75493,9372,9191,211,9402,61
2021-09-24,Alameda,001,1643700,114937,114014,2556,116570,1324
2021-09-24,Alpine,003,1148,99,101,0,101,0
2021-09-24,Amador,005,37829,5070,4934,50,4984,59
2021-09-24,Butte,007,227075,19036,18396,3420,21816,236
2021-09-24,Calaveras,009,45235,3573,3461,39,3500,70
2021-09-24,Colusa,011,21464,2414,2387,547,2934,16
2021-09-24,Contra Costa,013,1133247,95511,94337,1943,96280,924
2021-09-24,Del Norte,015,27424,3536,3404,31,3435,35
2021-09-24,El Dorado,017,186661,14963,14641,1539,16180,130
2021-09-24,Fresno,019,978130,128972,126299,11519,137818,1927
2021-09-24,Glenn,021,27897,3250,3144,928,4072,25
2021-09-24,Humboldt,023,135768,8223,8014,417,8431,88
2021-09-24,Imperial,025,180216,31666,31280,2951,34231,755
2021-09-24,Inyo,027,18085,1730,1657,32,1689,39
2021-09-24,Kern,029,883053,118529,116021,18500,134521,1485
2021-09-24,Kings,031,150075,29476,28636,1650,30286,293
2021-09-24,Lake,033,64148,6213,6046,120,6166,92
2021-09-24,Lassen,035,31185,6403,6248,284,6532,25
2021-09-24,Los Angeles,037,10098052,1401464,1386417,51415,1437832,25964
2021-09-24,Madera,039,155013,21018,20432,1675,22107,262
2021-09-24,Marin,041,260295,16981,16802,396,17198,242
2021-09-24,Mariposa,043,17540,970,906,33,939,5
2021-09-24,Mendocino,045,87422,6901,6657,355,7012,74
2021-09-24,Merced,047,269075,38995,38393,1510,39903,546
2021-09-24,Modoc,049,8938,477,460,164,624,5
2021-09-24,Mono,051,14174,1541,1501,19,1520,3
2021-09-24,Monterey,053,433212,47603,46653,2572,49225,567
2021-09-24,Napa,055,140530,12413,12266,88,12354,95
2021-09-24,Nevada,057,99092,8456,8285,285,8570,84
2021-09-24,Orange,059,3164182,298154,294514,13959,308473,5374
2021-09-24,Placer,061,380077,34468,33764,3224,36988,367
2021-09-24,Plumas,063,18699,1314,1238,25,1263,6
2021-09-24,Riverside,065,2383286,349417,343463,15762,359225,4843
2021-09-24,Sacramento,067,1510023,149369,147728,3831,151559,2049
2021-09-24,San Benito,069,59416,7011,6965,144,7109,67
2021-09-24,San Bernardino,071,2135413,341706,338413,10553,348966,5540
2021-09-24,San Diego,073,3302833,356004,352017,20954,372971,4039
2021-09-24,San Francisco,075,870044,50580,49840,2124,51964,615
2021-09-24,San Joaquin,077,732212,94797,93273,5000,98273,1628
2021-09-24,San Luis Obispo,079,281455,28062,27447,1108,28555,318
2021-09-24,San Mateo,081,765935,52235,51266,776,52042,568
2021-09-24,Santa Barbara,083,443738,42350,41728,1460,43188,505
2021-09-24,Santa Clara,085,1922200,141595,140023,1104,141127,1844
2021-09-24,Santa Cruz,087,273765,19523,19200,960,20160,214
2021-09-24,Shasta,089,179085,18904,18256,3091,21347,262
2021-09-24,Sierra,091,2930,133,127,13,140,0
2021-09-24,Siskiyou,093,43540,3107,2956,1095,4051,41
2021-09-24,Solano,095,438530,44247,43331,1139,44470,312
2021-09-24,Sonoma,097,501317,39495,39112,485,39597,369
2021-09-24,Stanislaus,099,539301,73160,72628,8169,80797,1091
2021-09-24,Sutter,101,95872,13098,12976,259,13235,154
2021-09-24,Tehama,103,63373,7465,7200,1208,8408,86
2021-09-24,Trinity,105,12862,760,576,195,771,9
2021-09-24,Tulare,107,460477,62813,60909,12780,73689,898
2021-09-24,Tuolumne,109,53932,6325,6168,76,6244,89
2021-09-24,Ventura,111,848112,95068,94059,4102,98161,1129
2021-09-24,Yolo,113,214977,18705,18393,873,19266,239
2021-09-24,Yuba,115,75493,9353,9191,211,9402,61
2021-09-23,Alameda,001,1643700,114780,114014,2550,116564,1324
2021-09-23,Alpine,003,1148,99,101,0,101,0
2021-09-23,Amador,005,37829,5057,4934,50,4984,59
2021-09-23,Butte,007,227075,18974,18396,3395,21791,236
2021-09-23,Calaveras,009,45235,3552,3461,39,3500,70
2021-09-23,Colusa,011,21464,2412,2387,544,2931,16
2021-09-23,Contra Costa,013,1133247,95370,94337,1936,96273,924
2021-09-23,Del Norte,015,27424,3527,3404,30,3434,35
2021-09-23,El Dorado,017,186661,14937,14641,1533,16174,130
2021-09-23,Fresno,019,978130,128675,126299,11500,137799,1927
2021-09-23,Glenn,021,27897,3236,3144,925,4069,25
2021-09-23,Humboldt,023,135768,8199,8014,415,8429,88
2021-09-23,Imperial,025,180216,31630,31280,2951,34231,755
2021-09-23,Inyo,027,18085,1716,1657,32,1689,39
2021-09-23,Kern,029,883053,118271,116021,18420,134441,1485
2021-09-23,Kings,031,150075,29372,28636,1641,30277,293
2021-09-23,Lake,033,64148,6203,6046,120,6166,92
2021-09-23,Lassen,035,31185,6394,6248,279,6527,25
2021-09-23,Los Angeles,037,10098052,1400268,1386417,51351,1437768,25964
2021-09-23,Madera,039,155013,20934,20432,1671,22103,262
2021-09-23,Marin,041,260295,16966,16802,393,17195,242
2021-09-23,Mariposa,043,17540,957,906,33,939,5
2021-09-23,Mendocino,045,87422,6878,6657,350,7007,74
2021-09-23,Merced,047,269075,38891,38393,1503,39896,546
2021-09-23,Modoc,049,8938,476,460,164,624,5
2021-09-23,Mono,051,14174,1538,1501,19,1520,3
2021-09-23,Monterey,053,433212,47554,46653,2561,49214,567
2021-09-23,Napa,055,140530,12396,12266,88,12354,95
2021-09-23,Nevada,057,99092,8429,8285,285,8570,84
2021-09-23,Orange,059,3164182,297857,294514,13935,308449,5374
2021-09-23,Placer,061,380077,34392,33764,3218,36982,367
2021-09-23,Plumas,063,18699,1297,1238,24,1262,6
2021-09-23,Riverside,065,2383286,348964,343463,15755,359218,4843
2021-09-23,Sacramento,067,1510023,149046,147728,3812,151540,2049
2021-09-23,San Benito,069,59416,7000,6965,144,7109,67
2021-09-23,San Bernardino,071,2135413,341340,338413,10538,348951,5540
2021-09-23,San Diego,073,3302833,355548,352017,20915,372932,4039
2021-09-23,San Francisco,075,870044,50507,49840,2122,51962,615
2021-09-23,San Joaquin,077,732212,94624,93273,4985,98258,1628
2021-09-23,San Luis Obispo,079,281455,28019,27447,1106,28553,318
2021-09-23,San Mateo,081,765935,52160,51266,775,52041,568
2021-09-23,Santa Barbara,083,443738,42272,41728,1457,43185,505
2021-09-23,Santa Clara,085,1922200,141443,140023,1097,141120,1844
2021-09-23,Santa Cruz,087,273765,19492,19200,960,20160,214
2021-09-23,Shasta,089,179085,18824,18256,3074,21330,262
2021-09-23,Sierra,091,2930,133,127,13,140,0
2021-09-23,Siskiyou,093,43540,3103,2956,1084,4040,41
2021-09-23,Solano,095,438530,44179,43331,1136,44467,312
2021-09-23,Sonoma,097,501317,39436,39112,482,39594,369
2021-09-23,Stanislaus,099,539301,73003,72628,8137,80765,1091
2021-09-23,Sutter,101,95872,13069,12976,259,13235,154
2021-09-23,Tehama,103,63373,7424,7200,1203,8403,86
2021-09-23,Trinity,105,12862,746,576,194,770,9
2021-09-23,Tulare,107,460477,62636,60909,12726,73635,898
2021-09-23,Tuolumne,109,53932,6300,6168,75,6243,89
2021-09-23,Ventura,111,848112,94964,94059,4095,98154,1129
2021-09-23,Yolo,113,214977,18674,18393,868,19261,239
2021-09-23,Yuba,115,75493,9324,9191,210,9401,61
2021-09-22,Alameda,001,1643700,114624,113862,2546,116408,1322
2021-09-22,Alpine,003,1148,99,100,0,100,0
2021-09-22,Amador,005,37829,5041,4915,50,4965,59
2021-09-22,Butte,007,227075,18913,18337,3377,21714,235
2021-09-22,Calaveras,009,45235,3536,3448,39,3487,70
2021-09-22,Colusa,011,21464,2407,2384,543,2927,16
2021-09-22,Contra Costa,013,1133247,95184,94209,1927,96136,924
2021-09-22,Del Norte,015,27424,3516,3386,29,3415,35
2021-09-22,El Dorado,017,186661,14901,14605,1527,16132,127
2021-09-22,Fresno,019,978130,128419,126006,11485,137491,1908
2021-09-22,Glenn,021,27897,3229,3138,924,4062,25
2021-09-22,Humboldt,023,135768,8177,7998,407,8405,80
2021-09-22,Imperial,025,180216,31578,31243,2944,34187,755
2021-09-22,Inyo,027,18085,1706,1651,32,1683,39
2021-09-22,Kern,029,883053,118029,115757,18298,134055,1477
2021-09-22,Kings,031,150075,29287,28589,1635,30224,292
2021-09-22,Lake,033,64148,6191,6035,120,6155,93
2021-09-22,Lassen,035,31185,6374,6209,275,6484,25
2021-09-22,Los Angeles,037,10098052,1398945,1384719,51296,1436015,25930
2021-09-22,Madera,039,155013,20877,20382,1661,22043,262
2021-09-22,Marin,041,260295,16955,16782,390,17172,242
2021-09-22,Mariposa,043,17540,951,901,33,934,5
2021-09-22,Mendocino,045,87422,6852,6624,344,6968,70
2021-09-22,Merced,047,269075,38758,38305,1501,39806,541
2021-09-22,Modoc,049,8938,473,458,164,622,5
2021-09-22,Mono,051,14174,1529,1496,18,1514,3
2021-09-22,Monterey,053,433212,47503,46615,2554,49169,566
2021-09-22,Napa,055,140530,12373,12248,87,12335,95
2021-09-22,Nevada,057,99092,8406,8273,282,8555,84
2021-09-22,Orange,059,3164182,297581,294214,13918,308132,5366
2021-09-22,Placer,061,380077,34304,33661,3205,36866,367
2021-09-22,Plumas,063,18699,1284,1230,24,1254,6
2021-09-22,Riverside,065,2383286,348429,342946,15730,358676,4830
2021-09-22,Sacramento,067,1510023,148741,147533,3783,151316,2043
2021-09-22,San Benito,069,59416,6989,6961,142,7103,67
2021-09-22,San Bernardino,071,2135413,340946,337938,10529,348467,5528
2021-09-22,San Diego,073,3302833,355097,351132,20891,372023,4027
2021-09-22,San Francisco,075,870044,50422,49734,2117,51851,610
2021-09-22,San Joaquin,077,732212,94392,93010,4961,97971,1626
2021-09-22,San Luis Obispo,079,281455,27969,27398,1102,28500,315
2021-09-22,San Mateo,081,765935,52087,51197,771,51968,568
2021-09-22,Santa Barbara,083,443738,42209,41678,1456,43134,504
2021-09-22,Santa Clara,085,1922200,141280,139803,1090,140893,1844
2021-09-22,Santa Cruz,087,273765,19454,19177,959,20136,214
2021-09-22,Shasta,089,179085,18734,18153,3063,21216,260
2021-09-22,Sierra,091,2930,133,127,13,140,0
2021-09-22,Siskiyou,093,43540,3086,2947,1074,4021,41
2021-09-22,Solano,095,438530,44114,43269,1135,44404,312
2021-09-22,Sonoma,097,501317,39383,39063,481,39544,369
2021-09-22,Stanislaus,099,539301,72838,72355,8118,80473,1091
2021-09-22,Sutter,101,95872,13049,12960,256,13216,153
2021-09-22,Tehama,103,63373,7397,7173,1200,8373,86
2021-09-22,Trinity,105,12862,745,572,194,766,9
2021-09-22,Tulare,107,460477,62425,60776,12657,73433,896
2021-09-22,Tuolumne,109,53932,6279,6155,74,6229,89
2021-09-22,Ventura,111,848112,94859,93978,4090,98068,1122
2021-09-22,Yolo,113,214977,18635,18342,861,19203,239
2021-09-22,Yuba,115,75493,9295,9169,205,9374,61
2021-09-21,Alameda,001,1643700,114471,113765,2546,116311,1321
2021-09-21,Alpine,003,1148,99,100,0,100,0
2021-09-21,Amador,005,37829,5019,4897,50,4947,59
2021-09-21,Butte,007,227075,18817,18229,3337,21566,232
2021-09-21,Calaveras,009,45235,3519,3437,39,3476,70
2021-09-21,Colusa,011,21464,2404,2378,542,2920,16
2021-09-21,Contra Costa,013,1133247,94990,94101,1913,96014,924
2021-09-21,Del Norte,015,27424,3504,3378,29,3407,34
2021-09-21,El Dorado,017,186661,14871,14578,1520,16098,127
2021-09-21,Fresno,019,978130,128068,125789,11458,137247,1892
2021-09-21,Glenn,021,27897,3222,3134,920,4054,25
2021-09-21,Humboldt,023,135768,8145,7955,402,8357,80
2021-09-21,Imperial,025,180216,31522,31185,2942,34127,755
2021-09-21,Inyo,027,18085,1696,1646,32,1678,39
2021-09-21,Kern,029,883053,117736,115534,18185,133719,1467
2021-09-21,Kings,031,150075,29199,28545,1627,30172,291
2021-09-21,Lake,033,64148,6168,6013,120,6133,90
2021-09-21,Lassen,035,31185,6356,6159,271,6430,25
2021-09-21,Los Angeles,037,10098052,1397490,1383277,51241,1434518,25893
2021-09-21,Madera,039,155013,20817,20317,1651,21968,262
2021-09-21,Marin,041,260295,16940,16748,389,17137,242
2021-09-21,Mariposa,043,17540,946,894,32,926,5
2021-09-21,Mendocino,045,87422,6814,6580,333,6913,68
2021-09-21,Merced,047,269075,38636,38225,1497,39722,539
2021-09-21,Modoc,049,8938,470,458,164,622,5
2021-09-21,Mono,051,14174,1527,1495,17,1512,3
2021-09-21,Monterey,053,433212,47435,46583,2542,49125,565
2021-09-21,Napa,055,140530,12352,12238,87,12325,95
2021-09-21,Nevada,057,99092,8379,8259,274,8533,84
2021-09-21,Orange,059,3164182,297249,293898,13888,307786,5357
2021-09-21,Placer,061,380077,34203,33609,3194,36803,365
2021-09-21,Plumas,063,18699,1277,1225,24,1249,5
2021-09-21,Riverside,065,2383286,347870,342460,15706,358166,4817
2021-09-21,Sacramento,067,1510023,148360,147378,3755,151133,2027
2021-09-21,San Benito,069,59416,6978,6950,141,7091,67
2021-09-21,San Bernardino,071,2135413,340506,337387,10512,347899,5520
2021-09-21,San Diego,073,3302833,354491,350265,20865,371130,4021
2021-09-21,San Francisco,075,870044,50325,49653,2113,51766,609
2021-09-21,San Joaquin,077,732212,94158,92762,4950,97712,1621
2021-09-21,San Luis Obispo,079,281455,27910,27318,1098,28416,314
2021-09-21,San Mateo,081,765935,52018,51136,771,51907,568
2021-09-21,Santa Barbara,083,443738,42140,41644,1452,43096,503
2021-09-21,Santa Clara,085,1922200,141063,139657,1086,140743,1843
2021-09-21,Santa Cruz,087,273765,19424,19140,958,20098,212
2021-09-21,Shasta,089,179085,18606,18027,3039,21066,258
2021-09-21,Sierra,091,2930,133,127,13,140,0
2021-09-21,Siskiyou,093,43540,3072,2927,1060,3987,36
2021-09-21,Solano,095,438530,44038,43220,1135,44355,311
2021-09-21,Sonoma,097,501317,39330,39042,481,39523,369
2021-09-21,Stanislaus,099,539301,72654,72211,8098,80309,1091
2021-09-21,Sutter,101,95872,13026,12930,253,13183,153
2021-09-21,Tehama,103,63373,7351,7151,1196,8347,85
2021-09-21,Trinity,105,12862,734,572,192,764,9
2021-09-21,Tulare,107,460477,62210,60607,12596,73203,896
2021-09-21,Tuolumne,109,53932,6246,6139,74,6213,89
2021-09-21,Ventura,111,848112,94754,93818,4082,97900,1120
2021-09-21,Yolo,113,214977,18599,18313,858,19171,239
2021-09-21,Yuba,115,75493,9267,9135,205,9340,61
2021-09-20,Alameda,001,1643700,114290,113637,2542,116179,1320
2021-09-20,Alpine,003,1148,99,100,0,100,0
2021-09-20,Amador,005,37829,5001,4883,49,4932,59
2021-09-20,Butte,007,227075,18735,18135,3322,21457,231
2021-09-20,Calaveras,009,45235,3497,3395,38,3433,66
2021-09-20,Colusa,011,21464,2402,2376,539,2915,16
2021-09-20,Contra Costa,013,1133247,94840,93919,1907,95826,924
2021-09-20,Del Norte,015,27424,3496,3374,28,3402,34
2021-09-20,El Dorado,017,186661,14838,14545,1508,16053,127
2021-09-20,Fresno,019,978130,127655,125287,11432,136719,1889
2021-09-20,Glenn,021,27897,3211,3112,917,4029,25
2021-09-20,Humboldt,023,135768,8110,7938,397,8335,80
2021-09-20,Imperial,025,180216,31439,31146,2941,34087,755
2021-09-20,Inyo,027,18085,1688,1641,31,1672,39
2021-09-20,Kern,029,883053,117397,115271,18054,133325,1459
2021-09-20,Kings,031,150075,29112,28471,1621,30092,285
2021-09-20,Lake,033,64148,6153,5984,119,6103,87
2021-09-20,Lassen,035,31185,6326,6132,271,6403,25
2021-09-20,Los Angeles,037,10098052,1395966,1382206,51161,1433367,25858
2021-09-20,Madera,039,155013,20764,20203,1644,21847,257
2021-09-20,Marin,041,260295,16915,16732,387,17119,242
2021-09-20,Mariposa,043,17540,935,887,32,919,5
2021-09-20,Mendocino,045,87422,6780,6568,328,6896,67
2021-09-20,Merced,047,269075,38525,38144,1486,39630,536
2021-09-20,Modoc,049,8938,469,457,162,619,5
2021-09-20,Mono,051,14174,1521,1480,17,1497,3
2021-09-20,Monterey,053,433212,47393,46506,2524,49030,565
2021-09-20,Napa,055,140530,12327,12209,86,12295,95
2021-09-20,Nevada,057,99092,8359,8228,272,8500,84
2021-09-20,Orange,059,3164182,296906,293642,13861,307503,5354
2021-09-20,Placer,061,380077,34113,33531,3179,36710,364
2021-09-20,Plumas,063,18699,1272,1211,24,1235,5
2021-09-20,Riverside,065,2383286,347370,341961,15693,357654,4802
2021-09-20,Sacramento,067,1510023,147987,147016,3722,150738,2016
2021-09-20,San Benito,069,59416,6969,6947,140,7087,67
2021-09-20,San Bernardino,071,2135413,340104,337059,10496,347555,5507
2021-09-20,San Diego,073,3302833,353819,349579,20828,370407,4009
2021-09-20,San Francisco,075,870044,50218,49559,2112,51671,605
2021-09-20,San Joaquin,077,732212,93915,92614,4937,97551,1615
2021-09-20,San Luis Obispo,079,281455,27834,27259,1090,28349,313
2021-09-20,San Mateo,081,765935,51931,51100,768,51868,567
2021-09-20,Santa Barbara,083,443738,42041,41589,1448,43037,500
2021-09-20,Santa Clara,085,1922200,140863,139578,1084,140662,1841
2021-09-20,Santa Cruz,087,273765,19392,19121,958,20079,211
2021-09-20,Shasta,089,179085,18507,17893,3009,20902,258
2021-09-20,Sierra,091,2930,131,126,13,139,0
2021-09-20,Siskiyou,093,43540,3050,2902,1047,3949,35
2021-09-20,Solano,095,438530,43970,43152,1127,44279,312
2021-09-20,Sonoma,097,501317,39284,38991,481,39472,369
2021-09-20,Stanislaus,099,539301,72455,72031,8079,80110,1091
2021-09-20,Sutter,101,95872,12990,12896,248,13144,153
2021-09-20,Tehama,103,63373,7319,7121,1184,8305,84
2021-09-20,Trinity,105,12862,728,568,191,759,7
2021-09-20,Tulare,107,460477,62008,60302,12543,72845,896
2021-09-20,Tuolumne,109,53932,6220,6113,74,6187,89
2021-09-20,Ventura,111,848112,94641,93700,4076,97776,1120
2021-09-20,Yolo,113,214977,18553,18287,856,19143,239
2021-09-20,Yuba,115,75493,9232,9107,203,9310,61
2021-09-19,Alameda,001,1643700,114076,113446,2537,115983,1320
2021-09-19,Alpine,003,1148,99,100,0,100,0
2021-09-19,Amador,005,37829,4961,4875,48,4923,59
2021-09-19,Butte,007,227075,18641,18063,3293,21356,230
2021-09-19,Calaveras,009,45235,3473,3390,35,3425,66
2021-09-19,Colusa,011,21464,2400,2375,537,2912,16
2021-09-19,Contra Costa,013,1133247,94654,93788,1897,95685,924
2021-09-19,Del Norte,015,27424,3470,3344,27,3371,34
2021-09-19,El Dorado,017,186661,14785,14512,1502,16014,127
2021-09-19,Fresno,019,978130,127250,124985,11387,136372,1888
2021-09-19,Glenn,021,27897,3202,3102,914,4016,25
2021-09-19,Humboldt,023,135768,8064,7914,395,8309,80
2021-09-19,Imperial,025,180216,31370,31122,2938,34060,755
2021-09-19,Inyo,027,18085,1679,1639,31,1670,39
2021-09-19,Kern,029,883053,117085,115074,17948,133022,1459
2021-09-19,Kings,031,150075,28985,28416,1612,30028,284
2021-09-19,Lake,033,64148,6122,5962,119,6081,87
2021-09-19,Lassen,035,31185,6306,6129,265,6394,25
2021-09-19,Los Angeles,037,10098052,1393987,1381200,51067,1432267,25852
2021-09-19,Madera,039,155013,20686,20161,1634,21795,257
2021-09-19,Marin,041,260295,16886,16711,385,17096,242
2021-09-19,Mariposa,043,17540,927,881,32,913,5
2021-09-19,Mendocino,045,87422,6735,6538,322,6860,67
2021-09-19,Merced,047,269075,38368,38068,1477,39545,535
2021-09-19,Modoc,049,8938,466,457,160,617,5
2021-09-19,Mono,051,14174,1516,1480,17,1497,3
2021-09-19,Monterey,053,433212,47338,46486,2521,49007,565
2021-09-19,Napa,055,140530,12306,12190,84,12274,95
2021-09-19,Nevada,057,99092,8331,8203,270,8473,84
2021-09-19,Orange,059,3164182,296538,293258,13839,307097,5354
2021-09-19,Placer,061,380077,34000,33406,3161,36567,364
2021-09-19,Plumas,063,18699,1264,1211,24,1235,5
2021-09-19,Riverside,065,2383286,346777,341566,15684,357250,4804
2021-09-19,Sacramento,067,1510023,147627,146603,3678,150281,2012
2021-09-19,San Benito,069,59416,6950,6942,140,7082,67
2021-09-19,San Bernardino,071,2135413,339608,336688,10484,347172,5506
2021-09-19,San Diego,073,3302833,353116,349225,20791,370016,4006
2021-09-19,San Francisco,075,870044,50111,49458,2103,51561,605
2021-09-19,San Joaquin,077,732212,93619,92467,4926,97393,1615
2021-09-19,San Luis Obispo,079,281455,27733,27208,1081,28289,313
2021-09-19,San Mateo,081,765935,51833,51028,767,51795,567
2021-09-19,Santa Barbara,083,443738,41935,41512,1448,42960,500
2021-09-19,Santa Clara,085,1922200,140676,139410,1079,140489,1841
2021-09-19,Santa Cruz,087,273765,19353,19096,958,20054,211
2021-09-19,Shasta,089,179085,18393,17813,2974,20787,258
2021-09-19,Sierra,091,2930,130,126,13,139,0
2021-09-19,Siskiyou,093,43540,3024,2882,1038,3920,35
2021-09-19,Solano,095,438530,43881,43056,1122,44178,312
2021-09-19,Sonoma,097,501317,39212,38956,477,39433,369
2021-09-19,Stanislaus,099,539301,72210,71830,8054,79884,1091
2021-09-19,Sutter,101,95872,12963,12868,241,13109,153
2021-09-19,Tehama,103,63373,7265,7081,1175,8256,84
2021-09-19,Trinity,105,12862,717,562,189,751,7
2021-09-19,Tulare,107,460477,61747,60160,12450,72610,896
2021-09-19,Tuolumne,109,53932,6179,6097,74,6171,89
2021-09-19,Ventura,111,848112,94479,93491,4067,97558,1120
2021-09-19,Yolo,113,214977,18504,18238,850,19088,239
2021-09-19,Yuba,115,75493,9206,9087,202,9289,61
2021-09-18,Alameda,001,1643700,113976,113300,2536,115836,1320
2021-09-18,Alpine,003,1148,99,100,0,100,0
2021-09-18,Amador,005,37829,4951,4850,48,4898,59
2021-09-18,Butte,007,227075,18602,17961,3277,21238,230
2021-09-18,Calaveras,009,45235,3468,3361,34,3395,66
2021-09-18,Colusa,011,21464,2400,2373,536,2909,16
2021-09-18,Contra Costa,013,1133247,94564,93656,1893,95549,924
2021-09-18,Del Norte,015,27424,3462,3326,25,3351,34
2021-09-18,El Dorado,017,186661,14762,14472,1499,15971,127
2021-09-18,Fresno,019,978130,127108,124771,11369,136140,1889
2021-09-18,Glenn,021,27897,3193,3086,911,3997,25
2021-09-18,Humboldt,023,135768,8050,7881,394,8275,80
2021-09-18,Imperial,025,180216,31346,31096,2937,34033,755
2021-09-18,Inyo,027,18085,1673,1636,31,1667,39
2021-09-18,Kern,029,883053,116930,114781,17884,132665,1459
2021-09-18,Kings,031,150075,28937,28330,1607,29937,285
2021-09-18,Lake,033,64148,6105,5936,119,6055,87
2021-09-18,Lassen,035,31185,6296,6121,263,6384,25
2021-09-18,Los Angeles,037,10098052,1393225,1379880,51017,1430897,25849
2021-09-18,Madera,039,155013,20642,20126,1624,21750,257
2021-09-18,Marin,041,260295,16869,16685,384,17069,242
2021-09-18,Mariposa,043,17540,924,871,32,903,5
2021-09-18,Mendocino,045,87422,6714,6523,322,6845,67
2021-09-18,Merced,047,269075,38332,37977,1471,39448,535
2021-09-18,Modoc,049,8938,466,457,159,616,5
2021-09-18,Mono,051,14174,1513,1480,17,1497,3
2021-09-18,Monterey,053,433212,47300,46466,2518,48984,565
2021-09-18,Napa,055,140530,12294,12168,84,12252,95
2021-09-18,Nevada,057,99092,8314,8183,270,8453,84
2021-09-18,Orange,059,3164182,296344,293005,13825,306830,5354
2021-09-18,Placer,061,380077,33928,33309,3158,36467,364
2021-09-18,Plumas,063,18699,1263,1204,24,1228,5
2021-09-18,Riverside,065,2383286,346393,341136,15670,356806,4802
2021-09-18,Sacramento,067,1510023,147445,146162,3669,149831,2016
2021-09-18,San Benito,069,59416,6946,6937,140,7077,67
2021-09-18,San Bernardino,071,2135413,339334,336380,10471,346851,5501
2021-09-18,San Diego,073,3302833,352725,348848,20778,369626,4006
2021-09-18,San Francisco,075,870044,50048,49359,2098,51457,605
2021-09-18,San Joaquin,077,732212,93508,92242,4914,97156,1615
2021-09-18,San Luis Obispo,079,281455,27696,27181,1078,28259,313
2021-09-18,San Mateo,081,765935,51783,50961,765,51726,567
2021-09-18,Santa Barbara,083,443738,41870,41465,1448,42913,500
2021-09-18,Santa Clara,085,1922200,140556,139233,1076,140309,1841
2021-09-18,Santa Cruz,087,273765,19333,19079,958,20037,211
2021-09-18,Shasta,089,179085,18330,17777,2958,20735,258
2021-09-18,Sierra,091,2930,129,125,13,138,0
2021-09-18,Siskiyou,093,43540,3021,2875,1032,3907,35
2021-09-18,Solano,095,438530,43841,42966,1119,44085,312
2021-09-18,Sonoma,097,501317,39177,38891,475,39366,369
2021-09-18,Stanislaus,099,539301,72065,71587,8032,79619,1091
2021-09-18,Sutter,101,95872,12949,12829,241,13070,153
2021-09-18,Tehama,103,63373,7251,7055,1168,8223,84
2021-09-18,Trinity,105,12862,715,561,189,750,7
2021-09-18,Tulare,107,460477,61671,60003,12400,72403,896
2021-09-18,Tuolumne,109,53932,6164,6069,74,6143,89
2021-09-18,Ventura,111,848112,94411,93424,4062,97486,1120
2021-09-18,Yolo,113,214977,18477,18213,845,19058,239
2021-09-18,Yuba,115,75493,9192,9061,201,9262,61
2021-09-17,Alameda,001,1643700,113850,113070,2534,115604,1320
2021-09-17,Alpine,003,1148,99,99,0,99,0
2021-09-17,Amador,005,37829,4935,4835,47,4882,58
2021-09-17,Butte,007,227075,18550,17870,3268,21138,230
2021-09-17,Calaveras,009,45235,3456,3338,33,3371,66
2021-09-17,Colusa,011,21464,2399,2369,531,2900,16
2021-09-17,Contra Costa,013,1133247,94462,93485,1890,95375,924
2021-09-17,Del Norte,015,27424,3457,3311,23,3334,34
2021-09-17,El Dorado,017,186661,14743,14421,1497,15918,127
2021-09-17,Fresno,019,978130,126889,124296,11353,135649,1882
2021-09-17,Glenn,021,27897,3176,3072,907,3979,25
2021-09-17,Humboldt,023,135768,8029,7850,394,8244,80
2021-09-17,Imperial,025,180216,31320,31031,2936,33967,755
2021-09-17,Inyo,027,18085,1665,1634,31,1665,39
2021-09-17,Kern,029,883053,116739,114303,17787,132090,1456
2021-09-17,Kings,031,150075,28872,28240,1605,29845,281
2021-09-17,Lake,033,64148,6092,5915,119,6034,87
2021-09-17,Lassen,035,31185,6281,6080,261,6341,25
2021-09-17,Los Angeles,037,10098052,1392246,1377905,50951,1428856,25820
2021-09-17,Madera,039,155013,20591,20040,1612,21652,257
2021-09-17,Marin,041,260295,16856,16658,382,17040,242
2021-09-17,Mariposa,043,17540,922,869,32,901,5
2021-09-17,Mendocino,045,87422,6695,6498,322,6820,67
2021-09-17,Merced,047,269075,38285,37803,1469,39272,533
2021-09-17,Modoc,049,8938,466,456,159,615,5
2021-09-17,Mono,051,14174,1509,1457,17,1474,3
2021-09-17,Monterey,053,433212,47277,46421,2517,48938,564
2021-09-17,Napa,055,140530,12273,12153,84,12237,95
2021-09-17,Nevada,057,99092,8299,8157,270,8427,84
2021-09-17,Orange,059,3164182,296125,292685,13807,306492,5346
2021-09-17,Placer,061,380077,33868,33188,3148,36336,362
2021-09-17,Plumas,063,18699,1254,1192,23,1215,5
2021-09-17,Riverside,065,2383286,345993,340445,15659,356104,4792
2021-09-17,Sacramento,067,1510023,147246,145985,3658,149643,1999
2021-09-17,San Benito,069,59416,6943,6929,140,7069,67
2021-09-17,San Bernardino,071,2135413,338974,335810,10464,346274,5488
2021-09-17,San Diego,073,3302833,352301,348098,20761,368859,4002
2021-09-17,San Francisco,075,870044,49996,49249,2093,51342,605
2021-09-17,San Joaquin,077,732212,93371,91977,4903,96880,1610
2021-09-17,San Luis Obispo,079,281455,27662,27102,1067,28169,311
2021-09-17,San Mateo,081,765935,51730,50854,764,51618,564
2021-09-17,Santa Barbara,083,443738,41807,41354,1447,42801,498
2021-09-17,Santa Clara,085,1922200,140407,138939,1075,140014,1838
2021-09-17,Santa Cruz,087,273765,19309,19039,958,19997,211
2021-09-17,Shasta,089,179085,18260,17617,2945,20562,254
2021-09-17,Sierra,091,2930,129,124,13,137,0
2021-09-17,Siskiyou,093,43540,3006,2852,1032,3884,35
2021-09-17,Solano,095,438530,43778,42898,1115,44013,312
2021-09-17,Sonoma,097,501317,39140,38808,474,39282,369
2021-09-17,Stanislaus,099,539301,71958,71408,8014,79422,1091
2021-09-17,Sutter,101,95872,12933,12799,238,13037,153
2021-09-17,Tehama,103,63373,7228,7020,1156,8176,84
2021-09-17,Trinity,105,12862,710,556,188,744,7
2021-09-17,Tulare,107,460477,61556,59689,12365,72054,895
2021-09-17,Tuolumne,109,53932,6145,6047,74,6121,89
2021-09-17,Ventura,111,848112,94299,93273,4060,97333,1116
2021-09-17,Yolo,113,214977,18446,18177,841,19018,239
2021-09-17,Yuba,115,75493,9165,9019,200,9219,61
2021-09-16,Alameda,001,1643700,113675,112770,2531,115301,1318
2021-09-16,Alpine,003,1148,99,99,0,99,0
2021-09-16,Amador,005,37829,4915,4819,47,4866,58
2021-09-16,Butte,007,227075,18475,17750,3252,21002,230
2021-09-16,Calaveras,009,45235,3425,3313,33,3346,66
2021-09-16,Colusa,011,21464,2397,2363,529,2892,16
2021-09-16,Contra Costa,013,1133247,94291,93213,1882,95095,917
2021-09-16,Del Norte,015,27424,3439,3285,23,3308,34
2021-09-16,El Dorado,017,186661,14702,14372,1489,15861,127
2021-09-16,Fresno,019,978130,126532,123853,11312,135165,1868
2021-09-16,Glenn,021,27897,3166,3068,905,3973,24
2021-09-16,Humboldt,023,135768,7996,7809,386,8195,80
2021-09-16,Imperial,025,180216,31277,30966,2928,33894,753
2021-09-16,Inyo,027,18085,1663,1623,31,1654,39
2021-09-16,Kern,029,883053,116467,113828,17720,131548,1448
2021-09-16,Kings,031,150075,28786,28114,1597,29711,280
2021-09-16,Lake,033,64148,6068,5890,116,6006,87
2021-09-16,Lassen,035,31185,6246,6028,256,6284,25
2021-09-16,Los Angeles,037,10098052,1390853,1376277,50886,1427163,25796
2021-09-16,Madera,039,155013,20513,19974,1607,21581,257
2021-09-16,Marin,041,260295,16829,16625,381,17006,242
2021-09-16,Mariposa,043,17540,916,849,32,881,6
2021-09-16,Mendocino,045,87422,6657,6445,311,6756,67
2021-09-16,Merced,047,269075,38178,37675,1467,39142,532
2021-09-16,Modoc,049,8938,464,455,159,614,5
2021-09-16,Mono,051,14174,1503,1449,17,1466,3
2021-09-16,Monterey,053,433212,47223,46342,2511,48853,562
2021-09-16,Napa,055,140530,12248,12115,80,12195,95
2021-09-16,Nevada,057,99092,8272,8121,269,8390,84
2021-09-16,Orange,059,3164182,295779,292183,13787,305970,5340
2021-09-16,Placer,061,380077,33772,33037,3128,36165,354
2021-09-16,Plumas,063,18699,1245,1178,23,1201,5
2021-09-16,Riverside,065,2383286,345463,339770,15645,355415,4786
2021-09-16,Sacramento,067,1510023,146890,145754,3626,149380,1996
2021-09-16,San Benito,069,59416,6931,6913,139,7052,67
2021-09-16,San Bernardino,071,2135413,338551,335129,10457,345586,5474
2021-09-16,San Diego,073,3302833,351687,347472,20722,368194,3994
2021-09-16,San Francisco,075,870044,49910,49133,2085,51218,605
2021-09-16,San Joaquin,077,732212,93133,91650,4860,96510,1608
2021-09-16,San Luis Obispo,079,281455,27589,27044,1063,28107,310
2021-09-16,San Mateo,081,765935,51653,50773,762,51535,564
2021-09-16,Santa Barbara,083,443738,41741,41272,1444,42716,497
2021-09-16,Santa Clara,085,1922200,140253,138685,1071,139756,1835
2021-09-16,Santa Cruz,087,273765,19282,19011,958,19969,211
2021-09-16,Shasta,089,179085,18135,17438,2912,20350,251
2021-09-16,Sierra,091,2930,129,123,13,136,0
2021-09-16,Siskiyou,093,43540,2986,2819,1025,3844,35
2021-09-16,Solano,095,438530,43706,42792,1106,43898,312
2021-09-16,Sonoma,097,501317,39077,38707,473,39180,369
2021-09-16,Stanislaus,099,539301,71725,71105,7998,79103,1091
2021-09-16,Sutter,101,95872,12889,12729,233,12962,152
2021-09-16,Tehama,103,63373,7188,6953,1145,8098,83
2021-09-16,Trinity,105,12862,707,547,187,734,7
2021-09-16,Tulare,107,460477,61334,59459,12292,71751,894
2021-09-16,Tuolumne,109,53932,6124,5999,72,6071,89
2021-09-16,Ventura,111,848112,94159,93087,4056,97143,1110
2021-09-16,Yolo,113,214977,18414,18135,839,18974,239
2021-09-16,Yuba,115,75493,9131,8981,197,9178,61
2021-09-15,Alameda,001,1643700,113510,112498,2524,115022,1317
2021-09-15,Alpine,003,1148,99,99,0,99,0
2021-09-15,Amador,005,37829,4907,4792,47,4839,58
2021-09-15,Butte,007,227075,18377,17664,3232,20896,228
2021-09-15,Calaveras,009,45235,3396,3293,31,3324,66
2021-09-15,Colusa,011,21464,2395,2352,526,2878,16
2021-09-15,Contra Costa,013,1133247,94110,92989,1871,94860,913
2021-09-15,Del Norte,015,27424,3426,3271,21,3292,34
2021-09-15,El Dorado,017,186661,14676,14309,1479,15788,127
2021-09-15,Fresno,019,978130,126153,123370,11256,134626,1867
2021-09-15,Glenn,021,27897,3154,3051,900,3951,20
2021-09-15,Humboldt,023,135768,7960,7754,381,8135,52
2021-09-15,Imperial,025,180216,31222,30891,2923,33814,753
2021-09-15,Inyo,027,18085,1659,1614,31,1645,39
2021-09-15,Kern,029,883053,116120,113546,17622,131168,1434
2021-09-15,Kings,031,150075,28707,27991,1589,29580,279
2021-09-15,Lake,033,64148,6035,5852,115,5967,85
2021-09-15,Lassen,035,31185,6186,6018,251,6269,25
2021-09-15,Los Angeles,037,10098052,1389352,1374307,50817,1425124,25767
2021-09-15,Madera,039,155013,20438,19880,1600,21480,257
2021-09-15,Marin,041,260295,16794,16592,376,16968,242
2021-09-15,Mariposa,043,17540,904,843,32,875,5
2021-09-15,Mendocino,045,87422,6627,6399,306,6705,66
2021-09-15,Merced,047,269075,38070,37508,1465,38973,529
2021-09-15,Modoc,049,8938,464,454,159,613,5
2021-09-15,Mono,051,14174,1497,1445,17,1462,3
2021-09-15,Monterey,053,433212,47153,46317,2500,48817,562
2021-09-15,Napa,055,140530,12227,12082,80,12162,95
2021-09-15,Nevada,057,99092,8250,8081,266,8347,84
2021-09-15,Orange,059,3164182,295455,291834,13768,305602,5328
2021-09-15,Placer,061,380077,33660,32860,3107,35967,352
2021-09-15,Plumas,063,18699,1240,1164,22,1186,5
2021-09-15,Riverside,065,2383286,344880,339077,15621,354698,4769
2021-09-15,Sacramento,067,1510023,146465,145202,3595,148797,1981
2021-09-15,San Benito,069,59416,6928,6902,139,7041,67
2021-09-15,San Bernardino,071,2135413,338089,334556,10443,344999,5470
2021-09-15,San Diego,073,3302833,351068,346933,20694,367627,3983
2021-09-15,San Francisco,075,870044,49799,48999,2080,51079,605
2021-09-15,San Joaquin,077,732212,92857,91322,4820,96142,1607
2021-09-15,San Luis Obispo,079,281455,27506,26943,1057,28000,306
2021-09-15,San Mateo,081,765935,51571,50691,759,51450,564
2021-09-15,Santa Barbara,083,443738,41638,41077,1440,42517,497
2021-09-15,Santa Clara,085,1922200,140079,138410,1066,139476,1833
2021-09-15,Santa Cruz,087,273765,19244,18984,956,19940,210
2021-09-15,Shasta,089,179085,18024,17317,2891,20208,250
2021-09-15,Sierra,091,2930,129,123,13,136,0
2021-09-15,Siskiyou,093,43540,2966,2804,995,3799,35
2021-09-15,Solano,095,438530,43634,42682,1101,43783,312
2021-09-15,Sonoma,097,501317,39020,38629,473,39102,369
2021-09-15,Stanislaus,099,539301,71501,70852,7976,78828,1091
2021-09-15,Sutter,101,95872,12856,12699,228,12927,151
2021-09-15,Tehama,103,63373,7147,6894,1136,8030,79
2021-09-15,Trinity,105,12862,705,541,185,726,7
2021-09-15,Tulare,107,460477,61075,59149,12231,71380,890
2021-09-15,Tuolumne,109,53932,6098,5969,72,6041,89
2021-09-15,Ventura,111,848112,94016,92960,4049,97009,1109
2021-09-15,Yolo,113,214977,18380,18064,833,18897,239
2021-09-15,Yuba,115,75493,9097,8953,197,9150,61
2021-09-14,Alameda,001,1643700,113302,112329,2521,114850,1316
2021-09-14,Alpine,003,1148,99,98,0,98,0
2021-09-14,Amador,005,37829,4887,4790,47,4837,57
2021-09-14,Butte,007,227075,18243,17516,3208,20724,226
2021-09-14,Calaveras,009,45235,3376,3280,28,3308,66
2021-09-14,Colusa,011,21464,2391,2344,523,2867,16
2021-09-14,Contra Costa,013,1133247,93912,92822,1863,94685,908
2021-09-14,Del Norte,015,27424,3410,3252,21,3273,32
2021-09-14,El Dorado,017,186661,14623,14247,1471,15718,123
2021-09-14,Fresno,019,978130,125678,123151,11204,134355,1856
2021-09-14,Glenn,021,27897,3137,3045,896,3941,20
2021-09-14,Humboldt,023,135768,7926,7717,376,8093,52
2021-09-14,Imperial,025,180216,31173,30845,2920,33765,752
2021-09-14,Inyo,027,18085,1650,1605,30,1635,39
2021-09-14,Kern,029,883053,115737,113250,17499,130749,1428
2021-09-14,Kings,031,150075,28631,27955,1581,29536,278
2021-09-14,Lake,033,64148,6003,5845,115,5960,83
2021-09-14,Lassen,035,31185,6172,5977,246,6223,25
2021-09-14,Los Angeles,037,10098052,1387515,1372831,50735,1423566,25729
2021-09-14,Madera,039,155013,20356,19800,1589,21389,254
2021-09-14,Marin,041,260295,16766,16584,374,16958,242
2021-09-14,Mariposa,043,17540,893,834,31,865,5
2021-09-14,Mendocino,045,87422,6591,6372,295,6667,65
2021-09-14,Merced,047,269075,37920,37430,1461,38891,526
2021-09-14,Modoc,049,8938,463,453,159,612,5
2021-09-14,Mono,051,14174,1493,1440,17,1457,4
2021-09-14,Monterey,053,433212,47112,46224,2489,48713,558
2021-09-14,Napa,055,140530,12194,12070,79,12149,91
2021-09-14,Nevada,057,99092,8216,8056,266,8322,83
2021-09-14,Orange,059,3164182,295062,291423,13744,305167,5319
2021-09-14,Placer,061,380077,33528,32735,3087,35822,350
2021-09-14,Plumas,063,18699,1225,1148,22,1170,5
2021-09-14,Riverside,065,2383286,344239,338534,15590,354124,4748
2021-09-14,Sacramento,067,1510023,146080,145051,3547,148598,1977
2021-09-14,San Benito,069,59416,6918,6887,139,7026,64
2021-09-14,San Bernardino,071,2135413,337592,333968,10418,344386,5465
2021-09-14,San Diego,073,3302833,350408,346204,20643,366847,3966
2021-09-14,San Francisco,075,870044,49665,48998,2078,51076,603
2021-09-14,San Joaquin,077,732212,92618,91128,4811,95939,1596
2021-09-14,San Luis Obispo,079,281455,27433,26845,1052,27897,304
2021-09-14,San Mateo,081,765935,51474,50602,756,51358,564
2021-09-14,Santa Barbara,083,443738,41542,40783,1431,42214,495
2021-09-14,Santa Clara,085,1922200,139844,138321,1063,139384,1828
2021-09-14,Santa Cruz,087,273765,19204,18965,954,19919,210
2021-09-14,Shasta,089,179085,17893,17152,2870,20022,246
2021-09-14,Sierra,091,2930,129,123,13,136,0
2021-09-14,Siskiyou,093,43540,2942,2756,978,3734,35
2021-09-14,Solano,095,438530,43551,42599,1098,43697,307
2021-09-14,Sonoma,097,501317,38951,38595,469,39064,369
2021-09-14,Stanislaus,099,539301,71241,70697,7948,78645,1091
2021-09-14,Sutter,101,95872,12814,12670,221,12891,149
2021-09-14,Tehama,103,63373,7093,6859,1128,7987,80
2021-09-14,Trinity,105,12862,699,538,184,722,7
2021-09-14,Tulare,107,460477,60822,58961,12160,71121,888
2021-09-14,Tuolumne,109,53932,6077,5951,70,6021,89
2021-09-14,Ventura,111,848112,93831,92841,4032,96873,1107
2021-09-14,Yolo,113,214977,18336,18039,828,18867,239
2021-09-14,Yuba,115,75493,9061,8928,197,9125,61
2021-09-13,Alameda,001,1643700,113088,112159,2516,114675,1309
2021-09-13,Alpine,003,1148,98,98,0,98,0
2021-09-13,Amador,005,37829,4869,4761,47,4808,56
2021-09-13,Butte,007,227075,18118,17393,3180,20573,225
2021-09-13,Calaveras,009,45235,3350,3253,27,3280,65
2021-09-13,Colusa,011,21464,2382,2346,519,2865,16
2021-09-13,Contra Costa,013,1133247,93667,92658,1858,94516,908
2021-09-13,Del Norte,015,27424,3374,3232,21,3253,28
2021-09-13,El Dorado,017,186661,14562,14194,1463,15657,119
2021-09-13,Fresno,019,978130,125211,122650,11138,133788,1853
2021-09-13,Glenn,021,27897,3123,3026,890,3916,20
2021-09-13,Humboldt,023,135768,7893,7659,373,8032,52
2021-09-13,Imperial,025,180216,31120,30802,2917,33719,751
2021-09-13,Inyo,027,18085,1643,1602,30,1632,39
2021-09-13,Kern,029,883053,115354,112930,17377,130307,1424
2021-09-13,Kings,031,150075,28521,27858,1569,29427,275
2021-09-13,Lake,033,64148,5981,5809,115,5924,82
2021-09-13,Lassen,035,31185,6137,5953,245,6198,25
2021-09-13,Los Angeles,037,10098052,1385651,1371423,50668,1422091,25703
2021-09-13,Madera,039,155013,20287,19735,1574,21309,252
2021-09-13,Marin,041,260295,16730,16557,373,16930,242
2021-09-13,Mariposa,043,17540,879,825,31,856,5
2021-09-13,Mendocino,045,87422,6556,6323,286,6609,61
2021-09-13,Merced,047,269075,37770,37291,1456,38747,521
2021-09-13,Modoc,049,8938,462,451,159,610,5
2021-09-13,Mono,051,14174,1487,1435,17,1452,3
2021-09-13,Monterey,053,433212,47021,46188,2476,48664,558
2021-09-13,Napa,055,140530,12176,12039,79,12118,91
2021-09-13,Nevada,057,99092,8190,8021,264,8285,83
2021-09-13,Orange,059,3164182,294629,291128,13723,304851,5312
2021-09-13,Placer,061,380077,33363,32617,3070,35687,343
2021-09-13,Plumas,063,18699,1216,1142,22,1164,5
2021-09-13,Riverside,065,2383286,343594,337876,15572,353448,4731
2021-09-13,Sacramento,067,1510023,145593,144537,3514,148051,1956
2021-09-13,San Benito,069,59416,6903,6867,138,7005,64
2021-09-13,San Bernardino,071,2135413,337101,333613,10393,344006,5441
2021-09-13,San Diego,073,3302833,349621,345647,20591,366238,3961
2021-09-13,San Francisco,075,870044,49536,48914,2072,50986,603
2021-09-13,San Joaquin,077,732212,92333,90966,4793,95759,1581
2021-09-13,San Luis Obispo,079,281455,27336,26805,1049,27854,300
2021-09-13,San Mateo,081,765935,51382,50525,751,51276,564
2021-09-13,Santa Barbara,083,443738,41423,40661,1424,42085,494
2021-09-13,Santa Clara,085,1922200,139599,138152,1058,139210,1820
2021-09-13,Santa Cruz,087,273765,19164,18917,953,19870,210
2021-09-13,Shasta,089,179085,17763,17033,2830,19863,243
2021-09-13,Sierra,091,2930,129,123,13,136,0
2021-09-13,Siskiyou,093,43540,2927,2745,966,3711,35
2021-09-13,Solano,095,438530,43447,42501,1095,43596,306
2021-09-13,Sonoma,097,501317,38884,38513,466,38979,368
2021-09-13,Stanislaus,099,539301,70987,70477,7912,78389,1091
2021-09-13,Sutter,101,95872,12756,12624,217,12841,145
2021-09-13,Tehama,103,63373,7030,6803,1116,7919,79
2021-09-13,Trinity,105,12862,697,533,182,715,7
2021-09-13,Tulare,107,460477,60539,58768,12100,70868,887
2021-09-13,Tuolumne,109,53932,6046,5909,70,5979,89
2021-09-13,Ventura,111,848112,93670,92679,4025,96704,1107
2021-09-13,Yolo,113,214977,18291,17974,822,18796,239
2021-09-13,Yuba,115,75493,9016,8884,196,9080,61
2021-09-12,Alameda,001,1643700,112826,111961,2513,114474,1309
2021-09-12,Alpine,003,1148,98,98,0,98,0
2021-09-12,Amador,005,37829,4848,4752,47,4799,56
2021-09-12,Butte,007,227075,17973,17257,3132,20389,221
2021-09-12,Calaveras,009,45235,3319,3236,23,3259,65
2021-09-12,Colusa,011,21464,2379,2344,518,2862,16
2021-09-12,Contra Costa,013,1133247,93399,92498,1846,94344,908
2021-09-12,Del Norte,015,27424,3339,3200,21,3221,28
2021-09-12,El Dorado,017,186661,14489,14167,1447,15614,119
2021-09-12,Fresno,019,978130,124694,122407,11081,133488,1853
2021-09-12,Glenn,021,27897,3106,3016,884,3900,20
2021-09-12,Humboldt,023,135768,7823,7636,362,7998,52
2021-09-12,Imperial,025,180216,31057,30790,2912,33702,751
2021-09-12,Inyo,027,18085,1633,1596,30,1626,39
2021-09-12,Kern,029,883053,114942,112602,17218,129820,1424
2021-09-12,Kings,031,150075,28410,27764,1552,29316,274
2021-09-12,Lake,033,64148,5941,5781,113,5894,82
2021-09-12,Lassen,035,31185,6100,5943,236,6179,25
2021-09-12,Los Angeles,037,10098052,1383592,1365968,50596,1416564,25630
2021-09-12,Madera,039,155013,20200,19691,1562,21253,252
2021-09-12,Marin,041,260295,16707,16526,373,16899,242
2021-09-12,Mariposa,043,17540,868,811,29,840,5
2021-09-12,Mendocino,045,87422,6516,6283,277,6560,61
2021-09-12,Merced,047,269075,37598,37172,1445,38617,521
2021-09-12,Modoc,049,8938,462,451,158,609,5
2021-09-12,Mono,051,14174,1480,1431,17,1448,3
2021-09-12,Monterey,053,433212,46922,46167,2466,48633,558
2021-09-12,Napa,055,140530,12146,12011,79,12090,91
2021-09-12,Nevada,057,99092,8150,7987,263,8250,83
2021-09-12,Orange,059,3164182,294166,290718,13702,304420,5312
2021-09-12,Placer,061,380077,33214,32520,3048,35568,343
2021-09-12,Plumas,063,18699,1197,1138,22,1160,5
2021-09-12,Riverside,065,2383286,342910,337332,15538,352870,4731
2021-09-12,Sacramento,067,1510023,145087,144030,3475,147505,1959
2021-09-12,San Benito,069,59416,6884,6852,137,6989,64
2021-09-12,San Bernardino,071,2135413,336490,333049,10380,343429,5439
2021-09-12,San Diego,073,3302833,348811,345058,20515,365573,3942
2021-09-12,San Francisco,075,870044,49425,48819,2065,50884,603
2021-09-12,San Joaquin,077,732212,92004,90730,4785,95515,1581
2021-09-12,San Luis Obispo,079,281455,27217,26729,1036,27765,299
2021-09-12,San Mateo,081,765935,51272,50432,747,51179,564
2021-09-12,Santa Barbara,083,443738,41311,40600,1417,42017,494
2021-09-12,Santa Clara,085,1922200,139342,137899,1055,138954,1820
2021-09-12,Santa Cruz,087,273765,19131,18892,952,19844,210
2021-09-12,Shasta,089,179085,17598,16957,2772,19729,243
2021-09-12,Sierra,091,2930,129,123,13,136,0
2021-09-12,Siskiyou,093,43540,2899,2730,951,3681,35
2021-09-12,Solano,095,438530,43341,42409,1092,43501,306
2021-09-12,Sonoma,097,501317,38804,38456,464,38920,368
2021-09-12,Stanislaus,099,539301,70688,70184,7873,78057,1091
2021-09-12,Sutter,101,95872,12714,12589,211,12800,145
2021-09-12,Tehama,103,63373,6966,6732,1104,7836,79
2021-09-12,Trinity,105,12862,693,529,180,709,7
2021-09-12,Tulare,107,460477,60186,58582,12040,70622,887
2021-09-12,Tuolumne,109,53932,6013,5888,70,5958,89
2021-09-12,Ventura,111,848112,93543,92496,4019,96515,1107
2021-09-12,Yolo,113,214977,18225,17943,814,18757,239
2021-09-12,Yuba,115,75493,8981,8842,196,9038,61
2021-09-11,Alameda,001,1643700,112702,111715,2511,114226,1309
2021-09-11,Alpine,003,1148,98,98,0,98,0
2021-09-11,Amador,005,37829,4835,4728,46,4774,56
2021-09-11,Butte,007,227075,17890,17218,3105,20323,221
2021-09-11,Calaveras,009,45235,3311,3208,22,3230,65
2021-09-11,Colusa,011,21464,2378,2338,515,2853,16
2021-09-11,Contra Costa,013,1133247,93280,92269,1842,94111,908
2021-09-11,Del Norte,015,27424,3323,3184,21,3205,28
2021-09-11,El Dorado,017,186661,14470,14117,1440,15557,119
2021-09-11,Fresno,019,978130,124515,122224,11056,133280,1853
2021-09-11,Glenn,021,27897,3096,3007,881,3888,20
2021-09-11,Humboldt,023,135768,7801,7615,359,7974,52
2021-09-11,Imperial,025,180216,31032,30760,2909,33669,751
2021-09-11,Inyo,027,18085,1630,1590,30,1620,39
2021-09-11,Kern,029,883053,114692,112205,17104,129309,1424
2021-09-11,Kings,031,150075,28361,27631,1546,29177,275
2021-09-11,Lake,033,64148,5920,5761,113,5874,82
2021-09-11,Lassen,035,31185,6085,5930,232,6162,25
2021-09-11,Los Angeles,037,10098052,1382620,1365831,50532,1416363,25630
2021-09-11,Madera,039,155013,20147,19648,1557,21205,252
2021-09-11,Marin,041,260295,16679,16496,372,16868,242
2021-09-11,Mariposa,043,17540,863,799,29,828,5
2021-09-11,Mendocino,045,87422,6492,6257,277,6534,61
2021-09-11,Merced,047,269075,37544,37042,1442,38484,521
2021-09-11,Modoc,049,8938,462,449,158,607,5
2021-09-11,Mono,051,14174,1474,1431,17,1448,3
2021-09-11,Monterey,053,433212,46885,46140,2463,48603,558
2021-09-11,Napa,055,140530,12123,11991,79,12070,91
2021-09-11,Nevada,057,99092,8135,7967,263,8230,83
2021-09-11,Orange,059,3164182,293864,290429,13686,304115,5306
2021-09-11,Placer,061,380077,33131,32414,3037,35451,344
2021-09-11,Plumas,063,18699,1190,1112,22,1134,5
2021-09-11,Riverside,065,2383286,342472,336585,15525,352110,4731
2021-09-11,Sacramento,067,1510023,144786,143557,3463,147020,1955
2021-09-11,San Benito,069,59416,6871,6844,137,6981,64
2021-09-11,San Bernardino,071,2135413,336147,332512,10366,342878,5430
2021-09-11,San Diego,073,3302833,348327,344355,20491,364846,3942
2021-09-11,San Francisco,075,870044,49370,48660,2060,50720,603
2021-09-11,San Joaquin,077,732212,91861,90482,4778,95260,1581
2021-09-11,San Luis Obispo,079,281455,27171,26651,1035,27686,299
2021-09-11,San Mateo,081,765935,51200,50341,746,51087,564
2021-09-11,Santa Barbara,083,443738,41238,40451,1417,41868,494
2021-09-11,Santa Clara,085,1922200,139189,137659,1052,138711,1820
2021-09-11,Santa Cruz,087,273765,19102,18865,952,19817,210
2021-09-11,Shasta,089,179085,17504,16877,2752,19629,243
2021-09-11,Sierra,091,2930,129,123,13,136,0
2021-09-11,Siskiyou,093,43540,2882,2717,948,3665,35
2021-09-11,Solano,095,438530,43290,42344,1089,43433,306
2021-09-11,Sonoma,097,501317,38757,38399,462,38861,368
2021-09-11,Stanislaus,099,539301,70563,69974,7860,77834,1091
2021-09-11,Sutter,101,95872,12688,12538,208,12746,145
2021-09-11,Tehama,103,63373,6945,6703,1096,7799,79
2021-09-11,Trinity,105,12862,686,526,180,706,7
2021-09-11,Tulare,107,460477,60074,58321,11994,70315,889
2021-09-11,Tuolumne,109,53932,5994,5879,67,5946,89
2021-09-11,Ventura,111,848112,93461,92328,4014,96342,1107
2021-09-11,Yolo,113,214977,18201,17906,810,18716,239
2021-09-11,Yuba,115,75493,8956,8813,196,9009,61
2021-09-10,Alameda,001,1643700,112511,111386,2510,113896,1306
2021-09-10,Alpine,003,1148,97,97,0,97,0
2021-09-10,Amador,005,37829,4823,4706,46,4752,56
2021-09-10,Butte,007,227075,17815,17051,3087,20138,222
2021-09-10,Calaveras,009,45235,3303,3183,22,3205,65
2021-09-10,Colusa,011,21464,2374,2327,512,2839,16
2021-09-10,Contra Costa,013,1133247,93157,92024,1840,93864,908
2021-09-10,Del Norte,015,27424,3308,3128,20,3148,28
2021-09-10,El Dorado,017,186661,14440,14051,1436,15487,119
2021-09-10,Fresno,019,978130,124192,121659,11027,132686,1846
2021-09-10,Glenn,021,27897,3089,2977,880,3857,20
2021-09-10,Humboldt,023,135768,7769,7543,355,7898,52
2021-09-10,Imperial,025,180216,31009,30716,2907,33623,751
2021-09-10,Inyo,027,18085,1626,1590,30,1620,39
2021-09-10,Kern,029,883053,114438,111832,16988,128820,1419
2021-09-10,Kings,031,150075,28287,27473,1539,29012,274
2021-09-10,Lake,033,64148,5904,5713,111,5824,79
2021-09-10,Lassen,035,31185,6077,5914,229,6143,25
2021-09-10,Los Angeles,037,10098052,1381417,1365709,50467,1416176,25630
2021-09-10,Madera,039,155013,20101,19520,1550,21070,252
2021-09-10,Marin,041,260295,16659,16458,369,16827,242
2021-09-10,Mariposa,043,17540,858,795,29,824,5
2021-09-10,Mendocino,045,87422,6460,6184,276,6460,61
2021-09-10,Merced,047,269075,37492,36884,1441,38325,521
2021-09-10,Modoc,049,8938,462,448,158,606,5
2021-09-10,Mono,051,14174,1469,1422,17,1439,3
2021-09-10,Monterey,053,433212,46841,46084,2461,48545,557
2021-09-10,Napa,055,140530,12098,11948,79,12027,90
2021-09-10,Nevada,057,99092,8117,7932,262,8194,83
2021-09-10,Orange,059,3164182,293557,290022,13676,303698,5302
2021-09-10,Placer,061,380077,33029,32264,3024,35288,343
2021-09-10,Plumas,063,18699,1182,1111,22,1133,5
2021-09-10,Riverside,065,2383286,341999,335988,15518,351506,4720
2021-09-10,Sacramento,067,1510023,144443,143244,3455,146699,1950
2021-09-10,San Benito,069,59416,6867,6824,137,6961,64
2021-09-10,San Bernardino,071,2135413,335728,331894,10357,342251,5422
2021-09-10,San Diego,073,3302833,347780,343173,20454,363627,3941
2021-09-10,San Francisco,075,870044,49291,48518,2053,50571,602
2021-09-10,San Joaquin,077,732212,91681,90208,4772,94980,1573
2021-09-10,San Luis Obispo,079,281455,27138,26526,1033,27559,299
2021-09-10,San Mateo,081,765935,51133,50251,745,50996,564
2021-09-10,Santa Barbara,083,443738,41185,40321,1414,41735,492
2021-09-10,Santa Clara,085,1922200,139005,137337,1051,138388,1817
2021-09-10,Santa Cruz,087,273765,19083,18785,951,19736,210
2021-09-10,Shasta,089,179085,17410,16667,2724,19391,242
2021-09-10,Sierra,091,2930,129,117,13,130,0
2021-09-10,Siskiyou,093,43540,2870,2702,944,3646,35
2021-09-10,Solano,095,438530,43216,42230,1082,43312,305
2021-09-10,Sonoma,097,501317,38699,38271,461,38732,368
2021-09-10,Stanislaus,099,539301,70407,69617,7836,77453,1091
2021-09-10,Sutter,101,95872,12654,12468,208,12676,145
2021-09-10,Tehama,103,63373,6912,6652,1090,7742,77
2021-09-10,Trinity,105,12862,682,524,180,704,7
2021-09-10,Tulare,107,460477,59926,57930,11947,69877,883
2021-09-10,Tuolumne,109,53932,5974,5842,67,5909,89
2021-09-10,Ventura,111,848112,93364,92145,4010,96155,1104
2021-09-10,Yolo,113,214977,18176,17825,805,18630,239
2021-09-10,Yuba,115,75493,8937,8760,195,8955,62
2021-09-09,Alameda,001,1643700,112292,111014,2506,113520,1306
2021-09-09,Alpine,003,1148,97,94,0,94,0
2021-09-09,Amador,005,37829,4802,4698,45,4743,56
2021-09-09,Butte,007,227075,17668,16874,3060,19934,221
2021-09-09,Calaveras,009,45235,3269,3165,22,3187,65
2021-09-09,Colusa,011,21464,2367,2321,511,2832,16
2021-09-09,Contra Costa,013,1133247,92947,91687,1835,93522,904
2021-09-09,Del Norte,015,27424,3285,3102,20,3122,28
2021-09-09,El Dorado,017,186661,14383,13970,1426,15396,119
2021-09-09,Fresno,019,978130,123716,121040,10981,132021,1838
2021-09-09,Glenn,021,27897,3077,2947,876,3823,20
2021-09-09,Humboldt,023,135768,7719,7471,349,7820,52
2021-09-09,Imperial,025,180216,30971,30661,2904,33565,751
2021-09-09,Inyo,027,18085,1619,1586,30,1616,39
2021-09-09,Kern,029,883053,114091,111390,16832,128222,1414
2021-09-09,Kings,031,150075,28186,27282,1528,28810,273
2021-09-09,Lake,033,64148,5880,5638,109,5747,79
2021-09-09,Lassen,035,31185,6027,5860,223,6083,25
2021-09-09,Los Angeles,037,10098052,1379550,1363735,50393,1414128,25583
2021-09-09,Madera,039,155013,20028,19401,1537,20938,252
2021-09-09,Marin,041,260295,16636,16416,366,16782,242
2021-09-09,Mariposa,043,17540,845,779,28,807,5
2021-09-09,Mendocino,045,87422,6426,6089,267,6356,61
2021-09-09,Merced,047,269075,37338,36634,1428,38062,516
2021-09-09,Modoc,049,8938,462,448,158,606,5
2021-09-09,Mono,051,14174,1459,1420,17,1437,3
2021-09-09,Monterey,053,433212,46787,45991,2450,48441,556
2021-09-09,Napa,055,140530,12066,11878,79,11957,90
2021-09-09,Nevada,057,99092,8079,7855,262,8117,82
2021-09-09,Orange,059,3164182,293148,289109,13645,302754,5299
2021-09-09,Placer,061,380077,32911,32048,3009,35057,342
2021-09-09,Plumas,063,18699,1171,1098,22,1120,5
2021-09-09,Riverside,065,2383286,341360,334774,15500,350274,4701
2021-09-09,Sacramento,067,1510023,143964,142728,3410,146138,1929
2021-09-09,San Benito,069,59416,6857,6820,136,6956,64
2021-09-09,San Bernardino,071,2135413,335158,331040,10344,341384,5417
2021-09-09,San Diego,073,3302833,347066,342149,20397,362546,3929
2021-09-09,San Francisco,075,870044,49177,48404,2044,50448,597
2021-09-09,San Joaquin,077,732212,91407,89874,4754,94628,1570
2021-09-09,San Luis Obispo,079,281455,27056,26472,1030,27502,296
2021-09-09,San Mateo,081,765935,51012,50143,742,50885,561
2021-09-09,Santa Barbara,083,443738,41079,40180,1410,41590,490
2021-09-09,Santa Clara,085,1922200,138782,137017,1046,138063,1816
2021-09-09,Santa Cruz,087,273765,19037,18728,951,19679,210
2021-09-09,Shasta,089,179085,17264,16401,2683,19084,238
2021-09-09,Sierra,091,2930,129,115,13,128,0
2021-09-09,Siskiyou,093,43540,2847,2683,930,3613,35
2021-09-09,Solano,095,438530,43100,42081,1078,43159,303
2021-09-09,Sonoma,097,501317,38631,38171,460,38631,360
2021-09-09,Stanislaus,099,539301,70128,69178,7804,76982,1074
2021-09-09,Sutter,101,95872,12599,12396,206,12602,144
2021-09-09,Tehama,103,63373,6858,6554,1085,7639,75
2021-09-09,Trinity,105,12862,676,523,178,701,6
2021-09-09,Tulare,107,460477,59684,57564,11888,69452,879
2021-09-09,Tuolumne,109,53932,5946,5802,66,5868,89
2021-09-09,Ventura,111,848112,93219,91610,4001,95611,1098
2021-09-09,Yolo,113,214977,18118,17724,802,18526,239
2021-09-09,Yuba,115,75493,8892,8707,192,8899,55
2021-09-08,Alameda,001,1643700,112048,110781,2504,113285,1305
2021-09-08,Alpine,003,1148,97,94,0,94,0
2021-09-08,Amador,005,37829,4790,4693,45,4738,56
2021-09-08,Butte,007,227075,17533,16775,3041,19816,220
2021-09-08,Calaveras,009,45235,3251,3157,22,3179,63
2021-09-08,Colusa,011,21464,2365,2308,511,2819,16
2021-09-08,Contra Costa,013,1133247,92667,91471,1830,93301,900
2021-09-08,Del Norte,015,27424,3262,3085,20,3105,25
2021-09-08,El Dorado,017,186661,14303,13928,1406,15334,119
2021-09-08,Fresno,019,978130,123219,120644,10918,131562,1831
2021-09-08,Glenn,021,27897,3062,2942,867,3809,20
2021-09-08,Humboldt,023,135768,7674,7438,341,7779,52
2021-09-08,Imperial,025,180216,30938,30609,2891,33500,751
2021-09-08,Inyo,027,18085,1608,1580,30,1610,39
2021-09-08,Kern,029,883053,113693,110933,16694,127627,1409
2021-09-08,Kings,031,150075,28057,27235,1514,28749,267
2021-09-08,Lake,033,64148,5849,5618,107,5725,79
2021-09-08,Lassen,035,31185,6009,5848,216,6064,25
2021-09-08,Los Angeles,037,10098052,1377481,1362029,50305,1412334,25533
2021-09-08,Madera,039,155013,19968,19352,1524,20876,252
2021-09-08,Marin,041,260295,16608,16386,365,16751,242
2021-09-08,Mariposa,043,17540,833,777,27,804,5
2021-09-08,Mendocino,045,87422,6382,6069,258,6327,61
2021-09-08,Merced,047,269075,37177,36500,1416,37916,516
2021-09-08,Modoc,049,8938,462,448,158,606,5
2021-09-08,Mono,051,14174,1453,1418,17,1435,3
2021-09-08,Monterey,053,433212,46738,45959,2444,48403,554
2021-09-08,Napa,055,140530,12031,11842,77,11919,90
2021-09-08,Nevada,057,99092,8044,7843,261,8104,82
2021-09-08,Orange,059,3164182,292739,288511,13622,302133,5290
2021-09-08,Placer,061,380077,32774,31852,2992,34844,337
2021-09-08,Plumas,063,18699,1164,1072,22,1094,5
2021-09-08,Riverside,065,2383286,340601,334037,15475,349512,4683
2021-09-08,Sacramento,067,1510023,143485,142448,3362,145810,1921
2021-09-08,San Benito,069,59416,6839,6800,136,6936,64
2021-09-08,San Bernardino,071,2135413,334552,330279,10327,340606,5411
2021-09-08,San Diego,073,3302833,346149,341437,20346,361783,3926
2021-09-08,San Francisco,075,870044,49040,48263,2040,50303,589
2021-09-08,San Joaquin,077,732212,91127,89631,4730,94361,1561
2021-09-08,San Luis Obispo,079,281455,26962,26303,1025,27328,294
2021-09-08,San Mateo,081,765935,50907,50051,742,50793,561
2021-09-08,Santa Barbara,083,443738,40967,40000,1406,41406,490
2021-09-08,Santa Clara,085,1922200,138549,136836,1042,137878,1810
2021-09-08,Santa Cruz,087,273765,19000,18699,951,19650,210
2021-09-08,Shasta,089,179085,17109,16227,2636,18863,234
2021-09-08,Sierra,091,2930,129,113,13,126,0
2021-09-08,Siskiyou,093,43540,2814,2643,919,3562,35
2021-09-08,Solano,095,438530,43007,41971,1075,43046,302
2021-09-08,Sonoma,097,501317,38547,38075,459,38534,360
2021-09-08,Stanislaus,099,539301,69896,68945,7765,76710,1074
2021-09-08,Sutter,101,95872,12534,12349,203,12552,144
2021-09-08,Tehama,103,63373,6791,6520,1067,7587,75
2021-09-08,Trinity,105,12862,673,520,174,694,6
2021-09-08,Tulare,107,460477,59360,57425,11833,69258,876
2021-09-08,Tuolumne,109,53932,5914,5783,64,5847,89
2021-09-08,Ventura,111,848112,93067,91345,3983,95328,1096
2021-09-08,Yolo,113,214977,18037,17680,797,18477,239
2021-09-08,Yuba,115,75493,8850,8675,190,8865,55
2021-09-07,Alameda,001,1643700,111748,110550,2497,113047,1301
2021-09-07,Alpine,003,1148,96,94,0,94,0
2021-09-07,Amador,005,37829,4763,4679,45,4724,53
2021-09-07,Butte,007,227075,17377,16723,3005,19728,220
2021-09-07,Calaveras,009,45235,3210,3140,20,3160,63
2021-09-07,Colusa,011,21464,2355,2306,509,2815,16
2021-09-07,Contra Costa,013,1133247,92403,91167,1824,92991,891
2021-09-07,Del Norte,015,27424,3248,3081,20,3101,24
2021-09-07,El Dorado,017,186661,14231,13892,1391,15283,119
2021-09-07,Fresno,019,978130,122661,120268,10825,131093,1828
2021-09-07,Glenn,021,27897,3050,2937,861,3798,20
2021-09-07,Humboldt,023,135768,7614,7397,324,7721,52
2021-09-07,Imperial,025,180216,30898,30584,2883,33467,751
2021-09-07,Inyo,027,18085,1602,1579,29,1608,39
2021-09-07,Kern,029,883053,113261,110674,16536,127210,1408
2021-09-07,Kings,031,150075,27933,27169,1496,28665,267
2021-09-07,Lake,033,64148,5806,5597,99,5696,78
2021-09-07,Lassen,035,31185,5991,5842,210,6052,21
2021-09-07,Los Angeles,037,10098052,1375250,1360407,50214,1410621,25486
2021-09-07,Madera,039,155013,19881,19316,1516,20832,249
2021-09-07,Marin,041,260295,16569,16363,365,16728,242
2021-09-07,Mariposa,043,17540,817,771,27,798,5
2021-09-07,Mendocino,045,87422,6322,6036,248,6284,61
2021-09-07,Merced,047,269075,37003,36400,1410,37810,513
2021-09-07,Modoc,049,8938,460,449,158,607,5
2021-09-07,Mono,051,14174,1444,1416,17,1433,3
2021-09-07,Monterey,053,433212,46655,45911,2432,48343,543
2021-09-07,Napa,055,140530,11990,11814,77,11891,90
2021-09-07,Nevada,057,99092,8017,7829,261,8090,82
2021-09-07,Orange,059,3164182,292310,288225,13592,301817,5274
2021-09-07,Placer,061,380077,32621,31710,2964,34674,337
2021-09-07,Plumas,063,18699,1149,1071,22,1093,5
2021-09-07,Riverside,065,2383286,339813,333390,15456,348846,4666
2021-09-07,Sacramento,067,1510023,142947,142364,3316,145680,1905
2021-09-07,San Benito,069,59416,6821,6786,136,6922,64
2021-09-07,San Bernardino,071,2135413,333801,329962,10302,340264,5407
2021-09-07,San Diego,073,3302833,345151,340709,20280,360989,3922
2021-09-07,San Francisco,075,870044,48900,48175,2035,50210,589
2021-09-07,San Joaquin,077,732212,90791,89468,4716,94184,1548
2021-09-07,San Luis Obispo,079,281455,26845,26253,1016,27269,287
2021-09-07,San Mateo,081,765935,50812,49913,741,50654,561
2021-09-07,Santa Barbara,083,443738,40841,39957,1401,41358,489
2021-09-07,Santa Clara,085,1922200,138261,136631,1037,137668,1807
2021-09-07,Santa Cruz,087,273765,18951,18669,949,19618,210
2021-09-07,Shasta,089,179085,16953,16096,2584,18680,226
2021-09-07,Sierra,091,2930,129,111,13,124,0
2021-09-07,Siskiyou,093,43540,2788,2607,902,3509,34
2021-09-07,Solano,095,438530,42877,41862,1071,42933,300
2021-09-07,Sonoma,097,501317,38463,38013,457,38470,358
2021-09-07,Stanislaus,099,539301,69625,68831,7738,76569,1074
2021-09-07,Sutter,101,95872,12460,12310,197,12507,138
2021-09-07,Tehama,103,63373,6739,6482,1047,7529,74
2021-09-07,Trinity,105,12862,667,517,174,691,6
2021-09-07,Tulare,107,460477,59011,57228,11755,68983,874
2021-09-07,Tuolumne,109,53932,5877,5759,64,5823,88
2021-09-07,Ventura,111,848112,92856,91246,3973,95219,1093
2021-09-07,Yolo,113,214977,17968,17653,792,18445,235
2021-09-07,Yuba,115,75493,8807,8642,185,8827,55
2021-09-06,Alameda,001,1643700,111438,110357,2489,112846,1301
2021-09-06,Alpine,003,1148,94,94,0,94,0
2021-09-06,Amador,005,37829,4747,4648,44,4692,53
2021-09-06,Butte,007,227075,17185,16588,2962,19550,218
2021-09-06,Calaveras,009,45235,3188,3122,20,3142,63
2021-09-06,Colusa,011,21464,2348,2306,505,2811,16
2021-09-06,Contra Costa,013,1133247,92107,90971,1814,92785,891
2021-09-06,Del Norte,015,27424,3207,3037,19,3056,24
2021-09-06,El Dorado,017,186661,14162,13848,1375,15223,119
2021-09-06,Fresno,019,978130,122088,119738,10750,130488,1828
2021-09-06,Glenn,021,27897,3021,2912,853,3765,20
2021-09-06,Humboldt,023,135768,7538,7320,306,7626,52
2021-09-06,Imperial,025,180216,30835,30576,2877,33453,751
2021-09-06,Inyo,027,18085,1593,1578,17,1595,39
2021-09-06,Kern,029,883053,112747,110347,16348,126695,1408
2021-09-06,Kings,031,150075,27790,27094,1481,28575,264
2021-09-06,Lake,033,64148,5742,5548,92,5640,78
2021-09-06,Lassen,035,31185,5965,5822,200,6022,21
2021-09-06,Los Angeles,037,10098052,1372875,1359348,50099,1409447,25477
2021-09-06,Madera,039,155013,19778,19191,1493,20684,249
2021-09-06,Marin,041,260295,16529,16356,365,16721,242
2021-09-06,Mariposa,043,17540,805,764,27,791,5
2021-09-06,Mendocino,045,87422,6252,5984,235,6219,61
2021-09-06,Merced,047,269075,36789,36300,1396,37696,513
2021-09-06,Modoc,049,8938,457,449,158,607,5
2021-09-06,Mono,051,14174,1440,1416,17,1433,3
2021-09-06,Monterey,053,433212,46561,45833,2416,48249,541
2021-09-06,Napa,055,140530,11947,11792,76,11868,90
2021-09-06,Nevada,057,99092,7969,7748,259,8007,82
2021-09-06,Orange,059,3164182,291816,287948,13541,301489,5274
2021-09-06,Placer,061,380077,32444,31595,2926,34521,337
2021-09-06,Plumas,063,18699,1128,1068,19,1087,5
2021-09-06,Riverside,065,2383286,338997,333052,15436,348488,4666
2021-09-06,Sacramento,067,1510023,142312,141730,3248,144978,1905
2021-09-06,San Benito,069,59416,6798,6777,133,6910,64
2021-09-06,San Bernardino,071,2135413,332912,329693,10272,339965,5398
2021-09-06,San Diego,073,3302833,344152,340222,20183,360405,3922
2021-09-06,San Francisco,075,870044,48766,48120,2030,50150,589
2021-09-06,San Joaquin,077,732212,90447,89293,4690,93983,1548
2021-09-06,San Luis Obispo,079,281455,26716,26183,1012,27195,286
2021-09-06,San Mateo,081,765935,50682,49859,739,50598,561
2021-09-06,Santa Barbara,083,443738,40710,39876,1392,41268,489
2021-09-06,Santa Clara,085,1922200,137969,136458,1035,137493,1807
2021-09-06,Santa Cruz,087,273765,18902,18615,946,19561,210
2021-09-06,Shasta,089,179085,16772,15985,2530,18515,226
2021-09-06,Sierra,091,2930,129,109,13,122,0
2021-09-06,Siskiyou,093,43540,2744,2595,868,3463,34
2021-09-06,Solano,095,438530,42729,41774,1065,42839,300
2021-09-06,Sonoma,097,501317,38342,37929,456,38385,358
2021-09-06,Stanislaus,099,539301,69283,68596,7694,76290,1074
2021-09-06,Sutter,101,95872,12398,12238,188,12426,138
2021-09-06,Tehama,103,63373,6677,6413,1020,7433,74
2021-09-06,Trinity,105,12862,664,515,172,687,6
2021-09-06,Tulare,107,460477,58653,57068,11675,68743,874
2021-09-06,Tuolumne,109,53932,5841,5697,64,5761,88
2021-09-06,Ventura,111,848112,92679,91132,3961,95093,1093
2021-09-06,Yolo,113,214977,17882,17576,787,18363,235
2021-09-06,Yuba,115,75493,8757,8584,181,8765,55
2021-09-05,Alameda,001,1643700,111245,110173,2486,112659,1301
2021-09-05,Alpine,003,1148,94,94,0,94,0
2021-09-05,Amador,005,37829,4735,4642,44,4686,53
2021-09-05,Butte,007,227075,17095,16504,2934,19438,218
2021-09-05,Calaveras,009,45235,3182,3106,20,3126,63
2021-09-05,Colusa,011,21464,2340,2305,503,2808,16
2021-09-05,Contra Costa,013,1133247,91922,90862,1809,92671,891
2021-09-05,Del Norte,015,27424,3187,3023,19,3042,24
2021-09-05,El Dorado,017,186661,14133,13827,1362,15189,119
2021-09-05,Fresno,019,978130,121789,119384,10709,130093,1828
2021-09-05,Glenn,021,27897,3007,2899,851,3750,20
2021-09-05,Humboldt,023,135768,7505,7312,303,7615,52
2021-09-05,Imperial,025,180216,30806,30548,2875,33423,751
2021-09-05,Inyo,027,18085,1590,1572,17,1589,39
2021-09-05,Kern,029,883053,112447,110073,16189,126262,1408
2021-09-05,Kings,031,150075,27713,26989,1477,28466,264
2021-09-05,Lake,033,64148,5722,5525,92,5617,78
2021-09-05,Lassen,035,31185,5943,5820,196,6016,21
2021-09-05,Los Angeles,037,10098052,1371580,1357748,50031,1407779,25465
2021-09-05,Madera,039,155013,19737,19155,1482,20637,249
2021-09-05,Marin,041,260295,16510,16342,364,16706,242
2021-09-05,Mariposa,043,17540,801,761,27,788,5
2021-09-05,Mendocino,045,87422,6218,5965,235,6200,61
2021-09-05,Merced,047,269075,36714,36243,1394,37637,513
2021-09-05,Modoc,049,8938,457,447,158,605,5
2021-09-05,Mono,051,14174,1440,1416,17,1433,3
2021-09-05,Monterey,053,433212,46533,45795,2407,48202,540
2021-09-05,Napa,055,140530,11922,11770,76,11846,90
2021-09-05,Nevada,057,99092,7947,7722,258,7980,82
2021-09-05,Orange,059,3164182,291528,287614,13524,301138,5274
2021-09-05,Placer,061,380077,32316,31487,2912,34399,337
2021-09-05,Plumas,063,18699,1121,1067,19,1086,5
2021-09-05,Riverside,065,2383286,338542,332604,15424,348028,4654
2021-09-05,Sacramento,067,1510023,141875,141276,3231,144507,1905
2021-09-05,San Benito,069,59416,6797,6764,133,6897,64
2021-09-05,San Bernardino,071,2135413,332528,329062,10256,339318,5392
2021-09-05,San Diego,073,3302833,343600,339427,20142,359569,3914
2021-09-05,San Francisco,075,870044,48688,48035,2026,50061,589
2021-09-05,San Joaquin,077,732212,90281,89121,4673,93794,1548
2021-09-05,San Luis Obispo,079,281455,26666,26098,1011,27109,285
2021-09-05,San Mateo,081,765935,50614,49809,735,50544,561
2021-09-05,Santa Barbara,083,443738,40643,39762,1390,41152,489
2021-09-05,Santa Clara,085,1922200,137759,136146,1033,137179,1807
2021-09-05,Santa Cruz,087,273765,18882,18588,944,19532,210
2021-09-05,Shasta,089,179085,16690,15960,2504,18464,226
2021-09-05,Sierra,091,2930,128,109,13,122,0
2021-09-05,Siskiyou,093,43540,2727,2585,854,3439,34
2021-09-05,Solano,095,438530,42634,41687,1060,42747,300
2021-09-05,Sonoma,097,501317,38257,37881,455,38336,358
2021-09-05,Stanislaus,099,539301,69143,68434,7670,76104,1074
2021-09-05,Sutter,101,95872,12368,12179,182,12361,138
2021-09-05,Tehama,103,63373,6650,6400,1014,7414,74
2021-09-05,Trinity,105,12862,658,505,171,676,6
2021-09-05,Tulare,107,460477,58484,56915,11631,68546,874
2021-09-05,Tuolumne,109,53932,5829,5688,64,5752,88
2021-09-05,Ventura,111,848112,92543,91004,3957,94961,1093
2021-09-05,Yolo,113,214977,17845,17557,782,18339,235
2021-09-05,Yuba,115,75493,8730,8521,179,8700,55
2021-09-04,Alameda,001,1643700,111122,109944,2479,112423,1301
2021-09-04,Alpine,003,1148,94,94,0,94,0
2021-09-04,Amador,005,37829,4717,4637,43,4680,53
2021-09-04,Butte,007,227075,17037,16403,2919,19322,218
2021-09-04,Calaveras,009,45235,3170,3087,19,3106,63
2021-09-04,Colusa,011,21464,2338,2301,503,2804,16
2021-09-04,Contra Costa,013,1133247,91805,90623,1806,92429,891
2021-09-04,Del Norte,015,27424,3176,2984,19,3003,24
2021-09-04,El Dorado,017,186661,14107,13782,1354,15136,119
2021-09-04,Fresno,019,978130,121594,119033,10688,129721,1828
2021-09-04,Glenn,021,27897,2997,2878,845,3723,20
2021-09-04,Humboldt,023,135768,7474,7298,297,7595,52
2021-09-04,Imperial,025,180216,30783,30526,2873,33399,751
2021-09-04,Inyo,027,18085,1588,1571,17,1588,39
2021-09-04,Kern,029,883053,112204,109751,16059,125810,1408
2021-09-04,Kings,031,150075,27626,26896,1471,28367,263
2021-09-04,Lake,033,64148,5704,5507,92,5599,78
2021-09-04,Lassen,035,31185,5928,5814,188,6002,21
2021-09-04,Los Angeles,037,10098052,1370625,1355634,49973,1405607,25454
2021-09-04,Madera,039,155013,19704,19112,1475,20587,249
2021-09-04,Marin,041,260295,16494,16319,363,16682,242
2021-09-04,Mariposa,043,17540,796,759,27,786,5
2021-09-04,Mendocino,045,87422,6182,5933,235,6168,61
2021-09-04,Merced,047,269075,36670,36083,1389,37472,513
2021-09-04,Modoc,049,8938,457,447,158,605,5
2021-09-04,Mono,051,14174,1437,1417,17,1434,3
2021-09-04,Monterey,053,433212,46502,45756,2403,48159,540
2021-09-04,Napa,055,140530,11897,11760,74,11834,90
2021-09-04,Nevada,057,99092,7932,7691,257,7948,82
2021-09-04,Orange,059,3164182,291265,287244,13503,300747,5274
2021-09-04,Placer,061,380077,32212,31374,2895,34269,337
2021-09-04,Plumas,063,18699,1113,1067,19,1086,5
2021-09-04,Riverside,065,2383286,338072,331958,15412,347370,4654
2021-09-04,Sacramento,067,1510023,141582,140735,3223,143958,1896
2021-09-04,San Benito,069,59416,6788,6758,133,6891,64
2021-09-04,San Bernardino,071,2135413,332196,328425,10242,338667,5393
2021-09-04,San Diego,073,3302833,343165,338748,20120,358868,3914
2021-09-04,San Francisco,075,870044,48613,47937,2018,49955,589
2021-09-04,San Joaquin,077,732212,90166,88846,4665,93511,1548
2021-09-04,San Luis Obispo,079,281455,26634,26020,1011,27031,285
2021-09-04,San Mateo,081,765935,50560,49721,735,50456,560
2021-09-04,Santa Barbara,083,443738,40577,39667,1388,41055,489
2021-09-04,Santa Clara,085,1922200,137574,135845,1030,136875,1806
2021-09-04,Santa Cruz,087,273765,18864,18579,940,19519,210
2021-09-04,Shasta,089,179085,16613,15924,2478,18402,226
2021-09-04,Sierra,091,2930,126,108,13,121,0
2021-09-04,Siskiyou,093,43540,2701,2563,843,3406,34
2021-09-04,Solano,095,438530,42561,41614,1058,42672,300
2021-09-04,Sonoma,097,501317,38224,37809,455,38264,358
2021-09-04,Stanislaus,099,539301,68996,68210,7645,75855,1074
2021-09-04,Sutter,101,95872,12327,12137,181,12318,138
2021-09-04,Tehama,103,63373,6625,6367,996,7363,74
2021-09-04,Trinity,105,12862,656,497,171,668,6
2021-09-04,Tulare,107,460477,58376,56719,11588,68307,874
2021-09-04,Tuolumne,109,53932,5810,5667,62,5729,88
2021-09-04,Ventura,111,848112,92408,90904,3954,94858,1090
2021-09-04,Yolo,113,214977,17809,17522,778,18300,235
2021-09-04,Yuba,115,75493,8701,8475,178,8653,55
2021-09-03,Alameda,001,1643700,110962,109636,2477,112113,1301
2021-09-03,Alpine,003,1148,94,94,0,94,0
2021-09-03,Amador,005,37829,4695,4614,43,4657,53
2021-09-03,Butte,007,227075,16946,16259,2893,19152,215
2021-09-03,Calaveras,009,45235,3160,3069,19,3088,63
2021-09-03,Colusa,011,21464,2333,2295,502,2797,16
2021-09-03,Contra Costa,013,1133247,91653,90299,1803,92102,886
2021-09-03,Del Norte,015,27424,3148,2943,18,2961,24
2021-09-03,El Dorado,017,186661,14074,13710,1349,15059,119
2021-09-03,Fresno,019,978130,121259,118508,10666,129174,1822
2021-09-03,Glenn,021,27897,2988,2867,838,3705,20
2021-09-03,Humboldt,023,135768,7449,7194,292,7486,52
2021-09-03,Imperial,025,180216,30760,30475,2868,33343,751
2021-09-03,Inyo,027,18085,1583,1567,17,1584,39
2021-09-03,Kern,029,883053,111988,109296,15948,125244,1407
2021-09-03,Kings,031,150075,27542,26753,1468,28221,263
2021-09-03,Lake,033,64148,5684,5479,90,5569,78
2021-09-03,Lassen,035,31185,5911,5789,184,5973,21
2021-09-03,Los Angeles,037,10098052,1369295,1351185,49907,1401092,25384
2021-09-03,Madera,039,155013,19619,19021,1469,20490,247
2021-09-03,Marin,041,260295,16472,16293,362,16655,242
2021-09-03,Mariposa,043,17540,789,753,25,778,5
2021-09-03,Mendocino,045,87422,6147,5891,235,6126,61
2021-09-03,Merced,047,269075,36616,35941,1380,37321,512
2021-09-03,Modoc,049,8938,457,445,158,603,5
2021-09-03,Mono,051,14174,1436,1410,17,1427,3
2021-09-03,Monterey,053,433212,46464,45707,2399,48106,540
2021-09-03,Napa,055,140530,11876,11733,74,11807,89
2021-09-03,Nevada,057,99092,7898,7632,257,7889,82
2021-09-03,Orange,059,3164182,290947,286818,13476,300294,5253
2021-09-03,Placer,061,380077,32105,31238,2871,34109,335
2021-09-03,Plumas,063,18699,1102,1057,19,1076,5
2021-09-03,Riverside,065,2383286,337540,331011,15396,346407,4653
2021-09-03,Sacramento,067,1510023,141218,139982,3205,143187,1886
2021-09-03,San Benito,069,59416,6782,6746,133,6879,64
2021-09-03,San Bernardino,071,2135413,331779,327599,10232,337831,5381
2021-09-03,San Diego,073,3302833,342545,337627,20087,357714,3911
2021-09-03,San Francisco,075,870044,48537,47822,2012,49834,589
2021-09-03,San Joaquin,077,732212,90013,88366,4657,93023,1540
2021-09-03,San Luis Obispo,079,281455,26558,25917,1009,26926,283
2021-09-03,San Mateo,081,765935,50465,49617,733,50350,560
2021-09-03,Santa Barbara,083,443738,40510,39507,1385,40892,489
2021-09-03,Santa Clara,085,1922200,137372,135522,1026,136548,1801
2021-09-03,Santa Cruz,087,273765,18839,18532,940,19472,210
2021-09-03,Shasta,089,179085,16538,15778,2454,18232,226
2021-09-03,Sierra,091,2930,124,105,13,118,0
2021-09-03,Siskiyou,093,43540,2689,2529,830,3359,34
2021-09-03,Solano,095,438530,42465,41457,1055,42512,300
2021-09-03,Sonoma,097,501317,38161,37699,455,38154,358
2021-09-03,Stanislaus,099,539301,68821,67887,7619,75506,1074
2021-09-03,Sutter,101,95872,12288,12073,180,12253,139
2021-09-03,Tehama,103,63373,6586,6334,989,7323,72
2021-09-03,Trinity,105,12862,654,490,167,657,6
2021-09-03,Tulare,107,460477,58250,56401,11536,67937,872
2021-09-03,Tuolumne,109,53932,5768,5630,62,5692,88
2021-09-03,Ventura,111,848112,92274,90742,3950,94692,1088
2021-09-03,Yolo,113,214977,17786,17446,773,18219,235
2021-09-03,Yuba,115,75493,8670,8412,178,8590,55
2021-09-02,Alameda,001,1643700,110704,109377,2474,111851,1301
2021-09-02,Alpine,003,1148,93,92,0,92,0
2021-09-02,Amador,005,37829,4679,4606,43,4649,53
2021-09-02,Butte,007,227075,16819,16154,2874,19028,215
2021-09-02,Calaveras,009,45235,3147,3042,19,3061,62
2021-09-02,Colusa,011,21464,2329,2290,502,2792,16
2021-09-02,Contra Costa,013,1133247,91471,90038,1792,91830,886
2021-09-02,Del Norte,015,27424,3117,2891,18,2909,24
2021-09-02,El Dorado,017,186661,14015,13641,1324,14965,119
2021-09-02,Fresno,019,978130,120771,117974,10612,128586,1804
2021-09-02,Glenn,021,27897,2972,2855,832,3687,20
2021-09-02,Humboldt,023,135768,7402,7141,281,7422,52
2021-09-02,Imperial,025,180216,30716,30449,2863,33312,751
2021-09-02,Inyo,027,18085,1578,1564,16,1580,39
2021-09-02,Kern,029,883053,111575,108930,15804,124734,1404
2021-09-02,Kings,031,150075,27449,26638,1458,28096,263
2021-09-02,Lake,033,64148,5654,5432,86,5518,78
2021-09-02,Lassen,035,31185,5897,5747,177,5924,21
2021-09-02,Los Angeles,037,10098052,1367439,1351105,49814,1400919,25382
2021-09-02,Madera,039,155013,19528,18937,1451,20388,247
2021-09-02,Marin,041,260295,16459,16244,360,16604,242
2021-09-02,Mariposa,043,17540,782,745,22,767,5
2021-09-02,Mendocino,045,87422,6105,5848,232,6080,61
2021-09-02,Merced,047,269075,36453,35820,1373,37193,508
2021-09-02,Modoc,049,8938,457,437,158,595,5
2021-09-02,Mono,051,14174,1436,1409,17,1426,3
2021-09-02,Monterey,053,433212,46398,45648,2384,48032,539
2021-09-02,Napa,055,140530,11847,11684,74,11758,88
2021-09-02,Nevada,057,99092,7846,7575,256,7831,82
2021-09-02,Orange,059,3164182,290487,286326,13442,299768,5240
2021-09-02,Placer,061,380077,31968,31067,2842,33909,330
2021-09-02,Plumas,063,18699,1091,1045,18,1063,5
2021-09-02,Riverside,065,2383286,336826,330190,15372,345562,4644
2021-09-02,Sacramento,067,1510023,140637,139274,3166,142440,1882
2021-09-02,San Benito,069,59416,6777,6734,132,6866,64
2021-09-02,San Bernardino,071,2135413,331170,326940,10159,337099,5369
2021-09-02,San Diego,073,3302833,341587,336382,20034,356416,3909
2021-09-02,San Francisco,075,870044,48429,47674,2008,49682,587
2021-09-02,San Joaquin,077,732212,89729,88056,4633,92689,1540
2021-09-02,San Luis Obispo,079,281455,26472,25851,1004,26855,283
2021-09-02,San Mateo,081,765935,50364,49490,731,50221,558
2021-09-02,Santa Barbara,083,443738,40420,39386,1372,40758,486
2021-09-02,Santa Clara,085,1922200,137071,135216,1020,136236,1799
2021-09-02,Santa Cruz,087,273765,18805,18473,937,19410,210
2021-09-02,Shasta,089,179085,16400,15670,2425,18095,224
2021-09-02,Sierra,091,2930,124,105,13,118,0
2021-09-02,Siskiyou,093,43540,2668,2513,802,3315,34
2021-09-02,Solano,095,438530,42359,41293,1052,42345,294
2021-09-02,Sonoma,097,501317,38080,37558,455,38013,352
2021-09-02,Stanislaus,099,539301,68580,67576,7599,75175,1074
2021-09-02,Sutter,101,95872,12219,11995,176,12171,138
2021-09-02,Tehama,103,63373,6528,6265,970,7235,72
2021-09-02,Trinity,105,12862,650,484,165,649,6
2021-09-02,Tulare,107,460477,58020,56105,11485,67590,872
2021-09-02,Tuolumne,109,53932,5711,5578,62,5640,88
2021-09-02,Ventura,111,848112,92091,90610,3945,94555,1084
2021-09-02,Yolo,113,214977,17716,17357,762,18119,235
2021-09-02,Yuba,115,75493,8610,8363,178,8541,55
2021-09-01,Alameda,001,1643700,110436,109075,2469,111544,1299
2021-09-01,Alpine,003,1148,93,92,0,92,0
2021-09-01,Amador,005,37829,4663,4599,42,4641,53
2021-09-01,Butte,007,227075,16704,16046,2846,18892,215
2021-09-01,Calaveras,009,45235,3135,3023,19,3042,59
2021-09-01,Colusa,011,21464,2324,2281,501,2782,16
2021-09-01,Contra Costa,013,1133247,91236,89834,1785,91619,877
2021-09-01,Del Norte,015,27424,3084,2860,18,2878,24
2021-09-01,El Dorado,017,186661,13959,13577,1295,14872,119
2021-09-01,Fresno,019,978130,120280,117492,10543,128035,1800
2021-09-01,Glenn,021,27897,2947,2846,824,3670,20
2021-09-01,Humboldt,023,135768,7355,7090,274,7364,52
2021-09-01,Imperial,025,180216,30678,30393,2858,33251,750
2021-09-01,Inyo,027,18085,1574,1561,15,1576,39
2021-09-01,Kern,029,883053,111144,108449,15666,124115,1400
2021-09-01,Kings,031,150075,27336,26443,1447,27890,263
2021-09-01,Lake,033,64148,5613,5396,81,5477,77
2021-09-01,Lassen,035,31185,5875,5731,173,5904,21
2021-09-01,Los Angeles,037,10098052,1365173,1348589,49712,1398301,25341
2021-09-01,Madera,039,155013,19450,18852,1436,20288,247
2021-09-01,Marin,041,260295,16437,16224,355,16579,240
2021-09-01,Mariposa,043,17540,774,735,22,757,5
2021-09-01,Mendocino,045,87422,6062,5821,227,6048,59
2021-09-01,Merced,047,269075,36276,35686,1363,37049,500
2021-09-01,Modoc,049,8938,451,436,156,592,5
2021-09-01,Mono,051,14174,1436,1400,17,1417,3
2021-09-01,Monterey,053,433212,46318,45590,2369,47959,539
2021-09-01,Napa,055,140530,11814,11653,74,11727,88
2021-09-01,Nevada,057,99092,7793,7508,255,7763,82
2021-09-01,Orange,059,3164182,290012,285840,13405,299245,5233
2021-09-01,Placer,061,380077,31813,30902,2828,33730,330
2021-09-01,Plumas,063,18699,1083,1033,18,1051,5
2021-09-01,Riverside,065,2383286,336009,329388,15342,344730,4634
2021-09-01,Sacramento,067,1510023,140029,138499,3121,141620,1875
2021-09-01,San Benito,069,59416,6760,6716,132,6848,64
2021-09-01,San Bernardino,071,2135413,330522,326250,10130,336380,5364
2021-09-01,San Diego,073,3302833,340565,335302,19978,355280,3908
2021-09-01,San Francisco,075,870044,48321,47538,2001,49539,584
2021-09-01,San Joaquin,077,732212,89407,87640,4610,92250,1540
2021-09-01,San Luis Obispo,079,281455,26376,25691,999,26690,283
2021-09-01,San Mateo,081,765935,50244,49394,725,50119,558
2021-09-01,Santa Barbara,083,443738,40302,39263,1356,40619,483
2021-09-01,Santa Clara,085,1922200,136803,134855,1014,135869,1796
2021-09-01,Santa Cruz,087,273765,18758,18453,935,19388,210
2021-09-01,Shasta,089,179085,16268,15552,2385,17937,221
2021-09-01,Sierra,091,2930,123,98,13,111,0
2021-09-01,Siskiyou,093,43540,2638,2482,782,3264,34
2021-09-01,Solano,095,438530,42208,41194,1046,42240,293
2021-09-01,Sonoma,097,501317,37986,37454,454,37908,352
2021-09-01,Stanislaus,099,539301,68295,67287,7568,74855,1075
2021-09-01,Sutter,101,95872,12155,11945,169,12114,136
2021-09-01,Tehama,103,63373,6494,6228,953,7181,72
2021-09-01,Trinity,105,12862,649,482,162,644,5
2021-09-01,Tulare,107,460477,57737,55768,11448,67216,870
2021-09-01,Tuolumne,109,53932,5672,5553,62,5615,88
2021-09-01,Ventura,111,848112,91876,90471,3929,94400,1089
2021-09-01,Yolo,113,214977,17660,17264,756,18020,235
2021-09-01,Yuba,115,75493,8548,8308,178,8486,55
2021-08-31,Alameda,001,1643700,110141,108837,2463,111300,1297
2021-08-31,Alpine,003,1148,91,92,0,92,0
2021-08-31,Amador,005,37829,4642,4555,42,4597,53
2021-08-31,Butte,007,227075,16563,15896,2805,18701,216
2021-08-31,Calaveras,009,45235,3095,3008,19,3027,59
2021-08-31,Colusa,011,21464,2322,2275,499,2774,16
2021-08-31,Contra Costa,013,1133247,90941,89546,1773,91319,871
2021-08-31,Del Norte,015,27424,3048,2830,18,2848,19
2021-08-31,El Dorado,017,186661,13888,13539,1277,14816,119
2021-08-31,Fresno,019,978130,119704,117155,10464,127619,1801
2021-08-31,Glenn,021,27897,2931,2829,814,3643,20
2021-08-31,Humboldt,023,135768,7280,7030,261,7291,52
2021-08-31,Imperial,025,180216,30641,30348,2850,33198,750
2021-08-31,Inyo,027,18085,1570,1550,15,1565,39
2021-08-31,Kern,029,883053,110642,108151,15487,123638,1393
2021-08-31,Kings,031,150075,27194,26405,1433,27838,260
2021-08-31,Lake,033,64148,5569,5359,80,5439,74
2021-08-31,Lassen,035,31185,5849,5702,170,5872,21
2021-08-31,Los Angeles,037,10098052,1362582,1346686,49634,1396320,25303
2021-08-31,Madera,039,155013,19360,18811,1419,20230,247
2021-08-31,Marin,041,260295,16408,16215,352,16567,240
2021-08-31,Mariposa,043,17540,766,732,22,754,5
2021-08-31,Mendocino,045,87422,6020,5777,226,6003,59
2021-08-31,Merced,047,269075,36106,35512,1358,36870,498
2021-08-31,Modoc,049,8938,450,436,156,592,5
2021-08-31,Mono,051,14174,1424,1398,17,1415,3
2021-08-31,Monterey,053,433212,46234,45550,2356,47906,539
2021-08-31,Napa,055,140530,11767,11618,74,11692,88
2021-08-31,Nevada,057,99092,7727,7460,255,7715,82
2021-08-31,Orange,059,3164182,289414,285310,13373,298683,5229
2021-08-31,Placer,061,380077,31623,30745,2791,33536,325
2021-08-31,Plumas,063,18699,1079,1018,17,1035,5
2021-08-31,Riverside,065,2383286,335035,328556,15309,343865,4627
2021-08-31,Sacramento,067,1510023,139345,137879,3089,140968,1863
2021-08-31,San Benito,069,59416,6748,6694,130,6824,64
2021-08-31,San Bernardino,071,2135413,329774,325446,10110,335556,5350
2021-08-31,San Diego,073,3302833,339312,334377,19920,354297,3888
2021-08-31,San Francisco,075,870044,48171,47440,1990,49430,581
2021-08-31,San Joaquin,077,732212,88963,87365,4595,91960,1540
2021-08-31,San Luis Obispo,079,281455,26253,25518,995,26513,282
2021-08-31,San Mateo,081,765935,50132,49299,725,50024,556
2021-08-31,Santa Barbara,083,443738,40152,39091,1350,40441,481
2021-08-31,Santa Clara,085,1922200,136452,134637,1007,135644,1793
2021-08-31,Santa Cruz,087,273765,18720,18419,932,19351,210
2021-08-31,Shasta,089,179085,16116,15368,2358,17726,220
2021-08-31,Sierra,091,2930,120,95,13,108,0
2021-08-31,Siskiyou,093,43540,2618,2435,766,3201,33
2021-08-31,Solano,095,438530,42069,41067,1040,42107,289
2021-08-31,Sonoma,097,501317,37890,37379,453,37832,352
2021-08-31,Stanislaus,099,539301,67940,67004,7533,74537,1075
2021-08-31,Sutter,101,95872,12090,11901,165,12066,136
2021-08-31,Tehama,103,63373,6433,6169,922,7091,72
2021-08-31,Trinity,105,12862,643,480,162,642,3
2021-08-31,Tulare,107,460477,57403,55567,11378,66945,870
2021-08-31,Tuolumne,109,53932,5636,5516,62,5578,88
2021-08-31,Ventura,111,848112,91657,90292,3917,94209,1081
2021-08-31,Yolo,113,214977,17579,17205,748,17953,234
2021-08-31,Yuba,115,75493,8494,8253,178,8431,54
2021-08-30,Alameda,001,1643700,109824,107734,2452,110186,1296
2021-08-30,Alpine,003,1148,91,92,0,92,0
2021-08-30,Amador,005,37829,4631,4507,42,4549,53
2021-08-30,Butte,007,227075,16412,15719,2771,18490,214
2021-08-30,Calaveras,009,45235,3080,2975,19,2994,59
2021-08-30,Colusa,011,21464,2313,2271,496,2767,16
2021-08-30,Contra Costa,013,1133247,90681,87679,1763,89442,872
2021-08-30,Del Norte,015,27424,3006,2796,17,2813,11
2021-08-30,El Dorado,017,186661,13819,13217,1260,14477,119
2021-08-30,Fresno,019,978130,119132,115867,10392,126259,1790
2021-08-30,Glenn,021,27897,2920,2804,808,3612,20
2021-08-30,Humboldt,023,135768,7226,6930,255,7185,52
2021-08-30,Imperial,025,180216,30603,30311,2845,33156,750
2021-08-30,Inyo,027,18085,1565,1544,15,1559,39
2021-08-30,Kern,029,883053,110163,107615,15325,122940,1389
2021-08-30,Kings,031,150075,27078,26236,1418,27654,259
2021-08-30,Lake,033,64148,5534,5323,77,5400,74
2021-08-30,Lassen,035,31185,5827,5667,164,5831,21
2021-08-30,Los Angeles,037,10098052,1360120,1344949,49549,1394498,25269
2021-08-30,Madera,039,155013,19278,18622,1399,20021,247
2021-08-30,Marin,041,260295,16377,16160,352,16512,240
2021-08-30,Mariposa,043,17540,760,715,21,736,5
2021-08-30,Mendocino,045,87422,5986,5721,222,5943,55
2021-08-30,Merced,047,269075,35978,35335,1354,36689,497
2021-08-30,Modoc,049,8938,448,436,155,591,5
2021-08-30,Mono,051,14174,1423,1390,17,1407,3
2021-08-30,Monterey,053,433212,46172,45463,2339,47802,539
2021-08-30,Napa,055,140530,11718,11579,72,11651,87
2021-08-30,Nevada,057,99092,7668,7356,252,7608,82
2021-08-30,Orange,059,3164182,288833,284750,13324,298074,5223
2021-08-30,Placer,061,380077,31458,29825,2768,32593,319
2021-08-30,Plumas,063,18699,1062,998,17,1015,5
2021-08-30,Riverside,065,2383286,334143,327593,15278,342871,4623
2021-08-30,Sacramento,067,1510023,138687,134571,3043,137614,1847
2021-08-30,San Benito,069,59416,6739,6663,130,6793,64
2021-08-30,San Bernardino,071,2135413,329096,324870,10080,334950,5348
2021-08-30,San Diego,073,3302833,338041,333011,19840,352851,3885
2021-08-30,San Francisco,075,870044,48032,46966,1977,48943,581
2021-08-30,San Joaquin,077,732212,88632,86203,4574,90777,1528
2021-08-30,San Luis Obispo,079,281455,26128,25422,988,26410,280
2021-08-30,San Mateo,081,765935,50006,48839,719,49558,554
2021-08-30,Santa Barbara,083,443738,40000,38998,1345,40343,481
2021-08-30,Santa Clara,085,1922200,136131,133281,1000,134281,1789
2021-08-30,Santa Cruz,087,273765,18666,18326,928,19254,210
2021-08-30,Shasta,089,179085,15987,15238,2319,17557,217
2021-08-30,Sierra,091,2930,118,91,13,104,0
2021-08-30,Siskiyou,093,43540,2605,2411,755,3166,33
2021-08-30,Solano,095,438530,41908,39986,1036,41022,290
2021-08-30,Sonoma,097,501317,37785,36764,453,37217,352
2021-08-30,Stanislaus,099,539301,67601,66173,7502,73675,1074
2021-08-30,Sutter,101,95872,12020,11791,158,11949,136
2021-08-30,Tehama,103,63373,6354,6085,898,6983,71
2021-08-30,Trinity,105,12862,632,468,159,627,3
2021-08-30,Tulare,107,460477,57091,55140,11303,66443,870
2021-08-30,Tuolumne,109,53932,5590,5492,62,5554,74
2021-08-30,Ventura,111,848112,91441,90149,3905,94054,1082
2021-08-30,Yolo,113,214977,17517,17071,744,17815,231
2021-08-30,Yuba,115,75493,8420,8129,177,8306,54
2021-08-29,Alameda,001,1643700,109490,107494,2441,109935,1296
2021-08-29,Alpine,003,1148,91,92,0,92,0
2021-08-29,Amador,005,37829,4617,4501,42,4543,53
2021-08-29,Butte,007,227075,16242,15602,2734,18336,214
2021-08-29,Calaveras,009,45235,3048,2970,19,2989,59
2021-08-29,Colusa,011,21464,2306,2260,490,2750,16
2021-08-29,Contra Costa,013,1133247,90385,87439,1758,89197,872
2021-08-29,Del Norte,015,27424,2963,2752,17,2769,11
2021-08-29,El Dorado,017,186661,13763,13166,1249,14415,119
2021-08-29,Fresno,019,978130,118535,115502,10323,125825,1790
2021-08-29,Glenn,021,27897,2902,2778,801,3579,20
2021-08-29,Humboldt,023,135768,7182,6922,240,7162,52
2021-08-29,Imperial,025,180216,30542,30293,2834,33127,750
2021-08-29,Inyo,027,18085,1555,1543,14,1557,39
2021-08-29,Kern,029,883053,109712,107324,15155,122479,1389
2021-08-29,Kings,031,150075,26924,26143,1404,27547,259
2021-08-29,Lake,033,64148,5494,5293,67,5360,74
2021-08-29,Lassen,035,31185,5804,5666,160,5826,21
2021-08-29,Los Angeles,037,10098052,1357372,1342541,49438,1391979,25263
2021-08-29,Madera,039,155013,19191,18594,1383,19977,247
2021-08-29,Marin,041,260295,16346,16134,350,16484,240
2021-08-29,Mariposa,043,17540,754,709,19,728,5
2021-08-29,Mendocino,045,87422,5928,5689,209,5898,55
2021-08-29,Merced,047,269075,35739,35250,1342,36592,497
2021-08-29,Modoc,049,8938,445,436,155,591,5
2021-08-29,Mono,051,14174,1416,1387,17,1404,3
2021-08-29,Monterey,053,433212,46066,45424,2316,47740,539
2021-08-29,Napa,055,140530,11687,11552,72,11624,87
2021-08-29,Nevada,057,99092,7611,7294,251,7545,82
2021-08-29,Orange,059,3164182,288205,284432,13282,297714,5223
2021-08-29,Placer,061,380077,31286,29674,2727,32401,319
2021-08-29,Plumas,063,18699,1051,996,17,1013,5
2021-08-29,Riverside,065,2383286,333286,326987,15257,342244,4623
2021-08-29,Sacramento,067,1510023,137934,133981,2994,136975,1843
2021-08-29,San Benito,069,59416,6714,6646,130,6776,64
2021-08-29,San Bernardino,071,2135413,328311,324266,10046,334312,5347
2021-08-29,San Diego,073,3302833,336935,332014,19745,351759,3880
2021-08-29,San Francisco,075,870044,47897,46885,1965,48850,581
2021-08-29,San Joaquin,077,732212,88183,85922,4554,90476,1528
2021-08-29,San Luis Obispo,079,281455,25930,25288,980,26268,280
2021-08-29,San Mateo,081,765935,49893,48737,714,49451,554
2021-08-29,Santa Barbara,083,443738,39834,38900,1341,40241,481
2021-08-29,Santa Clara,085,1922200,135778,132979,994,133973,1789
2021-08-29,Santa Cruz,087,273765,18619,18285,926,19211,210
2021-08-29,Shasta,089,179085,15833,15198,2292,17490,217
2021-08-29,Sierra,091,2930,116,91,13,104,0
2021-08-29,Siskiyou,093,43540,2558,2407,735,3142,33
2021-08-29,Solano,095,438530,41754,39887,1029,40916,290
2021-08-29,Sonoma,097,501317,37650,36650,449,37099,352
2021-08-29,Stanislaus,099,539301,67256,65956,7466,73422,1074
2021-08-29,Sutter,101,95872,11961,11719,151,11870,136
2021-08-29,Tehama,103,63373,6283,6040,875,6915,71
2021-08-29,Trinity,105,12862,629,468,156,624,3
2021-08-29,Tulare,107,460477,56758,54974,11219,66193,870
2021-08-29,Tuolumne,109,53932,5564,5478,61,5539,74
2021-08-29,Ventura,111,848112,91183,90114,3896,94010,1082
2021-08-29,Yolo,113,214977,17417,17015,731,17746,231
2021-08-29,Yuba,115,75493,8356,8042,177,8219,54
2021-08-28,Alameda,001,1643700,109325,107007,2432,109439,1296
2021-08-28,Alpine,003,1148,91,92,0,92,0
2021-08-28,Amador,005,37829,4598,4484,41,4525,53
2021-08-28,Butte,007,227075,16182,15487,2706,18193,214
2021-08-28,Calaveras,009,45235,3038,2926,19,2945,59
2021-08-28,Colusa,011,21464,2302,2252,488,2740,16
2021-08-28,Contra Costa,013,1133247,90174,86938,1755,88693,872
2021-08-28,Del Norte,015,27424,2936,2734,16,2750,11
2021-08-28,El Dorado,017,186661,13724,13089,1243,14332,119
2021-08-28,Fresno,019,978130,118294,115079,10292,125371,1792
2021-08-28,Glenn,021,27897,2893,2773,794,3567,20
2021-08-28,Humboldt,023,135768,7147,6887,235,7122,52
2021-08-28,Imperial,025,180216,30515,30260,2831,33091,750
2021-08-28,Inyo,027,18085,1553,1539,14,1553,39
2021-08-28,Kern,029,883053,109474,107012,15015,122027,1389
2021-08-28,Kings,031,150075,26857,26059,1401,27460,257
2021-08-28,Lake,033,64148,5471,5267,63,5330,74
2021-08-28,Lassen,035,31185,5789,5665,159,5824,21
2021-08-28,Los Angeles,037,10098052,1356157,1337097,49367,1386464,25234
2021-08-28,Madera,039,155013,19140,18553,1369,19922,247
2021-08-28,Marin,041,260295,16331,16106,350,16456,240
2021-08-28,Mariposa,043,17540,752,704,19,723,5
2021-08-28,Mendocino,045,87422,5903,5658,209,5867,55
2021-08-28,Merced,047,269075,35687,35108,1339,36447,497
2021-08-28,Modoc,049,8938,445,436,154,590,5
2021-08-28,Mono,051,14174,1413,1385,17,1402,3
2021-08-28,Monterey,053,433212,46024,45394,2311,47705,539
2021-08-28,Napa,055,140530,11664,11512,71,11583,88
2021-08-28,Nevada,057,99092,7587,7238,249,7487,82
2021-08-28,Orange,059,3164182,287848,283953,13234,297187,5222
2021-08-28,Placer,061,380077,31177,29428,2714,32142,319
2021-08-28,Plumas,063,18699,1044,991,17,1008,5
2021-08-28,Riverside,065,2383286,332698,326222,15247,341469,4623
2021-08-28,Sacramento,067,1510023,137543,132985,2977,135962,1844
2021-08-28,San Benito,069,59416,6707,6636,130,6766,64
2021-08-28,San Bernardino,071,2135413,327863,323672,10038,333710,5348
2021-08-28,San Diego,073,3302833,336351,331330,19709,351039,3880
2021-08-28,San Francisco,075,870044,47825,46654,1958,48612,581
2021-08-28,San Joaquin,077,732212,88013,85481,4545,90026,1527
2021-08-28,San Luis Obispo,079,281455,25863,25138,975,26113,280
2021-08-28,San Mateo,081,765935,49819,48575,710,49285,554
2021-08-28,Santa Barbara,083,443738,39763,38780,1341,40121,481
2021-08-28,Santa Clara,085,1922200,135571,132488,992,133480,1789
2021-08-28,Santa Cruz,087,273765,18601,18240,923,19163,210
2021-08-28,Shasta,089,179085,15730,15147,2274,17421,217
2021-08-28,Sierra,091,2930,112,91,13,104,0
2021-08-28,Siskiyou,093,43540,2550,2402,724,3126,33
2021-08-28,Solano,095,438530,41705,39610,1028,40638,290
2021-08-28,Sonoma,097,501317,37577,36466,447,36913,352
2021-08-28,Stanislaus,099,539301,67098,65670,7449,73119,1074
2021-08-28,Sutter,101,95872,11940,11669,150,11819,136
2021-08-28,Tehama,103,63373,6258,6004,864,6868,71
2021-08-28,Trinity,105,12862,625,463,155,618,3
2021-08-28,Tulare,107,460477,56628,54746,11177,65923,870
2021-08-28,Tuolumne,109,53932,5548,5469,61,5530,74
2021-08-28,Ventura,111,848112,91065,89934,3894,93828,1081
2021-08-28,Yolo,113,214977,17381,16907,724,17631,231
2021-08-28,Yuba,115,75493,8325,7985,176,8161,55
2021-08-27,Alameda,001,1643700,109115,106622,2430,109052,1296
2021-08-27,Alpine,003,1148,91,92,0,92,0
2021-08-27,Amador,005,37829,4582,4458,40,4498,53
2021-08-27,Butte,007,227075,16102,15277,2684,17961,214
2021-08-27,Calaveras,009,45235,3024,2903,19,2922,59
2021-08-27,Colusa,011,21464,2296,2240,486,2726,16
2021-08-27,Contra Costa,013,1133247,89976,86386,1752,88138,872
2021-08-27,Del Norte,015,27424,2904,2695,16,2711,11
2021-08-27,El Dorado,017,186661,13685,12968,1239,14207,119
2021-08-27,Fresno,019,978130,117860,114481,10270,124751,1774
2021-08-27,Glenn,021,27897,2875,2754,785,3539,20
2021-08-27,Humboldt,023,135768,7114,6782,232,7014,52
2021-08-27,Imperial,025,180216,30495,30201,2829,33030,750
2021-08-27,Inyo,027,18085,1552,1529,14,1543,39
2021-08-27,Kern,029,883053,109180,106570,14905,121475,1385
2021-08-27,Kings,031,150075,26778,25957,1399,27356,257
2021-08-27,Lake,033,64148,5446,5228,62,5290,74
2021-08-27,Lassen,035,31185,5773,5646,154,5800,21
2021-08-27,Los Angeles,037,10098052,1354630,1337006,49304,1386310,25230
2021-08-27,Madera,039,155013,19084,18476,1356,19832,247
2021-08-27,Marin,041,260295,16315,16055,348,16403,240
2021-08-27,Mariposa,043,17540,746,690,19,709,5
2021-08-27,Mendocino,045,87422,5872,5602,208,5810,55
2021-08-27,Merced,047,269075,35633,34906,1330,36236,495
2021-08-27,Modoc,049,8938,445,434,154,588,5
2021-08-27,Mono,051,14174,1408,1385,17,1402,3
2021-08-27,Monterey,053,433212,45975,45337,2303,47640,539
2021-08-27,Napa,055,140530,11630,11460,71,11531,87
2021-08-27,Nevada,057,99092,7547,7169,247,7416,82
2021-08-27,Orange,059,3164182,287488,283407,13195,296602,5206
2021-08-27,Placer,061,380077,31047,29157,2695,31852,320
2021-08-27,Plumas,063,18699,1038,984,17,1001,5
2021-08-27,Riverside,065,2383286,332180,325379,15232,340611,4622
2021-08-27,Sacramento,067,1510023,137108,131921,2964,134885,1838
2021-08-27,San Benito,069,59416,6701,6622,130,6752,64
2021-08-27,San Bernardino,071,2135413,327338,322893,10020,332913,5342
2021-08-27,San Diego,073,3302833,335570,330162,19655,349817,3877
2021-08-27,San Francisco,075,870044,47749,46456,1940,48396,581
2021-08-27,San Joaquin,077,732212,87830,84949,4526,89475,1524
2021-08-27,San Luis Obispo,079,281455,25814,24952,972,25924,280
2021-08-27,San Mateo,081,765935,49744,48424,706,49130,553
2021-08-27,Santa Barbara,083,443738,39671,38675,1339,40014,480
2021-08-27,Santa Clara,085,1922200,135341,132011,989,133000,1783
2021-08-27,Santa Cruz,087,273765,18562,18163,919,19082,210
2021-08-27,Shasta,089,179085,15650,14996,2258,17254,217
2021-08-27,Sierra,091,2930,111,91,13,104,0
2021-08-27,Siskiyou,093,43540,2535,2358,710,3068,33
2021-08-27,Solano,095,438530,41591,39347,1024,40371,287
2021-08-27,Sonoma,097,501317,37506,36326,446,36772,342
2021-08-27,Stanislaus,099,539301,66889,65167,7412,72579,1061
2021-08-27,Sutter,101,95872,11894,11590,148,11738,135
2021-08-27,Tehama,103,63373,6226,5964,849,6813,71
2021-08-27,Trinity,105,12862,625,458,154,612,3
2021-08-27,Tulare,107,460477,56493,54443,11132,65575,870
2021-08-27,Tuolumne,109,53932,5516,5438,61,5499,74
2021-08-27,Ventura,111,848112,90936,89774,3890,93664,1076
2021-08-27,Yolo,113,214977,17338,16805,719,17524,231
2021-08-27,Yuba,115,75493,8268,7926,176,8102,54
2021-08-26,Alameda,001,1643700,108846,106146,2422,108568,1296
2021-08-26,Alpine,003,1148,91,92,0,92,0
2021-08-26,Amador,005,37829,4567,4442,39,4481,53
2021-08-26,Butte,007,227075,15967,15159,2646,17805,214
2021-08-26,Calaveras,009,45235,3013,2873,19,2892,59
2021-08-26,Colusa,011,21464,2289,2234,482,2716,16
2021-08-26,Contra Costa,013,1133247,89616,85808,1746,87554,866
2021-08-26,Del Norte,015,27424,2868,2625,16,2641,8
2021-08-26,El Dorado,017,186661,13616,12863,1225,14088,118
2021-08-26,Fresno,019,978130,117359,113854,10217,124071,1770
2021-08-26,Glenn,021,27897,2857,2740,776,3516,20
2021-08-26,Humboldt,023,135768,7056,6695,222,6917,53
2021-08-26,Imperial,025,180216,30446,30121,2822,32943,748
2021-08-26,Inyo,027,18085,1542,1521,13,1534,39
2021-08-26,Kern,029,883053,108752,106051,14763,120814,1380
2021-08-26,Kings,031,150075,26655,25838,1391,27229,260
2021-08-26,Lake,033,64148,5400,5196,59,5255,74
2021-08-26,Lassen,035,31185,5761,5626,152,5778,21
2021-08-26,Los Angeles,037,10098052,1352354,1334372,49211,1383583,25199
2021-08-26,Madera,039,155013,19014,18393,1343,19736,247
2021-08-26,Marin,041,260295,16286,15983,345,16328,240
2021-08-26,Mariposa,043,17540,736,677,19,696,5
2021-08-26,Mendocino,045,87422,5834,5533,203,5736,55
2021-08-26,Merced,047,269075,35466,34755,1309,36064,495
2021-08-26,Modoc,049,8938,445,433,154,587,5
2021-08-26,Mono,051,14174,1404,1385,17,1402,3
2021-08-26,Monterey,053,433212,45902,45265,2292,47557,539
2021-08-26,Napa,055,140530,11608,11394,70,11464,87
2021-08-26,Nevada,057,99092,7489,7086,244,7330,80
2021-08-26,Orange,059,3164182,286996,282814,13171,295985,5200
2021-08-26,Placer,061,380077,30877,28898,2669,31567,319
2021-08-26,Plumas,063,18699,1031,971,16,987,5
2021-08-26,Riverside,065,2383286,331389,324486,15212,339698,4615
2021-08-26,Sacramento,067,1510023,136574,130977,2923,133900,1827
2021-08-26,San Benito,069,59416,6691,6604,130,6734,64
2021-08-26,San Bernardino,071,2135413,326681,322100,9997,332097,5339
2021-08-26,San Diego,073,3302833,334543,328276,19589,347865,3869
2021-08-26,San Francisco,075,870044,47622,46288,1935,48223,581
2021-08-26,San Joaquin,077,732212,87452,84429,4505,88934,1513
2021-08-26,San Luis Obispo,079,281455,25664,24831,965,25796,278
2021-08-26,San Mateo,081,765935,49616,48263,704,48967,553
2021-08-26,Santa Barbara,083,443738,39586,38566,1338,39904,479
2021-08-26,Santa Clara,085,1922200,135016,131443,985,132428,1782
2021-08-26,Santa Cruz,087,273765,18502,18072,917,18989,210
2021-08-26,Shasta,089,179085,15528,14891,2230,17121,217
2021-08-26,Sierra,091,2930,109,90,13,103,0
2021-08-26,Siskiyou,093,43540,2513,2342,697,3039,33
2021-08-26,Solano,095,438530,41442,39027,1016,40043,286
2021-08-26,Sonoma,097,501317,37417,36102,446,36548,337
2021-08-26,Stanislaus,099,539301,66589,64785,7371,72156,1061
2021-08-26,Sutter,101,95872,11834,11499,145,11644,135
2021-08-26,Tehama,103,63373,6168,5913,836,6749,68
2021-08-26,Trinity,105,12862,620,450,152,602,3
2021-08-26,Tulare,107,460477,56236,54157,11086,65243,870
2021-08-26,Tuolumne,109,53932,5496,5387,61,5448,74
2021-08-26,Ventura,111,848112,90750,89595,3881,93476,1080
2021-08-26,Yolo,113,214977,17273,16727,708,17435,231
2021-08-26,Yuba,115,75493,8195,7834,174,8008,54
2021-08-25,Alameda,001,1643700,108527,105636,2415,108051,1296
2021-08-25,Alpine,003,1148,91,92,0,92,0
2021-08-25,Amador,005,37829,4552,4415,39,4454,53
2021-08-25,Butte,007,227075,15859,15039,2605,17644,214
2021-08-25,Calaveras,009,45235,2994,2851,19,2870,59
2021-08-25,Colusa,011,21464,2282,2227,473,2700,16
2021-08-25,Contra Costa,013,1133247,89229,85322,1740,87062,863
2021-08-25,Del Norte,015,27424,2823,2573,16,2589,8
2021-08-25,El Dorado,017,186661,13556,12787,1210,13997,118
2021-08-25,Fresno,019,978130,116818,113384,10175,123559,1761
2021-08-25,Glenn,021,27897,2839,2728,761,3489,20
2021-08-25,Humboldt,023,135768,6987,6653,213,6866,52
2021-08-25,Imperial,025,180216,30409,30085,2816,32901,748
2021-08-25,Inyo,027,18085,1538,1518,13,1531,39
2021-08-25,Kern,029,883053,108321,105687,14608,120295,1379
2021-08-25,Kings,031,150075,26548,25676,1385,27061,258
2021-08-25,Lake,033,64148,5370,5163,56,5219,74
2021-08-25,Lassen,035,31185,5744,5583,151,5734,21
2021-08-25,Los Angeles,037,10098052,1349755,1331400,49113,1380513,25170
2021-08-25,Madera,039,155013,18950,18311,1321,19632,247
2021-08-25,Marin,041,260295,16264,15938,339,16277,240
2021-08-25,Mariposa,043,17540,730,676,19,695,5
2021-08-25,Mendocino,045,87422,5800,5486,197,5683,53
2021-08-25,Merced,047,269075,35334,34600,1296,35896,492
2021-08-25,Modoc,049,8938,445,433,154,587,5
2021-08-25,Mono,051,14174,1400,1382,17,1399,3
2021-08-25,Monterey,053,433212,45828,45196,2277,47473,539
2021-08-25,Napa,055,140530,11574,11348,69,11417,87
2021-08-25,Nevada,057,99092,7423,7000,243,7243,77
2021-08-25,Orange,059,3164182,286469,282061,13137,295198,5193
2021-08-25,Placer,061,380077,30701,28740,2637,31377,319
2021-08-25,Plumas,063,18699,1016,962,16,978,5
2021-08-25,Riverside,065,2383286,330545,323548,15190,338738,4610
2021-08-25,Sacramento,067,1510023,135894,130046,2885,132931,1827
2021-08-25,San Benito,069,59416,6670,6587,129,6716,64
2021-08-25,San Bernardino,071,2135413,325989,321228,9976,331204,5337
2021-08-25,San Diego,073,3302833,333275,327166,19504,346670,3859
2021-08-25,San Francisco,075,870044,47472,46107,1930,48037,578
2021-08-25,San Joaquin,077,732212,87068,84002,4488,88490,1510
2021-08-25,San Luis Obispo,079,281455,25472,24607,961,25568,276
2021-08-25,San Mateo,081,765935,49494,48153,701,48854,553
2021-08-25,Santa Barbara,083,443738,39457,38450,1338,39788,479
2021-08-25,Santa Clara,085,1922200,134648,130995,983,131978,1783
2021-08-25,Santa Cruz,087,273765,18442,17987,914,18901,210
2021-08-25,Shasta,089,179085,15402,14752,2198,16950,217
2021-08-25,Sierra,091,2930,106,90,13,103,0
2021-08-25,Siskiyou,093,43540,2468,2322,679,3001,33
2021-08-25,Solano,095,438530,41270,38848,1004,39852,286
2021-08-25,Sonoma,097,501317,37293,35986,443,36429,336
2021-08-25,Stanislaus,099,539301,66307,64441,7339,71780,1061
2021-08-25,Sutter,101,95872,11766,11451,141,11592,134
2021-08-25,Tehama,103,63373,6109,5861,819,6680,68
2021-08-25,Trinity,105,12862,614,450,151,601,3
2021-08-25,Tulare,107,460477,55952,53877,11016,64893,866
2021-08-25,Tuolumne,109,53932,5470,5354,61,5415,74
2021-08-25,Ventura,111,848112,90566,89379,3867,93246,1068
2021-08-25,Yolo,113,214977,17208,16667,698,17365,231
2021-08-25,Yuba,115,75493,8129,7771,173,7944,54
2021-08-24,Alameda,001,1643700,108217,105319,2403,107722,1296
2021-08-24,Alpine,003,1148,91,92,0,92,0
2021-08-24,Amador,005,37829,4533,4380,39,4419,50
2021-08-24,Butte,007,227075,15705,14964,2572,17536,214
2021-08-24,Calaveras,009,45235,2955,2811,19,2830,59
2021-08-24,Colusa,011,21464,2274,2221,468,2689,16
2021-08-24,Contra Costa,013,1133247,88866,84963,1735,86698,857
2021-08-24,Del Norte,015,27424,2796,2543,16,2559,8
2021-08-24,El Dorado,017,186661,13479,12732,1195,13927,118
2021-08-24,Fresno,019,978130,116211,113024,10112,123136,1761
2021-08-24,Glenn,021,27897,2824,2717,754,3471,20
2021-08-24,Humboldt,023,135768,6924,6585,200,6785,52
2021-08-24,Imperial,025,180216,30348,30045,2811,32856,748
2021-08-24,Inyo,027,18085,1533,1512,13,1525,39
2021-08-24,Kern,029,883053,107857,105399,14444,119843,1375
2021-08-24,Kings,031,150075,26427,25629,1370,26999,258
2021-08-24,Lake,033,64148,5335,5135,56,5191,72
2021-08-24,Lassen,035,31185,5728,5576,149,5725,21
2021-08-24,Los Angeles,037,10098052,1346890,1328777,49007,1377784,25135
2021-08-24,Madera,039,155013,18874,18251,1304,19555,247
2021-08-24,Marin,041,260295,16228,15900,335,16235,240
2021-08-24,Mariposa,043,17540,723,670,19,689,5
2021-08-24,Mendocino,045,87422,5757,5416,190,5606,52
2021-08-24,Merced,047,269075,35166,34490,1285,35775,491
2021-08-24,Modoc,049,8938,445,432,154,586,5
2021-08-24,Mono,051,14174,1398,1382,17,1399,3
2021-08-24,Monterey,053,433212,45762,45126,2260,47386,539
2021-08-24,Napa,055,140530,11541,11299,68,11367,85
2021-08-24,Nevada,057,99092,7353,6981,241,7222,77
2021-08-24,Orange,059,3164182,285869,281461,13113,294574,5187
2021-08-24,Placer,061,380077,30496,28618,2598,31216,318
2021-08-24,Plumas,063,18699,1006,953,16,969,5
2021-08-24,Riverside,065,2383286,329672,322620,15161,337781,4605
2021-08-24,Sacramento,067,1510023,135210,129542,2839,132381,1812
2021-08-24,San Benito,069,59416,6657,6576,129,6705,64
2021-08-24,San Bernardino,071,2135413,325233,320300,9946,330246,5328
2021-08-24,San Diego,073,3302833,331832,325823,19395,345218,3851
2021-08-24,San Francisco,075,870044,47297,46010,1920,47930,574
2021-08-24,San Joaquin,077,732212,86628,83684,4451,88135,1508
2021-08-24,San Luis Obispo,079,281455,25295,24443,950,25393,274
2021-08-24,San Mateo,081,765935,49345,48050,699,48749,553
2021-08-24,Santa Barbara,083,443738,39326,38307,1337,39644,478
2021-08-24,Santa Clara,085,1922200,134224,130763,979,131742,1779
2021-08-24,Santa Cruz,087,273765,18367,17928,908,18836,209
2021-08-24,Shasta,089,179085,15294,14664,2167,16831,217
2021-08-24,Sierra,091,2930,103,90,13,103,0
2021-08-24,Siskiyou,093,43540,2446,2294,664,2958,33
2021-08-24,Solano,095,438530,41061,38724,992,39716,283
2021-08-24,Sonoma,097,501317,37165,35849,441,36290,336
2021-08-24,Stanislaus,099,539301,65978,64195,7285,71480,1058
2021-08-24,Sutter,101,95872,11699,11384,138,11522,134
2021-08-24,Tehama,103,63373,6063,5826,805,6631,67
2021-08-24,Trinity,105,12862,603,446,143,589,3
2021-08-24,Tulare,107,460477,55601,53702,10926,64628,856
2021-08-24,Tuolumne,109,53932,5439,5287,61,5348,74
2021-08-24,Ventura,111,848112,90382,89167,3856,93023,1068
2021-08-24,Yolo,113,214977,17130,16492,685,17177,231
2021-08-24,Yuba,115,75493,8046,7723,171,7894,54
2021-08-23,Alameda,001,1643700,107810,104922,2390,107312,1294
2021-08-23,Alpine,003,1148,91,91,0,91,0
2021-08-23,Amador,005,37829,4519,4369,39,4408,50
2021-08-23,Butte,007,227075,15559,14847,2534,17381,211
2021-08-23,Calaveras,009,45235,2928,2803,19,2822,59
2021-08-23,Colusa,011,21464,2270,2206,465,2671,16
2021-08-23,Contra Costa,013,1133247,88488,84651,1728,86379,857
2021-08-23,Del Norte,015,27424,2750,2499,16,2515,8
2021-08-23,El Dorado,017,186661,13376,12684,1173,13857,118
2021-08-23,Fresno,019,978130,115650,112445,10062,122507,1759
2021-08-23,Glenn,021,27897,2808,2696,744,3440,20
2021-08-23,Humboldt,023,135768,6851,6498,186,6684,52
2021-08-23,Imperial,025,180216,30297,30011,2808,32819,748
2021-08-23,Inyo,027,18085,1526,1509,13,1522,39
2021-08-23,Kern,029,883053,107402,104995,14290,119285,1375
2021-08-23,Kings,031,150075,26296,25465,1364,26829,257
2021-08-23,Lake,033,64148,5295,5099,54,5153,69
2021-08-23,Lassen,035,31185,5716,5562,149,5711,21
2021-08-23,Los Angeles,037,10098052,1343919,1326412,48877,1375289,25096
2021-08-23,Madera,039,155013,18788,18155,1289,19444,246
2021-08-23,Marin,041,260295,16180,15856,331,16187,240
2021-08-23,Mariposa,043,17540,712,645,19,664,5
2021-08-23,Mendocino,045,87422,5690,5374,183,5557,51
2021-08-23,Merced,047,269075,34984,34322,1280,35602,488
2021-08-23,Modoc,049,8938,442,431,153,584,6
2021-08-23,Mono,051,14174,1394,1384,17,1401,3
2021-08-23,Monterey,053,433212,45662,45047,2250,47297,538
2021-08-23,Napa,055,140530,11503,11257,68,11325,85
2021-08-23,Nevada,057,99092,7272,6930,239,7169,77
2021-08-23,Orange,059,3164182,285236,280891,13079,293970,5181
2021-08-23,Placer,061,380077,30296,28540,2560,31100,314
2021-08-23,Plumas,063,18699,998,934,16,950,5
2021-08-23,Riverside,065,2383286,328759,321650,15135,336785,4598
2021-08-23,Sacramento,067,1510023,134422,128969,2772,131741,1807
2021-08-23,San Benito,069,59416,6639,6562,127,6689,64
2021-08-23,San Bernardino,071,2135413,324428,319577,9907,329484,5324
2021-08-23,San Diego,073,3302833,330399,324536,19272,343808,3848
2021-08-23,San Francisco,075,870044,47142,45945,1911,47856,573
2021-08-23,San Joaquin,077,732212,86195,83466,4418,87884,1499
2021-08-23,San Luis Obispo,079,281455,25112,24317,948,25265,274
2021-08-23,San Mateo,081,765935,49207,47935,696,48631,553
2021-08-23,Santa Barbara,083,443738,39147,38181,1335,39516,478
2021-08-23,Santa Clara,085,1922200,133824,130489,975,131464,1778
2021-08-23,Santa Cruz,087,273765,18310,17871,907,18778,209
2021-08-23,Shasta,089,179085,15167,14537,2129,16666,216
2021-08-23,Sierra,091,2930,103,90,13,103,0
2021-08-23,Siskiyou,093,43540,2425,2274,643,2917,33
2021-08-23,Solano,095,438530,40907,38612,983,39595,283
2021-08-23,Sonoma,097,501317,37045,35769,440,36209,336
2021-08-23,Stanislaus,099,539301,65644,63922,7246,71168,1058
2021-08-23,Sutter,101,95872,11610,11314,130,11444,133
2021-08-23,Tehama,103,63373,6009,5805,789,6594,67
2021-08-23,Trinity,105,12862,600,435,140,575,3
2021-08-23,Tulare,107,460477,55294,53370,10854,64224,856
2021-08-23,Tuolumne,109,53932,5397,5240,61,5301,73
2021-08-23,Ventura,111,848112,90164,88960,3844,92804,1063
2021-08-23,Yolo,113,214977,17042,16445,671,17116,226
2021-08-23,Yuba,115,75493,7975,7653,169,7822,54
2021-08-22,Alameda,001,1643700,107362,104539,2363,106902,1294
2021-08-22,Alpine,003,1148,91,91,0,91,0
2021-08-22,Amador,005,37829,4489,4349,39,4388,50
2021-08-22,Butte,007,227075,15419,14791,2500,17291,211
2021-08-22,Calaveras,009,45235,2890,2771,19,2790,59
2021-08-22,Colusa,011,21464,2262,2201,459,2660,16
2021-08-22,Contra Costa,013,1133247,87946,84371,1715,86086,857
2021-08-22,Del Norte,015,27424,2690,2455,16,2471,8
2021-08-22,El Dorado,017,186661,13272,12629,1153,13782,118
2021-08-22,Fresno,019,978130,115051,112057,9994,122051,1759
2021-08-22,Glenn,021,27897,2781,2678,731,3409,20
2021-08-22,Humboldt,023,135768,6773,6483,168,6651,52
2021-08-22,Imperial,025,180216,30239,29993,2803,32796,748
2021-08-22,Inyo,027,18085,1520,1505,13,1518,39
2021-08-22,Kern,029,883053,106876,104691,14138,118829,1375
2021-08-22,Kings,031,150075,26138,25391,1347,26738,257
2021-08-22,Lake,033,64148,5250,5069,51,5120,69
2021-08-22,Lassen,035,31185,5684,5556,145,5701,21
2021-08-22,Los Angeles,037,10098052,1340598,1324151,48748,1372899,25089
2021-08-22,Madera,039,155013,18669,18120,1275,19395,246
2021-08-22,Marin,041,260295,16128,15822,323,16145,240
2021-08-22,Mariposa,043,17540,702,638,17,655,5
2021-08-22,Mendocino,045,87422,5631,5336,183,5519,51
2021-08-22,Merced,047,269075,34781,34234,1267,35501,488
2021-08-22,Modoc,049,8938,440,431,153,584,6
2021-08-22,Mono,051,14174,1392,1378,17,1395,3
2021-08-22,Monterey,053,433212,45563,45017,2236,47253,538
2021-08-22,Napa,055,140530,11458,11231,68,11299,85
2021-08-22,Nevada,057,99092,7198,6864,237,7101,77
2021-08-22,Orange,059,3164182,284542,280390,13035,293425,5181
2021-08-22,Placer,061,380077,30088,28395,2524,30919,314
2021-08-22,Plumas,063,18699,980,923,15,938,5
2021-08-22,Riverside,065,2383286,327738,320836,15088,335924,4594
2021-08-22,Sacramento,067,1510023,133646,128231,2732,130963,1802
2021-08-22,San Benito,069,59416,6623,6550,127,6677,64
2021-08-22,San Bernardino,071,2135413,323460,318839,9872,328711,5324
2021-08-22,San Diego,073,3302833,329077,323591,19166,342757,3848
2021-08-22,San Francisco,075,870044,46976,45831,1902,47733,573
2021-08-22,San Joaquin,077,732212,85737,83121,4383,87504,1498
2021-08-22,San Luis Obispo,079,281455,24906,24250,941,25191,274
2021-08-22,San Mateo,081,765935,49031,47821,691,48512,553
2021-08-22,Santa Barbara,083,443738,38966,38099,1327,39426,478
2021-08-22,Santa Clara,085,1922200,133407,130189,968,131157,1778
2021-08-22,Santa Cruz,087,273765,18252,17823,902,18725,209
2021-08-22,Shasta,089,179085,15030,14478,2093,16571,216
2021-08-22,Sierra,091,2930,103,87,13,100,0
2021-08-22,Siskiyou,093,43540,2396,2261,625,2886,33
2021-08-22,Solano,095,438530,40709,38489,970,39459,283
2021-08-22,Sonoma,097,501317,36888,35676,438,36114,336
2021-08-22,Stanislaus,099,539301,65291,63683,7156,70839,1058
2021-08-22,Sutter,101,95872,11528,11251,126,11377,133
2021-08-22,Tehama,103,63373,5963,5791,770,6561,67
2021-08-22,Trinity,105,12862,593,433,138,571,3
2021-08-22,Tulare,107,460477,54975,53220,10771,63991,856
2021-08-22,Tuolumne,109,53932,5354,5214,61,5275,73
2021-08-22,Ventura,111,848112,89955,88791,3827,92618,1063
2021-08-22,Yolo,113,214977,16941,16374,663,17037,226
2021-08-22,Yuba,115,75493,7902,7626,168,7794,54
2021-08-21,Alameda,001,1643700,107161,104281,2357,106638,1294
2021-08-21,Alpine,003,1148,91,91,0,91,0
2021-08-21,Amador,005,37829,4479,4338,38,4376,50
2021-08-21,Butte,007,227075,15351,14714,2481,17195,211
2021-08-21,Calaveras,009,45235,2874,2744,19,2763,59
2021-08-21,Colusa,011,21464,2256,2192,455,2647,16
2021-08-21,Contra Costa,013,1133247,87687,84136,1707,85843,857
2021-08-21,Del Norte,015,27424,2667,2409,16,2425,8
2021-08-21,El Dorado,017,186661,13228,12590,1149,13739,118
2021-08-21,Fresno,019,978130,114851,111765,9982,121747,1759
2021-08-21,Glenn,021,27897,2768,2654,723,3377,20
2021-08-21,Humboldt,023,135768,6735,6446,163,6609,52
2021-08-21,Imperial,025,180216,30196,29976,2800,32776,748
2021-08-21,Inyo,027,18085,1517,1500,13,1513,39
2021-08-21,Kern,029,883053,106621,104443,14015,118458,1375
2021-08-21,Kings,031,150075,26067,25313,1342,26655,257
2021-08-21,Lake,033,64148,5230,5055,49,5104,69
2021-08-21,Lassen,035,31185,5670,5553,145,5698,21
2021-08-21,Los Angeles,037,10098052,1339300,1321308,48656,1369964,25080
2021-08-21,Madera,039,155013,18631,18067,1269,19336,246
2021-08-21,Marin,041,260295,16094,15775,321,16096,240
2021-08-21,Mariposa,043,17540,692,634,17,651,5
2021-08-21,Mendocino,045,87422,5585,5307,182,5489,51
2021-08-21,Merced,047,269075,34676,34148,1262,35410,488
2021-08-21,Modoc,049,8938,440,430,153,583,6
2021-08-21,Mono,051,14174,1392,1378,17,1395,3
2021-08-21,Monterey,053,433212,45516,44969,2229,47198,538
2021-08-21,Napa,055,140530,11423,11211,68,11279,85
2021-08-21,Nevada,057,99092,7154,6810,236,7046,77
2021-08-21,Orange,059,3164182,284090,279855,13001,292856,5181
2021-08-21,Placer,061,380077,29950,28289,2500,30789,314
2021-08-21,Plumas,063,18699,976,916,14,930,5
2021-08-21,Riverside,065,2383286,327158,320086,15075,335161,4594
2021-08-21,Sacramento,067,1510023,133151,127751,2721,130472,1809
2021-08-21,San Benito,069,59416,6613,6542,126,6668,64
2021-08-21,San Bernardino,071,2135413,323011,318293,9851,328144,5324
2021-08-21,San Diego,073,3302833,328421,322620,19117,341737,3848
2021-08-21,San Francisco,075,870044,46874,45637,1895,47532,573
2021-08-21,San Joaquin,077,732212,85520,82825,4367,87192,1498
2021-08-21,San Luis Obispo,079,281455,24848,24169,941,25110,273
2021-08-21,San Mateo,081,765935,48936,47685,691,48376,553
2021-08-21,Santa Barbara,083,443738,38884,37951,1323,39274,478
2021-08-21,Santa Clara,085,1922200,133142,129911,964,130875,1778
2021-08-21,Santa Cruz,087,273765,18215,17763,897,18660,209
2021-08-21,Shasta,089,179085,14956,14417,2079,16496,217
2021-08-21,Sierra,091,2930,98,85,13,98,0
2021-08-21,Siskiyou,093,43540,2382,2246,614,2860,33
2021-08-21,Solano,095,438530,40596,38423,960,39383,281
2021-08-21,Sonoma,097,501317,36801,35582,437,36019,336
2021-08-21,Stanislaus,099,539301,65109,63512,7139,70651,1058
2021-08-21,Sutter,101,95872,11483,11204,124,11328,133
2021-08-21,Tehama,103,63373,5938,5757,763,6520,67
2021-08-21,Trinity,105,12862,588,431,136,567,3
2021-08-21,Tulare,107,460477,54830,53045,10728,63773,857
2021-08-21,Tuolumne,109,53932,5323,5193,61,5254,73
2021-08-21,Ventura,111,848112,89810,88558,3812,92370,1063
2021-08-21,Yolo,113,214977,16896,16322,657,16979,226
2021-08-21,Yuba,115,75493,7856,7580,167,7747,54
2021-08-20,Alameda,001,1643700,106926,103812,2349,106161,1294
2021-08-20,Alpine,003,1148,91,91,0,91,0
2021-08-20,Amador,005,37829,4453,4323,38,4361,50
2021-08-20,Butte,007,227075,15278,14617,2459,17076,211
2021-08-20,Calaveras,009,45235,2854,2717,19,2736,59
2021-08-20,Colusa,011,21464,2251,2178,453,2631,16
2021-08-20,Contra Costa,013,1133247,87412,83721,1700,85421,857
2021-08-20,Del Norte,015,27424,2635,2316,16,2332,8
2021-08-20,El Dorado,017,186661,13190,12495,1141,13636,118
2021-08-20,Fresno,019,978130,114494,111315,9948,121263,1759
2021-08-20,Glenn,021,27897,2761,2642,713,3355,20
2021-08-20,Humboldt,023,135768,6683,6349,158,6507,52
2021-08-20,Imperial,025,180216,30173,29934,2800,32734,747
2021-08-20,Inyo,027,18085,1511,1495,13,1508,39
2021-08-20,Kern,029,883053,106337,104048,13889,117937,1373
2021-08-20,Kings,031,150075,26001,25241,1340,26581,256
2021-08-20,Lake,033,64148,5215,5024,46,5070,69
2021-08-20,Lassen,035,31185,5650,5539,145,5684,21
2021-08-20,Los Angeles,037,10098052,1337421,1317541,48555,1366096,25049
2021-08-20,Madera,039,155013,18582,18018,1254,19272,246
2021-08-20,Marin,041,260295,16076,15727,317,16044,240
2021-08-20,Mariposa,043,17540,687,630,17,647,5
2021-08-20,Mendocino,045,87422,5539,5241,181,5422,51
2021-08-20,Merced,047,269075,34612,34035,1252,35287,486
2021-08-20,Modoc,049,8938,440,429,153,582,6
2021-08-20,Mono,051,14174,1391,1368,17,1385,3
2021-08-20,Monterey,053,433212,45478,44890,2223,47113,538
2021-08-20,Napa,055,140530,11391,11152,68,11220,83
2021-08-20,Nevada,057,99092,7112,6753,230,6983,77
2021-08-20,Orange,059,3164182,283645,279193,12980,292173,5179
2021-08-20,Placer,061,380077,29855,28156,2471,30627,313
2021-08-20,Plumas,063,18699,966,908,14,922,5
2021-08-20,Riverside,065,2383286,326462,319072,15044,334116,4594
2021-08-20,Sacramento,067,1510023,132675,127226,2704,129930,1797
2021-08-20,San Benito,069,59416,6599,6508,126,6634,64
2021-08-20,San Bernardino,071,2135413,322399,317372,9822,327194,5322
2021-08-20,San Diego,073,3302833,327512,321102,19047,340149,3846
2021-08-20,San Francisco,075,870044,46777,45432,1880,47312,573
2021-08-20,San Joaquin,077,732212,85289,82419,4348,86767,1496
2021-08-20,San Luis Obispo,079,281455,24770,23986,937,24923,273
2021-08-20,San Mateo,081,765935,48823,47561,688,48249,551
2021-08-20,Santa Barbara,083,443738,38799,37794,1318,39112,477
2021-08-20,Santa Clara,085,1922200,132859,129510,959,130469,1774
2021-08-20,Santa Cruz,087,273765,18175,17701,894,18595,209
2021-08-20,Shasta,089,179085,14876,14277,2061,16338,215
2021-08-20,Sierra,091,2930,97,83,13,96,0
2021-08-20,Siskiyou,093,43540,2366,2226,609,2835,33
2021-08-20,Solano,095,438530,40455,38214,949,39163,277
2021-08-20,Sonoma,097,501317,36733,35416,436,35852,336
2021-08-20,Stanislaus,099,539301,64920,63219,7115,70334,1047
2021-08-20,Sutter,101,95872,11427,11136,123,11259,133
2021-08-20,Tehama,103,63373,5922,5730,751,6481,66
2021-08-20,Trinity,105,12862,588,422,135,557,3
2021-08-20,Tulare,107,460477,54700,52855,10685,63540,856
2021-08-20,Tuolumne,109,53932,5299,5153,60,5213,73
2021-08-20,Ventura,111,848112,89642,88285,3809,92094,1061
2021-08-20,Yolo,113,214977,16841,16236,651,16887,225
2021-08-20,Yuba,115,75493,7815,7523,167,7690,54
2021-08-19,Alameda,001,1643700,106480,103276,2327,105603,1294
2021-08-19,Alpine,003,1148,91,91,0,91,0
2021-08-19,Amador,005,37829,4446,4317,38,4355,50
2021-08-19,Butte,007,227075,15144,14518,2431,16949,211
2021-08-19,Calaveras,009,45235,2832,2673,19,2692,59
2021-08-19,Colusa,011,21464,2242,2167,448,2615,16
2021-08-19,Contra Costa,013,1133247,86974,83296,1687,84983,852
2021-08-19,Del Norte,015,27424,2585,2257,16,2273,8
2021-08-19,El Dorado,017,186661,13104,12410,1122,13532,118
2021-08-19,Fresno,019,978130,114055,110947,9894,120841,1759
2021-08-19,Glenn,021,27897,2743,2629,706,3335,20
2021-08-19,Humboldt,023,135768,6622,6246,152,6398,52
2021-08-19,Imperial,025,180216,30127,29865,2795,32660,747
2021-08-19,Inyo,027,18085,1504,1494,13,1507,39
2021-08-19,Kern,029,883053,105941,103731,13748,117479,1371
2021-08-19,Kings,031,150075,25870,25128,1328,26456,256
2021-08-19,Lake,033,64148,5183,4991,42,5033,69
2021-08-19,Lassen,035,31185,5632,5520,144,5664,21
2021-08-19,Los Angeles,037,10098052,1334436,1314453,48414,1362867,25020
2021-08-19,Madera,039,155013,18520,17947,1239,19186,246
2021-08-19,Marin,041,260295,16043,15672,314,15986,240
2021-08-19,Mariposa,043,17540,672,618,17,635,5
2021-08-19,Mendocino,045,87422,5506,5167,178,5345,51
2021-08-19,Merced,047,269075,34477,33851,1239,35090,486
2021-08-19,Modoc,049,8938,440,427,153,580,6
2021-08-19,Mono,051,14174,1387,1349,17,1366,3
2021-08-19,Monterey,053,433212,45405,44821,2213,47034,538
2021-08-19,Napa,055,140530,11339,11104,68,11172,83
2021-08-19,Nevada,057,99092,7048,6695,227,6922,77
2021-08-19,Orange,059,3164182,283007,278562,12929,291491,5172
2021-08-19,Placer,061,380077,29675,27953,2454,30407,313
2021-08-19,Plumas,063,18699,953,896,14,910,5
2021-08-19,Riverside,065,2383286,325430,318056,15015,333071,4589
2021-08-19,Sacramento,067,1510023,131971,126720,2669,129389,1801
2021-08-19,San Benito,069,59416,6582,6493,125,6618,64
2021-08-19,San Bernardino,071,2135413,321575,316398,9799,326197,5318
2021-08-19,San Diego,073,3302833,326261,319582,18949,338531,3839
2021-08-19,San Francisco,075,870044,46614,45220,1867,47087,571
2021-08-19,San Joaquin,077,732212,84840,82047,4299,86346,1491
2021-08-19,San Luis Obispo,079,281455,24632,23878,930,24808,271
2021-08-19,San Mateo,081,765935,48691,47431,687,48118,551
2021-08-19,Santa Barbara,083,443738,38654,37693,1315,39008,477
2021-08-19,Santa Clara,085,1922200,132469,129133,952,130085,1774
2021-08-19,Santa Cruz,087,273765,18112,17644,887,18531,209
2021-08-19,Shasta,089,179085,14752,14200,2038,16238,214
2021-08-19,Sierra,091,2930,93,83,13,96,0
2021-08-19,Siskiyou,093,43540,2351,2218,597,2815,33
2021-08-19,Solano,095,438530,40297,38025,938,38963,273
2021-08-19,Sonoma,097,501317,36645,35233,435,35668,336
2021-08-19,Stanislaus,099,539301,64576,62928,7071,69999,1047
2021-08-19,Sutter,101,95872,11342,11057,122,11179,133
2021-08-19,Tehama,103,63373,5886,5683,725,6408,66
2021-08-19,Trinity,105,12862,584,414,133,547,3
2021-08-19,Tulare,107,460477,54468,52685,10622,63307,856
2021-08-19,Tuolumne,109,53932,5263,5112,59,5171,64
2021-08-19,Ventura,111,848112,89439,88073,3795,91868,1060
2021-08-19,Yolo,113,214977,16756,16153,643,16796,225
2021-08-19,Yuba,115,75493,7762,7458,166,7624,51
2021-08-18,Alameda,001,1643700,106074,102696,2306,105002,1294
2021-08-18,Alpine,003,1148,90,91,0,91,0
2021-08-18,Amador,005,37829,4430,4279,37,4316,50
2021-08-18,Butte,007,227075,15034,14426,2403,16829,208
2021-08-18,Calaveras,009,45235,2795,2643,18,2661,59
2021-08-18,Colusa,011,21464,2234,2160,444,2604,16
2021-08-18,Contra Costa,013,1133247,86475,82767,1681,84448,851
2021-08-18,Del Norte,015,27424,2528,2219,16,2235,8
2021-08-18,El Dorado,017,186661,13014,12306,1108,13414,118
2021-08-18,Fresno,019,978130,113600,110523,9833,120356,1759
2021-08-18,Glenn,021,27897,2710,2623,698,3321,20
2021-08-18,Humboldt,023,135768,6551,6195,147,6342,52
2021-08-18,Imperial,025,180216,30094,29821,2793,32614,746
2021-08-18,Inyo,027,18085,1501,1494,13,1507,39
2021-08-18,Kern,029,883053,105594,103440,13654,117094,1370
2021-08-18,Kings,031,150075,25761,24984,1320,26304,256
2021-08-18,Lake,033,64148,5142,4957,41,4998,69
2021-08-18,Lassen,035,31185,5613,5506,143,5649,21
2021-08-18,Los Angeles,037,10098052,1331283,1311477,48282,1359759,24984
2021-08-18,Madera,039,155013,18461,17871,1226,19097,246
2021-08-18,Marin,041,260295,16005,15610,311,15921,240
2021-08-18,Mariposa,043,17540,659,615,16,631,5
2021-08-18,Mendocino,045,87422,5455,5129,176,5305,51
2021-08-18,Merced,047,269075,34313,33708,1228,34936,484
2021-08-18,Modoc,049,8938,440,427,152,579,6
2021-08-18,Mono,051,14174,1384,1344,17,1361,3
2021-08-18,Monterey,053,433212,45321,44735,2196,46931,532
2021-08-18,Napa,055,140530,11300,11060,67,11127,83
2021-08-18,Nevada,057,99092,6982,6633,227,6860,76
2021-08-18,Orange,059,3164182,282369,277795,12877,290672,5168
2021-08-18,Placer,061,380077,29448,27741,2426,30167,312
2021-08-18,Plumas,063,18699,944,874,14,888,5
2021-08-18,Riverside,065,2383286,324432,317107,14982,332089,4585
2021-08-18,Sacramento,067,1510023,131209,125599,2637,128236,1781
2021-08-18,San Benito,069,59416,6571,6481,124,6605,64
2021-08-18,San Bernardino,071,2135413,320776,315477,9780,325257,5304
2021-08-18,San Diego,073,3302833,324921,318152,18883,337035,3834
2021-08-18,San Francisco,075,870044,46412,44957,1858,46815,568
2021-08-18,San Joaquin,077,732212,84387,81601,4268,85869,1491
2021-08-18,San Luis Obispo,079,281455,24482,23726,917,24643,270
2021-08-18,San Mateo,081,765935,48527,47255,686,47941,551
2021-08-18,Santa Barbara,083,443738,38523,37599,1309,38908,475
2021-08-18,Santa Clara,085,1922200,132105,128563,949,129512,1773
2021-08-18,Santa Cruz,087,273765,18057,17566,883,18449,209
2021-08-18,Shasta,089,179085,14653,14087,2019,16106,213
2021-08-18,Sierra,091,2930,92,83,13,96,0
2021-08-18,Siskiyou,093,43540,2322,2204,585,2789,33
2021-08-18,Solano,095,438530,40091,37812,923,38735,271
2021-08-18,Sonoma,097,501317,36501,35063,434,35497,333
2021-08-18,Stanislaus,099,539301,64245,62613,7028,69641,1047
2021-08-18,Sutter,101,95872,11270,11004,117,11121,130
2021-08-18,Tehama,103,63373,5851,5653,715,6368,66
2021-08-18,Trinity,105,12862,577,409,130,539,3
2021-08-18,Tulare,107,460477,54228,52486,10553,63039,856
2021-08-18,Tuolumne,109,53932,5227,5081,57,5138,64
2021-08-18,Ventura,111,848112,89207,87835,3785,91620,1055
2021-08-18,Yolo,113,214977,16673,16047,625,16672,225
2021-08-18,Yuba,115,75493,7697,7391,166,7557,51
2021-08-17,Alameda,001,1643700,105675,102379,2291,104670,1290
2021-08-17,Alpine,003,1148,90,91,0,91,0
2021-08-17,Amador,005,37829,4401,4266,37,4303,50
2021-08-17,Butte,007,227075,14927,14357,2368,16725,206
2021-08-17,Calaveras,009,45235,2761,2624,18,2642,59
2021-08-17,Colusa,011,21464,2225,2156,440,2596,16
2021-08-17,Contra Costa,013,1133247,86028,82482,1671,84153,848
2021-08-17,Del Norte,015,27424,2474,2188,16,2204,8
2021-08-17,El Dorado,017,186661,12927,12242,1095,13337,118
2021-08-17,Fresno,019,978130,113116,110263,9770,120033,1755
2021-08-17,Glenn,021,27897,2696,2608,689,3297,20
2021-08-17,Humboldt,023,135768,6471,6155,145,6300,52
2021-08-17,Imperial,025,180216,30043,29768,2789,32557,746
2021-08-17,Inyo,027,18085,1498,1492,13,1505,39
2021-08-17,Kern,029,883053,105200,103048,13533,116581,1367
2021-08-17,Kings,031,150075,25656,24930,1309,26239,254
2021-08-17,Lake,033,64148,5099,4930,35,4965,68
2021-08-17,Lassen,035,31185,5596,5499,141,5640,21
2021-08-17,Los Angeles,037,10098052,1327716,1307999,48153,1356152,24952
2021-08-17,Madera,039,155013,18387,17838,1208,19046,246
2021-08-17,Marin,041,260295,15949,15570,311,15881,240
2021-08-17,Mariposa,043,17540,651,609,15,624,5
2021-08-17,Mendocino,045,87422,5400,5097,176,5273,51
2021-08-17,Merced,047,269075,34163,33508,1217,34725,482
2021-08-17,Modoc,049,8938,437,424,150,574,6
2021-08-17,Mono,051,14174,1379,1341,17,1358,3
2021-08-17,Monterey,053,433212,45237,44672,2186,46858,528
2021-08-17,Napa,055,140530,11259,11007,66,11073,83
2021-08-17,Nevada,057,99092,6907,6605,225,6830,75
2021-08-17,Orange,059,3164182,281723,277121,12841,289962,5164
2021-08-17,Placer,061,380077,29233,27634,2397,30031,312
2021-08-17,Plumas,063,18699,932,860,14,874,5
2021-08-17,Riverside,065,2383286,323419,316051,14939,330990,4582
2021-08-17,Sacramento,067,1510023,130415,125151,2595,127746,1774
2021-08-17,San Benito,069,59416,6552,6470,124,6594,64
2021-08-17,San Bernardino,071,2135413,319837,314402,9740,324142,5302
2021-08-17,San Diego,073,3302833,323311,317058,18785,335843,3824
2021-08-17,San Francisco,075,870044,46212,44820,1852,46672,567
2021-08-17,San Joaquin,077,732212,83919,81300,4234,85534,1489
2021-08-17,San Luis Obispo,079,281455,24326,23556,914,24470,268
2021-08-17,San Mateo,081,765935,48372,47127,681,47808,551
2021-08-17,Santa Barbara,083,443738,38364,37478,1302,38780,475
2021-08-17,Santa Clara,085,1922200,131702,128354,943,129297,1773
2021-08-17,Santa Cruz,087,273765,17972,17528,882,18410,209
2021-08-17,Shasta,089,179085,14522,14012,2000,16012,214
2021-08-17,Sierra,091,2930,91,82,13,95,0
2021-08-17,Siskiyou,093,43540,2306,2183,572,2755,33
2021-08-17,Solano,095,438530,39862,37662,910,38572,269
2021-08-17,Sonoma,097,501317,36353,34943,430,35373,333
2021-08-17,Stanislaus,099,539301,63904,62385,6969,69354,1047
2021-08-17,Sutter,101,95872,11198,10973,117,11090,130
2021-08-17,Tehama,103,63373,5817,5612,693,6305,66
2021-08-17,Trinity,105,12862,572,406,128,534,3
2021-08-17,Tulare,107,460477,53960,52362,10488,62850,856
2021-08-17,Tuolumne,109,53932,5184,5042,56,5098,64
2021-08-17,Ventura,111,848112,88969,87601,3764,91365,1053
2021-08-17,Yolo,113,214977,16584,15975,611,16586,225
2021-08-17,Yuba,115,75493,7626,7355,166,7521,51
2021-08-16,Alameda,001,1643700,105178,102052,2283,104335,1287
2021-08-16,Alpine,003,1148,90,91,0,91,0
2021-08-16,Amador,005,37829,4391,4235,37,4272,50
2021-08-16,Butte,007,227075,14807,14283,2332,16615,206
2021-08-16,Calaveras,009,45235,2701,2609,17,2626,57
2021-08-16,Colusa,011,21464,2214,2147,436,2583,16
2021-08-16,Contra Costa,013,1133247,85486,82070,1661,83731,848
2021-08-16,Del Norte,015,27424,2397,2125,16,2141,8
2021-08-16,El Dorado,017,186661,12826,12139,1082,13221,118
2021-08-16,Fresno,019,978130,112618,109623,9718,119341,1753
2021-08-16,Glenn,021,27897,2677,2593,683,3276,20
2021-08-16,Humboldt,023,135768,6400,6064,124,6188,52
2021-08-16,Imperial,025,180216,30002,29737,2775,32512,746
2021-08-16,Inyo,027,18085,1495,1490,13,1503,39
2021-08-16,Kern,029,883053,104825,102690,13417,116107,1367
2021-08-16,Kings,031,150075,25553,24817,1300,26117,254
2021-08-16,Lake,033,64148,5072,4898,34,4932,68
2021-08-16,Lassen,035,31185,5580,5481,133,5614,21
2021-08-16,Los Angeles,037,10098052,1324335,1305330,48011,1353341,24923
2021-08-16,Madera,039,155013,18312,17756,1187,18943,246
2021-08-16,Marin,041,260295,15890,15497,310,15807,239
2021-08-16,Mariposa,043,17540,634,597,15,612,5
2021-08-16,Mendocino,045,87422,5344,5037,174,5211,49
2021-08-16,Merced,047,269075,33962,33364,1204,34568,481
2021-08-16,Modoc,049,8938,435,421,149,570,5
2021-08-16,Mono,051,14174,1374,1339,17,1356,3
2021-08-16,Monterey,053,433212,45158,44595,2174,46769,527
2021-08-16,Napa,055,140530,11230,10946,66,11012,83
2021-08-16,Nevada,057,99092,6852,6535,224,6759,74
2021-08-16,Orange,059,3164182,280929,275985,12795,288780,5161
2021-08-16,Placer,061,380077,29050,27384,2365,29749,306
2021-08-16,Plumas,063,18699,921,851,14,865,5
2021-08-16,Riverside,065,2383286,322323,314774,14902,329676,4582
2021-08-16,Sacramento,067,1510023,129604,124554,2552,127106,1762
2021-08-16,San Benito,069,59416,6528,6452,124,6576,64
2021-08-16,San Bernardino,071,2135413,318870,313617,9713,323330,5301
2021-08-16,San Diego,073,3302833,321713,315348,18645,333993,3824
2021-08-16,San Francisco,075,870044,46008,44681,1845,46526,567
2021-08-16,San Joaquin,077,732212,83415,81087,4206,85293,1488
2021-08-16,San Luis Obispo,079,281455,24176,23452,906,24358,265
2021-08-16,San Mateo,081,765935,48189,47024,675,47699,548
2021-08-16,Santa Barbara,083,443738,38194,37358,1297,38655,475
2021-08-16,Santa Clara,085,1922200,131238,127978,939,128917,1773
2021-08-16,Santa Cruz,087,273765,17908,17491,876,18367,209
2021-08-16,Shasta,089,179085,14433,13862,1984,15846,211
2021-08-16,Sierra,091,2930,88,82,13,95,0
2021-08-16,Siskiyou,093,43540,2289,2169,552,2721,33
2021-08-16,Solano,095,438530,39580,37436,898,38334,263
2021-08-16,Sonoma,097,501317,36185,34844,427,35271,333
2021-08-16,Stanislaus,099,539301,63565,62033,6917,68950,1039
2021-08-16,Sutter,101,95872,11129,10902,116,11018,130
2021-08-16,Tehama,103,63373,5754,5565,688,6253,66
2021-08-16,Trinity,105,12862,566,400,127,527,3
2021-08-16,Tulare,107,460477,53717,52162,10420,62582,856
2021-08-16,Tuolumne,109,53932,5145,4984,55,5039,64
2021-08-16,Ventura,111,848112,88724,86954,3746,90700,1052
2021-08-16,Yolo,113,214977,16484,15922,603,16525,225
2021-08-16,Yuba,115,75493,7542,7314,165,7479,51
2021-08-15,Alameda,001,1643700,104694,101660,2266,103926,1287
2021-08-15,Alpine,003,1148,90,91,0,91,0
2021-08-15,Amador,005,37829,4363,4231,37,4268,49
2021-08-15,Butte,007,227075,14682,14263,2309,16572,206
2021-08-15,Calaveras,009,45235,2659,2599,17,2616,57
2021-08-15,Colusa,011,21464,2202,2140,426,2566,16
2021-08-15,Contra Costa,013,1133247,85003,81781,1646,83427,848
2021-08-15,Del Norte,015,27424,2330,2060,16,2076,8
2021-08-15,El Dorado,017,186661,12691,12057,1065,13122,118
2021-08-15,Fresno,019,978130,112139,109382,9652,119034,1753
2021-08-15,Glenn,021,27897,2654,2592,671,3263,20
2021-08-15,Humboldt,023,135768,6326,6024,118,6142,52
2021-08-15,Imperial,025,180216,29936,29711,2771,32482,746
2021-08-15,Inyo,027,18085,1494,1489,13,1502,39
2021-08-15,Kern,029,883053,104381,102524,13305,115829,1367
2021-08-15,Kings,031,150075,25408,24736,1290,26026,254
2021-08-15,Lake,033,64148,5013,4886,33,4919,68
2021-08-15,Lassen,035,31185,5563,5482,132,5614,21
2021-08-15,Los Angeles,037,10098052,1320797,1302882,47842,1350724,24918
2021-08-15,Madera,039,155013,18224,17714,1171,18885,246
2021-08-15,Marin,041,260295,15831,15461,308,15769,239
2021-08-15,Mariposa,043,17540,627,591,14,605,5
2021-08-15,Mendocino,045,87422,5287,5022,168,5190,49
2021-08-15,Merced,047,269075,33718,33305,1193,34498,481
2021-08-15,Modoc,049,8938,433,421,149,570,5
2021-08-15,Mono,051,14174,1370,1334,17,1351,3
2021-08-15,Monterey,053,433212,45036,44567,2153,46720,527
2021-08-15,Napa,055,140530,11175,10919,66,10985,83
2021-08-15,Nevada,057,99092,6767,6486,224,6710,74
2021-08-15,Orange,059,3164182,280159,275447,12755,288202,5161
2021-08-15,Placer,061,380077,28828,27220,2317,29537,306
2021-08-15,Plumas,063,18699,909,850,14,864,5
2021-08-15,Riverside,065,2383286,321184,314133,14875,329008,4582
2021-08-15,Sacramento,067,1510023,128788,123924,2520,126444,1761
2021-08-15,San Benito,069,59416,6510,6446,123,6569,64
2021-08-15,San Bernardino,071,2135413,317798,313120,9682,322802,5301
2021-08-15,San Diego,073,3302833,320241,314247,18518,332765,3824
2021-08-15,San Francisco,075,870044,45784,44531,1830,46361,567
2021-08-15,San Joaquin,077,732212,82927,80832,4167,84999,1488
2021-08-15,San Luis Obispo,079,281455,23980,23404,896,24300,265
2021-08-15,San Mateo,081,765935,48002,46897,669,47566,548
2021-08-15,Santa Barbara,083,443738,38022,37276,1290,38566,475
2021-08-15,Santa Clara,085,1922200,130805,127715,933,128648,1773
2021-08-15,Santa Cruz,087,273765,17838,17440,869,18309,209
2021-08-15,Shasta,089,179085,14330,13835,1959,15794,211
2021-08-15,Sierra,091,2930,87,82,12,94,0
2021-08-15,Siskiyou,093,43540,2268,2169,538,2707,33
2021-08-15,Solano,095,438530,39324,37320,887,38207,263
2021-08-15,Sonoma,097,501317,35989,34706,419,35125,333
2021-08-15,Stanislaus,099,539301,63196,61795,6840,68635,1039
2021-08-15,Sutter,101,95872,11038,10863,116,10979,130
2021-08-15,Tehama,103,63373,5705,5550,682,6232,66
2021-08-15,Trinity,105,12862,562,400,126,526,3
2021-08-15,Tulare,107,460477,53461,52046,10361,62407,856
2021-08-15,Tuolumne,109,53932,5107,4934,53,4987,64
2021-08-15,Ventura,111,848112,88419,86797,3732,90529,1052
2021-08-15,Yolo,113,214977,16387,15873,593,16466,225
2021-08-15,Yuba,115,75493,7465,7265,164,7429,51
2021-08-14,Alameda,001,1643700,104477,101305,2262,103567,1287
2021-08-14,Alpine,003,1148,90,91,0,91,0
2021-08-14,Amador,005,37829,4345,4206,37,4243,49
2021-08-14,Butte,007,227075,14646,14192,2293,16485,206
2021-08-14,Calaveras,009,45235,2652,2579,17,2596,57
2021-08-14,Colusa,011,21464,2191,2134,422,2556,16
2021-08-14,Contra Costa,013,1133247,84755,81458,1638,83096,848
2021-08-14,Del Norte,015,27424,2303,2015,16,2031,8
2021-08-14,El Dorado,017,186661,12655,12019,1057,13076,118
2021-08-14,Fresno,019,978130,111977,109056,9622,118678,1753
2021-08-14,Glenn,021,27897,2643,2583,668,3251,20
2021-08-14,Humboldt,023,135768,6273,5998,115,6113,52
2021-08-14,Imperial,025,180216,29909,29671,2771,32442,746
2021-08-14,Inyo,027,18085,1492,1487,13,1500,39
2021-08-14,Kern,029,883053,104186,102306,13209,115515,1367
2021-08-14,Kings,031,150075,25310,24647,1282,25929,254
2021-08-14,Lake,033,64148,4996,4850,32,4882,68
2021-08-14,Lassen,035,31185,5556,5475,131,5606,21
2021-08-14,Los Angeles,037,10098052,1319025,1299346,47704,1347050,24911
2021-08-14,Madera,039,155013,18177,17691,1166,18857,246
2021-08-14,Marin,041,260295,15797,15441,308,15749,239
2021-08-14,Mariposa,043,17540,623,584,14,598,5
2021-08-14,Mendocino,045,87422,5251,4977,165,5142,49
2021-08-14,Merced,047,269075,33654,33234,1187,34421,481
2021-08-14,Modoc,049,8938,433,421,149,570,5
2021-08-14,Mono,051,14174,1365,1332,17,1349,3
2021-08-14,Monterey,053,433212,44991,44514,2150,46664,527
2021-08-14,Napa,055,140530,11145,10878,65,10943,83
2021-08-14,Nevada,057,99092,6732,6419,223,6642,74
2021-08-14,Orange,059,3164182,279725,274732,12728,287460,5161
2021-08-14,Placer,061,380077,28682,27115,2293,29408,306
2021-08-14,Plumas,063,18699,899,849,14,863,5
2021-08-14,Riverside,065,2383286,320468,313264,14854,328118,4582
2021-08-14,Sacramento,067,1510023,128294,123438,2502,125940,1758
2021-08-14,San Benito,069,59416,6497,6428,123,6551,64
2021-08-14,San Bernardino,071,2135413,317247,312142,9661,321803,5301
2021-08-14,San Diego,073,3302833,319570,313589,18450,332039,3824
2021-08-14,San Francisco,075,870044,45655,44353,1811,46164,567
2021-08-14,San Joaquin,077,732212,82711,80585,4152,84737,1488
2021-08-14,San Luis Obispo,079,281455,23919,23328,893,24221,265
2021-08-14,San Mateo,081,765935,47883,46792,665,47457,548
2021-08-14,Santa Barbara,083,443738,37928,37118,1288,38406,475
2021-08-14,Santa Clara,085,1922200,130526,127432,930,128362,1772
2021-08-14,Santa Cruz,087,273765,17799,17384,868,18252,209
2021-08-14,Shasta,089,179085,14255,13813,1938,15751,211
2021-08-14,Sierra,091,2930,86,81,12,93,0
2021-08-14,Siskiyou,093,43540,2258,2160,528,2688,33
2021-08-14,Solano,095,438530,39237,37237,875,38112,263
2021-08-14,Sonoma,097,501317,35866,34606,417,35023,333
2021-08-14,Stanislaus,099,539301,63020,61564,6796,68360,1039
2021-08-14,Sutter,101,95872,10993,10808,115,10923,130
2021-08-14,Tehama,103,63373,5681,5530,678,6208,66
2021-08-14,Trinity,105,12862,556,399,126,525,3
2021-08-14,Tulare,107,460477,53325,51951,10316,62267,856
2021-08-14,Tuolumne,109,53932,5072,4924,53,4977,64
2021-08-14,Ventura,111,848112,88263,86569,3712,90281,1052
2021-08-14,Yolo,113,214977,16342,15815,584,16399,225
2021-08-14,Yuba,115,75493,7416,7223,164,7387,51
2021-08-13,Alameda,001,1643700,104181,100930,2254,103184,1284
2021-08-13,Alpine,003,1148,90,91,0,91,0
2021-08-13,Amador,005,37829,4317,4169,37,4206,49
2021-08-13,Butte,007,227075,14576,14100,2277,16377,206
2021-08-13,Calaveras,009,45235,2646,2564,17,2581,57
2021-08-13,Colusa,011,21464,2184,2123,417,2540,16
2021-08-13,Contra Costa,013,1133247,84444,81046,1631,82677,848
2021-08-13,Del Norte,015,27424,2262,1973,16,1989,8
2021-08-13,El Dorado,017,186661,12615,11951,1045,12996,118
2021-08-13,Fresno,019,978130,111685,108638,9597,118235,1753
2021-08-13,Glenn,021,27897,2632,2574,665,3239,20
2021-08-13,Humboldt,023,135768,6226,5882,112,5994,52
2021-08-13,Imperial,025,180216,29882,29654,2770,32424,745
2021-08-13,Inyo,027,18085,1491,1484,13,1497,39
2021-08-13,Kern,029,883053,103977,102029,13100,115129,1364
2021-08-13,Kings,031,150075,25225,24531,1275,25806,253
2021-08-13,Lake,033,64148,4973,4811,31,4842,68
2021-08-13,Lassen,035,31185,5548,5455,130,5585,21
2021-08-13,Los Angeles,037,10098052,1316702,1295406,47566,1342972,24891
2021-08-13,Madera,039,155013,18128,17614,1157,18771,246
2021-08-13,Marin,041,260295,15766,15380,308,15688,239
2021-08-13,Mariposa,043,17540,617,577,14,591,5
2021-08-13,Mendocino,045,87422,5198,4924,163,5087,49
2021-08-13,Merced,047,269075,33607,33111,1181,34292,480
2021-08-13,Modoc,049,8938,432,421,148,569,5
2021-08-13,Mono,051,14174,1362,1331,17,1348,3
2021-08-13,Monterey,053,433212,44931,44450,2148,46598,527
2021-08-13,Napa,055,140530,11109,10830,65,10895,83
2021-08-13,Nevada,057,99092,6691,6356,222,6578,74
2021-08-13,Orange,059,3164182,279231,274004,12679,286683,5159
2021-08-13,Placer,061,380077,28581,26987,2266,29253,306
2021-08-13,Plumas,063,18699,885,842,14,856,5
2021-08-13,Riverside,065,2383286,319728,312408,14829,327237,4581
2021-08-13,Sacramento,067,1510023,127824,122868,2477,125345,1758
2021-08-13,San Benito,069,59416,6491,6422,121,6543,64
2021-08-13,San Bernardino,071,2135413,316579,311378,9642,321020,5301
2021-08-13,San Diego,073,3302833,318524,312293,18371,330664,3821
2021-08-13,San Francisco,075,870044,45519,44196,1788,45984,567
2021-08-13,San Joaquin,077,732212,82494,80232,4136,84368,1481
2021-08-13,San Luis Obispo,079,281455,23856,23226,890,24116,265
2021-08-13,San Mateo,081,765935,47764,46660,664,47324,548
2021-08-13,Santa Barbara,083,443738,37843,37023,1284,38307,474
2021-08-13,Santa Clara,085,1922200,130239,126958,924,127882,1769
2021-08-13,Santa Cruz,087,273765,17759,17332,861,18193,209
2021-08-13,Shasta,089,179085,14192,13698,1924,15622,211
2021-08-13,Sierra,091,2930,85,81,12,93,0
2021-08-13,Siskiyou,093,43540,2249,2147,524,2671,33
2021-08-13,Solano,095,438530,39103,37104,867,37971,264
2021-08-13,Sonoma,097,501317,35761,34464,417,34881,333
2021-08-13,Stanislaus,099,539301,62848,61294,6755,68049,1039
2021-08-13,Sutter,101,95872,10949,10751,114,10865,130
2021-08-13,Tehama,103,63373,5657,5496,676,6172,66
2021-08-13,Trinity,105,12862,552,392,126,518,3
2021-08-13,Tulare,107,460477,53221,51770,10243,62013,856
2021-08-13,Tuolumne,109,53932,5039,4899,52,4951,64
2021-08-13,Ventura,111,848112,88105,86368,3699,90067,1052
2021-08-13,Yolo,113,214977,16288,15761,574,16335,225
2021-08-13,Yuba,115,75493,7378,7184,164,7348,51
2021-08-12,Alameda,001,1643700,103690,100472,2241,102713,1284
2021-08-12,Alpine,003,1148,90,91,0,91,0
2021-08-12,Amador,005,37829,4287,4161,36,4197,49
2021-08-12,Butte,007,227075,14506,14006,2259,16265,206
2021-08-12,Calaveras,009,45235,2630,2531,17,2548,57
2021-08-12,Colusa,011,21464,2179,2111,416,2527,17
2021-08-12,Contra Costa,013,1133247,83961,80738,1616,82354,846
2021-08-12,Del Norte,015,27424,2190,1923,16,1939,8
2021-08-12,El Dorado,017,186661,12501,11880,1036,12916,118
2021-08-12,Fresno,019,978130,111263,108193,9529,117722,1753
2021-08-12,Glenn,021,27897,2624,2559,653,3212,20
2021-08-12,Humboldt,023,135768,6157,5845,108,5953,52
2021-08-12,Imperial,025,180216,29826,29585,2764,32349,745
2021-08-12,Inyo,027,18085,1489,1483,13,1496,39
2021-08-12,Kern,029,883053,103688,101698,13021,114719,1364
2021-08-12,Kings,031,150075,25125,24423,1267,25690,252
2021-08-12,Lake,033,64148,4947,4774,31,4805,68
2021-08-12,Lassen,035,31185,5526,5428,129,5557,21
2021-08-12,Los Angeles,037,10098052,1313511,1291875,47431,1339306,24874
2021-08-12,Madera,039,155013,18064,17564,1145,18709,246
2021-08-12,Marin,041,260295,15717,15277,305,15582,239
2021-08-12,Mariposa,043,17540,608,568,13,581,5
2021-08-12,Mendocino,045,87422,5168,4873,157,5030,49
2021-08-12,Merced,047,269075,33483,32960,1174,34134,480
2021-08-12,Modoc,049,8938,431,423,148,571,5
2021-08-12,Mono,051,14174,1357,1325,17,1342,3
2021-08-12,Monterey,053,433212,44855,44383,2133,46516,527
2021-08-12,Napa,055,140530,11060,10780,64,10844,83
2021-08-12,Nevada,057,99092,6630,6283,222,6505,74
2021-08-12,Orange,059,3164182,278553,273167,12621,285788,5158
2021-08-12,Placer,061,380077,28382,26856,2243,29099,306
2021-08-12,Plumas,063,18699,877,829,14,843,5
2021-08-12,Riverside,065,2383286,318719,311304,14797,326101,4575
2021-08-12,Sacramento,067,1510023,127053,122222,2447,124669,1758
2021-08-12,San Benito,069,59416,6474,6398,119,6517,64
2021-08-12,San Bernardino,071,2135413,315705,310420,9612,320032,5297
2021-08-12,San Diego,073,3302833,317154,310596,18282,328878,3821
2021-08-12,San Francisco,075,870044,45312,43774,1775,45549,564
2021-08-12,San Joaquin,077,732212,82099,79945,4112,84057,1479
2021-08-12,San Luis Obispo,079,281455,23756,23101,877,23978,264
2021-08-12,San Mateo,081,765935,47620,46435,661,47096,548
2021-08-12,Santa Barbara,083,443738,37706,36881,1276,38157,473
2021-08-12,Santa Clara,085,1922200,129790,126614,918,127532,1769
2021-08-12,Santa Cruz,087,273765,17695,17261,860,18121,209
2021-08-12,Shasta,089,179085,14106,13621,1897,15518,211
2021-08-12,Sierra,091,2930,85,81,12,93,0
2021-08-12,Siskiyou,093,43540,2242,2134,515,2649,33
2021-08-12,Solano,095,438530,38874,36980,858,37838,262
2021-08-12,Sonoma,097,501317,35613,34299,414,34713,333
2021-08-12,Stanislaus,099,539301,62583,61026,6696,67722,1039
2021-08-12,Sutter,101,95872,10888,10695,112,10807,130
2021-08-12,Tehama,103,63373,5627,5462,667,6129,66
2021-08-12,Trinity,105,12862,548,386,125,511,3
2021-08-12,Tulare,107,460477,53076,51632,10194,61826,856
2021-08-12,Tuolumne,109,53932,4992,4845,50,4895,64
2021-08-12,Ventura,111,848112,87868,86106,3675,89781,1052
2021-08-12,Yolo,113,214977,16216,15686,560,16246,224
2021-08-12,Yuba,115,75493,7330,7128,163,7291,51
2021-08-11,Alameda,001,1643700,103179,100040,2238,102278,1281
2021-08-11,Alpine,003,1148,90,91,0,91,0
2021-08-11,Amador,005,37829,4263,4127,36,4163,49
2021-08-11,Butte,007,227075,14405,13905,2234,16139,206
2021-08-11,Calaveras,009,45235,2608,2505,17,2522,57
2021-08-11,Colusa,011,21464,2169,2101,414,2515,16
2021-08-11,Contra Costa,013,1133247,83461,80275,1598,81873,843
2021-08-11,Del Norte,015,27424,2131,1893,16,1909,8
2021-08-11,El Dorado,017,186661,12390,11799,1024,12823,119
2021-08-11,Fresno,019,978130,110809,107773,9483,117256,1751
2021-08-11,Glenn,021,27897,2615,2547,643,3190,20
2021-08-11,Humboldt,023,135768,6110,5765,107,5872,52
2021-08-11,Imperial,025,180216,29783,29565,2760,32325,745
2021-08-11,Inyo,027,18085,1489,1483,13,1496,39
2021-08-11,Kern,029,883053,103374,101448,12914,114362,1363
2021-08-11,Kings,031,150075,25012,24304,1258,25562,250
2021-08-11,Lake,033,64148,4910,4713,30,4743,68
2021-08-11,Lassen,035,31185,5517,5408,127,5535,21
2021-08-11,Los Angeles,037,10098052,1310183,1288238,47245,1335483,24851
2021-08-11,Madera,039,155013,18014,17511,1134,18645,245
2021-08-11,Marin,041,260295,15668,15235,305,15540,239
2021-08-11,Mariposa,043,17540,598,554,12,566,5
2021-08-11,Mendocino,045,87422,5099,4796,148,4944,49
2021-08-11,Merced,047,269075,33350,32802,1170,33972,479
2021-08-11,Modoc,049,8938,431,421,148,569,5
2021-08-11,Mono,051,14174,1352,1320,17,1337,3
2021-08-11,Monterey,053,433212,44756,44314,2115,46429,527
2021-08-11,Napa,055,140530,11019,10732,64,10796,83
2021-08-11,Nevada,057,99092,6577,6172,219,6391,74
2021-08-11,Orange,059,3164182,277696,272212,12576,284788,5155
2021-08-11,Placer,061,380077,28170,26687,2217,28904,305
2021-08-11,Plumas,063,18699,868,824,14,838,5
2021-08-11,Riverside,065,2383286,317726,310265,14762,325027,4570
2021-08-11,Sacramento,067,1510023,126260,121603,2408,124011,1757
2021-08-11,San Benito,069,59416,6461,6381,119,6500,64
2021-08-11,San Bernardino,071,2135413,314812,309498,9593,319091,5296
2021-08-11,San Diego,073,3302833,315684,309406,18178,327584,3818
2021-08-11,San Francisco,075,870044,45087,43555,1767,45322,564
2021-08-11,San Joaquin,077,732212,81692,79641,4085,83726,1478
2021-08-11,San Luis Obispo,079,281455,23652,22920,870,23790,264
2021-08-11,San Mateo,081,765935,47452,46300,658,46958,548
2021-08-11,Santa Barbara,083,443738,37543,36699,1268,37967,472
2021-08-11,Santa Clara,085,1922200,129309,126301,910,127211,1769
2021-08-11,Santa Cruz,087,273765,17630,17191,857,18048,209
2021-08-11,Shasta,089,179085,14032,13546,1882,15428,211
2021-08-11,Sierra,091,2930,84,81,12,93,0
2021-08-11,Siskiyou,093,43540,2228,2124,508,2632,33
2021-08-11,Solano,095,438530,38639,36862,844,37706,262
2021-08-11,Sonoma,097,501317,35434,34188,409,34597,333
2021-08-11,Stanislaus,099,539301,62252,60767,6666,67433,1037
2021-08-11,Sutter,101,95872,10816,10628,112,10740,130
2021-08-11,Tehama,103,63373,5598,5410,651,6061,66
2021-08-11,Trinity,105,12862,546,385,125,510,3
2021-08-11,Tulare,107,460477,52908,51464,10149,61613,854
2021-08-11,Tuolumne,109,53932,4960,4794,50,4844,64
2021-08-11,Ventura,111,848112,87616,85863,3654,89517,1051
2021-08-11,Yolo,113,214977,16141,15593,544,16137,218
2021-08-11,Yuba,115,75493,7271,7063,162,7225,53
2021-08-10,Alameda,001,1643700,102706,99771,2231,102002,1281
2021-08-10,Alpine,003,1148,90,91,0,91,0
2021-08-10,Amador,005,37829,4247,4093,36,4129,49
2021-08-10,Butte,007,227075,14321,13853,2213,16066,205
2021-08-10,Calaveras,009,45235,2584,2491,15,2506,57
2021-08-10,Colusa,011,21464,2156,2088,405,2493,16
2021-08-10,Contra Costa,013,1133247,82917,80018,1588,81606,840
2021-08-10,Del Norte,015,27424,2087,1870,16,1886,8
2021-08-10,El Dorado,017,186661,12289,11734,1012,12746,117
2021-08-10,Fresno,019,978130,110353,107616,9428,117044,1747
2021-08-10,Glenn,021,27897,2602,2538,633,3171,20
2021-08-10,Humboldt,023,135768,6056,5718,104,5822,52
2021-08-10,Imperial,025,180216,29748,29522,2753,32275,745
2021-08-10,Inyo,027,18085,1489,1482,13,1495,39
2021-08-10,Kern,029,883053,103046,101254,12818,114072,1359
2021-08-10,Kings,031,150075,24886,24252,1242,25494,251
2021-08-10,Lake,033,64148,4869,4700,30,4730,67
2021-08-10,Lassen,035,31185,5499,5401,127,5528,21
2021-08-10,Los Angeles,037,10098052,1306427,1285140,47080,1332220,24821
2021-08-10,Madera,039,155013,17941,17481,1124,18605,245
2021-08-10,Marin,041,260295,15621,15194,305,15499,239
2021-08-10,Mariposa,043,17540,585,550,12,562,5
2021-08-10,Mendocino,045,87422,5054,4775,144,4919,49
2021-08-10,Merced,047,269075,33203,32721,1161,33882,477
2021-08-10,Modoc,049,8938,430,421,148,569,5
2021-08-10,Mono,051,14174,1347,1320,17,1337,3
2021-08-10,Monterey,053,433212,44694,44259,2100,46359,527
2021-08-10,Napa,055,140530,10963,10703,63,10766,83
2021-08-10,Nevada,057,99092,6512,6151,218,6369,73
2021-08-10,Orange,059,3164182,276816,271688,12529,284217,5155
2021-08-10,Placer,061,380077,27951,26561,2175,28736,305
2021-08-10,Plumas,063,18699,859,816,14,830,5
2021-08-10,Riverside,065,2383286,316611,309529,14736,324265,4564
2021-08-10,Sacramento,067,1510023,125407,121159,2377,123536,1755
2021-08-10,San Benito,069,59416,6447,6371,119,6490,64
2021-08-10,San Bernardino,071,2135413,313887,308672,9575,318247,5295
2021-08-10,San Diego,073,3302833,314042,308288,18086,326374,3815
2021-08-10,San Francisco,075,870044,44833,43389,1752,45141,564
2021-08-10,San Joaquin,077,732212,81294,79391,4067,83458,1478
2021-08-10,San Luis Obispo,079,281455,23526,22776,868,23644,264
2021-08-10,San Mateo,081,765935,47280,46184,656,46840,548
2021-08-10,Santa Barbara,083,443738,37378,36574,1261,37835,472
2021-08-10,Santa Clara,085,1922200,128846,126019,903,126922,1770
2021-08-10,Santa Cruz,087,273765,17547,17142,855,17997,209
2021-08-10,Shasta,089,179085,13954,13461,1859,15320,211
2021-08-10,Sierra,091,2930,84,76,12,88,0
2021-08-10,Siskiyou,093,43540,2219,2088,501,2589,33
2021-08-10,Solano,095,438530,38393,36767,833,37600,262
2021-08-10,Sonoma,097,501317,35289,34054,406,34460,333
2021-08-10,Stanislaus,099,539301,61906,60605,6629,67234,1037
2021-08-10,Sutter,101,95872,10751,10569,112,10681,130
2021-08-10,Tehama,103,63373,5569,5392,646,6038,66
2021-08-10,Trinity,105,12862,546,384,125,509,3
2021-08-10,Tulare,107,460477,52744,51390,10097,61487,854
2021-08-10,Tuolumne,109,53932,4931,4780,48,4828,64
2021-08-10,Ventura,111,848112,87326,85714,3633,89347,1051
2021-08-10,Yolo,113,214977,16054,15568,534,16102,218
2021-08-10,Yuba,115,75493,7222,7028,162,7190,50
2021-08-09,Alameda,001,1643700,102155,99496,2227,101723,1276
2021-08-09,Alpine,003,1148,90,91,0,91,0
2021-08-09,Amador,005,37829,4221,4078,36,4114,48
2021-08-09,Butte,007,227075,14222,13813,2184,15997,205
2021-08-09,Calaveras,009,45235,2559,2472,15,2487,57
2021-08-09,Colusa,011,21464,2146,2075,398,2473,16
2021-08-09,Contra Costa,013,1133247,82374,79740,1576,81316,840
2021-08-09,Del Norte,015,27424,2019,1848,16,1864,8
2021-08-09,El Dorado,017,186661,12182,11672,999,12671,117
2021-08-09,Fresno,019,978130,109859,107310,9390,116700,1747
2021-08-09,Glenn,021,27897,2591,2532,621,3153,20
2021-08-09,Humboldt,023,135768,5965,5632,102,5734,52
2021-08-09,Imperial,025,180216,29703,29512,2749,32261,745
2021-08-09,Inyo,027,18085,1489,1481,13,1494,39
2021-08-09,Kern,029,883053,102734,101069,12732,113801,1359
2021-08-09,Kings,031,150075,24779,24155,1228,25383,250
2021-08-09,Lake,033,64148,4834,4670,28,4698,66
2021-08-09,Lassen,035,31185,5477,5393,126,5519,21
2021-08-09,Los Angeles,037,10098052,1302414,1282891,46877,1329768,24798
2021-08-09,Madera,039,155013,17882,17429,1104,18533,245
2021-08-09,Marin,041,260295,15568,15154,304,15458,239
2021-08-09,Mariposa,043,17540,572,545,12,557,5
2021-08-09,Mendocino,045,87422,5003,4732,136,4868,49
2021-08-09,Merced,047,269075,33057,32666,1154,33820,477
2021-08-09,Modoc,049,8938,430,419,148,567,5
2021-08-09,Mono,051,14174,1344,1337,17,1354,3
2021-08-09,Monterey,053,433212,44622,44190,2085,46275,527
2021-08-09,Napa,055,140530,10916,10679,63,10742,83
2021-08-09,Nevada,057,99092,6440,6088,217,6305,73
2021-08-09,Orange,059,3164182,275776,271036,12474,283510,5153
2021-08-09,Placer,061,380077,27727,26457,2144,28601,305
2021-08-09,Plumas,063,18699,842,803,14,817,5
2021-08-09,Riverside,065,2383286,315535,308678,14718,323396,4562
2021-08-09,Sacramento,067,1510023,124572,120812,2352,123164,1748
2021-08-09,San Benito,069,59416,6427,6359,117,6476,63
2021-08-09,San Bernardino,071,2135413,312903,308038,9552,317590,5295
2021-08-09,San Diego,073,3302833,312384,306855,17987,324842,3811
2021-08-09,San Francisco,075,870044,44587,43261,1736,44997,564
2021-08-09,San Joaquin,077,732212,80911,79198,4049,83247,1469
2021-08-09,San Luis Obispo,079,281455,23387,22695,859,23554,264
2021-08-09,San Mateo,081,765935,47108,46040,653,46693,548
2021-08-09,Santa Barbara,083,443738,37194,36474,1253,37727,470
2021-08-09,Santa Clara,085,1922200,128343,125791,894,126685,2187
2021-08-09,Santa Cruz,087,273765,17485,17082,855,17937,209
2021-08-09,Shasta,089,179085,13837,13397,1848,15245,210
2021-08-09,Sierra,091,2930,83,75,12,87,0
2021-08-09,Siskiyou,093,43540,2207,2047,486,2533,32
2021-08-09,Solano,095,438530,38117,36653,831,37484,262
2021-08-09,Sonoma,097,501317,35108,33933,404,34337,333
2021-08-09,Stanislaus,099,539301,61627,60410,6580,66990,1037
2021-08-09,Sutter,101,95872,10702,10525,109,10634,129
2021-08-09,Tehama,103,63373,5527,5373,645,6018,66
2021-08-09,Trinity,105,12862,544,378,123,501,3
2021-08-09,Tulare,107,460477,52584,51274,10035,61309,854
2021-08-09,Tuolumne,109,53932,4889,4745,48,4793,64
2021-08-09,Ventura,111,848112,87054,85514,3622,89136,1047
2021-08-09,Yolo,113,214977,15976,15521,513,16034,218
2021-08-09,Yuba,115,75493,7163,6994,162,7156,50
2021-08-08,Alameda,001,1643700,101604,99135,2221,101356,1276
2021-08-08,Alpine,003,1148,90,91,0,91,0
2021-08-08,Amador,005,37829,4187,4057,35,4092,48
2021-08-08,Butte,007,227075,14140,13791,2164,15955,205
2021-08-08,Calaveras,009,45235,2526,2462,15,2477,57
2021-08-08,Colusa,011,21464,2129,2070,391,2461,16
2021-08-08,Contra Costa,013,1133247,81850,79454,1568,81022,840
2021-08-08,Del Norte,015,27424,1973,1810,16,1826,8
2021-08-08,El Dorado,017,186661,12061,11631,988,12619,117
2021-08-08,Fresno,019,978130,109416,107078,9353,116431,1747
2021-08-08,Glenn,021,27897,2583,2527,614,3141,20
2021-08-08,Humboldt,023,135768,5876,5571,102,5673,52
2021-08-08,Imperial,025,180216,29679,29485,2739,32224,745
2021-08-08,Inyo,027,18085,1489,1481,13,1494,39
2021-08-08,Kern,029,883053,102414,100909,12620,113529,1359
2021-08-08,Kings,031,150075,24665,24095,1219,25314,250
2021-08-08,Lake,033,64148,4784,4636,27,4663,66
2021-08-08,Lassen,035,31185,5462,5391,125,5516,21
2021-08-08,Los Angeles,037,10098052,1298161,1279982,46694,1326676,24793
2021-08-08,Madera,039,155013,17803,17398,1087,18485,245
2021-08-08,Marin,041,260295,15515,15124,302,15426,239
2021-08-08,Mariposa,043,17540,568,538,12,550,5
2021-08-08,Mendocino,045,87422,4941,4702,123,4825,49
2021-08-08,Merced,047,269075,32910,32634,1145,33779,477
2021-08-08,Modoc,049,8938,429,419,147,566,5
2021-08-08,Mono,051,14174,1340,1336,17,1353,3
2021-08-08,Monterey,053,433212,44552,44171,2074,46245,527
2021-08-08,Napa,055,140530,10880,10668,63,10731,83
2021-08-08,Nevada,057,99092,6356,6009,215,6224,73
2021-08-08,Orange,059,3164182,274863,270532,12432,282964,5153
2021-08-08,Placer,061,380077,27518,26332,2103,28435,305
2021-08-08,Plumas,063,18699,833,803,14,817,5
2021-08-08,Riverside,065,2383286,314414,308042,14695,322737,4562
2021-08-08,Sacramento,067,1510023,123744,120109,2340,122449,1744
2021-08-08,San Benito,069,59416,6410,6350,116,6466,63
2021-08-08,San Bernardino,071,2135413,311761,307378,9523,316901,5295
2021-08-08,San Diego,073,3302833,311043,305983,17889,323872,3811
2021-08-08,San Francisco,075,870044,44327,43098,1714,44812,564
2021-08-08,San Joaquin,077,732212,80462,79002,4033,83035,1469
2021-08-08,San Luis Obispo,079,281455,23213,22668,851,23519,263
2021-08-08,San Mateo,081,765935,46918,45927,650,46577,548
2021-08-08,Santa Barbara,083,443738,37017,36417,1246,37663,470
2021-08-08,Santa Clara,085,1922200,127892,125553,889,126442,2187
2021-08-08,Santa Cruz,087,273765,17414,17035,850,17885,209
2021-08-08,Shasta,089,179085,13752,13381,1837,15218,210
2021-08-08,Sierra,091,2930,83,74,12,86,0
2021-08-08,Siskiyou,093,43540,2191,2041,481,2522,32
2021-08-08,Solano,095,438530,37865,36551,827,37378,262
2021-08-08,Sonoma,097,501317,34864,33805,403,34208,333
2021-08-08,Stanislaus,099,539301,61301,60269,6535,66804,1037
2021-08-08,Sutter,101,95872,10642,10481,108,10589,129
2021-08-08,Tehama,103,63373,5491,5359,642,6001,66
2021-08-08,Trinity,105,12862,539,378,123,501,3
2021-08-08,Tulare,107,460477,52405,51220,9976,61196,854
2021-08-08,Tuolumne,109,53932,4849,4731,48,4779,64
2021-08-08,Ventura,111,848112,86763,85382,3612,88994,1047
2021-08-08,Yolo,113,214977,15884,15477,506,15983,218
2021-08-08,Yuba,115,75493,7124,6967,162,7129,50
2021-08-07,Alameda,001,1643700,101357,98812,2215,101027,1276
2021-08-07,Alpine,003,1148,90,91,0,91,0
2021-08-07,Amador,005,37829,4170,4041,34,4075,48
2021-08-07,Butte,007,227075,14088,13714,2152,15866,205
2021-08-07,Calaveras,009,45235,2516,2446,15,2461,57
2021-08-07,Colusa,011,21464,2124,2067,382,2449,16
2021-08-07,Contra Costa,013,1133247,81554,79168,1565,80733,840
2021-08-07,Del Norte,015,27424,1941,1791,16,1807,8
2021-08-07,El Dorado,017,186661,12013,11575,981,12556,117
2021-08-07,Fresno,019,978130,109213,106861,9327,116188,1747
2021-08-07,Glenn,021,27897,2575,2515,613,3128,20
2021-08-07,Humboldt,023,135768,5826,5510,99,5609,52
2021-08-07,Imperial,025,180216,29660,29470,2739,32209,745
2021-08-07,Inyo,027,18085,1487,1476,13,1489,39
2021-08-07,Kern,029,883053,102256,100693,12564,113257,1359
2021-08-07,Kings,031,150075,24604,24048,1213,25261,250
2021-08-07,Lake,033,64148,4763,4613,27,4640,66
2021-08-07,Lassen,035,31185,5458,5386,125,5511,21
2021-08-07,Los Angeles,037,10098052,1296124,1276853,46548,1323401,24786
2021-08-07,Madera,039,155013,17768,17366,1083,18449,245
2021-08-07,Marin,041,260295,15481,15085,301,15386,239
2021-08-07,Mariposa,043,17540,565,530,12,542,5
2021-08-07,Mendocino,045,87422,4905,4690,121,4811,49
2021-08-07,Merced,047,269075,32846,32569,1142,33711,477
2021-08-07,Modoc,049,8938,429,419,147,566,5
2021-08-07,Mono,051,14174,1337,1329,17,1346,3
2021-08-07,Monterey,053,433212,44500,44124,2069,46193,527
2021-08-07,Napa,055,140530,10859,10658,62,10720,83
2021-08-07,Nevada,057,99092,6306,5967,213,6180,73
2021-08-07,Orange,059,3164182,274271,269900,12402,282302,5153
2021-08-07,Placer,061,380077,27329,26244,2094,28338,305
2021-08-07,Plumas,063,18699,828,801,14,815,5
2021-08-07,Riverside,065,2383286,313742,307326,14688,322014,4562
2021-08-07,Sacramento,067,1510023,123243,119636,2336,121972,1744
2021-08-07,San Benito,069,59416,6400,6332,116,6448,63
2021-08-07,San Bernardino,071,2135413,311171,306663,9506,316169,5295
2021-08-07,San Diego,073,3302833,310288,304974,17854,322828,3811
2021-08-07,San Francisco,075,870044,44156,42926,1696,44622,564
2021-08-07,San Joaquin,077,732212,80298,78769,4018,82787,1469
2021-08-07,San Luis Obispo,079,281455,23144,22579,850,23429,263
2021-08-07,San Mateo,081,765935,46790,45804,648,46452,548
2021-08-07,Santa Barbara,083,443738,36921,36303,1240,37543,470
2021-08-07,Santa Clara,085,1922200,127621,125196,884,126080,2188
2021-08-07,Santa Cruz,087,273765,17371,16994,848,17842,209
2021-08-07,Shasta,089,179085,13696,13361,1830,15191,210
2021-08-07,Sierra,091,2930,83,74,12,86,0
2021-08-07,Siskiyou,093,43540,2179,2039,479,2518,32
2021-08-07,Solano,095,438530,37749,36458,819,37277,262
2021-08-07,Sonoma,097,501317,34742,33716,403,34119,333
2021-08-07,Stanislaus,099,539301,61130,60093,6505,66598,1037
2021-08-07,Sutter,101,95872,10605,10447,108,10555,129
2021-08-07,Tehama,103,63373,5480,5343,637,5980,66
2021-08-07,Trinity,105,12862,535,377,122,499,3
2021-08-07,Tulare,107,460477,52319,51133,9938,61071,854
2021-08-07,Tuolumne,109,53932,4819,4721,48,4769,64
2021-08-07,Ventura,111,848112,86583,85232,3598,88830,1047
2021-08-07,Yolo,113,214977,15840,15423,500,15923,218
2021-08-07,Yuba,115,75493,7099,6937,160,7097,50
2021-08-06,Alameda,001,1643700,101026,98487,2209,100696,1275
2021-08-06,Alpine,003,1148,90,91,0,91,0
2021-08-06,Amador,005,37829,4149,4002,34,4036,48
2021-08-06,Butte,007,227075,14038,13626,2137,15763,205
2021-08-06,Calaveras,009,45235,2505,2419,15,2434,57
2021-08-06,Colusa,011,21464,2117,2045,376,2421,16
2021-08-06,Contra Costa,013,1133247,81259,78796,1560,80356,840
2021-08-06,Del Norte,015,27424,1914,1755,15,1770,8
2021-08-06,El Dorado,017,186661,11963,11498,969,12467,117
2021-08-06,Fresno,019,978130,108949,106542,9300,115842,1747
2021-08-06,Glenn,021,27897,2560,2504,610,3114,20
2021-08-06,Humboldt,023,135768,5775,5421,96,5517,52
2021-08-06,Imperial,025,180216,29649,29404,2735,32139,745
2021-08-06,Inyo,027,18085,1484,1471,13,1484,39
2021-08-06,Kern,029,883053,102079,100427,12479,112906,1359
2021-08-06,Kings,031,150075,24549,23974,1209,25183,250
2021-08-06,Lake,033,64148,4740,4557,27,4584,66
2021-08-06,Lassen,035,31185,5436,5368,125,5493,21
2021-08-06,Los Angeles,037,10098052,1293632,1273081,46397,1319478,24772
2021-08-06,Madera,039,155013,17729,17324,1074,18398,245
2021-08-06,Marin,041,260295,15448,15051,301,15352,239
2021-08-06,Mariposa,043,17540,556,511,12,523,5
2021-08-06,Mendocino,045,87422,4863,4649,120,4769,49
2021-08-06,Merced,047,269075,32786,32456,1139,33595,477
2021-08-06,Modoc,049,8938,429,419,147,566,5
2021-08-06,Mono,051,14174,1336,1328,17,1345,3
2021-08-06,Monterey,053,433212,44432,44058,2056,46114,527
2021-08-06,Napa,055,140530,10832,10620,62,10682,83
2021-08-06,Nevada,057,99092,6250,5874,213,6087,73
2021-08-06,Orange,059,3164182,273706,269077,12385,281462,5151
2021-08-06,Placer,061,380077,27206,26086,2073,28159,305
2021-08-06,Plumas,063,18699,819,795,14,809,5
2021-08-06,Riverside,065,2383286,313032,306304,14677,320981,4562
2021-08-06,Sacramento,067,1510023,122751,119169,2317,121486,1740
2021-08-06,San Benito,069,59416,6383,6315,116,6431,63
2021-08-06,San Bernardino,071,2135413,310470,305806,9497,315303,5286
2021-08-06,San Diego,073,3302833,309249,303691,17805,321496,3810
2021-08-06,San Francisco,075,870044,43999,42659,1678,44337,565
2021-08-06,San Joaquin,077,732212,80148,78405,4006,82411,1469
2021-08-06,San Luis Obispo,079,281455,23076,22472,845,23317,263
2021-08-06,San Mateo,081,765935,46638,45665,643,46308,548
2021-08-06,Santa Barbara,083,443738,36832,36208,1236,37444,470
2021-08-06,Santa Clara,085,1922200,127331,124767,879,125646,2185
2021-08-06,Santa Cruz,087,273765,17327,16924,844,17768,207
2021-08-06,Shasta,089,179085,13630,13284,1824,15108,210
2021-08-06,Sierra,091,2930,83,73,12,85,0
2021-08-06,Siskiyou,093,43540,2169,2030,475,2505,32
2021-08-06,Solano,095,438530,37638,36351,810,37161,262
2021-08-06,Sonoma,097,501317,34656,33594,402,33996,333
2021-08-06,Stanislaus,099,539301,60992,59854,6485,66339,1037
2021-08-06,Sutter,101,95872,10562,10391,108,10499,128
2021-08-06,Tehama,103,63373,5456,5325,635,5960,66
2021-08-06,Trinity,105,12862,534,371,121,492,3
2021-08-06,Tulare,107,460477,52218,51018,9891,60909,854
2021-08-06,Tuolumne,109,53932,4792,4674,48,4722,64
2021-08-06,Ventura,111,848112,86412,85046,3586,88632,1047
2021-08-06,Yolo,113,214977,15788,15299,495,15794,218
2021-08-06,Yuba,115,75493,7076,6904,160,7064,50
2021-08-05,Alameda,001,1643700,100540,98052,2204,100256,1275
2021-08-05,Alpine,003,1148,90,91,0,91,0
2021-08-05,Amador,005,37829,4129,3992,34,4026,48
2021-08-05,Butte,007,227075,13977,13564,2114,15678,206
2021-08-05,Calaveras,009,45235,2486,2397,15,2412,57
2021-08-05,Colusa,011,21464,2105,2036,372,2408,16
2021-08-05,Contra Costa,013,1133247,80832,78514,1553,80067,840
2021-08-05,Del Norte,015,27424,1887,1731,15,1746,8
2021-08-05,El Dorado,017,186661,11878,11408,958,12366,117
2021-08-05,Fresno,019,978130,108577,106219,9264,115483,1747
2021-08-05,Glenn,021,27897,2554,2494,607,3101,20
2021-08-05,Humboldt,023,135768,5701,5328,95,5423,52
2021-08-05,Imperial,025,180216,29618,29383,2731,32114,745
2021-08-05,Inyo,027,18085,1480,1468,13,1481,38
2021-08-05,Kern,029,883053,101857,100091,12394,112485,1358
2021-08-05,Kings,031,150075,24465,23906,1204,25110,249
2021-08-05,Lake,033,64148,4701,4490,25,4515,66
2021-08-05,Lassen,035,31185,5428,5344,125,5469,21
2021-08-05,Los Angeles,037,10098052,1290412,1269445,46266,1315711,24756
2021-08-05,Madera,039,155013,17688,17301,1066,18367,245
2021-08-05,Marin,041,260295,15404,15005,297,15302,239
2021-08-05,Mariposa,043,17540,545,504,11,515,5
2021-08-05,Mendocino,045,87422,4820,4597,111,4708,49
2021-08-05,Merced,047,269075,32719,32381,1128,33509,477
2021-08-05,Modoc,049,8938,428,418,147,565,5
2021-08-05,Mono,051,14174,1328,1309,17,1326,3
2021-08-05,Monterey,053,433212,44375,43992,2038,46030,527
2021-08-05,Napa,055,140530,10796,10591,60,10651,83
2021-08-05,Nevada,057,99092,6168,5778,210,5988,73
2021-08-05,Orange,059,3164182,272925,268329,12359,280688,5149
2021-08-05,Placer,061,380077,27006,25965,2046,28011,305
2021-08-05,Plumas,063,18699,810,787,14,801,5
2021-08-05,Riverside,065,2383286,312115,305415,14651,320066,4562
2021-08-05,Sacramento,067,1510023,122042,118590,2304,120894,1739
2021-08-05,San Benito,069,59416,6365,6305,116,6421,63
2021-08-05,San Bernardino,071,2135413,309634,304956,9476,314432,5284
2021-08-05,San Diego,073,3302833,307977,302220,17723,319943,3806
2021-08-05,San Francisco,075,870044,43788,42301,1669,43970,564
2021-08-05,San Joaquin,077,732212,79786,78151,3988,82139,1468
2021-08-05,San Luis Obispo,079,281455,22961,22362,839,23201,263
2021-08-05,San Mateo,081,765935,46465,45554,641,46195,548
2021-08-05,Santa Barbara,083,443738,36725,36112,1233,37345,470
2021-08-05,Santa Clara,085,1922200,126998,124490,879,125369,2185
2021-08-05,Santa Cruz,087,273765,17283,16867,841,17708,207
2021-08-05,Shasta,089,179085,13572,13217,1816,15033,210
2021-08-05,Sierra,091,2930,78,73,12,85,0
2021-08-05,Siskiyou,093,43540,2148,2024,466,2490,32
2021-08-05,Solano,095,438530,37457,36250,802,37052,262
2021-08-05,Sonoma,097,501317,34521,33455,401,33856,330
2021-08-05,Stanislaus,099,539301,60770,59692,6446,66138,1037
2021-08-05,Sutter,101,95872,10507,10349,108,10457,127
2021-08-05,Tehama,103,63373,5438,5305,632,5937,66
2021-08-05,Trinity,105,12862,528,367,121,488,3
2021-08-05,Tulare,107,460477,52101,50889,9837,60726,854
2021-08-05,Tuolumne,109,53932,4762,4619,48,4667,64
2021-08-05,Ventura,111,848112,86161,84837,3572,88409,1047
2021-08-05,Yolo,113,214977,15721,15250,486,15736,218
2021-08-05,Yuba,115,75493,7033,6872,158,7030,50
2021-08-04,Alameda,001,1643700,100039,97477,2193,99670,1274
2021-08-04,Alpine,003,1148,90,91,0,91,0
2021-08-04,Amador,005,37829,4099,3962,33,3995,48
2021-08-04,Butte,007,227075,13909,13509,2097,15606,205
2021-08-04,Calaveras,009,45235,2461,2374,15,2389,57
2021-08-04,Colusa,011,21464,2093,2025,366,2391,16
2021-08-04,Contra Costa,013,1133247,80315,77966,1548,79514,840
2021-08-04,Del Norte,015,27424,1864,1701,15,1716,8
2021-08-04,El Dorado,017,186661,11798,11319,947,12266,117
2021-08-04,Fresno,019,978130,108209,105899,9225,115124,1747
2021-08-04,Glenn,021,27897,2546,2487,605,3092,20
2021-08-04,Humboldt,023,135768,5625,5271,94,5365,52
2021-08-04,Imperial,025,180216,29570,29375,2729,32104,745
2021-08-04,Inyo,027,18085,1479,1465,13,1478,38
2021-08-04,Kern,029,883053,101607,99868,12311,112179,1358
2021-08-04,Kings,031,150075,24393,23840,1196,25036,250
2021-08-04,Lake,033,64148,4671,4423,20,4443,65
2021-08-04,Lassen,035,31185,5420,5340,125,5465,21
2021-08-04,Los Angeles,037,10098052,1286917,1265788,46107,1311895,24737
2021-08-04,Madera,039,155013,17653,17251,1059,18310,245
2021-08-04,Marin,041,260295,15357,14950,295,15245,239
2021-08-04,Mariposa,043,17540,530,497,11,508,5
2021-08-04,Mendocino,045,87422,4796,4560,107,4667,49
2021-08-04,Merced,047,269075,32581,32274,1123,33397,476
2021-08-04,Modoc,049,8938,428,416,147,563,5
2021-08-04,Mono,051,14174,1324,1307,17,1324,3
2021-08-04,Monterey,053,433212,44310,43926,2027,45953,526
2021-08-04,Napa,055,140530,10759,10544,60,10604,82
2021-08-04,Nevada,057,99092,6104,5702,209,5911,73
2021-08-04,Orange,059,3164182,272051,267199,12322,279521,5146
2021-08-04,Placer,061,380077,26789,25688,2026,27714,305
2021-08-04,Plumas,063,18699,804,784,14,798,5
2021-08-04,Riverside,065,2383286,311190,304272,14626,318898,4562
2021-08-04,Sacramento,067,1510023,121285,117882,2278,120160,1736
2021-08-04,San Benito,069,59416,6350,6300,116,6416,63
2021-08-04,San Bernardino,071,2135413,308778,304164,9457,313621,5285
2021-08-04,San Diego,073,3302833,306464,301100,17656,318756,3805
2021-08-04,San Francisco,075,870044,43533,41913,1657,43570,562
2021-08-04,San Joaquin,077,732212,79429,77846,3976,81822,1466
2021-08-04,San Luis Obispo,079,281455,22851,22245,833,23078,262
2021-08-04,San Mateo,081,765935,46293,45392,640,46032,548
2021-08-04,Santa Barbara,083,443738,36596,36013,1225,37238,470
2021-08-04,Santa Clara,085,1922200,126607,124127,872,124999,2183
2021-08-04,Santa Cruz,087,273765,17221,16820,834,17654,208
2021-08-04,Shasta,089,179085,13521,13134,1805,14939,211
2021-08-04,Sierra,091,2930,78,73,12,85,0
2021-08-04,Siskiyou,093,43540,2128,2010,462,2472,32
2021-08-04,Solano,095,438530,37256,36025,793,36818,262
2021-08-04,Sonoma,097,501317,34349,33311,399,33710,330
2021-08-04,Stanislaus,099,539301,60544,59396,6408,65804,1037
2021-08-04,Sutter,101,95872,10470,10294,108,10402,127
2021-08-04,Tehama,103,63373,5412,5281,626,5907,66
2021-08-04,Trinity,105,12862,526,362,118,480,3
2021-08-04,Tulare,107,460477,51991,50797,9793,60590,855
2021-08-04,Tuolumne,109,53932,4737,4584,48,4632,64
2021-08-04,Ventura,111,848112,85903,84406,3550,87956,1047
2021-08-04,Yolo,113,214977,15641,15189,473,15662,215
2021-08-04,Yuba,115,75493,6993,6827,157,6984,50
2021-08-03,Alameda,001,1643700,99591,97275,2188,99463,1270
2021-08-03,Alpine,003,1148,90,91,0,91,0
2021-08-03,Amador,005,37829,4063,3953,33,3986,48
2021-08-03,Butte,007,227075,13841,13468,2082,15550,205
2021-08-03,Calaveras,009,45235,2439,2356,15,2371,57
2021-08-03,Colusa,011,21464,2080,2023,360,2383,16
2021-08-03,Contra Costa,013,1133247,79833,77739,1541,79280,836
2021-08-03,Del Norte,015,27424,1832,1691,14,1705,8
2021-08-03,El Dorado,017,186661,11705,11255,937,12192,117
2021-08-03,Fresno,019,978130,107847,105732,9194,114926,1746
2021-08-03,Glenn,021,27897,2539,2481,599,3080,20
2021-08-03,Humboldt,023,135768,5560,5199,89,5288,52
2021-08-03,Imperial,025,180216,29548,29333,2722,32055,745
2021-08-03,Inyo,027,18085,1476,1459,13,1472,38
2021-08-03,Kern,029,883053,101345,99708,12232,111940,1358
2021-08-03,Kings,031,150075,24305,23780,1189,24969,249
2021-08-03,Lake,033,64148,4615,4408,16,4424,66
2021-08-03,Lassen,035,31185,5410,5341,125,5466,21
2021-08-03,Los Angeles,037,10098052,1283173,1262678,45930,1308608,24721
2021-08-03,Madera,039,155013,17612,17220,1044,18264,245
2021-08-03,Marin,041,260295,15308,14906,292,15198,243
2021-08-03,Mariposa,043,17540,519,495,11,506,5
2021-08-03,Mendocino,045,87422,4747,4546,106,4652,49
2021-08-03,Merced,047,269075,32498,32197,1121,33318,476
2021-08-03,Modoc,049,8938,428,416,147,563,5
2021-08-03,Mono,051,14174,1319,1303,17,1320,3
2021-08-03,Monterey,053,433212,44247,43872,2014,45886,525
2021-08-03,Napa,055,140530,10716,10527,59,10586,82
2021-08-03,Nevada,057,99092,6023,5685,208,5893,73
2021-08-03,Orange,059,3164182,271312,266649,12292,278941,5146
2021-08-03,Placer,061,380077,26588,25624,2002,27626,305
2021-08-03,Plumas,063,18699,797,779,14,793,5
2021-08-03,Riverside,065,2383286,310265,303499,14600,318099,4562
2021-08-03,Sacramento,067,1510023,120540,117591,2258,119849,1732
2021-08-03,San Benito,069,59416,6335,6284,115,6399,63
2021-08-03,San Bernardino,071,2135413,307858,303386,9439,312825,5265
2021-08-03,San Diego,073,3302833,305025,300189,17546,317735,3803
2021-08-03,San Francisco,075,870044,43251,41758,1637,43395,562
2021-08-03,San Joaquin,077,732212,79078,77615,3955,81570,1461
2021-08-03,San Luis Obispo,079,281455,22711,22166,826,22992,264
2021-08-03,San Mateo,081,765935,46101,45255,635,45890,548
2021-08-03,Santa Barbara,083,443738,36477,35912,1219,37131,469
2021-08-03,Santa Clara,085,1922200,126186,123914,866,124780,2183
2021-08-03,Santa Cruz,087,273765,17155,16778,831,17609,207
2021-08-03,Shasta,089,179085,13446,13091,1794,14885,211
2021-08-03,Sierra,091,2930,78,72,12,84,0
2021-08-03,Siskiyou,093,43540,2117,1998,457,2455,32
2021-08-03,Solano,095,438530,37035,35953,781,36734,261
2021-08-03,Sonoma,097,501317,34168,33243,398,33641,330
2021-08-03,Stanislaus,099,539301,60322,59282,6389,65671,1037
2021-08-03,Sutter,101,95872,10430,10263,107,10370,127
2021-08-03,Tehama,103,63373,5385,5269,621,5890,66
2021-08-03,Trinity,105,12862,523,361,115,476,3
2021-08-03,Tulare,107,460477,51896,50729,9747,60476,854
2021-08-03,Tuolumne,109,53932,4702,4563,48,4611,64
2021-08-03,Ventura,111,848112,85659,84270,3529,87799,1046
2021-08-03,Yolo,113,214977,15550,15149,458,15607,215
2021-08-03,Yuba,115,75493,6956,6781,155,6936,50
2021-08-02,Alameda,001,1643700,99033,96954,2184,99138,1270
2021-08-02,Alpine,003,1148,90,91,0,91,0
2021-08-02,Amador,005,37829,4043,3927,33,3960,48
2021-08-02,Butte,007,227075,13761,13442,2063,15505,205
2021-08-02,Calaveras,009,45235,2414,2347,15,2362,57
2021-08-02,Colusa,011,21464,2068,2019,357,2376,16
2021-08-02,Contra Costa,013,1133247,79324,77516,1527,79043,836
2021-08-02,Del Norte,015,27424,1802,1653,14,1667,8
2021-08-02,El Dorado,017,186661,11602,11226,923,12149,116
2021-08-02,Fresno,019,978130,107501,105471,9157,114628,1744
2021-08-02,Glenn,021,27897,2531,2477,596,3073,20
2021-08-02,Humboldt,023,135768,5477,5161,87,5248,52
2021-08-02,Imperial,025,180216,29515,29302,2719,32021,743
2021-08-02,Inyo,027,18085,1470,1455,13,1468,38
2021-08-02,Kern,029,883053,101090,99556,12141,111697,1357
2021-08-02,Kings,031,150075,24235,23722,1183,24905,249
2021-08-02,Lake,033,64148,4572,4375,16,4391,66
2021-08-02,Lassen,035,31185,5387,5338,123,5461,21
2021-08-02,Los Angeles,037,10098052,1279451,1260807,45724,1306531,24705
2021-08-02,Madera,039,155013,17568,17158,1031,18189,245
2021-08-02,Marin,041,260295,15265,14859,291,15150,239
2021-08-02,Mariposa,043,17540,510,490,11,501,5
2021-08-02,Mendocino,045,87422,4707,4512,103,4615,49
2021-08-02,Merced,047,269075,32400,32163,1114,33277,474
2021-08-02,Modoc,049,8938,428,415,147,562,5
2021-08-02,Mono,051,14174,1312,1296,17,1313,3
2021-08-02,Monterey,053,433212,44187,43842,2006,45848,525
2021-08-02,Napa,055,140530,10673,10490,56,10546,82
2021-08-02,Nevada,057,99092,5952,5611,207,5818,73
2021-08-02,Orange,059,3164182,270398,266050,12247,278297,5146
2021-08-02,Placer,061,380077,26441,25516,1968,27484,306
2021-08-02,Plumas,063,18699,790,762,14,776,5
2021-08-02,Riverside,065,2383286,309327,302756,14585,317341,4562
2021-08-02,Sacramento,067,1510023,119843,117183,2238,119421,1728
2021-08-02,San Benito,069,59416,6316,6276,114,6390,63
2021-08-02,San Bernardino,071,2135413,306983,303000,9406,312406,5253
2021-08-02,San Diego,073,3302833,303545,299021,17466,316487,3798
2021-08-02,San Francisco,075,870044,42965,41553,1614,43167,562
2021-08-02,San Joaquin,077,732212,78735,77447,3930,81377,1461
2021-08-02,San Luis Obispo,079,281455,22617,22093,819,22912,261
2021-08-02,San Mateo,081,765935,45924,45154,623,45777,548
2021-08-02,Santa Barbara,083,443738,36339,35851,1213,37064,469
2021-08-02,Santa Clara,085,1922200,125716,123655,858,124513,2183
2021-08-02,Santa Cruz,087,273765,17097,16746,827,17573,207
2021-08-02,Shasta,089,179085,13384,13049,1780,14829,212
2021-08-02,Sierra,091,2930,78,71,12,83,0
2021-08-02,Siskiyou,093,43540,2106,1992,443,2435,31
2021-08-02,Solano,095,438530,36787,35852,768,36620,260
2021-08-02,Sonoma,097,501317,33942,33132,393,33525,330
2021-08-02,Stanislaus,099,539301,60103,59160,6362,65522,1037
2021-08-02,Sutter,101,95872,10384,10220,107,10327,127
2021-08-02,Tehama,103,63373,5362,5260,617,5877,66
2021-08-02,Trinity,105,12862,518,359,114,473,3
2021-08-02,Tulare,107,460477,51795,50640,9675,60315,854
2021-08-02,Tuolumne,109,53932,4635,4524,48,4572,64
2021-08-02,Ventura,111,848112,85474,84143,3506,87649,1044
2021-08-02,Yolo,113,214977,15452,15072,441,15513,215
2021-08-02,Yuba,115,75493,6914,6743,152,6895,50
2021-08-01,Alameda,001,1643700,98500,96775,2178,98953,1270
2021-08-01,Alpine,003,1148,90,91,0,91,0
2021-08-01,Amador,005,37829,4005,3923,33,3956,48
2021-08-01,Butte,007,227075,13683,13406,2046,15452,205
2021-08-01,Calaveras,009,45235,2390,2341,15,2356,57
2021-08-01,Colusa,011,21464,2057,2014,355,2369,16
2021-08-01,Contra Costa,013,1133247,78889,77360,1520,78880,836
2021-08-01,Del Norte,015,27424,1770,1642,14,1656,8
2021-08-01,El Dorado,017,186661,11502,11189,912,12101,116
2021-08-01,Fresno,019,978130,107175,105339,9112,114451,1744
2021-08-01,Glenn,021,27897,2525,2476,593,3069,20
2021-08-01,Humboldt,023,135768,5400,5118,83,5201,52
2021-08-01,Imperial,025,180216,29480,29297,2715,32012,743
2021-08-01,Inyo,027,18085,1468,1454,13,1467,38
2021-08-01,Kern,029,883053,100812,99396,12066,111462,1357
2021-08-01,Kings,031,150075,24148,23700,1178,24878,249
2021-08-01,Lake,033,64148,4493,4356,16,4372,66
2021-08-01,Lassen,035,31185,5374,5336,121,5457,21
2021-08-01,Los Angeles,037,10098052,1275761,1258461,45499,1303960,24700
2021-08-01,Madera,039,155013,17512,17146,1026,18172,245
2021-08-01,Marin,041,260295,15188,14844,290,15134,239
2021-08-01,Mariposa,043,17540,503,482,11,493,5
2021-08-01,Mendocino,045,87422,4661,4476,99,4575,49
2021-08-01,Merced,047,269075,32309,32144,1108,33252,474
2021-08-01,Modoc,049,8938,426,413,147,560,5
2021-08-01,Mono,051,14174,1309,1294,17,1311,3
2021-08-01,Monterey,053,433212,44140,43808,1993,45801,525
2021-08-01,Napa,055,140530,10625,10473,54,10527,82
2021-08-01,Nevada,057,99092,5865,5561,206,5767,73
2021-08-01,Orange,059,3164182,269584,265467,12204,277671,5146
2021-08-01,Placer,061,380077,26226,25464,1938,27402,306
2021-08-01,Plumas,063,18699,784,761,14,775,5
2021-08-01,Riverside,065,2383286,308394,302256,14567,316823,4562
2021-08-01,Sacramento,067,1510023,119107,116923,2224,119147,1727
2021-08-01,San Benito,069,59416,6299,6271,114,6385,63
2021-08-01,San Bernardino,071,2135413,306049,302542,9395,311937,5248
2021-08-01,San Diego,073,3302833,302359,298002,17401,315403,3798
2021-08-01,San Francisco,075,870044,42627,41432,1601,43033,562
2021-08-01,San Joaquin,077,732212,78368,77338,3905,81243,1461
2021-08-01,San Luis Obispo,079,281455,22515,22083,814,22897,261
2021-08-01,San Mateo,081,765935,45742,45036,616,45652,548
2021-08-01,Santa Barbara,083,443738,36215,35809,1209,37018,469
2021-08-01,Santa Clara,085,1922200,125304,123511,850,124361,2183
2021-08-01,Santa Cruz,087,273765,17018,16709,820,17529,207
2021-08-01,Shasta,089,179085,13313,13036,1771,14807,212
2021-08-01,Sierra,091,2930,76,71,12,83,0
2021-08-01,Siskiyou,093,43540,2100,1989,437,2426,31
2021-08-01,Solano,095,438530,36551,35800,759,36559,260
2021-08-01,Sonoma,097,501317,33750,33076,390,33466,330
2021-08-01,Stanislaus,099,539301,59866,59078,6330,65408,1037
2021-08-01,Sutter,101,95872,10329,10198,104,10302,127
2021-08-01,Tehama,103,63373,5345,5252,613,5865,66
2021-08-01,Trinity,105,12862,515,359,113,472,3
2021-08-01,Tulare,107,460477,51638,50600,9614,60214,854
2021-08-01,Tuolumne,109,53932,4597,4489,48,4537,64
2021-08-01,Ventura,111,848112,85244,84040,3491,87531,1044
2021-08-01,Yolo,113,214977,15381,15042,431,15473,215
2021-08-01,Yuba,115,75493,6877,6721,151,6872,50
2021-07-31,Alameda,001,1643700,98168,95279,2173,97452,1265
2021-07-31,Alpine,003,1148,90,89,0,89,0
2021-07-31,Amador,005,37829,3985,3877,33,3910,48
2021-07-31,Butte,007,227075,13649,13235,2026,15261,205
2021-07-31,Calaveras,009,45235,2381,2294,15,2309,57
2021-07-31,Colusa,011,21464,2051,2006,353,2359,16
2021-07-31,Contra Costa,013,1133247,78610,75866,1518,77384,832
2021-07-31,Del Norte,015,27424,1744,1576,14,1590,8
2021-07-31,El Dorado,017,186661,11449,11017,906,11923,116
2021-07-31,Fresno,019,978130,107016,104639,9099,113738,1744
2021-07-31,Glenn,021,27897,2520,2465,588,3053,20
2021-07-31,Humboldt,023,135768,5345,4978,82,5060,52
2021-07-31,Imperial,025,180216,29463,29164,2712,31876,743
2021-07-31,Inyo,027,18085,1465,1442,13,1455,38
2021-07-31,Kern,029,883053,100647,98903,12007,110910,1357
2021-07-31,Kings,031,150075,24095,23548,1173,24721,248
2021-07-31,Lake,033,64148,4468,4238,16,4254,66
2021-07-31,Lassen,035,31185,5367,5320,121,5441,21
2021-07-31,Los Angeles,037,10098052,1273556,1248545,45357,1293902,24691
2021-07-31,Madera,039,155013,17479,17058,1020,18078,245
2021-07-31,Marin,041,260295,15144,14701,289,14990,239
2021-07-31,Mariposa,043,17540,494,470,11,481,5
2021-07-31,Mendocino,045,87422,4636,4400,96,4496,49
2021-07-31,Merced,047,269075,32261,31959,1103,33062,474
2021-07-31,Modoc,049,8938,426,413,147,560,5
2021-07-31,Mono,051,14174,1307,1287,17,1304,3
2021-07-31,Monterey,053,433212,44100,43720,1983,45703,525
2021-07-31,Napa,055,140530,10605,10401,53,10454,82
2021-07-31,Nevada,057,99092,5826,5373,205,5578,72
2021-07-31,Orange,059,3164182,269010,263446,12186,275632,5144
2021-07-31,Placer,061,380077,26093,25104,1931,27035,306
2021-07-31,Plumas,063,18699,781,743,14,757,5
2021-07-31,Riverside,065,2383286,307778,300315,14557,314872,4554
2021-07-31,Sacramento,067,1510023,118695,115259,2218,117477,1720
2021-07-31,San Benito,069,59416,6288,6251,114,6365,63
2021-07-31,San Bernardino,071,2135413,305475,300726,9392,310118,5240
2021-07-31,San Diego,073,3302833,301686,295054,17355,312409,3798
2021-07-31,San Francisco,075,870044,42399,40412,1581,41993,562
2021-07-31,San Joaquin,077,732212,78203,76575,3892,80467,1443
2021-07-31,San Luis Obispo,079,281455,22461,21922,812,22734,260
2021-07-31,San Mateo,081,765935,45585,44622,611,45233,548
2021-07-31,Santa Barbara,083,443738,36134,35531,1208,36739,467
2021-07-31,Santa Clara,085,1922200,125049,122614,848,123462,2099
2021-07-31,Santa Cruz,087,273765,16979,16576,819,17395,207
2021-07-31,Shasta,089,179085,13276,12918,1763,14681,212
2021-07-31,Sierra,091,2930,76,68,12,80,0
2021-07-31,Siskiyou,093,43540,2091,1976,431,2407,31
2021-07-31,Solano,095,438530,36450,35340,752,36092,263
2021-07-31,Sonoma,097,501317,33624,32601,390,32991,329
2021-07-31,Stanislaus,099,539301,59707,58586,6308,64894,1035
2021-07-31,Sutter,101,95872,10295,10068,103,10171,127
2021-07-31,Tehama,103,63373,5330,5216,610,5826,66
2021-07-31,Trinity,105,12862,514,354,112,466,3
2021-07-31,Tulare,107,460477,51548,50409,9561,59970,854
2021-07-31,Tuolumne,109,53932,4558,4362,48,4410,64
2021-07-31,Ventura,111,848112,85083,83509,3475,86984,1044
2021-07-31,Yolo,113,214977,15333,14863,420,15283,215
2021-07-31,Yuba,115,75493,6854,6615,147,6762,50
2021-07-30,Alameda,001,1643700,97841,95279,2169,97448,1265
2021-07-30,Alpine,003,1148,90,89,0,89,0
2021-07-30,Amador,005,37829,3962,3877,33,3910,48
2021-07-30,Butte,007,227075,13594,13235,2013,15248,205
2021-07-30,Calaveras,009,45235,2371,2294,15,2309,57
2021-07-30,Colusa,011,21464,2047,2006,351,2357,16
2021-07-30,Contra Costa,013,1133247,78364,75866,1514,77380,832
2021-07-30,Del Norte,015,27424,1726,1576,14,1590,8
2021-07-30,El Dorado,017,186661,11415,11017,900,11917,116
2021-07-30,Fresno,019,978130,106822,104639,9087,113726,1744
2021-07-30,Glenn,021,27897,2515,2465,587,3052,20
2021-07-30,Humboldt,023,135768,5282,4978,79,5057,52
2021-07-30,Imperial,025,180216,29449,29164,2709,31873,743
2021-07-30,Inyo,027,18085,1464,1442,13,1455,38
2021-07-30,Kern,029,883053,100523,98903,11960,110863,1357
2021-07-30,Kings,031,150075,24055,23548,1169,24717,248
2021-07-30,Lake,033,64148,4440,4238,16,4254,66
2021-07-30,Lassen,035,31185,5363,5320,121,5441,21
2021-07-30,Los Angeles,037,10098052,1271225,1248545,45208,1293753,24691
2021-07-30,Madera,039,155013,17437,17058,1017,18075,245
2021-07-30,Marin,041,260295,15110,14701,289,14990,239
2021-07-30,Mariposa,043,17540,490,470,11,481,5
2021-07-30,Mendocino,045,87422,4606,4400,95,4495,49
2021-07-30,Merced,047,269075,32220,31959,1099,33058,474
2021-07-30,Modoc,049,8938,424,413,147,560,5
2021-07-30,Mono,051,14174,1302,1287,17,1304,3
2021-07-30,Monterey,053,433212,44066,43720,1974,45694,525
2021-07-30,Napa,055,140530,10583,10401,52,10453,82
2021-07-30,Nevada,057,99092,5769,5373,205,5578,72
2021-07-30,Orange,059,3164182,268385,263446,12160,275606,5144
2021-07-30,Placer,061,380077,26004,25104,1913,27017,306
2021-07-30,Plumas,063,18699,776,743,14,757,5
2021-07-30,Riverside,065,2383286,307141,300315,14547,314862,4554
2021-07-30,Sacramento,067,1510023,118243,115259,2214,117473,1720
2021-07-30,San Benito,069,59416,6281,6251,114,6365,63
2021-07-30,San Bernardino,071,2135413,304962,300726,9385,310111,5240
2021-07-30,San Diego,073,3302833,300912,295054,17297,312351,3798
2021-07-30,San Francisco,075,870044,42186,40412,1567,41979,562
2021-07-30,San Joaquin,077,732212,78049,76575,3887,80462,1443
2021-07-30,San Luis Obispo,079,281455,22423,21922,808,22730,260
2021-07-30,San Mateo,081,765935,45460,44622,598,45220,548
2021-07-30,Santa Barbara,083,443738,36065,35531,1202,36733,467
2021-07-30,Santa Clara,085,1922200,124826,122614,846,123460,2099
2021-07-30,Santa Cruz,087,273765,16953,16576,817,17393,207
2021-07-30,Shasta,089,179085,13231,12918,1763,14681,212
2021-07-30,Sierra,091,2930,75,68,12,80,0
2021-07-30,Siskiyou,093,43540,2082,1976,430,2406,31
2021-07-30,Solano,095,438530,36359,35340,736,36076,263
2021-07-30,Sonoma,097,501317,33529,32601,390,32991,329
2021-07-30,Stanislaus,099,539301,59563,58586,6288,64874,1035
2021-07-30,Sutter,101,95872,10260,10068,103,10171,127
2021-07-30,Tehama,103,63373,5320,5216,610,5826,66
2021-07-30,Trinity,105,12862,514,354,112,466,3
2021-07-30,Tulare,107,460477,51505,50409,9526,59935,854
2021-07-30,Tuolumne,109,53932,4540,4362,48,4410,64
2021-07-30,Ventura,111,848112,84919,83509,3460,86969,1044
2021-07-30,Yolo,113,214977,15272,14863,416,15279,215
2021-07-30,Yuba,115,75493,6818,6615,146,6761,50
2021-07-29,Alameda,001,1643700,97429,95279,2163,97442,1265
2021-07-29,Alpine,003,1148,90,89,0,89,0
2021-07-29,Amador,005,37829,3943,3877,33,3910,48
2021-07-29,Butte,007,227075,13545,13235,2005,15240,205
2021-07-29,Calaveras,009,45235,2356,2294,15,2309,57
2021-07-29,Colusa,011,21464,2040,2006,351,2357,16
2021-07-29,Contra Costa,013,1133247,77924,75866,1512,77378,832
2021-07-29,Del Norte,015,27424,1702,1576,14,1590,8
2021-07-29,El Dorado,017,186661,11351,11017,888,11905,116
2021-07-29,Fresno,019,978130,106558,104639,9061,113700,1744
2021-07-29,Glenn,021,27897,2505,2465,586,3051,20
2021-07-29,Humboldt,023,135768,5222,4978,77,5055,52
2021-07-29,Imperial,025,180216,29404,29164,2707,31871,743
2021-07-29,Inyo,027,18085,1460,1442,13,1455,38
2021-07-29,Kern,029,883053,100316,98903,11883,110786,1357
2021-07-29,Kings,031,150075,24009,23548,1165,24713,248
2021-07-29,Lake,033,64148,4405,4238,16,4254,66
2021-07-29,Lassen,035,31185,5355,5320,118,5438,21
2021-07-29,Los Angeles,037,10098052,1268128,1248545,45026,1293571,24691
2021-07-29,Madera,039,155013,17390,17058,1013,18071,245
2021-07-29,Marin,041,260295,15066,14701,289,14990,239
2021-07-29,Mariposa,043,17540,486,470,11,481,5
2021-07-29,Mendocino,045,87422,4583,4400,93,4493,49
2021-07-29,Merced,047,269075,32165,31959,1099,33058,474
2021-07-29,Modoc,049,8938,424,413,147,560,5
2021-07-29,Mono,051,14174,1300,1287,17,1304,3
2021-07-29,Monterey,053,433212,44017,43720,1964,45684,525
2021-07-29,Napa,055,140530,10551,10401,50,10451,82
2021-07-29,Nevada,057,99092,5717,5373,204,5577,72
2021-07-29,Orange,059,3164182,267673,263446,12128,275574,5144
2021-07-29,Placer,061,380077,25881,25104,1898,27002,306
2021-07-29,Plumas,063,18699,768,743,14,757,5
2021-07-29,Riverside,065,2383286,306436,300315,14523,314838,4554
2021-07-29,Sacramento,067,1510023,117688,115259,2201,117460,1720
2021-07-29,San Benito,069,59416,6270,6251,114,6365,63
2021-07-29,San Bernardino,071,2135413,304325,300726,9376,310102,5240
2021-07-29,San Diego,073,3302833,299855,295054,17229,312283,3798
2021-07-29,San Francisco,075,870044,41938,40412,1546,41958,562
2021-07-29,San Joaquin,077,732212,77794,76575,3879,80454,1443
2021-07-29,San Luis Obispo,079,281455,22368,21922,806,22728,260
2021-07-29,San Mateo,081,765935,45333,44622,588,45210,548
2021-07-29,Santa Barbara,083,443738,35979,35531,1201,36732,467
2021-07-29,Santa Clara,085,1922200,124529,122614,843,123457,2099
2021-07-29,Santa Cruz,087,273765,16900,16576,815,17391,207
2021-07-29,Shasta,089,179085,13177,12918,1754,14672,212
2021-07-29,Sierra,091,2930,75,68,12,80,0
2021-07-29,Siskiyou,093,43540,2077,1976,428,2404,31
2021-07-29,Solano,095,438530,36199,35340,726,36066,263
2021-07-29,Sonoma,097,501317,33355,32601,388,32989,329
2021-07-29,Stanislaus,099,539301,59391,58586,6273,64859,1035
2021-07-29,Sutter,101,95872,10214,10068,102,10170,127
2021-07-29,Tehama,103,63373,5307,5216,604,5820,66
2021-07-29,Trinity,105,12862,512,354,111,465,3
2021-07-29,Tulare,107,460477,51415,50409,9486,59895,854
2021-07-29,Tuolumne,109,53932,4500,4362,47,4409,64
2021-07-29,Ventura,111,848112,84753,83509,3453,86962,1044
2021-07-29,Yolo,113,214977,15205,14863,402,15265,215
2021-07-29,Yuba,115,75493,6769,6615,143,6758,50
2021-07-28,Alameda,001,1643700,96969,94965,2156,97121,1262
2021-07-28,Alpine,003,1148,90,89,0,89,0
2021-07-28,Amador,005,37829,3929,3870,33,3903,48
2021-07-28,Butte,007,227075,13488,13184,1992,15176,205
2021-07-28,Calaveras,009,45235,2335,2289,15,2304,57
2021-07-28,Colusa,011,21464,2037,2001,350,2351,16
2021-07-28,Contra Costa,013,1133247,77435,75487,1504,76991,832
2021-07-28,Del Norte,015,27424,1669,1545,14,1559,8
2021-07-28,El Dorado,017,186661,11301,10967,879,11846,116
2021-07-28,Fresno,019,978130,106309,104458,9041,113499,1744
2021-07-28,Glenn,021,27897,2502,2464,583,3047,20
2021-07-28,Humboldt,023,135768,5171,4946,76,5022,52
2021-07-28,Imperial,025,180216,29357,29096,2707,31803,743
2021-07-28,Inyo,027,18085,1454,1439,12,1451,38
2021-07-28,Kern,029,883053,100160,98781,11837,110618,1352
2021-07-28,Kings,031,150075,23945,23503,1155,24658,248
2021-07-28,Lake,033,64148,4359,4191,15,4206,65
2021-07-28,Lassen,035,31185,5347,5318,118,5436,21
2021-07-28,Los Angeles,037,10098052,1264952,1245485,44841,1290326,24673
2021-07-28,Madera,039,155013,17349,17024,1007,18031,245
2021-07-28,Marin,041,260295,15011,14652,289,14941,239
2021-07-28,Mariposa,043,17540,479,469,11,480,5
2021-07-28,Mendocino,045,87422,4555,4377,93,4470,49
2021-07-28,Merced,047,269075,32109,31886,1095,32981,474
2021-07-28,Modoc,049,8938,422,413,147,560,5
2021-07-28,Mono,051,14174,1299,1286,17,1303,3
2021-07-28,Monterey,053,433212,43970,43668,1955,45623,524
2021-07-28,Napa,055,140530,10511,10376,48,10424,82
2021-07-28,Nevada,057,99092,5663,5320,204,5524,72
2021-07-28,Orange,059,3164182,266881,262735,12099,274834,5143
2021-07-28,Placer,061,380077,25734,24978,1883,26861,306
2021-07-28,Plumas,063,18699,763,754,14,768,5
2021-07-28,Riverside,065,2383286,305669,299611,14504,314115,4554
2021-07-28,Sacramento,067,1510023,117036,114665,2182,116847,1714
2021-07-28,San Benito,069,59416,6259,6236,114,6350,63
2021-07-28,San Bernardino,071,2135413,303704,300121,9364,309485,5236
2021-07-28,San Diego,073,3302833,298581,294176,17156,311332,3798
2021-07-28,San Francisco,075,870044,41634,40144,1520,41664,561
2021-07-28,San Joaquin,077,732212,77543,76312,3849,80161,1443
2021-07-28,San Luis Obispo,079,281455,22309,21865,805,22670,260
2021-07-28,San Mateo,081,765935,45182,44477,579,45056,547
2021-07-28,Santa Barbara,083,443738,35904,35431,1196,36627,467
2021-07-28,Santa Clara,085,1922200,124267,122345,841,123186,2099
2021-07-28,Santa Cruz,087,273765,16862,16551,814,17365,207
2021-07-28,Shasta,089,179085,13132,12882,1744,14626,212
2021-07-28,Sierra,091,2930,71,67,12,79,0
2021-07-28,Siskiyou,093,43540,2068,1971,425,2396,31
2021-07-28,Solano,095,438530,36025,35204,719,35923,262
2021-07-28,Sonoma,097,501317,33212,32434,385,32819,328
2021-07-28,Stanislaus,099,539301,59194,58427,6257,64684,1035
2021-07-28,Sutter,101,95872,10182,10033,101,10134,126
2021-07-28,Tehama,103,63373,5295,5209,601,5810,66
2021-07-28,Trinity,105,12862,511,352,111,463,3
2021-07-28,Tulare,107,460477,51327,50363,9439,59802,854
2021-07-28,Tuolumne,109,53932,4461,4313,47,4360,64
2021-07-28,Ventura,111,848112,84557,83360,3437,86797,1043
2021-07-28,Yolo,113,214977,15133,14801,393,15194,215
2021-07-28,Yuba,115,75493,6736,6591,142,6733,51
2021-07-27,Alameda,001,1643700,96567,94682,2148,96830,1256
2021-07-27,Alpine,003,1148,90,89,0,89,0
2021-07-27,Amador,005,37829,3913,3861,33,3894,48
2021-07-27,Butte,007,227075,13440,13127,1981,15108,205
2021-07-27,Calaveras,009,45235,2324,2280,15,2295,57
2021-07-27,Colusa,011,21464,2028,1999,349,2348,16
2021-07-27,Contra Costa,013,1133247,76950,75227,1500,76727,830
2021-07-27,Del Norte,015,27424,1649,1538,14,1552,8
2021-07-27,El Dorado,017,186661,11241,10941,869,11810,116
2021-07-27,Fresno,019,978130,106016,104288,9018,113306,1746
2021-07-27,Glenn,021,27897,2494,2460,581,3041,20
2021-07-27,Humboldt,023,135768,5117,4925,75,5000,52
2021-07-27,Imperial,025,180216,29312,29048,2706,31754,743
2021-07-27,Inyo,027,18085,1452,1430,12,1442,38
2021-07-27,Kern,029,883053,99990,98724,11781,110505,1352
2021-07-27,Kings,031,150075,23888,23463,1145,24608,248
2021-07-27,Lake,033,64148,4320,4157,15,4172,65
2021-07-27,Lassen,035,31185,5341,5315,118,5433,21
2021-07-27,Los Angeles,037,10098052,1261487,1243336,44634,1287970,24658
2021-07-27,Madera,039,155013,17296,16998,1001,17999,245
2021-07-27,Marin,041,260295,14963,14631,286,14917,239
2021-07-27,Mariposa,043,17540,476,468,11,479,5
2021-07-27,Mendocino,045,87422,4532,4371,93,4464,49
2021-07-27,Merced,047,269075,32042,31825,1092,32917,473
2021-07-27,Modoc,049,8938,421,413,147,560,5
2021-07-27,Mono,051,14174,1295,1288,17,1305,3
2021-07-27,Monterey,053,433212,43930,43646,1944,45590,523
2021-07-27,Napa,055,140530,10481,10354,48,10402,82
2021-07-27,Nevada,057,99092,5586,5305,202,5507,72
2021-07-27,Orange,059,3164182,266138,262193,12073,274266,5143
2021-07-27,Placer,061,380077,25575,24916,1857,26773,306
2021-07-27,Plumas,063,18699,760,752,14,766,5
2021-07-27,Riverside,065,2383286,304940,299160,14485,313645,4554
2021-07-27,Sacramento,067,1510023,116433,114413,2173,116586,1710
2021-07-27,San Benito,069,59416,6250,6229,114,6343,63
2021-07-27,San Bernardino,071,2135413,303020,299593,9342,308935,5236
2021-07-27,San Diego,073,3302833,297492,293408,17077,310485,3798
2021-07-27,San Francisco,075,870044,41278,39939,1502,41441,561
2021-07-27,San Joaquin,077,732212,77280,76166,3830,79996,1442
2021-07-27,San Luis Obispo,079,281455,22254,21803,796,22599,260
2021-07-27,San Mateo,081,765935,45031,44378,576,44954,547
2021-07-27,Santa Barbara,083,443738,35809,35355,1194,36549,467
2021-07-27,Santa Clara,085,1922200,123973,122154,839,122993,2099
2021-07-27,Santa Cruz,087,273765,16816,16523,813,17336,207
2021-07-27,Shasta,089,179085,13082,12846,1731,14577,212
2021-07-27,Sierra,091,2930,71,65,12,77,0
2021-07-27,Siskiyou,093,43540,2063,1964,422,2386,31
2021-07-27,Solano,095,438530,35893,35093,709,35802,261
2021-07-27,Sonoma,097,501317,33068,32367,383,32750,328
2021-07-27,Stanislaus,099,539301,59026,58333,6229,64562,1033
2021-07-27,Sutter,101,95872,10141,9998,101,10099,115
2021-07-27,Tehama,103,63373,5273,5192,599,5791,66
2021-07-27,Trinity,105,12862,510,351,111,462,3
2021-07-27,Tulare,107,460477,51261,50324,9408,59732,854
2021-07-27,Tuolumne,109,53932,4409,4282,47,4329,64
2021-07-27,Ventura,111,848112,84349,83189,3425,86614,1043
2021-07-27,Yolo,113,214977,15059,14759,387,15146,215
2021-07-27,Yuba,115,75493,6714,6564,140,6704,51
2021-07-26,Alameda,001,1643700,96120,94436,2144,96580,1259
2021-07-26,Alpine,003,1148,90,89,0,89,0
2021-07-26,Amador,005,37829,3903,3854,33,3887,48
2021-07-26,Butte,007,227075,13385,13082,1970,15052,203
2021-07-26,Calaveras,009,45235,2318,2276,15,2291,57
2021-07-26,Colusa,011,21464,2021,1996,347,2343,16
2021-07-26,Contra Costa,013,1133247,76453,74854,1493,76347,830
2021-07-26,Del Norte,015,27424,1628,1530,14,1544,8
2021-07-26,El Dorado,017,186661,11177,10899,866,11765,116
2021-07-26,Fresno,019,978130,105812,104143,8995,113138,1742
2021-07-26,Glenn,021,27897,2492,2461,580,3041,20
2021-07-26,Humboldt,023,135768,5078,4906,73,4979,52
2021-07-26,Imperial,025,180216,29272,29034,2706,31740,743
2021-07-26,Inyo,027,18085,1447,1429,12,1441,38
2021-07-26,Kern,029,883053,99824,98633,11716,110349,1351
2021-07-26,Kings,031,150075,23839,23426,1141,24567,247
2021-07-26,Lake,033,64148,4299,4133,15,4148,65
2021-07-26,Lassen,035,31185,5337,5314,118,5432,21
2021-07-26,Los Angeles,037,10098052,1258140,1241527,44463,1285990,24647
2021-07-26,Madera,039,155013,17268,16971,994,17965,245
2021-07-26,Marin,041,260295,14906,14579,285,14864,239
2021-07-26,Mariposa,043,17540,475,467,11,478,5
2021-07-26,Mendocino,045,87422,4511,4354,93,4447,49
2021-07-26,Merced,047,269075,31951,31774,1088,32862,473
2021-07-26,Modoc,049,8938,421,413,147,560,5
2021-07-26,Mono,051,14174,1294,1286,17,1303,3
2021-07-26,Monterey,053,433212,43887,43595,1932,45527,521
2021-07-26,Napa,055,140530,10458,10332,48,10380,82
2021-07-26,Nevada,057,99092,5500,5280,202,5482,72
2021-07-26,Orange,059,3164182,265500,261803,12053,273856,5142
2021-07-26,Placer,061,380077,25439,24842,1836,26678,304
2021-07-26,Plumas,063,18699,756,750,14,764,5
2021-07-26,Riverside,065,2383286,304248,298626,14471,313097,4553
2021-07-26,Sacramento,067,1510023,115834,113986,2157,116143,1705
2021-07-26,San Benito,069,59416,6244,6222,114,6336,63
2021-07-26,San Bernardino,071,2135413,302405,299238,9329,308567,5237
2021-07-26,San Diego,073,3302833,296384,292688,16995,309683,3793
2021-07-26,San Francisco,075,870044,40917,39800,1476,41276,561
2021-07-26,San Joaquin,077,732212,77045,76033,3826,79859,1440
2021-07-26,San Luis Obispo,079,281455,22205,21752,793,22545,260
2021-07-26,San Mateo,081,765935,44883,44297,568,44865,547
2021-07-26,Santa Barbara,083,443738,35736,35311,1182,36493,467
2021-07-26,Santa Clara,085,1922200,123664,121978,830,122808,2099
2021-07-26,Santa Cruz,087,273765,16776,16493,810,17303,207
2021-07-26,Shasta,089,179085,13033,12819,1720,14539,211
2021-07-26,Sierra,091,2930,70,65,12,77,0
2021-07-26,Siskiyou,093,43540,2060,1962,420,2382,31
2021-07-26,Solano,095,438530,35738,34990,702,35692,259
2021-07-26,Sonoma,097,501317,32932,32283,381,32664,328
2021-07-26,Stanislaus,099,539301,58881,58219,6210,64429,1033
2021-07-26,Sutter,101,95872,10101,9963,98,10061,115
2021-07-26,Tehama,103,63373,5263,5183,595,5778,66
2021-07-26,Trinity,105,12862,510,351,110,461,3
2021-07-26,Tulare,107,460477,51195,50265,9379,59644,854
2021-07-26,Tuolumne,109,53932,4379,4271,46,4317,64
2021-07-26,Ventura,111,848112,84176,83072,3410,86482,1041
2021-07-26,Yolo,113,214977,14998,14727,375,15102,215
2021-07-26,Yuba,115,75493,6680,6538,138,6676,51
2021-07-25,Alameda,001,1643700,95628,94146,2138,96284,1259
2021-07-25,Alpine,003,1148,88,89,0,89,0
2021-07-25,Amador,005,37829,3888,3848,33,3881,48
2021-07-25,Butte,007,227075,13346,13074,1960,15034,203
2021-07-25,Calaveras,009,45235,2308,2275,15,2290,57
2021-07-25,Colusa,011,21464,2012,1996,343,2339,16
2021-07-25,Contra Costa,013,1133247,75969,74634,1479,76113,830
2021-07-25,Del Norte,015,27424,1607,1526,14,1540,8
2021-07-25,El Dorado,017,186661,11120,10878,862,11740,116
2021-07-25,Fresno,019,978130,105570,104019,8979,112998,1742
2021-07-25,Glenn,021,27897,2483,2461,578,3039,20
2021-07-25,Humboldt,023,135768,5019,4892,72,4964,52
2021-07-25,Imperial,025,180216,29236,29037,2706,31743,743
2021-07-25,Inyo,027,18085,1442,1427,12,1439,38
2021-07-25,Kern,029,883053,99652,98503,11645,110148,1351
2021-07-25,Kings,031,150075,23785,23396,1137,24533,247
2021-07-25,Lake,033,64148,4246,4109,14,4123,65
2021-07-25,Lassen,035,31185,5332,5314,118,5432,21
2021-07-25,Los Angeles,037,10098052,1254721,1239596,44269,1283865,24643
2021-07-25,Madera,039,155013,17231,16947,987,17934,245
2021-07-25,Marin,041,260295,14856,14558,282,14840,239
2021-07-25,Mariposa,043,17540,472,465,11,476,5
2021-07-25,Mendocino,045,87422,4482,4335,91,4426,49
2021-07-25,Merced,047,269075,31878,31760,1086,32846,473
2021-07-25,Modoc,049,8938,421,413,147,560,5
2021-07-25,Mono,051,14174,1291,1286,17,1303,3
2021-07-25,Monterey,053,433212,43849,43590,1924,45514,521
2021-07-25,Napa,055,140530,10422,10316,47,10363,82
2021-07-25,Nevada,057,99092,5435,5256,199,5455,72
2021-07-25,Orange,059,3164182,264792,261351,12030,273381,5142
2021-07-25,Placer,061,380077,25317,24755,1815,26570,304
2021-07-25,Plumas,063,18699,754,750,14,764,5
2021-07-25,Riverside,065,2383286,303484,298181,14454,312635,4553
2021-07-25,Sacramento,067,1510023,115284,113611,2142,115753,1704
2021-07-25,San Benito,069,59416,6237,6217,114,6331,63
2021-07-25,San Bernardino,071,2135413,301747,298982,9322,308304,5237
2021-07-25,San Diego,073,3302833,295322,290626,16921,307547,3793
2021-07-25,San Francisco,075,870044,40567,39663,1451,41114,561
2021-07-25,San Joaquin,077,732212,76789,75926,3807,79733,1440
2021-07-25,San Luis Obispo,079,281455,22132,21741,790,22531,260
2021-07-25,San Mateo,081,765935,44721,44189,562,44751,547
2021-07-25,Santa Barbara,083,443738,35656,35261,1179,36440,467
2021-07-25,Santa Clara,085,1922200,123334,121800,825,122625,2099
2021-07-25,Santa Cruz,087,273765,16729,16474,809,17283,207
2021-07-25,Shasta,089,179085,12986,12815,1715,14530,211
2021-07-25,Sierra,091,2930,70,65,12,77,0
2021-07-25,Siskiyou,093,43540,2052,1963,417,2380,31
2021-07-25,Solano,095,438530,35546,34863,699,35562,259
2021-07-25,Sonoma,097,501317,32807,32202,378,32580,328
2021-07-25,Stanislaus,099,539301,58713,58154,6205,64359,1033
2021-07-25,Sutter,101,95872,10048,9937,96,10033,115
2021-07-25,Tehama,103,63373,5247,5181,594,5775,66
2021-07-25,Trinity,105,12862,508,351,108,459,3
2021-07-25,Tulare,107,460477,51120,50221,9341,59562,854
2021-07-25,Tuolumne,109,53932,4328,4267,46,4313,64
2021-07-25,Ventura,111,848112,83962,82986,3387,86373,1041
2021-07-25,Yolo,113,214977,14937,14693,361,15054,215
2021-07-25,Yuba,115,75493,6647,6519,138,6657,51
2021-07-24,Alameda,001,1643700,95347,93170,2134,95304,1259
2021-07-24,Alpine,003,1148,88,89,0,89,0
2021-07-24,Amador,005,37829,3879,3816,33,3849,48
2021-07-24,Butte,007,227075,13317,12982,1958,14940,203
2021-07-24,Calaveras,009,45235,2303,2267,15,2282,57
2021-07-24,Colusa,011,21464,2011,1992,341,2333,16
2021-07-24,Contra Costa,013,1133247,75741,73682,1476,75158,830
2021-07-24,Del Norte,015,27424,1596,1497,14,1511,8
2021-07-24,El Dorado,017,186661,11086,10773,859,11632,116
2021-07-24,Fresno,019,978130,105452,103637,8969,112606,1736
2021-07-24,Glenn,021,27897,2481,2457,578,3035,20
2021-07-24,Humboldt,023,135768,4984,4780,71,4851,52
2021-07-24,Imperial,025,180216,29216,28996,2706,31702,742
2021-07-24,Inyo,027,18085,1439,1424,12,1436,38
2021-07-24,Kern,029,883053,99574,98261,11623,109884,1350
2021-07-24,Kings,031,150075,23754,23304,1134,24438,246
2021-07-24,Lake,033,64148,4223,3963,14,3977,64
2021-07-24,Lassen,035,31185,5331,5311,118,5429,21
2021-07-24,Los Angeles,037,10098052,1252945,1232164,44140,1276304,24623
2021-07-24,Madera,039,155013,17207,16885,985,17870,245
2021-07-24,Marin,041,260295,14817,14454,282,14736,238
2021-07-24,Mariposa,043,17540,472,453,11,464,5
2021-07-24,Mendocino,045,87422,4457,4293,91,4384,49
2021-07-24,Merced,047,269075,31856,31661,1085,32746,473
2021-07-24,Modoc,049,8938,421,413,147,560,5
2021-07-24,Mono,051,14174,1289,1284,17,1301,3
2021-07-24,Monterey,053,433212,43824,43525,1917,45442,521
2021-07-24,Napa,055,140530,10406,10230,47,10277,81
2021-07-24,Nevada,057,99092,5403,5183,199,5382,72
2021-07-24,Orange,059,3164182,264326,259973,12018,271991,5141
2021-07-24,Placer,061,380077,25234,24530,1810,26340,303
2021-07-24,Plumas,063,18699,753,737,14,751,4
2021-07-24,Riverside,065,2383286,303016,296912,14444,311356,4552
2021-07-24,Sacramento,067,1510023,114970,112438,2138,114576,1698
2021-07-24,San Benito,069,59416,6233,6200,113,6313,63
2021-07-24,San Bernardino,071,2135413,301355,297899,9313,307212,5236
2021-07-24,San Diego,073,3302833,294856,289368,16893,306261,3788
2021-07-24,San Francisco,075,870044,40393,38954,1435,40389,561
2021-07-24,San Joaquin,077,732212,76661,75461,3796,79257,1436
2021-07-24,San Luis Obispo,079,281455,22101,21616,788,22404,260
2021-07-24,San Mateo,081,765935,44604,43880,556,44436,542
2021-07-24,Santa Barbara,083,443738,35597,35071,1175,36246,465
2021-07-24,Santa Clara,085,1922200,123122,121092,824,121916,2099
2021-07-24,Santa Cruz,087,273765,16706,16416,809,17225,207
2021-07-24,Shasta,089,179085,12958,12759,1712,14471,211
2021-07-24,Sierra,091,2930,69,64,12,76,0
2021-07-24,Siskiyou,093,43540,2052,1951,417,2368,31
2021-07-24,Solano,095,438530,35454,34499,690,35189,259
2021-07-24,Sonoma,097,501317,32682,31928,376,32304,327
2021-07-24,Stanislaus,099,539301,58621,57879,6195,64074,1030
2021-07-24,Sutter,101,95872,10021,9890,96,9986,115
2021-07-24,Tehama,103,63373,5240,5166,592,5758,65
2021-07-24,Trinity,105,12862,508,345,108,453,3
2021-07-24,Tulare,107,460477,51077,50104,9324,59428,854
2021-07-24,Tuolumne,109,53932,4302,4216,46,4262,64
2021-07-24,Ventura,111,848112,83835,82687,3371,86058,1041
2021-07-24,Yolo,113,214977,14899,14557,357,14914,214
2021-07-24,Yuba,115,75493,6628,6449,138,6587,51
2021-07-23,Alameda,001,1643700,95094,93170,2130,95300,1259
2021-07-23,Alpine,003,1148,88,89,0,89,0
2021-07-23,Amador,005,37829,3872,3816,33,3849,48
2021-07-23,Butte,007,227075,13288,12982,1950,14932,203
2021-07-23,Calaveras,009,45235,2293,2267,15,2282,57
2021-07-23,Colusa,011,21464,2010,1992,341,2333,16
2021-07-23,Contra Costa,013,1133247,75481,73682,1467,75149,830
2021-07-23,Del Norte,015,27424,1588,1497,14,1511,8
2021-07-23,El Dorado,017,186661,11057,10773,855,11628,116
2021-07-23,Fresno,019,978130,105320,103637,8959,112596,1736
2021-07-23,Glenn,021,27897,2479,2457,575,3032,20
2021-07-23,Humboldt,023,135768,4962,4780,68,4848,52
2021-07-23,Imperial,025,180216,29204,28996,2706,31702,742
2021-07-23,Inyo,027,18085,1436,1424,12,1436,38
2021-07-23,Kern,029,883053,99492,98261,11598,109859,1350
2021-07-23,Kings,031,150075,23723,23304,1131,24435,246
2021-07-23,Lake,033,64148,4194,3963,14,3977,64
2021-07-23,Lassen,035,31185,5329,5311,118,5429,21
2021-07-23,Los Angeles,037,10098052,1251004,1232164,44031,1276195,24623
2021-07-23,Madera,039,155013,17177,16885,980,17865,245
2021-07-23,Marin,041,260295,14780,14454,280,14734,238
2021-07-23,Mariposa,043,17540,469,453,11,464,5
2021-07-23,Mendocino,045,87422,4444,4293,91,4384,49
2021-07-23,Merced,047,269075,31831,31661,1085,32746,473
2021-07-23,Modoc,049,8938,421,413,147,560,5
2021-07-23,Mono,051,14174,1288,1284,17,1301,3
2021-07-23,Monterey,053,433212,43798,43525,1917,45442,521
2021-07-23,Napa,055,140530,10385,10230,47,10277,81
2021-07-23,Nevada,057,99092,5359,5183,199,5382,72
2021-07-23,Orange,059,3164182,263877,259973,11995,271968,5141
2021-07-23,Placer,061,380077,25154,24530,1794,26324,303
2021-07-23,Plumas,063,18699,751,737,14,751,4
2021-07-23,Riverside,065,2383286,302551,296912,14432,311344,4552
2021-07-23,Sacramento,067,1510023,114616,112438,2136,114574,1698
2021-07-23,San Benito,069,59416,6227,6200,113,6313,63
2021-07-23,San Bernardino,071,2135413,300972,297899,9304,307203,5236
2021-07-23,San Diego,073,3302833,294248,289368,16845,306213,3788
2021-07-23,San Francisco,075,870044,40207,38954,1423,40377,561
2021-07-23,San Joaquin,077,732212,76557,75461,3781,79242,1436
2021-07-23,San Luis Obispo,079,281455,22062,21616,788,22404,260
2021-07-23,San Mateo,081,765935,44500,43880,552,44432,542
2021-07-23,Santa Barbara,083,443738,35532,35071,1174,36245,465
2021-07-23,Santa Clara,085,1922200,122903,121092,821,121913,2099
2021-07-23,Santa Cruz,087,273765,16681,16416,809,17225,207
2021-07-23,Shasta,089,179085,12931,12759,1709,14468,211
2021-07-23,Sierra,091,2930,69,64,12,76,0
2021-07-23,Siskiyou,093,43540,2050,1951,417,2368,31
2021-07-23,Solano,095,438530,35362,34499,686,35185,259
2021-07-23,Sonoma,097,501317,32587,31928,375,32303,327
2021-07-23,Stanislaus,099,539301,58545,57879,6186,64065,1030
2021-07-23,Sutter,101,95872,9992,9890,96,9986,115
2021-07-23,Tehama,103,63373,5231,5166,592,5758,65
2021-07-23,Trinity,105,12862,507,345,107,452,3
2021-07-23,Tulare,107,460477,51031,50104,9303,59407,854
2021-07-23,Tuolumne,109,53932,4280,4216,46,4262,64
2021-07-23,Ventura,111,848112,83673,82687,3353,86040,1041
2021-07-23,Yolo,113,214977,14862,14557,350,14907,214
2021-07-23,Yuba,115,75493,6602,6449,137,6586,51
2021-07-22,Alameda,001,1643700,94740,93170,2126,95296,1259
2021-07-22,Alpine,003,1148,88,89,0,89,0
2021-07-22,Amador,005,37829,3863,3816,33,3849,48
2021-07-22,Butte,007,227075,13254,12982,1941,14923,203
2021-07-22,Calaveras,009,45235,2283,2267,15,2282,57
2021-07-22,Colusa,011,21464,2008,1992,338,2330,16
2021-07-22,Contra Costa,013,1133247,75142,73682,1462,75144,830
2021-07-22,Del Norte,015,27424,1571,1497,14,1511,8
2021-07-22,El Dorado,017,186661,11021,10773,847,11620,116
2021-07-22,Fresno,019,978130,105191,103637,8949,112586,1736
2021-07-22,Glenn,021,27897,2475,2457,575,3032,20
2021-07-22,Humboldt,023,135768,4931,4780,66,4846,52
2021-07-22,Imperial,025,180216,29174,28996,2706,31702,742
2021-07-22,Inyo,027,18085,1434,1424,12,1436,38
2021-07-22,Kern,029,883053,99377,98261,11557,109818,1350
2021-07-22,Kings,031,150075,23684,23304,1129,24433,246
2021-07-22,Lake,033,64148,4143,3963,14,3977,64
2021-07-22,Lassen,035,31185,5326,5311,118,5429,21
2021-07-22,Los Angeles,037,10098052,1248569,1232164,43851,1276015,24623
2021-07-22,Madera,039,155013,17142,16885,978,17863,245
2021-07-22,Marin,041,260295,14739,14454,279,14733,238
2021-07-22,Mariposa,043,17540,462,453,11,464,5
2021-07-22,Mendocino,045,87422,4431,4293,90,4383,49
2021-07-22,Merced,047,269075,31789,31661,1084,32745,473
2021-07-22,Modoc,049,8938,421,413,147,560,5
2021-07-22,Mono,051,14174,1287,1284,17,1301,3
2021-07-22,Monterey,053,433212,43770,43525,1911,45436,521
2021-07-22,Napa,055,140530,10367,10230,47,10277,81
2021-07-22,Nevada,057,99092,5333,5183,198,5381,72
2021-07-22,Orange,059,3164182,263324,259973,11986,271959,5141
2021-07-22,Placer,061,380077,25060,24530,1783,26313,303
2021-07-22,Plumas,063,18699,750,737,14,751,4
2021-07-22,Riverside,065,2383286,302043,296912,14411,311323,4552
2021-07-22,Sacramento,067,1510023,114178,112438,2127,114565,1698
2021-07-22,San Benito,069,59416,6220,6200,113,6313,63
2021-07-22,San Bernardino,071,2135413,300569,297899,9289,307188,5236
2021-07-22,San Diego,073,3302833,293518,289368,16785,306153,3788
2021-07-22,San Francisco,075,870044,39994,38954,1411,40365,561
2021-07-22,San Joaquin,077,732212,76414,75461,3769,79230,1436
2021-07-22,San Luis Obispo,079,281455,22024,21616,784,22400,260
2021-07-22,San Mateo,081,765935,44388,43880,547,44427,542
2021-07-22,Santa Barbara,083,443738,35466,35071,1172,36243,465
2021-07-22,Santa Clara,085,1922200,122662,121092,818,121910,2099
2021-07-22,Santa Cruz,087,273765,16644,16416,808,17224,207
2021-07-22,Shasta,089,179085,12907,12759,1705,14464,211
2021-07-22,Sierra,091,2930,67,64,12,76,0
2021-07-22,Siskiyou,093,43540,2047,1951,417,2368,31
2021-07-22,Solano,095,438530,35216,34499,679,35178,259
2021-07-22,Sonoma,097,501317,32477,31928,373,32301,327
2021-07-22,Stanislaus,099,539301,58417,57879,6174,64053,1030
2021-07-22,Sutter,101,95872,9971,9890,96,9986,115
2021-07-22,Tehama,103,63373,5225,5166,592,5758,65
2021-07-22,Trinity,105,12862,507,345,107,452,3
2021-07-22,Tulare,107,460477,50988,50104,9275,59379,854
2021-07-22,Tuolumne,109,53932,4268,4216,46,4262,64
2021-07-22,Ventura,111,848112,83539,82687,3340,86027,1041
2021-07-22,Yolo,113,214977,14824,14557,350,14907,214
2021-07-22,Yuba,115,75493,6571,6449,134,6583,51
2021-07-21,Alameda,001,1643700,94420,92840,2123,94963,1256
2021-07-21,Alpine,003,1148,88,89,0,89,0
2021-07-21,Amador,005,37829,3850,3813,33,3846,48
2021-07-21,Butte,007,227075,13213,12939,1936,14875,203
2021-07-21,Calaveras,009,45235,2279,2257,15,2272,57
2021-07-21,Colusa,011,21464,2004,1988,337,2325,16
2021-07-21,Contra Costa,013,1133247,74878,73320,1453,74773,827
2021-07-21,Del Norte,015,27424,1561,1492,14,1506,8
2021-07-21,El Dorado,017,186661,10984,10742,843,11585,116
2021-07-21,Fresno,019,978130,105043,103504,8940,112444,1736
2021-07-21,Glenn,021,27897,2473,2455,574,3029,20
2021-07-21,Humboldt,023,135768,4899,4763,64,4827,52
2021-07-21,Imperial,025,180216,29162,28964,2703,31667,742
2021-07-21,Inyo,027,18085,1434,1423,12,1435,38
2021-07-21,Kern,029,883053,99259,98152,11516,109668,1350
2021-07-21,Kings,031,150075,23656,23270,1125,24395,246
2021-07-21,Lake,033,64148,4077,3896,14,3910,64
2021-07-21,Lassen,035,31185,5323,5310,118,5428,21
2021-07-21,Los Angeles,037,10098052,1246057,1229598,43713,1273311,24609
2021-07-21,Madera,039,155013,17118,16858,976,17834,245
2021-07-21,Marin,041,260295,14690,14427,279,14706,238
2021-07-21,Mariposa,043,17540,458,449,11,460,5
2021-07-21,Mendocino,045,87422,4413,4274,90,4364,49
2021-07-21,Merced,047,269075,31750,31607,1080,32687,473
2021-07-21,Modoc,049,8938,421,413,147,560,5
2021-07-21,Mono,051,14174,1284,1282,17,1299,3
2021-07-21,Monterey,053,433212,43740,43502,1908,45410,515
2021-07-21,Napa,055,140530,10341,10209,47,10256,81
2021-07-21,Nevada,057,99092,5298,5152,198,5350,72
2021-07-21,Orange,059,3164182,262771,259615,11956,271571,5139
2021-07-21,Placer,061,380077,24951,24441,1772,26213,303
2021-07-21,Plumas,063,18699,750,736,14,750,4
2021-07-21,Riverside,065,2383286,301530,296419,14394,310813,4552
2021-07-21,Sacramento,067,1510023,113756,112043,2116,114159,1696
2021-07-21,San Benito,069,59416,6210,6196,113,6309,63
2021-07-21,San Bernardino,071,2135413,300113,297519,9281,306800,5230
2021-07-21,San Diego,073,3302833,292669,288682,16722,305404,3787
2021-07-21,San Francisco,075,870044,39769,38699,1406,40105,559
2021-07-21,San Joaquin,077,732212,76225,75288,3757,79045,1434
2021-07-21,San Luis Obispo,079,281455,21987,21579,781,22360,260
2021-07-21,San Mateo,081,765935,44296,43755,543,44298,542
2021-07-21,Santa Barbara,083,443738,35407,34998,1156,36154,465
2021-07-21,Santa Clara,085,1922200,122453,120838,816,121654,2099
2021-07-21,Santa Cruz,087,273765,16610,16407,808,17215,207
2021-07-21,Shasta,089,179085,12874,12751,1702,14453,211
2021-07-21,Sierra,091,2930,67,64,12,76,0
2021-07-21,Siskiyou,093,43540,2045,1943,415,2358,31
2021-07-21,Solano,095,438530,35058,34374,674,35048,258
2021-07-21,Sonoma,097,501317,32361,31789,373,32162,327
2021-07-21,Stanislaus,099,539301,58315,57774,6164,63938,1028
2021-07-21,Sutter,101,95872,9947,9862,96,9958,113
2021-07-21,Tehama,103,63373,5221,5161,592,5753,65
2021-07-21,Trinity,105,12862,505,345,106,451,3
2021-07-21,Tulare,107,460477,50928,50066,9250,59316,854
2021-07-21,Tuolumne,109,53932,4231,4156,46,4202,64
2021-07-21,Ventura,111,848112,83417,82573,3328,85901,1041
2021-07-21,Yolo,113,214977,14782,14525,349,14874,213
2021-07-21,Yuba,115,75493,6543,6425,134,6559,52
2021-07-20,Alameda,001,1643700,94047,92625,2109,94734,1256
2021-07-20,Alpine,003,1148,88,89,0,89,0
2021-07-20,Amador,005,37829,3839,3807,33,3840,48
2021-07-20,Butte,007,227075,13176,12916,1931,14847,203
2021-07-20,Calaveras,009,45235,2276,2249,15,2264,57
2021-07-20,Colusa,011,21464,2004,1985,337,2322,16
2021-07-20,Contra Costa,013,1133247,74594,73143,1435,74578,825
2021-07-20,Del Norte,015,27424,1551,1490,14,1504,8
2021-07-20,El Dorado,017,186661,10944,10727,839,11566,116
2021-07-20,Fresno,019,978130,104908,103438,8921,112359,1736
2021-07-20,Glenn,021,27897,2473,2453,574,3027,20
2021-07-20,Humboldt,023,135768,4854,4735,62,4797,52
2021-07-20,Imperial,025,180216,29142,28933,2703,31636,742
2021-07-20,Inyo,027,18085,1430,1420,12,1432,36
2021-07-20,Kern,029,883053,99146,98082,11488,109570,1350
2021-07-20,Kings,031,150075,23615,23254,1120,24374,246
2021-07-20,Lake,033,64148,4052,3871,14,3885,64
2021-07-20,Lassen,035,31185,5323,5306,118,5424,21
2021-07-20,Los Angeles,037,10098052,1243261,1227404,43548,1270952,24603
2021-07-20,Madera,039,155013,17097,16856,972,17828,245
2021-07-20,Marin,041,260295,14654,14396,276,14672,234
2021-07-20,Mariposa,043,17540,456,448,11,459,5
2021-07-20,Mendocino,045,87422,4396,4259,90,4349,49
2021-07-20,Merced,047,269075,31711,31578,1073,32651,473
2021-07-20,Modoc,049,8938,421,413,147,560,5
2021-07-20,Mono,051,14174,1280,1281,17,1298,3
2021-07-20,Monterey,053,433212,43709,43481,1905,45386,515
2021-07-20,Napa,055,140530,10318,10191,47,10238,81
2021-07-20,Nevada,057,99092,5279,5148,197,5345,72
2021-07-20,Orange,059,3164182,262214,259303,11926,271229,5139
2021-07-20,Placer,061,380077,24859,24408,1750,26158,303
2021-07-20,Plumas,063,18699,748,736,14,750,4
2021-07-20,Riverside,065,2383286,300995,296118,14380,310498,4543
2021-07-20,Sacramento,067,1510023,113316,111796,2086,113882,1695
2021-07-20,San Benito,069,59416,6203,6196,113,6309,63
2021-07-20,San Bernardino,071,2135413,299704,297222,9256,306478,5231
2021-07-20,San Diego,073,3302833,291743,288209,16626,304835,3786
2021-07-20,San Francisco,075,870044,39511,38536,1395,39931,558
2021-07-20,San Joaquin,077,732212,76053,75198,3744,78942,1433
2021-07-20,San Luis Obispo,079,281455,21941,21556,780,22336,259
2021-07-20,San Mateo,081,765935,44177,43670,542,44212,542
2021-07-20,Santa Barbara,083,443738,35337,34935,1150,36085,462
2021-07-20,Santa Clara,085,1922200,122196,120704,814,121518,2098
2021-07-20,Santa Cruz,087,273765,16581,16399,808,17207,207
2021-07-20,Shasta,089,179085,12848,12734,1698,14432,211
2021-07-20,Sierra,091,2930,67,64,12,76,0
2021-07-20,Siskiyou,093,43540,2041,1931,414,2345,31
2021-07-20,Solano,095,438530,34923,34337,667,35004,258
2021-07-20,Sonoma,097,501317,32242,31763,372,32135,326
2021-07-20,Stanislaus,099,539301,58200,57706,6159,63865,1028
2021-07-20,Sutter,101,95872,9920,9854,93,9947,114
2021-07-20,Tehama,103,63373,5219,5153,592,5745,65
2021-07-20,Trinity,105,12862,503,344,105,449,3
2021-07-20,Tulare,107,460477,50886,50047,9233,59280,854
2021-07-20,Tuolumne,109,53932,4212,4156,46,4202,64
2021-07-20,Ventura,111,848112,83264,82504,3313,85817,1041
2021-07-20,Yolo,113,214977,14717,14495,346,14841,213
2021-07-20,Yuba,115,75493,6518,6393,131,6524,52
2021-07-19,Alameda,001,1643700,93673,92357,2093,94450,1256
2021-07-19,Alpine,003,1148,88,89,0,89,0
2021-07-19,Amador,005,37829,3835,3802,33,3835,48
2021-07-19,Butte,007,227075,13132,12901,1926,14827,202
2021-07-19,Calaveras,009,45235,2272,2245,15,2260,57
2021-07-19,Colusa,011,21464,2002,1981,337,2318,16
2021-07-19,Contra Costa,013,1133247,74282,72935,1415,74350,825
2021-07-19,Del Norte,015,27424,1538,1484,14,1498,8
2021-07-19,El Dorado,017,186661,10914,10703,831,11534,114
2021-07-19,Fresno,019,978130,104778,103350,8908,112258,1731
2021-07-19,Glenn,021,27897,2473,2452,573,3025,20
2021-07-19,Humboldt,023,135768,4824,4719,60,4779,52
2021-07-19,Imperial,025,180216,29115,28888,2702,31590,742
2021-07-19,Inyo,027,18085,1429,1417,12,1429,36
2021-07-19,Kern,029,883053,99032,97999,11455,109454,1349
2021-07-19,Kings,031,150075,23585,23221,1114,24335,246
2021-07-19,Lake,033,64148,4016,3848,14,3862,64
2021-07-19,Lassen,035,31185,5322,5305,118,5423,21
2021-07-19,Los Angeles,037,10098052,1240656,1225946,43361,1269307,24600
2021-07-19,Madera,039,155013,17074,16846,969,17815,244
2021-07-19,Marin,041,260295,14619,14369,273,14642,234
2021-07-19,Mariposa,043,17540,450,447,11,458,5
2021-07-19,Mendocino,045,87422,4378,4251,90,4341,49
2021-07-19,Merced,047,269075,31647,31565,1066,32631,472
2021-07-19,Modoc,049,8938,420,413,147,560,5
2021-07-19,Mono,051,14174,1278,1280,17,1297,3
2021-07-19,Monterey,053,433212,43685,43436,1904,45340,515
2021-07-19,Napa,055,140530,10293,10180,45,10225,81
2021-07-19,Nevada,057,99092,5251,5133,196,5329,72
2021-07-19,Orange,059,3164182,261691,258927,11894,270821,5138
2021-07-19,Placer,061,380077,24760,24359,1728,26087,303
2021-07-19,Plumas,063,18699,748,730,14,744,4
2021-07-19,Riverside,065,2383286,300505,295736,14342,310078,4543
2021-07-19,Sacramento,067,1510023,112952,111470,2062,113532,1696
2021-07-19,San Benito,069,59416,6200,6193,113,6306,63
2021-07-19,San Bernardino,071,2135413,299331,296929,9237,306166,5235
2021-07-19,San Diego,073,3302833,290843,287695,16521,304216,3786
2021-07-19,San Francisco,075,870044,39238,38463,1382,39845,560
2021-07-19,San Joaquin,077,732212,75888,75086,3739,78825,1431
2021-07-19,San Luis Obispo,079,281455,21896,21531,776,22307,259
2021-07-19,San Mateo,081,765935,44035,43563,533,44096,542
2021-07-19,Santa Barbara,083,443738,35265,34904,1148,36052,461
2021-07-19,Santa Clara,085,1922200,121938,120554,813,121367,2098
2021-07-19,Santa Cruz,087,273765,16565,16387,808,17195,207
2021-07-19,Shasta,089,179085,12830,12723,1696,14419,209
2021-07-19,Sierra,091,2930,66,64,12,76,0
2021-07-19,Siskiyou,093,43540,2036,1927,412,2339,31
2021-07-19,Solano,095,438530,34748,34262,656,34918,261
2021-07-19,Sonoma,097,501317,32121,31713,371,32084,325
2021-07-19,Stanislaus,099,539301,58099,57644,6149,63793,1027
2021-07-19,Sutter,101,95872,9904,9834,93,9927,114
2021-07-19,Tehama,103,63373,5213,5152,590,5742,65
2021-07-19,Trinity,105,12862,503,344,104,448,3
2021-07-19,Tulare,107,460477,50839,49994,9217,59211,855
2021-07-19,Tuolumne,109,53932,4202,4151,46,4197,64
2021-07-19,Ventura,111,848112,83168,82409,3291,85700,1041
2021-07-19,Yolo,113,214977,14685,14439,344,14783,213
2021-07-19,Yuba,115,75493,6494,6370,131,6501,52
2021-07-18,Alameda,001,1643700,93312,92162,2081,94243,1256
2021-07-18,Alpine,003,1148,88,89,0,89,0
2021-07-18,Amador,005,37829,3824,3799,33,3832,48
2021-07-18,Butte,007,227075,13089,12888,1921,14809,202
2021-07-18,Calaveras,009,45235,2269,2243,15,2258,57
2021-07-18,Colusa,011,21464,2002,1981,336,2317,16
2021-07-18,Contra Costa,013,1133247,73966,72849,1397,74246,825
2021-07-18,Del Norte,015,27424,1529,1482,14,1496,8
2021-07-18,El Dorado,017,186661,10877,10687,823,11510,114
2021-07-18,Fresno,019,978130,104624,103298,8890,112188,1731
2021-07-18,Glenn,021,27897,2472,2452,572,3024,20
2021-07-18,Humboldt,023,135768,4788,4714,60,4774,52
2021-07-18,Imperial,025,180216,29078,28877,2701,31578,742
2021-07-18,Inyo,027,18085,1425,1417,12,1429,36
2021-07-18,Kern,029,883053,98906,97963,11413,109376,1349
2021-07-18,Kings,031,150075,23564,23203,1110,24313,246
2021-07-18,Lake,033,64148,3980,3825,14,3839,64
2021-07-18,Lassen,035,31185,5322,5305,118,5423,21
2021-07-18,Los Angeles,037,10098052,1237969,1224691,43170,1267861,24598
2021-07-18,Madera,039,155013,17049,16838,965,17803,244
2021-07-18,Marin,041,260295,14583,14358,271,14629,234
2021-07-18,Mariposa,043,17540,449,447,11,458,5
2021-07-18,Mendocino,045,87422,4357,4246,90,4336,49
2021-07-18,Merced,047,269075,31616,31537,1064,32601,471
2021-07-18,Modoc,049,8938,420,413,147,560,5
2021-07-18,Mono,051,14174,1277,1280,17,1297,3
2021-07-18,Monterey,053,433212,43667,43422,1894,45316,515
2021-07-18,Napa,055,140530,10276,10174,42,10216,81
2021-07-18,Nevada,057,99092,5225,5124,196,5320,72
2021-07-18,Orange,059,3164182,261207,258724,11866,270590,5138
2021-07-18,Placer,061,380077,24693,24313,1701,26014,303
2021-07-18,Plumas,063,18699,748,730,14,744,4
2021-07-18,Riverside,065,2383286,300013,295522,14300,309822,4543
2021-07-18,Sacramento,067,1510023,112521,111255,2029,113284,1696
2021-07-18,San Benito,069,59416,6192,6191,113,6304,63
2021-07-18,San Bernardino,071,2135413,298856,296739,9222,305961,5233
2021-07-18,San Diego,073,3302833,290027,286287,16437,302724,3786
2021-07-18,San Francisco,075,870044,39002,38367,1371,39738,560
2021-07-18,San Joaquin,077,732212,75711,74997,3726,78723,1431
2021-07-18,San Luis Obispo,079,281455,21861,21527,773,22300,259
2021-07-18,San Mateo,081,765935,43922,43506,527,44033,542
2021-07-18,Santa Barbara,083,443738,35200,34880,1146,36026,461
2021-07-18,Santa Clara,085,1922200,121724,120438,806,121244,2098
2021-07-18,Santa Cruz,087,273765,16533,16372,807,17179,207
2021-07-18,Shasta,089,179085,12805,12714,1692,14406,209
2021-07-18,Sierra,091,2930,66,64,12,76,0
2021-07-18,Siskiyou,093,43540,2030,1927,407,2334,31
2021-07-18,Solano,095,438530,34620,34215,652,34867,261
2021-07-18,Sonoma,097,501317,32016,31675,370,32045,325
2021-07-18,Stanislaus,099,539301,57988,57600,6124,63724,1028
2021-07-18,Sutter,101,95872,9872,9826,93,9919,114
2021-07-18,Tehama,103,63373,5210,5150,589,5739,65
2021-07-18,Trinity,105,12862,503,344,104,448,3
2021-07-18,Tulare,107,460477,50786,49985,9194,59179,855
2021-07-18,Tuolumne,109,53932,4184,4149,46,4195,64
2021-07-18,Ventura,111,848112,83054,82361,3267,85628,1041
2021-07-18,Yolo,113,214977,14626,14425,338,14763,213
2021-07-18,Yuba,115,75493,6453,6357,131,6488,52
2021-07-17,Alameda,001,1643700,93095,91346,2070,93416,1255
2021-07-17,Alpine,003,1148,88,89,0,89,0
2021-07-17,Amador,005,37829,3815,3785,33,3818,48
2021-07-17,Butte,007,227075,13074,12824,1917,14741,202
2021-07-17,Calaveras,009,45235,2263,2237,15,2252,57
2021-07-17,Colusa,011,21464,1999,1976,336,2312,16
2021-07-17,Contra Costa,013,1133247,73784,72254,1384,73638,824
2021-07-17,Del Norte,015,27424,1521,1475,14,1489,8
2021-07-17,El Dorado,017,186661,10850,10622,819,11441,114
2021-07-17,Fresno,019,978130,104551,103055,8876,111931,1730
2021-07-17,Glenn,021,27897,2471,2451,572,3023,20
2021-07-17,Humboldt,023,135768,4775,4654,59,4713,52
2021-07-17,Imperial,025,180216,29062,28840,2701,31541,742
2021-07-17,Inyo,027,18085,1425,1416,12,1428,36
2021-07-17,Kern,029,883053,98849,97796,11377,109173,1348
2021-07-17,Kings,031,150075,23544,23163,1109,24272,246
2021-07-17,Lake,033,64148,3955,3760,14,3774,64
2021-07-17,Lassen,035,31185,5322,5302,118,5420,21
2021-07-17,Los Angeles,037,10098052,1236433,1219733,43029,1262762,24582
2021-07-17,Madera,039,155013,17041,16804,965,17769,240
2021-07-17,Marin,041,260295,14565,14297,269,14566,234
2021-07-17,Mariposa,043,17540,449,445,11,456,5
2021-07-17,Mendocino,045,87422,4345,4209,90,4299,49
2021-07-17,Merced,047,269075,31595,31451,1060,32511,471
2021-07-17,Modoc,049,8938,420,412,147,559,5
2021-07-17,Mono,051,14174,1275,1277,17,1294,3
2021-07-17,Monterey,053,433212,43644,43367,1889,45256,515
2021-07-17,Napa,055,140530,10260,10129,42,10171,81
2021-07-17,Nevada,057,99092,5210,5066,196,5262,72
2021-07-17,Orange,059,3164182,260900,257805,11827,269632,5136
2021-07-17,Placer,061,380077,24626,24169,1687,25856,303
2021-07-17,Plumas,063,18699,743,721,14,735,4
2021-07-17,Riverside,065,2383286,299707,294751,14268,309019,4542
2021-07-17,Sacramento,067,1510023,112286,110432,2009,112441,1694
2021-07-17,San Benito,069,59416,6186,6181,113,6294,63
2021-07-17,San Bernardino,071,2135413,298619,296048,9203,305251,5218
2021-07-17,San Diego,073,3302833,289620,285698,16369,302067,3786
2021-07-17,San Francisco,075,870044,38881,37978,1368,39346,560
2021-07-17,San Joaquin,077,732212,75624,74695,3720,78415,1430
2021-07-17,San Luis Obispo,079,281455,21834,21462,773,22235,258
2021-07-17,San Mateo,081,765935,43851,43324,526,43850,542
2021-07-17,Santa Barbara,083,443738,35159,34769,1143,35912,461
2021-07-17,Santa Clara,085,1922200,121552,119980,803,120783,2097
2021-07-17,Santa Cruz,087,273765,16526,16337,807,17144,207
2021-07-17,Shasta,089,179085,12790,12683,1687,14370,210
2021-07-17,Sierra,091,2930,66,62,12,74,0
2021-07-17,Siskiyou,093,43540,2025,1922,404,2326,29
2021-07-17,Solano,095,438530,34555,34015,644,34659,263
2021-07-17,Sonoma,097,501317,31948,31536,369,31905,322
2021-07-17,Stanislaus,099,539301,57911,57400,6110,63510,1028
2021-07-17,Sutter,101,95872,9862,9778,93,9871,114
2021-07-17,Tehama,103,63373,5207,5145,589,5734,64
2021-07-17,Trinity,105,12862,502,341,104,445,3
2021-07-17,Tulare,107,460477,50765,49937,9182,59119,854
2021-07-17,Tuolumne,109,53932,4174,4131,46,4177,64
2021-07-17,Ventura,111,848112,82985,82125,3256,85381,1041
2021-07-17,Yolo,113,214977,14594,14356,331,14687,213
2021-07-17,Yuba,115,75493,6442,6309,131,6440,52
2021-07-16,Alameda,001,1643700,92854,91346,2059,93405,1255
2021-07-16,Alpine,003,1148,88,89,0,89,0
2021-07-16,Amador,005,37829,3812,3785,33,3818,48
2021-07-16,Butte,007,227075,13049,12824,1914,14738,202
2021-07-16,Calaveras,009,45235,2262,2237,15,2252,57
2021-07-16,Colusa,011,21464,1997,1976,335,2311,16
2021-07-16,Contra Costa,013,1133247,73596,72254,1380,73634,824
2021-07-16,Del Norte,015,27424,1519,1475,14,1489,8
2021-07-16,El Dorado,017,186661,10831,10622,818,11440,114
2021-07-16,Fresno,019,978130,104498,103055,8856,111911,1730
2021-07-16,Glenn,021,27897,2471,2451,572,3023,20
2021-07-16,Humboldt,023,135768,4753,4654,59,4713,52
2021-07-16,Imperial,025,180216,29050,28840,2701,31541,742
2021-07-16,Inyo,027,18085,1423,1416,12,1428,36
2021-07-16,Kern,029,883053,98787,97796,11337,109133,1348
2021-07-16,Kings,031,150075,23519,23163,1108,24271,246
2021-07-16,Lake,033,64148,3928,3760,14,3774,64
2021-07-16,Lassen,035,31185,5321,5302,118,5420,21
2021-07-16,Los Angeles,037,10098052,1234931,1219733,42883,1262616,24582
2021-07-16,Madera,039,155013,17023,16804,965,17769,240
2021-07-16,Marin,041,260295,14541,14297,266,14563,234
2021-07-16,Mariposa,043,17540,449,445,11,456,5
2021-07-16,Mendocino,045,87422,4336,4209,89,4298,49
2021-07-16,Merced,047,269075,31574,31451,1058,32509,471
2021-07-16,Modoc,049,8938,420,412,147,559,5
2021-07-16,Mono,051,14174,1274,1277,17,1294,3
2021-07-16,Monterey,053,433212,43622,43367,1888,45255,515
2021-07-16,Napa,055,140530,10236,10129,41,10170,81
2021-07-16,Nevada,057,99092,5200,5066,196,5262,72
2021-07-16,Orange,059,3164182,260627,257805,11786,269591,5136
2021-07-16,Placer,061,380077,24573,24169,1682,25851,303
2021-07-16,Plumas,063,18699,742,721,14,735,4
2021-07-16,Riverside,065,2383286,299431,294751,14242,308993,4542
2021-07-16,Sacramento,067,1510023,112069,110432,1996,112428,1694
2021-07-16,San Benito,069,59416,6184,6181,113,6294,63
2021-07-16,San Bernardino,071,2135413,298343,296048,9186,305234,5218
2021-07-16,San Diego,073,3302833,289178,285698,16322,302020,3786
2021-07-16,San Francisco,075,870044,38764,37978,1363,39341,560
2021-07-16,San Joaquin,077,732212,75530,74695,3717,78412,1430
2021-07-16,San Luis Obispo,079,281455,21817,21462,773,22235,258
2021-07-16,San Mateo,081,765935,43798,43324,525,43849,542
2021-07-16,Santa Barbara,083,443738,35121,34769,1143,35912,461
2021-07-16,Santa Clara,085,1922200,121405,119980,796,120776,2097
2021-07-16,Santa Cruz,087,273765,16513,16337,807,17144,207
2021-07-16,Shasta,089,179085,12780,12683,1686,14369,210
2021-07-16,Sierra,091,2930,66,62,12,74,0
2021-07-16,Siskiyou,093,43540,2023,1922,402,2324,29
2021-07-16,Solano,095,438530,34488,34015,636,34651,263
2021-07-16,Sonoma,097,501317,31896,31536,366,31902,322
2021-07-16,Stanislaus,099,539301,57861,57400,6100,63500,1028
2021-07-16,Sutter,101,95872,9850,9778,93,9871,114
2021-07-16,Tehama,103,63373,5205,5145,589,5734,64
2021-07-16,Trinity,105,12862,502,341,103,444,3
2021-07-16,Tulare,107,460477,50740,49937,9172,59109,854
2021-07-16,Tuolumne,109,53932,4168,4131,46,4177,64
2021-07-16,Ventura,111,848112,82920,82125,3249,85374,1041
2021-07-16,Yolo,113,214977,14568,14356,328,14684,213
2021-07-16,Yuba,115,75493,6420,6309,130,6439,52
2021-07-15,Alameda,001,1643700,92557,91346,2049,93395,1255
2021-07-15,Alpine,003,1148,88,89,0,89,0
2021-07-15,Amador,005,37829,3809,3785,33,3818,48
2021-07-15,Butte,007,227075,13023,12824,1912,14736,202
2021-07-15,Calaveras,009,45235,2259,2237,15,2252,57
2021-07-15,Colusa,011,21464,1996,1976,334,2310,16
2021-07-15,Contra Costa,013,1133247,73383,72254,1373,73627,824
2021-07-15,Del Norte,015,27424,1516,1475,14,1489,8
2021-07-15,El Dorado,017,186661,10804,10622,816,11438,114
2021-07-15,Fresno,019,978130,104401,103055,8836,111891,1730
2021-07-15,Glenn,021,27897,2471,2451,572,3023,20
2021-07-15,Humboldt,023,135768,4735,4654,58,4712,52
2021-07-15,Imperial,025,180216,29027,28840,2701,31541,742
2021-07-15,Inyo,027,18085,1423,1416,12,1428,36
2021-07-15,Kern,029,883053,98717,97796,11309,109105,1348
2021-07-15,Kings,031,150075,23481,23163,1105,24268,246
2021-07-15,Lake,033,64148,3889,3760,14,3774,64
2021-07-15,Lassen,035,31185,5320,5302,118,5420,21
2021-07-15,Los Angeles,037,10098052,1232945,1219733,42726,1262459,24582
2021-07-15,Madera,039,155013,17001,16804,961,17765,240
2021-07-15,Marin,041,260295,14516,14297,266,14563,234
2021-07-15,Mariposa,043,17540,449,445,11,456,5
2021-07-15,Mendocino,045,87422,4328,4209,88,4297,49
2021-07-15,Merced,047,269075,31544,31451,1058,32509,471
2021-07-15,Modoc,049,8938,420,412,147,559,5
2021-07-15,Mono,051,14174,1274,1277,17,1294,3
2021-07-15,Monterey,053,433212,43593,43367,1885,45252,515
2021-07-15,Napa,055,140530,10211,10129,40,10169,81
2021-07-15,Nevada,057,99092,5183,5066,195,5261,72
2021-07-15,Orange,059,3164182,260276,257805,11755,269560,5136
2021-07-15,Placer,061,380077,24513,24169,1665,25834,303
2021-07-15,Plumas,063,18699,741,721,14,735,4
2021-07-15,Riverside,065,2383286,299110,294751,14227,308978,4542
2021-07-15,Sacramento,067,1510023,111765,110432,1979,112411,1694
2021-07-15,San Benito,069,59416,6182,6181,113,6294,63
2021-07-15,San Bernardino,071,2135413,298036,296048,9172,305220,5218
2021-07-15,San Diego,073,3302833,288540,285698,16244,301942,3786
2021-07-15,San Francisco,075,870044,38612,37978,1355,39333,560
2021-07-15,San Joaquin,077,732212,75413,74695,3712,78407,1430
2021-07-15,San Luis Obispo,079,281455,21785,21462,773,22235,258
2021-07-15,San Mateo,081,765935,43693,43324,520,43844,542
2021-07-15,Santa Barbara,083,443738,35065,34769,1142,35911,461
2021-07-15,Santa Clara,085,1922200,121283,119980,793,120773,2097
2021-07-15,Santa Cruz,087,273765,16500,16337,807,17144,207
2021-07-15,Shasta,089,179085,12772,12683,1682,14365,210
2021-07-15,Sierra,091,2930,66,62,12,74,0
2021-07-15,Siskiyou,093,43540,2022,1922,402,2324,29
2021-07-15,Solano,095,438530,34413,34015,630,34645,263
2021-07-15,Sonoma,097,501317,31835,31536,366,31902,322
2021-07-15,Stanislaus,099,539301,57792,57400,6087,63487,1028
2021-07-15,Sutter,101,95872,9830,9778,92,9870,114
2021-07-15,Tehama,103,63373,5199,5145,588,5733,64
2021-07-15,Trinity,105,12862,502,341,103,444,3
2021-07-15,Tulare,107,460477,50720,49937,9155,59092,854
2021-07-15,Tuolumne,109,53932,4156,4131,46,4177,64
2021-07-15,Ventura,111,848112,82844,82125,3244,85369,1041
2021-07-15,Yolo,113,214977,14541,14356,327,14683,213
2021-07-15,Yuba,115,75493,6405,6309,129,6438,52
2021-07-14,Alameda,001,1643700,92297,91092,2032,93124,1255
2021-07-14,Alpine,003,1148,88,89,0,89,0
2021-07-14,Amador,005,37829,3801,3784,33,3817,48
2021-07-14,Butte,007,227075,12996,12813,1905,14718,202
2021-07-14,Calaveras,009,45235,2252,2234,15,2249,57
2021-07-14,Colusa,011,21464,1993,1974,334,2308,16
2021-07-14,Contra Costa,013,1133247,73155,72091,1361,73452,823
2021-07-14,Del Norte,015,27424,1515,1472,14,1486,8
2021-07-14,El Dorado,017,186661,10778,10598,813,11411,114
2021-07-14,Fresno,019,978130,104321,102966,8825,111791,1728
2021-07-14,Glenn,021,27897,2471,2449,572,3021,20
2021-07-14,Humboldt,023,135768,4711,4644,56,4700,52
2021-07-14,Imperial,025,180216,28998,28822,2701,31523,742
2021-07-14,Inyo,027,18085,1422,1415,12,1427,36
2021-07-14,Kern,029,883053,98653,97736,11284,109020,1346
2021-07-14,Kings,031,150075,23468,23142,1105,24247,246
2021-07-14,Lake,033,64148,3856,3739,14,3753,63
2021-07-14,Lassen,035,31185,5319,5298,118,5416,21
2021-07-14,Los Angeles,037,10098052,1230929,1218265,42585,1260850,24578
2021-07-14,Madera,039,155013,16989,16786,959,17745,240
2021-07-14,Marin,041,260295,14482,14269,264,14533,233
2021-07-14,Mariposa,043,17540,447,445,11,456,5
2021-07-14,Mendocino,045,87422,4315,4193,88,4281,49
2021-07-14,Merced,047,269075,31507,31412,1055,32467,471
2021-07-14,Modoc,049,8938,420,412,147,559,4
2021-07-14,Mono,051,14174,1274,1278,17,1295,3
2021-07-14,Monterey,053,433212,43569,43347,1883,45230,504
2021-07-14,Napa,055,140530,10189,10121,40,10161,81
2021-07-14,Nevada,057,99092,5163,5058,195,5253,72
2021-07-14,Orange,059,3164182,259959,257558,11725,269283,5137
2021-07-14,Placer,061,380077,24460,24125,1653,25778,303
2021-07-14,Plumas,063,18699,734,719,14,733,4
2021-07-14,Riverside,065,2383286,298786,294511,14211,308722,4542
2021-07-14,Sacramento,067,1510023,111437,110193,1955,112148,1688
2021-07-14,San Benito,069,59416,6179,6177,113,6290,63
2021-07-14,San Bernardino,071,2135413,297736,295820,9157,304977,5193
2021-07-14,San Diego,073,3302833,287968,285269,16164,301433,3786
2021-07-14,San Francisco,075,870044,38473,37836,1350,39186,559
2021-07-14,San Joaquin,077,732212,75321,74599,3703,78302,1416
2021-07-14,San Luis Obispo,079,281455,21763,21444,771,22215,258
2021-07-14,San Mateo,081,765935,43594,43249,516,43765,542
2021-07-14,Santa Barbara,083,443738,35023,34719,1140,35859,461
2021-07-14,Santa Clara,085,1922200,121133,119844,790,120634,2098
2021-07-14,Santa Cruz,087,273765,16488,16326,807,17133,207
2021-07-14,Shasta,089,179085,12752,12669,1679,14348,209
2021-07-14,Sierra,091,2930,66,62,12,74,0
2021-07-14,Siskiyou,093,43540,2015,1922,399,2321,29
2021-07-14,Solano,095,438530,34340,33948,630,34578,268
2021-07-14,Sonoma,097,501317,31783,31470,366,31836,322
2021-07-14,Stanislaus,099,539301,57717,57340,6075,63415,1028
2021-07-14,Sutter,101,95872,9808,9766,92,9858,114
2021-07-14,Tehama,103,63373,5197,5142,588,5730,64
2021-07-14,Trinity,105,12862,502,341,103,444,3
2021-07-14,Tulare,107,460477,50703,49908,9141,59049,853
2021-07-14,Tuolumne,109,53932,4153,4128,45,4173,64
2021-07-14,Ventura,111,848112,82750,82041,3233,85274,1040
2021-07-14,Yolo,113,214977,14508,14332,324,14656,213
2021-07-14,Yuba,115,75493,6387,6294,129,6423,52
2021-07-13,Alameda,001,1643700,92032,90874,2022,92896,1255
2021-07-13,Alpine,003,1148,88,89,0,89,0
2021-07-13,Amador,005,37829,3794,3783,33,3816,48
2021-07-13,Butte,007,227075,12982,12802,1904,14706,202
2021-07-13,Calaveras,009,45235,2248,2230,15,2245,57
2021-07-13,Colusa,011,21464,1991,1972,331,2303,16
2021-07-13,Contra Costa,013,1133247,72930,71963,1352,73315,823
2021-07-13,Del Norte,015,27424,1511,1471,14,1485,8
2021-07-13,El Dorado,017,186661,10761,10581,811,11392,114
2021-07-13,Fresno,019,978130,104246,102909,8815,111724,1727
2021-07-13,Glenn,021,27897,2469,2448,572,3020,20
2021-07-13,Humboldt,023,135768,4696,4634,56,4690,51
2021-07-13,Imperial,025,180216,28987,28792,2701,31493,741
2021-07-13,Inyo,027,18085,1421,1415,12,1427,36
2021-07-13,Kern,029,883053,98564,97698,11245,108943,1346
2021-07-13,Kings,031,150075,23450,23132,1105,24237,246
2021-07-13,Lake,033,64148,3829,3719,13,3732,63
2021-07-13,Lassen,035,31185,5317,5292,118,5410,21
2021-07-13,Los Angeles,037,10098052,1229078,1217184,42415,1259599,24569
2021-07-13,Madera,039,155013,16979,16773,955,17728,240
2021-07-13,Marin,041,260295,14453,14254,263,14517,233
2021-07-13,Mariposa,043,17540,446,443,11,454,5
2021-07-13,Mendocino,045,87422,4308,4185,88,4273,49
2021-07-13,Merced,047,269075,31486,31379,1052,32431,471
2021-07-13,Modoc,049,8938,420,411,147,558,4
2021-07-13,Mono,051,14174,1273,1277,17,1294,3
2021-07-13,Monterey,053,433212,43551,43333,1879,45212,504
2021-07-13,Napa,055,140530,10168,10118,40,10158,81
2021-07-13,Nevada,057,99092,5138,5053,195,5248,72
2021-07-13,Orange,059,3164182,259629,257339,11697,269036,5136
2021-07-13,Placer,061,380077,24414,24091,1640,25731,303
2021-07-13,Plumas,063,18699,733,716,14,730,4
2021-07-13,Riverside,065,2383286,298463,294302,14184,308486,4541
2021-07-13,Sacramento,067,1510023,111127,109990,1932,111922,1687
2021-07-13,San Benito,069,59416,6177,6173,113,6286,63
2021-07-13,San Bernardino,071,2135413,297459,295596,9135,304731,5183
2021-07-13,San Diego,073,3302833,287420,284997,16085,301082,3785
2021-07-13,San Francisco,075,870044,38329,37725,1344,39069,559
2021-07-13,San Joaquin,077,732212,75205,74500,3700,78200,1417
2021-07-13,San Luis Obispo,079,281455,21737,21423,768,22191,258
2021-07-13,San Mateo,081,765935,43525,43180,515,43695,542
2021-07-13,Santa Barbara,083,443738,34974,34679,1137,35816,461
2021-07-13,Santa Clara,085,1922200,120980,119727,786,120513,2098
2021-07-13,Santa Cruz,087,273765,16479,16315,805,17120,207
2021-07-13,Shasta,089,179085,12739,12659,1672,14331,209
2021-07-13,Sierra,091,2930,66,62,12,74,0
2021-07-13,Siskiyou,093,43540,2014,1916,397,2313,29
2021-07-13,Solano,095,438530,34275,33918,624,34542,268
2021-07-13,Sonoma,097,501317,31724,31431,366,31797,322
2021-07-13,Stanislaus,099,539301,57647,57282,6060,63342,1028
2021-07-13,Sutter,101,95872,9790,9752,91,9843,114
2021-07-13,Tehama,103,63373,5190,5144,588,5732,64
2021-07-13,Trinity,105,12862,502,341,102,443,3
2021-07-13,Tulare,107,460477,50678,49891,9125,59016,853
2021-07-13,Tuolumne,109,53932,4145,4122,44,4166,64
2021-07-13,Ventura,111,848112,82665,81982,3208,85190,1040
2021-07-13,Yolo,113,214977,14480,14320,318,14638,213
2021-07-13,Yuba,115,75493,6370,6279,129,6408,52
2021-07-12,Alameda,001,1643700,91773,90720,2015,92735,1254
2021-07-12,Alpine,003,1148,88,89,0,89,0
2021-07-12,Amador,005,37829,3787,3781,33,3814,47
2021-07-12,Butte,007,227075,12962,12796,1902,14698,202
2021-07-12,Calaveras,009,45235,2246,2228,15,2243,57
2021-07-12,Colusa,011,21464,1987,1971,330,2301,16
2021-07-12,Contra Costa,013,1133247,72727,71833,1347,73180,823
2021-07-12,Del Norte,015,27424,1508,1469,14,1483,8
2021-07-12,El Dorado,017,186661,10732,10569,809,11378,114
2021-07-12,Fresno,019,978130,104151,102853,8803,111656,1728
2021-07-12,Glenn,021,27897,2469,2446,572,3018,20
2021-07-12,Humboldt,023,135768,4680,4621,56,4677,51
2021-07-12,Imperial,025,180216,28957,28789,2701,31490,741
2021-07-12,Inyo,027,18085,1421,1415,12,1427,36
2021-07-12,Kern,029,883053,98495,97660,11220,108880,1346
2021-07-12,Kings,031,150075,23430,23124,1103,24227,246
2021-07-12,Lake,033,64148,3808,3706,13,3719,63
2021-07-12,Lassen,035,31185,5316,5292,118,5410,21
2021-07-12,Los Angeles,037,10098052,1227281,1216230,42282,1258512,24559
2021-07-12,Madera,039,155013,16968,16772,955,17727,240
2021-07-12,Marin,041,260295,14428,14238,262,14500,233
2021-07-12,Mariposa,043,17540,446,442,11,453,5
2021-07-12,Mendocino,045,87422,4297,4175,88,4263,49
2021-07-12,Merced,047,269075,31455,31374,1051,32425,471
2021-07-12,Modoc,049,8938,419,411,147,558,4
2021-07-12,Mono,051,14174,1271,1275,17,1292,3
2021-07-12,Monterey,053,433212,43530,43315,1875,45190,504
2021-07-12,Napa,055,140530,10150,10104,39,10143,81
2021-07-12,Nevada,057,99092,5115,5046,195,5241,72
2021-07-12,Orange,059,3164182,259275,257171,11674,268845,5136
2021-07-12,Placer,061,380077,24363,24052,1634,25686,302
2021-07-12,Plumas,063,18699,733,716,14,730,4
2021-07-12,Riverside,065,2383286,298155,294108,14155,308263,4541
2021-07-12,Sacramento,067,1510023,110912,109849,1907,111756,1685
2021-07-12,San Benito,069,59416,6174,6166,113,6279,63
2021-07-12,San Bernardino,071,2135413,297187,295447,9120,304567,5171
2021-07-12,San Diego,073,3302833,286951,284648,16009,300657,3785
2021-07-12,San Francisco,075,870044,38183,37656,1341,38997,559
2021-07-12,San Joaquin,077,732212,75111,74424,3690,78114,1415
2021-07-12,San Luis Obispo,079,281455,21718,21408,767,22175,258
2021-07-12,San Mateo,081,765935,43431,43138,508,43646,542
2021-07-12,Santa Barbara,083,443738,34931,34664,1135,35799,461
2021-07-12,Santa Clara,085,1922200,120815,119634,783,120417,2098
2021-07-12,Santa Cruz,087,273765,16454,16310,804,17114,207
2021-07-12,Shasta,089,179085,12732,12648,1669,14317,208
2021-07-12,Sierra,091,2930,66,62,12,74,0
2021-07-12,Siskiyou,093,43540,2009,1916,392,2308,29
2021-07-12,Solano,095,438530,34185,33859,615,34474,268
2021-07-12,Sonoma,097,501317,31676,31377,365,31742,322
2021-07-12,Stanislaus,099,539301,57578,57243,6053,63296,1028
2021-07-12,Sutter,101,95872,9773,9736,90,9826,114
2021-07-12,Tehama,103,63373,5185,5138,587,5725,63
2021-07-12,Trinity,105,12862,498,340,100,440,3
2021-07-12,Tulare,107,460477,50650,49882,9112,58994,853
2021-07-12,Tuolumne,109,53932,4141,4116,44,4160,64
2021-07-12,Ventura,111,848112,82564,81919,3187,85106,1040
2021-07-12,Yolo,113,214977,14452,14303,314,14617,213
2021-07-12,Yuba,115,75493,6355,6266,129,6395,52
2021-07-11,Alameda,001,1643700,91443,90597,2003,92600,1254
2021-07-11,Alpine,003,1148,88,89,0,89,0
2021-07-11,Amador,005,37829,3785,3779,33,3812,47
2021-07-11,Butte,007,227075,12940,12794,1896,14690,202
2021-07-11,Calaveras,009,45235,2244,2226,14,2240,57
2021-07-11,Colusa,011,21464,1986,1971,329,2300,16
2021-07-11,Contra Costa,013,1133247,72517,71744,1340,73084,823
2021-07-11,Del Norte,015,27424,1504,1467,13,1480,8
2021-07-11,El Dorado,017,186661,10703,10554,807,11361,114
2021-07-11,Fresno,019,978130,104056,102813,8783,111596,1728
2021-07-11,Glenn,021,27897,2468,2446,572,3018,20
2021-07-11,Humboldt,023,135768,4667,4611,55,4666,51
2021-07-11,Imperial,025,180216,28939,28787,2700,31487,741
2021-07-11,Inyo,027,18085,1419,1415,12,1427,36
2021-07-11,Kern,029,883053,98422,97637,11204,108841,1346
2021-07-11,Kings,031,150075,23399,23116,1100,24216,246
2021-07-11,Lake,033,64148,3777,3699,13,3712,63
2021-07-11,Lassen,035,31185,5313,5291,118,5409,21
2021-07-11,Los Angeles,037,10098052,1225524,1215182,42126,1257308,24558
2021-07-11,Madera,039,155013,16949,16766,954,17720,240
2021-07-11,Marin,041,260295,14402,14231,262,14493,233
2021-07-11,Mariposa,043,17540,445,442,11,453,5
2021-07-11,Mendocino,045,87422,4277,4167,88,4255,49
2021-07-11,Merced,047,269075,31431,31366,1046,32412,471
2021-07-11,Modoc,049,8938,418,411,147,558,4
2021-07-11,Mono,051,14174,1271,1275,17,1292,3
2021-07-11,Monterey,053,433212,43511,43307,1871,45178,504
2021-07-11,Napa,055,140530,10146,10100,39,10139,81
2021-07-11,Nevada,057,99092,5104,5035,194,5229,72
2021-07-11,Orange,059,3164182,258963,257009,11646,268655,5136
2021-07-11,Placer,061,380077,24306,24017,1622,25639,302
2021-07-11,Plumas,063,18699,733,716,14,730,4
2021-07-11,Riverside,065,2383286,297891,293969,14137,308106,4541
2021-07-11,Sacramento,067,1510023,110633,109696,1897,111593,1685
2021-07-11,San Benito,069,59416,6169,6163,113,6276,63
2021-07-11,San Bernardino,071,2135413,296881,295342,9095,304437,5167
2021-07-11,San Diego,073,3302833,286537,283819,15923,299742,3784
2021-07-11,San Francisco,075,870044,38054,37596,1335,38931,559
2021-07-11,San Joaquin,077,732212,74994,74376,3673,78049,1415
2021-07-11,San Luis Obispo,079,281455,21685,21403,766,22169,258
2021-07-11,San Mateo,081,765935,43352,43107,502,43609,542
2021-07-11,Santa Barbara,083,443738,34884,34646,1135,35781,461
2021-07-11,Santa Clara,085,1922200,120661,119549,782,120331,2098
2021-07-11,Santa Cruz,087,273765,16438,16303,804,17107,207
2021-07-11,Shasta,089,179085,12715,12647,1667,14314,208
2021-07-11,Sierra,091,2930,66,62,12,74,0
2021-07-11,Siskiyou,093,43540,2005,1915,390,2305,29
2021-07-11,Solano,095,438530,34103,33837,611,34448,268
2021-07-11,Sonoma,097,501317,31594,31352,365,31717,322
2021-07-11,Stanislaus,099,539301,57512,57230,6042,63272,1028
2021-07-11,Sutter,101,95872,9759,9728,90,9818,114
2021-07-11,Tehama,103,63373,5182,5138,587,5725,63
2021-07-11,Trinity,105,12862,497,340,100,440,3
2021-07-11,Tulare,107,460477,50625,49877,9094,58971,853
2021-07-11,Tuolumne,109,53932,4135,4116,44,4160,64
2021-07-11,Ventura,111,848112,82491,81875,3167,85042,1040
2021-07-11,Yolo,113,214977,14427,14285,308,14593,213
2021-07-11,Yuba,115,75493,6344,6260,129,6389,52
2021-07-10,Alameda,001,1643700,91292,90090,1999,92089,1252
2021-07-10,Alpine,003,1148,88,89,0,89,0
2021-07-10,Amador,005,37829,3779,3773,33,3806,47
2021-07-10,Butte,007,227075,12930,12764,1893,14657,202
2021-07-10,Calaveras,009,45235,2243,2214,14,2228,57
2021-07-10,Colusa,011,21464,1984,1969,329,2298,16
2021-07-10,Contra Costa,013,1133247,72417,71376,1339,72715,821
2021-07-10,Del Norte,015,27424,1502,1451,13,1464,8
2021-07-10,El Dorado,017,186661,10686,10508,804,11312,114
2021-07-10,Fresno,019,978130,104023,102675,8776,111451,1730
2021-07-10,Glenn,021,27897,2465,2440,571,3011,20
2021-07-10,Humboldt,023,135768,4658,4574,55,4629,51
2021-07-10,Imperial,025,180216,28926,28729,2700,31429,741
2021-07-10,Inyo,027,18085,1418,1415,12,1427,36
2021-07-10,Kern,029,883053,98382,97538,11187,108725,1346
2021-07-10,Kings,031,150075,23392,23090,1099,24189,246
2021-07-10,Lake,033,64148,3760,3667,13,3680,63
2021-07-10,Lassen,035,31185,5313,5290,118,5408,21
2021-07-10,Los Angeles,037,10098052,1224497,1212043,42023,1254066,24542
2021-07-10,Madera,039,155013,16943,16744,951,17695,241
2021-07-10,Marin,041,260295,14388,14194,262,14456,233
2021-07-10,Mariposa,043,17540,445,442,11,453,5
2021-07-10,Mendocino,045,87422,4270,4153,87,4240,49
2021-07-10,Merced,047,269075,31418,31328,1046,32374,470
2021-07-10,Modoc,049,8938,418,410,147,557,4
2021-07-10,Mono,051,14174,1271,1275,17,1292,3
2021-07-10,Monterey,053,433212,43497,43251,1869,45120,499
2021-07-10,Napa,055,140530,10134,10077,39,10116,81
2021-07-10,Nevada,057,99092,5095,5000,194,5194,72
2021-07-10,Orange,059,3164182,258785,256438,11630,268068,5135
2021-07-10,Placer,061,380077,24277,23916,1612,25528,302
2021-07-10,Plumas,063,18699,732,717,14,731,4
2021-07-10,Riverside,065,2383286,297701,293474,14124,307598,4541
2021-07-10,Sacramento,067,1510023,110484,109091,1892,110983,1682
2021-07-10,San Benito,069,59416,6164,6141,113,6254,63
2021-07-10,San Bernardino,071,2135413,296693,294932,9083,304015,5117
2021-07-10,San Diego,073,3302833,286247,283577,15870,299447,3783
2021-07-10,San Francisco,075,870044,37971,37338,1332,38670,559
2021-07-10,San Joaquin,077,732212,74937,74150,3667,77817,1412
2021-07-10,San Luis Obispo,079,281455,21674,21375,765,22140,258
2021-07-10,San Mateo,081,765935,43300,42948,500,43448,542
2021-07-10,Santa Barbara,083,443738,34857,34595,1135,35730,460
2021-07-10,Santa Clara,085,1922200,120558,119330,779,120109,2094
2021-07-10,Santa Cruz,087,273765,16431,16286,804,17090,207
2021-07-10,Shasta,089,179085,12702,12623,1662,14285,206
2021-07-10,Sierra,091,2930,66,61,12,73,0
2021-07-10,Siskiyou,093,43540,2003,1909,387,2296,29
2021-07-10,Solano,095,438530,34061,33678,605,34283,268
2021-07-10,Sonoma,097,501317,31543,31231,365,31596,317
2021-07-10,Stanislaus,099,539301,57476,57104,6032,63136,1026
2021-07-10,Sutter,101,95872,9747,9692,90,9782,114
2021-07-10,Tehama,103,63373,5179,5131,587,5718,63
2021-07-10,Trinity,105,12862,497,341,100,441,3
2021-07-10,Tulare,107,460477,50615,49850,9088,58938,853
2021-07-10,Tuolumne,109,53932,4133,4114,44,4158,64
2021-07-10,Ventura,111,848112,82446,81713,3149,84862,1039
2021-07-10,Yolo,113,214977,14406,14250,305,14555,213
2021-07-10,Yuba,115,75493,6334,6238,129,6367,52
2021-07-09,Alameda,001,1643700,91133,90090,1994,92084,1252
2021-07-09,Alpine,003,1148,88,89,0,89,0
2021-07-09,Amador,005,37829,3778,3773,33,3806,47
2021-07-09,Butte,007,227075,12918,12764,1891,14655,202
2021-07-09,Calaveras,009,45235,2241,2214,14,2228,57
2021-07-09,Colusa,011,21464,1983,1969,329,2298,16
2021-07-09,Contra Costa,013,1133247,72291,71376,1337,72713,821
2021-07-09,Del Norte,015,27424,1497,1451,13,1464,8
2021-07-09,El Dorado,017,186661,10671,10508,803,11311,114
2021-07-09,Fresno,019,978130,103967,102675,8769,111444,1730
2021-07-09,Glenn,021,27897,2464,2440,569,3009,20
2021-07-09,Humboldt,023,135768,4639,4574,55,4629,51
2021-07-09,Imperial,025,180216,28918,28729,2699,31428,741
2021-07-09,Inyo,027,18085,1417,1415,12,1427,36
2021-07-09,Kern,029,883053,98344,97538,11175,108713,1346
2021-07-09,Kings,031,150075,23381,23090,1098,24188,246
2021-07-09,Lake,033,64148,3746,3667,13,3680,63
2021-07-09,Lassen,035,31185,5311,5290,117,5407,21
2021-07-09,Los Angeles,037,10098052,1223493,1212043,41952,1253995,24542
2021-07-09,Madera,039,155013,16933,16744,950,17694,241
2021-07-09,Marin,041,260295,14367,14194,261,14455,233
2021-07-09,Mariposa,043,17540,445,442,11,453,5
2021-07-09,Mendocino,045,87422,4263,4153,87,4240,49
2021-07-09,Merced,047,269075,31403,31328,1046,32374,470
2021-07-09,Modoc,049,8938,418,410,147,557,4
2021-07-09,Mono,051,14174,1271,1275,17,1292,3
2021-07-09,Monterey,053,433212,43488,43251,1869,45120,499
2021-07-09,Napa,055,140530,10127,10077,39,10116,81
2021-07-09,Nevada,057,99092,5086,5000,194,5194,72
2021-07-09,Orange,059,3164182,258579,256438,11616,268054,5135
2021-07-09,Placer,061,380077,24255,23916,1606,25522,302
2021-07-09,Plumas,063,18699,730,717,14,731,4
2021-07-09,Riverside,065,2383286,297515,293474,14111,307585,4541
2021-07-09,Sacramento,067,1510023,110330,109091,1883,110974,1682
2021-07-09,San Benito,069,59416,6162,6141,113,6254,63
2021-07-09,San Bernardino,071,2135413,296541,294932,9076,304008,5117
2021-07-09,San Diego,073,3302833,285958,283577,15822,299399,3783
2021-07-09,San Francisco,075,870044,37891,37338,1325,38663,559
2021-07-09,San Joaquin,077,732212,74863,74150,3660,77810,1412
2021-07-09,San Luis Obispo,079,281455,21662,21375,765,22140,258
2021-07-09,San Mateo,081,765935,43256,42948,496,43444,542
2021-07-09,Santa Barbara,083,443738,34836,34595,1134,35729,460
2021-07-09,Santa Clara,085,1922200,120447,119330,779,120109,2094
2021-07-09,Santa Cruz,087,273765,16428,16286,804,17090,207
2021-07-09,Shasta,089,179085,12696,12623,1657,14280,206
2021-07-09,Sierra,091,2930,66,61,12,73,0
2021-07-09,Siskiyou,093,43540,2001,1909,386,2295,29
2021-07-09,Solano,095,438530,34025,33678,601,34279,268
2021-07-09,Sonoma,097,501317,31507,31231,365,31596,317
2021-07-09,Stanislaus,099,539301,57447,57104,6030,63134,1026
2021-07-09,Sutter,101,95872,9738,9692,90,9782,114
2021-07-09,Tehama,103,63373,5177,5131,587,5718,63
2021-07-09,Trinity,105,12862,496,341,97,438,3
2021-07-09,Tulare,107,460477,50602,49850,9082,58932,853
2021-07-09,Tuolumne,109,53932,4129,4114,44,4158,64
2021-07-09,Ventura,111,848112,82391,81713,3140,84853,1039
2021-07-09,Yolo,113,214977,14391,14250,301,14551,213
2021-07-09,Yuba,115,75493,6321,6238,129,6367,52
2021-07-08,Alameda,001,1643700,90926,90090,1991,92081,1252
2021-07-08,Alpine,003,1148,88,89,0,89,0
2021-07-08,Amador,005,37829,3776,3773,33,3806,47
2021-07-08,Butte,007,227075,12905,12764,1888,14652,202
2021-07-08,Calaveras,009,45235,2238,2214,13,2227,57
2021-07-08,Colusa,011,21464,1983,1969,329,2298,16
2021-07-08,Contra Costa,013,1133247,72163,71376,1332,72708,821
2021-07-08,Del Norte,015,27424,1495,1451,13,1464,8
2021-07-08,El Dorado,017,186661,10654,10508,796,11304,114
2021-07-08,Fresno,019,978130,103905,102675,8758,111433,1730
2021-07-08,Glenn,021,27897,2464,2440,569,3009,20
2021-07-08,Humboldt,023,135768,4623,4574,54,4628,51
2021-07-08,Imperial,025,180216,28906,28729,2698,31427,741
2021-07-08,Inyo,027,18085,1417,1415,12,1427,36
2021-07-08,Kern,029,883053,98296,97538,11160,108698,1346
2021-07-08,Kings,031,150075,23372,23090,1098,24188,246
2021-07-08,Lake,033,64148,3732,3667,13,3680,63
2021-07-08,Lassen,035,31185,5308,5290,117,5407,21
2021-07-08,Los Angeles,037,10098052,1222280,1212043,41858,1253901,24542
2021-07-08,Madera,039,155013,16917,16744,950,17694,241
2021-07-08,Marin,041,260295,14353,14194,261,14455,233
2021-07-08,Mariposa,043,17540,444,442,11,453,5
2021-07-08,Mendocino,045,87422,4260,4153,87,4240,49
2021-07-08,Merced,047,269075,31389,31328,1044,32372,470
2021-07-08,Modoc,049,8938,418,410,147,557,4
2021-07-08,Mono,051,14174,1271,1275,17,1292,3
2021-07-08,Monterey,053,433212,43468,43251,1863,45114,499
2021-07-08,Napa,055,140530,10123,10077,39,10116,81
2021-07-08,Nevada,057,99092,5080,5000,194,5194,72
2021-07-08,Orange,059,3164182,258384,256438,11594,268032,5135
2021-07-08,Placer,061,380077,24216,23916,1598,25514,302
2021-07-08,Plumas,063,18699,729,717,14,731,4
2021-07-08,Riverside,065,2383286,297314,293474,14095,307569,4541
2021-07-08,Sacramento,067,1510023,110108,109091,1878,110969,1682
2021-07-08,San Benito,069,59416,6159,6141,113,6254,63
2021-07-08,San Bernardino,071,2135413,296366,294932,9067,303999,5117
2021-07-08,San Diego,073,3302833,285631,283577,15774,299351,3783
2021-07-08,San Francisco,075,870044,37811,37338,1321,38659,559
2021-07-08,San Joaquin,077,732212,74775,74150,3647,77797,1412
2021-07-08,San Luis Obispo,079,281455,21650,21375,762,22137,258
2021-07-08,San Mateo,081,765935,43205,42948,495,43443,542
2021-07-08,Santa Barbara,083,443738,34809,34595,1132,35727,460
2021-07-08,Santa Clara,085,1922200,120354,119330,778,120108,2094
2021-07-08,Santa Cruz,087,273765,16422,16286,804,17090,207
2021-07-08,Shasta,089,179085,12690,12623,1653,14276,206
2021-07-08,Sierra,091,2930,66,61,12,73,0
2021-07-08,Siskiyou,093,43540,1996,1909,383,2292,29
2021-07-08,Solano,095,438530,33970,33678,595,34273,268
2021-07-08,Sonoma,097,501317,31476,31231,364,31595,317
2021-07-08,Stanislaus,099,539301,57420,57104,6026,63130,1026
2021-07-08,Sutter,101,95872,9724,9692,88,9780,114
2021-07-08,Tehama,103,63373,5174,5131,586,5717,63
2021-07-08,Trinity,105,12862,496,341,97,438,3
2021-07-08,Tulare,107,460477,50584,49850,9075,58925,853
2021-07-08,Tuolumne,109,53932,4127,4114,44,4158,64
2021-07-08,Ventura,111,848112,82327,81713,3124,84837,1039
2021-07-08,Yolo,113,214977,14371,14250,299,14549,213
2021-07-08,Yuba,115,75493,6313,6238,129,6367,52
2021-07-07,Alameda,001,1643700,90741,89995,1985,91980,1253
2021-07-07,Alpine,003,1148,88,89,0,89,0
2021-07-07,Amador,005,37829,3771,3770,33,3803,47
2021-07-07,Butte,007,227075,12892,12750,1883,14633,202
2021-07-07,Calaveras,009,45235,2231,2212,13,2225,57
2021-07-07,Colusa,011,21464,1979,1969,329,2298,16
2021-07-07,Contra Costa,013,1133247,72016,71308,1330,72638,821
2021-07-07,Del Norte,015,27424,1490,1446,13,1459,8
2021-07-07,El Dorado,017,186661,10634,10494,794,11288,114
2021-07-07,Fresno,019,978130,103855,102639,8751,111390,1729
2021-07-07,Glenn,021,27897,2464,2441,569,3010,20
2021-07-07,Humboldt,023,135768,4609,4566,54,4620,51
2021-07-07,Imperial,025,180216,28899,28701,2698,31399,740
2021-07-07,Inyo,027,18085,1416,1415,12,1427,36
2021-07-07,Kern,029,883053,98252,97507,11145,108652,1348
2021-07-07,Kings,031,150075,23359,23085,1095,24180,245
2021-07-07,Lake,033,64148,3713,3660,13,3673,63
2021-07-07,Lassen,035,31185,5308,5286,117,5403,21
2021-07-07,Los Angeles,037,10098052,1221099,1211316,41755,1253071,24531
2021-07-07,Madera,039,155013,16906,16733,948,17681,241
2021-07-07,Marin,041,260295,14334,14183,260,14443,233
2021-07-07,Mariposa,043,17540,442,442,11,453,5
2021-07-07,Mendocino,045,87422,4251,4145,87,4232,49
2021-07-07,Merced,047,269075,31374,31317,1044,32361,470
2021-07-07,Modoc,049,8938,418,410,147,557,4
2021-07-07,Mono,051,14174,1270,1274,17,1291,3
2021-07-07,Monterey,053,433212,43444,43233,1861,45094,494
2021-07-07,Napa,055,140530,10112,10078,39,10117,81
2021-07-07,Nevada,057,99092,5073,4996,194,5190,72
2021-07-07,Orange,059,3164182,258158,256301,11573,267874,5132
2021-07-07,Placer,061,380077,24180,23901,1588,25489,302
2021-07-07,Plumas,063,18699,729,710,14,724,4
2021-07-07,Riverside,065,2383286,297100,293331,14085,307416,4538
2021-07-07,Sacramento,067,1510023,109918,108954,1870,110824,1682
2021-07-07,San Benito,069,59416,6154,6137,113,6250,63
2021-07-07,San Bernardino,071,2135413,296197,294787,9060,303847,5087
2021-07-07,San Diego,073,3302833,285311,283377,15734,299111,3782
2021-07-07,San Francisco,075,870044,37719,37284,1318,38602,558
2021-07-07,San Joaquin,077,732212,74698,74095,3632,77727,1410
2021-07-07,San Luis Obispo,079,281455,21641,21360,760,22120,258
2021-07-07,San Mateo,081,765935,43151,42908,492,43400,542
2021-07-07,Santa Barbara,083,443738,34783,34582,1132,35714,460
2021-07-07,Santa Clara,085,1922200,120256,119250,777,120027,2094
2021-07-07,Santa Cruz,087,273765,16413,16279,803,17082,207
2021-07-07,Shasta,089,179085,12682,12613,1650,14263,206
2021-07-07,Sierra,091,2930,66,60,12,72,0
2021-07-07,Siskiyou,093,43540,1990,1908,379,2287,29
2021-07-07,Solano,095,438530,33921,33659,588,34247,268
2021-07-07,Sonoma,097,501317,31430,31172,364,31536,316
2021-07-07,Stanislaus,099,539301,57388,57102,6021,63123,1028
2021-07-07,Sutter,101,95872,9714,9683,88,9771,114
2021-07-07,Tehama,103,63373,5173,5129,586,5715,63
2021-07-07,Trinity,105,12862,496,341,97,438,3
2021-07-07,Tulare,107,460477,50580,49835,9066,58901,853
2021-07-07,Tuolumne,109,53932,4123,4115,43,4158,64
2021-07-07,Ventura,111,848112,82283,81608,3110,84718,1036
2021-07-07,Yolo,113,214977,14360,14236,296,14532,213
2021-07-07,Yuba,115,75493,6297,6233,129,6362,51
2021-07-06,Alameda,001,1643700,90546,89918,1977,91895,1253
2021-07-06,Alpine,003,1148,88,89,0,89,0
2021-07-06,Amador,005,37829,3770,3768,32,3800,47
2021-07-06,Butte,007,227075,12879,12744,1880,14624,201
2021-07-06,Calaveras,009,45235,2231,2211,13,2224,55
2021-07-06,Colusa,011,21464,1978,1967,326,2293,16
2021-07-06,Contra Costa,013,1133247,71887,71262,1327,72589,820
2021-07-06,Del Norte,015,27424,1486,1445,13,1458,8
2021-07-06,El Dorado,017,186661,10616,10484,792,11276,113
2021-07-06,Fresno,019,978130,103803,102616,8739,111355,1727
2021-07-06,Glenn,021,27897,2463,2438,569,3007,20
2021-07-06,Humboldt,023,135768,4595,4565,53,4618,49
2021-07-06,Imperial,025,180216,28884,28693,2696,31389,739
2021-07-06,Inyo,027,18085,1416,1412,12,1424,36
2021-07-06,Kern,029,883053,98210,97491,11134,108625,1346
2021-07-06,Kings,031,150075,23351,23077,1094,24171,245
2021-07-06,Lake,033,64148,3703,3659,13,3672,63
2021-07-06,Lassen,035,31185,5307,5288,116,5404,21
2021-07-06,Los Angeles,037,10098052,1219882,1210965,41657,1252622,24525
2021-07-06,Madera,039,155013,16894,16730,948,17678,241
2021-07-06,Marin,041,260295,14320,14181,260,14441,233
2021-07-06,Mariposa,043,17540,442,442,11,453,5
2021-07-06,Mendocino,045,87422,4244,4143,87,4230,49
2021-07-06,Merced,047,269075,31357,31317,1043,32360,470
2021-07-06,Modoc,049,8938,418,411,147,558,4
2021-07-06,Mono,051,14174,1269,1274,17,1291,3
2021-07-06,Monterey,053,433212,43422,43224,1859,45083,494
2021-07-06,Napa,055,140530,10101,10081,39,10120,81
2021-07-06,Nevada,057,99092,5064,4988,194,5182,72
2021-07-06,Orange,059,3164182,257914,256227,11556,267783,5129
2021-07-06,Placer,061,380077,24139,23876,1582,25458,302
2021-07-06,Plumas,063,18699,728,708,14,722,4
2021-07-06,Riverside,065,2383286,296898,293227,14067,307294,4539
2021-07-06,Sacramento,067,1510023,109707,108850,1862,110712,1679
2021-07-06,San Benito,069,59416,6150,6137,113,6250,63
2021-07-06,San Bernardino,071,2135413,296018,294712,9047,303759,5056
2021-07-06,San Diego,073,3302833,284953,283278,15675,298953,3782
2021-07-06,San Francisco,075,870044,37604,37251,1317,38568,558
2021-07-06,San Joaquin,077,732212,74628,74019,3620,77639,1410
2021-07-06,San Luis Obispo,079,281455,21624,21354,758,22112,257
2021-07-06,San Mateo,081,765935,43076,42895,492,43387,541
2021-07-06,Santa Barbara,083,443738,34764,34572,1131,35703,460
2021-07-06,Santa Clara,085,1922200,120138,119194,774,119968,2095
2021-07-06,Santa Cruz,087,273765,16408,16274,802,17076,207
2021-07-06,Shasta,089,179085,12672,12606,1648,14254,205
2021-07-06,Sierra,091,2930,65,60,12,72,0
2021-07-06,Siskiyou,093,43540,1987,1905,375,2280,29
2021-07-06,Solano,095,438530,33870,33619,585,34204,268
2021-07-06,Sonoma,097,501317,31367,31130,363,31493,316
2021-07-06,Stanislaus,099,539301,57340,57120,6010,63130,1029
2021-07-06,Sutter,101,95872,9705,9674,87,9761,114
2021-07-06,Tehama,103,63373,5170,5126,585,5711,63
2021-07-06,Trinity,105,12862,496,341,97,438,3
2021-07-06,Tulare,107,460477,50565,49826,9056,58882,853
2021-07-06,Tuolumne,109,53932,4121,4113,43,4156,64
2021-07-06,Ventura,111,848112,82243,81534,3085,84619,1033
2021-07-06,Yolo,113,214977,14338,14227,293,14520,213
2021-07-06,Yuba,115,75493,6286,6231,129,6360,51
2021-07-05,Alameda,001,1643700,90369,89892,1972,91864,1253
2021-07-05,Alpine,003,1148,88,89,0,89,0
2021-07-05,Amador,005,37829,3768,3768,32,3800,47
2021-07-05,Butte,007,227075,12871,12740,1871,14611,201
2021-07-05,Calaveras,009,45235,2229,2211,13,2224,55
2021-07-05,Colusa,011,21464,1976,1966,325,2291,16
2021-07-05,Contra Costa,013,1133247,71759,71235,1327,72562,820
2021-07-05,Del Norte,015,27424,1482,1446,13,1459,8
2021-07-05,El Dorado,017,186661,10591,10481,792,11273,113
2021-07-05,Fresno,019,978130,103744,102592,8724,111316,1727
2021-07-05,Glenn,021,27897,2460,2438,568,3006,20
2021-07-05,Humboldt,023,135768,4581,4563,53,4616,49
2021-07-05,Imperial,025,180216,28865,28689,2696,31385,739
2021-07-05,Inyo,027,18085,1416,1412,12,1424,36
2021-07-05,Kern,029,883053,98162,97479,11113,108592,1346
2021-07-05,Kings,031,150075,23343,23065,1091,24156,245
2021-07-05,Lake,033,64148,3685,3645,13,3658,63
2021-07-05,Lassen,035,31185,5304,5288,115,5403,21
2021-07-05,Los Angeles,037,10098052,1218686,1210653,41555,1252208,24522
2021-07-05,Madera,039,155013,16883,16722,947,17669,241
2021-07-05,Marin,041,260295,14299,14178,260,14438,233
2021-07-05,Mariposa,043,17540,442,441,11,452,5
2021-07-05,Mendocino,045,87422,4239,4139,87,4226,49
2021-07-05,Merced,047,269075,31337,31312,1043,32355,470
2021-07-05,Modoc,049,8938,418,410,147,557,4
2021-07-05,Mono,051,14174,1269,1273,17,1290,3
2021-07-05,Monterey,053,433212,43402,43218,1854,45072,494
2021-07-05,Napa,055,140530,10095,10074,39,10113,81
2021-07-05,Nevada,057,99092,5046,4980,193,5173,72
2021-07-05,Orange,059,3164182,257713,256173,11538,267711,5129
2021-07-05,Placer,061,380077,24092,23867,1574,25441,302
2021-07-05,Plumas,063,18699,727,708,14,722,4
2021-07-05,Riverside,065,2383286,296707,293193,14055,307248,4539
2021-07-05,Sacramento,067,1510023,109525,108758,1853,110611,1679
2021-07-05,San Benito,069,59416,6143,6137,113,6250,63
2021-07-05,San Bernardino,071,2135413,295856,294647,9040,303687,5037
2021-07-05,San Diego,073,3302833,284590,282834,15631,298465,3782
2021-07-05,San Francisco,075,870044,37517,37237,1312,38549,558
2021-07-05,San Joaquin,077,732212,74558,73999,3615,77614,1410
2021-07-05,San Luis Obispo,079,281455,21610,21351,757,22108,257
2021-07-05,San Mateo,081,765935,43024,42876,489,43365,541
2021-07-05,Santa Barbara,083,443738,34744,34569,1131,35700,460
2021-07-05,Santa Clara,085,1922200,120032,119184,772,119956,2095
2021-07-05,Santa Cruz,087,273765,16399,16273,801,17074,208
2021-07-05,Shasta,089,179085,12663,12603,1646,14249,205
2021-07-05,Sierra,091,2930,65,60,12,72,0
2021-07-05,Siskiyou,093,43540,1985,1904,374,2278,29
2021-07-05,Solano,095,438530,33800,33612,579,34191,268
2021-07-05,Sonoma,097,501317,31314,31116,363,31479,316
2021-07-05,Stanislaus,099,539301,57310,57109,5999,63108,1029
2021-07-05,Sutter,101,95872,9693,9667,87,9754,114
2021-07-05,Tehama,103,63373,5169,5125,585,5710,63
2021-07-05,Trinity,105,12862,495,341,96,437,3
2021-07-05,Tulare,107,460477,50547,49818,9053,58871,853
2021-07-05,Tuolumne,109,53932,4117,4112,43,4155,64
2021-07-05,Ventura,111,848112,82192,81519,3066,84585,1033
2021-07-05,Yolo,113,214977,14318,14225,285,14510,213
2021-07-05,Yuba,115,75493,6278,6223,129,6352,51
2021-07-04,Alameda,001,1643700,90204,89683,1969,91652,1253
2021-07-04,Alpine,003,1148,88,89,0,89,0
2021-07-04,Amador,005,37829,3767,3758,32,3790,46
2021-07-04,Butte,007,227075,12861,12684,1871,14555,201
2021-07-04,Calaveras,009,45235,2225,2200,13,2213,55
2021-07-04,Colusa,011,21464,1976,1969,325,2294,15
2021-07-04,Contra Costa,013,1133247,71653,70941,1322,72263,818
2021-07-04,Del Norte,015,27424,1479,1439,13,1452,8
2021-07-04,El Dorado,017,186661,10582,10433,791,11224,113
2021-07-04,Fresno,019,978130,103698,102512,8709,111221,1727
2021-07-04,Glenn,021,27897,2458,2442,567,3009,20
2021-07-04,Humboldt,023,135768,4573,4530,53,4583,49
2021-07-04,Imperial,025,180216,28859,28661,2696,31357,739
2021-07-04,Inyo,027,18085,1416,1412,12,1424,35
2021-07-04,Kern,029,883053,98143,97421,11104,108525,1347
2021-07-04,Kings,031,150075,23335,23051,1091,24142,245
2021-07-04,Lake,033,64148,3675,3623,13,3636,62
2021-07-04,Lassen,035,31185,5303,5277,115,5392,20
2021-07-04,Los Angeles,037,10098052,1217824,1208705,41470,1250175,24506
2021-07-04,Madera,039,155013,16871,16696,946,17642,240
2021-07-04,Marin,041,260295,14284,14143,260,14403,233
2021-07-04,Mariposa,043,17540,442,441,11,452,5
2021-07-04,Mendocino,045,87422,4229,4122,87,4209,49
2021-07-04,Merced,047,269075,31326,31297,1043,32340,469
2021-07-04,Modoc,049,8938,418,410,147,557,4
2021-07-04,Mono,051,14174,1269,1275,17,1292,3
2021-07-04,Monterey,053,433212,43386,43212,1853,45065,492
2021-07-04,Napa,055,140530,10087,10045,38,10083,81
2021-07-04,Nevada,057,99092,5036,4966,193,5159,72
2021-07-04,Orange,059,3164182,257538,255823,11518,267341,5126
2021-07-04,Placer,061,380077,24055,23764,1568,25332,299
2021-07-04,Plumas,063,18699,727,707,14,721,4
2021-07-04,Riverside,065,2383286,296547,293260,14049,307309,4536
2021-07-04,Sacramento,067,1510023,109355,108257,1847,110104,1676
2021-07-04,San Benito,069,59416,6136,6108,113,6221,63
2021-07-04,San Bernardino,071,2135413,295688,294294,9033,303327,5003
2021-07-04,San Diego,073,3302833,284365,282692,15594,298286,3780
2021-07-04,San Francisco,075,870044,37458,37107,1306,38413,558
2021-07-04,San Joaquin,077,732212,74492,73841,3607,77448,1409
2021-07-04,San Luis Obispo,079,281455,21604,21330,756,22086,256
2021-07-04,San Mateo,081,765935,42990,42691,489,43180,541
2021-07-04,Santa Barbara,083,443738,34721,34526,1130,35656,456
2021-07-04,Santa Clara,085,1922200,119942,118966,771,119737,2090
2021-07-04,Santa Cruz,087,273765,16388,16254,801,17055,208
2021-07-04,Shasta,089,179085,12659,12582,1645,14227,204
2021-07-04,Sierra,091,2930,64,60,12,72,0
2021-07-04,Siskiyou,093,43540,1981,1899,373,2272,29
2021-07-04,Solano,095,438530,33759,33486,577,34063,268
2021-07-04,Sonoma,097,501317,31284,31000,363,31363,316
2021-07-04,Stanislaus,099,539301,57295,57018,5993,63011,1018
2021-07-04,Sutter,101,95872,9682,9644,87,9731,114
2021-07-04,Tehama,103,63373,5165,5124,585,5709,63
2021-07-04,Trinity,105,12862,494,341,96,437,3
2021-07-04,Tulare,107,460477,50537,49789,9050,58839,853
2021-07-04,Tuolumne,109,53932,4109,4113,43,4156,64
2021-07-04,Ventura,111,848112,82134,81425,3055,84480,1033
2021-07-04,Yolo,113,214977,14297,14188,282,14470,213
2021-07-04,Yuba,115,75493,6270,6197,129,6326,51
2021-07-03,Alameda,001,1643700,90117,89683,1961,91644,1253
2021-07-03,Alpine,003,1148,88,89,0,89,0
2021-07-03,Amador,005,37829,3767,3758,32,3790,46
2021-07-03,Butte,007,227075,12857,12684,1870,14554,201
2021-07-03,Calaveras,009,45235,2223,2200,13,2213,55
2021-07-03,Colusa,011,21464,1975,1969,325,2294,15
2021-07-03,Contra Costa,013,1133247,71593,70941,1319,72260,818
2021-07-03,Del Norte,015,27424,1476,1439,13,1452,8
2021-07-03,El Dorado,017,186661,10576,10433,789,11222,113
2021-07-03,Fresno,019,978130,103674,102512,8700,111212,1727
2021-07-03,Glenn,021,27897,2458,2442,567,3009,20
2021-07-03,Humboldt,023,135768,4568,4530,53,4583,49
2021-07-03,Imperial,025,180216,28849,28661,2696,31357,739
2021-07-03,Inyo,027,18085,1416,1412,12,1424,35
2021-07-03,Kern,029,883053,98123,97421,11096,108517,1347
2021-07-03,Kings,031,150075,23335,23051,1090,24141,245
2021-07-03,Lake,033,64148,3665,3623,13,3636,62
2021-07-03,Lassen,035,31185,5302,5277,115,5392,20
2021-07-03,Los Angeles,037,10098052,1217395,1208705,41439,1250144,24506
2021-07-03,Madera,039,155013,16862,16696,943,17639,240
2021-07-03,Marin,041,260295,14280,14143,260,14403,233
2021-07-03,Mariposa,043,17540,442,441,11,452,5
2021-07-03,Mendocino,045,87422,4228,4122,87,4209,49
2021-07-03,Merced,047,269075,31313,31297,1042,32339,469
2021-07-03,Modoc,049,8938,417,410,147,557,4
2021-07-03,Mono,051,14174,1268,1275,17,1292,3
2021-07-03,Monterey,053,433212,43374,43212,1851,45063,492
2021-07-03,Napa,055,140530,10082,10045,38,10083,81
2021-07-03,Nevada,057,99092,5022,4966,193,5159,72
2021-07-03,Orange,059,3164182,257454,255823,11511,267334,5126
2021-07-03,Placer,061,380077,24036,23764,1565,25329,299
2021-07-03,Plumas,063,18699,727,707,14,721,4
2021-07-03,Riverside,065,2383286,296455,293260,14045,307305,4536
2021-07-03,Sacramento,067,1510023,109281,108257,1844,110101,1676
2021-07-03,San Benito,069,59416,6129,6108,113,6221,63
2021-07-03,San Bernardino,071,2135413,295598,294294,9030,303324,5003
2021-07-03,San Diego,073,3302833,284234,282692,15575,298267,3780
2021-07-03,San Francisco,075,870044,37417,37107,1303,38410,558
2021-07-03,San Joaquin,077,732212,74456,73841,3602,77443,1409
2021-07-03,San Luis Obispo,079,281455,21592,21330,756,22086,256
2021-07-03,San Mateo,081,765935,42965,42691,488,43179,541
2021-07-03,Santa Barbara,083,443738,34712,34526,1129,35655,456
2021-07-03,Santa Clara,085,1922200,119895,118966,771,119737,2090
2021-07-03,Santa Cruz,087,273765,16381,16254,801,17055,208
2021-07-03,Shasta,089,179085,12655,12582,1643,14225,204
2021-07-03,Sierra,091,2930,64,60,12,72,0
2021-07-03,Siskiyou,093,43540,1980,1899,372,2271,29
2021-07-03,Solano,095,438530,33715,33486,577,34063,268
2021-07-03,Sonoma,097,501317,31250,31000,363,31363,316
2021-07-03,Stanislaus,099,539301,57284,57018,5986,63004,1018
2021-07-03,Sutter,101,95872,9672,9644,87,9731,114
2021-07-03,Tehama,103,63373,5163,5124,585,5709,63
2021-07-03,Trinity,105,12862,494,341,96,437,3
2021-07-03,Tulare,107,460477,50531,49789,9044,58833,853
2021-07-03,Tuolumne,109,53932,4108,4113,43,4156,64
2021-07-03,Ventura,111,848112,82104,81425,3047,84472,1033
2021-07-03,Yolo,113,214977,14287,14188,279,14467,213
2021-07-03,Yuba,115,75493,6264,6197,129,6326,51
2021-07-02,Alameda,001,1643700,90034,89683,1960,91643,1253
2021-07-02,Alpine,003,1148,88,89,0,89,0
2021-07-02,Amador,005,37829,3765,3758,32,3790,46
2021-07-02,Butte,007,227075,12850,12684,1870,14554,201
2021-07-02,Calaveras,009,45235,2221,2200,13,2213,55
2021-07-02,Colusa,011,21464,1974,1969,324,2293,15
2021-07-02,Contra Costa,013,1133247,71523,70941,1315,72256,818
2021-07-02,Del Norte,015,27424,1476,1439,13,1452,8
2021-07-02,El Dorado,017,186661,10568,10433,789,11222,113
2021-07-02,Fresno,019,978130,103646,102512,8694,111206,1727
2021-07-02,Glenn,021,27897,2457,2442,566,3008,20
2021-07-02,Humboldt,023,135768,4565,4530,52,4582,49
2021-07-02,Imperial,025,180216,28843,28661,2695,31356,739
2021-07-02,Inyo,027,18085,1416,1412,12,1424,35
2021-07-02,Kern,029,883053,98105,97421,11088,108509,1347
2021-07-02,Kings,031,150075,23325,23051,1090,24141,245
2021-07-02,Lake,033,64148,3659,3623,13,3636,62
2021-07-02,Lassen,035,31185,5302,5277,115,5392,20
2021-07-02,Los Angeles,037,10098052,1216921,1208705,41401,1250106,24506
2021-07-02,Madera,039,155013,16853,16696,942,17638,240
2021-07-02,Marin,041,260295,14276,14143,260,14403,233
2021-07-02,Mariposa,043,17540,442,441,11,452,5
2021-07-02,Mendocino,045,87422,4224,4122,86,4208,49
2021-07-02,Merced,047,269075,31304,31297,1042,32339,469
2021-07-02,Modoc,049,8938,417,410,147,557,4
2021-07-02,Mono,051,14174,1267,1275,17,1292,3
2021-07-02,Monterey,053,433212,43366,43212,1850,45062,492
2021-07-02,Napa,055,140530,10077,10045,38,10083,81
2021-07-02,Nevada,057,99092,5013,4966,193,5159,72
2021-07-02,Orange,059,3164182,257343,255823,11504,267327,5126
2021-07-02,Placer,061,380077,24019,23764,1558,25322,299
2021-07-02,Plumas,063,18699,727,707,14,721,4
2021-07-02,Riverside,065,2383286,296357,293260,14040,307300,4536
2021-07-02,Sacramento,067,1510023,109203,108257,1843,110100,1676
2021-07-02,San Benito,069,59416,6126,6108,113,6221,63
2021-07-02,San Bernardino,071,2135413,295511,294294,9028,303322,5003
2021-07-02,San Diego,073,3302833,284089,282692,15549,298241,3780
2021-07-02,San Francisco,075,870044,37369,37107,1301,38408,558
2021-07-02,San Joaquin,077,732212,74424,73841,3596,77437,1409
2021-07-02,San Luis Obispo,079,281455,21586,21330,755,22085,256
2021-07-02,San Mateo,081,765935,42929,42691,488,43179,541
2021-07-02,Santa Barbara,083,443738,34702,34526,1129,35655,456
2021-07-02,Santa Clara,085,1922200,119817,118966,771,119737,2090
2021-07-02,Santa Cruz,087,273765,16377,16254,801,17055,208
2021-07-02,Shasta,089,179085,12651,12582,1643,14225,204
2021-07-02,Sierra,091,2930,63,60,12,72,0
2021-07-02,Siskiyou,093,43540,1977,1899,371,2270,29
2021-07-02,Solano,095,438530,33690,33486,577,34063,268
2021-07-02,Sonoma,097,501317,31227,31000,363,31363,316
2021-07-02,Stanislaus,099,539301,57267,57018,5985,63003,1018
2021-07-02,Sutter,101,95872,9668,9644,87,9731,114
2021-07-02,Tehama,103,63373,5161,5124,583,5707,63
2021-07-02,Trinity,105,12862,494,341,96,437,3
2021-07-02,Tulare,107,460477,50521,49789,9036,58825,853
2021-07-02,Tuolumne,109,53932,4105,4113,43,4156,64
2021-07-02,Ventura,111,848112,82061,81425,3039,84464,1033
2021-07-02,Yolo,113,214977,14271,14188,277,14465,213
2021-07-02,Yuba,115,75493,6256,6197,129,6326,51
2021-07-01,Alameda,001,1643700,89934,89683,1958,91641,1253
2021-07-01,Alpine,003,1148,88,89,0,89,0
2021-07-01,Amador,005,37829,3764,3758,32,3790,46
2021-07-01,Butte,007,227075,12838,12684,1868,14552,201
2021-07-01,Calaveras,009,45235,2219,2200,13,2213,55
2021-07-01,Colusa,011,21464,1974,1969,322,2291,15
2021-07-01,Contra Costa,013,1133247,71451,70941,1315,72256,818
2021-07-01,Del Norte,015,27424,1475,1439,13,1452,8
2021-07-01,El Dorado,017,186661,10556,10433,789,11222,113
2021-07-01,Fresno,019,978130,103607,102512,8689,111201,1727
2021-07-01,Glenn,021,27897,2457,2442,566,3008,20
2021-07-01,Humboldt,023,135768,4563,4530,52,4582,49
2021-07-01,Imperial,025,180216,28826,28661,2695,31356,739
2021-07-01,Inyo,027,18085,1416,1412,12,1424,35
2021-07-01,Kern,029,883053,98079,97421,11078,108499,1347
2021-07-01,Kings,031,150075,23311,23051,1090,24141,245
2021-07-01,Lake,033,64148,3656,3623,13,3636,62
2021-07-01,Lassen,035,31185,5300,5277,115,5392,20
2021-07-01,Los Angeles,037,10098052,1216317,1208705,41346,1250051,24506
2021-07-01,Madera,039,155013,16844,16696,941,17637,240
2021-07-01,Marin,041,260295,14272,14143,260,14403,233
2021-07-01,Mariposa,043,17540,442,441,11,452,5
2021-07-01,Mendocino,045,87422,4220,4122,85,4207,49
2021-07-01,Merced,047,269075,31298,31297,1042,32339,469
2021-07-01,Modoc,049,8938,417,410,147,557,4
2021-07-01,Mono,051,14174,1266,1275,17,1292,3
2021-07-01,Monterey,053,433212,43358,43212,1847,45059,492
2021-07-01,Napa,055,140530,10070,10045,38,10083,81
2021-07-01,Nevada,057,99092,5008,4966,193,5159,72
2021-07-01,Orange,059,3164182,257222,255823,11485,267308,5126
2021-07-01,Placer,061,380077,24000,23764,1555,25319,299
2021-07-01,Plumas,063,18699,724,707,12,719,4
2021-07-01,Riverside,065,2383286,296248,293260,14032,307292,4536
2021-07-01,Sacramento,067,1510023,109077,108257,1836,110093,1676
2021-07-01,San Benito,069,59416,6122,6108,113,6221,63
2021-07-01,San Bernardino,071,2135413,295390,294294,9023,303317,5003
2021-07-01,San Diego,073,3302833,283911,282692,15512,298204,3780
2021-07-01,San Francisco,075,870044,37333,37107,1299,38406,558
2021-07-01,San Joaquin,077,732212,74373,73841,3592,77433,1409
2021-07-01,San Luis Obispo,079,281455,21571,21330,754,22084,256
2021-07-01,San Mateo,081,765935,42901,42691,487,43178,541
2021-07-01,Santa Barbara,083,443738,34689,34526,1129,35655,456
2021-07-01,Santa Clara,085,1922200,119768,118966,771,119737,2090
2021-07-01,Santa Cruz,087,273765,16372,16254,801,17055,208
2021-07-01,Shasta,089,179085,12643,12582,1642,14224,204
2021-07-01,Sierra,091,2930,63,60,12,72,0
2021-07-01,Siskiyou,093,43540,1977,1899,371,2270,29
2021-07-01,Solano,095,438530,33649,33486,576,34062,268
2021-07-01,Sonoma,097,501317,31183,31000,363,31363,316
2021-07-01,Stanislaus,099,539301,57249,57018,5981,62999,1018
2021-07-01,Sutter,101,95872,9659,9644,87,9731,114
2021-07-01,Tehama,103,63373,5161,5124,582,5706,63
2021-07-01,Trinity,105,12862,494,341,96,437,3
2021-07-01,Tulare,107,460477,50512,49789,9029,58818,853
2021-07-01,Tuolumne,109,53932,4098,4113,43,4156,64
2021-07-01,Ventura,111,848112,82030,81425,3029,84454,1033
2021-07-01,Yolo,113,214977,14255,14188,275,14463,213
2021-07-01,Yuba,115,75493,6249,6197,129,6326,51
2021-06-30,Alameda,001,1643700,89855,89597,1954,91551,1256
2021-06-30,Alpine,003,1148,88,89,0,89,0
2021-06-30,Amador,005,37829,3762,3756,32,3788,46
2021-06-30,Butte,007,227075,12831,12676,1859,14535,201
2021-06-30,Calaveras,009,45235,2213,2198,13,2211,55
2021-06-30,Colusa,011,21464,1972,1967,319,2286,15
2021-06-30,Contra Costa,013,1133247,71386,70869,1312,72181,818
2021-06-30,Del Norte,015,27424,1470,1435,13,1448,8
2021-06-30,El Dorado,017,186661,10536,10420,789,11209,113
2021-06-30,Fresno,019,978130,103570,102490,8686,111176,1727
2021-06-30,Glenn,021,27897,2455,2440,566,3006,20
2021-06-30,Humboldt,023,135768,4547,4522,50,4572,49
2021-06-30,Imperial,025,180216,28818,28651,2695,31346,739
2021-06-30,Inyo,027,18085,1416,1409,12,1421,35
2021-06-30,Kern,029,883053,98038,97267,11066,108333,1348
2021-06-30,Kings,031,150075,23306,23038,1089,24127,245
2021-06-30,Lake,033,64148,3643,3601,13,3614,56
2021-06-30,Lassen,035,31185,5295,5269,115,5384,20
2021-06-30,Los Angeles,037,10098052,1215643,1208246,41301,1249547,24499
2021-06-30,Madera,039,155013,16836,16688,939,17627,240
2021-06-30,Marin,041,260295,14263,14133,259,14392,232
2021-06-30,Mariposa,043,17540,441,441,11,452,5
2021-06-30,Mendocino,045,87422,4210,4115,85,4200,49
2021-06-30,Merced,047,269075,31288,31286,1042,32328,469
2021-06-30,Modoc,049,8938,417,410,147,557,4
2021-06-30,Mono,051,14174,1266,1275,17,1292,3
2021-06-30,Monterey,053,433212,43353,43209,1845,45054,492
2021-06-30,Napa,055,140530,10062,10039,38,10077,81
2021-06-30,Nevada,057,99092,4997,4958,193,5151,72
2021-06-30,Orange,059,3164182,257095,255764,11475,267239,5125
2021-06-30,Placer,061,380077,23976,23721,1552,25273,299
2021-06-30,Plumas,063,18699,724,705,12,717,4
2021-06-30,Riverside,065,2383286,296134,293280,14024,307304,4535
2021-06-30,Sacramento,067,1510023,108938,108137,1832,109969,1676
2021-06-30,San Benito,069,59416,6118,6105,113,6218,63
2021-06-30,San Bernardino,071,2135413,295230,294211,9018,303229,4975
2021-06-30,San Diego,073,3302833,283775,282583,15484,298067,3780
2021-06-30,San Francisco,075,870044,37284,37065,1294,38359,558
2021-06-30,San Joaquin,077,732212,74311,73777,3591,77368,1409
2021-06-30,San Luis Obispo,079,281455,21558,21326,753,22079,256
2021-06-30,San Mateo,081,765935,42864,42599,486,43085,537
2021-06-30,Santa Barbara,083,443738,34673,34521,1129,35650,456
2021-06-30,Santa Clara,085,1922200,119721,118930,768,119698,2090
2021-06-30,Santa Cruz,087,273765,16366,16250,801,17051,208
2021-06-30,Shasta,089,179085,12637,12564,1642,14206,204
2021-06-30,Sierra,091,2930,63,60,12,72,0
2021-06-30,Siskiyou,093,43540,1975,1900,368,2268,29
2021-06-30,Solano,095,438530,33610,33453,574,34027,268
2021-06-30,Sonoma,097,501317,31153,30947,363,31310,316
2021-06-30,Stanislaus,099,539301,57232,56997,5980,62977,1018
2021-06-30,Sutter,101,95872,9649,9638,87,9725,114
2021-06-30,Tehama,103,63373,5159,5124,582,5706,63
2021-06-30,Trinity,105,12862,494,341,96,437,3
2021-06-30,Tulare,107,460477,50501,49764,9018,58782,853
2021-06-30,Tuolumne,109,53932,4095,4112,43,4155,64
2021-06-30,Ventura,111,848112,81987,81392,3024,84416,1032
2021-06-30,Yolo,113,214977,14249,14178,272,14450,213
2021-06-30,Yuba,115,75493,6242,6191,129,6320,51
2021-06-29,Alameda,001,1643700,89749,89519,1952,91471,1257
2021-06-29,Alpine,003,1148,88,89,0,89,0
2021-06-29,Amador,005,37829,3758,3754,32,3786,46
2021-06-29,Butte,007,227075,12823,12669,1859,14528,201
2021-06-29,Calaveras,009,45235,2207,2198,13,2211,55
2021-06-29,Colusa,011,21464,1970,1967,319,2286,15
2021-06-29,Contra Costa,013,1133247,71312,70775,1311,72086,817
2021-06-29,Del Norte,015,27424,1469,1435,13,1448,8
2021-06-29,El Dorado,017,186661,10523,10403,785,11188,113
2021-06-29,Fresno,019,978130,103537,102464,8683,111147,1725
2021-06-29,Glenn,021,27897,2454,2439,566,3005,20
2021-06-29,Humboldt,023,135768,4543,4514,49,4563,49
2021-06-29,Imperial,025,180216,28809,28645,2694,31339,737
2021-06-29,Inyo,027,18085,1416,1408,12,1420,35
2021-06-29,Kern,029,883053,98017,97173,11060,108233,1347
2021-06-29,Kings,031,150075,23297,23035,1088,24123,245
2021-06-29,Lake,033,64148,3637,3594,13,3607,56
2021-06-29,Lassen,035,31185,5288,5268,115,5383,20
2021-06-29,Los Angeles,037,10098052,1215028,1207895,41273,1249168,24498
2021-06-29,Madera,039,155013,16832,16680,938,17618,240
2021-06-29,Marin,041,260295,14251,14127,259,14386,232
2021-06-29,Mariposa,043,17540,441,441,11,452,5
2021-06-29,Mendocino,045,87422,4206,4107,84,4191,49
2021-06-29,Merced,047,269075,31276,31277,1042,32319,469
2021-06-29,Modoc,049,8938,416,408,147,555,3
2021-06-29,Mono,051,14174,1266,1275,17,1292,3
2021-06-29,Monterey,053,433212,43343,43196,1843,45039,471
2021-06-29,Napa,055,140530,10056,10033,38,10071,81
2021-06-29,Nevada,057,99092,4990,4952,193,5145,72
2021-06-29,Orange,059,3164182,256995,255686,11460,267146,5124
2021-06-29,Placer,061,380077,23956,23693,1550,25243,299
2021-06-29,Plumas,063,18699,724,704,12,716,4
2021-06-29,Riverside,065,2383286,296035,292962,14017,306979,4524
2021-06-29,Sacramento,067,1510023,108785,108067,1829,109896,1677
2021-06-29,San Benito,069,59416,6107,6099,113,6212,63
2021-06-29,San Bernardino,071,2135413,295118,294118,9017,303135,4940
2021-06-29,San Diego,073,3302833,283619,282499,15457,297956,3780
2021-06-29,San Francisco,075,870044,37246,37041,1291,38332,558
2021-06-29,San Joaquin,077,732212,74263,73724,3588,77312,1409
2021-06-29,San Luis Obispo,079,281455,21548,21324,752,22076,256
2021-06-29,San Mateo,081,765935,42830,42540,486,43026,540
2021-06-29,Santa Barbara,083,443738,34663,34507,1128,35635,455
2021-06-29,Santa Clara,085,1922200,119667,118893,767,119660,2090
2021-06-29,Santa Cruz,087,273765,16360,16249,801,17050,208
2021-06-29,Shasta,089,179085,12625,12564,1641,14205,204
2021-06-29,Sierra,091,2930,63,59,12,71,0
2021-06-29,Siskiyou,093,43540,1972,1897,364,2261,29
2021-06-29,Solano,095,438530,33577,33440,572,34012,268
2021-06-29,Sonoma,097,501317,31111,30950,361,31311,316
2021-06-29,Stanislaus,099,539301,57211,56980,5973,62953,1018
2021-06-29,Sutter,101,95872,9638,9634,87,9721,114
2021-06-29,Tehama,103,63373,5159,5124,582,5706,63
2021-06-29,Trinity,105,12862,494,341,96,437,3
2021-06-29,Tulare,107,460477,50488,49751,9013,58764,852
2021-06-29,Tuolumne,109,53932,4093,4111,43,4154,64
2021-06-29,Ventura,111,848112,81949,81363,3018,84381,1032
2021-06-29,Yolo,113,214977,14237,14171,271,14442,213
2021-06-29,Yuba,115,75493,6232,6188,129,6317,51
2021-06-28,Alameda,001,1643700,89654,89638,1949,91587,1259
2021-06-28,Alpine,003,1148,88,89,0,89,0
2021-06-28,Amador,005,37829,3757,3753,32,3785,46
2021-06-28,Butte,007,227075,12814,12697,1857,14554,198
2021-06-28,Calaveras,009,45235,2204,2203,13,2216,55
2021-06-28,Colusa,011,21464,1968,1974,319,2293,15
2021-06-28,Contra Costa,013,1133247,71238,70807,1309,72116,816
2021-06-28,Del Norte,015,27424,1469,1436,13,1449,8
2021-06-28,El Dorado,017,186661,10513,10422,781,11203,115
2021-06-28,Fresno,019,978130,103506,103121,8681,111802,1727
2021-06-28,Glenn,021,27897,2454,2439,566,3005,20
2021-06-28,Humboldt,023,135768,4536,4520,48,4568,49
2021-06-28,Imperial,025,180216,28801,28981,2693,31674,741
2021-06-28,Inyo,027,18085,1413,1407,12,1419,35
2021-06-28,Kern,029,883053,97998,97252,11055,108307,1348
2021-06-28,Kings,031,150075,23291,23134,1088,24222,246
2021-06-28,Lake,033,64148,3629,3591,13,3604,56
2021-06-28,Lassen,035,31185,5286,5268,115,5383,20
2021-06-28,Los Angeles,037,10098052,1214509,1207714,41238,1248952,24496
2021-06-28,Madera,039,155013,16821,16683,937,17620,240
2021-06-28,Marin,041,260295,14236,14186,259,14445,232
2021-06-28,Mariposa,043,17540,441,440,11,451,5
2021-06-28,Mendocino,045,87422,4197,4102,83,4185,49
2021-06-28,Merced,047,269075,31264,31277,1042,32319,469
2021-06-28,Modoc,049,8938,416,411,146,557,3
2021-06-28,Mono,051,14174,1266,1276,17,1293,3
2021-06-28,Monterey,053,433212,43339,43202,1842,45044,462
2021-06-28,Napa,055,140530,10047,10050,37,10087,81
2021-06-28,Nevada,057,99092,4986,4951,193,5144,72
2021-06-28,Orange,059,3164182,256905,255755,11446,267201,5123
2021-06-28,Placer,061,380077,23936,23756,1546,25302,299
2021-06-28,Plumas,063,18699,722,704,12,716,4
2021-06-28,Riverside,065,2383286,295909,292647,14005,306652,4507
2021-06-28,Sacramento,067,1510023,108653,108342,1824,110166,1675
2021-06-28,San Benito,069,59416,6105,6101,113,6214,63
2021-06-28,San Bernardino,071,2135413,295017,294151,9012,303163,4928
2021-06-28,San Diego,073,3302833,283455,282417,15428,297845,3780
2021-06-28,San Francisco,075,870044,37210,37372,1289,38661,559
2021-06-28,San Joaquin,077,732212,74216,73973,3585,77558,1411
2021-06-28,San Luis Obispo,079,281455,21544,21340,751,22091,256
2021-06-28,San Mateo,081,765935,42796,42927,485,43412,540
2021-06-28,Santa Barbara,083,443738,34656,34534,1126,35660,455
2021-06-28,Santa Clara,085,1922200,119603,120377,766,121143,2103
2021-06-28,Santa Cruz,087,273765,16355,16245,801,17046,208
2021-06-28,Shasta,089,179085,12621,12642,1639,14281,203
2021-06-28,Sierra,091,2930,63,58,12,70,0
2021-06-28,Siskiyou,093,43540,1971,1896,364,2260,29
2021-06-28,Solano,095,438530,33541,33524,570,34094,267
2021-06-28,Sonoma,097,501317,31074,31137,360,31497,315
2021-06-28,Stanislaus,099,539301,57193,57047,5969,63016,1018
2021-06-28,Sutter,101,95872,9634,9682,87,9769,114
2021-06-28,Tehama,103,63373,5157,5122,582,5704,63
2021-06-28,Trinity,105,12862,494,341,96,437,3
2021-06-28,Tulare,107,460477,50478,49751,9009,58760,850
2021-06-28,Tuolumne,109,53932,4085,4121,43,4164,64
2021-06-28,Ventura,111,848112,81892,81393,3013,84406,1032
2021-06-28,Yolo,113,214977,14228,14199,268,14467,213
2021-06-28,Yuba,115,75493,6227,6207,129,6336,51
2021-06-27,Alameda,001,1643700,89567,89611,1945,91556,1259
2021-06-27,Alpine,003,1148,88,89,0,89,0
2021-06-27,Amador,005,37829,3756,3752,32,3784,46
2021-06-27,Butte,007,227075,12805,12696,1856,14552,198
2021-06-27,Calaveras,009,45235,2203,2203,13,2216,55
2021-06-27,Colusa,011,21464,1968,1974,319,2293,15
2021-06-27,Contra Costa,013,1133247,71152,70762,1305,72067,816
2021-06-27,Del Norte,015,27424,1466,1436,13,1449,8
2021-06-27,El Dorado,017,186661,10501,10418,778,11196,115
2021-06-27,Fresno,019,978130,103477,103110,8678,111788,1727
2021-06-27,Glenn,021,27897,2453,2439,565,3004,20
2021-06-27,Humboldt,023,135768,4524,4513,45,4558,49
2021-06-27,Imperial,025,180216,28787,28987,2693,31680,741
2021-06-27,Inyo,027,18085,1413,1407,12,1419,35
2021-06-27,Kern,029,883053,97972,97249,11048,108297,1348
2021-06-27,Kings,031,150075,23281,23132,1088,24220,246
2021-06-27,Lake,033,64148,3622,3581,13,3594,56
2021-06-27,Lassen,035,31185,5285,5265,115,5380,20
2021-06-27,Los Angeles,037,10098052,1213957,1207461,41198,1248659,24493
2021-06-27,Madera,039,155013,16813,16680,937,17617,240
2021-06-27,Marin,041,260295,14227,14182,259,14441,232
2021-06-27,Mariposa,043,17540,441,440,11,451,5
2021-06-27,Mendocino,045,87422,4190,4100,83,4183,49
2021-06-27,Merced,047,269075,31252,31266,1042,32308,469
2021-06-27,Modoc,049,8938,416,411,146,557,3
2021-06-27,Mono,051,14174,1266,1279,17,1296,3
2021-06-27,Monterey,053,433212,43326,43199,1842,45041,462
2021-06-27,Napa,055,140530,10041,10046,37,10083,81
2021-06-27,Nevada,057,99092,4980,4946,193,5139,72
2021-06-27,Orange,059,3164182,256791,255710,11435,267145,5123
2021-06-27,Placer,061,380077,23903,23731,1543,25274,299
2021-06-27,Plumas,063,18699,722,704,12,716,4
2021-06-27,Riverside,065,2383286,295807,292641,13999,306640,4507
2021-06-27,Sacramento,067,1510023,108518,108279,1820,110099,1675
2021-06-27,San Benito,069,59416,6099,6101,113,6214,63
2021-06-27,San Bernardino,071,2135413,294904,294115,9010,303125,4927
2021-06-27,San Diego,073,3302833,283315,282359,15402,297761,3780
2021-06-27,San Francisco,075,870044,37173,37360,1288,38648,559
2021-06-27,San Joaquin,077,732212,74180,73960,3583,77543,1411
2021-06-27,San Luis Obispo,079,281455,21537,21340,750,22090,256
2021-06-27,San Mateo,081,765935,42767,42925,482,43407,539
2021-06-27,Santa Barbara,083,443738,34642,34533,1124,35657,455
2021-06-27,Santa Clara,085,1922200,119552,120352,765,121117,2103
2021-06-27,Santa Cruz,087,273765,16346,16241,801,17042,208
2021-06-27,Shasta,089,179085,12615,12640,1638,14278,203
2021-06-27,Sierra,091,2930,63,58,12,70,0
2021-06-27,Siskiyou,093,43540,1969,1896,363,2259,29
2021-06-27,Solano,095,438530,33513,33516,570,34086,267
2021-06-27,Sonoma,097,501317,31036,31129,360,31489,315
2021-06-27,Stanislaus,099,539301,57153,57021,5966,62987,1018
2021-06-27,Sutter,101,95872,9628,9678,87,9765,114
2021-06-27,Tehama,103,63373,5153,5122,582,5704,63
2021-06-27,Trinity,105,12862,494,341,95,436,3
2021-06-27,Tulare,107,460477,50465,49749,9002,58751,850
2021-06-27,Tuolumne,109,53932,4083,4121,43,4164,64
2021-06-27,Ventura,111,848112,81858,81361,3004,84365,1032
2021-06-27,Yolo,113,214977,14213,14194,264,14458,213
2021-06-27,Yuba,115,75493,6221,6205,129,6334,51
2021-06-26,Alameda,001,1643700,89510,89560,1943,91503,1259
2021-06-26,Alpine,003,1148,88,89,0,89,0
2021-06-26,Amador,005,37829,3756,3748,32,3780,46
2021-06-26,Butte,007,227075,12801,12693,1853,14546,198
2021-06-26,Calaveras,009,45235,2201,2202,13,2215,55
2021-06-26,Colusa,011,21464,1968,1973,319,2292,15
2021-06-26,Contra Costa,013,1133247,71109,70712,1304,72016,816
2021-06-26,Del Norte,015,27424,1465,1432,13,1445,8
2021-06-26,El Dorado,017,186661,10493,10414,776,11190,115
2021-06-26,Fresno,019,978130,103457,103091,8676,111767,1727
2021-06-26,Glenn,021,27897,2451,2441,565,3006,20
2021-06-26,Humboldt,023,135768,4521,4509,45,4554,49
2021-06-26,Imperial,025,180216,28783,28970,2693,31663,741
2021-06-26,Inyo,027,18085,1413,1407,12,1419,35
2021-06-26,Kern,029,883053,97946,97239,11039,108278,1348
2021-06-26,Kings,031,150075,23277,23128,1087,24215,246
2021-06-26,Lake,033,64148,3611,3576,13,3589,56
2021-06-26,Lassen,035,31185,5282,5263,115,5378,20
2021-06-26,Los Angeles,037,10098052,1213652,1207198,41166,1248364,24490
2021-06-26,Madera,039,155013,16806,16679,936,17615,240
2021-06-26,Marin,041,260295,14218,14180,259,14439,232
2021-06-26,Mariposa,043,17540,441,440,11,451,5
2021-06-26,Mendocino,045,87422,4188,4096,83,4179,49
2021-06-26,Merced,047,269075,31246,31259,1041,32300,469
2021-06-26,Modoc,049,8938,416,411,146,557,3
2021-06-26,Mono,051,14174,1266,1279,17,1296,3
2021-06-26,Monterey,053,433212,43323,43192,1842,45034,462
2021-06-26,Napa,055,140530,10034,10043,37,10080,81
2021-06-26,Nevada,057,99092,4975,4939,193,5132,72
2021-06-26,Orange,059,3164182,256712,255640,11428,267068,5123
2021-06-26,Placer,061,380077,23889,23702,1541,25243,299
2021-06-26,Plumas,063,18699,722,704,12,716,4
2021-06-26,Riverside,065,2383286,295749,292480,13993,306473,4505
2021-06-26,Sacramento,067,1510023,108447,108179,1817,109996,1675
2021-06-26,San Benito,069,59416,6095,6100,113,6213,63
2021-06-26,San Bernardino,071,2135413,294810,294034,9006,303040,4928
2021-06-26,San Diego,073,3302833,283230,282263,15384,297647,3780
2021-06-26,San Francisco,075,870044,37141,37348,1287,38635,559
2021-06-26,San Joaquin,077,732212,74151,73928,3582,77510,1411
2021-06-26,San Luis Obispo,079,281455,21536,21330,749,22079,256
2021-06-26,San Mateo,081,765935,42747,42898,482,43380,539
2021-06-26,Santa Barbara,083,443738,34633,34525,1124,35649,455
2021-06-26,Santa Clara,085,1922200,119519,120321,765,121086,2103
2021-06-26,Santa Cruz,087,273765,16343,16239,801,17040,208
2021-06-26,Shasta,089,179085,12611,12635,1634,14269,203
2021-06-26,Sierra,091,2930,63,58,12,70,0
2021-06-26,Siskiyou,093,43540,1968,1896,362,2258,29
2021-06-26,Solano,095,438530,33495,33489,568,34057,267
2021-06-26,Sonoma,097,501317,31010,31088,360,31448,315
2021-06-26,Stanislaus,099,539301,57137,57006,5963,62969,1018
2021-06-26,Sutter,101,95872,9627,9669,87,9756,114
2021-06-26,Tehama,103,63373,5153,5119,582,5701,63
2021-06-26,Trinity,105,12862,494,341,95,436,3
2021-06-26,Tulare,107,460477,50459,49745,9002,58747,850
2021-06-26,Tuolumne,109,53932,4083,4121,43,4164,64
2021-06-26,Ventura,111,848112,81834,81352,3003,84355,1032
2021-06-26,Yolo,113,214977,14205,14184,264,14448,213
2021-06-26,Yuba,115,75493,6218,6200,129,6329,51
2021-06-25,Alameda,001,1643700,89442,89453,1941,91394,1271
2021-06-25,Alpine,003,1148,88,89,0,89,0
2021-06-25,Amador,005,37829,3755,3746,32,3778,46
2021-06-25,Butte,007,227075,12796,12682,1850,14532,198
2021-06-25,Calaveras,009,45235,2200,2201,13,2214,55
2021-06-25,Colusa,011,21464,1968,1972,319,2291,15
2021-06-25,Contra Costa,013,1133247,71073,70659,1304,71963,815
2021-06-25,Del Norte,015,27424,1465,1426,13,1439,8
2021-06-25,El Dorado,017,186661,10485,10406,773,11179,115
2021-06-25,Fresno,019,978130,103439,103073,8672,111745,1727
2021-06-25,Glenn,021,27897,2451,2441,565,3006,20
2021-06-25,Humboldt,023,135768,4515,4503,43,4546,49
2021-06-25,Imperial,025,180216,28780,28968,2693,31661,740
2021-06-25,Inyo,027,18085,1412,1406,12,1418,35
2021-06-25,Kern,029,883053,97927,97182,11035,108217,1347
2021-06-25,Kings,031,150075,23271,23118,1087,24205,246
2021-06-25,Lake,033,64148,3605,3571,13,3584,56
2021-06-25,Lassen,035,31185,5281,5259,115,5374,20
2021-06-25,Los Angeles,037,10098052,1213369,1206909,41149,1248058,24483
2021-06-25,Madera,039,155013,16803,16670,936,17606,240
2021-06-25,Marin,041,260295,14215,14179,259,14438,232
2021-06-25,Mariposa,043,17540,441,440,11,451,5
2021-06-25,Mendocino,045,87422,4185,4089,83,4172,49
2021-06-25,Merced,047,269075,31238,31256,1041,32297,467
2021-06-25,Modoc,049,8938,416,411,146,557,3
2021-06-25,Mono,051,14174,1266,1279,17,1296,3
2021-06-25,Monterey,053,433212,43318,43184,1841,45025,462
2021-06-25,Napa,055,140530,10029,10037,37,10074,81
2021-06-25,Nevada,057,99092,4972,4932,193,5125,72
2021-06-25,Orange,059,3164182,256641,255574,11426,267000,5119
2021-06-25,Placer,061,380077,23870,23672,1540,25212,299
2021-06-25,Plumas,063,18699,722,702,11,713,4
2021-06-25,Riverside,065,2383286,295681,291663,13986,305649,4490
2021-06-25,Sacramento,067,1510023,108375,108034,1814,109848,1673
2021-06-25,San Benito,069,59416,6091,6098,113,6211,63
2021-06-25,San Bernardino,071,2135413,294755,293941,9004,302945,4911
2021-06-25,San Diego,073,3302833,283170,282157,15371,297528,3779
2021-06-25,San Francisco,075,870044,37118,37338,1286,38624,559
2021-06-25,San Joaquin,077,732212,74118,73860,3580,77440,1410
2021-06-25,San Luis Obispo,079,281455,21533,21325,748,22073,256
2021-06-25,San Mateo,081,765935,42729,42849,482,43331,537
2021-06-25,Santa Barbara,083,443738,34624,34518,1123,35641,454
2021-06-25,Santa Clara,085,1922200,119499,120272,765,121037,2103
2021-06-25,Santa Cruz,087,273765,16340,16230,799,17029,208
2021-06-25,Shasta,089,179085,12601,12633,1633,14266,202
2021-06-25,Sierra,091,2930,63,58,12,70,0
2021-06-25,Siskiyou,093,43540,1967,1894,362,2256,29
2021-06-25,Solano,095,438530,33475,33449,568,34017,267
2021-06-25,Sonoma,097,501317,30987,31043,360,31403,314
2021-06-25,Stanislaus,099,539301,57121,56973,5956,62929,1018
2021-06-25,Sutter,101,95872,9620,9664,87,9751,114
2021-06-25,Tehama,103,63373,5152,5119,582,5701,63
2021-06-25,Trinity,105,12862,494,338,95,433,3
2021-06-25,Tulare,107,460477,50452,49731,8999,58730,850
2021-06-25,Tuolumne,109,53932,4082,4121,43,4164,64
2021-06-25,Ventura,111,848112,81805,81342,2997,84339,1032
2021-06-25,Yolo,113,214977,14199,14172,264,14436,213
2021-06-25,Yuba,115,75493,6214,6195,129,6324,51
2021-06-24,Alameda,001,1643700,89370,89358,1938,91296,1268
2021-06-24,Alpine,003,1148,88,89,0,89,0
2021-06-24,Amador,005,37829,3751,3745,32,3777,46
2021-06-24,Butte,007,227075,12790,12673,1848,14521,198
2021-06-24,Calaveras,009,45235,2197,2202,13,2215,55
2021-06-24,Colusa,011,21464,1967,1972,319,2291,15
2021-06-24,Contra Costa,013,1133247,71014,70590,1304,71894,813
2021-06-24,Del Norte,015,27424,1464,1421,13,1434,8
2021-06-24,El Dorado,017,186661,10478,10402,773,11175,115
2021-06-24,Fresno,019,978130,103419,103061,8670,111731,1727
2021-06-24,Glenn,021,27897,2450,2439,565,3004,20
2021-06-24,Humboldt,023,135768,4510,4493,43,4536,49
2021-06-24,Imperial,025,180216,28777,28981,2693,31674,740
2021-06-24,Inyo,027,18085,1411,1406,12,1418,35
2021-06-24,Kern,029,883053,97908,97129,11022,108151,1346
2021-06-24,Kings,031,150075,23267,23114,1086,24200,246
2021-06-24,Lake,033,64148,3599,3571,13,3584,56
2021-06-24,Lassen,035,31185,5280,5258,115,5373,20
2021-06-24,Los Angeles,037,10098052,1213044,1206590,41125,1247715,24480
2021-06-24,Madera,039,155013,16792,16662,935,17597,240
2021-06-24,Marin,041,260295,14211,14180,259,14439,232
2021-06-24,Mariposa,043,17540,441,440,11,451,5
2021-06-24,Mendocino,045,87422,4177,4085,83,4168,49
2021-06-24,Merced,047,269075,31228,31248,1040,32288,466
2021-06-24,Modoc,049,8938,416,411,146,557,3
2021-06-24,Mono,051,14174,1266,1276,17,1293,3
2021-06-24,Monterey,053,433212,43311,43180,1841,45021,451
2021-06-24,Napa,055,140530,10027,10036,37,10073,80
2021-06-24,Nevada,057,99092,4970,4927,193,5120,72
2021-06-24,Orange,059,3164182,256577,255520,11418,266938,5117
2021-06-24,Placer,061,380077,23845,23659,1538,25197,299
2021-06-24,Plumas,063,18699,721,702,11,713,4
2021-06-24,Riverside,065,2383286,295600,291067,13975,305042,4473
2021-06-24,Sacramento,067,1510023,108287,107965,1812,109777,1672
2021-06-24,San Benito,069,59416,6088,6098,113,6211,63
2021-06-24,San Bernardino,071,2135413,294684,293895,8999,302894,4898
2021-06-24,San Diego,073,3302833,283066,282053,15358,297411,3778
2021-06-24,San Francisco,075,870044,37096,37320,1284,38604,559
2021-06-24,San Joaquin,077,732212,74070,73814,3580,77394,1408
2021-06-24,San Luis Obispo,079,281455,21527,21326,748,22074,256
2021-06-24,San Mateo,081,765935,42703,42814,481,43295,542
2021-06-24,Santa Barbara,083,443738,34618,34512,1122,35634,454
2021-06-24,Santa Clara,085,1922200,119468,120274,764,121038,2103
2021-06-24,Santa Cruz,087,273765,16339,16227,799,17026,208
2021-06-24,Shasta,089,179085,12596,12629,1629,14258,202
2021-06-24,Sierra,091,2930,63,58,12,70,0
2021-06-24,Siskiyou,093,43540,1967,1892,362,2254,28
2021-06-24,Solano,095,438530,33452,33432,566,33998,267
2021-06-24,Sonoma,097,501317,30958,31020,360,31380,314
2021-06-24,Stanislaus,099,539301,57095,56946,5956,62902,1018
2021-06-24,Sutter,101,95872,9613,9660,87,9747,113
2021-06-24,Tehama,103,63373,5149,5115,582,5697,63
2021-06-24,Trinity,105,12862,493,338,95,433,3
2021-06-24,Tulare,107,460477,50441,49730,8997,58727,850
2021-06-24,Tuolumne,109,53932,4080,4120,43,4163,64
2021-06-24,Ventura,111,848112,81777,81332,2996,84328,1032
2021-06-24,Yolo,113,214977,14190,14169,261,14430,213
2021-06-24,Yuba,115,75493,6209,6195,129,6324,51
2021-06-23,Alameda,001,1643700,89298,89338,1937,91275,1266
2021-06-23,Alpine,003,1148,88,88,0,88,0
2021-06-23,Amador,005,37829,3749,3743,32,3775,46
2021-06-23,Butte,007,227075,12783,12666,1848,14514,198
2021-06-23,Calaveras,009,45235,2196,2199,13,2212,55
2021-06-23,Colusa,011,21464,1966,1972,319,2291,15
2021-06-23,Contra Costa,013,1133247,70949,70526,1303,71829,813
2021-06-23,Del Norte,015,27424,1460,1418,13,1431,8
2021-06-23,El Dorado,017,186661,10468,10395,770,11165,115
2021-06-23,Fresno,019,978130,103390,103020,8668,111688,1724
2021-06-23,Glenn,021,27897,2450,2437,564,3001,20
2021-06-23,Humboldt,023,135768,4501,4490,43,4533,48
2021-06-23,Imperial,025,180216,28770,28908,2693,31601,740
2021-06-23,Inyo,027,18085,1411,1406,12,1418,35
2021-06-23,Kern,029,883053,97880,97078,11009,108087,1345
2021-06-23,Kings,031,150075,23260,23105,1084,24189,245
2021-06-23,Lake,033,64148,3590,3566,13,3579,53
2021-06-23,Lassen,035,31185,5277,5257,115,5372,20
2021-06-23,Los Angeles,037,10098052,1212707,1206358,41115,1247473,24472
2021-06-23,Madera,039,155013,16785,16660,935,17595,240
2021-06-23,Marin,041,260295,14205,14177,259,14436,230
2021-06-23,Mariposa,043,17540,441,439,11,450,5
2021-06-23,Mendocino,045,87422,4173,4078,83,4161,49
2021-06-23,Merced,047,269075,31219,31260,1040,32300,465
2021-06-23,Modoc,049,8938,414,407,146,553,3
2021-06-23,Mono,051,14174,1266,1279,17,1296,3
2021-06-23,Monterey,053,433212,43302,43166,1841,45007,439
2021-06-23,Napa,055,140530,10018,10032,37,10069,80
2021-06-23,Nevada,057,99092,4967,4924,193,5117,72
2021-06-23,Orange,059,3164182,256511,255479,11410,266889,5116
2021-06-23,Placer,061,380077,23816,23630,1533,25163,299
2021-06-23,Plumas,063,18699,720,701,11,712,4
2021-06-23,Riverside,065,2383286,295517,290343,13973,304316,4462
2021-06-23,Sacramento,067,1510023,108195,107868,1807,109675,1671
2021-06-23,San Benito,069,59416,6084,6097,113,6210,63
2021-06-23,San Bernardino,071,2135413,294605,293816,8994,302810,4886
2021-06-23,San Diego,073,3302833,282966,281937,15337,297274,3777
2021-06-23,San Francisco,075,870044,37072,37304,1282,38586,559
2021-06-23,San Joaquin,077,732212,74031,73764,3578,77342,1405
2021-06-23,San Luis Obispo,079,281455,21523,21323,747,22070,257
2021-06-23,San Mateo,081,765935,42687,42756,481,43237,542
2021-06-23,Santa Barbara,083,443738,34608,34505,1122,35627,454
2021-06-23,Santa Clara,085,1922200,119439,120233,764,120997,2098
2021-06-23,Santa Cruz,087,273765,16335,16215,799,17014,209
2021-06-23,Shasta,089,179085,12589,12604,1627,14231,202
2021-06-23,Sierra,091,2930,63,57,12,69,0
2021-06-23,Siskiyou,093,43540,1965,1892,362,2254,28
2021-06-23,Solano,095,438530,33408,33408,566,33974,267
2021-06-23,Sonoma,097,501317,30918,30959,358,31317,314
2021-06-23,Stanislaus,099,539301,57065,56926,5955,62881,1017
2021-06-23,Sutter,101,95872,9607,9653,87,9740,113
2021-06-23,Tehama,103,63373,5149,5119,581,5700,63
2021-06-23,Trinity,105,12862,493,338,95,433,3
2021-06-23,Tulare,107,460477,50434,49711,8994,58705,850
2021-06-23,Tuolumne,109,53932,4077,4120,43,4163,64
2021-06-23,Ventura,111,848112,81754,81312,2993,84305,1032
2021-06-23,Yolo,113,214977,14180,14161,261,14422,212
2021-06-23,Yuba,115,75493,6206,6190,129,6319,51
2021-06-22,Alameda,001,1643700,89231,89308,1937,91245,1263
2021-06-22,Alpine,003,1148,88,88,0,88,0
2021-06-22,Amador,005,37829,3746,3743,32,3775,46
2021-06-22,Butte,007,227075,12779,12662,1845,14507,198
2021-06-22,Calaveras,009,45235,2195,2198,13,2211,55
2021-06-22,Colusa,011,21464,1965,1971,319,2290,15
2021-06-22,Contra Costa,013,1133247,70893,70480,1302,71782,813
2021-06-22,Del Norte,015,27424,1457,1417,13,1430,8
2021-06-22,El Dorado,017,186661,10463,10380,769,11149,113
2021-06-22,Fresno,019,978130,103370,102996,8664,111660,1724
2021-06-22,Glenn,021,27897,2449,2435,562,2997,19
2021-06-22,Humboldt,023,135768,4491,4483,43,4526,42
2021-06-22,Imperial,025,180216,28765,28880,2693,31573,740
2021-06-22,Inyo,027,18085,1411,1405,12,1417,35
2021-06-22,Kern,029,883053,97867,97013,11005,108018,1342
2021-06-22,Kings,031,150075,23252,23098,1083,24181,245
2021-06-22,Lake,033,64148,3588,3564,13,3577,45
2021-06-22,Lassen,035,31185,5272,5254,115,5369,20
2021-06-22,Los Angeles,037,10098052,1212391,1206146,41103,1247249,24461
2021-06-22,Madera,039,155013,16780,16652,935,17587,240
2021-06-22,Marin,041,260295,14203,14174,259,14433,230
2021-06-22,Mariposa,043,17540,441,439,11,450,5
2021-06-22,Mendocino,045,87422,4167,4072,83,4155,49
2021-06-22,Merced,047,269075,31208,31267,1040,32307,464
2021-06-22,Modoc,049,8938,412,405,145,550,3
2021-06-22,Mono,051,14174,1266,1277,17,1294,3
2021-06-22,Monterey,053,433212,43299,43162,1840,45002,427
2021-06-22,Napa,055,140530,10014,10029,37,10066,80
2021-06-22,Nevada,057,99092,4961,4923,193,5116,72
2021-06-22,Orange,059,3164182,256442,255452,11399,266851,5114
2021-06-22,Placer,061,380077,23794,23603,1533,25136,299
2021-06-22,Plumas,063,18699,720,697,11,708,4
2021-06-22,Riverside,065,2383286,295456,289839,13969,303808,4456
2021-06-22,Sacramento,067,1510023,108094,107801,1802,109603,1670
2021-06-22,San Benito,069,59416,6083,6098,113,6211,63
2021-06-22,San Bernardino,071,2135413,294530,293770,8988,302758,4873
2021-06-22,San Diego,073,3302833,282862,281867,15314,297181,3771
2021-06-22,San Francisco,075,870044,37058,37287,1282,38569,556
2021-06-22,San Joaquin,077,732212,74001,73723,3576,77299,1405
2021-06-22,San Luis Obispo,079,281455,21520,21321,746,22067,257
2021-06-22,San Mateo,081,765935,42673,42725,476,43201,542
2021-06-22,Santa Barbara,083,443738,34597,34500,1121,35621,454
2021-06-22,Santa Clara,085,1922200,119407,120194,764,120958,2095
2021-06-22,Santa Cruz,087,273765,16330,16218,799,17017,209
2021-06-22,Shasta,089,179085,12578,12616,1624,14240,202
2021-06-22,Sierra,091,2930,62,57,12,69,0
2021-06-22,Siskiyou,093,43540,1965,1892,362,2254,28
2021-06-22,Solano,095,438530,33390,33397,565,33962,267
2021-06-22,Sonoma,097,501317,30878,30933,358,31291,314
2021-06-22,Stanislaus,099,539301,57049,56915,5953,62868,1017
2021-06-22,Sutter,101,95872,9600,9649,87,9736,113
2021-06-22,Tehama,103,63373,5147,5118,580,5698,63
2021-06-22,Trinity,105,12862,491,337,95,432,3
2021-06-22,Tulare,107,460477,50425,49706,8989,58695,850
2021-06-22,Tuolumne,109,53932,4075,4119,43,4162,64
2021-06-22,Ventura,111,848112,81740,81300,2992,84292,1032
2021-06-22,Yolo,113,214977,14175,14157,259,14416,212
2021-06-22,Yuba,115,75493,6202,6181,129,6310,51
2021-06-21,Alameda,001,1643700,89175,89281,1936,91217,1262
2021-06-21,Alpine,003,1148,88,88,0,88,0
2021-06-21,Amador,005,37829,3740,3742,32,3774,46
2021-06-21,Butte,007,227075,12773,12668,1843,14511,195
2021-06-21,Calaveras,009,45235,2193,2194,13,2207,55
2021-06-21,Colusa,011,21464,1964,1970,318,2288,15
2021-06-21,Contra Costa,013,1133247,70822,70439,1301,71740,813
2021-06-21,Del Norte,015,27424,1453,1416,13,1429,8
2021-06-21,El Dorado,017,186661,10457,10375,768,11143,113
2021-06-21,Fresno,019,978130,103350,102971,8661,111632,1724
2021-06-21,Glenn,021,27897,2448,2433,562,2995,19
2021-06-21,Humboldt,023,135768,4482,4478,42,4520,42
2021-06-21,Imperial,025,180216,28761,28855,2693,31548,740
2021-06-21,Inyo,027,18085,1410,1405,12,1417,35
2021-06-21,Kern,029,883053,97838,96995,10997,107992,1342
2021-06-21,Kings,031,150075,23245,23091,1080,24171,245
2021-06-21,Lake,033,64148,3582,3563,13,3576,45
2021-06-21,Lassen,035,31185,5270,5233,115,5348,19
2021-06-21,Los Angeles,037,10098052,1212096,1205994,41081,1247075,24459
2021-06-21,Madera,039,155013,16771,16647,935,17582,240
2021-06-21,Marin,041,260295,14199,14173,259,14432,230
2021-06-21,Mariposa,043,17540,441,439,11,450,5
2021-06-21,Mendocino,045,87422,4164,4085,83,4168,49
2021-06-21,Merced,047,269075,31198,31264,1039,32303,465
2021-06-21,Modoc,049,8938,412,405,145,550,3
2021-06-21,Mono,051,14174,1266,1277,17,1294,3
2021-06-21,Monterey,053,433212,43296,43157,1840,44997,427
2021-06-21,Napa,055,140530,10009,10028,37,10065,80
2021-06-21,Nevada,057,99092,4957,4921,193,5114,72
2021-06-21,Orange,059,3164182,256369,255400,11392,266792,5113
2021-06-21,Placer,061,380077,23770,23577,1533,25110,298
2021-06-21,Plumas,063,18699,718,697,11,708,4
2021-06-21,Riverside,065,2383286,295380,289797,13964,303761,4456
2021-06-21,Sacramento,067,1510023,107983,107757,1801,109558,1669
2021-06-21,San Benito,069,59416,6079,6098,113,6211,63
2021-06-21,San Bernardino,071,2135413,294443,293736,8984,302720,4850
2021-06-21,San Diego,073,3302833,282757,281811,15294,297105,3771
2021-06-21,San Francisco,075,870044,37042,37275,1281,38556,556
2021-06-21,San Joaquin,077,732212,73960,73687,3575,77262,1405
2021-06-21,San Luis Obispo,079,281455,21511,21316,746,22062,257
2021-06-21,San Mateo,081,765935,42657,42685,475,43160,542
2021-06-21,Santa Barbara,083,443738,34592,34492,1121,35613,455
2021-06-21,Santa Clara,085,1922200,119374,120192,763,120955,2093
2021-06-21,Santa Cruz,087,273765,16328,16212,799,17011,208
2021-06-21,Shasta,089,179085,12565,12617,1621,14238,201
2021-06-21,Sierra,091,2930,62,57,12,69,0
2021-06-21,Siskiyou,093,43540,1965,1892,362,2254,27
2021-06-21,Solano,095,438530,33367,33383,564,33947,266
2021-06-21,Sonoma,097,501317,30855,30912,358,31270,314
2021-06-21,Stanislaus,099,539301,57019,56891,5948,62839,1017
2021-06-21,Sutter,101,95872,9597,9649,87,9736,113
2021-06-21,Tehama,103,63373,5147,5115,579,5694,63
2021-06-21,Trinity,105,12862,491,337,95,432,3
2021-06-21,Tulare,107,460477,50414,49689,8985,58674,849
2021-06-21,Tuolumne,109,53932,4071,4119,43,4162,63
2021-06-21,Ventura,111,848112,81712,81291,2988,84279,1031
2021-06-21,Yolo,113,214977,14169,14165,259,14424,212
2021-06-21,Yuba,115,75493,6201,6172,129,6301,51
2021-06-20,Alameda,001,1643700,89110,89255,1935,91190,1263
2021-06-20,Alpine,003,1148,88,88,0,88,0
2021-06-20,Amador,005,37829,3737,3740,32,3772,46
2021-06-20,Butte,007,227075,12766,12668,1842,14510,194
2021-06-20,Calaveras,009,45235,2192,2193,13,2206,55
2021-06-20,Colusa,011,21464,1964,1970,318,2288,15
2021-06-20,Contra Costa,013,1133247,70765,70401,1299,71700,813
2021-06-20,Del Norte,015,27424,1449,1416,13,1429,8
2021-06-20,El Dorado,017,186661,10443,10372,765,11137,113
2021-06-20,Fresno,019,978130,103309,102947,8658,111605,1724
2021-06-20,Glenn,021,27897,2448,2434,562,2996,19
2021-06-20,Humboldt,023,135768,4476,4472,42,4514,42
2021-06-20,Imperial,025,180216,28752,28855,2693,31548,740
2021-06-20,Inyo,027,18085,1409,1405,12,1417,35
2021-06-20,Kern,029,883053,97817,96985,10986,107971,1342
2021-06-20,Kings,031,150075,23240,23088,1078,24166,245
2021-06-20,Lake,033,64148,3580,3563,13,3576,45
2021-06-20,Lassen,035,31185,5267,5230,115,5345,19
2021-06-20,Los Angeles,037,10098052,1211791,1205874,41073,1246947,24456
2021-06-20,Madera,039,155013,16763,16638,933,17571,240
2021-06-20,Marin,041,260295,14196,14166,259,14425,230
2021-06-20,Mariposa,043,17540,439,439,11,450,5
2021-06-20,Mendocino,045,87422,4157,4080,83,4163,49
2021-06-20,Merced,047,269075,31185,31265,1039,32304,465
2021-06-20,Modoc,049,8938,412,405,145,550,3
2021-06-20,Mono,051,14174,1266,1275,17,1292,3
2021-06-20,Monterey,053,433212,43287,43156,1839,44995,427
2021-06-20,Napa,055,140530,10002,10026,36,10062,80
2021-06-20,Nevada,057,99092,4950,4919,193,5112,72
2021-06-20,Orange,059,3164182,256305,255377,11381,266758,5113
2021-06-20,Placer,061,380077,23736,23562,1529,25091,298
2021-06-20,Plumas,063,18699,717,697,11,708,4
2021-06-20,Riverside,065,2383286,295301,289770,13953,303723,4456
2021-06-20,Sacramento,067,1510023,107872,107700,1798,109498,1669
2021-06-20,San Benito,069,59416,6079,6098,113,6211,63
2021-06-20,San Bernardino,071,2135413,294342,293713,8980,302693,4845
2021-06-20,San Diego,073,3302833,282651,281750,15272,297022,3771
2021-06-20,San Francisco,075,870044,37019,37269,1281,38550,556
2021-06-20,San Joaquin,077,732212,73915,73676,3566,77242,1405
2021-06-20,San Luis Obispo,079,281455,21509,21313,746,22059,257
2021-06-20,San Mateo,081,765935,42628,42681,475,43156,542
2021-06-20,Santa Barbara,083,443738,34583,34487,1121,35608,455
2021-06-20,Santa Clara,085,1922200,119339,120163,763,120926,2093
2021-06-20,Santa Cruz,087,273765,16323,16210,799,17009,208
2021-06-20,Shasta,089,179085,12560,12617,1619,14236,201
2021-06-20,Sierra,091,2930,62,57,12,69,0
2021-06-20,Siskiyou,093,43540,1964,1891,362,2253,27
2021-06-20,Solano,095,438530,33345,33361,562,33923,266
2021-06-20,Sonoma,097,501317,30808,30884,355,31239,314
2021-06-20,Stanislaus,099,539301,56986,56868,5947,62815,1017
2021-06-20,Sutter,101,95872,9594,9645,87,9732,113
2021-06-20,Tehama,103,63373,5143,5115,579,5694,63
2021-06-20,Trinity,105,12862,491,337,95,432,3
2021-06-20,Tulare,107,460477,50405,49685,8983,58668,849
2021-06-20,Tuolumne,109,53932,4068,4117,43,4160,63
2021-06-20,Ventura,111,848112,81696,81282,2986,84268,1031
2021-06-20,Yolo,113,214977,14162,14160,259,14419,212
2021-06-20,Yuba,115,75493,6194,6167,129,6296,51
2021-06-19,Alameda,001,1643700,89075,89202,1935,91137,1263
2021-06-19,Alpine,003,1148,88,88,0,88,0
2021-06-19,Amador,005,37829,3735,3739,32,3771,46
2021-06-19,Butte,007,227075,12762,12659,1842,14501,194
2021-06-19,Calaveras,009,45235,2192,2192,13,2205,55
2021-06-19,Colusa,011,21464,1964,1969,318,2287,15
2021-06-19,Contra Costa,013,1133247,70734,70334,1298,71632,813
2021-06-19,Del Norte,015,27424,1448,1416,13,1429,8
2021-06-19,El Dorado,017,186661,10442,10363,764,11127,113
2021-06-19,Fresno,019,978130,103296,102922,8657,111579,1724
2021-06-19,Glenn,021,27897,2447,2434,561,2995,19
2021-06-19,Humboldt,023,135768,4465,4463,42,4505,42
2021-06-19,Imperial,025,180216,28751,28813,2693,31506,740
2021-06-19,Inyo,027,18085,1409,1405,12,1417,35
2021-06-19,Kern,029,883053,97801,96966,10982,107948,1342
2021-06-19,Kings,031,150075,23237,23086,1078,24164,245
2021-06-19,Lake,033,64148,3576,3563,13,3576,45
2021-06-19,Lassen,035,31185,5266,5225,115,5340,19
2021-06-19,Los Angeles,037,10098052,1211588,1205602,41057,1246659,24454
2021-06-19,Madera,039,155013,16761,16632,933,17565,240
2021-06-19,Marin,041,260295,14188,14152,259,14411,230
2021-06-19,Mariposa,043,17540,439,439,11,450,5
2021-06-19,Mendocino,045,87422,4152,4077,83,4160,49
2021-06-19,Merced,047,269075,31183,31256,1039,32295,465
2021-06-19,Modoc,049,8938,411,402,145,547,3
2021-06-19,Mono,051,14174,1266,1275,17,1292,3
2021-06-19,Monterey,053,433212,43281,43153,1839,44992,427
2021-06-19,Napa,055,140530,9998,10025,36,10061,80
2021-06-19,Nevada,057,99092,4945,4910,193,5103,72
2021-06-19,Orange,059,3164182,256258,255329,11378,266707,5112
2021-06-19,Placer,061,380077,23720,23537,1526,25063,298
2021-06-19,Plumas,063,18699,716,697,11,708,4
2021-06-19,Riverside,065,2383286,295255,289720,13953,303673,4456
2021-06-19,Sacramento,067,1510023,107826,107631,1795,109426,1669
2021-06-19,San Benito,069,59416,6078,6098,113,6211,63
2021-06-19,San Bernardino,071,2135413,294299,293673,8978,302651,4844
2021-06-19,San Diego,073,3302833,282591,281682,15258,296940,3771
2021-06-19,San Francisco,075,870044,37006,37256,1281,38537,556
2021-06-19,San Joaquin,077,732212,73899,73652,3562,77214,1405
2021-06-19,San Luis Obispo,079,281455,21507,21308,744,22052,257
2021-06-19,San Mateo,081,765935,42610,42646,473,43119,542
2021-06-19,Santa Barbara,083,443738,34581,34472,1121,35593,455
2021-06-19,Santa Clara,085,1922200,119316,120110,762,120872,2093
2021-06-19,Santa Cruz,087,273765,16318,16206,799,17005,208
2021-06-19,Shasta,089,179085,12558,12615,1618,14233,201
2021-06-19,Sierra,091,2930,62,57,12,69,0
2021-06-19,Siskiyou,093,43540,1964,1891,362,2253,27
2021-06-19,Solano,095,438530,33335,33341,561,33902,266
2021-06-19,Sonoma,097,501317,30767,30841,355,31196,314
2021-06-19,Stanislaus,099,539301,56967,56847,5944,62791,1017
2021-06-19,Sutter,101,95872,9591,9645,87,9732,113
2021-06-19,Tehama,103,63373,5142,5115,579,5694,63
2021-06-19,Trinity,105,12862,491,337,95,432,3
2021-06-19,Tulare,107,460477,50398,49681,8978,58659,849
2021-06-19,Tuolumne,109,53932,4068,4117,43,4160,63
2021-06-19,Ventura,111,848112,81683,81270,2985,84255,1031
2021-06-19,Yolo,113,214977,14158,14156,258,14414,212
2021-06-19,Yuba,115,75493,6193,6157,129,6286,51
2021-06-18,Alameda,001,1643700,89038,89123,1935,91058,1263
2021-06-18,Alpine,003,1148,88,88,0,88,0
2021-06-18,Amador,005,37829,3735,3739,32,3771,46
2021-06-18,Butte,007,227075,12759,12653,1839,14492,194
2021-06-18,Calaveras,009,45235,2192,2191,13,2204,55
2021-06-18,Colusa,011,21464,1963,1969,318,2287,15
2021-06-18,Contra Costa,013,1133247,70692,70271,1296,71567,813
2021-06-18,Del Norte,015,27424,1448,1415,13,1428,8
2021-06-18,El Dorado,017,186661,10439,10348,762,11110,113
2021-06-18,Fresno,019,978130,103280,102894,8655,111549,1722
2021-06-18,Glenn,021,27897,2446,2430,561,2991,19
2021-06-18,Humboldt,023,135768,4457,4450,42,4492,42
2021-06-18,Imperial,025,180216,28749,28809,2693,31502,740
2021-06-18,Inyo,027,18085,1409,1405,12,1417,35
2021-06-18,Kern,029,883053,97790,96948,10976,107924,1341
2021-06-18,Kings,031,150075,23232,23082,1078,24160,245
2021-06-18,Lake,033,64148,3572,3563,13,3576,45
2021-06-18,Lassen,035,31185,5265,5224,115,5339,19
2021-06-18,Los Angeles,037,10098052,1211422,1205472,41040,1246512,24451
2021-06-18,Madera,039,155013,16755,16625,933,17558,241
2021-06-18,Marin,041,260295,14185,14147,259,14406,230
2021-06-18,Mariposa,043,17540,439,439,11,450,5
2021-06-18,Mendocino,045,87422,4147,4068,83,4151,49
2021-06-18,Merced,047,269075,31181,31262,1039,32301,464
2021-06-18,Modoc,049,8938,411,402,145,547,3
2021-06-18,Mono,051,14174,1265,1275,16,1291,3
2021-06-18,Monterey,053,433212,43278,43148,1839,44987,427
2021-06-18,Napa,055,140530,9994,10021,36,10057,80
2021-06-18,Nevada,057,99092,4937,4903,193,5096,72
2021-06-18,Orange,059,3164182,256221,255274,11375,266649,5108
2021-06-18,Placer,061,380077,23712,23500,1523,25023,298
2021-06-18,Plumas,063,18699,716,697,11,708,4
2021-06-18,Riverside,065,2383286,295207,289676,13952,303628,4457
2021-06-18,Sacramento,067,1510023,107778,107570,1795,109365,1669
2021-06-18,San Benito,069,59416,6077,6097,113,6210,63
2021-06-18,San Bernardino,071,2135413,294254,293629,8974,302603,4826
2021-06-18,San Diego,073,3302833,282515,281608,15247,296855,3771
2021-06-18,San Francisco,075,870044,36997,37246,1281,38527,556
2021-06-18,San Joaquin,077,732212,73881,73623,3560,77183,1403
2021-06-18,San Luis Obispo,079,281455,21503,21301,742,22043,257
2021-06-18,San Mateo,081,765935,42599,42630,472,43102,542
2021-06-18,Santa Barbara,083,443738,34571,34469,1121,35590,455
2021-06-18,Santa Clara,085,1922200,119295,120081,760,120841,2093
2021-06-18,Santa Cruz,087,273765,16314,16202,799,17001,208
2021-06-18,Shasta,089,179085,12554,12607,1616,14223,201
2021-06-18,Sierra,091,2930,61,57,12,69,0
2021-06-18,Siskiyou,093,43540,1964,1890,362,2252,27
2021-06-18,Solano,095,438530,33321,33323,561,33884,266
2021-06-18,Sonoma,097,501317,30749,30816,354,31170,313
2021-06-18,Stanislaus,099,539301,56952,56803,5942,62745,1012
2021-06-18,Sutter,101,95872,9588,9643,87,9730,113
2021-06-18,Tehama,103,63373,5140,5114,579,5693,63
2021-06-18,Trinity,105,12862,491,337,94,431,3
2021-06-18,Tulare,107,460477,50396,49664,8971,58635,849
2021-06-18,Tuolumne,109,53932,4065,4116,43,4159,63
2021-06-18,Ventura,111,848112,81673,81256,2980,84236,1031
2021-06-18,Yolo,113,214977,14155,14148,256,14404,212
2021-06-18,Yuba,115,75493,6187,6150,129,6279,51
2021-06-17,Alameda,001,1643700,88992,89087,1935,91022,1262
2021-06-17,Alpine,003,1148,88,88,0,88,0
2021-06-17,Amador,005,37829,3733,3731,32,3763,46
2021-06-17,Butte,007,227075,12749,12644,1838,14482,194
2021-06-17,Calaveras,009,45235,2191,2189,13,2202,55
2021-06-17,Colusa,011,21464,1962,1969,318,2287,15
2021-06-17,Contra Costa,013,1133247,70653,70190,1292,71482,810
2021-06-17,Del Norte,015,27424,1446,1413,13,1426,8
2021-06-17,El Dorado,017,186661,10429,10341,762,11103,113
2021-06-17,Fresno,019,978130,103254,102867,8651,111518,1722
2021-06-17,Glenn,021,27897,2446,2430,561,2991,19
2021-06-17,Humboldt,023,135768,4448,4438,42,4480,42
2021-06-17,Imperial,025,180216,28741,28801,2693,31494,741
2021-06-17,Inyo,027,18085,1409,1405,12,1417,35
2021-06-17,Kern,029,883053,97775,96840,10970,107810,1340
2021-06-17,Kings,031,150075,23228,23078,1077,24155,245
2021-06-17,Lake,033,64148,3569,3563,9,3572,45
2021-06-17,Lassen,035,31185,5261,5223,115,5338,19
2021-06-17,Los Angeles,037,10098052,1211207,1205301,41013,1246314,24444
2021-06-17,Madera,039,155013,16750,16618,933,17551,241
2021-06-17,Marin,041,260295,14185,14141,259,14400,229
2021-06-17,Mariposa,043,17540,439,439,11,450,5
2021-06-17,Mendocino,045,87422,4140,4054,83,4137,49
2021-06-17,Merced,047,269075,31176,31262,1039,32301,464
2021-06-17,Modoc,049,8938,410,401,145,546,3
2021-06-17,Mono,051,14174,1264,1275,16,1291,3
2021-06-17,Monterey,053,433212,43270,43140,1839,44979,416
2021-06-17,Napa,055,140530,9994,10014,36,10050,80
2021-06-17,Nevada,057,99092,4933,4898,193,5091,72
2021-06-17,Orange,059,3164182,256175,255240,11364,266604,5109
2021-06-17,Placer,061,380077,23696,23461,1521,24982,298
2021-06-17,Plumas,063,18699,715,697,11,708,4
2021-06-17,Riverside,065,2383286,295153,289627,13950,303577,4458
2021-06-17,Sacramento,067,1510023,107714,107492,1793,109285,1666
2021-06-17,San Benito,069,59416,6077,6097,113,6210,63
2021-06-17,San Bernardino,071,2135413,294213,293560,8974,302534,4811
2021-06-17,San Diego,073,3302833,282439,281531,15233,296764,3771
2021-06-17,San Francisco,075,870044,36986,37243,1280,38523,556
2021-06-17,San Joaquin,077,732212,73858,73560,3555,77115,1403
2021-06-17,San Luis Obispo,079,281455,21501,21297,742,22039,257
2021-06-17,San Mateo,081,765935,42593,42615,472,43087,542
2021-06-17,Santa Barbara,083,443738,34565,34466,1121,35587,453
2021-06-17,Santa Clara,085,1922200,119270,120032,759,120791,2093
2021-06-17,Santa Cruz,087,273765,16310,16197,799,16996,208
2021-06-17,Shasta,089,179085,12546,12597,1616,14213,201
2021-06-17,Sierra,091,2930,61,56,12,68,0
2021-06-17,Siskiyou,093,43540,1963,1889,362,2251,27
2021-06-17,Solano,095,438530,33300,33296,560,33856,266
2021-06-17,Sonoma,097,501317,30719,30793,354,31147,323
2021-06-17,Stanislaus,099,539301,56921,56752,5937,62689,1012
2021-06-17,Sutter,101,95872,9585,9629,87,9716,113
2021-06-17,Tehama,103,63373,5139,5112,577,5689,63
2021-06-17,Trinity,105,12862,490,337,94,431,3
2021-06-17,Tulare,107,460477,50391,49649,8963,58612,849
2021-06-17,Tuolumne,109,53932,4064,4116,43,4159,63
2021-06-17,Ventura,111,848112,81664,81248,2977,84225,1030
2021-06-17,Yolo,113,214977,14147,14141,256,14397,212
2021-06-17,Yuba,115,75493,6178,6140,129,6269,51
2021-06-16,Alameda,001,1643700,88943,89045,1934,90979,1265
2021-06-16,Alpine,003,1148,88,88,0,88,0
2021-06-16,Amador,005,37829,3732,3730,32,3762,46
2021-06-16,Butte,007,227075,12747,12635,1836,14471,194
2021-06-16,Calaveras,009,45235,2189,2188,13,2201,55
2021-06-16,Colusa,011,21464,1962,1967,318,2285,15
2021-06-16,Contra Costa,013,1133247,70601,70136,1291,71427,810
2021-06-16,Del Norte,015,27424,1443,1413,13,1426,8
2021-06-16,El Dorado,017,186661,10423,10334,761,11095,113
2021-06-16,Fresno,019,978130,103223,102842,8647,111489,1722
2021-06-16,Glenn,021,27897,2446,2430,561,2991,19
2021-06-16,Humboldt,023,135768,4439,4427,41,4468,42
2021-06-16,Imperial,025,180216,28738,28796,2693,31489,741
2021-06-16,Inyo,027,18085,1408,1405,12,1417,35
2021-06-16,Kern,029,883053,97753,96789,10963,107752,1339
2021-06-16,Kings,031,150075,23227,23072,1076,24148,245
2021-06-16,Lake,033,64148,3569,3562,9,3571,45
2021-06-16,Lassen,035,31185,5258,5216,115,5331,19
2021-06-16,Los Angeles,037,10098052,1210984,1205102,41003,1246105,24439
2021-06-16,Madera,039,155013,16746,16603,933,17536,240
2021-06-16,Marin,041,260295,14183,14137,259,14396,229
2021-06-16,Mariposa,043,17540,439,437,11,448,5
2021-06-16,Mendocino,045,87422,4132,4041,83,4124,49
2021-06-16,Merced,047,269075,31168,31250,1039,32289,463
2021-06-16,Modoc,049,8938,409,383,144,527,3
2021-06-16,Mono,051,14174,1264,1275,16,1291,3
2021-06-16,Monterey,053,433212,43267,43122,1839,44961,416
2021-06-16,Napa,055,140530,9990,10011,36,10047,80
2021-06-16,Nevada,057,99092,4928,4894,193,5087,72
2021-06-16,Orange,059,3164182,256121,255188,11356,266544,5109
2021-06-16,Placer,061,380077,23686,23425,1517,24942,298
2021-06-16,Plumas,063,18699,715,697,11,708,4
2021-06-16,Riverside,065,2383286,295092,289539,13948,303487,4457
2021-06-16,Sacramento,067,1510023,107644,107422,1789,109211,1665
2021-06-16,San Benito,069,59416,6077,6090,113,6203,63
2021-06-16,San Bernardino,071,2135413,294164,293499,8972,302471,4797
2021-06-16,San Diego,073,3302833,282360,281423,15220,296643,3770
2021-06-16,San Francisco,075,870044,36973,37222,1278,38500,555
2021-06-16,San Joaquin,077,732212,73820,73530,3551,77081,1399
2021-06-16,San Luis Obispo,079,281455,21496,21294,742,22036,257
2021-06-16,San Mateo,081,765935,42577,42601,472,43073,542
2021-06-16,Santa Barbara,083,443738,34559,34459,1121,35580,460
2021-06-16,Santa Clara,085,1922200,119238,119982,759,120741,2087
2021-06-16,Santa Cruz,087,273765,16307,16187,799,16986,208
2021-06-16,Shasta,089,179085,12541,12592,1615,14207,200
2021-06-16,Sierra,091,2930,61,56,12,68,0
2021-06-16,Siskiyou,093,43540,1962,1886,362,2248,26
2021-06-16,Solano,095,438530,33272,33276,560,33836,266
2021-06-16,Sonoma,097,501317,30683,30741,354,31095,323
2021-06-16,Stanislaus,099,539301,56890,56738,5935,62673,984
2021-06-16,Sutter,101,95872,9581,9620,87,9707,113
2021-06-16,Tehama,103,63373,5137,5106,577,5683,63
2021-06-16,Trinity,105,12862,489,332,94,426,3
2021-06-16,Tulare,107,460477,50386,49578,8959,58537,849
2021-06-16,Tuolumne,109,53932,4064,4110,43,4153,63
2021-06-16,Ventura,111,848112,81650,81229,2975,84204,1029
2021-06-16,Yolo,113,214977,14138,14135,255,14390,212
2021-06-16,Yuba,115,75493,6168,6134,129,6263,51
2021-06-15,Alameda,001,1643700,88901,89008,1934,90942,1262
2021-06-15,Alpine,003,1148,88,88,0,88,0
2021-06-15,Amador,005,37829,3729,3723,32,3755,46
2021-06-15,Butte,007,227075,12739,12620,1835,14455,194
2021-06-15,Calaveras,009,45235,2188,2188,13,2201,55
2021-06-15,Colusa,011,21464,1962,1967,316,2283,15
2021-06-15,Contra Costa,013,1133247,70539,70101,1291,71392,810
2021-06-15,Del Norte,015,27424,1442,1411,13,1424,8
2021-06-15,El Dorado,017,186661,10414,10330,761,11091,113
2021-06-15,Fresno,019,978130,103191,102828,8646,111474,1722
2021-06-15,Glenn,021,27897,2445,2426,561,2987,19
2021-06-15,Humboldt,023,135768,4430,4414,40,4454,42
2021-06-15,Imperial,025,180216,28732,28789,2693,31482,741
2021-06-15,Inyo,027,18085,1408,1405,12,1417,35
2021-06-15,Kern,029,883053,97725,96782,10955,107737,1338
2021-06-15,Kings,031,150075,23221,23070,1074,24144,245
2021-06-15,Lake,033,64148,3568,3559,9,3568,45
2021-06-15,Lassen,035,31185,5257,5211,115,5326,19
2021-06-15,Los Angeles,037,10098052,1210759,1204926,40995,1245921,24435
2021-06-15,Madera,039,155013,16739,16600,932,17532,240
2021-06-15,Marin,041,260295,14175,14135,259,14394,229
2021-06-15,Mariposa,043,17540,439,437,11,448,5
2021-06-15,Mendocino,045,87422,4125,4034,83,4117,49
2021-06-15,Merced,047,269075,31162,31244,1039,32283,461
2021-06-15,Modoc,049,8938,408,383,144,527,3
2021-06-15,Mono,051,14174,1264,1275,16,1291,3
2021-06-15,Monterey,053,433212,43261,43118,1839,44957,416
2021-06-15,Napa,055,140530,9988,10010,36,10046,80
2021-06-15,Nevada,057,99092,4925,4888,193,5081,72
2021-06-15,Orange,059,3164182,256080,255127,11347,266474,5105
2021-06-15,Placer,061,380077,23664,23396,1516,24912,298
2021-06-15,Plumas,063,18699,714,697,11,708,4
2021-06-15,Riverside,065,2383286,295032,289508,13944,303452,4455
2021-06-15,Sacramento,067,1510023,107569,107370,1783,109153,1662
2021-06-15,San Benito,069,59416,6076,6089,113,6202,63
2021-06-15,San Bernardino,071,2135413,294114,293463,8966,302429,4790
2021-06-15,San Diego,073,3302833,282276,281375,15205,296580,3770
2021-06-15,San Francisco,075,870044,36964,37210,1277,38487,555
2021-06-15,San Joaquin,077,732212,73780,73494,3546,77040,1399
2021-06-15,San Luis Obispo,079,281455,21491,21293,741,22034,257
2021-06-15,San Mateo,081,765935,42564,42593,472,43065,543
2021-06-15,Santa Barbara,083,443738,34554,34451,1121,35572,460
2021-06-15,Santa Clara,085,1922200,119200,119963,759,120722,2086
2021-06-15,Santa Cruz,087,273765,16301,16180,798,16978,208
2021-06-15,Shasta,089,179085,12535,12583,1615,14198,201
2021-06-15,Sierra,091,2930,60,55,12,67,0
2021-06-15,Siskiyou,093,43540,1961,1887,362,2249,26
2021-06-15,Solano,095,438530,33253,33264,560,33824,266
2021-06-15,Sonoma,097,501317,30644,30707,353,31060,323
2021-06-15,Stanislaus,099,539301,56862,56724,5932,62656,979
2021-06-15,Sutter,101,95872,9572,9616,87,9703,113
2021-06-15,Tehama,103,63373,5135,5102,577,5679,63
2021-06-15,Trinity,105,12862,488,332,93,425,3
2021-06-15,Tulare,107,460477,50380,49561,8956,58517,848
2021-06-15,Tuolumne,109,53932,4064,4111,43,4154,63
2021-06-15,Ventura,111,848112,81639,81215,2972,84187,1029
2021-06-15,Yolo,113,214977,14134,14127,253,14380,212
2021-06-15,Yuba,115,75493,6157,6130,129,6259,51
2021-06-14,Alameda,001,1643700,88853,88966,1934,90900,1264
2021-06-14,Alpine,003,1148,88,88,0,88,0
2021-06-14,Amador,005,37829,3728,3722,32,3754,46
2021-06-14,Butte,007,227075,12728,12613,1831,14444,194
2021-06-14,Calaveras,009,45235,2187,2190,13,2203,55
2021-06-14,Colusa,011,21464,1961,1966,316,2282,15
2021-06-14,Contra Costa,013,1133247,70486,70069,1289,71358,810
2021-06-14,Del Norte,015,27424,1442,1411,13,1424,8
2021-06-14,El Dorado,017,186661,10405,10327,759,11086,113
2021-06-14,Fresno,019,978130,103169,102812,8644,111456,1719
2021-06-14,Glenn,021,27897,2445,2426,561,2987,19
2021-06-14,Humboldt,023,135768,4422,4407,39,4446,42
2021-06-14,Imperial,025,180216,28720,28836,2693,31529,741
2021-06-14,Inyo,027,18085,1407,1405,12,1417,35
2021-06-14,Kern,029,883053,97705,96760,10945,107705,1337
2021-06-14,Kings,031,150075,23218,23071,1073,24144,245
2021-06-14,Lake,033,64148,3567,3557,9,3566,45
2021-06-14,Lassen,035,31185,5254,5209,114,5323,19
2021-06-14,Los Angeles,037,10098052,1210517,1204748,40985,1245733,24434
2021-06-14,Madera,039,155013,16733,16597,931,17528,240
2021-06-14,Marin,041,260295,14173,14133,259,14392,229
2021-06-14,Mariposa,043,17540,438,437,11,448,5
2021-06-14,Mendocino,045,87422,4119,4028,83,4111,49
2021-06-14,Merced,047,269075,31153,31241,1038,32279,461
2021-06-14,Modoc,049,8938,399,382,142,524,3
2021-06-14,Mono,051,14174,1264,1275,16,1291,3
2021-06-14,Monterey,053,433212,43258,43110,1839,44949,415
2021-06-14,Napa,055,140530,9984,10000,36,10036,80
2021-06-14,Nevada,057,99092,4918,4885,193,5078,72
2021-06-14,Orange,059,3164182,256042,255069,11343,266412,5103
2021-06-14,Placer,061,380077,23639,23379,1515,24894,298
2021-06-14,Plumas,063,18699,714,696,11,707,4
2021-06-14,Riverside,065,2383286,294978,289476,13944,303420,4453
2021-06-14,Sacramento,067,1510023,107515,107334,1778,109112,1661
2021-06-14,San Benito,069,59416,6076,6087,113,6200,63
2021-06-14,San Bernardino,071,2135413,294058,293446,8962,302408,4790
2021-06-14,San Diego,073,3302833,282170,281314,15185,296499,3770
2021-06-14,San Francisco,075,870044,36951,37206,1277,38483,555
2021-06-14,San Joaquin,077,732212,73751,73453,3546,76999,1398
2021-06-14,San Luis Obispo,079,281455,21489,21302,741,22043,256
2021-06-14,San Mateo,081,765935,42551,42619,471,43090,543
2021-06-14,Santa Barbara,083,443738,34551,34449,1121,35570,460
2021-06-14,Santa Clara,085,1922200,119169,119957,758,120715,2085
2021-06-14,Santa Cruz,087,273765,16298,16175,798,16973,208
2021-06-14,Shasta,089,179085,12524,12561,1612,14173,201
2021-06-14,Sierra,091,2930,59,55,12,67,0
2021-06-14,Siskiyou,093,43540,1961,1886,362,2248,26
2021-06-14,Solano,095,438530,33236,33243,559,33802,266
2021-06-14,Sonoma,097,501317,30612,30679,352,31031,323
2021-06-14,Stanislaus,099,539301,56825,56689,5929,62618,975
2021-06-14,Sutter,101,95872,9569,9607,87,9694,112
2021-06-14,Tehama,103,63373,5133,5102,577,5679,63
2021-06-14,Trinity,105,12862,488,332,93,425,3
2021-06-14,Tulare,107,460477,50375,49538,8953,58491,848
2021-06-14,Tuolumne,109,53932,4061,4108,43,4151,63
2021-06-14,Ventura,111,848112,81629,81209,2972,84181,1028
2021-06-14,Yolo,113,214977,14126,14123,253,14376,212
2021-06-14,Yuba,115,75493,6150,6127,129,6256,50
2021-06-13,Alameda,001,1643700,88797,88947,1933,90880,1264
2021-06-13,Alpine,003,1148,87,88,0,88,0
2021-06-13,Amador,005,37829,3724,3721,32,3753,46
2021-06-13,Butte,007,227075,12717,12586,1828,14414,194
2021-06-13,Calaveras,009,45235,2187,2189,13,2202,55
2021-06-13,Colusa,011,21464,1961,1965,315,2280,15
2021-06-13,Contra Costa,013,1133247,70432,70040,1287,71327,810
2021-06-13,Del Norte,015,27424,1440,1412,13,1425,8
2021-06-13,El Dorado,017,186661,10396,10324,759,11083,113
2021-06-13,Fresno,019,978130,103139,102795,8639,111434,1719
2021-06-13,Glenn,021,27897,2444,2425,559,2984,19
2021-06-13,Humboldt,023,135768,4409,4401,39,4440,42
2021-06-13,Imperial,025,180216,28711,28800,2693,31493,741
2021-06-13,Inyo,027,18085,1407,1405,12,1417,35
2021-06-13,Kern,029,883053,97681,96743,10933,107676,1337
2021-06-13,Kings,031,150075,23213,23069,1072,24141,245
2021-06-13,Lake,033,64148,3567,3556,9,3565,45
2021-06-13,Lassen,035,31185,5249,5209,114,5323,19
2021-06-13,Los Angeles,037,10098052,1210250,1204614,40973,1245587,24433
2021-06-13,Madera,039,155013,16719,16590,931,17521,240
2021-06-13,Marin,041,260295,14167,14126,259,14385,229
2021-06-13,Mariposa,043,17540,438,434,11,445,5
2021-06-13,Mendocino,045,87422,4112,4026,83,4109,49
2021-06-13,Merced,047,269075,31147,31240,1037,32277,461
2021-06-13,Modoc,049,8938,397,382,140,522,3
2021-06-13,Mono,051,14174,1264,1275,16,1291,3
2021-06-13,Monterey,053,433212,43250,43108,1839,44947,415
2021-06-13,Napa,055,140530,9978,9995,36,10031,80
2021-06-13,Nevada,057,99092,4913,4883,193,5076,72
2021-06-13,Orange,059,3164182,255987,255043,11340,266383,5103
2021-06-13,Placer,061,380077,23613,23365,1513,24878,295
2021-06-13,Plumas,063,18699,713,696,11,707,4
2021-06-13,Riverside,065,2383286,294911,289447,13941,303388,4453
2021-06-13,Sacramento,067,1510023,107439,107289,1775,109064,1658
2021-06-13,San Benito,069,59416,6076,6086,113,6199,63
2021-06-13,San Bernardino,071,2135413,294006,293416,8957,302373,4788
2021-06-13,San Diego,073,3302833,282091,281268,15169,296437,3770
2021-06-13,San Francisco,075,870044,36939,37197,1277,38474,555
2021-06-13,San Joaquin,077,732212,73716,73438,3544,76982,1398
2021-06-13,San Luis Obispo,079,281455,21483,21298,740,22038,256
2021-06-13,San Mateo,081,765935,42538,42611,471,43082,542
2021-06-13,Santa Barbara,083,443738,34540,34449,1120,35569,460
2021-06-13,Santa Clara,085,1922200,119145,119946,758,120704,2085
2021-06-13,Santa Cruz,087,273765,16291,16172,798,16970,208
2021-06-13,Shasta,089,179085,12515,12560,1611,14171,201
2021-06-13,Sierra,091,2930,59,55,12,67,0
2021-06-13,Siskiyou,093,43540,1960,1885,362,2247,26
2021-06-13,Solano,095,438530,33215,33234,559,33793,266
2021-06-13,Sonoma,097,501317,30577,30663,350,31013,323
2021-06-13,Stanislaus,099,539301,56799,56671,5926,62597,975
2021-06-13,Sutter,101,95872,9562,9603,87,9690,112
2021-06-13,Tehama,103,63373,5131,5100,577,5677,63
2021-06-13,Trinity,105,12862,487,332,93,425,3
2021-06-13,Tulare,107,460477,50366,49537,8948,58485,848
2021-06-13,Tuolumne,109,53932,4059,4107,42,4149,63
2021-06-13,Ventura,111,848112,81615,81201,2972,84173,1028
2021-06-13,Yolo,113,214977,14117,14120,251,14371,212
2021-06-13,Yuba,115,75493,6143,6125,129,6254,50
2021-06-12,Alameda,001,1643700,88770,88901,1933,90834,1271
2021-06-12,Alpine,003,1148,87,88,0,88,0
2021-06-12,Amador,005,37829,3723,3721,32,3753,46
2021-06-12,Butte,007,227075,12713,12576,1828,14404,194
2021-06-12,Calaveras,009,45235,2187,2189,13,2202,55
2021-06-12,Colusa,011,21464,1961,1965,315,2280,15
2021-06-12,Contra Costa,013,1133247,70401,69989,1285,71274,810
2021-06-12,Del Norte,015,27424,1440,1412,13,1425,8
2021-06-12,El Dorado,017,186661,10391,10320,758,11078,113
2021-06-12,Fresno,019,978130,103129,102783,8638,111421,1720
2021-06-12,Glenn,021,27897,2442,2425,559,2984,19
2021-06-12,Humboldt,023,135768,4401,4396,39,4435,42
2021-06-12,Imperial,025,180216,28708,28799,2693,31492,741
2021-06-12,Inyo,027,18085,1407,1405,12,1417,35
2021-06-12,Kern,029,883053,97666,96731,10929,107660,1337
2021-06-12,Kings,031,150075,23211,23067,1072,24139,245
2021-06-12,Lake,033,64148,3566,3552,9,3561,45
2021-06-12,Lassen,035,31185,5249,5208,114,5322,19
2021-06-12,Los Angeles,037,10098052,1210109,1204439,40967,1245406,24434
2021-06-12,Madera,039,155013,16715,16586,931,17517,240
2021-06-12,Marin,041,260295,14164,14121,259,14380,229
2021-06-12,Mariposa,043,17540,438,434,11,445,5
2021-06-12,Mendocino,045,87422,4109,4024,83,4107,49
2021-06-12,Merced,047,269075,31144,31236,1037,32273,461
2021-06-12,Modoc,049,8938,396,382,140,522,3
2021-06-12,Mono,051,14174,1264,1275,16,1291,3
2021-06-12,Monterey,053,433212,43245,43103,1839,44942,415
2021-06-12,Napa,055,140530,9974,9986,36,10022,80
2021-06-12,Nevada,057,99092,4907,4878,193,5071,72
2021-06-12,Orange,059,3164182,255954,255004,11338,266342,5103
2021-06-12,Placer,061,380077,23594,23345,1513,24858,295
2021-06-12,Plumas,063,18699,713,696,11,707,4
2021-06-12,Riverside,065,2383286,294869,289413,13938,303351,4453
2021-06-12,Sacramento,067,1510023,107380,107199,1772,108971,1658
2021-06-12,San Benito,069,59416,6074,6083,113,6196,63
2021-06-12,San Bernardino,071,2135413,293971,293375,8955,302330,4788
2021-06-12,San Diego,073,3302833,282034,281203,15160,296363,3770
2021-06-12,San Francisco,075,870044,36929,37189,1277,38466,555
2021-06-12,San Joaquin,077,732212,73697,73413,3543,76956,1398
2021-06-12,San Luis Obispo,079,281455,21480,21293,740,22033,256
2021-06-12,San Mateo,081,765935,42532,42604,471,43075,542
2021-06-12,Santa Barbara,083,443738,34535,34450,1120,35570,460
2021-06-12,Santa Clara,085,1922200,119105,119894,758,120652,2085
2021-06-12,Santa Cruz,087,273765,16283,16170,798,16968,208
2021-06-12,Shasta,089,179085,12512,12556,1610,14166,201
2021-06-12,Sierra,091,2930,59,55,12,67,0
2021-06-12,Siskiyou,093,43540,1959,1884,362,2246,25
2021-06-12,Solano,095,438530,33206,33219,559,33778,266
2021-06-12,Sonoma,097,501317,30548,30647,350,30997,323
2021-06-12,Stanislaus,099,539301,56782,56649,5925,62574,974
2021-06-12,Sutter,101,95872,9558,9603,87,9690,112
2021-06-12,Tehama,103,63373,5131,5099,576,5675,63
2021-06-12,Trinity,105,12862,487,332,93,425,3
2021-06-12,Tulare,107,460477,50361,49533,8941,58474,848
2021-06-12,Tuolumne,109,53932,4058,4105,42,4147,63
2021-06-12,Ventura,111,848112,81603,81197,2972,84169,1028
2021-06-12,Yolo,113,214977,14114,14118,250,14368,212
2021-06-12,Yuba,115,75493,6138,6120,129,6249,50
2021-06-11,Alameda,001,1643700,88742,88844,1933,90777,1278
2021-06-11,Alpine,003,1148,87,88,0,88,0
2021-06-11,Amador,005,37829,3722,3710,32,3742,46
2021-06-11,Butte,007,227075,12709,12576,1826,14402,194
2021-06-11,Calaveras,009,45235,2187,2188,13,2201,55
2021-06-11,Colusa,011,21464,1960,1964,315,2279,15
2021-06-11,Contra Costa,013,1133247,70368,69940,1283,71223,808
2021-06-11,Del Norte,015,27424,1440,1409,13,1422,8
2021-06-11,El Dorado,017,186661,10388,10316,758,11074,113
2021-06-11,Fresno,019,978130,103110,102770,8637,111407,1720
2021-06-11,Glenn,021,27897,2442,2425,559,2984,19
2021-06-11,Humboldt,023,135768,4397,4389,39,4428,42
2021-06-11,Imperial,025,180216,28703,28793,2693,31486,741
2021-06-11,Inyo,027,18085,1407,1405,12,1417,35
2021-06-11,Kern,029,883053,97654,96718,10926,107644,1340
2021-06-11,Kings,031,150075,23207,23069,1071,24140,245
2021-06-11,Lake,033,64148,3565,3550,9,3559,45
2021-06-11,Lassen,035,31185,5248,5204,114,5318,18
2021-06-11,Los Angeles,037,10098052,1209959,1204259,40952,1245211,24434
2021-06-11,Madera,039,155013,16712,16582,931,17513,240
2021-06-11,Marin,041,260295,14161,14116,259,14375,229
2021-06-11,Mariposa,043,17540,438,434,11,445,5
2021-06-11,Mendocino,045,87422,4106,4022,83,4105,49
2021-06-11,Merced,047,269075,31139,31231,1037,32268,461
2021-06-11,Modoc,049,8938,396,382,139,521,3
2021-06-11,Mono,051,14174,1264,1274,16,1290,3
2021-06-11,Monterey,053,433212,43241,43097,1839,44936,415
2021-06-11,Napa,055,140530,9971,9977,36,10013,80
2021-06-11,Nevada,057,99092,4905,4873,193,5066,72
2021-06-11,Orange,059,3164182,255920,254975,11335,266310,5101
2021-06-11,Placer,061,380077,23589,23330,1513,24843,294
2021-06-11,Plumas,063,18699,713,696,11,707,4
2021-06-11,Riverside,065,2383286,294831,289376,13933,303309,4451
2021-06-11,Sacramento,067,1510023,107320,107119,1771,108890,1659
2021-06-11,San Benito,069,59416,6073,6082,113,6195,63
2021-06-11,San Bernardino,071,2135413,293935,293335,8951,302286,4788
2021-06-11,San Diego,073,3302833,281994,281144,15153,296297,3768
2021-06-11,San Francisco,075,870044,36924,37177,1277,38454,555
2021-06-11,San Joaquin,077,732212,73680,73347,3540,76887,1397
2021-06-11,San Luis Obispo,079,281455,21479,21288,740,22028,256
2021-06-11,San Mateo,081,765935,42518,42585,471,43056,542
2021-06-11,Santa Barbara,083,443738,34532,34438,1120,35558,460
2021-06-11,Santa Clara,085,1922200,119085,119860,758,120618,2083
2021-06-11,Santa Cruz,087,273765,16275,16164,798,16962,208
2021-06-11,Shasta,089,179085,12504,12550,1608,14158,201
2021-06-11,Sierra,091,2930,59,55,12,67,0
2021-06-11,Siskiyou,093,43540,1958,1882,362,2244,25
2021-06-11,Solano,095,438530,33186,33179,558,33737,266
2021-06-11,Sonoma,097,501317,30530,30624,350,30974,323
2021-06-11,Stanislaus,099,539301,56756,56617,5921,62538,974
2021-06-11,Sutter,101,95872,9555,9600,86,9686,112
2021-06-11,Tehama,103,63373,5130,5099,576,5675,63
2021-06-11,Trinity,105,12862,487,331,93,424,3
2021-06-11,Tulare,107,460477,50355,49516,8940,58456,848
2021-06-11,Tuolumne,109,53932,4055,4104,42,4146,63
2021-06-11,Ventura,111,848112,81593,81189,2972,84161,1026
2021-06-11,Yolo,113,214977,14107,14111,246,14357,212
2021-06-11,Yuba,115,75493,6134,6113,129,6242,50
2021-06-10,Alameda,001,1643700,88698,88806,1932,90738,1275
2021-06-10,Alpine,003,1148,87,88,0,88,0
2021-06-10,Amador,005,37829,3718,3709,32,3741,46
2021-06-10,Butte,007,227075,12692,12565,1826,14391,194
2021-06-10,Calaveras,009,45235,2186,2188,13,2201,55
2021-06-10,Colusa,011,21464,1958,1964,315,2279,15
2021-06-10,Contra Costa,013,1133247,70314,69876,1283,71159,807
2021-06-10,Del Norte,015,27424,1440,1405,13,1418,8
2021-06-10,El Dorado,017,186661,10381,10314,754,11068,113
2021-06-10,Fresno,019,978130,103084,102724,8636,111360,1717
2021-06-10,Glenn,021,27897,2442,2425,559,2984,19
2021-06-10,Humboldt,023,135768,4389,4384,39,4423,42
2021-06-10,Imperial,025,180216,28697,28779,2693,31472,739
2021-06-10,Inyo,027,18085,1407,1405,12,1417,35
2021-06-10,Kern,029,883053,97640,96706,10921,107627,1336
2021-06-10,Kings,031,150075,23206,23067,1071,24138,245
2021-06-10,Lake,033,64148,3560,3550,9,3559,45
2021-06-10,Lassen,035,31185,5246,5201,114,5315,18
2021-06-10,Los Angeles,037,10098052,1209794,1204110,40936,1245046,24440
2021-06-10,Madera,039,155013,16705,16581,930,17511,240
2021-06-10,Marin,041,260295,14158,14118,259,14377,229
2021-06-10,Mariposa,043,17540,436,434,11,445,5
2021-06-10,Mendocino,045,87422,4101,4016,83,4099,48
2021-06-10,Merced,047,269075,31131,31231,1034,32265,461
2021-06-10,Modoc,049,8938,395,381,139,520,3
2021-06-10,Mono,051,14174,1263,1274,16,1290,3
2021-06-10,Monterey,053,433212,43235,43090,1839,44929,415
2021-06-10,Napa,055,140530,9970,9974,36,10010,80
2021-06-10,Nevada,057,99092,4900,4866,193,5059,72
2021-06-10,Orange,059,3164182,255890,254950,11328,266278,5097
2021-06-10,Placer,061,380077,23576,23296,1513,24809,293
2021-06-10,Plumas,063,18699,713,696,11,707,4
2021-06-10,Riverside,065,2383286,294789,289335,13928,303263,4450
2021-06-10,Sacramento,067,1510023,107258,107049,1771,108820,1658
2021-06-10,San Benito,069,59416,6073,6079,113,6192,63
2021-06-10,San Bernardino,071,2135413,293894,293281,8948,302229,4782
2021-06-10,San Diego,073,3302833,281936,281052,15136,296188,3766
2021-06-10,San Francisco,075,870044,36914,37159,1275,38434,552
2021-06-10,San Joaquin,077,732212,73646,73276,3539,76815,1393
2021-06-10,San Luis Obispo,079,281455,21476,21280,740,22020,256
2021-06-10,San Mateo,081,765935,42511,42562,471,43033,666
2021-06-10,Santa Barbara,083,443738,34528,34434,1120,35554,460
2021-06-10,Santa Clara,085,1922200,119050,119832,757,120589,2075
2021-06-10,Santa Cruz,087,273765,16274,16159,798,16957,208
2021-06-10,Shasta,089,179085,12494,12536,1608,14144,201
2021-06-10,Sierra,091,2930,58,55,12,67,0
2021-06-10,Siskiyou,093,43540,1958,1881,362,2243,25
2021-06-10,Solano,095,438530,33169,33150,557,33707,265
2021-06-10,Sonoma,097,501317,30494,30571,348,30919,323
2021-06-10,Stanislaus,099,539301,56735,56588,5917,62505,974
2021-06-10,Sutter,101,95872,9548,9594,86,9680,112
2021-06-10,Tehama,103,63373,5130,5096,576,5672,63
2021-06-10,Trinity,105,12862,487,331,93,424,3
2021-06-10,Tulare,107,460477,50347,49503,8940,58443,848
2021-06-10,Tuolumne,109,53932,4055,4100,42,4142,63
2021-06-10,Ventura,111,848112,81582,81172,2971,84143,1026
2021-06-10,Yolo,113,214977,14104,14107,246,14353,212
2021-06-10,Yuba,115,75493,6130,6112,129,6241,50
2021-06-09,Alameda,001,1643700,88654,88762,1931,90693,1271
2021-06-09,Alpine,003,1148,87,88,0,88,0
2021-06-09,Amador,005,37829,3714,3706,32,3738,46
2021-06-09,Butte,007,227075,12686,12555,1824,14379,194
2021-06-09,Calaveras,009,45235,2184,2184,13,2197,55
2021-06-09,Colusa,011,21464,1958,1962,314,2276,15
2021-06-09,Contra Costa,013,1133247,70277,69829,1282,71111,803
2021-06-09,Del Norte,015,27424,1436,1403,13,1416,8
2021-06-09,El Dorado,017,186661,10378,10312,753,11065,113
2021-06-09,Fresno,019,978130,103064,102690,8632,111322,1717
2021-06-09,Glenn,021,27897,2441,2424,559,2983,19
2021-06-09,Humboldt,023,135768,4384,4379,38,4417,42
2021-06-09,Imperial,025,180216,28694,28754,2693,31447,739
2021-06-09,Inyo,027,18085,1407,1405,12,1417,35
2021-06-09,Kern,029,883053,97626,96697,10912,107609,1328
2021-06-09,Kings,031,150075,23204,23061,1071,24132,245
2021-06-09,Lake,033,64148,3557,3541,9,3550,45
2021-06-09,Lassen,035,31185,5245,5200,114,5314,18
2021-06-09,Los Angeles,037,10098052,1209606,1203955,40923,1244878,24432
2021-06-09,Madera,039,155013,16700,16580,930,17510,240
2021-06-09,Marin,041,260295,14153,14114,259,14373,229
2021-06-09,Mariposa,043,17540,436,434,11,445,5
2021-06-09,Mendocino,045,87422,4095,4008,83,4091,47
2021-06-09,Merced,047,269075,31127,31225,1034,32259,461
2021-06-09,Modoc,049,8938,393,377,138,515,3
2021-06-09,Mono,051,14174,1263,1274,16,1290,3
2021-06-09,Monterey,053,433212,43228,43082,1839,44921,415
2021-06-09,Napa,055,140530,9964,9971,36,10007,80
2021-06-09,Nevada,057,99092,4890,4863,192,5055,72
2021-06-09,Orange,059,3164182,255846,254893,11323,266216,5080
2021-06-09,Placer,061,380077,23557,23237,1513,24750,293
2021-06-09,Plumas,063,18699,712,697,11,708,4
2021-06-09,Riverside,065,2383286,294743,289299,13926,303225,4450
2021-06-09,Sacramento,067,1510023,107195,106971,1768,108739,1657
2021-06-09,San Benito,069,59416,6070,6078,113,6191,63
2021-06-09,San Bernardino,071,2135413,293852,293222,8948,302170,4782
2021-06-09,San Diego,073,3302833,281872,280941,15124,296065,3765
2021-06-09,San Francisco,075,870044,36901,37143,1274,38417,552
2021-06-09,San Joaquin,077,732212,73620,73232,3539,76771,1392
2021-06-09,San Luis Obispo,079,281455,21475,21259,740,21999,256
2021-06-09,San Mateo,081,765935,42495,42502,470,42972,666
2021-06-09,Santa Barbara,083,443738,34517,34422,1120,35542,460
2021-06-09,Santa Clara,085,1922200,119012,119793,756,120549,2068
2021-06-09,Santa Cruz,087,273765,16271,16155,798,16953,208
2021-06-09,Shasta,089,179085,12484,12521,1606,14127,201
2021-06-09,Sierra,091,2930,57,55,12,67,0
2021-06-09,Siskiyou,093,43540,1957,1871,362,2233,25
2021-06-09,Solano,095,438530,33153,33137,556,33693,264
2021-06-09,Sonoma,097,501317,30472,30540,348,30888,323
2021-06-09,Stanislaus,099,539301,56715,56560,5914,62474,974
2021-06-09,Sutter,101,95872,9539,9586,85,9671,111
2021-06-09,Tehama,103,63373,5129,5093,576,5669,63
2021-06-09,Trinity,105,12862,486,331,93,424,3
2021-06-09,Tulare,107,460477,50343,49496,8938,58434,847
2021-06-09,Tuolumne,109,53932,4052,4100,42,4142,63
2021-06-09,Ventura,111,848112,81572,81154,2970,84124,1026
2021-06-09,Yolo,113,214977,14102,14102,245,14347,212
2021-06-09,Yuba,115,75493,6126,6109,129,6238,50
2021-06-08,Alameda,001,1643700,88606,88731,1931,90662,1267
2021-06-08,Alpine,003,1148,87,88,0,88,0
2021-06-08,Amador,005,37829,3713,3704,32,3736,46
2021-06-08,Butte,007,227075,12680,12540,1822,14362,194
2021-06-08,Calaveras,009,45235,2183,2181,13,2194,55
2021-06-08,Colusa,011,21464,1958,1961,314,2275,15
2021-06-08,Contra Costa,013,1133247,70229,69762,1281,71043,803
2021-06-08,Del Norte,015,27424,1434,1402,13,1415,8
2021-06-08,El Dorado,017,186661,10373,10306,751,11057,113
2021-06-08,Fresno,019,978130,103039,102680,8630,111310,1717
2021-06-08,Glenn,021,27897,2440,2423,559,2982,19
2021-06-08,Humboldt,023,135768,4379,4363,38,4401,42
2021-06-08,Imperial,025,180216,28685,28752,2693,31445,738
2021-06-08,Inyo,027,18085,1407,1405,12,1417,35
2021-06-08,Kern,029,883053,97607,96671,10905,107576,1325
2021-06-08,Kings,031,150075,23203,23036,1071,24107,245
2021-06-08,Lake,033,64148,3556,3540,9,3549,45
2021-06-08,Lassen,035,31185,5245,5200,114,5314,18
2021-06-08,Los Angeles,037,10098052,1209408,1203794,40911,1244705,24426
2021-06-08,Madera,039,155013,16694,16579,929,17508,240
2021-06-08,Marin,041,260295,14151,14111,258,14369,229
2021-06-08,Mariposa,043,17540,436,434,11,445,5
2021-06-08,Mendocino,045,87422,4088,4002,83,4085,47
2021-06-08,Merced,047,269075,31119,31225,1034,32259,461
2021-06-08,Modoc,049,8938,387,377,137,514,3
2021-06-08,Mono,051,14174,1263,1274,16,1290,3
2021-06-08,Monterey,053,433212,43222,43078,1838,44916,415
2021-06-08,Napa,055,140530,9960,9962,36,9998,80
2021-06-08,Nevada,057,99092,4885,4861,192,5053,72
2021-06-08,Orange,059,3164182,255804,254852,11316,266168,5078
2021-06-08,Placer,061,380077,23539,23209,1509,24718,293
2021-06-08,Plumas,063,18699,712,692,11,703,4
2021-06-08,Riverside,065,2383286,294707,289268,13918,303186,4452
2021-06-08,Sacramento,067,1510023,107133,106901,1765,108666,1654
2021-06-08,San Benito,069,59416,6068,6076,113,6189,63
2021-06-08,San Bernardino,071,2135413,293803,293186,8944,302130,4778
2021-06-08,San Diego,073,3302833,281809,280879,15115,295994,3764
2021-06-08,San Francisco,075,870044,36886,37134,1273,38407,552
2021-06-08,San Joaquin,077,732212,73576,73186,3534,76720,1390
2021-06-08,San Luis Obispo,079,281455,21469,21251,739,21990,255
2021-06-08,San Mateo,081,765935,42482,42488,470,42958,663
2021-06-08,Santa Barbara,083,443738,34513,34418,1120,35538,459
2021-06-08,Santa Clara,085,1922200,118991,119770,755,120525,2068
2021-06-08,Santa Cruz,087,273765,16268,16160,798,16958,208
2021-06-08,Shasta,089,179085,12469,12498,1606,14104,201
2021-06-08,Sierra,091,2930,57,55,12,67,0
2021-06-08,Siskiyou,093,43540,1955,1870,360,2230,21
2021-06-08,Solano,095,438530,33132,33130,556,33686,259
2021-06-08,Sonoma,097,501317,30446,30523,346,30869,323
2021-06-08,Stanislaus,099,539301,56688,56548,5912,62460,973
2021-06-08,Sutter,101,95872,9536,9581,85,9666,111
2021-06-08,Tehama,103,63373,5126,5093,576,5669,63
2021-06-08,Trinity,105,12862,486,330,92,422,3
2021-06-08,Tulare,107,460477,50331,49485,8934,58419,847
2021-06-08,Tuolumne,109,53932,4048,4099,42,4141,63
2021-06-08,Ventura,111,848112,81556,81142,2969,84111,1026
2021-06-08,Yolo,113,214977,14097,14099,244,14343,212
2021-06-08,Yuba,115,75493,6124,6103,129,6232,50
2021-06-07,Alameda,001,1643700,88549,88688,1931,90619,1267
2021-06-07,Alpine,003,1148,87,88,0,88,0
2021-06-07,Amador,005,37829,3703,3697,32,3729,46
2021-06-07,Butte,007,227075,12673,12533,1821,14354,194
2021-06-07,Calaveras,009,45235,2182,2181,13,2194,55
2021-06-07,Colusa,011,21464,1957,1960,314,2274,15
2021-06-07,Contra Costa,013,1133247,70172,69718,1280,70998,817
2021-06-07,Del Norte,015,27424,1434,1401,13,1414,8
2021-06-07,El Dorado,017,186661,10368,10305,751,11056,113
2021-06-07,Fresno,019,978130,103008,102659,8622,111281,1717
2021-06-07,Glenn,021,27897,2440,2423,559,2982,19
2021-06-07,Humboldt,023,135768,4371,4354,38,4392,42
2021-06-07,Imperial,025,180216,28683,28754,2693,31447,738
2021-06-07,Inyo,027,18085,1407,1404,12,1416,35
2021-06-07,Kern,029,883053,97591,96645,10898,107543,1324
2021-06-07,Kings,031,150075,23199,23023,1071,24094,244
2021-06-07,Lake,033,64148,3554,3540,9,3549,45
2021-06-07,Lassen,035,31185,5240,5198,114,5312,18
2021-06-07,Los Angeles,037,10098052,1209184,1203664,40897,1244561,24413
2021-06-07,Madera,039,155013,16687,16572,929,17501,240
2021-06-07,Marin,041,260295,14147,14108,257,14365,229
2021-06-07,Mariposa,043,17540,436,434,11,445,5
2021-06-07,Mendocino,045,87422,4082,3998,83,4081,47
2021-06-07,Merced,047,269075,31107,31212,1033,32245,459
2021-06-07,Modoc,049,8938,386,375,134,509,3
2021-06-07,Mono,051,14174,1263,1275,16,1291,3
2021-06-07,Monterey,053,433212,43215,43077,1838,44915,415
2021-06-07,Napa,055,140530,9952,9962,36,9998,80
2021-06-07,Nevada,057,99092,4883,4860,192,5052,72
2021-06-07,Orange,059,3164182,255764,254808,11308,266116,5073
2021-06-07,Placer,061,380077,23520,23176,1507,24683,293
2021-06-07,Plumas,063,18699,712,692,11,703,4
2021-06-07,Riverside,065,2383286,294664,289232,13914,303146,4451
2021-06-07,Sacramento,067,1510023,107057,106841,1762,108603,1655
2021-06-07,San Benito,069,59416,6067,6074,113,6187,63
2021-06-07,San Bernardino,071,2135413,293765,293129,8943,302072,4775
2021-06-07,San Diego,073,3302833,281727,280808,15102,295910,3764
2021-06-07,San Francisco,075,870044,36870,37122,1273,38395,552
2021-06-07,San Joaquin,077,732212,73531,73130,3527,76657,1388
2021-06-07,San Luis Obispo,079,281455,21456,21252,739,21991,255
2021-06-07,San Mateo,081,765935,42466,42479,470,42949,664
2021-06-07,Santa Barbara,083,443738,34507,34407,1120,35527,459
2021-06-07,Santa Clara,085,1922200,118959,119743,755,120498,2066
2021-06-07,Santa Cruz,087,273765,16267,16159,798,16957,208
2021-06-07,Shasta,089,179085,12455,12483,1601,14084,200
2021-06-07,Sierra,091,2930,57,55,12,67,0
2021-06-07,Siskiyou,093,43540,1955,1869,360,2229,21
2021-06-07,Solano,095,438530,33110,33124,555,33679,258
2021-06-07,Sonoma,097,501317,30410,30504,345,30849,323
2021-06-07,Stanislaus,099,539301,56655,56521,5910,62431,972
2021-06-07,Sutter,101,95872,9532,9571,85,9656,111
2021-06-07,Tehama,103,63373,5122,5092,574,5666,63
2021-06-07,Trinity,105,12862,486,329,92,421,3
2021-06-07,Tulare,107,460477,50325,49471,8934,58405,847
2021-06-07,Tuolumne,109,53932,4047,4098,42,4140,63
2021-06-07,Ventura,111,848112,81539,81137,2967,84104,1025
2021-06-07,Yolo,113,214977,14092,14097,243,14340,211
2021-06-07,Yuba,115,75493,6122,6099,126,6225,49
2021-06-06,Alameda,001,1643700,88511,88636,1930,90566,1267
2021-06-06,Alpine,003,1148,87,88,0,88,0
2021-06-06,Amador,005,37829,3700,3696,32,3728,46
2021-06-06,Butte,007,227075,12662,12527,1820,14347,194
2021-06-06,Calaveras,009,45235,2181,2181,13,2194,55
2021-06-06,Colusa,011,21464,1955,1959,314,2273,15
2021-06-06,Contra Costa,013,1133247,70107,69659,1278,70937,817
2021-06-06,Del Norte,015,27424,1429,1401,13,1414,8
2021-06-06,El Dorado,017,186661,10361,10294,751,11045,113
2021-06-06,Fresno,019,978130,102975,102642,8619,111261,1717
2021-06-06,Glenn,021,27897,2439,2423,559,2982,19
2021-06-06,Humboldt,023,135768,4360,4353,38,4391,42
2021-06-06,Imperial,025,180216,28677,28762,2693,31455,738
2021-06-06,Inyo,027,18085,1406,1404,12,1416,35
2021-06-06,Kern,029,883053,97573,96623,10891,107514,1324
2021-06-06,Kings,031,150075,23193,23021,1071,24092,244
2021-06-06,Lake,033,64148,3554,3535,9,3544,45
2021-06-06,Lassen,035,31185,5238,5191,114,5305,18
2021-06-06,Los Angeles,037,10098052,1208985,1203539,40883,1244422,24410
2021-06-06,Madera,039,155013,16680,16567,929,17496,240
2021-06-06,Marin,041,260295,14141,14106,256,14362,229
2021-06-06,Mariposa,043,17540,435,435,11,446,5
2021-06-06,Mendocino,045,87422,4078,3993,83,4076,47
2021-06-06,Merced,047,269075,31101,31215,1032,32247,459
2021-06-06,Modoc,049,8938,386,375,133,508,3
2021-06-06,Mono,051,14174,1263,1275,16,1291,3
2021-06-06,Monterey,053,433212,43210,43078,1838,44916,415
2021-06-06,Napa,055,140530,9946,9963,36,9999,80
2021-06-06,Nevada,057,99092,4876,4854,191,5045,72
2021-06-06,Orange,059,3164182,255728,254782,11303,266085,5073
2021-06-06,Placer,061,380077,23495,23156,1504,24660,293
2021-06-06,Plumas,063,18699,712,692,11,703,4
2021-06-06,Riverside,065,2383286,294625,289201,13908,303109,4451
2021-06-06,Sacramento,067,1510023,106971,106749,1761,108510,1655
2021-06-06,San Benito,069,59416,6061,6074,113,6187,63
2021-06-06,San Bernardino,071,2135413,293709,293117,8934,302051,4773
2021-06-06,San Diego,073,3302833,281647,280743,15085,295828,3764
2021-06-06,San Francisco,075,870044,36857,37118,1271,38389,552
2021-06-06,San Joaquin,077,732212,73499,73105,3523,76628,1388
2021-06-06,San Luis Obispo,079,281455,21453,21246,739,21985,255
2021-06-06,San Mateo,081,765935,42449,42457,470,42927,664
2021-06-06,Santa Barbara,083,443738,34503,34403,1119,35522,459
2021-06-06,Santa Clara,085,1922200,118937,119711,755,120466,2066
2021-06-06,Santa Cruz,087,273765,16266,16158,798,16956,208
2021-06-06,Shasta,089,179085,12440,12478,1598,14076,200
2021-06-06,Sierra,091,2930,57,55,12,67,0
2021-06-06,Siskiyou,093,43540,1952,1869,360,2229,21
2021-06-06,Solano,095,438530,33083,33093,555,33648,258
2021-06-06,Sonoma,097,501317,30379,30478,344,30822,323
2021-06-06,Stanislaus,099,539301,56619,56486,5907,62393,972
2021-06-06,Sutter,101,95872,9525,9567,85,9652,111
2021-06-06,Tehama,103,63373,5112,5092,572,5664,63
2021-06-06,Trinity,105,12862,486,328,92,420,3
2021-06-06,Tulare,107,460477,50317,49466,8929,58395,847
2021-06-06,Tuolumne,109,53932,4044,4097,42,4139,63
2021-06-06,Ventura,111,848112,81528,81130,2964,84094,1025
2021-06-06,Yolo,113,214977,14084,14089,242,14331,210
2021-06-06,Yuba,115,75493,6114,6096,126,6222,49
2021-06-05,Alameda,001,1643700,88478,88612,1930,90542,1268
2021-06-05,Alpine,003,1148,87,88,0,88,0
2021-06-05,Amador,005,37829,3700,3694,32,3726,46
2021-06-05,Butte,007,227075,12656,12514,1819,14333,194
2021-06-05,Calaveras,009,45235,2181,2181,13,2194,55
2021-06-05,Colusa,011,21464,1955,1959,314,2273,15
2021-06-05,Contra Costa,013,1133247,70078,69601,1278,70879,817
2021-06-05,Del Norte,015,27424,1429,1400,13,1413,8
2021-06-05,El Dorado,017,186661,10359,10288,750,11038,113
2021-06-05,Fresno,019,978130,102966,102626,8619,111245,1717
2021-06-05,Glenn,021,27897,2438,2423,559,2982,19
2021-06-05,Humboldt,023,135768,4355,4346,38,4384,42
2021-06-05,Imperial,025,180216,28674,28764,2693,31457,738
2021-06-05,Inyo,027,18085,1406,1405,12,1417,35
2021-06-05,Kern,029,883053,97560,96597,10887,107484,1324
2021-06-05,Kings,031,150075,23190,23017,1071,24088,244
2021-06-05,Lake,033,64148,3551,3534,9,3543,45
2021-06-05,Lassen,035,31185,5237,5191,114,5305,18
2021-06-05,Los Angeles,037,10098052,1208856,1203338,40872,1244210,24411
2021-06-05,Madera,039,155013,16676,16563,929,17492,240
2021-06-05,Marin,041,260295,14139,14101,256,14357,229
2021-06-05,Mariposa,043,17540,435,435,11,446,5
2021-06-05,Mendocino,045,87422,4075,3989,83,4072,47
2021-06-05,Merced,047,269075,31099,31212,1031,32243,459
2021-06-05,Modoc,049,8938,386,375,132,507,3
2021-06-05,Mono,051,14174,1263,1274,16,1290,3
2021-06-05,Monterey,053,433212,43206,43071,1837,44908,415
2021-06-05,Napa,055,140530,9941,9960,36,9996,80
2021-06-05,Nevada,057,99092,4874,4849,191,5040,72
2021-06-05,Orange,059,3164182,255704,254752,11300,266052,5069
2021-06-05,Placer,061,380077,23479,23133,1504,24637,293
2021-06-05,Plumas,063,18699,712,692,11,703,4
2021-06-05,Riverside,065,2383286,294590,289157,13904,303061,4451
2021-06-05,Sacramento,067,1510023,106919,106688,1759,108447,1655
2021-06-05,San Benito,069,59416,6059,6074,113,6187,63
2021-06-05,San Bernardino,071,2135413,293676,293081,8933,302014,4772
2021-06-05,San Diego,073,3302833,281606,280676,15072,295748,3764
2021-06-05,San Francisco,075,870044,36848,37111,1271,38382,552
2021-06-05,San Joaquin,077,732212,73483,73078,3517,76595,1388
2021-06-05,San Luis Obispo,079,281455,21450,21236,739,21975,255
2021-06-05,San Mateo,081,765935,42439,42433,470,42903,664
2021-06-05,Santa Barbara,083,443738,34500,34399,1118,35517,459
2021-06-05,Santa Clara,085,1922200,118915,119676,753,120429,2066
2021-06-05,Santa Cruz,087,273765,16266,16154,798,16952,208
2021-06-05,Shasta,089,179085,12430,12472,1597,14069,200
2021-06-05,Sierra,091,2930,57,55,12,67,0
2021-06-05,Siskiyou,093,43540,1952,1867,360,2227,21
2021-06-05,Solano,095,438530,33068,33074,555,33629,257
2021-06-05,Sonoma,097,501317,30352,30450,342,30792,323
2021-06-05,Stanislaus,099,539301,56611,56463,5905,62368,973
2021-06-05,Sutter,101,95872,9522,9559,85,9644,111
2021-06-05,Tehama,103,63373,5111,5092,571,5663,63
2021-06-05,Trinity,105,12862,486,328,92,420,3
2021-06-05,Tulare,107,460477,50311,49463,8929,58392,847
2021-06-05,Tuolumne,109,53932,4042,4098,42,4140,63
2021-06-05,Ventura,111,848112,81519,81119,2962,84081,1025
2021-06-05,Yolo,113,214977,14082,14088,242,14330,210
2021-06-05,Yuba,115,75493,6113,6087,126,6213,49
2021-06-04,Alameda,001,1643700,88451,88585,1927,90512,1263
2021-06-04,Alpine,003,1148,87,88,0,88,0
2021-06-04,Amador,005,37829,3700,3690,32,3722,46
2021-06-04,Butte,007,227075,12645,12494,1816,14310,193
2021-06-04,Calaveras,009,45235,2181,2179,13,2192,55
2021-06-04,Colusa,011,21464,1955,1959,314,2273,15
2021-06-04,Contra Costa,013,1133247,70043,69540,1275,70815,816
2021-06-04,Del Norte,015,27424,1429,1398,13,1411,8
2021-06-04,El Dorado,017,186661,10355,10284,748,11032,112
2021-06-04,Fresno,019,978130,102950,102601,8619,111220,1712
2021-06-04,Glenn,021,27897,2438,2423,558,2981,19
2021-06-04,Humboldt,023,135768,4350,4327,38,4365,42
2021-06-04,Imperial,025,180216,28670,28753,2693,31446,738
2021-06-04,Inyo,027,18085,1406,1404,12,1416,35
2021-06-04,Kern,029,883053,97542,96573,10885,107458,1327
2021-06-04,Kings,031,150075,23189,23002,1071,24073,244
2021-06-04,Lake,033,64148,3549,3528,9,3537,45
2021-06-04,Lassen,035,31185,5237,5180,114,5294,18
2021-06-04,Los Angeles,037,10098052,1208735,1203106,40863,1243969,24400
2021-06-04,Madera,039,155013,16674,16557,929,17486,240
2021-06-04,Marin,041,260295,14138,14099,255,14354,229
2021-06-04,Mariposa,043,17540,435,435,11,446,5
2021-06-04,Mendocino,045,87422,4066,3983,83,4066,47
2021-06-04,Merced,047,269075,31094,31204,1030,32234,459
2021-06-04,Modoc,049,8938,384,375,132,507,3
2021-06-04,Mono,051,14174,1263,1275,16,1291,3
2021-06-04,Monterey,053,433212,43202,43068,1837,44905,415
2021-06-04,Napa,055,140530,9937,9958,36,9994,80
2021-06-04,Nevada,057,99092,4870,4844,191,5035,72
2021-06-04,Orange,059,3164182,255667,254730,11296,266026,5059
2021-06-04,Placer,061,380077,23463,23110,1503,24613,293
2021-06-04,Plumas,063,18699,712,691,11,702,4
2021-06-04,Riverside,065,2383286,294564,289098,13900,302998,4452
2021-06-04,Sacramento,067,1510023,106865,106616,1758,108374,1654
2021-06-04,San Benito,069,59416,6057,6073,113,6186,63
2021-06-04,San Bernardino,071,2135413,293652,293056,8931,301987,4768
2021-06-04,San Diego,073,3302833,281563,280556,15065,295621,3763
2021-06-04,San Francisco,075,870044,36843,37079,1270,38349,551
2021-06-04,San Joaquin,077,732212,73464,73039,3515,76554,1388
2021-06-04,San Luis Obispo,079,281455,21447,21234,738,21972,255
2021-06-04,San Mateo,081,765935,42427,42413,470,42883,478
2021-06-04,Santa Barbara,083,443738,34494,34402,1117,35519,459
2021-06-04,Santa Clara,085,1922200,118885,119619,753,120372,2065
2021-06-04,Santa Cruz,087,273765,16263,16150,798,16948,207
2021-06-04,Shasta,089,179085,12424,12458,1592,14050,200
2021-06-04,Sierra,091,2930,57,55,12,67,0
2021-06-04,Siskiyou,093,43540,1951,1865,360,2225,21
2021-06-04,Solano,095,438530,33057,33058,555,33613,256
2021-06-04,Sonoma,097,501317,30331,30411,342,30753,323
2021-06-04,Stanislaus,099,539301,56596,56442,5903,62345,973
2021-06-04,Sutter,101,95872,9517,9554,85,9639,111
2021-06-04,Tehama,103,63373,5106,5090,571,5661,63
2021-06-04,Trinity,105,12862,486,328,92,420,3
2021-06-04,Tulare,107,460477,50302,49452,8927,58379,847
2021-06-04,Tuolumne,109,53932,4041,4095,42,4137,63
2021-06-04,Ventura,111,848112,81512,81104,2960,84064,1023
2021-06-04,Yolo,113,214977,14080,14083,242,14325,210
2021-06-04,Yuba,115,75493,6110,6084,126,6210,49
2021-06-03,Alameda,001,1643700,88413,88555,1924,90479,1257
2021-06-03,Alpine,003,1148,87,88,0,88,0
2021-06-03,Amador,005,37829,3692,3688,32,3720,46
2021-06-03,Butte,007,227075,12641,12478,1815,14293,193
2021-06-03,Calaveras,009,45235,2181,2179,13,2192,55
2021-06-03,Colusa,011,21464,1955,1957,314,2271,15
2021-06-03,Contra Costa,013,1133247,69989,69500,1270,70770,816
2021-06-03,Del Norte,015,27424,1427,1397,13,1410,8
2021-06-03,El Dorado,017,186661,10349,10284,745,11029,112
2021-06-03,Fresno,019,978130,102933,102566,8619,111185,1709
2021-06-03,Glenn,021,27897,2438,2421,558,2979,19
2021-06-03,Humboldt,023,135768,4342,4314,38,4352,42
2021-06-03,Imperial,025,180216,28659,28737,2693,31430,738
2021-06-03,Inyo,027,18085,1406,1404,12,1416,35
2021-06-03,Kern,029,883053,97515,96507,10871,107378,1326
2021-06-03,Kings,031,150075,23185,22982,1071,24053,244
2021-06-03,Lake,033,64148,3547,3526,9,3535,45
2021-06-03,Lassen,035,31185,5228,5177,114,5291,12
2021-06-03,Los Angeles,037,10098052,1208564,1202923,40855,1243778,24386
2021-06-03,Madera,039,155013,16667,16554,929,17483,240
2021-06-03,Marin,041,260295,14133,14095,255,14350,230
2021-06-03,Mariposa,043,17540,435,435,11,446,5
2021-06-03,Mendocino,045,87422,4059,3978,83,4061,47
2021-06-03,Merced,047,269075,31091,31199,1030,32229,459
2021-06-03,Modoc,049,8938,383,376,131,507,3
2021-06-03,Mono,051,14174,1263,1275,16,1291,3
2021-06-03,Monterey,053,433212,43199,43063,1837,44900,415
2021-06-03,Napa,055,140530,9930,9957,36,9993,81
2021-06-03,Nevada,057,99092,4866,4837,191,5028,72
2021-06-03,Orange,059,3164182,255639,254676,11286,265962,5056
2021-06-03,Placer,061,380077,23454,23100,1502,24602,293
2021-06-03,Plumas,063,18699,712,691,11,702,4
2021-06-03,Riverside,065,2383286,294509,289035,13896,302931,4447
2021-06-03,Sacramento,067,1510023,106786,106526,1756,108282,1654
2021-06-03,San Benito,069,59416,6057,6073,113,6186,63
2021-06-03,San Bernardino,071,2135413,293621,293021,8931,301952,4762
2021-06-03,San Diego,073,3302833,281499,280430,15055,295485,3761
2021-06-03,San Francisco,075,870044,36837,37072,1270,38342,551
2021-06-03,San Joaquin,077,732212,73436,72989,3511,76500,1388
2021-06-03,San Luis Obispo,079,281455,21442,21224,738,21962,255
2021-06-03,San Mateo,081,765935,42414,42396,470,42866,467
2021-06-03,Santa Barbara,083,443738,34491,34391,1117,35508,459
2021-06-03,Santa Clara,085,1922200,118863,119592,751,120343,2058
2021-06-03,Santa Cruz,087,273765,16261,16144,798,16942,207
2021-06-03,Shasta,089,179085,12409,12441,1589,14030,199
2021-06-03,Sierra,091,2930,57,55,12,67,0
2021-06-03,Siskiyou,093,43540,1951,1862,359,2221,21
2021-06-03,Solano,095,438530,33043,33019,555,33574,256
2021-06-03,Sonoma,097,501317,30309,30383,341,30724,322
2021-06-03,Stanislaus,099,539301,56577,56401,5897,62298,973
2021-06-03,Sutter,101,95872,9508,9539,85,9624,111
2021-06-03,Tehama,103,63373,5106,5087,571,5658,63
2021-06-03,Trinity,105,12862,486,328,92,420,3
2021-06-03,Tulare,107,460477,50299,49442,8923,58365,848
2021-06-03,Tuolumne,109,53932,4039,4095,42,4137,63
2021-06-03,Ventura,111,848112,81500,81078,2958,84036,1023
2021-06-03,Yolo,113,214977,14076,14078,240,14318,210
2021-06-03,Yuba,115,75493,6103,6077,126,6203,49
2021-06-02,Alameda,001,1643700,88368,88525,1922,90447,1254
2021-06-02,Alpine,003,1148,87,88,0,88,0
2021-06-02,Amador,005,37829,3690,3687,32,3719,46
2021-06-02,Butte,007,227075,12621,12432,1812,14244,193
2021-06-02,Calaveras,009,45235,2178,2174,13,2187,55
2021-06-02,Colusa,011,21464,1954,1957,314,2271,15
2021-06-02,Contra Costa,013,1133247,69938,69455,1268,70723,814
2021-06-02,Del Norte,015,27424,1425,1395,13,1408,8
2021-06-02,El Dorado,017,186661,10345,10275,745,11020,110
2021-06-02,Fresno,019,978130,102909,102547,8616,111163,1707
2021-06-02,Glenn,021,27897,2438,2421,558,2979,19
2021-06-02,Humboldt,023,135768,4327,4302,38,4340,42
2021-06-02,Imperial,025,180216,28653,28737,2692,31429,738
2021-06-02,Inyo,027,18085,1405,1403,12,1415,35
2021-06-02,Kern,029,883053,97488,96481,10864,107345,1326
2021-06-02,Kings,031,150075,23183,22981,1070,24051,244
2021-06-02,Lake,033,64148,3542,3522,9,3531,45
2021-06-02,Lassen,035,31185,5227,5177,114,5291,6
2021-06-02,Los Angeles,037,10098052,1208360,1202760,40846,1243606,24375
2021-06-02,Madera,039,155013,16659,16550,929,17479,240
2021-06-02,Marin,041,260295,14131,14091,254,14345,229
2021-06-02,Mariposa,043,17540,435,434,11,445,5
2021-06-02,Mendocino,045,87422,4053,3970,83,4053,47
2021-06-02,Merced,047,269075,31078,31195,1029,32224,458
2021-06-02,Modoc,049,8938,382,375,130,505,3
2021-06-02,Mono,051,14174,1263,1275,16,1291,3
2021-06-02,Monterey,053,433212,43197,43056,1837,44893,380
2021-06-02,Napa,055,140530,9929,9953,36,9989,82
2021-06-02,Nevada,057,99092,4863,4833,191,5024,72
2021-06-02,Orange,059,3164182,255590,254637,11279,265916,5055
2021-06-02,Placer,061,380077,23433,23058,1500,24558,293
2021-06-02,Plumas,063,18699,712,690,11,701,4
2021-06-02,Riverside,065,2383286,294451,289012,13886,302898,4445
2021-06-02,Sacramento,067,1510023,106721,106435,1750,108185,1649
2021-06-02,San Benito,069,59416,6056,6073,113,6186,63
2021-06-02,San Bernardino,071,2135413,293573,293004,8926,301930,4760
2021-06-02,San Diego,073,3302833,281419,280347,15034,295381,3760
2021-06-02,San Francisco,075,870044,36817,37050,1269,38319,550
2021-06-02,San Joaquin,077,732212,73405,72893,3508,76401,1387
2021-06-02,San Luis Obispo,079,281455,21435,21214,737,21951,255
2021-06-02,San Mateo,081,765935,42404,42383,469,42852,464
2021-06-02,Santa Barbara,083,443738,34484,34381,1117,35498,456
2021-06-02,Santa Clara,085,1922200,118835,119553,750,120303,2058
2021-06-02,Santa Cruz,087,273765,16258,16144,798,16942,207
2021-06-02,Shasta,089,179085,12391,12426,1584,14010,199
2021-06-02,Sierra,091,2930,57,55,12,67,0
2021-06-02,Siskiyou,093,43540,1951,1861,357,2218,21
2021-06-02,Solano,095,438530,33031,33007,554,33561,256
2021-06-02,Sonoma,097,501317,30290,30359,336,30695,322
2021-06-02,Stanislaus,099,539301,56558,56377,5892,62269,973
2021-06-02,Sutter,101,95872,9505,9533,85,9618,111
2021-06-02,Tehama,103,63373,5103,5081,571,5652,63
2021-06-02,Trinity,105,12862,484,328,92,420,3
2021-06-02,Tulare,107,460477,50291,49434,8919,58353,846
2021-06-02,Tuolumne,109,53932,4038,4095,42,4137,63
2021-06-02,Ventura,111,848112,81475,81033,2958,83991,1020
2021-06-02,Yolo,113,214977,14073,14074,239,14313,210
2021-06-02,Yuba,115,75493,6097,6072,126,6198,48
2021-06-01,Alameda,001,1643700,88333,88472,1920,90392,1253
2021-06-01,Alpine,003,1148,87,88,0,88,0
2021-06-01,Amador,005,37829,3688,3687,32,3719,46
2021-06-01,Butte,007,227075,12607,12427,1811,14238,193
2021-06-01,Calaveras,009,45235,2176,2173,13,2186,55
2021-06-01,Colusa,011,21464,1953,1955,313,2268,15
2021-06-01,Contra Costa,013,1133247,69880,69404,1268,70672,813
2021-06-01,Del Norte,015,27424,1424,1394,13,1407,8
2021-06-01,El Dorado,017,186661,10339,10271,745,11016,110
2021-06-01,Fresno,019,978130,102885,102534,8613,111147,1706
2021-06-01,Glenn,021,27897,2438,2422,558,2980,18
2021-06-01,Humboldt,023,135768,4317,4299,38,4337,42
2021-06-01,Imperial,025,180216,28649,28722,2690,31412,736
2021-06-01,Inyo,027,18085,1405,1403,12,1415,35
2021-06-01,Kern,029,883053,97461,96477,10856,107333,1319
2021-06-01,Kings,031,150075,23179,22977,1070,24047,244
2021-06-01,Lake,033,64148,3541,3523,9,3532,45
2021-06-01,Lassen,035,31185,5220,5172,114,5286,6
2021-06-01,Los Angeles,037,10098052,1208123,1202673,40832,1243505,24367
2021-06-01,Madera,039,155013,16650,16549,928,17477,240
2021-06-01,Marin,041,260295,14129,14081,254,14335,229
2021-06-01,Mariposa,043,17540,435,431,11,442,5
2021-06-01,Mendocino,045,87422,4046,3966,83,4049,47
2021-06-01,Merced,047,269075,31068,31195,1029,32224,456
2021-06-01,Modoc,049,8938,380,375,130,505,3
2021-06-01,Mono,051,14174,1263,1275,16,1291,3
2021-06-01,Monterey,053,433212,43191,43051,1837,44888,379
2021-06-01,Napa,055,140530,9927,9949,36,9985,82
2021-06-01,Nevada,057,99092,4858,4825,191,5016,72
2021-06-01,Orange,059,3164182,255554,254603,11271,265874,5051
2021-06-01,Placer,061,380077,23403,23021,1498,24519,293
2021-06-01,Plumas,063,18699,711,690,11,701,4
2021-06-01,Riverside,065,2383286,294398,288996,13880,302876,4442
2021-06-01,Sacramento,067,1510023,106649,106330,1748,108078,1644
2021-06-01,San Benito,069,59416,6055,6073,112,6185,63
2021-06-01,San Bernardino,071,2135413,293548,292990,8925,301915,4758
2021-06-01,San Diego,073,3302833,281315,280305,15017,295322,3756
2021-06-01,San Francisco,075,870044,36801,37031,1269,38300,550
2021-06-01,San Joaquin,077,732212,73373,72858,3507,76365,1383
2021-06-01,San Luis Obispo,079,281455,21430,21217,737,21954,256
2021-06-01,San Mateo,081,765935,42388,42383,468,42851,462
2021-06-01,Santa Barbara,083,443738,34480,34374,1117,35491,456
2021-06-01,Santa Clara,085,1922200,118807,119528,750,120278,2057
2021-06-01,Santa Cruz,087,273765,16254,16143,797,16940,207
2021-06-01,Shasta,089,179085,12382,12409,1579,13988,199
2021-06-01,Sierra,091,2930,57,55,12,67,0
2021-06-01,Siskiyou,093,43540,1944,1860,356,2216,21
2021-06-01,Solano,095,438530,33006,32974,553,33527,256
2021-06-01,Sonoma,097,501317,30251,30324,335,30659,322
2021-06-01,Stanislaus,099,539301,56541,56348,5890,62238,973
2021-06-01,Sutter,101,95872,9498,9528,85,9613,111
2021-06-01,Tehama,103,63373,5101,5079,571,5650,63
2021-06-01,Trinity,105,12862,483,328,91,419,3
2021-06-01,Tulare,107,460477,50283,49419,8915,58334,845
2021-06-01,Tuolumne,109,53932,4038,4094,42,4136,63
2021-06-01,Ventura,111,848112,81459,81018,2957,83975,1021
2021-06-01,Yolo,113,214977,14067,14067,239,14306,210
2021-06-01,Yuba,115,75493,6093,6067,126,6193,48
2021-05-31,Alameda,001,1643700,88297,88458,1916,90374,1253
2021-05-31,Alpine,003,1148,87,88,0,88,0
2021-05-31,Amador,005,37829,3682,3687,32,3719,46
2021-05-31,Butte,007,227075,12594,12429,1811,14240,193
2021-05-31,Calaveras,009,45235,2175,2171,13,2184,55
2021-05-31,Colusa,011,21464,1953,1956,312,2268,15
2021-05-31,Contra Costa,013,1133247,69843,69390,1267,70657,813
2021-05-31,Del Norte,015,27424,1421,1394,13,1407,8
2021-05-31,El Dorado,017,186661,10333,10271,743,11014,110
2021-05-31,Fresno,019,978130,102848,102507,8613,111120,1706
2021-05-31,Glenn,021,27897,2437,2422,557,2979,18
2021-05-31,Humboldt,023,135768,4305,4295,38,4333,42
2021-05-31,Imperial,025,180216,28643,28732,2687,31419,736
2021-05-31,Inyo,027,18085,1404,1403,12,1415,35
2021-05-31,Kern,029,883053,97425,96457,10847,107304,1319
2021-05-31,Kings,031,150075,23175,22977,1070,24047,244
2021-05-31,Lake,033,64148,3536,3523,9,3532,45
2021-05-31,Lassen,035,31185,5218,5172,113,5285,6
2021-05-31,Los Angeles,037,10098052,1207879,1202567,40823,1243390,24364
2021-05-31,Madera,039,155013,16649,16543,927,17470,240
2021-05-31,Marin,041,260295,14127,14080,254,14334,229
2021-05-31,Mariposa,043,17540,435,430,11,441,5
2021-05-31,Mendocino,045,87422,4036,3961,83,4044,47
2021-05-31,Merced,047,269075,31063,31194,1029,32223,456
2021-05-31,Modoc,049,8938,379,374,130,504,3
2021-05-31,Mono,051,14174,1263,1275,16,1291,3
2021-05-31,Monterey,053,433212,43187,43051,1837,44888,379
2021-05-31,Napa,055,140530,9920,9948,36,9984,82
2021-05-31,Nevada,057,99092,4848,4823,190,5013,72
2021-05-31,Orange,059,3164182,255526,254572,11263,265835,5051
2021-05-31,Placer,061,380077,23376,23019,1494,24513,293
2021-05-31,Plumas,063,18699,710,690,11,701,4
2021-05-31,Riverside,065,2383286,294341,288970,13868,302838,4442
2021-05-31,Sacramento,067,1510023,106552,106278,1743,108021,1644
2021-05-31,San Benito,069,59416,6055,6072,112,6184,63
2021-05-31,San Bernardino,071,2135413,293500,292973,8924,301897,4758
2021-05-31,San Diego,073,3302833,281211,280254,15005,295259,3756
2021-05-31,San Francisco,075,870044,36786,37022,1268,38290,550
2021-05-31,San Joaquin,077,732212,73324,72856,3501,76357,1383
2021-05-31,San Luis Obispo,079,281455,21422,21215,737,21952,256
2021-05-31,San Mateo,081,765935,42372,42389,468,42857,442
2021-05-31,Santa Barbara,083,443738,34467,34369,1115,35484,456
2021-05-31,Santa Clara,085,1922200,118763,119515,750,120265,2057
2021-05-31,Santa Cruz,087,273765,16251,16139,797,16936,207
2021-05-31,Shasta,089,179085,12366,12408,1576,13984,199
2021-05-31,Sierra,091,2930,57,55,12,67,0
2021-05-31,Siskiyou,093,43540,1943,1856,355,2211,21
2021-05-31,Solano,095,438530,32956,32973,553,33526,256
2021-05-31,Sonoma,097,501317,30208,30314,335,30649,322
2021-05-31,Stanislaus,099,539301,56500,56335,5887,62222,973
2021-05-31,Sutter,101,95872,9479,9523,85,9608,111
2021-05-31,Tehama,103,63373,5098,5076,570,5646,63
2021-05-31,Trinity,105,12862,483,328,91,419,3
2021-05-31,Tulare,107,460477,50272,49404,8910,58314,845
2021-05-31,Tuolumne,109,53932,4036,4095,42,4137,63
2021-05-31,Ventura,111,848112,81444,81017,2954,83971,1021
2021-05-31,Yolo,113,214977,14063,14064,239,14303,210
2021-05-31,Yuba,115,75493,6087,6063,123,6186,48
2021-05-30,Alameda,001,1643700,88274,88429,1916,90345,1253
2021-05-30,Alpine,003,1148,87,88,0,88,0
2021-05-30,Amador,005,37829,3678,3685,32,3717,46
2021-05-30,Butte,007,227075,12584,12427,1809,14236,190
2021-05-30,Calaveras,009,45235,2171,2166,13,2179,55
2021-05-30,Colusa,011,21464,1953,1954,312,2266,15
2021-05-30,Contra Costa,013,1133247,69809,69381,1265,70646,813
2021-05-30,Del Norte,015,27424,1420,1393,13,1406,8
2021-05-30,El Dorado,017,186661,10330,10271,743,11014,110
2021-05-30,Fresno,019,978130,102831,102499,8609,111108,1706
2021-05-30,Glenn,021,27897,2437,2422,556,2978,18
2021-05-30,Humboldt,023,135768,4297,4291,38,4329,42
2021-05-30,Imperial,025,180216,28639,28732,2686,31418,736
2021-05-30,Inyo,027,18085,1404,1403,12,1415,35
2021-05-30,Kern,029,883053,97409,96443,10844,107287,1319
2021-05-30,Kings,031,150075,23174,22974,1070,24044,244
2021-05-30,Lake,033,64148,3536,3517,9,3526,45
2021-05-30,Lassen,035,31185,5216,5171,113,5284,6
2021-05-30,Los Angeles,037,10098052,1207764,1202425,40816,1243241,24360
2021-05-30,Madera,039,155013,16645,16538,927,17465,240
2021-05-30,Marin,041,260295,14123,14083,253,14336,229
2021-05-30,Mariposa,043,17540,435,430,11,441,5
2021-05-30,Mendocino,045,87422,4029,3955,83,4038,47
2021-05-30,Merced,047,269075,31059,31189,1028,32217,456
2021-05-30,Modoc,049,8938,379,374,130,504,3
2021-05-30,Mono,051,14174,1263,1275,16,1291,3
2021-05-30,Monterey,053,433212,43184,43049,1837,44886,379
2021-05-30,Napa,055,140530,9919,9948,36,9984,82
2021-05-30,Nevada,057,99092,4842,4818,190,5008,72
2021-05-30,Orange,059,3164182,255503,254559,11262,265821,5051
2021-05-30,Placer,061,380077,23370,23016,1494,24510,293
2021-05-30,Plumas,063,18699,708,690,11,701,4
2021-05-30,Riverside,065,2383286,294320,288961,13866,302827,4442
2021-05-30,Sacramento,067,1510023,106506,106252,1741,107993,1644
2021-05-30,San Benito,069,59416,6055,6072,112,6184,63
2021-05-30,San Bernardino,071,2135413,293474,292981,8923,301904,4758
2021-05-30,San Diego,073,3302833,281155,280209,15000,295209,3756
2021-05-30,San Francisco,075,870044,36767,37016,1268,38284,550
2021-05-30,San Joaquin,077,732212,73307,72853,3500,76353,1383
2021-05-30,San Luis Obispo,079,281455,21413,21211,736,21947,256
2021-05-30,San Mateo,081,765935,42364,42386,468,42854,439
2021-05-30,Santa Barbara,083,443738,34463,34369,1115,35484,456
2021-05-30,Santa Clara,085,1922200,118741,119510,746,120256,2057
2021-05-30,Santa Cruz,087,273765,16249,16140,797,16937,207
2021-05-30,Shasta,089,179085,12364,12408,1573,13981,199
2021-05-30,Sierra,091,2930,57,55,12,67,0
2021-05-30,Siskiyou,093,43540,1943,1856,355,2211,21
2021-05-30,Solano,095,438530,32945,32952,552,33504,256
2021-05-30,Sonoma,097,501317,30191,30310,334,30644,322
2021-05-30,Stanislaus,099,539301,56489,56323,5886,62209,973
2021-05-30,Sutter,101,95872,9478,9519,84,9603,111
2021-05-30,Tehama,103,63373,5098,5073,570,5643,63
2021-05-30,Trinity,105,12862,483,328,91,419,3
2021-05-30,Tulare,107,460477,50265,49397,8902,58299,845
2021-05-30,Tuolumne,109,53932,4036,4094,42,4136,63
2021-05-30,Ventura,111,848112,81440,81012,2953,83965,1021
2021-05-30,Yolo,113,214977,14058,14059,238,14297,210
2021-05-30,Yuba,115,75493,6080,6063,122,6185,48
2021-05-29,Alameda,001,1643700,88251,88433,1914,90347,1253
2021-05-29,Alpine,003,1148,87,88,0,88,0
2021-05-29,Amador,005,37829,3677,3683,32,3715,46
2021-05-29,Butte,007,227075,12578,12425,1809,14234,190
2021-05-29,Calaveras,009,45235,2170,2166,13,2179,55
2021-05-29,Colusa,011,21464,1950,1954,312,2266,15
2021-05-29,Contra Costa,013,1133247,69776,69351,1265,70616,813
2021-05-29,Del Norte,015,27424,1420,1391,13,1404,8
2021-05-29,El Dorado,017,186661,10329,10269,741,11010,110
2021-05-29,Fresno,019,978130,102819,102470,8606,111076,1706
2021-05-29,Glenn,021,27897,2437,2422,555,2977,18
2021-05-29,Humboldt,023,135768,4291,4283,38,4321,42
2021-05-29,Imperial,025,180216,28636,28729,2685,31414,736
2021-05-29,Inyo,027,18085,1404,1404,12,1416,35
2021-05-29,Kern,029,883053,97398,96424,10831,107255,1319
2021-05-29,Kings,031,150075,23173,22970,1069,24039,244
2021-05-29,Lake,033,64148,3536,3515,9,3524,45
2021-05-29,Lassen,035,31185,5216,5171,113,5284,6
2021-05-29,Los Angeles,037,10098052,1207641,1202264,40813,1243077,24359
2021-05-29,Madera,039,155013,16643,16535,927,17462,240
2021-05-29,Marin,041,260295,14119,14071,252,14323,229
2021-05-29,Mariposa,043,17540,434,428,11,439,5
2021-05-29,Mendocino,045,87422,4023,3952,83,4035,47
2021-05-29,Merced,047,269075,31047,31187,1028,32215,456
2021-05-29,Modoc,049,8938,379,374,130,504,3
2021-05-29,Mono,051,14174,1263,1275,16,1291,3
2021-05-29,Monterey,053,433212,43182,43042,1837,44879,379
2021-05-29,Napa,055,140530,9916,9948,36,9984,82
2021-05-29,Nevada,057,99092,4841,4816,190,5006,72
2021-05-29,Orange,059,3164182,255481,254537,11252,265789,5049
2021-05-29,Placer,061,380077,23355,23009,1493,24502,293
2021-05-29,Plumas,063,18699,708,689,11,700,4
2021-05-29,Riverside,065,2383286,294300,288908,13865,302773,4442
2021-05-29,Sacramento,067,1510023,106476,106218,1740,107958,1643
2021-05-29,San Benito,069,59416,6054,6072,112,6184,63
2021-05-29,San Bernardino,071,2135413,293442,292961,8922,301883,4757
2021-05-29,San Diego,073,3302833,281096,280151,14995,295146,3756
2021-05-29,San Francisco,075,870044,36758,37008,1268,38276,550
2021-05-29,San Joaquin,077,732212,73291,72827,3498,76325,1383
2021-05-29,San Luis Obispo,079,281455,21411,21201,736,21937,256
2021-05-29,San Mateo,081,765935,42356,42375,467,42842,439
2021-05-29,Santa Barbara,083,443738,34459,34367,1115,35482,456
2021-05-29,Santa Clara,085,1922200,118717,119498,745,120243,2056
2021-05-29,Santa Cruz,087,273765,16248,16137,797,16934,207
2021-05-29,Shasta,089,179085,12356,12401,1572,13973,199
2021-05-29,Sierra,091,2930,57,55,12,67,0
2021-05-29,Siskiyou,093,43540,1938,1856,355,2211,21
2021-05-29,Solano,095,438530,32936,32917,552,33469,256
2021-05-29,Sonoma,097,501317,30168,30298,333,30631,322
2021-05-29,Stanislaus,099,539301,56471,56305,5884,62189,974
2021-05-29,Sutter,101,95872,9474,9516,84,9600,111
2021-05-29,Tehama,103,63373,5097,5070,570,5640,63
2021-05-29,Trinity,105,12862,483,328,91,419,3
2021-05-29,Tulare,107,460477,50255,49392,8898,58290,845
2021-05-29,Tuolumne,109,53932,4036,4093,42,4135,63
2021-05-29,Ventura,111,848112,81432,81008,2953,83961,1021
2021-05-29,Yolo,113,214977,14057,14055,238,14293,210
2021-05-29,Yuba,115,75493,6080,6059,122,6181,48
2021-05-28,Alameda,001,1643700,88227,88391,1910,90301,1261
2021-05-28,Alpine,003,1148,87,88,0,88,0
2021-05-28,Amador,005,37829,3677,3680,32,3712,46
2021-05-28,Butte,007,227075,12575,12407,1808,14215,190
2021-05-28,Calaveras,009,45235,2169,2165,13,2178,55
2021-05-28,Colusa,011,21464,1950,1954,310,2264,15
2021-05-28,Contra Costa,013,1133247,69740,69290,1264,70554,813
2021-05-28,Del Norte,015,27424,1419,1390,13,1403,8
2021-05-28,El Dorado,017,186661,10326,10265,741,11006,110
2021-05-28,Fresno,019,978130,102804,102437,8606,111043,1705
2021-05-28,Glenn,021,27897,2437,2419,555,2974,18
2021-05-28,Humboldt,023,135768,4284,4265,38,4303,42
2021-05-28,Imperial,025,180216,28633,28722,2685,31407,736
2021-05-28,Inyo,027,18085,1404,1404,12,1416,35
2021-05-28,Kern,029,883053,97381,96396,10823,107219,1320
2021-05-28,Kings,031,150075,23171,22962,1069,24031,244
2021-05-28,Lake,033,64148,3534,3515,9,3524,45
2021-05-28,Lassen,035,31185,5216,5169,113,5282,6
2021-05-28,Los Angeles,037,10098052,1207530,1202103,40803,1242906,24357
2021-05-28,Madera,039,155013,16641,16530,927,17457,240
2021-05-28,Marin,041,260295,14118,14063,251,14314,229
2021-05-28,Mariposa,043,17540,434,428,11,439,5
2021-05-28,Mendocino,045,87422,4018,3947,83,4030,47
2021-05-28,Merced,047,269075,31044,31176,1028,32204,455
2021-05-28,Modoc,049,8938,379,374,130,504,3
2021-05-28,Mono,051,14174,1263,1274,16,1290,3
2021-05-28,Monterey,053,433212,43181,43036,1837,44873,379
2021-05-28,Napa,055,140530,9916,9941,36,9977,82
2021-05-28,Nevada,057,99092,4839,4813,190,5003,71
2021-05-28,Orange,059,3164182,255461,254494,11250,265744,5047
2021-05-28,Placer,061,380077,23345,22987,1491,24478,293
2021-05-28,Plumas,063,18699,706,688,11,699,4
2021-05-28,Riverside,065,2383286,294278,288872,13863,302735,4442
2021-05-28,Sacramento,067,1510023,106420,106131,1738,107869,1642
2021-05-28,San Benito,069,59416,6054,6074,112,6186,63
2021-05-28,San Bernardino,071,2135413,293419,292905,8922,301827,4757
2021-05-28,San Diego,073,3302833,281033,280043,14984,295027,3756
2021-05-28,San Francisco,075,870044,36752,36987,1268,38255,546
2021-05-28,San Joaquin,077,732212,73261,72793,3496,76289,1383
2021-05-28,San Luis Obispo,079,281455,21406,21190,734,21924,256
2021-05-28,San Mateo,081,765935,42350,42364,467,42831,439
2021-05-28,Santa Barbara,083,443738,34458,34371,1115,35486,455
2021-05-28,Santa Clara,085,1922200,118693,119462,745,120207,2056
2021-05-28,Santa Cruz,087,273765,16247,16129,797,16926,207
2021-05-28,Shasta,089,179085,12347,12383,1570,13953,198
2021-05-28,Sierra,091,2930,57,54,12,66,0
2021-05-28,Siskiyou,093,43540,1936,1850,355,2205,19
2021-05-28,Solano,095,438530,32921,32892,552,33444,256
2021-05-28,Sonoma,097,501317,30149,30270,333,30603,321
2021-05-28,Stanislaus,099,539301,56452,56278,5881,62159,974
2021-05-28,Sutter,101,95872,9470,9511,84,9595,111
2021-05-28,Tehama,103,63373,5091,5064,570,5634,63
2021-05-28,Trinity,105,12862,483,328,91,419,3
2021-05-28,Tulare,107,460477,50250,49375,8889,58264,846
2021-05-28,Tuolumne,109,53932,4036,4090,42,4132,63
2021-05-28,Ventura,111,848112,81421,80985,2952,83937,1021
2021-05-28,Yolo,113,214977,14054,14050,237,14287,210
2021-05-28,Yuba,115,75493,6078,6050,121,6171,48
2021-05-27,Alameda,001,1643700,88192,88342,1910,90252,1274
2021-05-27,Alpine,003,1148,87,88,0,88,0
2021-05-27,Amador,005,37829,3674,3680,32,3712,46
2021-05-27,Butte,007,227075,12570,12401,1807,14208,190
2021-05-27,Calaveras,009,45235,2168,2163,13,2176,55
2021-05-27,Colusa,011,21464,1947,1952,310,2262,15
2021-05-27,Contra Costa,013,1133247,69698,69245,1262,70507,813
2021-05-27,Del Norte,015,27424,1419,1388,13,1401,8
2021-05-27,El Dorado,017,186661,10325,10248,741,10989,112
2021-05-27,Fresno,019,978130,102788,102413,8603,111016,1704
2021-05-27,Glenn,021,27897,2437,2415,555,2970,18
2021-05-27,Humboldt,023,135768,4276,4260,38,4298,42
2021-05-27,Imperial,025,180216,28622,28728,2685,31413,736
2021-05-27,Inyo,027,18085,1404,1404,12,1416,35
2021-05-27,Kern,029,883053,97365,96364,10815,107179,1322
2021-05-27,Kings,031,150075,23168,22953,1069,24022,245
2021-05-27,Lake,033,64148,3529,3509,9,3518,45
2021-05-27,Lassen,035,31185,5215,5170,112,5282,6
2021-05-27,Los Angeles,037,10098052,1207360,1201927,40790,1242717,24348
2021-05-27,Madera,039,155013,16632,16527,927,17454,240
2021-05-27,Marin,041,260295,14114,14061,251,14312,229
2021-05-27,Mariposa,043,17540,432,427,11,438,5
2021-05-27,Mendocino,045,87422,4012,3945,83,4028,47
2021-05-27,Merced,047,269075,31032,31161,1028,32189,455
2021-05-27,Modoc,049,8938,378,374,130,504,3
2021-05-27,Mono,051,14174,1263,1276,16,1292,3
2021-05-27,Monterey,053,433212,43175,43032,1837,44869,379
2021-05-27,Napa,055,140530,9915,9934,36,9970,82
2021-05-27,Nevada,057,99092,4835,4807,188,4995,71
2021-05-27,Orange,059,3164182,255424,254438,11246,265684,5059
2021-05-27,Placer,061,380077,23336,22966,1491,24457,293
2021-05-27,Plumas,063,18699,706,687,11,698,4
2021-05-27,Riverside,065,2383286,294242,288835,13858,302693,4443
2021-05-27,Sacramento,067,1510023,106345,106015,1736,107751,1642
2021-05-27,San Benito,069,59416,6053,6074,112,6186,63
2021-05-27,San Bernardino,071,2135413,293383,292755,8920,301675,4756
2021-05-27,San Diego,073,3302833,280959,279960,14970,294930,3756
2021-05-27,San Francisco,075,870044,36746,36980,1265,38245,546
2021-05-27,San Joaquin,077,732212,73229,72714,3493,76207,1388
2021-05-27,San Luis Obispo,079,281455,21401,21171,734,21905,256
2021-05-27,San Mateo,081,765935,42341,42345,467,42812,436
2021-05-27,Santa Barbara,083,443738,34453,34355,1115,35470,456
2021-05-27,Santa Clara,085,1922200,118672,119452,745,120197,2053
2021-05-27,Santa Cruz,087,273765,16245,16134,797,16931,207
2021-05-27,Shasta,089,179085,12337,12380,1570,13950,202
2021-05-27,Sierra,091,2930,57,54,12,66,0
2021-05-27,Siskiyou,093,43540,1933,1846,355,2201,18
2021-05-27,Solano,095,438530,32880,32855,551,33406,257
2021-05-27,Sonoma,097,501317,30122,30253,329,30582,321
2021-05-27,Stanislaus,099,539301,56427,56207,5880,62087,974
2021-05-27,Sutter,101,95872,9466,9501,84,9585,111
2021-05-27,Tehama,103,63373,5088,5064,569,5633,63
2021-05-27,Trinity,105,12862,483,328,91,419,3
2021-05-27,Tulare,107,460477,50236,49366,8880,58246,840
2021-05-27,Tuolumne,109,53932,4035,4090,42,4132,66
2021-05-27,Ventura,111,848112,81408,80965,2949,83914,1023
2021-05-27,Yolo,113,214977,14051,14036,237,14273,213
2021-05-27,Yuba,115,75493,6073,6040,120,6160,48
2021-05-26,Alameda,001,1643700,88163,88297,1910,90207,1266
2021-05-26,Alpine,003,1148,87,88,0,88,0
2021-05-26,Amador,005,37829,3674,3679,32,3711,46
2021-05-26,Butte,007,227075,12561,12332,1806,14138,190
2021-05-26,Calaveras,009,45235,2167,2154,13,2167,55
2021-05-26,Colusa,011,21464,1946,1952,310,2262,15
2021-05-26,Contra Costa,013,1133247,69661,69210,1262,70472,812
2021-05-26,Del Norte,015,27424,1419,1386,12,1398,8
2021-05-26,El Dorado,017,186661,10321,10242,740,10982,112
2021-05-26,Fresno,019,978130,102755,102374,8598,110972,1702
2021-05-26,Glenn,021,27897,2436,2415,555,2970,18
2021-05-26,Humboldt,023,135768,4271,4246,38,4284,42
2021-05-26,Imperial,025,180216,28617,28712,2683,31395,734
2021-05-26,Inyo,027,18085,1404,1403,12,1415,36
2021-05-26,Kern,029,883053,97340,96343,10808,107151,1320
2021-05-26,Kings,031,150075,23164,22950,1068,24018,245
2021-05-26,Lake,033,64148,3528,3508,9,3517,45
2021-05-26,Lassen,035,31185,5214,5164,112,5276,6
2021-05-26,Los Angeles,037,10098052,1207192,1198100,40774,1238874,24221
2021-05-26,Madera,039,155013,16629,16520,927,17447,240
2021-05-26,Marin,041,260295,14111,14061,250,14311,227
2021-05-26,Mariposa,043,17540,432,427,11,438,5
2021-05-26,Mendocino,045,87422,4006,3938,83,4021,47
2021-05-26,Merced,047,269075,31023,31139,1028,32167,455
2021-05-26,Modoc,049,8938,378,371,129,500,3
2021-05-26,Mono,051,14174,1263,1274,16,1290,3
2021-05-26,Monterey,053,433212,43169,43018,1836,44854,379
2021-05-26,Napa,055,140530,9908,9932,34,9966,82
2021-05-26,Nevada,057,99092,4830,4803,188,4991,70
2021-05-26,Orange,059,3164182,255388,254368,11243,265611,5058
2021-05-26,Placer,061,380077,23312,22940,1491,24431,293
2021-05-26,Plumas,063,18699,705,685,11,696,4
2021-05-26,Riverside,065,2383286,294196,288782,13851,302633,4443
2021-05-26,Sacramento,067,1510023,106259,105919,1732,107651,1637
2021-05-26,San Benito,069,59416,6053,6074,112,6186,63
2021-05-26,San Bernardino,071,2135413,293348,292662,8919,301581,4755
2021-05-26,San Diego,073,3302833,280884,279859,14960,294819,3755
2021-05-26,San Francisco,075,870044,36734,36954,1265,38219,546
2021-05-26,San Joaquin,077,732212,73187,72681,3490,76171,1388
2021-05-26,San Luis Obispo,079,281455,21395,21163,734,21897,256
2021-05-26,San Mateo,081,765935,42333,42331,467,42798,436
2021-05-26,Santa Barbara,083,443738,34444,34348,1115,35463,459
2021-05-26,Santa Clara,085,1922200,118645,119421,744,120165,2031
2021-05-26,Santa Cruz,087,273765,16244,16139,797,16936,207
2021-05-26,Shasta,089,179085,12322,12357,1567,13924,202
2021-05-26,Sierra,091,2930,57,54,12,66,0
2021-05-26,Siskiyou,093,43540,1931,1847,353,2200,18
2021-05-26,Solano,095,438530,32844,32831,551,33382,257
2021-05-26,Sonoma,097,501317,30095,30230,329,30559,321
2021-05-26,Stanislaus,099,539301,56405,56193,5878,62071,974
2021-05-26,Sutter,101,95872,9461,9495,84,9579,112
2021-05-26,Tehama,103,63373,5087,5054,566,5620,63
2021-05-26,Trinity,105,12862,483,328,91,419,3
2021-05-26,Tulare,107,460477,50229,49352,8876,58228,839
2021-05-26,Tuolumne,109,53932,4031,4088,41,4129,66
2021-05-26,Ventura,111,848112,81385,80944,2947,83891,1023
2021-05-26,Yolo,113,214977,14048,14025,237,14262,213
2021-05-26,Yuba,115,75493,6068,6036,120,6156,49
2021-05-25,Alameda,001,1643700,88133,88237,1910,90147,1263
2021-05-25,Alpine,003,1148,87,88,0,88,0
2021-05-25,Amador,005,37829,3669,3676,32,3708,46
2021-05-25,Butte,007,227075,12550,12295,1805,14100,189
2021-05-25,Calaveras,009,45235,2165,2148,13,2161,55
2021-05-25,Colusa,011,21464,1945,1949,310,2259,15
2021-05-25,Contra Costa,013,1133247,69609,69167,1257,70424,809
2021-05-25,Del Norte,015,27424,1419,1385,12,1397,8
2021-05-25,El Dorado,017,186661,10314,10240,739,10979,112
2021-05-25,Fresno,019,978130,102734,102329,8596,110925,1701
2021-05-25,Glenn,021,27897,2435,2414,554,2968,17
2021-05-25,Humboldt,023,135768,4264,4231,36,4267,42
2021-05-25,Imperial,025,180216,28610,28586,2683,31269,735
2021-05-25,Inyo,027,18085,1404,1402,12,1414,36
2021-05-25,Kern,029,883053,97309,96319,10794,107113,1319
2021-05-25,Kings,031,150075,23157,22944,1068,24012,245
2021-05-25,Lake,033,64148,3527,3508,9,3517,44
2021-05-25,Lassen,035,31185,5210,5164,112,5276,6
2021-05-25,Los Angeles,037,10098052,1207005,1197940,40756,1238696,24212
2021-05-25,Madera,039,155013,16624,16519,926,17445,240
2021-05-25,Marin,041,260295,14105,14053,250,14303,227
2021-05-25,Mariposa,043,17540,431,427,11,438,5
2021-05-25,Mendocino,045,87422,4001,3928,83,4011,47
2021-05-25,Merced,047,269075,31002,31132,1028,32160,455
2021-05-25,Modoc,049,8938,377,367,129,496,3
2021-05-25,Mono,051,14174,1263,1274,16,1290,3
2021-05-25,Monterey,053,433212,43165,43012,1835,44847,379
2021-05-25,Napa,055,140530,9906,9926,34,9960,82
2021-05-25,Nevada,057,99092,4824,4795,188,4983,70
2021-05-25,Orange,059,3164182,255359,254321,11242,265563,5057
2021-05-25,Placer,061,380077,23301,22920,1489,24409,292
2021-05-25,Plumas,063,18699,705,684,11,695,4
2021-05-25,Riverside,065,2383286,294157,288725,13848,302573,4443
2021-05-25,Sacramento,067,1510023,106178,105828,1729,107557,1633
2021-05-25,San Benito,069,59416,6053,6073,112,6185,63
2021-05-25,San Bernardino,071,2135413,293288,292485,8918,301403,4755
2021-05-25,San Diego,073,3302833,280802,279786,14955,294741,3753
2021-05-25,San Francisco,075,870044,36711,36939,1265,38204,546
2021-05-25,San Joaquin,077,732212,73145,72628,3487,76115,1387
2021-05-25,San Luis Obispo,079,281455,21392,21153,734,21887,256
2021-05-25,San Mateo,081,765935,42323,42268,467,42735,435
2021-05-25,Santa Barbara,083,443738,34441,34337,1115,35452,459
2021-05-25,Santa Clara,085,1922200,118621,119393,743,120136,2032
2021-05-25,Santa Cruz,087,273765,16239,16141,797,16938,207
2021-05-25,Shasta,089,179085,12313,12328,1565,13893,202
2021-05-25,Sierra,091,2930,56,54,12,66,0
2021-05-25,Siskiyou,093,43540,1930,1845,352,2197,18
2021-05-25,Solano,095,438530,32825,32817,550,33367,256
2021-05-25,Sonoma,097,501317,30066,30207,328,30535,321
2021-05-25,Stanislaus,099,539301,56369,56168,5875,62043,974
2021-05-25,Sutter,101,95872,9457,9495,84,9579,112
2021-05-25,Tehama,103,63373,5085,5048,565,5613,63
2021-05-25,Trinity,105,12862,483,328,90,418,3
2021-05-25,Tulare,107,460477,50219,49326,8868,58194,838
2021-05-25,Tuolumne,109,53932,4031,4084,41,4125,66
2021-05-25,Ventura,111,848112,81367,80905,2947,83852,1022
2021-05-25,Yolo,113,214977,14040,14018,235,14253,213
2021-05-25,Yuba,115,75493,6061,6028,120,6148,49
2021-05-24,Alameda,001,1643700,88093,88182,1909,90091,1263
2021-05-24,Alpine,003,1148,87,88,0,88,0
2021-05-24,Amador,005,37829,3667,3675,32,3707,46
2021-05-24,Butte,007,227075,12537,12279,1802,14081,189
2021-05-24,Calaveras,009,45235,2163,2146,13,2159,54
2021-05-24,Colusa,011,21464,1945,1949,310,2259,15
2021-05-24,Contra Costa,013,1133247,69568,69107,1253,70360,809
2021-05-24,Del Norte,015,27424,1418,1384,12,1396,8
2021-05-24,El Dorado,017,186661,10304,10227,738,10965,112
2021-05-24,Fresno,019,978130,102692,102289,8595,110884,1698
2021-05-24,Glenn,021,27897,2435,2413,554,2967,17
2021-05-24,Humboldt,023,135768,4257,4225,36,4261,42
2021-05-24,Imperial,025,180216,28608,28575,2683,31258,735
2021-05-24,Inyo,027,18085,1404,1402,12,1414,36
2021-05-24,Kern,029,883053,97282,96296,10789,107085,1319
2021-05-24,Kings,031,150075,23153,22940,1068,24008,246
2021-05-24,Lake,033,64148,3525,3506,9,3515,43
2021-05-24,Lassen,035,31185,5206,5163,112,5275,6
2021-05-24,Los Angeles,037,10098052,1206833,1197782,40742,1238524,24201
2021-05-24,Madera,039,155013,16620,16513,925,17438,239
2021-05-24,Marin,041,260295,14103,14051,250,14301,227
2021-05-24,Mariposa,043,17540,430,427,11,438,5
2021-05-24,Mendocino,045,87422,3999,3919,83,4002,47
2021-05-24,Merced,047,269075,30992,31128,1027,32155,455
2021-05-24,Modoc,049,8938,377,366,128,494,3
2021-05-24,Mono,051,14174,1263,1270,16,1286,3
2021-05-24,Monterey,053,433212,43160,43005,1834,44839,379
2021-05-24,Napa,055,140530,9906,9924,34,9958,82
2021-05-24,Nevada,057,99092,4821,4790,188,4978,70
2021-05-24,Orange,059,3164182,255325,254287,11232,265519,5056
2021-05-24,Placer,061,380077,23282,22895,1488,24383,292
2021-05-24,Plumas,063,18699,704,683,11,694,4
2021-05-24,Riverside,065,2383286,294100,288669,13838,302507,4442
2021-05-24,Sacramento,067,1510023,106063,105716,1728,107444,1632
2021-05-24,San Benito,069,59416,6053,6072,112,6184,63
2021-05-24,San Bernardino,071,2135413,293248,292343,8917,301260,4747
2021-05-24,San Diego,073,3302833,280694,279715,14945,294660,3749
2021-05-24,San Francisco,075,870044,36691,36934,1263,38197,547
2021-05-24,San Joaquin,077,732212,73113,72586,3487,76073,1371
2021-05-24,San Luis Obispo,079,281455,21374,21146,733,21879,256
2021-05-24,San Mateo,081,765935,42313,42249,467,42716,433
2021-05-24,Santa Barbara,083,443738,34436,34322,1115,35437,459
2021-05-24,Santa Clara,085,1922200,118589,119358,743,120101,2030
2021-05-24,Santa Cruz,087,273765,16233,16135,797,16932,207
2021-05-24,Shasta,089,179085,12296,12315,1562,13877,201
2021-05-24,Sierra,091,2930,56,54,12,66,0
2021-05-24,Siskiyou,093,43540,1927,1840,352,2192,17
2021-05-24,Solano,095,438530,32800,32792,549,33341,254
2021-05-24,Sonoma,097,501317,30051,30187,328,30515,321
2021-05-24,Stanislaus,099,539301,56335,56128,5871,61999,974
2021-05-24,Sutter,101,95872,9451,9486,84,9570,113
2021-05-24,Tehama,103,63373,5082,5043,563,5606,63
2021-05-24,Trinity,105,12862,483,328,90,418,3
2021-05-24,Tulare,107,460477,50212,49318,8864,58182,838
2021-05-24,Tuolumne,109,53932,4031,4083,41,4124,65
2021-05-24,Ventura,111,848112,81354,80876,2945,83821,1022
2021-05-24,Yolo,113,214977,14023,14012,233,14245,213
2021-05-24,Yuba,115,75493,6052,6022,120,6142,49
2021-05-23,Alameda,001,1643700,88030,88157,1906,90063,1263
2021-05-23,Alpine,003,1148,87,88,0,88,0
2021-05-23,Amador,005,37829,3666,3673,32,3705,46
2021-05-23,Butte,007,227075,12523,12271,1801,14072,189
2021-05-23,Calaveras,009,45235,2155,2144,13,2157,54
2021-05-23,Colusa,011,21464,1945,1949,308,2257,15
2021-05-23,Contra Costa,013,1133247,69524,69075,1251,70326,809
2021-05-23,Del Norte,015,27424,1414,1383,12,1395,8
2021-05-23,El Dorado,017,186661,10298,10222,738,10960,112
2021-05-23,Fresno,019,978130,102647,102270,8590,110860,1698
2021-05-23,Glenn,021,27897,2433,2413,554,2967,17
2021-05-23,Humboldt,023,135768,4239,4216,36,4252,42
2021-05-23,Imperial,025,180216,28602,28569,2682,31251,735
2021-05-23,Inyo,027,18085,1404,1402,12,1414,36
2021-05-23,Kern,029,883053,97258,96282,10781,107063,1319
2021-05-23,Kings,031,150075,23140,22939,1066,24005,246
2021-05-23,Lake,033,64148,3522,3504,9,3513,43
2021-05-23,Lassen,035,31185,5202,5163,111,5274,6
2021-05-23,Los Angeles,037,10098052,1206644,1197633,40731,1238364,24197
2021-05-23,Madera,039,155013,16614,16504,925,17429,239
2021-05-23,Marin,041,260295,14094,14048,249,14297,227
2021-05-23,Mariposa,043,17540,430,427,11,438,5
2021-05-23,Mendocino,045,87422,3993,3913,82,3995,47
2021-05-23,Merced,047,269075,30983,31118,1027,32145,455
2021-05-23,Modoc,049,8938,373,366,128,494,3
2021-05-23,Mono,051,14174,1262,1270,16,1286,3
2021-05-23,Monterey,053,433212,43150,43003,1834,44837,379
2021-05-23,Napa,055,140530,9902,9923,34,9957,82
2021-05-23,Nevada,057,99092,4811,4790,188,4978,70
2021-05-23,Orange,059,3164182,255287,254277,11226,265503,5050
2021-05-23,Placer,061,380077,23262,22888,1488,24376,292
2021-05-23,Plumas,063,18699,703,683,11,694,4
2021-05-23,Riverside,065,2383286,294032,288641,13834,302475,4442
2021-05-23,Sacramento,067,1510023,105947,105663,1725,107388,1632
2021-05-23,San Benito,069,59416,6052,6072,112,6184,63
2021-05-23,San Bernardino,071,2135413,293197,292327,8916,301243,4747
2021-05-23,San Diego,073,3302833,280604,279690,14934,294624,3751
2021-05-23,San Francisco,075,870044,36680,36927,1262,38189,547
2021-05-23,San Joaquin,077,732212,73064,72571,3485,76056,1371
2021-05-23,San Luis Obispo,079,281455,21364,21141,732,21873,256
2021-05-23,San Mateo,081,765935,42296,42248,467,42715,433
2021-05-23,Santa Barbara,083,443738,34429,34319,1115,35434,459
2021-05-23,Santa Clara,085,1922200,118565,119333,743,120076,2030
2021-05-23,Santa Cruz,087,273765,16230,16130,797,16927,207
2021-05-23,Shasta,089,179085,12279,12313,1558,13871,201
2021-05-23,Sierra,091,2930,56,54,12,66,0
2021-05-23,Siskiyou,093,43540,1922,1826,345,2171,17
2021-05-23,Solano,095,438530,32782,32780,548,33328,254
2021-05-23,Sonoma,097,501317,30022,30168,327,30495,321
2021-05-23,Stanislaus,099,539301,56287,56104,5868,61972,974
2021-05-23,Sutter,101,95872,9442,9479,84,9563,113
2021-05-23,Tehama,103,63373,5075,5041,561,5602,63
2021-05-23,Trinity,105,12862,483,328,90,418,3
2021-05-23,Tulare,107,460477,50198,49310,8860,58170,838
2021-05-23,Tuolumne,109,53932,4028,4081,41,4122,65
2021-05-23,Ventura,111,848112,81324,80872,2944,83816,1022
2021-05-23,Yolo,113,214977,14011,14004,230,14234,213
2021-05-23,Yuba,115,75493,6047,6017,120,6137,49
2021-05-22,Alameda,001,1643700,88003,88101,1906,90007,1263
2021-05-22,Alpine,003,1148,87,88,0,88,0
2021-05-22,Amador,005,37829,3665,3672,32,3704,46
2021-05-22,Butte,007,227075,12511,12265,1800,14065,189
2021-05-22,Calaveras,009,45235,2151,2141,13,2154,54
2021-05-22,Colusa,011,21464,1941,1949,307,2256,15
2021-05-22,Contra Costa,013,1133247,69491,69004,1250,70254,809
2021-05-22,Del Norte,015,27424,1413,1381,12,1393,8
2021-05-22,El Dorado,017,186661,10293,10215,737,10952,112
2021-05-22,Fresno,019,978130,102633,102238,8588,110826,1698
2021-05-22,Glenn,021,27897,2433,2412,554,2966,17
2021-05-22,Humboldt,023,135768,4230,4194,35,4229,42
2021-05-22,Imperial,025,180216,28593,28574,2682,31256,735
2021-05-22,Inyo,027,18085,1404,1402,12,1414,36
2021-05-22,Kern,029,883053,97246,96260,10774,107034,1319
2021-05-22,Kings,031,150075,23140,22936,1066,24002,246
2021-05-22,Lake,033,64148,3519,3502,9,3511,43
2021-05-22,Lassen,035,31185,5202,5163,111,5274,6
2021-05-22,Los Angeles,037,10098052,1206535,1197454,40723,1238177,24192
2021-05-22,Madera,039,155013,16611,16503,925,17428,239
2021-05-22,Marin,041,260295,14091,14043,249,14292,227
2021-05-22,Mariposa,043,17540,430,427,11,438,5
2021-05-22,Mendocino,045,87422,3987,3908,82,3990,47
2021-05-22,Merced,047,269075,30973,31099,1027,32126,455
2021-05-22,Modoc,049,8938,373,366,128,494,3
2021-05-22,Mono,051,14174,1260,1270,16,1286,3
2021-05-22,Monterey,053,433212,43144,42998,1834,44832,379
2021-05-22,Napa,055,140530,9900,9918,34,9952,82
2021-05-22,Nevada,057,99092,4804,4787,187,4974,70
2021-05-22,Orange,059,3164182,255266,254238,11221,265459,5048
2021-05-22,Placer,061,380077,23248,22865,1487,24352,292
2021-05-22,Plumas,063,18699,702,683,11,694,4
2021-05-22,Riverside,065,2383286,294000,288580,13833,302413,4442
2021-05-22,Sacramento,067,1510023,105872,105551,1722,107273,1632
2021-05-22,San Benito,069,59416,6052,6071,112,6183,63
2021-05-22,San Bernardino,071,2135413,293172,292292,8916,301208,4747
2021-05-22,San Diego,073,3302833,280545,279614,14926,294540,3751
2021-05-22,San Francisco,075,870044,36670,36906,1260,38166,547
2021-05-22,San Joaquin,077,732212,73042,72528,3482,76010,1371
2021-05-22,San Luis Obispo,079,281455,21356,21134,731,21865,256
2021-05-22,San Mateo,081,765935,42286,42218,467,42685,433
2021-05-22,Santa Barbara,083,443738,34425,34313,1114,35427,459
2021-05-22,Santa Clara,085,1922200,118541,119292,743,120035,2030
2021-05-22,Santa Cruz,087,273765,16230,16125,797,16922,207
2021-05-22,Shasta,089,179085,12272,12307,1555,13862,201
2021-05-22,Sierra,091,2930,56,54,12,66,0
2021-05-22,Siskiyou,093,43540,1921,1824,344,2168,17
2021-05-22,Solano,095,438530,32769,32753,548,33301,254
2021-05-22,Sonoma,097,501317,30010,30154,327,30481,321
2021-05-22,Stanislaus,099,539301,56264,56069,5867,61936,974
2021-05-22,Sutter,101,95872,9437,9476,84,9560,113
2021-05-22,Tehama,103,63373,5074,5036,561,5597,63
2021-05-22,Trinity,105,12862,483,328,90,418,3
2021-05-22,Tulare,107,460477,50193,49299,8855,58154,838
2021-05-22,Tuolumne,109,53932,4028,4078,41,4119,65
2021-05-22,Ventura,111,848112,81320,80859,2944,83803,1022
2021-05-22,Yolo,113,214977,14009,13997,230,14227,213
2021-05-22,Yuba,115,75493,6044,6010,120,6130,49
2021-05-21,Alameda,001,1643700,87977,88041,1905,89946,1263
2021-05-21,Alpine,003,1148,87,88,0,88,0
2021-05-21,Amador,005,37829,3662,3672,32,3704,46
2021-05-21,Butte,007,227075,12505,12236,1798,14034,188
2021-05-21,Calaveras,009,45235,2149,2138,13,2151,54
2021-05-21,Colusa,011,21464,1941,1947,307,2254,15
2021-05-21,Contra Costa,013,1133247,69448,68965,1249,70214,810
2021-05-21,Del Norte,015,27424,1412,1376,12,1388,8
2021-05-21,El Dorado,017,186661,10289,10204,737,10941,112
2021-05-21,Fresno,019,978130,102605,102189,8586,110775,1698
2021-05-21,Glenn,021,27897,2432,2408,554,2962,17
2021-05-21,Humboldt,023,135768,4223,4175,35,4210,42
2021-05-21,Imperial,025,180216,28586,28572,2681,31253,732
2021-05-21,Inyo,027,18085,1404,1402,12,1414,36
2021-05-21,Kern,029,883053,97232,96233,10767,107000,1318
2021-05-21,Kings,031,150075,23140,22927,1066,23993,246
2021-05-21,Lake,033,64148,3517,3500,9,3509,43
2021-05-21,Lassen,035,31185,5201,5161,111,5272,6
2021-05-21,Los Angeles,037,10098052,1206417,1197263,40715,1237978,24180
2021-05-21,Madera,039,155013,16610,16500,924,17424,238
2021-05-21,Marin,041,260295,14086,14042,249,14291,227
2021-05-21,Mariposa,043,17540,429,427,11,438,5
2021-05-21,Mendocino,045,87422,3982,3897,82,3979,47
2021-05-21,Merced,047,269075,30965,31076,1027,32103,455
2021-05-21,Modoc,049,8938,373,365,128,493,3
2021-05-21,Mono,051,14174,1260,1269,16,1285,3
2021-05-21,Monterey,053,433212,43142,42995,1834,44829,379
2021-05-21,Napa,055,140530,9896,9913,34,9947,82
2021-05-21,Nevada,057,99092,4803,4779,187,4966,70
2021-05-21,Orange,059,3164182,255246,254171,11219,265390,5042
2021-05-21,Placer,061,380077,23239,22853,1487,24340,292
2021-05-21,Plumas,063,18699,702,683,10,693,4
2021-05-21,Riverside,065,2383286,293973,288499,13826,302325,4442
2021-05-21,Sacramento,067,1510023,105805,105476,1719,107195,1632
2021-05-21,San Benito,069,59416,6052,6068,112,6180,63
2021-05-21,San Bernardino,071,2135413,293140,292205,8914,301119,4744
2021-05-21,San Diego,073,3302833,280472,279554,14916,294470,3748
2021-05-21,San Francisco,075,870044,36665,36879,1260,38139,546
2021-05-21,San Joaquin,077,732212,73022,72467,3480,75947,1371
2021-05-21,San Luis Obispo,079,281455,21350,21128,728,21856,256
2021-05-21,San Mateo,081,765935,42273,42163,466,42629,432
2021-05-21,Santa Barbara,083,443738,34420,34302,1114,35416,459
2021-05-21,Santa Clara,085,1922200,118514,119247,743,119990,2029
2021-05-21,Santa Cruz,087,273765,16226,16120,797,16917,207
2021-05-21,Shasta,089,179085,12255,12289,1553,13842,201
2021-05-21,Sierra,091,2930,56,54,12,66,0
2021-05-21,Siskiyou,093,43540,1920,1815,344,2159,16
2021-05-21,Solano,095,438530,32754,32742,548,33290,254
2021-05-21,Sonoma,097,501317,29997,30126,327,30453,321
2021-05-21,Stanislaus,099,539301,56235,56036,5865,61901,975
2021-05-21,Sutter,101,95872,9435,9470,84,9554,113
2021-05-21,Tehama,103,63373,5068,5030,561,5591,63
2021-05-21,Trinity,105,12862,483,329,89,418,3
2021-05-21,Tulare,107,460477,50188,49271,8853,58124,838
2021-05-21,Tuolumne,109,53932,4026,4079,41,4120,65
2021-05-21,Ventura,111,848112,81312,80821,2941,83762,1021
2021-05-21,Yolo,113,214977,14003,13983,230,14213,213
2021-05-21,Yuba,115,75493,6038,6006,120,6126,49
2021-05-20,Alameda,001,1643700,87934,87975,1904,89879,1264
2021-05-20,Alpine,003,1148,87,88,0,88,0
2021-05-20,Amador,005,37829,3661,3671,32,3703,46
2021-05-20,Butte,007,227075,12498,12220,1795,14015,188
2021-05-20,Calaveras,009,45235,2145,2138,13,2151,54
2021-05-20,Colusa,011,21464,1940,1946,305,2251,15
2021-05-20,Contra Costa,013,1133247,69403,68913,1247,70160,809
2021-05-20,Del Norte,015,27424,1412,1373,12,1385,8
2021-05-20,El Dorado,017,186661,10279,10188,737,10925,112
2021-05-20,Fresno,019,978130,102583,102135,8584,110719,1696
2021-05-20,Glenn,021,27897,2429,2406,554,2960,17
2021-05-20,Humboldt,023,135768,4206,4162,34,4196,42
2021-05-20,Imperial,025,180216,28581,28551,2681,31232,732
2021-05-20,Inyo,027,18085,1404,1402,12,1414,36
2021-05-20,Kern,029,883053,97211,96204,10760,106964,1317
2021-05-20,Kings,031,150075,23138,22922,1066,23988,246
2021-05-20,Lake,033,64148,3514,3500,9,3509,43
2021-05-20,Lassen,035,31185,5199,5160,110,5270,6
2021-05-20,Los Angeles,037,10098052,1206261,1197073,40705,1237778,24168
2021-05-20,Madera,039,155013,16604,16499,922,17421,238
2021-05-20,Marin,041,260295,14082,14036,248,14284,227
2021-05-20,Mariposa,043,17540,429,426,11,437,5
2021-05-20,Mendocino,045,87422,3975,3897,82,3979,47
2021-05-20,Merced,047,269075,30952,31046,1026,32072,454
2021-05-20,Modoc,049,8938,373,365,128,493,3
2021-05-20,Mono,051,14174,1259,1269,16,1285,3
2021-05-20,Monterey,053,433212,43136,42984,1833,44817,379
2021-05-20,Napa,055,140530,9893,9913,34,9947,82
2021-05-20,Nevada,057,99092,4802,4775,187,4962,70
2021-05-20,Orange,059,3164182,255203,254127,11216,265343,5038
2021-05-20,Placer,061,380077,23226,22823,1486,24309,292
2021-05-20,Plumas,063,18699,700,682,10,692,4
2021-05-20,Riverside,065,2383286,293925,288453,13821,302274,4442
2021-05-20,Sacramento,067,1510023,105709,105414,1716,107130,1629
2021-05-20,San Benito,069,59416,6051,6067,112,6179,63
2021-05-20,San Bernardino,071,2135413,293094,292153,8913,301066,4728
2021-05-20,San Diego,073,3302833,280384,279490,14904,294394,3749
2021-05-20,San Francisco,075,870044,36656,36860,1260,38120,546
2021-05-20,San Joaquin,077,732212,72984,72388,3478,75866,1371
2021-05-20,San Luis Obispo,079,281455,21338,21095,726,21821,256
2021-05-20,San Mateo,081,765935,42259,42152,464,42616,432
2021-05-20,Santa Barbara,083,443738,34416,34293,1114,35407,459
2021-05-20,Santa Clara,085,1922200,118493,119222,743,119965,2029
2021-05-20,Santa Cruz,087,273765,16221,16119,797,16916,207
2021-05-20,Shasta,089,179085,12242,12266,1550,13816,200
2021-05-20,Sierra,091,2930,56,54,12,66,0
2021-05-20,Siskiyou,093,43540,1913,1811,343,2154,16
2021-05-20,Solano,095,438530,32739,32725,548,33273,253
2021-05-20,Sonoma,097,501317,29980,30107,326,30433,321
2021-05-20,Stanislaus,099,539301,56209,55979,5863,61842,970
2021-05-20,Sutter,101,95872,9431,9467,84,9551,113
2021-05-20,Tehama,103,63373,5066,5029,561,5590,63
2021-05-20,Trinity,105,12862,483,329,88,417,3
2021-05-20,Tulare,107,460477,50177,49217,8850,58067,837
2021-05-20,Tuolumne,109,53932,4025,4077,41,4118,65
2021-05-20,Ventura,111,848112,81301,80800,2941,83741,1019
2021-05-20,Yolo,113,214977,13998,13973,230,14203,211
2021-05-20,Yuba,115,75493,6029,6002,120,6122,49
2021-05-19,Alameda,001,1643700,87895,87889,1903,89792,1260
2021-05-19,Alpine,003,1148,87,88,0,88,0
2021-05-19,Amador,005,37829,3661,3669,32,3701,46
2021-05-19,Butte,007,227075,12487,12198,1795,13993,188
2021-05-19,Calaveras,009,45235,2141,2132,13,2145,54
2021-05-19,Colusa,011,21464,1940,1945,303,2248,15
2021-05-19,Contra Costa,013,1133247,69356,68836,1247,70083,808
2021-05-19,Del Norte,015,27424,1410,1371,12,1383,8
2021-05-19,El Dorado,017,186661,10274,10179,736,10915,112
2021-05-19,Fresno,019,978130,102553,102085,8581,110666,1693
2021-05-19,Glenn,021,27897,2429,2404,554,2958,17
2021-05-19,Humboldt,023,135768,4196,4143,34,4177,42
2021-05-19,Imperial,025,180216,28572,28550,2681,31231,732
2021-05-19,Inyo,027,18085,1404,1402,12,1414,36
2021-05-19,Kern,029,883053,97182,96173,10753,106926,1316
2021-05-19,Kings,031,150075,23132,22919,1066,23985,246
2021-05-19,Lake,033,64148,3514,3497,9,3506,43
2021-05-19,Lassen,035,31185,5198,5157,110,5267,6
2021-05-19,Los Angeles,037,10098052,1206064,1196856,40691,1237547,24143
2021-05-19,Madera,039,155013,16601,16496,922,17418,238
2021-05-19,Marin,041,260295,14078,14033,246,14279,227
2021-05-19,Mariposa,043,17540,429,425,11,436,5
2021-05-19,Mendocino,045,87422,3971,3886,82,3968,47
2021-05-19,Merced,047,269075,30936,31044,1026,32070,452
2021-05-19,Modoc,049,8938,373,364,125,489,3
2021-05-19,Mono,051,14174,1259,1266,16,1282,3
2021-05-19,Monterey,053,433212,43131,42973,1832,44805,379
2021-05-19,Napa,055,140530,9890,9906,34,9940,82
2021-05-19,Nevada,057,99092,4800,4769,187,4956,70
2021-05-19,Orange,059,3164182,255166,254087,11206,265293,5035
2021-05-19,Placer,061,380077,23207,22784,1481,24265,291
2021-05-19,Plumas,063,18699,700,682,10,692,4
2021-05-19,Riverside,065,2383286,293879,288398,13819,302217,4442
2021-05-19,Sacramento,067,1510023,105631,105225,1715,106940,1629
2021-05-19,San Benito,069,59416,6050,6064,112,6176,63
2021-05-19,San Bernardino,071,2135413,293050,292078,8910,300988,4725
2021-05-19,San Diego,073,3302833,280299,279345,14883,294228,3746
2021-05-19,San Francisco,075,870044,36643,36835,1259,38094,546
2021-05-19,San Joaquin,077,732212,72941,72338,3473,75811,1369
2021-05-19,San Luis Obispo,079,281455,21330,21085,725,21810,256
2021-05-19,San Mateo,081,765935,42252,42126,464,42590,429
2021-05-19,Santa Barbara,083,443738,34408,34292,1114,35406,459
2021-05-19,Santa Clara,085,1922200,118453,119176,742,119918,2015
2021-05-19,Santa Cruz,087,273765,16217,16121,796,16917,207
2021-05-19,Shasta,089,179085,12224,12233,1547,13780,200
2021-05-19,Sierra,091,2930,56,54,12,66,0
2021-05-19,Siskiyou,093,43540,1910,1803,342,2145,16
2021-05-19,Solano,095,438530,32712,32678,546,33224,253
2021-05-19,Sonoma,097,501317,29965,30080,326,30406,321
2021-05-19,Stanislaus,099,539301,56190,55912,5858,61770,967
2021-05-19,Sutter,101,95872,9424,9459,83,9542,113
2021-05-19,Tehama,103,63373,5057,5026,557,5583,63
2021-05-19,Trinity,105,12862,483,329,88,417,3
2021-05-19,Tulare,107,460477,50164,49163,8845,58008,837
2021-05-19,Tuolumne,109,53932,4025,4074,41,4115,64
2021-05-19,Ventura,111,848112,81286,80747,2940,83687,1019
2021-05-19,Yolo,113,214977,13991,13961,229,14190,211
2021-05-19,Yuba,115,75493,6025,5993,120,6113,49
2021-05-18,Alameda,001,1643700,87821,87816,1903,89719,1254
2021-05-18,Alpine,003,1148,87,88,0,88,0
2021-05-18,Amador,005,37829,3661,3669,32,3701,46
2021-05-18,Butte,007,227075,12474,12164,1792,13956,191
2021-05-18,Calaveras,009,45235,2137,2131,13,2144,54
2021-05-18,Colusa,011,21464,1940,1943,303,2246,14
2021-05-18,Contra Costa,013,1133247,69299,68750,1246,69996,808
2021-05-18,Del Norte,015,27424,1407,1371,12,1383,8
2021-05-18,El Dorado,017,186661,10263,10169,735,10904,112
2021-05-18,Fresno,019,978130,102517,102056,8578,110634,1690
2021-05-18,Glenn,021,27897,2423,2403,553,2956,17
2021-05-18,Humboldt,023,135768,4178,4132,34,4166,42
2021-05-18,Imperial,025,180216,28567,28538,2679,31217,730
2021-05-18,Inyo,027,18085,1404,1401,12,1413,36
2021-05-18,Kern,029,883053,97149,96128,10739,106867,1315
2021-05-18,Kings,031,150075,23126,22916,1066,23982,247
2021-05-18,Lake,033,64148,3512,3495,9,3504,43
2021-05-18,Lassen,035,31185,5197,5157,109,5266,6
2021-05-18,Los Angeles,037,10098052,1205884,1196668,40680,1237348,24133
2021-05-18,Madera,039,155013,16591,16491,921,17412,238
2021-05-18,Marin,041,260295,14075,14026,246,14272,227
2021-05-18,Mariposa,043,17540,429,424,11,435,5
2021-05-18,Mendocino,045,87422,3959,3877,81,3958,47
2021-05-18,Merced,047,269075,30917,31036,1026,32062,452
2021-05-18,Modoc,049,8938,372,364,124,488,3
2021-05-18,Mono,051,14174,1258,1265,16,1281,3
2021-05-18,Monterey,053,433212,43125,43001,1832,44833,379
2021-05-18,Napa,055,140530,9890,9905,34,9939,82
2021-05-18,Nevada,057,99092,4793,4762,187,4949,70
2021-05-18,Orange,059,3164182,255125,254041,11196,265237,5031
2021-05-18,Placer,061,380077,23174,22726,1477,24203,291
2021-05-18,Plumas,063,18699,700,682,10,692,4
2021-05-18,Riverside,065,2383286,293824,288354,13812,302166,4438
2021-05-18,Sacramento,067,1510023,105529,105083,1713,106796,1629
2021-05-18,San Benito,069,59416,6049,6065,112,6177,63
2021-05-18,San Bernardino,071,2135413,292992,292014,8905,300919,4722
2021-05-18,San Diego,073,3302833,280191,279254,14874,294128,3742
2021-05-18,San Francisco,075,870044,36623,36818,1259,38077,546
2021-05-18,San Joaquin,077,732212,72894,72282,3469,75751,1368
2021-05-18,San Luis Obispo,079,281455,21320,21080,723,21803,256
2021-05-18,San Mateo,081,765935,42240,42099,463,42562,428
2021-05-18,Santa Barbara,083,443738,34399,34278,1114,35392,459
2021-05-18,Santa Clara,085,1922200,118426,119171,742,119913,2014
2021-05-18,Santa Cruz,087,273765,16209,16137,796,16933,207
2021-05-18,Shasta,089,179085,12206,12197,1541,13738,200
2021-05-18,Sierra,091,2930,56,54,12,66,0
2021-05-18,Siskiyou,093,43540,1909,1799,342,2141,16
2021-05-18,Solano,095,438530,32687,32644,546,33190,253
2021-05-18,Sonoma,097,501317,29945,30054,325,30379,321
2021-05-18,Stanislaus,099,539301,56154,55860,5858,61718,959
2021-05-18,Sutter,101,95872,9416,9453,83,9536,113
2021-05-18,Tehama,103,63373,5051,5020,555,5575,63
2021-05-18,Trinity,105,12862,483,329,87,416,3
2021-05-18,Tulare,107,460477,50156,49142,8840,57982,836
2021-05-18,Tuolumne,109,53932,4023,4073,41,4114,64
2021-05-18,Ventura,111,848112,81270,80726,2938,83664,1017
2021-05-18,Yolo,113,214977,13984,13951,228,14179,211
2021-05-18,Yuba,115,75493,6021,5989,120,6109,49
2021-05-17,Alameda,001,1643700,87768,87766,1900,89666,1253
2021-05-17,Alpine,003,1148,87,88,0,88,0
2021-05-17,Amador,005,37829,3658,3668,32,3700,46
2021-05-17,Butte,007,227075,12466,12144,1792,13936,192
2021-05-17,Calaveras,009,45235,2137,2131,13,2144,53
2021-05-17,Colusa,011,21464,1940,1943,303,2246,14
2021-05-17,Contra Costa,013,1133247,69244,68720,1245,69965,805
2021-05-17,Del Norte,015,27424,1402,1369,12,1381,8
2021-05-17,El Dorado,017,186661,10246,10163,735,10898,112
2021-05-17,Fresno,019,978130,102473,102013,8570,110583,1690
2021-05-17,Glenn,021,27897,2423,2401,553,2954,17
2021-05-17,Humboldt,023,135768,4167,4112,34,4146,42
2021-05-17,Imperial,025,180216,28561,28533,2677,31210,729
2021-05-17,Inyo,027,18085,1404,1401,12,1413,36
2021-05-17,Kern,029,883053,97120,96095,10722,106817,1315
2021-05-17,Kings,031,150075,23123,22918,1066,23984,246
2021-05-17,Lake,033,64148,3507,3489,9,3498,43
2021-05-17,Lassen,035,31185,5194,5156,108,5264,6
2021-05-17,Los Angeles,037,10098052,1205703,1196556,40674,1237230,24123
2021-05-17,Madera,039,155013,16584,16486,921,17407,238
2021-05-17,Marin,041,260295,14069,14021,246,14267,227
2021-05-17,Mariposa,043,17540,428,423,11,434,5
2021-05-17,Mendocino,045,87422,3950,3868,81,3949,46
2021-05-17,Merced,047,269075,30902,31031,1026,32057,450
2021-05-17,Modoc,049,8938,371,362,124,486,3
2021-05-17,Mono,051,14174,1254,1265,16,1281,3
2021-05-17,Monterey,053,433212,43118,42995,1832,44827,379
2021-05-17,Napa,055,140530,9889,9894,34,9928,82
2021-05-17,Nevada,057,99092,4789,4761,186,4947,70
2021-05-17,Orange,059,3164182,255078,253993,11189,265182,5031
2021-05-17,Placer,061,380077,23151,22706,1470,24176,289
2021-05-17,Plumas,063,18699,700,682,10,692,4
2021-05-17,Riverside,065,2383286,293755,288304,13808,302112,4433
2021-05-17,Sacramento,067,1510023,105421,105035,1711,106746,1629
2021-05-17,San Benito,069,59416,6046,6067,112,6179,63
2021-05-17,San Bernardino,071,2135413,292942,291989,8897,300886,4724
2021-05-17,San Diego,073,3302833,280059,279146,14852,293998,3742
2021-05-17,San Francisco,075,870044,36611,36816,1257,38073,546
2021-05-17,San Joaquin,077,732212,72856,72234,3466,75700,1359
2021-05-17,San Luis Obispo,079,281455,21311,21079,721,21800,256
2021-05-17,San Mateo,081,765935,42212,42083,463,42546,428
2021-05-17,Santa Barbara,083,443738,34392,34275,1114,35389,459
2021-05-17,Santa Clara,085,1922200,118389,119116,740,119856,2015
2021-05-17,Santa Cruz,087,273765,16206,16151,796,16947,206
2021-05-17,Shasta,089,179085,12184,12163,1540,13703,200
2021-05-17,Sierra,091,2930,56,54,12,66,0
2021-05-17,Siskiyou,093,43540,1900,1795,339,2134,15
2021-05-17,Solano,095,438530,32669,32627,545,33172,253
2021-05-17,Sonoma,097,501317,29922,30043,324,30367,321
2021-05-17,Stanislaus,099,539301,56107,55839,5851,61690,951
2021-05-17,Sutter,101,95872,9409,9447,83,9530,113
2021-05-17,Tehama,103,63373,5047,5016,554,5570,63
2021-05-17,Trinity,105,12862,483,328,87,415,3
2021-05-17,Tulare,107,460477,50134,49107,8835,57942,836
2021-05-17,Tuolumne,109,53932,4023,4071,41,4112,64
2021-05-17,Ventura,111,848112,81250,80699,2938,83637,1017
2021-05-17,Yolo,113,214977,13977,13941,228,14169,211
2021-05-17,Yuba,115,75493,6013,5987,120,6107,49
2021-05-16,Alameda,001,1643700,87704,87743,1900,89643,1253
2021-05-16,Alpine,003,1148,87,88,0,88,0
2021-05-16,Amador,005,37829,3657,3667,32,3699,46
2021-05-16,Butte,007,227075,12452,12140,1791,13931,192
2021-05-16,Calaveras,009,45235,2135,2129,13,2142,53
2021-05-16,Colusa,011,21464,1938,1943,303,2246,14
2021-05-16,Contra Costa,013,1133247,69176,68694,1243,69937,805
2021-05-16,Del Norte,015,27424,1399,1365,12,1377,8
2021-05-16,El Dorado,017,186661,10230,10159,734,10893,112
2021-05-16,Fresno,019,978130,102429,101987,8564,110551,1690
2021-05-16,Glenn,021,27897,2423,2401,552,2953,17
2021-05-16,Humboldt,023,135768,4153,4104,34,4138,42
2021-05-16,Imperial,025,180216,28550,28516,2676,31192,729
2021-05-16,Inyo,027,18085,1404,1401,12,1413,36
2021-05-16,Kern,029,883053,97087,96083,10702,106785,1315
2021-05-16,Kings,031,150075,23119,22918,1063,23981,246
2021-05-16,Lake,033,64148,3504,3489,9,3498,43
2021-05-16,Lassen,035,31185,5193,5156,108,5264,6
2021-05-16,Los Angeles,037,10098052,1205477,1196397,40658,1237055,24120
2021-05-16,Madera,039,155013,16579,16483,918,17401,238
2021-05-16,Marin,041,260295,14066,14015,246,14261,227
2021-05-16,Mariposa,043,17540,428,423,11,434,5
2021-05-16,Mendocino,045,87422,3940,3863,81,3944,46
2021-05-16,Merced,047,269075,30881,31023,1024,32047,450
2021-05-16,Modoc,049,8938,371,362,124,486,3
2021-05-16,Mono,051,14174,1254,1265,16,1281,3
2021-05-16,Monterey,053,433212,43113,42991,1832,44823,379
2021-05-16,Napa,055,140530,9886,9891,34,9925,82
2021-05-16,Nevada,057,99092,4785,4755,186,4941,70
2021-05-16,Orange,059,3164182,255046,253962,11186,265148,5031
2021-05-16,Placer,061,380077,23119,22696,1464,24160,289
2021-05-16,Plumas,063,18699,699,682,10,692,4
2021-05-16,Riverside,065,2383286,293679,288259,13800,302059,4433
2021-05-16,Sacramento,067,1510023,105307,105013,1709,106722,1628
2021-05-16,San Benito,069,59416,6045,6067,111,6178,63
2021-05-16,San Bernardino,071,2135413,292870,291940,8895,300835,4724
2021-05-16,San Diego,073,3302833,279941,279099,14839,293938,3742
2021-05-16,San Francisco,075,870044,36588,36808,1256,38064,546
2021-05-16,San Joaquin,077,732212,72807,72218,3461,75679,1359
2021-05-16,San Luis Obispo,079,281455,21303,21072,720,21792,256
2021-05-16,San Mateo,081,765935,42201,42063,462,42525,428
2021-05-16,Santa Barbara,083,443738,34385,34270,1114,35384,459
2021-05-16,Santa Clara,085,1922200,118360,119098,739,119837,2015
2021-05-16,Santa Cruz,087,273765,16204,16143,796,16939,206
2021-05-16,Shasta,089,179085,12168,12156,1536,13692,200
2021-05-16,Sierra,091,2930,56,54,12,66,0
2021-05-16,Siskiyou,093,43540,1896,1790,338,2128,15
2021-05-16,Solano,095,438530,32636,32619,543,33162,253
2021-05-16,Sonoma,097,501317,29903,30033,324,30357,321
2021-05-16,Stanislaus,099,539301,56056,55814,5840,61654,951
2021-05-16,Sutter,101,95872,9402,9445,83,9528,113
2021-05-16,Tehama,103,63373,5043,5013,553,5566,63
2021-05-16,Trinity,105,12862,483,328,87,415,3
2021-05-16,Tulare,107,460477,50117,49091,8832,57923,837
2021-05-16,Tuolumne,109,53932,4019,4070,41,4111,64
2021-05-16,Ventura,111,848112,81219,80689,2938,83627,1017
2021-05-16,Yolo,113,214977,13962,13938,228,14166,211
2021-05-16,Yuba,115,75493,6010,5987,120,6107,49
2021-05-15,Alameda,001,1643700,87678,87677,1899,89576,1252
2021-05-15,Alpine,003,1148,87,88,0,88,0
2021-05-15,Amador,005,37829,3657,3666,32,3698,46
2021-05-15,Butte,007,227075,12445,12095,1790,13885,192
2021-05-15,Calaveras,009,45235,2134,2126,13,2139,53
2021-05-15,Colusa,011,21464,1938,1941,301,2242,14
2021-05-15,Contra Costa,013,1133247,69130,68658,1243,69901,805
2021-05-15,Del Norte,015,27424,1394,1359,12,1371,8
2021-05-15,El Dorado,017,186661,10218,10156,733,10889,112
2021-05-15,Fresno,019,978130,102392,101957,8562,110519,1690
2021-05-15,Glenn,021,27897,2423,2400,552,2952,17
2021-05-15,Humboldt,023,135768,4143,4080,34,4114,42
2021-05-15,Imperial,025,180216,28547,28504,2675,31179,729
2021-05-15,Inyo,027,18085,1404,1402,12,1414,36
2021-05-15,Kern,029,883053,97073,96061,10688,106749,1315
2021-05-15,Kings,031,150075,23118,22913,1063,23976,246
2021-05-15,Lake,033,64148,3503,3485,9,3494,43
2021-05-15,Lassen,035,31185,5190,5156,107,5263,6
2021-05-15,Los Angeles,037,10098052,1205354,1196255,40645,1236900,24115
2021-05-15,Madera,039,155013,16576,16482,918,17400,238
2021-05-15,Marin,041,260295,14062,14012,246,14258,227
2021-05-15,Mariposa,043,17540,428,423,11,434,5
2021-05-15,Mendocino,045,87422,3937,3861,81,3942,46
2021-05-15,Merced,047,269075,30860,31012,1024,32036,450
2021-05-15,Modoc,049,8938,371,362,124,486,3
2021-05-15,Mono,051,14174,1254,1265,16,1281,3
2021-05-15,Monterey,053,433212,43109,42982,1832,44814,379
2021-05-15,Napa,055,140530,9883,9887,34,9921,82
2021-05-15,Nevada,057,99092,4784,4755,186,4941,70
2021-05-15,Orange,059,3164182,255019,253919,11179,265098,5030
2021-05-15,Placer,061,380077,23098,22688,1464,24152,289
2021-05-15,Plumas,063,18699,699,681,10,691,4
2021-05-15,Riverside,065,2383286,293637,288203,13795,301998,4433
2021-05-15,Sacramento,067,1510023,105235,104929,1706,106635,1628
2021-05-15,San Benito,069,59416,6045,6066,111,6177,63
2021-05-15,San Bernardino,071,2135413,292828,291892,8893,300785,4724
2021-05-15,San Diego,073,3302833,279870,278991,14824,293815,3737
2021-05-15,San Francisco,075,870044,36572,36795,1254,38049,546
2021-05-15,San Joaquin,077,732212,72781,72197,3459,75656,1359
2021-05-15,San Luis Obispo,079,281455,21300,21061,719,21780,256
2021-05-15,San Mateo,081,765935,42185,42059,462,42521,428
2021-05-15,Santa Barbara,083,443738,34377,34259,1114,35373,459
2021-05-15,Santa Clara,085,1922200,118339,119060,739,119799,2016
2021-05-15,Santa Cruz,087,273765,16200,16137,796,16933,206
2021-05-15,Shasta,089,179085,12156,12152,1533,13685,200
2021-05-15,Sierra,091,2930,56,54,12,66,0
2021-05-15,Siskiyou,093,43540,1890,1788,336,2124,15
2021-05-15,Solano,095,438530,32627,32604,542,33146,253
2021-05-15,Sonoma,097,501317,29884,30020,324,30344,321
2021-05-15,Stanislaus,099,539301,56025,55795,5833,61628,952
2021-05-15,Sutter,101,95872,9400,9436,83,9519,113
2021-05-15,Tehama,103,63373,5039,5012,552,5564,63
2021-05-15,Trinity,105,12862,483,328,87,415,3
2021-05-15,Tulare,107,460477,50107,49080,8828,57908,837
2021-05-15,Tuolumne,109,53932,4017,4064,41,4105,63
2021-05-15,Ventura,111,848112,81208,80662,2938,83600,1017
2021-05-15,Yolo,113,214977,13955,13932,227,14159,211
2021-05-15,Yuba,115,75493,6007,5979,119,6098,49
2021-05-14,Alameda,001,1643700,87644,87621,1897,89518,1249
2021-05-14,Alpine,003,1148,87,88,0,88,0
2021-05-14,Amador,005,37829,3657,3665,32,3697,46
2021-05-14,Butte,007,227075,12436,12076,1787,13863,192
2021-05-14,Calaveras,009,45235,2130,2121,13,2134,53
2021-05-14,Colusa,011,21464,1937,1940,300,2240,14
2021-05-14,Contra Costa,013,1133247,69088,68589,1241,69830,806
2021-05-14,Del Norte,015,27424,1394,1355,12,1367,8
2021-05-14,El Dorado,017,186661,10211,10143,732,10875,113
2021-05-14,Fresno,019,978130,102363,101917,8556,110473,1688
2021-05-14,Glenn,021,27897,2422,2398,552,2950,17
2021-05-14,Humboldt,023,135768,4136,4050,34,4084,37
2021-05-14,Imperial,025,180216,28540,28485,2674,31159,728
2021-05-14,Inyo,027,18085,1404,1400,12,1412,36
2021-05-14,Kern,029,883053,97043,96033,10679,106712,1311
2021-05-14,Kings,031,150075,23117,22910,1063,23973,246
2021-05-14,Lake,033,64148,3499,3483,9,3492,43
2021-05-14,Lassen,035,31185,5190,5154,107,5261,6
2021-05-14,Los Angeles,037,10098052,1205219,1196038,40640,1236678,24101
2021-05-14,Madera,039,155013,16573,16474,918,17392,238
2021-05-14,Marin,041,260295,14058,14010,246,14256,227
2021-05-14,Mariposa,043,17540,428,422,11,433,5
2021-05-14,Mendocino,045,87422,3935,3855,81,3936,46
2021-05-14,Merced,047,269075,30850,31010,1024,32034,450
2021-05-14,Modoc,049,8938,371,362,124,486,3
2021-05-14,Mono,051,14174,1253,1265,16,1281,3
2021-05-14,Monterey,053,433212,43104,42973,1832,44805,380
2021-05-14,Napa,055,140530,9880,9883,34,9917,82
2021-05-14,Nevada,057,99092,4779,4745,186,4931,70
2021-05-14,Orange,059,3164182,254985,253855,11172,265027,5028
2021-05-14,Placer,061,380077,23079,22660,1458,24118,287
2021-05-14,Plumas,063,18699,698,680,10,690,4
2021-05-14,Riverside,065,2383286,293587,288140,13792,301932,4433
2021-05-14,Sacramento,067,1510023,105146,104828,1705,106533,1627
2021-05-14,San Benito,069,59416,6045,6064,111,6175,63
2021-05-14,San Bernardino,071,2135413,292780,291834,8893,300727,4721
2021-05-14,San Diego,073,3302833,279797,278853,14813,293666,3732
2021-05-14,San Francisco,075,870044,36563,36771,1250,38021,545
2021-05-14,San Joaquin,077,732212,72749,72160,3452,75612,1359
2021-05-14,San Luis Obispo,079,281455,21296,21051,719,21770,256
2021-05-14,San Mateo,081,765935,42175,42041,462,42503,428
2021-05-14,Santa Barbara,083,443738,34367,34243,1114,35357,456
2021-05-14,Santa Clara,085,1922200,118310,119006,739,119745,2014
2021-05-14,Santa Cruz,087,273765,16195,16130,796,16926,207
2021-05-14,Shasta,089,179085,12150,12130,1528,13658,200
2021-05-14,Sierra,091,2930,56,54,12,66,0
2021-05-14,Siskiyou,093,43540,1883,1779,335,2114,14
2021-05-14,Solano,095,438530,32607,32585,541,33126,252
2021-05-14,Sonoma,097,501317,29865,30007,324,30331,321
2021-05-14,Stanislaus,099,539301,55992,55752,5827,61579,950
2021-05-14,Sutter,101,95872,9391,9433,81,9514,113
2021-05-14,Tehama,103,63373,5032,5005,552,5557,63
2021-05-14,Trinity,105,12862,483,328,87,415,3
2021-05-14,Tulare,107,460477,50090,49060,8823,57883,836
2021-05-14,Tuolumne,109,53932,4017,4060,41,4101,63
2021-05-14,Ventura,111,848112,81194,80628,2938,83566,1014
2021-05-14,Yolo,113,214977,13950,13922,223,14145,210
2021-05-14,Yuba,115,75493,6003,5970,119,6089,47
2021-05-13,Alameda,001,1643700,87601,87557,1896,89453,1250
2021-05-13,Alpine,003,1148,87,88,0,88,0
2021-05-13,Amador,005,37829,3657,3662,32,3694,46
2021-05-13,Butte,007,227075,12421,12051,1786,13837,196
2021-05-13,Calaveras,009,45235,2128,2120,13,2133,53
2021-05-13,Colusa,011,21464,1936,1939,296,2235,14
2021-05-13,Contra Costa,013,1133247,69040,68522,1240,69762,806
2021-05-13,Del Norte,015,27424,1392,1354,12,1366,8
2021-05-13,El Dorado,017,186661,10208,10133,732,10865,112
2021-05-13,Fresno,019,978130,102334,101862,8555,110417,1687
2021-05-13,Glenn,021,27897,2421,2395,552,2947,17
2021-05-13,Humboldt,023,135768,4118,4027,34,4061,37
2021-05-13,Imperial,025,180216,28525,28468,2672,31140,729
2021-05-13,Inyo,027,18085,1404,1400,12,1412,36
2021-05-13,Kern,029,883053,97019,95996,10661,106657,1311
2021-05-13,Kings,031,150075,23116,22904,1063,23967,246
2021-05-13,Lake,033,64148,3498,3479,9,3488,43
2021-05-13,Lassen,035,31185,5190,5152,106,5258,6
2021-05-13,Los Angeles,037,10098052,1205030,1195504,40626,1236130,24083
2021-05-13,Madera,039,155013,16565,16467,918,17385,238
2021-05-13,Marin,041,260295,14053,14004,244,14248,227
2021-05-13,Mariposa,043,17540,428,422,11,433,5
2021-05-13,Mendocino,045,87422,3931,3846,81,3927,46
2021-05-13,Merced,047,269075,30843,30989,1023,32012,450
2021-05-13,Modoc,049,8938,371,362,124,486,3
2021-05-13,Mono,051,14174,1253,1265,16,1281,3
2021-05-13,Monterey,053,433212,43089,42966,1832,44798,380
2021-05-13,Napa,055,140530,9873,9877,34,9911,82
2021-05-13,Nevada,057,99092,4775,4743,185,4928,70
2021-05-13,Orange,059,3164182,254940,253778,11170,264948,5026
2021-05-13,Placer,061,380077,23052,22668,1451,24119,288
2021-05-13,Plumas,063,18699,698,680,10,690,4
2021-05-13,Riverside,065,2383286,293521,288067,13787,301854,4433
2021-05-13,Sacramento,067,1510023,105060,104711,1703,106414,1626
2021-05-13,San Benito,069,59416,6043,6062,111,6173,63
2021-05-13,San Bernardino,071,2135413,292714,291765,8893,300658,4722
2021-05-13,San Diego,073,3302833,279683,278592,14796,293388,3729
2021-05-13,San Francisco,075,870044,36539,36741,1248,37989,544
2021-05-13,San Joaquin,077,732212,72707,72096,3448,75544,1357
2021-05-13,San Luis Obispo,079,281455,21281,21043,718,21761,255
2021-05-13,San Mateo,081,765935,42158,42059,462,42521,426
2021-05-13,Santa Barbara,083,443738,34355,34242,1114,35356,456
2021-05-13,Santa Clara,085,1922200,118283,118952,739,119691,2013
2021-05-13,Santa Cruz,087,273765,16189,16129,796,16925,208
2021-05-13,Shasta,089,179085,12130,12111,1524,13635,200
2021-05-13,Sierra,091,2930,56,54,12,66,0
2021-05-13,Siskiyou,093,43540,1876,1769,332,2101,14
2021-05-13,Solano,095,438530,32594,32548,539,33087,252
2021-05-13,Sonoma,097,501317,29840,29991,324,30315,321
2021-05-13,Stanislaus,099,539301,55955,55678,5821,61499,949
2021-05-13,Sutter,101,95872,9386,9431,80,9511,112
2021-05-13,Tehama,103,63373,5027,4997,552,5549,63
2021-05-13,Trinity,105,12862,482,327,86,413,3
2021-05-13,Tulare,107,460477,50064,49032,8815,57847,837
2021-05-13,Tuolumne,109,53932,4016,4059,41,4100,63
2021-05-13,Ventura,111,848112,81164,80615,2937,83552,1012
2021-05-13,Yolo,113,214977,13941,13914,221,14135,210
2021-05-13,Yuba,115,75493,5994,5962,119,6081,47
2021-05-12,Alameda,001,1643700,87569,87482,1894,89376,1261
2021-05-12,Alpine,003,1148,87,88,0,88,0
2021-05-12,Amador,005,37829,3657,3658,32,3690,46
2021-05-12,Butte,007,227075,12411,12026,1786,13812,199
2021-05-12,Calaveras,009,45235,2125,2119,13,2132,53
2021-05-12,Colusa,011,21464,1934,1939,295,2234,14
2021-05-12,Contra Costa,013,1133247,68981,68462,1234,69696,805
2021-05-12,Del Norte,015,27424,1390,1352,12,1364,8
2021-05-12,El Dorado,017,186661,10198,10123,732,10855,112
2021-05-12,Fresno,019,978130,102285,101838,8544,110382,1688
2021-05-12,Glenn,021,27897,2418,2391,552,2943,17
2021-05-12,Humboldt,023,135768,4090,3982,34,4016,37
2021-05-12,Imperial,025,180216,28507,28443,2669,31112,726
2021-05-12,Inyo,027,18085,1404,1400,12,1412,36
2021-05-12,Kern,029,883053,96983,95955,10654,106609,1310
2021-05-12,Kings,031,150075,23114,22896,1063,23959,246
2021-05-12,Lake,033,64148,3496,3476,9,3485,43
2021-05-12,Lassen,035,31185,5188,5151,106,5257,6
2021-05-12,Los Angeles,037,10098052,1204846,1195318,40610,1235928,24067
2021-05-12,Madera,039,155013,16558,16462,917,17379,238
2021-05-12,Marin,041,260295,14048,13997,244,14241,227
2021-05-12,Mariposa,043,17540,428,422,11,433,5
2021-05-12,Mendocino,045,87422,3921,3836,81,3917,46
2021-05-12,Merced,047,269075,30827,30941,1023,31964,450
2021-05-12,Modoc,049,8938,370,362,124,486,3
2021-05-12,Mono,051,14174,1253,1265,16,1281,3
2021-05-12,Monterey,053,433212,43077,42950,1831,44781,380
2021-05-12,Napa,055,140530,9867,9870,34,9904,82
2021-05-12,Nevada,057,99092,4771,4738,185,4923,70
2021-05-12,Orange,059,3164182,254889,253587,11166,264753,5024
2021-05-12,Placer,061,380077,23034,22652,1444,24096,288
2021-05-12,Plumas,063,18699,698,681,10,691,4
2021-05-12,Riverside,065,2383286,293451,287830,13783,301613,4431
2021-05-12,Sacramento,067,1510023,104965,104592,1701,106293,1621
2021-05-12,San Benito,069,59416,6043,6062,111,6173,63
2021-05-12,San Bernardino,071,2135413,292665,291505,8888,300393,4715
2021-05-12,San Diego,073,3302833,279579,278402,14775,293177,3729
2021-05-12,San Francisco,075,870044,36519,36720,1247,37967,544
2021-05-12,San Joaquin,077,732212,72653,72043,3444,75487,1356
2021-05-12,San Luis Obispo,079,281455,21271,21021,718,21739,255
2021-05-12,San Mateo,081,765935,42149,42038,461,42499,426
2021-05-12,Santa Barbara,083,443738,34347,34218,1114,35332,456
2021-05-12,Santa Clara,085,1922200,118239,118897,739,119636,2005
2021-05-12,Santa Cruz,087,273765,16183,16123,796,16919,207
2021-05-12,Shasta,089,179085,12110,12092,1522,13614,200
2021-05-12,Sierra,091,2930,56,54,12,66,0
2021-05-12,Siskiyou,093,43540,1872,1760,331,2091,13
2021-05-12,Solano,095,438530,32570,32519,539,33058,252
2021-05-12,Sonoma,097,501317,29828,29976,324,30300,320
2021-05-12,Stanislaus,099,539301,55915,55632,5814,61446,919
2021-05-12,Sutter,101,95872,9383,9427,80,9507,112
2021-05-12,Tehama,103,63373,5022,4989,552,5541,62
2021-05-12,Trinity,105,12862,482,327,86,413,3
2021-05-12,Tulare,107,460477,50048,49001,8807,57808,838
2021-05-12,Tuolumne,109,53932,4015,4056,41,4097,63
2021-05-12,Ventura,111,848112,81145,80577,2937,83514,1010
2021-05-12,Yolo,113,214977,13933,13910,220,14130,210
2021-05-12,Yuba,115,75493,5991,5956,119,6075,47
2021-05-11,Alameda,001,1643700,87504,87413,1890,89303,1290
2021-05-11,Alpine,003,1148,87,88,0,88,0
2021-05-11,Amador,005,37829,3655,3657,32,3689,46
2021-05-11,Butte,007,227075,12396,12008,1783,13791,199
2021-05-11,Calaveras,009,45235,2125,2118,13,2131,52
2021-05-11,Colusa,011,21464,1933,1939,295,2234,14
2021-05-11,Contra Costa,013,1133247,68921,68406,1233,69639,806
2021-05-11,Del Norte,015,27424,1388,1347,12,1359,8
2021-05-11,El Dorado,017,186661,10192,10108,731,10839,112
2021-05-11,Fresno,019,978130,102239,101792,8539,110331,1686
2021-05-11,Glenn,021,27897,2417,2387,551,2938,17
2021-05-11,Humboldt,023,135768,4069,3964,33,3997,37
2021-05-11,Imperial,025,180216,28499,28413,2665,31078,722
2021-05-11,Inyo,027,18085,1403,1402,12,1414,36
2021-05-11,Kern,029,883053,96955,95938,10641,106579,1310
2021-05-11,Kings,031,150075,23106,22887,1063,23950,246
2021-05-11,Lake,033,64148,3496,3473,9,3482,43
2021-05-11,Lassen,035,31185,5186,5148,106,5254,6
2021-05-11,Los Angeles,037,10098052,1204609,1195100,40593,1235693,24048
2021-05-11,Madera,039,155013,16554,16459,916,17375,238
2021-05-11,Marin,041,260295,14041,13987,244,14231,227
2021-05-11,Mariposa,043,17540,428,421,11,432,5
2021-05-11,Mendocino,045,87422,3913,3821,81,3902,46
2021-05-11,Merced,047,269075,30818,30893,1023,31916,449
2021-05-11,Modoc,049,8938,370,362,123,485,3
2021-05-11,Mono,051,14174,1253,1265,16,1281,3
2021-05-11,Monterey,053,433212,43069,42934,1830,44764,380
2021-05-11,Napa,055,140530,9860,9870,34,9904,81
2021-05-11,Nevada,057,99092,4767,4737,185,4922,70
2021-05-11,Orange,059,3164182,254825,253545,11159,264704,5017
2021-05-11,Placer,061,380077,23012,22615,1440,24055,287
2021-05-11,Plumas,063,18699,696,679,10,689,4
2021-05-11,Riverside,065,2383286,293389,287757,13778,301535,4429
2021-05-11,Sacramento,067,1510023,104866,104496,1698,106194,1616
2021-05-11,San Benito,069,59416,6040,6058,111,6169,63
2021-05-11,San Bernardino,071,2135413,292605,291421,8886,300307,4707
2021-05-11,San Diego,073,3302833,279444,278308,14756,293064,3725
2021-05-11,San Francisco,075,870044,36499,36707,1247,37954,543
2021-05-11,San Joaquin,077,732212,72605,71999,3441,75440,1356
2021-05-11,San Luis Obispo,079,281455,21264,21008,716,21724,255
2021-05-11,San Mateo,081,765935,42130,41985,460,42445,425
2021-05-11,Santa Barbara,083,443738,34337,34207,1114,35321,456
2021-05-11,Santa Clara,085,1922200,118192,118857,738,119595,2005
2021-05-11,Santa Cruz,087,273765,16179,16113,796,16909,206
2021-05-11,Shasta,089,179085,12087,12050,1516,13566,200
2021-05-11,Sierra,091,2930,56,54,12,66,0
2021-05-11,Siskiyou,093,43540,1862,1756,329,2085,13
2021-05-11,Solano,095,438530,32552,32499,537,33036,250
2021-05-11,Sonoma,097,501317,29813,29966,324,30290,318
2021-05-11,Stanislaus,099,539301,55868,55589,5810,61399,909
2021-05-11,Sutter,101,95872,9376,9417,80,9497,112
2021-05-11,Tehama,103,63373,5018,4985,551,5536,62
2021-05-11,Trinity,105,12862,482,327,85,412,3
2021-05-11,Tulare,107,460477,50021,48974,8793,57767,837
2021-05-11,Tuolumne,109,53932,4014,4056,41,4097,63
2021-05-11,Ventura,111,848112,81121,80544,2934,83478,1008
2021-05-11,Yolo,113,214977,13920,13902,217,14119,210
2021-05-11,Yuba,115,75493,5982,5950,119,6069,46
2021-05-10,Alameda,001,1643700,87434,87366,1889,89255,1284
2021-05-10,Alpine,003,1148,87,88,0,88,0
2021-05-10,Amador,005,37829,3654,3657,32,3689,46
2021-05-10,Butte,007,227075,12380,11993,1779,13772,199
2021-05-10,Calaveras,009,45235,2118,2118,13,2131,52
2021-05-10,Colusa,011,21464,1933,1939,295,2234,14
2021-05-10,Contra Costa,013,1133247,68857,68357,1233,69590,806
2021-05-10,Del Norte,015,27424,1385,1339,12,1351,8
2021-05-10,El Dorado,017,186661,10178,10093,731,10824,113
2021-05-10,Fresno,019,978130,102207,101755,8532,110287,1682
2021-05-10,Glenn,021,27897,2416,2384,550,2934,17
2021-05-10,Humboldt,023,135768,4039,3961,33,3994,36
2021-05-10,Imperial,025,180216,28485,28397,2661,31058,722
2021-05-10,Inyo,027,18085,1403,1401,12,1413,36
2021-05-10,Kern,029,883053,96912,95920,10627,106547,1310
2021-05-10,Kings,031,150075,23095,22884,1062,23946,246
2021-05-10,Lake,033,64148,3488,3471,9,3480,43
2021-05-10,Lassen,035,31185,5182,5148,106,5254,5
2021-05-10,Los Angeles,037,10098052,1204342,1194976,40578,1235554,24030
2021-05-10,Madera,039,155013,16544,16450,916,17366,238
2021-05-10,Marin,041,260295,14038,13981,244,14225,228
2021-05-10,Mariposa,043,17540,427,420,11,431,5
2021-05-10,Mendocino,045,87422,3907,3818,81,3899,46
2021-05-10,Merced,047,269075,30808,30880,1023,31903,448
2021-05-10,Modoc,049,8938,370,361,123,484,3
2021-05-10,Mono,051,14174,1253,1265,16,1281,3
2021-05-10,Monterey,053,433212,43063,42927,1825,44752,380
2021-05-10,Napa,055,140530,9858,9860,34,9894,81
2021-05-10,Nevada,057,99092,4760,4735,185,4920,70
2021-05-10,Orange,059,3164182,254772,253484,11153,264637,5008
2021-05-10,Placer,061,380077,22990,22590,1437,24027,286
2021-05-10,Plumas,063,18699,695,679,10,689,4
2021-05-10,Riverside,065,2383286,293320,287689,13772,301461,4427
2021-05-10,Sacramento,067,1510023,104753,104378,1693,106071,1613
2021-05-10,San Benito,069,59416,6039,6058,111,6169,63
2021-05-10,San Bernardino,071,2135413,292554,291360,8885,300245,4707
2021-05-10,San Diego,073,3302833,279280,278183,14729,292912,3725
2021-05-10,San Francisco,075,870044,36480,36683,1247,37930,543
2021-05-10,San Joaquin,077,732212,72569,71954,3427,75381,1356
2021-05-10,San Luis Obispo,079,281455,21246,20993,715,21708,256
2021-05-10,San Mateo,081,765935,42113,41926,460,42386,424
2021-05-10,Santa Barbara,083,443738,34329,34201,1114,35315,456
2021-05-10,Santa Clara,085,1922200,118133,118822,738,119560,2003
2021-05-10,Santa Cruz,087,273765,16174,16114,796,16910,206
2021-05-10,Shasta,089,179085,12073,12036,1512,13548,200
2021-05-10,Sierra,091,2930,56,54,12,66,0
2021-05-10,Siskiyou,093,43540,1852,1752,327,2079,13
2021-05-10,Solano,095,438530,32532,32466,535,33001,250
2021-05-10,Sonoma,097,501317,29798,29955,323,30278,318
2021-05-10,Stanislaus,099,539301,55792,55541,5804,61345,898
2021-05-10,Sutter,101,95872,9370,9412,80,9492,111
2021-05-10,Tehama,103,63373,5014,4980,551,5531,62
2021-05-10,Trinity,105,12862,482,327,83,410,3
2021-05-10,Tulare,107,460477,49998,48956,8787,57743,837
2021-05-10,Tuolumne,109,53932,4010,4054,40,4094,63
2021-05-10,Ventura,111,848112,81105,80501,2933,83434,1008
2021-05-10,Yolo,113,214977,13908,13898,215,14113,209
2021-05-10,Yuba,115,75493,5980,5942,119,6061,46
2021-05-09,Alameda,001,1643700,87364,87292,1886,89178,1284
2021-05-09,Alpine,003,1148,87,88,0,88,0
2021-05-09,Amador,005,37829,3652,3655,32,3687,46
2021-05-09,Butte,007,227075,12362,11985,1775,13760,199
2021-05-09,Calaveras,009,45235,2117,2116,13,2129,52
2021-05-09,Colusa,011,21464,1932,1940,295,2235,14
2021-05-09,Contra Costa,013,1133247,68794,68302,1231,69533,806
2021-05-09,Del Norte,015,27424,1378,1338,12,1350,8
2021-05-09,El Dorado,017,186661,10164,10089,727,10816,113
2021-05-09,Fresno,019,978130,102169,101729,8523,110252,1682
2021-05-09,Glenn,021,27897,2409,2382,547,2929,17
2021-05-09,Humboldt,023,135768,4019,3950,33,3983,36
2021-05-09,Imperial,025,180216,28462,28388,2653,31041,722
2021-05-09,Inyo,027,18085,1403,1401,11,1412,36
2021-05-09,Kern,029,883053,96884,95903,10617,106520,1310
2021-05-09,Kings,031,150075,23086,22878,1062,23940,246
2021-05-09,Lake,033,64148,3484,3471,9,3480,43
2021-05-09,Lassen,035,31185,5180,5147,106,5253,5
2021-05-09,Los Angeles,037,10098052,1204084,1194820,40563,1235383,24026
2021-05-09,Madera,039,155013,16535,16444,910,17354,238
2021-05-09,Marin,041,260295,14027,13979,243,14222,228
2021-05-09,Mariposa,043,17540,424,420,11,431,5
2021-05-09,Mendocino,045,87422,3897,3814,81,3895,46
2021-05-09,Merced,047,269075,30785,30883,1023,31906,448
2021-05-09,Modoc,049,8938,370,360,123,483,3
2021-05-09,Mono,051,14174,1253,1264,16,1280,3
2021-05-09,Monterey,053,433212,43045,42918,1825,44743,380
2021-05-09,Napa,055,140530,9847,9857,34,9891,81
2021-05-09,Nevada,057,99092,4753,4727,185,4912,70
2021-05-09,Orange,059,3164182,254718,253451,11145,264596,5008
2021-05-09,Placer,061,380077,22964,22566,1434,24000,286
2021-05-09,Plumas,063,18699,694,679,10,689,4
2021-05-09,Riverside,065,2383286,293240,287644,13766,301410,4427
2021-05-09,Sacramento,067,1510023,104604,104309,1687,105996,1612
2021-05-09,San Benito,069,59416,6037,6056,111,6167,63
2021-05-09,San Bernardino,071,2135413,292471,291337,8879,300216,4707
2021-05-09,San Diego,073,3302833,279113,277950,14707,292657,3725
2021-05-09,San Francisco,075,870044,36454,36669,1245,37914,543
2021-05-09,San Joaquin,077,732212,72523,71927,3426,75353,1356
2021-05-09,San Luis Obispo,079,281455,21235,20999,715,21714,256
2021-05-09,San Mateo,081,765935,42083,41903,460,42363,424
2021-05-09,Santa Barbara,083,443738,34316,34196,1113,35309,456
2021-05-09,Santa Clara,085,1922200,118079,118798,737,119535,2003
2021-05-09,Santa Cruz,087,273765,16168,16094,796,16890,206
2021-05-09,Shasta,089,179085,12043,12034,1507,13541,200
2021-05-09,Sierra,091,2930,56,54,12,66,0
2021-05-09,Siskiyou,093,43540,1845,1741,324,2065,13
2021-05-09,Solano,095,438530,32493,32434,533,32967,250
2021-05-09,Sonoma,097,501317,29784,29953,322,30275,318
2021-05-09,Stanislaus,099,539301,55726,55511,5800,61311,898
2021-05-09,Sutter,101,95872,9364,9413,80,9493,111
2021-05-09,Tehama,103,63373,5009,4979,551,5530,62
2021-05-09,Trinity,105,12862,482,327,83,410,3
2021-05-09,Tulare,107,460477,49971,48948,8782,57730,837
2021-05-09,Tuolumne,109,53932,4008,4053,40,4093,63
2021-05-09,Ventura,111,848112,81090,80487,2932,83419,1008
2021-05-09,Yolo,113,214977,13897,13897,215,14112,209
2021-05-09,Yuba,115,75493,5974,5934,119,6053,46
2021-05-08,Alameda,001,1643700,87322,87213,1882,89095,1284
2021-05-08,Alpine,003,1148,87,88,0,88,0
2021-05-08,Amador,005,37829,3650,3652,32,3684,46
2021-05-08,Butte,007,227075,12350,11962,1774,13736,199
2021-05-08,Calaveras,009,45235,2116,2114,13,2127,52
2021-05-08,Colusa,011,21464,1932,1939,295,2234,14
2021-05-08,Contra Costa,013,1133247,68761,68223,1229,69452,803
2021-05-08,Del Norte,015,27424,1375,1335,12,1347,8
2021-05-08,El Dorado,017,186661,10150,10079,727,10806,113
2021-05-08,Fresno,019,978130,102133,101676,8518,110194,1682
2021-05-08,Glenn,021,27897,2407,2382,545,2927,17
2021-05-08,Humboldt,023,135768,4003,3939,33,3972,36
2021-05-08,Imperial,025,180216,28454,28373,2653,31026,721
2021-05-08,Inyo,027,18085,1403,1402,11,1413,36
2021-05-08,Kern,029,883053,96859,95880,10604,106484,1310
2021-05-08,Kings,031,150075,23083,22872,1061,23933,246
2021-05-08,Lake,033,64148,3483,3470,9,3479,43
2021-05-08,Lassen,035,31185,5179,5145,106,5251,5
2021-05-08,Los Angeles,037,10098052,1203930,1194584,40547,1235131,24022
2021-05-08,Madera,039,155013,16531,16442,910,17352,238
2021-05-08,Marin,041,260295,14024,13974,242,14216,228
2021-05-08,Mariposa,043,17540,424,420,11,431,5
2021-05-08,Mendocino,045,87422,3892,3810,80,3890,46
2021-05-08,Merced,047,269075,30776,30876,1023,31899,448
2021-05-08,Modoc,049,8938,370,360,122,482,3
2021-05-08,Mono,051,14174,1253,1262,16,1278,3
2021-05-08,Monterey,053,433212,43040,42914,1824,44738,380
2021-05-08,Napa,055,140530,9840,9853,34,9887,81
2021-05-08,Nevada,057,99092,4750,4716,185,4901,70
2021-05-08,Orange,059,3164182,254684,253412,11141,264553,5006
2021-05-08,Placer,061,380077,22946,22547,1432,23979,286
2021-05-08,Plumas,063,18699,693,679,10,689,4
2021-05-08,Riverside,065,2383286,293197,287574,13764,301338,4427
2021-05-08,Sacramento,067,1510023,104519,104208,1684,105892,1610
2021-05-08,San Benito,069,59416,6036,6048,111,6159,63
2021-05-08,San Bernardino,071,2135413,292428,291296,8879,300175,4707
2021-05-08,San Diego,073,3302833,279030,277760,14689,292449,3725
2021-05-08,San Francisco,075,870044,36431,36642,1245,37887,543
2021-05-08,San Joaquin,077,732212,72494,71869,3417,75286,1356
2021-05-08,San Luis Obispo,079,281455,21224,20992,715,21707,256
2021-05-08,San Mateo,081,765935,42072,41871,460,42331,424
2021-05-08,Santa Barbara,083,443738,34303,34185,1113,35298,456
2021-05-08,Santa Clara,085,1922200,118048,118751,737,119488,2003
2021-05-08,Santa Cruz,087,273765,16165,16089,796,16885,206
2021-05-08,Shasta,089,179085,12033,12030,1503,13533,200
2021-05-08,Sierra,091,2930,56,54,12,66,0
2021-05-08,Siskiyou,093,43540,1844,1741,320,2061,13
2021-05-08,Solano,095,438530,32469,32395,531,32926,249
2021-05-08,Sonoma,097,501317,29771,29942,322,30264,318
2021-05-08,Stanislaus,099,539301,55695,55467,5796,61263,898
2021-05-08,Sutter,101,95872,9361,9413,80,9493,111
2021-05-08,Tehama,103,63373,5007,4977,551,5528,62
2021-05-08,Trinity,105,12862,482,327,83,410,3
2021-05-08,Tulare,107,460477,49957,48929,8772,57701,837
2021-05-08,Tuolumne,109,53932,4007,4050,40,4090,63
2021-05-08,Ventura,111,848112,81079,80481,2929,83410,1008
2021-05-08,Yolo,113,214977,13894,13894,214,14108,209
2021-05-08,Yuba,115,75493,5966,5928,119,6047,46
2021-05-07,Alameda,001,1643700,87269,87128,1882,89010,1280
2021-05-07,Alpine,003,1148,87,88,0,88,0
2021-05-07,Amador,005,37829,3647,3651,32,3683,46
2021-05-07,Butte,007,227075,12329,11943,1771,13714,199
2021-05-07,Calaveras,009,45235,2114,2114,13,2127,52
2021-05-07,Colusa,011,21464,1932,1937,295,2232,14
2021-05-07,Contra Costa,013,1133247,68714,68156,1227,69383,804
2021-05-07,Del Norte,015,27424,1370,1329,12,1341,8
2021-05-07,El Dorado,017,186661,10137,10065,725,10790,112
2021-05-07,Fresno,019,978130,102100,101625,8517,110142,1684
2021-05-07,Glenn,021,27897,2404,2381,544,2925,17
2021-05-07,Humboldt,023,135768,3988,3919,33,3952,36
2021-05-07,Imperial,025,180216,28446,28352,2653,31005,721
2021-05-07,Inyo,027,18085,1403,1402,11,1413,36
2021-05-07,Kern,029,883053,96846,95839,10592,106431,1308
2021-05-07,Kings,031,150075,23082,22857,1060,23917,246
2021-05-07,Lake,033,64148,3481,3467,9,3476,43
2021-05-07,Lassen,035,31185,5178,5144,105,5249,5
2021-05-07,Los Angeles,037,10098052,1203750,1194294,40540,1234834,24008
2021-05-07,Madera,039,155013,16526,16439,910,17349,238
2021-05-07,Marin,041,260295,14020,13968,242,14210,228
2021-05-07,Mariposa,043,17540,423,419,11,430,5
2021-05-07,Mendocino,045,87422,3886,3805,80,3885,46
2021-05-07,Merced,047,269075,30773,30862,1023,31885,446
2021-05-07,Modoc,049,8938,370,360,122,482,3
2021-05-07,Mono,051,14174,1252,1261,16,1277,3
2021-05-07,Monterey,053,433212,43034,42909,1822,44731,380
2021-05-07,Napa,055,140530,9839,9849,34,9883,81
2021-05-07,Nevada,057,99092,4746,4704,185,4889,70
2021-05-07,Orange,059,3164182,254644,253338,11133,264471,5000
2021-05-07,Placer,061,380077,22926,22524,1430,23954,286
2021-05-07,Plumas,063,18699,693,678,10,688,4
2021-05-07,Riverside,065,2383286,293139,287479,13763,301242,4426
2021-05-07,Sacramento,067,1510023,104447,104068,1679,105747,1609
2021-05-07,San Benito,069,59416,6035,6048,111,6159,63
2021-05-07,San Bernardino,071,2135413,292386,291185,8874,300059,4697
2021-05-07,San Diego,073,3302833,278944,277534,14673,292207,3718
2021-05-07,San Francisco,075,870044,36418,36616,1244,37860,543
2021-05-07,San Joaquin,077,732212,72454,71804,3415,75219,1351
2021-05-07,San Luis Obispo,079,281455,21217,20979,715,21694,256
2021-05-07,San Mateo,081,765935,42057,41844,460,42304,424
2021-05-07,Santa Barbara,083,443738,34293,34166,1113,35279,453
2021-05-07,Santa Clara,085,1922200,118015,118691,736,119427,2002
2021-05-07,Santa Cruz,087,273765,16162,16074,796,16870,206
2021-05-07,Shasta,089,179085,12011,12005,1501,13506,200
2021-05-07,Sierra,091,2930,56,54,12,66,0
2021-05-07,Siskiyou,093,43540,1841,1723,320,2043,13
2021-05-07,Solano,095,438530,32441,32352,529,32881,249
2021-05-07,Sonoma,097,501317,29753,29925,320,30245,318
2021-05-07,Stanislaus,099,539301,55654,55407,5791,61198,896
2021-05-07,Sutter,101,95872,9361,9407,80,9487,111
2021-05-07,Tehama,103,63373,5000,4974,551,5525,57
2021-05-07,Trinity,105,12862,482,327,83,410,3
2021-05-07,Tulare,107,460477,49940,48913,8767,57680,837
2021-05-07,Tuolumne,109,53932,4005,4048,40,4088,63
2021-05-07,Ventura,111,848112,81055,80444,2929,83373,1008
2021-05-07,Yolo,113,214977,13888,13875,213,14088,209
2021-05-07,Yuba,115,75493,5956,5910,119,6029,46
2021-05-06,Alameda,001,1643700,87193,87028,1879,88907,1278
2021-05-06,Alpine,003,1148,87,88,0,88,0
2021-05-06,Amador,005,37829,3645,3650,32,3682,46
2021-05-06,Butte,007,227075,12309,11929,1766,13695,198
2021-05-06,Calaveras,009,45235,2114,2111,13,2124,52
2021-05-06,Colusa,011,21464,1932,1935,295,2230,14
2021-05-06,Contra Costa,013,1133247,68659,68076,1224,69300,802
2021-05-06,Del Norte,015,27424,1362,1324,12,1336,6
2021-05-06,El Dorado,017,186661,10130,10048,725,10773,112
2021-05-06,Fresno,019,978130,102056,101536,8513,110049,1680
2021-05-06,Glenn,021,27897,2403,2380,543,2923,17
2021-05-06,Humboldt,023,135768,3963,3898,33,3931,36
2021-05-06,Imperial,025,180216,28435,28311,2652,30963,720
2021-05-06,Inyo,027,18085,1403,1401,11,1412,36
2021-05-06,Kern,029,883053,96821,95801,10575,106376,1307
2021-05-06,Kings,031,150075,23075,22848,1059,23907,246
2021-05-06,Lake,033,64148,3480,3465,9,3474,43
2021-05-06,Lassen,035,31185,5177,5143,105,5248,1
2021-05-06,Los Angeles,037,10098052,1203508,1193954,40524,1234478,23991
2021-05-06,Madera,039,155013,16518,16430,910,17340,238
2021-05-06,Marin,041,260295,14016,13956,242,14198,228
2021-05-06,Mariposa,043,17540,422,419,11,430,5
2021-05-06,Mendocino,045,87422,3875,3802,80,3882,46
2021-05-06,Merced,047,269075,30758,30863,1022,31885,444
2021-05-06,Modoc,049,8938,370,360,122,482,3
2021-05-06,Mono,051,14174,1250,1261,16,1277,3
2021-05-06,Monterey,053,433212,43019,42899,1822,44721,379
2021-05-06,Napa,055,140530,9833,9843,34,9877,81
2021-05-06,Nevada,057,99092,4745,4687,185,4872,70
2021-05-06,Orange,059,3164182,254576,253286,11127,264413,4991
2021-05-06,Placer,061,380077,22904,22493,1430,23923,286
2021-05-06,Plumas,063,18699,693,678,10,688,4
2021-05-06,Riverside,065,2383286,293066,287399,13758,301157,4422
2021-05-06,Sacramento,067,1510023,104331,103956,1676,105632,1609
2021-05-06,San Benito,069,59416,6034,6045,111,6156,63
2021-05-06,San Bernardino,071,2135413,292316,291085,8873,299958,4683
2021-05-06,San Diego,073,3302833,278817,277324,14650,291974,3716
2021-05-06,San Francisco,075,870044,36403,36599,1244,37843,543
2021-05-06,San Joaquin,077,732212,72399,71729,3412,75141,1350
2021-05-06,San Luis Obispo,079,281455,21205,20965,713,21678,256
2021-05-06,San Mateo,081,765935,42038,41802,459,42261,424
2021-05-06,Santa Barbara,083,443738,34280,34152,1113,35265,453
2021-05-06,Santa Clara,085,1922200,117974,118591,736,119327,2001
2021-05-06,Santa Cruz,087,273765,16155,16050,796,16846,206
2021-05-06,Shasta,089,179085,11989,11983,1495,13478,199
2021-05-06,Sierra,091,2930,56,54,12,66,0
2021-05-06,Siskiyou,093,43540,1831,1711,319,2030,12
2021-05-06,Solano,095,438530,32415,32320,521,32841,249
2021-05-06,Sonoma,097,501317,29745,29911,320,30231,318
2021-05-06,Stanislaus,099,539301,55598,55323,5786,61109,834
2021-05-06,Sutter,101,95872,9355,9396,80,9476,111
2021-05-06,Tehama,103,63373,4995,4970,551,5521,53
2021-05-06,Trinity,105,12862,482,327,83,410,3
2021-05-06,Tulare,107,460477,49915,48890,8752,57642,836
2021-05-06,Tuolumne,109,53932,4001,4047,40,4087,63
2021-05-06,Ventura,111,848112,81024,80411,2926,83337,1005
2021-05-06,Yolo,113,214977,13880,13871,210,14081,209
2021-05-06,Yuba,115,75493,5944,5901,119,6020,46
2021-05-05,Alameda,001,1643700,87131,86950,1877,88827,1278
2021-05-05,Alpine,003,1148,87,88,0,88,0
2021-05-05,Amador,005,37829,3642,3650,32,3682,46
2021-05-05,Butte,007,227075,12291,11907,1763,13670,198
2021-05-05,Calaveras,009,45235,2110,2103,13,2116,52
2021-05-05,Colusa,011,21464,1931,1933,295,2228,14
2021-05-05,Contra Costa,013,1133247,68594,67997,1220,69217,803
2021-05-05,Del Norte,015,27424,1359,1317,12,1329,6
2021-05-05,El Dorado,017,186661,10119,10020,724,10744,111
2021-05-05,Fresno,019,978130,102006,101491,8504,109995,1680
2021-05-05,Glenn,021,27897,2400,2380,542,2922,17
2021-05-05,Humboldt,023,135768,3944,3886,32,3918,36
2021-05-05,Imperial,025,180216,28394,28295,2645,30940,720
2021-05-05,Inyo,027,18085,1402,1401,11,1412,36
2021-05-05,Kern,029,883053,96777,95753,10571,106324,1304
2021-05-05,Kings,031,150075,23069,22840,1058,23898,246
2021-05-05,Lake,033,64148,3477,3458,9,3467,43
2021-05-05,Lassen,035,31185,5177,5143,104,5247,1
2021-05-05,Los Angeles,037,10098052,1203241,1193608,40510,1234118,23977
2021-05-05,Madera,039,155013,16516,16423,910,17333,235
2021-05-05,Marin,041,260295,14008,13950,241,14191,228
2021-05-05,Mariposa,043,17540,422,418,11,429,5
2021-05-05,Mendocino,045,87422,3871,3799,80,3879,46
2021-05-05,Merced,047,269075,30737,30844,1022,31866,444
2021-05-05,Modoc,049,8938,369,361,121,482,3
2021-05-05,Mono,051,14174,1250,1260,16,1276,3
2021-05-05,Monterey,053,433212,43006,42870,1819,44689,379
2021-05-05,Napa,055,140530,9827,9833,34,9867,81
2021-05-05,Nevada,057,99092,4742,4666,185,4851,70
2021-05-05,Orange,059,3164182,254518,253237,11122,264359,4978
2021-05-05,Placer,061,380077,22872,22362,1426,23788,287
2021-05-05,Plumas,063,18699,693,677,10,687,4
2021-05-05,Riverside,065,2383286,292971,287353,13749,301102,4414
2021-05-05,Sacramento,067,1510023,104243,103476,1671,105147,1607
2021-05-05,San Benito,069,59416,6025,6046,111,6157,63
2021-05-05,San Bernardino,071,2135413,292241,291008,8869,299877,4677
2021-05-05,San Diego,073,3302833,278680,277098,14631,291729,3716
2021-05-05,San Francisco,075,870044,36389,36577,1243,37820,543
2021-05-05,San Joaquin,077,732212,72346,71638,3409,75047,1345
2021-05-05,San Luis Obispo,079,281455,21197,20958,713,21671,256
2021-05-05,San Mateo,081,765935,42009,41755,458,42213,415
2021-05-05,Santa Barbara,083,443738,34265,34139,1112,35251,453
2021-05-05,Santa Clara,085,1922200,117944,118482,733,119215,1992
2021-05-05,Santa Cruz,087,273765,16149,16013,796,16809,207
2021-05-05,Shasta,089,179085,11973,11939,1491,13430,200
2021-05-05,Sierra,091,2930,56,54,12,66,0
2021-05-05,Siskiyou,093,43540,1814,1706,311,2017,11
2021-05-05,Solano,095,438530,32380,32250,519,32769,249
2021-05-05,Sonoma,097,501317,29732,29879,320,30199,318
2021-05-05,Stanislaus,099,539301,55541,55231,5784,61015,807
2021-05-05,Sutter,101,95872,9349,9387,80,9467,111
2021-05-05,Tehama,103,63373,4991,4968,551,5519,53
2021-05-05,Trinity,105,12862,482,326,83,409,3
2021-05-05,Tulare,107,460477,49891,48875,8745,57620,835
2021-05-05,Tuolumne,109,53932,3998,4040,40,4080,63
2021-05-05,Ventura,111,848112,80996,80372,2922,83294,1005
2021-05-05,Yolo,113,214977,13876,13846,208,14054,209
2021-05-05,Yuba,115,75493,5934,5895,118,6013,44
2021-05-04,Alameda,001,1643700,87039,86894,1877,88771,1277
2021-05-04,Alpine,003,1148,87,88,0,88,0
2021-05-04,Amador,005,37829,3642,3650,32,3682,46
2021-05-04,Butte,007,227075,12267,11883,1762,13645,198
2021-05-04,Calaveras,009,45235,2106,2100,13,2113,52
2021-05-04,Colusa,011,21464,1930,1933,295,2228,14
2021-05-04,Contra Costa,013,1133247,68514,67931,1218,69149,799
2021-05-04,Del Norte,015,27424,1359,1314,12,1326,6
2021-05-04,El Dorado,017,186661,10108,10009,720,10729,110
2021-05-04,Fresno,019,978130,101951,101451,8497,109948,1677
2021-05-04,Glenn,021,27897,2397,2379,539,2918,17
2021-05-04,Humboldt,023,135768,3918,3877,32,3909,36
2021-05-04,Imperial,025,180216,28374,28276,2642,30918,720
2021-05-04,Inyo,027,18085,1402,1399,11,1410,36
2021-05-04,Kern,029,883053,96741,95720,10553,106273,1301
2021-05-04,Kings,031,150075,23055,22822,1055,23877,246
2021-05-04,Lake,033,64148,3476,3454,9,3463,43
2021-05-04,Lassen,035,31185,5176,5142,104,5246,1
2021-05-04,Los Angeles,037,10098052,1202951,1193453,40497,1233950,23957
2021-05-04,Madera,039,155013,16515,16418,910,17328,235
2021-05-04,Marin,041,260295,14000,13935,241,14176,228
2021-05-04,Mariposa,043,17540,422,418,11,429,5
2021-05-04,Mendocino,045,87422,3866,3794,80,3874,46
2021-05-04,Merced,047,269075,30720,30829,1022,31851,444
2021-05-04,Modoc,049,8938,368,360,120,480,3
2021-05-04,Mono,051,14174,1250,1260,16,1276,3
2021-05-04,Monterey,053,433212,42994,42845,1818,44663,380
2021-05-04,Napa,055,140530,9818,9824,34,9858,81
2021-05-04,Nevada,057,99092,4735,4656,185,4841,70
2021-05-04,Orange,059,3164182,254450,253177,11114,264291,4977
2021-05-04,Placer,061,380077,22844,22326,1423,23749,287
2021-05-04,Plumas,063,18699,692,675,10,685,4
2021-05-04,Riverside,065,2383286,292887,287285,13742,301027,4411
2021-05-04,Sacramento,067,1510023,104114,103383,1666,105049,1604
2021-05-04,San Benito,069,59416,6024,6039,111,6150,63
2021-05-04,San Bernardino,071,2135413,292164,290934,8862,299796,4668
2021-05-04,San Diego,073,3302833,278513,276879,14614,291493,3713
2021-05-04,San Francisco,075,870044,36371,36550,1243,37793,541
2021-05-04,San Joaquin,077,732212,72285,71582,3404,74986,1342
2021-05-04,San Luis Obispo,079,281455,21191,20923,711,21634,255
2021-05-04,San Mateo,081,765935,41983,41708,458,42166,415
2021-05-04,Santa Barbara,083,443738,34250,34131,1111,35242,453
2021-05-04,Santa Clara,085,1922200,117881,118431,732,119163,1988
2021-05-04,Santa Cruz,087,273765,16143,16005,796,16801,207
2021-05-04,Shasta,089,179085,11953,11923,1485,13408,198
2021-05-04,Sierra,091,2930,56,54,12,66,0
2021-05-04,Siskiyou,093,43540,1807,1694,309,2003,11
2021-05-04,Solano,095,438530,32339,32220,517,32737,249
2021-05-04,Sonoma,097,501317,29712,29867,319,30186,318
2021-05-04,Stanislaus,099,539301,55485,55165,5781,60946,807
2021-05-04,Sutter,101,95872,9344,9375,80,9455,111
2021-05-04,Tehama,103,63373,4988,4959,550,5509,53
2021-05-04,Trinity,105,12862,482,326,83,409,3
2021-05-04,Tulare,107,460477,49864,48857,8737,57594,835
2021-05-04,Tuolumne,109,53932,3996,4041,40,4081,61
2021-05-04,Ventura,111,848112,80967,80351,2920,83271,1005
2021-05-04,Yolo,113,214977,13863,13820,206,14026,208
2021-05-04,Yuba,115,75493,5928,5891,118,6009,44
2021-05-03,Alameda,001,1643700,86963,86845,1872,88717,1272
2021-05-03,Alpine,003,1148,87,88,0,88,0
2021-05-03,Amador,005,37829,3642,3651,32,3683,46
2021-05-03,Butte,007,227075,12257,11864,1759,13623,198
2021-05-03,Calaveras,009,45235,2104,2099,13,2112,50
2021-05-03,Colusa,011,21464,1929,1931,293,2224,14
2021-05-03,Contra Costa,013,1133247,68455,67895,1214,69109,799
2021-05-03,Del Norte,015,27424,1354,1306,11,1317,6
2021-05-03,El Dorado,017,186661,10090,9984,715,10699,110
2021-05-03,Fresno,019,978130,101895,101405,8486,109891,1678
2021-05-03,Glenn,021,27897,2397,2375,538,2913,17
2021-05-03,Humboldt,023,135768,3903,3865,32,3897,36
2021-05-03,Imperial,025,180216,28352,28280,2639,30919,720
2021-05-03,Inyo,027,18085,1401,1398,11,1409,36
2021-05-03,Kern,029,883053,96704,95693,10542,106235,1299
2021-05-03,Kings,031,150075,23046,22821,1055,23876,246
2021-05-03,Lake,033,64148,3474,3446,9,3455,43
2021-05-03,Lassen,035,31185,5175,5142,104,5246,1
2021-05-03,Los Angeles,037,10098052,1202683,1193261,40471,1233732,23942
2021-05-03,Madera,039,155013,16510,16414,909,17323,235
2021-05-03,Marin,041,260295,13994,13927,241,14168,228
2021-05-03,Mariposa,043,17540,422,418,11,429,5
2021-05-03,Mendocino,045,87422,3859,3792,80,3872,46
2021-05-03,Merced,047,269075,30709,30814,1020,31834,444
2021-05-03,Modoc,049,8938,368,360,120,480,3
2021-05-03,Mono,051,14174,1250,1259,16,1275,3
2021-05-03,Monterey,053,433212,42982,42837,1816,44653,380
2021-05-03,Napa,055,140530,9813,9815,34,9849,81
2021-05-03,Nevada,057,99092,4727,4650,185,4835,70
2021-05-03,Orange,059,3164182,254391,253107,11105,264212,4968
2021-05-03,Placer,061,380077,22813,22289,1417,23706,287
2021-05-03,Plumas,063,18699,691,675,10,685,4
2021-05-03,Riverside,065,2383286,292813,287233,13741,300974,4412
2021-05-03,Sacramento,067,1510023,103961,103303,1656,104959,1602
2021-05-03,San Benito,069,59416,6023,6038,111,6149,63
2021-05-03,San Bernardino,071,2135413,292096,290886,8859,299745,4659
2021-05-03,San Diego,073,3302833,278350,276693,14589,291282,3712
2021-05-03,San Francisco,075,870044,36345,36538,1243,37781,541
2021-05-03,San Joaquin,077,732212,72235,71504,3401,74905,1325
2021-05-03,San Luis Obispo,079,281455,21175,20915,708,21623,254
2021-05-03,San Mateo,081,765935,41960,41689,457,42146,413
2021-05-03,Santa Barbara,083,443738,34238,34119,1111,35230,453
2021-05-03,Santa Clara,085,1922200,117827,118373,731,119104,1988
2021-05-03,Santa Cruz,087,273765,16140,16000,796,16796,207
2021-05-03,Shasta,089,179085,11930,11890,1480,13370,197
2021-05-03,Sierra,091,2930,56,54,12,66,0
2021-05-03,Siskiyou,093,43540,1801,1683,303,1986,11
2021-05-03,Solano,095,438530,32298,32201,516,32717,249
2021-05-03,Sonoma,097,501317,29700,29855,316,30171,318
2021-05-03,Stanislaus,099,539301,55419,55116,5772,60888,774
2021-05-03,Sutter,101,95872,9332,9370,80,9450,111
2021-05-03,Tehama,103,63373,4980,4952,550,5502,53
2021-05-03,Trinity,105,12862,482,326,83,409,3
2021-05-03,Tulare,107,460477,49846,48844,8727,57571,835
2021-05-03,Tuolumne,109,53932,3995,4038,40,4078,61
2021-05-03,Ventura,111,848112,80945,80291,2920,83211,1005
2021-05-03,Yolo,113,214977,13850,13809,204,14013,208
2021-05-03,Yuba,115,75493,5923,5880,118,5998,44
2021-05-02,Alameda,001,1643700,86878,86784,1870,88654,1272
2021-05-02,Alpine,003,1148,87,88,0,88,0
2021-05-02,Amador,005,37829,3642,3650,32,3682,46
2021-05-02,Butte,007,227075,12233,11859,1757,13616,198
2021-05-02,Calaveras,009,45235,2100,2098,13,2111,50
2021-05-02,Colusa,011,21464,1928,1931,292,2223,14
2021-05-02,Contra Costa,013,1133247,68370,67843,1212,69055,800
2021-05-02,Del Norte,015,27424,1347,1305,11,1316,6
2021-05-02,El Dorado,017,186661,10075,9962,714,10676,110
2021-05-02,Fresno,019,978130,101823,101372,8475,109847,1678
2021-05-02,Glenn,021,27897,2396,2374,536,2910,17
2021-05-02,Humboldt,023,135768,3891,3858,31,3889,36
2021-05-02,Imperial,025,180216,28318,28275,2630,30905,721
2021-05-02,Inyo,027,18085,1399,1398,11,1409,36
2021-05-02,Kern,029,883053,96646,95668,10535,106203,1299
2021-05-02,Kings,031,150075,23028,22816,1054,23870,246
2021-05-02,Lake,033,64148,3472,3443,9,3452,43
2021-05-02,Lassen,035,31185,5174,5142,103,5245,1
2021-05-02,Los Angeles,037,10098052,1202331,1193056,40450,1233506,23943
2021-05-02,Madera,039,155013,16504,16410,909,17319,235
2021-05-02,Marin,041,260295,13984,13917,241,14158,228
2021-05-02,Mariposa,043,17540,422,419,11,430,5
2021-05-02,Mendocino,045,87422,3854,3787,80,3867,46
2021-05-02,Merced,047,269075,30689,30793,1016,31809,444
2021-05-02,Modoc,049,8938,367,360,120,480,3
2021-05-02,Mono,051,14174,1249,1259,16,1275,3
2021-05-02,Monterey,053,433212,42968,42837,1815,44652,380
2021-05-02,Napa,055,140530,9809,9805,34,9839,81
2021-05-02,Nevada,057,99092,4711,4635,185,4820,70
2021-05-02,Orange,059,3164182,254317,253025,11091,264116,4968
2021-05-02,Placer,061,380077,22784,22264,1414,23678,287
2021-05-02,Plumas,063,18699,691,675,10,685,4
2021-05-02,Riverside,065,2383286,292713,287197,13731,300928,4412
2021-05-02,Sacramento,067,1510023,103821,103153,1649,104802,1602
2021-05-02,San Benito,069,59416,6018,6037,111,6148,63
2021-05-02,San Bernardino,071,2135413,291997,290859,8857,299716,4655
2021-05-02,San Diego,073,3302833,278154,276521,14562,291083,3712
2021-05-02,San Francisco,075,870044,36319,36522,1243,37765,541
2021-05-02,San Joaquin,077,732212,72171,71447,3395,74842,1325
2021-05-02,San Luis Obispo,079,281455,21154,20910,707,21617,254
2021-05-02,San Mateo,081,765935,41944,41656,456,42112,412
2021-05-02,Santa Barbara,083,443738,34224,34106,1111,35217,453
2021-05-02,Santa Clara,085,1922200,117753,118321,731,119052,1988
2021-05-02,Santa Cruz,087,273765,16135,15995,795,16790,207
2021-05-02,Shasta,089,179085,11914,11885,1472,13357,197
2021-05-02,Sierra,091,2930,56,54,12,66,0
2021-05-02,Siskiyou,093,43540,1790,1661,302,1963,11
2021-05-02,Solano,095,438530,32259,32151,512,32663,249
2021-05-02,Sonoma,097,501317,29678,29842,316,30158,318
2021-05-02,Stanislaus,099,539301,55345,55057,5765,60822,774
2021-05-02,Sutter,101,95872,9326,9363,80,9443,111
2021-05-02,Tehama,103,63373,4975,4950,548,5498,53
2021-05-02,Trinity,105,12862,482,326,83,409,3
2021-05-02,Tulare,107,460477,49828,48834,8719,57553,835
2021-05-02,Tuolumne,109,53932,3992,4038,40,4078,61
2021-05-02,Ventura,111,848112,80907,80284,2919,83203,1005
2021-05-02,Yolo,113,214977,13838,13799,203,14002,208
2021-05-02,Yuba,115,75493,5913,5879,118,5997,44
2021-05-01,Alameda,001,1643700,86835,86704,1867,88571,1270
2021-05-01,Alpine,003,1148,87,88,0,88,0
2021-05-01,Amador,005,37829,3642,3650,32,3682,46
2021-05-01,Butte,007,227075,12219,11845,1752,13597,198
2021-05-01,Calaveras,009,45235,2098,2096,13,2109,50
2021-05-01,Colusa,011,21464,1927,1931,292,2223,14
2021-05-01,Contra Costa,013,1133247,68318,67779,1209,68988,800
2021-05-01,Del Norte,015,27424,1346,1292,11,1303,6
2021-05-01,El Dorado,017,186661,10061,9944,712,10656,110
2021-05-01,Fresno,019,978130,101778,101326,8469,109795,1678
2021-05-01,Glenn,021,27897,2393,2369,535,2904,17
2021-05-01,Humboldt,023,135768,3877,3845,31,3876,36
2021-05-01,Imperial,025,180216,28311,28262,2630,30892,721
2021-05-01,Inyo,027,18085,1399,1397,11,1408,36
2021-05-01,Kern,029,883053,96619,95645,10524,106169,1299
2021-05-01,Kings,031,150075,23025,22797,1053,23850,246
2021-05-01,Lake,033,64148,3470,3441,9,3450,43
2021-05-01,Lassen,035,31185,5172,5142,103,5245,1
2021-05-01,Los Angeles,037,10098052,1202161,1192781,40436,1233217,23946
2021-05-01,Madera,039,155013,16500,16408,909,17317,235
2021-05-01,Marin,041,260295,13977,13902,241,14143,228
2021-05-01,Mariposa,043,17540,422,418,11,429,5
2021-05-01,Mendocino,045,87422,3852,3782,80,3862,46
2021-05-01,Merced,047,269075,30672,30771,1015,31786,444
2021-05-01,Modoc,049,8938,367,361,120,481,3
2021-05-01,Mono,051,14174,1249,1258,16,1274,3
2021-05-01,Monterey,053,433212,42962,42828,1815,44643,379
2021-05-01,Napa,055,140530,9806,9800,34,9834,81
2021-05-01,Nevada,057,99092,4706,4625,185,4810,70
2021-05-01,Orange,059,3164182,254274,252969,11081,264050,4964
2021-05-01,Placer,061,380077,22758,22240,1412,23652,287
2021-05-01,Plumas,063,18699,690,675,10,685,4
2021-05-01,Riverside,065,2383286,292674,287129,13729,300858,4412
2021-05-01,Sacramento,067,1510023,103740,103043,1648,104691,1602
2021-05-01,San Benito,069,59416,6015,6030,111,6141,63
2021-05-01,San Bernardino,071,2135413,291954,290802,8856,299658,4652
2021-05-01,San Diego,073,3302833,278030,276367,14541,290908,3706
2021-05-01,San Francisco,075,870044,36304,36496,1243,37739,541
2021-05-01,San Joaquin,077,732212,72122,71389,3393,74782,1325
2021-05-01,San Luis Obispo,079,281455,21149,20896,707,21603,254
2021-05-01,San Mateo,081,765935,41915,41617,455,42072,411
2021-05-01,Santa Barbara,083,443738,34219,34085,1110,35195,453
2021-05-01,Santa Clara,085,1922200,117701,118265,729,118994,1988
2021-05-01,Santa Cruz,087,273765,16132,15984,795,16779,207
2021-05-01,Shasta,089,179085,11894,11878,1465,13343,197
2021-05-01,Sierra,091,2930,56,53,12,65,0
2021-05-01,Siskiyou,093,43540,1782,1653,301,1954,11
2021-05-01,Solano,095,438530,32229,32124,504,32628,249
2021-05-01,Sonoma,097,501317,29675,29835,316,30151,318
2021-05-01,Stanislaus,099,539301,55310,55005,5759,60764,774
2021-05-01,Sutter,101,95872,9323,9358,80,9438,110
2021-05-01,Tehama,103,63373,4974,4950,547,5497,53
2021-05-01,Trinity,105,12862,482,326,82,408,3
2021-05-01,Tulare,107,460477,49821,48818,8713,57531,835
2021-05-01,Tuolumne,109,53932,3986,4035,40,4075,61
2021-05-01,Ventura,111,848112,80889,80268,2919,83187,1005
2021-05-01,Yolo,113,214977,13831,13784,201,13985,208
2021-05-01,Yuba,115,75493,5911,5875,118,5993,44
2021-04-30,Alameda,001,1643700,86774,86602,1864,88466,1268
2021-04-30,Alpine,003,1148,87,88,0,88,0
2021-04-30,Amador,005,37829,3640,3650,32,3682,46
2021-04-30,Butte,007,227075,12200,11812,1748,13560,197
2021-04-30,Calaveras,009,45235,2097,2087,13,2100,50
2021-04-30,Colusa,011,21464,1927,1931,291,2222,14
2021-04-30,Contra Costa,013,1133247,68270,67684,1206,68890,800
2021-04-30,Del Norte,015,27424,1334,1276,11,1287,6
2021-04-30,El Dorado,017,186661,10047,9906,712,10618,110
2021-04-30,Fresno,019,978130,101732,101263,8465,109728,1670
2021-04-30,Glenn,021,27897,2392,2369,535,2904,17
2021-04-30,Humboldt,023,135768,3864,3834,31,3865,36
2021-04-30,Imperial,025,180216,28302,28244,2627,30871,721
2021-04-30,Inyo,027,18085,1399,1397,11,1408,36
2021-04-30,Kern,029,883053,96602,95605,10520,106125,1298
2021-04-30,Kings,031,150075,23022,22793,1052,23845,246
2021-04-30,Lake,033,64148,3466,3440,9,3449,43
2021-04-30,Lassen,035,31185,5171,5140,103,5243,1
2021-04-30,Los Angeles,037,10098052,1201949,1192393,40423,1232816,23919
2021-04-30,Madera,039,155013,16494,16395,909,17304,235
2021-04-30,Marin,041,260295,13969,13895,239,14134,228
2021-04-30,Mariposa,043,17540,422,417,11,428,5
2021-04-30,Mendocino,045,87422,3848,3777,80,3857,46
2021-04-30,Merced,047,269075,30659,30740,1014,31754,444
2021-04-30,Modoc,049,8938,366,360,120,480,3
2021-04-30,Mono,051,14174,1249,1258,16,1274,3
2021-04-30,Monterey,053,433212,42948,42810,1814,44624,379
2021-04-30,Napa,055,140530,9802,9792,34,9826,81
2021-04-30,Nevada,057,99092,4698,4608,185,4793,70
2021-04-30,Orange,059,3164182,254217,252883,11075,263958,4956
2021-04-30,Placer,061,380077,22739,22190,1408,23598,287
2021-04-30,Plumas,063,18699,690,677,10,687,4
2021-04-30,Riverside,065,2383286,292616,287030,13722,300752,4412
2021-04-30,Sacramento,067,1510023,103639,102864,1644,104508,1596
2021-04-30,San Benito,069,59416,6011,6024,110,6134,63
2021-04-30,San Bernardino,071,2135413,291894,290704,8855,299559,4640
2021-04-30,San Diego,073,3302833,277934,276157,14530,290687,3702
2021-04-30,San Francisco,075,870044,36293,36453,1242,37695,538
2021-04-30,San Joaquin,077,732212,72070,71311,3390,74701,1306
2021-04-30,San Luis Obispo,079,281455,21143,20884,707,21591,255
2021-04-30,San Mateo,081,765935,41901,41583,454,42037,380
2021-04-30,Santa Barbara,083,443738,34206,34061,1110,35171,451
2021-04-30,Santa Clara,085,1922200,117643,118170,725,118895,1988
2021-04-30,Santa Cruz,087,273765,16127,15975,795,16770,207
2021-04-30,Shasta,089,179085,11873,11848,1462,13310,197
2021-04-30,Sierra,091,2930,56,53,12,65,0
2021-04-30,Siskiyou,093,43540,1771,1628,298,1926,11
2021-04-30,Solano,095,438530,32197,32050,501,32551,249
2021-04-30,Sonoma,097,501317,29665,29816,314,30130,318
2021-04-30,Stanislaus,099,539301,55259,54938,5756,60694,774
2021-04-30,Sutter,101,95872,9321,9353,80,9433,110
2021-04-30,Tehama,103,63373,4971,4944,547,5491,53
2021-04-30,Trinity,105,12862,482,326,82,408,3
2021-04-30,Tulare,107,460477,49811,48797,8697,57494,836
2021-04-30,Tuolumne,109,53932,3985,4033,40,4073,61
2021-04-30,Ventura,111,848112,80849,80232,2914,83146,1004
2021-04-30,Yolo,113,214977,13819,13756,201,13957,208
2021-04-30,Yuba,115,75493,5903,5870,118,5988,44
2021-04-29,Alameda,001,1643700,86707,86490,1863,88353,1263
2021-04-29,Alpine,003,1148,87,88,0,88,0
2021-04-29,Amador,005,37829,3640,3649,32,3681,46
2021-04-29,Butte,007,227075,12185,11787,1746,13533,196
2021-04-29,Calaveras,009,45235,2094,2082,13,2095,50
2021-04-29,Colusa,011,21464,1927,1929,291,2220,14
2021-04-29,Contra Costa,013,1133247,68215,67606,1203,68809,795
2021-04-29,Del Norte,015,27424,1330,1271,11,1282,6
2021-04-29,El Dorado,017,186661,10027,9884,709,10593,107
2021-04-29,Fresno,019,978130,101678,101189,8454,109643,1667
2021-04-29,Glenn,021,27897,2389,2369,535,2904,17
2021-04-29,Humboldt,023,135768,3850,3815,31,3846,36
2021-04-29,Imperial,025,180216,28290,28235,2626,30861,720
2021-04-29,Inyo,027,18085,1399,1396,11,1407,36
2021-04-29,Kern,029,883053,96569,95547,10516,106063,1295
2021-04-29,Kings,031,150075,23012,22777,1047,23824,245
2021-04-29,Lake,033,64148,3458,3438,9,3447,43
2021-04-29,Lassen,035,31185,5171,5140,103,5243,1
2021-04-29,Los Angeles,037,10098052,1201671,1192068,40402,1232470,23899
2021-04-29,Madera,039,155013,16489,16383,908,17291,235
2021-04-29,Marin,041,260295,13965,13884,231,14115,228
2021-04-29,Mariposa,043,17540,421,416,11,427,5
2021-04-29,Mendocino,045,87422,3842,3774,80,3854,46
2021-04-29,Merced,047,269075,30640,30706,1013,31719,444
2021-04-29,Modoc,049,8938,366,360,120,480,3
2021-04-29,Mono,051,14174,1246,1259,16,1275,3
2021-04-29,Monterey,053,433212,42931,42797,1813,44610,379
2021-04-29,Napa,055,140530,9788,9789,34,9823,81
2021-04-29,Nevada,057,99092,4687,4590,185,4775,70
2021-04-29,Orange,059,3164182,254147,252823,11060,263883,4934
2021-04-29,Placer,061,380077,22714,22161,1406,23567,286
2021-04-29,Plumas,063,18699,689,676,10,686,4
2021-04-29,Riverside,065,2383286,292548,286947,13720,300667,4409
2021-04-29,Sacramento,067,1510023,103506,102686,1635,104321,1593
2021-04-29,San Benito,069,59416,6010,6023,110,6133,63
2021-04-29,San Bernardino,071,2135413,291822,290606,8850,299456,4609
2021-04-29,San Diego,073,3302833,277783,275961,14513,290474,3700
2021-04-29,San Francisco,075,870044,36268,36412,1242,37654,537
2021-04-29,San Joaquin,077,732212,72004,71225,3385,74610,1301
2021-04-29,San Luis Obispo,079,281455,21132,20876,707,21583,255
2021-04-29,San Mateo,081,765935,41873,41538,453,41991,358
2021-04-29,Santa Barbara,083,443738,34190,34039,1108,35147,448
2021-04-29,Santa Clara,085,1922200,117588,118082,722,118804,1984
2021-04-29,Santa Cruz,087,273765,16121,15961,795,16756,205
2021-04-29,Shasta,089,179085,11842,11836,1454,13290,193
2021-04-29,Sierra,091,2930,56,53,12,65,0
2021-04-29,Siskiyou,093,43540,1762,1615,295,1910,11
2021-04-29,Solano,095,438530,32156,32002,497,32499,248
2021-04-29,Sonoma,097,501317,29650,29785,311,30096,318
2021-04-29,Stanislaus,099,539301,55192,54836,5751,60587,774
2021-04-29,Sutter,101,95872,9314,9346,80,9426,110
2021-04-29,Tehama,103,63373,4963,4939,547,5486,53
2021-04-29,Trinity,105,12862,482,326,82,408,3
2021-04-29,Tulare,107,460477,49793,48785,8686,57471,832
2021-04-29,Tuolumne,109,53932,3984,4030,40,4070,58
2021-04-29,Ventura,111,848112,80815,80188,2912,83100,1002
2021-04-29,Yolo,113,214977,13799,13745,200,13945,205
2021-04-29,Yuba,115,75493,5893,5865,118,5983,44
2021-04-28,Alameda,001,1643700,86635,86390,1859,88249,1260
2021-04-28,Alpine,003,1148,87,88,0,88,0
2021-04-28,Amador,005,37829,3640,3646,32,3678,46
2021-04-28,Butte,007,227075,12165,11762,1741,13503,196
2021-04-28,Calaveras,009,45235,2090,2078,12,2090,50
2021-04-28,Colusa,011,21464,1924,1927,290,2217,14
2021-04-28,Contra Costa,013,1133247,68155,67539,1201,68740,795
2021-04-28,Del Norte,015,27424,1322,1267,11,1278,6
2021-04-28,El Dorado,017,186661,10002,9873,709,10582,107
2021-04-28,Fresno,019,978130,101631,101161,8444,109605,1666
2021-04-28,Glenn,021,27897,2386,2368,535,2903,17
2021-04-28,Humboldt,023,135768,3834,3796,31,3827,36
2021-04-28,Imperial,025,180216,28276,28177,2625,30802,720
2021-04-28,Inyo,027,18085,1399,1396,10,1406,36
2021-04-28,Kern,029,883053,96540,95494,10507,106001,1295
2021-04-28,Kings,031,150075,23000,22767,1045,23812,245
2021-04-28,Lake,033,64148,3455,3433,9,3442,43
2021-04-28,Lassen,035,31185,5171,5138,103,5241,1
2021-04-28,Los Angeles,037,10098052,1201369,1191729,40375,1232104,23858
2021-04-28,Madera,039,155013,16485,16372,908,17280,235
2021-04-28,Marin,041,260295,13954,13866,231,14097,227
2021-04-28,Mariposa,043,17540,418,415,11,426,5
2021-04-28,Mendocino,045,87422,3836,3770,78,3848,46
2021-04-28,Merced,047,269075,30622,30649,1013,31662,443
2021-04-28,Modoc,049,8938,366,360,120,480,3
2021-04-28,Mono,051,14174,1246,1258,16,1274,3
2021-04-28,Monterey,053,433212,42926,42776,1813,44589,379
2021-04-28,Napa,055,140530,9777,9777,34,9811,81
2021-04-28,Nevada,057,99092,4667,4570,185,4755,70
2021-04-28,Orange,059,3164182,254067,252747,11048,263795,4931
2021-04-28,Placer,061,380077,22687,22115,1405,23520,285
2021-04-28,Plumas,063,18699,689,676,10,686,4
2021-04-28,Riverside,065,2383286,292492,286868,13714,300582,4407
2021-04-28,Sacramento,067,1510023,103384,102613,1631,104244,1591
2021-04-28,San Benito,069,59416,6008,6021,110,6131,63
2021-04-28,San Bernardino,071,2135413,291743,290548,8840,299388,4582
2021-04-28,San Diego,073,3302833,277629,275821,14499,290320,3698
2021-04-28,San Francisco,075,870044,36238,36382,1241,37623,534
2021-04-28,San Joaquin,077,732212,71924,71171,3377,74548,1301
2021-04-28,San Luis Obispo,079,281455,21124,20851,707,21558,255
2021-04-28,San Mateo,081,765935,41848,41498,451,41949,358
2021-04-28,Santa Barbara,083,443738,34176,34003,1108,35111,448
2021-04-28,Santa Clara,085,1922200,117519,117997,720,118717,1969
2021-04-28,Santa Cruz,087,273765,16117,15943,794,16737,205
2021-04-28,Shasta,089,179085,11826,11815,1447,13262,192
2021-04-28,Sierra,091,2930,56,51,12,63,0
2021-04-28,Siskiyou,093,43540,1749,1603,292,1895,11
2021-04-28,Solano,095,438530,32124,31982,492,32474,248
2021-04-28,Sonoma,097,501317,29636,29773,307,30080,318
2021-04-28,Stanislaus,099,539301,55137,54745,5748,60493,774
2021-04-28,Sutter,101,95872,9309,9343,80,9423,110
2021-04-28,Tehama,103,63373,4958,4930,546,5476,53
2021-04-28,Trinity,105,12862,482,326,82,408,3
2021-04-28,Tulare,107,460477,49775,48754,8671,57425,832
2021-04-28,Tuolumne,109,53932,3981,4029,40,4069,58
2021-04-28,Ventura,111,848112,80780,80172,2910,83082,1000
2021-04-28,Yolo,113,214977,13785,13721,199,13920,205
2021-04-28,Yuba,115,75493,5887,5857,118,5975,44
2021-04-27,Alameda,001,1643700,86545,86301,1853,88154,1260
2021-04-27,Alpine,003,1148,87,88,0,88,0
2021-04-27,Amador,005,37829,3640,3645,32,3677,46
2021-04-27,Butte,007,227075,12140,11738,1735,13473,196
2021-04-27,Calaveras,009,45235,2088,2076,12,2088,50
2021-04-27,Colusa,011,21464,1923,1926,290,2216,14
2021-04-27,Contra Costa,013,1133247,68086,67470,1197,68667,791
2021-04-27,Del Norte,015,27424,1310,1266,11,1277,6
2021-04-27,El Dorado,017,186661,9973,9866,706,10572,106
2021-04-27,Fresno,019,978130,101566,101138,8434,109572,1663
2021-04-27,Glenn,021,27897,2386,2368,535,2903,17
2021-04-27,Humboldt,023,135768,3822,3780,31,3811,35
2021-04-27,Imperial,025,180216,28260,28149,2619,30768,720
2021-04-27,Inyo,027,18085,1399,1396,10,1406,36
2021-04-27,Kern,029,883053,96483,95466,10497,105963,1295
2021-04-27,Kings,031,150075,22985,22759,1043,23802,244
2021-04-27,Lake,033,64148,3454,3431,9,3440,43
2021-04-27,Lassen,035,31185,5171,5137,103,5240,1
2021-04-27,Los Angeles,037,10098052,1201046,1191504,40345,1231849,23825
2021-04-27,Madera,039,155013,16478,16365,908,17273,235
2021-04-27,Marin,041,260295,13932,13855,231,14086,227
2021-04-27,Mariposa,043,17540,417,413,11,424,5
2021-04-27,Mendocino,045,87422,3832,3765,78,3843,46
2021-04-27,Merced,047,269075,30581,30620,1013,31633,443
2021-04-27,Modoc,049,8938,365,360,120,480,3
2021-04-27,Mono,051,14174,1246,1257,16,1273,3
2021-04-27,Monterey,053,433212,42908,42752,1810,44562,379
2021-04-27,Napa,055,140530,9770,9774,32,9806,81
2021-04-27,Nevada,057,99092,4652,4557,185,4742,70
2021-04-27,Orange,059,3164182,253997,252667,11043,263710,4925
2021-04-27,Placer,061,380077,22658,22050,1401,23451,285
2021-04-27,Plumas,063,18699,688,675,10,685,4
2021-04-27,Riverside,065,2383286,292416,286820,13710,300530,4405
2021-04-27,Sacramento,067,1510023,103255,102595,1621,104216,1589
2021-04-27,San Benito,069,59416,6003,6016,110,6126,63
2021-04-27,San Bernardino,071,2135413,291676,290461,8835,299296,4575
2021-04-27,San Diego,073,3302833,277472,275685,14479,290164,3692
2021-04-27,San Francisco,075,870044,36210,36358,1240,37598,533
2021-04-27,San Joaquin,077,732212,71871,71104,3371,74475,1301
2021-04-27,San Luis Obispo,079,281455,21117,20841,707,21548,255
2021-04-27,San Mateo,081,765935,41813,41474,450,41924,358
2021-04-27,Santa Barbara,083,443738,34152,33973,1107,35080,448
2021-04-27,Santa Clara,085,1922200,117469,117945,719,118664,1969
2021-04-27,Santa Cruz,087,273765,16110,15905,793,16698,205
2021-04-27,Shasta,089,179085,11798,11802,1440,13242,192
2021-04-27,Sierra,091,2930,56,51,12,63,0
2021-04-27,Siskiyou,093,43540,1734,1597,291,1888,11
2021-04-27,Solano,095,438530,32076,31964,491,32455,248
2021-04-27,Sonoma,097,501317,29618,29761,306,30067,318
2021-04-27,Stanislaus,099,539301,55067,54695,5740,60435,752
2021-04-27,Sutter,101,95872,9304,9342,80,9422,110
2021-04-27,Tehama,103,63373,4955,4922,542,5464,53
2021-04-27,Trinity,105,12862,482,326,82,408,3
2021-04-27,Tulare,107,460477,49758,48744,8662,57406,832
2021-04-27,Tuolumne,109,53932,3978,4028,40,4068,58
2021-04-27,Ventura,111,848112,80751,80152,2908,83060,1000
2021-04-27,Yolo,113,214977,13772,13697,197,13894,205
2021-04-27,Yuba,115,75493,5887,5853,118,5971,44
2021-04-26,Alameda,001,1643700,86451,86230,1850,88080,1256
2021-04-26,Alpine,003,1148,87,88,0,88,0
2021-04-26,Amador,005,37829,3639,3645,32,3677,46
2021-04-26,Butte,007,227075,12116,11720,1731,13451,196
2021-04-26,Calaveras,009,45235,2082,2074,12,2086,50
2021-04-26,Colusa,011,21464,1923,1925,289,2214,14
2021-04-26,Contra Costa,013,1133247,68019,67392,1193,68585,789
2021-04-26,Del Norte,015,27424,1301,1263,11,1274,6
2021-04-26,El Dorado,017,186661,9952,9849,705,10554,106
2021-04-26,Fresno,019,978130,101511,101099,8421,109520,1662
2021-04-26,Glenn,021,27897,2384,2367,535,2902,17
2021-04-26,Humboldt,023,135768,3812,3764,30,3794,35
2021-04-26,Imperial,025,180216,28247,28148,2616,30764,720
2021-04-26,Inyo,027,18085,1398,1396,10,1406,36
2021-04-26,Kern,029,883053,96456,95429,10491,105920,1295
2021-04-26,Kings,031,150075,22982,22756,1040,23796,244
2021-04-26,Lake,033,64148,3449,3428,9,3437,43
2021-04-26,Lassen,035,31185,5171,5138,103,5241,1
2021-04-26,Los Angeles,037,10098052,1200717,1191253,40326,1231579,23802
2021-04-26,Madera,039,155013,16466,16353,907,17260,231
2021-04-26,Marin,041,260295,13917,13849,231,14080,227
2021-04-26,Mariposa,043,17540,416,410,11,421,5
2021-04-26,Mendocino,045,87422,3830,3757,77,3834,46
2021-04-26,Merced,047,269075,30564,30611,1010,31621,443
2021-04-26,Modoc,049,8938,365,360,120,480,3
2021-04-26,Mono,051,14174,1246,1258,16,1274,3
2021-04-26,Monterey,053,433212,42892,42740,1809,44549,379
2021-04-26,Napa,055,140530,9758,9769,32,9801,79
2021-04-26,Nevada,057,99092,4631,4548,185,4733,70
2021-04-26,Orange,059,3164182,253913,252592,11033,263625,4919
2021-04-26,Placer,061,380077,22630,22032,1396,23428,285
2021-04-26,Plumas,063,18699,688,670,10,680,4
2021-04-26,Riverside,065,2383286,292354,286724,13702,300426,4401
2021-04-26,Sacramento,067,1510023,103083,102459,1609,104068,1587
2021-04-26,San Benito,069,59416,6001,6013,110,6123,63
2021-04-26,San Bernardino,071,2135413,291624,290394,8834,299228,4572
2021-04-26,San Diego,073,3302833,277297,275541,14451,289992,3692
2021-04-26,San Francisco,075,870044,36182,36330,1239,37569,532
2021-04-26,San Joaquin,077,732212,71805,71050,3363,74413,1301
2021-04-26,San Luis Obispo,079,281455,21109,20830,706,21536,255
2021-04-26,San Mateo,081,765935,41783,41457,450,41907,357
2021-04-26,Santa Barbara,083,443738,34121,33948,1107,35055,448
2021-04-26,Santa Clara,085,1922200,117369,117874,716,118590,1968
2021-04-26,Santa Cruz,087,273765,16101,15877,793,16670,205
2021-04-26,Shasta,089,179085,11781,11787,1434,13221,192
2021-04-26,Sierra,091,2930,55,51,12,63,0
2021-04-26,Siskiyou,093,43540,1724,1592,288,1880,11
2021-04-26,Solano,095,438530,32031,31913,489,32402,247
2021-04-26,Sonoma,097,501317,29595,29755,304,30059,318
2021-04-26,Stanislaus,099,539301,54977,54638,5734,60372,744
2021-04-26,Sutter,101,95872,9299,9328,80,9408,110
2021-04-26,Tehama,103,63373,4950,4920,539,5459,53
2021-04-26,Trinity,105,12862,482,326,82,408,3
2021-04-26,Tulare,107,460477,49738,48735,8653,57388,831
2021-04-26,Tuolumne,109,53932,3977,4024,40,4064,58
2021-04-26,Ventura,111,848112,80726,80137,2905,83042,999
2021-04-26,Yolo,113,214977,13752,13684,194,13878,205
2021-04-26,Yuba,115,75493,5885,5851,118,5969,44
2021-04-25,Alameda,001,1643700,86350,86162,1844,88006,1256
2021-04-25,Alpine,003,1148,87,87,0,87,0
2021-04-25,Amador,005,37829,3638,3643,32,3675,46
2021-04-25,Butte,007,227075,12087,11709,1724,13433,196
2021-04-25,Calaveras,009,45235,2077,2072,11,2083,50
2021-04-25,Colusa,011,21464,1922,1924,289,2213,14
2021-04-25,Contra Costa,013,1133247,67927,67316,1192,68508,789
2021-04-25,Del Norte,015,27424,1295,1259,11,1270,6
2021-04-25,El Dorado,017,186661,9935,9837,703,10540,106
2021-04-25,Fresno,019,978130,101452,101061,8409,109470,1662
2021-04-25,Glenn,021,27897,2384,2366,535,2901,17
2021-04-25,Humboldt,023,135768,3799,3751,30,3781,35
2021-04-25,Imperial,025,180216,28221,28136,2614,30750,720
2021-04-25,Inyo,027,18085,1398,1396,10,1406,36
2021-04-25,Kern,029,883053,96390,95398,10479,105877,1295
2021-04-25,Kings,031,150075,22968,22755,1038,23793,244
2021-04-25,Lake,033,64148,3447,3427,9,3436,43
2021-04-25,Lassen,035,31185,5169,5138,103,5241,1
2021-04-25,Los Angeles,037,10098052,1200381,1190970,40306,1231276,23799
2021-04-25,Madera,039,155013,16454,16346,907,17253,231
2021-04-25,Marin,041,260295,13908,13852,231,14083,227
2021-04-25,Mariposa,043,17540,416,410,11,421,5
2021-04-25,Mendocino,045,87422,3823,3757,77,3834,46
2021-04-25,Merced,047,269075,30530,30586,1009,31595,443
2021-04-25,Modoc,049,8938,365,360,120,480,3
2021-04-25,Mono,051,14174,1246,1257,16,1273,3
2021-04-25,Monterey,053,433212,42879,42737,1807,44544,379
2021-04-25,Napa,055,140530,9753,9762,32,9794,79
2021-04-25,Nevada,057,99092,4619,4536,185,4721,70
2021-04-25,Orange,059,3164182,253837,252531,11027,263558,4919
2021-04-25,Placer,061,380077,22584,22011,1388,23399,285
2021-04-25,Plumas,063,18699,687,670,10,680,4
2021-04-25,Riverside,065,2383286,292260,286651,13696,300347,4401
2021-04-25,Sacramento,067,1510023,102915,102319,1599,103918,1587
2021-04-25,San Benito,069,59416,5999,6014,109,6123,63
2021-04-25,San Bernardino,071,2135413,291549,290357,8826,299183,4571
2021-04-25,San Diego,073,3302833,277084,275412,14418,289830,3692
2021-04-25,San Francisco,075,870044,36151,36310,1239,37549,532
2021-04-25,San Joaquin,077,732212,71710,70987,3353,74340,1301
2021-04-25,San Luis Obispo,079,281455,21090,20820,704,21524,255
2021-04-25,San Mateo,081,765935,41748,41465,449,41914,356
2021-04-25,Santa Barbara,083,443738,34095,33931,1107,35038,448
2021-04-25,Santa Clara,085,1922200,117290,117778,714,118492,1968
2021-04-25,Santa Cruz,087,273765,16095,15868,791,16659,205
2021-04-25,Shasta,089,179085,11758,11784,1429,13213,192
2021-04-25,Sierra,091,2930,55,51,12,63,0
2021-04-25,Siskiyou,093,43540,1713,1580,286,1866,11
2021-04-25,Solano,095,438530,31984,31864,481,32345,247
2021-04-25,Sonoma,097,501317,29577,29756,304,30060,318
2021-04-25,Stanislaus,099,539301,54881,54543,5726,60269,744
2021-04-25,Sutter,101,95872,9293,9326,80,9406,110
2021-04-25,Tehama,103,63373,4946,4916,537,5453,53
2021-04-25,Trinity,105,12862,482,326,82,408,3
2021-04-25,Tulare,107,460477,49722,48728,8640,57368,831
2021-04-25,Tuolumne,109,53932,3975,4022,40,4062,58
2021-04-25,Ventura,111,848112,80702,80110,2905,83015,999
2021-04-25,Yolo,113,214977,13726,13667,193,13860,205
2021-04-25,Yuba,115,75493,5882,5849,117,5966,44
2021-04-24,Alameda,001,1643700,86295,86016,1842,87858,1257
2021-04-24,Alpine,003,1148,87,86,0,86,0
2021-04-24,Amador,005,37829,3637,3640,32,3672,46
2021-04-24,Butte,007,227075,12071,11678,1722,13400,196
2021-04-24,Calaveras,009,45235,2073,2067,11,2078,50
2021-04-24,Colusa,011,21464,1921,1921,289,2210,14
2021-04-24,Contra Costa,013,1133247,67856,67222,1190,68412,789
2021-04-24,Del Norte,015,27424,1290,1255,11,1266,6
2021-04-24,El Dorado,017,186661,9924,9814,702,10516,106
2021-04-24,Fresno,019,978130,101421,100991,8403,109394,1662
2021-04-24,Glenn,021,27897,2384,2363,535,2898,17
2021-04-24,Humboldt,023,135768,3785,3722,30,3752,35
2021-04-24,Imperial,025,180216,28214,28124,2613,30737,720
2021-04-24,Inyo,027,18085,1397,1396,10,1406,36
2021-04-24,Kern,029,883053,96371,95365,10469,105834,1295
2021-04-24,Kings,031,150075,22965,22749,1038,23787,244
2021-04-24,Lake,033,64148,3446,3426,9,3435,43
2021-04-24,Lassen,035,31185,5168,5137,103,5240,1
2021-04-24,Los Angeles,037,10098052,1200149,1190603,40290,1230893,23802
2021-04-24,Madera,039,155013,16451,16338,907,17245,231
2021-04-24,Marin,041,260295,13900,13847,231,14078,227
2021-04-24,Mariposa,043,17540,416,409,11,420,5
2021-04-24,Mendocino,045,87422,3821,3754,75,3829,46
2021-04-24,Merced,047,269075,30510,30559,1009,31568,443
2021-04-24,Modoc,049,8938,365,360,120,480,3
2021-04-24,Mono,051,14174,1246,1256,16,1272,3
2021-04-24,Monterey,053,433212,42867,42727,1806,44533,379
2021-04-24,Napa,055,140530,9747,9756,32,9788,79
2021-04-24,Nevada,057,99092,4612,4522,185,4707,70
2021-04-24,Orange,059,3164182,253793,252441,11021,263462,4910
2021-04-24,Placer,061,380077,22571,21983,1387,23370,285
2021-04-24,Plumas,063,18699,686,670,10,680,4
2021-04-24,Riverside,065,2383286,292192,286552,13692,300244,4400
2021-04-24,Sacramento,067,1510023,102832,102179,1592,103771,1587
2021-04-24,San Benito,069,59416,5997,6007,109,6116,63
2021-04-24,San Bernardino,071,2135413,291500,290264,8825,299089,4568
2021-04-24,San Diego,073,3302833,276981,275252,14398,289650,3688
2021-04-24,San Francisco,075,870044,36122,36285,1235,37520,532
2021-04-24,San Joaquin,077,732212,71667,70911,3350,74261,1301
2021-04-24,San Luis Obispo,079,281455,21080,20797,703,21500,255
2021-04-24,San Mateo,081,765935,41735,41424,447,41871,355
2021-04-24,Santa Barbara,083,443738,34080,33911,1106,35017,448
2021-04-24,Santa Clara,085,1922200,117235,117674,712,118386,1968
2021-04-24,Santa Cruz,087,273765,16087,15840,791,16631,205
2021-04-24,Shasta,089,179085,11740,11770,1426,13196,192
2021-04-24,Sierra,091,2930,55,51,12,63,0
2021-04-24,Siskiyou,093,43540,1703,1574,285,1859,11
2021-04-24,Solano,095,438530,31961,31821,478,32299,247
2021-04-24,Sonoma,097,501317,29575,29739,304,30043,318
2021-04-24,Stanislaus,099,539301,54832,54455,5723,60178,744
2021-04-24,Sutter,101,95872,9290,9316,80,9396,110
2021-04-24,Tehama,103,63373,4941,4907,537,5444,53
2021-04-24,Trinity,105,12862,482,326,82,408,3
2021-04-24,Tulare,107,460477,49711,48705,8630,57335,830
2021-04-24,Tuolumne,109,53932,3971,4020,40,4060,58
2021-04-24,Ventura,111,848112,80689,80097,2903,83000,999
2021-04-24,Yolo,113,214977,13715,13653,193,13846,205
2021-04-24,Yuba,115,75493,5880,5837,117,5954,44
2021-04-23,Alameda,001,1643700,86221,85935,1839,87774,1256
2021-04-23,Alpine,003,1148,86,86,0,86,0
2021-04-23,Amador,005,37829,3636,3637,32,3669,46
2021-04-23,Butte,007,227075,12050,11672,1717,13389,196
2021-04-23,Calaveras,009,45235,2070,2064,11,2075,50
2021-04-23,Colusa,011,21464,1920,1921,289,2210,14
2021-04-23,Contra Costa,013,1133247,67802,67164,1188,68352,785
2021-04-23,Del Norte,015,27424,1289,1254,11,1265,6
2021-04-23,El Dorado,017,186661,9906,9788,699,10487,106
2021-04-23,Fresno,019,978130,101380,100928,8397,109325,1662
2021-04-23,Glenn,021,27897,2384,2361,534,2895,17
2021-04-23,Humboldt,023,135768,3775,3698,30,3728,35
2021-04-23,Imperial,025,180216,28199,28108,2612,30720,720
2021-04-23,Inyo,027,18085,1397,1395,10,1405,36
2021-04-23,Kern,029,883053,96346,95330,10463,105793,1295
2021-04-23,Kings,031,150075,22962,22735,1038,23773,244
2021-04-23,Lake,033,64148,3444,3425,9,3434,43
2021-04-23,Lassen,035,31185,5168,5141,103,5244,1
2021-04-23,Los Angeles,037,10098052,1199879,1190264,40266,1230530,23785
2021-04-23,Madera,039,155013,16442,16328,907,17235,231
2021-04-23,Marin,041,260295,13895,13838,231,14069,227
2021-04-23,Mariposa,043,17540,415,405,11,416,5
2021-04-23,Mendocino,045,87422,3819,3745,74,3819,46
2021-04-23,Merced,047,269075,30493,30530,1008,31538,443
2021-04-23,Modoc,049,8938,365,360,120,480,3
2021-04-23,Mono,051,14174,1244,1256,16,1272,3
2021-04-23,Monterey,053,433212,42861,42722,1806,44528,377
2021-04-23,Napa,055,140530,9742,9752,32,9784,79
2021-04-23,Nevada,057,99092,4603,4510,185,4695,70
2021-04-23,Orange,059,3164182,253749,252399,11014,263413,4904
2021-04-23,Placer,061,380077,22548,21959,1386,23345,282
2021-04-23,Plumas,063,18699,685,670,10,680,4
2021-04-23,Riverside,065,2383286,292133,286456,13687,300143,4399
2021-04-23,Sacramento,067,1510023,102745,102041,1589,103630,1586
2021-04-23,San Benito,069,59416,5995,6005,109,6114,63
2021-04-23,San Bernardino,071,2135413,291449,290189,8824,299013,4568
2021-04-23,San Diego,073,3302833,276842,275097,14375,289472,3684
2021-04-23,San Francisco,075,870044,36106,36252,1234,37486,532
2021-04-23,San Joaquin,077,732212,71611,70840,3347,74187,1295
2021-04-23,San Luis Obispo,079,281455,21071,20781,702,21483,255
2021-04-23,San Mateo,081,765935,41709,41386,447,41833,355
2021-04-23,Santa Barbara,083,443738,34070,33895,1104,34999,447
2021-04-23,Santa Clara,085,1922200,117173,117593,711,118304,1965
2021-04-23,Santa Cruz,087,273765,16080,15802,791,16593,205
2021-04-23,Shasta,089,179085,11733,11759,1425,13184,192
2021-04-23,Sierra,091,2930,55,51,12,63,0
2021-04-23,Siskiyou,093,43540,1691,1567,284,1851,11
2021-04-23,Solano,095,438530,31929,31784,474,32258,247
2021-04-23,Sonoma,097,501317,29561,29727,304,30031,318
2021-04-23,Stanislaus,099,539301,54770,54391,5715,60106,744
2021-04-23,Sutter,101,95872,9288,9312,80,9392,110
2021-04-23,Tehama,103,63373,4938,4906,537,5443,53
2021-04-23,Trinity,105,12862,482,326,82,408,3
2021-04-23,Tulare,107,460477,49694,48694,8623,57317,829
2021-04-23,Tuolumne,109,53932,3970,4020,40,4060,58
2021-04-23,Ventura,111,848112,80670,80095,2903,82998,996
2021-04-23,Yolo,113,214977,13704,13647,192,13839,205
2021-04-23,Yuba,115,75493,5877,5828,117,5945,44
2021-04-22,Alameda,001,1643700,86131,85829,1838,87667,1253
2021-04-22,Alpine,003,1148,86,86,0,86,0
2021-04-22,Amador,005,37829,3635,3633,32,3665,46
2021-04-22,Butte,007,227075,12036,11656,1714,13370,196
2021-04-22,Calaveras,009,45235,2068,2059,11,2070,50
2021-04-22,Colusa,011,21464,1918,1920,287,2207,14
2021-04-22,Contra Costa,013,1133247,67730,67029,1184,68213,782
2021-04-22,Del Norte,015,27424,1284,1252,11,1263,6
2021-04-22,El Dorado,017,186661,9894,9773,696,10469,106
2021-04-22,Fresno,019,978130,101335,100864,8386,109250,1657
2021-04-22,Glenn,021,27897,2383,2361,534,2895,17
2021-04-22,Humboldt,023,135768,3766,3680,30,3710,35
2021-04-22,Imperial,025,180216,28178,28096,2609,30705,720
2021-04-22,Inyo,027,18085,1396,1394,10,1404,36
2021-04-22,Kern,029,883053,96303,95292,10448,105740,1299
2021-04-22,Kings,031,150075,22952,22725,1038,23763,243
2021-04-22,Lake,033,64148,3442,3423,9,3432,43
2021-04-22,Lassen,035,31185,5168,5155,103,5258,1
2021-04-22,Los Angeles,037,10098052,1199557,1189878,40245,1230123,23762
2021-04-22,Madera,039,155013,16423,16316,907,17223,231
2021-04-22,Marin,041,260295,13887,13832,231,14063,227
2021-04-22,Mariposa,043,17540,414,403,11,414,5
2021-04-22,Mendocino,045,87422,3813,3729,74,3803,46
2021-04-22,Merced,047,269075,30458,30490,1007,31497,443
2021-04-22,Modoc,049,8938,365,360,120,480,3
2021-04-22,Mono,051,14174,1244,1254,16,1270,3
2021-04-22,Monterey,053,433212,42854,42708,1804,44512,377
2021-04-22,Napa,055,140530,9732,9734,32,9766,79
2021-04-22,Nevada,057,99092,4593,4504,183,4687,70
2021-04-22,Orange,059,3164182,253676,252307,11001,263308,4898
2021-04-22,Placer,061,380077,22517,21916,1382,23298,282
2021-04-22,Plumas,063,18699,684,670,10,680,4
2021-04-22,Riverside,065,2383286,292034,286362,13678,300040,4398
2021-04-22,Sacramento,067,1510023,102596,101870,1580,103450,1585
2021-04-22,San Benito,069,59416,5991,5998,109,6107,63
2021-04-22,San Bernardino,071,2135413,291380,290125,8815,298940,4571
2021-04-22,San Diego,073,3302833,276676,275913,14353,290266,3684
2021-04-22,San Francisco,075,870044,36083,36218,1231,37449,532
2021-04-22,San Joaquin,077,732212,71552,70751,3340,74091,1295
2021-04-22,San Luis Obispo,079,281455,21057,20761,702,21463,255
2021-04-22,San Mateo,081,765935,41683,41345,445,41790,355
2021-04-22,Santa Barbara,083,443738,34047,33870,1103,34973,446
2021-04-22,Santa Clara,085,1922200,117085,117457,707,118164,1954
2021-04-22,Santa Cruz,087,273765,16077,15737,790,16527,205
2021-04-22,Shasta,089,179085,11718,11738,1423,13161,192
2021-04-22,Sierra,091,2930,55,51,12,63,0
2021-04-22,Siskiyou,093,43540,1687,1564,283,1847,11
2021-04-22,Solano,095,438530,31883,31731,471,32202,247
2021-04-22,Sonoma,097,501317,29546,29705,300,30005,318
2021-04-22,Stanislaus,099,539301,54697,54313,5709,60022,744
2021-04-22,Sutter,101,95872,9284,9302,80,9382,110
2021-04-22,Tehama,103,63373,4932,4896,533,5429,53
2021-04-22,Trinity,105,12862,482,326,82,408,3
2021-04-22,Tulare,107,460477,49674,48669,8614,57283,828
2021-04-22,Tuolumne,109,53932,3966,4020,40,4060,58
2021-04-22,Ventura,111,848112,80644,80073,2901,82974,996
2021-04-22,Yolo,113,214977,13683,13616,192,13808,205
2021-04-22,Yuba,115,75493,5867,5825,117,5942,44
2021-04-21,Alameda,001,1643700,86052,85762,1836,87598,1249
2021-04-21,Alpine,003,1148,86,86,0,86,0
2021-04-21,Amador,005,37829,3632,3632,32,3664,46
2021-04-21,Butte,007,227075,12016,11643,1712,13355,196
2021-04-21,Calaveras,009,45235,2060,2057,11,2068,50
2021-04-21,Colusa,011,21464,1916,1920,286,2206,14
2021-04-21,Contra Costa,013,1133247,67664,66981,1183,68164,782
2021-04-21,Del Norte,015,27424,1280,1252,11,1263,6
2021-04-21,El Dorado,017,186661,9877,9760,693,10453,106
2021-04-21,Fresno,019,978130,101279,100838,8380,109218,1654
2021-04-21,Glenn,021,27897,2382,2361,534,2895,17
2021-04-21,Humboldt,023,135768,3747,3642,30,3672,35
2021-04-21,Imperial,025,180216,28166,28052,2608,30660,719
2021-04-21,Inyo,027,18085,1396,1392,10,1402,36
2021-04-21,Kern,029,883053,96257,95257,10438,105695,1297
2021-04-21,Kings,031,150075,22945,22713,1037,23750,243
2021-04-21,Lake,033,64148,3439,3421,9,3430,43
2021-04-21,Lassen,035,31185,5167,5156,103,5259,1
2021-04-21,Los Angeles,037,10098052,1199215,1189530,40226,1229756,23729
2021-04-21,Madera,039,155013,16418,16309,907,17216,231
2021-04-21,Marin,041,260295,13872,13822,231,14053,227
2021-04-21,Mariposa,043,17540,413,402,11,413,5
2021-04-21,Mendocino,045,87422,3811,3729,74,3803,46
2021-04-21,Merced,047,269075,30438,30471,1005,31476,442
2021-04-21,Modoc,049,8938,365,360,120,480,3
2021-04-21,Mono,051,14174,1244,1254,16,1270,3
2021-04-21,Monterey,053,433212,42839,42699,1802,44501,377
2021-04-21,Napa,055,140530,9726,9727,32,9759,79
2021-04-21,Nevada,057,99092,4579,4499,183,4682,70
2021-04-21,Orange,059,3164182,253600,252243,10988,263231,4889
2021-04-21,Placer,061,380077,22486,21896,1377,23273,282
2021-04-21,Plumas,063,18699,684,670,10,680,4
2021-04-21,Riverside,065,2383286,291940,286299,13671,299970,4388
2021-04-21,Sacramento,067,1510023,102467,101803,1574,103377,1579
2021-04-21,San Benito,069,59416,5988,5998,109,6107,63
2021-04-21,San Bernardino,071,2135413,291304,290049,8813,298862,4572
2021-04-21,San Diego,073,3302833,276467,275632,14315,289947,3681
2021-04-21,San Francisco,075,870044,36063,36194,1230,37424,529
2021-04-21,San Joaquin,077,732212,71497,70687,3330,74017,1295
2021-04-21,San Luis Obispo,079,281455,21042,20724,701,21425,255
2021-04-21,San Mateo,081,765935,41652,41318,444,41762,355
2021-04-21,Santa Barbara,083,443738,34028,33830,1102,34932,445
2021-04-21,Santa Clara,085,1922200,117007,117318,701,118019,1946
2021-04-21,Santa Cruz,087,273765,16068,15698,790,16488,204
2021-04-21,Shasta,089,179085,11699,11722,1421,13143,192
2021-04-21,Sierra,091,2930,55,51,12,63,0
2021-04-21,Siskiyou,093,43540,1680,1557,283,1840,11
2021-04-21,Solano,095,438530,31844,31712,470,32182,244
2021-04-21,Sonoma,097,501317,29534,29697,299,29996,318
2021-04-21,Stanislaus,099,539301,54636,54290,5703,59993,742
2021-04-21,Sutter,101,95872,9276,9297,80,9377,110
2021-04-21,Tehama,103,63373,4925,4893,532,5425,53
2021-04-21,Trinity,105,12862,482,326,82,408,3
2021-04-21,Tulare,107,460477,49659,48653,8601,57254,828
2021-04-21,Tuolumne,109,53932,3963,4019,40,4059,58
2021-04-21,Ventura,111,848112,80612,80039,2898,82937,996
2021-04-21,Yolo,113,214977,13663,13606,191,13797,200
2021-04-21,Yuba,115,75493,5860,5822,116,5938,44
2021-04-20,Alameda,001,1643700,85957,85652,1834,87486,1248
2021-04-20,Alpine,003,1148,85,85,0,85,0
2021-04-20,Amador,005,37829,3631,3631,32,3663,46
2021-04-20,Butte,007,227075,11997,11619,1710,13329,196
2021-04-20,Calaveras,009,45235,2059,2053,11,2064,50
2021-04-20,Colusa,011,21464,1916,1915,285,2200,14
2021-04-20,Contra Costa,013,1133247,67580,66889,1180,68069,782
2021-04-20,Del Norte,015,27424,1279,1250,11,1261,6
2021-04-20,El Dorado,017,186661,9849,9743,691,10434,106
2021-04-20,Fresno,019,978130,101221,100768,8370,109138,1650
2021-04-20,Glenn,021,27897,2380,2359,533,2892,17
2021-04-20,Humboldt,023,135768,3729,3612,30,3642,35
2021-04-20,Imperial,025,180216,28147,28024,2604,30628,719
2021-04-20,Inyo,027,18085,1396,1393,10,1403,36
2021-04-20,Kern,029,883053,96221,95223,10422,105645,1295
2021-04-20,Kings,031,150075,22939,22693,1034,23727,243
2021-04-20,Lake,033,64148,3437,3418,9,3427,43
2021-04-20,Lassen,035,31185,5167,5155,103,5258,1
2021-04-20,Los Angeles,037,10098052,1198868,1189256,40196,1229452,23694
2021-04-20,Madera,039,155013,16412,16301,907,17208,231
2021-04-20,Marin,041,260295,13858,13807,231,14038,227
2021-04-20,Mariposa,043,17540,412,402,11,413,5
2021-04-20,Mendocino,045,87422,3810,3726,74,3800,46
2021-04-20,Merced,047,269075,30411,30439,1004,31443,441
2021-04-20,Modoc,049,8938,365,359,120,479,3
2021-04-20,Mono,051,14174,1243,1254,16,1270,3
2021-04-20,Monterey,053,433212,42828,42663,1800,44463,363
2021-04-20,Napa,055,140530,9722,9711,32,9743,79
2021-04-20,Nevada,057,99092,4561,4485,183,4668,70
2021-04-20,Orange,059,3164182,253510,252134,10976,263110,4887
2021-04-20,Placer,061,380077,22452,21846,1373,23219,282
2021-04-20,Plumas,063,18699,683,670,10,680,4
2021-04-20,Riverside,065,2383286,291843,286194,13666,299860,4388
2021-04-20,Sacramento,067,1510023,102329,101629,1566,103195,1574
2021-04-20,San Benito,069,59416,5985,5988,109,6097,63
2021-04-20,San Bernardino,071,2135413,291223,289905,8811,298716,4569
2021-04-20,San Diego,073,3302833,276236,275369,14282,289651,3674
2021-04-20,San Francisco,075,870044,36044,36117,1229,37346,529
2021-04-20,San Joaquin,077,732212,71424,70590,3321,73911,1289
2021-04-20,San Luis Obispo,079,281455,21019,20691,693,21384,254
2021-04-20,San Mateo,081,765935,41621,41251,444,41695,355
2021-04-20,Santa Barbara,083,443738,34009,33803,1102,34905,445
2021-04-20,Santa Clara,085,1922200,116909,117228,697,117925,1944
2021-04-20,Santa Cruz,087,273765,16056,15647,790,16437,204
2021-04-20,Shasta,089,179085,11683,11677,1418,13095,189
2021-04-20,Sierra,091,2930,55,51,12,63,0
2021-04-20,Siskiyou,093,43540,1672,1551,282,1833,10
2021-04-20,Solano,095,438530,31789,31673,466,32139,243
2021-04-20,Sonoma,097,501317,29525,29676,297,29973,311
2021-04-20,Stanislaus,099,539301,54571,54236,5690,59926,735
2021-04-20,Sutter,101,95872,9272,9279,80,9359,109
2021-04-20,Tehama,103,63373,4920,4887,531,5418,52
2021-04-20,Trinity,105,12862,482,326,82,408,3
2021-04-20,Tulare,107,460477,49637,48650,8593,57243,831
2021-04-20,Tuolumne,109,53932,3963,4014,40,4054,58
2021-04-20,Ventura,111,848112,80584,80018,2896,82914,995
2021-04-20,Yolo,113,214977,13643,13581,190,13771,200
2021-04-20,Yuba,115,75493,5850,5814,116,5930,44
2021-04-19,Alameda,001,1643700,85839,85583,1830,87413,1247
2021-04-19,Alpine,003,1148,85,85,0,85,0
2021-04-19,Amador,005,37829,3630,3629,32,3661,46
2021-04-19,Butte,007,227075,11979,11601,1705,13306,196
2021-04-19,Calaveras,009,45235,2057,2050,11,2061,50
2021-04-19,Colusa,011,21464,1916,1913,284,2197,14
2021-04-19,Contra Costa,013,1133247,67502,66833,1178,68011,782
2021-04-19,Del Norte,015,27424,1277,1247,11,1258,6
2021-04-19,El Dorado,017,186661,9833,9726,686,10412,106
2021-04-19,Fresno,019,978130,101153,100702,8358,109060,1646
2021-04-19,Glenn,021,27897,2380,2358,532,2890,17
2021-04-19,Humboldt,023,135768,3709,3602,28,3630,35
2021-04-19,Imperial,025,180216,28126,27995,2604,30599,719
2021-04-19,Inyo,027,18085,1396,1392,10,1402,36
2021-04-19,Kern,029,883053,96191,95162,10407,105569,1290
2021-04-19,Kings,031,150075,22924,22688,1034,23722,243
2021-04-19,Lake,033,64148,3436,3416,9,3425,43
2021-04-19,Lassen,035,31185,5166,5156,103,5259,1
2021-04-19,Los Angeles,037,10098052,1198489,1188945,40172,1229117,23666
2021-04-19,Madera,039,155013,16401,16289,906,17195,231
2021-04-19,Marin,041,260295,13847,13804,230,14034,226
2021-04-19,Mariposa,043,17540,411,401,11,412,5
2021-04-19,Mendocino,045,87422,3808,3722,74,3796,46
2021-04-19,Merced,047,269075,30382,30422,1003,31425,441
2021-04-19,Modoc,049,8938,365,359,120,479,3
2021-04-19,Mono,051,14174,1242,1254,16,1270,3
2021-04-19,Monterey,053,433212,42815,42642,1795,44437,356
2021-04-19,Napa,055,140530,9714,9680,32,9712,79
2021-04-19,Nevada,057,99092,4545,4477,183,4660,70
2021-04-19,Orange,059,3164182,253392,252013,10961,262974,4883
2021-04-19,Placer,061,380077,22429,21814,1369,23183,282
2021-04-19,Plumas,063,18699,683,665,10,675,4
2021-04-19,Riverside,065,2383286,291748,286087,13656,299743,4371
2021-04-19,Sacramento,067,1510023,102193,101482,1556,103038,1572
2021-04-19,San Benito,069,59416,5977,5989,109,6098,63
2021-04-19,San Bernardino,071,2135413,291138,289738,8805,298543,4561
2021-04-19,San Diego,073,3302833,275988,275113,14249,289362,3674
2021-04-19,San Francisco,075,870044,36007,36094,1227,37321,529
2021-04-19,San Joaquin,077,732212,71344,70514,3315,73829,1289
2021-04-19,San Luis Obispo,079,281455,20993,20669,687,21356,254
2021-04-19,San Mateo,081,765935,41588,41226,443,41669,355
2021-04-19,Santa Barbara,083,443738,33995,33786,1102,34888,446
2021-04-19,Santa Clara,085,1922200,116798,117099,693,117792,1944
2021-04-19,Santa Cruz,087,273765,16044,15600,790,16390,204
2021-04-19,Shasta,089,179085,11668,11662,1410,13072,189
2021-04-19,Sierra,091,2930,55,51,12,63,0
2021-04-19,Siskiyou,093,43540,1662,1544,282,1826,10
2021-04-19,Solano,095,438530,31750,31643,461,32104,239
2021-04-19,Sonoma,097,501317,29506,29667,297,29964,311
2021-04-19,Stanislaus,099,539301,54495,54179,5686,59865,728
2021-04-19,Sutter,101,95872,9261,9269,80,9349,109
2021-04-19,Tehama,103,63373,4914,4878,531,5409,52
2021-04-19,Trinity,105,12862,482,326,81,407,3
2021-04-19,Tulare,107,460477,49621,48630,8580,57210,831
2021-04-19,Tuolumne,109,53932,3962,4010,40,4050,58
2021-04-19,Ventura,111,848112,80558,80000,2894,82894,996
2021-04-19,Yolo,113,214977,13631,13572,187,13759,200
2021-04-19,Yuba,115,75493,5843,5804,115,5919,44
2021-04-18,Alameda,001,1643700,85724,85481,1822,87303,1247
2021-04-18,Alpine,003,1148,85,85,0,85,0
2021-04-18,Amador,005,37829,3627,3627,32,3659,46
2021-04-18,Butte,007,227075,11961,11591,1700,13291,196
2021-04-18,Calaveras,009,45235,2051,2047,11,2058,50
2021-04-18,Colusa,011,21464,1912,1912,283,2195,14
2021-04-18,Contra Costa,013,1133247,67399,66750,1174,67924,782
2021-04-18,Del Norte,015,27424,1277,1240,11,1251,6
2021-04-18,El Dorado,017,186661,9810,9710,684,10394,106
2021-04-18,Fresno,019,978130,101095,100621,8352,108973,1646
2021-04-18,Glenn,021,27897,2375,2358,532,2890,17
2021-04-18,Humboldt,023,135768,3681,3590,28,3618,35
2021-04-18,Imperial,025,180216,28111,27991,2599,30590,719
2021-04-18,Inyo,027,18085,1395,1392,10,1402,36
2021-04-18,Kern,029,883053,96155,95129,10392,105521,1290
2021-04-18,Kings,031,150075,22915,22685,1034,23719,243
2021-04-18,Lake,033,64148,3435,3413,9,3422,43
2021-04-18,Lassen,035,31185,5163,5156,103,5259,1
2021-04-18,Los Angeles,037,10098052,1198029,1188620,40149,1228769,23648
2021-04-18,Madera,039,155013,16390,16277,905,17182,231
2021-04-18,Marin,041,260295,13840,13801,229,14030,226
2021-04-18,Mariposa,043,17540,410,400,10,410,5
2021-04-18,Mendocino,045,87422,3805,3722,74,3796,46
2021-04-18,Merced,047,269075,30345,30405,1002,31407,441
2021-04-18,Modoc,049,8938,365,359,120,479,3
2021-04-18,Mono,051,14174,1242,1254,16,1270,3
2021-04-18,Monterey,053,433212,42803,42638,1794,44432,356
2021-04-18,Napa,055,140530,9698,9674,32,9706,79
2021-04-18,Nevada,057,99092,4530,4464,183,4647,70
2021-04-18,Orange,059,3164182,253278,251940,10954,262894,4883
2021-04-18,Placer,061,380077,22386,21783,1364,23147,282
2021-04-18,Plumas,063,18699,682,665,10,675,4
2021-04-18,Riverside,065,2383286,291658,286043,13652,299695,4371
2021-04-18,Sacramento,067,1510023,102018,101354,1550,102904,1572
2021-04-18,San Benito,069,59416,5975,5989,109,6098,63
2021-04-18,San Bernardino,071,2135413,291045,289691,8796,298487,4556
2021-04-18,San Diego,073,3302833,275709,274961,14214,289175,3674
2021-04-18,San Francisco,075,870044,35970,36073,1223,37296,525
2021-04-18,San Joaquin,077,732212,71263,70466,3306,73772,1289
2021-04-18,San Luis Obispo,079,281455,20971,20656,681,21337,254
2021-04-18,San Mateo,081,765935,41559,41201,442,41643,352
2021-04-18,Santa Barbara,083,443738,33960,33769,1101,34870,446
2021-04-18,Santa Clara,085,1922200,116631,116996,688,117684,1944
2021-04-18,Santa Cruz,087,273765,16034,15580,789,16369,204
2021-04-18,Shasta,089,179085,11647,11658,1407,13065,189
2021-04-18,Sierra,091,2930,55,51,12,63,0
2021-04-18,Siskiyou,093,43540,1651,1538,281,1819,10
2021-04-18,Solano,095,438530,31700,31606,460,32066,239
2021-04-18,Sonoma,097,501317,29490,29660,295,29955,311
2021-04-18,Stanislaus,099,539301,54413,54132,5680,59812,728
2021-04-18,Sutter,101,95872,9247,9261,80,9341,109
2021-04-18,Tehama,103,63373,4905,4877,530,5407,52
2021-04-18,Trinity,105,12862,482,326,81,407,3
2021-04-18,Tulare,107,460477,49608,48618,8575,57193,829
2021-04-18,Tuolumne,109,53932,3961,4008,39,4047,58
2021-04-18,Ventura,111,848112,80527,79984,2891,82875,996
2021-04-18,Yolo,113,214977,13619,13562,185,13747,200
2021-04-18,Yuba,115,75493,5836,5804,115,5919,44
2021-04-17,Alameda,001,1643700,85649,85367,1820,87187,1247
2021-04-17,Alpine,003,1148,85,85,0,85,0
2021-04-17,Amador,005,37829,3625,3625,32,3657,46
2021-04-17,Butte,007,227075,11941,11573,1696,13269,196
2021-04-17,Calaveras,009,45235,2049,2045,11,2056,50
2021-04-17,Colusa,011,21464,1912,1912,283,2195,14
2021-04-17,Contra Costa,013,1133247,67351,66657,1166,67823,782
2021-04-17,Del Norte,015,27424,1277,1238,11,1249,6
2021-04-17,El Dorado,017,186661,9795,9692,681,10373,106
2021-04-17,Fresno,019,978130,101062,100562,8347,108909,1646
2021-04-17,Glenn,021,27897,2375,2357,532,2889,17
2021-04-17,Humboldt,023,135768,3657,3579,28,3607,35
2021-04-17,Imperial,025,180216,28100,27987,2599,30586,719
2021-04-17,Inyo,027,18085,1392,1392,10,1402,36
2021-04-17,Kern,029,883053,96137,95102,10388,105490,1290
2021-04-17,Kings,031,150075,22910,22678,1033,23711,243
2021-04-17,Lake,033,64148,3434,3409,9,3418,43
2021-04-17,Lassen,035,31185,5163,5154,103,5257,1
2021-04-17,Los Angeles,037,10098052,1197770,1188262,40118,1228380,23653
2021-04-17,Madera,039,155013,16386,16260,904,17164,231
2021-04-17,Marin,041,260295,13836,13797,229,14026,226
2021-04-17,Mariposa,043,17540,409,398,10,408,5
2021-04-17,Mendocino,045,87422,3802,3721,74,3795,46
2021-04-17,Merced,047,269075,30329,30392,1001,31393,441
2021-04-17,Modoc,049,8938,365,357,120,477,3
2021-04-17,Mono,051,14174,1242,1253,16,1269,3
2021-04-17,Monterey,053,433212,42794,42630,1792,44422,356
2021-04-17,Napa,055,140530,9694,9666,32,9698,79
2021-04-17,Nevada,057,99092,4522,4457,183,4640,70
2021-04-17,Orange,059,3164182,253209,251873,10942,262815,4878
2021-04-17,Placer,061,380077,22363,21736,1359,23095,282
2021-04-17,Plumas,063,18699,681,666,10,676,4
2021-04-17,Riverside,065,2383286,291589,285963,13644,299607,4371
2021-04-17,Sacramento,067,1510023,101908,101172,1539,102711,1572
2021-04-17,San Benito,069,59416,5969,5986,109,6095,63
2021-04-17,San Bernardino,071,2135413,290990,289624,8793,298417,4555
2021-04-17,San Diego,073,3302833,275562,274812,14180,288992,3674
2021-04-17,San Francisco,075,870044,35948,36032,1220,37252,523
2021-04-17,San Joaquin,077,732212,71223,70372,3296,73668,1288
2021-04-17,San Luis Obispo,079,281455,20958,20642,678,21320,254
2021-04-17,San Mateo,081,765935,41536,41157,442,41599,352
2021-04-17,Santa Barbara,083,443738,33929,33738,1099,34837,446
2021-04-17,Santa Clara,085,1922200,116539,116887,686,117573,1944
2021-04-17,Santa Cruz,087,273765,16028,15571,789,16360,204
2021-04-17,Shasta,089,179085,11632,11647,1406,13053,189
2021-04-17,Sierra,091,2930,55,51,12,63,0
2021-04-17,Siskiyou,093,43540,1646,1539,278,1817,10
2021-04-17,Solano,095,438530,31669,31541,457,31998,239
2021-04-17,Sonoma,097,501317,29483,29637,295,29932,311
2021-04-17,Stanislaus,099,539301,54376,54058,5675,59733,728
2021-04-17,Sutter,101,95872,9241,9252,80,9332,109
2021-04-17,Tehama,103,63373,4899,4875,529,5404,52
2021-04-17,Trinity,105,12862,482,326,81,407,3
2021-04-17,Tulare,107,460477,49596,48603,8571,57174,829
2021-04-17,Tuolumne,109,53932,3959,4005,39,4044,58
2021-04-17,Ventura,111,848112,80506,79964,2891,82855,996
2021-04-17,Yolo,113,214977,13609,13580,185,13765,200
2021-04-17,Yuba,115,75493,5831,5802,114,5916,44
2021-04-16,Alameda,001,1643700,85570,85243,1818,87061,1245
2021-04-16,Alpine,003,1148,85,85,0,85,0
2021-04-16,Amador,005,37829,3620,3621,32,3653,46
2021-04-16,Butte,007,227075,11929,11549,1694,13243,196
2021-04-16,Calaveras,009,45235,2047,2042,11,2053,50
2021-04-16,Colusa,011,21464,1910,1911,283,2194,14
2021-04-16,Contra Costa,013,1133247,67297,66569,1163,67732,782
2021-04-16,Del Norte,015,27424,1276,1237,11,1248,6
2021-04-16,El Dorado,017,186661,9775,9665,677,10342,106
2021-04-16,Fresno,019,978130,101012,100500,8341,108841,1643
2021-04-16,Glenn,021,27897,2375,2355,532,2887,17
2021-04-16,Humboldt,023,135768,3636,3570,27,3597,35
2021-04-16,Imperial,025,180216,28090,27962,2599,30561,719
2021-04-16,Inyo,027,18085,1392,1392,10,1402,36
2021-04-16,Kern,029,883053,96108,95066,10385,105451,1288
2021-04-16,Kings,031,150075,22906,22667,1032,23699,243
2021-04-16,Lake,033,64148,3428,3406,9,3415,43
2021-04-16,Lassen,035,31185,5162,5155,103,5258,1
2021-04-16,Los Angeles,037,10098052,1197469,1187818,40082,1227900,23627
2021-04-16,Madera,039,155013,16380,16250,903,17153,231
2021-04-16,Marin,041,260295,13833,13788,229,14017,226
2021-04-16,Mariposa,043,17540,408,396,9,405,5
2021-04-16,Mendocino,045,87422,3800,3719,74,3793,46
2021-04-16,Merced,047,269075,30314,30355,1001,31356,438
2021-04-16,Modoc,049,8938,365,355,120,475,3
2021-04-16,Mono,051,14174,1242,1253,16,1269,3
2021-04-16,Monterey,053,433212,42783,42620,1789,44409,351
2021-04-16,Napa,055,140530,9686,9653,32,9685,79
2021-04-16,Nevada,057,99092,4513,4443,183,4626,70
2021-04-16,Orange,059,3164182,253145,251770,10933,262703,4873
2021-04-16,Placer,061,380077,22336,21680,1355,23035,282
2021-04-16,Plumas,063,18699,680,665,10,675,4
2021-04-16,Riverside,065,2383286,291512,285818,13642,299460,4369
2021-04-16,Sacramento,067,1510023,101811,100993,1534,102527,1572
2021-04-16,San Benito,069,59416,5967,5982,109,6091,63
2021-04-16,San Bernardino,071,2135413,290943,289424,8792,298216,4550
2021-04-16,San Diego,073,3302833,275408,274567,14162,288729,3662
2021-04-16,San Francisco,075,870044,35923,35993,1217,37210,517
2021-04-16,San Joaquin,077,732212,71156,70280,3288,73568,1288
2021-04-16,San Luis Obispo,079,281455,20946,20623,677,21300,253
2021-04-16,San Mateo,081,765935,41507,41107,441,41548,352
2021-04-16,Santa Barbara,083,443738,33911,33703,1099,34802,446
2021-04-16,Santa Clara,085,1922200,116439,116693,683,117376,1941
2021-04-16,Santa Cruz,087,273765,16026,15539,789,16328,204
2021-04-16,Shasta,089,179085,11620,11623,1405,13028,189
2021-04-16,Sierra,091,2930,55,51,12,63,0
2021-04-16,Siskiyou,093,43540,1642,1530,276,1806,10
2021-04-16,Solano,095,438530,31630,31470,454,31924,239
2021-04-16,Sonoma,097,501317,29472,29617,295,29912,311
2021-04-16,Stanislaus,099,539301,54328,53983,5673,59656,728
2021-04-16,Sutter,101,95872,9235,9247,80,9327,109
2021-04-16,Tehama,103,63373,4898,4866,529,5395,52
2021-04-16,Trinity,105,12862,482,326,81,407,3
2021-04-16,Tulare,107,460477,49584,48583,8567,57150,830
2021-04-16,Tuolumne,109,53932,3956,4005,39,4044,58
2021-04-16,Ventura,111,848112,80481,79942,2886,82828,994
2021-04-16,Yolo,113,214977,13596,13559,183,13742,198
2021-04-16,Yuba,115,75493,5828,5795,113,5908,44
2021-04-15,Alameda,001,1643700,85463,85089,1816,86905,1246
2021-04-15,Alpine,003,1148,85,85,0,85,0
2021-04-15,Amador,005,37829,3619,3616,32,3648,46
2021-04-15,Butte,007,227075,11914,11529,1690,13219,196
2021-04-15,Calaveras,009,45235,2046,2039,11,2050,50
2021-04-15,Colusa,011,21464,1908,1909,282,2191,14
2021-04-15,Contra Costa,013,1133247,67224,66480,1159,67639,781
2021-04-15,Del Norte,015,27424,1269,1235,11,1246,6
2021-04-15,El Dorado,017,186661,9760,9639,675,10314,106
2021-04-15,Fresno,019,978130,100949,100431,8335,108766,1642
2021-04-15,Glenn,021,27897,2375,2354,532,2886,17
2021-04-15,Humboldt,023,135768,3615,3561,27,3588,35
2021-04-15,Imperial,025,180216,28062,27920,2596,30516,718
2021-04-15,Inyo,027,18085,1392,1393,10,1403,36
2021-04-15,Kern,029,883053,96075,94989,10372,105361,1289
2021-04-15,Kings,031,150075,22892,22648,1032,23680,242
2021-04-15,Lake,033,64148,3427,3399,9,3408,43
2021-04-15,Lassen,035,31185,5161,5152,103,5255,1
2021-04-15,Los Angeles,037,10098052,1197064,1187274,40046,1227320,23598
2021-04-15,Madera,039,155013,16365,16234,903,17137,231
2021-04-15,Marin,041,260295,13829,13783,228,14011,226
2021-04-15,Mariposa,043,17540,406,395,9,404,5
2021-04-15,Mendocino,045,87422,3799,3714,74,3788,46
2021-04-15,Merced,047,269075,30288,30325,1000,31325,437
2021-04-15,Modoc,049,8938,365,355,120,475,3
2021-04-15,Mono,051,14174,1241,1253,16,1269,3
2021-04-15,Monterey,053,433212,42773,42604,1787,44391,347
2021-04-15,Napa,055,140530,9678,9645,32,9677,79
2021-04-15,Nevada,057,99092,4501,4434,182,4616,70
2021-04-15,Orange,059,3164182,253050,251679,10921,262600,4857
2021-04-15,Placer,061,380077,22305,21614,1348,22962,281
2021-04-15,Plumas,063,18699,678,665,10,675,4
2021-04-15,Riverside,065,2383286,291408,285698,13635,299333,4363
2021-04-15,Sacramento,067,1510023,101681,100782,1520,102302,1570
2021-04-15,San Benito,069,59416,5964,5969,108,6077,63
2021-04-15,San Bernardino,071,2135413,290853,289288,8785,298073,4544
2021-04-15,San Diego,073,3302833,275161,274250,14103,288353,3653
2021-04-15,San Francisco,075,870044,35904,35947,1215,37162,510
2021-04-15,San Joaquin,077,732212,71075,70189,3280,73469,1288
2021-04-15,San Luis Obispo,079,281455,20930,20591,674,21265,253
2021-04-15,San Mateo,081,765935,41468,41050,440,41490,352
2021-04-15,Santa Barbara,083,443738,33893,33672,1095,34767,446
2021-04-15,Santa Clara,085,1922200,116333,116602,679,117281,1927
2021-04-15,Santa Cruz,087,273765,16016,15509,789,16298,203
2021-04-15,Shasta,089,179085,11606,11597,1401,12998,191
2021-04-15,Sierra,091,2930,55,51,12,63,0
2021-04-15,Siskiyou,093,43540,1636,1524,275,1799,10
2021-04-15,Solano,095,438530,31592,31394,453,31847,239
2021-04-15,Sonoma,097,501317,29458,29587,295,29882,311
2021-04-15,Stanislaus,099,539301,54274,53918,5664,59582,728
2021-04-15,Sutter,101,95872,9228,9237,80,9317,109
2021-04-15,Tehama,103,63373,4897,4854,528,5382,52
2021-04-15,Trinity,105,12862,482,326,81,407,3
2021-04-15,Tulare,107,460477,49563,48556,8567,57123,829
2021-04-15,Tuolumne,109,53932,3956,4003,39,4042,57
2021-04-15,Ventura,111,848112,80462,79917,2884,82801,989
2021-04-15,Yolo,113,214977,13577,13547,181,13728,198
2021-04-15,Yuba,115,75493,5825,5788,113,5901,44
2021-04-14,Alameda,001,1643700,85366,85009,1815,86824,1247
2021-04-14,Alpine,003,1148,85,85,0,85,0
2021-04-14,Amador,005,37829,3618,3613,32,3645,46
2021-04-14,Butte,007,227075,11901,11513,1689,13202,196
2021-04-14,Calaveras,009,45235,2045,2037,11,2048,50
2021-04-14,Colusa,011,21464,1908,1905,282,2187,14
2021-04-14,Contra Costa,013,1133247,67138,66400,1153,67553,781
2021-04-14,Del Norte,015,27424,1269,1228,11,1239,6
2021-04-14,El Dorado,017,186661,9745,9625,670,10295,106
2021-04-14,Fresno,019,978130,100892,100376,8322,108698,1640
2021-04-14,Glenn,021,27897,2375,2353,532,2885,17
2021-04-14,Humboldt,023,135768,3593,3551,26,3577,35
2021-04-14,Imperial,025,180216,28040,27907,2594,30501,718
2021-04-14,Inyo,027,18085,1392,1392,10,1402,36
2021-04-14,Kern,029,883053,96050,94947,10365,105312,1287
2021-04-14,Kings,031,150075,22883,22641,1030,23671,243
2021-04-14,Lake,033,64148,3422,3396,9,3405,43
2021-04-14,Lassen,035,31185,5160,5151,103,5254,1
2021-04-14,Los Angeles,037,10098052,1196665,1186821,40001,1226822,23579
2021-04-14,Madera,039,155013,16356,16218,903,17121,231
2021-04-14,Marin,041,260295,13827,13768,227,13995,226
2021-04-14,Mariposa,043,17540,405,394,9,403,5
2021-04-14,Mendocino,045,87422,3794,3711,74,3785,46
2021-04-14,Merced,047,269075,30272,30296,998,31294,436
2021-04-14,Modoc,049,8938,365,355,120,475,3
2021-04-14,Mono,051,14174,1240,1252,16,1268,3
2021-04-14,Monterey,053,433212,42757,42595,1783,44378,347
2021-04-14,Napa,055,140530,9667,9643,32,9675,79
2021-04-14,Nevada,057,99092,4494,4421,182,4603,70
2021-04-14,Orange,059,3164182,252945,251568,10902,262470,4849
2021-04-14,Placer,061,380077,22272,21575,1347,22922,280
2021-04-14,Plumas,063,18699,678,665,10,675,4
2021-04-14,Riverside,065,2383286,291298,285583,13629,299212,4358
2021-04-14,Sacramento,067,1510023,101506,100645,1506,102151,1570
2021-04-14,San Benito,069,59416,5962,5960,108,6068,62
2021-04-14,San Bernardino,071,2135413,290785,289078,8783,297861,4523
2021-04-14,San Diego,073,3302833,274950,273969,14074,288043,3648
2021-04-14,San Francisco,075,870044,35866,35898,1214,37112,510
2021-04-14,San Joaquin,077,732212,71005,70095,3274,73369,1288
2021-04-14,San Luis Obispo,079,281455,20907,20561,664,21225,253
2021-04-14,San Mateo,081,765935,41428,40982,437,41419,352
2021-04-14,Santa Barbara,083,443738,33864,33650,1095,34745,445
2021-04-14,Santa Clara,085,1922200,116216,116488,676,117164,1922
2021-04-14,Santa Cruz,087,273765,16006,15481,789,16270,203
2021-04-14,Shasta,089,179085,11580,11581,1399,12980,190
2021-04-14,Sierra,091,2930,55,51,12,63,0
2021-04-14,Siskiyou,093,43540,1628,1518,274,1792,10
2021-04-14,Solano,095,438530,31539,31357,446,31803,239
2021-04-14,Sonoma,097,501317,29450,29572,293,29865,311
2021-04-14,Stanislaus,099,539301,54203,53836,5655,59491,727
2021-04-14,Sutter,101,95872,9220,9230,80,9310,106
2021-04-14,Tehama,103,63373,4891,4853,527,5380,52
2021-04-14,Trinity,105,12862,482,326,81,407,3
2021-04-14,Tulare,107,460477,49537,48527,8564,57091,827
2021-04-14,Tuolumne,109,53932,3955,3997,39,4036,57
2021-04-14,Ventura,111,848112,80426,79891,2882,82773,986
2021-04-14,Yolo,113,214977,13561,13530,179,13709,198
2021-04-14,Yuba,115,75493,5823,5778,113,5891,44
2021-04-13,Alameda,001,1643700,85260,84921,1812,86733,1239
2021-04-13,Alpine,003,1148,85,85,0,85,0
2021-04-13,Amador,005,37829,3615,3609,32,3641,46
2021-04-13,Butte,007,227075,11883,11497,1686,13183,196
2021-04-13,Calaveras,009,45235,2043,2035,11,2046,50
2021-04-13,Colusa,011,21464,1906,1905,280,2185,14
2021-04-13,Contra Costa,013,1133247,67050,66304,1153,67457,778
2021-04-13,Del Norte,015,27424,1264,1221,11,1232,6
2021-04-13,El Dorado,017,186661,9719,9609,667,10276,106
2021-04-13,Fresno,019,978130,100811,100357,8316,108673,1636
2021-04-13,Glenn,021,27897,2374,2351,532,2883,17
2021-04-13,Humboldt,023,135768,3576,3540,26,3566,35
2021-04-13,Imperial,025,180216,28021,27887,2586,30473,718
2021-04-13,Inyo,027,18085,1392,1391,10,1401,36
2021-04-13,Kern,029,883053,96006,94908,10353,105261,1285
2021-04-13,Kings,031,150075,22867,22636,1029,23665,243
2021-04-13,Lake,033,64148,3419,3390,9,3399,43
2021-04-13,Lassen,035,31185,5159,5147,103,5250,1
2021-04-13,Los Angeles,037,10098052,1196211,1186482,39960,1226442,23526
2021-04-13,Madera,039,155013,16346,16207,901,17108,231
2021-04-13,Marin,041,260295,13819,13760,226,13986,224
2021-04-13,Mariposa,043,17540,404,394,6,400,5
2021-04-13,Mendocino,045,87422,3788,3702,74,3776,46
2021-04-13,Merced,047,269075,30242,30276,995,31271,435
2021-04-13,Modoc,049,8938,365,355,120,475,3
2021-04-13,Mono,051,14174,1240,1251,16,1267,3
2021-04-13,Monterey,053,433212,42746,42577,1783,44360,347
2021-04-13,Napa,055,140530,9657,9627,32,9659,79
2021-04-13,Nevada,057,99092,4482,4415,182,4597,69
2021-04-13,Orange,059,3164182,252850,251491,10885,262376,4836
2021-04-13,Placer,061,380077,22235,21534,1344,22878,280
2021-04-13,Plumas,063,18699,677,665,10,675,4
2021-04-13,Riverside,065,2383286,291179,285505,13623,299128,4348
2021-04-13,Sacramento,067,1510023,101331,100551,1501,102052,1569
2021-04-13,San Benito,069,59416,5959,5946,108,6054,62
2021-04-13,San Bernardino,071,2135413,290669,288929,8777,297706,4521
2021-04-13,San Diego,073,3302833,274696,273709,14039,287748,3623
2021-04-13,San Francisco,075,870044,35830,35869,1210,37079,506
2021-04-13,San Joaquin,077,732212,70897,70034,3266,73300,1288
2021-04-13,San Luis Obispo,079,281455,20880,20536,654,21190,253
2021-04-13,San Mateo,081,765935,41383,40955,437,41392,353
2021-04-13,Santa Barbara,083,443738,33841,33613,1092,34705,444
2021-04-13,Santa Clara,085,1922200,116087,116363,675,117038,1923
2021-04-13,Santa Cruz,087,273765,15999,15449,789,16238,203
2021-04-13,Shasta,089,179085,11560,11536,1396,12932,189
2021-04-13,Sierra,091,2930,55,51,12,63,0
2021-04-13,Siskiyou,093,43540,1620,1511,271,1782,10
2021-04-13,Solano,095,438530,31490,31335,442,31777,239
2021-04-13,Sonoma,097,501317,29442,29544,292,29836,311
2021-04-13,Stanislaus,099,539301,54131,53797,5646,59443,722
2021-04-13,Sutter,101,95872,9216,9226,80,9306,106
2021-04-13,Tehama,103,63373,4884,4850,524,5374,52
2021-04-13,Trinity,105,12862,482,326,81,407,3
2021-04-13,Tulare,107,460477,49524,48511,8561,57072,825
2021-04-13,Tuolumne,109,53932,3953,3995,39,4034,57
2021-04-13,Ventura,111,848112,80394,79854,2880,82734,986
2021-04-13,Yolo,113,214977,13549,13516,178,13694,198
2021-04-13,Yuba,115,75493,5814,5776,113,5889,44
2021-04-12,Alameda,001,1643700,85158,84817,1811,86628,1238
2021-04-12,Alpine,003,1148,85,85,0,85,0
2021-04-12,Amador,005,37829,3614,3607,32,3639,46
2021-04-12,Butte,007,227075,11868,11488,1682,13170,193
2021-04-12,Calaveras,009,45235,2039,2033,11,2044,50
2021-04-12,Colusa,011,21464,1904,1904,278,2182,14
2021-04-12,Contra Costa,013,1133247,66970,66176,1153,67329,777
2021-04-12,Del Norte,015,27424,1261,1216,11,1227,6
2021-04-12,El Dorado,017,186661,9702,9588,665,10253,106
2021-04-12,Fresno,019,978130,100750,100277,8293,108570,1633
2021-04-12,Glenn,021,27897,2373,2349,532,2881,17
2021-04-12,Humboldt,023,135768,3562,3533,25,3558,35
2021-04-12,Imperial,025,180216,27991,27851,2582,30433,717
2021-04-12,Inyo,027,18085,1392,1390,10,1400,36
2021-04-12,Kern,029,883053,95969,94861,10343,105204,1283
2021-04-12,Kings,031,150075,22859,22621,1028,23649,241
2021-04-12,Lake,033,64148,3415,3380,9,3389,43
2021-04-12,Lassen,035,31185,5158,5147,103,5250,1
2021-04-12,Los Angeles,037,10098052,1195707,1186145,39923,1226068,23505
2021-04-12,Madera,039,155013,16334,16174,899,17073,231
2021-04-12,Marin,041,260295,13806,13751,224,13975,224
2021-04-12,Mariposa,043,17540,403,394,6,400,5
2021-04-12,Mendocino,045,87422,3787,3699,74,3773,46
2021-04-12,Merced,047,269075,30211,30261,992,31253,435
2021-04-12,Modoc,049,8938,363,352,120,472,3
2021-04-12,Mono,051,14174,1240,1251,16,1267,3
2021-04-12,Monterey,053,433212,42732,42555,1781,44336,346
2021-04-12,Napa,055,140530,9643,9603,32,9635,80
2021-04-12,Nevada,057,99092,4471,4408,182,4590,69
2021-04-12,Orange,059,3164182,252763,251350,10864,262214,4826
2021-04-12,Placer,061,380077,22184,21475,1341,22816,278
2021-04-12,Plumas,063,18699,675,666,10,676,4
2021-04-12,Riverside,065,2383286,291068,285361,13617,298978,4336
2021-04-12,Sacramento,067,1510023,101157,100394,1496,101890,1566
2021-04-12,San Benito,069,59416,5951,5942,107,6049,62
2021-04-12,San Bernardino,071,2135413,290562,288736,8765,297501,4493
2021-04-12,San Diego,073,3302833,274435,273431,14010,287441,3621
2021-04-12,San Francisco,075,870044,35796,35841,1209,37050,506
2021-04-12,San Joaquin,077,732212,70825,69968,3259,73227,1288
2021-04-12,San Luis Obispo,079,281455,20835,20515,641,21156,253
2021-04-12,San Mateo,081,765935,41341,40920,433,41353,353
2021-04-12,Santa Barbara,083,443738,33809,33606,1092,34698,444
2021-04-12,Santa Clara,085,1922200,115959,116252,673,116925,1923
2021-04-12,Santa Cruz,087,273765,15979,15406,789,16195,203
2021-04-12,Shasta,089,179085,11543,11509,1392,12901,189
2021-04-12,Sierra,091,2930,55,51,12,63,0
2021-04-12,Siskiyou,093,43540,1609,1511,268,1779,7
2021-04-12,Solano,095,438530,31448,31305,439,31744,238
2021-04-12,Sonoma,097,501317,29414,29500,292,29792,310
2021-04-12,Stanislaus,099,539301,54065,53722,5639,59361,707
2021-04-12,Sutter,101,95872,9205,9221,80,9301,106
2021-04-12,Tehama,103,63373,4875,4834,520,5354,52
2021-04-12,Trinity,105,12862,482,324,81,405,3
2021-04-12,Tulare,107,460477,49504,48495,8551,57046,824
2021-04-12,Tuolumne,109,53932,3949,3993,39,4032,57
2021-04-12,Ventura,111,848112,80361,79818,2878,82696,985
2021-04-12,Yolo,113,214977,13535,13510,177,13687,198
2021-04-12,Yuba,115,75493,5808,5773,113,5886,43
2021-04-11,Alameda,001,1643700,85021,84756,1806,86562,1238
2021-04-11,Alpine,003,1148,85,85,0,85,0
2021-04-11,Amador,005,37829,3612,3605,32,3637,46
2021-04-11,Butte,007,227075,11834,11487,1678,13165,193
2021-04-11,Calaveras,009,45235,2035,2036,11,2047,50
2021-04-11,Colusa,011,21464,1903,1904,277,2181,14
2021-04-11,Contra Costa,013,1133247,66861,66107,1151,67258,777
2021-04-11,Del Norte,015,27424,1255,1214,11,1225,6
2021-04-11,El Dorado,017,186661,9688,9575,662,10237,106
2021-04-11,Fresno,019,978130,100682,100230,8283,108513,1633
2021-04-11,Glenn,021,27897,2368,2348,532,2880,17
2021-04-11,Humboldt,023,135768,3552,3523,25,3548,35
2021-04-11,Imperial,025,180216,27967,27841,2580,30421,717
2021-04-11,Inyo,027,18085,1392,1390,10,1400,36
2021-04-11,Kern,029,883053,95908,94830,10335,105165,1283
2021-04-11,Kings,031,150075,22850,22618,1025,23643,241
2021-04-11,Lake,033,64148,3411,3377,9,3386,43
2021-04-11,Lassen,035,31185,5154,5147,103,5250,1
2021-04-11,Los Angeles,037,10098052,1195195,1185757,39881,1225638,23503
2021-04-11,Madera,039,155013,16315,16166,898,17064,231
2021-04-11,Marin,041,260295,13799,13741,223,13964,226
2021-04-11,Mariposa,043,17540,403,394,6,400,5
2021-04-11,Mendocino,045,87422,3785,3696,74,3770,46
2021-04-11,Merced,047,269075,30173,30249,991,31240,435
2021-04-11,Modoc,049,8938,362,352,118,470,3
2021-04-11,Mono,051,14174,1239,1250,16,1266,3
2021-04-11,Monterey,053,433212,42726,42547,1774,44321,346
2021-04-11,Napa,055,140530,9632,9592,32,9624,80
2021-04-11,Nevada,057,99092,4457,4394,182,4576,69
2021-04-11,Orange,059,3164182,252636,251233,10853,262086,4826
2021-04-11,Placer,061,380077,22127,21458,1336,22794,278
2021-04-11,Plumas,063,18699,675,666,10,676,4
2021-04-11,Riverside,065,2383286,290934,285269,13607,298876,4336
2021-04-11,Sacramento,067,1510023,100987,100296,1484,101780,1566
2021-04-11,San Benito,069,59416,5943,5941,106,6047,62
2021-04-11,San Bernardino,071,2135413,290455,288686,8759,297445,4492
2021-04-11,San Diego,073,3302833,274137,273287,13951,287238,3621
2021-04-11,San Francisco,075,870044,35760,35815,1206,37021,498
2021-04-11,San Joaquin,077,732212,70739,69939,3248,73187,1288
2021-04-11,San Luis Obispo,079,281455,20809,20501,638,21139,253
2021-04-11,San Mateo,081,765935,41283,40901,432,41333,353
2021-04-11,Santa Barbara,083,443738,33774,33591,1091,34682,444
2021-04-11,Santa Clara,085,1922200,115823,116161,670,116831,1923
2021-04-11,Santa Cruz,087,273765,15967,15382,789,16171,203
2021-04-11,Shasta,089,179085,11499,11504,1391,12895,189
2021-04-11,Sierra,091,2930,55,51,12,63,0
2021-04-11,Siskiyou,093,43540,1602,1509,265,1774,7
2021-04-11,Solano,095,438530,31395,31268,435,31703,238
2021-04-11,Sonoma,097,501317,29388,29496,288,29784,310
2021-04-11,Stanislaus,099,539301,53982,53683,5630,59313,707
2021-04-11,Sutter,101,95872,9196,9222,80,9302,106
2021-04-11,Tehama,103,63373,4872,4832,519,5351,52
2021-04-11,Trinity,105,12862,482,324,81,405,3
2021-04-11,Tulare,107,460477,49490,48479,8544,57023,824
2021-04-11,Tuolumne,109,53932,3947,3993,39,4032,57
2021-04-11,Ventura,111,848112,80313,79800,2873,82673,985
2021-04-11,Yolo,113,214977,13515,13496,175,13671,198
2021-04-11,Yuba,115,75493,5798,5768,113,5881,43
2021-04-10,Alameda,001,1643700,84957,84626,1806,86432,1238
2021-04-10,Alpine,003,1148,85,85,0,85,0
2021-04-10,Amador,005,37829,3610,3603,32,3635,46
2021-04-10,Butte,007,227075,11823,11482,1677,13159,193
2021-04-10,Calaveras,009,45235,2033,2032,11,2043,50
2021-04-10,Colusa,011,21464,1903,1902,277,2179,14
2021-04-10,Contra Costa,013,1133247,66800,66001,1148,67149,778
2021-04-10,Del Norte,015,27424,1252,1212,11,1223,6
2021-04-10,El Dorado,017,186661,9676,9549,659,10208,106
2021-04-10,Fresno,019,978130,100649,100135,8276,108411,1633
2021-04-10,Glenn,021,27897,2368,2343,532,2875,17
2021-04-10,Humboldt,023,135768,3542,3508,25,3533,35
2021-04-10,Imperial,025,180216,27953,27816,2580,30396,717
2021-04-10,Inyo,027,18085,1392,1387,10,1397,36
2021-04-10,Kern,029,883053,95894,94802,10329,105131,1284
2021-04-10,Kings,031,150075,22846,22614,1023,23637,241
2021-04-10,Lake,033,64148,3406,3368,9,3377,43
2021-04-10,Lassen,035,31185,5154,5146,102,5248,1
2021-04-10,Los Angeles,037,10098052,1194920,1185246,39864,1225110,23493
2021-04-10,Madera,039,155013,16307,16143,897,17040,231
2021-04-10,Marin,041,260295,13794,13731,223,13954,226
2021-04-10,Mariposa,043,17540,400,393,6,399,5
2021-04-10,Mendocino,045,87422,3783,3696,74,3770,46
2021-04-10,Merced,047,269075,30153,30225,990,31215,435
2021-04-10,Modoc,049,8938,362,352,118,470,3
2021-04-10,Mono,051,14174,1239,1249,16,1265,3
2021-04-10,Monterey,053,433212,42715,42527,1773,44300,346
2021-04-10,Napa,055,140530,9625,9569,32,9601,79
2021-04-10,Nevada,057,99092,4450,4379,182,4561,69
2021-04-10,Orange,059,3164182,252543,251139,10847,261986,4818
2021-04-10,Placer,061,380077,22096,21402,1330,22732,278
2021-04-10,Plumas,063,18699,675,666,10,676,4
2021-04-10,Riverside,065,2383286,290854,285082,13599,298681,4336
2021-04-10,Sacramento,067,1510023,100884,100048,1482,101530,1566
2021-04-10,San Benito,069,59416,5932,5932,105,6037,62
2021-04-10,San Bernardino,071,2135413,290391,288590,8752,297342,4489
2021-04-10,San Diego,073,3302833,273921,273058,13931,286989,3613
2021-04-10,San Francisco,075,870044,35730,35774,1203,36977,498
2021-04-10,San Joaquin,077,732212,70704,69852,3238,73090,1288
2021-04-10,San Luis Obispo,079,281455,20793,20461,637,21098,253
2021-04-10,San Mateo,081,765935,41250,40878,432,41310,350
2021-04-10,Santa Barbara,083,443738,33746,33541,1089,34630,444
2021-04-10,Santa Clara,085,1922200,115727,116015,669,116684,1923
2021-04-10,Santa Cruz,087,273765,15961,15360,789,16149,203
2021-04-10,Shasta,089,179085,11490,11492,1388,12880,189
2021-04-10,Sierra,091,2930,55,51,12,63,0
2021-04-10,Siskiyou,093,43540,1599,1512,265,1777,7
2021-04-10,Solano,095,438530,31361,31218,431,31649,238
2021-04-10,Sonoma,097,501317,29373,29469,288,29757,310
2021-04-10,Stanislaus,099,539301,53947,53596,5624,59220,707
2021-04-10,Sutter,101,95872,9194,9214,80,9294,106
2021-04-10,Tehama,103,63373,4870,4820,517,5337,52
2021-04-10,Trinity,105,12862,482,324,81,405,3
2021-04-10,Tulare,107,460477,49481,48470,8538,57008,824
2021-04-10,Tuolumne,109,53932,3944,3991,39,4030,57
2021-04-10,Ventura,111,848112,80285,79758,2871,82629,985
2021-04-10,Yolo,113,214977,13507,13494,174,13668,198
2021-04-10,Yuba,115,75493,5795,5757,112,5869,43
2021-04-09,Alameda,001,1643700,84890,84404,1798,86202,1237
2021-04-09,Alpine,003,1148,85,85,0,85,0
2021-04-09,Amador,005,37829,3609,3600,32,3632,46
2021-04-09,Butte,007,227075,11813,11454,1676,13130,193
2021-04-09,Calaveras,009,45235,2032,2028,11,2039,50
2021-04-09,Colusa,011,21464,1903,1898,277,2175,14
2021-04-09,Contra Costa,013,1133247,66707,65857,1142,66999,777
2021-04-09,Del Norte,015,27424,1251,1207,11,1218,6
2021-04-09,El Dorado,017,186661,9654,9528,655,10183,106
2021-04-09,Fresno,019,978130,100615,100027,8271,108298,1630
2021-04-09,Glenn,021,27897,2368,2337,532,2869,17
2021-04-09,Humboldt,023,135768,3533,3496,25,3521,35
2021-04-09,Imperial,025,180216,27938,27764,2578,30342,717
2021-04-09,Inyo,027,18085,1391,1386,10,1396,36
2021-04-09,Kern,029,883053,95856,94675,10327,105002,1282
2021-04-09,Kings,031,150075,22837,22595,1020,23615,242
2021-04-09,Lake,033,64148,3402,3362,9,3371,43
2021-04-09,Lassen,035,31185,5154,5140,102,5242,1
2021-04-09,Los Angeles,037,10098052,1194551,1184501,39836,1224337,23458
2021-04-09,Madera,039,155013,16304,16118,897,17015,231
2021-04-09,Marin,041,260295,13787,13721,223,13944,226
2021-04-09,Mariposa,043,17540,400,393,6,399,5
2021-04-09,Mendocino,045,87422,3781,3693,74,3767,46
2021-04-09,Merced,047,269075,30124,30179,989,31168,435
2021-04-09,Modoc,049,8938,361,352,118,470,3
2021-04-09,Mono,051,14174,1239,1247,16,1263,3
2021-04-09,Monterey,053,433212,42706,42481,1769,44250,344
2021-04-09,Napa,055,140530,9606,9574,32,9606,80
2021-04-09,Nevada,057,99092,4442,4373,182,4555,69
2021-04-09,Orange,059,3164182,252469,250852,10842,261694,4813
2021-04-09,Placer,061,380077,22065,21327,1322,22649,278
2021-04-09,Plumas,063,18699,674,666,10,676,4
2021-04-09,Riverside,065,2383286,290771,284562,13593,298155,4325
2021-04-09,Sacramento,067,1510023,100729,99722,1476,101198,1564
2021-04-09,San Benito,069,59416,5927,5925,104,6029,62
2021-04-09,San Bernardino,071,2135413,290322,288000,8749,296749,4467
2021-04-09,San Diego,073,3302833,273723,272697,13889,286586,3600
2021-04-09,San Francisco,075,870044,35689,35716,1198,36914,497
2021-04-09,San Joaquin,077,732212,70640,69675,3226,72901,1281
2021-04-09,San Luis Obispo,079,281455,20778,20427,637,21064,252
2021-04-09,San Mateo,081,765935,41214,40800,431,41231,350
2021-04-09,Santa Barbara,083,443738,33723,33424,1086,34510,444
2021-04-09,Santa Clara,085,1922200,115643,115749,667,116416,1923
2021-04-09,Santa Cruz,087,273765,15956,15331,789,16120,203
2021-04-09,Shasta,089,179085,11480,11478,1385,12863,188
2021-04-09,Sierra,091,2930,55,51,12,63,0
2021-04-09,Siskiyou,093,43540,1596,1510,264,1774,7
2021-04-09,Solano,095,438530,31328,31166,426,31592,238
2021-04-09,Sonoma,097,501317,29360,29433,288,29721,310
2021-04-09,Stanislaus,099,539301,53892,53504,5615,59119,705
2021-04-09,Sutter,101,95872,9187,9201,80,9281,106
2021-04-09,Tehama,103,63373,4864,4806,517,5323,52
2021-04-09,Trinity,105,12862,481,324,81,405,3
2021-04-09,Tulare,107,460477,49477,48430,8532,56962,824
2021-04-09,Tuolumne,109,53932,3943,3986,39,4025,57
2021-04-09,Ventura,111,848112,80257,79698,2871,82569,987
2021-04-09,Yolo,113,214977,13495,13478,172,13650,198
2021-04-09,Yuba,115,75493,5788,5754,112,5866,43
2021-04-08,Alameda,001,1643700,84784,84213,1795,86008,1232
2021-04-08,Alpine,003,1148,85,85,0,85,0
2021-04-08,Amador,005,37829,3605,3595,32,3627,46
2021-04-08,Butte,007,227075,11802,11414,1675,13089,193
2021-04-08,Calaveras,009,45235,2030,2027,11,2038,50
2021-04-08,Colusa,011,21464,1902,1897,277,2174,14
2021-04-08,Contra Costa,013,1133247,66597,65706,1139,66845,775
2021-04-08,Del Norte,015,27424,1245,1201,11,1212,6
2021-04-08,El Dorado,017,186661,9638,9513,650,10163,106
2021-04-08,Fresno,019,978130,100552,99935,8264,108199,1627
2021-04-08,Glenn,021,27897,2367,2337,532,2869,17
2021-04-08,Humboldt,023,135768,3523,3486,25,3511,35
2021-04-08,Imperial,025,180216,27910,27744,2575,30319,713
2021-04-08,Inyo,027,18085,1390,1386,10,1396,36
2021-04-08,Kern,029,883053,95810,94493,10314,104807,1281
2021-04-08,Kings,031,150075,22830,22589,1018,23607,243
2021-04-08,Lake,033,64148,3395,3360,9,3369,43
2021-04-08,Lassen,035,31185,5153,5136,102,5238,1
2021-04-08,Los Angeles,037,10098052,1194052,1184443,39798,1224241,23416
2021-04-08,Madera,039,155013,16292,16103,897,17000,231
2021-04-08,Marin,041,260295,13780,13704,223,13927,226
2021-04-08,Mariposa,043,17540,399,393,6,399,5
2021-04-08,Mendocino,045,87422,3779,3690,74,3764,45
2021-04-08,Merced,047,269075,30102,30163,989,31152,430
2021-04-08,Modoc,049,8938,361,352,118,470,3
2021-04-08,Mono,051,14174,1237,1247,16,1263,3
2021-04-08,Monterey,053,433212,42684,42437,1764,44201,342
2021-04-08,Napa,055,140530,9589,9569,32,9601,80
2021-04-08,Nevada,057,99092,4431,4367,182,4549,69
2021-04-08,Orange,059,3164182,252359,250529,10827,261356,4797
2021-04-08,Placer,061,380077,22023,21258,1313,22571,277
2021-04-08,Plumas,063,18699,674,665,10,675,4
2021-04-08,Riverside,065,2383286,290657,283853,13588,297441,4296
2021-04-08,Sacramento,067,1510023,100589,99319,1465,100784,1561
2021-04-08,San Benito,069,59416,5924,5914,102,6016,62
2021-04-08,San Bernardino,071,2135413,290225,287190,8746,295936,4445
2021-04-08,San Diego,073,3302833,273493,272495,13853,286348,3592
2021-04-08,San Francisco,075,870044,35665,35657,1197,36854,494
2021-04-08,San Joaquin,077,732212,70568,69479,3220,72699,1279
2021-04-08,San Luis Obispo,079,281455,20759,20402,635,21037,252
2021-04-08,San Mateo,081,765935,41174,40749,431,41180,350
2021-04-08,Santa Barbara,083,443738,33699,33309,1085,34394,444
2021-04-08,Santa Clara,085,1922200,115537,115487,666,116153,1905
2021-04-08,Santa Cruz,087,273765,15949,15296,789,16085,203
2021-04-08,Shasta,089,179085,11470,11466,1381,12847,186
2021-04-08,Sierra,091,2930,55,51,12,63,0
2021-04-08,Siskiyou,093,43540,1593,1511,264,1775,7
2021-04-08,Solano,095,438530,31279,31120,426,31546,238
2021-04-08,Sonoma,097,501317,29340,29410,287,29697,310
2021-04-08,Stanislaus,099,539301,53814,53401,5605,59006,706
2021-04-08,Sutter,101,95872,9183,9195,80,9275,106
2021-04-08,Tehama,103,63373,4860,4802,517,5319,52
2021-04-08,Trinity,105,12862,481,324,81,405,3
2021-04-08,Tulare,107,460477,49464,48409,8522,56931,821
2021-04-08,Tuolumne,109,53932,3943,3986,39,4025,57
2021-04-08,Ventura,111,848112,80220,79626,2867,82493,986
2021-04-08,Yolo,113,214977,13486,13468,171,13639,198
2021-04-08,Yuba,115,75493,5784,5743,112,5855,43
2021-04-07,Alameda,001,1643700,84700,84130,1793,85923,1224
2021-04-07,Alpine,003,1148,85,85,0,85,0
2021-04-07,Amador,005,37829,3602,3590,32,3622,46
2021-04-07,Butte,007,227075,11798,11405,1672,13077,193
2021-04-07,Calaveras,009,45235,2029,2022,11,2033,50
2021-04-07,Colusa,011,21464,1898,1894,276,2170,14
2021-04-07,Contra Costa,013,1133247,66511,65619,1138,66757,775
2021-04-07,Del Norte,015,27424,1243,1198,11,1209,6
2021-04-07,El Dorado,017,186661,9617,9500,644,10144,106
2021-04-07,Fresno,019,978130,100487,99865,8253,108118,1627
2021-04-07,Glenn,021,27897,2365,2337,531,2868,17
2021-04-07,Humboldt,023,135768,3510,3484,25,3509,35
2021-04-07,Imperial,025,180216,27886,27704,2569,30273,713
2021-04-07,Inyo,027,18085,1389,1386,10,1396,36
2021-04-07,Kern,029,883053,95774,94456,10299,104755,1275
2021-04-07,Kings,031,150075,22828,22589,1018,23607,243
2021-04-07,Lake,033,64148,3393,3358,9,3367,43
2021-04-07,Lassen,035,31185,5153,5137,102,5239,1
2021-04-07,Los Angeles,037,10098052,1193611,1183862,39778,1223640,23372
2021-04-07,Madera,039,155013,16273,16090,896,16986,231
2021-04-07,Marin,041,260295,13769,13688,222,13910,225
2021-04-07,Mariposa,043,17540,398,391,6,397,5
2021-04-07,Mendocino,045,87422,3778,3691,74,3765,45
2021-04-07,Merced,047,269075,30079,30132,985,31117,430
2021-04-07,Modoc,049,8938,361,351,118,469,3
2021-04-07,Mono,051,14174,1237,1246,16,1262,3
2021-04-07,Monterey,053,433212,42666,42427,1763,44190,341
2021-04-07,Napa,055,140530,9575,9556,32,9588,80
2021-04-07,Nevada,057,99092,4425,4364,182,4546,69
2021-04-07,Orange,059,3164182,252234,250378,10805,261183,4778
2021-04-07,Placer,061,380077,21979,21227,1305,22532,276
2021-04-07,Plumas,063,18699,674,665,10,675,4
2021-04-07,Riverside,065,2383286,290537,283749,13578,297327,4285
2021-04-07,Sacramento,067,1510023,100421,99202,1459,100661,1544
2021-04-07,San Benito,069,59416,5919,5912,101,6013,62
2021-04-07,San Bernardino,071,2135413,290106,286978,8741,295719,4433
2021-04-07,San Diego,073,3302833,273267,272195,13824,286019,3588
2021-04-07,San Francisco,075,870044,35625,35618,1193,36811,493
2021-04-07,San Joaquin,077,732212,70497,69375,3215,72590,1278
2021-04-07,San Luis Obispo,079,281455,20733,20373,632,21005,252
2021-04-07,San Mateo,081,765935,41130,40693,431,41124,350
2021-04-07,Santa Barbara,083,443738,33673,33289,1082,34371,444
2021-04-07,Santa Clara,085,1922200,115405,115311,664,115975,1900
2021-04-07,Santa Cruz,087,273765,15938,15275,789,16064,203
2021-04-07,Shasta,089,179085,11458,11456,1377,12833,184
2021-04-07,Sierra,091,2930,55,51,12,63,0
2021-04-07,Siskiyou,093,43540,1587,1512,263,1775,7
2021-04-07,Solano,095,438530,31228,31097,425,31522,238
2021-04-07,Sonoma,097,501317,29322,29394,286,29680,310
2021-04-07,Stanislaus,099,539301,53746,53344,5595,58939,686
2021-04-07,Sutter,101,95872,9180,9188,80,9268,106
2021-04-07,Tehama,103,63373,4852,4802,515,5317,52
2021-04-07,Trinity,105,12862,481,322,81,403,3
2021-04-07,Tulare,107,460477,49449,48386,8512,56898,820
2021-04-07,Tuolumne,109,53932,3941,3982,39,4021,57
2021-04-07,Ventura,111,848112,80186,79595,2865,82460,986
2021-04-07,Yolo,113,214977,13471,13450,169,13619,198
2021-04-07,Yuba,115,75493,5780,5737,112,5849,43
2021-04-06,Alameda,001,1643700,84587,84091,1790,85881,1223
2021-04-06,Alpine,003,1148,85,85,0,85,0
2021-04-06,Amador,005,37829,3601,3587,32,3619,45
2021-04-06,Butte,007,227075,11783,11396,1670,13066,193
2021-04-06,Calaveras,009,45235,2025,2021,11,2032,50
2021-04-06,Colusa,011,21464,1896,1894,274,2168,14
2021-04-06,Contra Costa,013,1133247,66433,65575,1137,66712,774
2021-04-06,Del Norte,015,27424,1238,1197,11,1208,6
2021-04-06,El Dorado,017,186661,9587,9489,642,10131,106
2021-04-06,Fresno,019,978130,100423,99814,8247,108061,1626
2021-04-06,Glenn,021,27897,2364,2335,530,2865,17
2021-04-06,Humboldt,023,135768,3501,3477,25,3502,35
2021-04-06,Imperial,025,180216,27852,27661,2560,30221,713
2021-04-06,Inyo,027,18085,1389,1379,10,1389,36
2021-04-06,Kern,029,883053,95730,94422,10293,104715,1259
2021-04-06,Kings,031,150075,22822,22587,1018,23605,240
2021-04-06,Lake,033,64148,3390,3358,9,3367,43
2021-04-06,Lassen,035,31185,5151,5137,102,5239,1
2021-04-06,Los Angeles,037,10098052,1193099,1183499,39739,1223238,23323
2021-04-06,Madera,039,155013,16253,16085,891,16976,230
2021-04-06,Marin,041,260295,13760,13675,218,13893,224
2021-04-06,Mariposa,043,17540,398,390,6,396,5
2021-04-06,Mendocino,045,87422,3776,3686,74,3760,45
2021-04-06,Merced,047,269075,30050,30100,980,31080,430
2021-04-06,Modoc,049,8938,360,351,118,469,3
2021-04-06,Mono,051,14174,1237,1246,16,1262,3
2021-04-06,Monterey,053,433212,42657,42412,1762,44174,341
2021-04-06,Napa,055,140530,9556,9509,32,9541,78
2021-04-06,Nevada,057,99092,4415,4356,180,4536,69
2021-04-06,Orange,059,3164182,252125,250304,10792,261096,4771
2021-04-06,Placer,061,380077,21931,21184,1303,22487,276
2021-04-06,Plumas,063,18699,674,665,10,675,4
2021-04-06,Riverside,065,2383286,290356,283622,13567,297189,4264
2021-04-06,Sacramento,067,1510023,100213,99110,1453,100563,1537
2021-04-06,San Benito,069,59416,5910,5907,101,6008,62
2021-04-06,San Bernardino,071,2135413,289993,286792,8731,295523,4428
2021-04-06,San Diego,073,3302833,273005,271867,13796,285663,3585
2021-04-06,San Francisco,075,870044,35582,35572,1193,36765,488
2021-04-06,San Joaquin,077,732212,70414,69316,3203,72519,1278
2021-04-06,San Luis Obispo,079,281455,20711,20350,629,20979,252
2021-04-06,San Mateo,081,765935,41082,40649,430,41079,350
2021-04-06,Santa Barbara,083,443738,33655,33257,1081,34338,443
2021-04-06,Santa Clara,085,1922200,115234,115184,663,115847,1900
2021-04-06,Santa Cruz,087,273765,15928,15252,789,16041,203
2021-04-06,Shasta,089,179085,11437,11443,1375,12818,184
2021-04-06,Sierra,091,2930,55,51,12,63,0
2021-04-06,Siskiyou,093,43540,1583,1510,262,1772,7
2021-04-06,Solano,095,438530,31181,31078,424,31502,237
2021-04-06,Sonoma,097,501317,29297,29386,284,29670,311
2021-04-06,Stanislaus,099,539301,53690,53304,5589,58893,686
2021-04-06,Sutter,101,95872,9170,9179,80,9259,106
2021-04-06,Tehama,103,63373,4843,4798,515,5313,52
2021-04-06,Trinity,105,12862,481,321,81,402,3
2021-04-06,Tulare,107,460477,49406,48372,8508,56880,819
2021-04-06,Tuolumne,109,53932,3941,3981,39,4020,57
2021-04-06,Ventura,111,848112,80149,79556,2863,82419,983
2021-04-06,Yolo,113,214977,13458,13443,168,13611,198
2021-04-06,Yuba,115,75493,5776,5733,111,5844,43
2021-04-05,Alameda,001,1643700,84471,84007,1786,85793,1219
2021-04-05,Alpine,003,1148,85,85,0,85,0
2021-04-05,Amador,005,37829,3598,3584,32,3616,45
2021-04-05,Butte,007,227075,11768,11384,1670,13054,193
2021-04-05,Calaveras,009,45235,2023,2019,11,2030,50
2021-04-05,Colusa,011,21464,1896,1894,273,2167,14
2021-04-05,Contra Costa,013,1133247,66367,65457,1135,66592,774
2021-04-05,Del Norte,015,27424,1236,1189,11,1200,6
2021-04-05,El Dorado,017,186661,9572,9463,642,10105,106
2021-04-05,Fresno,019,978130,100335,99755,8239,107994,1622
2021-04-05,Glenn,021,27897,2363,2335,530,2865,17
2021-04-05,Humboldt,023,135768,3492,3475,25,3500,35
2021-04-05,Imperial,025,180216,27820,27604,2555,30159,710
2021-04-05,Inyo,027,18085,1386,1377,10,1387,36
2021-04-05,Kern,029,883053,95675,94401,10268,104669,1249
2021-04-05,Kings,031,150075,22818,22580,1018,23598,239
2021-04-05,Lake,033,64148,3382,3359,9,3368,43
2021-04-05,Lassen,035,31185,5151,5138,101,5239,1
2021-04-05,Los Angeles,037,10098052,1192563,1183200,39691,1222891,23302
2021-04-05,Madera,039,155013,16238,16065,890,16955,230
2021-04-05,Marin,041,260295,13746,13666,214,13880,221
2021-04-05,Mariposa,043,17540,398,390,6,396,5
2021-04-05,Mendocino,045,87422,3774,3687,74,3761,45
2021-04-05,Merced,047,269075,30024,30068,978,31046,427
2021-04-05,Modoc,049,8938,358,346,118,464,3
2021-04-05,Mono,051,14174,1237,1246,16,1262,3
2021-04-05,Monterey,053,433212,42644,42396,1758,44154,341
2021-04-05,Napa,055,140530,9533,9492,32,9524,78
2021-04-05,Nevada,057,99092,4404,4346,180,4526,69
2021-04-05,Orange,059,3164182,252010,250177,10768,260945,4759
2021-04-05,Placer,061,380077,21885,21133,1296,22429,276
2021-04-05,Plumas,063,18699,674,666,10,676,4
2021-04-05,Riverside,065,2383286,290219,283549,13555,297104,4237
2021-04-05,Sacramento,067,1510023,100051,98908,1445,100353,1533
2021-04-05,San Benito,069,59416,5904,5904,101,6005,61
2021-04-05,San Bernardino,071,2135413,289883,286597,8728,295325,4425
2021-04-05,San Diego,073,3302833,272756,271655,13755,285410,3583
2021-04-05,San Francisco,075,870044,35551,35538,1193,36731,488
2021-04-05,San Joaquin,077,732212,70325,69214,3194,72408,1268
2021-04-05,San Luis Obispo,079,281455,20674,20333,629,20962,252
2021-04-05,San Mateo,081,765935,41038,40609,429,41038,350
2021-04-05,Santa Barbara,083,443738,33620,33235,1081,34316,443
2021-04-05,Santa Clara,085,1922200,115067,115091,660,115751,1893
2021-04-05,Santa Cruz,087,273765,15921,15228,789,16017,201
2021-04-05,Shasta,089,179085,11416,11435,1372,12807,184
2021-04-05,Sierra,091,2930,55,50,12,62,0
2021-04-05,Siskiyou,093,43540,1580,1509,260,1769,7
2021-04-05,Solano,095,438530,31140,31026,422,31448,237
2021-04-05,Sonoma,097,501317,29265,29361,282,29643,311
2021-04-05,Stanislaus,099,539301,53610,53238,5586,58824,686
2021-04-05,Sutter,101,95872,9163,9169,80,9249,106
2021-04-05,Tehama,103,63373,4837,4794,515,5309,52
2021-04-05,Trinity,105,12862,480,321,81,402,3
2021-04-05,Tulare,107,460477,49394,48356,8501,56857,818
2021-04-05,Tuolumne,109,53932,3940,3980,39,4019,57
2021-04-05,Ventura,111,848112,80118,79549,2860,82409,983
2021-04-05,Yolo,113,214977,13444,13427,167,13594,198
2021-04-05,Yuba,115,75493,5771,5728,110,5838,43
2021-04-04,Alameda,001,1643700,84353,83951,1782,85733,1219
2021-04-04,Alpine,003,1148,85,85,0,85,0
2021-04-04,Amador,005,37829,3592,3582,32,3614,45
2021-04-04,Butte,007,227075,11753,11375,1669,13044,193
2021-04-04,Calaveras,009,45235,2019,2020,11,2031,50
2021-04-04,Colusa,011,21464,1895,1893,273,2166,14
2021-04-04,Contra Costa,013,1133247,66261,65408,1130,66538,774
2021-04-04,Del Norte,015,27424,1228,1186,11,1197,6
2021-04-04,El Dorado,017,186661,9553,9455,639,10094,106
2021-04-04,Fresno,019,978130,100261,99702,8227,107929,1622
2021-04-04,Glenn,021,27897,2360,2335,529,2864,17
2021-04-04,Humboldt,023,135768,3481,3472,25,3497,35
2021-04-04,Imperial,025,180216,27764,27588,2553,30141,710
2021-04-04,Inyo,027,18085,1382,1377,10,1387,36
2021-04-04,Kern,029,883053,95631,94388,10247,104635,1247
2021-04-04,Kings,031,150075,22816,22580,1017,23597,239
2021-04-04,Lake,033,64148,3376,3355,8,3363,43
2021-04-04,Lassen,035,31185,5149,5138,101,5239,1
2021-04-04,Los Angeles,037,10098052,1192019,1182872,39647,1222519,23301
2021-04-04,Madera,039,155013,16212,16052,886,16938,230
2021-04-04,Marin,041,260295,13733,13663,213,13876,221
2021-04-04,Mariposa,043,17540,398,390,6,396,5
2021-04-04,Mendocino,045,87422,3771,3684,74,3758,45
2021-04-04,Merced,047,269075,29981,30048,975,31023,427
2021-04-04,Modoc,049,8938,358,346,118,464,3
2021-04-04,Mono,051,14174,1236,1245,16,1261,3
2021-04-04,Monterey,053,433212,42627,42391,1757,44148,341
2021-04-04,Napa,055,140530,9521,9486,32,9518,78
2021-04-04,Nevada,057,99092,4392,4337,180,4517,69
2021-04-04,Orange,059,3164182,251876,250117,10752,260869,4759
2021-04-04,Placer,061,380077,21838,21104,1278,22382,276
2021-04-04,Plumas,063,18699,674,666,10,676,4
2021-04-04,Riverside,065,2383286,290093,283537,13551,297088,4237
2021-04-04,Sacramento,067,1510023,99852,98821,1436,100257,1531
2021-04-04,San Benito,069,59416,5894,5901,97,5998,61
2021-04-04,San Bernardino,071,2135413,289743,286561,8720,295281,4423
2021-04-04,San Diego,073,3302833,272444,271528,13714,285242,3583
2021-04-04,San Francisco,075,870044,35497,35525,1190,36715,488
2021-04-04,San Joaquin,077,732212,70224,69147,3182,72329,1268
2021-04-04,San Luis Obispo,079,281455,20642,20328,621,20949,252
2021-04-04,San Mateo,081,765935,40995,40587,427,41014,350
2021-04-04,Santa Barbara,083,443738,33584,33213,1081,34294,443
2021-04-04,Santa Clara,085,1922200,114901,114976,653,115629,1893
2021-04-04,Santa Cruz,087,273765,15912,15219,789,16008,201
2021-04-04,Shasta,089,179085,11390,11433,1371,12804,184
2021-04-04,Sierra,091,2930,55,50,12,62,0
2021-04-04,Siskiyou,093,43540,1577,1509,256,1765,7
2021-04-04,Solano,095,438530,31093,31002,420,31422,237
2021-04-04,Sonoma,097,501317,29233,29340,280,29620,311
2021-04-04,Stanislaus,099,539301,53517,53181,5578,58759,686
2021-04-04,Sutter,101,95872,9156,9164,80,9244,106
2021-04-04,Tehama,103,63373,4825,4792,514,5306,52
2021-04-04,Trinity,105,12862,478,321,81,402,3
2021-04-04,Tulare,107,460477,49380,48343,8493,56836,818
2021-04-04,Tuolumne,109,53932,3932,3980,39,4019,57
2021-04-04,Ventura,111,848112,80075,79526,2858,82384,983
2021-04-04,Yolo,113,214977,13423,13425,166,13591,198
2021-04-04,Yuba,115,75493,5764,5722,110,5832,43
2021-04-03,Alameda,001,1643700,84286,83861,1780,85641,1218
2021-04-03,Alpine,003,1148,85,85,0,85,0
2021-04-03,Amador,005,37829,3589,3577,32,3609,45
2021-04-03,Butte,007,227075,11749,11359,1665,13024,193
2021-04-03,Calaveras,009,45235,2017,2019,11,2030,50
2021-04-03,Colusa,011,21464,1895,1891,273,2164,14
2021-04-03,Contra Costa,013,1133247,66189,65338,1130,66468,774
2021-04-03,Del Norte,015,27424,1223,1183,11,1194,6
2021-04-03,El Dorado,017,186661,9544,9448,638,10086,106
2021-04-03,Fresno,019,978130,100204,99602,8221,107823,1622
2021-04-03,Glenn,021,27897,2359,2334,528,2862,17
2021-04-03,Humboldt,023,135768,3479,3467,25,3492,35
2021-04-03,Imperial,025,180216,27748,27572,2550,30122,710
2021-04-03,Inyo,027,18085,1381,1376,10,1386,36
2021-04-03,Kern,029,883053,95605,94369,10231,104600,1243
2021-04-03,Kings,031,150075,22814,22580,1017,23597,239
2021-04-03,Lake,033,64148,3375,3350,8,3358,43
2021-04-03,Lassen,035,31185,5148,5136,101,5237,1
2021-04-03,Los Angeles,037,10098052,1191712,1182402,39630,1222032,23301
2021-04-03,Madera,039,155013,16203,16051,884,16935,230
2021-04-03,Marin,041,260295,13725,13658,212,13870,221
2021-04-03,Mariposa,043,17540,398,390,5,395,5
2021-04-03,Mendocino,045,87422,3770,3684,74,3758,45
2021-04-03,Merced,047,269075,29966,30031,975,31006,427
2021-04-03,Modoc,049,8938,358,346,118,464,3
2021-04-03,Mono,051,14174,1236,1245,16,1261,3
2021-04-03,Monterey,053,433212,42614,42376,1755,44131,341
2021-04-03,Napa,055,140530,9512,9473,32,9505,78
2021-04-03,Nevada,057,99092,4388,4323,180,4503,69
2021-04-03,Orange,059,3164182,251795,249982,10734,260716,4755
2021-04-03,Placer,061,380077,21807,21060,1274,22334,276
2021-04-03,Plumas,063,18699,674,666,10,676,4
2021-04-03,Riverside,065,2383286,290015,283423,13548,296971,4237
2021-04-03,Sacramento,067,1510023,99744,98660,1430,100090,1531
2021-04-03,San Benito,069,59416,5891,5893,96,5989,61
2021-04-03,San Bernardino,071,2135413,289679,286473,8714,295187,4422
2021-04-03,San Diego,073,3302833,272275,271335,13697,285032,3571
2021-04-03,San Francisco,075,870044,35478,35488,1188,36676,489
2021-04-03,San Joaquin,077,732212,70183,69100,3166,72266,1268
2021-04-03,San Luis Obispo,079,281455,20623,20301,621,20922,252
2021-04-03,San Mateo,081,765935,40970,40560,427,40987,350
2021-04-03,Santa Barbara,083,443738,33558,33172,1080,34252,443
2021-04-03,Santa Clara,085,1922200,114793,114865,651,115516,1893
2021-04-03,Santa Cruz,087,273765,15905,15205,789,15994,201
2021-04-03,Shasta,089,179085,11382,11418,1371,12789,184
2021-04-03,Sierra,091,2930,55,50,12,62,0
2021-04-03,Siskiyou,093,43540,1576,1509,256,1765,7
2021-04-03,Solano,095,438530,31072,30970,417,31387,237
2021-04-03,Sonoma,097,501317,29217,29315,279,29594,311
2021-04-03,Stanislaus,099,539301,53482,53137,5572,58709,686
2021-04-03,Sutter,101,95872,9150,9158,80,9238,106
2021-04-03,Tehama,103,63373,4817,4788,514,5302,52
2021-04-03,Trinity,105,12862,478,321,81,402,3
2021-04-03,Tulare,107,460477,49370,48327,8489,56816,818
2021-04-03,Tuolumne,109,53932,3932,3980,39,4019,57
2021-04-03,Ventura,111,848112,80054,79489,2856,82345,983
2021-04-03,Yolo,113,214977,13417,13414,166,13580,198
2021-04-03,Yuba,115,75493,5758,5716,110,5826,43
2021-04-02,Alameda,001,1643700,84213,83776,1777,85553,1217
2021-04-02,Alpine,003,1148,85,85,0,85,0
2021-04-02,Amador,005,37829,3585,3573,31,3604,45
2021-04-02,Butte,007,227075,11740,11350,1665,13015,193
2021-04-02,Calaveras,009,45235,2015,2010,11,2021,50
2021-04-02,Colusa,011,21464,1895,1891,273,2164,14
2021-04-02,Contra Costa,013,1133247,66125,65299,1129,66428,774
2021-04-02,Del Norte,015,27424,1220,1174,11,1185,6
2021-04-02,El Dorado,017,186661,9531,9437,635,10072,106
2021-04-02,Fresno,019,978130,100150,99551,8210,107761,1620
2021-04-02,Glenn,021,27897,2359,2331,528,2859,17
2021-04-02,Humboldt,023,135768,3475,3465,25,3490,35
2021-04-02,Imperial,025,180216,27736,27553,2544,30097,710
2021-04-02,Inyo,027,18085,1381,1377,10,1387,36
2021-04-02,Kern,029,883053,95587,94348,10228,104576,1233
2021-04-02,Kings,031,150075,22814,22571,1014,23585,239
2021-04-02,Lake,033,64148,3373,3348,8,3356,43
2021-04-02,Lassen,035,31185,5148,5134,101,5235,1
2021-04-02,Los Angeles,037,10098052,1191401,1181682,39609,1221291,23264
2021-04-02,Madera,039,155013,16194,16036,883,16919,230
2021-04-02,Marin,041,260295,13717,13649,212,13861,221
2021-04-02,Mariposa,043,17540,396,390,5,395,5
2021-04-02,Mendocino,045,87422,3767,3682,74,3756,45
2021-04-02,Merced,047,269075,29941,29998,975,30973,426
2021-04-02,Modoc,049,8938,355,346,118,464,3
2021-04-02,Mono,051,14174,1236,1246,16,1262,3
2021-04-02,Monterey,053,433212,42604,42359,1752,44111,341
2021-04-02,Napa,055,140530,9497,9453,32,9485,78
2021-04-02,Nevada,057,99092,4384,4323,180,4503,69
2021-04-02,Orange,059,3164182,251699,249891,10722,260613,4748
2021-04-02,Placer,061,380077,21771,21035,1268,22303,275
2021-04-02,Plumas,063,18699,674,666,10,676,4
2021-04-02,Riverside,065,2383286,289929,283328,13539,296867,4213
2021-04-02,Sacramento,067,1510023,99637,98648,1423,100071,1527
2021-04-02,San Benito,069,59416,5889,5888,94,5982,61
2021-04-02,San Bernardino,071,2135413,289606,286308,8710,295018,4417
2021-04-02,San Diego,073,3302833,272088,271036,13671,284707,3568
2021-04-02,San Francisco,075,870044,35443,35451,1186,36637,488
2021-04-02,San Joaquin,077,732212,70118,68996,3151,72147,1268
2021-04-02,San Luis Obispo,079,281455,20606,20271,620,20891,252
2021-04-02,San Mateo,081,765935,40928,40514,427,40941,350
2021-04-02,Santa Barbara,083,443738,33530,33145,1080,34225,443
2021-04-02,Santa Clara,085,1922200,114682,114777,649,115426,1882
2021-04-02,Santa Cruz,087,273765,15897,15216,789,16005,202
2021-04-02,Shasta,089,179085,11377,11377,1364,12741,181
2021-04-02,Sierra,091,2930,55,50,12,62,0
2021-04-02,Siskiyou,093,43540,1576,1508,255,1763,7
2021-04-02,Solano,095,438530,31043,30951,414,31365,237
2021-04-02,Sonoma,097,501317,29196,29288,278,29566,311
2021-04-02,Stanislaus,099,539301,53437,53073,5566,58639,687
2021-04-02,Sutter,101,95872,9142,9131,80,9211,106
2021-04-02,Tehama,103,63373,4810,4775,513,5288,52
2021-04-02,Trinity,105,12862,478,320,81,401,3
2021-04-02,Tulare,107,460477,49364,48306,8483,56789,818
2021-04-02,Tuolumne,109,53932,3929,3980,39,4019,57
2021-04-02,Ventura,111,848112,80027,79434,2854,82288,982
2021-04-02,Yolo,113,214977,13407,13381,166,13547,197
2021-04-02,Yuba,115,75493,5754,5709,110,5819,44
2021-04-01,Alameda,001,1643700,84134,83574,1772,85346,1216
2021-04-01,Alpine,003,1148,85,85,0,85,0
2021-04-01,Amador,005,37829,3581,3558,31,3589,45
2021-04-01,Butte,007,227075,11722,11328,1663,12991,193
2021-04-01,Calaveras,009,45235,2012,2006,11,2017,50
2021-04-01,Colusa,011,21464,1892,1890,273,2163,14
2021-04-01,Contra Costa,013,1133247,66065,65176,1127,66303,771
2021-04-01,Del Norte,015,27424,1215,1138,11,1149,6
2021-04-01,El Dorado,017,186661,9522,9393,631,10024,106
2021-04-01,Fresno,019,978130,100097,99317,8202,107519,1616
2021-04-01,Glenn,021,27897,2359,2322,527,2849,17
2021-04-01,Humboldt,023,135768,3471,3464,25,3489,35
2021-04-01,Imperial,025,180216,27706,27520,2539,30059,710
2021-04-01,Inyo,027,18085,1380,1374,10,1384,36
2021-04-01,Kern,029,883053,95551,94244,10216,104460,1233
2021-04-01,Kings,031,150075,22807,22560,1013,23573,239
2021-04-01,Lake,033,64148,3368,3337,8,3345,43
2021-04-01,Lassen,035,31185,5147,5132,101,5233,1
2021-04-01,Los Angeles,037,10098052,1190907,1181101,39580,1220681,23220
2021-04-01,Madera,039,155013,16178,16023,883,16906,230
2021-04-01,Marin,041,260295,13707,13635,212,13847,221
2021-04-01,Mariposa,043,17540,394,389,5,394,5
2021-04-01,Mendocino,045,87422,3767,3680,74,3754,45
2021-04-01,Merced,047,269075,29908,29820,975,30795,425
2021-04-01,Modoc,049,8938,354,346,118,464,3
2021-04-01,Mono,051,14174,1236,1245,16,1261,3
2021-04-01,Monterey,053,433212,42596,42324,1750,44074,339
2021-04-01,Napa,055,140530,9485,9410,32,9442,78
2021-04-01,Nevada,057,99092,4374,4288,179,4467,68
2021-04-01,Orange,059,3164182,251579,249617,10705,260322,4742
2021-04-01,Placer,061,380077,21732,20909,1256,22165,274
2021-04-01,Plumas,063,18699,674,664,10,674,4
2021-04-01,Riverside,065,2383286,289824,283128,13536,296664,4193
2021-04-01,Sacramento,067,1510023,99493,97952,1410,99362,1521
2021-04-01,San Benito,069,59416,5881,5878,93,5971,61
2021-04-01,San Bernardino,071,2135413,289490,286086,8701,294787,4404
2021-04-01,San Diego,073,3302833,271865,270540,13641,284181,3555
2021-04-01,San Francisco,075,870044,35422,35386,1183,36569,488
2021-04-01,San Joaquin,077,732212,70036,68802,3143,71945,1262
2021-04-01,San Luis Obispo,079,281455,20577,20235,619,20854,252
2021-04-01,San Mateo,081,765935,40887,40454,427,40881,350
2021-04-01,Santa Barbara,083,443738,33483,33096,1075,34171,443
2021-04-01,Santa Clara,085,1922200,114569,114606,648,115254,1874
2021-04-01,Santa Cruz,087,273765,15882,15271,789,16060,202
2021-04-01,Shasta,089,179085,11362,11355,1359,12714,181
2021-04-01,Sierra,091,2930,55,50,12,62,0
2021-04-01,Siskiyou,093,43540,1574,1507,254,1761,7
2021-04-01,Solano,095,438530,31010,30850,411,31261,237
2021-04-01,Sonoma,097,501317,29165,29241,271,29512,311
2021-04-01,Stanislaus,099,539301,53375,52825,5560,58385,687
2021-04-01,Sutter,101,95872,9130,9105,80,9185,106
2021-04-01,Tehama,103,63373,4804,4764,510,5274,52
2021-04-01,Trinity,105,12862,478,319,81,400,3
2021-04-01,Tulare,107,460477,49341,48279,8473,56752,817
2021-04-01,Tuolumne,109,53932,3927,3978,39,4017,57
2021-04-01,Ventura,111,848112,80003,79369,2853,82222,977
2021-04-01,Yolo,113,214977,13394,13342,166,13508,197
2021-04-01,Yuba,115,75493,5749,5694,110,5804,44
2021-03-31,Alameda,001,1643700,84052,83475,1767,85242,1215
2021-03-31,Alpine,003,1148,85,85,0,85,0
2021-03-31,Amador,005,37829,3578,3556,31,3587,45
2021-03-31,Butte,007,227075,11712,11321,1660,12981,193
2021-03-31,Calaveras,009,45235,2010,2005,11,2016,50
2021-03-31,Colusa,011,21464,1892,1890,273,2163,14
2021-03-31,Contra Costa,013,1133247,65980,65109,1126,66235,769
2021-03-31,Del Norte,015,27424,1206,1129,11,1140,6
2021-03-31,El Dorado,017,186661,9505,9390,631,10021,106
2021-03-31,Fresno,019,978130,100004,99240,8186,107426,1616
2021-03-31,Glenn,021,27897,2355,2318,525,2843,17
2021-03-31,Humboldt,023,135768,3465,3460,25,3485,35
2021-03-31,Imperial,025,180216,27686,27506,2538,30044,710
2021-03-31,Inyo,027,18085,1377,1373,9,1382,35
2021-03-31,Kern,029,883053,95508,94205,10207,104412,1229
2021-03-31,Kings,031,150075,22804,22540,1013,23553,239
2021-03-31,Lake,033,64148,3364,3332,8,3340,43
2021-03-31,Lassen,035,31185,5143,5132,101,5233,1
2021-03-31,Los Angeles,037,10098052,1190436,1180538,39542,1220080,23171
2021-03-31,Madera,039,155013,16164,16015,882,16897,229
2021-03-31,Marin,041,260295,13696,13624,212,13836,221
2021-03-31,Mariposa,043,17540,394,389,5,394,5
2021-03-31,Mendocino,045,87422,3761,3675,74,3749,45
2021-03-31,Merced,047,269075,29879,29780,975,30755,423
2021-03-31,Modoc,049,8938,354,346,118,464,3
2021-03-31,Mono,051,14174,1236,1245,16,1261,3
2021-03-31,Monterey,053,433212,42579,42309,1748,44057,338
2021-03-31,Napa,055,140530,9467,9401,32,9433,78
2021-03-31,Nevada,057,99092,4368,4283,179,4462,68
2021-03-31,Orange,059,3164182,251468,249518,10690,260208,4731
2021-03-31,Placer,061,380077,21682,20885,1249,22134,271
2021-03-31,Plumas,063,18699,673,663,10,673,4
2021-03-31,Riverside,065,2383286,289722,283006,13526,296532,4171
2021-03-31,Sacramento,067,1510023,99318,97760,1403,99163,1519
2021-03-31,San Benito,069,59416,5871,5875,93,5968,61
2021-03-31,San Bernardino,071,2135413,289396,285916,8698,294614,4356
2021-03-31,San Diego,073,3302833,271633,270288,13606,283894,3555
2021-03-31,San Francisco,075,870044,35377,35347,1182,36529,474
2021-03-31,San Joaquin,077,732212,69947,68685,3127,71812,1259
2021-03-31,San Luis Obispo,079,281455,20555,20215,618,20833,251
2021-03-31,San Mateo,081,765935,40857,40423,427,40850,350
2021-03-31,Santa Barbara,083,443738,33451,33052,1073,34125,443
2021-03-31,Santa Clara,085,1922200,114442,114499,648,115147,1874
2021-03-31,Santa Cruz,087,273765,15869,15295,788,16083,201
2021-03-31,Shasta,089,179085,11350,11327,1351,12678,179
2021-03-31,Sierra,091,2930,55,50,12,62,0
2021-03-31,Siskiyou,093,43540,1573,1505,254,1759,7
2021-03-31,Solano,095,438530,30964,30824,410,31234,235
2021-03-31,Sonoma,097,501317,29138,29216,271,29487,311
2021-03-31,Stanislaus,099,539301,53307,52782,5548,58330,687
2021-03-31,Sutter,101,95872,9119,9111,80,9191,106
2021-03-31,Tehama,103,63373,4799,4762,508,5270,52
2021-03-31,Trinity,105,12862,478,319,81,400,3
2021-03-31,Tulare,107,460477,49321,48261,8457,56718,816
2021-03-31,Tuolumne,109,53932,3926,3976,39,4015,57
2021-03-31,Ventura,111,848112,79971,79326,2849,82175,969
2021-03-31,Yolo,113,214977,13377,13359,165,13524,197
2021-03-31,Yuba,115,75493,5742,5686,110,5796,44
2021-03-30,Alameda,001,1643700,83952,83395,1764,85159,1211
2021-03-30,Alpine,003,1148,85,85,0,85,0
2021-03-30,Amador,005,37829,3575,3551,31,3582,45
2021-03-30,Butte,007,227075,11700,11296,1657,12953,193
2021-03-30,Calaveras,009,45235,2006,1997,11,2008,50
2021-03-30,Colusa,011,21464,1891,1890,272,2162,14
2021-03-30,Contra Costa,013,1133247,65891,65041,1124,66165,767
2021-03-30,Del Norte,015,27424,1198,1118,10,1128,6
2021-03-30,El Dorado,017,186661,9486,9381,628,10009,105
2021-03-30,Fresno,019,978130,99939,99156,8173,107329,1609
2021-03-30,Glenn,021,27897,2355,2310,524,2834,17
2021-03-30,Humboldt,023,135768,3463,3461,25,3486,35
2021-03-30,Imperial,025,180216,27658,27471,2536,30007,706
2021-03-30,Inyo,027,18085,1377,1374,9,1383,35
2021-03-30,Kern,029,883053,95466,94151,10198,104349,1221
2021-03-30,Kings,031,150075,22800,22530,1011,23541,238
2021-03-30,Lake,033,64148,3358,3330,8,3338,43
2021-03-30,Lassen,035,31185,5143,5132,101,5233,1
2021-03-30,Los Angeles,037,10098052,1189940,1180044,39520,1219564,23136
2021-03-30,Madera,039,155013,16154,16003,878,16881,229
2021-03-30,Marin,041,260295,13687,13611,204,13815,221
2021-03-30,Mariposa,043,17540,394,388,5,393,5
2021-03-30,Mendocino,045,87422,3759,3670,74,3744,45
2021-03-30,Merced,047,269075,29842,29731,975,30706,423
2021-03-30,Modoc,049,8938,353,346,118,464,3
2021-03-30,Mono,051,14174,1235,1245,16,1261,3
2021-03-30,Monterey,053,433212,42553,42308,1746,44054,338
2021-03-30,Napa,055,140530,9452,9391,32,9423,78
2021-03-30,Nevada,057,99092,4356,4266,178,4444,68
2021-03-30,Orange,059,3164182,251339,249412,10663,260075,4727
2021-03-30,Placer,061,380077,21642,20866,1243,22109,271
2021-03-30,Plumas,063,18699,673,661,10,671,4
2021-03-30,Riverside,065,2383286,289597,282930,13517,296447,4154
2021-03-30,Sacramento,067,1510023,99181,97718,1400,99118,1516
2021-03-30,San Benito,069,59416,5865,5870,93,5963,61
2021-03-30,San Bernardino,071,2135413,289288,285758,8689,294447,4343
2021-03-30,San Diego,073,3302833,271394,269998,13568,283566,3555
2021-03-30,San Francisco,075,870044,35327,35325,1181,36506,474
2021-03-30,San Joaquin,077,732212,69859,68613,3117,71730,1232
2021-03-30,San Luis Obispo,079,281455,20535,20194,618,20812,251
2021-03-30,San Mateo,081,765935,40813,40377,427,40804,349
2021-03-30,Santa Barbara,083,443738,33426,33016,1073,34089,441
2021-03-30,Santa Clara,085,1922200,114320,114413,647,115060,1873
2021-03-30,Santa Cruz,087,273765,15863,15278,788,16066,201
2021-03-30,Shasta,089,179085,11342,11316,1350,12666,184
2021-03-30,Sierra,091,2930,55,50,12,62,0
2021-03-30,Siskiyou,093,43540,1572,1501,254,1755,7
2021-03-30,Solano,095,438530,30934,30802,409,31211,232
2021-03-30,Sonoma,097,501317,29106,29198,271,29469,311
2021-03-30,Stanislaus,099,539301,53229,52690,5539,58229,677
2021-03-30,Sutter,101,95872,9115,9107,79,9186,106
2021-03-30,Tehama,103,63373,4790,4748,507,5255,52
2021-03-30,Trinity,105,12862,478,316,81,397,3
2021-03-30,Tulare,107,460477,49306,48249,8448,56697,815
2021-03-30,Tuolumne,109,53932,3921,3972,39,4011,57
2021-03-30,Ventura,111,848112,79927,79282,2846,82128,958
2021-03-30,Yolo,113,214977,13364,13353,165,13518,195
2021-03-30,Yuba,115,75493,5731,5679,104,5783,42
2021-03-29,Alameda,001,1643700,83851,83338,1762,85100,1211
2021-03-29,Alpine,003,1148,85,85,0,85,0
2021-03-29,Amador,005,37829,3569,3549,31,3580,45
2021-03-29,Butte,007,227075,11692,11291,1654,12945,191
2021-03-29,Calaveras,009,45235,2004,1998,11,2009,50
2021-03-29,Colusa,011,21464,1891,1889,271,2160,14
2021-03-29,Contra Costa,013,1133247,65822,64971,1123,66094,767
2021-03-29,Del Norte,015,27424,1193,1116,9,1125,6
2021-03-29,El Dorado,017,186661,9466,9374,623,9997,105
2021-03-29,Fresno,019,978130,99856,99085,8158,107243,1606
2021-03-29,Glenn,021,27897,2348,2310,524,2834,17
2021-03-29,Humboldt,023,135768,3458,3459,25,3484,34
2021-03-29,Imperial,025,180216,27637,27442,2534,29976,704
2021-03-29,Inyo,027,18085,1377,1372,9,1381,35
2021-03-29,Kern,029,883053,95419,94098,10179,104277,1220
2021-03-29,Kings,031,150075,22788,22522,1010,23532,238
2021-03-29,Lake,033,64148,3355,3325,8,3333,43
2021-03-29,Lassen,035,31185,5143,5131,101,5232,1
2021-03-29,Los Angeles,037,10098052,1189444,1179736,39480,1219216,23108
2021-03-29,Madera,039,155013,16134,15987,876,16863,210
2021-03-29,Marin,041,260295,13675,13600,201,13801,220
2021-03-29,Mariposa,043,17540,393,388,5,393,5
2021-03-29,Mendocino,045,87422,3756,3667,74,3741,45
2021-03-29,Merced,047,269075,29818,29699,975,30674,422
2021-03-29,Modoc,049,8938,352,344,118,462,3
2021-03-29,Mono,051,14174,1234,1243,16,1259,3
2021-03-29,Monterey,053,433212,42537,42305,1741,44046,337
2021-03-29,Napa,055,140530,9436,9379,32,9411,78
2021-03-29,Nevada,057,99092,4349,4258,178,4436,68
2021-03-29,Orange,059,3164182,251228,249295,10651,259946,4713
2021-03-29,Placer,061,380077,21607,20827,1236,22063,267
2021-03-29,Plumas,063,18699,672,660,10,670,4
2021-03-29,Riverside,065,2383286,289494,282867,13516,296383,4133
2021-03-29,Sacramento,067,1510023,98987,97577,1392,98969,1514
2021-03-29,San Benito,069,59416,5858,5865,93,5958,61
2021-03-29,San Bernardino,071,2135413,289191,285615,8685,294300,4335
2021-03-29,San Diego,073,3302833,271128,269771,13542,283313,3547
2021-03-29,San Francisco,075,870044,35292,35291,1178,36469,474
2021-03-29,San Joaquin,077,732212,69773,68537,3104,71641,1211
2021-03-29,San Luis Obispo,079,281455,20500,20176,617,20793,250
2021-03-29,San Mateo,081,765935,40771,40357,426,40783,348
2021-03-29,Santa Barbara,083,443738,33392,32983,1072,34055,439
2021-03-29,Santa Clara,085,1922200,114212,114335,642,114977,1871
2021-03-29,Santa Cruz,087,273765,15852,15249,787,16036,201
2021-03-29,Shasta,089,179085,11324,11313,1348,12661,183
2021-03-29,Sierra,091,2930,55,50,12,62,0
2021-03-29,Siskiyou,093,43540,1570,1497,254,1751,6
2021-03-29,Solano,095,438530,30895,30762,407,31169,232
2021-03-29,Sonoma,097,501317,29083,29184,268,29452,310
2021-03-29,Stanislaus,099,539301,53145,52614,5532,58146,677
2021-03-29,Sutter,101,95872,9108,9105,79,9184,106
2021-03-29,Tehama,103,63373,4782,4742,506,5248,52
2021-03-29,Trinity,105,12862,478,314,81,395,3
2021-03-29,Tulare,107,460477,49278,48226,8437,56663,815
2021-03-29,Tuolumne,109,53932,3919,3969,39,4008,57
2021-03-29,Ventura,111,848112,79885,79252,2846,82098,956
2021-03-29,Yolo,113,214977,13345,13346,165,13511,195
2021-03-29,Yuba,115,75493,5724,5671,103,5774,42
2021-03-28,Alameda,001,1643700,83730,83239,1760,84999,1212
2021-03-28,Alpine,003,1148,85,85,0,85,0
2021-03-28,Amador,005,37829,3565,3541,31,3572,45
2021-03-28,Butte,007,227075,11679,11285,1652,12937,191
2021-03-28,Calaveras,009,45235,2002,1995,11,2006,50
2021-03-28,Colusa,011,21464,1890,1889,271,2160,14
2021-03-28,Contra Costa,013,1133247,65748,64878,1119,65997,767
2021-03-28,Del Norte,015,27424,1186,1107,7,1114,6
2021-03-28,El Dorado,017,186661,9451,9371,621,9992,105
2021-03-28,Fresno,019,978130,99774,99004,8146,107150,1606
2021-03-28,Glenn,021,27897,2344,2309,522,2831,17
2021-03-28,Humboldt,023,135768,3455,3452,24,3476,34
2021-03-28,Imperial,025,180216,27610,27426,2531,29957,704
2021-03-28,Inyo,027,18085,1376,1372,9,1381,35
2021-03-28,Kern,029,883053,95374,94084,10168,104252,1219
2021-03-28,Kings,031,150075,22783,22514,1007,23521,238
2021-03-28,Lake,033,64148,3350,3320,8,3328,43
2021-03-28,Lassen,035,31185,5143,5131,100,5231,1
2021-03-28,Los Angeles,037,10098052,1188891,1179316,39422,1218738,23101
2021-03-28,Madera,039,155013,16119,15973,875,16848,210
2021-03-28,Marin,041,260295,13662,13594,199,13793,221
2021-03-28,Mariposa,043,17540,393,388,5,393,5
2021-03-28,Mendocino,045,87422,3754,3666,74,3740,45
2021-03-28,Merced,047,269075,29761,29679,975,30654,422
2021-03-28,Modoc,049,8938,352,344,118,462,3
2021-03-28,Mono,051,14174,1233,1242,16,1258,3
2021-03-28,Monterey,053,433212,42514,42294,1737,44031,337
2021-03-28,Napa,055,140530,9422,9368,32,9400,78
2021-03-28,Nevada,057,99092,4335,4239,178,4417,68
2021-03-28,Orange,059,3164182,251073,249238,10641,259879,4713
2021-03-28,Placer,061,380077,21563,20796,1230,22026,267
2021-03-28,Plumas,063,18699,670,657,10,667,4
2021-03-28,Riverside,065,2383286,289380,282811,13508,296319,4132
2021-03-28,Sacramento,067,1510023,98813,97425,1386,98811,1514
2021-03-28,San Benito,069,59416,5853,5862,93,5955,61
2021-03-28,San Bernardino,071,2135413,289071,285570,8677,294247,4332
2021-03-28,San Diego,073,3302833,270852,269476,13513,282989,3547
2021-03-28,San Francisco,075,870044,35246,35286,1174,36460,474
2021-03-28,San Joaquin,077,732212,69649,68459,3085,71544,1211
2021-03-28,San Luis Obispo,079,281455,20465,20172,614,20786,250
2021-03-28,San Mateo,081,765935,40726,40305,426,40731,348
2021-03-28,Santa Barbara,083,443738,33350,32953,1071,34024,439
2021-03-28,Santa Clara,085,1922200,114112,114232,638,114870,1871
2021-03-28,Santa Cruz,087,273765,15837,15238,786,16024,201
2021-03-28,Shasta,089,179085,11298,11308,1337,12645,183
2021-03-28,Sierra,091,2930,55,50,12,62,0
2021-03-28,Siskiyou,093,43540,1570,1497,253,1750,6
2021-03-28,Solano,095,438530,30858,30719,405,31124,232
2021-03-28,Sonoma,097,501317,29047,29161,266,29427,310
2021-03-28,Stanislaus,099,539301,53057,52567,5519,58086,678
2021-03-28,Sutter,101,95872,9099,9094,79,9173,106
2021-03-28,Tehama,103,63373,4772,4740,504,5244,52
2021-03-28,Trinity,105,12862,476,314,80,394,3
2021-03-28,Tulare,107,460477,49249,48218,8431,56649,815
2021-03-28,Tuolumne,109,53932,3916,3969,38,4007,57
2021-03-28,Ventura,111,848112,79834,79222,2841,82063,956
2021-03-28,Yolo,113,214977,13328,13325,164,13489,194
2021-03-28,Yuba,115,75493,5720,5662,103,5765,42
2021-03-27,Alameda,001,1643700,83659,83169,1756,84925,1211
2021-03-27,Alpine,003,1148,85,85,0,85,0
2021-03-27,Amador,005,37829,3560,3538,31,3569,45
2021-03-27,Butte,007,227075,11672,11278,1651,12929,191
2021-03-27,Calaveras,009,45235,1999,1992,11,2003,50
2021-03-27,Colusa,011,21464,1890,1889,271,2160,14
2021-03-27,Contra Costa,013,1133247,65678,64804,1116,65920,767
2021-03-27,Del Norte,015,27424,1176,1104,7,1111,6
2021-03-27,El Dorado,017,186661,9437,9367,621,9988,105
2021-03-27,Fresno,019,978130,99721,98901,8140,107041,1606
2021-03-27,Glenn,021,27897,2343,2308,522,2830,17
2021-03-27,Humboldt,023,135768,3450,3442,24,3466,34
2021-03-27,Imperial,025,180216,27598,27406,2528,29934,704
2021-03-27,Inyo,027,18085,1374,1372,9,1381,35
2021-03-27,Kern,029,883053,95354,94041,10157,104198,1217
2021-03-27,Kings,031,150075,22780,22502,1007,23509,238
2021-03-27,Lake,033,64148,3348,3317,8,3325,43
2021-03-27,Lassen,035,31185,5143,5129,100,5229,1
2021-03-27,Los Angeles,037,10098052,1188577,1178831,39396,1218227,23103
2021-03-27,Madera,039,155013,16112,15968,873,16841,210
2021-03-27,Marin,041,260295,13657,13579,199,13778,222
2021-03-27,Mariposa,043,17540,393,386,5,391,5
2021-03-27,Mendocino,045,87422,3752,3666,74,3740,45
2021-03-27,Merced,047,269075,29728,29647,973,30620,422
2021-03-27,Modoc,049,8938,352,344,118,462,3
2021-03-27,Mono,051,14174,1231,1241,16,1257,3
2021-03-27,Monterey,053,433212,42504,42271,1737,44008,337
2021-03-27,Napa,055,140530,9410,9360,32,9392,78
2021-03-27,Nevada,057,99092,4325,4231,178,4409,68
2021-03-27,Orange,059,3164182,250979,249160,10625,259785,4698
2021-03-27,Placer,061,380077,21543,20717,1223,21940,267
2021-03-27,Plumas,063,18699,669,655,10,665,4
2021-03-27,Riverside,065,2383286,289318,282707,13500,296207,4132
2021-03-27,Sacramento,067,1510023,98723,97247,1384,98631,1513
2021-03-27,San Benito,069,59416,5851,5862,91,5953,61
2021-03-27,San Bernardino,071,2135413,289009,285480,8676,294156,4325
2021-03-27,San Diego,073,3302833,270681,269271,13491,282762,3540
2021-03-27,San Francisco,075,870044,35223,35244,1172,36416,474
2021-03-27,San Joaquin,077,732212,69589,68365,3077,71442,1211
2021-03-27,San Luis Obispo,079,281455,20454,20153,611,20764,250
2021-03-27,San Mateo,081,765935,40703,40264,426,40690,348
2021-03-27,Santa Barbara,083,443738,33327,32921,1071,33992,439
2021-03-27,Santa Clara,085,1922200,114016,114124,636,114760,1871
2021-03-27,Santa Cruz,087,273765,15831,15215,786,16001,201
2021-03-27,Shasta,089,179085,11287,11288,1335,12623,183
2021-03-27,Sierra,091,2930,55,50,12,62,0
2021-03-27,Siskiyou,093,43540,1570,1497,253,1750,6
2021-03-27,Solano,095,438530,30830,30669,404,31073,232
2021-03-27,Sonoma,097,501317,29032,29133,264,29397,310
2021-03-27,Stanislaus,099,539301,52992,52497,5511,58008,678
2021-03-27,Sutter,101,95872,9092,9093,79,9172,106
2021-03-27,Tehama,103,63373,4766,4738,502,5240,52
2021-03-27,Trinity,105,12862,476,313,80,393,3
2021-03-27,Tulare,107,460477,49233,48203,8424,56627,813
2021-03-27,Tuolumne,109,53932,3913,3968,38,4006,57
2021-03-27,Ventura,111,848112,79807,79184,2839,82023,956
2021-03-27,Yolo,113,214977,13323,13317,163,13480,194
2021-03-27,Yuba,115,75493,5718,5657,103,5760,42
2021-03-26,Alameda,001,1643700,83596,83043,1754,84797,1208
2021-03-26,Alpine,003,1148,85,85,0,85,0
2021-03-26,Amador,005,37829,3555,3532,31,3563,45
2021-03-26,Butte,007,227075,11661,11278,1651,12929,191
2021-03-26,Calaveras,009,45235,1996,1989,11,2000,50
2021-03-26,Colusa,011,21464,1890,1889,271,2160,14
2021-03-26,Contra Costa,013,1133247,65618,64699,1113,65812,761
2021-03-26,Del Norte,015,27424,1173,1101,7,1108,6
2021-03-26,El Dorado,017,186661,9432,9353,621,9974,105
2021-03-26,Fresno,019,978130,99659,98731,8130,106861,1601
2021-03-26,Glenn,021,27897,2343,2307,521,2828,17
2021-03-26,Humboldt,023,135768,3448,3431,24,3455,34
2021-03-26,Imperial,025,180216,27574,27374,2528,29902,701
2021-03-26,Inyo,027,18085,1373,1369,9,1378,35
2021-03-26,Kern,029,883053,95328,93949,10151,104100,1211
2021-03-26,Kings,031,150075,22772,22493,1005,23498,239
2021-03-26,Lake,033,64148,3347,3314,8,3322,43
2021-03-26,Lassen,035,31185,5142,5131,100,5231,1
2021-03-26,Los Angeles,037,10098052,1188241,1178213,39383,1217596,23080
2021-03-26,Madera,039,155013,16102,15952,873,16825,210
2021-03-26,Marin,041,260295,13651,13553,194,13747,221
2021-03-26,Mariposa,043,17540,393,386,5,391,5
2021-03-26,Mendocino,045,87422,3751,3664,74,3738,45
2021-03-26,Merced,047,269075,29705,29613,972,30585,419
2021-03-26,Modoc,049,8938,352,344,118,462,3
2021-03-26,Mono,051,14174,1230,1236,16,1252,3
2021-03-26,Monterey,053,433212,42491,42241,1733,43974,338
2021-03-26,Napa,055,140530,9400,9349,32,9381,78
2021-03-26,Nevada,057,99092,4305,4222,178,4400,83
2021-03-26,Orange,059,3164182,250916,248995,10611,259606,4671
2021-03-26,Placer,061,380077,21517,20679,1222,21901,259
2021-03-26,Plumas,063,18699,668,654,10,664,4
2021-03-26,Riverside,065,2383286,289240,282602,13494,296096,4109
2021-03-26,Sacramento,067,1510023,98623,97040,1379,98419,1509
2021-03-26,San Benito,069,59416,5848,5855,91,5946,61
2021-03-26,San Bernardino,071,2135413,288953,285313,8674,293987,4288
2021-03-26,San Diego,073,3302833,270503,269045,13465,282510,3525
2021-03-26,San Francisco,075,870044,35197,35186,1172,36358,472
2021-03-26,San Joaquin,077,732212,69526,68249,3073,71322,1202
2021-03-26,San Luis Obispo,079,281455,20441,20118,611,20729,250
2021-03-26,San Mateo,081,765935,40668,40199,426,40625,348
2021-03-26,Santa Barbara,083,443738,33297,32895,1070,33965,439
2021-03-26,Santa Clara,085,1922200,113918,113959,635,114594,1868
2021-03-26,Santa Cruz,087,273765,15816,15199,785,15984,201
2021-03-26,Shasta,089,179085,11278,11276,1329,12605,182
2021-03-26,Sierra,091,2930,55,50,12,62,0
2021-03-26,Siskiyou,093,43540,1570,1493,252,1745,6
2021-03-26,Solano,095,438530,30805,30640,404,31044,205
2021-03-26,Sonoma,097,501317,29016,29101,261,29362,310
2021-03-26,Stanislaus,099,539301,52924,52420,5507,57927,678
2021-03-26,Sutter,101,95872,9089,9082,79,9161,104
2021-03-26,Tehama,103,63373,4765,4722,501,5223,51
2021-03-26,Trinity,105,12862,476,311,80,391,3
2021-03-26,Tulare,107,460477,49218,48179,8417,56596,813
2021-03-26,Tuolumne,109,53932,3912,3965,38,4003,57
2021-03-26,Ventura,111,848112,79773,79122,2837,81959,953
2021-03-26,Yolo,113,214977,13316,13299,161,13460,194
2021-03-26,Yuba,115,75493,5708,5653,103,5756,42
2021-03-25,Alameda,001,1643700,83501,82945,1752,84697,1206
2021-03-25,Alpine,003,1148,85,84,0,84,0
2021-03-25,Amador,005,37829,3553,3530,31,3561,45
2021-03-25,Butte,007,227075,11651,11270,1651,12921,188
2021-03-25,Calaveras,009,45235,1995,1982,11,1993,50
2021-03-25,Colusa,011,21464,1890,1888,271,2159,14
2021-03-25,Contra Costa,013,1133247,65551,64606,1110,65716,757
2021-03-25,Del Norte,015,27424,1167,1095,7,1102,6
2021-03-25,El Dorado,017,186661,9422,9331,621,9952,105
2021-03-25,Fresno,019,978130,99541,98602,8117,106719,1593
2021-03-25,Glenn,021,27897,2342,2302,520,2822,17
2021-03-25,Humboldt,023,135768,3443,3423,24,3447,34
2021-03-25,Imperial,025,180216,27558,27352,2527,29879,699
2021-03-25,Inyo,027,18085,1373,1369,9,1378,35
2021-03-25,Kern,029,883053,95296,93857,10146,104003,1206
2021-03-25,Kings,031,150075,22762,22472,1005,23477,237
2021-03-25,Lake,033,64148,3342,3312,8,3320,43
2021-03-25,Lassen,035,31185,5142,5129,100,5229,1
2021-03-25,Los Angeles,037,10098052,1187805,1177490,39348,1216838,23051
2021-03-25,Madera,039,155013,16083,15937,871,16808,210
2021-03-25,Marin,041,260295,13641,13538,191,13729,219
2021-03-25,Mariposa,043,17540,393,386,5,391,5
2021-03-25,Mendocino,045,87422,3750,3664,74,3738,45
2021-03-25,Merced,047,269075,29671,29576,965,30541,416
2021-03-25,Modoc,049,8938,352,343,118,461,3
2021-03-25,Mono,051,14174,1230,1235,16,1251,3
2021-03-25,Monterey,053,433212,42470,42220,1728,43948,336
2021-03-25,Napa,055,140530,9381,9321,32,9353,78
2021-03-25,Nevada,057,99092,4287,4202,176,4378,84
2021-03-25,Orange,059,3164182,250800,248871,10591,259462,4655
2021-03-25,Placer,061,380077,21476,20639,1215,21854,252
2021-03-25,Plumas,063,18699,668,654,10,664,4
2021-03-25,Riverside,065,2383286,289143,282492,13483,295975,4078
2021-03-25,Sacramento,067,1510023,98478,96823,1377,98200,1505
2021-03-25,San Benito,069,59416,5845,5850,91,5941,61
2021-03-25,San Bernardino,071,2135413,288872,285134,8669,293803,4222
2021-03-25,San Diego,073,3302833,270275,268623,13434,282057,3520
2021-03-25,San Francisco,075,870044,35157,35154,1170,36324,468
2021-03-25,San Joaquin,077,732212,69429,68089,3035,71124,1196
2021-03-25,San Luis Obispo,079,281455,20423,20076,611,20687,250
2021-03-25,San Mateo,081,765935,40628,40147,426,40573,348
2021-03-25,Santa Barbara,083,443738,33270,32857,1070,33927,439
2021-03-25,Santa Clara,085,1922200,113814,113877,633,114510,1868
2021-03-25,Santa Cruz,087,273765,15795,15170,785,15955,201
2021-03-25,Shasta,089,179085,11261,11262,1326,12588,181
2021-03-25,Sierra,091,2930,55,50,12,62,0
2021-03-25,Siskiyou,093,43540,1568,1491,251,1742,6
2021-03-25,Solano,095,438530,30744,30583,402,30985,193
2021-03-25,Sonoma,097,501317,28982,29060,257,29317,310
2021-03-25,Stanislaus,099,539301,52857,52321,5500,57821,678
2021-03-25,Sutter,101,95872,9080,9069,79,9148,104
2021-03-25,Tehama,103,63373,4763,4719,500,5219,52
2021-03-25,Trinity,105,12862,476,310,80,390,3
2021-03-25,Tulare,107,460477,49191,48148,8405,56553,811
2021-03-25,Tuolumne,109,53932,3911,3962,38,4000,57
2021-03-25,Ventura,111,848112,79732,79045,2833,81878,952
2021-03-25,Yolo,113,214977,13310,13287,161,13448,194
2021-03-25,Yuba,115,75493,5702,5647,97,5744,42
2021-03-24,Alameda,001,1643700,83407,82871,1749,84620,1199
2021-03-24,Alpine,003,1148,85,84,0,84,0
2021-03-24,Amador,005,37829,3547,3529,31,3560,45
2021-03-24,Butte,007,227075,11641,11252,1647,12899,187
2021-03-24,Calaveras,009,45235,1992,1975,11,1986,50
2021-03-24,Colusa,011,21464,1890,1886,271,2157,14
2021-03-24,Contra Costa,013,1133247,65471,64539,1109,65648,755
2021-03-24,Del Norte,015,27424,1162,1087,7,1094,6
2021-03-24,El Dorado,017,186661,9416,9319,620,9939,105
2021-03-24,Fresno,019,978130,99451,98437,8102,106539,1585
2021-03-24,Glenn,021,27897,2341,2297,519,2816,17
2021-03-24,Humboldt,023,135768,3440,3414,24,3438,34
2021-03-24,Imperial,025,180216,27549,27325,2527,29852,699
2021-03-24,Inyo,027,18085,1373,1368,9,1377,35
2021-03-24,Kern,029,883053,95248,93800,10137,103937,1198
2021-03-24,Kings,031,150075,22747,22456,1003,23459,237
2021-03-24,Lake,033,64148,3338,3307,8,3315,43
2021-03-24,Lassen,035,31185,5140,5130,99,5229,1
2021-03-24,Los Angeles,037,10098052,1187319,1177015,39315,1216330,22993
2021-03-24,Madera,039,155013,16074,15918,870,16788,210
2021-03-24,Marin,041,260295,13627,13526,189,13715,219
2021-03-24,Mariposa,043,17540,393,384,5,389,5
2021-03-24,Mendocino,045,87422,3747,3660,74,3734,45
2021-03-24,Merced,047,269075,29630,29525,965,30490,415
2021-03-24,Modoc,049,8938,351,341,118,459,3
2021-03-24,Mono,051,14174,1229,1243,16,1259,3
2021-03-24,Monterey,053,433212,42448,42201,1725,43926,335
2021-03-24,Napa,055,140530,9361,9310,32,9342,78
2021-03-24,Nevada,057,99092,4272,4191,175,4366,85
2021-03-24,Orange,059,3164182,250686,248775,10573,259348,4638
2021-03-24,Placer,061,380077,21446,20606,1207,21813,250
2021-03-24,Plumas,063,18699,666,652,10,662,4
2021-03-24,Riverside,065,2383286,289059,282410,13480,295890,4058
2021-03-24,Sacramento,067,1510023,98303,96628,1366,97994,1500
2021-03-24,San Benito,069,59416,5844,5847,91,5938,61
2021-03-24,San Bernardino,071,2135413,288785,284983,8667,293650,4170
2021-03-24,San Diego,073,3302833,270061,268413,13406,281819,3509
2021-03-24,San Francisco,075,870044,35130,35103,1167,36270,462
2021-03-24,San Joaquin,077,732212,69358,67978,3023,71001,1196
2021-03-24,San Luis Obispo,079,281455,20393,20021,610,20631,250
2021-03-24,San Mateo,081,765935,40578,40083,426,40509,348
2021-03-24,Santa Barbara,083,443738,33242,32810,1070,33880,438
2021-03-24,Santa Clara,085,1922200,113698,113757,630,114387,1851
2021-03-24,Santa Cruz,087,273765,15781,15138,784,15922,202
2021-03-24,Shasta,089,179085,11242,11243,1324,12567,181
2021-03-24,Sierra,091,2930,55,50,12,62,0
2021-03-24,Siskiyou,093,43540,1566,1490,251,1741,6
2021-03-24,Solano,095,438530,30707,30552,401,30953,178
2021-03-24,Sonoma,097,501317,28962,29034,253,29287,310
2021-03-24,Stanislaus,099,539301,52781,52259,5491,57750,677
2021-03-24,Sutter,101,95872,9064,9049,79,9128,104
2021-03-24,Tehama,103,63373,4757,4719,499,5218,49
2021-03-24,Trinity,105,12862,475,310,80,390,3
2021-03-24,Tulare,107,460477,49180,48109,8392,56501,808
2021-03-24,Tuolumne,109,53932,3909,3961,38,3999,57
2021-03-24,Ventura,111,848112,79680,78993,2826,81819,944
2021-03-24,Yolo,113,214977,13298,13269,161,13430,194
2021-03-24,Yuba,115,75493,5696,5634,94,5728,42
2021-03-23,Alameda,001,1643700,83305,82799,1745,84544,1190
2021-03-23,Alpine,003,1148,85,84,0,84,0
2021-03-23,Amador,005,37829,3541,3524,31,3555,45
2021-03-23,Butte,007,227075,11629,11227,1646,12873,187
2021-03-23,Calaveras,009,45235,1990,1971,11,1982,50
2021-03-23,Colusa,011,21464,1888,1885,270,2155,14
2021-03-23,Contra Costa,013,1133247,65371,64491,1108,65599,750
2021-03-23,Del Norte,015,27424,1157,1082,7,1089,6
2021-03-23,El Dorado,017,186661,9406,9318,617,9935,105
2021-03-23,Fresno,019,978130,99337,98362,8078,106440,1575
2021-03-23,Glenn,021,27897,2336,2293,517,2810,17
2021-03-23,Humboldt,023,135768,3431,3405,24,3429,34
2021-03-23,Imperial,025,180216,27541,27320,2527,29847,699
2021-03-23,Inyo,027,18085,1371,1364,9,1373,35
2021-03-23,Kern,029,883053,95141,93728,10130,103858,1191
2021-03-23,Kings,031,150075,22736,22439,1001,23440,237
2021-03-23,Lake,033,64148,3336,3294,8,3302,43
2021-03-23,Lassen,035,31185,5140,5130,99,5229,1
2021-03-23,Los Angeles,037,10098052,1186798,1176572,39278,1215850,22904
2021-03-23,Madera,039,155013,16058,15908,869,16777,210
2021-03-23,Marin,041,260295,13604,13514,187,13701,221
2021-03-23,Mariposa,043,17540,392,384,5,389,5
2021-03-23,Mendocino,045,87422,3745,3652,74,3726,45
2021-03-23,Merced,047,269075,29597,29485,965,30450,415
2021-03-23,Modoc,049,8938,350,342,118,460,3
2021-03-23,Mono,051,14174,1228,1263,16,1279,3
2021-03-23,Monterey,053,433212,42437,42180,1723,43903,335
2021-03-23,Napa,055,140530,9336,9299,32,9331,78
2021-03-23,Nevada,057,99092,4253,4179,174,4353,89
2021-03-23,Orange,059,3164182,250560,248661,10555,259216,4626
2021-03-23,Placer,061,380077,21411,20567,1203,21770,248
2021-03-23,Plumas,063,18699,666,652,10,662,4
2021-03-23,Riverside,065,2383286,288959,282317,13474,295791,4035
2021-03-23,Sacramento,067,1510023,98111,96521,1362,97883,1496
2021-03-23,San Benito,069,59416,5839,5845,90,5935,61
2021-03-23,San Bernardino,071,2135413,288700,284875,8659,293534,4134
2021-03-23,San Diego,073,3302833,269816,268156,13374,281530,3498
2021-03-23,San Francisco,075,870044,35072,35071,1162,36233,462
2021-03-23,San Joaquin,077,732212,69262,67903,3005,70908,1182
2021-03-23,San Luis Obispo,079,281455,20353,20009,609,20618,250
2021-03-23,San Mateo,081,765935,40522,40032,425,40457,348
2021-03-23,Santa Barbara,083,443738,33204,32771,1069,33840,438
2021-03-23,Santa Clara,085,1922200,113582,113645,627,114272,1848
2021-03-23,Santa Cruz,087,273765,15766,15106,784,15890,201
2021-03-23,Shasta,089,179085,11229,11234,1323,12557,175
2021-03-23,Sierra,091,2930,55,50,12,62,0
2021-03-23,Siskiyou,093,43540,1561,1485,249,1734,6
2021-03-23,Solano,095,438530,30666,30524,400,30924,178
2021-03-23,Sonoma,097,501317,28925,29020,252,29272,310
2021-03-23,Stanislaus,099,539301,52682,52148,5484,57632,677
2021-03-23,Sutter,101,95872,9056,9039,79,9118,104
2021-03-23,Tehama,103,63373,4748,4707,498,5205,46
2021-03-23,Trinity,105,12862,475,310,80,390,3
2021-03-23,Tulare,107,460477,49153,48095,8376,56471,808
2021-03-23,Tuolumne,109,53932,3906,3957,38,3995,57
2021-03-23,Ventura,111,848112,79619,78930,2823,81753,932
2021-03-23,Yolo,113,214977,13287,13255,161,13416,194
2021-03-23,Yuba,115,75493,5691,5628,94,5722,42
2021-03-22,Alameda,001,1643700,83214,82748,1739,84487,1189
2021-03-22,Alpine,003,1148,84,83,0,83,0
2021-03-22,Amador,005,37829,3533,3522,31,3553,44
2021-03-22,Butte,007,227075,11620,11211,1644,12855,185
2021-03-22,Calaveras,009,45235,1986,1963,11,1974,49
2021-03-22,Colusa,011,21464,1886,1885,270,2155,13
2021-03-22,Contra Costa,013,1133247,65276,64432,1106,65538,740
2021-03-22,Del Norte,015,27424,1151,1082,7,1089,6
2021-03-22,El Dorado,017,186661,9390,9310,613,9923,105
2021-03-22,Fresno,019,978130,99239,98276,8066,106342,1556
2021-03-22,Glenn,021,27897,2328,2291,517,2808,17
2021-03-22,Humboldt,023,135768,3426,3403,24,3427,34
2021-03-22,Imperial,025,180216,27526,27302,2524,29826,699
2021-03-22,Inyo,027,18085,1368,1363,9,1372,35
2021-03-22,Kern,029,883053,95070,93675,10114,103789,1178
2021-03-22,Kings,031,150075,22723,22433,996,23429,236
2021-03-22,Lake,033,64148,3335,3290,8,3298,43
2021-03-22,Lassen,035,31185,5138,5129,99,5228,1
2021-03-22,Los Angeles,037,10098052,1186281,1176205,39248,1215453,22843
2021-03-22,Madera,039,155013,16043,15904,869,16773,210
2021-03-22,Marin,041,260295,13595,13501,186,13687,221
2021-03-22,Mariposa,043,17540,391,381,5,386,5
2021-03-22,Mendocino,045,87422,3743,3653,74,3727,45
2021-03-22,Merced,047,269075,29554,29468,962,30430,413
2021-03-22,Modoc,049,8938,348,342,118,460,3
2021-03-22,Mono,051,14174,1223,1263,16,1279,3
2021-03-22,Monterey,053,433212,42421,42161,1721,43882,335
2021-03-22,Napa,055,140530,9325,9288,32,9320,77
2021-03-22,Nevada,057,99092,4243,4174,170,4344,89
2021-03-22,Orange,059,3164182,250409,248517,10521,259038,4599
2021-03-22,Placer,061,380077,21376,20543,1198,21741,242
2021-03-22,Plumas,063,18699,666,652,10,662,4
2021-03-22,Riverside,065,2383286,288859,282242,13463,295705,4009
2021-03-22,Sacramento,067,1510023,97933,96385,1352,97737,1493
2021-03-22,San Benito,069,59416,5836,5844,89,5933,61
2021-03-22,San Bernardino,071,2135413,288612,284771,8647,293418,4107
2021-03-22,San Diego,073,3302833,269604,267913,13354,281267,3494
2021-03-22,San Francisco,075,870044,35030,35040,1158,36198,462
2021-03-22,San Joaquin,077,732212,69170,67815,2988,70803,1182
2021-03-22,San Luis Obispo,079,281455,20329,20000,608,20608,250
2021-03-22,San Mateo,081,765935,40471,40024,424,40448,348
2021-03-22,Santa Barbara,083,443738,33159,32756,1067,33823,437
2021-03-22,Santa Clara,085,1922200,113462,113575,627,114202,1845
2021-03-22,Santa Cruz,087,273765,15754,15077,783,15860,201
2021-03-22,Shasta,089,179085,11215,11218,1322,12540,150
2021-03-22,Sierra,091,2930,55,50,12,62,0
2021-03-22,Siskiyou,093,43540,1560,1487,248,1735,5
2021-03-22,Solano,095,438530,30626,30490,396,30886,171
2021-03-22,Sonoma,097,501317,28896,29010,248,29258,310
2021-03-22,Stanislaus,099,539301,52598,52083,5479,57562,677
2021-03-22,Sutter,101,95872,9043,9024,79,9103,104
2021-03-22,Tehama,103,63373,4740,4704,498,5202,45
2021-03-22,Trinity,105,12862,475,310,80,390,3
2021-03-22,Tulare,107,460477,49138,48074,8356,56430,807
2021-03-22,Tuolumne,109,53932,3903,3954,38,3992,57
2021-03-22,Ventura,111,848112,79573,78890,2820,81710,927
2021-03-22,Yolo,113,214977,13275,13243,160,13403,190
2021-03-22,Yuba,115,75493,5680,5627,92,5719,42
2021-03-21,Alameda,001,1643700,83126,82684,1736,84420,1187
2021-03-21,Alpine,003,1148,84,83,0,83,0
2021-03-21,Amador,005,37829,3529,3519,31,3550,44
2021-03-21,Butte,007,227075,11604,11208,1639,12847,185
2021-03-21,Calaveras,009,45235,1980,1962,11,1973,49
2021-03-21,Colusa,011,21464,1886,1885,270,2155,13
2021-03-21,Contra Costa,013,1133247,65194,64382,1102,65484,740
2021-03-21,Del Norte,015,27424,1136,1076,7,1083,6
2021-03-21,El Dorado,017,186661,9380,9302,608,9910,105
2021-03-21,Fresno,019,978130,99125,98211,8043,106254,1556
2021-03-21,Glenn,021,27897,2325,2288,516,2804,17
2021-03-21,Humboldt,023,135768,3421,3402,24,3426,34
2021-03-21,Imperial,025,180216,27509,27267,2519,29786,699
2021-03-21,Inyo,027,18085,1368,1363,9,1372,35
2021-03-21,Kern,029,883053,95004,93649,10105,103754,1170
2021-03-21,Kings,031,150075,22706,22422,996,23418,236
2021-03-21,Lake,033,64148,3331,3286,8,3294,43
2021-03-21,Lassen,035,31185,5138,5129,99,5228,1
2021-03-21,Los Angeles,037,10098052,1185745,1175684,39201,1214885,22834
2021-03-21,Madera,039,155013,16023,15895,867,16762,210
2021-03-21,Marin,041,260295,13579,13495,185,13680,220
2021-03-21,Mariposa,043,17540,391,381,5,386,5
2021-03-21,Mendocino,045,87422,3740,3651,74,3725,45
2021-03-21,Merced,047,269075,29494,29446,956,30402,413
2021-03-21,Modoc,049,8938,348,341,118,459,3
2021-03-21,Mono,051,14174,1218,1263,16,1279,3
2021-03-21,Monterey,053,433212,42396,42153,1718,43871,335
2021-03-21,Napa,055,140530,9305,9282,32,9314,77
2021-03-21,Nevada,057,99092,4230,4169,170,4339,89
2021-03-21,Orange,059,3164182,250276,248442,10494,258936,4598
2021-03-21,Placer,061,380077,21340,20520,1190,21710,242
2021-03-21,Plumas,063,18699,666,653,10,663,4
2021-03-21,Riverside,065,2383286,288752,282187,13452,295639,4009
2021-03-21,Sacramento,067,1510023,97739,96269,1345,97614,1489
2021-03-21,San Benito,069,59416,5830,5842,89,5931,61
2021-03-21,San Bernardino,071,2135413,288522,284732,8641,293373,4094
2021-03-21,San Diego,073,3302833,269344,267724,13328,281052,3494
2021-03-21,San Francisco,075,870044,34983,35012,1152,36164,460
2021-03-21,San Joaquin,077,732212,69048,67729,2970,70699,1182
2021-03-21,San Luis Obispo,079,281455,20297,19979,606,20585,250
2021-03-21,San Mateo,081,765935,40426,39988,423,40411,344
2021-03-21,Santa Barbara,083,443738,33120,32743,1066,33809,437
2021-03-21,Santa Clara,085,1922200,113332,113487,624,114111,1840
2021-03-21,Santa Cruz,087,273765,15747,15064,783,15847,199
2021-03-21,Shasta,089,179085,11195,11215,1321,12536,150
2021-03-21,Sierra,091,2930,55,50,12,62,0
2021-03-21,Siskiyou,093,43540,1560,1486,247,1733,5
2021-03-21,Solano,095,438530,30586,30474,393,30867,171
2021-03-21,Sonoma,097,501317,28867,28986,247,29233,310
2021-03-21,Stanislaus,099,539301,52508,52014,5477,57491,677
2021-03-21,Sutter,101,95872,9030,9021,79,9100,104
2021-03-21,Tehama,103,63373,4736,4701,498,5199,45
2021-03-21,Trinity,105,12862,473,310,80,390,3
2021-03-21,Tulare,107,460477,49122,48060,8344,56404,807
2021-03-21,Tuolumne,109,53932,3901,3953,38,3991,57
2021-03-21,Ventura,111,848112,79510,78863,2815,81678,927
2021-03-21,Yolo,113,214977,13253,13235,160,13395,190
2021-03-21,Yuba,115,75493,5670,5624,92,5716,42
2021-03-20,Alameda,001,1643700,83058,82614,1734,84348,1178
2021-03-20,Alpine,003,1148,84,83,0,83,0
2021-03-20,Amador,005,37829,3527,3518,31,3549,44
2021-03-20,Butte,007,227075,11598,11199,1637,12836,185
2021-03-20,Calaveras,009,45235,1976,1961,11,1972,49
2021-03-20,Colusa,011,21464,1886,1883,270,2153,12
2021-03-20,Contra Costa,013,1133247,65134,64313,1102,65415,713
2021-03-20,Del Norte,015,27424,1135,1075,7,1082,6
2021-03-20,El Dorado,017,186661,9374,9290,608,9898,105
2021-03-20,Fresno,019,978130,99065,98112,8036,106148,1532
2021-03-20,Glenn,021,27897,2324,2288,514,2802,17
2021-03-20,Humboldt,023,135768,3414,3399,24,3423,33
2021-03-20,Imperial,025,180216,27503,27239,2517,29756,695
2021-03-20,Inyo,027,18085,1368,1362,9,1371,35
2021-03-20,Kern,029,883053,94975,93606,10101,103707,1155
2021-03-20,Kings,031,150075,22701,22415,995,23410,236
2021-03-20,Lake,033,64148,3327,3280,8,3288,43
2021-03-20,Lassen,035,31185,5138,5128,99,5227,1
2021-03-20,Los Angeles,037,10098052,1185446,1175290,39177,1214467,22810
2021-03-20,Madera,039,155013,16015,15891,866,16757,210
2021-03-20,Marin,041,260295,13567,13470,181,13651,220
2021-03-20,Mariposa,043,17540,390,381,5,386,5
2021-03-20,Mendocino,045,87422,3739,3639,74,3713,43
2021-03-20,Merced,047,269075,29463,29411,953,30364,412
2021-03-20,Modoc,049,8938,347,341,118,459,3
2021-03-20,Mono,051,14174,1218,1256,16,1272,3
2021-03-20,Monterey,053,433212,42387,42146,1717,43863,334
2021-03-20,Napa,055,140530,9297,9274,32,9306,77
2021-03-20,Nevada,057,99092,4219,4164,169,4333,89
2021-03-20,Orange,059,3164182,250195,248348,10483,258831,4522
2021-03-20,Placer,061,380077,21317,20505,1188,21693,242
2021-03-20,Plumas,063,18699,663,652,10,662,4
2021-03-20,Riverside,065,2383286,288677,282081,13448,295529,4000
2021-03-20,Sacramento,067,1510023,97628,96126,1342,97468,1488
2021-03-20,San Benito,069,59416,5826,5840,89,5929,61
2021-03-20,San Bernardino,071,2135413,288456,284690,8637,293327,3965
2021-03-20,San Diego,073,3302833,269173,267532,13321,280853,3493
2021-03-20,San Francisco,075,870044,34960,34968,1145,36113,453
2021-03-20,San Joaquin,077,732212,69007,67662,2963,70625,1161
2021-03-20,San Luis Obispo,079,281455,20281,19951,600,20551,250
2021-03-20,San Mateo,081,765935,40392,39958,422,40380,344
2021-03-20,Santa Barbara,083,443738,33095,32723,1065,33788,434
2021-03-20,Santa Clara,085,1922200,113240,113384,623,114007,1799
2021-03-20,Santa Cruz,087,273765,15731,15053,783,15836,199
2021-03-20,Shasta,089,179085,11189,11211,1321,12532,147
2021-03-20,Sierra,091,2930,55,50,12,62,0
2021-03-20,Siskiyou,093,43540,1560,1483,247,1730,5
2021-03-20,Solano,095,438530,30556,30439,393,30832,170
2021-03-20,Sonoma,097,501317,28852,28962,247,29209,309
2021-03-20,Stanislaus,099,539301,52452,51925,5470,57395,673
2021-03-20,Sutter,101,95872,9022,9014,79,9093,103
2021-03-20,Tehama,103,63373,4731,4696,496,5192,33
2021-03-20,Trinity,105,12862,472,310,80,390,3
2021-03-20,Tulare,107,460477,49107,48030,8327,56357,804
2021-03-20,Tuolumne,109,53932,3898,3950,38,3988,57
2021-03-20,Ventura,111,848112,79475,78818,2813,81631,922
2021-03-20,Yolo,113,214977,13249,13226,160,13386,190
2021-03-20,Yuba,115,75493,5667,5621,91,5712,42
2021-03-19,Alameda,001,1643700,82986,82499,1733,84232,1187
2021-03-19,Alpine,003,1148,83,82,0,82,0
2021-03-19,Amador,005,37829,3524,3515,31,3546,44
2021-03-19,Butte,007,227075,11590,11191,1634,12825,185
2021-03-19,Calaveras,009,45235,1975,1957,11,1968,49
2021-03-19,Colusa,011,21464,1885,1883,270,2153,12
2021-03-19,Contra Costa,013,1133247,65075,64195,1099,65294,737
2021-03-19,Del Norte,015,27424,1129,1071,5,1076,6
2021-03-19,El Dorado,017,186661,9365,9274,608,9882,105
2021-03-19,Fresno,019,978130,98981,97969,8023,105992,1527
2021-03-19,Glenn,021,27897,2324,2282,514,2796,17
2021-03-19,Humboldt,023,135768,3405,3388,24,3412,33
2021-03-19,Imperial,025,180216,27491,27218,2514,29732,695
2021-03-19,Inyo,027,18085,1366,1356,9,1365,35
2021-03-19,Kern,029,883053,94942,93534,10088,103622,1152
2021-03-19,Kings,031,150075,22692,22369,992,23361,235
2021-03-19,Lake,033,64148,3321,3262,8,3270,43
2021-03-19,Lassen,035,31185,5138,5126,99,5225,1
2021-03-19,Los Angeles,037,10098052,1185106,1174818,39160,1213978,22752
2021-03-19,Madera,039,155013,16008,15877,865,16742,210
2021-03-19,Marin,041,260295,13555,13441,181,13622,220
2021-03-19,Mariposa,043,17540,389,380,5,385,5
2021-03-19,Mendocino,045,87422,3738,3639,74,3713,45
2021-03-19,Merced,047,269075,29436,29376,951,30327,412
2021-03-19,Modoc,049,8938,347,341,118,459,3
2021-03-19,Mono,051,14174,1216,1244,16,1260,3
2021-03-19,Monterey,053,433212,42378,42125,1715,43840,335
2021-03-19,Napa,055,140530,9285,9256,32,9288,77
2021-03-19,Nevada,057,99092,4208,4156,169,4325,88
2021-03-19,Orange,059,3164182,250095,248146,10474,258620,4501
2021-03-19,Placer,061,380077,21299,20451,1186,21637,242
2021-03-19,Plumas,063,18699,663,650,10,660,4
2021-03-19,Riverside,065,2383286,288594,281937,13443,295380,3989
2021-03-19,Sacramento,067,1510023,97525,95934,1339,97273,1486
2021-03-19,San Benito,069,59416,5826,5845,89,5934,61
2021-03-19,San Bernardino,071,2135413,288385,284501,8635,293136,4017
2021-03-19,San Diego,073,3302833,269038,267173,13311,280484,3491
2021-03-19,San Francisco,075,870044,34915,34936,1142,36078,461
2021-03-19,San Joaquin,077,732212,68937,67515,2949,70464,1180
2021-03-19,San Luis Obispo,079,281455,20261,19913,598,20511,249
2021-03-19,San Mateo,081,765935,40368,39893,422,40315,344
2021-03-19,Santa Barbara,083,443738,33065,32685,1064,33749,435
2021-03-19,Santa Clara,085,1922200,113165,113232,622,113854,1797
2021-03-19,Santa Cruz,087,273765,15724,15026,783,15809,199
2021-03-19,Shasta,089,179085,11182,11104,1319,12423,103
2021-03-19,Sierra,091,2930,54,49,12,61,0
2021-03-19,Siskiyou,093,43540,1560,1480,246,1726,5
2021-03-19,Solano,095,438530,30526,30395,391,30786,172
2021-03-19,Sonoma,097,501317,28831,28932,245,29177,292
2021-03-19,Stanislaus,099,539301,52394,51755,5467,57222,679
2021-03-19,Sutter,101,95872,9020,9005,79,9084,103
2021-03-19,Tehama,103,63373,4724,4685,496,5181,33
2021-03-19,Trinity,105,12862,472,310,80,390,3
2021-03-19,Tulare,107,460477,49084,47989,8304,56293,805
2021-03-19,Tuolumne,109,53932,3895,3946,38,3984,57
2021-03-19,Ventura,111,848112,79442,78753,2809,81562,920
2021-03-19,Yolo,113,214977,13241,13197,160,13357,189
2021-03-19,Yuba,115,75493,5664,5615,90,5705,42
2021-03-18,Alameda,001,1643700,82905,82419,1730,84149,1189
2021-03-18,Alpine,003,1148,83,82,0,82,0
2021-03-18,Amador,005,37829,3520,3513,31,3544,44
2021-03-18,Butte,007,227075,11579,11179,1632,12811,185
2021-03-18,Calaveras,009,45235,1973,1954,11,1965,49
2021-03-18,Colusa,011,21464,1885,1882,270,2152,12
2021-03-18,Contra Costa,013,1133247,65002,64103,1096,65199,739
2021-03-18,Del Norte,015,27424,1120,1059,5,1064,6
2021-03-18,El Dorado,017,186661,9352,9261,607,9868,105
2021-03-18,Fresno,019,978130,98884,97856,8008,105864,1527
2021-03-18,Glenn,021,27897,2320,2275,513,2788,17
2021-03-18,Humboldt,023,135768,3397,3381,24,3405,34
2021-03-18,Imperial,025,180216,27476,27190,2509,29699,695
2021-03-18,Inyo,027,18085,1363,1354,9,1363,35
2021-03-18,Kern,029,883053,94885,93458,10074,103532,1158
2021-03-18,Kings,031,150075,22685,22354,991,23345,235
2021-03-18,Lake,033,64148,3318,3260,8,3268,43
2021-03-18,Lassen,035,31185,5137,5126,99,5225,1
2021-03-18,Los Angeles,037,10098052,1184673,1174205,39131,1213336,22689
2021-03-18,Madera,039,155013,15996,15860,862,16722,211
2021-03-18,Marin,041,260295,13537,13435,180,13615,219
2021-03-18,Mariposa,043,17540,387,380,5,385,5
2021-03-18,Mendocino,045,87422,3728,3630,74,3704,45
2021-03-18,Merced,047,269075,29401,29317,951,30268,410
2021-03-18,Modoc,049,8938,347,341,118,459,3
2021-03-18,Mono,051,14174,1212,1215,15,1230,3
2021-03-18,Monterey,053,433212,42366,42105,1715,43820,335
2021-03-18,Napa,055,140530,9276,9243,32,9275,77
2021-03-18,Nevada,057,99092,4201,4154,169,4323,74
2021-03-18,Orange,059,3164182,249992,248050,10461,258511,4514
2021-03-18,Placer,061,380077,21267,20421,1183,21604,243
2021-03-18,Plumas,063,18699,661,648,10,658,4
2021-03-18,Riverside,065,2383286,288513,281789,13436,295225,3957
2021-03-18,Sacramento,067,1510023,97377,95819,1335,97154,1481
2021-03-18,San Benito,069,59416,5824,5842,89,5931,61
2021-03-18,San Bernardino,071,2135413,288302,284294,8605,292899,4076
2021-03-18,San Diego,073,3302833,268885,266752,13301,280053,3478
2021-03-18,San Francisco,075,870044,34876,34904,1141,36045,461
2021-03-18,San Joaquin,077,732212,68837,67301,2937,70238,1169
2021-03-18,San Luis Obispo,079,281455,20232,19894,597,20491,249
2021-03-18,San Mateo,081,765935,40327,39874,422,40296,344
2021-03-18,Santa Barbara,083,443738,33024,32640,1064,33704,434
2021-03-18,Santa Clara,085,1922200,113048,113119,618,113737,1808
2021-03-18,Santa Cruz,087,273765,15714,14998,783,15781,198
2021-03-18,Shasta,089,179085,11168,11059,1317,12376,100
2021-03-18,Sierra,091,2930,54,49,12,61,0
2021-03-18,Siskiyou,093,43540,1557,1480,245,1725,5
2021-03-18,Solano,095,438530,30484,30352,388,30740,172
2021-03-18,Sonoma,097,501317,28810,28915,243,29158,292
2021-03-18,Stanislaus,099,539301,52322,51615,5463,57078,682
2021-03-18,Sutter,101,95872,9008,8999,79,9078,103
2021-03-18,Tehama,103,63373,4718,4683,495,5178,35
2021-03-18,Trinity,105,12862,472,310,80,390,3
2021-03-18,Tulare,107,460477,49065,47964,8289,56253,805
2021-03-18,Tuolumne,109,53932,3894,3942,38,3980,57
2021-03-18,Ventura,111,848112,79382,78697,2809,81506,918
2021-03-18,Yolo,113,214977,13228,13183,160,13343,191
2021-03-18,Yuba,115,75493,5660,5612,90,5702,42
2021-03-17,Alameda,001,1643700,82829,82353,1725,84078,1185
2021-03-17,Alpine,003,1148,83,82,0,82,0
2021-03-17,Amador,005,37829,3518,3511,31,3542,44
2021-03-17,Butte,007,227075,11570,11170,1630,12800,185
2021-03-17,Calaveras,009,45235,1970,1946,11,1957,49
2021-03-17,Colusa,011,21464,1884,1882,270,2152,12
2021-03-17,Contra Costa,013,1133247,64933,64026,1095,65121,737
2021-03-17,Del Norte,015,27424,1116,1053,5,1058,6
2021-03-17,El Dorado,017,186661,9342,9252,607,9859,105
2021-03-17,Fresno,019,978130,98773,97727,7990,105717,1507
2021-03-17,Glenn,021,27897,2313,2269,512,2781,17
2021-03-17,Humboldt,023,135768,3389,3365,24,3389,33
2021-03-17,Imperial,025,180216,27459,27168,2506,29674,691
2021-03-17,Inyo,027,18085,1361,1351,9,1360,35
2021-03-17,Kern,029,883053,94829,93392,10061,103453,1149
2021-03-17,Kings,031,150075,22669,22336,990,23326,233
2021-03-17,Lake,033,64148,3311,3251,8,3259,43
2021-03-17,Lassen,035,31185,5136,5125,99,5224,1
2021-03-17,Los Angeles,037,10098052,1184219,1173416,39098,1212514,22602
2021-03-17,Madera,039,155013,15989,15835,862,16697,214
2021-03-17,Marin,041,260295,13520,13428,179,13607,218
2021-03-17,Mariposa,043,17540,387,379,5,384,5
2021-03-17,Mendocino,045,87422,3724,3625,74,3699,44
2021-03-17,Merced,047,269075,29373,29250,947,30197,408
2021-03-17,Modoc,049,8938,347,341,118,459,3
2021-03-17,Mono,051,14174,1210,1212,15,1227,3
2021-03-17,Monterey,053,433212,42348,42061,1712,43773,334
2021-03-17,Napa,055,140530,9261,9219,32,9251,76
2021-03-17,Nevada,057,99092,4191,4145,169,4314,74
2021-03-17,Orange,059,3164182,249873,247943,10433,258376,4502
2021-03-17,Placer,061,380077,21239,20369,1182,21551,243
2021-03-17,Plumas,063,18699,660,645,10,655,4
2021-03-17,Riverside,065,2383286,288398,281649,13428,295077,3925
2021-03-17,Sacramento,067,1510023,97249,95650,1330,96980,1477
2021-03-17,San Benito,069,59416,5821,5841,89,5930,61
2021-03-17,San Bernardino,071,2135413,288185,284170,8600,292770,4049
2021-03-17,San Diego,073,3302833,268674,266313,13283,279596,3470
2021-03-17,San Francisco,075,870044,34841,34873,1140,36013,457
2021-03-17,San Joaquin,077,732212,68752,67093,2921,70014,1164
2021-03-17,San Luis Obispo,079,281455,20209,19858,593,20451,249
2021-03-17,San Mateo,081,765935,40297,39838,421,40259,344
2021-03-17,Santa Barbara,083,443738,33002,32585,1063,33648,433
2021-03-17,Santa Clara,085,1922200,112955,112983,617,113600,1805
2021-03-17,Santa Cruz,087,273765,15706,14967,783,15750,199
2021-03-17,Shasta,089,179085,11163,11045,1314,12359,100
2021-03-17,Sierra,091,2930,54,49,12,61,0
2021-03-17,Siskiyou,093,43540,1556,1479,244,1723,5
2021-03-17,Solano,095,438530,30458,30320,386,30706,171
2021-03-17,Sonoma,097,501317,28786,28877,242,29119,292
2021-03-17,Stanislaus,099,539301,52247,51524,5456,56980,682
2021-03-17,Sutter,101,95872,8998,8982,79,9061,103
2021-03-17,Tehama,103,63373,4713,4670,495,5165,34
2021-03-17,Trinity,105,12862,472,308,80,388,3
2021-03-17,Tulare,107,460477,49045,47929,8279,56208,805
2021-03-17,Tuolumne,109,53932,3891,3938,38,3976,57
2021-03-17,Ventura,111,848112,79326,78648,2806,81454,916
2021-03-17,Yolo,113,214977,13211,13169,160,13329,190
2021-03-17,Yuba,115,75493,5657,5603,90,5693,42
2021-03-16,Alameda,001,1643700,82718,82259,1723,83982,1177
2021-03-16,Alpine,003,1148,83,82,0,82,0
2021-03-16,Amador,005,37829,3516,3510,31,3541,44
2021-03-16,Butte,007,227075,11558,11154,1629,12783,184
2021-03-16,Calaveras,009,45235,1965,1945,11,1956,49
2021-03-16,Colusa,011,21464,1883,1882,270,2152,12
2021-03-16,Contra Costa,013,1133247,64850,63951,1092,65043,736
2021-03-16,Del Norte,015,27424,1108,1048,5,1053,6
2021-03-16,El Dorado,017,186661,9327,9249,607,9856,105
2021-03-16,Fresno,019,978130,98635,97638,7970,105608,1498
2021-03-16,Glenn,021,27897,2305,2267,508,2775,17
2021-03-16,Humboldt,023,135768,3385,3351,24,3375,33
2021-03-16,Imperial,025,180216,27448,27143,2503,29646,689
2021-03-16,Inyo,027,18085,1360,1346,9,1355,35
2021-03-16,Kern,029,883053,94763,93340,10046,103386,1144
2021-03-16,Kings,031,150075,22633,22320,989,23309,233
2021-03-16,Lake,033,64148,3303,3246,8,3254,43
2021-03-16,Lassen,035,31185,5135,5126,99,5225,1
2021-03-16,Los Angeles,037,10098052,1183686,1172676,39060,1211736,22527
2021-03-16,Madera,039,155013,15973,15822,860,16682,214
2021-03-16,Marin,041,260295,13502,13419,179,13598,218
2021-03-16,Mariposa,043,17540,384,379,5,384,5
2021-03-16,Mendocino,045,87422,3719,3623,74,3697,44
2021-03-16,Merced,047,269075,29320,29198,946,30144,407
2021-03-16,Modoc,049,8938,347,341,118,459,3
2021-03-16,Mono,051,14174,1209,1207,15,1222,3
2021-03-16,Monterey,053,433212,42329,42023,1712,43735,334
2021-03-16,Napa,055,140530,9251,9209,32,9241,75
2021-03-16,Nevada,057,99092,4182,4132,168,4300,67
2021-03-16,Orange,059,3164182,249734,247843,10414,258257,4479
2021-03-16,Placer,061,380077,21207,20339,1178,21517,240
2021-03-16,Plumas,063,18699,659,643,10,653,4
2021-03-16,Riverside,065,2383286,288284,281540,13416,294956,3893
2021-03-16,Sacramento,067,1510023,97106,95522,1326,96848,1466
2021-03-16,San Benito,069,59416,5816,5831,89,5920,61
2021-03-16,San Bernardino,071,2135413,288055,283980,8593,292573,4032
2021-03-16,San Diego,073,3302833,268442,265903,13270,279173,3462
2021-03-16,San Francisco,075,870044,34812,34833,1135,35968,456
2021-03-16,San Joaquin,077,732212,68650,66856,2909,69765,1163
2021-03-16,San Luis Obispo,079,281455,20179,19832,591,20423,248
2021-03-16,San Mateo,081,765935,40263,39806,419,40225,344
2021-03-16,Santa Barbara,083,443738,32970,32556,1062,33618,433
2021-03-16,Santa Clara,085,1922200,112837,112845,614,113459,1797
2021-03-16,Santa Cruz,087,273765,15700,14926,783,15709,199
2021-03-16,Shasta,089,179085,11147,11035,1312,12347,100
2021-03-16,Sierra,091,2930,53,49,12,61,0
2021-03-16,Siskiyou,093,43540,1553,1477,244,1721,5
2021-03-16,Solano,095,438530,30424,30298,384,30682,171
2021-03-16,Sonoma,097,501317,28753,28850,240,29090,291
2021-03-16,Stanislaus,099,539301,52167,51410,5449,56859,683
2021-03-16,Sutter,101,95872,8990,8970,79,9049,102
2021-03-16,Tehama,103,63373,4710,4660,494,5154,34
2021-03-16,Trinity,105,12862,472,308,79,387,3
2021-03-16,Tulare,107,460477,48997,47895,8271,56166,803
2021-03-16,Tuolumne,109,53932,3888,3938,38,3976,57
2021-03-16,Ventura,111,848112,79260,78671,2799,81470,916
2021-03-16,Yolo,113,214977,13196,13162,160,13322,190
2021-03-16,Yuba,115,75493,5654,5596,89,5685,42
2021-03-15,Alameda,001,1643700,82630,82159,1723,83882,1167
2021-03-15,Alpine,003,1148,83,82,0,82,0
2021-03-15,Amador,005,37829,3515,3506,31,3537,44
2021-03-15,Butte,007,227075,11545,11141,1625,12766,185
2021-03-15,Calaveras,009,45235,1964,1941,11,1952,49
2021-03-15,Colusa,011,21464,1883,1883,270,2153,12
2021-03-15,Contra Costa,013,1133247,64788,63847,1091,64938,732
2021-03-15,Del Norte,015,27424,1105,1048,5,1053,6
2021-03-15,El Dorado,017,186661,9321,9235,607,9842,103
2021-03-15,Fresno,019,978130,98508,97520,7955,105475,1496
2021-03-15,Glenn,021,27897,2300,2261,505,2766,15
2021-03-15,Humboldt,023,135768,3379,3337,24,3361,32
2021-03-15,Imperial,025,180216,27428,27122,2500,29622,684
2021-03-15,Inyo,027,18085,1360,1346,9,1355,35
2021-03-15,Kern,029,883053,94703,93266,10039,103305,1141
2021-03-15,Kings,031,150075,22616,22294,983,23277,233
2021-03-15,Lake,033,64148,3291,3237,8,3245,43
2021-03-15,Lassen,035,31185,5135,5125,99,5224,1
2021-03-15,Los Angeles,037,10098052,1183115,1172445,39028,1211473,22477
2021-03-15,Madera,039,155013,15962,15806,858,16664,214
2021-03-15,Marin,041,260295,13496,13408,178,13586,218
2021-03-15,Mariposa,043,17540,384,376,5,381,5
2021-03-15,Mendocino,045,87422,3715,3615,74,3689,44
2021-03-15,Merced,047,269075,29282,29169,944,30113,407
2021-03-15,Modoc,049,8938,347,340,118,458,3
2021-03-15,Mono,051,14174,1208,1206,15,1221,3
2021-03-15,Monterey,053,433212,42301,42011,1709,43720,333
2021-03-15,Napa,055,140530,9240,9196,32,9228,75
2021-03-15,Nevada,057,99092,4177,4123,167,4290,66
2021-03-15,Orange,059,3164182,249621,247697,10395,258092,4481
2021-03-15,Placer,061,380077,21184,20308,1178,21486,238
2021-03-15,Plumas,063,18699,659,642,10,652,4
2021-03-15,Riverside,065,2383286,288132,281367,13406,294773,3856
2021-03-15,Sacramento,067,1510023,96953,95414,1320,96734,1463
2021-03-15,San Benito,069,59416,5813,5831,89,5920,61
2021-03-15,San Bernardino,071,2135413,287964,283815,8585,292400,4004
2021-03-15,San Diego,073,3302833,268193,265646,13254,278900,3452
2021-03-15,San Francisco,075,870044,34777,34820,1131,35951,456
2021-03-15,San Joaquin,077,732212,68547,66622,2897,69519,1140
2021-03-15,San Luis Obispo,079,281455,20148,19813,587,20400,247
2021-03-15,San Mateo,081,765935,40209,39765,419,40184,344
2021-03-15,Santa Barbara,083,443738,32947,32529,1059,33588,431
2021-03-15,Santa Clara,085,1922200,112736,112729,612,113341,1798
2021-03-15,Santa Cruz,087,273765,15694,14899,782,15681,200
2021-03-15,Shasta,089,179085,11131,11019,1307,12326,92
2021-03-15,Sierra,091,2930,53,49,12,61,0
2021-03-15,Siskiyou,093,43540,1553,1475,244,1719,5
2021-03-15,Solano,095,438530,30395,30258,383,30641,171
2021-03-15,Sonoma,097,501317,28735,28814,237,29051,285
2021-03-15,Stanislaus,099,539301,52088,51357,5442,56799,683
2021-03-15,Sutter,101,95872,8984,8962,79,9041,102
2021-03-15,Tehama,103,63373,4695,4650,493,5143,34
2021-03-15,Trinity,105,12862,472,308,79,387,3
2021-03-15,Tulare,107,460477,48967,47857,8256,56113,800
2021-03-15,Tuolumne,109,53932,3886,3937,37,3974,57
2021-03-15,Ventura,111,848112,79204,78626,2798,81424,910
2021-03-15,Yolo,113,214977,13177,13131,160,13291,190
2021-03-15,Yuba,115,75493,5649,5585,88,5673,42
2021-03-14,Alameda,001,1643700,82545,82116,1720,83836,1168
2021-03-14,Alpine,003,1148,83,82,0,82,0
2021-03-14,Amador,005,37829,3510,3504,31,3535,44
2021-03-14,Butte,007,227075,11532,11140,1621,12761,185
2021-03-14,Calaveras,009,45235,1960,1939,11,1950,49
2021-03-14,Colusa,011,21464,1883,1883,270,2153,12
2021-03-14,Contra Costa,013,1133247,64684,63808,1090,64898,731
2021-03-14,Del Norte,015,27424,1091,1048,5,1053,6
2021-03-14,El Dorado,017,186661,9311,9231,607,9838,103
2021-03-14,Fresno,019,978130,98399,97461,7937,105398,1496
2021-03-14,Glenn,021,27897,2295,2260,502,2762,15
2021-03-14,Humboldt,023,135768,3365,3335,24,3359,32
2021-03-14,Imperial,025,180216,27413,27122,2495,29617,685
2021-03-14,Inyo,027,18085,1356,1346,9,1355,35
2021-03-14,Kern,029,883053,94620,93252,10021,103273,1141
2021-03-14,Kings,031,150075,22597,22292,981,23273,232
2021-03-14,Lake,033,64148,3286,3237,8,3245,43
2021-03-14,Lassen,035,31185,5133,5125,99,5224,1
2021-03-14,Los Angeles,037,10098052,1182540,1172100,38996,1211096,22476
2021-03-14,Madera,039,155013,15937,15804,858,16662,214
2021-03-14,Marin,041,260295,13480,13405,176,13581,218
2021-03-14,Mariposa,043,17540,382,376,5,381,5
2021-03-14,Mendocino,045,87422,3710,3613,74,3687,44
2021-03-14,Merced,047,269075,29214,29149,940,30089,407
2021-03-14,Modoc,049,8938,347,340,118,458,3
2021-03-14,Mono,051,14174,1202,1206,15,1221,3
2021-03-14,Monterey,053,433212,42277,42007,1706,43713,333
2021-03-14,Napa,055,140530,9222,9194,32,9226,75
2021-03-14,Nevada,057,99092,4171,4122,165,4287,66
2021-03-14,Orange,059,3164182,249487,247656,10375,258031,4460
2021-03-14,Placer,061,380077,21149,20288,1170,21458,238
2021-03-14,Plumas,063,18699,657,642,10,652,4
2021-03-14,Riverside,065,2383286,287974,281332,13398,294730,3845
2021-03-14,Sacramento,067,1510023,96775,95343,1315,96658,1462
2021-03-14,San Benito,069,59416,5804,5829,89,5918,61
2021-03-14,San Bernardino,071,2135413,287841,283791,8574,292365,3996
2021-03-14,San Diego,073,3302833,267958,265468,13241,278709,3452
2021-03-14,San Francisco,075,870044,34738,34810,1128,35938,455
2021-03-14,San Joaquin,077,732212,68419,66563,2880,69443,1140
2021-03-14,San Luis Obispo,079,281455,20120,19806,585,20391,247
2021-03-14,San Mateo,081,765935,40170,39744,419,40163,342
2021-03-14,Santa Barbara,083,443738,32903,32514,1057,33571,431
2021-03-14,Santa Clara,085,1922200,112608,112648,611,113259,1796
2021-03-14,Santa Cruz,087,273765,15678,14887,780,15667,200
2021-03-14,Shasta,089,179085,11115,11019,1300,12319,92
2021-03-14,Sierra,091,2930,53,49,12,61,0
2021-03-14,Siskiyou,093,43540,1550,1473,244,1717,5
2021-03-14,Solano,095,438530,30363,30230,378,30608,171
2021-03-14,Sonoma,097,501317,28700,28798,233,29031,284
2021-03-14,Stanislaus,099,539301,51968,51306,5434,56740,690
2021-03-14,Sutter,101,95872,8968,8958,79,9037,102
2021-03-14,Tehama,103,63373,4688,4650,492,5142,34
2021-03-14,Trinity,105,12862,471,308,78,386,3
2021-03-14,Tulare,107,460477,48934,47845,8235,56080,800
2021-03-14,Tuolumne,109,53932,3884,3937,37,3974,57
2021-03-14,Ventura,111,848112,79156,78611,2792,81403,910
2021-03-14,Yolo,113,214977,13154,13128,157,13285,189
2021-03-14,Yuba,115,75493,5639,5583,88,5671,42
2021-03-13,Alameda,001,1643700,82485,82010,1720,83730,1168
2021-03-13,Alpine,003,1148,83,82,0,82,0
2021-03-13,Amador,005,37829,3507,3504,31,3535,44
2021-03-13,Butte,007,227075,11523,11131,1620,12751,185
2021-03-13,Calaveras,009,45235,1959,1939,11,1950,49
2021-03-13,Colusa,011,21464,1883,1882,270,2152,12
2021-03-13,Contra Costa,013,1133247,64623,63689,1090,64779,731
2021-03-13,Del Norte,015,27424,1087,1041,5,1046,6
2021-03-13,El Dorado,017,186661,9303,9221,607,9828,103
2021-03-13,Fresno,019,978130,98340,97324,7917,105241,1495
2021-03-13,Glenn,021,27897,2294,2260,501,2761,15
2021-03-13,Humboldt,023,135768,3358,3325,24,3349,32
2021-03-13,Imperial,025,180216,27407,27099,2491,29590,677
2021-03-13,Inyo,027,18085,1355,1344,9,1353,35
2021-03-13,Kern,029,883053,94581,93197,10015,103212,1140
2021-03-13,Kings,031,150075,22581,22265,980,23245,232
2021-03-13,Lake,033,64148,3279,3234,7,3241,43
2021-03-13,Lassen,035,31185,5133,5125,99,5224,1
2021-03-13,Los Angeles,037,10098052,1182222,1171505,38954,1210459,22451
2021-03-13,Madera,039,155013,15925,15780,858,16638,214
2021-03-13,Marin,041,260295,13474,13391,174,13565,218
2021-03-13,Mariposa,043,17540,381,376,5,381,5
2021-03-13,Mendocino,045,87422,3706,3611,74,3685,44
2021-03-13,Merced,047,269075,29183,29106,940,30046,406
2021-03-13,Modoc,049,8938,347,340,117,457,3
2021-03-13,Mono,051,14174,1202,1207,15,1222,3
2021-03-13,Monterey,053,433212,42267,41989,1704,43693,332
2021-03-13,Napa,055,140530,9216,9190,32,9222,75
2021-03-13,Nevada,057,99092,4164,4111,164,4275,66
2021-03-13,Orange,059,3164182,249406,247514,10359,257873,4423
2021-03-13,Placer,061,380077,21128,20238,1167,21405,239
2021-03-13,Plumas,063,18699,655,642,10,652,4
2021-03-13,Riverside,065,2383286,287882,281191,13390,294581,3848
2021-03-13,Sacramento,067,1510023,96689,95192,1313,96505,1461
2021-03-13,San Benito,069,59416,5801,5823,89,5912,61
2021-03-13,San Bernardino,071,2135413,287787,283727,8568,292295,3972
2021-03-13,San Diego,073,3302833,267803,265270,13227,278497,3444
2021-03-13,San Francisco,075,870044,34721,34784,1119,35903,455
2021-03-13,San Joaquin,077,732212,68363,66480,2858,69338,1141
2021-03-13,San Luis Obispo,079,281455,20102,19789,584,20373,247
2021-03-13,San Mateo,081,765935,40143,39689,418,40107,341
2021-03-13,Santa Barbara,083,443738,32878,32486,1056,33542,431
2021-03-13,Santa Clara,085,1922200,112523,112531,610,113141,1790
2021-03-13,Santa Cruz,087,273765,15671,14875,780,15655,199
2021-03-13,Shasta,089,179085,11107,11021,1297,12318,108
2021-03-13,Sierra,091,2930,52,49,12,61,0
2021-03-13,Siskiyou,093,43540,1548,1470,244,1714,5
2021-03-13,Solano,095,438530,30346,30198,378,30576,171
2021-03-13,Sonoma,097,501317,28680,28762,229,28991,285
2021-03-13,Stanislaus,099,539301,51917,51257,5430,56687,695
2021-03-13,Sutter,101,95872,8961,8948,79,9027,102
2021-03-13,Tehama,103,63373,4686,4647,492,5139,33
2021-03-13,Trinity,105,12862,471,306,78,384,3
2021-03-13,Tulare,107,460477,48908,47818,8227,56045,798
2021-03-13,Tuolumne,109,53932,3881,3937,37,3974,57
2021-03-13,Ventura,111,848112,79104,78693,2792,81485,906
2021-03-13,Yolo,113,214977,13145,13087,157,13244,189
2021-03-13,Yuba,115,75493,5638,5577,88,5665,42
2021-03-12,Alameda,001,1643700,82408,81898,1719,83617,1164
2021-03-12,Alpine,003,1148,83,82,0,82,0
2021-03-12,Amador,005,37829,3504,3503,31,3534,44
2021-03-12,Butte,007,227075,11513,11126,1618,12744,184
2021-03-12,Calaveras,009,45235,1959,1916,11,1927,49
2021-03-12,Colusa,011,21464,1883,1883,270,2153,12
2021-03-12,Contra Costa,013,1133247,64547,63583,1090,64673,728
2021-03-12,Del Norte,015,27424,1081,1033,5,1038,6
2021-03-12,El Dorado,017,186661,9294,9219,607,9826,103
2021-03-12,Fresno,019,978130,98243,97185,7906,105091,1489
2021-03-12,Glenn,021,27897,2293,2258,500,2758,15
2021-03-12,Humboldt,023,135768,3353,3315,24,3339,32
2021-03-12,Imperial,025,180216,27396,27071,2489,29560,677
2021-03-12,Inyo,027,18085,1353,1339,9,1348,35
2021-03-12,Kern,029,883053,94547,93142,9999,103141,1132
2021-03-12,Kings,031,150075,22562,22233,980,23213,232
2021-03-12,Lake,033,64148,3273,3226,6,3232,43
2021-03-12,Lassen,035,31185,5133,5125,98,5223,1
2021-03-12,Los Angeles,037,10098052,1181827,1170860,38937,1209797,22409
2021-03-12,Madera,039,155013,15913,15761,855,16616,214
2021-03-12,Marin,041,260295,13467,13375,174,13549,218
2021-03-12,Mariposa,043,17540,379,376,5,381,5
2021-03-12,Mendocino,045,87422,3703,3605,74,3679,43
2021-03-12,Merced,047,269075,29152,29064,940,30004,403
2021-03-12,Modoc,049,8938,347,340,117,457,3
2021-03-12,Mono,051,14174,1201,1206,15,1221,3
2021-03-12,Monterey,053,433212,42253,41964,1699,43663,329
2021-03-12,Napa,055,140530,9207,9180,32,9212,75
2021-03-12,Nevada,057,99092,4154,4101,164,4265,66
2021-03-12,Orange,059,3164182,249314,247388,10348,257736,4401
2021-03-12,Placer,061,380077,21095,20210,1162,21372,239
2021-03-12,Plumas,063,18699,654,641,10,651,4
2021-03-12,Riverside,065,2383286,287783,281037,13383,294420,3854
2021-03-12,Sacramento,067,1510023,96565,95061,1307,96368,1460
2021-03-12,San Benito,069,59416,5798,5817,89,5906,61
2021-03-12,San Bernardino,071,2135413,287731,283558,8563,292121,3917
2021-03-12,San Diego,073,3302833,267640,264886,13219,278105,3434
2021-03-12,San Francisco,075,870044,34700,34758,1116,35874,452
2021-03-12,San Joaquin,077,732212,68292,66482,2849,69331,1144
2021-03-12,San Luis Obispo,079,281455,20089,19769,582,20351,247
2021-03-12,San Mateo,081,765935,40107,39638,416,40054,341
2021-03-12,Santa Barbara,083,443738,32855,32457,1053,33510,429
2021-03-12,Santa Clara,085,1922200,112428,112396,609,113005,1766
2021-03-12,Santa Cruz,087,273765,15659,14846,778,15624,195
2021-03-12,Shasta,089,179085,11098,11143,1295,12438,153
2021-03-12,Sierra,091,2930,52,49,12,61,0
2021-03-12,Siskiyou,093,43540,1548,1468,243,1711,5
2021-03-12,Solano,095,438530,30327,30180,377,30557,171
2021-03-12,Sonoma,097,501317,28653,28714,229,28943,285
2021-03-12,Stanislaus,099,539301,51858,51146,5424,56570,701
2021-03-12,Sutter,101,95872,8955,8940,79,9019,101
2021-03-12,Tehama,103,63373,4682,4638,491,5129,33
2021-03-12,Trinity,105,12862,470,306,78,384,3
2021-03-12,Tulare,107,460477,48883,47772,8221,55993,798
2021-03-12,Tuolumne,109,53932,3880,3936,37,3973,57
2021-03-12,Ventura,111,848112,79058,78698,2788,81486,899
2021-03-12,Yolo,113,214977,13135,13061,150,13211,189
2021-03-12,Yuba,115,75493,5631,5563,87,5650,42
2021-03-11,Alameda,001,1643700,82317,81809,1714,83523,1164
2021-03-11,Alpine,003,1148,83,78,0,78,0
2021-03-11,Amador,005,37829,3503,3498,31,3529,42
2021-03-11,Butte,007,227075,11502,11110,1616,12726,185
2021-03-11,Calaveras,009,45235,1956,1915,11,1926,49
2021-03-11,Colusa,011,21464,1883,1883,270,2153,12
2021-03-11,Contra Costa,013,1133247,64474,63469,1088,64557,728
2021-03-11,Del Norte,015,27424,1076,1027,5,1032,6
2021-03-11,El Dorado,017,186661,9280,9211,607,9818,101
2021-03-11,Fresno,019,978130,98127,97026,7877,104903,1481
2021-03-11,Glenn,021,27897,2290,2255,500,2755,15
2021-03-11,Humboldt,023,135768,3336,3302,24,3326,32
2021-03-11,Imperial,025,180216,27389,27045,2486,29531,675
2021-03-11,Inyo,027,18085,1348,1335,9,1344,35
2021-03-11,Kern,029,883053,94491,93052,9960,103012,1121
2021-03-11,Kings,031,150075,22547,22183,977,23160,230
2021-03-11,Lake,033,64148,3269,3214,6,3220,42
2021-03-11,Lassen,035,31185,5132,5124,98,5222,1
2021-03-11,Los Angeles,037,10098052,1181295,1170111,38906,1209017,22316
2021-03-11,Madera,039,155013,15902,15725,853,16578,214
2021-03-11,Marin,041,260295,13455,13356,173,13529,217
2021-03-11,Mariposa,043,17540,379,376,5,381,5
2021-03-11,Mendocino,045,87422,3696,3604,74,3678,42
2021-03-11,Merced,047,269075,29104,29001,939,29940,401
2021-03-11,Modoc,049,8938,347,340,117,457,3
2021-03-11,Mono,051,14174,1200,1206,15,1221,3
2021-03-11,Monterey,053,433212,42230,41936,1693,43629,329
2021-03-11,Napa,055,140530,9194,9173,32,9205,75
2021-03-11,Nevada,057,99092,4142,4085,162,4247,66
2021-03-11,Orange,059,3164182,249176,247217,10330,257547,4373
2021-03-11,Placer,061,380077,21053,20178,1158,21336,239
2021-03-11,Plumas,063,18699,653,640,10,650,4
2021-03-11,Riverside,065,2383286,287613,280881,13370,294251,3842
2021-03-11,Sacramento,067,1510023,96424,94912,1304,96216,1455
2021-03-11,San Benito,069,59416,5795,5816,89,5905,61
2021-03-11,San Bernardino,071,2135413,287634,283312,8557,291869,3869
2021-03-11,San Diego,073,3302833,267475,264524,13203,277727,3422
2021-03-11,San Francisco,075,870044,34664,34722,1110,35832,452
2021-03-11,San Joaquin,077,732212,68180,66522,2841,69363,1157
2021-03-11,San Luis Obispo,079,281455,20064,19748,581,20329,247
2021-03-11,San Mateo,081,765935,40070,39590,415,40005,341
2021-03-11,Santa Barbara,083,443738,32827,32408,1048,33456,430
2021-03-11,Santa Clara,085,1922200,112299,112246,606,112852,1765
2021-03-11,Santa Cruz,087,273765,15647,14812,777,15589,193
2021-03-11,Shasta,089,179085,11088,11139,1290,12429,158
2021-03-11,Sierra,091,2930,52,48,12,60,0
2021-03-11,Siskiyou,093,43540,1545,1466,242,1708,5
2021-03-11,Solano,095,438530,30299,30138,376,30514,171
2021-03-11,Sonoma,097,501317,28624,28677,229,28906,285
2021-03-11,Stanislaus,099,539301,51773,51038,5416,56454,707
2021-03-11,Sutter,101,95872,8949,8933,79,9012,101
2021-03-11,Tehama,103,63373,4674,4632,491,5123,33
2021-03-11,Trinity,105,12862,469,304,77,381,3
2021-03-11,Tulare,107,460477,48846,47709,8210,55919,797
2021-03-11,Tuolumne,109,53932,3878,3934,37,3971,57
2021-03-11,Ventura,111,848112,79008,78697,2784,81481,889
2021-03-11,Yolo,113,214977,13117,13041,149,13190,190
2021-03-11,Yuba,115,75493,5627,5553,87,5640,42
2021-03-10,Alameda,001,1643700,82211,81701,1709,83410,1160
2021-03-10,Alpine,003,1148,82,78,0,78,0
2021-03-10,Amador,005,37829,3501,3496,31,3527,42
2021-03-10,Butte,007,227075,11492,11096,1616,12712,185
2021-03-10,Calaveras,009,45235,1950,1913,11,1924,48
2021-03-10,Colusa,011,21464,1883,1882,270,2152,12
2021-03-10,Contra Costa,013,1133247,64374,63372,1084,64456,725
2021-03-10,Del Norte,015,27424,1074,1020,5,1025,5
2021-03-10,El Dorado,017,186661,9267,9203,607,9810,100
2021-03-10,Fresno,019,978130,98020,96866,7861,104727,1471
2021-03-10,Glenn,021,27897,2287,2253,498,2751,15
2021-03-10,Humboldt,023,135768,3326,3296,23,3319,32
2021-03-10,Imperial,025,180216,27374,27051,2486,29537,675
2021-03-10,Inyo,027,18085,1348,1328,9,1337,35
2021-03-10,Kern,029,883053,94425,92965,9939,102904,1102
2021-03-10,Kings,031,150075,22528,22166,976,23142,226
2021-03-10,Lake,033,64148,3259,3207,6,3213,42
2021-03-10,Lassen,035,31185,5132,5120,98,5218,1
2021-03-10,Los Angeles,037,10098052,1180749,1169079,38880,1207959,22199
2021-03-10,Madera,039,155013,15881,15705,850,16555,212
2021-03-10,Marin,041,260295,13445,13348,172,13520,216
2021-03-10,Mariposa,043,17540,379,376,5,381,5
2021-03-10,Mendocino,045,87422,3691,3602,74,3676,42
2021-03-10,Merced,047,269075,29066,28927,936,29863,401
2021-03-10,Modoc,049,8938,346,338,117,455,3
2021-03-10,Mono,051,14174,1196,1204,15,1219,3
2021-03-10,Monterey,053,433212,42208,41920,1689,43609,329
2021-03-10,Napa,055,140530,9185,9165,32,9197,75
2021-03-10,Nevada,057,99092,4138,4074,162,4236,66
2021-03-10,Orange,059,3164182,249028,247075,10315,257390,4342
2021-03-10,Placer,061,380077,21019,20144,1152,21296,239
2021-03-10,Plumas,063,18699,652,639,10,649,4
2021-03-10,Riverside,065,2383286,287472,280708,13356,294064,3822
2021-03-10,Sacramento,067,1510023,96294,94796,1298,96094,1452
2021-03-10,San Benito,069,59416,5786,5811,89,5900,61
2021-03-10,San Bernardino,071,2135413,287541,283140,8551,291691,3841
2021-03-10,San Diego,073,3302833,267253,264094,13191,277285,3413
2021-03-10,San Francisco,075,870044,34629,34688,1102,35790,450
2021-03-10,San Joaquin,077,732212,68078,66483,2824,69307,1156
2021-03-10,San Luis Obispo,079,281455,20040,19710,577,20287,247
2021-03-10,San Mateo,081,765935,40046,39571,415,39986,338
2021-03-10,Santa Barbara,083,443738,32800,32356,1045,33401,429
2021-03-10,Santa Clara,085,1922200,112190,112103,602,112705,1759
2021-03-10,Santa Cruz,087,273765,15632,14790,776,15566,192
2021-03-10,Shasta,089,179085,11078,11125,1287,12412,155
2021-03-10,Sierra,091,2930,52,48,12,60,0
2021-03-10,Siskiyou,093,43540,1543,1458,242,1700,5
2021-03-10,Solano,095,438530,30269,30111,375,30486,170
2021-03-10,Sonoma,097,501317,28589,28638,228,28866,286
2021-03-10,Stanislaus,099,539301,51686,50968,5397,56365,706
2021-03-10,Sutter,101,95872,8938,8918,79,8997,101
2021-03-10,Tehama,103,63373,4663,4623,490,5113,33
2021-03-10,Trinity,105,12862,469,304,77,381,3
2021-03-10,Tulare,107,460477,48798,47659,8192,55851,793
2021-03-10,Tuolumne,109,53932,3877,3931,37,3968,57
2021-03-10,Ventura,111,848112,78931,78609,2782,81391,878
2021-03-10,Yolo,113,214977,13093,13021,149,13170,189
2021-03-10,Yuba,115,75493,5614,5545,86,5631,42
2021-03-09,Alameda,001,1643700,82125,81618,1709,83327,1151
2021-03-09,Alpine,003,1148,82,78,0,78,0
2021-03-09,Amador,005,37829,3499,3494,31,3525,42
2021-03-09,Butte,007,227075,11479,11092,1615,12707,185
2021-03-09,Calaveras,009,45235,1948,1913,11,1924,48
2021-03-09,Colusa,011,21464,1883,1880,270,2150,11
2021-03-09,Contra Costa,013,1133247,64284,63314,1082,64396,723
2021-03-09,Del Norte,015,27424,1066,1017,5,1022,5
2021-03-09,El Dorado,017,186661,9259,9198,607,9805,98
2021-03-09,Fresno,019,978130,97901,96744,7835,104579,1463
2021-03-09,Glenn,021,27897,2283,2251,496,2747,15
2021-03-09,Humboldt,023,135768,3314,3288,22,3310,32
2021-03-09,Imperial,025,180216,27364,27045,2482,29527,675
2021-03-09,Inyo,027,18085,1346,1324,9,1333,35
2021-03-09,Kern,029,883053,94346,92924,9921,102845,1088
2021-03-09,Kings,031,150075,22503,22143,974,23117,226
2021-03-09,Lake,033,64148,3253,3202,6,3208,42
2021-03-09,Lassen,035,31185,5132,5120,98,5218,1
2021-03-09,Los Angeles,037,10098052,1180152,1167967,38847,1206814,22080
2021-03-09,Madera,039,155013,15870,15701,848,16549,211
2021-03-09,Marin,041,260295,13427,13335,170,13505,214
2021-03-09,Mariposa,043,17540,379,376,5,381,5
2021-03-09,Mendocino,045,87422,3687,3595,74,3669,42
2021-03-09,Merced,047,269075,29006,28876,933,29809,399
2021-03-09,Modoc,049,8938,346,338,116,454,3
2021-03-09,Mono,051,14174,1195,1203,15,1218,3
2021-03-09,Monterey,053,433212,42189,41894,1681,43575,329
2021-03-09,Napa,055,140530,9171,9155,32,9187,75
2021-03-09,Nevada,057,99092,4130,4062,162,4224,66
2021-03-09,Orange,059,3164182,248886,246989,10296,257285,4310
2021-03-09,Placer,061,380077,20977,20122,1147,21269,239
2021-03-09,Plumas,063,18699,649,639,10,649,4
2021-03-09,Riverside,065,2383286,287337,280562,13352,293914,3821
2021-03-09,Sacramento,067,1510023,96127,94720,1292,96012,1442
2021-03-09,San Benito,069,59416,5782,5800,89,5889,61
2021-03-09,San Bernardino,071,2135413,287426,282971,8545,291516,3823
2021-03-09,San Diego,073,3302833,267021,263745,13170,276915,3405
2021-03-09,San Francisco,075,870044,34598,34654,1098,35752,450
2021-03-09,San Joaquin,077,732212,67950,66383,2814,69197,1150
2021-03-09,San Luis Obispo,079,281455,20023,19672,570,20242,245
2021-03-09,San Mateo,081,765935,39999,39535,413,39948,336
2021-03-09,Santa Barbara,083,443738,32759,32314,1043,33357,428
2021-03-09,Santa Clara,085,1922200,112079,111963,597,112560,1756
2021-03-09,Santa Cruz,087,273765,15610,14764,775,15539,188
2021-03-09,Shasta,089,179085,11071,11113,1282,12395,155
2021-03-09,Sierra,091,2930,52,48,12,60,0
2021-03-09,Siskiyou,093,43540,1539,1447,240,1687,5
2021-03-09,Solano,095,438530,30233,30090,373,30463,169
2021-03-09,Sonoma,097,501317,28539,28601,225,28826,284
2021-03-09,Stanislaus,099,539301,51588,50884,5388,56272,703
2021-03-09,Sutter,101,95872,8925,8914,79,8993,101
2021-03-09,Tehama,103,63373,4658,4620,490,5110,33
2021-03-09,Trinity,105,12862,469,304,77,381,3
2021-03-09,Tulare,107,460477,48771,47637,8173,55810,792
2021-03-09,Tuolumne,109,53932,3875,3929,37,3966,56
2021-03-09,Ventura,111,848112,78868,78526,2780,81306,863
2021-03-09,Yolo,113,214977,13081,13015,147,13162,189
2021-03-09,Yuba,115,75493,5607,5539,86,5625,42
2021-03-08,Alameda,001,1643700,82014,81543,1708,83251,1142
2021-03-08,Alpine,003,1148,82,78,0,78,0
2021-03-08,Amador,005,37829,3496,3490,31,3521,42
2021-03-08,Butte,007,227075,11466,11082,1614,12696,185
2021-03-08,Calaveras,009,45235,1944,1909,11,1920,48
2021-03-08,Colusa,011,21464,1883,1877,270,2147,11
2021-03-08,Contra Costa,013,1133247,64188,63240,1082,64322,719
2021-03-08,Del Norte,015,27424,1061,1012,5,1017,5
2021-03-08,El Dorado,017,186661,9256,9188,606,9794,97
2021-03-08,Fresno,019,978130,97803,96665,7814,104479,1442
2021-03-08,Glenn,021,27897,2282,2249,496,2745,15
2021-03-08,Humboldt,023,135768,3300,3278,22,3300,31
2021-03-08,Imperial,025,180216,27356,27033,2479,29512,663
2021-03-08,Inyo,027,18085,1344,1320,9,1329,35
2021-03-08,Kern,029,883053,94280,92857,9901,102758,1087
2021-03-08,Kings,031,150075,22482,22130,972,23102,226
2021-03-08,Lake,033,64148,3241,3195,6,3201,42
2021-03-08,Lassen,035,31185,5132,5119,98,5217,1
2021-03-08,Los Angeles,037,10098052,1179532,1163409,38815,1202224,21868
2021-03-08,Madera,039,155013,15860,15691,846,16537,211
2021-03-08,Marin,041,260295,13407,13328,168,13496,214
2021-03-08,Mariposa,043,17540,379,376,5,381,5
2021-03-08,Mendocino,045,87422,3685,3590,73,3663,42
2021-03-08,Merced,047,269075,28946,28841,932,29773,398
2021-03-08,Modoc,049,8938,346,338,116,454,3
2021-03-08,Mono,051,14174,1194,1200,15,1215,3
2021-03-08,Monterey,053,433212,42168,41863,1680,43543,328
2021-03-08,Napa,055,140530,9168,9146,32,9178,75
2021-03-08,Nevada,057,99092,4122,4059,162,4221,66
2021-03-08,Orange,059,3164182,248713,246900,10264,257164,4243
2021-03-08,Placer,061,380077,20942,20102,1136,21238,239
2021-03-08,Plumas,063,18699,648,635,10,645,4
2021-03-08,Riverside,065,2383286,287185,280463,13342,293805,3783
2021-03-08,Sacramento,067,1510023,95957,94654,1287,95941,1438
2021-03-08,San Benito,069,59416,5779,5797,89,5886,61
2021-03-08,San Bernardino,071,2135413,287315,282894,8538,291432,3811
2021-03-08,San Diego,073,3302833,266780,263272,13155,276427,3390
2021-03-08,San Francisco,075,870044,34572,34634,1094,35728,446
2021-03-08,San Joaquin,077,732212,67834,66307,2805,69112,1139
2021-03-08,San Luis Obispo,079,281455,19980,19656,567,20223,245
2021-03-08,San Mateo,081,765935,39950,39492,411,39903,335
2021-03-08,Santa Barbara,083,443738,32727,32293,1043,33336,427
2021-03-08,Santa Clara,085,1922200,111951,111882,595,112477,1756
2021-03-08,Santa Cruz,087,273765,15590,14729,775,15504,188
2021-03-08,Shasta,089,179085,11063,11088,1277,12365,155
2021-03-08,Sierra,091,2930,52,48,12,60,0
2021-03-08,Siskiyou,093,43540,1538,1440,240,1680,5
2021-03-08,Solano,095,438530,30193,30068,371,30439,169
2021-03-08,Sonoma,097,501317,28495,28571,224,28795,284
2021-03-08,Stanislaus,099,539301,51509,50825,5383,56208,690
2021-03-08,Sutter,101,95872,8922,8905,79,8984,100
2021-03-08,Tehama,103,63373,4654,4615,490,5105,33
2021-03-08,Trinity,105,12862,468,302,77,379,3
2021-03-08,Tulare,107,460477,48730,47587,8148,55735,791
2021-03-08,Tuolumne,109,53932,3874,3921,37,3958,56
2021-03-08,Ventura,111,848112,78795,78526,2772,81298,852
2021-03-08,Yolo,113,214977,13058,13000,147,13147,189
2021-03-08,Yuba,115,75493,5597,5530,86,5616,42
2021-03-07,Alameda,001,1643700,81894,81413,1707,83120,1145
2021-03-07,Alpine,003,1148,82,78,0,78,0
2021-03-07,Amador,005,37829,3493,3489,31,3520,42
2021-03-07,Butte,007,227075,11450,11075,1613,12688,185
2021-03-07,Calaveras,009,45235,1940,1906,11,1917,48
2021-03-07,Colusa,011,21464,1883,1876,270,2146,11
2021-03-07,Contra Costa,013,1133247,64089,63148,1080,64228,719
2021-03-07,Del Norte,015,27424,1056,1010,5,1015,5
2021-03-07,El Dorado,017,186661,9253,9184,605,9789,97
2021-03-07,Fresno,019,978130,97625,96549,7792,104341,1442
2021-03-07,Glenn,021,27897,2280,2244,496,2740,15
2021-03-07,Humboldt,023,135768,3290,3274,22,3296,31
2021-03-07,Imperial,025,180216,27347,27019,2477,29496,658
2021-03-07,Inyo,027,18085,1341,1320,9,1329,35
2021-03-07,Kern,029,883053,94193,92746,9871,102617,1086
2021-03-07,Kings,031,150075,22460,22103,972,23075,224
2021-03-07,Lake,033,64148,3235,3192,6,3198,42
2021-03-07,Lassen,035,31185,5131,5119,98,5217,1
2021-03-07,Los Angeles,037,10098052,1178806,1162749,38780,1201529,21857
2021-03-07,Madera,039,155013,15841,15675,846,16521,211
2021-03-07,Marin,041,260295,13399,13313,166,13479,214
2021-03-07,Mariposa,043,17540,378,376,5,381,5
2021-03-07,Mendocino,045,87422,3681,3581,73,3654,42
2021-03-07,Merced,047,269075,28872,28829,928,29757,399
2021-03-07,Modoc,049,8938,346,338,116,454,3
2021-03-07,Mono,051,14174,1192,1199,15,1214,3
2021-03-07,Monterey,053,433212,42147,41858,1677,43535,328
2021-03-07,Napa,055,140530,9158,9137,32,9169,75
2021-03-07,Nevada,057,99092,4108,4052,161,4213,66
2021-03-07,Orange,059,3164182,248521,246771,10236,257007,4218
2021-03-07,Placer,061,380077,20901,20070,1132,21202,239
2021-03-07,Plumas,063,18699,647,635,10,645,4
2021-03-07,Riverside,065,2383286,287036,280379,13333,293712,3779
2021-03-07,Sacramento,067,1510023,95780,94513,1281,95794,1437
2021-03-07,San Benito,069,59416,5772,5795,89,5884,61
2021-03-07,San Bernardino,071,2135413,287164,282860,8533,291393,3810
2021-03-07,San Diego,073,3302833,266498,262965,13131,276096,3390
2021-03-07,San Francisco,075,870044,34538,34594,1089,35683,445
2021-03-07,San Joaquin,077,732212,67698,66252,2792,69044,1139
2021-03-07,San Luis Obispo,079,281455,19943,19614,565,20179,245
2021-03-07,San Mateo,081,765935,39910,39436,408,39844,329
2021-03-07,Santa Barbara,083,443738,32681,32218,1042,33260,425
2021-03-07,Santa Clara,085,1922200,111806,111745,591,112336,1752
2021-03-07,Santa Cruz,087,273765,15568,14715,774,15489,189
2021-03-07,Shasta,089,179085,11050,11083,1269,12352,156
2021-03-07,Sierra,091,2930,51,48,12,60,0
2021-03-07,Siskiyou,093,43540,1537,1435,236,1671,5
2021-03-07,Solano,095,438530,30156,30027,371,30398,169
2021-03-07,Sonoma,097,501317,28446,28533,222,28755,284
2021-03-07,Stanislaus,099,539301,51377,50783,5367,56150,699
2021-03-07,Sutter,101,95872,8912,8900,79,8979,100
2021-03-07,Tehama,103,63373,4647,4614,489,5103,33
2021-03-07,Trinity,105,12862,468,302,77,379,3
2021-03-07,Tulare,107,460477,48671,47569,8117,55686,790
2021-03-07,Tuolumne,109,53932,3873,3922,36,3958,56
2021-03-07,Ventura,111,848112,78703,78487,2770,81257,851
2021-03-07,Yolo,113,214977,13039,12988,147,13135,189
2021-03-07,Yuba,115,75493,5592,5516,86,5602,42
2021-03-06,Alameda,001,1643700,81837,81310,1706,83016,1143
2021-03-06,Alpine,003,1148,82,78,0,78,0
2021-03-06,Amador,005,37829,3489,3487,31,3518,42
2021-03-06,Butte,007,227075,11445,11065,1612,12677,185
2021-03-06,Calaveras,009,45235,1936,1904,11,1915,48
2021-03-06,Colusa,011,21464,1881,1874,270,2144,11
2021-03-06,Contra Costa,013,1133247,64027,63040,1076,64116,719
2021-03-06,Del Norte,015,27424,1051,1000,5,1005,5
2021-03-06,El Dorado,017,186661,9249,9166,605,9771,97
2021-03-06,Fresno,019,978130,97530,96366,7781,104147,1440
2021-03-06,Glenn,021,27897,2280,2241,496,2737,15
2021-03-06,Humboldt,023,135768,3280,3260,22,3282,31
2021-03-06,Imperial,025,180216,27342,27009,2472,29481,658
2021-03-06,Inyo,027,18085,1338,1312,9,1321,35
2021-03-06,Kern,029,883053,94147,92684,9851,102535,1082
2021-03-06,Kings,031,150075,22445,22094,972,23066,224
2021-03-06,Lake,033,64148,3233,3189,6,3195,42
2021-03-06,Lassen,035,31185,5131,5119,98,5217,1
2021-03-06,Los Angeles,037,10098052,1178366,1161745,38752,1200497,21843
2021-03-06,Madera,039,155013,15832,15646,845,16491,211
2021-03-06,Marin,041,260295,13390,13289,166,13455,213
2021-03-06,Mariposa,043,17540,378,376,5,381,5
2021-03-06,Mendocino,045,87422,3679,3579,73,3652,42
2021-03-06,Merced,047,269075,28830,28771,928,29699,399
2021-03-06,Modoc,049,8938,345,338,116,454,3
2021-03-06,Mono,051,14174,1191,1198,15,1213,3
2021-03-06,Monterey,053,433212,42142,41838,1674,43512,327
2021-03-06,Napa,055,140530,9150,9129,32,9161,75
2021-03-06,Nevada,057,99092,4102,4044,161,4205,66
2021-03-06,Orange,059,3164182,248428,246634,10222,256856,4165
2021-03-06,Placer,061,380077,20878,20030,1130,21160,239
2021-03-06,Plumas,063,18699,647,634,10,644,4
2021-03-06,Riverside,065,2383286,286943,280225,13325,293550,3781
2021-03-06,Sacramento,067,1510023,95692,94332,1272,95604,1436
2021-03-06,San Benito,069,59416,5767,5793,89,5882,61
2021-03-06,San Bernardino,071,2135413,287080,282737,8531,291268,3791
2021-03-06,San Diego,073,3302833,266311,262778,13114,275892,3385
2021-03-06,San Francisco,075,870044,34507,34560,1085,35645,435
2021-03-06,San Joaquin,077,732212,67624,66162,2782,68944,1138
2021-03-06,San Luis Obispo,079,281455,19923,19592,563,20155,245
2021-03-06,San Mateo,081,765935,39885,39384,408,39792,329
2021-03-06,Santa Barbara,083,443738,32651,32176,1042,33218,424
2021-03-06,Santa Clara,085,1922200,111711,111570,588,112158,1749
2021-03-06,Santa Cruz,087,273765,15557,14701,774,15475,188
2021-03-06,Shasta,089,179085,11041,11076,1267,12343,158
2021-03-06,Sierra,091,2930,51,48,12,60,0
2021-03-06,Siskiyou,093,43540,1535,1432,236,1668,5
2021-03-06,Solano,095,438530,30127,30000,370,30370,169
2021-03-06,Sonoma,097,501317,28423,28484,220,28704,284
2021-03-06,Stanislaus,099,539301,51307,50691,5361,56052,711
2021-03-06,Sutter,101,95872,8906,8887,79,8966,100
2021-03-06,Tehama,103,63373,4645,4610,486,5096,33
2021-03-06,Trinity,105,12862,468,302,77,379,3
2021-03-06,Tulare,107,460477,48639,47515,8089,55604,789
2021-03-06,Tuolumne,109,53932,3871,3920,36,3956,56
2021-03-06,Ventura,111,848112,78647,78439,2769,81208,848
2021-03-06,Yolo,113,214977,13033,12951,146,13097,189
2021-03-06,Yuba,115,75493,5583,5504,86,5590,42
2021-03-05,Alameda,001,1643700,81750,81215,1705,82920,1141
2021-03-05,Alpine,003,1148,82,78,0,78,0
2021-03-05,Amador,005,37829,3488,3484,31,3515,42
2021-03-05,Butte,007,227075,11434,11050,1611,12661,185
2021-03-05,Calaveras,009,45235,1933,1902,11,1913,48
2021-03-05,Colusa,011,21464,1881,1874,270,2144,11
2021-03-05,Contra Costa,013,1133247,63947,62886,1073,63959,711
2021-03-05,Del Norte,015,27424,1047,995,5,1000,5
2021-03-05,El Dorado,017,186661,9244,9150,604,9754,97
2021-03-05,Fresno,019,978130,97422,96184,7762,103946,1432
2021-03-05,Glenn,021,27897,2277,2241,495,2736,15
2021-03-05,Humboldt,023,135768,3273,3234,22,3256,31
2021-03-05,Imperial,025,180216,27332,26970,2463,29433,651
2021-03-05,Inyo,027,18085,1334,1309,9,1318,35
2021-03-05,Kern,029,883053,94107,92601,9838,102439,1076
2021-03-05,Kings,031,150075,22427,22063,971,23034,224
2021-03-05,Lake,033,64148,3231,3185,6,3191,42
2021-03-05,Lassen,035,31185,5131,5117,96,5213,1
2021-03-05,Los Angeles,037,10098052,1177875,1160688,38723,1199411,21745
2021-03-05,Madera,039,155013,15822,15624,843,16467,211
2021-03-05,Marin,041,260295,13378,13275,165,13440,215
2021-03-05,Mariposa,043,17540,378,375,5,380,4
2021-03-05,Mendocino,045,87422,3676,3577,73,3650,42
2021-03-05,Merced,047,269075,28797,28734,927,29661,399
2021-03-05,Modoc,049,8938,345,337,116,453,3
2021-03-05,Mono,051,14174,1190,1197,15,1212,3
2021-03-05,Monterey,053,433212,42129,41802,1674,43476,325
2021-03-05,Napa,055,140530,9142,9109,32,9141,75
2021-03-05,Nevada,057,99092,4099,4033,161,4194,66
2021-03-05,Orange,059,3164182,248315,246489,10209,256698,4108
2021-03-05,Placer,061,380077,20852,19973,1126,21099,239
2021-03-05,Plumas,063,18699,647,635,10,645,4
2021-03-05,Riverside,065,2383286,286832,280075,13320,293395,3781
2021-03-05,Sacramento,067,1510023,95596,94182,1265,95447,1430
2021-03-05,San Benito,069,59416,5764,5790,89,5879,61
2021-03-05,San Bernardino,071,2135413,286987,282640,8527,291167,3774
2021-03-05,San Diego,073,3302833,266078,262357,13097,275454,3371
2021-03-05,San Francisco,075,870044,34467,34526,1081,35607,430
2021-03-05,San Joaquin,077,732212,67544,66041,2773,68814,1133
2021-03-05,San Luis Obispo,079,281455,19902,19557,561,20118,244
2021-03-05,San Mateo,081,765935,39853,39305,408,39713,326
2021-03-05,Santa Barbara,083,443738,32614,32139,1037,33176,424
2021-03-05,Santa Clara,085,1922200,111616,111384,588,111972,1745
2021-03-05,Santa Cruz,087,273765,15546,14694,774,15468,188
2021-03-05,Shasta,089,179085,11029,11062,1261,12323,148
2021-03-05,Sierra,091,2930,51,48,12,60,0
2021-03-05,Siskiyou,093,43540,1530,1429,235,1664,5
2021-03-05,Solano,095,438530,30110,29951,368,30319,168
2021-03-05,Sonoma,097,501317,28397,28417,220,28637,279
2021-03-05,Stanislaus,099,539301,51256,50606,5351,55957,721
2021-03-05,Sutter,101,95872,8899,8876,79,8955,100
2021-03-05,Tehama,103,63373,4636,4606,486,5092,33
2021-03-05,Trinity,105,12862,468,302,77,379,3
2021-03-05,Tulare,107,460477,48610,47469,8070,55539,789
2021-03-05,Tuolumne,109,53932,3869,3917,36,3953,56
2021-03-05,Ventura,111,848112,78580,78368,2768,81136,839
2021-03-05,Yolo,113,214977,13021,12920,145,13065,188
2021-03-05,Yuba,115,75493,5571,5496,86,5582,42
2021-03-04,Alameda,001,1643700,81641,81115,1705,82820,1136
2021-03-04,Alpine,003,1148,82,78,0,78,0
2021-03-04,Amador,005,37829,3487,3480,31,3511,42
2021-03-04,Butte,007,227075,11427,11033,1610,12643,185
2021-03-04,Calaveras,009,45235,1932,1896,11,1907,48
2021-03-04,Colusa,011,21464,1879,1873,265,2138,11
2021-03-04,Contra Costa,013,1133247,63847,62789,1071,63860,708
2021-03-04,Del Norte,015,27424,1039,989,5,994,5
2021-03-04,El Dorado,017,186661,9229,9133,604,9737,97
2021-03-04,Fresno,019,978130,97258,96023,7743,103766,1422
2021-03-04,Glenn,021,27897,2270,2236,494,2730,15
2021-03-04,Humboldt,023,135768,3259,3212,22,3234,31
2021-03-04,Imperial,025,180216,27319,26946,2460,29406,646
2021-03-04,Inyo,027,18085,1331,1300,9,1309,35
2021-03-04,Kern,029,883053,94018,92525,9819,102344,1070
2021-03-04,Kings,031,150075,22401,22025,968,22993,224
2021-03-04,Lake,033,64148,3223,3181,6,3187,42
2021-03-04,Lassen,035,31185,5131,5116,96,5212,1
2021-03-04,Los Angeles,037,10098052,1177263,1159405,38673,1198078,21610
2021-03-04,Madera,039,155013,15787,15596,840,16436,208
2021-03-04,Marin,041,260295,13362,13240,162,13402,215
2021-03-04,Mariposa,043,17540,378,376,5,381,4
2021-03-04,Mendocino,045,87422,3673,3569,73,3642,42
2021-03-04,Merced,047,269075,28746,28671,925,29596,396
2021-03-04,Modoc,049,8938,344,336,116,452,3
2021-03-04,Mono,051,14174,1190,1197,15,1212,3
2021-03-04,Monterey,053,433212,42109,41771,1672,43443,325
2021-03-04,Napa,055,140530,9134,9094,32,9126,74
2021-03-04,Nevada,057,99092,4089,4020,161,4181,66
2021-03-04,Orange,059,3164182,248158,246354,10192,256546,4096
2021-03-04,Placer,061,380077,20820,19900,1120,21020,239
2021-03-04,Plumas,063,18699,647,634,10,644,4
2021-03-04,Riverside,065,2383286,286702,279871,13307,293178,3766
2021-03-04,Sacramento,067,1510023,95461,93982,1262,95244,1426
2021-03-04,San Benito,069,59416,5764,5781,89,5870,61
2021-03-04,San Bernardino,071,2135413,286857,282407,8523,290930,3757
2021-03-04,San Diego,073,3302833,265817,261858,13053,274911,3359
2021-03-04,San Francisco,075,870044,34432,34480,1078,35558,426
2021-03-04,San Joaquin,077,732212,67450,65931,2764,68695,1129
2021-03-04,San Luis Obispo,079,281455,19865,19520,559,20079,243
2021-03-04,San Mateo,081,765935,39809,39225,407,39632,322
2021-03-04,Santa Barbara,083,443738,32577,32090,1036,33126,423
2021-03-04,Santa Clara,085,1922200,111482,111194,586,111780,1723
2021-03-04,Santa Cruz,087,273765,15527,14669,774,15443,186
2021-03-04,Shasta,089,179085,11026,11050,1252,12302,150
2021-03-04,Sierra,091,2930,51,48,12,60,0
2021-03-04,Siskiyou,093,43540,1523,1427,235,1662,5
2021-03-04,Solano,095,438530,30083,29905,367,30272,168
2021-03-04,Sonoma,097,501317,28342,28379,219,28598,279
2021-03-04,Stanislaus,099,539301,51169,50521,5343,55864,731
2021-03-04,Sutter,101,95872,8887,8849,79,8928,100
2021-03-04,Tehama,103,63373,4628,4604,486,5090,33
2021-03-04,Trinity,105,12862,468,302,77,379,3
2021-03-04,Tulare,107,460477,48565,47398,8045,55443,784
2021-03-04,Tuolumne,109,53932,3863,3916,36,3952,56
2021-03-04,Ventura,111,848112,78490,78184,2765,80949,831
2021-03-04,Yolo,113,214977,13001,12895,145,13040,189
2021-03-04,Yuba,115,75493,5559,5483,86,5569,41
2021-03-03,Alameda,001,1643700,81520,80972,1704,82676,1127
2021-03-03,Alpine,003,1148,82,77,0,77,0
2021-03-03,Amador,005,37829,3485,3478,30,3508,42
2021-03-03,Butte,007,227075,11419,11014,1609,12623,184
2021-03-03,Calaveras,009,45235,1931,1893,11,1904,48
2021-03-03,Colusa,011,21464,1878,1873,265,2138,11
2021-03-03,Contra Costa,013,1133247,63749,62668,1068,63736,708
2021-03-03,Del Norte,015,27424,1036,988,5,993,5
2021-03-03,El Dorado,017,186661,9219,9121,604,9725,97
2021-03-03,Fresno,019,978130,97114,95893,7726,103619,1415
2021-03-03,Glenn,021,27897,2270,2233,494,2727,15
2021-03-03,Humboldt,023,135768,3248,3196,22,3218,30
2021-03-03,Imperial,025,180216,27303,26939,2456,29395,640
2021-03-03,Inyo,027,18085,1323,1294,9,1303,35
2021-03-03,Kern,029,883053,93942,92434,9802,102236,1063
2021-03-03,Kings,031,150075,22385,22009,967,22976,223
2021-03-03,Lake,033,64148,3216,3175,6,3181,40
2021-03-03,Lassen,035,31185,5131,5115,96,5211,1
2021-03-03,Los Angeles,037,10098052,1176623,1157911,38634,1196545,21500
2021-03-03,Madera,039,155013,15768,15553,834,16387,203
2021-03-03,Marin,041,260295,13348,13216,162,13378,214
2021-03-03,Mariposa,043,17540,377,376,5,381,4
2021-03-03,Mendocino,045,87422,3665,3564,73,3637,42
2021-03-03,Merced,047,269075,28694,28625,925,29550,393
2021-03-03,Modoc,049,8938,344,333,115,448,3
2021-03-03,Mono,051,14174,1190,1191,15,1206,3
2021-03-03,Monterey,053,433212,42077,41731,1669,43400,325
2021-03-03,Napa,055,140530,9126,9090,32,9122,72
2021-03-03,Nevada,057,99092,4079,4009,161,4170,66
2021-03-03,Orange,059,3164182,248012,246120,10178,256298,4072
2021-03-03,Placer,061,380077,20794,19851,1117,20968,239
2021-03-03,Plumas,063,18699,646,631,10,641,4
2021-03-03,Riverside,065,2383286,286569,279626,13301,292927,3735
2021-03-03,Sacramento,067,1510023,95300,93819,1254,95073,1419
2021-03-03,San Benito,069,59416,5763,5774,89,5863,61
2021-03-03,San Bernardino,071,2135413,286716,282138,8517,290655,3664
2021-03-03,San Diego,073,3302833,265553,261350,13022,274372,3342
2021-03-03,San Francisco,075,870044,34400,34443,1075,35518,426
2021-03-03,San Joaquin,077,732212,67337,65855,2757,68612,1115
2021-03-03,San Luis Obispo,079,281455,19839,19479,556,20035,241
2021-03-03,San Mateo,081,765935,39763,39189,406,39595,319
2021-03-03,Santa Barbara,083,443738,32539,32027,1036,33063,421
2021-03-03,Santa Clara,085,1922200,111328,110991,584,111575,1720
2021-03-03,Santa Cruz,087,273765,15516,14645,774,15419,185
2021-03-03,Shasta,089,179085,11016,11023,1245,12268,150
2021-03-03,Sierra,091,2930,51,48,12,60,0
2021-03-03,Siskiyou,093,43540,1521,1424,235,1659,5
2021-03-03,Solano,095,438530,30047,29866,366,30232,167
2021-03-03,Sonoma,097,501317,28303,28307,218,28525,279
2021-03-03,Stanislaus,099,539301,51091,50438,5336,55774,730
2021-03-03,Sutter,101,95872,8879,8840,79,8919,99
2021-03-03,Tehama,103,63373,4626,4601,486,5087,32
2021-03-03,Trinity,105,12862,468,302,77,379,3
2021-03-03,Tulare,107,460477,48514,47348,8016,55364,778
2021-03-03,Tuolumne,109,53932,3861,3914,35,3949,56
2021-03-03,Ventura,111,848112,78406,78057,2760,80817,822
2021-03-03,Yolo,113,214977,12988,12890,145,13035,189
2021-03-03,Yuba,115,75493,5546,5479,86,5565,41
2021-03-02,Alameda,001,1643700,81399,80904,1702,82606,1116
2021-03-02,Alpine,003,1148,82,77,0,77,0
2021-03-02,Amador,005,37829,3483,3474,30,3504,42
2021-03-02,Butte,007,227075,11409,11007,1606,12613,182
2021-03-02,Calaveras,009,45235,1923,1890,11,1901,48
2021-03-02,Colusa,011,21464,1878,1872,264,2136,11
2021-03-02,Contra Costa,013,1133247,63638,62557,1064,63621,694
2021-03-02,Del Norte,015,27424,1029,983,5,988,5
2021-03-02,El Dorado,017,186661,9211,9116,604,9720,98
2021-03-02,Fresno,019,978130,96968,95785,7700,103485,1410
2021-03-02,Glenn,021,27897,2264,2232,493,2725,15
2021-03-02,Humboldt,023,135768,3229,3184,22,3206,30
2021-03-02,Imperial,025,180216,27293,26926,2454,29380,637
2021-03-02,Inyo,027,18085,1319,1292,9,1301,35
2021-03-02,Kern,029,883053,93836,92313,9775,102088,1046
2021-03-02,Kings,031,150075,22333,21999,964,22963,217
2021-03-02,Lake,033,64148,3210,3169,6,3175,40
2021-03-02,Lassen,035,31185,5126,5115,95,5210,1
2021-03-02,Los Angeles,037,10098052,1175984,1156826,38589,1195415,21395
2021-03-02,Madera,039,155013,15748,15523,831,16354,194
2021-03-02,Marin,041,260295,13325,13186,161,13347,214
2021-03-02,Mariposa,043,17540,377,376,5,381,4
2021-03-02,Mendocino,045,87422,3662,3562,72,3634,41
2021-03-02,Merced,047,269075,28637,28598,925,29523,389
2021-03-02,Modoc,049,8938,344,332,115,447,3
2021-03-02,Mono,051,14174,1189,1191,15,1206,3
2021-03-02,Monterey,053,433212,42050,41716,1669,43385,325
2021-03-02,Napa,055,140530,9115,9080,32,9112,71
2021-03-02,Nevada,057,99092,4070,3983,160,4143,66
2021-03-02,Orange,059,3164182,247867,246004,10160,256164,4037
2021-03-02,Placer,061,380077,20741,19828,1114,20942,239
2021-03-02,Plumas,063,18699,643,628,10,638,4
2021-03-02,Riverside,065,2383286,286396,279486,13293,292779,3721
2021-03-02,Sacramento,067,1510023,95133,93690,1253,94943,1411
2021-03-02,San Benito,069,59416,5756,5770,89,5859,60
2021-03-02,San Bernardino,071,2135413,286582,281919,8511,290430,3604
2021-03-02,San Diego,073,3302833,265309,260998,13000,273998,3317
2021-03-02,San Francisco,075,870044,34360,34387,1071,35458,424
2021-03-02,San Joaquin,077,732212,67229,65769,2740,68509,1111
2021-03-02,San Luis Obispo,079,281455,19807,19452,556,20008,241
2021-03-02,San Mateo,081,765935,39711,39148,405,39553,317
2021-03-02,Santa Barbara,083,443738,32490,31964,1032,32996,416
2021-03-02,Santa Clara,085,1922200,111149,110832,583,111415,1706
2021-03-02,Santa Cruz,087,273765,15502,14611,772,15383,185
2021-03-02,Shasta,089,179085,11002,11012,1234,12246,149
2021-03-02,Sierra,091,2930,51,48,12,60,0
2021-03-02,Siskiyou,093,43540,1517,1412,233,1645,5
2021-03-02,Solano,095,438530,30014,29827,364,30191,167
2021-03-02,Sonoma,097,501317,28248,28261,218,28479,279
2021-03-02,Stanislaus,099,539301,51004,50359,5324,55683,724
2021-03-02,Sutter,101,95872,8870,8832,79,8911,99
2021-03-02,Tehama,103,63373,4622,4597,485,5082,32
2021-03-02,Trinity,105,12862,468,301,77,378,3
2021-03-02,Tulare,107,460477,48451,47326,7996,55322,783
2021-03-02,Tuolumne,109,53932,3857,3908,35,3943,53
2021-03-02,Ventura,111,848112,78313,77952,2756,80708,780
2021-03-02,Yolo,113,214977,12972,12867,145,13012,189
2021-03-02,Yuba,115,75493,5538,5475,86,5561,41
2021-03-01,Alameda,001,1643700,81273,80805,1700,82505,1105
2021-03-01,Alpine,003,1148,80,77,0,77,0
2021-03-01,Amador,005,37829,3480,3469,30,3499,42
2021-03-01,Butte,007,227075,11394,10981,1602,12583,180
2021-03-01,Calaveras,009,45235,1918,1885,11,1896,46
2021-03-01,Colusa,011,21464,1877,1871,264,2135,11
2021-03-01,Contra Costa,013,1133247,63530,62458,1063,63521,694
2021-03-01,Del Norte,015,27424,1024,982,5,987,5
2021-03-01,El Dorado,017,186661,9187,9085,604,9689,98
2021-03-01,Fresno,019,978130,96830,95677,7677,103354,1405
2021-03-01,Glenn,021,27897,2259,2232,492,2724,15
2021-03-01,Humboldt,023,135768,3210,3179,22,3201,30
2021-03-01,Imperial,025,180216,27283,26913,2446,29359,636
2021-03-01,Inyo,027,18085,1316,1285,9,1294,35
2021-03-01,Kern,029,883053,93747,92219,9749,101968,1041
2021-03-01,Kings,031,150075,22316,21988,958,22946,217
2021-03-01,Lake,033,64148,3205,3164,6,3170,40
2021-03-01,Lassen,035,31185,5124,5111,95,5206,1
2021-03-01,Los Angeles,037,10098052,1175324,1155984,38549,1194533,21293
2021-03-01,Madera,039,155013,15719,15505,821,16326,194
2021-03-01,Marin,041,260295,13297,13161,160,13321,214
2021-03-01,Mariposa,043,17540,377,375,5,380,4
2021-03-01,Mendocino,045,87422,3655,3561,72,3633,41
2021-03-01,Merced,047,269075,28592,28575,921,29496,385
2021-03-01,Modoc,049,8938,341,331,114,445,3
2021-03-01,Mono,051,14174,1188,1192,15,1207,3
2021-03-01,Monterey,053,433212,42025,41697,1667,43364,324
2021-03-01,Napa,055,140530,9106,9056,32,9088,70
2021-03-01,Nevada,057,99092,4051,3979,160,4139,66
2021-03-01,Orange,059,3164182,247674,245852,10146,255998,3976
2021-03-01,Placer,061,380077,20702,19803,1111,20914,239
2021-03-01,Plumas,063,18699,643,628,10,638,4
2021-03-01,Riverside,065,2383286,286179,279323,13286,292609,3680
2021-03-01,Sacramento,067,1510023,94988,93546,1251,94797,1401
2021-03-01,San Benito,069,59416,5751,5772,89,5861,57
2021-03-01,San Bernardino,071,2135413,286438,281685,8507,290192,3603
2021-03-01,San Diego,073,3302833,264992,260622,12967,273589,3303
2021-03-01,San Francisco,075,870044,34316,34318,1063,35381,424
2021-03-01,San Joaquin,077,732212,67120,65699,2730,68429,1097
2021-03-01,San Luis Obispo,079,281455,19785,19429,554,19983,239
2021-03-01,San Mateo,081,765935,39659,39096,405,39501,314
2021-03-01,Santa Barbara,083,443738,32447,31909,1031,32940,413
2021-03-01,Santa Clara,085,1922200,110990,110684,580,111264,1704
2021-03-01,Santa Cruz,087,273765,15483,14575,771,15346,185
2021-03-01,Shasta,089,179085,10990,10990,1231,12221,149
2021-03-01,Sierra,091,2930,51,48,12,60,0
2021-03-01,Siskiyou,093,43540,1513,1408,231,1639,5
2021-03-01,Solano,095,438530,29971,29779,363,30142,166
2021-03-01,Sonoma,097,501317,28200,28222,216,28438,278
2021-03-01,Stanislaus,099,539301,50930,50293,5318,55611,722
2021-03-01,Sutter,101,95872,8859,8825,79,8904,99
2021-03-01,Tehama,103,63373,4616,4595,485,5080,32
2021-03-01,Trinity,105,12862,468,298,76,374,3
2021-03-01,Tulare,107,460477,48413,47275,7963,55238,781
2021-03-01,Tuolumne,109,53932,3854,3907,35,3942,53
2021-03-01,Ventura,111,848112,78232,77849,2755,80604,775
2021-03-01,Yolo,113,214977,12955,12854,143,12997,188
2021-03-01,Yuba,115,75493,5526,5466,86,5552,41
2021-02-28,Alameda,001,1643700,81152,80727,1698,82425,1105
2021-02-28,Alpine,003,1148,80,77,0,77,0
2021-02-28,Amador,005,37829,3475,3466,29,3495,42
2021-02-28,Butte,007,227075,11379,10970,1602,12572,180
2021-02-28,Calaveras,009,45235,1914,1881,11,1892,46
2021-02-28,Colusa,011,21464,1877,1871,263,2134,11
2021-02-28,Contra Costa,013,1133247,63403,62386,1058,63444,694
2021-02-28,Del Norte,015,27424,1022,981,5,986,5
2021-02-28,El Dorado,017,186661,9176,9082,604,9686,98
2021-02-28,Fresno,019,978130,96647,95548,7643,103191,1405
2021-02-28,Glenn,021,27897,2257,2230,490,2720,15
2021-02-28,Humboldt,023,135768,3187,3179,22,3201,30
2021-02-28,Imperial,025,180216,27257,26909,2442,29351,636
2021-02-28,Inyo,027,18085,1311,1282,9,1291,35
2021-02-28,Kern,029,883053,93632,92169,9729,101898,1012
2021-02-28,Kings,031,150075,22295,21967,957,22924,217
2021-02-28,Lake,033,64148,3200,3164,6,3170,40
2021-02-28,Lassen,035,31185,5123,5106,95,5201,1
2021-02-28,Los Angeles,037,10098052,1174535,1155141,38487,1193628,21261
2021-02-28,Madera,039,155013,15677,15496,818,16314,199
2021-02-28,Marin,041,260295,13274,13152,158,13310,214
2021-02-28,Mariposa,043,17540,377,374,5,379,4
2021-02-28,Mendocino,045,87422,3649,3558,72,3630,41
2021-02-28,Merced,047,269075,28529,28546,920,29466,384
2021-02-28,Modoc,049,8938,341,331,114,445,3
2021-02-28,Mono,051,14174,1185,1192,15,1207,3
2021-02-28,Monterey,053,433212,41993,41683,1665,43348,323
2021-02-28,Napa,055,140530,9087,9053,32,9085,70
2021-02-28,Nevada,057,99092,4038,3972,160,4132,66
2021-02-28,Orange,059,3164182,247476,245706,10139,255845,3970
2021-02-28,Placer,061,380077,20656,19775,1109,20884,239
2021-02-28,Plumas,063,18699,643,628,10,638,4
2021-02-28,Riverside,065,2383286,285946,279214,13275,292489,3661
2021-02-28,Sacramento,067,1510023,94804,93463,1246,94709,1398
2021-02-28,San Benito,069,59416,5740,5772,89,5861,57
2021-02-28,San Bernardino,071,2135413,286296,281620,8495,290115,3595
2021-02-28,San Diego,073,3302833,264695,260353,12933,273286,3303
2021-02-28,San Francisco,075,870044,34274,34291,1057,35348,417
2021-02-28,San Joaquin,077,732212,67012,65662,2721,68383,1097
2021-02-28,San Luis Obispo,079,281455,19749,19422,552,19974,237
2021-02-28,San Mateo,081,765935,39606,39059,404,39463,314
2021-02-28,Santa Barbara,083,443738,32395,31877,1031,32908,413
2021-02-28,Santa Clara,085,1922200,110791,110556,577,111133,1704
2021-02-28,Santa Cruz,087,273765,15454,14571,768,15339,185
2021-02-28,Shasta,089,179085,10969,10990,1227,12217,149
2021-02-28,Sierra,091,2930,51,48,12,60,0
2021-02-28,Siskiyou,093,43540,1505,1408,231,1639,5
2021-02-28,Solano,095,438530,29916,29758,357,30115,166
2021-02-28,Sonoma,097,501317,28137,28193,215,28408,279
2021-02-28,Stanislaus,099,539301,50839,50228,5306,55534,728
2021-02-28,Sutter,101,95872,8844,8825,79,8904,99
2021-02-28,Tehama,103,63373,4611,4590,485,5075,32
2021-02-28,Trinity,105,12862,468,298,76,374,3
2021-02-28,Tulare,107,460477,48351,47258,7932,55190,780
2021-02-28,Tuolumne,109,53932,3849,3905,35,3940,53
2021-02-28,Ventura,111,848112,78120,77749,2752,80501,775
2021-02-28,Yolo,113,214977,12932,12851,143,12994,188
2021-02-28,Yuba,115,75493,5516,5461,86,5547,41
2021-02-27,Alameda,001,1643700,81079,80565,1696,82261,1108
2021-02-27,Alpine,003,1148,80,77,0,77,0
2021-02-27,Amador,005,37829,3473,3463,29,3492,42
2021-02-27,Butte,007,227075,11367,10962,1602,12564,180
2021-02-27,Calaveras,009,45235,1909,1875,11,1886,46
2021-02-27,Colusa,011,21464,1876,1869,263,2132,11
2021-02-27,Contra Costa,013,1133247,63333,62248,1055,63303,693
2021-02-27,Del Norte,015,27424,1020,978,5,983,5
2021-02-27,El Dorado,017,186661,9172,9072,604,9676,98
2021-02-27,Fresno,019,978130,96570,95393,7632,103025,1400
2021-02-27,Glenn,021,27897,2256,2225,489,2714,15
2021-02-27,Humboldt,023,135768,3181,3167,22,3189,30
2021-02-27,Imperial,025,180216,27249,26903,2440,29343,633
2021-02-27,Inyo,027,18085,1308,1275,9,1284,35
2021-02-27,Kern,029,883053,93571,92053,9714,101767,996
2021-02-27,Kings,031,150075,22285,21955,954,22909,216
2021-02-27,Lake,033,64148,3197,3156,6,3162,40
2021-02-27,Lassen,035,31185,5123,5106,95,5201,1
2021-02-27,Los Angeles,037,10098052,1174033,1154275,38460,1192735,21158
2021-02-27,Madera,039,155013,15660,15467,817,16284,199
2021-02-27,Marin,041,260295,13250,13134,158,13292,214
2021-02-27,Mariposa,043,17540,377,374,5,379,4
2021-02-27,Mendocino,045,87422,3646,3555,72,3627,41
2021-02-27,Merced,047,269075,28487,28501,912,29413,384
2021-02-27,Modoc,049,8938,341,331,113,444,3
2021-02-27,Mono,051,14174,1183,1191,15,1206,3
2021-02-27,Monterey,053,433212,41984,41665,1664,43329,322
2021-02-27,Napa,055,140530,9076,9038,32,9070,71
2021-02-27,Nevada,057,99092,4032,3960,160,4120,66
2021-02-27,Orange,059,3164182,247349,245542,10128,255670,3960
2021-02-27,Placer,061,380077,20620,19726,1106,20832,239
2021-02-27,Plumas,063,18699,643,628,10,638,4
2021-02-27,Riverside,065,2383286,285836,279048,13265,292313,3663
2021-02-27,Sacramento,067,1510023,94721,93281,1236,94517,1396
2021-02-27,San Benito,069,59416,5739,5767,88,5855,57
2021-02-27,San Bernardino,071,2135413,286216,281471,8490,289961,3527
2021-02-27,San Diego,073,3302833,264505,260091,12895,272986,3284
2021-02-27,San Francisco,075,870044,34240,34260,1054,35314,413
2021-02-27,San Joaquin,077,732212,66966,65578,2719,68297,1100
2021-02-27,San Luis Obispo,079,281455,19728,19411,551,19962,237
2021-02-27,San Mateo,081,765935,39565,38998,403,39401,313
2021-02-27,Santa Barbara,083,443738,32361,31805,1030,32835,411
2021-02-27,Santa Clara,085,1922200,110643,110361,575,110936,1703
2021-02-27,Santa Cruz,087,273765,15445,14552,767,15319,185
2021-02-27,Shasta,089,179085,10963,10985,1223,12208,149
2021-02-27,Sierra,091,2930,51,48,12,60,0
2021-02-27,Siskiyou,093,43540,1503,1407,230,1637,5
2021-02-27,Solano,095,438530,29888,29718,356,30074,165
2021-02-27,Sonoma,097,501317,28093,28141,210,28351,281
2021-02-27,Stanislaus,099,539301,50784,50147,5296,55443,733
2021-02-27,Sutter,101,95872,8839,8820,79,8899,99
2021-02-27,Tehama,103,63373,4606,4584,484,5068,32
2021-02-27,Trinity,105,12862,468,298,76,374,3
2021-02-27,Tulare,107,460477,48314,47209,7906,55115,770
2021-02-27,Tuolumne,109,53932,3846,3899,35,3934,53
2021-02-27,Ventura,111,848112,78047,77623,2749,80372,771
2021-02-27,Yolo,113,214977,12920,12834,143,12977,188
2021-02-27,Yuba,115,75493,5513,5450,86,5536,39
2021-02-26,Alameda,001,1643700,80984,80387,1691,82078,1106
2021-02-26,Alpine,003,1148,80,77,0,77,0
2021-02-26,Amador,005,37829,3467,3457,29,3486,42
2021-02-26,Butte,007,227075,11357,10941,1602,12543,180
2021-02-26,Calaveras,009,45235,1907,1873,11,1884,46
2021-02-26,Colusa,011,21464,1876,1865,263,2128,11
2021-02-26,Contra Costa,013,1133247,63251,62114,1055,63169,685
2021-02-26,Del Norte,015,27424,1016,968,5,973,5
2021-02-26,El Dorado,017,186661,9167,9038,602,9640,98
2021-02-26,Fresno,019,978130,96468,95202,7624,102826,1391
2021-02-26,Glenn,021,27897,2253,2220,489,2709,15
2021-02-26,Humboldt,023,135768,3175,3152,22,3174,30
2021-02-26,Imperial,025,180216,27242,26888,2438,29326,631
2021-02-26,Inyo,027,18085,1306,1271,9,1280,34
2021-02-26,Kern,029,883053,93492,91884,9698,101582,997
2021-02-26,Kings,031,150075,22269,21917,951,22868,216
2021-02-26,Lake,033,64148,3192,3153,6,3159,40
2021-02-26,Lassen,035,31185,5123,5102,95,5197,1
2021-02-26,Los Angeles,037,10098052,1173455,1153131,38400,1191531,21070
2021-02-26,Madera,039,155013,15644,15436,815,16251,199
2021-02-26,Marin,041,260295,13237,13091,158,13249,214
2021-02-26,Mariposa,043,17540,377,375,5,380,4
2021-02-26,Mendocino,045,87422,3641,3549,72,3621,41
2021-02-26,Merced,047,269075,28453,28455,911,29366,382
2021-02-26,Modoc,049,8938,340,330,113,443,3
2021-02-26,Mono,051,14174,1181,1191,15,1206,3
2021-02-26,Monterey,053,433212,41958,41607,1663,43270,322
2021-02-26,Napa,055,140530,9070,9014,32,9046,70
2021-02-26,Nevada,057,99092,4021,3952,160,4112,66
2021-02-26,Orange,059,3164182,247210,245278,10118,255396,3918
2021-02-26,Placer,061,380077,20594,19712,1100,20812,239
2021-02-26,Plumas,063,18699,643,628,10,638,4
2021-02-26,Riverside,065,2383286,285692,278772,13259,292031,3653
2021-02-26,Sacramento,067,1510023,94598,93180,1233,94413,1390
2021-02-26,San Benito,069,59416,5738,5759,88,5847,57
2021-02-26,San Bernardino,071,2135413,286116,281132,8488,289620,3461
2021-02-26,San Diego,073,3302833,264277,259641,12874,272515,3271
2021-02-26,San Francisco,075,870044,34210,34213,1051,35264,413
2021-02-26,San Joaquin,077,732212,66885,65492,2713,68205,1070
2021-02-26,San Luis Obispo,079,281455,19712,19359,549,19908,234
2021-02-26,San Mateo,081,765935,39520,38922,403,39325,313
2021-02-26,Santa Barbara,083,443738,32317,31724,1029,32753,410
2021-02-26,Santa Clara,085,1922200,110511,110168,573,110741,1700
2021-02-26,Santa Cruz,087,273765,15433,14528,766,15294,185
2021-02-26,Shasta,089,179085,10956,10972,1214,12186,149
2021-02-26,Sierra,091,2930,51,47,12,59,0
2021-02-26,Siskiyou,093,43540,1503,1401,229,1630,5
2021-02-26,Solano,095,438530,29854,29651,355,30006,165
2021-02-26,Sonoma,097,501317,28064,28063,209,28272,280
2021-02-26,Stanislaus,099,539301,50728,50054,5288,55342,737
2021-02-26,Sutter,101,95872,8830,8806,79,8885,99
2021-02-26,Tehama,103,63373,4604,4581,484,5065,32
2021-02-26,Trinity,105,12862,467,298,76,374,3
2021-02-26,Tulare,107,460477,48279,47135,7877,55012,770
2021-02-26,Tuolumne,109,53932,3845,3896,35,3931,53
2021-02-26,Ventura,111,848112,77947,77534,2745,80279,765
2021-02-26,Yolo,113,214977,12913,12816,143,12959,188
2021-02-26,Yuba,115,75493,5508,5438,86,5524,39
2021-02-25,Alameda,001,1643700,80863,80181,1690,81871,1093
2021-02-25,Alpine,003,1148,80,77,0,77,0
2021-02-25,Amador,005,37829,3464,3448,29,3477,41
2021-02-25,Butte,007,227075,11336,10922,1597,12519,178
2021-02-25,Calaveras,009,45235,1899,1868,11,1879,46
2021-02-25,Colusa,011,21464,1873,1863,262,2125,11
2021-02-25,Contra Costa,013,1133247,63149,61910,1055,62965,686
2021-02-25,Del Norte,015,27424,1006,966,5,971,5
2021-02-25,El Dorado,017,186661,9151,9012,602,9614,98
2021-02-25,Fresno,019,978130,96324,95015,7603,102618,1377
2021-02-25,Glenn,021,27897,2250,2219,488,2707,15
2021-02-25,Humboldt,023,135768,3168,3129,22,3151,30
2021-02-25,Imperial,025,180216,27235,26855,2434,29289,628
2021-02-25,Inyo,027,18085,1300,1264,9,1273,33
2021-02-25,Kern,029,883053,93376,91735,9673,101408,992
2021-02-25,Kings,031,150075,22260,21900,948,22848,216
2021-02-25,Lake,033,64148,3183,3141,6,3147,40
2021-02-25,Lassen,035,31185,5122,5097,94,5191,1
2021-02-25,Los Angeles,037,10098052,1172708,1151846,38342,1190188,20931
2021-02-25,Madera,039,155013,15609,15414,811,16225,194
2021-02-25,Marin,041,260295,13214,13067,158,13225,214
2021-02-25,Mariposa,043,17540,377,375,5,380,4
2021-02-25,Mendocino,045,87422,3636,3542,72,3614,41
2021-02-25,Merced,047,269075,28404,28383,909,29292,382
2021-02-25,Modoc,049,8938,340,329,113,442,3
2021-02-25,Mono,051,14174,1180,1190,15,1205,3
2021-02-25,Monterey,053,433212,41933,41564,1658,43222,321
2021-02-25,Napa,055,140530,9044,8998,32,9030,70
2021-02-25,Nevada,057,99092,4004,3940,159,4099,66
2021-02-25,Orange,059,3164182,247037,245000,10108,255108,3882
2021-02-25,Placer,061,380077,20555,19661,1098,20759,239
2021-02-25,Plumas,063,18699,643,626,10,636,4
2021-02-25,Riverside,065,2383286,285504,278544,13239,291783,3646
2021-02-25,Sacramento,067,1510023,94440,92961,1221,94182,1386
2021-02-25,San Benito,069,59416,5733,5752,88,5840,58
2021-02-25,San Bernardino,071,2135413,285981,280946,8480,289426,3409
2021-02-25,San Diego,073,3302833,263983,258979,12844,271823,3260
2021-02-25,San Francisco,075,870044,34167,34138,1049,35187,408
2021-02-25,San Joaquin,077,732212,66801,65389,2701,68090,1047
2021-02-25,San Luis Obispo,079,281455,19691,19335,547,19882,234
2021-02-25,San Mateo,081,765935,39473,38872,403,39275,300
2021-02-25,Santa Barbara,083,443738,32240,31631,1028,32659,408
2021-02-25,Santa Clara,085,1922200,110346,109923,572,110495,1677
2021-02-25,Santa Cruz,087,273765,15414,14492,765,15257,185
2021-02-25,Shasta,089,179085,10944,10947,1209,12156,148
2021-02-25,Sierra,091,2930,51,47,12,59,0
2021-02-25,Siskiyou,093,43540,1498,1390,226,1616,4
2021-02-25,Solano,095,438530,29822,29616,355,29971,161
2021-02-25,Sonoma,097,501317,28010,28004,206,28210,278
2021-02-25,Stanislaus,099,539301,50637,49964,5278,55242,738
2021-02-25,Sutter,101,95872,8816,8789,78,8867,99
2021-02-25,Tehama,103,63373,4601,4578,482,5060,32
2021-02-25,Trinity,105,12862,467,297,76,373,3
2021-02-25,Tulare,107,460477,48229,47052,7851,54903,765
2021-02-25,Tuolumne,109,53932,3842,3894,35,3929,53
2021-02-25,Ventura,111,848112,77839,77395,2739,80134,751
2021-02-25,Yolo,113,214977,12896,12787,143,12930,188
2021-02-25,Yuba,115,75493,5501,5429,86,5515,39
2021-02-24,Alameda,001,1643700,80743,80070,1686,81756,1082
2021-02-24,Alpine,003,1148,79,77,0,77,0
2021-02-24,Amador,005,37829,3459,3444,29,3473,41
2021-02-24,Butte,007,227075,11323,10915,1593,12508,178
2021-02-24,Calaveras,009,45235,1895,1864,11,1875,31
2021-02-24,Colusa,011,21464,1871,1863,262,2125,11
2021-02-24,Contra Costa,013,1133247,63041,61776,1055,62831,663
2021-02-24,Del Norte,015,27424,1005,960,4,964,5
2021-02-24,El Dorado,017,186661,9138,8993,602,9595,98
2021-02-24,Fresno,019,978130,96176,94794,7587,102381,1369
2021-02-24,Glenn,021,27897,2249,2210,488,2698,14
2021-02-24,Humboldt,023,135768,3156,3123,22,3145,29
2021-02-24,Imperial,025,180216,27222,26843,2429,29272,596
2021-02-24,Inyo,027,18085,1295,1253,9,1262,32
2021-02-24,Kern,029,883053,93243,91525,9657,101182,992
2021-02-24,Kings,031,150075,22235,21871,946,22817,216
2021-02-24,Lake,033,64148,3176,3134,6,3140,40
2021-02-24,Lassen,035,31185,5118,5095,93,5188,1
2021-02-24,Los Angeles,037,10098052,1171946,1150322,38303,1188625,20817
2021-02-24,Madera,039,155013,15582,15390,811,16201,194
2021-02-24,Marin,041,260295,13191,13044,157,13201,214
2021-02-24,Mariposa,043,17540,377,374,5,379,4
2021-02-24,Mendocino,045,87422,3629,3540,72,3612,41
2021-02-24,Merced,047,269075,28366,28295,905,29200,383
2021-02-24,Modoc,049,8938,339,329,113,442,3
2021-02-24,Mono,051,14174,1178,1189,15,1204,3
2021-02-24,Monterey,053,433212,41908,41495,1656,43151,320
2021-02-24,Napa,055,140530,9027,8976,31,9007,70
2021-02-24,Nevada,057,99092,3994,3927,159,4086,66
2021-02-24,Orange,059,3164182,246818,244743,10095,254838,3835
2021-02-24,Placer,061,380077,20516,19648,1092,20740,239
2021-02-24,Plumas,063,18699,641,626,10,636,4
2021-02-24,Riverside,065,2383286,285276,278293,13230,291523,3603
2021-02-24,Sacramento,067,1510023,94286,92742,1216,93958,1375
2021-02-24,San Benito,069,59416,5732,5743,88,5831,57
2021-02-24,San Bernardino,071,2135413,285829,280583,8476,289059,3360
2021-02-24,San Diego,073,3302833,263687,258460,12828,271288,3230
2021-02-24,San Francisco,075,870044,34121,34061,1046,35107,406
2021-02-24,San Joaquin,077,732212,66691,65274,2699,67973,1019
2021-02-24,San Luis Obispo,079,281455,19668,19309,545,19854,233
2021-02-24,San Mateo,081,765935,39436,38763,403,39166,300
2021-02-24,Santa Barbara,083,443738,32188,31563,1025,32588,405
2021-02-24,Santa Clara,085,1922200,110198,109671,571,110242,1674
2021-02-24,Santa Cruz,087,273765,15393,14458,765,15223,185
2021-02-24,Shasta,089,179085,10931,10922,1206,12128,148
2021-02-24,Sierra,091,2930,51,47,12,59,0
2021-02-24,Siskiyou,093,43540,1491,1385,222,1607,4
2021-02-24,Solano,095,438530,29782,29577,353,29930,158
2021-02-24,Sonoma,097,501317,27946,27954,202,28156,278
2021-02-24,Stanislaus,099,539301,50566,49851,5271,55122,732
2021-02-24,Sutter,101,95872,8806,8778,78,8856,99
2021-02-24,Tehama,103,63373,4598,4566,482,5048,31
2021-02-24,Trinity,105,12862,467,294,75,369,3
2021-02-24,Tulare,107,460477,48173,46976,7823,54799,759
2021-02-24,Tuolumne,109,53932,3839,3887,35,3922,53
2021-02-24,Ventura,111,848112,77731,77238,2738,79976,718
2021-02-24,Yolo,113,214977,12883,12760,143,12903,188
2021-02-24,Yuba,115,75493,5490,5425,84,5509,39
2021-02-23,Alameda,001,1643700,80605,79948,1684,81632,1070
2021-02-23,Alpine,003,1148,78,77,0,77,0
2021-02-23,Amador,005,37829,3457,3440,29,3469,41
2021-02-23,Butte,007,227075,11307,10887,1590,12477,176
2021-02-23,Calaveras,009,45235,1894,1863,11,1874,21
2021-02-23,Colusa,011,21464,1868,1862,262,2124,11
2021-02-23,Contra Costa,013,1133247,62907,61613,1052,62665,661
2021-02-23,Del Norte,015,27424,1003,953,4,957,3
2021-02-23,El Dorado,017,186661,9125,8969,602,9571,96
2021-02-23,Fresno,019,978130,96015,94741,7573,102314,1356
2021-02-23,Glenn,021,27897,2247,2209,488,2697,14
2021-02-23,Humboldt,023,135768,3139,3108,22,3130,29
2021-02-23,Imperial,025,180216,27202,26816,2424,29240,591
2021-02-23,Inyo,027,18085,1291,1250,9,1259,32
2021-02-23,Kern,029,883053,93104,91390,9629,101019,982
2021-02-23,Kings,031,150075,22220,21839,942,22781,216
2021-02-23,Lake,033,64148,3168,3121,6,3127,40
2021-02-23,Lassen,035,31185,5115,5092,93,5185,1
2021-02-23,Los Angeles,037,10098052,1171072,1148965,38250,1187215,19887
2021-02-23,Madera,039,155013,15568,15352,805,16157,193
2021-02-23,Marin,041,260295,13171,13015,156,13171,214
2021-02-23,Mariposa,043,17540,377,374,5,379,4
2021-02-23,Mendocino,045,87422,3627,3540,71,3611,41
2021-02-23,Merced,047,269075,28286,28209,898,29107,381
2021-02-23,Modoc,049,8938,338,328,112,440,3
2021-02-23,Mono,051,14174,1178,1189,15,1204,3
2021-02-23,Monterey,053,433212,41869,41439,1651,43090,317
2021-02-23,Napa,055,140530,9015,8967,31,8998,70
2021-02-23,Nevada,057,99092,3986,3912,159,4071,66
2021-02-23,Orange,059,3164182,246620,244566,10077,254643,3843
2021-02-23,Placer,061,380077,20491,19608,1088,20696,238
2021-02-23,Plumas,063,18699,640,626,10,636,4
2021-02-23,Riverside,065,2383286,285039,278075,13216,291291,3599
2021-02-23,Sacramento,067,1510023,94129,92632,1210,93842,1370
2021-02-23,San Benito,069,59416,5726,5731,87,5818,57
2021-02-23,San Bernardino,071,2135413,285641,280279,8471,288750,3283
2021-02-23,San Diego,073,3302833,263310,257802,12798,270600,3218
2021-02-23,San Francisco,075,870044,34073,33994,1045,35039,405
2021-02-23,San Joaquin,077,732212,66591,65141,2692,67833,1004
2021-02-23,San Luis Obispo,079,281455,19639,19233,544,19777,230
2021-02-23,San Mateo,081,765935,39375,38662,403,39065,299
2021-02-23,Santa Barbara,083,443738,32133,31483,1024,32507,402
2021-02-23,Santa Clara,085,1922200,110001,109449,568,110017,1661
2021-02-23,Santa Cruz,087,273765,15364,14435,763,15198,178
2021-02-23,Shasta,089,179085,10919,10903,1202,12105,146
2021-02-23,Sierra,091,2930,51,47,12,59,0
2021-02-23,Siskiyou,093,43540,1486,1380,220,1600,4
2021-02-23,Solano,095,438530,29742,29545,350,29895,154
2021-02-23,Sonoma,097,501317,27903,27882,199,28081,278
2021-02-23,Stanislaus,099,539301,50488,49749,5255,55004,722
2021-02-23,Sutter,101,95872,8793,8766,78,8844,98
2021-02-23,Tehama,103,63373,4592,4556,481,5037,30
2021-02-23,Trinity,105,12862,467,292,74,366,3
2021-02-23,Tulare,107,460477,48095,46937,7790,54727,757
2021-02-23,Tuolumne,109,53932,3835,3864,35,3899,53
2021-02-23,Ventura,111,848112,77615,77093,2729,79822,689
2021-02-23,Yolo,113,214977,12854,12729,143,12872,188
2021-02-23,Yuba,115,75493,5477,5417,83,5500,38
2021-02-22,Alameda,001,1643700,80454,79796,1680,81476,1062
2021-02-22,Alpine,003,1148,78,77,0,77,0
2021-02-22,Amador,005,37829,3452,3438,29,3467,39
2021-02-22,Butte,007,227075,11294,10855,1585,12440,176
2021-02-22,Calaveras,009,45235,1892,1862,11,1873,21
2021-02-22,Colusa,011,21464,1868,1860,262,2122,11
2021-02-22,Contra Costa,013,1133247,62779,61478,1051,62529,661
2021-02-22,Del Norte,015,27424,1002,948,4,952,3
2021-02-22,El Dorado,017,186661,9108,8940,602,9542,96
2021-02-22,Fresno,019,978130,95853,94584,7556,102140,1351
2021-02-22,Glenn,021,27897,2242,2207,486,2693,14
2021-02-22,Humboldt,023,135768,3127,3095,22,3117,29
2021-02-22,Imperial,025,180216,27180,26778,2417,29195,590
2021-02-22,Inyo,027,18085,1286,1248,9,1257,32
2021-02-22,Kern,029,883053,92987,91201,9607,100808,982
2021-02-22,Kings,031,150075,22197,21801,939,22740,214
2021-02-22,Lake,033,64148,3162,3107,6,3113,40
2021-02-22,Lassen,035,31185,5115,5088,92,5180,1
2021-02-22,Los Angeles,037,10098052,1170203,1147541,38192,1185733,19730
2021-02-22,Madera,039,155013,15543,15325,801,16126,193
2021-02-22,Marin,041,260295,13146,12991,153,13144,213
2021-02-22,Mariposa,043,17540,376,374,5,379,4
2021-02-22,Mendocino,045,87422,3621,3535,71,3606,41
2021-02-22,Merced,047,269075,28223,28166,895,29061,379
2021-02-22,Modoc,049,8938,338,329,112,441,3
2021-02-22,Mono,051,14174,1174,1189,15,1204,3
2021-02-22,Monterey,053,433212,41824,41397,1645,43042,311
2021-02-22,Napa,055,140530,8988,8950,31,8981,69
2021-02-22,Nevada,057,99092,3977,3900,157,4057,66
2021-02-22,Orange,059,3164182,246384,244118,10059,254177,3843
2021-02-22,Placer,061,380077,20454,19587,1080,20667,238
2021-02-22,Plumas,063,18699,640,625,10,635,4
2021-02-22,Riverside,065,2383286,284775,277730,13208,290938,3567
2021-02-22,Sacramento,067,1510023,93962,92476,1200,93676,1359
2021-02-22,San Benito,069,59416,5724,5723,87,5810,57
2021-02-22,San Bernardino,071,2135413,285464,279984,8458,288442,3259
2021-02-22,San Diego,073,3302833,262900,257348,12765,270113,3189
2021-02-22,San Francisco,075,870044,34013,33947,1040,34987,405
2021-02-22,San Joaquin,077,732212,66495,65060,2679,67739,1001
2021-02-22,San Luis Obispo,079,281455,19602,19198,542,19740,229
2021-02-22,San Mateo,081,765935,39318,38542,400,38942,282
2021-02-22,Santa Barbara,083,443738,32067,31421,1021,32442,399
2021-02-22,Santa Clara,085,1922200,109792,109213,557,109770,1655
2021-02-22,Santa Cruz,087,273765,15338,14417,763,15180,176
2021-02-22,Shasta,089,179085,10904,10872,1197,12069,145
2021-02-22,Sierra,091,2930,51,47,12,59,0
2021-02-22,Siskiyou,093,43540,1480,1373,219,1592,4
2021-02-22,Solano,095,438530,29703,29508,349,29857,150
2021-02-22,Sonoma,097,501317,27858,27845,198,28043,278
2021-02-22,Stanislaus,099,539301,50386,49630,5237,54867,722
2021-02-22,Sutter,101,95872,8785,8698,78,8776,98
2021-02-22,Tehama,103,63373,4589,4550,480,5030,30
2021-02-22,Trinity,105,12862,467,287,73,360,3
2021-02-22,Tulare,107,460477,48033,46879,7758,54637,751
2021-02-22,Tuolumne,109,53932,3831,3856,35,3891,53
2021-02-22,Ventura,111,848112,77487,76947,2724,79671,677
2021-02-22,Yolo,113,214977,12827,12689,143,12832,183
2021-02-22,Yuba,115,75493,5474,5404,82,5486,38
2021-02-21,Alameda,001,1643700,80261,79649,1675,81324,1061
2021-02-21,Alpine,003,1148,78,77,0,77,0
2021-02-21,Amador,005,37829,3444,3435,29,3464,39
2021-02-21,Butte,007,227075,11276,10855,1583,12438,176
2021-02-21,Calaveras,009,45235,1891,1860,11,1871,21
2021-02-21,Colusa,011,21464,1867,1860,258,2118,11
2021-02-21,Contra Costa,013,1133247,62624,61364,1048,62412,661
2021-02-21,Del Norte,015,27424,996,942,4,946,3
2021-02-21,El Dorado,017,186661,9090,8927,601,9528,96
2021-02-21,Fresno,019,978130,95711,94374,7540,101914,1349
2021-02-21,Glenn,021,27897,2240,2201,484,2685,14
2021-02-21,Humboldt,023,135768,3115,3096,22,3118,29
2021-02-21,Imperial,025,180216,27166,26779,2415,29194,590
2021-02-21,Inyo,027,18085,1280,1232,9,1241,32
2021-02-21,Kern,029,883053,92862,91141,9569,100710,980
2021-02-21,Kings,031,150075,22161,21784,937,22721,213
2021-02-21,Lake,033,64148,3154,3100,6,3106,40
2021-02-21,Lassen,035,31185,5107,5077,92,5169,1
2021-02-21,Los Angeles,037,10098052,1169161,1146756,38148,1184904,19711
2021-02-21,Madera,039,155013,15510,15298,798,16096,192
2021-02-21,Marin,041,260295,13117,12968,153,13121,212
2021-02-21,Mariposa,043,17540,376,373,5,378,4
2021-02-21,Mendocino,045,87422,3616,3535,71,3606,41
2021-02-21,Merced,047,269075,28149,28106,880,28986,379
2021-02-21,Modoc,049,8938,335,329,112,441,3
2021-02-21,Mono,051,14174,1174,1189,15,1204,3
2021-02-21,Monterey,053,433212,41768,41373,1638,43011,309
2021-02-21,Napa,055,140530,8974,8929,31,8960,69
2021-02-21,Nevada,057,99092,3964,3895,157,4052,66
2021-02-21,Orange,059,3164182,246087,243985,10042,254027,3801
2021-02-21,Placer,061,380077,20418,19553,1076,20629,238
2021-02-21,Plumas,063,18699,640,625,10,635,4
2021-02-21,Riverside,065,2383286,284542,277555,13195,290750,3564
2021-02-21,Sacramento,067,1510023,93752,92288,1190,93478,1354
2021-02-21,San Benito,069,59416,5714,5716,84,5800,57
2021-02-21,San Bernardino,071,2135413,285240,279870,8444,288314,3247
2021-02-21,San Diego,073,3302833,262466,257027,12719,269746,3190
2021-02-21,San Francisco,075,870044,33949,33891,1036,34927,405
2021-02-21,San Joaquin,077,732212,66356,64997,2667,67664,1001
2021-02-21,San Luis Obispo,079,281455,19569,19178,540,19718,229
2021-02-21,San Mateo,081,765935,39256,38448,396,38844,282
2021-02-21,Santa Barbara,083,443738,32005,31374,1018,32392,399
2021-02-21,Santa Clara,085,1922200,109566,108992,549,109541,1654
2021-02-21,Santa Cruz,087,273765,15315,14401,762,15163,176
2021-02-21,Shasta,089,179085,10890,10867,1192,12059,145
2021-02-21,Sierra,091,2930,51,47,12,59,0
2021-02-21,Siskiyou,093,43540,1474,1371,219,1590,4
2021-02-21,Solano,095,438530,29648,29471,348,29819,150
2021-02-21,Sonoma,097,501317,27794,27793,191,27984,278
2021-02-21,Stanislaus,099,539301,50273,49527,5223,54750,726
2021-02-21,Sutter,101,95872,8768,8687,77,8764,97
2021-02-21,Tehama,103,63373,4580,4547,480,5027,30
2021-02-21,Trinity,105,12862,465,286,73,359,3
2021-02-21,Tulare,107,460477,47965,46830,7723,54553,749
2021-02-21,Tuolumne,109,53932,3817,3828,35,3863,53
2021-02-21,Ventura,111,848112,77338,76862,2711,79573,677
2021-02-21,Yolo,113,214977,12796,12670,142,12812,183
2021-02-21,Yuba,115,75493,5466,5396,81,5477,38
2021-02-20,Alameda,001,1643700,80170,79496,1670,81166,1055
2021-02-20,Alpine,003,1148,78,77,0,77,0
2021-02-20,Amador,005,37829,3442,3432,29,3461,39
2021-02-20,Butte,007,227075,11268,10838,1582,12420,176
2021-02-20,Calaveras,009,45235,1890,1858,11,1869,21
2021-02-20,Colusa,011,21464,1866,1858,258,2116,11
2021-02-20,Contra Costa,013,1133247,62540,61205,1046,62251,663
2021-02-20,Del Norte,015,27424,992,937,4,941,3
2021-02-20,El Dorado,017,186661,9080,8911,600,9511,96
2021-02-20,Fresno,019,978130,95627,94234,7520,101754,1341
2021-02-20,Glenn,021,27897,2236,2199,483,2682,14
2021-02-20,Humboldt,023,135768,3107,3073,22,3095,29
2021-02-20,Imperial,025,180216,27156,26771,2415,29186,590
2021-02-20,Inyo,027,18085,1276,1226,9,1235,32
2021-02-20,Kern,029,883053,92791,91025,9537,100562,968
2021-02-20,Kings,031,150075,22143,21773,936,22709,212
2021-02-20,Lake,033,64148,3147,3089,6,3095,40
2021-02-20,Lassen,035,31185,5105,5067,92,5159,1
2021-02-20,Los Angeles,037,10098052,1168591,1145594,38108,1183702,19630
2021-02-20,Madera,039,155013,15490,15274,797,16071,191
2021-02-20,Marin,041,260295,13096,12945,151,13096,211
2021-02-20,Mariposa,043,17540,376,372,5,377,4
2021-02-20,Mendocino,045,87422,3614,3533,71,3604,40
2021-02-20,Merced,047,269075,28106,28066,877,28943,379
2021-02-20,Modoc,049,8938,335,328,112,440,3
2021-02-20,Mono,051,14174,1173,1187,15,1202,3
2021-02-20,Monterey,053,433212,41746,41313,1636,42949,309
2021-02-20,Napa,055,140530,8965,8910,31,8941,69
2021-02-20,Nevada,057,99092,3954,3887,156,4043,66
2021-02-20,Orange,059,3164182,245918,243761,10028,253789,3755
2021-02-20,Placer,061,380077,20377,19509,1072,20581,236
2021-02-20,Plumas,063,18699,640,626,10,636,4
2021-02-20,Riverside,065,2383286,284388,277267,13186,290453,3559
2021-02-20,Sacramento,067,1510023,93629,92057,1188,93245,1352
2021-02-20,San Benito,069,59416,5703,5709,84,5793,57
2021-02-20,San Bernardino,071,2135413,285138,279608,8439,288047,3203
2021-02-20,San Diego,073,3302833,262224,256510,12690,269200,3188
2021-02-20,San Francisco,075,870044,33907,33820,1028,34848,399
2021-02-20,San Joaquin,077,732212,66286,64916,2662,67578,1001
2021-02-20,San Luis Obispo,079,281455,19545,19138,539,19677,229
2021-02-20,San Mateo,081,765935,39212,38371,395,38766,282
2021-02-20,Santa Barbara,083,443738,31971,31289,1017,32306,396
2021-02-20,Santa Clara,085,1922200,109388,108728,546,109274,1649
2021-02-20,Santa Cruz,087,273765,15304,14378,760,15138,176
2021-02-20,Shasta,089,179085,10876,10850,1187,12037,146
2021-02-20,Sierra,091,2930,51,47,12,59,0
2021-02-20,Siskiyou,093,43540,1471,1366,219,1585,4
2021-02-20,Solano,095,438530,29634,29440,346,29786,150
2021-02-20,Sonoma,097,501317,27765,27703,189,27892,278
2021-02-20,Stanislaus,099,539301,50222,49445,5209,54654,733
2021-02-20,Sutter,101,95872,8762,8681,77,8758,97
2021-02-20,Tehama,103,63373,4575,4545,480,5025,30
2021-02-20,Trinity,105,12862,464,285,72,357,3
2021-02-20,Tulare,107,460477,47929,46769,7701,54470,739
2021-02-20,Tuolumne,109,53932,3812,3823,35,3858,53
2021-02-20,Ventura,111,848112,77243,76757,2708,79465,671
2021-02-20,Yolo,113,214977,12782,12639,142,12781,183
2021-02-20,Yuba,115,75493,5463,5386,81,5467,38
2021-02-19,Alameda,001,1643700,80069,79318,1666,80984,1047
2021-02-19,Alpine,003,1148,78,77,0,77,0
2021-02-19,Amador,005,37829,3438,3427,29,3456,39
2021-02-19,Butte,007,227075,11254,10823,1575,12398,176
2021-02-19,Calaveras,009,45235,1889,1856,11,1867,21
2021-02-19,Colusa,011,21464,1866,1858,258,2116,11
2021-02-19,Contra Costa,013,1133247,62428,61017,1043,62060,651
2021-02-19,Del Norte,015,27424,987,932,4,936,2
2021-02-19,El Dorado,017,186661,9071,8882,599,9481,96
2021-02-19,Fresno,019,978130,95497,93973,7504,101477,1330
2021-02-19,Glenn,021,27897,2231,2199,482,2681,14
2021-02-19,Humboldt,023,135768,3095,3037,22,3059,29
2021-02-19,Imperial,025,180216,27150,26751,2412,29163,589
2021-02-19,Inyo,027,18085,1271,1212,9,1221,32
2021-02-19,Kern,029,883053,92722,90807,9497,100304,963
2021-02-19,Kings,031,150075,22129,21724,934,22658,211
2021-02-19,Lake,033,64148,3141,3078,6,3084,40
2021-02-19,Lassen,035,31185,5104,5057,92,5149,1
2021-02-19,Los Angeles,037,10098052,1167840,1143828,38068,1181896,19498
2021-02-19,Madera,039,155013,15473,15222,795,16017,188
2021-02-19,Marin,041,260295,13078,12919,150,13069,210
2021-02-19,Mariposa,043,17540,376,371,5,376,4
2021-02-19,Mendocino,045,87422,3612,3526,71,3597,39
2021-02-19,Merced,047,269075,28076,27985,874,28859,376
2021-02-19,Modoc,049,8938,335,328,112,440,3
2021-02-19,Mono,051,14174,1173,1186,15,1201,3
2021-02-19,Monterey,053,433212,41719,41209,1632,42841,309
2021-02-19,Napa,055,140530,8952,8899,31,8930,69
2021-02-19,Nevada,057,99092,3948,3863,156,4019,66
2021-02-19,Orange,059,3164182,245742,243397,10016,253413,3715
2021-02-19,Placer,061,380077,20355,19457,1072,20529,236
2021-02-19,Plumas,063,18699,638,624,10,634,4
2021-02-19,Riverside,065,2383286,284219,276941,13169,290110,3541
2021-02-19,Sacramento,067,1510023,93509,91815,1184,92999,1351
2021-02-19,San Benito,069,59416,5698,5699,84,5783,57
2021-02-19,San Bernardino,071,2135413,285002,279209,8434,287643,3117
2021-02-19,San Diego,073,3302833,261933,255799,12667,268466,3169
2021-02-19,San Francisco,075,870044,33859,33746,1022,34768,387
2021-02-19,San Joaquin,077,732212,66210,64774,2654,67428,988
2021-02-19,San Luis Obispo,079,281455,19514,19061,537,19598,230
2021-02-19,San Mateo,081,765935,39154,38256,393,38649,282
2021-02-19,Santa Barbara,083,443738,31907,31204,1016,32220,392
2021-02-19,Santa Clara,085,1922200,109176,108400,544,108944,1634
2021-02-19,Santa Cruz,087,273765,15289,14354,760,15114,176
2021-02-19,Shasta,089,179085,10865,10833,1184,12017,140
2021-02-19,Sierra,091,2930,51,47,12,59,0
2021-02-19,Siskiyou,093,43540,1467,1363,217,1580,4
2021-02-19,Solano,095,438530,29609,29383,345,29728,150
2021-02-19,Sonoma,097,501317,27718,27595,187,27782,280
2021-02-19,Stanislaus,099,539301,50160,49282,5193,54475,739
2021-02-19,Sutter,101,95872,8752,8665,77,8742,96
2021-02-19,Tehama,103,63373,4573,4535,480,5015,30
2021-02-19,Trinity,105,12862,462,282,70,352,3
2021-02-19,Tulare,107,460477,47884,46662,7676,54338,736
2021-02-19,Tuolumne,109,53932,3805,3817,35,3852,52
2021-02-19,Ventura,111,848112,77164,76582,2705,79287,667
2021-02-19,Yolo,113,214977,12766,12606,142,12748,183
2021-02-19,Yuba,115,75493,5453,5376,81,5457,38
2021-02-18,Alameda,001,1643700,79935,79111,1659,80770,1012
2021-02-18,Alpine,003,1148,78,77,0,77,0
2021-02-18,Amador,005,37829,3434,3417,28,3445,38
2021-02-18,Butte,007,227075,11236,10791,1573,12364,175
2021-02-18,Calaveras,009,45235,1884,1873,11,1884,21
2021-02-18,Colusa,011,21464,1864,1856,256,2112,11
2021-02-18,Contra Costa,013,1133247,62314,60868,1041,61909,640
2021-02-18,Del Norte,015,27424,982,929,4,933,2
2021-02-18,El Dorado,017,186661,9056,8850,598,9448,94
2021-02-18,Fresno,019,978130,95328,93734,7479,101213,1323
2021-02-18,Glenn,021,27897,2225,2195,482,2677,14
2021-02-18,Humboldt,023,135768,3083,3023,22,3045,29
2021-02-18,Imperial,025,180216,27124,26731,2405,29136,591
2021-02-18,Inyo,027,18085,1267,1213,8,1221,32
2021-02-18,Kern,029,883053,92568,90655,9467,100122,961
2021-02-18,Kings,031,150075,22105,21648,933,22581,211
2021-02-18,Lake,033,64148,3136,3066,6,3072,40
2021-02-18,Lassen,035,31185,5095,5052,92,5144,1
2021-02-18,Los Angeles,037,10098052,1166886,1141930,38005,1179935,19358
2021-02-18,Madera,039,155013,15451,15175,790,15965,188
2021-02-18,Marin,041,260295,13065,12895,149,13044,209
2021-02-18,Mariposa,043,17540,375,369,5,374,4
2021-02-18,Mendocino,045,87422,3609,3519,70,3589,39
2021-02-18,Merced,047,269075,28027,27870,868,28738,372
2021-02-18,Modoc,049,8938,333,327,111,438,3
2021-02-18,Mono,051,14174,1173,1182,15,1197,3
2021-02-18,Monterey,053,433212,41661,41091,1623,42714,307
2021-02-18,Napa,055,140530,8935,8877,31,8908,68
2021-02-18,Nevada,057,99092,3939,3836,155,3991,66
2021-02-18,Orange,059,3164182,245519,243098,9999,253097,3673
2021-02-18,Placer,061,380077,20328,19429,1071,20500,232
2021-02-18,Plumas,063,18699,638,624,10,634,4
2021-02-18,Riverside,065,2383286,283931,276595,13148,289743,3510
2021-02-18,Sacramento,067,1510023,93347,91476,1178,92654,1334
2021-02-18,San Benito,069,59416,5695,5697,83,5780,58
2021-02-18,San Bernardino,071,2135413,284793,278887,8420,287307,3066
2021-02-18,San Diego,073,3302833,261578,254987,12644,267631,3135
2021-02-18,San Francisco,075,870044,33801,33650,1019,34669,386
2021-02-18,San Joaquin,077,732212,66127,64634,2644,67278,982
2021-02-18,San Luis Obispo,079,281455,19472,18987,534,19521,230
2021-02-18,San Mateo,081,765935,39092,38185,389,38574,282
2021-02-18,Santa Barbara,083,443738,31829,31054,1009,32063,387
2021-02-18,Santa Clara,085,1922200,108951,108210,541,108751,1605
2021-02-18,Santa Cruz,087,273765,15263,14314,760,15074,176
2021-02-18,Shasta,089,179085,10847,10811,1181,11992,139
2021-02-18,Sierra,091,2930,50,47,12,59,0
2021-02-18,Siskiyou,093,43540,1462,1359,216,1575,4
2021-02-18,Solano,095,438530,29583,29349,344,29693,150
2021-02-18,Sonoma,097,501317,27651,27512,186,27698,281
2021-02-18,Stanislaus,099,539301,50060,49150,5176,54326,738
2021-02-18,Sutter,101,95872,8744,8654,77,8731,96
2021-02-18,Tehama,103,63373,4570,4528,480,5008,30
2021-02-18,Trinity,105,12862,461,282,70,352,3
2021-02-18,Tulare,107,460477,47821,46591,7637,54228,728
2021-02-18,Tuolumne,109,53932,3768,3811,35,3846,52
2021-02-18,Ventura,111,848112,77032,76442,2697,79139,659
2021-02-18,Yolo,113,214977,12740,12549,142,12691,183
2021-02-18,Yuba,115,75493,5436,5358,81,5439,38
2021-02-17,Alameda,001,1643700,79773,78895,1657,80552,1002
2021-02-17,Alpine,003,1148,78,77,0,77,0
2021-02-17,Amador,005,37829,3430,3415,28,3443,38
2021-02-17,Butte,007,227075,11218,10770,1569,12339,174
2021-02-17,Calaveras,009,45235,1884,1876,11,1887,21
2021-02-17,Colusa,011,21464,1861,1854,256,2110,10
2021-02-17,Contra Costa,013,1133247,62176,60723,1038,61761,635
2021-02-17,Del Norte,015,27424,975,920,4,924,2
2021-02-17,El Dorado,017,186661,9045,8847,598,9445,94
2021-02-17,Fresno,019,978130,95189,93555,7452,101007,1307
2021-02-17,Glenn,021,27897,2224,2189,481,2670,14
2021-02-17,Humboldt,023,135768,3068,3006,22,3028,29
2021-02-17,Imperial,025,180216,27110,26726,2401,29127,580
2021-02-17,Inyo,027,18085,1259,1197,8,1205,32
2021-02-17,Kern,029,883053,92450,90454,9423,99877,962
2021-02-17,Kings,031,150075,22067,21617,929,22546,211
2021-02-17,Lake,033,64148,3126,3057,2,3059,38
2021-02-17,Lassen,035,31185,5090,5052,91,5143,1
2021-02-17,Los Angeles,037,10098052,1165829,1139786,37943,1177729,19213
2021-02-17,Madera,039,155013,15426,15135,781,15916,177
2021-02-17,Marin,041,260295,13040,12881,149,13030,207
2021-02-17,Mariposa,043,17540,375,368,4,372,4
2021-02-17,Mendocino,045,87422,3607,3494,69,3563,39
2021-02-17,Merced,047,269075,27972,27824,859,28683,372
2021-02-17,Modoc,049,8938,333,327,111,438,3
2021-02-17,Mono,051,14174,1173,1180,15,1195,3
2021-02-17,Monterey,053,433212,41606,41014,1612,42626,304
2021-02-17,Napa,055,140530,8921,8865,31,8896,68
2021-02-17,Nevada,057,99092,3920,3822,152,3974,52
2021-02-17,Orange,059,3164182,245257,242716,9966,252682,3626
2021-02-17,Placer,061,380077,20294,19405,1067,20472,230
2021-02-17,Plumas,063,18699,637,623,10,633,4
2021-02-17,Riverside,065,2383286,283642,276289,13127,289416,3491
2021-02-17,Sacramento,067,1510023,93188,91309,1171,92480,1326
2021-02-17,San Benito,069,59416,5689,5661,83,5744,57
2021-02-17,San Bernardino,071,2135413,284590,278461,8400,286861,3020
2021-02-17,San Diego,073,3302833,261200,254177,12623,266800,3099
2021-02-17,San Francisco,075,870044,33725,33558,1014,34572,379
2021-02-17,San Joaquin,077,732212,66021,64556,2638,67194,979
2021-02-17,San Luis Obispo,079,281455,19427,18964,534,19498,230
2021-02-17,San Mateo,081,765935,39028,38124,389,38513,282
2021-02-17,Santa Barbara,083,443738,31761,30927,1008,31935,384
2021-02-17,Santa Clara,085,1922200,108719,107949,539,108488,1592
2021-02-17,Santa Cruz,087,273765,15230,14268,757,15025,174
2021-02-17,Shasta,089,179085,10827,10770,1180,11950,139
2021-02-17,Sierra,091,2930,50,47,12,59,0
2021-02-17,Siskiyou,093,43540,1456,1352,213,1565,4
2021-02-17,Solano,095,438530,29526,29288,344,29632,149
2021-02-17,Sonoma,097,501317,27579,27408,181,27589,281
2021-02-17,Stanislaus,099,539301,49947,49050,5160,54210,730
2021-02-17,Sutter,101,95872,8734,8681,77,8758,95
2021-02-17,Tehama,103,63373,4567,4511,480,4991,30
2021-02-17,Trinity,105,12862,461,277,68,345,3
2021-02-17,Tulare,107,460477,47756,46495,7612,54107,726
2021-02-17,Tuolumne,109,53932,3759,3806,35,3841,49
2021-02-17,Ventura,111,848112,76910,76234,2691,78925,646
2021-02-17,Yolo,113,214977,12721,12506,140,12646,182
2021-02-17,Yuba,115,75493,5427,5345,81,5426,38
2021-02-16,Alameda,001,1643700,79604,78756,1654,80410,997
2021-02-16,Alpine,003,1148,78,76,0,76,0
2021-02-16,Amador,005,37829,3423,3413,28,3441,39
2021-02-16,Butte,007,227075,11192,10748,1566,12314,164
2021-02-16,Calaveras,009,45235,1882,1872,11,1883,21
2021-02-16,Colusa,011,21464,1858,1852,254,2106,10
2021-02-16,Contra Costa,013,1133247,62025,60564,1033,61597,631
2021-02-16,Del Norte,015,27424,967,913,4,917,2
2021-02-16,El Dorado,017,186661,9035,8836,596,9432,94
2021-02-16,Fresno,019,978130,95024,93363,7422,100785,1293
2021-02-16,Glenn,021,27897,2220,2189,477,2666,14
2021-02-16,Humboldt,023,135768,3045,2994,21,3015,29
2021-02-16,Imperial,025,180216,27097,26711,2397,29108,580
2021-02-16,Inyo,027,18085,1251,1191,8,1199,32
2021-02-16,Kern,029,883053,92318,90267,9393,99660,959
2021-02-16,Kings,031,150075,22021,21583,925,22508,206
2021-02-16,Lake,033,64148,3119,3041,2,3043,38
2021-02-16,Lassen,035,31185,5078,5047,91,5138,1
2021-02-16,Los Angeles,037,10098052,1164575,1138262,37883,1176145,19044
2021-02-16,Madera,039,155013,15388,15120,776,15896,172
2021-02-16,Marin,041,260295,13012,12832,149,12981,205
2021-02-16,Mariposa,043,17540,375,367,4,371,4
2021-02-16,Mendocino,045,87422,3603,3489,69,3558,39
2021-02-16,Merced,047,269075,27891,27724,853,28577,368
2021-02-16,Modoc,049,8938,333,326,111,437,3
2021-02-16,Mono,051,14174,1173,1180,15,1195,3
2021-02-16,Monterey,053,433212,41530,40962,1603,42565,303
2021-02-16,Napa,055,140530,8908,8854,31,8885,66
2021-02-16,Nevada,057,99092,3907,3774,151,3925,47
2021-02-16,Orange,059,3164182,244935,242382,9950,252332,3612
2021-02-16,Placer,061,380077,20261,19367,1064,20431,230
2021-02-16,Plumas,063,18699,637,619,10,629,4
2021-02-16,Riverside,065,2383286,283336,275954,13105,289059,3471
2021-02-16,Sacramento,067,1510023,92934,91246,1165,92411,1305
2021-02-16,San Benito,069,59416,5681,5659,82,5741,56
2021-02-16,San Bernardino,071,2135413,284366,277947,8391,286338,2978
2021-02-16,San Diego,073,3302833,260735,253638,12584,266222,3042
2021-02-16,San Francisco,075,870044,33653,33491,1009,34500,373
2021-02-16,San Joaquin,077,732212,65891,64448,2635,67083,979
2021-02-16,San Luis Obispo,079,281455,19382,18925,531,19456,229
2021-02-16,San Mateo,081,765935,38969,38041,387,38428,277
2021-02-16,Santa Barbara,083,443738,31687,30865,1005,31870,378
2021-02-16,Santa Clara,085,1922200,108467,107754,536,108290,1591
2021-02-16,Santa Cruz,087,273765,15210,14256,756,15012,174
2021-02-16,Shasta,089,179085,10812,10736,1178,11914,139
2021-02-16,Sierra,091,2930,50,47,12,59,0
2021-02-16,Siskiyou,093,43540,1452,1351,213,1564,4
2021-02-16,Solano,095,438530,29488,29246,343,29589,148
2021-02-16,Sonoma,097,501317,27520,27380,175,27555,279
2021-02-16,Stanislaus,099,539301,49823,48927,5146,54073,716
2021-02-16,Sutter,101,95872,8711,8671,77,8748,95
2021-02-16,Tehama,103,63373,4558,4501,478,4979,30
2021-02-16,Trinity,105,12862,457,275,68,343,3
2021-02-16,Tulare,107,460477,47692,46444,7569,54013,716
2021-02-16,Tuolumne,109,53932,3757,3796,35,3831,49
2021-02-16,Ventura,111,848112,76768,76043,2688,78731,631
2021-02-16,Yolo,113,214977,12692,12457,140,12597,175
2021-02-16,Yuba,115,75493,5420,5332,80,5412,38
2021-02-15,Alameda,001,1643700,79406,78647,1643,80290,996
2021-02-15,Alpine,003,1148,78,76,0,76,0
2021-02-15,Amador,005,37829,3419,3409,28,3437,39
2021-02-15,Butte,007,227075,11174,10723,1562,12285,155
2021-02-15,Calaveras,009,45235,1878,1871,11,1882,21
2021-02-15,Colusa,011,21464,1858,1849,250,2099,10
2021-02-15,Contra Costa,013,1133247,61854,60444,1028,61472,631
2021-02-15,Del Norte,015,27424,963,913,4,917,2
2021-02-15,El Dorado,017,186661,9018,8816,596,9412,94
2021-02-15,Fresno,019,978130,94825,93231,7383,100614,1288
2021-02-15,Glenn,021,27897,2218,2185,476,2661,14
2021-02-15,Humboldt,023,135768,3038,2997,21,3018,29
2021-02-15,Imperial,025,180216,27077,26700,2394,29094,580
2021-02-15,Inyo,027,18085,1232,1184,8,1192,32
2021-02-15,Kern,029,883053,92174,90181,9363,99544,959
2021-02-15,Kings,031,150075,21976,21574,921,22495,205
2021-02-15,Lake,033,64148,3105,3030,1,3031,38
2021-02-15,Lassen,035,31185,5076,5047,90,5137,1
2021-02-15,Los Angeles,037,10098052,1163187,1137164,37821,1174985,18925
2021-02-15,Madera,039,155013,15357,15108,774,15882,106
2021-02-15,Marin,041,260295,12991,12810,146,12956,203
2021-02-15,Mariposa,043,17540,373,367,4,371,4
2021-02-15,Mendocino,045,87422,3591,3481,69,3550,39
2021-02-15,Merced,047,269075,27817,27656,846,28502,368
2021-02-15,Modoc,049,8938,333,326,111,437,3
2021-02-15,Mono,051,14174,1170,1178,15,1193,3
2021-02-15,Monterey,053,433212,41466,40911,1591,42502,302
2021-02-15,Napa,055,140530,8894,8837,31,8868,57
2021-02-15,Nevada,057,99092,3890,3767,150,3917,47
2021-02-15,Orange,059,3164182,244616,242176,9922,252098,3586
2021-02-15,Placer,061,380077,20235,19361,1063,20424,230
2021-02-15,Plumas,063,18699,637,620,10,630,4
2021-02-15,Riverside,065,2383286,282983,275771,13086,288857,3468
2021-02-15,Sacramento,067,1510023,92607,91091,1160,92251,1304
2021-02-15,San Benito,069,59416,5675,5649,82,5731,56
2021-02-15,San Bernardino,071,2135413,284115,277869,8383,286252,2945
2021-02-15,San Diego,073,3302833,260222,252940,12553,265493,3037
2021-02-15,San Francisco,075,870044,33580,33454,1003,34457,373
2021-02-15,San Joaquin,077,732212,65726,64382,2628,67010,979
2021-02-15,San Luis Obispo,079,281455,19329,18891,529,19420,227
2021-02-15,San Mateo,081,765935,38890,37969,384,38353,277
2021-02-15,Santa Barbara,083,443738,31584,30810,1002,31812,378
2021-02-15,Santa Clara,085,1922200,108237,107630,534,108164,1588
2021-02-15,Santa Cruz,087,273765,15178,14239,753,14992,175
2021-02-15,Shasta,089,179085,10792,10730,1173,11903,139
2021-02-15,Sierra,091,2930,50,47,12,59,0
2021-02-15,Siskiyou,093,43540,1444,1345,212,1557,4
2021-02-15,Solano,095,438530,29433,29225,343,29568,148
2021-02-15,Sonoma,097,501317,27436,27359,171,27530,276
2021-02-15,Stanislaus,099,539301,49696,48808,5133,53941,716
2021-02-15,Sutter,101,95872,8696,8652,77,8729,95
2021-02-15,Tehama,103,63373,4549,4492,477,4969,30
2021-02-15,Trinity,105,12862,456,274,68,342,3
2021-02-15,Tulare,107,460477,47621,46344,7530,53874,715
2021-02-15,Tuolumne,109,53932,3747,3794,35,3829,49
2021-02-15,Ventura,111,848112,76613,75889,2685,78574,629
2021-02-15,Yolo,113,214977,12657,12412,139,12551,175
2021-02-15,Yuba,115,75493,5403,5320,79,5399,38
2021-02-14,Alameda,001,1643700,79254,78442,1642,80084,995
2021-02-14,Alpine,003,1148,78,76,0,76,0
2021-02-14,Amador,005,37829,3414,3398,28,3426,39
2021-02-14,Butte,007,227075,11150,10717,1559,12276,155
2021-02-14,Calaveras,009,45235,1874,1866,11,1877,21
2021-02-14,Colusa,011,21464,1854,1845,247,2092,10
2021-02-14,Contra Costa,013,1133247,61704,60272,1025,61297,631
2021-02-14,Del Norte,015,27424,959,911,4,915,2
2021-02-14,El Dorado,017,186661,8986,8790,595,9385,94
2021-02-14,Fresno,019,978130,94654,93065,7360,100425,1287
2021-02-14,Glenn,021,27897,2215,2184,476,2660,14
2021-02-14,Humboldt,023,135768,3025,2992,21,3013,29
2021-02-14,Imperial,025,180216,27070,26696,2393,29089,580
2021-02-14,Inyo,027,18085,1226,1177,8,1185,32
2021-02-14,Kern,029,883053,92014,90038,9310,99348,959
2021-02-14,Kings,031,150075,21950,21538,919,22457,205
2021-02-14,Lake,033,64148,3094,3030,1,3031,38
2021-02-14,Lassen,035,31185,5072,5037,90,5127,1
2021-02-14,Los Angeles,037,10098052,1161840,1135450,37739,1173189,18898
2021-02-14,Madera,039,155013,15325,15089,770,15859,106
2021-02-14,Marin,041,260295,12967,12784,146,12930,201
2021-02-14,Mariposa,043,17540,373,365,4,369,4
2021-02-14,Mendocino,045,87422,3585,3475,69,3544,39
2021-02-14,Merced,047,269075,27735,27601,841,28442,368
2021-02-14,Modoc,049,8938,333,326,111,437,3
2021-02-14,Mono,051,14174,1169,1180,15,1195,3
2021-02-14,Monterey,053,433212,41415,40842,1586,42428,302
2021-02-14,Napa,055,140530,8874,8826,31,8857,57
2021-02-14,Nevada,057,99092,3874,3761,150,3911,47
2021-02-14,Orange,059,3164182,244303,241859,9904,251763,3564
2021-02-14,Placer,061,380077,20196,19313,1058,20371,230
2021-02-14,Plumas,063,18699,636,620,10,630,4
2021-02-14,Riverside,065,2383286,282652,275518,13067,288585,3471
2021-02-14,Sacramento,067,1510023,92400,90856,1156,92012,1304
2021-02-14,San Benito,069,59416,5666,5641,81,5722,56
2021-02-14,San Bernardino,071,2135413,283809,277664,8363,286027,2929
2021-02-14,San Diego,073,3302833,259730,252247,12506,264753,3037
2021-02-14,San Francisco,075,870044,33506,33374,995,34369,372
2021-02-14,San Joaquin,077,732212,65628,64243,2614,66857,979
2021-02-14,San Luis Obispo,079,281455,19291,18868,526,19394,225
2021-02-14,San Mateo,081,765935,38805,37859,384,38243,277
2021-02-14,Santa Barbara,083,443738,31492,30744,998,31742,377
2021-02-14,Santa Clara,085,1922200,108038,107412,530,107942,1582
2021-02-14,Santa Cruz,087,273765,15150,14225,748,14973,175
2021-02-14,Shasta,089,179085,10760,10720,1169,11889,139
2021-02-14,Sierra,091,2930,50,47,12,59,0
2021-02-14,Siskiyou,093,43540,1440,1340,212,1552,4
2021-02-14,Solano,095,438530,29391,29150,340,29490,148
2021-02-14,Sonoma,097,501317,27361,27266,169,27435,276
2021-02-14,Stanislaus,099,539301,49586,48672,5118,53790,716
2021-02-14,Sutter,101,95872,8673,8642,77,8719,95
2021-02-14,Tehama,103,63373,4543,4490,474,4964,30
2021-02-14,Trinity,105,12862,456,272,68,340,3
2021-02-14,Tulare,107,460477,47536,46263,7481,53744,715
2021-02-14,Tuolumne,109,53932,3746,3764,35,3799,49
2021-02-14,Ventura,111,848112,76444,75742,2674,78416,629
2021-02-14,Yolo,113,214977,12628,12399,138,12537,175
2021-02-14,Yuba,115,75493,5393,5314,79,5393,38
2021-02-13,Alameda,001,1643700,79132,78246,1639,79885,995
2021-02-13,Alpine,003,1148,78,76,0,76,0
2021-02-13,Amador,005,37829,3411,3387,28,3415,38
2021-02-13,Butte,007,227075,11134,10699,1557,12256,155
2021-02-13,Calaveras,009,45235,1871,1863,11,1874,21
2021-02-13,Colusa,011,21464,1854,1837,247,2084,10
2021-02-13,Contra Costa,013,1133247,61583,60100,1025,61125,629
2021-02-13,Del Norte,015,27424,957,908,4,912,2
2021-02-13,El Dorado,017,186661,8974,8758,594,9352,93
2021-02-13,Fresno,019,978130,94540,92807,7338,100145,1287
2021-02-13,Glenn,021,27897,2214,2182,474,2656,14
2021-02-13,Humboldt,023,135768,3012,2974,20,2994,29
2021-02-13,Imperial,025,180216,27063,26680,2391,29071,580
2021-02-13,Inyo,027,18085,1222,1168,8,1176,32
2021-02-13,Kern,029,883053,91925,89915,9284,99199,957
2021-02-13,Kings,031,150075,21935,21513,917,22430,205
2021-02-13,Lake,033,64148,3085,3025,1,3026,37
2021-02-13,Lassen,035,31185,5069,5028,90,5118,1
2021-02-13,Los Angeles,037,10098052,1160982,1133752,37692,1171444,18822
2021-02-13,Madera,039,155013,15316,15053,766,15819,106
2021-02-13,Marin,041,260295,12943,12757,146,12903,201
2021-02-13,Mariposa,043,17540,373,365,4,369,4
2021-02-13,Mendocino,045,87422,3575,3466,69,3535,38
2021-02-13,Merced,047,269075,27691,27541,838,28379,368
2021-02-13,Modoc,049,8938,333,325,111,436,3
2021-02-13,Mono,051,14174,1169,1176,15,1191,3
2021-02-13,Monterey,053,433212,41383,40731,1585,42316,301
2021-02-13,Napa,055,140530,8865,8809,31,8840,57
2021-02-13,Nevada,057,99092,3865,3742,149,3891,47
2021-02-13,Orange,059,3164182,244097,241545,9885,251430,3520
2021-02-13,Placer,061,380077,20176,19214,1058,20272,230
2021-02-13,Plumas,063,18699,636,616,10,626,4
2021-02-13,Riverside,065,2383286,282421,275276,13058,288334,3462
2021-02-13,Sacramento,067,1510023,92233,90401,1153,91554,1302
2021-02-13,San Benito,069,59416,5649,5633,81,5714,56
2021-02-13,San Bernardino,071,2135413,283657,277405,8350,285755,2899
2021-02-13,San Diego,073,3302833,259398,251679,12494,264173,3009
2021-02-13,San Francisco,075,870044,33456,33291,985,34276,364
2021-02-13,San Joaquin,077,732212,65559,64105,2604,66709,977
2021-02-13,San Luis Obispo,079,281455,19263,18803,520,19323,225
2021-02-13,San Mateo,081,765935,38752,37745,384,38129,277
2021-02-13,Santa Barbara,083,443738,31440,30594,997,31591,374
2021-02-13,Santa Clara,085,1922200,107849,107125,526,107651,1570
2021-02-13,Santa Cruz,087,273765,15123,14198,747,14945,173
2021-02-13,Shasta,089,179085,10747,10713,1164,11877,139
2021-02-13,Sierra,091,2930,50,47,12,59,0
2021-02-13,Siskiyou,093,43540,1437,1336,212,1548,4
2021-02-13,Solano,095,438530,29355,29084,340,29424,148
2021-02-13,Sonoma,097,501317,27313,27157,167,27324,276
2021-02-13,Stanislaus,099,539301,49515,48568,5112,53680,697
2021-02-13,Sutter,101,95872,8661,8626,77,8703,94
2021-02-13,Tehama,103,63373,4533,4484,473,4957,30
2021-02-13,Trinity,105,12862,455,272,67,339,3
2021-02-13,Tulare,107,460477,47485,46162,7450,53612,709
2021-02-13,Tuolumne,109,53932,3745,3752,35,3787,49
2021-02-13,Ventura,111,848112,76304,75481,2668,78149,618
2021-02-13,Yolo,113,214977,12615,12374,137,12511,175
2021-02-13,Yuba,115,75493,5385,5289,79,5368,38
2021-02-12,Alameda,001,1643700,78983,77958,1633,79591,974
2021-02-12,Alpine,003,1148,78,76,0,76,0
2021-02-12,Amador,005,37829,3407,3381,28,3409,38
2021-02-12,Butte,007,227075,11121,10655,1550,12205,155
2021-02-12,Calaveras,009,45235,1868,1860,11,1871,21
2021-02-12,Colusa,011,21464,1854,1836,247,2083,10
2021-02-12,Contra Costa,013,1133247,61433,59878,1021,60899,620
2021-02-12,Del Norte,015,27424,947,901,4,905,2
2021-02-12,El Dorado,017,186661,8959,8725,591,9316,92
2021-02-12,Fresno,019,978130,94386,92520,7318,99838,1273
2021-02-12,Glenn,021,27897,2211,2175,474,2649,14
2021-02-12,Humboldt,023,135768,3004,2961,20,2981,29
2021-02-12,Imperial,025,180216,27055,26646,2388,29034,585
2021-02-12,Inyo,027,18085,1216,1156,8,1164,32
2021-02-12,Kern,029,883053,91811,89532,9252,98784,949
2021-02-12,Kings,031,150075,21903,21462,912,22374,202
2021-02-12,Lake,033,64148,3080,3012,1,3013,36
2021-02-12,Lassen,035,31185,5067,5015,90,5105,1
2021-02-12,Los Angeles,037,10098052,1159771,1131185,37625,1168810,18637
2021-02-12,Madera,039,155013,15289,15022,763,15785,106
2021-02-12,Marin,041,260295,12917,12720,146,12866,200
2021-02-12,Mariposa,043,17540,372,365,4,369,4
2021-02-12,Mendocino,045,87422,3573,3447,69,3516,38
2021-02-12,Merced,047,269075,27640,27453,835,28288,367
2021-02-12,Modoc,049,8938,333,324,111,435,3
2021-02-12,Mono,051,14174,1168,1172,15,1187,3
2021-02-12,Monterey,053,433212,41335,40633,1576,42209,297
2021-02-12,Napa,055,140530,8853,8785,31,8816,55
2021-02-12,Nevada,057,99092,3860,3728,149,3877,47
2021-02-12,Orange,059,3164182,243858,241075,9870,250945,3505
2021-02-12,Placer,061,380077,20134,19174,1053,20227,230
2021-02-12,Plumas,063,18699,635,614,10,624,4
2021-02-12,Riverside,065,2383286,282143,274792,13043,287835,3438
2021-02-12,Sacramento,067,1510023,92031,90252,1152,91404,1295
2021-02-12,San Benito,069,59416,5633,5622,80,5702,56
2021-02-12,San Bernardino,071,2135413,283467,276890,8339,285229,2827
2021-02-12,San Diego,073,3302833,259010,250788,12468,263256,2979
2021-02-12,San Francisco,075,870044,33396,33179,981,34160,359
2021-02-12,San Joaquin,077,732212,65462,63966,2596,66562,975
2021-02-12,San Luis Obispo,079,281455,19222,18687,519,19206,224
2021-02-12,San Mateo,081,765935,38680,37560,384,37944,254
2021-02-12,Santa Barbara,083,443738,31369,30454,992,31446,372
2021-02-12,Santa Clara,085,1922200,107677,106759,523,107282,1543
2021-02-12,Santa Cruz,087,273765,15103,14147,747,14894,170
2021-02-12,Shasta,089,179085,10729,10693,1154,11847,142
2021-02-12,Sierra,091,2930,49,45,12,57,0
2021-02-12,Siskiyou,093,43540,1433,1324,209,1533,4
2021-02-12,Solano,095,438530,29323,28996,337,29333,147
2021-02-12,Sonoma,097,501317,27258,27064,163,27227,275
2021-02-12,Stanislaus,099,539301,49427,48418,5090,53508,697
2021-02-12,Sutter,101,95872,8648,8609,77,8686,93
2021-02-12,Tehama,103,63373,4526,4470,472,4942,27
2021-02-12,Trinity,105,12862,455,269,67,336,3
2021-02-12,Tulare,107,460477,47407,46016,7424,53440,710
2021-02-12,Tuolumne,109,53932,3742,3736,34,3770,49
2021-02-12,Ventura,111,848112,76134,75210,2662,77872,605
2021-02-12,Yolo,113,214977,12594,12340,137,12477,175
2021-02-12,Yuba,115,75493,5377,5274,79,5353,38
2021-02-11,Alameda,001,1643700,78757,77564,1628,79192,960
2021-02-11,Alpine,003,1148,77,76,0,76,0
2021-02-11,Amador,005,37829,3403,3368,28,3396,35
2021-02-11,Butte,007,227075,11098,10624,1549,12173,155
2021-02-11,Calaveras,009,45235,1865,1856,11,1867,21
2021-02-11,Colusa,011,21464,1849,1823,245,2068,10
2021-02-11,Contra Costa,013,1133247,61266,59633,1017,60650,605
2021-02-11,Del Norte,015,27424,942,894,4,898,2
2021-02-11,El Dorado,017,186661,8938,8698,591,9289,92
2021-02-11,Fresno,019,978130,94232,92168,7295,99463,1255
2021-02-11,Glenn,021,27897,2206,2166,473,2639,14
2021-02-11,Humboldt,023,135768,2991,2954,19,2973,29
2021-02-11,Imperial,025,180216,27031,26545,2386,28931,578
2021-02-11,Inyo,027,18085,1207,1144,8,1152,32
2021-02-11,Kern,029,883053,91620,89224,9209,98433,941
2021-02-11,Kings,031,150075,21873,21373,909,22282,202
2021-02-11,Lake,033,64148,3070,3002,1,3003,36
2021-02-11,Lassen,035,31185,5056,5004,87,5091,1
2021-02-11,Los Angeles,037,10098052,1158142,1128437,37556,1165993,18500
2021-02-11,Madera,039,155013,15268,14984,761,15745,106
2021-02-11,Marin,041,260295,12880,12682,146,12828,200
2021-02-11,Mariposa,043,17540,372,361,4,365,4
2021-02-11,Mendocino,045,87422,3566,3420,69,3489,38
2021-02-11,Merced,047,269075,27574,27325,831,28156,363
2021-02-11,Modoc,049,8938,332,317,111,428,3
2021-02-11,Mono,051,14174,1164,1173,15,1188,3
2021-02-11,Monterey,053,433212,41229,40469,1570,42039,295
2021-02-11,Napa,055,140530,8832,8777,31,8808,55
2021-02-11,Nevada,057,99092,3844,3720,149,3869,47
2021-02-11,Orange,059,3164182,243491,240590,9846,250436,3476
2021-02-11,Placer,061,380077,20094,19118,1052,20170,224
2021-02-11,Plumas,063,18699,634,592,10,602,4
2021-02-11,Riverside,065,2383286,281777,274313,13028,287341,3394
2021-02-11,Sacramento,067,1510023,91788,89988,1146,91134,1286
2021-02-11,San Benito,069,59416,5624,5609,80,5689,56
2021-02-11,San Bernardino,071,2135413,283169,276349,8325,284674,2774
2021-02-11,San Diego,073,3302833,258457,249971,12434,262405,2955
2021-02-11,San Francisco,075,870044,33312,33076,972,34048,356
2021-02-11,San Joaquin,077,732212,65294,63719,2586,66305,971
2021-02-11,San Luis Obispo,079,281455,19157,18615,515,19130,219
2021-02-11,San Mateo,081,765935,38589,37439,382,37821,253
2021-02-11,Santa Barbara,083,443738,31271,30375,987,31362,370
2021-02-11,Santa Clara,085,1922200,107417,106392,518,106910,1507
2021-02-11,Santa Cruz,087,273765,15080,14088,742,14830,165
2021-02-11,Shasta,089,179085,10705,10672,1150,11822,140
2021-02-11,Sierra,091,2930,49,45,12,57,0
2021-02-11,Siskiyou,093,43540,1418,1320,209,1529,4
2021-02-11,Solano,095,438530,29270,28885,337,29222,138
2021-02-11,Sonoma,097,501317,27173,26971,160,27131,272
2021-02-11,Stanislaus,099,539301,49282,48205,5078,53283,697
2021-02-11,Sutter,101,95872,8634,8590,76,8666,93
2021-02-11,Tehama,103,63373,4520,4463,472,4935,26
2021-02-11,Trinity,105,12862,455,269,67,336,3
2021-02-11,Tulare,107,460477,47312,45897,7384,53281,706
2021-02-11,Tuolumne,109,53932,3705,3716,34,3750,48
2021-02-11,Ventura,111,848112,75932,74959,2653,77612,590
2021-02-11,Yolo,113,214977,12570,12303,137,12440,173
2021-02-11,Yuba,115,75493,5363,5261,78,5339,38
2021-02-10,Alameda,001,1643700,78556,77344,1627,78971,944
2021-02-10,Alpine,003,1148,77,76,0,76,0
2021-02-10,Amador,005,37829,3391,3348,28,3376,35
2021-02-10,Butte,007,227075,11070,10594,1548,12142,155
2021-02-10,Calaveras,009,45235,1863,1850,11,1861,21
2021-02-10,Colusa,011,21464,1842,1815,243,2058,10
2021-02-10,Contra Costa,013,1133247,61091,59488,1015,60503,590
2021-02-10,Del Norte,015,27424,936,888,4,892,2
2021-02-10,El Dorado,017,186661,8907,8682,587,9269,87
2021-02-10,Fresno,019,978130,94057,91876,7270,99146,1247
2021-02-10,Glenn,021,27897,2202,2160,471,2631,14
2021-02-10,Humboldt,023,135768,2983,2924,19,2943,29
2021-02-10,Imperial,025,180216,26993,26522,2383,28905,578
2021-02-10,Inyo,027,18085,1195,1138,8,1146,30
2021-02-10,Kern,029,883053,91413,88933,9155,98088,926
2021-02-10,Kings,031,150075,21830,21294,907,22201,197
2021-02-10,Lake,033,64148,3057,2975,1,2976,36
2021-02-10,Lassen,035,31185,5052,4993,87,5080,1
2021-02-10,Los Angeles,037,10098052,1156395,1125437,37428,1162865,18338
2021-02-10,Madera,039,155013,15229,14925,759,15684,105
2021-02-10,Marin,041,260295,12843,12651,146,12797,199
2021-02-10,Mariposa,043,17540,370,360,4,364,4
2021-02-10,Mendocino,045,87422,3551,3395,69,3464,38
2021-02-10,Merced,047,269075,27491,27246,820,28066,359
2021-02-10,Modoc,049,8938,331,315,109,424,3
2021-02-10,Mono,051,14174,1159,1170,15,1185,3
2021-02-10,Monterey,053,433212,41152,40366,1556,41922,288
2021-02-10,Napa,055,140530,8813,8769,31,8800,55
2021-02-10,Nevada,057,99092,3829,3693,147,3840,47
2021-02-10,Orange,059,3164182,243074,239974,9815,249789,3439
2021-02-10,Placer,061,380077,20055,19062,1047,20109,220
2021-02-10,Plumas,063,18699,631,589,10,599,2
2021-02-10,Riverside,065,2383286,281349,273721,13018,286739,3374
2021-02-10,Sacramento,067,1510023,91537,89653,1142,90795,1275
2021-02-10,San Benito,069,59416,5610,5591,80,5671,55
2021-02-10,San Bernardino,071,2135413,282815,275616,8309,283925,2696
2021-02-10,San Diego,073,3302833,257875,248858,12396,261254,2904
2021-02-10,San Francisco,075,870044,33229,32955,969,33924,351
2021-02-10,San Joaquin,077,732212,65152,63484,2572,66056,954
2021-02-10,San Luis Obispo,079,281455,19078,18549,513,19062,216
2021-02-10,San Mateo,081,765935,38498,37323,382,37705,245
2021-02-10,Santa Barbara,083,443738,31180,30216,982,31198,359
2021-02-10,Santa Clara,085,1922200,107177,106048,515,106563,1489
2021-02-10,Santa Cruz,087,273765,15044,14007,740,14747,165
2021-02-10,Shasta,089,179085,10682,10645,1147,11792,142
2021-02-10,Sierra,091,2930,49,45,12,57,0
2021-02-10,Siskiyou,093,43540,1413,1314,208,1522,4
2021-02-10,Solano,095,438530,29195,28835,335,29170,137
2021-02-10,Sonoma,097,501317,27077,26881,158,27039,271
2021-02-10,Stanislaus,099,539301,49165,48016,5062,53078,696
2021-02-10,Sutter,101,95872,8617,8571,76,8647,93
2021-02-10,Tehama,103,63373,4512,4445,472,4917,23
2021-02-10,Trinity,105,12862,452,268,67,335,3
2021-02-10,Tulare,107,460477,47195,45782,7346,53128,696
2021-02-10,Tuolumne,109,53932,3697,3691,34,3725,48
2021-02-10,Ventura,111,848112,75704,74651,2636,77287,580
2021-02-10,Yolo,113,214977,12546,12276,137,12413,174
2021-02-10,Yuba,115,75493,5345,5241,78,5319,38
2021-02-09,Alameda,001,1643700,78294,77018,1623,78641,936
2021-02-09,Alpine,003,1148,77,76,0,76,0
2021-02-09,Amador,005,37829,3383,3347,28,3375,35
2021-02-09,Butte,007,227075,11044,10563,1545,12108,153
2021-02-09,Calaveras,009,45235,1859,1847,11,1858,21
2021-02-09,Colusa,011,21464,1833,1812,238,2050,10
2021-02-09,Contra Costa,013,1133247,60901,59307,1009,60316,583
2021-02-09,Del Norte,015,27424,930,886,4,890,2
2021-02-09,El Dorado,017,186661,8879,8663,585,9248,87
2021-02-09,Fresno,019,978130,93815,91730,7242,98972,1211
2021-02-09,Glenn,021,27897,2198,2156,471,2627,14
2021-02-09,Humboldt,023,135768,2975,2904,19,2923,29
2021-02-09,Imperial,025,180216,26962,26509,2380,28889,568
2021-02-09,Inyo,027,18085,1187,1137,8,1145,30
2021-02-09,Kern,029,883053,91161,88684,9109,97793,920
2021-02-09,Kings,031,150075,21788,21275,905,22180,196
2021-02-09,Lake,033,64148,3046,2955,1,2956,36
2021-02-09,Lassen,035,31185,5045,4983,87,5070,1
2021-02-09,Los Angeles,037,10098052,1154417,1122745,37345,1160090,18198
2021-02-09,Madera,039,155013,15209,14912,756,15668,105
2021-02-09,Marin,041,260295,12811,12623,145,12768,197
2021-02-09,Mariposa,043,17540,368,355,4,359,4
2021-02-09,Mendocino,045,87422,3533,3369,69,3438,38
2021-02-09,Merced,047,269075,27393,27166,815,27981,354
2021-02-09,Modoc,049,8938,330,316,109,425,3
2021-02-09,Mono,051,14174,1158,1167,15,1182,3
2021-02-09,Monterey,053,433212,41044,40279,1543,41822,285
2021-02-09,Napa,055,140530,8800,8749,31,8780,55
2021-02-09,Nevada,057,99092,3812,3687,147,3834,44
2021-02-09,Orange,059,3164182,242662,239169,9784,248953,3406
2021-02-09,Placer,061,380077,19990,19008,1040,20048,220
2021-02-09,Plumas,063,18699,631,584,10,594,2
2021-02-09,Riverside,065,2383286,280855,273465,13001,286466,3334
2021-02-09,Sacramento,067,1510023,91227,89378,1141,90519,1265
2021-02-09,San Benito,069,59416,5598,5566,79,5645,54
2021-02-09,San Bernardino,071,2135413,282444,274998,8296,283294,2613
2021-02-09,San Diego,073,3302833,257217,248048,12353,260401,2853
2021-02-09,San Francisco,075,870044,33150,32782,959,33741,349
2021-02-09,San Joaquin,077,732212,64977,63341,2567,65908,937
2021-02-09,San Luis Obispo,079,281455,19019,18489,512,19001,216
2021-02-09,San Mateo,081,765935,38367,37227,381,37608,235
2021-02-09,Santa Barbara,083,443738,31068,30118,976,31094,351
2021-02-09,Santa Clara,085,1922200,106871,105762,512,106274,1463
2021-02-09,Santa Cruz,087,273765,14993,13958,735,14693,162
2021-02-09,Shasta,089,179085,10654,10595,1145,11740,139
2021-02-09,Sierra,091,2930,49,44,12,56,0
2021-02-09,Siskiyou,093,43540,1405,1306,206,1512,4
2021-02-09,Solano,095,438530,29116,28769,332,29101,131
2021-02-09,Sonoma,097,501317,26987,26826,156,26982,267
2021-02-09,Stanislaus,099,539301,49005,47906,5047,52953,679
2021-02-09,Sutter,101,95872,8601,8541,76,8617,92
2021-02-09,Tehama,103,63373,4505,4416,471,4887,22
2021-02-09,Trinity,105,12862,452,266,67,333,3
2021-02-09,Tulare,107,460477,47061,45704,7294,52998,686
2021-02-09,Tuolumne,109,53932,3678,3673,34,3707,48
2021-02-09,Ventura,111,848112,75452,74333,2628,76961,567
2021-02-09,Yolo,113,214977,12504,12220,137,12357,174
2021-02-09,Yuba,115,75493,5336,5235,78,5313,35
2021-02-08,Alameda,001,1643700,78033,76735,1618,78353,924
2021-02-08,Alpine,003,1148,77,73,0,73,0
2021-02-08,Amador,005,37829,3376,3344,27,3371,33
2021-02-08,Butte,007,227075,11022,10524,1541,12065,152
2021-02-08,Calaveras,009,45235,1858,1840,11,1851,21
2021-02-08,Colusa,011,21464,1825,1802,234,2036,10
2021-02-08,Contra Costa,013,1133247,60690,59039,1007,60046,567
2021-02-08,Del Norte,015,27424,927,885,4,889,2
2021-02-08,El Dorado,017,186661,8847,8627,582,9209,86
2021-02-08,Fresno,019,978130,93602,91430,7216,98646,1207
2021-02-08,Glenn,021,27897,2194,2148,469,2617,14
2021-02-08,Humboldt,023,135768,2967,2902,19,2921,29
2021-02-08,Imperial,025,180216,26940,26526,2378,28904,567
2021-02-08,Inyo,027,18085,1174,1126,8,1134,30
2021-02-08,Kern,029,883053,90944,88380,9049,97429,920
2021-02-08,Kings,031,150075,21726,21232,902,22134,195
2021-02-08,Lake,033,64148,3027,2949,1,2950,36
2021-02-08,Lassen,035,31185,5032,4976,87,5063,1
2021-02-08,Los Angeles,037,10098052,1152319,1120179,37224,1157403,17977
2021-02-08,Madera,039,155013,15173,14887,749,15636,93
2021-02-08,Marin,041,260295,12781,12591,145,12736,194
2021-02-08,Mariposa,043,17540,368,355,4,359,4
2021-02-08,Mendocino,045,87422,3519,3355,69,3424,38
2021-02-08,Merced,047,269075,27310,27082,810,27892,346
2021-02-08,Modoc,049,8938,328,318,109,427,3
2021-02-08,Mono,051,14174,1158,1165,15,1180,3
2021-02-08,Monterey,053,433212,40924,40186,1524,41710,283
2021-02-08,Napa,055,140530,8785,8719,31,8750,55
2021-02-08,Nevada,057,99092,3800,3671,147,3818,44
2021-02-08,Orange,059,3164182,242195,238715,9761,248476,3361
2021-02-08,Placer,061,380077,19948,18944,1034,19978,211
2021-02-08,Plumas,063,18699,630,584,10,594,2
2021-02-08,Riverside,065,2383286,280287,272904,12975,285879,3301
2021-02-08,Sacramento,067,1510023,90941,89267,1138,90405,1247
2021-02-08,San Benito,069,59416,5593,5553,78,5631,52
2021-02-08,San Bernardino,071,2135413,282041,274661,8290,282951,2587
2021-02-08,San Diego,073,3302833,256474,247259,12312,259571,2821
2021-02-08,San Francisco,075,870044,33056,32679,951,33630,348
2021-02-08,San Joaquin,077,732212,64816,63148,2557,65705,929
2021-02-08,San Luis Obispo,079,281455,18962,18421,507,18928,214
2021-02-08,San Mateo,081,765935,38258,37084,381,37465,232
2021-02-08,Santa Barbara,083,443738,30953,29978,969,30947,340
2021-02-08,Santa Clara,085,1922200,106548,105413,504,105917,1456
2021-02-08,Santa Cruz,087,273765,14954,13921,729,14650,161
2021-02-08,Shasta,089,179085,10627,10574,1139,11713,137
2021-02-08,Sierra,091,2930,49,44,12,56,0
2021-02-08,Siskiyou,093,43540,1402,1303,206,1509,4
2021-02-08,Solano,095,438530,29050,28644,330,28974,130
2021-02-08,Sonoma,097,501317,26896,26760,155,26915,259
2021-02-08,Stanislaus,099,539301,48850,47704,5019,52723,679
2021-02-08,Sutter,101,95872,8582,8526,76,8602,92
2021-02-08,Tehama,103,63373,4495,4403,468,4871,22
2021-02-08,Trinity,105,12862,450,266,67,333,3
2021-02-08,Tulare,107,460477,46953,45617,7254,52871,673
2021-02-08,Tuolumne,109,53932,3670,3647,34,3681,48
2021-02-08,Ventura,111,848112,75195,74068,2623,76691,565
2021-02-08,Yolo,113,214977,12472,12169,136,12305,162
2021-02-08,Yuba,115,75493,5320,5215,78,5293,35
2021-02-07,Alameda,001,1643700,77732,76500,1610,78110,924
2021-02-07,Alpine,003,1148,74,72,0,72,0
2021-02-07,Amador,005,37829,3355,3343,27,3370,33
2021-02-07,Butte,007,227075,10990,10513,1533,12046,152
2021-02-07,Calaveras,009,45235,1854,1837,11,1848,21
2021-02-07,Colusa,011,21464,1814,1795,232,2027,10
2021-02-07,Contra Costa,013,1133247,60446,58836,1002,59838,566
2021-02-07,Del Norte,015,27424,923,881,4,885,2
2021-02-07,El Dorado,017,186661,8818,8596,580,9176,86
2021-02-07,Fresno,019,978130,93372,91184,7178,98362,1207
2021-02-07,Glenn,021,27897,2190,2141,464,2605,14
2021-02-07,Humboldt,023,135768,2946,2895,19,2914,28
2021-02-07,Imperial,025,180216,26913,26518,2373,28891,567
2021-02-07,Inyo,027,18085,1163,1124,8,1132,27
2021-02-07,Kern,029,883053,90697,88146,8991,97137,920
2021-02-07,Kings,031,150075,21665,21180,899,22079,192
2021-02-07,Lake,033,64148,3012,2940,1,2941,36
2021-02-07,Lassen,035,31185,5021,4973,87,5060,1
2021-02-07,Los Angeles,037,10098052,1149563,1117551,37097,1154648,17889
2021-02-07,Madera,039,155013,15139,14850,745,15595,93
2021-02-07,Marin,041,260295,12748,12571,143,12714,194
2021-02-07,Mariposa,043,17540,367,355,4,359,4
2021-02-07,Mendocino,045,87422,3502,3348,69,3417,38
2021-02-07,Merced,047,269075,27198,26977,798,27775,346
2021-02-07,Modoc,049,8938,328,317,105,422,3
2021-02-07,Mono,051,14174,1155,1165,15,1180,3
2021-02-07,Monterey,053,433212,40788,40113,1505,41618,283
2021-02-07,Napa,055,140530,8762,8701,31,8732,55
2021-02-07,Nevada,057,99092,3789,3643,147,3790,44
2021-02-07,Orange,059,3164182,241597,238155,9728,247883,3336
2021-02-07,Placer,061,380077,19901,18903,1021,19924,211
2021-02-07,Plumas,063,18699,630,584,10,594,2
2021-02-07,Riverside,065,2383286,279757,272301,12954,285255,3267
2021-02-07,Sacramento,067,1510023,90608,88919,1131,90050,1246
2021-02-07,San Benito,069,59416,5574,5548,77,5625,52
2021-02-07,San Bernardino,071,2135413,281448,274316,8265,282581,2587
2021-02-07,San Diego,073,3302833,255688,246561,12248,258809,2821
2021-02-07,San Francisco,075,870044,32936,32609,939,33548,348
2021-02-07,San Joaquin,077,732212,64542,63051,2543,65594,929
2021-02-07,San Luis Obispo,079,281455,18890,18349,500,18849,214
2021-02-07,San Mateo,081,765935,38124,36984,379,37363,232
2021-02-07,Santa Barbara,083,443738,30813,29815,958,30773,340
2021-02-07,Santa Clara,085,1922200,106209,105118,494,105612,1450
2021-02-07,Santa Cruz,087,273765,14900,13887,724,14611,161
2021-02-07,Shasta,089,179085,10607,10570,1131,11701,137
2021-02-07,Sierra,091,2930,49,43,12,55,0
2021-02-07,Siskiyou,093,43540,1395,1295,204,1499,4
2021-02-07,Solano,095,438530,28939,28567,329,28896,130
2021-02-07,Sonoma,097,501317,26789,26684,151,26835,257
2021-02-07,Stanislaus,099,539301,48660,47551,4987,52538,679
2021-02-07,Sutter,101,95872,8554,8515,76,8591,92
2021-02-07,Tehama,103,63373,4479,4396,467,4863,22
2021-02-07,Trinity,105,12862,447,264,65,329,3
2021-02-07,Tulare,107,460477,46831,45520,7176,52696,671
2021-02-07,Tuolumne,109,53932,3646,3619,33,3652,48
2021-02-07,Ventura,111,848112,74884,73759,2611,76370,561
2021-02-07,Yolo,113,214977,12427,12135,136,12271,162
2021-02-07,Yuba,115,75493,5305,5198,76,5274,35
2021-02-06,Alameda,001,1643700,77579,76170,1599,77769,922
2021-02-06,Alpine,003,1148,74,72,0,72,0
2021-02-06,Amador,005,37829,3349,3306,27,3333,33
2021-02-06,Butte,007,227075,10973,10480,1529,12009,150
2021-02-06,Calaveras,009,45235,1852,1832,11,1843,21
2021-02-06,Colusa,011,21464,1812,1791,231,2022,10
2021-02-06,Contra Costa,013,1133247,60299,58567,996,59563,566
2021-02-06,Del Norte,015,27424,919,879,4,883,2
2021-02-06,El Dorado,017,186661,8811,8575,576,9151,86
2021-02-06,Fresno,019,978130,93259,90944,7157,98101,1207
2021-02-06,Glenn,021,27897,2188,2136,463,2599,14
2021-02-06,Humboldt,023,135768,2935,2880,19,2899,28
2021-02-06,Imperial,025,180216,26901,26514,2372,28886,567
2021-02-06,Inyo,027,18085,1160,1113,8,1121,27
2021-02-06,Kern,029,883053,90543,87919,8945,96864,912
2021-02-06,Kings,031,150075,21635,21156,899,22055,190
2021-02-06,Lake,033,64148,3007,2920,1,2921,34
2021-02-06,Lassen,035,31185,5017,4964,86,5050,1
2021-02-06,Los Angeles,037,10098052,1148206,1114718,37000,1151718,17793
2021-02-06,Madera,039,155013,15118,14807,743,15550,93
2021-02-06,Marin,041,260295,12728,12531,143,12674,194
2021-02-06,Mariposa,043,17540,366,355,3,358,4
2021-02-06,Mendocino,045,87422,3484,3316,68,3384,38
2021-02-06,Merced,047,269075,27112,26881,790,27671,346
2021-02-06,Modoc,049,8938,328,313,105,418,3
2021-02-06,Mono,051,14174,1154,1159,15,1174,3
2021-02-06,Monterey,053,433212,40730,39995,1497,41492,282
2021-02-06,Napa,055,140530,8749,8639,31,8670,55
2021-02-06,Nevada,057,99092,3777,3624,147,3771,43
2021-02-06,Orange,059,3164182,241234,237391,9694,247085,3293
2021-02-06,Placer,061,380077,19864,18836,1018,19854,211
2021-02-06,Plumas,063,18699,630,584,10,594,2
2021-02-06,Riverside,065,2383286,279389,271741,12935,284676,3243
2021-02-06,Sacramento,067,1510023,90391,88532,1121,89653,1237
2021-02-06,San Benito,069,59416,5556,5516,77,5593,52
2021-02-06,San Bernardino,071,2135413,281139,273718,8243,281961,2564
2021-02-06,San Diego,073,3302833,255192,245331,12213,257544,2812
2021-02-06,San Francisco,075,870044,32862,32437,929,33366,346
2021-02-06,San Joaquin,077,732212,64463,62840,2532,65372,906
2021-02-06,San Luis Obispo,079,281455,18848,18284,496,18780,214
2021-02-06,San Mateo,081,765935,38056,36824,376,37200,232
2021-02-06,Santa Barbara,083,443738,30737,29645,956,30601,337
2021-02-06,Santa Clara,085,1922200,105987,104639,489,105128,1439
2021-02-06,Santa Cruz,087,273765,14869,13845,720,14565,161
2021-02-06,Shasta,089,179085,10596,10561,1129,11690,137
2021-02-06,Sierra,091,2930,49,43,12,55,0
2021-02-06,Siskiyou,093,43540,1392,1289,203,1492,4
2021-02-06,Solano,095,438530,28903,28446,328,28774,129
2021-02-06,Sonoma,097,501317,26752,26564,149,26713,257
2021-02-06,Stanislaus,099,539301,48564,47325,4972,52297,679
2021-02-06,Sutter,101,95872,8546,8485,76,8561,92
2021-02-06,Tehama,103,63373,4469,4380,466,4846,22
2021-02-06,Trinity,105,12862,447,263,65,328,3
2021-02-06,Tulare,107,460477,46763,45349,7131,52480,664
2021-02-06,Tuolumne,109,53932,3639,3612,33,3645,48
2021-02-06,Ventura,111,848112,74704,73431,2605,76036,552
2021-02-06,Yolo,113,214977,12404,12061,136,12197,161
2021-02-06,Yuba,115,75493,5295,5177,75,5252,35
2021-02-05,Alameda,001,1643700,77350,75716,1597,77313,916
2021-02-05,Alpine,003,1148,74,72,0,72,0
2021-02-05,Amador,005,37829,3344,3299,26,3325,33
2021-02-05,Butte,007,227075,10954,10421,1522,11943,150
2021-02-05,Calaveras,009,45235,1848,1818,11,1829,21
2021-02-05,Colusa,011,21464,1808,1785,231,2016,10
2021-02-05,Contra Costa,013,1133247,60138,58195,994,59189,560
2021-02-05,Del Norte,015,27424,918,874,4,878,2
2021-02-05,El Dorado,017,186661,8791,8527,574,9101,86
2021-02-05,Fresno,019,978130,93057,90513,7136,97649,1194
2021-02-05,Glenn,021,27897,2185,2122,458,2580,14
2021-02-05,Humboldt,023,135768,2925,2857,19,2876,28
2021-02-05,Imperial,025,180216,26882,26474,2371,28845,557
2021-02-05,Inyo,027,18085,1156,1104,8,1112,27
2021-02-05,Kern,029,883053,90374,87470,8879,96349,906
2021-02-05,Kings,031,150075,21597,21021,896,21917,190
2021-02-05,Lake,033,64148,2995,2906,1,2907,33
2021-02-05,Lassen,035,31185,5013,4936,86,5022,1
2021-02-05,Los Angeles,037,10098052,1146107,1110384,36868,1147252,17608
2021-02-05,Madera,039,155013,15084,14752,738,15490,95
2021-02-05,Marin,041,260295,12693,12479,143,12622,193
2021-02-05,Mariposa,043,17540,366,352,3,355,4
2021-02-05,Mendocino,045,87422,3470,3272,68,3340,38
2021-02-05,Merced,047,269075,27052,26760,789,27549,345
2021-02-05,Modoc,049,8938,328,312,105,417,3
2021-02-05,Mono,051,14174,1153,1157,15,1172,3
2021-02-05,Monterey,053,433212,40663,39840,1486,41326,281
2021-02-05,Napa,055,140530,8735,8598,31,8629,55
2021-02-05,Nevada,057,99092,3774,3607,147,3754,43
2021-02-05,Orange,059,3164182,240807,236335,9667,246002,3260
2021-02-05,Placer,061,380077,19828,18756,1016,19772,211
2021-02-05,Plumas,063,18699,628,578,10,588,2
2021-02-05,Riverside,065,2383286,278972,270666,12916,283582,3235
2021-02-05,Sacramento,067,1510023,90211,87992,1114,89106,1231
2021-02-05,San Benito,069,59416,5545,5502,77,5579,51
2021-02-05,San Bernardino,071,2135413,280793,272938,8227,281165,2495
2021-02-05,San Diego,073,3302833,254616,244066,12178,256244,2777
2021-02-05,San Francisco,075,870044,32772,32229,918,33147,337
2021-02-05,San Joaquin,077,732212,64314,62565,2524,65089,902
2021-02-05,San Luis Obispo,079,281455,18787,18152,492,18644,213
2021-02-05,San Mateo,081,765935,37973,36582,375,36957,227
2021-02-05,Santa Barbara,083,443738,30640,29455,943,30398,334
2021-02-05,Santa Clara,085,1922200,105739,104112,487,104599,1421
2021-02-05,Santa Cruz,087,273765,14848,13776,718,14494,161
2021-02-05,Shasta,089,179085,10580,10507,1122,11629,136
2021-02-05,Sierra,091,2930,49,42,12,54,0
2021-02-05,Siskiyou,093,43540,1385,1276,201,1477,4
2021-02-05,Solano,095,438530,28853,28283,328,28611,127
2021-02-05,Sonoma,097,501317,26683,26423,146,26569,252
2021-02-05,Stanislaus,099,539301,48419,47024,4954,51978,678
2021-02-05,Sutter,101,95872,8526,8443,76,8519,92
2021-02-05,Tehama,103,63373,4460,4355,465,4820,22
2021-02-05,Trinity,105,12862,446,260,65,325,3
2021-02-05,Tulare,107,460477,46687,45138,7083,52221,663
2021-02-05,Tuolumne,109,53932,3613,3595,33,3628,45
2021-02-05,Ventura,111,848112,74459,72953,2593,75546,546
2021-02-05,Yolo,113,214977,12385,12025,133,12158,162
2021-02-05,Yuba,115,75493,5278,5145,75,5220,35
2021-02-04,Alameda,001,1643700,77065,75422,1591,77013,899
2021-02-04,Alpine,003,1148,73,72,0,72,0
2021-02-04,Amador,005,37829,3341,3288,26,3314,33
2021-02-04,Butte,007,227075,10921,10386,1514,11900,147
2021-02-04,Calaveras,009,45235,1846,1808,11,1819,21
2021-02-04,Colusa,011,21464,1804,1777,229,2006,10
2021-02-04,Contra Costa,013,1133247,59951,57991,990,58981,550
2021-02-04,Del Norte,015,27424,912,870,4,874,2
2021-02-04,El Dorado,017,186661,8765,8490,571,9061,86
2021-02-04,Fresno,019,978130,92842,90126,7109,97235,1114
2021-02-04,Glenn,021,27897,2180,2102,457,2559,14
2021-02-04,Humboldt,023,135768,2915,2827,19,2846,28
2021-02-04,Imperial,025,180216,26837,26411,2369,28780,556
2021-02-04,Inyo,027,18085,1144,1084,8,1092,27
2021-02-04,Kern,029,883053,90100,87156,8803,95959,898
2021-02-04,Kings,031,150075,21547,20918,890,21808,187
2021-02-04,Lake,033,64148,2983,2882,1,2883,34
2021-02-04,Lassen,035,31185,5010,4927,86,5013,1
2021-02-04,Los Angeles,037,10098052,1143308,1106323,36744,1143067,17396
2021-02-04,Madera,039,155013,15054,14706,735,15441,95
2021-02-04,Marin,041,260295,12657,12431,143,12574,192
2021-02-04,Mariposa,043,17540,366,348,3,351,4
2021-02-04,Mendocino,045,87422,3452,3240,66,3306,38
2021-02-04,Merced,047,269075,26958,26629,786,27415,345
2021-02-04,Modoc,049,8938,328,309,105,414,3
2021-02-04,Mono,051,14174,1151,1153,15,1168,3
2021-02-04,Monterey,053,433212,40552,39619,1469,41088,279
2021-02-04,Napa,055,140530,8706,8573,31,8604,55
2021-02-04,Nevada,057,99092,3754,3590,146,3736,37
2021-02-04,Orange,059,3164182,240165,235677,9625,245302,3238
2021-02-04,Placer,061,380077,19768,18711,1007,19718,210
2021-02-04,Plumas,063,18699,625,562,10,572,2
2021-02-04,Riverside,065,2383286,278208,269851,12877,282728,3230
2021-02-04,Sacramento,067,1510023,89910,87658,1104,88762,1222
2021-02-04,San Benito,069,59416,5531,5488,76,5564,51
2021-02-04,San Bernardino,071,2135413,280244,272223,8207,280430,2409
2021-02-04,San Diego,073,3302833,253828,242613,12112,254725,2738
2021-02-04,San Francisco,075,870044,32658,32116,909,33025,326
2021-02-04,San Joaquin,077,732212,64089,62374,2516,64890,883
2021-02-04,San Luis Obispo,079,281455,18720,18058,490,18548,211
2021-02-04,San Mateo,081,765935,37852,36437,372,36809,226
2021-02-04,Santa Barbara,083,443738,30505,29344,926,30270,322
2021-02-04,Santa Clara,085,1922200,105396,103781,484,104265,1404
2021-02-04,Santa Cruz,087,273765,14815,13713,710,14423,156
2021-02-04,Shasta,089,179085,10554,10466,1117,11583,131
2021-02-04,Sierra,091,2930,49,42,12,54,0
2021-02-04,Siskiyou,093,43540,1376,1273,201,1474,4
2021-02-04,Solano,095,438530,28750,28192,327,28519,120
2021-02-04,Sonoma,097,501317,26601,26276,143,26419,249
2021-02-04,Stanislaus,099,539301,48258,46822,4935,51757,678
2021-02-04,Sutter,101,95872,8506,8401,76,8477,92
2021-02-04,Tehama,103,63373,4443,4327,464,4791,21
2021-02-04,Trinity,105,12862,445,260,64,324,3
2021-02-04,Tulare,107,460477,46560,44983,7025,52008,656
2021-02-04,Tuolumne,109,53932,3573,3585,33,3618,45
2021-02-04,Ventura,111,848112,74127,72595,2580,75175,537
2021-02-04,Yolo,113,214977,12351,11982,132,12114,161
2021-02-04,Yuba,115,75493,5252,5135,75,5210,34
2021-02-03,Alameda,001,1643700,76742,74968,1587,76555,880
2021-02-03,Alpine,003,1148,73,72,0,72,0
2021-02-03,Amador,005,37829,3337,3281,26,3307,33
2021-02-03,Butte,007,227075,10889,10355,1507,11862,144
2021-02-03,Calaveras,009,45235,1831,1799,11,1810,21
2021-02-03,Colusa,011,21464,1799,1773,228,2001,10
2021-02-03,Contra Costa,013,1133247,59710,57762,978,58740,537
2021-02-03,Del Norte,015,27424,907,869,4,873,2
2021-02-03,El Dorado,017,186661,8744,8428,570,8998,86
2021-02-03,Fresno,019,978130,92621,89748,7070,96818,1015
2021-02-03,Glenn,021,27897,2170,2098,456,2554,14
2021-02-03,Humboldt,023,135768,2905,2800,19,2819,27
2021-02-03,Imperial,025,180216,26801,26363,2363,28726,547
2021-02-03,Inyo,027,18085,1134,1071,8,1079,27
2021-02-03,Kern,029,883053,89857,86771,8762,95533,877
2021-02-03,Kings,031,150075,21486,20831,888,21719,172
2021-02-03,Lake,033,64148,2965,2869,1,2870,33
2021-02-03,Lassen,035,31185,4998,4910,86,4996,1
2021-02-03,Los Angeles,037,10098052,1140225,1101890,36623,1138513,17163
2021-02-03,Madera,039,155013,15014,14605,733,15338,94
2021-02-03,Marin,041,260295,12622,12406,143,12549,190
2021-02-03,Mariposa,043,17540,365,347,3,350,4
2021-02-03,Mendocino,045,87422,3426,3236,65,3301,38
2021-02-03,Merced,047,269075,26843,26520,782,27302,343
2021-02-03,Modoc,049,8938,327,308,105,413,3
2021-02-03,Mono,051,14174,1144,1146,15,1161,3
2021-02-03,Monterey,053,433212,40425,39500,1452,40952,279
2021-02-03,Napa,055,140530,8671,8534,31,8565,54
2021-02-03,Nevada,057,99092,3740,3572,146,3718,35
2021-02-03,Orange,059,3164182,239421,234738,9593,244331,3189
2021-02-03,Placer,061,380077,19713,18646,1005,19651,210
2021-02-03,Plumas,063,18699,625,559,10,569,2
2021-02-03,Riverside,065,2383286,277462,269019,12847,281866,3195
2021-02-03,Sacramento,067,1510023,89587,87415,1100,88515,1212
2021-02-03,San Benito,069,59416,5513,5463,73,5536,51
2021-02-03,San Bernardino,071,2135413,279758,271477,8184,279661,2308
2021-02-03,San Diego,073,3302833,252926,241015,12066,253081,2683
2021-02-03,San Francisco,075,870044,32528,31983,904,32887,325
2021-02-03,San Joaquin,077,732212,63861,61976,2506,64482,880
2021-02-03,San Luis Obispo,079,281455,18642,17922,487,18409,206
2021-02-03,San Mateo,081,765935,37714,36227,368,36595,225
2021-02-03,Santa Barbara,083,443738,30356,29121,917,30038,315
2021-02-03,Santa Clara,085,1922200,105080,103278,482,103760,1364
2021-02-03,Santa Cruz,087,273765,14760,13611,704,14315,154
2021-02-03,Shasta,089,179085,10511,10422,1112,11534,130
2021-02-03,Sierra,091,2930,49,42,12,54,0
2021-02-03,Siskiyou,093,43540,1365,1268,200,1468,4
2021-02-03,Solano,095,438530,28628,28057,327,28384,119
2021-02-03,Sonoma,097,501317,26517,26155,142,26297,248
2021-02-03,Stanislaus,099,539301,48082,46598,4916,51514,662
2021-02-03,Sutter,101,95872,8481,8379,76,8455,90
2021-02-03,Tehama,103,63373,4425,4309,461,4770,21
2021-02-03,Trinity,105,12862,445,260,63,323,3
2021-02-03,Tulare,107,460477,46389,44838,6969,51807,640
2021-02-03,Tuolumne,109,53932,3562,3568,33,3601,45
2021-02-03,Ventura,111,848112,73790,72124,2570,74694,526
2021-02-03,Yolo,113,214977,12326,11933,132,12065,161
2021-02-03,Yuba,115,75493,5234,5124,75,5199,34
2021-02-02,Alameda,001,1643700,76398,74642,1575,76217,869
2021-02-02,Alpine,003,1148,73,72,0,72,0
2021-02-02,Amador,005,37829,3306,3275,26,3301,33
2021-02-02,Butte,007,227075,10863,10307,1498,11805,141
2021-02-02,Calaveras,009,45235,1822,1786,11,1797,21
2021-02-02,Colusa,011,21464,1791,1769,223,1992,9
2021-02-02,Contra Costa,013,1133247,59430,57551,975,58526,536
2021-02-02,Del Norte,015,27424,901,868,4,872,2
2021-02-02,El Dorado,017,186661,8704,8405,570,8975,84
2021-02-02,Fresno,019,978130,92320,89542,7035,96577,1009
2021-02-02,Glenn,021,27897,2158,2090,453,2543,14
2021-02-02,Humboldt,023,135768,2893,2784,19,2803,25
2021-02-02,Imperial,025,180216,26748,26317,2357,28674,535
2021-02-02,Inyo,027,18085,1131,1074,8,1082,27
2021-02-02,Kern,029,883053,89554,86485,8686,95171,867
2021-02-02,Kings,031,150075,21408,20785,880,21665,172
2021-02-02,Lake,033,64148,2945,2857,1,2858,33
2021-02-02,Lassen,035,31185,4991,4908,86,4994,1
2021-02-02,Los Angeles,037,10098052,1136840,1097573,36461,1134034,16913
2021-02-02,Madera,039,155013,14963,14595,728,15323,94
2021-02-02,Marin,041,260295,12593,12367,143,12510,189
2021-02-02,Mariposa,043,17540,362,345,3,348,4
2021-02-02,Mendocino,045,87422,3393,3210,65,3275,38
2021-02-02,Merced,047,269075,26746,26427,776,27203,340
2021-02-02,Modoc,049,8938,322,306,105,411,3
2021-02-02,Mono,051,14174,1142,1147,15,1162,3
2021-02-02,Monterey,053,433212,40290,39371,1438,40809,278
2021-02-02,Napa,055,140530,8642,8505,31,8536,53
2021-02-02,Nevada,057,99092,3725,3548,146,3694,20
2021-02-02,Orange,059,3164182,238618,233783,9558,243341,3152
2021-02-02,Placer,061,380077,19655,18615,1001,19616,205
2021-02-02,Plumas,063,18699,625,560,10,570,2
2021-02-02,Riverside,065,2383286,276603,267901,12813,280714,3169
2021-02-02,Sacramento,067,1510023,89297,87107,1089,88196,1202
2021-02-02,San Benito,069,59416,5499,5444,72,5516,50
2021-02-02,San Bernardino,071,2135413,279080,270486,8155,278641,2244
2021-02-02,San Diego,073,3302833,251887,240047,11979,252026,2629
2021-02-02,San Francisco,075,870044,32374,31788,894,32682,324
2021-02-02,San Joaquin,077,732212,63640,61708,2493,64201,878
2021-02-02,San Luis Obispo,079,281455,18548,17811,485,18296,201
2021-02-02,San Mateo,081,765935,37550,36004,362,36366,225
2021-02-02,Santa Barbara,083,443738,30185,28951,910,29861,304
2021-02-02,Santa Clara,085,1922200,104615,102872,477,103349,1349
2021-02-02,Santa Cruz,087,273765,14701,13572,700,14272,150
2021-02-02,Shasta,089,179085,10485,10371,1102,11473,128
2021-02-02,Sierra,091,2930,49,42,12,54,0
2021-02-02,Siskiyou,093,43540,1358,1252,197,1449,4
2021-02-02,Solano,095,438530,28532,27963,323,28286,118
2021-02-02,Sonoma,097,501317,26401,26054,142,26196,247
2021-02-02,Stanislaus,099,539301,47863,46306,4884,51190,641
2021-02-02,Sutter,101,95872,8458,8340,76,8416,89
2021-02-02,Tehama,103,63373,4411,4289,460,4749,21
2021-02-02,Trinity,105,12862,445,260,63,323,3
2021-02-02,Tulare,107,460477,46233,44720,6904,51624,625
2021-02-02,Tuolumne,109,53932,3550,3548,33,3581,39
2021-02-02,Ventura,111,848112,73374,71557,2560,74117,514
2021-02-02,Yolo,113,214977,12281,11886,130,12016,158
2021-02-02,Yuba,115,75493,5216,5111,74,5185,34
2021-02-01,Alameda,001,1643700,76043,74374,1570,75944,858
2021-02-01,Alpine,003,1148,73,72,0,72,0
2021-02-01,Amador,005,37829,3295,3234,26,3260,32
2021-02-01,Butte,007,227075,10819,10263,1494,11757,141
2021-02-01,Calaveras,009,45235,1815,1785,11,1796,21
2021-02-01,Colusa,011,21464,1786,1763,214,1977,9
2021-02-01,Contra Costa,013,1133247,59187,57324,974,58298,531
2021-02-01,Del Norte,015,27424,897,865,4,869,2
2021-02-01,El Dorado,017,186661,8665,8337,570,8907,83
2021-02-01,Fresno,019,978130,91988,89272,7000,96272,994
2021-02-01,Glenn,021,27897,2142,2086,445,2531,14
2021-02-01,Humboldt,023,135768,2872,2773,18,2791,25
2021-02-01,Imperial,025,180216,26704,26224,2355,28579,530
2021-02-01,Inyo,027,18085,1121,1072,8,1080,27
2021-02-01,Kern,029,883053,89157,86170,8618,94788,862
2021-02-01,Kings,031,150075,21317,20746,872,21618,172
2021-02-01,Lake,033,64148,2929,2843,1,2844,33
2021-02-01,Lassen,035,31185,4971,4907,86,4993,1
2021-02-01,Los Angeles,037,10098052,1133013,1094341,36296,1130637,16695
2021-02-01,Madera,039,155013,14928,14572,725,15297,94
2021-02-01,Marin,041,260295,12554,12341,142,12483,188
2021-02-01,Mariposa,043,17540,360,344,3,347,4
2021-02-01,Mendocino,045,87422,3360,3192,65,3257,37
2021-02-01,Merced,047,269075,26622,26282,767,27049,337
2021-02-01,Modoc,049,8938,316,303,101,404,1
2021-02-01,Mono,051,14174,1139,1145,15,1160,3
2021-02-01,Monterey,053,433212,40106,39196,1417,40613,278
2021-02-01,Napa,055,140530,8610,8449,31,8480,52
2021-02-01,Nevada,057,99092,3708,3535,145,3680,20
2021-02-01,Orange,059,3164182,237706,233155,9513,242668,3100
2021-02-01,Placer,061,380077,19588,18574,994,19568,204
2021-02-01,Plumas,063,18699,623,554,10,564,2
2021-02-01,Riverside,065,2383286,275660,267025,12778,279803,3092
2021-02-01,Sacramento,067,1510023,88895,86856,1078,87934,1193
2021-02-01,San Benito,069,59416,5481,5432,72,5504,48
2021-02-01,San Bernardino,071,2135413,278384,270012,8116,278128,2172
2021-02-01,San Diego,073,3302833,250662,239121,11903,251024,2619
2021-02-01,San Francisco,075,870044,32239,31703,882,32585,324
2021-02-01,San Joaquin,077,732212,63434,61542,2482,64024,877
2021-02-01,San Luis Obispo,079,281455,18428,17690,478,18168,199
2021-02-01,San Mateo,081,765935,37401,35843,362,36205,220
2021-02-01,Santa Barbara,083,443738,30016,28837,902,29739,297
2021-02-01,Santa Clara,085,1922200,104198,102462,476,102938,1343
2021-02-01,Santa Cruz,087,273765,14648,13524,698,14222,149
2021-02-01,Shasta,089,179085,10460,10329,1096,11425,112
2021-02-01,Sierra,091,2930,49,42,12,54,0
2021-02-01,Siskiyou,093,43540,1351,1238,194,1432,4
2021-02-01,Solano,095,438530,28427,27844,322,28166,117
2021-02-01,Sonoma,097,501317,26313,26011,141,26152,243
2021-02-01,Stanislaus,099,539301,47606,46112,4856,50968,642
2021-02-01,Sutter,101,95872,8419,8313,76,8389,89
2021-02-01,Tehama,103,63373,4385,4263,460,4723,21
2021-02-01,Trinity,105,12862,443,260,63,323,3
2021-02-01,Tulare,107,460477,46088,44569,6824,51393,618
2021-02-01,Tuolumne,109,53932,3542,3534,33,3567,39
2021-02-01,Ventura,111,848112,72969,71104,2543,73647,502
2021-02-01,Yolo,113,214977,12233,11824,130,11954,151
2021-02-01,Yuba,115,75493,5202,5084,73,5157,33
2021-01-31,Alameda,001,1643700,75618,73979,1562,75541,857
2021-01-31,Alpine,003,1148,73,72,0,72,0
2021-01-31,Amador,005,37829,3285,3212,25,3237,32
2021-01-31,Butte,007,227075,10774,10215,1484,11699,140
2021-01-31,Calaveras,009,45235,1795,1778,11,1789,21
2021-01-31,Colusa,011,21464,1780,1754,209,1963,9
2021-01-31,Contra Costa,013,1133247,58855,57079,974,58053,531
2021-01-31,Del Norte,015,27424,895,865,4,869,2
2021-01-31,El Dorado,017,186661,8628,8317,568,8885,83
2021-01-31,Fresno,019,978130,91676,88852,6946,95798,994
2021-01-31,Glenn,021,27897,2132,2083,444,2527,14
2021-01-31,Humboldt,023,135768,2856,2767,18,2785,25
2021-01-31,Imperial,025,180216,26632,26206,2346,28552,530
2021-01-31,Inyo,027,18085,1108,1072,8,1080,27
2021-01-31,Kern,029,883053,88660,85872,8534,94406,861
2021-01-31,Kings,031,150075,21233,20709,860,21569,172
2021-01-31,Lake,033,64148,2908,2826,1,2827,33
2021-01-31,Lassen,035,31185,4955,4900,86,4986,1
2021-01-31,Los Angeles,037,10098052,1128383,1090304,36095,1126399,16609
2021-01-31,Madera,039,155013,14874,14496,717,15213,94
2021-01-31,Marin,041,260295,12507,12297,138,12435,185
2021-01-31,Mariposa,043,17540,358,344,3,347,4
2021-01-31,Mendocino,045,87422,3337,3181,64,3245,37
2021-01-31,Merced,047,269075,26478,26222,762,26984,337
2021-01-31,Modoc,049,8938,313,304,99,403,1
2021-01-31,Mono,051,14174,1136,1146,15,1161,3
2021-01-31,Monterey,053,433212,39927,39035,1390,40425,278
2021-01-31,Napa,055,140530,8568,8404,31,8435,52
2021-01-31,Nevada,057,99092,3686,3518,143,3661,20
2021-01-31,Orange,059,3164182,236688,232347,9473,241820,3053
2021-01-31,Placer,061,380077,19510,18506,983,19489,204
2021-01-31,Plumas,063,18699,622,554,10,564,2
2021-01-31,Riverside,065,2383286,274643,266145,12731,278876,3074
2021-01-31,Sacramento,067,1510023,88453,86560,1064,87624,1186
2021-01-31,San Benito,069,59416,5459,5425,70,5495,48
2021-01-31,San Bernardino,071,2135413,277382,269533,8087,277620,2156
2021-01-31,San Diego,073,3302833,249349,238039,11789,249828,2619
2021-01-31,San Francisco,075,870044,32050,31563,871,32434,323
2021-01-31,San Joaquin,077,732212,63033,61379,2473,63852,877
2021-01-31,San Luis Obispo,079,281455,18295,17615,473,18088,199
2021-01-31,San Mateo,081,765935,37211,35659,359,36018,219
2021-01-31,Santa Barbara,083,443738,29772,28570,893,29463,297
2021-01-31,Santa Clara,085,1922200,103663,101986,467,102453,1330
2021-01-31,Santa Cruz,087,273765,14553,13469,684,14153,149
2021-01-31,Shasta,089,179085,10415,10313,1088,11401,112
2021-01-31,Sierra,091,2930,48,43,12,55,0
2021-01-31,Siskiyou,093,43540,1341,1238,194,1432,4
2021-01-31,Solano,095,438530,28297,27678,322,28000,118
2021-01-31,Sonoma,097,501317,26210,25925,140,26065,243
2021-01-31,Stanislaus,099,539301,47322,45971,4826,50797,642
2021-01-31,Sutter,101,95872,8374,8289,76,8365,89
2021-01-31,Tehama,103,63373,4363,4256,459,4715,21
2021-01-31,Trinity,105,12862,441,260,63,323,3
2021-01-31,Tulare,107,460477,45920,44440,6745,51185,618
2021-01-31,Tuolumne,109,53932,3504,3519,33,3552,39
2021-01-31,Ventura,111,848112,72374,70635,2530,73165,502
2021-01-31,Yolo,113,214977,12172,11771,130,11901,151
2021-01-31,Yuba,115,75493,5182,5071,73,5144,33
2021-01-30,Alameda,001,1643700,75414,73622,1557,75179,850
2021-01-30,Alpine,003,1148,73,72,0,72,0
2021-01-30,Amador,005,37829,3281,3181,25,3206,32
2021-01-30,Butte,007,227075,10740,10177,1475,11652,139
2021-01-30,Calaveras,009,45235,1782,1763,11,1774,21
2021-01-30,Colusa,011,21464,1778,1748,209,1957,9
2021-01-30,Contra Costa,013,1133247,58676,56763,970,57733,531
2021-01-30,Del Norte,015,27424,894,865,4,869,2
2021-01-30,El Dorado,017,186661,8608,8299,567,8866,83
2021-01-30,Fresno,019,978130,91496,88476,6926,95402,964
2021-01-30,Glenn,021,27897,2129,2074,442,2516,14
2021-01-30,Humboldt,023,135768,2845,2742,18,2760,24
2021-01-30,Imperial,025,180216,26608,26160,2344,28504,530
2021-01-30,Inyo,027,18085,1104,1068,8,1076,27
2021-01-30,Kern,029,883053,88459,85572,8469,94041,848
2021-01-30,Kings,031,150075,21162,20605,855,21460,169
2021-01-30,Lake,033,64148,2902,2809,1,2810,33
2021-01-30,Lassen,035,31185,4951,4890,86,4976,1
2021-01-30,Los Angeles,037,10098052,1125985,1084763,35953,1120716,16484
2021-01-30,Madera,039,155013,14832,14443,712,15155,94
2021-01-30,Marin,041,260295,12480,12225,137,12362,185
2021-01-30,Mariposa,043,17540,356,344,3,347,4
2021-01-30,Mendocino,045,87422,3323,3153,63,3216,36
2021-01-30,Merced,047,269075,26404,26078,760,26838,335
2021-01-30,Modoc,049,8938,313,303,99,402,1
2021-01-30,Mono,051,14174,1136,1143,15,1158,3
2021-01-30,Monterey,053,433212,39867,38847,1388,40235,277
2021-01-30,Napa,055,140530,8552,8342,31,8373,52
2021-01-30,Nevada,057,99092,3667,3499,143,3642,20
2021-01-30,Orange,059,3164182,236143,231358,9436,240794,3013
2021-01-30,Placer,061,380077,19457,18430,977,19407,205
2021-01-30,Plumas,063,18699,620,554,10,564,2
2021-01-30,Riverside,065,2383286,274046,265137,12700,277837,3061
2021-01-30,Sacramento,067,1510023,88262,86388,1059,87447,1184
2021-01-30,San Benito,069,59416,5441,5401,69,5470,48
2021-01-30,San Bernardino,071,2135413,276954,268660,8068,276728,2122
2021-01-30,San Diego,073,3302833,248584,236765,11744,248509,2603
2021-01-30,San Francisco,075,870044,31949,31427,868,32295,316
2021-01-30,San Joaquin,077,732212,62901,61120,2464,63584,864
2021-01-30,San Luis Obispo,079,281455,18215,17522,472,17994,198
2021-01-30,San Mateo,081,765935,37072,35451,358,35809,219
2021-01-30,Santa Barbara,083,443738,29630,28342,891,29233,296
2021-01-30,Santa Clara,085,1922200,103334,101471,465,101936,1307
2021-01-30,Santa Cruz,087,273765,14513,13383,683,14066,149
2021-01-30,Shasta,089,179085,10396,10283,1085,11368,112
2021-01-30,Sierra,091,2930,48,43,12,55,0
2021-01-30,Siskiyou,093,43540,1338,1236,193,1429,4
2021-01-30,Solano,095,438530,28214,27511,321,27832,118
2021-01-30,Sonoma,097,501317,26162,25810,137,25947,243
2021-01-30,Stanislaus,099,539301,47192,45697,4799,50496,642
2021-01-30,Sutter,101,95872,8358,8226,76,8302,87
2021-01-30,Tehama,103,63373,4350,4229,458,4687,21
2021-01-30,Trinity,105,12862,441,259,63,322,3
2021-01-30,Tulare,107,460477,45784,44203,6709,50912,615
2021-01-30,Tuolumne,109,53932,3500,3508,33,3541,36
2021-01-30,Ventura,111,848112,72062,69931,2516,72447,493
2021-01-30,Yolo,113,214977,12158,11698,129,11827,151
2021-01-30,Yuba,115,75493,5172,5042,72,5114,33
2021-01-29,Alameda,001,1643700,75147,73210,1550,74760,841
2021-01-29,Alpine,003,1148,73,72,0,72,0
2021-01-29,Amador,005,37829,3269,3134,24,3158,32
2021-01-29,Butte,007,227075,10708,10122,1466,11588,138
2021-01-29,Calaveras,009,45235,1771,1757,11,1768,21
2021-01-29,Colusa,011,21464,1774,1734,208,1942,8
2021-01-29,Contra Costa,013,1133247,58509,56318,968,57286,529
2021-01-29,Del Norte,015,27424,893,865,4,869,2
2021-01-29,El Dorado,017,186661,8591,8231,566,8797,83
2021-01-29,Fresno,019,978130,91282,87936,6890,94826,962
2021-01-29,Glenn,021,27897,2124,2061,441,2502,14
2021-01-29,Humboldt,023,135768,2832,2707,18,2725,24
2021-01-29,Imperial,025,180216,26593,26045,2341,28386,521
2021-01-29,Inyo,027,18085,1092,1048,8,1056,27
2021-01-29,Kern,029,883053,88232,85044,8418,93462,836
2021-01-29,Kings,031,150075,21123,20466,850,21316,169
2021-01-29,Lake,033,64148,2892,2792,1,2793,32
2021-01-29,Lassen,035,31185,4948,4874,86,4960,1
2021-01-29,Los Angeles,037,10098052,1122489,1078329,35803,1114132,16190
2021-01-29,Madera,039,155013,14785,14377,712,15089,94
2021-01-29,Marin,041,260295,12435,12145,136,12281,185
2021-01-29,Mariposa,043,17540,355,342,3,345,4
2021-01-29,Mendocino,045,87422,3314,3131,62,3193,36
2021-01-29,Merced,047,269075,26330,25865,755,26620,334
2021-01-29,Modoc,049,8938,312,297,99,396,1
2021-01-29,Mono,051,14174,1134,1139,15,1154,3
2021-01-29,Monterey,053,433212,39754,38539,1380,39919,277
2021-01-29,Napa,055,140530,8521,8276,31,8307,52
2021-01-29,Nevada,057,99092,3658,3487,142,3629,20
2021-01-29,Orange,059,3164182,235467,229917,9399,239316,2967
2021-01-29,Placer,061,380077,19404,18367,973,19340,203
2021-01-29,Plumas,063,18699,619,548,10,558,2
2021-01-29,Riverside,065,2383286,273243,263504,12668,276172,3008
2021-01-29,Sacramento,067,1510023,88008,86320,1054,87374,1169
2021-01-29,San Benito,069,59416,5433,5386,69,5455,48
2021-01-29,San Bernardino,071,2135413,276437,267490,8030,275520,2095
2021-01-29,San Diego,073,3302833,247642,234637,11666,246303,2571
2021-01-29,San Francisco,075,870044,31810,31294,860,32154,307
2021-01-29,San Joaquin,077,732212,62757,60899,2450,63349,858
2021-01-29,San Luis Obispo,079,281455,18155,17440,467,17907,193
2021-01-29,San Mateo,081,765935,36939,35223,355,35578,218
2021-01-29,Santa Barbara,083,443738,29497,28105,885,28990,291
2021-01-29,Santa Clara,085,1922200,102980,101010,463,101473,1273
2021-01-29,Santa Cruz,087,273765,14460,13311,680,13991,148
2021-01-29,Shasta,089,179085,10379,10220,1081,11301,112
2021-01-29,Sierra,091,2930,48,43,12,55,0
2021-01-29,Siskiyou,093,43540,1337,1227,193,1420,4
2021-01-29,Solano,095,438530,28131,27352,319,27671,116
2021-01-29,Sonoma,097,501317,26106,25710,136,25846,243
2021-01-29,Stanislaus,099,539301,47049,45466,4777,50243,642
2021-01-29,Sutter,101,95872,8339,8181,76,8257,87
2021-01-29,Tehama,103,63373,4338,4191,456,4647,20
2021-01-29,Trinity,105,12862,441,260,63,323,3
2021-01-29,Tulare,107,460477,45677,43925,6670,50595,606
2021-01-29,Tuolumne,109,53932,3490,3483,33,3516,36
2021-01-29,Ventura,111,848112,71640,69511,2503,72014,484
2021-01-29,Yolo,113,214977,12120,11612,129,11741,151
2021-01-29,Yuba,115,75493,5156,5018,72,5090,32
2021-01-28,Alameda,001,1643700,74724,72758,1542,74300,833
2021-01-28,Alpine,003,1148,73,72,0,72,0
2021-01-28,Amador,005,37829,3232,3124,24,3148,31
2021-01-28,Butte,007,227075,10667,10037,1456,11493,138
2021-01-28,Calaveras,009,45235,1758,1747,10,1757,21
2021-01-28,Colusa,011,21464,1767,1731,204,1935,8
2021-01-28,Contra Costa,013,1133247,58266,55999,958,56957,525
2021-01-28,Del Norte,015,27424,892,862,4,866,2
2021-01-28,El Dorado,017,186661,8576,8198,561,8759,79
2021-01-28,Fresno,019,978130,90996,87401,6843,94244,949
2021-01-28,Glenn,021,27897,2119,2043,434,2477,14
2021-01-28,Humboldt,023,135768,2815,2686,18,2704,24
2021-01-28,Imperial,025,180216,26549,25984,2334,28318,517
2021-01-28,Inyo,027,18085,1087,1039,8,1047,27
2021-01-28,Kern,029,883053,87903,84708,8335,93043,817
2021-01-28,Kings,031,150075,21063,20328,847,21175,167
2021-01-28,Lake,033,64148,2877,2772,1,2773,32
2021-01-28,Lassen,035,31185,4942,4865,86,4951,1
2021-01-28,Los Angeles,037,10098052,1118574,1072412,35617,1108029,15967
2021-01-28,Madera,039,155013,14730,14301,708,15009,94
2021-01-28,Marin,041,260295,12386,12079,135,12214,183
2021-01-28,Mariposa,043,17540,355,334,3,337,4
2021-01-28,Mendocino,045,87422,3297,3110,62,3172,36
2021-01-28,Merced,047,269075,26208,25620,743,26363,328
2021-01-28,Modoc,049,8938,311,297,99,396,0
2021-01-28,Mono,051,14174,1132,1131,15,1146,3
2021-01-28,Monterey,053,433212,39560,38312,1361,39673,274
2021-01-28,Napa,055,140530,8474,8233,31,8264,50
2021-01-28,Nevada,057,99092,3643,3452,141,3593,19
2021-01-28,Orange,059,3164182,234491,228636,9369,238005,2860
2021-01-28,Placer,061,380077,19344,18246,970,19216,198
2021-01-28,Plumas,063,18699,618,547,10,557,2
2021-01-28,Riverside,065,2383286,272462,262342,12620,274962,2981
2021-01-28,Sacramento,067,1510023,87645,85698,1043,86741,1149
2021-01-28,San Benito,069,59416,5415,5344,68,5412,47
2021-01-28,San Bernardino,071,2135413,275735,266456,8009,274465,2057
2021-01-28,San Diego,073,3302833,246489,232967,11577,244544,2534
2021-01-28,San Francisco,075,870044,31673,31193,844,32037,290
2021-01-28,San Joaquin,077,732212,62494,60627,2436,63063,854
2021-01-28,San Luis Obispo,079,281455,18055,17279,465,17744,189
2021-01-28,San Mateo,081,765935,36770,34931,339,35270,218
2021-01-28,Santa Barbara,083,443738,29274,27674,872,28546,284
2021-01-28,Santa Clara,085,1922200,102524,100470,461,100931,1219
2021-01-28,Santa Cruz,087,273765,14371,13188,674,13862,145
2021-01-28,Shasta,089,179085,10345,10176,1073,11249,110
2021-01-28,Sierra,091,2930,48,43,12,55,0
2021-01-28,Siskiyou,093,43540,1330,1218,191,1409,4
2021-01-28,Solano,095,438530,27971,27163,318,27481,114
2021-01-28,Sonoma,097,501317,26015,25564,136,25700,236
2021-01-28,Stanislaus,099,539301,46841,45162,4758,49920,640
2021-01-28,Sutter,101,95872,8292,8136,76,8212,85
2021-01-28,Tehama,103,63373,4315,4163,453,4616,20
2021-01-28,Trinity,105,12862,439,260,63,323,3
2021-01-28,Tulare,107,460477,45521,43742,6595,50337,595
2021-01-28,Tuolumne,109,53932,3476,3472,33,3505,32
2021-01-28,Ventura,111,848112,71128,68896,2487,71383,475
2021-01-28,Yolo,113,214977,12077,11500,125,11625,151
2021-01-28,Yuba,115,75493,5140,4994,71,5065,32
2021-01-27,Alameda,001,1643700,74306,72188,1535,73723,815
2021-01-27,Alpine,003,1148,73,72,0,72,0
2021-01-27,Amador,005,37829,3216,3116,24,3140,31
2021-01-27,Butte,007,227075,10628,9988,1444,11432,138
2021-01-27,Calaveras,009,45235,1749,1737,10,1747,21
2021-01-27,Colusa,011,21464,1761,1724,202,1926,8
2021-01-27,Contra Costa,013,1133247,57971,55578,955,56533,507
2021-01-27,Del Norte,015,27424,891,859,4,863,2
2021-01-27,El Dorado,017,186661,8550,8141,560,8701,76
2021-01-27,Fresno,019,978130,90704,86886,6801,93687,938
2021-01-27,Glenn,021,27897,2115,2042,433,2475,14
2021-01-27,Humboldt,023,135768,2793,2630,18,2648,24
2021-01-27,Imperial,025,180216,26495,25861,2322,28183,504
2021-01-27,Inyo,027,18085,1083,1023,8,1031,27
2021-01-27,Kern,029,883053,87593,84244,8265,92509,809
2021-01-27,Kings,031,150075,20957,20211,839,21050,167
2021-01-27,Lake,033,64148,2857,2750,1,2751,32
2021-01-27,Lassen,035,31185,4936,4851,86,4937,1
2021-01-27,Los Angeles,037,10098052,1113763,1066569,35413,1101982,15757
2021-01-27,Madera,039,155013,14688,14194,703,14897,86
2021-01-27,Marin,041,260295,12348,12028,134,12162,180
2021-01-27,Mariposa,043,17540,355,333,3,336,4
2021-01-27,Mendocino,045,87422,3277,3095,62,3157,36
2021-01-27,Merced,047,269075,26049,25439,732,26171,315
2021-01-27,Modoc,049,8938,311,297,96,393,0
2021-01-27,Mono,051,14174,1130,1131,15,1146,3
2021-01-27,Monterey,053,433212,39353,38139,1342,39481,268
2021-01-27,Napa,055,140530,8401,8187,31,8218,46
2021-01-27,Nevada,057,99092,3621,3431,141,3572,18
2021-01-27,Orange,059,3164182,233375,227110,9317,236427,2832
2021-01-27,Placer,061,380077,19274,18106,959,19065,198
2021-01-27,Plumas,063,18699,618,544,10,554,2
2021-01-27,Riverside,065,2383286,271265,260796,12569,273365,2931
2021-01-27,Sacramento,067,1510023,87285,85428,1032,86460,1142
2021-01-27,San Benito,069,59416,5400,5284,68,5352,47
2021-01-27,San Bernardino,071,2135413,274880,265153,7976,273129,2019
2021-01-27,San Diego,073,3302833,245160,231478,11472,242950,2465
2021-01-27,San Francisco,075,870044,31529,31082,837,31919,287
2021-01-27,San Joaquin,077,732212,62224,60131,2417,62548,853
2021-01-27,San Luis Obispo,079,281455,17947,17119,461,17580,188
2021-01-27,San Mateo,081,765935,36615,34619,336,34955,216
2021-01-27,Santa Barbara,083,443738,29097,27435,866,28301,282
2021-01-27,Santa Clara,085,1922200,102109,99732,457,100189,1184
2021-01-27,Santa Cruz,087,273765,14301,13111,671,13782,143
2021-01-27,Shasta,089,179085,10311,10106,1067,11173,105
2021-01-27,Sierra,091,2930,48,44,12,56,0
2021-01-27,Siskiyou,093,43540,1325,1214,188,1402,4
2021-01-27,Solano,095,438530,27794,26982,311,27293,112
2021-01-27,Sonoma,097,501317,25916,25361,132,25493,237
2021-01-27,Stanislaus,099,539301,46657,44874,4733,49607,624
2021-01-27,Sutter,101,95872,8249,8093,76,8169,83
2021-01-27,Tehama,103,63373,4295,4133,449,4582,20
2021-01-27,Trinity,105,12862,439,260,63,323,3
2021-01-27,Tulare,107,460477,45334,43462,6525,49987,583
2021-01-27,Tuolumne,109,53932,3466,3464,33,3497,32
2021-01-27,Ventura,111,848112,70654,68291,2462,70753,468
2021-01-27,Yolo,113,214977,12029,11427,123,11550,151
2021-01-27,Yuba,115,75493,5124,4968,71,5039,32
2021-01-26,Alameda,001,1643700,73931,71851,1518,73369,789
2021-01-26,Alpine,003,1148,73,72,0,72,0
2021-01-26,Amador,005,37829,3205,3113,24,3137,31
2021-01-26,Butte,007,227075,10586,9943,1438,11381,136
2021-01-26,Calaveras,009,45235,1739,1723,10,1733,21
2021-01-26,Colusa,011,21464,1754,1719,199,1918,8
2021-01-26,Contra Costa,013,1133247,57698,55337,947,56284,491
2021-01-26,Del Norte,015,27424,890,856,4,860,2
2021-01-26,El Dorado,017,186661,8525,8115,558,8673,71
2021-01-26,Fresno,019,978130,90346,86673,6758,93431,923
2021-01-26,Glenn,021,27897,2105,2034,428,2462,13
2021-01-26,Humboldt,023,135768,2772,2612,17,2629,24
2021-01-26,Imperial,025,180216,26423,25812,2310,28122,498
2021-01-26,Inyo,027,18085,1077,1018,8,1026,27
2021-01-26,Kern,029,883053,87170,83868,8190,92058,790
2021-01-26,Kings,031,150075,20899,20156,834,20990,159
2021-01-26,Lake,033,64148,2849,2748,1,2749,32
2021-01-26,Lassen,035,31185,4930,4844,86,4930,1
2021-01-26,Los Angeles,037,10098052,1108475,1060492,35212,1095704,15458
2021-01-26,Madera,039,155013,14631,14130,697,14827,86
2021-01-26,Marin,041,260295,12304,11993,132,12125,179
2021-01-26,Mariposa,043,17540,353,332,3,335,3
2021-01-26,Mendocino,045,87422,3251,3076,61,3137,36
2021-01-26,Merced,047,269075,25909,25359,724,26083,309
2021-01-26,Modoc,049,8938,304,291,95,386,0
2021-01-26,Mono,051,14174,1128,1120,15,1135,3
2021-01-26,Monterey,053,433212,39159,37963,1322,39285,255
2021-01-26,Napa,055,140530,8344,8145,31,8176,43
2021-01-26,Nevada,057,99092,3614,3410,140,3550,18
2021-01-26,Orange,059,3164182,232252,225987,9271,235258,2760
2021-01-26,Placer,061,380077,19198,18016,957,18973,193
2021-01-26,Plumas,063,18699,616,536,10,546,2
2021-01-26,Riverside,065,2383286,269896,259399,12506,271905,2898
2021-01-26,Sacramento,067,1510023,86927,85062,1025,86087,1127
2021-01-26,San Benito,069,59416,5386,5251,67,5318,45
2021-01-26,San Bernardino,071,2135413,273886,263736,7934,271670,1970
2021-01-26,San Diego,073,3302833,243665,230063,11370,241433,2421
2021-01-26,San Francisco,075,870044,31397,30874,818,31692,286
2021-01-26,San Joaquin,077,732212,61972,59889,2401,62290,847
2021-01-26,San Luis Obispo,079,281455,17866,17016,458,17474,186
2021-01-26,San Mateo,081,765935,36421,34441,325,34766,213
2021-01-26,Santa Barbara,083,443738,28921,27321,854,28175,273
2021-01-26,Santa Clara,085,1922200,101630,99215,454,99669,1171
2021-01-26,Santa Cruz,087,273765,14235,13045,665,13710,134
2021-01-26,Shasta,089,179085,10276,10036,1059,11095,103
2021-01-26,Sierra,091,2930,48,43,12,55,0
2021-01-26,Siskiyou,093,43540,1310,1208,186,1394,4
2021-01-26,Solano,095,438530,27638,26858,304,27162,110
2021-01-26,Sonoma,097,501317,25797,25273,130,25403,236
2021-01-26,Stanislaus,099,539301,46475,44703,4693,49396,599
2021-01-26,Sutter,101,95872,8206,8067,76,8143,83
2021-01-26,Tehama,103,63373,4262,4115,449,4564,20
2021-01-26,Trinity,105,12862,439,260,63,323,3
2021-01-26,Tulare,107,460477,45131,43394,6457,49851,579
2021-01-26,Tuolumne,109,53932,3456,3451,33,3484,30
2021-01-26,Ventura,111,848112,70122,67526,2436,69962,448
2021-01-26,Yolo,113,214977,11984,11361,120,11481,148
2021-01-26,Yuba,115,75493,5099,4944,69,5013,31
2021-01-25,Alameda,001,1643700,73505,71255,1508,72763,780
2021-01-25,Alpine,003,1148,73,72,0,72,0
2021-01-25,Amador,005,37829,3165,3074,24,3098,30
2021-01-25,Butte,007,227075,10519,9865,1430,11295,133
2021-01-25,Calaveras,009,45235,1724,1713,10,1723,21
2021-01-25,Colusa,011,21464,1742,1709,195,1904,8
2021-01-25,Contra Costa,013,1133247,57346,54989,940,55929,488
2021-01-25,Del Norte,015,27424,890,855,4,859,2
2021-01-25,El Dorado,017,186661,8500,8060,558,8618,66
2021-01-25,Fresno,019,978130,89975,86336,6726,93062,913
2021-01-25,Glenn,021,27897,2096,2028,428,2456,13
2021-01-25,Humboldt,023,135768,2738,2587,17,2604,24
2021-01-25,Imperial,025,180216,26376,25745,2303,28048,491
2021-01-25,Inyo,027,18085,1071,1015,8,1023,27
2021-01-25,Kern,029,883053,86784,83401,8105,91506,787
2021-01-25,Kings,031,150075,20779,20067,830,20897,159
2021-01-25,Lake,033,64148,2831,2729,1,2730,32
2021-01-25,Lassen,035,31185,4903,4835,86,4921,1
2021-01-25,Los Angeles,037,10098052,1102508,1055181,34991,1090172,15163
2021-01-25,Madera,039,155013,14576,14068,692,14760,86
2021-01-25,Marin,041,260295,12255,11923,128,12051,177
2021-01-25,Mariposa,043,17540,350,331,3,334,3
2021-01-25,Mendocino,045,87422,3240,3054,61,3115,35
2021-01-25,Merced,047,269075,25770,25181,715,25896,305
2021-01-25,Modoc,049,8938,303,288,91,379,0
2021-01-25,Mono,051,14174,1125,1114,14,1128,3
2021-01-25,Monterey,053,433212,38907,37726,1303,39029,255
2021-01-25,Napa,055,140530,8310,8057,30,8087,43
2021-01-25,Nevada,057,99092,3600,3365,140,3505,18
2021-01-25,Orange,059,3164182,231043,225105,9226,234331,2696
2021-01-25,Placer,061,380077,19110,17936,942,18878,193
2021-01-25,Plumas,063,18699,613,533,10,543,2
2021-01-25,Riverside,065,2383286,268158,258082,12453,270535,2789
2021-01-25,Sacramento,067,1510023,86485,84653,1017,85670,1118
2021-01-25,San Benito,069,59416,5351,5238,66,5304,43
2021-01-25,San Bernardino,071,2135413,272963,263174,7898,271072,1947
2021-01-25,San Diego,073,3302833,242052,228630,11298,239928,2375
2021-01-25,San Francisco,075,870044,31250,30734,795,31529,288
2021-01-25,San Joaquin,077,732212,61681,59291,2376,61667,838
2021-01-25,San Luis Obispo,079,281455,17732,16868,453,17321,179
2021-01-25,San Mateo,081,765935,36188,34187,319,34506,213
2021-01-25,Santa Barbara,083,443738,28687,27065,844,27909,269
2021-01-25,Santa Clara,085,1922200,101106,98647,446,99093,1143
2021-01-25,Santa Cruz,087,273765,14148,12973,661,13634,133
2021-01-25,Shasta,089,179085,10235,9991,1048,11039,103
2021-01-25,Sierra,091,2930,48,42,12,54,0
2021-01-25,Siskiyou,093,43540,1302,1205,183,1388,4
2021-01-25,Solano,095,438530,27470,26648,303,26951,109
2021-01-25,Sonoma,097,501317,25690,25160,128,25288,233
2021-01-25,Stanislaus,099,539301,46229,44293,4651,48944,599
2021-01-25,Sutter,101,95872,8163,8023,76,8099,83
2021-01-25,Tehama,103,63373,4235,4082,445,4527,20
2021-01-25,Trinity,105,12862,439,262,63,325,3
2021-01-25,Tulare,107,460477,44914,43124,6355,49479,578
2021-01-25,Tuolumne,109,53932,3447,3422,33,3455,29
2021-01-25,Ventura,111,848112,69501,66910,2420,69330,439
2021-01-25,Yolo,113,214977,11899,11276,119,11395,140
2021-01-25,Yuba,115,75493,5077,4900,67,4967,31
2021-01-24,Alameda,001,1643700,73002,70823,1497,72320,780
2021-01-24,Alpine,003,1148,73,72,0,72,0
2021-01-24,Amador,005,37829,3132,3054,24,3078,30
2021-01-24,Butte,007,227075,10435,9820,1414,11234,133
2021-01-24,Calaveras,009,45235,1711,1704,10,1714,21
2021-01-24,Colusa,011,21464,1731,1689,189,1878,8
2021-01-24,Contra Costa,013,1133247,56961,54694,928,55622,488
2021-01-24,Del Norte,015,27424,886,855,4,859,2
2021-01-24,El Dorado,017,186661,8465,8003,554,8557,66
2021-01-24,Fresno,019,978130,89536,85808,6687,92495,911
2021-01-24,Glenn,021,27897,2088,2026,427,2453,13
2021-01-24,Humboldt,023,135768,2699,2562,17,2579,24
2021-01-24,Imperial,025,180216,26280,25707,2282,27989,488
2021-01-24,Inyo,027,18085,1055,1007,8,1015,27
2021-01-24,Kern,029,883053,86349,83125,7998,91123,785
2021-01-24,Kings,031,150075,20651,19988,814,20802,159
2021-01-24,Lake,033,64148,2814,2724,0,2724,32
2021-01-24,Lassen,035,31185,4892,4828,83,4911,1
2021-01-24,Los Angeles,037,10098052,1096092,1048757,34686,1083443,15119
2021-01-24,Madera,039,155013,14493,14000,686,14686,86
2021-01-24,Marin,041,260295,12191,11872,127,11999,177
2021-01-24,Mariposa,043,17540,346,322,3,325,3
2021-01-24,Mendocino,045,87422,3219,3037,60,3097,33
2021-01-24,Merced,047,269075,25559,25047,706,25753,305
2021-01-24,Modoc,049,8938,303,285,91,376,0
2021-01-24,Mono,051,14174,1118,1113,14,1127,3
2021-01-24,Monterey,053,433212,38635,37527,1269,38796,254
2021-01-24,Napa,055,140530,8268,8005,30,8035,43
2021-01-24,Nevada,057,99092,3558,3349,138,3487,18
2021-01-24,Orange,059,3164182,229611,223853,9158,233011,2632
2021-01-24,Placer,061,380077,18997,17839,922,18761,193
2021-01-24,Plumas,063,18699,610,532,10,542,2
2021-01-24,Riverside,065,2383286,266518,256767,12377,269144,2761
2021-01-24,Sacramento,067,1510023,85931,84110,1009,85119,1112
2021-01-24,San Benito,069,59416,5309,5223,63,5286,43
2021-01-24,San Bernardino,071,2135413,271651,262370,7846,270216,1935
2021-01-24,San Diego,073,3302833,240358,227193,11167,238360,2375
2021-01-24,San Francisco,075,870044,31061,30559,774,31333,275
2021-01-24,San Joaquin,077,732212,61256,59021,2362,61383,838
2021-01-24,San Luis Obispo,079,281455,17608,16758,451,17209,179
2021-01-24,San Mateo,081,765935,35943,33956,314,34270,213
2021-01-24,Santa Barbara,083,443738,28372,26735,834,27569,269
2021-01-24,Santa Clara,085,1922200,100471,98103,441,98544,1109
2021-01-24,Santa Cruz,087,273765,14062,12905,653,13558,133
2021-01-24,Shasta,089,179085,10164,9978,1039,11017,103
2021-01-24,Sierra,091,2930,47,42,12,54,0
2021-01-24,Siskiyou,093,43540,1295,1195,183,1378,4
2021-01-24,Solano,095,438530,27284,26515,299,26814,109
2021-01-24,Sonoma,097,501317,25528,25045,127,25172,233
2021-01-24,Stanislaus,099,539301,45920,44031,4592,48623,599
2021-01-24,Sutter,101,95872,8099,7980,76,8056,83
2021-01-24,Tehama,103,63373,4195,4062,440,4502,20
2021-01-24,Trinity,105,12862,439,262,63,325,3
2021-01-24,Tulare,107,460477,44694,43006,6266,49272,577
2021-01-24,Tuolumne,109,53932,3436,3416,33,3449,29
2021-01-24,Ventura,111,848112,68811,66347,2398,68745,439
2021-01-24,Yolo,113,214977,11816,11210,115,11325,140
2021-01-24,Yuba,115,75493,5037,4875,66,4941,31
2021-01-23,Alameda,001,1643700,72754,70080,1491,71571,780
2021-01-23,Alpine,003,1148,73,72,0,72,0
2021-01-23,Amador,005,37829,3129,3049,24,3073,30
2021-01-23,Butte,007,227075,10406,9757,1411,11168,133
2021-01-23,Calaveras,009,45235,1708,1695,10,1705,21
2021-01-23,Colusa,011,21464,1727,1672,188,1860,8
2021-01-23,Contra Costa,013,1133247,56747,54162,922,55084,487
2021-01-23,Del Norte,015,27424,884,855,4,859,2
2021-01-23,El Dorado,017,186661,8449,7984,552,8536,66
2021-01-23,Fresno,019,978130,89350,85274,6659,91933,910
2021-01-23,Glenn,021,27897,2085,2015,423,2438,13
2021-01-23,Humboldt,023,135768,2680,2493,16,2509,23
2021-01-23,Imperial,025,180216,26246,25581,2270,27851,487
2021-01-23,Inyo,027,18085,1046,987,8,995,27
2021-01-23,Kern,029,883053,86106,82602,7930,90532,783
2021-01-23,Kings,031,150075,20607,19904,812,20716,159
2021-01-23,Lake,033,64148,2805,2673,0,2673,32
2021-01-23,Lassen,035,31185,4891,4816,80,4896,1
2021-01-23,Los Angeles,037,10098052,1092856,1040961,34526,1075487,15034
2021-01-23,Madera,039,155013,14456,13858,683,14541,86
2021-01-23,Marin,041,260295,12135,11796,125,11921,177
2021-01-23,Mariposa,043,17540,346,323,3,326,3
2021-01-23,Mendocino,045,87422,3205,2991,60,3051,32
2021-01-23,Merced,047,269075,25467,24787,692,25479,303
2021-01-23,Modoc,049,8938,303,285,91,376,0
2021-01-23,Mono,051,14174,1116,1111,14,1125,3
2021-01-23,Monterey,053,433212,38552,37165,1264,38429,253
2021-01-23,Napa,055,140530,8243,7893,30,7923,43
2021-01-23,Nevada,057,99092,3547,3332,137,3469,18
2021-01-23,Orange,059,3164182,228842,221722,9118,230840,2618
2021-01-23,Placer,061,380077,18946,17617,917,18534,193
2021-01-23,Plumas,063,18699,609,528,10,538,2
2021-01-23,Riverside,065,2383286,265618,253636,12327,265963,2733
2021-01-23,Sacramento,067,1510023,85703,83408,1006,84414,1108
2021-01-23,San Benito,069,59416,5285,5166,62,5228,43
2021-01-23,San Bernardino,071,2135413,271094,260381,7816,268197,1922
2021-01-23,San Diego,073,3302833,239297,225556,11095,236651,2344
2021-01-23,San Francisco,075,870044,30956,30308,745,31053,268
2021-01-23,San Joaquin,077,732212,61128,58164,2352,60516,836
2021-01-23,San Luis Obispo,079,281455,17544,16652,448,17100,176
2021-01-23,San Mateo,081,765935,35767,33696,303,33999,213
2021-01-23,Santa Barbara,083,443738,28187,26234,825,27059,264
2021-01-23,Santa Clara,085,1922200,100112,97189,440,97629,1086
2021-01-23,Santa Cruz,087,273765,14004,12771,650,13421,127
2021-01-23,Shasta,089,179085,10135,9951,1038,10989,103
2021-01-23,Sierra,091,2930,47,41,12,53,0
2021-01-23,Siskiyou,093,43540,1286,1190,182,1372,4
2021-01-23,Solano,095,438530,27191,26261,297,26558,107
2021-01-23,Sonoma,097,501317,25448,24790,127,24917,232
2021-01-23,Stanislaus,099,539301,45753,43723,4561,48284,599
2021-01-23,Sutter,101,95872,8081,7943,75,8018,80
2021-01-23,Tehama,103,63373,4176,4006,439,4445,20
2021-01-23,Trinity,105,12862,439,262,63,325,3
2021-01-23,Tulare,107,460477,44541,42661,6206,48867,575
2021-01-23,Tuolumne,109,53932,3429,3407,33,3440,29
2021-01-23,Ventura,111,848112,68355,65581,2375,67956,438
2021-01-23,Yolo,113,214977,11775,11087,114,11201,141
2021-01-23,Yuba,115,75493,5025,4831,65,4896,30
2021-01-22,Alameda,001,1643700,72436,69693,1484,71177,751
2021-01-22,Alpine,003,1148,73,71,0,71,0
2021-01-22,Amador,005,37829,3124,3042,24,3066,30
2021-01-22,Butte,007,227075,10362,9711,1398,11109,133
2021-01-22,Calaveras,009,45235,1699,1672,10,1682,21
2021-01-22,Colusa,011,21464,1725,1668,188,1856,7
2021-01-22,Contra Costa,013,1133247,56509,53887,916,54803,485
2021-01-22,Del Norte,015,27424,883,852,4,856,2
2021-01-22,El Dorado,017,186661,8416,7877,549,8426,64
2021-01-22,Fresno,019,978130,89009,84744,6631,91375,892
2021-01-22,Glenn,021,27897,2080,1985,417,2402,13
2021-01-22,Humboldt,023,135768,2656,2452,16,2468,23
2021-01-22,Imperial,025,180216,26210,25562,2255,27817,474
2021-01-22,Inyo,027,18085,1035,961,8,969,26
2021-01-22,Kern,029,883053,85809,82101,7854,89955,771
2021-01-22,Kings,031,150075,20531,19760,808,20568,159
2021-01-22,Lake,033,64148,2793,2681,0,2681,32
2021-01-22,Lassen,035,31185,4882,4765,79,4844,1
2021-01-22,Los Angeles,037,10098052,1088388,1031177,34337,1065514,14777
2021-01-22,Madera,039,155013,14396,13781,682,14463,86
2021-01-22,Marin,041,260295,12098,11769,123,11892,177
2021-01-22,Mariposa,043,17540,346,323,3,326,3
2021-01-22,Mendocino,045,87422,3180,2994,59,3053,32
2021-01-22,Merced,047,269075,25344,24616,685,25301,290
2021-01-22,Modoc,049,8938,303,285,91,376,0
2021-01-22,Mono,051,14174,1116,1108,14,1122,3
2021-01-22,Monterey,053,433212,38399,36909,1259,38168,253
2021-01-22,Napa,055,140530,8197,7828,30,7858,40
2021-01-22,Nevada,057,99092,3522,3296,136,3432,18
2021-01-22,Orange,059,3164182,227889,220384,9071,229455,2542
2021-01-22,Placer,061,380077,18889,17636,902,18538,193
2021-01-22,Plumas,063,18699,607,522,10,532,2
2021-01-22,Riverside,065,2383286,264474,252440,12261,264701,2710
2021-01-22,Sacramento,067,1510023,85373,82861,998,83859,1094
2021-01-22,San Benito,069,59416,5259,5143,62,5205,43
2021-01-22,San Bernardino,071,2135413,270291,259121,7786,266907,1849
2021-01-22,San Diego,073,3302833,238057,222576,11030,233606,2301
2021-01-22,San Francisco,075,870044,30843,30027,728,30755,266
2021-01-22,San Joaquin,077,732212,60944,58485,2340,60825,812
2021-01-22,San Luis Obispo,079,281455,17455,16336,445,16781,172
2021-01-22,San Mateo,081,765935,35545,33401,300,33701,211
2021-01-22,Santa Barbara,083,443738,27987,25989,814,26803,256
2021-01-22,Santa Clara,085,1922200,99666,96435,437,96872,1062
2021-01-22,Santa Cruz,087,273765,13946,12687,646,13333,123
2021-01-22,Shasta,089,179085,10115,9866,1036,10902,103
2021-01-22,Sierra,091,2930,47,40,12,52,0
2021-01-22,Siskiyou,093,43540,1282,1182,180,1362,4
2021-01-22,Solano,095,438530,27101,26048,295,26343,107
2021-01-22,Sonoma,097,501317,25363,24659,127,24786,232
2021-01-22,Stanislaus,099,539301,45587,43489,4535,48024,599
2021-01-22,Sutter,101,95872,8056,7878,75,7953,80
2021-01-22,Tehama,103,63373,4162,3993,437,4430,19
2021-01-22,Trinity,105,12862,438,263,63,326,3
2021-01-22,Tulare,107,460477,44362,42307,6139,48446,573
2021-01-22,Tuolumne,109,53932,3401,3379,33,3412,29
2021-01-22,Ventura,111,848112,67842,64404,2356,66760,426
2021-01-22,Yolo,113,214977,11742,11014,112,11126,141
2021-01-22,Yuba,115,75493,5001,4789,63,4852,29
2021-01-21,Alameda,001,1643700,72000,69314,1467,70781,739
2021-01-21,Alpine,003,1148,73,71,0,71,0
2021-01-21,Amador,005,37829,3102,3038,24,3062,29
2021-01-21,Butte,007,227075,10298,9643,1391,11034,130
2021-01-21,Calaveras,009,45235,1690,1647,10,1657,21
2021-01-21,Colusa,011,21464,1718,1662,186,1848,7
2021-01-21,Contra Costa,013,1133247,56119,53595,904,54499,478
2021-01-21,Del Norte,015,27424,881,850,3,853,2
2021-01-21,El Dorado,017,186661,8366,7823,546,8369,58
2021-01-21,Fresno,019,978130,88605,84137,6591,90728,889
2021-01-21,Glenn,021,27897,2072,1964,412,2376,13
2021-01-21,Humboldt,023,135768,2633,2423,16,2439,23
2021-01-21,Imperial,025,180216,26123,25509,2243,27752,463
2021-01-21,Inyo,027,18085,1026,946,8,954,26
2021-01-21,Kern,029,883053,85396,81328,7739,89067,769
2021-01-21,Kings,031,150075,20460,19633,791,20424,158
2021-01-21,Lake,033,64148,2779,2669,0,2669,32
2021-01-21,Lassen,035,31185,4875,4763,79,4842,1
2021-01-21,Los Angeles,037,10098052,1081721,1023055,34024,1057079,14537
2021-01-21,Madera,039,155013,14332,13664,674,14338,86
2021-01-21,Marin,041,260295,12043,11732,121,11853,173
2021-01-21,Mariposa,043,17540,342,322,3,325,3
2021-01-21,Mendocino,045,87422,3157,2967,57,3024,32
2021-01-21,Merced,047,269075,25189,24426,678,25104,245
2021-01-21,Modoc,049,8938,300,284,90,374,0
2021-01-21,Mono,051,14174,1111,1104,14,1118,3
2021-01-21,Monterey,053,433212,38118,36149,1250,37399,253
2021-01-21,Napa,055,140530,8133,7774,30,7804,40
2021-01-21,Nevada,057,99092,3493,3274,135,3409,18
2021-01-21,Orange,059,3164182,226513,218867,9017,227884,2540
2021-01-21,Placer,061,380077,18810,17553,898,18451,190
2021-01-21,Plumas,063,18699,603,518,10,528,2
2021-01-21,Riverside,065,2383286,262752,251007,12183,263190,2676
2021-01-21,Sacramento,067,1510023,84894,82303,978,83281,1084
2021-01-21,San Benito,069,59416,5229,5100,57,5157,43
2021-01-21,San Bernardino,071,2135413,268968,257754,7721,265475,1832
2021-01-21,San Diego,073,3302833,236282,219729,10923,230652,2222
2021-01-21,San Francisco,075,870044,30671,29801,694,30495,266
2021-01-21,San Joaquin,077,732212,60638,58270,2322,60592,806
2021-01-21,San Luis Obispo,079,281455,17369,16153,437,16590,169
2021-01-21,San Mateo,081,765935,35299,33156,287,33443,210
2021-01-21,Santa Barbara,083,443738,27699,25654,801,26455,253
2021-01-21,Santa Clara,085,1922200,99078,96028,432,96460,1062
2021-01-21,Santa Cruz,087,273765,13862,12548,636,13184,119
2021-01-21,Shasta,089,179085,10072,9795,1021,10816,98
2021-01-21,Sierra,091,2930,47,40,12,52,0
2021-01-21,Siskiyou,093,43540,1279,1178,178,1356,4
2021-01-21,Solano,095,438530,26922,25885,291,26176,106
2021-01-21,Sonoma,097,501317,25223,24440,125,24565,230
2021-01-21,Stanislaus,099,539301,45289,43223,4491,47714,599
2021-01-21,Sutter,101,95872,8022,7822,75,7897,80
2021-01-21,Tehama,103,63373,4123,3938,437,4375,19
2021-01-21,Trinity,105,12862,438,261,63,324,3
2021-01-21,Tulare,107,460477,44151,42082,6065,48147,569
2021-01-21,Tuolumne,109,53932,3391,3365,32,3397,29
2021-01-21,Ventura,111,848112,67143,63995,2336,66331,420
2021-01-21,Yolo,113,214977,11651,10940,104,11044,141
2021-01-21,Yuba,115,75493,4969,4757,62,4819,29
2021-01-20,Alameda,001,1643700,71526,68785,1451,70236,702
2021-01-20,Alpine,003,1148,73,71,0,71,0
2021-01-20,Amador,005,37829,3071,3036,24,3060,29
2021-01-20,Butte,007,227075,10242,9582,1381,10963,130
2021-01-20,Calaveras,009,45235,1668,1637,9,1646,21
2021-01-20,Colusa,011,21464,1701,1630,181,1811,7
2021-01-20,Contra Costa,013,1133247,55694,53108,895,54003,461
2021-01-20,Del Norte,015,27424,880,848,3,851,2
2021-01-20,El Dorado,017,186661,8316,7785,543,8328,53
2021-01-20,Fresno,019,978130,88187,83591,6537,90128,872
2021-01-20,Glenn,021,27897,2053,1955,410,2365,13
2021-01-20,Humboldt,023,135768,2590,2390,16,2406,22
2021-01-20,Imperial,025,180216,26050,25380,2209,27589,461
2021-01-20,Inyo,027,18085,1016,901,8,909,26
2021-01-20,Kern,029,883053,84945,80701,7633,88334,754
2021-01-20,Kings,031,150075,20370,19522,783,20305,146
2021-01-20,Lake,033,64148,2759,2646,0,2646,31
2021-01-20,Lassen,035,31185,4867,4758,77,4835,1
2021-01-20,Los Angeles,037,10098052,1074218,1015608,33743,1049351,14299
2021-01-20,Madera,039,155013,14267,13585,670,14255,86
2021-01-20,Marin,041,260295,11987,11684,119,11803,171
2021-01-20,Mariposa,043,17540,340,322,3,325,3
2021-01-20,Mendocino,045,87422,3142,2957,57,3014,32
2021-01-20,Merced,047,269075,25016,24220,656,24876,243
2021-01-20,Modoc,049,8938,299,282,90,372,0
2021-01-20,Mono,051,14174,1104,1105,13,1118,3
2021-01-20,Monterey,053,433212,37806,35960,1230,37190,249
2021-01-20,Napa,055,140530,8064,7731,30,7761,40
2021-01-20,Nevada,057,99092,3461,3238,135,3373,18
2021-01-20,Orange,059,3164182,224978,216893,8956,225849,2500
2021-01-20,Placer,061,380077,18716,17455,880,18335,186
2021-01-20,Plumas,063,18699,601,512,10,522,2
2021-01-20,Riverside,065,2383286,260708,248686,12100,260786,2615
2021-01-20,Sacramento,067,1510023,84334,81687,968,82655,1072
2021-01-20,San Benito,069,59416,5198,5036,56,5092,35
2021-01-20,San Bernardino,071,2135413,267643,255921,7674,263595,1801
2021-01-20,San Diego,073,3302833,234427,218553,10819,229372,2174
2021-01-20,San Francisco,075,870044,30484,29665,673,30338,262
2021-01-20,San Joaquin,077,732212,60234,58025,2313,60338,783
2021-01-20,San Luis Obispo,079,281455,17187,15936,428,16364,164
2021-01-20,San Mateo,081,765935,35072,32929,286,33215,210
2021-01-20,Santa Barbara,083,443738,27381,25312,789,26101,248
2021-01-20,Santa Clara,085,1922200,98432,94995,430,95425,1040
2021-01-20,Santa Cruz,087,273765,13755,12460,623,13083,107
2021-01-20,Shasta,089,179085,10020,9697,1011,10708,98
2021-01-20,Sierra,091,2930,47,40,12,52,0
2021-01-20,Siskiyou,093,43540,1272,1163,177,1340,4
2021-01-20,Solano,095,438530,26729,25659,287,25946,106
2021-01-20,Sonoma,097,501317,25086,24262,123,24385,223
2021-01-20,Stanislaus,099,539301,45009,42955,4453,47408,585
2021-01-20,Sutter,101,95872,7971,7772,73,7845,80
2021-01-20,Tehama,103,63373,4096,3892,435,4327,19
2021-01-20,Trinity,105,12862,438,260,63,323,3
2021-01-20,Tulare,107,460477,43894,41799,5975,47774,559
2021-01-20,Tuolumne,109,53932,3377,3355,31,3386,29
2021-01-20,Ventura,111,848112,66182,63413,2307,65720,395
2021-01-20,Yolo,113,214977,11585,10852,101,10953,141
2021-01-20,Yuba,115,75493,4943,4729,62,4791,29
2021-01-19,Alameda,001,1643700,70885,68434,1442,69876,680
2021-01-19,Alpine,003,1148,73,71,0,71,0
2021-01-19,Amador,005,37829,3062,3024,24,3048,28
2021-01-19,Butte,007,227075,10179,9528,1367,10895,129
2021-01-19,Calaveras,009,45235,1653,1621,8,1629,21
2021-01-19,Colusa,011,21464,1679,1617,178,1795,7
2021-01-19,Contra Costa,013,1133247,55230,52730,885,53615,448
2021-01-19,Del Norte,015,27424,878,843,3,846,2
2021-01-19,El Dorado,017,186661,8255,7743,535,8278,47
2021-01-19,Fresno,019,978130,87665,83200,6487,89687,857
2021-01-19,Glenn,021,27897,2041,1948,405,2353,13
2021-01-19,Humboldt,023,135768,2566,2359,13,2372,22
2021-01-19,Imperial,025,180216,25969,25333,2192,27525,452
2021-01-19,Inyo,027,18085,1008,891,8,899,26
2021-01-19,Kern,029,883053,84357,80272,7528,87800,742
2021-01-19,Kings,031,150075,20231,19375,773,20148,143
2021-01-19,Lake,033,64148,2746,2625,0,2625,31
2021-01-19,Lassen,035,31185,4860,4753,77,4830,1
2021-01-19,Los Angeles,037,10098052,1065541,1010375,33476,1043851,14014
2021-01-19,Madera,039,155013,14156,13528,665,14193,86
2021-01-19,Marin,041,260295,11932,11654,115,11769,169
2021-01-19,Mariposa,043,17540,340,322,3,325,3
2021-01-19,Mendocino,045,87422,3125,2930,57,2987,32
2021-01-19,Merced,047,269075,24804,24108,647,24755,242
2021-01-19,Modoc,049,8938,298,281,90,371,0
2021-01-19,Mono,051,14174,1103,1106,13,1119,3
2021-01-19,Monterey,053,433212,37505,35840,1209,37049,248
2021-01-19,Napa,055,140530,8005,7672,30,7702,38
2021-01-19,Nevada,057,99092,3442,3216,133,3349,18
2021-01-19,Orange,059,3164182,223246,215244,8889,224133,2468
2021-01-19,Placer,061,380077,18619,17348,870,18218,182
2021-01-19,Plumas,063,18699,594,509,10,519,2
2021-01-19,Riverside,065,2383286,258622,246248,12022,258270,2585
2021-01-19,Sacramento,067,1510023,83797,81183,948,82131,1053
2021-01-19,San Benito,069,59416,5152,4988,55,5043,35
2021-01-19,San Bernardino,071,2135413,265934,253651,7620,261271,1777
2021-01-19,San Diego,073,3302833,232004,216833,10721,227554,2109
2021-01-19,San Francisco,075,870044,30265,29502,642,30144,261
2021-01-19,San Joaquin,077,732212,59853,57655,2302,59957,782
2021-01-19,San Luis Obispo,079,281455,16924,15855,425,16280,161
2021-01-19,San Mateo,081,765935,34787,32730,275,33005,208
2021-01-19,Santa Barbara,083,443738,26997,24991,773,25764,236
2021-01-19,Santa Clara,085,1922200,97697,94483,429,94912,1010
2021-01-19,Santa Cruz,087,273765,13638,12410,615,13025,106
2021-01-19,Shasta,089,179085,9984,9614,1001,10615,93
2021-01-19,Sierra,091,2930,47,40,10,50,0
2021-01-19,Siskiyou,093,43540,1264,1149,175,1324,4
2021-01-19,Solano,095,438530,26481,25520,286,25806,106
2021-01-19,Sonoma,097,501317,24906,24133,121,24254,223
2021-01-19,Stanislaus,099,539301,44661,42723,4408,47131,561
2021-01-19,Sutter,101,95872,7921,7709,67,7776,80
2021-01-19,Tehama,103,63373,4066,3876,433,4309,19
2021-01-19,Trinity,105,12862,437,260,63,323,3
2021-01-19,Tulare,107,460477,43616,41559,5880,47439,549
2021-01-19,Tuolumne,109,53932,3349,3328,31,3359,29
2021-01-19,Ventura,111,848112,65498,62656,2280,64936,383
2021-01-19,Yolo,113,214977,11500,10789,101,10890,134
2021-01-19,Yuba,115,75493,4909,4695,61,4756,29
2021-01-18,Alameda,001,1643700,70252,67938,1424,69362,680
2021-01-18,Alpine,003,1148,73,71,0,71,0
2021-01-18,Amador,005,37829,3048,3016,24,3040,28
2021-01-18,Butte,007,227075,10094,9474,1355,10829,129
2021-01-18,Calaveras,009,45235,1632,1617,7,1624,21
2021-01-18,Colusa,011,21464,1663,1608,176,1784,7
2021-01-18,Contra Costa,013,1133247,54721,52323,877,53200,448
2021-01-18,Del Norte,015,27424,877,840,3,843,2
2021-01-18,El Dorado,017,186661,8189,7707,533,8240,47
2021-01-18,Fresno,019,978130,87054,82485,6421,88906,857
2021-01-18,Glenn,021,27897,2024,1935,401,2336,13
2021-01-18,Humboldt,023,135768,2528,2343,13,2356,22
2021-01-18,Imperial,025,180216,25902,25317,2168,27485,452
2021-01-18,Inyo,027,18085,996,872,8,880,26
2021-01-18,Kern,029,883053,83720,79930,7437,87367,740
2021-01-18,Kings,031,150075,20061,19267,761,20028,141
2021-01-18,Lake,033,64148,2729,2591,0,2591,30
2021-01-18,Lassen,035,31185,4824,4749,76,4825,1
2021-01-18,Los Angeles,037,10098052,1056037,1002614,33189,1035803,13828
2021-01-18,Madera,039,155013,14054,13443,656,14099,85
2021-01-18,Marin,041,260295,11885,11607,113,11720,165
2021-01-18,Mariposa,043,17540,337,320,2,322,3
2021-01-18,Mendocino,045,87422,3102,2919,57,2976,31
2021-01-18,Merced,047,269075,24559,23927,631,24558,242
2021-01-18,Modoc,049,8938,295,281,87,368,0
2021-01-18,Mono,051,14174,1100,1101,13,1114,3
2021-01-18,Monterey,053,433212,37064,35549,1195,36744,247
2021-01-18,Napa,055,140530,7932,7601,30,7631,38
2021-01-18,Nevada,057,99092,3404,3199,133,3332,17
2021-01-18,Orange,059,3164182,221354,213866,8835,222701,2405
2021-01-18,Placer,061,380077,18503,17263,861,18124,182
2021-01-18,Plumas,063,18699,591,506,10,516,2
2021-01-18,Riverside,065,2383286,256310,244151,11929,256080,2568
2021-01-18,Sacramento,067,1510023,83127,80546,932,81478,1046
2021-01-18,San Benito,069,59416,5104,4963,53,5016,35
2021-01-18,San Bernardino,071,2135413,264209,252808,7565,260373,1775
2021-01-18,San Diego,073,3302833,229356,214335,10592,224927,2103
2021-01-18,San Francisco,075,870044,30059,29321,618,29939,259
2021-01-18,San Joaquin,077,732212,59340,57405,2281,59686,782
2021-01-18,San Luis Obispo,079,281455,16737,15742,415,16157,158
2021-01-18,San Mateo,081,765935,34474,32515,256,32771,208
2021-01-18,Santa Barbara,083,443738,26618,24638,760,25398,235
2021-01-18,Santa Clara,085,1922200,96909,93688,425,94113,992
2021-01-18,Santa Cruz,087,273765,13505,12298,602,12900,106
2021-01-18,Shasta,089,179085,9945,9600,991,10591,92
2021-01-18,Sierra,091,2930,46,40,10,50,0
2021-01-18,Siskiyou,093,43540,1251,1144,174,1318,4
2021-01-18,Solano,095,438530,26203,25344,282,25626,105
2021-01-18,Sonoma,097,501317,24638,24068,120,24188,223
2021-01-18,Stanislaus,099,539301,44304,42413,4352,46765,562
2021-01-18,Sutter,101,95872,7864,7680,65,7745,78
2021-01-18,Tehama,103,63373,4022,3854,426,4280,19
2021-01-18,Trinity,105,12862,437,260,63,323,3
2021-01-18,Tulare,107,460477,43326,41196,5774,46970,549
2021-01-18,Tuolumne,109,53932,3325,3318,30,3348,28
2021-01-18,Ventura,111,848112,65065,61859,2258,64117,379
2021-01-18,Yolo,113,214977,11378,10620,98,10718,134
2021-01-18,Yuba,115,75493,4882,4671,59,4730,29
2021-01-17,Alameda,001,1643700,69688,67375,1406,68781,676
2021-01-17,Alpine,003,1148,73,71,0,71,0
2021-01-17,Amador,005,37829,3041,3001,24,3025,28
2021-01-17,Butte,007,227075,10019,9411,1331,10742,129
2021-01-17,Calaveras,009,45235,1619,1608,7,1615,21
2021-01-17,Colusa,011,21464,1650,1588,172,1760,7
2021-01-17,Contra Costa,013,1133247,54214,51932,866,52798,447
2021-01-17,Del Norte,015,27424,877,838,3,841,2
2021-01-17,El Dorado,017,186661,8134,7659,522,8181,47
2021-01-17,Fresno,019,978130,86500,82039,6345,88384,857
2021-01-17,Glenn,021,27897,2013,1924,396,2320,9
2021-01-17,Humboldt,023,135768,2492,2322,11,2333,22
2021-01-17,Imperial,025,180216,25833,25253,2127,27380,451
2021-01-17,Inyo,027,18085,990,864,8,872,26
2021-01-17,Kern,029,883053,83171,79489,7351,86840,738
2021-01-17,Kings,031,150075,19925,19201,747,19948,131
2021-01-17,Lake,033,64148,2715,2572,0,2572,30
2021-01-17,Lassen,035,31185,4816,4740,75,4815,1
2021-01-17,Los Angeles,037,10098052,1049381,993028,32796,1025824,13741
2021-01-17,Madera,039,155013,13964,13328,652,13980,85
2021-01-17,Marin,041,260295,11833,11552,111,11663,164
2021-01-17,Mariposa,043,17540,337,319,2,321,3
2021-01-17,Mendocino,045,87422,3074,2912,56,2968,31
2021-01-17,Merced,047,269075,24347,23800,613,24413,242
2021-01-17,Modoc,049,8938,294,279,87,366,0
2021-01-17,Mono,051,14174,1093,1091,12,1103,3
2021-01-17,Monterey,053,433212,36819,35340,1169,36509,244
2021-01-17,Napa,055,140530,7876,7521,30,7551,38
2021-01-17,Nevada,057,99092,3379,3176,131,3307,17
2021-01-17,Orange,059,3164182,219355,212389,8761,221150,2359
2021-01-17,Placer,061,380077,18397,17194,846,18040,181
2021-01-17,Plumas,063,18699,589,505,9,514,2
2021-01-17,Riverside,065,2383286,254200,242206,11813,254019,2534
2021-01-17,Sacramento,067,1510023,82527,80154,920,81074,1045
2021-01-17,San Benito,069,59416,5066,4941,53,4994,35
2021-01-17,San Bernardino,071,2135413,262105,251487,7478,258965,1775
2021-01-17,San Diego,073,3302833,227162,211785,10485,222270,2103
2021-01-17,San Francisco,075,870044,29871,29139,581,29720,255
2021-01-17,San Joaquin,077,732212,58983,57094,2267,59361,780
2021-01-17,San Luis Obispo,079,281455,16615,15658,406,16064,157
2021-01-17,San Mateo,081,765935,34222,32186,233,32419,208
2021-01-17,Santa Barbara,083,443738,26157,24401,748,25149,235
2021-01-17,Santa Clara,085,1922200,96150,92752,422,93174,976
2021-01-17,Santa Cruz,087,273765,13393,12196,599,12795,106
2021-01-17,Shasta,089,179085,9887,9588,983,10571,92
2021-01-17,Sierra,091,2930,46,38,9,47,0
2021-01-17,Siskiyou,093,43540,1244,1136,171,1307,4
2021-01-17,Solano,095,438530,25977,25216,280,25496,105
2021-01-17,Sonoma,097,501317,24464,23871,120,23991,223
2021-01-17,Stanislaus,099,539301,43984,42221,4289,46510,562
2021-01-17,Sutter,101,95872,7801,7604,64,7668,77
2021-01-17,Tehama,103,63373,3991,3837,422,4259,18
2021-01-17,Trinity,105,12862,437,261,63,324,3
2021-01-17,Tulare,107,460477,43038,41016,5658,46674,549
2021-01-17,Tuolumne,109,53932,3308,3287,30,3317,27
2021-01-17,Ventura,111,848112,64214,61257,2211,63468,376
2021-01-17,Yolo,113,214977,11279,10519,96,10615,134
2021-01-17,Yuba,115,75493,4835,4640,56,4696,28
2021-01-16,Alameda,001,1643700,69366,66583,1394,67977,673
2021-01-16,Alpine,003,1148,73,71,0,71,0
2021-01-16,Amador,005,37829,3038,2986,24,3010,28
2021-01-16,Butte,007,227075,9988,9359,1311,10670,129
2021-01-16,Calaveras,009,45235,1606,1596,7,1603,21
2021-01-16,Colusa,011,21464,1639,1578,172,1750,7
2021-01-16,Contra Costa,013,1133247,53935,51363,859,52222,443
2021-01-16,Del Norte,015,27424,872,833,3,836,2
2021-01-16,El Dorado,017,186661,8112,7575,521,8096,47
2021-01-16,Fresno,019,978130,86226,81294,6291,87585,846
2021-01-16,Glenn,021,27897,2009,1894,393,2287,9
2021-01-16,Humboldt,023,135768,2472,2294,9,2303,22
2021-01-16,Imperial,025,180216,25795,25140,2120,27260,451
2021-01-16,Inyo,027,18085,986,845,8,853,25
2021-01-16,Kern,029,883053,82804,78865,7297,86162,733
2021-01-16,Kings,031,150075,19869,19072,744,19816,131
2021-01-16,Lake,033,64148,2703,2504,0,2504,30
2021-01-16,Lassen,035,31185,4804,4719,75,4794,1
2021-01-16,Los Angeles,037,10098052,1045297,982684,32559,1015243,13654
2021-01-16,Madera,039,155013,13898,13193,647,13840,85
2021-01-16,Marin,041,260295,11791,11482,111,11593,164
2021-01-16,Mariposa,043,17540,336,317,2,319,3
2021-01-16,Mendocino,045,87422,3060,2890,53,2943,31
2021-01-16,Merced,047,269075,24259,23478,599,24077,242
2021-01-16,Modoc,049,8938,294,278,87,365,0
2021-01-16,Mono,051,14174,1091,1079,12,1091,3
2021-01-16,Monterey,053,433212,36708,34972,1153,36125,243
2021-01-16,Napa,055,140530,7837,7356,30,7386,39
2021-01-16,Nevada,057,99092,3346,3144,131,3275,17
2021-01-16,Orange,059,3164182,218323,210111,8705,218816,2312
2021-01-16,Placer,061,380077,18333,16995,844,17839,177
2021-01-16,Plumas,063,18699,587,502,9,511,2
2021-01-16,Riverside,065,2383286,252843,239412,11698,251110,2506
2021-01-16,Sacramento,067,1510023,82153,79122,903,80025,1033
2021-01-16,San Benito,069,59416,5033,4875,53,4928,35
2021-01-16,San Bernardino,071,2135413,261283,249401,7411,256812,1755
2021-01-16,San Diego,073,3302833,225864,209895,10388,220283,2065
2021-01-16,San Francisco,075,870044,29742,28853,550,29403,244
2021-01-16,San Joaquin,077,732212,58740,56642,2234,58876,776
2021-01-16,San Luis Obispo,079,281455,16514,15466,404,15870,152
2021-01-16,San Mateo,081,765935,34058,31805,227,32032,208
2021-01-16,Santa Barbara,083,443738,25956,24088,744,24832,229
2021-01-16,Santa Clara,085,1922200,95653,91584,415,91999,954
2021-01-16,Santa Cruz,087,273765,13334,12026,597,12623,106
2021-01-16,Shasta,089,179085,9854,9547,979,10526,92
2021-01-16,Sierra,091,2930,45,38,9,47,0
2021-01-16,Siskiyou,093,43540,1239,1124,171,1295,4
2021-01-16,Solano,095,438530,25868,24732,276,25008,103
2021-01-16,Sonoma,097,501317,24373,23607,119,23726,223
2021-01-16,Stanislaus,099,539301,43796,41809,4239,46048,562
2021-01-16,Sutter,101,95872,7769,7560,64,7624,76
2021-01-16,Tehama,103,63373,3977,3783,422,4205,18
2021-01-16,Trinity,105,12862,437,261,63,324,3
2021-01-16,Tulare,107,460477,42859,40655,5585,46240,542
2021-01-16,Tuolumne,109,53932,3300,3269,30,3299,27
2021-01-16,Ventura,111,848112,63661,60368,2181,62549,369
2021-01-16,Yolo,113,214977,11228,10406,95,10501,134
2021-01-16,Yuba,115,75493,4807,4602,56,4658,27
2021-01-15,Alameda,001,1643700,68941,65416,1383,66799,672
2021-01-15,Alpine,003,1148,73,71,0,71,0
2021-01-15,Amador,005,37829,3031,2953,24,2977,28
2021-01-15,Butte,007,227075,9946,9233,1296,10529,129
2021-01-15,Calaveras,009,45235,1599,1538,7,1545,21
2021-01-15,Colusa,011,21464,1628,1541,167,1708,7
2021-01-15,Contra Costa,013,1133247,53601,50408,852,51260,428
2021-01-15,Del Norte,015,27424,868,828,2,830,2
2021-01-15,El Dorado,017,186661,8062,7439,513,7952,47
2021-01-15,Fresno,019,978130,85689,79950,6256,86206,832
2021-01-15,Glenn,021,27897,2005,1824,390,2214,9
2021-01-15,Humboldt,023,135768,2445,2218,8,2226,22
2021-01-15,Imperial,025,180216,25759,24944,2114,27058,446
2021-01-15,Inyo,027,18085,969,814,8,822,25
2021-01-15,Kern,029,883053,82388,77873,7232,85105,719
2021-01-15,Kings,031,150075,19760,18661,738,19399,131
2021-01-15,Lake,033,64148,2677,2434,0,2434,28
2021-01-15,Lassen,035,31185,4793,4693,73,4766,1
2021-01-15,Los Angeles,037,10098052,1038245,968979,32275,1001254,13404
2021-01-15,Madera,039,155013,13808,12883,643,13526,85
2021-01-15,Marin,041,260295,11739,11310,111,11421,160
2021-01-15,Mariposa,043,17540,334,307,2,309,3
2021-01-15,Mendocino,045,87422,3049,2835,53,2888,31
2021-01-15,Merced,047,269075,24146,23060,595,23655,239
2021-01-15,Modoc,049,8938,294,278,85,363,0
2021-01-15,Mono,051,14174,1088,1057,12,1069,3
2021-01-15,Monterey,053,433212,36491,34460,1096,35556,243
2021-01-15,Napa,055,140530,7775,7231,30,7261,38
2021-01-15,Nevada,057,99092,3333,3099,128,3227,17
2021-01-15,Orange,059,3164182,216969,207129,8653,215782,2254
2021-01-15,Placer,061,380077,18229,16712,835,17547,173
2021-01-15,Plumas,063,18699,584,499,9,508,2
2021-01-15,Riverside,065,2383286,250980,235235,11619,246854,2458
2021-01-15,Sacramento,067,1510023,81730,80279,895,81174,1023
2021-01-15,San Benito,069,59416,4994,4766,51,4817,35
2021-01-15,San Bernardino,071,2135413,260103,246182,7349,253531,1726
2021-01-15,San Diego,073,3302833,224115,206868,10323,217191,2037
2021-01-15,San Francisco,075,870044,29567,28574,530,29104,242
2021-01-15,San Joaquin,077,732212,58512,55885,2220,58105,748
2021-01-15,San Luis Obispo,079,281455,16381,15129,399,15528,148
2021-01-15,San Mateo,081,765935,33813,31291,223,31514,208
2021-01-15,Santa Barbara,083,443738,25673,23487,740,24227,226
2021-01-15,Santa Clara,085,1922200,94992,90103,410,90513,942
2021-01-15,Santa Cruz,087,273765,13225,11776,584,12360,105
2021-01-15,Shasta,089,179085,9815,9459,972,10431,91
2021-01-15,Sierra,091,2930,44,36,7,43,0
2021-01-15,Siskiyou,093,43540,1235,1119,171,1290,4
2021-01-15,Solano,095,438530,25720,24222,274,24496,103
2021-01-15,Sonoma,097,501317,24242,23204,118,23322,222
2021-01-15,Stanislaus,099,539301,43546,41178,4197,45375,562
2021-01-15,Sutter,101,95872,7722,7484,63,7547,75
2021-01-15,Tehama,103,63373,3955,3714,421,4135,17
2021-01-15,Trinity,105,12862,437,262,63,325,3
2021-01-15,Tulare,107,460477,42615,39951,5502,45453,535
2021-01-15,Tuolumne,109,53932,3284,3231,30,3261,27
2021-01-15,Ventura,111,848112,62918,59061,2148,61209,353
2021-01-15,Yolo,113,214977,11170,10240,94,10334,134
2021-01-15,Yuba,115,75493,4787,4549,56,4605,27
2021-01-14,Alameda,001,1643700,68313,64364,1367,65731,686
2021-01-14,Alpine,003,1148,73,71,0,71,0
2021-01-14,Amador,005,37829,3025,2940,24,2964,28
2021-01-14,Butte,007,227075,9858,9127,1274,10401,129
2021-01-14,Calaveras,009,45235,1582,1513,7,1520,21
2021-01-14,Colusa,011,21464,1613,1535,161,1696,7
2021-01-14,Contra Costa,013,1133247,53059,49545,840,50385,415
2021-01-14,Del Norte,015,27424,862,821,2,823,2
2021-01-14,El Dorado,017,186661,7988,7321,506,7827,45
2021-01-14,Fresno,019,978130,85056,79033,6176,85209,814
2021-01-14,Glenn,021,27897,1993,1798,385,2183,9
2021-01-14,Humboldt,023,135768,2402,2169,8,2177,22
2021-01-14,Imperial,025,180216,25653,24882,2084,26966,447
2021-01-14,Inyo,027,18085,962,790,8,798,25
2021-01-14,Kern,029,883053,81717,77070,7131,84201,705
2021-01-14,Kings,031,150075,19630,18405,734,19139,108
2021-01-14,Lake,033,64148,2638,2378,0,2378,27
2021-01-14,Lassen,035,31185,4783,4673,71,4744,1
2021-01-14,Los Angeles,037,10098052,1028217,954652,31907,986559,13147
2021-01-14,Madera,039,155013,13693,12742,634,13376,85
2021-01-14,Marin,041,260295,11664,11155,110,11265,159
2021-01-14,Mariposa,043,17540,331,302,2,304,3
2021-01-14,Mendocino,045,87422,3035,2801,51,2852,31
2021-01-14,Merced,047,269075,23919,22780,585,23365,239
2021-01-14,Modoc,049,8938,294,273,85,358,0
2021-01-14,Mono,051,14174,1080,1020,12,1032,3
2021-01-14,Monterey,053,433212,36070,34105,1074,35179,242
2021-01-14,Napa,055,140530,7689,7117,30,7147,38
2021-01-14,Nevada,057,99092,3306,3075,126,3201,17
2021-01-14,Orange,059,3164182,215045,204442,8569,213011,2162
2021-01-14,Placer,061,380077,18068,16488,828,17316,169
2021-01-14,Plumas,063,18699,576,496,9,505,2
2021-01-14,Riverside,065,2383286,248333,231684,11518,243202,2357
2021-01-14,Sacramento,067,1510023,81091,79137,872,80009,1007
2021-01-14,San Benito,069,59416,4958,4678,50,4728,35
2021-01-14,San Bernardino,071,2135413,258122,243379,7278,250657,1750
2021-01-14,San Diego,073,3302833,221720,204173,10203,214376,2005
2021-01-14,San Francisco,075,870044,29321,28200,484,28684,238
2021-01-14,San Joaquin,077,732212,57994,55058,2207,57265,739
2021-01-14,San Luis Obispo,079,281455,16219,14851,390,15241,146
2021-01-14,San Mateo,081,765935,33444,30694,214,30908,208
2021-01-14,Santa Barbara,083,443738,25252,23126,723,23849,219
2021-01-14,Santa Clara,085,1922200,94081,88505,404,88909,910
2021-01-14,Santa Cruz,087,273765,13078,11583,569,12152,109
2021-01-14,Shasta,089,179085,9766,9334,956,10290,90
2021-01-14,Sierra,091,2930,44,35,6,41,0
2021-01-14,Siskiyou,093,43540,1223,1108,168,1276,3
2021-01-14,Solano,095,438530,25459,23782,270,24052,103
2021-01-14,Sonoma,097,501317,24002,22910,118,23028,202
2021-01-14,Stanislaus,099,539301,43219,40597,4156,44753,574
2021-01-14,Sutter,101,95872,7663,7416,60,7476,74
2021-01-14,Tehama,103,63373,3926,3664,417,4081,17
2021-01-14,Trinity,105,12862,437,261,62,323,3
2021-01-14,Tulare,107,460477,42230,39565,5393,44958,533
2021-01-14,Tuolumne,109,53932,3263,3215,30,3245,28
2021-01-14,Ventura,111,848112,62044,57941,2111,60052,347
2021-01-14,Yolo,113,214977,11066,10097,88,10185,135
2021-01-14,Yuba,115,75493,4755,4496,56,4552,27
2021-01-13,Alameda,001,1643700,67563,63568,1350,64918,690
2021-01-13,Alpine,003,1148,73,71,0,71,0
2021-01-13,Amador,005,37829,3011,2914,24,2938,26
2021-01-13,Butte,007,227075,9776,9013,1259,10272,126
2021-01-13,Calaveras,009,45235,1560,1493,7,1500,21
2021-01-13,Colusa,011,21464,1603,1524,153,1677,7
2021-01-13,Contra Costa,013,1133247,52486,48877,829,49706,403
2021-01-13,Del Norte,015,27424,858,820,2,822,2
2021-01-13,El Dorado,017,186661,7894,7247,498,7745,43
2021-01-13,Fresno,019,978130,84337,78278,6135,84413,804
2021-01-13,Glenn,021,27897,1977,1792,376,2168,9
2021-01-13,Humboldt,023,135768,2369,2114,8,2122,22
2021-01-13,Imperial,025,180216,25529,24717,2052,26769,463
2021-01-13,Inyo,027,18085,950,785,8,793,25
2021-01-13,Kern,029,883053,81058,76049,7041,83090,704
2021-01-13,Kings,031,150075,19463,18121,713,18834,108
2021-01-13,Lake,033,64148,2597,2305,0,2305,27
2021-01-13,Lassen,035,31185,4776,4663,70,4733,1
2021-01-13,Los Angeles,037,10098052,1017424,937985,31508,969493,12873
2021-01-13,Madera,039,155013,13577,12570,629,13199,85
2021-01-13,Marin,041,260295,11611,11039,110,11149,161
2021-01-13,Mariposa,043,17540,329,304,2,306,3
2021-01-13,Mendocino,045,87422,3015,2790,51,2841,31
2021-01-13,Merced,047,269075,23681,22497,571,23068,241
2021-01-13,Modoc,049,8938,293,274,82,356,0
2021-01-13,Mono,051,14174,1076,1017,12,1029,3
2021-01-13,Monterey,053,433212,35645,33748,1050,34798,241
2021-01-13,Napa,055,140530,7575,7028,30,7058,36
2021-01-13,Nevada,057,99092,3282,3037,123,3160,17
2021-01-13,Orange,059,3164182,212961,201158,8499,209657,2172
2021-01-13,Placer,061,380077,17943,16272,814,17086,172
2021-01-13,Plumas,063,18699,574,490,9,499,2
2021-01-13,Riverside,065,2383286,245187,228192,11405,239597,2278
2021-01-13,Sacramento,067,1510023,80430,78268,865,79133,996
2021-01-13,San Benito,069,59416,4902,4583,49,4632,35
2021-01-13,San Bernardino,071,2135413,255733,240191,7203,247394,1759
2021-01-13,San Diego,073,3302833,219106,201578,10100,211678,1952
2021-01-13,San Francisco,075,870044,29082,27863,464,28327,238
2021-01-13,San Joaquin,077,732212,57370,54373,2179,56552,738
2021-01-13,San Luis Obispo,079,281455,16064,14625,379,15004,140
2021-01-13,San Mateo,081,765935,33105,30195,212,30407,207
2021-01-13,Santa Barbara,083,443738,24810,22714,707,23421,216
2021-01-13,Santa Clara,085,1922200,93108,87187,400,87587,911
2021-01-13,Santa Cruz,087,273765,12905,11423,555,11978,110
2021-01-13,Shasta,089,179085,9702,9180,942,10122,93
2021-01-13,Sierra,091,2930,44,33,6,39,0
2021-01-13,Siskiyou,093,43540,1217,1102,164,1266,3
2021-01-13,Solano,095,438530,25181,23503,267,23770,105
2021-01-13,Sonoma,097,501317,23752,22610,117,22727,206
2021-01-13,Stanislaus,099,539301,42827,40167,4103,44270,574
2021-01-13,Sutter,101,95872,7617,7350,59,7409,73
2021-01-13,Tehama,103,63373,3875,3589,412,4001,17
2021-01-13,Trinity,105,12862,437,260,62,322,3
2021-01-13,Tulare,107,460477,41827,39129,5293,44422,522
2021-01-13,Tuolumne,109,53932,3249,3196,30,3226,28
2021-01-13,Ventura,111,848112,61032,56453,2071,58524,338
2021-01-13,Yolo,113,214977,10966,9933,86,10019,135
2021-01-13,Yuba,115,75493,4710,4448,53,4501,27
2021-01-12,Alameda,001,1643700,66739,62642,1332,63974,677
2021-01-12,Alpine,003,1148,73,71,0,71,0
2021-01-12,Amador,005,37829,2994,2897,24,2921,26
2021-01-12,Butte,007,227075,9688,8883,1244,10127,124
2021-01-12,Calaveras,009,45235,1524,1475,7,1482,21
2021-01-12,Colusa,011,21464,1591,1510,149,1659,7
2021-01-12,Contra Costa,013,1133247,51843,48242,815,49057,399
2021-01-12,Del Norte,015,27424,853,816,2,818,2
2021-01-12,El Dorado,017,186661,7810,7156,487,7643,41
2021-01-12,Fresno,019,978130,83465,77651,6067,83718,796
2021-01-12,Glenn,021,27897,1952,1781,372,2153,9
2021-01-12,Humboldt,023,135768,2315,2077,7,2084,22
2021-01-12,Imperial,025,180216,25438,24566,2011,26577,457
2021-01-12,Inyo,027,18085,932,773,8,781,25
2021-01-12,Kern,029,883053,80352,75320,6946,82266,689
2021-01-12,Kings,031,150075,19251,18072,703,18775,108
2021-01-12,Lake,033,64148,2549,2260,0,2260,27
2021-01-12,Lassen,035,31185,4754,4659,68,4727,1
2021-01-12,Los Angeles,037,10098052,1005761,926295,31110,957405,12610
2021-01-12,Madera,039,155013,13429,12485,620,13105,85
2021-01-12,Marin,041,260295,11504,10960,110,11070,157
2021-01-12,Mariposa,043,17540,326,302,2,304,3
2021-01-12,Mendocino,045,87422,2994,2762,47,2809,31
2021-01-12,Merced,047,269075,23430,22172,549,22721,239
2021-01-12,Modoc,049,8938,291,274,82,356,0
2021-01-12,Mono,051,14174,1066,1008,12,1020,3
2021-01-12,Monterey,053,433212,35154,33381,1033,34414,240
2021-01-12,Napa,055,140530,7492,6936,30,6966,36
2021-01-12,Nevada,057,99092,3254,3014,121,3135,17
2021-01-12,Orange,059,3164182,210673,198260,8413,206673,2142
2021-01-12,Placer,061,380077,17773,16087,808,16895,163
2021-01-12,Plumas,063,18699,568,483,9,492,2
2021-01-12,Riverside,065,2383286,242055,225580,11266,236846,2266
2021-01-12,Sacramento,067,1510023,79702,77201,857,78058,985
2021-01-12,San Benito,069,59416,4833,4515,49,4564,35
2021-01-12,San Bernardino,071,2135413,253152,237008,7134,244142,1739
2021-01-12,San Diego,073,3302833,216192,198317,9983,208300,1898
2021-01-12,San Francisco,075,870044,28805,27531,431,27962,238
2021-01-12,San Joaquin,077,732212,56730,53630,2151,55781,725
2021-01-12,San Luis Obispo,079,281455,15819,14367,371,14738,132
2021-01-12,San Mateo,081,765935,32714,29747,200,29947,206
2021-01-12,Santa Barbara,083,443738,24388,22182,687,22869,209
2021-01-12,Santa Clara,085,1922200,91994,86075,392,86467,904
2021-01-12,Santa Cruz,087,273765,12690,11267,540,11807,110
2021-01-12,Shasta,089,179085,9629,9086,929,10015,84
2021-01-12,Sierra,091,2930,43,33,6,39,0
2021-01-12,Siskiyou,093,43540,1207,1091,157,1248,3
2021-01-12,Solano,095,438530,24880,23160,263,23423,102
2021-01-12,Sonoma,097,501317,23447,22403,117,22520,205
2021-01-12,Stanislaus,099,539301,42388,39615,4068,43683,571
2021-01-12,Sutter,101,95872,7554,7276,58,7334,73
2021-01-12,Tehama,103,63373,3837,3567,407,3974,17
2021-01-12,Trinity,105,12862,437,258,62,320,3
2021-01-12,Tulare,107,460477,41366,38797,5177,43974,509
2021-01-12,Tuolumne,109,53932,3216,3178,30,3208,28
2021-01-12,Ventura,111,848112,60058,55342,2039,57381,324
2021-01-12,Yolo,113,214977,10829,9857,83,9940,133
2021-01-12,Yuba,115,75493,4665,4389,53,4442,27
2021-01-11,Alameda,001,1643700,65883,61949,1314,63263,652
2021-01-11,Alpine,003,1148,73,70,0,70,0
2021-01-11,Amador,005,37829,2980,2867,24,2891,24
2021-01-11,Butte,007,227075,9575,8757,1226,9983,119
2021-01-11,Calaveras,009,45235,1505,1460,7,1467,21
2021-01-11,Colusa,011,21464,1572,1494,144,1638,7
2021-01-11,Contra Costa,013,1133247,51161,47728,804,48532,398
2021-01-11,Del Norte,015,27424,849,810,2,812,2
2021-01-11,El Dorado,017,186661,7716,6987,480,7467,36
2021-01-11,Fresno,019,978130,82587,76581,5991,82572,775
2021-01-11,Glenn,021,27897,1925,1763,366,2129,9
2021-01-11,Humboldt,023,135768,2276,2069,7,2076,22
2021-01-11,Imperial,025,180216,25327,24418,1974,26392,453
2021-01-11,Inyo,027,18085,913,763,8,771,25
2021-01-11,Kern,029,883053,79491,74489,6847,81336,682
2021-01-11,Kings,031,150075,18989,17909,695,18604,108
2021-01-11,Lake,033,64148,2498,2205,0,2205,26
2021-01-11,Lassen,035,31185,4731,4647,68,4715,1
2021-01-11,Los Angeles,037,10098052,992535,914434,30648,945082,12304
2021-01-11,Madera,039,155013,13292,12366,609,12975,85
2021-01-11,Marin,041,260295,11405,10814,109,10923,156
2021-01-11,Mariposa,043,17540,319,296,2,298,3
2021-01-11,Mendocino,045,87422,2966,2728,47,2775,31
2021-01-11,Merced,047,269075,23107,21884,535,22419,238
2021-01-11,Modoc,049,8938,290,271,81,352,0
2021-01-11,Mono,051,14174,1060,1006,12,1018,3
2021-01-11,Monterey,053,433212,34615,32858,971,33829,239
2021-01-11,Napa,055,140530,7390,6822,30,6852,36
2021-01-11,Nevada,057,99092,3226,2980,121,3101,17
2021-01-11,Orange,059,3164182,208088,196340,8314,204654,2113
2021-01-11,Placer,061,380077,17593,15919,799,16718,163
2021-01-11,Plumas,063,18699,564,477,9,486,2
2021-01-11,Riverside,065,2383286,238549,222907,11122,234029,2222
2021-01-11,Sacramento,067,1510023,78770,76009,841,76850,974
2021-01-11,San Benito,069,59416,4761,4482,42,4524,34
2021-01-11,San Bernardino,071,2135413,250353,235543,7037,242580,1739
2021-01-11,San Diego,073,3302833,212923,194793,9823,204616,1857
2021-01-11,San Francisco,075,870044,28526,27264,411,27675,238
2021-01-11,San Joaquin,077,732212,56122,53002,2122,55124,725
2021-01-11,San Luis Obispo,079,281455,15448,14213,364,14577,126
2021-01-11,San Mateo,081,765935,32270,29355,188,29543,206
2021-01-11,Santa Barbara,083,443738,23937,21740,675,22415,200
2021-01-11,Santa Clara,085,1922200,90751,84851,384,85235,877
2021-01-11,Santa Cruz,087,273765,12510,11093,517,11610,106
2021-01-11,Shasta,089,179085,9531,8977,916,9893,81
2021-01-11,Sierra,091,2930,41,33,6,39,0
2021-01-11,Siskiyou,093,43540,1198,1087,155,1242,3
2021-01-11,Solano,095,438530,24559,22893,257,23150,101
2021-01-11,Sonoma,097,501317,23200,22191,117,22308,205
2021-01-11,Stanislaus,099,539301,41897,39149,4019,43168,571
2021-01-11,Sutter,101,95872,7495,7204,57,7261,71
2021-01-11,Tehama,103,63373,3775,3524,386,3910,17
2021-01-11,Trinity,105,12862,437,256,62,318,2
2021-01-11,Tulare,107,460477,40952,38380,5097,43477,497
2021-01-11,Tuolumne,109,53932,3205,3165,30,3195,27
2021-01-11,Ventura,111,848112,58921,54202,2015,56217,320
2021-01-11,Yolo,113,214977,10622,9699,82,9781,129
2021-01-11,Yuba,115,75493,4627,4349,46,4395,27
2021-01-10,Alameda,001,1643700,64901,61111,1286,62397,650
2021-01-10,Alpine,003,1148,73,70,0,70,0
2021-01-10,Amador,005,37829,2956,2861,24,2885,24
2021-01-10,Butte,007,227075,9454,8665,1200,9865,119
2021-01-10,Calaveras,009,45235,1482,1449,7,1456,21
2021-01-10,Colusa,011,21464,1550,1478,142,1620,7
2021-01-10,Contra Costa,013,1133247,50365,47109,785,47894,398
2021-01-10,Del Norte,015,27424,847,809,2,811,2
2021-01-10,El Dorado,017,186661,7628,6904,463,7367,36
2021-01-10,Fresno,019,978130,81776,75621,5869,81490,775
2021-01-10,Glenn,021,27897,1906,1746,358,2104,9
2021-01-10,Humboldt,023,135768,2215,2049,7,2056,22
2021-01-10,Imperial,025,180216,25169,24233,1924,26157,453
2021-01-10,Inyo,027,18085,886,748,8,756,25
2021-01-10,Kern,029,883053,78660,73712,6717,80429,679
2021-01-10,Kings,031,150075,18770,17812,688,18500,108
2021-01-10,Lake,033,64148,2443,2174,0,2174,26
2021-01-10,Lassen,035,31185,4709,4642,68,4710,1
2021-01-10,Los Angeles,037,10098052,977922,901783,30031,931814,12170
2021-01-10,Madera,039,155013,13101,12179,592,12771,85
2021-01-10,Marin,041,260295,11282,10737,108,10845,155
2021-01-10,Mariposa,043,17540,319,291,2,293,3
2021-01-10,Mendocino,045,87422,2935,2706,43,2749,31
2021-01-10,Merced,047,269075,22835,21691,524,22215,238
2021-01-10,Modoc,049,8938,290,271,79,350,0
2021-01-10,Mono,051,14174,1042,965,12,977,3
2021-01-10,Monterey,053,433212,34175,32571,939,33510,237
2021-01-10,Napa,055,140530,7286,6687,28,6715,36
2021-01-10,Nevada,057,99092,3207,2959,117,3076,17
2021-01-10,Orange,059,3164182,205317,193766,8192,201958,2104
2021-01-10,Placer,061,380077,17404,15779,779,16558,163
2021-01-10,Plumas,063,18699,554,477,9,486,2
2021-01-10,Riverside,065,2383286,235187,219486,10933,230419,2216
2021-01-10,Sacramento,067,1510023,77809,75394,814,76208,965
2021-01-10,San Benito,069,59416,4659,4434,41,4475,34
2021-01-10,San Bernardino,071,2135413,246935,232171,6934,239105,1736
2021-01-10,San Diego,073,3302833,209255,191886,9656,201542,1857
2021-01-10,San Francisco,075,870044,28145,27054,380,27434,238
2021-01-10,San Joaquin,077,732212,55312,52535,2089,54624,725
2021-01-10,San Luis Obispo,079,281455,15119,13968,352,14320,122
2021-01-10,San Mateo,081,765935,31780,28972,174,29146,206
2021-01-10,Santa Barbara,083,443738,23378,21290,660,21950,200
2021-01-10,Santa Clara,085,1922200,89569,83779,375,84154,858
2021-01-10,Santa Cruz,087,273765,12297,10951,499,11450,106
2021-01-10,Shasta,089,179085,9419,8936,901,9837,81
2021-01-10,Sierra,091,2930,40,32,6,38,0
2021-01-10,Siskiyou,093,43540,1192,1075,152,1227,3
2021-01-10,Solano,095,438530,24158,22621,254,22875,101
2021-01-10,Sonoma,097,501317,22924,21925,116,22041,204
2021-01-10,Stanislaus,099,539301,41323,38809,3942,42751,571
2021-01-10,Sutter,101,95872,7434,7133,54,7187,71
2021-01-10,Tehama,103,63373,3702,3504,374,3878,17
2021-01-10,Trinity,105,12862,437,253,60,313,2
2021-01-10,Tulare,107,460477,40537,38012,4979,42991,497
2021-01-10,Tuolumne,109,53932,3171,3143,29,3172,27
2021-01-10,Ventura,111,848112,57652,53095,1972,55067,319
2021-01-10,Yolo,113,214977,10469,9610,82,9692,129
2021-01-10,Yuba,115,75493,4574,4300,43,4343,27
2021-01-09,Alameda,001,1643700,64357,60125,1270,61395,649
2021-01-09,Alpine,003,1148,73,70,0,70,0
2021-01-09,Amador,005,37829,2949,2809,24,2833,24
2021-01-09,Butte,007,227075,9375,8552,1176,9728,118
2021-01-09,Calaveras,009,45235,1472,1425,7,1432,21
2021-01-09,Colusa,011,21464,1543,1468,141,1609,7
2021-01-09,Contra Costa,013,1133247,50010,46406,770,47176,393
2021-01-09,Del Norte,015,27424,845,802,2,804,2
2021-01-09,El Dorado,017,186661,7595,6800,460,7260,36
2021-01-09,Fresno,019,978130,81367,74816,5829,80645,773
2021-01-09,Glenn,021,27897,1891,1707,355,2062,9
2021-01-09,Humboldt,023,135768,2197,2026,7,2033,22
2021-01-09,Imperial,025,180216,25100,24028,1911,25939,448
2021-01-09,Inyo,027,18085,877,734,8,742,25
2021-01-09,Kern,029,883053,78191,73015,6640,79655,677
2021-01-09,Kings,031,150075,18675,17679,684,18363,108
2021-01-09,Lake,033,64148,2407,2144,0,2144,26
2021-01-09,Lassen,035,31185,4697,4613,68,4681,1
2021-01-09,Los Angeles,037,10098052,972345,887949,29600,917549,12011
2021-01-09,Madera,039,155013,13006,12063,586,12649,85
2021-01-09,Marin,041,260295,11221,10634,107,10741,154
2021-01-09,Mariposa,043,17540,316,287,2,289,3
2021-01-09,Mendocino,045,87422,2917,2664,43,2707,31
2021-01-09,Merced,047,269075,22693,21357,515,21872,237
2021-01-09,Modoc,049,8938,290,271,78,349,0
2021-01-09,Mono,051,14174,1037,964,12,976,3
2021-01-09,Monterey,053,433212,34024,31948,929,32877,235
2021-01-09,Napa,055,140530,7216,6594,25,6619,36
2021-01-09,Nevada,057,99092,3185,2932,114,3046,17
2021-01-09,Orange,059,3164182,203803,191004,8100,199104,2034
2021-01-09,Placer,061,380077,17297,15609,777,16386,162
2021-01-09,Plumas,063,18699,552,477,9,486,2
2021-01-09,Riverside,065,2383286,233432,216076,10797,226873,2201
2021-01-09,Sacramento,067,1510023,77277,74482,809,75291,953
2021-01-09,San Benito,069,59416,4607,4335,41,4376,34
2021-01-09,San Bernardino,071,2135413,245717,228857,6867,235724,1714
2021-01-09,San Diego,073,3302833,207561,188598,9536,198134,1824
2021-01-09,San Francisco,075,870044,27975,26708,339,27047,235
2021-01-09,San Joaquin,077,732212,54984,51927,2070,53997,724
2021-01-09,San Luis Obispo,079,281455,14995,13647,341,13988,121
2021-01-09,San Mateo,081,765935,31481,28512,167,28679,205
2021-01-09,Santa Barbara,083,443738,23166,20971,655,21626,197
2021-01-09,Santa Clara,085,1922200,88729,82269,363,82632,808
2021-01-09,Santa Cruz,087,273765,12201,10717,493,11210,107
2021-01-09,Shasta,089,179085,9386,8893,897,9790,81
2021-01-09,Sierra,091,2930,38,32,6,38,0
2021-01-09,Siskiyou,093,43540,1188,1062,147,1209,3
2021-01-09,Solano,095,438530,23999,22226,252,22478,101
2021-01-09,Sonoma,097,501317,22802,21393,116,21509,202
2021-01-09,Stanislaus,099,539301,41032,38403,3908,42311,567
2021-01-09,Sutter,101,95872,7398,7072,53,7125,69
2021-01-09,Tehama,103,63373,3670,3451,363,3814,15
2021-01-09,Trinity,105,12862,437,252,60,312,2
2021-01-09,Tulare,107,460477,40287,37684,4915,42599,496
2021-01-09,Tuolumne,109,53932,3163,3117,28,3145,26
2021-01-09,Ventura,111,848112,56824,51988,1946,53934,306
2021-01-09,Yolo,113,214977,10398,9524,81,9605,129
2021-01-09,Yuba,115,75493,4543,4265,43,4308,27
2021-01-08,Alameda,001,1643700,63795,59172,1261,60433,646
2021-01-08,Alpine,003,1148,73,70,0,70,0
2021-01-08,Amador,005,37829,2942,2792,24,2816,24
2021-01-08,Butte,007,227075,9315,8430,1162,9592,115
2021-01-08,Calaveras,009,45235,1458,1385,7,1392,21
2021-01-08,Colusa,011,21464,1531,1448,140,1588,7
2021-01-08,Contra Costa,013,1133247,49474,45667,766,46433,381
2021-01-08,Del Norte,015,27424,843,795,2,797,2
2021-01-08,El Dorado,017,186661,7525,6690,448,7138,36
2021-01-08,Fresno,019,978130,80553,73689,5771,79460,771
2021-01-08,Glenn,021,27897,1876,1680,350,2030,9
2021-01-08,Humboldt,023,135768,2173,1988,7,1995,22
2021-01-08,Imperial,025,180216,25035,23751,1896,25647,446
2021-01-08,Inyo,027,18085,862,682,8,690,24
2021-01-08,Kern,029,883053,77627,71978,6567,78545,674
2021-01-08,Kings,031,150075,18547,17441,679,18120,108
2021-01-08,Lake,033,64148,2379,2098,0,2098,26
2021-01-08,Lassen,035,31185,4689,4598,66,4664,1
2021-01-08,Los Angeles,037,10098052,961531,871188,29179,900367,11796
2021-01-08,Madera,039,155013,12856,11846,577,12423,85
2021-01-08,Marin,041,260295,11129,10531,107,10638,153
2021-01-08,Mariposa,043,17540,315,273,2,275,3
2021-01-08,Mendocino,045,87422,2898,2634,40,2674,31
2021-01-08,Merced,047,269075,22498,20862,510,21372,236
2021-01-08,Modoc,049,8938,290,266,78,344,0
2021-01-08,Mono,051,14174,1027,951,12,963,3
2021-01-08,Monterey,053,433212,33772,31543,919,32462,224
2021-01-08,Napa,055,140530,7146,6544,25,6569,32
2021-01-08,Nevada,057,99092,3163,2888,114,3002,17
2021-01-08,Orange,059,3164182,201805,186608,8014,194622,1991
2021-01-08,Placer,061,380077,17166,15401,770,16171,161
2021-01-08,Plumas,063,18699,546,465,9,474,2
2021-01-08,Riverside,065,2383286,231028,212122,10674,222796,2184
2021-01-08,Sacramento,067,1510023,76704,73245,803,74048,939
2021-01-08,San Benito,069,59416,4570,4225,40,4265,33
2021-01-08,San Bernardino,071,2135413,243837,224267,6796,231063,1703
2021-01-08,San Diego,073,3302833,205023,185060,9442,194502,1771
2021-01-08,San Francisco,075,870044,27724,26378,317,26695,207
2021-01-08,San Joaquin,077,732212,54659,50990,2042,53032,710
2021-01-08,San Luis Obispo,079,281455,14862,13286,329,13615,119
2021-01-08,San Mateo,081,765935,31132,28072,165,28237,204
2021-01-08,Santa Barbara,083,443738,22880,20461,650,21111,189
2021-01-08,Santa Clara,085,1922200,87785,80561,360,80921,789
2021-01-08,Santa Cruz,087,273765,12060,10486,485,10971,106
2021-01-08,Shasta,089,179085,9336,8772,882,9654,81
2021-01-08,Sierra,091,2930,38,31,6,37,0
2021-01-08,Siskiyou,093,43540,1185,1027,146,1173,3
2021-01-08,Solano,095,438530,23827,21832,249,22081,100
2021-01-08,Sonoma,097,501317,22660,21178,116,21294,201
2021-01-08,Stanislaus,099,539301,40733,37858,3874,41732,566
2021-01-08,Sutter,101,95872,7348,6982,53,7035,68
2021-01-08,Tehama,103,63373,3646,3406,360,3766,15
2021-01-08,Trinity,105,12862,437,247,60,307,2
2021-01-08,Tulare,107,460477,40019,36946,4820,41766,491
2021-01-08,Tuolumne,109,53932,3155,3099,28,3127,19
2021-01-08,Ventura,111,848112,55958,50553,1922,52475,294
2021-01-08,Yolo,113,214977,10309,9391,81,9472,129
2021-01-08,Yuba,115,75493,4501,4195,42,4237,26
2021-01-07,Alameda,001,1643700,62939,57921,1235,59156,632
2021-01-07,Alpine,003,1148,71,70,0,70,0
2021-01-07,Amador,005,37829,2929,2740,23,2763,24
2021-01-07,Butte,007,227075,9218,8278,1141,9419,112
2021-01-07,Calaveras,009,45235,1441,1342,6,1348,21
2021-01-07,Colusa,011,21464,1519,1420,133,1553,7
2021-01-07,Contra Costa,013,1133247,48697,44756,752,45508,376
2021-01-07,Del Norte,015,27424,841,791,2,793,2
2021-01-07,El Dorado,017,186661,7424,6545,438,6983,36
2021-01-07,Fresno,019,978130,79598,72557,5671,78228,765
2021-01-07,Glenn,021,27897,1858,1639,340,1979,9
2021-01-07,Humboldt,023,135768,2146,1954,7,1961,22
2021-01-07,Imperial,025,180216,24854,23608,1845,25453,431
2021-01-07,Inyo,027,18085,850,656,8,664,20
2021-01-07,Kern,029,883053,76765,70953,6419,77372,660
2021-01-07,Kings,031,150075,18421,17238,670,17908,108
2021-01-07,Lake,033,64148,2326,2054,0,2054,26
2021-01-07,Lassen,035,31185,4684,4581,64,4645,1
2021-01-07,Los Angeles,037,10098052,946611,853187,28648,881835,11480
2021-01-07,Madera,039,155013,12701,11644,567,12211,76
2021-01-07,Marin,041,260295,11040,10364,105,10469,153
2021-01-07,Mariposa,043,17540,313,264,2,266,3
2021-01-07,Mendocino,045,87422,2844,2585,35,2620,30
2021-01-07,Merced,047,269075,22177,20510,494,21004,234
2021-01-07,Modoc,049,8938,290,265,78,343,0
2021-01-07,Mono,051,14174,1016,905,12,917,3
2021-01-07,Monterey,053,433212,33268,30903,896,31799,222
2021-01-07,Napa,055,140530,7036,6408,25,6433,32
2021-01-07,Nevada,057,99092,3129,2847,109,2956,17
2021-01-07,Orange,059,3164182,198970,181922,7915,189837,1974
2021-01-07,Placer,061,380077,16988,15155,742,15897,144
2021-01-07,Plumas,063,18699,544,454,9,463,2
2021-01-07,Riverside,065,2383286,227570,208177,10524,218701,2156
2021-01-07,Sacramento,067,1510023,75799,72342,782,73124,919
2021-01-07,San Benito,069,59416,4509,4112,38,4150,33
2021-01-07,San Bernardino,071,2135413,240400,219691,6711,226402,1666
2021-01-07,San Diego,073,3302833,201717,180510,9264,189774,1738
2021-01-07,San Francisco,075,870044,27398,25885,304,26189,202
2021-01-07,San Joaquin,077,732212,53989,50156,2013,52169,689
2021-01-07,San Luis Obispo,079,281455,14624,12810,316,13126,118
2021-01-07,San Mateo,081,765935,30623,27494,162,27656,201
2021-01-07,Santa Barbara,083,443738,22453,19931,639,20570,187
2021-01-07,Santa Clara,085,1922200,86665,78808,356,79164,775
2021-01-07,Santa Cruz,087,273765,11851,10228,477,10705,104
2021-01-07,Shasta,089,179085,9248,8612,874,9486,81
2021-01-07,Sierra,091,2930,38,31,6,37,0
2021-01-07,Siskiyou,093,43540,1180,1010,145,1155,3
2021-01-07,Solano,095,438530,23437,21384,245,21629,100
2021-01-07,Sonoma,097,501317,22399,20857,115,20972,200
2021-01-07,Stanislaus,099,539301,40316,37296,3822,41118,553
2021-01-07,Sutter,101,95872,7289,6890,52,6942,65
2021-01-07,Tehama,103,63373,3622,3330,352,3682,15
2021-01-07,Trinity,105,12862,437,247,60,307,2
2021-01-07,Tulare,107,460477,39632,36397,4690,41087,482
2021-01-07,Tuolumne,109,53932,3135,3068,27,3095,14
2021-01-07,Ventura,111,848112,54797,49083,1894,50977,288
2021-01-07,Yolo,113,214977,10167,9207,79,9286,128
2021-01-07,Yuba,115,75493,4461,4128,42,4170,25
2021-01-06,Alameda,001,1643700,62086,57081,1208,58289,616
2021-01-06,Alpine,003,1148,71,70,0,70,0
2021-01-06,Amador,005,37829,2908,2717,22,2739,24
2021-01-06,Butte,007,227075,9103,8147,1122,9269,110
2021-01-06,Calaveras,009,45235,1418,1321,6,1327,21
2021-01-06,Colusa,011,21464,1499,1385,128,1513,7
2021-01-06,Contra Costa,013,1133247,47901,44054,736,44790,358
2021-01-06,Del Norte,015,27424,835,780,2,782,2
2021-01-06,El Dorado,017,186661,7312,6397,424,6821,35
2021-01-06,Fresno,019,978130,78755,71404,5569,76973,752
2021-01-06,Glenn,021,27897,1832,1622,336,1958,9
2021-01-06,Humboldt,023,135768,2120,1912,7,1919,22
2021-01-06,Imperial,025,180216,24607,23400,1802,25202,431
2021-01-06,Inyo,027,18085,834,630,8,638,20
2021-01-06,Kern,029,883053,75822,69893,6293,76186,646
2021-01-06,Kings,031,150075,18223,17019,651,17670,108
2021-01-06,Lake,033,64148,2292,2033,0,2033,26
2021-01-06,Lassen,035,31185,4672,4560,60,4620,1
2021-01-06,Los Angeles,037,10098052,930650,835052,27964,863016,11285
2021-01-06,Madera,039,155013,12567,11407,560,11967,67
2021-01-06,Marin,041,260295,10917,10282,104,10386,153
2021-01-06,Mariposa,043,17540,310,259,2,261,3
2021-01-06,Mendocino,045,87422,2814,2561,35,2596,30
2021-01-06,Merced,047,269075,21841,20258,479,20737,232
2021-01-06,Modoc,049,8938,290,263,78,341,0
2021-01-06,Mono,051,14174,985,905,12,917,3
2021-01-06,Monterey,053,433212,32667,30387,865,31252,222
2021-01-06,Napa,055,140530,6906,6342,25,6367,32
2021-01-06,Nevada,057,99092,3109,2805,108,2913,15
2021-01-06,Orange,059,3164182,195532,177686,7774,185460,1935
2021-01-06,Placer,061,380077,16799,14940,724,15664,134
2021-01-06,Plumas,063,18699,536,445,9,454,2
2021-01-06,Riverside,065,2383286,223552,203714,10338,214052,2121
2021-01-06,Sacramento,067,1510023,74775,71572,765,72337,909
2021-01-06,San Benito,069,59416,4433,4031,37,4068,32
2021-01-06,San Bernardino,071,2135413,236711,215286,6608,221894,1634
2021-01-06,San Diego,073,3302833,198217,176660,9093,185753,1691
2021-01-06,San Francisco,075,870044,27033,25424,296,25720,199
2021-01-06,San Joaquin,077,732212,53256,49286,1971,51257,673
2021-01-06,San Luis Obispo,079,281455,14231,12305,309,12614,115
2021-01-06,San Mateo,081,765935,30198,27050,159,27209,200
2021-01-06,Santa Barbara,083,443738,21964,19453,630,20083,177
2021-01-06,Santa Clara,085,1922200,85344,77485,349,77834,746
2021-01-06,Santa Cruz,087,273765,11632,9954,459,10413,97
2021-01-06,Shasta,089,179085,9178,8482,867,9349,78
2021-01-06,Sierra,091,2930,37,31,6,37,0
2021-01-06,Siskiyou,093,43540,1168,998,141,1139,3
2021-01-06,Solano,095,438530,23059,21102,242,21344,99
2021-01-06,Sonoma,097,501317,22092,20558,115,20673,196
2021-01-06,Stanislaus,099,539301,39749,36751,3762,40513,553
2021-01-06,Sutter,101,95872,7208,6839,51,6890,59
2021-01-06,Tehama,103,63373,3593,3306,346,3652,15
2021-01-06,Trinity,105,12862,437,246,60,306,2
2021-01-06,Tulare,107,460477,39139,35882,4595,40477,465
2021-01-06,Tuolumne,109,53932,3114,3008,27,3035,14
2021-01-06,Ventura,111,848112,53553,47428,1870,49298,280
2021-01-06,Yolo,113,214977,10003,9083,76,9159,127
2021-01-06,Yuba,115,75493,4411,4097,42,4139,25
2021-01-05,Alameda,001,1643700,60971,56432,1178,57610,602
2021-01-05,Alpine,003,1148,71,70,0,70,0
2021-01-05,Amador,005,37829,2868,2695,22,2717,24
2021-01-05,Butte,007,227075,8962,8008,1095,9103,107
2021-01-05,Calaveras,009,45235,1371,1292,6,1298,21
2021-01-05,Colusa,011,21464,1476,1376,122,1498,7
2021-01-05,Contra Costa,013,1133247,47041,43442,724,44166,353
2021-01-05,Del Norte,015,27424,828,770,2,772,2
2021-01-05,El Dorado,017,186661,7194,6270,403,6673,32
2021-01-05,Fresno,019,978130,77534,70971,5478,76449,741
2021-01-05,Glenn,021,27897,1809,1608,320,1928,9
2021-01-05,Humboldt,023,135768,2084,1884,7,1891,22
2021-01-05,Imperial,025,180216,24436,23165,1760,24925,421
2021-01-05,Inyo,027,18085,820,627,8,635,20
2021-01-05,Kern,029,883053,74745,68257,6158,74415,624
2021-01-05,Kings,031,150075,18025,16860,629,17489,108
2021-01-05,Lake,033,64148,2246,2015,0,2015,25
2021-01-05,Lassen,035,31185,4657,4554,56,4610,1
2021-01-05,Los Angeles,037,10098052,911913,823783,27301,851084,11028
2021-01-05,Madera,039,155013,12397,11359,548,11907,67
2021-01-05,Marin,041,260295,10768,10214,103,10317,151
2021-01-05,Mariposa,043,17540,304,257,2,259,3
2021-01-05,Mendocino,045,87422,2778,2501,35,2536,30
2021-01-05,Merced,047,269075,21490,20051,467,20518,230
2021-01-05,Modoc,049,8938,290,254,78,332,0
2021-01-05,Mono,051,14174,979,896,12,908,3
2021-01-05,Monterey,053,433212,32120,30045,832,30877,213
2021-01-05,Napa,055,140530,6819,6264,25,6289,29
2021-01-05,Nevada,057,99092,3081,2781,106,2887,15
2021-01-05,Orange,059,3164182,191899,174869,7583,182452,1918
2021-01-05,Placer,061,380077,16576,14723,701,15424,133
2021-01-05,Plumas,063,18699,529,428,9,437,2
2021-01-05,Riverside,065,2383286,219428,200439,10169,210608,2069
2021-01-05,Sacramento,067,1510023,73847,70677,739,71416,888
2021-01-05,San Benito,069,59416,4331,3961,35,3996,28
2021-01-05,San Bernardino,071,2135413,232747,212522,6492,219014,1615
2021-01-05,San Diego,073,3302833,194077,172845,8879,181724,1654
2021-01-05,San Francisco,075,870044,26662,24989,280,25269,196
2021-01-05,San Joaquin,077,732212,52397,48969,1927,50896,663
2021-01-05,San Luis Obispo,079,281455,13833,12027,299,12326,106
2021-01-05,San Mateo,081,765935,29717,26486,157,26643,198
2021-01-05,Santa Barbara,083,443738,21518,19063,622,19685,172
2021-01-05,Santa Clara,085,1922200,83795,76355,337,76692,729
2021-01-05,Santa Cruz,087,273765,11359,9753,435,10188,93
2021-01-05,Shasta,089,179085,9071,8345,849,9194,73
2021-01-05,Sierra,091,2930,37,31,6,37,0
2021-01-05,Siskiyou,093,43540,1156,985,139,1124,3
2021-01-05,Solano,095,438530,22650,20860,237,21097,97
2021-01-05,Sonoma,097,501317,21733,20247,114,20361,194
2021-01-05,Stanislaus,099,539301,39205,36363,3711,40074,553
2021-01-05,Sutter,101,95872,7111,6769,50,6819,59
2021-01-05,Tehama,103,63373,3539,3255,342,3597,9
2021-01-05,Trinity,105,12862,437,246,60,306,2
2021-01-05,Tulare,107,460477,38563,35585,4454,40039,455
2021-01-05,Tuolumne,109,53932,3090,2996,22,3018,13
2021-01-05,Ventura,111,848112,52309,46456,1848,48304,264
2021-01-05,Yolo,113,214977,9824,8980,75,9055,127
2021-01-05,Yuba,115,75493,4352,4053,41,4094,21
2021-01-04,Alameda,001,1643700,59754,55899,1145,57044,583
2021-01-04,Alpine,003,1148,71,68,0,68,0
2021-01-04,Amador,005,37829,2828,2596,22,2618,24
2021-01-04,Butte,007,227075,8803,7893,1074,8967,105
2021-01-04,Calaveras,009,45235,1330,1276,5,1281,21
2021-01-04,Colusa,011,21464,1451,1368,108,1476,7
2021-01-04,Contra Costa,013,1133247,46182,43019,700,43719,353
2021-01-04,Del Norte,015,27424,817,770,2,772,2
2021-01-04,El Dorado,017,186661,7060,6152,388,6540,27
2021-01-04,Fresno,019,978130,76266,69871,5380,75251,726
2021-01-04,Glenn,021,27897,1776,1590,315,1905,9
2021-01-04,Humboldt,023,135768,2047,1845,7,1852,22
2021-01-04,Imperial,025,180216,24288,23035,1709,24744,420
2021-01-04,Inyo,027,18085,794,623,8,631,20
2021-01-04,Kern,029,883053,73662,67418,5964,73382,623
2021-01-04,Kings,031,150075,17749,16801,605,17406,108
2021-01-04,Lake,033,64148,2210,1984,0,1984,25
2021-01-04,Lassen,035,31185,4635,4550,55,4605,1
2021-01-04,Los Angeles,037,10098052,891778,813022,26453,839475,10790
2021-01-04,Madera,039,155013,12181,11204,527,11731,67
2021-01-04,Marin,041,260295,10629,10115,101,10216,151
2021-01-04,Mariposa,043,17540,298,253,2,255,3
2021-01-04,Mendocino,045,87422,2738,2460,31,2491,28
2021-01-04,Merced,047,269075,21076,19804,448,20252,230
2021-01-04,Modoc,049,8938,274,250,76,326,0
2021-01-04,Mono,051,14174,968,895,12,907,3
2021-01-04,Monterey,053,433212,31506,29659,811,30470,212
2021-01-04,Napa,055,140530,6678,6187,25,6212,29
2021-01-04,Nevada,057,99092,3043,2765,103,2868,15
2021-01-04,Orange,059,3164182,188013,172458,7461,179919,1918
2021-01-04,Placer,061,380077,16317,14622,688,15310,133
2021-01-04,Plumas,063,18699,519,419,9,428,1
2021-01-04,Riverside,065,2383286,214879,196809,9983,206792,2066
2021-01-04,Sacramento,067,1510023,72794,70164,730,70894,870
2021-01-04,San Benito,069,59416,4218,3914,35,3949,28
2021-01-04,San Bernardino,071,2135413,228481,210868,6344,217212,1615
2021-01-04,San Diego,073,3302833,189503,171031,8683,179714,1598
2021-01-04,San Francisco,075,870044,26276,24753,274,25027,191
2021-01-04,San Joaquin,077,732212,51507,48644,1886,50530,661
2021-01-04,San Luis Obispo,079,281455,13347,11945,292,12237,96
2021-01-04,San Mateo,081,765935,29153,26150,152,26302,198
2021-01-04,Santa Barbara,083,443738,20995,18735,593,19328,165
2021-01-04,Santa Clara,085,1922200,82040,75297,330,75627,727
2021-01-04,Santa Cruz,087,273765,11071,9680,418,10098,85
2021-01-04,Shasta,089,179085,8966,8224,832,9056,72
2021-01-04,Sierra,091,2930,36,30,6,36,0
2021-01-04,Siskiyou,093,43540,1139,980,136,1116,3
2021-01-04,Solano,095,438530,22149,20588,229,20817,97
2021-01-04,Sonoma,097,501317,21395,20210,113,20323,194
2021-01-04,Stanislaus,099,539301,38642,36141,3656,39797,553
2021-01-04,Sutter,101,95872,7015,6712,49,6761,56
2021-01-04,Tehama,103,63373,3470,3190,337,3527,9
2021-01-04,Trinity,105,12862,434,245,60,305,2
2021-01-04,Tulare,107,460477,38023,35060,4354,39414,455
2021-01-04,Tuolumne,109,53932,3065,2987,22,3009,13
2021-01-04,Ventura,111,848112,50806,45014,1828,46842,255
2021-01-04,Yolo,113,214977,9629,8834,75,8909,121
2021-01-04,Yuba,115,75493,4297,4023,41,4064,21
2021-01-03,Alameda,001,1643700,58503,55082,1117,56199,580
2021-01-03,Alpine,003,1148,69,68,0,68,0
2021-01-03,Amador,005,37829,2771,2565,22,2587,24
2021-01-03,Butte,007,227075,8609,7837,1028,8865,105
2021-01-03,Calaveras,009,45235,1293,1249,3,1252,21
2021-01-03,Colusa,011,21464,1423,1337,102,1439,7
2021-01-03,Contra Costa,013,1133247,45297,42432,679,43111,352
2021-01-03,Del Norte,015,27424,806,768,2,770,2
2021-01-03,El Dorado,017,186661,6932,6034,371,6405,27
2021-01-03,Fresno,019,978130,75120,69326,5264,74590,719
2021-01-03,Glenn,021,27897,1751,1581,309,1890,9
2021-01-03,Humboldt,023,135768,2010,1833,7,1840,21
2021-01-03,Imperial,025,180216,24047,22951,1631,24582,419
2021-01-03,Inyo,027,18085,775,615,8,623,20
2021-01-03,Kern,029,883053,72400,66895,5789,72684,609
2021-01-03,Kings,031,150075,17473,16593,576,17169,108
2021-01-03,Lake,033,64148,2164,1976,0,1976,24
2021-01-03,Lassen,035,31185,4602,4531,54,4585,1
2021-01-03,Los Angeles,037,10098052,869720,792168,25408,817576,10633
2021-01-03,Madera,039,155013,11953,11152,504,11656,67
2021-01-03,Marin,041,260295,10478,10034,97,10131,150
2021-01-03,Mariposa,043,17540,291,248,2,250,3
2021-01-03,Mendocino,045,87422,2698,2445,29,2474,24
2021-01-03,Merced,047,269075,20609,19600,422,20022,230
2021-01-03,Modoc,049,8938,270,245,75,320,0
2021-01-03,Mono,051,14174,943,893,12,905,3
2021-01-03,Monterey,053,433212,30916,29357,776,30133,191
2021-01-03,Napa,055,140530,6577,6094,25,6119,29
2021-01-03,Nevada,057,99092,2982,2742,100,2842,15
2021-01-03,Orange,059,3164182,183824,169881,7272,177153,1919
2021-01-03,Placer,061,380077,16067,14319,665,14984,133
2021-01-03,Plumas,063,18699,506,416,9,425,1
2021-01-03,Riverside,065,2383286,210004,195048,9736,204784,2005
2021-01-03,Sacramento,067,1510023,71588,68558,709,69267,859
2021-01-03,San Benito,069,59416,4122,3882,34,3916,28
2021-01-03,San Bernardino,071,2135413,223199,208294,6174,214468,1592
2021-01-03,San Diego,073,3302833,184243,168018,8454,176472,1592
2021-01-03,San Francisco,075,870044,25786,24588,256,24844,193
2021-01-03,San Joaquin,077,732212,50397,47899,1831,49730,661
2021-01-03,San Luis Obispo,079,281455,12879,11636,284,11920,95
2021-01-03,San Mateo,081,765935,28559,25770,145,25915,196
2021-01-03,Santa Barbara,083,443738,20262,18267,578,18845,164
2021-01-03,Santa Clara,085,1922200,80451,74534,324,74858,720
2021-01-03,Santa Cruz,087,273765,10766,9528,403,9931,84
2021-01-03,Shasta,089,179085,8839,8192,792,8984,72
2021-01-03,Sierra,091,2930,36,30,6,36,0
2021-01-03,Siskiyou,093,43540,1106,976,127,1103,3
2021-01-03,Solano,095,438530,21616,20105,223,20328,97
2021-01-03,Sonoma,097,501317,21008,19982,111,20093,193
2021-01-03,Stanislaus,099,539301,37935,35762,3573,39335,553
2021-01-03,Sutter,101,95872,6918,6664,48,6712,53
2021-01-03,Tehama,103,63373,3416,3176,329,3505,9
2021-01-03,Trinity,105,12862,429,243,58,301,2
2021-01-03,Tulare,107,460477,37447,34747,4209,38956,455
2021-01-03,Tuolumne,109,53932,3004,2978,19,2997,13
2021-01-03,Ventura,111,848112,48980,43748,1811,45559,254
2021-01-03,Yolo,113,214977,9467,8674,74,8748,121
2021-01-03,Yuba,115,75493,4246,3966,40,4006,20
2021-01-02,Alameda,001,1643700,57883,54518,1086,55604,581
2021-01-02,Alpine,003,1148,69,68,0,68,0
2021-01-02,Amador,005,37829,2752,2540,22,2562,24
2021-01-02,Butte,007,227075,8503,7750,1007,8757,105
2021-01-02,Calaveras,009,45235,1273,1230,3,1233,21
2021-01-02,Colusa,011,21464,1412,1332,101,1433,7
2021-01-02,Contra Costa,013,1133247,44751,41993,671,42664,352
2021-01-02,Del Norte,015,27424,804,764,2,766,2
2021-01-02,El Dorado,017,186661,6877,5959,367,6326,27
2021-01-02,Fresno,019,978130,74577,68740,5153,73893,717
2021-01-02,Glenn,021,27897,1734,1546,308,1854,9
2021-01-02,Humboldt,023,135768,1983,1815,7,1822,21
2021-01-02,Imperial,025,180216,23959,22867,1600,24467,420
2021-01-02,Inyo,027,18085,764,609,8,617,20
2021-01-02,Kern,029,883053,71680,66457,5677,72134,610
2021-01-02,Kings,031,150075,17379,16515,572,17087,108
2021-01-02,Lake,033,64148,2127,1925,0,1925,24
2021-01-02,Lassen,035,31185,4591,4457,53,4510,1
2021-01-02,Los Angeles,037,10098052,861357,791892,24720,816612,10633
2021-01-02,Madera,039,155013,11838,11039,492,11531,67
2021-01-02,Marin,041,260295,10431,9924,94,10018,151
2021-01-02,Mariposa,043,17540,284,243,2,245,3
2021-01-02,Mendocino,045,87422,2655,2428,28,2456,24
2021-01-02,Merced,047,269075,20467,19395,405,19800,230
2021-01-02,Modoc,049,8938,269,245,75,320,0
2021-01-02,Mono,051,14174,932,884,12,896,3
2021-01-02,Monterey,053,433212,30700,28991,764,29755,191
2021-01-02,Napa,055,140530,6518,5994,25,6019,29
2021-01-02,Nevada,057,99092,2953,2706,96,2802,15
2021-01-02,Orange,059,3164182,181604,168457,7124,175581,1918
2021-01-02,Placer,061,380077,15894,14182,656,14838,133
2021-01-02,Plumas,063,18699,503,413,9,422,1
2021-01-02,Riverside,065,2383286,207358,192069,9509,201578,2008
2021-01-02,Sacramento,067,1510023,70953,67810,692,68502,858
2021-01-02,San Benito,069,59416,4040,3829,34,3863,28
2021-01-02,San Bernardino,071,2135413,221535,206939,6052,212991,1597
2021-01-02,San Diego,073,3302833,181644,164498,8257,172755,1592
2021-01-02,San Francisco,075,870044,25532,24414,248,24662,194
2021-01-02,San Joaquin,077,732212,49994,47310,1803,49113,662
2021-01-02,San Luis Obispo,079,281455,12745,11467,278,11745,95
2021-01-02,San Mateo,081,765935,28222,25483,137,25620,196
2021-01-02,Santa Barbara,083,443738,19973,18135,575,18710,164
2021-01-02,Santa Clara,085,1922200,79273,73662,318,73980,720
2021-01-02,Santa Cruz,087,273765,10611,9340,395,9735,85
2021-01-02,Shasta,089,179085,8773,8154,781,8935,72
2021-01-02,Sierra,091,2930,36,28,6,34,0
2021-01-02,Siskiyou,093,43540,1095,949,125,1074,3
2021-01-02,Solano,095,438530,21414,19805,214,20019,97
2021-01-02,Sonoma,097,501317,20839,19761,111,19872,194
2021-01-02,Stanislaus,099,539301,37602,35431,3509,38940,553
2021-01-02,Sutter,101,95872,6866,6621,48,6669,53
2021-01-02,Tehama,103,63373,3388,3146,325,3471,9
2021-01-02,Trinity,105,12862,426,243,58,301,2
2021-01-02,Tulare,107,460477,37119,34479,4135,38614,455
2021-01-02,Tuolumne,109,53932,2990,2942,17,2959,13
2021-01-02,Ventura,111,848112,47825,43397,1778,45175,254
2021-01-02,Yolo,113,214977,9368,8571,72,8643,122
2021-01-02,Yuba,115,75493,4208,3930,40,3970,21
2021-01-01,Alameda,001,1643700,57234,53518,1072,54590,579
2021-01-01,Alpine,003,1148,69,68,0,68,0
2021-01-01,Amador,005,37829,2726,2513,20,2533,24
2021-01-01,Butte,007,227075,8401,7589,985,8574,105
2021-01-01,Calaveras,009,45235,1258,1186,3,1189,21
2021-01-01,Colusa,011,21464,1402,1314,99,1413,7
2021-01-01,Contra Costa,013,1133247,44276,41412,651,42063,351
2021-01-01,Del Norte,015,27424,799,758,2,760,2
2021-01-01,El Dorado,017,186661,6784,5832,359,6191,27
2021-01-01,Fresno,019,978130,73504,67484,5069,72553,717
2021-01-01,Glenn,021,27897,1717,1520,299,1819,9
2021-01-01,Humboldt,023,135768,1944,1783,7,1790,21
2021-01-01,Imperial,025,180216,23863,22715,1549,24264,418
2021-01-01,Inyo,027,18085,739,606,8,614,20
2021-01-01,Kern,029,883053,70853,65571,5570,71141,609
2021-01-01,Kings,031,150075,17196,16358,565,16923,108
2021-01-01,Lake,033,64148,2089,1888,0,1888,24
2021-01-01,Lassen,035,31185,4585,4377,53,4430,1
2021-01-01,Los Angeles,037,10098052,847148,775578,24039,799617,10515
2021-01-01,Madera,039,155013,11683,10752,483,11235,66
2021-01-01,Marin,041,260295,10331,9821,93,9914,148
2021-01-01,Mariposa,043,17540,276,236,2,238,3
2021-01-01,Mendocino,045,87422,2601,2400,28,2428,24
2021-01-01,Merced,047,269075,20283,19118,389,19507,229
2021-01-01,Modoc,049,8938,269,241,75,316,0
2021-01-01,Mono,051,14174,914,884,11,895,3
2021-01-01,Monterey,053,433212,30462,28465,755,29220,191
2021-01-01,Napa,055,140530,6432,5899,25,5924,28
2021-01-01,Nevada,057,99092,2929,2663,96,2759,15
2021-01-01,Orange,059,3164182,178809,165440,6982,172422,1893
2021-01-01,Placer,061,380077,15704,13987,641,14628,133
2021-01-01,Plumas,063,18699,498,412,9,421,1
2021-01-01,Riverside,065,2383286,204170,188674,9256,197930,1990
2021-01-01,Sacramento,067,1510023,70357,66956,675,67631,848
2021-01-01,San Benito,069,59416,4002,3773,34,3807,28
2021-01-01,San Bernardino,071,2135413,218762,203651,5922,209573,1590
2021-01-01,San Diego,073,3302833,178571,160071,8078,168149,1592
2021-01-01,San Francisco,075,870044,25254,24145,237,24382,187
2021-01-01,San Joaquin,077,732212,49670,46640,1759,48399,657
2021-01-01,San Luis Obispo,079,281455,12518,11160,270,11430,94
2021-01-01,San Mateo,081,765935,27773,25041,133,25174,194
2021-01-01,Santa Barbara,083,443738,19653,17759,565,18324,164
2021-01-01,Santa Clara,085,1922200,78051,71904,314,72218,680
2021-01-01,Santa Cruz,087,273765,10431,9146,385,9531,84
2021-01-01,Shasta,089,179085,8692,8102,764,8866,72
2021-01-01,Sierra,091,2930,36,26,6,32,0
2021-01-01,Siskiyou,093,43540,1081,944,120,1064,3
2021-01-01,Solano,095,438530,21200,19393,212,19605,97
2021-01-01,Sonoma,097,501317,20643,19513,111,19624,189
2021-01-01,Stanislaus,099,539301,37314,34978,3447,38425,553
2021-01-01,Sutter,101,95872,6809,6553,47,6600,52
2021-01-01,Tehama,103,63373,3331,3079,318,3397,9
2021-01-01,Trinity,105,12862,426,243,58,301,2
2021-01-01,Tulare,107,460477,36712,33994,4047,38041,454
2021-01-01,Tuolumne,109,53932,2974,2909,17,2926,13
2021-01-01,Ventura,111,848112,46332,42026,1752,43778,253
2021-01-01,Yolo,113,214977,9256,8461,69,8530,120
2021-01-01,Yuba,115,75493,4154,3845,39,3884,19
2020-12-31,Alameda,001,1643700,56683,52475,1040,53515,579
2020-12-31,Alpine,003,1148,69,66,0,66,0
2020-12-31,Amador,005,37829,2712,2493,20,2513,24
2020-12-31,Butte,007,227075,8326,7405,965,8370,105
2020-12-31,Calaveras,009,45235,1247,1161,3,1164,21
2020-12-31,Colusa,011,21464,1390,1301,96,1397,7
2020-12-31,Contra Costa,013,1133247,43873,40512,635,41147,336
2020-12-31,Del Norte,015,27424,798,748,2,750,2
2020-12-31,El Dorado,017,186661,6732,5662,350,6012,26
2020-12-31,Fresno,019,978130,73072,66442,5007,71449,711
2020-12-31,Glenn,021,27897,1689,1484,291,1775,9
2020-12-31,Humboldt,023,135768,1927,1713,7,1720,21
2020-12-31,Imperial,025,180216,23793,22494,1532,24026,417
2020-12-31,Inyo,027,18085,731,591,8,599,20
2020-12-31,Kern,029,883053,70379,64904,5482,70386,609
2020-12-31,Kings,031,150075,17121,16077,557,16634,108
2020-12-31,Lake,033,64148,2068,1848,0,1848,23
2020-12-31,Lassen,035,31185,4579,4340,52,4392,1
2020-12-31,Los Angeles,037,10098052,841804,755844,23586,779430,10320
2020-12-31,Madera,039,155013,11598,10609,475,11084,64
2020-12-31,Marin,041,260295,10279,9731,91,9822,148
2020-12-31,Mariposa,043,17540,274,217,2,219,3
2020-12-31,Mendocino,045,87422,2586,2367,24,2391,24
2020-12-31,Merced,047,269075,20193,18808,379,19187,226
2020-12-31,Modoc,049,8938,269,238,75,313,0
2020-12-31,Mono,051,14174,906,868,11,879,3
2020-12-31,Monterey,053,433212,30232,27720,743,28463,188
2020-12-31,Napa,055,140530,6369,5801,25,5826,28
2020-12-31,Nevada,057,99092,2906,2619,95,2714,15
2020-12-31,Orange,059,3164182,176912,161586,6853,168439,1866
2020-12-31,Placer,061,380077,15548,13708,638,14346,126
2020-12-31,Plumas,063,18699,494,401,8,409,1
2020-12-31,Riverside,065,2383286,202488,184193,9128,193321,1958
2020-12-31,Sacramento,067,1510023,69827,65817,665,66482,830
2020-12-31,San Benito,069,59416,3978,3673,34,3707,28
2020-12-31,San Bernardino,071,2135413,217072,199115,5849,204964,1586
2020-12-31,San Diego,073,3302833,176808,155593,7979,163572,1534
2020-12-31,San Francisco,075,870044,25019,23740,230,23970,183
2020-12-31,San Joaquin,077,732212,49319,45764,1721,47485,646
2020-12-31,San Luis Obispo,079,281455,12404,10846,270,11116,89
2020-12-31,San Mateo,081,765935,27443,24570,127,24697,192
2020-12-31,Santa Barbara,083,443738,19409,17434,558,17992,161
2020-12-31,Santa Clara,085,1922200,77176,70032,309,70341,665
2020-12-31,Santa Cruz,087,273765,10313,8909,373,9282,84
2020-12-31,Shasta,089,179085,8626,7996,754,8750,69
2020-12-31,Sierra,091,2930,36,26,6,32,0
2020-12-31,Siskiyou,093,43540,1065,940,117,1057,3
2020-12-31,Solano,095,438530,20970,18942,211,19153,97
2020-12-31,Sonoma,097,501317,20522,19129,110,19239,188
2020-12-31,Stanislaus,099,539301,37006,34398,3400,37798,552
2020-12-31,Sutter,101,95872,6778,6432,47,6479,51
2020-12-31,Tehama,103,63373,3293,3036,317,3353,9
2020-12-31,Trinity,105,12862,425,241,58,299,2
2020-12-31,Tulare,107,460477,36510,33412,3986,37398,446
2020-12-31,Tuolumne,109,53932,2965,2902,17,2919,12
2020-12-31,Ventura,111,848112,45821,40854,1735,42589,251
2020-12-31,Yolo,113,214977,9167,8295,68,8363,117
2020-12-31,Yuba,115,75493,4117,3799,38,3837,18
2020-12-30,Alameda,001,1643700,55898,50158,987,51145,573
2020-12-30,Alpine,003,1148,69,66,0,66,0
2020-12-30,Amador,005,37829,2692,2418,19,2437,24
2020-12-30,Butte,007,227075,8165,7140,945,8085,103
2020-12-30,Calaveras,009,45235,1222,1135,3,1138,21
2020-12-30,Colusa,011,21464,1372,1289,90,1379,7
2020-12-30,Contra Costa,013,1133247,43323,39601,622,40223,337
2020-12-30,Del Norte,015,27424,793,726,2,728,2
2020-12-30,El Dorado,017,186661,6631,5595,340,5935,27
2020-12-30,Fresno,019,978130,72226,65566,4858,70424,711
2020-12-30,Glenn,021,27897,1658,1471,279,1750,9
2020-12-30,Humboldt,023,135768,1893,1654,7,1661,22
2020-12-30,Imperial,025,180216,23626,22098,1456,23554,412
2020-12-30,Inyo,027,18085,725,572,8,580,20
2020-12-30,Kern,029,883053,69651,63292,5338,68630,604
2020-12-30,Kings,031,150075,17002,15862,549,16411,108
2020-12-30,Lake,033,64148,2049,1731,0,1731,23
2020-12-30,Lassen,035,31185,4570,4300,52,4352,1
2020-12-30,Los Angeles,037,10098052,830886,741907,22912,764819,10046
2020-12-30,Madera,039,155013,11488,10249,464,10713,65
2020-12-30,Marin,041,260295,10187,9569,84,9653,148
2020-12-30,Mariposa,043,17540,270,214,2,216,3
2020-12-30,Mendocino,045,87422,2568,2291,21,2312,24
2020-12-30,Merced,047,269075,19903,18519,369,18888,225
2020-12-30,Modoc,049,8938,266,234,75,309,0
2020-12-30,Mono,051,14174,903,868,11,879,3
2020-12-30,Monterey,053,433212,29602,26977,721,27698,186
2020-12-30,Napa,055,140530,6263,5754,25,5779,28
2020-12-30,Nevada,057,99092,2871,2595,93,2688,15
2020-12-30,Orange,059,3164182,174253,153951,6666,160617,1863
2020-12-30,Placer,061,380077,15316,13540,626,14166,127
2020-12-30,Plumas,063,18699,489,397,8,405,1
2020-12-30,Riverside,065,2383286,199541,176402,8945,185347,1919
2020-12-30,Sacramento,067,1510023,68954,64119,648,64767,847
2020-12-30,San Benito,069,59416,3896,3464,30,3494,29
2020-12-30,San Bernardino,071,2135413,214504,192648,5764,198412,1591
2020-12-30,San Diego,073,3302833,173175,152510,7804,160314,1472
2020-12-30,San Francisco,075,870044,24744,23099,225,23324,182
2020-12-30,San Joaquin,077,732212,48598,44465,1680,46145,634
2020-12-30,San Luis Obispo,079,281455,12135,10542,262,10804,89
2020-12-30,San Mateo,081,765935,27014,24150,123,24273,190
2020-12-30,Santa Barbara,083,443738,19007,16895,537,17432,161
2020-12-30,Santa Clara,085,1922200,75968,67218,305,67523,661
2020-12-30,Santa Cruz,087,273765,10139,8787,364,9151,86
2020-12-30,Shasta,089,179085,8512,7818,740,8558,69
2020-12-30,Sierra,091,2930,36,25,6,31,0
2020-12-30,Siskiyou,093,43540,1058,913,109,1022,3
2020-12-30,Solano,095,438530,20581,18300,208,18508,96
2020-12-30,Sonoma,097,501317,20266,18947,110,19057,191
2020-12-30,Stanislaus,099,539301,36543,33730,3325,37055,526
2020-12-30,Sutter,101,95872,6718,6328,45,6373,51
2020-12-30,Tehama,103,63373,3249,2969,313,3282,9
2020-12-30,Trinity,105,12862,424,231,57,288,2
2020-12-30,Tulare,107,460477,35979,32413,3927,36340,430
2020-12-30,Tuolumne,109,53932,2955,2772,15,2787,12
2020-12-30,Ventura,111,848112,44534,39039,1711,40750,251
2020-12-30,Yolo,113,214977,9059,8067,66,8133,117
2020-12-30,Yuba,115,75493,4049,3612,38,3650,18
2020-12-29,Alameda,001,1643700,54829,50946,952,51898,552
2020-12-29,Alpine,003,1148,69,65,0,65,0
2020-12-29,Amador,005,37829,2640,2388,18,2406,23
2020-12-29,Butte,007,227075,7992,7178,921,8099,98
2020-12-29,Calaveras,009,45235,1178,1111,2,1113,21
2020-12-29,Colusa,011,21464,1351,1272,85,1357,7
2020-12-29,Contra Costa,013,1133247,42552,39225,596,39821,325
2020-12-29,Del Norte,015,27424,786,724,2,726,2
2020-12-29,El Dorado,017,186661,6501,5551,327,5878,22
2020-12-29,Fresno,019,978130,70851,65149,4708,69857,688
2020-12-29,Glenn,021,27897,1624,1454,272,1726,9
2020-12-29,Humboldt,023,135768,1845,1616,7,1623,19
2020-12-29,Imperial,025,180216,23412,22105,1374,23479,407
2020-12-29,Inyo,027,18085,707,571,8,579,19
2020-12-29,Kern,029,883053,68486,63096,5170,68266,589
2020-12-29,Kings,031,150075,16833,15777,537,16314,108
2020-12-29,Lake,033,64148,2018,1805,0,1805,22
2020-12-29,Lassen,035,31185,4555,4288,52,4340,1
2020-12-29,Los Angeles,037,10098052,810680,731907,22074,753981,9786
2020-12-29,Madera,039,155013,11186,10251,451,10702,64
2020-12-29,Marin,041,260295,10044,9595,80,9675,146
2020-12-29,Mariposa,043,17540,262,212,2,214,3
2020-12-29,Mendocino,045,87422,2525,2249,20,2269,24
2020-12-29,Merced,047,269075,19553,18464,353,18817,221
2020-12-29,Modoc,049,8938,263,232,75,307,0
2020-12-29,Mono,051,14174,894,868,11,879,3
2020-12-29,Monterey,053,433212,28951,26894,696,27590,185
2020-12-29,Napa,055,140530,6145,5663,25,5688,28
2020-12-29,Nevada,057,99092,2823,2550,92,2642,15
2020-12-29,Orange,059,3164182,170470,154411,6502,160913,1839
2020-12-29,Placer,061,380077,15103,13392,605,13997,126
2020-12-29,Plumas,063,18699,480,395,8,403,1
2020-12-29,Riverside,065,2383286,194941,177624,8696,186320,1904
2020-12-29,Sacramento,067,1510023,67903,65078,636,65714,820
2020-12-29,San Benito,069,59416,3777,3474,29,3503,25
2020-12-29,San Bernardino,071,2135413,209670,190476,5628,196104,1557
2020-12-29,San Diego,073,3302833,168952,150062,7573,157635,1435
2020-12-29,San Francisco,075,870044,24405,22996,218,23214,178
2020-12-29,San Joaquin,077,732212,47658,44699,1627,46326,622
2020-12-29,San Luis Obispo,079,281455,11839,10387,254,10641,80
2020-12-29,San Mateo,081,765935,26472,23773,111,23884,189
2020-12-29,Santa Barbara,083,443738,18538,16797,511,17308,155
2020-12-29,Santa Clara,085,1922200,74467,67581,301,67882,621
2020-12-29,Santa Cruz,087,273765,9873,8492,355,8847,84
2020-12-29,Shasta,089,179085,8408,7782,725,8507,65
2020-12-29,Sierra,091,2930,34,24,5,29,0
2020-12-29,Siskiyou,093,43540,1043,926,107,1033,3
2020-12-29,Solano,095,438530,20205,18412,203,18615,96
2020-12-29,Sonoma,097,501317,19934,18790,108,18898,187
2020-12-29,Stanislaus,099,539301,36066,33775,3255,37030,508
2020-12-29,Sutter,101,95872,6651,6302,45,6347,50
2020-12-29,Tehama,103,63373,3179,2962,301,3263,9
2020-12-29,Trinity,105,12862,423,241,57,298,2
2020-12-29,Tulare,107,460477,35352,32545,3805,36350,419
2020-12-29,Tuolumne,109,53932,2913,2797,15,2812,12
2020-12-29,Ventura,111,848112,43279,38669,1685,40354,235
2020-12-29,Yolo,113,214977,8929,8124,64,8188,111
2020-12-29,Yuba,115,75493,3970,3723,38,3761,18
2020-12-28,Alameda,001,1643700,53783,50405,932,51337,551
2020-12-28,Alpine,003,1148,68,65,0,65,0
2020-12-28,Amador,005,37829,2570,2255,18,2273,23
2020-12-28,Butte,007,227075,7825,7053,891,7944,86
2020-12-28,Calaveras,009,45235,1155,1102,2,1104,21
2020-12-28,Colusa,011,21464,1325,1255,74,1329,7
2020-12-28,Contra Costa,013,1133247,41611,38872,567,39439,324
2020-12-28,Del Norte,015,27424,777,718,2,720,2
2020-12-28,El Dorado,017,186661,6345,5441,315,5756,18
2020-12-28,Fresno,019,978130,69582,64274,4559,68833,679
2020-12-28,Glenn,021,27897,1590,1435,260,1695,9
2020-12-28,Humboldt,023,135768,1810,1579,7,1586,19
2020-12-28,Imperial,025,180216,23157,22003,1300,23303,405
2020-12-28,Inyo,027,18085,701,569,8,577,19
2020-12-28,Kern,029,883053,67419,62392,4970,67362,579
2020-12-28,Kings,031,150075,16616,15733,520,16253,108
2020-12-28,Lake,033,64148,1978,1785,0,1785,22
2020-12-28,Lassen,035,31185,4448,4284,51,4335,1
2020-12-28,Los Angeles,037,10098052,788325,720699,21280,741979,9544
2020-12-28,Madera,039,155013,11013,10123,431,10554,64
2020-12-28,Marin,041,260295,9937,9546,74,9620,145
2020-12-28,Mariposa,043,17540,238,211,2,213,3
2020-12-28,Mendocino,045,87422,2490,2214,20,2234,23
2020-12-28,Merced,047,269075,19233,18245,335,18580,213
2020-12-28,Modoc,049,8938,258,220,74,294,0
2020-12-28,Mono,051,14174,890,848,11,859,3
2020-12-28,Monterey,053,433212,28103,26529,687,27216,182
2020-12-28,Napa,055,140530,6036,5576,25,5601,26
2020-12-28,Nevada,057,99092,2775,2532,88,2620,15
2020-12-28,Orange,059,3164182,166368,152089,6327,158416,1839
2020-12-28,Placer,061,380077,14763,13234,578,13812,126
2020-12-28,Plumas,063,18699,476,391,8,399,0
2020-12-28,Riverside,065,2383286,190042,174029,8409,182438,1855
2020-12-28,Sacramento,067,1510023,66669,64322,612,64934,813
2020-12-28,San Benito,069,59416,3708,3429,29,3458,24
2020-12-28,San Bernardino,071,2135413,204580,188919,5515,194434,1552
2020-12-28,San Diego,073,3302833,164208,147528,7391,154919,1404
2020-12-28,San Francisco,075,870044,24045,22726,213,22939,178
2020-12-28,San Joaquin,077,732212,46719,44172,1595,45767,618
2020-12-28,San Luis Obispo,079,281455,11489,10260,250,10510,76
2020-12-28,San Mateo,081,765935,25998,23467,107,23574,189
2020-12-28,Santa Barbara,083,443738,18070,16579,499,17078,155
2020-12-28,Santa Clara,085,1922200,72987,66418,294,66712,619
2020-12-28,Santa Cruz,087,273765,9615,8310,345,8655,81
2020-12-28,Shasta,089,179085,8291,7688,712,8400,65
2020-12-28,Sierra,091,2930,32,24,4,28,0
2020-12-28,Siskiyou,093,43540,1027,915,102,1017,3
2020-12-28,Solano,095,438530,19645,18171,196,18367,96
2020-12-28,Sonoma,097,501317,19587,18667,106,18773,185
2020-12-28,Stanislaus,099,539301,35520,33473,3196,36669,507
2020-12-28,Sutter,101,95872,6571,6253,45,6298,49
2020-12-28,Tehama,103,63373,3126,2934,294,3228,9
2020-12-28,Trinity,105,12862,421,240,57,297,2
2020-12-28,Tulare,107,460477,34702,32010,3704,35714,404
2020-12-28,Tuolumne,109,53932,2896,2777,15,2792,12
2020-12-28,Ventura,111,848112,41610,37151,1640,38791,230
2020-12-28,Yolo,113,214977,8775,8031,63,8094,111
2020-12-28,Yuba,115,75493,3915,3679,37,3716,18
2020-12-27,Alameda,001,1643700,52545,49764,905,50669,551
2020-12-27,Alpine,003,1148,66,65,0,65,0
2020-12-27,Amador,005,37829,2450,2218,18,2236,23
2020-12-27,Butte,007,227075,7670,7016,852,7868,86
2020-12-27,Calaveras,009,45235,1109,1097,2,1099,21
2020-12-27,Colusa,011,21464,1300,1253,71,1324,7
2020-12-27,Contra Costa,013,1133247,40664,38428,543,38971,324
2020-12-27,Del Norte,015,27424,753,712,2,714,2
2020-12-27,El Dorado,017,186661,6131,5388,292,5680,18
2020-12-27,Fresno,019,978130,68337,63811,4356,68167,679
2020-12-27,Glenn,021,27897,1562,1434,246,1680,9
2020-12-27,Humboldt,023,135768,1766,1575,7,1582,17
2020-12-27,Imperial,025,180216,22878,21934,1193,23127,405
2020-12-27,Inyo,027,18085,681,565,7,572,18
2020-12-27,Kern,029,883053,66138,61914,4804,66718,568
2020-12-27,Kings,031,150075,16380,15593,486,16079,108
2020-12-27,Lake,033,64148,1929,1769,0,1769,22
2020-12-27,Lassen,035,31185,4371,4230,44,4274,1
2020-12-27,Los Angeles,037,10098052,766806,707260,20405,727665,9476
2020-12-27,Madera,039,155013,10756,10005,421,10426,64
2020-12-27,Marin,041,260295,9817,9477,72,9549,144
2020-12-27,Mariposa,043,17540,231,208,2,210,3
2020-12-27,Mendocino,045,87422,2443,2209,20,2229,23
2020-12-27,Merced,047,269075,18866,18075,319,18394,213
2020-12-27,Modoc,049,8938,249,221,70,291,0
2020-12-27,Mono,051,14174,878,849,11,860,3
2020-12-27,Monterey,053,433212,27540,26322,670,26992,181
2020-12-27,Napa,055,140530,5902,5496,25,5521,26
2020-12-27,Nevada,057,99092,2739,2519,88,2607,15
2020-12-27,Orange,059,3164182,161967,149276,6139,155415,1839
2020-12-27,Placer,061,380077,14468,13017,546,13563,126
2020-12-27,Plumas,063,18699,470,390,8,398,0
2020-12-27,Riverside,065,2383286,185128,171995,8109,180104,1836
2020-12-27,Sacramento,067,1510023,65460,63416,590,64006,811
2020-12-27,San Benito,069,59416,3623,3394,29,3423,24
2020-12-27,San Bernardino,071,2135413,199488,186776,5378,192154,1551
2020-12-27,San Diego,073,3302833,159801,145777,7204,152981,1402
2020-12-27,San Francisco,075,870044,23690,22514,205,22719,178
2020-12-27,San Joaquin,077,732212,45669,43529,1546,45075,618
2020-12-27,San Luis Obispo,079,281455,11081,10154,245,10399,76
2020-12-27,San Mateo,081,765935,25434,23136,104,23240,187
2020-12-27,Santa Barbara,083,443738,17541,16364,472,16836,155
2020-12-27,Santa Clara,085,1922200,71289,65288,288,65576,619
2020-12-27,Santa Cruz,087,273765,9357,8234,337,8571,81
2020-12-27,Shasta,089,179085,8164,7671,690,8361,65
2020-12-27,Sierra,091,2930,32,24,3,27,0
2020-12-27,Siskiyou,093,43540,1017,914,97,1011,3
2020-12-27,Solano,095,438530,19163,17840,191,18031,96
2020-12-27,Sonoma,097,501317,19296,18487,105,18592,185
2020-12-27,Stanislaus,099,539301,34908,33076,3113,36189,506
2020-12-27,Sutter,101,95872,6490,6218,43,6261,48
2020-12-27,Tehama,103,63373,3055,2922,278,3200,9
2020-12-27,Trinity,105,12862,414,240,55,295,2
2020-12-27,Tulare,107,460477,34099,31864,3586,35450,400
2020-12-27,Tuolumne,109,53932,2790,2750,13,2763,12
2020-12-27,Ventura,111,848112,40547,36661,1589,38250,230
2020-12-27,Yolo,113,214977,8586,7919,59,7978,111
2020-12-27,Yuba,115,75493,3852,3665,35,3700,18
2020-12-26,Alameda,001,1643700,51922,49084,892,49976,551
2020-12-26,Alpine,003,1148,66,65,0,65,0
2020-12-26,Amador,005,37829,2436,2189,18,2207,23
2020-12-26,Butte,007,227075,7575,6968,828,7796,86
2020-12-26,Calaveras,009,45235,1103,1084,2,1086,21
2020-12-26,Colusa,011,21464,1290,1240,71,1311,7
2020-12-26,Contra Costa,013,1133247,40185,38008,526,38534,324
2020-12-26,Del Norte,015,27424,748,709,2,711,2
2020-12-26,El Dorado,017,186661,6076,5279,288,5567,18
2020-12-26,Fresno,019,978130,67867,63080,4293,67373,679
2020-12-26,Glenn,021,27897,1541,1413,241,1654,9
2020-12-26,Humboldt,023,135768,1728,1545,7,1552,17
2020-12-26,Imperial,025,180216,22783,21734,1140,22874,405
2020-12-26,Inyo,027,18085,666,554,7,561,18
2020-12-26,Kern,029,883053,65468,61174,4657,65831,564
2020-12-26,Kings,031,150075,16262,15517,482,15999,108
2020-12-26,Lake,033,64148,1889,1710,0,1710,22
2020-12-26,Lassen,035,31185,4350,3981,44,4025,1
2020-12-26,Los Angeles,037,10098052,758237,694149,19911,714060,9424
2020-12-26,Madera,039,155013,10680,9908,409,10317,64
2020-12-26,Marin,041,260295,9777,9413,69,9482,143
2020-12-26,Mariposa,043,17540,230,206,2,208,3
2020-12-26,Mendocino,045,87422,2397,2194,20,2214,23
2020-12-26,Merced,047,269075,18707,17890,314,18204,213
2020-12-26,Modoc,049,8938,246,222,70,292,0
2020-12-26,Mono,051,14174,872,850,11,861,3
2020-12-26,Monterey,053,433212,27402,26010,661,26671,182
2020-12-26,Napa,055,140530,5844,5427,25,5452,26
2020-12-26,Nevada,057,99092,2711,2480,88,2568,15
2020-12-26,Orange,059,3164182,159757,147304,6048,153352,1838
2020-12-26,Placer,061,380077,14297,12816,531,13347,122
2020-12-26,Plumas,063,18699,467,381,8,389,0
2020-12-26,Riverside,065,2383286,182642,169360,7951,177311,1834
2020-12-26,Sacramento,067,1510023,64835,62435,580,63015,807
2020-12-26,San Benito,069,59416,3550,3330,29,3359,24
2020-12-26,San Bernardino,071,2135413,197810,185111,5296,190407,1551
2020-12-26,San Diego,073,3302833,157276,142644,7057,149701,1402
2020-12-26,San Francisco,075,870044,23449,22319,205,22524,177
2020-12-26,San Joaquin,077,732212,45282,42887,1500,44387,618
2020-12-26,San Luis Obispo,079,281455,10994,9945,240,10185,76
2020-12-26,San Mateo,081,765935,25096,22908,99,23007,187
2020-12-26,Santa Barbara,083,443738,17302,16159,466,16625,155
2020-12-26,Santa Clara,085,1922200,70176,64185,286,64471,618
2020-12-26,Santa Cruz,087,273765,9226,8113,328,8441,81
2020-12-26,Shasta,089,179085,8104,7641,678,8319,65
2020-12-26,Sierra,091,2930,32,24,3,27,0
2020-12-26,Siskiyou,093,43540,1010,909,94,1003,2
2020-12-26,Solano,095,438530,18922,17528,191,17719,96
2020-12-26,Sonoma,097,501317,19093,18261,103,18364,184
2020-12-26,Stanislaus,099,539301,34609,32678,3060,35738,505
2020-12-26,Sutter,101,95872,6432,6121,43,6164,48
2020-12-26,Tehama,103,63373,3026,2884,272,3156,9
2020-12-26,Trinity,105,12862,412,237,54,291,2
2020-12-26,Tulare,107,460477,33789,31665,3523,35188,398
2020-12-26,Tuolumne,109,53932,2779,2703,13,2716,12
2020-12-26,Ventura,111,848112,39582,36064,1559,37623,230
2020-12-26,Yolo,113,214977,8484,7785,57,7842,111
2020-12-26,Yuba,115,75493,3820,3599,35,3634,18
2020-12-25,Alameda,001,1643700,51349,48365,877,49242,542
2020-12-25,Alpine,003,1148,66,64,0,64,0
2020-12-25,Amador,005,37829,2393,2172,18,2190,23
2020-12-25,Butte,007,227075,7476,6873,810,7683,85
2020-12-25,Calaveras,009,45235,1100,1062,2,1064,21
2020-12-25,Colusa,011,21464,1277,1219,70,1289,7
2020-12-25,Contra Costa,013,1133247,39699,37480,502,37982,324
2020-12-25,Del Norte,015,27424,746,692,2,694,2
2020-12-25,El Dorado,017,186661,6011,5170,275,5445,16
2020-12-25,Fresno,019,978130,67003,62251,4213,66464,679
2020-12-25,Glenn,021,27897,1525,1390,234,1624,9
2020-12-25,Humboldt,023,135768,1688,1532,7,1539,16
2020-12-25,Imperial,025,180216,22681,21646,1128,22774,405
2020-12-25,Inyo,027,18085,656,546,7,553,18
2020-12-25,Kern,029,883053,64737,60417,4511,64928,562
2020-12-25,Kings,031,150075,16151,15460,478,15938,108
2020-12-25,Lake,033,64148,1870,1669,0,1669,20
2020-12-25,Lassen,035,31185,4335,3926,44,3970,1
2020-12-25,Los Angeles,037,10098052,744570,665600,19252,684852,9292
2020-12-25,Madera,039,155013,10516,9770,403,10173,64
2020-12-25,Marin,041,260295,9724,9375,67,9442,143
2020-12-25,Mariposa,043,17540,224,203,2,205,3
2020-12-25,Mendocino,045,87422,2354,2176,20,2196,23
2020-12-25,Merced,047,269075,18546,17726,306,18032,213
2020-12-25,Modoc,049,8938,245,221,70,291,0
2020-12-25,Mono,051,14174,870,843,11,854,3
2020-12-25,Monterey,053,433212,27125,25788,652,26440,182
2020-12-25,Napa,055,140530,5767,5351,25,5376,26
2020-12-25,Nevada,057,99092,2685,2458,86,2544,15
2020-12-25,Orange,059,3164182,157073,144542,5857,150399,1814
2020-12-25,Placer,061,380077,14111,12660,509,13169,122
2020-12-25,Plumas,063,18699,460,381,8,389,0
2020-12-25,Riverside,065,2383286,179360,166690,7640,174330,1825
2020-12-25,Sacramento,067,1510023,64143,61630,555,62185,796
2020-12-25,San Benito,069,59416,3509,3281,27,3308,24
2020-12-25,San Bernardino,071,2135413,195200,181812,5181,186993,1546
2020-12-25,San Diego,073,3302833,154796,139958,6879,146837,1402
2020-12-25,San Francisco,075,870044,23167,22130,200,22330,175
2020-12-25,San Joaquin,077,732212,44981,42089,1447,43536,614
2020-12-25,San Luis Obispo,079,281455,10811,9749,233,9982,76
2020-12-25,San Mateo,081,765935,24774,22568,97,22665,187
2020-12-25,Santa Barbara,083,443738,17078,15936,459,16395,155
2020-12-25,Santa Clara,085,1922200,69040,63173,277,63450,612
2020-12-25,Santa Cruz,087,273765,9076,8018,307,8325,81
2020-12-25,Shasta,089,179085,8030,7612,655,8267,65
2020-12-25,Sierra,091,2930,32,24,3,27,0
2020-12-25,Siskiyou,093,43540,1004,905,92,997,2
2020-12-25,Solano,095,438530,18743,17280,189,17469,96
2020-12-25,Sonoma,097,501317,18918,18035,101,18136,184
2020-12-25,Stanislaus,099,539301,34327,32290,3005,35295,498
2020-12-25,Sutter,101,95872,6373,6051,42,6093,47
2020-12-25,Tehama,103,63373,2977,2839,259,3098,9
2020-12-25,Trinity,105,12862,408,236,54,290,2
2020-12-25,Tulare,107,460477,33378,31323,3455,34778,398
2020-12-25,Tuolumne,109,53932,2760,2674,13,2687,12
2020-12-25,Ventura,111,848112,38426,35514,1511,37025,230
2020-12-25,Yolo,113,214977,8392,7700,55,7755,111
2020-12-25,Yuba,115,75493,3780,3549,34,3583,17
2020-12-24,Alameda,001,1643700,50992,47527,859,48386,541
2020-12-24,Alpine,003,1148,66,64,0,64,0
2020-12-24,Amador,005,37829,2381,2145,18,2163,23
2020-12-24,Butte,007,227075,7437,6716,795,7511,84
2020-12-24,Calaveras,009,45235,1097,1032,2,1034,21
2020-12-24,Colusa,011,21464,1272,1188,68,1256,7
2020-12-24,Contra Costa,013,1133247,39447,36623,489,37112,311
2020-12-24,Del Norte,015,27424,745,678,2,680,2
2020-12-24,El Dorado,017,186661,5985,5042,267,5309,16
2020-12-24,Fresno,019,978130,66780,61435,4199,65634,663
2020-12-24,Glenn,021,27897,1514,1363,226,1589,9
2020-12-24,Humboldt,023,135768,1665,1516,7,1523,16
2020-12-24,Imperial,025,180216,22619,21545,1118,22663,402
2020-12-24,Inyo,027,18085,654,532,7,539,17
2020-12-24,Kern,029,883053,64450,59601,4498,64099,556
2020-12-24,Kings,031,150075,16111,15211,477,15688,108
2020-12-24,Lake,033,64148,1848,1629,0,1629,20
2020-12-24,Lassen,035,31185,4322,3894,44,3938,1
2020-12-24,Los Angeles,037,10098052,740382,664840,19006,683846,9288
2020-12-24,Madera,039,155013,10467,9547,395,9942,63
2020-12-24,Marin,041,260295,9685,9287,67,9354,143
2020-12-24,Mariposa,043,17540,220,197,2,199,3
2020-12-24,Mendocino,045,87422,2343,2150,20,2170,23
2020-12-24,Merced,047,269075,18476,17485,302,17787,212
2020-12-24,Modoc,049,8938,245,220,69,289,0
2020-12-24,Mono,051,14174,868,817,11,828,3
2020-12-24,Monterey,053,433212,27012,25131,645,25776,180
2020-12-24,Napa,055,140530,5712,5265,25,5290,26
2020-12-24,Nevada,057,99092,2661,2429,86,2515,15
2020-12-24,Orange,059,3164182,155588,141205,5806,147011,1775
2020-12-24,Placer,061,380077,14021,12457,502,12959,121
2020-12-24,Plumas,063,18699,457,376,8,384,0
2020-12-24,Riverside,065,2383286,178425,162435,7600,170035,1816
2020-12-24,Sacramento,067,1510023,63868,60596,553,61149,788
2020-12-24,San Benito,069,59416,3478,3183,27,3210,24
2020-12-24,San Bernardino,071,2135413,194116,176866,5148,182014,1533
2020-12-24,San Diego,073,3302833,153712,136952,6847,143799,1382
2020-12-24,San Francisco,075,870044,22995,21830,197,22027,175
2020-12-24,San Joaquin,077,732212,44814,41324,1429,42753,611
2020-12-24,San Luis Obispo,079,281455,10742,9504,231,9735,77
2020-12-24,San Mateo,081,765935,24579,22093,97,22190,186
2020-12-24,Santa Barbara,083,443738,16973,15644,451,16095,153
2020-12-24,Santa Clara,085,1922200,68352,61742,270,62012,591
2020-12-24,Santa Cruz,087,273765,8997,7856,295,8151,82
2020-12-24,Shasta,089,179085,7989,7540,638,8178,65
2020-12-24,Sierra,091,2930,29,23,1,24,0
2020-12-24,Siskiyou,093,43540,999,900,86,986,2
2020-12-24,Solano,095,438530,18602,16872,184,17056,96
2020-12-24,Sonoma,097,501317,18817,17710,101,17811,183
2020-12-24,Stanislaus,099,539301,34125,31848,2978,34826,498
2020-12-24,Sutter,101,95872,6332,5960,41,6001,47
2020-12-24,Tehama,103,63373,2959,2779,257,3036,9
2020-12-24,Trinity,105,12862,407,235,54,289,2
2020-12-24,Tulare,107,460477,33231,30827,3429,34256,390
2020-12-24,Tuolumne,109,53932,2752,2653,13,2666,12
2020-12-24,Ventura,111,848112,38146,34400,1504,35904,224
2020-12-24,Yolo,113,214977,8350,7566,54,7620,113
2020-12-24,Yuba,115,75493,3749,3483,34,3517,16
2020-12-23,Alameda,001,1643700,50415,46753,832,47585,537
2020-12-23,Alpine,003,1148,66,64,0,64,0
2020-12-23,Amador,005,37829,2312,2108,17,2125,23
2020-12-23,Butte,007,227075,7348,6588,768,7356,84
2020-12-23,Calaveras,009,45235,1089,1002,1,1003,21
2020-12-23,Colusa,011,21464,1261,1167,67,1234,7
2020-12-23,Contra Costa,013,1133247,39050,36190,475,36665,311
2020-12-23,Del Norte,015,27424,737,670,2,672,2
2020-12-23,El Dorado,017,186661,5910,4967,259,5226,14
2020-12-23,Fresno,019,978130,66170,60488,4134,64622,654
2020-12-23,Glenn,021,27897,1500,1349,222,1571,9
2020-12-23,Humboldt,023,135768,1640,1458,7,1465,16
2020-12-23,Imperial,025,180216,22524,21323,1089,22412,399
2020-12-23,Inyo,027,18085,641,517,7,524,17
2020-12-23,Kern,029,883053,63932,58656,4407,63063,549
2020-12-23,Kings,031,150075,16034,14923,474,15397,105
2020-12-23,Lake,033,64148,1831,1595,0,1595,20
2020-12-23,Lassen,035,31185,4312,3865,41,3906,1
2020-12-23,Los Angeles,037,10098052,731311,651958,18486,670444,9146
2020-12-23,Madera,039,155013,10310,9371,380,9751,63
2020-12-23,Marin,041,260295,9626,9199,64,9263,142
2020-12-23,Mariposa,043,17540,218,194,2,196,3
2020-12-23,Mendocino,045,87422,2331,2121,20,2141,23
2020-12-23,Merced,047,269075,18320,17250,294,17544,203
2020-12-23,Modoc,049,8938,241,197,68,265,0
2020-12-23,Mono,051,14174,865,814,11,825,3
2020-12-23,Monterey,053,433212,26712,24856,640,25496,176
2020-12-23,Napa,055,140530,5644,5172,25,5197,25
2020-12-23,Nevada,057,99092,2616,2406,85,2491,15
2020-12-23,Orange,059,3164182,153136,138050,5645,143695,1771
2020-12-23,Placer,061,380077,13811,12213,494,12707,111
2020-12-23,Plumas,063,18699,450,369,8,377,0
2020-12-23,Riverside,065,2383286,176153,158110,7446,165556,1790
2020-12-23,Sacramento,067,1510023,63219,59661,540,60201,779
2020-12-23,San Benito,069,59416,3424,3073,25,3098,24
2020-12-23,San Bernardino,071,2135413,192049,172888,5080,177968,1509
2020-12-23,San Diego,073,3302833,151286,134695,6710,141405,1350
2020-12-23,San Francisco,075,870044,22775,21498,194,21692,174
2020-12-23,San Joaquin,077,732212,44287,35664,1387,37051,602
2020-12-23,San Luis Obispo,079,281455,10600,9267,226,9493,74
2020-12-23,San Mateo,081,765935,24277,21780,95,21875,186
2020-12-23,Santa Barbara,083,443738,16765,15399,426,15825,152
2020-12-23,Santa Clara,085,1922200,67405,60455,265,60720,579
2020-12-23,Santa Cruz,087,273765,8838,7637,277,7914,75
2020-12-23,Shasta,089,179085,7917,7487,632,8119,66
2020-12-23,Sierra,091,2930,27,23,1,24,0
2020-12-23,Siskiyou,093,43540,978,891,85,976,2
2020-12-23,Solano,095,438530,18389,16626,179,16805,95
2020-12-23,Sonoma,097,501317,18613,17397,101,17498,182
2020-12-23,Stanislaus,099,539301,33773,31492,2926,34418,499
2020-12-23,Sutter,101,95872,6265,5871,41,5912,46
2020-12-23,Tehama,103,63373,2941,2737,250,2987,9
2020-12-23,Trinity,105,12862,407,234,53,287,2
2020-12-23,Tulare,107,460477,32920,30315,3389,33704,385
2020-12-23,Tuolumne,109,53932,2713,2540,13,2553,12
2020-12-23,Ventura,111,848112,37749,33377,1475,34852,216
2020-12-23,Yolo,113,214977,8271,7508,54,7562,112
2020-12-23,Yuba,115,75493,3689,3438,34,3472,14
2020-12-22,Alameda,001,1643700,49526,45751,802,46553,534
2020-12-22,Alpine,003,1148,66,64,0,64,0
2020-12-22,Amador,005,37829,2301,1839,17,1856,23
2020-12-22,Butte,007,227075,7219,6467,754,7221,85
2020-12-22,Calaveras,009,45235,1062,988,0,988,21
2020-12-22,Colusa,011,21464,1238,1150,64,1214,7
2020-12-22,Contra Costa,013,1133247,38427,35681,461,36142,301
2020-12-22,Del Norte,015,27424,727,666,2,668,2
2020-12-22,El Dorado,017,186661,5787,4885,247,5132,12
2020-12-22,Fresno,019,978130,65138,59640,4032,63672,640
2020-12-22,Glenn,021,27897,1477,1337,211,1548,9
2020-12-22,Humboldt,023,135768,1607,1440,7,1447,16
2020-12-22,Imperial,025,180216,22334,21128,1048,22176,398
2020-12-22,Inyo,027,18085,620,506,7,513,17
2020-12-22,Kern,029,883053,62979,57816,4272,62088,547
2020-12-22,Kings,031,150075,15892,14855,468,15323,102
2020-12-22,Lake,033,64148,1807,1569,0,1569,20
2020-12-22,Lassen,035,31185,4170,3848,39,3887,1
2020-12-22,Los Angeles,037,10098052,714038,635931,17825,653756,9013
2020-12-22,Madera,039,155013,10196,9187,365,9552,63
2020-12-22,Marin,041,260295,9560,9115,63,9178,142
2020-12-22,Mariposa,043,17540,215,194,2,196,3
2020-12-22,Mendocino,045,87422,2298,2092,19,2111,23
2020-12-22,Merced,047,269075,18074,17012,289,17301,201
2020-12-22,Modoc,049,8938,233,182,67,249,0
2020-12-22,Mono,051,14174,859,786,11,797,3
2020-12-22,Monterey,053,433212,26041,24152,619,24771,176
2020-12-22,Napa,055,140530,5555,5059,25,5084,23
2020-12-22,Nevada,057,99092,2588,2367,84,2451,14
2020-12-22,Orange,059,3164182,149798,134850,5477,140327,1774
2020-12-22,Placer,061,380077,13567,11943,474,12417,105
2020-12-22,Plumas,063,18699,444,360,8,368,0
2020-12-22,Riverside,065,2383286,172343,155059,7180,162239,1777
2020-12-22,Sacramento,067,1510023,62291,57966,521,58487,772
2020-12-22,San Benito,069,59416,3346,2998,25,3023,24
2020-12-22,San Bernardino,071,2135413,187441,169266,4936,174202,1500
2020-12-22,San Diego,073,3302833,147927,132097,6548,138645,1311
2020-12-22,San Francisco,075,870044,22503,21232,190,21422,174
2020-12-22,San Joaquin,077,732212,43524,39423,1339,40762,592
2020-12-22,San Luis Obispo,079,281455,10254,9174,221,9395,69
2020-12-22,San Mateo,081,765935,23951,21382,79,21461,186
2020-12-22,Santa Barbara,083,443738,16499,15189,416,15605,150
2020-12-22,Santa Clara,085,1922200,66225,59192,258,59450,569
2020-12-22,Santa Cruz,087,273765,8655,7471,251,7722,72
2020-12-22,Shasta,089,179085,7838,7371,615,7986,64
2020-12-22,Sierra,091,2930,27,23,0,23,0
2020-12-22,Siskiyou,093,43540,972,880,84,964,2
2020-12-22,Solano,095,438530,17985,16229,176,16405,95
2020-12-22,Sonoma,097,501317,18292,17216,101,17317,180
2020-12-22,Stanislaus,099,539301,33389,30914,2852,33766,499
2020-12-22,Sutter,101,95872,6206,5791,40,5831,46
2020-12-22,Tehama,103,63373,2891,2688,244,2932,9
2020-12-22,Trinity,105,12862,406,231,53,284,2
2020-12-22,Tulare,107,460477,32454,30025,3325,33350,377
2020-12-22,Tuolumne,109,53932,2662,2526,13,2539,12
2020-12-22,Ventura,111,848112,36983,32488,1432,33920,213
2020-12-22,Yolo,113,214977,8159,7388,53,7441,113
2020-12-22,Yuba,115,75493,3641,3379,34,3413,14
2020-12-21,Alameda,001,1643700,48627,44756,776,45532,518
2020-12-21,Alpine,003,1148,65,64,0,64,0
2020-12-21,Amador,005,37829,2224,1815,17,1832,23
2020-12-21,Butte,007,227075,7064,6335,731,7066,81
2020-12-21,Calaveras,009,45235,1032,963,0,963,21
2020-12-21,Colusa,011,21464,1211,1135,59,1194,7
2020-12-21,Contra Costa,013,1133247,37677,35207,425,35632,300
2020-12-21,Del Norte,015,27424,712,660,2,662,2
2020-12-21,El Dorado,017,186661,5641,4805,235,5040,10
2020-12-21,Fresno,019,978130,63988,58568,3890,62458,634
2020-12-21,Glenn,021,27897,1445,1323,203,1526,9
2020-12-21,Humboldt,023,135768,1584,1419,7,1426,16
2020-12-21,Imperial,025,180216,22070,20994,1006,22000,395
2020-12-21,Inyo,027,18085,600,482,7,489,17
2020-12-21,Kern,029,883053,62090,56836,4138,60974,541
2020-12-21,Kings,031,150075,15642,14760,453,15213,100
2020-12-21,Lake,033,64148,1759,1538,0,1538,20
2020-12-21,Lassen,035,31185,4010,3798,37,3835,1
2020-12-21,Los Angeles,037,10098052,694935,624129,17161,641290,8918
2020-12-21,Madera,039,155013,10007,9069,344,9413,63
2020-12-21,Marin,041,260295,9490,9035,63,9098,142
2020-12-21,Mariposa,043,17540,210,186,2,188,3
2020-12-21,Mendocino,045,87422,2267,2066,19,2085,23
2020-12-21,Merced,047,269075,17824,16710,274,16984,198
2020-12-21,Modoc,049,8938,219,181,66,247,0
2020-12-21,Mono,051,14174,847,781,11,792,3
2020-12-21,Monterey,053,433212,25509,23673,605,24278,174
2020-12-21,Napa,055,140530,5468,4952,25,4977,23
2020-12-21,Nevada,057,99092,2555,2337,84,2421,13
2020-12-21,Orange,059,3164182,146390,130444,5325,135769,1772
2020-12-21,Placer,061,380077,13335,11715,455,12170,105
2020-12-21,Plumas,063,18699,440,353,8,361,0
2020-12-21,Riverside,065,2383286,168119,151713,6861,158574,1743
2020-12-21,Sacramento,067,1510023,61274,57064,504,57568,759
2020-12-21,San Benito,069,59416,3278,2921,25,2946,22
2020-12-21,San Bernardino,071,2135413,182630,165086,4770,169856,1476
2020-12-21,San Diego,073,3302833,144476,129716,6384,136100,1284
2020-12-21,San Francisco,075,870044,22213,21086,188,21274,174
2020-12-21,San Joaquin,077,732212,42727,38811,1289,40100,586
2020-12-21,San Luis Obispo,079,281455,10065,9006,216,9222,64
2020-12-21,San Mateo,081,765935,23547,21035,76,21111,185
2020-12-21,Santa Barbara,083,443738,16225,14988,411,15399,149
2020-12-21,Santa Clara,085,1922200,65034,57699,246,57945,570
2020-12-21,Santa Cruz,087,273765,8448,7315,238,7553,69
2020-12-21,Shasta,089,179085,7773,7299,605,7904,64
2020-12-21,Sierra,091,2930,24,23,0,23,0
2020-12-21,Siskiyou,093,43540,965,878,83,961,2
2020-12-21,Solano,095,438530,17526,15878,171,16049,95
2020-12-21,Sonoma,097,501317,18019,17075,98,17173,176
2020-12-21,Stanislaus,099,539301,32932,30437,2776,33213,499
2020-12-21,Sutter,101,95872,6111,5708,40,5748,46
2020-12-21,Tehama,103,63373,2826,2656,235,2891,9
2020-12-21,Trinity,105,12862,404,226,51,277,2
2020-12-21,Tulare,107,460477,31968,29482,3234,32716,373
2020-12-21,Tuolumne,109,53932,2637,2423,11,2434,12
2020-12-21,Ventura,111,848112,35903,31759,1395,33154,212
2020-12-21,Yolo,113,214977,8020,7266,49,7315,109
2020-12-21,Yuba,115,75493,3583,3329,34,3363,14
2020-12-20,Alameda,001,1643700,47747,44004,755,44759,516
2020-12-20,Alpine,003,1148,65,64,0,64,0
2020-12-20,Amador,005,37829,2166,1771,17,1788,23
2020-12-20,Butte,007,227075,6917,6228,695,6923,81
2020-12-20,Calaveras,009,45235,1008,926,0,926,21
2020-12-20,Colusa,011,21464,1183,1121,53,1174,7
2020-12-20,Contra Costa,013,1133247,37076,34798,407,35205,301
2020-12-20,Del Norte,015,27424,690,652,2,654,2
2020-12-20,El Dorado,017,186661,5517,4697,226,4923,10
2020-12-20,Fresno,019,978130,62999,57616,3755,61371,634
2020-12-20,Glenn,021,27897,1436,1295,196,1491,9
2020-12-20,Humboldt,023,135768,1547,1386,6,1392,15
2020-12-20,Imperial,025,180216,21830,20882,904,21786,395
2020-12-20,Inyo,027,18085,584,476,7,483,17
2020-12-20,Kern,029,883053,60992,55983,3984,59967,540
2020-12-20,Kings,031,150075,15422,14629,437,15066,100
2020-12-20,Lake,033,64148,1717,1463,0,1463,20
2020-12-20,Lassen,035,31185,3956,3669,35,3704,1
2020-12-20,Los Angeles,037,10098052,676829,612975,16441,629416,8862
2020-12-20,Madera,039,155013,9798,8871,337,9208,63
2020-12-20,Marin,041,260295,9388,8948,60,9008,142
2020-12-20,Mariposa,043,17540,209,179,2,181,3
2020-12-20,Mendocino,045,87422,2242,2033,19,2052,23
2020-12-20,Merced,047,269075,17507,16435,267,16702,198
2020-12-20,Modoc,049,8938,219,181,64,245,0
2020-12-20,Mono,051,14174,829,774,11,785,3
2020-12-20,Monterey,053,433212,25026,23250,567,23817,173
2020-12-20,Napa,055,140530,5347,4865,23,4888,23
2020-12-20,Nevada,057,99092,2509,2289,78,2367,13
2020-12-20,Orange,059,3164182,142896,128780,5177,133957,1763
2020-12-20,Placer,061,380077,13110,11496,437,11933,105
2020-12-20,Plumas,063,18699,432,347,8,355,0
2020-12-20,Riverside,065,2383286,163911,148714,6574,155288,1742
2020-12-20,Sacramento,067,1510023,60275,56017,484,56501,755
2020-12-20,San Benito,069,59416,3206,2885,24,2909,21
2020-12-20,San Bernardino,071,2135413,177625,162810,4613,167423,1458
2020-12-20,San Diego,073,3302833,140758,126465,6214,132679,1280
2020-12-20,San Francisco,075,870044,21896,20937,185,21122,174
2020-12-20,San Joaquin,077,732212,41878,38268,1229,39497,587
2020-12-20,San Luis Obispo,079,281455,9773,8881,210,9091,63
2020-12-20,San Mateo,081,765935,23113,20764,72,20836,185
2020-12-20,Santa Barbara,083,443738,15903,14817,393,15210,148
2020-12-20,Santa Clara,085,1922200,63637,56860,240,57100,566
2020-12-20,Santa Cruz,087,273765,8238,7178,225,7403,69
2020-12-20,Shasta,089,179085,7659,7256,591,7847,64
2020-12-20,Sierra,091,2930,24,22,0,22,0
2020-12-20,Siskiyou,093,43540,956,870,82,952,2
2020-12-20,Solano,095,438530,17143,15533,160,15693,95
2020-12-20,Sonoma,097,501317,17743,16802,97,16899,175
2020-12-20,Stanislaus,099,539301,32402,29995,2676,32671,498
2020-12-20,Sutter,101,95872,6024,5601,40,5641,43
2020-12-20,Tehama,103,63373,2778,2602,216,2818,9
2020-12-20,Trinity,105,12862,396,221,50,271,2
2020-12-20,Tulare,107,460477,31451,29078,3142,32220,373
2020-12-20,Tuolumne,109,53932,2529,2152,10,2162,12
2020-12-20,Ventura,111,848112,35202,31335,1363,32698,210
2020-12-20,Yolo,113,214977,7867,7121,46,7167,109
2020-12-20,Yuba,115,75493,3533,3254,32,3286,12
2020-12-19,Alameda,001,1643700,47300,43109,748,43857,516
2020-12-19,Alpine,003,1148,65,64,0,64,0
2020-12-19,Amador,005,37829,2142,1754,17,1771,23
2020-12-19,Butte,007,227075,6817,6118,673,6791,81
2020-12-19,Calaveras,009,45235,991,900,0,900,21
2020-12-19,Colusa,011,21464,1175,1096,50,1146,7
2020-12-19,Contra Costa,013,1133247,36747,34321,393,34714,301
2020-12-19,Del Norte,015,27424,688,641,1,642,2
2020-12-19,El Dorado,017,186661,5450,4588,218,4806,10
2020-12-19,Fresno,019,978130,62674,55428,3689,59117,634
2020-12-19,Glenn,021,27897,1401,1286,195,1481,9
2020-12-19,Humboldt,023,135768,1530,1357,6,1363,15
2020-12-19,Imperial,025,180216,21736,20711,858,21569,395
2020-12-19,Inyo,027,18085,577,475,7,482,17
2020-12-19,Kern,029,883053,60507,55118,3878,58996,540
2020-12-19,Kings,031,150075,15343,14474,435,14909,100
2020-12-19,Lake,033,64148,1677,1438,0,1438,20
2020-12-19,Lassen,035,31185,3928,3595,35,3630,1
2020-12-19,Los Angeles,037,10098052,669708,599888,15917,615805,8804
2020-12-19,Madera,039,155013,9697,8717,325,9042,63
2020-12-19,Marin,041,260295,9348,8864,60,8924,142
2020-12-19,Mariposa,043,17540,207,177,2,179,3
2020-12-19,Mendocino,045,87422,2217,2008,19,2027,23
2020-12-19,Merced,047,269075,17368,16230,259,16489,198
2020-12-19,Modoc,049,8938,216,181,64,245,0
2020-12-19,Mono,051,14174,822,766,11,777,3
2020-12-19,Monterey,053,433212,24912,22799,562,23361,172
2020-12-19,Napa,055,140530,5285,4772,23,4795,23
2020-12-19,Nevada,057,99092,2487,2260,78,2338,13
2020-12-19,Orange,059,3164182,140972,125574,5029,130603,1733
2020-12-19,Placer,061,380077,12955,11246,431,11677,105
2020-12-19,Plumas,063,18699,429,343,8,351,0
2020-12-19,Riverside,065,2383286,161924,146703,6343,153046,1737
2020-12-19,Sacramento,067,1510023,59741,55169,470,55639,746
2020-12-19,San Benito,069,59416,3160,2820,23,2843,21
2020-12-19,San Bernardino,071,2135413,176043,159883,4505,164388,1433
2020-12-19,San Diego,073,3302833,138991,122972,6075,129047,1280
2020-12-19,San Francisco,075,870044,21741,20643,185,20828,174
2020-12-19,San Joaquin,077,732212,41474,37340,1181,38521,586
2020-12-19,San Luis Obispo,079,281455,9702,8788,207,8995,63
2020-12-19,San Mateo,081,765935,22904,20393,65,20458,182
2020-12-19,Santa Barbara,083,443738,15747,14667,387,15054,148
2020-12-19,Santa Clara,085,1922200,62787,55540,236,55776,558
2020-12-19,Santa Cruz,087,273765,8132,7054,221,7275,68
2020-12-19,Shasta,089,179085,7607,7221,579,7800,63
2020-12-19,Sierra,091,2930,24,23,0,23,0
2020-12-19,Siskiyou,093,43540,952,853,81,934,2
2020-12-19,Solano,095,438530,16965,15204,157,15361,95
2020-12-19,Sonoma,097,501317,17634,16553,97,16650,175
2020-12-19,Stanislaus,099,539301,32075,29555,2604,32159,498
2020-12-19,Sutter,101,95872,5968,5506,40,5546,41
2020-12-19,Tehama,103,63373,2729,2574,214,2788,9
2020-12-19,Trinity,105,12862,395,219,50,269,2
2020-12-19,Tulare,107,460477,31212,28734,3076,31810,375
2020-12-19,Tuolumne,109,53932,2516,2107,10,2117,12
2020-12-19,Ventura,111,848112,34921,30843,1333,32176,209
2020-12-19,Yolo,113,214977,7792,7025,45,7070,109
2020-12-19,Yuba,115,75493,3503,3168,32,3200,11
2020-12-18,Alameda,001,1643700,46765,42196,732,42928,515
2020-12-18,Alpine,003,1148,65,64,0,64,0
2020-12-18,Amador,005,37829,2125,1727,15,1742,20
2020-12-18,Butte,007,227075,6732,5891,647,6538,81
2020-12-18,Calaveras,009,45235,981,870,0,870,21
2020-12-18,Colusa,011,21464,1166,1068,50,1118,7
2020-12-18,Contra Costa,013,1133247,36455,33610,382,33992,300
2020-12-18,Del Norte,015,27424,683,627,0,627,2
2020-12-18,El Dorado,017,186661,5388,4494,209,4703,10
2020-12-18,Fresno,019,978130,61847,52643,3628,56271,613
2020-12-18,Glenn,021,27897,1384,1264,190,1454,9
2020-12-18,Humboldt,023,135768,1515,1331,6,1337,15
2020-12-18,Imperial,025,180216,21653,20430,812,21242,393
2020-12-18,Inyo,027,18085,558,454,7,461,17
2020-12-18,Kern,029,883053,59847,54220,3793,58013,533
2020-12-18,Kings,031,150075,15217,14284,429,14713,98
2020-12-18,Lake,033,64148,1661,1397,0,1397,20
2020-12-18,Lassen,035,31185,3920,3486,35,3521,1
2020-12-18,Los Angeles,037,10098052,657555,586413,15433,601846,8744
2020-12-18,Madera,039,155013,9593,8609,319,8928,63
2020-12-18,Marin,041,260295,9264,8799,60,8859,142
2020-12-18,Mariposa,043,17540,204,176,2,178,3
2020-12-18,Mendocino,045,87422,2199,1977,19,1996,24
2020-12-18,Merced,047,269075,17287,15956,257,16213,195
2020-12-18,Modoc,049,8938,216,179,64,243,0
2020-12-18,Mono,051,14174,814,731,11,742,3
2020-12-18,Monterey,053,433212,24619,22336,557,22893,165
2020-12-18,Napa,055,140530,5236,4688,23,4711,23
2020-12-18,Nevada,057,99092,2470,2220,77,2297,13
2020-12-18,Orange,059,3164182,138530,121681,4880,126561,1725
2020-12-18,Placer,061,380077,12784,10995,423,11418,104
2020-12-18,Plumas,063,18699,423,336,8,344,0
2020-12-18,Riverside,065,2383286,159085,142375,6081,148456,1733
2020-12-18,Sacramento,067,1510023,59115,53980,454,54434,736
2020-12-18,San Benito,069,59416,3111,2744,23,2767,21
2020-12-18,San Bernardino,071,2135413,173744,154272,4371,158643,1430
2020-12-18,San Diego,073,3302833,136813,120463,5936,126399,1253
2020-12-18,San Francisco,075,870044,21574,20315,179,20494,173
2020-12-18,San Joaquin,077,732212,41118,36484,1152,37636,559
2020-12-18,San Luis Obispo,079,281455,9604,8598,202,8800,62
2020-12-18,San Mateo,081,765935,22591,19971,61,20032,182
2020-12-18,Santa Barbara,083,443738,15606,14361,374,14735,148
2020-12-18,Santa Clara,085,1922200,61891,53992,227,54219,539
2020-12-18,Santa Cruz,087,273765,8013,6838,213,7051,68
2020-12-18,Shasta,089,179085,7569,7114,568,7682,62
2020-12-18,Sierra,091,2930,24,23,0,23,0
2020-12-18,Siskiyou,093,43540,950,840,81,921,2
2020-12-18,Solano,095,438530,16808,14667,153,14820,95
2020-12-18,Sonoma,097,501317,17514,16261,97,16358,173
2020-12-18,Stanislaus,099,539301,31799,28967,2567,31534,490
2020-12-18,Sutter,101,95872,5884,5399,40,5439,39
2020-12-18,Tehama,103,63373,2714,2523,204,2727,9
2020-12-18,Trinity,105,12862,394,215,50,265,2
2020-12-18,Tulare,107,460477,30922,28322,2998,31320,370
2020-12-18,Tuolumne,109,53932,2505,2067,10,2077,12
2020-12-18,Ventura,111,848112,34417,29907,1290,31197,209
2020-12-18,Yolo,113,214977,7723,6901,44,6945,109
2020-12-18,Yuba,115,75493,3443,3097,32,3129,11
2020-12-17,Alameda,001,1643700,45960,41548,707,42255,508
2020-12-17,Alpine,003,1148,65,64,0,64,0
2020-12-17,Amador,005,37829,2077,1703,13,1716,19
2020-12-17,Butte,007,227075,6606,5746,629,6375,78
2020-12-17,Calaveras,009,45235,958,848,0,848,21
2020-12-17,Colusa,011,21464,1155,1053,48,1101,7
2020-12-17,Contra Costa,013,1133247,35922,33006,352,33358,293
2020-12-17,Del Norte,015,27424,678,583,0,583,1
2020-12-17,El Dorado,017,186661,5242,4327,196,4523,9
2020-12-17,Fresno,019,978130,60987,49918,3502,53420,597
2020-12-17,Glenn,021,27897,1360,1244,183,1427,9
2020-12-17,Humboldt,023,135768,1482,1322,6,1328,14
2020-12-17,Imperial,025,180216,21491,20208,746,20954,391
2020-12-17,Inyo,027,18085,540,450,6,456,16
2020-12-17,Kern,029,883053,58890,53683,3658,57341,526
2020-12-17,Kings,031,150075,15114,14057,414,14471,98
2020-12-17,Lake,033,64148,1632,1374,0,1374,20
2020-12-17,Lassen,035,31185,3884,3417,35,3452,1
2020-12-17,Los Angeles,037,10098052,641886,571093,14893,585986,8657
2020-12-17,Madera,039,155013,9472,8465,315,8780,62
2020-12-17,Marin,041,260295,9202,8721,58,8779,142
2020-12-17,Mariposa,043,17540,200,172,2,174,3
2020-12-17,Mendocino,045,87422,2165,1942,19,1961,23
2020-12-17,Merced,047,269075,17025,15648,249,15897,192
2020-12-17,Modoc,049,8938,213,179,64,243,0
2020-12-17,Mono,051,14174,800,718,11,729,3
2020-12-17,Monterey,053,433212,24100,21951,542,22493,163
2020-12-17,Napa,055,140530,5124,4612,23,4635,23
2020-12-17,Nevada,057,99092,2429,2173,74,2247,13
2020-12-17,Orange,059,3164182,135156,118367,4748,123115,1725
2020-12-17,Placer,061,380077,12510,10756,409,11165,99
2020-12-17,Plumas,063,18699,414,324,8,332,0
2020-12-17,Riverside,065,2383286,155207,139325,5867,145192,1696
2020-12-17,Sacramento,067,1510023,58208,53189,432,53621,721
2020-12-17,San Benito,069,59416,3042,2645,22,2667,20
2020-12-17,San Bernardino,071,2135413,169799,149838,4255,154093,1425
2020-12-17,San Diego,073,3302833,134012,116852,5780,122632,1239
2020-12-17,San Francisco,075,870044,21283,19939,174,20113,170
2020-12-17,San Joaquin,077,732212,40390,35894,1118,37012,554
2020-12-17,San Luis Obispo,079,281455,9485,8365,201,8566,59
2020-12-17,San Mateo,081,765935,22221,19647,61,19708,181
2020-12-17,Santa Barbara,083,443738,15373,14207,367,14574,147
2020-12-17,Santa Clara,085,1922200,60701,52559,221,52780,527
2020-12-17,Santa Cruz,087,273765,7857,6687,200,6887,64
2020-12-17,Shasta,089,179085,7492,7000,549,7549,62
2020-12-17,Sierra,091,2930,23,23,0,23,0
2020-12-17,Siskiyou,093,43540,942,827,80,907,2
2020-12-17,Solano,095,438530,16495,14361,150,14511,96
2020-12-17,Sonoma,097,501317,17242,15993,96,16089,171
2020-12-17,Stanislaus,099,539301,31379,28582,2507,31089,489
2020-12-17,Sutter,101,95872,5786,5309,38,5347,39
2020-12-17,Tehama,103,63373,2665,2480,198,2678,9
2020-12-17,Trinity,105,12862,389,213,50,263,2
2020-12-17,Tulare,107,460477,30522,27852,2919,30771,358
2020-12-17,Tuolumne,109,53932,2213,1992,10,2002,11
2020-12-17,Ventura,111,848112,33807,29404,1254,30658,208
2020-12-17,Yolo,113,214977,7602,6800,43,6843,105
2020-12-17,Yuba,115,75493,3383,3035,31,3066,12
2020-12-16,Alameda,001,1643700,45107,40751,683,41434,497
2020-12-16,Alpine,003,1148,65,64,0,64,0
2020-12-16,Amador,005,37829,2030,1693,12,1705,19
2020-12-16,Butte,007,227075,6417,5659,601,6260,76
2020-12-16,Calaveras,009,45235,923,821,0,821,21
2020-12-16,Colusa,011,21464,1142,1038,45,1083,7
2020-12-16,Contra Costa,013,1133247,35364,32429,333,32762,293
2020-12-16,Del Norte,015,27424,676,575,0,575,1
2020-12-16,El Dorado,017,186661,5121,4237,187,4424,9
2020-12-16,Fresno,019,978130,60030,49173,3406,52579,584
2020-12-16,Glenn,021,27897,1342,1236,172,1408,9
2020-12-16,Humboldt,023,135768,1450,1308,5,1313,12
2020-12-16,Imperial,025,180216,21309,19980,682,20662,388
2020-12-16,Inyo,027,18085,527,444,6,450,16
2020-12-16,Kern,029,883053,58013,52896,3529,56425,522
2020-12-16,Kings,031,150075,14934,13734,398,14132,99
2020-12-16,Lake,033,64148,1593,1363,0,1363,20
2020-12-16,Lassen,035,31185,3851,3396,34,3430,1
2020-12-16,Los Angeles,037,10098052,625340,557907,14225,572132,8561
2020-12-16,Madera,039,155013,9346,8278,307,8585,62
2020-12-16,Marin,041,260295,9131,8641,58,8699,142
2020-12-16,Mariposa,043,17540,197,175,2,177,3
2020-12-16,Mendocino,045,87422,2130,1929,19,1948,23
2020-12-16,Merced,047,269075,16740,15443,246,15689,190
2020-12-16,Modoc,049,8938,210,178,64,242,0
2020-12-16,Mono,051,14174,781,702,11,713,3
2020-12-16,Monterey,053,433212,23540,21107,531,21638,163
2020-12-16,Napa,055,140530,5027,4544,23,4567,23
2020-12-16,Nevada,057,99092,2393,2149,72,2221,13
2020-12-16,Orange,059,3164182,131684,115260,4583,119843,1712
2020-12-16,Placer,061,380077,12273,10554,388,10942,96
2020-12-16,Plumas,063,18699,405,319,8,327,0
2020-12-16,Riverside,065,2383286,151089,135751,5622,141373,1664
2020-12-16,Sacramento,067,1510023,57236,52166,407,52573,715
2020-12-16,San Benito,069,59416,2952,2582,22,2604,20
2020-12-16,San Bernardino,071,2135413,165191,143565,4121,147686,1403
2020-12-16,San Diego,073,3302833,130908,114248,5626,119874,1217
2020-12-16,San Francisco,075,870044,21025,19624,174,19798,170
2020-12-16,San Joaquin,077,732212,39568,35010,1078,36088,547
2020-12-16,San Luis Obispo,079,281455,9290,8252,192,8444,58
2020-12-16,San Mateo,081,765935,21896,19292,57,19349,179
2020-12-16,Santa Barbara,083,443738,15122,13966,355,14321,144
2020-12-16,Santa Clara,085,1922200,59449,51502,218,51720,523
2020-12-16,Santa Cruz,087,273765,7669,6536,189,6725,63
2020-12-16,Shasta,089,179085,7419,6914,526,7440,62
2020-12-16,Sierra,091,2930,23,23,0,23,0
2020-12-16,Siskiyou,093,43540,934,818,80,898,2
2020-12-16,Solano,095,438530,16024,14157,146,14303,96
2020-12-16,Sonoma,097,501317,16987,15768,96,15864,170
2020-12-16,Stanislaus,099,539301,30886,28279,2436,30715,489
2020-12-16,Sutter,101,95872,5707,5223,38,5261,39
2020-12-16,Tehama,103,63373,2631,2441,174,2615,9
2020-12-16,Trinity,105,12862,383,212,50,262,2
2020-12-16,Tulare,107,460477,30095,27500,2829,30329,352
2020-12-16,Tuolumne,109,53932,2170,1941,10,1951,11
2020-12-16,Ventura,111,848112,33034,28566,1212,29778,203
2020-12-16,Yolo,113,214977,7475,6649,42,6691,103
2020-12-16,Yuba,115,75493,3296,2980,30,3010,11
2020-12-15,Alameda,001,1643700,44251,40026,662,40688,492
2020-12-15,Alpine,003,1148,65,64,0,64,0
2020-12-15,Amador,005,37829,1917,1669,10,1679,19
2020-12-15,Butte,007,227075,6278,5565,573,6138,75
2020-12-15,Calaveras,009,45235,891,799,0,799,21
2020-12-15,Colusa,011,21464,1129,1026,44,1070,7
2020-12-15,Contra Costa,013,1133247,34710,31423,319,31742,281
2020-12-15,Del Norte,015,27424,669,564,0,564,1
2020-12-15,El Dorado,017,186661,5013,4113,173,4286,9
2020-12-15,Fresno,019,978130,58658,47316,3272,50588,574
2020-12-15,Glenn,021,27897,1329,1207,156,1363,9
2020-12-15,Humboldt,023,135768,1430,1276,5,1281,12
2020-12-15,Imperial,025,180216,21084,19756,604,20360,380
2020-12-15,Inyo,027,18085,515,394,6,400,16
2020-12-15,Kern,029,883053,57002,52002,3423,55425,511
2020-12-15,Kings,031,150075,14770,13652,379,14031,97
2020-12-15,Lake,033,64148,1567,1341,0,1341,21
2020-12-15,Lassen,035,31185,3679,3378,33,3411,1
2020-12-15,Los Angeles,037,10098052,608942,536258,13594,549852,8429
2020-12-15,Madera,039,155013,9189,8118,300,8418,60
2020-12-15,Marin,041,260295,9026,8528,57,8585,141
2020-12-15,Mariposa,043,17540,193,171,2,173,3
2020-12-15,Mendocino,045,87422,2103,1883,19,1902,24
2020-12-15,Merced,047,269075,16444,15120,242,15362,190
2020-12-15,Modoc,049,8938,208,179,64,243,0
2020-12-15,Mono,051,14174,765,702,11,713,3
2020-12-15,Monterey,053,433212,22943,19905,470,20375,161
2020-12-15,Napa,055,140530,4924,4440,23,4463,23
2020-12-15,Nevada,057,99092,2360,2117,70,2187,11
2020-12-15,Orange,059,3164182,128042,112893,4434,117327,1689
2020-12-15,Placer,061,380077,12039,10301,366,10667,95
2020-12-15,Plumas,063,18699,400,313,8,321,0
2020-12-15,Riverside,065,2383286,147039,131822,5347,137169,1624
2020-12-15,Sacramento,067,1510023,56220,51076,394,51470,703
2020-12-15,San Benito,069,59416,2873,2520,21,2541,19
2020-12-15,San Bernardino,071,2135413,160730,137548,3972,141520,1351
2020-12-15,San Diego,073,3302833,127341,111441,5463,116904,1194
2020-12-15,San Francisco,075,870044,20716,19283,171,19454,171
2020-12-15,San Joaquin,077,732212,38646,33849,1044,34893,537
2020-12-15,San Luis Obispo,079,281455,9181,8074,189,8263,55
2020-12-15,San Mateo,081,765935,21487,18907,55,18962,178
2020-12-15,Santa Barbara,083,443738,14895,13782,347,14129,144
2020-12-15,Santa Clara,085,1922200,58020,50311,215,50526,505
2020-12-15,Santa Cruz,087,273765,7482,6361,176,6537,59
2020-12-15,Shasta,089,179085,7360,6794,501,7295,54
2020-12-15,Sierra,091,2930,23,23,0,23,0
2020-12-15,Siskiyou,093,43540,926,812,79,891,2
2020-12-15,Solano,095,438530,15670,13796,146,13942,95
2020-12-15,Sonoma,097,501317,16766,15406,96,15502,167
2020-12-15,Stanislaus,099,539301,30389,27823,2357,30180,485
2020-12-15,Sutter,101,95872,5609,5080,37,5117,36
2020-12-15,Tehama,103,63373,2593,2392,168,2560,9
2020-12-15,Trinity,105,12862,375,213,48,261,1
2020-12-15,Tulare,107,460477,29597,27026,2741,29767,342
2020-12-15,Tuolumne,109,53932,2140,1874,10,1884,8
2020-12-15,Ventura,111,848112,32412,27936,1165,29101,201
2020-12-15,Yolo,113,214977,7350,6531,40,6571,104
2020-12-15,Yuba,115,75493,3201,2891,29,2920,11
2020-12-14,Alameda,001,1643700,43349,39252,643,39895,487
2020-12-14,Alpine,003,1148,65,63,0,63,0
2020-12-14,Amador,005,37829,1845,1609,10,1619,19
2020-12-14,Butte,007,227075,6110,5202,556,5758,75
2020-12-14,Calaveras,009,45235,853,718,0,718,21
2020-12-14,Colusa,011,21464,1105,949,43,992,7
2020-12-14,Contra Costa,013,1133247,34021,30594,305,30899,281
2020-12-14,Del Norte,015,27424,663,560,0,560,1
2020-12-14,El Dorado,017,186661,4857,4018,157,4175,9
2020-12-14,Fresno,019,978130,57637,44726,3098,47824,560
2020-12-14,Glenn,021,27897,1303,1186,148,1334,9
2020-12-14,Humboldt,023,135768,1417,1256,5,1261,9
2020-12-14,Imperial,025,180216,20845,19608,530,20138,379
2020-12-14,Inyo,027,18085,502,382,6,388,16
2020-12-14,Kern,029,883053,55965,50538,3302,53840,510
2020-12-14,Kings,031,150075,14585,13491,352,13843,97
2020-12-14,Lake,033,64148,1515,1301,0,1301,21
2020-12-14,Lassen,035,31185,3581,2905,30,2935,1
2020-12-14,Los Angeles,037,10098052,591311,524668,12965,537633,8340
2020-12-14,Madera,039,155013,8924,8011,291,8302,60
2020-12-14,Marin,041,260295,8939,8475,56,8531,141
2020-12-14,Mariposa,043,17540,192,171,2,173,3
2020-12-14,Mendocino,045,87422,2082,1845,19,1864,24
2020-12-14,Merced,047,269075,16038,14572,228,14800,189
2020-12-14,Modoc,049,8938,202,180,62,242,0
2020-12-14,Mono,051,14174,757,685,11,696,3
2020-12-14,Monterey,053,433212,22421,19154,464,19618,155
2020-12-14,Napa,055,140530,4831,4289,23,4312,22
2020-12-14,Nevada,057,99092,2323,2070,67,2137,11
2020-12-14,Orange,059,3164182,124161,108602,4298,112900,1688
2020-12-14,Placer,061,380077,11758,9551,355,9906,95
2020-12-14,Plumas,063,18699,388,309,8,317,0
2020-12-14,Riverside,065,2383286,142917,123715,5085,128800,1588
2020-12-14,Sacramento,067,1510023,55113,50304,369,50673,691
2020-12-14,San Benito,069,59416,2807,2467,20,2487,19
2020-12-14,San Bernardino,071,2135413,156282,129151,3845,132996,1347
2020-12-14,San Diego,073,3302833,123605,109578,5278,114856,1162
2020-12-14,San Francisco,075,870044,20346,18904,169,19073,171
2020-12-14,San Joaquin,077,732212,37811,32522,998,33520,534
2020-12-14,San Luis Obispo,079,281455,8935,7791,185,7976,52
2020-12-14,San Mateo,081,765935,20990,18361,52,18413,178
2020-12-14,Santa Barbara,083,443738,14622,13587,339,13926,144
2020-12-14,Santa Clara,085,1922200,56505,49180,204,49384,502
2020-12-14,Santa Cruz,087,273765,7300,6049,161,6210,54
2020-12-14,Shasta,089,179085,7271,6665,483,7148,54
2020-12-14,Sierra,091,2930,23,21,0,21,0
2020-12-14,Siskiyou,093,43540,903,764,73,837,2
2020-12-14,Solano,095,438530,15314,13352,145,13497,93
2020-12-14,Sonoma,097,501317,16459,14807,95,14902,167
2020-12-14,Stanislaus,099,539301,29860,27311,2309,29620,485
2020-12-14,Sutter,101,95872,5505,5001,30,5031,35
2020-12-14,Tehama,103,63373,2551,2344,165,2509,9
2020-12-14,Trinity,105,12862,371,205,46,251,1
2020-12-14,Tulare,107,460477,29118,25735,2649,28384,341
2020-12-14,Tuolumne,109,53932,2087,1647,10,1657,8
2020-12-14,Ventura,111,848112,31489,27436,1107,28543,202
2020-12-14,Yolo,113,214977,7192,6389,39,6428,95
2020-12-14,Yuba,115,75493,3138,2851,29,2880,11
2020-12-13,Alameda,001,1643700,42147,38064,619,38683,486
2020-12-13,Alpine,003,1148,65,63,0,63,0
2020-12-13,Amador,005,37829,1789,1457,9,1466,19
2020-12-13,Butte,007,227075,5962,5103,518,5621,75
2020-12-13,Calaveras,009,45235,819,710,0,710,21
2020-12-13,Colusa,011,21464,1089,945,40,985,7
2020-12-13,Contra Costa,013,1133247,33292,29667,299,29966,281
2020-12-13,Del Norte,015,27424,611,542,0,542,1
2020-12-13,El Dorado,017,186661,4756,3770,148,3918,9
2020-12-13,Fresno,019,978130,56530,44114,2943,47057,559
2020-12-13,Glenn,021,27897,1290,1171,137,1308,9
2020-12-13,Humboldt,023,135768,1394,1238,4,1242,9
2020-12-13,Imperial,025,180216,20561,19472,410,19882,379
2020-12-13,Inyo,027,18085,481,380,6,386,16
2020-12-13,Kern,029,883053,54936,49051,3148,52199,510
2020-12-13,Kings,031,150075,14305,13357,334,13691,97
2020-12-13,Lake,033,64148,1474,1271,0,1271,21
2020-12-13,Lassen,035,31185,3474,2867,25,2892,1
2020-12-13,Los Angeles,037,10098052,573679,517472,12277,529749,8294
2020-12-13,Madera,039,155013,8737,7909,278,8187,60
2020-12-13,Marin,041,260295,8819,8409,56,8465,141
2020-12-13,Mariposa,043,17540,188,167,2,169,3
2020-12-13,Mendocino,045,87422,2048,1793,19,1812,24
2020-12-13,Merced,047,269075,15686,14384,225,14609,189
2020-12-13,Modoc,049,8938,192,179,57,236,0
2020-12-13,Mono,051,14174,741,675,11,686,3
2020-12-13,Monterey,053,433212,22000,18913,450,19363,153
2020-12-13,Napa,055,140530,4725,4194,23,4217,22
2020-12-13,Nevada,057,99092,2276,2030,65,2095,11
2020-12-13,Orange,059,3164182,120230,104768,4125,108893,1688
2020-12-13,Placer,061,380077,11444,9405,337,9742,95
2020-12-13,Plumas,063,18699,382,291,8,299,0
2020-12-13,Riverside,065,2383286,138792,119691,4825,124516,1581
2020-12-13,Sacramento,067,1510023,53844,49480,341,49821,682
2020-12-13,San Benito,069,59416,2738,2408,19,2427,19
2020-12-13,San Bernardino,071,2135413,151383,126718,3690,130408,1333
2020-12-13,San Diego,073,3302833,120005,107372,5109,112481,1162
2020-12-13,San Francisco,075,870044,20006,18686,160,18846,167
2020-12-13,San Joaquin,077,732212,37008,32170,958,33128,534
2020-12-13,San Luis Obispo,079,281455,8744,7625,177,7802,52
2020-12-13,San Mateo,081,765935,20499,18090,46,18136,177
2020-12-13,Santa Barbara,083,443738,14353,13249,325,13574,144
2020-12-13,Santa Clara,085,1922200,55085,47920,196,48116,499
2020-12-13,Santa Cruz,087,273765,7052,5986,151,6137,54
2020-12-13,Shasta,089,179085,7197,6647,457,7104,54
2020-12-13,Sierra,091,2930,23,21,0,21,0
2020-12-13,Siskiyou,093,43540,890,762,68,830,2
2020-12-13,Solano,095,438530,14878,13276,142,13418,93
2020-12-13,Sonoma,097,501317,16145,14495,94,14589,167
2020-12-13,Stanislaus,099,539301,29300,26569,2249,28818,485
2020-12-13,Sutter,101,95872,5378,4798,26,4824,34
2020-12-13,Tehama,103,63373,2506,2325,150,2475,9
2020-12-13,Trinity,105,12862,365,204,46,250,1
2020-12-13,Tulare,107,460477,28631,25496,2564,28060,340
2020-12-13,Tuolumne,109,53932,2025,1611,10,1621,8
2020-12-13,Ventura,111,848112,30489,26588,1047,27635,202
2020-12-13,Yolo,113,214977,7006,6265,33,6298,95
2020-12-13,Yuba,115,75493,3075,2754,26,2780,11
2020-12-12,Alameda,001,1643700,41705,37027,600,37627,486
2020-12-12,Alpine,003,1148,65,63,0,63,0
2020-12-12,Amador,005,37829,1761,1236,8,1244,19
2020-12-12,Butte,007,227075,5889,4972,504,5476,73
2020-12-12,Calaveras,009,45235,809,708,0,708,21
2020-12-12,Colusa,011,21464,1069,945,39,984,7
2020-12-12,Contra Costa,013,1133247,32943,29506,290,29796,281
2020-12-12,Del Norte,015,27424,602,529,0,529,1
2020-12-12,El Dorado,017,186661,4681,3706,132,3838,9
2020-12-12,Fresno,019,978130,56179,43756,2884,46640,559
2020-12-12,Glenn,021,27897,1282,1143,133,1276,8
2020-12-12,Humboldt,023,135768,1375,1208,4,1212,9
2020-12-12,Imperial,025,180216,20472,18947,355,19302,379
2020-12-12,Inyo,027,18085,475,380,6,386,16
2020-12-12,Kern,029,883053,54416,48194,3061,51255,507
2020-12-12,Kings,031,150075,14216,13205,330,13535,96
2020-12-12,Lake,033,64148,1458,1232,0,1232,21
2020-12-12,Lassen,035,31185,3451,2866,22,2888,1
2020-12-12,Los Angeles,037,10098052,566867,504317,11781,516098,8269
2020-12-12,Madera,039,155013,8610,7765,275,8040,59
2020-12-12,Marin,041,260295,8764,8363,55,8418,141
2020-12-12,Mariposa,043,17540,187,164,2,166,3
2020-12-12,Mendocino,045,87422,2012,1771,19,1790,24
2020-12-12,Merced,047,269075,15594,14181,221,14402,188
2020-12-12,Modoc,049,8938,191,169,54,223,0
2020-12-12,Mono,051,14174,734,640,11,651,3
2020-12-12,Monterey,053,433212,21887,18596,421,19017,151
2020-12-12,Napa,055,140530,4680,4113,23,4136,22
2020-12-12,Nevada,057,99092,2258,1981,63,2044,10
2020-12-12,Orange,059,3164182,118340,100468,3980,104448,1674
2020-12-12,Placer,061,380077,11279,9390,332,9722,95
2020-12-12,Plumas,063,18699,376,291,8,299,0
2020-12-12,Riverside,065,2383286,136733,118335,4624,122959,1579
2020-12-12,Sacramento,067,1510023,53262,48319,328,48647,673
2020-12-12,San Benito,069,59416,2683,2355,19,2374,19
2020-12-12,San Bernardino,071,2135413,149749,125741,3588,129329,1321
2020-12-12,San Diego,073,3302833,118384,104958,5012,109970,1151
2020-12-12,San Francisco,075,870044,19811,18413,156,18569,167
2020-12-12,San Joaquin,077,732212,36679,32200,928,33128,534
2020-12-12,San Luis Obispo,079,281455,8645,7462,171,7633,50
2020-12-12,San Mateo,081,765935,20278,17574,45,17619,177
2020-12-12,Santa Barbara,083,443738,14201,13174,317,13491,144
2020-12-12,Santa Clara,085,1922200,54144,45892,193,46085,498
2020-12-12,Santa Cruz,087,273765,6953,5905,142,6047,54
2020-12-12,Shasta,089,179085,7164,6551,439,6990,54
2020-12-12,Sierra,091,2930,23,21,0,21,0
2020-12-12,Siskiyou,093,43540,888,762,65,827,2
2020-12-12,Solano,095,438530,14680,12748,135,12883,93
2020-12-12,Sonoma,097,501317,16024,14466,94,14560,166
2020-12-12,Stanislaus,099,539301,28991,26246,2200,28446,483
2020-12-12,Sutter,101,95872,5316,4717,26,4743,32
2020-12-12,Tehama,103,63373,2488,2252,145,2397,9
2020-12-12,Trinity,105,12862,363,204,44,248,1
2020-12-12,Tulare,107,460477,28366,25333,2507,27840,341
2020-12-12,Tuolumne,109,53932,1981,1536,10,1546,8
2020-12-12,Ventura,111,848112,30045,25955,1014,26969,202
2020-12-12,Yolo,113,214977,6923,6116,31,6147,95
2020-12-12,Yuba,115,75493,3048,2692,25,2717,10
2020-12-11,Alameda,001,1643700,41137,36281,588,36869,482
2020-12-11,Alpine,003,1148,65,63,0,63,0
2020-12-11,Amador,005,37829,1745,1213,8,1221,19
2020-12-11,Butte,007,227075,5816,4941,486,5427,73
2020-12-11,Calaveras,009,45235,793,697,0,697,21
2020-12-11,Colusa,011,21464,1059,923,37,960,7
2020-12-11,Contra Costa,013,1133247,32511,29036,286,29322,282
2020-12-11,Del Norte,015,27424,594,505,0,505,1
2020-12-11,El Dorado,017,186661,4600,3669,117,3786,9
2020-12-11,Fresno,019,978130,55166,43071,2818,45889,550
2020-12-11,Glenn,021,27897,1266,1135,129,1264,8
2020-12-11,Humboldt,023,135768,1357,1190,4,1194,9
2020-12-11,Imperial,025,180216,20380,18599,311,18910,377
2020-12-11,Inyo,027,18085,464,372,6,378,16
2020-12-11,Kern,029,883053,53738,47664,2998,50662,502
2020-12-11,Kings,031,150075,14072,13118,326,13444,94
2020-12-11,Lake,033,64148,1441,1205,0,1205,21
2020-12-11,Lassen,035,31185,3439,2790,21,2811,1
2020-12-11,Los Angeles,037,10098052,555055,493592,11372,504964,8198
2020-12-11,Madera,039,155013,8515,7648,265,7913,59
2020-12-11,Marin,041,260295,8671,8317,54,8371,141
2020-12-11,Mariposa,043,17540,186,164,2,166,3
2020-12-11,Mendocino,045,87422,1988,1769,19,1788,24
2020-12-11,Merced,047,269075,15474,14038,213,14251,186
2020-12-11,Modoc,049,8938,191,168,53,221,0
2020-12-11,Mono,051,14174,724,631,11,642,3
2020-12-11,Monterey,053,433212,21586,18421,416,18837,150
2020-12-11,Napa,055,140530,4625,4054,23,4077,22
2020-12-11,Nevada,057,99092,2241,1959,60,2019,10
2020-12-11,Orange,059,3164182,116026,98357,3879,102236,1656
2020-12-11,Placer,061,380077,11117,8904,316,9220,93
2020-12-11,Plumas,063,18699,368,286,8,294,0
2020-12-11,Riverside,065,2383286,133656,115329,4406,119735,1573
2020-12-11,Sacramento,067,1510023,52599,47468,320,47788,669
2020-12-11,San Benito,069,59416,2632,2319,19,2338,19
2020-12-11,San Bernardino,071,2135413,147051,123092,3474,126566,1313
2020-12-11,San Diego,073,3302833,116424,102468,4929,107397,1137
2020-12-11,San Francisco,075,870044,19579,18246,155,18401,165
2020-12-11,San Joaquin,077,732212,36328,32044,901,32945,534
2020-12-11,San Luis Obispo,079,281455,8484,7415,169,7584,49
2020-12-11,San Mateo,081,765935,20008,17240,34,17274,177
2020-12-11,Santa Barbara,083,443738,14058,12997,309,13306,144
2020-12-11,Santa Clara,085,1922200,53125,45101,184,45285,494
2020-12-11,Santa Cruz,087,273765,6833,5764,133,5897,50
2020-12-11,Shasta,089,179085,7119,6459,432,6891,54
2020-12-11,Sierra,091,2930,23,19,0,19,0
2020-12-11,Siskiyou,093,43540,881,753,62,815,2
2020-12-11,Solano,095,438530,14491,12554,131,12685,92
2020-12-11,Sonoma,097,501317,15857,14298,92,14390,166
2020-12-11,Stanislaus,099,539301,28714,25928,2155,28083,464
2020-12-11,Sutter,101,95872,5253,4600,25,4625,30
2020-12-11,Tehama,103,63373,2458,2232,141,2373,9
2020-12-11,Trinity,105,12862,360,204,44,248,1
2020-12-11,Tulare,107,460477,28003,24953,2457,27410,338
2020-12-11,Tuolumne,109,53932,1966,1510,10,1520,8
2020-12-11,Ventura,111,848112,29438,24999,992,25991,202
2020-12-11,Yolo,113,214977,6819,6006,30,6036,95
2020-12-11,Yuba,115,75493,2987,2649,23,2672,10
2020-12-10,Alameda,001,1643700,40367,35686,568,36254,477
2020-12-10,Alpine,003,1148,65,63,0,63,0
2020-12-10,Amador,005,37829,1688,1191,8,1199,18
2020-12-10,Butte,007,227075,5701,4863,461,5324,72
2020-12-10,Calaveras,009,45235,775,684,0,684,21
2020-12-10,Colusa,011,21464,1036,909,34,943,7
2020-12-10,Contra Costa,013,1133247,31829,28413,280,28693,276
2020-12-10,Del Norte,015,27424,583,501,0,501,1
2020-12-10,El Dorado,017,186661,4482,3557,112,3669,9
2020-12-10,Fresno,019,978130,54189,42461,2678,45139,540
2020-12-10,Glenn,021,27897,1246,1126,120,1246,8
2020-12-10,Humboldt,023,135768,1337,1140,4,1144,9
2020-12-10,Imperial,025,180216,20167,18333,236,18569,370
2020-12-10,Inyo,027,18085,443,365,6,371,15
2020-12-10,Kern,029,883053,52757,47176,2835,50011,499
2020-12-10,Kings,031,150075,13914,12993,320,13313,92
2020-12-10,Lake,033,64148,1400,1167,0,1167,21
2020-12-10,Lassen,035,31185,3417,2764,17,2781,0
2020-12-10,Los Angeles,037,10098052,541073,480354,10847,491201,8149
2020-12-10,Madera,039,155013,8405,7445,250,7695,59
2020-12-10,Marin,041,260295,8618,8245,53,8298,140
2020-12-10,Mariposa,043,17540,185,160,2,162,3
2020-12-10,Mendocino,045,87422,1962,1748,16,1764,24
2020-12-10,Merced,047,269075,15228,13756,210,13966,186
2020-12-10,Modoc,049,8938,186,165,51,216,0
2020-12-10,Mono,051,14174,719,601,11,612,3
2020-12-10,Monterey,053,433212,21104,18266,406,18672,145
2020-12-10,Napa,055,140530,4539,3974,22,3996,22
2020-12-10,Nevada,057,99092,2205,1919,60,1979,10
2020-12-10,Orange,059,3164182,112921,95297,3719,99016,1651
2020-12-10,Placer,061,380077,10864,8906,299,9205,90
2020-12-10,Plumas,063,18699,357,281,8,289,0
2020-12-10,Riverside,065,2383286,129965,112794,4139,116933,1552
2020-12-10,Sacramento,067,1510023,51698,46471,299,46770,664
2020-12-10,San Benito,069,59416,2571,2268,18,2286,19
2020-12-10,San Bernardino,071,2135413,142811,120186,3300,123486,1306
2020-12-10,San Diego,073,3302833,113899,99601,4780,104381,1114
2020-12-10,San Francisco,075,870044,19267,17945,148,18093,164
2020-12-10,San Joaquin,077,732212,35692,31228,872,32100,534
2020-12-10,San Luis Obispo,079,281455,8321,7245,158,7403,49
2020-12-10,San Mateo,081,765935,19566,16701,24,16725,177
2020-12-10,Santa Barbara,083,443738,13879,12788,301,13089,143
2020-12-10,Santa Clara,085,1922200,51958,43939,170,44109,491
2020-12-10,Santa Cruz,087,273765,6665,5645,121,5766,48
2020-12-10,Shasta,089,179085,7052,6312,407,6719,53
2020-12-10,Sierra,091,2930,23,18,0,18,0
2020-12-10,Siskiyou,093,43540,871,712,61,773,2
2020-12-10,Solano,095,438530,14123,12017,125,12142,90
2020-12-10,Sonoma,097,501317,15602,14282,90,14372,167
2020-12-10,Stanislaus,099,539301,28242,25582,2085,27667,464
2020-12-10,Sutter,101,95872,5123,4528,23,4551,27
2020-12-10,Tehama,103,63373,2414,2190,133,2323,9
2020-12-10,Trinity,105,12862,356,202,42,244,1
2020-12-10,Tulare,107,460477,27536,24506,2394,26900,337
2020-12-10,Tuolumne,109,53932,1724,1451,10,1461,8
2020-12-10,Ventura,111,848112,28588,24075,948,25023,202
2020-12-10,Yolo,113,214977,6697,5896,29,5925,95
2020-12-10,Yuba,115,75493,2923,2604,22,2626,10
2020-12-09,Alameda,001,1643700,39530,35047,547,35594,470
2020-12-09,Alpine,003,1148,65,58,0,58,0
2020-12-09,Amador,005,37829,1645,1121,8,1129,19
2020-12-09,Butte,007,227075,5558,4733,441,5174,70
2020-12-09,Calaveras,009,45235,746,670,0,670,21
2020-12-09,Colusa,011,21464,1021,896,33,929,7
2020-12-09,Contra Costa,013,1133247,31122,28308,269,28577,273
2020-12-09,Del Norte,015,27424,570,481,0,481,2
2020-12-09,El Dorado,017,186661,4347,3449,104,3553,8
2020-12-09,Fresno,019,978130,53189,41954,2525,44479,533
2020-12-09,Glenn,021,27897,1232,1107,114,1221,8
2020-12-09,Humboldt,023,135768,1305,1086,4,1090,10
2020-12-09,Imperial,025,180216,19910,17757,200,17957,368
2020-12-09,Inyo,027,18085,430,356,6,362,15
2020-12-09,Kern,029,883053,51600,46379,2693,49072,494
2020-12-09,Kings,031,150075,13769,12716,312,13028,92
2020-12-09,Lake,033,64148,1371,1158,0,1158,20
2020-12-09,Lassen,035,31185,3348,2331,15,2346,0
2020-12-09,Los Angeles,037,10098052,527571,467971,10311,478282,8075
2020-12-09,Madera,039,155013,8289,7216,247,7463,59
2020-12-09,Marin,041,260295,8554,8182,52,8234,138
2020-12-09,Mariposa,043,17540,183,154,2,156,3
2020-12-09,Mendocino,045,87422,1936,1703,15,1718,24
2020-12-09,Merced,047,269075,14987,13588,204,13792,183
2020-12-09,Modoc,049,8938,181,146,42,188,0
2020-12-09,Mono,051,14174,707,601,11,612,3
2020-12-09,Monterey,053,433212,20703,17891,398,18289,143
2020-12-09,Napa,055,140530,4453,3858,21,3879,21
2020-12-09,Nevada,057,99092,2152,1864,60,1924,10
2020-12-09,Orange,059,3164182,109831,93763,3551,97314,1629
2020-12-09,Placer,061,380077,10603,8588,285,8873,85
2020-12-09,Plumas,063,18699,349,271,8,279,0
2020-12-09,Riverside,065,2383286,126264,110376,3938,114314,1543
2020-12-09,Sacramento,067,1510023,50634,45284,274,45558,659
2020-12-09,San Benito,069,59416,2499,2217,16,2233,19
2020-12-09,San Bernardino,071,2135413,138530,114516,3104,117620,1305
2020-12-09,San Diego,073,3302833,110919,97551,4641,102192,1103
2020-12-09,San Francisco,075,870044,18963,17628,147,17775,163
2020-12-09,San Joaquin,077,732212,34874,30539,848,31387,531
2020-12-09,San Luis Obispo,079,281455,8103,7105,150,7255,47
2020-12-09,San Mateo,081,765935,19117,16422,23,16445,175
2020-12-09,Santa Barbara,083,443738,13679,12630,291,12921,142
2020-12-09,Santa Clara,085,1922200,50770,42912,155,43067,489
2020-12-09,Santa Cruz,087,273765,6504,5527,106,5633,47
2020-12-09,Shasta,089,179085,6987,6105,393,6498,52
2020-12-09,Sierra,091,2930,23,18,0,18,0
2020-12-09,Siskiyou,093,43540,860,713,60,773,2
2020-12-09,Solano,095,438530,13773,11862,117,11979,90
2020-12-09,Sonoma,097,501317,15346,13994,87,14081,164
2020-12-09,Stanislaus,099,539301,27743,25157,2024,27181,463
2020-12-09,Sutter,101,95872,5005,4418,19,4437,24
2020-12-09,Tehama,103,63373,2378,2102,129,2231,9
2020-12-09,Trinity,105,12862,348,199,39,238,0
2020-12-09,Tulare,107,460477,26929,24124,2317,26441,334
2020-12-09,Tuolumne,109,53932,1691,1319,10,1329,8
2020-12-09,Ventura,111,848112,27724,23830,906,24736,201
2020-12-09,Yolo,113,214977,6571,5760,27,5787,95
2020-12-09,Yuba,115,75493,2855,2513,21,2534,10
2020-12-08,Alameda,001,1643700,38627,34373,531,34904,469
2020-12-08,Alpine,003,1148,64,53,0,53,0
2020-12-08,Amador,005,37829,1359,1043,8,1051,17
2020-12-08,Butte,007,227075,5400,4651,402,5053,70
2020-12-08,Calaveras,009,45235,722,657,0,657,21
2020-12-08,Colusa,011,21464,1005,875,32,907,6
2020-12-08,Contra Costa,013,1133247,30418,27926,252,28178,270
2020-12-08,Del Norte,015,27424,554,465,0,465,2
2020-12-08,El Dorado,017,186661,4223,3296,91,3387,8
2020-12-08,Fresno,019,978130,51923,41574,2371,43945,529
2020-12-08,Glenn,021,27897,1212,1094,106,1200,8
2020-12-08,Humboldt,023,135768,1279,1059,4,1063,10
2020-12-08,Imperial,025,180216,19393,17568,193,17761,363
2020-12-08,Inyo,027,18085,406,333,6,339,15
2020-12-08,Kern,029,883053,50306,45116,2541,47657,487
2020-12-08,Kings,031,150075,13615,12623,303,12926,90
2020-12-08,Lake,033,64148,1327,1127,0,1127,20
2020-12-08,Lassen,035,31185,3192,2165,15,2180,0
2020-12-08,Los Angeles,037,10098052,514865,459738,9838,469576,8004
2020-12-08,Madera,039,155013,8157,7082,234,7316,59
2020-12-08,Marin,041,260295,8474,8099,51,8150,137
2020-12-08,Mariposa,043,17540,179,150,2,152,2
2020-12-08,Mendocino,045,87422,1894,1666,15,1681,23
2020-12-08,Merced,047,269075,14675,13380,203,13583,181
2020-12-08,Modoc,049,8938,173,138,39,177,0
2020-12-08,Mono,051,14174,693,597,11,608,3
2020-12-08,Monterey,053,433212,20132,17752,391,18143,134
2020-12-08,Napa,055,140530,4366,3778,19,3797,22
2020-12-08,Nevada,057,99092,2098,1809,57,1866,11
2020-12-08,Orange,059,3164182,106612,91406,3387,94793,1629
2020-12-08,Placer,061,380077,10335,8224,280,8504,82
2020-12-08,Plumas,063,18699,339,258,8,266,0
2020-12-08,Riverside,065,2383286,122897,107620,3761,111381,1514
2020-12-08,Sacramento,067,1510023,49569,44635,259,44894,649
2020-12-08,San Benito,069,59416,2445,2180,16,2196,18
2020-12-08,San Bernardino,071,2135413,134183,110676,2982,113658,1301
2020-12-08,San Diego,073,3302833,107548,95447,4484,99931,1088
2020-12-08,San Francisco,075,870044,18654,17384,145,17529,162
2020-12-08,San Joaquin,077,732212,33982,30225,815,31040,530
2020-12-08,San Luis Obispo,079,281455,7974,6903,139,7042,45
2020-12-08,San Mateo,081,765935,18718,16305,23,16328,175
2020-12-08,Santa Barbara,083,443738,13495,12516,282,12798,141
2020-12-08,Santa Clara,085,1922200,49442,41309,147,41456,484
2020-12-08,Santa Cruz,087,273765,6323,5374,104,5478,45
2020-12-08,Shasta,089,179085,6877,5946,385,6331,50
2020-12-08,Sierra,091,2930,22,18,0,18,0
2020-12-08,Siskiyou,093,43540,846,704,58,762,2
2020-12-08,Solano,095,438530,13367,11669,115,11784,89
2020-12-08,Sonoma,097,501317,15087,13601,86,13687,164
2020-12-08,Stanislaus,099,539301,27252,24793,1959,26752,461
2020-12-08,Sutter,101,95872,4909,4342,18,4360,24
2020-12-08,Tehama,103,63373,2304,2057,121,2178,9
2020-12-08,Trinity,105,12862,339,198,38,236,0
2020-12-08,Tulare,107,460477,26320,23607,2254,25861,330
2020-12-08,Tuolumne,109,53932,1667,1264,10,1274,7
2020-12-08,Ventura,111,848112,27061,23665,864,24529,195
2020-12-08,Yolo,113,214977,6439,5560,27,5587,90
2020-12-08,Yuba,115,75493,2777,2477,21,2498,10
2020-12-07,Alameda,001,1643700,37760,33887,497,34384,466
2020-12-07,Alpine,003,1148,63,53,0,53,0
2020-12-07,Amador,005,37829,1284,993,7,1000,17
2020-12-07,Butte,007,227075,5264,4604,381,4985,67
2020-12-07,Calaveras,009,45235,692,606,0,606,21
2020-12-07,Colusa,011,21464,980,825,27,852,6
2020-12-07,Contra Costa,013,1133247,29802,27307,239,27546,270
2020-12-07,Del Norte,015,27424,542,424,0,424,2
2020-12-07,El Dorado,017,186661,4044,3275,84,3359,8
2020-12-07,Fresno,019,978130,50449,41098,2250,43348,526
2020-12-07,Glenn,021,27897,1193,1085,100,1185,8
2020-12-07,Humboldt,023,135768,1244,1023,4,1027,9
2020-12-07,Imperial,025,180216,18972,17234,183,17417,364
2020-12-07,Inyo,027,18085,390,333,6,339,15
2020-12-07,Kern,029,883053,49281,44409,2407,46816,486
2020-12-07,Kings,031,150075,13472,12412,295,12707,90
2020-12-07,Lake,033,64148,1300,1090,0,1090,20
2020-12-07,Lassen,035,31185,3095,2167,15,2182,0
2020-12-07,Los Angeles,037,10098052,501193,451052,9409,460461,7937
2020-12-07,Madera,039,155013,7891,6935,229,7164,59
2020-12-07,Marin,041,260295,8414,8049,50,8099,136
2020-12-07,Mariposa,043,17540,176,146,2,148,2
2020-12-07,Mendocino,045,87422,1858,1638,14,1652,23
2020-12-07,Merced,047,269075,14316,13250,194,13444,179
2020-12-07,Modoc,049,8938,166,128,36,164,0
2020-12-07,Mono,051,14174,680,590,11,601,3
2020-12-07,Monterey,053,433212,19651,17746,380,18126,132
2020-12-07,Napa,055,140530,4275,3684,19,3703,21
2020-12-07,Nevada,057,99092,2049,1777,56,1833,11
2020-12-07,Orange,059,3164182,103345,89793,3268,93061,1628
2020-12-07,Placer,061,380077,10010,7911,266,8177,82
2020-12-07,Plumas,063,18699,327,256,5,261,0
2020-12-07,Riverside,065,2383286,119699,102363,3580,105943,1491
2020-12-07,Sacramento,067,1510023,48474,43419,242,43661,638
2020-12-07,San Benito,069,59416,2394,2165,15,2180,18
2020-12-07,San Bernardino,071,2135413,130231,108161,2867,111028,1295
2020-12-07,San Diego,073,3302833,104759,94171,4303,98474,1062
2020-12-07,San Francisco,075,870044,18362,17220,138,17358,161
2020-12-07,San Joaquin,077,732212,33106,28188,789,28977,530
2020-12-07,San Luis Obispo,079,281455,7792,6782,132,6914,45
2020-12-07,San Mateo,081,765935,18280,16029,22,16051,175
2020-12-07,Santa Barbara,083,443738,13254,12362,272,12634,141
2020-12-07,Santa Clara,085,1922200,48048,40621,138,40759,484
2020-12-07,Santa Cruz,087,273765,6158,5152,96,5248,41
2020-12-07,Shasta,089,179085,6754,5742,370,6112,50
2020-12-07,Sierra,091,2930,20,18,0,18,0
2020-12-07,Siskiyou,093,43540,819,652,58,710,2
2020-12-07,Solano,095,438530,13026,11354,111,11465,89
2020-12-07,Sonoma,097,501317,14803,13376,86,13462,164
2020-12-07,Stanislaus,099,539301,26683,24479,1907,26386,454
2020-12-07,Sutter,101,95872,4768,4106,18,4124,24
2020-12-07,Tehama,103,63373,2253,2030,116,2146,9
2020-12-07,Trinity,105,12862,335,194,38,232,0
2020-12-07,Tulare,107,460477,25781,22760,2197,24957,328
2020-12-07,Tuolumne,109,53932,1582,1256,9,1265,7
2020-12-07,Ventura,111,848112,26472,23354,828,24182,191
2020-12-07,Yolo,113,214977,6276,5537,26,5563,90
2020-12-07,Yuba,115,75493,2710,2428,19,2447,10
2020-12-06,Alameda,001,1643700,36768,33477,477,33954,465
2020-12-06,Alpine,003,1148,59,53,0,53,0
2020-12-06,Amador,005,37829,1221,952,6,958,17
2020-12-06,Butte,007,227075,5111,4527,347,4874,67
2020-12-06,Calaveras,009,45235,672,606,0,606,21
2020-12-06,Colusa,011,21464,963,824,23,847,6
2020-12-06,Contra Costa,013,1133247,29195,26566,233,26799,270
2020-12-06,Del Norte,015,27424,486,414,0,414,2
2020-12-06,El Dorado,017,186661,3907,3086,79,3165,8
2020-12-06,Fresno,019,978130,49495,40869,2135,43004,526
2020-12-06,Glenn,021,27897,1183,1067,96,1163,8
2020-12-06,Humboldt,023,135768,1219,1004,4,1008,9
2020-12-06,Imperial,025,180216,18656,16922,174,17096,364
2020-12-06,Inyo,027,18085,377,333,6,339,15
2020-12-06,Kern,029,883053,48291,43899,2240,46139,486
2020-12-06,Kings,031,150075,13200,12056,278,12334,90
2020-12-06,Lake,033,64148,1262,1075,0,1075,20
2020-12-06,Lassen,035,31185,2991,2168,13,2181,0
2020-12-06,Los Angeles,037,10098052,487592,443230,8977,452207,7910
2020-12-06,Madera,039,155013,7717,6826,220,7046,59
2020-12-06,Marin,041,260295,8333,8013,47,8060,136
2020-12-06,Mariposa,043,17540,175,144,2,146,2
2020-12-06,Mendocino,045,87422,1818,1614,14,1628,23
2020-12-06,Merced,047,269075,13980,12928,185,13113,179
2020-12-06,Modoc,049,8938,153,125,29,154,0
2020-12-06,Mono,051,14174,658,586,10,596,3
2020-12-06,Monterey,053,433212,19033,17426,370,17796,130
2020-12-06,Napa,055,140530,4163,3644,19,3663,21
2020-12-06,Nevada,057,99092,1990,1710,53,1763,10
2020-12-06,Orange,059,3164182,100278,87737,3138,90875,1627
2020-12-06,Placer,061,380077,9728,7837,247,8084,82
2020-12-06,Plumas,063,18699,314,254,4,258,0
2020-12-06,Riverside,065,2383286,116605,100088,3359,103447,1482
2020-12-06,Sacramento,067,1510023,47234,42808,228,43036,638
2020-12-06,San Benito,069,59416,2358,2135,15,2150,18
2020-12-06,San Bernardino,071,2135413,126082,106927,2713,109640,1286
2020-12-06,San Diego,073,3302833,101726,92173,4149,96322,1062
2020-12-06,San Francisco,075,870044,18039,17107,131,17238,161
2020-12-06,San Joaquin,077,732212,32266,28188,761,28949,530
2020-12-06,San Luis Obispo,079,281455,7627,6723,127,6850,45
2020-12-06,San Mateo,081,765935,17776,15855,20,15875,175
2020-12-06,Santa Barbara,083,443738,13022,12252,263,12515,141
2020-12-06,Santa Clara,085,1922200,46665,39112,133,39245,482
2020-12-06,Santa Cruz,087,273765,5984,5069,90,5159,40
2020-12-06,Shasta,089,179085,6613,5743,349,6092,49
2020-12-06,Sierra,091,2930,20,17,0,17,0
2020-12-06,Siskiyou,093,43540,801,652,56,708,2
2020-12-06,Solano,095,438530,12740,11354,101,11455,88
2020-12-06,Sonoma,097,501317,14514,13238,85,13323,164
2020-12-06,Stanislaus,099,539301,26128,24036,1844,25880,454
2020-12-06,Sutter,101,95872,4652,4009,17,4026,21
2020-12-06,Tehama,103,63373,2194,1982,107,2089,9
2020-12-06,Trinity,105,12862,328,181,36,217,0
2020-12-06,Tulare,107,460477,25253,22756,2132,24888,327
2020-12-06,Tuolumne,109,53932,1486,1210,9,1219,7
2020-12-06,Ventura,111,848112,25931,23035,803,23838,191
2020-12-06,Yolo,113,214977,6114,5465,22,5487,90
2020-12-06,Yuba,115,75493,2666,2340,18,2358,10
2020-12-05,Alameda,001,1643700,36411,32781,466,33247,465
2020-12-05,Alpine,003,1148,58,53,0,53,0
2020-12-05,Amador,005,37829,1197,847,6,853,17
2020-12-05,Butte,007,227075,5043,4455,328,4783,66
2020-12-05,Calaveras,009,45235,660,606,0,606,21
2020-12-05,Colusa,011,21464,945,825,20,845,6
2020-12-05,Contra Costa,013,1133247,28900,26217,226,26443,270
2020-12-05,Del Norte,015,27424,480,408,0,408,2
2020-12-05,El Dorado,017,186661,3842,3061,74,3135,8
2020-12-05,Fresno,019,978130,49176,40568,2081,42649,525
2020-12-05,Glenn,021,27897,1170,1056,90,1146,8
2020-12-05,Humboldt,023,135768,1186,979,4,983,9
2020-12-05,Imperial,025,180216,18488,16544,173,16717,362
2020-12-05,Inyo,027,18085,372,332,6,338,15
2020-12-05,Kern,029,883053,47828,43332,2155,45487,484
2020-12-05,Kings,031,150075,13119,11898,275,12173,90
2020-12-05,Lake,033,64148,1235,1069,0,1069,20
2020-12-05,Lassen,035,31185,2800,2168,11,2179,0
2020-12-05,Los Angeles,037,10098052,481792,433120,8661,441781,7888
2020-12-05,Madera,039,155013,7624,6619,213,6832,59
2020-12-05,Marin,041,260295,8306,7961,47,8008,136
2020-12-05,Mariposa,043,17540,170,143,2,145,2
2020-12-05,Mendocino,045,87422,1779,1585,14,1599,23
2020-12-05,Merced,047,269075,13873,12747,174,12921,180
2020-12-05,Modoc,049,8938,153,118,28,146,0
2020-12-05,Mono,051,14174,653,554,10,564,3
2020-12-05,Monterey,053,433212,18887,17077,366,17443,127
2020-12-05,Napa,055,140530,4092,3565,19,3584,21
2020-12-05,Nevada,057,99092,1975,1642,51,1693,10
2020-12-05,Orange,059,3164182,98811,85735,3043,88778,1612
2020-12-05,Placer,061,380077,9608,7811,238,8049,78
2020-12-05,Plumas,063,18699,307,246,1,247,0
2020-12-05,Riverside,065,2383286,114991,98612,3185,101797,1477
2020-12-05,Sacramento,067,1510023,46569,41878,214,42092,625
2020-12-05,San Benito,069,59416,2314,2073,15,2088,18
2020-12-05,San Bernardino,071,2135413,124554,105382,2585,107967,1283
2020-12-05,San Diego,073,3302833,100374,90470,4068,94538,1055
2020-12-05,San Francisco,075,870044,17855,16786,127,16913,161
2020-12-05,San Joaquin,077,732212,31998,28105,728,28833,523
2020-12-05,San Luis Obispo,079,281455,7560,6623,124,6747,44
2020-12-05,San Mateo,081,765935,17519,15512,20,15532,175
2020-12-05,Santa Barbara,083,443738,12922,12107,257,12364,141
2020-12-05,Santa Clara,085,1922200,45915,38339,128,38467,474
2020-12-05,Santa Cruz,087,273765,5911,4997,89,5086,40
2020-12-05,Shasta,089,179085,6552,5653,338,5991,49
2020-12-05,Sierra,091,2930,20,17,0,17,0
2020-12-05,Siskiyou,093,43540,793,649,55,704,2
2020-12-05,Solano,095,438530,12571,11351,99,11450,87
2020-12-05,Sonoma,097,501317,14418,13137,85,13222,164
2020-12-05,Stanislaus,099,539301,25814,23662,1810,25472,454
2020-12-05,Sutter,101,95872,4587,3937,17,3954,20
2020-12-05,Tehama,103,63373,2178,1926,105,2031,9
2020-12-05,Trinity,105,12862,327,177,36,213,0
2020-12-05,Tulare,107,460477,25039,22660,2075,24735,324
2020-12-05,Tuolumne,109,53932,1429,1180,9,1189,7
2020-12-05,Ventura,111,848112,25559,22710,789,23499,191
2020-12-05,Yolo,113,214977,6036,5351,21,5372,90
2020-12-05,Yuba,115,75493,2629,2275,18,2293,10
2020-12-04,Alameda,001,1643700,35862,31871,453,32324,465
2020-12-04,Alpine,003,1148,58,53,0,53,0
2020-12-04,Amador,005,37829,1183,766,3,769,16
2020-12-04,Butte,007,227075,4971,4336,308,4644,65
2020-12-04,Calaveras,009,45235,655,585,0,585,21
2020-12-04,Colusa,011,21464,931,790,18,808,6
2020-12-04,Contra Costa,013,1133247,28555,25705,214,25919,264
2020-12-04,Del Norte,015,27424,469,401,0,401,2
2020-12-04,El Dorado,017,186661,3754,2933,71,3004,7
2020-12-04,Fresno,019,978130,48467,40108,2013,42121,522
2020-12-04,Glenn,021,27897,1164,1017,82,1099,8
2020-12-04,Humboldt,023,135768,1168,960,4,964,9
2020-12-04,Imperial,025,180216,18243,16484,173,16657,362
2020-12-04,Inyo,027,18085,364,324,6,330,15
2020-12-04,Kern,029,883053,47277,42497,2053,44550,485
2020-12-04,Kings,031,150075,13026,11767,269,12036,88
2020-12-04,Lake,033,64148,1207,1018,0,1018,20
2020-12-04,Lassen,035,31185,2793,2167,10,2177,0
2020-12-04,Los Angeles,037,10098052,473168,424164,8370,432534,7845
2020-12-04,Madera,039,155013,7532,6479,210,6689,58
2020-12-04,Marin,041,260295,8254,7896,44,7940,136
2020-12-04,Mariposa,043,17540,170,136,2,138,2
2020-12-04,Mendocino,045,87422,1760,1563,13,1576,23
2020-12-04,Merced,047,269075,13758,12474,166,12640,177
2020-12-04,Modoc,049,8938,153,115,28,143,0
2020-12-04,Mono,051,14174,648,549,10,559,3
2020-12-04,Monterey,053,433212,18675,16737,357,17094,127
2020-12-04,Napa,055,140530,4038,3432,19,3451,19
2020-12-04,Nevada,057,99092,1950,1560,48,1608,10
2020-12-04,Orange,059,3164182,96885,83738,2979,86717,1597
2020-12-04,Placer,061,380077,9484,7461,225,7686,76
2020-12-04,Plumas,063,18699,300,232,0,232,0
2020-12-04,Riverside,065,2383286,112794,95255,3028,98283,1475
2020-12-04,Sacramento,067,1510023,45805,41061,197,41258,618
2020-12-04,San Benito,069,59416,2281,2006,15,2021,17
2020-12-04,San Bernardino,071,2135413,122282,102418,2477,104895,1290
2020-12-04,San Diego,073,3302833,98890,88183,3981,92164,1047
2020-12-04,San Francisco,075,870044,17664,16499,127,16626,161
2020-12-04,San Joaquin,077,732212,31562,27806,691,28497,522
2020-12-04,San Luis Obispo,079,281455,7476,6473,121,6594,42
2020-12-04,San Mateo,081,765935,17231,15112,19,15131,173
2020-12-04,Santa Barbara,083,443738,12815,11947,251,12198,141
2020-12-04,Santa Clara,085,1922200,44994,37465,122,37587,468
2020-12-04,Santa Cruz,087,273765,5822,4985,87,5072,32
2020-12-04,Shasta,089,179085,6464,5439,329,5768,49
2020-12-04,Sierra,091,2930,19,17,0,17,0
2020-12-04,Siskiyou,093,43540,786,639,52,691,2
2020-12-04,Solano,095,438530,12425,11037,96,11133,87
2020-12-04,Sonoma,097,501317,14270,12962,84,13046,164
2020-12-04,Stanislaus,099,539301,25540,23206,1766,24972,448
2020-12-04,Sutter,101,95872,4515,3791,12,3803,20
2020-12-04,Tehama,103,63373,2138,1876,100,1976,9
2020-12-04,Trinity,105,12862,325,172,36,208,0
2020-12-04,Tulare,107,460477,24751,22273,2003,24276,322
2020-12-04,Tuolumne,109,53932,1398,1134,9,1143,7
2020-12-04,Ventura,111,848112,25182,22024,773,22797,189
2020-12-04,Yolo,113,214977,5962,5294,20,5314,87
2020-12-04,Yuba,115,75493,2585,2225,17,2242,10
2020-12-03,Alameda,001,1643700,35097,31184,436,31620,465
2020-12-03,Alpine,003,1148,57,53,0,53,0
2020-12-03,Amador,005,37829,1132,653,3,656,16
2020-12-03,Butte,007,227075,4876,4305,289,4594,65
2020-12-03,Calaveras,009,45235,635,572,0,572,21
2020-12-03,Colusa,011,21464,918,774,17,791,6
2020-12-03,Contra Costa,013,1133247,28051,25464,207,25671,265
2020-12-03,Del Norte,015,27424,465,388,0,388,2
2020-12-03,El Dorado,017,186661,3628,2740,69,2809,6
2020-12-03,Fresno,019,978130,47713,39680,1941,41621,516
2020-12-03,Glenn,021,27897,1146,997,74,1071,8
2020-12-03,Humboldt,023,135768,1138,923,4,927,9
2020-12-03,Imperial,025,180216,18035,16436,161,16597,359
2020-12-03,Inyo,027,18085,361,321,6,327,15
2020-12-03,Kern,029,883053,46431,42062,1952,44014,483
2020-12-03,Kings,031,150075,12927,11658,258,11916,87
2020-12-03,Lake,033,64148,1192,991,0,991,20
2020-12-03,Lassen,035,31185,2753,2128,9,2137,0
2020-12-03,Los Angeles,037,10098052,463064,415805,8010,423815,7787
2020-12-03,Madera,039,155013,7409,6398,205,6603,58
2020-12-03,Marin,041,260295,8194,7861,40,7901,136
2020-12-03,Mariposa,043,17540,166,132,2,134,2
2020-12-03,Mendocino,045,87422,1743,1547,10,1557,23
2020-12-03,Merced,047,269075,13513,12310,159,12469,177
2020-12-03,Modoc,049,8938,151,114,28,142,0
2020-12-03,Mono,051,14174,626,527,10,537,3
2020-12-03,Monterey,053,433212,18214,16218,348,16566,125
2020-12-03,Napa,055,140530,3924,3360,19,3379,19
2020-12-03,Nevada,057,99092,1872,1472,47,1519,10
2020-12-03,Orange,059,3164182,94353,82187,2910,85097,1591
2020-12-03,Placer,061,380077,9282,7270,209,7479,73
2020-12-03,Plumas,063,18699,285,223,0,223,0
2020-12-03,Riverside,065,2383286,110032,92489,2869,95358,1461
2020-12-03,Sacramento,067,1510023,44746,40280,184,40464,614
2020-12-03,San Benito,069,59416,2235,1967,15,1982,16
2020-12-03,San Bernardino,071,2135413,118954,100787,2394,103181,1283
2020-12-03,San Diego,073,3302833,97075,86144,3863,90007,1040
2020-12-03,San Francisco,075,870044,17442,16236,126,16362,161
2020-12-03,San Joaquin,077,732212,30841,27239,648,27887,522
2020-12-03,San Luis Obispo,079,281455,7308,6388,120,6508,42
2020-12-03,San Mateo,081,765935,16878,14909,19,14928,173
2020-12-03,Santa Barbara,083,443738,12686,11829,245,12074,141
2020-12-03,Santa Clara,085,1922200,43792,36621,116,36737,465
2020-12-03,Santa Cruz,087,273765,5678,4850,83,4933,28
2020-12-03,Shasta,089,179085,6355,5330,322,5652,48
2020-12-03,Sierra,091,2930,19,17,0,17,0
2020-12-03,Siskiyou,093,43540,771,629,49,678,2
2020-12-03,Solano,095,438530,12211,10857,93,10950,87
2020-12-03,Sonoma,097,501317,14027,12772,83,12855,164
2020-12-03,Stanislaus,099,539301,25127,22821,1718,24539,447
2020-12-03,Sutter,101,95872,4431,3727,12,3739,20
2020-12-03,Tehama,103,63373,2086,1832,93,1925,9
2020-12-03,Trinity,105,12862,322,166,36,202,0
2020-12-03,Tulare,107,460477,24351,21993,1913,23906,321
2020-12-03,Tuolumne,109,53932,1356,1105,9,1114,7
2020-12-03,Ventura,111,848112,24479,21555,760,22315,187
2020-12-03,Yolo,113,214977,5824,5069,20,5089,87
2020-12-03,Yuba,115,75493,2514,2182,16,2198,10
2020-12-02,Alameda,001,1643700,34470,30697,427,31124,463
2020-12-02,Alpine,003,1148,56,52,0,52,0
2020-12-02,Amador,005,37829,1060,585,3,588,16
2020-12-02,Butte,007,227075,4754,4243,278,4521,65
2020-12-02,Calaveras,009,45235,619,553,0,553,21
2020-12-02,Colusa,011,21464,902,756,16,772,6
2020-12-02,Contra Costa,013,1133247,27591,25147,195,25342,264
2020-12-02,Del Norte,015,27424,451,384,0,384,2
2020-12-02,El Dorado,017,186661,3527,2638,64,2702,5
2020-12-02,Fresno,019,978130,46956,39324,1843,41167,507
2020-12-02,Glenn,021,27897,1129,995,66,1061,7
2020-12-02,Humboldt,023,135768,1112,899,4,903,9
2020-12-02,Imperial,025,180216,17613,16360,154,16514,356
2020-12-02,Inyo,027,18085,354,314,6,320,15
2020-12-02,Kern,029,883053,45534,41660,1857,43517,479
2020-12-02,Kings,031,150075,12574,11531,244,11775,86
2020-12-02,Lake,033,64148,1161,971,0,971,20
2020-12-02,Lassen,035,31185,2694,2115,9,2124,0
2020-12-02,Los Angeles,037,10098052,453011,408289,7681,415970,7739
2020-12-02,Madera,039,155013,7285,6370,199,6569,57
2020-12-02,Marin,041,260295,8147,7819,38,7857,136
2020-12-02,Mariposa,043,17540,163,131,2,133,2
2020-12-02,Mendocino,045,87422,1710,1524,10,1534,23
2020-12-02,Merced,047,269075,13269,12168,151,12319,173
2020-12-02,Modoc,049,8938,148,113,28,141,0
2020-12-02,Mono,051,14174,617,520,10,530,3
2020-12-02,Monterey,053,433212,17734,16064,309,16373,121
2020-12-02,Napa,055,140530,3821,3298,18,3316,19
2020-12-02,Nevada,057,99092,1810,1430,46,1476,9
2020-12-02,Orange,059,3164182,92152,81046,2831,83877,1569
2020-12-02,Placer,061,380077,9048,6941,196,7137,73
2020-12-02,Plumas,063,18699,272,218,0,218,0
2020-12-02,Riverside,065,2383286,107314,90089,2690,92779,1451
2020-12-02,Sacramento,067,1510023,43707,39334,173,39507,597
2020-12-02,San Benito,069,59416,2170,1921,15,1936,16
2020-12-02,San Bernardino,071,2135413,115384,98567,2289,100856,1240
2020-12-02,San Diego,073,3302833,95159,84640,3748,88388,1035
2020-12-02,San Francisco,075,870044,17205,16058,124,16182,157
2020-12-02,San Joaquin,077,732212,30222,26740,625,27365,519
2020-12-02,San Luis Obispo,079,281455,7209,6324,118,6442,42
2020-12-02,San Mateo,081,765935,16515,14757,18,14775,170
2020-12-02,Santa Barbara,083,443738,12535,11705,233,11938,140
2020-12-02,Santa Clara,085,1922200,42675,35878,116,35994,458
2020-12-02,Santa Cruz,087,273765,5546,4766,80,4846,27
2020-12-02,Shasta,089,179085,6232,5188,305,5493,47
2020-12-02,Sierra,091,2930,19,17,0,17,0
2020-12-02,Siskiyou,093,43540,755,624,47,671,1
2020-12-02,Solano,095,438530,11965,10701,89,10790,87
2020-12-02,Sonoma,097,501317,13788,12635,82,12717,163
2020-12-02,Stanislaus,099,539301,24625,22615,1663,24278,448
2020-12-02,Sutter,101,95872,4272,3604,12,3616,18
2020-12-02,Tehama,103,63373,2041,1800,78,1878,9
2020-12-02,Trinity,105,12862,312,165,35,200,0
2020-12-02,Tulare,107,460477,23969,21789,1836,23625,321
2020-12-02,Tuolumne,109,53932,1315,1076,9,1085,7
2020-12-02,Ventura,111,848112,24067,21208,742,21950,186
2020-12-02,Yolo,113,214977,5713,5053,19,5072,87
2020-12-02,Yuba,115,75493,2436,2119,15,2134,10
2020-12-01,Alameda,001,1643700,33778,30252,417,30669,460
2020-12-01,Alpine,003,1148,56,41,0,41,0
2020-12-01,Amador,005,37829,913,575,2,577,16
2020-12-01,Butte,007,227075,4648,4177,264,4441,65
2020-12-01,Calaveras,009,45235,601,544,0,544,21
2020-12-01,Colusa,011,21464,885,747,16,763,6
2020-12-01,Contra Costa,013,1133247,27020,24788,187,24975,264
2020-12-01,Del Norte,015,27424,423,357,0,357,2
2020-12-01,El Dorado,017,186661,3383,2542,59,2601,4
2020-12-01,Fresno,019,978130,46054,39004,1767,40771,505
2020-12-01,Glenn,021,27897,1108,989,62,1051,7
2020-12-01,Humboldt,023,135768,1082,886,4,890,9
2020-12-01,Imperial,025,180216,17296,16278,151,16429,356
2020-12-01,Inyo,027,18085,347,304,6,310,15
2020-12-01,Kern,029,883053,44732,41345,1730,43075,478
2020-12-01,Kings,031,150075,12259,11415,230,11645,86
2020-12-01,Lake,033,64148,1141,969,0,969,19
2020-12-01,Lassen,035,31185,2528,2047,8,2055,0
2020-12-01,Los Angeles,037,10098052,442637,403266,7367,410633,7704
2020-12-01,Madera,039,155013,7168,6270,189,6459,57
2020-12-01,Marin,041,260295,8077,7787,37,7824,136
2020-12-01,Mariposa,043,17540,158,128,2,130,2
2020-12-01,Mendocino,045,87422,1676,1497,10,1507,23
2020-12-01,Merced,047,269075,13026,12032,142,12174,172
2020-12-01,Modoc,049,8938,143,113,24,137,0
2020-12-01,Mono,051,14174,604,520,10,530,3
2020-12-01,Monterey,053,433212,17227,15835,298,16133,121
2020-12-01,Napa,055,140530,3737,3124,17,3141,19
2020-12-01,Nevada,057,99092,1748,1411,45,1456,9
2020-12-01,Orange,059,3164182,90050,79468,2742,82210,1567
2020-12-01,Placer,061,380077,8724,6794,189,6983,72
2020-12-01,Plumas,063,18699,260,201,0,201,0
2020-12-01,Riverside,065,2383286,104505,88530,2530,91060,1448
2020-12-01,Sacramento,067,1510023,42658,38966,170,39136,589
2020-12-01,San Benito,069,59416,2115,1888,15,1903,15
2020-12-01,San Bernardino,071,2135413,111913,95854,2166,98020,1220
2020-12-01,San Diego,073,3302833,92902,83423,3638,87061,1019
2020-12-01,San Francisco,075,870044,16921,15797,121,15918,157
2020-12-01,San Joaquin,077,732212,29421,26432,604,27036,514
2020-12-01,San Luis Obispo,079,281455,7067,6264,113,6377,40
2020-12-01,San Mateo,081,765935,16190,14495,18,14513,170
2020-12-01,Santa Barbara,083,443738,12396,11611,223,11834,140
2020-12-01,Santa Clara,085,1922200,41418,35397,110,35507,452
2020-12-01,Santa Cruz,087,273765,5388,4638,72,4710,27
2020-12-01,Shasta,089,179085,6107,5077,286,5363,47
2020-12-01,Sierra,091,2930,19,17,0,17,0
2020-12-01,Siskiyou,093,43540,741,608,43,651,1
2020-12-01,Solano,095,438530,11704,10604,84,10688,87
2020-12-01,Sonoma,097,501317,13584,12491,79,12570,163
2020-12-01,Stanislaus,099,539301,24169,22351,1605,23956,447
2020-12-01,Sutter,101,95872,4130,3538,12,3550,17
2020-12-01,Tehama,103,63373,1975,1773,68,1841,9
2020-12-01,Trinity,105,12862,298,165,29,194,0
2020-12-01,Tulare,107,460477,23514,21645,1768,23413,319
2020-12-01,Tuolumne,109,53932,1279,1052,7,1059,7
2020-12-01,Ventura,111,848112,23454,20604,720,21324,186
2020-12-01,Yolo,113,214977,5573,4928,19,4947,86
2020-12-01,Yuba,115,75493,2371,2088,14,2102,10
2020-11-30,Alameda,001,1643700,32958,29972,400,30372,457
2020-11-30,Alpine,003,1148,54,41,0,41,0
2020-11-30,Amador,005,37829,872,559,2,561,16
2020-11-30,Butte,007,227075,4530,4148,248,4396,65
2020-11-30,Calaveras,009,45235,580,478,0,478,21
2020-11-30,Colusa,011,21464,858,737,12,749,6
2020-11-30,Contra Costa,013,1133247,26435,24365,183,24548,264
2020-11-30,Del Norte,015,27424,400,339,0,339,2
2020-11-30,El Dorado,017,186661,3209,2488,53,2541,4
2020-11-30,Fresno,019,978130,44942,38712,1657,40369,500
2020-11-30,Glenn,021,27897,1085,954,57,1011,5
2020-11-30,Humboldt,023,135768,1035,870,4,874,9
2020-11-30,Imperial,025,180216,17042,16212,130,16342,356
2020-11-30,Inyo,027,18085,342,304,5,309,15
2020-11-30,Kern,029,883053,43973,40941,1598,42539,473
2020-11-30,Kings,031,150075,12111,11346,215,11561,85
2020-11-30,Lake,033,64148,1109,939,0,939,18
2020-11-30,Lassen,035,31185,2436,1793,8,1801,0
2020-11-30,Los Angeles,037,10098052,431956,396202,7043,403245,7658
2020-11-30,Madera,039,155013,7002,6210,175,6385,57
2020-11-30,Marin,041,260295,8034,7764,36,7800,136
2020-11-30,Mariposa,043,17540,151,123,2,125,2
2020-11-30,Mendocino,045,87422,1648,1482,10,1492,23
2020-11-30,Merced,047,269075,12751,11913,131,12044,172
2020-11-30,Modoc,049,8938,133,113,24,137,0
2020-11-30,Mono,051,14174,582,519,10,529,3
2020-11-30,Monterey,053,433212,16797,15837,290,16127,119
2020-11-30,Napa,055,140530,3637,3091,17,3108,18
2020-11-30,Nevada,057,99092,1662,1347,42,1389,9
2020-11-30,Orange,059,3164182,87941,78711,2646,81357,1568
2020-11-30,Placer,061,380077,8428,6575,176,6751,72
2020-11-30,Plumas,063,18699,249,192,0,192,0
2020-11-30,Riverside,065,2383286,101511,87722,2385,90107,1446
2020-11-30,Sacramento,067,1510023,41578,37834,161,37995,586
2020-11-30,San Benito,069,59416,2068,1875,14,1889,15
2020-11-30,San Bernardino,071,2135413,108182,92704,2054,94758,1220
2020-11-30,San Diego,073,3302833,90539,82045,3511,85556,997
2020-11-30,San Francisco,075,870044,16623,15638,117,15755,157
2020-11-30,San Joaquin,077,732212,28713,25742,578,26320,509
2020-11-30,San Luis Obispo,079,281455,6933,6224,111,6335,36
2020-11-30,San Mateo,081,765935,15831,14276,18,14294,170
2020-11-30,Santa Barbara,083,443738,12218,11572,215,11787,140
2020-11-30,Santa Clara,085,1922200,40208,35019,109,35128,451
2020-11-30,Santa Cruz,087,273765,5249,4558,69,4627,26
2020-11-30,Shasta,089,179085,5962,4933,258,5191,44
2020-11-30,Sierra,091,2930,19,16,0,16,0
2020-11-30,Siskiyou,093,43540,732,605,39,644,1
2020-11-30,Solano,095,438530,11442,10392,79,10471,87
2020-11-30,Sonoma,097,501317,13339,12232,75,12307,163
2020-11-30,Stanislaus,099,539301,23706,22110,1563,23673,446
2020-11-30,Sutter,101,95872,3974,3430,12,3442,16
2020-11-30,Tehama,103,63373,1926,1724,61,1785,9
2020-11-30,Trinity,105,12862,292,162,29,191,0
2020-11-30,Tulare,107,460477,23127,20833,1675,22508,319
2020-11-30,Tuolumne,109,53932,1235,1027,7,1034,7
2020-11-30,Ventura,111,848112,22698,20308,704,21012,180
2020-11-30,Yolo,113,214977,5460,4894,19,4913,81
2020-11-30,Yuba,115,75493,2312,2028,12,2040,10
2020-11-29,Alameda,001,1643700,32170,29918,378,30296,457
2020-11-29,Alpine,003,1148,51,41,0,41,0
2020-11-29,Amador,005,37829,721,548,2,550,16
2020-11-29,Butte,007,227075,4429,4008,232,4240,65
2020-11-29,Calaveras,009,45235,549,478,0,478,21
2020-11-29,Colusa,011,21464,829,723,8,731,6
2020-11-29,Contra Costa,013,1133247,25932,24165,177,24342,264
2020-11-29,Del Norte,015,27424,394,339,0,339,2
2020-11-29,El Dorado,017,186661,3078,2447,51,2498,4
2020-11-29,Fresno,019,978130,43991,38568,1586,40154,500
2020-11-29,Glenn,021,27897,1062,951,55,1006,4
2020-11-29,Humboldt,023,135768,1006,856,4,860,9
2020-11-29,Imperial,025,180216,16810,16138,105,16243,356
2020-11-29,Inyo,027,18085,327,289,5,294,15
2020-11-29,Kern,029,883053,43210,40596,1450,42046,473
2020-11-29,Kings,031,150075,11960,11247,197,11444,85
2020-11-29,Lake,033,64148,1085,927,0,927,18
2020-11-29,Lassen,035,31185,2333,1793,8,1801,0
2020-11-29,Los Angeles,037,10098052,421550,391162,6750,397912,7642
2020-11-29,Madera,039,155013,6859,6184,169,6353,57
2020-11-29,Marin,041,260295,7968,7739,33,7772,135
2020-11-29,Mariposa,043,17540,147,123,2,125,2
2020-11-29,Mendocino,045,87422,1614,1473,10,1483,23
2020-11-29,Merced,047,269075,12512,11773,122,11895,172
2020-11-29,Modoc,049,8938,129,105,22,127,0
2020-11-29,Mono,051,14174,559,515,9,524,3
2020-11-29,Monterey,053,433212,16484,15621,283,15904,119
2020-11-29,Napa,055,140530,3532,3090,16,3106,18
2020-11-29,Nevada,057,99092,1582,1311,40,1351,9
2020-11-29,Orange,059,3164182,85921,78057,2600,80657,1567
2020-11-29,Placer,061,380077,8130,6535,164,6699,72
2020-11-29,Plumas,063,18699,244,191,0,191,0
2020-11-29,Riverside,065,2383286,99117,87383,2233,89616,1442
2020-11-29,Sacramento,067,1510023,40500,37415,152,37567,585
2020-11-29,San Benito,069,59416,2024,1860,14,1874,15
2020-11-29,San Bernardino,071,2135413,104832,92052,1938,93990,1223
2020-11-29,San Diego,073,3302833,88128,81086,3358,84444,997
2020-11-29,San Francisco,075,870044,16341,15571,112,15683,153
2020-11-29,San Joaquin,077,732212,27965,25740,572,26312,509
2020-11-29,San Luis Obispo,079,281455,6810,6145,111,6256,36
2020-11-29,San Mateo,081,765935,15499,14177,18,14195,169
2020-11-29,Santa Barbara,083,443738,12063,11520,211,11731,140
2020-11-29,Santa Clara,085,1922200,39002,34234,103,34337,451
2020-11-29,Santa Cruz,087,273765,5090,4490,67,4557,26
2020-11-29,Shasta,089,179085,5790,4935,230,5165,43
2020-11-29,Sierra,091,2930,19,16,0,16,0
2020-11-29,Siskiyou,093,43540,709,590,37,627,1
2020-11-29,Solano,095,438530,11210,10393,75,10468,87
2020-11-29,Sonoma,097,501317,13087,12052,71,12123,163
2020-11-29,Stanislaus,099,539301,23210,21701,1529,23230,446
2020-11-29,Sutter,101,95872,3859,3297,12,3309,16
2020-11-29,Tehama,103,63373,1875,1710,47,1757,9
2020-11-29,Trinity,105,12862,289,159,27,186,0
2020-11-29,Tulare,107,460477,22758,20793,1600,22393,319
2020-11-29,Tuolumne,109,53932,1198,988,7,995,7
2020-11-29,Ventura,111,848112,22014,19952,692,20644,179
2020-11-29,Yolo,113,214977,5322,4830,18,4848,80
2020-11-29,Yuba,115,75493,2255,1959,12,1971,10
2020-11-28,Alameda,001,1643700,31860,29368,373,29741,456
2020-11-28,Alpine,003,1148,51,41,0,41,0
2020-11-28,Amador,005,37829,644,536,2,538,16
2020-11-28,Butte,007,227075,4371,3894,228,4122,65
2020-11-28,Calaveras,009,45235,543,478,0,478,21
2020-11-28,Colusa,011,21464,820,711,6,717,6
2020-11-28,Contra Costa,013,1133247,25600,23798,173,23971,264
2020-11-28,Del Norte,015,27424,384,328,0,328,2
2020-11-28,El Dorado,017,186661,3010,2415,45,2460,4
2020-11-28,Fresno,019,978130,43644,38288,1548,39836,500
2020-11-28,Glenn,021,27897,1051,925,51,976,4
2020-11-28,Humboldt,023,135768,971,844,4,848,9
2020-11-28,Imperial,025,180216,16743,16019,103,16122,356
2020-11-28,Inyo,027,18085,319,289,5,294,15
2020-11-28,Kern,029,883053,42847,40255,1362,41617,473
2020-11-28,Kings,031,150075,11895,11070,190,11260,85
2020-11-28,Lake,033,64148,1070,920,0,920,18
2020-11-28,Lassen,035,31185,2266,1714,8,1722,0
2020-11-28,Los Angeles,037,10098052,416628,386194,6594,392788,7625
2020-11-28,Madera,039,155013,6757,6119,162,6281,57
2020-11-28,Marin,041,260295,7938,7696,29,7725,135
2020-11-28,Mariposa,043,17540,144,120,2,122,2
2020-11-28,Mendocino,045,87422,1583,1458,10,1468,22
2020-11-28,Merced,047,269075,12414,11688,116,11804,172
2020-11-28,Modoc,049,8938,126,103,22,125,0
2020-11-28,Mono,051,14174,553,505,9,514,3
2020-11-28,Monterey,053,433212,16318,15328,279,15607,118
2020-11-28,Napa,055,140530,3480,3033,16,3049,18
2020-11-28,Nevada,057,99092,1553,1272,38,1310,9
2020-11-28,Orange,059,3164182,84824,76882,2554,79436,1568
2020-11-28,Placer,061,380077,7969,6497,161,6658,70
2020-11-28,Plumas,063,18699,237,188,0,188,0
2020-11-28,Riverside,065,2383286,97709,86854,2132,88986,1440
2020-11-28,Sacramento,067,1510023,39922,36905,148,37053,580
2020-11-28,San Benito,069,59416,1979,1835,14,1849,15
2020-11-28,San Bernardino,071,2135413,103430,91183,1836,93019,1224
2020-11-28,San Diego,073,3302833,86874,80020,3274,83294,997
2020-11-28,San Francisco,075,870044,16165,15450,105,15555,153
2020-11-28,San Joaquin,077,732212,27764,25742,557,26299,509
2020-11-28,San Luis Obispo,079,281455,6740,6106,107,6213,36
2020-11-28,San Mateo,081,765935,15309,14040,18,14058,169
2020-11-28,Santa Barbara,083,443738,11961,11481,206,11687,140
2020-11-28,Santa Clara,085,1922200,38256,33701,101,33802,449
2020-11-28,Santa Cruz,087,273765,5013,4426,67,4493,26
2020-11-28,Shasta,089,179085,5713,4882,223,5105,43
2020-11-28,Sierra,091,2930,19,16,0,16,0
2020-11-28,Siskiyou,093,43540,699,558,34,592,1
2020-11-28,Solano,095,438530,11091,10252,73,10325,87
2020-11-28,Sonoma,097,501317,12983,12008,62,12070,162
2020-11-28,Stanislaus,099,539301,22971,21574,1495,23069,446
2020-11-28,Sutter,101,95872,3775,3244,12,3256,15
2020-11-28,Tehama,103,63373,1856,1678,43,1721,9
2020-11-28,Trinity,105,12862,286,157,25,182,0
2020-11-28,Tulare,107,460477,22560,20701,1558,22259,319
2020-11-28,Tuolumne,109,53932,1176,976,7,983,7
2020-11-28,Ventura,111,848112,21716,19510,682,20192,179
2020-11-28,Yolo,113,214977,5248,4739,16,4755,80
2020-11-28,Yuba,115,75493,2200,1912,12,1924,10
2020-11-27,Alameda,001,1643700,31419,29064,363,29427,450
2020-11-27,Alpine,003,1148,51,41,0,41,0
2020-11-27,Amador,005,37829,597,498,1,499,16
2020-11-27,Butte,007,227075,4330,3894,222,4116,65
2020-11-27,Calaveras,009,45235,534,478,0,478,21
2020-11-27,Colusa,011,21464,803,694,4,698,6
2020-11-27,Contra Costa,013,1133247,25340,23463,167,23630,264
2020-11-27,Del Norte,015,27424,378,307,0,307,2
2020-11-27,El Dorado,017,186661,2939,2238,42,2280,4
2020-11-27,Fresno,019,978130,43239,37994,1492,39486,500
2020-11-27,Glenn,021,27897,1038,891,46,937,4
2020-11-27,Humboldt,023,135768,952,795,3,798,9
2020-11-27,Imperial,025,180216,16676,15960,95,16055,356
2020-11-27,Inyo,027,18085,313,289,5,294,15
2020-11-27,Kern,029,883053,42424,39707,1292,40999,473
2020-11-27,Kings,031,150075,11810,10667,172,10839,85
2020-11-27,Lake,033,64148,1034,909,0,909,18
2020-11-27,Lassen,035,31185,2254,1714,8,1722,0
2020-11-27,Los Angeles,037,10098052,410112,382740,6444,389184,7606
2020-11-27,Madera,039,155013,6685,6050,157,6207,57
2020-11-27,Marin,041,260295,7895,7660,29,7689,135
2020-11-27,Mariposa,043,17540,142,118,2,120,2
2020-11-27,Mendocino,045,87422,1569,1387,9,1396,22
2020-11-27,Merced,047,269075,12308,11550,109,11659,172
2020-11-27,Modoc,049,8938,125,100,22,122,0
2020-11-27,Mono,051,14174,549,498,9,507,3
2020-11-27,Monterey,053,433212,16150,14753,279,15032,113
2020-11-27,Napa,055,140530,3440,2988,16,3004,18
2020-11-27,Nevada,057,99092,1523,1184,36,1220,9
2020-11-27,Orange,059,3164182,83536,75151,2515,77666,1568
2020-11-27,Placer,061,380077,7809,6283,151,6434,68
2020-11-27,Plumas,063,18699,234,188,0,188,0
2020-11-27,Riverside,065,2383286,96099,85769,1980,87749,1440
2020-11-27,Sacramento,067,1510023,39301,36579,144,36723,579
2020-11-27,San Benito,069,59416,1945,1805,13,1818,15
2020-11-27,San Bernardino,071,2135413,101911,90254,1755,92009,1224
2020-11-27,San Diego,073,3302833,85680,78161,3185,81346,996
2020-11-27,San Francisco,075,870044,16009,15377,103,15480,153
2020-11-27,San Joaquin,077,732212,27543,25741,537,26278,509
2020-11-27,San Luis Obispo,079,281455,6657,6039,104,6143,36
2020-11-27,San Mateo,081,765935,15107,13872,17,13889,169
2020-11-27,Santa Barbara,083,443738,11868,11340,203,11543,140
2020-11-27,Santa Clara,085,1922200,37579,32935,94,33029,449
2020-11-27,Santa Cruz,087,273765,4942,4358,65,4423,26
2020-11-27,Shasta,089,179085,5636,4710,210,4920,43
2020-11-27,Sierra,091,2930,18,16,0,16,0
2020-11-27,Siskiyou,093,43540,684,554,31,585,1
2020-11-27,Solano,095,438530,10972,10044,70,10114,87
2020-11-27,Sonoma,097,501317,12850,11924,60,11984,162
2020-11-27,Stanislaus,099,539301,22743,21185,1466,22651,446
2020-11-27,Sutter,101,95872,3707,3101,12,3113,15
2020-11-27,Tehama,103,63373,1828,1649,39,1688,9
2020-11-27,Trinity,105,12862,282,151,25,176,0
2020-11-27,Tulare,107,460477,22372,20634,1501,22135,319
2020-11-27,Tuolumne,109,53932,1144,881,7,888,7
2020-11-27,Ventura,111,848112,21392,19379,660,20039,179
2020-11-27,Yolo,113,214977,5198,4737,16,4753,79
2020-11-27,Yuba,115,75493,2171,1864,11,1875,10
2020-11-26,Alameda,001,1643700,31005,28797,345,29142,447
2020-11-26,Alpine,003,1148,51,41,0,41,0
2020-11-26,Amador,005,37829,589,488,1,489,16
2020-11-26,Butte,007,227075,4267,3894,216,4110,65
2020-11-26,Calaveras,009,45235,507,478,0,478,21
2020-11-26,Colusa,011,21464,789,694,4,698,6
2020-11-26,Contra Costa,013,1133247,25007,23468,161,23629,264
2020-11-26,Del Norte,015,27424,367,307,0,307,2
2020-11-26,El Dorado,017,186661,2858,2217,40,2257,4
2020-11-26,Fresno,019,978130,42834,37724,1447,39171,500
2020-11-26,Glenn,021,27897,1022,892,44,936,4
2020-11-26,Humboldt,023,135768,929,795,2,797,9
2020-11-26,Imperial,025,180216,16565,15722,92,15814,355
2020-11-26,Inyo,027,18085,312,289,5,294,15
2020-11-26,Kern,029,883053,41974,39123,1232,40355,471
2020-11-26,Kings,031,150075,11755,10475,160,10635,85
2020-11-26,Lake,033,64148,1021,890,0,890,18
2020-11-26,Lassen,035,31185,2239,1714,8,1722,0
2020-11-26,Los Angeles,037,10098052,404952,378340,6208,384548,7581
2020-11-26,Madera,039,155013,6610,6003,152,6155,57
2020-11-26,Marin,041,260295,7858,7610,29,7639,135
2020-11-26,Mariposa,043,17540,137,116,2,118,2
2020-11-26,Mendocino,045,87422,1555,1387,7,1394,22
2020-11-26,Merced,047,269075,12161,11440,107,11547,172
2020-11-26,Modoc,049,8938,123,100,22,122,0
2020-11-26,Mono,051,14174,541,485,9,494,2
2020-11-26,Monterey,053,433212,15914,14750,271,15021,113
2020-11-26,Napa,055,140530,3375,2988,16,3004,18
2020-11-26,Nevada,057,99092,1478,1184,36,1220,9
2020-11-26,Orange,059,3164182,82149,74264,2455,76719,1563
2020-11-26,Placer,061,380077,7647,6278,142,6420,68
2020-11-26,Plumas,063,18699,226,188,0,188,0
2020-11-26,Riverside,065,2383286,94497,85774,1856,87630,1440
2020-11-26,Sacramento,067,1510023,38659,35854,136,35990,580
2020-11-26,San Benito,069,59416,1918,1769,13,1782,15
2020-11-26,San Bernardino,071,2135413,100258,89727,1662,91389,1223
2020-11-26,San Diego,073,3302833,84070,76359,3081,79440,996
2020-11-26,San Francisco,075,870044,15875,15156,99,15255,153
2020-11-26,San Joaquin,077,732212,27286,25738,525,26263,509
2020-11-26,San Luis Obispo,079,281455,6564,5964,101,6065,36
2020-11-26,San Mateo,081,765935,14918,13715,16,13731,169
2020-11-26,Santa Barbara,083,443738,11787,11277,202,11479,139
2020-11-26,Santa Clara,085,1922200,36933,32411,87,32498,446
2020-11-26,Santa Cruz,087,273765,4811,4269,59,4328,26
2020-11-26,Shasta,089,179085,5553,4712,198,4910,43
2020-11-26,Sierra,091,2930,18,15,0,15,0
2020-11-26,Siskiyou,093,43540,674,526,31,557,1
2020-11-26,Solano,095,438530,10829,9941,68,10009,87
2020-11-26,Sonoma,097,501317,12702,11922,58,11980,162
2020-11-26,Stanislaus,099,539301,22511,21186,1426,22612,445
2020-11-26,Sutter,101,95872,3613,3101,11,3112,15
2020-11-26,Tehama,103,63373,1785,1612,36,1648,9
2020-11-26,Trinity,105,12862,278,139,25,164,0
2020-11-26,Tulare,107,460477,22133,20649,1440,22089,319
2020-11-26,Tuolumne,109,53932,1116,871,7,878,7
2020-11-26,Ventura,111,848112,20896,19058,646,19704,179
2020-11-26,Yolo,113,214977,5112,4566,16,4582,76
2020-11-26,Yuba,115,75493,2111,1865,9,1874,10
2020-11-25,Alameda,001,1643700,30790,28378,337,28715,447
2020-11-25,Alpine,003,1148,51,41,0,41,0
2020-11-25,Amador,005,37829,579,484,1,485,16
2020-11-25,Butte,007,227075,4236,3848,213,4061,64
2020-11-25,Calaveras,009,45235,504,475,0,475,21
2020-11-25,Colusa,011,21464,772,693,4,697,6
2020-11-25,Contra Costa,013,1133247,24852,23307,160,23467,263
2020-11-25,Del Norte,015,27424,366,304,0,304,2
2020-11-25,El Dorado,017,186661,2822,2154,40,2194,4
2020-11-25,Fresno,019,978130,42601,37349,1425,38774,494
2020-11-25,Glenn,021,27897,1005,891,42,933,4
2020-11-25,Humboldt,023,135768,921,777,2,779,9
2020-11-25,Imperial,025,180216,16493,15640,91,15731,355
2020-11-25,Inyo,027,18085,310,289,5,294,15
2020-11-25,Kern,029,883053,41818,38878,1215,40093,467
2020-11-25,Kings,031,150075,11720,10417,156,10573,85
2020-11-25,Lake,033,64148,1004,878,0,878,18
2020-11-25,Lassen,035,31185,2196,1701,8,1709,0
2020-11-25,Los Angeles,037,10098052,401924,373919,6106,380025,7545
2020-11-25,Madera,039,155013,6588,5989,149,6138,57
2020-11-25,Marin,041,260295,7831,7601,28,7629,135
2020-11-25,Mariposa,043,17540,136,114,2,116,2
2020-11-25,Mendocino,045,87422,1536,1373,7,1380,22
2020-11-25,Merced,047,269075,12103,11346,107,11453,172
2020-11-25,Modoc,049,8938,123,96,22,118,0
2020-11-25,Mono,051,14174,536,487,9,496,2
2020-11-25,Monterey,053,433212,15799,14695,269,14964,113
2020-11-25,Napa,055,140530,3342,2945,16,2961,17
2020-11-25,Nevada,057,99092,1460,1170,34,1204,9
2020-11-25,Orange,059,3164182,81393,73014,2435,75449,1551
2020-11-25,Placer,061,380077,7570,6221,141,6362,68
2020-11-25,Plumas,063,18699,221,183,0,183,0
2020-11-25,Riverside,065,2383286,93954,85077,1838,86915,1438
2020-11-25,Sacramento,067,1510023,38323,35687,133,35820,574
2020-11-25,San Benito,069,59416,1895,1764,13,1777,15
2020-11-25,San Bernardino,071,2135413,99417,88469,1633,90102,1225
2020-11-25,San Diego,073,3302833,83413,75307,3045,78352,988
2020-11-25,San Francisco,075,870044,15770,15053,97,15150,153
2020-11-25,San Joaquin,077,732212,27159,25556,513,26069,515
2020-11-25,San Luis Obispo,079,281455,6521,5913,101,6014,34
2020-11-25,San Mateo,081,765935,14803,13614,16,13630,170
2020-11-25,Santa Barbara,083,443738,11737,11183,202,11385,138
2020-11-25,Santa Clara,085,1922200,36485,32032,86,32118,442
2020-11-25,Santa Cruz,087,273765,4758,4202,58,4260,25
2020-11-25,Shasta,089,179085,5507,4588,191,4779,43
2020-11-25,Sierra,091,2930,18,15,0,15,0
2020-11-25,Siskiyou,093,43540,667,499,31,530,1
2020-11-25,Solano,095,438530,10724,9832,67,9899,87
2020-11-25,Sonoma,097,501317,12639,11775,57,11832,162
2020-11-25,Stanislaus,099,539301,22379,21022,1399,22421,445
2020-11-25,Sutter,101,95872,3569,3064,11,3075,14
2020-11-25,Tehama,103,63373,1773,1587,30,1617,9
2020-11-25,Trinity,105,12862,276,135,25,160,0
2020-11-25,Tulare,107,460477,22043,20528,1410,21938,318
2020-11-25,Tuolumne,109,53932,1099,842,7,849,7
2020-11-25,Ventura,111,848112,20801,18914,640,19554,179
2020-11-25,Yolo,113,214977,5075,4527,16,4543,76
2020-11-25,Yuba,115,75493,2085,1840,9,1849,10
2020-11-24,Alameda,001,1643700,30312,28030,326,28356,444
2020-11-24,Alpine,003,1148,51,41,0,41,0
2020-11-24,Amador,005,37829,554,470,1,471,16
2020-11-24,Butte,007,227075,4150,3798,205,4003,63
2020-11-24,Calaveras,009,45235,498,466,0,466,21
2020-11-24,Colusa,011,21464,754,682,4,686,6
2020-11-24,Contra Costa,013,1133247,24500,23072,154,23226,259
2020-11-24,Del Norte,015,27424,357,298,0,298,2
2020-11-24,El Dorado,017,186661,2717,2005,39,2044,4
2020-11-24,Fresno,019,978130,42199,37021,1350,38371,493
2020-11-24,Glenn,021,27897,987,883,38,921,4
2020-11-24,Humboldt,023,135768,902,774,2,776,9
2020-11-24,Imperial,025,180216,16390,15600,86,15686,355
2020-11-24,Inyo,027,18085,309,282,5,287,15
2020-11-24,Kern,029,883053,41344,38551,1139,39690,465
2020-11-24,Kings,031,150075,11453,10338,143,10481,85
2020-11-24,Lake,033,64148,988,872,0,872,18
2020-11-24,Lassen,035,31185,2173,1657,8,1665,0
2020-11-24,Los Angeles,037,10098052,395615,370008,5874,375882,7501
2020-11-24,Madera,039,155013,6504,5881,142,6023,57
2020-11-24,Marin,041,260295,7784,7591,28,7619,135
2020-11-24,Mariposa,043,17540,126,114,1,115,2
2020-11-24,Mendocino,045,87422,1514,1346,6,1352,22
2020-11-24,Merced,047,269075,11915,11268,101,11369,171
2020-11-24,Modoc,049,8938,119,91,22,113,0
2020-11-24,Mono,051,14174,532,483,9,492,2
2020-11-24,Monterey,053,433212,15537,14354,260,14614,113
2020-11-24,Napa,055,140530,3276,2904,16,2920,17
2020-11-24,Nevada,057,99092,1396,1156,32,1188,9
2020-11-24,Orange,059,3164182,79953,71975,2358,74333,1547
2020-11-24,Placer,061,380077,7389,6147,134,6281,67
2020-11-24,Plumas,063,18699,218,180,0,180,0
2020-11-24,Riverside,065,2383286,92195,83685,1712,85397,1420
2020-11-24,Sacramento,067,1510023,37642,35097,126,35223,568
2020-11-24,San Benito,069,59416,1864,1740,12,1752,15
2020-11-24,San Bernardino,071,2135413,97077,86645,1532,88177,1226
2020-11-24,San Diego,073,3302833,82003,74363,2974,77337,984
2020-11-24,San Francisco,075,870044,15575,14874,93,14967,153
2020-11-24,San Joaquin,077,732212,26844,25318,486,25804,517
2020-11-24,San Luis Obispo,079,281455,6458,5805,100,5905,34
2020-11-24,San Mateo,081,765935,14594,13558,15,13573,170
2020-11-24,Santa Barbara,083,443738,11631,11154,201,11355,138
2020-11-24,Santa Clara,085,1922200,35697,31564,82,31646,438
2020-11-24,Santa Cruz,087,273765,4644,4132,57,4189,25
2020-11-24,Shasta,089,179085,5407,4410,172,4582,43
2020-11-24,Sierra,091,2930,18,15,0,15,0
2020-11-24,Siskiyou,093,43540,649,473,28,501,1
2020-11-24,Solano,095,438530,10553,9716,66,9782,86
2020-11-24,Sonoma,097,501317,12459,11644,54,11698,162
2020-11-24,Stanislaus,099,539301,22137,20830,1356,22186,438
2020-11-24,Sutter,101,95872,3463,2974,11,2985,14
2020-11-24,Tehama,103,63373,1724,1565,25,1590,9
2020-11-24,Trinity,105,12862,269,129,24,153,0
2020-11-24,Tulare,107,460477,21793,20319,1349,21668,315
2020-11-24,Tuolumne,109,53932,1070,832,7,839,7
2020-11-24,Ventura,111,848112,20420,18637,630,19267,179
2020-11-24,Yolo,113,214977,4990,4420,16,4436,76
2020-11-24,Yuba,115,75493,2034,1804,7,1811,10
2020-11-23,Alameda,001,1643700,29897,27718,314,28032,444
2020-11-23,Alpine,003,1148,49,41,0,41,0
2020-11-23,Amador,005,37829,513,457,1,458,16
2020-11-23,Butte,007,227075,4086,3765,199,3964,61
2020-11-23,Calaveras,009,45235,481,434,0,434,21
2020-11-23,Colusa,011,21464,740,662,4,666,6
2020-11-23,Contra Costa,013,1133247,24230,22674,149,22823,260
2020-11-23,Del Norte,015,27424,335,296,0,296,2
2020-11-23,El Dorado,017,186661,2597,2005,38,2043,4
2020-11-23,Fresno,019,978130,41751,36688,1289,37977,488
2020-11-23,Glenn,021,27897,961,853,38,891,4
2020-11-23,Humboldt,023,135768,889,746,2,748,9
2020-11-23,Imperial,025,180216,16221,15104,81,15185,355
2020-11-23,Inyo,027,18085,301,279,5,284,15
2020-11-23,Kern,029,883053,40830,38245,1076,39321,463
2020-11-23,Kings,031,150075,11033,10204,137,10341,85
2020-11-23,Lake,033,64148,965,840,0,840,18
2020-11-23,Lassen,035,31185,2093,1271,7,1278,0
2020-11-23,Los Angeles,037,10098052,389513,366374,5628,372002,7447
2020-11-23,Madera,039,155013,6378,5787,138,5925,56
2020-11-23,Marin,041,260295,7741,7543,28,7571,135
2020-11-23,Mariposa,043,17540,125,97,1,98,2
2020-11-23,Mendocino,045,87422,1484,1330,6,1336,22
2020-11-23,Merced,047,269075,11727,11148,98,11246,169
2020-11-23,Modoc,049,8938,105,91,21,112,0
2020-11-23,Mono,051,14174,519,480,9,489,2
2020-11-23,Monterey,053,433212,15258,14265,254,14519,112
2020-11-23,Napa,055,140530,3210,2811,16,2827,17
2020-11-23,Nevada,057,99092,1307,1087,32,1119,9
2020-11-23,Orange,059,3164182,78549,71074,2314,73388,1546
2020-11-23,Placer,061,380077,7187,5999,133,6132,66
2020-11-23,Plumas,063,18699,214,172,0,172,0
2020-11-23,Riverside,065,2383286,90416,82175,1648,83823,1415
2020-11-23,Sacramento,067,1510023,37072,34141,120,34261,556
2020-11-23,San Benito,069,59416,1837,1729,11,1740,15
2020-11-23,San Bernardino,071,2135413,94969,84387,1468,85855,1224
2020-11-23,San Diego,073,3302833,80540,72817,2886,75703,968
2020-11-23,San Francisco,075,870044,15417,14646,91,14737,153
2020-11-23,San Joaquin,077,732212,26495,24622,482,25104,517
2020-11-23,San Luis Obispo,079,281455,6376,5772,98,5870,34
2020-11-23,San Mateo,081,765935,14404,13364,15,13379,170
2020-11-23,Santa Barbara,083,443738,11524,10944,197,11141,137
2020-11-23,Santa Clara,085,1922200,35046,31064,79,31143,435
2020-11-23,Santa Cruz,087,273765,4534,4003,53,4056,25
2020-11-23,Shasta,089,179085,5289,4100,160,4260,43
2020-11-23,Sierra,091,2930,17,15,0,15,0
2020-11-23,Siskiyou,093,43540,622,460,28,488,0
2020-11-23,Solano,095,438530,10396,9394,63,9457,86
2020-11-23,Sonoma,097,501317,12286,11507,50,11557,160
2020-11-23,Stanislaus,099,539301,21844,20487,1323,21810,436
2020-11-23,Sutter,101,95872,3326,2840,10,2850,14
2020-11-23,Tehama,103,63373,1674,1526,21,1547,9
2020-11-23,Trinity,105,12862,260,120,22,142,0
2020-11-23,Tulare,107,460477,21499,19818,1284,21102,315
2020-11-23,Tuolumne,109,53932,1030,774,7,781,7
2020-11-23,Ventura,111,848112,20045,18480,617,19097,179
2020-11-23,Yolo,113,214977,4909,4265,15,4280,75
2020-11-23,Yuba,115,75493,1967,1702,7,1709,10
2020-11-22,Alameda,001,1643700,29461,27472,303,27775,444
2020-11-22,Alpine,003,1148,46,41,0,41,0
2020-11-22,Amador,005,37829,501,450,1,451,16
2020-11-22,Butte,007,227075,4035,3712,192,3904,61
2020-11-22,Calaveras,009,45235,473,434,0,434,21
2020-11-22,Colusa,011,21464,722,642,3,645,6
2020-11-22,Contra Costa,013,1133247,23926,22407,144,22551,260
2020-11-22,Del Norte,015,27424,311,271,0,271,2
2020-11-22,El Dorado,017,186661,2487,1917,34,1951,4
2020-11-22,Fresno,019,978130,41269,36315,1234,37549,488
2020-11-22,Glenn,021,27897,939,832,34,866,4
2020-11-22,Humboldt,023,135768,873,729,2,731,9
2020-11-22,Imperial,025,180216,16015,15109,36,15145,355
2020-11-22,Inyo,027,18085,295,279,5,284,15
2020-11-22,Kern,029,883053,40251,37904,1043,38947,463
2020-11-22,Kings,031,150075,10934,10035,128,10163,85
2020-11-22,Lake,033,64148,943,834,0,834,18
2020-11-22,Lassen,035,31185,1928,1211,6,1217,0
2020-11-22,Los Angeles,037,10098052,383231,360341,5385,365726,7438
2020-11-22,Madera,039,155013,6298,5745,127,5872,56
2020-11-22,Marin,041,260295,7706,7506,27,7533,135
2020-11-22,Mariposa,043,17540,124,95,1,96,2
2020-11-22,Mendocino,045,87422,1460,1285,5,1290,22
2020-11-22,Merced,047,269075,11578,10939,98,11037,169
2020-11-22,Modoc,049,8938,104,87,19,106,0
2020-11-22,Mono,051,14174,504,481,9,490,2
2020-11-22,Monterey,053,433212,15017,13887,249,14136,111
2020-11-22,Napa,055,140530,3129,2778,16,2794,17
2020-11-22,Nevada,057,99092,1249,1052,32,1084,9
2020-11-22,Orange,059,3164182,77137,69913,2276,72189,1546
2020-11-22,Placer,061,380077,6960,5880,123,6003,66
2020-11-22,Plumas,063,18699,201,172,0,172,0
2020-11-22,Riverside,065,2383286,88820,81565,1589,83154,1409
2020-11-22,Sacramento,067,1510023,36339,33421,107,33528,555
2020-11-22,San Benito,069,59416,1808,1704,11,1715,15
2020-11-22,San Bernardino,071,2135413,92628,83505,1398,84903,1224
2020-11-22,San Diego,073,3302833,78803,71649,2811,74460,968
2020-11-22,San Francisco,075,870044,15246,14515,90,14605,153
2020-11-22,San Joaquin,077,732212,26196,24619,470,25089,517
2020-11-22,San Luis Obispo,079,281455,6269,5664,97,5761,34
2020-11-22,San Mateo,081,765935,14199,13228,15,13243,170
2020-11-22,Santa Barbara,083,443738,11389,10946,192,11138,137
2020-11-22,Santa Clara,085,1922200,34368,30633,77,30710,434
2020-11-22,Santa Cruz,087,273765,4452,3896,46,3942,25
2020-11-22,Shasta,089,179085,5133,4100,142,4242,43
2020-11-22,Sierra,091,2930,17,13,0,13,0
2020-11-22,Siskiyou,093,43540,591,411,28,439,0
2020-11-22,Solano,095,438530,10224,9363,59,9422,86
2020-11-22,Sonoma,097,501317,12128,11415,48,11463,159
2020-11-22,Stanislaus,099,539301,21517,20223,1293,21516,436
2020-11-22,Sutter,101,95872,3209,2677,10,2687,13
2020-11-22,Tehama,103,63373,1640,1457,17,1474,9
2020-11-22,Trinity,105,12862,254,114,22,136,0
2020-11-22,Tulare,107,460477,21246,19818,1218,21036,314
2020-11-22,Tuolumne,109,53932,1004,689,7,696,7
2020-11-22,Ventura,111,848112,19684,18105,604,18709,179
2020-11-22,Yolo,113,214977,4809,4206,15,4221,75
2020-11-22,Yuba,115,75493,1914,1672,7,1679,10
2020-11-21,Alameda,001,1643700,29274,27424,301,27725,444
2020-11-21,Alpine,003,1148,46,41,0,41,0
2020-11-21,Amador,005,37829,487,450,1,451,16
2020-11-21,Butte,007,227075,3987,3664,189,3853,61
2020-11-21,Calaveras,009,45235,465,434,0,434,21
2020-11-21,Colusa,011,21464,713,642,3,645,6
2020-11-21,Contra Costa,013,1133247,23773,22338,142,22480,260
2020-11-21,Del Norte,015,27424,306,271,0,271,2
2020-11-21,El Dorado,017,186661,2438,1900,33,1933,4
2020-11-21,Fresno,019,978130,41013,35973,1199,37172,482
2020-11-21,Glenn,021,27897,934,829,32,861,4
2020-11-21,Humboldt,023,135768,863,728,2,730,9
2020-11-21,Imperial,025,180216,15938,15053,36,15089,355
2020-11-21,Inyo,027,18085,293,283,5,288,15
2020-11-21,Kern,029,883053,39995,37403,1008,38411,463
2020-11-21,Kings,031,150075,10886,10019,124,10143,85
2020-11-21,Lake,033,64148,930,832,0,832,18
2020-11-21,Lassen,035,31185,1861,1211,6,1217,0
2020-11-21,Los Angeles,037,10098052,380046,357754,5245,362999,7428
2020-11-21,Madera,039,155013,6261,5706,127,5833,56
2020-11-21,Marin,041,260295,7683,7488,26,7514,134
2020-11-21,Mariposa,043,17540,124,92,1,93,2
2020-11-21,Mendocino,045,87422,1429,1282,5,1287,22
2020-11-21,Merced,047,269075,11517,10849,97,10946,169
2020-11-21,Modoc,049,8938,100,87,18,105,0
2020-11-21,Mono,051,14174,499,469,9,478,2
2020-11-21,Monterey,053,433212,14919,13886,244,14130,110
2020-11-21,Napa,055,140530,3095,2757,16,2773,17
2020-11-21,Nevada,057,99092,1237,1018,31,1049,9
2020-11-21,Orange,059,3164182,76335,69021,2246,71267,1543
2020-11-21,Placer,061,380077,6846,5778,120,5898,65
2020-11-21,Plumas,063,18699,196,172,0,172,0
2020-11-21,Riverside,065,2383286,88044,80676,1543,82219,1407
2020-11-21,Sacramento,067,1510023,35943,33133,99,33232,548
2020-11-21,San Benito,069,59416,1789,1691,11,1702,15
2020-11-21,San Bernardino,071,2135413,91751,83206,1322,84528,1222
2020-11-21,San Diego,073,3302833,78024,70711,2756,73467,966
2020-11-21,San Francisco,075,870044,15143,14445,89,14534,153
2020-11-21,San Joaquin,077,732212,26063,24620,455,25075,517
2020-11-21,San Luis Obispo,079,281455,6216,5618,94,5712,34
2020-11-21,San Mateo,081,765935,14098,13138,15,13153,170
2020-11-21,Santa Barbara,083,443738,11337,10922,189,11111,137
2020-11-21,Santa Clara,085,1922200,33984,30377,74,30451,433
2020-11-21,Santa Cruz,087,273765,4395,3898,46,3944,25
2020-11-21,Shasta,089,179085,5060,4095,139,4234,42
2020-11-21,Sierra,091,2930,17,13,0,13,0
2020-11-21,Siskiyou,093,43540,575,403,28,431,0
2020-11-21,Solano,095,438530,10134,9290,56,9346,86
2020-11-21,Sonoma,097,501317,12053,11394,47,11441,158
2020-11-21,Stanislaus,099,539301,21373,20111,1269,21380,435
2020-11-21,Sutter,101,95872,3149,2615,9,2624,13
2020-11-21,Tehama,103,63373,1620,1435,16,1451,9
2020-11-21,Trinity,105,12862,251,110,22,132,0
2020-11-21,Tulare,107,460477,21120,19752,1184,20936,313
2020-11-21,Tuolumne,109,53932,985,690,7,697,7
2020-11-21,Ventura,111,848112,19521,18040,594,18634,177
2020-11-21,Yolo,113,214977,4735,4147,14,4161,75
2020-11-21,Yuba,115,75493,1882,1643,7,1650,10
2020-11-20,Alameda,001,1643700,29060,27221,294,27515,444
2020-11-20,Alpine,003,1148,46,20,0,20,0
2020-11-20,Amador,005,37829,483,446,1,447,16
2020-11-20,Butte,007,227075,3955,3618,185,3803,60
2020-11-20,Calaveras,009,45235,455,424,0,424,21
2020-11-20,Colusa,011,21464,705,631,2,633,6
2020-11-20,Contra Costa,013,1133247,23586,22116,138,22254,260
2020-11-20,Del Norte,015,27424,302,264,0,264,2
2020-11-20,El Dorado,017,186661,2342,1868,31,1899,4
2020-11-20,Fresno,019,978130,40719,35635,1170,36805,480
2020-11-20,Glenn,021,27897,922,826,30,856,4
2020-11-20,Humboldt,023,135768,854,714,1,715,9
2020-11-20,Imperial,025,180216,15876,14864,32,14896,353
2020-11-20,Inyo,027,18085,291,262,5,267,15
2020-11-20,Kern,029,883053,39701,37143,983,38126,462
2020-11-20,Kings,031,150075,10838,9903,123,10026,85
2020-11-20,Lake,033,64148,921,820,0,820,18
2020-11-20,Lassen,035,31185,1776,1212,5,1217,0
2020-11-20,Los Angeles,037,10098052,376149,353554,5083,358637,7398
2020-11-20,Madera,039,155013,6167,5635,126,5761,54
2020-11-20,Marin,041,260295,7659,7467,25,7492,134
2020-11-20,Mariposa,043,17540,116,89,1,90,2
2020-11-20,Mendocino,045,87422,1409,1269,5,1274,22
2020-11-20,Merced,047,269075,11431,10729,97,10826,167
2020-11-20,Modoc,049,8938,100,83,18,101,0
2020-11-20,Mono,051,14174,497,469,9,478,2
2020-11-20,Monterey,053,433212,14794,13738,235,13973,110
2020-11-20,Napa,055,140530,3065,2718,16,2734,17
2020-11-20,Nevada,057,99092,1219,990,30,1020,9
2020-11-20,Orange,059,3164182,75500,68212,2209,70421,1532
2020-11-20,Placer,061,380077,6711,5687,105,5792,66
2020-11-20,Plumas,063,18699,194,163,0,163,0
2020-11-20,Riverside,065,2383286,87033,79613,1483,81096,1405
2020-11-20,Sacramento,067,1510023,35567,32832,92,32924,549
2020-11-20,San Benito,069,59416,1777,1668,11,1679,15
2020-11-20,San Bernardino,071,2135413,90382,81203,1240,82443,1220
2020-11-20,San Diego,073,3302833,77026,69233,2674,71907,960
2020-11-20,San Francisco,075,870044,15040,14327,88,14415,153
2020-11-20,San Joaquin,077,732212,25909,24460,442,24902,515
2020-11-20,San Luis Obispo,079,281455,6161,5524,91,5615,34
2020-11-20,San Mateo,081,765935,13965,12980,14,12994,169
2020-11-20,Santa Barbara,083,443738,11281,10825,183,11008,136
2020-11-20,Santa Clara,085,1922200,33563,30002,69,30071,431
2020-11-20,Santa Cruz,087,273765,4329,3815,46,3861,25
2020-11-20,Shasta,089,179085,4987,3861,134,3995,42
2020-11-20,Sierra,091,2930,17,12,0,12,0
2020-11-20,Siskiyou,093,43540,561,387,27,414,0
2020-11-20,Solano,095,438530,10042,9216,54,9270,85
2020-11-20,Sonoma,097,501317,11969,11316,46,11362,158
2020-11-20,Stanislaus,099,539301,21218,19889,1243,21132,433
2020-11-20,Sutter,101,95872,3099,2580,9,2589,13
2020-11-20,Tehama,103,63373,1604,1410,13,1423,9
2020-11-20,Trinity,105,12862,250,102,22,124,0
2020-11-20,Tulare,107,460477,20987,19568,1146,20714,311
2020-11-20,Tuolumne,109,53932,946,662,7,669,7
2020-11-20,Ventura,111,848112,19353,17741,567,18308,175
2020-11-20,Yolo,113,214977,4657,4081,13,4094,74
2020-11-20,Yuba,115,75493,1854,1611,7,1618,10
2020-11-19,Alameda,001,1643700,28714,26971,286,27257,441
2020-11-19,Alpine,003,1148,43,20,0,20,0
2020-11-19,Amador,005,37829,479,436,1,437,16
2020-11-19,Butte,007,227075,3906,3576,178,3754,60
2020-11-19,Calaveras,009,45235,444,417,0,417,21
2020-11-19,Colusa,011,21464,687,621,2,623,6
2020-11-19,Contra Costa,013,1133247,23315,21886,135,22021,259
2020-11-19,Del Norte,015,27424,294,251,0,251,2
2020-11-19,El Dorado,017,186661,2268,1825,27,1852,4
2020-11-19,Fresno,019,978130,40269,35278,1114,36392,478
2020-11-19,Glenn,021,27897,900,806,29,835,4
2020-11-19,Humboldt,023,135768,834,693,1,694,9
2020-11-19,Imperial,025,180216,15667,14507,32,14539,349
2020-11-19,Inyo,027,18085,289,262,5,267,15
2020-11-19,Kern,029,883053,39281,36779,941,37720,459
2020-11-19,Kings,031,150075,10690,9763,116,9879,85
2020-11-19,Lake,033,64148,907,809,0,809,18
2020-11-19,Lassen,035,31185,1659,1201,3,1204,0
2020-11-19,Los Angeles,037,10098052,371121,349493,4920,354413,7365
2020-11-19,Madera,039,155013,6095,5540,118,5658,54
2020-11-19,Marin,041,260295,7628,7451,25,7476,134
2020-11-19,Mariposa,043,17540,109,88,0,88,2
2020-11-19,Mendocino,045,87422,1388,1237,5,1242,23
2020-11-19,Merced,047,269075,11291,10634,91,10725,167
2020-11-19,Modoc,049,8938,97,82,18,100,0
2020-11-19,Mono,051,14174,489,468,9,477,2
2020-11-19,Monterey,053,433212,14580,13369,224,13593,108
2020-11-19,Napa,055,140530,3011,2641,16,2657,17
2020-11-19,Nevada,057,99092,1178,945,29,974,9
2020-11-19,Orange,059,3164182,74235,66998,2167,69165,1530
2020-11-19,Placer,061,380077,6520,5612,104,5716,65
2020-11-19,Plumas,063,18699,189,158,0,158,0
2020-11-19,Riverside,065,2383286,85550,78535,1412,79947,1402
2020-11-19,Sacramento,067,1510023,35053,32367,90,32457,546
2020-11-19,San Benito,069,59416,1754,1643,11,1654,15
2020-11-19,San Bernardino,071,2135413,88484,79244,1162,80406,1215
2020-11-19,San Diego,073,3302833,75776,68142,2570,70712,952
2020-11-19,San Francisco,075,870044,14884,14178,82,14260,153
2020-11-19,San Joaquin,077,732212,25590,24270,432,24702,516
2020-11-19,San Luis Obispo,079,281455,6084,5410,87,5497,34
2020-11-19,San Mateo,081,765935,13827,12714,14,12728,169
2020-11-19,Santa Barbara,083,443738,11201,10741,180,10921,136
2020-11-19,Santa Clara,085,1922200,33006,29630,68,29698,424
2020-11-19,Santa Cruz,087,273765,4239,3679,44,3723,25
2020-11-19,Shasta,089,179085,4849,3685,124,3809,42
2020-11-19,Sierra,091,2930,17,11,0,11,0
2020-11-19,Siskiyou,093,43540,536,360,26,386,0
2020-11-19,Solano,095,438530,9905,9093,50,9143,84
2020-11-19,Sonoma,097,501317,11799,11205,44,11249,156
2020-11-19,Stanislaus,099,539301,20977,19736,1201,20937,433
2020-11-19,Sutter,101,95872,3000,2509,9,2518,13
2020-11-19,Tehama,103,63373,1570,1373,10,1383,9
2020-11-19,Trinity,105,12862,244,97,22,119,0
2020-11-19,Tulare,107,460477,20765,19384,1083,20467,304
2020-11-19,Tuolumne,109,53932,914,602,7,609,7
2020-11-19,Ventura,111,848112,19000,17300,554,17854,174
2020-11-19,Yolo,113,214977,4563,3973,13,3986,72
2020-11-19,Yuba,115,75493,1814,1568,7,1575,10
2020-11-18,Alameda,001,1643700,28450,26610,281,26891,440
2020-11-18,Alpine,003,1148,42,16,0,16,0
2020-11-18,Amador,005,37829,474,430,1,431,16
2020-11-18,Butte,007,227075,3853,3537,165,3702,59
2020-11-18,Calaveras,009,45235,438,409,0,409,21
2020-11-18,Colusa,011,21464,674,611,2,613,6
2020-11-18,Contra Costa,013,1133247,23050,21685,132,21817,258
2020-11-18,Del Norte,015,27424,281,240,0,240,2
2020-11-18,El Dorado,017,186661,2180,1799,26,1825,4
2020-11-18,Fresno,019,978130,39830,34997,1065,36062,474
2020-11-18,Glenn,021,27897,883,803,27,830,4
2020-11-18,Humboldt,023,135768,820,690,1,691,9
2020-11-18,Imperial,025,180216,15444,14428,32,14460,348
2020-11-18,Inyo,027,18085,287,262,5,267,15
2020-11-18,Kern,029,883053,38892,36537,892,37429,456
2020-11-18,Kings,031,150075,10542,9696,113,9809,85
2020-11-18,Lake,033,64148,894,802,0,802,18
2020-11-18,Lassen,035,31185,1559,1124,3,1127,0
2020-11-18,Los Angeles,037,10098052,366245,344675,4741,349416,7338
2020-11-18,Madera,039,155013,6008,5519,106,5625,54
2020-11-18,Marin,041,260295,7604,7435,25,7460,134
2020-11-18,Mariposa,043,17540,106,88,0,88,2
2020-11-18,Mendocino,045,87422,1368,1237,5,1242,23
2020-11-18,Merced,047,269075,11175,10536,90,10626,166
2020-11-18,Modoc,049,8938,94,77,18,95,0
2020-11-18,Mono,051,14174,484,468,9,477,2
2020-11-18,Monterey,053,433212,14385,13340,210,13550,108
2020-11-18,Napa,055,140530,2965,2607,16,2623,17
2020-11-18,Nevada,057,99092,1138,933,27,960,9
2020-11-18,Orange,059,3164182,73141,66381,2142,68523,1521
2020-11-18,Placer,061,380077,6342,5543,99,5642,64
2020-11-18,Plumas,063,18699,184,143,0,143,0
2020-11-18,Riverside,065,2383286,84086,77739,1311,79050,1387
2020-11-18,Sacramento,067,1510023,34428,31816,82,31898,541
2020-11-18,San Benito,069,59416,1729,1632,10,1642,15
2020-11-18,San Bernardino,071,2135413,86725,77400,1083,78483,1206
2020-11-18,San Diego,073,3302833,74482,67243,2510,69753,945
2020-11-18,San Francisco,075,870044,14740,14057,80,14137,153
2020-11-18,San Joaquin,077,732212,25327,24146,418,24564,517
2020-11-18,San Luis Obispo,079,281455,6008,5322,86,5408,34
2020-11-18,San Mateo,081,765935,13674,12631,13,12644,169
2020-11-18,Santa Barbara,083,443738,11122,10684,173,10857,136
2020-11-18,Santa Clara,085,1922200,32540,29285,64,29349,421
2020-11-18,Santa Cruz,087,273765,4149,3618,42,3660,25
2020-11-18,Shasta,089,179085,4715,3547,120,3667,42
2020-11-18,Sierra,091,2930,17,11,0,11,0
2020-11-18,Siskiyou,093,43540,504,351,25,376,0
2020-11-18,Solano,095,438530,9773,8994,48,9042,84
2020-11-18,Sonoma,097,501317,11692,11129,41,11170,155
2020-11-18,Stanislaus,099,539301,20735,19609,1177,20786,431
2020-11-18,Sutter,101,95872,2882,2442,9,2451,13
2020-11-18,Tehama,103,63373,1531,1338,10,1348,8
2020-11-18,Trinity,105,12862,230,95,21,116,0
2020-11-18,Tulare,107,460477,20554,19286,1032,20318,306
2020-11-18,Tuolumne,109,53932,879,590,7,597,7
2020-11-18,Ventura,111,848112,18675,17169,539,17708,173
2020-11-18,Yolo,113,214977,4489,3929,13,3942,71
2020-11-18,Yuba,115,75493,1760,1540,7,1547,10
2020-11-17,Alameda,001,1643700,28124,26425,271,26696,439
2020-11-17,Alpine,003,1148,40,12,0,12,0
2020-11-17,Amador,005,37829,463,423,1,424,16
2020-11-17,Butte,007,227075,3811,3500,155,3655,59
2020-11-17,Calaveras,009,45235,421,405,0,405,21
2020-11-17,Colusa,011,21464,663,606,1,607,6
2020-11-17,Contra Costa,013,1133247,22778,21557,127,21684,256
2020-11-17,Del Norte,015,27424,275,233,0,233,2
2020-11-17,El Dorado,017,186661,2121,1758,26,1784,4
2020-11-17,Fresno,019,978130,39232,34765,1006,35771,472
2020-11-17,Glenn,021,27897,872,795,26,821,4
2020-11-17,Humboldt,023,135768,798,685,1,686,9
2020-11-17,Imperial,025,180216,15207,14204,30,14234,346
2020-11-17,Inyo,027,18085,286,263,5,268,15
2020-11-17,Kern,029,883053,38443,36164,839,37003,455
2020-11-17,Kings,031,150075,10469,9653,106,9759,85
2020-11-17,Lake,033,64148,874,792,0,792,18
2020-11-17,Lassen,035,31185,1480,1124,3,1127,0
2020-11-17,Los Angeles,037,10098052,361293,340933,4583,345516,7302
2020-11-17,Madera,039,155013,5919,5485,99,5584,54
2020-11-17,Marin,041,260295,7572,7404,24,7428,134
2020-11-17,Mariposa,043,17540,103,87,0,87,2
2020-11-17,Mendocino,045,87422,1347,1216,5,1221,23
2020-11-17,Merced,047,269075,11031,10457,84,10541,162
2020-11-17,Modoc,049,8938,88,71,17,88,0
2020-11-17,Mono,051,14174,479,459,9,468,2
2020-11-17,Monterey,053,433212,14156,13220,200,13420,108
2020-11-17,Napa,055,140530,2911,2568,16,2584,17
2020-11-17,Nevada,057,99092,1097,918,26,944,9
2020-11-17,Orange,059,3164182,71989,65757,2116,67873,1519
2020-11-17,Placer,061,380077,6180,5435,93,5528,63
2020-11-17,Plumas,063,18699,176,142,0,142,0
2020-11-17,Riverside,065,2383286,82700,77079,1220,78299,1379
2020-11-17,Sacramento,067,1510023,33829,31341,78,31419,538
2020-11-17,San Benito,069,59416,1713,1611,4,1615,15
2020-11-17,San Bernardino,071,2135413,84916,76134,994,77128,1188
2020-11-17,San Diego,073,3302833,73229,66321,2454,68775,933
2020-11-17,San Francisco,075,870044,14574,13952,79,14031,153
2020-11-17,San Joaquin,077,732212,25054,23997,398,24395,516
2020-11-17,San Luis Obispo,079,281455,5912,5235,86,5321,34
2020-11-17,San Mateo,081,765935,13513,12491,12,12503,169
2020-11-17,Santa Barbara,083,443738,11037,10597,168,10765,136
2020-11-17,Santa Clara,085,1922200,31993,29013,63,29076,419
2020-11-17,Santa Cruz,087,273765,4063,3548,39,3587,25
2020-11-17,Shasta,089,179085,4557,3457,108,3565,40
2020-11-17,Sierra,091,2930,15,11,0,11,0
2020-11-17,Siskiyou,093,43540,456,333,24,357,0
2020-11-17,Solano,095,438530,9628,8905,47,8952,84
2020-11-17,Sonoma,097,501317,11558,11084,40,11124,155
2020-11-17,Stanislaus,099,539301,20511,19466,1150,20616,425
2020-11-17,Sutter,101,95872,2799,2370,8,2378,12
2020-11-17,Tehama,103,63373,1481,1290,10,1300,7
2020-11-17,Trinity,105,12862,213,83,21,104,0
2020-11-17,Tulare,107,460477,20324,19176,971,20147,305
2020-11-17,Tuolumne,109,53932,841,568,7,575,7
2020-11-17,Ventura,111,848112,18403,16797,521,17318,173
2020-11-17,Yolo,113,214977,4313,3887,12,3899,70
2020-11-17,Yuba,115,75493,1712,1519,7,1526,10
2020-11-16,Alameda,001,1643700,27777,26063,266,26329,436
2020-11-16,Alpine,003,1148,37,12,0,12,0
2020-11-16,Amador,005,37829,455,414,1,415,16
2020-11-16,Butte,007,227075,3772,3490,147,3637,58
2020-11-16,Calaveras,009,45235,413,402,0,402,21
2020-11-16,Colusa,011,21464,654,601,1,602,6
2020-11-16,Contra Costa,013,1133247,22510,21386,122,21508,256
2020-11-16,Del Norte,015,27424,268,225,0,225,2
2020-11-16,El Dorado,017,186661,2061,1694,24,1718,4
2020-11-16,Fresno,019,978130,38743,34593,954,35547,471
2020-11-16,Glenn,021,27897,860,786,25,811,4
2020-11-16,Humboldt,023,135768,782,660,1,661,9
2020-11-16,Imperial,025,180216,14959,14111,30,14141,346
2020-11-16,Inyo,027,18085,283,263,5,268,15
2020-11-16,Kern,029,883053,38049,36049,797,36846,455
2020-11-16,Kings,031,150075,10202,9569,102,9671,85
2020-11-16,Lake,033,64148,862,784,0,784,18
2020-11-16,Lassen,035,31185,1299,1124,3,1127,0
2020-11-16,Los Angeles,037,10098052,356538,338778,4414,343192,7277
2020-11-16,Madera,039,155013,5832,5433,93,5526,54
2020-11-16,Marin,041,260295,7542,7359,24,7383,134
2020-11-16,Mariposa,043,17540,100,86,0,86,2
2020-11-16,Mendocino,045,87422,1322,1209,5,1214,23
2020-11-16,Merced,047,269075,10893,10399,81,10480,162
2020-11-16,Modoc,049,8938,86,71,17,88,0
2020-11-16,Mono,051,14174,477,453,9,462,2
2020-11-16,Monterey,053,433212,13910,13089,190,13279,107
2020-11-16,Napa,055,140530,2835,2536,16,2552,17
2020-11-16,Nevada,057,99092,1054,889,24,913,9
2020-11-16,Orange,059,3164182,70893,65396,2102,67498,1519
2020-11-16,Placer,061,380077,6061,5387,85,5472,63
2020-11-16,Plumas,063,18699,169,127,0,127,0
2020-11-16,Riverside,065,2383286,81327,76449,1156,77605,1379
2020-11-16,Sacramento,067,1510023,33191,30954,71,31025,534
2020-11-16,San Benito,069,59416,1695,1603,3,1606,15
2020-11-16,San Bernardino,071,2135413,83089,74401,928,75329,1186
2020-11-16,San Diego,073,3302833,71918,65603,2382,67985,926
2020-11-16,San Francisco,075,870044,14415,13847,76,13923,153
2020-11-16,San Joaquin,077,732212,24766,23515,388,23903,513
2020-11-16,San Luis Obispo,079,281455,5809,5161,82,5243,34
2020-11-16,San Mateo,081,765935,13353,12398,12,12410,169
2020-11-16,Santa Barbara,083,443738,10972,10565,164,10729,135
2020-11-16,Santa Clara,085,1922200,31428,28673,62,28735,419
2020-11-16,Santa Cruz,087,273765,3990,3520,39,3559,25
2020-11-16,Shasta,089,179085,4409,3284,103,3387,37
2020-11-16,Sierra,091,2930,15,11,0,11,0
2020-11-16,Siskiyou,093,43540,429,294,24,318,0
2020-11-16,Solano,095,438530,9429,8827,47,8874,84
2020-11-16,Sonoma,097,501317,11467,10961,39,11000,155
2020-11-16,Stanislaus,099,539301,20275,19333,1123,20456,425
2020-11-16,Sutter,101,95872,2693,2322,8,2330,12
2020-11-16,Tehama,103,63373,1435,1261,7,1268,7
2020-11-16,Trinity,105,12862,201,67,21,88,0
2020-11-16,Tulare,107,460477,20146,18891,918,19809,305
2020-11-16,Tuolumne,109,53932,805,543,7,550,7
2020-11-16,Ventura,111,848112,18065,16691,513,17204,172
2020-11-16,Yolo,113,214977,4218,3858,12,3870,70
2020-11-16,Yuba,115,75493,1676,1500,6,1506,10
2020-11-15,Alameda,001,1643700,27459,25879,261,26140,436
2020-11-15,Alpine,003,1148,35,12,0,12,0
2020-11-15,Amador,005,37829,443,409,1,410,16
2020-11-15,Butte,007,227075,3718,3452,138,3590,58
2020-11-15,Calaveras,009,45235,398,386,0,386,21
2020-11-15,Colusa,011,21464,645,601,1,602,6
2020-11-15,Contra Costa,013,1133247,22211,21179,121,21300,256
2020-11-15,Del Norte,015,27424,254,224,0,224,2
2020-11-15,El Dorado,017,186661,1999,1683,23,1706,4
2020-11-15,Fresno,019,978130,38231,34297,916,35213,471
2020-11-15,Glenn,021,27897,848,783,24,807,4
2020-11-15,Humboldt,023,135768,754,653,1,654,9
2020-11-15,Imperial,025,180216,14722,13940,30,13970,346
2020-11-15,Inyo,027,18085,273,263,5,268,15
2020-11-15,Kern,029,883053,37643,35911,762,36673,455
2020-11-15,Kings,031,150075,10009,9533,99,9632,85
2020-11-15,Lake,033,64148,853,777,0,777,17
2020-11-15,Lassen,035,31185,1252,1124,3,1127,0
2020-11-15,Los Angeles,037,10098052,351491,336035,4246,340281,7271
2020-11-15,Madera,039,155013,5735,5391,87,5478,54
2020-11-15,Marin,041,260295,7516,7347,24,7371,133
2020-11-15,Mariposa,043,17540,97,86,0,86,2
2020-11-15,Mendocino,045,87422,1303,1197,5,1202,22
2020-11-15,Merced,047,269075,10760,10350,81,10431,162
2020-11-15,Modoc,049,8938,85,68,17,85,0
2020-11-15,Mono,051,14174,475,453,9,462,2
2020-11-15,Monterey,053,433212,13714,12999,177,13176,107
2020-11-15,Napa,055,140530,2776,2509,14,2523,17
2020-11-15,Nevada,057,99092,999,859,24,883,9
2020-11-15,Orange,059,3164182,69849,65008,2086,67094,1519
2020-11-15,Placer,061,380077,5906,5330,77,5407,63
2020-11-15,Plumas,063,18699,163,127,0,127,0
2020-11-15,Riverside,065,2383286,80006,75531,1098,76629,1374
2020-11-15,Sacramento,067,1510023,32565,30601,66,30667,534
2020-11-15,San Benito,069,59416,1670,1589,2,1591,15
2020-11-15,San Bernardino,071,2135413,80940,73769,853,74622,1185
2020-11-15,San Diego,073,3302833,70417,64770,2325,67095,926
2020-11-15,San Francisco,075,870044,14240,13757,75,13832,153
2020-11-15,San Joaquin,077,732212,24557,23516,373,23889,513
2020-11-15,San Luis Obispo,079,281455,5688,5120,80,5200,34
2020-11-15,San Mateo,081,765935,13176,12348,12,12360,169
2020-11-15,Santa Barbara,083,443738,10877,10516,162,10678,135
2020-11-15,Santa Clara,085,1922200,30974,28289,61,28350,418
2020-11-15,Santa Cruz,087,273765,3851,3439,38,3477,25
2020-11-15,Shasta,089,179085,4236,3290,94,3384,37
2020-11-15,Sierra,091,2930,15,11,0,11,0
2020-11-15,Siskiyou,093,43540,410,294,24,318,0
2020-11-15,Solano,095,438530,9268,8713,44,8757,84
2020-11-15,Sonoma,097,501317,11349,10833,38,10871,154
2020-11-15,Stanislaus,099,539301,20003,19228,1098,20326,425
2020-11-15,Sutter,101,95872,2603,2230,8,2238,12
2020-11-15,Tehama,103,63373,1384,1222,6,1228,7
2020-11-15,Trinity,105,12862,191,67,19,86,0
2020-11-15,Tulare,107,460477,19929,18891,866,19757,305
2020-11-15,Tuolumne,109,53932,763,486,7,493,7
2020-11-15,Ventura,111,848112,17791,16564,505,17069,172
2020-11-15,Yolo,113,214977,4115,3819,12,3831,67
2020-11-15,Yuba,115,75493,1635,1470,5,1475,10
2020-11-14,Alameda,001,1643700,27192,25714,259,25973,435
2020-11-14,Alpine,003,1148,35,12,0,12,0
2020-11-14,Amador,005,37829,434,404,0,404,16
2020-11-14,Butte,007,227075,3682,3434,124,3558,58
2020-11-14,Calaveras,009,45235,397,386,0,386,21
2020-11-14,Colusa,011,21464,633,601,1,602,6
2020-11-14,Contra Costa,013,1133247,22071,20975,114,21089,256
2020-11-14,Del Norte,015,27424,247,219,0,219,2
2020-11-14,El Dorado,017,186661,1955,1648,23,1671,4
2020-11-14,Fresno,019,978130,37981,33969,880,34849,471
2020-11-14,Glenn,021,27897,839,772,21,793,3
2020-11-14,Humboldt,023,135768,739,643,1,644,9
2020-11-14,Imperial,025,180216,14629,13932,29,13961,346
2020-11-14,Inyo,027,18085,272,263,5,268,15
2020-11-14,Kern,029,883053,37433,35626,743,36369,454
2020-11-14,Kings,031,150075,9974,9490,96,9586,85
2020-11-14,Lake,033,64148,844,773,0,773,17
2020-11-14,Lassen,035,31185,1238,833,3,836,0
2020-11-14,Los Angeles,037,10098052,348785,333021,4137,337158,7269
2020-11-14,Madera,039,155013,5705,5371,85,5456,54
2020-11-14,Marin,041,260295,7500,7325,24,7349,133
2020-11-14,Mariposa,043,17540,96,86,0,86,2
2020-11-14,Mendocino,045,87422,1287,1181,5,1186,22
2020-11-14,Merced,047,269075,10704,10286,79,10365,161
2020-11-14,Modoc,049,8938,84,64,16,80,0
2020-11-14,Mono,051,14174,475,453,9,462,2
2020-11-14,Monterey,053,433212,13618,12854,167,13021,105
2020-11-14,Napa,055,140530,2742,2473,14,2487,17
2020-11-14,Nevada,057,99092,983,835,24,859,9
2020-11-14,Orange,059,3164182,69228,64340,2075,66415,1517
2020-11-14,Placer,061,380077,5830,5215,71,5286,63
2020-11-14,Plumas,063,18699,158,128,0,128,0
2020-11-14,Riverside,065,2383286,79266,74910,1059,75969,1373
2020-11-14,Sacramento,067,1510023,32239,30298,66,30364,532
2020-11-14,San Benito,069,59416,1655,1573,2,1575,15
2020-11-14,San Bernardino,071,2135413,80005,72868,822,73690,1184
2020-11-14,San Diego,073,3302833,69652,63715,2273,65988,926
2020-11-14,San Francisco,075,870044,14153,13661,74,13735,153
2020-11-14,San Joaquin,077,732212,24465,23516,366,23882,511
2020-11-14,San Luis Obispo,079,281455,5625,5073,75,5148,34
2020-11-14,San Mateo,081,765935,13068,12293,12,12305,169
2020-11-14,Santa Barbara,083,443738,10823,10482,160,10642,135
2020-11-14,Santa Clara,085,1922200,30689,27962,59,28021,416
2020-11-14,Santa Cruz,087,273765,3796,3402,38,3440,25
2020-11-14,Shasta,089,179085,4155,3195,92,3287,37
2020-11-14,Sierra,091,2930,15,11,0,11,0
2020-11-14,Siskiyou,093,43540,397,292,24,316,0
2020-11-14,Solano,095,438530,9189,8655,44,8699,84
2020-11-14,Sonoma,097,501317,11296,10769,38,10807,154
2020-11-14,Stanislaus,099,539301,19860,19068,1076,20144,424
2020-11-14,Sutter,101,95872,2558,2182,8,2190,12
2020-11-14,Tehama,103,63373,1363,1206,5,1211,7
2020-11-14,Trinity,105,12862,186,67,19,86,0
2020-11-14,Tulare,107,460477,19835,18853,838,19691,305
2020-11-14,Tuolumne,109,53932,735,448,7,455,7
2020-11-14,Ventura,111,848112,17645,16297,494,16791,172
2020-11-14,Yolo,113,214977,4072,3765,10,3775,65
2020-11-14,Yuba,115,75493,1606,1453,5,1458,10
2020-11-13,Alameda,001,1643700,26976,25515,254,25769,434
2020-11-13,Alpine,003,1148,35,12,0,12,0
2020-11-13,Amador,005,37829,431,397,0,397,16
2020-11-13,Butte,007,227075,3658,3402,115,3517,58
2020-11-13,Calaveras,009,45235,393,378,0,378,21
2020-11-13,Colusa,011,21464,625,598,1,599,6
2020-11-13,Contra Costa,013,1133247,21898,20799,114,20913,256
2020-11-13,Del Norte,015,27424,244,208,0,208,2
2020-11-13,El Dorado,017,186661,1910,1611,22,1633,4
2020-11-13,Fresno,019,978130,37735,33693,866,34559,470
2020-11-13,Glenn,021,27897,825,755,17,772,3
2020-11-13,Humboldt,023,135768,724,638,1,639,9
2020-11-13,Imperial,025,180216,14559,13790,28,13818,341
2020-11-13,Inyo,027,18085,271,262,5,267,15
2020-11-13,Kern,029,883053,37231,35431,726,36157,453
2020-11-13,Kings,031,150075,9915,9428,95,9523,85
2020-11-13,Lake,033,64148,838,770,0,770,17
2020-11-13,Lassen,035,31185,1229,832,3,835,0
2020-11-13,Los Angeles,037,10098052,345657,329364,4033,333397,7248
2020-11-13,Madera,039,155013,5665,5340,84,5424,54
2020-11-13,Marin,041,260295,7487,7307,23,7330,133
2020-11-13,Mariposa,043,17540,94,86,0,86,2
2020-11-13,Mendocino,045,87422,1275,1173,5,1178,22
2020-11-13,Merced,047,269075,10648,10185,76,10261,159
2020-11-13,Modoc,049,8938,84,63,14,77,0
2020-11-13,Mono,051,14174,475,448,8,456,2
2020-11-13,Monterey,053,433212,13423,12681,155,12836,104
2020-11-13,Napa,055,140530,2703,2440,14,2454,17
2020-11-13,Nevada,057,99092,964,798,24,822,9
2020-11-13,Orange,059,3164182,68631,63804,2055,65859,1514
2020-11-13,Placer,061,380077,5725,5122,65,5187,63
2020-11-13,Plumas,063,18699,152,125,0,125,0
2020-11-13,Riverside,065,2383286,78528,74138,1030,75168,1372
2020-11-13,Sacramento,067,1510023,31921,29787,61,29848,524
2020-11-13,San Benito,069,59416,1643,1553,1,1554,15
2020-11-13,San Bernardino,071,2135413,78957,71895,801,72696,1184
2020-11-13,San Diego,073,3302833,68805,62978,2235,65213,921
2020-11-13,San Francisco,075,870044,14060,13516,72,13588,146
2020-11-13,San Joaquin,077,732212,24370,23314,360,23674,510
2020-11-13,San Luis Obispo,079,281455,5558,4960,72,5032,34
2020-11-13,San Mateo,081,765935,12975,12182,12,12194,169
2020-11-13,Santa Barbara,083,443738,10771,10405,158,10563,134
2020-11-13,Santa Clara,085,1922200,30361,27609,57,27666,415
2020-11-13,Santa Cruz,087,273765,3722,3343,38,3381,25
2020-11-13,Shasta,089,179085,4071,2983,88,3071,37
2020-11-13,Sierra,091,2930,15,11,0,11,0
2020-11-13,Siskiyou,093,43540,392,280,23,303,0
2020-11-13,Solano,095,438530,9098,8525,44,8569,84
2020-11-13,Sonoma,097,501317,11235,10685,36,10721,151
2020-11-13,Stanislaus,099,539301,19735,18936,1049,19985,422
2020-11-13,Sutter,101,95872,2512,2121,7,2128,12
2020-11-13,Tehama,103,63373,1336,1167,5,1172,7
2020-11-13,Trinity,105,12862,184,64,19,83,0
2020-11-13,Tulare,107,460477,19711,18714,798,19512,305
2020-11-13,Tuolumne,109,53932,702,427,7,434,7
2020-11-13,Ventura,111,848112,17499,16172,480,16652,171
2020-11-13,Yolo,113,214977,4021,3716,10,3726,65
2020-11-13,Yuba,115,75493,1579,1435,5,1440,10
2020-11-12,Alameda,001,1643700,26709,25345,254,25599,432
2020-11-12,Alpine,003,1148,34,12,0,12,0
2020-11-12,Amador,005,37829,430,392,0,392,16
2020-11-12,Butte,007,227075,3609,3347,112,3459,58
2020-11-12,Calaveras,009,45235,388,373,0,373,21
2020-11-12,Colusa,011,21464,620,591,1,592,6
2020-11-12,Contra Costa,013,1133247,21691,20619,112,20731,255
2020-11-12,Del Norte,015,27424,237,203,0,203,2
2020-11-12,El Dorado,017,186661,1864,1573,18,1591,4
2020-11-12,Fresno,019,978130,37385,33459,825,34284,468
2020-11-12,Glenn,021,27897,806,727,17,744,3
2020-11-12,Humboldt,023,135768,711,625,1,626,9
2020-11-12,Imperial,025,180216,14394,13619,28,13647,341
2020-11-12,Inyo,027,18085,270,255,5,260,15
2020-11-12,Kern,029,883053,36967,35207,712,35919,451
2020-11-12,Kings,031,150075,9848,9335,94,9429,85
2020-11-12,Lake,033,64148,829,764,0,764,17
2020-11-12,Lassen,035,31185,1160,832,2,834,0
2020-11-12,Los Angeles,037,10098052,341913,327001,3935,330936,7223
2020-11-12,Madera,039,155013,5630,5273,80,5353,54
2020-11-12,Marin,041,260295,7458,7268,23,7291,133
2020-11-12,Mariposa,043,17540,92,84,0,84,2
2020-11-12,Mendocino,045,87422,1256,1142,5,1147,22
2020-11-12,Merced,047,269075,10534,10107,73,10180,158
2020-11-12,Modoc,049,8938,84,63,14,77,0
2020-11-12,Mono,051,14174,474,442,8,450,2
2020-11-12,Monterey,053,433212,13302,12489,141,12630,100
2020-11-12,Napa,055,140530,2641,2398,14,2412,16
2020-11-12,Nevada,057,99092,942,780,23,803,9
2020-11-12,Orange,059,3164182,67886,63232,2036,65268,1514
2020-11-12,Placer,061,380077,5615,5044,56,5100,62
2020-11-12,Plumas,063,18699,148,121,0,121,0
2020-11-12,Riverside,065,2383286,77597,73381,987,74368,1362
2020-11-12,Sacramento,067,1510023,31430,29459,53,29512,520
2020-11-12,San Benito,069,59416,1623,1525,1,1526,15
2020-11-12,San Bernardino,071,2135413,77591,70758,762,71520,1183
2020-11-12,San Diego,073,3302833,67825,62336,2184,64520,918
2020-11-12,San Francisco,075,870044,13962,13289,71,13360,146
2020-11-12,San Joaquin,077,732212,24177,23002,339,23341,509
2020-11-12,San Luis Obispo,079,281455,5494,4898,71,4969,33
2020-11-12,San Mateo,081,765935,12850,12086,11,12097,169
2020-11-12,Santa Barbara,083,443738,10709,10325,153,10478,134
2020-11-12,Santa Clara,085,1922200,29985,27261,56,27317,414
2020-11-12,Santa Cruz,087,273765,3639,3317,36,3353,25
2020-11-12,Shasta,089,179085,3934,2825,77,2902,37
2020-11-12,Sierra,091,2930,15,11,0,11,0
2020-11-12,Siskiyou,093,43540,375,275,19,294,0
2020-11-12,Solano,095,438530,8998,8417,43,8460,85
2020-11-12,Sonoma,097,501317,11133,10602,35,10637,151
2020-11-12,Stanislaus,099,539301,19566,18787,1020,19807,422
2020-11-12,Sutter,101,95872,2429,2075,6,2081,12
2020-11-12,Tehama,103,63373,1309,1117,5,1122,7
2020-11-12,Trinity,105,12862,176,62,18,80,0
2020-11-12,Tulare,107,460477,19599,18545,760,19305,305
2020-11-12,Tuolumne,109,53932,663,353,7,360,7
2020-11-12,Ventura,111,848112,17249,16013,474,16487,158
2020-11-12,Yolo,113,214977,3978,3646,10,3656,63
2020-11-12,Yuba,115,75493,1544,1410,5,1415,10
2020-11-11,Alameda,001,1643700,26465,25140,252,25392,429
2020-11-11,Alpine,003,1148,29,12,0,12,0
2020-11-11,Amador,005,37829,423,389,0,389,16
2020-11-11,Butte,007,227075,3583,3348,99,3447,58
2020-11-11,Calaveras,009,45235,378,373,0,373,21
2020-11-11,Colusa,011,21464,614,591,1,592,6
2020-11-11,Contra Costa,013,1133247,21474,20452,110,20562,255
2020-11-11,Del Norte,015,27424,230,203,0,203,2
2020-11-11,El Dorado,017,186661,1818,1564,17,1581,4
2020-11-11,Fresno,019,978130,37066,33287,790,34077,468
2020-11-11,Glenn,021,27897,790,722,16,738,3
2020-11-11,Humboldt,023,135768,697,623,1,624,9
2020-11-11,Imperial,025,180216,14224,13623,26,13649,340
2020-11-11,Inyo,027,18085,268,255,5,260,15
2020-11-11,Kern,029,883053,36692,35014,695,35709,449
2020-11-11,Kings,031,150075,9742,9263,91,9354,85
2020-11-11,Lake,033,64148,819,763,0,763,17
2020-11-11,Lassen,035,31185,1135,831,2,833,0
2020-11-11,Los Angeles,037,10098052,338545,324567,3852,328419,7220
2020-11-11,Madera,039,155013,5595,5248,79,5327,54
2020-11-11,Marin,041,260295,7435,7268,23,7291,133
2020-11-11,Mariposa,043,17540,92,84,0,84,2
2020-11-11,Mendocino,045,87422,1244,1142,5,1147,22
2020-11-11,Merced,047,269075,10463,10074,71,10145,157
2020-11-11,Modoc,049,8938,80,62,13,75,0
2020-11-11,Mono,051,14174,472,443,8,451,2
2020-11-11,Monterey,053,433212,13159,12417,137,12554,100
2020-11-11,Napa,055,140530,2592,2365,12,2377,15
2020-11-11,Nevada,057,99092,900,741,23,764,9
2020-11-11,Orange,059,3164182,67246,62929,2012,64941,1506
2020-11-11,Placer,061,380077,5531,4981,48,5029,60
2020-11-11,Plumas,063,18699,146,111,0,111,0
2020-11-11,Riverside,065,2383286,76695,72953,941,73894,1361
2020-11-11,Sacramento,067,1510023,30973,28968,51,29019,520
2020-11-11,San Benito,069,59416,1609,1512,1,1513,15
2020-11-11,San Bernardino,071,2135413,76305,70374,736,71110,1182
2020-11-11,San Diego,073,3302833,66890,61746,2123,63869,918
2020-11-11,San Francisco,075,870044,13855,13287,70,13357,146
2020-11-11,San Joaquin,077,732212,24017,23001,334,23335,509
2020-11-11,San Luis Obispo,079,281455,5419,4832,68,4900,33
2020-11-11,San Mateo,081,765935,12736,12008,11,12019,169
2020-11-11,Santa Barbara,083,443738,10643,10278,153,10431,134
2020-11-11,Santa Clara,085,1922200,29633,27075,55,27130,413
2020-11-11,Santa Cruz,087,273765,3571,3247,36,3283,25
2020-11-11,Shasta,089,179085,3810,2766,67,2833,36
2020-11-11,Sierra,091,2930,13,11,0,11,0
2020-11-11,Siskiyou,093,43540,344,261,16,277,0
2020-11-11,Solano,095,438530,8880,8353,41,8394,85
2020-11-11,Sonoma,097,501317,11059,10498,35,10533,150
2020-11-11,Stanislaus,099,539301,19429,18671,990,19661,422
2020-11-11,Sutter,101,95872,2381,2049,5,2054,12
2020-11-11,Tehama,103,63373,1267,1105,4,1109,7
2020-11-11,Trinity,105,12862,165,62,18,80,0
2020-11-11,Tulare,107,460477,19468,18500,730,19230,305
2020-11-11,Tuolumne,109,53932,607,354,6,360,7
2020-11-11,Ventura,111,848112,17034,15801,461,16262,158
2020-11-11,Yolo,113,214977,3927,3606,10,3616,63
2020-11-11,Yuba,115,75493,1529,1400,5,1405,10
2020-11-10,Alameda,001,1643700,26235,25008,249,25257,424
2020-11-10,Alpine,003,1148,29,9,0,9,0
2020-11-10,Amador,005,37829,417,384,0,384,16
2020-11-10,Butte,007,227075,3547,3327,95,3422,58
2020-11-10,Calaveras,009,45235,374,367,0,367,21
2020-11-10,Colusa,011,21464,606,590,1,591,6
2020-11-10,Contra Costa,013,1133247,21268,20326,108,20434,255
2020-11-10,Del Norte,015,27424,224,196,0,196,2
2020-11-10,El Dorado,017,186661,1758,1551,17,1568,4
2020-11-10,Fresno,019,978130,36796,33024,754,33778,465
2020-11-10,Glenn,021,27897,782,719,12,731,3
2020-11-10,Humboldt,023,135768,680,610,1,611,9
2020-11-10,Imperial,025,180216,14094,13570,26,13596,338
2020-11-10,Inyo,027,18085,267,252,5,257,14
2020-11-10,Kern,029,883053,36416,34858,676,35534,448
2020-11-10,Kings,031,150075,9695,9236,84,9320,85
2020-11-10,Lake,033,64148,809,762,0,762,16
2020-11-10,Lassen,035,31185,1120,830,2,832,0
2020-11-10,Los Angeles,037,10098052,335296,322569,3738,326307,7205
2020-11-10,Madera,039,155013,5553,5229,73,5302,54
2020-11-10,Marin,041,260295,7416,7259,23,7282,133
2020-11-10,Mariposa,043,17540,90,84,0,84,2
2020-11-10,Mendocino,045,87422,1236,1137,5,1142,22
2020-11-10,Merced,047,269075,10401,9992,65,10057,157
2020-11-10,Modoc,049,8938,78,61,13,74,0
2020-11-10,Mono,051,14174,470,443,8,451,2
2020-11-10,Monterey,053,433212,13024,12335,129,12464,100
2020-11-10,Napa,055,140530,2554,2341,10,2351,15
2020-11-10,Nevada,057,99092,884,734,23,757,9
2020-11-10,Orange,059,3164182,66694,62597,2002,64599,1504
2020-11-10,Placer,061,380077,5451,4902,47,4949,60
2020-11-10,Plumas,063,18699,142,108,0,108,0
2020-11-10,Riverside,065,2383286,76053,72316,916,73232,1359
2020-11-10,Sacramento,067,1510023,30566,28677,48,28725,519
2020-11-10,San Benito,069,59416,1594,1508,1,1509,15
2020-11-10,San Bernardino,071,2135413,75136,69666,703,70369,1182
2020-11-10,San Diego,073,3302833,65999,61085,2086,63171,915
2020-11-10,San Francisco,075,870044,13738,13210,70,13280,146
2020-11-10,San Joaquin,077,732212,23852,22865,327,23192,508
2020-11-10,San Luis Obispo,079,281455,5356,4780,65,4845,33
2020-11-10,San Mateo,081,765935,12636,11939,11,11950,169
2020-11-10,Santa Barbara,083,443738,10576,10252,149,10401,134
2020-11-10,Santa Clara,085,1922200,29288,26917,54,26971,409
2020-11-10,Santa Cruz,087,273765,3509,3221,36,3257,25
2020-11-10,Shasta,089,179085,3667,2686,59,2745,36
2020-11-10,Sierra,091,2930,12,10,0,10,0
2020-11-10,Siskiyou,093,43540,327,263,15,278,0
2020-11-10,Solano,095,438530,8782,8299,41,8340,85
2020-11-10,Sonoma,097,501317,10972,10414,35,10449,150
2020-11-10,Stanislaus,099,539301,19295,18592,966,19558,420
2020-11-10,Sutter,101,95872,2286,2035,4,2039,12
2020-11-10,Tehama,103,63373,1243,1099,3,1102,7
2020-11-10,Trinity,105,12862,156,62,16,78,0
2020-11-10,Tulare,107,460477,19353,18430,706,19136,305
2020-11-10,Tuolumne,109,53932,558,353,6,359,7
2020-11-10,Ventura,111,848112,16851,15625,459,16084,158
2020-11-10,Yolo,113,214977,3866,3573,10,3583,63
2020-11-10,Yuba,115,75493,1506,1392,5,1397,10
2020-11-09,Alameda,001,1643700,25989,24899,245,25144,424
2020-11-09,Alpine,003,1148,27,6,0,6,0
2020-11-09,Amador,005,37829,408,380,0,380,16
2020-11-09,Butte,007,227075,3502,3301,86,3387,57
2020-11-09,Calaveras,009,45235,370,360,0,360,21
2020-11-09,Colusa,011,21464,600,583,1,584,6
2020-11-09,Contra Costa,013,1133247,21095,20193,106,20299,255
2020-11-09,Del Norte,015,27424,218,195,0,195,2
2020-11-09,El Dorado,017,186661,1717,1515,17,1532,4
2020-11-09,Fresno,019,978130,36485,32755,714,33469,465
2020-11-09,Glenn,021,27897,776,714,9,723,3
2020-11-09,Humboldt,023,135768,667,607,1,608,9
2020-11-09,Imperial,025,180216,13975,13508,25,13533,338
2020-11-09,Inyo,027,18085,267,252,5,257,14
2020-11-09,Kern,029,883053,36186,34764,640,35404,448
2020-11-09,Kings,031,150075,9625,9141,82,9223,84
2020-11-09,Lake,033,64148,800,755,0,755,16
2020-11-09,Lassen,035,31185,1024,799,2,801,0
2020-11-09,Los Angeles,037,10098052,332199,320370,3663,324033,7180
2020-11-09,Madera,039,155013,5507,5209,70,5279,54
2020-11-09,Marin,041,260295,7390,7237,22,7259,131
2020-11-09,Mariposa,043,17540,90,84,0,84,2
2020-11-09,Mendocino,045,87422,1224,1132,5,1137,22
2020-11-09,Merced,047,269075,10298,9922,62,9984,157
2020-11-09,Modoc,049,8938,74,54,12,66,0
2020-11-09,Mono,051,14174,467,352,8,360,2
2020-11-09,Monterey,053,433212,12877,12148,121,12269,98
2020-11-09,Napa,055,140530,2511,2309,10,2319,15
2020-11-09,Nevada,057,99092,847,729,22,751,9
2020-11-09,Orange,059,3164182,66053,62335,1989,64324,1501
2020-11-09,Placer,061,380077,5366,4843,36,4879,60
2020-11-09,Plumas,063,18699,135,102,0,102,0
2020-11-09,Riverside,065,2383286,75271,72059,882,72941,1346
2020-11-09,Sacramento,067,1510023,30094,28200,47,28247,516
2020-11-09,San Benito,069,59416,1585,1506,1,1507,15
2020-11-09,San Bernardino,071,2135413,74082,69015,660,69675,1182
2020-11-09,San Diego,073,3302833,65144,60572,2046,62618,908
2020-11-09,San Francisco,075,870044,13618,12984,67,13051,146
2020-11-09,San Joaquin,077,732212,23687,22512,322,22834,505
2020-11-09,San Luis Obispo,079,281455,5269,4746,63,4809,32
2020-11-09,San Mateo,081,765935,12529,11857,11,11868,169
2020-11-09,Santa Barbara,083,443738,10519,10214,144,10358,134
2020-11-09,Santa Clara,085,1922200,28892,26693,54,26747,409
2020-11-09,Santa Cruz,087,273765,3451,3194,36,3230,25
2020-11-09,Shasta,089,179085,3513,2581,50,2631,36
2020-11-09,Sierra,091,2930,10,10,0,10,0
2020-11-09,Siskiyou,093,43540,316,257,13,270,0
2020-11-09,Solano,095,438530,8666,8254,40,8294,85
2020-11-09,Sonoma,097,501317,10864,10310,35,10345,150
2020-11-09,Stanislaus,099,539301,19142,18482,951,19433,418
2020-11-09,Sutter,101,95872,2219,2010,3,2013,12
2020-11-09,Tehama,103,63373,1206,1071,2,1073,7
2020-11-09,Trinity,105,12862,149,46,16,62,0
2020-11-09,Tulare,107,460477,19233,18272,675,18947,304
2020-11-09,Tuolumne,109,53932,503,346,5,351,7
2020-11-09,Ventura,111,848112,16649,15568,456,16024,156
2020-11-09,Yolo,113,214977,3805,3522,10,3532,62
2020-11-09,Yuba,115,75493,1473,1380,5,1385,10
2020-11-08,Alameda,001,1643700,25759,24731,245,24976,424
2020-11-08,Alpine,003,1148,24,6,0,6,0
2020-11-08,Amador,005,37829,401,376,0,376,16
2020-11-08,Butte,007,227075,3464,3285,79,3364,57
2020-11-08,Calaveras,009,45235,368,360,0,360,21
2020-11-08,Colusa,011,21464,597,583,1,584,6
2020-11-08,Contra Costa,013,1133247,20924,20031,104,20135,254
2020-11-08,Del Norte,015,27424,210,195,0,195,2
2020-11-08,El Dorado,017,186661,1680,1502,17,1519,4
2020-11-08,Fresno,019,978130,36150,32619,676,33295,465
2020-11-08,Glenn,021,27897,770,707,8,715,3
2020-11-08,Humboldt,023,135768,651,605,1,606,9
2020-11-08,Imperial,025,180216,13859,13428,25,13453,338
2020-11-08,Inyo,027,18085,263,252,5,257,14
2020-11-08,Kern,029,883053,35967,34644,622,35266,448
2020-11-08,Kings,031,150075,9492,9026,79,9105,84
2020-11-08,Lake,033,64148,792,754,0,754,16
2020-11-08,Lassen,035,31185,876,799,2,801,0
2020-11-08,Los Angeles,037,10098052,329072,318960,3597,322557,7176
2020-11-08,Madera,039,155013,5438,5196,67,5263,54
2020-11-08,Marin,041,260295,7370,7227,22,7249,131
2020-11-08,Mariposa,043,17540,90,83,0,83,2
2020-11-08,Mendocino,045,87422,1215,1129,5,1134,22
2020-11-08,Merced,047,269075,10223,9885,60,9945,157
2020-11-08,Modoc,049,8938,70,54,12,66,0
2020-11-08,Mono,051,14174,461,352,8,360,2
2020-11-08,Monterey,053,433212,12732,12122,111,12233,98
2020-11-08,Napa,055,140530,2472,2274,10,2284,15
2020-11-08,Nevada,057,99092,831,715,22,737,9
2020-11-08,Orange,059,3164182,65464,62034,1975,64009,1501
2020-11-08,Placer,061,380077,5263,4800,31,4831,60
2020-11-08,Plumas,063,18699,130,102,0,102,0
2020-11-08,Riverside,065,2383286,74617,71442,841,72283,1345
2020-11-08,Sacramento,067,1510023,29535,28059,44,28103,515
2020-11-08,San Benito,069,59416,1570,1496,1,1497,15
2020-11-08,San Bernardino,071,2135413,72829,68412,621,69033,1182
2020-11-08,San Diego,073,3302833,64299,60199,2002,62201,908
2020-11-08,San Francisco,075,870044,13488,12985,63,13048,146
2020-11-08,San Joaquin,077,732212,23493,22514,318,22832,505
2020-11-08,San Luis Obispo,079,281455,5203,4698,58,4756,32
2020-11-08,San Mateo,081,765935,12411,11783,11,11794,169
2020-11-08,Santa Barbara,083,443738,10449,10180,142,10322,134
2020-11-08,Santa Clara,085,1922200,28518,26442,53,26495,410
2020-11-08,Santa Cruz,087,273765,3394,3134,36,3170,25
2020-11-08,Shasta,089,179085,3377,2582,44,2626,36
2020-11-08,Sierra,091,2930,10,7,0,7,0
2020-11-08,Siskiyou,093,43540,304,246,12,258,0
2020-11-08,Solano,095,438530,8545,8132,39,8171,85
2020-11-08,Sonoma,097,501317,10757,10229,35,10264,149
2020-11-08,Stanislaus,099,539301,18968,18413,930,19343,418
2020-11-08,Sutter,101,95872,2161,1980,3,1983,12
2020-11-08,Tehama,103,63373,1181,1054,2,1056,7
2020-11-08,Trinity,105,12862,146,46,15,61,0
2020-11-08,Tulare,107,460477,19091,18272,646,18918,304
2020-11-08,Tuolumne,109,53932,476,341,5,346,7
2020-11-08,Ventura,111,848112,16454,15504,448,15952,156
2020-11-08,Yolo,113,214977,3743,3492,10,3502,61
2020-11-08,Yuba,115,75493,1452,1369,5,1374,10
2020-11-07,Alameda,001,1643700,25649,24578,243,24821,424
2020-11-07,Alpine,003,1148,24,6,0,6,0
2020-11-07,Amador,005,37829,398,375,0,375,16
2020-11-07,Butte,007,227075,3452,3277,74,3351,57
2020-11-07,Calaveras,009,45235,366,360,0,360,21
2020-11-07,Colusa,011,21464,597,583,1,584,6
2020-11-07,Contra Costa,013,1133247,20823,19943,103,20046,254
2020-11-07,Del Norte,015,27424,206,194,0,194,2
2020-11-07,El Dorado,017,186661,1655,1495,16,1511,4
2020-11-07,Fresno,019,978130,35996,32497,653,33150,465
2020-11-07,Glenn,021,27897,762,707,8,715,3
2020-11-07,Humboldt,023,135768,640,590,1,591,9
2020-11-07,Imperial,025,180216,13801,13388,24,13412,338
2020-11-07,Inyo,027,18085,261,252,5,257,14
2020-11-07,Kern,029,883053,35811,34513,612,35125,448
2020-11-07,Kings,031,150075,9459,9005,73,9078,84
2020-11-07,Lake,033,64148,788,751,0,751,16
2020-11-07,Lassen,035,31185,860,799,2,801,0
2020-11-07,Los Angeles,037,10098052,327558,316756,3530,320286,7174
2020-11-07,Madera,039,155013,5416,5177,65,5242,54
2020-11-07,Marin,041,260295,7359,7215,22,7237,131
2020-11-07,Mariposa,043,17540,90,81,0,81,2
2020-11-07,Mendocino,045,87422,1204,1118,5,1123,22
2020-11-07,Merced,047,269075,10191,9855,56,9911,157
2020-11-07,Modoc,049,8938,70,51,12,63,0
2020-11-07,Mono,051,14174,458,352,8,360,2
2020-11-07,Monterey,053,433212,12662,12030,107,12137,98
2020-11-07,Napa,055,140530,2442,2260,9,2269,15
2020-11-07,Nevada,057,99092,814,710,22,732,9
2020-11-07,Orange,059,3164182,65177,62038,1969,64007,1505
2020-11-07,Placer,061,380077,5200,4745,31,4776,60
2020-11-07,Plumas,063,18699,127,94,0,94,0
2020-11-07,Riverside,065,2383286,74222,71153,814,71967,1345
2020-11-07,Sacramento,067,1510023,29285,27773,44,27817,515
2020-11-07,San Benito,069,59416,1558,1489,1,1490,15
2020-11-07,San Bernardino,071,2135413,72312,67935,610,68545,1182
2020-11-07,San Diego,073,3302833,63787,59682,1970,61652,909
2020-11-07,San Francisco,075,870044,13427,12980,62,13042,146
2020-11-07,San Joaquin,077,732212,23385,22517,312,22829,505
2020-11-07,San Luis Obispo,079,281455,5154,4668,55,4723,32
2020-11-07,San Mateo,081,765935,12348,11711,11,11722,169
2020-11-07,Santa Barbara,083,443738,10407,10157,140,10297,134
2020-11-07,Santa Clara,085,1922200,28314,26244,52,26296,410
2020-11-07,Santa Cruz,087,273765,3356,3130,36,3166,25
2020-11-07,Shasta,089,179085,3310,2547,42,2589,36
2020-11-07,Sierra,091,2930,10,7,0,7,0
2020-11-07,Siskiyou,093,43540,300,241,12,253,0
2020-11-07,Solano,095,438530,8493,8066,39,8105,85
2020-11-07,Sonoma,097,501317,10711,10200,35,10235,149
2020-11-07,Stanislaus,099,539301,18859,18386,914,19300,418
2020-11-07,Sutter,101,95872,2121,1973,3,1976,12
2020-11-07,Tehama,103,63373,1157,1043,2,1045,7
2020-11-07,Trinity,105,12862,146,42,14,56,0
2020-11-07,Tulare,107,460477,19035,18229,629,18858,304
2020-11-07,Tuolumne,109,53932,465,327,5,332,7
2020-11-07,Ventura,111,848112,16394,15364,443,15807,156
2020-11-07,Yolo,113,214977,3712,3486,10,3496,61
2020-11-07,Yuba,115,75493,1437,1349,5,1354,10
2020-11-06,Alameda,001,1643700,25517,24389,241,24630,420
2020-11-06,Alpine,003,1148,24,6,0,6,0
2020-11-06,Amador,005,37829,396,369,0,369,16
2020-11-06,Butte,007,227075,3427,3254,66,3320,57
2020-11-06,Calaveras,009,45235,365,359,0,359,21
2020-11-06,Colusa,011,21464,595,580,1,581,6
2020-11-06,Contra Costa,013,1133247,20674,19744,103,19847,252
2020-11-06,Del Norte,015,27424,203,194,0,194,2
2020-11-06,El Dorado,017,186661,1629,1475,16,1491,4
2020-11-06,Fresno,019,978130,35808,32278,637,32915,460
2020-11-06,Glenn,021,27897,756,707,7,714,3
2020-11-06,Humboldt,023,135768,637,587,1,588,9
2020-11-06,Imperial,025,180216,13748,13230,24,13254,338
2020-11-06,Inyo,027,18085,259,246,5,251,14
2020-11-06,Kern,029,883053,35647,34360,595,34955,443
2020-11-06,Kings,031,150075,9435,8883,71,8954,83
2020-11-06,Lake,033,64148,787,741,0,741,16
2020-11-06,Lassen,035,31185,852,794,2,796,0
2020-11-06,Los Angeles,037,10098052,325588,314356,3478,317834,7160
2020-11-06,Madera,039,155013,5400,5136,64,5200,54
2020-11-06,Marin,041,260295,7338,7184,22,7206,131
2020-11-06,Mariposa,043,17540,89,79,0,79,2
2020-11-06,Mendocino,045,87422,1199,1113,5,1118,22
2020-11-06,Merced,047,269075,10151,9778,53,9831,157
2020-11-06,Modoc,049,8938,70,48,12,60,0
2020-11-06,Mono,051,14174,452,308,8,316,1
2020-11-06,Monterey,053,433212,12545,11914,106,12020,96
2020-11-06,Napa,055,140530,2417,2189,9,2198,15
2020-11-06,Nevada,057,99092,801,692,21,713,9
2020-11-06,Orange,059,3164182,64874,61049,1959,63008,1494
2020-11-06,Placer,061,380077,5127,4680,31,4711,60
2020-11-06,Plumas,063,18699,122,90,0,90,0
2020-11-06,Riverside,065,2383286,73773,70409,773,71182,1341
2020-11-06,Sacramento,067,1510023,28993,27489,42,27531,514
2020-11-06,San Benito,069,59416,1549,1479,1,1480,15
2020-11-06,San Bernardino,071,2135413,71714,66740,590,67330,1179
2020-11-06,San Diego,073,3302833,63263,59143,1938,61081,907
2020-11-06,San Francisco,075,870044,13357,12825,61,12886,146
2020-11-06,San Joaquin,077,732212,23300,22424,302,22726,502
2020-11-06,San Luis Obispo,079,281455,5089,4531,49,4580,32
2020-11-06,San Mateo,081,765935,12273,11587,11,11598,168
2020-11-06,Santa Barbara,083,443738,10371,10118,136,10254,133
2020-11-06,Santa Clara,085,1922200,28072,25831,52,25883,402
2020-11-06,Santa Cruz,087,273765,3318,3063,36,3099,25
2020-11-06,Shasta,089,179085,3237,2475,41,2516,35
2020-11-06,Sierra,091,2930,9,7,0,7,0
2020-11-06,Siskiyou,093,43540,287,237,11,248,0
2020-11-06,Solano,095,438530,8428,7959,39,7998,85
2020-11-06,Sonoma,097,501317,10661,10142,35,10177,149
2020-11-06,Stanislaus,099,539301,18772,18250,906,19156,417
2020-11-06,Sutter,101,95872,2094,1937,2,1939,12
2020-11-06,Tehama,103,63373,1136,1024,2,1026,6
2020-11-06,Trinity,105,12862,143,41,14,55,0
2020-11-06,Tulare,107,460477,18971,18136,604,18740,300
2020-11-06,Tuolumne,109,53932,444,316,5,321,5
2020-11-06,Ventura,111,848112,16308,15222,440,15662,154
2020-11-06,Yolo,113,214977,3683,3420,10,3430,62
2020-11-06,Yuba,115,75493,1424,1335,5,1340,10
2020-11-05,Alameda,001,1643700,25341,24270,241,24511,420
2020-11-05,Alpine,003,1148,24,6,0,6,0
2020-11-05,Amador,005,37829,393,363,0,363,16
2020-11-05,Butte,007,227075,3404,3239,60,3299,57
2020-11-05,Calaveras,009,45235,357,333,0,333,19
2020-11-05,Colusa,011,21464,591,574,1,575,6
2020-11-05,Contra Costa,013,1133247,20492,19656,101,19757,252
2020-11-05,Del Norte,015,27424,201,192,0,192,2
2020-11-05,El Dorado,017,186661,1605,1466,16,1482,4
2020-11-05,Fresno,019,978130,35565,32056,613,32669,460
2020-11-05,Glenn,021,27897,736,702,7,709,3
2020-11-05,Humboldt,023,135768,627,581,1,582,9
2020-11-05,Imperial,025,180216,13656,13178,23,13201,337
2020-11-05,Inyo,027,18085,259,247,5,252,14
2020-11-05,Kern,029,883053,35446,34232,582,34814,443
2020-11-05,Kings,031,150075,9280,8846,68,8914,83
2020-11-05,Lake,033,64148,783,739,0,739,16
2020-11-05,Lassen,035,31185,821,782,2,784,0
2020-11-05,Los Angeles,037,10098052,323232,312381,3425,315806,7146
2020-11-05,Madera,039,155013,5361,5129,61,5190,54
2020-11-05,Marin,041,260295,7316,7171,22,7193,131
2020-11-05,Mariposa,043,17540,88,79,0,79,2
2020-11-05,Mendocino,045,87422,1187,1112,5,1117,22
2020-11-05,Merced,047,269075,10092,9753,48,9801,155
2020-11-05,Modoc,049,8938,69,47,11,58,0
2020-11-05,Mono,051,14174,450,307,8,315,1
2020-11-05,Monterey,053,433212,12435,11784,102,11886,96
2020-11-05,Napa,055,140530,2390,2158,9,2167,15
2020-11-05,Nevada,057,99092,779,687,20,707,9
2020-11-05,Orange,059,3164182,64427,60740,1949,62689,1484
2020-11-05,Placer,061,380077,5058,4627,26,4653,60
2020-11-05,Plumas,063,18699,114,90,0,90,0
2020-11-05,Riverside,065,2383286,73062,70094,717,70811,1338
2020-11-05,Sacramento,067,1510023,28612,27232,41,27273,512
2020-11-05,San Benito,069,59416,1534,1477,1,1478,15
2020-11-05,San Bernardino,071,2135413,70886,66407,578,66985,1174
2020-11-05,San Diego,073,3302833,62637,58659,1912,60571,904
2020-11-05,San Francisco,075,870044,13245,12726,60,12786,146
2020-11-05,San Joaquin,077,732212,23136,22318,298,22616,502
2020-11-05,San Luis Obispo,079,281455,5022,4459,47,4506,32
2020-11-05,San Mateo,081,765935,12179,11535,11,11546,168
2020-11-05,Santa Barbara,083,443738,10327,10080,133,10213,133
2020-11-05,Santa Clara,085,1922200,27805,25651,52,25703,402
2020-11-05,Santa Cruz,087,273765,3280,3023,36,3059,25
2020-11-05,Shasta,089,179085,3147,2401,40,2441,34
2020-11-05,Sierra,091,2930,9,6,0,6,0
2020-11-05,Siskiyou,093,43540,276,228,11,239,0
2020-11-05,Solano,095,438530,8345,7842,39,7881,85
2020-11-05,Sonoma,097,501317,10549,10064,34,10098,145
2020-11-05,Stanislaus,099,539301,18659,18194,893,19087,417
2020-11-05,Sutter,101,95872,2062,1925,2,1927,12
2020-11-05,Tehama,103,63373,1114,1015,2,1017,6
2020-11-05,Trinity,105,12862,127,41,14,55,0
2020-11-05,Tulare,107,460477,18882,18049,578,18627,301
2020-11-05,Tuolumne,109,53932,415,312,5,317,5
2020-11-05,Ventura,111,848112,16142,15113,429,15542,155
2020-11-05,Yolo,113,214977,3633,3391,10,3401,61
2020-11-05,Yuba,115,75493,1406,1322,5,1327,10
2020-11-04,Alameda,001,1643700,25164,24172,239,24411,418
2020-11-04,Alpine,003,1148,20,5,0,5,0
2020-11-04,Amador,005,37829,390,362,0,362,16
2020-11-04,Butte,007,227075,3379,3218,57,3275,57
2020-11-04,Calaveras,009,45235,354,290,0,290,19
2020-11-04,Colusa,011,21464,589,571,1,572,6
2020-11-04,Contra Costa,013,1133247,20325,19472,98,19570,251
2020-11-04,Del Norte,015,27424,197,188,0,188,2
2020-11-04,El Dorado,017,186661,1590,1448,13,1461,4
2020-11-04,Fresno,019,978130,35333,31952,585,32537,457
2020-11-04,Glenn,021,27897,732,701,6,707,3
2020-11-04,Humboldt,023,135768,618,571,1,572,9
2020-11-04,Imperial,025,180216,13558,13087,23,13110,335
2020-11-04,Inyo,027,18085,258,247,5,252,14
2020-11-04,Kern,029,883053,35291,34027,571,34598,439
2020-11-04,Kings,031,150075,9246,8817,66,8883,83
2020-11-04,Lake,033,64148,776,735,0,735,16
2020-11-04,Lassen,035,31185,816,781,2,783,0
2020-11-04,Los Angeles,037,10098052,320921,310456,3346,313802,7124
2020-11-04,Madera,039,155013,5341,5083,57,5140,54
2020-11-04,Marin,041,260295,7304,7157,22,7179,131
2020-11-04,Mariposa,043,17540,88,79,0,79,2
2020-11-04,Mendocino,045,87422,1169,1089,5,1094,22
2020-11-04,Merced,047,269075,10043,9717,46,9763,153
2020-11-04,Modoc,049,8938,59,47,11,58,0
2020-11-04,Mono,051,14174,447,237,7,244,1
2020-11-04,Monterey,053,433212,12231,11743,96,11839,96
2020-11-04,Napa,055,140530,2336,2133,9,2142,15
2020-11-04,Nevada,057,99092,760,675,20,695,9
2020-11-04,Orange,059,3164182,63993,60463,1928,62391,1483
2020-11-04,Placer,061,380077,4980,4526,23,4549,60
2020-11-04,Plumas,063,18699,112,88,0,88,0
2020-11-04,Riverside,065,2383286,72445,69562,658,70220,1335
2020-11-04,Sacramento,067,1510023,28262,27005,40,27045,510
2020-11-04,San Benito,069,59416,1519,1464,1,1465,15
2020-11-04,San Bernardino,071,2135413,70090,65891,555,66446,1169
2020-11-04,San Diego,073,3302833,61991,58126,1886,60012,904
2020-11-04,San Francisco,075,870044,13162,12649,57,12706,146
2020-11-04,San Joaquin,077,732212,22999,22197,285,22482,500
2020-11-04,San Luis Obispo,079,281455,4955,4389,45,4434,32
2020-11-04,San Mateo,081,765935,12085,11456,11,11467,168
2020-11-04,Santa Barbara,083,443738,10289,10026,132,10158,132
2020-11-04,Santa Clara,085,1922200,27543,25487,52,25539,393
2020-11-04,Santa Cruz,087,273765,3243,2997,36,3033,25
2020-11-04,Shasta,089,179085,3016,2321,35,2356,34
2020-11-04,Sierra,091,2930,9,6,0,6,0
2020-11-04,Siskiyou,093,43540,267,222,11,233,0
2020-11-04,Solano,095,438530,8246,7733,39,7772,85
2020-11-04,Sonoma,097,501317,10455,9965,34,9999,142
2020-11-04,Stanislaus,099,539301,18542,18114,878,18992,416
2020-11-04,Sutter,101,95872,2028,1916,2,1918,12
2020-11-04,Tehama,103,63373,1088,997,2,999,6
2020-11-04,Trinity,105,12862,123,37,14,51,0
2020-11-04,Tulare,107,460477,18772,17952,550,18502,298
2020-11-04,Tuolumne,109,53932,390,310,5,315,5
2020-11-04,Ventura,111,848112,16002,14936,426,15362,155
2020-11-04,Yolo,113,214977,3592,3361,10,3371,62
2020-11-04,Yuba,115,75493,1385,1312,5,1317,10
2020-11-03,Alameda,001,1643700,24980,24055,237,24292,418
2020-11-03,Alpine,003,1148,19,4,0,4,0
2020-11-03,Amador,005,37829,385,361,0,361,16
2020-11-03,Butte,007,227075,3355,3211,52,3263,57
2020-11-03,Calaveras,009,45235,350,287,0,287,19
2020-11-03,Colusa,011,21464,584,572,1,573,6
2020-11-03,Contra Costa,013,1133247,20170,19416,98,19514,250
2020-11-03,Del Norte,015,27424,196,187,0,187,2
2020-11-03,El Dorado,017,186661,1568,1445,12,1457,4
2020-11-03,Fresno,019,978130,35068,31856,562,32418,457
2020-11-03,Glenn,021,27897,726,698,6,704,3
2020-11-03,Humboldt,023,135768,612,570,1,571,8
2020-11-03,Imperial,025,180216,13469,13044,22,13066,335
2020-11-03,Inyo,027,18085,257,244,5,249,14
2020-11-03,Kern,029,883053,35100,33957,560,34517,439
2020-11-03,Kings,031,150075,9083,8783,61,8844,83
2020-11-03,Lake,033,64148,766,732,0,732,16
2020-11-03,Lassen,035,31185,807,782,2,784,0
2020-11-03,Los Angeles,037,10098052,318465,308812,3279,312091,7104
2020-11-03,Madera,039,155013,5304,5058,56,5114,54
2020-11-03,Marin,041,260295,7284,7147,21,7168,131
2020-11-03,Mariposa,043,17540,87,79,0,79,2
2020-11-03,Mendocino,045,87422,1154,1084,5,1089,22
2020-11-03,Merced,047,269075,9990,9713,45,9758,153
2020-11-03,Modoc,049,8938,57,47,9,56,0
2020-11-03,Mono,051,14174,443,210,7,217,1
2020-11-03,Monterey,053,433212,12162,11703,91,11794,94
2020-11-03,Napa,055,140530,2300,2130,9,2139,15
2020-11-03,Nevada,057,99092,740,670,19,689,9
2020-11-03,Orange,059,3164182,63563,60283,1916,62199,1477
2020-11-03,Placer,061,380077,4906,4514,23,4537,60
2020-11-03,Plumas,063,18699,109,86,0,86,0
2020-11-03,Riverside,065,2383286,71826,69300,633,69933,1325
2020-11-03,Sacramento,067,1510023,27882,26841,39,26880,510
2020-11-03,San Benito,069,59416,1509,1463,1,1464,15
2020-11-03,San Bernardino,071,2135413,69279,65320,548,65868,1159
2020-11-03,San Diego,073,3302833,61315,57722,1842,59564,901
2020-11-03,San Francisco,075,870044,13040,12585,57,12642,146
2020-11-03,San Joaquin,077,732212,22865,22109,279,22388,500
2020-11-03,San Luis Obispo,079,281455,4871,4371,43,4414,32
2020-11-03,San Mateo,081,765935,11990,11406,11,11417,162
2020-11-03,Santa Barbara,083,443738,10235,10008,128,10136,132
2020-11-03,Santa Clara,085,1922200,27270,25386,51,25437,393
2020-11-03,Santa Cruz,087,273765,3193,2980,35,3015,25
2020-11-03,Shasta,089,179085,2922,2288,28,2316,33
2020-11-03,Sierra,091,2930,7,6,0,6,0
2020-11-03,Siskiyou,093,43540,263,219,11,230,0
2020-11-03,Solano,095,438530,8163,7691,39,7730,85
2020-11-03,Sonoma,097,501317,10353,9906,34,9940,142
2020-11-03,Stanislaus,099,539301,18421,18080,867,18947,416
2020-11-03,Sutter,101,95872,1995,1914,2,1916,12
2020-11-03,Tehama,103,63373,1067,988,2,990,6
2020-11-03,Trinity,105,12862,116,36,13,49,0
2020-11-03,Tulare,107,460477,18666,17890,525,18415,297
2020-11-03,Tuolumne,109,53932,367,302,5,307,5
2020-11-03,Ventura,111,848112,15875,14816,419,15235,155
2020-11-03,Yolo,113,214977,3541,3343,10,3353,61
2020-11-03,Yuba,115,75493,1372,1295,5,1300,10
2020-11-02,Alameda,001,1643700,24784,23991,235,24226,419
2020-11-02,Alpine,003,1148,16,4,0,4,0
2020-11-02,Amador,005,37829,377,357,0,357,16
2020-11-02,Butte,007,227075,3335,3198,49,3247,57
2020-11-02,Calaveras,009,45235,350,282,0,282,18
2020-11-02,Colusa,011,21464,579,571,1,572,6
2020-11-02,Contra Costa,013,1133247,20017,19339,97,19436,250
2020-11-02,Del Norte,015,27424,193,175,0,175,2
2020-11-02,El Dorado,017,186661,1544,1405,12,1417,4
2020-11-02,Fresno,019,978130,34798,31738,545,32283,451
2020-11-02,Glenn,021,27897,720,692,5,697,3
2020-11-02,Humboldt,023,135768,603,569,1,570,8
2020-11-02,Imperial,025,180216,13389,13004,21,13025,334
2020-11-02,Inyo,027,18085,254,243,5,248,14
2020-11-02,Kern,029,883053,34942,33834,550,34384,437
2020-11-02,Kings,031,150075,9053,8654,58,8712,82
2020-11-02,Lake,033,64148,760,728,0,728,17
2020-11-02,Lassen,035,31185,799,782,2,784,0
2020-11-02,Los Angeles,037,10098052,316117,307620,3205,310825,7079
2020-11-02,Madera,039,155013,5273,5033,55,5088,54
2020-11-02,Marin,041,260295,7266,7132,20,7152,125
2020-11-02,Mariposa,043,17540,87,79,0,79,2
2020-11-02,Mendocino,045,87422,1140,1076,5,1081,21
2020-11-02,Merced,047,269075,9928,9664,39,9703,152
2020-11-02,Modoc,049,8938,54,45,5,50,0
2020-11-02,Mono,051,14174,441,211,7,218,1
2020-11-02,Monterey,053,433212,12055,11602,88,11690,93
2020-11-02,Napa,055,140530,2258,2081,9,2090,15
2020-11-02,Nevada,057,99092,724,656,19,675,9
2020-11-02,Orange,059,3164182,63158,59996,1901,61897,1474
2020-11-02,Placer,061,380077,4838,4461,21,4482,60
2020-11-02,Plumas,063,18699,101,86,0,86,0
2020-11-02,Riverside,065,2383286,71195,68833,592,69425,1321
2020-11-02,Sacramento,067,1510023,27540,26676,37,26713,508
2020-11-02,San Benito,069,59416,1497,1459,1,1460,15
2020-11-02,San Bernardino,071,2135413,68424,64629,537,65166,1157
2020-11-02,San Diego,073,3302833,60592,57429,1797,59226,891
2020-11-02,San Francisco,075,870044,12943,12436,56,12492,145
2020-11-02,San Joaquin,077,732212,22725,21919,271,22190,500
2020-11-02,San Luis Obispo,079,281455,4771,4303,40,4343,31
2020-11-02,San Mateo,081,765935,11881,11328,11,11339,161
2020-11-02,Santa Barbara,083,443738,10194,9985,123,10108,130
2020-11-02,Santa Clara,085,1922200,26981,25222,51,25273,387
2020-11-02,Santa Cruz,087,273765,3151,2943,35,2978,25
2020-11-02,Shasta,089,179085,2819,2174,24,2198,33
2020-11-02,Sierra,091,2930,7,6,0,6,0
2020-11-02,Siskiyou,093,43540,253,216,11,227,0
2020-11-02,Solano,095,438530,8045,7665,39,7704,84
2020-11-02,Sonoma,097,501317,10271,9796,33,9829,140
2020-11-02,Stanislaus,099,539301,18325,18005,858,18863,412
2020-11-02,Sutter,101,95872,1971,1895,2,1897,12
2020-11-02,Tehama,103,63373,1044,971,2,973,6
2020-11-02,Trinity,105,12862,110,30,13,43,0
2020-11-02,Tulare,107,460477,18573,17774,505,18279,299
2020-11-02,Tuolumne,109,53932,346,302,5,307,5
2020-11-02,Ventura,111,848112,15734,14767,405,15172,156
2020-11-02,Yolo,113,214977,3493,3318,10,3328,61
2020-11-02,Yuba,115,75493,1359,1280,5,1285,10
2020-11-01,Alameda,001,1643700,24621,23892,233,24125,419
2020-11-01,Alpine,003,1148,10,4,0,4,0
2020-11-01,Amador,005,37829,374,352,0,352,16
2020-11-01,Butte,007,227075,3312,3185,48,3233,57
2020-11-01,Calaveras,009,45235,349,282,0,282,18
2020-11-01,Colusa,011,21464,577,567,1,568,6
2020-11-01,Contra Costa,013,1133247,19844,19246,96,19342,250
2020-11-01,Del Norte,015,27424,189,175,0,175,2
2020-11-01,El Dorado,017,186661,1528,1394,12,1406,4
2020-11-01,Fresno,019,978130,34540,31613,525,32138,451
2020-11-01,Glenn,021,27897,711,688,3,691,3
2020-11-01,Humboldt,023,135768,595,568,1,569,8
2020-11-01,Imperial,025,180216,13298,12969,19,12988,334
2020-11-01,Inyo,027,18085,252,241,5,246,14
2020-11-01,Kern,029,883053,34761,33760,470,34230,437
2020-11-01,Kings,031,150075,9015,8641,57,8698,82
2020-11-01,Lake,033,64148,754,727,0,727,17
2020-11-01,Lassen,035,31185,799,782,2,784,0
2020-11-01,Los Angeles,037,10098052,313547,306217,3114,309331,7077
2020-11-01,Madera,039,155013,5225,5019,53,5072,54
2020-11-01,Marin,041,260295,7249,7124,20,7144,125
2020-11-01,Mariposa,043,17540,83,79,0,79,2
2020-11-01,Mendocino,045,87422,1126,1074,5,1079,21
2020-11-01,Merced,047,269075,9867,9626,39,9665,152
2020-11-01,Modoc,049,8938,53,45,5,50,0
2020-11-01,Mono,051,14174,412,211,6,217,1
2020-11-01,Monterey,053,433212,11948,11587,85,11672,93
2020-11-01,Napa,055,140530,2224,2067,9,2076,15
2020-11-01,Nevada,057,99092,708,646,18,664,9
2020-11-01,Orange,059,3164182,62756,59733,1875,61608,1475
2020-11-01,Placer,061,380077,4772,4422,20,4442,58
2020-11-01,Plumas,063,18699,96,86,0,86,0
2020-11-01,Riverside,065,2383286,70565,68493,557,69050,1319
2020-11-01,Sacramento,067,1510023,27219,26442,37,26479,508
2020-11-01,San Benito,069,59416,1482,1451,1,1452,15
2020-11-01,San Bernardino,071,2135413,67582,64339,516,64855,1157
2020-11-01,San Diego,073,3302833,59904,57122,1757,58879,891
2020-11-01,San Francisco,075,870044,12820,12436,51,12487,145
2020-11-01,San Joaquin,077,732212,22597,21919,265,22184,500
2020-11-01,San Luis Obispo,079,281455,4691,4303,39,4342,31
2020-11-01,San Mateo,081,765935,11800,11280,11,11291,160
2020-11-01,Santa Barbara,083,443738,10143,9969,107,10076,130
2020-11-01,Santa Clara,085,1922200,26702,25090,51,25141,386
2020-11-01,Santa Cruz,087,273765,3098,2921,35,2956,25
2020-11-01,Shasta,089,179085,2684,2172,23,2195,33
2020-11-01,Sierra,091,2930,7,6,0,6,0
2020-11-01,Siskiyou,093,43540,248,205,11,216,0
2020-11-01,Solano,095,438530,7955,7591,39,7630,84
2020-11-01,Sonoma,097,501317,10179,9688,33,9721,140
2020-11-01,Stanislaus,099,539301,18224,17961,839,18800,412
2020-11-01,Sutter,101,95872,1945,1888,1,1889,12
2020-11-01,Tehama,103,63373,1027,965,2,967,5
2020-11-01,Trinity,105,12862,108,30,12,42,0
2020-11-01,Tulare,107,460477,18461,17774,474,18248,299
2020-11-01,Tuolumne,109,53932,324,295,5,300,5
2020-11-01,Ventura,111,848112,15586,14686,377,15063,156
2020-11-01,Yolo,113,214977,3445,3303,10,3313,60
2020-11-01,Yuba,115,75493,1342,1273,5,1278,10
2020-10-31,Alameda,001,1643700,24505,23780,229,24009,416
2020-10-31,Alpine,003,1148,10,4,0,4,0
2020-10-31,Amador,005,37829,370,347,0,347,16
2020-10-31,Butte,007,227075,3299,3172,46,3218,57
2020-10-31,Calaveras,009,45235,349,280,0,280,18
2020-10-31,Colusa,011,21464,575,555,1,556,6
2020-10-31,Contra Costa,013,1133247,19739,19161,96,19257,249
2020-10-31,Del Norte,015,27424,188,175,0,175,2
2020-10-31,El Dorado,017,186661,1519,1390,12,1402,4
2020-10-31,Fresno,019,978130,34403,31558,522,32080,451
2020-10-31,Glenn,021,27897,709,678,3,681,3
2020-10-31,Humboldt,023,135768,592,561,1,562,8
2020-10-31,Imperial,025,180216,13256,12912,19,12931,334
2020-10-31,Inyo,027,18085,251,241,5,246,14
2020-10-31,Kern,029,883053,34658,33666,461,34127,437
2020-10-31,Kings,031,150075,8994,8612,56,8668,82
2020-10-31,Lake,033,64148,750,724,0,724,16
2020-10-31,Lassen,035,31185,794,782,2,784,0
2020-10-31,Los Angeles,037,10098052,312170,304704,3074,307778,7073
2020-10-31,Madera,039,155013,5207,5013,50,5063,54
2020-10-31,Marin,041,260295,7233,7112,20,7132,125
2020-10-31,Mariposa,043,17540,83,79,0,79,2
2020-10-31,Mendocino,045,87422,1118,1066,5,1071,21
2020-10-31,Merced,047,269075,9834,9597,38,9635,151
2020-10-31,Modoc,049,8938,52,34,4,38,0
2020-10-31,Mono,051,14174,263,194,5,199,1
2020-10-31,Monterey,053,433212,11880,11539,81,11620,93
2020-10-31,Napa,055,140530,2205,2040,9,2049,15
2020-10-31,Nevada,057,99092,690,644,18,662,9
2020-10-31,Orange,059,3164182,62497,59488,1857,61345,1473
2020-10-31,Placer,061,380077,4722,4374,19,4393,58
2020-10-31,Plumas,063,18699,95,85,0,85,0
2020-10-31,Riverside,065,2383286,70208,68178,534,68712,1319
2020-10-31,Sacramento,067,1510023,27020,26316,35,26351,507
2020-10-31,San Benito,069,59416,1475,1448,1,1449,15
2020-10-31,San Bernardino,071,2135413,67156,64016,506,64522,1157
2020-10-31,San Diego,073,3302833,59451,56769,1729,58498,891
2020-10-31,San Francisco,075,870044,12746,12438,50,12488,145
2020-10-31,San Joaquin,077,732212,22522,21918,256,22174,500
2020-10-31,San Luis Obispo,079,281455,4622,4285,36,4321,31
2020-10-31,San Mateo,081,765935,11749,11253,11,11264,160
2020-10-31,Santa Barbara,083,443738,10114,9957,99,10056,130
2020-10-31,Santa Clara,085,1922200,26534,24957,51,25008,379
2020-10-31,Santa Cruz,087,273765,3063,2895,34,2929,25
2020-10-31,Shasta,089,179085,2630,2122,22,2144,33
2020-10-31,Sierra,091,2930,7,6,0,6,0
2020-10-31,Siskiyou,093,43540,246,200,11,211,0
2020-10-31,Solano,095,438530,7891,7545,39,7584,84
2020-10-31,Sonoma,097,501317,10126,9648,33,9681,140
2020-10-31,Stanislaus,099,539301,18161,17920,823,18743,412
2020-10-31,Sutter,101,95872,1936,1876,1,1877,12
2020-10-31,Tehama,103,63373,1017,953,2,955,5
2020-10-31,Trinity,105,12862,105,30,12,42,0
2020-10-31,Tulare,107,460477,18412,17758,467,18225,299
2020-10-31,Tuolumne,109,53932,317,290,5,295,5
2020-10-31,Ventura,111,848112,15502,14635,359,14994,155
2020-10-31,Yolo,113,214977,3410,3290,10,3300,60
2020-10-31,Yuba,115,75493,1326,1260,4,1264,10
2020-10-30,Alameda,001,1643700,24426,23676,227,23903,401
2020-10-30,Alpine,003,1148,10,4,0,4,0
2020-10-30,Amador,005,37829,370,344,0,344,16
2020-10-30,Butte,007,227075,3294,3160,46,3206,57
2020-10-30,Calaveras,009,45235,348,279,0,279,18
2020-10-30,Colusa,011,21464,573,554,1,555,6
2020-10-30,Contra Costa,013,1133247,19667,19074,96,19170,249
2020-10-30,Del Norte,015,27424,187,175,0,175,2
2020-10-30,El Dorado,017,186661,1506,1386,12,1398,4
2020-10-30,Fresno,019,978130,34281,31409,514,31923,446
2020-10-30,Glenn,021,27897,703,674,2,676,3
2020-10-30,Humboldt,023,135768,591,561,1,562,7
2020-10-30,Imperial,025,180216,13215,12853,19,12872,334
2020-10-30,Inyo,027,18085,250,241,5,246,14
2020-10-30,Kern,029,883053,34565,33583,460,34043,437
2020-10-30,Kings,031,150075,8984,8564,54,8618,82
2020-10-30,Lake,033,64148,750,720,0,720,16
2020-10-30,Lassen,035,31185,788,777,2,779,0
2020-10-30,Los Angeles,037,10098052,310734,303425,3039,306464,7060
2020-10-30,Madera,039,155013,5195,4991,48,5039,54
2020-10-30,Marin,041,260295,7213,7097,20,7117,125
2020-10-30,Mariposa,043,17540,83,78,0,78,2
2020-10-30,Mendocino,045,87422,1116,1062,5,1067,21
2020-10-30,Merced,047,269075,9802,9539,38,9577,150
2020-10-30,Modoc,049,8938,51,34,3,37,0
2020-10-30,Mono,051,14174,262,193,5,198,1
2020-10-30,Monterey,053,433212,11817,11491,76,11567,92
2020-10-30,Napa,055,140530,2187,2028,9,2037,15
2020-10-30,Nevada,057,99092,684,634,18,652,9
2020-10-30,Orange,059,3164182,62256,59334,1845,61179,1469
2020-10-30,Placer,061,380077,4675,4335,19,4354,58
2020-10-30,Plumas,063,18699,92,80,0,80,0
2020-10-30,Riverside,065,2383286,69870,67752,514,68266,1317
2020-10-30,Sacramento,067,1510023,26872,26147,35,26182,505
2020-10-30,San Benito,069,59416,1469,1440,1,1441,15
2020-10-30,San Bernardino,071,2135413,66740,63512,503,64015,1156
2020-10-30,San Diego,073,3302833,59046,56387,1707,58094,888
2020-10-30,San Francisco,075,870044,12691,12384,50,12434,145
2020-10-30,San Joaquin,077,732212,22455,21849,250,22099,500
2020-10-30,San Luis Obispo,079,281455,4580,4256,36,4292,31
2020-10-30,San Mateo,081,765935,11690,11207,11,11218,159
2020-10-30,Santa Barbara,083,443738,10091,9937,99,10036,128
2020-10-30,Santa Clara,085,1922200,26386,24811,51,24862,378
2020-10-30,Santa Cruz,087,273765,3045,2874,34,2908,25
2020-10-30,Shasta,089,179085,2586,2048,21,2069,32
2020-10-30,Sierra,091,2930,7,6,0,6,0
2020-10-30,Siskiyou,093,43540,246,192,11,203,0
2020-10-30,Solano,095,438530,7830,7497,39,7536,84
2020-10-30,Sonoma,097,501317,10051,9602,33,9635,140
2020-10-30,Stanislaus,099,539301,18113,17861,808,18669,410
2020-10-30,Sutter,101,95872,1923,1860,1,1861,12
2020-10-30,Tehama,103,63373,1013,932,2,934,5
2020-10-30,Trinity,105,12862,105,29,12,41,0
2020-10-30,Tulare,107,460477,18368,17682,452,18134,299
2020-10-30,Tuolumne,109,53932,310,286,5,291,4
2020-10-30,Ventura,111,848112,15429,14578,348,14926,154
2020-10-30,Yolo,113,214977,3393,3263,10,3273,60
2020-10-30,Yuba,115,75493,1318,1256,4,1260,10
2020-10-29,Alameda,001,1643700,24263,23530,226,23756,401
2020-10-29,Alpine,003,1148,7,4,0,4,0
2020-10-29,Amador,005,37829,366,338,0,338,16
2020-10-29,Butte,007,227075,3276,3143,45,3188,57
2020-10-29,Calaveras,009,45235,346,278,0,278,13
2020-10-29,Colusa,011,21464,569,552,1,553,6
2020-10-29,Contra Costa,013,1133247,19570,18933,95,19028,249
2020-10-29,Del Norte,015,27424,185,174,0,174,2
2020-10-29,El Dorado,017,186661,1484,1370,12,1382,4
2020-10-29,Fresno,019,978130,34124,31321,507,31828,445
2020-10-29,Glenn,021,27897,701,673,2,675,3
2020-10-29,Humboldt,023,135768,586,559,1,560,7
2020-10-29,Imperial,025,180216,13172,12769,19,12788,334
2020-10-29,Inyo,027,18085,248,238,5,243,14
2020-10-29,Kern,029,883053,34464,33460,455,33915,437
2020-10-29,Kings,031,150075,8830,8502,53,8555,82
2020-10-29,Lake,033,64148,747,702,0,702,16
2020-10-29,Lassen,035,31185,787,772,2,774,0
2020-10-29,Los Angeles,037,10098052,309106,302246,2993,305239,7046
2020-10-29,Madera,039,155013,5165,4970,46,5016,53
2020-10-29,Marin,041,260295,7199,7083,20,7103,125
2020-10-29,Mariposa,043,17540,81,78,0,78,2
2020-10-29,Mendocino,045,87422,1110,1058,5,1063,21
2020-10-29,Merced,047,269075,9750,9496,38,9534,150
2020-10-29,Modoc,049,8938,49,31,3,34,0
2020-10-29,Mono,051,14174,255,176,5,181,1
2020-10-29,Monterey,053,433212,11736,11425,74,11499,92
2020-10-29,Napa,055,140530,2163,2009,9,2018,15
2020-10-29,Nevada,057,99092,677,632,18,650,9
2020-10-29,Orange,059,3164182,61988,59046,1825,60871,1464
2020-10-29,Placer,061,380077,4630,4270,18,4288,58
2020-10-29,Plumas,063,18699,90,69,0,69,0
2020-10-29,Riverside,065,2383286,69494,67268,484,67752,1304
2020-10-29,Sacramento,067,1510023,26659,25978,34,26012,507
2020-10-29,San Benito,069,59416,1464,1431,1,1432,15
2020-10-29,San Bernardino,071,2135413,66172,62968,493,63461,1150
2020-10-29,San Diego,073,3302833,58580,55916,1678,57594,885
2020-10-29,San Francisco,075,870044,12613,12312,50,12362,145
2020-10-29,San Joaquin,077,732212,22371,21736,238,21974,498
2020-10-29,San Luis Obispo,079,281455,4549,4223,35,4258,31
2020-10-29,San Mateo,081,765935,11645,11145,11,11156,157
2020-10-29,Santa Barbara,083,443738,10058,9902,97,9999,128
2020-10-29,Santa Clara,085,1922200,26235,24614,51,24665,377
2020-10-29,Santa Cruz,087,273765,3020,2850,34,2884,24
2020-10-29,Shasta,089,179085,2523,2008,21,2029,32
2020-10-29,Sierra,091,2930,6,6,0,6,0
2020-10-29,Siskiyou,093,43540,230,185,11,196,0
2020-10-29,Solano,095,438530,7768,7453,39,7492,78
2020-10-29,Sonoma,097,501317,9986,9533,33,9566,140
2020-10-29,Stanislaus,099,539301,18060,17790,787,18577,410
2020-10-29,Sutter,101,95872,1916,1852,1,1853,12
2020-10-29,Tehama,103,63373,995,925,2,927,5
2020-10-29,Trinity,105,12862,100,28,11,39,0
2020-10-29,Tulare,107,460477,18290,17627,434,18061,299
2020-10-29,Tuolumne,109,53932,305,279,5,284,4
2020-10-29,Ventura,111,848112,15338,14486,344,14830,154
2020-10-29,Yolo,113,214977,3364,3246,10,3256,60
2020-10-29,Yuba,115,75493,1307,1248,4,1252,10
2020-10-28,Alameda,001,1643700,24163,23468,225,23693,400
2020-10-28,Alpine,003,1148,6,4,0,4,0
2020-10-28,Amador,005,37829,363,337,0,337,16
2020-10-28,Butte,007,227075,3260,3134,42,3176,56
2020-10-28,Calaveras,009,45235,345,278,0,278,13
2020-10-28,Colusa,011,21464,566,551,1,552,6
2020-10-28,Contra Costa,013,1133247,19483,18828,94,18922,246
2020-10-28,Del Norte,015,27424,182,173,0,173,2
2020-10-28,El Dorado,017,186661,1472,1363,12,1375,4
2020-10-28,Fresno,019,978130,34003,31195,501,31696,444
2020-10-28,Glenn,021,27897,697,673,2,675,3
2020-10-28,Humboldt,023,135768,582,559,1,560,7
2020-10-28,Imperial,025,180216,13123,12730,19,12749,333
2020-10-28,Inyo,027,18085,248,238,5,243,14
2020-10-28,Kern,029,883053,34362,33424,437,33861,436
2020-10-28,Kings,031,150075,8808,8486,53,8539,82
2020-10-28,Lake,033,64148,744,700,0,700,15
2020-10-28,Lassen,035,31185,783,771,2,773,0
2020-10-28,Los Angeles,037,10098052,307650,300726,2951,303677,7031
2020-10-28,Madera,039,155013,5148,4954,45,4999,53
2020-10-28,Marin,041,260295,7188,7079,20,7099,126
2020-10-28,Mariposa,043,17540,81,78,0,78,2
2020-10-28,Mendocino,045,87422,1109,1037,5,1042,20
2020-10-28,Merced,047,269075,9724,9480,37,9517,150
2020-10-28,Modoc,049,8938,48,31,2,33,0
2020-10-28,Mono,051,14174,237,176,5,181,1
2020-10-28,Monterey,053,433212,11678,11330,72,11402,89
2020-10-28,Napa,055,140530,2137,1998,8,2006,15
2020-10-28,Nevada,057,99092,669,629,18,647,9
2020-10-28,Orange,059,3164182,61724,58801,1809,60610,1459
2020-10-28,Placer,061,380077,4574,4236,18,4254,57
2020-10-28,Plumas,063,18699,89,67,0,67,0
2020-10-28,Riverside,065,2383286,69096,67003,460,67463,1302
2020-10-28,Sacramento,067,1510023,26463,25838,33,25871,506
2020-10-28,San Benito,069,59416,1456,1429,1,1430,15
2020-10-28,San Bernardino,071,2135413,65713,62778,484,63262,1154
2020-10-28,San Diego,073,3302833,58197,55556,1649,57205,881
2020-10-28,San Francisco,075,870044,12555,12261,49,12310,145
2020-10-28,San Joaquin,077,732212,22287,21707,227,21934,498
2020-10-28,San Luis Obispo,079,281455,4505,4197,32,4229,31
2020-10-28,San Mateo,081,765935,11578,11101,11,11112,157
2020-10-28,Santa Barbara,083,443738,10035,9872,95,9967,127
2020-10-28,Santa Clara,085,1922200,26091,24503,51,24554,375
2020-10-28,Santa Cruz,087,273765,2989,2836,34,2870,24
2020-10-28,Shasta,089,179085,2443,1996,20,2016,31
2020-10-28,Sierra,091,2930,6,6,0,6,0
2020-10-28,Siskiyou,093,43540,227,182,10,192,0
2020-10-28,Solano,095,438530,7709,7362,39,7401,77
2020-10-28,Sonoma,097,501317,9896,9457,28,9485,140
2020-10-28,Stanislaus,099,539301,17995,17765,778,18543,409
2020-10-28,Sutter,101,95872,1907,1840,1,1841,12
2020-10-28,Tehama,103,63373,984,921,2,923,5
2020-10-28,Trinity,105,12862,93,28,10,38,0
2020-10-28,Tulare,107,460477,18233,17569,419,17988,297
2020-10-28,Tuolumne,109,53932,302,277,5,282,4
2020-10-28,Ventura,111,848112,15265,14409,335,14744,153
2020-10-28,Yolo,113,214977,3339,3230,10,3240,60
2020-10-28,Yuba,115,75493,1295,1245,4,1249,10
2020-10-27,Alameda,001,1643700,24047,23365,223,23588,400
2020-10-27,Alpine,003,1148,6,3,0,3,0
2020-10-27,Amador,005,37829,360,335,0,335,16
2020-10-27,Butte,007,227075,3244,3107,39,3146,56
2020-10-27,Calaveras,009,45235,343,277,0,277,13
2020-10-27,Colusa,011,21464,561,549,1,550,6
2020-10-27,Contra Costa,013,1133247,19377,18766,94,18860,246
2020-10-27,Del Norte,015,27424,179,173,0,173,2
2020-10-27,El Dorado,017,186661,1459,1351,12,1363,4
2020-10-27,Fresno,019,978130,33884,31096,496,31592,442
2020-10-27,Glenn,021,27897,695,667,1,668,3
2020-10-27,Humboldt,023,135768,579,559,1,560,7
2020-10-27,Imperial,025,180216,13074,12680,19,12699,333
2020-10-27,Inyo,027,18085,248,231,5,236,14
2020-10-27,Kern,029,883053,34245,33328,433,33761,436
2020-10-27,Kings,031,150075,8777,8411,53,8464,83
2020-10-27,Lake,033,64148,741,700,0,700,15
2020-10-27,Lassen,035,31185,781,764,2,766,0
2020-10-27,Los Angeles,037,10098052,306262,299438,2922,302360,7008
2020-10-27,Madera,039,155013,5118,4942,44,4986,53
2020-10-27,Marin,041,260295,7172,7070,20,7090,126
2020-10-27,Mariposa,043,17540,80,78,0,78,2
2020-10-27,Mendocino,045,87422,1103,1033,4,1037,20
2020-10-27,Merced,047,269075,9683,9449,37,9486,150
2020-10-27,Modoc,049,8938,46,31,2,33,0
2020-10-27,Mono,051,14174,223,169,5,174,1
2020-10-27,Monterey,053,433212,11622,11261,70,11331,88
2020-10-27,Napa,055,140530,2121,1979,8,1987,15
2020-10-27,Nevada,057,99092,663,622,18,640,8
2020-10-27,Orange,059,3164182,61453,58550,1793,60343,1448
2020-10-27,Placer,061,380077,4525,4197,16,4213,57
2020-10-27,Plumas,063,18699,86,63,0,63,0
2020-10-27,Riverside,065,2383286,68743,66699,415,67114,1299
2020-10-27,Sacramento,067,1510023,26276,25701,32,25733,501
2020-10-27,San Benito,069,59416,1451,1428,1,1429,15
2020-10-27,San Bernardino,071,2135413,65251,62357,471,62828,1154
2020-10-27,San Diego,073,3302833,57724,55226,1626,56852,877
2020-10-27,San Francisco,075,870044,12480,12218,48,12266,140
2020-10-27,San Joaquin,077,732212,22196,21637,218,21855,496
2020-10-27,San Luis Obispo,079,281455,4478,4148,28,4176,31
2020-10-27,San Mateo,081,765935,11531,11074,11,11085,156
2020-10-27,Santa Barbara,083,443738,10005,9874,94,9968,125
2020-10-27,Santa Clara,085,1922200,25949,24368,51,24419,367
2020-10-27,Santa Cruz,087,273765,2959,2815,33,2848,24
2020-10-27,Shasta,089,179085,2357,1962,20,1982,29
2020-10-27,Sierra,091,2930,6,6,0,6,0
2020-10-27,Siskiyou,093,43540,218,181,10,191,0
2020-10-27,Solano,095,438530,7640,7298,39,7337,77
2020-10-27,Sonoma,097,501317,9829,9389,28,9417,140
2020-10-27,Stanislaus,099,539301,17927,17720,771,18491,408
2020-10-27,Sutter,101,95872,1894,1832,1,1833,12
2020-10-27,Tehama,103,63373,970,913,2,915,5
2020-10-27,Trinity,105,12862,90,28,10,38,0
2020-10-27,Tulare,107,460477,18170,17520,396,17916,296
2020-10-27,Tuolumne,109,53932,298,275,5,280,4
2020-10-27,Ventura,111,848112,15182,14347,328,14675,153
2020-10-27,Yolo,113,214977,3326,3216,10,3226,58
2020-10-27,Yuba,115,75493,1282,1235,4,1239,10
2020-10-26,Alameda,001,1643700,23934,23284,222,23506,398
2020-10-26,Alpine,003,1148,4,3,0,3,0
2020-10-26,Amador,005,37829,356,331,0,331,16
2020-10-26,Butte,007,227075,3233,3095,37,3132,56
2020-10-26,Calaveras,009,45235,340,274,0,274,13
2020-10-26,Colusa,011,21464,559,548,1,549,6
2020-10-26,Contra Costa,013,1133247,19282,18718,93,18811,245
2020-10-26,Del Norte,015,27424,179,171,0,171,2
2020-10-26,El Dorado,017,186661,1445,1336,12,1348,4
2020-10-26,Fresno,019,978130,33770,30969,489,31458,441
2020-10-26,Glenn,021,27897,688,660,1,661,3
2020-10-26,Humboldt,023,135768,571,554,1,555,7
2020-10-26,Imperial,025,180216,13020,12654,16,12670,333
2020-10-26,Inyo,027,18085,248,226,5,231,14
2020-10-26,Kern,029,883053,34161,33233,428,33661,432
2020-10-26,Kings,031,150075,8756,8264,51,8315,82
2020-10-26,Lake,033,64148,739,697,0,697,15
2020-10-26,Lassen,035,31185,778,764,2,766,0
2020-10-26,Los Angeles,037,10098052,304835,297961,2881,300842,6979
2020-10-26,Madera,039,155013,5097,4922,43,4965,53
2020-10-26,Marin,041,260295,7166,7064,19,7083,104
2020-10-26,Mariposa,043,17540,80,77,0,77,2
2020-10-26,Mendocino,045,87422,1095,1026,4,1030,20
2020-10-26,Merced,047,269075,9636,9375,36,9411,150
2020-10-26,Modoc,049,8938,44,28,0,28,0
2020-10-26,Mono,051,14174,217,167,5,172,1
2020-10-26,Monterey,053,433212,11571,11207,66,11273,87
2020-10-26,Napa,055,140530,2089,1966,8,1974,14
2020-10-26,Nevada,057,99092,656,618,18,636,8
2020-10-26,Orange,059,3164182,61249,58377,1775,60152,1442
2020-10-26,Placer,061,380077,4483,4161,15,4176,57
2020-10-26,Plumas,063,18699,84,63,0,63,0
2020-10-26,Riverside,065,2383286,68292,66475,389,66864,1294
2020-10-26,Sacramento,067,1510023,26095,25555,30,25585,496
2020-10-26,San Benito,069,59416,1443,1424,1,1425,15
2020-10-26,San Bernardino,071,2135413,64780,61871,468,62339,1153
2020-10-26,San Diego,073,3302833,57331,54957,1588,56545,870
2020-10-26,San Francisco,075,870044,12420,12072,48,12120,138
2020-10-26,San Joaquin,077,732212,22113,21459,212,21671,495
2020-10-26,San Luis Obispo,079,281455,4452,4133,28,4161,31
2020-10-26,San Mateo,081,765935,11487,11037,11,11048,156
2020-10-26,Santa Barbara,083,443738,9982,9827,94,9921,122
2020-10-26,Santa Clara,085,1922200,25759,24258,50,24308,365
2020-10-26,Santa Cruz,087,273765,2933,2808,33,2841,24
2020-10-26,Shasta,089,179085,2303,1889,20,1909,29
2020-10-26,Sierra,091,2930,6,6,0,6,0
2020-10-26,Siskiyou,093,43540,210,179,10,189,0
2020-10-26,Solano,095,438530,7560,7271,39,7310,62
2020-10-26,Sonoma,097,501317,9752,9315,28,9343,140
2020-10-26,Stanislaus,099,539301,17877,17666,761,18427,400
2020-10-26,Sutter,101,95872,1886,1817,1,1818,12
2020-10-26,Tehama,103,63373,950,892,2,894,5
2020-10-26,Trinity,105,12862,89,26,10,36,0
2020-10-26,Tulare,107,460477,18093,17432,373,17805,296
2020-10-26,Tuolumne,109,53932,289,271,5,276,4
2020-10-26,Ventura,111,848112,15113,14330,325,14655,154
2020-10-26,Yolo,113,214977,3307,3206,10,3216,58
2020-10-26,Yuba,115,75493,1266,1226,4,1230,10
2020-10-25,Alameda,001,1643700,23827,23192,222,23414,398
2020-10-25,Alpine,003,1148,3,3,0,3,0
2020-10-25,Amador,005,37829,345,330,0,330,16
2020-10-25,Butte,007,227075,3213,3087,37,3124,56
2020-10-25,Calaveras,009,45235,339,274,0,274,13
2020-10-25,Colusa,011,21464,555,548,1,549,6
2020-10-25,Contra Costa,013,1133247,19179,18640,93,18733,245
2020-10-25,Del Norte,015,27424,175,171,0,171,2
2020-10-25,El Dorado,017,186661,1430,1328,12,1340,4
2020-10-25,Fresno,019,978130,33636,30858,476,31334,441
2020-10-25,Glenn,021,27897,685,652,1,653,3
2020-10-25,Humboldt,023,135768,568,554,1,555,7
2020-10-25,Imperial,025,180216,12971,12572,16,12588,333
2020-10-25,Inyo,027,18085,245,226,5,231,14
2020-10-25,Kern,029,883053,34054,33185,424,33609,432
2020-10-25,Kings,031,150075,8723,8246,49,8295,82
2020-10-25,Lake,033,64148,722,695,0,695,15
2020-10-25,Lassen,035,31185,776,764,2,766,0
2020-10-25,Los Angeles,037,10098052,303270,297110,2845,299955,6973
2020-10-25,Madera,039,155013,5067,4909,38,4947,53
2020-10-25,Marin,041,260295,7156,7052,19,7071,102
2020-10-25,Mariposa,043,17540,80,77,0,77,2
2020-10-25,Mendocino,045,87422,1088,1024,4,1028,20
2020-10-25,Merced,047,269075,9571,9352,34,9386,150
2020-10-25,Modoc,049,8938,39,28,0,28,0
2020-10-25,Mono,051,14174,209,167,5,172,1
2020-10-25,Monterey,053,433212,11488,11182,61,11243,87
2020-10-25,Napa,055,140530,2059,1962,8,1970,14
2020-10-25,Nevada,057,99092,648,616,18,634,8
2020-10-25,Orange,059,3164182,60961,58185,1766,59951,1443
2020-10-25,Placer,061,380077,4431,4140,15,4155,57
2020-10-25,Plumas,063,18699,84,63,0,63,0
2020-10-25,Riverside,065,2383286,67841,66192,373,66565,1289
2020-10-25,Sacramento,067,1510023,25880,25445,28,25473,496
2020-10-25,San Benito,069,59416,1436,1423,1,1424,15
2020-10-25,San Bernardino,071,2135413,64240,61551,456,62007,1153
2020-10-25,San Diego,073,3302833,56868,54599,1556,56155,870
2020-10-25,San Francisco,075,870044,12347,12072,48,12120,137
2020-10-25,San Joaquin,077,732212,22005,21459,204,21663,495
2020-10-25,San Luis Obispo,079,281455,4410,4126,26,4152,31
2020-10-25,San Mateo,081,765935,11442,10987,11,10998,156
2020-10-25,Santa Barbara,083,443738,9963,9814,94,9908,122
2020-10-25,Santa Clara,085,1922200,25571,24087,50,24137,365
2020-10-25,Santa Cruz,087,273765,2906,2789,33,2822,24
2020-10-25,Shasta,089,179085,2239,1889,20,1909,29
2020-10-25,Sierra,091,2930,6,6,0,6,0
2020-10-25,Siskiyou,093,43540,207,176,10,186,0
2020-10-25,Solano,095,438530,7482,7197,39,7236,60
2020-10-25,Sonoma,097,501317,9659,9235,27,9262,140
2020-10-25,Stanislaus,099,539301,17820,17641,752,18393,400
2020-10-25,Sutter,101,95872,1868,1811,1,1812,12
2020-10-25,Tehama,103,63373,933,880,2,882,5
2020-10-25,Trinity,105,12862,85,26,10,36,0
2020-10-25,Tulare,107,460477,18019,17431,363,17794,296
2020-10-25,Tuolumne,109,53932,284,271,5,276,4
2020-10-25,Ventura,111,848112,15020,14300,319,14619,154
2020-10-25,Yolo,113,214977,3286,3190,10,3200,58
2020-10-25,Yuba,115,75493,1258,1219,4,1223,10
2020-10-24,Alameda,001,1643700,23756,23099,219,23318,398
2020-10-24,Alpine,003,1148,3,3,0,3,0
2020-10-24,Amador,005,37829,344,328,0,328,16
2020-10-24,Butte,007,227075,3204,3078,37,3115,56
2020-10-24,Calaveras,009,45235,337,274,0,274,13
2020-10-24,Colusa,011,21464,550,548,1,549,6
2020-10-24,Contra Costa,013,1133247,19112,18567,93,18660,244
2020-10-24,Del Norte,015,27424,174,171,0,171,2
2020-10-24,El Dorado,017,186661,1414,1317,12,1329,4
2020-10-24,Fresno,019,978130,33575,30752,471,31223,441
2020-10-24,Glenn,021,27897,682,650,1,651,3
2020-10-24,Humboldt,023,135768,566,553,1,554,7
2020-10-24,Imperial,025,180216,12944,12469,16,12485,333
2020-10-24,Inyo,027,18085,245,226,5,231,14
2020-10-24,Kern,029,883053,33996,33105,419,33524,432
2020-10-24,Kings,031,150075,8713,8228,48,8276,82
2020-10-24,Lake,033,64148,717,696,0,696,15
2020-10-24,Lassen,035,31185,775,764,2,766,0
2020-10-24,Los Angeles,037,10098052,302452,296323,2823,299146,6969
2020-10-24,Madera,039,155013,5054,4898,37,4935,53
2020-10-24,Marin,041,260295,7147,7042,19,7061,102
2020-10-24,Mariposa,043,17540,80,77,0,77,2
2020-10-24,Mendocino,045,87422,1076,1022,4,1026,20
2020-10-24,Merced,047,269075,9547,9351,34,9385,150
2020-10-24,Modoc,049,8938,38,28,0,28,0
2020-10-24,Mono,051,14174,195,167,5,172,1
2020-10-24,Monterey,053,433212,11419,11153,60,11213,87
2020-10-24,Napa,055,140530,2042,1957,8,1965,14
2020-10-24,Nevada,057,99092,644,608,18,626,8
2020-10-24,Orange,059,3164182,60806,57928,1756,59684,1441
2020-10-24,Placer,061,380077,4400,4093,15,4108,57
2020-10-24,Plumas,063,18699,78,63,0,63,0
2020-10-24,Riverside,065,2383286,67633,65902,359,66261,1288
2020-10-24,Sacramento,067,1510023,25799,25372,28,25400,496
2020-10-24,San Benito,069,59416,1431,1417,1,1418,15
2020-10-24,San Bernardino,071,2135413,64001,61351,448,61799,1153
2020-10-24,San Diego,073,3302833,56591,54330,1543,55873,868
2020-10-24,San Francisco,075,870044,12289,12073,47,12120,137
2020-10-24,San Joaquin,077,732212,21952,21458,199,21657,495
2020-10-24,San Luis Obispo,079,281455,4387,4119,25,4144,31
2020-10-24,San Mateo,081,765935,11403,10942,11,10953,155
2020-10-24,Santa Barbara,083,443738,9946,9781,94,9875,122
2020-10-24,Santa Clara,085,1922200,25484,23978,50,24028,365
2020-10-24,Santa Cruz,087,273765,2887,2775,33,2808,24
2020-10-24,Shasta,089,179085,2194,1878,20,1898,29
2020-10-24,Sierra,091,2930,6,6,0,6,0
2020-10-24,Siskiyou,093,43540,206,174,10,184,0
2020-10-24,Solano,095,438530,7429,7189,39,7228,60
2020-10-24,Sonoma,097,501317,9625,9179,27,9206,140
2020-10-24,Stanislaus,099,539301,17777,17574,737,18311,400
2020-10-24,Sutter,101,95872,1859,1804,1,1805,12
2020-10-24,Tehama,103,63373,925,872,2,874,5
2020-10-24,Trinity,105,12862,85,25,10,35,0
2020-10-24,Tulare,107,460477,17996,17406,352,17758,295
2020-10-24,Tuolumne,109,53932,281,269,5,274,4
2020-10-24,Ventura,111,848112,14967,14240,318,14558,154
2020-10-24,Yolo,113,214977,3274,3164,10,3174,57
2020-10-24,Yuba,115,75493,1255,1210,4,1214,10
2020-10-23,Alameda,001,1643700,23683,23047,217,23264,393
2020-10-23,Alpine,003,1148,3,3,0,3,0
2020-10-23,Amador,005,37829,343,324,0,324,16
2020-10-23,Butte,007,227075,3195,3059,37,3096,55
2020-10-23,Calaveras,009,45235,336,273,0,273,13
2020-10-23,Colusa,011,21464,550,547,1,548,6
2020-10-23,Contra Costa,013,1133247,19042,18483,92,18575,244
2020-10-23,Del Norte,015,27424,174,171,0,171,2
2020-10-23,El Dorado,017,186661,1405,1310,12,1322,4
2020-10-23,Fresno,019,978130,33508,30590,468,31058,441
2020-10-23,Glenn,021,27897,679,644,1,645,3
2020-10-23,Humboldt,023,135768,564,553,1,554,7
2020-10-23,Imperial,025,180216,12913,12398,15,12413,333
2020-10-23,Inyo,027,18085,244,226,5,231,14
2020-10-23,Kern,029,883053,33928,33077,414,33491,431
2020-10-23,Kings,031,150075,8704,8218,48,8266,82
2020-10-23,Lake,033,64148,715,689,0,689,15
2020-10-23,Lassen,035,31185,774,764,2,766,0
2020-10-23,Los Angeles,037,10098052,301368,294287,2795,297082,6956
2020-10-23,Madera,039,155013,5049,4888,37,4925,53
2020-10-23,Marin,041,260295,7134,7029,19,7048,102
2020-10-23,Mariposa,043,17540,80,77,0,77,2
2020-10-23,Mendocino,045,87422,1073,1019,4,1023,20
2020-10-23,Merced,047,269075,9533,9327,34,9361,149
2020-10-23,Modoc,049,8938,38,28,0,28,0
2020-10-23,Mono,051,14174,194,159,5,164,1
2020-10-23,Monterey,053,433212,11372,11099,56,11155,86
2020-10-23,Napa,055,140530,2034,1942,8,1950,14
2020-10-23,Nevada,057,99092,641,604,18,622,8
2020-10-23,Orange,059,3164182,60636,57595,1741,59336,1430
2020-10-23,Placer,061,380077,4353,4073,15,4088,57
2020-10-23,Plumas,063,18699,75,63,0,63,0
2020-10-23,Riverside,065,2383286,67394,65512,351,65863,1279
2020-10-23,Sacramento,067,1510023,25694,25224,28,25252,496
2020-10-23,San Benito,069,59416,1429,1412,1,1413,15
2020-10-23,San Bernardino,071,2135413,63715,60854,434,61288,1150
2020-10-23,San Diego,073,3302833,56285,53944,1516,55460,867
2020-10-23,San Francisco,075,870044,12258,12015,47,12062,137
2020-10-23,San Joaquin,077,732212,21896,21361,193,21554,495
2020-10-23,San Luis Obispo,079,281455,4362,4102,25,4127,31
2020-10-23,San Mateo,081,765935,11354,10872,11,10883,155
2020-10-23,Santa Barbara,083,443738,9930,9751,94,9845,121
2020-10-23,Santa Clara,085,1922200,25382,23822,50,23872,364
2020-10-23,Santa Cruz,087,273765,2873,2757,33,2790,24
2020-10-23,Shasta,089,179085,2157,1846,19,1865,29
2020-10-23,Sierra,091,2930,6,6,0,6,0
2020-10-23,Siskiyou,093,43540,202,172,10,182,0
2020-10-23,Solano,095,438530,7398,7174,39,7213,59
2020-10-23,Sonoma,097,501317,9568,9112,27,9139,139
2020-10-23,Stanislaus,099,539301,17740,17496,730,18226,395
2020-10-23,Sutter,101,95872,1852,1797,1,1798,12
2020-10-23,Tehama,103,63373,916,862,2,864,5
2020-10-23,Trinity,105,12862,85,26,10,36,0
2020-10-23,Tulare,107,460477,17951,17334,341,17675,295
2020-10-23,Tuolumne,109,53932,279,254,5,259,4
2020-10-23,Ventura,111,848112,14938,14192,318,14510,155
2020-10-23,Yolo,113,214977,3262,3140,10,3150,57
2020-10-23,Yuba,115,75493,1251,1206,4,1210,10
2020-10-22,Alameda,001,1643700,23582,22915,217,23132,393
2020-10-22,Alpine,003,1148,3,3,0,3,0
2020-10-22,Amador,005,37829,339,317,0,317,16
2020-10-22,Butte,007,227075,3185,3046,35,3081,55
2020-10-22,Calaveras,009,45235,333,273,0,273,13
2020-10-22,Colusa,011,21464,550,547,1,548,6
2020-10-22,Contra Costa,013,1133247,18971,18393,92,18485,243
2020-10-22,Del Norte,015,27424,173,168,0,168,2
2020-10-22,El Dorado,017,186661,1395,1308,12,1320,4
2020-10-22,Fresno,019,978130,33398,30471,460,30931,438
2020-10-22,Glenn,021,27897,672,643,1,644,3
2020-10-22,Humboldt,023,135768,562,548,1,549,7
2020-10-22,Imperial,025,180216,12860,12311,15,12326,333
2020-10-22,Inyo,027,18085,241,220,5,225,14
2020-10-22,Kern,029,883053,33847,32991,411,33402,431
2020-10-22,Kings,031,150075,8453,8201,48,8249,82
2020-10-22,Lake,033,64148,711,678,0,678,15
2020-10-22,Lassen,035,31185,771,764,2,766,0
2020-10-22,Los Angeles,037,10098052,299990,291599,2739,294338,6935
2020-10-22,Madera,039,155013,5028,4847,37,4884,52
2020-10-22,Marin,041,260295,7127,7014,19,7033,102
2020-10-22,Mariposa,043,17540,80,77,0,77,2
2020-10-22,Mendocino,045,87422,1068,1016,4,1020,20
2020-10-22,Merced,047,269075,9505,9323,34,9357,149
2020-10-22,Modoc,049,8938,34,26,0,26,0
2020-10-22,Mono,051,14174,189,156,5,161,1
2020-10-22,Monterey,053,433212,11313,11059,53,11112,84
2020-10-22,Napa,055,140530,2019,1928,8,1936,14
2020-10-22,Nevada,057,99092,635,600,18,618,8
2020-10-22,Orange,059,3164182,60421,57418,1724,59142,1422
2020-10-22,Placer,061,380077,4304,4036,15,4051,57
2020-10-22,Plumas,063,18699,72,62,0,62,0
2020-10-22,Riverside,065,2383286,67059,65104,333,65437,1279
2020-10-22,Sacramento,067,1510023,25554,25054,28,25082,492
2020-10-22,San Benito,069,59416,1425,1403,1,1404,15
2020-10-22,San Bernardino,071,2135413,63313,60402,419,60821,1149
2020-10-22,San Diego,073,3302833,55898,53514,1497,55011,866
2020-10-22,San Francisco,075,870044,12200,11991,45,12036,137
2020-10-22,San Joaquin,077,732212,21823,21282,187,21469,495
2020-10-22,San Luis Obispo,079,281455,4346,4081,25,4106,31
2020-10-22,San Mateo,081,765935,11298,10796,11,10807,155
2020-10-22,Santa Barbara,083,443738,9896,9710,92,9802,120
2020-10-22,Santa Clara,085,1922200,25228,23621,50,23671,363
2020-10-22,Santa Cruz,087,273765,2855,2738,32,2770,24
2020-10-22,Shasta,089,179085,2111,1799,19,1818,29
2020-10-22,Sierra,091,2930,6,6,0,6,0
2020-10-22,Siskiyou,093,43540,201,169,10,179,0
2020-10-22,Solano,095,438530,7352,7116,39,7155,59
2020-10-22,Sonoma,097,501317,9502,9052,26,9078,139
2020-10-22,Stanislaus,099,539301,17686,17440,718,18158,395
2020-10-22,Sutter,101,95872,1838,1794,1,1795,12
2020-10-22,Tehama,103,63373,905,852,2,854,5
2020-10-22,Trinity,105,12862,84,26,10,36,0
2020-10-22,Tulare,107,460477,17885,17265,328,17593,293
2020-10-22,Tuolumne,109,53932,277,252,5,257,4
2020-10-22,Ventura,111,848112,14891,14124,316,14440,154
2020-10-22,Yolo,113,214977,3250,3116,10,3126,58
2020-10-22,Yuba,115,75493,1244,1199,3,1202,10
2020-10-21,Alameda,001,1643700,23494,22853,215,23068,392
2020-10-21,Alpine,003,1148,3,3,0,3,0
2020-10-21,Amador,005,37829,334,313,0,313,16
2020-10-21,Butte,007,227075,3173,3041,35,3076,55
2020-10-21,Calaveras,009,45235,332,272,0,272,13
2020-10-21,Colusa,011,21464,550,546,1,547,6
2020-10-21,Contra Costa,013,1133247,18897,18299,92,18391,243
2020-10-21,Del Norte,015,27424,173,169,0,169,2
2020-10-21,El Dorado,017,186661,1383,1305,11,1316,4
2020-10-21,Fresno,019,978130,33303,30328,455,30783,433
2020-10-21,Glenn,021,27897,667,640,1,641,3
2020-10-21,Humboldt,023,135768,561,548,1,549,7
2020-10-21,Imperial,025,180216,12803,12210,15,12225,331
2020-10-21,Inyo,027,18085,237,220,5,225,14
2020-10-21,Kern,029,883053,33772,32956,409,33365,430
2020-10-21,Kings,031,150075,8426,8186,48,8234,80
2020-10-21,Lake,033,64148,710,676,0,676,15
2020-10-21,Lassen,035,31185,770,764,2,766,0
2020-10-21,Los Angeles,037,10098052,298649,288096,2697,290793,6923
2020-10-21,Madera,039,155013,5003,4831,37,4868,52
2020-10-21,Marin,041,260295,7118,7002,19,7021,102
2020-10-21,Mariposa,043,17540,80,77,0,77,2
2020-10-21,Mendocino,045,87422,1066,1011,4,1015,21
2020-10-21,Merced,047,269075,9481,9319,32,9351,149
2020-10-21,Modoc,049,8938,33,26,0,26,0
2020-10-21,Mono,051,14174,187,156,5,161,1
2020-10-21,Monterey,053,433212,11275,11005,52,11057,83
2020-10-21,Napa,055,140530,2004,1918,8,1926,13
2020-10-21,Nevada,057,99092,629,597,18,615,8
2020-10-21,Orange,059,3164182,60209,57189,1715,58904,1409
2020-10-21,Placer,061,380077,4267,4007,15,4022,56
2020-10-21,Plumas,063,18699,69,58,0,58,0
2020-10-21,Riverside,065,2383286,66763,64778,309,65087,1278
2020-10-21,Sacramento,067,1510023,25361,24908,28,24936,490
2020-10-21,San Benito,069,59416,1424,1401,1,1402,14
2020-10-21,San Bernardino,071,2135413,62903,59948,412,60360,1141
2020-10-21,San Diego,073,3302833,55546,53279,1469,54748,863
2020-10-21,San Francisco,075,870044,12151,11976,44,12020,137
2020-10-21,San Joaquin,077,732212,21747,21201,181,21382,495
2020-10-21,San Luis Obispo,079,281455,4319,4055,23,4078,31
2020-10-21,San Mateo,081,765935,11249,10730,11,10741,155
2020-10-21,Santa Barbara,083,443738,9879,9681,91,9772,121
2020-10-21,Santa Clara,085,1922200,25102,23537,50,23587,361
2020-10-21,Santa Cruz,087,273765,2832,2729,32,2761,24
2020-10-21,Shasta,089,179085,2075,1777,19,1796,27
2020-10-21,Sierra,091,2930,6,6,0,6,0
2020-10-21,Siskiyou,093,43540,197,169,10,179,0
2020-10-21,Solano,095,438530,7306,7088,39,7127,59
2020-10-21,Sonoma,097,501317,9422,8987,26,9013,138
2020-10-21,Stanislaus,099,539301,17636,17419,710,18129,392
2020-10-21,Sutter,101,95872,1824,1786,1,1787,12
2020-10-21,Tehama,103,63373,889,824,2,826,5
2020-10-21,Trinity,105,12862,78,25,9,34,0
2020-10-21,Tulare,107,460477,17847,17204,314,17518,292
2020-10-21,Tuolumne,109,53932,276,251,5,256,4
2020-10-21,Ventura,111,848112,14828,14050,313,14363,153
2020-10-21,Yolo,113,214977,3231,3095,10,3105,58
2020-10-21,Yuba,115,75493,1236,1194,3,1197,10
2020-10-20,Alameda,001,1643700,23391,22750,211,22961,391
2020-10-20,Alpine,003,1148,3,3,0,3,0
2020-10-20,Amador,005,37829,333,313,0,313,16
2020-10-20,Butte,007,227075,3161,3027,35,3062,56
2020-10-20,Calaveras,009,45235,330,273,0,273,13
2020-10-20,Colusa,011,21464,547,546,1,547,6
2020-10-20,Contra Costa,013,1133247,18804,18246,92,18338,241
2020-10-20,Del Norte,015,27424,172,169,0,169,2
2020-10-20,El Dorado,017,186661,1377,1295,11,1306,4
2020-10-20,Fresno,019,978130,33200,30220,449,30669,431
2020-10-20,Glenn,021,27897,662,638,1,639,3
2020-10-20,Humboldt,023,135768,557,545,1,546,7
2020-10-20,Imperial,025,180216,12735,12114,15,12129,330
2020-10-20,Inyo,027,18085,237,218,5,223,14
2020-10-20,Kern,029,883053,33697,32889,396,33285,429
2020-10-20,Kings,031,150075,8408,8178,47,8225,80
2020-10-20,Lake,033,64148,708,675,0,675,15
2020-10-20,Lassen,035,31185,769,757,2,759,0
2020-10-20,Los Angeles,037,10098052,297155,287727,2648,290375,6891
2020-10-20,Madera,039,155013,4986,4823,37,4860,52
2020-10-20,Marin,041,260295,7103,6994,19,7013,101
2020-10-20,Mariposa,043,17540,79,77,0,77,2
2020-10-20,Mendocino,045,87422,1064,1004,4,1008,21
2020-10-20,Merced,047,269075,9459,9323,32,9355,149
2020-10-20,Modoc,049,8938,32,26,0,26,0
2020-10-20,Mono,051,14174,187,156,5,161,1
2020-10-20,Monterey,053,433212,11232,10942,49,10991,81
2020-10-20,Napa,055,140530,1985,1912,8,1920,13
2020-10-20,Nevada,057,99092,619,596,18,614,8
2020-10-20,Orange,059,3164182,59945,56914,1705,58619,1397
2020-10-20,Placer,061,380077,4229,3997,15,4012,56
2020-10-20,Plumas,063,18699,66,53,0,53,0
2020-10-20,Riverside,065,2383286,66384,64452,297,64749,1275
2020-10-20,Sacramento,067,1510023,25233,24767,27,24794,485
2020-10-20,San Benito,069,59416,1421,1398,1,1399,14
2020-10-20,San Bernardino,071,2135413,62519,59571,410,59981,1109
2020-10-20,San Diego,073,3302833,55210,53004,1449,54453,857
2020-10-20,San Francisco,075,870044,12104,12013,43,12056,126
2020-10-20,San Joaquin,077,732212,21668,21173,172,21345,490
2020-10-20,San Luis Obispo,079,281455,4301,4043,22,4065,31
2020-10-20,San Mateo,081,765935,11202,10659,11,10670,155
2020-10-20,Santa Barbara,083,443738,9850,9664,89,9753,121
2020-10-20,Santa Clara,085,1922200,24964,23406,50,23456,358
2020-10-20,Santa Cruz,087,273765,2809,2710,32,2742,23
2020-10-20,Shasta,089,179085,2052,1747,19,1766,20
2020-10-20,Sierra,091,2930,6,6,0,6,0
2020-10-20,Siskiyou,093,43540,189,168,10,178,0
2020-10-20,Solano,095,438530,7257,7044,39,7083,57
2020-10-20,Sonoma,097,501317,9359,8904,24,8928,135
2020-10-20,Stanislaus,099,539301,17582,17367,706,18073,393
2020-10-20,Sutter,101,95872,1815,1783,1,1784,12
2020-10-20,Tehama,103,63373,874,813,2,815,5
2020-10-20,Trinity,105,12862,77,25,9,34,0
2020-10-20,Tulare,107,460477,17780,17156,309,17465,289
2020-10-20,Tuolumne,109,53932,274,250,5,255,4
2020-10-20,Ventura,111,848112,14764,13980,311,14291,152
2020-10-20,Yolo,113,214977,3208,3083,10,3093,56
2020-10-20,Yuba,115,75493,1226,1191,3,1194,10
2020-10-19,Alameda,001,1643700,23281,22647,210,22857,392
2020-10-19,Alpine,003,1148,3,3,0,3,0
2020-10-19,Amador,005,37829,327,313,0,313,16
2020-10-19,Butte,007,227075,3150,3026,35,3061,55
2020-10-19,Calaveras,009,45235,329,268,0,268,13
2020-10-19,Colusa,011,21464,547,544,1,545,6
2020-10-19,Contra Costa,013,1133247,18706,18173,92,18265,239
2020-10-19,Del Norte,015,27424,169,167,0,167,2
2020-10-19,El Dorado,017,186661,1356,1287,11,1298,4
2020-10-19,Fresno,019,978130,33090,30152,443,30595,431
2020-10-19,Glenn,021,27897,657,635,0,635,3
2020-10-19,Humboldt,023,135768,557,543,1,544,7
2020-10-19,Imperial,025,180216,12681,12036,14,12050,330
2020-10-19,Inyo,027,18085,236,218,5,223,14
2020-10-19,Kern,029,883053,33621,32840,393,33233,428
2020-10-19,Kings,031,150075,8390,8173,47,8220,80
2020-10-19,Lake,033,64148,705,673,0,673,15
2020-10-19,Lassen,035,31185,768,757,2,759,0
2020-10-19,Los Angeles,037,10098052,295671,287119,2610,289729,6858
2020-10-19,Madera,039,155013,4971,4787,37,4824,52
2020-10-19,Marin,041,260295,7085,6981,19,7000,100
2020-10-19,Mariposa,043,17540,79,77,0,77,2
2020-10-19,Mendocino,045,87422,1059,1001,4,1005,21
2020-10-19,Merced,047,269075,9434,9305,29,9334,148
2020-10-19,Modoc,049,8938,31,26,0,26,0
2020-10-19,Mono,051,14174,182,156,5,161,1
2020-10-19,Monterey,053,433212,11171,10907,49,10956,80
2020-10-19,Napa,055,140530,1973,1892,8,1900,12
2020-10-19,Nevada,057,99092,616,590,18,608,8
2020-10-19,Orange,059,3164182,59662,56652,1690,58342,1396
2020-10-19,Placer,061,380077,4180,3962,15,3977,49
2020-10-19,Plumas,063,18699,64,52,0,52,0
2020-10-19,Riverside,065,2383286,65953,64016,281,64297,1272
2020-10-19,Sacramento,067,1510023,25094,24542,27,24569,483
2020-10-19,San Benito,069,59416,1414,1395,1,1396,14
2020-10-19,San Bernardino,071,2135413,62067,59265,398,59663,1100
2020-10-19,San Diego,073,3302833,54824,52739,1424,54163,853
2020-10-19,San Francisco,075,870044,12060,11879,43,11922,126
2020-10-19,San Joaquin,077,732212,21593,20930,164,21094,489
2020-10-19,San Luis Obispo,079,281455,4285,4016,22,4038,31
2020-10-19,San Mateo,081,765935,11156,10568,11,10579,154
2020-10-19,Santa Barbara,083,443738,9814,9632,89,9721,121
2020-10-19,Santa Clara,085,1922200,24814,23301,50,23351,352
2020-10-19,Santa Cruz,087,273765,2792,2705,32,2737,19
2020-10-19,Shasta,089,179085,2008,1709,18,1727,20
2020-10-19,Sierra,091,2930,6,6,0,6,0
2020-10-19,Siskiyou,093,43540,182,167,10,177,0
2020-10-19,Solano,095,438530,7216,7003,39,7042,57
2020-10-19,Sonoma,097,501317,9272,8830,24,8854,135
2020-10-19,Stanislaus,099,539301,17531,17342,696,18038,390
2020-10-19,Sutter,101,95872,1810,1773,1,1774,12
2020-10-19,Tehama,103,63373,871,793,2,795,5
2020-10-19,Trinity,105,12862,75,23,9,32,0
2020-10-19,Tulare,107,460477,17730,17047,302,17349,291
2020-10-19,Tuolumne,109,53932,272,247,5,252,4
2020-10-19,Ventura,111,848112,14699,13930,308,14238,152
2020-10-19,Yolo,113,214977,3195,3069,10,3079,56
2020-10-19,Yuba,115,75493,1219,1183,3,1186,10
2020-10-18,Alameda,001,1643700,23177,22546,209,22755,392
2020-10-18,Alpine,003,1148,3,3,0,3,0
2020-10-18,Amador,005,37829,316,313,0,313,16
2020-10-18,Butte,007,227075,3137,3019,35,3054,55
2020-10-18,Calaveras,009,45235,328,267,0,267,13
2020-10-18,Colusa,011,21464,545,544,1,545,6
2020-10-18,Contra Costa,013,1133247,18608,18120,92,18212,237
2020-10-18,Del Norte,015,27424,169,167,0,167,2
2020-10-18,El Dorado,017,186661,1347,1283,11,1294,4
2020-10-18,Fresno,019,978130,32961,30051,435,30486,430
2020-10-18,Glenn,021,27897,655,634,0,634,3
2020-10-18,Humboldt,023,135768,554,540,1,541,7
2020-10-18,Imperial,025,180216,12618,11987,13,12000,330
2020-10-18,Inyo,027,18085,233,215,5,220,14
2020-10-18,Kern,029,883053,33548,32799,386,33185,428
2020-10-18,Kings,031,150075,8375,8159,47,8206,80
2020-10-18,Lake,033,64148,698,670,0,670,15
2020-10-18,Lassen,035,31185,768,757,2,759,0
2020-10-18,Los Angeles,037,10098052,293962,286187,2568,288755,6857
2020-10-18,Madera,039,155013,4946,4770,36,4806,52
2020-10-18,Marin,041,260295,7064,6969,19,6988,99
2020-10-18,Mariposa,043,17540,79,77,0,77,2
2020-10-18,Mendocino,045,87422,1057,988,4,992,21
2020-10-18,Merced,047,269075,9399,9292,29,9321,148
2020-10-18,Modoc,049,8938,30,26,0,26,0
2020-10-18,Mono,051,14174,177,155,5,160,1
2020-10-18,Monterey,053,433212,11118,10872,49,10921,80
2020-10-18,Napa,055,140530,1960,1882,8,1890,12
2020-10-18,Nevada,057,99092,610,582,18,600,8
2020-10-18,Orange,059,3164182,59365,56394,1673,58067,1396
2020-10-18,Placer,061,380077,4132,3938,15,3953,49
2020-10-18,Plumas,063,18699,62,52,0,52,0
2020-10-18,Riverside,065,2383286,65640,63765,260,64025,1270
2020-10-18,Sacramento,067,1510023,24938,24425,27,24452,482
2020-10-18,San Benito,069,59416,1407,1395,1,1396,14
2020-10-18,San Bernardino,071,2135413,61568,58893,390,59283,1098
2020-10-18,San Diego,073,3302833,54435,52359,1403,53762,853
2020-10-18,San Francisco,075,870044,12021,11878,43,11921,126
2020-10-18,San Joaquin,077,732212,21510,20931,151,21082,489
2020-10-18,San Luis Obispo,079,281455,4254,4009,20,4029,31
2020-10-18,San Mateo,081,765935,11097,10503,11,10514,154
2020-10-18,Santa Barbara,083,443738,9775,9608,88,9696,121
2020-10-18,Santa Clara,085,1922200,24641,23169,50,23219,352
2020-10-18,Santa Cruz,087,273765,2778,2692,32,2724,19
2020-10-18,Shasta,089,179085,1983,1708,18,1726,20
2020-10-18,Sierra,091,2930,6,6,0,6,0
2020-10-18,Siskiyou,093,43540,182,167,10,177,0
2020-10-18,Solano,095,438530,7169,6962,39,7001,57
2020-10-18,Sonoma,097,501317,9195,8781,23,8804,134
2020-10-18,Stanislaus,099,539301,17475,17290,687,17977,390
2020-10-18,Sutter,101,95872,1801,1764,1,1765,12
2020-10-18,Tehama,103,63373,839,774,2,776,5
2020-10-18,Trinity,105,12862,75,20,9,29,0
2020-10-18,Tulare,107,460477,17636,17048,293,17341,290
2020-10-18,Tuolumne,109,53932,266,245,5,250,4
2020-10-18,Ventura,111,848112,14619,13901,307,14208,151
2020-10-18,Yolo,113,214977,3156,3059,10,3069,55
2020-10-18,Yuba,115,75493,1208,1176,3,1179,10
2020-10-17,Alameda,001,1643700,23132,22394,207,22601,398
2020-10-17,Alpine,003,1148,3,3,0,3,0
2020-10-17,Amador,005,37829,314,309,0,309,16
2020-10-17,Butte,007,227075,3129,3012,33,3045,55
2020-10-17,Calaveras,009,45235,328,267,0,267,13
2020-10-17,Colusa,011,21464,544,544,1,545,6
2020-10-17,Contra Costa,013,1133247,18554,18005,92,18097,237
2020-10-17,Del Norte,015,27424,169,167,0,167,2
2020-10-17,El Dorado,017,186661,1343,1277,11,1288,4
2020-10-17,Fresno,019,978130,32907,29911,433,30344,430
2020-10-17,Glenn,021,27897,652,633,0,633,3
2020-10-17,Humboldt,023,135768,551,535,1,536,7
2020-10-17,Imperial,025,180216,12590,11962,13,11975,330
2020-10-17,Inyo,027,18085,228,212,5,217,14
2020-10-17,Kern,029,883053,33497,32710,383,33093,428
2020-10-17,Kings,031,150075,8369,8151,46,8197,80
2020-10-17,Lake,033,64148,695,663,0,663,15
2020-10-17,Lassen,035,31185,768,757,2,759,0
2020-10-17,Los Angeles,037,10098052,293208,285858,2541,288399,6844
2020-10-17,Madera,039,155013,4940,4759,36,4795,53
2020-10-17,Marin,041,260295,7061,6958,19,6977,99
2020-10-17,Mariposa,043,17540,78,77,0,77,2
2020-10-17,Mendocino,045,87422,1050,977,4,981,21
2020-10-17,Merced,047,269075,9386,9275,29,9304,148
2020-10-17,Modoc,049,8938,30,26,0,26,0
2020-10-17,Mono,051,14174,176,155,5,160,1
2020-10-17,Monterey,053,433212,11079,10807,48,10855,80
2020-10-17,Napa,055,140530,1951,1866,8,1874,12
2020-10-17,Nevada,057,99092,609,580,18,598,8
2020-10-17,Orange,059,3164182,59223,56197,1667,57864,1396
2020-10-17,Placer,061,380077,4105,3898,15,3913,49
2020-10-17,Plumas,063,18699,62,52,0,52,0
2020-10-17,Riverside,065,2383286,65443,63171,251,63422,1270
2020-10-17,Sacramento,067,1510023,24854,24304,27,24331,482
2020-10-17,San Benito,069,59416,1403,1389,1,1390,14
2020-10-17,San Bernardino,071,2135413,61295,58415,383,58798,1097
2020-10-17,San Diego,073,3302833,54210,51986,1392,53378,853
2020-10-17,San Francisco,075,870044,11994,11877,42,11919,126
2020-10-17,San Joaquin,077,732212,21456,20932,145,21077,489
2020-10-17,San Luis Obispo,079,281455,4239,3979,20,3999,31
2020-10-17,San Mateo,081,765935,11069,10423,11,10434,153
2020-10-17,Santa Barbara,083,443738,9756,9588,86,9674,121
2020-10-17,Santa Clara,085,1922200,24551,22997,50,23047,349
2020-10-17,Santa Cruz,087,273765,2764,2680,32,2712,19
2020-10-17,Shasta,089,179085,1957,1679,18,1697,20
2020-10-17,Sierra,091,2930,6,6,0,6,0
2020-10-17,Siskiyou,093,43540,181,167,10,177,0
2020-10-17,Solano,095,438530,7143,6929,39,6968,57
2020-10-17,Sonoma,097,501317,9152,8725,23,8748,134
2020-10-17,Stanislaus,099,539301,17434,17232,678,17910,390
2020-10-17,Sutter,101,95872,1799,1762,1,1763,12
2020-10-17,Tehama,103,63373,823,764,2,766,5
2020-10-17,Trinity,105,12862,75,20,9,29,0
2020-10-17,Tulare,107,460477,17606,16995,284,17279,290
2020-10-17,Tuolumne,109,53932,266,241,5,246,4
2020-10-17,Ventura,111,848112,14574,13845,304,14149,151
2020-10-17,Yolo,113,214977,3141,3045,9,3054,55
2020-10-17,Yuba,115,75493,1203,1164,3,1167,10
2020-10-16,Alameda,001,1643700,23078,22315,207,22522,397
2020-10-16,Alpine,003,1148,3,3,0,3,0
2020-10-16,Amador,005,37829,314,309,0,309,16
2020-10-16,Butte,007,227075,3118,3004,33,3037,54
2020-10-16,Calaveras,009,45235,328,267,0,267,13
2020-10-16,Colusa,011,21464,543,544,1,545,6
2020-10-16,Contra Costa,013,1133247,18501,17956,92,18048,237
2020-10-16,Del Norte,015,27424,169,166,0,166,2
2020-10-16,El Dorado,017,186661,1337,1273,11,1284,4
2020-10-16,Fresno,019,978130,32832,29796,432,30228,427
2020-10-16,Glenn,021,27897,647,632,0,632,3
2020-10-16,Humboldt,023,135768,551,533,1,534,7
2020-10-16,Imperial,025,180216,12550,11885,13,11898,330
2020-10-16,Inyo,027,18085,224,212,5,217,14
2020-10-16,Kern,029,883053,33454,32660,381,33041,428
2020-10-16,Kings,031,150075,8360,8146,45,8191,80
2020-10-16,Lake,033,64148,693,644,0,644,14
2020-10-16,Lassen,035,31185,768,757,2,759,0
2020-10-16,Los Angeles,037,10098052,292144,284988,2520,287508,6835
2020-10-16,Madera,039,155013,4928,4736,35,4771,53
2020-10-16,Marin,041,260295,7051,6933,19,6952,99
2020-10-16,Mariposa,043,17540,78,76,0,76,2
2020-10-16,Mendocino,045,87422,1043,974,4,978,21
2020-10-16,Merced,047,269075,9369,9246,29,9275,148
2020-10-16,Modoc,049,8938,30,26,0,26,0
2020-10-16,Mono,051,14174,174,155,5,160,1
2020-10-16,Monterey,053,433212,11044,10727,48,10775,79
2020-10-16,Napa,055,140530,1942,1855,8,1863,12
2020-10-16,Nevada,057,99092,607,579,18,597,8
2020-10-16,Orange,059,3164182,59045,56091,1661,57752,1388
2020-10-16,Placer,061,380077,4085,3864,15,3879,49
2020-10-16,Plumas,063,18699,61,52,0,52,0
2020-10-16,Riverside,065,2383286,65217,62986,250,63236,1267
2020-10-16,Sacramento,067,1510023,24760,24144,27,24171,479
2020-10-16,San Benito,069,59416,1400,1388,1,1389,14
2020-10-16,San Bernardino,071,2135413,61025,58233,383,58616,1069
2020-10-16,San Diego,073,3302833,53968,51785,1378,53163,850
2020-10-16,San Francisco,075,870044,11972,11840,41,11881,126
2020-10-16,San Joaquin,077,732212,21411,20910,144,21054,489
2020-10-16,San Luis Obispo,079,281455,4223,3952,20,3972,32
2020-10-16,San Mateo,081,765935,11043,10405,11,10416,153
2020-10-16,Santa Barbara,083,443738,9737,9549,86,9635,119
2020-10-16,Santa Clara,085,1922200,24463,22920,50,22970,345
2020-10-16,Santa Cruz,087,273765,2751,2666,32,2698,20
2020-10-16,Shasta,089,179085,1935,1660,18,1678,20
2020-10-16,Sierra,091,2930,6,6,0,6,0
2020-10-16,Siskiyou,093,43540,179,167,10,177,0
2020-10-16,Solano,095,438530,7120,6879,39,6918,55
2020-10-16,Sonoma,097,501317,9096,8652,23,8675,133
2020-10-16,Stanislaus,099,539301,17400,17201,670,17871,366
2020-10-16,Sutter,101,95872,1791,1756,1,1757,12
2020-10-16,Tehama,103,63373,822,737,2,739,3
2020-10-16,Trinity,105,12862,75,20,9,29,0
2020-10-16,Tulare,107,460477,17574,16965,276,17241,290
2020-10-16,Tuolumne,109,53932,264,237,5,242,4
2020-10-16,Ventura,111,848112,14531,13805,299,14104,152
2020-10-16,Yolo,113,214977,3132,3030,9,3039,55
2020-10-16,Yuba,115,75493,1203,1155,3,1158,10
2020-10-15,Alameda,001,1643700,23010,22267,206,22473,390
2020-10-15,Alpine,003,1148,3,3,0,3,0
2020-10-15,Amador,005,37829,314,309,0,309,16
2020-10-15,Butte,007,227075,3106,3000,32,3032,54
2020-10-15,Calaveras,009,45235,327,267,0,267,13
2020-10-15,Colusa,011,21464,542,543,1,544,6
2020-10-15,Contra Costa,013,1133247,18434,17893,91,17984,237
2020-10-15,Del Norte,015,27424,169,164,0,164,2
2020-10-15,El Dorado,017,186661,1332,1265,11,1276,4
2020-10-15,Fresno,019,978130,32735,29727,429,30156,425
2020-10-15,Glenn,021,27897,642,632,0,632,3
2020-10-15,Humboldt,023,135768,547,531,1,532,7
2020-10-15,Imperial,025,180216,12509,11820,12,11832,330
2020-10-15,Inyo,027,18085,224,210,5,215,14
2020-10-15,Kern,029,883053,33373,32593,378,32971,427
2020-10-15,Kings,031,150075,8345,8134,45,8179,80
2020-10-15,Lake,033,64148,691,642,0,642,14
2020-10-15,Lassen,035,31185,767,752,2,754,0
2020-10-15,Los Angeles,037,10098052,290859,284019,2487,286506,6807
2020-10-15,Madera,039,155013,4916,4723,34,4757,50
2020-10-15,Marin,041,260295,7043,6912,19,6931,99
2020-10-15,Mariposa,043,17540,78,76,0,76,2
2020-10-15,Mendocino,045,87422,1037,963,4,967,21
2020-10-15,Merced,047,269075,9342,9213,29,9242,147
2020-10-15,Modoc,049,8938,30,26,0,26,0
2020-10-15,Mono,051,14174,174,155,5,160,1
2020-10-15,Monterey,053,433212,10977,10677,47,10724,79
2020-10-15,Napa,055,140530,1929,1842,8,1850,12
2020-10-15,Nevada,057,99092,603,575,18,593,8
2020-10-15,Orange,059,3164182,58829,55952,1649,57601,1379
2020-10-15,Placer,061,380077,4056,3848,15,3863,48
2020-10-15,Plumas,063,18699,58,52,0,52,0
2020-10-15,Riverside,065,2383286,64884,62819,247,63066,1266
2020-10-15,Sacramento,067,1510023,24644,24068,27,24095,474
2020-10-15,San Benito,069,59416,1397,1384,1,1385,14
2020-10-15,San Bernardino,071,2135413,60686,58068,380,58448,1067
2020-10-15,San Diego,073,3302833,53684,51472,1362,52834,847
2020-10-15,San Francisco,075,870044,11944,11808,38,11846,126
2020-10-15,San Joaquin,077,732212,21338,20880,138,21018,487
2020-10-15,San Luis Obispo,079,281455,4207,3934,20,3954,32
2020-10-15,San Mateo,081,765935,11003,10340,11,10351,152
2020-10-15,Santa Barbara,083,443738,9713,9526,85,9611,117
2020-10-15,Santa Clara,085,1922200,24348,22808,50,22858,343
2020-10-15,Santa Cruz,087,273765,2737,2656,32,2688,13
2020-10-15,Shasta,089,179085,1924,1635,18,1653,20
2020-10-15,Sierra,091,2930,6,6,0,6,0
2020-10-15,Siskiyou,093,43540,175,166,10,176,0
2020-10-15,Solano,095,438530,7081,6830,39,6869,55
2020-10-15,Sonoma,097,501317,9004,8571,23,8594,133
2020-10-15,Stanislaus,099,539301,17362,17151,656,17807,366
2020-10-15,Sutter,101,95872,1788,1752,1,1753,12
2020-10-15,Tehama,103,63373,795,726,2,728,3
2020-10-15,Trinity,105,12862,75,20,9,29,0
2020-10-15,Tulare,107,460477,17514,16918,261,17179,289
2020-10-15,Tuolumne,109,53932,262,236,5,241,4
2020-10-15,Ventura,111,848112,14475,13750,294,14044,152
2020-10-15,Yolo,113,214977,3112,3014,9,3023,55
2020-10-15,Yuba,115,75493,1196,1151,3,1154,10
2020-10-14,Alameda,001,1643700,22911,22227,205,22432,398
2020-10-14,Alpine,003,1148,3,3,0,3,0
2020-10-14,Amador,005,37829,312,308,0,308,16
2020-10-14,Butte,007,227075,3098,2995,32,3027,54
2020-10-14,Calaveras,009,45235,327,266,0,266,12
2020-10-14,Colusa,011,21464,542,543,1,544,6
2020-10-14,Contra Costa,013,1133247,18376,17820,89,17909,236
2020-10-14,Del Norte,015,27424,168,163,0,163,2
2020-10-14,El Dorado,017,186661,1326,1264,10,1274,4
2020-10-14,Fresno,019,978130,32620,29650,423,30073,424
2020-10-14,Glenn,021,27897,641,629,0,629,3
2020-10-14,Humboldt,023,135768,544,531,1,532,7
2020-10-14,Imperial,025,180216,12472,11765,10,11775,330
2020-10-14,Inyo,027,18085,223,209,4,213,14
2020-10-14,Kern,029,883053,33298,32528,376,32904,425
2020-10-14,Kings,031,150075,8327,8118,45,8163,80
2020-10-14,Lake,033,64148,690,642,0,642,14
2020-10-14,Lassen,035,31185,765,752,2,754,0
2020-10-14,Los Angeles,037,10098052,289544,282918,2444,285362,6786
2020-10-14,Madera,039,155013,4901,4713,33,4746,50
2020-10-14,Marin,041,260295,7037,6907,19,6926,99
2020-10-14,Mariposa,043,17540,77,76,0,76,2
2020-10-14,Mendocino,045,87422,1031,955,4,959,21
2020-10-14,Merced,047,269075,9317,9201,27,9228,147
2020-10-14,Modoc,049,8938,30,27,0,27,0
2020-10-14,Mono,051,14174,174,155,5,160,1
2020-10-14,Monterey,053,433212,10927,10616,47,10663,78
2020-10-14,Napa,055,140530,1912,1837,8,1845,12
2020-10-14,Nevada,057,99092,601,573,18,591,7
2020-10-14,Orange,059,3164182,58616,55756,1640,57396,1348
2020-10-14,Placer,061,380077,4033,3829,15,3844,48
2020-10-14,Plumas,063,18699,54,52,0,52,0
2020-10-14,Riverside,065,2383286,64601,62607,246,62853,1261
2020-10-14,Sacramento,067,1510023,24500,24013,27,24040,472
2020-10-14,San Benito,069,59416,1395,1381,0,1381,14
2020-10-14,San Bernardino,071,2135413,60360,57774,376,58150,1063
2020-10-14,San Diego,073,3302833,53365,51329,1338,52667,844
2020-10-14,San Francisco,075,870044,11912,11783,37,11820,123
2020-10-14,San Joaquin,077,732212,21259,20845,124,20969,487
2020-10-14,San Luis Obispo,079,281455,4184,3901,19,3920,32
2020-10-14,San Mateo,081,765935,10952,10309,11,10320,132
2020-10-14,Santa Barbara,083,443738,9679,9509,85,9594,117
2020-10-14,Santa Clara,085,1922200,24199,22735,50,22785,343
2020-10-14,Santa Cruz,087,273765,2727,2618,32,2650,13
2020-10-14,Shasta,089,179085,1886,1553,18,1571,20
2020-10-14,Sierra,091,2930,6,6,0,6,0
2020-10-14,Siskiyou,093,43540,175,166,10,176,0
2020-10-14,Solano,095,438530,7025,6786,39,6825,55
2020-10-14,Sonoma,097,501317,8951,8514,23,8537,133
2020-10-14,Stanislaus,099,539301,17317,17105,653,17758,365
2020-10-14,Sutter,101,95872,1779,1747,1,1748,12
2020-10-14,Tehama,103,63373,784,721,2,723,3
2020-10-14,Trinity,105,12862,74,20,9,29,0
2020-10-14,Tulare,107,460477,17452,16863,248,17111,287
2020-10-14,Tuolumne,109,53932,261,236,5,241,4
2020-10-14,Ventura,111,848112,14422,13697,290,13987,152
2020-10-14,Yolo,113,214977,3094,3007,8,3015,55
2020-10-14,Yuba,115,75493,1188,1147,3,1150,10
2020-10-13,Alameda,001,1643700,22806,22185,203,22388,389
2020-10-13,Alpine,003,1148,3,3,0,3,0
2020-10-13,Amador,005,37829,310,306,0,306,16
2020-10-13,Butte,007,227075,3089,2992,32,3024,54
2020-10-13,Calaveras,009,45235,323,262,0,262,12
2020-10-13,Colusa,011,21464,542,541,1,542,6
2020-10-13,Contra Costa,013,1133247,18319,17783,89,17872,234
2020-10-13,Del Norte,015,27424,168,163,0,163,2
2020-10-13,El Dorado,017,186661,1317,1262,10,1272,4
2020-10-13,Fresno,019,978130,32498,29579,419,29998,424
2020-10-13,Glenn,021,27897,640,629,0,629,3
2020-10-13,Humboldt,023,135768,542,523,1,524,7
2020-10-13,Imperial,025,180216,12437,11727,10,11737,327
2020-10-13,Inyo,027,18085,220,207,4,211,14
2020-10-13,Kern,029,883053,33223,32497,374,32871,419
2020-10-13,Kings,031,150075,8318,8111,45,8156,80
2020-10-13,Lake,033,64148,687,639,0,639,12
2020-10-13,Lassen,035,31185,763,752,2,754,0
2020-10-13,Los Angeles,037,10098052,288263,281716,2404,284120,6767
2020-10-13,Madera,039,155013,4883,4700,33,4733,50
2020-10-13,Marin,041,260295,7015,6900,18,6918,97
2020-10-13,Mariposa,043,17540,77,76,0,76,2
2020-10-13,Mendocino,045,87422,1022,950,4,954,21
2020-10-13,Merced,047,269075,9300,9181,27,9208,146
2020-10-13,Modoc,049,8938,29,28,0,28,0
2020-10-13,Mono,051,14174,174,155,4,159,1
2020-10-13,Monterey,053,433212,10866,10574,46,10620,78
2020-10-13,Napa,055,140530,1903,1825,8,1833,12
2020-10-13,Nevada,057,99092,594,572,18,590,7
2020-10-13,Orange,059,3164182,58403,55515,1627,57142,1326
2020-10-13,Placer,061,380077,3995,3825,15,3840,48
2020-10-13,Plumas,063,18699,52,51,0,51,0
2020-10-13,Riverside,065,2383286,64282,62279,244,62523,1254
2020-10-13,Sacramento,067,1510023,24423,23930,27,23957,466
2020-10-13,San Benito,069,59416,1387,1380,0,1380,14
2020-10-13,San Bernardino,071,2135413,60022,57411,374,57785,1061
2020-10-13,San Diego,073,3302833,53072,51026,1321,52347,840
2020-10-13,San Francisco,075,870044,11877,11659,37,11696,122
2020-10-13,San Joaquin,077,732212,21198,20822,120,20942,481
2020-10-13,San Luis Obispo,079,281455,4167,3892,18,3910,32
2020-10-13,San Mateo,081,765935,10909,10286,11,10297,130
2020-10-13,Santa Barbara,083,443738,9648,9489,85,9574,117
2020-10-13,Santa Clara,085,1922200,24072,22678,50,22728,343
2020-10-13,Santa Cruz,087,273765,2709,2603,32,2635,13
2020-10-13,Shasta,089,179085,1862,1606,18,1624,20
2020-10-13,Sierra,091,2930,6,6,0,6,0
2020-10-13,Siskiyou,093,43540,174,163,10,173,0
2020-10-13,Solano,095,438530,6990,6761,39,6800,55
2020-10-13,Sonoma,097,501317,8868,8456,23,8479,133
2020-10-13,Stanislaus,099,539301,17272,17082,648,17730,362
2020-10-13,Sutter,101,95872,1770,1748,1,1749,12
2020-10-13,Tehama,103,63373,777,717,2,719,3
2020-10-13,Trinity,105,12862,70,19,8,27,0
2020-10-13,Tulare,107,460477,17394,16822,240,17062,286
2020-10-13,Tuolumne,109,53932,259,235,5,240,4
2020-10-13,Ventura,111,848112,14367,13645,286,13931,151
2020-10-13,Yolo,113,214977,3086,2983,7,2990,55
2020-10-13,Yuba,115,75493,1183,1143,3,1146,10
2020-10-12,Alameda,001,1643700,22726,22126,202,22328,389
2020-10-12,Alpine,003,1148,3,3,0,3,0
2020-10-12,Amador,005,37829,309,305,0,305,16
2020-10-12,Butte,007,227075,3083,2975,32,3007,54
2020-10-12,Calaveras,009,45235,323,262,0,262,12
2020-10-12,Colusa,011,21464,542,541,1,542,6
2020-10-12,Contra Costa,013,1133247,18245,17728,89,17817,233
2020-10-12,Del Norte,015,27424,168,161,0,161,2
2020-10-12,El Dorado,017,186661,1314,1254,10,1264,4
2020-10-12,Fresno,019,978130,32365,29523,415,29938,421
2020-10-12,Glenn,021,27897,639,626,0,626,3
2020-10-12,Humboldt,023,135768,539,522,1,523,7
2020-10-12,Imperial,025,180216,12398,11689,10,11699,328
2020-10-12,Inyo,027,18085,217,201,4,205,14
2020-10-12,Kern,029,883053,33130,32425,371,32796,419
2020-10-12,Kings,031,150075,8312,8106,45,8151,80
2020-10-12,Lake,033,64148,681,633,0,633,12
2020-10-12,Lassen,035,31185,763,752,2,754,0
2020-10-12,Los Angeles,037,10098052,287043,280961,2377,283338,6747
2020-10-12,Madera,039,155013,4864,4689,33,4722,50
2020-10-12,Marin,041,260295,6998,6886,18,6904,97
2020-10-12,Mariposa,043,17540,77,76,0,76,2
2020-10-12,Mendocino,045,87422,1016,947,4,951,21
2020-10-12,Merced,047,269075,9279,9141,27,9168,146
2020-10-12,Modoc,049,8938,29,27,0,27,0
2020-10-12,Mono,051,14174,174,154,4,158,1
2020-10-12,Monterey,053,433212,10800,10473,46,10519,77
2020-10-12,Napa,055,140530,1895,1819,8,1827,11
2020-10-12,Nevada,057,99092,590,570,18,588,7
2020-10-12,Orange,059,3164182,58174,55373,1617,56990,1326
2020-10-12,Placer,061,380077,3963,3808,14,3822,48
2020-10-12,Plumas,063,18699,52,51,0,51,0
2020-10-12,Riverside,065,2383286,63971,62279,240,62519,1254
2020-10-12,Sacramento,067,1510023,24317,23807,27,23834,466
2020-10-12,San Benito,069,59416,1384,1376,0,1376,13
2020-10-12,San Bernardino,071,2135413,59647,57235,373,57608,1061
2020-10-12,San Diego,073,3302833,52782,50748,1294,52042,826
2020-10-12,San Francisco,075,870044,11845,11659,37,11696,122
2020-10-12,San Joaquin,077,732212,21135,20701,114,20815,480
2020-10-12,San Luis Obispo,079,281455,4139,3874,18,3892,32
2020-10-12,San Mateo,081,765935,10861,10262,11,10273,130
2020-10-12,Santa Barbara,083,443738,9609,9462,85,9547,117
2020-10-12,Santa Clara,085,1922200,23956,22578,50,22628,343
2020-10-12,Santa Cruz,087,273765,2692,2590,32,2622,13
2020-10-12,Shasta,089,179085,1837,1515,18,1533,20
2020-10-12,Sierra,091,2930,6,6,0,6,0
2020-10-12,Siskiyou,093,43540,173,162,10,172,0
2020-10-12,Solano,095,438530,6951,6742,39,6781,55
2020-10-12,Sonoma,097,501317,8796,8377,23,8400,133
2020-10-12,Stanislaus,099,539301,17223,17051,639,17690,361
2020-10-12,Sutter,101,95872,1762,1741,1,1742,12
2020-10-12,Tehama,103,63373,761,708,2,710,3
2020-10-12,Trinity,105,12862,69,19,8,27,0
2020-10-12,Tulare,107,460477,17343,16742,233,16975,286
2020-10-12,Tuolumne,109,53932,254,234,5,239,4
2020-10-12,Ventura,111,848112,14305,13617,282,13899,151
2020-10-12,Yolo,113,214977,3071,2964,7,2971,55
2020-10-12,Yuba,115,75493,1173,1141,3,1144,10
2020-10-11,Alameda,001,1643700,22636,22057,198,22255,392
2020-10-11,Alpine,003,1148,3,3,0,3,0
2020-10-11,Amador,005,37829,307,305,0,305,16
2020-10-11,Butte,007,227075,3075,2967,31,2998,54
2020-10-11,Calaveras,009,45235,321,262,0,262,12
2020-10-11,Colusa,011,21464,540,541,1,542,6
2020-10-11,Contra Costa,013,1133247,18161,17678,89,17767,233
2020-10-11,Del Norte,015,27424,166,161,0,161,2
2020-10-11,El Dorado,017,186661,1305,1242,10,1252,4
2020-10-11,Fresno,019,978130,32227,29419,407,29826,421
2020-10-11,Glenn,021,27897,637,625,0,625,3
2020-10-11,Humboldt,023,135768,538,521,1,522,7
2020-10-11,Imperial,025,180216,12338,11614,10,11624,328
2020-10-11,Inyo,027,18085,213,201,4,205,14
2020-10-11,Kern,029,883053,33043,32399,362,32761,418
2020-10-11,Kings,031,150075,8295,8094,44,8138,80
2020-10-11,Lake,033,64148,668,631,0,631,12
2020-10-11,Lassen,035,31185,762,752,2,754,0
2020-10-11,Los Angeles,037,10098052,285605,280190,2336,282526,6745
2020-10-11,Madera,039,155013,4836,4680,32,4712,50
2020-10-11,Marin,041,260295,6989,6870,18,6888,97
2020-10-11,Mariposa,043,17540,77,76,0,76,2
2020-10-11,Mendocino,045,87422,1009,944,4,948,21
2020-10-11,Merced,047,269075,9261,9124,27,9151,146
2020-10-11,Modoc,049,8938,29,27,0,27,0
2020-10-11,Mono,051,14174,174,154,4,158,1
2020-10-11,Monterey,053,433212,10749,10445,44,10489,77
2020-10-11,Napa,055,140530,1879,1811,8,1819,11
2020-10-11,Nevada,057,99092,588,569,18,587,7
2020-10-11,Orange,059,3164182,57944,55202,1611,56813,1326
2020-10-11,Placer,061,380077,3942,3787,14,3801,48
2020-10-11,Plumas,063,18699,52,51,0,51,0
2020-10-11,Riverside,065,2383286,63683,62112,236,62348,1254
2020-10-11,Sacramento,067,1510023,24174,23778,27,23805,466
2020-10-11,San Benito,069,59416,1383,1374,0,1374,13
2020-10-11,San Bernardino,071,2135413,59195,56997,371,57368,1061
2020-10-11,San Diego,073,3302833,52432,50553,1272,51825,826
2020-10-11,San Francisco,075,870044,11802,11659,37,11696,122
2020-10-11,San Joaquin,077,732212,21060,20700,104,20804,480
2020-10-11,San Luis Obispo,079,281455,4122,3874,17,3891,32
2020-10-11,San Mateo,081,765935,10829,10240,11,10251,130
2020-10-11,Santa Barbara,083,443738,9578,9440,84,9524,117
2020-10-11,Santa Clara,085,1922200,23814,22487,49,22536,336
2020-10-11,Santa Cruz,087,273765,2678,2578,32,2610,13
2020-10-11,Shasta,089,179085,1807,1515,17,1532,20
2020-10-11,Sierra,091,2930,6,6,0,6,0
2020-10-11,Siskiyou,093,43540,172,162,10,172,0
2020-10-11,Solano,095,438530,6897,6685,39,6724,53
2020-10-11,Sonoma,097,501317,8739,8319,23,8342,133
2020-10-11,Stanislaus,099,539301,17159,17007,623,17630,360
2020-10-11,Sutter,101,95872,1759,1742,1,1743,12
2020-10-11,Tehama,103,63373,737,702,2,704,3
2020-10-11,Trinity,105,12862,69,19,8,27,0
2020-10-11,Tulare,107,460477,17279,16741,225,16966,286
2020-10-11,Tuolumne,109,53932,249,234,5,239,4
2020-10-11,Ventura,111,848112,14244,13604,277,13881,151
2020-10-11,Yolo,113,214977,3041,2952,7,2959,55
2020-10-11,Yuba,115,75493,1162,1137,3,1140,10
2020-10-10,Alameda,001,1643700,22586,21979,197,22176,398
2020-10-10,Alpine,003,1148,3,3,0,3,0
2020-10-10,Amador,005,37829,306,304,0,304,16
2020-10-10,Butte,007,227075,3070,2962,30,2992,54
2020-10-10,Calaveras,009,45235,320,262,0,262,12
2020-10-10,Colusa,011,21464,540,541,1,542,6
2020-10-10,Contra Costa,013,1133247,18125,17566,88,17654,233
2020-10-10,Del Norte,015,27424,166,161,0,161,2
2020-10-10,El Dorado,017,186661,1303,1240,10,1250,4
2020-10-10,Fresno,019,978130,32163,29286,405,29691,421
2020-10-10,Glenn,021,27897,637,623,0,623,3
2020-10-10,Humboldt,023,135768,535,518,1,519,7
2020-10-10,Imperial,025,180216,12323,11591,10,11601,327
2020-10-10,Inyo,027,18085,210,201,4,205,14
2020-10-10,Kern,029,883053,33006,32338,362,32700,418
2020-10-10,Kings,031,150075,8291,8078,44,8122,80
2020-10-10,Lake,033,64148,667,630,0,630,11
2020-10-10,Lassen,035,31185,762,752,2,754,0
2020-10-10,Los Angeles,037,10098052,284887,279213,2302,281515,6743
2020-10-10,Madera,039,155013,4823,4662,32,4694,50
2020-10-10,Marin,041,260295,6980,6852,18,6870,97
2020-10-10,Mariposa,043,17540,77,76,0,76,2
2020-10-10,Mendocino,045,87422,1002,935,4,939,21
2020-10-10,Merced,047,269075,9255,9105,26,9131,146
2020-10-10,Modoc,049,8938,29,27,0,27,0
2020-10-10,Mono,051,14174,174,154,4,158,1
2020-10-10,Monterey,053,433212,10716,10410,44,10454,75
2020-10-10,Napa,055,140530,1872,1804,8,1812,11
2020-10-10,Nevada,057,99092,585,564,18,582,6
2020-10-10,Orange,059,3164182,57823,54965,1606,56571,1324
2020-10-10,Placer,061,380077,3925,3757,14,3771,48
2020-10-10,Plumas,063,18699,52,51,0,51,0
2020-10-10,Riverside,065,2383286,63480,61845,234,62079,1254
2020-10-10,Sacramento,067,1510023,24107,23689,27,23716,466
2020-10-10,San Benito,069,59416,1381,1370,0,1370,13
2020-10-10,San Bernardino,071,2135413,59032,56683,369,57052,1061
2020-10-10,San Diego,073,3302833,52202,50145,1254,51399,825
2020-10-10,San Francisco,075,870044,11781,11663,37,11700,122
2020-10-10,San Joaquin,077,732212,21032,20700,100,20800,481
2020-10-10,San Luis Obispo,079,281455,4102,3832,17,3849,32
2020-10-10,San Mateo,081,765935,10792,10218,11,10229,130
2020-10-10,Santa Barbara,083,443738,9567,9417,84,9501,116
2020-10-10,Santa Clara,085,1922200,23723,22354,49,22403,330
2020-10-10,Santa Cruz,087,273765,2664,2572,32,2604,13
2020-10-10,Shasta,089,179085,1790,1473,17,1490,20
2020-10-10,Sierra,091,2930,6,6,0,6,0
2020-10-10,Siskiyou,093,43540,172,161,10,171,0
2020-10-10,Solano,095,438530,6871,6655,39,6694,53
2020-10-10,Sonoma,097,501317,8719,8235,23,8258,133
2020-10-10,Stanislaus,099,539301,17124,16960,615,17575,360
2020-10-10,Sutter,101,95872,1756,1735,1,1736,12
2020-10-10,Tehama,103,63373,730,693,2,695,3
2020-10-10,Trinity,105,12862,69,19,8,27,0
2020-10-10,Tulare,107,460477,17243,16709,220,16929,286
2020-10-10,Tuolumne,109,53932,249,233,5,238,4
2020-10-10,Ventura,111,848112,14219,13520,277,13797,151
2020-10-10,Yolo,113,214977,3032,2939,7,2946,55
2020-10-10,Yuba,115,75493,1160,1134,3,1137,10
2020-10-09,Alameda,001,1643700,22538,21924,197,22121,399
2020-10-09,Alpine,003,1148,3,3,0,3,0
2020-10-09,Amador,005,37829,306,303,0,303,16
2020-10-09,Butte,007,227075,3067,2956,30,2986,51
2020-10-09,Calaveras,009,45235,318,262,0,262,11
2020-10-09,Colusa,011,21464,540,541,1,542,6
2020-10-09,Contra Costa,013,1133247,18075,17487,88,17575,229
2020-10-09,Del Norte,015,27424,165,161,0,161,2
2020-10-09,El Dorado,017,186661,1299,1234,10,1244,4
2020-10-09,Fresno,019,978130,32090,29208,403,29611,417
2020-10-09,Glenn,021,27897,632,617,0,617,3
2020-10-09,Humboldt,023,135768,533,516,1,517,7
2020-10-09,Imperial,025,180216,12296,11516,10,11526,330
2020-10-09,Inyo,027,18085,207,200,4,204,14
2020-10-09,Kern,029,883053,32963,32237,360,32597,417
2020-10-09,Kings,031,150075,8284,7993,42,8035,80
2020-10-09,Lake,033,64148,657,610,0,610,11
2020-10-09,Lassen,035,31185,762,751,2,753,0
2020-10-09,Los Angeles,037,10098052,283753,278039,2277,280316,6715
2020-10-09,Madera,039,155013,4813,4646,32,4678,50
2020-10-09,Marin,041,260295,6966,6838,18,6856,96
2020-10-09,Mariposa,043,17540,77,76,0,76,2
2020-10-09,Mendocino,045,87422,992,933,4,937,20
2020-10-09,Merced,047,269075,9241,9095,26,9121,145
2020-10-09,Modoc,049,8938,29,27,0,27,0
2020-10-09,Mono,051,14174,174,154,4,158,1
2020-10-09,Monterey,053,433212,10682,10369,44,10413,75
2020-10-09,Napa,055,140530,1862,1795,8,1803,11
2020-10-09,Nevada,057,99092,580,561,18,579,6
2020-10-09,Orange,059,3164182,57652,54746,1601,56347,1305
2020-10-09,Placer,061,380077,3911,3737,13,3750,48
2020-10-09,Plumas,063,18699,52,50,0,50,0
2020-10-09,Riverside,065,2383286,63244,61529,233,61762,1252
2020-10-09,Sacramento,067,1510023,24037,23606,27,23633,457
2020-10-09,San Benito,069,59416,1376,1367,0,1367,13
2020-10-09,San Bernardino,071,2135413,58792,56434,367,56801,1057
2020-10-09,San Diego,073,3302833,51926,49825,1243,51068,821
2020-10-09,San Francisco,075,870044,11751,11620,37,11657,120
2020-10-09,San Joaquin,077,732212,21002,20648,92,20740,481
2020-10-09,San Luis Obispo,079,281455,4083,3810,17,3827,32
2020-10-09,San Mateo,081,765935,10764,10140,11,10151,130
2020-10-09,Santa Barbara,083,443738,9539,9396,84,9480,116
2020-10-09,Santa Clara,085,1922200,23621,22251,48,22299,328
2020-10-09,Santa Cruz,087,273765,2655,2555,32,2587,13
2020-10-09,Shasta,089,179085,1764,1353,16,1369,20
2020-10-09,Sierra,091,2930,6,6,0,6,0
2020-10-09,Siskiyou,093,43540,170,156,10,166,0
2020-10-09,Solano,095,438530,6832,6614,39,6653,53
2020-10-09,Sonoma,097,501317,8665,8133,23,8156,133
2020-10-09,Stanislaus,099,539301,17100,16904,608,17512,362
2020-10-09,Sutter,101,95872,1752,1732,1,1733,12
2020-10-09,Tehama,103,63373,724,682,2,684,3
2020-10-09,Trinity,105,12862,69,25,8,33,0
2020-10-09,Tulare,107,460477,17203,16644,211,16855,286
2020-10-09,Tuolumne,109,53932,246,230,5,235,4
2020-10-09,Ventura,111,848112,14183,13469,274,13743,151
2020-10-09,Yolo,113,214977,3025,2928,7,2935,55
2020-10-09,Yuba,115,75493,1159,1129,3,1132,10
2020-10-08,Alameda,001,1643700,22457,21826,196,22022,395
2020-10-08,Alpine,003,1148,3,3,0,3,0
2020-10-08,Amador,005,37829,305,302,0,302,16
2020-10-08,Butte,007,227075,3057,2935,30,2965,51
2020-10-08,Calaveras,009,45235,317,262,0,262,11
2020-10-08,Colusa,011,21464,540,539,1,540,6
2020-10-08,Contra Costa,013,1133247,18015,17418,87,17505,228
2020-10-08,Del Norte,015,27424,165,151,0,151,2
2020-10-08,El Dorado,017,186661,1298,1230,10,1240,4
2020-10-08,Fresno,019,978130,31985,29111,403,29514,416
2020-10-08,Glenn,021,27897,629,616,0,616,3
2020-10-08,Humboldt,023,135768,529,515,1,516,7
2020-10-08,Imperial,025,180216,12257,11405,10,11415,330
2020-10-08,Inyo,027,18085,204,199,4,203,14
2020-10-08,Kern,029,883053,32905,32169,355,32524,411
2020-10-08,Kings,031,150075,8278,7968,42,8010,80
2020-10-08,Lake,033,64148,652,604,0,604,11
2020-10-08,Lassen,035,31185,757,751,2,753,0
2020-10-08,Los Angeles,037,10098052,282551,276763,2237,279000,6699
2020-10-08,Madera,039,155013,4794,4637,32,4669,50
2020-10-08,Marin,041,260295,6952,6810,18,6828,96
2020-10-08,Mariposa,043,17540,77,76,0,76,2
2020-10-08,Mendocino,045,87422,987,930,4,934,20
2020-10-08,Merced,047,269075,9221,9069,26,9095,144
2020-10-08,Modoc,049,8938,29,27,0,27,0
2020-10-08,Mono,051,14174,174,153,4,157,1
2020-10-08,Monterey,053,433212,10615,10343,44,10387,75
2020-10-08,Napa,055,140530,1847,1779,8,1787,11
2020-10-08,Nevada,057,99092,577,556,18,574,6
2020-10-08,Orange,059,3164182,57459,54523,1590,56113,1293
2020-10-08,Placer,061,380077,3893,3715,13,3728,48
2020-10-08,Plumas,063,18699,52,50,0,50,0
2020-10-08,Riverside,065,2383286,62976,61105,232,61337,1244
2020-10-08,Sacramento,067,1510023,23930,23482,27,23509,454
2020-10-08,San Benito,069,59416,1371,1367,0,1367,13
2020-10-08,San Bernardino,071,2135413,58427,56152,366,56518,1048
2020-10-08,San Diego,073,3302833,51646,49468,1211,50679,819
2020-10-08,San Francisco,075,870044,11713,11608,37,11645,115
2020-10-08,San Joaquin,077,732212,20950,20576,87,20663,478
2020-10-08,San Luis Obispo,079,281455,4067,3785,17,3802,32
2020-10-08,San Mateo,081,765935,10732,10044,11,10055,130
2020-10-08,Santa Barbara,083,443738,9511,9374,84,9458,116
2020-10-08,Santa Clara,085,1922200,23519,22095,48,22143,323
2020-10-08,Santa Cruz,087,273765,2643,2535,32,2567,13
2020-10-08,Shasta,089,179085,1730,1305,16,1321,20
2020-10-08,Sierra,091,2930,6,6,0,6,0
2020-10-08,Siskiyou,093,43540,170,156,10,166,0
2020-10-08,Solano,095,438530,6808,6556,39,6595,53
2020-10-08,Sonoma,097,501317,8599,8063,23,8086,132
2020-10-08,Stanislaus,099,539301,17054,16821,600,17421,360
2020-10-08,Sutter,101,95872,1752,1725,1,1726,12
2020-10-08,Tehama,103,63373,715,676,2,678,3
2020-10-08,Trinity,105,12862,68,25,8,33,0
2020-10-08,Tulare,107,460477,17142,16573,203,16776,283
2020-10-08,Tuolumne,109,53932,245,230,5,235,4
2020-10-08,Ventura,111,848112,14135,13399,272,13671,151
2020-10-08,Yolo,113,214977,3008,2914,7,2921,55
2020-10-08,Yuba,115,75493,1154,1126,3,1129,10
2020-10-07,Alameda,001,1643700,22380,21736,196,21932,395
2020-10-07,Alpine,003,1148,3,3,0,3,0
2020-10-07,Amador,005,37829,305,302,0,302,16
2020-10-07,Butte,007,227075,3045,2927,30,2957,47
2020-10-07,Calaveras,009,45235,315,262,0,262,11
2020-10-07,Colusa,011,21464,539,539,0,539,6
2020-10-07,Contra Costa,013,1133247,17945,17346,86,17432,225
2020-10-07,Del Norte,015,27424,164,149,0,149,2
2020-10-07,El Dorado,017,186661,1290,1219,10,1229,4
2020-10-07,Fresno,019,978130,31864,29069,398,29467,413
2020-10-07,Glenn,021,27897,629,615,0,615,3
2020-10-07,Humboldt,023,135768,526,512,1,513,7
2020-10-07,Imperial,025,180216,12220,11289,9,11298,330
2020-10-07,Inyo,027,18085,204,199,4,203,14
2020-10-07,Kern,029,883053,32832,32068,354,32422,410
2020-10-07,Kings,031,150075,8263,7948,42,7990,80
2020-10-07,Lake,033,64148,651,599,0,599,11
2020-10-07,Lassen,035,31185,757,751,2,753,0
2020-10-07,Los Angeles,037,10098052,281370,275559,2204,277763,6681
2020-10-07,Madera,039,155013,4774,4618,32,4650,50
2020-10-07,Marin,041,260295,6925,6790,18,6808,95
2020-10-07,Mariposa,043,17540,77,75,0,75,2
2020-10-07,Mendocino,045,87422,981,927,4,931,19
2020-10-07,Merced,047,269075,9184,9045,25,9070,144
2020-10-07,Modoc,049,8938,29,27,0,27,0
2020-10-07,Mono,051,14174,173,153,3,156,1
2020-10-07,Monterey,053,433212,10556,10272,44,10316,75
2020-10-07,Napa,055,140530,1834,1774,8,1782,11
2020-10-07,Nevada,057,99092,573,552,18,570,6
2020-10-07,Orange,059,3164182,57242,54332,1579,55911,1277
2020-10-07,Placer,061,380077,3877,3693,13,3706,48
2020-10-07,Plumas,063,18699,52,50,0,50,0
2020-10-07,Riverside,065,2383286,62629,60857,228,61085,1241
2020-10-07,Sacramento,067,1510023,23833,23380,27,23407,452
2020-10-07,San Benito,069,59416,1368,1363,0,1363,13
2020-10-07,San Bernardino,071,2135413,58078,55738,365,56103,1043
2020-10-07,San Diego,073,3302833,51330,49177,1187,50364,813
2020-10-07,San Francisco,075,870044,11678,11551,37,11588,115
2020-10-07,San Joaquin,077,732212,20898,20527,80,20607,478
2020-10-07,San Luis Obispo,079,281455,4037,3749,17,3766,32
2020-10-07,San Mateo,081,765935,10689,9980,11,9991,130
2020-10-07,Santa Barbara,083,443738,9485,9350,83,9433,116
2020-10-07,Santa Clara,085,1922200,23391,21993,48,22041,320
2020-10-07,Santa Cruz,087,273765,2631,2518,32,2550,14
2020-10-07,Shasta,089,179085,1687,1268,16,1284,20
2020-10-07,Sierra,091,2930,6,6,0,6,0
2020-10-07,Siskiyou,093,43540,168,154,10,164,0
2020-10-07,Solano,095,438530,6773,6526,39,6565,53
2020-10-07,Sonoma,097,501317,8524,7993,22,8015,130
2020-10-07,Stanislaus,099,539301,17019,16786,594,17380,357
2020-10-07,Sutter,101,95872,1749,1723,1,1724,12
2020-10-07,Tehama,103,63373,706,666,2,668,3
2020-10-07,Trinity,105,12862,64,25,8,33,0
2020-10-07,Tulare,107,460477,17099,16483,195,16678,282
2020-10-07,Tuolumne,109,53932,245,227,5,232,3
2020-10-07,Ventura,111,848112,14085,13333,266,13599,150
2020-10-07,Yolo,113,214977,2982,2904,7,2911,55
2020-10-07,Yuba,115,75493,1148,1120,3,1123,10
2020-10-06,Alameda,001,1643700,22289,21698,194,21892,385
2020-10-06,Alpine,003,1148,3,3,0,3,0
2020-10-06,Amador,005,37829,303,301,0,301,16
2020-10-06,Butte,007,227075,3038,2925,30,2955,47
2020-10-06,Calaveras,009,45235,315,261,0,261,11
2020-10-06,Colusa,011,21464,538,538,0,538,6
2020-10-06,Contra Costa,013,1133247,17866,17295,86,17381,219
2020-10-06,Del Norte,015,27424,164,144,0,144,2
2020-10-06,El Dorado,017,186661,1286,1211,10,1221,4
2020-10-06,Fresno,019,978130,31720,29022,395,29417,412
2020-10-06,Glenn,021,27897,626,604,0,604,3
2020-10-06,Humboldt,023,135768,523,508,1,509,7
2020-10-06,Imperial,025,180216,12182,11196,9,11205,327
2020-10-06,Inyo,027,18085,202,198,4,202,14
2020-10-06,Kern,029,883053,32755,32006,352,32358,407
2020-10-06,Kings,031,150075,8247,7943,42,7985,81
2020-10-06,Lake,033,64148,645,596,0,596,11
2020-10-06,Lassen,035,31185,757,743,2,745,0
2020-10-06,Los Angeles,037,10098052,280132,274115,2155,276270,6657
2020-10-06,Madera,039,155013,4762,4608,32,4640,50
2020-10-06,Marin,041,260295,6910,6766,18,6784,91
2020-10-06,Mariposa,043,17540,77,75,0,75,2
2020-10-06,Mendocino,045,87422,974,920,4,924,19
2020-10-06,Merced,047,269075,9148,9034,24,9058,143
2020-10-06,Modoc,049,8938,29,26,0,26,0
2020-10-06,Mono,051,14174,173,153,3,156,1
2020-10-06,Monterey,053,433212,10501,10235,42,10277,72
2020-10-06,Napa,055,140530,1828,1770,8,1778,11
2020-10-06,Nevada,057,99092,570,551,18,569,6
2020-10-06,Orange,059,3164182,57026,54203,1570,55773,1273
2020-10-06,Placer,061,380077,3855,3680,13,3693,48
2020-10-06,Plumas,063,18699,52,49,0,49,0
2020-10-06,Riverside,065,2383286,62364,60593,226,60819,1238
2020-10-06,Sacramento,067,1510023,23746,23322,27,23349,442
2020-10-06,San Benito,069,59416,1367,1358,0,1358,12
2020-10-06,San Bernardino,071,2135413,57764,55416,360,55776,1040
2020-10-06,San Diego,073,3302833,50993,48823,1170,49993,806
2020-10-06,San Francisco,075,870044,11652,11513,36,11549,115
2020-10-06,San Joaquin,077,732212,20858,20481,77,20558,477
2020-10-06,San Luis Obispo,079,281455,4003,3723,17,3740,32
2020-10-06,San Mateo,081,765935,10657,9934,11,9945,129
2020-10-06,Santa Barbara,083,443738,9456,9331,82,9413,116
2020-10-06,Santa Clara,085,1922200,23296,21914,48,21962,320
2020-10-06,Santa Cruz,087,273765,2609,2510,32,2542,12
2020-10-06,Shasta,089,179085,1647,1242,16,1258,18
2020-10-06,Sierra,091,2930,6,6,0,6,0
2020-10-06,Siskiyou,093,43540,168,154,10,164,0
2020-10-06,Solano,095,438530,6727,6506,39,6545,52
2020-10-06,Sonoma,097,501317,8431,7895,22,7917,130
2020-10-06,Stanislaus,099,539301,16974,16759,588,17347,354
2020-10-06,Sutter,101,95872,1747,1722,1,1723,12
2020-10-06,Tehama,103,63373,696,660,2,662,3
2020-10-06,Trinity,105,12862,64,25,8,33,0
2020-10-06,Tulare,107,460477,17057,16456,187,16643,280
2020-10-06,Tuolumne,109,53932,244,227,5,232,2
2020-10-06,Ventura,111,848112,14018,13242,261,13503,150
2020-10-06,Yolo,113,214977,2968,2899,7,2906,56
2020-10-06,Yuba,115,75493,1147,1114,3,1117,10
2020-10-05,Alameda,001,1643700,22201,21637,191,21828,383
2020-10-05,Alpine,003,1148,3,2,0,2,0
2020-10-05,Amador,005,37829,303,299,0,299,16
2020-10-05,Butte,007,227075,3028,2910,30,2940,46
2020-10-05,Calaveras,009,45235,315,259,0,259,11
2020-10-05,Colusa,011,21464,538,537,0,537,6
2020-10-05,Contra Costa,013,1133247,17789,17250,86,17336,216
2020-10-05,Del Norte,015,27424,161,142,0,142,2
2020-10-05,El Dorado,017,186661,1282,1202,9,1211,4
2020-10-05,Fresno,019,978130,31603,29136,395,29531,408
2020-10-05,Glenn,021,27897,624,603,0,603,3
2020-10-05,Humboldt,023,135768,522,506,1,507,6
2020-10-05,Imperial,025,180216,12142,11169,9,11178,327
2020-10-05,Inyo,027,18085,202,197,4,201,14
2020-10-05,Kern,029,883053,32676,31933,348,32281,404
2020-10-05,Kings,031,150075,8150,7932,42,7974,80
2020-10-05,Lake,033,64148,641,592,0,592,10
2020-10-05,Lassen,035,31185,756,743,2,745,0
2020-10-05,Los Angeles,037,10098052,279038,273200,2116,275316,6632
2020-10-05,Madera,039,155013,4754,4598,30,4628,50
2020-10-05,Marin,041,260295,6893,6751,18,6769,91
2020-10-05,Mariposa,043,17540,77,75,0,75,2
2020-10-05,Mendocino,045,87422,966,913,4,917,19
2020-10-05,Merced,047,269075,9129,9021,23,9044,143
2020-10-05,Modoc,049,8938,29,26,0,26,0
2020-10-05,Mono,051,14174,173,152,3,155,1
2020-10-05,Monterey,053,433212,10454,10187,42,10229,72
2020-10-05,Napa,055,140530,1817,1760,8,1768,11
2020-10-05,Nevada,057,99092,567,550,17,567,6
2020-10-05,Orange,059,3164182,56810,54103,1557,55660,1271
2020-10-05,Placer,061,380077,3829,3670,13,3683,46
2020-10-05,Plumas,063,18699,51,49,0,49,0
2020-10-05,Riverside,065,2383286,62044,60454,222,60676,1232
2020-10-05,Sacramento,067,1510023,23642,23207,27,23234,438
2020-10-05,San Benito,069,59416,1364,1356,0,1356,12
2020-10-05,San Bernardino,071,2135413,57457,55100,359,55459,1031
2020-10-05,San Diego,073,3302833,50657,48662,1146,49808,803
2020-10-05,San Francisco,075,870044,11613,11476,34,11510,110
2020-10-05,San Joaquin,077,732212,20788,20319,74,20393,476
2020-10-05,San Luis Obispo,079,281455,3976,3710,17,3727,32
2020-10-05,San Mateo,081,765935,10630,9896,11,9907,128
2020-10-05,Santa Barbara,083,443738,9434,9309,82,9391,116
2020-10-05,Santa Clara,085,1922200,23179,21861,48,21909,319
2020-10-05,Santa Cruz,087,273765,2597,2492,32,2524,9
2020-10-05,Shasta,089,179085,1615,1158,16,1174,18
2020-10-05,Sierra,091,2930,6,6,0,6,0
2020-10-05,Siskiyou,093,43540,168,153,10,163,0
2020-10-05,Solano,095,438530,6688,6475,39,6514,52
2020-10-05,Sonoma,097,501317,8339,7817,22,7839,130
2020-10-05,Stanislaus,099,539301,16938,16730,581,17311,351
2020-10-05,Sutter,101,95872,1739,1719,1,1720,12
2020-10-05,Tehama,103,63373,688,642,2,644,3
2020-10-05,Trinity,105,12862,62,22,8,30,0
2020-10-05,Tulare,107,460477,16998,16343,182,16525,278
2020-10-05,Tuolumne,109,53932,241,226,5,231,2
2020-10-05,Ventura,111,848112,13949,13224,242,13466,149
2020-10-05,Yolo,113,214977,2949,2889,7,2896,56
2020-10-05,Yuba,115,75493,1134,1108,3,1111,9
2020-10-04,Alameda,001,1643700,22105,21597,191,21788,383
2020-10-04,Alpine,003,1148,3,2,0,2,0
2020-10-04,Amador,005,37829,302,297,0,297,16
2020-10-04,Butte,007,227075,3014,2903,30,2933,46
2020-10-04,Calaveras,009,45235,315,259,0,259,11
2020-10-04,Colusa,011,21464,537,537,0,537,6
2020-10-04,Contra Costa,013,1133247,17724,17192,86,17278,214
2020-10-04,Del Norte,015,27424,157,142,0,142,2
2020-10-04,El Dorado,017,186661,1278,1196,9,1205,4
2020-10-04,Fresno,019,978130,31480,29065,395,29460,408
2020-10-04,Glenn,021,27897,622,601,0,601,3
2020-10-04,Humboldt,023,135768,521,506,1,507,6
2020-10-04,Imperial,025,180216,12103,11127,9,11136,327
2020-10-04,Inyo,027,18085,199,195,4,199,14
2020-10-04,Kern,029,883053,32602,31906,345,32251,404
2020-10-04,Kings,031,150075,8135,7919,42,7961,80
2020-10-04,Lake,033,64148,627,589,0,589,10
2020-10-04,Lassen,035,31185,756,743,2,745,0
2020-10-04,Los Angeles,037,10098052,277652,272822,2068,274890,6625
2020-10-04,Madera,039,155013,4738,4587,30,4617,50
2020-10-04,Marin,041,260295,6873,6741,18,6759,91
2020-10-04,Mariposa,043,17540,77,75,0,75,2
2020-10-04,Mendocino,045,87422,953,905,4,909,18
2020-10-04,Merced,047,269075,9104,9006,23,9029,140
2020-10-04,Modoc,049,8938,29,26,0,26,0
2020-10-04,Mono,051,14174,172,152,2,154,1
2020-10-04,Monterey,053,433212,10413,10141,41,10182,72
2020-10-04,Napa,055,140530,1805,1759,8,1767,11
2020-10-04,Nevada,057,99092,563,547,16,563,6
2020-10-04,Orange,059,3164182,56574,53966,1548,55514,1270
2020-10-04,Placer,061,380077,3808,3664,13,3677,46
2020-10-04,Plumas,063,18699,51,49,0,49,0
2020-10-04,Riverside,065,2383286,61758,60251,218,60469,1226
2020-10-04,Sacramento,067,1510023,23529,23162,27,23189,438
2020-10-04,San Benito,069,59416,1364,1355,0,1355,12
2020-10-04,San Bernardino,071,2135413,57008,55100,357,55457,1031
2020-10-04,San Diego,073,3302833,50290,48438,1121,49559,803
2020-10-04,San Francisco,075,870044,11581,11474,32,11506,110
2020-10-04,San Joaquin,077,732212,20711,20320,68,20388,476
2020-10-04,San Luis Obispo,079,281455,3951,3688,17,3705,31
2020-10-04,San Mateo,081,765935,10570,9858,11,9869,128
2020-10-04,Santa Barbara,083,443738,9408,9276,80,9356,116
2020-10-04,Santa Clara,085,1922200,23042,21780,48,21828,316
2020-10-04,Santa Cruz,087,273765,2581,2483,32,2515,9
2020-10-04,Shasta,089,179085,1517,1158,15,1173,18
2020-10-04,Sierra,091,2930,6,6,0,6,0
2020-10-04,Siskiyou,093,43540,168,153,10,163,0
2020-10-04,Solano,095,438530,6637,6445,39,6484,52
2020-10-04,Sonoma,097,501317,8251,7794,22,7816,129
2020-10-04,Stanislaus,099,539301,16888,16711,572,17283,351
2020-10-04,Sutter,101,95872,1736,1711,1,1712,11
2020-10-04,Tehama,103,63373,673,637,2,639,3
2020-10-04,Trinity,105,12862,61,21,8,29,0
2020-10-04,Tulare,107,460477,16921,16343,171,16514,278
2020-10-04,Tuolumne,109,53932,239,226,5,231,2
2020-10-04,Ventura,111,848112,13867,13197,225,13422,149
2020-10-04,Yolo,113,214977,2938,2875,7,2882,56
2020-10-04,Yuba,115,75493,1130,1103,3,1106,9
2020-10-03,Alameda,001,1643700,22059,21510,190,21700,386
2020-10-03,Alpine,003,1148,3,2,0,2,0
2020-10-03,Amador,005,37829,301,296,0,296,16
2020-10-03,Butte,007,227075,3008,2894,30,2924,46
2020-10-03,Calaveras,009,45235,315,259,0,259,11
2020-10-03,Colusa,011,21464,536,537,0,537,6
2020-10-03,Contra Costa,013,1133247,17674,17087,84,17171,213
2020-10-03,Del Norte,015,27424,153,142,0,142,2
2020-10-03,El Dorado,017,186661,1271,1188,9,1197,4
2020-10-03,Fresno,019,978130,31420,28975,394,29369,408
2020-10-03,Glenn,021,27897,620,601,0,601,3
2020-10-03,Humboldt,023,135768,520,504,1,505,6
2020-10-03,Imperial,025,180216,12080,11090,9,11099,327
2020-10-03,Inyo,027,18085,199,194,4,198,14
2020-10-03,Kern,029,883053,32552,31864,341,32205,403
2020-10-03,Kings,031,150075,8131,7887,42,7929,80
2020-10-03,Lake,033,64148,617,588,0,588,10
2020-10-03,Lassen,035,31185,756,743,2,745,0
2020-10-03,Los Angeles,037,10098052,276945,271869,2039,273908,6620
2020-10-03,Madera,039,155013,4721,4565,30,4595,50
2020-10-03,Marin,041,260295,6867,6728,18,6746,91
2020-10-03,Mariposa,043,17540,77,75,0,75,2
2020-10-03,Mendocino,045,87422,951,898,4,902,18
2020-10-03,Merced,047,269075,9091,8986,23,9009,139
2020-10-03,Modoc,049,8938,29,26,0,26,0
2020-10-03,Mono,051,14174,171,152,2,154,1
2020-10-03,Monterey,053,433212,10379,10092,38,10130,72
2020-10-03,Napa,055,140530,1801,1752,8,1760,11
2020-10-03,Nevada,057,99092,562,544,16,560,6
2020-10-03,Orange,059,3164182,56457,53573,1543,55116,1268
2020-10-03,Placer,061,380077,3797,3648,13,3661,47
2020-10-03,Plumas,063,18699,51,48,0,48,0
2020-10-03,Riverside,065,2383286,61606,59991,216,60207,1226
2020-10-03,Sacramento,067,1510023,23478,23076,27,23103,437
2020-10-03,San Benito,069,59416,1364,1351,0,1351,12
2020-10-03,San Bernardino,071,2135413,56835,55004,354,55358,1031
2020-10-03,San Diego,073,3302833,50059,48202,1104,49306,798
2020-10-03,San Francisco,075,870044,11556,11475,30,11505,110
2020-10-03,San Joaquin,077,732212,20685,20322,68,20390,476
2020-10-03,San Luis Obispo,079,281455,3927,3670,17,3687,31
2020-10-03,San Mateo,081,765935,10543,9822,10,9832,128
2020-10-03,Santa Barbara,083,443738,9395,9256,80,9336,116
2020-10-03,Santa Clara,085,1922200,22962,21672,48,21720,309
2020-10-03,Santa Cruz,087,273765,2573,2476,32,2508,9
2020-10-03,Shasta,089,179085,1489,1117,14,1131,18
2020-10-03,Sierra,091,2930,6,6,0,6,0
2020-10-03,Siskiyou,093,43540,168,152,10,162,0
2020-10-03,Solano,095,438530,6611,6419,39,6458,52
2020-10-03,Sonoma,097,501317,8209,7747,22,7769,129
2020-10-03,Stanislaus,099,539301,16855,16645,568,17213,351
2020-10-03,Sutter,101,95872,1732,1705,1,1706,11
2020-10-03,Tehama,103,63373,667,630,2,632,3
2020-10-03,Trinity,105,12862,61,15,8,23,0
2020-10-03,Tulare,107,460477,16877,16322,167,16489,278
2020-10-03,Tuolumne,109,53932,238,224,5,229,2
2020-10-03,Ventura,111,848112,13829,13150,221,13371,148
2020-10-03,Yolo,113,214977,2931,2863,7,2870,56
2020-10-03,Yuba,115,75493,1122,1097,3,1100,8
2020-10-02,Alameda,001,1643700,22004,21404,189,21593,382
2020-10-02,Alpine,003,1148,3,2,0,2,0
2020-10-02,Amador,005,37829,300,296,0,296,16
2020-10-02,Butte,007,227075,2998,2879,30,2909,46
2020-10-02,Calaveras,009,45235,314,259,0,259,11
2020-10-02,Colusa,011,21464,535,537,0,537,6
2020-10-02,Contra Costa,013,1133247,17631,17002,83,17085,213
2020-10-02,Del Norte,015,27424,152,141,0,141,2
2020-10-02,El Dorado,017,186661,1264,1168,9,1177,4
2020-10-02,Fresno,019,978130,31337,28855,394,29249,403
2020-10-02,Glenn,021,27897,615,594,0,594,3
2020-10-02,Humboldt,023,135768,519,503,1,504,6
2020-10-02,Imperial,025,180216,12058,11024,9,11033,327
2020-10-02,Inyo,027,18085,197,191,4,195,14
2020-10-02,Kern,029,883053,32500,31790,339,32129,399
2020-10-02,Kings,031,150075,8122,7716,42,7758,79
2020-10-02,Lake,033,64148,611,579,0,579,10
2020-10-02,Lassen,035,31185,756,742,2,744,0
2020-10-02,Los Angeles,037,10098052,276044,270935,2013,272948,6602
2020-10-02,Madera,039,155013,4712,4537,30,4567,49
2020-10-02,Marin,041,260295,6850,6717,18,6735,91
2020-10-02,Mariposa,043,17540,77,75,0,75,2
2020-10-02,Mendocino,045,87422,946,883,4,887,18
2020-10-02,Merced,047,269075,9081,8961,23,8984,139
2020-10-02,Modoc,049,8938,29,26,0,26,0
2020-10-02,Mono,051,14174,171,150,2,152,1
2020-10-02,Monterey,053,433212,10345,9997,38,10035,71
2020-10-02,Napa,055,140530,1795,1737,8,1745,11
2020-10-02,Nevada,057,99092,559,543,16,559,6
2020-10-02,Orange,059,3164182,56326,53299,1536,54835,1262
2020-10-02,Placer,061,380077,3777,3612,13,3625,46
2020-10-02,Plumas,063,18699,51,48,0,48,0
2020-10-02,Riverside,065,2383286,61385,59673,213,59886,1223
2020-10-02,Sacramento,067,1510023,23413,22818,27,22845,436
2020-10-02,San Benito,069,59416,1360,1347,0,1347,12
2020-10-02,San Bernardino,071,2135413,56648,54613,354,54967,1028
2020-10-02,San Diego,073,3302833,49807,47793,1088,48881,794
2020-10-02,San Francisco,075,870044,11533,11398,30,11428,110
2020-10-02,San Joaquin,077,732212,20651,20235,67,20302,474
2020-10-02,San Luis Obispo,079,281455,3904,3654,17,3671,31
2020-10-02,San Mateo,081,765935,10502,9745,10,9755,128
2020-10-02,Santa Barbara,083,443738,9372,9234,80,9314,116
2020-10-02,Santa Clara,085,1922200,22876,21545,47,21592,305
2020-10-02,Santa Cruz,087,273765,2556,2463,32,2495,9
2020-10-02,Shasta,089,179085,1454,1046,14,1060,18
2020-10-02,Sierra,091,2930,6,6,0,6,0
2020-10-02,Siskiyou,093,43540,168,151,10,161,0
2020-10-02,Solano,095,438530,6581,6385,39,6424,52
2020-10-02,Sonoma,097,501317,8152,7662,22,7684,125
2020-10-02,Stanislaus,099,539301,16814,16609,559,17168,349
2020-10-02,Sutter,101,95872,1731,1693,1,1694,11
2020-10-02,Tehama,103,63373,662,619,2,621,3
2020-10-02,Trinity,105,12862,61,15,8,23,0
2020-10-02,Tulare,107,460477,16836,16245,160,16405,278
2020-10-02,Tuolumne,109,53932,236,225,5,230,2
2020-10-02,Ventura,111,848112,13790,13120,216,13336,146
2020-10-02,Yolo,113,214977,2926,2845,7,2852,55
2020-10-02,Yuba,115,75493,1120,1090,3,1093,8
2020-10-01,Alameda,001,1643700,21943,21349,185,21534,383
2020-10-01,Alpine,003,1148,3,2,0,2,0
2020-10-01,Amador,005,37829,300,294,0,294,16
2020-10-01,Butte,007,227075,2990,2865,30,2895,45
2020-10-01,Calaveras,009,45235,314,257,0,257,11
2020-10-01,Colusa,011,21464,535,536,0,536,6
2020-10-01,Contra Costa,013,1133247,17568,16898,83,16981,211
2020-10-01,Del Norte,015,27424,147,140,0,140,2
2020-10-01,El Dorado,017,186661,1260,1162,8,1170,4
2020-10-01,Fresno,019,978130,31257,28796,392,29188,397
2020-10-01,Glenn,021,27897,611,593,0,593,3
2020-10-01,Humboldt,023,135768,519,499,1,500,6
2020-10-01,Imperial,025,180216,12015,10928,9,10937,325
2020-10-01,Inyo,027,18085,197,191,4,195,14
2020-10-01,Kern,029,883053,32437,31678,334,32012,399
2020-10-01,Kings,031,150075,8111,7688,39,7727,79
2020-10-01,Lake,033,64148,605,572,0,572,11
2020-10-01,Lassen,035,31185,753,742,2,744,0
2020-10-01,Los Angeles,037,10098052,274998,271513,1980,273493,6621
2020-10-01,Madera,039,155013,4689,4508,30,4538,48
2020-10-01,Marin,041,260295,6836,6710,18,6728,92
2020-10-01,Mariposa,043,17540,77,76,0,76,2
2020-10-01,Mendocino,045,87422,941,874,4,878,19
2020-10-01,Merced,047,269075,9053,8942,23,8965,138
2020-10-01,Modoc,049,8938,29,26,0,26,0
2020-10-01,Mono,051,14174,169,150,2,152,1
2020-10-01,Monterey,053,433212,10269,9958,38,9996,71
2020-10-01,Napa,055,140530,1787,1729,8,1737,11
2020-10-01,Nevada,057,99092,558,543,16,559,6
2020-10-01,Orange,059,3164182,56161,53088,1523,54611,1257
2020-10-01,Placer,061,380077,3750,3599,13,3612,45
2020-10-01,Plumas,063,18699,51,48,0,48,0
2020-10-01,Riverside,065,2383286,61133,59293,207,59500,1223
2020-10-01,Sacramento,067,1510023,23301,22714,26,22740,433
2020-10-01,San Benito,069,59416,1358,1346,0,1346,12
2020-10-01,San Bernardino,071,2135413,56354,54350,351,54701,1021
2020-10-01,San Diego,073,3302833,49525,47487,1068,48555,792
2020-10-01,San Francisco,075,870044,11502,11284,28,11312,110
2020-10-01,San Joaquin,077,732212,20604,20204,64,20268,471
2020-10-01,San Luis Obispo,079,281455,3877,3625,17,3642,31
2020-10-01,San Mateo,081,765935,10457,9681,10,9691,128
2020-10-01,Santa Barbara,083,443738,9332,9215,80,9295,118
2020-10-01,Santa Clara,085,1922200,22775,21398,47,21445,305
2020-10-01,Santa Cruz,087,273765,2541,2418,32,2450,10
2020-10-01,Shasta,089,179085,1403,991,14,1005,18
2020-10-01,Sierra,091,2930,6,6,0,6,0
2020-10-01,Siskiyou,093,43540,165,150,10,160,0
2020-10-01,Solano,095,438530,6543,6352,39,6391,52
2020-10-01,Sonoma,097,501317,8085,7569,22,7591,125
2020-10-01,Stanislaus,099,539301,16781,16555,553,17108,346
2020-10-01,Sutter,101,95872,1726,1684,1,1685,11
2020-10-01,Tehama,103,63373,652,606,2,608,3
2020-10-01,Trinity,105,12862,61,15,8,23,0
2020-10-01,Tulare,107,460477,16761,16182,157,16339,275
2020-10-01,Tuolumne,109,53932,236,223,5,228,2
2020-10-01,Ventura,111,848112,13738,13057,203,13260,146
2020-10-01,Yolo,113,214977,2908,2833,7,2840,55
2020-10-01,Yuba,115,75493,1116,1082,3,1085,8
2020-09-30,Alameda,001,1643700,21865,21271,182,21453,380
2020-09-30,Alpine,003,1148,3,2,0,2,0
2020-09-30,Amador,005,37829,300,294,0,294,16
2020-09-30,Butte,007,227075,2982,2858,30,2888,44
2020-09-30,Calaveras,009,45235,313,258,0,258,11
2020-09-30,Colusa,011,21464,534,534,0,534,6
2020-09-30,Contra Costa,013,1133247,17500,16819,83,16902,211
2020-09-30,Del Norte,015,27424,146,140,0,140,2
2020-09-30,El Dorado,017,186661,1248,1157,8,1165,4
2020-09-30,Fresno,019,978130,31168,28706,389,29095,395
2020-09-30,Glenn,021,27897,606,592,0,592,3
2020-09-30,Humboldt,023,135768,517,497,1,498,6
2020-09-30,Imperial,025,180216,11990,10868,9,10877,287
2020-09-30,Inyo,027,18085,196,189,4,193,14
2020-09-30,Kern,029,883053,32362,31601,333,31934,398
2020-09-30,Kings,031,150075,8083,7685,39,7724,79
2020-09-30,Lake,033,64148,599,567,0,567,10
2020-09-30,Lassen,035,31185,750,742,2,744,0
2020-09-30,Los Angeles,037,10098052,273775,270260,1947,272207,6568
2020-09-30,Madera,039,155013,4680,4477,30,4507,47
2020-09-30,Marin,041,260295,6812,6700,17,6717,91
2020-09-30,Mariposa,043,17540,77,76,0,76,2
2020-09-30,Mendocino,045,87422,935,867,4,871,17
2020-09-30,Merced,047,269075,9033,8926,23,8949,136
2020-09-30,Modoc,049,8938,29,26,0,26,0
2020-09-30,Mono,051,14174,169,150,2,152,1
2020-09-30,Monterey,053,433212,10219,9898,37,9935,70
2020-09-30,Napa,055,140530,1773,1728,8,1736,11
2020-09-30,Nevada,057,99092,556,540,16,556,6
2020-09-30,Orange,059,3164182,55970,52916,1507,54423,1251
2020-09-30,Placer,061,380077,3729,3585,13,3598,43
2020-09-30,Plumas,063,18699,51,48,0,48,0
2020-09-30,Riverside,065,2383286,60778,59074,203,59277,1220
2020-09-30,Sacramento,067,1510023,23197,22613,26,22639,429
2020-09-30,San Benito,069,59416,1355,1342,0,1342,12
2020-09-30,San Bernardino,071,2135413,56076,53988,350,54338,1018
2020-09-30,San Diego,073,3302833,49221,47182,1047,48229,783
2020-09-30,San Francisco,075,870044,11472,11247,28,11275,106
2020-09-30,San Joaquin,077,732212,20521,20150,62,20212,461
2020-09-30,San Luis Obispo,079,281455,3852,3597,17,3614,31
2020-09-30,San Mateo,081,765935,10415,9634,10,9644,128
2020-09-30,Santa Barbara,083,443738,9306,9186,80,9266,115
2020-09-30,Santa Clara,085,1922200,22670,21318,47,21365,302
2020-09-30,Santa Cruz,087,273765,2528,2405,32,2437,10
2020-09-30,Shasta,089,179085,1347,976,13,989,17
2020-09-30,Sierra,091,2930,6,6,0,6,0
2020-09-30,Siskiyou,093,43540,163,150,10,160,0
2020-09-30,Solano,095,438530,6501,6315,39,6354,51
2020-09-30,Sonoma,097,501317,7996,7494,22,7516,125
2020-09-30,Stanislaus,099,539301,16734,16531,547,17078,343
2020-09-30,Sutter,101,95872,1710,1680,1,1681,10
2020-09-30,Tehama,103,63373,646,594,2,596,3
2020-09-30,Trinity,105,12862,58,15,8,23,0
2020-09-30,Tulare,107,460477,16694,16117,150,16267,274
2020-09-30,Tuolumne,109,53932,234,224,5,229,2
2020-09-30,Ventura,111,848112,13703,12968,187,13155,145
2020-09-30,Yolo,113,214977,2895,2822,7,2829,55
2020-09-30,Yuba,115,75493,1113,1075,3,1078,8
2020-09-29,Alameda,001,1643700,21790,21241,179,21420,374
2020-09-29,Alpine,003,1148,3,2,0,2,0
2020-09-29,Amador,005,37829,298,294,0,294,16
2020-09-29,Butte,007,227075,2968,2848,30,2878,44
2020-09-29,Calaveras,009,45235,311,261,0,261,11
2020-09-29,Colusa,011,21464,534,534,0,534,6
2020-09-29,Contra Costa,013,1133247,17444,16716,81,16797,209
2020-09-29,Del Norte,015,27424,142,142,0,142,2
2020-09-29,El Dorado,017,186661,1239,1151,8,1159,4
2020-09-29,Fresno,019,978130,31073,28621,388,29009,394
2020-09-29,Glenn,021,27897,602,589,0,589,3
2020-09-29,Humboldt,023,135768,515,497,1,498,6
2020-09-29,Imperial,025,180216,11956,10811,9,10820,283
2020-09-29,Inyo,027,18085,195,188,4,192,14
2020-09-29,Kern,029,883053,32307,31534,332,31866,397
2020-09-29,Kings,031,150075,8027,7681,39,7720,78
2020-09-29,Lake,033,64148,597,566,0,566,11
2020-09-29,Lassen,035,31185,750,741,2,743,0
2020-09-29,Los Angeles,037,10098052,272560,269246,1919,271165,6545
2020-09-29,Madera,039,155013,4656,4453,30,4483,47
2020-09-29,Marin,041,260295,6791,6692,17,6709,91
2020-09-29,Mariposa,043,17540,77,74,0,74,2
2020-09-29,Mendocino,045,87422,925,854,4,858,17
2020-09-29,Merced,047,269075,9020,8892,21,8913,136
2020-09-29,Modoc,049,8938,29,26,0,26,0
2020-09-29,Mono,051,14174,169,149,2,151,1
2020-09-29,Monterey,053,433212,10164,9826,35,9861,70
2020-09-29,Napa,055,140530,1770,1727,8,1735,11
2020-09-29,Nevada,057,99092,551,539,16,555,6
2020-09-29,Orange,059,3164182,55784,52755,1496,54251,1231
2020-09-29,Placer,061,380077,3707,3570,13,3583,42
2020-09-29,Plumas,063,18699,51,48,0,48,0
2020-09-29,Riverside,065,2383286,60448,58863,196,59059,1208
2020-09-29,Sacramento,067,1510023,23076,22547,26,22573,425
2020-09-29,San Benito,069,59416,1350,1341,0,1341,12
2020-09-29,San Bernardino,071,2135413,55766,53753,349,54102,1012
2020-09-29,San Diego,073,3302833,48944,46987,1024,48011,781
2020-09-29,San Francisco,075,870044,11436,11142,28,11170,104
2020-09-29,San Joaquin,077,732212,20455,20094,60,20154,454
2020-09-29,San Luis Obispo,079,281455,3830,3581,17,3598,31
2020-09-29,San Mateo,081,765935,10368,9619,10,9629,127
2020-09-29,Santa Barbara,083,443738,9286,9149,79,9228,114
2020-09-29,Santa Clara,085,1922200,22534,21233,46,21279,302
2020-09-29,Santa Cruz,087,273765,2513,2383,31,2414,10
2020-09-29,Shasta,089,179085,1286,943,13,956,17
2020-09-29,Sierra,091,2930,6,6,0,6,0
2020-09-29,Siskiyou,093,43540,157,150,10,160,0
2020-09-29,Solano,095,438530,6467,6303,39,6342,51
2020-09-29,Sonoma,097,501317,7924,7426,22,7448,125
2020-09-29,Stanislaus,099,539301,16704,16505,541,17046,341
2020-09-29,Sutter,101,95872,1704,1677,1,1678,10
2020-09-29,Tehama,103,63373,628,585,2,587,2
2020-09-29,Trinity,105,12862,56,16,8,24,0
2020-09-29,Tulare,107,460477,16630,16055,143,16198,270
2020-09-29,Tuolumne,109,53932,234,224,5,229,2
2020-09-29,Ventura,111,848112,13646,12875,184,13059,145
2020-09-29,Yolo,113,214977,2882,2818,7,2825,55
2020-09-29,Yuba,115,75493,1111,1071,3,1074,8
2020-09-28,Alameda,001,1643700,21703,21133,179,21312,370
2020-09-28,Alpine,003,1148,3,2,0,2,0
2020-09-28,Amador,005,37829,296,294,0,294,16
2020-09-28,Butte,007,227075,2953,2837,30,2867,44
2020-09-28,Calaveras,009,45235,311,257,0,257,11
2020-09-28,Colusa,011,21464,533,531,0,531,6
2020-09-28,Contra Costa,013,1133247,17380,16653,81,16734,195
2020-09-28,Del Norte,015,27424,142,138,0,138,2
2020-09-28,El Dorado,017,186661,1232,1144,8,1152,4
2020-09-28,Fresno,019,978130,30992,28517,382,28899,389
2020-09-28,Glenn,021,27897,600,585,0,585,3
2020-09-28,Humboldt,023,135768,509,495,1,496,6
2020-09-28,Imperial,025,180216,11921,10777,9,10786,283
2020-09-28,Inyo,027,18085,194,188,4,192,14
2020-09-28,Kern,029,883053,32242,31481,328,31809,395
2020-09-28,Kings,031,150075,7886,7661,37,7698,78
2020-09-28,Lake,033,64148,593,559,0,559,10
2020-09-28,Lassen,035,31185,749,737,2,739,0
2020-09-28,Los Angeles,037,10098052,271453,268404,1889,270293,6508
2020-09-28,Madera,039,155013,4635,4438,30,4468,47
2020-09-28,Marin,041,260295,6775,6676,17,6693,91
2020-09-28,Mariposa,043,17540,77,74,0,74,2
2020-09-28,Mendocino,045,87422,910,850,4,854,17
2020-09-28,Merced,047,269075,8992,8869,21,8890,136
2020-09-28,Modoc,049,8938,29,26,0,26,0
2020-09-28,Mono,051,14174,169,148,2,150,1
2020-09-28,Monterey,053,433212,10099,9780,33,9813,69
2020-09-28,Napa,055,140530,1758,1705,8,1713,11
2020-09-28,Nevada,057,99092,543,538,16,554,6
2020-09-28,Orange,059,3164182,55578,52633,1487,54120,1196
2020-09-28,Placer,061,380077,3686,3572,13,3585,42
2020-09-28,Plumas,063,18699,50,48,0,48,0
2020-09-28,Riverside,065,2383286,60150,58570,187,58757,1198
2020-09-28,Sacramento,067,1510023,22929,22392,26,22418,423
2020-09-28,San Benito,069,59416,1347,1336,0,1336,11
2020-09-28,San Bernardino,071,2135413,55418,53501,349,53850,988
2020-09-28,San Diego,073,3302833,48626,46736,1004,47740,776
2020-09-28,San Francisco,075,870044,11402,11114,28,11142,100
2020-09-28,San Joaquin,077,732212,20407,19982,59,20041,448
2020-09-28,San Luis Obispo,079,281455,3809,3567,17,3584,31
2020-09-28,San Mateo,081,765935,10318,9582,10,9592,127
2020-09-28,Santa Barbara,083,443738,9268,9121,79,9200,114
2020-09-28,Santa Clara,085,1922200,22417,21180,46,21226,271
2020-09-28,Santa Cruz,087,273765,2503,2359,31,2390,9
2020-09-28,Shasta,089,179085,1232,883,10,893,17
2020-09-28,Sierra,091,2930,6,6,0,6,0
2020-09-28,Siskiyou,093,43540,157,149,10,159,0
2020-09-28,Solano,095,438530,6431,6254,39,6293,51
2020-09-28,Sonoma,097,501317,7848,7369,22,7391,125
2020-09-28,Stanislaus,099,539301,16665,16467,534,17001,336
2020-09-28,Sutter,101,95872,1697,1676,1,1677,10
2020-09-28,Tehama,103,63373,620,579,2,581,2
2020-09-28,Trinity,105,12862,56,16,8,24,0
2020-09-28,Tulare,107,460477,16577,15918,138,16056,270
2020-09-28,Tuolumne,109,53932,234,225,5,230,2
2020-09-28,Ventura,111,848112,13568,12812,178,12990,139
2020-09-28,Yolo,113,214977,2865,2809,7,2816,55
2020-09-28,Yuba,115,75493,1108,1062,3,1065,7
2020-09-27,Alameda,001,1643700,21621,21077,175,21252,370
2020-09-27,Alpine,003,1148,3,2,0,2,0
2020-09-27,Amador,005,37829,296,291,0,291,16
2020-09-27,Butte,007,227075,2941,2833,30,2863,44
2020-09-27,Calaveras,009,45235,310,257,0,257,11
2020-09-27,Colusa,011,21464,532,531,0,531,6
2020-09-27,Contra Costa,013,1133247,17278,16596,80,16676,195
2020-09-27,Del Norte,015,27424,142,138,0,138,2
2020-09-27,El Dorado,017,186661,1217,1130,8,1138,4
2020-09-27,Fresno,019,978130,30887,28441,382,28823,389
2020-09-27,Glenn,021,27897,596,576,0,576,3
2020-09-27,Humboldt,023,135768,507,492,1,493,6
2020-09-27,Imperial,025,180216,11887,10743,9,10752,283
2020-09-27,Inyo,027,18085,192,188,4,192,14
2020-09-27,Kern,029,883053,32123,31462,325,31787,395
2020-09-27,Kings,031,150075,7866,7641,37,7678,78
2020-09-27,Lake,033,64148,589,555,0,555,10
2020-09-27,Lassen,035,31185,749,737,2,739,0
2020-09-27,Los Angeles,037,10098052,270273,267754,1869,269623,6507
2020-09-27,Madera,039,155013,4606,4416,30,4446,47
2020-09-27,Marin,041,260295,6765,6663,17,6680,91
2020-09-27,Mariposa,043,17540,77,74,0,74,2
2020-09-27,Mendocino,045,87422,904,846,4,850,17
2020-09-27,Merced,047,269075,8958,8853,21,8874,136
2020-09-27,Modoc,049,8938,29,26,0,26,0
2020-09-27,Mono,051,14174,169,148,2,150,1
2020-09-27,Monterey,053,433212,10039,9724,32,9756,69
2020-09-27,Napa,055,140530,1753,1690,8,1698,11
2020-09-27,Nevada,057,99092,542,537,16,553,6
2020-09-27,Orange,059,3164182,55303,52458,1478,53936,1195
2020-09-27,Placer,061,380077,3673,3562,13,3575,42
2020-09-27,Plumas,063,18699,50,48,0,48,0
2020-09-27,Riverside,065,2383286,59854,58509,179,58688,1191
2020-09-27,Sacramento,067,1510023,22831,22356,26,22382,422
2020-09-27,San Benito,069,59416,1347,1331,0,1331,11
2020-09-27,San Bernardino,071,2135413,54982,53127,349,53476,988
2020-09-27,San Diego,073,3302833,48282,46612,987,47599,776
2020-09-27,San Francisco,075,870044,11350,11114,28,11142,100
2020-09-27,San Joaquin,077,732212,20347,19981,59,20040,448
2020-09-27,San Luis Obispo,079,281455,3789,3562,17,3579,31
2020-09-27,San Mateo,081,765935,10250,9566,10,9576,127
2020-09-27,Santa Barbara,083,443738,9247,9090,78,9168,114
2020-09-27,Santa Clara,085,1922200,22308,21091,46,21137,271
2020-09-27,Santa Cruz,087,273765,2481,2359,31,2390,9
2020-09-27,Shasta,089,179085,1189,883,9,892,17
2020-09-27,Sierra,091,2930,6,6,0,6,0
2020-09-27,Siskiyou,093,43540,156,149,10,159,0
2020-09-27,Solano,095,438530,6396,6211,39,6250,51
2020-09-27,Sonoma,097,501317,7767,7336,22,7358,124
2020-09-27,Stanislaus,099,539301,16614,16448,528,16976,336
2020-09-27,Sutter,101,95872,1690,1672,1,1673,10
2020-09-27,Tehama,103,63373,603,573,2,575,2
2020-09-27,Trinity,105,12862,56,16,8,24,0
2020-09-27,Tulare,107,460477,16499,15918,129,16047,270
2020-09-27,Tuolumne,109,53932,233,224,5,229,2
2020-09-27,Ventura,111,848112,13479,12775,169,12944,139
2020-09-27,Yolo,113,214977,2851,2796,7,2803,55
2020-09-27,Yuba,115,75493,1098,1059,3,1062,7
2020-09-26,Alameda,001,1643700,21563,21019,174,21193,370
2020-09-26,Alpine,003,1148,3,2,0,2,0
2020-09-26,Amador,005,37829,295,291,0,291,16
2020-09-26,Butte,007,227075,2933,2827,30,2857,44
2020-09-26,Calaveras,009,45235,310,257,0,257,11
2020-09-26,Colusa,011,21464,532,529,0,529,6
2020-09-26,Contra Costa,013,1133247,17235,16508,80,16588,194
2020-09-26,Del Norte,015,27424,142,138,0,138,2
2020-09-26,El Dorado,017,186661,1212,1127,8,1135,4
2020-09-26,Fresno,019,978130,30820,28336,382,28718,389
2020-09-26,Glenn,021,27897,596,576,0,576,3
2020-09-26,Humboldt,023,135768,507,491,1,492,6
2020-09-26,Imperial,025,180216,11870,10721,9,10730,283
2020-09-26,Inyo,027,18085,191,187,4,191,14
2020-09-26,Kern,029,883053,32072,31410,325,31735,394
2020-09-26,Kings,031,150075,7854,7537,37,7574,78
2020-09-26,Lake,033,64148,586,549,0,549,10
2020-09-26,Lassen,035,31185,749,737,2,739,0
2020-09-26,Los Angeles,037,10098052,269641,266931,1855,268786,6497
2020-09-26,Madera,039,155013,4590,4410,30,4440,47
2020-09-26,Marin,041,260295,6752,6641,17,6658,91
2020-09-26,Mariposa,043,17540,76,74,0,74,2
2020-09-26,Mendocino,045,87422,899,836,4,840,17
2020-09-26,Merced,047,269075,8946,8841,20,8861,136
2020-09-26,Modoc,049,8938,29,26,0,26,0
2020-09-26,Mono,051,14174,169,148,2,150,1
2020-09-26,Monterey,053,433212,10012,9651,32,9683,68
2020-09-26,Napa,055,140530,1751,1681,8,1689,11
2020-09-26,Nevada,057,99092,542,534,16,550,6
2020-09-26,Orange,059,3164182,55164,52203,1472,53675,1194
2020-09-26,Placer,061,380077,3660,3551,13,3564,42
2020-09-26,Plumas,063,18699,49,48,0,48,0
2020-09-26,Riverside,065,2383286,59719,58076,177,58253,1190
2020-09-26,Sacramento,067,1510023,22775,22269,26,22295,421
2020-09-26,San Benito,069,59416,1345,1325,0,1325,11
2020-09-26,San Bernardino,071,2135413,54849,53122,349,53471,988
2020-09-26,San Diego,073,3302833,48077,46333,973,47306,775
2020-09-26,San Francisco,075,870044,11321,11113,28,11141,100
2020-09-26,San Joaquin,077,732212,20312,19982,57,20039,449
2020-09-26,San Luis Obispo,079,281455,3773,3546,17,3563,31
2020-09-26,San Mateo,081,765935,10216,9509,10,9519,127
2020-09-26,Santa Barbara,083,443738,9236,9061,78,9139,114
2020-09-26,Santa Clara,085,1922200,22237,20967,45,21012,270
2020-09-26,Santa Cruz,087,273765,2473,2336,31,2367,9
2020-09-26,Shasta,089,179085,1139,856,8,864,17
2020-09-26,Sierra,091,2930,6,6,0,6,0
2020-09-26,Siskiyou,093,43540,155,149,10,159,0
2020-09-26,Solano,095,438530,6377,6209,39,6248,51
2020-09-26,Sonoma,097,501317,7742,7285,21,7306,124
2020-09-26,Stanislaus,099,539301,16589,16421,520,16941,336
2020-09-26,Sutter,101,95872,1685,1662,1,1663,10
2020-09-26,Tehama,103,63373,591,560,2,562,2
2020-09-26,Trinity,105,12862,54,16,8,24,0
2020-09-26,Tulare,107,460477,16474,15881,127,16008,270
2020-09-26,Tuolumne,109,53932,233,223,5,228,2
2020-09-26,Ventura,111,848112,13444,12729,168,12897,137
2020-09-26,Yolo,113,214977,2849,2789,7,2796,55
2020-09-26,Yuba,115,75493,1094,1056,3,1059,7
2020-09-25,Alameda,001,1643700,21509,20911,174,21085,367
2020-09-25,Alpine,003,1148,3,2,0,2,0
2020-09-25,Amador,005,37829,295,289,0,289,16
2020-09-25,Butte,007,227075,2928,2819,30,2849,43
2020-09-25,Calaveras,009,45235,310,257,0,257,11
2020-09-25,Colusa,011,21464,532,528,0,528,6
2020-09-25,Contra Costa,013,1133247,17176,16401,80,16481,194
2020-09-25,Del Norte,015,27424,142,138,0,138,2
2020-09-25,El Dorado,017,186661,1208,1104,8,1112,4
2020-09-25,Fresno,019,978130,30760,28199,381,28580,385
2020-09-25,Glenn,021,27897,594,570,0,570,3
2020-09-25,Humboldt,023,135768,506,489,1,490,5
2020-09-25,Imperial,025,180216,11852,10681,9,10690,283
2020-09-25,Inyo,027,18085,189,187,4,191,14
2020-09-25,Kern,029,883053,32019,31333,323,31656,393
2020-09-25,Kings,031,150075,7849,7450,37,7487,77
2020-09-25,Lake,033,64148,585,539,0,539,9
2020-09-25,Lassen,035,31185,749,737,2,739,0
2020-09-25,Los Angeles,037,10098052,268847,265713,1843,267556,6483
2020-09-25,Madera,039,155013,4571,4369,30,4399,48
2020-09-25,Marin,041,260295,6749,6622,17,6639,90
2020-09-25,Mariposa,043,17540,76,74,0,74,2
2020-09-25,Mendocino,045,87422,884,819,3,822,17
2020-09-25,Merced,047,269075,8930,8830,20,8850,135
2020-09-25,Modoc,049,8938,29,26,0,26,0
2020-09-25,Mono,051,14174,169,149,2,151,1
2020-09-25,Monterey,053,433212,9960,9581,32,9613,68
2020-09-25,Napa,055,140530,1749,1669,8,1677,11
2020-09-25,Nevada,057,99092,540,529,16,545,6
2020-09-25,Orange,059,3164182,55037,52031,1464,53495,1184
2020-09-25,Placer,061,380077,3649,3527,13,3540,41
2020-09-25,Plumas,063,18699,49,48,0,48,0
2020-09-25,Riverside,065,2383286,59543,57783,172,57955,1183
2020-09-25,Sacramento,067,1510023,22698,22132,26,22158,418
2020-09-25,San Benito,069,59416,1344,1318,0,1318,11
2020-09-25,San Bernardino,071,2135413,54695,52814,349,53163,987
2020-09-25,San Diego,073,3302833,47875,46003,957,46960,775
2020-09-25,San Francisco,075,870044,11287,11066,27,11093,100
2020-09-25,San Joaquin,077,732212,20260,19909,57,19966,449
2020-09-25,San Luis Obispo,079,281455,3761,3512,17,3529,31
2020-09-25,San Mateo,081,765935,10180,9447,10,9457,127
2020-09-25,Santa Barbara,083,443738,9212,9026,78,9104,114
2020-09-25,Santa Clara,085,1922200,22172,20812,44,20856,265
2020-09-25,Santa Cruz,087,273765,2461,2309,30,2339,9
2020-09-25,Shasta,089,179085,1105,806,8,814,16
2020-09-25,Sierra,091,2930,6,6,0,6,0
2020-09-25,Siskiyou,093,43540,155,149,10,159,0
2020-09-25,Solano,095,438530,6361,6179,39,6218,50
2020-09-25,Sonoma,097,501317,7702,7202,21,7223,124
2020-09-25,Stanislaus,099,539301,16571,16381,518,16899,326
2020-09-25,Sutter,101,95872,1682,1655,1,1656,10
2020-09-25,Tehama,103,63373,583,546,2,548,2
2020-09-25,Trinity,105,12862,54,15,8,23,0
2020-09-25,Tulare,107,460477,16434,15815,126,15941,267
2020-09-25,Tuolumne,109,53932,233,223,5,228,2
2020-09-25,Ventura,111,848112,13401,12664,165,12829,137
2020-09-25,Yolo,113,214977,2841,2784,7,2791,55
2020-09-25,Yuba,115,75493,1089,1049,3,1052,5
2020-09-24,Alameda,001,1643700,21434,20838,171,21009,364
2020-09-24,Alpine,003,1148,3,2,0,2,0
2020-09-24,Amador,005,37829,295,288,0,288,16
2020-09-24,Butte,007,227075,2917,2803,30,2833,43
2020-09-24,Calaveras,009,45235,310,258,0,258,11
2020-09-24,Colusa,011,21464,532,523,0,523,6
2020-09-24,Contra Costa,013,1133247,17094,16252,80,16332,192
2020-09-24,Del Norte,015,27424,138,137,0,137,2
2020-09-24,El Dorado,017,186661,1199,1093,8,1101,4
2020-09-24,Fresno,019,978130,30654,28106,377,28483,375
2020-09-24,Glenn,021,27897,590,567,0,567,3
2020-09-24,Humboldt,023,135768,503,482,1,483,5
2020-09-24,Imperial,025,180216,11828,10622,9,10631,283
2020-09-24,Inyo,027,18085,189,187,4,191,13
2020-09-24,Kern,029,883053,31956,31273,321,31594,388
2020-09-24,Kings,031,150075,7833,7428,37,7465,76
2020-09-24,Lake,033,64148,576,531,0,531,9
2020-09-24,Lassen,035,31185,748,737,2,739,0
2020-09-24,Los Angeles,037,10098052,267805,264374,1826,266200,6452
2020-09-24,Madera,039,155013,4552,4344,30,4374,48
2020-09-24,Marin,041,260295,6721,6588,17,6605,85
2020-09-24,Mariposa,043,17540,76,74,0,74,2
2020-09-24,Mendocino,045,87422,880,810,3,813,17
2020-09-24,Merced,047,269075,8901,8813,19,8832,135
2020-09-24,Modoc,049,8938,29,24,0,24,0
2020-09-24,Mono,051,14174,169,149,2,151,1
2020-09-24,Monterey,053,433212,9894,9544,30,9574,67
2020-09-24,Napa,055,140530,1737,1661,8,1669,11
2020-09-24,Nevada,057,99092,539,527,16,543,6
2020-09-24,Orange,059,3164182,54830,51749,1446,53195,1164
2020-09-24,Placer,061,380077,3634,3514,13,3527,41
2020-09-24,Plumas,063,18699,49,48,0,48,0
2020-09-24,Riverside,065,2383286,59278,57491,166,57657,1172
2020-09-24,Sacramento,067,1510023,22572,21985,25,22010,417
2020-09-24,San Benito,069,59416,1342,1308,0,1308,11
2020-09-24,San Bernardino,071,2135413,54358,52455,348,52803,988
2020-09-24,San Diego,073,3302833,47606,45598,942,46540,773
2020-09-24,San Francisco,075,870044,11240,10992,27,11019,99
2020-09-24,San Joaquin,077,732212,20222,19851,55,19906,444
2020-09-24,San Luis Obispo,079,281455,3745,3480,17,3497,31
2020-09-24,San Mateo,081,765935,10132,9376,10,9386,127
2020-09-24,Santa Barbara,083,443738,9159,8988,77,9065,114
2020-09-24,Santa Clara,085,1922200,22084,20689,44,20733,262
2020-09-24,Santa Cruz,087,273765,2441,2300,28,2328,9
2020-09-24,Shasta,089,179085,1068,773,5,778,14
2020-09-24,Sierra,091,2930,6,6,0,6,0
2020-09-24,Siskiyou,093,43540,155,149,10,159,0
2020-09-24,Solano,095,438530,6328,6137,39,6176,49
2020-09-24,Sonoma,097,501317,7621,7163,21,7184,122
2020-09-24,Stanislaus,099,539301,16534,16326,513,16839,326
2020-09-24,Sutter,101,95872,1679,1646,1,1647,10
2020-09-24,Tehama,103,63373,580,540,2,542,2
2020-09-24,Trinity,105,12862,54,15,8,23,0
2020-09-24,Tulare,107,460477,16369,15754,125,15879,267
2020-09-24,Tuolumne,109,53932,233,224,5,229,2
2020-09-24,Ventura,111,848112,13319,12617,164,12781,138
2020-09-24,Yolo,113,214977,2834,2776,7,2783,55
2020-09-24,Yuba,115,75493,1084,1042,3,1045,5
2020-09-23,Alameda,001,1643700,21366,20718,169,20887,361
2020-09-23,Alpine,003,1148,3,2,0,2,0
2020-09-23,Amador,005,37829,294,288,0,288,16
2020-09-23,Butte,007,227075,2909,2790,30,2820,43
2020-09-23,Calaveras,009,45235,309,258,0,258,11
2020-09-23,Colusa,011,21464,531,521,0,521,6
2020-09-23,Contra Costa,013,1133247,17032,16167,80,16247,192
2020-09-23,Del Norte,015,27424,136,137,0,137,2
2020-09-23,El Dorado,017,186661,1185,1088,8,1096,4
2020-09-23,Fresno,019,978130,30559,28019,375,28394,371
2020-09-23,Glenn,021,27897,583,561,0,561,3
2020-09-23,Humboldt,023,135768,499,477,1,478,5
2020-09-23,Imperial,025,180216,11802,10587,9,10596,284
2020-09-23,Inyo,027,18085,188,177,4,181,13
2020-09-23,Kern,029,883053,31912,31172,319,31491,387
2020-09-23,Kings,031,150075,7811,7406,37,7443,76
2020-09-23,Lake,033,64148,571,519,0,519,9
2020-09-23,Lassen,035,31185,748,736,2,738,0
2020-09-23,Los Angeles,037,10098052,266787,263318,1798,265116,6421
2020-09-23,Madera,039,155013,4537,4311,30,4341,48
2020-09-23,Marin,041,260295,6702,6567,17,6584,85
2020-09-23,Mariposa,043,17540,76,74,0,74,2
2020-09-23,Mendocino,045,87422,879,801,2,803,17
2020-09-23,Merced,047,269075,8880,8785,17,8802,134
2020-09-23,Modoc,049,8938,29,24,0,24,0
2020-09-23,Mono,051,14174,169,149,2,151,1
2020-09-23,Monterey,053,433212,9825,9452,29,9481,67
2020-09-23,Napa,055,140530,1728,1653,8,1661,11
2020-09-23,Nevada,057,99092,538,523,16,539,6
2020-09-23,Orange,059,3164182,54603,51658,1438,53096,1155
2020-09-23,Placer,061,380077,3622,3506,13,3519,41
2020-09-23,Plumas,063,18699,49,48,0,48,0
2020-09-23,Riverside,065,2383286,58972,57257,163,57420,1165
2020-09-23,Sacramento,067,1510023,22495,21821,25,21846,415
2020-09-23,San Benito,069,59416,1336,1305,0,1305,10
2020-09-23,San Bernardino,071,2135413,54066,52132,346,52478,973
2020-09-23,San Diego,073,3302833,47330,45427,923,46350,767
2020-09-23,San Francisco,075,870044,11191,10926,27,10953,95
2020-09-23,San Joaquin,077,732212,20168,19785,55,19840,439
2020-09-23,San Luis Obispo,079,281455,3727,3447,17,3464,31
2020-09-23,San Mateo,081,765935,10092,9351,10,9361,127
2020-09-23,Santa Barbara,083,443738,9130,8952,77,9029,112
2020-09-23,Santa Clara,085,1922200,21973,20575,41,20616,260
2020-09-23,Santa Cruz,087,273765,2422,2283,28,2311,9
2020-09-23,Shasta,089,179085,1029,756,4,760,14
2020-09-23,Sierra,091,2930,6,6,0,6,0
2020-09-23,Siskiyou,093,43540,155,149,10,159,0
2020-09-23,Solano,095,438530,6302,6123,39,6162,50
2020-09-23,Sonoma,097,501317,7545,7091,21,7112,122
2020-09-23,Stanislaus,099,539301,16504,16271,510,16781,317
2020-09-23,Sutter,101,95872,1675,1646,1,1647,10
2020-09-23,Tehama,103,63373,574,533,2,535,2
2020-09-23,Trinity,105,12862,53,15,8,23,0
2020-09-23,Tulare,107,460477,16304,15664,124,15788,266
2020-09-23,Tuolumne,109,53932,233,223,5,228,2
2020-09-23,Ventura,111,848112,13263,12591,162,12753,137
2020-09-23,Yolo,113,214977,2816,2766,7,2773,55
2020-09-23,Yuba,115,75493,1082,1038,3,1041,5
2020-09-22,Alameda,001,1643700,21287,20607,167,20774,355
2020-09-22,Alpine,003,1148,2,2,0,2,0
2020-09-22,Amador,005,37829,293,287,0,287,16
2020-09-22,Butte,007,227075,2904,2776,30,2806,43
2020-09-22,Calaveras,009,45235,309,258,0,258,11
2020-09-22,Colusa,011,21464,529,518,0,518,6
2020-09-22,Contra Costa,013,1133247,16942,16090,80,16170,190
2020-09-22,Del Norte,015,27424,136,137,0,137,2
2020-09-22,El Dorado,017,186661,1166,1076,8,1084,4
2020-09-22,Fresno,019,978130,30464,27944,372,28316,369
2020-09-22,Glenn,021,27897,580,560,0,560,3
2020-09-22,Humboldt,023,135768,498,476,1,477,5
2020-09-22,Imperial,025,180216,11773,10529,9,10538,284
2020-09-22,Inyo,027,18085,188,177,4,181,13
2020-09-22,Kern,029,883053,31844,31110,312,31422,383
2020-09-22,Kings,031,150075,7754,7395,36,7431,76
2020-09-22,Lake,033,64148,563,516,0,516,9
2020-09-22,Lassen,035,31185,747,736,2,738,0
2020-09-22,Los Angeles,037,10098052,265721,262117,1773,263890,6394
2020-09-22,Madera,039,155013,4521,4303,30,4333,47
2020-09-22,Marin,041,260295,6688,6561,17,6578,84
2020-09-22,Mariposa,043,17540,76,74,0,74,2
2020-09-22,Mendocino,045,87422,859,794,1,795,18
2020-09-22,Merced,047,269075,8850,8769,17,8786,132
2020-09-22,Modoc,049,8938,29,24,0,24,0
2020-09-22,Mono,051,14174,168,149,2,151,1
2020-09-22,Monterey,053,433212,9767,9393,28,9421,67
2020-09-22,Napa,055,140530,1711,1652,8,1660,11
2020-09-22,Nevada,057,99092,538,523,16,539,6
2020-09-22,Orange,059,3164182,54353,51528,1429,52957,1132
2020-09-22,Placer,061,380077,3610,3492,13,3505,40
2020-09-22,Plumas,063,18699,49,48,0,48,0
2020-09-22,Riverside,065,2383286,58488,57066,159,57225,1162
2020-09-22,Sacramento,067,1510023,22375,21745,25,21770,410
2020-09-22,San Benito,069,59416,1331,1305,0,1305,10
2020-09-22,San Bernardino,071,2135413,53792,51899,346,52245,971
2020-09-22,San Diego,073,3302833,47023,45149,904,46053,765
2020-09-22,San Francisco,075,870044,11147,10893,26,10919,95
2020-09-22,San Joaquin,077,732212,20121,19755,54,19809,426
2020-09-22,San Luis Obispo,079,281455,3705,3420,17,3437,31
2020-09-22,San Mateo,081,765935,10054,9291,10,9301,127
2020-09-22,Santa Barbara,083,443738,9100,8927,76,9003,111
2020-09-22,Santa Clara,085,1922200,21854,20514,41,20555,253
2020-09-22,Santa Cruz,087,273765,2399,2264,28,2292,8
2020-09-22,Shasta,089,179085,994,723,4,727,14
2020-09-22,Sierra,091,2930,6,6,0,6,0
2020-09-22,Siskiyou,093,43540,155,149,10,159,0
2020-09-22,Solano,095,438530,6271,6107,39,6146,48
2020-09-22,Sonoma,097,501317,7466,7068,20,7088,117
2020-09-22,Stanislaus,099,539301,16481,16231,503,16734,316
2020-09-22,Sutter,101,95872,1669,1638,1,1639,10
2020-09-22,Tehama,103,63373,566,529,2,531,2
2020-09-22,Trinity,105,12862,53,15,8,23,0
2020-09-22,Tulare,107,460477,16237,15616,121,15737,263
2020-09-22,Tuolumne,109,53932,232,224,5,229,1
2020-09-22,Ventura,111,848112,13211,12507,158,12665,136
2020-09-22,Yolo,113,214977,2809,2763,7,2770,54
2020-09-22,Yuba,115,75493,1073,1035,3,1038,5
2020-09-21,Alameda,001,1643700,21208,20501,166,20667,343
2020-09-21,Alpine,003,1148,2,2,0,2,0
2020-09-21,Amador,005,37829,291,286,0,286,16
2020-09-21,Butte,007,227075,2890,2769,30,2799,41
2020-09-21,Calaveras,009,45235,307,256,0,256,10
2020-09-21,Colusa,011,21464,528,517,0,517,6
2020-09-21,Contra Costa,013,1133247,16855,16008,80,16088,189
2020-09-21,Del Norte,015,27424,136,132,0,132,2
2020-09-21,El Dorado,017,186661,1157,1074,8,1082,4
2020-09-21,Fresno,019,978130,30362,27843,365,28208,362
2020-09-21,Glenn,021,27897,576,556,0,556,3
2020-09-21,Humboldt,023,135768,494,473,1,474,5
2020-09-21,Imperial,025,180216,11743,10521,9,10530,284
2020-09-21,Inyo,027,18085,187,177,4,181,12
2020-09-21,Kern,029,883053,31772,31031,310,31341,379
2020-09-21,Kings,031,150075,7641,7297,35,7332,76
2020-09-21,Lake,033,64148,558,508,0,508,8
2020-09-21,Lassen,035,31185,745,735,2,737,0
2020-09-21,Los Angeles,037,10098052,264635,261418,1728,263146,6360
2020-09-21,Madera,039,155013,4510,4275,29,4304,47
2020-09-21,Marin,041,260295,6677,6538,16,6554,84
2020-09-21,Mariposa,043,17540,75,74,0,74,2
2020-09-21,Mendocino,045,87422,844,778,0,778,18
2020-09-21,Merced,047,269075,8831,8749,15,8764,128
2020-09-21,Modoc,049,8938,29,22,0,22,0
2020-09-21,Mono,051,14174,168,147,2,149,1
2020-09-21,Monterey,053,433212,9703,9331,25,9356,66
2020-09-21,Napa,055,140530,1700,1641,8,1649,11
2020-09-21,Nevada,057,99092,536,515,16,531,6
2020-09-21,Orange,059,3164182,54131,51363,1422,52785,1110
2020-09-21,Placer,061,380077,3600,3473,13,3486,40
2020-09-21,Plumas,063,18699,49,47,0,47,0
2020-09-21,Riverside,065,2383286,58216,57001,152,57153,1153
2020-09-21,Sacramento,067,1510023,22194,21568,25,21593,404
2020-09-21,San Benito,069,59416,1329,1298,0,1298,10
2020-09-21,San Bernardino,071,2135413,53506,51654,346,52000,970
2020-09-21,San Diego,073,3302833,46739,44927,883,45810,760
2020-09-21,San Francisco,075,870044,11099,10743,26,10769,95
2020-09-21,San Joaquin,077,732212,20063,19579,54,19633,423
2020-09-21,San Luis Obispo,079,281455,3679,3406,17,3423,27
2020-09-21,San Mateo,081,765935,10002,9239,10,9249,127
2020-09-21,Santa Barbara,083,443738,9072,8911,76,8987,110
2020-09-21,Santa Clara,085,1922200,21753,20432,41,20473,252
2020-09-21,Santa Cruz,087,273765,2382,2257,26,2283,8
2020-09-21,Shasta,089,179085,944,696,4,700,14
2020-09-21,Sierra,091,2930,6,6,0,6,0
2020-09-21,Siskiyou,093,43540,155,146,10,156,0
2020-09-21,Solano,095,438530,6247,6019,39,6058,46
2020-09-21,Sonoma,097,501317,7390,7017,20,7037,117
2020-09-21,Stanislaus,099,539301,16451,16186,503,16689,310
2020-09-21,Sutter,101,95872,1662,1634,1,1635,10
2020-09-21,Tehama,103,63373,547,513,2,515,2
2020-09-21,Trinity,105,12862,53,15,8,23,0
2020-09-21,Tulare,107,460477,16163,15528,112,15640,260
2020-09-21,Tuolumne,109,53932,232,221,5,226,1
2020-09-21,Ventura,111,848112,13127,12477,152,12629,133
2020-09-21,Yolo,113,214977,2803,2752,7,2759,54
2020-09-21,Yuba,115,75493,1069,1033,3,1036,1
2020-09-20,Alameda,001,1643700,21108,20425,163,20588,343
2020-09-20,Alpine,003,1148,2,2,0,2,0
2020-09-20,Amador,005,37829,290,286,0,286,16
2020-09-20,Butte,007,227075,2878,2764,30,2794,39
2020-09-20,Calaveras,009,45235,303,256,0,256,10
2020-09-20,Colusa,011,21464,526,510,0,510,6
2020-09-20,Contra Costa,013,1133247,16720,15917,79,15996,189
2020-09-20,Del Norte,015,27424,134,132,0,132,2
2020-09-20,El Dorado,017,186661,1142,1073,8,1081,4
2020-09-20,Fresno,019,978130,30248,27769,360,28129,362
2020-09-20,Glenn,021,27897,572,550,0,550,3
2020-09-20,Humboldt,023,135768,494,472,1,473,5
2020-09-20,Imperial,025,180216,11716,10496,8,10504,284
2020-09-20,Inyo,027,18085,187,177,4,181,12
2020-09-20,Kern,029,883053,31689,30992,306,31298,379
2020-09-20,Kings,031,150075,7594,7159,34,7193,76
2020-09-20,Lake,033,64148,546,492,0,492,8
2020-09-20,Lassen,035,31185,745,735,2,737,0
2020-09-20,Los Angeles,037,10098052,263407,260770,1703,262473,6347
2020-09-20,Madera,039,155013,4490,4257,29,4286,47
2020-09-20,Marin,041,260295,6651,6533,16,6549,83
2020-09-20,Mariposa,043,17540,75,74,0,74,2
2020-09-20,Mendocino,045,87422,832,765,0,765,18
2020-09-20,Merced,047,269075,8804,8745,15,8760,128
2020-09-20,Modoc,049,8938,27,22,0,22,0
2020-09-20,Mono,051,14174,167,147,2,149,1
2020-09-20,Monterey,053,433212,9624,9312,25,9337,65
2020-09-20,Napa,055,140530,1691,1626,8,1634,11
2020-09-20,Nevada,057,99092,533,511,16,527,6
2020-09-20,Orange,059,3164182,53890,51233,1412,52645,1110
2020-09-20,Placer,061,380077,3585,3452,13,3465,40
2020-09-20,Plumas,063,18699,49,47,0,47,0
2020-09-20,Riverside,065,2383286,58015,56783,146,56929,1147
2020-09-20,Sacramento,067,1510023,22007,21394,24,21418,401
2020-09-20,San Benito,069,59416,1318,1291,0,1291,9
2020-09-20,San Bernardino,071,2135413,53187,51559,344,51903,970
2020-09-20,San Diego,073,3302833,46366,44579,854,45433,760
2020-09-20,San Francisco,075,870044,11045,10743,26,10769,95
2020-09-20,San Joaquin,077,732212,19998,19578,47,19625,423
2020-09-20,San Luis Obispo,079,281455,3652,3393,17,3410,27
2020-09-20,San Mateo,081,765935,9936,9198,10,9208,127
2020-09-20,Santa Barbara,083,443738,9036,8880,75,8955,110
2020-09-20,Santa Clara,085,1922200,21633,20330,40,20370,252
2020-09-20,Santa Cruz,087,273765,2362,2199,26,2225,8
2020-09-20,Shasta,089,179085,903,696,3,699,14
2020-09-20,Sierra,091,2930,6,6,0,6,0
2020-09-20,Siskiyou,093,43540,155,146,10,156,0
2020-09-20,Solano,095,438530,6203,6020,39,6059,46
2020-09-20,Sonoma,097,501317,7286,6954,20,6974,117
2020-09-20,Stanislaus,099,539301,16420,16159,496,16655,310
2020-09-20,Sutter,101,95872,1656,1624,1,1625,10
2020-09-20,Tehama,103,63373,534,509,2,511,2
2020-09-20,Trinity,105,12862,53,15,8,23,0
2020-09-20,Tulare,107,460477,16077,15528,105,15633,260
2020-09-20,Tuolumne,109,53932,232,221,5,226,1
2020-09-20,Ventura,111,848112,13061,12406,148,12554,133
2020-09-20,Yolo,113,214977,2795,2745,7,2752,54
2020-09-20,Yuba,115,75493,1062,1029,3,1032,1
2020-09-19,Alameda,001,1643700,21058,20349,160,20509,343
2020-09-19,Alpine,003,1148,2,2,0,2,0
2020-09-19,Amador,005,37829,290,285,0,285,16
2020-09-19,Butte,007,227075,2872,2748,30,2778,38
2020-09-19,Calaveras,009,45235,303,256,0,256,10
2020-09-19,Colusa,011,21464,526,507,0,507,6
2020-09-19,Contra Costa,013,1133247,16657,15783,79,15862,186
2020-09-19,Del Norte,015,27424,133,132,0,132,2
2020-09-19,El Dorado,017,186661,1136,1068,7,1075,4
2020-09-19,Fresno,019,978130,30175,27668,360,28028,362
2020-09-19,Glenn,021,27897,569,547,0,547,3
2020-09-19,Humboldt,023,135768,493,471,1,472,5
2020-09-19,Imperial,025,180216,11701,10496,8,10504,284
2020-09-19,Inyo,027,18085,187,177,4,181,12
2020-09-19,Kern,029,883053,31635,30886,303,31189,379
2020-09-19,Kings,031,150075,7588,7130,34,7164,76
2020-09-19,Lake,033,64148,546,465,0,465,8
2020-09-19,Lassen,035,31185,745,731,2,733,0
2020-09-19,Los Angeles,037,10098052,262783,259801,1689,261490,6325
2020-09-19,Madera,039,155013,4467,4237,29,4266,47
2020-09-19,Marin,041,260295,6644,6513,15,6528,81
2020-09-19,Mariposa,043,17540,75,74,0,74,2
2020-09-19,Mendocino,045,87422,829,750,0,750,18
2020-09-19,Merced,047,269075,8793,8717,14,8731,128
2020-09-19,Modoc,049,8938,27,22,0,22,0
2020-09-19,Mono,051,14174,167,147,2,149,1
2020-09-19,Monterey,053,433212,9582,9237,25,9262,65
2020-09-19,Napa,055,140530,1683,1614,8,1622,11
2020-09-19,Nevada,057,99092,531,505,16,521,6
2020-09-19,Orange,059,3164182,53762,50999,1405,52404,1105
2020-09-19,Placer,061,380077,3576,3412,13,3425,40
2020-09-19,Plumas,063,18699,49,47,0,47,0
2020-09-19,Riverside,065,2383286,57888,56562,145,56707,1147
2020-09-19,Sacramento,067,1510023,21953,21297,24,21321,396
2020-09-19,San Benito,069,59416,1314,1276,0,1276,9
2020-09-19,San Bernardino,071,2135413,53031,51353,341,51694,971
2020-09-19,San Diego,073,3302833,46138,44295,831,45126,773
2020-09-19,San Francisco,075,870044,11012,10741,26,10767,95
2020-09-19,San Joaquin,077,732212,19961,19580,47,19627,424
2020-09-19,San Luis Obispo,079,281455,3631,3369,17,3386,27
2020-09-19,San Mateo,081,765935,9905,9158,10,9168,127
2020-09-19,Santa Barbara,083,443738,9016,8862,75,8937,106
2020-09-19,Santa Clara,085,1922200,21544,20170,40,20210,251
2020-09-19,Santa Cruz,087,273765,2348,2198,25,2223,8
2020-09-19,Shasta,089,179085,876,687,3,690,14
2020-09-19,Sierra,091,2930,6,6,0,6,0
2020-09-19,Siskiyou,093,43540,155,146,10,156,0
2020-09-19,Solano,095,438530,6187,5998,39,6037,46
2020-09-19,Sonoma,097,501317,7253,6905,20,6925,117
2020-09-19,Stanislaus,099,539301,16380,16109,489,16598,313
2020-09-19,Sutter,101,95872,1655,1602,1,1603,10
2020-09-19,Tehama,103,63373,529,498,2,500,2
2020-09-19,Trinity,105,12862,53,15,8,23,0
2020-09-19,Tulare,107,460477,16028,15485,102,15587,260
2020-09-19,Tuolumne,109,53932,232,217,5,222,1
2020-09-19,Ventura,111,848112,13029,12328,148,12476,133
2020-09-19,Yolo,113,214977,2787,2739,7,2746,54
2020-09-19,Yuba,115,75493,1055,1023,3,1026,1
2020-09-18,Alameda,001,1643700,20993,20222,154,20376,341
2020-09-18,Alpine,003,1148,2,2,0,2,0
2020-09-18,Amador,005,37829,290,285,0,285,16
2020-09-18,Butte,007,227075,2870,2738,30,2768,37
2020-09-18,Calaveras,009,45235,303,255,0,255,9
2020-09-18,Colusa,011,21464,526,504,0,504,6
2020-09-18,Contra Costa,013,1133247,16572,15667,79,15746,185
2020-09-18,Del Norte,015,27424,133,131,0,131,2
2020-09-18,El Dorado,017,186661,1123,1063,7,1070,4
2020-09-18,Fresno,019,978130,30110,27560,360,27920,359
2020-09-18,Glenn,021,27897,566,541,0,541,3
2020-09-18,Humboldt,023,135768,490,470,1,471,5
2020-09-18,Imperial,025,180216,11686,10460,8,10468,283
2020-09-18,Inyo,027,18085,187,177,4,181,12
2020-09-18,Kern,029,883053,31577,30742,300,31042,373
2020-09-18,Kings,031,150075,7578,7062,34,7096,74
2020-09-18,Lake,033,64148,540,458,0,458,8
2020-09-18,Lassen,035,31185,744,731,2,733,0
2020-09-18,Los Angeles,037,10098052,262022,258488,1671,260159,6324
2020-09-18,Madera,039,155013,4455,4211,29,4240,45
2020-09-18,Marin,041,260295,6629,6475,15,6490,81
2020-09-18,Mariposa,043,17540,75,74,0,74,2
2020-09-18,Mendocino,045,87422,821,739,0,739,18
2020-09-18,Merced,047,269075,8781,8691,13,8704,127
2020-09-18,Modoc,049,8938,27,22,0,22,0
2020-09-18,Mono,051,14174,165,147,2,149,1
2020-09-18,Monterey,053,433212,9541,9183,25,9208,64
2020-09-18,Napa,055,140530,1677,1604,8,1612,11
2020-09-18,Nevada,057,99092,528,504,16,520,6
2020-09-18,Orange,059,3164182,53616,50733,1393,52126,1107
2020-09-18,Placer,061,380077,3565,3389,13,3402,40
2020-09-18,Plumas,063,18699,49,45,0,45,0
2020-09-18,Riverside,065,2383286,57766,56248,140,56388,1143
2020-09-18,Sacramento,067,1510023,21870,21105,24,21129,391
2020-09-18,San Benito,069,59416,1306,1257,0,1257,8
2020-09-18,San Bernardino,071,2135413,52886,51106,338,51444,970
2020-09-18,San Diego,073,3302833,45888,44009,826,44835,757
2020-09-18,San Francisco,075,870044,10974,10644,25,10669,95
2020-09-18,San Joaquin,077,732212,19917,19531,46,19577,423
2020-09-18,San Luis Obispo,079,281455,3607,3328,17,3345,27
2020-09-18,San Mateo,081,765935,9865,9062,10,9072,127
2020-09-18,Santa Barbara,083,443738,8995,8824,75,8899,107
2020-09-18,Santa Clara,085,1922200,21446,20058,40,20098,252
2020-09-18,Santa Cruz,087,273765,2327,2180,24,2204,8
2020-09-18,Shasta,089,179085,841,668,3,671,14
2020-09-18,Sierra,091,2930,6,6,0,6,0
2020-09-18,Siskiyou,093,43540,154,146,10,156,0
2020-09-18,Solano,095,438530,6171,5961,39,6000,46
2020-09-18,Sonoma,097,501317,7205,6856,20,6876,114
2020-09-18,Stanislaus,099,539301,16351,16042,483,16525,277
2020-09-18,Sutter,101,95872,1648,1586,1,1587,10
2020-09-18,Tehama,103,63373,529,490,2,492,2
2020-09-18,Trinity,105,12862,53,15,7,22,0
2020-09-18,Tulare,107,460477,15995,15435,98,15533,259
2020-09-18,Tuolumne,109,53932,231,216,5,221,1
2020-09-18,Ventura,111,848112,12968,12236,144,12380,133
2020-09-18,Yolo,113,214977,2781,2732,7,2739,54
2020-09-18,Yuba,115,75493,1051,1020,3,1023,1
2020-09-17,Alameda,001,1643700,20894,20146,154,20300,339
2020-09-17,Alpine,003,1148,2,2,0,2,0
2020-09-17,Amador,005,37829,288,284,0,284,16
2020-09-17,Butte,007,227075,2852,2720,30,2750,38
2020-09-17,Calaveras,009,45235,303,254,0,254,9
2020-09-17,Colusa,011,21464,524,499,0,499,6
2020-09-17,Contra Costa,013,1133247,16483,15576,79,15655,184
2020-09-17,Del Norte,015,27424,133,131,0,131,2
2020-09-17,El Dorado,017,186661,1114,1057,7,1064,4
2020-09-17,Fresno,019,978130,30001,27487,355,27842,355
2020-09-17,Glenn,021,27897,565,541,0,541,3
2020-09-17,Humboldt,023,135768,484,466,1,467,5
2020-09-17,Imperial,025,180216,11669,10436,8,10444,281
2020-09-17,Inyo,027,18085,187,176,4,180,12
2020-09-17,Kern,029,883053,31516,30627,293,30920,372
2020-09-17,Kings,031,150075,7507,7015,34,7049,72
2020-09-17,Lake,033,64148,530,433,0,433,8
2020-09-17,Lassen,035,31185,742,731,2,733,0
2020-09-17,Los Angeles,037,10098052,261079,257246,1657,258903,6318
2020-09-17,Madera,039,155013,4421,4152,29,4181,45
2020-09-17,Marin,041,260295,6608,6457,15,6472,81
2020-09-17,Mariposa,043,17540,75,74,0,74,2
2020-09-17,Mendocino,045,87422,810,737,0,737,18
2020-09-17,Merced,047,269075,8762,8671,13,8684,119
2020-09-17,Modoc,049,8938,27,22,0,22,0
2020-09-17,Mono,051,14174,165,147,2,149,1
2020-09-17,Monterey,053,433212,9479,9113,25,9138,62
2020-09-17,Napa,055,140530,1666,1592,8,1600,11
2020-09-17,Nevada,057,99092,526,494,16,510,6
2020-09-17,Orange,059,3164182,53436,50537,1381,51918,1098
2020-09-17,Placer,061,380077,3544,3368,13,3381,40
2020-09-17,Plumas,063,18699,49,45,0,45,0
2020-09-17,Riverside,065,2383286,57540,56007,139,56146,1134
2020-09-17,Sacramento,067,1510023,21635,20895,24,20919,385
2020-09-17,San Benito,069,59416,1304,1252,0,1252,8
2020-09-17,San Bernardino,071,2135413,52683,50770,338,51108,904
2020-09-17,San Diego,073,3302833,45608,43621,814,44435,754
2020-09-17,San Francisco,075,870044,10880,10564,25,10589,95
2020-09-17,San Joaquin,077,732212,19858,19439,46,19485,416
2020-09-17,San Luis Obispo,079,281455,3577,3299,17,3316,27
2020-09-17,San Mateo,081,765935,9823,8984,10,8994,127
2020-09-17,Santa Barbara,083,443738,8971,8779,75,8854,107
2020-09-17,Santa Clara,085,1922200,21329,19825,40,19865,254
2020-09-17,Santa Cruz,087,273765,2311,2155,24,2179,7
2020-09-17,Shasta,089,179085,802,660,3,663,12
2020-09-17,Sierra,091,2930,6,6,0,6,0
2020-09-17,Siskiyou,093,43540,154,146,10,156,0
2020-09-17,Solano,095,438530,6148,5915,39,5954,44
2020-09-17,Sonoma,097,501317,7141,6754,20,6774,114
2020-09-17,Stanislaus,099,539301,16318,15984,479,16463,277
2020-09-17,Sutter,101,95872,1643,1572,1,1573,10
2020-09-17,Tehama,103,63373,515,487,2,489,2
2020-09-17,Trinity,105,12862,53,15,7,22,0
2020-09-17,Tulare,107,460477,15942,15344,96,15440,258
2020-09-17,Tuolumne,109,53932,230,214,5,219,1
2020-09-17,Ventura,111,848112,12881,12167,141,12308,130
2020-09-17,Yolo,113,214977,2772,2724,7,2731,53
2020-09-17,Yuba,115,75493,1047,1015,3,1018,1
2020-09-16,Alameda,001,1643700,20796,20009,152,20161,333
2020-09-16,Alpine,003,1148,2,2,0,2,0
2020-09-16,Amador,005,37829,288,284,0,284,16
2020-09-16,Butte,007,227075,2842,2704,29,2733,38
2020-09-16,Calaveras,009,45235,303,254,0,254,9
2020-09-16,Colusa,011,21464,522,497,0,497,6
2020-09-16,Contra Costa,013,1133247,16397,15473,79,15552,183
2020-09-16,Del Norte,015,27424,133,131,0,131,2
2020-09-16,El Dorado,017,186661,1106,1049,7,1056,4
2020-09-16,Fresno,019,978130,29894,27381,353,27734,343
2020-09-16,Glenn,021,27897,563,539,0,539,3
2020-09-16,Humboldt,023,135768,483,455,1,456,4
2020-09-16,Imperial,025,180216,11646,10401,8,10409,277
2020-09-16,Inyo,027,18085,186,176,4,180,12
2020-09-16,Kern,029,883053,31456,30570,292,30862,371
2020-09-16,Kings,031,150075,7482,7002,32,7034,71
2020-09-16,Lake,033,64148,519,417,0,417,6
2020-09-16,Lassen,035,31185,741,730,2,732,0
2020-09-16,Los Angeles,037,10098052,260097,256101,1640,257741,6299
2020-09-16,Madera,039,155013,4398,4138,29,4167,45
2020-09-16,Marin,041,260295,6580,6430,15,6445,77
2020-09-16,Mariposa,043,17540,75,74,0,74,2
2020-09-16,Mendocino,045,87422,801,727,0,727,18
2020-09-16,Merced,047,269075,8741,8646,13,8659,118
2020-09-16,Modoc,049,8938,27,22,0,22,0
2020-09-16,Mono,051,14174,165,147,2,149,1
2020-09-16,Monterey,053,433212,9425,8997,25,9022,62
2020-09-16,Napa,055,140530,1652,1587,8,1595,11
2020-09-16,Nevada,057,99092,521,495,15,510,6
2020-09-16,Orange,059,3164182,53235,50414,1372,51786,1096
2020-09-16,Placer,061,380077,3526,3351,13,3364,39
2020-09-16,Plumas,063,18699,49,45,0,45,0
2020-09-16,Riverside,065,2383286,57346,55811,131,55942,1127
2020-09-16,Sacramento,067,1510023,21540,20610,24,20634,377
2020-09-16,San Benito,069,59416,1296,1244,0,1244,8
2020-09-16,San Bernardino,071,2135413,52458,50509,337,50846,907
2020-09-16,San Diego,073,3302833,45316,43447,793,44240,748
2020-09-16,San Francisco,075,870044,10833,10502,25,10527,90
2020-09-16,San Joaquin,077,732212,19804,19377,45,19422,409
2020-09-16,San Luis Obispo,079,281455,3546,3285,17,3302,28
2020-09-16,San Mateo,081,765935,9758,8944,10,8954,127
2020-09-16,Santa Barbara,083,443738,8938,8764,75,8839,107
2020-09-16,Santa Clara,085,1922200,21210,19684,40,19724,253
2020-09-16,Santa Cruz,087,273765,2270,2089,23,2112,7
2020-09-16,Shasta,089,179085,776,635,3,638,11
2020-09-16,Sierra,091,2930,6,6,0,6,0
2020-09-16,Siskiyou,093,43540,153,145,10,155,0
2020-09-16,Solano,095,438530,6119,5899,39,5938,44
2020-09-16,Sonoma,097,501317,7080,6731,20,6751,104
2020-09-16,Stanislaus,099,539301,16270,15897,471,16368,263
2020-09-16,Sutter,101,95872,1630,1567,1,1568,10
2020-09-16,Tehama,103,63373,507,485,2,487,2
2020-09-16,Trinity,105,12862,53,15,7,22,0
2020-09-16,Tulare,107,460477,15897,15314,89,15403,258
2020-09-16,Tuolumne,109,53932,229,210,5,215,1
2020-09-16,Ventura,111,848112,12810,12073,139,12212,130
2020-09-16,Yolo,113,214977,2765,2709,7,2716,53
2020-09-16,Yuba,115,75493,1045,1000,3,1003,1
2020-09-15,Alameda,001,1643700,20690,19931,149,20080,327
2020-09-15,Alpine,003,1148,2,2,0,2,0
2020-09-15,Amador,005,37829,287,282,0,282,16
2020-09-15,Butte,007,227075,2829,2695,27,2722,38
2020-09-15,Calaveras,009,45235,303,248,0,248,5
2020-09-15,Colusa,011,21464,516,497,0,497,6
2020-09-15,Contra Costa,013,1133247,16297,15423,77,15500,180
2020-09-15,Del Norte,015,27424,133,129,0,129,2
2020-09-15,El Dorado,017,186661,1101,1046,7,1053,4
2020-09-15,Fresno,019,978130,29787,27312,348,27660,343
2020-09-15,Glenn,021,27897,562,531,0,531,3
2020-09-15,Humboldt,023,135768,481,456,1,457,4
2020-09-15,Imperial,025,180216,11621,10376,8,10384,277
2020-09-15,Inyo,027,18085,186,176,4,180,12
2020-09-15,Kern,029,883053,31343,30429,289,30718,368
2020-09-15,Kings,031,150075,7324,6977,32,7009,70
2020-09-15,Lake,033,64148,505,416,0,416,4
2020-09-15,Lassen,035,31185,737,719,2,721,0
2020-09-15,Los Angeles,037,10098052,258987,255048,1618,256666,6269
2020-09-15,Madera,039,155013,4379,4122,29,4151,45
2020-09-15,Marin,041,260295,6549,6423,15,6438,77
2020-09-15,Mariposa,043,17540,75,74,0,74,2
2020-09-15,Mendocino,045,87422,783,724,0,724,18
2020-09-15,Merced,047,269075,8711,8633,13,8646,114
2020-09-15,Modoc,049,8938,26,21,0,21,0
2020-09-15,Mono,051,14174,165,147,2,149,1
2020-09-15,Monterey,053,433212,9376,8943,25,8968,62
2020-09-15,Napa,055,140530,1638,1580,8,1588,11
2020-09-15,Nevada,057,99092,516,494,15,509,6
2020-09-15,Orange,059,3164182,53053,50294,1358,51652,1088
2020-09-15,Placer,061,380077,3502,3331,13,3344,38
2020-09-15,Plumas,063,18699,49,44,0,44,0
2020-09-15,Riverside,065,2383286,57052,55569,121,55690,1118
2020-09-15,Sacramento,067,1510023,21396,20487,24,20511,372
2020-09-15,San Benito,069,59416,1289,1237,0,1237,7
2020-09-15,San Bernardino,071,2135413,52242,50333,336,50669,904
2020-09-15,San Diego,073,3302833,44997,43183,773,43956,742
2020-09-15,San Francisco,075,870044,10775,10414,25,10439,90
2020-09-15,San Joaquin,077,732212,19752,19313,45,19358,401
2020-09-15,San Luis Obispo,079,281455,3526,3262,17,3279,28
2020-09-15,San Mateo,081,765935,9688,8895,10,8905,127
2020-09-15,Santa Barbara,083,443738,8913,8724,74,8798,104
2020-09-15,Santa Clara,085,1922200,21076,19610,40,19650,252
2020-09-15,Santa Cruz,087,273765,2244,2079,22,2101,7
2020-09-15,Shasta,089,179085,764,627,3,630,11
2020-09-15,Sierra,091,2930,6,6,0,6,0
2020-09-15,Siskiyou,093,43540,153,143,10,153,0
2020-09-15,Solano,095,438530,6085,5878,39,5917,45
2020-09-15,Sonoma,097,501317,7041,6701,20,6721,104
2020-09-15,Stanislaus,099,539301,16222,15880,469,16349,260
2020-09-15,Sutter,101,95872,1619,1556,1,1557,10
2020-09-15,Tehama,103,63373,495,484,2,486,2
2020-09-15,Trinity,105,12862,53,15,7,22,0
2020-09-15,Tulare,107,460477,15821,15203,87,15290,254
2020-09-15,Tuolumne,109,53932,229,209,5,214,1
2020-09-15,Ventura,111,848112,12757,11932,138,12070,128
2020-09-15,Yolo,113,214977,2761,2708,7,2715,53
2020-09-15,Yuba,115,75493,1039,991,3,994,1
2020-09-14,Alameda,001,1643700,20563,19851,148,19999,306
2020-09-14,Alpine,003,1148,2,2,0,2,0
2020-09-14,Amador,005,37829,285,281,0,281,16
2020-09-14,Butte,007,227075,2812,2642,27,2669,37
2020-09-14,Calaveras,009,45235,303,244,0,244,3
2020-09-14,Colusa,011,21464,515,486,0,486,6
2020-09-14,Contra Costa,013,1133247,16173,15354,76,15430,174
2020-09-14,Del Norte,015,27424,130,116,0,116,2
2020-09-14,El Dorado,017,186661,1097,1039,7,1046,3
2020-09-14,Fresno,019,978130,29703,27232,345,27577,344
2020-09-14,Glenn,021,27897,554,521,0,521,3
2020-09-14,Humboldt,023,135768,478,437,1,438,4
2020-09-14,Imperial,025,180216,11601,10340,8,10348,273
2020-09-14,Inyo,027,18085,186,176,4,180,12
2020-09-14,Kern,029,883053,31255,30344,288,30632,368
2020-09-14,Kings,031,150075,7243,6950,32,6982,70
2020-09-14,Lake,033,64148,485,407,0,407,4
2020-09-14,Lassen,035,31185,737,719,2,721,0
2020-09-14,Los Angeles,037,10098052,257956,254622,1593,256215,6226
2020-09-14,Madera,039,155013,4365,4104,29,4133,45
2020-09-14,Marin,041,260295,6528,6409,15,6424,70
2020-09-14,Mariposa,043,17540,75,74,0,74,2
2020-09-14,Mendocino,045,87422,766,710,0,710,17
2020-09-14,Merced,047,269075,8692,8593,13,8606,112
2020-09-14,Modoc,049,8938,26,21,0,21,0
2020-09-14,Mono,051,14174,165,147,2,149,1
2020-09-14,Monterey,053,433212,9305,8845,24,8869,61
2020-09-14,Napa,055,140530,1621,1576,8,1584,11
2020-09-14,Nevada,057,99092,511,489,15,504,6
2020-09-14,Orange,059,3164182,52892,50149,1342,51491,1079
2020-09-14,Placer,061,380077,3481,3302,13,3315,38
2020-09-14,Plumas,063,18699,48,42,0,42,0
2020-09-14,Riverside,065,2383286,56833,55488,117,55605,1113
2020-09-14,Sacramento,067,1510023,21201,20377,23,20400,367
2020-09-14,San Benito,069,59416,1274,1233,0,1233,7
2020-09-14,San Bernardino,071,2135413,52017,50163,335,50498,895
2020-09-14,San Diego,073,3302833,44686,42889,753,43642,734
2020-09-14,San Francisco,075,870044,10708,10255,23,10278,90
2020-09-14,San Joaquin,077,732212,19678,19111,44,19155,397
2020-09-14,San Luis Obispo,079,281455,3501,3248,17,3265,25
2020-09-14,San Mateo,081,765935,9627,8847,10,8857,127
2020-09-14,Santa Barbara,083,443738,8887,8692,74,8766,104
2020-09-14,Santa Clara,085,1922200,20888,19545,40,19585,247
2020-09-14,Santa Cruz,087,273765,2222,2016,21,2037,7
2020-09-14,Shasta,089,179085,741,584,3,587,10
2020-09-14,Sierra,091,2930,6,6,0,6,0
2020-09-14,Siskiyou,093,43540,152,143,10,153,0
2020-09-14,Solano,095,438530,6050,5834,39,5873,44
2020-09-14,Sonoma,097,501317,6979,6630,20,6650,102
2020-09-14,Stanislaus,099,539301,16177,15812,466,16278,253
2020-09-14,Sutter,101,95872,1608,1549,1,1550,10
2020-09-14,Tehama,103,63373,493,475,2,477,1
2020-09-14,Trinity,105,12862,52,14,7,21,0
2020-09-14,Tulare,107,460477,15751,15096,81,15177,254
2020-09-14,Tuolumne,109,53932,228,208,5,213,1
2020-09-14,Ventura,111,848112,12655,11903,135,12038,125
2020-09-14,Yolo,113,214977,2750,2687,7,2694,53
2020-09-14,Yuba,115,75493,1031,977,3,980,1
2020-09-13,Alameda,001,1643700,20457,19815,145,19960,306
2020-09-13,Alpine,003,1148,2,2,0,2,0
2020-09-13,Amador,005,37829,282,279,0,279,16
2020-09-13,Butte,007,227075,2790,2640,27,2667,37
2020-09-13,Calaveras,009,45235,302,246,0,246,3
2020-09-13,Colusa,011,21464,511,486,0,486,6
2020-09-13,Contra Costa,013,1133247,16067,15284,76,15360,172
2020-09-13,Del Norte,015,27424,127,116,0,116,1
2020-09-13,El Dorado,017,186661,1092,1035,7,1042,2
2020-09-13,Fresno,019,978130,29595,27196,336,27532,345
2020-09-13,Glenn,021,27897,550,517,0,517,3
2020-09-13,Humboldt,023,135768,478,434,1,435,4
2020-09-13,Imperial,025,180216,11564,10304,7,10311,273
2020-09-13,Inyo,027,18085,186,176,4,180,12
2020-09-13,Kern,029,883053,31162,30277,282,30559,368
2020-09-13,Kings,031,150075,7224,6937,32,6969,70
2020-09-13,Lake,033,64148,466,397,0,397,4
2020-09-13,Lassen,035,31185,734,719,2,721,0
2020-09-13,Los Angeles,037,10098052,256804,253950,1578,255528,6203
2020-09-13,Madera,039,155013,4308,4090,29,4119,45
2020-09-13,Marin,041,260295,6507,6395,15,6410,70
2020-09-13,Mariposa,043,17540,75,74,0,74,2
2020-09-13,Mendocino,045,87422,759,707,0,707,17
2020-09-13,Merced,047,269075,8658,8575,13,8588,112
2020-09-13,Modoc,049,8938,26,21,0,21,0
2020-09-13,Mono,051,14174,165,147,2,149,1
2020-09-13,Monterey,053,433212,9223,8826,23,8849,61
2020-09-13,Napa,055,140530,1614,1563,8,1571,11
2020-09-13,Nevada,057,99092,503,486,15,501,6
2020-09-13,Orange,059,3164182,52676,50061,1335,51396,1075
2020-09-13,Placer,061,380077,3451,3291,13,3304,38
2020-09-13,Plumas,063,18699,48,42,0,42,0
2020-09-13,Riverside,065,2383286,56626,55235,106,55341,1108
2020-09-13,Sacramento,067,1510023,20855,20279,23,20302,367
2020-09-13,San Benito,069,59416,1266,1217,0,1217,7
2020-09-13,San Bernardino,071,2135413,51731,49968,333,50301,895
2020-09-13,San Diego,073,3302833,44360,42681,719,43400,734
2020-09-13,San Francisco,075,870044,10630,10254,23,10277,90
2020-09-13,San Joaquin,077,732212,19607,19110,43,19153,396
2020-09-13,San Luis Obispo,079,281455,3464,3240,17,3257,24
2020-09-13,San Mateo,081,765935,9566,8811,10,8821,127
2020-09-13,Santa Barbara,083,443738,8850,8690,74,8764,104
2020-09-13,Santa Clara,085,1922200,20749,19456,39,19495,245
2020-09-13,Santa Cruz,087,273765,2189,2016,19,2035,7
2020-09-13,Shasta,089,179085,729,583,3,586,10
2020-09-13,Sierra,091,2930,6,6,0,6,0
2020-09-13,Siskiyou,093,43540,152,143,9,152,0
2020-09-13,Solano,095,438530,6004,5810,39,5849,43
2020-09-13,Sonoma,097,501317,6914,6592,20,6612,95
2020-09-13,Stanislaus,099,539301,16114,15759,454,16213,253
2020-09-13,Sutter,101,95872,1596,1539,1,1540,10
2020-09-13,Tehama,103,63373,489,476,2,478,1
2020-09-13,Trinity,105,12862,52,14,7,21,0
2020-09-13,Tulare,107,460477,15680,15098,80,15178,254
2020-09-13,Tuolumne,109,53932,224,208,5,213,1
2020-09-13,Ventura,111,848112,12547,11855,134,11989,123
2020-09-13,Yolo,113,214977,2738,2675,7,2682,53
2020-09-13,Yuba,115,75493,1026,967,3,970,1
2020-09-12,Alameda,001,1643700,20398,19758,145,19903,307
2020-09-12,Alpine,003,1148,2,2,0,2,0
2020-09-12,Amador,005,37829,281,278,0,278,16
2020-09-12,Butte,007,227075,2783,2629,26,2655,37
2020-09-12,Calaveras,009,45235,300,246,0,246,3
2020-09-12,Colusa,011,21464,507,486,0,486,6
2020-09-12,Contra Costa,013,1133247,15990,15135,75,15210,174
2020-09-12,Del Norte,015,27424,126,116,0,116,1
2020-09-12,El Dorado,017,186661,1085,1034,7,1041,2
2020-09-12,Fresno,019,978130,29524,27076,336,27412,345
2020-09-12,Glenn,021,27897,549,517,0,517,3
2020-09-12,Humboldt,023,135768,477,430,1,431,4
2020-09-12,Imperial,025,180216,11552,10305,7,10312,273
2020-09-12,Inyo,027,18085,186,177,4,181,12
2020-09-12,Kern,029,883053,31096,30202,282,30484,368
2020-09-12,Kings,031,150075,7214,6895,32,6927,70
2020-09-12,Lake,033,64148,460,393,0,393,4
2020-09-12,Lassen,035,31185,734,719,2,721,0
2020-09-12,Los Angeles,037,10098052,256247,253156,1557,254713,6193
2020-09-12,Madera,039,155013,4297,4058,29,4087,43
2020-09-12,Marin,041,260295,6498,6393,15,6408,69
2020-09-12,Mariposa,043,17540,75,72,0,72,2
2020-09-12,Mendocino,045,87422,756,700,0,700,17
2020-09-12,Merced,047,269075,8649,8533,13,8546,112
2020-09-12,Modoc,049,8938,25,21,0,21,0
2020-09-12,Mono,051,14174,165,147,2,149,1
2020-09-12,Monterey,053,433212,9187,8743,23,8766,61
2020-09-12,Napa,055,140530,1611,1556,8,1564,11
2020-09-12,Nevada,057,99092,502,482,15,497,6
2020-09-12,Orange,059,3164182,52561,49895,1332,51227,1078
2020-09-12,Placer,061,380077,3434,3280,13,3293,38
2020-09-12,Plumas,063,18699,48,42,0,42,0
2020-09-12,Riverside,065,2383286,56498,55058,102,55160,1108
2020-09-12,Sacramento,067,1510023,20786,20184,23,20207,367
2020-09-12,San Benito,069,59416,1263,1208,0,1208,7
2020-09-12,San Bernardino,071,2135413,51640,49945,331,50276,896
2020-09-12,San Diego,073,3302833,44165,42416,710,43126,747
2020-09-12,San Francisco,075,870044,10586,10257,23,10280,90
2020-09-12,San Joaquin,077,732212,19579,19108,43,19151,396
2020-09-12,San Luis Obispo,079,281455,3437,3220,17,3237,24
2020-09-12,San Mateo,081,765935,9521,8759,10,8769,127
2020-09-12,Santa Barbara,083,443738,8836,8642,74,8716,104
2020-09-12,Santa Clara,085,1922200,20665,19330,39,19369,237
2020-09-12,Santa Cruz,087,273765,2177,2016,19,2035,7
2020-09-12,Shasta,089,179085,717,569,3,572,10
2020-09-12,Sierra,091,2930,6,6,0,6,0
2020-09-12,Siskiyou,093,43540,152,141,9,150,0
2020-09-12,Solano,095,438530,5980,5772,39,5811,43
2020-09-12,Sonoma,097,501317,6889,6531,20,6551,95
2020-09-12,Stanislaus,099,539301,16082,15675,451,16126,253
2020-09-12,Sutter,101,95872,1590,1529,1,1530,10
2020-09-12,Tehama,103,63373,486,471,2,473,1
2020-09-12,Trinity,105,12862,52,15,7,22,0
2020-09-12,Tulare,107,460477,15634,15018,79,15097,254
2020-09-12,Tuolumne,109,53932,224,208,5,213,1
2020-09-12,Ventura,111,848112,12496,11759,132,11891,123
2020-09-12,Yolo,113,214977,2731,2646,7,2653,53
2020-09-12,Yuba,115,75493,1022,963,3,966,1
2020-09-11,Alameda,001,1643700,20343,19625,144,19769,298
2020-09-11,Alpine,003,1148,2,2,0,2,0
2020-09-11,Amador,005,37829,281,277,0,277,16
2020-09-11,Butte,007,227075,2772,2605,26,2631,37
2020-09-11,Calaveras,009,45235,299,242,0,242,1
2020-09-11,Colusa,011,21464,506,484,0,484,6
2020-09-11,Contra Costa,013,1133247,15938,15001,72,15073,173
2020-09-11,Del Norte,015,27424,126,115,0,115,1
2020-09-11,El Dorado,017,186661,1082,1024,7,1031,2
2020-09-11,Fresno,019,978130,29446,26917,335,27252,344
2020-09-11,Glenn,021,27897,544,515,0,515,3
2020-09-11,Humboldt,023,135768,475,426,1,427,4
2020-09-11,Imperial,025,180216,11534,10286,7,10293,273
2020-09-11,Inyo,027,18085,186,176,4,180,12
2020-09-11,Kern,029,883053,31028,30059,281,30340,365
2020-09-11,Kings,031,150075,7197,6770,32,6802,70
2020-09-11,Lake,033,64148,453,382,0,382,4
2020-09-11,Lassen,035,31185,734,719,2,721,0
2020-09-11,Los Angeles,037,10098052,255566,252057,1546,253603,6172
2020-09-11,Madera,039,155013,4278,4018,29,4047,43
2020-09-11,Marin,041,260295,6495,6364,15,6379,69
2020-09-11,Mariposa,043,17540,75,72,0,72,2
2020-09-11,Mendocino,045,87422,745,700,0,700,17
2020-09-11,Merced,047,269075,8628,8489,13,8502,109
2020-09-11,Modoc,049,8938,25,21,0,21,0
2020-09-11,Mono,051,14174,165,145,2,147,1
2020-09-11,Monterey,053,433212,9139,8595,23,8618,61
2020-09-11,Napa,055,140530,1600,1543,8,1551,11
2020-09-11,Nevada,057,99092,495,483,15,498,6
2020-09-11,Orange,059,3164182,52431,49755,1320,51075,1068
2020-09-11,Placer,061,380077,3419,3254,13,3267,37
2020-09-11,Plumas,063,18699,48,42,0,42,0
2020-09-11,Riverside,065,2383286,56363,54717,99,54816,1099
2020-09-11,Sacramento,067,1510023,20701,20012,23,20035,358
2020-09-11,San Benito,069,59416,1253,1202,0,1202,7
2020-09-11,San Bernardino,071,2135413,51541,49682,331,50013,871
2020-09-11,San Diego,073,3302833,43945,41971,704,42675,730
2020-09-11,San Francisco,075,870044,10538,10133,22,10155,89
2020-09-11,San Joaquin,077,732212,19531,19019,43,19062,391
2020-09-11,San Luis Obispo,079,281455,3419,3190,17,3207,24
2020-09-11,San Mateo,081,765935,9479,8611,10,8621,127
2020-09-11,Santa Barbara,083,443738,8803,8592,73,8665,103
2020-09-11,Santa Clara,085,1922200,20577,19065,39,19104,234
2020-09-11,Santa Cruz,087,273765,2160,1997,19,2016,7
2020-09-11,Shasta,089,179085,707,568,3,571,10
2020-09-11,Sierra,091,2930,6,6,0,6,0
2020-09-11,Siskiyou,093,43540,151,139,9,148,0
2020-09-11,Solano,095,438530,5963,5742,39,5781,42
2020-09-11,Sonoma,097,501317,6845,6469,20,6489,91
2020-09-11,Stanislaus,099,539301,16044,15613,448,16061,253
2020-09-11,Sutter,101,95872,1580,1505,1,1506,11
2020-09-11,Tehama,103,63373,483,466,2,468,1
2020-09-11,Trinity,105,12862,52,16,7,23,0
2020-09-11,Tulare,107,460477,15603,14932,77,15009,251
2020-09-11,Tuolumne,109,53932,224,208,5,213,1
2020-09-11,Ventura,111,848112,12442,11700,130,11830,123
2020-09-11,Yolo,113,214977,2720,2632,7,2639,53
2020-09-11,Yuba,115,75493,1014,946,3,949,1
2020-09-10,Alameda,001,1643700,20269,19509,144,19653,292
2020-09-10,Alpine,003,1148,2,2,0,2,0
2020-09-10,Amador,005,37829,280,277,0,277,16
2020-09-10,Butte,007,227075,2755,2590,26,2616,37
2020-09-10,Calaveras,009,45235,299,244,0,244,1
2020-09-10,Colusa,011,21464,504,482,0,482,6
2020-09-10,Contra Costa,013,1133247,15868,14909,72,14981,172
2020-09-10,Del Norte,015,27424,125,112,0,112,1
2020-09-10,El Dorado,017,186661,1079,1020,7,1027,2
2020-09-10,Fresno,019,978130,29324,26783,335,27118,338
2020-09-10,Glenn,021,27897,534,511,0,511,3
2020-09-10,Humboldt,023,135768,464,422,1,423,4
2020-09-10,Imperial,025,180216,11518,10251,7,10258,270
2020-09-10,Inyo,027,18085,185,176,4,180,11
2020-09-10,Kern,029,883053,30945,29988,277,30265,363
2020-09-10,Kings,031,150075,7167,6739,32,6771,70
2020-09-10,Lake,033,64148,447,377,0,377,4
2020-09-10,Lassen,035,31185,733,716,2,718,0
2020-09-10,Los Angeles,037,10098052,254587,251003,1525,252528,6132
2020-09-10,Madera,039,155013,4260,3979,29,4008,43
2020-09-10,Marin,041,260295,6483,6344,15,6359,68
2020-09-10,Mariposa,043,17540,75,72,0,72,2
2020-09-10,Mendocino,045,87422,735,697,0,697,16
2020-09-10,Merced,047,269075,8582,8461,13,8474,109
2020-09-10,Modoc,049,8938,25,21,0,21,0
2020-09-10,Mono,051,14174,165,145,2,147,1
2020-09-10,Monterey,053,433212,9069,8570,23,8593,59
2020-09-10,Napa,055,140530,1594,1536,8,1544,11
2020-09-10,Nevada,057,99092,491,478,15,493,6
2020-09-10,Orange,059,3164182,52268,49617,1314,50931,1057
2020-09-10,Placer,061,380077,3399,3233,13,3246,37
2020-09-10,Plumas,063,18699,48,42,0,42,0
2020-09-10,Riverside,065,2383286,56044,54417,96,54513,1091
2020-09-10,Sacramento,067,1510023,20581,19618,22,19640,354
2020-09-10,San Benito,069,59416,1247,1201,0,1201,5
2020-09-10,San Bernardino,071,2135413,51352,49467,329,49796,867
2020-09-10,San Diego,073,3302833,43679,41610,677,42287,725
2020-09-10,San Francisco,075,870044,10461,10082,22,10104,89
2020-09-10,San Joaquin,077,732212,19478,18854,43,18897,389
2020-09-10,San Luis Obispo,079,281455,3405,3161,16,3177,24
2020-09-10,San Mateo,081,765935,9433,8529,10,8539,125
2020-09-10,Santa Barbara,083,443738,8758,8552,73,8625,100
2020-09-10,Santa Clara,085,1922200,20463,18870,39,18909,231
2020-09-10,Santa Cruz,087,273765,2145,1986,17,2003,7
2020-09-10,Shasta,089,179085,696,566,3,569,10
2020-09-10,Sierra,091,2930,6,6,0,6,0
2020-09-10,Siskiyou,093,43540,151,137,9,146,0
2020-09-10,Solano,095,438530,5923,5696,39,5735,42
2020-09-10,Sonoma,097,501317,6796,6424,20,6444,91
2020-09-10,Stanislaus,099,539301,15991,15509,443,15952,243
2020-09-10,Sutter,101,95872,1570,1494,1,1495,11
2020-09-10,Tehama,103,63373,476,466,2,468,1
2020-09-10,Trinity,105,12862,52,15,7,22,0
2020-09-10,Tulare,107,460477,15551,14860,74,14934,250
2020-09-10,Tuolumne,109,53932,223,205,5,210,1
2020-09-10,Ventura,111,848112,12348,11600,123,11723,122
2020-09-10,Yolo,113,214977,2715,2612,7,2619,53
2020-09-10,Yuba,115,75493,1008,941,3,944,1
2020-09-09,Alameda,001,1643700,20190,19399,143,19542,289
2020-09-09,Alpine,003,1148,2,2,0,2,0
2020-09-09,Amador,005,37829,279,276,0,276,16
2020-09-09,Butte,007,227075,2738,2561,26,2587,37
2020-09-09,Calaveras,009,45235,299,242,0,242,1
2020-09-09,Colusa,011,21464,499,479,0,479,6
2020-09-09,Contra Costa,013,1133247,15782,14816,72,14888,171
2020-09-09,Del Norte,015,27424,121,109,0,109,1
2020-09-09,El Dorado,017,186661,1076,1020,7,1027,2
2020-09-09,Fresno,019,978130,29221,26724,330,27054,329
2020-09-09,Glenn,021,27897,531,508,0,508,3
2020-09-09,Humboldt,023,135768,462,420,1,421,4
2020-09-09,Imperial,025,180216,11498,10233,7,10240,268
2020-09-09,Inyo,027,18085,184,173,4,177,2
2020-09-09,Kern,029,883053,30847,29925,274,30199,355
2020-09-09,Kings,031,150075,7149,6721,32,6753,72
2020-09-09,Lake,033,64148,439,371,0,371,4
2020-09-09,Lassen,035,31185,732,714,2,716,0
2020-09-09,Los Angeles,037,10098052,253714,249876,1507,251383,6091
2020-09-09,Madera,039,155013,4234,3926,29,3955,43
2020-09-09,Marin,041,260295,6464,6321,15,6336,68
2020-09-09,Mariposa,043,17540,74,72,0,72,2
2020-09-09,Mendocino,045,87422,727,695,0,695,16
2020-09-09,Merced,047,269075,8556,8441,13,8454,107
2020-09-09,Modoc,049,8938,24,20,0,20,0
2020-09-09,Mono,051,14174,165,145,2,147,1
2020-09-09,Monterey,053,433212,8997,8527,23,8550,59
2020-09-09,Napa,055,140530,1584,1531,8,1539,11
2020-09-09,Nevada,057,99092,487,476,15,491,6
2020-09-09,Orange,059,3164182,52089,49394,1307,50701,1054
2020-09-09,Placer,061,380077,3379,3222,13,3235,36
2020-09-09,Plumas,063,18699,46,42,0,42,0
2020-09-09,Riverside,065,2383286,55814,54320,93,54413,1081
2020-09-09,Sacramento,067,1510023,20476,19474,21,19495,347
2020-09-09,San Benito,069,59416,1243,1199,0,1199,5
2020-09-09,San Bernardino,071,2135413,51154,49264,328,49592,866
2020-09-09,San Diego,073,3302833,43390,41326,665,41991,721
2020-09-09,San Francisco,075,870044,10411,9996,21,10017,86
2020-09-09,San Joaquin,077,732212,19415,18799,42,18841,388
2020-09-09,San Luis Obispo,079,281455,3387,3131,16,3147,24
2020-09-09,San Mateo,081,765935,9373,8478,10,8488,125
2020-09-09,Santa Barbara,083,443738,8715,8528,73,8601,97
2020-09-09,Santa Clara,085,1922200,20332,18759,39,18798,228
2020-09-09,Santa Cruz,087,273765,2122,1967,17,1984,7
2020-09-09,Shasta,089,179085,684,562,3,565,10
2020-09-09,Sierra,091,2930,6,6,0,6,0
2020-09-09,Siskiyou,093,43540,149,137,9,146,0
2020-09-09,Solano,095,438530,5891,5680,39,5719,36
2020-09-09,Sonoma,097,501317,6730,6397,20,6417,92
2020-09-09,Stanislaus,099,539301,15951,15469,432,15901,243
2020-09-09,Sutter,101,95872,1562,1487,1,1488,11
2020-09-09,Tehama,103,63373,473,462,2,464,1
2020-09-09,Trinity,105,12862,52,14,7,21,0
2020-09-09,Tulare,107,460477,15501,14787,69,14856,249
2020-09-09,Tuolumne,109,53932,222,204,4,208,1
2020-09-09,Ventura,111,848112,12257,11497,120,11617,121
2020-09-09,Yolo,113,214977,2704,2604,7,2611,53
2020-09-09,Yuba,115,75493,1003,936,3,939,1
2020-09-08,Alameda,001,1643700,20081,19293,143,19436,288
2020-09-08,Alpine,003,1148,2,2,0,2,0
2020-09-08,Amador,005,37829,279,276,0,276,16
2020-09-08,Butte,007,227075,2720,2453,26,2479,36
2020-09-08,Calaveras,009,45235,297,233,0,233,1
2020-09-08,Colusa,011,21464,497,475,0,475,6
2020-09-08,Contra Costa,013,1133247,15655,14740,69,14809,171
2020-09-08,Del Norte,015,27424,121,109,0,109,2
2020-09-08,El Dorado,017,186661,1073,1011,7,1018,2
2020-09-08,Fresno,019,978130,29101,26640,326,26966,329
2020-09-08,Glenn,021,27897,527,492,0,492,3
2020-09-08,Humboldt,023,135768,460,420,1,421,4
2020-09-08,Imperial,025,180216,11482,10198,7,10205,267
2020-09-08,Inyo,027,18085,184,169,4,173,2
2020-09-08,Kern,029,883053,30762,29850,271,30121,351
2020-09-08,Kings,031,150075,7111,6658,32,6690,72
2020-09-08,Lake,033,64148,428,370,0,370,4
2020-09-08,Lassen,035,31185,732,710,2,712,0
2020-09-08,Los Angeles,037,10098052,252783,249217,1478,250695,6034
2020-09-08,Madera,039,155013,4210,3904,29,3933,43
2020-09-08,Marin,041,260295,6434,6313,15,6328,68
2020-09-08,Mariposa,043,17540,74,72,0,72,2
2020-09-08,Mendocino,045,87422,720,690,0,690,16
2020-09-08,Merced,047,269075,8533,8381,13,8394,104
2020-09-08,Modoc,049,8938,24,20,0,20,0
2020-09-08,Mono,051,14174,165,145,2,147,1
2020-09-08,Monterey,053,433212,8912,8491,23,8514,59
2020-09-08,Napa,055,140530,1580,1518,8,1526,11
2020-09-08,Nevada,057,99092,487,470,15,485,6
2020-09-08,Orange,059,3164182,51947,49214,1303,50517,1044
2020-09-08,Placer,061,380077,3365,3205,13,3218,36
2020-09-08,Plumas,063,18699,46,42,0,42,0
2020-09-08,Riverside,065,2383286,55600,54168,90,54258,1069
2020-09-08,Sacramento,067,1510023,20241,19411,20,19431,347
2020-09-08,San Benito,069,59416,1236,1188,0,1188,5
2020-09-08,San Bernardino,071,2135413,50966,49034,326,49360,856
2020-09-08,San Diego,073,3302833,43074,41079,653,41732,709
2020-09-08,San Francisco,075,870044,10337,9821,21,9842,86
2020-09-08,San Joaquin,077,732212,19337,18550,42,18592,388
2020-09-08,San Luis Obispo,079,281455,3372,3120,16,3136,23
2020-09-08,San Mateo,081,765935,9297,8460,10,8470,125
2020-09-08,Santa Barbara,083,443738,8681,8488,72,8560,96
2020-09-08,Santa Clara,085,1922200,20155,18645,39,18684,228
2020-09-08,Santa Cruz,087,273765,2094,1903,17,1920,7
2020-09-08,Shasta,089,179085,676,556,3,559,10
2020-09-08,Sierra,091,2930,6,6,0,6,0
2020-09-08,Siskiyou,093,43540,147,136,9,145,0
2020-09-08,Solano,095,438530,5854,5654,39,5693,36
2020-09-08,Sonoma,097,501317,6661,6356,20,6376,92
2020-09-08,Stanislaus,099,539301,15887,15415,420,15835,238
2020-09-08,Sutter,101,95872,1546,1473,1,1474,11
2020-09-08,Tehama,103,63373,469,458,2,460,1
2020-09-08,Trinity,105,12862,51,13,7,20,0
2020-09-08,Tulare,107,460477,15421,14635,68,14703,249
2020-09-08,Tuolumne,109,53932,221,197,4,201,1
2020-09-08,Ventura,111,848112,12188,11475,117,11592,118
2020-09-08,Yolo,113,214977,2694,2580,7,2587,53
2020-09-08,Yuba,115,75493,991,923,3,926,1
2020-09-07,Alameda,001,1643700,19960,19188,137,19325,281
2020-09-07,Alpine,003,1148,2,2,0,2,0
2020-09-07,Amador,005,37829,279,276,0,276,16
2020-09-07,Butte,007,227075,2687,2450,25,2475,30
2020-09-07,Calaveras,009,45235,287,234,0,234,1
2020-09-07,Colusa,011,21464,496,475,0,475,6
2020-09-07,Contra Costa,013,1133247,15542,14637,66,14703,172
2020-09-07,Del Norte,015,27424,121,109,0,109,2
2020-09-07,El Dorado,017,186661,1062,1011,7,1018,2
2020-09-07,Fresno,019,978130,29007,26565,323,26888,329
2020-09-07,Glenn,021,27897,522,488,0,488,3
2020-09-07,Humboldt,023,135768,451,416,1,417,4
2020-09-07,Imperial,025,180216,11451,10199,7,10206,267
2020-09-07,Inyo,027,18085,184,169,4,173,2
2020-09-07,Kern,029,883053,30642,29790,266,30056,348
2020-09-07,Kings,031,150075,6987,6630,32,6662,72
2020-09-07,Lake,033,64148,405,367,0,367,2
2020-09-07,Lassen,035,31185,732,709,2,711,0
2020-09-07,Los Angeles,037,10098052,251736,248804,1457,250261,6030
2020-09-07,Madera,039,155013,4179,3889,28,3917,43
2020-09-07,Marin,041,260295,6404,6296,15,6311,67
2020-09-07,Mariposa,043,17540,74,72,0,72,2
2020-09-07,Mendocino,045,87422,712,687,0,687,16
2020-09-07,Merced,047,269075,8486,8381,13,8394,104
2020-09-07,Modoc,049,8938,23,20,0,20,0
2020-09-07,Mono,051,14174,165,145,2,147,1
2020-09-07,Monterey,053,433212,8833,8463,23,8486,57
2020-09-07,Napa,055,140530,1568,1514,8,1522,11
2020-09-07,Nevada,057,99092,485,469,15,484,6
2020-09-07,Orange,059,3164182,51773,49132,1299,50431,1042
2020-09-07,Placer,061,380077,3335,3188,12,3200,36
2020-09-07,Plumas,063,18699,45,42,0,42,0
2020-09-07,Riverside,065,2383286,55325,54178,84,54262,1069
2020-09-07,Sacramento,067,1510023,19999,19292,19,19311,345
2020-09-07,San Benito,069,59416,1230,1180,0,1180,4
2020-09-07,San Bernardino,071,2135413,50738,49043,324,49367,821
2020-09-07,San Diego,073,3302833,42674,40868,626,41494,708
2020-09-07,San Francisco,075,870044,10286,9813,20,9833,85
2020-09-07,San Joaquin,077,732212,19255,18552,40,18592,386
2020-09-07,San Luis Obispo,079,281455,3335,3116,16,3132,23
2020-09-07,San Mateo,081,765935,9215,8409,10,8419,125
2020-09-07,Santa Barbara,083,443738,8637,8479,72,8551,95
2020-09-07,Santa Clara,085,1922200,20000,18596,38,18634,226
2020-09-07,Santa Cruz,087,273765,2066,1902,17,1919,7
2020-09-07,Shasta,089,179085,666,556,3,559,10
2020-09-07,Sierra,091,2930,6,6,0,6,0
2020-09-07,Siskiyou,093,43540,146,133,9,142,0
2020-09-07,Solano,095,438530,5789,5640,39,5679,36
2020-09-07,Sonoma,097,501317,6595,6268,20,6288,85
2020-09-07,Stanislaus,099,539301,15822,15343,408,15751,236
2020-09-07,Sutter,101,95872,1529,1468,1,1469,11
2020-09-07,Tehama,103,63373,466,453,2,455,1
2020-09-07,Trinity,105,12862,51,13,7,20,0
2020-09-07,Tulare,107,460477,15314,14637,66,14703,249
2020-09-07,Tuolumne,109,53932,220,196,4,200,1
2020-09-07,Ventura,111,848112,12093,11463,114,11577,118
2020-09-07,Yolo,113,214977,2677,2565,6,2571,53
2020-09-07,Yuba,115,75493,975,923,3,926,1
2020-09-06,Alameda,001,1643700,19902,19029,135,19164,281
2020-09-06,Alpine,003,1148,2,2,0,2,0
2020-09-06,Amador,005,37829,277,275,0,275,16
2020-09-06,Butte,007,227075,2678,2446,25,2471,30
2020-09-06,Calaveras,009,45235,287,235,0,235,1
2020-09-06,Colusa,011,21464,492,475,0,475,6
2020-09-06,Contra Costa,013,1133247,15462,14565,65,14630,171
2020-09-06,Del Norte,015,27424,121,109,0,109,2
2020-09-06,El Dorado,017,186661,1060,1008,7,1015,2
2020-09-06,Fresno,019,978130,28943,26471,321,26792,329
2020-09-06,Glenn,021,27897,516,474,0,474,3
2020-09-06,Humboldt,023,135768,448,404,1,405,4
2020-09-06,Imperial,025,180216,11434,10152,7,10159,267
2020-09-06,Inyo,027,18085,184,169,4,173,2
2020-09-06,Kern,029,883053,30586,29699,262,29961,348
2020-09-06,Kings,031,150075,6967,6561,31,6592,72
2020-09-06,Lake,033,64148,402,362,0,362,2
2020-09-06,Lassen,035,31185,732,709,2,711,0
2020-09-06,Los Angeles,037,10098052,251103,248316,1443,249759,6004
2020-09-06,Madera,039,155013,4135,3867,28,3895,42
2020-09-06,Marin,041,260295,6392,6276,15,6291,67
2020-09-06,Mariposa,043,17540,74,72,0,72,2
2020-09-06,Mendocino,045,87422,711,672,0,672,16
2020-09-06,Merced,047,269075,8466,8327,13,8340,104
2020-09-06,Modoc,049,8938,23,20,0,20,0
2020-09-06,Mono,051,14174,164,145,2,147,1
2020-09-06,Monterey,053,433212,8793,8403,22,8425,56
2020-09-06,Napa,055,140530,1564,1501,6,1507,11
2020-09-06,Nevada,057,99092,485,467,14,481,6
2020-09-06,Orange,059,3164182,51660,48931,1295,50226,1042
2020-09-06,Placer,061,380077,3318,3169,12,3181,36
2020-09-06,Plumas,063,18699,44,42,0,42,0
2020-09-06,Riverside,065,2383286,55209,53970,82,54052,1069
2020-09-06,Sacramento,067,1510023,19904,19128,19,19147,340
2020-09-06,San Benito,069,59416,1228,1178,0,1178,4
2020-09-06,San Bernardino,071,2135413,50631,48923,324,49247,823
2020-09-06,San Diego,073,3302833,42426,40652,620,41272,707
2020-09-06,San Francisco,075,870044,10212,9813,20,9833,85
2020-09-06,San Joaquin,077,732212,19206,18558,40,18598,386
2020-09-06,San Luis Obispo,079,281455,3324,3101,16,3117,23
2020-09-06,San Mateo,081,765935,9162,8387,10,8397,125
2020-09-06,Santa Barbara,083,443738,8608,8434,72,8506,95
2020-09-06,Santa Clara,085,1922200,19898,18495,38,18533,207
2020-09-06,Santa Cruz,087,273765,2059,1902,17,1919,7
2020-09-06,Shasta,089,179085,660,550,3,553,10
2020-09-06,Sierra,091,2930,6,6,0,6,0
2020-09-06,Siskiyou,093,43540,146,132,9,141,0
2020-09-06,Solano,095,438530,5763,5619,39,5658,37
2020-09-06,Sonoma,097,501317,6566,6212,20,6232,85
2020-09-06,Stanislaus,099,539301,15778,15288,404,15692,236
2020-09-06,Sutter,101,95872,1516,1451,1,1452,11
2020-09-06,Tehama,103,63373,465,455,2,457,1
2020-09-06,Trinity,105,12862,50,13,7,20,0
2020-09-06,Tulare,107,460477,15271,14636,65,14701,249
2020-09-06,Tuolumne,109,53932,217,194,4,198,1
2020-09-06,Ventura,111,848112,12048,11315,114,11429,118
2020-09-06,Yolo,113,214977,2663,2556,6,2562,53
2020-09-06,Yuba,115,75493,966,913,3,916,1
2020-09-05,Alameda,001,1643700,19857,18973,133,19106,279
2020-09-05,Alpine,003,1148,2,2,0,2,0
2020-09-05,Amador,005,37829,277,274,0,274,16
2020-09-05,Butte,007,227075,2662,2406,24,2430,30
2020-09-05,Calaveras,009,45235,287,237,0,237,1
2020-09-05,Colusa,011,21464,488,472,0,472,6
2020-09-05,Contra Costa,013,1133247,15385,14456,63,14519,173
2020-09-05,Del Norte,015,27424,121,109,0,109,2
2020-09-05,El Dorado,017,186661,1060,1007,7,1014,2
2020-09-05,Fresno,019,978130,28875,26325,321,26646,331
2020-09-05,Glenn,021,27897,515,474,0,474,3
2020-09-05,Humboldt,023,135768,446,402,1,403,4
2020-09-05,Imperial,025,180216,11417,10151,7,10158,268
2020-09-05,Inyo,027,18085,184,169,4,173,2
2020-09-05,Kern,029,883053,30526,29645,258,29903,347
2020-09-05,Kings,031,150075,6958,6518,31,6549,66
2020-09-05,Lake,033,64148,399,359,0,359,2
2020-09-05,Lassen,035,31185,732,709,2,711,0
2020-09-05,Los Angeles,037,10098052,250568,247572,1431,249003,6001
2020-09-05,Madera,039,155013,4094,3851,28,3879,42
2020-09-05,Marin,041,260295,6384,6259,15,6274,66
2020-09-05,Mariposa,043,17540,74,72,0,72,2
2020-09-05,Mendocino,045,87422,710,658,0,658,16
2020-09-05,Merced,047,269075,8434,8297,11,8308,104
2020-09-05,Modoc,049,8938,23,19,0,19,0
2020-09-05,Mono,051,14174,164,145,2,147,1
2020-09-05,Monterey,053,433212,8763,8301,22,8323,56
2020-09-05,Napa,055,140530,1558,1484,6,1490,11
2020-09-05,Nevada,057,99092,482,461,14,475,6
2020-09-05,Orange,059,3164182,51558,48726,1290,50016,1039
2020-09-05,Placer,061,380077,3307,3141,12,3153,35
2020-09-05,Plumas,063,18699,44,42,0,42,0
2020-09-05,Riverside,065,2383286,55103,53780,82,53862,1066
2020-09-05,Sacramento,067,1510023,19814,18955,19,18974,339
2020-09-05,San Benito,069,59416,1226,1153,0,1153,4
2020-09-05,San Bernardino,071,2135413,50555,48800,323,49123,825
2020-09-05,San Diego,073,3302833,42233,40344,608,40952,717
2020-09-05,San Francisco,075,870044,10179,9812,19,9831,85
2020-09-05,San Joaquin,077,732212,19177,18557,40,18597,386
2020-09-05,San Luis Obispo,079,281455,3314,3083,16,3099,23
2020-09-05,San Mateo,081,765935,9117,8352,10,8362,124
2020-09-05,Santa Barbara,083,443738,8592,8404,72,8476,96
2020-09-05,Santa Clara,085,1922200,19817,18311,38,18349,207
2020-09-05,Santa Cruz,087,273765,2051,1904,17,1921,7
2020-09-05,Shasta,089,179085,659,544,3,547,10
2020-09-05,Sierra,091,2930,6,6,0,6,0
2020-09-05,Siskiyou,093,43540,145,131,9,140,0
2020-09-05,Solano,095,438530,5751,5579,39,5618,37
2020-09-05,Sonoma,097,501317,6533,6149,20,6169,85
2020-09-05,Stanislaus,099,539301,15730,15198,400,15598,236
2020-09-05,Sutter,101,95872,1509,1445,1,1446,11
2020-09-05,Tehama,103,63373,464,447,2,449,1
2020-09-05,Trinity,105,12862,50,13,7,20,0
2020-09-05,Tulare,107,460477,15213,14576,63,14639,249
2020-09-05,Tuolumne,109,53932,217,194,4,198,1
2020-09-05,Ventura,111,848112,12005,11254,114,11368,118
2020-09-05,Yolo,113,214977,2653,2534,6,2540,53
2020-09-05,Yuba,115,75493,960,902,3,905,1
2020-09-04,Alameda,001,1643700,19788,18843,132,18975,276
2020-09-04,Alpine,003,1148,2,2,0,2,0
2020-09-04,Amador,005,37829,276,274,0,274,16
2020-09-04,Butte,007,227075,2639,2325,24,2349,28
2020-09-04,Calaveras,009,45235,285,237,0,237,1
2020-09-04,Colusa,011,21464,486,467,0,467,6
2020-09-04,Contra Costa,013,1133247,15301,14355,62,14417,164
2020-09-04,Del Norte,015,27424,121,109,0,109,2
2020-09-04,El Dorado,017,186661,1056,992,7,999,2
2020-09-04,Fresno,019,978130,28771,26147,320,26467,321
2020-09-04,Glenn,021,27897,507,463,0,463,3
2020-09-04,Humboldt,023,135768,441,390,1,391,4
2020-09-04,Imperial,025,180216,11408,10136,7,10143,267
2020-09-04,Inyo,027,18085,184,169,4,173,2
2020-09-04,Kern,029,883053,30458,29526,255,29781,345
2020-09-04,Kings,031,150075,6945,6259,31,6290,66
2020-09-04,Lake,033,64148,399,347,0,347,2
2020-09-04,Lassen,035,31185,732,708,2,710,0
2020-09-04,Los Angeles,037,10098052,250000,246396,1411,247807,5977
2020-09-04,Madera,039,155013,4081,3838,28,3866,42
2020-09-04,Marin,041,260295,6372,6251,15,6266,66
2020-09-04,Mariposa,043,17540,74,72,0,72,2
2020-09-04,Mendocino,045,87422,708,646,0,646,16
2020-09-04,Merced,047,269075,8414,8214,11,8225,104
2020-09-04,Modoc,049,8938,23,15,0,15,0
2020-09-04,Mono,051,14174,164,145,2,147,1
2020-09-04,Monterey,053,433212,8718,8208,22,8230,56
2020-09-04,Napa,055,140530,1549,1475,6,1481,11
2020-09-04,Nevada,057,99092,479,455,14,469,6
2020-09-04,Orange,059,3164182,51434,48488,1283,49771,1031
2020-09-04,Placer,061,380077,3295,3101,12,3113,35
2020-09-04,Plumas,063,18699,44,42,0,42,0
2020-09-04,Riverside,065,2383286,54990,53606,77,53683,1066
2020-09-04,Sacramento,067,1510023,19726,18765,19,18784,337
2020-09-04,San Benito,069,59416,1217,1137,0,1137,4
2020-09-04,San Bernardino,071,2135413,50462,48497,321,48818,800
2020-09-04,San Diego,073,3302833,42003,39901,599,40500,701
2020-09-04,San Francisco,075,870044,10139,9694,18,9712,85
2020-09-04,San Joaquin,077,732212,19123,18438,40,18478,376
2020-09-04,San Luis Obispo,079,281455,3299,3049,15,3064,21
2020-09-04,San Mateo,081,765935,9073,8275,10,8285,122
2020-09-04,Santa Barbara,083,443738,8562,8340,72,8412,96
2020-09-04,Santa Clara,085,1922200,19707,18074,38,18112,209
2020-09-04,Santa Cruz,087,273765,2034,1896,16,1912,7
2020-09-04,Shasta,089,179085,656,536,3,539,10
2020-09-04,Sierra,091,2930,6,6,0,6,0
2020-09-04,Siskiyou,093,43540,145,129,9,138,0
2020-09-04,Solano,095,438530,5738,5552,39,5591,37
2020-09-04,Sonoma,097,501317,6468,6050,20,6070,85
2020-09-04,Stanislaus,099,539301,15697,15074,391,15465,233
2020-09-04,Sutter,101,95872,1493,1425,1,1426,11
2020-09-04,Tehama,103,63373,460,442,2,444,1
2020-09-04,Trinity,105,12862,50,13,7,20,0
2020-09-04,Tulare,107,460477,15185,14501,60,14561,247
2020-09-04,Tuolumne,109,53932,217,193,4,197,1
2020-09-04,Ventura,111,848112,11963,11171,114,11285,114
2020-09-04,Yolo,113,214977,2639,2495,6,2501,53
2020-09-04,Yuba,115,75493,955,884,3,887,1
2020-09-03,Alameda,001,1643700,19685,18687,132,18819,275
2020-09-03,Alpine,003,1148,2,2,0,2,0
2020-09-03,Amador,005,37829,276,274,0,274,16
2020-09-03,Butte,007,227075,2595,2274,24,2298,27
2020-09-03,Calaveras,009,45235,284,238,0,238,1
2020-09-03,Colusa,011,21464,484,464,0,464,6
2020-09-03,Contra Costa,013,1133247,15194,14206,59,14265,159
2020-09-03,Del Norte,015,27424,118,109,0,109,2
2020-09-03,El Dorado,017,186661,1052,983,7,990,2
2020-09-03,Fresno,019,978130,28652,25978,315,26293,313
2020-09-03,Glenn,021,27897,503,460,0,460,3
2020-09-03,Humboldt,023,135768,436,390,1,391,4
2020-09-03,Imperial,025,180216,11387,10083,7,10090,255
2020-09-03,Inyo,027,18085,182,171,4,175,3
2020-09-03,Kern,029,883053,30366,29426,241,29667,340
2020-09-03,Kings,031,150075,6865,6200,31,6231,64
2020-09-03,Lake,033,64148,390,347,0,347,2
2020-09-03,Lassen,035,31185,732,707,2,709,0
2020-09-03,Los Angeles,037,10098052,249137,245026,1391,246417,5931
2020-09-03,Madera,039,155013,4062,3780,28,3808,43
2020-09-03,Marin,041,260295,6353,6175,15,6190,66
2020-09-03,Mariposa,043,17540,74,71,0,71,2
2020-09-03,Mendocino,045,87422,699,638,0,638,16
2020-09-03,Merced,047,269075,8372,8136,11,8147,105
2020-09-03,Modoc,049,8938,23,14,0,14,0
2020-09-03,Mono,051,14174,163,144,2,146,1
2020-09-03,Monterey,053,433212,8664,8128,22,8150,56
2020-09-03,Napa,055,140530,1542,1466,6,1472,10
2020-09-03,Nevada,057,99092,476,453,14,467,6
2020-09-03,Orange,059,3164182,51248,48226,1269,49495,1009
2020-09-03,Placer,061,380077,3277,3069,12,3081,34
2020-09-03,Plumas,063,18699,44,39,0,39,0
2020-09-03,Riverside,065,2383286,54810,53341,73,53414,1052
2020-09-03,Sacramento,067,1510023,19598,18553,18,18571,328
2020-09-03,San Benito,069,59416,1206,1121,0,1121,4
2020-09-03,San Bernardino,071,2135413,50296,48165,320,48485,800
2020-09-03,San Diego,073,3302833,41689,39448,583,40031,700
2020-09-03,San Francisco,075,870044,10074,9636,16,9652,84
2020-09-03,San Joaquin,077,732212,19045,18331,40,18371,371
2020-09-03,San Luis Obispo,079,281455,3282,3023,15,3038,21
2020-09-03,San Mateo,081,765935,8999,8211,10,8221,122
2020-09-03,Santa Barbara,083,443738,8515,8277,72,8349,96
2020-09-03,Santa Clara,085,1922200,19526,17879,38,17917,208
2020-09-03,Santa Cruz,087,273765,2019,1870,16,1886,7
2020-09-03,Shasta,089,179085,651,535,3,538,10
2020-09-03,Sierra,091,2930,6,6,0,6,0
2020-09-03,Siskiyou,093,43540,145,128,9,137,0
2020-09-03,Solano,095,438530,5718,5499,38,5537,36
2020-09-03,Sonoma,097,501317,6406,5997,20,6017,62
2020-09-03,Stanislaus,099,539301,15645,14985,387,15372,217
2020-09-03,Sutter,101,95872,1483,1412,1,1413,11
2020-09-03,Tehama,103,63373,456,436,2,438,1
2020-09-03,Trinity,105,12862,48,13,7,20,0
2020-09-03,Tulare,107,460477,15119,14408,59,14467,244
2020-09-03,Tuolumne,109,53932,217,193,4,197,1
2020-09-03,Ventura,111,848112,11845,11109,111,11220,112
2020-09-03,Yolo,113,214977,2623,2475,6,2481,53
2020-09-03,Yuba,115,75493,948,867,3,870,1
2020-09-02,Alameda,001,1643700,19567,18522,129,18651,260
2020-09-02,Alpine,003,1148,2,2,0,2,0
2020-09-02,Amador,005,37829,276,245,0,245,14
2020-09-02,Butte,007,227075,2549,2241,24,2265,27
2020-09-02,Calaveras,009,45235,283,235,0,235,1
2020-09-02,Colusa,011,21464,480,460,0,460,6
2020-09-02,Contra Costa,013,1133247,15105,14097,57,14154,159
2020-09-02,Del Norte,015,27424,117,109,0,109,2
2020-09-02,El Dorado,017,186661,1048,975,6,981,2
2020-09-02,Fresno,019,978130,28504,25785,312,26097,292
2020-09-02,Glenn,021,27897,498,457,0,457,3
2020-09-02,Humboldt,023,135768,433,381,1,382,4
2020-09-02,Imperial,025,180216,11371,9832,7,9839,255
2020-09-02,Inyo,027,18085,182,171,4,175,3
2020-09-02,Kern,029,883053,30274,29288,235,29523,335
2020-09-02,Kings,031,150075,6780,6142,31,6173,64
2020-09-02,Lake,033,64148,386,342,0,342,2
2020-09-02,Lassen,035,31185,730,706,2,708,0
2020-09-02,Los Angeles,037,10098052,248206,243999,1363,245362,5887
2020-09-02,Madera,039,155013,4042,3735,28,3763,41
2020-09-02,Marin,041,260295,6338,6131,15,6146,66
2020-09-02,Mariposa,043,17540,74,71,0,71,2
2020-09-02,Mendocino,045,87422,689,636,0,636,15
2020-09-02,Merced,047,269075,8341,8097,10,8107,103
2020-09-02,Modoc,049,8938,22,11,0,11,0
2020-09-02,Mono,051,14174,163,145,2,147,1
2020-09-02,Monterey,053,433212,8600,8070,22,8092,56
2020-09-02,Napa,055,140530,1530,1454,6,1460,10
2020-09-02,Nevada,057,99092,470,452,13,465,6
2020-09-02,Orange,059,3164182,51067,47871,1259,49130,994
2020-09-02,Placer,061,380077,3252,3047,11,3058,33
2020-09-02,Plumas,063,18699,44,39,0,39,0
2020-09-02,Riverside,065,2383286,54608,52923,70,52993,1032
2020-09-02,Sacramento,067,1510023,19363,18355,17,18372,316
2020-09-02,San Benito,069,59416,1193,1107,0,1107,4
2020-09-02,San Bernardino,071,2135413,50133,47766,317,48083,794
2020-09-02,San Diego,073,3302833,41369,39123,569,39692,695
2020-09-02,San Francisco,075,870044,10005,9587,16,9603,84
2020-09-02,San Joaquin,077,732212,18965,18194,39,18233,352
2020-09-02,San Luis Obispo,079,281455,3256,3002,14,3016,21
2020-09-02,San Mateo,081,765935,8942,8148,10,8158,122
2020-09-02,Santa Barbara,083,443738,8460,8206,71,8277,94
2020-09-02,Santa Clara,085,1922200,19370,17673,38,17711,206
2020-09-02,Santa Cruz,087,273765,1996,1850,16,1866,7
2020-09-02,Shasta,089,179085,650,531,3,534,10
2020-09-02,Sierra,091,2930,6,6,0,6,0
2020-09-02,Siskiyou,093,43540,144,127,9,136,0
2020-09-02,Solano,095,438530,5690,5463,38,5501,36
2020-09-02,Sonoma,097,501317,6344,5846,20,5866,62
2020-09-02,Stanislaus,099,539301,15575,14854,380,15234,220
2020-09-02,Sutter,101,95872,1468,1401,1,1402,10
2020-09-02,Tehama,103,63373,453,429,2,431,1
2020-09-02,Trinity,105,12862,48,13,7,20,0
2020-09-02,Tulare,107,460477,15053,14298,59,14357,244
2020-09-02,Tuolumne,109,53932,217,190,4,194,1
2020-09-02,Ventura,111,848112,11758,11031,110,11141,111
2020-09-02,Yolo,113,214977,2601,2449,6,2455,54
2020-09-02,Yuba,115,75493,941,856,3,859,1
2020-09-01,Alameda,001,1643700,19427,18382,126,18508,248
2020-09-01,Alpine,003,1148,2,2,0,2,0
2020-09-01,Amador,005,37829,275,244,0,244,13
2020-09-01,Butte,007,227075,2492,2146,24,2170,26
2020-09-01,Calaveras,009,45235,275,228,0,228,1
2020-09-01,Colusa,011,21464,476,454,0,454,6
2020-09-01,Contra Costa,013,1133247,15012,13998,55,14053,158
2020-09-01,Del Norte,015,27424,116,108,0,108,2
2020-09-01,El Dorado,017,186661,1040,972,6,978,2
2020-09-01,Fresno,019,978130,28357,25542,310,25852,290
2020-09-01,Glenn,021,27897,491,449,0,449,3
2020-09-01,Humboldt,023,135768,427,378,1,379,4
2020-09-01,Imperial,025,180216,11345,9782,7,9789,250
2020-09-01,Inyo,027,18085,182,171,4,175,3
2020-09-01,Kern,029,883053,30183,29162,230,29392,332
2020-09-01,Kings,031,150075,6749,6088,31,6119,62
2020-09-01,Lake,033,64148,383,341,0,341,2
2020-09-01,Lassen,035,31185,727,706,2,708,0
2020-09-01,Los Angeles,037,10098052,247115,242633,1340,243973,5832
2020-09-01,Madera,039,155013,4013,3703,27,3730,41
2020-09-01,Marin,041,260295,6323,6102,15,6117,67
2020-09-01,Mariposa,043,17540,73,72,0,72,2
2020-09-01,Mendocino,045,87422,674,626,0,626,15
2020-09-01,Merced,047,269075,8288,8046,9,8055,103
2020-09-01,Modoc,049,8938,20,10,0,10,0
2020-09-01,Mono,051,14174,163,145,2,147,1
2020-09-01,Monterey,053,433212,8494,7926,22,7948,56
2020-09-01,Napa,055,140530,1515,1446,6,1452,10
2020-09-01,Nevada,057,99092,464,450,13,463,6
2020-09-01,Orange,059,3164182,50903,47671,1240,48911,976
2020-09-01,Placer,061,380077,3230,3013,11,3024,33
2020-09-01,Plumas,063,18699,44,39,0,39,0
2020-09-01,Riverside,065,2383286,54391,52785,69,52854,1027
2020-09-01,Sacramento,067,1510023,19180,18217,16,18233,305
2020-09-01,San Benito,069,59416,1181,1089,0,1089,4
2020-09-01,San Bernardino,071,2135413,49926,47371,316,47687,786
2020-09-01,San Diego,073,3302833,41011,38873,531,39404,688
2020-09-01,San Francisco,075,870044,9936,9492,16,9508,83
2020-09-01,San Joaquin,077,732212,18884,17915,38,17953,341
2020-09-01,San Luis Obispo,079,281455,3230,2970,14,2984,21
2020-09-01,San Mateo,081,765935,8862,8132,10,8142,122
2020-09-01,Santa Barbara,083,443738,8410,8142,70,8212,93
2020-09-01,Santa Clara,085,1922200,19191,17319,38,17357,204
2020-09-01,Santa Cruz,087,273765,1972,1752,16,1768,7
2020-09-01,Shasta,089,179085,642,527,3,530,9
2020-09-01,Sierra,091,2930,6,6,0,6,0
2020-09-01,Siskiyou,093,43540,141,128,8,136,0
2020-09-01,Solano,095,438530,5664,5438,38,5476,34
2020-09-01,Sonoma,097,501317,6254,5733,20,5753,60
2020-09-01,Stanislaus,099,539301,15499,14784,370,15154,212
2020-09-01,Sutter,101,95872,1457,1389,1,1390,10
2020-09-01,Tehama,103,63373,449,422,2,424,1
2020-09-01,Trinity,105,12862,47,13,6,19,0
2020-09-01,Tulare,107,460477,14968,14156,59,14215,241
2020-09-01,Tuolumne,109,53932,211,183,4,187,1
2020-09-01,Ventura,111,848112,11680,10899,105,11004,108
2020-09-01,Yolo,113,214977,2584,2440,6,2446,51
2020-09-01,Yuba,115,75493,932,841,3,844,1
2020-08-31,Alameda,001,1643700,19281,18148,126,18274,248
2020-08-31,Alpine,003,1148,2,2,0,2,0
2020-08-31,Amador,005,37829,275,243,0,243,13
2020-08-31,Butte,007,227075,2428,2069,24,2093,26
2020-08-31,Calaveras,009,45235,270,212,0,212,1
2020-08-31,Colusa,011,21464,475,443,0,443,6
2020-08-31,Contra Costa,013,1133247,14886,13902,52,13954,153
2020-08-31,Del Norte,015,27424,116,108,0,108,2
2020-08-31,El Dorado,017,186661,1033,965,6,971,2
2020-08-31,Fresno,019,978130,28136,25185,304,25489,290
2020-08-31,Glenn,021,27897,479,437,0,437,3
2020-08-31,Humboldt,023,135768,425,374,1,375,4
2020-08-31,Imperial,025,180216,11314,9759,7,9766,250
2020-08-31,Inyo,027,18085,181,160,4,164,3
2020-08-31,Kern,029,883053,30085,29067,229,29296,318
2020-08-31,Kings,031,150075,6482,6037,31,6068,62
2020-08-31,Lake,033,64148,367,341,0,341,2
2020-08-31,Lassen,035,31185,724,706,2,708,0
2020-08-31,Los Angeles,037,10098052,246008,241793,1313,243106,5787
2020-08-31,Madera,039,155013,3990,3662,26,3688,35
2020-08-31,Marin,041,260295,6287,6074,15,6089,67
2020-08-31,Mariposa,043,17540,73,69,0,69,2
2020-08-31,Mendocino,045,87422,662,618,0,618,15
2020-08-31,Merced,047,269075,8226,7991,9,8000,79
2020-08-31,Modoc,049,8938,18,10,0,10,0
2020-08-31,Mono,051,14174,163,145,2,147,1
2020-08-31,Monterey,053,433212,8387,7839,22,7861,56
2020-08-31,Napa,055,140530,1507,1434,6,1440,10
2020-08-31,Nevada,057,99092,462,447,13,460,6
2020-08-31,Orange,059,3164182,50704,47392,1212,48604,965
2020-08-31,Placer,061,380077,3181,2989,11,3000,33
2020-08-31,Plumas,063,18699,43,39,0,39,0
2020-08-31,Riverside,065,2383286,54169,52508,67,52575,1020
2020-08-31,Sacramento,067,1510023,18939,17999,16,18015,303
2020-08-31,San Benito,069,59416,1165,1080,0,1080,4
2020-08-31,San Bernardino,071,2135413,49714,47370,315,47685,755
2020-08-31,San Diego,073,3302833,40644,38606,498,39104,682
2020-08-31,San Francisco,075,870044,9857,9293,13,9306,83
2020-08-31,San Joaquin,077,732212,18797,17807,37,17844,338
2020-08-31,San Luis Obispo,079,281455,3207,2951,13,2964,21
2020-08-31,San Mateo,081,765935,8792,8065,10,8075,122
2020-08-31,Santa Barbara,083,443738,8365,8124,70,8194,94
2020-08-31,Santa Clara,085,1922200,19003,17211,38,17249,202
2020-08-31,Santa Cruz,087,273765,1947,1742,16,1758,7
2020-08-31,Shasta,089,179085,637,528,3,531,9
2020-08-31,Sierra,091,2930,6,6,0,6,0
2020-08-31,Siskiyou,093,43540,140,127,8,135,0
2020-08-31,Solano,095,438530,5632,5302,37,5339,34
2020-08-31,Sonoma,097,501317,6179,5650,20,5670,60
2020-08-31,Stanislaus,099,539301,15425,14685,361,15046,213
2020-08-31,Sutter,101,95872,1442,1365,1,1366,10
2020-08-31,Tehama,103,63373,446,421,2,423,1
2020-08-31,Trinity,105,12862,47,13,6,19,0
2020-08-31,Tulare,107,460477,14881,13985,57,14042,237
2020-08-31,Tuolumne,109,53932,211,178,4,182,1
2020-08-31,Ventura,111,848112,11592,10866,104,10970,108
2020-08-31,Yolo,113,214977,2566,2423,5,2428,51
2020-08-31,Yuba,115,75493,918,830,3,833,1
2020-08-30,Alameda,001,1643700,19155,18099,124,18223,248
2020-08-30,Alpine,003,1148,2,2,0,2,0
2020-08-30,Amador,005,37829,274,240,0,240,13
2020-08-30,Butte,007,227075,2348,1988,24,2012,26
2020-08-30,Calaveras,009,45235,261,211,0,211,1
2020-08-30,Colusa,011,21464,474,440,0,440,6
2020-08-30,Contra Costa,013,1133247,14748,13780,52,13832,150
2020-08-30,Del Norte,015,27424,115,108,0,108,2
2020-08-30,El Dorado,017,186661,1023,962,6,968,2
2020-08-30,Fresno,019,978130,28010,24963,303,25266,291
2020-08-30,Glenn,021,27897,472,437,0,437,3
2020-08-30,Humboldt,023,135768,414,362,1,363,4
2020-08-30,Imperial,025,180216,11295,9703,7,9710,250
2020-08-30,Inyo,027,18085,181,160,4,164,3
2020-08-30,Kern,029,883053,29992,28987,229,29216,317
2020-08-30,Kings,031,150075,6436,6000,31,6031,62
2020-08-30,Lake,033,64148,362,334,0,334,2
2020-08-30,Lassen,035,31185,722,706,2,708,0
2020-08-30,Los Angeles,037,10098052,244871,240775,1281,242056,5772
2020-08-30,Madera,039,155013,3962,3626,26,3652,33
2020-08-30,Marin,041,260295,6257,6060,15,6075,66
2020-08-30,Mariposa,043,17540,73,69,0,69,2
2020-08-30,Mendocino,045,87422,656,611,0,611,13
2020-08-30,Merced,047,269075,8151,7960,9,7969,79
2020-08-30,Modoc,049,8938,13,10,0,10,0
2020-08-30,Mono,051,14174,163,145,2,147,1
2020-08-30,Monterey,053,433212,8303,7816,22,7838,54
2020-08-30,Napa,055,140530,1495,1423,6,1429,10
2020-08-30,Nevada,057,99092,459,445,13,458,6
2020-08-30,Orange,059,3164182,50508,47283,1198,48481,965
2020-08-30,Placer,061,380077,3149,2961,11,2972,32
2020-08-30,Plumas,063,18699,42,39,0,39,0
2020-08-30,Riverside,065,2383286,53990,52227,66,52293,1017
2020-08-30,Sacramento,067,1510023,18763,17751,16,17767,300
2020-08-30,San Benito,069,59416,1155,1071,0,1071,4
2020-08-30,San Bernardino,071,2135413,49457,47201,315,47516,755
2020-08-30,San Diego,073,3302833,40246,38302,477,38779,682
2020-08-30,San Francisco,075,870044,9760,9294,10,9304,83
2020-08-30,San Joaquin,077,732212,18680,17637,36,17673,338
2020-08-30,San Luis Obispo,079,281455,3182,2934,13,2947,21
2020-08-30,San Mateo,081,765935,8715,8013,10,8023,122
2020-08-30,Santa Barbara,083,443738,8306,8088,70,8158,93
2020-08-30,Santa Clara,085,1922200,18829,17045,38,17083,202
2020-08-30,Santa Cruz,087,273765,1921,1743,16,1759,7
2020-08-30,Shasta,089,179085,634,525,3,528,9
2020-08-30,Sierra,091,2930,6,6,0,6,0
2020-08-30,Siskiyou,093,43540,138,125,8,133,0
2020-08-30,Solano,095,438530,5589,5303,37,5340,34
2020-08-30,Sonoma,097,501317,6119,5590,20,5610,60
2020-08-30,Stanislaus,099,539301,15353,14580,352,14932,209
2020-08-30,Sutter,101,95872,1421,1351,1,1352,10
2020-08-30,Tehama,103,63373,437,419,2,421,1
2020-08-30,Trinity,105,12862,47,13,6,19,0
2020-08-30,Tulare,107,460477,14786,13985,56,14041,236
2020-08-30,Tuolumne,109,53932,207,178,4,182,1
2020-08-30,Ventura,111,848112,11479,10775,99,10874,108
2020-08-30,Yolo,113,214977,2538,2391,4,2395,51
2020-08-30,Yuba,115,75493,904,832,3,835,1
2020-08-29,Alameda,001,1643700,19088,17888,124,18012,250
2020-08-29,Alpine,003,1148,2,2,0,2,0
2020-08-29,Amador,005,37829,274,239,0,239,13
2020-08-29,Butte,007,227075,2317,1948,24,1972,26
2020-08-29,Calaveras,009,45235,257,211,0,211,1
2020-08-29,Colusa,011,21464,471,440,0,440,6
2020-08-29,Contra Costa,013,1133247,14675,13663,51,13714,159
2020-08-29,Del Norte,015,27424,115,108,0,108,1
2020-08-29,El Dorado,017,186661,1020,958,6,964,2
2020-08-29,Fresno,019,978130,27955,24821,303,25124,291
2020-08-29,Glenn,021,27897,466,437,0,437,3
2020-08-29,Humboldt,023,135768,411,363,1,364,4
2020-08-29,Imperial,025,180216,11280,9698,7,9705,250
2020-08-29,Inyo,027,18085,181,160,4,164,3
2020-08-29,Kern,029,883053,29951,28947,228,29175,317
2020-08-29,Kings,031,150075,6421,5906,31,5937,62
2020-08-29,Lake,033,64148,361,329,0,329,2
2020-08-29,Lassen,035,31185,722,706,2,708,0
2020-08-29,Los Angeles,037,10098052,244243,239815,1268,241083,5762
2020-08-29,Madera,039,155013,3953,3605,25,3630,33
2020-08-29,Marin,041,260295,6245,6007,15,6022,64
2020-08-29,Mariposa,043,17540,73,69,0,69,2
2020-08-29,Mendocino,045,87422,652,596,0,596,13
2020-08-29,Merced,047,269075,8121,7867,9,7876,79
2020-08-29,Modoc,049,8938,13,9,0,9,0
2020-08-29,Mono,051,14174,163,145,2,147,1
2020-08-29,Monterey,053,433212,8258,7680,22,7702,53
2020-08-29,Napa,055,140530,1492,1413,6,1419,10
2020-08-29,Nevada,057,99092,459,442,13,455,5
2020-08-29,Orange,059,3164182,50397,47007,1188,48195,960
2020-08-29,Placer,061,380077,3132,2935,11,2946,32
2020-08-29,Plumas,063,18699,41,39,0,39,0
2020-08-29,Riverside,065,2383286,53878,51918,64,51982,1016
2020-08-29,Sacramento,067,1510023,18692,17588,16,17604,291
2020-08-29,San Benito,069,59416,1146,1045,0,1045,4
2020-08-29,San Bernardino,071,2135413,49342,46849,315,47164,755
2020-08-29,San Diego,073,3302833,39980,38049,459,38508,694
2020-08-29,San Francisco,075,870044,9732,9291,9,9300,83
2020-08-29,San Joaquin,077,732212,18636,17493,36,17529,335
2020-08-29,San Luis Obispo,079,281455,3157,2917,13,2930,21
2020-08-29,San Mateo,081,765935,8673,7928,10,7938,122
2020-08-29,Santa Barbara,083,443738,8279,8052,69,8121,93
2020-08-29,Santa Clara,085,1922200,18729,16898,37,16935,202
2020-08-29,Santa Cruz,087,273765,1909,1746,16,1762,7
2020-08-29,Shasta,089,179085,626,522,3,525,9
2020-08-29,Sierra,091,2930,6,6,0,6,0
2020-08-29,Siskiyou,093,43540,138,121,8,129,0
2020-08-29,Solano,095,438530,5568,5303,37,5340,34
2020-08-29,Sonoma,097,501317,6084,5537,20,5557,60
2020-08-29,Stanislaus,099,539301,15304,14479,342,14821,208
2020-08-29,Sutter,101,95872,1416,1333,1,1334,9
2020-08-29,Tehama,103,63373,436,417,2,419,1
2020-08-29,Trinity,105,12862,46,11,6,17,0
2020-08-29,Tulare,107,460477,14748,13890,55,13945,236
2020-08-29,Tuolumne,109,53932,207,178,4,182,1
2020-08-29,Ventura,111,848112,11437,10705,99,10804,108
2020-08-29,Yolo,113,214977,2520,2357,4,2361,51
2020-08-29,Yuba,115,75493,895,822,3,825,1
2020-08-28,Alameda,001,1643700,19005,17729,123,17852,237
2020-08-28,Alpine,003,1148,2,2,0,2,0
2020-08-28,Amador,005,37829,274,234,0,234,13
2020-08-28,Butte,007,227075,2287,1886,24,1910,25
2020-08-28,Calaveras,009,45235,255,207,0,207,1
2020-08-28,Colusa,011,21464,470,441,0,441,6
2020-08-28,Contra Costa,013,1133247,14604,13522,50,13572,158
2020-08-28,Del Norte,015,27424,115,107,0,107,1
2020-08-28,El Dorado,017,186661,1014,949,6,955,2
2020-08-28,Fresno,019,978130,27821,24612,303,24915,282
2020-08-28,Glenn,021,27897,459,429,0,429,3
2020-08-28,Humboldt,023,135768,407,362,1,363,4
2020-08-28,Imperial,025,180216,11266,9656,7,9663,241
2020-08-28,Inyo,027,18085,180,160,4,164,2
2020-08-28,Kern,029,883053,29903,28744,228,28972,306
2020-08-28,Kings,031,150075,6414,5829,30,5859,62
2020-08-28,Lake,033,64148,356,320,0,320,2
2020-08-28,Lassen,035,31185,722,704,2,706,0
2020-08-28,Los Angeles,037,10098052,243431,238544,1243,239787,5740
2020-08-28,Madera,039,155013,3934,3552,25,3577,33
2020-08-28,Marin,041,260295,6223,5991,15,6006,63
2020-08-28,Mariposa,043,17540,73,67,0,67,2
2020-08-28,Mendocino,045,87422,647,588,0,588,11
2020-08-28,Merced,047,269075,8091,7803,9,7812,77
2020-08-28,Modoc,049,8938,13,6,0,6,0
2020-08-28,Mono,051,14174,163,145,2,147,1
2020-08-28,Monterey,053,433212,8201,7591,22,7613,53
2020-08-28,Napa,055,140530,1484,1403,5,1408,10
2020-08-28,Nevada,057,99092,458,438,13,451,5
2020-08-28,Orange,059,3164182,50297,46696,1173,47869,942
2020-08-28,Placer,061,380077,3122,2891,11,2902,32
2020-08-28,Plumas,063,18699,41,39,0,39,0
2020-08-28,Riverside,065,2383286,53747,51510,60,51570,1008
2020-08-28,Sacramento,067,1510023,18594,17119,16,17135,283
2020-08-28,San Benito,069,59416,1130,1016,0,1016,3
2020-08-28,San Bernardino,071,2135413,49223,46553,311,46864,754
2020-08-28,San Diego,073,3302833,39750,37786,444,38230,676
2020-08-28,San Francisco,075,870044,9680,9135,9,9144,83
2020-08-28,San Joaquin,077,732212,18583,17114,35,17149,314
2020-08-28,San Luis Obispo,079,281455,3140,2849,13,2862,20
2020-08-28,San Mateo,081,765935,8627,7783,9,7792,121
2020-08-28,Santa Barbara,083,443738,8247,8001,69,8070,92
2020-08-28,Santa Clara,085,1922200,18602,16696,37,16733,201
2020-08-28,Santa Cruz,087,273765,1897,1747,16,1763,7
2020-08-28,Shasta,089,179085,622,516,3,519,9
2020-08-28,Sierra,091,2930,6,6,0,6,0
2020-08-28,Siskiyou,093,43540,136,119,8,127,0
2020-08-28,Solano,095,438530,5549,5219,37,5256,34
2020-08-28,Sonoma,097,501317,6049,5425,19,5444,58
2020-08-28,Stanislaus,099,539301,15261,14176,338,14514,190
2020-08-28,Sutter,101,95872,1406,1308,1,1309,9
2020-08-28,Tehama,103,63373,431,410,2,412,1
2020-08-28,Trinity,105,12862,46,11,6,17,0
2020-08-28,Tulare,107,460477,14703,13776,55,13831,236
2020-08-28,Tuolumne,109,53932,207,176,4,180,1
2020-08-28,Ventura,111,848112,11401,10606,97,10703,103
2020-08-28,Yolo,113,214977,2511,2323,4,2327,51
2020-08-28,Yuba,115,75493,886,810,3,813,1
2020-08-27,Alameda,001,1643700,18860,17584,120,17704,234
2020-08-27,Alpine,003,1148,2,2,0,2,0
2020-08-27,Amador,005,37829,273,233,0,233,13
2020-08-27,Butte,007,227075,2221,1803,23,1826,25
2020-08-27,Calaveras,009,45235,249,204,0,204,1
2020-08-27,Colusa,011,21464,468,438,0,438,6
2020-08-27,Contra Costa,013,1133247,14504,13379,49,13428,158
2020-08-27,Del Norte,015,27424,115,107,0,107,1
2020-08-27,El Dorado,017,186661,1010,942,6,948,2
2020-08-27,Fresno,019,978130,27639,24367,298,24665,272
2020-08-27,Glenn,021,27897,451,429,0,429,3
2020-08-27,Humboldt,023,135768,399,358,1,359,4
2020-08-27,Imperial,025,180216,11239,9608,7,9615,235
2020-08-27,Inyo,027,18085,180,157,3,160,2
2020-08-27,Kern,029,883053,29831,28635,219,28854,294
2020-08-27,Kings,031,150075,6392,5759,30,5789,62
2020-08-27,Lake,033,64148,354,314,0,314,2
2020-08-27,Lassen,035,31185,722,703,2,705,0
2020-08-27,Los Angeles,037,10098052,242429,237103,1228,238331,5704
2020-08-27,Madera,039,155013,3908,3465,25,3490,33
2020-08-27,Marin,041,260295,6199,5929,15,5944,62
2020-08-27,Mariposa,043,17540,73,67,0,67,2
2020-08-27,Mendocino,045,87422,638,581,0,581,10
2020-08-27,Merced,047,269075,8047,7765,9,7774,75
2020-08-27,Modoc,049,8938,11,5,0,5,0
2020-08-27,Mono,051,14174,163,145,2,147,1
2020-08-27,Monterey,053,433212,8107,7501,22,7523,52
2020-08-27,Napa,055,140530,1478,1397,5,1402,10
2020-08-27,Nevada,057,99092,455,435,13,448,5
2020-08-27,Orange,059,3164182,50140,46449,1162,47611,935
2020-08-27,Placer,061,380077,3091,2869,11,2880,32
2020-08-27,Plumas,063,18699,40,39,0,39,0
2020-08-27,Riverside,065,2383286,53538,51306,57,51363,999
2020-08-27,Sacramento,067,1510023,18396,16875,16,16891,281
2020-08-27,San Benito,069,59416,1114,987,0,987,3
2020-08-27,San Bernardino,071,2135413,48998,46345,305,46650,751
2020-08-27,San Diego,073,3302833,39479,37501,424,37925,673
2020-08-27,San Francisco,075,870044,9614,9014,9,9023,83
2020-08-27,San Joaquin,077,732212,18503,16989,35,17024,314
2020-08-27,San Luis Obispo,079,281455,3115,2808,13,2821,20
2020-08-27,San Mateo,081,765935,8518,7728,9,7737,121
2020-08-27,Santa Barbara,083,443738,8209,7934,69,8003,92
2020-08-27,Santa Clara,085,1922200,18416,16495,37,16532,199
2020-08-27,Santa Cruz,087,273765,1880,1734,16,1750,7
2020-08-27,Shasta,089,179085,616,512,3,515,9
2020-08-27,Sierra,091,2930,6,6,0,6,0
2020-08-27,Siskiyou,093,43540,136,118,8,126,0
2020-08-27,Solano,095,438530,5511,5167,37,5204,34
2020-08-27,Sonoma,097,501317,5938,5357,19,5376,58
2020-08-27,Stanislaus,099,539301,15180,14080,335,14415,186
2020-08-27,Sutter,101,95872,1386,1296,1,1297,9
2020-08-27,Tehama,103,63373,427,398,2,400,1
2020-08-27,Trinity,105,12862,46,11,6,17,0
2020-08-27,Tulare,107,460477,14612,13666,55,13721,231
2020-08-27,Tuolumne,109,53932,202,174,4,178,1
2020-08-27,Ventura,111,848112,11338,10483,93,10576,102
2020-08-27,Yolo,113,214977,2487,2293,4,2297,51
2020-08-27,Yuba,115,75493,875,807,3,810,1
2020-08-26,Alameda,001,1643700,18697,17373,120,17493,233
2020-08-26,Alpine,003,1148,2,2,0,2,0
2020-08-26,Amador,005,37829,273,229,0,229,13
2020-08-26,Butte,007,227075,2153,1765,21,1786,25
2020-08-26,Calaveras,009,45235,242,201,0,201,1
2020-08-26,Colusa,011,21464,462,433,0,433,5
2020-08-26,Contra Costa,013,1133247,14367,13248,49,13297,157
2020-08-26,Del Norte,015,27424,114,86,0,86,1
2020-08-26,El Dorado,017,186661,1008,938,6,944,2
2020-08-26,Fresno,019,978130,27491,24071,296,24367,255
2020-08-26,Glenn,021,27897,449,429,0,429,3
2020-08-26,Humboldt,023,135768,387,357,1,358,4
2020-08-26,Imperial,025,180216,11217,9453,7,9460,227
2020-08-26,Inyo,027,18085,177,157,3,160,2
2020-08-26,Kern,029,883053,29692,28507,216,28723,286
2020-08-26,Kings,031,150075,6371,5720,30,5750,62
2020-08-26,Lake,033,64148,349,308,0,308,2
2020-08-26,Lassen,035,31185,722,702,2,704,0
2020-08-26,Los Angeles,037,10098052,241417,235499,1198,236697,5665
2020-08-26,Madera,039,155013,3879,3458,25,3483,32
2020-08-26,Marin,041,260295,6182,5887,15,5902,56
2020-08-26,Mariposa,043,17540,73,68,0,68,2
2020-08-26,Mendocino,045,87422,627,581,0,581,10
2020-08-26,Merced,047,269075,8014,7720,9,7729,74
2020-08-26,Modoc,049,8938,8,5,0,5,0
2020-08-26,Mono,051,14174,163,141,2,143,1
2020-08-26,Monterey,053,433212,8014,7439,22,7461,51
2020-08-26,Napa,055,140530,1465,1382,5,1387,10
2020-08-26,Nevada,057,99092,452,432,13,445,2
2020-08-26,Orange,059,3164182,49956,46157,1146,47303,905
2020-08-26,Placer,061,380077,3068,2846,9,2855,32
2020-08-26,Plumas,063,18699,39,39,0,39,0
2020-08-26,Riverside,065,2383286,53297,51138,57,51195,987
2020-08-26,Sacramento,067,1510023,18233,16708,16,16724,271
2020-08-26,San Benito,069,59416,1099,978,0,978,3
2020-08-26,San Bernardino,071,2135413,48791,45840,301,46141,743
2020-08-26,San Diego,073,3302833,39141,37224,397,37621,668
2020-08-26,San Francisco,075,870044,9540,8938,9,8947,81
2020-08-26,San Joaquin,077,732212,18414,16845,34,16879,309
2020-08-26,San Luis Obispo,079,281455,3087,2761,13,2774,20
2020-08-26,San Mateo,081,765935,8451,7655,9,7664,121
2020-08-26,Santa Barbara,083,443738,8175,7904,69,7973,90
2020-08-26,Santa Clara,085,1922200,18239,16283,37,16320,198
2020-08-26,Santa Cruz,087,273765,1869,1726,16,1742,7
2020-08-26,Shasta,089,179085,611,511,3,514,9
2020-08-26,Sierra,091,2930,6,6,0,6,0
2020-08-26,Siskiyou,093,43540,133,109,8,117,0
2020-08-26,Solano,095,438530,5487,5131,36,5167,34
2020-08-26,Sonoma,097,501317,5865,5283,19,5302,58
2020-08-26,Stanislaus,099,539301,15103,13964,329,14293,186
2020-08-26,Sutter,101,95872,1368,1275,1,1276,9
2020-08-26,Tehama,103,63373,424,396,2,398,1
2020-08-26,Trinity,105,12862,45,10,6,16,0
2020-08-26,Tulare,107,460477,14545,13568,55,13623,232
2020-08-26,Tuolumne,109,53932,201,172,4,176,1
2020-08-26,Ventura,111,848112,11266,10412,86,10498,100
2020-08-26,Yolo,113,214977,2466,2279,4,2283,49
2020-08-26,Yuba,115,75493,860,779,3,782,1
2020-08-25,Alameda,001,1643700,18539,17278,120,17398,232
2020-08-25,Alpine,003,1148,2,2,0,2,0
2020-08-25,Amador,005,37829,273,227,0,227,13
2020-08-25,Butte,007,227075,2086,1718,21,1739,24
2020-08-25,Calaveras,009,45235,240,196,0,196,1
2020-08-25,Colusa,011,21464,455,430,0,430,5
2020-08-25,Contra Costa,013,1133247,14229,13181,48,13229,156
2020-08-25,Del Norte,015,27424,113,83,0,83,1
2020-08-25,El Dorado,017,186661,1005,928,6,934,2
2020-08-25,Fresno,019,978130,27303,23932,295,24227,250
2020-08-25,Glenn,021,27897,446,429,0,429,3
2020-08-25,Humboldt,023,135768,382,342,1,343,4
2020-08-25,Imperial,025,180216,11189,9381,7,9388,217
2020-08-25,Inyo,027,18085,175,144,3,147,1
2020-08-25,Kern,029,883053,29555,28416,216,28632,285
2020-08-25,Kings,031,150075,6214,5702,30,5732,59
2020-08-25,Lake,033,64148,344,304,0,304,2
2020-08-25,Lassen,035,31185,721,692,2,694,0
2020-08-25,Los Angeles,037,10098052,240118,233961,1149,235110,5612
2020-08-25,Madera,039,155013,3864,3446,24,3470,32
2020-08-25,Marin,041,260295,6144,5860,15,5875,56
2020-08-25,Mariposa,043,17540,73,67,0,67,2
2020-08-25,Mendocino,045,87422,619,571,0,571,10
2020-08-25,Merced,047,269075,7947,7693,8,7701,69
2020-08-25,Modoc,049,8938,8,5,0,5,0
2020-08-25,Mono,051,14174,163,129,2,131,1
2020-08-25,Monterey,053,433212,7934,7333,22,7355,51
2020-08-25,Napa,055,140530,1458,1374,5,1379,10
2020-08-25,Nevada,057,99092,448,430,13,443,2
2020-08-25,Orange,059,3164182,49762,45737,1130,46867,902
2020-08-25,Placer,061,380077,3049,2829,6,2835,31
2020-08-25,Plumas,063,18699,39,39,0,39,0
2020-08-25,Riverside,065,2383286,53065,50889,57,50946,981
2020-08-25,Sacramento,067,1510023,18079,16601,16,16617,265
2020-08-25,San Benito,069,59416,1083,973,0,973,3
2020-08-25,San Bernardino,071,2135413,48556,45544,298,45842,727
2020-08-25,San Diego,073,3302833,38862,36996,375,37371,665
2020-08-25,San Francisco,075,870044,9463,8848,9,8857,81
2020-08-25,San Joaquin,077,732212,18287,16795,34,16829,306
2020-08-25,San Luis Obispo,079,281455,3028,2731,12,2743,20
2020-08-25,San Mateo,081,765935,8391,7636,8,7644,120
2020-08-25,Santa Barbara,083,443738,8123,7854,69,7923,90
2020-08-25,Santa Clara,085,1922200,18070,16199,37,16236,194
2020-08-25,Santa Cruz,087,273765,1850,1708,16,1724,7
2020-08-25,Shasta,089,179085,607,511,3,514,9
2020-08-25,Sierra,091,2930,6,6,0,6,0
2020-08-25,Siskiyou,093,43540,132,109,8,117,0
2020-08-25,Solano,095,438530,5426,5114,36,5150,34
2020-08-25,Sonoma,097,501317,5779,5148,19,5167,56
2020-08-25,Stanislaus,099,539301,14995,13886,318,14204,182
2020-08-25,Sutter,101,95872,1351,1259,1,1260,9
2020-08-25,Tehama,103,63373,421,394,2,396,1
2020-08-25,Trinity,105,12862,44,10,6,16,0
2020-08-25,Tulare,107,460477,14441,13514,54,13568,224
2020-08-25,Tuolumne,109,53932,199,172,4,176,1
2020-08-25,Ventura,111,848112,11181,10313,81,10394,99
2020-08-25,Yolo,113,214977,2453,2254,4,2258,50
2020-08-25,Yuba,115,75493,850,775,3,778,1
2020-08-24,Alameda,001,1643700,18344,16913,119,17032,231
2020-08-24,Alpine,003,1148,2,2,0,2,0
2020-08-24,Amador,005,37829,271,227,0,227,13
2020-08-24,Butte,007,227075,2003,1649,21,1670,23
2020-08-24,Calaveras,009,45235,231,187,0,187,1
2020-08-24,Colusa,011,21464,451,425,0,425,5
2020-08-24,Contra Costa,013,1133247,14112,12906,46,12952,153
2020-08-24,Del Norte,015,27424,113,80,0,80,1
2020-08-24,El Dorado,017,186661,997,908,6,914,2
2020-08-24,Fresno,019,978130,27115,23618,288,23906,235
2020-08-24,Glenn,021,27897,444,421,0,421,2
2020-08-24,Humboldt,023,135768,378,340,1,341,4
2020-08-24,Imperial,025,180216,11156,9323,7,9330,210
2020-08-24,Inyo,027,18085,171,144,3,147,2
2020-08-24,Kern,029,883053,29457,28157,210,28367,277
2020-08-24,Kings,031,150075,6126,5652,30,5682,60
2020-08-24,Lake,033,64148,329,302,0,302,2
2020-08-24,Lassen,035,31185,721,693,2,695,0
2020-08-24,Los Angeles,037,10098052,238756,233036,1131,234167,5562
2020-08-24,Madera,039,155013,3836,3418,24,3442,32
2020-08-24,Marin,041,260295,6080,5834,15,5849,56
2020-08-24,Mariposa,043,17540,71,66,0,66,2
2020-08-24,Mendocino,045,87422,604,550,0,550,10
2020-08-24,Merced,047,269075,7869,7605,8,7613,69
2020-08-24,Modoc,049,8938,8,5,0,5,0
2020-08-24,Mono,051,14174,163,129,2,131,1
2020-08-24,Monterey,053,433212,7825,7212,21,7233,50
2020-08-24,Napa,055,140530,1445,1358,5,1363,10
2020-08-24,Nevada,057,99092,443,423,13,436,2
2020-08-24,Orange,059,3164182,49569,45536,1121,46657,887
2020-08-24,Placer,061,380077,3002,2793,6,2799,31
2020-08-24,Plumas,063,18699,39,37,0,37,0
2020-08-24,Riverside,065,2383286,52787,50496,57,50553,975
2020-08-24,Sacramento,067,1510023,17883,16318,15,16333,249
2020-08-24,San Benito,069,59416,1062,961,0,961,3
2020-08-24,San Bernardino,071,2135413,48293,45199,296,45495,720
2020-08-24,San Diego,073,3302833,38574,36729,347,37076,660
2020-08-24,San Francisco,075,870044,9380,8621,9,8630,81
2020-08-24,San Joaquin,077,732212,18146,16565,33,16598,305
2020-08-24,San Luis Obispo,079,281455,3000,2705,12,2717,20
2020-08-24,San Mateo,081,765935,8324,7502,8,7510,120
2020-08-24,Santa Barbara,083,443738,8082,7784,69,7853,90
2020-08-24,Santa Clara,085,1922200,17866,16049,37,16086,192
2020-08-24,Santa Cruz,087,273765,1830,1627,15,1642,6
2020-08-24,Shasta,089,179085,605,505,3,508,9
2020-08-24,Sierra,091,2930,6,6,0,6,0
2020-08-24,Siskiyou,093,43540,128,107,8,115,0
2020-08-24,Solano,095,438530,5377,4979,34,5013,32
2020-08-24,Sonoma,097,501317,5677,5071,19,5090,56
2020-08-24,Stanislaus,099,539301,14897,13521,304,13825,171
2020-08-24,Sutter,101,95872,1332,1219,1,1220,9
2020-08-24,Tehama,103,63373,416,388,2,390,1
2020-08-24,Trinity,105,12862,44,10,6,16,0
2020-08-24,Tulare,107,460477,14333,13360,53,13413,223
2020-08-24,Tuolumne,109,53932,198,170,4,174,1
2020-08-24,Ventura,111,848112,11101,10261,77,10338,99
2020-08-24,Yolo,113,214977,2419,2239,4,2243,47
2020-08-24,Yuba,115,75493,833,750,3,753,1
2020-08-23,Alameda,001,1643700,18122,16786,118,16904,231
2020-08-23,Alpine,003,1148,2,2,0,2,0
2020-08-23,Amador,005,37829,268,227,0,227,13
2020-08-23,Butte,007,227075,1888,1637,21,1658,23
2020-08-23,Calaveras,009,45235,222,187,0,187,1
2020-08-23,Colusa,011,21464,444,424,0,424,5
2020-08-23,Contra Costa,013,1133247,13950,12642,46,12688,153
2020-08-23,Del Norte,015,27424,113,80,0,80,1
2020-08-23,El Dorado,017,186661,984,901,6,907,2
2020-08-23,Fresno,019,978130,26910,23414,285,23699,235
2020-08-23,Glenn,021,27897,437,421,0,421,2
2020-08-23,Humboldt,023,135768,376,341,1,342,4
2020-08-23,Imperial,025,180216,11127,9243,7,9250,210
2020-08-23,Inyo,027,18085,168,144,3,147,2
2020-08-23,Kern,029,883053,29308,28028,205,28233,277
2020-08-23,Kings,031,150075,6083,5628,30,5658,60
2020-08-23,Lake,033,64148,325,299,0,299,2
2020-08-23,Lassen,035,31185,720,693,2,695,0
2020-08-23,Los Angeles,037,10098052,237157,231833,1063,232896,5549
2020-08-23,Madera,039,155013,3805,3401,23,3424,32
2020-08-23,Marin,041,260295,6041,5807,14,5821,50
2020-08-23,Mariposa,043,17540,71,66,0,66,2
2020-08-23,Mendocino,045,87422,600,550,0,550,10
2020-08-23,Merced,047,269075,7800,7574,7,7581,69
2020-08-23,Modoc,049,8938,7,5,0,5,0
2020-08-23,Mono,051,14174,163,129,2,131,1
2020-08-23,Monterey,053,433212,7735,7173,21,7194,50
2020-08-23,Napa,055,140530,1433,1348,5,1353,10
2020-08-23,Nevada,057,99092,438,421,13,434,2
2020-08-23,Orange,059,3164182,49331,45267,1109,46376,887
2020-08-23,Placer,061,380077,2963,2772,6,2778,31
2020-08-23,Plumas,063,18699,39,37,0,37,0
2020-08-23,Riverside,065,2383286,52517,50293,55,50348,955
2020-08-23,Sacramento,067,1510023,17659,16084,14,16098,243
2020-08-23,San Benito,069,59416,1049,938,0,938,3
2020-08-23,San Bernardino,071,2135413,48025,45010,286,45296,719
2020-08-23,San Diego,073,3302833,38253,36542,320,36862,660
2020-08-23,San Francisco,075,870044,9285,8564,8,8572,80
2020-08-23,San Joaquin,077,732212,18013,16069,32,16101,305
2020-08-23,San Luis Obispo,079,281455,2958,2679,12,2691,20
2020-08-23,San Mateo,081,765935,8229,7450,8,7458,120
2020-08-23,Santa Barbara,083,443738,8014,7725,69,7794,90
2020-08-23,Santa Clara,085,1922200,17670,15912,35,15947,191
2020-08-23,Santa Cruz,087,273765,1804,1627,15,1642,6
2020-08-23,Shasta,089,179085,600,501,3,504,9
2020-08-23,Sierra,091,2930,6,6,0,6,0
2020-08-23,Siskiyou,093,43540,123,107,8,115,0
2020-08-23,Solano,095,438530,5319,4977,32,5009,32
2020-08-23,Sonoma,097,501317,5589,5018,19,5037,56
2020-08-23,Stanislaus,099,539301,14762,13483,281,13764,171
2020-08-23,Sutter,101,95872,1310,1203,1,1204,9
2020-08-23,Tehama,103,63373,406,381,2,383,1
2020-08-23,Trinity,105,12862,44,10,6,16,0
2020-08-23,Tulare,107,460477,14201,13303,50,13353,223
2020-08-23,Tuolumne,109,53932,195,164,4,168,1
2020-08-23,Ventura,111,848112,11000,10126,73,10199,99
2020-08-23,Yolo,113,214977,2391,2210,4,2214,47
2020-08-23,Yuba,115,75493,812,750,3,753,1
2020-08-22,Alameda,001,1643700,18028,16648,117,16765,231
2020-08-22,Alpine,003,1148,2,2,0,2,0
2020-08-22,Amador,005,37829,267,224,0,224,13
2020-08-22,Butte,007,227075,1837,1618,21,1639,22
2020-08-22,Calaveras,009,45235,218,187,0,187,1
2020-08-22,Colusa,011,21464,440,419,0,419,5
2020-08-22,Contra Costa,013,1133247,13863,12522,46,12568,153
2020-08-22,Del Norte,015,27424,112,80,0,80,1
2020-08-22,El Dorado,017,186661,982,900,6,906,2
2020-08-22,Fresno,019,978130,26813,23197,284,23481,235
2020-08-22,Glenn,021,27897,436,421,0,421,2
2020-08-22,Humboldt,023,135768,366,334,1,335,4
2020-08-22,Imperial,025,180216,11119,9244,7,9251,210
2020-08-22,Inyo,027,18085,168,144,3,147,1
2020-08-22,Kern,029,883053,29254,27807,205,28012,277
2020-08-22,Kings,031,150075,6074,5447,30,5477,60
2020-08-22,Lake,033,64148,323,291,0,291,2
2020-08-22,Lassen,035,31185,720,693,2,695,0
2020-08-22,Los Angeles,037,10098052,236498,230858,1046,231904,5540
2020-08-22,Madera,039,155013,3786,3330,23,3353,32
2020-08-22,Marin,041,260295,6029,5789,14,5803,49
2020-08-22,Mariposa,043,17540,71,66,0,66,2
2020-08-22,Mendocino,045,87422,597,529,0,529,10
2020-08-22,Merced,047,269075,7772,7493,7,7500,69
2020-08-22,Modoc,049,8938,7,5,0,5,0
2020-08-22,Mono,051,14174,163,129,2,131,1
2020-08-22,Monterey,053,433212,7687,7081,21,7102,50
2020-08-22,Napa,055,140530,1428,1328,5,1333,11
2020-08-22,Nevada,057,99092,438,411,13,424,2
2020-08-22,Orange,059,3164182,49190,45131,1103,46234,885
2020-08-22,Placer,061,380077,2949,2734,6,2740,30
2020-08-22,Plumas,063,18699,39,37,0,37,0
2020-08-22,Riverside,065,2383286,52369,49944,54,49998,953
2020-08-22,Sacramento,067,1510023,17547,15516,14,15530,239
2020-08-22,San Benito,069,59416,1033,912,0,912,3
2020-08-22,San Bernardino,071,2135413,47896,44803,282,45085,719
2020-08-22,San Diego,073,3302833,38070,36205,309,36514,673
2020-08-22,San Francisco,075,870044,9225,8568,8,8576,80
2020-08-22,San Joaquin,077,732212,17957,16068,32,16100,305
2020-08-22,San Luis Obispo,079,281455,2932,2660,12,2672,20
2020-08-22,San Mateo,081,765935,8182,7361,8,7369,120
2020-08-22,Santa Barbara,083,443738,7988,7685,69,7754,90
2020-08-22,Santa Clara,085,1922200,17562,15590,35,15625,190
2020-08-22,Santa Cruz,087,273765,1788,1628,14,1642,6
2020-08-22,Shasta,089,179085,598,493,3,496,9
2020-08-22,Sierra,091,2930,6,6,0,6,0
2020-08-22,Siskiyou,093,43540,123,106,8,114,0
2020-08-22,Solano,095,438530,5289,4944,31,4975,32
2020-08-22,Sonoma,097,501317,5543,4891,19,4910,57
2020-08-22,Stanislaus,099,539301,14712,13380,264,13644,170
2020-08-22,Sutter,101,95872,1303,1189,1,1190,8
2020-08-22,Tehama,103,63373,405,368,2,370,1
2020-08-22,Trinity,105,12862,44,8,6,14,0
2020-08-22,Tulare,107,460477,14134,13196,50,13246,222
2020-08-22,Tuolumne,109,53932,193,162,4,166,1
2020-08-22,Ventura,111,848112,10945,9959,71,10030,99
2020-08-22,Yolo,113,214977,2375,2188,4,2192,47
2020-08-22,Yuba,115,75493,800,738,3,741,1
2020-08-21,Alameda,001,1643700,17936,16413,117,16530,232
2020-08-21,Alpine,003,1148,2,2,0,2,0
2020-08-21,Amador,005,37829,266,223,0,223,11
2020-08-21,Butte,007,227075,1798,1582,21,1603,19
2020-08-21,Calaveras,009,45235,218,182,0,182,1
2020-08-21,Colusa,011,21464,438,418,0,418,5
2020-08-21,Contra Costa,013,1133247,13773,12333,45,12378,149
2020-08-21,Del Norte,015,27424,112,78,0,78,1
2020-08-21,El Dorado,017,186661,978,885,6,891,2
2020-08-21,Fresno,019,978130,26643,22840,283,23123,232
2020-08-21,Glenn,021,27897,432,418,0,418,2
2020-08-21,Humboldt,023,135768,363,331,1,332,4
2020-08-21,Imperial,025,180216,11103,9166,7,9173,204
2020-08-21,Inyo,027,18085,168,144,3,147,1
2020-08-21,Kern,029,883053,29195,27567,203,27770,269
2020-08-21,Kings,031,150075,6052,5391,30,5421,60
2020-08-21,Lake,033,64148,321,281,0,281,2
2020-08-21,Lassen,035,31185,720,693,2,695,0
2020-08-21,Los Angeles,037,10098052,235624,229235,1025,230260,5494
2020-08-21,Madera,039,155013,3756,3271,23,3294,31
2020-08-21,Marin,041,260295,6009,5762,14,5776,49
2020-08-21,Mariposa,043,17540,71,66,0,66,2
2020-08-21,Mendocino,045,87422,587,505,0,505,10
2020-08-21,Merced,047,269075,7743,7357,7,7364,69
2020-08-21,Modoc,049,8938,7,5,0,5,0
2020-08-21,Mono,051,14174,163,128,2,130,1
2020-08-21,Monterey,053,433212,7615,6974,21,6995,49
2020-08-21,Napa,055,140530,1419,1317,5,1322,10
2020-08-21,Nevada,057,99092,437,406,13,419,2
2020-08-21,Orange,059,3164182,49048,44625,1094,45719,875
2020-08-21,Placer,061,380077,2933,2698,6,2704,30
2020-08-21,Plumas,063,18699,39,36,0,36,0
2020-08-21,Riverside,065,2383286,52174,49409,54,49463,932
2020-08-21,Sacramento,067,1510023,17424,15247,14,15261,237
2020-08-21,San Benito,069,59416,1023,891,0,891,3
2020-08-21,San Bernardino,071,2135413,47776,44249,278,44527,668
2020-08-21,San Diego,073,3302833,37866,35914,292,36206,652
2020-08-21,San Francisco,075,870044,9175,8375,8,8383,80
2020-08-21,San Joaquin,077,732212,17874,15888,30,15918,301
2020-08-21,San Luis Obispo,079,281455,2909,2640,12,2652,19
2020-08-21,San Mateo,081,765935,8125,7253,8,7261,120
2020-08-21,Santa Barbara,083,443738,7947,7645,69,7714,86
2020-08-21,Santa Clara,085,1922200,17411,15399,35,15434,190
2020-08-21,Santa Cruz,087,273765,1776,1617,14,1631,6
2020-08-21,Shasta,089,179085,598,486,3,489,9
2020-08-21,Sierra,091,2930,6,6,0,6,0
2020-08-21,Siskiyou,093,43540,123,103,6,109,0
2020-08-21,Solano,095,438530,5266,4891,30,4921,32
2020-08-21,Sonoma,097,501317,5473,4816,19,4835,57
2020-08-21,Stanislaus,099,539301,14643,13282,250,13532,161
2020-08-21,Sutter,101,95872,1290,1173,1,1174,8
2020-08-21,Tehama,103,63373,403,357,2,359,1
2020-08-21,Trinity,105,12862,44,8,6,14,0
2020-08-21,Tulare,107,460477,14063,13002,48,13050,217
2020-08-21,Tuolumne,109,53932,185,161,4,165,1
2020-08-21,Ventura,111,848112,10880,9865,69,9934,98
2020-08-21,Yolo,113,214977,2360,2164,4,2168,46
2020-08-21,Yuba,115,75493,796,717,3,720,1
2020-08-20,Alameda,001,1643700,17776,16174,117,16291,229
2020-08-20,Alpine,003,1148,2,2,0,2,0
2020-08-20,Amador,005,37829,264,222,0,222,11
2020-08-20,Butte,007,227075,1748,1549,21,1570,18
2020-08-20,Calaveras,009,45235,215,179,0,179,1
2020-08-20,Colusa,011,21464,436,415,0,415,5
2020-08-20,Contra Costa,013,1133247,13646,12108,44,12152,144
2020-08-20,Del Norte,015,27424,112,78,0,78,1
2020-08-20,El Dorado,017,186661,974,881,6,887,2
2020-08-20,Fresno,019,978130,26461,22535,278,22813,228
2020-08-20,Glenn,021,27897,427,414,0,414,2
2020-08-20,Humboldt,023,135768,358,318,1,319,4
2020-08-20,Imperial,025,180216,11084,9086,7,9093,196
2020-08-20,Inyo,027,18085,167,144,3,147,1
2020-08-20,Kern,029,883053,29027,27337,192,27529,267
2020-08-20,Kings,031,150075,6012,5347,29,5376,59
2020-08-20,Lake,033,64148,316,280,0,280,2
2020-08-20,Lassen,035,31185,719,693,2,695,0
2020-08-20,Los Angeles,037,10098052,234389,227492,1006,228498,5445
2020-08-20,Madera,039,155013,3730,3197,23,3220,31
2020-08-20,Marin,041,260295,5991,5745,14,5759,47
2020-08-20,Mariposa,043,17540,71,67,0,67,2
2020-08-20,Mendocino,045,87422,577,497,0,497,10
2020-08-20,Merced,047,269075,7668,7173,7,7180,68
2020-08-20,Modoc,049,8938,7,5,0,5,0
2020-08-20,Mono,051,14174,163,128,2,130,1
2020-08-20,Monterey,053,433212,7544,6892,21,6913,47
2020-08-20,Napa,055,140530,1411,1306,5,1311,10
2020-08-20,Nevada,057,99092,436,401,13,414,2
2020-08-20,Orange,059,3164182,48821,44299,1084,45383,849
2020-08-20,Placer,061,380077,2917,2681,6,2687,30
2020-08-20,Plumas,063,18699,39,36,0,36,0
2020-08-20,Riverside,065,2383286,51955,48953,53,49006,927
2020-08-20,Sacramento,067,1510023,17181,14992,14,15006,231
2020-08-20,San Benito,069,59416,1010,866,0,866,3
2020-08-20,San Bernardino,071,2135413,47520,43627,274,43901,665
2020-08-20,San Diego,073,3302833,37646,35610,274,35884,644
2020-08-20,San Francisco,075,870044,9089,8262,8,8270,72
2020-08-20,San Joaquin,077,732212,17783,15778,30,15808,297
2020-08-20,San Luis Obispo,079,281455,2889,2590,12,2602,19
2020-08-20,San Mateo,081,765935,8060,7188,8,7196,120
2020-08-20,Santa Barbara,083,443738,7909,7571,69,7640,81
2020-08-20,Santa Clara,085,1922200,17239,15162,35,15197,190
2020-08-20,Santa Cruz,087,273765,1763,1581,14,1595,6
2020-08-20,Shasta,089,179085,597,478,3,481,9
2020-08-20,Sierra,091,2930,6,6,0,6,0
2020-08-20,Siskiyou,093,43540,122,102,1,103,0
2020-08-20,Solano,095,438530,5221,4843,30,4873,31
2020-08-20,Sonoma,097,501317,5401,4737,19,4756,54
2020-08-20,Stanislaus,099,539301,14547,13120,241,13361,161
2020-08-20,Sutter,101,95872,1266,1158,1,1159,8
2020-08-20,Tehama,103,63373,398,350,2,352,1
2020-08-20,Trinity,105,12862,44,8,6,14,0
2020-08-20,Tulare,107,460477,13955,12907,47,12954,217
2020-08-20,Tuolumne,109,53932,181,159,4,163,1
2020-08-20,Ventura,111,848112,10767,9744,68,9812,93
2020-08-20,Yolo,113,214977,2338,2150,4,2154,47
2020-08-20,Yuba,115,75493,779,709,3,712,1
2020-08-19,Alameda,001,1643700,17618,15874,116,15990,226
2020-08-19,Alpine,003,1148,2,2,0,2,0
2020-08-19,Amador,005,37829,263,219,0,219,9
2020-08-19,Butte,007,227075,1705,1517,21,1538,16
2020-08-19,Calaveras,009,45235,213,177,0,177,1
2020-08-19,Colusa,011,21464,435,415,0,415,5
2020-08-19,Contra Costa,013,1133247,13534,11895,43,11938,142
2020-08-19,Del Norte,015,27424,112,78,0,78,1
2020-08-19,El Dorado,017,186661,968,870,6,876,2
2020-08-19,Fresno,019,978130,26272,22167,269,22436,221
2020-08-19,Glenn,021,27897,425,414,0,414,2
2020-08-19,Humboldt,023,135768,355,316,1,317,4
2020-08-19,Imperial,025,180216,11056,9041,7,9048,192
2020-08-19,Inyo,027,18085,165,140,3,143,1
2020-08-19,Kern,029,883053,28910,27142,188,27330,263
2020-08-19,Kings,031,150075,5839,5301,27,5328,59
2020-08-19,Lake,033,64148,313,277,0,277,2
2020-08-19,Lassen,035,31185,711,693,2,695,0
2020-08-19,Los Angeles,037,10098052,233111,226006,966,226972,5399
2020-08-19,Madera,039,155013,3696,3158,21,3179,30
2020-08-19,Marin,041,260295,5967,5723,13,5736,46
2020-08-19,Mariposa,043,17540,71,64,0,64,2
2020-08-19,Mendocino,045,87422,560,495,0,495,8
2020-08-19,Merced,047,269075,7541,7082,4,7086,66
2020-08-19,Modoc,049,8938,7,5,0,5,0
2020-08-19,Mono,051,14174,163,128,2,130,1
2020-08-19,Monterey,053,433212,7444,6693,21,6714,45
2020-08-19,Napa,055,140530,1406,1293,5,1298,10
2020-08-19,Nevada,057,99092,429,398,13,411,2
2020-08-19,Orange,059,3164182,48616,43938,1081,45019,829
2020-08-19,Placer,061,380077,2895,2659,6,2665,28
2020-08-19,Plumas,063,18699,39,36,0,36,0
2020-08-19,Riverside,065,2383286,51706,48741,53,48794,922
2020-08-19,Sacramento,067,1510023,17001,14764,14,14778,229
2020-08-19,San Benito,069,59416,993,853,0,853,3
2020-08-19,San Bernardino,071,2135413,47223,43224,268,43492,661
2020-08-19,San Diego,073,3302833,37396,35378,259,35637,638
2020-08-19,San Francisco,075,870044,9025,8236,8,8244,72
2020-08-19,San Joaquin,077,732212,17661,15677,29,15706,296
2020-08-19,San Luis Obispo,079,281455,2849,2553,12,2565,19
2020-08-19,San Mateo,081,765935,7991,7146,8,7154,119
2020-08-19,Santa Barbara,083,443738,7860,7499,69,7568,80
2020-08-19,Santa Clara,085,1922200,17094,14994,35,15029,189
2020-08-19,Santa Cruz,087,273765,1737,1554,14,1568,6
2020-08-19,Shasta,089,179085,593,475,3,478,9
2020-08-19,Sierra,091,2930,6,6,0,6,0
2020-08-19,Siskiyou,093,43540,121,103,1,104,0
2020-08-19,Solano,095,438530,5180,4807,30,4837,31
2020-08-19,Sonoma,097,501317,5322,4614,19,4633,54
2020-08-19,Stanislaus,099,539301,14444,13084,219,13303,160
2020-08-19,Sutter,101,95872,1232,1146,1,1147,8
2020-08-19,Tehama,103,63373,392,342,2,344,1
2020-08-19,Trinity,105,12862,43,8,6,14,0
2020-08-19,Tulare,107,460477,13857,12756,47,12803,217
2020-08-19,Tuolumne,109,53932,178,159,4,163,1
2020-08-19,Ventura,111,848112,10675,9587,66,9653,91
2020-08-19,Yolo,113,214977,2316,2126,4,2130,47
2020-08-19,Yuba,115,75493,767,701,3,704,1
2020-08-18,Alameda,001,1643700,17440,15627,114,15741,223
2020-08-18,Alpine,003,1148,2,2,0,2,0
2020-08-18,Amador,005,37829,262,215,0,215,9
2020-08-18,Butte,007,227075,1672,1491,21,1512,16
2020-08-18,Calaveras,009,45235,210,174,0,174,1
2020-08-18,Colusa,011,21464,434,415,0,415,5
2020-08-18,Contra Costa,013,1133247,13414,11689,41,11730,141
2020-08-18,Del Norte,015,27424,111,78,0,78,0
2020-08-18,El Dorado,017,186661,963,866,6,872,2
2020-08-18,Fresno,019,978130,26051,21798,263,22061,212
2020-08-18,Glenn,021,27897,425,407,0,407,2
2020-08-18,Humboldt,023,135768,353,315,1,316,4
2020-08-18,Imperial,025,180216,11022,8968,7,8975,189
2020-08-18,Inyo,027,18085,164,140,3,143,1
2020-08-18,Kern,029,883053,28757,26978,184,27162,263
2020-08-18,Kings,031,150075,5804,5269,26,5295,58
2020-08-18,Lake,033,64148,310,274,0,274,2
2020-08-18,Lassen,035,31185,711,693,2,695,0
2020-08-18,Los Angeles,037,10098052,231844,224218,930,225148,5339
2020-08-18,Madera,039,155013,3668,3125,21,3146,28
2020-08-18,Marin,041,260295,5937,5708,13,5721,47
2020-08-18,Mariposa,043,17540,71,61,0,61,2
2020-08-18,Mendocino,045,87422,551,468,0,468,8
2020-08-18,Merced,047,269075,7493,6940,4,6944,66
2020-08-18,Modoc,049,8938,7,5,0,5,0
2020-08-18,Mono,051,14174,162,129,2,131,1
2020-08-18,Monterey,053,433212,7352,6691,20,6711,44
2020-08-18,Napa,055,140530,1403,1274,5,1279,10
2020-08-18,Nevada,057,99092,422,389,13,402,2
2020-08-18,Orange,059,3164182,48391,43659,1067,44726,809
2020-08-18,Placer,061,380077,2869,2644,5,2649,28
2020-08-18,Plumas,063,18699,39,34,0,34,0
2020-08-18,Riverside,065,2383286,51374,48447,53,48500,917
2020-08-18,Sacramento,067,1510023,16771,14610,13,14623,222
2020-08-18,San Benito,069,59416,973,836,0,836,3
2020-08-18,San Bernardino,071,2135413,46942,42827,262,43089,648
2020-08-18,San Diego,073,3302833,37103,35164,227,35391,633
2020-08-18,San Francisco,075,870044,8940,8016,8,8024,72
2020-08-18,San Joaquin,077,732212,17547,15509,28,15537,290
2020-08-18,San Luis Obispo,079,281455,2824,2535,11,2546,18
2020-08-18,San Mateo,081,765935,7930,7074,8,7082,119
2020-08-18,Santa Barbara,083,443738,7818,7472,69,7541,81
2020-08-18,Santa Clara,085,1922200,16925,14786,34,14820,184
2020-08-18,Santa Cruz,087,273765,1724,1509,14,1523,6
2020-08-18,Shasta,089,179085,589,468,3,471,9
2020-08-18,Sierra,091,2930,6,6,0,6,0
2020-08-18,Siskiyou,093,43540,120,103,1,104,0
2020-08-18,Solano,095,438530,5153,4700,30,4730,31
2020-08-18,Sonoma,097,501317,5253,4506,19,4525,48
2020-08-18,Stanislaus,099,539301,14346,12935,203,13138,149
2020-08-18,Sutter,101,95872,1213,1126,1,1127,8
2020-08-18,Tehama,103,63373,382,333,2,335,1
2020-08-18,Trinity,105,12862,41,8,6,14,0
2020-08-18,Tulare,107,460477,13726,12637,44,12681,212
2020-08-18,Tuolumne,109,53932,175,159,4,163,1
2020-08-18,Ventura,111,848112,10585,9536,61,9597,89
2020-08-18,Yolo,113,214977,2294,2102,4,2106,47
2020-08-18,Yuba,115,75493,759,679,3,682,1
2020-08-17,Alameda,001,1643700,17247,15454,113,15567,221
2020-08-17,Alpine,003,1148,2,2,0,2,0
2020-08-17,Amador,005,37829,262,215,0,215,9
2020-08-17,Butte,007,227075,1627,1463,21,1484,15
2020-08-17,Calaveras,009,45235,206,167,0,167,1
2020-08-17,Colusa,011,21464,431,408,0,408,5
2020-08-17,Contra Costa,013,1133247,13277,11442,41,11483,141
2020-08-17,Del Norte,015,27424,107,77,0,77,0
2020-08-17,El Dorado,017,186661,960,846,6,852,2
2020-08-17,Fresno,019,978130,25844,21316,256,21572,211
2020-08-17,Glenn,021,27897,424,402,0,402,2
2020-08-17,Humboldt,023,135768,349,302,1,303,4
2020-08-17,Imperial,025,180216,10981,8897,7,8904,188
2020-08-17,Inyo,027,18085,156,124,3,127,1
2020-08-17,Kern,029,883053,28610,26773,174,26947,249
2020-08-17,Kings,031,150075,5766,5249,26,5275,58
2020-08-17,Lake,033,64148,305,270,0,270,2
2020-08-17,Lassen,035,31185,711,666,2,668,0
2020-08-17,Los Angeles,037,10098052,230324,223418,886,224304,5282
2020-08-17,Madera,039,155013,3625,3050,20,3070,26
2020-08-17,Marin,041,260295,5914,5683,12,5695,46
2020-08-17,Mariposa,043,17540,71,61,0,61,2
2020-08-17,Mendocino,045,87422,533,454,0,454,8
2020-08-17,Merced,047,269075,7398,6814,4,6818,66
2020-08-17,Modoc,049,8938,7,5,0,5,0
2020-08-17,Mono,051,14174,162,126,2,128,1
2020-08-17,Monterey,053,433212,7252,6553,20,6573,44
2020-08-17,Napa,055,140530,1382,1255,5,1260,10
2020-08-17,Nevada,057,99092,417,383,13,396,2
2020-08-17,Orange,059,3164182,48181,43621,1054,44675,804
2020-08-17,Placer,061,380077,2844,2609,5,2614,28
2020-08-17,Plumas,063,18699,39,33,0,33,0
2020-08-17,Riverside,065,2383286,51041,48062,51,48113,916
2020-08-17,Sacramento,067,1510023,16551,14333,13,14346,219
2020-08-17,San Benito,069,59416,958,822,0,822,2
2020-08-17,San Bernardino,071,2135413,46598,42005,254,42259,604
2020-08-17,San Diego,073,3302833,36837,34962,213,35175,626
2020-08-17,San Francisco,075,870044,8869,7600,8,7608,72
2020-08-17,San Joaquin,077,732212,17385,15323,27,15350,280
2020-08-17,San Luis Obispo,079,281455,2791,2527,11,2538,18
2020-08-17,San Mateo,081,765935,7873,6987,7,6994,118
2020-08-17,Santa Barbara,083,443738,7776,7438,69,7507,80
2020-08-17,Santa Clara,085,1922200,16700,14546,34,14580,183
2020-08-17,Santa Cruz,087,273765,1708,1453,13,1466,6
2020-08-17,Shasta,089,179085,583,467,3,470,9
2020-08-17,Sierra,091,2930,6,6,0,6,0
2020-08-17,Siskiyou,093,43540,119,103,0,103,0
2020-08-17,Solano,095,438530,5096,4479,30,4509,31
2020-08-17,Sonoma,097,501317,5165,4402,17,4419,48
2020-08-17,Stanislaus,099,539301,14221,12745,196,12941,148
2020-08-17,Sutter,101,95872,1197,1071,1,1072,8
2020-08-17,Tehama,103,63373,372,324,2,326,1
2020-08-17,Trinity,105,12862,41,8,6,14,0
2020-08-17,Tulare,107,460477,13614,12487,43,12530,210
2020-08-17,Tuolumne,109,53932,172,157,4,161,1
2020-08-17,Ventura,111,848112,10462,9490,56,9546,89
2020-08-17,Yolo,113,214977,2267,2083,4,2087,47
2020-08-17,Yuba,115,75493,744,647,3,650,1
2020-08-16,Alameda,001,1643700,16956,15338,113,15451,221
2020-08-16,Alpine,003,1148,2,2,0,2,0
2020-08-16,Amador,005,37829,259,215,0,215,9
2020-08-16,Butte,007,227075,1589,1432,21,1453,15
2020-08-16,Calaveras,009,45235,199,167,0,167,1
2020-08-16,Colusa,011,21464,429,407,0,407,5
2020-08-16,Contra Costa,013,1133247,13091,11255,41,11296,140
2020-08-16,Del Norte,015,27424,103,77,0,77,0
2020-08-16,El Dorado,017,186661,948,843,6,849,2
2020-08-16,Fresno,019,978130,25622,21010,251,21261,211
2020-08-16,Glenn,021,27897,422,400,0,400,2
2020-08-16,Humboldt,023,135768,347,301,1,302,4
2020-08-16,Imperial,025,180216,10937,8883,7,8890,188
2020-08-16,Inyo,027,18085,149,125,2,127,1
2020-08-16,Kern,029,883053,28411,26520,166,26686,249
2020-08-16,Kings,031,150075,5735,5146,26,5172,58
2020-08-16,Lake,033,64148,301,269,0,269,2
2020-08-16,Lassen,035,31185,711,666,2,668,0
2020-08-16,Los Angeles,037,10098052,228754,222236,856,223092,5263
2020-08-16,Madera,039,155013,3580,3013,20,3033,26
2020-08-16,Marin,041,260295,5888,5664,12,5676,46
2020-08-16,Mariposa,043,17540,71,61,0,61,2
2020-08-16,Mendocino,045,87422,525,451,0,451,8
2020-08-16,Merced,047,269075,7316,6744,4,6748,66
2020-08-16,Modoc,049,8938,7,5,0,5,0
2020-08-16,Mono,051,14174,162,126,2,128,1
2020-08-16,Monterey,053,433212,7154,6516,19,6535,44
2020-08-16,Napa,055,140530,1364,1241,3,1244,10
2020-08-16,Nevada,057,99092,408,379,13,392,2
2020-08-16,Orange,059,3164182,47932,43303,1043,44346,803
2020-08-16,Placer,061,380077,2815,2583,4,2587,28
2020-08-16,Plumas,063,18699,39,33,0,33,0
2020-08-16,Riverside,065,2383286,50710,47669,50,47719,910
2020-08-16,Sacramento,067,1510023,16311,14210,13,14223,219
2020-08-16,San Benito,069,59416,929,815,0,815,2
2020-08-16,San Bernardino,071,2135413,46174,41724,246,41970,603
2020-08-16,San Diego,073,3302833,36573,34680,198,34878,626
2020-08-16,San Francisco,075,870044,8782,7602,8,7610,72
2020-08-16,San Joaquin,077,732212,17184,15288,27,15315,280
2020-08-16,San Luis Obispo,079,281455,2762,2494,11,2505,17
2020-08-16,San Mateo,081,765935,7799,6942,7,6949,118
2020-08-16,Santa Barbara,083,443738,7727,7368,69,7437,79
2020-08-16,Santa Clara,085,1922200,16500,14329,34,14363,183
2020-08-16,Santa Cruz,087,273765,1681,1449,12,1461,6
2020-08-16,Shasta,089,179085,576,465,3,468,9
2020-08-16,Sierra,091,2930,6,6,0,6,0
2020-08-16,Siskiyou,093,43540,118,102,0,102,0
2020-08-16,Solano,095,438530,5036,4479,30,4509,31
2020-08-16,Sonoma,097,501317,5061,4329,17,4346,46
2020-08-16,Stanislaus,099,539301,14063,12668,186,12854,148
2020-08-16,Sutter,101,95872,1179,1071,1,1072,8
2020-08-16,Tehama,103,63373,363,318,2,320,1
2020-08-16,Trinity,105,12862,38,8,6,14,0
2020-08-16,Tulare,107,460477,13482,12334,40,12374,211
2020-08-16,Tuolumne,109,53932,172,156,4,160,1
2020-08-16,Ventura,111,848112,10353,9408,51,9459,89
2020-08-16,Yolo,113,214977,2248,2057,4,2061,47
2020-08-16,Yuba,115,75493,735,647,2,649,1
2020-08-15,Alameda,001,1643700,16879,15165,113,15278,221
2020-08-15,Alpine,003,1148,2,2,0,2,0
2020-08-15,Amador,005,37829,259,210,0,210,9
2020-08-15,Butte,007,227075,1567,1409,21,1430,15
2020-08-15,Calaveras,009,45235,197,167,0,167,1
2020-08-15,Colusa,011,21464,428,401,0,401,5
2020-08-15,Contra Costa,013,1133247,12995,11106,41,11147,138
2020-08-15,Del Norte,015,27424,103,77,0,77,0
2020-08-15,El Dorado,017,186661,943,838,6,844,2
2020-08-15,Fresno,019,978130,25506,20603,249,20852,211
2020-08-15,Glenn,021,27897,422,398,0,398,2
2020-08-15,Humboldt,023,135768,346,301,1,302,4
2020-08-15,Imperial,025,180216,10917,8794,7,8801,188
2020-08-15,Inyo,027,18085,149,123,2,125,1
2020-08-15,Kern,029,883053,28323,26338,166,26504,249
2020-08-15,Kings,031,150075,5717,5039,26,5065,56
2020-08-15,Lake,033,64148,299,268,0,268,2
2020-08-15,Lassen,035,31185,711,666,2,668,0
2020-08-15,Los Angeles,037,10098052,228002,221043,846,221889,5252
2020-08-15,Madera,039,155013,3530,2950,20,2970,26
2020-08-15,Marin,041,260295,5881,5628,12,5640,46
2020-08-15,Mariposa,043,17540,71,61,0,61,2
2020-08-15,Mendocino,045,87422,521,444,0,444,8
2020-08-15,Merced,047,269075,7282,6656,4,6660,66
2020-08-15,Modoc,049,8938,7,5,0,5,0
2020-08-15,Mono,051,14174,162,126,2,128,1
2020-08-15,Monterey,053,433212,7109,6162,19,6181,44
2020-08-15,Napa,055,140530,1354,1232,3,1235,10
2020-08-15,Nevada,057,99092,408,376,13,389,2
2020-08-15,Orange,059,3164182,47819,42811,1032,43843,801
2020-08-15,Placer,061,380077,2794,2551,4,2555,27
2020-08-15,Plumas,063,18699,39,33,0,33,0
2020-08-15,Riverside,065,2383286,50559,46720,50,46770,910
2020-08-15,Sacramento,067,1510023,16201,14018,13,14031,219
2020-08-15,San Benito,069,59416,916,805,0,805,2
2020-08-15,San Bernardino,071,2135413,46022,41231,244,41475,602
2020-08-15,San Diego,073,3302833,36407,34346,184,34530,639
2020-08-15,San Francisco,075,870044,8720,7601,8,7609,69
2020-08-15,San Joaquin,077,732212,17110,15113,27,15140,280
2020-08-15,San Luis Obispo,079,281455,2745,2461,11,2472,17
2020-08-15,San Mateo,081,765935,7762,6860,7,6867,118
2020-08-15,Santa Barbara,083,443738,7699,7338,69,7407,79
2020-08-15,Santa Clara,085,1922200,16404,14105,34,14139,183
2020-08-15,Santa Cruz,087,273765,1660,1449,12,1461,6
2020-08-15,Shasta,089,179085,573,458,3,461,9
2020-08-15,Sierra,091,2930,6,6,0,6,0
2020-08-15,Siskiyou,093,43540,117,100,0,100,0
2020-08-15,Solano,095,438530,5014,4477,30,4507,31
2020-08-15,Sonoma,097,501317,5006,4134,17,4151,45
2020-08-15,Stanislaus,099,539301,13999,12541,185,12726,149
2020-08-15,Sutter,101,95872,1168,1046,1,1047,8
2020-08-15,Tehama,103,63373,362,312,2,314,1
2020-08-15,Trinity,105,12862,36,6,6,12,0
2020-08-15,Tulare,107,460477,13443,12262,40,12302,211
2020-08-15,Tuolumne,109,53932,172,155,4,159,1
2020-08-15,Ventura,111,848112,10294,9379,49,9428,89
2020-08-15,Yolo,113,214977,2236,2031,4,2035,46
2020-08-15,Yuba,115,75493,731,623,2,625,1
2020-08-14,Alameda,001,1643700,16739,14909,113,15022,221
2020-08-14,Alpine,003,1148,2,2,0,2,0
2020-08-14,Amador,005,37829,259,209,0,209,9
2020-08-14,Butte,007,227075,1559,1384,21,1405,15
2020-08-14,Calaveras,009,45235,193,165,0,165,1
2020-08-14,Colusa,011,21464,426,399,0,399,5
2020-08-14,Contra Costa,013,1133247,12883,10893,41,10934,137
2020-08-14,Del Norte,015,27424,103,76,0,76,0
2020-08-14,El Dorado,017,186661,935,827,6,833,2
2020-08-14,Fresno,019,978130,25373,19900,249,20149,208
2020-08-14,Glenn,021,27897,420,395,0,395,2
2020-08-14,Humboldt,023,135768,340,294,1,295,4
2020-08-14,Imperial,025,180216,10893,8756,7,8763,185
2020-08-14,Inyo,027,18085,148,115,2,117,1
2020-08-14,Kern,029,883053,28219,25893,165,26058,249
2020-08-14,Kings,031,150075,5703,4953,26,4979,56
2020-08-14,Lake,033,64148,290,267,0,267,2
2020-08-14,Lassen,035,31185,711,665,2,667,0
2020-08-14,Los Angeles,037,10098052,226829,219083,830,219913,5222
2020-08-14,Madera,039,155013,3500,2876,20,2896,26
2020-08-14,Marin,041,260295,5870,5601,12,5613,46
2020-08-14,Mariposa,043,17540,70,61,0,61,2
2020-08-14,Mendocino,045,87422,512,432,0,432,8
2020-08-14,Merced,047,269075,7252,6466,4,6470,67
2020-08-14,Modoc,049,8938,7,5,0,5,0
2020-08-14,Mono,051,14174,162,126,2,128,1
2020-08-14,Monterey,053,433212,7058,6121,19,6140,41
2020-08-14,Napa,055,140530,1344,1230,3,1233,10
2020-08-14,Nevada,057,99092,404,377,13,390,2
2020-08-14,Orange,059,3164182,47669,42399,1020,43419,798
2020-08-14,Placer,061,380077,2775,2546,4,2550,26
2020-08-14,Plumas,063,18699,38,33,0,33,0
2020-08-14,Riverside,065,2383286,50330,46456,50,46506,891
2020-08-14,Sacramento,067,1510023,16052,13645,13,13658,212
2020-08-14,San Benito,069,59416,899,783,0,783,2
2020-08-14,San Bernardino,071,2135413,45835,40442,241,40683,594
2020-08-14,San Diego,073,3302833,36213,34067,177,34244,622
2020-08-14,San Francisco,075,870044,8662,7467,8,7475,69
2020-08-14,San Joaquin,077,732212,17011,14925,27,14952,276
2020-08-14,San Luis Obispo,079,281455,2730,2422,11,2433,17
2020-08-14,San Mateo,081,765935,7703,6655,7,6662,118
2020-08-14,Santa Barbara,083,443738,7649,7302,69,7371,77
2020-08-14,Santa Clara,085,1922200,16234,13785,33,13818,183
2020-08-14,Santa Cruz,087,273765,1638,1418,11,1429,6
2020-08-14,Shasta,089,179085,568,446,3,449,9
2020-08-14,Sierra,091,2930,6,5,0,5,0
2020-08-14,Siskiyou,093,43540,117,98,0,98,0
2020-08-14,Solano,095,438530,4993,4421,30,4451,31
2020-08-14,Sonoma,097,501317,4947,4087,14,4101,45
2020-08-14,Stanislaus,099,539301,13921,12379,181,12560,140
2020-08-14,Sutter,101,95872,1160,1039,1,1040,8
2020-08-14,Tehama,103,63373,357,305,2,307,1
2020-08-14,Trinity,105,12862,36,6,6,12,0
2020-08-14,Tulare,107,460477,13366,12009,40,12049,211
2020-08-14,Tuolumne,109,53932,171,155,4,159,1
2020-08-14,Ventura,111,848112,10219,9313,49,9362,89
2020-08-14,Yolo,113,214977,2222,1991,4,1995,45
2020-08-14,Yuba,115,75493,715,606,2,608,1
2020-08-13,Alameda,001,1643700,16458,14385,113,14498,218
2020-08-13,Alpine,003,1148,2,2,0,2,0
2020-08-13,Amador,005,37829,259,198,0,198,8
2020-08-13,Butte,007,227075,1534,1345,21,1366,15
2020-08-13,Calaveras,009,45235,191,162,0,162,1
2020-08-13,Colusa,011,21464,426,395,0,395,5
2020-08-13,Contra Costa,013,1133247,12729,10545,40,10585,136
2020-08-13,Del Norte,015,27424,102,74,0,74,0
2020-08-13,El Dorado,017,186661,930,803,6,809,2
2020-08-13,Fresno,019,978130,25146,19157,243,19400,201
2020-08-13,Glenn,021,27897,416,392,0,392,1
2020-08-13,Humboldt,023,135768,332,281,1,282,4
2020-08-13,Imperial,025,180216,10862,8640,7,8647,170
2020-08-13,Inyo,027,18085,144,97,2,99,1
2020-08-13,Kern,029,883053,28052,25472,162,25634,242
2020-08-13,Kings,031,150075,5668,4824,26,4850,52
2020-08-13,Lake,033,64148,285,263,0,263,2
2020-08-13,Lassen,035,31185,711,652,2,654,0
2020-08-13,Los Angeles,037,10098052,225447,216497,808,217305,5179
2020-08-13,Madera,039,155013,3456,2675,19,2694,25
2020-08-13,Marin,041,260295,5854,5503,12,5515,44
2020-08-13,Mariposa,043,17540,69,61,0,61,2
2020-08-13,Mendocino,045,87422,507,401,0,401,8
2020-08-13,Merced,047,269075,7135,5945,4,5949,63
2020-08-13,Modoc,049,8938,7,5,0,5,0
2020-08-13,Mono,051,14174,162,124,2,126,1
2020-08-13,Monterey,053,433212,6975,5925,19,5944,38
2020-08-13,Napa,055,140530,1335,1179,3,1182,10
2020-08-13,Nevada,057,99092,400,362,13,375,1
2020-08-13,Orange,059,3164182,47430,42019,1009,43028,773
2020-08-13,Placer,061,380077,2752,2460,4,2464,26
2020-08-13,Plumas,063,18699,38,32,0,32,0
2020-08-13,Riverside,065,2383286,50034,45327,50,45377,885
2020-08-13,Sacramento,067,1510023,15849,13237,13,13250,197
2020-08-13,San Benito,069,59416,870,757,0,757,2
2020-08-13,San Bernardino,071,2135413,45440,39395,234,39629,591
2020-08-13,San Diego,073,3302833,35977,33661,159,33820,627
2020-08-13,San Francisco,075,870044,8568,7277,8,7285,69
2020-08-13,San Joaquin,077,732212,16854,14537,26,14563,261
2020-08-13,San Luis Obispo,079,281455,2708,2283,11,2294,16
2020-08-13,San Mateo,081,765935,7641,6503,7,6510,117
2020-08-13,Santa Barbara,083,443738,7604,7129,68,7197,74
2020-08-13,Santa Clara,085,1922200,16012,13257,33,13290,182
2020-08-13,Santa Cruz,087,273765,1613,1383,11,1394,6
2020-08-13,Shasta,089,179085,563,428,3,431,9
2020-08-13,Sierra,091,2930,6,5,0,5,0
2020-08-13,Siskiyou,093,43540,117,95,0,95,0
2020-08-13,Solano,095,438530,4955,4305,30,4335,31
2020-08-13,Sonoma,097,501317,4873,3902,14,3916,45
2020-08-13,Stanislaus,099,539301,13792,11953,165,12118,136
2020-08-13,Sutter,101,95872,1138,992,1,993,8
2020-08-13,Tehama,103,63373,348,302,2,304,1
2020-08-13,Trinity,105,12862,35,6,6,12,0
2020-08-13,Tulare,107,460477,13222,11692,37,11729,210
2020-08-13,Tuolumne,109,53932,170,152,4,156,1
2020-08-13,Ventura,111,848112,10130,9114,49,9163,90
2020-08-13,Yolo,113,214977,2195,1938,4,1942,44
2020-08-13,Yuba,115,75493,699,568,2,570,1
2020-08-12,Alameda,001,1643700,16245,14214,113,14327,215
2020-08-12,Alpine,003,1148,2,2,0,2,0
2020-08-12,Amador,005,37829,256,197,0,197,8
2020-08-12,Butte,007,227075,1506,1317,21,1338,15
2020-08-12,Calaveras,009,45235,188,157,0,157,1
2020-08-12,Colusa,011,21464,421,394,0,394,5
2020-08-12,Contra Costa,013,1133247,12584,10304,39,10343,134
2020-08-12,Del Norte,015,27424,101,74,0,74,0
2020-08-12,El Dorado,017,186661,912,794,6,800,2
2020-08-12,Fresno,019,978130,24915,18690,237,18927,194
2020-08-12,Glenn,021,27897,413,388,0,388,1
2020-08-12,Humboldt,023,135768,325,281,1,282,4
2020-08-12,Imperial,025,180216,10839,8566,7,8573,167
2020-08-12,Inyo,027,18085,127,97,2,99,1
2020-08-12,Kern,029,883053,27860,25191,160,25351,232
2020-08-12,Kings,031,150075,5629,4736,26,4762,50
2020-08-12,Lake,033,64148,283,253,0,253,2
2020-08-12,Lassen,035,31185,710,651,2,653,0
2020-08-12,Los Angeles,037,10098052,224049,214542,793,215335,5119
2020-08-12,Madera,039,155013,3422,2681,17,2698,23
2020-08-12,Marin,041,260295,5832,5423,12,5435,44
2020-08-12,Mariposa,043,17540,69,61,0,61,2
2020-08-12,Mendocino,045,87422,488,386,0,386,9
2020-08-12,Merced,047,269075,7073,5777,4,5781,66
2020-08-12,Modoc,049,8938,7,5,0,5,0
2020-08-12,Mono,051,14174,161,124,2,126,1
2020-08-12,Monterey,053,433212,6871,5919,19,5938,38
2020-08-12,Napa,055,140530,1325,1161,3,1164,10
2020-08-12,Nevada,057,99092,395,357,13,370,1
2020-08-12,Orange,059,3164182,47179,41576,985,42561,754
2020-08-12,Placer,061,380077,2720,2417,4,2421,25
2020-08-12,Plumas,063,18699,38,31,0,31,0
2020-08-12,Riverside,065,2383286,49686,44747,50,44797,867
2020-08-12,Sacramento,067,1510023,15637,12528,13,12541,189
2020-08-12,San Benito,069,59416,857,751,0,751,2
2020-08-12,San Bernardino,071,2135413,45096,38811,225,39036,589
2020-08-12,San Diego,073,3302833,35768,33395,139,33534,608
2020-08-12,San Francisco,075,870044,8485,7194,8,7202,66
2020-08-12,San Joaquin,077,732212,16706,14154,26,14180,253
2020-08-12,San Luis Obispo,079,281455,2683,2263,11,2274,15
2020-08-12,San Mateo,081,765935,7562,6427,7,6434,117
2020-08-12,Santa Barbara,083,443738,7544,7049,66,7115,74
2020-08-12,Santa Clara,085,1922200,15837,13002,33,13035,182
2020-08-12,Santa Cruz,087,273765,1584,1382,10,1392,6
2020-08-12,Shasta,089,179085,559,417,3,420,9
2020-08-12,Sierra,091,2930,5,4,0,4,0
2020-08-12,Siskiyou,093,43540,116,90,0,90,0
2020-08-12,Solano,095,438530,4910,4258,30,4288,31
2020-08-12,Sonoma,097,501317,4799,3847,14,3861,47
2020-08-12,Stanislaus,099,539301,13652,11682,158,11840,136
2020-08-12,Sutter,101,95872,1114,987,1,988,7
2020-08-12,Tehama,103,63373,338,289,2,291,1
2020-08-12,Trinity,105,12862,34,6,6,12,0
2020-08-12,Tulare,107,460477,13094,11460,37,11497,211
2020-08-12,Tuolumne,109,53932,169,150,4,154,1
2020-08-12,Ventura,111,848112,10043,9005,49,9054,87
2020-08-12,Yolo,113,214977,2171,1921,4,1925,44
2020-08-12,Yuba,115,75493,677,549,1,550,1
2020-08-11,Alameda,001,1643700,15984,13960,110,14070,204
2020-08-11,Alpine,003,1148,2,2,0,2,0
2020-08-11,Amador,005,37829,250,187,0,187,3
2020-08-11,Butte,007,227075,1478,1296,21,1317,15
2020-08-11,Calaveras,009,45235,186,161,0,161,1
2020-08-11,Colusa,011,21464,416,390,0,390,5
2020-08-11,Contra Costa,013,1133247,12395,10012,37,10049,131
2020-08-11,Del Norte,015,27424,100,73,0,73,0
2020-08-11,El Dorado,017,186661,905,786,5,791,2
2020-08-11,Fresno,019,978130,24592,18344,234,18578,187
2020-08-11,Glenn,021,27897,411,380,0,380,1
2020-08-11,Humboldt,023,135768,320,283,1,284,4
2020-08-11,Imperial,025,180216,10784,8518,7,8525,165
2020-08-11,Inyo,027,18085,122,97,2,99,1
2020-08-11,Kern,029,883053,27525,25042,158,25200,230
2020-08-11,Kings,031,150075,5438,4696,26,4722,50
2020-08-11,Lake,033,64148,280,243,0,243,2
2020-08-11,Lassen,035,31185,704,605,2,607,0
2020-08-11,Los Angeles,037,10098052,222548,212421,769,213190,5065
2020-08-11,Madera,039,155013,3368,2673,17,2690,22
2020-08-11,Marin,041,260295,5805,5287,11,5298,44
2020-08-11,Mariposa,043,17540,68,60,0,60,2
2020-08-11,Mendocino,045,87422,478,385,0,385,9
2020-08-11,Merced,047,269075,6978,5322,3,5325,65
2020-08-11,Modoc,049,8938,7,5,0,5,0
2020-08-11,Mono,051,14174,161,124,2,126,1
2020-08-11,Monterey,053,433212,6762,5624,19,5643,36
2020-08-11,Napa,055,140530,1314,1143,2,1145,11
2020-08-11,Nevada,057,99092,392,358,13,371,1
2020-08-11,Orange,059,3164182,46958,41205,964,42169,742
2020-08-11,Placer,061,380077,2688,2393,4,2397,24
2020-08-11,Plumas,063,18699,38,31,0,31,0
2020-08-11,Riverside,065,2383286,49329,44237,50,44287,836
2020-08-11,Sacramento,067,1510023,15346,12298,13,12311,182
2020-08-11,San Benito,069,59416,845,750,0,750,2
2020-08-11,San Bernardino,071,2135413,44756,38467,218,38685,584
2020-08-11,San Diego,073,3302833,35501,33159,120,33279,602
2020-08-11,San Francisco,075,870044,8389,6988,8,6996,66
2020-08-11,San Joaquin,077,732212,16528,13997,21,14018,251
2020-08-11,San Luis Obispo,079,281455,2626,2234,11,2245,15
2020-08-11,San Mateo,081,765935,7488,6339,7,6346,117
2020-08-11,Santa Barbara,083,443738,7495,6942,66,7008,70
2020-08-11,Santa Clara,085,1922200,15616,12920,33,12953,183
2020-08-11,Santa Cruz,087,273765,1561,1352,10,1362,4
2020-08-11,Shasta,089,179085,555,416,3,419,9
2020-08-11,Sierra,091,2930,5,4,0,4,0
2020-08-11,Siskiyou,093,43540,116,90,0,90,0
2020-08-11,Solano,095,438530,4862,4206,29,4235,31
2020-08-11,Sonoma,097,501317,4704,3752,14,3766,45
2020-08-11,Stanislaus,099,539301,13548,11592,146,11738,128
2020-08-11,Sutter,101,95872,1092,964,1,965,7
2020-08-11,Tehama,103,63373,334,289,2,291,1
2020-08-11,Trinity,105,12862,34,5,6,11,0
2020-08-11,Tulare,107,460477,12969,11392,36,11428,201
2020-08-11,Tuolumne,109,53932,164,146,4,150,1
2020-08-11,Ventura,111,848112,9975,8953,48,9001,88
2020-08-11,Yolo,113,214977,2149,1912,4,1916,44
2020-08-11,Yuba,115,75493,666,540,1,541,1
2020-08-10,Alameda,001,1643700,15745,13420,109,13529,203
2020-08-10,Alpine,003,1148,2,2,0,2,0
2020-08-10,Amador,005,37829,249,172,0,172,2
2020-08-10,Butte,007,227075,1454,1174,19,1193,15
2020-08-10,Calaveras,009,45235,175,121,0,121,1
2020-08-10,Colusa,011,21464,414,387,0,387,4
2020-08-10,Contra Costa,013,1133247,12242,9454,35,9489,130
2020-08-10,Del Norte,015,27424,98,69,0,69,0
2020-08-10,El Dorado,017,186661,893,771,5,776,2
2020-08-10,Fresno,019,978130,24311,17978,234,18212,183
2020-08-10,Glenn,021,27897,408,381,0,381,1
2020-08-10,Humboldt,023,135768,314,277,1,278,4
2020-08-10,Imperial,025,180216,10740,8465,7,8472,165
2020-08-10,Inyo,027,18085,122,97,2,99,1
2020-08-10,Kern,029,883053,27299,24499,157,24656,215
2020-08-10,Kings,031,150075,5332,4588,26,4614,50
2020-08-10,Lake,033,64148,273,239,0,239,2
2020-08-10,Lassen,035,31185,704,588,2,590,0
2020-08-10,Los Angeles,037,10098052,220972,211035,751,211786,5003
2020-08-10,Madera,039,155013,3335,2365,17,2382,22
2020-08-10,Marin,041,260295,5760,5242,10,5252,44
2020-08-10,Mariposa,043,17540,68,57,0,57,2
2020-08-10,Mendocino,045,87422,454,364,0,364,1
2020-08-10,Merced,047,269075,6897,4913,3,4916,51
2020-08-10,Modoc,049,8938,7,5,0,5,0
2020-08-10,Mono,051,14174,161,123,2,125,1
2020-08-10,Monterey,053,433212,6652,5358,19,5377,34
2020-08-10,Napa,055,140530,1296,1084,2,1086,8
2020-08-10,Nevada,057,99092,384,356,13,369,1
2020-08-10,Orange,059,3164182,46688,40445,946,41391,721
2020-08-10,Placer,061,380077,2649,2298,4,2302,21
2020-08-10,Plumas,063,18699,38,27,0,27,0
2020-08-10,Riverside,065,2383286,48944,43296,49,43345,830
2020-08-10,Sacramento,067,1510023,15035,12059,13,12072,168
2020-08-10,San Benito,069,59416,832,743,0,743,2
2020-08-10,San Bernardino,071,2135413,44380,37367,209,37576,579
2020-08-10,San Diego,073,3302833,35235,32977,104,33081,594
2020-08-10,San Francisco,075,870044,8299,6816,7,6823,66
2020-08-10,San Joaquin,077,732212,16344,13308,21,13329,240
2020-08-10,San Luis Obispo,079,281455,2527,2208,11,2219,15
2020-08-10,San Mateo,081,765935,7411,6222,7,6229,117
2020-08-10,Santa Barbara,083,443738,7440,6869,66,6935,66
2020-08-10,Santa Clara,085,1922200,15356,12615,32,12647,182
2020-08-10,Santa Cruz,087,273765,1541,1239,9,1248,4
2020-08-10,Shasta,089,179085,551,384,3,387,9
2020-08-10,Sierra,091,2930,5,3,0,3,0
2020-08-10,Siskiyou,093,43540,113,88,0,88,0
2020-08-10,Solano,095,438530,4802,4101,29,4130,31
2020-08-10,Sonoma,097,501317,4535,3640,10,3650,42
2020-08-10,Stanislaus,099,539301,13365,10855,130,10985,106
2020-08-10,Sutter,101,95872,1067,865,1,866,7
2020-08-10,Tehama,103,63373,327,282,2,284,1
2020-08-10,Trinity,105,12862,31,5,6,11,0
2020-08-10,Tulare,107,460477,12796,10750,34,10784,194
2020-08-10,Tuolumne,109,53932,164,143,3,146,1
2020-08-10,Ventura,111,848112,9891,8851,47,8898,85
2020-08-10,Yolo,113,214977,2126,1840,4,1844,45
2020-08-10,Yuba,115,75493,649,527,1,528,1
2020-08-09,Alameda,001,1643700,15464,13241,107,13348,203
2020-08-09,Alpine,003,1148,2,2,0,2,0
2020-08-09,Amador,005,37829,244,153,0,153,2
2020-08-09,Butte,007,227075,1411,1155,19,1174,15
2020-08-09,Calaveras,009,45235,170,122,0,122,1
2020-08-09,Colusa,011,21464,410,371,0,371,4
2020-08-09,Contra Costa,013,1133247,12015,9214,34,9248,130
2020-08-09,Del Norte,015,27424,98,69,0,69,0
2020-08-09,El Dorado,017,186661,885,748,5,753,2
2020-08-09,Fresno,019,978130,24001,17846,230,18076,183
2020-08-09,Glenn,021,27897,406,354,0,354,1
2020-08-09,Humboldt,023,135768,308,279,1,280,4
2020-08-09,Imperial,025,180216,10697,8310,6,8316,165
2020-08-09,Inyo,027,18085,117,86,1,87,1
2020-08-09,Kern,029,883053,27043,23680,157,23837,215
2020-08-09,Kings,031,150075,5289,4446,25,4471,50
2020-08-09,Lake,033,64148,266,225,0,225,2
2020-08-09,Lassen,035,31185,698,589,2,591,0
2020-08-09,Los Angeles,037,10098052,218910,208810,729,209539,4984
2020-08-09,Madera,039,155013,3277,2322,13,2335,22
2020-08-09,Marin,041,260295,5717,5204,10,5214,44
2020-08-09,Mariposa,043,17540,66,56,0,56,2
2020-08-09,Mendocino,045,87422,444,283,0,283,1
2020-08-09,Merced,047,269075,6800,4735,2,4737,51
2020-08-09,Modoc,049,8938,7,4,0,4,0
2020-08-09,Mono,051,14174,160,113,2,115,1
2020-08-09,Monterey,053,433212,6528,5199,19,5218,34
2020-08-09,Napa,055,140530,1277,1062,2,1064,8
2020-08-09,Nevada,057,99092,376,332,13,345,1
2020-08-09,Orange,059,3164182,46389,39244,931,40175,722
2020-08-09,Placer,061,380077,2620,2211,4,2215,20
2020-08-09,Plumas,063,18699,38,27,0,27,0
2020-08-09,Riverside,065,2383286,48599,41894,49,41943,828
2020-08-09,Sacramento,067,1510023,14755,11301,13,11314,167
2020-08-09,San Benito,069,59416,813,687,0,687,2
2020-08-09,San Bernardino,071,2135413,43900,36092,209,36301,579
2020-08-09,San Diego,073,3302833,34944,32749,93,32842,594
2020-08-09,San Francisco,075,870044,8184,6820,7,6827,66
2020-08-09,San Joaquin,077,732212,16139,12933,20,12953,240
2020-08-09,San Luis Obispo,079,281455,2491,2124,11,2135,15
2020-08-09,San Mateo,081,765935,7316,6094,7,6101,117
2020-08-09,Santa Barbara,083,443738,7352,6669,66,6735,66
2020-08-09,Santa Clara,085,1922200,15086,11878,32,11910,181
2020-08-09,Santa Cruz,087,273765,1517,1246,9,1255,4
2020-08-09,Shasta,089,179085,547,361,3,364,9
2020-08-09,Sierra,091,2930,5,3,0,3,0
2020-08-09,Siskiyou,093,43540,112,74,0,74,0
2020-08-09,Solano,095,438530,4749,3954,28,3982,31
2020-08-09,Sonoma,097,501317,4399,3531,8,3539,41
2020-08-09,Stanislaus,099,539301,13157,10264,117,10381,106
2020-08-09,Sutter,101,95872,1033,857,1,858,7
2020-08-09,Tehama,103,63373,319,265,2,267,1
2020-08-09,Trinity,105,12862,31,5,6,11,0
2020-08-09,Tulare,107,460477,12606,10630,31,10661,194
2020-08-09,Tuolumne,109,53932,161,143,3,146,1
2020-08-09,Ventura,111,848112,9743,8633,46,8679,85
2020-08-09,Yolo,113,214977,2095,1765,4,1769,44
2020-08-09,Yuba,115,75493,629,442,1,443,1
2020-08-08,Alameda,001,1643700,15354,13087,107,13194,204
2020-08-08,Alpine,003,1148,2,2,0,2,0
2020-08-08,Amador,005,37829,244,139,0,139,2
2020-08-08,Butte,007,227075,1393,1140,19,1159,15
2020-08-08,Calaveras,009,45235,169,122,0,122,1
2020-08-08,Colusa,011,21464,409,368,0,368,4
2020-08-08,Contra Costa,013,1133247,11906,9104,34,9138,129
2020-08-08,Del Norte,015,27424,97,69,0,69,0
2020-08-08,El Dorado,017,186661,878,734,5,739,2
2020-08-08,Fresno,019,978130,23864,17538,228,17766,183
2020-08-08,Glenn,021,27897,406,344,0,344,1
2020-08-08,Humboldt,023,135768,305,277,1,278,4
2020-08-08,Imperial,025,180216,10682,8213,6,8219,165
2020-08-08,Inyo,027,18085,113,86,1,87,1
2020-08-08,Kern,029,883053,26929,22803,157,22960,215
2020-08-08,Kings,031,150075,5275,4367,25,4392,49
2020-08-08,Lake,033,64148,264,221,0,221,2
2020-08-08,Lassen,035,31185,698,589,2,591,0
2020-08-08,Los Angeles,037,10098052,218025,206971,718,207689,4974
2020-08-08,Madera,039,155013,3246,2275,13,2288,22
2020-08-08,Marin,041,260295,5697,5118,10,5128,44
2020-08-08,Mariposa,043,17540,65,55,0,55,2
2020-08-08,Mendocino,045,87422,442,264,0,264,1
2020-08-08,Merced,047,269075,6760,4570,2,4572,51
2020-08-08,Modoc,049,8938,7,4,0,4,0
2020-08-08,Mono,051,14174,160,113,2,115,1
2020-08-08,Monterey,053,433212,6470,5101,19,5120,33
2020-08-08,Napa,055,140530,1269,1062,2,1064,8
2020-08-08,Nevada,057,99092,374,325,13,338,1
2020-08-08,Orange,059,3164182,46259,38688,922,39610,718
2020-08-08,Placer,061,380077,2604,2153,4,2157,20
2020-08-08,Plumas,063,18699,38,27,0,27,0
2020-08-08,Riverside,065,2383286,48395,41412,49,41461,823
2020-08-08,Sacramento,067,1510023,14625,11144,13,11157,166
2020-08-08,San Benito,069,59416,805,684,0,684,2
2020-08-08,San Bernardino,071,2135413,43705,35691,208,35899,531
2020-08-08,San Diego,073,3302833,34755,32332,84,32416,593
2020-08-08,San Francisco,075,870044,8118,6820,7,6827,66
2020-08-08,San Joaquin,077,732212,16058,12559,19,12578,240
2020-08-08,San Luis Obispo,079,281455,2468,2081,11,2092,15
2020-08-08,San Mateo,081,765935,7258,6021,7,6028,117
2020-08-08,Santa Barbara,083,443738,7314,6598,66,6664,66
2020-08-08,Santa Clara,085,1922200,14934,11615,32,11647,181
2020-08-08,Santa Cruz,087,273765,1503,1247,9,1256,4
2020-08-08,Shasta,089,179085,545,343,3,346,9
2020-08-08,Sierra,091,2930,5,3,0,3,0
2020-08-08,Siskiyou,093,43540,112,73,0,73,0
2020-08-08,Solano,095,438530,4728,3889,27,3916,31
2020-08-08,Sonoma,097,501317,4368,3399,8,3407,41
2020-08-08,Stanislaus,099,539301,13082,9963,112,10075,105
2020-08-08,Sutter,101,95872,1023,830,1,831,7
2020-08-08,Tehama,103,63373,318,251,2,253,1
2020-08-08,Trinity,105,12862,31,5,6,11,0
2020-08-08,Tulare,107,460477,12531,10505,31,10536,192
2020-08-08,Tuolumne,109,53932,161,143,3,146,1
2020-08-08,Ventura,111,848112,9688,8462,45,8507,85
2020-08-08,Yolo,113,214977,2082,1725,4,1729,44
2020-08-08,Yuba,115,75493,620,430,1,431,1
2020-08-07,Alameda,001,1643700,15244,12805,107,12912,204
2020-08-07,Alpine,003,1148,2,2,0,2,0
2020-08-07,Amador,005,37829,242,125,0,125,2
2020-08-07,Butte,007,227075,1375,1092,19,1111,13
2020-08-07,Calaveras,009,45235,169,119,0,119,1
2020-08-07,Colusa,011,21464,408,358,0,358,4
2020-08-07,Contra Costa,013,1133247,11758,8810,34,8844,126
2020-08-07,Del Norte,015,27424,97,69,0,69,0
2020-08-07,El Dorado,017,186661,873,724,5,729,2
2020-08-07,Fresno,019,978130,23704,17290,228,17518,171
2020-08-07,Glenn,021,27897,405,339,0,339,1
2020-08-07,Humboldt,023,135768,301,274,1,275,4
2020-08-07,Imperial,025,180216,10657,8085,6,8091,164
2020-08-07,Inyo,027,18085,112,81,1,82,1
2020-08-07,Kern,029,883053,26803,22143,155,22298,206
2020-08-07,Kings,031,150075,5258,4315,25,4340,48
2020-08-07,Lake,033,64148,262,215,0,215,1
2020-08-07,Lassen,035,31185,697,588,2,590,0
2020-08-07,Los Angeles,037,10098052,216558,204406,707,205113,4924
2020-08-07,Madera,039,155013,3214,2245,13,2258,20
2020-08-07,Marin,041,260295,5668,5094,10,5104,43
2020-08-07,Mariposa,043,17540,65,53,0,53,2
2020-08-07,Mendocino,045,87422,428,262,0,262,1
2020-08-07,Merced,047,269075,6717,4358,2,4360,30
2020-08-07,Modoc,049,8938,7,4,0,4,0
2020-08-07,Mono,051,14174,160,112,2,114,1
2020-08-07,Monterey,053,433212,6395,5041,19,5060,33
2020-08-07,Napa,055,140530,1264,1055,2,1057,8
2020-08-07,Nevada,057,99092,371,324,13,337,1
2020-08-07,Orange,059,3164182,46048,38459,905,39364,701
2020-08-07,Placer,061,380077,2586,2078,4,2082,20
2020-08-07,Plumas,063,18699,38,25,0,25,0
2020-08-07,Riverside,065,2383286,48131,40902,48,40950,810
2020-08-07,Sacramento,067,1510023,14480,10798,13,10811,160
2020-08-07,San Benito,069,59416,799,647,0,647,2
2020-08-07,San Bernardino,071,2135413,43458,35200,207,35407,524
2020-08-07,San Diego,073,3302833,34570,31781,81,31862,586
2020-08-07,San Francisco,075,870044,8040,6765,7,6772,66
2020-08-07,San Joaquin,077,732212,15971,12392,19,12411,223
2020-08-07,San Luis Obispo,079,281455,2437,2050,11,2061,14
2020-08-07,San Mateo,081,765935,7198,5948,7,5955,117
2020-08-07,Santa Barbara,083,443738,7263,6509,66,6575,66
2020-08-07,Santa Clara,085,1922200,14735,11409,32,11441,180
2020-08-07,Santa Cruz,087,273765,1485,1234,9,1243,5
2020-08-07,Shasta,089,179085,540,342,3,345,9
2020-08-07,Sierra,091,2930,5,3,0,3,0
2020-08-07,Siskiyou,093,43540,109,73,0,73,0
2020-08-07,Solano,095,438530,4696,3844,26,3870,31
2020-08-07,Sonoma,097,501317,4304,3329,8,3337,34
2020-08-07,Stanislaus,099,539301,12960,9665,102,9767,98
2020-08-07,Sutter,101,95872,1019,807,1,808,6
2020-08-07,Tehama,103,63373,314,246,2,248,1
2020-08-07,Trinity,105,12862,30,5,6,11,0
2020-08-07,Tulare,107,460477,12454,10292,31,10323,195
2020-08-07,Tuolumne,109,53932,160,136,3,139,1
2020-08-07,Ventura,111,848112,9628,8356,43,8399,84
2020-08-07,Yolo,113,214977,2055,1689,4,1693,37
2020-08-07,Yuba,115,75493,615,413,1,414,1
2020-08-06,Alameda,001,1643700,15023,12474,106,12580,200
2020-08-06,Alpine,003,1148,2,2,0,2,0
2020-08-06,Amador,005,37829,228,125,0,125,0
2020-08-06,Butte,007,227075,1356,1060,19,1079,13
2020-08-06,Calaveras,009,45235,166,117,0,117,1
2020-08-06,Colusa,011,21464,405,358,0,358,3
2020-08-06,Contra Costa,013,1133247,11564,8583,33,8616,124
2020-08-06,Del Norte,015,27424,97,69,0,69,0
2020-08-06,El Dorado,017,186661,862,703,5,708,1
2020-08-06,Fresno,019,978130,23406,17031,221,17252,161
2020-08-06,Glenn,021,27897,400,332,0,332,1
2020-08-06,Humboldt,023,135768,296,266,1,267,4
2020-08-06,Imperial,025,180216,10614,8064,6,8070,163
2020-08-06,Inyo,027,18085,104,83,1,84,1
2020-08-06,Kern,029,883053,26567,21843,154,21997,197
2020-08-06,Kings,031,150075,5196,4264,24,4288,47
2020-08-06,Lake,033,64148,259,209,0,209,1
2020-08-06,Lassen,035,31185,695,588,2,590,0
2020-08-06,Los Angeles,037,10098052,214485,201372,691,202063,4874
2020-08-06,Madera,039,155013,3166,2240,12,2252,19
2020-08-06,Marin,041,260295,5636,5058,10,5068,43
2020-08-06,Mariposa,043,17540,64,52,0,52,2
2020-08-06,Mendocino,045,87422,414,260,0,260,1
2020-08-06,Merced,047,269075,6615,4235,2,4237,30
2020-08-06,Modoc,049,8938,7,4,0,4,0
2020-08-06,Mono,051,14174,159,111,2,113,1
2020-08-06,Monterey,053,433212,6286,5001,18,5019,33
2020-08-06,Napa,055,140530,1250,1032,2,1034,8
2020-08-06,Nevada,057,99092,366,321,13,334,1
2020-08-06,Orange,059,3164182,45756,38399,900,39299,694
2020-08-06,Placer,061,380077,2560,2045,4,2049,20
2020-08-06,Plumas,063,18699,37,25,0,25,0
2020-08-06,Riverside,065,2383286,47737,40269,48,40317,781
2020-08-06,Sacramento,067,1510023,14252,10548,13,10561,153
2020-08-06,San Benito,069,59416,791,626,0,626,2
2020-08-06,San Bernardino,071,2135413,43052,34819,205,35024,516
2020-08-06,San Diego,073,3302833,34303,31129,74,31203,583
2020-08-06,San Francisco,075,870044,7947,6737,6,6743,60
2020-08-06,San Joaquin,077,732212,15812,12269,19,12288,203
2020-08-06,San Luis Obispo,079,281455,2413,2000,10,2010,13
2020-08-06,San Mateo,081,765935,7098,5885,7,5892,117
2020-08-06,Santa Barbara,083,443738,7203,6620,66,6686,65
2020-08-06,Santa Clara,085,1922200,14506,11280,32,11312,178
2020-08-06,Santa Cruz,087,273765,1464,1215,9,1224,4
2020-08-06,Shasta,089,179085,531,343,3,346,9
2020-08-06,Sierra,091,2930,5,3,0,3,0
2020-08-06,Siskiyou,093,43540,109,73,0,73,0
2020-08-06,Solano,095,438530,4652,3784,26,3810,29
2020-08-06,Sonoma,097,501317,4240,3259,8,3267,33
2020-08-06,Stanislaus,099,539301,12810,9566,86,9652,98
2020-08-06,Sutter,101,95872,988,797,1,798,6
2020-08-06,Tehama,103,63373,311,242,2,244,1
2020-08-06,Trinity,105,12862,27,5,6,11,0
2020-08-06,Tulare,107,460477,12294,10169,31,10200,195
2020-08-06,Tuolumne,109,53932,159,136,3,139,1
2020-08-06,Ventura,111,848112,9513,8245,40,8285,80
2020-08-06,Yolo,113,214977,2031,1662,4,1666,36
2020-08-06,Yuba,115,75493,606,407,0,407,1
2020-08-05,Alameda,001,1643700,14808,12140,106,12246,193
2020-08-05,Alpine,003,1148,2,2,0,2,0
2020-08-05,Amador,005,37829,218,123,0,123,0
2020-08-05,Butte,007,227075,1322,1038,18,1056,13
2020-08-05,Calaveras,009,45235,163,116,0,116,1
2020-08-05,Colusa,011,21464,401,354,0,354,3
2020-08-05,Contra Costa,013,1133247,11395,8362,33,8395,122
2020-08-05,Del Norte,015,27424,96,69,0,69,0
2020-08-05,El Dorado,017,186661,854,692,5,697,1
2020-08-05,Fresno,019,978130,23162,16625,216,16841,159
2020-08-05,Glenn,021,27897,397,330,0,330,1
2020-08-05,Humboldt,023,135768,294,249,1,250,4
2020-08-05,Imperial,025,180216,10579,8036,6,8042,163
2020-08-05,Inyo,027,18085,102,62,1,63,1
2020-08-05,Kern,029,883053,26379,21540,149,21689,194
2020-08-05,Kings,031,150075,5151,4192,23,4215,47
2020-08-05,Lake,033,64148,252,209,0,209,1
2020-08-05,Lassen,035,31185,648,557,2,559,0
2020-08-05,Los Angeles,037,10098052,212564,198355,671,199026,4832
2020-08-05,Madera,039,155013,3124,2172,12,2184,19
2020-08-05,Marin,041,260295,5604,5036,10,5046,43
2020-08-05,Mariposa,043,17540,64,52,0,52,2
2020-08-05,Mendocino,045,87422,402,248,0,248,1
2020-08-05,Merced,047,269075,6480,4119,2,4121,30
2020-08-05,Modoc,049,8938,7,3,0,3,0
2020-08-05,Mono,051,14174,159,104,2,106,1
2020-08-05,Monterey,053,433212,6171,4936,18,4954,32
2020-08-05,Napa,055,140530,1238,1020,2,1022,8
2020-08-05,Nevada,057,99092,357,327,13,340,2
2020-08-05,Orange,059,3164182,45447,37907,892,38799,663
2020-08-05,Placer,061,380077,2519,1989,4,1993,18
2020-08-05,Plumas,063,18699,36,25,0,25,0
2020-08-05,Riverside,065,2383286,47345,39454,46,39500,761
2020-08-05,Sacramento,067,1510023,14034,10261,12,10273,151
2020-08-05,San Benito,069,59416,782,613,0,613,2
2020-08-05,San Bernardino,071,2135413,42590,34442,200,34642,504
2020-08-05,San Diego,073,3302833,34079,30866,58,30924,578
2020-08-05,San Francisco,075,870044,7854,6701,6,6707,60
2020-08-05,San Joaquin,077,732212,15651,12148,19,12167,199
2020-08-05,San Luis Obispo,079,281455,2389,1928,10,1938,13
2020-08-05,San Mateo,081,765935,7003,5695,7,5702,116
2020-08-05,Santa Barbara,083,443738,7143,6597,66,6663,63
2020-08-05,Santa Clara,085,1922200,14272,11074,32,11106,176
2020-08-05,Santa Cruz,087,273765,1444,1192,7,1199,4
2020-08-05,Shasta,089,179085,525,338,3,341,9
2020-08-05,Sierra,091,2930,5,3,0,3,0
2020-08-05,Siskiyou,093,43540,105,72,0,72,0
2020-08-05,Solano,095,438530,4601,3750,25,3775,29
2020-08-05,Sonoma,097,501317,4157,3173,8,3181,33
2020-08-05,Stanislaus,099,539301,12651,9408,81,9489,97
2020-08-05,Sutter,101,95872,977,780,1,781,6
2020-08-05,Tehama,103,63373,308,231,2,233,1
2020-08-05,Trinity,105,12862,27,5,6,11,0
2020-08-05,Tulare,107,460477,12152,9924,31,9955,192
2020-08-05,Tuolumne,109,53932,159,137,3,140,0
2020-08-05,Ventura,111,848112,9397,8162,36,8198,75
2020-08-05,Yolo,113,214977,2003,1634,4,1638,36
2020-08-05,Yuba,115,75493,589,400,0,400,1
2020-08-04,Alameda,001,1643700,14589,11983,105,12088,192
2020-08-04,Alpine,003,1148,2,2,0,2,0
2020-08-04,Amador,005,37829,203,123,0,123,0
2020-08-04,Butte,007,227075,1298,1011,18,1029,10
2020-08-04,Calaveras,009,45235,159,116,0,116,1
2020-08-04,Colusa,011,21464,396,354,0,354,3
2020-08-04,Contra Costa,013,1133247,11228,8210,33,8243,122
2020-08-04,Del Norte,015,27424,94,69,0,69,0
2020-08-04,El Dorado,017,186661,844,668,5,673,1
2020-08-04,Fresno,019,978130,22877,16272,209,16481,154
2020-08-04,Glenn,021,27897,396,325,0,325,1
2020-08-04,Humboldt,023,135768,284,241,1,242,4
2020-08-04,Imperial,025,180216,10542,7974,6,7980,163
2020-08-04,Inyo,027,18085,88,59,1,60,1
2020-08-04,Kern,029,883053,26096,21403,149,21552,190
2020-08-04,Kings,031,150075,5086,4163,23,4186,47
2020-08-04,Lake,033,64148,252,206,0,206,1
2020-08-04,Lassen,035,31185,645,556,2,558,0
2020-08-04,Los Angeles,037,10098052,210624,196014,644,196658,4764
2020-08-04,Madera,039,155013,3081,2161,8,2169,19
2020-08-04,Marin,041,260295,5573,5020,9,5029,43
2020-08-04,Mariposa,043,17540,64,51,0,51,2
2020-08-04,Mendocino,045,87422,377,248,0,248,1
2020-08-04,Merced,047,269075,6366,4085,2,4087,30
2020-08-04,Modoc,049,8938,7,3,0,3,0
2020-08-04,Mono,051,14174,158,104,1,105,1
2020-08-04,Monterey,053,433212,6057,4892,18,4910,32
2020-08-04,Napa,055,140530,1225,994,0,994,8
2020-08-04,Nevada,057,99092,356,322,13,335,2
2020-08-04,Orange,059,3164182,45071,37844,886,38730,659
2020-08-04,Placer,061,380077,2482,1964,4,1968,17
2020-08-04,Plumas,063,18699,36,25,0,25,0
2020-08-04,Riverside,065,2383286,46960,38991,45,39036,743
2020-08-04,Sacramento,067,1510023,13816,10205,12,10217,146
2020-08-04,San Benito,069,59416,766,608,0,608,2
2020-08-04,San Bernardino,071,2135413,42040,34215,195,34410,495
2020-08-04,San Diego,073,3302833,33786,30518,46,30564,568
2020-08-04,San Francisco,075,870044,7766,6568,6,6574,60
2020-08-04,San Joaquin,077,732212,15523,12087,16,12103,189
2020-08-04,San Luis Obispo,079,281455,2359,1886,10,1896,13
2020-08-04,San Mateo,081,765935,6897,5690,7,5697,116
2020-08-04,Santa Barbara,083,443738,7083,6591,66,6657,61
2020-08-04,Santa Clara,085,1922200,13970,10986,31,11017,175
2020-08-04,Santa Cruz,087,273765,1425,1202,7,1209,4
2020-08-04,Shasta,089,179085,519,335,3,338,9
2020-08-04,Sierra,091,2930,5,1,0,1,0
2020-08-04,Siskiyou,093,43540,103,71,0,71,0
2020-08-04,Solano,095,438530,4530,3690,25,3715,29
2020-08-04,Sonoma,097,501317,4090,3108,8,3116,33
2020-08-04,Stanislaus,099,539301,12482,9359,74,9433,97
2020-08-04,Sutter,101,95872,963,761,1,762,6
2020-08-04,Tehama,103,63373,301,226,2,228,1
2020-08-04,Trinity,105,12862,27,5,6,11,0
2020-08-04,Tulare,107,460477,11972,9866,31,9897,192
2020-08-04,Tuolumne,109,53932,158,127,3,130,0
2020-08-04,Ventura,111,848112,9283,8134,34,8168,75
2020-08-04,Yolo,113,214977,1977,1626,4,1630,37
2020-08-04,Yuba,115,75493,574,398,0,398,1
2020-08-03,Alameda,001,1643700,14407,11817,102,11919,189
2020-08-03,Alpine,003,1148,2,2,0,2,0
2020-08-03,Amador,005,37829,199,119,0,119,0
2020-08-03,Butte,007,227075,1252,989,17,1006,9
2020-08-03,Calaveras,009,45235,156,117,0,117,1
2020-08-03,Colusa,011,21464,392,336,0,336,2
2020-08-03,Contra Costa,013,1133247,11031,8069,30,8099,120
2020-08-03,Del Norte,015,27424,90,68,0,68,0
2020-08-03,El Dorado,017,186661,833,645,5,650,1
2020-08-03,Fresno,019,978130,22583,15945,203,16148,151
2020-08-03,Glenn,021,27897,389,316,0,316,1
2020-08-03,Humboldt,023,135768,277,234,1,235,4
2020-08-03,Imperial,025,180216,10487,7953,6,7959,161
2020-08-03,Inyo,027,18085,85,57,1,58,1
2020-08-03,Kern,029,883053,25729,21285,142,21427,176
2020-08-03,Kings,031,150075,4974,4107,22,4129,47
2020-08-03,Lake,033,64148,245,201,0,201,1
2020-08-03,Lassen,035,31185,645,555,2,557,0
2020-08-03,Los Angeles,037,10098052,208586,194103,616,194719,4706
2020-08-03,Madera,039,155013,3032,2143,7,2150,18
2020-08-03,Marin,041,260295,5526,5001,9,5010,43
2020-08-03,Mariposa,043,17540,63,52,0,52,2
2020-08-03,Mendocino,045,87422,354,248,0,248,1
2020-08-03,Merced,047,269075,6244,4028,2,4030,29
2020-08-03,Modoc,049,8938,7,2,0,2,0
2020-08-03,Mono,051,14174,158,104,1,105,1
2020-08-03,Monterey,053,433212,5906,4806,15,4821,28
2020-08-03,Napa,055,140530,1211,973,0,973,8
2020-08-03,Nevada,057,99092,352,315,13,328,2
2020-08-03,Orange,059,3164182,44677,37705,876,38581,651
2020-08-03,Placer,061,380077,2426,1947,3,1950,16
2020-08-03,Plumas,063,18699,36,25,0,25,0
2020-08-03,Riverside,065,2383286,46492,38642,45,38687,740
2020-08-03,Sacramento,067,1510023,13621,10143,12,10155,142
2020-08-03,San Benito,069,59416,754,603,0,603,2
2020-08-03,San Bernardino,071,2135413,41515,33979,189,34168,444
2020-08-03,San Diego,073,3302833,33472,30228,36,30264,565
2020-08-03,San Francisco,075,870044,7672,6319,6,6325,60
2020-08-03,San Joaquin,077,732212,15326,12007,15,12022,189
2020-08-03,San Luis Obispo,079,281455,2317,1863,8,1871,14
2020-08-03,San Mateo,081,765935,6816,5661,7,5668,115
2020-08-03,Santa Barbara,083,443738,7039,6580,66,6646,59
2020-08-03,Santa Clara,085,1922200,13693,10747,31,10778,172
2020-08-03,Santa Cruz,087,273765,1405,1154,7,1161,4
2020-08-03,Shasta,089,179085,512,322,3,325,9
2020-08-03,Sierra,091,2930,5,1,0,1,0
2020-08-03,Siskiyou,093,43540,99,67,0,67,0
2020-08-03,Solano,095,438530,4461,3610,24,3634,29
2020-08-03,Sonoma,097,501317,3989,3079,7,3086,33
2020-08-03,Stanislaus,099,539301,12273,9308,66,9374,96
2020-08-03,Sutter,101,95872,939,713,1,714,6
2020-08-03,Tehama,103,63373,293,225,2,227,1
2020-08-03,Trinity,105,12862,27,5,6,11,0
2020-08-03,Tulare,107,460477,11788,9703,31,9734,188
2020-08-03,Tuolumne,109,53932,158,123,3,126,0
2020-08-03,Ventura,111,848112,9192,8084,31,8115,74
2020-08-03,Yolo,113,214977,1942,1598,3,1601,37
2020-08-03,Yuba,115,75493,550,393,0,393,1
2020-08-02,Alameda,001,1643700,14160,11696,90,11786,188
2020-08-02,Alpine,003,1148,2,2,0,2,0
2020-08-02,Amador,005,37829,194,117,0,117,0
2020-08-02,Butte,007,227075,1217,987,17,1004,9
2020-08-02,Calaveras,009,45235,153,116,0,116,1
2020-08-02,Colusa,011,21464,387,335,0,335,2
2020-08-02,Contra Costa,013,1133247,10792,7995,30,8025,118
2020-08-02,Del Norte,015,27424,89,68,0,68,0
2020-08-02,El Dorado,017,186661,823,643,5,648,1
2020-08-02,Fresno,019,978130,22308,15759,197,15956,151
2020-08-02,Glenn,021,27897,388,315,0,315,1
2020-08-02,Humboldt,023,135768,272,232,1,233,4
2020-08-02,Imperial,025,180216,10424,7919,6,7925,157
2020-08-02,Inyo,027,18085,84,45,1,46,1
2020-08-02,Kern,029,883053,25431,21162,140,21302,176
2020-08-02,Kings,031,150075,4912,3964,21,3985,47
2020-08-02,Lake,033,64148,240,201,0,201,1
2020-08-02,Lassen,035,31185,645,555,2,557,0
2020-08-02,Los Angeles,037,10098052,206493,192480,598,193078,4698
2020-08-02,Madera,039,155013,2966,2123,5,2128,18
2020-08-02,Marin,041,260295,5491,4985,9,4994,43
2020-08-02,Mariposa,043,17540,61,52,0,52,2
2020-08-02,Mendocino,045,87422,344,247,0,247,1
2020-08-02,Merced,047,269075,6103,4011,2,4013,29
2020-08-02,Modoc,049,8938,7,2,0,2,0
2020-08-02,Mono,051,14174,151,104,1,105,1
2020-08-02,Monterey,053,433212,5780,4698,15,4713,28
2020-08-02,Napa,055,140530,1196,956,0,956,8
2020-08-02,Nevada,057,99092,349,314,13,327,2
2020-08-02,Orange,059,3164182,44296,37266,865,38131,651
2020-08-02,Placer,061,380077,2387,1920,3,1923,15
2020-08-02,Plumas,063,18699,36,25,0,25,0
2020-08-02,Riverside,065,2383286,46059,38507,44,38551,735
2020-08-02,Sacramento,067,1510023,13342,10099,12,10111,142
2020-08-02,San Benito,069,59416,740,599,0,599,2
2020-08-02,San Bernardino,071,2135413,40913,33643,185,33828,443
2020-08-02,San Diego,073,3302833,33132,29885,27,29912,565
2020-08-02,San Francisco,075,870044,7554,6297,6,6303,60
2020-08-02,San Joaquin,077,732212,15045,11937,13,11950,189
2020-08-02,San Luis Obispo,079,281455,2254,1821,8,1829,14
2020-08-02,San Mateo,081,765935,6701,5618,7,5625,115
2020-08-02,Santa Barbara,083,443738,6949,6532,66,6598,59
2020-08-02,Santa Clara,085,1922200,13473,10577,31,10608,172
2020-08-02,Santa Cruz,087,273765,1385,1162,7,1169,4
2020-08-02,Shasta,089,179085,508,318,3,321,9
2020-08-02,Sierra,091,2930,4,1,0,1,0
2020-08-02,Siskiyou,093,43540,99,65,0,65,0
2020-08-02,Solano,095,438530,4403,3609,24,3633,29
2020-08-02,Sonoma,097,501317,3904,3005,7,3012,33
2020-08-02,Stanislaus,099,539301,12058,9277,61,9338,96
2020-08-02,Sutter,101,95872,904,714,1,715,6
2020-08-02,Tehama,103,63373,287,222,2,224,1
2020-08-02,Trinity,105,12862,27,5,6,11,0
2020-08-02,Tulare,107,460477,11579,9593,31,9624,188
2020-08-02,Tuolumne,109,53932,155,123,3,126,0
2020-08-02,Ventura,111,848112,9045,8014,31,8045,73
2020-08-02,Yolo,113,214977,1917,1588,3,1591,37
2020-08-02,Yuba,115,75493,530,393,0,393,1
2020-08-01,Alameda,001,1643700,14048,11590,90,11680,188
2020-08-01,Alpine,003,1148,2,2,0,2,0
2020-08-01,Amador,005,37829,190,109,0,109,0
2020-08-01,Butte,007,227075,1203,976,17,993,9
2020-08-01,Calaveras,009,45235,149,116,0,116,1
2020-08-01,Colusa,011,21464,386,327,0,327,2
2020-08-01,Contra Costa,013,1133247,10659,7867,29,7896,116
2020-08-01,Del Norte,015,27424,89,68,0,68,0
2020-08-01,El Dorado,017,186661,820,637,5,642,1
2020-08-01,Fresno,019,978130,22171,15448,197,15645,149
2020-08-01,Glenn,021,27897,387,311,0,311,1
2020-08-01,Humboldt,023,135768,271,232,1,233,4
2020-08-01,Imperial,025,180216,10388,7919,6,7925,156
2020-08-01,Inyo,027,18085,82,45,1,46,1
2020-08-01,Kern,029,883053,25273,20796,136,20932,176
2020-08-01,Kings,031,150075,4886,3948,21,3969,47
2020-08-01,Lake,033,64148,238,194,0,194,1
2020-08-01,Lassen,035,31185,644,555,2,557,0
2020-08-01,Los Angeles,037,10098052,205601,191023,571,191594,4674
2020-08-01,Madera,039,155013,2927,2103,5,2108,18
2020-08-01,Marin,041,260295,5476,4945,9,4954,43
2020-08-01,Mariposa,043,17540,61,50,0,50,2
2020-08-01,Mendocino,045,87422,337,243,0,243,1
2020-08-01,Merced,047,269075,6055,3972,2,3974,29
2020-08-01,Modoc,049,8938,7,2,0,2,0
2020-08-01,Mono,051,14174,150,104,1,105,1
2020-08-01,Monterey,053,433212,5713,4611,14,4625,28
2020-08-01,Napa,055,140530,1187,923,0,923,8
2020-08-01,Nevada,057,99092,345,305,13,318,2
2020-08-01,Orange,059,3164182,44069,36703,859,37562,648
2020-08-01,Placer,061,380077,2353,1891,3,1894,14
2020-08-01,Plumas,063,18699,35,25,0,25,0
2020-08-01,Riverside,065,2383286,45847,38216,42,38258,704
2020-08-01,Sacramento,067,1510023,13191,10044,12,10056,141
2020-08-01,San Benito,069,59416,729,579,0,579,2
2020-08-01,San Bernardino,071,2135413,40677,32947,184,33131,440
2020-08-01,San Diego,073,3302833,32915,29579,19,29598,565
2020-08-01,San Francisco,075,870044,7493,6296,6,6302,60
2020-08-01,San Joaquin,077,732212,14970,11807,12,11819,189
2020-08-01,San Luis Obispo,079,281455,2225,1798,8,1806,13
2020-08-01,San Mateo,081,765935,6647,5520,7,5527,115
2020-08-01,Santa Barbara,083,443738,6909,6465,66,6531,59
2020-08-01,Santa Clara,085,1922200,13322,10281,30,10311,171
2020-08-01,Santa Cruz,087,273765,1369,1164,7,1171,4
2020-08-01,Shasta,089,179085,503,312,3,315,9
2020-08-01,Sierra,091,2930,3,1,0,1,0
2020-08-01,Siskiyou,093,43540,99,64,0,64,0
2020-08-01,Solano,095,438530,4369,3591,23,3614,29
2020-08-01,Sonoma,097,501317,3858,2890,7,2897,29
2020-08-01,Stanislaus,099,539301,11940,9221,54,9275,96
2020-08-01,Sutter,101,95872,900,714,1,715,6
2020-08-01,Tehama,103,63373,284,220,2,222,1
2020-08-01,Trinity,105,12862,27,5,6,11,0
2020-08-01,Tulare,107,460477,11511,9520,31,9551,188
2020-08-01,Tuolumne,109,53932,155,123,3,126,0
2020-08-01,Ventura,111,848112,8999,7819,31,7850,73
2020-08-01,Yolo,113,214977,1907,1557,3,1560,37
2020-08-01,Yuba,115,75493,525,387,0,387,1
2020-07-31,Alameda,001,1643700,13919,11441,90,11531,187
2020-07-31,Alpine,003,1148,2,2,0,2,0
2020-07-31,Amador,005,37829,189,98,0,98,0
2020-07-31,Butte,007,227075,1180,925,17,942,7
2020-07-31,Calaveras,009,45235,149,112,0,112,1
2020-07-31,Colusa,011,21464,376,319,0,319,2
2020-07-31,Contra Costa,013,1133247,10512,7697,28,7725,113
2020-07-31,Del Norte,015,27424,88,68,0,68,0
2020-07-31,El Dorado,017,186661,809,616,5,621,1
2020-07-31,Fresno,019,978130,21951,15083,197,15280,133
2020-07-31,Glenn,021,27897,380,304,0,304,1
2020-07-31,Humboldt,023,135768,264,229,1,230,4
2020-07-31,Imperial,025,180216,10356,7886,5,7891,155
2020-07-31,Inyo,027,18085,72,45,1,46,1
2020-07-31,Kern,029,883053,25032,20061,132,20193,173
2020-07-31,Kings,031,150075,4858,3807,21,3828,45
2020-07-31,Lake,033,64148,237,191,0,191,1
2020-07-31,Lassen,035,31185,639,544,2,546,0
2020-07-31,Los Angeles,037,10098052,204003,188688,558,189246,4628
2020-07-31,Madera,039,155013,2880,2036,5,2041,19
2020-07-31,Marin,041,260295,5432,4885,6,4891,43
2020-07-31,Mariposa,043,17540,61,49,0,49,2
2020-07-31,Mendocino,045,87422,322,232,0,232,1
2020-07-31,Merced,047,269075,5972,3789,2,3791,30
2020-07-31,Modoc,049,8938,6,0,0,0,0
2020-07-31,Mono,051,14174,149,104,1,105,1
2020-07-31,Monterey,053,433212,5621,4493,14,4507,24
2020-07-31,Napa,055,140530,1175,897,0,897,7
2020-07-31,Nevada,057,99092,343,302,13,315,2
2020-07-31,Orange,059,3164182,43770,36196,842,37038,620
2020-07-31,Placer,061,380077,2328,1853,3,1856,14
2020-07-31,Plumas,063,18699,34,25,0,25,0
2020-07-31,Riverside,065,2383286,45457,37612,41,37653,694
2020-07-31,Sacramento,067,1510023,13013,9872,12,9884,132
2020-07-31,San Benito,069,59416,721,567,0,567,2
2020-07-31,San Bernardino,071,2135413,40347,32332,182,32514,434
2020-07-31,San Diego,073,3302833,32681,29050,11,29061,561
2020-07-31,San Francisco,075,870044,7393,6126,6,6132,60
2020-07-31,San Joaquin,077,732212,14830,11561,12,11573,177
2020-07-31,San Luis Obispo,079,281455,2156,1746,8,1754,12
2020-07-31,San Mateo,081,765935,6575,5416,7,5423,115
2020-07-31,Santa Barbara,083,443738,6842,6375,66,6441,58
2020-07-31,Santa Clara,085,1922200,13101,9863,30,9893,171
2020-07-31,Santa Cruz,087,273765,1346,1118,7,1125,4
2020-07-31,Shasta,089,179085,493,305,3,308,9
2020-07-31,Sierra,091,2930,3,1,0,1,0
2020-07-31,Siskiyou,093,43540,97,61,0,61,0
2020-07-31,Solano,095,438530,4322,3510,22,3532,29
2020-07-31,Sonoma,097,501317,3800,2745,7,2752,27
2020-07-31,Stanislaus,099,539301,11834,9061,49,9110,94
2020-07-31,Sutter,101,95872,895,714,1,715,6
2020-07-31,Tehama,103,63373,281,213,2,215,1
2020-07-31,Trinity,105,12862,27,5,6,11,0
2020-07-31,Tulare,107,460477,11390,9365,31,9396,184
2020-07-31,Tuolumne,109,53932,155,120,3,123,0
2020-07-31,Ventura,111,848112,8924,7521,31,7552,71
2020-07-31,Yolo,113,214977,1881,1522,3,1525,38
2020-07-31,Yuba,115,75493,516,369,0,369,1
2020-07-30,Alameda,001,1643700,13716,11303,52,11355,185
2020-07-30,Alpine,003,1148,2,2,0,2,0
2020-07-30,Amador,005,37829,171,97,0,97,0
2020-07-30,Butte,007,227075,1164,915,17,932,7
2020-07-30,Calaveras,009,45235,145,111,0,111,1
2020-07-30,Colusa,011,21464,373,315,0,315,2
2020-07-30,Contra Costa,013,1133247,10328,7615,27,7642,112
2020-07-30,Del Norte,015,27424,88,68,0,68,0
2020-07-30,El Dorado,017,186661,802,608,5,613,1
2020-07-30,Fresno,019,978130,21615,14793,191,14984,133
2020-07-30,Glenn,021,27897,373,297,0,297,1
2020-07-30,Humboldt,023,135768,262,228,1,229,4
2020-07-30,Imperial,025,180216,10297,7849,5,7854,151
2020-07-30,Inyo,027,18085,68,44,1,45,1
2020-07-30,Kern,029,883053,24739,19552,128,19680,171
2020-07-30,Kings,031,150075,4754,3785,21,3806,43
2020-07-30,Lake,033,64148,231,181,0,181,1
2020-07-30,Lassen,035,31185,636,544,2,546,0
2020-07-30,Los Angeles,037,10098052,201973,186177,528,186705,4564
2020-07-30,Madera,039,155013,2810,2007,5,2012,18
2020-07-30,Marin,041,260295,5390,4835,5,4840,39
2020-07-30,Mariposa,043,17540,61,49,0,49,1
2020-07-30,Mendocino,045,87422,315,232,0,232,1
2020-07-30,Merced,047,269075,5808,3695,2,3697,30
2020-07-30,Modoc,049,8938,6,0,0,0,0
2020-07-30,Mono,051,14174,148,104,1,105,1
2020-07-30,Monterey,053,433212,5509,4352,14,4366,24
2020-07-30,Napa,055,140530,1158,874,0,874,7
2020-07-30,Nevada,057,99092,338,292,13,305,2
2020-07-30,Orange,059,3164182,43355,36105,818,36923,607
2020-07-30,Placer,061,380077,2277,1821,3,1824,14
2020-07-30,Plumas,063,18699,33,25,0,25,0
2020-07-30,Riverside,065,2383286,44916,37308,41,37349,685
2020-07-30,Sacramento,067,1510023,12794,9704,12,9716,126
2020-07-30,San Benito,069,59416,708,558,0,558,2
2020-07-30,San Bernardino,071,2135413,39823,32010,182,32192,427
2020-07-30,San Diego,073,3302833,32334,28670,9,28679,558
2020-07-30,San Francisco,075,870044,7292,6107,6,6113,59
2020-07-30,San Joaquin,077,732212,14634,11435,12,11447,161
2020-07-30,San Luis Obispo,079,281455,2120,1703,8,1711,12
2020-07-30,San Mateo,081,765935,6480,5369,7,5376,115
2020-07-30,Santa Barbara,083,443738,6762,6273,66,6339,52
2020-07-30,Santa Clara,085,1922200,12868,9708,29,9737,170
2020-07-30,Santa Cruz,087,273765,1318,1087,7,1094,4
2020-07-30,Shasta,089,179085,489,306,3,309,8
2020-07-30,Sierra,091,2930,3,1,0,1,0
2020-07-30,Siskiyou,093,43540,96,60,0,60,0
2020-07-30,Solano,095,438530,4271,3463,22,3485,29
2020-07-30,Sonoma,097,501317,3729,2684,7,2691,25
2020-07-30,Stanislaus,099,539301,11621,8890,41,8931,94
2020-07-30,Sutter,101,95872,876,698,1,699,6
2020-07-30,Tehama,103,63373,278,208,2,210,1
2020-07-30,Trinity,105,12862,26,4,6,10,0
2020-07-30,Tulare,107,460477,11261,9167,31,9198,177
2020-07-30,Tuolumne,109,53932,154,119,3,122,0
2020-07-30,Ventura,111,848112,8812,7304,29,7333,69
2020-07-30,Yolo,113,214977,1861,1511,3,1514,37
2020-07-30,Yuba,115,75493,503,362,0,362,1
2020-07-29,Alameda,001,1643700,13495,11177,47,11224,180
2020-07-29,Alpine,003,1148,2,2,0,2,0
2020-07-29,Amador,005,37829,163,80,0,80,0
2020-07-29,Butte,007,227075,1138,889,15,904,7
2020-07-29,Calaveras,009,45235,139,107,0,107,1
2020-07-29,Colusa,011,21464,369,302,0,302,2
2020-07-29,Contra Costa,013,1133247,10124,7520,27,7547,108
2020-07-29,Del Norte,015,27424,88,68,0,68,0
2020-07-29,El Dorado,017,186661,792,588,5,593,1
2020-07-29,Fresno,019,978130,21323,14312,191,14503,125
2020-07-29,Glenn,021,27897,366,294,0,294,1
2020-07-29,Humboldt,023,135768,259,221,1,222,4
2020-07-29,Imperial,025,180216,10249,7825,5,7830,147
2020-07-29,Inyo,027,18085,63,44,1,45,1
2020-07-29,Kern,029,883053,24400,19073,125,19198,162
2020-07-29,Kings,031,150075,4706,3755,21,3776,43
2020-07-29,Lake,033,64148,229,179,0,179,1
2020-07-29,Lassen,035,31185,621,513,2,515,0
2020-07-29,Los Angeles,037,10098052,199948,183600,511,184111,4523
2020-07-29,Madera,039,155013,2756,1941,5,1946,18
2020-07-29,Marin,041,260295,5352,4747,5,4752,34
2020-07-29,Mariposa,043,17540,60,47,0,47,1
2020-07-29,Mendocino,045,87422,307,228,0,228,0
2020-07-29,Merced,047,269075,5668,3605,2,3607,25
2020-07-29,Modoc,049,8938,5,0,0,0,0
2020-07-29,Mono,051,14174,145,102,1,103,1
2020-07-29,Monterey,053,433212,5409,4252,14,4266,24
2020-07-29,Napa,055,140530,1130,866,0,866,7
2020-07-29,Nevada,057,99092,334,288,13,301,1
2020-07-29,Orange,059,3164182,42921,35339,807,36146,589
2020-07-29,Placer,061,380077,2245,1798,3,1801,14
2020-07-29,Plumas,063,18699,33,25,0,25,0
2020-07-29,Riverside,065,2383286,44324,36968,41,37009,678
2020-07-29,Sacramento,067,1510023,12548,9538,12,9550,122
2020-07-29,San Benito,069,59416,693,537,0,537,2
2020-07-29,San Bernardino,071,2135413,39334,31168,171,31339,417
2020-07-29,San Diego,073,3302833,32009,28289,8,28297,552
2020-07-29,San Francisco,075,870044,7198,6041,6,6047,56
2020-07-29,San Joaquin,077,732212,14385,11249,9,11258,154
2020-07-29,San Luis Obispo,079,281455,2099,1673,8,1681,11
2020-07-29,San Mateo,081,765935,6392,5305,7,5312,114
2020-07-29,Santa Barbara,083,443738,6695,6215,66,6281,31
2020-07-29,Santa Clara,085,1922200,12662,9567,29,9596,165
2020-07-29,Santa Cruz,087,273765,1294,1051,7,1058,4
2020-07-29,Shasta,089,179085,477,297,3,300,8
2020-07-29,Sierra,091,2930,2,1,0,1,0
2020-07-29,Siskiyou,093,43540,94,58,0,58,0
2020-07-29,Solano,095,438530,4217,3380,22,3402,29
2020-07-29,Sonoma,097,501317,3651,2598,7,2605,26
2020-07-29,Stanislaus,099,539301,11400,8745,35,8780,94
2020-07-29,Sutter,101,95872,848,678,1,679,6
2020-07-29,Tehama,103,63373,274,206,2,208,1
2020-07-29,Trinity,105,12862,26,4,6,10,0
2020-07-29,Tulare,107,460477,11090,9028,31,9059,156
2020-07-29,Tuolumne,109,53932,154,118,3,121,0
2020-07-29,Ventura,111,848112,8707,7161,29,7190,68
2020-07-29,Yolo,113,214977,1835,1488,3,1491,36
2020-07-29,Yuba,115,75493,487,350,0,350,1
2020-07-28,Alameda,001,1643700,13265,10875,46,10921,180
2020-07-28,Alpine,003,1148,2,2,0,2,0
2020-07-28,Amador,005,37829,153,77,0,77,0
2020-07-28,Butte,007,227075,1103,857,15,872,7
2020-07-28,Calaveras,009,45235,138,105,0,105,1
2020-07-28,Colusa,011,21464,363,290,0,290,2
2020-07-28,Contra Costa,013,1133247,9902,7426,27,7453,107
2020-07-28,Del Norte,015,27424,87,68,0,68,0
2020-07-28,El Dorado,017,186661,777,558,5,563,1
2020-07-28,Fresno,019,978130,20987,13933,185,14118,125
2020-07-28,Glenn,021,27897,364,289,0,289,1
2020-07-28,Humboldt,023,135768,258,218,1,219,4
2020-07-28,Imperial,025,180216,10213,7804,5,7809,145
2020-07-28,Inyo,027,18085,61,43,1,44,1
2020-07-28,Kern,029,883053,24037,18834,119,18953,155
2020-07-28,Kings,031,150075,4660,3721,21,3742,41
2020-07-28,Lake,033,64148,225,179,0,179,1
2020-07-28,Lassen,035,31185,615,508,2,510,0
2020-07-28,Los Angeles,037,10098052,197717,179107,489,179596,4435
2020-07-28,Madera,039,155013,2690,1889,5,1894,18
2020-07-28,Marin,041,260295,5283,4698,5,4703,23
2020-07-28,Mariposa,043,17540,58,45,0,45,1
2020-07-28,Mendocino,045,87422,296,222,0,222,0
2020-07-28,Merced,047,269075,5523,3446,2,3448,23
2020-07-28,Modoc,049,8938,4,0,0,0,0
2020-07-28,Mono,051,14174,144,102,1,103,1
2020-07-28,Monterey,053,433212,5289,4047,14,4061,22
2020-07-28,Napa,055,140530,1108,824,0,824,6
2020-07-28,Nevada,057,99092,329,278,13,291,1
2020-07-28,Orange,059,3164182,42463,34832,793,35625,582
2020-07-28,Placer,061,380077,2209,1759,3,1762,14
2020-07-28,Plumas,063,18699,33,22,0,22,0
2020-07-28,Riverside,065,2383286,43723,36458,41,36499,668
2020-07-28,Sacramento,067,1510023,12289,9429,11,9440,117
2020-07-28,San Benito,069,59416,683,503,0,503,2
2020-07-28,San Bernardino,071,2135413,38811,30493,167,30660,412
2020-07-28,San Diego,073,3302833,31659,28007,6,28013,547
2020-07-28,San Francisco,075,870044,7085,5888,6,5894,56
2020-07-28,San Joaquin,077,732212,14103,10958,6,10964,141
2020-07-28,San Luis Obispo,079,281455,2066,1636,8,1644,9
2020-07-28,San Mateo,081,765935,6319,5171,7,5178,114
2020-07-28,Santa Barbara,083,443738,6631,6110,64,6174,31
2020-07-28,Santa Clara,085,1922200,12428,9307,29,9336,165
2020-07-28,Santa Cruz,087,273765,1267,1018,7,1025,4
2020-07-28,Shasta,089,179085,465,275,3,278,8
2020-07-28,Sierra,091,2930,2,1,0,1,0
2020-07-28,Siskiyou,093,43540,90,57,0,57,0
2020-07-28,Solano,095,438530,4170,3292,21,3313,29
2020-07-28,Sonoma,097,501317,3577,2553,7,2560,20
2020-07-28,Stanislaus,099,539301,11178,8492,27,8519,92
2020-07-28,Sutter,101,95872,811,653,0,653,2
2020-07-28,Tehama,103,63373,269,199,2,201,1
2020-07-28,Trinity,105,12862,26,3,6,9,0
2020-07-28,Tulare,107,460477,10903,8787,31,8818,96
2020-07-28,Tuolumne,109,53932,153,116,3,119,0
2020-07-28,Ventura,111,848112,8581,7045,28,7073,68
2020-07-28,Yolo,113,214977,1807,1459,3,1462,36
2020-07-28,Yuba,115,75493,470,333,0,333,1
2020-07-27,Alameda,001,1643700,13037,10645,43,10688,176
2020-07-27,Alpine,003,1148,2,2,0,2,0
2020-07-27,Amador,005,37829,148,72,0,72,0
2020-07-27,Butte,007,227075,1076,843,15,858,7
2020-07-27,Calaveras,009,45235,134,103,0,103,1
2020-07-27,Colusa,011,21464,356,271,0,271,2
2020-07-27,Contra Costa,013,1133247,9679,7256,27,7283,104
2020-07-27,Del Norte,015,27424,86,67,0,67,0
2020-07-27,El Dorado,017,186661,765,548,5,553,1
2020-07-27,Fresno,019,978130,20639,13485,179,13664,117
2020-07-27,Glenn,021,27897,362,277,0,277,1
2020-07-27,Humboldt,023,135768,253,218,1,219,4
2020-07-27,Imperial,025,180216,10163,7789,5,7794,144
2020-07-27,Inyo,027,18085,61,43,1,44,1
2020-07-27,Kern,029,883053,23535,17994,113,18107,148
2020-07-27,Kings,031,150075,4411,3685,21,3706,39
2020-07-27,Lake,033,64148,221,176,0,176,1
2020-07-27,Lassen,035,31185,615,503,2,505,0
2020-07-27,Los Angeles,037,10098052,195291,176351,471,176822,4379
2020-07-27,Madera,039,155013,2625,1793,5,1798,17
2020-07-27,Marin,041,260295,5195,4669,5,4674,22
2020-07-27,Mariposa,043,17540,58,43,0,43,1
2020-07-27,Mendocino,045,87422,282,209,0,209,0
2020-07-27,Merced,047,269075,5383,3292,2,3294,23
2020-07-27,Modoc,049,8938,3,0,0,0,0
2020-07-27,Mono,051,14174,140,99,1,100,1
2020-07-27,Monterey,053,433212,5100,3960,14,3974,21
2020-07-27,Napa,055,140530,1093,769,0,769,6
2020-07-27,Nevada,057,99092,325,268,13,281,1
2020-07-27,Orange,059,3164182,42023,34649,777,35426,566
2020-07-27,Placer,061,380077,2159,1679,3,1682,12
2020-07-27,Plumas,063,18699,33,22,0,22,0
2020-07-27,Riverside,065,2383286,43044,35822,41,35863,667
2020-07-27,Sacramento,067,1510023,11996,9091,11,9102,114
2020-07-27,San Benito,069,59416,668,498,0,498,2
2020-07-27,San Bernardino,071,2135413,38218,29928,157,30085,401
2020-07-27,San Diego,073,3302833,31285,27509,5,27514,533
2020-07-27,San Francisco,075,870044,6998,5825,6,5831,55
2020-07-27,San Joaquin,077,732212,13815,10728,6,10734,129
2020-07-27,San Luis Obispo,079,281455,2020,1612,8,1620,9
2020-07-27,San Mateo,081,765935,6210,5108,7,5115,113
2020-07-27,Santa Barbara,083,443738,6552,6026,62,6088,30
2020-07-27,Santa Clara,085,1922200,12159,9157,28,9185,166
2020-07-27,Santa Cruz,087,273765,1243,984,7,991,4
2020-07-27,Shasta,089,179085,458,275,3,278,8
2020-07-27,Sierra,091,2930,2,1,0,1,0
2020-07-27,Siskiyou,093,43540,88,54,0,54,0
2020-07-27,Solano,095,438530,4103,3198,20,3218,29
2020-07-27,Sonoma,097,501317,3486,2504,7,2511,20
2020-07-27,Stanislaus,099,539301,10953,8288,19,8307,84
2020-07-27,Sutter,101,95872,785,620,0,620,2
2020-07-27,Tehama,103,63373,261,192,2,194,1
2020-07-27,Trinity,105,12862,26,3,6,9,0
2020-07-27,Tulare,107,460477,10685,8462,31,8493,172
2020-07-27,Tuolumne,109,53932,150,115,3,118,0
2020-07-27,Ventura,111,848112,8453,6998,27,7025,68
2020-07-27,Yolo,113,214977,1762,1439,3,1442,33
2020-07-27,Yuba,115,75493,450,328,0,328,1
2020-07-26,Alameda,001,1643700,12798,10489,42,10531,176
2020-07-26,Alpine,003,1148,2,2,0,2,0
2020-07-26,Amador,005,37829,142,67,0,67,0
2020-07-26,Butte,007,227075,1039,822,15,837,5
2020-07-26,Calaveras,009,45235,131,103,0,103,1
2020-07-26,Colusa,011,21464,347,270,0,270,2
2020-07-26,Contra Costa,013,1133247,9441,7095,27,7122,104
2020-07-26,Del Norte,015,27424,84,67,0,67,0
2020-07-26,El Dorado,017,186661,747,539,5,544,1
2020-07-26,Fresno,019,978130,20248,13209,171,13380,117
2020-07-26,Glenn,021,27897,354,265,0,265,1
2020-07-26,Humboldt,023,135768,247,214,1,215,4
2020-07-26,Imperial,025,180216,10091,7781,5,7786,144
2020-07-26,Inyo,027,18085,56,43,1,44,1
2020-07-26,Kern,029,883053,23010,17394,110,17504,148
2020-07-26,Kings,031,150075,4352,3591,21,3612,39
2020-07-26,Lake,033,64148,213,174,0,174,1
2020-07-26,Lassen,035,31185,574,503,2,505,0
2020-07-26,Los Angeles,037,10098052,192722,174322,453,174775,4364
2020-07-26,Madera,039,155013,2538,1744,5,1749,17
2020-07-26,Marin,041,260295,5149,4595,5,4600,22
2020-07-26,Mariposa,043,17540,56,43,0,43,1
2020-07-26,Mendocino,045,87422,273,206,0,206,0
2020-07-26,Merced,047,269075,5203,3251,2,3253,23
2020-07-26,Modoc,049,8938,3,0,0,0,0
2020-07-26,Mono,051,14174,136,82,1,83,1
2020-07-26,Monterey,053,433212,4934,3901,14,3915,21
2020-07-26,Napa,055,140530,1074,769,0,769,6
2020-07-26,Nevada,057,99092,322,261,13,274,1
2020-07-26,Orange,059,3164182,41498,34352,746,35098,564
2020-07-26,Placer,061,380077,2095,1628,3,1631,12
2020-07-26,Plumas,063,18699,33,22,0,22,0
2020-07-26,Riverside,065,2383286,42484,35636,41,35677,665
2020-07-26,Sacramento,067,1510023,11690,8972,11,8983,114
2020-07-26,San Benito,069,59416,656,495,0,495,2
2020-07-26,San Bernardino,071,2135413,37577,29545,149,29694,400
2020-07-26,San Diego,073,3302833,30889,26986,4,26990,533
2020-07-26,San Francisco,075,870044,6892,5823,6,5829,55
2020-07-26,San Joaquin,077,732212,13523,10637,6,10643,129
2020-07-26,San Luis Obispo,079,281455,1978,1565,8,1573,8
2020-07-26,San Mateo,081,765935,6105,5078,7,5085,113
2020-07-26,Santa Barbara,083,443738,6451,5939,62,6001,30
2020-07-26,Santa Clara,085,1922200,11930,8986,28,9014,166
2020-07-26,Santa Cruz,087,273765,1216,970,7,977,4
2020-07-26,Shasta,089,179085,451,265,3,268,8
2020-07-26,Sierra,091,2930,2,1,0,1,0
2020-07-26,Siskiyou,093,43540,86,54,0,54,0
2020-07-26,Solano,095,438530,4024,3197,18,3215,29
2020-07-26,Sonoma,097,501317,3397,2503,6,2509,20
2020-07-26,Stanislaus,099,539301,10690,8228,18,8246,84
2020-07-26,Sutter,101,95872,771,612,0,612,2
2020-07-26,Tehama,103,63373,254,175,2,177,1
2020-07-26,Trinity,105,12862,26,3,6,9,0
2020-07-26,Tulare,107,460477,10479,8392,31,8423,172
2020-07-26,Tuolumne,109,53932,145,113,3,116,0
2020-07-26,Ventura,111,848112,8246,6844,27,6871,67
2020-07-26,Yolo,113,214977,1731,1408,3,1411,33
2020-07-26,Yuba,115,75493,431,313,0,313,1
2020-07-25,Alameda,001,1643700,12701,10361,40,10401,176
2020-07-25,Alpine,003,1148,2,2,0,2,0
2020-07-25,Amador,005,37829,139,67,0,67,0
2020-07-25,Butte,007,227075,1030,810,15,825,5
2020-07-25,Calaveras,009,45235,127,103,0,103,1
2020-07-25,Colusa,011,21464,340,265,0,265,2
2020-07-25,Contra Costa,013,1133247,9298,6920,27,6947,104
2020-07-25,Del Norte,015,27424,84,67,0,67,0
2020-07-25,El Dorado,017,186661,736,528,5,533,1
2020-07-25,Fresno,019,978130,20061,12866,171,13037,117
2020-07-25,Glenn,021,27897,352,260,0,260,1
2020-07-25,Humboldt,023,135768,244,212,1,213,4
2020-07-25,Imperial,025,180216,10065,7727,5,7732,144
2020-07-25,Inyo,027,18085,55,43,1,44,1
2020-07-25,Kern,029,883053,22792,16910,109,17019,148
2020-07-25,Kings,031,150075,4335,3516,21,3537,39
2020-07-25,Lake,033,64148,211,173,0,173,1
2020-07-25,Lassen,035,31185,574,503,2,505,0
2020-07-25,Los Angeles,037,10098052,191587,172611,447,173058,4357
2020-07-25,Madera,039,155013,2506,1724,5,1729,17
2020-07-25,Marin,041,260295,5133,4562,5,4567,22
2020-07-25,Mariposa,043,17540,55,43,0,43,1
2020-07-25,Mendocino,045,87422,267,190,0,190,0
2020-07-25,Merced,047,269075,5124,3176,2,3178,23
2020-07-25,Modoc,049,8938,3,0,0,0,0
2020-07-25,Mono,051,14174,136,82,1,83,1
2020-07-25,Monterey,053,433212,4857,3805,14,3819,21
2020-07-25,Napa,055,140530,1061,746,0,746,6
2020-07-25,Nevada,057,99092,320,257,13,270,1
2020-07-25,Orange,059,3164182,41279,33978,725,34703,561
2020-07-25,Placer,061,380077,2079,1596,3,1599,12
2020-07-25,Plumas,063,18699,33,22,0,22,0
2020-07-25,Riverside,065,2383286,42215,34921,41,34962,655
2020-07-25,Sacramento,067,1510023,11544,8674,11,8685,113
2020-07-25,San Benito,069,59416,640,492,0,492,2
2020-07-25,San Bernardino,071,2135413,37299,29265,146,29411,394
2020-07-25,San Diego,073,3302833,30628,26703,3,26706,533
2020-07-25,San Francisco,075,870044,6834,5644,6,5650,55
2020-07-25,San Joaquin,077,732212,13397,10347,5,10352,129
2020-07-25,San Luis Obispo,079,281455,1958,1530,7,1537,8
2020-07-25,San Mateo,081,765935,6042,5023,7,5030,113
2020-07-25,Santa Barbara,083,443738,6416,5880,62,5942,30
2020-07-25,Santa Clara,085,1922200,11796,8767,28,8795,166
2020-07-25,Santa Cruz,087,273765,1199,939,7,946,4
2020-07-25,Shasta,089,179085,446,263,1,264,8
2020-07-25,Sierra,091,2930,2,1,0,1,0
2020-07-25,Siskiyou,093,43540,84,54,0,54,0
2020-07-25,Solano,095,438530,3984,3107,16,3123,29
2020-07-25,Sonoma,097,501317,3358,2412,6,2418,20
2020-07-25,Stanislaus,099,539301,10587,7994,14,8008,84
2020-07-25,Sutter,101,95872,752,603,0,603,2
2020-07-25,Tehama,103,63373,253,169,2,171,1
2020-07-25,Trinity,105,12862,26,3,6,9,0
2020-07-25,Tulare,107,460477,10379,8310,31,8341,172
2020-07-25,Tuolumne,109,53932,144,99,3,102,0
2020-07-25,Ventura,111,848112,8173,6662,27,6689,62
2020-07-25,Yolo,113,214977,1716,1357,3,1360,35
2020-07-25,Yuba,115,75493,425,312,0,312,1
2020-07-24,Alameda,001,1643700,12559,10216,37,10253,176
2020-07-24,Alpine,003,1148,2,2,0,2,0
2020-07-24,Amador,005,37829,137,66,0,66,0
2020-07-24,Butte,007,227075,1018,751,15,766,5
2020-07-24,Calaveras,009,45235,123,102,0,102,0
2020-07-24,Colusa,011,21464,337,255,0,255,2
2020-07-24,Contra Costa,013,1133247,9153,6814,27,6841,100
2020-07-24,Del Norte,015,27424,84,66,0,66,0
2020-07-24,El Dorado,017,186661,714,516,5,521,1
2020-07-24,Fresno,019,978130,19836,12564,171,12735,115
2020-07-24,Glenn,021,27897,349,251,0,251,1
2020-07-24,Humboldt,023,135768,241,210,1,211,4
2020-07-24,Imperial,025,180216,10043,7686,5,7691,141
2020-07-24,Inyo,027,18085,55,41,1,42,1
2020-07-24,Kern,029,883053,22551,16124,109,16233,143
2020-07-24,Kings,031,150075,4305,3471,21,3492,39
2020-07-24,Lake,033,64148,209,167,0,167,1
2020-07-24,Lassen,035,31185,574,503,2,505,0
2020-07-24,Los Angeles,037,10098052,189561,169078,436,169514,4302
2020-07-24,Madera,039,155013,2473,1679,5,1684,16
2020-07-24,Marin,041,260295,5106,4517,5,4522,22
2020-07-24,Mariposa,043,17540,55,41,0,41,1
2020-07-24,Mendocino,045,87422,260,188,0,188,0
2020-07-24,Merced,047,269075,5039,3100,2,3102,23
2020-07-24,Modoc,049,8938,3,0,0,0,0
2020-07-24,Mono,051,14174,135,82,1,83,1
2020-07-24,Monterey,053,433212,4785,3748,14,3762,21
2020-07-24,Napa,055,140530,1048,741,0,741,6
2020-07-24,Nevada,057,99092,317,255,13,268,1
2020-07-24,Orange,059,3164182,40992,33530,709,34239,557
2020-07-24,Placer,061,380077,2048,1551,3,1554,12
2020-07-24,Plumas,063,18699,33,22,0,22,0
2020-07-24,Riverside,065,2383286,41791,34513,40,34553,631
2020-07-24,Sacramento,067,1510023,11356,8570,11,8581,110
2020-07-24,San Benito,069,59416,633,485,0,485,2
2020-07-24,San Bernardino,071,2135413,36928,28990,141,29131,386
2020-07-24,San Diego,073,3302833,30328,26100,3,26103,524
2020-07-24,San Francisco,075,870044,6740,5611,6,5617,55
2020-07-24,San Joaquin,077,732212,13248,10190,5,10195,118
2020-07-24,San Luis Obispo,079,281455,1934,1476,7,1483,8
2020-07-24,San Mateo,081,765935,5979,4954,7,4961,112
2020-07-24,Santa Barbara,083,443738,6363,5776,60,5836,30
2020-07-24,Santa Clara,085,1922200,11631,8658,28,8686,165
2020-07-24,Santa Cruz,087,273765,1179,930,7,937,4
2020-07-24,Shasta,089,179085,438,262,1,263,8
2020-07-24,Sierra,091,2930,2,1,0,1,0
2020-07-24,Siskiyou,093,43540,84,53,0,53,0
2020-07-24,Solano,095,438530,3948,3062,13,3075,29
2020-07-24,Sonoma,097,501317,3306,2345,6,2351,20
2020-07-24,Stanislaus,099,539301,10415,7861,12,7873,82
2020-07-24,Sutter,101,95872,741,593,0,593,2
2020-07-24,Tehama,103,63373,245,170,2,172,1
2020-07-24,Trinity,105,12862,25,3,6,9,0
2020-07-24,Tulare,107,460477,10285,8167,29,8196,167
2020-07-24,Tuolumne,109,53932,138,99,3,102,0
2020-07-24,Ventura,111,848112,8088,6553,27,6580,60
2020-07-24,Yolo,113,214977,1702,1329,3,1332,35
2020-07-24,Yuba,115,75493,410,307,0,307,1
2020-07-23,Alameda,001,1643700,12317,9924,37,9961,171
2020-07-23,Alpine,003,1148,2,2,0,2,0
2020-07-23,Amador,005,37829,120,61,0,61,0
2020-07-23,Butte,007,227075,1003,726,14,740,5
2020-07-23,Calaveras,009,45235,116,102,0,102,0
2020-07-23,Colusa,011,21464,329,242,0,242,2
2020-07-23,Contra Costa,013,1133247,8954,6619,25,6644,98
2020-07-23,Del Norte,015,27424,84,66,0,66,0
2020-07-23,El Dorado,017,186661,703,491,5,496,1
2020-07-23,Fresno,019,978130,19480,12164,168,12332,112
2020-07-23,Glenn,021,27897,344,246,0,246,1
2020-07-23,Humboldt,023,135768,240,208,1,209,4
2020-07-23,Imperial,025,180216,9993,7604,5,7609,138
2020-07-23,Inyo,027,18085,53,38,1,39,1
2020-07-23,Kern,029,883053,22144,14491,105,14596,128
2020-07-23,Kings,031,150075,4193,3371,21,3392,39
2020-07-23,Lake,033,64148,200,160,0,160,1
2020-07-23,Lassen,035,31185,571,503,2,505,0
2020-07-23,Los Angeles,037,10098052,187010,167198,410,167608,4265
2020-07-23,Madera,039,155013,2407,1659,4,1663,13
2020-07-23,Marin,041,260295,5054,4423,5,4428,22
2020-07-23,Mariposa,043,17540,55,40,0,40,1
2020-07-23,Mendocino,045,87422,250,178,0,178,0
2020-07-23,Merced,047,269075,4882,2972,2,2974,22
2020-07-23,Modoc,049,8938,3,0,0,0,0
2020-07-23,Mono,051,14174,131,82,1,83,1
2020-07-23,Monterey,053,433212,4668,3655,14,3669,21
2020-07-23,Napa,055,140530,1024,713,0,713,5
2020-07-23,Nevada,057,99092,314,247,13,260,1
2020-07-23,Orange,059,3164182,40495,32863,679,33542,544
2020-07-23,Placer,061,380077,2004,1519,3,1522,12
2020-07-23,Plumas,063,18699,32,21,0,21,0
2020-07-23,Riverside,065,2383286,41186,33833,40,33873,630
2020-07-23,Sacramento,067,1510023,11123,8222,11,8233,108
2020-07-23,San Benito,069,59416,618,478,0,478,2
2020-07-23,San Bernardino,071,2135413,36409,28121,135,28256,369
2020-07-23,San Diego,073,3302833,29954,25109,3,25112,505
2020-07-23,San Francisco,075,870044,6639,5543,6,5549,55
2020-07-23,San Joaquin,077,732212,13029,9861,5,9866,111
2020-07-23,San Luis Obispo,079,281455,1905,1438,7,1445,7
2020-07-23,San Mateo,081,765935,5874,4895,7,4902,113
2020-07-23,Santa Barbara,083,443738,6290,5628,60,5688,30
2020-07-23,Santa Clara,085,1922200,11412,8458,28,8486,165
2020-07-23,Santa Cruz,087,273765,1143,887,7,894,3
2020-07-23,Shasta,089,179085,427,254,1,255,9
2020-07-23,Sierra,091,2930,2,1,0,1,0
2020-07-23,Siskiyou,093,43540,82,53,0,53,0
2020-07-23,Solano,095,438530,3884,2962,11,2973,29
2020-07-23,Sonoma,097,501317,3230,2289,6,2295,18
2020-07-23,Stanislaus,099,539301,10173,7603,12,7615,71
2020-07-23,Sutter,101,95872,708,570,0,570,2
2020-07-23,Tehama,103,63373,239,158,2,160,1
2020-07-23,Trinity,105,12862,24,3,6,9,0
2020-07-23,Tulare,107,460477,10096,7898,29,7927,168
2020-07-23,Tuolumne,109,53932,138,93,3,96,0
2020-07-23,Ventura,111,848112,7964,6303,27,6330,56
2020-07-23,Yolo,113,214977,1683,1279,3,1282,35
2020-07-23,Yuba,115,75493,390,297,0,297,1
2020-07-22,Alameda,001,1643700,12099,9678,36,9714,169
2020-07-22,Alpine,003,1148,2,2,0,2,0
2020-07-22,Amador,005,37829,118,58,0,58,0
2020-07-22,Butte,007,227075,967,694,14,708,5
2020-07-22,Calaveras,009,45235,116,98,0,98,0
2020-07-22,Colusa,011,21464,322,236,0,236,0
2020-07-22,Contra Costa,013,1133247,8728,6401,25,6426,98
2020-07-22,Del Norte,015,27424,84,66,0,66,0
2020-07-22,El Dorado,017,186661,690,466,5,471,1
2020-07-22,Fresno,019,978130,19117,11756,162,11918,110
2020-07-22,Glenn,021,27897,338,236,0,236,1
2020-07-22,Humboldt,023,135768,238,201,1,202,4
2020-07-22,Imperial,025,180216,9933,7533,5,7538,134
2020-07-22,Inyo,027,18085,49,38,1,39,1
2020-07-22,Kern,029,883053,21712,13513,97,13610,127
2020-07-22,Kings,031,150075,4137,3271,21,3292,38
2020-07-22,Lake,033,64148,197,160,0,160,1
2020-07-22,Lassen,035,31185,568,500,2,502,0
2020-07-22,Los Angeles,037,10098052,184360,165242,389,165631,4218
2020-07-22,Madera,039,155013,2332,1578,4,1582,10
2020-07-22,Marin,041,260295,4998,4373,5,4378,23
2020-07-22,Mariposa,043,17540,55,38,0,38,1
2020-07-22,Mendocino,045,87422,243,166,0,166,0
2020-07-22,Merced,047,269075,4756,2828,2,2830,15
2020-07-22,Modoc,049,8938,3,0,0,0,0
2020-07-22,Mono,051,14174,128,82,1,83,1
2020-07-22,Monterey,053,433212,4567,3533,14,3547,20
2020-07-22,Napa,055,140530,1002,687,0,687,5
2020-07-22,Nevada,057,99092,308,239,12,251,1
2020-07-22,Orange,059,3164182,39996,32047,670,32717,522
2020-07-22,Placer,061,380077,1948,1469,3,1472,12
2020-07-22,Plumas,063,18699,31,20,0,20,0
2020-07-22,Riverside,065,2383286,40550,33093,40,33133,612
2020-07-22,Sacramento,067,1510023,10861,8028,11,8039,106
2020-07-22,San Benito,069,59416,604,465,0,465,2
2020-07-22,San Bernardino,071,2135413,35887,26820,124,26944,348
2020-07-22,San Diego,073,3302833,29566,25109,2,25111,505
2020-07-22,San Francisco,075,870044,6535,5473,5,5478,53
2020-07-22,San Joaquin,077,732212,12751,9628,5,9633,102
2020-07-22,San Luis Obispo,079,281455,1859,1373,7,1380,7
2020-07-22,San Mateo,081,765935,5785,4796,7,4803,112
2020-07-22,Santa Barbara,083,443738,6206,5508,58,5566,29
2020-07-22,Santa Clara,085,1922200,11168,8266,28,8294,166
2020-07-22,Santa Cruz,087,273765,1119,866,7,873,3
2020-07-22,Shasta,089,179085,417,246,1,247,9
2020-07-22,Sierra,091,2930,1,1,0,1,0
2020-07-22,Siskiyou,093,43540,81,52,0,52,0
2020-07-22,Solano,095,438530,3823,2839,10,2849,29
2020-07-22,Sonoma,097,501317,3153,2255,6,2261,17
2020-07-22,Stanislaus,099,539301,10002,7401,12,7413,71
2020-07-22,Sutter,101,95872,684,551,0,551,2
2020-07-22,Tehama,103,63373,231,155,2,157,1
2020-07-22,Trinity,105,12862,23,3,6,9,0
2020-07-22,Tulare,107,460477,9863,7640,29,7669,167
2020-07-22,Tuolumne,109,53932,134,91,3,94,0
2020-07-22,Ventura,111,848112,7836,6223,25,6248,56
2020-07-22,Yolo,113,214977,1640,1233,3,1236,34
2020-07-22,Yuba,115,75493,375,288,0,288,1
2020-07-21,Alameda,001,1643700,11886,9390,36,9426,166
2020-07-21,Alpine,003,1148,2,2,0,2,0
2020-07-21,Amador,005,37829,113,55,0,55,0
2020-07-21,Butte,007,227075,922,659,13,672,5
2020-07-21,Calaveras,009,45235,110,96,0,96,0
2020-07-21,Colusa,011,21464,298,227,0,227,0
2020-07-21,Contra Costa,013,1133247,8486,6210,25,6235,98
2020-07-21,Del Norte,015,27424,84,66,0,66,0
2020-07-21,El Dorado,017,186661,682,440,5,445,1
2020-07-21,Fresno,019,978130,18717,11412,156,11568,107
2020-07-21,Glenn,021,27897,331,229,0,229,1
2020-07-21,Humboldt,023,135768,236,198,1,199,4
2020-07-21,Imperial,025,180216,9884,7458,5,7463,128
2020-07-21,Inyo,027,18085,48,38,1,39,1
2020-07-21,Kern,029,883053,21290,11998,91,12089,119
2020-07-21,Kings,031,150075,4072,3187,20,3207,38
2020-07-21,Lake,033,64148,197,157,0,157,1
2020-07-21,Lassen,035,31185,566,474,2,476,0
2020-07-21,Los Angeles,037,10098052,181371,162205,367,162572,4159
2020-07-21,Madera,039,155013,2267,1508,3,1511,10
2020-07-21,Marin,041,260295,4926,4318,5,4323,21
2020-07-21,Mariposa,043,17540,54,37,0,37,1
2020-07-21,Mendocino,045,87422,232,160,0,160,0
2020-07-21,Merced,047,269075,4577,2725,2,2727,15
2020-07-21,Modoc,049,8938,3,0,0,0,0
2020-07-21,Mono,051,14174,124,79,1,80,1
2020-07-21,Monterey,053,433212,4435,3404,13,3417,20
2020-07-21,Napa,055,140530,975,660,0,660,5
2020-07-21,Nevada,057,99092,306,228,10,238,1
2020-07-21,Orange,059,3164182,39500,31356,638,31994,515
2020-07-21,Placer,061,380077,1907,1413,3,1416,11
2020-07-21,Plumas,063,18699,31,19,0,19,0
2020-07-21,Riverside,065,2383286,39848,32231,40,32271,583
2020-07-21,Sacramento,067,1510023,10589,7789,10,7799,102
2020-07-21,San Benito,069,59416,593,444,0,444,2
2020-07-21,San Bernardino,071,2135413,35240,25323,117,25440,343
2020-07-21,San Diego,073,3302833,29117,24522,2,24524,487
2020-07-21,San Francisco,075,870044,6426,5377,5,5382,53
2020-07-21,San Joaquin,077,732212,12422,9150,5,9155,99
2020-07-21,San Luis Obispo,079,281455,1810,1338,7,1345,7
2020-07-21,San Mateo,081,765935,5693,4733,7,4740,111
2020-07-21,Santa Barbara,083,443738,6126,5422,57,5479,29
2020-07-21,Santa Clara,085,1922200,10905,7989,28,8017,164
2020-07-21,Santa Cruz,087,273765,1086,835,7,842,3
2020-07-21,Shasta,089,179085,409,241,1,242,9
2020-07-21,Sierra,091,2930,1,1,0,1,0
2020-07-21,Siskiyou,093,43540,81,48,0,48,0
2020-07-21,Solano,095,438530,3750,2727,10,2737,27
2020-07-21,Sonoma,097,501317,3096,2200,6,2206,17
2020-07-21,Stanislaus,099,539301,9740,6984,12,6996,69
2020-07-21,Sutter,101,95872,668,533,0,533,2
2020-07-21,Tehama,103,63373,221,150,2,152,1
2020-07-21,Trinity,105,12862,23,2,6,8,0
2020-07-21,Tulare,107,460477,9661,7447,29,7476,167
2020-07-21,Tuolumne,109,53932,132,75,3,78,0
2020-07-21,Ventura,111,848112,7704,6131,25,6156,55
2020-07-21,Yolo,113,214977,1586,1204,3,1207,34
2020-07-21,Yuba,115,75493,369,269,0,269,1
2020-07-20,Alameda,001,1643700,11631,9244,35,9279,162
2020-07-20,Alpine,003,1148,2,2,0,2,0
2020-07-20,Amador,005,37829,110,53,0,53,0
2020-07-20,Butte,007,227075,885,586,13,599,4
2020-07-20,Calaveras,009,45235,107,90,0,90,0
2020-07-20,Colusa,011,21464,287,217,0,217,0
2020-07-20,Contra Costa,013,1133247,8278,5823,25,5848,97
2020-07-20,Del Norte,015,27424,84,61,0,61,0
2020-07-20,El Dorado,017,186661,659,407,5,412,0
2020-07-20,Fresno,019,978130,18275,10891,155,11046,106
2020-07-20,Glenn,021,27897,323,225,0,225,1
2020-07-20,Humboldt,023,135768,229,194,1,195,4
2020-07-20,Imperial,025,180216,9844,7337,5,7342,124
2020-07-20,Inyo,027,18085,46,38,1,39,1
2020-07-20,Kern,029,883053,20780,10908,87,10995,118
2020-07-20,Kings,031,150075,4022,3093,20,3113,37
2020-07-20,Lake,033,64148,194,147,0,147,1
2020-07-20,Lassen,035,31185,564,474,2,476,0
2020-07-20,Los Angeles,037,10098052,178409,159202,341,159543,4108
2020-07-20,Madera,039,155013,2192,1433,3,1436,10
2020-07-20,Marin,041,260295,4844,4255,5,4260,21
2020-07-20,Mariposa,043,17540,53,36,0,36,1
2020-07-20,Mendocino,045,87422,219,153,0,153,0
2020-07-20,Merced,047,269075,4407,2584,2,2586,15
2020-07-20,Modoc,049,8938,3,0,0,0,0
2020-07-20,Mono,051,14174,118,78,1,79,1
2020-07-20,Monterey,053,433212,4329,3205,13,3218,19
2020-07-20,Napa,055,140530,940,632,0,632,5
2020-07-20,Nevada,057,99092,298,218,10,228,1
2020-07-20,Orange,059,3164182,38890,30337,608,30945,507
2020-07-20,Placer,061,380077,1856,1364,3,1367,11
2020-07-20,Plumas,063,18699,30,17,0,17,0
2020-07-20,Riverside,065,2383286,39017,31163,40,31203,581
2020-07-20,Sacramento,067,1510023,10261,7369,10,7379,99
2020-07-20,San Benito,069,59416,575,433,0,433,2
2020-07-20,San Bernardino,071,2135413,34430,24226,113,24339,338
2020-07-20,San Diego,073,3302833,28675,24137,2,24139,478
2020-07-20,San Francisco,075,870044,6305,5090,5,5095,53
2020-07-20,San Joaquin,077,732212,12066,8583,5,8588,97
2020-07-20,San Luis Obispo,079,281455,1768,1282,7,1289,6
2020-07-20,San Mateo,081,765935,5593,4609,7,4616,111
2020-07-20,Santa Barbara,083,443738,6016,5266,55,5321,29
2020-07-20,Santa Clara,085,1922200,10677,7711,27,7738,164
2020-07-20,Santa Cruz,087,273765,1054,758,7,765,3
2020-07-20,Shasta,089,179085,394,233,1,234,9
2020-07-20,Sierra,091,2930,1,1,0,1,0
2020-07-20,Siskiyou,093,43540,77,42,0,42,0
2020-07-20,Solano,095,438530,3667,2537,10,2547,26
2020-07-20,Sonoma,097,501317,2989,2148,6,2154,17
2020-07-20,Stanislaus,099,539301,9456,6835,12,6847,58
2020-07-20,Sutter,101,95872,635,507,0,507,2
2020-07-20,Tehama,103,63373,211,146,2,148,1
2020-07-20,Trinity,105,12862,23,2,6,8,0
2020-07-20,Tulare,107,460477,9427,6974,29,7003,166
2020-07-20,Tuolumne,109,53932,131,75,3,78,0
2020-07-20,Ventura,111,848112,7570,5912,25,5937,52
2020-07-20,Yolo,113,214977,1545,1155,3,1158,30
2020-07-20,Yuba,115,75493,349,258,0,258,1
2020-07-19,Alameda,001,1643700,11390,9227,29,9256,162
2020-07-19,Alpine,003,1148,2,2,0,2,0
2020-07-19,Amador,005,37829,103,51,0,51,0
2020-07-19,Butte,007,227075,860,555,13,568,4
2020-07-19,Calaveras,009,45235,105,89,0,89,0
2020-07-19,Colusa,011,21464,279,187,0,187,0
2020-07-19,Contra Costa,013,1133247,7987,5691,23,5714,95
2020-07-19,Del Norte,015,27424,83,61,0,61,0
2020-07-19,El Dorado,017,186661,641,385,5,390,0
2020-07-19,Fresno,019,978130,17751,10639,143,10782,106
2020-07-19,Glenn,021,27897,309,215,0,215,0
2020-07-19,Humboldt,023,135768,221,195,1,196,4
2020-07-19,Imperial,025,180216,9753,7280,5,7285,124
2020-07-19,Inyo,027,18085,42,38,1,39,1
2020-07-19,Kern,029,883053,20163,10094,80,10174,115
2020-07-19,Kings,031,150075,3936,3035,20,3055,37
2020-07-19,Lake,033,64148,189,144,0,144,1
2020-07-19,Lassen,035,31185,545,474,2,476,0
2020-07-19,Los Angeles,037,10098052,174963,156039,318,156357,4100
2020-07-19,Madera,039,155013,2115,1301,3,1304,10
2020-07-19,Marin,041,260295,4789,4172,5,4177,21
2020-07-19,Mariposa,043,17540,49,35,0,35,1
2020-07-19,Mendocino,045,87422,214,137,0,137,0
2020-07-19,Merced,047,269075,4200,2460,2,2462,15
2020-07-19,Modoc,049,8938,3,0,0,0,0
2020-07-19,Mono,051,14174,107,63,1,64,1
2020-07-19,Monterey,053,433212,4210,3079,13,3092,18
2020-07-19,Napa,055,140530,911,612,0,612,5
2020-07-19,Nevada,057,99092,292,210,10,220,1
2020-07-19,Orange,059,3164182,38326,29941,595,30536,505
2020-07-19,Placer,061,380077,1809,1246,3,1249,11
2020-07-19,Plumas,063,18699,30,17,0,17,0
2020-07-19,Riverside,065,2383286,38312,30340,40,30380,581
2020-07-19,Sacramento,067,1510023,9868,6985,10,6995,97
2020-07-19,San Benito,069,59416,559,412,0,412,2
2020-07-19,San Bernardino,071,2135413,33657,23928,101,24029,337
2020-07-19,San Diego,073,3302833,28174,23684,2,23686,478
2020-07-19,San Francisco,075,870044,6159,5094,5,5099,52
2020-07-19,San Joaquin,077,732212,11659,8308,5,8313,93
2020-07-19,San Luis Obispo,079,281455,1724,1262,7,1269,6
2020-07-19,San Mateo,081,765935,5489,4522,7,4529,110
2020-07-19,Santa Barbara,083,443738,5914,5145,52,5197,29
2020-07-19,Santa Clara,085,1922200,10433,7403,27,7430,164
2020-07-19,Santa Cruz,087,273765,1010,753,7,760,3
2020-07-19,Shasta,089,179085,381,218,1,219,9
2020-07-19,Sierra,091,2930,1,1,0,1,0
2020-07-19,Siskiyou,093,43540,75,42,0,42,0
2020-07-19,Solano,095,438530,3562,2551,10,2561,26
2020-07-19,Sonoma,097,501317,2889,2074,6,2080,17
2020-07-19,Stanislaus,099,539301,9160,6508,12,6520,58
2020-07-19,Sutter,101,95872,604,480,0,480,2
2020-07-19,Tehama,103,63373,207,138,2,140,1
2020-07-19,Trinity,105,12862,23,2,6,8,0
2020-07-19,Tulare,107,460477,9179,6856,29,6885,166
2020-07-19,Tuolumne,109,53932,126,75,3,78,0
2020-07-19,Ventura,111,848112,7380,5706,25,5731,52
2020-07-19,Yolo,113,214977,1505,1127,3,1130,30
2020-07-19,Yuba,115,75493,329,240,0,240,1
2020-07-18,Alameda,001,1643700,11253,9089,28,9117,162
2020-07-18,Alpine,003,1148,2,2,0,2,0
2020-07-18,Amador,005,37829,99,49,0,49,0
2020-07-18,Butte,007,227075,851,551,13,564,4
2020-07-18,Calaveras,009,45235,101,89,0,89,0
2020-07-18,Colusa,011,21464,274,182,0,182,0
2020-07-18,Contra Costa,013,1133247,7853,5617,23,5640,95
2020-07-18,Del Norte,015,27424,83,61,0,61,0
2020-07-18,El Dorado,017,186661,638,385,5,390,0
2020-07-18,Fresno,019,978130,17502,10381,141,10522,106
2020-07-18,Glenn,021,27897,303,212,0,212,0
2020-07-18,Humboldt,023,135768,218,189,1,190,4
2020-07-18,Imperial,025,180216,9722,7268,5,7273,124
2020-07-18,Inyo,027,18085,42,38,1,39,1
2020-07-18,Kern,029,883053,19860,9250,77,9327,114
2020-07-18,Kings,031,150075,3896,2996,19,3015,37
2020-07-18,Lake,033,64148,186,142,0,142,1
2020-07-18,Lassen,035,31185,544,474,2,476,0
2020-07-18,Los Angeles,037,10098052,173516,153265,308,153573,4088
2020-07-18,Madera,039,155013,2069,1260,3,1263,9
2020-07-18,Marin,041,260295,4760,4089,5,4094,21
2020-07-18,Mariposa,043,17540,49,35,0,35,1
2020-07-18,Mendocino,045,87422,208,137,0,137,0
2020-07-18,Merced,047,269075,4081,2424,2,2426,15
2020-07-18,Modoc,049,8938,3,0,0,0,0
2020-07-18,Mono,051,14174,105,54,1,55,1
2020-07-18,Monterey,053,433212,4142,3020,13,3033,17
2020-07-18,Napa,055,140530,900,609,0,609,5
2020-07-18,Nevada,057,99092,288,204,9,213,1
2020-07-18,Orange,059,3164182,38007,29603,575,30178,493
2020-07-18,Placer,061,380077,1786,1233,3,1236,11
2020-07-18,Plumas,063,18699,30,17,0,17,0
2020-07-18,Riverside,065,2383286,37958,30245,39,30284,581
2020-07-18,Sacramento,067,1510023,9623,6739,10,6749,95
2020-07-18,San Benito,069,59416,544,407,0,407,2
2020-07-18,San Bernardino,071,2135413,33197,23680,94,23774,336
2020-07-18,San Diego,073,3302833,27871,23116,2,23118,478
2020-07-18,San Francisco,075,870044,6057,5051,5,5056,52
2020-07-18,San Joaquin,077,732212,11446,8118,5,8123,93
2020-07-18,San Luis Obispo,079,281455,1689,1234,7,1241,6
2020-07-18,San Mateo,081,765935,5429,4488,7,4495,110
2020-07-18,Santa Barbara,083,443738,5854,5110,50,5160,29
2020-07-18,Santa Clara,085,1922200,10284,7255,26,7281,164
2020-07-18,Santa Cruz,087,273765,993,751,7,758,3
2020-07-18,Shasta,089,179085,372,216,1,217,9
2020-07-18,Sierra,091,2930,1,1,0,1,0
2020-07-18,Siskiyou,093,43540,71,42,0,42,0
2020-07-18,Solano,095,438530,3521,2503,10,2513,26
2020-07-18,Sonoma,097,501317,2838,2019,6,2025,15
2020-07-18,Stanislaus,099,539301,9025,6344,12,6356,58
2020-07-18,Sutter,101,95872,598,473,0,473,2
2020-07-18,Tehama,103,63373,202,136,2,138,1
2020-07-18,Trinity,105,12862,23,2,6,8,0
2020-07-18,Tulare,107,460477,9088,6810,28,6838,167
2020-07-18,Tuolumne,109,53932,123,75,3,78,0
2020-07-18,Ventura,111,848112,7298,5630,25,5655,52
2020-07-18,Yolo,113,214977,1477,1077,3,1080,30
2020-07-18,Yuba,115,75493,318,237,0,237,1
2020-07-17,Alameda,001,1643700,11112,8893,27,8920,160
2020-07-17,Alpine,003,1148,2,1,0,1,0
2020-07-17,Amador,005,37829,97,48,0,48,0
2020-07-17,Butte,007,227075,837,497,13,510,4
2020-07-17,Calaveras,009,45235,99,86,0,86,0
2020-07-17,Colusa,011,21464,272,146,0,146,0
2020-07-17,Contra Costa,013,1133247,7705,5483,23,5506,93
2020-07-17,Del Norte,015,27424,82,60,0,60,0
2020-07-17,El Dorado,017,186661,622,368,5,373,0
2020-07-17,Fresno,019,978130,17204,9954,141,10095,104
2020-07-17,Glenn,021,27897,296,203,0,203,0
2020-07-17,Humboldt,023,135768,217,185,1,186,4
2020-07-17,Imperial,025,180216,9700,7193,5,7198,120
2020-07-17,Inyo,027,18085,42,38,1,39,1
2020-07-17,Kern,029,883053,19540,8291,76,8367,113
2020-07-17,Kings,031,150075,3857,2978,19,2997,37
2020-07-17,Lake,033,64148,184,139,0,139,1
2020-07-17,Lassen,035,31185,525,391,2,393,0
2020-07-17,Los Angeles,037,10098052,171144,150481,296,150777,4052
2020-07-17,Madera,039,155013,2025,1214,3,1217,9
2020-07-17,Marin,041,260295,4723,3839,5,3844,21
2020-07-17,Mariposa,043,17540,47,35,0,35,1
2020-07-17,Mendocino,045,87422,200,126,0,126,0
2020-07-17,Merced,047,269075,4005,2328,2,2330,12
2020-07-17,Modoc,049,8938,2,0,0,0,0
2020-07-17,Mono,051,14174,100,54,1,55,1
2020-07-17,Monterey,053,433212,4013,2922,13,2935,18
2020-07-17,Napa,055,140530,886,598,0,598,5
2020-07-17,Nevada,057,99092,281,200,9,209,1
2020-07-17,Orange,059,3164182,37544,28962,542,29504,485
2020-07-17,Placer,061,380077,1757,1207,3,1210,11
2020-07-17,Plumas,063,18699,27,16,0,16,0
2020-07-17,Riverside,065,2383286,37359,29639,39,29678,580
2020-07-17,Sacramento,067,1510023,9379,6563,10,6573,95
2020-07-17,San Benito,069,59416,529,399,0,399,2
2020-07-17,San Bernardino,071,2135413,32677,23057,91,23148,322
2020-07-17,San Diego,073,3302833,27483,22491,2,22493,472
2020-07-17,San Francisco,075,870044,5963,4967,5,4972,52
2020-07-17,San Joaquin,077,732212,11202,7925,5,7930,86
2020-07-17,San Luis Obispo,079,281455,1652,1190,7,1197,6
2020-07-17,San Mateo,081,765935,5332,4407,7,4414,110
2020-07-17,Santa Barbara,083,443738,5782,5001,49,5050,29
2020-07-17,Santa Clara,085,1922200,10066,7080,26,7106,164
2020-07-17,Santa Cruz,087,273765,971,716,7,723,3
2020-07-17,Shasta,089,179085,360,213,1,214,8
2020-07-17,Sierra,091,2930,1,1,0,1,0
2020-07-17,Siskiyou,093,43540,70,40,0,40,0
2020-07-17,Solano,095,438530,3472,2452,10,2462,26
2020-07-17,Sonoma,097,501317,2789,1982,6,1988,15
2020-07-17,Stanislaus,099,539301,8851,6220,12,6232,56
2020-07-17,Sutter,101,95872,585,458,0,458,2
2020-07-17,Tehama,103,63373,198,128,2,130,1
2020-07-17,Trinity,105,12862,23,2,6,8,0
2020-07-17,Tulare,107,460477,8952,6671,28,6699,166
2020-07-17,Tuolumne,109,53932,122,73,3,76,0
2020-07-17,Ventura,111,848112,7215,5451,25,5476,51
2020-07-17,Yolo,113,214977,1453,1055,3,1058,30
2020-07-17,Yuba,115,75493,308,231,0,231,1
2020-07-16,Alameda,001,1643700,10878,8719,22,8741,153
2020-07-16,Alpine,003,1148,2,1,0,1,0
2020-07-16,Amador,005,37829,94,46,0,46,0
2020-07-16,Butte,007,227075,800,465,12,477,4
2020-07-16,Calaveras,009,45235,97,82,0,82,0
2020-07-16,Colusa,011,21464,263,140,0,140,0
2020-07-16,Contra Costa,013,1133247,7492,5338,17,5355,91
2020-07-16,Del Norte,015,27424,82,60,0,60,0
2020-07-16,El Dorado,017,186661,605,357,5,362,0
2020-07-16,Fresno,019,978130,16693,9481,132,9613,101
2020-07-16,Glenn,021,27897,287,190,0,190,0
2020-07-16,Humboldt,023,135768,215,184,1,185,4
2020-07-16,Imperial,025,180216,9606,7148,5,7153,113
2020-07-16,Inyo,027,18085,42,38,1,39,1
2020-07-16,Kern,029,883053,19018,7435,74,7509,112
2020-07-16,Kings,031,150075,3690,2937,19,2956,37
2020-07-16,Lake,033,64148,179,128,0,128,1
2020-07-16,Lassen,035,31185,524,355,2,357,0
2020-07-16,Los Angeles,037,10098052,167922,147759,271,148030,3994
2020-07-16,Madera,039,155013,1961,1192,3,1195,8
2020-07-16,Marin,041,260295,4651,3546,5,3551,21
2020-07-16,Mariposa,043,17540,45,34,0,34,1
2020-07-16,Mendocino,045,87422,195,121,0,121,0
2020-07-16,Merced,047,269075,3843,2228,2,2230,12
2020-07-16,Modoc,049,8938,1,0,0,0,0
2020-07-16,Mono,051,14174,97,53,1,54,1
2020-07-16,Monterey,053,433212,3908,2857,12,2869,18
2020-07-16,Napa,055,140530,857,581,0,581,5
2020-07-16,Nevada,057,99092,278,191,9,200,1
2020-07-16,Orange,059,3164182,36842,28525,506,29031,471
2020-07-16,Placer,061,380077,1709,1168,3,1171,11
2020-07-16,Plumas,063,18699,25,16,0,16,0
2020-07-16,Riverside,065,2383286,36614,28904,37,28941,577
2020-07-16,Sacramento,067,1510023,9066,6440,9,6449,91
2020-07-16,San Benito,069,59416,512,389,0,389,2
2020-07-16,San Bernardino,071,2135413,31816,22355,73,22428,321
2020-07-16,San Diego,073,3302833,26996,21857,2,21859,465
2020-07-16,San Francisco,075,870044,5822,4838,5,4843,52
2020-07-16,San Joaquin,077,732212,10839,7713,5,7718,82
2020-07-16,San Luis Obispo,079,281455,1608,1146,7,1153,6
2020-07-16,San Mateo,081,765935,5228,4336,7,4343,110
2020-07-16,Santa Barbara,083,443738,5687,4872,48,4920,28
2020-07-16,Santa Clara,085,1922200,9786,6990,24,7014,164
2020-07-16,Santa Cruz,087,273765,930,698,7,705,3
2020-07-16,Shasta,089,179085,345,208,1,209,7
2020-07-16,Sierra,091,2930,1,1,0,1,0
2020-07-16,Siskiyou,093,43540,67,39,0,39,0
2020-07-16,Solano,095,438530,3378,2372,10,2382,25
2020-07-16,Sonoma,097,501317,2699,1954,6,1960,14
2020-07-16,Stanislaus,099,539301,8568,6077,11,6088,56
2020-07-16,Sutter,101,95872,569,444,0,444,2
2020-07-16,Tehama,103,63373,188,126,2,128,1
2020-07-16,Trinity,105,12862,23,2,5,7,0
2020-07-16,Tulare,107,460477,8738,6467,27,6494,163
2020-07-16,Tuolumne,109,53932,117,71,3,74,0
2020-07-16,Ventura,111,848112,7053,5231,25,5256,50
2020-07-16,Yolo,113,214977,1411,1034,3,1037,29
2020-07-16,Yuba,115,75493,290,221,0,221,1
2020-07-15,Alameda,001,1643700,10673,8615,17,8632,153
2020-07-15,Alpine,003,1148,2,1,0,1,0
2020-07-15,Amador,005,37829,73,44,0,44,0
2020-07-15,Butte,007,227075,758,420,12,432,4
2020-07-15,Calaveras,009,45235,97,75,0,75,0
2020-07-15,Colusa,011,21464,258,135,0,135,0
2020-07-15,Contra Costa,013,1133247,7261,5246,17,5263,90
2020-07-15,Del Norte,015,27424,81,60,0,60,0
2020-07-15,El Dorado,017,186661,581,339,5,344,0
2020-07-15,Fresno,019,978130,16219,9124,126,9250,101
2020-07-15,Glenn,021,27897,278,184,0,184,0
2020-07-15,Humboldt,023,135768,213,181,1,182,4
2020-07-15,Imperial,025,180216,9539,7110,5,7115,110
2020-07-15,Inyo,027,18085,42,36,1,37,1
2020-07-15,Kern,029,883053,18398,7155,70,7225,108
2020-07-15,Kings,031,150075,3629,2906,19,2925,37
2020-07-15,Lake,033,64148,177,122,0,122,1
2020-07-15,Lassen,035,31185,520,319,2,321,0
2020-07-15,Los Angeles,037,10098052,164456,143343,256,143599,3946
2020-07-15,Madera,039,155013,1892,1147,3,1150,4
2020-07-15,Marin,041,260295,4596,3458,5,3463,21
2020-07-15,Mariposa,043,17540,45,34,0,34,1
2020-07-15,Mendocino,045,87422,192,119,0,119,0
2020-07-15,Merced,047,269075,3693,2156,2,2158,12
2020-07-15,Modoc,049,8938,1,0,0,0,0
2020-07-15,Mono,051,14174,95,52,1,53,1
2020-07-15,Monterey,053,433212,3796,2780,12,2792,18
2020-07-15,Napa,055,140530,831,573,0,573,5
2020-07-15,Nevada,057,99092,274,185,7,192,1
2020-07-15,Orange,059,3164182,36042,27718,472,28190,454
2020-07-15,Placer,061,380077,1651,1145,3,1148,11
2020-07-15,Plumas,063,18699,25,16,0,16,0
2020-07-15,Riverside,065,2383286,35832,28492,35,28527,568
2020-07-15,Sacramento,067,1510023,8686,6217,9,6226,91
2020-07-15,San Benito,069,59416,503,388,0,388,2
2020-07-15,San Bernardino,071,2135413,31027,21508,57,21565,317
2020-07-15,San Diego,073,3302833,26529,21448,2,21450,448
2020-07-15,San Francisco,075,870044,5709,4757,5,4762,50
2020-07-15,San Joaquin,077,732212,10408,7381,4,7385,75
2020-07-15,San Luis Obispo,079,281455,1565,1097,7,1104,6
2020-07-15,San Mateo,081,765935,5115,4258,7,4265,109
2020-07-15,Santa Barbara,083,443738,5573,4733,48,4781,28
2020-07-15,Santa Clara,085,1922200,9482,6900,24,6924,164
2020-07-15,Santa Cruz,087,273765,894,660,6,666,3
2020-07-15,Shasta,089,179085,336,193,1,194,7
2020-07-15,Sierra,091,2930,1,1,0,1,0
2020-07-15,Siskiyou,093,43540,66,38,0,38,0
2020-07-15,Solano,095,438530,3283,2343,10,2353,25
2020-07-15,Sonoma,097,501317,2601,1920,6,1926,14
2020-07-15,Stanislaus,099,539301,8271,5777,11,5788,56
2020-07-15,Sutter,101,95872,543,433,0,433,2
2020-07-15,Tehama,103,63373,180,126,2,128,1
2020-07-15,Trinity,105,12862,22,2,5,7,0
2020-07-15,Tulare,107,460477,8527,6320,26,6346,156
2020-07-15,Tuolumne,109,53932,110,68,3,71,0
2020-07-15,Ventura,111,848112,6876,5087,25,5112,50
2020-07-15,Yolo,113,214977,1378,1002,3,1005,27
2020-07-15,Yuba,115,75493,278,221,0,221,1
2020-07-14,Alameda,001,1643700,10332,8388,11,8399,151
2020-07-14,Alpine,003,1148,2,1,0,1,0
2020-07-14,Amador,005,37829,69,44,0,44,0
2020-07-14,Butte,007,227075,712,382,12,394,4
2020-07-14,Calaveras,009,45235,95,74,0,74,0
2020-07-14,Colusa,011,21464,248,128,0,128,0
2020-07-14,Contra Costa,013,1133247,7024,5110,15,5125,90
2020-07-14,Del Norte,015,27424,80,60,0,60,0
2020-07-14,El Dorado,017,186661,566,324,5,329,0
2020-07-14,Fresno,019,978130,15799,8941,121,9062,98
2020-07-14,Glenn,021,27897,268,177,0,177,0
2020-07-14,Humboldt,023,135768,210,175,1,176,4
2020-07-14,Imperial,025,180216,9411,7095,5,7100,109
2020-07-14,Inyo,027,18085,42,35,1,36,1
2020-07-14,Kern,029,883053,17639,6979,57,7036,107
2020-07-14,Kings,031,150075,3562,2867,18,2885,37
2020-07-14,Lake,033,64148,171,120,0,120,1
2020-07-14,Lassen,035,31185,503,263,2,265,0
2020-07-14,Los Angeles,037,10098052,161323,140632,227,140859,3900
2020-07-14,Madera,039,155013,1818,1118,3,1121,4
2020-07-14,Marin,041,260295,4482,3451,5,3456,21
2020-07-14,Mariposa,043,17540,41,32,0,32,1
2020-07-14,Mendocino,045,87422,184,110,0,110,0
2020-07-14,Merced,047,269075,3514,2084,2,2086,12
2020-07-14,Modoc,049,8938,1,0,0,0,0
2020-07-14,Mono,051,14174,85,48,1,49,1
2020-07-14,Monterey,053,433212,3683,2724,12,2736,18
2020-07-14,Napa,055,140530,775,557,0,557,4
2020-07-14,Nevada,057,99092,257,180,6,186,1
2020-07-14,Orange,059,3164182,35162,26915,424,27339,432
2020-07-14,Placer,061,380077,1593,1122,3,1125,11
2020-07-14,Plumas,063,18699,24,14,0,14,0
2020-07-14,Riverside,065,2383286,35075,27850,34,27884,547
2020-07-14,Sacramento,067,1510023,8332,5978,9,5987,87
2020-07-14,San Benito,069,59416,484,360,0,360,2
2020-07-14,San Bernardino,071,2135413,30175,20489,47,20536,316
2020-07-14,San Diego,073,3302833,25909,20887,2,20889,436
2020-07-14,San Francisco,075,870044,5558,4659,4,4663,50
2020-07-14,San Joaquin,077,732212,9981,7143,4,7147,75
2020-07-14,San Luis Obispo,079,281455,1527,1060,7,1067,5
2020-07-14,San Mateo,081,765935,5022,4173,7,4180,108
2020-07-14,Santa Barbara,083,443738,5449,4641,46,4687,28
2020-07-14,Santa Clara,085,1922200,9154,6686,21,6707,164
2020-07-14,Santa Cruz,087,273765,855,639,6,645,3
2020-07-14,Shasta,089,179085,327,190,1,191,7
2020-07-14,Sierra,091,2930,1,1,0,1,0
2020-07-14,Siskiyou,093,43540,65,38,0,38,0
2020-07-14,Solano,095,438530,3184,2266,9,2275,25
2020-07-14,Sonoma,097,501317,2508,1866,6,1872,14
2020-07-14,Stanislaus,099,539301,7896,5631,10,5641,53
2020-07-14,Sutter,101,95872,524,405,0,405,2
2020-07-14,Tehama,103,63373,168,123,2,125,1
2020-07-14,Trinity,105,12862,21,2,5,7,0
2020-07-14,Tulare,107,460477,8281,6199,26,6225,156
2020-07-14,Tuolumne,109,53932,105,68,3,71,0
2020-07-14,Ventura,111,848112,6715,4950,25,4975,50
2020-07-14,Yolo,113,214977,1331,966,3,969,27
2020-07-14,Yuba,115,75493,261,210,0,210,1
2020-07-13,Alameda,001,1643700,10023,8115,11,8126,148
2020-07-13,Alpine,003,1148,2,1,0,1,0
2020-07-13,Amador,005,37829,65,42,0,42,0
2020-07-13,Butte,007,227075,676,354,12,366,4
2020-07-13,Calaveras,009,45235,87,63,0,63,0
2020-07-13,Colusa,011,21464,242,116,0,116,0
2020-07-13,Contra Costa,013,1133247,6754,4882,13,4895,88
2020-07-13,Del Norte,015,27424,74,59,0,59,0
2020-07-13,El Dorado,017,186661,535,298,5,303,0
2020-07-13,Fresno,019,978130,15370,8666,116,8782,95
2020-07-13,Glenn,021,27897,261,168,0,168,0
2020-07-13,Humboldt,023,135768,205,174,1,175,4
2020-07-13,Imperial,025,180216,9324,7052,5,7057,109
2020-07-13,Inyo,027,18085,41,35,1,36,1
2020-07-13,Kern,029,883053,16954,6808,51,6859,107
2020-07-13,Kings,031,150075,3511,2824,18,2842,37
2020-07-13,Lake,033,64148,166,118,0,118,1
2020-07-13,Lassen,035,31185,498,237,2,239,0
2020-07-13,Los Angeles,037,10098052,158089,136368,213,136581,3829
2020-07-13,Madera,039,155013,1749,1059,3,1062,4
2020-07-13,Marin,041,260295,4378,3402,5,3407,21
2020-07-13,Mariposa,043,17540,40,31,0,31,1
2020-07-13,Mendocino,045,87422,180,87,0,87,0
2020-07-13,Merced,047,269075,3365,2007,2,2009,12
2020-07-13,Modoc,049,8938,1,0,0,0,0
2020-07-13,Mono,051,14174,81,47,0,47,1
2020-07-13,Monterey,053,433212,3560,2613,9,2622,18
2020-07-13,Napa,055,140530,739,534,0,534,4
2020-07-13,Nevada,057,99092,243,172,6,178,1
2020-07-13,Orange,059,3164182,34298,25978,392,26370,423
2020-07-13,Placer,061,380077,1548,1096,3,1099,11
2020-07-13,Plumas,063,18699,22,14,0,14,0
2020-07-13,Riverside,065,2383286,34150,27136,32,27168,545
2020-07-13,Sacramento,067,1510023,8035,5747,9,5756,85
2020-07-13,San Benito,069,59416,471,343,0,343,2
2020-07-13,San Bernardino,071,2135413,29298,19610,40,19650,313
2020-07-13,San Diego,073,3302833,25342,20348,2,20350,422
2020-07-13,San Francisco,075,870044,5431,4534,3,4537,50
2020-07-13,San Joaquin,077,732212,9566,6927,4,6931,71
2020-07-13,San Luis Obispo,079,281455,1496,989,7,996,5
2020-07-13,San Mateo,081,765935,4891,4057,7,4064,108
2020-07-13,Santa Barbara,083,443738,5335,4441,45,4486,28
2020-07-13,Santa Clara,085,1922200,8831,6488,20,6508,164
2020-07-13,Santa Cruz,087,273765,817,574,6,580,3
2020-07-13,Shasta,089,179085,316,185,1,186,6
2020-07-13,Sierra,091,2930,1,1,0,1,0
2020-07-13,Siskiyou,093,43540,61,37,0,37,0
2020-07-13,Solano,095,438530,3072,2046,9,2055,23
2020-07-13,Sonoma,097,501317,2397,1818,6,1824,14
2020-07-13,Stanislaus,099,539301,7593,5324,9,5333,53
2020-07-13,Sutter,101,95872,486,379,0,379,2
2020-07-13,Tehama,103,63373,155,112,2,114,1
2020-07-13,Trinity,105,12862,21,2,5,7,0
2020-07-13,Tulare,107,460477,8020,5930,24,5954,147
2020-07-13,Tuolumne,109,53932,97,56,3,59,0
2020-07-13,Ventura,111,848112,6525,4800,22,4822,50
2020-07-13,Yolo,113,214977,1285,941,3,944,27
2020-07-13,Yuba,115,75493,246,194,0,194,1
2020-07-12,Alameda,001,1643700,9753,8056,11,8067,148
2020-07-12,Alpine,003,1148,2,1,0,1,0
2020-07-12,Amador,005,37829,55,40,0,40,0
2020-07-12,Butte,007,227075,626,341,11,352,4
2020-07-12,Calaveras,009,45235,87,62,0,62,0
2020-07-12,Colusa,011,21464,208,116,0,116,0
2020-07-12,Contra Costa,013,1133247,6487,4708,11,4719,88
2020-07-12,Del Norte,015,27424,63,59,0,59,0
2020-07-12,El Dorado,017,186661,513,290,5,295,0
2020-07-12,Fresno,019,978130,14945,8407,111,8518,95
2020-07-12,Glenn,021,27897,248,166,0,166,0
2020-07-12,Humboldt,023,135768,201,174,1,175,4
2020-07-12,Imperial,025,180216,9210,6999,5,7004,109
2020-07-12,Inyo,027,18085,39,35,1,36,1
2020-07-12,Kern,029,883053,16211,6662,48,6710,105
2020-07-12,Kings,031,150075,3449,2779,18,2797,34
2020-07-12,Lake,033,64148,157,114,0,114,1
2020-07-12,Lassen,035,31185,491,237,2,239,0
2020-07-12,Los Angeles,037,10098052,154665,133830,184,134014,3816
2020-07-12,Madera,039,155013,1694,1025,3,1028,4
2020-07-12,Marin,041,260295,4302,3358,5,3363,21
2020-07-12,Mariposa,043,17540,39,31,0,31,1
2020-07-12,Mendocino,045,87422,161,88,0,88,0
2020-07-12,Merced,047,269075,3235,1908,2,1910,12
2020-07-12,Modoc,049,8938,1,0,0,0,0
2020-07-12,Mono,051,14174,71,45,0,45,1
2020-07-12,Monterey,053,433212,3445,2521,9,2530,18
2020-07-12,Napa,055,140530,707,519,0,519,4
2020-07-12,Nevada,057,99092,233,166,6,172,1
2020-07-12,Orange,059,3164182,33422,25399,383,25782,422
2020-07-12,Placer,061,380077,1491,1058,3,1061,11
2020-07-12,Plumas,063,18699,21,14,0,14,0
2020-07-12,Riverside,065,2383286,33392,26404,31,26435,542
2020-07-12,Sacramento,067,1510023,7723,5515,7,5522,85
2020-07-12,San Benito,069,59416,456,324,0,324,2
2020-07-12,San Bernardino,071,2135413,28387,19042,36,19078,312
2020-07-12,San Diego,073,3302833,24712,19929,2,19931,422
2020-07-12,San Francisco,075,870044,5281,4535,3,4538,50
2020-07-12,San Joaquin,077,732212,9203,6703,4,6707,71
2020-07-12,San Luis Obispo,079,281455,1449,972,7,979,5
2020-07-12,San Mateo,081,765935,4773,3988,7,3995,108
2020-07-12,Santa Barbara,083,443738,5205,4353,44,4397,28
2020-07-12,Santa Clara,085,1922200,8593,6252,19,6271,164
2020-07-12,Santa Cruz,087,273765,775,573,5,578,3
2020-07-12,Shasta,089,179085,310,173,1,174,6
2020-07-12,Sierra,091,2930,1,1,0,1,0
2020-07-12,Siskiyou,093,43540,59,36,0,36,0
2020-07-12,Solano,095,438530,2947,2037,9,2046,23
2020-07-12,Sonoma,097,501317,2303,1743,6,1749,13
2020-07-12,Stanislaus,099,539301,7289,5177,9,5186,53
2020-07-12,Sutter,101,95872,468,362,0,362,2
2020-07-12,Tehama,103,63373,148,111,2,113,1
2020-07-12,Trinity,105,12862,21,2,5,7,0
2020-07-12,Tulare,107,460477,7765,5864,23,5887,146
2020-07-12,Tuolumne,109,53932,89,52,3,55,0
2020-07-12,Ventura,111,848112,6309,4724,21,4745,50
2020-07-12,Yolo,113,214977,1244,889,3,892,27
2020-07-12,Yuba,115,75493,235,188,0,188,1
2020-07-11,Alameda,001,1643700,9651,7845,11,7856,148
2020-07-11,Alpine,003,1148,2,1,0,1,0
2020-07-11,Amador,005,37829,51,37,0,37,0
2020-07-11,Butte,007,227075,610,325,11,336,4
2020-07-11,Calaveras,009,45235,84,62,0,62,0
2020-07-11,Colusa,011,21464,203,110,0,110,0
2020-07-11,Contra Costa,013,1133247,6372,4650,11,4661,87
2020-07-11,Del Norte,015,27424,63,59,0,59,0
2020-07-11,El Dorado,017,186661,502,283,5,288,0
2020-07-11,Fresno,019,978130,14684,8086,108,8194,95
2020-07-11,Glenn,021,27897,240,161,0,161,0
2020-07-11,Humboldt,023,135768,200,174,1,175,4
2020-07-11,Imperial,025,180216,9171,6884,5,6889,109
2020-07-11,Inyo,027,18085,39,35,1,36,1
2020-07-11,Kern,029,883053,15854,6509,47,6556,103
2020-07-11,Kings,031,150075,3422,2753,18,2771,33
2020-07-11,Lake,033,64148,156,110,0,110,1
2020-07-11,Lassen,035,31185,490,237,2,239,0
2020-07-11,Los Angeles,037,10098052,152946,130479,174,130653,3802
2020-07-11,Madera,039,155013,1653,988,3,991,4
2020-07-11,Marin,041,260295,4274,3191,5,3196,21
2020-07-11,Mariposa,043,17540,39,31,0,31,1
2020-07-11,Mendocino,045,87422,157,88,0,88,0
2020-07-11,Merced,047,269075,3154,1851,2,1853,12
2020-07-11,Modoc,049,8938,1,0,0,0,0
2020-07-11,Mono,051,14174,68,45,0,45,1
2020-07-11,Monterey,053,433212,3356,2376,8,2384,18
2020-07-11,Napa,055,140530,695,509,0,509,4
2020-07-11,Nevada,057,99092,224,163,5,168,1
2020-07-11,Orange,059,3164182,33045,24430,369,24799,422
2020-07-11,Placer,061,380077,1457,1029,3,1032,11
2020-07-11,Plumas,063,18699,21,12,0,12,0
2020-07-11,Riverside,065,2383286,33001,25994,31,26025,538
2020-07-11,Sacramento,067,1510023,7549,5367,7,5374,84
2020-07-11,San Benito,069,59416,441,314,0,314,2
2020-07-11,San Bernardino,071,2135413,27950,18907,34,18941,310
2020-07-11,San Diego,073,3302833,24320,19371,2,19373,422
2020-07-11,San Francisco,075,870044,5185,4430,2,4432,50
2020-07-11,San Joaquin,077,732212,9025,6518,4,6522,72
2020-07-11,San Luis Obispo,079,281455,1401,930,7,937,4
2020-07-11,San Mateo,081,765935,4705,3956,7,3963,108
2020-07-11,Santa Barbara,083,443738,5136,4283,43,4326,28
2020-07-11,Santa Clara,085,1922200,8433,5959,19,5978,164
2020-07-11,Santa Cruz,087,273765,744,571,5,576,3
2020-07-11,Shasta,089,179085,303,168,1,169,6
2020-07-11,Sierra,091,2930,1,1,0,1,0
2020-07-11,Siskiyou,093,43540,59,36,0,36,0
2020-07-11,Solano,095,438530,2906,2034,9,2043,23
2020-07-11,Sonoma,097,501317,2265,1690,6,1696,13
2020-07-11,Stanislaus,099,539301,7149,4911,9,4920,51
2020-07-11,Sutter,101,95872,452,352,0,352,2
2020-07-11,Tehama,103,63373,146,111,2,113,1
2020-07-11,Trinity,105,12862,21,2,5,7,0
2020-07-11,Tulare,107,460477,7659,5780,23,5803,149
2020-07-11,Tuolumne,109,53932,87,50,3,53,0
2020-07-11,Ventura,111,848112,6213,4545,20,4565,49
2020-07-11,Yolo,113,214977,1215,833,3,836,27
2020-07-11,Yuba,115,75493,225,175,0,175,1
2020-07-10,Alameda,001,1643700,9494,7551,11,7562,147
2020-07-10,Alpine,003,1148,2,1,0,1,0
2020-07-10,Amador,005,37829,47,37,0,37,0
2020-07-10,Butte,007,227075,599,318,11,329,4
2020-07-10,Calaveras,009,45235,84,61,0,61,0
2020-07-10,Colusa,011,21464,197,103,0,103,0
2020-07-10,Contra Costa,013,1133247,6233,4482,11,4493,86
2020-07-10,Del Norte,015,27424,63,57,0,57,0
2020-07-10,El Dorado,017,186661,484,266,5,271,0
2020-07-10,Fresno,019,978130,14352,7760,105,7865,93
2020-07-10,Glenn,021,27897,235,157,0,157,0
2020-07-10,Humboldt,023,135768,199,168,1,169,4
2020-07-10,Imperial,025,180216,9126,6878,4,6882,98
2020-07-10,Inyo,027,18085,39,35,1,36,1
2020-07-10,Kern,029,883053,15422,6344,46,6390,102
2020-07-10,Kings,031,150075,3386,2707,18,2725,33
2020-07-10,Lake,033,64148,149,104,0,104,1
2020-07-10,Lassen,035,31185,489,235,2,237,0
2020-07-10,Los Angeles,037,10098052,150525,127503,168,127671,3750
2020-07-10,Madera,039,155013,1607,914,3,917,4
2020-07-10,Marin,041,260295,4211,3101,5,3106,21
2020-07-10,Mariposa,043,17540,38,31,0,31,1
2020-07-10,Mendocino,045,87422,149,88,0,88,0
2020-07-10,Merced,047,269075,3075,1802,2,1804,12
2020-07-10,Modoc,049,8938,1,0,0,0,0
2020-07-10,Mono,051,14174,67,45,0,45,1
2020-07-10,Monterey,053,433212,3278,2285,8,2293,18
2020-07-10,Napa,055,140530,684,496,0,496,4
2020-07-10,Nevada,057,99092,219,161,5,166,1
2020-07-10,Orange,059,3164182,32458,23692,366,24058,416
2020-07-10,Placer,061,380077,1415,1002,3,1005,11
2020-07-10,Plumas,063,18699,19,12,0,12,0
2020-07-10,Riverside,065,2383286,32483,25481,31,25512,533
2020-07-10,Sacramento,067,1510023,7294,5181,7,5188,81
2020-07-10,San Benito,069,59416,432,302,0,302,2
2020-07-10,San Bernardino,071,2135413,27426,18242,31,18273,308
2020-07-10,San Diego,073,3302833,23936,18862,2,18864,420
2020-07-10,San Francisco,075,870044,5094,4305,2,4307,50
2020-07-10,San Joaquin,077,732212,8792,6225,4,6229,67
2020-07-10,San Luis Obispo,079,281455,1363,891,7,898,4
2020-07-10,San Mateo,081,765935,4640,3844,7,3851,107
2020-07-10,Santa Barbara,083,443738,5039,4177,42,4219,28
2020-07-10,Santa Clara,085,1922200,8209,5819,19,5838,164
2020-07-10,Santa Cruz,087,273765,716,540,5,545,3
2020-07-10,Shasta,089,179085,299,158,1,159,6
2020-07-10,Sierra,091,2930,1,1,0,1,0
2020-07-10,Siskiyou,093,43540,59,31,0,31,0
2020-07-10,Solano,095,438530,2859,1950,9,1959,23
2020-07-10,Sonoma,097,501317,2218,1606,5,1611,13
2020-07-10,Stanislaus,099,539301,6979,4781,9,4790,46
2020-07-10,Sutter,101,95872,445,338,0,338,2
2020-07-10,Tehama,103,63373,145,107,2,109,1
2020-07-10,Trinity,105,12862,21,2,5,7,0
2020-07-10,Tulare,107,460477,7522,5677,23,5700,150
2020-07-10,Tuolumne,109,53932,86,49,3,52,0
2020-07-10,Ventura,111,848112,6099,4416,20,4436,48
2020-07-10,Yolo,113,214977,1191,794,3,797,27
2020-07-10,Yuba,115,75493,211,164,0,164,1
2020-07-09,Alameda,001,1643700,9264,7433,11,7444,146
2020-07-09,Alpine,003,1148,2,1,0,1,0
2020-07-09,Amador,005,37829,44,36,0,36,0
2020-07-09,Butte,007,227075,567,295,11,306,4
2020-07-09,Calaveras,009,45235,83,59,0,59,0
2020-07-09,Colusa,011,21464,189,97,0,97,0
2020-07-09,Contra Costa,013,1133247,5992,4388,11,4399,86
2020-07-09,Del Norte,015,27424,63,57,0,57,0
2020-07-09,El Dorado,017,186661,459,255,4,259,0
2020-07-09,Fresno,019,978130,13898,7385,102,7487,90
2020-07-09,Glenn,021,27897,225,150,0,150,0
2020-07-09,Humboldt,023,135768,196,166,1,167,4
2020-07-09,Imperial,025,180216,9028,6778,4,6782,87
2020-07-09,Inyo,027,18085,37,35,1,36,1
2020-07-09,Kern,029,883053,14776,6100,44,6144,95
2020-07-09,Kings,031,150075,3322,2686,18,2704,33
2020-07-09,Lake,033,64148,146,99,0,99,1
2020-07-09,Lassen,035,31185,433,221,2,223,0
2020-07-09,Los Angeles,037,10098052,147266,125062,145,125207,3698
2020-07-09,Madera,039,155013,1530,850,3,853,4
2020-07-09,Marin,041,260295,4061,2975,4,2979,20
2020-07-09,Mariposa,043,17540,38,32,0,32,1
2020-07-09,Mendocino,045,87422,145,88,0,88,0
2020-07-09,Merced,047,269075,2941,1728,2,1730,11
2020-07-09,Modoc,049,8938,1,0,0,0,0
2020-07-09,Mono,051,14174,63,45,0,45,1
2020-07-09,Monterey,053,433212,3153,2223,8,2231,17
2020-07-09,Napa,055,140530,667,468,0,468,4
2020-07-09,Nevada,057,99092,213,156,5,161,1
2020-07-09,Orange,059,3164182,31488,22960,348,23308,407
2020-07-09,Placer,061,380077,1373,982,3,985,11
2020-07-09,Plumas,063,18699,19,12,0,12,0
2020-07-09,Riverside,065,2383286,31590,24980,30,25010,529
2020-07-09,Sacramento,067,1510023,6967,4950,7,4957,81
2020-07-09,San Benito,069,59416,416,295,0,295,2
2020-07-09,San Bernardino,071,2135413,26556,17339,25,17364,307
2020-07-09,San Diego,073,3302833,23344,18404,2,18406,415
2020-07-09,San Francisco,075,870044,4962,4143,2,4145,50
2020-07-09,San Joaquin,077,732212,8433,6004,4,6008,66
2020-07-09,San Luis Obispo,079,281455,1323,869,7,876,3
2020-07-09,San Mateo,081,765935,4514,3792,7,3799,106
2020-07-09,Santa Barbara,083,443738,4907,4068,42,4110,28
2020-07-09,Santa Clara,085,1922200,7948,5638,19,5657,164
2020-07-09,Santa Cruz,087,273765,689,526,5,531,3
2020-07-09,Shasta,089,179085,293,155,1,156,5
2020-07-09,Sierra,091,2930,1,1,0,1,0
2020-07-09,Siskiyou,093,43540,55,31,0,31,0
2020-07-09,Solano,095,438530,2761,1892,9,1901,23
2020-07-09,Sonoma,097,501317,2132,1584,5,1589,13
2020-07-09,Stanislaus,099,539301,6664,4633,8,4641,46
2020-07-09,Sutter,101,95872,428,321,0,321,2
2020-07-09,Tehama,103,63373,140,102,2,104,1
2020-07-09,Trinity,105,12862,21,2,5,7,0
2020-07-09,Tulare,107,460477,7303,5501,22,5523,146
2020-07-09,Tuolumne,109,53932,85,47,3,50,0
2020-07-09,Ventura,111,848112,5931,4278,20,4298,47
2020-07-09,Yolo,113,214977,1143,764,3,767,27
2020-07-09,Yuba,115,75493,194,152,0,152,1
2020-07-08,Alameda,001,1643700,8974,7335,11,7346,142
2020-07-08,Alpine,003,1148,2,1,0,1,0
2020-07-08,Amador,005,37829,41,35,0,35,0
2020-07-08,Butte,007,227075,530,281,11,292,3
2020-07-08,Calaveras,009,45235,78,58,0,58,0
2020-07-08,Colusa,011,21464,176,90,0,90,0
2020-07-08,Contra Costa,013,1133247,5746,4268,9,4277,84
2020-07-08,Del Norte,015,27424,61,57,0,57,0
2020-07-08,El Dorado,017,186661,437,248,4,252,0
2020-07-08,Fresno,019,978130,13482,7102,94,7196,86
2020-07-08,Glenn,021,27897,214,146,0,146,0
2020-07-08,Humboldt,023,135768,193,162,1,163,4
2020-07-08,Imperial,025,180216,8941,6727,4,6731,76
2020-07-08,Inyo,027,18085,37,35,1,36,1
2020-07-08,Kern,029,883053,14198,5873,42,5915,91
2020-07-08,Kings,031,150075,3263,2629,15,2644,33
2020-07-08,Lake,033,64148,139,97,0,97,1
2020-07-08,Lassen,035,31185,337,221,2,223,0
2020-07-08,Los Angeles,037,10098052,144061,123462,118,123580,3650
2020-07-08,Madera,039,155013,1460,828,3,831,4
2020-07-08,Marin,041,260295,3962,2756,4,2760,17
2020-07-08,Mariposa,043,17540,38,31,0,31,1
2020-07-08,Mendocino,045,87422,132,84,0,84,0
2020-07-08,Merced,047,269075,2820,1578,2,1580,11
2020-07-08,Modoc,049,8938,1,0,0,0,0
2020-07-08,Mono,051,14174,60,45,0,45,1
2020-07-08,Monterey,053,433212,3035,2182,7,2189,17
2020-07-08,Napa,055,140530,645,468,0,468,4
2020-07-08,Nevada,057,99092,204,156,5,161,1
2020-07-08,Orange,059,3164182,30537,22088,343,22431,378
2020-07-08,Placer,061,380077,1326,948,3,951,11
2020-07-08,Plumas,063,18699,19,12,0,12,0
2020-07-08,Riverside,065,2383286,30626,24042,29,24071,508
2020-07-08,Sacramento,067,1510023,6678,4799,7,4806,80
2020-07-08,San Benito,069,59416,399,282,0,282,2
2020-07-08,San Bernardino,071,2135413,25702,16510,21,16531,296
2020-07-08,San Diego,073,3302833,22774,17844,2,17846,406
2020-07-08,San Francisco,075,870044,4873,4093,2,4095,50
2020-07-08,San Joaquin,077,732212,8090,5759,4,5763,61
2020-07-08,San Luis Obispo,079,281455,1271,825,7,832,2
2020-07-08,San Mateo,081,765935,4393,3733,7,3740,106
2020-07-08,Santa Barbara,083,443738,4788,3985,42,4027,28
2020-07-08,Santa Clara,085,1922200,7714,5510,19,5529,164
2020-07-08,Santa Cruz,087,273765,656,509,4,513,3
2020-07-08,Shasta,089,179085,284,148,1,149,6
2020-07-08,Sierra,091,2930,1,1,0,1,0
2020-07-08,Siskiyou,093,43540,55,31,0,31,0
2020-07-08,Solano,095,438530,2645,1821,9,1830,23
2020-07-08,Sonoma,097,501317,2056,1495,5,1500,9
2020-07-08,Stanislaus,099,539301,6364,4344,8,4352,46
2020-07-08,Sutter,101,95872,403,298,0,298,2
2020-07-08,Tehama,103,63373,134,100,2,102,1
2020-07-08,Trinity,105,12862,20,2,5,7,0
2020-07-08,Tulare,107,460477,7111,5307,17,5324,138
2020-07-08,Tuolumne,109,53932,81,42,3,45,0
2020-07-08,Ventura,111,848112,5766,4139,20,4159,47
2020-07-08,Yolo,113,214977,1099,727,3,730,26
2020-07-08,Yuba,115,75493,181,145,0,145,1
2020-07-07,Alameda,001,1643700,8654,7097,10,7107,141
2020-07-07,Alpine,003,1148,2,1,0,1,0
2020-07-07,Amador,005,37829,41,33,0,33,0
2020-07-07,Butte,007,227075,487,269,11,280,3
2020-07-07,Calaveras,009,45235,76,58,0,58,0
2020-07-07,Colusa,011,21464,143,84,0,84,0
2020-07-07,Contra Costa,013,1133247,5508,4131,8,4139,84
2020-07-07,Del Norte,015,27424,61,57,0,57,0
2020-07-07,El Dorado,017,186661,417,244,4,248,0
2020-07-07,Fresno,019,978130,13029,6738,94,6832,84
2020-07-07,Glenn,021,27897,205,145,0,145,0
2020-07-07,Humboldt,023,135768,190,150,1,151,4
2020-07-07,Imperial,025,180216,8843,6678,4,6682,51
2020-07-07,Inyo,027,18085,36,32,1,33,1
2020-07-07,Kern,029,883053,13499,5645,38,5683,88
2020-07-07,Kings,031,150075,3200,2623,14,2637,33
2020-07-07,Lake,033,64148,129,94,0,94,1
2020-07-07,Lassen,035,31185,266,219,2,221,0
2020-07-07,Los Angeles,037,10098052,140482,121026,111,121137,3588
2020-07-07,Madera,039,155013,1416,794,3,797,4
2020-07-07,Marin,041,260295,3870,2627,4,2631,17
2020-07-07,Mariposa,043,17540,38,31,0,31,1
2020-07-07,Mendocino,045,87422,124,82,0,82,0
2020-07-07,Merced,047,269075,2646,1531,2,1533,10
2020-07-07,Modoc,049,8938,1,0,0,0,0
2020-07-07,Mono,051,14174,59,42,0,42,1
2020-07-07,Monterey,053,433212,2892,2166,7,2173,17
2020-07-07,Napa,055,140530,626,459,0,459,4
2020-07-07,Nevada,057,99092,198,150,5,155,1
2020-07-07,Orange,059,3164182,29526,21741,329,22070,373
2020-07-07,Placer,061,380077,1285,930,3,933,11
2020-07-07,Plumas,063,18699,17,12,0,12,0
2020-07-07,Riverside,065,2383286,29610,23279,29,23308,499
2020-07-07,Sacramento,067,1510023,6336,4592,7,4599,76
2020-07-07,San Benito,069,59416,381,274,0,274,2
2020-07-07,San Bernardino,071,2135413,24832,16004,19,16023,277
2020-07-07,San Diego,073,3302833,22055,17580,2,17582,399
2020-07-07,San Francisco,075,870044,4781,4045,1,4046,50
2020-07-07,San Joaquin,077,732212,7748,5547,4,5551,59
2020-07-07,San Luis Obispo,079,281455,1210,795,7,802,2
2020-07-07,San Mateo,081,765935,4278,3691,7,3698,106
2020-07-07,Santa Barbara,083,443738,4660,3866,41,3907,27
2020-07-07,Santa Clara,085,1922200,7445,5438,19,5457,164
2020-07-07,Santa Cruz,087,273765,622,502,3,505,2
2020-07-07,Shasta,089,179085,271,144,1,145,6
2020-07-07,Sierra,091,2930,1,1,0,1,0
2020-07-07,Siskiyou,093,43540,54,30,0,30,0
2020-07-07,Solano,095,438530,2534,1776,8,1784,22
2020-07-07,Sonoma,097,501317,1985,1473,5,1478,8
2020-07-07,Stanislaus,099,539301,6026,4101,8,4109,46
2020-07-07,Sutter,101,95872,377,273,0,273,2
2020-07-07,Tehama,103,63373,125,95,2,97,1
2020-07-07,Trinity,105,12862,20,2,5,7,0
2020-07-07,Tulare,107,460477,6931,5189,16,5205,137
2020-07-07,Tuolumne,109,53932,75,40,3,43,0
2020-07-07,Ventura,111,848112,5597,3992,18,4010,46
2020-07-07,Yolo,113,214977,1031,706,3,709,26
2020-07-07,Yuba,115,75493,161,138,0,138,1
2020-07-06,Alameda,001,1643700,8419,6970,10,6980,141
2020-07-06,Alpine,003,1148,1,1,0,1,0
2020-07-06,Amador,005,37829,39,33,0,33,0
2020-07-06,Butte,007,227075,431,257,11,268,2
2020-07-06,Calaveras,009,45235,73,45,0,45,0
2020-07-06,Colusa,011,21464,134,80,0,80,0
2020-07-06,Contra Costa,013,1133247,5280,3901,7,3908,83
2020-07-06,Del Norte,015,27424,60,57,0,57,0
2020-07-06,El Dorado,017,186661,402,232,3,235,0
2020-07-06,Fresno,019,978130,12561,6364,88,6452,82
2020-07-06,Glenn,021,27897,197,129,0,129,0
2020-07-06,Humboldt,023,135768,188,148,1,149,3
2020-07-06,Imperial,025,180216,8725,6443,4,6447,47
2020-07-06,Inyo,027,18085,36,32,1,33,1
2020-07-06,Kern,029,883053,12693,5491,38,5529,82
2020-07-06,Kings,031,150075,3149,2583,10,2593,33
2020-07-06,Lake,033,64148,122,93,0,93,1
2020-07-06,Lassen,035,31185,264,219,2,221,0
2020-07-06,Los Angeles,037,10098052,136881,116707,97,116804,3541
2020-07-06,Madera,039,155013,1346,734,3,737,4
2020-07-06,Marin,041,260295,3630,2136,4,2140,17
2020-07-06,Mariposa,043,17540,36,31,0,31,1
2020-07-06,Mendocino,045,87422,107,72,0,72,0
2020-07-06,Merced,047,269075,2495,1396,2,1398,10
2020-07-06,Modoc,049,8938,1,0,0,0,0
2020-07-06,Mono,051,14174,58,40,0,40,1
2020-07-06,Monterey,053,433212,2803,2078,7,2085,15
2020-07-06,Napa,055,140530,608,454,0,454,4
2020-07-06,Nevada,057,99092,192,146,5,151,1
2020-07-06,Orange,059,3164182,28465,20167,292,20459,372
2020-07-06,Placer,061,380077,1222,904,3,907,11
2020-07-06,Plumas,063,18699,17,11,0,11,0
2020-07-06,Riverside,065,2383286,28555,22485,28,22513,477
2020-07-06,Sacramento,067,1510023,5985,4420,7,4427,71
2020-07-06,San Benito,069,59416,366,264,0,264,2
2020-07-06,San Bernardino,071,2135413,23979,15346,16,15362,272
2020-07-06,San Diego,073,3302833,21323,17002,2,17004,387
2020-07-06,San Francisco,075,870044,4660,3861,1,3862,50
2020-07-06,San Joaquin,077,732212,7377,5104,4,5108,57
2020-07-06,San Luis Obispo,079,281455,1152,751,7,758,2
2020-07-06,San Mateo,081,765935,4186,3650,6,3656,106
2020-07-06,Santa Barbara,083,443738,4523,3763,40,3803,27
2020-07-06,Santa Clara,085,1922200,7173,5369,19,5388,165
2020-07-06,Santa Cruz,087,273765,600,466,2,468,2
2020-07-06,Shasta,089,179085,261,143,1,144,6
2020-07-06,Sierra,091,2930,1,1,0,1,0
2020-07-06,Siskiyou,093,43540,50,30,0,30,0
2020-07-06,Solano,095,438530,2398,1668,8,1676,22
2020-07-06,Sonoma,097,501317,1921,1369,5,1374,8
2020-07-06,Stanislaus,099,539301,5624,3983,8,3991,46
2020-07-06,Sutter,101,95872,350,250,0,250,2
2020-07-06,Tehama,103,63373,122,95,2,97,1
2020-07-06,Trinity,105,12862,19,2,5,7,0
2020-07-06,Tulare,107,460477,6726,5039,14,5053,136
2020-07-06,Tuolumne,109,53932,72,30,3,33,0
2020-07-06,Ventura,111,848112,5404,3912,18,3930,44
2020-07-06,Yolo,113,214977,975,685,3,688,26
2020-07-06,Yuba,115,75493,147,124,0,124,1
2020-07-05,Alameda,001,1643700,8169,6861,10,6871,141
2020-07-05,Alpine,003,1148,1,1,0,1,0
2020-07-05,Amador,005,37829,37,31,0,31,0
2020-07-05,Butte,007,227075,396,248,11,259,2
2020-07-05,Calaveras,009,45235,69,45,0,45,0
2020-07-05,Colusa,011,21464,124,79,0,79,0
2020-07-05,Contra Costa,013,1133247,5033,3665,6,3671,80
2020-07-05,Del Norte,015,27424,60,57,0,57,0
2020-07-05,El Dorado,017,186661,384,227,3,230,0
2020-07-05,Fresno,019,978130,11994,6186,87,6273,82
2020-07-05,Glenn,021,27897,194,129,0,129,0
2020-07-05,Humboldt,023,135768,184,147,1,148,3
2020-07-05,Imperial,025,180216,8589,6441,4,6445,47
2020-07-05,Inyo,027,18085,35,32,1,33,1
2020-07-05,Kern,029,883053,11985,5351,38,5389,82
2020-07-05,Kings,031,150075,3066,2546,9,2555,31
2020-07-05,Lake,033,64148,122,92,0,92,1
2020-07-05,Lassen,035,31185,258,219,2,221,0
2020-07-05,Los Angeles,037,10098052,133650,115133,91,115224,3495
2020-07-05,Madera,039,155013,1269,564,3,567,4
2020-07-05,Marin,041,260295,3448,2080,4,2084,17
2020-07-05,Mariposa,043,17540,36,31,0,31,1
2020-07-05,Mendocino,045,87422,104,72,0,72,0
2020-07-05,Merced,047,269075,2350,1340,2,1342,10
2020-07-05,Modoc,049,8938,1,0,0,0,0
2020-07-05,Mono,051,14174,54,39,0,39,1
2020-07-05,Monterey,053,433212,2700,1994,7,2001,15
2020-07-05,Napa,055,140530,578,450,0,450,4
2020-07-05,Nevada,057,99092,186,141,5,146,1
2020-07-05,Orange,059,3164182,27524,19430,279,19709,372
2020-07-05,Placer,061,380077,1165,855,3,858,11
2020-07-05,Plumas,063,18699,16,11,0,11,0
2020-07-05,Riverside,065,2383286,27699,21511,28,21539,474
2020-07-05,Sacramento,067,1510023,5670,4265,6,4271,71
2020-07-05,San Benito,069,59416,348,258,0,258,2
2020-07-05,San Bernardino,071,2135413,23101,15026,16,15042,270
2020-07-05,San Diego,073,3302833,20632,16728,2,16730,387
2020-07-05,San Francisco,075,870044,4543,3861,1,3862,50
2020-07-05,San Joaquin,077,732212,7058,5015,4,5019,57
2020-07-05,San Luis Obispo,079,281455,1073,730,7,737,2
2020-07-05,San Mateo,081,765935,4076,3575,6,3581,106
2020-07-05,Santa Barbara,083,443738,4376,3671,37,3708,27
2020-07-05,Santa Clara,085,1922200,6877,5237,19,5256,162
2020-07-05,Santa Cruz,087,273765,582,467,0,467,2
2020-07-05,Shasta,089,179085,255,138,1,139,6
2020-07-05,Sierra,091,2930,1,1,0,1,0
2020-07-05,Siskiyou,093,43540,46,30,0,30,0
2020-07-05,Solano,095,438530,2277,1547,8,1555,22
2020-07-05,Sonoma,097,501317,1840,1369,5,1374,8
2020-07-05,Stanislaus,099,539301,5294,3777,7,3784,45
2020-07-05,Sutter,101,95872,322,241,0,241,2
2020-07-05,Tehama,103,63373,120,95,2,97,1
2020-07-05,Trinity,105,12862,19,2,5,7,0
2020-07-05,Tulare,107,460477,6467,4981,12,4993,135
2020-07-05,Tuolumne,109,53932,67,30,3,33,0
2020-07-05,Ventura,111,848112,5201,3866,18,3884,44
2020-07-05,Yolo,113,214977,935,644,3,647,26
2020-07-05,Yuba,115,75493,137,115,0,115,1
2020-07-04,Alameda,001,1643700,8057,6737,10,6747,141
2020-07-04,Alpine,003,1148,1,1,0,1,0
2020-07-04,Amador,005,37829,36,31,0,31,0
2020-07-04,Butte,007,227075,378,224,11,235,2
2020-07-04,Calaveras,009,45235,69,45,0,45,0
2020-07-04,Colusa,011,21464,123,76,0,76,0
2020-07-04,Contra Costa,013,1133247,4887,3583,6,3589,80
2020-07-04,Del Norte,015,27424,60,50,0,50,0
2020-07-04,El Dorado,017,186661,365,211,3,214,0
2020-07-04,Fresno,019,978130,11677,5999,85,6084,82
2020-07-04,Glenn,021,27897,187,128,0,128,0
2020-07-04,Humboldt,023,135768,177,144,1,145,3
2020-07-04,Imperial,025,180216,8540,6441,4,6445,47
2020-07-04,Inyo,027,18085,35,32,1,33,1
2020-07-04,Kern,029,883053,11681,5231,38,5269,81
2020-07-04,Kings,031,150075,3023,2509,9,2518,31
2020-07-04,Lake,033,64148,115,86,0,86,1
2020-07-04,Lassen,035,31185,258,219,2,221,0
2020-07-04,Los Angeles,037,10098052,131834,107256,80,107336,3462
2020-07-04,Madera,039,155013,1223,568,3,571,4
2020-07-04,Marin,041,260295,3419,1962,4,1966,17
2020-07-04,Mariposa,043,17540,36,28,0,28,1
2020-07-04,Mendocino,045,87422,104,72,0,72,0
2020-07-04,Merced,047,269075,2248,1252,2,1254,10
2020-07-04,Modoc,049,8938,1,0,0,0,0
2020-07-04,Mono,051,14174,54,37,0,37,1
2020-07-04,Monterey,053,433212,2620,1878,7,1885,15
2020-07-04,Napa,055,140530,569,426,0,426,4
2020-07-04,Nevada,057,99092,183,125,5,130,1
2020-07-04,Orange,059,3164182,27089,19247,266,19513,372
2020-07-04,Placer,061,380077,1130,796,3,799,11
2020-07-04,Plumas,063,18699,16,11,0,11,0
2020-07-04,Riverside,065,2383286,27333,21508,28,21536,474
2020-07-04,Sacramento,067,1510023,5499,4039,6,4045,71
2020-07-04,San Benito,069,59416,335,255,0,255,2
2020-07-04,San Bernardino,071,2135413,22675,14636,14,14650,270
2020-07-04,San Diego,073,3302833,20172,16166,2,16168,387
2020-07-04,San Francisco,075,870044,4451,3861,1,3862,50
2020-07-04,San Joaquin,077,732212,6846,4807,4,4811,57
2020-07-04,San Luis Obispo,079,281455,1033,699,7,706,2
2020-07-04,San Mateo,081,765935,4013,3532,6,3538,106
2020-07-04,Santa Barbara,083,443738,4301,3520,35,3555,27
2020-07-04,Santa Clara,085,1922200,6686,5045,18,5063,161
2020-07-04,Santa Cruz,087,273765,572,466,0,466,2
2020-07-04,Shasta,089,179085,252,135,1,136,6
2020-07-04,Sierra,091,2930,1,1,0,1,0
2020-07-04,Siskiyou,093,43540,39,30,0,30,0
2020-07-04,Solano,095,438530,2241,1548,8,1556,22
2020-07-04,Sonoma,097,501317,1814,1370,5,1375,8
2020-07-04,Stanislaus,099,539301,5136,3572,7,3579,44
2020-07-04,Sutter,101,95872,303,225,0,225,2
2020-07-04,Tehama,103,63373,117,92,2,94,1
2020-07-04,Trinity,105,12862,19,2,5,7,0
2020-07-04,Tulare,107,460477,6355,4802,12,4814,135
2020-07-04,Tuolumne,109,53932,63,30,3,33,0
2020-07-04,Ventura,111,848112,5077,3687,18,3705,44
2020-07-04,Yolo,113,214977,910,615,3,618,26
2020-07-04,Yuba,115,75493,130,102,0,102,1
2020-07-03,Alameda,001,1643700,7936,6486,10,6496,141
2020-07-03,Alpine,003,1148,1,1,0,1,0
2020-07-03,Amador,005,37829,36,25,0,25,0
2020-07-03,Butte,007,227075,366,212,11,223,2
2020-07-03,Calaveras,009,45235,69,44,0,44,0
2020-07-03,Colusa,011,21464,117,70,0,70,0
2020-07-03,Contra Costa,013,1133247,4751,3447,6,3453,78
2020-07-03,Del Norte,015,27424,60,50,0,50,0
2020-07-03,El Dorado,017,186661,353,201,3,204,0
2020-07-03,Fresno,019,978130,11372,5783,83,5866,81
2020-07-03,Glenn,021,27897,182,122,0,122,0
2020-07-03,Humboldt,023,135768,173,143,1,144,3
2020-07-03,Imperial,025,180216,8492,6345,4,6349,47
2020-07-03,Inyo,027,18085,35,32,1,33,1
2020-07-03,Kern,029,883053,11420,5213,38,5251,81
2020-07-03,Kings,031,150075,2987,2492,9,2501,31
2020-07-03,Lake,033,64148,108,83,0,83,0
2020-07-03,Lassen,035,31185,258,219,2,221,0
2020-07-03,Los Angeles,037,10098052,130321,107236,76,107312,3461
2020-07-03,Madera,039,155013,1178,565,3,568,4
2020-07-03,Marin,041,260295,3390,1776,4,1780,17
2020-07-03,Mariposa,043,17540,36,28,0,28,1
2020-07-03,Mendocino,045,87422,103,72,0,72,0
2020-07-03,Merced,047,269075,2182,1188,2,1190,10
2020-07-03,Modoc,049,8938,1,0,0,0,0
2020-07-03,Mono,051,14174,54,37,0,37,1
2020-07-03,Monterey,053,433212,2550,1804,7,1811,15
2020-07-03,Napa,055,140530,551,388,0,388,4
2020-07-03,Nevada,057,99092,182,125,5,130,1
2020-07-03,Orange,059,3164182,26698,18819,258,19077,366
2020-07-03,Placer,061,380077,1103,745,3,748,11
2020-07-03,Plumas,063,18699,16,11,0,11,0
2020-07-03,Riverside,065,2383286,27027,21171,28,21199,472
2020-07-03,Sacramento,067,1510023,5365,3711,6,3717,71
2020-07-03,San Benito,069,59416,328,243,0,243,2
2020-07-03,San Bernardino,071,2135413,22287,14040,14,14054,269
2020-07-03,San Diego,073,3302833,19717,15698,2,15700,387
2020-07-03,San Francisco,075,870044,4405,3781,1,3782,50
2020-07-03,San Joaquin,077,732212,6708,4416,3,4419,56
2020-07-03,San Luis Obispo,079,281455,998,676,7,683,2
2020-07-03,San Mateo,081,765935,3956,3439,6,3445,106
2020-07-03,Santa Barbara,083,443738,4214,3406,34,3440,27
2020-07-03,Santa Clara,085,1922200,6574,4820,18,4838,161
2020-07-03,Santa Cruz,087,273765,558,436,0,436,2
2020-07-03,Shasta,089,179085,244,113,1,114,6
2020-07-03,Sierra,091,2930,1,1,0,1,0
2020-07-03,Siskiyou,093,43540,36,30,0,30,0
2020-07-03,Solano,095,438530,2197,1496,7,1503,22
2020-07-03,Sonoma,097,501317,1766,1282,5,1287,8
2020-07-03,Stanislaus,099,539301,5012,3021,7,3028,43
2020-07-03,Sutter,101,95872,293,205,0,205,2
2020-07-03,Tehama,103,63373,115,89,2,91,1
2020-07-03,Trinity,105,12862,19,2,5,7,0
2020-07-03,Tulare,107,460477,6240,4656,12,4668,134
2020-07-03,Tuolumne,109,53932,61,27,3,30,0
2020-07-03,Ventura,111,848112,4981,3536,18,3554,44
2020-07-03,Yolo,113,214977,876,586,3,589,25
2020-07-03,Yuba,115,75493,125,96,0,96,1
2020-07-02,Alameda,001,1643700,7810,6386,10,6396,139
2020-07-02,Alpine,003,1148,1,1,0,1,0
2020-07-02,Amador,005,37829,35,23,0,23,0
2020-07-02,Butte,007,227075,349,199,11,210,2
2020-07-02,Calaveras,009,45235,65,42,0,42,0
2020-07-02,Colusa,011,21464,109,60,0,60,0
2020-07-02,Contra Costa,013,1133247,4569,3347,6,3353,77
2020-07-02,Del Norte,015,27424,59,50,0,50,0
2020-07-02,El Dorado,017,186661,342,193,3,196,0
2020-07-02,Fresno,019,978130,10912,5402,82,5484,78
2020-07-02,Glenn,021,27897,176,114,0,114,0
2020-07-02,Humboldt,023,135768,169,138,1,139,3
2020-07-02,Imperial,025,180216,8391,6236,4,6240,47
2020-07-02,Inyo,027,18085,35,29,1,30,1
2020-07-02,Kern,029,883053,10885,5036,36,5072,78
2020-07-02,Kings,031,150075,2936,2419,9,2428,31
2020-07-02,Lake,033,64148,104,81,0,81,0
2020-07-02,Lassen,035,31185,256,218,2,220,0
2020-07-02,Los Angeles,037,10098052,128304,107144,53,107197,3458
2020-07-02,Madera,039,155013,1110,548,3,551,4
2020-07-02,Marin,041,260295,3304,1706,4,1710,17
2020-07-02,Mariposa,043,17540,35,28,0,28,1
2020-07-02,Mendocino,045,87422,99,71,0,71,0
2020-07-02,Merced,047,269075,2085,1122,2,1124,10
2020-07-02,Modoc,049,8938,1,0,0,0,0
2020-07-02,Mono,051,14174,54,37,0,37,1
2020-07-02,Monterey,053,433212,2490,1796,7,1803,15
2020-07-02,Napa,055,140530,534,352,0,352,4
2020-07-02,Nevada,057,99092,176,118,4,122,1
2020-07-02,Orange,059,3164182,25935,17056,245,17301,360
2020-07-02,Placer,061,380077,1079,740,3,743,11
2020-07-02,Plumas,063,18699,15,8,0,8,0
2020-07-02,Riverside,065,2383286,26454,20253,28,20281,458
2020-07-02,Sacramento,067,1510023,5138,3587,6,3593,70
2020-07-02,San Benito,069,59416,320,236,0,236,2
2020-07-02,San Bernardino,071,2135413,21749,13185,14,13199,260
2020-07-02,San Diego,073,3302833,19252,15208,2,15210,377
2020-07-02,San Francisco,075,870044,4310,3676,1,3677,50
2020-07-02,San Joaquin,077,732212,6361,4243,3,4246,56
2020-07-02,San Luis Obispo,079,281455,953,659,7,666,2
2020-07-02,San Mateo,081,765935,3876,3390,6,3396,107
2020-07-02,Santa Barbara,083,443738,4114,3385,32,3417,27
2020-07-02,Santa Clara,085,1922200,6447,4722,18,4740,160
2020-07-02,Santa Cruz,087,273765,535,414,0,414,2
2020-07-02,Shasta,089,179085,241,110,1,111,5
2020-07-02,Sierra,091,2930,1,1,0,1,0
2020-07-02,Siskiyou,093,43540,36,30,0,30,0
2020-07-02,Solano,095,438530,2114,1429,7,1436,21
2020-07-02,Sonoma,097,501317,1708,1244,5,1249,6
2020-07-02,Stanislaus,099,539301,4840,2850,7,2857,41
2020-07-02,Sutter,101,95872,282,195,0,195,2
2020-07-02,Tehama,103,63373,113,86,2,88,1
2020-07-02,Trinity,105,12862,19,2,5,7,0
2020-07-02,Tulare,107,460477,6073,4559,11,4570,132
2020-07-02,Tuolumne,109,53932,58,23,2,25,0
2020-07-02,Ventura,111,848112,4825,3394,18,3412,42
2020-07-02,Yolo,113,214977,844,554,3,557,24
2020-07-02,Yuba,115,75493,115,93,0,93,1
2020-07-01,Alameda,001,1643700,7592,6125,10,6135,137
2020-07-01,Alpine,003,1148,1,1,0,1,0
2020-07-01,Amador,005,37829,34,22,0,22,0
2020-07-01,Butte,007,227075,324,185,11,196,2
2020-07-01,Calaveras,009,45235,63,37,0,37,0
2020-07-01,Colusa,011,21464,103,53,0,53,0
2020-07-01,Contra Costa,013,1133247,4356,3259,6,3265,76
2020-07-01,Del Norte,015,27424,59,50,0,50,0
2020-07-01,El Dorado,017,186661,315,183,3,186,0
2020-07-01,Fresno,019,978130,10477,5111,79,5190,76
2020-07-01,Glenn,021,27897,170,110,0,110,0
2020-07-01,Humboldt,023,135768,164,134,0,134,3
2020-07-01,Imperial,025,180216,8294,6150,4,6154,46
2020-07-01,Inyo,027,18085,34,30,1,31,1
2020-07-01,Kern,029,883053,10251,4853,35,4888,78
2020-07-01,Kings,031,150075,2868,2360,9,2369,30
2020-07-01,Lake,033,64148,103,75,0,75,0
2020-07-01,Lassen,035,31185,255,217,2,219,0
2020-07-01,Los Angeles,037,10098052,125104,105325,44,105369,3408
2020-07-01,Madera,039,155013,1069,519,3,522,4
2020-07-01,Marin,041,260295,3147,1636,4,1640,17
2020-07-01,Mariposa,043,17540,35,29,0,29,1
2020-07-01,Mendocino,045,87422,95,70,0,70,0
2020-07-01,Merced,047,269075,1986,1052,2,1054,10
2020-07-01,Modoc,049,8938,1,0,0,0,0
2020-07-01,Mono,051,14174,51,37,0,37,1
2020-07-01,Monterey,053,433212,2382,1703,6,1709,15
2020-07-01,Napa,055,140530,511,347,0,347,4
2020-07-01,Nevada,057,99092,166,115,4,119,1
2020-07-01,Orange,059,3164182,25050,15662,224,15886,343
2020-07-01,Placer,061,380077,1032,713,3,716,11
2020-07-01,Plumas,063,18699,13,8,0,8,0
2020-07-01,Riverside,065,2383286,25611,19537,27,19564,457
2020-07-01,Sacramento,067,1510023,4883,3425,6,3431,64
2020-07-01,San Benito,069,59416,311,219,0,219,2
2020-07-01,San Bernardino,071,2135413,20855,12712,11,12723,253
2020-07-01,San Diego,073,3302833,18684,14624,2,14626,372
2020-07-01,San Francisco,075,870044,4217,3626,1,3627,50
2020-07-01,San Joaquin,077,732212,6003,3990,3,3993,54
2020-07-01,San Luis Obispo,079,281455,926,613,7,620,1
2020-07-01,San Mateo,081,765935,3814,3326,6,3332,84
2020-07-01,Santa Barbara,083,443738,3994,3268,31,3299,27
2020-07-01,Santa Clara,085,1922200,6261,4547,17,4564,159
2020-07-01,Santa Cruz,087,273765,511,398,0,398,2
2020-07-01,Shasta,089,179085,236,104,1,105,5
2020-07-01,Sierra,091,2930,1,1,0,1,0
2020-07-01,Siskiyou,093,43540,36,28,0,28,0
2020-07-01,Solano,095,438530,2022,1350,7,1357,21
2020-07-01,Sonoma,097,501317,1613,1178,5,1183,6
2020-07-01,Stanislaus,099,539301,4562,2619,7,2626,41
2020-07-01,Sutter,101,95872,269,188,0,188,2
2020-07-01,Tehama,103,63373,106,80,2,82,1
2020-07-01,Trinity,105,12862,19,2,4,6,0
2020-07-01,Tulare,107,460477,5895,4359,11,4370,128
2020-07-01,Tuolumne,109,53932,55,17,2,19,0
2020-07-01,Ventura,111,848112,4683,3224,16,3240,41
2020-07-01,Yolo,113,214977,793,526,3,529,24
2020-07-01,Yuba,115,75493,110,57,0,57,1
2020-06-30,Alameda,001,1643700,7345,5959,8,5967,137
2020-06-30,Alpine,003,1148,1,1,0,1,0
2020-06-30,Amador,005,37829,34,21,0,21,0
2020-06-30,Butte,007,227075,307,163,11,174,2
2020-06-30,Calaveras,009,45235,58,31,0,31,0
2020-06-30,Colusa,011,21464,94,33,0,33,0
2020-06-30,Contra Costa,013,1133247,4145,3140,6,3146,75
2020-06-30,Del Norte,015,27424,59,48,0,48,0
2020-06-30,El Dorado,017,186661,302,175,3,178,0
2020-06-30,Fresno,019,978130,10031,4826,74,4900,75
2020-06-30,Glenn,021,27897,165,96,0,96,0
2020-06-30,Humboldt,023,135768,160,132,0,132,3
2020-06-30,Imperial,025,180216,8195,5968,4,5972,45
2020-06-30,Inyo,027,18085,34,30,1,31,1
2020-06-30,Kern,029,883053,9604,4721,32,4753,75
2020-06-30,Kings,031,150075,2819,2315,6,2321,30
2020-06-30,Lake,033,64148,95,56,0,56,0
2020-06-30,Lassen,035,31185,248,215,2,217,0
2020-06-30,Los Angeles,037,10098052,121519,103640,41,103681,3378
2020-06-30,Madera,039,155013,1012,475,3,478,4
2020-06-30,Marin,041,260295,3076,1614,4,1618,17
2020-06-30,Mariposa,043,17540,34,27,0,27,1
2020-06-30,Mendocino,045,87422,90,65,0,65,0
2020-06-30,Merced,047,269075,1849,970,2,972,10
2020-06-30,Modoc,049,8938,1,0,0,0,0
2020-06-30,Mono,051,14174,49,36,0,36,1
2020-06-30,Monterey,053,433212,2285,1657,6,1663,15
2020-06-30,Napa,055,140530,486,342,0,342,4
2020-06-30,Nevada,057,99092,158,113,4,117,1
2020-06-30,Orange,059,3164182,24118,14354,214,14568,335
2020-06-30,Placer,061,380077,1005,667,3,670,11
2020-06-30,Plumas,063,18699,12,8,0,8,0
2020-06-30,Riverside,065,2383286,24893,18656,26,18682,449
2020-06-30,Sacramento,067,1510023,4594,3246,6,3252,64
2020-06-30,San Benito,069,59416,300,200,0,200,2
2020-06-30,San Bernardino,071,2135413,19873,12375,10,12385,249
2020-06-30,San Diego,073,3302833,17979,14150,2,14152,365
2020-06-30,San Francisco,075,870044,4112,3555,1,3556,50
2020-06-30,San Joaquin,077,732212,5628,3744,3,3747,52
2020-06-30,San Luis Obispo,079,281455,888,583,7,590,1
2020-06-30,San Mateo,081,765935,3736,3268,6,3274,84
2020-06-30,Santa Barbara,083,443738,3878,3102,31,3133,25
2020-06-30,Santa Clara,085,1922200,6057,4346,17,4363,157
2020-06-30,Santa Cruz,087,273765,485,379,0,379,2
2020-06-30,Shasta,089,179085,220,100,1,101,5
2020-06-30,Sierra,091,2930,1,1,0,1,0
2020-06-30,Siskiyou,093,43540,35,26,0,26,0
2020-06-30,Solano,095,438530,1930,1256,7,1263,21
2020-06-30,Sonoma,097,501317,1550,1122,5,1127,6
2020-06-30,Stanislaus,099,539301,4265,2578,7,2585,41
2020-06-30,Sutter,101,95872,246,168,0,168,2
2020-06-30,Tehama,103,63373,104,75,2,77,1
2020-06-30,Trinity,105,12862,19,2,4,6,0
2020-06-30,Tulare,107,460477,5686,4207,11,4218,117
2020-06-30,Tuolumne,109,53932,51,16,2,18,0
2020-06-30,Ventura,111,848112,4549,3030,16,3046,40
2020-06-30,Yolo,113,214977,755,515,3,518,24
2020-06-30,Yuba,115,75493,106,55,0,55,1
2020-06-29,Alameda,001,1643700,7137,5766,8,5774,135
2020-06-29,Alpine,003,1148,1,1,0,1,0
2020-06-29,Amador,005,37829,31,20,0,20,0
2020-06-29,Butte,007,227075,286,157,11,168,2
2020-06-29,Calaveras,009,45235,56,30,0,30,0
2020-06-29,Colusa,011,21464,89,17,0,17,0
2020-06-29,Contra Costa,013,1133247,3981,2976,5,2981,75
2020-06-29,Del Norte,015,27424,59,47,0,47,0
2020-06-29,El Dorado,017,186661,288,163,1,164,0
2020-06-29,Fresno,019,978130,9683,4531,72,4603,74
2020-06-29,Glenn,021,27897,156,77,0,77,0
2020-06-29,Humboldt,023,135768,159,128,0,128,3
2020-06-29,Imperial,025,180216,8064,5512,4,5516,45
2020-06-29,Inyo,027,18085,33,29,0,29,1
2020-06-29,Kern,029,883053,8941,4613,30,4643,73
2020-06-29,Kings,031,150075,2754,2280,6,2286,20
2020-06-29,Lake,033,64148,88,53,0,53,0
2020-06-29,Lassen,035,31185,240,77,2,79,0
2020-06-29,Los Angeles,037,10098052,118480,100846,35,100881,3337
2020-06-29,Madera,039,155013,955,422,3,425,4
2020-06-29,Marin,041,260295,3000,1517,4,1521,17
2020-06-29,Mariposa,043,17540,32,25,0,25,1
2020-06-29,Mendocino,045,87422,87,63,0,63,0
2020-06-29,Merced,047,269075,1743,848,2,850,10
2020-06-29,Modoc,049,8938,1,0,0,0,0
2020-06-29,Mono,051,14174,47,35,0,35,1
2020-06-29,Monterey,053,433212,2213,1614,6,1620,14
2020-06-29,Napa,055,140530,464,317,0,317,4
2020-06-29,Nevada,057,99092,155,107,3,110,1
2020-06-29,Orange,059,3164182,23127,13682,199,13881,324
2020-06-29,Placer,061,380077,969,628,3,631,11
2020-06-29,Plumas,063,18699,12,6,0,6,0
2020-06-29,Riverside,065,2383286,23859,17683,26,17709,432
2020-06-29,Sacramento,067,1510023,4307,2985,6,2991,62
2020-06-29,San Benito,069,59416,285,193,0,193,2
2020-06-29,San Bernardino,071,2135413,18910,11643,10,11653,245
2020-06-29,San Diego,073,3302833,17401,13834,2,13836,361
2020-06-29,San Francisco,075,870044,4035,3389,1,3390,50
2020-06-29,San Joaquin,077,732212,5270,3202,3,3205,52
2020-06-29,San Luis Obispo,079,281455,854,544,7,551,1
2020-06-29,San Mateo,081,765935,3682,3170,6,3176,84
2020-06-29,Santa Barbara,083,443738,3769,2933,30,2963,25
2020-06-29,Santa Clara,085,1922200,5887,4231,17,4248,157
2020-06-29,Santa Cruz,087,273765,467,348,0,348,2
2020-06-29,Shasta,089,179085,212,94,1,95,5
2020-06-29,Sierra,091,2930,1,1,0,1,0
2020-06-29,Siskiyou,093,43540,35,25,0,25,0
2020-06-29,Solano,095,438530,1827,1077,7,1084,21
2020-06-29,Sonoma,097,501317,1478,1103,5,1108,5
2020-06-29,Stanislaus,099,539301,4059,2400,6,2406,36
2020-06-29,Sutter,101,95872,224,152,0,152,2
2020-06-29,Tehama,103,63373,100,63,2,65,1
2020-06-29,Trinity,105,12862,18,2,4,6,0
2020-06-29,Tulare,107,460477,5532,3906,10,3916,117
2020-06-29,Tuolumne,109,53932,47,16,2,18,0
2020-06-29,Ventura,111,848112,4402,2794,16,2810,40
2020-06-29,Yolo,113,214977,722,483,3,486,24
2020-06-29,Yuba,115,75493,93,55,0,55,1
2020-06-28,Alameda,001,1643700,6878,5698,8,5706,135
2020-06-28,Alpine,003,1148,1,1,0,1,0
2020-06-28,Amador,005,37829,29,20,0,20,0
2020-06-28,Butte,007,227075,266,150,11,161,2
2020-06-28,Calaveras,009,45235,51,30,0,30,0
2020-06-28,Colusa,011,21464,74,17,0,17,0
2020-06-28,Contra Costa,013,1133247,3791,2803,4,2807,73
2020-06-28,Del Norte,015,27424,58,47,0,47,0
2020-06-28,El Dorado,017,186661,276,162,1,163,0
2020-06-28,Fresno,019,978130,9320,4365,72,4437,74
2020-06-28,Glenn,021,27897,148,77,0,77,0
2020-06-28,Humboldt,023,135768,156,127,0,127,3
2020-06-28,Imperial,025,180216,7875,5513,4,5517,45
2020-06-28,Inyo,027,18085,33,29,0,29,1
2020-06-28,Kern,029,883053,8390,4541,27,4568,72
2020-06-28,Kings,031,150075,2694,2234,6,2240,18
2020-06-28,Lake,033,64148,84,53,0,53,0
2020-06-28,Lassen,035,31185,240,77,2,79,0
2020-06-28,Los Angeles,037,10098052,115277,98003,31,98034,3316
2020-06-28,Madera,039,155013,907,424,3,427,4
2020-06-28,Marin,041,260295,2654,1473,4,1477,17
2020-06-28,Mariposa,043,17540,32,24,0,24,1
2020-06-28,Mendocino,045,87422,85,63,0,63,0
2020-06-28,Merced,047,269075,1630,814,2,816,10
2020-06-28,Modoc,049,8938,1,0,0,0,0
2020-06-28,Mono,051,14174,47,35,0,35,1
2020-06-28,Monterey,053,433212,2131,1560,6,1566,13
2020-06-28,Napa,055,140530,430,307,0,307,4
2020-06-28,Nevada,057,99092,144,102,3,105,1
2020-06-28,Orange,059,3164182,22153,13213,181,13394,324
2020-06-28,Placer,061,380077,930,618,3,621,11
2020-06-28,Plumas,063,18699,11,6,0,6,0
2020-06-28,Riverside,065,2383286,23031,16848,25,16873,432
2020-06-28,Sacramento,067,1510023,4079,2803,6,2809,63
2020-06-28,San Benito,069,59416,274,190,0,190,2
2020-06-28,San Bernardino,071,2135413,18157,11344,9,11353,245
2020-06-28,San Diego,073,3302833,16856,13333,2,13335,361
2020-06-28,San Francisco,075,870044,3957,3388,1,3389,50
2020-06-28,San Joaquin,077,732212,4933,3201,3,3204,52
2020-06-28,San Luis Obispo,079,281455,815,531,6,537,1
2020-06-28,San Mateo,081,765935,3605,3124,5,3129,84
2020-06-28,Santa Barbara,083,443738,3624,2872,30,2902,25
2020-06-28,Santa Clara,085,1922200,5724,4131,17,4148,156
2020-06-28,Santa Cruz,087,273765,444,349,0,349,2
2020-06-28,Shasta,089,179085,199,89,0,89,5
2020-06-28,Sierra,091,2930,1,1,0,1,0
2020-06-28,Siskiyou,093,43540,35,25,0,25,0
2020-06-28,Solano,095,438530,1752,1077,7,1084,21
2020-06-28,Sonoma,097,501317,1424,1084,5,1089,5
2020-06-28,Stanislaus,099,539301,3853,2376,6,2382,36
2020-06-28,Sutter,101,95872,198,145,0,145,2
2020-06-28,Tehama,103,63373,93,63,2,65,1
2020-06-28,Trinity,105,12862,17,2,4,6,0
2020-06-28,Tulare,107,460477,5364,3812,10,3822,117
2020-06-28,Tuolumne,109,53932,42,14,2,16,0
2020-06-28,Ventura,111,848112,4244,2650,16,2666,40
2020-06-28,Yolo,113,214977,687,468,3,471,24
2020-06-28,Yuba,115,75493,89,39,0,39,1
2020-06-27,Alameda,001,1643700,6782,5581,8,5589,135
2020-06-27,Alpine,003,1148,1,1,0,1,0
2020-06-27,Amador,005,37829,27,20,0,20,0
2020-06-27,Butte,007,227075,258,137,11,148,2
2020-06-27,Calaveras,009,45235,49,30,0,30,0
2020-06-27,Colusa,011,21464,68,17,0,17,0
2020-06-27,Contra Costa,013,1133247,3697,2717,3,2720,72
2020-06-27,Del Norte,015,27424,58,47,0,47,0
2020-06-27,El Dorado,017,186661,270,159,1,160,0
2020-06-27,Fresno,019,978130,9074,4238,72,4310,74
2020-06-27,Glenn,021,27897,144,77,0,77,0
2020-06-27,Humboldt,023,135768,154,127,0,127,3
2020-06-27,Imperial,025,180216,7814,5513,4,5517,45
2020-06-27,Inyo,027,18085,33,29,0,29,1
2020-06-27,Kern,029,883053,8127,4411,26,4437,70
2020-06-27,Kings,031,150075,2668,2187,6,2193,18
2020-06-27,Lake,033,64148,81,42,0,42,0
2020-06-27,Lassen,035,31185,240,33,2,35,0
2020-06-27,Los Angeles,037,10098052,113536,95341,28,95369,3291
2020-06-27,Madera,039,155013,864,427,2,429,4
2020-06-27,Marin,041,260295,2609,1423,4,1427,17
2020-06-27,Mariposa,043,17540,31,22,0,22,1
2020-06-27,Mendocino,045,87422,85,63,0,63,0
2020-06-27,Merced,047,269075,1572,807,1,808,10
2020-06-27,Modoc,049,8938,1,0,0,0,0
2020-06-27,Mono,051,14174,46,35,0,35,1
2020-06-27,Monterey,053,433212,2067,1455,6,1461,12
2020-06-27,Napa,055,140530,420,282,0,282,3
2020-06-27,Nevada,057,99092,140,102,2,104,1
2020-06-27,Orange,059,3164182,21642,12951,176,13127,320
2020-06-27,Placer,061,380077,909,584,3,587,10
2020-06-27,Plumas,063,18699,11,6,0,6,0
2020-06-27,Riverside,065,2383286,22642,16209,25,16234,432
2020-06-27,Sacramento,067,1510023,3962,2685,6,2691,63
2020-06-27,San Benito,069,59416,267,182,0,182,2
2020-06-27,San Bernardino,071,2135413,17781,11238,9,11247,243
2020-06-27,San Diego,073,3302833,16491,12836,2,12838,360
2020-06-27,San Francisco,075,870044,3902,3332,1,3333,49
2020-06-27,San Joaquin,077,732212,4767,2995,3,2998,52
2020-06-27,San Luis Obispo,079,281455,792,505,6,511,1
2020-06-27,San Mateo,081,765935,3548,3083,5,3088,83
2020-06-27,Santa Barbara,083,443738,3552,2799,30,2829,25
2020-06-27,Santa Clara,085,1922200,5618,4006,17,4023,157
2020-06-27,Santa Cruz,087,273765,437,347,0,347,2
2020-06-27,Shasta,089,179085,193,87,0,87,5
2020-06-27,Sierra,091,2930,1,1,0,1,0
2020-06-27,Siskiyou,093,43540,35,25,0,25,0
2020-06-27,Solano,095,438530,1719,1076,7,1083,21
2020-06-27,Sonoma,097,501317,1391,1004,5,1009,5
2020-06-27,Stanislaus,099,539301,3753,2164,6,2170,36
2020-06-27,Sutter,101,95872,191,141,0,141,2
2020-06-27,Tehama,103,63373,90,63,2,65,1
2020-06-27,Trinity,105,12862,17,2,4,6,0
2020-06-27,Tulare,107,460477,5267,3810,10,3820,117
2020-06-27,Tuolumne,109,53932,41,13,2,15,0
2020-06-27,Ventura,111,848112,4144,2471,16,2487,40
2020-06-27,Yolo,113,214977,663,432,3,435,24
2020-06-27,Yuba,115,75493,81,39,0,39,1
2020-06-26,Alameda,001,1643700,6696,5502,7,5509,132
2020-06-26,Alpine,003,1148,1,1,0,1,0
2020-06-26,Amador,005,37829,26,20,0,20,0
2020-06-26,Butte,007,227075,243,135,11,146,2
2020-06-26,Calaveras,009,45235,47,30,0,30,0
2020-06-26,Colusa,011,21464,63,17,0,17,0
2020-06-26,Contra Costa,013,1133247,3584,2676,3,2679,72
2020-06-26,Del Norte,015,27424,57,47,0,47,0
2020-06-26,El Dorado,017,186661,262,159,1,160,0
2020-06-26,Fresno,019,978130,8848,4166,72,4238,74
2020-06-26,Glenn,021,27897,137,71,0,71,0
2020-06-26,Humboldt,023,135768,152,126,0,126,3
2020-06-26,Imperial,025,180216,7751,5400,4,5404,44
2020-06-26,Inyo,027,18085,32,29,0,29,1
2020-06-26,Kern,029,883053,7797,4366,26,4392,70
2020-06-26,Kings,031,150075,2636,2176,5,2181,18
2020-06-26,Lake,033,64148,80,42,0,42,0
2020-06-26,Lassen,035,31185,239,30,2,32,0
2020-06-26,Los Angeles,037,10098052,111370,93328,28,93356,3275
2020-06-26,Madera,039,155013,832,409,2,411,4
2020-06-26,Marin,041,260295,2572,1406,4,1410,17
2020-06-26,Mariposa,043,17540,30,21,0,21,1
2020-06-26,Mendocino,045,87422,82,63,0,63,0
2020-06-26,Merced,047,269075,1526,797,1,798,10
2020-06-26,Modoc,049,8938,1,0,0,0,0
2020-06-26,Mono,051,14174,45,35,0,35,1
2020-06-26,Monterey,053,433212,2015,1449,6,1455,12
2020-06-26,Napa,055,140530,410,277,0,277,3
2020-06-26,Nevada,057,99092,136,101,1,102,1
2020-06-26,Orange,059,3164182,20966,12659,173,12832,320
2020-06-26,Placer,061,380077,880,584,3,587,10
2020-06-26,Plumas,063,18699,11,6,0,6,0
2020-06-26,Riverside,065,2383286,22179,15858,25,15883,430
2020-06-26,Sacramento,067,1510023,3797,2687,6,2693,63
2020-06-26,San Benito,069,59416,263,176,0,176,2
2020-06-26,San Bernardino,071,2135413,17403,11111,9,11120,243
2020-06-26,San Diego,073,3302833,16126,12402,2,12404,358
2020-06-26,San Francisco,075,870044,3847,3330,1,3331,49
2020-06-26,San Joaquin,077,732212,4553,2943,3,2946,52
2020-06-26,San Luis Obispo,079,281455,777,498,6,504,1
2020-06-26,San Mateo,081,765935,3496,3055,5,3060,83
2020-06-26,Santa Barbara,083,443738,3462,2784,28,2812,25
2020-06-26,Santa Clara,085,1922200,5518,3968,17,3985,156
2020-06-26,Santa Cruz,087,273765,430,344,0,344,2
2020-06-26,Shasta,089,179085,186,86,0,86,5
2020-06-26,Sierra,091,2930,1,1,0,1,0
2020-06-26,Siskiyou,093,43540,34,24,0,24,0
2020-06-26,Solano,095,438530,1677,1068,7,1075,21
2020-06-26,Sonoma,097,501317,1360,977,5,982,5
2020-06-26,Stanislaus,099,539301,3640,2157,6,2163,36
2020-06-26,Sutter,101,95872,184,138,0,138,2
2020-06-26,Tehama,103,63373,87,63,2,65,1
2020-06-26,Trinity,105,12862,17,2,4,6,0
2020-06-26,Tulare,107,460477,5178,3720,10,3730,117
2020-06-26,Tuolumne,109,53932,39,10,2,12,0
2020-06-26,Ventura,111,848112,4058,2444,16,2460,40
2020-06-26,Yolo,113,214977,640,418,3,421,24
2020-06-26,Yuba,115,75493,75,38,0,38,1
2020-06-25,Alameda,001,1643700,6507,5398,7,5405,130
2020-06-25,Alpine,003,1148,1,1,0,1,0
2020-06-25,Amador,005,37829,25,18,0,18,0
2020-06-25,Butte,007,227075,238,127,11,138,1
2020-06-25,Calaveras,009,45235,42,26,0,26,0
2020-06-25,Colusa,011,21464,53,14,0,14,0
2020-06-25,Contra Costa,013,1133247,3399,2591,3,2594,71
2020-06-25,Del Norte,015,27424,55,47,0,47,0
2020-06-25,El Dorado,017,186661,254,150,1,151,0
2020-06-25,Fresno,019,978130,8535,3938,71,4009,71
2020-06-25,Glenn,021,27897,132,59,0,59,0
2020-06-25,Humboldt,023,135768,151,121,0,121,3
2020-06-25,Imperial,025,180216,7622,5192,4,5196,44
2020-06-25,Inyo,027,18085,29,27,0,27,1
2020-06-25,Kern,029,883053,7373,4236,23,4259,69
2020-06-25,Kings,031,150075,2584,2110,5,2115,17
2020-06-25,Lake,033,64148,79,42,0,42,0
2020-06-25,Lassen,035,31185,233,13,2,15,0
2020-06-25,Los Angeles,037,10098052,108601,91524,28,91552,3239
2020-06-25,Madera,039,155013,788,380,2,382,4
2020-06-25,Marin,041,260295,2470,1321,4,1325,17
2020-06-25,Mariposa,043,17540,29,20,0,20,1
2020-06-25,Mendocino,045,87422,79,61,0,61,0
2020-06-25,Merced,047,269075,1439,747,1,748,10
2020-06-25,Modoc,049,8938,1,0,0,0,0
2020-06-25,Mono,051,14174,44,35,0,35,1
2020-06-25,Monterey,053,433212,1927,1426,5,1431,12
2020-06-25,Napa,055,140530,392,260,0,260,3
2020-06-25,Nevada,057,99092,128,92,1,93,1
2020-06-25,Orange,059,3164182,20045,12221,171,12392,311
2020-06-25,Placer,061,380077,826,574,3,577,10
2020-06-25,Plumas,063,18699,10,6,0,6,0
2020-06-25,Riverside,065,2383286,21424,15224,25,15249,427
2020-06-25,Sacramento,067,1510023,3574,2519,6,2525,62
2020-06-25,San Benito,069,59416,255,174,0,174,2
2020-06-25,San Bernardino,071,2135413,16652,10590,9,10599,242
2020-06-25,San Diego,073,3302833,15587,11963,2,11965,352
2020-06-25,San Francisco,075,870044,3781,3252,1,3253,48
2020-06-25,San Joaquin,077,732212,4281,2803,3,2806,50
2020-06-25,San Luis Obispo,079,281455,745,473,6,479,1
2020-06-25,San Mateo,081,765935,3428,2996,4,3000,82
2020-06-25,Santa Barbara,083,443738,3357,2622,27,2649,25
2020-06-25,Santa Clara,085,1922200,5368,3871,17,3888,156
2020-06-25,Santa Cruz,087,273765,418,335,0,335,2
2020-06-25,Shasta,089,179085,176,84,0,84,5
2020-06-25,Sierra,091,2930,1,1,0,1,0
2020-06-25,Siskiyou,093,43540,33,24,0,24,0
2020-06-25,Solano,095,438530,1624,1034,7,1041,21
2020-06-25,Sonoma,097,501317,1311,953,4,957,5
2020-06-25,Stanislaus,099,539301,3428,2130,6,2136,36
2020-06-25,Sutter,101,95872,172,126,0,126,2
2020-06-25,Tehama,103,63373,83,59,2,61,1
2020-06-25,Trinity,105,12862,17,2,4,6,0
2020-06-25,Tulare,107,460477,5047,3656,10,3666,117
2020-06-25,Tuolumne,109,53932,38,10,1,11,0
2020-06-25,Ventura,111,848112,3876,2346,15,2361,40
2020-06-25,Yolo,113,214977,611,397,3,400,24
2020-06-25,Yuba,115,75493,64,38,0,38,1
2020-06-24,Alameda,001,1643700,6345,5242,7,5249,123
2020-06-24,Alpine,003,1148,1,1,0,1,0
2020-06-24,Amador,005,37829,23,16,0,16,0
2020-06-24,Butte,007,227075,222,119,10,129,1
2020-06-24,Calaveras,009,45235,40,26,0,26,0
2020-06-24,Colusa,011,21464,44,11,0,11,0
2020-06-24,Contra Costa,013,1133247,3243,2520,3,2523,66
2020-06-24,Del Norte,015,27424,49,47,0,47,0
2020-06-24,El Dorado,017,186661,238,149,1,150,0
2020-06-24,Fresno,019,978130,8204,3765,71,3836,71
2020-06-24,Glenn,021,27897,124,54,0,54,0
2020-06-24,Humboldt,023,135768,151,117,0,117,3
2020-06-24,Imperial,025,180216,7504,5138,4,5142,38
2020-06-24,Inyo,027,18085,29,28,0,28,1
2020-06-24,Kern,029,883053,6980,4155,21,4176,67
2020-06-24,Kings,031,150075,2520,2063,5,2068,16
2020-06-24,Lake,033,64148,66,40,0,40,0
2020-06-24,Lassen,035,31185,232,9,2,11,0
2020-06-24,Los Angeles,037,10098052,105839,89566,28,89594,3186
2020-06-24,Madera,039,155013,766,373,2,375,4
2020-06-24,Marin,041,260295,2242,1261,4,1265,17
2020-06-24,Mariposa,043,17540,28,19,0,19,1
2020-06-24,Mendocino,045,87422,79,60,0,60,0
2020-06-24,Merced,047,269075,1353,696,1,697,8
2020-06-24,Modoc,049,8938,1,0,0,0,0
2020-06-24,Mono,051,14174,42,35,0,35,1
2020-06-24,Monterey,053,433212,1850,1407,5,1412,12
2020-06-24,Napa,055,140530,375,258,0,258,3
2020-06-24,Nevada,057,99092,122,92,1,93,1
2020-06-24,Orange,059,3164182,19048,11804,153,11957,303
2020-06-24,Placer,061,380077,787,548,3,551,10
2020-06-24,Plumas,063,18699,10,6,0,6,0
2020-06-24,Riverside,065,2383286,20577,14946,25,14971,410
2020-06-24,Sacramento,067,1510023,3370,2446,5,2451,62
2020-06-24,San Benito,069,59416,251,171,0,171,2
2020-06-24,San Bernardino,071,2135413,15837,10211,9,10220,239
2020-06-24,San Diego,073,3302833,15084,11628,2,11630,347
2020-06-24,San Francisco,075,870044,3718,3216,1,3217,48
2020-06-24,San Joaquin,077,732212,4060,2680,3,2683,49
2020-06-24,San Luis Obispo,079,281455,714,461,5,466,1
2020-06-24,San Mateo,081,765935,3371,2964,4,2968,82
2020-06-24,Santa Barbara,083,443738,3238,2569,25,2594,22
2020-06-24,Santa Clara,085,1922200,5237,3812,17,3829,155
2020-06-24,Santa Cruz,087,273765,406,329,0,329,2
2020-06-24,Shasta,089,179085,168,83,0,83,5
2020-06-24,Sierra,091,2930,1,1,0,1,0
2020-06-24,Siskiyou,093,43540,32,24,0,24,0
2020-06-24,Solano,095,438530,1535,979,6,985,21
2020-06-24,Sonoma,097,501317,1262,933,4,937,4
2020-06-24,Stanislaus,099,539301,3249,2039,6,2045,36
2020-06-24,Sutter,101,95872,159,118,0,118,2
2020-06-24,Tehama,103,63373,81,55,2,57,1
2020-06-24,Trinity,105,12862,16,2,3,5,0
2020-06-24,Tulare,107,460477,4892,3541,10,3551,116
2020-06-24,Tuolumne,109,53932,33,9,1,10,0
2020-06-24,Ventura,111,848112,3535,2314,15,2329,42
2020-06-24,Yolo,113,214977,576,376,3,379,24
2020-06-24,Yuba,115,75493,58,37,0,37,1
2020-06-23,Alameda,001,1643700,6165,5159,7,5166,121
2020-06-23,Alpine,003,1148,1,1,0,1,0
2020-06-23,Amador,005,37829,22,13,0,13,0
2020-06-23,Butte,007,227075,204,111,10,121,1
2020-06-23,Calaveras,009,45235,40,26,0,26,0
2020-06-23,Colusa,011,21464,40,7,0,7,0
2020-06-23,Contra Costa,013,1133247,3116,2453,3,2456,60
2020-06-23,Del Norte,015,27424,48,46,0,46,0
2020-06-23,El Dorado,017,186661,229,142,1,143,0
2020-06-23,Fresno,019,978130,7552,3569,69,3638,67
2020-06-23,Glenn,021,27897,120,47,0,47,0
2020-06-23,Humboldt,023,135768,151,110,0,110,3
2020-06-23,Imperial,025,180216,7341,5025,4,5029,38
2020-06-23,Inyo,027,18085,29,26,0,26,1
2020-06-23,Kern,029,883053,6613,4087,18,4105,64
2020-06-23,Kings,031,150075,2455,1727,5,1732,16
2020-06-23,Lake,033,64148,60,40,0,40,0
2020-06-23,Lassen,035,31185,228,9,2,11,0
2020-06-23,Los Angeles,037,10098052,102896,88433,27,88460,3152
2020-06-23,Madera,039,155013,727,369,2,371,4
2020-06-23,Marin,041,260295,1974,1139,4,1143,17
2020-06-23,Mariposa,043,17540,26,18,0,18,1
2020-06-23,Mendocino,045,87422,78,61,0,61,0
2020-06-23,Merced,047,269075,1255,656,1,657,8
2020-06-23,Modoc,049,8938,1,0,0,0,0
2020-06-23,Mono,051,14174,42,35,0,35,1
2020-06-23,Monterey,053,433212,1780,1346,5,1351,12
2020-06-23,Napa,055,140530,360,230,0,230,3
2020-06-23,Nevada,057,99092,116,81,1,82,1
2020-06-23,Orange,059,3164182,18079,11071,150,11221,278
2020-06-23,Placer,061,380077,761,525,3,528,10
2020-06-23,Plumas,063,18699,9,6,0,6,0
2020-06-23,Riverside,065,2383286,19558,14469,25,14494,406
2020-06-23,Sacramento,067,1510023,3191,2374,5,2379,62
2020-06-23,San Benito,069,59416,237,167,0,167,2
2020-06-23,San Bernardino,071,2135413,15055,9771,9,9780,229
2020-06-23,San Diego,073,3302833,14564,11296,2,11298,341
2020-06-23,San Francisco,075,870044,3645,3177,1,3178,48
2020-06-23,San Joaquin,077,732212,3801,2502,3,2505,48
2020-06-23,San Luis Obispo,079,281455,683,445,5,450,1
2020-06-23,San Mateo,081,765935,3306,2907,4,2911,81
2020-06-23,Santa Barbara,083,443738,3143,2498,25,2523,22
2020-06-23,Santa Clara,085,1922200,5092,3700,17,3717,155
2020-06-23,Santa Cruz,087,273765,396,313,0,313,2
2020-06-23,Shasta,089,179085,159,81,0,81,5
2020-06-23,Sierra,091,2930,1,1,0,1,0
2020-06-23,Siskiyou,093,43540,30,24,0,24,0
2020-06-23,Solano,095,438530,1478,941,5,946,21
2020-06-23,Sonoma,097,501317,1209,912,4,916,4
2020-06-23,Stanislaus,099,539301,3072,1850,6,1856,35
2020-06-23,Sutter,101,95872,149,112,0,112,2
2020-06-23,Tehama,103,63373,79,50,2,52,1
2020-06-23,Trinity,105,12862,16,2,3,5,0
2020-06-23,Tulare,107,460477,4770,3456,10,3466,111
2020-06-23,Tuolumne,109,53932,28,9,0,9,0
2020-06-23,Ventura,111,848112,3375,2209,14,2223,40
2020-06-23,Yolo,113,214977,550,350,0,350,24
2020-06-23,Yuba,115,75493,55,35,0,35,1
2020-06-22,Alameda,001,1643700,6015,4944,7,4951,121
2020-06-22,Alpine,003,1148,1,1,0,1,0
2020-06-22,Amador,005,37829,19,12,0,12,0
2020-06-22,Butte,007,227075,185,104,10,114,1
2020-06-22,Calaveras,009,45235,38,20,0,20,0
2020-06-22,Colusa,011,21464,37,7,0,7,0
2020-06-22,Contra Costa,013,1133247,2974,2363,3,2366,60
2020-06-22,Del Norte,015,27424,48,46,0,46,0
2020-06-22,El Dorado,017,186661,220,137,1,138,0
2020-06-22,Fresno,019,978130,7020,3425,69,3494,67
2020-06-22,Glenn,021,27897,111,40,0,40,0
2020-06-22,Humboldt,023,135768,148,110,0,110,3
2020-06-22,Imperial,025,180216,7184,4700,4,4704,38
2020-06-22,Inyo,027,18085,29,26,0,26,1
2020-06-22,Kern,029,883053,6261,3982,16,3998,60
2020-06-22,Kings,031,150075,2406,1513,5,1518,13
2020-06-22,Lake,033,64148,54,37,0,37,0
2020-06-22,Lassen,035,31185,118,7,2,9,0
2020-06-22,Los Angeles,037,10098052,99996,85925,26,85951,3117
2020-06-22,Madera,039,155013,702,333,2,335,4
2020-06-22,Marin,041,260295,1717,1029,4,1033,17
2020-06-22,Mariposa,043,17540,25,18,0,18,1
2020-06-22,Mendocino,045,87422,73,48,0,48,0
2020-06-22,Merced,047,269075,1166,619,1,620,8
2020-06-22,Modoc,049,8938,1,0,0,0,0
2020-06-22,Mono,051,14174,42,34,0,34,1
2020-06-22,Monterey,053,433212,1719,1293,5,1298,12
2020-06-22,Napa,055,140530,336,222,0,222,3
2020-06-22,Nevada,057,99092,111,79,1,80,1
2020-06-22,Orange,059,3164182,17146,10711,147,10858,275
2020-06-22,Placer,061,380077,735,512,3,515,9
2020-06-22,Plumas,063,18699,7,6,0,6,0
2020-06-22,Riverside,065,2383286,18586,13948,25,13973,403
2020-06-22,Sacramento,067,1510023,2974,2243,5,2248,62
2020-06-22,San Benito,069,59416,228,164,0,164,2
2020-06-22,San Bernardino,071,2135413,14282,9133,9,9142,229
2020-06-22,San Diego,073,3302833,14072,11098,2,11100,338
2020-06-22,San Francisco,075,870044,3552,3000,1,3001,47
2020-06-22,San Joaquin,077,732212,3553,2332,3,2335,48
2020-06-22,San Luis Obispo,079,281455,650,422,5,427,1
2020-06-22,San Mateo,081,765935,3233,2813,3,2816,81
2020-06-22,Santa Barbara,083,443738,3051,2447,25,2472,21
2020-06-22,Santa Clara,085,1922200,4929,3580,17,3597,155
2020-06-22,Santa Cruz,087,273765,383,290,0,290,3
2020-06-22,Shasta,089,179085,156,77,0,77,5
2020-06-22,Sierra,091,2930,1,1,0,1,0
2020-06-22,Siskiyou,093,43540,30,23,0,23,0
2020-06-22,Solano,095,438530,1400,784,4,788,21
2020-06-22,Sonoma,097,501317,1165,860,2,862,4
2020-06-22,Stanislaus,099,539301,2887,1784,6,1790,35
2020-06-22,Sutter,101,95872,140,100,0,100,2
2020-06-22,Tehama,103,63373,75,38,2,40,1
2020-06-22,Trinity,105,12862,16,2,3,5,0
2020-06-22,Tulare,107,460477,4633,3185,10,3195,111
2020-06-22,Tuolumne,109,53932,19,8,0,8,0
2020-06-22,Ventura,111,848112,3227,2065,14,2079,39
2020-06-22,Yolo,113,214977,524,333,0,333,24
2020-06-22,Yuba,115,75493,50,36,0,36,1
2020-06-21,Alameda,001,1643700,5820,4835,7,4842,121
2020-06-21,Alpine,003,1148,1,1,0,1,0
2020-06-21,Amador,005,37829,14,12,0,12,0
2020-06-21,Butte,007,227075,171,97,10,107,1
2020-06-21,Calaveras,009,45235,38,20,0,20,0
2020-06-21,Colusa,011,21464,29,7,0,7,0
2020-06-21,Contra Costa,013,1133247,2847,2282,3,2285,60
2020-06-21,Del Norte,015,27424,47,46,0,46,0
2020-06-21,El Dorado,017,186661,211,132,1,133,0
2020-06-21,Fresno,019,978130,6450,3296,67,3363,67
2020-06-21,Glenn,021,27897,102,40,0,40,0
2020-06-21,Humboldt,023,135768,143,108,0,108,3
2020-06-21,Imperial,025,180216,7001,4701,4,4705,38
2020-06-21,Inyo,027,18085,27,26,0,26,1
2020-06-21,Kern,029,883053,5969,3918,14,3932,60
2020-06-21,Kings,031,150075,2342,1334,5,1339,11
2020-06-21,Lake,033,64148,49,36,0,36,0
2020-06-21,Lassen,035,31185,25,7,2,9,0
2020-06-21,Los Angeles,037,10098052,97104,83383,25,83408,3101
2020-06-21,Madera,039,155013,668,319,2,321,4
2020-06-21,Marin,041,260295,1560,907,4,911,17
2020-06-21,Mariposa,043,17540,22,18,0,18,1
2020-06-21,Mendocino,045,87422,70,48,0,48,0
2020-06-21,Merced,047,269075,1071,577,1,578,8
2020-06-21,Modoc,049,8938,1,0,0,0,0
2020-06-21,Mono,051,14174,42,34,0,34,1
2020-06-21,Monterey,053,433212,1646,1227,5,1232,12
2020-06-21,Napa,055,140530,321,218,0,218,3
2020-06-21,Nevada,057,99092,108,79,1,80,1
2020-06-21,Orange,059,3164182,16313,10563,144,10707,275
2020-06-21,Placer,061,380077,695,498,3,501,9
2020-06-21,Plumas,063,18699,7,6,0,6,0
2020-06-21,Riverside,065,2383286,17879,13528,24,13552,402
2020-06-21,Sacramento,067,1510023,2773,2156,4,2160,62
2020-06-21,San Benito,069,59416,214,151,0,151,2
2020-06-21,San Bernardino,071,2135413,13507,8925,8,8933,229
2020-06-21,San Diego,073,3302833,13526,10796,2,10798,338
2020-06-21,San Francisco,075,870044,3446,3000,1,3001,47
2020-06-21,San Joaquin,077,732212,3317,2188,3,2191,48
2020-06-21,San Luis Obispo,079,281455,624,418,5,423,1
2020-06-21,San Mateo,081,765935,3175,2781,3,2784,81
2020-06-21,Santa Barbara,083,443738,2944,2430,24,2454,21
2020-06-21,Santa Clara,085,1922200,4792,3514,17,3531,154
2020-06-21,Santa Cruz,087,273765,373,290,0,290,3
2020-06-21,Shasta,089,179085,146,75,0,75,5
2020-06-21,Sierra,091,2930,1,1,0,1,0
2020-06-21,Siskiyou,093,43540,30,23,0,23,0
2020-06-21,Solano,095,438530,1300,783,4,787,21
2020-06-21,Sonoma,097,501317,1115,836,2,838,4
2020-06-21,Stanislaus,099,539301,2701,1688,6,1694,35
2020-06-21,Sutter,101,95872,132,96,0,96,2
2020-06-21,Tehama,103,63373,64,35,2,37,1
2020-06-21,Trinity,105,12862,15,2,3,5,0
2020-06-21,Tulare,107,460477,4464,3173,10,3183,111
2020-06-21,Tuolumne,109,53932,17,8,0,8,0
2020-06-21,Ventura,111,848112,3049,2021,14,2035,39
2020-06-21,Yolo,113,214977,492,323,0,323,24
2020-06-21,Yuba,115,75493,46,35,0,35,1
2020-06-20,Alameda,001,1643700,5758,4758,7,4765,119
2020-06-20,Alpine,003,1148,1,1,0,1,0
2020-06-20,Amador,005,37829,14,12,0,12,0
2020-06-20,Butte,007,227075,164,94,10,104,1
2020-06-20,Calaveras,009,45235,38,20,0,20,0
2020-06-20,Colusa,011,21464,26,7,0,7,0
2020-06-20,Contra Costa,013,1133247,2788,2231,3,2234,54
2020-06-20,Del Norte,015,27424,47,46,0,46,0
2020-06-20,El Dorado,017,186661,206,130,1,131,0
2020-06-20,Fresno,019,978130,6324,3222,64,3286,67
2020-06-20,Glenn,021,27897,97,40,0,40,0
2020-06-20,Humboldt,023,135768,143,108,0,108,3
2020-06-20,Imperial,025,180216,6920,4616,4,4620,37
2020-06-20,Inyo,027,18085,27,26,0,26,1
2020-06-20,Kern,029,883053,5804,3836,14,3850,59
2020-06-20,Kings,031,150075,2318,1331,5,1336,9
2020-06-20,Lake,033,64148,49,37,0,37,0
2020-06-20,Lassen,035,31185,24,7,2,9,0
2020-06-20,Los Angeles,037,10098052,95529,81604,24,81628,3093
2020-06-20,Madera,039,155013,635,321,2,323,4
2020-06-20,Marin,041,260295,1540,879,4,883,17
2020-06-20,Mariposa,043,17540,22,18,0,18,1
2020-06-20,Mendocino,045,87422,69,48,0,48,0
2020-06-20,Merced,047,269075,1031,566,1,567,8
2020-06-20,Modoc,049,8938,1,0,0,0,0
2020-06-20,Mono,051,14174,42,34,0,34,1
2020-06-20,Monterey,053,433212,1610,1181,5,1186,12
2020-06-20,Napa,055,140530,312,212,0,212,3
2020-06-20,Nevada,057,99092,105,73,1,74,1
2020-06-20,Orange,059,3164182,15963,10284,140,10424,273
2020-06-20,Placer,061,380077,670,483,3,486,9
2020-06-20,Plumas,063,18699,6,6,0,6,0
2020-06-20,Riverside,065,2383286,17579,13021,24,13045,402
2020-06-20,Sacramento,067,1510023,2702,2069,4,2073,63
2020-06-20,San Benito,069,59416,210,139,0,139,2
2020-06-20,San Bernardino,071,2135413,13143,8718,8,8726,229
2020-06-20,San Diego,073,3302833,13203,10486,2,10488,338
2020-06-20,San Francisco,075,870044,3402,2999,1,3000,47
2020-06-20,San Joaquin,077,732212,3235,2046,3,2049,48
2020-06-20,San Luis Obispo,079,281455,610,405,5,410,1
2020-06-20,San Mateo,081,765935,3127,2755,3,2758,81
2020-06-20,Santa Barbara,083,443738,2887,2358,23,2381,21
2020-06-20,Santa Clara,085,1922200,4718,3435,17,3452,154
2020-06-20,Santa Cruz,087,273765,371,287,0,287,3
2020-06-20,Shasta,089,179085,140,66,0,66,5
2020-06-20,Sierra,091,2930,1,1,0,1,0
2020-06-20,Siskiyou,093,43540,29,22,0,22,0
2020-06-20,Solano,095,438530,1276,784,4,788,21
2020-06-20,Sonoma,097,501317,1079,806,2,808,4
2020-06-20,Stanislaus,099,539301,2593,1598,6,1604,35
2020-06-20,Sutter,101,95872,130,89,0,89,2
2020-06-20,Tehama,103,63373,62,35,2,37,1
2020-06-20,Trinity,105,12862,15,2,3,5,0
2020-06-20,Tulare,107,460477,4391,3172,10,3182,111
2020-06-20,Tuolumne,109,53932,14,8,0,8,0
2020-06-20,Ventura,111,848112,2983,1946,14,1960,37
2020-06-20,Yolo,113,214977,476,309,0,309,24
2020-06-20,Yuba,115,75493,44,34,0,34,1
2020-06-19,Alameda,001,1643700,5685,4646,7,4653,119
2020-06-19,Alpine,003,1148,1,1,0,1,0
2020-06-19,Amador,005,37829,14,12,0,12,0
2020-06-19,Butte,007,227075,159,91,10,101,1
2020-06-19,Calaveras,009,45235,37,20,0,20,0
2020-06-19,Colusa,011,21464,24,7,0,7,0
2020-06-19,Contra Costa,013,1133247,2708,2106,3,2109,54
2020-06-19,Del Norte,015,27424,47,46,0,46,0
2020-06-19,El Dorado,017,186661,198,124,1,125,0
2020-06-19,Fresno,019,978130,6162,3109,63,3172,61
2020-06-19,Glenn,021,27897,91,40,0,40,0
2020-06-19,Humboldt,023,135768,141,106,0,106,3
2020-06-19,Imperial,025,180216,6828,4504,4,4508,36
2020-06-19,Inyo,027,18085,27,26,0,26,1
2020-06-19,Kern,029,883053,5581,3742,13,3755,57
2020-06-19,Kings,031,150075,2297,1285,5,1290,9
2020-06-19,Lake,033,64148,46,36,0,36,0
2020-06-19,Lassen,035,31185,23,7,2,9,0
2020-06-19,Los Angeles,037,10098052,93542,79572,23,79595,3047
2020-06-19,Madera,039,155013,616,300,2,302,4
2020-06-19,Marin,041,260295,1511,829,4,833,17
2020-06-19,Mariposa,043,17540,21,18,0,18,1
2020-06-19,Mendocino,045,87422,68,48,0,48,0
2020-06-19,Merced,047,269075,986,529,1,530,8
2020-06-19,Modoc,049,8938,1,0,0,0,0
2020-06-19,Mono,051,14174,42,34,0,34,1
2020-06-19,Monterey,053,433212,1581,1159,5,1164,12
2020-06-19,Napa,055,140530,302,209,0,209,3
2020-06-19,Nevada,057,99092,102,71,1,72,1
2020-06-19,Orange,059,3164182,15430,9972,133,10105,260
2020-06-19,Placer,061,380077,652,464,3,467,9
2020-06-19,Plumas,063,18699,6,5,0,5,0
2020-06-19,Riverside,065,2383286,17174,12710,24,12734,398
2020-06-19,Sacramento,067,1510023,2619,1976,4,1980,64
2020-06-19,San Benito,069,59416,209,136,0,136,2
2020-06-19,San Bernardino,071,2135413,12738,8454,7,8461,226
2020-06-19,San Diego,073,3302833,12840,10352,2,10354,332
2020-06-19,San Francisco,075,870044,3347,2968,1,2969,47
2020-06-19,San Joaquin,077,732212,3112,1969,3,1972,48
2020-06-19,San Luis Obispo,079,281455,594,392,5,397,1
2020-06-19,San Mateo,081,765935,3088,2713,3,2716,81
2020-06-19,Santa Barbara,083,443738,2814,2284,21,2305,21
2020-06-19,Santa Clara,085,1922200,4644,3376,17,3393,154
2020-06-19,Santa Cruz,087,273765,361,283,0,283,3
2020-06-19,Shasta,089,179085,137,58,0,58,5
2020-06-19,Sierra,091,2930,1,1,0,1,0
2020-06-19,Siskiyou,093,43540,29,21,0,21,0
2020-06-19,Solano,095,438530,1238,755,4,759,21
2020-06-19,Sonoma,097,501317,1052,803,2,805,4
2020-06-19,Stanislaus,099,539301,2483,1549,6,1555,35
2020-06-19,Sutter,101,95872,129,89,0,89,2
2020-06-19,Tehama,103,63373,61,35,2,37,1
2020-06-19,Trinity,105,12862,15,2,3,5,0
2020-06-19,Tulare,107,460477,4321,3053,10,3063,107
2020-06-19,Tuolumne,109,53932,13,8,0,8,0
2020-06-19,Ventura,111,848112,2899,1865,14,1879,37
2020-06-19,Yolo,113,214977,457,303,0,303,24
2020-06-19,Yuba,115,75493,43,33,0,33,1
2020-06-18,Alameda,001,1643700,5556,4589,7,4596,118
2020-06-18,Alpine,003,1148,1,1,0,1,0
2020-06-18,Amador,005,37829,13,12,0,12,0
2020-06-18,Butte,007,227075,154,88,10,98,1
2020-06-18,Calaveras,009,45235,37,20,0,20,0
2020-06-18,Colusa,011,21464,20,7,0,7,0
2020-06-18,Contra Costa,013,1133247,2601,2072,3,2075,53
2020-06-18,Del Norte,015,27424,47,46,0,46,0
2020-06-18,El Dorado,017,186661,194,121,1,122,0
2020-06-18,Fresno,019,978130,5896,2947,62,3009,57
2020-06-18,Glenn,021,27897,82,35,0,35,0
2020-06-18,Humboldt,023,135768,140,106,0,106,3
2020-06-18,Imperial,025,180216,6678,4366,4,4370,36
2020-06-18,Inyo,027,18085,26,25,0,25,1
2020-06-18,Kern,029,883053,5363,3634,13,3647,57
2020-06-18,Kings,031,150075,2238,1141,5,1146,8
2020-06-18,Lake,033,64148,45,36,0,36,0
2020-06-18,Lassen,035,31185,22,5,2,7,0
2020-06-18,Los Angeles,037,10098052,91275,78244,23,78267,3009
2020-06-18,Madera,039,155013,581,288,2,290,4
2020-06-18,Marin,041,260295,1448,819,4,823,17
2020-06-18,Mariposa,043,17540,19,18,0,18,1
2020-06-18,Mendocino,045,87422,64,45,0,45,0
2020-06-18,Merced,047,269075,934,486,1,487,7
2020-06-18,Modoc,049,8938,1,0,0,0,0
2020-06-18,Mono,051,14174,42,34,0,34,1
2020-06-18,Monterey,053,433212,1513,1127,5,1132,12
2020-06-18,Napa,055,140530,287,205,0,205,3
2020-06-18,Nevada,057,99092,98,68,1,69,1
2020-06-18,Orange,059,3164182,14775,9597,114,9711,255
2020-06-18,Placer,061,380077,629,457,3,460,9
2020-06-18,Plumas,063,18699,6,5,0,5,0
2020-06-18,Riverside,065,2383286,16558,12410,24,12434,392
2020-06-18,Sacramento,067,1510023,2503,1938,4,1942,63
2020-06-18,San Benito,069,59416,203,134,0,134,2
2020-06-18,San Bernardino,071,2135413,12097,8141,7,8148,226
2020-06-18,San Diego,073,3302833,12418,10094,2,10096,331
2020-06-18,San Francisco,075,870044,3298,2951,1,2952,47
2020-06-18,San Joaquin,077,732212,2960,1908,3,1911,47
2020-06-18,San Luis Obispo,079,281455,574,378,5,383,1
2020-06-18,San Mateo,081,765935,3049,2674,3,2677,78
2020-06-18,Santa Barbara,083,443738,2740,2201,21,2222,19
2020-06-18,Santa Clara,085,1922200,4541,3338,17,3355,152
2020-06-18,Santa Cruz,087,273765,344,275,0,275,3
2020-06-18,Shasta,089,179085,126,51,0,51,4
2020-06-18,Sierra,091,2930,1,1,0,1,0
2020-06-18,Siskiyou,093,43540,29,18,0,18,0
2020-06-18,Solano,095,438530,1200,735,4,739,21
2020-06-18,Sonoma,097,501317,1010,789,2,791,4
2020-06-18,Stanislaus,099,539301,2350,1495,6,1501,35
2020-06-18,Sutter,101,95872,125,85,0,85,2
2020-06-18,Tehama,103,63373,56,31,2,33,1
2020-06-18,Trinity,105,12862,15,2,3,5,0
2020-06-18,Tulare,107,460477,4198,3005,10,3015,107
2020-06-18,Tuolumne,109,53932,12,8,0,8,0
2020-06-18,Ventura,111,848112,2773,1781,14,1795,37
2020-06-18,Yolo,113,214977,424,294,0,294,24
2020-06-18,Yuba,115,75493,42,32,0,32,1
2020-06-17,Alameda,001,1643700,5434,4485,7,4492,117
2020-06-17,Alpine,003,1148,1,1,0,1,0
2020-06-17,Amador,005,37829,12,10,0,10,0
2020-06-17,Butte,007,227075,145,81,10,91,1
2020-06-17,Calaveras,009,45235,37,20,0,20,0
2020-06-17,Colusa,011,21464,19,7,0,7,0
2020-06-17,Contra Costa,013,1133247,2504,2020,3,2023,45
2020-06-17,Del Norte,015,27424,47,45,0,45,0
2020-06-17,El Dorado,017,186661,187,116,1,117,0
2020-06-17,Fresno,019,978130,5670,2801,60,2861,56
2020-06-17,Glenn,021,27897,75,31,0,31,0
2020-06-17,Humboldt,023,135768,138,105,0,105,3
2020-06-17,Imperial,025,180216,6505,4108,4,4112,36
2020-06-17,Inyo,027,18085,25,25,0,25,1
2020-06-17,Kern,029,883053,5162,3547,13,3560,56
2020-06-17,Kings,031,150075,2208,1097,5,1102,7
2020-06-17,Lake,033,64148,44,32,0,32,0
2020-06-17,Lassen,035,31185,18,5,2,7,0
2020-06-17,Los Angeles,037,10098052,88967,77166,22,77188,2973
2020-06-17,Madera,039,155013,559,258,2,260,4
2020-06-17,Marin,041,260295,1256,771,3,774,17
2020-06-17,Mariposa,043,17540,18,18,0,18,1
2020-06-17,Mendocino,045,87422,62,42,0,42,0
2020-06-17,Merced,047,269075,862,460,1,461,7
2020-06-17,Modoc,049,8938,1,0,0,0,0
2020-06-17,Mono,051,14174,42,34,0,34,1
2020-06-17,Monterey,053,433212,1461,1077,5,1082,12
2020-06-17,Napa,055,140530,272,202,0,202,3
2020-06-17,Nevada,057,99092,94,57,1,58,1
2020-06-17,Orange,059,3164182,14168,9278,108,9386,230
2020-06-17,Placer,061,380077,609,427,3,430,9
2020-06-17,Plumas,063,18699,6,5,0,5,0
2020-06-17,Riverside,065,2383286,15922,11859,24,11883,370
2020-06-17,Sacramento,067,1510023,2396,1889,4,1893,63
2020-06-17,San Benito,069,59416,198,116,0,116,2
2020-06-17,San Bernardino,071,2135413,11548,7670,7,7677,225
2020-06-17,San Diego,073,3302833,12039,9856,2,9858,327
2020-06-17,San Francisco,075,870044,3259,2906,1,2907,46
2020-06-17,San Joaquin,077,732212,2787,1825,3,1828,46
2020-06-17,San Luis Obispo,079,281455,555,362,5,367,1
2020-06-17,San Mateo,081,765935,3002,2649,3,2652,78
2020-06-17,Santa Barbara,083,443738,2668,2147,19,2166,19
2020-06-17,Santa Clara,085,1922200,4448,3264,16,3280,148
2020-06-17,Santa Cruz,087,273765,338,265,0,265,2
2020-06-17,Shasta,089,179085,124,51,0,51,4
2020-06-17,Sierra,091,2930,1,1,0,1,0
2020-06-17,Siskiyou,093,43540,28,16,0,16,0
2020-06-17,Solano,095,438530,1150,722,4,726,21
2020-06-17,Sonoma,097,501317,985,748,2,750,4
2020-06-17,Stanislaus,099,539301,2226,1387,6,1393,35
2020-06-17,Sutter,101,95872,119,79,0,79,2
2020-06-17,Tehama,103,63373,41,24,2,26,1
2020-06-17,Trinity,105,12862,14,2,3,5,0
2020-06-17,Tulare,107,460477,4088,2882,10,2892,106
2020-06-17,Tuolumne,109,53932,12,7,0,7,0
2020-06-17,Ventura,111,848112,2673,1729,14,1743,37
2020-06-17,Yolo,113,214977,404,277,0,277,24
2020-06-17,Yuba,115,75493,41,30,0,30,1
2020-06-16,Alameda,001,1643700,5316,4428,7,4435,113
2020-06-16,Alpine,003,1148,1,1,0,1,0
2020-06-16,Amador,005,37829,12,10,0,10,0
2020-06-16,Butte,007,227075,141,79,10,89,1
2020-06-16,Calaveras,009,45235,34,19,0,19,0
2020-06-16,Colusa,011,21464,16,7,0,7,0
2020-06-16,Contra Costa,013,1133247,2413,1971,2,1973,45
2020-06-16,Del Norte,015,27424,47,45,0,45,0
2020-06-16,El Dorado,017,186661,181,115,1,116,0
2020-06-16,Fresno,019,978130,5432,2731,58,2789,50
2020-06-16,Glenn,021,27897,71,30,0,30,0
2020-06-16,Humboldt,023,135768,135,105,0,105,3
2020-06-16,Imperial,025,180216,6346,3939,4,3943,36
2020-06-16,Inyo,027,18085,25,24,0,24,1
2020-06-16,Kern,029,883053,4939,3496,13,3509,55
2020-06-16,Kings,031,150075,2162,1044,5,1049,6
2020-06-16,Lake,033,64148,44,31,0,31,0
2020-06-16,Lassen,035,31185,15,5,2,7,0
2020-06-16,Los Angeles,037,10098052,86646,75051,22,75073,2942
2020-06-16,Madera,039,155013,533,239,2,241,3
2020-06-16,Marin,041,260295,1203,725,3,728,17
2020-06-16,Mariposa,043,17540,18,17,0,17,1
2020-06-16,Mendocino,045,87422,61,35,0,35,0
2020-06-16,Merced,047,269075,814,436,1,437,7
2020-06-16,Modoc,049,8938,1,0,0,0,0
2020-06-16,Mono,051,14174,42,34,0,34,1
2020-06-16,Monterey,053,433212,1413,1019,5,1024,12
2020-06-16,Napa,055,140530,257,196,0,196,3
2020-06-16,Nevada,057,99092,91,53,1,54,1
2020-06-16,Orange,059,3164182,13584,9163,102,9265,223
2020-06-16,Placer,061,380077,577,392,3,395,9
2020-06-16,Plumas,063,18699,6,5,0,5,0
2020-06-16,Riverside,065,2383286,15247,11638,24,11662,364
2020-06-16,Sacramento,067,1510023,2286,1825,4,1829,60
2020-06-16,San Benito,069,59416,190,110,0,110,2
2020-06-16,San Bernardino,071,2135413,11004,7463,7,7470,225
2020-06-16,San Diego,073,3302833,11677,9732,1,9733,323
2020-06-16,San Francisco,075,870044,3208,2893,1,2894,46
2020-06-16,San Joaquin,077,732212,2634,1718,3,1721,47
2020-06-16,San Luis Obispo,079,281455,531,343,5,348,1
2020-06-16,San Mateo,081,765935,2948,2618,3,2621,77
2020-06-16,Santa Barbara,083,443738,2601,2090,19,2109,16
2020-06-16,Santa Clara,085,1922200,4337,3228,15,3243,148
2020-06-16,Santa Cruz,087,273765,322,257,0,257,2
2020-06-16,Shasta,089,179085,115,51,0,51,4
2020-06-16,Sierra,091,2930,1,1,0,1,0
2020-06-16,Siskiyou,093,43540,27,15,0,15,0
2020-06-16,Solano,095,438530,1060,694,4,698,19
2020-06-16,Sonoma,097,501317,953,739,2,741,4
2020-06-16,Stanislaus,099,539301,2072,1278,6,1284,36
2020-06-16,Sutter,101,95872,112,73,0,73,2
2020-06-16,Tehama,103,63373,37,24,2,26,1
2020-06-16,Trinity,105,12862,14,2,3,5,0
2020-06-16,Tulare,107,460477,3969,2802,10,2812,96
2020-06-16,Tuolumne,109,53932,12,7,0,7,0
2020-06-16,Ventura,111,848112,2573,1676,14,1690,37
2020-06-16,Yolo,113,214977,381,262,0,262,24
2020-06-16,Yuba,115,75493,39,29,0,29,1
2020-06-15,Alameda,001,1643700,5189,4323,7,4330,112
2020-06-15,Alpine,003,1148,1,1,0,1,0
2020-06-15,Amador,005,37829,12,10,0,10,0
2020-06-15,Butte,007,227075,133,78,10,88,1
2020-06-15,Calaveras,009,45235,34,18,0,18,0
2020-06-15,Colusa,011,21464,14,7,0,7,0
2020-06-15,Contra Costa,013,1133247,2337,1918,2,1920,43
2020-06-15,Del Norte,015,27424,47,45,0,45,0
2020-06-15,El Dorado,017,186661,171,114,1,115,0
2020-06-15,Fresno,019,978130,5220,2616,57,2673,48
2020-06-15,Glenn,021,27897,66,21,0,21,0
2020-06-15,Humboldt,023,135768,133,105,0,105,3
2020-06-15,Imperial,025,180216,6171,3726,4,3730,36
2020-06-15,Inyo,027,18085,25,23,0,23,1
2020-06-15,Kern,029,883053,4716,3417,13,3430,55
2020-06-15,Kings,031,150075,2085,1022,5,1027,6
2020-06-15,Lake,033,64148,44,31,0,31,0
2020-06-15,Lassen,035,31185,15,5,2,7,0
2020-06-15,Los Angeles,037,10098052,84458,73705,22,73727,2908
2020-06-15,Madera,039,155013,511,203,2,205,3
2020-06-15,Marin,041,260295,1036,708,3,711,17
2020-06-15,Mariposa,043,17540,18,17,0,17,1
2020-06-15,Mendocino,045,87422,52,33,0,33,0
2020-06-15,Merced,047,269075,768,414,1,415,7
2020-06-15,Modoc,049,8938,1,0,0,0,0
2020-06-15,Mono,051,14174,42,34,0,34,1
2020-06-15,Monterey,053,433212,1347,998,5,1003,12
2020-06-15,Napa,055,140530,249,187,0,187,3
2020-06-15,Nevada,057,99092,85,52,1,53,1
2020-06-15,Orange,059,3164182,13016,8944,94,9038,212
2020-06-15,Placer,061,380077,555,386,3,389,9
2020-06-15,Plumas,063,18699,6,4,0,4,0
2020-06-15,Riverside,065,2383286,14629,11376,23,11399,364
2020-06-15,Sacramento,067,1510023,2170,1791,4,1795,60
2020-06-15,San Benito,069,59416,184,108,0,108,2
2020-06-15,San Bernardino,071,2135413,10501,7189,7,7196,224
2020-06-15,San Diego,073,3302833,11337,9612,1,9613,320
2020-06-15,San Francisco,075,870044,3164,2833,1,2834,45
2020-06-15,San Joaquin,077,732212,2498,1667,3,1670,43
2020-06-15,San Luis Obispo,079,281455,516,332,5,337,1
2020-06-15,San Mateo,081,765935,2901,2591,3,2594,75
2020-06-15,Santa Barbara,083,443738,2533,2054,19,2073,16
2020-06-15,Santa Clara,085,1922200,4237,3204,15,3219,148
2020-06-15,Santa Cruz,087,273765,311,254,0,254,2
2020-06-15,Shasta,089,179085,109,50,0,50,4
2020-06-15,Sierra,091,2930,1,1,0,1,0
2020-06-15,Siskiyou,093,43540,26,14,0,14,0
2020-06-15,Solano,095,438530,1000,638,4,642,19
2020-06-15,Sonoma,097,501317,924,726,2,728,4
2020-06-15,Stanislaus,099,539301,1955,1253,6,1259,35
2020-06-15,Sutter,101,95872,102,71,0,71,2
2020-06-15,Tehama,103,63373,37,17,2,19,1
2020-06-15,Trinity,105,12862,13,2,3,5,0
2020-06-15,Tulare,107,460477,3855,2662,10,2672,96
2020-06-15,Tuolumne,109,53932,11,7,0,7,0
2020-06-15,Ventura,111,848112,2492,1656,14,1670,37
2020-06-15,Yolo,113,214977,361,255,0,255,24
2020-06-15,Yuba,115,75493,39,28,0,28,1
2020-06-14,Alameda,001,1643700,5042,4271,7,4278,112
2020-06-14,Alpine,003,1148,1,1,0,1,0
2020-06-14,Amador,005,37829,12,10,0,10,0
2020-06-14,Butte,007,227075,125,78,10,88,1
2020-06-14,Calaveras,009,45235,33,18,0,18,0
2020-06-14,Colusa,011,21464,13,7,0,7,0
2020-06-14,Contra Costa,013,1133247,2269,1893,2,1895,43
2020-06-14,Del Norte,015,27424,47,45,0,45,0
2020-06-14,El Dorado,017,186661,167,110,1,111,0
2020-06-14,Fresno,019,978130,5035,2585,56,2641,48
2020-06-14,Glenn,021,27897,51,21,0,21,0
2020-06-14,Humboldt,023,135768,129,105,0,105,3
2020-06-14,Imperial,025,180216,5940,3730,4,3734,36
2020-06-14,Inyo,027,18085,24,23,0,23,1
2020-06-14,Kern,029,883053,4505,3328,13,3341,55
2020-06-14,Kings,031,150075,2034,1022,4,1026,6
2020-06-14,Lake,033,64148,41,31,0,31,0
2020-06-14,Lassen,035,31185,15,5,2,7,0
2020-06-14,Los Angeles,037,10098052,82132,72932,21,72953,2887
2020-06-14,Madera,039,155013,492,203,2,205,3
2020-06-14,Marin,041,260295,871,689,2,691,17
2020-06-14,Mariposa,043,17540,18,16,0,16,1
2020-06-14,Mendocino,045,87422,49,33,0,33,0
2020-06-14,Merced,047,269075,717,403,1,404,7
2020-06-14,Modoc,049,8938,1,0,0,0,0
2020-06-14,Mono,051,14174,42,34,0,34,1
2020-06-14,Monterey,053,433212,1286,949,5,954,12
2020-06-14,Napa,055,140530,227,181,0,181,3
2020-06-14,Nevada,057,99092,81,52,1,53,1
2020-06-14,Orange,059,3164182,12588,8744,90,8834,211
2020-06-14,Placer,061,380077,529,369,3,372,9
2020-06-14,Plumas,063,18699,5,4,0,4,0
2020-06-14,Riverside,065,2383286,14186,11218,23,11241,364
2020-06-14,Sacramento,067,1510023,2083,1750,4,1754,60
2020-06-14,San Benito,069,59416,173,104,0,104,2
2020-06-14,San Bernardino,071,2135413,9962,7015,7,7022,224
2020-06-14,San Diego,073,3302833,10962,9442,1,9443,319
2020-06-14,San Francisco,075,870044,3124,2834,1,2835,45
2020-06-14,San Joaquin,077,732212,2347,1603,3,1606,43
2020-06-14,San Luis Obispo,079,281455,501,330,5,335,1
2020-06-14,San Mateo,081,765935,2843,2571,3,2574,75
2020-06-14,Santa Barbara,083,443738,2456,2049,19,2068,17
2020-06-14,Santa Clara,085,1922200,4142,3178,15,3193,148
2020-06-14,Santa Cruz,087,273765,297,254,0,254,2
2020-06-14,Shasta,089,179085,103,48,0,48,4
2020-06-14,Sierra,091,2930,1,1,0,1,0
2020-06-14,Siskiyou,093,43540,25,13,0,13,0
2020-06-14,Solano,095,438530,951,638,4,642,19
2020-06-14,Sonoma,097,501317,896,724,2,726,4
2020-06-14,Stanislaus,099,539301,1806,1159,6,1165,35
2020-06-14,Sutter,101,95872,97,63,0,63,2
2020-06-14,Tehama,103,63373,34,17,2,19,1
2020-06-14,Trinity,105,12862,13,2,3,5,0
2020-06-14,Tulare,107,460477,3721,2646,10,2656,96
2020-06-14,Tuolumne,109,53932,11,7,0,7,0
2020-06-14,Ventura,111,848112,2393,1610,13,1623,37
2020-06-14,Yolo,113,214977,345,254,0,254,24
2020-06-14,Yuba,115,75493,38,28,0,28,1
2020-06-13,Alameda,001,1643700,4979,4196,7,4203,112
2020-06-13,Alpine,003,1148,1,1,0,1,0
2020-06-13,Amador,005,37829,11,10,0,10,0
2020-06-13,Butte,007,227075,116,72,10,82,1
2020-06-13,Calaveras,009,45235,31,18,0,18,0
2020-06-13,Colusa,011,21464,12,7,0,7,0
2020-06-13,Contra Costa,013,1133247,2233,1868,2,1870,43
2020-06-13,Del Norte,015,27424,47,45,0,45,0
2020-06-13,El Dorado,017,186661,163,110,1,111,0
2020-06-13,Fresno,019,978130,4937,2499,56,2555,48
2020-06-13,Glenn,021,27897,49,21,0,21,0
2020-06-13,Humboldt,023,135768,128,104,0,104,3
2020-06-13,Imperial,025,180216,5867,3646,4,3650,36
2020-06-13,Inyo,027,18085,24,23,0,23,1
2020-06-13,Kern,029,883053,4396,3239,13,3252,55
2020-06-13,Kings,031,150075,2014,1023,4,1027,6
2020-06-13,Lake,033,64148,40,29,0,29,0
2020-06-13,Lassen,035,31185,15,5,2,7,0
2020-06-13,Los Angeles,037,10098052,81091,71938,21,71959,2874
2020-06-13,Madera,039,155013,488,203,2,205,3
2020-06-13,Marin,041,260295,840,677,2,679,17
2020-06-13,Mariposa,043,17540,18,16,0,16,1
2020-06-13,Mendocino,045,87422,49,33,0,33,0
2020-06-13,Merced,047,269075,699,376,1,377,7
2020-06-13,Modoc,049,8938,1,0,0,0,0
2020-06-13,Mono,051,14174,42,35,0,35,1
2020-06-13,Monterey,053,433212,1248,900,5,905,11
2020-06-13,Napa,055,140530,224,171,0,171,3
2020-06-13,Nevada,057,99092,79,52,1,53,1
2020-06-13,Orange,059,3164182,12344,8581,87,8668,211
2020-06-13,Placer,061,380077,512,346,3,349,9
2020-06-13,Plumas,063,18699,5,4,0,4,0
2020-06-13,Riverside,065,2383286,13907,10931,23,10954,364
2020-06-13,Sacramento,067,1510023,2028,1713,4,1717,60
2020-06-13,San Benito,069,59416,166,99,0,99,2
2020-06-13,San Bernardino,071,2135413,9739,6885,7,6892,224
2020-06-13,San Diego,073,3302833,10790,9316,1,9317,319
2020-06-13,San Francisco,075,870044,3104,2834,1,2835,44
2020-06-13,San Joaquin,077,732212,2266,1461,3,1464,43
2020-06-13,San Luis Obispo,079,281455,490,326,5,331,1
2020-06-13,San Mateo,081,765935,2820,2551,3,2554,75
2020-06-13,Santa Barbara,083,443738,2398,1999,19,2018,15
2020-06-13,Santa Clara,085,1922200,4099,3141,15,3156,148
2020-06-13,Santa Cruz,087,273765,291,254,0,254,2
2020-06-13,Shasta,089,179085,101,48,0,48,4
2020-06-13,Sierra,091,2930,1,1,0,1,0
2020-06-13,Siskiyou,093,43540,25,13,0,13,0
2020-06-13,Solano,095,438530,923,637,4,641,19
2020-06-13,Sonoma,097,501317,881,711,2,713,4
2020-06-13,Stanislaus,099,539301,1749,1122,6,1128,33
2020-06-13,Sutter,101,95872,96,62,0,62,2
2020-06-13,Tehama,103,63373,33,17,2,19,1
2020-06-13,Trinity,105,12862,13,2,3,5,0
2020-06-13,Tulare,107,460477,3689,2626,10,2636,96
2020-06-13,Tuolumne,109,53932,10,7,0,7,0
2020-06-13,Ventura,111,848112,2347,1567,13,1580,37
2020-06-13,Yolo,113,214977,325,251,0,251,24
2020-06-13,Yuba,115,75493,38,28,0,28,1
2020-06-12,Alameda,001,1643700,4906,4167,7,4174,109
2020-06-12,Alpine,003,1148,1,1,0,1,0
2020-06-12,Amador,005,37829,11,10,0,10,0
2020-06-12,Butte,007,227075,112,71,9,80,1
2020-06-12,Calaveras,009,45235,28,18,0,18,0
2020-06-12,Colusa,011,21464,12,7,0,7,0
2020-06-12,Contra Costa,013,1133247,2196,1827,2,1829,43
2020-06-12,Del Norte,015,27424,47,45,0,45,0
2020-06-12,El Dorado,017,186661,163,110,1,111,0
2020-06-12,Fresno,019,978130,4799,2428,56,2484,47
2020-06-12,Glenn,021,27897,46,21,0,21,0
2020-06-12,Humboldt,023,135768,126,105,0,105,3
2020-06-12,Imperial,025,180216,5783,3543,4,3547,36
2020-06-12,Inyo,027,18085,24,23,0,23,1
2020-06-12,Kern,029,883053,4279,3152,13,3165,54
2020-06-12,Kings,031,150075,2001,987,4,991,6
2020-06-12,Lake,033,64148,39,29,0,29,0
2020-06-12,Lassen,035,31185,15,5,2,7,0
2020-06-12,Los Angeles,037,10098052,79686,70385,21,70406,2814
2020-06-12,Madera,039,155013,463,187,2,189,3
2020-06-12,Marin,041,260295,837,649,2,651,17
2020-06-12,Mariposa,043,17540,18,16,0,16,1
2020-06-12,Mendocino,045,87422,49,33,0,33,0
2020-06-12,Merced,047,269075,665,372,1,373,7
2020-06-12,Modoc,049,8938,1,0,0,0,0
2020-06-12,Mono,051,14174,39,35,0,35,1
2020-06-12,Monterey,053,433212,1207,864,4,868,11
2020-06-12,Napa,055,140530,221,162,0,162,3
2020-06-12,Nevada,057,99092,73,52,1,53,1
2020-06-12,Orange,059,3164182,12038,8440,86,8526,203
2020-06-12,Placer,061,380077,495,333,3,336,9
2020-06-12,Plumas,063,18699,5,4,0,4,0
2020-06-12,Riverside,065,2383286,13570,10616,23,10639,364
2020-06-12,Sacramento,067,1510023,1973,1702,4,1706,60
2020-06-12,San Benito,069,59416,159,96,0,96,2
2020-06-12,San Bernardino,071,2135413,9470,6707,7,6714,223
2020-06-12,San Diego,073,3302833,10620,9132,1,9133,313
2020-06-12,San Francisco,075,870044,3070,2823,1,2824,44
2020-06-12,San Joaquin,077,732212,2186,1406,3,1409,43
2020-06-12,San Luis Obispo,079,281455,474,321,5,326,1
2020-06-12,San Mateo,081,765935,2785,2533,3,2536,75
2020-06-12,Santa Barbara,083,443738,2344,1969,19,1988,14
2020-06-12,Santa Clara,085,1922200,4055,3099,15,3114,149
2020-06-12,Santa Cruz,087,273765,283,251,0,251,2
2020-06-12,Shasta,089,179085,94,48,0,48,5
2020-06-12,Sierra,091,2930,1,1,0,1,0
2020-06-12,Siskiyou,093,43540,25,13,0,13,0
2020-06-12,Solano,095,438530,909,620,4,624,19
2020-06-12,Sonoma,097,501317,862,696,2,698,4
2020-06-12,Stanislaus,099,539301,1690,1092,6,1098,33
2020-06-12,Sutter,101,95872,95,56,0,56,2
2020-06-12,Tehama,103,63373,32,13,2,15,1
2020-06-12,Trinity,105,12862,13,2,3,5,0
2020-06-12,Tulare,107,460477,3635,2552,10,2562,95
2020-06-12,Tuolumne,109,53932,10,7,0,7,0
2020-06-12,Ventura,111,848112,2295,1534,13,1547,35
2020-06-12,Yolo,113,214977,313,243,0,243,24
2020-06-12,Yuba,115,75493,36,27,0,27,1
2020-06-11,Alameda,001,1643700,4776,4073,6,4079,108
2020-06-11,Alpine,003,1148,1,1,0,1,0
2020-06-11,Amador,005,37829,10,10,0,10,0
2020-06-11,Butte,007,227075,106,72,9,81,1
2020-06-11,Calaveras,009,45235,27,16,0,16,0
2020-06-11,Colusa,011,21464,12,7,0,7,0
2020-06-11,Contra Costa,013,1133247,2143,1797,2,1799,43
2020-06-11,Del Norte,015,27424,47,45,0,45,0
2020-06-11,El Dorado,017,186661,155,109,1,110,0
2020-06-11,Fresno,019,978130,4646,2338,56,2394,45
2020-06-11,Glenn,021,27897,42,21,0,21,0
2020-06-11,Humboldt,023,135768,122,113,0,113,3
2020-06-11,Imperial,025,180216,5626,3463,4,3467,36
2020-06-11,Inyo,027,18085,22,23,0,23,1
2020-06-11,Kern,029,883053,4127,3047,11,3058,54
2020-06-11,Kings,031,150075,1968,963,4,967,6
2020-06-11,Lake,033,64148,39,28,0,28,0
2020-06-11,Lassen,035,31185,15,5,2,7,0
2020-06-11,Los Angeles,037,10098052,78019,68807,20,68827,2800
2020-06-11,Madera,039,155013,445,178,2,180,3
2020-06-11,Marin,041,260295,789,637,2,639,17
2020-06-11,Mariposa,043,17540,18,16,0,16,1
2020-06-11,Mendocino,045,87422,40,35,0,35,0
2020-06-11,Merced,047,269075,625,370,1,371,7
2020-06-11,Modoc,049,8938,1,0,0,0,0
2020-06-11,Mono,051,14174,39,35,0,35,1
2020-06-11,Monterey,053,433212,1160,813,4,817,11
2020-06-11,Napa,055,140530,212,162,0,162,3
2020-06-11,Nevada,057,99092,67,50,1,51,1
2020-06-11,Orange,059,3164182,11730,8304,85,8389,188
2020-06-11,Placer,061,380077,476,321,3,324,9
2020-06-11,Plumas,063,18699,5,4,0,4,0
2020-06-11,Riverside,065,2383286,13217,10014,23,10037,361
2020-06-11,Sacramento,067,1510023,1925,1669,4,1673,60
2020-06-11,San Benito,069,59416,153,94,0,94,2
2020-06-11,San Bernardino,071,2135413,9173,6509,7,6516,221
2020-06-11,San Diego,073,3302833,10390,9000,0,9000,308
2020-06-11,San Francisco,075,870044,3041,2766,1,2767,44
2020-06-11,San Joaquin,077,732212,2074,1351,3,1354,43
2020-06-11,San Luis Obispo,079,281455,460,307,5,312,1
2020-06-11,San Mateo,081,765935,2747,2499,3,2502,74
2020-06-11,Santa Barbara,083,443738,2283,1895,19,1914,14
2020-06-11,Santa Clara,085,1922200,3988,3049,15,3064,149
2020-06-11,Santa Cruz,087,273765,279,247,0,247,2
2020-06-11,Shasta,089,179085,87,47,0,47,5
2020-06-11,Sierra,091,2930,1,1,0,1,0
2020-06-11,Siskiyou,093,43540,25,14,0,14,0
2020-06-11,Solano,095,438530,883,616,4,620,19
2020-06-11,Sonoma,097,501317,840,682,2,684,4
2020-06-11,Stanislaus,099,539301,1599,1062,6,1068,30
2020-06-11,Sutter,101,95872,92,56,0,56,2
2020-06-11,Tehama,103,63373,27,10,2,12,1
2020-06-11,Trinity,105,12862,11,2,3,5,0
2020-06-11,Tulare,107,460477,3536,2473,10,2483,95
2020-06-11,Tuolumne,109,53932,10,7,0,7,0
2020-06-11,Ventura,111,848112,2218,1491,12,1503,34
2020-06-11,Yolo,113,214977,305,230,0,230,24
2020-06-11,Yuba,115,75493,36,27,0,27,1
2020-06-10,Alameda,001,1643700,4676,4027,6,4033,107
2020-06-10,Alpine,003,1148,1,1,0,1,0
2020-06-10,Amador,005,37829,10,10,0,10,0
2020-06-10,Butte,007,227075,102,71,9,80,1
2020-06-10,Calaveras,009,45235,27,16,0,16,0
2020-06-10,Colusa,011,21464,11,7,0,7,0
2020-06-10,Contra Costa,013,1133247,2099,1778,2,1780,43
2020-06-10,Del Norte,015,27424,47,45,0,45,0
2020-06-10,El Dorado,017,186661,152,109,1,110,0
2020-06-10,Fresno,019,978130,4469,2324,56,2380,45
2020-06-10,Glenn,021,27897,39,21,0,21,0
2020-06-10,Humboldt,023,135768,118,112,0,112,3
2020-06-10,Imperial,025,180216,5478,3454,4,3458,36
2020-06-10,Inyo,027,18085,22,23,0,23,1
2020-06-10,Kern,029,883053,4002,3000,10,3010,54
2020-06-10,Kings,031,150075,1922,952,3,955,6
2020-06-10,Lake,033,64148,39,28,0,28,0
2020-06-10,Lassen,035,31185,15,5,2,7,0
2020-06-10,Los Angeles,037,10098052,76504,67018,20,67038,2752
2020-06-10,Madera,039,155013,431,176,1,177,3
2020-06-10,Marin,041,260295,757,633,2,635,17
2020-06-10,Mariposa,043,17540,17,16,0,16,1
2020-06-10,Mendocino,045,87422,39,35,0,35,0
2020-06-10,Merced,047,269075,592,370,1,371,7
2020-06-10,Modoc,049,8938,1,0,0,0,0
2020-06-10,Mono,051,14174,39,35,0,35,1
2020-06-10,Monterey,053,433212,1106,791,4,795,11
2020-06-10,Napa,055,140530,209,159,0,159,3
2020-06-10,Nevada,057,99092,65,50,1,51,1
2020-06-10,Orange,059,3164182,11454,8222,81,8303,184
2020-06-10,Placer,061,380077,451,309,3,312,9
2020-06-10,Plumas,063,18699,5,4,0,4,0
2020-06-10,Riverside,065,2383286,12894,9857,23,9880,361
2020-06-10,Sacramento,067,1510023,1886,1643,2,1645,59
2020-06-10,San Benito,069,59416,144,94,0,94,2
2020-06-10,San Bernardino,071,2135413,8880,6438,7,6445,219
2020-06-10,San Diego,073,3302833,10226,8839,0,8839,305
2020-06-10,San Francisco,075,870044,3016,2774,1,2775,44
2020-06-10,San Joaquin,077,732212,1945,1282,3,1285,41
2020-06-10,San Luis Obispo,079,281455,440,306,5,311,1
2020-06-10,San Mateo,081,765935,2707,2492,3,2495,74
2020-06-10,Santa Barbara,083,443738,2227,1878,19,1897,13
2020-06-10,Santa Clara,085,1922200,3937,3032,15,3047,149
2020-06-10,Santa Cruz,087,273765,275,242,0,242,2
2020-06-10,Shasta,089,179085,82,45,0,45,5
2020-06-10,Sierra,091,2930,1,1,0,1,0
2020-06-10,Siskiyou,093,43540,25,14,0,14,0
2020-06-10,Solano,095,438530,847,608,4,612,19
2020-06-10,Sonoma,097,501317,822,673,2,675,4
2020-06-10,Stanislaus,099,539301,1509,1030,6,1036,29
2020-06-10,Sutter,101,95872,91,56,0,56,2
2020-06-10,Tehama,103,63373,25,10,2,12,1
2020-06-10,Trinity,105,12862,11,2,3,5,0
2020-06-10,Tulare,107,460477,3443,2455,10,2465,95
2020-06-10,Tuolumne,109,53932,10,7,0,7,0
2020-06-10,Ventura,111,848112,2172,1446,11,1457,34
2020-06-10,Yolo,113,214977,297,226,0,226,24
2020-06-10,Yuba,115,75493,35,27,0,27,1
2020-06-09,Alameda,001,1643700,4566,3963,6,3969,103
2020-06-09,Alpine,003,1148,1,1,0,1,0
2020-06-09,Amador,005,37829,10,10,0,10,0
2020-06-09,Butte,007,227075,101,70,8,78,1
2020-06-09,Calaveras,009,45235,27,16,0,16,0
2020-06-09,Colusa,011,21464,10,7,0,7,0
2020-06-09,Contra Costa,013,1133247,2058,1744,2,1746,42
2020-06-09,Del Norte,015,27424,47,45,0,45,0
2020-06-09,El Dorado,017,186661,142,108,1,109,0
2020-06-09,Fresno,019,978130,4318,2278,56,2334,43
2020-06-09,Glenn,021,27897,38,19,0,19,0
2020-06-09,Humboldt,023,135768,116,113,0,113,2
2020-06-09,Imperial,025,180216,5327,3067,4,3071,36
2020-06-09,Inyo,027,18085,22,22,0,22,1
2020-06-09,Kern,029,883053,3874,2920,10,2930,51
2020-06-09,Kings,031,150075,1890,934,3,937,6
2020-06-09,Lake,033,64148,39,28,0,28,0
2020-06-09,Lassen,035,31185,15,5,2,7,0
2020-06-09,Los Angeles,037,10098052,74844,65827,20,65847,2692
2020-06-09,Madera,039,155013,416,172,1,173,3
2020-06-09,Marin,041,260295,721,616,2,618,17
2020-06-09,Mariposa,043,17540,17,16,0,16,1
2020-06-09,Mendocino,045,87422,35,35,0,35,0
2020-06-09,Merced,047,269075,563,349,1,350,7
2020-06-09,Modoc,049,8938,1,0,0,0,0
2020-06-09,Mono,051,14174,39,35,0,35,1
2020-06-09,Monterey,053,433212,1065,772,4,776,11
2020-06-09,Napa,055,140530,199,156,0,156,3
2020-06-09,Nevada,057,99092,57,50,1,51,1
2020-06-09,Orange,059,3164182,11212,7991,79,8070,174
2020-06-09,Placer,061,380077,438,301,3,304,9
2020-06-09,Plumas,063,18699,5,4,0,4,0
2020-06-09,Riverside,065,2383286,12516,9511,23,9534,354
2020-06-09,Sacramento,067,1510023,1832,1625,2,1627,59
2020-06-09,San Benito,069,59416,138,95,0,95,2
2020-06-09,San Bernardino,071,2135413,8557,6268,6,6274,217
2020-06-09,San Diego,073,3302833,10041,8731,0,8731,301
2020-06-09,San Francisco,075,870044,2991,2749,1,2750,44
2020-06-09,San Joaquin,077,732212,1839,1240,3,1243,41
2020-06-09,San Luis Obispo,079,281455,427,301,4,305,1
2020-06-09,San Mateo,081,765935,2676,2463,3,2466,74
2020-06-09,Santa Barbara,083,443738,2171,1854,19,1873,13
2020-06-09,Santa Clara,085,1922200,3869,3006,14,3020,147
2020-06-09,Santa Cruz,087,273765,269,237,0,237,2
2020-06-09,Shasta,089,179085,78,44,0,44,4
2020-06-09,Sierra,091,2930,1,1,0,1,0
2020-06-09,Siskiyou,093,43540,20,10,0,10,0
2020-06-09,Solano,095,438530,812,596,4,600,18
2020-06-09,Sonoma,097,501317,799,661,2,663,4
2020-06-09,Stanislaus,099,539301,1408,993,6,999,25
2020-06-09,Sutter,101,95872,88,56,0,56,2
2020-06-09,Tehama,103,63373,25,9,2,11,1
2020-06-09,Trinity,105,12862,10,2,3,5,0
2020-06-09,Tulare,107,460477,3377,2393,10,2403,91
2020-06-09,Tuolumne,109,53932,10,8,0,8,0
2020-06-09,Ventura,111,848112,2106,1407,11,1418,34
2020-06-09,Yolo,113,214977,286,226,0,226,24
2020-06-09,Yuba,115,75493,34,27,0,27,1
2020-06-08,Alameda,001,1643700,4485,3937,6,3943,103
2020-06-08,Alpine,003,1148,1,1,0,1,0
2020-06-08,Amador,005,37829,10,10,0,10,0
2020-06-08,Butte,007,227075,97,68,8,76,1
2020-06-08,Calaveras,009,45235,27,16,0,16,0
2020-06-08,Colusa,011,21464,9,7,0,7,0
2020-06-08,Contra Costa,013,1133247,2015,1714,2,1716,41
2020-06-08,Del Norte,015,27424,47,45,0,45,0
2020-06-08,El Dorado,017,186661,138,107,1,108,0
2020-06-08,Fresno,019,978130,4195,2194,55,2249,42
2020-06-08,Glenn,021,27897,36,17,0,17,0
2020-06-08,Humboldt,023,135768,116,112,0,112,2
2020-06-08,Imperial,025,180216,5175,3051,4,3055,21
2020-06-08,Inyo,027,18085,22,22,0,22,1
2020-06-08,Kern,029,883053,3743,2853,9,2862,49
2020-06-08,Kings,031,150075,1814,892,3,895,6
2020-06-08,Lake,033,64148,39,28,0,28,0
2020-06-08,Lassen,035,31185,15,4,2,6,0
2020-06-08,Los Angeles,037,10098052,73384,64634,20,64654,2640
2020-06-08,Madera,039,155013,386,154,1,155,3
2020-06-08,Marin,041,260295,680,596,2,598,17
2020-06-08,Mariposa,043,17540,16,16,0,16,1
2020-06-08,Mendocino,045,87422,33,32,0,32,0
2020-06-08,Merced,047,269075,529,331,1,332,7
2020-06-08,Modoc,049,8938,1,0,0,0,0
2020-06-08,Mono,051,14174,39,35,0,35,1
2020-06-08,Monterey,053,433212,1014,751,3,754,10
2020-06-08,Napa,055,140530,183,151,0,151,3
2020-06-08,Nevada,057,99092,56,50,1,51,1
2020-06-08,Orange,059,3164182,10961,7786,77,7863,160
2020-06-08,Placer,061,380077,421,290,3,293,9
2020-06-08,Plumas,063,18699,5,4,0,4,0
2020-06-08,Riverside,065,2383286,12147,9246,23,9269,347
2020-06-08,Sacramento,067,1510023,1782,1591,2,1593,59
2020-06-08,San Benito,069,59416,131,93,0,93,2
2020-06-08,San Bernardino,071,2135413,8238,6122,6,6128,214
2020-06-08,San Diego,073,3302833,9884,8621,0,8621,296
2020-06-08,San Francisco,075,870044,2964,2715,1,2716,43
2020-06-08,San Joaquin,077,732212,1732,1198,3,1201,40
2020-06-08,San Luis Obispo,079,281455,421,300,4,304,1
2020-06-08,San Mateo,081,765935,2645,2431,2,2433,74
2020-06-08,Santa Barbara,083,443738,2116,1824,17,1841,13
2020-06-08,Santa Clara,085,1922200,3823,2971,14,2985,146
2020-06-08,Santa Cruz,087,273765,268,234,0,234,2
2020-06-08,Shasta,089,179085,74,43,0,43,4
2020-06-08,Sierra,091,2930,1,1,0,1,0
2020-06-08,Siskiyou,093,43540,20,8,0,8,0
2020-06-08,Solano,095,438530,785,560,4,564,19
2020-06-08,Sonoma,097,501317,783,654,2,656,4
2020-06-08,Stanislaus,099,539301,1325,956,6,962,28
2020-06-08,Sutter,101,95872,81,55,0,55,2
2020-06-08,Tehama,103,63373,19,8,2,10,1
2020-06-08,Trinity,105,12862,10,2,3,5,0
2020-06-08,Tulare,107,460477,3294,2301,10,2311,91
2020-06-08,Tuolumne,109,53932,9,8,0,8,0
2020-06-08,Ventura,111,848112,2048,1382,11,1393,30
2020-06-08,Yolo,113,214977,275,228,0,228,24
2020-06-08,Yuba,115,75493,32,27,0,27,1
2020-06-07,Alameda,001,1643700,4372,3866,6,3872,102
2020-06-07,Alpine,003,1148,1,1,0,1,0
2020-06-07,Amador,005,37829,10,10,0,10,0
2020-06-07,Butte,007,227075,95,64,6,70,1
2020-06-07,Calaveras,009,45235,25,16,0,16,0
2020-06-07,Colusa,011,21464,9,7,0,7,0
2020-06-07,Contra Costa,013,1133247,1964,1653,1,1654,38
2020-06-07,Del Norte,015,27424,45,45,0,45,0
2020-06-07,El Dorado,017,186661,138,104,1,105,0
2020-06-07,Fresno,019,978130,4065,2144,55,2199,41
2020-06-07,Glenn,021,27897,29,16,0,16,0
2020-06-07,Humboldt,023,135768,116,112,0,112,2
2020-06-07,Imperial,025,180216,5025,3048,4,3052,19
2020-06-07,Inyo,027,18085,22,21,0,21,1
2020-06-07,Kern,029,883053,3612,2771,9,2780,46
2020-06-07,Kings,031,150075,1765,882,3,885,6
2020-06-07,Lake,033,64148,36,28,0,28,0
2020-06-07,Lassen,035,31185,14,4,2,6,0
2020-06-07,Los Angeles,037,10098052,71676,63750,20,63770,2629
2020-06-07,Madera,039,155013,369,149,1,150,3
2020-06-07,Marin,041,260295,666,584,2,586,17
2020-06-07,Mariposa,043,17540,16,16,0,16,1
2020-06-07,Mendocino,045,87422,33,32,0,32,0
2020-06-07,Merced,047,269075,496,318,1,319,7
2020-06-07,Modoc,049,8938,1,0,0,0,0
2020-06-07,Mono,051,14174,39,35,0,35,1
2020-06-07,Monterey,053,433212,968,732,3,735,10
2020-06-07,Napa,055,140530,175,142,0,142,3
2020-06-07,Nevada,057,99092,55,50,1,51,1
2020-06-07,Orange,059,3164182,10704,7643,75,7718,158
2020-06-07,Placer,061,380077,400,273,2,275,9
2020-06-07,Plumas,063,18699,5,4,0,4,0
2020-06-07,Riverside,065,2383286,11851,9105,23,9128,344
2020-06-07,Sacramento,067,1510023,1734,1568,2,1570,59
2020-06-07,San Benito,069,59416,128,92,0,92,2
2020-06-07,San Bernardino,071,2135413,7952,6033,6,6039,214
2020-06-07,San Diego,073,3302833,9705,8478,0,8478,296
2020-06-07,San Francisco,075,870044,2920,2674,0,2674,43
2020-06-07,San Joaquin,077,732212,1631,1126,3,1129,37
2020-06-07,San Luis Obispo,079,281455,411,296,4,300,1
2020-06-07,San Mateo,081,765935,2618,2399,2,2401,73
2020-06-07,Santa Barbara,083,443738,2061,1818,17,1835,13
2020-06-07,Santa Clara,085,1922200,3771,2947,14,2961,146
2020-06-07,Santa Cruz,087,273765,260,230,0,230,2
2020-06-07,Shasta,089,179085,73,41,0,41,4
2020-06-07,Sierra,091,2930,1,1,0,1,0
2020-06-07,Siskiyou,093,43540,20,8,0,8,0
2020-06-07,Solano,095,438530,762,560,4,564,19
2020-06-07,Sonoma,097,501317,752,639,2,641,4
2020-06-07,Stanislaus,099,539301,1245,905,5,910,28
2020-06-07,Sutter,101,95872,73,55,0,55,2
2020-06-07,Tehama,103,63373,16,8,2,10,1
2020-06-07,Trinity,105,12862,8,2,3,5,0
2020-06-07,Tulare,107,460477,3172,2219,10,2229,90
2020-06-07,Tuolumne,109,53932,9,4,0,4,0
2020-06-07,Ventura,111,848112,1982,1337,11,1348,30
2020-06-07,Yolo,113,214977,265,224,0,224,24
2020-06-07,Yuba,115,75493,32,27,0,27,1
2020-06-06,Alameda,001,1643700,4327,3801,6,3807,102
2020-06-06,Alpine,003,1148,1,1,0,1,0
2020-06-06,Amador,005,37829,10,10,0,10,0
2020-06-06,Butte,007,227075,94,63,6,69,1
2020-06-06,Calaveras,009,45235,23,16,0,16,0
2020-06-06,Colusa,011,21464,9,7,0,7,0
2020-06-06,Contra Costa,013,1133247,1943,1619,1,1620,37
2020-06-06,Del Norte,015,27424,45,45,0,45,0
2020-06-06,El Dorado,017,186661,133,104,1,105,0
2020-06-06,Fresno,019,978130,4010,2117,55,2172,41
2020-06-06,Glenn,021,27897,27,16,0,16,0
2020-06-06,Humboldt,023,135768,116,112,0,112,2
2020-06-06,Imperial,025,180216,4949,3047,4,3051,19
2020-06-06,Inyo,027,18085,22,21,0,21,1
2020-06-06,Kern,029,883053,3541,2695,9,2704,46
2020-06-06,Kings,031,150075,1746,882,3,885,6
2020-06-06,Lake,033,64148,36,28,0,28,0
2020-06-06,Lassen,035,31185,14,4,2,6,0
2020-06-06,Los Angeles,037,10098052,70922,62269,20,62289,2607
2020-06-06,Madera,039,155013,360,149,1,150,3
2020-06-06,Marin,041,260295,661,556,2,558,17
2020-06-06,Mariposa,043,17540,16,16,0,16,1
2020-06-06,Mendocino,045,87422,33,32,0,32,0
2020-06-06,Merced,047,269075,495,315,1,316,7
2020-06-06,Modoc,049,8938,1,0,0,0,0
2020-06-06,Mono,051,14174,39,35,0,35,1
2020-06-06,Monterey,053,433212,944,679,3,682,10
2020-06-06,Napa,055,140530,169,136,0,136,3
2020-06-06,Nevada,057,99092,54,50,1,51,1
2020-06-06,Orange,059,3164182,10545,7576,74,7650,157
2020-06-06,Placer,061,380077,388,270,2,272,9
2020-06-06,Plumas,063,18699,5,4,0,4,0
2020-06-06,Riverside,065,2383286,11673,8935,23,8958,345
2020-06-06,Sacramento,067,1510023,1711,1533,2,1535,59
2020-06-06,San Benito,069,59416,118,92,0,92,2
2020-06-06,San Bernardino,071,2135413,7803,5946,6,5952,214
2020-06-06,San Diego,073,3302833,9584,8347,0,8347,296
2020-06-06,San Francisco,075,870044,2905,2674,0,2674,43
2020-06-06,San Joaquin,077,732212,1591,1076,3,1079,37
2020-06-06,San Luis Obispo,079,281455,405,295,4,299,1
2020-06-06,San Mateo,081,765935,2603,2342,2,2344,72
2020-06-06,Santa Barbara,083,443738,2022,1815,17,1832,13
2020-06-06,Santa Clara,085,1922200,3730,2934,14,2948,144
2020-06-06,Santa Cruz,087,273765,258,226,0,226,2
2020-06-06,Shasta,089,179085,73,40,0,40,4
2020-06-06,Sierra,091,2930,1,1,0,1,0
2020-06-06,Siskiyou,093,43540,18,8,0,8,0
2020-06-06,Solano,095,438530,747,560,4,564,19
2020-06-06,Sonoma,097,501317,740,622,2,624,4
2020-06-06,Stanislaus,099,539301,1211,858,5,863,27
2020-06-06,Sutter,101,95872,73,51,0,51,2
2020-06-06,Tehama,103,63373,15,8,2,10,1
2020-06-06,Trinity,105,12862,8,2,2,4,0
2020-06-06,Tulare,107,460477,3139,2213,10,2223,90
2020-06-06,Tuolumne,109,53932,9,4,0,4,0
2020-06-06,Ventura,111,848112,1958,1303,11,1314,30
2020-06-06,Yolo,113,214977,263,223,0,223,24
2020-06-06,Yuba,115,75493,32,27,0,27,1
2020-06-05,Alameda,001,1643700,4276,3734,6,3740,102
2020-06-05,Alpine,003,1148,1,1,0,1,0
2020-06-05,Amador,005,37829,10,10,0,10,0
2020-06-05,Butte,007,227075,91,61,6,67,1
2020-06-05,Calaveras,009,45235,22,16,0,16,0
2020-06-05,Colusa,011,21464,9,7,0,7,0
2020-06-05,Contra Costa,013,1133247,1928,1575,1,1576,37
2020-06-05,Del Norte,015,27424,45,45,0,45,0
2020-06-05,El Dorado,017,186661,131,101,1,102,0
2020-06-05,Fresno,019,978130,3946,2051,54,2105,38
2020-06-05,Glenn,021,27897,25,16,0,16,0
2020-06-05,Humboldt,023,135768,115,111,0,111,2
2020-06-05,Imperial,025,180216,4842,2778,4,2782,19
2020-06-05,Inyo,027,18085,22,21,0,21,1
2020-06-05,Kern,029,883053,3452,2624,9,2633,46
2020-06-05,Kings,031,150075,1731,865,3,868,6
2020-06-05,Lake,033,64148,35,28,0,28,0
2020-06-05,Lassen,035,31185,13,4,2,6,0
2020-06-05,Los Angeles,037,10098052,69770,60955,20,60975,2553
2020-06-05,Madera,039,155013,338,144,1,145,3
2020-06-05,Marin,041,260295,652,546,2,548,17
2020-06-05,Mariposa,043,17540,16,16,0,16,1
2020-06-05,Mendocino,045,87422,33,32,0,32,0
2020-06-05,Merced,047,269075,493,309,1,310,7
2020-06-05,Modoc,049,8938,1,0,0,0,0
2020-06-05,Mono,051,14174,39,35,0,35,1
2020-06-05,Monterey,053,433212,912,649,3,652,10
2020-06-05,Napa,055,140530,166,123,0,123,3
2020-06-05,Nevada,057,99092,54,50,1,51,1
2020-06-05,Orange,059,3164182,10350,7391,73,7464,153
2020-06-05,Placer,061,380077,378,265,2,267,9
2020-06-05,Plumas,063,18699,5,4,0,4,0
2020-06-05,Riverside,065,2383286,11414,8700,23,8723,345
2020-06-05,Sacramento,067,1510023,1689,1514,2,1516,59
2020-06-05,San Benito,069,59416,116,92,0,92,2
2020-06-05,San Bernardino,071,2135413,7621,5869,5,5874,212
2020-06-05,San Diego,073,3302833,9469,8182,0,8182,294
2020-06-05,San Francisco,075,870044,2887,2675,0,2675,43
2020-06-05,San Joaquin,077,732212,1512,1046,3,1049,36
2020-06-05,San Luis Obispo,079,281455,398,293,4,297,1
2020-06-05,San Mateo,081,765935,2578,2331,2,2333,72
2020-06-05,Santa Barbara,083,443738,1991,1795,17,1812,13
2020-06-05,Santa Clara,085,1922200,3695,2902,14,2916,144
2020-06-05,Santa Cruz,087,273765,255,222,0,222,2
2020-06-05,Shasta,089,179085,72,40,0,40,4
2020-06-05,Sierra,091,2930,1,1,0,1,0
2020-06-05,Siskiyou,093,43540,16,8,0,8,0
2020-06-05,Solano,095,438530,740,558,4,562,19
2020-06-05,Sonoma,097,501317,719,618,2,620,4
2020-06-05,Stanislaus,099,539301,1178,842,5,847,27
2020-06-05,Sutter,101,95872,73,49,0,49,2
2020-06-05,Tehama,103,63373,15,7,2,9,1
2020-06-05,Trinity,105,12862,8,1,2,3,0
2020-06-05,Tulare,107,460477,3090,2180,10,2190,90
2020-06-05,Tuolumne,109,53932,9,4,0,4,0
2020-06-05,Ventura,111,848112,1925,1274,11,1285,30
2020-06-05,Yolo,113,214977,262,216,0,216,24
2020-06-05,Yuba,115,75493,32,27,0,27,1
2020-06-04,Alameda,001,1643700,4177,3643,6,3649,99
2020-06-04,Alpine,003,1148,1,1,0,1,0
2020-06-04,Amador,005,37829,10,10,0,10,0
2020-06-04,Butte,007,227075,87,57,5,62,1
2020-06-04,Calaveras,009,45235,22,15,0,15,0
2020-06-04,Colusa,011,21464,9,7,0,7,0
2020-06-04,Contra Costa,013,1133247,1871,1551,1,1552,37
2020-06-04,Del Norte,015,27424,45,45,0,45,0
2020-06-04,El Dorado,017,186661,129,101,1,102,0
2020-06-04,Fresno,019,978130,3841,2007,53,2060,35
2020-06-04,Glenn,021,27897,22,16,0,16,0
2020-06-04,Humboldt,023,135768,115,109,0,109,2
2020-06-04,Imperial,025,180216,4660,2631,4,2635,19
2020-06-04,Inyo,027,18085,22,20,0,20,1
2020-06-04,Kern,029,883053,3336,2530,9,2539,46
2020-06-04,Kings,031,150075,1661,842,3,845,6
2020-06-04,Lake,033,64148,34,27,0,27,0
2020-06-04,Lassen,035,31185,11,4,2,6,0
2020-06-04,Los Angeles,037,10098052,68303,59596,20,59616,2515
2020-06-04,Madera,039,155013,330,127,1,128,3
2020-06-04,Marin,041,260295,630,533,2,535,14
2020-06-04,Mariposa,043,17540,16,16,0,16,1
2020-06-04,Mendocino,045,87422,33,29,0,29,0
2020-06-04,Merced,047,269075,473,304,1,305,7
2020-06-04,Modoc,049,8938,1,0,0,0,0
2020-06-04,Mono,051,14174,39,35,0,35,1
2020-06-04,Monterey,053,433212,877,621,2,623,10
2020-06-04,Napa,055,140530,162,117,0,117,3
2020-06-04,Nevada,057,99092,53,49,1,50,1
2020-06-04,Orange,059,3164182,10098,7192,72,7264,148
2020-06-04,Placer,061,380077,362,256,2,258,9
2020-06-04,Plumas,063,18699,4,4,0,4,0
2020-06-04,Riverside,065,2383286,11136,8473,23,8496,341
2020-06-04,Sacramento,067,1510023,1661,1492,2,1494,58
2020-06-04,San Benito,069,59416,114,88,0,88,2
2020-06-04,San Bernardino,071,2135413,7352,5726,5,5731,207
2020-06-04,San Diego,073,3302833,9306,7942,0,7942,288
2020-06-04,San Francisco,075,870044,2854,2636,0,2636,43
2020-06-04,San Joaquin,077,732212,1450,1016,3,1019,36
2020-06-04,San Luis Obispo,079,281455,387,288,4,292,1
2020-06-04,San Mateo,081,765935,2551,2284,2,2286,72
2020-06-04,Santa Barbara,083,443738,1960,1750,16,1766,13
2020-06-04,Santa Clara,085,1922200,3660,2871,14,2885,144
2020-06-04,Santa Cruz,087,273765,249,218,0,218,2
2020-06-04,Shasta,089,179085,66,40,0,40,4
2020-06-04,Sierra,091,2930,1,1,0,1,0
2020-06-04,Siskiyou,093,43540,15,8,0,8,0
2020-06-04,Solano,095,438530,723,551,4,555,19
2020-06-04,Sonoma,097,501317,700,591,1,592,4
2020-06-04,Stanislaus,099,539301,1102,806,5,811,28
2020-06-04,Sutter,101,95872,68,46,0,46,2
2020-06-04,Tehama,103,63373,14,6,1,7,1
2020-06-04,Trinity,105,12862,8,1,2,3,0
2020-06-04,Tulare,107,460477,2973,2086,10,2096,90
2020-06-04,Tuolumne,109,53932,8,4,0,4,0
2020-06-04,Ventura,111,848112,1881,1236,10,1246,30
2020-06-04,Yolo,113,214977,257,216,0,216,24
2020-06-04,Yuba,115,75493,31,27,0,27,1
2020-06-03,Alameda,001,1643700,4118,3589,5,3594,99
2020-06-03,Alpine,003,1148,1,1,0,1,0
2020-06-03,Amador,005,37829,10,10,0,10,0
2020-06-03,Butte,007,227075,85,53,5,58,1
2020-06-03,Calaveras,009,45235,21,15,0,15,0
2020-06-03,Colusa,011,21464,9,7,0,7,0
2020-06-03,Contra Costa,013,1133247,1823,1511,1,1512,37
2020-06-03,Del Norte,015,27424,45,39,0,39,0
2020-06-03,El Dorado,017,186661,126,90,1,91,0
2020-06-03,Fresno,019,978130,3742,1943,53,1996,35
2020-06-03,Glenn,021,27897,22,16,0,16,0
2020-06-03,Humboldt,023,135768,115,103,0,103,2
2020-06-03,Imperial,025,180216,4487,2540,4,2544,19
2020-06-03,Inyo,027,18085,22,20,0,20,1
2020-06-03,Kern,029,883053,3240,2452,8,2460,44
2020-06-03,Kings,031,150075,1596,744,3,747,6
2020-06-03,Lake,033,64148,32,26,0,26,0
2020-06-03,Lassen,035,31185,11,4,2,6,0
2020-06-03,Los Angeles,037,10098052,66696,58166,20,58186,2472
2020-06-03,Madera,039,155013,322,117,1,118,3
2020-06-03,Marin,041,260295,612,527,2,529,14
2020-06-03,Mariposa,043,17540,16,16,0,16,1
2020-06-03,Mendocino,045,87422,32,29,0,29,0
2020-06-03,Merced,047,269075,459,299,1,300,7
2020-06-03,Modoc,049,8938,1,0,0,0,0
2020-06-03,Mono,051,14174,39,35,0,35,1
2020-06-03,Monterey,053,433212,849,592,2,594,10
2020-06-03,Napa,055,140530,161,116,0,116,3
2020-06-03,Nevada,057,99092,52,43,1,44,1
2020-06-03,Orange,059,3164182,9872,6939,71,7010,145
2020-06-03,Placer,061,380077,342,243,2,245,9
2020-06-03,Plumas,063,18699,4,4,0,4,0
2020-06-03,Riverside,065,2383286,10862,8208,23,8231,335
2020-06-03,Sacramento,067,1510023,1632,1457,2,1459,58
2020-06-03,San Benito,069,59416,108,88,0,88,2
2020-06-03,San Bernardino,071,2135413,7129,5565,5,5570,203
2020-06-03,San Diego,073,3302833,9158,7800,0,7800,283
2020-06-03,San Francisco,075,870044,2823,2608,0,2608,43
2020-06-03,San Joaquin,077,732212,1386,1004,3,1007,35
2020-06-03,San Luis Obispo,079,281455,382,279,4,283,1
2020-06-03,San Mateo,081,765935,2523,2243,2,2245,71
2020-06-03,Santa Barbara,083,443738,1926,1722,15,1737,12
2020-06-03,Santa Clara,085,1922200,3618,2836,14,2850,144
2020-06-03,Santa Cruz,087,273765,243,217,0,217,2
2020-06-03,Shasta,089,179085,63,40,0,40,4
2020-06-03,Sierra,091,2930,1,1,0,1,0
2020-06-03,Siskiyou,093,43540,14,8,0,8,0
2020-06-03,Solano,095,438530,698,543,2,545,18
2020-06-03,Sonoma,097,501317,688,578,1,579,4
2020-06-03,Stanislaus,099,539301,1062,780,5,785,27
2020-06-03,Sutter,101,95872,60,45,0,45,2
2020-06-03,Tehama,103,63373,14,6,1,7,1
2020-06-03,Trinity,105,12862,8,1,2,3,0
2020-06-03,Tulare,107,460477,2904,2041,10,2051,88
2020-06-03,Tuolumne,109,53932,6,4,0,4,0
2020-06-03,Ventura,111,848112,1814,1202,10,1212,30
2020-06-03,Yolo,113,214977,253,213,0,213,24
2020-06-03,Yuba,115,75493,31,27,0,27,1
2020-06-02,Alameda,001,1643700,4042,3517,5,3522,99
2020-06-02,Alpine,003,1148,1,1,0,1,0
2020-06-02,Amador,005,37829,10,10,0,10,0
2020-06-02,Butte,007,227075,81,51,4,55,1
2020-06-02,Calaveras,009,45235,21,15,0,15,0
2020-06-02,Colusa,011,21464,9,7,0,7,0
2020-06-02,Contra Costa,013,1133247,1791,1505,1,1506,37
2020-06-02,Del Norte,015,27424,45,39,0,39,0
2020-06-02,El Dorado,017,186661,125,88,1,89,0
2020-06-02,Fresno,019,978130,3629,1917,53,1970,34
2020-06-02,Glenn,021,27897,21,16,0,16,0
2020-06-02,Humboldt,023,135768,115,101,0,101,2
2020-06-02,Imperial,025,180216,4294,2459,4,2463,19
2020-06-02,Inyo,027,18085,20,20,0,20,1
2020-06-02,Kern,029,883053,3141,2406,6,2412,41
2020-06-02,Kings,031,150075,1568,720,3,723,5
2020-06-02,Lake,033,64148,32,25,0,25,0
2020-06-02,Lassen,035,31185,10,4,2,6,0
2020-06-02,Los Angeles,037,10098052,65292,57144,20,57164,2430
2020-06-02,Madera,039,155013,301,110,1,111,2
2020-06-02,Marin,041,260295,585,509,2,511,14
2020-06-02,Mariposa,043,17540,16,16,0,16,1
2020-06-02,Mendocino,045,87422,32,29,0,29,0
2020-06-02,Merced,047,269075,443,297,1,298,6
2020-06-02,Modoc,049,8938,1,0,0,0,0
2020-06-02,Mono,051,14174,39,35,0,35,1
2020-06-02,Monterey,053,433212,819,582,2,584,10
2020-06-02,Napa,055,140530,152,116,0,116,3
2020-06-02,Nevada,057,99092,51,41,1,42,1
2020-06-02,Orange,059,3164182,9671,6790,70,6860,142
2020-06-02,Placer,061,380077,328,226,2,228,9
2020-06-02,Plumas,063,18699,4,4,0,4,0
2020-06-02,Riverside,065,2383286,10566,8091,22,8113,330
2020-06-02,Sacramento,067,1510023,1603,1428,2,1430,58
2020-06-02,San Benito,069,59416,107,86,0,86,2
2020-06-02,San Bernardino,071,2135413,6922,5438,5,5443,202
2020-06-02,San Diego,073,3302833,9012,7676,0,7676,276
2020-06-02,San Francisco,075,870044,2788,2554,0,2554,43
2020-06-02,San Joaquin,077,732212,1320,985,3,988,35
2020-06-02,San Luis Obispo,079,281455,377,275,4,279,1
2020-06-02,San Mateo,081,765935,2488,2203,2,2205,71
2020-06-02,Santa Barbara,083,443738,1886,1703,15,1718,12
2020-06-02,Santa Clara,085,1922200,3568,2819,14,2833,144
2020-06-02,Santa Cruz,087,273765,238,215,0,215,2
2020-06-02,Shasta,089,179085,62,38,0,38,4
2020-06-02,Sierra,091,2930,1,1,0,1,0
2020-06-02,Siskiyou,093,43540,13,8,0,8,0
2020-06-02,Solano,095,438530,683,537,1,538,18
2020-06-02,Sonoma,097,501317,677,571,1,572,4
2020-06-02,Stanislaus,099,539301,1003,772,5,777,27
2020-06-02,Sutter,101,95872,57,43,0,43,2
2020-06-02,Tehama,103,63373,14,6,1,7,1
2020-06-02,Trinity,105,12862,8,1,2,3,0
2020-06-02,Tulare,107,460477,2824,2012,10,2022,86
2020-06-02,Tuolumne,109,53932,6,4,0,4,0
2020-06-02,Ventura,111,848112,1761,1178,10,1188,30
2020-06-02,Yolo,113,214977,251,213,0,213,24
2020-06-02,Yuba,115,75493,31,27,0,27,1
2020-06-01,Alameda,001,1643700,3976,3460,5,3465,98
2020-06-01,Alpine,003,1148,1,1,0,1,0
2020-06-01,Amador,005,37829,10,10,0,10,0
2020-06-01,Butte,007,227075,80,50,3,53,1
2020-06-01,Calaveras,009,45235,21,15,0,15,0
2020-06-01,Colusa,011,21464,9,7,0,7,0
2020-06-01,Contra Costa,013,1133247,1755,1486,1,1487,37
2020-06-01,Del Norte,015,27424,45,38,0,38,0
2020-06-01,El Dorado,017,186661,123,88,1,89,0
2020-06-01,Fresno,019,978130,3534,1854,51,1905,33
2020-06-01,Glenn,021,27897,21,16,0,16,0
2020-06-01,Humboldt,023,135768,115,98,0,98,2
2020-06-01,Imperial,025,180216,4072,2366,4,2370,14
2020-06-01,Inyo,027,18085,20,20,0,20,1
2020-06-01,Kern,029,883053,3058,2366,6,2372,38
2020-06-01,Kings,031,150075,1300,703,3,706,4
2020-06-01,Lake,033,64148,32,22,0,22,0
2020-06-01,Lassen,035,31185,10,4,2,6,0
2020-06-01,Los Angeles,037,10098052,63819,55899,20,55919,2367
2020-06-01,Madera,039,155013,289,103,1,104,2
2020-06-01,Marin,041,260295,544,495,2,497,14
2020-06-01,Mariposa,043,17540,16,16,0,16,1
2020-06-01,Mendocino,045,87422,32,28,0,28,0
2020-06-01,Merced,047,269075,424,289,1,290,6
2020-06-01,Modoc,049,8938,1,0,0,0,0
2020-06-01,Mono,051,14174,39,35,0,35,1
2020-06-01,Monterey,053,433212,795,554,2,556,10
2020-06-01,Napa,055,140530,149,114,0,114,3
2020-06-01,Nevada,057,99092,51,41,1,42,1
2020-06-01,Orange,059,3164182,9474,6640,69,6709,135
2020-06-01,Placer,061,380077,316,218,2,220,9
2020-06-01,Plumas,063,18699,4,4,0,4,0
2020-06-01,Riverside,065,2383286,10114,7921,21,7942,322
2020-06-01,Sacramento,067,1510023,1564,1415,2,1417,58
2020-06-01,San Benito,069,59416,104,86,0,86,2
2020-06-01,San Bernardino,071,2135413,6716,5310,5,5315,202
2020-06-01,San Diego,073,3302833,8832,7556,0,7556,269
2020-06-01,San Francisco,075,870044,2751,2546,0,2546,43
2020-06-01,San Joaquin,077,732212,1255,957,3,960,35
2020-06-01,San Luis Obispo,079,281455,373,275,4,279,1
2020-06-01,San Mateo,081,765935,2458,2190,2,2192,71
2020-06-01,Santa Barbara,083,443738,1852,1671,14,1685,10
2020-06-01,Santa Clara,085,1922200,3530,2797,13,2810,142
2020-06-01,Santa Cruz,087,273765,234,215,0,215,2
2020-06-01,Shasta,089,179085,62,38,0,38,4
2020-06-01,Sierra,091,2930,1,1,0,1,0
2020-06-01,Siskiyou,093,43540,13,7,0,7,0
2020-06-01,Solano,095,438530,659,529,1,530,17
2020-06-01,Sonoma,097,501317,661,565,1,566,4
2020-06-01,Stanislaus,099,539301,966,758,5,763,27
2020-06-01,Sutter,101,95872,52,43,0,43,2
2020-06-01,Tehama,103,63373,11,5,1,6,1
2020-06-01,Trinity,105,12862,7,1,2,3,0
2020-06-01,Tulare,107,460477,2709,1976,10,1986,84
2020-06-01,Tuolumne,109,53932,5,4,0,4,0
2020-06-01,Ventura,111,848112,1708,1163,10,1173,29
2020-06-01,Yolo,113,214977,248,212,0,212,24
2020-06-01,Yuba,115,75493,30,26,0,26,1
2020-05-31,Alameda,001,1643700,3871,3362,5,3367,98
2020-05-31,Alpine,003,1148,1,1,0,1,0
2020-05-31,Amador,005,37829,10,10,0,10,0
2020-05-31,Butte,007,227075,78,51,3,54,0
2020-05-31,Calaveras,009,45235,18,15,0,15,0
2020-05-31,Colusa,011,21464,9,5,0,5,0
2020-05-31,Contra Costa,013,1133247,1721,1458,1,1459,37
2020-05-31,Del Norte,015,27424,45,37,0,37,0
2020-05-31,El Dorado,017,186661,119,88,1,89,0
2020-05-31,Fresno,019,978130,3370,1780,46,1826,31
2020-05-31,Glenn,021,27897,20,16,0,16,0
2020-05-31,Humboldt,023,135768,113,98,0,98,2
2020-05-31,Imperial,025,180216,3805,2197,4,2201,14
2020-05-31,Inyo,027,18085,20,20,0,20,1
2020-05-31,Kern,029,883053,2923,2300,6,2306,38
2020-05-31,Kings,031,150075,1263,703,3,706,3
2020-05-31,Lake,033,64148,32,19,0,19,0
2020-05-31,Lassen,035,31185,10,4,2,6,0
2020-05-31,Los Angeles,037,10098052,62524,54925,20,54945,2344
2020-05-31,Madera,039,155013,271,101,1,102,2
2020-05-31,Marin,041,260295,534,486,2,488,14
2020-05-31,Mariposa,043,17540,16,16,0,16,1
2020-05-31,Mendocino,045,87422,32,24,0,24,0
2020-05-31,Merced,047,269075,397,288,0,288,6
2020-05-31,Modoc,049,8938,0,0,0,0,0
2020-05-31,Mono,051,14174,39,34,0,34,1
2020-05-31,Monterey,053,433212,721,545,2,547,10
2020-05-31,Napa,055,140530,147,114,0,114,3
2020-05-31,Nevada,057,99092,50,41,1,42,1
2020-05-31,Orange,059,3164182,9264,6532,68,6600,135
2020-05-31,Placer,061,380077,294,215,2,217,9
2020-05-31,Plumas,063,18699,4,4,0,4,0
2020-05-31,Riverside,065,2383286,9858,7704,21,7725,321
2020-05-31,Sacramento,067,1510023,1533,1398,2,1400,57
2020-05-31,San Benito,069,59416,98,85,0,85,2
2020-05-31,San Bernardino,071,2135413,6448,5185,5,5190,198
2020-05-31,San Diego,073,3302833,8638,7483,0,7483,269
2020-05-31,San Francisco,075,870044,2715,2501,0,2501,43
2020-05-31,San Joaquin,077,732212,1190,888,3,891,34
2020-05-31,San Luis Obispo,079,281455,363,271,4,275,1
2020-05-31,San Mateo,081,765935,2412,2169,2,2171,71
2020-05-31,Santa Barbara,083,443738,1801,1662,13,1675,9
2020-05-31,Santa Clara,085,1922200,3486,2785,13,2798,142
2020-05-31,Santa Cruz,087,273765,231,210,0,210,2
2020-05-31,Shasta,089,179085,60,38,0,38,4
2020-05-31,Sierra,091,2930,1,1,0,1,0
2020-05-31,Siskiyou,093,43540,12,7,0,7,0
2020-05-31,Solano,095,438530,633,512,1,513,6
2020-05-31,Sonoma,097,501317,641,555,1,556,4
2020-05-31,Stanislaus,099,539301,912,738,5,743,27
2020-05-31,Sutter,101,95872,50,42,0,42,2
2020-05-31,Tehama,103,63373,10,4,1,5,1
2020-05-31,Trinity,105,12862,7,1,2,3,0
2020-05-31,Tulare,107,460477,2636,1884,10,1894,82
2020-05-31,Tuolumne,109,53932,5,4,0,4,0
2020-05-31,Ventura,111,848112,1647,1151,10,1161,30
2020-05-31,Yolo,113,214977,242,211,0,211,24
2020-05-31,Yuba,115,75493,30,26,0,26,1
2020-05-30,Alameda,001,1643700,3845,3304,5,3309,96
2020-05-30,Alpine,003,1148,1,1,0,1,0
2020-05-30,Amador,005,37829,10,10,0,10,0
2020-05-30,Butte,007,227075,77,44,3,47,0
2020-05-30,Calaveras,009,45235,17,15,0,15,0
2020-05-30,Colusa,011,21464,8,5,0,5,0
2020-05-30,Contra Costa,013,1133247,1705,1429,1,1430,37
2020-05-30,Del Norte,015,27424,45,37,0,37,0
2020-05-30,El Dorado,017,186661,118,86,1,87,0
2020-05-30,Fresno,019,978130,3309,1744,45,1789,31
2020-05-30,Glenn,021,27897,19,16,0,16,0
2020-05-30,Humboldt,023,135768,112,98,0,98,2
2020-05-30,Imperial,025,180216,3715,2091,4,2095,14
2020-05-30,Inyo,027,18085,20,20,0,20,1
2020-05-30,Kern,029,883053,2854,2217,6,2223,38
2020-05-30,Kings,031,150075,1249,703,3,706,3
2020-05-30,Lake,033,64148,31,18,0,18,0
2020-05-30,Lassen,035,31185,10,4,2,6,0
2020-05-30,Los Angeles,037,10098052,61989,53627,20,53647,2319
2020-05-30,Madera,039,155013,266,101,1,102,2
2020-05-30,Marin,041,260295,534,462,2,464,14
2020-05-30,Mariposa,043,17540,16,16,0,16,1
2020-05-30,Mendocino,045,87422,32,24,0,24,0
2020-05-30,Merced,047,269075,396,285,0,285,6
2020-05-30,Modoc,049,8938,0,0,0,0,0
2020-05-30,Mono,051,14174,39,34,0,34,1
2020-05-30,Monterey,053,433212,705,520,2,522,10
2020-05-30,Napa,055,140530,145,113,0,113,3
2020-05-30,Nevada,057,99092,50,41,1,42,1
2020-05-30,Orange,059,3164182,9107,6354,67,6421,134
2020-05-30,Placer,061,380077,286,199,1,200,9
2020-05-30,Plumas,063,18699,4,4,0,4,0
2020-05-30,Riverside,065,2383286,9714,7492,21,7513,316
2020-05-30,Sacramento,067,1510023,1522,1384,2,1386,57
2020-05-30,San Benito,069,59416,97,85,0,85,2
2020-05-30,San Bernardino,071,2135413,6339,5122,5,5127,198
2020-05-30,San Diego,073,3302833,8545,7387,0,7387,269
2020-05-30,San Francisco,075,870044,2690,2496,0,2496,41
2020-05-30,San Joaquin,077,732212,1152,888,3,891,34
2020-05-30,San Luis Obispo,079,281455,358,270,4,274,1
2020-05-30,San Mateo,081,765935,2388,2129,2,2131,71
2020-05-30,Santa Barbara,083,443738,1782,1660,13,1673,9
2020-05-30,Santa Clara,085,1922200,3470,2741,13,2754,141
2020-05-30,Santa Cruz,087,273765,231,206,0,206,2
2020-05-30,Shasta,089,179085,60,36,0,36,4
2020-05-30,Sierra,091,2930,1,1,0,1,0
2020-05-30,Siskiyou,093,43540,11,7,0,7,0
2020-05-30,Solano,095,438530,626,512,1,513,6
2020-05-30,Sonoma,097,501317,631,551,1,552,4
2020-05-30,Stanislaus,099,539301,895,712,5,717,27
2020-05-30,Sutter,101,95872,49,40,0,40,2
2020-05-30,Tehama,103,63373,10,4,1,5,1
2020-05-30,Trinity,105,12862,7,1,2,3,0
2020-05-30,Tulare,107,460477,2599,1879,10,1889,81
2020-05-30,Tuolumne,109,53932,5,4,0,4,0
2020-05-30,Ventura,111,848112,1630,1116,10,1126,30
2020-05-30,Yolo,113,214977,238,210,0,210,24
2020-05-30,Yuba,115,75493,30,25,0,25,1
2020-05-29,Alameda,001,1643700,3810,3209,5,3214,96
2020-05-29,Alpine,003,1148,1,1,0,1,0
2020-05-29,Amador,005,37829,10,10,0,10,0
2020-05-29,Butte,007,227075,72,41,3,44,0
2020-05-29,Calaveras,009,45235,17,15,0,15,0
2020-05-29,Colusa,011,21464,8,5,0,5,0
2020-05-29,Contra Costa,013,1133247,1689,1411,1,1412,37
2020-05-29,Del Norte,015,27424,45,37,0,37,0
2020-05-29,El Dorado,017,186661,117,85,1,86,0
2020-05-29,Fresno,019,978130,3259,1687,45,1732,31
2020-05-29,Glenn,021,27897,19,14,0,14,0
2020-05-29,Humboldt,023,135768,111,98,0,98,2
2020-05-29,Imperial,025,180216,3597,1607,4,1611,14
2020-05-29,Inyo,027,18085,20,20,0,20,1
2020-05-29,Kern,029,883053,2796,2128,6,2134,36
2020-05-29,Kings,031,150075,1238,693,3,696,3
2020-05-29,Lake,033,64148,30,17,0,17,0
2020-05-29,Lassen,035,31185,10,0,2,2,0
2020-05-29,Los Angeles,037,10098052,61032,51578,20,51598,2273
2020-05-29,Madera,039,155013,251,98,1,99,2
2020-05-29,Marin,041,260295,526,448,2,450,14
2020-05-29,Mariposa,043,17540,16,16,0,16,1
2020-05-29,Mendocino,045,87422,30,25,0,25,0
2020-05-29,Merced,047,269075,391,285,0,285,7
2020-05-29,Modoc,049,8938,0,0,0,0,0
2020-05-29,Mono,051,14174,38,34,0,34,1
2020-05-29,Monterey,053,433212,675,479,2,481,10
2020-05-29,Napa,055,140530,142,113,0,113,3
2020-05-29,Nevada,057,99092,50,41,1,42,1
2020-05-29,Orange,059,3164182,8921,6176,64,6240,133
2020-05-29,Placer,061,380077,264,199,1,200,9
2020-05-29,Plumas,063,18699,4,4,0,4,0
2020-05-29,Riverside,065,2383286,9528,7376,21,7397,313
2020-05-29,Sacramento,067,1510023,1499,1360,2,1362,57
2020-05-29,San Benito,069,59416,97,84,0,84,2
2020-05-29,San Bernardino,071,2135413,6231,4983,5,4988,196
2020-05-29,San Diego,073,3302833,8422,7242,0,7242,266
2020-05-29,San Francisco,075,870044,2666,2453,0,2453,41
2020-05-29,San Joaquin,077,732212,1115,855,3,858,34
2020-05-29,San Luis Obispo,079,281455,354,270,4,274,1
2020-05-29,San Mateo,081,765935,2372,2103,2,2105,71
2020-05-29,Santa Barbara,083,443738,1754,1656,13,1669,9
2020-05-29,Santa Clara,085,1922200,3442,2707,13,2720,141
2020-05-29,Santa Cruz,087,273765,228,203,0,203,2
2020-05-29,Shasta,089,179085,60,36,0,36,4
2020-05-29,Sierra,091,2930,1,1,0,1,0
2020-05-29,Siskiyou,093,43540,11,7,0,7,0
2020-05-29,Solano,095,438530,618,498,1,499,6
2020-05-29,Sonoma,097,501317,620,537,1,538,4
2020-05-29,Stanislaus,099,539301,865,698,5,703,27
2020-05-29,Sutter,101,95872,47,40,0,40,2
2020-05-29,Tehama,103,63373,9,4,1,5,1
2020-05-29,Trinity,105,12862,7,1,2,3,0
2020-05-29,Tulare,107,460477,2561,1852,10,1862,80
2020-05-29,Tuolumne,109,53932,5,4,0,4,0
2020-05-29,Ventura,111,848112,1606,1093,10,1103,29
2020-05-29,Yolo,113,214977,234,211,0,211,24
2020-05-29,Yuba,115,75493,29,25,0,25,1
2020-05-28,Alameda,001,1643700,3711,3083,5,3088,94
2020-05-28,Alpine,003,1148,1,1,0,1,0
2020-05-28,Amador,005,37829,10,10,0,10,0
2020-05-28,Butte,007,227075,71,40,3,43,0
2020-05-28,Calaveras,009,45235,16,15,0,15,0
2020-05-28,Colusa,011,21464,8,5,0,5,0
2020-05-28,Contra Costa,013,1133247,1650,1392,1,1393,37
2020-05-28,Del Norte,015,27424,45,37,0,37,0
2020-05-28,El Dorado,017,186661,114,82,1,83,0
2020-05-28,Fresno,019,978130,3178,1653,44,1697,31
2020-05-28,Glenn,021,27897,18,14,0,14,0
2020-05-28,Humboldt,023,135768,110,97,0,97,2
2020-05-28,Imperial,025,180216,3402,1430,4,1434,14
2020-05-28,Inyo,027,18085,20,20,0,20,1
2020-05-28,Kern,029,883053,2718,2069,6,2075,36
2020-05-28,Kings,031,150075,901,626,3,629,3
2020-05-28,Lake,033,64148,29,17,0,17,0
2020-05-28,Lassen,035,31185,10,0,2,2,0
2020-05-28,Los Angeles,037,10098052,59455,49861,20,49881,2222
2020-05-28,Madera,039,155013,233,93,1,94,2
2020-05-28,Marin,041,260295,501,443,2,445,14
2020-05-28,Mariposa,043,17540,16,16,0,16,1
2020-05-28,Mendocino,045,87422,28,24,0,24,0
2020-05-28,Merced,047,269075,382,283,0,283,7
2020-05-28,Modoc,049,8938,0,0,0,0,0
2020-05-28,Mono,051,14174,38,34,0,34,1
2020-05-28,Monterey,053,433212,643,471,2,473,10
2020-05-28,Napa,055,140530,139,113,0,113,3
2020-05-28,Nevada,057,99092,45,41,1,42,1
2020-05-28,Orange,059,3164182,8725,6045,64,6109,130
2020-05-28,Placer,061,380077,257,196,1,197,9
2020-05-28,Plumas,063,18699,4,4,0,4,0
2020-05-28,Riverside,065,2383286,9124,7240,20,7260,304
2020-05-28,Sacramento,067,1510023,1479,1339,2,1341,57
2020-05-28,San Benito,069,59416,96,82,0,82,2
2020-05-28,San Bernardino,071,2135413,6066,4831,5,4836,191
2020-05-28,San Diego,073,3302833,8265,7102,0,7102,260
2020-05-28,San Francisco,075,870044,2632,2417,0,2417,40
2020-05-28,San Joaquin,077,732212,1080,840,3,843,34
2020-05-28,San Luis Obispo,079,281455,351,267,4,271,1
2020-05-28,San Mateo,081,765935,2345,2070,2,2072,71
2020-05-28,Santa Barbara,083,443738,1726,1642,12,1654,9
2020-05-28,Santa Clara,085,1922200,3402,2698,13,2711,140
2020-05-28,Santa Cruz,087,273765,227,201,0,201,2
2020-05-28,Shasta,089,179085,58,36,0,36,4
2020-05-28,Sierra,091,2930,1,1,0,1,0
2020-05-28,Siskiyou,093,43540,9,6,0,6,0
2020-05-28,Solano,095,438530,601,489,1,490,6
2020-05-28,Sonoma,097,501317,598,529,1,530,4
2020-05-28,Stanislaus,099,539301,824,684,5,689,27
2020-05-28,Sutter,101,95872,47,40,0,40,2
2020-05-28,Tehama,103,63373,9,4,1,5,1
2020-05-28,Trinity,105,12862,6,1,2,3,0
2020-05-28,Tulare,107,460477,2525,1832,10,1842,79
2020-05-28,Tuolumne,109,53932,5,4,0,4,0
2020-05-28,Ventura,111,848112,1573,1083,10,1093,29
2020-05-28,Yolo,113,214977,231,206,0,206,22
2020-05-28,Yuba,115,75493,28,24,0,24,1
2020-05-27,Alameda,001,1643700,3628,3037,5,3042,94
2020-05-27,Alpine,003,1148,1,1,0,1,0
2020-05-27,Amador,005,37829,10,10,0,10,0
2020-05-27,Butte,007,227075,68,40,2,42,0
2020-05-27,Calaveras,009,45235,15,15,0,15,0
2020-05-27,Colusa,011,21464,8,5,0,5,0
2020-05-27,Contra Costa,013,1133247,1610,1373,1,1374,37
2020-05-27,Del Norte,015,27424,45,34,0,34,0
2020-05-27,El Dorado,017,186661,113,82,1,83,0
2020-05-27,Fresno,019,978130,3090,1620,44,1664,27
2020-05-27,Glenn,021,27897,18,14,0,14,0
2020-05-27,Humboldt,023,135768,110,86,0,86,2
2020-05-27,Imperial,025,180216,3222,1369,4,1373,14
2020-05-27,Inyo,027,18085,20,20,0,20,1
2020-05-27,Kern,029,883053,2653,1999,6,2005,37
2020-05-27,Kings,031,150075,874,586,3,589,3
2020-05-27,Lake,033,64148,29,13,0,13,0
2020-05-27,Lassen,035,31185,10,0,2,2,0
2020-05-27,Los Angeles,037,10098052,58079,48711,20,48731,2177
2020-05-27,Madera,039,155013,224,91,1,92,2
2020-05-27,Marin,041,260295,472,439,2,441,14
2020-05-27,Mariposa,043,17540,16,16,0,16,1
2020-05-27,Mendocino,045,87422,27,21,0,21,0
2020-05-27,Merced,047,269075,378,278,0,278,7
2020-05-27,Modoc,049,8938,0,0,0,0,0
2020-05-27,Mono,051,14174,38,34,0,34,1
2020-05-27,Monterey,053,433212,603,443,2,445,8
2020-05-27,Napa,055,140530,134,112,0,112,3
2020-05-27,Nevada,057,99092,44,41,1,42,1
2020-05-27,Orange,059,3164182,8570,5849,64,5913,121
2020-05-27,Placer,061,380077,238,196,0,196,9
2020-05-27,Plumas,063,18699,4,4,0,4,0
2020-05-27,Riverside,065,2383286,8745,7156,20,7176,299
2020-05-27,Sacramento,067,1510023,1451,1318,2,1320,50
2020-05-27,San Benito,069,59416,93,74,0,74,2
2020-05-27,San Bernardino,071,2135413,5882,4708,5,4713,183
2020-05-27,San Diego,073,3302833,8114,6985,0,6985,255
2020-05-27,San Francisco,075,870044,2603,2394,0,2394,40
2020-05-27,San Joaquin,077,732212,1039,825,3,828,34
2020-05-27,San Luis Obispo,079,281455,346,266,4,270,1
2020-05-27,San Mateo,081,765935,2305,2045,2,2047,71
2020-05-27,Santa Barbara,083,443738,1711,1629,12,1641,9
2020-05-27,Santa Clara,085,1922200,3369,2680,13,2693,140
2020-05-27,Santa Cruz,087,273765,223,202,0,202,2
2020-05-27,Shasta,089,179085,55,36,0,36,4
2020-05-27,Sierra,091,2930,1,1,0,1,0
2020-05-27,Siskiyou,093,43540,9,6,0,6,0
2020-05-27,Solano,095,438530,581,477,1,478,5
2020-05-27,Sonoma,097,501317,584,521,1,522,4
2020-05-27,Stanislaus,099,539301,799,675,5,680,27
2020-05-27,Sutter,101,95872,46,40,0,40,2
2020-05-27,Tehama,103,63373,9,3,1,4,1
2020-05-27,Trinity,105,12862,6,1,2,3,0
2020-05-27,Tulare,107,460477,2473,1817,10,1827,77
2020-05-27,Tuolumne,109,53932,5,4,0,4,0
2020-05-27,Ventura,111,848112,1548,1065,10,1075,28
2020-05-27,Yolo,113,214977,230,204,0,204,22
2020-05-27,Yuba,115,75493,28,24,0,24,1
2020-05-26,Alameda,001,1643700,3533,2956,5,2961,92
2020-05-26,Alpine,003,1148,1,1,0,1,0
2020-05-26,Amador,005,37829,10,10,0,10,0
2020-05-26,Butte,007,227075,66,37,1,38,0
2020-05-26,Calaveras,009,45235,15,13,0,13,0
2020-05-26,Colusa,011,21464,8,4,0,4,0
2020-05-26,Contra Costa,013,1133247,1574,1352,1,1353,37
2020-05-26,Del Norte,015,27424,44,30,0,30,0
2020-05-26,El Dorado,017,186661,109,79,1,80,0
2020-05-26,Fresno,019,978130,3003,1496,44,1540,22
2020-05-26,Glenn,021,27897,16,12,0,12,0
2020-05-26,Humboldt,023,135768,108,81,0,81,2
2020-05-26,Imperial,025,180216,3007,1369,4,1373,14
2020-05-26,Inyo,027,18085,20,20,0,20,1
2020-05-26,Kern,029,883053,2575,1890,6,1896,31
2020-05-26,Kings,031,150075,806,449,2,451,2
2020-05-26,Lake,033,64148,27,12,0,12,0
2020-05-26,Lassen,035,31185,9,0,2,2,0
2020-05-26,Los Angeles,037,10098052,56613,47760,20,47780,2121
2020-05-26,Madera,039,155013,209,83,1,84,2
2020-05-26,Marin,041,260295,460,424,2,426,14
2020-05-26,Mariposa,043,17540,16,16,0,16,1
2020-05-26,Mendocino,045,87422,25,20,0,20,0
2020-05-26,Merced,047,269075,363,266,0,266,7
2020-05-26,Modoc,049,8938,0,1,0,1,0
2020-05-26,Mono,051,14174,37,34,0,34,1
2020-05-26,Monterey,053,433212,575,424,1,425,8
2020-05-26,Napa,055,140530,129,109,0,109,3
2020-05-26,Nevada,057,99092,43,41,1,42,1
2020-05-26,Orange,059,3164182,8300,5651,63,5714,115
2020-05-26,Placer,061,380077,233,188,0,188,9
2020-05-26,Plumas,063,18699,4,4,0,4,0
2020-05-26,Riverside,065,2383286,8298,6917,20,6937,284
2020-05-26,Sacramento,067,1510023,1425,1298,2,1300,50
2020-05-26,San Benito,069,59416,88,69,0,69,2
2020-05-26,San Bernardino,071,2135413,5714,4430,5,4435,175
2020-05-26,San Diego,073,3302833,7971,6884,0,6884,249
2020-05-26,San Francisco,075,870044,2570,2363,0,2363,40
2020-05-26,San Joaquin,077,732212,992,760,3,763,33
2020-05-26,San Luis Obispo,079,281455,344,260,4,264,1
2020-05-26,San Mateo,081,765935,2267,1967,2,1969,71
2020-05-26,Santa Barbara,083,443738,1694,1590,11,1601,9
2020-05-26,Santa Clara,085,1922200,3337,2659,13,2672,139
2020-05-26,Santa Cruz,087,273765,221,197,0,197,2
2020-05-26,Shasta,089,179085,55,36,0,36,4
2020-05-26,Sierra,091,2930,1,1,0,1,0
2020-05-26,Siskiyou,093,43540,8,6,0,6,0
2020-05-26,Solano,095,438530,563,470,1,471,5
2020-05-26,Sonoma,097,501317,576,509,0,509,4
2020-05-26,Stanislaus,099,539301,779,663,5,668,27
2020-05-26,Sutter,101,95872,45,39,0,39,2
2020-05-26,Tehama,103,63373,8,2,1,3,1
2020-05-26,Trinity,105,12862,6,1,2,3,0
2020-05-26,Tulare,107,460477,2417,1768,10,1778,76
2020-05-26,Tuolumne,109,53932,5,2,0,2,0
2020-05-26,Ventura,111,848112,1511,1033,8,1041,27
2020-05-26,Yolo,113,214977,224,198,0,198,22
2020-05-26,Yuba,115,75493,27,24,0,24,1
2020-05-25,Alameda,001,1643700,3439,2900,5,2905,92
2020-05-25,Alpine,003,1148,1,1,0,1,0
2020-05-25,Amador,005,37829,10,10,0,10,0
2020-05-25,Butte,007,227075,63,37,1,38,0
2020-05-25,Calaveras,009,45235,15,13,0,13,0
2020-05-25,Colusa,011,21464,7,4,0,4,0
2020-05-25,Contra Costa,013,1133247,1542,1348,1,1349,37
2020-05-25,Del Norte,015,27424,44,20,0,20,0
2020-05-25,El Dorado,017,186661,101,78,1,79,0
2020-05-25,Fresno,019,978130,2900,1496,42,1538,22
2020-05-25,Glenn,021,27897,16,12,0,12,0
2020-05-25,Humboldt,023,135768,107,81,0,81,2
2020-05-25,Imperial,025,180216,2798,1369,4,1373,14
2020-05-25,Inyo,027,18085,19,20,0,20,1
2020-05-25,Kern,029,883053,2504,1890,6,1896,31
2020-05-25,Kings,031,150075,776,447,2,449,2
2020-05-25,Lake,033,64148,25,13,0,13,0
2020-05-25,Lassen,035,31185,9,0,2,2,0
2020-05-25,Los Angeles,037,10098052,54801,45952,19,45971,2094
2020-05-25,Madera,039,155013,196,83,1,84,2
2020-05-25,Marin,041,260295,442,415,2,417,14
2020-05-25,Mariposa,043,17540,16,15,0,15,1
2020-05-25,Mendocino,045,87422,22,19,0,19,0
2020-05-25,Merced,047,269075,356,262,0,262,6
2020-05-25,Modoc,049,8938,0,1,0,1,0
2020-05-25,Mono,051,14174,37,34,0,34,1
2020-05-25,Monterey,053,433212,545,418,1,419,8
2020-05-25,Napa,055,140530,129,107,0,107,3
2020-05-25,Nevada,057,99092,43,41,1,42,1
2020-05-25,Orange,059,3164182,8078,5601,62,5663,115
2020-05-25,Placer,061,380077,229,186,0,186,9
2020-05-25,Plumas,063,18699,4,4,0,4,0
2020-05-25,Riverside,065,2383286,8067,6900,20,6920,284
2020-05-25,Sacramento,067,1510023,1405,1290,1,1291,50
2020-05-25,San Benito,069,59416,87,70,0,70,2
2020-05-25,San Bernardino,071,2135413,5524,4393,4,4397,175
2020-05-25,San Diego,073,3302833,7795,6799,0,6799,249
2020-05-25,San Francisco,075,870044,2533,2358,0,2358,40
2020-05-25,San Joaquin,077,732212,966,760,3,763,33
2020-05-25,San Luis Obispo,079,281455,341,260,4,264,1
2020-05-25,San Mateo,081,765935,2230,1938,2,1940,71
2020-05-25,Santa Barbara,083,443738,1684,1590,11,1601,9
2020-05-25,Santa Clara,085,1922200,3304,2647,13,2660,139
2020-05-25,Santa Cruz,087,273765,219,191,0,191,2
2020-05-25,Shasta,089,179085,54,36,0,36,4
2020-05-25,Sierra,091,2930,1,1,0,1,0
2020-05-25,Siskiyou,093,43540,8,6,0,6,0
2020-05-25,Solano,095,438530,549,437,1,438,5
2020-05-25,Sonoma,097,501317,564,496,0,496,4
2020-05-25,Stanislaus,099,539301,749,651,5,656,27
2020-05-25,Sutter,101,95872,45,38,0,38,2
2020-05-25,Tehama,103,63373,7,2,1,3,1
2020-05-25,Trinity,105,12862,6,1,2,3,0
2020-05-25,Tulare,107,460477,2353,1747,10,1757,76
2020-05-25,Tuolumne,109,53932,5,2,0,2,0
2020-05-25,Ventura,111,848112,1470,1020,8,1028,27
2020-05-25,Yolo,113,214977,222,197,0,197,22
2020-05-25,Yuba,115,75493,26,24,0,24,1
2020-05-24,Alameda,001,1643700,3366,2830,5,2835,92
2020-05-24,Alpine,003,1148,1,1,0,1,0
2020-05-24,Amador,005,37829,10,9,0,9,0
2020-05-24,Butte,007,227075,61,35,1,36,0
2020-05-24,Calaveras,009,45235,15,13,0,13,0
2020-05-24,Colusa,011,21464,7,4,0,4,0
2020-05-24,Contra Costa,013,1133247,1514,1325,1,1326,37
2020-05-24,Del Norte,015,27424,43,16,0,16,0
2020-05-24,El Dorado,017,186661,100,76,1,77,0
2020-05-24,Fresno,019,978130,2833,1455,41,1496,22
2020-05-24,Glenn,021,27897,15,12,0,12,0
2020-05-24,Humboldt,023,135768,107,81,0,81,2
2020-05-24,Imperial,025,180216,2672,1369,4,1373,14
2020-05-24,Inyo,027,18085,19,20,0,20,1
2020-05-24,Kern,029,883053,2431,1861,5,1866,31
2020-05-24,Kings,031,150075,765,446,2,448,2
2020-05-24,Lake,033,64148,24,12,0,12,0
2020-05-24,Lassen,035,31185,8,0,2,2,0
2020-05-24,Los Angeles,037,10098052,53785,44954,19,44973,2085
2020-05-24,Madera,039,155013,190,83,1,84,2
2020-05-24,Marin,041,260295,440,401,2,403,14
2020-05-24,Mariposa,043,17540,16,15,0,15,1
2020-05-24,Mendocino,045,87422,21,19,0,19,0
2020-05-24,Merced,047,269075,355,258,0,258,6
2020-05-24,Modoc,049,8938,0,0,0,0,0
2020-05-24,Mono,051,14174,37,34,0,34,1
2020-05-24,Monterey,053,433212,517,405,1,406,8
2020-05-24,Napa,055,140530,127,104,0,104,3
2020-05-24,Nevada,057,99092,43,41,1,42,1
2020-05-24,Orange,059,3164182,7924,5439,61,5500,113
2020-05-24,Placer,061,380077,221,184,0,184,9
2020-05-24,Plumas,063,18699,4,4,0,4,0
2020-05-24,Riverside,065,2383286,7926,6571,20,6591,284
2020-05-24,Sacramento,067,1510023,1389,1283,1,1284,50
2020-05-24,San Benito,069,59416,86,67,0,67,2
2020-05-24,San Bernardino,071,2135413,5416,4262,4,4266,175
2020-05-24,San Diego,073,3302833,7652,6703,0,6703,249
2020-05-24,San Francisco,075,870044,2510,2318,0,2318,40
2020-05-24,San Joaquin,077,732212,947,760,3,763,33
2020-05-24,San Luis Obispo,079,281455,339,257,4,261,1
2020-05-24,San Mateo,081,765935,2195,1925,2,1927,71
2020-05-24,Santa Barbara,083,443738,1672,1573,11,1584,9
2020-05-24,Santa Clara,085,1922200,3284,2623,13,2636,139
2020-05-24,Santa Cruz,087,273765,216,185,0,185,2
2020-05-24,Shasta,089,179085,53,36,0,36,4
2020-05-24,Sierra,091,2930,1,1,0,1,0
2020-05-24,Siskiyou,093,43540,7,6,0,6,0
2020-05-24,Solano,095,438530,541,436,0,436,5
2020-05-24,Sonoma,097,501317,553,485,0,485,4
2020-05-24,Stanislaus,099,539301,729,634,5,639,27
2020-05-24,Sutter,101,95872,45,38,0,38,2
2020-05-24,Tehama,103,63373,5,2,1,3,1
2020-05-24,Trinity,105,12862,6,1,2,3,0
2020-05-24,Tulare,107,460477,2307,1684,10,1694,74
2020-05-24,Tuolumne,109,53932,5,2,0,2,0
2020-05-24,Ventura,111,848112,1458,982,8,990,27
2020-05-24,Yolo,113,214977,220,192,0,192,22
2020-05-24,Yuba,115,75493,26,24,0,24,1
2020-05-23,Alameda,001,1643700,3325,2783,5,2788,91
2020-05-23,Alpine,003,1148,1,1,0,1,0
2020-05-23,Amador,005,37829,10,9,0,9,0
2020-05-23,Butte,007,227075,60,34,1,35,0
2020-05-23,Calaveras,009,45235,15,13,0,13,0
2020-05-23,Colusa,011,21464,7,4,0,4,0
2020-05-23,Contra Costa,013,1133247,1503,1302,1,1303,36
2020-05-23,Del Norte,015,27424,43,10,0,10,0
2020-05-23,El Dorado,017,186661,100,74,1,75,0
2020-05-23,Fresno,019,978130,2813,1447,41,1488,21
2020-05-23,Glenn,021,27897,15,12,0,12,0
2020-05-23,Humboldt,023,135768,105,80,0,80,2
2020-05-23,Imperial,025,180216,2584,1283,4,1287,14
2020-05-23,Inyo,027,18085,19,20,0,20,1
2020-05-23,Kern,029,883053,2388,1806,5,1811,31
2020-05-23,Kings,031,150075,761,444,2,446,2
2020-05-23,Lake,033,64148,23,10,0,10,0
2020-05-23,Lassen,035,31185,8,0,2,2,0
2020-05-23,Los Angeles,037,10098052,53240,44029,19,44048,2069
2020-05-23,Madera,039,155013,186,83,1,84,2
2020-05-23,Marin,041,260295,440,393,1,394,14
2020-05-23,Mariposa,043,17540,16,15,0,15,1
2020-05-23,Mendocino,045,87422,21,13,0,13,0
2020-05-23,Merced,047,269075,352,247,0,247,6
2020-05-23,Modoc,049,8938,0,0,0,0,0
2020-05-23,Mono,051,14174,36,34,0,34,1
2020-05-23,Monterey,053,433212,503,397,1,398,8
2020-05-23,Napa,055,140530,123,101,0,101,3
2020-05-23,Nevada,057,99092,43,41,1,42,1
2020-05-23,Orange,059,3164182,7765,5313,60,5373,113
2020-05-23,Placer,061,380077,215,184,0,184,9
2020-05-23,Plumas,063,18699,4,4,0,4,0
2020-05-23,Riverside,065,2383286,7835,6460,20,6480,284
2020-05-23,Sacramento,067,1510023,1373,1275,1,1276,50
2020-05-23,San Benito,069,59416,81,67,0,67,2
2020-05-23,San Bernardino,071,2135413,5322,4172,4,4176,175
2020-05-23,San Diego,073,3302833,7561,6561,0,6561,249
2020-05-23,San Francisco,075,870044,2491,2312,0,2312,40
2020-05-23,San Joaquin,077,732212,932,759,3,762,33
2020-05-23,San Luis Obispo,079,281455,335,256,4,260,1
2020-05-23,San Mateo,081,765935,2167,1862,2,1864,71
2020-05-23,Santa Barbara,083,443738,1664,1566,11,1577,9
2020-05-23,Santa Clara,085,1922200,3270,2593,12,2605,139
2020-05-23,Santa Cruz,087,273765,214,177,0,177,2
2020-05-23,Shasta,089,179085,53,35,0,35,4
2020-05-23,Sierra,091,2930,1,1,0,1,0
2020-05-23,Siskiyou,093,43540,7,6,0,6,0
2020-05-23,Solano,095,438530,536,435,0,435,5
2020-05-23,Sonoma,097,501317,539,462,0,462,4
2020-05-23,Stanislaus,099,539301,721,625,5,630,27
2020-05-23,Sutter,101,95872,44,38,0,38,2
2020-05-23,Tehama,103,63373,5,2,1,3,1
2020-05-23,Trinity,105,12862,6,1,2,3,0
2020-05-23,Tulare,107,460477,2286,1682,10,1692,73
2020-05-23,Tuolumne,109,53932,5,2,0,2,0
2020-05-23,Ventura,111,848112,1438,961,8,969,27
2020-05-23,Yolo,113,214977,219,188,0,188,22
2020-05-23,Yuba,115,75493,26,24,0,24,1
2020-05-22,Alameda,001,1643700,3271,2722,5,2727,91
2020-05-22,Alpine,003,1148,1,1,0,1,0
2020-05-22,Amador,005,37829,10,9,0,9,0
2020-05-22,Butte,007,227075,58,34,1,35,0
2020-05-22,Calaveras,009,45235,15,13,0,13,0
2020-05-22,Colusa,011,21464,7,4,0,4,0
2020-05-22,Contra Costa,013,1133247,1491,1272,1,1273,36
2020-05-22,Del Norte,015,27424,41,9,0,9,0
2020-05-22,El Dorado,017,186661,97,74,1,75,0
2020-05-22,Fresno,019,978130,2754,1399,40,1439,20
2020-05-22,Glenn,021,27897,15,12,0,12,0
2020-05-22,Humboldt,023,135768,105,80,0,80,2
2020-05-22,Imperial,025,180216,2483,1214,4,1218,14
2020-05-22,Inyo,027,18085,19,20,0,20,1
2020-05-22,Kern,029,883053,2339,1749,5,1754,28
2020-05-22,Kings,031,150075,758,428,2,430,2
2020-05-22,Lake,033,64148,22,10,0,10,0
2020-05-22,Lassen,035,31185,6,0,2,2,0
2020-05-22,Los Angeles,037,10098052,52443,43025,19,43044,2027
2020-05-22,Madera,039,155013,182,82,1,83,2
2020-05-22,Marin,041,260295,436,372,1,373,14
2020-05-22,Mariposa,043,17540,16,15,0,15,1
2020-05-22,Mendocino,045,87422,20,13,0,13,0
2020-05-22,Merced,047,269075,352,233,0,233,6
2020-05-22,Modoc,049,8938,0,0,0,0,0
2020-05-22,Mono,051,14174,36,34,0,34,1
2020-05-22,Monterey,053,433212,492,372,1,373,8
2020-05-22,Napa,055,140530,121,97,0,97,3
2020-05-22,Nevada,057,99092,42,41,1,42,1
2020-05-22,Orange,059,3164182,7568,5144,58,5202,113
2020-05-22,Placer,061,380077,215,181,0,181,9
2020-05-22,Plumas,063,18699,4,4,0,4,0
2020-05-22,Riverside,065,2383286,7720,6351,20,6371,283
2020-05-22,Sacramento,067,1510023,1357,1262,1,1263,50
2020-05-22,San Benito,069,59416,80,64,0,64,2
2020-05-22,San Bernardino,071,2135413,5247,4107,4,4111,173
2020-05-22,San Diego,073,3302833,7475,6436,0,6436,242
2020-05-22,San Francisco,075,870044,2473,2251,0,2251,40
2020-05-22,San Joaquin,077,732212,919,747,3,750,33
2020-05-22,San Luis Obispo,079,281455,334,254,4,258,1
2020-05-22,San Mateo,081,765935,2148,1847,2,1849,71
2020-05-22,Santa Barbara,083,443738,1654,1554,11,1565,9
2020-05-22,Santa Clara,085,1922200,3250,2537,12,2549,139
2020-05-22,Santa Cruz,087,273765,211,171,0,171,2
2020-05-22,Shasta,089,179085,53,34,0,34,4
2020-05-22,Sierra,091,2930,1,0,0,0,0
2020-05-22,Siskiyou,093,43540,7,6,0,6,0
2020-05-22,Solano,095,438530,533,431,0,431,4
2020-05-22,Sonoma,097,501317,535,444,0,444,4
2020-05-22,Stanislaus,099,539301,711,616,5,621,27
2020-05-22,Sutter,101,95872,44,38,0,38,2
2020-05-22,Tehama,103,63373,5,2,0,2,1
2020-05-22,Trinity,105,12862,6,1,2,3,0
2020-05-22,Tulare,107,460477,2256,1662,10,1672,73
2020-05-22,Tuolumne,109,53932,5,2,0,2,0
2020-05-22,Ventura,111,848112,1420,937,8,945,27
2020-05-22,Yolo,113,214977,217,187,0,187,22
2020-05-22,Yuba,115,75493,26,24,0,24,1
2020-05-21,Alameda,001,1643700,3205,2606,5,2611,89
2020-05-21,Alpine,003,1148,1,1,0,1,0
2020-05-21,Amador,005,37829,10,9,0,9,0
2020-05-21,Butte,007,227075,57,31,1,32,0
2020-05-21,Calaveras,009,45235,15,13,0,13,0
2020-05-21,Colusa,011,21464,7,4,0,4,0
2020-05-21,Contra Costa,013,1133247,1455,1243,1,1244,36
2020-05-21,Del Norte,015,27424,38,9,0,9,0
2020-05-21,El Dorado,017,186661,95,67,1,68,0
2020-05-21,Fresno,019,978130,2663,1362,39,1401,20
2020-05-21,Glenn,021,27897,14,12,0,12,0
2020-05-21,Humboldt,023,135768,104,79,0,79,0
2020-05-21,Imperial,025,180216,2322,1096,4,1100,14
2020-05-21,Inyo,027,18085,19,20,0,20,1
2020-05-21,Kern,029,883053,2263,1684,4,1688,27
2020-05-21,Kings,031,150075,737,417,2,419,2
2020-05-21,Lake,033,64148,17,10,0,10,0
2020-05-21,Lassen,035,31185,6,0,2,2,0
2020-05-21,Los Angeles,037,10098052,51405,42063,19,42082,1996
2020-05-21,Madera,039,155013,179,82,1,83,2
2020-05-21,Marin,041,260295,425,359,1,360,14
2020-05-21,Mariposa,043,17540,16,15,0,15,1
2020-05-21,Mendocino,045,87422,20,12,0,12,0
2020-05-21,Merced,047,269075,341,226,0,226,6
2020-05-21,Modoc,049,8938,0,0,0,0,0
2020-05-21,Mono,051,14174,36,33,0,33,1
2020-05-21,Monterey,053,433212,481,363,1,364,8
2020-05-21,Napa,055,140530,119,96,0,96,3
2020-05-21,Nevada,057,99092,42,41,1,42,1
2020-05-21,Orange,059,3164182,7365,4975,58,5033,106
2020-05-21,Placer,061,380077,208,176,0,176,8
2020-05-21,Plumas,063,18699,4,4,0,4,0
2020-05-21,Riverside,065,2383286,7534,6245,20,6265,279
2020-05-21,Sacramento,067,1510023,1344,1258,1,1259,56
2020-05-21,San Benito,069,59416,77,61,0,61,2
2020-05-21,San Bernardino,071,2135413,5100,3950,4,3954,167
2020-05-21,San Diego,073,3302833,7339,6317,0,6317,241
2020-05-21,San Francisco,075,870044,2449,2248,0,2248,37
2020-05-21,San Joaquin,077,732212,883,730,3,733,33
2020-05-21,San Luis Obispo,079,281455,334,251,3,254,1
2020-05-21,San Mateo,081,765935,2112,1791,2,1793,74
2020-05-21,Santa Barbara,083,443738,1639,1541,11,1552,10
2020-05-21,Santa Clara,085,1922200,3228,2520,12,2532,138
2020-05-21,Santa Cruz,087,273765,203,164,0,164,3
2020-05-21,Shasta,089,179085,51,34,0,34,4
2020-05-21,Sierra,091,2930,1,0,0,0,0
2020-05-21,Siskiyou,093,43540,7,6,0,6,0
2020-05-21,Solano,095,438530,524,424,0,424,4
2020-05-21,Sonoma,097,501317,517,427,0,427,4
2020-05-21,Stanislaus,099,539301,700,602,5,607,27
2020-05-21,Sutter,101,95872,43,38,0,38,2
2020-05-21,Tehama,103,63373,4,2,0,2,1
2020-05-21,Trinity,105,12862,5,1,2,3,0
2020-05-21,Tulare,107,460477,2206,1606,8,1614,73
2020-05-21,Tuolumne,109,53932,3,2,0,2,0
2020-05-21,Ventura,111,848112,1371,907,8,915,30
2020-05-21,Yolo,113,214977,214,185,0,185,22
2020-05-21,Yuba,115,75493,26,24,0,24,1
2020-05-20,Alameda,001,1643700,3132,2554,5,2559,89
2020-05-20,Alpine,003,1148,1,1,0,1,0
2020-05-20,Amador,005,37829,10,9,0,9,0
2020-05-20,Butte,007,227075,54,30,1,31,0
2020-05-20,Calaveras,009,45235,15,13,0,13,0
2020-05-20,Colusa,011,21464,7,3,0,3,0
2020-05-20,Contra Costa,013,1133247,1425,1223,1,1224,33
2020-05-20,Del Norte,015,27424,31,9,0,9,0
2020-05-20,El Dorado,017,186661,94,67,1,68,0
2020-05-20,Fresno,019,978130,2590,1329,38,1367,17
2020-05-20,Glenn,021,27897,13,12,0,12,0
2020-05-20,Humboldt,023,135768,101,73,0,73,0
2020-05-20,Imperial,025,180216,2209,1047,4,1051,14
2020-05-20,Inyo,027,18085,19,20,0,20,1
2020-05-20,Kern,029,883053,2200,1639,3,1642,27
2020-05-20,Kings,031,150075,593,403,2,405,2
2020-05-20,Lake,033,64148,17,9,0,9,0
2020-05-20,Lassen,035,31185,5,0,2,2,0
2020-05-20,Los Angeles,037,10098052,50408,40932,19,40951,1955
2020-05-20,Madera,039,155013,177,82,1,83,2
2020-05-20,Marin,041,260295,398,348,1,349,14
2020-05-20,Mariposa,043,17540,16,15,0,15,1
2020-05-20,Mendocino,045,87422,20,12,0,12,0
2020-05-20,Merced,047,269075,334,225,0,225,6
2020-05-20,Modoc,049,8938,0,0,0,0,0
2020-05-20,Mono,051,14174,36,33,0,33,1
2020-05-20,Monterey,053,433212,467,356,1,357,8
2020-05-20,Napa,055,140530,112,93,0,93,3
2020-05-20,Nevada,057,99092,42,41,1,42,1
2020-05-20,Orange,059,3164182,7157,4866,56,4922,96
2020-05-20,Placer,061,380077,206,176,0,176,8
2020-05-20,Plumas,063,18699,4,4,0,4,0
2020-05-20,Riverside,065,2383286,7391,6090,20,6110,265
2020-05-20,Sacramento,067,1510023,1334,1244,1,1245,56
2020-05-20,San Benito,069,59416,76,61,0,61,2
2020-05-20,San Bernardino,071,2135413,4972,3771,4,3775,161
2020-05-20,San Diego,073,3302833,7222,6142,0,6142,230
2020-05-20,San Francisco,075,870044,2426,2199,0,2199,37
2020-05-20,San Joaquin,077,732212,847,713,3,716,33
2020-05-20,San Luis Obispo,079,281455,327,249,3,252,1
2020-05-20,San Mateo,081,765935,2059,1739,2,1741,74
2020-05-20,Santa Barbara,083,443738,1620,1524,11,1535,10
2020-05-20,Santa Clara,085,1922200,3207,2508,11,2519,138
2020-05-20,Santa Cruz,087,273765,200,163,0,163,3
2020-05-20,Shasta,089,179085,51,34,0,34,4
2020-05-20,Sierra,091,2930,1,0,0,0,0
2020-05-20,Siskiyou,093,43540,7,6,0,6,0
2020-05-20,Solano,095,438530,519,418,0,418,4
2020-05-20,Sonoma,097,501317,508,411,0,411,4
2020-05-20,Stanislaus,099,539301,684,584,4,588,25
2020-05-20,Sutter,101,95872,43,38,0,38,2
2020-05-20,Tehama,103,63373,4,2,0,2,1
2020-05-20,Trinity,105,12862,4,1,1,2,0
2020-05-20,Tulare,107,460477,2165,1585,8,1593,71
2020-05-20,Tuolumne,109,53932,3,2,0,2,0
2020-05-20,Ventura,111,848112,1335,879,8,887,29
2020-05-20,Yolo,113,214977,211,184,0,184,22
2020-05-20,Yuba,115,75493,26,23,0,23,1
2020-05-19,Alameda,001,1643700,3055,2493,3,2496,88
2020-05-19,Alpine,003,1148,1,1,0,1,0
2020-05-19,Amador,005,37829,10,9,0,9,0
2020-05-19,Butte,007,227075,52,25,1,26,0
2020-05-19,Calaveras,009,45235,15,13,0,13,0
2020-05-19,Colusa,011,21464,5,3,0,3,0
2020-05-19,Contra Costa,013,1133247,1401,1205,1,1206,33
2020-05-19,Del Norte,015,27424,28,8,0,8,0
2020-05-19,El Dorado,017,186661,91,67,0,67,0
2020-05-19,Fresno,019,978130,2476,1288,37,1325,15
2020-05-19,Glenn,021,27897,13,12,0,12,0
2020-05-19,Humboldt,023,135768,101,72,0,72,0
2020-05-19,Imperial,025,180216,2048,1012,4,1016,14
2020-05-19,Inyo,027,18085,19,20,0,20,1
2020-05-19,Kern,029,883053,2102,1601,3,1604,26
2020-05-19,Kings,031,150075,582,393,2,395,2
2020-05-19,Lake,033,64148,14,11,0,11,0
2020-05-19,Lassen,035,31185,5,0,2,2,0
2020-05-19,Los Angeles,037,10098052,49204,39670,19,39689,1906
2020-05-19,Madera,039,155013,173,80,1,81,2
2020-05-19,Marin,041,260295,374,340,1,341,14
2020-05-19,Mariposa,043,17540,16,15,0,15,1
2020-05-19,Mendocino,045,87422,20,12,0,12,0
2020-05-19,Merced,047,269075,326,222,0,222,5
2020-05-19,Modoc,049,8938,0,0,0,0,0
2020-05-19,Mono,051,14174,36,33,0,33,1
2020-05-19,Monterey,053,433212,455,350,1,351,8
2020-05-19,Napa,055,140530,111,93,0,93,3
2020-05-19,Nevada,057,99092,42,41,1,42,1
2020-05-19,Orange,059,3164182,6963,4746,54,4800,90
2020-05-19,Placer,061,380077,204,177,0,177,8
2020-05-19,Plumas,063,18699,4,5,0,5,0
2020-05-19,Riverside,065,2383286,7231,5963,19,5982,265
2020-05-19,Sacramento,067,1510023,1320,1239,1,1240,57
2020-05-19,San Benito,069,59416,74,59,0,59,2
2020-05-19,San Bernardino,071,2135413,4822,3656,4,3660,158
2020-05-19,San Diego,073,3302833,7078,6028,0,6028,222
2020-05-19,San Francisco,075,870044,2392,2186,0,2186,37
2020-05-19,San Joaquin,077,732212,825,705,3,708,33
2020-05-19,San Luis Obispo,079,281455,327,245,3,248,1
2020-05-19,San Mateo,081,765935,2018,1704,2,1706,71
2020-05-19,Santa Barbara,083,443738,1606,1521,11,1532,10
2020-05-19,Santa Clara,085,1922200,3157,2480,11,2491,138
2020-05-19,Santa Cruz,087,273765,189,161,0,161,3
2020-05-19,Shasta,089,179085,51,34,0,34,4
2020-05-19,Sierra,091,2930,0,0,0,0,0
2020-05-19,Siskiyou,093,43540,7,6,0,6,0
2020-05-19,Solano,095,438530,505,415,0,415,4
2020-05-19,Sonoma,097,501317,497,389,0,389,4
2020-05-19,Stanislaus,099,539301,670,582,4,586,25
2020-05-19,Sutter,101,95872,43,38,0,38,2
2020-05-19,Tehama,103,63373,4,2,0,2,1
2020-05-19,Trinity,105,12862,3,1,0,1,0
2020-05-19,Tulare,107,460477,2117,1551,8,1559,68
2020-05-19,Tuolumne,109,53932,3,2,0,2,0
2020-05-19,Ventura,111,848112,1294,861,7,868,28
2020-05-19,Yolo,113,214977,209,183,0,183,22
2020-05-19,Yuba,115,75493,26,23,0,23,1
2020-05-18,Alameda,001,1643700,2982,2442,3,2445,84
2020-05-18,Alpine,003,1148,1,1,0,1,0
2020-05-18,Amador,005,37829,10,8,0,8,0
2020-05-18,Butte,007,227075,50,24,1,25,0
2020-05-18,Calaveras,009,45235,15,13,0,13,0
2020-05-18,Colusa,011,21464,5,3,0,3,0
2020-05-18,Contra Costa,013,1133247,1370,1173,1,1174,33
2020-05-18,Del Norte,015,27424,23,8,0,8,0
2020-05-18,El Dorado,017,186661,89,67,0,67,0
2020-05-18,Fresno,019,978130,2400,1244,36,1280,14
2020-05-18,Glenn,021,27897,13,11,0,11,0
2020-05-18,Humboldt,023,135768,101,70,0,70,0
2020-05-18,Imperial,025,180216,1894,767,4,771,14
2020-05-18,Inyo,027,18085,19,20,0,20,1
2020-05-18,Kern,029,883053,2053,1566,3,1569,26
2020-05-18,Kings,031,150075,551,381,2,383,2
2020-05-18,Lake,033,64148,13,9,0,9,0
2020-05-18,Lassen,035,31185,5,0,2,2,0
2020-05-18,Los Angeles,037,10098052,48177,38477,19,38496,1825
2020-05-18,Madera,039,155013,167,74,1,75,2
2020-05-18,Marin,041,260295,361,329,1,330,14
2020-05-18,Mariposa,043,17540,16,15,0,15,1
2020-05-18,Mendocino,045,87422,15,12,0,12,0
2020-05-18,Merced,047,269075,317,217,0,217,5
2020-05-18,Modoc,049,8938,0,0,0,0,0
2020-05-18,Mono,051,14174,36,33,0,33,1
2020-05-18,Monterey,053,433212,444,345,1,346,8
2020-05-18,Napa,055,140530,107,92,0,92,3
2020-05-18,Nevada,057,99092,42,41,1,42,1
2020-05-18,Orange,059,3164182,6774,4558,52,4610,88
2020-05-18,Placer,061,380077,202,176,0,176,8
2020-05-18,Plumas,063,18699,4,5,0,5,0
2020-05-18,Riverside,065,2383286,7031,5873,18,5891,253
2020-05-18,Sacramento,067,1510023,1314,1233,0,1233,57
2020-05-18,San Benito,069,59416,72,59,0,59,2
2020-05-18,San Bernardino,071,2135413,4675,3558,4,3562,156
2020-05-18,San Diego,073,3302833,6945,5948,0,5948,211
2020-05-18,San Francisco,075,870044,2369,2183,0,2183,36
2020-05-18,San Joaquin,077,732212,813,697,3,700,33
2020-05-18,San Luis Obispo,079,281455,323,243,3,246,1
2020-05-18,San Mateo,081,765935,1980,1701,2,1703,68
2020-05-18,Santa Barbara,083,443738,1595,1501,11,1512,10
2020-05-18,Santa Clara,085,1922200,3124,2468,11,2479,137
2020-05-18,Santa Cruz,087,273765,187,160,0,160,3
2020-05-18,Shasta,089,179085,50,34,0,34,4
2020-05-18,Sierra,091,2930,0,0,0,0,0
2020-05-18,Siskiyou,093,43540,7,6,0,6,0
2020-05-18,Solano,095,438530,495,398,0,398,4
2020-05-18,Sonoma,097,501317,479,387,0,387,4
2020-05-18,Stanislaus,099,539301,658,572,4,576,25
2020-05-18,Sutter,101,95872,43,38,0,38,2
2020-05-18,Tehama,103,63373,4,2,0,2,1
2020-05-18,Trinity,105,12862,3,1,0,1,0
2020-05-18,Tulare,107,460477,2073,1491,8,1499,63
2020-05-18,Tuolumne,109,53932,3,2,0,2,0
2020-05-18,Ventura,111,848112,1271,850,6,856,27
2020-05-18,Yolo,113,214977,204,183,0,183,22
2020-05-18,Yuba,115,75493,26,23,0,23,1
2020-05-17,Alameda,001,1643700,2887,2389,3,2392,83
2020-05-17,Alpine,003,1148,1,1,0,1,0
2020-05-17,Amador,005,37829,10,8,0,8,0
2020-05-17,Butte,007,227075,49,23,1,24,0
2020-05-17,Calaveras,009,45235,15,13,0,13,0
2020-05-17,Colusa,011,21464,3,3,0,3,0
2020-05-17,Contra Costa,013,1133247,1331,1155,1,1156,33
2020-05-17,Del Norte,015,27424,23,7,0,7,0
2020-05-17,El Dorado,017,186661,89,65,0,65,0
2020-05-17,Fresno,019,978130,2293,1213,33,1246,14
2020-05-17,Glenn,021,27897,13,9,0,9,0
2020-05-17,Humboldt,023,135768,94,70,0,70,0
2020-05-17,Imperial,025,180216,1746,715,4,719,14
2020-05-17,Inyo,027,18085,19,20,0,20,1
2020-05-17,Kern,029,883053,1975,1546,3,1549,26
2020-05-17,Kings,031,150075,504,356,2,358,2
2020-05-17,Lake,033,64148,13,7,0,7,0
2020-05-17,Lassen,035,31185,5,0,2,2,0
2020-05-17,Los Angeles,037,10098052,46936,37996,19,38015,1807
2020-05-17,Madera,039,155013,165,69,1,70,2
2020-05-17,Marin,041,260295,350,315,1,316,14
2020-05-17,Mariposa,043,17540,15,15,0,15,1
2020-05-17,Mendocino,045,87422,14,10,0,10,0
2020-05-17,Merced,047,269075,306,214,0,214,5
2020-05-17,Modoc,049,8938,0,0,0,0,0
2020-05-17,Mono,051,14174,36,32,0,32,1
2020-05-17,Monterey,053,433212,424,342,1,343,8
2020-05-17,Napa,055,140530,104,89,0,89,3
2020-05-17,Nevada,057,99092,42,41,1,42,1
2020-05-17,Orange,059,3164182,6595,4466,51,4517,88
2020-05-17,Placer,061,380077,197,175,0,175,8
2020-05-17,Plumas,063,18699,4,4,0,4,0
2020-05-17,Riverside,065,2383286,6858,5776,18,5794,245
2020-05-17,Sacramento,067,1510023,1303,1224,0,1224,56
2020-05-17,San Benito,069,59416,71,59,0,59,2
2020-05-17,San Bernardino,071,2135413,4525,3467,4,3471,155
2020-05-17,San Diego,073,3302833,6813,5838,0,5838,209
2020-05-17,San Francisco,075,870044,2342,2132,0,2132,36
2020-05-17,San Joaquin,077,732212,783,688,3,691,32
2020-05-17,San Luis Obispo,079,281455,321,242,3,245,1
2020-05-17,San Mateo,081,765935,1943,1680,2,1682,68
2020-05-17,Santa Barbara,083,443738,1576,1457,11,1468,10
2020-05-17,Santa Clara,085,1922200,3086,2453,11,2464,135
2020-05-17,Santa Cruz,087,273765,176,155,0,155,3
2020-05-17,Shasta,089,179085,49,34,0,34,4
2020-05-17,Sierra,091,2930,0,0,0,0,0
2020-05-17,Siskiyou,093,43540,7,6,0,6,0
2020-05-17,Solano,095,438530,483,392,0,392,4
2020-05-17,Sonoma,097,501317,458,376,0,376,4
2020-05-17,Stanislaus,099,539301,647,566,4,570,25
2020-05-17,Sutter,101,95872,42,38,0,38,2
2020-05-17,Tehama,103,63373,3,2,0,2,1
2020-05-17,Trinity,105,12862,2,1,0,1,0
2020-05-17,Tulare,107,460477,1997,1430,7,1437,63
2020-05-17,Tuolumne,109,53932,3,2,0,2,0
2020-05-17,Ventura,111,848112,1226,838,6,844,27
2020-05-17,Yolo,113,214977,202,182,0,182,22
2020-05-17,Yuba,115,75493,26,21,0,21,1
2020-05-16,Alameda,001,1643700,2837,2327,3,2330,83
2020-05-16,Alpine,003,1148,1,1,0,1,0
2020-05-16,Amador,005,37829,10,8,0,8,0
2020-05-16,Butte,007,227075,44,22,1,23,0
2020-05-16,Calaveras,009,45235,15,13,0,13,0
2020-05-16,Colusa,011,21464,3,3,0,3,0
2020-05-16,Contra Costa,013,1133247,1313,1136,1,1137,33
2020-05-16,Del Norte,015,27424,19,4,0,4,0
2020-05-16,El Dorado,017,186661,89,65,0,65,0
2020-05-16,Fresno,019,978130,2236,1177,33,1210,14
2020-05-16,Glenn,021,27897,13,9,0,9,0
2020-05-16,Humboldt,023,135768,92,69,0,69,0
2020-05-16,Imperial,025,180216,1682,712,4,716,14
2020-05-16,Inyo,027,18085,19,20,0,20,1
2020-05-16,Kern,029,883053,1939,1509,3,1512,26
2020-05-16,Kings,031,150075,494,356,2,358,2
2020-05-16,Lake,033,64148,13,7,0,7,0
2020-05-16,Lassen,035,31185,4,0,2,2,0
2020-05-16,Los Angeles,037,10098052,46362,37352,19,37371,1778
2020-05-16,Madera,039,155013,163,70,1,71,2
2020-05-16,Marin,041,260295,346,297,1,298,14
2020-05-16,Mariposa,043,17540,15,15,0,15,1
2020-05-16,Mendocino,045,87422,14,10,0,10,0
2020-05-16,Merced,047,269075,304,201,0,201,5
2020-05-16,Modoc,049,8938,0,0,0,0,0
2020-05-16,Mono,051,14174,36,32,0,32,1
2020-05-16,Monterey,053,433212,409,329,1,330,8
2020-05-16,Napa,055,140530,104,86,0,86,3
2020-05-16,Nevada,057,99092,42,41,1,42,1
2020-05-16,Orange,059,3164182,6519,4396,50,4446,87
2020-05-16,Placer,061,380077,195,174,0,174,8
2020-05-16,Plumas,063,18699,4,4,0,4,0
2020-05-16,Riverside,065,2383286,6773,5633,18,5651,243
2020-05-16,Sacramento,067,1510023,1296,1209,0,1209,55
2020-05-16,San Benito,069,59416,66,58,0,58,2
2020-05-16,San Bernardino,071,2135413,4453,3362,4,3366,155
2020-05-16,San Diego,073,3302833,6727,5664,0,5664,209
2020-05-16,San Francisco,075,870044,2319,2094,0,2094,36
2020-05-16,San Joaquin,077,732212,775,668,3,671,32
2020-05-16,San Luis Obispo,079,281455,320,240,3,243,1
2020-05-16,San Mateo,081,765935,1928,1652,2,1654,68
2020-05-16,Santa Barbara,083,443738,1565,1422,10,1432,10
2020-05-16,Santa Clara,085,1922200,3068,2420,11,2431,135
2020-05-16,Santa Cruz,087,273765,173,154,0,154,3
2020-05-16,Shasta,089,179085,49,33,0,33,4
2020-05-16,Sierra,091,2930,0,0,0,0,0
2020-05-16,Siskiyou,093,43540,7,6,0,6,0
2020-05-16,Solano,095,438530,478,392,0,392,4
2020-05-16,Sonoma,097,501317,445,356,0,356,4
2020-05-16,Stanislaus,099,539301,638,546,4,550,24
2020-05-16,Sutter,101,95872,42,35,0,35,2
2020-05-16,Tehama,103,63373,3,2,0,2,1
2020-05-16,Trinity,105,12862,2,1,0,1,0
2020-05-16,Tulare,107,460477,1979,1426,7,1433,63
2020-05-16,Tuolumne,109,53932,3,2,0,2,0
2020-05-16,Ventura,111,848112,1200,813,6,819,25
2020-05-16,Yolo,113,214977,201,181,0,181,22
2020-05-16,Yuba,115,75493,26,21,0,21,1
2020-05-15,Alameda,001,1643700,2803,2289,3,2292,83
2020-05-15,Alpine,003,1148,1,1,0,1,0
2020-05-15,Amador,005,37829,10,8,0,8,0
2020-05-15,Butte,007,227075,42,22,1,23,0
2020-05-15,Calaveras,009,45235,14,13,0,13,0
2020-05-15,Colusa,011,21464,3,3,0,3,0
2020-05-15,Contra Costa,013,1133247,1295,1106,1,1107,33
2020-05-15,Del Norte,015,27424,14,4,0,4,0
2020-05-15,El Dorado,017,186661,89,64,0,64,0
2020-05-15,Fresno,019,978130,2169,1126,33,1159,14
2020-05-15,Glenn,021,27897,13,9,0,9,0
2020-05-15,Humboldt,023,135768,91,60,0,60,0
2020-05-15,Imperial,025,180216,1598,680,0,680,14
2020-05-15,Inyo,027,18085,19,20,0,20,1
2020-05-15,Kern,029,883053,1883,1472,3,1475,25
2020-05-15,Kings,031,150075,491,347,2,349,2
2020-05-15,Lake,033,64148,13,7,0,7,0
2020-05-15,Lassen,035,31185,4,0,2,2,0
2020-05-15,Los Angeles,037,10098052,45574,36317,19,36336,1734
2020-05-15,Madera,039,155013,162,71,1,72,2
2020-05-15,Marin,041,260295,338,295,1,296,14
2020-05-15,Mariposa,043,17540,15,15,0,15,1
2020-05-15,Mendocino,045,87422,14,10,0,10,0
2020-05-15,Merced,047,269075,301,191,0,191,5
2020-05-15,Modoc,049,8938,0,0,0,0,0
2020-05-15,Mono,051,14174,36,31,0,31,1
2020-05-15,Monterey,053,433212,403,321,1,322,8
2020-05-15,Napa,055,140530,104,83,0,83,3
2020-05-15,Nevada,057,99092,42,41,1,42,1
2020-05-15,Orange,059,3164182,6346,4281,50,4331,87
2020-05-15,Placer,061,380077,193,174,0,174,8
2020-05-15,Plumas,063,18699,4,4,0,4,0
2020-05-15,Riverside,065,2383286,6659,5496,18,5514,233
2020-05-15,Sacramento,067,1510023,1286,1203,0,1203,55
2020-05-15,San Benito,069,59416,63,57,0,57,2
2020-05-15,San Bernardino,071,2135413,4375,3225,4,3229,153
2020-05-15,San Diego,073,3302833,6620,5525,0,5525,208
2020-05-15,San Francisco,075,870044,2303,2062,0,2062,36
2020-05-15,San Joaquin,077,732212,769,656,3,659,32
2020-05-15,San Luis Obispo,079,281455,318,237,3,240,1
2020-05-15,San Mateo,081,765935,1906,1612,2,1614,68
2020-05-15,Santa Barbara,083,443738,1556,1409,9,1418,10
2020-05-15,Santa Clara,085,1922200,3025,2395,10,2405,135
2020-05-15,Santa Cruz,087,273765,172,146,0,146,3
2020-05-15,Shasta,089,179085,48,33,0,33,4
2020-05-15,Sierra,091,2930,0,0,0,0,0
2020-05-15,Siskiyou,093,43540,6,5,0,5,0
2020-05-15,Solano,095,438530,474,388,0,388,4
2020-05-15,Sonoma,097,501317,437,349,0,349,4
2020-05-15,Stanislaus,099,539301,631,540,4,544,23
2020-05-15,Sutter,101,95872,41,35,0,35,2
2020-05-15,Tehama,103,63373,3,1,0,1,1
2020-05-15,Trinity,105,12862,2,1,0,1,0
2020-05-15,Tulare,107,460477,1951,1356,7,1363,61
2020-05-15,Tuolumne,109,53932,3,2,0,2,0
2020-05-15,Ventura,111,848112,1182,789,5,794,25
2020-05-15,Yolo,113,214977,200,182,0,182,22
2020-05-15,Yuba,115,75493,26,21,0,21,1
2020-05-14,Alameda,001,1643700,2711,2255,3,2258,80
2020-05-14,Alpine,003,1148,1,1,0,1,0
2020-05-14,Amador,005,37829,10,8,0,8,0
2020-05-14,Butte,007,227075,40,22,1,23,0
2020-05-14,Calaveras,009,45235,14,13,0,13,0
2020-05-14,Colusa,011,21464,3,3,0,3,0
2020-05-14,Contra Costa,013,1133247,1268,1090,1,1091,32
2020-05-14,Del Norte,015,27424,14,4,0,4,0
2020-05-14,El Dorado,017,186661,80,59,0,59,0
2020-05-14,Fresno,019,978130,2109,1038,29,1067,12
2020-05-14,Glenn,021,27897,12,8,0,8,0
2020-05-14,Humboldt,023,135768,89,59,0,59,0
2020-05-14,Imperial,025,180216,1481,652,0,652,13
2020-05-14,Inyo,027,18085,19,20,0,20,1
2020-05-14,Kern,029,883053,1841,1430,3,1433,21
2020-05-14,Kings,031,150075,475,342,2,344,1
2020-05-14,Lake,033,64148,13,7,0,7,0
2020-05-14,Lassen,035,31185,4,0,2,2,0
2020-05-14,Los Angeles,037,10098052,44399,35427,19,35446,1693
2020-05-14,Madera,039,155013,153,69,1,70,2
2020-05-14,Marin,041,260295,320,283,1,284,14
2020-05-14,Mariposa,043,17540,15,15,0,15,0
2020-05-14,Mendocino,045,87422,13,10,0,10,0
2020-05-14,Merced,047,269075,290,182,0,182,3
2020-05-14,Modoc,049,8938,0,0,0,0,0
2020-05-14,Mono,051,14174,36,31,0,31,1
2020-05-14,Monterey,053,433212,393,317,1,318,7
2020-05-14,Napa,055,140530,102,83,0,83,3
2020-05-14,Nevada,057,99092,41,41,1,42,1
2020-05-14,Orange,059,3164182,6171,4163,48,4211,83
2020-05-14,Placer,061,380077,193,172,0,172,8
2020-05-14,Plumas,063,18699,4,4,0,4,0
2020-05-14,Riverside,065,2383286,6475,5339,18,5357,224
2020-05-14,Sacramento,067,1510023,1274,1181,0,1181,55
2020-05-14,San Benito,069,59416,61,56,0,56,2
2020-05-14,San Bernardino,071,2135413,4196,3149,4,3153,149
2020-05-14,San Diego,073,3302833,6485,5393,0,5393,200
2020-05-14,San Francisco,075,870044,2270,2029,0,2029,36
2020-05-14,San Joaquin,077,732212,754,643,3,646,31
2020-05-14,San Luis Obispo,079,281455,315,236,3,239,1
2020-05-14,San Mateo,081,765935,1874,1588,2,1590,67
2020-05-14,Santa Barbara,083,443738,1544,1395,9,1404,11
2020-05-14,Santa Clara,085,1922200,3002,2380,10,2390,134
2020-05-14,Santa Cruz,087,273765,170,145,0,145,3
2020-05-14,Shasta,089,179085,48,33,0,33,4
2020-05-14,Sierra,091,2930,0,0,0,0,0
2020-05-14,Siskiyou,093,43540,6,5,0,5,0
2020-05-14,Solano,095,438530,465,372,0,372,4
2020-05-14,Sonoma,097,501317,420,333,0,333,4
2020-05-14,Stanislaus,099,539301,612,533,4,537,23
2020-05-14,Sutter,101,95872,41,34,0,34,2
2020-05-14,Tehama,103,63373,3,1,0,1,1
2020-05-14,Trinity,105,12862,2,1,0,1,0
2020-05-14,Tulare,107,460477,1912,1317,7,1324,55
2020-05-14,Tuolumne,109,53932,3,2,0,2,0
2020-05-14,Ventura,111,848112,1151,760,5,765,25
2020-05-14,Yolo,113,214977,200,180,0,180,22
2020-05-14,Yuba,115,75493,26,21,0,21,1
2020-05-13,Alameda,001,1643700,2653,2181,3,2184,78
2020-05-13,Alpine,003,1148,1,1,0,1,0
2020-05-13,Amador,005,37829,10,8,0,8,0
2020-05-13,Butte,007,227075,40,21,1,22,0
2020-05-13,Calaveras,009,45235,14,13,0,13,0
2020-05-13,Colusa,011,21464,3,3,0,3,0
2020-05-13,Contra Costa,013,1133247,1246,1082,1,1083,32
2020-05-13,Del Norte,015,27424,13,4,0,4,0
2020-05-13,El Dorado,017,186661,79,58,0,58,0
2020-05-13,Fresno,019,978130,2011,993,29,1022,10
2020-05-13,Glenn,021,27897,11,6,0,6,0
2020-05-13,Humboldt,023,135768,83,58,0,58,0
2020-05-13,Imperial,025,180216,1411,610,0,610,11
2020-05-13,Inyo,027,18085,19,20,0,20,1
2020-05-13,Kern,029,883053,1795,1390,3,1393,19
2020-05-13,Kings,031,150075,461,314,2,316,1
2020-05-13,Lake,033,64148,13,7,0,7,0
2020-05-13,Lassen,035,31185,4,0,2,2,0
2020-05-13,Los Angeles,037,10098052,43088,34574,19,34593,1643
2020-05-13,Madera,039,155013,144,69,1,70,2
2020-05-13,Marin,041,260295,307,278,1,279,14
2020-05-13,Mariposa,043,17540,15,15,0,15,0
2020-05-13,Mendocino,045,87422,13,10,0,10,0
2020-05-13,Merced,047,269075,287,176,0,176,3
2020-05-13,Modoc,049,8938,0,0,0,0,0
2020-05-13,Mono,051,14174,35,31,0,31,1
2020-05-13,Monterey,053,433212,383,309,1,310,6
2020-05-13,Napa,055,140530,102,81,0,81,3
2020-05-13,Nevada,057,99092,41,41,1,42,1
2020-05-13,Orange,059,3164182,5925,4025,46,4071,79
2020-05-13,Placer,061,380077,192,170,0,170,8
2020-05-13,Plumas,063,18699,4,4,0,4,0
2020-05-13,Riverside,065,2383286,6352,5204,18,5222,216
2020-05-13,Sacramento,067,1510023,1259,1173,0,1173,53
2020-05-13,San Benito,069,59416,61,55,0,55,2
2020-05-13,San Bernardino,071,2135413,3940,3064,3,3067,140
2020-05-13,San Diego,073,3302833,6349,5280,0,5280,194
2020-05-13,San Francisco,075,870044,2242,2004,0,2004,35
2020-05-13,San Joaquin,077,732212,733,639,3,642,31
2020-05-13,San Luis Obispo,079,281455,313,231,3,234,1
2020-05-13,San Mateo,081,765935,1842,1550,2,1552,66
2020-05-13,Santa Barbara,083,443738,1533,1382,9,1391,10
2020-05-13,Santa Clara,085,1922200,2982,2370,10,2380,132
2020-05-13,Santa Cruz,087,273765,166,142,0,142,2
2020-05-13,Shasta,089,179085,48,32,0,32,4
2020-05-13,Sierra,091,2930,0,0,0,0,0
2020-05-13,Siskiyou,093,43540,6,5,0,5,0
2020-05-13,Solano,095,438530,452,368,0,368,4
2020-05-13,Sonoma,097,501317,410,330,0,330,4
2020-05-13,Stanislaus,099,539301,603,521,4,525,15
2020-05-13,Sutter,101,95872,41,33,0,33,2
2020-05-13,Tehama,103,63373,3,1,0,1,1
2020-05-13,Trinity,105,12862,2,2,0,2,0
2020-05-13,Tulare,107,460477,1879,1283,7,1290,54
2020-05-13,Tuolumne,109,53932,3,2,0,2,0
2020-05-13,Ventura,111,848112,1120,742,5,747,25
2020-05-13,Yolo,113,214977,198,178,0,178,22
2020-05-13,Yuba,115,75493,24,19,0,19,1
2020-05-12,Alameda,001,1643700,2589,2146,3,2149,74
2020-05-12,Alpine,003,1148,1,1,0,1,0
2020-05-12,Amador,005,37829,10,8,0,8,0
2020-05-12,Butte,007,227075,38,20,1,21,0
2020-05-12,Calaveras,009,45235,13,13,0,13,0
2020-05-12,Colusa,011,21464,3,3,0,3,0
2020-05-12,Contra Costa,013,1133247,1215,1067,1,1068,32
2020-05-12,Del Norte,015,27424,10,3,0,3,0
2020-05-12,El Dorado,017,186661,76,56,0,56,0
2020-05-12,Fresno,019,978130,1927,978,27,1005,9
2020-05-12,Glenn,021,27897,10,6,0,6,0
2020-05-12,Humboldt,023,135768,80,58,0,58,0
2020-05-12,Imperial,025,180216,1281,602,0,602,9
2020-05-12,Inyo,027,18085,19,20,0,20,1
2020-05-12,Kern,029,883053,1754,1363,3,1366,18
2020-05-12,Kings,031,150075,440,302,2,304,1
2020-05-12,Lake,033,64148,13,7,0,7,0
2020-05-12,Lassen,035,31185,4,0,2,2,0
2020-05-12,Los Angeles,037,10098052,42090,33281,18,33299,1601
2020-05-12,Madera,039,155013,138,69,1,70,2
2020-05-12,Marin,041,260295,302,274,1,275,14
2020-05-12,Mariposa,043,17540,15,15,0,15,0
2020-05-12,Mendocino,045,87422,13,10,0,10,0
2020-05-12,Merced,047,269075,276,175,0,175,3
2020-05-12,Modoc,049,8938,0,0,0,0,0
2020-05-12,Mono,051,14174,35,31,0,31,1
2020-05-12,Monterey,053,433212,376,298,1,299,6
2020-05-12,Napa,055,140530,100,80,0,80,3
2020-05-12,Nevada,057,99092,41,41,1,42,1
2020-05-12,Orange,059,3164182,5742,3843,44,3887,78
2020-05-12,Placer,061,380077,191,170,0,170,8
2020-05-12,Plumas,063,18699,4,4,0,4,0
2020-05-12,Riverside,065,2383286,6229,5134,18,5152,210
2020-05-12,Sacramento,067,1510023,1239,1166,0,1166,52
2020-05-12,San Benito,069,59416,61,55,0,55,2
2020-05-12,San Bernardino,071,2135413,3788,2997,3,3000,131
2020-05-12,San Diego,073,3302833,6205,3,0,3,0
2020-05-12,San Francisco,075,870044,2207,1981,0,1981,35
2020-05-12,San Joaquin,077,732212,718,625,3,628,30
2020-05-12,San Luis Obispo,079,281455,310,226,3,229,1
2020-05-12,San Mateo,081,765935,1816,1533,2,1535,66
2020-05-12,Santa Barbara,083,443738,1502,1377,9,1386,10
2020-05-12,Santa Clara,085,1922200,2952,2362,10,2372,131
2020-05-12,Santa Cruz,087,273765,164,141,0,141,2
2020-05-12,Shasta,089,179085,47,33,0,33,4
2020-05-12,Sierra,091,2930,0,0,0,0,0
2020-05-12,Siskiyou,093,43540,6,5,0,5,0
2020-05-12,Solano,095,438530,444,361,0,361,4
2020-05-12,Sonoma,097,501317,387,308,0,308,4
2020-05-12,Stanislaus,099,539301,596,515,4,519,15
2020-05-12,Sutter,101,95872,41,33,0,33,2
2020-05-12,Tehama,103,63373,3,1,0,1,1
2020-05-12,Trinity,105,12862,2,1,0,1,0
2020-05-12,Tulare,107,460477,1847,1261,7,1268,52
2020-05-12,Tuolumne,109,53932,3,2,0,2,0
2020-05-12,Ventura,111,848112,1064,718,5,723,20
2020-05-12,Yolo,113,214977,197,176,0,176,22
2020-05-12,Yuba,115,75493,24,19,0,19,1
2020-05-11,Alameda,001,1643700,2539,2103,3,2106,71
2020-05-11,Alpine,003,1148,1,1,0,1,0
2020-05-11,Amador,005,37829,10,8,0,8,0
2020-05-11,Butte,007,227075,37,19,1,20,0
2020-05-11,Calaveras,009,45235,13,13,0,13,0
2020-05-11,Colusa,011,21464,3,3,0,3,0
2020-05-11,Contra Costa,013,1133247,1201,1052,1,1053,32
2020-05-11,Del Norte,015,27424,8,3,0,3,0
2020-05-11,El Dorado,017,186661,76,55,0,55,0
2020-05-11,Fresno,019,978130,1835,937,26,963,8
2020-05-11,Glenn,021,27897,10,6,0,6,0
2020-05-11,Humboldt,023,135768,77,56,0,56,0
2020-05-11,Imperial,025,180216,1174,562,0,562,9
2020-05-11,Inyo,027,18085,19,20,0,20,1
2020-05-11,Kern,029,883053,1702,1331,3,1334,17
2020-05-11,Kings,031,150075,417,289,1,290,1
2020-05-11,Lake,033,64148,12,7,0,7,0
2020-05-11,Lassen,035,31185,4,0,2,2,0
2020-05-11,Los Angeles,037,10098052,40909,32279,18,32297,1553
2020-05-11,Madera,039,155013,129,68,1,69,2
2020-05-11,Marin,041,260295,293,271,1,272,14
2020-05-11,Mariposa,043,17540,15,15,0,15,0
2020-05-11,Mendocino,045,87422,13,10,0,10,0
2020-05-11,Merced,047,269075,261,158,0,158,3
2020-05-11,Modoc,049,8938,0,0,0,0,0
2020-05-11,Mono,051,14174,35,30,0,30,1
2020-05-11,Monterey,053,433212,373,286,1,287,6
2020-05-11,Napa,055,140530,94,79,0,79,2
2020-05-11,Nevada,057,99092,41,41,1,42,1
2020-05-11,Orange,059,3164182,5528,3699,38,3737,77
2020-05-11,Placer,061,380077,191,170,0,170,8
2020-05-11,Plumas,063,18699,4,4,0,4,0
2020-05-11,Riverside,065,2383286,6071,5082,17,5099,203
2020-05-11,Sacramento,067,1510023,1224,1160,0,1160,52
2020-05-11,San Benito,069,59416,59,52,0,52,2
2020-05-11,San Bernardino,071,2135413,3677,2945,3,2948,124
2020-05-11,San Diego,073,3302833,6052,5067,0,5067,175
2020-05-11,San Francisco,075,870044,2161,1974,0,1974,35
2020-05-11,San Joaquin,077,732212,708,620,3,623,30
2020-05-11,San Luis Obispo,079,281455,308,224,3,227,1
2020-05-11,San Mateo,081,765935,1790,1499,2,1501,66
2020-05-11,Santa Barbara,083,443738,1491,1372,8,1380,10
2020-05-11,Santa Clara,085,1922200,2935,2340,10,2350,129
2020-05-11,Santa Cruz,087,273765,161,140,0,140,2
2020-05-11,Shasta,089,179085,47,31,0,31,4
2020-05-11,Sierra,091,2930,0,0,0,0,0
2020-05-11,Siskiyou,093,43540,6,5,0,5,0
2020-05-11,Solano,095,438530,439,354,0,354,4
2020-05-11,Sonoma,097,501317,377,303,0,303,3
2020-05-11,Stanislaus,099,539301,586,507,4,511,14
2020-05-11,Sutter,101,95872,40,32,0,32,2
2020-05-11,Tehama,103,63373,3,1,0,1,1
2020-05-11,Trinity,105,12862,2,1,0,1,0
2020-05-11,Tulare,107,460477,1798,1203,7,1210,49
2020-05-11,Tuolumne,109,53932,3,2,0,2,0
2020-05-11,Ventura,111,848112,1003,698,4,702,19
2020-05-11,Yolo,113,214977,197,174,0,174,20
2020-05-11,Yuba,115,75493,24,18,0,18,1
2020-05-10,Alameda,001,1643700,2462,2047,3,2050,71
2020-05-10,Alpine,003,1148,1,1,0,1,0
2020-05-10,Amador,005,37829,10,8,0,8,0
2020-05-10,Butte,007,227075,32,18,1,19,0
2020-05-10,Calaveras,009,45235,13,13,0,13,0
2020-05-10,Colusa,011,21464,3,3,0,3,0
2020-05-10,Contra Costa,013,1133247,1187,1046,0,1046,31
2020-05-10,Del Norte,015,27424,7,3,0,3,0
2020-05-10,El Dorado,017,186661,76,55,0,55,0
2020-05-10,Fresno,019,978130,1750,894,26,920,8
2020-05-10,Glenn,021,27897,10,6,0,6,0
2020-05-10,Humboldt,023,135768,73,56,0,56,0
2020-05-10,Imperial,025,180216,1079,509,0,509,7
2020-05-10,Inyo,027,18085,19,20,0,20,1
2020-05-10,Kern,029,883053,1651,1300,2,1302,16
2020-05-10,Kings,031,150075,404,266,1,267,1
2020-05-10,Lake,033,64148,12,7,0,7,0
2020-05-10,Lassen,035,31185,4,0,2,2,0
2020-05-10,Los Angeles,037,10098052,39648,31711,18,31729,1514
2020-05-10,Madera,039,155013,127,65,1,66,2
2020-05-10,Marin,041,260295,285,267,1,268,14
2020-05-10,Mariposa,043,17540,15,15,0,15,0
2020-05-10,Mendocino,045,87422,12,10,0,10,0
2020-05-10,Merced,047,269075,246,154,0,154,3
2020-05-10,Modoc,049,8938,0,0,0,0,0
2020-05-10,Mono,051,14174,35,27,0,27,1
2020-05-10,Monterey,053,433212,359,282,1,283,6
2020-05-10,Napa,055,140530,88,79,0,79,2
2020-05-10,Nevada,057,99092,41,41,1,42,1
2020-05-10,Orange,059,3164182,5385,3627,38,3665,76
2020-05-10,Placer,061,380077,190,168,0,168,8
2020-05-10,Plumas,063,18699,4,4,0,4,0
2020-05-10,Riverside,065,2383286,5949,4951,17,4968,193
2020-05-10,Sacramento,067,1510023,1208,1152,0,1152,52
2020-05-10,San Benito,069,59416,59,52,0,52,2
2020-05-10,San Bernardino,071,2135413,3579,2910,3,2913,121
2020-05-10,San Diego,073,3302833,5900,4928,0,4928,175
2020-05-10,San Francisco,075,870044,2143,1953,0,1953,35
2020-05-10,San Joaquin,077,732212,693,611,3,614,29
2020-05-10,San Luis Obispo,079,281455,305,218,3,221,1
2020-05-10,San Mateo,081,765935,1768,1463,2,1465,65
2020-05-10,Santa Barbara,083,443738,1480,1323,8,1331,10
2020-05-10,Santa Clara,085,1922200,2908,2331,10,2341,129
2020-05-10,Santa Cruz,087,273765,160,139,0,139,2
2020-05-10,Shasta,089,179085,47,31,0,31,4
2020-05-10,Sierra,091,2930,0,0,0,0,0
2020-05-10,Siskiyou,093,43540,5,5,0,5,0
2020-05-10,Solano,095,438530,429,322,0,322,4
2020-05-10,Sonoma,097,501317,367,290,0,290,3
2020-05-10,Stanislaus,099,539301,579,498,4,502,14
2020-05-10,Sutter,101,95872,37,31,0,31,2
2020-05-10,Tehama,103,63373,3,1,0,1,1
2020-05-10,Trinity,105,12862,2,1,0,1,0
2020-05-10,Tulare,107,460477,1727,1143,7,1150,47
2020-05-10,Tuolumne,109,53932,3,2,0,2,0
2020-05-10,Ventura,111,848112,945,690,2,692,19
2020-05-10,Yolo,113,214977,197,173,0,173,20
2020-05-10,Yuba,115,75493,23,17,0,17,1
2020-05-09,Alameda,001,1643700,2419,2011,3,2014,71
2020-05-09,Alpine,003,1148,1,1,0,1,0
2020-05-09,Amador,005,37829,9,8,0,8,0
2020-05-09,Butte,007,227075,31,18,1,19,0
2020-05-09,Calaveras,009,45235,13,13,0,13,0
2020-05-09,Colusa,011,21464,3,3,0,3,0
2020-05-09,Contra Costa,013,1133247,1173,1039,0,1039,31
2020-05-09,Del Norte,015,27424,7,3,0,3,0
2020-05-09,El Dorado,017,186661,73,54,0,54,0
2020-05-09,Fresno,019,978130,1712,861,25,886,8
2020-05-09,Glenn,021,27897,9,6,0,6,0
2020-05-09,Humboldt,023,135768,71,55,0,55,0
2020-05-09,Imperial,025,180216,1023,474,0,474,7
2020-05-09,Inyo,027,18085,19,20,0,20,1
2020-05-09,Kern,029,883053,1615,1262,1,1263,15
2020-05-09,Kings,031,150075,399,264,1,265,1
2020-05-09,Lake,033,64148,12,7,0,7,0
2020-05-09,Lassen,035,31185,4,0,2,2,0
2020-05-09,Los Angeles,037,10098052,39026,31268,18,31286,1499
2020-05-09,Madera,039,155013,126,61,1,62,2
2020-05-09,Marin,041,260295,284,261,1,262,14
2020-05-09,Mariposa,043,17540,15,15,0,15,0
2020-05-09,Mendocino,045,87422,12,10,0,10,0
2020-05-09,Merced,047,269075,242,153,0,153,3
2020-05-09,Modoc,049,8938,0,0,0,0,0
2020-05-09,Mono,051,14174,35,27,0,27,1
2020-05-09,Monterey,053,433212,352,273,0,273,6
2020-05-09,Napa,055,140530,87,78,0,78,2
2020-05-09,Nevada,057,99092,41,41,1,42,1
2020-05-09,Orange,059,3164182,5302,3506,38,3544,75
2020-05-09,Placer,061,380077,189,168,0,168,8
2020-05-09,Plumas,063,18699,4,4,0,4,0
2020-05-09,Riverside,065,2383286,5854,4871,17,4888,183
2020-05-09,Sacramento,067,1510023,1204,1150,0,1150,52
2020-05-09,San Benito,069,59416,58,52,0,52,2
2020-05-09,San Bernardino,071,2135413,3523,2825,3,2828,121
2020-05-09,San Diego,073,3302833,5788,4778,0,4778,175
2020-05-09,San Francisco,075,870044,2128,1944,0,1944,34
2020-05-09,San Joaquin,077,732212,684,605,3,608,28
2020-05-09,San Luis Obispo,079,281455,301,213,3,216,1
2020-05-09,San Mateo,081,765935,1749,1453,2,1455,65
2020-05-09,Santa Barbara,083,443738,1472,1245,8,1253,10
2020-05-09,Santa Clara,085,1922200,2894,2317,10,2327,128
2020-05-09,Santa Cruz,087,273765,159,138,0,138,2
2020-05-09,Shasta,089,179085,47,31,0,31,4
2020-05-09,Sierra,091,2930,0,0,0,0,0
2020-05-09,Siskiyou,093,43540,5,5,0,5,0
2020-05-09,Solano,095,438530,423,321,0,321,4
2020-05-09,Sonoma,097,501317,363,288,0,288,3
2020-05-09,Stanislaus,099,539301,571,491,4,495,12
2020-05-09,Sutter,101,95872,37,31,0,31,2
2020-05-09,Tehama,103,63373,2,1,0,1,1
2020-05-09,Trinity,105,12862,2,1,0,1,0
2020-05-09,Tulare,107,460477,1699,1083,7,1090,47
2020-05-09,Tuolumne,109,53932,3,2,0,2,0
2020-05-09,Ventura,111,848112,924,679,2,681,19
2020-05-09,Yolo,113,214977,197,172,0,172,18
2020-05-09,Yuba,115,75493,23,17,0,17,1
2020-05-08,Alameda,001,1643700,2376,1955,3,1958,70
2020-05-08,Alpine,003,1148,1,1,0,1,0
2020-05-08,Amador,005,37829,9,8,0,8,0
2020-05-08,Butte,007,227075,31,18,1,19,0
2020-05-08,Calaveras,009,45235,13,13,0,13,0
2020-05-08,Colusa,011,21464,3,3,0,3,0
2020-05-08,Contra Costa,013,1133247,1161,1024,0,1024,29
2020-05-08,Del Norte,015,27424,7,3,0,3,0
2020-05-08,El Dorado,017,186661,72,54,0,54,0
2020-05-08,Fresno,019,978130,1670,838,23,861,8
2020-05-08,Glenn,021,27897,8,6,0,6,0
2020-05-08,Humboldt,023,135768,68,54,0,54,0
2020-05-08,Imperial,025,180216,978,467,0,467,7
2020-05-08,Inyo,027,18085,19,20,0,20,1
2020-05-08,Kern,029,883053,1584,1214,1,1215,13
2020-05-08,Kings,031,150075,390,236,1,237,1
2020-05-08,Lake,033,64148,12,7,0,7,0
2020-05-08,Lassen,035,31185,4,0,2,2,0
2020-05-08,Los Angeles,037,10098052,38295,30357,18,30375,1447
2020-05-08,Madera,039,155013,123,57,1,58,2
2020-05-08,Marin,041,260295,284,257,1,258,14
2020-05-08,Mariposa,043,17540,15,15,0,15,0
2020-05-08,Mendocino,045,87422,12,10,0,10,0
2020-05-08,Merced,047,269075,241,151,0,151,3
2020-05-08,Modoc,049,8938,0,0,0,0,0
2020-05-08,Mono,051,14174,32,27,0,27,1
2020-05-08,Monterey,053,433212,344,265,0,265,6
2020-05-08,Napa,055,140530,86,78,0,78,2
2020-05-08,Nevada,057,99092,41,41,1,42,1
2020-05-08,Orange,059,3164182,5155,3395,38,3433,72
2020-05-08,Placer,061,380077,187,166,0,166,8
2020-05-08,Plumas,063,18699,4,4,0,4,0
2020-05-08,Riverside,065,2383286,5754,4672,16,4688,181
2020-05-08,Sacramento,067,1510023,1199,1145,0,1145,51
2020-05-08,San Benito,069,59416,58,51,0,51,2
2020-05-08,San Bernardino,071,2135413,3475,2631,3,2634,119
2020-05-08,San Diego,073,3302833,5681,4664,0,4664,169
2020-05-08,San Francisco,075,870044,2110,1890,0,1890,33
2020-05-08,San Joaquin,077,732212,677,595,3,598,28
2020-05-08,San Luis Obispo,079,281455,298,210,3,213,1
2020-05-08,San Mateo,081,765935,1664,1423,2,1425,62
2020-05-08,Santa Barbara,083,443738,1463,1054,6,1060,8
2020-05-08,Santa Clara,085,1922200,2871,2285,10,2295,128
2020-05-08,Santa Cruz,087,273765,155,137,0,137,2
2020-05-08,Shasta,089,179085,47,31,0,31,4
2020-05-08,Sierra,091,2930,0,0,0,0,0
2020-05-08,Siskiyou,093,43540,5,5,0,5,0
2020-05-08,Solano,095,438530,418,314,0,314,4
2020-05-08,Sonoma,097,501317,358,285,0,285,3
2020-05-08,Stanislaus,099,539301,557,487,4,491,12
2020-05-08,Sutter,101,95872,37,30,0,30,2
2020-05-08,Tehama,103,63373,2,1,0,1,1
2020-05-08,Trinity,105,12862,2,0,0,0,0
2020-05-08,Tulare,107,460477,1654,1050,6,1056,43
2020-05-08,Tuolumne,109,53932,3,2,0,2,0
2020-05-08,Ventura,111,848112,906,665,2,667,19
2020-05-08,Yolo,113,214977,196,172,0,172,18
2020-05-08,Yuba,115,75493,22,16,0,16,1
2020-05-07,Alameda,001,1643700,2316,1914,3,1917,68
2020-05-07,Alpine,003,1148,1,1,0,1,0
2020-05-07,Amador,005,37829,9,8,0,8,0
2020-05-07,Butte,007,227075,31,19,1,20,0
2020-05-07,Calaveras,009,45235,13,13,0,13,0
2020-05-07,Colusa,011,21464,3,3,0,3,0
2020-05-07,Contra Costa,013,1133247,1147,1005,0,1005,29
2020-05-07,Del Norte,015,27424,6,3,0,3,0
2020-05-07,El Dorado,017,186661,71,54,0,54,0
2020-05-07,Fresno,019,978130,1584,812,22,834,8
2020-05-07,Glenn,021,27897,8,5,0,5,0
2020-05-07,Humboldt,023,135768,67,54,0,54,0
2020-05-07,Imperial,025,180216,915,442,0,442,6
2020-05-07,Inyo,027,18085,19,20,0,20,1
2020-05-07,Kern,029,883053,1540,1176,1,1177,13
2020-05-07,Kings,031,150075,367,219,1,220,1
2020-05-07,Lake,033,64148,11,7,0,7,0
2020-05-07,Lassen,035,31185,4,0,2,2,0
2020-05-07,Los Angeles,037,10098052,37173,29544,18,29562,1399
2020-05-07,Madera,039,155013,119,54,1,55,2
2020-05-07,Marin,041,260295,277,252,1,253,14
2020-05-07,Mariposa,043,17540,15,15,0,15,0
2020-05-07,Mendocino,045,87422,12,10,0,10,0
2020-05-07,Merced,047,269075,233,146,0,146,3
2020-05-07,Modoc,049,8938,0,0,0,0,0
2020-05-07,Mono,051,14174,32,26,0,26,1
2020-05-07,Monterey,053,433212,336,249,0,249,6
2020-05-07,Napa,055,140530,86,78,0,78,2
2020-05-07,Nevada,057,99092,41,41,1,42,1
2020-05-07,Orange,059,3164182,4969,3283,37,3320,69
2020-05-07,Placer,061,380077,187,165,0,165,8
2020-05-07,Plumas,063,18699,4,4,0,4,0
2020-05-07,Riverside,065,2383286,5638,4608,16,4624,170
2020-05-07,Sacramento,067,1510023,1193,1139,0,1139,50
2020-05-07,San Benito,069,59416,58,50,0,50,2
2020-05-07,San Bernardino,071,2135413,3383,2522,3,2525,115
2020-05-07,San Diego,073,3302833,5524,4431,0,4431,165
2020-05-07,San Francisco,075,870044,2079,1852,0,1852,33
2020-05-07,San Joaquin,077,732212,664,583,3,586,28
2020-05-07,San Luis Obispo,079,281455,287,209,3,212,1
2020-05-07,San Mateo,081,765935,1642,1398,2,1400,58
2020-05-07,Santa Barbara,083,443738,1436,720,5,725,8
2020-05-07,Santa Clara,085,1922200,2833,2281,10,2291,127
2020-05-07,Santa Cruz,087,273765,152,136,0,136,2
2020-05-07,Shasta,089,179085,46,31,0,31,4
2020-05-07,Sierra,091,2930,0,0,0,0,0
2020-05-07,Siskiyou,093,43540,5,5,0,5,0
2020-05-07,Solano,095,438530,412,307,0,307,4
2020-05-07,Sonoma,097,501317,346,282,0,282,3
2020-05-07,Stanislaus,099,539301,548,466,4,470,10
2020-05-07,Sutter,101,95872,37,29,0,29,2
2020-05-07,Tehama,103,63373,2,1,0,1,1
2020-05-07,Trinity,105,12862,2,0,0,0,0
2020-05-07,Tulare,107,460477,1586,1001,6,1007,41
2020-05-07,Tuolumne,109,53932,3,2,0,2,0
2020-05-07,Ventura,111,848112,882,647,1,648,19
2020-05-07,Yolo,113,214977,195,172,0,172,18
2020-05-07,Yuba,115,75493,22,16,0,16,1
2020-05-06,Alameda,001,1643700,2278,1864,3,1867,67
2020-05-06,Alpine,003,1148,1,1,0,1,0
2020-05-06,Amador,005,37829,9,8,0,8,0
2020-05-06,Butte,007,227075,30,19,1,20,0
2020-05-06,Calaveras,009,45235,13,13,0,13,0
2020-05-06,Colusa,011,21464,3,3,0,3,0
2020-05-06,Contra Costa,013,1133247,1126,990,0,990,29
2020-05-06,Del Norte,015,27424,6,3,0,3,0
2020-05-06,El Dorado,017,186661,69,53,0,53,0
2020-05-06,Fresno,019,978130,1521,773,20,793,8
2020-05-06,Glenn,021,27897,8,3,0,3,0
2020-05-06,Humboldt,023,135768,66,54,0,54,0
2020-05-06,Imperial,025,180216,847,399,0,399,6
2020-05-06,Inyo,027,18085,19,20,0,20,1
2020-05-06,Kern,029,883053,1484,1112,1,1113,12
2020-05-06,Kings,031,150075,349,208,1,209,1
2020-05-06,Lake,033,64148,11,7,0,7,0
2020-05-06,Lassen,035,31185,4,0,2,2,0
2020-05-06,Los Angeles,037,10098052,36165,28687,18,28705,1347
2020-05-06,Madera,039,155013,117,55,1,56,2
2020-05-06,Marin,041,260295,270,244,1,245,14
2020-05-06,Mariposa,043,17540,15,14,0,14,0
2020-05-06,Mendocino,045,87422,12,10,0,10,0
2020-05-06,Merced,047,269075,226,140,0,140,3
2020-05-06,Modoc,049,8938,0,0,0,0,0
2020-05-06,Mono,051,14174,32,26,0,26,1
2020-05-06,Monterey,053,433212,328,246,0,246,6
2020-05-06,Napa,055,140530,85,78,0,78,2
2020-05-06,Nevada,057,99092,41,41,1,42,1
2020-05-06,Orange,059,3164182,4785,3156,36,3192,66
2020-05-06,Placer,061,380077,184,164,0,164,8
2020-05-06,Plumas,063,18699,4,4,0,4,0
2020-05-06,Riverside,065,2383286,5494,4535,16,4551,163
2020-05-06,Sacramento,067,1510023,1187,1135,0,1135,49
2020-05-06,San Benito,069,59416,57,50,0,50,2
2020-05-06,San Bernardino,071,2135413,3261,2426,2,2428,110
2020-05-06,San Diego,073,3302833,5391,4321,0,4321,158
2020-05-06,San Francisco,075,870044,2054,1804,0,1804,32
2020-05-06,San Joaquin,077,732212,651,581,3,584,28
2020-05-06,San Luis Obispo,079,281455,284,207,3,210,1
2020-05-06,San Mateo,081,765935,1611,1348,2,1350,57
2020-05-06,Santa Barbara,083,443738,1395,565,4,569,8
2020-05-06,Santa Clara,085,1922200,2816,2270,9,2279,127
2020-05-06,Santa Cruz,087,273765,149,135,0,135,2
2020-05-06,Shasta,089,179085,45,31,0,31,4
2020-05-06,Sierra,091,2930,0,0,0,0,0
2020-05-06,Siskiyou,093,43540,5,5,0,5,0
2020-05-06,Solano,095,438530,402,300,0,300,4
2020-05-06,Sonoma,097,501317,330,269,0,269,3
2020-05-06,Stanislaus,099,539301,532,434,4,438,9
2020-05-06,Sutter,101,95872,37,29,0,29,2
2020-05-06,Tehama,103,63373,2,1,0,1,1
2020-05-06,Trinity,105,12862,2,0,0,0,0
2020-05-06,Tulare,107,460477,1538,963,6,969,40
2020-05-06,Tuolumne,109,53932,3,2,0,2,0
2020-05-06,Ventura,111,848112,855,619,1,620,19
2020-05-06,Yolo,113,214977,194,172,0,172,18
2020-05-06,Yuba,115,75493,22,15,0,15,1
2020-05-05,Alameda,001,1643700,2235,1819,3,1822,67
2020-05-05,Alpine,003,1148,1,1,0,1,0
2020-05-05,Amador,005,37829,9,8,0,8,0
2020-05-05,Butte,007,227075,29,19,1,20,0
2020-05-05,Calaveras,009,45235,13,13,0,13,0
2020-05-05,Colusa,011,21464,3,3,0,3,0
2020-05-05,Contra Costa,013,1133247,1108,976,0,976,29
2020-05-05,Del Norte,015,27424,6,3,0,3,0
2020-05-05,El Dorado,017,186661,67,54,0,54,0
2020-05-05,Fresno,019,978130,1448,726,18,744,8
2020-05-05,Glenn,021,27897,8,3,0,3,0
2020-05-05,Humboldt,023,135768,63,54,0,54,0
2020-05-05,Imperial,025,180216,792,389,0,389,6
2020-05-05,Inyo,027,18085,19,20,0,20,1
2020-05-05,Kern,029,883053,1432,1084,1,1085,11
2020-05-05,Kings,031,150075,331,187,1,188,1
2020-05-05,Lake,033,64148,10,7,0,7,0
2020-05-05,Lassen,035,31185,4,0,2,2,0
2020-05-05,Los Angeles,037,10098052,35096,27867,18,27885,1289
2020-05-05,Madera,039,155013,113,53,1,54,2
2020-05-05,Marin,041,260295,264,244,1,245,14
2020-05-05,Mariposa,043,17540,15,14,0,14,0
2020-05-05,Mendocino,045,87422,12,10,0,10,0
2020-05-05,Merced,047,269075,221,141,0,141,3
2020-05-05,Modoc,049,8938,0,0,0,0,0
2020-05-05,Mono,051,14174,32,25,0,25,1
2020-05-05,Monterey,053,433212,314,240,0,240,6
2020-05-05,Napa,055,140530,85,74,0,74,2
2020-05-05,Nevada,057,99092,41,41,1,42,1
2020-05-05,Orange,059,3164182,4661,3041,36,3077,63
2020-05-05,Placer,061,380077,184,162,0,162,8
2020-05-05,Plumas,063,18699,4,4,0,4,0
2020-05-05,Riverside,065,2383286,5384,4309,16,4325,161
2020-05-05,Sacramento,067,1510023,1180,1125,0,1125,48
2020-05-05,San Benito,069,59416,56,50,0,50,2
2020-05-05,San Bernardino,071,2135413,3168,2345,2,2347,104
2020-05-05,San Diego,073,3302833,5248,4162,0,4162,150
2020-05-05,San Francisco,075,870044,2019,1779,0,1779,31
2020-05-05,San Joaquin,077,732212,642,577,3,580,26
2020-05-05,San Luis Obispo,079,281455,282,203,3,206,1
2020-05-05,San Mateo,081,765935,1579,1335,2,1337,56
2020-05-05,Santa Barbara,083,443738,1174,541,4,545,7
2020-05-05,Santa Clara,085,1922200,2770,2249,8,2257,124
2020-05-05,Santa Cruz,087,273765,146,134,0,134,2
2020-05-05,Shasta,089,179085,44,31,0,31,4
2020-05-05,Sierra,091,2930,0,0,0,0,0
2020-05-05,Siskiyou,093,43540,5,5,0,5,0
2020-05-05,Solano,095,438530,386,299,0,299,4
2020-05-05,Sonoma,097,501317,327,263,0,263,3
2020-05-05,Stanislaus,099,539301,520,430,4,434,9
2020-05-05,Sutter,101,95872,36,29,0,29,2
2020-05-05,Tehama,103,63373,2,1,0,1,1
2020-05-05,Trinity,105,12862,2,0,0,0,0
2020-05-05,Tulare,107,460477,1440,869,6,875,40
2020-05-05,Tuolumne,109,53932,3,2,0,2,0
2020-05-05,Ventura,111,848112,831,607,1,608,19
2020-05-05,Yolo,113,214977,192,171,0,171,18
2020-05-05,Yuba,115,75493,22,15,0,15,1
2020-05-04,Alameda,001,1643700,2177,1762,2,1764,65
2020-05-04,Alpine,003,1148,1,1,0,1,0
2020-05-04,Amador,005,37829,8,8,0,8,0
2020-05-04,Butte,007,227075,28,16,1,17,0
2020-05-04,Calaveras,009,45235,13,13,0,13,0
2020-05-04,Colusa,011,21464,3,3,0,3,0
2020-05-04,Contra Costa,013,1133247,1090,949,0,949,28
2020-05-04,Del Norte,015,27424,5,3,0,3,0
2020-05-04,El Dorado,017,186661,66,51,0,51,0
2020-05-04,Fresno,019,978130,1378,680,17,697,8
2020-05-04,Glenn,021,27897,8,4,0,4,0
2020-05-04,Humboldt,023,135768,61,54,0,54,0
2020-05-04,Imperial,025,180216,740,351,0,351,6
2020-05-04,Inyo,027,18085,19,20,0,20,1
2020-05-04,Kern,029,883053,1390,1047,1,1048,8
2020-05-04,Kings,031,150075,314,153,1,154,1
2020-05-04,Lake,033,64148,9,7,0,7,0
2020-05-04,Lassen,035,31185,3,0,2,2,0
2020-05-04,Los Angeles,037,10098052,33800,26243,16,26259,1235
2020-05-04,Madera,039,155013,110,52,1,53,2
2020-05-04,Marin,041,260295,259,244,1,245,13
2020-05-04,Mariposa,043,17540,15,13,0,13,0
2020-05-04,Mendocino,045,87422,12,10,0,10,0
2020-05-04,Merced,047,269075,221,138,0,138,3
2020-05-04,Modoc,049,8938,0,0,0,0,0
2020-05-04,Mono,051,14174,32,25,0,25,1
2020-05-04,Monterey,053,433212,303,237,0,237,6
2020-05-04,Napa,055,140530,85,72,0,72,2
2020-05-04,Nevada,057,99092,41,41,1,42,1
2020-05-04,Orange,059,3164182,4523,2931,33,2964,57
2020-05-04,Placer,061,380077,182,162,0,162,8
2020-05-04,Plumas,063,18699,4,4,0,4,0
2020-05-04,Riverside,065,2383286,5290,4221,16,4237,147
2020-05-04,Sacramento,067,1510023,1170,1119,0,1119,44
2020-05-04,San Benito,069,59416,54,49,0,49,2
2020-05-04,San Bernardino,071,2135413,3028,2184,2,2186,99
2020-05-04,San Diego,073,3302833,5107,4022,0,4022,144
2020-05-04,San Francisco,075,870044,1981,1760,0,1760,31
2020-05-04,San Joaquin,077,732212,628,574,3,577,26
2020-05-04,San Luis Obispo,079,281455,279,202,3,205,1
2020-05-04,San Mateo,081,765935,1554,1313,2,1315,53
2020-05-04,Santa Barbara,083,443738,927,524,4,528,7
2020-05-04,Santa Clara,085,1922200,2755,2238,8,2246,119
2020-05-04,Santa Cruz,087,273765,145,133,0,133,2
2020-05-04,Shasta,089,179085,42,31,0,31,4
2020-05-04,Sierra,091,2930,0,0,0,0,0
2020-05-04,Siskiyou,093,43540,5,5,0,5,0
2020-05-04,Solano,095,438530,372,293,0,293,4
2020-05-04,Sonoma,097,501317,313,256,0,256,4
2020-05-04,Stanislaus,099,539301,514,422,4,426,8
2020-05-04,Sutter,101,95872,33,28,0,28,2
2020-05-04,Tehama,103,63373,2,1,0,1,1
2020-05-04,Trinity,105,12862,1,0,0,0,0
2020-05-04,Tulare,107,460477,1361,760,6,766,40
2020-05-04,Tuolumne,109,53932,3,3,0,3,0
2020-05-04,Ventura,111,848112,810,590,1,591,19
2020-05-04,Yolo,113,214977,191,171,0,171,18
2020-05-04,Yuba,115,75493,19,16,0,16,1
2020-05-03,Alameda,001,1643700,2120,1731,2,1733,64
2020-05-03,Alpine,003,1148,1,1,0,1,0
2020-05-03,Amador,005,37829,8,8,0,8,0
2020-05-03,Butte,007,227075,28,17,1,18,0
2020-05-03,Calaveras,009,45235,13,13,0,13,0
2020-05-03,Colusa,011,21464,3,3,0,3,0
2020-05-03,Contra Costa,013,1133247,1074,945,0,945,28
2020-05-03,Del Norte,015,27424,5,3,0,3,0
2020-05-03,El Dorado,017,186661,64,49,0,49,0
2020-05-03,Fresno,019,978130,1286,646,15,661,8
2020-05-03,Glenn,021,27897,7,5,0,5,0
2020-05-03,Humboldt,023,135768,60,54,0,54,0
2020-05-03,Imperial,025,180216,684,351,0,351,6
2020-05-03,Inyo,027,18085,19,20,0,20,1
2020-05-03,Kern,029,883053,1335,1025,1,1026,8
2020-05-03,Kings,031,150075,294,137,1,138,1
2020-05-03,Lake,033,64148,9,7,0,7,0
2020-05-03,Lassen,035,31185,3,0,2,2,0
2020-05-03,Los Angeles,037,10098052,32817,25708,16,25724,1210
2020-05-03,Madera,039,155013,103,46,1,47,2
2020-05-03,Marin,041,260295,254,243,1,244,13
2020-05-03,Mariposa,043,17540,15,13,0,13,0
2020-05-03,Mendocino,045,87422,12,10,0,10,0
2020-05-03,Merced,047,269075,213,134,0,134,3
2020-05-03,Modoc,049,8938,0,0,0,0,0
2020-05-03,Mono,051,14174,32,25,0,25,1
2020-05-03,Monterey,053,433212,294,235,0,235,6
2020-05-03,Napa,055,140530,85,72,0,72,2
2020-05-03,Nevada,057,99092,41,41,1,42,1
2020-05-03,Orange,059,3164182,4349,2859,32,2891,55
2020-05-03,Placer,061,380077,182,161,0,161,8
2020-05-03,Plumas,063,18699,4,4,0,4,0
2020-05-03,Riverside,065,2383286,5185,4034,16,4050,139
2020-05-03,Sacramento,067,1510023,1161,1109,0,1109,43
2020-05-03,San Benito,069,59416,54,49,0,49,2
2020-05-03,San Bernardino,071,2135413,2968,2123,2,2125,99
2020-05-03,San Diego,073,3302833,4970,3929,0,3929,142
2020-05-03,San Francisco,075,870044,1952,1692,0,1692,30
2020-05-03,San Joaquin,077,732212,621,570,3,573,26
2020-05-03,San Luis Obispo,079,281455,276,200,3,203,1
2020-05-03,San Mateo,081,765935,1526,1277,2,1279,53
2020-05-03,Santa Barbara,083,443738,568,512,4,516,7
2020-05-03,Santa Clara,085,1922200,2718,2235,8,2243,116
2020-05-03,Santa Cruz,087,273765,145,133,0,133,2
2020-05-03,Shasta,089,179085,40,31,0,31,4
2020-05-03,Sierra,091,2930,0,0,0,0,0
2020-05-03,Siskiyou,093,43540,5,5,0,5,0
2020-05-03,Solano,095,438530,362,266,0,266,4
2020-05-03,Sonoma,097,501317,304,254,0,254,4
2020-05-03,Stanislaus,099,539301,486,411,4,415,8
2020-05-03,Sutter,101,95872,31,28,0,28,2
2020-05-03,Tehama,103,63373,2,1,0,1,1
2020-05-03,Trinity,105,12862,1,0,0,0,0
2020-05-03,Tulare,107,460477,1282,736,6,742,40
2020-05-03,Tuolumne,109,53932,3,3,0,3,0
2020-05-03,Ventura,111,848112,776,583,1,584,19
2020-05-03,Yolo,113,214977,190,171,0,171,18
2020-05-03,Yuba,115,75493,19,16,0,16,1
2020-05-02,Alameda,001,1643700,2083,1678,2,1680,63
2020-05-02,Alpine,003,1148,1,1,0,1,0
2020-05-02,Amador,005,37829,8,8,0,8,0
2020-05-02,Butte,007,227075,28,17,1,18,0
2020-05-02,Calaveras,009,45235,13,13,0,13,0
2020-05-02,Colusa,011,21464,3,3,0,3,0
2020-05-02,Contra Costa,013,1133247,1056,929,0,929,28
2020-05-02,Del Norte,015,27424,5,3,0,3,0
2020-05-02,El Dorado,017,186661,64,47,0,47,0
2020-05-02,Fresno,019,978130,1260,629,14,643,8
2020-05-02,Glenn,021,27897,7,5,0,5,0
2020-05-02,Humboldt,023,135768,60,54,0,54,0
2020-05-02,Imperial,025,180216,657,345,0,345,6
2020-05-02,Inyo,027,18085,19,20,0,20,1
2020-05-02,Kern,029,883053,1309,1007,1,1008,8
2020-05-02,Kings,031,150075,291,120,1,121,1
2020-05-02,Lake,033,64148,9,7,0,7,0
2020-05-02,Lassen,035,31185,3,0,2,2,0
2020-05-02,Los Angeles,037,10098052,32287,24955,16,24971,1192
2020-05-02,Madera,039,155013,103,46,1,47,2
2020-05-02,Marin,041,260295,253,243,1,244,13
2020-05-02,Mariposa,043,17540,15,13,0,13,0
2020-05-02,Mendocino,045,87422,12,10,0,10,0
2020-05-02,Merced,047,269075,210,131,0,131,3
2020-05-02,Modoc,049,8938,0,0,0,0,0
2020-05-02,Mono,051,14174,32,25,0,25,1
2020-05-02,Monterey,053,433212,288,225,0,225,5
2020-05-02,Napa,055,140530,85,71,0,71,2
2020-05-02,Nevada,057,99092,41,41,1,42,1
2020-05-02,Orange,059,3164182,4235,2774,32,2806,52
2020-05-02,Placer,061,380077,180,150,0,150,8
2020-05-02,Plumas,063,18699,4,4,0,4,0
2020-05-02,Riverside,065,2383286,5119,3997,16,4013,137
2020-05-02,Sacramento,067,1510023,1158,1097,0,1097,43
2020-05-02,San Benito,069,59416,54,49,0,49,2
2020-05-02,San Bernardino,071,2135413,2929,2124,2,2126,99
2020-05-02,San Diego,073,3302833,4868,3844,0,3844,138
2020-05-02,San Francisco,075,870044,1929,1632,0,1632,29
2020-05-02,San Joaquin,077,732212,613,559,3,562,25
2020-05-02,San Luis Obispo,079,281455,270,193,3,196,1
2020-05-02,San Mateo,081,765935,1510,1272,2,1274,52
2020-05-02,Santa Barbara,083,443738,560,506,4,510,7
2020-05-02,Santa Clara,085,1922200,2708,2203,8,2211,115
2020-05-02,Santa Cruz,087,273765,144,131,0,131,2
2020-05-02,Shasta,089,179085,40,31,0,31,4
2020-05-02,Sierra,091,2930,0,0,0,0,0
2020-05-02,Siskiyou,093,43540,5,5,0,5,0
2020-05-02,Solano,095,438530,355,267,0,267,4
2020-05-02,Sonoma,097,501317,301,250,0,250,3
2020-05-02,Stanislaus,099,539301,478,388,4,392,8
2020-05-02,Sutter,101,95872,31,28,0,28,2
2020-05-02,Tehama,103,63373,2,1,0,1,1
2020-05-02,Trinity,105,12862,1,0,0,0,0
2020-05-02,Tulare,107,460477,1239,711,6,717,35
2020-05-02,Tuolumne,109,53932,3,3,0,3,0
2020-05-02,Ventura,111,848112,762,564,1,565,19
2020-05-02,Yolo,113,214977,190,169,0,169,17
2020-05-02,Yuba,115,75493,19,16,0,16,1
2020-05-01,Alameda,001,1643700,2045,1630,2,1632,63
2020-05-01,Alpine,003,1148,1,1,0,1,0
2020-05-01,Amador,005,37829,8,8,0,8,0
2020-05-01,Butte,007,227075,28,17,1,18,0
2020-05-01,Calaveras,009,45235,13,13,0,13,0
2020-05-01,Colusa,011,21464,3,3,0,3,0
2020-05-01,Contra Costa,013,1133247,1042,915,0,915,28
2020-05-01,Del Norte,015,27424,5,3,0,3,0
2020-05-01,El Dorado,017,186661,64,47,0,47,0
2020-05-01,Fresno,019,978130,1229,617,14,631,7
2020-05-01,Glenn,021,27897,7,4,0,4,0
2020-05-01,Humboldt,023,135768,60,54,0,54,0
2020-05-01,Imperial,025,180216,620,337,0,337,6
2020-05-01,Inyo,027,18085,19,20,0,20,1
2020-05-01,Kern,029,883053,1282,972,1,973,8
2020-05-01,Kings,031,150075,274,112,1,113,1
2020-05-01,Lake,033,64148,9,6,0,6,0
2020-05-01,Lassen,035,31185,3,0,2,2,0
2020-05-01,Los Angeles,037,10098052,31531,24306,16,24322,1155
2020-05-01,Madera,039,155013,99,46,1,47,2
2020-05-01,Marin,041,260295,253,242,1,243,13
2020-05-01,Mariposa,043,17540,15,10,0,10,0
2020-05-01,Mendocino,045,87422,12,11,0,11,0
2020-05-01,Merced,047,269075,207,131,0,131,3
2020-05-01,Modoc,049,8938,0,0,0,0,0
2020-05-01,Mono,051,14174,32,25,0,25,1
2020-05-01,Monterey,053,433212,284,222,0,222,5
2020-05-01,Napa,055,140530,85,69,0,69,2
2020-05-01,Nevada,057,99092,41,41,1,42,1
2020-05-01,Orange,059,3164182,4158,2660,30,2690,51
2020-05-01,Placer,061,380077,179,149,0,149,8
2020-05-01,Plumas,063,18699,4,4,0,4,0
2020-05-01,Riverside,065,2383286,5055,3893,16,3909,132
2020-05-01,Sacramento,067,1510023,1153,1081,0,1081,43
2020-05-01,San Benito,069,59416,54,49,0,49,2
2020-05-01,San Bernardino,071,2135413,2874,2084,2,2086,98
2020-05-01,San Diego,073,3302833,4777,3713,0,3713,134
2020-05-01,San Francisco,075,870044,1885,1552,0,1552,29
2020-05-01,San Joaquin,077,732212,609,554,3,557,25
2020-05-01,San Luis Obispo,079,281455,267,186,3,189,1
2020-05-01,San Mateo,081,765935,1488,1222,2,1224,52
2020-05-01,Santa Barbara,083,443738,554,499,3,502,7
2020-05-01,Santa Clara,085,1922200,2696,2176,8,2184,112
2020-05-01,Santa Cruz,087,273765,144,127,0,127,2
2020-05-01,Shasta,089,179085,40,31,0,31,4
2020-05-01,Sierra,091,2930,0,0,0,0,0
2020-05-01,Siskiyou,093,43540,5,5,0,5,0
2020-05-01,Solano,095,438530,347,266,0,266,4
2020-05-01,Sonoma,097,501317,298,242,0,242,3
2020-05-01,Stanislaus,099,539301,473,384,4,388,8
2020-05-01,Sutter,101,95872,31,28,0,28,2
2020-05-01,Tehama,103,63373,2,1,0,1,1
2020-05-01,Trinity,105,12862,1,0,0,0,0
2020-05-01,Tulare,107,460477,1195,685,6,691,32
2020-05-01,Tuolumne,109,53932,3,3,0,3,0
2020-05-01,Ventura,111,848112,749,556,1,557,18
2020-05-01,Yolo,113,214977,190,165,0,165,18
2020-05-01,Yuba,115,75493,19,16,0,16,1
2020-04-30,Alameda,001,1643700,1985,1599,2,1601,60
2020-04-30,Alpine,003,1148,1,1,0,1,0
2020-04-30,Amador,005,37829,8,8,0,8,0
2020-04-30,Butte,007,227075,28,16,1,17,0
2020-04-30,Calaveras,009,45235,13,13,0,13,0
2020-04-30,Colusa,011,21464,3,3,0,3,0
2020-04-30,Contra Costa,013,1133247,1020,900,0,900,25
2020-04-30,Del Norte,015,27424,4,3,0,3,0
2020-04-30,El Dorado,017,186661,64,44,0,44,0
2020-04-30,Fresno,019,978130,1164,562,11,573,7
2020-04-30,Glenn,021,27897,7,4,0,4,0
2020-04-30,Humboldt,023,135768,60,54,0,54,0
2020-04-30,Imperial,025,180216,574,322,0,322,6
2020-04-30,Inyo,027,18085,19,20,0,20,1
2020-04-30,Kern,029,883053,1250,941,1,942,8
2020-04-30,Kings,031,150075,262,87,1,88,1
2020-04-30,Lake,033,64148,9,6,0,6,0
2020-04-30,Lassen,035,31185,3,0,2,2,0
2020-04-30,Los Angeles,037,10098052,30521,23284,16,23300,1099
2020-04-30,Madera,039,155013,88,46,1,47,2
2020-04-30,Marin,041,260295,253,240,1,241,13
2020-04-30,Mariposa,043,17540,15,3,0,3,0
2020-04-30,Mendocino,045,87422,12,11,0,11,0
2020-04-30,Merced,047,269075,200,122,0,122,3
2020-04-30,Modoc,049,8938,0,0,0,0,0
2020-04-30,Mono,051,14174,31,25,0,25,1
2020-04-30,Monterey,053,433212,274,213,0,213,5
2020-04-30,Napa,055,140530,83,69,0,69,2
2020-04-30,Nevada,057,99092,41,41,1,42,1
2020-04-30,Orange,059,3164182,3935,2591,27,2618,46
2020-04-30,Placer,061,380077,178,148,0,148,8
2020-04-30,Plumas,063,18699,4,4,0,4,0
2020-04-30,Riverside,065,2383286,4955,3820,15,3835,124
2020-04-30,Sacramento,067,1510023,1147,1071,0,1071,43
2020-04-30,San Benito,069,59416,54,48,0,48,2
2020-04-30,San Bernardino,071,2135413,2672,2020,2,2022,96
2020-04-30,San Diego,073,3302833,4606,3566,0,3566,124
2020-04-30,San Francisco,075,870044,1851,1518,0,1518,26
2020-04-30,San Joaquin,077,732212,601,548,3,551,25
2020-04-30,San Luis Obispo,079,281455,264,182,3,185,1
2020-04-30,San Mateo,081,765935,1458,1194,2,1196,52
2020-04-30,Santa Barbara,083,443738,542,490,3,493,7
2020-04-30,Santa Clara,085,1922200,2656,2172,8,2180,111
2020-04-30,Santa Cruz,087,273765,143,126,0,126,2
2020-04-30,Shasta,089,179085,39,31,0,31,4
2020-04-30,Sierra,091,2930,0,0,0,0,0
2020-04-30,Siskiyou,093,43540,5,5,0,5,0
2020-04-30,Solano,095,438530,337,262,0,262,4
2020-04-30,Sonoma,097,501317,289,233,0,233,3
2020-04-30,Stanislaus,099,539301,466,378,4,382,7
2020-04-30,Sutter,101,95872,31,28,0,28,2
2020-04-30,Tehama,103,63373,1,1,0,1,1
2020-04-30,Trinity,105,12862,1,0,0,0,0
2020-04-30,Tulare,107,460477,1129,637,6,643,31
2020-04-30,Tuolumne,109,53932,3,3,0,3,0
2020-04-30,Ventura,111,848112,721,547,1,548,18
2020-04-30,Yolo,113,214977,189,164,0,164,16
2020-04-30,Yuba,115,75493,19,15,0,15,1
2020-04-29,Alameda,001,1643700,1927,1564,2,1566,60
2020-04-29,Alpine,003,1148,1,1,0,1,0
2020-04-29,Amador,005,37829,8,8,0,8,0
2020-04-29,Butte,007,227075,28,16,1,17,0
2020-04-29,Calaveras,009,45235,13,13,0,13,0
2020-04-29,Colusa,011,21464,3,3,0,3,0
2020-04-29,Contra Costa,013,1133247,1001,885,0,885,25
2020-04-29,Del Norte,015,27424,4,3,0,3,0
2020-04-29,El Dorado,017,186661,62,44,0,44,0
2020-04-29,Fresno,019,978130,1112,544,11,555,7
2020-04-29,Glenn,021,27897,7,4,0,4,0
2020-04-29,Humboldt,023,135768,60,53,0,53,0
2020-04-29,Imperial,025,180216,544,300,0,300,6
2020-04-29,Inyo,027,18085,19,20,0,20,1
2020-04-29,Kern,029,883053,1207,910,1,911,6
2020-04-29,Kings,031,150075,243,80,1,81,1
2020-04-29,Lake,033,64148,9,6,0,6,0
2020-04-29,Lassen,035,31185,3,0,2,2,0
2020-04-29,Los Angeles,037,10098052,29544,22560,15,22575,1043
2020-04-29,Madera,039,155013,86,45,1,46,2
2020-04-29,Marin,041,260295,250,234,1,235,13
2020-04-29,Mariposa,043,17540,15,1,0,1,0
2020-04-29,Mendocino,045,87422,12,11,0,11,0
2020-04-29,Merced,047,269075,193,116,0,116,3
2020-04-29,Modoc,049,8938,0,0,0,0,0
2020-04-29,Mono,051,14174,31,25,0,25,1
2020-04-29,Monterey,053,433212,266,204,0,204,5
2020-04-29,Napa,055,140530,81,68,0,68,2
2020-04-29,Nevada,057,99092,41,41,1,42,1
2020-04-29,Orange,059,3164182,3800,2421,26,2447,43
2020-04-29,Placer,061,380077,176,145,0,145,8
2020-04-29,Plumas,063,18699,4,4,0,4,0
2020-04-29,Riverside,065,2383286,4878,3700,15,3715,116
2020-04-29,Sacramento,067,1510023,1125,1055,0,1055,41
2020-04-29,San Benito,069,59416,54,48,0,48,2
2020-04-29,San Bernardino,071,2135413,2585,1975,1,1976,91
2020-04-29,San Diego,073,3302833,4464,3434,0,3434,120
2020-04-29,San Francisco,075,870044,1823,1489,0,1489,23
2020-04-29,San Joaquin,077,732212,593,540,3,543,25
2020-04-29,San Luis Obispo,079,281455,262,181,3,184,1
2020-04-29,San Mateo,081,765935,1432,1170,2,1172,50
2020-04-29,Santa Barbara,083,443738,529,477,3,480,7
2020-04-29,Santa Clara,085,1922200,2629,2147,8,2155,108
2020-04-29,Santa Cruz,087,273765,142,124,0,124,2
2020-04-29,Shasta,089,179085,38,31,0,31,4
2020-04-29,Sierra,091,2930,0,0,0,0,0
2020-04-29,Siskiyou,093,43540,5,5,0,5,0
2020-04-29,Solano,095,438530,313,252,0,252,3
2020-04-29,Sonoma,097,501317,281,230,0,230,2
2020-04-29,Stanislaus,099,539301,453,374,4,378,5
2020-04-29,Sutter,101,95872,31,28,0,28,2
2020-04-29,Tehama,103,63373,1,1,0,1,1
2020-04-29,Trinity,105,12862,1,0,0,0,0
2020-04-29,Tulare,107,460477,1056,615,5,620,30
2020-04-29,Tuolumne,109,53932,3,4,0,4,0
2020-04-29,Ventura,111,848112,697,530,1,531,18
2020-04-29,Yolo,113,214977,186,161,0,161,11
2020-04-29,Yuba,115,75493,19,15,0,15,1
2020-04-28,Alameda,001,1643700,1870,1525,2,1527,55
2020-04-28,Alpine,003,1148,1,1,0,1,0
2020-04-28,Amador,005,37829,8,8,0,8,0
2020-04-28,Butte,007,227075,28,16,1,17,0
2020-04-28,Calaveras,009,45235,13,13,0,13,0
2020-04-28,Colusa,011,21464,3,3,0,3,0
2020-04-28,Contra Costa,013,1133247,994,866,0,866,25
2020-04-28,Del Norte,015,27424,4,3,0,3,0
2020-04-28,El Dorado,017,186661,61,43,0,43,0
2020-04-28,Fresno,019,978130,1061,525,9,534,7
2020-04-28,Glenn,021,27897,5,4,0,4,0
2020-04-28,Humboldt,023,135768,59,53,0,53,0
2020-04-28,Imperial,025,180216,510,295,0,295,6
2020-04-28,Inyo,027,18085,19,20,0,20,1
2020-04-28,Kern,029,883053,1164,882,1,883,5
2020-04-28,Kings,031,150075,230,57,1,58,1
2020-04-28,Lake,033,64148,9,6,0,6,0
2020-04-28,Lassen,035,31185,3,0,2,2,0
2020-04-28,Los Angeles,037,10098052,28480,21029,15,21044,984
2020-04-28,Madera,039,155013,86,44,1,45,2
2020-04-28,Marin,041,260295,249,228,1,229,12
2020-04-28,Mariposa,043,17540,15,0,0,0,0
2020-04-28,Mendocino,045,87422,12,10,0,10,0
2020-04-28,Merced,047,269075,186,108,0,108,3
2020-04-28,Modoc,049,8938,0,0,0,0,0
2020-04-28,Mono,051,14174,31,25,0,25,1
2020-04-28,Monterey,053,433212,260,191,0,191,5
2020-04-28,Napa,055,140530,80,67,0,67,2
2020-04-28,Nevada,057,99092,41,41,1,42,1
2020-04-28,Orange,059,3164182,3637,2324,25,2349,42
2020-04-28,Placer,061,380077,166,143,0,143,8
2020-04-28,Plumas,063,18699,4,4,0,4,0
2020-04-28,Riverside,065,2383286,4783,3504,15,3519,113
2020-04-28,Sacramento,067,1510023,1110,1044,0,1044,41
2020-04-28,San Benito,069,59416,52,46,0,46,2
2020-04-28,San Bernardino,071,2135413,2508,1891,1,1892,89
2020-04-28,San Diego,073,3302833,4334,3316,0,3316,118
2020-04-28,San Francisco,075,870044,1788,1471,0,1471,23
2020-04-28,San Joaquin,077,732212,587,532,3,535,25
2020-04-28,San Luis Obispo,079,281455,255,172,3,175,1
2020-04-28,San Mateo,081,765935,1419,1129,2,1131,48
2020-04-28,Santa Barbara,083,443738,524,469,2,471,7
2020-04-28,Santa Clara,085,1922200,2595,2130,8,2138,106
2020-04-28,Santa Cruz,087,273765,142,123,0,123,2
2020-04-28,Shasta,089,179085,38,29,0,29,4
2020-04-28,Sierra,091,2930,0,0,0,0,0
2020-04-28,Siskiyou,093,43540,5,5,0,5,0
2020-04-28,Solano,095,438530,294,246,0,246,3
2020-04-28,Sonoma,097,501317,278,226,0,226,1
2020-04-28,Stanislaus,099,539301,437,330,4,334,5
2020-04-28,Sutter,101,95872,31,25,0,25,2
2020-04-28,Tehama,103,63373,1,1,0,1,1
2020-04-28,Trinity,105,12862,1,0,0,0,0
2020-04-28,Tulare,107,460477,960,579,5,584,30
2020-04-28,Tuolumne,109,53932,3,4,0,4,0
2020-04-28,Ventura,111,848112,677,517,1,518,17
2020-04-28,Yolo,113,214977,186,160,0,160,10
2020-04-28,Yuba,115,75493,19,15,0,15,1
2020-04-27,Alameda,001,1643700,1810,1494,2,1496,53
2020-04-27,Alpine,003,1148,1,1,0,1,0
2020-04-27,Amador,005,37829,8,8,0,8,0
2020-04-27,Butte,007,227075,27,16,1,17,0
2020-04-27,Calaveras,009,45235,13,13,0,13,0
2020-04-27,Colusa,011,21464,3,3,0,3,0
2020-04-27,Contra Costa,013,1133247,982,843,0,843,25
2020-04-27,Del Norte,015,27424,4,3,0,3,0
2020-04-27,El Dorado,017,186661,60,43,0,43,0
2020-04-27,Fresno,019,978130,958,504,8,512,7
2020-04-27,Glenn,021,27897,5,4,0,4,0
2020-04-27,Humboldt,023,135768,59,52,0,52,0
2020-04-27,Imperial,025,180216,480,290,0,290,6
2020-04-27,Inyo,027,18085,19,20,0,20,1
2020-04-27,Kern,029,883053,1125,865,1,866,4
2020-04-27,Kings,031,150075,207,48,1,49,1
2020-04-27,Lake,033,64148,8,6,0,6,0
2020-04-27,Lassen,035,31185,3,0,2,2,0
2020-04-27,Los Angeles,037,10098052,27461,20456,15,20471,931
2020-04-27,Madera,039,155013,84,42,1,43,2
2020-04-27,Marin,041,260295,244,227,1,228,12
2020-04-27,Mariposa,043,17540,14,0,0,0,0
2020-04-27,Mendocino,045,87422,12,10,0,10,0
2020-04-27,Merced,047,269075,183,108,0,108,3
2020-04-27,Modoc,049,8938,0,0,0,0,0
2020-04-27,Mono,051,14174,31,23,0,23,1
2020-04-27,Monterey,053,433212,253,185,0,185,4
2020-04-27,Napa,055,140530,77,64,0,64,2
2020-04-27,Nevada,057,99092,41,39,1,40,1
2020-04-27,Orange,059,3164182,3468,2198,25,2223,42
2020-04-27,Placer,061,380077,166,142,0,142,8
2020-04-27,Plumas,063,18699,4,4,0,4,0
2020-04-27,Riverside,065,2383286,4660,3381,15,3396,100
2020-04-27,Sacramento,067,1510023,1095,1035,0,1035,41
2020-04-27,San Benito,069,59416,50,45,0,45,2
2020-04-27,San Bernardino,071,2135413,2394,1742,1,1743,82
2020-04-27,San Diego,073,3302833,4208,3143,0,3143,113
2020-04-27,San Francisco,075,870044,1734,1453,0,1453,23
2020-04-27,San Joaquin,077,732212,581,522,3,525,25
2020-04-27,San Luis Obispo,079,281455,247,166,3,169,1
2020-04-27,San Mateo,081,765935,1397,1092,2,1094,46
2020-04-27,Santa Barbara,083,443738,516,466,2,468,7
2020-04-27,Santa Clara,085,1922200,2570,2104,7,2111,105
2020-04-27,Santa Cruz,087,273765,142,123,0,123,2
2020-04-27,Shasta,089,179085,38,29,0,29,4
2020-04-27,Sierra,091,2930,0,0,0,0,0
2020-04-27,Siskiyou,093,43540,5,5,0,5,0
2020-04-27,Solano,095,438530,294,222,0,222,3
2020-04-27,Sonoma,097,501317,269,220,0,220,1
2020-04-27,Stanislaus,099,539301,421,316,4,320,5
2020-04-27,Sutter,101,95872,29,26,0,26,2
2020-04-27,Tehama,103,63373,1,1,0,1,1
2020-04-27,Trinity,105,12862,1,0,0,0,0
2020-04-27,Tulare,107,460477,889,535,5,540,28
2020-04-27,Tuolumne,109,53932,3,3,0,3,0
2020-04-27,Ventura,111,848112,658,513,1,514,17
2020-04-27,Yolo,113,214977,183,160,0,160,9
2020-04-27,Yuba,115,75493,19,15,0,15,1
2020-04-26,Alameda,001,1643700,1749,1449,2,1451,52
2020-04-26,Alpine,003,1148,1,1,0,1,0
2020-04-26,Amador,005,37829,8,8,0,8,0
2020-04-26,Butte,007,227075,27,16,1,17,0
2020-04-26,Calaveras,009,45235,13,13,0,13,0
2020-04-26,Colusa,011,21464,3,3,0,3,0
2020-04-26,Contra Costa,013,1133247,966,830,0,830,25
2020-04-26,Del Norte,015,27424,3,3,0,3,0
2020-04-26,El Dorado,017,186661,58,41,0,41,0
2020-04-26,Fresno,019,978130,864,476,7,483,7
2020-04-26,Glenn,021,27897,5,4,0,4,0
2020-04-26,Humboldt,023,135768,59,53,0,53,0
2020-04-26,Imperial,025,180216,446,272,0,272,6
2020-04-26,Inyo,027,18085,19,20,0,20,1
2020-04-26,Kern,029,883053,1075,831,1,832,4
2020-04-26,Kings,031,150075,182,33,1,34,1
2020-04-26,Lake,033,64148,8,6,0,6,0
2020-04-26,Lassen,035,31185,3,0,2,2,0
2020-04-26,Los Angeles,037,10098052,26303,19570,15,19585,901
2020-04-26,Madera,039,155013,82,39,1,40,2
2020-04-26,Marin,041,260295,238,225,1,226,12
2020-04-26,Mariposa,043,17540,14,0,0,0,0
2020-04-26,Mendocino,045,87422,12,5,0,5,0
2020-04-26,Merced,047,269075,166,104,0,104,3
2020-04-26,Modoc,049,8938,0,0,0,0,0
2020-04-26,Mono,051,14174,31,23,0,23,1
2020-04-26,Monterey,053,433212,246,182,0,182,4
2020-04-26,Napa,055,140530,76,62,0,62,2
2020-04-26,Nevada,057,99092,41,37,1,38,1
2020-04-26,Orange,059,3164182,3303,2124,25,2149,40
2020-04-26,Placer,061,380077,165,141,0,141,8
2020-04-26,Plumas,063,18699,4,4,0,4,0
2020-04-26,Riverside,065,2383286,4517,3301,15,3316,95
2020-04-26,Sacramento,067,1510023,1086,1027,0,1027,41
2020-04-26,San Benito,069,59416,50,45,0,45,2
2020-04-26,San Bernardino,071,2135413,2298,1681,1,1682,82
2020-04-26,San Diego,073,3302833,4066,3045,0,3045,111
2020-04-26,San Francisco,075,870044,1695,1403,0,1403,23
2020-04-26,San Joaquin,077,732212,573,514,3,517,25
2020-04-26,San Luis Obispo,079,281455,244,165,3,168,1
2020-04-26,San Mateo,081,765935,1371,1070,2,1072,46
2020-04-26,Santa Barbara,083,443738,509,464,2,466,7
2020-04-26,Santa Clara,085,1922200,2547,2097,6,2103,102
2020-04-26,Santa Cruz,087,273765,142,116,0,116,2
2020-04-26,Shasta,089,179085,35,29,0,29,4
2020-04-26,Sierra,091,2930,0,0,0,0,0
2020-04-26,Siskiyou,093,43540,5,5,0,5,0
2020-04-26,Solano,095,438530,285,205,0,205,3
2020-04-26,Sonoma,097,501317,258,216,0,216,1
2020-04-26,Stanislaus,099,539301,406,294,4,298,4
2020-04-26,Sutter,101,95872,29,26,0,26,2
2020-04-26,Tehama,103,63373,1,1,0,1,1
2020-04-26,Trinity,105,12862,1,0,0,0,0
2020-04-26,Tulare,107,460477,830,497,5,502,28
2020-04-26,Tuolumne,109,53932,3,3,0,3,0
2020-04-26,Ventura,111,848112,640,509,1,510,17
2020-04-26,Yolo,113,214977,182,158,0,158,8
2020-04-26,Yuba,115,75493,18,15,0,15,1
2020-04-25,Alameda,001,1643700,1724,1396,2,1398,52
2020-04-25,Alpine,003,1148,1,1,0,1,0
2020-04-25,Amador,005,37829,8,8,0,8,0
2020-04-25,Butte,007,227075,26,16,1,17,0
2020-04-25,Calaveras,009,45235,13,12,0,12,0
2020-04-25,Colusa,011,21464,3,3,0,3,0
2020-04-25,Contra Costa,013,1133247,952,821,0,821,24
2020-04-25,Del Norte,015,27424,2,2,0,2,0
2020-04-25,El Dorado,017,186661,57,41,0,41,0
2020-04-25,Fresno,019,978130,832,459,6,465,7
2020-04-25,Glenn,021,27897,5,4,0,4,0
2020-04-25,Humboldt,023,135768,59,53,0,53,0
2020-04-25,Imperial,025,180216,429,232,0,232,6
2020-04-25,Inyo,027,18085,19,20,0,20,1
2020-04-25,Kern,029,883053,1044,802,1,803,4
2020-04-25,Kings,031,150075,170,33,1,34,1
2020-04-25,Lake,033,64148,6,6,0,6,0
2020-04-25,Lassen,035,31185,3,0,2,2,0
2020-04-25,Los Angeles,037,10098052,25670,19144,15,19159,881
2020-04-25,Madera,039,155013,79,39,1,40,2
2020-04-25,Marin,041,260295,238,215,1,216,12
2020-04-25,Mariposa,043,17540,14,0,0,0,0
2020-04-25,Mendocino,045,87422,11,5,0,5,0
2020-04-25,Merced,047,269075,166,103,0,103,3
2020-04-25,Modoc,049,8938,0,0,0,0,0
2020-04-25,Mono,051,14174,31,23,0,23,1
2020-04-25,Monterey,053,433212,244,173,0,173,4
2020-04-25,Napa,055,140530,76,60,0,60,2
2020-04-25,Nevada,057,99092,41,37,1,38,1
2020-04-25,Orange,059,3164182,3195,2047,25,2072,40
2020-04-25,Placer,061,380077,165,137,0,137,8
2020-04-25,Plumas,063,18699,4,4,0,4,0
2020-04-25,Riverside,065,2383286,4427,3037,15,3052,93
2020-04-25,Sacramento,067,1510023,1084,1015,0,1015,41
2020-04-25,San Benito,069,59416,50,45,0,45,2
2020-04-25,San Bernardino,071,2135413,2252,1675,1,1676,82
2020-04-25,San Diego,073,3302833,3965,2945,0,2945,111
2020-04-25,San Francisco,075,870044,1670,1341,0,1341,22
2020-04-25,San Joaquin,077,732212,566,497,3,500,24
2020-04-25,San Luis Obispo,079,281455,243,159,3,162,1
2020-04-25,San Mateo,081,765935,1353,1054,2,1056,46
2020-04-25,Santa Barbara,083,443738,502,457,2,459,7
2020-04-25,Santa Clara,085,1922200,2525,2045,5,2050,99
2020-04-25,Santa Cruz,087,273765,142,112,0,112,2
2020-04-25,Shasta,089,179085,35,29,0,29,4
2020-04-25,Sierra,091,2930,0,0,0,0,0
2020-04-25,Siskiyou,093,43540,5,5,0,5,0
2020-04-25,Solano,095,438530,281,203,0,203,3
2020-04-25,Sonoma,097,501317,254,199,0,199,1
2020-04-25,Stanislaus,099,539301,398,276,4,280,4
2020-04-25,Sutter,101,95872,29,24,0,24,2
2020-04-25,Tehama,103,63373,1,1,0,1,1
2020-04-25,Trinity,105,12862,0,0,0,0,0
2020-04-25,Tulare,107,460477,797,478,5,483,28
2020-04-25,Tuolumne,109,53932,3,2,0,2,0
2020-04-25,Ventura,111,848112,626,494,1,495,16
2020-04-25,Yolo,113,214977,182,157,0,157,8
2020-04-25,Yuba,115,75493,17,15,0,15,1
2020-04-24,Alameda,001,1643700,1693,1385,2,1387,50
2020-04-24,Alpine,003,1148,1,1,0,1,0
2020-04-24,Amador,005,37829,8,8,0,8,0
2020-04-24,Butte,007,227075,25,15,1,16,0
2020-04-24,Calaveras,009,45235,13,12,0,12,0
2020-04-24,Colusa,011,21464,3,3,0,3,0
2020-04-24,Contra Costa,013,1133247,943,806,0,806,23
2020-04-24,Del Norte,015,27424,2,2,0,2,0
2020-04-24,El Dorado,017,186661,56,41,0,41,0
2020-04-24,Fresno,019,978130,809,449,6,455,7
2020-04-24,Glenn,021,27897,5,4,0,4,0
2020-04-24,Humboldt,023,135768,59,53,0,53,0
2020-04-24,Imperial,025,180216,413,232,0,232,6
2020-04-24,Inyo,027,18085,19,20,0,20,0
2020-04-24,Kern,029,883053,1020,770,1,771,4
2020-04-24,Kings,031,150075,141,30,1,31,1
2020-04-24,Lake,033,64148,6,6,0,6,0
2020-04-24,Lassen,035,31185,3,0,2,2,0
2020-04-24,Los Angeles,037,10098052,24740,18553,15,18568,836
2020-04-24,Madera,039,155013,79,39,1,40,2
2020-04-24,Marin,041,260295,238,211,1,212,11
2020-04-24,Mariposa,043,17540,8,0,0,0,0
2020-04-24,Mendocino,045,87422,11,5,0,5,0
2020-04-24,Merced,047,269075,163,102,0,102,3
2020-04-24,Modoc,049,8938,0,0,0,0,0
2020-04-24,Mono,051,14174,30,23,0,23,1
2020-04-24,Monterey,053,433212,237,167,0,167,4
2020-04-24,Napa,055,140530,75,59,0,59,2
2020-04-24,Nevada,057,99092,41,36,1,37,1
2020-04-24,Orange,059,3164182,3088,1945,25,1970,39
2020-04-24,Placer,061,380077,163,137,0,137,8
2020-04-24,Plumas,063,18699,4,4,0,4,0
2020-04-24,Riverside,065,2383286,4346,3044,15,3059,87
2020-04-24,Sacramento,067,1510023,1078,1009,0,1009,41
2020-04-24,San Benito,069,59416,50,45,0,45,2
2020-04-24,San Bernardino,071,2135413,2217,1667,1,1668,80
2020-04-24,San Diego,073,3302833,3854,2828,0,2828,102
2020-04-24,San Francisco,075,870044,1612,1345,0,1345,22
2020-04-24,San Joaquin,077,732212,559,484,3,487,24
2020-04-24,San Luis Obispo,079,281455,240,151,3,154,1
2020-04-24,San Mateo,081,765935,1330,1004,2,1006,43
2020-04-24,Santa Barbara,083,443738,496,450,2,452,6
2020-04-24,Santa Clara,085,1922200,2483,2026,5,2031,98
2020-04-24,Santa Cruz,087,273765,138,111,0,111,2
2020-04-24,Shasta,089,179085,35,28,0,28,4
2020-04-24,Sierra,091,2930,0,0,0,0,0
2020-04-24,Siskiyou,093,43540,5,5,0,5,0
2020-04-24,Solano,095,438530,279,203,0,203,3
2020-04-24,Sonoma,097,501317,250,199,0,199,1
2020-04-24,Stanislaus,099,539301,395,273,4,277,4
2020-04-24,Sutter,101,95872,28,24,0,24,2
2020-04-24,Tehama,103,63373,1,1,0,1,1
2020-04-24,Trinity,105,12862,0,0,0,0,0
2020-04-24,Tulare,107,460477,769,459,5,464,27
2020-04-24,Tuolumne,109,53932,3,2,0,2,0
2020-04-24,Ventura,111,848112,616,489,1,490,16
2020-04-24,Yolo,113,214977,181,155,0,155,8
2020-04-24,Yuba,115,75493,16,15,0,15,1
2020-04-23,Alameda,001,1643700,1655,1336,2,1338,46
2020-04-23,Alpine,003,1148,1,1,0,1,0
2020-04-23,Amador,005,37829,8,8,0,8,0
2020-04-23,Butte,007,227075,25,15,1,16,0
2020-04-23,Calaveras,009,45235,13,12,0,12,0
2020-04-23,Colusa,011,21464,3,3,0,3,0
2020-04-23,Contra Costa,013,1133247,922,786,0,786,23
2020-04-23,Del Norte,015,27424,2,2,0,2,0
2020-04-23,El Dorado,017,186661,55,39,0,39,0
2020-04-23,Fresno,019,978130,771,426,6,432,7
2020-04-23,Glenn,021,27897,5,3,0,3,0
2020-04-23,Humboldt,023,135768,59,53,0,53,0
2020-04-23,Imperial,025,180216,392,181,0,181,4
2020-04-23,Inyo,027,18085,19,19,0,19,0
2020-04-23,Kern,029,883053,972,732,1,733,4
2020-04-23,Kings,031,150075,126,28,1,29,1
2020-04-23,Lake,033,64148,6,6,0,6,0
2020-04-23,Lassen,035,31185,3,0,2,2,0
2020-04-23,Los Angeles,037,10098052,23679,17548,14,17562,784
2020-04-23,Madera,039,155013,77,37,1,38,2
2020-04-23,Marin,041,260295,225,209,1,210,11
2020-04-23,Mariposa,043,17540,7,0,0,0,0
2020-04-23,Mendocino,045,87422,9,5,0,5,0
2020-04-23,Merced,047,269075,159,98,0,98,3
2020-04-23,Modoc,049,8938,0,0,0,0,0
2020-04-23,Mono,051,14174,30,23,0,23,1
2020-04-23,Monterey,053,433212,233,161,0,161,4
2020-04-23,Napa,055,140530,68,59,0,59,2
2020-04-23,Nevada,057,99092,41,36,1,37,1
2020-04-23,Orange,059,3164182,2909,1841,24,1865,37
2020-04-23,Placer,061,380077,160,136,0,136,8
2020-04-23,Plumas,063,18699,4,4,0,4,0
2020-04-23,Riverside,065,2383286,4232,2935,14,2949,78
2020-04-23,Sacramento,067,1510023,1066,978,0,978,41
2020-04-23,San Benito,069,59416,47,43,0,43,2
2020-04-23,San Bernardino,071,2135413,2152,1604,1,1605,79
2020-04-23,San Diego,073,3302833,3693,2645,0,2645,100
2020-04-23,San Francisco,075,870044,1587,1312,0,1312,21
2020-04-23,San Joaquin,077,732212,549,479,3,482,20
2020-04-23,San Luis Obispo,079,281455,236,146,3,149,1
2020-04-23,San Mateo,081,765935,1291,970,2,972,42
2020-04-23,Santa Barbara,083,443738,490,445,2,447,6
2020-04-23,Santa Clara,085,1922200,2448,1996,5,2001,95
2020-04-23,Santa Cruz,087,273765,137,110,0,110,2
2020-04-23,Shasta,089,179085,35,27,0,27,3
2020-04-23,Sierra,091,2930,0,0,0,0,0
2020-04-23,Siskiyou,093,43540,5,5,0,5,0
2020-04-23,Solano,095,438530,265,196,0,196,3
2020-04-23,Sonoma,097,501317,238,187,0,187,1
2020-04-23,Stanislaus,099,539301,391,254,4,258,4
2020-04-23,Sutter,101,95872,28,24,0,24,2
2020-04-23,Tehama,103,63373,1,1,0,1,1
2020-04-23,Trinity,105,12862,0,0,0,0,0
2020-04-23,Tulare,107,460477,740,440,5,445,25
2020-04-23,Tuolumne,109,53932,3,2,0,2,0
2020-04-23,Ventura,111,848112,602,479,1,480,16
2020-04-23,Yolo,113,214977,178,151,0,151,8
2020-04-23,Yuba,115,75493,16,15,0,15,1
2020-04-22,Alameda,001,1643700,1606,1275,2,1277,46
2020-04-22,Alpine,003,1148,1,1,0,1,0
2020-04-22,Amador,005,37829,8,7,0,7,0
2020-04-22,Butte,007,227075,24,15,1,16,0
2020-04-22,Calaveras,009,45235,13,12,0,12,0
2020-04-22,Colusa,011,21464,3,3,0,3,0
2020-04-22,Contra Costa,013,1133247,907,772,0,772,22
2020-04-22,Del Norte,015,27424,2,2,0,2,0
2020-04-22,El Dorado,017,186661,55,39,0,39,0
2020-04-22,Fresno,019,978130,731,388,6,394,7
2020-04-22,Glenn,021,27897,5,3,0,3,0
2020-04-22,Humboldt,023,135768,59,53,0,53,0
2020-04-22,Imperial,025,180216,381,170,0,170,3
2020-04-22,Inyo,027,18085,19,18,0,18,0
2020-04-22,Kern,029,883053,950,713,1,714,4
2020-04-22,Kings,031,150075,105,28,1,29,1
2020-04-22,Lake,033,64148,6,6,0,6,0
2020-04-22,Lassen,035,31185,3,0,2,2,0
2020-04-22,Los Angeles,037,10098052,22656,16400,14,16414,715
2020-04-22,Madera,039,155013,75,37,1,38,2
2020-04-22,Marin,041,260295,223,202,1,203,11
2020-04-22,Mariposa,043,17540,6,0,0,0,0
2020-04-22,Mendocino,045,87422,6,5,0,5,0
2020-04-22,Merced,047,269075,147,92,0,92,3
2020-04-22,Modoc,049,8938,0,0,0,0,0
2020-04-22,Mono,051,14174,29,23,0,23,1
2020-04-22,Monterey,053,433212,226,154,0,154,4
2020-04-22,Napa,055,140530,67,58,0,58,2
2020-04-22,Nevada,057,99092,41,36,1,37,1
2020-04-22,Orange,059,3164182,2815,1785,23,1808,36
2020-04-22,Placer,061,380077,158,133,0,133,8
2020-04-22,Plumas,063,18699,4,4,0,4,0
2020-04-22,Riverside,065,2383286,4128,2822,14,2836,76
2020-04-22,Sacramento,067,1510023,1061,959,0,959,36
2020-04-22,San Benito,069,59416,46,43,0,43,2
2020-04-22,San Bernardino,071,2135413,2089,1564,1,1565,74
2020-04-22,San Diego,073,3302833,3565,2493,0,2493,96
2020-04-22,San Francisco,075,870044,1550,1255,0,1255,21
2020-04-22,San Joaquin,077,732212,538,462,3,465,20
2020-04-22,San Luis Obispo,079,281455,227,142,3,145,1
2020-04-22,San Mateo,081,765935,1268,945,2,947,40
2020-04-22,Santa Barbara,083,443738,485,437,2,439,6
2020-04-22,Santa Clara,085,1922200,2432,1969,5,1974,95
2020-04-22,Santa Cruz,087,273765,133,106,0,106,2
2020-04-22,Shasta,089,179085,34,26,0,26,3
2020-04-22,Sierra,091,2930,0,0,0,0,0
2020-04-22,Siskiyou,093,43540,5,5,0,5,0
2020-04-22,Solano,095,438530,247,195,0,195,3
2020-04-22,Sonoma,097,501317,235,185,0,185,1
2020-04-22,Stanislaus,099,539301,334,247,4,251,4
2020-04-22,Sutter,101,95872,28,22,0,22,2
2020-04-22,Tehama,103,63373,1,1,0,1,1
2020-04-22,Trinity,105,12862,0,0,0,0,0
2020-04-22,Tulare,107,460477,706,425,5,430,23
2020-04-22,Tuolumne,109,53932,3,2,0,2,0
2020-04-22,Ventura,111,848112,591,465,1,466,15
2020-04-22,Yolo,113,214977,177,147,0,147,8
2020-04-22,Yuba,115,75493,16,15,0,15,1
2020-04-21,Alameda,001,1643700,1576,1234,2,1236,46
2020-04-21,Alpine,003,1148,1,1,0,1,0
2020-04-21,Amador,005,37829,8,7,0,7,0
2020-04-21,Butte,007,227075,23,15,1,16,0
2020-04-21,Calaveras,009,45235,12,12,0,12,0
2020-04-21,Colusa,011,21464,3,3,0,3,0
2020-04-21,Contra Costa,013,1133247,893,766,0,766,22
2020-04-21,Del Norte,015,27424,2,2,0,2,0
2020-04-21,El Dorado,017,186661,54,36,0,36,0
2020-04-21,Fresno,019,978130,697,372,6,378,7
2020-04-21,Glenn,021,27897,5,3,0,3,0
2020-04-21,Humboldt,023,135768,58,53,0,53,0
2020-04-21,Imperial,025,180216,361,165,0,165,2
2020-04-21,Inyo,027,18085,19,18,0,18,0
2020-04-21,Kern,029,883053,908,676,1,677,4
2020-04-21,Kings,031,150075,91,28,1,29,1
2020-04-21,Lake,033,64148,6,6,0,6,0
2020-04-21,Lassen,035,31185,3,0,2,2,0
2020-04-21,Los Angeles,037,10098052,21795,15096,14,15110,650
2020-04-21,Madera,039,155013,75,37,1,38,2
2020-04-21,Marin,041,260295,217,202,1,203,10
2020-04-21,Mariposa,043,17540,5,0,0,0,0
2020-04-21,Mendocino,045,87422,6,5,0,5,0
2020-04-21,Merced,047,269075,143,89,0,89,3
2020-04-21,Modoc,049,8938,0,0,0,0,0
2020-04-21,Mono,051,14174,29,23,0,23,1
2020-04-21,Monterey,053,433212,223,151,0,151,4
2020-04-21,Napa,055,140530,66,58,0,58,2
2020-04-21,Nevada,057,99092,41,36,1,37,1
2020-04-21,Orange,059,3164182,2692,1717,22,1739,36
2020-04-21,Placer,061,380077,156,133,0,133,8
2020-04-21,Plumas,063,18699,4,4,0,4,0
2020-04-21,Riverside,065,2383286,3996,2631,14,2645,68
2020-04-21,Sacramento,067,1510023,1051,941,0,941,33
2020-04-21,San Benito,069,59416,44,43,0,43,2
2020-04-21,San Bernardino,071,2135413,2029,1499,1,1500,71
2020-04-21,San Diego,073,3302833,3409,2436,0,2436,87
2020-04-21,San Francisco,075,870044,1520,1232,0,1232,20
2020-04-21,San Joaquin,077,732212,528,447,3,450,20
2020-04-21,San Luis Obispo,079,281455,219,134,3,137,1
2020-04-21,San Mateo,081,765935,1222,933,2,935,34
2020-04-21,Santa Barbara,083,443738,476,414,2,416,5
2020-04-21,Santa Clara,085,1922200,2382,1943,5,1948,91
2020-04-21,Santa Cruz,087,273765,131,104,0,104,2
2020-04-21,Shasta,089,179085,33,26,0,26,3
2020-04-21,Sierra,091,2930,0,0,0,0,0
2020-04-21,Siskiyou,093,43540,5,5,0,5,0
2020-04-21,Solano,095,438530,239,193,0,193,3
2020-04-21,Sonoma,097,501317,225,182,0,182,1
2020-04-21,Stanislaus,099,539301,315,235,4,239,4
2020-04-21,Sutter,101,95872,28,22,0,22,2
2020-04-21,Tehama,103,63373,1,1,0,1,1
2020-04-21,Trinity,105,12862,0,0,0,0,0
2020-04-21,Tulare,107,460477,669,410,5,415,23
2020-04-21,Tuolumne,109,53932,3,2,0,2,0
2020-04-21,Ventura,111,848112,579,455,1,456,14
2020-04-21,Yolo,113,214977,175,143,0,143,8
2020-04-21,Yuba,115,75493,16,15,0,15,1
2020-04-20,Alameda,001,1643700,1543,1181,2,1183,42
2020-04-20,Alpine,003,1148,1,1,0,1,0
2020-04-20,Amador,005,37829,8,7,0,7,0
2020-04-20,Butte,007,227075,23,15,1,16,0
2020-04-20,Calaveras,009,45235,12,12,0,12,0
2020-04-20,Colusa,011,21464,3,3,0,3,0
2020-04-20,Contra Costa,013,1133247,883,753,0,753,22
2020-04-20,Del Norte,015,27424,2,2,0,2,0
2020-04-20,El Dorado,017,186661,54,36,0,36,0
2020-04-20,Fresno,019,978130,679,356,6,362,7
2020-04-20,Glenn,021,27897,4,3,0,3,0
2020-04-20,Humboldt,023,135768,58,53,0,53,0
2020-04-20,Imperial,025,180216,342,149,0,149,2
2020-04-20,Inyo,027,18085,19,17,0,17,0
2020-04-20,Kern,029,883053,876,651,1,652,3
2020-04-20,Kings,031,150075,80,19,1,20,1
2020-04-20,Lake,033,64148,6,6,0,6,0
2020-04-20,Lassen,035,31185,3,0,2,2,0
2020-04-20,Los Angeles,037,10098052,20880,13787,14,13801,608
2020-04-20,Madera,039,155013,74,35,1,36,2
2020-04-20,Marin,041,260295,213,200,1,201,10
2020-04-20,Mariposa,043,17540,5,0,0,0,0
2020-04-20,Mendocino,045,87422,6,5,0,5,0
2020-04-20,Merced,047,269075,136,88,0,88,3
2020-04-20,Modoc,049,8938,0,0,0,0,0
2020-04-20,Mono,051,14174,29,23,0,23,1
2020-04-20,Monterey,053,433212,214,147,0,147,4
2020-04-20,Napa,055,140530,66,55,0,55,2
2020-04-20,Nevada,057,99092,41,34,1,35,1
2020-04-20,Orange,059,3164182,2608,1679,22,1701,33
2020-04-20,Placer,061,380077,155,132,0,132,8
2020-04-20,Plumas,063,18699,4,4,0,4,0
2020-04-20,Riverside,065,2383286,3871,2477,14,2491,61
2020-04-20,Sacramento,067,1510023,1041,924,0,924,32
2020-04-20,San Benito,069,59416,44,43,0,43,2
2020-04-20,San Bernardino,071,2135413,1942,1344,1,1345,63
2020-04-20,San Diego,073,3302833,3267,2327,0,2327,72
2020-04-20,San Francisco,075,870044,1488,1223,0,1223,19
2020-04-20,San Joaquin,077,732212,524,422,3,425,17
2020-04-20,San Luis Obispo,079,281455,205,132,3,135,1
2020-04-20,San Mateo,081,765935,1199,890,2,892,31
2020-04-20,Santa Barbara,083,443738,469,388,2,390,4
2020-04-20,Santa Clara,085,1922200,2351,1920,5,1925,84
2020-04-20,Santa Cruz,087,273765,129,102,0,102,2
2020-04-20,Shasta,089,179085,33,26,0,26,3
2020-04-20,Sierra,091,2930,0,0,0,0,0
2020-04-20,Siskiyou,093,43540,5,5,0,5,0
2020-04-20,Solano,095,438530,236,185,0,185,2
2020-04-20,Sonoma,097,501317,217,178,0,178,1
2020-04-20,Stanislaus,099,539301,301,228,4,232,3
2020-04-20,Sutter,101,95872,27,22,0,22,2
2020-04-20,Tehama,103,63373,1,1,0,1,1
2020-04-20,Trinity,105,12862,0,0,0,0,0
2020-04-20,Tulare,107,460477,659,401,5,406,20
2020-04-20,Tuolumne,109,53932,3,2,0,2,0
2020-04-20,Ventura,111,848112,565,426,1,427,13
2020-04-20,Yolo,113,214977,174,125,0,125,5
2020-04-20,Yuba,115,75493,16,15,0,15,1
2020-04-19,Alameda,001,1643700,1493,1134,2,1136,41
2020-04-19,Alpine,003,1148,1,1,0,1,0
2020-04-19,Amador,005,37829,7,7,0,7,0
2020-04-19,Butte,007,227075,22,15,1,16,0
2020-04-19,Calaveras,009,45235,12,12,0,12,0
2020-04-19,Colusa,011,21464,3,3,0,3,0
2020-04-19,Contra Costa,013,1133247,867,731,0,731,20
2020-04-19,Del Norte,015,27424,2,2,0,2,0
2020-04-19,El Dorado,017,186661,54,36,0,36,0
2020-04-19,Fresno,019,978130,643,326,6,332,7
2020-04-19,Glenn,021,27897,4,3,0,3,0
2020-04-19,Humboldt,023,135768,58,53,0,53,0
2020-04-19,Imperial,025,180216,316,144,0,144,2
2020-04-19,Inyo,027,18085,19,17,0,17,0
2020-04-19,Kern,029,883053,851,629,1,630,3
2020-04-19,Kings,031,150075,70,17,1,18,1
2020-04-19,Lake,033,64148,6,6,0,6,0
2020-04-19,Lassen,035,31185,3,0,2,2,0
2020-04-19,Los Angeles,037,10098052,19875,12299,14,12313,589
2020-04-19,Madera,039,155013,72,34,1,35,2
2020-04-19,Marin,041,260295,212,194,1,195,10
2020-04-19,Mariposa,043,17540,2,0,0,0,0
2020-04-19,Mendocino,045,87422,6,4,0,4,0
2020-04-19,Merced,047,269075,131,85,0,85,3
2020-04-19,Modoc,049,8938,0,0,0,0,0
2020-04-19,Mono,051,14174,29,23,0,23,1
2020-04-19,Monterey,053,433212,205,140,0,140,4
2020-04-19,Napa,055,140530,64,49,0,49,2
2020-04-19,Nevada,057,99092,40,34,1,35,1
2020-04-19,Orange,059,3164182,2511,1591,21,1612,32
2020-04-19,Placer,061,380077,154,131,0,131,8
2020-04-19,Plumas,063,18699,4,4,0,4,0
2020-04-19,Riverside,065,2383286,3728,2316,14,2330,56
2020-04-19,Sacramento,067,1510023,1014,912,0,912,32
2020-04-19,San Benito,069,59416,42,40,0,40,2
2020-04-19,San Bernardino,071,2135413,1879,1262,1,1263,58
2020-04-19,San Diego,073,3302833,3100,2270,0,2270,71
2020-04-19,San Francisco,075,870044,1455,1153,0,1153,19
2020-04-19,San Joaquin,077,732212,506,404,3,407,17
2020-04-19,San Luis Obispo,079,281455,200,132,3,135,1
2020-04-19,San Mateo,081,765935,1163,845,2,847,31
2020-04-19,Santa Barbara,083,443738,462,377,2,379,3
2020-04-19,Santa Clara,085,1922200,2306,1878,5,1883,81
2020-04-19,Santa Cruz,087,273765,126,98,0,98,2
2020-04-19,Shasta,089,179085,31,26,0,26,3
2020-04-19,Sierra,091,2930,0,0,0,0,0
2020-04-19,Siskiyou,093,43540,5,5,0,5,0
2020-04-19,Solano,095,438530,228,174,0,174,2
2020-04-19,Sonoma,097,501317,211,172,0,172,1
2020-04-19,Stanislaus,099,539301,293,221,4,225,3
2020-04-19,Sutter,101,95872,26,21,0,21,2
2020-04-19,Tehama,103,63373,1,1,0,1,1
2020-04-19,Trinity,105,12862,0,0,0,0,0
2020-04-19,Tulare,107,460477,613,391,5,396,17
2020-04-19,Tuolumne,109,53932,3,2,0,2,0
2020-04-19,Ventura,111,848112,557,418,1,419,13
2020-04-19,Yolo,113,214977,174,120,0,120,5
2020-04-19,Yuba,115,75493,16,15,0,15,1
2020-04-18,Alameda,001,1643700,1468,1085,2,1087,40
2020-04-18,Alpine,003,1148,1,1,0,1,0
2020-04-18,Amador,005,37829,7,7,0,7,0
2020-04-18,Butte,007,227075,21,15,1,16,0
2020-04-18,Calaveras,009,45235,12,12,0,12,0
2020-04-18,Colusa,011,21464,3,3,0,3,0
2020-04-18,Contra Costa,013,1133247,855,721,0,721,17
2020-04-18,Del Norte,015,27424,2,2,0,2,0
2020-04-18,El Dorado,017,186661,54,36,0,36,0
2020-04-18,Fresno,019,978130,623,319,6,325,7
2020-04-18,Glenn,021,27897,4,3,0,3,0
2020-04-18,Humboldt,023,135768,58,52,0,52,0
2020-04-18,Imperial,025,180216,307,137,0,137,2
2020-04-18,Inyo,027,18085,19,17,0,17,0
2020-04-18,Kern,029,883053,829,626,1,627,3
2020-04-18,Kings,031,150075,69,17,1,18,1
2020-04-18,Lake,033,64148,6,6,0,6,0
2020-04-18,Lassen,035,31185,3,0,2,2,0
2020-04-18,Los Angeles,037,10098052,19345,11984,14,11998,566
2020-04-18,Madera,039,155013,71,34,1,35,2
2020-04-18,Marin,041,260295,210,193,1,194,10
2020-04-18,Mariposa,043,17540,2,0,0,0,0
2020-04-18,Mendocino,045,87422,6,4,0,4,0
2020-04-18,Merced,047,269075,129,82,0,82,3
2020-04-18,Modoc,049,8938,0,0,0,0,0
2020-04-18,Mono,051,14174,29,22,0,22,1
2020-04-18,Monterey,053,433212,201,135,0,135,3
2020-04-18,Napa,055,140530,64,49,0,49,2
2020-04-18,Nevada,057,99092,39,34,1,35,1
2020-04-18,Orange,059,3164182,2447,1569,20,1589,32
2020-04-18,Placer,061,380077,152,130,0,130,8
2020-04-18,Plumas,063,18699,4,4,0,4,0
2020-04-18,Riverside,065,2383286,3653,2257,14,2271,56
2020-04-18,Sacramento,067,1510023,1002,901,0,901,32
2020-04-18,San Benito,069,59416,42,40,0,40,2
2020-04-18,San Bernardino,071,2135413,1834,1255,1,1256,58
2020-04-18,San Diego,073,3302833,2998,2215,0,2215,71
2020-04-18,San Francisco,075,870044,1416,1144,0,1144,19
2020-04-18,San Joaquin,077,732212,497,392,3,395,17
2020-04-18,San Luis Obispo,079,281455,196,129,3,132,1
2020-04-18,San Mateo,081,765935,1141,821,2,823,31
2020-04-18,Santa Barbara,083,443738,456,372,2,374,3
2020-04-18,Santa Clara,085,1922200,2273,1862,5,1867,79
2020-04-18,Santa Cruz,087,273765,124,96,0,96,2
2020-04-18,Shasta,089,179085,31,26,0,26,3
2020-04-18,Sierra,091,2930,0,0,0,0,0
2020-04-18,Siskiyou,093,43540,5,5,0,5,0
2020-04-18,Solano,095,438530,225,175,0,175,2
2020-04-18,Sonoma,097,501317,207,168,0,168,1
2020-04-18,Stanislaus,099,539301,285,216,4,220,3
2020-04-18,Sutter,101,95872,26,21,0,21,2
2020-04-18,Tehama,103,63373,1,1,0,1,1
2020-04-18,Trinity,105,12862,0,0,0,0,0
2020-04-18,Tulare,107,460477,602,385,5,390,17
2020-04-18,Tuolumne,109,53932,3,2,0,2,0
2020-04-18,Ventura,111,848112,549,416,1,417,13
2020-04-18,Yolo,113,214977,172,118,0,118,5
2020-04-18,Yuba,115,75493,16,14,0,14,1
2020-04-17,Alameda,001,1643700,1413,1043,1,1044,40
2020-04-17,Alpine,003,1148,1,1,0,1,0
2020-04-17,Amador,005,37829,7,7,0,7,0
2020-04-17,Butte,007,227075,21,15,1,16,0
2020-04-17,Calaveras,009,45235,12,11,0,11,0
2020-04-17,Colusa,011,21464,3,3,0,3,0
2020-04-17,Contra Costa,013,1133247,844,687,0,687,15
2020-04-17,Del Norte,015,27424,2,2,0,2,0
2020-04-17,El Dorado,017,186661,54,35,0,35,0
2020-04-17,Fresno,019,978130,601,315,6,321,7
2020-04-17,Glenn,021,27897,4,3,0,3,0
2020-04-17,Humboldt,023,135768,57,52,0,52,0
2020-04-17,Imperial,025,180216,298,135,0,135,2
2020-04-17,Inyo,027,18085,19,17,0,17,0
2020-04-17,Kern,029,883053,809,612,1,613,3
2020-04-17,Kings,031,150075,67,15,1,16,1
2020-04-17,Lake,033,64148,6,6,0,6,0
2020-04-17,Lassen,035,31185,3,0,2,2,0
2020-04-17,Los Angeles,037,10098052,18706,11354,14,11368,489
2020-04-17,Madera,039,155013,71,34,1,35,2
2020-04-17,Marin,041,260295,207,189,1,190,10
2020-04-17,Mariposa,043,17540,1,0,0,0,0
2020-04-17,Mendocino,045,87422,6,4,0,4,0
2020-04-17,Merced,047,269075,128,80,0,80,3
2020-04-17,Modoc,049,8938,0,0,0,0,0
2020-04-17,Mono,051,14174,29,22,0,22,1
2020-04-17,Monterey,053,433212,196,119,0,119,3
2020-04-17,Napa,055,140530,62,46,0,46,2
2020-04-17,Nevada,057,99092,38,34,1,35,1
2020-04-17,Orange,059,3164182,2396,1496,20,1516,31
2020-04-17,Placer,061,380077,152,130,0,130,8
2020-04-17,Plumas,063,18699,4,4,0,4,0
2020-04-17,Riverside,065,2383286,3526,2080,14,2094,50
2020-04-17,Sacramento,067,1510023,995,882,0,882,32
2020-04-17,San Benito,069,59416,42,38,0,38,2
2020-04-17,San Bernardino,071,2135413,1795,1229,1,1230,57
2020-04-17,San Diego,073,3302833,2908,2160,0,2160,70
2020-04-17,San Francisco,075,870044,1391,1090,0,1090,19
2020-04-17,San Joaquin,077,732212,486,356,3,359,17
2020-04-17,San Luis Obispo,079,281455,189,116,3,119,1
2020-04-17,San Mateo,081,765935,1125,768,2,770,31
2020-04-17,Santa Barbara,083,443738,451,349,2,351,3
2020-04-17,Santa Clara,085,1922200,2237,1834,5,1839,74
2020-04-17,Santa Cruz,087,273765,123,94,0,94,2
2020-04-17,Shasta,089,179085,31,26,0,26,3
2020-04-17,Sierra,091,2930,0,0,0,0,0
2020-04-17,Siskiyou,093,43540,5,5,0,5,0
2020-04-17,Solano,095,438530,224,173,0,173,2
2020-04-17,Sonoma,097,501317,204,167,0,167,1
2020-04-17,Stanislaus,099,539301,283,201,4,205,3
2020-04-17,Sutter,101,95872,26,20,0,20,2
2020-04-17,Tehama,103,63373,1,1,0,1,1
2020-04-17,Trinity,105,12862,0,0,0,0,0
2020-04-17,Tulare,107,460477,595,370,5,375,17
2020-04-17,Tuolumne,109,53932,3,2,0,2,0
2020-04-17,Ventura,111,848112,544,398,1,399,13
2020-04-17,Yolo,113,214977,171,117,0,117,5
2020-04-17,Yuba,115,75493,16,14,0,14,1
2020-04-16,Alameda,001,1643700,1379,981,1,982,39
2020-04-16,Alpine,003,1148,1,1,0,1,0
2020-04-16,Amador,005,37829,7,7,0,7,0
2020-04-16,Butte,007,227075,20,15,1,16,0
2020-04-16,Calaveras,009,45235,12,10,0,10,0
2020-04-16,Colusa,011,21464,3,3,0,3,0
2020-04-16,Contra Costa,013,1133247,830,675,0,675,14
2020-04-16,Del Norte,015,27424,2,2,0,2,0
2020-04-16,El Dorado,017,186661,53,34,0,34,0
2020-04-16,Fresno,019,978130,571,289,6,295,7
2020-04-16,Glenn,021,27897,4,3,0,3,0
2020-04-16,Humboldt,023,135768,57,47,0,47,0
2020-04-16,Imperial,025,180216,283,132,0,132,2
2020-04-16,Inyo,027,18085,17,17,0,17,0
2020-04-16,Kern,029,883053,782,587,1,588,3
2020-04-16,Kings,031,150075,63,12,1,13,1
2020-04-16,Lake,033,64148,6,6,0,6,0
2020-04-16,Lassen,035,31185,3,0,2,2,0
2020-04-16,Los Angeles,037,10098052,17814,10786,14,10800,447
2020-04-16,Madera,039,155013,69,34,1,35,2
2020-04-16,Marin,041,260295,203,170,1,171,10
2020-04-16,Mariposa,043,17540,1,1,0,1,0
2020-04-16,Mendocino,045,87422,6,4,0,4,0
2020-04-16,Merced,047,269075,122,76,0,76,3
2020-04-16,Modoc,049,8938,0,0,0,0,0
2020-04-16,Mono,051,14174,29,22,0,22,1
2020-04-16,Monterey,053,433212,193,116,0,116,3
2020-04-16,Napa,055,140530,59,44,0,44,2
2020-04-16,Nevada,057,99092,38,34,1,35,1
2020-04-16,Orange,059,3164182,2331,1439,19,1458,28
2020-04-16,Placer,061,380077,150,129,0,129,7
2020-04-16,Plumas,063,18699,4,4,0,4,0
2020-04-16,Riverside,065,2383286,3406,1913,14,1927,45
2020-04-16,Sacramento,067,1510023,987,865,0,865,32
2020-04-16,San Benito,069,59416,42,36,0,36,2
2020-04-16,San Bernardino,071,2135413,1714,1143,0,1143,54
2020-04-16,San Diego,073,3302833,2800,2089,0,2089,63
2020-04-16,San Francisco,075,870044,1347,1039,0,1039,16
2020-04-16,San Joaquin,077,732212,471,345,3,348,17
2020-04-16,San Luis Obispo,079,281455,185,113,3,116,1
2020-04-16,San Mateo,081,765935,1096,745,2,747,29
2020-04-16,Santa Barbara,083,443738,440,331,2,333,3
2020-04-16,Santa Clara,085,1922200,2200,1789,5,1794,70
2020-04-16,Santa Cruz,087,273765,121,90,0,90,2
2020-04-16,Shasta,089,179085,31,25,0,25,3
2020-04-16,Sierra,091,2930,0,0,0,0,0
2020-04-16,Siskiyou,093,43540,5,5,0,5,0
2020-04-16,Solano,095,438530,221,162,0,162,2
2020-04-16,Sonoma,097,501317,199,145,0,145,1
2020-04-16,Stanislaus,099,539301,280,185,4,189,3
2020-04-16,Sutter,101,95872,25,21,0,21,2
2020-04-16,Tehama,103,63373,1,1,0,1,1
2020-04-16,Trinity,105,12862,0,0,0,0,0
2020-04-16,Tulare,107,460477,578,305,5,310,16
2020-04-16,Tuolumne,109,53932,3,1,0,1,0
2020-04-16,Ventura,111,848112,532,384,1,385,13
2020-04-16,Yolo,113,214977,169,98,0,98,4
2020-04-16,Yuba,115,75493,15,14,0,14,1
2020-04-15,Alameda,001,1643700,1329,915,1,916,38
2020-04-15,Alpine,003,1148,1,1,0,1,0
2020-04-15,Amador,005,37829,7,7,0,7,0
2020-04-15,Butte,007,227075,20,14,1,15,0
2020-04-15,Calaveras,009,45235,11,9,0,9,0
2020-04-15,Colusa,011,21464,3,3,0,3,0
2020-04-15,Contra Costa,013,1133247,808,645,0,645,14
2020-04-15,Del Norte,015,27424,2,2,0,2,0
2020-04-15,El Dorado,017,186661,51,33,0,33,0
2020-04-15,Fresno,019,978130,545,264,6,270,7
2020-04-15,Glenn,021,27897,4,3,0,3,0
2020-04-15,Humboldt,023,135768,57,47,0,47,0
2020-04-15,Imperial,025,180216,257,115,0,115,2
2020-04-15,Inyo,027,18085,17,12,0,12,0
2020-04-15,Kern,029,883053,760,500,1,501,3
2020-04-15,Kings,031,150075,59,12,1,13,1
2020-04-15,Lake,033,64148,6,4,0,4,0
2020-04-15,Lassen,035,31185,3,0,2,2,0
2020-04-15,Los Angeles,037,10098052,16990,10416,14,10430,394
2020-04-15,Madera,039,155013,69,30,1,31,2
2020-04-15,Marin,041,260295,200,162,1,163,10
2020-04-15,Mariposa,043,17540,0,0,0,0,0
2020-04-15,Mendocino,045,87422,5,4,0,4,0
2020-04-15,Merced,047,269075,120,74,0,74,3
2020-04-15,Modoc,049,8938,0,0,0,0,0
2020-04-15,Mono,051,14174,29,22,0,22,1
2020-04-15,Monterey,053,433212,185,106,0,106,3
2020-04-15,Napa,055,140530,56,34,0,34,2
2020-04-15,Nevada,057,99092,37,34,1,35,1
2020-04-15,Orange,059,3164182,2228,1377,19,1396,24
2020-04-15,Placer,061,380077,149,123,0,123,6
2020-04-15,Plumas,063,18699,4,4,0,4,0
2020-04-15,Riverside,065,2383286,3211,1723,14,1737,42
2020-04-15,Sacramento,067,1510023,978,839,0,839,32
2020-04-15,San Benito,069,59416,42,34,0,34,2
2020-04-15,San Bernardino,071,2135413,1644,1063,0,1063,45
2020-04-15,San Diego,073,3302833,2712,2014,0,2014,60
2020-04-15,San Francisco,075,870044,1311,1006,0,1006,16
2020-04-15,San Joaquin,077,732212,463,329,3,332,17
2020-04-15,San Luis Obispo,079,281455,177,112,3,115,1
2020-04-15,San Mateo,081,765935,1047,707,2,709,28
2020-04-15,Santa Barbara,083,443738,424,317,2,319,2
2020-04-15,Santa Clara,085,1922200,2161,1692,5,1697,69
2020-04-15,Santa Cruz,087,273765,117,92,0,92,2
2020-04-15,Shasta,089,179085,31,25,0,25,3
2020-04-15,Sierra,091,2930,0,0,0,0,0
2020-04-15,Siskiyou,093,43540,5,5,0,5,0
2020-04-15,Solano,095,438530,216,153,0,153,2
2020-04-15,Sonoma,097,501317,197,140,0,140,1
2020-04-15,Stanislaus,099,539301,273,174,4,178,3
2020-04-15,Sutter,101,95872,25,19,0,19,2
2020-04-15,Tehama,103,63373,1,1,0,1,1
2020-04-15,Trinity,105,12862,0,0,0,0,0
2020-04-15,Tulare,107,460477,560,289,5,294,14
2020-04-15,Tuolumne,109,53932,3,1,0,1,0
2020-04-15,Ventura,111,848112,517,365,1,366,13
2020-04-15,Yolo,113,214977,162,93,0,93,3
2020-04-15,Yuba,115,75493,15,15,0,15,1
2020-04-14,Alameda,001,1643700,1284,843,1,844,30
2020-04-14,Alpine,003,1148,1,1,0,1,0
2020-04-14,Amador,005,37829,7,6,0,6,0
2020-04-14,Butte,007,227075,20,13,1,14,0
2020-04-14,Calaveras,009,45235,11,5,0,5,0
2020-04-14,Colusa,011,21464,3,3,0,3,0
2020-04-14,Contra Costa,013,1133247,796,617,0,617,12
2020-04-14,Del Norte,015,27424,2,2,0,2,0
2020-04-14,El Dorado,017,186661,51,30,0,30,0
2020-04-14,Fresno,019,978130,522,244,6,250,6
2020-04-14,Glenn,021,27897,4,3,0,3,0
2020-04-14,Humboldt,023,135768,57,44,0,44,0
2020-04-14,Imperial,025,180216,237,86,0,86,2
2020-04-14,Inyo,027,18085,17,12,0,12,0
2020-04-14,Kern,029,883053,736,453,1,454,3
2020-04-14,Kings,031,150075,58,12,1,13,1
2020-04-14,Lake,033,64148,6,3,0,3,0
2020-04-14,Lassen,035,31185,3,0,2,2,0
2020-04-14,Los Angeles,037,10098052,16095,9948,13,9961,357
2020-04-14,Madera,039,155013,68,29,1,30,2
2020-04-14,Marin,041,260295,196,147,1,148,9
2020-04-14,Mariposa,043,17540,0,0,0,0,0
2020-04-14,Mendocino,045,87422,5,4,0,4,0
2020-04-14,Merced,047,269075,113,61,0,61,3
2020-04-14,Modoc,049,8938,0,0,0,0,0
2020-04-14,Mono,051,14174,29,22,0,22,1
2020-04-14,Monterey,053,433212,180,98,0,98,3
2020-04-14,Napa,055,140530,56,33,0,33,2
2020-04-14,Nevada,057,99092,37,34,1,35,1
2020-04-14,Orange,059,3164182,2126,1362,19,1381,24
2020-04-14,Placer,061,380077,148,117,0,117,5
2020-04-14,Plumas,063,18699,4,3,0,3,0
2020-04-14,Riverside,065,2383286,3076,1467,14,1481,40
2020-04-14,Sacramento,067,1510023,969,737,0,737,29
2020-04-14,San Benito,069,59416,39,34,0,34,2
2020-04-14,San Bernardino,071,2135413,1589,933,0,933,37
2020-04-14,San Diego,073,3302833,2617,1932,0,1932,53
2020-04-14,San Francisco,075,870044,1257,968,0,968,14
2020-04-14,San Joaquin,077,732212,453,280,3,283,17
2020-04-14,San Luis Obispo,079,281455,174,109,3,112,1
2020-04-14,San Mateo,081,765935,1013,681,2,683,28
2020-04-14,Santa Barbara,083,443738,400,292,2,294,2
2020-04-14,Santa Clara,085,1922200,2128,1561,5,1566,63
2020-04-14,Santa Cruz,087,273765,109,84,0,84,2
2020-04-14,Shasta,089,179085,31,24,0,24,3
2020-04-14,Sierra,091,2930,0,0,0,0,0
2020-04-14,Siskiyou,093,43540,5,5,0,5,0
2020-04-14,Solano,095,438530,213,140,0,140,2
2020-04-14,Sonoma,097,501317,193,133,0,133,1
2020-04-14,Stanislaus,099,539301,260,136,4,140,3
2020-04-14,Sutter,101,95872,24,19,0,19,2
2020-04-14,Tehama,103,63373,1,1,0,1,1
2020-04-14,Trinity,105,12862,0,0,0,0,0
2020-04-14,Tulare,107,460477,536,228,5,233,12
2020-04-14,Tuolumne,109,53932,3,0,0,0,0
2020-04-14,Ventura,111,848112,504,328,1,329,11
2020-04-14,Yolo,113,214977,159,81,0,81,3
2020-04-14,Yuba,115,75493,14,14,0,14,1
2020-04-13,Alameda,001,1643700,1245,821,1,822,23
2020-04-13,Alpine,003,1148,1,1,0,1,0
2020-04-13,Amador,005,37829,7,6,0,6,0
2020-04-13,Butte,007,227075,19,13,1,14,0
2020-04-13,Calaveras,009,45235,10,5,0,5,0
2020-04-13,Colusa,011,21464,3,3,0,3,0
2020-04-13,Contra Costa,013,1133247,780,569,0,569,12
2020-04-13,Del Norte,015,27424,2,2,0,2,0
2020-04-13,El Dorado,017,186661,49,29,0,29,0
2020-04-13,Fresno,019,978130,500,205,5,210,4
2020-04-13,Glenn,021,27897,4,3,0,3,0
2020-04-13,Humboldt,023,135768,57,44,0,44,0
2020-04-13,Imperial,025,180216,219,82,0,82,2
2020-04-13,Inyo,027,18085,17,12,0,12,0
2020-04-13,Kern,029,883053,711,346,1,347,3
2020-04-13,Kings,031,150075,54,9,1,10,0
2020-04-13,Lake,033,64148,6,3,0,3,0
2020-04-13,Lassen,035,31185,3,0,2,2,0
2020-04-13,Los Angeles,037,10098052,15377,9367,13,9380,317
2020-04-13,Madera,039,155013,66,29,1,30,2
2020-04-13,Marin,041,260295,192,144,1,145,6
2020-04-13,Mariposa,043,17540,0,0,0,0,0
2020-04-13,Mendocino,045,87422,5,4,0,4,0
2020-04-13,Merced,047,269075,112,60,0,60,3
2020-04-13,Modoc,049,8938,0,0,0,0,0
2020-04-13,Mono,051,14174,29,21,0,21,1
2020-04-13,Monterey,053,433212,173,86,0,86,3
2020-04-13,Napa,055,140530,55,30,0,30,2
2020-04-13,Nevada,057,99092,37,24,1,25,1
2020-04-13,Orange,059,3164182,2053,1313,19,1332,21
2020-04-13,Placer,061,380077,147,116,0,116,5
2020-04-13,Plumas,063,18699,4,3,0,3,0
2020-04-13,Riverside,065,2383286,2935,1460,13,1473,35
2020-04-13,Sacramento,067,1510023,957,723,0,723,25
2020-04-13,San Benito,069,59416,38,33,0,33,2
2020-04-13,San Bernardino,071,2135413,1514,920,0,920,30
2020-04-13,San Diego,073,3302833,2534,1849,0,1849,47
2020-04-13,San Francisco,075,870044,1219,948,0,948,12
2020-04-13,San Joaquin,077,732212,438,255,3,258,16
2020-04-13,San Luis Obispo,079,281455,169,106,3,109,1
2020-04-13,San Mateo,081,765935,973,679,2,681,25
2020-04-13,Santa Barbara,083,443738,381,271,1,272,2
2020-04-13,Santa Clara,085,1922200,2082,1540,5,1545,58
2020-04-13,Santa Cruz,087,273765,103,82,0,82,1
2020-04-13,Shasta,089,179085,30,24,0,24,3
2020-04-13,Sierra,091,2930,0,0,0,0,0
2020-04-13,Siskiyou,093,43540,5,5,0,5,0
2020-04-13,Solano,095,438530,210,136,0,136,2
2020-04-13,Sonoma,097,501317,186,133,0,133,1
2020-04-13,Stanislaus,099,539301,254,130,4,134,1
2020-04-13,Sutter,101,95872,24,18,0,18,2
2020-04-13,Tehama,103,63373,1,1,0,1,0
2020-04-13,Trinity,105,12862,0,0,0,0,0
2020-04-13,Tulare,107,460477,500,185,5,190,11
2020-04-13,Tuolumne,109,53932,3,0,0,0,0
2020-04-13,Ventura,111,848112,483,309,0,309,9
2020-04-13,Yolo,113,214977,153,81,0,81,3
2020-04-13,Yuba,115,75493,14,13,0,13,1
2020-04-12,Alameda,001,1643700,1202,774,1,775,23
2020-04-12,Alpine,003,1148,1,1,0,1,0
2020-04-12,Amador,005,37829,7,6,0,6,0
2020-04-12,Butte,007,227075,19,13,1,14,0
2020-04-12,Calaveras,009,45235,10,5,0,5,0
2020-04-12,Colusa,011,21464,3,3,0,3,0
2020-04-12,Contra Costa,013,1133247,767,553,0,553,12
2020-04-12,Del Norte,015,27424,2,2,0,2,0
2020-04-12,El Dorado,017,186661,49,28,0,28,0
2020-04-12,Fresno,019,978130,471,205,5,210,4
2020-04-12,Glenn,021,27897,4,3,0,3,0
2020-04-12,Humboldt,023,135768,57,43,0,43,0
2020-04-12,Imperial,025,180216,196,78,0,78,2
2020-04-12,Inyo,027,18085,15,12,0,12,0
2020-04-12,Kern,029,883053,679,319,0,319,3
2020-04-12,Kings,031,150075,52,9,1,10,0
2020-04-12,Lake,033,64148,6,3,0,3,0
2020-04-12,Lassen,035,31185,3,0,2,2,0
2020-04-12,Los Angeles,037,10098052,14657,9133,13,9146,294
2020-04-12,Madera,039,155013,65,29,1,30,2
2020-04-12,Marin,041,260295,181,138,1,139,6
2020-04-12,Mariposa,043,17540,0,0,0,0,0
2020-04-12,Mendocino,045,87422,5,4,0,4,0
2020-04-12,Merced,047,269075,106,58,0,58,3
2020-04-12,Modoc,049,8938,0,0,0,0,0
2020-04-12,Mono,051,14174,29,20,0,20,1
2020-04-12,Monterey,053,433212,159,85,0,85,3
2020-04-12,Napa,055,140530,53,29,0,29,2
2020-04-12,Nevada,057,99092,37,24,1,25,1
2020-04-12,Orange,059,3164182,1993,1283,18,1301,21
2020-04-12,Placer,061,380077,146,114,0,114,4
2020-04-12,Plumas,063,18699,4,3,0,3,0
2020-04-12,Riverside,065,2383286,2753,1330,13,1343,34
2020-04-12,Sacramento,067,1510023,920,689,0,689,25
2020-04-12,San Benito,069,59416,36,33,0,33,2
2020-04-12,San Bernardino,071,2135413,1438,827,0,827,30
2020-04-12,San Diego,073,3302833,2444,1806,0,1806,45
2020-04-12,San Francisco,075,870044,1192,886,0,886,11
2020-04-12,San Joaquin,077,732212,420,246,3,249,15
2020-04-12,San Luis Obispo,079,281455,166,102,2,104,1
2020-04-12,San Mateo,081,765935,947,664,2,666,25
2020-04-12,Santa Barbara,083,443738,362,261,1,262,2
2020-04-12,Santa Clara,085,1922200,2054,1461,5,1466,53
2020-04-12,Santa Cruz,087,273765,102,80,0,80,1
2020-04-12,Shasta,089,179085,30,24,0,24,3
2020-04-12,Sierra,091,2930,0,0,0,0,0
2020-04-12,Siskiyou,093,43540,5,5,0,5,0
2020-04-12,Solano,095,438530,204,136,0,136,2
2020-04-12,Sonoma,097,501317,183,131,0,131,1
2020-04-12,Stanislaus,099,539301,246,117,4,121,1
2020-04-12,Sutter,101,95872,23,18,0,18,2
2020-04-12,Tehama,103,63373,1,1,0,1,0
2020-04-12,Trinity,105,12862,0,0,0,0,0
2020-04-12,Tulare,107,460477,488,166,5,171,11
2020-04-12,Tuolumne,109,53932,3,0,0,0,0
2020-04-12,Ventura,111,848112,473,306,0,306,9
2020-04-12,Yolo,113,214977,139,67,0,67,3
2020-04-12,Yuba,115,75493,14,13,0,13,1
2020-04-11,Alameda,001,1643700,1161,751,1,752,23
2020-04-11,Alpine,003,1148,1,1,0,1,0
2020-04-11,Amador,005,37829,7,6,0,6,0
2020-04-11,Butte,007,227075,19,13,1,14,0
2020-04-11,Calaveras,009,45235,10,5,0,5,0
2020-04-11,Colusa,011,21464,3,3,0,3,0
2020-04-11,Contra Costa,013,1133247,758,550,0,550,12
2020-04-11,Del Norte,015,27424,2,2,0,2,0
2020-04-11,El Dorado,017,186661,48,29,0,29,0
2020-04-11,Fresno,019,978130,461,201,5,206,4
2020-04-11,Glenn,021,27897,4,3,0,3,0
2020-04-11,Humboldt,023,135768,57,38,0,38,0
2020-04-11,Imperial,025,180216,186,78,0,78,2
2020-04-11,Inyo,027,18085,15,12,0,12,0
2020-04-11,Kern,029,883053,651,304,0,304,3
2020-04-11,Kings,031,150075,49,9,1,10,0
2020-04-11,Lake,033,64148,6,3,0,3,0
2020-04-11,Lassen,035,31185,3,0,2,2,0
2020-04-11,Los Angeles,037,10098052,14183,8823,13,8836,262
2020-04-11,Madera,039,155013,64,29,1,30,2
2020-04-11,Marin,041,260295,178,136,1,137,6
2020-04-11,Mariposa,043,17540,0,0,0,0,0
2020-04-11,Mendocino,045,87422,5,4,0,4,0
2020-04-11,Merced,047,269075,103,59,0,59,3
2020-04-11,Modoc,049,8938,0,0,0,0,0
2020-04-11,Mono,051,14174,29,20,0,20,1
2020-04-11,Monterey,053,433212,153,78,0,78,3
2020-04-11,Napa,055,140530,53,29,0,29,2
2020-04-11,Nevada,057,99092,37,24,1,25,1
2020-04-11,Orange,059,3164182,1931,1267,18,1285,21
2020-04-11,Placer,061,380077,146,113,0,113,4
2020-04-11,Plumas,063,18699,4,3,0,3,0
2020-04-11,Riverside,065,2383286,2674,1260,13,1273,33
2020-04-11,Sacramento,067,1510023,909,685,0,685,25
2020-04-11,San Benito,069,59416,36,33,0,33,2
2020-04-11,San Bernardino,071,2135413,1402,826,0,826,28
2020-04-11,San Diego,073,3302833,2378,1763,0,1763,45
2020-04-11,San Francisco,075,870044,1170,860,0,860,11
2020-04-11,San Joaquin,077,732212,415,244,3,247,15
2020-04-11,San Luis Obispo,079,281455,166,100,1,101,1
2020-04-11,San Mateo,081,765935,935,662,2,664,25
2020-04-11,Santa Barbara,083,443738,354,258,1,259,2
2020-04-11,Santa Clara,085,1922200,1995,1441,5,1446,51
2020-04-11,Santa Cruz,087,273765,102,79,0,79,1
2020-04-11,Shasta,089,179085,30,24,0,24,3
2020-04-11,Sierra,091,2930,0,0,0,0,0
2020-04-11,Siskiyou,093,43540,5,5,0,5,0
2020-04-11,Solano,095,438530,200,138,0,138,2
2020-04-11,Sonoma,097,501317,181,131,0,131,1
2020-04-11,Stanislaus,099,539301,238,119,3,122,1
2020-04-11,Sutter,101,95872,23,18,0,18,2
2020-04-11,Tehama,103,63373,1,1,0,1,0
2020-04-11,Trinity,105,12862,0,0,0,0,0
2020-04-11,Tulare,107,460477,466,168,5,173,10
2020-04-11,Tuolumne,109,53932,3,0,0,0,0
2020-04-11,Ventura,111,848112,463,304,0,304,9
2020-04-11,Yolo,113,214977,136,67,0,67,3
2020-04-11,Yuba,115,75493,14,13,0,13,1
2020-04-10,Alameda,001,1643700,1120,706,1,707,21
2020-04-10,Alpine,003,1148,1,1,0,1,0
2020-04-10,Amador,005,37829,7,5,0,5,0
2020-04-10,Butte,007,227075,19,13,1,14,0
2020-04-10,Calaveras,009,45235,10,5,0,5,0
2020-04-10,Colusa,011,21464,3,3,0,3,0
2020-04-10,Contra Costa,013,1133247,745,537,0,537,10
2020-04-10,Del Norte,015,27424,2,2,0,2,0
2020-04-10,El Dorado,017,186661,48,26,0,26,0
2020-04-10,Fresno,019,978130,454,186,4,190,3
2020-04-10,Glenn,021,27897,4,3,0,3,0
2020-04-10,Humboldt,023,135768,57,36,0,36,0
2020-04-10,Imperial,025,180216,179,70,0,70,2
2020-04-10,Inyo,027,18085,13,11,0,11,0
2020-04-10,Kern,029,883053,627,272,0,272,3
2020-04-10,Kings,031,150075,46,7,1,8,0
2020-04-10,Lake,033,64148,6,3,0,3,0
2020-04-10,Lassen,035,31185,3,0,2,2,0
2020-04-10,Los Angeles,037,10098052,13667,8384,12,8396,239
2020-04-10,Madera,039,155013,63,29,1,30,2
2020-04-10,Marin,041,260295,173,128,1,129,6
2020-04-10,Mariposa,043,17540,0,0,0,0,0
2020-04-10,Mendocino,045,87422,5,4,0,4,0
2020-04-10,Merced,047,269075,100,56,0,56,3
2020-04-10,Modoc,049,8938,0,0,0,0,0
2020-04-10,Mono,051,14174,29,20,0,20,1
2020-04-10,Monterey,053,433212,142,78,0,78,3
2020-04-10,Napa,055,140530,50,28,0,28,2
2020-04-10,Nevada,057,99092,37,23,1,24,1
2020-04-10,Orange,059,3164182,1884,1167,18,1185,21
2020-04-10,Placer,061,380077,145,112,0,112,4
2020-04-10,Plumas,063,18699,4,3,0,3,0
2020-04-10,Riverside,065,2383286,2608,1162,13,1175,30
2020-04-10,Sacramento,067,1510023,900,642,0,642,24
2020-04-10,San Benito,069,59416,36,32,0,32,2
2020-04-10,San Bernardino,071,2135413,1354,779,0,779,27
2020-04-10,San Diego,073,3302833,2318,1695,0,1695,44
2020-04-10,San Francisco,075,870044,1139,797,0,797,10
2020-04-10,San Joaquin,077,732212,403,234,3,237,14
2020-04-10,San Luis Obispo,079,281455,166,97,1,98,1
2020-04-10,San Mateo,081,765935,919,642,2,644,24
2020-04-10,Santa Barbara,083,443738,346,254,1,255,2
2020-04-10,Santa Clara,085,1922200,1943,1351,5,1356,50
2020-04-10,Santa Cruz,087,273765,101,75,0,75,1
2020-04-10,Shasta,089,179085,30,24,0,24,3
2020-04-10,Sierra,091,2930,0,0,0,0,0
2020-04-10,Siskiyou,093,43540,5,5,0,5,0
2020-04-10,Solano,095,438530,197,129,0,129,2
2020-04-10,Sonoma,097,501317,180,129,0,129,1
2020-04-10,Stanislaus,099,539301,231,101,3,104,0
2020-04-10,Sutter,101,95872,23,18,0,18,2
2020-04-10,Tehama,103,63373,1,1,0,1,0
2020-04-10,Trinity,105,12862,0,0,0,0,0
2020-04-10,Tulare,107,460477,424,163,5,168,10
2020-04-10,Tuolumne,109,53932,3,0,0,0,0
2020-04-10,Ventura,111,848112,454,290,0,290,9
2020-04-10,Yolo,113,214977,134,62,0,62,3
2020-04-10,Yuba,115,75493,14,13,0,13,1
2020-04-09,Alameda,001,1643700,1070,641,1,642,17
2020-04-09,Alpine,003,1148,1,1,0,1,0
2020-04-09,Amador,005,37829,7,2,0,2,0
2020-04-09,Butte,007,227075,19,12,1,13,0
2020-04-09,Calaveras,009,45235,10,5,0,5,0
2020-04-09,Colusa,011,21464,3,3,0,3,0
2020-04-09,Contra Costa,013,1133247,702,505,0,505,7
2020-04-09,Del Norte,015,27424,2,2,0,2,0
2020-04-09,El Dorado,017,186661,47,25,0,25,0
2020-04-09,Fresno,019,978130,429,165,4,169,3
2020-04-09,Glenn,021,27897,4,2,0,2,0
2020-04-09,Humboldt,023,135768,57,36,0,36,0
2020-04-09,Imperial,025,180216,158,67,0,67,2
2020-04-09,Inyo,027,18085,12,11,0,11,0
2020-04-09,Kern,029,883053,591,241,0,241,2
2020-04-09,Kings,031,150075,43,5,1,6,0
2020-04-09,Lake,033,64148,5,1,0,1,0
2020-04-09,Lassen,035,31185,3,0,2,2,0
2020-04-09,Los Angeles,037,10098052,13036,7919,12,7931,220
2020-04-09,Madera,039,155013,63,28,1,29,2
2020-04-09,Marin,041,260295,171,126,1,127,7
2020-04-09,Mariposa,043,17540,0,0,0,0,0
2020-04-09,Mendocino,045,87422,5,4,0,4,0
2020-04-09,Merced,047,269075,97,41,0,41,3
2020-04-09,Modoc,049,8938,0,0,0,0,0
2020-04-09,Mono,051,14174,29,19,0,19,1
2020-04-09,Monterey,053,433212,124,70,0,70,3
2020-04-09,Napa,055,140530,46,27,0,27,2
2020-04-09,Nevada,057,99092,36,23,1,24,1
2020-04-09,Orange,059,3164182,1810,1105,18,1123,19
2020-04-09,Placer,061,380077,144,107,0,107,4
2020-04-09,Plumas,063,18699,4,3,0,3,0
2020-04-09,Riverside,065,2383286,2465,1083,13,1096,29
2020-04-09,Sacramento,067,1510023,877,601,0,601,21
2020-04-09,San Benito,069,59416,36,32,0,32,2
2020-04-09,San Bernardino,071,2135413,1285,717,0,717,27
2020-04-09,San Diego,073,3302833,2222,1630,0,1630,40
2020-04-09,San Francisco,075,870044,1119,748,0,748,8
2020-04-09,San Joaquin,077,732212,382,223,3,226,14
2020-04-09,San Luis Obispo,079,281455,158,93,1,94,1
2020-04-09,San Mateo,081,765935,903,630,2,632,23
2020-04-09,Santa Barbara,083,443738,336,232,1,233,2
2020-04-09,Santa Clara,085,1922200,1873,1301,5,1306,49
2020-04-09,Santa Cruz,087,273765,101,73,0,73,1
2020-04-09,Shasta,089,179085,30,22,0,22,3
2020-04-09,Sierra,091,2930,0,0,0,0,0
2020-04-09,Siskiyou,093,43540,5,4,0,4,0
2020-04-09,Solano,095,438530,188,118,0,118,2
2020-04-09,Sonoma,097,501317,176,113,0,113,1
2020-04-09,Stanislaus,099,539301,219,93,3,96,0
2020-04-09,Sutter,101,95872,23,17,0,17,2
2020-04-09,Tehama,103,63373,1,1,0,1,0
2020-04-09,Trinity,105,12862,0,0,0,0,0
2020-04-09,Tulare,107,460477,395,147,5,152,9
2020-04-09,Tuolumne,109,53932,3,0,0,0,0
2020-04-09,Ventura,111,848112,435,273,0,273,9
2020-04-09,Yolo,113,214977,125,59,0,59,3
2020-04-09,Yuba,115,75493,14,13,0,13,0
2020-04-08,Alameda,001,1643700,1028,594,1,595,15
2020-04-08,Alpine,003,1148,1,1,0,1,0
2020-04-08,Amador,005,37829,7,2,0,2,0
2020-04-08,Butte,007,227075,18,11,1,12,0
2020-04-08,Calaveras,009,45235,10,5,0,5,0
2020-04-08,Colusa,011,21464,3,3,0,3,0
2020-04-08,Contra Costa,013,1133247,689,481,0,481,7
2020-04-08,Del Norte,015,27424,2,2,0,2,0
2020-04-08,El Dorado,017,186661,47,25,0,25,0
2020-04-08,Fresno,019,978130,409,151,4,155,3
2020-04-08,Glenn,021,27897,4,2,0,2,0
2020-04-08,Humboldt,023,135768,57,40,0,40,0
2020-04-08,Imperial,025,180216,147,59,0,59,2
2020-04-08,Inyo,027,18085,12,11,0,11,0
2020-04-08,Kern,029,883053,550,198,0,198,2
2020-04-08,Kings,031,150075,43,5,1,6,0
2020-04-08,Lake,033,64148,5,1,0,1,0
2020-04-08,Lassen,035,31185,3,0,2,2,0
2020-04-08,Los Angeles,037,10098052,12435,7505,12,7517,196
2020-04-08,Madera,039,155013,62,28,1,29,2
2020-04-08,Marin,041,260295,165,125,1,126,7
2020-04-08,Mariposa,043,17540,0,0,0,0,0
2020-04-08,Mendocino,045,87422,5,4,0,4,0
2020-04-08,Merced,047,269075,82,35,0,35,1
2020-04-08,Modoc,049,8938,0,0,0,0,0
2020-04-08,Mono,051,14174,29,19,0,19,1
2020-04-08,Monterey,053,433212,115,68,0,68,3
2020-04-08,Napa,055,140530,44,21,0,21,2
2020-04-08,Nevada,057,99092,36,21,1,22,1
2020-04-08,Orange,059,3164182,1747,1034,18,1052,19
2020-04-08,Placer,061,380077,144,102,0,102,4
2020-04-08,Plumas,063,18699,4,3,0,3,0
2020-04-08,Riverside,065,2383286,2308,974,13,987,28
2020-04-08,Sacramento,067,1510023,843,565,0,565,21
2020-04-08,San Benito,069,59416,36,31,0,31,2
2020-04-08,San Bernardino,071,2135413,1228,635,0,635,22
2020-04-08,San Diego,073,3302833,2148,1532,0,1532,36
2020-04-08,San Francisco,075,870044,1052,687,0,687,7
2020-04-08,San Joaquin,077,732212,365,211,3,214,12
2020-04-08,San Luis Obispo,079,281455,156,90,1,91,1
2020-04-08,San Mateo,081,765935,888,608,2,610,22
2020-04-08,Santa Barbara,083,443738,319,221,1,222,2
2020-04-08,Santa Clara,085,1922200,1828,1257,5,1262,47
2020-04-08,Santa Cruz,087,273765,100,69,0,69,1
2020-04-08,Shasta,089,179085,30,18,0,18,3
2020-04-08,Sierra,091,2930,0,0,0,0,0
2020-04-08,Siskiyou,093,43540,5,4,0,4,0
2020-04-08,Solano,095,438530,175,111,0,111,2
2020-04-08,Sonoma,097,501317,170,107,0,107,1
2020-04-08,Stanislaus,099,539301,203,86,3,89,0
2020-04-08,Sutter,101,95872,22,17,0,17,2
2020-04-08,Tehama,103,63373,1,1,0,1,0
2020-04-08,Trinity,105,12862,0,0,0,0,0
2020-04-08,Tulare,107,460477,364,145,5,150,6
2020-04-08,Tuolumne,109,53932,3,0,0,0,0
2020-04-08,Ventura,111,848112,426,263,0,263,7
2020-04-08,Yolo,113,214977,108,56,0,56,3
2020-04-08,Yuba,115,75493,14,10,0,10,0
2020-04-07,Alameda,001,1643700,993,560,1,561,14
2020-04-07,Alpine,003,1148,1,1,0,1,0
2020-04-07,Amador,005,37829,7,2,0,2,0
2020-04-07,Butte,007,227075,17,11,1,12,0
2020-04-07,Calaveras,009,45235,9,5,0,5,0
2020-04-07,Colusa,011,21464,3,2,0,2,0
2020-04-07,Contra Costa,013,1133247,669,471,0,471,7
2020-04-07,Del Norte,015,27424,2,2,0,2,0
2020-04-07,El Dorado,017,186661,46,22,0,22,0
2020-04-07,Fresno,019,978130,394,138,4,142,3
2020-04-07,Glenn,021,27897,4,2,0,2,0
2020-04-07,Humboldt,023,135768,56,40,0,40,0
2020-04-07,Imperial,025,180216,128,53,0,53,2
2020-04-07,Inyo,027,18085,12,11,0,11,0
2020-04-07,Kern,029,883053,507,134,0,134,2
2020-04-07,Kings,031,150075,40,5,1,6,0
2020-04-07,Lake,033,64148,4,1,0,1,0
2020-04-07,Lassen,035,31185,3,0,2,2,0
2020-04-07,Los Angeles,037,10098052,11785,6885,12,6897,170
2020-04-07,Madera,039,155013,60,28,0,28,2
2020-04-07,Marin,041,260295,163,122,1,123,7
2020-04-07,Mariposa,043,17540,0,0,0,0,0
2020-04-07,Mendocino,045,87422,5,4,0,4,0
2020-04-07,Merced,047,269075,67,27,0,27,1
2020-04-07,Modoc,049,8938,0,0,0,0,0
2020-04-07,Mono,051,14174,28,18,0,18,1
2020-04-07,Monterey,053,433212,106,63,0,63,2
2020-04-07,Napa,055,140530,42,18,0,18,2
2020-04-07,Nevada,057,99092,36,20,1,21,1
2020-04-07,Orange,059,3164182,1700,971,16,987,19
2020-04-07,Placer,061,380077,139,94,0,94,3
2020-04-07,Plumas,063,18699,4,3,0,3,0
2020-04-07,Riverside,065,2383286,2151,905,13,918,25
2020-04-07,Sacramento,067,1510023,813,513,0,513,18
2020-04-07,San Benito,069,59416,36,26,0,26,2
2020-04-07,San Bernardino,071,2135413,1161,554,0,554,19
2020-04-07,San Diego,073,3302833,2071,1456,0,1456,31
2020-04-07,San Francisco,075,870044,992,636,0,636,6
2020-04-07,San Joaquin,077,732212,347,198,3,201,12
2020-04-07,San Luis Obispo,079,281455,149,87,1,88,1
2020-04-07,San Mateo,081,765935,867,573,2,575,22
2020-04-07,Santa Barbara,083,443738,305,209,1,210,2
2020-04-07,Santa Clara,085,1922200,1759,1193,4,1197,46
2020-04-07,Santa Cruz,087,273765,100,67,0,67,1
2020-04-07,Shasta,089,179085,29,16,0,16,3
2020-04-07,Sierra,091,2930,0,0,0,0,0
2020-04-07,Siskiyou,093,43540,5,4,0,4,0
2020-04-07,Solano,095,438530,170,99,0,99,1
2020-04-07,Sonoma,097,501317,167,102,0,102,1
2020-04-07,Stanislaus,099,539301,186,83,3,86,0
2020-04-07,Sutter,101,95872,22,16,0,16,2
2020-04-07,Tehama,103,63373,1,1,0,1,0
2020-04-07,Trinity,105,12862,0,0,0,0,0
2020-04-07,Tulare,107,460477,335,144,5,149,5
2020-04-07,Tuolumne,109,53932,3,1,0,1,0
2020-04-07,Ventura,111,848112,409,247,0,247,6
2020-04-07,Yolo,113,214977,101,51,0,51,2
2020-04-07,Yuba,115,75493,14,10,0,10,0
2020-04-06,Alameda,001,1643700,962,527,1,528,13
2020-04-06,Alpine,003,1148,1,1,0,1,0
2020-04-06,Amador,005,37829,6,2,0,2,0
2020-04-06,Butte,007,227075,16,11,1,12,0
2020-04-06,Calaveras,009,45235,9,4,0,4,0
2020-04-06,Colusa,011,21464,3,1,0,1,0
2020-04-06,Contra Costa,013,1133247,644,447,0,447,7
2020-04-06,Del Norte,015,27424,2,2,0,2,0
2020-04-06,El Dorado,017,186661,44,23,0,23,0
2020-04-06,Fresno,019,978130,372,122,4,126,1
2020-04-06,Glenn,021,27897,4,2,0,2,0
2020-04-06,Humboldt,023,135768,55,37,0,37,0
2020-04-06,Imperial,025,180216,121,47,0,47,1
2020-04-06,Inyo,027,18085,11,11,0,11,0
2020-04-06,Kern,029,883053,470,117,0,117,2
2020-04-06,Kings,031,150075,40,3,1,4,0
2020-04-06,Lake,033,64148,4,1,0,1,0
2020-04-06,Lassen,035,31185,3,0,2,2,0
2020-04-06,Los Angeles,037,10098052,11052,6346,12,6358,145
2020-04-06,Madera,039,155013,58,29,0,29,2
2020-04-06,Marin,041,260295,160,119,1,120,7
2020-04-06,Mariposa,043,17540,0,0,0,0,0
2020-04-06,Mendocino,045,87422,5,4,0,4,0
2020-04-06,Merced,047,269075,60,25,0,25,1
2020-04-06,Modoc,049,8938,0,0,0,0,0
2020-04-06,Mono,051,14174,28,18,0,18,1
2020-04-06,Monterey,053,433212,101,62,0,62,2
2020-04-06,Napa,055,140530,42,18,0,18,2
2020-04-06,Nevada,057,99092,36,19,1,20,1
2020-04-06,Orange,059,3164182,1656,910,15,925,17
2020-04-06,Placer,061,380077,139,90,0,90,3
2020-04-06,Plumas,063,18699,4,2,0,2,0
2020-04-06,Riverside,065,2383286,2025,854,13,867,17
2020-04-06,Sacramento,067,1510023,783,448,0,448,15
2020-04-06,San Benito,069,59416,34,25,0,25,1
2020-04-06,San Bernardino,071,2135413,1102,550,0,550,13
2020-04-06,San Diego,073,3302833,1989,1406,0,1406,19
2020-04-06,San Francisco,075,870044,952,586,0,586,6
2020-04-06,San Joaquin,077,732212,332,191,3,194,10
2020-04-06,San Luis Obispo,079,281455,147,85,1,86,1
2020-04-06,San Mateo,081,765935,849,569,2,571,20
2020-04-06,Santa Barbara,083,443738,296,189,1,190,2
2020-04-06,Santa Clara,085,1922200,1706,1128,4,1132,43
2020-04-06,Santa Cruz,087,273765,98,65,0,65,1
2020-04-06,Shasta,089,179085,29,16,0,16,3
2020-04-06,Sierra,091,2930,0,0,0,0,0
2020-04-06,Siskiyou,093,43540,4,4,0,4,0
2020-04-06,Solano,095,438530,163,95,0,95,1
2020-04-06,Sonoma,097,501317,166,102,0,102,1
2020-04-06,Stanislaus,099,539301,170,72,3,75,0
2020-04-06,Sutter,101,95872,22,14,0,14,2
2020-04-06,Tehama,103,63373,1,1,0,1,0
2020-04-06,Trinity,105,12862,0,0,0,0,0
2020-04-06,Tulare,107,460477,319,126,5,131,5
2020-04-06,Tuolumne,109,53932,3,1,0,1,0
2020-04-06,Ventura,111,848112,391,234,0,234,6
2020-04-06,Yolo,113,214977,97,43,0,43,1
2020-04-06,Yuba,115,75493,14,8,0,8,0
2020-04-05,Alameda,001,1643700,920,475,1,476,12
2020-04-05,Alpine,003,1148,1,1,0,1,0
2020-04-05,Amador,005,37829,6,2,0,2,0
2020-04-05,Butte,007,227075,16,10,1,11,0
2020-04-05,Calaveras,009,45235,9,3,0,3,0
2020-04-05,Colusa,011,21464,3,1,0,1,0
2020-04-05,Contra Costa,013,1133247,627,415,0,415,6
2020-04-05,Del Norte,015,27424,2,1,0,1,0
2020-04-05,El Dorado,017,186661,42,19,0,19,0
2020-04-05,Fresno,019,978130,338,102,4,106,1
2020-04-05,Glenn,021,27897,4,2,0,2,0
2020-04-05,Humboldt,023,135768,55,29,0,29,0
2020-04-05,Imperial,025,180216,113,42,0,42,1
2020-04-05,Inyo,027,18085,11,10,0,10,0
2020-04-05,Kern,029,883053,415,109,0,109,2
2020-04-05,Kings,031,150075,39,4,1,5,0
2020-04-05,Lake,033,64148,4,0,0,0,0
2020-04-05,Lassen,035,31185,3,0,2,2,0
2020-04-05,Los Angeles,037,10098052,10481,5892,12,5904,130
2020-04-05,Madera,039,155013,57,27,0,27,2
2020-04-05,Marin,041,260295,160,113,1,114,6
2020-04-05,Mariposa,043,17540,0,0,0,0,0
2020-04-05,Mendocino,045,87422,5,4,0,4,0
2020-04-05,Merced,047,269075,53,16,0,16,0
2020-04-05,Modoc,049,8938,0,0,0,0,0
2020-04-05,Mono,051,14174,28,18,0,18,1
2020-04-05,Monterey,053,433212,94,61,0,61,2
2020-04-05,Napa,055,140530,40,15,0,15,2
2020-04-05,Nevada,057,99092,36,19,1,20,1
2020-04-05,Orange,059,3164182,1599,820,15,835,15
2020-04-05,Placer,061,380077,136,86,0,86,3
2020-04-05,Plumas,063,18699,3,2,0,2,0
2020-04-05,Riverside,065,2383286,1896,669,13,682,17
2020-04-05,Sacramento,067,1510023,752,393,0,393,11
2020-04-05,San Benito,069,59416,34,22,0,22,1
2020-04-05,San Bernardino,071,2135413,1029,375,0,375,13
2020-04-05,San Diego,073,3302833,1907,1328,0,1328,19
2020-04-05,San Francisco,075,870044,905,559,0,559,6
2020-04-05,San Joaquin,077,732212,317,179,3,182,10
2020-04-05,San Luis Obispo,079,281455,145,83,1,84,1
2020-04-05,San Mateo,081,765935,829,528,2,530,19
2020-04-05,Santa Barbara,083,443738,280,171,1,172,1
2020-04-05,Santa Clara,085,1922200,1659,1052,4,1056,42
2020-04-05,Santa Cruz,087,273765,98,59,0,59,1
2020-04-05,Shasta,089,179085,28,11,0,11,2
2020-04-05,Sierra,091,2930,0,0,0,0,0
2020-04-05,Siskiyou,093,43540,4,3,0,3,0
2020-04-05,Solano,095,438530,159,78,0,78,1
2020-04-05,Sonoma,097,501317,164,88,0,88,1
2020-04-05,Stanislaus,099,539301,156,51,3,54,0
2020-04-05,Sutter,101,95872,22,14,0,14,1
2020-04-05,Tehama,103,63373,1,1,0,1,0
2020-04-05,Trinity,105,12862,0,0,0,0,0
2020-04-05,Tulare,107,460477,282,81,5,86,4
2020-04-05,Tuolumne,109,53932,3,1,0,1,0
2020-04-05,Ventura,111,848112,377,196,0,196,6
2020-04-05,Yolo,113,214977,78,37,0,37,2
2020-04-05,Yuba,115,75493,14,7,0,7,0
2020-04-04,Alameda,001,1643700,897,468,1,469,12
2020-04-04,Alpine,003,1148,1,1,0,1,0
2020-04-04,Amador,005,37829,5,2,0,2,0
2020-04-04,Butte,007,227075,16,10,1,11,0
2020-04-04,Calaveras,009,45235,9,3,0,3,0
2020-04-04,Colusa,011,21464,3,1,0,1,0
2020-04-04,Contra Costa,013,1133247,619,382,0,382,5
2020-04-04,Del Norte,015,27424,2,1,0,1,0
2020-04-04,El Dorado,017,186661,42,19,0,19,0
2020-04-04,Fresno,019,978130,328,102,4,106,1
2020-04-04,Glenn,021,27897,4,2,0,2,0
2020-04-04,Humboldt,023,135768,55,29,0,29,0
2020-04-04,Imperial,025,180216,112,42,0,42,1
2020-04-04,Inyo,027,18085,11,10,0,10,0
2020-04-04,Kern,029,883053,385,103,0,103,2
2020-04-04,Kings,031,150075,39,3,1,4,0
2020-04-04,Lake,033,64148,4,0,0,0,0
2020-04-04,Lassen,035,31185,3,0,2,2,0
2020-04-04,Los Angeles,037,10098052,9867,5275,12,5287,117
2020-04-04,Madera,039,155013,55,27,0,27,2
2020-04-04,Marin,041,260295,158,111,0,111,6
2020-04-04,Mariposa,043,17540,0,0,0,0,0
2020-04-04,Mendocino,045,87422,5,4,0,4,0
2020-04-04,Merced,047,269075,49,11,0,11,0
2020-04-04,Modoc,049,8938,0,0,0,0,0
2020-04-04,Mono,051,14174,28,18,0,18,1
2020-04-04,Monterey,053,433212,91,61,0,61,2
2020-04-04,Napa,055,140530,40,15,0,15,2
2020-04-04,Nevada,057,99092,36,19,1,20,1
2020-04-04,Orange,059,3164182,1557,781,14,795,15
2020-04-04,Placer,061,380077,135,87,0,87,2
2020-04-04,Plumas,063,18699,3,2,0,2,0
2020-04-04,Riverside,065,2383286,1795,652,13,665,15
2020-04-04,Sacramento,067,1510023,734,393,0,393,11
2020-04-04,San Benito,069,59416,34,22,0,22,1
2020-04-04,San Bernardino,071,2135413,981,373,0,373,13
2020-04-04,San Diego,073,3302833,1859,1211,0,1211,18
2020-04-04,San Francisco,075,870044,867,537,0,537,6
2020-04-04,San Joaquin,077,732212,294,171,3,174,10
2020-04-04,San Luis Obispo,079,281455,145,82,1,83,0
2020-04-04,San Mateo,081,765935,817,520,2,522,17
2020-04-04,Santa Barbara,083,443738,271,167,1,168,1
2020-04-04,Santa Clara,085,1922200,1607,1045,4,1049,39
2020-04-04,Santa Cruz,087,273765,98,56,0,56,1
2020-04-04,Shasta,089,179085,27,11,0,11,2
2020-04-04,Sierra,091,2930,0,0,0,0,0
2020-04-04,Siskiyou,093,43540,4,3,0,3,0
2020-04-04,Solano,095,438530,154,79,0,79,1
2020-04-04,Sonoma,097,501317,161,88,0,88,1
2020-04-04,Stanislaus,099,539301,145,51,3,54,0
2020-04-04,Sutter,101,95872,22,14,0,14,1
2020-04-04,Tehama,103,63373,1,1,0,1,0
2020-04-04,Trinity,105,12862,0,0,0,0,0
2020-04-04,Tulare,107,460477,268,79,5,84,4
2020-04-04,Tuolumne,109,53932,3,1,0,1,0
2020-04-04,Ventura,111,848112,364,194,0,194,6
2020-04-04,Yolo,113,214977,76,40,0,40,2
2020-04-04,Yuba,115,75493,13,7,0,7,0
2020-04-03,Alameda,001,1643700,861,395,1,396,11
2020-04-03,Alpine,003,1148,1,1,0,1,0
2020-04-03,Amador,005,37829,5,2,0,2,0
2020-04-03,Butte,007,227075,16,8,1,9,0
2020-04-03,Calaveras,009,45235,9,3,0,3,0
2020-04-03,Colusa,011,21464,3,1,0,1,0
2020-04-03,Contra Costa,013,1133247,596,327,0,327,5
2020-04-03,Del Norte,015,27424,2,1,0,1,0
2020-04-03,El Dorado,017,186661,40,16,0,16,0
2020-04-03,Fresno,019,978130,316,98,4,102,1
2020-04-03,Glenn,021,27897,4,2,0,2,0
2020-04-03,Humboldt,023,135768,55,34,0,34,0
2020-04-03,Imperial,025,180216,103,35,0,35,0
2020-04-03,Inyo,027,18085,11,10,0,10,0
2020-04-03,Kern,029,883053,359,87,0,87,1
2020-04-03,Kings,031,150075,37,3,1,4,0
2020-04-03,Lake,033,64148,3,0,0,0,0
2020-04-03,Lassen,035,31185,3,0,2,2,0
2020-04-03,Los Angeles,037,10098052,9253,4566,12,4578,91
2020-04-03,Madera,039,155013,54,28,0,28,2
2020-04-03,Marin,041,260295,156,106,0,106,6
2020-04-03,Mariposa,043,17540,0,0,0,0,0
2020-04-03,Mendocino,045,87422,5,4,0,4,0
2020-04-03,Merced,047,269075,46,9,0,9,0
2020-04-03,Modoc,049,8938,0,0,0,0,0
2020-04-03,Mono,051,14174,28,18,0,18,1
2020-04-03,Monterey,053,433212,88,58,0,58,2
2020-04-03,Napa,055,140530,39,13,0,13,1
2020-04-03,Nevada,057,99092,36,19,1,20,1
2020-04-03,Orange,059,3164182,1518,713,14,727,13
2020-04-03,Placer,061,380077,131,76,0,76,2
2020-04-03,Plumas,063,18699,3,2,0,2,0
2020-04-03,Riverside,065,2383286,1715,540,13,553,14
2020-04-03,Sacramento,067,1510023,713,363,0,363,11
2020-04-03,San Benito,069,59416,34,22,0,22,1
2020-04-03,San Bernardino,071,2135413,936,356,0,356,11
2020-04-03,San Diego,073,3302833,1798,1114,0,1114,17
2020-04-03,San Francisco,075,870044,843,506,0,506,6
2020-04-03,San Joaquin,077,732212,282,162,3,165,10
2020-04-03,San Luis Obispo,079,281455,144,82,1,83,0
2020-04-03,San Mateo,081,765935,800,474,2,476,13
2020-04-03,Santa Barbara,083,443738,260,154,1,155,1
2020-04-03,Santa Clara,085,1922200,1571,983,4,987,39
2020-04-03,Santa Cruz,087,273765,98,52,0,52,1
2020-04-03,Shasta,089,179085,27,10,0,10,1
2020-04-03,Sierra,091,2930,0,0,0,0,0
2020-04-03,Siskiyou,093,43540,4,3,0,3,0
2020-04-03,Solano,095,438530,146,72,0,72,1
2020-04-03,Sonoma,097,501317,161,84,0,84,1
2020-04-03,Stanislaus,099,539301,139,48,3,51,0
2020-04-03,Sutter,101,95872,22,12,0,12,1
2020-04-03,Tehama,103,63373,1,1,0,1,0
2020-04-03,Trinity,105,12862,0,0,0,0,0
2020-04-03,Tulare,107,460477,254,73,5,78,3
2020-04-03,Tuolumne,109,53932,3,1,0,1,0
2020-04-03,Ventura,111,848112,354,186,0,186,6
2020-04-03,Yolo,113,214977,75,33,0,33,1
2020-04-03,Yuba,115,75493,13,6,0,6,0
2020-04-02,Alameda,001,1643700,810,345,1,346,10
2020-04-02,Alpine,003,1148,1,1,0,1,0
2020-04-02,Amador,005,37829,5,2,0,2,0
2020-04-02,Butte,007,227075,16,7,0,7,0
2020-04-02,Calaveras,009,45235,7,3,0,3,0
2020-04-02,Colusa,011,21464,3,1,0,1,0
2020-04-02,Contra Costa,013,1133247,566,297,0,297,3
2020-04-02,Del Norte,015,27424,2,0,0,0,0
2020-04-02,El Dorado,017,186661,38,16,0,16,0
2020-04-02,Fresno,019,978130,300,92,4,96,0
2020-04-02,Glenn,021,27897,3,2,0,2,0
2020-04-02,Humboldt,023,135768,51,23,0,23,0
2020-04-02,Imperial,025,180216,99,24,0,24,0
2020-04-02,Inyo,027,18085,10,8,0,8,0
2020-04-02,Kern,029,883053,332,74,0,74,0
2020-04-02,Kings,031,150075,37,3,1,4,0
2020-04-02,Lake,033,64148,3,0,0,0,0
2020-04-02,Lassen,035,31185,3,0,2,2,0
2020-04-02,Los Angeles,037,10098052,8420,4040,12,4052,79
2020-04-02,Madera,039,155013,52,25,0,25,1
2020-04-02,Marin,041,260295,150,102,0,102,1
2020-04-02,Mariposa,043,17540,0,0,0,0,0
2020-04-02,Mendocino,045,87422,5,4,0,4,0
2020-04-02,Merced,047,269075,41,9,0,9,0
2020-04-02,Modoc,049,8938,0,0,0,0,0
2020-04-02,Mono,051,14174,28,16,0,16,1
2020-04-02,Monterey,053,433212,86,50,0,50,2
2020-04-02,Napa,055,140530,39,13,0,13,0
2020-04-02,Nevada,057,99092,35,17,1,18,0
2020-04-02,Orange,059,3164182,1466,640,13,653,12
2020-04-02,Placer,061,380077,130,72,0,72,2
2020-04-02,Plumas,063,18699,3,1,0,1,0
2020-04-02,Riverside,065,2383286,1598,438,13,451,13
2020-04-02,Sacramento,067,1510023,695,322,0,322,9
2020-04-02,San Benito,069,59416,32,18,0,18,1
2020-04-02,San Bernardino,071,2135413,881,335,0,335,8
2020-04-02,San Diego,073,3302833,1731,968,0,968,16
2020-04-02,San Francisco,075,870044,817,473,0,473,6
2020-04-02,San Joaquin,077,732212,263,148,3,151,9
2020-04-02,San Luis Obispo,079,281455,139,79,1,80,0
2020-04-02,San Mateo,081,765935,779,423,2,425,13
2020-04-02,Santa Barbara,083,443738,249,125,1,126,1
2020-04-02,Santa Clara,085,1922200,1520,908,4,912,38
2020-04-02,Santa Cruz,087,273765,96,49,0,49,1
2020-04-02,Shasta,089,179085,26,7,0,7,1
2020-04-02,Sierra,091,2930,0,0,0,0,0
2020-04-02,Siskiyou,093,43540,4,3,0,3,0
2020-04-02,Solano,095,438530,136,65,0,65,0
2020-04-02,Sonoma,097,501317,157,76,0,76,1
2020-04-02,Stanislaus,099,539301,128,40,3,43,0
2020-04-02,Sutter,101,95872,21,10,0,10,1
2020-04-02,Tehama,103,63373,1,1,0,1,0
2020-04-02,Trinity,105,12862,0,0,0,0,0
2020-04-02,Tulare,107,460477,220,64,5,69,1
2020-04-02,Tuolumne,109,53932,3,1,0,1,0
2020-04-02,Ventura,111,848112,336,178,0,178,5
2020-04-02,Yolo,113,214977,73,29,0,29,1
2020-04-02,Yuba,115,75493,10,5,0,5,0
2020-04-01,Alameda,001,1643700,783,287,1,288,8
2020-04-01,Alpine,003,1148,1,1,0,1,0
2020-04-01,Amador,005,37829,5,1,0,1,0
2020-04-01,Butte,007,227075,16,6,0,6,0
2020-04-01,Calaveras,009,45235,6,3,0,3,0
2020-04-01,Colusa,011,21464,3,1,0,1,0
2020-04-01,Contra Costa,013,1133247,523,267,0,267,3
2020-04-01,Del Norte,015,27424,2,0,0,0,0
2020-04-01,El Dorado,017,186661,37,14,0,14,0
2020-04-01,Fresno,019,978130,278,75,3,78,0
2020-04-01,Glenn,021,27897,3,2,0,2,0
2020-04-01,Humboldt,023,135768,51,19,0,19,0
2020-04-01,Imperial,025,180216,93,25,0,25,0
2020-04-01,Inyo,027,18085,10,8,0,8,0
2020-04-01,Kern,029,883053,305,53,0,53,0
2020-04-01,Kings,031,150075,35,3,1,4,0
2020-04-01,Lake,033,64148,3,0,0,0,0
2020-04-01,Lassen,035,31185,3,0,2,2,0
2020-04-01,Los Angeles,037,10098052,7770,3502,12,3514,66
2020-04-01,Madera,039,155013,50,17,0,17,1
2020-04-01,Marin,041,260295,146,87,0,87,1
2020-04-01,Mariposa,043,17540,0,0,0,0,0
2020-04-01,Mendocino,045,87422,5,4,0,4,0
2020-04-01,Merced,047,269075,38,7,0,7,0
2020-04-01,Modoc,049,8938,0,0,0,0,0
2020-04-01,Mono,051,14174,28,12,0,12,1
2020-04-01,Monterey,053,433212,85,47,0,47,2
2020-04-01,Napa,055,140530,36,11,0,11,0
2020-04-01,Nevada,057,99092,35,15,1,16,0
2020-04-01,Orange,059,3164182,1414,579,13,592,11
2020-04-01,Placer,061,380077,128,52,0,52,2
2020-04-01,Plumas,063,18699,3,1,0,1,0
2020-04-01,Riverside,065,2383286,1430,306,12,318,11
2020-04-01,Sacramento,067,1510023,662,299,0,299,8
2020-04-01,San Benito,069,59416,29,14,0,14,1
2020-04-01,San Bernardino,071,2135413,832,245,0,245,5
2020-04-01,San Diego,073,3302833,1661,851,0,851,11
2020-04-01,San Francisco,075,870044,789,432,0,432,6
2020-04-01,San Joaquin,077,732212,251,132,3,135,8
2020-04-01,San Luis Obispo,079,281455,133,69,1,70,0
2020-04-01,San Mateo,081,765935,761,354,2,356,13
2020-04-01,Santa Barbara,083,443738,236,103,1,104,0
2020-04-01,Santa Clara,085,1922200,1478,805,4,809,33
2020-04-01,Santa Cruz,087,273765,91,44,0,44,1
2020-04-01,Shasta,089,179085,25,5,0,5,1
2020-04-01,Sierra,091,2930,0,0,0,0,0
2020-04-01,Siskiyou,093,43540,4,3,0,3,0
2020-04-01,Solano,095,438530,131,57,0,57,0
2020-04-01,Sonoma,097,501317,153,60,0,60,1
2020-04-01,Stanislaus,099,539301,117,29,3,32,0
2020-04-01,Sutter,101,95872,21,9,0,9,1
2020-04-01,Tehama,103,63373,1,0,0,0,0
2020-04-01,Trinity,105,12862,0,0,0,0,0
2020-04-01,Tulare,107,460477,182,43,5,48,1
2020-04-01,Tuolumne,109,53932,3,1,0,1,0
2020-04-01,Ventura,111,848112,323,154,0,154,5
2020-04-01,Yolo,113,214977,68,22,0,22,1
2020-04-01,Yuba,115,75493,9,5,0,5,0
2020-03-31,Alameda,001,1643700,717,269,1,270,7
2020-03-31,Alpine,003,1148,1,1,0,1,0
2020-03-31,Amador,005,37829,5,1,0,1,0
2020-03-31,Butte,007,227075,16,6,0,6,0
2020-03-31,Calaveras,009,45235,6,3,0,3,0
2020-03-31,Colusa,011,21464,3,1,0,1,0
2020-03-31,Contra Costa,013,1133247,498,246,0,246,3
2020-03-31,Del Norte,015,27424,1,0,0,0,0
2020-03-31,El Dorado,017,186661,33,14,0,14,0
2020-03-31,Fresno,019,978130,253,59,3,62,0
2020-03-31,Glenn,021,27897,3,2,0,2,0
2020-03-31,Humboldt,023,135768,51,18,0,18,0
2020-03-31,Imperial,025,180216,88,17,0,17,0
2020-03-31,Inyo,027,18085,10,8,0,8,0
2020-03-31,Kern,029,883053,281,47,0,47,0
2020-03-31,Kings,031,150075,33,2,1,3,0
2020-03-31,Lake,033,64148,1,0,0,0,0
2020-03-31,Lassen,035,31185,3,0,2,2,0
2020-03-31,Los Angeles,037,10098052,7109,3001,12,3013,53
2020-03-31,Madera,039,155013,49,17,0,17,1
2020-03-31,Marin,041,260295,137,85,0,85,1
2020-03-31,Mariposa,043,17540,0,0,0,0,0
2020-03-31,Mendocino,045,87422,5,4,0,4,0
2020-03-31,Merced,047,269075,33,6,0,6,0
2020-03-31,Modoc,049,8938,0,0,0,0,0
2020-03-31,Mono,051,14174,26,12,0,12,0
2020-03-31,Monterey,053,433212,83,43,0,43,2
2020-03-31,Napa,055,140530,35,9,0,9,0
2020-03-31,Nevada,057,99092,35,15,1,16,0
2020-03-31,Orange,059,3164182,1344,506,13,519,7
2020-03-31,Placer,061,380077,121,49,0,49,2
2020-03-31,Plumas,063,18699,1,0,0,0,0
2020-03-31,Riverside,065,2383286,1284,284,12,296,8
2020-03-31,Sacramento,067,1510023,610,271,0,271,8
2020-03-31,San Benito,069,59416,29,14,0,14,1
2020-03-31,San Bernardino,071,2135413,747,193,0,193,5
2020-03-31,San Diego,073,3302833,1579,736,0,736,9
2020-03-31,San Francisco,075,870044,754,404,0,404,5
2020-03-31,San Joaquin,077,732212,235,122,3,125,7
2020-03-31,San Luis Obispo,079,281455,129,67,1,68,0
2020-03-31,San Mateo,081,765935,742,297,2,299,12
2020-03-31,Santa Barbara,083,443738,221,89,1,90,0
2020-03-31,Santa Clara,085,1922200,1428,777,4,781,30
2020-03-31,Santa Cruz,087,273765,84,40,0,40,1
2020-03-31,Shasta,089,179085,22,5,0,5,1
2020-03-31,Sierra,091,2930,0,0,0,0,0
2020-03-31,Siskiyou,093,43540,4,3,0,3,0
2020-03-31,Solano,095,438530,117,56,0,56,0
2020-03-31,Sonoma,097,501317,148,58,0,58,1
2020-03-31,Stanislaus,099,539301,102,28,3,31,0
2020-03-31,Sutter,101,95872,21,8,0,8,0
2020-03-31,Tehama,103,63373,1,0,0,0,0
2020-03-31,Trinity,105,12862,0,0,0,0,0
2020-03-31,Tulare,107,460477,159,42,4,46,1
2020-03-31,Tuolumne,109,53932,3,1,0,1,0
2020-03-31,Ventura,111,848112,312,143,0,143,4
2020-03-31,Yolo,113,214977,61,21,0,21,1
2020-03-31,Yuba,115,75493,9,5,0,5,0
2020-03-30,Alameda,001,1643700,678,250,1,251,7
2020-03-30,Alpine,003,1148,1,1,0,1,0
2020-03-30,Amador,005,37829,5,1,0,1,0
2020-03-30,Butte,007,227075,14,5,0,5,0
2020-03-30,Calaveras,009,45235,6,3,0,3,0
2020-03-30,Colusa,011,21464,3,1,0,1,0
2020-03-30,Contra Costa,013,1133247,472,212,0,212,3
2020-03-30,Del Norte,015,27424,0,0,0,0,0
2020-03-30,El Dorado,017,186661,33,11,0,11,0
2020-03-30,Fresno,019,978130,228,46,3,49,0
2020-03-30,Glenn,021,27897,3,2,0,2,0
2020-03-30,Humboldt,023,135768,49,11,0,11,0
2020-03-30,Imperial,025,180216,85,9,0,9,0
2020-03-30,Inyo,027,18085,10,5,0,5,0
2020-03-30,Kern,029,883053,248,30,0,30,0
2020-03-30,Kings,031,150075,33,1,1,2,0
2020-03-30,Lake,033,64148,1,0,0,0,0
2020-03-30,Lassen,035,31185,3,0,1,1,0
2020-03-30,Los Angeles,037,10098052,6448,2467,12,2479,44
2020-03-30,Madera,039,155013,48,14,0,14,1
2020-03-30,Marin,041,260295,130,78,0,78,0
2020-03-30,Mariposa,043,17540,0,0,0,0,0
2020-03-30,Mendocino,045,87422,5,2,0,2,0
2020-03-30,Merced,047,269075,29,6,0,6,0
2020-03-30,Modoc,049,8938,0,0,0,0,0
2020-03-30,Mono,051,14174,26,11,0,11,0
2020-03-30,Monterey,053,433212,78,41,0,41,1
2020-03-30,Napa,055,140530,34,9,0,9,0
2020-03-30,Nevada,057,99092,34,14,1,15,0
2020-03-30,Orange,059,3164182,1279,418,13,431,5
2020-03-30,Placer,061,380077,118,44,0,44,2
2020-03-30,Plumas,063,18699,1,0,0,0,0
2020-03-30,Riverside,065,2383286,1203,204,12,216,7
2020-03-30,Sacramento,067,1510023,586,238,0,238,8
2020-03-30,San Benito,069,59416,29,11,0,11,1
2020-03-30,San Bernardino,071,2135413,703,145,0,145,4
2020-03-30,San Diego,073,3302833,1509,605,0,605,7
2020-03-30,San Francisco,075,870044,714,368,0,368,5
2020-03-30,San Joaquin,077,732212,228,112,3,115,5
2020-03-30,San Luis Obispo,079,281455,126,62,1,63,0
2020-03-30,San Mateo,081,765935,717,257,2,259,11
2020-03-30,Santa Barbara,083,443738,212,79,1,80,0
2020-03-30,Santa Clara,085,1922200,1397,745,3,748,31
2020-03-30,Santa Cruz,087,273765,81,36,0,36,1
2020-03-30,Shasta,089,179085,21,4,0,4,1
2020-03-30,Sierra,091,2930,0,0,0,0,0
2020-03-30,Siskiyou,093,43540,4,2,0,2,0
2020-03-30,Solano,095,438530,111,50,0,50,0
2020-03-30,Sonoma,097,501317,145,57,0,57,1
2020-03-30,Stanislaus,099,539301,95,28,3,31,0
2020-03-30,Sutter,101,95872,20,6,0,6,0
2020-03-30,Tehama,103,63373,1,0,0,0,0
2020-03-30,Trinity,105,12862,0,0,0,0,0
2020-03-30,Tulare,107,460477,147,40,3,43,1
2020-03-30,Tuolumne,109,53932,3,1,0,1,0
2020-03-30,Ventura,111,848112,301,118,0,118,2
2020-03-30,Yolo,113,214977,58,17,0,17,1
2020-03-30,Yuba,115,75493,8,5,0,5,0
2020-03-29,Alameda,001,1643700,644,207,1,208,6
2020-03-29,Alpine,003,1148,1,0,0,0,0
2020-03-29,Amador,005,37829,5,1,0,1,0
2020-03-29,Butte,007,227075,14,4,0,4,0
2020-03-29,Calaveras,009,45235,6,2,0,2,0
2020-03-29,Colusa,011,21464,3,1,0,1,0
2020-03-29,Contra Costa,013,1133247,442,187,0,187,3
2020-03-29,Del Norte,015,27424,0,0,0,0,0
2020-03-29,El Dorado,017,186661,32,9,0,9,0
2020-03-29,Fresno,019,978130,204,31,3,34,0
2020-03-29,Glenn,021,27897,2,1,0,1,0
2020-03-29,Humboldt,023,135768,46,9,0,9,0
2020-03-29,Imperial,025,180216,79,9,0,9,0
2020-03-29,Inyo,027,18085,9,0,0,0,0
2020-03-29,Kern,029,883053,230,20,0,20,0
2020-03-29,Kings,031,150075,30,1,1,2,0
2020-03-29,Lake,033,64148,0,0,0,0,0
2020-03-29,Lassen,035,31185,3,0,1,1,0
2020-03-29,Los Angeles,037,10098052,5800,2119,11,2130,37
2020-03-29,Madera,039,155013,43,11,0,11,1
2020-03-29,Marin,041,260295,125,60,0,60,0
2020-03-29,Mariposa,043,17540,0,0,0,0,0
2020-03-29,Mendocino,045,87422,5,2,0,2,0
2020-03-29,Merced,047,269075,28,4,0,4,0
2020-03-29,Modoc,049,8938,0,0,0,0,0
2020-03-29,Mono,051,14174,26,8,0,8,0
2020-03-29,Monterey,053,433212,73,36,0,36,1
2020-03-29,Napa,055,140530,32,5,0,5,0
2020-03-29,Nevada,057,99092,32,13,1,14,0
2020-03-29,Orange,059,3164182,1206,343,13,356,2
2020-03-29,Placer,061,380077,117,35,0,35,2
2020-03-29,Plumas,063,18699,1,0,0,0,0
2020-03-29,Riverside,065,2383286,1079,122,12,134,7
2020-03-29,Sacramento,067,1510023,546,217,0,217,7
2020-03-29,San Benito,069,59416,28,10,0,10,1
2020-03-29,San Bernardino,071,2135413,651,94,0,94,2
2020-03-29,San Diego,073,3302833,1437,521,0,521,7
2020-03-29,San Francisco,075,870044,670,333,0,333,5
2020-03-29,San Joaquin,077,732212,219,86,3,89,4
2020-03-29,San Luis Obispo,079,281455,119,55,0,55,0
2020-03-29,San Mateo,081,765935,692,234,2,236,12
2020-03-29,Santa Barbara,083,443738,204,52,1,53,0
2020-03-29,Santa Clara,085,1922200,1340,591,3,594,30
2020-03-29,Santa Cruz,087,273765,81,33,0,33,1
2020-03-29,Shasta,089,179085,20,4,0,4,1
2020-03-29,Sierra,091,2930,0,0,0,0,0
2020-03-29,Siskiyou,093,43540,4,2,0,2,0
2020-03-29,Solano,095,438530,103,48,0,48,0
2020-03-29,Sonoma,097,501317,143,35,0,35,1
2020-03-29,Stanislaus,099,539301,90,19,3,22,0
2020-03-29,Sutter,101,95872,17,6,0,6,0
2020-03-29,Tehama,103,63373,1,0,0,0,0
2020-03-29,Trinity,105,12862,0,0,0,0,0
2020-03-29,Tulare,107,460477,122,24,3,27,1
2020-03-29,Tuolumne,109,53932,2,1,0,1,0
2020-03-29,Ventura,111,848112,274,92,0,92,2
2020-03-29,Yolo,113,214977,53,13,0,13,1
2020-03-29,Yuba,115,75493,8,3,0,3,0
2020-03-28,Alameda,001,1643700,617,410,1,411,12
2020-03-28,Alpine,003,1148,1,0,0,0,0
2020-03-28,Amador,005,37829,5,2,0,2,0
2020-03-28,Butte,007,227075,14,8,0,8,0
2020-03-28,Calaveras,009,45235,6,4,0,4,0
2020-03-28,Colusa,011,21464,3,2,0,2,0
2020-03-28,Contra Costa,013,1133247,419,350,0,350,4
2020-03-28,Del Norte,015,27424,0,0,0,0,0
2020-03-28,El Dorado,017,186661,31,18,0,18,0
2020-03-28,Fresno,019,978130,194,62,3,65,0
2020-03-28,Glenn,021,27897,2,2,0,2,0
2020-03-28,Humboldt,023,135768,46,18,0,18,0
2020-03-28,Imperial,025,180216,74,18,0,18,0
2020-03-28,Inyo,027,18085,9,0,0,0,0
2020-03-28,Kern,029,883053,213,40,0,40,0
2020-03-28,Kings,031,150075,29,2,1,3,0
2020-03-28,Lake,033,64148,0,0,0,0,0
2020-03-28,Lassen,035,31185,3,0,1,1,0
2020-03-28,Los Angeles,037,10098052,5414,3600,10,3610,64
2020-03-28,Madera,039,155013,43,22,0,22,2
2020-03-28,Marin,041,260295,120,116,0,116,0
2020-03-28,Mariposa,043,17540,0,0,0,0,0
2020-03-28,Mendocino,045,87422,5,4,0,4,0
2020-03-28,Merced,047,269075,27,8,0,8,0
2020-03-28,Modoc,049,8938,0,0,0,0,0
2020-03-28,Mono,051,14174,24,12,0,12,0
2020-03-28,Monterey,053,433212,72,64,0,64,2
2020-03-28,Napa,055,140530,27,10,0,10,0
2020-03-28,Nevada,057,99092,32,22,1,23,0
2020-03-28,Orange,059,3164182,1170,656,13,669,4
2020-03-28,Placer,061,380077,112,70,0,70,2
2020-03-28,Plumas,063,18699,1,0,0,0,0
2020-03-28,Riverside,065,2383286,1011,242,12,254,14
2020-03-28,Sacramento,067,1510023,528,406,0,406,14
2020-03-28,San Benito,069,59416,28,20,0,20,2
2020-03-28,San Bernardino,071,2135413,603,162,0,162,4
2020-03-28,San Diego,073,3302833,1378,980,0,980,14
2020-03-28,San Francisco,075,870044,646,600,0,600,6
2020-03-28,San Joaquin,077,732212,212,166,3,169,8
2020-03-28,San Luis Obispo,079,281455,117,104,0,104,0
2020-03-28,San Mateo,081,765935,672,462,2,464,17
2020-03-28,Santa Barbara,083,443738,194,98,1,99,0
2020-03-28,Santa Clara,085,1922200,1321,1174,3,1177,54
2020-03-28,Santa Cruz,087,273765,80,62,0,62,0
2020-03-28,Shasta,089,179085,20,8,0,8,2
2020-03-28,Sierra,091,2930,0,0,0,0,0
2020-03-28,Siskiyou,093,43540,4,4,0,4,0
2020-03-28,Solano,095,438530,99,96,0,96,0
2020-03-28,Sonoma,097,501317,141,70,0,70,2
2020-03-28,Stanislaus,099,539301,85,34,3,37,0
2020-03-28,Sutter,101,95872,17,6,0,6,0
2020-03-28,Tehama,103,63373,1,0,0,0,0
2020-03-28,Trinity,105,12862,0,0,0,0,0
2020-03-28,Tulare,107,460477,114,46,3,49,0
2020-03-28,Tuolumne,109,53932,2,2,0,2,0
2020-03-28,Ventura,111,848112,270,178,0,178,4
2020-03-28,Yolo,113,214977,52,26,0,26,2
2020-03-28,Yuba,115,75493,8,6,0,6,0
2020-03-27,Alameda,001,1643700,598,185,1,186,4
2020-03-27,Alpine,003,1148,1,0,0,0,0
2020-03-27,Amador,005,37829,4,1,0,1,0
2020-03-27,Butte,007,227075,12,4,0,4,0
2020-03-27,Calaveras,009,45235,6,2,0,2,0
2020-03-27,Colusa,011,21464,3,0,0,0,0
2020-03-27,Contra Costa,013,1133247,398,161,0,161,2
2020-03-27,Del Norte,015,27424,0,0,0,0,0
2020-03-27,El Dorado,017,186661,29,9,0,9,0
2020-03-27,Fresno,019,978130,182,29,2,31,0
2020-03-27,Glenn,021,27897,2,0,0,0,0
2020-03-27,Humboldt,023,135768,42,9,0,9,0
2020-03-27,Imperial,025,180216,69,9,0,9,0
2020-03-27,Inyo,027,18085,9,0,0,0,0
2020-03-27,Kern,029,883053,200,20,0,20,0
2020-03-27,Kings,031,150075,28,0,1,1,0
2020-03-27,Lake,033,64148,0,0,0,0,0
2020-03-27,Lassen,035,31185,3,0,1,1,0
2020-03-27,Los Angeles,037,10098052,5008,1474,10,1484,26
2020-03-27,Madera,039,155013,41,10,0,10,1
2020-03-27,Marin,041,260295,115,58,0,58,0
2020-03-27,Mariposa,043,17540,0,0,0,0,0
2020-03-27,Mendocino,045,87422,5,2,0,2,0
2020-03-27,Merced,047,269075,26,3,0,3,0
2020-03-27,Modoc,049,8938,0,0,0,0,0
2020-03-27,Mono,051,14174,24,6,0,6,0
2020-03-27,Monterey,053,433212,69,26,0,26,1
2020-03-27,Napa,055,140530,27,5,0,5,0
2020-03-27,Nevada,057,99092,32,6,1,7,0
2020-03-27,Orange,059,3164182,1120,299,13,312,2
2020-03-27,Placer,061,380077,109,33,0,33,1
2020-03-27,Plumas,063,18699,0,0,0,0,0
2020-03-27,Riverside,065,2383286,955,121,12,133,7
2020-03-27,Sacramento,067,1510023,505,163,0,163,6
2020-03-27,San Benito,069,59416,27,9,0,9,1
2020-03-27,San Bernardino,071,2135413,513,77,0,77,2
2020-03-27,San Diego,073,3302833,1321,419,0,419,5
2020-03-27,San Francisco,075,870044,621,285,0,285,2
2020-03-27,San Joaquin,077,732212,201,73,3,76,3
2020-03-27,San Luis Obispo,079,281455,115,46,0,46,0
2020-03-27,San Mateo,081,765935,646,213,2,215,7
2020-03-27,Santa Barbara,083,443738,180,37,1,38,0
2020-03-27,Santa Clara,085,1922200,1283,557,3,560,25
2020-03-27,Santa Cruz,087,273765,79,31,0,31,0
2020-03-27,Shasta,089,179085,17,3,0,3,1
2020-03-27,Sierra,091,2930,0,0,0,0,0
2020-03-27,Siskiyou,093,43540,4,2,0,2,0
2020-03-27,Solano,095,438530,93,48,0,48,0
2020-03-27,Sonoma,097,501317,133,35,0,35,1
2020-03-27,Stanislaus,099,539301,83,16,3,19,0
2020-03-27,Sutter,101,95872,16,2,0,2,0
2020-03-27,Tehama,103,63373,1,0,0,0,0
2020-03-27,Trinity,105,12862,0,0,0,0,0
2020-03-27,Tulare,107,460477,106,15,3,18,0
2020-03-27,Tuolumne,109,53932,2,1,0,1,0
2020-03-27,Ventura,111,848112,261,80,0,80,2
2020-03-27,Yolo,113,214977,51,13,0,13,1
2020-03-27,Yuba,115,75493,7,3,0,3,0
2020-03-26,Alameda,001,1643700,558,172,1,173,4
2020-03-26,Alpine,003,1148,1,0,0,0,0
2020-03-26,Amador,005,37829,4,1,0,1,0
2020-03-26,Butte,007,227075,12,4,0,4,0
2020-03-26,Calaveras,009,45235,6,2,0,2,0
2020-03-26,Colusa,011,21464,3,0,0,0,0
2020-03-26,Contra Costa,013,1133247,387,147,0,147,2
2020-03-26,Del Norte,015,27424,0,0,0,0,0
2020-03-26,El Dorado,017,186661,27,7,0,7,0
2020-03-26,Fresno,019,978130,173,25,2,27,0
2020-03-26,Glenn,021,27897,2,0,0,0,0
2020-03-26,Humboldt,023,135768,38,8,0,8,0
2020-03-26,Imperial,025,180216,65,8,0,8,0
2020-03-26,Inyo,027,18085,8,0,0,0,0
2020-03-26,Kern,029,883053,184,20,0,20,0
2020-03-26,Kings,031,150075,28,0,1,1,0
2020-03-26,Lake,033,64148,0,0,0,0,0
2020-03-26,Lassen,035,31185,3,0,1,1,0
2020-03-26,Los Angeles,037,10098052,4601,1075,10,1085,19
2020-03-26,Madera,039,155013,39,8,0,8,0
2020-03-26,Marin,041,260295,106,56,0,56,0
2020-03-26,Mariposa,043,17540,0,0,0,0,0
2020-03-26,Mendocino,045,87422,4,1,0,1,0
2020-03-26,Merced,047,269075,23,1,0,1,0
2020-03-26,Modoc,049,8938,0,0,0,0,0
2020-03-26,Mono,051,14174,23,5,0,5,0
2020-03-26,Monterey,053,433212,66,25,0,25,1
2020-03-26,Napa,055,140530,26,5,0,5,0
2020-03-26,Nevada,057,99092,32,7,1,8,0
2020-03-26,Orange,059,3164182,1058,279,11,290,1
2020-03-26,Placer,061,380077,106,34,0,34,1
2020-03-26,Plumas,063,18699,0,0,0,0,0
2020-03-26,Riverside,065,2383286,884,118,12,130,7
2020-03-26,Sacramento,067,1510023,472,147,0,147,5
2020-03-26,San Benito,069,59416,27,8,0,8,1
2020-03-26,San Bernardino,071,2135413,447,57,0,57,1
2020-03-26,San Diego,073,3302833,1254,299,0,299,2
2020-03-26,San Francisco,075,870044,594,261,0,261,1
2020-03-26,San Joaquin,077,732212,190,69,3,72,3
2020-03-26,San Luis Obispo,079,281455,110,38,0,38,0
2020-03-26,San Mateo,081,765935,612,122,2,124,5
2020-03-26,Santa Barbara,083,443738,167,33,1,34,0
2020-03-26,Santa Clara,085,1922200,1238,487,2,489,20
2020-03-26,Santa Cruz,087,273765,75,30,0,30,0
2020-03-26,Shasta,089,179085,17,3,0,3,1
2020-03-26,Sierra,091,2930,0,0,0,0,0
2020-03-26,Siskiyou,093,43540,4,2,0,2,0
2020-03-26,Solano,095,438530,85,41,0,41,0
2020-03-26,Sonoma,097,501317,128,33,0,33,1
2020-03-26,Stanislaus,099,539301,81,15,3,18,0
2020-03-26,Sutter,101,95872,12,2,0,2,0
2020-03-26,Tehama,103,63373,1,0,0,0,0
2020-03-26,Trinity,105,12862,0,0,0,0,0
2020-03-26,Tulare,107,460477,97,15,3,18,0
2020-03-26,Tuolumne,109,53932,2,0,0,0,0
2020-03-26,Ventura,111,848112,245,70,0,70,1
2020-03-26,Yolo,113,214977,47,13,0,13,1
2020-03-26,Yuba,115,75493,7,3,0,3,0
2020-03-25,Alameda,001,1643700,537,134,1,135,3
2020-03-25,Alpine,003,1148,1,0,0,0,0
2020-03-25,Amador,005,37829,4,1,0,1,0
2020-03-25,Butte,007,227075,12,4,0,4,0
2020-03-25,Calaveras,009,45235,6,2,0,2,0
2020-03-25,Colusa,011,21464,2,0,0,0,0
2020-03-25,Contra Costa,013,1133247,373,131,0,131,1
2020-03-25,Del Norte,015,27424,0,0,0,0,0
2020-03-25,El Dorado,017,186661,27,5,0,5,0
2020-03-25,Fresno,019,978130,153,21,2,23,0
2020-03-25,Glenn,021,27897,2,0,0,0,0
2020-03-25,Humboldt,023,135768,35,3,0,3,0
2020-03-25,Imperial,025,180216,57,8,0,8,0
2020-03-25,Inyo,027,18085,5,0,0,0,0
2020-03-25,Kern,029,883053,164,13,0,13,0
2020-03-25,Kings,031,150075,26,0,1,1,0
2020-03-25,Lake,033,64148,0,0,0,0,0
2020-03-25,Lassen,035,31185,3,0,1,1,0
2020-03-25,Los Angeles,037,10098052,4202,725,10,735,10
2020-03-25,Madera,039,155013,37,6,0,6,0
2020-03-25,Marin,041,260295,100,47,0,47,0
2020-03-25,Mariposa,043,17540,0,0,0,0,0
2020-03-25,Mendocino,045,87422,3,1,0,1,0
2020-03-25,Merced,047,269075,19,0,0,0,0
2020-03-25,Modoc,049,8938,0,0,0,0,0
2020-03-25,Mono,051,14174,22,4,0,4,0
2020-03-25,Monterey,053,433212,63,23,0,23,1
2020-03-25,Napa,055,140530,26,5,0,5,0
2020-03-25,Nevada,057,99092,31,5,1,6,0
2020-03-25,Orange,059,3164182,1000,214,9,223,1
2020-03-25,Placer,061,380077,100,30,0,30,1
2020-03-25,Plumas,063,18699,0,1,0,1,0
2020-03-25,Riverside,065,2383286,813,87,12,99,5
2020-03-25,Sacramento,067,1510023,446,114,0,114,5
2020-03-25,San Benito,069,59416,26,4,0,4,1
2020-03-25,San Bernardino,071,2135413,408,46,0,46,1
2020-03-25,San Diego,073,3302833,1192,238,0,238,2
2020-03-25,San Francisco,075,870044,553,212,0,212,1
2020-03-25,San Joaquin,077,732212,177,64,3,67,2
2020-03-25,San Luis Obispo,079,281455,105,35,0,35,0
2020-03-25,San Mateo,081,765935,577,111,2,113,5
2020-03-25,Santa Barbara,083,443738,157,25,1,26,0
2020-03-25,Santa Clara,085,1922200,1194,452,2,454,20
2020-03-25,Santa Cruz,087,273765,72,26,0,26,0
2020-03-25,Shasta,089,179085,16,3,0,3,1
2020-03-25,Sierra,091,2930,0,0,0,0,0
2020-03-25,Siskiyou,093,43540,4,2,0,2,0
2020-03-25,Solano,095,438530,80,39,0,39,0
2020-03-25,Sonoma,097,501317,123,31,0,31,1
2020-03-25,Stanislaus,099,539301,74,14,3,17,0
2020-03-25,Sutter,101,95872,9,1,0,1,0
2020-03-25,Tehama,103,63373,1,0,0,0,0
2020-03-25,Trinity,105,12862,0,0,0,0,0
2020-03-25,Tulare,107,460477,87,11,3,14,0
2020-03-25,Tuolumne,109,53932,2,0,0,0,0
2020-03-25,Ventura,111,848112,229,53,0,53,1
2020-03-25,Yolo,113,214977,45,9,0,9,1
2020-03-25,Yuba,115,75493,7,2,0,2,0
2020-03-24,Alameda,001,1643700,505,96,1,97,2
2020-03-24,Alpine,003,1148,1,0,0,0,0
2020-03-24,Amador,005,37829,2,1,0,1,0
2020-03-24,Butte,007,227075,11,3,0,3,0
2020-03-24,Calaveras,009,45235,5,2,0,2,0
2020-03-24,Colusa,011,21464,2,0,0,0,0
2020-03-24,Contra Costa,013,1133247,360,108,0,108,1
2020-03-24,Del Norte,015,27424,0,0,0,0,0
2020-03-24,El Dorado,017,186661,27,3,0,3,0
2020-03-24,Fresno,019,978130,134,18,2,20,0
2020-03-24,Glenn,021,27897,2,0,0,0,0
2020-03-24,Humboldt,023,135768,33,2,0,2,0
2020-03-24,Imperial,025,180216,54,3,0,3,0
2020-03-24,Inyo,027,18085,5,0,0,0,0
2020-03-24,Kern,029,883053,144,5,0,5,0
2020-03-24,Kings,031,150075,25,0,1,1,0
2020-03-24,Lake,033,64148,0,0,0,0,0
2020-03-24,Lassen,035,31185,3,0,1,1,0
2020-03-24,Los Angeles,037,10098052,3758,633,10,643,7
2020-03-24,Madera,039,155013,36,6,0,6,0
2020-03-24,Marin,041,260295,89,44,0,44,0
2020-03-24,Mariposa,043,17540,0,0,0,0,0
2020-03-24,Mendocino,045,87422,3,1,0,1,0
2020-03-24,Merced,047,269075,17,0,0,0,0
2020-03-24,Modoc,049,8938,0,0,0,0,0
2020-03-24,Mono,051,14174,21,1,0,1,0
2020-03-24,Monterey,053,433212,59,23,0,23,1
2020-03-24,Napa,055,140530,23,2,0,2,0
2020-03-24,Nevada,057,99092,30,4,1,5,0
2020-03-24,Orange,059,3164182,938,166,9,175,0
2020-03-24,Placer,061,380077,93,22,0,22,1
2020-03-24,Plumas,063,18699,0,1,0,1,0
2020-03-24,Riverside,065,2383286,746,56,12,68,5
2020-03-24,Sacramento,067,1510023,426,93,0,93,4
2020-03-24,San Benito,069,59416,25,4,0,4,1
2020-03-24,San Bernardino,071,2135413,364,27,0,27,0
2020-03-24,San Diego,073,3302833,1125,231,0,231,2
2020-03-24,San Francisco,075,870044,521,181,0,181,1
2020-03-24,San Joaquin,077,732212,166,52,3,55,2
2020-03-24,San Luis Obispo,079,281455,102,32,0,32,0
2020-03-24,San Mateo,081,765935,536,100,2,102,2
2020-03-24,Santa Barbara,083,443738,151,20,1,21,0
2020-03-24,Santa Clara,085,1922200,1125,389,2,391,17
2020-03-24,Santa Cruz,087,273765,67,22,0,22,0
2020-03-24,Shasta,089,179085,15,3,0,3,0
2020-03-24,Sierra,091,2930,0,0,0,0,0
2020-03-24,Siskiyou,093,43540,4,2,0,2,0
2020-03-24,Solano,095,438530,78,34,0,34,0
2020-03-24,Sonoma,097,501317,116,27,0,27,1
2020-03-24,Stanislaus,099,539301,65,13,3,16,0
2020-03-24,Sutter,101,95872,9,0,0,0,0
2020-03-24,Tehama,103,63373,1,0,0,0,0
2020-03-24,Trinity,105,12862,0,0,0,0,0
2020-03-24,Tulare,107,460477,77,10,3,13,0
2020-03-24,Tuolumne,109,53932,2,0,0,0,0
2020-03-24,Ventura,111,848112,213,44,0,44,1
2020-03-24,Yolo,113,214977,41,8,0,8,0
2020-03-24,Yuba,115,75493,7,2,0,2,0
2020-03-23,Alameda,001,1643700,474,88,1,89,1
2020-03-23,Alpine,003,1148,1,0,0,0,0
2020-03-23,Amador,005,37829,2,1,0,1,0
2020-03-23,Butte,007,227075,11,2,0,2,0
2020-03-23,Calaveras,009,45235,5,2,0,2,0
2020-03-23,Colusa,011,21464,1,0,0,0,0
2020-03-23,Contra Costa,013,1133247,340,91,0,91,2
2020-03-23,Del Norte,015,27424,0,0,0,0,0
2020-03-23,El Dorado,017,186661,26,3,0,3,0
2020-03-23,Fresno,019,978130,124,10,2,12,0
2020-03-23,Glenn,021,27897,2,0,0,0,0
2020-03-23,Humboldt,023,135768,31,2,0,2,0
2020-03-23,Imperial,025,180216,50,2,0,2,0
2020-03-23,Inyo,027,18085,3,0,0,0,0
2020-03-23,Kern,029,883053,130,5,0,5,0
2020-03-23,Kings,031,150075,25,0,1,1,0
2020-03-23,Lake,033,64148,0,0,0,0,0
2020-03-23,Lassen,035,31185,3,0,1,1,0
2020-03-23,Los Angeles,037,10098052,3450,389,10,399,4
2020-03-23,Madera,039,155013,36,4,0,4,0
2020-03-23,Marin,041,260295,84,30,0,30,0
2020-03-23,Mariposa,043,17540,0,0,0,0,0
2020-03-23,Mendocino,045,87422,3,1,0,1,0
2020-03-23,Merced,047,269075,11,0,0,0,0
2020-03-23,Modoc,049,8938,0,0,0,0,0
2020-03-23,Mono,051,14174,19,1,0,1,0
2020-03-23,Monterey,053,433212,54,14,0,14,1
2020-03-23,Napa,055,140530,21,1,0,1,0
2020-03-23,Nevada,057,99092,27,2,1,3,0
2020-03-23,Orange,059,3164182,883,138,7,145,0
2020-03-23,Placer,061,380077,90,19,0,19,1
2020-03-23,Plumas,063,18699,0,0,0,0,0
2020-03-23,Riverside,065,2383286,703,39,12,51,5
2020-03-23,Sacramento,067,1510023,393,87,0,87,4
2020-03-23,San Benito,069,59416,24,4,0,4,1
2020-03-23,San Bernardino,071,2135413,334,17,0,17,0
2020-03-23,San Diego,073,3302833,1066,178,0,178,1
2020-03-23,San Francisco,075,870044,492,152,0,152,0
2020-03-23,San Joaquin,077,732212,154,37,3,40,2
2020-03-23,San Luis Obispo,079,281455,96,23,0,23,0
2020-03-23,San Mateo,081,765935,497,88,2,90,1
2020-03-23,Santa Barbara,083,443738,133,18,1,19,0
2020-03-23,Santa Clara,085,1922200,1076,336,2,338,13
2020-03-23,Santa Cruz,087,273765,65,21,0,21,0
2020-03-23,Shasta,089,179085,13,2,0,2,0
2020-03-23,Sierra,091,2930,0,0,0,0,0
2020-03-23,Siskiyou,093,43540,4,2,0,2,0
2020-03-23,Solano,095,438530,74,33,0,33,0
2020-03-23,Sonoma,097,501317,104,19,0,19,1
2020-03-23,Stanislaus,099,539301,57,10,3,13,0
2020-03-23,Sutter,101,95872,9,0,0,0,0
2020-03-23,Tehama,103,63373,1,0,0,0,0
2020-03-23,Trinity,105,12862,0,0,0,0,0
2020-03-23,Tulare,107,460477,68,9,3,12,0
2020-03-23,Tuolumne,109,53932,2,0,0,0,0
2020-03-23,Ventura,111,848112,196,30,0,30,0
2020-03-23,Yolo,113,214977,40,8,0,8,0
2020-03-23,Yuba,115,75493,7,2,0,2,0
2020-03-22,Alameda,001,1643700,435,72,1,73,1
2020-03-22,Alpine,003,1148,1,0,0,0,0
2020-03-22,Amador,005,37829,2,1,0,1,0
2020-03-22,Butte,007,227075,8,1,0,1,0
2020-03-22,Calaveras,009,45235,4,2,0,2,0
2020-03-22,Colusa,011,21464,1,0,0,0,0
2020-03-22,Contra Costa,013,1133247,313,79,0,79,1
2020-03-22,Del Norte,015,27424,0,0,0,0,0
2020-03-22,El Dorado,017,186661,24,1,0,1,0
2020-03-22,Fresno,019,978130,104,8,2,10,0
2020-03-22,Glenn,021,27897,2,0,0,0,0
2020-03-22,Humboldt,023,135768,28,1,0,1,0
2020-03-22,Imperial,025,180216,48,2,0,2,0
2020-03-22,Inyo,027,18085,1,0,0,0,0
2020-03-22,Kern,029,883053,114,3,0,3,0
2020-03-22,Kings,031,150075,22,0,1,1,0
2020-03-22,Lake,033,64148,0,0,0,0,0
2020-03-22,Lassen,035,31185,3,0,1,1,0
2020-03-22,Los Angeles,037,10098052,3120,384,10,394,3
2020-03-22,Madera,039,155013,33,4,0,4,0
2020-03-22,Marin,041,260295,74,30,0,30,0
2020-03-22,Mariposa,043,17540,0,0,0,0,0
2020-03-22,Mendocino,045,87422,3,1,0,1,0
2020-03-22,Merced,047,269075,7,0,0,0,0
2020-03-22,Modoc,049,8938,0,0,0,0,0
2020-03-22,Mono,051,14174,14,1,0,1,0
2020-03-22,Monterey,053,433212,51,14,0,14,1
2020-03-22,Napa,055,140530,17,1,0,1,0
2020-03-22,Nevada,057,99092,23,2,1,3,0
2020-03-22,Orange,059,3164182,810,102,4,106,0
2020-03-22,Placer,061,380077,88,18,0,18,1
2020-03-22,Plumas,063,18699,0,0,0,0,0
2020-03-22,Riverside,065,2383286,613,26,8,34,5
2020-03-22,Sacramento,067,1510023,361,82,0,82,4
2020-03-22,San Benito,069,59416,19,4,0,4,1
2020-03-22,San Bernardino,071,2135413,290,16,0,16,0
2020-03-22,San Diego,073,3302833,978,161,0,161,0
2020-03-22,San Francisco,075,870044,455,134,0,134,0
2020-03-22,San Joaquin,077,732212,140,30,3,33,2
2020-03-22,San Luis Obispo,079,281455,89,19,0,19,0
2020-03-22,San Mateo,081,765935,464,82,2,84,1
2020-03-22,Santa Barbara,083,443738,119,16,1,17,0
2020-03-22,Santa Clara,085,1922200,1012,284,2,286,13
2020-03-22,Santa Cruz,087,273765,64,19,0,19,0
2020-03-22,Shasta,089,179085,13,1,0,1,0
2020-03-22,Sierra,091,2930,0,0,0,0,0
2020-03-22,Siskiyou,093,43540,4,2,0,2,0
2020-03-22,Solano,095,438530,65,30,0,30,0
2020-03-22,Sonoma,097,501317,99,18,0,18,1
2020-03-22,Stanislaus,099,539301,51,8,3,11,0
2020-03-22,Sutter,101,95872,8,0,0,0,0
2020-03-22,Tehama,103,63373,0,0,0,0,0
2020-03-22,Trinity,105,12862,0,0,0,0,0
2020-03-22,Tulare,107,460477,62,5,3,8,0
2020-03-22,Tuolumne,109,53932,2,0,0,0,0
2020-03-22,Ventura,111,848112,174,26,0,26,0
2020-03-22,Yolo,113,214977,34,6,0,6,0
2020-03-22,Yuba,115,75493,7,2,0,2,0
2020-03-21,Alameda,001,1643700,411,62,1,63,0
2020-03-21,Alpine,003,1148,1,0,0,0,0
2020-03-21,Amador,005,37829,2,1,0,1,0
2020-03-21,Butte,007,227075,7,1,0,1,0
2020-03-21,Calaveras,009,45235,4,2,0,2,0
2020-03-21,Colusa,011,21464,1,0,0,0,0
2020-03-21,Contra Costa,013,1133247,302,62,0,62,1
2020-03-21,Del Norte,015,27424,0,0,0,0,0
2020-03-21,El Dorado,017,186661,21,1,0,1,0
2020-03-21,Fresno,019,978130,100,8,2,10,0
2020-03-21,Glenn,021,27897,2,0,0,0,0
2020-03-21,Humboldt,023,135768,25,1,0,1,0
2020-03-21,Imperial,025,180216,44,2,0,2,0
2020-03-21,Inyo,027,18085,1,0,0,0,0
2020-03-21,Kern,029,883053,108,3,0,3,0
2020-03-21,Kings,031,150075,22,0,1,1,0
2020-03-21,Lake,033,64148,0,0,0,0,0
2020-03-21,Lassen,035,31185,3,0,1,1,0
2020-03-21,Los Angeles,037,10098052,2843,322,10,332,2
2020-03-21,Madera,039,155013,33,4,0,4,0
2020-03-21,Marin,041,260295,69,30,0,30,0
2020-03-21,Mariposa,043,17540,0,0,0,0,0
2020-03-21,Mendocino,045,87422,3,1,0,1,0
2020-03-21,Merced,047,269075,6,0,0,0,0
2020-03-21,Modoc,049,8938,0,0,0,0,0
2020-03-21,Mono,051,14174,14,1,0,1,0
2020-03-21,Monterey,053,433212,48,8,0,8,1
2020-03-21,Napa,055,140530,17,0,0,0,0
2020-03-21,Nevada,057,99092,23,2,1,3,0
2020-03-21,Orange,059,3164182,761,85,4,89,0
2020-03-21,Placer,061,380077,78,11,0,11,1
2020-03-21,Plumas,063,18699,0,0,0,0,0
2020-03-21,Riverside,065,2383286,566,20,8,28,3
2020-03-21,Sacramento,067,1510023,334,66,0,66,3
2020-03-21,San Benito,069,59416,17,4,0,4,1
2020-03-21,San Bernardino,071,2135413,270,13,0,13,0
2020-03-21,San Diego,073,3302833,901,121,0,121,0
2020-03-21,San Francisco,075,870044,419,106,0,106,0
2020-03-21,San Joaquin,077,732212,131,26,3,29,2
2020-03-21,San Luis Obispo,079,281455,84,16,0,16,0
2020-03-21,San Mateo,081,765935,426,78,2,80,1
2020-03-21,Santa Barbara,083,443738,109,8,1,9,0
2020-03-21,Santa Clara,085,1922200,950,269,2,271,10
2020-03-21,Santa Cruz,087,273765,62,17,0,17,0
2020-03-21,Shasta,089,179085,12,1,0,1,0
2020-03-21,Sierra,091,2930,0,0,0,0,0
2020-03-21,Siskiyou,093,43540,4,0,0,0,0
2020-03-21,Solano,095,438530,63,30,0,30,0
2020-03-21,Sonoma,097,501317,98,15,0,15,1
2020-03-21,Stanislaus,099,539301,45,7,3,10,0
2020-03-21,Sutter,101,95872,7,0,0,0,0
2020-03-21,Tehama,103,63373,0,0,0,0,0
2020-03-21,Trinity,105,12862,0,0,0,0,0
2020-03-21,Tulare,107,460477,54,5,3,8,0
2020-03-21,Tuolumne,109,53932,2,0,0,0,0
2020-03-21,Ventura,111,848112,166,22,0,22,0
2020-03-21,Yolo,113,214977,34,6,0,6,0
2020-03-21,Yuba,115,75493,7,1,0,1,0
2020-03-20,Alameda,001,1643700,390,42,1,43,0
2020-03-20,Alpine,003,1148,1,0,0,0,0
2020-03-20,Amador,005,37829,1,0,0,0,0
2020-03-20,Butte,007,227075,7,0,0,0,0
2020-03-20,Calaveras,009,45235,4,2,0,2,0
2020-03-20,Colusa,011,21464,1,0,0,0,0
2020-03-20,Contra Costa,013,1133247,272,52,0,52,1
2020-03-20,Del Norte,015,27424,0,0,0,0,0
2020-03-20,El Dorado,017,186661,20,1,0,1,0
2020-03-20,Fresno,019,978130,97,7,2,9,0
2020-03-20,Glenn,021,27897,1,0,0,0,0
2020-03-20,Humboldt,023,135768,25,1,0,1,0
2020-03-20,Imperial,025,180216,43,2,0,2,0
2020-03-20,Inyo,027,18085,0,0,0,0,0
2020-03-20,Kern,029,883053,93,3,0,3,0
2020-03-20,Kings,031,150075,21,0,1,1,0
2020-03-20,Lake,033,64148,0,0,0,0,0
2020-03-20,Lassen,035,31185,3,0,1,1,0
2020-03-20,Los Angeles,037,10098052,2614,267,9,276,1
2020-03-20,Madera,039,155013,32,4,0,4,0
2020-03-20,Marin,041,260295,66,30,0,30,0
2020-03-20,Mariposa,043,17540,0,0,0,0,0
2020-03-20,Mendocino,045,87422,3,1,0,1,0
2020-03-20,Merced,047,269075,6,0,0,0,0
2020-03-20,Modoc,049,8938,0,0,0,0,0
2020-03-20,Mono,051,14174,14,0,0,0,0
2020-03-20,Monterey,053,433212,47,4,0,4,0
2020-03-20,Napa,055,140530,16,0,0,0,0
2020-03-20,Nevada,057,99092,20,2,1,3,0
2020-03-20,Orange,059,3164182,714,71,4,75,2
2020-03-20,Placer,061,380077,72,9,0,9,1
2020-03-20,Plumas,063,18699,0,0,0,0,0
2020-03-20,Riverside,065,2383286,507,19,8,27,3
2020-03-20,Sacramento,067,1510023,313,56,0,56,4
2020-03-20,San Benito,069,59416,17,4,0,4,1
2020-03-20,San Bernardino,071,2135413,243,9,0,9,0
2020-03-20,San Diego,073,3302833,849,98,0,98,0
2020-03-20,San Francisco,075,870044,387,87,0,87,0
2020-03-20,San Joaquin,077,732212,116,18,3,21,2
2020-03-20,San Luis Obispo,079,281455,80,11,0,11,0
2020-03-20,San Mateo,081,765935,396,71,2,73,1
2020-03-20,Santa Barbara,083,443738,97,7,1,8,0
2020-03-20,Santa Clara,085,1922200,914,246,2,248,8
2020-03-20,Santa Cruz,087,273765,60,13,0,13,0
2020-03-20,Shasta,089,179085,11,1,0,1,0
2020-03-20,Sierra,091,2930,0,0,0,0,0
2020-03-20,Siskiyou,093,43540,4,0,0,0,0
2020-03-20,Solano,095,438530,59,29,0,29,0
2020-03-20,Sonoma,097,501317,90,7,0,7,0
2020-03-20,Stanislaus,099,539301,39,7,3,10,0
2020-03-20,Sutter,101,95872,7,0,0,0,0
2020-03-20,Tehama,103,63373,0,0,0,0,0
2020-03-20,Trinity,105,12862,0,0,0,0,0
2020-03-20,Tulare,107,460477,50,4,3,7,0
2020-03-20,Tuolumne,109,53932,2,0,0,0,0
2020-03-20,Ventura,111,848112,156,18,0,18,0
2020-03-20,Yolo,113,214977,32,5,0,5,0
2020-03-20,Yuba,115,75493,6,0,0,0,0
2020-03-19,Alameda,001,1643700,354,36,1,37,0
2020-03-19,Alpine,003,1148,1,0,0,0,0
2020-03-19,Amador,005,37829,1,0,0,0,0
2020-03-19,Butte,007,227075,5,0,0,0,0
2020-03-19,Calaveras,009,45235,4,2,0,2,0
2020-03-19,Colusa,011,21464,0,0,0,0,0
2020-03-19,Contra Costa,013,1133247,256,46,0,46,0
2020-03-19,Del Norte,015,27424,0,0,0,0,0
2020-03-19,El Dorado,017,186661,18,0,0,0,0
2020-03-19,Fresno,019,978130,88,6,2,8,0
2020-03-19,Glenn,021,27897,1,0,0,0,0
2020-03-19,Humboldt,023,135768,23,1,0,1,0
2020-03-19,Imperial,025,180216,36,2,0,2,0
2020-03-19,Inyo,027,18085,0,0,0,0,0
2020-03-19,Kern,029,883053,81,3,0,3,0
2020-03-19,Kings,031,150075,17,0,1,1,0
2020-03-19,Lake,033,64148,0,0,0,0,0
2020-03-19,Lassen,035,31185,2,0,1,1,0
2020-03-19,Los Angeles,037,10098052,2323,233,9,242,0
2020-03-19,Madera,039,155013,31,3,0,3,0
2020-03-19,Marin,041,260295,63,19,0,19,0
2020-03-19,Mariposa,043,17540,0,0,0,0,0
2020-03-19,Mendocino,045,87422,2,1,0,1,0
2020-03-19,Merced,047,269075,5,0,0,0,0
2020-03-19,Modoc,049,8938,0,0,0,0,0
2020-03-19,Mono,051,14174,12,0,0,0,0
2020-03-19,Monterey,053,433212,39,3,0,3,0
2020-03-19,Napa,055,140530,14,0,0,0,0
2020-03-19,Nevada,057,99092,18,2,1,3,0
2020-03-19,Orange,059,3164182,633,59,4,63,0
2020-03-19,Placer,061,380077,64,8,0,8,1
2020-03-19,Plumas,063,18699,0,0,0,0,0
2020-03-19,Riverside,065,2383286,396,14,6,20,3
2020-03-19,Sacramento,067,1510023,280,52,0,52,3
2020-03-19,San Benito,069,59416,14,3,0,3,0
2020-03-19,San Bernardino,071,2135413,213,7,0,7,0
2020-03-19,San Diego,073,3302833,766,68,0,68,0
2020-03-19,San Francisco,075,870044,351,80,0,80,0
2020-03-19,San Joaquin,077,732212,102,15,3,18,2
2020-03-19,San Luis Obispo,079,281455,77,6,0,6,0
2020-03-19,San Mateo,081,765935,361,58,2,60,1
2020-03-19,Santa Barbara,083,443738,85,5,0,5,0
2020-03-19,Santa Clara,085,1922200,847,183,2,185,8
2020-03-19,Santa Cruz,087,273765,57,13,0,13,0
2020-03-19,Shasta,089,179085,10,1,0,1,0
2020-03-19,Sierra,091,2930,0,0,0,0,0
2020-03-19,Siskiyou,093,43540,3,0,0,0,0
2020-03-19,Solano,095,438530,55,26,0,26,0
2020-03-19,Sonoma,097,501317,87,8,0,8,0
2020-03-19,Stanislaus,099,539301,38,7,3,10,0
2020-03-19,Sutter,101,95872,7,0,0,0,0
2020-03-19,Tehama,103,63373,0,0,0,0,0
2020-03-19,Trinity,105,12862,0,0,0,0,0
2020-03-19,Tulare,107,460477,44,3,3,6,0
2020-03-19,Tuolumne,109,53932,2,0,0,0,0
2020-03-19,Ventura,111,848112,134,15,0,15,0
2020-03-19,Yolo,113,214977,28,5,0,5,0
2020-03-19,Yuba,115,75493,5,0,0,0,0
2020-03-18,Alameda,001,1643700,325,29,1,30,0
2020-03-18,Alpine,003,1148,1,0,0,0,0
2020-03-18,Amador,005,37829,1,0,0,0,0
2020-03-18,Butte,007,227075,4,0,0,0,0
2020-03-18,Calaveras,009,45235,4,2,0,2,0
2020-03-18,Colusa,011,21464,0,0,0,0,0
2020-03-18,Contra Costa,013,1133247,234,44,0,44,0
2020-03-18,Del Norte,015,27424,0,0,0,0,0
2020-03-18,El Dorado,017,186661,17,0,0,0,0
2020-03-18,Fresno,019,978130,79,3,1,4,0
2020-03-18,Glenn,021,27897,1,0,0,0,0
2020-03-18,Humboldt,023,135768,19,1,0,1,0
2020-03-18,Imperial,025,180216,30,2,0,2,0
2020-03-18,Inyo,027,18085,0,0,0,0,0
2020-03-18,Kern,029,883053,66,1,0,1,0
2020-03-18,Kings,031,150075,15,0,1,1,0
2020-03-18,Lake,033,64148,0,0,0,0,0
2020-03-18,Lassen,035,31185,1,0,1,1,0
2020-03-18,Los Angeles,037,10098052,2077,47,9,56,0
2020-03-18,Madera,039,155013,30,2,0,2,0
2020-03-18,Marin,041,260295,58,10,0,10,0
2020-03-18,Mariposa,043,17540,0,0,0,0,0
2020-03-18,Mendocino,045,87422,2,0,0,0,0
2020-03-18,Merced,047,269075,5,0,0,0,0
2020-03-18,Modoc,049,8938,0,0,0,0,0
2020-03-18,Mono,051,14174,11,0,0,0,0
2020-03-18,Monterey,053,433212,31,1,0,1,0
2020-03-18,Napa,055,140530,11,0,0,0,0
2020-03-18,Nevada,057,99092,16,2,1,3,0
2020-03-18,Orange,059,3164182,575,38,4,42,0
2020-03-18,Placer,061,380077,57,8,0,8,1
2020-03-18,Plumas,063,18699,0,0,0,0,0
2020-03-18,Riverside,065,2383286,333,11,5,16,2
2020-03-18,Sacramento,067,1510023,257,46,0,46,3
2020-03-18,San Benito,069,59416,13,3,0,3,0
2020-03-18,San Bernardino,071,2135413,191,3,0,3,0
2020-03-18,San Diego,073,3302833,681,40,0,40,0
2020-03-18,San Francisco,075,870044,332,65,0,65,0
2020-03-18,San Joaquin,077,732212,90,14,3,17,2
2020-03-18,San Luis Obispo,079,281455,70,5,0,5,0
2020-03-18,San Mateo,081,765935,340,57,2,59,1
2020-03-18,Santa Barbara,083,443738,77,2,0,2,0
2020-03-18,Santa Clara,085,1922200,796,151,2,153,6
2020-03-18,Santa Cruz,087,273765,55,11,0,11,0
2020-03-18,Shasta,089,179085,9,1,0,1,0
2020-03-18,Sierra,091,2930,0,0,0,0,0
2020-03-18,Siskiyou,093,43540,3,0,0,0,0
2020-03-18,Solano,095,438530,51,26,0,26,0
2020-03-18,Sonoma,097,501317,78,6,0,6,0
2020-03-18,Stanislaus,099,539301,34,5,2,7,0
2020-03-18,Sutter,101,95872,5,0,0,0,0
2020-03-18,Tehama,103,63373,0,0,0,0,0
2020-03-18,Trinity,105,12862,0,0,0,0,0
2020-03-18,Tulare,107,460477,34,3,3,6,0
2020-03-18,Tuolumne,109,53932,2,0,0,0,0
2020-03-18,Ventura,111,848112,115,11,0,11,0
2020-03-18,Yolo,113,214977,25,4,0,4,0
2020-03-18,Yuba,115,75493,4,0,0,0,0
2020-03-17,Alameda,001,1643700,293,19,0,19,0
2020-03-17,Alpine,003,1148,0,0,0,0,0
2020-03-17,Amador,005,37829,1,0,0,0,0
2020-03-17,Butte,007,227075,4,0,0,0,0
2020-03-17,Calaveras,009,45235,4,2,0,2,0
2020-03-17,Colusa,011,21464,0,0,0,0,0
2020-03-17,Contra Costa,013,1133247,212,37,0,37,0
2020-03-17,Del Norte,015,27424,0,0,0,0,0
2020-03-17,El Dorado,017,186661,16,0,0,0,0
2020-03-17,Fresno,019,978130,69,2,1,3,0
2020-03-17,Glenn,021,27897,1,0,0,0,0
2020-03-17,Humboldt,023,135768,17,1,0,1,0
2020-03-17,Imperial,025,180216,24,2,0,2,0
2020-03-17,Inyo,027,18085,0,0,0,0,0
2020-03-17,Kern,029,883053,52,0,0,0,0
2020-03-17,Kings,031,150075,12,0,1,1,0
2020-03-17,Lake,033,64148,0,0,0,0,0
2020-03-17,Lassen,035,31185,1,0,1,1,0
2020-03-17,Los Angeles,037,10098052,1868,41,9,50,0
2020-03-17,Madera,039,155013,22,2,0,2,0
2020-03-17,Marin,041,260295,51,4,0,4,0
2020-03-17,Mariposa,043,17540,0,0,0,0,0
2020-03-17,Mendocino,045,87422,2,0,0,0,0
2020-03-17,Merced,047,269075,5,0,0,0,0
2020-03-17,Modoc,049,8938,0,0,0,0,0
2020-03-17,Mono,051,14174,9,0,0,0,0
2020-03-17,Monterey,053,433212,29,0,0,0,0
2020-03-17,Napa,055,140530,8,0,0,0,0
2020-03-17,Nevada,057,99092,15,1,1,2,0
2020-03-17,Orange,059,3164182,497,24,3,27,0
2020-03-17,Placer,061,380077,47,7,0,7,1
2020-03-17,Plumas,063,18699,0,0,0,0,0
2020-03-17,Riverside,065,2383286,271,11,5,16,0
2020-03-17,Sacramento,067,1510023,237,36,0,36,1
2020-03-17,San Benito,069,59416,12,2,0,2,0
2020-03-17,San Bernardino,071,2135413,163,2,0,2,0
2020-03-17,San Diego,073,3302833,614,17,0,17,0
2020-03-17,San Francisco,075,870044,305,46,0,46,0
2020-03-17,San Joaquin,077,732212,84,11,3,14,0
2020-03-17,San Luis Obispo,079,281455,62,1,0,1,0
2020-03-17,San Mateo,081,765935,308,46,2,48,1
2020-03-17,Santa Barbara,083,443738,65,0,0,0,0
2020-03-17,Santa Clara,085,1922200,738,121,2,123,4
2020-03-17,Santa Cruz,087,273765,52,10,0,10,0
2020-03-17,Shasta,089,179085,5,1,0,1,0
2020-03-17,Sierra,091,2930,0,0,0,0,0
2020-03-17,Siskiyou,093,43540,3,0,0,0,0
2020-03-17,Solano,095,438530,48,27,0,27,0
2020-03-17,Sonoma,097,501317,70,4,0,4,0
2020-03-17,Stanislaus,099,539301,31,4,2,6,0
2020-03-17,Sutter,101,95872,5,0,0,0,0
2020-03-17,Tehama,103,63373,0,0,0,0,0
2020-03-17,Trinity,105,12862,0,0,0,0,0
2020-03-17,Tulare,107,460477,29,2,3,5,0
2020-03-17,Tuolumne,109,53932,2,0,0,0,0
2020-03-17,Ventura,111,848112,98,7,0,7,0
2020-03-17,Yolo,113,214977,21,2,0,2,0
2020-03-17,Yuba,115,75493,4,0,0,0,0
2020-03-16,Alameda,001,1643700,264,17,0,17,0
2020-03-16,Alpine,003,1148,0,0,0,0,0
2020-03-16,Amador,005,37829,1,0,0,0,0
2020-03-16,Butte,007,227075,3,0,0,0,0
2020-03-16,Calaveras,009,45235,4,2,0,2,0
2020-03-16,Colusa,011,21464,0,0,0,0,0
2020-03-16,Contra Costa,013,1133247,188,36,0,36,0
2020-03-16,Del Norte,015,27424,0,0,0,0,0
2020-03-16,El Dorado,017,186661,15,0,0,0,0
2020-03-16,Fresno,019,978130,54,2,1,3,0
2020-03-16,Glenn,021,27897,0,0,0,0,0
2020-03-16,Humboldt,023,135768,13,1,0,1,0
2020-03-16,Imperial,025,180216,19,2,0,2,0
2020-03-16,Inyo,027,18085,0,0,0,0,0
2020-03-16,Kern,029,883053,43,0,0,0,0
2020-03-16,Kings,031,150075,11,0,1,1,0
2020-03-16,Lake,033,64148,0,0,0,0,0
2020-03-16,Lassen,035,31185,1,0,0,0,0
2020-03-16,Los Angeles,037,10098052,1630,43,9,52,0
2020-03-16,Madera,039,155013,21,2,0,2,0
2020-03-16,Marin,041,260295,48,4,0,4,0
2020-03-16,Mariposa,043,17540,0,0,0,0,0
2020-03-16,Mendocino,045,87422,2,0,0,0,0
2020-03-16,Merced,047,269075,5,0,0,0,0
2020-03-16,Modoc,049,8938,0,0,0,0,0
2020-03-16,Mono,051,14174,7,0,0,0,0
2020-03-16,Monterey,053,433212,28,0,0,0,0
2020-03-16,Napa,055,140530,7,0,0,0,0
2020-03-16,Nevada,057,99092,11,1,1,2,0
2020-03-16,Orange,059,3164182,414,18,3,21,0
2020-03-16,Placer,061,380077,39,7,0,7,1
2020-03-16,Plumas,063,18699,0,0,0,0,0
2020-03-16,Riverside,065,2383286,235,10,5,15,0
2020-03-16,Sacramento,067,1510023,210,34,0,34,1
2020-03-16,San Benito,069,59416,8,2,0,2,0
2020-03-16,San Bernardino,071,2135413,143,1,0,1,0
2020-03-16,San Diego,073,3302833,523,17,0,17,0
2020-03-16,San Francisco,075,870044,267,40,0,40,0
2020-03-16,San Joaquin,077,732212,74,9,3,12,0
2020-03-16,San Luis Obispo,079,281455,55,1,0,1,0
2020-03-16,San Mateo,081,765935,269,42,2,44,1
2020-03-16,Santa Barbara,083,443738,55,0,0,0,0
2020-03-16,Santa Clara,085,1922200,658,115,1,116,2
2020-03-16,Santa Cruz,087,273765,45,9,0,9,0
2020-03-16,Shasta,089,179085,5,1,0,1,0
2020-03-16,Sierra,091,2930,0,0,0,0,0
2020-03-16,Siskiyou,093,43540,2,0,0,0,0
2020-03-16,Solano,095,438530,43,27,0,27,0
2020-03-16,Sonoma,097,501317,62,4,0,4,0
2020-03-16,Stanislaus,099,539301,27,2,2,4,0
2020-03-16,Sutter,101,95872,3,0,0,0,0
2020-03-16,Tehama,103,63373,0,0,0,0,0
2020-03-16,Trinity,105,12862,0,0,0,0,0
2020-03-16,Tulare,107,460477,25,2,3,5,0
2020-03-16,Tuolumne,109,53932,2,0,0,0,0
2020-03-16,Ventura,111,848112,88,7,0,7,0
2020-03-16,Yolo,113,214977,19,2,0,2,0
2020-03-16,Yuba,115,75493,3,0,0,0,0
2020-03-15,Alameda,001,1643700,216,17,0,17,0
2020-03-15,Alpine,003,1148,0,0,0,0,0
2020-03-15,Amador,005,37829,1,0,0,0,0
2020-03-15,Butte,007,227075,3,0,0,0,0
2020-03-15,Calaveras,009,45235,2,2,0,2,0
2020-03-15,Colusa,011,21464,0,0,0,0,0
2020-03-15,Contra Costa,013,1133247,163,34,0,34,0
2020-03-15,Del Norte,015,27424,0,0,0,0,0
2020-03-15,El Dorado,017,186661,14,0,0,0,0
2020-03-15,Fresno,019,978130,34,1,1,2,0
2020-03-15,Glenn,021,27897,0,0,0,0,0
2020-03-15,Humboldt,023,135768,11,1,0,1,0
2020-03-15,Imperial,025,180216,14,2,0,2,0
2020-03-15,Inyo,027,18085,0,0,0,0,0
2020-03-15,Kern,029,883053,37,0,0,0,0
2020-03-15,Kings,031,150075,11,0,1,1,0
2020-03-15,Lake,033,64148,0,0,0,0,0
2020-03-15,Lassen,035,31185,1,0,0,0,0
2020-03-15,Los Angeles,037,10098052,1381,41,9,50,0
2020-03-15,Madera,039,155013,20,2,0,2,0
2020-03-15,Marin,041,260295,41,3,0,3,0
2020-03-15,Mariposa,043,17540,0,0,0,0,0
2020-03-15,Mendocino,045,87422,2,0,0,0,0
2020-03-15,Merced,047,269075,3,0,0,0,0
2020-03-15,Modoc,049,8938,0,0,0,0,0
2020-03-15,Mono,051,14174,6,0,0,0,0
2020-03-15,Monterey,053,433212,21,0,0,0,0
2020-03-15,Napa,055,140530,7,0,0,0,0
2020-03-15,Nevada,057,99092,11,0,1,1,0
2020-03-15,Orange,059,3164182,346,16,1,17,0
2020-03-15,Placer,061,380077,33,7,0,7,1
2020-03-15,Plumas,063,18699,0,0,0,0,0
2020-03-15,Riverside,065,2383286,183,10,5,15,0
2020-03-15,Sacramento,067,1510023,174,30,0,30,1
2020-03-15,San Benito,069,59416,8,2,0,2,0
2020-03-15,San Bernardino,071,2135413,121,0,0,0,0
2020-03-15,San Diego,073,3302833,436,16,0,16,0
2020-03-15,San Francisco,075,870044,209,31,0,31,0
2020-03-15,San Joaquin,077,732212,63,6,3,9,0
2020-03-15,San Luis Obispo,079,281455,45,1,0,1,0
2020-03-15,San Mateo,081,765935,235,29,1,30,1
2020-03-15,Santa Barbara,083,443738,46,0,0,0,0
2020-03-15,Santa Clara,085,1922200,586,79,1,80,2
2020-03-15,Santa Cruz,087,273765,38,8,0,8,0
2020-03-15,Shasta,089,179085,5,1,0,1,0
2020-03-15,Sierra,091,2930,0,0,0,0,0
2020-03-15,Siskiyou,093,43540,2,0,0,0,0
2020-03-15,Solano,095,438530,42,26,0,26,0
2020-03-15,Sonoma,097,501317,53,4,0,4,0
2020-03-15,Stanislaus,099,539301,26,2,2,4,0
2020-03-15,Sutter,101,95872,2,0,0,0,0
2020-03-15,Tehama,103,63373,0,0,0,0,0
2020-03-15,Trinity,105,12862,0,0,0,0,0
2020-03-15,Tulare,107,460477,19,2,3,5,0
2020-03-15,Tuolumne,109,53932,1,0,0,0,0
2020-03-15,Ventura,111,848112,77,5,0,5,0
2020-03-15,Yolo,113,214977,15,2,0,2,0
2020-03-15,Yuba,115,75493,2,0,0,0,0
2020-03-14,Alameda,001,1643700,197,11,0,11,0
2020-03-14,Alpine,003,1148,0,0,0,0,0
2020-03-14,Amador,005,37829,1,0,0,0,0
2020-03-14,Butte,007,227075,2,0,0,0,0
2020-03-14,Calaveras,009,45235,2,2,0,2,0
2020-03-14,Colusa,011,21464,0,0,0,0,0
2020-03-14,Contra Costa,013,1133247,141,30,0,30,0
2020-03-14,Del Norte,015,27424,0,0,0,0,0
2020-03-14,El Dorado,017,186661,12,0,0,0,0
2020-03-14,Fresno,019,978130,26,1,1,2,0
2020-03-14,Glenn,021,27897,0,0,0,0,0
2020-03-14,Humboldt,023,135768,7,1,0,1,0
2020-03-14,Imperial,025,180216,10,2,0,2,0
2020-03-14,Inyo,027,18085,0,0,0,0,0
2020-03-14,Kern,029,883053,32,0,0,0,0
2020-03-14,Kings,031,150075,11,0,1,1,0
2020-03-14,Lake,033,64148,0,0,0,0,0
2020-03-14,Lassen,035,31185,1,0,0,0,0
2020-03-14,Los Angeles,037,10098052,1199,35,9,44,0
2020-03-14,Madera,039,155013,19,2,0,2,0
2020-03-14,Marin,041,260295,37,3,0,3,0
2020-03-14,Mariposa,043,17540,0,0,0,0,0
2020-03-14,Mendocino,045,87422,2,0,0,0,0
2020-03-14,Merced,047,269075,3,0,0,0,0
2020-03-14,Modoc,049,8938,0,0,0,0,0
2020-03-14,Mono,051,14174,5,0,0,0,0
2020-03-14,Monterey,053,433212,15,0,0,0,0
2020-03-14,Napa,055,140530,5,0,0,0,0
2020-03-14,Nevada,057,99092,8,0,1,1,0
2020-03-14,Orange,059,3164182,307,14,0,14,0
2020-03-14,Placer,061,380077,29,6,0,6,1
2020-03-14,Plumas,063,18699,0,0,0,0,0
2020-03-14,Riverside,065,2383286,163,10,5,15,0
2020-03-14,Sacramento,067,1510023,152,31,0,31,1
2020-03-14,San Benito,069,59416,8,2,0,2,0
2020-03-14,San Bernardino,071,2135413,102,0,0,0,0
2020-03-14,San Diego,073,3302833,361,10,0,10,0
2020-03-14,San Francisco,075,870044,188,29,0,29,0
2020-03-14,San Joaquin,077,732212,54,6,3,9,0
2020-03-14,San Luis Obispo,079,281455,40,0,0,0,0
2020-03-14,San Mateo,081,765935,212,27,1,28,0
2020-03-14,Santa Barbara,083,443738,37,0,0,0,0
2020-03-14,Santa Clara,085,1922200,531,62,1,63,2
2020-03-14,Santa Cruz,087,273765,33,8,0,8,0
2020-03-14,Shasta,089,179085,5,1,0,1,0
2020-03-14,Sierra,091,2930,0,0,0,0,0
2020-03-14,Siskiyou,093,43540,1,0,0,0,0
2020-03-14,Solano,095,438530,40,26,0,26,0
2020-03-14,Sonoma,097,501317,40,2,0,2,0
2020-03-14,Stanislaus,099,539301,22,2,2,4,0
2020-03-14,Sutter,101,95872,2,0,0,0,0
2020-03-14,Tehama,103,63373,0,0,0,0,0
2020-03-14,Trinity,105,12862,0,0,0,0,0
2020-03-14,Tulare,107,460477,17,2,2,4,0
2020-03-14,Tuolumne,109,53932,1,0,0,0,0
2020-03-14,Ventura,111,848112,68,5,0,5,0
2020-03-14,Yolo,113,214977,15,2,0,2,0
2020-03-14,Yuba,115,75493,1,0,0,0,0
2020-03-13,Alameda,001,1643700,178,12,0,12,0
2020-03-13,Alpine,003,1148,0,0,0,0,0
2020-03-13,Amador,005,37829,1,0,0,0,0
2020-03-13,Butte,007,227075,0,0,0,0,0
2020-03-13,Calaveras,009,45235,2,2,0,2,0
2020-03-13,Colusa,011,21464,0,0,0,0,0
2020-03-13,Contra Costa,013,1133247,127,22,0,22,0
2020-03-13,Del Norte,015,27424,0,0,0,0,0
2020-03-13,El Dorado,017,186661,11,0,0,0,0
2020-03-13,Fresno,019,978130,21,1,1,2,0
2020-03-13,Glenn,021,27897,0,0,0,0,0
2020-03-13,Humboldt,023,135768,7,1,0,1,0
2020-03-13,Imperial,025,180216,9,2,0,2,0
2020-03-13,Inyo,027,18085,0,0,0,0,0
2020-03-13,Kern,029,883053,27,0,0,0,0
2020-03-13,Kings,031,150075,10,0,1,1,0
2020-03-13,Lake,033,64148,0,0,0,0,0
2020-03-13,Lassen,035,31185,1,0,0,0,0
2020-03-13,Los Angeles,037,10098052,1042,30,7,37,0
2020-03-13,Madera,039,155013,18,1,0,1,0
2020-03-13,Marin,041,260295,34,3,0,3,0
2020-03-13,Mariposa,043,17540,0,0,0,0,0
2020-03-13,Mendocino,045,87422,2,0,0,0,0
2020-03-13,Merced,047,269075,2,0,0,0,0
2020-03-13,Modoc,049,8938,0,0,0,0,0
2020-03-13,Mono,051,14174,3,0,0,0,0
2020-03-13,Monterey,053,433212,10,0,0,0,0
2020-03-13,Napa,055,140530,3,0,0,0,0
2020-03-13,Nevada,057,99092,7,0,1,1,0
2020-03-13,Orange,059,3164182,267,10,0,10,0
2020-03-13,Placer,061,380077,27,6,0,6,1
2020-03-13,Plumas,063,18699,0,0,0,0,0
2020-03-13,Riverside,065,2383286,133,5,4,9,0
2020-03-13,Sacramento,067,1510023,130,18,0,18,1
2020-03-13,San Benito,069,59416,6,2,0,2,0
2020-03-13,San Bernardino,071,2135413,96,0,0,0,0
2020-03-13,San Diego,073,3302833,311,8,0,8,0
2020-03-13,San Francisco,075,870044,174,28,0,28,0
2020-03-13,San Joaquin,077,732212,50,6,3,9,0
2020-03-13,San Luis Obispo,079,281455,33,0,0,0,0
2020-03-13,San Mateo,081,765935,191,24,1,25,0
2020-03-13,Santa Barbara,083,443738,33,0,0,0,0
2020-03-13,Santa Clara,085,1922200,469,59,1,60,1
2020-03-13,Santa Cruz,087,273765,32,7,0,7,0
2020-03-13,Shasta,089,179085,3,1,0,1,0
2020-03-13,Sierra,091,2930,0,0,0,0,0
2020-03-13,Siskiyou,093,43540,0,0,0,0,0
2020-03-13,Solano,095,438530,39,26,0,26,0
2020-03-13,Sonoma,097,501317,39,2,0,2,0
2020-03-13,Stanislaus,099,539301,17,2,2,4,0
2020-03-13,Sutter,101,95872,2,0,0,0,0
2020-03-13,Tehama,103,63373,0,0,0,0,0
2020-03-13,Trinity,105,12862,0,0,0,0,0
2020-03-13,Tulare,107,460477,14,2,2,4,0
2020-03-13,Tuolumne,109,53932,1,0,0,0,0
2020-03-13,Ventura,111,848112,54,5,0,5,0
2020-03-13,Yolo,113,214977,14,1,0,1,0
2020-03-13,Yuba,115,75493,1,0,0,0,0
2020-03-12,Alameda,001,1643700,153,9,0,9,0
2020-03-12,Alpine,003,1148,0,0,0,0,0
2020-03-12,Amador,005,37829,1,0,0,0,0
2020-03-12,Butte,007,227075,0,0,0,0,0
2020-03-12,Calaveras,009,45235,2,2,0,2,0
2020-03-12,Colusa,011,21464,0,0,0,0,0
2020-03-12,Contra Costa,013,1133247,110,18,0,18,0
2020-03-12,Del Norte,015,27424,0,0,0,0,0
2020-03-12,El Dorado,017,186661,9,0,0,0,0
2020-03-12,Fresno,019,978130,13,1,1,2,0
2020-03-12,Glenn,021,27897,0,0,0,0,0
2020-03-12,Humboldt,023,135768,6,1,0,1,0
2020-03-12,Imperial,025,180216,8,2,0,2,0
2020-03-12,Inyo,027,18085,0,0,0,0,0
2020-03-12,Kern,029,883053,18,0,0,0,0
2020-03-12,Kings,031,150075,7,0,1,1,0
2020-03-12,Lake,033,64148,0,0,0,0,0
2020-03-12,Lassen,035,31185,1,0,0,0,0
2020-03-12,Los Angeles,037,10098052,878,30,7,37,0
2020-03-12,Madera,039,155013,15,1,0,1,0
2020-03-12,Marin,041,260295,24,1,0,1,0
2020-03-12,Mariposa,043,17540,0,0,0,0,0
2020-03-12,Mendocino,045,87422,2,0,0,0,0
2020-03-12,Merced,047,269075,2,0,0,0,0
2020-03-12,Modoc,049,8938,0,0,0,0,0
2020-03-12,Mono,051,14174,3,0,0,0,0
2020-03-12,Monterey,053,433212,8,0,0,0,0
2020-03-12,Napa,055,140530,3,0,0,0,0
2020-03-12,Nevada,057,99092,4,0,1,1,0
2020-03-12,Orange,059,3164182,230,7,0,7,0
2020-03-12,Placer,061,380077,23,6,0,6,1
2020-03-12,Plumas,063,18699,0,0,0,0,0
2020-03-12,Riverside,065,2383286,107,5,2,7,0
2020-03-12,Sacramento,067,1510023,106,17,0,17,1
2020-03-12,San Benito,069,59416,5,2,0,2,0
2020-03-12,San Bernardino,071,2135413,80,0,0,0,0
2020-03-12,San Diego,073,3302833,256,9,0,9,0
2020-03-12,San Francisco,075,870044,149,20,0,20,0
2020-03-12,San Joaquin,077,732212,44,3,3,6,1
2020-03-12,San Luis Obispo,079,281455,26,0,0,0,0
2020-03-12,San Mateo,081,765935,157,21,1,22,0
2020-03-12,Santa Barbara,083,443738,22,0,0,0,0
2020-03-12,Santa Clara,085,1922200,411,51,1,52,1
2020-03-12,Santa Cruz,087,273765,29,5,0,5,0
2020-03-12,Shasta,089,179085,2,1,0,1,0
2020-03-12,Sierra,091,2930,0,0,0,0,0
2020-03-12,Siskiyou,093,43540,0,0,0,0,0
2020-03-12,Solano,095,438530,34,26,0,26,0
2020-03-12,Sonoma,097,501317,34,2,0,2,0
2020-03-12,Stanislaus,099,539301,15,2,2,4,0
2020-03-12,Sutter,101,95872,0,0,0,0,0
2020-03-12,Tehama,103,63373,0,0,0,0,0
2020-03-12,Trinity,105,12862,0,0,0,0,0
2020-03-12,Tulare,107,460477,12,1,1,2,0
2020-03-12,Tuolumne,109,53932,1,0,0,0,0
2020-03-12,Ventura,111,848112,45,3,0,3,0
2020-03-12,Yolo,113,214977,13,1,0,1,0
2020-03-12,Yuba,115,75493,1,0,0,0,0
2020-03-11,Alameda,001,1643700,122,5,0,5,0
2020-03-11,Alpine,003,1148,0,0,0,0,0
2020-03-11,Amador,005,37829,1,0,0,0,0
2020-03-11,Butte,007,227075,0,0,0,0,0
2020-03-11,Calaveras,009,45235,2,2,0,2,0
2020-03-11,Colusa,011,21464,0,0,0,0,0
2020-03-11,Contra Costa,013,1133247,94,16,0,16,0
2020-03-11,Del Norte,015,27424,0,0,0,0,0
2020-03-11,El Dorado,017,186661,8,0,0,0,0
2020-03-11,Fresno,019,978130,10,1,1,2,0
2020-03-11,Glenn,021,27897,0,0,0,0,0
2020-03-11,Humboldt,023,135768,6,1,0,1,0
2020-03-11,Imperial,025,180216,6,0,0,0,0
2020-03-11,Inyo,027,18085,0,0,0,0,0
2020-03-11,Kern,029,883053,16,0,0,0,0
2020-03-11,Kings,031,150075,5,0,1,1,0
2020-03-11,Lake,033,64148,0,0,0,0,0
2020-03-11,Lassen,035,31185,1,0,0,0,0
2020-03-11,Los Angeles,037,10098052,706,21,7,28,0
2020-03-11,Madera,039,155013,12,1,0,1,0
2020-03-11,Marin,041,260295,17,1,0,1,0
2020-03-11,Mariposa,043,17540,0,0,0,0,0
2020-03-11,Mendocino,045,87422,1,0,0,0,0
2020-03-11,Merced,047,269075,2,0,0,0,0
2020-03-11,Modoc,049,8938,0,0,0,0,0
2020-03-11,Mono,051,14174,3,0,0,0,0
2020-03-11,Monterey,053,433212,7,0,0,0,0
2020-03-11,Napa,055,140530,2,0,0,0,0
2020-03-11,Nevada,057,99092,4,0,1,1,0
2020-03-11,Orange,059,3164182,201,6,0,6,0
2020-03-11,Placer,061,380077,18,6,0,6,1
2020-03-11,Plumas,063,18699,0,0,0,0,0
2020-03-11,Riverside,065,2383286,81,4,1,5,0
2020-03-11,Sacramento,067,1510023,88,9,0,9,1
2020-03-11,San Benito,069,59416,5,2,0,2,0
2020-03-11,San Bernardino,071,2135413,73,0,0,0,0
2020-03-11,San Diego,073,3302833,206,4,0,4,0
2020-03-11,San Francisco,075,870044,124,17,0,17,0
2020-03-11,San Joaquin,077,732212,33,1,3,4,0
2020-03-11,San Luis Obispo,079,281455,23,0,0,0,0
2020-03-11,San Mateo,081,765935,139,16,0,16,0
2020-03-11,Santa Barbara,083,443738,13,0,0,0,0
2020-03-11,Santa Clara,085,1922200,370,48,1,49,1
2020-03-11,Santa Cruz,087,273765,26,2,0,2,0
2020-03-11,Shasta,089,179085,2,1,0,1,0
2020-03-11,Sierra,091,2930,0,0,0,0,0
2020-03-11,Siskiyou,093,43540,0,0,0,0,0
2020-03-11,Solano,095,438530,29,26,0,26,0
2020-03-11,Sonoma,097,501317,30,2,0,2,0
2020-03-11,Stanislaus,099,539301,15,2,2,4,0
2020-03-11,Sutter,101,95872,0,0,0,0,0
2020-03-11,Tehama,103,63373,0,0,0,0,0
2020-03-11,Trinity,105,12862,0,0,0,0,0
2020-03-11,Tulare,107,460477,10,0,1,1,0
2020-03-11,Tuolumne,109,53932,1,0,0,0,0
2020-03-11,Ventura,111,848112,37,3,0,3,0
2020-03-11,Yolo,113,214977,9,1,0,1,0
2020-03-11,Yuba,115,75493,1,0,0,0,0
2020-03-10,Alameda,001,1643700,101,4,0,4,0
2020-03-10,Alpine,003,1148,0,0,0,0,0
2020-03-10,Amador,005,37829,1,0,0,0,0
2020-03-10,Butte,007,227075,0,0,0,0,0
2020-03-10,Calaveras,009,45235,2,2,0,2,0
2020-03-10,Colusa,011,21464,0,0,0,0,0
2020-03-10,Contra Costa,013,1133247,84,11,0,11,0
2020-03-10,Del Norte,015,27424,0,0,0,0,0
2020-03-10,El Dorado,017,186661,7,0,0,0,0
2020-03-10,Fresno,019,978130,7,1,1,2,0
2020-03-10,Glenn,021,27897,0,0,0,0,0
2020-03-10,Humboldt,023,135768,6,1,0,1,0
2020-03-10,Imperial,025,180216,5,0,0,0,0
2020-03-10,Inyo,027,18085,0,0,0,0,0
2020-03-10,Kern,029,883053,11,0,0,0,0
2020-03-10,Kings,031,150075,5,0,1,1,0
2020-03-10,Lake,033,64148,0,0,0,0,0
2020-03-10,Lassen,035,31185,1,0,0,0,0
2020-03-10,Los Angeles,037,10098052,570,20,7,27,0
2020-03-10,Madera,039,155013,7,1,0,1,0
2020-03-10,Marin,041,260295,16,1,0,1,0
2020-03-10,Mariposa,043,17540,0,0,0,0,0
2020-03-10,Mendocino,045,87422,0,0,0,0,0
2020-03-10,Merced,047,269075,2,0,0,0,0
2020-03-10,Modoc,049,8938,0,0,0,0,0
2020-03-10,Mono,051,14174,3,0,0,0,0
2020-03-10,Monterey,053,433212,5,0,0,0,0
2020-03-10,Napa,055,140530,2,0,0,0,0
2020-03-10,Nevada,057,99092,3,0,1,1,0
2020-03-10,Orange,059,3164182,181,5,0,5,1
2020-03-10,Placer,061,380077,14,7,0,7,1
2020-03-10,Plumas,063,18699,0,0,0,0,0
2020-03-10,Riverside,065,2383286,59,4,1,5,0
2020-03-10,Sacramento,067,1510023,79,8,0,8,0
2020-03-10,San Benito,069,59416,5,2,0,2,0
2020-03-10,San Bernardino,071,2135413,65,0,0,0,0
2020-03-10,San Diego,073,3302833,163,3,0,3,0
2020-03-10,San Francisco,075,870044,92,16,0,16,0
2020-03-10,San Joaquin,077,732212,30,1,3,4,0
2020-03-10,San Luis Obispo,079,281455,15,0,0,0,0
2020-03-10,San Mateo,081,765935,123,11,0,11,0
2020-03-10,Santa Barbara,083,443738,10,0,0,0,0
2020-03-10,Santa Clara,085,1922200,322,45,1,46,1
2020-03-10,Santa Cruz,087,273765,22,2,0,2,0
2020-03-10,Shasta,089,179085,2,1,0,1,0
2020-03-10,Sierra,091,2930,0,0,0,0,0
2020-03-10,Siskiyou,093,43540,0,0,0,0,0
2020-03-10,Solano,095,438530,27,26,0,26,0
2020-03-10,Sonoma,097,501317,27,2,0,2,0
2020-03-10,Stanislaus,099,539301,11,0,2,2,0
2020-03-10,Sutter,101,95872,0,0,0,0,0
2020-03-10,Tehama,103,63373,0,0,0,0,0
2020-03-10,Trinity,105,12862,0,0,0,0,0
2020-03-10,Tulare,107,460477,9,0,1,1,0
2020-03-10,Tuolumne,109,53932,1,0,0,0,0
2020-03-10,Ventura,111,848112,29,1,0,1,0
2020-03-10,Yolo,113,214977,6,2,0,2,0
2020-03-10,Yuba,115,75493,1,0,0,0,0
2020-03-09,Alameda,001,1643700,73,4,0,4,0
2020-03-09,Alpine,003,1148,0,0,0,0,0
2020-03-09,Amador,005,37829,0,0,0,0,0
2020-03-09,Butte,007,227075,0,0,0,0,0
2020-03-09,Calaveras,009,45235,2,0,0,0,0
2020-03-09,Colusa,011,21464,0,0,0,0,0
2020-03-09,Contra Costa,013,1133247,72,9,0,9,0
2020-03-09,Del Norte,015,27424,0,0,0,0,0
2020-03-09,El Dorado,017,186661,5,0,0,0,0
2020-03-09,Fresno,019,978130,7,1,1,2,0
2020-03-09,Glenn,021,27897,0,0,0,0,0
2020-03-09,Humboldt,023,135768,5,1,0,1,0
2020-03-09,Imperial,025,180216,5,0,0,0,0
2020-03-09,Inyo,027,18085,0,0,0,0,0
2020-03-09,Kern,029,883053,8,0,0,0,0
2020-03-09,Kings,031,150075,4,0,1,1,0
2020-03-09,Lake,033,64148,0,0,0,0,0
2020-03-09,Lassen,035,31185,1,0,0,0,0
2020-03-09,Los Angeles,037,10098052,465,17,6,23,0
2020-03-09,Madera,039,155013,7,1,0,1,0
2020-03-09,Marin,041,260295,15,1,0,1,0
2020-03-09,Mariposa,043,17540,0,0,0,0,0
2020-03-09,Mendocino,045,87422,0,0,0,0,0
2020-03-09,Merced,047,269075,2,0,0,0,0
2020-03-09,Modoc,049,8938,0,0,0,0,0
2020-03-09,Mono,051,14174,3,0,0,0,0
2020-03-09,Monterey,053,433212,3,0,0,0,0
2020-03-09,Napa,055,140530,2,0,0,0,0
2020-03-09,Nevada,057,99092,2,0,1,1,0
2020-03-09,Orange,059,3164182,153,4,0,4,0
2020-03-09,Placer,061,380077,12,7,0,7,1
2020-03-09,Plumas,063,18699,0,0,0,0,0
2020-03-09,Riverside,065,2383286,49,4,1,5,0
2020-03-09,Sacramento,067,1510023,75,8,0,8,0
2020-03-09,San Benito,069,59416,3,2,0,2,0
2020-03-09,San Bernardino,071,2135413,54,0,0,0,0
2020-03-09,San Diego,073,3302833,124,2,0,2,0
2020-03-09,San Francisco,075,870044,72,14,0,14,0
2020-03-09,San Joaquin,077,732212,21,0,3,3,0
2020-03-09,San Luis Obispo,079,281455,15,0,0,0,0
2020-03-09,San Mateo,081,765935,109,6,0,6,0
2020-03-09,Santa Barbara,083,443738,8,0,0,0,0
2020-03-09,Santa Clara,085,1922200,278,42,1,43,1
2020-03-09,Santa Cruz,087,273765,19,2,0,2,0
2020-03-09,Shasta,089,179085,2,1,0,1,0
2020-03-09,Sierra,091,2930,0,0,0,0,0
2020-03-09,Siskiyou,093,43540,0,0,0,0,0
2020-03-09,Solano,095,438530,25,26,0,26,0
2020-03-09,Sonoma,097,501317,22,2,0,2,0
2020-03-09,Stanislaus,099,539301,11,0,2,2,0
2020-03-09,Sutter,101,95872,0,0,0,0,0
2020-03-09,Tehama,103,63373,0,0,0,0,0
2020-03-09,Trinity,105,12862,0,0,0,0,0
2020-03-09,Tulare,107,460477,9,0,1,1,0
2020-03-09,Tuolumne,109,53932,1,0,0,0,0
2020-03-09,Ventura,111,848112,25,1,0,1,0
2020-03-09,Yolo,113,214977,5,2,0,2,0
2020-03-09,Yuba,115,75493,0,0,0,0,0
2020-03-08,Alameda,001,1643700,48,4,0,4,0
2020-03-08,Alpine,003,1148,0,0,0,0,0
2020-03-08,Amador,005,37829,0,0,0,0,0
2020-03-08,Butte,007,227075,0,0,0,0,0
2020-03-08,Calaveras,009,45235,2,0,0,0,0
2020-03-08,Colusa,011,21464,0,0,0,0,0
2020-03-08,Contra Costa,013,1133247,58,9,0,9,0
2020-03-08,Del Norte,015,27424,0,0,0,0,0
2020-03-08,El Dorado,017,186661,5,0,0,0,0
2020-03-08,Fresno,019,978130,5,1,1,2,0
2020-03-08,Glenn,021,27897,0,0,0,0,0
2020-03-08,Humboldt,023,135768,5,1,0,1,0
2020-03-08,Imperial,025,180216,5,0,0,0,0
2020-03-08,Inyo,027,18085,0,0,0,0,0
2020-03-08,Kern,029,883053,8,0,0,0,0
2020-03-08,Kings,031,150075,3,0,1,1,0
2020-03-08,Lake,033,64148,0,0,0,0,0
2020-03-08,Lassen,035,31185,0,0,0,0,0
2020-03-08,Los Angeles,037,10098052,370,14,6,20,0
2020-03-08,Madera,039,155013,7,1,0,1,0
2020-03-08,Marin,041,260295,13,1,0,1,0
2020-03-08,Mariposa,043,17540,0,0,0,0,0
2020-03-08,Mendocino,045,87422,0,0,0,0,0
2020-03-08,Merced,047,269075,2,0,0,0,0
2020-03-08,Modoc,049,8938,0,0,0,0,0
2020-03-08,Mono,051,14174,3,0,0,0,0
2020-03-08,Monterey,053,433212,3,0,0,0,0
2020-03-08,Napa,055,140530,2,0,0,0,0
2020-03-08,Nevada,057,99092,1,0,1,1,0
2020-03-08,Orange,059,3164182,128,4,0,4,0
2020-03-08,Placer,061,380077,11,7,0,7,1
2020-03-08,Plumas,063,18699,0,0,0,0,0
2020-03-08,Riverside,065,2383286,41,1,1,2,0
2020-03-08,Sacramento,067,1510023,65,5,0,5,0
2020-03-08,San Benito,069,59416,3,2,0,2,0
2020-03-08,San Bernardino,071,2135413,43,0,0,0,0
2020-03-08,San Diego,073,3302833,90,2,0,2,0
2020-03-08,San Francisco,075,870044,53,9,0,9,0
2020-03-08,San Joaquin,077,732212,18,0,3,3,0
2020-03-08,San Luis Obispo,079,281455,9,0,0,0,0
2020-03-08,San Mateo,081,765935,96,4,0,4,0
2020-03-08,Santa Barbara,083,443738,5,0,0,0,0
2020-03-08,Santa Clara,085,1922200,236,36,1,37,0
2020-03-08,Santa Cruz,087,273765,17,1,0,1,0
2020-03-08,Shasta,089,179085,2,0,0,0,0
2020-03-08,Sierra,091,2930,0,0,0,0,0
2020-03-08,Siskiyou,093,43540,0,0,0,0,0
2020-03-08,Solano,095,438530,24,26,0,26,0
2020-03-08,Sonoma,097,501317,17,2,0,2,0
2020-03-08,Stanislaus,099,539301,10,0,2,2,0
2020-03-08,Sutter,101,95872,0,0,0,0,0
2020-03-08,Tehama,103,63373,0,0,0,0,0
2020-03-08,Trinity,105,12862,0,0,0,0,0
2020-03-08,Tulare,107,460477,9,0,0,0,0
2020-03-08,Tuolumne,109,53932,1,0,0,0,0
2020-03-08,Ventura,111,848112,21,1,0,1,0
2020-03-08,Yolo,113,214977,2,2,0,2,0
2020-03-08,Yuba,115,75493,0,0,0,0,0
2020-03-07,Alameda,001,1643700,43,3,0,3,0
2020-03-07,Alpine,003,1148,0,0,0,0,0
2020-03-07,Amador,005,37829,0,0,0,0,0
2020-03-07,Butte,007,227075,0,0,0,0,0
2020-03-07,Calaveras,009,45235,2,0,0,0,0
2020-03-07,Colusa,011,21464,0,0,0,0,0
2020-03-07,Contra Costa,013,1133247,55,4,0,4,0
2020-03-07,Del Norte,015,27424,0,0,0,0,0
2020-03-07,El Dorado,017,186661,4,0,0,0,0
2020-03-07,Fresno,019,978130,4,1,1,2,0
2020-03-07,Glenn,021,27897,0,0,0,0,0
2020-03-07,Humboldt,023,135768,5,1,0,1,0
2020-03-07,Imperial,025,180216,4,0,0,0,0
2020-03-07,Inyo,027,18085,0,0,0,0,0
2020-03-07,Kern,029,883053,7,0,0,0,0
2020-03-07,Kings,031,150075,3,0,1,1,0
2020-03-07,Lake,033,64148,0,0,0,0,0
2020-03-07,Lassen,035,31185,0,0,0,0,0
2020-03-07,Los Angeles,037,10098052,319,14,6,20,0
2020-03-07,Madera,039,155013,6,1,0,1,0
2020-03-07,Marin,041,260295,11,0,0,0,0
2020-03-07,Mariposa,043,17540,0,0,0,0,0
2020-03-07,Mendocino,045,87422,0,0,0,0,0
2020-03-07,Merced,047,269075,2,0,0,0,0
2020-03-07,Modoc,049,8938,0,0,0,0,0
2020-03-07,Mono,051,14174,3,0,0,0,0
2020-03-07,Monterey,053,433212,3,0,0,0,0
2020-03-07,Napa,055,140530,1,0,0,0,0
2020-03-07,Nevada,057,99092,1,0,1,1,0
2020-03-07,Orange,059,3164182,120,4,0,4,0
2020-03-07,Placer,061,380077,11,6,0,6,1
2020-03-07,Plumas,063,18699,0,0,0,0,0
2020-03-07,Riverside,065,2383286,31,0,1,1,0
2020-03-07,Sacramento,067,1510023,52,4,0,4,0
2020-03-07,San Benito,069,59416,3,2,0,2,0
2020-03-07,San Bernardino,071,2135413,41,0,0,0,0
2020-03-07,San Diego,073,3302833,72,2,0,2,0
2020-03-07,San Francisco,075,870044,47,9,0,9,0
2020-03-07,San Joaquin,077,732212,16,0,3,3,0
2020-03-07,San Luis Obispo,079,281455,6,0,0,0,0
2020-03-07,San Mateo,081,765935,86,1,0,1,0
2020-03-07,Santa Barbara,083,443738,5,0,0,0,0
2020-03-07,Santa Clara,085,1922200,206,31,1,32,0
2020-03-07,Santa Cruz,087,273765,17,1,0,1,0
2020-03-07,Shasta,089,179085,2,0,0,0,0
2020-03-07,Sierra,091,2930,0,0,0,0,0
2020-03-07,Siskiyou,093,43540,0,0,0,0,0
2020-03-07,Solano,095,438530,23,25,0,25,0
2020-03-07,Sonoma,097,501317,13,2,0,2,0
2020-03-07,Stanislaus,099,539301,9,0,2,2,0
2020-03-07,Sutter,101,95872,0,0,0,0,0
2020-03-07,Tehama,103,63373,0,0,0,0,0
2020-03-07,Trinity,105,12862,0,0,0,0,0
2020-03-07,Tulare,107,460477,6,0,0,0,0
2020-03-07,Tuolumne,109,53932,1,0,0,0,0
2020-03-07,Ventura,111,848112,18,1,0,1,0
2020-03-07,Yolo,113,214977,2,2,0,2,0
2020-03-07,Yuba,115,75493,0,0,0,0,0
2020-03-06,Alameda,001,1643700,41,3,0,3,0
2020-03-06,Alpine,003,1148,0,0,0,0,0
2020-03-06,Amador,005,37829,0,0,0,0,0
2020-03-06,Butte,007,227075,0,0,0,0,0
2020-03-06,Calaveras,009,45235,2,0,0,0,0
2020-03-06,Colusa,011,21464,0,0,0,0,0
2020-03-06,Contra Costa,013,1133247,46,4,0,4,0
2020-03-06,Del Norte,015,27424,0,0,0,0,0
2020-03-06,El Dorado,017,186661,3,0,0,0,0
2020-03-06,Fresno,019,978130,3,0,1,1,0
2020-03-06,Glenn,021,27897,0,0,0,0,0
2020-03-06,Humboldt,023,135768,4,1,0,1,0
2020-03-06,Imperial,025,180216,3,0,0,0,0
2020-03-06,Inyo,027,18085,0,0,0,0,0
2020-03-06,Kern,029,883053,6,0,0,0,0
2020-03-06,Kings,031,150075,3,0,1,1,0
2020-03-06,Lake,033,64148,0,0,0,0,0
2020-03-06,Lassen,035,31185,0,0,0,0,0
2020-03-06,Los Angeles,037,10098052,276,13,6,19,0
2020-03-06,Madera,039,155013,5,0,0,0,0
2020-03-06,Marin,041,260295,10,0,0,0,0
2020-03-06,Mariposa,043,17540,0,0,0,0,0
2020-03-06,Mendocino,045,87422,0,0,0,0,0
2020-03-06,Merced,047,269075,2,0,0,0,0
2020-03-06,Modoc,049,8938,0,0,0,0,0
2020-03-06,Mono,051,14174,1,0,0,0,0
2020-03-06,Monterey,053,433212,3,0,0,0,0
2020-03-06,Napa,055,140530,1,0,0,0,0
2020-03-06,Nevada,057,99092,1,0,1,1,0
2020-03-06,Orange,059,3164182,94,4,0,4,0
2020-03-06,Placer,061,380077,10,5,0,5,1
2020-03-06,Plumas,063,18699,0,0,0,0,0
2020-03-06,Riverside,065,2383286,30,0,1,1,0
2020-03-06,Sacramento,067,1510023,43,2,0,2,0
2020-03-06,San Benito,069,59416,3,2,0,2,0
2020-03-06,San Bernardino,071,2135413,39,0,0,0,0
2020-03-06,San Diego,073,3302833,59,2,0,2,0
2020-03-06,San Francisco,075,870044,41,2,0,2,0
2020-03-06,San Joaquin,077,732212,13,0,3,3,0
2020-03-06,San Luis Obispo,079,281455,4,0,0,0,0
2020-03-06,San Mateo,081,765935,78,1,0,1,0
2020-03-06,Santa Barbara,083,443738,3,0,0,0,0
2020-03-06,Santa Clara,085,1922200,188,20,1,21,0
2020-03-06,Santa Cruz,087,273765,15,0,0,0,0
2020-03-06,Shasta,089,179085,2,0,0,0,0
2020-03-06,Sierra,091,2930,0,0,0,0,0
2020-03-06,Siskiyou,093,43540,0,0,0,0,0
2020-03-06,Solano,095,438530,22,25,0,25,0
2020-03-06,Sonoma,097,501317,13,2,0,2,0
2020-03-06,Stanislaus,099,539301,5,0,2,2,0
2020-03-06,Sutter,101,95872,0,0,0,0,0
2020-03-06,Tehama,103,63373,0,0,0,0,0
2020-03-06,Trinity,105,12862,0,0,0,0,0
2020-03-06,Tulare,107,460477,6,0,0,0,0
2020-03-06,Tuolumne,109,53932,1,0,0,0,0
2020-03-06,Ventura,111,848112,15,1,0,1,0
2020-03-06,Yolo,113,214977,2,1,0,1,0
2020-03-06,Yuba,115,75493,0,0,0,0,0
2020-03-05,Alameda,001,1643700,35,2,0,2,0
2020-03-05,Alpine,003,1148,0,0,0,0,0
2020-03-05,Amador,005,37829,0,0,0,0,0
2020-03-05,Butte,007,227075,0,0,0,0,0
2020-03-05,Calaveras,009,45235,2,0,0,0,0
2020-03-05,Colusa,011,21464,0,0,0,0,0
2020-03-05,Contra Costa,013,1133247,39,1,0,1,0
2020-03-05,Del Norte,015,27424,0,0,0,0,0
2020-03-05,El Dorado,017,186661,1,0,0,0,0
2020-03-05,Fresno,019,978130,3,0,1,1,0
2020-03-05,Glenn,021,27897,0,0,0,0,0
2020-03-05,Humboldt,023,135768,4,1,0,1,0
2020-03-05,Imperial,025,180216,2,0,0,0,0
2020-03-05,Inyo,027,18085,0,0,0,0,0
2020-03-05,Kern,029,883053,6,0,0,0,0
2020-03-05,Kings,031,150075,3,0,1,1,0
2020-03-05,Lake,033,64148,0,0,0,0,0
2020-03-05,Lassen,035,31185,0,0,0,0,0
2020-03-05,Los Angeles,037,10098052,229,11,6,17,0
2020-03-05,Madera,039,155013,5,0,0,0,0
2020-03-05,Marin,041,260295,10,0,0,0,0
2020-03-05,Mariposa,043,17540,0,0,0,0,0
2020-03-05,Mendocino,045,87422,0,0,0,0,0
2020-03-05,Merced,047,269075,2,0,0,0,0
2020-03-05,Modoc,049,8938,0,0,0,0,0
2020-03-05,Mono,051,14174,1,0,0,0,0
2020-03-05,Monterey,053,433212,3,0,0,0,0
2020-03-05,Napa,055,140530,1,0,0,0,0
2020-03-05,Nevada,057,99092,0,0,1,1,0
2020-03-05,Orange,059,3164182,79,3,0,3,0
2020-03-05,Placer,061,380077,10,2,0,2,1
2020-03-05,Plumas,063,18699,0,0,0,0,0
2020-03-05,Riverside,065,2383286,27,0,1,1,0
2020-03-05,Sacramento,067,1510023,37,2,0,2,0
2020-03-05,San Benito,069,59416,1,2,0,2,0
2020-03-05,San Bernardino,071,2135413,34,0,0,0,0
2020-03-05,San Diego,073,3302833,52,2,0,2,0
2020-03-05,San Francisco,075,870044,31,2,0,2,0
2020-03-05,San Joaquin,077,732212,10,0,3,3,0
2020-03-05,San Luis Obispo,079,281455,4,0,0,0,0
2020-03-05,San Mateo,081,765935,65,1,0,1,0
2020-03-05,Santa Barbara,083,443738,2,0,0,0,0
2020-03-05,Santa Clara,085,1922200,164,14,1,15,0
2020-03-05,Santa Cruz,087,273765,13,0,0,0,0
2020-03-05,Shasta,089,179085,2,0,0,0,0
2020-03-05,Sierra,091,2930,0,0,0,0,0
2020-03-05,Siskiyou,093,43540,0,0,0,0,0
2020-03-05,Solano,095,438530,22,24,0,24,0
2020-03-05,Sonoma,097,501317,12,2,0,2,0
2020-03-05,Stanislaus,099,539301,4,0,2,2,0
2020-03-05,Sutter,101,95872,0,0,0,0,0
2020-03-05,Tehama,103,63373,0,0,0,0,0
2020-03-05,Trinity,105,12862,0,0,0,0,0
2020-03-05,Tulare,107,460477,6,0,0,0,0
2020-03-05,Tuolumne,109,53932,1,0,0,0,0
2020-03-05,Ventura,111,848112,13,0,0,0,0
2020-03-05,Yolo,113,214977,2,0,0,0,0
2020-03-05,Yuba,115,75493,0,0,0,0,0
2020-03-04,Alameda,001,1643700,31,2,0,2,0
2020-03-04,Alpine,003,1148,0,0,0,0,0
2020-03-04,Amador,005,37829,0,0,0,0,0
2020-03-04,Butte,007,227075,0,0,0,0,0
2020-03-04,Calaveras,009,45235,0,0,0,0,0
2020-03-04,Colusa,011,21464,0,0,0,0,0
2020-03-04,Contra Costa,013,1133247,34,1,0,1,0
2020-03-04,Del Norte,015,27424,0,0,0,0,0
2020-03-04,El Dorado,017,186661,1,0,0,0,0
2020-03-04,Fresno,019,978130,3,0,1,1,0
2020-03-04,Glenn,021,27897,0,0,0,0,0
2020-03-04,Humboldt,023,135768,1,1,0,1,0
2020-03-04,Imperial,025,180216,2,0,0,0,0
2020-03-04,Inyo,027,18085,0,0,0,0,0
2020-03-04,Kern,029,883053,6,0,0,0,0
2020-03-04,Kings,031,150075,3,0,1,1,0
2020-03-04,Lake,033,64148,0,0,0,0,0
2020-03-04,Lassen,035,31185,0,0,0,0,0
2020-03-04,Los Angeles,037,10098052,193,7,6,13,0
2020-03-04,Madera,039,155013,5,0,0,0,0
2020-03-04,Marin,041,260295,10,0,0,0,0
2020-03-04,Mariposa,043,17540,0,0,0,0,0
2020-03-04,Mendocino,045,87422,0,0,0,0,0
2020-03-04,Merced,047,269075,2,0,0,0,0
2020-03-04,Modoc,049,8938,0,0,0,0,0
2020-03-04,Mono,051,14174,1,0,0,0,0
2020-03-04,Monterey,053,433212,3,0,0,0,0
2020-03-04,Napa,055,140530,1,0,0,0,0
2020-03-04,Nevada,057,99092,0,0,1,1,0
2020-03-04,Orange,059,3164182,76,3,0,3,0
2020-03-04,Placer,061,380077,9,2,0,2,1
2020-03-04,Plumas,063,18699,0,0,0,0,0
2020-03-04,Riverside,065,2383286,23,0,1,1,0
2020-03-04,Sacramento,067,1510023,32,1,0,1,0
2020-03-04,San Benito,069,59416,1,2,0,2,0
2020-03-04,San Bernardino,071,2135413,31,0,0,0,0
2020-03-04,San Diego,073,3302833,39,2,0,2,0
2020-03-04,San Francisco,075,870044,26,0,0,0,0
2020-03-04,San Joaquin,077,732212,9,0,3,3,0
2020-03-04,San Luis Obispo,079,281455,4,0,0,0,0
2020-03-04,San Mateo,081,765935,60,1,0,1,0
2020-03-04,Santa Barbara,083,443738,2,0,0,0,0
2020-03-04,Santa Clara,085,1922200,147,12,1,13,0
2020-03-04,Santa Cruz,087,273765,13,0,0,0,0
2020-03-04,Shasta,089,179085,2,0,0,0,0
2020-03-04,Sierra,091,2930,0,0,0,0,0
2020-03-04,Siskiyou,093,43540,0,0,0,0,0
2020-03-04,Solano,095,438530,21,24,0,24,0
2020-03-04,Sonoma,097,501317,11,2,0,2,0
2020-03-04,Stanislaus,099,539301,4,0,2,2,0
2020-03-04,Sutter,101,95872,0,0,0,0,0
2020-03-04,Tehama,103,63373,0,0,0,0,0
2020-03-04,Trinity,105,12862,0,0,0,0,0
2020-03-04,Tulare,107,460477,6,0,0,0,0
2020-03-04,Tuolumne,109,53932,0,0,0,0,0
2020-03-04,Ventura,111,848112,12,0,0,0,0
2020-03-04,Yolo,113,214977,2,0,0,0,0
2020-03-04,Yuba,115,75493,0,0,0,0,0
2020-03-03,Alameda,001,1643700,25,2,0,2,0
2020-03-03,Alpine,003,1148,0,0,0,0,0
2020-03-03,Amador,005,37829,0,0,0,0,0
2020-03-03,Butte,007,227075,0,0,0,0,0
2020-03-03,Calaveras,009,45235,0,0,0,0,0
2020-03-03,Colusa,011,21464,0,0,0,0,0
2020-03-03,Contra Costa,013,1133247,30,0,0,0,0
2020-03-03,Del Norte,015,27424,0,0,0,0,0
2020-03-03,El Dorado,017,186661,1,0,0,0,0
2020-03-03,Fresno,019,978130,2,0,1,1,0
2020-03-03,Glenn,021,27897,0,0,0,0,0
2020-03-03,Humboldt,023,135768,1,1,0,1,0
2020-03-03,Imperial,025,180216,2,0,0,0,0
2020-03-03,Inyo,027,18085,0,0,0,0,0
2020-03-03,Kern,029,883053,4,0,0,0,0
2020-03-03,Kings,031,150075,3,0,1,1,0
2020-03-03,Lake,033,64148,0,0,0,0,0
2020-03-03,Lassen,035,31185,0,0,0,0,0
2020-03-03,Los Angeles,037,10098052,174,5,6,11,0
2020-03-03,Madera,039,155013,4,0,0,0,0
2020-03-03,Marin,041,260295,6,0,0,0,0
2020-03-03,Mariposa,043,17540,0,0,0,0,0
2020-03-03,Mendocino,045,87422,0,0,0,0,0
2020-03-03,Merced,047,269075,2,0,0,0,0
2020-03-03,Modoc,049,8938,0,0,0,0,0
2020-03-03,Mono,051,14174,1,0,0,0,0
2020-03-03,Monterey,053,433212,2,0,0,0,0
2020-03-03,Napa,055,140530,1,0,0,0,0
2020-03-03,Nevada,057,99092,0,0,1,1,0
2020-03-03,Orange,059,3164182,68,1,0,1,0
2020-03-03,Placer,061,380077,8,2,0,2,0
2020-03-03,Plumas,063,18699,0,0,0,0,0
2020-03-03,Riverside,065,2383286,20,0,1,1,0
2020-03-03,Sacramento,067,1510023,31,1,0,1,0
2020-03-03,San Benito,069,59416,1,2,0,2,0
2020-03-03,San Bernardino,071,2135413,28,0,0,0,0
2020-03-03,San Diego,073,3302833,32,2,0,2,0
2020-03-03,San Francisco,075,870044,24,0,0,0,0
2020-03-03,San Joaquin,077,732212,8,0,3,3,0
2020-03-03,San Luis Obispo,079,281455,2,0,0,0,0
2020-03-03,San Mateo,081,765935,53,1,0,1,0
2020-03-03,Santa Barbara,083,443738,1,0,0,0,0
2020-03-03,Santa Clara,085,1922200,132,11,1,12,0
2020-03-03,Santa Cruz,087,273765,10,0,0,0,0
2020-03-03,Shasta,089,179085,2,0,0,0,0
2020-03-03,Sierra,091,2930,0,0,0,0,0
2020-03-03,Siskiyou,093,43540,0,0,0,0,0
2020-03-03,Solano,095,438530,20,24,0,24,0
2020-03-03,Sonoma,097,501317,11,1,0,1,0
2020-03-03,Stanislaus,099,539301,4,0,2,2,0
2020-03-03,Sutter,101,95872,0,0,0,0,0
2020-03-03,Tehama,103,63373,0,0,0,0,0
2020-03-03,Trinity,105,12862,0,0,0,0,0
2020-03-03,Tulare,107,460477,6,0,0,0,0
2020-03-03,Tuolumne,109,53932,0,0,0,0,0
2020-03-03,Ventura,111,848112,11,0,0,0,0
2020-03-03,Yolo,113,214977,1,0,0,0,0
2020-03-03,Yuba,115,75493,0,0,0,0,0
2020-03-02,Alameda,001,1643700,22,1,0,1,0
2020-03-02,Alpine,003,1148,0,0,0,0,0
2020-03-02,Amador,005,37829,0,0,0,0,0
2020-03-02,Butte,007,227075,0,0,0,0,0
2020-03-02,Calaveras,009,45235,0,0,0,0,0
2020-03-02,Colusa,011,21464,0,0,0,0,0
2020-03-02,Contra Costa,013,1133247,27,0,0,0,0
2020-03-02,Del Norte,015,27424,0,0,0,0,0
2020-03-02,El Dorado,017,186661,1,0,0,0,0
2020-03-02,Fresno,019,978130,2,0,1,1,0
2020-03-02,Glenn,021,27897,0,0,0,0,0
2020-03-02,Humboldt,023,135768,1,1,0,1,0
2020-03-02,Imperial,025,180216,2,0,0,0,0
2020-03-02,Inyo,027,18085,0,0,0,0,0
2020-03-02,Kern,029,883053,4,0,0,0,0
2020-03-02,Kings,031,150075,3,0,1,1,0
2020-03-02,Lake,033,64148,0,0,0,0,0
2020-03-02,Lassen,035,31185,0,0,0,0,0
2020-03-02,Los Angeles,037,10098052,159,1,6,7,0
2020-03-02,Madera,039,155013,4,0,0,0,0
2020-03-02,Marin,041,260295,6,0,0,0,0
2020-03-02,Mariposa,043,17540,0,0,0,0,0
2020-03-02,Mendocino,045,87422,0,0,0,0,0
2020-03-02,Merced,047,269075,1,0,0,0,0
2020-03-02,Modoc,049,8938,0,0,0,0,0
2020-03-02,Mono,051,14174,1,0,0,0,0
2020-03-02,Monterey,053,433212,2,0,0,0,0
2020-03-02,Napa,055,140530,1,0,0,0,0
2020-03-02,Nevada,057,99092,0,0,1,1,0
2020-03-02,Orange,059,3164182,63,1,0,1,0
2020-03-02,Placer,061,380077,8,1,0,1,0
2020-03-02,Plumas,063,18699,0,0,0,0,0
2020-03-02,Riverside,065,2383286,19,0,1,1,0
2020-03-02,Sacramento,067,1510023,25,1,0,1,0
2020-03-02,San Benito,069,59416,1,2,0,2,0
2020-03-02,San Bernardino,071,2135413,28,0,0,0,0
2020-03-02,San Diego,073,3302833,26,2,0,2,0
2020-03-02,San Francisco,075,870044,17,0,0,0,0
2020-03-02,San Joaquin,077,732212,7,0,3,3,0
2020-03-02,San Luis Obispo,079,281455,2,0,0,0,0
2020-03-02,San Mateo,081,765935,44,1,0,1,0
2020-03-02,Santa Barbara,083,443738,1,0,0,0,0
2020-03-02,Santa Clara,085,1922200,110,7,1,8,0
2020-03-02,Santa Cruz,087,273765,9,0,0,0,0
2020-03-02,Shasta,089,179085,2,0,0,0,0
2020-03-02,Sierra,091,2930,0,0,0,0,0
2020-03-02,Siskiyou,093,43540,0,0,0,0,0
2020-03-02,Solano,095,438530,19,24,0,24,0
2020-03-02,Sonoma,097,501317,10,1,0,1,0
2020-03-02,Stanislaus,099,539301,2,0,2,2,0
2020-03-02,Sutter,101,95872,0,0,0,0,0
2020-03-02,Tehama,103,63373,0,0,0,0,0
2020-03-02,Trinity,105,12862,0,0,0,0,0
2020-03-02,Tulare,107,460477,6,0,0,0,0
2020-03-02,Tuolumne,109,53932,0,0,0,0,0
2020-03-02,Ventura,111,848112,10,0,0,0,0
2020-03-02,Yolo,113,214977,1,0,0,0,0
2020-03-02,Yuba,115,75493,0,0,0,0,0
2020-03-01,Alameda,001,1643700,21,1,0,1,0
2020-03-01,Alpine,003,1148,0,0,0,0,0
2020-03-01,Amador,005,37829,0,0,0,0,0
2020-03-01,Butte,007,227075,0,0,0,0,0
2020-03-01,Calaveras,009,45235,0,0,0,0,0
2020-03-01,Colusa,011,21464,0,0,0,0,0
2020-03-01,Contra Costa,013,1133247,24,0,0,0,0
2020-03-01,Del Norte,015,27424,0,0,0,0,0
2020-03-01,El Dorado,017,186661,1,0,0,0,0
2020-03-01,Fresno,019,978130,1,0,1,1,0
2020-03-01,Glenn,021,27897,0,0,0,0,0
2020-03-01,Humboldt,023,135768,1,1,0,1,0
2020-03-01,Imperial,025,180216,2,0,0,0,0
2020-03-01,Inyo,027,18085,0,0,0,0,0
2020-03-01,Kern,029,883053,2,0,0,0,0
2020-03-01,Kings,031,150075,3,0,1,1,0
2020-03-01,Lake,033,64148,0,0,0,0,0
2020-03-01,Lassen,035,31185,0,0,0,0,0
2020-03-01,Los Angeles,037,10098052,140,1,6,7,0
2020-03-01,Madera,039,155013,2,0,0,0,0
2020-03-01,Marin,041,260295,5,0,0,0,0
2020-03-01,Mariposa,043,17540,0,0,0,0,0
2020-03-01,Mendocino,045,87422,0,0,0,0,0
2020-03-01,Merced,047,269075,1,0,0,0,0
2020-03-01,Modoc,049,8938,0,0,0,0,0
2020-03-01,Mono,051,14174,1,0,0,0,0
2020-03-01,Monterey,053,433212,1,0,0,0,0
2020-03-01,Napa,055,140530,1,0,0,0,0
2020-03-01,Nevada,057,99092,0,0,1,1,0
2020-03-01,Orange,059,3164182,60,1,0,1,0
2020-03-01,Placer,061,380077,8,0,0,0,0
2020-03-01,Plumas,063,18699,0,0,0,0,0
2020-03-01,Riverside,065,2383286,18,0,1,1,0
2020-03-01,Sacramento,067,1510023,21,1,0,1,0
2020-03-01,San Benito,069,59416,0,2,0,2,0
2020-03-01,San Bernardino,071,2135413,27,0,0,0,0
2020-03-01,San Diego,073,3302833,19,2,0,2,0
2020-03-01,San Francisco,075,870044,13,0,0,0,0
2020-03-01,San Joaquin,077,732212,7,0,3,3,0
2020-03-01,San Luis Obispo,079,281455,2,0,0,0,0
2020-03-01,San Mateo,081,765935,36,0,0,0,0
2020-03-01,Santa Barbara,083,443738,1,0,0,0,0
2020-03-01,Santa Clara,085,1922200,97,6,1,7,0
2020-03-01,Santa Cruz,087,273765,8,0,0,0,0
2020-03-01,Shasta,089,179085,2,0,0,0,0
2020-03-01,Sierra,091,2930,0,0,0,0,0
2020-03-01,Siskiyou,093,43540,0,0,0,0,0
2020-03-01,Solano,095,438530,19,24,0,24,0
2020-03-01,Sonoma,097,501317,9,0,0,0,0
2020-03-01,Stanislaus,099,539301,2,0,2,2,0
2020-03-01,Sutter,101,95872,0,0,0,0,0
2020-03-01,Tehama,103,63373,0,0,0,0,0
2020-03-01,Trinity,105,12862,0,0,0,0,0
2020-03-01,Tulare,107,460477,6,0,0,0,0
2020-03-01,Tuolumne,109,53932,0,0,0,0,0
2020-03-01,Ventura,111,848112,8,0,0,0,0
2020-03-01,Yolo,113,214977,1,0,0,0,0
2020-03-01,Yuba,115,75493,0,0,0,0,0
2020-02-29,Alameda,001,1643700,17,0,0,0,0
2020-02-29,Alpine,003,1148,0,0,0,0,0
2020-02-29,Amador,005,37829,0,0,0,0,0
2020-02-29,Butte,007,227075,0,0,0,0,0
2020-02-29,Calaveras,009,45235,0,0,0,0,0
2020-02-29,Colusa,011,21464,0,0,0,0,0
2020-02-29,Contra Costa,013,1133247,20,0,0,0,0
2020-02-29,Del Norte,015,27424,0,0,0,0,0
2020-02-29,El Dorado,017,186661,1,0,0,0,0
2020-02-29,Fresno,019,978130,1,0,0,0,0
2020-02-29,Glenn,021,27897,0,0,0,0,0
2020-02-29,Humboldt,023,135768,1,1,0,1,0
2020-02-29,Imperial,025,180216,1,0,0,0,0
2020-02-29,Inyo,027,18085,0,0,0,0,0
2020-02-29,Kern,029,883053,2,0,0,0,0
2020-02-29,Kings,031,150075,3,0,1,1,0
2020-02-29,Lake,033,64148,0,0,0,0,0
2020-02-29,Lassen,035,31185,0,0,0,0,0
2020-02-29,Los Angeles,037,10098052,111,1,6,7,0
2020-02-29,Madera,039,155013,2,0,0,0,0
2020-02-29,Marin,041,260295,4,0,0,0,0
2020-02-29,Mariposa,043,17540,0,0,0,0,0
2020-02-29,Mendocino,045,87422,0,0,0,0,0
2020-02-29,Merced,047,269075,1,0,0,0,0
2020-02-29,Modoc,049,8938,0,0,0,0,0
2020-02-29,Mono,051,14174,1,0,0,0,0
2020-02-29,Monterey,053,433212,1,0,0,0,0
2020-02-29,Napa,055,140530,1,0,0,0,0
2020-02-29,Nevada,057,99092,0,0,1,1,0
2020-02-29,Orange,059,3164182,55,1,0,1,0
2020-02-29,Placer,061,380077,7,0,0,0,0
2020-02-29,Plumas,063,18699,0,0,0,0,0
2020-02-29,Riverside,065,2383286,15,0,1,1,0
2020-02-29,Sacramento,067,1510023,16,1,0,1,0
2020-02-29,San Benito,069,59416,0,2,0,2,0
2020-02-29,San Bernardino,071,2135413,25,0,0,0,0
2020-02-29,San Diego,073,3302833,14,2,0,2,0
2020-02-29,San Francisco,075,870044,12,0,0,0,0
2020-02-29,San Joaquin,077,732212,6,0,3,3,0
2020-02-29,San Luis Obispo,079,281455,2,0,0,0,0
2020-02-29,San Mateo,081,765935,29,0,0,0,0
2020-02-29,Santa Barbara,083,443738,0,0,0,0,0
2020-02-29,Santa Clara,085,1922200,75,3,1,4,0
2020-02-29,Santa Cruz,087,273765,8,0,0,0,0
2020-02-29,Shasta,089,179085,2,0,0,0,0
2020-02-29,Sierra,091,2930,0,0,0,0,0
2020-02-29,Siskiyou,093,43540,0,0,0,0,0
2020-02-29,Solano,095,438530,18,23,0,23,0
2020-02-29,Sonoma,097,501317,6,0,0,0,0
2020-02-29,Stanislaus,099,539301,2,0,2,2,0
2020-02-29,Sutter,101,95872,0,0,0,0,0
2020-02-29,Tehama,103,63373,0,0,0,0,0
2020-02-29,Trinity,105,12862,0,0,0,0,0
2020-02-29,Tulare,107,460477,4,0,0,0,0
2020-02-29,Tuolumne,109,53932,0,0,0,0,0
2020-02-29,Ventura,111,848112,6,0,0,0,0
2020-02-29,Yolo,113,214977,1,0,0,0,0
2020-02-29,Yuba,115,75493,0,0,0,0,0
2020-02-28,Alameda,001,1643700,15,0,0,0,0
2020-02-28,Alpine,003,1148,0,0,0,0,0
2020-02-28,Amador,005,37829,0,0,0,0,0
2020-02-28,Butte,007,227075,0,0,0,0,0
2020-02-28,Calaveras,009,45235,0,0,0,0,0
2020-02-28,Colusa,011,21464,0,0,0,0,0
2020-02-28,Contra Costa,013,1133247,20,0,0,0,0
2020-02-28,Del Norte,015,27424,0,0,0,0,0
2020-02-28,El Dorado,017,186661,0,0,0,0,0
2020-02-28,Fresno,019,978130,1,0,0,0,0
2020-02-28,Glenn,021,27897,0,0,0,0,0
2020-02-28,Humboldt,023,135768,1,1,0,1,0
2020-02-28,Imperial,025,180216,1,0,0,0,0
2020-02-28,Inyo,027,18085,0,0,0,0,0
2020-02-28,Kern,029,883053,2,0,0,0,0
2020-02-28,Kings,031,150075,3,0,1,1,0
2020-02-28,Lake,033,64148,0,0,0,0,0
2020-02-28,Lassen,035,31185,0,0,0,0,0
2020-02-28,Los Angeles,037,10098052,103,1,6,7,0
2020-02-28,Madera,039,155013,2,0,0,0,0
2020-02-28,Marin,041,260295,2,0,0,0,0
2020-02-28,Mariposa,043,17540,0,0,0,0,0
2020-02-28,Mendocino,045,87422,0,0,0,0,0
2020-02-28,Merced,047,269075,1,0,0,0,0
2020-02-28,Modoc,049,8938,0,0,0,0,0
2020-02-28,Mono,051,14174,0,0,0,0,0
2020-02-28,Monterey,053,433212,1,0,0,0,0
2020-02-28,Napa,055,140530,1,0,0,0,0
2020-02-28,Nevada,057,99092,0,0,1,1,0
2020-02-28,Orange,059,3164182,53,1,0,1,0
2020-02-28,Placer,061,380077,7,0,0,0,0
2020-02-28,Plumas,063,18699,0,0,0,0,0
2020-02-28,Riverside,065,2383286,13,0,1,1,0
2020-02-28,Sacramento,067,1510023,10,1,0,1,0
2020-02-28,San Benito,069,59416,0,2,0,2,0
2020-02-28,San Bernardino,071,2135413,25,0,0,0,0
2020-02-28,San Diego,073,3302833,11,2,0,2,0
2020-02-28,San Francisco,075,870044,10,0,0,0,0
2020-02-28,San Joaquin,077,732212,6,0,3,3,0
2020-02-28,San Luis Obispo,079,281455,2,0,0,0,0
2020-02-28,San Mateo,081,765935,24,0,0,0,0
2020-02-28,Santa Barbara,083,443738,0,0,0,0,0
2020-02-28,Santa Clara,085,1922200,70,3,1,4,0
2020-02-28,Santa Cruz,087,273765,8,0,0,0,0
2020-02-28,Shasta,089,179085,2,0,0,0,0
2020-02-28,Sierra,091,2930,0,0,0,0,0
2020-02-28,Siskiyou,093,43540,0,0,0,0,0
2020-02-28,Solano,095,438530,17,23,0,23,0
2020-02-28,Sonoma,097,501317,6,0,0,0,0
2020-02-28,Stanislaus,099,539301,2,0,2,2,0
2020-02-28,Sutter,101,95872,0,0,0,0,0
2020-02-28,Tehama,103,63373,0,0,0,0,0
2020-02-28,Trinity,105,12862,0,0,0,0,0
2020-02-28,Tulare,107,460477,3,0,0,0,0
2020-02-28,Tuolumne,109,53932,0,0,0,0,0
2020-02-28,Ventura,111,848112,6,0,0,0,0
2020-02-28,Yolo,113,214977,1,0,0,0,0
2020-02-28,Yuba,115,75493,0,0,0,0,0
2020-02-27,Alameda,001,1643700,14,0,0,0,0
2020-02-27,Alpine,003,1148,0,0,0,0,0
2020-02-27,Amador,005,37829,0,0,0,0,0
2020-02-27,Butte,007,227075,0,0,0,0,0
2020-02-27,Calaveras,009,45235,0,0,0,0,0
2020-02-27,Colusa,011,21464,0,0,0,0,0
2020-02-27,Contra Costa,013,1133247,14,0,0,0,0
2020-02-27,Del Norte,015,27424,0,0,0,0,0
2020-02-27,El Dorado,017,186661,0,0,0,0,0
2020-02-27,Fresno,019,978130,1,0,0,0,0
2020-02-27,Glenn,021,27897,0,0,0,0,0
2020-02-27,Humboldt,023,135768,1,1,0,1,0
2020-02-27,Imperial,025,180216,1,0,0,0,0
2020-02-27,Inyo,027,18085,0,0,0,0,0
2020-02-27,Kern,029,883053,2,0,0,0,0
2020-02-27,Kings,031,150075,3,0,1,1,0
2020-02-27,Lake,033,64148,0,0,0,0,0
2020-02-27,Lassen,035,31185,0,0,0,0,0
2020-02-27,Los Angeles,037,10098052,95,1,6,7,0
2020-02-27,Madera,039,155013,2,0,0,0,0
2020-02-27,Marin,041,260295,1,0,0,0,0
2020-02-27,Mariposa,043,17540,0,0,0,0,0
2020-02-27,Mendocino,045,87422,0,0,0,0,0
2020-02-27,Merced,047,269075,1,0,0,0,0
2020-02-27,Modoc,049,8938,0,0,0,0,0
2020-02-27,Mono,051,14174,0,0,0,0,0
2020-02-27,Monterey,053,433212,1,0,0,0,0
2020-02-27,Napa,055,140530,1,0,0,0,0
2020-02-27,Nevada,057,99092,0,0,1,1,0
2020-02-27,Orange,059,3164182,47,1,0,1,0
2020-02-27,Placer,061,380077,6,0,0,0,0
2020-02-27,Plumas,063,18699,0,0,0,0,0
2020-02-27,Riverside,065,2383286,12,0,1,1,0
2020-02-27,Sacramento,067,1510023,10,1,0,1,0
2020-02-27,San Benito,069,59416,0,2,0,2,0
2020-02-27,San Bernardino,071,2135413,25,0,0,0,0
2020-02-27,San Diego,073,3302833,10,2,0,2,0
2020-02-27,San Francisco,075,870044,9,0,0,0,0
2020-02-27,San Joaquin,077,732212,5,0,3,3,0
2020-02-27,San Luis Obispo,079,281455,2,0,0,0,0
2020-02-27,San Mateo,081,765935,20,0,0,0,0
2020-02-27,Santa Barbara,083,443738,0,0,0,0,0
2020-02-27,Santa Clara,085,1922200,59,2,1,3,0
2020-02-27,Santa Cruz,087,273765,6,0,0,0,0
2020-02-27,Shasta,089,179085,0,0,0,0,0
2020-02-27,Sierra,091,2930,0,0,0,0,0
2020-02-27,Siskiyou,093,43540,0,0,0,0,0
2020-02-27,Solano,095,438530,17,23,0,23,0
2020-02-27,Sonoma,097,501317,5,0,0,0,0
2020-02-27,Stanislaus,099,539301,2,0,2,2,0
2020-02-27,Sutter,101,95872,0,0,0,0,0
2020-02-27,Tehama,103,63373,0,0,0,0,0
2020-02-27,Trinity,105,12862,0,0,0,0,0
2020-02-27,Tulare,107,460477,3,0,0,0,0
2020-02-27,Tuolumne,109,53932,0,0,0,0,0
2020-02-27,Ventura,111,848112,4,0,0,0,0
2020-02-27,Yolo,113,214977,1,0,0,0,0
2020-02-27,Yuba,115,75493,0,0,0,0,0
2020-02-26,Alameda,001,1643700,14,0,0,0,0
2020-02-26,Alpine,003,1148,0,0,0,0,0
2020-02-26,Amador,005,37829,0,0,0,0,0
2020-02-26,Butte,007,227075,0,0,0,0,0
2020-02-26,Calaveras,009,45235,0,0,0,0,0
2020-02-26,Colusa,011,21464,0,0,0,0,0
2020-02-26,Contra Costa,013,1133247,13,0,0,0,0
2020-02-26,Del Norte,015,27424,0,0,0,0,0
2020-02-26,El Dorado,017,186661,0,0,0,0,0
2020-02-26,Fresno,019,978130,1,0,0,0,0
2020-02-26,Glenn,021,27897,0,0,0,0,0
2020-02-26,Humboldt,023,135768,1,1,0,1,0
2020-02-26,Imperial,025,180216,1,0,0,0,0
2020-02-26,Inyo,027,18085,0,0,0,0,0
2020-02-26,Kern,029,883053,2,0,0,0,0
2020-02-26,Kings,031,150075,3,0,1,1,0
2020-02-26,Lake,033,64148,0,0,0,0,0
2020-02-26,Lassen,035,31185,0,0,0,0,0
2020-02-26,Los Angeles,037,10098052,89,1,6,7,0
2020-02-26,Madera,039,155013,2,0,0,0,0
2020-02-26,Marin,041,260295,1,0,0,0,0
2020-02-26,Mariposa,043,17540,0,0,0,0,0
2020-02-26,Mendocino,045,87422,0,0,0,0,0
2020-02-26,Merced,047,269075,1,0,0,0,0
2020-02-26,Modoc,049,8938,0,0,0,0,0
2020-02-26,Mono,051,14174,0,0,0,0,0
2020-02-26,Monterey,053,433212,1,0,0,0,0
2020-02-26,Napa,055,140530,0,0,0,0,0
2020-02-26,Nevada,057,99092,0,0,1,1,0
2020-02-26,Orange,059,3164182,46,1,0,1,0
2020-02-26,Placer,061,380077,5,0,0,0,0
2020-02-26,Plumas,063,18699,0,0,0,0,0
2020-02-26,Riverside,065,2383286,10,0,1,1,0
2020-02-26,Sacramento,067,1510023,10,1,0,1,0
2020-02-26,San Benito,069,59416,0,2,0,2,0
2020-02-26,San Bernardino,071,2135413,23,0,0,0,0
2020-02-26,San Diego,073,3302833,9,2,0,2,0
2020-02-26,San Francisco,075,870044,9,0,0,0,0
2020-02-26,San Joaquin,077,732212,5,0,3,3,0
2020-02-26,San Luis Obispo,079,281455,2,0,0,0,0
2020-02-26,San Mateo,081,765935,18,0,0,0,0
2020-02-26,Santa Barbara,083,443738,0,0,0,0,0
2020-02-26,Santa Clara,085,1922200,50,2,1,3,0
2020-02-26,Santa Cruz,087,273765,6,0,0,0,0
2020-02-26,Shasta,089,179085,0,0,0,0,0
2020-02-26,Sierra,091,2930,0,0,0,0,0
2020-02-26,Siskiyou,093,43540,0,0,0,0,0
2020-02-26,Solano,095,438530,17,23,0,23,0
2020-02-26,Sonoma,097,501317,5,0,0,0,0
2020-02-26,Stanislaus,099,539301,2,0,2,2,0
2020-02-26,Sutter,101,95872,0,0,0,0,0
2020-02-26,Tehama,103,63373,0,0,0,0,0
2020-02-26,Trinity,105,12862,0,0,0,0,0
2020-02-26,Tulare,107,460477,3,0,0,0,0
2020-02-26,Tuolumne,109,53932,0,0,0,0,0
2020-02-26,Ventura,111,848112,4,0,0,0,0
2020-02-26,Yolo,113,214977,1,0,0,0,0
2020-02-26,Yuba,115,75493,0,0,0,0,0
2020-02-25,Alameda,001,1643700,14,0,0,0,0
2020-02-25,Alpine,003,1148,0,0,0,0,0
2020-02-25,Amador,005,37829,0,0,0,0,0
2020-02-25,Butte,007,227075,0,0,0,0,0
2020-02-25,Calaveras,009,45235,0,0,0,0,0
2020-02-25,Colusa,011,21464,0,0,0,0,0
2020-02-25,Contra Costa,013,1133247,11,0,0,0,0
2020-02-25,Del Norte,015,27424,0,0,0,0,0
2020-02-25,El Dorado,017,186661,0,0,0,0,0
2020-02-25,Fresno,019,978130,1,0,0,0,0
2020-02-25,Glenn,021,27897,0,0,0,0,0
2020-02-25,Humboldt,023,135768,1,1,0,1,0
2020-02-25,Imperial,025,180216,1,0,0,0,0
2020-02-25,Inyo,027,18085,0,0,0,0,0
2020-02-25,Kern,029,883053,2,0,0,0,0
2020-02-25,Kings,031,150075,3,0,1,1,0
2020-02-25,Lake,033,64148,0,0,0,0,0
2020-02-25,Lassen,035,31185,0,0,0,0,0
2020-02-25,Los Angeles,037,10098052,77,1,6,7,0
2020-02-25,Madera,039,155013,2,0,0,0,0
2020-02-25,Marin,041,260295,1,0,0,0,0
2020-02-25,Mariposa,043,17540,0,0,0,0,0
2020-02-25,Mendocino,045,87422,0,0,0,0,0
2020-02-25,Merced,047,269075,0,0,0,0,0
2020-02-25,Modoc,049,8938,0,0,0,0,0
2020-02-25,Mono,051,14174,0,0,0,0,0
2020-02-25,Monterey,053,433212,1,0,0,0,0
2020-02-25,Napa,055,140530,0,0,0,0,0
2020-02-25,Nevada,057,99092,0,0,1,1,0
2020-02-25,Orange,059,3164182,45,1,0,1,0
2020-02-25,Placer,061,380077,5,0,0,0,0
2020-02-25,Plumas,063,18699,0,0,0,0,0
2020-02-25,Riverside,065,2383286,10,0,1,1,0
2020-02-25,Sacramento,067,1510023,8,1,0,1,0
2020-02-25,San Benito,069,59416,0,2,0,2,0
2020-02-25,San Bernardino,071,2135413,21,0,0,0,0
2020-02-25,San Diego,073,3302833,5,2,0,2,0
2020-02-25,San Francisco,075,870044,7,0,0,0,0
2020-02-25,San Joaquin,077,732212,5,0,2,2,0
2020-02-25,San Luis Obispo,079,281455,2,0,0,0,0
2020-02-25,San Mateo,081,765935,17,0,0,0,0
2020-02-25,Santa Barbara,083,443738,0,0,0,0,0
2020-02-25,Santa Clara,085,1922200,40,2,1,3,0
2020-02-25,Santa Cruz,087,273765,5,0,0,0,0
2020-02-25,Shasta,089,179085,0,0,0,0,0
2020-02-25,Sierra,091,2930,0,0,0,0,0
2020-02-25,Siskiyou,093,43540,0,0,0,0,0
2020-02-25,Solano,095,438530,16,21,0,21,0
2020-02-25,Sonoma,097,501317,5,0,0,0,0
2020-02-25,Stanislaus,099,539301,2,0,2,2,0
2020-02-25,Sutter,101,95872,0,0,0,0,0
2020-02-25,Tehama,103,63373,0,0,0,0,0
2020-02-25,Trinity,105,12862,0,0,0,0,0
2020-02-25,Tulare,107,460477,3,0,0,0,0
2020-02-25,Tuolumne,109,53932,0,0,0,0,0
2020-02-25,Ventura,111,848112,4,0,0,0,0
2020-02-25,Yolo,113,214977,1,0,0,0,0
2020-02-25,Yuba,115,75493,0,0,0,0,0
2020-02-24,Alameda,001,1643700,14,0,0,0,0
2020-02-24,Alpine,003,1148,0,0,0,0,0
2020-02-24,Amador,005,37829,0,0,0,0,0
2020-02-24,Butte,007,227075,0,0,0,0,0
2020-02-24,Calaveras,009,45235,0,0,0,0,0
2020-02-24,Colusa,011,21464,0,0,0,0,0
2020-02-24,Contra Costa,013,1133247,9,0,0,0,0
2020-02-24,Del Norte,015,27424,0,0,0,0,0
2020-02-24,El Dorado,017,186661,0,0,0,0,0
2020-02-24,Fresno,019,978130,1,0,0,0,0
2020-02-24,Glenn,021,27897,0,0,0,0,0
2020-02-24,Humboldt,023,135768,1,1,0,1,0
2020-02-24,Imperial,025,180216,1,0,0,0,0
2020-02-24,Inyo,027,18085,0,0,0,0,0
2020-02-24,Kern,029,883053,2,0,0,0,0
2020-02-24,Kings,031,150075,3,0,1,1,0
2020-02-24,Lake,033,64148,0,0,0,0,0
2020-02-24,Lassen,035,31185,0,0,0,0,0
2020-02-24,Los Angeles,037,10098052,71,1,6,7,0
2020-02-24,Madera,039,155013,1,0,0,0,0
2020-02-24,Marin,041,260295,1,0,0,0,0
2020-02-24,Mariposa,043,17540,0,0,0,0,0
2020-02-24,Mendocino,045,87422,0,0,0,0,0
2020-02-24,Merced,047,269075,0,0,0,0,0
2020-02-24,Modoc,049,8938,0,0,0,0,0
2020-02-24,Mono,051,14174,0,0,0,0,0
2020-02-24,Monterey,053,433212,1,0,0,0,0
2020-02-24,Napa,055,140530,0,0,0,0,0
2020-02-24,Nevada,057,99092,0,0,1,1,0
2020-02-24,Orange,059,3164182,43,1,0,1,0
2020-02-24,Placer,061,380077,3,0,0,0,0
2020-02-24,Plumas,063,18699,0,0,0,0,0
2020-02-24,Riverside,065,2383286,9,0,1,1,0
2020-02-24,Sacramento,067,1510023,7,1,0,1,0
2020-02-24,San Benito,069,59416,0,2,0,2,0
2020-02-24,San Bernardino,071,2135413,21,0,0,0,0
2020-02-24,San Diego,073,3302833,5,2,0,2,0
2020-02-24,San Francisco,075,870044,6,0,0,0,0
2020-02-24,San Joaquin,077,732212,5,0,1,1,0
2020-02-24,San Luis Obispo,079,281455,2,0,0,0,0
2020-02-24,San Mateo,081,765935,13,0,0,0,0
2020-02-24,Santa Barbara,083,443738,0,0,0,0,0
2020-02-24,Santa Clara,085,1922200,38,2,1,3,0
2020-02-24,Santa Cruz,087,273765,5,0,0,0,0
2020-02-24,Shasta,089,179085,0,0,0,0,0
2020-02-24,Sierra,091,2930,0,0,0,0,0
2020-02-24,Siskiyou,093,43540,0,0,0,0,0
2020-02-24,Solano,095,438530,13,15,0,15,0
2020-02-24,Sonoma,097,501317,5,0,0,0,0
2020-02-24,Stanislaus,099,539301,2,0,2,2,0
2020-02-24,Sutter,101,95872,0,0,0,0,0
2020-02-24,Tehama,103,63373,0,0,0,0,0
2020-02-24,Trinity,105,12862,0,0,0,0,0
2020-02-24,Tulare,107,460477,3,0,0,0,0
2020-02-24,Tuolumne,109,53932,0,0,0,0,0
2020-02-24,Ventura,111,848112,4,0,0,0,0
2020-02-24,Yolo,113,214977,1,0,0,0,0
2020-02-24,Yuba,115,75493,0,0,0,0,0
2020-02-23,Alameda,001,1643700,12,0,0,0,0
2020-02-23,Alpine,003,1148,0,0,0,0,0
2020-02-23,Amador,005,37829,0,0,0,0,0
2020-02-23,Butte,007,227075,0,0,0,0,0
2020-02-23,Calaveras,009,45235,0,0,0,0,0
2020-02-23,Colusa,011,21464,0,0,0,0,0
2020-02-23,Contra Costa,013,1133247,6,0,0,0,0
2020-02-23,Del Norte,015,27424,0,0,0,0,0
2020-02-23,El Dorado,017,186661,0,0,0,0,0
2020-02-23,Fresno,019,978130,1,0,0,0,0
2020-02-23,Glenn,021,27897,0,0,0,0,0
2020-02-23,Humboldt,023,135768,1,1,0,1,0
2020-02-23,Imperial,025,180216,1,0,0,0,0
2020-02-23,Inyo,027,18085,0,0,0,0,0
2020-02-23,Kern,029,883053,2,0,0,0,0
2020-02-23,Kings,031,150075,3,0,1,1,0
2020-02-23,Lake,033,64148,0,0,0,0,0
2020-02-23,Lassen,035,31185,0,0,0,0,0
2020-02-23,Los Angeles,037,10098052,63,1,6,7,0
2020-02-23,Madera,039,155013,1,0,0,0,0
2020-02-23,Marin,041,260295,1,0,0,0,0
2020-02-23,Mariposa,043,17540,0,0,0,0,0
2020-02-23,Mendocino,045,87422,0,0,0,0,0
2020-02-23,Merced,047,269075,0,0,0,0,0
2020-02-23,Modoc,049,8938,0,0,0,0,0
2020-02-23,Mono,051,14174,0,0,0,0,0
2020-02-23,Monterey,053,433212,1,0,0,0,0
2020-02-23,Napa,055,140530,0,0,0,0,0
2020-02-23,Nevada,057,99092,0,0,1,1,0
2020-02-23,Orange,059,3164182,43,1,0,1,0
2020-02-23,Placer,061,380077,3,0,0,0,0
2020-02-23,Plumas,063,18699,0,0,0,0,0
2020-02-23,Riverside,065,2383286,9,0,0,0,0
2020-02-23,Sacramento,067,1510023,6,1,0,1,0
2020-02-23,San Benito,069,59416,0,2,0,2,0
2020-02-23,San Bernardino,071,2135413,20,0,0,0,0
2020-02-23,San Diego,073,3302833,4,2,0,2,0
2020-02-23,San Francisco,075,870044,5,0,0,0,0
2020-02-23,San Joaquin,077,732212,4,0,1,1,0
2020-02-23,San Luis Obispo,079,281455,2,0,0,0,0
2020-02-23,San Mateo,081,765935,10,0,0,0,0
2020-02-23,Santa Barbara,083,443738,0,0,0,0,0
2020-02-23,Santa Clara,085,1922200,26,2,1,3,0
2020-02-23,Santa Cruz,087,273765,2,0,0,0,0
2020-02-23,Shasta,089,179085,0,0,0,0,0
2020-02-23,Sierra,091,2930,0,0,0,0,0
2020-02-23,Siskiyou,093,43540,0,0,0,0,0
2020-02-23,Solano,095,438530,11,15,0,15,0
2020-02-23,Sonoma,097,501317,5,0,0,0,0
2020-02-23,Stanislaus,099,539301,2,0,2,2,0
2020-02-23,Sutter,101,95872,0,0,0,0,0
2020-02-23,Tehama,103,63373,0,0,0,0,0
2020-02-23,Trinity,105,12862,0,0,0,0,0
2020-02-23,Tulare,107,460477,2,0,0,0,0
2020-02-23,Tuolumne,109,53932,0,0,0,0,0
2020-02-23,Ventura,111,848112,4,0,0,0,0
2020-02-23,Yolo,113,214977,1,0,0,0,0
2020-02-23,Yuba,115,75493,0,0,0,0,0
2020-02-22,Alameda,001,1643700,11,0,0,0,0
2020-02-22,Alpine,003,1148,0,0,0,0,0
2020-02-22,Amador,005,37829,0,0,0,0,0
2020-02-22,Butte,007,227075,0,0,0,0,0
2020-02-22,Calaveras,009,45235,0,0,0,0,0
2020-02-22,Colusa,011,21464,0,0,0,0,0
2020-02-22,Contra Costa,013,1133247,5,0,0,0,0
2020-02-22,Del Norte,015,27424,0,0,0,0,0
2020-02-22,El Dorado,017,186661,0,0,0,0,0
2020-02-22,Fresno,019,978130,1,0,0,0,0
2020-02-22,Glenn,021,27897,0,0,0,0,0
2020-02-22,Humboldt,023,135768,1,1,0,1,0
2020-02-22,Imperial,025,180216,0,0,0,0,0
2020-02-22,Inyo,027,18085,0,0,0,0,0
2020-02-22,Kern,029,883053,2,0,0,0,0
2020-02-22,Kings,031,150075,3,0,1,1,0
2020-02-22,Lake,033,64148,0,0,0,0,0
2020-02-22,Lassen,035,31185,0,0,0,0,0
2020-02-22,Los Angeles,037,10098052,61,1,6,7,0
2020-02-22,Madera,039,155013,0,0,0,0,0
2020-02-22,Marin,041,260295,1,0,0,0,0
2020-02-22,Mariposa,043,17540,0,0,0,0,0
2020-02-22,Mendocino,045,87422,0,0,0,0,0
2020-02-22,Merced,047,269075,0,0,0,0,0
2020-02-22,Modoc,049,8938,0,0,0,0,0
2020-02-22,Mono,051,14174,0,0,0,0,0
2020-02-22,Monterey,053,433212,1,0,0,0,0
2020-02-22,Napa,055,140530,0,0,0,0,0
2020-02-22,Nevada,057,99092,0,0,1,1,0
2020-02-22,Orange,059,3164182,42,1,0,1,0
2020-02-22,Placer,061,380077,3,0,0,0,0
2020-02-22,Plumas,063,18699,0,0,0,0,0
2020-02-22,Riverside,065,2383286,9,0,0,0,0
2020-02-22,Sacramento,067,1510023,6,1,0,1,0
2020-02-22,San Benito,069,59416,0,2,0,2,0
2020-02-22,San Bernardino,071,2135413,18,0,0,0,0
2020-02-22,San Diego,073,3302833,3,2,0,2,0
2020-02-22,San Francisco,075,870044,3,0,0,0,0
2020-02-22,San Joaquin,077,732212,4,0,1,1,0
2020-02-22,San Luis Obispo,079,281455,2,0,0,0,0
2020-02-22,San Mateo,081,765935,8,0,0,0,0
2020-02-22,Santa Barbara,083,443738,0,0,0,0,0
2020-02-22,Santa Clara,085,1922200,23,2,1,3,0
2020-02-22,Santa Cruz,087,273765,2,0,0,0,0
2020-02-22,Shasta,089,179085,0,0,0,0,0
2020-02-22,Sierra,091,2930,0,0,0,0,0
2020-02-22,Siskiyou,093,43540,0,0,0,0,0
2020-02-22,Solano,095,438530,11,11,0,11,0
2020-02-22,Sonoma,097,501317,4,0,0,0,0
2020-02-22,Stanislaus,099,539301,2,0,2,2,0
2020-02-22,Sutter,101,95872,0,0,0,0,0
2020-02-22,Tehama,103,63373,0,0,0,0,0
2020-02-22,Trinity,105,12862,0,0,0,0,0
2020-02-22,Tulare,107,460477,2,0,0,0,0
2020-02-22,Tuolumne,109,53932,0,0,0,0,0
2020-02-22,Ventura,111,848112,4,0,0,0,0
2020-02-22,Yolo,113,214977,0,0,0,0,0
2020-02-22,Yuba,115,75493,0,0,0,0,0
2020-02-21,Alameda,001,1643700,10,0,0,0,0
2020-02-21,Alpine,003,1148,0,0,0,0,0
2020-02-21,Amador,005,37829,0,0,0,0,0
2020-02-21,Butte,007,227075,0,0,0,0,0
2020-02-21,Calaveras,009,45235,0,0,0,0,0
2020-02-21,Colusa,011,21464,0,0,0,0,0
2020-02-21,Contra Costa,013,1133247,4,0,0,0,0
2020-02-21,Del Norte,015,27424,0,0,0,0,0
2020-02-21,El Dorado,017,186661,0,0,0,0,0
2020-02-21,Fresno,019,978130,1,0,0,0,0
2020-02-21,Glenn,021,27897,0,0,0,0,0
2020-02-21,Humboldt,023,135768,1,1,0,1,0
2020-02-21,Imperial,025,180216,0,0,0,0,0
2020-02-21,Inyo,027,18085,0,0,0,0,0
2020-02-21,Kern,029,883053,2,0,0,0,0
2020-02-21,Kings,031,150075,3,0,1,1,0
2020-02-21,Lake,033,64148,0,0,0,0,0
2020-02-21,Lassen,035,31185,0,0,0,0,0
2020-02-21,Los Angeles,037,10098052,57,1,6,7,0
2020-02-21,Madera,039,155013,0,0,0,0,0
2020-02-21,Marin,041,260295,1,0,0,0,0
2020-02-21,Mariposa,043,17540,0,0,0,0,0
2020-02-21,Mendocino,045,87422,0,0,0,0,0
2020-02-21,Merced,047,269075,0,0,0,0,0
2020-02-21,Modoc,049,8938,0,0,0,0,0
2020-02-21,Mono,051,14174,0,0,0,0,0
2020-02-21,Monterey,053,433212,1,0,0,0,0
2020-02-21,Napa,055,140530,0,0,0,0,0
2020-02-21,Nevada,057,99092,0,0,1,1,0
2020-02-21,Orange,059,3164182,40,1,0,1,0
2020-02-21,Placer,061,380077,2,0,0,0,0
2020-02-21,Plumas,063,18699,0,0,0,0,0
2020-02-21,Riverside,065,2383286,9,0,0,0,0
2020-02-21,Sacramento,067,1510023,5,1,0,1,0
2020-02-21,San Benito,069,59416,0,2,0,2,0
2020-02-21,San Bernardino,071,2135413,17,0,0,0,0
2020-02-21,San Diego,073,3302833,3,2,0,2,0
2020-02-21,San Francisco,075,870044,3,0,0,0,0
2020-02-21,San Joaquin,077,732212,2,0,1,1,0
2020-02-21,San Luis Obispo,079,281455,2,0,0,0,0
2020-02-21,San Mateo,081,765935,8,0,0,0,0
2020-02-21,Santa Barbara,083,443738,0,0,0,0,0
2020-02-21,Santa Clara,085,1922200,21,2,1,3,0
2020-02-21,Santa Cruz,087,273765,2,0,0,0,0
2020-02-21,Shasta,089,179085,0,0,0,0,0
2020-02-21,Sierra,091,2930,0,0,0,0,0
2020-02-21,Siskiyou,093,43540,0,0,0,0,0
2020-02-21,Solano,095,438530,10,11,0,11,0
2020-02-21,Sonoma,097,501317,3,0,0,0,0
2020-02-21,Stanislaus,099,539301,2,0,2,2,0
2020-02-21,Sutter,101,95872,0,0,0,0,0
2020-02-21,Tehama,103,63373,0,0,0,0,0
2020-02-21,Trinity,105,12862,0,0,0,0,0
2020-02-21,Tulare,107,460477,2,0,0,0,0
2020-02-21,Tuolumne,109,53932,0,0,0,0,0
2020-02-21,Ventura,111,848112,4,0,0,0,0
2020-02-21,Yolo,113,214977,0,0,0,0,0
2020-02-21,Yuba,115,75493,0,0,0,0,0
2020-02-20,Alameda,001,1643700,8,0,0,0,0
2020-02-20,Alpine,003,1148,0,0,0,0,0
2020-02-20,Amador,005,37829,0,0,0,0,0
2020-02-20,Butte,007,227075,0,0,0,0,0
2020-02-20,Calaveras,009,45235,0,0,0,0,0
2020-02-20,Colusa,011,21464,0,0,0,0,0
2020-02-20,Contra Costa,013,1133247,3,0,0,0,0
2020-02-20,Del Norte,015,27424,0,0,0,0,0
2020-02-20,El Dorado,017,186661,0,0,0,0,0
2020-02-20,Fresno,019,978130,1,0,0,0,0
2020-02-20,Glenn,021,27897,0,0,0,0,0
2020-02-20,Humboldt,023,135768,1,1,0,1,0
2020-02-20,Imperial,025,180216,0,0,0,0,0
2020-02-20,Inyo,027,18085,0,0,0,0,0
2020-02-20,Kern,029,883053,2,0,0,0,0
2020-02-20,Kings,031,150075,3,0,1,1,0
2020-02-20,Lake,033,64148,0,0,0,0,0
2020-02-20,Lassen,035,31185,0,0,0,0,0
2020-02-20,Los Angeles,037,10098052,56,1,5,6,0
2020-02-20,Madera,039,155013,0,0,0,0,0
2020-02-20,Marin,041,260295,0,0,0,0,0
2020-02-20,Mariposa,043,17540,0,0,0,0,0
2020-02-20,Mendocino,045,87422,0,0,0,0,0
2020-02-20,Merced,047,269075,0,0,0,0,0
2020-02-20,Modoc,049,8938,0,0,0,0,0
2020-02-20,Mono,051,14174,0,0,0,0,0
2020-02-20,Monterey,053,433212,1,0,0,0,0
2020-02-20,Napa,055,140530,0,0,0,0,0
2020-02-20,Nevada,057,99092,0,0,1,1,0
2020-02-20,Orange,059,3164182,40,1,0,1,0
2020-02-20,Placer,061,380077,2,0,0,0,0
2020-02-20,Plumas,063,18699,0,0,0,0,0
2020-02-20,Riverside,065,2383286,7,0,0,0,0
2020-02-20,Sacramento,067,1510023,2,1,0,1,0
2020-02-20,San Benito,069,59416,0,2,0,2,0
2020-02-20,San Bernardino,071,2135413,15,0,0,0,0
2020-02-20,San Diego,073,3302833,3,2,0,2,0
2020-02-20,San Francisco,075,870044,3,0,0,0,0
2020-02-20,San Joaquin,077,732212,2,0,1,1,0
2020-02-20,San Luis Obispo,079,281455,2,0,0,0,0
2020-02-20,San Mateo,081,765935,7,0,0,0,0
2020-02-20,Santa Barbara,083,443738,0,0,0,0,0
2020-02-20,Santa Clara,085,1922200,17,2,1,3,0
2020-02-20,Santa Cruz,087,273765,2,0,0,0,0
2020-02-20,Shasta,089,179085,0,0,0,0,0
2020-02-20,Sierra,091,2930,0,0,0,0,0
2020-02-20,Siskiyou,093,43540,0,0,0,0,0
2020-02-20,Solano,095,438530,8,7,0,7,0
2020-02-20,Sonoma,097,501317,2,0,0,0,0
2020-02-20,Stanislaus,099,539301,2,0,2,2,0
2020-02-20,Sutter,101,95872,0,0,0,0,0
2020-02-20,Tehama,103,63373,0,0,0,0,0
2020-02-20,Trinity,105,12862,0,0,0,0,0
2020-02-20,Tulare,107,460477,2,0,0,0,0
2020-02-20,Tuolumne,109,53932,0,0,0,0,0
2020-02-20,Ventura,111,848112,4,0,0,0,0
2020-02-20,Yolo,113,214977,0,0,0,0,0
2020-02-20,Yuba,115,75493,0,0,0,0,0
2020-02-19,Alameda,001,1643700,7,0,0,0,0
2020-02-19,Alpine,003,1148,0,0,0,0,0
2020-02-19,Amador,005,37829,0,0,0,0,0
2020-02-19,Butte,007,227075,0,0,0,0,0
2020-02-19,Calaveras,009,45235,0,0,0,0,0
2020-02-19,Colusa,011,21464,0,0,0,0,0
2020-02-19,Contra Costa,013,1133247,3,0,0,0,0
2020-02-19,Del Norte,015,27424,0,0,0,0,0
2020-02-19,El Dorado,017,186661,0,0,0,0,0
2020-02-19,Fresno,019,978130,1,0,0,0,0
2020-02-19,Glenn,021,27897,0,0,0,0,0
2020-02-19,Humboldt,023,135768,1,0,0,0,0
2020-02-19,Imperial,025,180216,0,0,0,0,0
2020-02-19,Inyo,027,18085,0,0,0,0,0
2020-02-19,Kern,029,883053,2,0,0,0,0
2020-02-19,Kings,031,150075,3,0,1,1,0
2020-02-19,Lake,033,64148,0,0,0,0,0
2020-02-19,Lassen,035,31185,0,0,0,0,0
2020-02-19,Los Angeles,037,10098052,53,1,5,6,0
2020-02-19,Madera,039,155013,0,0,0,0,0
2020-02-19,Marin,041,260295,0,0,0,0,0
2020-02-19,Mariposa,043,17540,0,0,0,0,0
2020-02-19,Mendocino,045,87422,0,0,0,0,0
2020-02-19,Merced,047,269075,0,0,0,0,0
2020-02-19,Modoc,049,8938,0,0,0,0,0
2020-02-19,Mono,051,14174,0,0,0,0,0
2020-02-19,Monterey,053,433212,1,0,0,0,0
2020-02-19,Napa,055,140530,0,0,0,0,0
2020-02-19,Nevada,057,99092,0,0,1,1,0
2020-02-19,Orange,059,3164182,39,1,0,1,0
2020-02-19,Placer,061,380077,2,0,0,0,0
2020-02-19,Plumas,063,18699,0,0,0,0,0
2020-02-19,Riverside,065,2383286,5,0,0,0,0
2020-02-19,Sacramento,067,1510023,2,0,0,0,0
2020-02-19,San Benito,069,59416,0,2,0,2,0
2020-02-19,San Bernardino,071,2135413,14,0,0,0,0
2020-02-19,San Diego,073,3302833,2,2,0,2,0
2020-02-19,San Francisco,075,870044,2,0,0,0,0
2020-02-19,San Joaquin,077,732212,2,0,1,1,0
2020-02-19,San Luis Obispo,079,281455,2,0,0,0,0
2020-02-19,San Mateo,081,765935,6,0,0,0,0
2020-02-19,Santa Barbara,083,443738,0,0,0,0,0
2020-02-19,Santa Clara,085,1922200,15,2,1,3,0
2020-02-19,Santa Cruz,087,273765,0,0,0,0,0
2020-02-19,Shasta,089,179085,0,0,0,0,0
2020-02-19,Sierra,091,2930,0,0,0,0,0
2020-02-19,Siskiyou,093,43540,0,0,0,0,0
2020-02-19,Solano,095,438530,5,7,0,7,0
2020-02-19,Sonoma,097,501317,2,0,0,0,0
2020-02-19,Stanislaus,099,539301,1,0,2,2,0
2020-02-19,Sutter,101,95872,0,0,0,0,0
2020-02-19,Tehama,103,63373,0,0,0,0,0
2020-02-19,Trinity,105,12862,0,0,0,0,0
2020-02-19,Tulare,107,460477,2,0,0,0,0
2020-02-19,Tuolumne,109,53932,0,0,0,0,0
2020-02-19,Ventura,111,848112,2,0,0,0,0
2020-02-19,Yolo,113,214977,0,0,0,0,0
2020-02-19,Yuba,115,75493,0,0,0,0,0
2020-02-18,Alameda,001,1643700,7,0,0,0,0
2020-02-18,Alpine,003,1148,0,0,0,0,0
2020-02-18,Amador,005,37829,0,0,0,0,0
2020-02-18,Butte,007,227075,0,0,0,0,0
2020-02-18,Calaveras,009,45235,0,0,0,0,0
2020-02-18,Colusa,011,21464,0,0,0,0,0
2020-02-18,Contra Costa,013,1133247,3,0,0,0,0
2020-02-18,Del Norte,015,27424,0,0,0,0,0
2020-02-18,El Dorado,017,186661,0,0,0,0,0
2020-02-18,Fresno,019,978130,0,0,0,0,0
2020-02-18,Glenn,021,27897,0,0,0,0,0
2020-02-18,Humboldt,023,135768,1,0,0,0,0
2020-02-18,Imperial,025,180216,0,0,0,0,0
2020-02-18,Inyo,027,18085,0,0,0,0,0
2020-02-18,Kern,029,883053,2,0,0,0,0
2020-02-18,Kings,031,150075,3,0,1,1,0
2020-02-18,Lake,033,64148,0,0,0,0,0
2020-02-18,Lassen,035,31185,0,0,0,0,0
2020-02-18,Los Angeles,037,10098052,50,1,4,5,0
2020-02-18,Madera,039,155013,0,0,0,0,0
2020-02-18,Marin,041,260295,0,0,0,0,0
2020-02-18,Mariposa,043,17540,0,0,0,0,0
2020-02-18,Mendocino,045,87422,0,0,0,0,0
2020-02-18,Merced,047,269075,0,0,0,0,0
2020-02-18,Modoc,049,8938,0,0,0,0,0
2020-02-18,Mono,051,14174,0,0,0,0,0
2020-02-18,Monterey,053,433212,1,0,0,0,0
2020-02-18,Napa,055,140530,0,0,0,0,0
2020-02-18,Nevada,057,99092,0,0,1,1,0
2020-02-18,Orange,059,3164182,38,1,0,1,0
2020-02-18,Placer,061,380077,0,0,0,0,0
2020-02-18,Plumas,063,18699,0,0,0,0,0
2020-02-18,Riverside,065,2383286,5,0,0,0,0
2020-02-18,Sacramento,067,1510023,2,0,0,0,0
2020-02-18,San Benito,069,59416,0,2,0,2,0
2020-02-18,San Bernardino,071,2135413,13,0,0,0,0
2020-02-18,San Diego,073,3302833,2,2,0,2,0
2020-02-18,San Francisco,075,870044,2,0,0,0,0
2020-02-18,San Joaquin,077,732212,1,0,1,1,0
2020-02-18,San Luis Obispo,079,281455,2,0,0,0,0
2020-02-18,San Mateo,081,765935,5,0,0,0,0
2020-02-18,Santa Barbara,083,443738,0,0,0,0,0
2020-02-18,Santa Clara,085,1922200,14,2,1,3,0
2020-02-18,Santa Cruz,087,273765,0,0,0,0,0
2020-02-18,Shasta,089,179085,0,0,0,0,0
2020-02-18,Sierra,091,2930,0,0,0,0,0
2020-02-18,Siskiyou,093,43540,0,0,0,0,0
2020-02-18,Solano,095,438530,5,7,0,7,0
2020-02-18,Sonoma,097,501317,1,0,0,0,0
2020-02-18,Stanislaus,099,539301,1,0,2,2,0
2020-02-18,Sutter,101,95872,0,0,0,0,0
2020-02-18,Tehama,103,63373,0,0,0,0,0
2020-02-18,Trinity,105,12862,0,0,0,0,0
2020-02-18,Tulare,107,460477,2,0,0,0,0
2020-02-18,Tuolumne,109,53932,0,0,0,0,0
2020-02-18,Ventura,111,848112,2,0,0,0,0
2020-02-18,Yolo,113,214977,0,0,0,0,0
2020-02-18,Yuba,115,75493,0,0,0,0,0
2020-02-17,Alameda,001,1643700,7,0,0,0,0
2020-02-17,Alpine,003,1148,0,0,0,0,0
2020-02-17,Amador,005,37829,0,0,0,0,0
2020-02-17,Butte,007,227075,0,0,0,0,0
2020-02-17,Calaveras,009,45235,0,0,0,0,0
2020-02-17,Colusa,011,21464,0,0,0,0,0
2020-02-17,Contra Costa,013,1133247,3,0,0,0,0
2020-02-17,Del Norte,015,27424,0,0,0,0,0
2020-02-17,El Dorado,017,186661,0,0,0,0,0
2020-02-17,Fresno,019,978130,0,0,0,0,0
2020-02-17,Glenn,021,27897,0,0,0,0,0
2020-02-17,Humboldt,023,135768,1,0,0,0,0
2020-02-17,Imperial,025,180216,0,0,0,0,0
2020-02-17,Inyo,027,18085,0,0,0,0,0
2020-02-17,Kern,029,883053,2,0,0,0,0
2020-02-17,Kings,031,150075,3,0,0,0,0
2020-02-17,Lake,033,64148,0,0,0,0,0
2020-02-17,Lassen,035,31185,0,0,0,0,0
2020-02-17,Los Angeles,037,10098052,47,1,4,5,0
2020-02-17,Madera,039,155013,0,0,0,0,0
2020-02-17,Marin,041,260295,0,0,0,0,0
2020-02-17,Mariposa,043,17540,0,0,0,0,0
2020-02-17,Mendocino,045,87422,0,0,0,0,0
2020-02-17,Merced,047,269075,0,0,0,0,0
2020-02-17,Modoc,049,8938,0,0,0,0,0
2020-02-17,Mono,051,14174,0,0,0,0,0
2020-02-17,Monterey,053,433212,1,0,0,0,0
2020-02-17,Napa,055,140530,0,0,0,0,0
2020-02-17,Nevada,057,99092,0,0,1,1,0
2020-02-17,Orange,059,3164182,38,1,0,1,0
2020-02-17,Placer,061,380077,0,0,0,0,0
2020-02-17,Plumas,063,18699,0,0,0,0,0
2020-02-17,Riverside,065,2383286,5,0,0,0,0
2020-02-17,Sacramento,067,1510023,2,0,0,0,0
2020-02-17,San Benito,069,59416,0,2,0,2,0
2020-02-17,San Bernardino,071,2135413,11,0,0,0,0
2020-02-17,San Diego,073,3302833,2,2,0,2,0
2020-02-17,San Francisco,075,870044,2,0,0,0,0
2020-02-17,San Joaquin,077,732212,1,0,1,1,0
2020-02-17,San Luis Obispo,079,281455,1,0,0,0,0
2020-02-17,San Mateo,081,765935,5,0,0,0,0
2020-02-17,Santa Barbara,083,443738,0,0,0,0,0
2020-02-17,Santa Clara,085,1922200,12,2,1,3,0
2020-02-17,Santa Cruz,087,273765,0,0,0,0,0
2020-02-17,Shasta,089,179085,0,0,0,0,0
2020-02-17,Sierra,091,2930,0,0,0,0,0
2020-02-17,Siskiyou,093,43540,0,0,0,0,0
2020-02-17,Solano,095,438530,3,5,0,5,0
2020-02-17,Sonoma,097,501317,1,0,0,0,0
2020-02-17,Stanislaus,099,539301,1,0,2,2,0
2020-02-17,Sutter,101,95872,0,0,0,0,0
2020-02-17,Tehama,103,63373,0,0,0,0,0
2020-02-17,Trinity,105,12862,0,0,0,0,0
2020-02-17,Tulare,107,460477,2,0,0,0,0
2020-02-17,Tuolumne,109,53932,0,0,0,0,0
2020-02-17,Ventura,111,848112,2,0,0,0,0
2020-02-17,Yolo,113,214977,0,0,0,0,0
2020-02-17,Yuba,115,75493,0,0,0,0,0
2020-02-16,Alameda,001,1643700,6,0,0,0,0
2020-02-16,Alpine,003,1148,0,0,0,0,0
2020-02-16,Amador,005,37829,0,0,0,0,0
2020-02-16,Butte,007,227075,0,0,0,0,0
2020-02-16,Calaveras,009,45235,0,0,0,0,0
2020-02-16,Colusa,011,21464,0,0,0,0,0
2020-02-16,Contra Costa,013,1133247,3,0,0,0,0
2020-02-16,Del Norte,015,27424,0,0,0,0,0
2020-02-16,El Dorado,017,186661,0,0,0,0,0
2020-02-16,Fresno,019,978130,0,0,0,0,0
2020-02-16,Glenn,021,27897,0,0,0,0,0
2020-02-16,Humboldt,023,135768,1,0,0,0,0
2020-02-16,Imperial,025,180216,0,0,0,0,0
2020-02-16,Inyo,027,18085,0,0,0,0,0
2020-02-16,Kern,029,883053,2,0,0,0,0
2020-02-16,Kings,031,150075,3,0,0,0,0
2020-02-16,Lake,033,64148,0,0,0,0,0
2020-02-16,Lassen,035,31185,0,0,0,0,0
2020-02-16,Los Angeles,037,10098052,42,1,4,5,0
2020-02-16,Madera,039,155013,0,0,0,0,0
2020-02-16,Marin,041,260295,0,0,0,0,0
2020-02-16,Mariposa,043,17540,0,0,0,0,0
2020-02-16,Mendocino,045,87422,0,0,0,0,0
2020-02-16,Merced,047,269075,0,0,0,0,0
2020-02-16,Modoc,049,8938,0,0,0,0,0
2020-02-16,Mono,051,14174,0,0,0,0,0
2020-02-16,Monterey,053,433212,1,0,0,0,0
2020-02-16,Napa,055,140530,0,0,0,0,0
2020-02-16,Nevada,057,99092,0,0,0,0,0
2020-02-16,Orange,059,3164182,37,1,0,1,0
2020-02-16,Placer,061,380077,0,0,0,0,0
2020-02-16,Plumas,063,18699,0,0,0,0,0
2020-02-16,Riverside,065,2383286,5,0,0,0,0
2020-02-16,Sacramento,067,1510023,2,0,0,0,0
2020-02-16,San Benito,069,59416,0,2,0,2,0
2020-02-16,San Bernardino,071,2135413,10,0,0,0,0
2020-02-16,San Diego,073,3302833,2,2,0,2,0
2020-02-16,San Francisco,075,870044,2,0,0,0,0
2020-02-16,San Joaquin,077,732212,1,0,1,1,0
2020-02-16,San Luis Obispo,079,281455,1,0,0,0,0
2020-02-16,San Mateo,081,765935,4,0,0,0,0
2020-02-16,Santa Barbara,083,443738,0,0,0,0,0
2020-02-16,Santa Clara,085,1922200,10,2,1,3,0
2020-02-16,Santa Cruz,087,273765,0,0,0,0,0
2020-02-16,Shasta,089,179085,0,0,0,0,0
2020-02-16,Sierra,091,2930,0,0,0,0,0
2020-02-16,Siskiyou,093,43540,0,0,0,0,0
2020-02-16,Solano,095,438530,1,0,0,0,0
2020-02-16,Sonoma,097,501317,1,0,0,0,0
2020-02-16,Stanislaus,099,539301,1,0,2,2,0
2020-02-16,Sutter,101,95872,0,0,0,0,0
2020-02-16,Tehama,103,63373,0,0,0,0,0
2020-02-16,Trinity,105,12862,0,0,0,0,0
2020-02-16,Tulare,107,460477,2,0,0,0,0
2020-02-16,Tuolumne,109,53932,0,0,0,0,0
2020-02-16,Ventura,111,848112,2,0,0,0,0
2020-02-16,Yolo,113,214977,0,0,0,0,0
2020-02-16,Yuba,115,75493,0,0,0,0,0
2020-02-15,Alameda,001,1643700,6,0,0,0,0
2020-02-15,Alpine,003,1148,0,0,0,0,0
2020-02-15,Amador,005,37829,0,0,0,0,0
2020-02-15,Butte,007,227075,0,0,0,0,0
2020-02-15,Calaveras,009,45235,0,0,0,0,0
2020-02-15,Colusa,011,21464,0,0,0,0,0
2020-02-15,Contra Costa,013,1133247,3,0,0,0,0
2020-02-15,Del Norte,015,27424,0,0,0,0,0
2020-02-15,El Dorado,017,186661,0,0,0,0,0
2020-02-15,Fresno,019,978130,0,0,0,0,0
2020-02-15,Glenn,021,27897,0,0,0,0,0
2020-02-15,Humboldt,023,135768,1,0,0,0,0
2020-02-15,Imperial,025,180216,0,0,0,0,0
2020-02-15,Inyo,027,18085,0,0,0,0,0
2020-02-15,Kern,029,883053,2,0,0,0,0
2020-02-15,Kings,031,150075,3,0,0,0,0
2020-02-15,Lake,033,64148,0,0,0,0,0
2020-02-15,Lassen,035,31185,0,0,0,0,0
2020-02-15,Los Angeles,037,10098052,39,1,4,5,0
2020-02-15,Madera,039,155013,0,0,0,0,0
2020-02-15,Marin,041,260295,0,0,0,0,0
2020-02-15,Mariposa,043,17540,0,0,0,0,0
2020-02-15,Mendocino,045,87422,0,0,0,0,0
2020-02-15,Merced,047,269075,0,0,0,0,0
2020-02-15,Modoc,049,8938,0,0,0,0,0
2020-02-15,Mono,051,14174,0,0,0,0,0
2020-02-15,Monterey,053,433212,1,0,0,0,0
2020-02-15,Napa,055,140530,0,0,0,0,0
2020-02-15,Nevada,057,99092,0,0,0,0,0
2020-02-15,Orange,059,3164182,36,1,0,1,0
2020-02-15,Placer,061,380077,0,0,0,0,0
2020-02-15,Plumas,063,18699,0,0,0,0,0
2020-02-15,Riverside,065,2383286,4,0,0,0,0
2020-02-15,Sacramento,067,1510023,2,0,0,0,0
2020-02-15,San Benito,069,59416,0,2,0,2,0
2020-02-15,San Bernardino,071,2135413,9,0,0,0,0
2020-02-15,San Diego,073,3302833,2,2,0,2,0
2020-02-15,San Francisco,075,870044,2,0,0,0,0
2020-02-15,San Joaquin,077,732212,1,0,1,1,0
2020-02-15,San Luis Obispo,079,281455,1,0,0,0,0
2020-02-15,San Mateo,081,765935,4,0,0,0,0
2020-02-15,Santa Barbara,083,443738,0,0,0,0,0
2020-02-15,Santa Clara,085,1922200,10,2,1,3,0
2020-02-15,Santa Cruz,087,273765,0,0,0,0,0
2020-02-15,Shasta,089,179085,0,0,0,0,0
2020-02-15,Sierra,091,2930,0,0,0,0,0
2020-02-15,Siskiyou,093,43540,0,0,0,0,0
2020-02-15,Solano,095,438530,1,0,0,0,0
2020-02-15,Sonoma,097,501317,0,0,0,0,0
2020-02-15,Stanislaus,099,539301,1,0,2,2,0
2020-02-15,Sutter,101,95872,0,0,0,0,0
2020-02-15,Tehama,103,63373,0,0,0,0,0
2020-02-15,Trinity,105,12862,0,0,0,0,0
2020-02-15,Tulare,107,460477,2,0,0,0,0
2020-02-15,Tuolumne,109,53932,0,0,0,0,0
2020-02-15,Ventura,111,848112,2,0,0,0,0
2020-02-15,Yolo,113,214977,0,0,0,0,0
2020-02-15,Yuba,115,75493,0,0,0,0,0
2020-02-14,Alameda,001,1643700,5,0,0,0,0
2020-02-14,Alpine,003,1148,0,0,0,0,0
2020-02-14,Amador,005,37829,0,0,0,0,0
2020-02-14,Butte,007,227075,0,0,0,0,0
2020-02-14,Calaveras,009,45235,0,0,0,0,0
2020-02-14,Colusa,011,21464,0,0,0,0,0
2020-02-14,Contra Costa,013,1133247,3,0,0,0,0
2020-02-14,Del Norte,015,27424,0,0,0,0,0
2020-02-14,El Dorado,017,186661,0,0,0,0,0
2020-02-14,Fresno,019,978130,0,0,0,0,0
2020-02-14,Glenn,021,27897,0,0,0,0,0
2020-02-14,Humboldt,023,135768,1,0,0,0,0
2020-02-14,Imperial,025,180216,0,0,0,0,0
2020-02-14,Inyo,027,18085,0,0,0,0,0
2020-02-14,Kern,029,883053,2,0,0,0,0
2020-02-14,Kings,031,150075,1,0,0,0,0
2020-02-14,Lake,033,64148,0,0,0,0,0
2020-02-14,Lassen,035,31185,0,0,0,0,0
2020-02-14,Los Angeles,037,10098052,34,1,4,5,0
2020-02-14,Madera,039,155013,0,0,0,0,0
2020-02-14,Marin,041,260295,0,0,0,0,0
2020-02-14,Mariposa,043,17540,0,0,0,0,0
2020-02-14,Mendocino,045,87422,0,0,0,0,0
2020-02-14,Merced,047,269075,0,0,0,0,0
2020-02-14,Modoc,049,8938,0,0,0,0,0
2020-02-14,Mono,051,14174,0,0,0,0,0
2020-02-14,Monterey,053,433212,1,0,0,0,0
2020-02-14,Napa,055,140530,0,0,0,0,0
2020-02-14,Nevada,057,99092,0,0,0,0,0
2020-02-14,Orange,059,3164182,36,1,0,1,0
2020-02-14,Placer,061,380077,0,0,0,0,0
2020-02-14,Plumas,063,18699,0,0,0,0,0
2020-02-14,Riverside,065,2383286,4,0,0,0,0
2020-02-14,Sacramento,067,1510023,1,0,0,0,0
2020-02-14,San Benito,069,59416,0,2,0,2,0
2020-02-14,San Bernardino,071,2135413,9,0,0,0,0
2020-02-14,San Diego,073,3302833,1,2,0,2,0
2020-02-14,San Francisco,075,870044,2,0,0,0,0
2020-02-14,San Joaquin,077,732212,1,0,1,1,0
2020-02-14,San Luis Obispo,079,281455,0,0,0,0,0
2020-02-14,San Mateo,081,765935,3,0,0,0,0
2020-02-14,Santa Barbara,083,443738,0,0,0,0,0
2020-02-14,Santa Clara,085,1922200,8,2,1,3,0
2020-02-14,Santa Cruz,087,273765,0,0,0,0,0
2020-02-14,Shasta,089,179085,0,0,0,0,0
2020-02-14,Sierra,091,2930,0,0,0,0,0
2020-02-14,Siskiyou,093,43540,0,0,0,0,0
2020-02-14,Solano,095,438530,1,0,0,0,0
2020-02-14,Sonoma,097,501317,0,0,0,0,0
2020-02-14,Stanislaus,099,539301,1,0,2,2,0
2020-02-14,Sutter,101,95872,0,0,0,0,0
2020-02-14,Tehama,103,63373,0,0,0,0,0
2020-02-14,Trinity,105,12862,0,0,0,0,0
2020-02-14,Tulare,107,460477,2,0,0,0,0
2020-02-14,Tuolumne,109,53932,0,0,0,0,0
2020-02-14,Ventura,111,848112,2,0,0,0,0
2020-02-14,Yolo,113,214977,0,0,0,0,0
2020-02-14,Yuba,115,75493,0,0,0,0,0
2020-02-13,Alameda,001,1643700,5,0,0,0,0
2020-02-13,Alpine,003,1148,0,0,0,0,0
2020-02-13,Amador,005,37829,0,0,0,0,0
2020-02-13,Butte,007,227075,0,0,0,0,0
2020-02-13,Calaveras,009,45235,0,0,0,0,0
2020-02-13,Colusa,011,21464,0,0,0,0,0
2020-02-13,Contra Costa,013,1133247,3,0,0,0,0
2020-02-13,Del Norte,015,27424,0,0,0,0,0
2020-02-13,El Dorado,017,186661,0,0,0,0,0
2020-02-13,Fresno,019,978130,0,0,0,0,0
2020-02-13,Glenn,021,27897,0,0,0,0,0
2020-02-13,Humboldt,023,135768,1,0,0,0,0
2020-02-13,Imperial,025,180216,0,0,0,0,0
2020-02-13,Inyo,027,18085,0,0,0,0,0
2020-02-13,Kern,029,883053,2,0,0,0,0
2020-02-13,Kings,031,150075,1,0,0,0,0
2020-02-13,Lake,033,64148,0,0,0,0,0
2020-02-13,Lassen,035,31185,0,0,0,0,0
2020-02-13,Los Angeles,037,10098052,31,1,3,4,0
2020-02-13,Madera,039,155013,0,0,0,0,0
2020-02-13,Marin,041,260295,0,0,0,0,0
2020-02-13,Mariposa,043,17540,0,0,0,0,0
2020-02-13,Mendocino,045,87422,0,0,0,0,0
2020-02-13,Merced,047,269075,0,0,0,0,0
2020-02-13,Modoc,049,8938,0,0,0,0,0
2020-02-13,Mono,051,14174,0,0,0,0,0
2020-02-13,Monterey,053,433212,1,0,0,0,0
2020-02-13,Napa,055,140530,0,0,0,0,0
2020-02-13,Nevada,057,99092,0,0,0,0,0
2020-02-13,Orange,059,3164182,35,1,0,1,0
2020-02-13,Placer,061,380077,0,0,0,0,0
2020-02-13,Plumas,063,18699,0,0,0,0,0
2020-02-13,Riverside,065,2383286,4,0,0,0,0
2020-02-13,Sacramento,067,1510023,1,0,0,0,0
2020-02-13,San Benito,069,59416,0,2,0,2,0
2020-02-13,San Bernardino,071,2135413,8,0,0,0,0
2020-02-13,San Diego,073,3302833,0,2,0,2,0
2020-02-13,San Francisco,075,870044,2,0,0,0,0
2020-02-13,San Joaquin,077,732212,1,0,1,1,0
2020-02-13,San Luis Obispo,079,281455,0,0,0,0,0
2020-02-13,San Mateo,081,765935,2,0,0,0,0
2020-02-13,Santa Barbara,083,443738,0,0,0,0,0
2020-02-13,Santa Clara,085,1922200,7,2,0,2,0
2020-02-13,Santa Cruz,087,273765,0,0,0,0,0
2020-02-13,Shasta,089,179085,0,0,0,0,0
2020-02-13,Sierra,091,2930,0,0,0,0,0
2020-02-13,Siskiyou,093,43540,0,0,0,0,0
2020-02-13,Solano,095,438530,0,0,0,0,0
2020-02-13,Sonoma,097,501317,0,0,0,0,0
2020-02-13,Stanislaus,099,539301,1,0,1,1,0
2020-02-13,Sutter,101,95872,0,0,0,0,0
2020-02-13,Tehama,103,63373,0,0,0,0,0
2020-02-13,Trinity,105,12862,0,0,0,0,0
2020-02-13,Tulare,107,460477,2,0,0,0,0
2020-02-13,Tuolumne,109,53932,0,0,0,0,0
2020-02-13,Ventura,111,848112,2,0,0,0,0
2020-02-13,Yolo,113,214977,0,0,0,0,0
2020-02-13,Yuba,115,75493,0,0,0,0,0
2020-02-12,Alameda,001,1643700,5,0,0,0,0
2020-02-12,Alpine,003,1148,0,0,0,0,0
2020-02-12,Amador,005,37829,0,0,0,0,0
2020-02-12,Butte,007,227075,0,0,0,0,0
2020-02-12,Calaveras,009,45235,0,0,0,0,0
2020-02-12,Colusa,011,21464,0,0,0,0,0
2020-02-12,Contra Costa,013,1133247,3,0,0,0,0
2020-02-12,Del Norte,015,27424,0,0,0,0,0
2020-02-12,El Dorado,017,186661,0,0,0,0,0
2020-02-12,Fresno,019,978130,0,0,0,0,0
2020-02-12,Glenn,021,27897,0,0,0,0,0
2020-02-12,Humboldt,023,135768,1,0,0,0,0
2020-02-12,Imperial,025,180216,0,0,0,0,0
2020-02-12,Inyo,027,18085,0,0,0,0,0
2020-02-12,Kern,029,883053,2,0,0,0,0
2020-02-12,Kings,031,150075,1,0,0,0,0
2020-02-12,Lake,033,64148,0,0,0,0,0
2020-02-12,Lassen,035,31185,0,0,0,0,0
2020-02-12,Los Angeles,037,10098052,30,1,3,4,0
2020-02-12,Madera,039,155013,0,0,0,0,0
2020-02-12,Marin,041,260295,0,0,0,0,0
2020-02-12,Mariposa,043,17540,0,0,0,0,0
2020-02-12,Mendocino,045,87422,0,0,0,0,0
2020-02-12,Merced,047,269075,0,0,0,0,0
2020-02-12,Modoc,049,8938,0,0,0,0,0
2020-02-12,Mono,051,14174,0,0,0,0,0
2020-02-12,Monterey,053,433212,1,0,0,0,0
2020-02-12,Napa,055,140530,0,0,0,0,0
2020-02-12,Nevada,057,99092,0,0,0,0,0
2020-02-12,Orange,059,3164182,35,1,0,1,0
2020-02-12,Placer,061,380077,0,0,0,0,0
2020-02-12,Plumas,063,18699,0,0,0,0,0
2020-02-12,Riverside,065,2383286,4,0,0,0,0
2020-02-12,Sacramento,067,1510023,1,0,0,0,0
2020-02-12,San Benito,069,59416,0,2,0,2,0
2020-02-12,San Bernardino,071,2135413,8,0,0,0,0
2020-02-12,San Diego,073,3302833,0,2,0,2,0
2020-02-12,San Francisco,075,870044,2,0,0,0,0
2020-02-12,San Joaquin,077,732212,1,0,1,1,0
2020-02-12,San Luis Obispo,079,281455,0,0,0,0,0
2020-02-12,San Mateo,081,765935,2,0,0,0,0
2020-02-12,Santa Barbara,083,443738,0,0,0,0,0
2020-02-12,Santa Clara,085,1922200,6,2,0,2,0
2020-02-12,Santa Cruz,087,273765,0,0,0,0,0
2020-02-12,Shasta,089,179085,0,0,0,0,0
2020-02-12,Sierra,091,2930,0,0,0,0,0
2020-02-12,Siskiyou,093,43540,0,0,0,0,0
2020-02-12,Solano,095,438530,0,0,0,0,0
2020-02-12,Sonoma,097,501317,0,0,0,0,0
2020-02-12,Stanislaus,099,539301,1,0,1,1,0
2020-02-12,Sutter,101,95872,0,0,0,0,0
2020-02-12,Tehama,103,63373,0,0,0,0,0
2020-02-12,Trinity,105,12862,0,0,0,0,0
2020-02-12,Tulare,107,460477,2,0,0,0,0
2020-02-12,Tuolumne,109,53932,0,0,0,0,0
2020-02-12,Ventura,111,848112,2,0,0,0,0
2020-02-12,Yolo,113,214977,0,0,0,0,0
2020-02-12,Yuba,115,75493,0,0,0,0,0
2020-02-11,Alameda,001,1643700,5,0,0,0,0
2020-02-11,Alpine,003,1148,0,0,0,0,0
2020-02-11,Amador,005,37829,0,0,0,0,0
2020-02-11,Butte,007,227075,0,0,0,0,0
2020-02-11,Calaveras,009,45235,0,0,0,0,0
2020-02-11,Colusa,011,21464,0,0,0,0,0
2020-02-11,Contra Costa,013,1133247,3,0,0,0,0
2020-02-11,Del Norte,015,27424,0,0,0,0,0
2020-02-11,El Dorado,017,186661,0,0,0,0,0
2020-02-11,Fresno,019,978130,0,0,0,0,0
2020-02-11,Glenn,021,27897,0,0,0,0,0
2020-02-11,Humboldt,023,135768,1,0,0,0,0
2020-02-11,Imperial,025,180216,0,0,0,0,0
2020-02-11,Inyo,027,18085,0,0,0,0,0
2020-02-11,Kern,029,883053,2,0,0,0,0
2020-02-11,Kings,031,150075,1,0,0,0,0
2020-02-11,Lake,033,64148,0,0,0,0,0
2020-02-11,Lassen,035,31185,0,0,0,0,0
2020-02-11,Los Angeles,037,10098052,30,1,3,4,0
2020-02-11,Madera,039,155013,0,0,0,0,0
2020-02-11,Marin,041,260295,0,0,0,0,0
2020-02-11,Mariposa,043,17540,0,0,0,0,0
2020-02-11,Mendocino,045,87422,0,0,0,0,0
2020-02-11,Merced,047,269075,0,0,0,0,0
2020-02-11,Modoc,049,8938,0,0,0,0,0
2020-02-11,Mono,051,14174,0,0,0,0,0
2020-02-11,Monterey,053,433212,1,0,0,0,0
2020-02-11,Napa,055,140530,0,0,0,0,0
2020-02-11,Nevada,057,99092,0,0,0,0,0
2020-02-11,Orange,059,3164182,34,1,0,1,0
2020-02-11,Placer,061,380077,0,0,0,0,0
2020-02-11,Plumas,063,18699,0,0,0,0,0
2020-02-11,Riverside,065,2383286,4,0,0,0,0
2020-02-11,Sacramento,067,1510023,1,0,0,0,0
2020-02-11,San Benito,069,59416,0,2,0,2,0
2020-02-11,San Bernardino,071,2135413,8,0,0,0,0
2020-02-11,San Diego,073,3302833,0,1,0,1,0
2020-02-11,San Francisco,075,870044,2,0,0,0,0
2020-02-11,San Joaquin,077,732212,0,0,1,1,0
2020-02-11,San Luis Obispo,079,281455,0,0,0,0,0
2020-02-11,San Mateo,081,765935,2,0,0,0,0
2020-02-11,Santa Barbara,083,443738,0,0,0,0,0
2020-02-11,Santa Clara,085,1922200,5,2,0,2,0
2020-02-11,Santa Cruz,087,273765,0,0,0,0,0
2020-02-11,Shasta,089,179085,0,0,0,0,0
2020-02-11,Sierra,091,2930,0,0,0,0,0
2020-02-11,Siskiyou,093,43540,0,0,0,0,0
2020-02-11,Solano,095,438530,0,0,0,0,0
2020-02-11,Sonoma,097,501317,0,0,0,0,0
2020-02-11,Stanislaus,099,539301,1,0,1,1,0
2020-02-11,Sutter,101,95872,0,0,0,0,0
2020-02-11,Tehama,103,63373,0,0,0,0,0
2020-02-11,Trinity,105,12862,0,0,0,0,0
2020-02-11,Tulare,107,460477,2,0,0,0,0
2020-02-11,Tuolumne,109,53932,0,0,0,0,0
2020-02-11,Ventura,111,848112,2,0,0,0,0
2020-02-11,Yolo,113,214977,0,0,0,0,0
2020-02-11,Yuba,115,75493,0,0,0,0,0
2020-02-10,Alameda,001,1643700,5,0,0,0,0
2020-02-10,Alpine,003,1148,0,0,0,0,0
2020-02-10,Amador,005,37829,0,0,0,0,0
2020-02-10,Butte,007,227075,0,0,0,0,0
2020-02-10,Calaveras,009,45235,0,0,0,0,0
2020-02-10,Colusa,011,21464,0,0,0,0,0
2020-02-10,Contra Costa,013,1133247,3,0,0,0,0
2020-02-10,Del Norte,015,27424,0,0,0,0,0
2020-02-10,El Dorado,017,186661,0,0,0,0,0
2020-02-10,Fresno,019,978130,0,0,0,0,0
2020-02-10,Glenn,021,27897,0,0,0,0,0
2020-02-10,Humboldt,023,135768,0,0,0,0,0
2020-02-10,Imperial,025,180216,0,0,0,0,0
2020-02-10,Inyo,027,18085,0,0,0,0,0
2020-02-10,Kern,029,883053,2,0,0,0,0
2020-02-10,Kings,031,150075,1,0,0,0,0
2020-02-10,Lake,033,64148,0,0,0,0,0
2020-02-10,Lassen,035,31185,0,0,0,0,0
2020-02-10,Los Angeles,037,10098052,28,1,3,4,0
2020-02-10,Madera,039,155013,0,0,0,0,0
2020-02-10,Marin,041,260295,0,0,0,0,0
2020-02-10,Mariposa,043,17540,0,0,0,0,0
2020-02-10,Mendocino,045,87422,0,0,0,0,0
2020-02-10,Merced,047,269075,0,0,0,0,0
2020-02-10,Modoc,049,8938,0,0,0,0,0
2020-02-10,Mono,051,14174,0,0,0,0,0
2020-02-10,Monterey,053,433212,1,0,0,0,0
2020-02-10,Napa,055,140530,0,0,0,0,0
2020-02-10,Nevada,057,99092,0,0,0,0,0
2020-02-10,Orange,059,3164182,34,1,0,1,0
2020-02-10,Placer,061,380077,0,0,0,0,0
2020-02-10,Plumas,063,18699,0,0,0,0,0
2020-02-10,Riverside,065,2383286,4,0,0,0,0
2020-02-10,Sacramento,067,1510023,1,0,0,0,0
2020-02-10,San Benito,069,59416,0,2,0,2,0
2020-02-10,San Bernardino,071,2135413,7,0,0,0,0
2020-02-10,San Diego,073,3302833,0,0,0,0,0
2020-02-10,San Francisco,075,870044,2,0,0,0,0
2020-02-10,San Joaquin,077,732212,0,0,1,1,0
2020-02-10,San Luis Obispo,079,281455,0,0,0,0,0
2020-02-10,San Mateo,081,765935,2,0,0,0,0
2020-02-10,Santa Barbara,083,443738,0,0,0,0,0
2020-02-10,Santa Clara,085,1922200,5,2,0,2,0
2020-02-10,Santa Cruz,087,273765,0,0,0,0,0
2020-02-10,Shasta,089,179085,0,0,0,0,0
2020-02-10,Sierra,091,2930,0,0,0,0,0
2020-02-10,Siskiyou,093,43540,0,0,0,0,0
2020-02-10,Solano,095,438530,0,0,0,0,0
2020-02-10,Sonoma,097,501317,0,0,0,0,0
2020-02-10,Stanislaus,099,539301,1,0,0,0,0
2020-02-10,Sutter,101,95872,0,0,0,0,0
2020-02-10,Tehama,103,63373,0,0,0,0,0
2020-02-10,Trinity,105,12862,0,0,0,0,0
2020-02-10,Tulare,107,460477,2,0,0,0,0
2020-02-10,Tuolumne,109,53932,0,0,0,0,0
2020-02-10,Ventura,111,848112,2,0,0,0,0
2020-02-10,Yolo,113,214977,0,0,0,0,0
2020-02-10,Yuba,115,75493,0,0,0,0,0
2020-02-09,Alameda,001,1643700,5,0,0,0,0
2020-02-09,Alpine,003,1148,0,0,0,0,0
2020-02-09,Amador,005,37829,0,0,0,0,0
2020-02-09,Butte,007,227075,0,0,0,0,0
2020-02-09,Calaveras,009,45235,0,0,0,0,0
2020-02-09,Colusa,011,21464,0,0,0,0,0
2020-02-09,Contra Costa,013,1133247,3,0,0,0,0
2020-02-09,Del Norte,015,27424,0,0,0,0,0
2020-02-09,El Dorado,017,186661,0,0,0,0,0
2020-02-09,Fresno,019,978130,0,0,0,0,0
2020-02-09,Glenn,021,27897,0,0,0,0,0
2020-02-09,Humboldt,023,135768,0,0,0,0,0
2020-02-09,Imperial,025,180216,0,0,0,0,0
2020-02-09,Inyo,027,18085,0,0,0,0,0
2020-02-09,Kern,029,883053,2,0,0,0,0
2020-02-09,Kings,031,150075,1,0,0,0,0
2020-02-09,Lake,033,64148,0,0,0,0,0
2020-02-09,Lassen,035,31185,0,0,0,0,0
2020-02-09,Los Angeles,037,10098052,27,1,3,4,0
2020-02-09,Madera,039,155013,0,0,0,0,0
2020-02-09,Marin,041,260295,0,0,0,0,0
2020-02-09,Mariposa,043,17540,0,0,0,0,0
2020-02-09,Mendocino,045,87422,0,0,0,0,0
2020-02-09,Merced,047,269075,0,0,0,0,0
2020-02-09,Modoc,049,8938,0,0,0,0,0
2020-02-09,Mono,051,14174,0,0,0,0,0
2020-02-09,Monterey,053,433212,1,0,0,0,0
2020-02-09,Napa,055,140530,0,0,0,0,0
2020-02-09,Nevada,057,99092,0,0,0,0,0
2020-02-09,Orange,059,3164182,34,1,0,1,0
2020-02-09,Placer,061,380077,0,0,0,0,0
2020-02-09,Plumas,063,18699,0,0,0,0,0
2020-02-09,Riverside,065,2383286,4,0,0,0,0
2020-02-09,Sacramento,067,1510023,0,0,0,0,0
2020-02-09,San Benito,069,59416,0,2,0,2,0
2020-02-09,San Bernardino,071,2135413,7,0,0,0,0
2020-02-09,San Diego,073,3302833,0,0,0,0,0
2020-02-09,San Francisco,075,870044,1,0,0,0,0
2020-02-09,San Joaquin,077,732212,0,0,1,1,0
2020-02-09,San Luis Obispo,079,281455,0,0,0,0,0
2020-02-09,San Mateo,081,765935,2,0,0,0,0
2020-02-09,Santa Barbara,083,443738,0,0,0,0,0
2020-02-09,Santa Clara,085,1922200,4,2,0,2,0
2020-02-09,Santa Cruz,087,273765,0,0,0,0,0
2020-02-09,Shasta,089,179085,0,0,0,0,0
2020-02-09,Sierra,091,2930,0,0,0,0,0
2020-02-09,Siskiyou,093,43540,0,0,0,0,0
2020-02-09,Solano,095,438530,0,0,0,0,0
2020-02-09,Sonoma,097,501317,0,0,0,0,0
2020-02-09,Stanislaus,099,539301,0,0,0,0,0
2020-02-09,Sutter,101,95872,0,0,0,0,0
2020-02-09,Tehama,103,63373,0,0,0,0,0
2020-02-09,Trinity,105,12862,0,0,0,0,0
2020-02-09,Tulare,107,460477,2,0,0,0,0
2020-02-09,Tuolumne,109,53932,0,0,0,0,0
2020-02-09,Ventura,111,848112,1,0,0,0,0
2020-02-09,Yolo,113,214977,0,0,0,0,0
2020-02-09,Yuba,115,75493,0,0,0,0,0
2020-02-08,Alameda,001,1643700,4,0,0,0,0
2020-02-08,Alpine,003,1148,0,0,0,0,0
2020-02-08,Amador,005,37829,0,0,0,0,0
2020-02-08,Butte,007,227075,0,0,0,0,0
2020-02-08,Calaveras,009,45235,0,0,0,0,0
2020-02-08,Colusa,011,21464,0,0,0,0,0
2020-02-08,Contra Costa,013,1133247,2,0,0,0,0
2020-02-08,Del Norte,015,27424,0,0,0,0,0
2020-02-08,El Dorado,017,186661,0,0,0,0,0
2020-02-08,Fresno,019,978130,0,0,0,0,0
2020-02-08,Glenn,021,27897,0,0,0,0,0
2020-02-08,Humboldt,023,135768,0,0,0,0,0
2020-02-08,Imperial,025,180216,0,0,0,0,0
2020-02-08,Inyo,027,18085,0,0,0,0,0
2020-02-08,Kern,029,883053,2,0,0,0,0
2020-02-08,Kings,031,150075,1,0,0,0,0
2020-02-08,Lake,033,64148,0,0,0,0,0
2020-02-08,Lassen,035,31185,0,0,0,0,0
2020-02-08,Los Angeles,037,10098052,24,1,1,2,0
2020-02-08,Madera,039,155013,0,0,0,0,0
2020-02-08,Marin,041,260295,0,0,0,0,0
2020-02-08,Mariposa,043,17540,0,0,0,0,0
2020-02-08,Mendocino,045,87422,0,0,0,0,0
2020-02-08,Merced,047,269075,0,0,0,0,0
2020-02-08,Modoc,049,8938,0,0,0,0,0
2020-02-08,Mono,051,14174,0,0,0,0,0
2020-02-08,Monterey,053,433212,1,0,0,0,0
2020-02-08,Napa,055,140530,0,0,0,0,0
2020-02-08,Nevada,057,99092,0,0,0,0,0
2020-02-08,Orange,059,3164182,34,1,0,1,0
2020-02-08,Placer,061,380077,0,0,0,0,0
2020-02-08,Plumas,063,18699,0,0,0,0,0
2020-02-08,Riverside,065,2383286,4,0,0,0,0
2020-02-08,Sacramento,067,1510023,0,0,0,0,0
2020-02-08,San Benito,069,59416,0,2,0,2,0
2020-02-08,San Bernardino,071,2135413,7,0,0,0,0
2020-02-08,San Diego,073,3302833,0,0,0,0,0
2020-02-08,San Francisco,075,870044,1,0,0,0,0
2020-02-08,San Joaquin,077,732212,0,0,1,1,0
2020-02-08,San Luis Obispo,079,281455,0,0,0,0,0
2020-02-08,San Mateo,081,765935,2,0,0,0,0
2020-02-08,Santa Barbara,083,443738,0,0,0,0,0
2020-02-08,Santa Clara,085,1922200,4,2,0,2,0
2020-02-08,Santa Cruz,087,273765,0,0,0,0,0
2020-02-08,Shasta,089,179085,0,0,0,0,0
2020-02-08,Sierra,091,2930,0,0,0,0,0
2020-02-08,Siskiyou,093,43540,0,0,0,0,0
2020-02-08,Solano,095,438530,0,0,0,0,0
2020-02-08,Sonoma,097,501317,0,0,0,0,0
2020-02-08,Stanislaus,099,539301,0,0,0,0,0
2020-02-08,Sutter,101,95872,0,0,0,0,0
2020-02-08,Tehama,103,63373,0,0,0,0,0
2020-02-08,Trinity,105,12862,0,0,0,0,0
2020-02-08,Tulare,107,460477,2,0,0,0,0
2020-02-08,Tuolumne,109,53932,0,0,0,0,0
2020-02-08,Ventura,111,848112,1,0,0,0,0
2020-02-08,Yolo,113,214977,0,0,0,0,0
2020-02-08,Yuba,115,75493,0,0,0,0,0
2020-02-07,Alameda,001,1643700,4,0,0,0,0
2020-02-07,Alpine,003,1148,0,0,0,0,0
2020-02-07,Amador,005,37829,0,0,0,0,0
2020-02-07,Butte,007,227075,0,0,0,0,0
2020-02-07,Calaveras,009,45235,0,0,0,0,0
2020-02-07,Colusa,011,21464,0,0,0,0,0
2020-02-07,Contra Costa,013,1133247,2,0,0,0,0
2020-02-07,Del Norte,015,27424,0,0,0,0,0
2020-02-07,El Dorado,017,186661,0,0,0,0,0
2020-02-07,Fresno,019,978130,0,0,0,0,0
2020-02-07,Glenn,021,27897,0,0,0,0,0
2020-02-07,Humboldt,023,135768,0,0,0,0,0
2020-02-07,Imperial,025,180216,0,0,0,0,0
2020-02-07,Inyo,027,18085,0,0,0,0,0
2020-02-07,Kern,029,883053,2,0,0,0,0
2020-02-07,Kings,031,150075,1,0,0,0,0
2020-02-07,Lake,033,64148,0,0,0,0,0
2020-02-07,Lassen,035,31185,0,0,0,0,0
2020-02-07,Los Angeles,037,10098052,23,1,0,1,0
2020-02-07,Madera,039,155013,0,0,0,0,0
2020-02-07,Marin,041,260295,0,0,0,0,0
2020-02-07,Mariposa,043,17540,0,0,0,0,0
2020-02-07,Mendocino,045,87422,0,0,0,0,0
2020-02-07,Merced,047,269075,0,0,0,0,0
2020-02-07,Modoc,049,8938,0,0,0,0,0
2020-02-07,Mono,051,14174,0,0,0,0,0
2020-02-07,Monterey,053,433212,1,0,0,0,0
2020-02-07,Napa,055,140530,0,0,0,0,0
2020-02-07,Nevada,057,99092,0,0,0,0,0
2020-02-07,Orange,059,3164182,32,1,0,1,0
2020-02-07,Placer,061,380077,0,0,0,0,0
2020-02-07,Plumas,063,18699,0,0,0,0,0
2020-02-07,Riverside,065,2383286,4,0,0,0,0
2020-02-07,Sacramento,067,1510023,0,0,0,0,0
2020-02-07,San Benito,069,59416,0,2,0,2,0
2020-02-07,San Bernardino,071,2135413,4,0,0,0,0
2020-02-07,San Diego,073,3302833,0,0,0,0,0
2020-02-07,San Francisco,075,870044,1,0,0,0,0
2020-02-07,San Joaquin,077,732212,0,0,1,1,0
2020-02-07,San Luis Obispo,079,281455,0,0,0,0,0
2020-02-07,San Mateo,081,765935,1,0,0,0,0
2020-02-07,Santa Barbara,083,443738,0,0,0,0,0
2020-02-07,Santa Clara,085,1922200,4,2,0,2,0
2020-02-07,Santa Cruz,087,273765,0,0,0,0,0
2020-02-07,Shasta,089,179085,0,0,0,0,0
2020-02-07,Sierra,091,2930,0,0,0,0,0
2020-02-07,Siskiyou,093,43540,0,0,0,0,0
2020-02-07,Solano,095,438530,0,0,0,0,0
2020-02-07,Sonoma,097,501317,0,0,0,0,0
2020-02-07,Stanislaus,099,539301,0,0,0,0,0
2020-02-07,Sutter,101,95872,0,0,0,0,0
2020-02-07,Tehama,103,63373,0,0,0,0,0
2020-02-07,Trinity,105,12862,0,0,0,0,0
2020-02-07,Tulare,107,460477,2,0,0,0,0
2020-02-07,Tuolumne,109,53932,0,0,0,0,0
2020-02-07,Ventura,111,848112,1,0,0,0,0
2020-02-07,Yolo,113,214977,0,0,0,0,0
2020-02-07,Yuba,115,75493,0,0,0,0,0
2020-02-06,Alameda,001,1643700,4,0,0,0,0
2020-02-06,Alpine,003,1148,0,0,0,0,0
2020-02-06,Amador,005,37829,0,0,0,0,0
2020-02-06,Butte,007,227075,0,0,0,0,0
2020-02-06,Calaveras,009,45235,0,0,0,0,0
2020-02-06,Colusa,011,21464,0,0,0,0,0
2020-02-06,Contra Costa,013,1133247,2,0,0,0,0
2020-02-06,Del Norte,015,27424,0,0,0,0,0
2020-02-06,El Dorado,017,186661,0,0,0,0,0
2020-02-06,Fresno,019,978130,0,0,0,0,0
2020-02-06,Glenn,021,27897,0,0,0,0,0
2020-02-06,Humboldt,023,135768,0,0,0,0,0
2020-02-06,Imperial,025,180216,0,0,0,0,0
2020-02-06,Inyo,027,18085,0,0,0,0,0
2020-02-06,Kern,029,883053,2,0,0,0,0
2020-02-06,Kings,031,150075,0,0,0,0,0
2020-02-06,Lake,033,64148,0,0,0,0,0
2020-02-06,Lassen,035,31185,0,0,0,0,0
2020-02-06,Los Angeles,037,10098052,22,1,0,1,0
2020-02-06,Madera,039,155013,0,0,0,0,0
2020-02-06,Marin,041,260295,0,0,0,0,0
2020-02-06,Mariposa,043,17540,0,0,0,0,0
2020-02-06,Mendocino,045,87422,0,0,0,0,0
2020-02-06,Merced,047,269075,0,0,0,0,0
2020-02-06,Modoc,049,8938,0,0,0,0,0
2020-02-06,Mono,051,14174,0,0,0,0,0
2020-02-06,Monterey,053,433212,1,0,0,0,0
2020-02-06,Napa,055,140530,0,0,0,0,0
2020-02-06,Nevada,057,99092,0,0,0,0,0
2020-02-06,Orange,059,3164182,2,1,0,1,0
2020-02-06,Placer,061,380077,0,0,0,0,0
2020-02-06,Plumas,063,18699,0,0,0,0,0
2020-02-06,Riverside,065,2383286,4,0,0,0,0
2020-02-06,Sacramento,067,1510023,0,0,0,0,0
2020-02-06,San Benito,069,59416,0,2,0,2,0
2020-02-06,San Bernardino,071,2135413,4,0,0,0,0
2020-02-06,San Diego,073,3302833,0,0,0,0,0
2020-02-06,San Francisco,075,870044,1,0,0,0,0
2020-02-06,San Joaquin,077,732212,0,0,1,1,0
2020-02-06,San Luis Obispo,079,281455,0,0,0,0,0
2020-02-06,San Mateo,081,765935,1,0,0,0,0
2020-02-06,Santa Barbara,083,443738,0,0,0,0,0
2020-02-06,Santa Clara,085,1922200,4,2,0,2,0
2020-02-06,Santa Cruz,087,273765,0,0,0,0,0
2020-02-06,Shasta,089,179085,0,0,0,0,0
2020-02-06,Sierra,091,2930,0,0,0,0,0
2020-02-06,Siskiyou,093,43540,0,0,0,0,0
2020-02-06,Solano,095,438530,0,0,0,0,0
2020-02-06,Sonoma,097,501317,0,0,0,0,0
2020-02-06,Stanislaus,099,539301,0,0,0,0,0
2020-02-06,Sutter,101,95872,0,0,0,0,0
2020-02-06,Tehama,103,63373,0,0,0,0,0
2020-02-06,Trinity,105,12862,0,0,0,0,0
2020-02-06,Tulare,107,460477,2,0,0,0,0
2020-02-06,Tuolumne,109,53932,0,0,0,0,0
2020-02-06,Ventura,111,848112,1,0,0,0,0
2020-02-06,Yolo,113,214977,0,0,0,0,0
2020-02-06,Yuba,115,75493,0,0,0,0,0
2020-02-05,Alameda,001,1643700,3,0,0,0,0
2020-02-05,Alpine,003,1148,0,0,0,0,0
2020-02-05,Amador,005,37829,0,0,0,0,0
2020-02-05,Butte,007,227075,0,0,0,0,0
2020-02-05,Calaveras,009,45235,0,0,0,0,0
2020-02-05,Colusa,011,21464,0,0,0,0,0
2020-02-05,Contra Costa,013,1133247,2,0,0,0,0
2020-02-05,Del Norte,015,27424,0,0,0,0,0
2020-02-05,El Dorado,017,186661,0,0,0,0,0
2020-02-05,Fresno,019,978130,0,0,0,0,0
2020-02-05,Glenn,021,27897,0,0,0,0,0
2020-02-05,Humboldt,023,135768,0,0,0,0,0
2020-02-05,Imperial,025,180216,0,0,0,0,0
2020-02-05,Inyo,027,18085,0,0,0,0,0
2020-02-05,Kern,029,883053,1,0,0,0,0
2020-02-05,Kings,031,150075,0,0,0,0,0
2020-02-05,Lake,033,64148,0,0,0,0,0
2020-02-05,Lassen,035,31185,0,0,0,0,0
2020-02-05,Los Angeles,037,10098052,22,1,0,1,0
2020-02-05,Madera,039,155013,0,0,0,0,0
2020-02-05,Marin,041,260295,0,0,0,0,0
2020-02-05,Mariposa,043,17540,0,0,0,0,0
2020-02-05,Mendocino,045,87422,0,0,0,0,0
2020-02-05,Merced,047,269075,0,0,0,0,0
2020-02-05,Modoc,049,8938,0,0,0,0,0
2020-02-05,Mono,051,14174,0,0,0,0,0
2020-02-05,Monterey,053,433212,1,0,0,0,0
2020-02-05,Napa,055,140530,0,0,0,0,0
2020-02-05,Nevada,057,99092,0,0,0,0,0
2020-02-05,Orange,059,3164182,1,1,0,1,0
2020-02-05,Placer,061,380077,0,0,0,0,0
2020-02-05,Plumas,063,18699,0,0,0,0,0
2020-02-05,Riverside,065,2383286,4,0,0,0,0
2020-02-05,Sacramento,067,1510023,0,0,0,0,0
2020-02-05,San Benito,069,59416,0,2,0,2,0
2020-02-05,San Bernardino,071,2135413,4,0,0,0,0
2020-02-05,San Diego,073,3302833,0,0,0,0,0
2020-02-05,San Francisco,075,870044,1,0,0,0,0
2020-02-05,San Joaquin,077,732212,0,0,1,1,0
2020-02-05,San Luis Obispo,079,281455,0,0,0,0,0
2020-02-05,San Mateo,081,765935,1,0,0,0,0
2020-02-05,Santa Barbara,083,443738,0,0,0,0,0
2020-02-05,Santa Clara,085,1922200,2,2,0,2,0
2020-02-05,Santa Cruz,087,273765,0,0,0,0,0
2020-02-05,Shasta,089,179085,0,0,0,0,0
2020-02-05,Sierra,091,2930,0,0,0,0,0
2020-02-05,Siskiyou,093,43540,0,0,0,0,0
2020-02-05,Solano,095,438530,0,0,0,0,0
2020-02-05,Sonoma,097,501317,0,0,0,0,0
2020-02-05,Stanislaus,099,539301,0,0,0,0,0
2020-02-05,Sutter,101,95872,0,0,0,0,0
2020-02-05,Tehama,103,63373,0,0,0,0,0
2020-02-05,Trinity,105,12862,0,0,0,0,0
2020-02-05,Tulare,107,460477,2,0,0,0,0
2020-02-05,Tuolumne,109,53932,0,0,0,0,0
2020-02-05,Ventura,111,848112,0,0,0,0,0
2020-02-05,Yolo,113,214977,0,0,0,0,0
2020-02-05,Yuba,115,75493,0,0,0,0,0
2020-02-04,Alameda,001,1643700,3,0,0,0,0
2020-02-04,Alpine,003,1148,0,0,0,0,0
2020-02-04,Amador,005,37829,0,0,0,0,0
2020-02-04,Butte,007,227075,0,0,0,0,0
2020-02-04,Calaveras,009,45235,0,0,0,0,0
2020-02-04,Colusa,011,21464,0,0,0,0,0
2020-02-04,Contra Costa,013,1133247,2,0,0,0,0
2020-02-04,Del Norte,015,27424,0,0,0,0,0
2020-02-04,El Dorado,017,186661,0,0,0,0,0
2020-02-04,Fresno,019,978130,0,0,0,0,0
2020-02-04,Glenn,021,27897,0,0,0,0,0
2020-02-04,Humboldt,023,135768,0,0,0,0,0
2020-02-04,Imperial,025,180216,0,0,0,0,0
2020-02-04,Inyo,027,18085,0,0,0,0,0
2020-02-04,Kern,029,883053,0,0,0,0,0
2020-02-04,Kings,031,150075,0,0,0,0,0
2020-02-04,Lake,033,64148,0,0,0,0,0
2020-02-04,Lassen,035,31185,0,0,0,0,0
2020-02-04,Los Angeles,037,10098052,22,1,0,1,0
2020-02-04,Madera,039,155013,0,0,0,0,0
2020-02-04,Marin,041,260295,0,0,0,0,0
2020-02-04,Mariposa,043,17540,0,0,0,0,0
2020-02-04,Mendocino,045,87422,0,0,0,0,0
2020-02-04,Merced,047,269075,0,0,0,0,0
2020-02-04,Modoc,049,8938,0,0,0,0,0
2020-02-04,Mono,051,14174,0,0,0,0,0
2020-02-04,Monterey,053,433212,1,0,0,0,0
2020-02-04,Napa,055,140530,0,0,0,0,0
2020-02-04,Nevada,057,99092,0,0,0,0,0
2020-02-04,Orange,059,3164182,1,1,0,1,0
2020-02-04,Placer,061,380077,0,0,0,0,0
2020-02-04,Plumas,063,18699,0,0,0,0,0
2020-02-04,Riverside,065,2383286,4,0,0,0,0
2020-02-04,Sacramento,067,1510023,0,0,0,0,0
2020-02-04,San Benito,069,59416,0,2,0,2,0
2020-02-04,San Bernardino,071,2135413,3,0,0,0,0
2020-02-04,San Diego,073,3302833,0,0,0,0,0
2020-02-04,San Francisco,075,870044,1,0,0,0,0
2020-02-04,San Joaquin,077,732212,0,0,1,1,0
2020-02-04,San Luis Obispo,079,281455,0,0,0,0,0
2020-02-04,San Mateo,081,765935,0,0,0,0,0
2020-02-04,Santa Barbara,083,443738,0,0,0,0,0
2020-02-04,Santa Clara,085,1922200,2,2,0,2,0
2020-02-04,Santa Cruz,087,273765,0,0,0,0,0
2020-02-04,Shasta,089,179085,0,0,0,0,0
2020-02-04,Sierra,091,2930,0,0,0,0,0
2020-02-04,Siskiyou,093,43540,0,0,0,0,0
2020-02-04,Solano,095,438530,0,0,0,0,0
2020-02-04,Sonoma,097,501317,0,0,0,0,0
2020-02-04,Stanislaus,099,539301,0,0,0,0,0
2020-02-04,Sutter,101,95872,0,0,0,0,0
2020-02-04,Tehama,103,63373,0,0,0,0,0
2020-02-04,Trinity,105,12862,0,0,0,0,0
2020-02-04,Tulare,107,460477,2,0,0,0,0
2020-02-04,Tuolumne,109,53932,0,0,0,0,0
2020-02-04,Ventura,111,848112,0,0,0,0,0
2020-02-04,Yolo,113,214977,0,0,0,0,0
2020-02-04,Yuba,115,75493,0,0,0,0,0
2020-02-03,Alameda,001,1643700,3,0,0,0,0
2020-02-03,Alpine,003,1148,0,0,0,0,0
2020-02-03,Amador,005,37829,0,0,0,0,0
2020-02-03,Butte,007,227075,0,0,0,0,0
2020-02-03,Calaveras,009,45235,0,0,0,0,0
2020-02-03,Colusa,011,21464,0,0,0,0,0
2020-02-03,Contra Costa,013,1133247,2,0,0,0,0
2020-02-03,Del Norte,015,27424,0,0,0,0,0
2020-02-03,El Dorado,017,186661,0,0,0,0,0
2020-02-03,Fresno,019,978130,0,0,0,0,0
2020-02-03,Glenn,021,27897,0,0,0,0,0
2020-02-03,Humboldt,023,135768,0,0,0,0,0
2020-02-03,Imperial,025,180216,0,0,0,0,0
2020-02-03,Inyo,027,18085,0,0,0,0,0
2020-02-03,Kern,029,883053,0,0,0,0,0
2020-02-03,Kings,031,150075,0,0,0,0,0
2020-02-03,Lake,033,64148,0,0,0,0,0
2020-02-03,Lassen,035,31185,0,0,0,0,0
2020-02-03,Los Angeles,037,10098052,21,1,0,1,0
2020-02-03,Madera,039,155013,0,0,0,0,0
2020-02-03,Marin,041,260295,0,0,0,0,0
2020-02-03,Mariposa,043,17540,0,0,0,0,0
2020-02-03,Mendocino,045,87422,0,0,0,0,0
2020-02-03,Merced,047,269075,0,0,0,0,0
2020-02-03,Modoc,049,8938,0,0,0,0,0
2020-02-03,Mono,051,14174,0,0,0,0,0
2020-02-03,Monterey,053,433212,1,0,0,0,0
2020-02-03,Napa,055,140530,0,0,0,0,0
2020-02-03,Nevada,057,99092,0,0,0,0,0
2020-02-03,Orange,059,3164182,1,1,0,1,0
2020-02-03,Placer,061,380077,0,0,0,0,0
2020-02-03,Plumas,063,18699,0,0,0,0,0
2020-02-03,Riverside,065,2383286,4,0,0,0,0
2020-02-03,Sacramento,067,1510023,0,0,0,0,0
2020-02-03,San Benito,069,59416,0,2,0,2,0
2020-02-03,San Bernardino,071,2135413,3,0,0,0,0
2020-02-03,San Diego,073,3302833,0,0,0,0,0
2020-02-03,San Francisco,075,870044,1,0,0,0,0
2020-02-03,San Joaquin,077,732212,0,0,1,1,0
2020-02-03,San Luis Obispo,079,281455,0,0,0,0,0
2020-02-03,San Mateo,081,765935,0,0,0,0,0
2020-02-03,Santa Barbara,083,443738,0,0,0,0,0
2020-02-03,Santa Clara,085,1922200,2,2,0,2,0
2020-02-03,Santa Cruz,087,273765,0,0,0,0,0
2020-02-03,Shasta,089,179085,0,0,0,0,0
2020-02-03,Sierra,091,2930,0,0,0,0,0
2020-02-03,Siskiyou,093,43540,0,0,0,0,0
2020-02-03,Solano,095,438530,0,0,0,0,0
2020-02-03,Sonoma,097,501317,0,0,0,0,0
2020-02-03,Stanislaus,099,539301,0,0,0,0,0
2020-02-03,Sutter,101,95872,0,0,0,0,0
2020-02-03,Tehama,103,63373,0,0,0,0,0
2020-02-03,Trinity,105,12862,0,0,0,0,0
2020-02-03,Tulare,107,460477,2,0,0,0,0
2020-02-03,Tuolumne,109,53932,0,0,0,0,0
2020-02-03,Ventura,111,848112,0,0,0,0,0
2020-02-03,Yolo,113,214977,0,0,0,0,0
2020-02-03,Yuba,115,75493,0,0,0,0,0
2020-02-02,Alameda,001,1643700,3,0,0,0,0
2020-02-02,Alpine,003,1148,0,0,0,0,0
2020-02-02,Amador,005,37829,0,0,0,0,0
2020-02-02,Butte,007,227075,0,0,0,0,0
2020-02-02,Calaveras,009,45235,0,0,0,0,0
2020-02-02,Colusa,011,21464,0,0,0,0,0
2020-02-02,Contra Costa,013,1133247,1,0,0,0,0
2020-02-02,Del Norte,015,27424,0,0,0,0,0
2020-02-02,El Dorado,017,186661,0,0,0,0,0
2020-02-02,Fresno,019,978130,0,0,0,0,0
2020-02-02,Glenn,021,27897,0,0,0,0,0
2020-02-02,Humboldt,023,135768,0,0,0,0,0
2020-02-02,Imperial,025,180216,0,0,0,0,0
2020-02-02,Inyo,027,18085,0,0,0,0,0
2020-02-02,Kern,029,883053,0,0,0,0,0
2020-02-02,Kings,031,150075,0,0,0,0,0
2020-02-02,Lake,033,64148,0,0,0,0,0
2020-02-02,Lassen,035,31185,0,0,0,0,0
2020-02-02,Los Angeles,037,10098052,17,1,0,1,0
2020-02-02,Madera,039,155013,0,0,0,0,0
2020-02-02,Marin,041,260295,0,0,0,0,0
2020-02-02,Mariposa,043,17540,0,0,0,0,0
2020-02-02,Mendocino,045,87422,0,0,0,0,0
2020-02-02,Merced,047,269075,0,0,0,0,0
2020-02-02,Modoc,049,8938,0,0,0,0,0
2020-02-02,Mono,051,14174,0,0,0,0,0
2020-02-02,Monterey,053,433212,1,0,0,0,0
2020-02-02,Napa,055,140530,0,0,0,0,0
2020-02-02,Nevada,057,99092,0,0,0,0,0
2020-02-02,Orange,059,3164182,1,1,0,1,0
2020-02-02,Placer,061,380077,0,0,0,0,0
2020-02-02,Plumas,063,18699,0,0,0,0,0
2020-02-02,Riverside,065,2383286,3,0,0,0,0
2020-02-02,Sacramento,067,1510023,0,0,0,0,0
2020-02-02,San Benito,069,59416,0,2,0,2,0
2020-02-02,San Bernardino,071,2135413,2,0,0,0,0
2020-02-02,San Diego,073,3302833,0,0,0,0,0
2020-02-02,San Francisco,075,870044,1,0,0,0,0
2020-02-02,San Joaquin,077,732212,0,0,1,1,0
2020-02-02,San Luis Obispo,079,281455,0,0,0,0,0
2020-02-02,San Mateo,081,765935,0,0,0,0,0
2020-02-02,Santa Barbara,083,443738,0,0,0,0,0
2020-02-02,Santa Clara,085,1922200,2,2,0,2,0
2020-02-02,Santa Cruz,087,273765,0,0,0,0,0
2020-02-02,Shasta,089,179085,0,0,0,0,0
2020-02-02,Sierra,091,2930,0,0,0,0,0
2020-02-02,Siskiyou,093,43540,0,0,0,0,0
2020-02-02,Solano,095,438530,0,0,0,0,0
2020-02-02,Sonoma,097,501317,0,0,0,0,0
2020-02-02,Stanislaus,099,539301,0,0,0,0,0
2020-02-02,Sutter,101,95872,0,0,0,0,0
2020-02-02,Tehama,103,63373,0,0,0,0,0
2020-02-02,Trinity,105,12862,0,0,0,0,0
2020-02-02,Tulare,107,460477,2,0,0,0,0
2020-02-02,Tuolumne,109,53932,0,0,0,0,0
2020-02-02,Ventura,111,848112,0,0,0,0,0
2020-02-02,Yolo,113,214977,0,0,0,0,0
2020-02-02,Yuba,115,75493,0,0,0,0,0
2020-02-01,Alameda,001,1643700,3,0,0,0,0
2020-02-01,Alpine,003,1148,0,0,0,0,0
2020-02-01,Amador,005,37829,0,0,0,0,0
2020-02-01,Butte,007,227075,0,0,0,0,0
2020-02-01,Calaveras,009,45235,0,0,0,0,0
2020-02-01,Colusa,011,21464,0,0,0,0,0
2020-02-01,Contra Costa,013,1133247,0,0,0,0,0
2020-02-01,Del Norte,015,27424,0,0,0,0,0
2020-02-01,El Dorado,017,186661,0,0,0,0,0
2020-02-01,Fresno,019,978130,0,0,0,0,0
2020-02-01,Glenn,021,27897,0,0,0,0,0
2020-02-01,Humboldt,023,135768,0,0,0,0,0
2020-02-01,Imperial,025,180216,0,0,0,0,0
2020-02-01,Inyo,027,18085,0,0,0,0,0
2020-02-01,Kern,029,883053,0,0,0,0,0
2020-02-01,Kings,031,150075,0,0,0,0,0
2020-02-01,Lake,033,64148,0,0,0,0,0
2020-02-01,Lassen,035,31185,0,0,0,0,0
2020-02-01,Los Angeles,037,10098052,13,1,0,1,0
2020-02-01,Madera,039,155013,0,0,0,0,0
2020-02-01,Marin,041,260295,0,0,0,0,0
2020-02-01,Mariposa,043,17540,0,0,0,0,0
2020-02-01,Mendocino,045,87422,0,0,0,0,0
2020-02-01,Merced,047,269075,0,0,0,0,0
2020-02-01,Modoc,049,8938,0,0,0,0,0
2020-02-01,Mono,051,14174,0,0,0,0,0
2020-02-01,Monterey,053,433212,0,0,0,0,0
2020-02-01,Napa,055,140530,0,0,0,0,0
2020-02-01,Nevada,057,99092,0,0,0,0,0
2020-02-01,Orange,059,3164182,1,1,0,1,0
2020-02-01,Placer,061,380077,0,0,0,0,0
2020-02-01,Plumas,063,18699,0,0,0,0,0
2020-02-01,Riverside,065,2383286,2,0,0,0,0
2020-02-01,Sacramento,067,1510023,0,0,0,0,0
2020-02-01,San Benito,069,59416,0,0,0,0,0
2020-02-01,San Bernardino,071,2135413,1,0,0,0,0
2020-02-01,San Diego,073,3302833,0,0,0,0,0
2020-02-01,San Francisco,075,870044,1,0,0,0,0
2020-02-01,San Joaquin,077,732212,0,0,1,1,0
2020-02-01,San Luis Obispo,079,281455,0,0,0,0,0
2020-02-01,San Mateo,081,765935,0,0,0,0,0
2020-02-01,Santa Barbara,083,443738,0,0,0,0,0
2020-02-01,Santa Clara,085,1922200,2,1,0,1,0
2020-02-01,Santa Cruz,087,273765,0,0,0,0,0
2020-02-01,Shasta,089,179085,0,0,0,0,0
2020-02-01,Sierra,091,2930,0,0,0,0,0
2020-02-01,Siskiyou,093,43540,0,0,0,0,0
2020-02-01,Solano,095,438530,0,0,0,0,0
2020-02-01,Sonoma,097,501317,0,0,0,0,0
2020-02-01,Stanislaus,099,539301,0,0,0,0,0
2020-02-01,Sutter,101,95872,0,0,0,0,0
2020-02-01,Tehama,103,63373,0,0,0,0,0
2020-02-01,Trinity,105,12862,0,0,0,0,0
2020-02-01,Tulare,107,460477,1,0,0,0,0
2020-02-01,Tuolumne,109,53932,0,0,0,0,0
2020-02-01,Ventura,111,848112,0,0,0,0,0
2020-02-01,Yolo,113,214977,0,0,0,0,0
2020-02-01,Yuba,115,75493,0,0,0,0,0
