date,county,fips,population,confirmed_cases,reported_cases,probable_cases,reported_and_probable_cases,reported_deaths
2022-06-06,Alameda,001,1643700,289682,289661,16126,305787,1873
2022-06-06,Alpine,003,1148,128,128,1,129,0
2022-06-06,Amador,005,37829,8870,8818,688,9506,87
2022-06-06,Butte,007,227075,34387,34380,7072,41452,427
2022-06-06,Calaveras,009,45235,7566,7564,400,7964,122
2022-06-06,Colusa,011,21464,3494,3495,1101,4596,21
2022-06-06,Contra Costa,013,1133247,209441,209384,15003,224387,1310
2022-06-06,Del Norte,015,27424,6231,6229,263,6492,52
2022-06-06,El Dorado,017,186661,28476,28478,3393,31871,215
2022-06-06,Fresno,019,978130,239364,239376,24886,264262,2766
2022-06-06,Glenn,021,27897,5096,5095,1639,6734,48
2022-06-06,Humboldt,023,135768,18599,18598,3451,22049,147
2022-06-06,Imperial,025,180216,56922,56912,11165,68077,941
2022-06-06,Inyo,027,18085,4190,4189,586,4775,56
2022-06-06,Kern,029,883053,196832,196763,48065,244828,2338
2022-06-06,Kings,031,150075,52832,52821,3701,56522,447
2022-06-06,Lake,033,64148,11163,11158,935,12093,137
2022-06-06,Lassen,035,31185,9149,9148,911,10059,64
2022-06-06,Los Angeles,037,10098052,2865639,2865901,135442,3001343,31920
2022-06-06,Madera,039,155013,38441,38408,6375,44783,372
2022-06-06,Marin,041,260295,38334,38338,4035,42373,294
2022-06-06,Mariposa,043,17540,2614,2614,228,2842,30
2022-06-06,Mendocino,045,87422,13863,13859,3446,17305,127
2022-06-06,Merced,047,269075,64097,64080,9236,73316,825
2022-06-06,Modoc,049,8938,761,761,258,1019,8
2022-06-06,Mono,051,14174,3044,3044,167,3211,6
2022-06-06,Monterey,053,433212,83161,83063,15588,98651,740
2022-06-06,Napa,055,140530,27996,27996,1154,29150,143
2022-06-06,Nevada,057,99092,16900,16907,1313,18220,127
2022-06-06,Orange,059,3164182,578622,578530,45819,624349,7044
2022-06-06,Placer,061,380077,66986,66951,7911,74862,627
2022-06-06,Plumas,063,18699,3149,3150,381,3531,13
2022-06-06,Riverside,065,2383286,613512,613469,29662,643131,6480
2022-06-06,Sacramento,067,1510023,300904,300875,29587,330462,3054
2022-06-06,San Benito,069,59416,13735,13734,569,14303,99
2022-06-06,San Bernardino,071,2135413,585070,585029,25978,611007,7685
2022-06-06,San Diego,073,3302833,800841,800840,56671,857511,5308
2022-06-06,San Francisco,075,870044,147952,147960,9628,157588,885
2022-06-06,San Joaquin,077,732212,173920,173887,11252,185139,2241
2022-06-06,San Luis Obispo,079,281455,55812,55822,4663,60485,484
2022-06-06,San Mateo,081,765935,140562,140569,8556,149125,710
2022-06-06,Santa Barbara,083,443738,91767,91747,5168,96915,693
2022-06-06,Santa Clara,085,1922200,356473,356452,14908,371360,2321
2022-06-06,Santa Cruz,087,273765,52767,52753,2441,55194,264
2022-06-06,Shasta,089,179085,31400,31394,6293,37687,565
2022-06-06,Sierra,091,2930,278,278,55,333,4
2022-06-06,Siskiyou,093,43540,4610,4609,2846,7455,81
2022-06-06,Solano,095,438530,88622,88522,6085,94607,453
2022-06-06,Sonoma,097,501317,92653,92644,3637,96281,491
2022-06-06,Stanislaus,099,539301,121786,121787,18235,140022,1662
2022-06-06,Sutter,101,95872,21249,21256,2245,23501,227
2022-06-06,Tehama,103,63373,12302,12306,2693,14999,205
2022-06-06,Trinity,105,12862,1211,1211,297,1508,20
2022-06-06,Tulare,107,460477,109136,109091,29924,139015,1494
2022-06-06,Tuolumne,109,53932,13338,13335,605,13940,189
2022-06-06,Ventura,111,848112,182876,182847,10434,193281,1506
2022-06-06,Yolo,113,214977,39964,39962,3511,43473,321
2022-06-06,Yuba,115,75493,16562,16558,1361,17919,122
2022-06-05,Alameda,001,1643700,289682,285785,16126,301911,1873
2022-06-05,Alpine,003,1148,128,128,1,129,0
2022-06-05,Amador,005,37829,8870,8775,688,9463,87
2022-06-05,Butte,007,227075,34387,34129,7072,41201,427
2022-06-05,Calaveras,009,45235,7566,7525,400,7925,121
2022-06-05,Colusa,011,21464,3494,3484,1101,4585,21
2022-06-05,Contra Costa,013,1133247,209441,206711,15003,221714,1310
2022-06-05,Del Norte,015,27424,6231,6206,263,6469,52
2022-06-05,El Dorado,017,186661,28476,28241,3393,31634,214
2022-06-05,Fresno,019,978130,239364,237945,24886,262831,2766
2022-06-05,Glenn,021,27897,5096,5063,1639,6702,48
2022-06-05,Humboldt,023,135768,18599,18433,3451,21884,147
2022-06-05,Imperial,025,180216,56922,56690,11165,67855,941
2022-06-05,Inyo,027,18085,4190,4176,586,4762,56
2022-06-05,Kern,029,883053,196832,195863,48065,243928,2338
2022-06-05,Kings,031,150075,52832,52597,3701,56298,447
2022-06-05,Lake,033,64148,11163,11064,935,11999,137
2022-06-05,Lassen,035,31185,9149,9106,911,10017,64
2022-06-05,Los Angeles,037,10098052,2865639,2846989,135442,2982431,31899
2022-06-05,Madera,039,155013,38441,38188,6375,44563,372
2022-06-05,Marin,041,260295,38334,37879,4035,41914,294
2022-06-05,Mariposa,043,17540,2614,2557,228,2785,30
2022-06-05,Mendocino,045,87422,13863,13738,3446,17184,125
2022-06-05,Merced,047,269075,64097,63756,9236,72992,825
2022-06-05,Modoc,049,8938,761,759,258,1017,8
2022-06-05,Mono,051,14174,3044,3037,167,3204,6
2022-06-05,Monterey,053,433212,83161,82451,15588,98039,738
2022-06-05,Napa,055,140530,27996,27686,1154,28840,143
2022-06-05,Nevada,057,99092,16900,16728,1313,18041,127
2022-06-05,Orange,059,3164182,578622,574146,45819,619965,7038
2022-06-05,Placer,061,380077,66986,66428,7911,74339,627
2022-06-05,Plumas,063,18699,3149,3138,381,3519,13
2022-06-05,Riverside,065,2383286,613512,610369,29662,640031,6481
2022-06-05,Sacramento,067,1510023,300904,297787,29587,327374,3052
2022-06-05,San Benito,069,59416,13735,13572,569,14141,99
2022-06-05,San Bernardino,071,2135413,585070,582305,25978,608283,7664
2022-06-05,San Diego,073,3302833,800841,794822,56671,851493,5303
2022-06-05,San Francisco,075,870044,147952,145876,9628,155504,881
2022-06-05,San Joaquin,077,732212,173920,172621,11252,183873,2242
2022-06-05,San Luis Obispo,079,281455,55812,55333,4663,59996,484
2022-06-05,San Mateo,081,765935,140562,138536,8556,147092,710
2022-06-05,Santa Barbara,083,443738,91767,90911,5168,96079,693
2022-06-05,Santa Clara,085,1922200,356473,351492,14908,366400,2317
2022-06-05,Santa Cruz,087,273765,52767,52333,2441,54774,263
2022-06-05,Shasta,089,179085,31400,31272,6293,37565,565
2022-06-05,Sierra,091,2930,278,278,55,333,4
2022-06-05,Siskiyou,093,43540,4610,4591,2846,7437,81
2022-06-05,Solano,095,438530,88622,87571,6085,93656,452
2022-06-05,Sonoma,097,501317,92653,91518,3637,95155,491
2022-06-05,Stanislaus,099,539301,121786,121001,18235,139236,1661
2022-06-05,Sutter,101,95872,21249,21125,2245,23370,227
2022-06-05,Tehama,103,63373,12302,12262,2693,14955,204
2022-06-05,Trinity,105,12862,1211,1204,297,1501,20
2022-06-05,Tulare,107,460477,109136,108598,29924,138522,1490
2022-06-05,Tuolumne,109,53932,13338,13251,605,13856,189
2022-06-05,Ventura,111,848112,182876,181709,10434,192143,1505
2022-06-05,Yolo,113,214977,39964,39561,3511,43072,321
2022-06-05,Yuba,115,75493,16562,16467,1361,17828,122
2022-06-04,Alameda,001,1643700,289600,285785,16126,301911,1873
2022-06-04,Alpine,003,1148,128,128,1,129,0
2022-06-04,Amador,005,37829,8866,8775,688,9463,87
2022-06-04,Butte,007,227075,34382,34129,7072,41201,427
2022-06-04,Calaveras,009,45235,7562,7525,400,7925,121
2022-06-04,Colusa,011,21464,3494,3484,1101,4585,21
2022-06-04,Contra Costa,013,1133247,209396,206711,15003,221714,1310
2022-06-04,Del Norte,015,27424,6231,6206,263,6469,52
2022-06-04,El Dorado,017,186661,28465,28241,3393,31634,214
2022-06-04,Fresno,019,978130,239347,237945,24886,262831,2766
2022-06-04,Glenn,021,27897,5095,5063,1639,6702,48
2022-06-04,Humboldt,023,135768,18596,18433,3451,21884,147
2022-06-04,Imperial,025,180216,56909,56690,11165,67855,941
2022-06-04,Inyo,027,18085,4190,4176,586,4762,56
2022-06-04,Kern,029,883053,196826,195863,48065,243928,2338
2022-06-04,Kings,031,150075,52815,52597,3701,56298,447
2022-06-04,Lake,033,64148,11158,11064,935,11999,137
2022-06-04,Lassen,035,31185,9149,9106,911,10017,64
2022-06-04,Los Angeles,037,10098052,2865578,2846989,135442,2982431,31899
2022-06-04,Madera,039,155013,38434,38188,6375,44563,372
2022-06-04,Marin,041,260295,38298,37879,4035,41914,294
2022-06-04,Mariposa,043,17540,2613,2557,228,2785,30
2022-06-04,Mendocino,045,87422,13855,13738,3446,17184,125
2022-06-04,Merced,047,269075,64093,63756,9236,72992,825
2022-06-04,Modoc,049,8938,761,759,258,1017,8
2022-06-04,Mono,051,14174,3044,3037,167,3204,6
2022-06-04,Monterey,053,433212,83144,82451,15588,98039,738
2022-06-04,Napa,055,140530,27984,27686,1154,28840,143
2022-06-04,Nevada,057,99092,16898,16728,1313,18041,127
2022-06-04,Orange,059,3164182,578531,574146,45819,619965,7038
2022-06-04,Placer,061,380077,66965,66428,7911,74339,627
2022-06-04,Plumas,063,18699,3149,3138,381,3519,13
2022-06-04,Riverside,065,2383286,613470,610369,29662,640031,6481
2022-06-04,Sacramento,067,1510023,300856,297787,29587,327374,3052
2022-06-04,San Benito,069,59416,13728,13572,569,14141,99
2022-06-04,San Bernardino,071,2135413,585035,582305,25978,608283,7664
2022-06-04,San Diego,073,3302833,800758,794822,56671,851493,5303
2022-06-04,San Francisco,075,870044,147904,145876,9628,155504,881
2022-06-04,San Joaquin,077,732212,173883,172621,11252,183873,2242
2022-06-04,San Luis Obispo,079,281455,55803,55333,4663,59996,484
2022-06-04,San Mateo,081,765935,140525,138536,8556,147092,710
2022-06-04,Santa Barbara,083,443738,91732,90911,5168,96079,693
2022-06-04,Santa Clara,085,1922200,356382,351492,14908,366400,2317
2022-06-04,Santa Cruz,087,273765,52766,52333,2441,54774,263
2022-06-04,Shasta,089,179085,31400,31272,6293,37565,565
2022-06-04,Sierra,091,2930,278,278,55,333,4
2022-06-04,Siskiyou,093,43540,4610,4591,2846,7437,81
2022-06-04,Solano,095,438530,88605,87571,6085,93656,452
2022-06-04,Sonoma,097,501317,92631,91518,3637,95155,491
2022-06-04,Stanislaus,099,539301,121762,121001,18235,139236,1661
2022-06-04,Sutter,101,95872,21230,21125,2245,23370,227
2022-06-04,Tehama,103,63373,12302,12262,2693,14955,204
2022-06-04,Trinity,105,12862,1211,1204,297,1501,20
2022-06-04,Tulare,107,460477,109114,108598,29924,138522,1490
2022-06-04,Tuolumne,109,53932,13333,13251,605,13856,189
2022-06-04,Ventura,111,848112,182844,181709,10434,192143,1505
2022-06-04,Yolo,113,214977,39958,39561,3511,43072,321
2022-06-04,Yuba,115,75493,16552,16467,1361,17828,122
2022-06-03,Alameda,001,1643700,289337,285785,16126,301911,1873
2022-06-03,Alpine,003,1148,128,128,1,129,0
2022-06-03,Amador,005,37829,8862,8775,688,9463,87
2022-06-03,Butte,007,227075,34358,34129,7072,41201,427
2022-06-03,Calaveras,009,45235,7558,7525,400,7925,121
2022-06-03,Colusa,011,21464,3493,3484,1101,4585,21
2022-06-03,Contra Costa,013,1133247,209187,206711,15003,221714,1310
2022-06-03,Del Norte,015,27424,6228,6206,263,6469,52
2022-06-03,El Dorado,017,186661,28442,28241,3393,31634,214
2022-06-03,Fresno,019,978130,239223,237945,24886,262831,2766
2022-06-03,Glenn,021,27897,5088,5063,1639,6702,48
2022-06-03,Humboldt,023,135768,18587,18433,3451,21884,147
2022-06-03,Imperial,025,180216,56898,56690,11165,67855,941
2022-06-03,Inyo,027,18085,4190,4176,586,4762,56
2022-06-03,Kern,029,883053,196787,195863,48065,243928,2338
2022-06-03,Kings,031,150075,52805,52597,3701,56298,447
2022-06-03,Lake,033,64148,11147,11064,935,11999,137
2022-06-03,Lassen,035,31185,9145,9106,911,10017,64
2022-06-03,Los Angeles,037,10098052,2864601,2846989,135442,2982431,31899
2022-06-03,Madera,039,155013,38412,38188,6375,44563,372
2022-06-03,Marin,041,260295,38246,37879,4035,41914,294
2022-06-03,Mariposa,043,17540,2611,2557,228,2785,30
2022-06-03,Mendocino,045,87422,13841,13738,3446,17184,125
2022-06-03,Merced,047,269075,64074,63756,9236,72992,825
2022-06-03,Modoc,049,8938,761,759,258,1017,8
2022-06-03,Mono,051,14174,3043,3037,167,3204,6
2022-06-03,Monterey,053,433212,83087,82451,15588,98039,738
2022-06-03,Napa,055,140530,27954,27686,1154,28840,143
2022-06-03,Nevada,057,99092,16891,16728,1313,18041,127
2022-06-03,Orange,059,3164182,578244,574146,45819,619965,7038
2022-06-03,Placer,061,380077,66924,66428,7911,74339,627
2022-06-03,Plumas,063,18699,3149,3138,381,3519,13
2022-06-03,Riverside,065,2383286,613239,610369,29662,640031,6481
2022-06-03,Sacramento,067,1510023,300581,297787,29587,327374,3052
2022-06-03,San Benito,069,59416,13719,13572,569,14141,99
2022-06-03,San Bernardino,071,2135413,584894,582305,25978,608283,7664
2022-06-03,San Diego,073,3302833,800347,794822,56671,851493,5303
2022-06-03,San Francisco,075,870044,147638,145876,9628,155504,881
2022-06-03,San Joaquin,077,732212,173799,172621,11252,183873,2242
2022-06-03,San Luis Obispo,079,281455,55775,55333,4663,59996,484
2022-06-03,San Mateo,081,765935,140340,138536,8556,147092,710
2022-06-03,Santa Barbara,083,443738,91668,90911,5168,96079,693
2022-06-03,Santa Clara,085,1922200,355728,351492,14908,366400,2317
2022-06-03,Santa Cruz,087,273765,52716,52333,2441,54774,263
2022-06-03,Shasta,089,179085,31398,31272,6293,37565,565
2022-06-03,Sierra,091,2930,278,278,55,333,4
2022-06-03,Siskiyou,093,43540,4607,4591,2846,7437,81
2022-06-03,Solano,095,438530,88519,87571,6085,93656,452
2022-06-03,Sonoma,097,501317,92523,91518,3637,95155,491
2022-06-03,Stanislaus,099,539301,121703,121001,18235,139236,1661
2022-06-03,Sutter,101,95872,21208,21125,2245,23370,227
2022-06-03,Tehama,103,63373,12302,12262,2693,14955,204
2022-06-03,Trinity,105,12862,1209,1204,297,1501,20
2022-06-03,Tulare,107,460477,109085,108598,29924,138522,1490
2022-06-03,Tuolumne,109,53932,13324,13251,605,13856,189
2022-06-03,Ventura,111,848112,182756,181709,10434,192143,1505
2022-06-03,Yolo,113,214977,39929,39561,3511,43072,321
2022-06-03,Yuba,115,75493,16537,16467,1361,17828,122
2022-06-02,Alameda,001,1643700,288577,285785,16126,301911,1873
2022-06-02,Alpine,003,1148,128,128,1,129,0
2022-06-02,Amador,005,37829,8856,8775,688,9463,87
2022-06-02,Butte,007,227075,34304,34129,7072,41201,427
2022-06-02,Calaveras,009,45235,7549,7525,400,7925,121
2022-06-02,Colusa,011,21464,3493,3484,1101,4585,21
2022-06-02,Contra Costa,013,1133247,208693,206711,15003,221714,1310
2022-06-02,Del Norte,015,27424,6223,6206,263,6469,52
2022-06-02,El Dorado,017,186661,28390,28241,3393,31634,214
2022-06-02,Fresno,019,978130,238934,237945,24886,262831,2766
2022-06-02,Glenn,021,27897,5079,5063,1639,6702,48
2022-06-02,Humboldt,023,135768,18551,18433,3451,21884,147
2022-06-02,Imperial,025,180216,56858,56690,11165,67855,941
2022-06-02,Inyo,027,18085,4190,4176,586,4762,56
2022-06-02,Kern,029,883053,196543,195863,48065,243928,2338
2022-06-02,Kings,031,150075,52763,52597,3701,56298,447
2022-06-02,Lake,033,64148,11127,11064,935,11999,137
2022-06-02,Lassen,035,31185,9136,9106,911,10017,64
2022-06-02,Los Angeles,037,10098052,2861412,2846989,135442,2982431,31899
2022-06-02,Madera,039,155013,38364,38188,6375,44563,372
2022-06-02,Marin,041,260295,38164,37879,4035,41914,294
2022-06-02,Mariposa,043,17540,2607,2557,228,2785,30
2022-06-02,Mendocino,045,87422,13830,13738,3446,17184,125
2022-06-02,Merced,047,269075,64031,63756,9236,72992,825
2022-06-02,Modoc,049,8938,761,759,258,1017,8
2022-06-02,Mono,051,14174,3043,3037,167,3204,6
2022-06-02,Monterey,053,433212,82968,82451,15588,98039,738
2022-06-02,Napa,055,140530,27892,27686,1154,28840,143
2022-06-02,Nevada,057,99092,16850,16728,1313,18041,127
2022-06-02,Orange,059,3164182,577371,574146,45819,619965,7038
2022-06-02,Placer,061,380077,66828,66428,7911,74339,627
2022-06-02,Plumas,063,18699,3147,3138,381,3519,13
2022-06-02,Riverside,065,2383286,612726,610369,29662,640031,6481
2022-06-02,Sacramento,067,1510023,300032,297787,29587,327374,3052
2022-06-02,San Benito,069,59416,13689,13572,569,14141,99
2022-06-02,San Bernardino,071,2135413,584353,582305,25978,608283,7664
2022-06-02,San Diego,073,3302833,799192,794822,56671,851493,5303
2022-06-02,San Francisco,075,870044,147284,145876,9628,155504,881
2022-06-02,San Joaquin,077,732212,173577,172621,11252,183873,2242
2022-06-02,San Luis Obispo,079,281455,55684,55333,4663,59996,484
2022-06-02,San Mateo,081,765935,140007,138536,8556,147092,710
2022-06-02,Santa Barbara,083,443738,91505,90911,5168,96079,693
2022-06-02,Santa Clara,085,1922200,354823,351492,14908,366400,2317
2022-06-02,Santa Cruz,087,273765,52622,52333,2441,54774,263
2022-06-02,Shasta,089,179085,31383,31272,6293,37565,565
2022-06-02,Sierra,091,2930,278,278,55,333,4
2022-06-02,Siskiyou,093,43540,4603,4591,2846,7437,81
2022-06-02,Solano,095,438530,88326,87571,6085,93656,452
2022-06-02,Sonoma,097,501317,92315,91518,3637,95155,491
2022-06-02,Stanislaus,099,539301,121583,121001,18235,139236,1661
2022-06-02,Sutter,101,95872,21180,21125,2245,23370,227
2022-06-02,Tehama,103,63373,12294,12262,2693,14955,204
2022-06-02,Trinity,105,12862,1207,1204,297,1501,20
2022-06-02,Tulare,107,460477,109001,108598,29924,138522,1490
2022-06-02,Tuolumne,109,53932,13305,13251,605,13856,189
2022-06-02,Ventura,111,848112,182502,181709,10434,192143,1505
2022-06-02,Yolo,113,214977,39857,39561,3511,43072,321
2022-06-02,Yuba,115,75493,16523,16467,1361,17828,122
2022-06-01,Alameda,001,1643700,287628,284051,16126,300177,1868
2022-06-01,Alpine,003,1148,128,128,1,129,0
2022-06-01,Amador,005,37829,8852,8741,688,9429,87
2022-06-01,Butte,007,227075,34246,34059,7072,41131,427
2022-06-01,Calaveras,009,45235,7543,7502,400,7902,120
2022-06-01,Colusa,011,21464,3489,3476,1101,4577,21
2022-06-01,Contra Costa,013,1133247,208154,205699,15003,220702,1310
2022-06-01,Del Norte,015,27424,6214,6188,263,6451,51
2022-06-01,El Dorado,017,186661,28338,28133,3393,31526,214
2022-06-01,Fresno,019,978130,238622,237367,24886,262253,2765
2022-06-01,Glenn,021,27897,5074,5059,1639,6698,48
2022-06-01,Humboldt,023,135768,18514,18371,3451,21822,147
2022-06-01,Imperial,025,180216,56808,56445,11165,67610,938
2022-06-01,Inyo,027,18085,4188,4171,586,4757,56
2022-06-01,Kern,029,883053,196356,195438,48065,243503,2336
2022-06-01,Kings,031,150075,52709,52491,3701,56192,447
2022-06-01,Lake,033,64148,11108,11024,935,11959,137
2022-06-01,Lassen,035,31185,9123,9083,911,9994,64
2022-06-01,Los Angeles,037,10098052,2857029,2836856,135442,2972298,31882
2022-06-01,Madera,039,155013,38334,38115,6375,44490,372
2022-06-01,Marin,041,260295,38069,37654,4035,41689,293
2022-06-01,Mariposa,043,17540,2595,2549,228,2777,30
2022-06-01,Mendocino,045,87422,13810,13692,3446,17138,125
2022-06-01,Merced,047,269075,63981,63637,9236,72873,824
2022-06-01,Modoc,049,8938,761,755,258,1013,8
2022-06-01,Mono,051,14174,3041,3035,167,3202,6
2022-06-01,Monterey,053,433212,82837,82215,15588,97803,737
2022-06-01,Napa,055,140530,27831,27580,1154,28734,143
2022-06-01,Nevada,057,99092,16823,16693,1313,18006,127
2022-06-01,Orange,059,3164182,576201,571973,45819,617792,7032
2022-06-01,Placer,061,380077,66715,66199,7911,74110,627
2022-06-01,Plumas,063,18699,3141,3117,381,3498,13
2022-06-01,Riverside,065,2383286,612110,608913,29662,638575,6480
2022-06-01,Sacramento,067,1510023,299349,296457,29587,326044,3045
2022-06-01,San Benito,069,59416,13653,13510,569,14079,98
2022-06-01,San Bernardino,071,2135413,583795,580767,25978,606745,7641
2022-06-01,San Diego,073,3302833,797679,791557,56671,848228,5292
2022-06-01,San Francisco,075,870044,146853,144476,9628,154104,879
2022-06-01,San Joaquin,077,732212,173329,172170,11252,183422,2241
2022-06-01,San Luis Obispo,079,281455,55545,55099,4663,59762,482
2022-06-01,San Mateo,081,765935,139611,137566,8556,146122,710
2022-06-01,Santa Barbara,083,443738,91341,90531,5168,95699,693
2022-06-01,Santa Clara,085,1922200,353881,348742,14908,363650,2317
2022-06-01,Santa Cruz,087,273765,52555,52141,2441,54582,263
2022-06-01,Shasta,089,179085,31366,31247,6293,37540,564
2022-06-01,Sierra,091,2930,278,280,55,335,4
2022-06-01,Siskiyou,093,43540,4599,4574,2846,7420,81
2022-06-01,Solano,095,438530,88131,87206,6085,93291,452
2022-06-01,Sonoma,097,501317,92115,91174,3637,94811,491
2022-06-01,Stanislaus,099,539301,121421,120778,18235,139013,1656
2022-06-01,Sutter,101,95872,21150,21065,2245,23310,227
2022-06-01,Tehama,103,63373,12287,12245,2693,14938,204
2022-06-01,Trinity,105,12862,1205,1200,297,1497,20
2022-06-01,Tulare,107,460477,108910,108401,29924,138325,1490
2022-06-01,Tuolumne,109,53932,13294,13221,605,13826,189
2022-06-01,Ventura,111,848112,182266,181163,10434,191597,1503
2022-06-01,Yolo,113,214977,39813,39371,3511,42882,320
2022-06-01,Yuba,115,75493,16506,16406,1361,17767,122
2022-05-31,Alameda,001,1643700,286602,284051,16126,300177,1868
2022-05-31,Alpine,003,1148,128,128,1,129,0
2022-05-31,Amador,005,37829,8839,8741,688,9429,87
2022-05-31,Butte,007,227075,34184,34059,7072,41131,427
2022-05-31,Calaveras,009,45235,7534,7502,400,7902,120
2022-05-31,Colusa,011,21464,3485,3476,1098,4574,21
2022-05-31,Contra Costa,013,1133247,207546,205699,15003,220702,1310
2022-05-31,Del Norte,015,27424,6206,6188,263,6451,51
2022-05-31,El Dorado,017,186661,28285,28133,3392,31525,214
2022-05-31,Fresno,019,978130,238300,237367,24886,262253,2765
2022-05-31,Glenn,021,27897,5070,5059,1639,6698,48
2022-05-31,Humboldt,023,135768,18489,18371,3448,21819,147
2022-05-31,Imperial,025,180216,56758,56445,11165,67610,938
2022-05-31,Inyo,027,18085,4184,4171,579,4750,56
2022-05-31,Kern,029,883053,196148,195438,48063,243501,2336
2022-05-31,Kings,031,150075,52665,52491,3697,56188,447
2022-05-31,Lake,033,64148,11094,11024,935,11959,137
2022-05-31,Lassen,035,31185,9110,9083,911,9994,64
2022-05-31,Los Angeles,037,10098052,2851765,2836856,135417,2972273,31882
2022-05-31,Madera,039,155013,38278,38115,6375,44490,372
2022-05-31,Marin,041,260295,37959,37654,4025,41679,293
2022-05-31,Mariposa,043,17540,2590,2549,228,2777,30
2022-05-31,Mendocino,045,87422,13793,13692,3446,17138,125
2022-05-31,Merced,047,269075,63913,63637,9236,72873,824
2022-05-31,Modoc,049,8938,759,755,258,1013,8
2022-05-31,Mono,051,14174,3039,3035,166,3201,6
2022-05-31,Monterey,053,433212,82707,82215,15585,97800,737
2022-05-31,Napa,055,140530,27766,27580,1154,28734,143
2022-05-31,Nevada,057,99092,16787,16693,1313,18006,127
2022-05-31,Orange,059,3164182,574999,571973,45817,617790,7032
2022-05-31,Placer,061,380077,66583,66199,7911,74110,627
2022-05-31,Plumas,063,18699,3139,3117,381,3498,13
2022-05-31,Riverside,065,2383286,611374,608913,29662,638575,6480
2022-05-31,Sacramento,067,1510023,298576,296457,29587,326044,3045
2022-05-31,San Benito,069,59416,13600,13510,569,14079,98
2022-05-31,San Bernardino,071,2135413,583081,580767,25977,606744,7641
2022-05-31,San Diego,073,3302833,795964,791557,56579,848136,5292
2022-05-31,San Francisco,075,870044,146298,144476,9628,154104,879
2022-05-31,San Joaquin,077,732212,173016,172170,11244,183414,2241
2022-05-31,San Luis Obispo,079,281455,55423,55099,4653,59752,482
2022-05-31,San Mateo,081,765935,139138,137566,8556,146122,710
2022-05-31,Santa Barbara,083,443738,91145,90531,5168,95699,693
2022-05-31,Santa Clara,085,1922200,352601,348742,14908,363650,2317
2022-05-31,Santa Cruz,087,273765,52481,52141,2441,54582,263
2022-05-31,Shasta,089,179085,31337,31247,6293,37540,564
2022-05-31,Sierra,091,2930,278,280,55,335,4
2022-05-31,Siskiyou,093,43540,4596,4574,2846,7420,81
2022-05-31,Solano,095,438530,87828,87206,6085,93291,452
2022-05-31,Sonoma,097,501317,91876,91174,3633,94807,491
2022-05-31,Stanislaus,099,539301,121254,120778,18223,139001,1656
2022-05-31,Sutter,101,95872,21126,21065,2245,23310,227
2022-05-31,Tehama,103,63373,12281,12245,2693,14938,204
2022-05-31,Trinity,105,12862,1204,1200,297,1497,20
2022-05-31,Tulare,107,460477,108797,108401,29919,138320,1490
2022-05-31,Tuolumne,109,53932,13286,13221,605,13826,189
2022-05-31,Ventura,111,848112,182032,181163,10434,191597,1503
2022-05-31,Yolo,113,214977,39716,39371,3511,42882,320
2022-05-31,Yuba,115,75493,16476,16406,1361,17767,122
2022-05-30,Alameda,001,1643700,285268,284051,16126,300177,1868
2022-05-30,Alpine,003,1148,128,128,1,129,0
2022-05-30,Amador,005,37829,8831,8741,688,9429,87
2022-05-30,Butte,007,227075,34112,34059,7072,41131,427
2022-05-30,Calaveras,009,45235,7528,7502,400,7902,120
2022-05-30,Colusa,011,21464,3482,3476,1096,4572,21
2022-05-30,Contra Costa,013,1133247,206742,205699,15003,220702,1310
2022-05-30,Del Norte,015,27424,6194,6188,262,6450,51
2022-05-30,El Dorado,017,186661,28213,28133,3390,31523,214
2022-05-30,Fresno,019,978130,237844,237367,24886,262253,2765
2022-05-30,Glenn,021,27897,5064,5059,1639,6698,48
2022-05-30,Humboldt,023,135768,18440,18371,3424,21795,147
2022-05-30,Imperial,025,180216,56681,56445,11165,67610,938
2022-05-30,Inyo,027,18085,4180,4171,578,4749,56
2022-05-30,Kern,029,883053,195895,195438,48059,243497,2336
2022-05-30,Kings,031,150075,52569,52491,3697,56188,447
2022-05-30,Lake,033,64148,11065,11024,933,11957,137
2022-05-30,Lassen,035,31185,9095,9083,911,9994,64
2022-05-30,Los Angeles,037,10098052,2844763,2836856,135119,2971975,31882
2022-05-30,Madera,039,155013,38225,38115,6375,44490,372
2022-05-30,Marin,041,260295,37838,37654,4009,41663,293
2022-05-30,Mariposa,043,17540,2568,2549,228,2777,30
2022-05-30,Mendocino,045,87422,13752,13692,3446,17138,125
2022-05-30,Merced,047,269075,63827,63637,9236,72873,824
2022-05-30,Modoc,049,8938,756,755,256,1011,8
2022-05-30,Mono,051,14174,3036,3035,166,3201,6
2022-05-30,Monterey,053,433212,82541,82215,15571,97786,737
2022-05-30,Napa,055,140530,27692,27580,1154,28734,143
2022-05-30,Nevada,057,99092,16737,16693,1313,18006,127
2022-05-30,Orange,059,3164182,573544,571973,45817,617790,7032
2022-05-30,Placer,061,380077,66452,66199,7911,74110,627
2022-05-30,Plumas,063,18699,3136,3117,381,3498,13
2022-05-30,Riverside,065,2383286,610398,608913,29662,638575,6480
2022-05-30,Sacramento,067,1510023,297660,296457,29587,326044,3045
2022-05-30,San Benito,069,59416,13538,13510,569,14079,98
2022-05-30,San Bernardino,071,2135413,582140,580767,25975,606742,7641
2022-05-30,San Diego,073,3302833,793775,791557,56341,847898,5292
2022-05-30,San Francisco,075,870044,145683,144476,9628,154104,879
2022-05-30,San Joaquin,077,732212,172646,172170,11222,183392,2241
2022-05-30,San Luis Obispo,079,281455,55243,55099,4600,59699,482
2022-05-30,San Mateo,081,765935,138488,137566,8556,146122,710
2022-05-30,Santa Barbara,083,443738,90888,90531,5168,95699,693
2022-05-30,Santa Clara,085,1922200,351112,348742,14908,363650,2317
2022-05-30,Santa Cruz,087,273765,52362,52141,2440,54581,263
2022-05-30,Shasta,089,179085,31299,31247,6293,37540,564
2022-05-30,Sierra,091,2930,278,280,55,335,4
2022-05-30,Siskiyou,093,43540,4590,4574,2844,7418,81
2022-05-30,Solano,095,438530,87523,87206,6085,93291,452
2022-05-30,Sonoma,097,501317,91610,91174,3629,94803,491
2022-05-30,Stanislaus,099,539301,121068,120778,18194,138972,1656
2022-05-30,Sutter,101,95872,21091,21065,2245,23310,227
2022-05-30,Tehama,103,63373,12268,12245,2693,14938,204
2022-05-30,Trinity,105,12862,1203,1200,297,1497,20
2022-05-30,Tulare,107,460477,108652,108401,29903,138304,1490
2022-05-30,Tuolumne,109,53932,13265,13221,605,13826,189
2022-05-30,Ventura,111,848112,181694,181163,10434,191597,1503
2022-05-30,Yolo,113,214977,39592,39371,3511,42882,320
2022-05-30,Yuba,115,75493,16451,16406,1357,17763,122
2022-05-29,Alameda,001,1643700,284850,280775,16126,296901,1863
2022-05-29,Alpine,003,1148,128,126,1,127,0
2022-05-29,Amador,005,37829,8827,8696,688,9384,86
2022-05-29,Butte,007,227075,34101,33876,7072,40948,426
2022-05-29,Calaveras,009,45235,7526,7469,400,7869,120
2022-05-29,Colusa,011,21464,3481,3474,1096,4570,21
2022-05-29,Contra Costa,013,1133247,206448,203528,15003,218531,1306
2022-05-29,Del Norte,015,27424,6192,6166,261,6427,51
2022-05-29,El Dorado,017,186661,28190,27898,3390,31288,214
2022-05-29,Fresno,019,978130,237743,236250,24886,261136,2764
2022-05-29,Glenn,021,27897,5063,5048,1639,6687,48
2022-05-29,Humboldt,023,135768,18424,18257,3424,21681,147
2022-05-29,Imperial,025,180216,56654,56323,11165,67488,939
2022-05-29,Inyo,027,18085,4179,4161,578,4739,56
2022-05-29,Kern,029,883053,195815,194687,48055,242742,2334
2022-05-29,Kings,031,150075,52543,52292,3695,55987,447
2022-05-29,Lake,033,64148,11057,10958,933,11891,137
2022-05-29,Lassen,035,31185,9091,9049,911,9960,64
2022-05-29,Los Angeles,037,10098052,2843156,2819145,134957,2954102,31862
2022-05-29,Madera,039,155013,38206,37955,6375,44330,371
2022-05-29,Marin,041,260295,37782,37215,3988,41203,293
2022-05-29,Mariposa,043,17540,2563,2526,228,2754,31
2022-05-29,Mendocino,045,87422,13736,13612,3446,17058,124
2022-05-29,Merced,047,269075,63811,63389,9236,72625,824
2022-05-29,Modoc,049,8938,756,751,256,1007,8
2022-05-29,Mono,051,14174,3036,3030,166,3196,6
2022-05-29,Monterey,053,433212,82500,81875,15562,97437,737
2022-05-29,Napa,055,140530,27666,27376,1154,28530,144
2022-05-29,Nevada,057,99092,16726,16568,1313,17881,127
2022-05-29,Orange,059,3164182,572999,568369,45816,614185,7028
2022-05-29,Placer,061,380077,66386,65672,7911,73583,626
2022-05-29,Plumas,063,18699,3130,3096,381,3477,13
2022-05-29,Riverside,065,2383286,610130,606444,29662,636106,6480
2022-05-29,Sacramento,067,1510023,297253,294000,29587,323587,3032
2022-05-29,San Benito,069,59416,13533,13402,568,13970,98
2022-05-29,San Bernardino,071,2135413,581910,578656,25974,604630,7610
2022-05-29,San Diego,073,3302833,793093,786243,56282,842525,5288
2022-05-29,San Francisco,075,870044,145274,142456,9628,152084,879
2022-05-29,San Joaquin,077,732212,172501,171282,11222,182504,2241
2022-05-29,San Luis Obispo,079,281455,55196,54701,4591,59292,481
2022-05-29,San Mateo,081,765935,138272,135746,8556,144302,710
2022-05-29,Santa Barbara,083,443738,90776,89940,5167,95107,693
2022-05-29,Santa Clara,085,1922200,350380,344223,14908,359131,2304
2022-05-29,Santa Cruz,087,273765,52299,51819,2440,54259,263
2022-05-29,Shasta,089,179085,31289,31165,6293,37458,564
2022-05-29,Sierra,091,2930,278,278,55,333,4
2022-05-29,Siskiyou,093,43540,4585,4537,2844,7381,81
2022-05-29,Solano,095,438530,87477,86565,6085,92650,452
2022-05-29,Sonoma,097,501317,91530,90364,3623,93987,490
2022-05-29,Stanislaus,099,539301,120977,120241,18175,138416,1657
2022-05-29,Sutter,101,95872,21072,20976,2245,23221,227
2022-05-29,Tehama,103,63373,12260,12210,2693,14903,204
2022-05-29,Trinity,105,12862,1203,1196,297,1493,20
2022-05-29,Tulare,107,460477,108585,108029,29900,137929,1484
2022-05-29,Tuolumne,109,53932,13255,13141,605,13746,189
2022-05-29,Ventura,111,848112,181564,179953,10434,190387,1503
2022-05-29,Yolo,113,214977,39547,39016,3511,42527,319
2022-05-29,Yuba,115,75493,16437,16314,1354,17668,122
2022-05-28,Alameda,001,1643700,284528,280775,16115,296890,1863
2022-05-28,Alpine,003,1148,128,126,1,127,0
2022-05-28,Amador,005,37829,8819,8696,688,9384,86
2022-05-28,Butte,007,227075,34088,33876,7062,40938,426
2022-05-28,Calaveras,009,45235,7523,7469,400,7869,120
2022-05-28,Colusa,011,21464,3480,3474,1096,4570,21
2022-05-28,Contra Costa,013,1133247,206210,203528,14997,218525,1306
2022-05-28,Del Norte,015,27424,6189,6166,261,6427,51
2022-05-28,El Dorado,017,186661,28162,27898,3390,31288,214
2022-05-28,Fresno,019,978130,237601,236250,24883,261133,2764
2022-05-28,Glenn,021,27897,5061,5048,1639,6687,48
2022-05-28,Humboldt,023,135768,18402,18257,3424,21681,147
2022-05-28,Imperial,025,180216,56632,56323,11165,67488,939
2022-05-28,Inyo,027,18085,4179,4161,578,4739,56
2022-05-28,Kern,029,883053,195726,194687,48041,242728,2334
2022-05-28,Kings,031,150075,52518,52292,3693,55985,447
2022-05-28,Lake,033,64148,11050,10958,933,11891,137
2022-05-28,Lassen,035,31185,9086,9049,911,9960,64
2022-05-28,Los Angeles,037,10098052,2841585,2819145,134784,2953929,31862
2022-05-28,Madera,039,155013,38190,37955,6375,44330,371
2022-05-28,Marin,041,260295,37729,37215,3960,41175,293
2022-05-28,Mariposa,043,17540,2559,2526,228,2754,31
2022-05-28,Mendocino,045,87422,13726,13612,3446,17058,124
2022-05-28,Merced,047,269075,63785,63389,9235,72624,824
2022-05-28,Modoc,049,8938,756,751,256,1007,8
2022-05-28,Mono,051,14174,3036,3030,165,3195,6
2022-05-28,Monterey,053,433212,82445,81875,15552,97427,737
2022-05-28,Napa,055,140530,27629,27376,1154,28530,144
2022-05-28,Nevada,057,99092,16719,16568,1312,17880,127
2022-05-28,Orange,059,3164182,572510,568369,45736,614105,7028
2022-05-28,Placer,061,380077,66316,65672,7905,73577,626
2022-05-28,Plumas,063,18699,3124,3096,381,3477,13
2022-05-28,Riverside,065,2383286,609791,606444,29654,636098,6480
2022-05-28,Sacramento,067,1510023,297003,294000,29582,323582,3032
2022-05-28,San Benito,069,59416,13518,13402,567,13969,98
2022-05-28,San Bernardino,071,2135413,581587,578656,25952,604608,7610
2022-05-28,San Diego,073,3302833,792468,786243,56245,842488,5288
2022-05-28,San Francisco,075,870044,144983,142456,9623,152079,879
2022-05-28,San Joaquin,077,732212,172408,171282,11220,182502,2241
2022-05-28,San Luis Obispo,079,281455,55163,54701,4588,59289,481
2022-05-28,San Mateo,081,765935,138020,135746,8544,144290,710
2022-05-28,Santa Barbara,083,443738,90682,89940,5166,95106,693
2022-05-28,Santa Clara,085,1922200,349654,344223,14899,359122,2304
2022-05-28,Santa Cruz,087,273765,52262,51819,2436,54255,263
2022-05-28,Shasta,089,179085,31278,31165,6290,37455,564
2022-05-28,Sierra,091,2930,278,278,54,332,4
2022-05-28,Siskiyou,093,43540,4577,4537,2844,7381,81
2022-05-28,Solano,095,438530,87411,86565,6082,92647,452
2022-05-28,Sonoma,097,501317,91403,90364,3621,93985,490
2022-05-28,Stanislaus,099,539301,120889,120241,18171,138412,1657
2022-05-28,Sutter,101,95872,21057,20976,2244,23220,227
2022-05-28,Tehama,103,63373,12249,12210,2692,14902,204
2022-05-28,Trinity,105,12862,1202,1196,297,1493,20
2022-05-28,Tulare,107,460477,108535,108029,29885,137914,1484
2022-05-28,Tuolumne,109,53932,13240,13141,605,13746,189
2022-05-28,Ventura,111,848112,181424,179953,10428,190381,1503
2022-05-28,Yolo,113,214977,39503,39016,3511,42527,319
2022-05-28,Yuba,115,75493,16423,16314,1353,17667,122
2022-05-27,Alameda,001,1643700,284087,280775,16102,296877,1863
2022-05-27,Alpine,003,1148,127,126,1,127,0
2022-05-27,Amador,005,37829,8814,8696,688,9384,86
2022-05-27,Butte,007,227075,34069,33876,7047,40923,426
2022-05-27,Calaveras,009,45235,7517,7469,400,7869,120
2022-05-27,Colusa,011,21464,3479,3474,1096,4570,21
2022-05-27,Contra Costa,013,1133247,205955,203528,14988,218516,1306
2022-05-27,Del Norte,015,27424,6183,6166,261,6427,51
2022-05-27,El Dorado,017,186661,28143,27898,3385,31283,214
2022-05-27,Fresno,019,978130,237439,236250,24873,261123,2764
2022-05-27,Glenn,021,27897,5059,5048,1639,6687,48
2022-05-27,Humboldt,023,135768,18392,18257,3424,21681,147
2022-05-27,Imperial,025,180216,56553,56323,11164,67487,939
2022-05-27,Inyo,027,18085,4177,4161,578,4739,56
2022-05-27,Kern,029,883053,195629,194687,48021,242708,2334
2022-05-27,Kings,031,150075,52491,52292,3693,55985,447
2022-05-27,Lake,033,64148,11045,10958,933,11891,137
2022-05-27,Lassen,035,31185,9082,9049,911,9960,64
2022-05-27,Los Angeles,037,10098052,2839474,2819145,134578,2953723,31862
2022-05-27,Madera,039,155013,38159,37955,6372,44327,371
2022-05-27,Marin,041,260295,37670,37215,3934,41149,293
2022-05-27,Mariposa,043,17540,2553,2526,228,2754,31
2022-05-27,Mendocino,045,87422,13713,13612,3446,17058,124
2022-05-27,Merced,047,269075,63743,63389,9235,72624,824
2022-05-27,Modoc,049,8938,756,751,256,1007,8
2022-05-27,Mono,051,14174,3035,3030,165,3195,6
2022-05-27,Monterey,053,433212,82398,81875,15532,97407,737
2022-05-27,Napa,055,140530,27602,27376,1152,28528,144
2022-05-27,Nevada,057,99092,16709,16568,1311,17879,127
2022-05-27,Orange,059,3164182,571975,568369,45634,614003,7028
2022-05-27,Placer,061,380077,66255,65672,7904,73576,626
2022-05-27,Plumas,063,18699,3122,3096,381,3477,13
2022-05-27,Riverside,065,2383286,609403,606444,29639,636083,6480
2022-05-27,Sacramento,067,1510023,296637,294000,29557,323557,3032
2022-05-27,San Benito,069,59416,13507,13402,567,13969,98
2022-05-27,San Bernardino,071,2135413,581289,578656,25945,604601,7610
2022-05-27,San Diego,073,3302833,791619,786243,56195,842438,5288
2022-05-27,San Francisco,075,870044,144661,142456,9593,152049,879
2022-05-27,San Joaquin,077,732212,172294,171282,11216,182498,2241
2022-05-27,San Luis Obispo,079,281455,55108,54701,4574,59275,481
2022-05-27,San Mateo,081,765935,137790,135746,8529,144275,710
2022-05-27,Santa Barbara,083,443738,90600,89940,5159,95099,693
2022-05-27,Santa Clara,085,1922200,348927,344223,14882,359105,2304
2022-05-27,Santa Cruz,087,273765,52211,51819,2433,54252,263
2022-05-27,Shasta,089,179085,31269,31165,6288,37453,564
2022-05-27,Sierra,091,2930,278,278,54,332,4
2022-05-27,Siskiyou,093,43540,4573,4537,2844,7381,81
2022-05-27,Solano,095,438530,87290,86565,6078,92643,452
2022-05-27,Sonoma,097,501317,91263,90364,3618,93982,490
2022-05-27,Stanislaus,099,539301,120806,120241,18160,138401,1657
2022-05-27,Sutter,101,95872,21042,20976,2243,23219,227
2022-05-27,Tehama,103,63373,12246,12210,2692,14902,204
2022-05-27,Trinity,105,12862,1202,1196,297,1493,20
2022-05-27,Tulare,107,460477,108478,108029,29866,137895,1484
2022-05-27,Tuolumne,109,53932,13231,13141,605,13746,189
2022-05-27,Ventura,111,848112,181259,179953,10420,190373,1503
2022-05-27,Yolo,113,214977,39446,39016,3511,42527,319
2022-05-27,Yuba,115,75493,16410,16314,1351,17665,122
2022-05-26,Alameda,001,1643700,283249,280775,16031,296806,1863
2022-05-26,Alpine,003,1148,127,126,1,127,0
2022-05-26,Amador,005,37829,8803,8696,687,9383,86
2022-05-26,Butte,007,227075,34014,33876,7026,40902,426
2022-05-26,Calaveras,009,45235,7506,7469,400,7869,120
2022-05-26,Colusa,011,21464,3478,3474,1095,4569,21
2022-05-26,Contra Costa,013,1133247,205497,203528,14956,218484,1306
2022-05-26,Del Norte,015,27424,6175,6166,260,6426,51
2022-05-26,El Dorado,017,186661,28096,27898,3378,31276,214
2022-05-26,Fresno,019,978130,237193,236250,24845,261095,2764
2022-05-26,Glenn,021,27897,5055,5048,1639,6687,48
2022-05-26,Humboldt,023,135768,18355,18257,3418,21675,147
2022-05-26,Imperial,025,180216,56523,56323,11153,67476,939
2022-05-26,Inyo,027,18085,4176,4161,575,4736,56
2022-05-26,Kern,029,883053,195465,194687,47976,242663,2334
2022-05-26,Kings,031,150075,52443,52292,3689,55981,447
2022-05-26,Lake,033,64148,11031,10958,933,11891,137
2022-05-26,Lassen,035,31185,9073,9049,911,9960,64
2022-05-26,Los Angeles,037,10098052,2835555,2819145,134299,2953444,31862
2022-05-26,Madera,039,155013,38117,37955,6370,44325,371
2022-05-26,Marin,041,260295,37578,37215,3897,41112,293
2022-05-26,Mariposa,043,17540,2549,2526,227,2753,31
2022-05-26,Mendocino,045,87422,13688,13612,3437,17049,124
2022-05-26,Merced,047,269075,63675,63389,9229,72618,824
2022-05-26,Modoc,049,8938,755,751,256,1007,8
2022-05-26,Mono,051,14174,3034,3030,164,3194,6
2022-05-26,Monterey,053,433212,82324,81875,15494,97369,737
2022-05-26,Napa,055,140530,27555,27376,1152,28528,144
2022-05-26,Nevada,057,99092,16683,16568,1310,17878,127
2022-05-26,Orange,059,3164182,571077,568369,45522,613891,7028
2022-05-26,Placer,061,380077,66122,65672,7898,73570,626
2022-05-26,Plumas,063,18699,3118,3096,381,3477,13
2022-05-26,Riverside,065,2383286,608794,606444,29592,636036,6480
2022-05-26,Sacramento,067,1510023,295993,294000,29469,323469,3032
2022-05-26,San Benito,069,59416,13492,13402,565,13967,98
2022-05-26,San Bernardino,071,2135413,580767,578656,25931,604587,7610
2022-05-26,San Diego,073,3302833,790355,786243,56075,842318,5288
2022-05-26,San Francisco,075,870044,144205,142456,9554,152010,879
2022-05-26,San Joaquin,077,732212,172086,171282,11202,182484,2241
2022-05-26,San Luis Obispo,079,281455,55014,54701,4539,59240,481
2022-05-26,San Mateo,081,765935,137404,135746,8495,144241,710
2022-05-26,Santa Barbara,083,443738,90460,89940,5143,95083,693
2022-05-26,Santa Clara,085,1922200,347972,344223,14799,359022,2304
2022-05-26,Santa Cruz,087,273765,52125,51819,2427,54246,263
2022-05-26,Shasta,089,179085,31246,31165,6285,37450,564
2022-05-26,Sierra,091,2930,278,278,54,332,4
2022-05-26,Siskiyou,093,43540,4569,4537,2841,7378,81
2022-05-26,Solano,095,438530,87112,86565,6071,92636,452
2022-05-26,Sonoma,097,501317,91077,90364,3604,93968,490
2022-05-26,Stanislaus,099,539301,120704,120241,18149,138390,1657
2022-05-26,Sutter,101,95872,21023,20976,2240,23216,227
2022-05-26,Tehama,103,63373,12236,12210,2691,14901,204
2022-05-26,Trinity,105,12862,1201,1196,297,1493,20
2022-05-26,Tulare,107,460477,108409,108029,29824,137853,1484
2022-05-26,Tuolumne,109,53932,13211,13141,604,13745,189
2022-05-26,Ventura,111,848112,181001,179953,10403,190356,1503
2022-05-26,Yolo,113,214977,39363,39016,3506,42522,319
2022-05-26,Yuba,115,75493,16394,16314,1350,17664,122
2022-05-25,Alameda,001,1643700,282360,278228,15974,294202,1860
2022-05-25,Alpine,003,1148,126,126,1,127,0
2022-05-25,Amador,005,37829,8789,8654,684,9338,86
2022-05-25,Butte,007,227075,33961,33755,7003,40758,426
2022-05-25,Calaveras,009,45235,7498,7450,398,7848,120
2022-05-25,Colusa,011,21464,3477,3471,1095,4566,21
2022-05-25,Contra Costa,013,1133247,204966,201866,14904,216770,1306
2022-05-25,Del Norte,015,27424,6169,6145,256,6401,50
2022-05-25,El Dorado,017,186661,28048,27715,3374,31089,213
2022-05-25,Fresno,019,978130,236906,235569,24804,260373,2763
2022-05-25,Glenn,021,27897,5052,5030,1639,6669,48
2022-05-25,Humboldt,023,135768,18328,18133,3409,21542,147
2022-05-25,Imperial,025,180216,56466,56203,11148,67351,923
2022-05-25,Inyo,027,18085,4173,4152,575,4727,56
2022-05-25,Kern,029,883053,195280,194251,47889,242140,2336
2022-05-25,Kings,031,150075,52389,52178,3685,55863,447
2022-05-25,Lake,033,64148,11019,10908,933,11841,137
2022-05-25,Lassen,035,31185,9066,9028,911,9939,64
2022-05-25,Los Angeles,037,10098052,2831099,2806770,133947,2940717,31845
2022-05-25,Madera,039,155013,38073,37867,6362,44229,370
2022-05-25,Marin,041,260295,37483,36890,3872,40762,293
2022-05-25,Mariposa,043,17540,2539,2514,226,2740,30
2022-05-25,Mendocino,045,87422,13671,13545,3432,16977,124
2022-05-25,Merced,047,269075,63608,63220,9202,72422,823
2022-05-25,Modoc,049,8938,754,750,255,1005,8
2022-05-25,Mono,051,14174,3034,3024,163,3187,6
2022-05-25,Monterey,053,433212,82257,81592,15469,97061,737
2022-05-25,Napa,055,140530,27510,27240,1145,28385,143
2022-05-25,Nevada,057,99092,16649,16517,1305,17822,127
2022-05-25,Orange,059,3164182,570073,565564,45366,610930,7026
2022-05-25,Placer,061,380077,65975,65309,7889,73198,626
2022-05-25,Plumas,063,18699,3112,3065,380,3445,13
2022-05-25,Riverside,065,2383286,608141,604465,29543,634008,6480
2022-05-25,Sacramento,067,1510023,295348,292211,29356,321567,3028
2022-05-25,San Benito,069,59416,13457,13338,562,13900,98
2022-05-25,San Bernardino,071,2135413,580230,576982,25906,602888,7568
2022-05-25,San Diego,073,3302833,788933,782420,55945,838365,5284
2022-05-25,San Francisco,075,870044,143721,141015,9533,150548,872
2022-05-25,San Joaquin,077,732212,171858,170626,11186,181812,2238
2022-05-25,San Luis Obispo,079,281455,54910,54342,4489,58831,481
2022-05-25,San Mateo,081,765935,136940,134441,8438,142879,710
2022-05-25,Santa Barbara,083,443738,90302,89426,5132,94558,693
2022-05-25,Santa Clara,085,1922200,346930,340868,14688,355556,2304
2022-05-25,Santa Cruz,087,273765,52048,51644,2419,54063,263
2022-05-25,Shasta,089,179085,31221,31072,6278,37350,564
2022-05-25,Sierra,091,2930,278,277,54,331,4
2022-05-25,Siskiyou,093,43540,4560,4516,2840,7356,81
2022-05-25,Solano,095,438530,86941,86024,6053,92077,451
2022-05-25,Sonoma,097,501317,90886,89810,3577,93387,490
2022-05-25,Stanislaus,099,539301,120566,119894,18132,138026,1654
2022-05-25,Sutter,101,95872,20997,20904,2238,23142,226
2022-05-25,Tehama,103,63373,12228,12189,2687,14876,201
2022-05-25,Trinity,105,12862,1201,1194,297,1491,20
2022-05-25,Tulare,107,460477,108331,107790,29782,137572,1482
2022-05-25,Tuolumne,109,53932,13192,13086,602,13688,182
2022-05-25,Ventura,111,848112,180718,179116,10390,189506,1499
2022-05-25,Yolo,113,214977,39294,38782,3501,42283,319
2022-05-25,Yuba,115,75493,16368,16260,1344,17604,122
2022-05-24,Alameda,001,1643700,281487,278228,15919,294147,1860
2022-05-24,Alpine,003,1148,126,126,1,127,0
2022-05-24,Amador,005,37829,8781,8654,684,9338,86
2022-05-24,Butte,007,227075,33918,33755,6983,40738,426
2022-05-24,Calaveras,009,45235,7491,7450,396,7846,120
2022-05-24,Colusa,011,21464,3476,3471,1094,4565,21
2022-05-24,Contra Costa,013,1133247,204333,201866,14820,216686,1306
2022-05-24,Del Norte,015,27424,6165,6145,254,6399,50
2022-05-24,El Dorado,017,186661,27981,27715,3371,31086,213
2022-05-24,Fresno,019,978130,236583,235569,24777,260346,2763
2022-05-24,Glenn,021,27897,5050,5030,1639,6669,48
2022-05-24,Humboldt,023,135768,18295,18133,3391,21524,147
2022-05-24,Imperial,025,180216,56413,56203,11134,67337,923
2022-05-24,Inyo,027,18085,4165,4152,574,4726,56
2022-05-24,Kern,029,883053,195089,194251,47796,242047,2336
2022-05-24,Kings,031,150075,52322,52178,3678,55856,447
2022-05-24,Lake,033,64148,11001,10908,932,11840,137
2022-05-24,Lassen,035,31185,9053,9028,907,9935,64
2022-05-24,Los Angeles,037,10098052,2826012,2806770,133597,2940367,31845
2022-05-24,Madera,039,155013,38023,37867,6352,44219,370
2022-05-24,Marin,041,260295,37377,36890,3817,40707,293
2022-05-24,Mariposa,043,17540,2532,2514,225,2739,30
2022-05-24,Mendocino,045,87422,13647,13545,3425,16970,124
2022-05-24,Merced,047,269075,63547,63220,9175,72395,823
2022-05-24,Modoc,049,8938,753,750,254,1004,8
2022-05-24,Mono,051,14174,3031,3024,163,3187,6
2022-05-24,Monterey,053,433212,82171,81592,15428,97020,737
2022-05-24,Napa,055,140530,27468,27240,1133,28373,143
2022-05-24,Nevada,057,99092,16612,16517,1304,17821,127
2022-05-24,Orange,059,3164182,569037,565564,45192,610756,7026
2022-05-24,Placer,061,380077,65872,65309,7875,73184,626
2022-05-24,Plumas,063,18699,3106,3065,380,3445,13
2022-05-24,Riverside,065,2383286,607471,604465,29493,633958,6480
2022-05-24,Sacramento,067,1510023,294676,292211,29237,321448,3028
2022-05-24,San Benito,069,59416,13422,13338,561,13899,98
2022-05-24,San Bernardino,071,2135413,579621,576982,25874,602856,7568
2022-05-24,San Diego,073,3302833,787330,782420,55772,838192,5284
2022-05-24,San Francisco,075,870044,143180,141015,9515,150530,872
2022-05-24,San Joaquin,077,732212,171604,170626,11153,181779,2238
2022-05-24,San Luis Obispo,079,281455,54792,54342,4432,58774,481
2022-05-24,San Mateo,081,765935,136392,134441,8387,142828,710
2022-05-24,Santa Barbara,083,443738,90141,89426,5111,94537,693
2022-05-24,Santa Clara,085,1922200,345672,340868,14599,355467,2304
2022-05-24,Santa Cruz,087,273765,51974,51644,2410,54054,263
2022-05-24,Shasta,089,179085,31197,31072,6266,37338,564
2022-05-24,Sierra,091,2930,278,277,54,331,4
2022-05-24,Siskiyou,093,43540,4552,4516,2833,7349,81
2022-05-24,Solano,095,438530,86738,86024,6027,92051,451
2022-05-24,Sonoma,097,501317,90679,89810,3546,93356,490
2022-05-24,Stanislaus,099,539301,120434,119894,18099,137993,1654
2022-05-24,Sutter,101,95872,20976,20904,2233,23137,226
2022-05-24,Tehama,103,63373,12222,12189,2686,14875,201
2022-05-24,Trinity,105,12862,1198,1194,297,1491,20
2022-05-24,Tulare,107,460477,108213,107790,29729,137519,1482
2022-05-24,Tuolumne,109,53932,13179,13086,602,13688,182
2022-05-24,Ventura,111,848112,180406,179116,10367,189483,1499
2022-05-24,Yolo,113,214977,39217,38782,3491,42273,319
2022-05-24,Yuba,115,75493,16340,16260,1337,17597,122
2022-05-23,Alameda,001,1643700,280561,278228,15848,294076,1860
2022-05-23,Alpine,003,1148,126,126,1,127,0
2022-05-23,Amador,005,37829,8750,8654,681,9335,86
2022-05-23,Butte,007,227075,33866,33755,6960,40715,426
2022-05-23,Calaveras,009,45235,7485,7450,394,7844,120
2022-05-23,Colusa,011,21464,3475,3471,1090,4561,21
2022-05-23,Contra Costa,013,1133247,203615,201866,14758,216624,1306
2022-05-23,Del Norte,015,27424,6161,6145,248,6393,50
2022-05-23,El Dorado,017,186661,27899,27715,3367,31082,213
2022-05-23,Fresno,019,978130,236250,235569,24719,260288,2763
2022-05-23,Glenn,021,27897,5046,5030,1636,6666,48
2022-05-23,Humboldt,023,135768,18267,18133,3375,21508,147
2022-05-23,Imperial,025,180216,56368,56203,11111,67314,923
2022-05-23,Inyo,027,18085,4162,4152,572,4724,56
2022-05-23,Kern,029,883053,194869,194251,47705,241956,2336
2022-05-23,Kings,031,150075,52276,52178,3672,55850,447
2022-05-23,Lake,033,64148,10982,10908,932,11840,137
2022-05-23,Lassen,035,31185,9045,9028,904,9932,64
2022-05-23,Los Angeles,037,10098052,2820778,2806770,133268,2940038,31845
2022-05-23,Madera,039,155013,37992,37867,6335,44202,370
2022-05-23,Marin,041,260295,37241,36890,3777,40667,293
2022-05-23,Mariposa,043,17540,2529,2514,223,2737,30
2022-05-23,Mendocino,045,87422,13624,13545,3417,16962,124
2022-05-23,Merced,047,269075,63469,63220,9154,72374,823
2022-05-23,Modoc,049,8938,753,750,254,1004,8
2022-05-23,Mono,051,14174,3031,3024,163,3187,6
2022-05-23,Monterey,053,433212,82072,81592,15375,96967,737
2022-05-23,Napa,055,140530,27410,27240,1127,28367,143
2022-05-23,Nevada,057,99092,16576,16517,1304,17821,127
2022-05-23,Orange,059,3164182,568029,565564,45038,610602,7026
2022-05-23,Placer,061,380077,65726,65309,7853,73162,626
2022-05-23,Plumas,063,18699,3103,3065,379,3444,13
2022-05-23,Riverside,065,2383286,606742,604465,29448,633913,6480
2022-05-23,Sacramento,067,1510023,293929,292211,29112,321323,3028
2022-05-23,San Benito,069,59416,13387,13338,559,13897,98
2022-05-23,San Bernardino,071,2135413,578988,576982,25846,602828,7568
2022-05-23,San Diego,073,3302833,785632,782420,55590,838010,5284
2022-05-23,San Francisco,075,870044,142603,141015,9489,150504,872
2022-05-23,San Joaquin,077,732212,171333,170626,11123,181749,2238
2022-05-23,San Luis Obispo,079,281455,54646,54342,4388,58730,481
2022-05-23,San Mateo,081,765935,135823,134441,8356,142797,710
2022-05-23,Santa Barbara,083,443738,89897,89426,5089,94515,693
2022-05-23,Santa Clara,085,1922200,344307,340868,14525,355393,2304
2022-05-23,Santa Cruz,087,273765,51876,51644,2404,54048,263
2022-05-23,Shasta,089,179085,31176,31072,6261,37333,564
2022-05-23,Sierra,091,2930,278,277,54,331,4
2022-05-23,Siskiyou,093,43540,4539,4516,2830,7346,81
2022-05-23,Solano,095,438530,86504,86024,6009,92033,451
2022-05-23,Sonoma,097,501317,90449,89810,3512,93322,490
2022-05-23,Stanislaus,099,539301,120290,119894,18062,137956,1654
2022-05-23,Sutter,101,95872,20938,20904,2229,23133,226
2022-05-23,Tehama,103,63373,12212,12189,2683,14872,201
2022-05-23,Trinity,105,12862,1197,1194,297,1491,20
2022-05-23,Tulare,107,460477,108087,107790,29659,137449,1482
2022-05-23,Tuolumne,109,53932,13154,13086,600,13686,182
2022-05-23,Ventura,111,848112,180066,179116,10347,189463,1499
2022-05-23,Yolo,113,214977,39116,38782,3473,42255,319
2022-05-23,Yuba,115,75493,16312,16260,1332,17592,122
2022-05-22,Alameda,001,1643700,279479,274996,15741,290737,1858
2022-05-22,Alpine,003,1148,126,126,1,127,0
2022-05-22,Amador,005,37829,8731,8628,679,9307,86
2022-05-22,Butte,007,227075,33811,33606,6937,40543,426
2022-05-22,Calaveras,009,45235,7475,7424,389,7813,120
2022-05-22,Colusa,011,21464,3472,3468,1087,4555,21
2022-05-22,Contra Costa,013,1133247,202878,199703,14654,214357,1305
2022-05-22,Del Norte,015,27424,6146,6045,237,6282,50
2022-05-22,El Dorado,017,186661,27824,27517,3362,30879,213
2022-05-22,Fresno,019,978130,235906,234657,24674,259331,2760
2022-05-22,Glenn,021,27897,5035,5020,1636,6656,48
2022-05-22,Humboldt,023,135768,18214,17984,3350,21334,146
2022-05-22,Imperial,025,180216,56296,56014,11096,67110,923
2022-05-22,Inyo,027,18085,4155,4135,570,4705,56
2022-05-22,Kern,029,883053,194627,193705,47610,241315,2334
2022-05-22,Kings,031,150075,52212,52038,3669,55707,447
2022-05-22,Lake,033,64148,10953,10867,931,11798,137
2022-05-22,Lassen,035,31185,9029,9011,901,9912,64
2022-05-22,Los Angeles,037,10098052,2815122,2791671,132843,2924514,31815
2022-05-22,Madera,039,155013,37944,37744,6303,44047,370
2022-05-22,Marin,041,260295,37095,36394,3731,40125,293
2022-05-22,Mariposa,043,17540,2525,2490,221,2711,30
2022-05-22,Mendocino,045,87422,13598,13461,3392,16853,124
2022-05-22,Merced,047,269075,63389,62969,9123,72092,823
2022-05-22,Modoc,049,8938,752,750,254,1004,8
2022-05-22,Mono,051,14174,3029,3012,163,3175,6
2022-05-22,Monterey,053,433212,81922,81224,15285,96509,735
2022-05-22,Napa,055,140530,27344,27034,1119,28153,143
2022-05-22,Nevada,057,99092,16544,16410,1299,17709,127
2022-05-22,Orange,059,3164182,566938,562531,44835,607366,7025
2022-05-22,Placer,061,380077,65566,64802,7824,72626,626
2022-05-22,Plumas,063,18699,3096,3052,377,3429,13
2022-05-22,Riverside,065,2383286,605906,601808,29382,631190,6476
2022-05-22,Sacramento,067,1510023,293134,289972,28944,318916,3027
2022-05-22,San Benito,069,59416,13354,13234,553,13787,98
2022-05-22,San Bernardino,071,2135413,578273,575194,25808,601002,7523
2022-05-22,San Diego,073,3302833,784047,777404,55412,832816,5282
2022-05-22,San Francisco,075,870044,141920,138922,9468,148390,871
2022-05-22,San Joaquin,077,732212,171029,169745,11087,180832,2237
2022-05-22,San Luis Obispo,079,281455,54492,54012,4332,58344,481
2022-05-22,San Mateo,081,765935,135254,132636,8310,140946,711
2022-05-22,Santa Barbara,083,443738,89668,88783,5059,93842,692
2022-05-22,Santa Clara,085,1922200,342872,336488,14446,350934,2301
2022-05-22,Santa Cruz,087,273765,51786,51333,2397,53730,263
2022-05-22,Shasta,089,179085,31125,30966,6247,37213,564
2022-05-22,Sierra,091,2930,278,276,54,330,4
2022-05-22,Siskiyou,093,43540,4530,4501,2830,7331,81
2022-05-22,Solano,095,438530,86240,85038,5984,91022,451
2022-05-22,Sonoma,097,501317,90164,88889,3459,92348,489
2022-05-22,Stanislaus,099,539301,120112,119396,18037,137433,1653
2022-05-22,Sutter,101,95872,20908,20809,2218,23027,226
2022-05-22,Tehama,103,63373,12205,12162,2678,14840,201
2022-05-22,Trinity,105,12862,1197,1191,297,1488,20
2022-05-22,Tulare,107,460477,107979,107485,29578,137063,1477
2022-05-22,Tuolumne,109,53932,13134,12977,600,13577,182
2022-05-22,Ventura,111,848112,179708,178024,10319,188343,1499
2022-05-22,Yolo,113,214977,39019,38377,3451,41828,319
2022-05-22,Yuba,115,75493,16285,16180,1323,17503,122
2022-05-21,Alameda,001,1643700,279032,274996,15720,290716,1858
2022-05-21,Alpine,003,1148,126,126,1,127,0
2022-05-21,Amador,005,37829,8721,8628,677,9305,86
2022-05-21,Butte,007,227075,33792,33606,6927,40533,426
2022-05-21,Calaveras,009,45235,7470,7424,389,7813,120
2022-05-21,Colusa,011,21464,3472,3468,1087,4555,21
2022-05-21,Contra Costa,013,1133247,202556,199703,14638,214341,1305
2022-05-21,Del Norte,015,27424,6141,6045,235,6280,50
2022-05-21,El Dorado,017,186661,27788,27517,3360,30877,213
2022-05-21,Fresno,019,978130,235776,234657,24662,259319,2760
2022-05-21,Glenn,021,27897,5032,5020,1635,6655,48
2022-05-21,Humboldt,023,135768,18188,17984,3348,21332,146
2022-05-21,Imperial,025,180216,56261,56014,11093,67107,923
2022-05-21,Inyo,027,18085,4153,4135,568,4703,56
2022-05-21,Kern,029,883053,194535,193705,47544,241249,2334
2022-05-21,Kings,031,150075,52189,52038,3668,55706,447
2022-05-21,Lake,033,64148,10945,10867,931,11798,137
2022-05-21,Lassen,035,31185,9026,9011,901,9912,64
2022-05-21,Los Angeles,037,10098052,2812962,2791671,132627,2924298,31815
2022-05-21,Madera,039,155013,37926,37744,6299,44043,370
2022-05-21,Marin,041,260295,36999,36394,3688,40082,293
2022-05-21,Mariposa,043,17540,2524,2490,221,2711,30
2022-05-21,Mendocino,045,87422,13585,13461,3388,16849,124
2022-05-21,Merced,047,269075,63354,62969,9117,72086,823
2022-05-21,Modoc,049,8938,751,750,254,1004,8
2022-05-21,Mono,051,14174,3028,3012,163,3175,6
2022-05-21,Monterey,053,433212,81857,81224,15241,96465,735
2022-05-21,Napa,055,140530,27311,27034,1117,28151,143
2022-05-21,Nevada,057,99092,16539,16410,1299,17709,127
2022-05-21,Orange,059,3164182,566434,562531,44732,607263,7025
2022-05-21,Placer,061,380077,65469,64802,7811,72613,626
2022-05-21,Plumas,063,18699,3089,3052,377,3429,13
2022-05-21,Riverside,065,2383286,605448,601808,29355,631163,6476
2022-05-21,Sacramento,067,1510023,292805,289972,28917,318889,3027
2022-05-21,San Benito,069,59416,13342,13234,552,13786,98
2022-05-21,San Bernardino,071,2135413,577944,575194,25784,600978,7523
2022-05-21,San Diego,073,3302833,783381,777404,55361,832765,5282
2022-05-21,San Francisco,075,870044,141618,138922,9456,148378,871
2022-05-21,San Joaquin,077,732212,170914,169745,11071,180816,2237
2022-05-21,San Luis Obispo,079,281455,54412,54012,4322,58334,481
2022-05-21,San Mateo,081,765935,134966,132636,8292,140928,711
2022-05-21,Santa Barbara,083,443738,89576,88783,5057,93840,692
2022-05-21,Santa Clara,085,1922200,342028,336488,14406,350894,2301
2022-05-21,Santa Cruz,087,273765,51743,51333,2393,53726,263
2022-05-21,Shasta,089,179085,31113,30966,6245,37211,564
2022-05-21,Sierra,091,2930,277,276,54,330,4
2022-05-21,Siskiyou,093,43540,4526,4501,2828,7329,81
2022-05-21,Solano,095,438530,86156,85038,5981,91019,451
2022-05-21,Sonoma,097,501317,90041,88889,3454,92343,489
2022-05-21,Stanislaus,099,539301,120034,119396,18016,137412,1653
2022-05-21,Sutter,101,95872,20898,20809,2213,23022,226
2022-05-21,Tehama,103,63373,12203,12162,2677,14839,201
2022-05-21,Trinity,105,12862,1197,1191,297,1488,20
2022-05-21,Tulare,107,460477,107914,107485,29541,137026,1477
2022-05-21,Tuolumne,109,53932,13128,12977,600,13577,182
2022-05-21,Ventura,111,848112,179546,178024,10302,188326,1499
2022-05-21,Yolo,113,214977,38962,38377,3444,41821,319
2022-05-21,Yuba,115,75493,16272,16180,1321,17501,122
2022-05-20,Alameda,001,1643700,278496,274996,15700,290696,1858
2022-05-20,Alpine,003,1148,126,126,1,127,0
2022-05-20,Amador,005,37829,8715,8628,677,9305,86
2022-05-20,Butte,007,227075,33778,33606,6918,40524,426
2022-05-20,Calaveras,009,45235,7462,7424,389,7813,120
2022-05-20,Colusa,011,21464,3472,3468,1087,4555,21
2022-05-20,Contra Costa,013,1133247,202220,199703,14628,214331,1305
2022-05-20,Del Norte,015,27424,6137,6045,234,6279,50
2022-05-20,El Dorado,017,186661,27758,27517,3357,30874,213
2022-05-20,Fresno,019,978130,235625,234657,24647,259304,2760
2022-05-20,Glenn,021,27897,5029,5020,1635,6655,48
2022-05-20,Humboldt,023,135768,18166,17984,3346,21330,146
2022-05-20,Imperial,025,180216,56234,56014,11090,67104,923
2022-05-20,Inyo,027,18085,4150,4135,564,4699,56
2022-05-20,Kern,029,883053,194437,193705,47493,241198,2334
2022-05-20,Kings,031,150075,52174,52038,3667,55705,447
2022-05-20,Lake,033,64148,10930,10867,931,11798,137
2022-05-20,Lassen,035,31185,9024,9011,901,9912,64
2022-05-20,Los Angeles,037,10098052,2810706,2791671,132424,2924095,31815
2022-05-20,Madera,039,155013,37906,37744,6297,44041,370
2022-05-20,Marin,041,260295,36925,36394,3649,40043,293
2022-05-20,Mariposa,043,17540,2519,2490,221,2711,30
2022-05-20,Mendocino,045,87422,13571,13461,3387,16848,124
2022-05-20,Merced,047,269075,63321,62969,9115,72084,823
2022-05-20,Modoc,049,8938,751,750,254,1004,8
2022-05-20,Mono,051,14174,3024,3012,163,3175,6
2022-05-20,Monterey,053,433212,81799,81224,15209,96433,735
2022-05-20,Napa,055,140530,27281,27034,1114,28148,143
2022-05-20,Nevada,057,99092,16531,16410,1297,17707,127
2022-05-20,Orange,059,3164182,565866,562531,44630,607161,7025
2022-05-20,Placer,061,380077,65397,64802,7803,72605,626
2022-05-20,Plumas,063,18699,3087,3052,377,3429,13
2022-05-20,Riverside,065,2383286,605008,601808,29328,631136,6476
2022-05-20,Sacramento,067,1510023,292432,289972,28897,318869,3027
2022-05-20,San Benito,069,59416,13326,13234,552,13786,98
2022-05-20,San Bernardino,071,2135413,577633,575194,25767,600961,7523
2022-05-20,San Diego,073,3302833,782596,777404,55301,832705,5282
2022-05-20,San Francisco,075,870044,141286,138922,9426,148348,871
2022-05-20,San Joaquin,077,732212,170798,169745,11064,180809,2237
2022-05-20,San Luis Obispo,079,281455,54376,54012,4320,58332,481
2022-05-20,San Mateo,081,765935,134657,132636,8270,140906,711
2022-05-20,Santa Barbara,083,443738,89493,88783,5052,93835,692
2022-05-20,Santa Clara,085,1922200,341246,336488,14355,350843,2301
2022-05-20,Santa Cruz,087,273765,51699,51333,2379,53712,263
2022-05-20,Shasta,089,179085,31102,30966,6241,37207,564
2022-05-20,Sierra,091,2930,277,276,54,330,4
2022-05-20,Siskiyou,093,43540,4523,4501,2826,7327,81
2022-05-20,Solano,095,438530,86029,85038,5973,91011,451
2022-05-20,Sonoma,097,501317,89916,88889,3441,92330,489
2022-05-20,Stanislaus,099,539301,119955,119396,18007,137403,1653
2022-05-20,Sutter,101,95872,20887,20809,2213,23022,226
2022-05-20,Tehama,103,63373,12199,12162,2676,14838,201
2022-05-20,Trinity,105,12862,1197,1191,297,1488,20
2022-05-20,Tulare,107,460477,107855,107485,29501,136986,1477
2022-05-20,Tuolumne,109,53932,13109,12977,599,13576,182
2022-05-20,Ventura,111,848112,179355,178024,10291,188315,1499
2022-05-20,Yolo,113,214977,38903,38377,3438,41815,319
2022-05-20,Yuba,115,75493,16256,16180,1318,17498,122
2022-05-19,Alameda,001,1643700,277658,274996,15639,290635,1858
2022-05-19,Alpine,003,1148,126,126,1,127,0
2022-05-19,Amador,005,37829,8707,8628,677,9305,86
2022-05-19,Butte,007,227075,33748,33606,6910,40516,426
2022-05-19,Calaveras,009,45235,7456,7424,386,7810,120
2022-05-19,Colusa,011,21464,3471,3468,1086,4554,21
2022-05-19,Contra Costa,013,1133247,201696,199703,14564,214267,1305
2022-05-19,Del Norte,015,27424,6132,6045,227,6272,50
2022-05-19,El Dorado,017,186661,27707,27517,3354,30871,213
2022-05-19,Fresno,019,978130,235406,234657,24608,259265,2760
2022-05-19,Glenn,021,27897,5028,5020,1635,6655,48
2022-05-19,Humboldt,023,135768,18132,17984,3335,21319,146
2022-05-19,Imperial,025,180216,56191,56014,11088,67102,923
2022-05-19,Inyo,027,18085,4146,4135,563,4698,56
2022-05-19,Kern,029,883053,194300,193705,47411,241116,2334
2022-05-19,Kings,031,150075,52148,52038,3665,55703,447
2022-05-19,Lake,033,64148,10923,10867,930,11797,137
2022-05-19,Lassen,035,31185,9020,9011,899,9910,64
2022-05-19,Los Angeles,037,10098052,2806831,2791671,132100,2923771,31815
2022-05-19,Madera,039,155013,37869,37744,6287,44031,370
2022-05-19,Marin,041,260295,36828,36394,3613,40007,293
2022-05-19,Mariposa,043,17540,2510,2490,221,2711,30
2022-05-19,Mendocino,045,87422,13549,13461,3379,16840,124
2022-05-19,Merced,047,269075,63258,62969,9101,72070,823
2022-05-19,Modoc,049,8938,751,750,254,1004,8
2022-05-19,Mono,051,14174,3023,3012,159,3171,6
2022-05-19,Monterey,053,433212,81715,81224,15149,96373,735
2022-05-19,Napa,055,140530,27225,27034,1111,28145,143
2022-05-19,Nevada,057,99092,16494,16410,1292,17702,127
2022-05-19,Orange,059,3164182,565028,562531,44495,607026,7025
2022-05-19,Placer,061,380077,65279,64802,7790,72592,626
2022-05-19,Plumas,063,18699,3081,3052,376,3428,13
2022-05-19,Riverside,065,2383286,604365,601808,29286,631094,6476
2022-05-19,Sacramento,067,1510023,291868,289972,28805,318777,3027
2022-05-19,San Benito,069,59416,13299,13234,551,13785,98
2022-05-19,San Bernardino,071,2135413,577129,575194,25747,600941,7523
2022-05-19,San Diego,073,3302833,781383,777404,55175,832579,5282
2022-05-19,San Francisco,075,870044,140814,138922,9384,148306,871
2022-05-19,San Joaquin,077,732212,170563,169745,11046,180791,2237
2022-05-19,San Luis Obispo,079,281455,54272,54012,4293,58305,481
2022-05-19,San Mateo,081,765935,134195,132636,8215,140851,711
2022-05-19,Santa Barbara,083,443738,89339,88783,5034,93817,692
2022-05-19,Santa Clara,085,1922200,340150,336488,14256,350744,2301
2022-05-19,Santa Cruz,087,273765,51623,51333,2368,53701,263
2022-05-19,Shasta,089,179085,31073,30966,6233,37199,564
2022-05-19,Sierra,091,2930,277,276,54,330,4
2022-05-19,Siskiyou,093,43540,4520,4501,2824,7325,81
2022-05-19,Solano,095,438530,85878,85038,5952,90990,451
2022-05-19,Sonoma,097,501317,89711,88889,3407,92296,489
2022-05-19,Stanislaus,099,539301,119824,119396,17986,137382,1653
2022-05-19,Sutter,101,95872,20852,20809,2209,23018,226
2022-05-19,Tehama,103,63373,12188,12162,2674,14836,201
2022-05-19,Trinity,105,12862,1196,1191,297,1488,20
2022-05-19,Tulare,107,460477,107767,107485,29452,136937,1477
2022-05-19,Tuolumne,109,53932,13085,12977,598,13575,182
2022-05-19,Ventura,111,848112,179083,178024,10276,188300,1499
2022-05-19,Yolo,113,214977,38821,38377,3431,41808,319
2022-05-19,Yuba,115,75493,16236,16180,1307,17487,122
2022-05-18,Alameda,001,1643700,276813,272530,15575,288105,1859
2022-05-18,Alpine,003,1148,126,126,1,127,0
2022-05-18,Amador,005,37829,8691,8592,677,9269,86
2022-05-18,Butte,007,227075,33708,33486,6896,40382,426
2022-05-18,Calaveras,009,45235,7448,7400,386,7786,120
2022-05-18,Colusa,011,21464,3471,3467,1085,4552,21
2022-05-18,Contra Costa,013,1133247,201146,198207,14501,212708,1303
2022-05-18,Del Norte,015,27424,6125,6001,223,6224,50
2022-05-18,El Dorado,017,186661,27657,27388,3351,30739,212
2022-05-18,Fresno,019,978130,235151,234055,24572,258627,2759
2022-05-18,Glenn,021,27897,5027,5012,1635,6647,48
2022-05-18,Humboldt,023,135768,18107,17868,3322,21190,146
2022-05-18,Imperial,025,180216,56129,55915,11082,66997,918
2022-05-18,Inyo,027,18085,4142,4120,557,4677,56
2022-05-18,Kern,029,883053,194176,193338,47350,240688,2327
2022-05-18,Kings,031,150075,52119,51903,3661,55564,447
2022-05-18,Lake,033,64148,10914,10831,929,11760,137
2022-05-18,Lassen,035,31185,9014,8994,899,9893,65
2022-05-18,Los Angeles,037,10098052,2802592,2780354,131839,2912193,31789
2022-05-18,Madera,039,155013,37834,37644,6280,43924,365
2022-05-18,Marin,041,260295,36742,36024,3569,39593,293
2022-05-18,Mariposa,043,17540,2503,2481,221,2702,30
2022-05-18,Mendocino,045,87422,13528,13403,3363,16766,124
2022-05-18,Merced,047,269075,63196,62802,9071,71873,818
2022-05-18,Modoc,049,8938,751,748,254,1002,8
2022-05-18,Mono,051,14174,3022,3010,157,3167,6
2022-05-18,Monterey,053,433212,81605,80955,15097,96052,735
2022-05-18,Napa,055,140530,27185,26912,1105,28017,143
2022-05-18,Nevada,057,99092,16476,16361,1289,17650,127
2022-05-18,Orange,059,3164182,564264,560094,44380,604474,7021
2022-05-18,Placer,061,380077,65141,64432,7780,72212,626
2022-05-18,Plumas,063,18699,3073,3022,374,3396,13
2022-05-18,Riverside,065,2383286,603727,599947,29234,629181,6471
2022-05-18,Sacramento,067,1510023,291347,288335,28711,317046,3022
2022-05-18,San Benito,069,59416,13276,13186,549,13735,98
2022-05-18,San Bernardino,071,2135413,576670,573790,25722,599512,7455
2022-05-18,San Diego,073,3302833,779948,773934,55047,828981,5277
2022-05-18,San Francisco,075,870044,140289,137341,9362,146703,869
2022-05-18,San Joaquin,077,732212,170336,169045,10959,180004,2236
2022-05-18,San Luis Obispo,079,281455,54175,53756,4261,58017,478
2022-05-18,San Mateo,081,765935,133774,131330,8148,139478,709
2022-05-18,Santa Barbara,083,443738,89177,88317,5016,93333,693
2022-05-18,Santa Clara,085,1922200,339009,333230,14159,347389,2300
2022-05-18,Santa Cruz,087,273765,51531,51020,2356,53376,263
2022-05-18,Shasta,089,179085,31050,30899,6228,37127,558
2022-05-18,Sierra,091,2930,277,275,54,329,4
2022-05-18,Siskiyou,093,43540,4515,4495,2822,7317,81
2022-05-18,Solano,095,438530,85626,84476,5936,90412,451
2022-05-18,Sonoma,097,501317,89516,88195,3373,91568,489
2022-05-18,Stanislaus,099,539301,119714,119025,17958,136983,1645
2022-05-18,Sutter,101,95872,20830,20763,2203,22966,226
2022-05-18,Tehama,103,63373,12182,12133,2671,14804,201
2022-05-18,Trinity,105,12862,1196,1189,297,1486,20
2022-05-18,Tulare,107,460477,107697,107292,29395,136687,1477
2022-05-18,Tuolumne,109,53932,13066,12917,596,13513,182
2022-05-18,Ventura,111,848112,178820,177233,10244,187477,1497
2022-05-18,Yolo,113,214977,38735,38139,3423,41562,316
2022-05-18,Yuba,115,75493,16212,16109,1301,17410,122
2022-05-17,Alameda,001,1643700,276004,272530,15516,288046,1859
2022-05-17,Alpine,003,1148,126,126,1,127,0
2022-05-17,Amador,005,37829,8683,8592,676,9268,86
2022-05-17,Butte,007,227075,33657,33486,6883,40369,426
2022-05-17,Calaveras,009,45235,7440,7400,386,7786,120
2022-05-17,Colusa,011,21464,3470,3467,1084,4551,21
2022-05-17,Contra Costa,013,1133247,200520,198207,14431,212638,1303
2022-05-17,Del Norte,015,27424,6112,6001,222,6223,50
2022-05-17,El Dorado,017,186661,27602,27388,3349,30737,212
2022-05-17,Fresno,019,978130,234899,234055,24546,258601,2759
2022-05-17,Glenn,021,27897,5024,5012,1634,6646,48
2022-05-17,Humboldt,023,135768,18066,17868,3307,21175,146
2022-05-17,Imperial,025,180216,56086,55915,11070,66985,918
2022-05-17,Inyo,027,18085,4140,4120,548,4668,56
2022-05-17,Kern,029,883053,194022,193338,47291,240629,2327
2022-05-17,Kings,031,150075,52076,51903,3657,55560,447
2022-05-17,Lake,033,64148,10900,10831,927,11758,137
2022-05-17,Lassen,035,31185,9009,8994,898,9892,65
2022-05-17,Los Angeles,037,10098052,2798108,2780354,131556,2911910,31789
2022-05-17,Madera,039,155013,37807,37644,6265,43909,365
2022-05-17,Marin,041,260295,36608,36024,3504,39528,293
2022-05-17,Mariposa,043,17540,2499,2481,220,2701,30
2022-05-17,Mendocino,045,87422,13503,13403,3353,16756,124
2022-05-17,Merced,047,269075,63133,62802,9052,71854,818
2022-05-17,Modoc,049,8938,751,748,254,1002,8
2022-05-17,Mono,051,14174,3016,3010,154,3164,6
2022-05-17,Monterey,053,433212,81492,80955,15034,95989,735
2022-05-17,Napa,055,140530,27138,26912,1097,28009,143
2022-05-17,Nevada,057,99092,16451,16361,1284,17645,127
2022-05-17,Orange,059,3164182,563362,560094,44236,604330,7021
2022-05-17,Placer,061,380077,64984,64432,7754,72186,626
2022-05-17,Plumas,063,18699,3067,3022,373,3395,13
2022-05-17,Riverside,065,2383286,603050,599947,29188,629135,6471
2022-05-17,Sacramento,067,1510023,290724,288335,28594,316929,3022
2022-05-17,San Benito,069,59416,13239,13186,549,13735,98
2022-05-17,San Bernardino,071,2135413,576191,573790,25709,599499,7455
2022-05-17,San Diego,073,3302833,778445,773934,54905,828839,5277
2022-05-17,San Francisco,075,870044,139709,137341,9332,146673,869
2022-05-17,San Joaquin,077,732212,170096,169045,10925,179970,2236
2022-05-17,San Luis Obispo,079,281455,54082,53756,4215,57971,478
2022-05-17,San Mateo,081,765935,133276,131330,8108,139438,709
2022-05-17,Santa Barbara,083,443738,88980,88317,5002,93319,693
2022-05-17,Santa Clara,085,1922200,337833,333230,14078,347308,2300
2022-05-17,Santa Cruz,087,273765,51455,51020,2348,53368,263
2022-05-17,Shasta,089,179085,31013,30899,6223,37122,558
2022-05-17,Sierra,091,2930,277,275,54,329,4
2022-05-17,Siskiyou,093,43540,4513,4495,2820,7315,81
2022-05-17,Solano,095,438530,85352,84476,5909,90385,451
2022-05-17,Sonoma,097,501317,89273,88195,3328,91523,489
2022-05-17,Stanislaus,099,539301,119572,119025,17933,136958,1645
2022-05-17,Sutter,101,95872,20810,20763,2200,22963,226
2022-05-17,Tehama,103,63373,12168,12133,2668,14801,201
2022-05-17,Trinity,105,12862,1195,1189,297,1486,20
2022-05-17,Tulare,107,460477,107604,107292,29349,136641,1477
2022-05-17,Tuolumne,109,53932,13050,12917,596,13513,182
2022-05-17,Ventura,111,848112,178498,177233,10191,187424,1497
2022-05-17,Yolo,113,214977,38638,38139,3417,41556,316
2022-05-17,Yuba,115,75493,16188,16109,1299,17408,122
2022-05-16,Alameda,001,1643700,275006,272530,15445,287975,1859
2022-05-16,Alpine,003,1148,126,126,1,127,0
2022-05-16,Amador,005,37829,8673,8592,675,9267,86
2022-05-16,Butte,007,227075,33603,33486,6872,40358,426
2022-05-16,Calaveras,009,45235,7433,7400,384,7784,120
2022-05-16,Colusa,011,21464,3469,3467,1084,4551,21
2022-05-16,Contra Costa,013,1133247,199890,198207,14372,212579,1303
2022-05-16,Del Norte,015,27424,6099,6001,219,6220,50
2022-05-16,El Dorado,017,186661,27548,27388,3345,30733,212
2022-05-16,Fresno,019,978130,234642,234055,24518,258573,2759
2022-05-16,Glenn,021,27897,5020,5012,1631,6643,48
2022-05-16,Humboldt,023,135768,18022,17868,3297,21165,146
2022-05-16,Imperial,025,180216,56022,55915,11057,66972,918
2022-05-16,Inyo,027,18085,4136,4120,545,4665,56
2022-05-16,Kern,029,883053,193871,193338,47221,240559,2327
2022-05-16,Kings,031,150075,52026,51903,3656,55559,447
2022-05-16,Lake,033,64148,10894,10831,926,11757,137
2022-05-16,Lassen,035,31185,9004,8994,895,9889,65
2022-05-16,Los Angeles,037,10098052,2793754,2780354,131286,2911640,31789
2022-05-16,Madera,039,155013,37774,37644,6254,43898,365
2022-05-16,Marin,041,260295,36444,36024,3454,39478,293
2022-05-16,Mariposa,043,17540,2498,2481,219,2700,30
2022-05-16,Mendocino,045,87422,13477,13403,3341,16744,124
2022-05-16,Merced,047,269075,63061,62802,9021,71823,818
2022-05-16,Modoc,049,8938,751,748,254,1002,8
2022-05-16,Mono,051,14174,3014,3010,152,3162,6
2022-05-16,Monterey,053,433212,81383,80955,14956,95911,735
2022-05-16,Napa,055,140530,27088,26912,1094,28006,143
2022-05-16,Nevada,057,99092,16432,16361,1278,17639,127
2022-05-16,Orange,059,3164182,562502,560094,44104,604198,7021
2022-05-16,Placer,061,380077,64874,64432,7731,72163,626
2022-05-16,Plumas,063,18699,3057,3022,373,3395,13
2022-05-16,Riverside,065,2383286,602336,599947,29136,629083,6471
2022-05-16,Sacramento,067,1510023,290062,288335,28496,316831,3022
2022-05-16,San Benito,069,59416,13221,13186,544,13730,98
2022-05-16,San Bernardino,071,2135413,575727,573790,25681,599471,7455
2022-05-16,San Diego,073,3302833,776914,773934,54753,828687,5277
2022-05-16,San Francisco,075,870044,139000,137341,9299,146640,869
2022-05-16,San Joaquin,077,732212,169821,169045,10720,179765,2236
2022-05-16,San Luis Obispo,079,281455,53979,53756,4186,57942,478
2022-05-16,San Mateo,081,765935,132730,131330,8061,139391,709
2022-05-16,Santa Barbara,083,443738,88838,88317,4994,93311,693
2022-05-16,Santa Clara,085,1922200,336502,333230,13999,347229,2300
2022-05-16,Santa Cruz,087,273765,51379,51020,2335,53355,263
2022-05-16,Shasta,089,179085,30980,30899,6214,37113,558
2022-05-16,Sierra,091,2930,277,275,53,328,4
2022-05-16,Siskiyou,093,43540,4510,4495,2812,7307,81
2022-05-16,Solano,095,438530,85108,84476,5885,90361,451
2022-05-16,Sonoma,097,501317,88973,88195,3296,91491,489
2022-05-16,Stanislaus,099,539301,119425,119025,17898,136923,1645
2022-05-16,Sutter,101,95872,20796,20763,2195,22958,226
2022-05-16,Tehama,103,63373,12161,12133,2665,14798,201
2022-05-16,Trinity,105,12862,1194,1189,297,1486,20
2022-05-16,Tulare,107,460477,107527,107292,29292,136584,1477
2022-05-16,Tuolumne,109,53932,13017,12917,594,13511,182
2022-05-16,Ventura,111,848112,178168,177233,10141,187374,1497
2022-05-16,Yolo,113,214977,38535,38139,3408,41547,316
2022-05-16,Yuba,115,75493,16161,16109,1296,17405,122
2022-05-15,Alameda,001,1643700,273952,268944,15381,284325,1857
2022-05-15,Alpine,003,1148,126,125,1,126,0
2022-05-15,Amador,005,37829,8658,8574,674,9248,86
2022-05-15,Butte,007,227075,33548,33377,6851,40228,424
2022-05-15,Calaveras,009,45235,7414,7378,382,7760,120
2022-05-15,Colusa,011,21464,3466,3463,1082,4545,21
2022-05-15,Contra Costa,013,1133247,199144,195925,14298,210223,1301
2022-05-15,Del Norte,015,27424,6027,5919,217,6136,50
2022-05-15,El Dorado,017,186661,27488,27216,3334,30550,212
2022-05-15,Fresno,019,978130,234371,233305,24486,257791,2757
2022-05-15,Glenn,021,27897,5016,5004,1630,6634,48
2022-05-15,Humboldt,023,135768,17972,17633,3261,20894,146
2022-05-15,Imperial,025,180216,55985,55756,11034,66790,917
2022-05-15,Inyo,027,18085,4132,4114,540,4654,56
2022-05-15,Kern,029,883053,193695,192939,47140,240079,2314
2022-05-15,Kings,031,150075,51966,51779,3651,55430,447
2022-05-15,Lake,033,64148,10875,10790,923,11713,137
2022-05-15,Lassen,035,31185,8996,8987,894,9881,65
2022-05-15,Los Angeles,037,10098052,2789213,2768726,130915,2899641,31768
2022-05-15,Madera,039,155013,37733,37520,6239,43759,365
2022-05-15,Marin,041,260295,36273,35486,3415,38901,293
2022-05-15,Mariposa,043,17540,2493,2463,218,2681,30
2022-05-15,Mendocino,045,87422,13458,13349,3314,16663,124
2022-05-15,Merced,047,269075,62972,62627,8975,71602,818
2022-05-15,Modoc,049,8938,750,747,254,1001,8
2022-05-15,Mono,051,14174,3012,3002,151,3153,6
2022-05-15,Monterey,053,433212,81271,80620,14876,95496,735
2022-05-15,Napa,055,140530,27036,26698,1090,27788,143
2022-05-15,Nevada,057,99092,16402,16240,1276,17516,127
2022-05-15,Orange,059,3164182,561559,557134,43961,601095,7017
2022-05-15,Placer,061,380077,64691,63963,7706,71669,626
2022-05-15,Plumas,063,18699,3050,3006,373,3379,13
2022-05-15,Riverside,065,2383286,601616,597914,29066,626980,6471
2022-05-15,Sacramento,067,1510023,289340,286403,28355,314758,3022
2022-05-15,San Benito,069,59416,13196,13106,542,13648,98
2022-05-15,San Bernardino,071,2135413,575171,572057,25652,597709,7423
2022-05-15,San Diego,073,3302833,775422,770323,54585,824908,5271
2022-05-15,San Francisco,075,870044,138290,134916,9263,144179,866
2022-05-15,San Joaquin,077,732212,169580,168174,10643,178817,2236
2022-05-15,San Luis Obispo,079,281455,53852,53502,4143,57645,478
2022-05-15,San Mateo,081,765935,132193,129480,7994,137474,709
2022-05-15,Santa Barbara,083,443738,88608,87773,4964,92737,693
2022-05-15,Santa Clara,085,1922200,335081,328609,13917,342526,2297
2022-05-15,Santa Cruz,087,273765,51275,50268,2321,52589,263
2022-05-15,Shasta,089,179085,30939,30799,6208,37007,557
2022-05-15,Sierra,091,2930,277,275,53,328,4
2022-05-15,Siskiyou,093,43540,4508,4482,2809,7291,81
2022-05-15,Solano,095,438530,84810,83669,5855,89524,451
2022-05-15,Sonoma,097,501317,88644,87070,3270,90340,488
2022-05-15,Stanislaus,099,539301,119256,118586,17866,136452,1645
2022-05-15,Sutter,101,95872,20770,20690,2189,22879,226
2022-05-15,Tehama,103,63373,12142,12115,2659,14774,201
2022-05-15,Trinity,105,12862,1193,1188,297,1485,20
2022-05-15,Tulare,107,460477,107424,107077,29235,136312,1469
2022-05-15,Tuolumne,109,53932,12965,12851,593,13444,182
2022-05-15,Ventura,111,848112,177820,176317,10096,186413,1497
2022-05-15,Yolo,113,214977,38449,37737,3394,41131,316
2022-05-15,Yuba,115,75493,16127,16028,1286,17314,122
2022-05-14,Alameda,001,1643700,273544,268944,15363,284307,1857
2022-05-14,Alpine,003,1148,125,125,1,126,0
2022-05-14,Amador,005,37829,8652,8574,674,9248,86
2022-05-14,Butte,007,227075,33530,33377,6845,40222,424
2022-05-14,Calaveras,009,45235,7412,7378,382,7760,120
2022-05-14,Colusa,011,21464,3466,3463,1082,4545,21
2022-05-14,Contra Costa,013,1133247,198787,195925,14286,210211,1301
2022-05-14,Del Norte,015,27424,6021,5919,215,6134,50
2022-05-14,El Dorado,017,186661,27459,27216,3328,30544,212
2022-05-14,Fresno,019,978130,234255,233305,24479,257784,2757
2022-05-14,Glenn,021,27897,5015,5004,1627,6631,48
2022-05-14,Humboldt,023,135768,17946,17633,3255,20888,146
2022-05-14,Imperial,025,180216,55955,55756,11030,66786,917
2022-05-14,Inyo,027,18085,4127,4114,540,4654,56
2022-05-14,Kern,029,883053,193624,192939,47094,240033,2314
2022-05-14,Kings,031,150075,51940,51779,3651,55430,447
2022-05-14,Lake,033,64148,10866,10790,918,11708,137
2022-05-14,Lassen,035,31185,8994,8987,894,9881,65
2022-05-14,Los Angeles,037,10098052,2787335,2768726,130698,2899424,31768
2022-05-14,Madera,039,155013,37719,37520,6239,43759,365
2022-05-14,Marin,041,260295,36169,35486,3364,38850,293
2022-05-14,Mariposa,043,17540,2492,2463,218,2681,30
2022-05-14,Mendocino,045,87422,13448,13349,3312,16661,124
2022-05-14,Merced,047,269075,62942,62627,8971,71598,818
2022-05-14,Modoc,049,8938,749,747,254,1001,8
2022-05-14,Mono,051,14174,3012,3002,150,3152,6
2022-05-14,Monterey,053,433212,81207,80620,14826,95446,735
2022-05-14,Napa,055,140530,27013,26698,1084,27782,143
2022-05-14,Nevada,057,99092,16387,16240,1275,17515,127
2022-05-14,Orange,059,3164182,561116,557134,43868,601002,7017
2022-05-14,Placer,061,380077,64592,63963,7686,71649,626
2022-05-14,Plumas,063,18699,3046,3006,373,3379,13
2022-05-14,Riverside,065,2383286,601215,597914,29040,626954,6471
2022-05-14,Sacramento,067,1510023,289068,286403,28335,314738,3022
2022-05-14,San Benito,069,59416,13185,13106,541,13647,98
2022-05-14,San Bernardino,071,2135413,574898,572057,25640,597697,7423
2022-05-14,San Diego,073,3302833,774839,770323,54542,824865,5271
2022-05-14,San Francisco,075,870044,137932,134916,9240,144156,866
2022-05-14,San Joaquin,077,732212,169443,168174,10627,178801,2236
2022-05-14,San Luis Obispo,079,281455,53824,53502,4140,57642,478
2022-05-14,San Mateo,081,765935,131876,129480,7975,137455,709
2022-05-14,Santa Barbara,083,443738,88500,87773,4964,92737,693
2022-05-14,Santa Clara,085,1922200,334257,328609,13875,342484,2297
2022-05-14,Santa Cruz,087,273765,51228,50268,2311,52579,263
2022-05-14,Shasta,089,179085,30935,30799,6207,37006,557
2022-05-14,Sierra,091,2930,277,275,53,328,4
2022-05-14,Siskiyou,093,43540,4505,4482,2807,7289,81
2022-05-14,Solano,095,438530,84747,83669,5843,89512,451
2022-05-14,Sonoma,097,501317,88499,87070,3261,90331,488
2022-05-14,Stanislaus,099,539301,119174,118586,17855,136441,1645
2022-05-14,Sutter,101,95872,20762,20690,2188,22878,226
2022-05-14,Tehama,103,63373,12137,12115,2658,14773,201
2022-05-14,Trinity,105,12862,1193,1188,297,1485,20
2022-05-14,Tulare,107,460477,107379,107077,29203,136280,1469
2022-05-14,Tuolumne,109,53932,12954,12851,593,13444,182
2022-05-14,Ventura,111,848112,177660,176317,10074,186391,1497
2022-05-14,Yolo,113,214977,38397,37737,3386,41123,316
2022-05-14,Yuba,115,75493,16119,16028,1285,17313,122
2022-05-13,Alameda,001,1643700,273078,268944,15342,284286,1857
2022-05-13,Alpine,003,1148,125,125,1,126,0
2022-05-13,Amador,005,37829,8647,8574,674,9248,86
2022-05-13,Butte,007,227075,33514,33377,6842,40219,424
2022-05-13,Calaveras,009,45235,7408,7378,382,7760,120
2022-05-13,Colusa,011,21464,3465,3463,1082,4545,21
2022-05-13,Contra Costa,013,1133247,198459,195925,14265,210190,1301
2022-05-13,Del Norte,015,27424,6018,5919,215,6134,50
2022-05-13,El Dorado,017,186661,27431,27216,3328,30544,212
2022-05-13,Fresno,019,978130,234150,233305,24471,257776,2757
2022-05-13,Glenn,021,27897,5014,5004,1626,6630,48
2022-05-13,Humboldt,023,135768,17922,17633,3252,20885,146
2022-05-13,Imperial,025,180216,55938,55756,11029,66785,917
2022-05-13,Inyo,027,18085,4127,4114,539,4653,56
2022-05-13,Kern,029,883053,193551,192939,47063,240002,2314
2022-05-13,Kings,031,150075,51916,51779,3651,55430,447
2022-05-13,Lake,033,64148,10863,10790,918,11708,137
2022-05-13,Lassen,035,31185,8993,8987,894,9881,65
2022-05-13,Los Angeles,037,10098052,2785442,2768726,130515,2899241,31768
2022-05-13,Madera,039,155013,37699,37520,6237,43757,365
2022-05-13,Marin,041,260295,36066,35486,3320,38806,293
2022-05-13,Mariposa,043,17540,2490,2463,218,2681,30
2022-05-13,Mendocino,045,87422,13434,13349,3307,16656,124
2022-05-13,Merced,047,269075,62907,62627,8963,71590,818
2022-05-13,Modoc,049,8938,749,747,254,1001,8
2022-05-13,Mono,051,14174,3011,3002,149,3151,6
2022-05-13,Monterey,053,433212,81154,80620,14794,95414,735
2022-05-13,Napa,055,140530,26978,26698,1082,27780,143
2022-05-13,Nevada,057,99092,16373,16240,1274,17514,127
2022-05-13,Orange,059,3164182,560661,557134,43797,600931,7017
2022-05-13,Placer,061,380077,64513,63963,7676,71639,626
2022-05-13,Plumas,063,18699,3039,3006,373,3379,13
2022-05-13,Riverside,065,2383286,600841,597914,29009,626923,6471
2022-05-13,Sacramento,067,1510023,288733,286403,28315,314718,3022
2022-05-13,San Benito,069,59416,13181,13106,541,13647,98
2022-05-13,San Bernardino,071,2135413,574669,572057,25630,597687,7423
2022-05-13,San Diego,073,3302833,774209,770323,54488,824811,5271
2022-05-13,San Francisco,075,870044,137577,134916,9220,144136,866
2022-05-13,San Joaquin,077,732212,169324,168174,10618,178792,2236
2022-05-13,San Luis Obispo,079,281455,53788,53502,4136,57638,478
2022-05-13,San Mateo,081,765935,131592,129480,7954,137434,709
2022-05-13,Santa Barbara,083,443738,88408,87773,4961,92734,693
2022-05-13,Santa Clara,085,1922200,333460,328609,13847,342456,2297
2022-05-13,Santa Cruz,087,273765,51140,50268,2303,52571,263
2022-05-13,Shasta,089,179085,30932,30799,6207,37006,557
2022-05-13,Sierra,091,2930,276,275,50,325,4
2022-05-13,Siskiyou,093,43540,4504,4482,2806,7288,81
2022-05-13,Solano,095,438530,84625,83669,5837,89506,451
2022-05-13,Sonoma,097,501317,88327,87070,3251,90321,488
2022-05-13,Stanislaus,099,539301,119081,118586,17846,136432,1645
2022-05-13,Sutter,101,95872,20750,20690,2187,22877,226
2022-05-13,Tehama,103,63373,12135,12115,2656,14771,201
2022-05-13,Trinity,105,12862,1192,1188,297,1485,20
2022-05-13,Tulare,107,460477,107337,107077,29165,136242,1469
2022-05-13,Tuolumne,109,53932,12939,12851,593,13444,182
2022-05-13,Ventura,111,848112,177489,176317,10062,186379,1497
2022-05-13,Yolo,113,214977,38343,37737,3382,41119,316
2022-05-13,Yuba,115,75493,16106,16028,1282,17310,122
2022-05-12,Alameda,001,1643700,272338,268944,15292,284236,1857
2022-05-12,Alpine,003,1148,125,125,1,126,0
2022-05-12,Amador,005,37829,8638,8574,674,9248,86
2022-05-12,Butte,007,227075,33489,33377,6832,40209,424
2022-05-12,Calaveras,009,45235,7405,7378,382,7760,120
2022-05-12,Colusa,011,21464,3465,3463,1081,4544,21
2022-05-12,Contra Costa,013,1133247,197953,195925,14209,210134,1301
2022-05-12,Del Norte,015,27424,6001,5919,213,6132,50
2022-05-12,El Dorado,017,186661,27389,27216,3320,30536,212
2022-05-12,Fresno,019,978130,234001,233305,24457,257762,2757
2022-05-12,Glenn,021,27897,5010,5004,1626,6630,48
2022-05-12,Humboldt,023,135768,17876,17633,3238,20871,146
2022-05-12,Imperial,025,180216,55911,55756,11014,66770,917
2022-05-12,Inyo,027,18085,4123,4114,534,4648,56
2022-05-12,Kern,029,883053,193489,192939,47013,239952,2314
2022-05-12,Kings,031,150075,51894,51779,3648,55427,447
2022-05-12,Lake,033,64148,10845,10790,913,11703,137
2022-05-12,Lassen,035,31185,8992,8987,893,9880,65
2022-05-12,Los Angeles,037,10098052,2782272,2768726,130257,2898983,31768
2022-05-12,Madera,039,155013,37673,37520,6229,43749,365
2022-05-12,Marin,041,260295,35968,35486,3298,38784,293
2022-05-12,Mariposa,043,17540,2485,2463,218,2681,30
2022-05-12,Mendocino,045,87422,13416,13349,3294,16643,124
2022-05-12,Merced,047,269075,62873,62627,8948,71575,818
2022-05-12,Modoc,049,8938,748,747,254,1001,8
2022-05-12,Mono,051,14174,3011,3002,149,3151,6
2022-05-12,Monterey,053,433212,81094,80620,14751,95371,735
2022-05-12,Napa,055,140530,26932,26698,1080,27778,143
2022-05-12,Nevada,057,99092,16351,16240,1273,17513,127
2022-05-12,Orange,059,3164182,560019,557134,43686,600820,7017
2022-05-12,Placer,061,380077,64417,63963,7660,71623,626
2022-05-12,Plumas,063,18699,3034,3006,373,3379,13
2022-05-12,Riverside,065,2383286,600380,597914,28974,626888,6471
2022-05-12,Sacramento,067,1510023,288288,286403,28243,314646,3022
2022-05-12,San Benito,069,59416,13166,13106,539,13645,98
2022-05-12,San Bernardino,071,2135413,574329,572057,25612,597669,7423
2022-05-12,San Diego,073,3302833,773262,770323,54419,824742,5271
2022-05-12,San Francisco,075,870044,137196,134916,9177,144093,866
2022-05-12,San Joaquin,077,732212,169135,168174,10583,178757,2236
2022-05-12,San Luis Obispo,079,281455,53731,53502,4105,57607,478
2022-05-12,San Mateo,081,765935,131179,129480,7901,137381,709
2022-05-12,Santa Barbara,083,443738,88302,87773,4954,92727,693
2022-05-12,Santa Clara,085,1922200,332486,328609,13757,342366,2297
2022-05-12,Santa Cruz,087,273765,50994,50268,2299,52567,263
2022-05-12,Shasta,089,179085,30919,30799,6204,37003,557
2022-05-12,Sierra,091,2930,275,275,50,325,4
2022-05-12,Siskiyou,093,43540,4499,4482,2804,7286,81
2022-05-12,Solano,095,438530,84422,83669,5824,89493,451
2022-05-12,Sonoma,097,501317,88111,87070,3227,90297,488
2022-05-12,Stanislaus,099,539301,118980,118586,17819,136405,1645
2022-05-12,Sutter,101,95872,20735,20690,2186,22876,226
2022-05-12,Tehama,103,63373,12128,12115,2654,14769,201
2022-05-12,Trinity,105,12862,1191,1188,296,1484,20
2022-05-12,Tulare,107,460477,107290,107077,29107,136184,1469
2022-05-12,Tuolumne,109,53932,12919,12851,593,13444,182
2022-05-12,Ventura,111,848112,177261,176317,10029,186346,1497
2022-05-12,Yolo,113,214977,38262,37737,3370,41107,316
2022-05-12,Yuba,115,75493,16091,16028,1278,17306,122
2022-05-11,Alameda,001,1643700,271628,267982,15242,283224,1853
2022-05-11,Alpine,003,1148,125,125,1,126,0
2022-05-11,Amador,005,37829,8630,8564,674,9238,86
2022-05-11,Butte,007,227075,33455,33339,6827,40166,423
2022-05-11,Calaveras,009,45235,7399,7368,378,7746,120
2022-05-11,Colusa,011,21464,3464,3462,1081,4543,21
2022-05-11,Contra Costa,013,1133247,197448,195153,14166,209319,1302
2022-05-11,Del Norte,015,27424,5990,5911,213,6124,50
2022-05-11,El Dorado,017,186661,27354,27172,3317,30489,212
2022-05-11,Fresno,019,978130,233836,233021,24434,257455,2754
2022-05-11,Glenn,021,27897,5010,5001,1625,6626,48
2022-05-11,Humboldt,023,135768,17835,17585,3225,20810,146
2022-05-11,Imperial,025,180216,55884,55751,11003,66754,917
2022-05-11,Inyo,027,18085,4122,4093,533,4626,56
2022-05-11,Kern,029,883053,193395,192795,46965,239760,2292
2022-05-11,Kings,031,150075,51866,51752,3646,55398,447
2022-05-11,Lake,033,64148,10832,10786,912,11698,137
2022-05-11,Lassen,035,31185,8991,8984,892,9876,65
2022-05-11,Los Angeles,037,10098052,2779153,2761410,130032,2891442,31747
2022-05-11,Madera,039,155013,37639,37496,6219,43715,365
2022-05-11,Marin,041,260295,35868,35336,3257,38593,292
2022-05-11,Mariposa,043,17540,2480,2461,218,2679,30
2022-05-11,Mendocino,045,87422,13401,13320,3278,16598,124
2022-05-11,Merced,047,269075,62833,62567,8930,71497,818
2022-05-11,Modoc,049,8938,747,747,254,1001,8
2022-05-11,Mono,051,14174,3011,2999,148,3147,6
2022-05-11,Monterey,053,433212,81031,80534,14706,95240,733
2022-05-11,Napa,055,140530,26880,26660,1078,27738,143
2022-05-11,Nevada,057,99092,16335,16230,1270,17500,127
2022-05-11,Orange,059,3164182,559347,556265,43601,599866,7009
2022-05-11,Placer,061,380077,64318,63823,7646,71469,625
2022-05-11,Plumas,063,18699,3026,2998,373,3371,13
2022-05-11,Riverside,065,2383286,599930,597302,28940,626242,6468
2022-05-11,Sacramento,067,1510023,287877,285799,28189,313988,3020
2022-05-11,San Benito,069,59416,13145,13088,539,13627,98
2022-05-11,San Bernardino,071,2135413,573970,571372,25603,596975,7354
2022-05-11,San Diego,073,3302833,772283,768135,54322,822457,5257
2022-05-11,San Francisco,075,870044,136703,134027,9144,143171,864
2022-05-11,San Joaquin,077,732212,168961,167949,10557,178506,2233
2022-05-11,San Luis Obispo,079,281455,53684,53420,4087,57507,478
2022-05-11,San Mateo,081,765935,130784,128821,7867,136688,711
2022-05-11,Santa Barbara,083,443738,88171,87593,4943,92536,693
2022-05-11,Santa Clara,085,1922200,331491,327177,13708,340885,2294
2022-05-11,Santa Cruz,087,273765,50838,50031,2287,52318,263
2022-05-11,Shasta,089,179085,30887,30768,6201,36969,564
2022-05-11,Sierra,091,2930,275,275,50,325,4
2022-05-11,Siskiyou,093,43540,4497,4478,2804,7282,81
2022-05-11,Solano,095,438530,84237,83464,5812,89276,450
2022-05-11,Sonoma,097,501317,87910,86798,3215,90013,488
2022-05-11,Stanislaus,099,539301,118883,118445,17801,136246,1644
2022-05-11,Sutter,101,95872,20721,20668,2185,22853,225
2022-05-11,Tehama,103,63373,12128,12106,2653,14759,201
2022-05-11,Trinity,105,12862,1189,1188,296,1484,20
2022-05-11,Tulare,107,460477,107235,107068,29073,136141,1468
2022-05-11,Tuolumne,109,53932,12901,12829,593,13422,181
2022-05-11,Ventura,111,848112,177064,175955,9996,185951,1491
2022-05-11,Yolo,113,214977,38189,37654,3367,41021,316
2022-05-11,Yuba,115,75493,16072,15997,1269,17266,122
2022-05-10,Alameda,001,1643700,270860,267982,15193,283175,1853
2022-05-10,Alpine,003,1148,125,125,1,126,0
2022-05-10,Amador,005,37829,8628,8564,673,9237,86
2022-05-10,Butte,007,227075,33431,33339,6824,40163,423
2022-05-10,Calaveras,009,45235,7395,7368,376,7744,120
2022-05-10,Colusa,011,21464,3464,3462,1080,4542,21
2022-05-10,Contra Costa,013,1133247,196978,195153,14132,209285,1302
2022-05-10,Del Norte,015,27424,5937,5911,213,6124,50
2022-05-10,El Dorado,017,186661,27318,27172,3313,30485,212
2022-05-10,Fresno,019,978130,233680,233021,24411,257432,2754
2022-05-10,Glenn,021,27897,5008,5001,1625,6626,48
2022-05-10,Humboldt,023,135768,17797,17585,3215,20800,146
2022-05-10,Imperial,025,180216,55849,55751,10984,66735,917
2022-05-10,Inyo,027,18085,4120,4093,526,4619,56
2022-05-10,Kern,029,883053,193292,192795,46925,239720,2292
2022-05-10,Kings,031,150075,51834,51752,3646,55398,447
2022-05-10,Lake,033,64148,10827,10786,912,11698,137
2022-05-10,Lassen,035,31185,8986,8984,892,9876,65
2022-05-10,Los Angeles,037,10098052,2775892,2761410,129803,2891213,31747
2022-05-10,Madera,039,155013,37608,37496,6213,43709,365
2022-05-10,Marin,041,260295,35756,35336,3217,38553,292
2022-05-10,Mariposa,043,17540,2480,2461,218,2679,30
2022-05-10,Mendocino,045,87422,13389,13320,3265,16585,124
2022-05-10,Merced,047,269075,62786,62567,8911,71478,818
2022-05-10,Modoc,049,8938,747,747,254,1001,8
2022-05-10,Mono,051,14174,3007,2999,145,3144,6
2022-05-10,Monterey,053,433212,80964,80534,14667,95201,733
2022-05-10,Napa,055,140530,26843,26660,1076,27736,143
2022-05-10,Nevada,057,99092,16315,16230,1268,17498,127
2022-05-10,Orange,059,3164182,558638,556265,43509,599774,7009
2022-05-10,Placer,061,380077,64207,63823,7635,71458,625
2022-05-10,Plumas,063,18699,3018,2998,372,3370,13
2022-05-10,Riverside,065,2383286,599503,597302,28907,626209,6468
2022-05-10,Sacramento,067,1510023,287382,285799,28114,313913,3020
2022-05-10,San Benito,069,59416,13128,13088,534,13622,98
2022-05-10,San Bernardino,071,2135413,573624,571372,25578,596950,7354
2022-05-10,San Diego,073,3302833,771267,768135,54214,822349,5257
2022-05-10,San Francisco,075,870044,136150,134027,9112,143139,864
2022-05-10,San Joaquin,077,732212,168805,167949,10493,178442,2233
2022-05-10,San Luis Obispo,079,281455,53608,53420,4060,57480,478
2022-05-10,San Mateo,081,765935,130407,128821,7829,136650,711
2022-05-10,Santa Barbara,083,443738,88056,87593,4929,92522,693
2022-05-10,Santa Clara,085,1922200,330471,327177,13626,340803,2294
2022-05-10,Santa Cruz,087,273765,50714,50031,2278,52309,263
2022-05-10,Shasta,089,179085,30868,30768,6200,36968,564
2022-05-10,Sierra,091,2930,275,275,49,324,4
2022-05-10,Siskiyou,093,43540,4493,4478,2804,7282,81
2022-05-10,Solano,095,438530,84055,83464,5794,89258,450
2022-05-10,Sonoma,097,501317,87670,86798,3178,89976,488
2022-05-10,Stanislaus,099,539301,118789,118445,17784,136229,1644
2022-05-10,Sutter,101,95872,20703,20668,2182,22850,225
2022-05-10,Tehama,103,63373,12125,12106,2647,14753,201
2022-05-10,Trinity,105,12862,1189,1188,296,1484,20
2022-05-10,Tulare,107,460477,107195,107068,29041,136109,1468
2022-05-10,Tuolumne,109,53932,12889,12829,593,13422,181
2022-05-10,Ventura,111,848112,176853,175955,9966,185921,1491
2022-05-10,Yolo,113,214977,38112,37654,3356,41010,316
2022-05-10,Yuba,115,75493,16053,15997,1266,17263,122
2022-05-09,Alameda,001,1643700,270104,267982,15152,283134,1853
2022-05-09,Alpine,003,1148,125,125,1,126,0
2022-05-09,Amador,005,37829,8621,8564,673,9237,86
2022-05-09,Butte,007,227075,33404,33339,6817,40156,423
2022-05-09,Calaveras,009,45235,7389,7368,376,7744,120
2022-05-09,Colusa,011,21464,3462,3462,1078,4540,21
2022-05-09,Contra Costa,013,1133247,196517,195153,14078,209231,1302
2022-05-09,Del Norte,015,27424,5929,5911,212,6123,50
2022-05-09,El Dorado,017,186661,27282,27172,3306,30478,212
2022-05-09,Fresno,019,978130,233528,233021,24389,257410,2754
2022-05-09,Glenn,021,27897,5006,5001,1623,6624,48
2022-05-09,Humboldt,023,135768,17746,17585,3197,20782,146
2022-05-09,Imperial,025,180216,55814,55751,10970,66721,917
2022-05-09,Inyo,027,18085,4117,4093,523,4616,56
2022-05-09,Kern,029,883053,193193,192795,46868,239663,2292
2022-05-09,Kings,031,150075,51804,51752,3645,55397,447
2022-05-09,Lake,033,64148,10820,10786,911,11697,137
2022-05-09,Lassen,035,31185,8984,8984,892,9876,65
2022-05-09,Los Angeles,037,10098052,2772549,2761410,129570,2890980,31747
2022-05-09,Madera,039,155013,37579,37496,6203,43699,365
2022-05-09,Marin,041,260295,35641,35336,3181,38517,292
2022-05-09,Mariposa,043,17540,2475,2461,218,2679,30
2022-05-09,Mendocino,045,87422,13378,13320,3256,16576,124
2022-05-09,Merced,047,269075,62746,62567,8895,71462,818
2022-05-09,Modoc,049,8938,747,747,254,1001,8
2022-05-09,Mono,051,14174,3006,2999,141,3140,6
2022-05-09,Monterey,053,433212,80871,80534,14623,95157,733
2022-05-09,Napa,055,140530,26794,26660,1075,27735,143
2022-05-09,Nevada,057,99092,16287,16230,1263,17493,127
2022-05-09,Orange,059,3164182,557977,556265,43424,599689,7009
2022-05-09,Placer,061,380077,64150,63823,7621,71444,625
2022-05-09,Plumas,063,18699,3009,2998,372,3370,13
2022-05-09,Riverside,065,2383286,599019,597302,28869,626171,6468
2022-05-09,Sacramento,067,1510023,286968,285799,28029,313828,3020
2022-05-09,San Benito,069,59416,13110,13088,534,13622,98
2022-05-09,San Bernardino,071,2135413,573296,571372,25562,596934,7354
2022-05-09,San Diego,073,3302833,770295,768135,54094,822229,5257
2022-05-09,San Francisco,075,870044,135601,134027,9087,143114,864
2022-05-09,San Joaquin,077,732212,168627,167949,10465,178414,2233
2022-05-09,San Luis Obispo,079,281455,53556,53420,4041,57461,478
2022-05-09,San Mateo,081,765935,129984,128821,7800,136621,711
2022-05-09,Santa Barbara,083,443738,87929,87593,4920,92513,693
2022-05-09,Santa Clara,085,1922200,329318,327177,13560,340737,2294
2022-05-09,Santa Cruz,087,273765,50576,50031,2273,52304,263
2022-05-09,Shasta,089,179085,30855,30768,6198,36966,564
2022-05-09,Sierra,091,2930,275,275,49,324,4
2022-05-09,Siskiyou,093,43540,4491,4478,2803,7281,81
2022-05-09,Solano,095,438530,83897,83464,5781,89245,450
2022-05-09,Sonoma,097,501317,87413,86798,3152,89950,488
2022-05-09,Stanislaus,099,539301,118692,118445,17769,136214,1644
2022-05-09,Sutter,101,95872,20690,20668,2181,22849,225
2022-05-09,Tehama,103,63373,12123,12106,2645,14751,201
2022-05-09,Trinity,105,12862,1189,1188,296,1484,20
2022-05-09,Tulare,107,460477,107146,107068,29002,136070,1468
2022-05-09,Tuolumne,109,53932,12881,12829,593,13422,181
2022-05-09,Ventura,111,848112,176636,175955,9929,185884,1491
2022-05-09,Yolo,113,214977,38036,37654,3346,41000,316
2022-05-09,Yuba,115,75493,16045,15997,1265,17262,122
2022-05-08,Alameda,001,1643700,269222,265198,15088,280286,1855
2022-05-08,Alpine,003,1148,125,125,1,126,0
2022-05-08,Amador,005,37829,8609,8556,672,9228,86
2022-05-08,Butte,007,227075,33381,33269,6807,40076,421
2022-05-08,Calaveras,009,45235,7383,7353,375,7728,120
2022-05-08,Colusa,011,21464,3461,3459,1077,4536,21
2022-05-08,Contra Costa,013,1133247,196003,193961,14017,207978,1302
2022-05-08,Del Norte,015,27424,5915,5884,212,6096,50
2022-05-08,El Dorado,017,186661,27245,27081,3301,30382,210
2022-05-08,Fresno,019,978130,233360,232655,24369,257024,2754
2022-05-08,Glenn,021,27897,5004,4996,1623,6619,48
2022-05-08,Humboldt,023,135768,17695,17410,3170,20580,146
2022-05-08,Imperial,025,180216,55782,55683,10957,66640,917
2022-05-08,Inyo,027,18085,4110,4087,522,4609,56
2022-05-08,Kern,029,883053,193095,192590,46822,239412,2287
2022-05-08,Kings,031,150075,51787,51702,3645,55347,447
2022-05-08,Lake,033,64148,10813,10766,911,11677,137
2022-05-08,Lassen,035,31185,8980,8978,892,9870,65
2022-05-08,Los Angeles,037,10098052,2769004,2751478,129281,2880759,31738
2022-05-08,Madera,039,155013,37558,37420,6185,43605,365
2022-05-08,Marin,041,260295,35516,34934,3133,38067,292
2022-05-08,Mariposa,043,17540,2468,2438,217,2655,30
2022-05-08,Mendocino,045,87422,13360,13270,3229,16499,124
2022-05-08,Merced,047,269075,62695,62471,8869,71340,818
2022-05-08,Modoc,049,8938,747,745,254,999,8
2022-05-08,Mono,051,14174,3004,2997,138,3135,6
2022-05-08,Monterey,053,433212,80778,80246,14542,94788,733
2022-05-08,Napa,055,140530,26753,26524,1072,27596,143
2022-05-08,Nevada,057,99092,16263,16171,1261,17432,127
2022-05-08,Orange,059,3164182,557304,554411,43311,597722,7007
2022-05-08,Placer,061,380077,64035,63577,7596,71173,625
2022-05-08,Plumas,063,18699,3005,2996,372,3368,13
2022-05-08,Riverside,065,2383286,598534,596022,28830,624852,6467
2022-05-08,Sacramento,067,1510023,286467,284564,27952,312516,3016
2022-05-08,San Benito,069,59416,13095,13047,532,13579,98
2022-05-08,San Bernardino,071,2135413,572867,570381,25531,595912,7306
2022-05-08,San Diego,073,3302833,769276,765377,53997,819374,5244
2022-05-08,San Francisco,075,870044,134948,132659,9056,141715,861
2022-05-08,San Joaquin,077,732212,168444,167568,10417,177985,2229
2022-05-08,San Luis Obispo,079,281455,53487,53273,4020,57293,477
2022-05-08,San Mateo,081,765935,129521,127615,7754,135369,709
2022-05-08,Santa Barbara,083,443738,87796,87305,4911,92216,692
2022-05-08,Santa Clara,085,1922200,328237,324946,13493,338439,2287
2022-05-08,Santa Cruz,087,273765,50397,49605,2269,51874,262
2022-05-08,Shasta,089,179085,30827,30721,6194,36915,563
2022-05-08,Sierra,091,2930,275,275,49,324,4
2022-05-08,Siskiyou,093,43540,4488,4470,2797,7267,81
2022-05-08,Solano,095,438530,83727,83038,5757,88795,450
2022-05-08,Sonoma,097,501317,87190,86150,3119,89269,488
2022-05-08,Stanislaus,099,539301,118584,118235,17747,135982,1643
2022-05-08,Sutter,101,95872,20669,20694,2177,22871,225
2022-05-08,Tehama,103,63373,12117,12098,2643,14741,201
2022-05-08,Trinity,105,12862,1188,1180,296,1476,20
2022-05-08,Tulare,107,460477,107108,106987,28965,135952,1468
2022-05-08,Tuolumne,109,53932,12868,12793,591,13384,181
2022-05-08,Ventura,111,848112,176403,175454,9879,185333,1491
2022-05-08,Yolo,113,214977,37969,37456,3330,40786,315
2022-05-08,Yuba,115,75493,16023,15964,1261,17225,122
2022-05-07,Alameda,001,1643700,268856,265198,15072,280270,1855
2022-05-07,Alpine,003,1148,125,125,1,126,0
2022-05-07,Amador,005,37829,8607,8556,672,9228,86
2022-05-07,Butte,007,227075,33373,33269,6800,40069,421
2022-05-07,Calaveras,009,45235,7376,7353,375,7728,120
2022-05-07,Colusa,011,21464,3461,3459,1077,4536,21
2022-05-07,Contra Costa,013,1133247,195764,193961,14005,207966,1302
2022-05-07,Del Norte,015,27424,5913,5884,212,6096,50
2022-05-07,El Dorado,017,186661,27228,27081,3300,30381,210
2022-05-07,Fresno,019,978130,233306,232655,24362,257017,2754
2022-05-07,Glenn,021,27897,5003,4996,1623,6619,48
2022-05-07,Humboldt,023,135768,17666,17410,3164,20574,146
2022-05-07,Imperial,025,180216,55758,55683,10948,66631,917
2022-05-07,Inyo,027,18085,4107,4087,522,4609,56
2022-05-07,Kern,029,883053,193060,192590,46800,239390,2287
2022-05-07,Kings,031,150075,51776,51702,3645,55347,447
2022-05-07,Lake,033,64148,10809,10766,911,11677,137
2022-05-07,Lassen,035,31185,8980,8978,892,9870,65
2022-05-07,Los Angeles,037,10098052,2767464,2751478,129115,2880593,31738
2022-05-07,Madera,039,155013,37550,37420,6185,43605,365
2022-05-07,Marin,041,260295,35443,34934,3099,38033,292
2022-05-07,Mariposa,043,17540,2465,2438,217,2655,30
2022-05-07,Mendocino,045,87422,13351,13270,3226,16496,124
2022-05-07,Merced,047,269075,62682,62471,8868,71339,818
2022-05-07,Modoc,049,8938,747,745,254,999,8
2022-05-07,Mono,051,14174,3003,2997,138,3135,6
2022-05-07,Monterey,053,433212,80718,80246,14519,94765,733
2022-05-07,Napa,055,140530,26722,26524,1071,27595,143
2022-05-07,Nevada,057,99092,16253,16171,1256,17427,127
2022-05-07,Orange,059,3164182,556977,554411,43255,597666,7007
2022-05-07,Placer,061,380077,63972,63577,7591,71168,625
2022-05-07,Plumas,063,18699,3005,2996,371,3367,13
2022-05-07,Riverside,065,2383286,598282,596022,28796,624818,6467
2022-05-07,Sacramento,067,1510023,286275,284564,27939,312503,3016
2022-05-07,San Benito,069,59416,13086,13047,532,13579,98
2022-05-07,San Bernardino,071,2135413,572662,570381,25526,595907,7306
2022-05-07,San Diego,073,3302833,768794,765377,53968,819345,5244
2022-05-07,San Francisco,075,870044,134614,132659,9036,141695,861
2022-05-07,San Joaquin,077,732212,168340,167568,10409,177977,2229
2022-05-07,San Luis Obispo,079,281455,53475,53273,4010,57283,477
2022-05-07,San Mateo,081,765935,129238,127615,7741,135356,709
2022-05-07,Santa Barbara,083,443738,87719,87305,4909,92214,692
2022-05-07,Santa Clara,085,1922200,327621,324946,13472,338418,2287
2022-05-07,Santa Cruz,087,273765,50345,49605,2258,51863,262
2022-05-07,Shasta,089,179085,30819,30721,6194,36915,563
2022-05-07,Sierra,091,2930,275,275,49,324,4
2022-05-07,Siskiyou,093,43540,4486,4470,2796,7266,81
2022-05-07,Solano,095,438530,83671,83038,5752,88790,450
2022-05-07,Sonoma,097,501317,87066,86150,3109,89259,488
2022-05-07,Stanislaus,099,539301,118536,118235,17740,135975,1643
2022-05-07,Sutter,101,95872,20660,20694,2177,22871,225
2022-05-07,Tehama,103,63373,12115,12098,2642,14740,201
2022-05-07,Trinity,105,12862,1188,1180,296,1476,20
2022-05-07,Tulare,107,460477,107085,106987,28953,135940,1468
2022-05-07,Tuolumne,109,53932,12861,12793,591,13384,181
2022-05-07,Ventura,111,848112,176293,175454,9852,185306,1491
2022-05-07,Yolo,113,214977,37934,37456,3328,40784,315
2022-05-07,Yuba,115,75493,16014,15964,1260,17224,122
2022-05-06,Alameda,001,1643700,268479,265198,15056,280254,1855
2022-05-06,Alpine,003,1148,125,125,1,126,0
2022-05-06,Amador,005,37829,8607,8556,671,9227,86
2022-05-06,Butte,007,227075,33365,33269,6798,40067,421
2022-05-06,Calaveras,009,45235,7373,7353,375,7728,120
2022-05-06,Colusa,011,21464,3461,3459,1077,4536,21
2022-05-06,Contra Costa,013,1133247,195538,193961,13994,207955,1302
2022-05-06,Del Norte,015,27424,5904,5884,212,6096,50
2022-05-06,El Dorado,017,186661,27204,27081,3298,30379,210
2022-05-06,Fresno,019,978130,233229,232655,24354,257009,2754
2022-05-06,Glenn,021,27897,5003,4996,1623,6619,48
2022-05-06,Humboldt,023,135768,17639,17410,3161,20571,146
2022-05-06,Imperial,025,180216,55749,55683,10943,66626,917
2022-05-06,Inyo,027,18085,4097,4087,519,4606,56
2022-05-06,Kern,029,883053,193011,192590,46774,239364,2287
2022-05-06,Kings,031,150075,51768,51702,3645,55347,447
2022-05-06,Lake,033,64148,10807,10766,911,11677,137
2022-05-06,Lassen,035,31185,8980,8978,892,9870,65
2022-05-06,Los Angeles,037,10098052,2765661,2751478,128981,2880459,31738
2022-05-06,Madera,039,155013,37537,37420,6182,43602,365
2022-05-06,Marin,041,260295,35365,34934,3051,37985,292
2022-05-06,Mariposa,043,17540,2463,2438,212,2650,30
2022-05-06,Mendocino,045,87422,13339,13270,3224,16494,124
2022-05-06,Merced,047,269075,62663,62471,8867,71338,818
2022-05-06,Modoc,049,8938,747,745,254,999,8
2022-05-06,Mono,051,14174,3002,2997,138,3135,6
2022-05-06,Monterey,053,433212,80677,80246,14488,94734,733
2022-05-06,Napa,055,140530,26705,26524,1071,27595,143
2022-05-06,Nevada,057,99092,16241,16171,1253,17424,127
2022-05-06,Orange,059,3164182,556634,554411,43187,597598,7007
2022-05-06,Placer,061,380077,63913,63577,7578,71155,625
2022-05-06,Plumas,063,18699,3003,2996,371,3367,13
2022-05-06,Riverside,065,2383286,598050,596022,28774,624796,6467
2022-05-06,Sacramento,067,1510023,286023,284564,27917,312481,3016
2022-05-06,San Benito,069,59416,13082,13047,532,13579,98
2022-05-06,San Bernardino,071,2135413,572482,570381,25522,595903,7306
2022-05-06,San Diego,073,3302833,768285,765377,53943,819320,5244
2022-05-06,San Francisco,075,870044,134288,132659,9009,141668,861
2022-05-06,San Joaquin,077,732212,168250,167568,10400,177968,2229
2022-05-06,San Luis Obispo,079,281455,53451,53273,4005,57278,477
2022-05-06,San Mateo,081,765935,129011,127615,7733,135348,709
2022-05-06,Santa Barbara,083,443738,87666,87305,4907,92212,692
2022-05-06,Santa Clara,085,1922200,327017,324946,13457,338403,2287
2022-05-06,Santa Cruz,087,273765,50280,49605,2254,51859,262
2022-05-06,Shasta,089,179085,30813,30721,6193,36914,563
2022-05-06,Sierra,091,2930,275,275,49,324,4
2022-05-06,Siskiyou,093,43540,4484,4470,2793,7263,81
2022-05-06,Solano,095,438530,83584,83038,5744,88782,450
2022-05-06,Sonoma,097,501317,86944,86150,3094,89244,488
2022-05-06,Stanislaus,099,539301,118480,118235,17733,135968,1643
2022-05-06,Sutter,101,95872,20654,20694,2177,22871,225
2022-05-06,Tehama,103,63373,12110,12098,2642,14740,201
2022-05-06,Trinity,105,12862,1187,1180,296,1476,20
2022-05-06,Tulare,107,460477,107067,106987,28942,135929,1468
2022-05-06,Tuolumne,109,53932,12853,12793,590,13383,181
2022-05-06,Ventura,111,848112,176176,175454,9825,185279,1491
2022-05-06,Yolo,113,214977,37896,37456,3324,40780,315
2022-05-06,Yuba,115,75493,16003,15964,1259,17223,122
2022-05-05,Alameda,001,1643700,267895,265198,15013,280211,1855
2022-05-05,Alpine,003,1148,125,125,1,126,0
2022-05-05,Amador,005,37829,8605,8556,670,9226,86
2022-05-05,Butte,007,227075,33347,33269,6793,40062,421
2022-05-05,Calaveras,009,45235,7370,7353,372,7725,120
2022-05-05,Colusa,011,21464,3461,3459,1074,4533,21
2022-05-05,Contra Costa,013,1133247,195153,193961,13955,207916,1302
2022-05-05,Del Norte,015,27424,5903,5884,212,6096,50
2022-05-05,El Dorado,017,186661,27180,27081,3293,30374,210
2022-05-05,Fresno,019,978130,233129,232655,24337,256992,2754
2022-05-05,Glenn,021,27897,5003,4996,1623,6619,48
2022-05-05,Humboldt,023,135768,17602,17410,3148,20558,146
2022-05-05,Imperial,025,180216,55742,55683,10932,66615,917
2022-05-05,Inyo,027,18085,4093,4087,518,4605,56
2022-05-05,Kern,029,883053,192956,192590,46737,239327,2287
2022-05-05,Kings,031,150075,51760,51702,3645,55347,447
2022-05-05,Lake,033,64148,10803,10766,911,11677,137
2022-05-05,Lassen,035,31185,8980,8978,892,9870,65
2022-05-05,Los Angeles,037,10098052,2763104,2751478,128760,2880238,31738
2022-05-05,Madera,039,155013,37519,37420,6177,43597,365
2022-05-05,Marin,041,260295,35254,34934,3026,37960,292
2022-05-05,Mariposa,043,17540,2462,2438,212,2650,30
2022-05-05,Mendocino,045,87422,13328,13270,3215,16485,124
2022-05-05,Merced,047,269075,62630,62471,8862,71333,818
2022-05-05,Modoc,049,8938,747,745,252,997,8
2022-05-05,Mono,051,14174,3002,2997,137,3134,6
2022-05-05,Monterey,053,433212,80624,80246,14459,94705,733
2022-05-05,Napa,055,140530,26673,26524,1070,27594,143
2022-05-05,Nevada,057,99092,16231,16171,1251,17422,127
2022-05-05,Orange,059,3164182,556123,554411,43128,597539,7007
2022-05-05,Placer,061,380077,63853,63577,7570,71147,625
2022-05-05,Plumas,063,18699,3002,2996,371,3367,13
2022-05-05,Riverside,065,2383286,597713,596022,28746,624768,6467
2022-05-05,Sacramento,067,1510023,285689,284564,27861,312425,3016
2022-05-05,San Benito,069,59416,13071,13047,532,13579,98
2022-05-05,San Bernardino,071,2135413,572190,570381,25508,595889,7306
2022-05-05,San Diego,073,3302833,767559,765377,53882,819259,5244
2022-05-05,San Francisco,075,870044,133877,132659,8977,141636,861
2022-05-05,San Joaquin,077,732212,168160,167568,10369,177937,2229
2022-05-05,San Luis Obispo,079,281455,53414,53273,3989,57262,477
2022-05-05,San Mateo,081,765935,128672,127615,7704,135319,709
2022-05-05,Santa Barbara,083,443738,87590,87305,4902,92207,692
2022-05-05,Santa Clara,085,1922200,326223,324946,13395,338341,2287
2022-05-05,Santa Cruz,087,273765,50183,49605,2250,51855,262
2022-05-05,Shasta,089,179085,30803,30721,6192,36913,563
2022-05-05,Sierra,091,2930,275,275,49,324,4
2022-05-05,Siskiyou,093,43540,4483,4470,2793,7263,81
2022-05-05,Solano,095,438530,83464,83038,5726,88764,450
2022-05-05,Sonoma,097,501317,86768,86150,3076,89226,488
2022-05-05,Stanislaus,099,539301,118422,118235,17718,135953,1643
2022-05-05,Sutter,101,95872,20652,20694,2175,22869,225
2022-05-05,Tehama,103,63373,12106,12098,2640,14738,201
2022-05-05,Trinity,105,12862,1187,1180,296,1476,20
2022-05-05,Tulare,107,460477,107035,106987,28924,135911,1468
2022-05-05,Tuolumne,109,53932,12835,12793,588,13381,181
2022-05-05,Ventura,111,848112,175993,175454,9783,185237,1491
2022-05-05,Yolo,113,214977,37831,37456,3313,40769,315
2022-05-05,Yuba,115,75493,15993,15964,1256,17220,122
2022-05-04,Alameda,001,1643700,267230,263736,14973,278709,1850
2022-05-04,Alpine,003,1148,125,124,1,125,0
2022-05-04,Amador,005,37829,8602,8546,669,9215,86
2022-05-04,Butte,007,227075,33329,33220,6786,40006,417
2022-05-04,Calaveras,009,45235,7365,7344,372,7716,120
2022-05-04,Colusa,011,21464,3460,3460,1074,4534,21
2022-05-04,Contra Costa,013,1133247,194791,193175,13904,207079,1302
2022-05-04,Del Norte,015,27424,5895,5866,212,6078,50
2022-05-04,El Dorado,017,186661,27154,27021,3288,30309,210
2022-05-04,Fresno,019,978130,233013,232332,24327,256659,2751
2022-05-04,Glenn,021,27897,5001,4995,1623,6618,48
2022-05-04,Humboldt,023,135768,17562,17316,3139,20455,146
2022-05-04,Imperial,025,180216,55720,55548,10921,66469,910
2022-05-04,Inyo,027,18085,4093,4085,515,4600,56
2022-05-04,Kern,029,883053,192895,192432,46702,239134,2281
2022-05-04,Kings,031,150075,51743,51663,3643,55306,447
2022-05-04,Lake,033,64148,10798,10758,911,11669,137
2022-05-04,Lassen,035,31185,8979,8972,890,9862,65
2022-05-04,Los Angeles,037,10098052,2760352,2744894,128578,2873472,31722
2022-05-04,Madera,039,155013,37496,37395,6168,43563,365
2022-05-04,Marin,041,260295,35169,34727,3004,37731,291
2022-05-04,Mariposa,043,17540,2456,2435,208,2643,30
2022-05-04,Mendocino,045,87422,13320,13247,3207,16454,123
2022-05-04,Merced,047,269075,62604,62419,8852,71271,818
2022-05-04,Modoc,049,8938,747,746,252,998,8
2022-05-04,Mono,051,14174,3001,2993,135,3128,6
2022-05-04,Monterey,053,433212,80563,80038,14439,94477,732
2022-05-04,Napa,055,140530,26635,26434,1066,27500,143
2022-05-04,Nevada,057,99092,16214,16136,1248,17384,127
2022-05-04,Orange,059,3164182,555535,553177,43050,596227,7006
2022-05-04,Placer,061,380077,63774,63410,7565,70975,625
2022-05-04,Plumas,063,18699,3000,2947,371,3318,13
2022-05-04,Riverside,065,2383286,597380,594981,28719,623700,6457
2022-05-04,Sacramento,067,1510023,285368,283939,27820,311759,3013
2022-05-04,San Benito,069,59416,13061,13019,531,13550,98
2022-05-04,San Bernardino,071,2135413,571937,569570,25496,595066,7240
2022-05-04,San Diego,073,3302833,766823,763453,53801,817254,5239
2022-05-04,San Francisco,075,870044,133468,131599,8958,140557,860
2022-05-04,San Joaquin,077,732212,168058,167280,10339,177619,2225
2022-05-04,San Luis Obispo,079,281455,53371,53156,3978,57134,477
2022-05-04,San Mateo,081,765935,128349,126800,7672,134472,710
2022-05-04,Santa Barbara,083,443738,87486,87058,4888,91946,688
2022-05-04,Santa Clara,085,1922200,325417,322805,13338,336143,2285
2022-05-04,Santa Cruz,087,273765,50068,49230,2247,51477,262
2022-05-04,Shasta,089,179085,30787,30681,6189,36870,556
2022-05-04,Sierra,091,2930,275,275,49,324,4
2022-05-04,Siskiyou,093,43540,4479,4463,2789,7252,81
2022-05-04,Solano,095,438530,83320,82796,5716,88512,449
2022-05-04,Sonoma,097,501317,86595,85694,3054,88748,488
2022-05-04,Stanislaus,099,539301,118362,118123,17708,135831,1643
2022-05-04,Sutter,101,95872,20641,20672,2173,22845,224
2022-05-04,Tehama,103,63373,12104,12090,2637,14727,201
2022-05-04,Trinity,105,12862,1187,1180,296,1476,20
2022-05-04,Tulare,107,460477,107017,106935,28908,135843,1464
2022-05-04,Tuolumne,109,53932,12828,12757,587,13344,181
2022-05-04,Ventura,111,848112,175829,175066,9746,184812,1486
2022-05-04,Yolo,113,214977,37787,37344,3306,40650,315
2022-05-04,Yuba,115,75493,15984,15940,1254,17194,122
2022-05-03,Alameda,001,1643700,266622,263736,14927,278663,1850
2022-05-03,Alpine,003,1148,125,124,1,125,0
2022-05-03,Amador,005,37829,8599,8546,669,9215,86
2022-05-03,Butte,007,227075,33313,33220,6782,40002,417
2022-05-03,Calaveras,009,45235,7358,7344,370,7714,120
2022-05-03,Colusa,011,21464,3459,3460,1074,4534,21
2022-05-03,Contra Costa,013,1133247,194404,193175,13875,207050,1302
2022-05-03,Del Norte,015,27424,5889,5866,210,6076,50
2022-05-03,El Dorado,017,186661,27132,27021,3284,30305,210
2022-05-03,Fresno,019,978130,232902,232332,24311,256643,2751
2022-05-03,Glenn,021,27897,5000,4995,1623,6618,48
2022-05-03,Humboldt,023,135768,17526,17316,3124,20440,146
2022-05-03,Imperial,025,180216,55697,55548,10914,66462,910
2022-05-03,Inyo,027,18085,4091,4085,515,4600,56
2022-05-03,Kern,029,883053,192815,192432,46669,239101,2281
2022-05-03,Kings,031,150075,51731,51663,3643,55306,447
2022-05-03,Lake,033,64148,10793,10758,911,11669,137
2022-05-03,Lassen,035,31185,8979,8972,890,9862,65
2022-05-03,Los Angeles,037,10098052,2757321,2744894,128354,2873248,31722
2022-05-03,Madera,039,155013,37467,37395,6163,43558,365
2022-05-03,Marin,041,260295,35060,34727,2981,37708,291
2022-05-03,Mariposa,043,17540,2448,2435,208,2643,30
2022-05-03,Mendocino,045,87422,13305,13247,3192,16439,123
2022-05-03,Merced,047,269075,62576,62419,8833,71252,818
2022-05-03,Modoc,049,8938,746,746,252,998,8
2022-05-03,Mono,051,14174,2998,2993,134,3127,6
2022-05-03,Monterey,053,433212,80511,80038,14409,94447,732
2022-05-03,Napa,055,140530,26598,26434,1059,27493,143
2022-05-03,Nevada,057,99092,16204,16136,1248,17384,127
2022-05-03,Orange,059,3164182,555010,553177,42971,596148,7006
2022-05-03,Placer,061,380077,63682,63410,7551,70961,625
2022-05-03,Plumas,063,18699,2996,2947,371,3318,13
2022-05-03,Riverside,065,2383286,597013,594981,28695,623676,6457
2022-05-03,Sacramento,067,1510023,285059,283939,27767,311706,3013
2022-05-03,San Benito,069,59416,13047,13019,530,13549,98
2022-05-03,San Bernardino,071,2135413,571671,569570,25483,595053,7240
2022-05-03,San Diego,073,3302833,765994,763453,53716,817169,5239
2022-05-03,San Francisco,075,870044,132993,131599,8925,140524,860
2022-05-03,San Joaquin,077,732212,167977,167280,10308,177588,2225
2022-05-03,San Luis Obispo,079,281455,53324,53156,3967,57123,477
2022-05-03,San Mateo,081,765935,128002,126800,7633,134433,710
2022-05-03,Santa Barbara,083,443738,87397,87058,4887,91945,688
2022-05-03,Santa Clara,085,1922200,324602,322805,13284,336089,2285
2022-05-03,Santa Cruz,087,273765,49978,49230,2242,51472,262
2022-05-03,Shasta,089,179085,30768,30681,6188,36869,556
2022-05-03,Sierra,091,2930,275,275,49,324,4
2022-05-03,Siskiyou,093,43540,4478,4463,2789,7252,81
2022-05-03,Solano,095,438530,83138,82796,5709,88505,449
2022-05-03,Sonoma,097,501317,86418,85694,3029,88723,488
2022-05-03,Stanislaus,099,539301,118310,118123,17698,135821,1643
2022-05-03,Sutter,101,95872,20636,20672,2171,22843,224
2022-05-03,Tehama,103,63373,12100,12090,2637,14727,201
2022-05-03,Trinity,105,12862,1187,1180,296,1476,20
2022-05-03,Tulare,107,460477,106989,106935,28893,135828,1464
2022-05-03,Tuolumne,109,53932,12813,12757,587,13344,181
2022-05-03,Ventura,111,848112,175661,175066,9708,184774,1486
2022-05-03,Yolo,113,214977,37735,37344,3304,40648,315
2022-05-03,Yuba,115,75493,15973,15940,1246,17186,122
2022-05-02,Alameda,001,1643700,265993,263736,14888,278624,1850
2022-05-02,Alpine,003,1148,125,124,1,125,0
2022-05-02,Amador,005,37829,8596,8546,666,9212,86
2022-05-02,Butte,007,227075,33291,33220,6781,40001,417
2022-05-02,Calaveras,009,45235,7357,7344,369,7713,120
2022-05-02,Colusa,011,21464,3459,3460,1074,4534,21
2022-05-02,Contra Costa,013,1133247,194033,193175,13839,207014,1302
2022-05-02,Del Norte,015,27424,5884,5866,204,6070,50
2022-05-02,El Dorado,017,186661,27108,27021,3279,30300,210
2022-05-02,Fresno,019,978130,232795,232332,24285,256617,2751
2022-05-02,Glenn,021,27897,4998,4995,1623,6618,48
2022-05-02,Humboldt,023,135768,17475,17316,3109,20425,146
2022-05-02,Imperial,025,180216,55686,55548,10907,66455,910
2022-05-02,Inyo,027,18085,4090,4085,513,4598,56
2022-05-02,Kern,029,883053,192733,192432,46641,239073,2281
2022-05-02,Kings,031,150075,51715,51663,3643,55306,447
2022-05-02,Lake,033,64148,10789,10758,911,11669,137
2022-05-02,Lassen,035,31185,8978,8972,890,9862,65
2022-05-02,Los Angeles,037,10098052,2754325,2744894,128146,2873040,31722
2022-05-02,Madera,039,155013,37450,37395,6156,43551,365
2022-05-02,Marin,041,260295,34936,34727,2958,37685,291
2022-05-02,Mariposa,043,17540,2443,2435,208,2643,30
2022-05-02,Mendocino,045,87422,13288,13247,3180,16427,123
2022-05-02,Merced,047,269075,62547,62419,8826,71245,818
2022-05-02,Modoc,049,8938,745,746,252,998,8
2022-05-02,Mono,051,14174,2996,2993,133,3126,6
2022-05-02,Monterey,053,433212,80434,80038,14373,94411,732
2022-05-02,Napa,055,140530,26562,26434,1057,27491,143
2022-05-02,Nevada,057,99092,16186,16136,1246,17382,127
2022-05-02,Orange,059,3164182,554467,553177,42877,596054,7006
2022-05-02,Placer,061,380077,63627,63410,7544,70954,625
2022-05-02,Plumas,063,18699,2996,2947,371,3318,13
2022-05-02,Riverside,065,2383286,596619,594981,28664,623645,6457
2022-05-02,Sacramento,067,1510023,284756,283939,27725,311664,3013
2022-05-02,San Benito,069,59416,13035,13019,530,13549,98
2022-05-02,San Bernardino,071,2135413,571390,569570,25465,595035,7240
2022-05-02,San Diego,073,3302833,765138,763453,53634,817087,5239
2022-05-02,San Francisco,075,870044,132544,131599,8894,140493,860
2022-05-02,San Joaquin,077,732212,167861,167280,10296,177576,2225
2022-05-02,San Luis Obispo,079,281455,53272,53156,3955,57111,477
2022-05-02,San Mateo,081,765935,127676,126800,7620,134420,710
2022-05-02,Santa Barbara,083,443738,87291,87058,4883,91941,688
2022-05-02,Santa Clara,085,1922200,323706,322805,13235,336040,2285
2022-05-02,Santa Cruz,087,273765,49850,49230,2238,51468,262
2022-05-02,Shasta,089,179085,30749,30681,6187,36868,556
2022-05-02,Sierra,091,2930,275,275,49,324,4
2022-05-02,Siskiyou,093,43540,4475,4463,2787,7250,81
2022-05-02,Solano,095,438530,83008,82796,5700,88496,449
2022-05-02,Sonoma,097,501317,86239,85694,3014,88708,488
2022-05-02,Stanislaus,099,539301,118235,118123,17684,135807,1643
2022-05-02,Sutter,101,95872,20629,20672,2170,22842,224
2022-05-02,Tehama,103,63373,12095,12090,2634,14724,201
2022-05-02,Trinity,105,12862,1186,1180,296,1476,20
2022-05-02,Tulare,107,460477,106964,106935,28873,135808,1464
2022-05-02,Tuolumne,109,53932,12807,12757,587,13344,181
2022-05-02,Ventura,111,848112,175496,175066,9680,184746,1486
2022-05-02,Yolo,113,214977,37685,37344,3298,40642,315
2022-05-02,Yuba,115,75493,15968,15940,1243,17183,122
2022-05-01,Alameda,001,1643700,265297,262027,14834,276861,1851
2022-05-01,Alpine,003,1148,125,124,1,125,0
2022-05-01,Amador,005,37829,8596,8533,666,9199,86
2022-05-01,Butte,007,227075,33264,33172,6774,39946,418
2022-05-01,Calaveras,009,45235,7353,7328,364,7692,120
2022-05-01,Colusa,011,21464,3459,3457,1074,4531,21
2022-05-01,Contra Costa,013,1133247,193656,192136,13778,205914,1301
2022-05-01,Del Norte,015,27424,5876,5841,204,6045,50
2022-05-01,El Dorado,017,186661,27077,26946,3275,30221,210
2022-05-01,Fresno,019,978130,232691,232067,24267,256334,2748
2022-05-01,Glenn,021,27897,4998,4995,1623,6618,48
2022-05-01,Humboldt,023,135768,17412,17194,3089,20283,145
2022-05-01,Imperial,025,180216,55663,55503,10902,66405,910
2022-05-01,Inyo,027,18085,4089,4084,512,4596,56
2022-05-01,Kern,029,883053,192672,192250,46594,238844,2265
2022-05-01,Kings,031,150075,51693,51640,3639,55279,447
2022-05-01,Lake,033,64148,10782,10742,909,11651,137
2022-05-01,Lassen,035,31185,8978,8966,890,9856,65
2022-05-01,Los Angeles,037,10098052,2751364,2736900,127915,2864815,31712
2022-05-01,Madera,039,155013,37432,37360,6146,43506,365
2022-05-01,Marin,041,260295,34850,34519,2925,37444,291
2022-05-01,Mariposa,043,17540,2442,2430,208,2638,30
2022-05-01,Mendocino,045,87422,13269,13219,3162,16381,123
2022-05-01,Merced,047,269075,62517,62357,8811,71168,818
2022-05-01,Modoc,049,8938,745,745,252,997,8
2022-05-01,Mono,051,14174,2993,2989,131,3120,6
2022-05-01,Monterey,053,433212,80351,79881,14336,94217,731
2022-05-01,Napa,055,140530,26517,26319,1053,27372,143
2022-05-01,Nevada,057,99092,16166,16100,1244,17344,127
2022-05-01,Orange,059,3164182,553907,551822,42778,594600,6998
2022-05-01,Placer,061,380077,63552,63273,7536,70809,625
2022-05-01,Plumas,063,18699,2995,2946,371,3317,13
2022-05-01,Riverside,065,2383286,596159,593965,28628,622593,6457
2022-05-01,Sacramento,067,1510023,284433,283048,27662,310710,3007
2022-05-01,San Benito,069,59416,13027,12988,528,13516,98
2022-05-01,San Bernardino,071,2135413,571074,568758,25451,594209,7191
2022-05-01,San Diego,073,3302833,764261,761253,53545,814798,5238
2022-05-01,San Francisco,075,870044,132059,130241,8865,139106,860
2022-05-01,San Joaquin,077,732212,167718,167028,10259,177287,2225
2022-05-01,San Luis Obispo,079,281455,53200,53040,3938,56978,477
2022-05-01,San Mateo,081,765935,127302,125807,7586,133393,705
2022-05-01,Santa Barbara,083,443738,87188,86768,4875,91643,688
2022-05-01,Santa Clara,085,1922200,322766,320709,13178,333887,2281
2022-05-01,Santa Cruz,087,273765,49698,48798,2231,51029,262
2022-05-01,Shasta,089,179085,30731,30649,6185,36834,554
2022-05-01,Sierra,091,2930,275,274,49,323,4
2022-05-01,Siskiyou,093,43540,4474,4458,2781,7239,81
2022-05-01,Solano,095,438530,82890,82459,5687,88146,449
2022-05-01,Sonoma,097,501317,86037,85290,2968,88258,488
2022-05-01,Stanislaus,099,539301,118176,117943,17668,135611,1643
2022-05-01,Sutter,101,95872,20621,20644,2163,22807,224
2022-05-01,Tehama,103,63373,12094,12078,2633,14711,202
2022-05-01,Trinity,105,12862,1186,1179,296,1475,20
2022-05-01,Tulare,107,460477,106930,106856,28852,135708,1458
2022-05-01,Tuolumne,109,53932,12789,12713,582,13295,181
2022-05-01,Ventura,111,848112,175322,174679,9630,184309,1486
2022-05-01,Yolo,113,214977,37645,37173,3286,40459,314
2022-05-01,Yuba,115,75493,15958,15917,1239,17156,121
2022-04-30,Alameda,001,1643700,264911,262027,14820,276847,1851
2022-04-30,Alpine,003,1148,125,124,1,125,0
2022-04-30,Amador,005,37829,8595,8533,666,9199,86
2022-04-30,Butte,007,227075,33259,33172,6769,39941,418
2022-04-30,Calaveras,009,45235,7349,7328,364,7692,120
2022-04-30,Colusa,011,21464,3458,3457,1074,4531,21
2022-04-30,Contra Costa,013,1133247,193417,192136,13769,205905,1301
2022-04-30,Del Norte,015,27424,5871,5841,204,6045,50
2022-04-30,El Dorado,017,186661,27059,26946,3271,30217,210
2022-04-30,Fresno,019,978130,232646,232067,24260,256327,2748
2022-04-30,Glenn,021,27897,4997,4995,1623,6618,48
2022-04-30,Humboldt,023,135768,17370,17194,3084,20278,145
2022-04-30,Imperial,025,180216,55650,55503,10900,66403,910
2022-04-30,Inyo,027,18085,4089,4084,512,4596,56
2022-04-30,Kern,029,883053,192636,192250,46575,238825,2265
2022-04-30,Kings,031,150075,51688,51640,3638,55278,447
2022-04-30,Lake,033,64148,10779,10742,909,11651,137
2022-04-30,Lassen,035,31185,8978,8966,890,9856,65
2022-04-30,Los Angeles,037,10098052,2750028,2736900,127744,2864644,31712
2022-04-30,Madera,039,155013,37421,37360,6145,43505,365
2022-04-30,Marin,041,260295,34805,34519,2893,37412,291
2022-04-30,Mariposa,043,17540,2440,2430,207,2637,30
2022-04-30,Mendocino,045,87422,13264,13219,3162,16381,123
2022-04-30,Merced,047,269075,62503,62357,8809,71166,818
2022-04-30,Modoc,049,8938,745,745,252,997,8
2022-04-30,Mono,051,14174,2993,2989,131,3120,6
2022-04-30,Monterey,053,433212,80285,79881,14317,94198,731
2022-04-30,Napa,055,140530,26494,26319,1052,27371,143
2022-04-30,Nevada,057,99092,16153,16100,1243,17343,127
2022-04-30,Orange,059,3164182,553646,551822,42738,594560,6998
2022-04-30,Placer,061,380077,63507,63273,7530,70803,625
2022-04-30,Plumas,063,18699,2992,2946,371,3317,13
2022-04-30,Riverside,065,2383286,595925,593965,28607,622572,6457
2022-04-30,Sacramento,067,1510023,284313,283048,27650,310698,3007
2022-04-30,San Benito,069,59416,13024,12988,528,13516,98
2022-04-30,San Bernardino,071,2135413,570905,568758,25439,594197,7191
2022-04-30,San Diego,073,3302833,763892,761253,53517,814770,5238
2022-04-30,San Francisco,075,870044,131780,130241,8840,139081,860
2022-04-30,San Joaquin,077,732212,167663,167028,10254,177282,2225
2022-04-30,San Luis Obispo,079,281455,53189,53040,3935,56975,477
2022-04-30,San Mateo,081,765935,127091,125807,7567,133374,705
2022-04-30,Santa Barbara,083,443738,87134,86768,4872,91640,688
2022-04-30,Santa Clara,085,1922200,322200,320709,13153,333862,2281
2022-04-30,Santa Cruz,087,273765,49653,48798,2231,51029,262
2022-04-30,Shasta,089,179085,30726,30649,6183,36832,554
2022-04-30,Sierra,091,2930,275,274,49,323,4
2022-04-30,Siskiyou,093,43540,4472,4458,2780,7238,81
2022-04-30,Solano,095,438530,82873,82459,5686,88145,449
2022-04-30,Sonoma,097,501317,85923,85290,2957,88247,488
2022-04-30,Stanislaus,099,539301,118149,117943,17663,135606,1643
2022-04-30,Sutter,101,95872,20616,20644,2163,22807,224
2022-04-30,Tehama,103,63373,12090,12078,2631,14709,202
2022-04-30,Trinity,105,12862,1186,1179,296,1475,20
2022-04-30,Tulare,107,460477,106912,106856,28839,135695,1458
2022-04-30,Tuolumne,109,53932,12781,12713,582,13295,181
2022-04-30,Ventura,111,848112,175239,174679,9598,184277,1486
2022-04-30,Yolo,113,214977,37603,37173,3286,40459,314
2022-04-30,Yuba,115,75493,15951,15917,1238,17155,121
2022-04-29,Alameda,001,1643700,264598,262027,14808,276835,1851
2022-04-29,Alpine,003,1148,124,124,1,125,0
2022-04-29,Amador,005,37829,8588,8533,666,9199,86
2022-04-29,Butte,007,227075,33255,33172,6763,39935,418
2022-04-29,Calaveras,009,45235,7347,7328,364,7692,120
2022-04-29,Colusa,011,21464,3457,3457,1074,4531,21
2022-04-29,Contra Costa,013,1133247,193228,192136,13756,205892,1301
2022-04-29,Del Norte,015,27424,5867,5841,204,6045,50
2022-04-29,El Dorado,017,186661,27047,26946,3269,30215,210
2022-04-29,Fresno,019,978130,232595,232067,24256,256323,2748
2022-04-29,Glenn,021,27897,4997,4995,1623,6618,48
2022-04-29,Humboldt,023,135768,17345,17194,3078,20272,145
2022-04-29,Imperial,025,180216,55634,55503,10899,66402,910
2022-04-29,Inyo,027,18085,4089,4084,510,4594,56
2022-04-29,Kern,029,883053,192609,192250,46563,238813,2265
2022-04-29,Kings,031,150075,51683,51640,3638,55278,447
2022-04-29,Lake,033,64148,10778,10742,909,11651,137
2022-04-29,Lassen,035,31185,8977,8966,890,9856,65
2022-04-29,Los Angeles,037,10098052,2748732,2736900,127603,2864503,31712
2022-04-29,Madera,039,155013,37411,37360,6145,43505,365
2022-04-29,Marin,041,260295,34740,34519,2873,37392,291
2022-04-29,Mariposa,043,17540,2438,2430,207,2637,30
2022-04-29,Mendocino,045,87422,13260,13219,3161,16380,123
2022-04-29,Merced,047,269075,62491,62357,8808,71165,818
2022-04-29,Modoc,049,8938,745,745,252,997,8
2022-04-29,Mono,051,14174,2993,2989,131,3120,6
2022-04-29,Monterey,053,433212,80252,79881,14302,94183,731
2022-04-29,Napa,055,140530,26466,26319,1051,27370,143
2022-04-29,Nevada,057,99092,16146,16100,1242,17342,127
2022-04-29,Orange,059,3164182,553382,551822,42690,594512,6998
2022-04-29,Placer,061,380077,63479,63273,7523,70796,625
2022-04-29,Plumas,063,18699,2991,2946,371,3317,13
2022-04-29,Riverside,065,2383286,595701,593965,28586,622551,6457
2022-04-29,Sacramento,067,1510023,284166,283048,27643,310691,3007
2022-04-29,San Benito,069,59416,13019,12988,528,13516,98
2022-04-29,San Bernardino,071,2135413,570747,568758,25431,594189,7191
2022-04-29,San Diego,073,3302833,763472,761253,53499,814752,5238
2022-04-29,San Francisco,075,870044,131557,130241,8819,139060,860
2022-04-29,San Joaquin,077,732212,167607,167028,10249,177277,2225
2022-04-29,San Luis Obispo,079,281455,53174,53040,3930,56970,477
2022-04-29,San Mateo,081,765935,126892,125807,7552,133359,705
2022-04-29,Santa Barbara,083,443738,87095,86768,4870,91638,688
2022-04-29,Santa Clara,085,1922200,321697,320709,13122,333831,2281
2022-04-29,Santa Cruz,087,273765,49597,48798,2227,51025,262
2022-04-29,Shasta,089,179085,30724,30649,6182,36831,554
2022-04-29,Sierra,091,2930,275,274,49,323,4
2022-04-29,Siskiyou,093,43540,4471,4458,2780,7238,81
2022-04-29,Solano,095,438530,82816,82459,5680,88139,449
2022-04-29,Sonoma,097,501317,85814,85290,2946,88236,488
2022-04-29,Stanislaus,099,539301,118128,117943,17658,135601,1643
2022-04-29,Sutter,101,95872,20610,20644,2162,22806,224
2022-04-29,Tehama,103,63373,12088,12078,2631,14709,202
2022-04-29,Trinity,105,12862,1186,1179,296,1475,20
2022-04-29,Tulare,107,460477,106894,106856,28823,135679,1458
2022-04-29,Tuolumne,109,53932,12774,12713,580,13293,181
2022-04-29,Ventura,111,848112,175164,174679,9574,184253,1486
2022-04-29,Yolo,113,214977,37575,37173,3283,40456,314
2022-04-29,Yuba,115,75493,15946,15917,1238,17155,121
2022-04-28,Alameda,001,1643700,264159,262027,14773,276800,1851
2022-04-28,Alpine,003,1148,124,124,1,125,0
2022-04-28,Amador,005,37829,8585,8533,666,9199,86
2022-04-28,Butte,007,227075,33246,33172,6759,39931,418
2022-04-28,Calaveras,009,45235,7343,7328,364,7692,120
2022-04-28,Colusa,011,21464,3456,3457,1074,4531,21
2022-04-28,Contra Costa,013,1133247,192969,192136,13724,205860,1301
2022-04-28,Del Norte,015,27424,5863,5841,204,6045,50
2022-04-28,El Dorado,017,186661,27025,26946,3266,30212,210
2022-04-28,Fresno,019,978130,232536,232067,24246,256313,2748
2022-04-28,Glenn,021,27897,4994,4995,1623,6618,48
2022-04-28,Humboldt,023,135768,17312,17194,3071,20265,145
2022-04-28,Imperial,025,180216,55623,55503,10894,66397,910
2022-04-28,Inyo,027,18085,4089,4084,510,4594,56
2022-04-28,Kern,029,883053,192568,192250,46546,238796,2265
2022-04-28,Kings,031,150075,51677,51640,3638,55278,447
2022-04-28,Lake,033,64148,10774,10742,909,11651,137
2022-04-28,Lassen,035,31185,8977,8966,890,9856,65
2022-04-28,Los Angeles,037,10098052,2746678,2736900,127427,2864327,31712
2022-04-28,Madera,039,155013,37405,37360,6141,43501,365
2022-04-28,Marin,041,260295,34690,34519,2857,37376,291
2022-04-28,Mariposa,043,17540,2438,2430,207,2637,30
2022-04-28,Mendocino,045,87422,13249,13219,3144,16363,123
2022-04-28,Merced,047,269075,62473,62357,8800,71157,818
2022-04-28,Modoc,049,8938,745,745,252,997,8
2022-04-28,Mono,051,14174,2991,2989,131,3120,6
2022-04-28,Monterey,053,433212,80215,79881,14277,94158,731
2022-04-28,Napa,055,140530,26436,26319,1048,27367,143
2022-04-28,Nevada,057,99092,16138,16100,1239,17339,127
2022-04-28,Orange,059,3164182,553021,551822,42625,594447,6998
2022-04-28,Placer,061,380077,63432,63273,7514,70787,625
2022-04-28,Plumas,063,18699,2990,2946,371,3317,13
2022-04-28,Riverside,065,2383286,595420,593965,28563,622528,6457
2022-04-28,Sacramento,067,1510023,283978,283048,27603,310651,3007
2022-04-28,San Benito,069,59416,13010,12988,526,13514,98
2022-04-28,San Bernardino,071,2135413,570545,568758,25424,594182,7191
2022-04-28,San Diego,073,3302833,762936,761253,53441,814694,5238
2022-04-28,San Francisco,075,870044,131260,130241,8786,139027,860
2022-04-28,San Joaquin,077,732212,167538,167028,10234,177262,2225
2022-04-28,San Luis Obispo,079,281455,53146,53040,3912,56952,477
2022-04-28,San Mateo,081,765935,126652,125807,7522,133329,705
2022-04-28,Santa Barbara,083,443738,87042,86768,4867,91635,688
2022-04-28,Santa Clara,085,1922200,321151,320709,13086,333795,2281
2022-04-28,Santa Cruz,087,273765,49502,48798,2222,51020,262
2022-04-28,Shasta,089,179085,30715,30649,6182,36831,554
2022-04-28,Sierra,091,2930,275,274,49,323,4
2022-04-28,Siskiyou,093,43540,4468,4458,2780,7238,81
2022-04-28,Solano,095,438530,82735,82459,5674,88133,449
2022-04-28,Sonoma,097,501317,85696,85290,2934,88224,488
2022-04-28,Stanislaus,099,539301,118087,117943,17650,135593,1643
2022-04-28,Sutter,101,95872,20600,20644,2159,22803,224
2022-04-28,Tehama,103,63373,12087,12078,2630,14708,202
2022-04-28,Trinity,105,12862,1186,1179,296,1475,20
2022-04-28,Tulare,107,460477,106874,106856,28811,135667,1458
2022-04-28,Tuolumne,109,53932,12763,12713,580,13293,181
2022-04-28,Ventura,111,848112,175075,174679,9539,184218,1486
2022-04-28,Yolo,113,214977,37547,37173,3278,40451,314
2022-04-28,Yuba,115,75493,15937,15917,1235,17152,121
2022-04-27,Alameda,001,1643700,263678,260871,14728,275599,1843
2022-04-27,Alpine,003,1148,124,124,1,125,0
2022-04-27,Amador,005,37829,8584,8518,666,9184,86
2022-04-27,Butte,007,227075,33234,33118,6754,39872,411
2022-04-27,Calaveras,009,45235,7340,7307,364,7671,119
2022-04-27,Colusa,011,21464,3455,3457,1074,4531,21
2022-04-27,Contra Costa,013,1133247,192702,191412,13695,205107,1300
2022-04-27,Del Norte,015,27424,5858,5833,204,6037,50
2022-04-27,El Dorado,017,186661,27014,26898,3262,30160,209
2022-04-27,Fresno,019,978130,232471,231951,24233,256184,2744
2022-04-27,Glenn,021,27897,4994,4993,1623,6616,48
2022-04-27,Humboldt,023,135768,17282,17138,3061,20199,145
2022-04-27,Imperial,025,180216,55605,55480,10890,66370,910
2022-04-27,Inyo,027,18085,4088,4080,509,4589,56
2022-04-27,Kern,029,883053,192528,192157,46525,238682,2271
2022-04-27,Kings,031,150075,51672,51617,3637,55254,444
2022-04-27,Lake,033,64148,10770,10732,909,11641,135
2022-04-27,Lassen,035,31185,8976,8965,890,9855,65
2022-04-27,Los Angeles,037,10098052,2744368,2731988,127246,2859234,31691
2022-04-27,Madera,039,155013,37396,37339,6140,43479,354
2022-04-27,Marin,041,260295,34630,34354,2842,37196,288
2022-04-27,Mariposa,043,17540,2436,2427,207,2634,30
2022-04-27,Mendocino,045,87422,13242,13188,3137,16325,123
2022-04-27,Merced,047,269075,62459,62315,8796,71111,815
2022-04-27,Modoc,049,8938,745,745,252,997,8
2022-04-27,Mono,051,14174,2991,2989,131,3120,6
2022-04-27,Monterey,053,433212,80172,79695,14237,93932,729
2022-04-27,Napa,055,140530,26404,26210,1044,27254,143
2022-04-27,Nevada,057,99092,16121,16080,1236,17316,127
2022-04-27,Orange,059,3164182,552647,550859,42566,593425,6991
2022-04-27,Placer,061,380077,63392,63154,7501,70655,623
2022-04-27,Plumas,063,18699,2989,2934,371,3305,13
2022-04-27,Riverside,065,2383286,595155,593397,28542,621939,6453
2022-04-27,Sacramento,067,1510023,283777,281802,27568,309370,3001
2022-04-27,San Benito,069,59416,12997,12989,524,13513,98
2022-04-27,San Bernardino,071,2135413,570345,568018,25414,593432,7105
2022-04-27,San Diego,073,3302833,762376,759873,53380,813253,5236
2022-04-27,San Francisco,075,870044,130909,129284,8762,138046,857
2022-04-27,San Joaquin,077,732212,167464,166848,10217,177065,2225
2022-04-27,San Luis Obispo,079,281455,53102,52911,3904,56815,476
2022-04-27,San Mateo,081,765935,126418,125018,7465,132483,702
2022-04-27,Santa Barbara,083,443738,86978,86557,4861,91418,685
2022-04-27,Santa Clara,085,1922200,320582,319077,13039,332116,2282
2022-04-27,Santa Cruz,087,273765,49420,48500,2216,50716,262
2022-04-27,Shasta,089,179085,30703,30633,6178,36811,554
2022-04-27,Sierra,091,2930,274,276,49,325,4
2022-04-27,Siskiyou,093,43540,4468,4455,2776,7231,81
2022-04-27,Solano,095,438530,82631,82220,5664,87884,448
2022-04-27,Sonoma,097,501317,85588,84983,2912,87895,487
2022-04-27,Stanislaus,099,539301,118044,117841,17639,135480,1643
2022-04-27,Sutter,101,95872,20596,20627,2155,22782,224
2022-04-27,Tehama,103,63373,12087,12073,2630,14703,201
2022-04-27,Trinity,105,12862,1186,1179,296,1475,20
2022-04-27,Tulare,107,460477,106858,106580,28801,135381,1453
2022-04-27,Tuolumne,109,53932,12746,12684,579,13263,181
2022-04-27,Ventura,111,848112,174974,174425,9524,183949,1480
2022-04-27,Yolo,113,214977,37505,37096,3272,40368,314
2022-04-27,Yuba,115,75493,15934,15902,1230,17132,121
2022-04-26,Alameda,001,1643700,263173,260871,14688,275559,1843
2022-04-26,Alpine,003,1148,124,124,1,125,0
2022-04-26,Amador,005,37829,8581,8518,666,9184,86
2022-04-26,Butte,007,227075,33214,33118,6748,39866,411
2022-04-26,Calaveras,009,45235,7336,7307,363,7670,119
2022-04-26,Colusa,011,21464,3455,3457,1074,4531,21
2022-04-26,Contra Costa,013,1133247,192446,191412,13665,205077,1300
2022-04-26,Del Norte,015,27424,5850,5833,204,6037,50
2022-04-26,El Dorado,017,186661,26993,26898,3259,30157,209
2022-04-26,Fresno,019,978130,232394,231951,24224,256175,2744
2022-04-26,Glenn,021,27897,4994,4993,1622,6615,48
2022-04-26,Humboldt,023,135768,17251,17138,3055,20193,145
2022-04-26,Imperial,025,180216,55584,55480,10883,66363,910
2022-04-26,Inyo,027,18085,4088,4080,509,4589,56
2022-04-26,Kern,029,883053,192480,192157,46502,238659,2271
2022-04-26,Kings,031,150075,51666,51617,3637,55254,444
2022-04-26,Lake,033,64148,10763,10732,909,11641,135
2022-04-26,Lassen,035,31185,8971,8965,890,9855,65
2022-04-26,Los Angeles,037,10098052,2742005,2731988,127068,2859056,31691
2022-04-26,Madera,039,155013,37388,37339,6136,43475,354
2022-04-26,Marin,041,260295,34575,34354,2823,37177,288
2022-04-26,Mariposa,043,17540,2436,2427,207,2634,30
2022-04-26,Mendocino,045,87422,13238,13188,3131,16319,123
2022-04-26,Merced,047,269075,62436,62315,8778,71093,815
2022-04-26,Modoc,049,8938,745,745,252,997,8
2022-04-26,Mono,051,14174,2991,2989,130,3119,6
2022-04-26,Monterey,053,433212,80119,79695,14195,93890,729
2022-04-26,Napa,055,140530,26376,26210,1040,27250,143
2022-04-26,Nevada,057,99092,16112,16080,1236,17316,127
2022-04-26,Orange,059,3164182,552239,550859,42506,593365,6991
2022-04-26,Placer,061,380077,63361,63154,7500,70654,623
2022-04-26,Plumas,063,18699,2989,2934,371,3305,13
2022-04-26,Riverside,065,2383286,594848,593397,28515,621912,6453
2022-04-26,Sacramento,067,1510023,283543,281802,27546,309348,3001
2022-04-26,San Benito,069,59416,12993,12989,523,13512,98
2022-04-26,San Bernardino,071,2135413,570138,568018,25397,593415,7105
2022-04-26,San Diego,073,3302833,761732,759873,53286,813159,5236
2022-04-26,San Francisco,075,870044,130511,129284,8740,138024,857
2022-04-26,San Joaquin,077,732212,167402,166848,10203,177051,2225
2022-04-26,San Luis Obispo,079,281455,53073,52911,3891,56802,476
2022-04-26,San Mateo,081,765935,126149,125018,7430,132448,702
2022-04-26,Santa Barbara,083,443738,86917,86557,4857,91414,685
2022-04-26,Santa Clara,085,1922200,320026,319077,12995,332072,2282
2022-04-26,Santa Cruz,087,273765,49320,48500,2213,50713,262
2022-04-26,Shasta,089,179085,30690,30633,6178,36811,554
2022-04-26,Sierra,091,2930,274,276,49,325,4
2022-04-26,Siskiyou,093,43540,4464,4455,2774,7229,81
2022-04-26,Solano,095,438530,82537,82220,5655,87875,448
2022-04-26,Sonoma,097,501317,85485,84983,2895,87878,487
2022-04-26,Stanislaus,099,539301,118008,117841,17628,135469,1643
2022-04-26,Sutter,101,95872,20586,20627,2155,22782,224
2022-04-26,Tehama,103,63373,12077,12073,2630,14703,201
2022-04-26,Trinity,105,12862,1186,1179,296,1475,20
2022-04-26,Tulare,107,460477,106830,106580,28786,135366,1453
2022-04-26,Tuolumne,109,53932,12727,12684,578,13262,181
2022-04-26,Ventura,111,848112,174864,174425,9501,183926,1480
2022-04-26,Yolo,113,214977,37464,37096,3265,40361,314
2022-04-26,Yuba,115,75493,15932,15902,1230,17132,121
2022-04-25,Alameda,001,1643700,262668,260871,14650,275521,1843
2022-04-25,Alpine,003,1148,124,124,1,125,0
2022-04-25,Amador,005,37829,8578,8518,666,9184,86
2022-04-25,Butte,007,227075,33201,33118,6739,39857,411
2022-04-25,Calaveras,009,45235,7333,7307,363,7670,119
2022-04-25,Colusa,011,21464,3455,3457,1074,4531,21
2022-04-25,Contra Costa,013,1133247,192182,191412,13632,205044,1300
2022-04-25,Del Norte,015,27424,5845,5833,202,6035,50
2022-04-25,El Dorado,017,186661,26972,26898,3257,30155,209
2022-04-25,Fresno,019,978130,232304,231951,24211,256162,2744
2022-04-25,Glenn,021,27897,4993,4993,1622,6615,48
2022-04-25,Humboldt,023,135768,17209,17138,3050,20188,145
2022-04-25,Imperial,025,180216,55564,55480,10878,66358,910
2022-04-25,Inyo,027,18085,4088,4080,509,4589,56
2022-04-25,Kern,029,883053,192435,192157,46482,238639,2271
2022-04-25,Kings,031,150075,51657,51617,3636,55253,444
2022-04-25,Lake,033,64148,10760,10732,908,11640,135
2022-04-25,Lassen,035,31185,8970,8965,890,9855,65
2022-04-25,Los Angeles,037,10098052,2739622,2731988,126907,2858895,31691
2022-04-25,Madera,039,155013,37375,37339,6133,43472,354
2022-04-25,Marin,041,260295,34511,34354,2800,37154,288
2022-04-25,Mariposa,043,17540,2436,2427,207,2634,30
2022-04-25,Mendocino,045,87422,13228,13188,3114,16302,123
2022-04-25,Merced,047,269075,62423,62315,8775,71090,815
2022-04-25,Modoc,049,8938,745,745,252,997,8
2022-04-25,Mono,051,14174,2990,2989,130,3119,6
2022-04-25,Monterey,053,433212,80080,79695,14169,93864,729
2022-04-25,Napa,055,140530,26335,26210,1038,27248,143
2022-04-25,Nevada,057,99092,16106,16080,1235,17315,127
2022-04-25,Orange,059,3164182,551835,550859,42443,593302,6991
2022-04-25,Placer,061,380077,63325,63154,7495,70649,623
2022-04-25,Plumas,063,18699,2987,2934,371,3305,13
2022-04-25,Riverside,065,2383286,594588,593397,28498,621895,6453
2022-04-25,Sacramento,067,1510023,283376,281802,27510,309312,3001
2022-04-25,San Benito,069,59416,12986,12989,522,13511,98
2022-04-25,San Bernardino,071,2135413,569916,568018,25385,593403,7105
2022-04-25,San Diego,073,3302833,761057,759873,53226,813099,5236
2022-04-25,San Francisco,075,870044,130149,129284,8722,138006,857
2022-04-25,San Joaquin,077,732212,167316,166848,10186,177034,2225
2022-04-25,San Luis Obispo,079,281455,53026,52911,3884,56795,476
2022-04-25,San Mateo,081,765935,125878,125018,7409,132427,702
2022-04-25,Santa Barbara,083,443738,86853,86557,4853,91410,685
2022-04-25,Santa Clara,085,1922200,319380,319077,12950,332027,2282
2022-04-25,Santa Cruz,087,273765,49180,48500,2204,50704,262
2022-04-25,Shasta,089,179085,30679,30633,6175,36808,554
2022-04-25,Sierra,091,2930,274,276,49,325,4
2022-04-25,Siskiyou,093,43540,4464,4455,2773,7228,81
2022-04-25,Solano,095,438530,82427,82220,5646,87866,448
2022-04-25,Sonoma,097,501317,85363,84983,2875,87858,487
2022-04-25,Stanislaus,099,539301,117961,117841,17621,135462,1643
2022-04-25,Sutter,101,95872,20583,20627,2155,22782,224
2022-04-25,Tehama,103,63373,12077,12073,2630,14703,201
2022-04-25,Trinity,105,12862,1185,1179,296,1475,20
2022-04-25,Tulare,107,460477,106805,106580,28773,135353,1453
2022-04-25,Tuolumne,109,53932,12716,12684,578,13262,181
2022-04-25,Ventura,111,848112,174754,174425,9480,183905,1480
2022-04-25,Yolo,113,214977,37419,37096,3260,40356,314
2022-04-25,Yuba,115,75493,15922,15902,1229,17131,121
2022-04-24,Alameda,001,1643700,262084,259619,14603,274222,1837
2022-04-24,Alpine,003,1148,124,124,1,125,0
2022-04-24,Amador,005,37829,8569,8509,665,9174,86
2022-04-24,Butte,007,227075,33179,33105,6732,39837,411
2022-04-24,Calaveras,009,45235,7325,7296,361,7657,119
2022-04-24,Colusa,011,21464,3454,3453,1074,4527,21
2022-04-24,Contra Costa,013,1133247,191878,190611,13599,204210,1298
2022-04-24,Del Norte,015,27424,5836,5827,200,6027,50
2022-04-24,El Dorado,017,186661,26954,26837,3255,30092,209
2022-04-24,Fresno,019,978130,232224,231751,24197,255948,2744
2022-04-24,Glenn,021,27897,4993,4989,1620,6609,48
2022-04-24,Humboldt,023,135768,17183,17033,3038,20071,145
2022-04-24,Imperial,025,180216,55549,55434,10869,66303,910
2022-04-24,Inyo,027,18085,4084,4079,508,4587,56
2022-04-24,Kern,029,883053,192384,192012,46466,238478,2267
2022-04-24,Kings,031,150075,51648,51588,3636,55224,444
2022-04-24,Lake,033,64148,10752,10720,905,11625,134
2022-04-24,Lassen,035,31185,8969,8966,890,9856,65
2022-04-24,Los Angeles,037,10098052,2737287,2725630,126760,2852390,31667
2022-04-24,Madera,039,155013,37361,37333,6128,43461,354
2022-04-24,Marin,041,260295,34459,34150,2765,36915,288
2022-04-24,Mariposa,043,17540,2433,2422,207,2629,30
2022-04-24,Mendocino,045,87422,13223,13158,3102,16260,122
2022-04-24,Merced,047,269075,62399,62286,8766,71052,815
2022-04-24,Modoc,049,8938,745,745,252,997,8
2022-04-24,Mono,051,14174,2989,2986,130,3116,6
2022-04-24,Monterey,053,433212,80028,79560,14138,93698,729
2022-04-24,Napa,055,140530,26300,26093,1037,27130,143
2022-04-24,Nevada,057,99092,16090,16052,1233,17285,127
2022-04-24,Orange,059,3164182,551410,549765,42380,592145,6989
2022-04-24,Placer,061,380077,63271,63037,7487,70524,622
2022-04-24,Plumas,063,18699,2985,2934,371,3305,13
2022-04-24,Riverside,065,2383286,594307,592683,28457,621140,6450
2022-04-24,Sacramento,067,1510023,283173,280551,27473,308024,2993
2022-04-24,San Benito,069,59416,12981,12966,522,13488,98
2022-04-24,San Bernardino,071,2135413,569684,566806,25361,592167,7047
2022-04-24,San Diego,073,3302833,760431,758311,53168,811479,5233
2022-04-24,San Francisco,075,870044,129702,128323,8698,137021,857
2022-04-24,San Joaquin,077,732212,167228,166626,10143,176769,2224
2022-04-24,San Luis Obispo,079,281455,52950,52826,3874,56700,476
2022-04-24,San Mateo,081,765935,125569,124106,7379,131485,703
2022-04-24,Santa Barbara,083,443738,86783,86376,4852,91228,685
2022-04-24,Santa Clara,085,1922200,318699,317487,12899,330386,2277
2022-04-24,Santa Cruz,087,273765,49067,48255,2200,50455,261
2022-04-24,Shasta,089,179085,30669,30607,6174,36781,557
2022-04-24,Sierra,091,2930,274,276,49,325,4
2022-04-24,Siskiyou,093,43540,4463,4453,2771,7224,81
2022-04-24,Solano,095,438530,82328,81982,5637,87619,448
2022-04-24,Sonoma,097,501317,85228,84581,2855,87436,486
2022-04-24,Stanislaus,099,539301,117909,117737,17616,135353,1632
2022-04-24,Sutter,101,95872,20574,20605,2152,22757,224
2022-04-24,Tehama,103,63373,12074,12064,2630,14694,201
2022-04-24,Trinity,105,12862,1185,1177,296,1473,20
2022-04-24,Tulare,107,460477,106778,106354,28762,135116,1446
2022-04-24,Tuolumne,109,53932,12704,12664,577,13241,181
2022-04-24,Ventura,111,848112,174641,174091,9463,183554,1479
2022-04-24,Yolo,113,214977,37387,36990,3257,40247,314
2022-04-24,Yuba,115,75493,15917,15888,1228,17116,121
2022-04-23,Alameda,001,1643700,261842,259619,14591,274210,1837
2022-04-23,Alpine,003,1148,124,124,1,125,0
2022-04-23,Amador,005,37829,8563,8509,665,9174,86
2022-04-23,Butte,007,227075,33170,33105,6729,39834,411
2022-04-23,Calaveras,009,45235,7317,7296,361,7657,119
2022-04-23,Colusa,011,21464,3454,3453,1074,4527,21
2022-04-23,Contra Costa,013,1133247,191728,190611,13588,204199,1298
2022-04-23,Del Norte,015,27424,5834,5827,199,6026,50
2022-04-23,El Dorado,017,186661,26944,26837,3254,30091,209
2022-04-23,Fresno,019,978130,232191,231751,24193,255944,2744
2022-04-23,Glenn,021,27897,4993,4989,1620,6609,48
2022-04-23,Humboldt,023,135768,17167,17033,3036,20069,145
2022-04-23,Imperial,025,180216,55540,55434,10867,66301,910
2022-04-23,Inyo,027,18085,4084,4079,507,4586,56
2022-04-23,Kern,029,883053,192359,192012,46451,238463,2267
2022-04-23,Kings,031,150075,51643,51588,3635,55223,444
2022-04-23,Lake,033,64148,10751,10720,905,11625,134
2022-04-23,Lassen,035,31185,8969,8966,890,9856,65
2022-04-23,Los Angeles,037,10098052,2736349,2725630,126665,2852295,31667
2022-04-23,Madera,039,155013,37354,37333,6127,43460,354
2022-04-23,Marin,041,260295,34424,34150,2719,36869,288
2022-04-23,Mariposa,043,17540,2433,2422,207,2629,30
2022-04-23,Mendocino,045,87422,13216,13158,3102,16260,122
2022-04-23,Merced,047,269075,62387,62286,8766,71052,815
2022-04-23,Modoc,049,8938,745,745,252,997,8
2022-04-23,Mono,051,14174,2989,2986,130,3116,6
2022-04-23,Monterey,053,433212,79960,79560,14124,93684,729
2022-04-23,Napa,055,140530,26279,26093,1035,27128,143
2022-04-23,Nevada,057,99092,16084,16052,1231,17283,127
2022-04-23,Orange,059,3164182,551195,549765,42329,592094,6989
2022-04-23,Placer,061,380077,63242,63037,7487,70524,622
2022-04-23,Plumas,063,18699,2985,2934,371,3305,13
2022-04-23,Riverside,065,2383286,594173,592683,28446,621129,6450
2022-04-23,Sacramento,067,1510023,283079,280551,27470,308021,2993
2022-04-23,San Benito,069,59416,12980,12966,522,13488,98
2022-04-23,San Bernardino,071,2135413,569572,566806,25356,592162,7047
2022-04-23,San Diego,073,3302833,760175,758311,53150,811461,5233
2022-04-23,San Francisco,075,870044,129498,128323,8674,136997,857
2022-04-23,San Joaquin,077,732212,167187,166626,10135,176761,2224
2022-04-23,San Luis Obispo,079,281455,52935,52826,3870,56696,476
2022-04-23,San Mateo,081,765935,125411,124106,7368,131474,703
2022-04-23,Santa Barbara,083,443738,86747,86376,4851,91227,685
2022-04-23,Santa Clara,085,1922200,318323,317487,12873,330360,2277
2022-04-23,Santa Cruz,087,273765,49018,48255,2199,50454,261
2022-04-23,Shasta,089,179085,30666,30607,6174,36781,557
2022-04-23,Sierra,091,2930,274,276,49,325,4
2022-04-23,Siskiyou,093,43540,4461,4453,2770,7223,81
2022-04-23,Solano,095,438530,82301,81982,5634,87616,448
2022-04-23,Sonoma,097,501317,85160,84581,2847,87428,486
2022-04-23,Stanislaus,099,539301,117875,117737,17613,135350,1632
2022-04-23,Sutter,101,95872,20568,20605,2152,22757,224
2022-04-23,Tehama,103,63373,12073,12064,2630,14694,201
2022-04-23,Trinity,105,12862,1185,1177,296,1473,20
2022-04-23,Tulare,107,460477,106770,106354,28752,135106,1446
2022-04-23,Tuolumne,109,53932,12700,12664,577,13241,181
2022-04-23,Ventura,111,848112,174581,174091,9456,183547,1479
2022-04-23,Yolo,113,214977,37363,36990,3253,40243,314
2022-04-23,Yuba,115,75493,15915,15888,1228,17116,121
2022-04-22,Alameda,001,1643700,261603,259619,14572,274191,1837
2022-04-22,Alpine,003,1148,124,124,1,125,0
2022-04-22,Amador,005,37829,8562,8509,663,9172,86
2022-04-22,Butte,007,227075,33164,33105,6727,39832,411
2022-04-22,Calaveras,009,45235,7316,7296,361,7657,119
2022-04-22,Colusa,011,21464,3454,3453,1074,4527,21
2022-04-22,Contra Costa,013,1133247,191597,190611,13573,204184,1298
2022-04-22,Del Norte,015,27424,5834,5827,199,6026,50
2022-04-22,El Dorado,017,186661,26930,26837,3249,30086,209
2022-04-22,Fresno,019,978130,232161,231751,24190,255941,2744
2022-04-22,Glenn,021,27897,4992,4989,1620,6609,48
2022-04-22,Humboldt,023,135768,17152,17033,3029,20062,145
2022-04-22,Imperial,025,180216,55535,55434,10867,66301,910
2022-04-22,Inyo,027,18085,4084,4079,506,4585,56
2022-04-22,Kern,029,883053,192338,192012,46448,238460,2267
2022-04-22,Kings,031,150075,51639,51588,3634,55222,444
2022-04-22,Lake,033,64148,10750,10720,905,11625,134
2022-04-22,Lassen,035,31185,8969,8966,890,9856,65
2022-04-22,Los Angeles,037,10098052,2735274,2725630,126603,2852233,31667
2022-04-22,Madera,039,155013,37349,37333,6127,43460,354
2022-04-22,Marin,041,260295,34386,34150,2708,36858,288
2022-04-22,Mariposa,043,17540,2432,2422,207,2629,30
2022-04-22,Mendocino,045,87422,13209,13158,3100,16258,122
2022-04-22,Merced,047,269075,62380,62286,8754,71040,815
2022-04-22,Modoc,049,8938,745,745,252,997,8
2022-04-22,Mono,051,14174,2989,2986,129,3115,6
2022-04-22,Monterey,053,433212,79925,79560,14110,93670,729
2022-04-22,Napa,055,140530,26262,26093,1033,27126,143
2022-04-22,Nevada,057,99092,16084,16052,1231,17283,127
2022-04-22,Orange,059,3164182,551010,549765,42280,592045,6989
2022-04-22,Placer,061,380077,63219,63037,7484,70521,622
2022-04-22,Plumas,063,18699,2985,2934,371,3305,13
2022-04-22,Riverside,065,2383286,594031,592683,28431,621114,6450
2022-04-22,Sacramento,067,1510023,282991,280551,27457,308008,2993
2022-04-22,San Benito,069,59416,12975,12966,522,13488,98
2022-04-22,San Bernardino,071,2135413,569459,566806,25348,592154,7047
2022-04-22,San Diego,073,3302833,759863,758311,53130,811441,5233
2022-04-22,San Francisco,075,870044,129334,128323,8647,136970,857
2022-04-22,San Joaquin,077,732212,167158,166626,10134,176760,2224
2022-04-22,San Luis Obispo,079,281455,52929,52826,3869,56695,476
2022-04-22,San Mateo,081,765935,125251,124106,7354,131460,703
2022-04-22,Santa Barbara,083,443738,86701,86376,4850,91226,685
2022-04-22,Santa Clara,085,1922200,317975,317487,12860,330347,2277
2022-04-22,Santa Cruz,087,273765,48980,48255,2199,50454,261
2022-04-22,Shasta,089,179085,30661,30607,6173,36780,557
2022-04-22,Sierra,091,2930,274,276,48,324,4
2022-04-22,Siskiyou,093,43540,4461,4453,2770,7223,81
2022-04-22,Solano,095,438530,82245,81982,5632,87614,448
2022-04-22,Sonoma,097,501317,85096,84581,2842,87423,486
2022-04-22,Stanislaus,099,539301,117852,117737,17609,135346,1632
2022-04-22,Sutter,101,95872,20562,20605,2152,22757,224
2022-04-22,Tehama,103,63373,12068,12064,2629,14693,201
2022-04-22,Trinity,105,12862,1185,1177,295,1472,20
2022-04-22,Tulare,107,460477,106760,106354,28743,135097,1446
2022-04-22,Tuolumne,109,53932,12693,12664,575,13239,181
2022-04-22,Ventura,111,848112,174506,174091,9445,183536,1479
2022-04-22,Yolo,113,214977,37344,36990,3250,40240,314
2022-04-22,Yuba,115,75493,15913,15888,1227,17115,121
2022-04-21,Alameda,001,1643700,261241,259619,14531,274150,1837
2022-04-21,Alpine,003,1148,124,124,1,125,0
2022-04-21,Amador,005,37829,8559,8509,663,9172,86
2022-04-21,Butte,007,227075,33156,33105,6720,39825,411
2022-04-21,Calaveras,009,45235,7313,7296,361,7657,119
2022-04-21,Colusa,011,21464,3453,3453,1074,4527,21
2022-04-21,Contra Costa,013,1133247,191401,190611,13550,204161,1298
2022-04-21,Del Norte,015,27424,5833,5827,199,6026,50
2022-04-21,El Dorado,017,186661,26915,26837,3248,30085,209
2022-04-21,Fresno,019,978130,232119,231751,24184,255935,2744
2022-04-21,Glenn,021,27897,4992,4989,1619,6608,48
2022-04-21,Humboldt,023,135768,17128,17033,3021,20054,145
2022-04-21,Imperial,025,180216,55526,55434,10867,66301,910
2022-04-21,Inyo,027,18085,4084,4079,506,4585,56
2022-04-21,Kern,029,883053,192304,192012,46432,238444,2267
2022-04-21,Kings,031,150075,51631,51588,3634,55222,444
2022-04-21,Lake,033,64148,10747,10720,904,11624,134
2022-04-21,Lassen,035,31185,8969,8966,890,9856,65
2022-04-21,Los Angeles,037,10098052,2733623,2725630,126495,2852125,31667
2022-04-21,Madera,039,155013,37345,37333,6126,43459,354
2022-04-21,Marin,041,260295,34339,34150,2699,36849,288
2022-04-21,Mariposa,043,17540,2431,2422,207,2629,30
2022-04-21,Mendocino,045,87422,13203,13158,3096,16254,122
2022-04-21,Merced,047,269075,62364,62286,8751,71037,815
2022-04-21,Modoc,049,8938,745,745,252,997,8
2022-04-21,Mono,051,14174,2988,2986,128,3114,6
2022-04-21,Monterey,053,433212,79898,79560,14098,93658,729
2022-04-21,Napa,055,140530,26231,26093,1032,27125,143
2022-04-21,Nevada,057,99092,16080,16052,1231,17283,127
2022-04-21,Orange,059,3164182,550754,549765,42239,592004,6989
2022-04-21,Placer,061,380077,63181,63037,7478,70515,622
2022-04-21,Plumas,063,18699,2985,2934,371,3305,13
2022-04-21,Riverside,065,2383286,593873,592683,28412,621095,6450
2022-04-21,Sacramento,067,1510023,282844,280551,27433,307984,2993
2022-04-21,San Benito,069,59416,12969,12966,522,13488,98
2022-04-21,San Bernardino,071,2135413,569267,566806,25338,592144,7047
2022-04-21,San Diego,073,3302833,759440,758311,53089,811400,5233
2022-04-21,San Francisco,075,870044,129110,128323,8620,136943,857
2022-04-21,San Joaquin,077,732212,167103,166626,10129,176755,2224
2022-04-21,San Luis Obispo,079,281455,52909,52826,3863,56689,476
2022-04-21,San Mateo,081,765935,125047,124106,7333,131439,703
2022-04-21,Santa Barbara,083,443738,86643,86376,4846,91222,685
2022-04-21,Santa Clara,085,1922200,317522,317487,12838,330325,2277
2022-04-21,Santa Cruz,087,273765,48935,48255,2196,50451,261
2022-04-21,Shasta,089,179085,30652,30607,6173,36780,557
2022-04-21,Sierra,091,2930,274,276,48,324,4
2022-04-21,Siskiyou,093,43540,4461,4453,2770,7223,81
2022-04-21,Solano,095,438530,82185,81982,5625,87607,448
2022-04-21,Sonoma,097,501317,84986,84581,2824,87405,486
2022-04-21,Stanislaus,099,539301,117813,117737,17601,135338,1632
2022-04-21,Sutter,101,95872,20553,20605,2151,22756,224
2022-04-21,Tehama,103,63373,12068,12064,2629,14693,201
2022-04-21,Trinity,105,12862,1185,1177,295,1472,20
2022-04-21,Tulare,107,460477,106752,106354,28739,135093,1446
2022-04-21,Tuolumne,109,53932,12688,12664,574,13238,181
2022-04-21,Ventura,111,848112,174421,174091,9440,183531,1479
2022-04-21,Yolo,113,214977,37323,36990,3250,40240,314
2022-04-21,Yuba,115,75493,15911,15888,1227,17115,121
2022-04-20,Alameda,001,1643700,260882,258734,14505,273239,1832
2022-04-20,Alpine,003,1148,124,124,1,125,0
2022-04-20,Amador,005,37829,8557,8494,663,9157,86
2022-04-20,Butte,007,227075,33148,33083,6712,39795,408
2022-04-20,Calaveras,009,45235,7307,7288,360,7648,119
2022-04-20,Colusa,011,21464,3453,3453,1074,4527,21
2022-04-20,Contra Costa,013,1133247,191172,190042,13526,203568,1299
2022-04-20,Del Norte,015,27424,5828,5814,199,6013,50
2022-04-20,El Dorado,017,186661,26900,26821,3244,30065,209
2022-04-20,Fresno,019,978130,232068,231568,24182,255750,2740
2022-04-20,Glenn,021,27897,4991,4988,1616,6604,48
2022-04-20,Humboldt,023,135768,17104,16976,3017,19993,145
2022-04-20,Imperial,025,180216,55519,55405,10864,66269,910
2022-04-20,Inyo,027,18085,4084,4075,505,4580,56
2022-04-20,Kern,029,883053,192266,191915,46415,238330,2262
2022-04-20,Kings,031,150075,51622,51571,3632,55203,445
2022-04-20,Lake,033,64148,10747,10711,904,11615,134
2022-04-20,Lassen,035,31185,8969,8951,890,9841,65
2022-04-20,Los Angeles,037,10098052,2731900,2721699,126382,2848081,31630
2022-04-20,Madera,039,155013,37342,37333,6123,43456,354
2022-04-20,Marin,041,260295,34298,33985,2675,36660,288
2022-04-20,Mariposa,043,17540,2429,2412,207,2619,30
2022-04-20,Mendocino,045,87422,13197,13128,3086,16214,122
2022-04-20,Merced,047,269075,62354,62322,8736,71058,813
2022-04-20,Modoc,049,8938,745,744,252,996,8
2022-04-20,Mono,051,14174,2987,2984,128,3112,6
2022-04-20,Monterey,053,433212,79852,79419,14078,93497,727
2022-04-20,Napa,055,140530,26198,26016,1029,27045,143
2022-04-20,Nevada,057,99092,16070,16034,1229,17263,127
2022-04-20,Orange,059,3164182,550429,549136,42190,591326,6963
2022-04-20,Placer,061,380077,63154,62928,7474,70402,619
2022-04-20,Plumas,063,18699,2985,2932,371,3303,13
2022-04-20,Riverside,065,2383286,593682,592224,28389,620613,6447
2022-04-20,Sacramento,067,1510023,282701,279326,27414,306740,2987
2022-04-20,San Benito,069,59416,12963,12971,522,13493,98
2022-04-20,San Bernardino,071,2135413,569059,565405,25320,590725,6977
2022-04-20,San Diego,073,3302833,759002,757138,53033,810171,5231
2022-04-20,San Francisco,075,870044,128806,127594,8600,136194,854
2022-04-20,San Joaquin,077,732212,167035,166531,10120,176651,2222
2022-04-20,San Luis Obispo,079,281455,52882,52740,3855,56595,476
2022-04-20,San Mateo,081,765935,124829,123279,7301,130580,701
2022-04-20,Santa Barbara,083,443738,86608,86214,4841,91055,685
2022-04-20,Santa Clara,085,1922200,317117,316355,12802,329157,2274
2022-04-20,Santa Cruz,087,273765,48871,47997,2192,50189,261
2022-04-20,Shasta,089,179085,30648,30590,6172,36762,554
2022-04-20,Sierra,091,2930,274,276,48,324,4
2022-04-20,Siskiyou,093,43540,4460,4446,2769,7215,80
2022-04-20,Solano,095,438530,82113,81841,5623,87464,447
2022-04-20,Sonoma,097,501317,84899,84429,2800,87229,485
2022-04-20,Stanislaus,099,539301,117778,117540,17591,135131,1630
2022-04-20,Sutter,101,95872,20546,20632,2151,22783,224
2022-04-20,Tehama,103,63373,12065,12061,2628,14689,199
2022-04-20,Trinity,105,12862,1185,1178,295,1473,20
2022-04-20,Tulare,107,460477,106745,105974,28728,134702,1439
2022-04-20,Tuolumne,109,53932,12683,12648,573,13221,180
2022-04-20,Ventura,111,848112,174336,173904,9431,183335,1475
2022-04-20,Yolo,113,214977,37292,36785,3246,40031,311
2022-04-20,Yuba,115,75493,15907,15868,1225,17093,121
2022-04-19,Alameda,001,1643700,260531,258734,14470,273204,1832
2022-04-19,Alpine,003,1148,124,124,1,125,0
2022-04-19,Amador,005,37829,8553,8494,661,9155,86
2022-04-19,Butte,007,227075,33142,33083,6709,39792,408
2022-04-19,Calaveras,009,45235,7304,7288,360,7648,119
2022-04-19,Colusa,011,21464,3453,3453,1074,4527,21
2022-04-19,Contra Costa,013,1133247,190930,190042,13512,203554,1299
2022-04-19,Del Norte,015,27424,5826,5814,197,6011,50
2022-04-19,El Dorado,017,186661,26885,26821,3241,30062,209
2022-04-19,Fresno,019,978130,232012,231568,24173,255741,2740
2022-04-19,Glenn,021,27897,4990,4988,1616,6604,48
2022-04-19,Humboldt,023,135768,17069,16976,3007,19983,145
2022-04-19,Imperial,025,180216,55512,55405,10860,66265,910
2022-04-19,Inyo,027,18085,4081,4075,505,4580,56
2022-04-19,Kern,029,883053,192231,191915,46403,238318,2262
2022-04-19,Kings,031,150075,51608,51571,3631,55202,445
2022-04-19,Lake,033,64148,10743,10711,904,11615,134
2022-04-19,Lassen,035,31185,8969,8951,890,9841,65
2022-04-19,Los Angeles,037,10098052,2730123,2721699,126256,2847955,31630
2022-04-19,Madera,039,155013,37339,37333,6122,43455,354
2022-04-19,Marin,041,260295,34247,33985,2658,36643,288
2022-04-19,Mariposa,043,17540,2429,2412,206,2618,30
2022-04-19,Mendocino,045,87422,13189,13128,3076,16204,122
2022-04-19,Merced,047,269075,62335,62322,8731,71053,813
2022-04-19,Modoc,049,8938,745,744,252,996,8
2022-04-19,Mono,051,14174,2986,2984,128,3112,6
2022-04-19,Monterey,053,433212,79830,79419,14065,93484,727
2022-04-19,Napa,055,140530,26176,26016,1021,27037,143
2022-04-19,Nevada,057,99092,16065,16034,1227,17261,127
2022-04-19,Orange,059,3164182,550148,549136,42145,591281,6963
2022-04-19,Placer,061,380077,63122,62928,7469,70397,619
2022-04-19,Plumas,063,18699,2985,2932,371,3303,13
2022-04-19,Riverside,065,2383286,593500,592224,28374,620598,6447
2022-04-19,Sacramento,067,1510023,282529,279326,27390,306716,2987
2022-04-19,San Benito,069,59416,12957,12971,522,13493,98
2022-04-19,San Bernardino,071,2135413,568845,565405,25297,590702,6977
2022-04-19,San Diego,073,3302833,758544,757138,52978,810116,5231
2022-04-19,San Francisco,075,870044,128472,127594,8583,136177,854
2022-04-19,San Joaquin,077,732212,166982,166531,10113,176644,2222
2022-04-19,San Luis Obispo,079,281455,52848,52740,3847,56587,476
2022-04-19,San Mateo,081,765935,124595,123279,7279,130558,701
2022-04-19,Santa Barbara,083,443738,86554,86214,4834,91048,685
2022-04-19,Santa Clara,085,1922200,316701,316355,12772,329127,2274
2022-04-19,Santa Cruz,087,273765,48817,47997,2190,50187,261
2022-04-19,Shasta,089,179085,30636,30590,6171,36761,554
2022-04-19,Sierra,091,2930,274,276,48,324,4
2022-04-19,Siskiyou,093,43540,4459,4446,2767,7213,80
2022-04-19,Solano,095,438530,82035,81841,5618,87459,447
2022-04-19,Sonoma,097,501317,84795,84429,2777,87206,485
2022-04-19,Stanislaus,099,539301,117752,117540,17587,135127,1630
2022-04-19,Sutter,101,95872,20546,20632,2151,22783,224
2022-04-19,Tehama,103,63373,12064,12061,2628,14689,199
2022-04-19,Trinity,105,12862,1184,1178,295,1473,20
2022-04-19,Tulare,107,460477,106729,105974,28722,134696,1439
2022-04-19,Tuolumne,109,53932,12681,12648,573,13221,180
2022-04-19,Ventura,111,848112,174243,173904,9421,183325,1475
2022-04-19,Yolo,113,214977,37260,36785,3244,40029,311
2022-04-19,Yuba,115,75493,15900,15868,1225,17093,121
2022-04-18,Alameda,001,1643700,260147,258734,14448,273182,1832
2022-04-18,Alpine,003,1148,124,124,1,125,0
2022-04-18,Amador,005,37829,8552,8494,660,9154,86
2022-04-18,Butte,007,227075,33138,33083,6704,39787,408
2022-04-18,Calaveras,009,45235,7300,7288,359,7647,119
2022-04-18,Colusa,011,21464,3452,3453,1074,4527,21
2022-04-18,Contra Costa,013,1133247,190697,190042,13492,203534,1299
2022-04-18,Del Norte,015,27424,5821,5814,197,6011,50
2022-04-18,El Dorado,017,186661,26868,26821,3238,30059,209
2022-04-18,Fresno,019,978130,231967,231568,24162,255730,2740
2022-04-18,Glenn,021,27897,4989,4988,1615,6603,48
2022-04-18,Humboldt,023,135768,17038,16976,3005,19981,145
2022-04-18,Imperial,025,180216,55500,55405,10858,66263,910
2022-04-18,Inyo,027,18085,4081,4075,505,4580,56
2022-04-18,Kern,029,883053,192187,191915,46391,238306,2262
2022-04-18,Kings,031,150075,51603,51571,3631,55202,445
2022-04-18,Lake,033,64148,10739,10711,904,11615,134
2022-04-18,Lassen,035,31185,8969,8951,890,9841,65
2022-04-18,Los Angeles,037,10098052,2728311,2721699,126142,2847841,31630
2022-04-18,Madera,039,155013,37331,37333,6121,43454,354
2022-04-18,Marin,041,260295,34183,33985,2634,36619,288
2022-04-18,Mariposa,043,17540,2427,2412,206,2618,30
2022-04-18,Mendocino,045,87422,13173,13128,3070,16198,122
2022-04-18,Merced,047,269075,62323,62322,8725,71047,813
2022-04-18,Modoc,049,8938,744,744,252,996,8
2022-04-18,Mono,051,14174,2985,2984,128,3112,6
2022-04-18,Monterey,053,433212,79755,79419,14049,93468,727
2022-04-18,Napa,055,140530,26140,26016,1020,27036,143
2022-04-18,Nevada,057,99092,16055,16034,1225,17259,127
2022-04-18,Orange,059,3164182,549863,549136,42111,591247,6963
2022-04-18,Placer,061,380077,63091,62928,7467,70395,619
2022-04-18,Plumas,063,18699,2985,2932,371,3303,13
2022-04-18,Riverside,065,2383286,593289,592224,28354,620578,6447
2022-04-18,Sacramento,067,1510023,282372,279326,27377,306703,2987
2022-04-18,San Benito,069,59416,12951,12971,522,13493,98
2022-04-18,San Bernardino,071,2135413,568632,565405,25274,590679,6977
2022-04-18,San Diego,073,3302833,758079,757138,52929,810067,5231
2022-04-18,San Francisco,075,870044,128151,127594,8571,136165,854
2022-04-18,San Joaquin,077,732212,166923,166531,10106,176637,2222
2022-04-18,San Luis Obispo,079,281455,52820,52740,3842,56582,476
2022-04-18,San Mateo,081,765935,124362,123279,7257,130536,701
2022-04-18,Santa Barbara,083,443738,86484,86214,4831,91045,685
2022-04-18,Santa Clara,085,1922200,316253,316355,12747,329102,2274
2022-04-18,Santa Cruz,087,273765,48712,47997,2185,50182,261
2022-04-18,Shasta,089,179085,30631,30590,6169,36759,554
2022-04-18,Sierra,091,2930,274,276,48,324,4
2022-04-18,Siskiyou,093,43540,4458,4446,2766,7212,80
2022-04-18,Solano,095,438530,81974,81841,5613,87454,447
2022-04-18,Sonoma,097,501317,84696,84429,2763,87192,485
2022-04-18,Stanislaus,099,539301,117721,117540,17583,135123,1630
2022-04-18,Sutter,101,95872,20544,20632,2148,22780,224
2022-04-18,Tehama,103,63373,12060,12061,2628,14689,199
2022-04-18,Trinity,105,12862,1184,1178,295,1473,20
2022-04-18,Tulare,107,460477,106714,105974,28711,134685,1439
2022-04-18,Tuolumne,109,53932,12673,12648,572,13220,180
2022-04-18,Ventura,111,848112,174149,173904,9414,183318,1475
2022-04-18,Yolo,113,214977,37217,36785,3244,40029,311
2022-04-18,Yuba,115,75493,15891,15868,1222,17090,121
2022-04-17,Alameda,001,1643700,259752,257897,14422,272319,1829
2022-04-17,Alpine,003,1148,124,124,1,125,0
2022-04-17,Amador,005,37829,8546,8491,658,9149,86
2022-04-17,Butte,007,227075,33135,33053,6701,39754,405
2022-04-17,Calaveras,009,45235,7296,7275,357,7632,119
2022-04-17,Colusa,011,21464,3451,3450,1074,4524,21
2022-04-17,Contra Costa,013,1133247,190467,189742,13456,203198,1298
2022-04-17,Del Norte,015,27424,5817,5809,197,6006,50
2022-04-17,El Dorado,017,186661,26856,26796,3237,30033,209
2022-04-17,Fresno,019,978130,231891,231455,24156,255611,2739
2022-04-17,Glenn,021,27897,4989,4991,1615,6606,48
2022-04-17,Humboldt,023,135768,17005,16929,3002,19931,143
2022-04-17,Imperial,025,180216,55492,55371,10856,66227,910
2022-04-17,Inyo,027,18085,4078,4075,505,4580,56
2022-04-17,Kern,029,883053,192152,191866,46376,238242,2258
2022-04-17,Kings,031,150075,51592,51544,3629,55173,445
2022-04-17,Lake,033,64148,10738,10702,904,11606,134
2022-04-17,Lassen,035,31185,8969,8950,890,9840,65
2022-04-17,Los Angeles,037,10098052,2726341,2717479,126024,2843503,31598
2022-04-17,Madera,039,155013,37325,37362,6121,43483,354
2022-04-17,Marin,041,260295,34115,33829,2604,36433,288
2022-04-17,Mariposa,043,17540,2419,2406,206,2612,30
2022-04-17,Mendocino,045,87422,13158,13107,3066,16173,122
2022-04-17,Merced,047,269075,62304,62295,8722,71017,813
2022-04-17,Modoc,049,8938,744,743,252,995,8
2022-04-17,Mono,051,14174,2985,2977,128,3105,6
2022-04-17,Monterey,053,433212,79725,79311,14028,93339,727
2022-04-17,Napa,055,140530,26098,25929,1014,26943,143
2022-04-17,Nevada,057,99092,16039,16014,1222,17236,123
2022-04-17,Orange,059,3164182,549497,548311,42060,590371,6945
2022-04-17,Placer,061,380077,63051,62882,7461,70343,618
2022-04-17,Plumas,063,18699,2985,2929,371,3300,13
2022-04-17,Riverside,065,2383286,593067,591772,28331,620103,6443
2022-04-17,Sacramento,067,1510023,282208,278523,27351,305874,2978
2022-04-17,San Benito,069,59416,12948,12926,521,13447,98
2022-04-17,San Bernardino,071,2135413,568395,564397,25258,589655,6948
2022-04-17,San Diego,073,3302833,757600,756165,52861,809026,5229
2022-04-17,San Francisco,075,870044,127836,126976,8555,135531,854
2022-04-17,San Joaquin,077,732212,166873,166645,10099,176744,2220
2022-04-17,San Luis Obispo,079,281455,52751,52698,3838,56536,476
2022-04-17,San Mateo,081,765935,124123,122652,7242,129894,699
2022-04-17,Santa Barbara,083,443738,86425,86030,4825,90855,684
2022-04-17,Santa Clara,085,1922200,315757,315296,12719,328015,2268
2022-04-17,Santa Cruz,087,273765,48589,47895,2182,50077,261
2022-04-17,Shasta,089,179085,30620,30578,6165,36743,554
2022-04-17,Sierra,091,2930,274,276,48,324,4
2022-04-17,Siskiyou,093,43540,4453,4444,2765,7209,80
2022-04-17,Solano,095,438530,81911,81781,5610,87391,447
2022-04-17,Sonoma,097,501317,84585,84172,2755,86927,485
2022-04-17,Stanislaus,099,539301,117690,117567,17575,135142,1619
2022-04-17,Sutter,101,95872,20538,20621,2147,22768,224
2022-04-17,Tehama,103,63373,12059,12061,2628,14689,199
2022-04-17,Trinity,105,12862,1183,1178,295,1473,20
2022-04-17,Tulare,107,460477,106700,105757,28702,134459,1428
2022-04-17,Tuolumne,109,53932,12667,12640,572,13212,180
2022-04-17,Ventura,111,848112,174054,173665,9402,183067,1474
2022-04-17,Yolo,113,214977,37188,36752,3242,39994,311
2022-04-17,Yuba,115,75493,15883,15857,1222,17079,121
2022-04-16,Alameda,001,1643700,259601,257897,14412,272309,1829
2022-04-16,Alpine,003,1148,124,124,1,125,0
2022-04-16,Amador,005,37829,8545,8491,658,9149,86
2022-04-16,Butte,007,227075,33132,33053,6699,39752,405
2022-04-16,Calaveras,009,45235,7295,7275,357,7632,119
2022-04-16,Colusa,011,21464,3451,3450,1074,4524,21
2022-04-16,Contra Costa,013,1133247,190377,189742,13450,203192,1298
2022-04-16,Del Norte,015,27424,5817,5809,197,6006,50
2022-04-16,El Dorado,017,186661,26845,26796,3237,30033,209
2022-04-16,Fresno,019,978130,231864,231455,24155,255610,2739
2022-04-16,Glenn,021,27897,4989,4991,1615,6606,48
2022-04-16,Humboldt,023,135768,16998,16929,2997,19926,143
2022-04-16,Imperial,025,180216,55486,55371,10855,66226,910
2022-04-16,Inyo,027,18085,4078,4075,505,4580,56
2022-04-16,Kern,029,883053,192142,191866,46363,238229,2258
2022-04-16,Kings,031,150075,51589,51544,3629,55173,445
2022-04-16,Lake,033,64148,10736,10702,904,11606,134
2022-04-16,Lassen,035,31185,8969,8950,890,9840,65
2022-04-16,Los Angeles,037,10098052,2725653,2717479,125974,2843453,31598
2022-04-16,Madera,039,155013,37324,37362,6121,43483,354
2022-04-16,Marin,041,260295,34077,33829,2578,36407,288
2022-04-16,Mariposa,043,17540,2418,2406,206,2612,30
2022-04-16,Mendocino,045,87422,13152,13107,3066,16173,122
2022-04-16,Merced,047,269075,62301,62295,8722,71017,813
2022-04-16,Modoc,049,8938,744,743,252,995,8
2022-04-16,Mono,051,14174,2985,2977,128,3105,6
2022-04-16,Monterey,053,433212,79709,79311,14019,93330,727
2022-04-16,Napa,055,140530,26075,25929,1011,26940,143
2022-04-16,Nevada,057,99092,16036,16014,1221,17235,123
2022-04-16,Orange,059,3164182,549382,548311,42031,590342,6945
2022-04-16,Placer,061,380077,63035,62882,7459,70341,618
2022-04-16,Plumas,063,18699,2983,2929,371,3300,13
2022-04-16,Riverside,065,2383286,592989,591772,28325,620097,6443
2022-04-16,Sacramento,067,1510023,282158,278523,27343,305866,2978
2022-04-16,San Benito,069,59416,12947,12926,521,13447,98
2022-04-16,San Bernardino,071,2135413,568298,564397,25254,589651,6948
2022-04-16,San Diego,073,3302833,757456,756165,52849,809014,5229
2022-04-16,San Francisco,075,870044,127681,126976,8546,135522,854
2022-04-16,San Joaquin,077,732212,166835,166645,10095,176740,2220
2022-04-16,San Luis Obispo,079,281455,52745,52698,3837,56535,476
2022-04-16,San Mateo,081,765935,124027,122652,7237,129889,699
2022-04-16,Santa Barbara,083,443738,86396,86030,4825,90855,684
2022-04-16,Santa Clara,085,1922200,315522,315296,12710,328006,2268
2022-04-16,Santa Cruz,087,273765,48562,47895,2182,50077,261
2022-04-16,Shasta,089,179085,30616,30578,6165,36743,554
2022-04-16,Sierra,091,2930,274,276,48,324,4
2022-04-16,Siskiyou,093,43540,4453,4444,2765,7209,80
2022-04-16,Solano,095,438530,81896,81781,5607,87388,447
2022-04-16,Sonoma,097,501317,84535,84172,2745,86917,485
2022-04-16,Stanislaus,099,539301,117670,117567,17570,135137,1619
2022-04-16,Sutter,101,95872,20535,20621,2147,22768,224
2022-04-16,Tehama,103,63373,12058,12061,2628,14689,199
2022-04-16,Trinity,105,12862,1183,1178,295,1473,20
2022-04-16,Tulare,107,460477,106689,105757,28699,134456,1428
2022-04-16,Tuolumne,109,53932,12666,12640,572,13212,180
2022-04-16,Ventura,111,848112,174027,173665,9399,183064,1474
2022-04-16,Yolo,113,214977,37179,36752,3241,39993,311
2022-04-16,Yuba,115,75493,15881,15857,1222,17079,121
2022-04-15,Alameda,001,1643700,259419,257897,14404,272301,1829
2022-04-15,Alpine,003,1148,124,124,1,125,0
2022-04-15,Amador,005,37829,8544,8491,657,9148,86
2022-04-15,Butte,007,227075,33130,33053,6696,39749,405
2022-04-15,Calaveras,009,45235,7293,7275,357,7632,119
2022-04-15,Colusa,011,21464,3451,3450,1074,4524,21
2022-04-15,Contra Costa,013,1133247,190264,189742,13446,203188,1298
2022-04-15,Del Norte,015,27424,5817,5809,197,6006,50
2022-04-15,El Dorado,017,186661,26831,26796,3236,30032,209
2022-04-15,Fresno,019,978130,231835,231455,24155,255610,2739
2022-04-15,Glenn,021,27897,4989,4991,1615,6606,48
2022-04-15,Humboldt,023,135768,16986,16929,2996,19925,143
2022-04-15,Imperial,025,180216,55484,55371,10855,66226,910
2022-04-15,Inyo,027,18085,4078,4075,504,4579,56
2022-04-15,Kern,029,883053,192128,191866,46355,238221,2258
2022-04-15,Kings,031,150075,51585,51544,3629,55173,445
2022-04-15,Lake,033,64148,10731,10702,904,11606,134
2022-04-15,Lassen,035,31185,8969,8950,890,9840,65
2022-04-15,Los Angeles,037,10098052,2724888,2717479,125908,2843387,31598
2022-04-15,Madera,039,155013,37322,37362,6121,43483,354
2022-04-15,Marin,041,260295,34043,33829,2557,36386,288
2022-04-15,Mariposa,043,17540,2417,2406,206,2612,30
2022-04-15,Mendocino,045,87422,13146,13107,3065,16172,122
2022-04-15,Merced,047,269075,62297,62295,8722,71017,813
2022-04-15,Modoc,049,8938,744,743,252,995,8
2022-04-15,Mono,051,14174,2981,2977,127,3104,6
2022-04-15,Monterey,053,433212,79684,79311,14013,93324,727
2022-04-15,Napa,055,140530,26058,25929,1009,26938,143
2022-04-15,Nevada,057,99092,16034,16014,1220,17234,123
2022-04-15,Orange,059,3164182,549261,548311,42001,590312,6945
2022-04-15,Placer,061,380077,63021,62882,7458,70340,618
2022-04-15,Plumas,063,18699,2983,2929,371,3300,13
2022-04-15,Riverside,065,2383286,592890,591772,28319,620091,6443
2022-04-15,Sacramento,067,1510023,282078,278523,27339,305862,2978
2022-04-15,San Benito,069,59416,12945,12926,520,13446,98
2022-04-15,San Bernardino,071,2135413,568217,564397,25250,589647,6948
2022-04-15,San Diego,073,3302833,757263,756165,52834,808999,5229
2022-04-15,San Francisco,075,870044,127531,126976,8533,135509,854
2022-04-15,San Joaquin,077,732212,166813,166645,10092,176737,2220
2022-04-15,San Luis Obispo,079,281455,52737,52698,3837,56535,476
2022-04-15,San Mateo,081,765935,123891,122652,7226,129878,699
2022-04-15,Santa Barbara,083,443738,86362,86030,4824,90854,684
2022-04-15,Santa Clara,085,1922200,315227,315296,12702,327998,2268
2022-04-15,Santa Cruz,087,273765,48533,47895,2181,50076,261
2022-04-15,Shasta,089,179085,30607,30578,6165,36743,554
2022-04-15,Sierra,091,2930,274,276,48,324,4
2022-04-15,Siskiyou,093,43540,4451,4444,2765,7209,80
2022-04-15,Solano,095,438530,81871,81781,5607,87388,447
2022-04-15,Sonoma,097,501317,84484,84172,2730,86902,485
2022-04-15,Stanislaus,099,539301,117651,117567,17568,135135,1619
2022-04-15,Sutter,101,95872,20532,20621,2147,22768,224
2022-04-15,Tehama,103,63373,12058,12061,2628,14689,199
2022-04-15,Trinity,105,12862,1183,1178,295,1473,20
2022-04-15,Tulare,107,460477,106683,105757,28693,134450,1428
2022-04-15,Tuolumne,109,53932,12664,12640,571,13211,180
2022-04-15,Ventura,111,848112,173998,173665,9392,183057,1474
2022-04-15,Yolo,113,214977,37169,36752,3241,39993,311
2022-04-15,Yuba,115,75493,15878,15857,1222,17079,121
2022-04-14,Alameda,001,1643700,259151,257897,14393,272290,1829
2022-04-14,Alpine,003,1148,124,124,1,125,0
2022-04-14,Amador,005,37829,8544,8491,657,9148,86
2022-04-14,Butte,007,227075,33125,33053,6690,39743,405
2022-04-14,Calaveras,009,45235,7292,7275,357,7632,119
2022-04-14,Colusa,011,21464,3451,3450,1074,4524,21
2022-04-14,Contra Costa,013,1133247,190109,189742,13436,203178,1298
2022-04-14,Del Norte,015,27424,5815,5809,197,6006,50
2022-04-14,El Dorado,017,186661,26828,26796,3234,30030,209
2022-04-14,Fresno,019,978130,231809,231455,24154,255609,2739
2022-04-14,Glenn,021,27897,4988,4991,1613,6604,48
2022-04-14,Humboldt,023,135768,16972,16929,2994,19923,143
2022-04-14,Imperial,025,180216,55474,55371,10855,66226,910
2022-04-14,Inyo,027,18085,4078,4075,503,4578,56
2022-04-14,Kern,029,883053,192108,191866,46347,238213,2258
2022-04-14,Kings,031,150075,51577,51544,3629,55173,445
2022-04-14,Lake,033,64148,10730,10702,904,11606,134
2022-04-14,Lassen,035,31185,8969,8950,889,9839,65
2022-04-14,Los Angeles,037,10098052,2723803,2717479,125816,2843295,31598
2022-04-14,Madera,039,155013,37320,37362,6121,43483,354
2022-04-14,Marin,041,260295,34008,33829,2530,36359,288
2022-04-14,Mariposa,043,17540,2416,2406,206,2612,30
2022-04-14,Mendocino,045,87422,13141,13107,3065,16172,122
2022-04-14,Merced,047,269075,62292,62295,8722,71017,813
2022-04-14,Modoc,049,8938,743,743,252,995,8
2022-04-14,Mono,051,14174,2981,2977,125,3102,6
2022-04-14,Monterey,053,433212,79658,79311,14007,93318,727
2022-04-14,Napa,055,140530,26035,25929,1008,26937,143
2022-04-14,Nevada,057,99092,16027,16014,1219,17233,123
2022-04-14,Orange,059,3164182,549074,548311,41974,590285,6945
2022-04-14,Placer,061,380077,63003,62882,7453,70335,618
2022-04-14,Plumas,063,18699,2983,2929,371,3300,13
2022-04-14,Riverside,065,2383286,592773,591772,28309,620081,6443
2022-04-14,Sacramento,067,1510023,281955,278523,27325,305848,2978
2022-04-14,San Benito,069,59416,12939,12926,520,13446,98
2022-04-14,San Bernardino,071,2135413,568043,564397,25244,589641,6948
2022-04-14,San Diego,073,3302833,756986,756165,52801,808966,5229
2022-04-14,San Francisco,075,870044,127327,126976,8522,135498,854
2022-04-14,San Joaquin,077,732212,166783,166645,10089,176734,2220
2022-04-14,San Luis Obispo,079,281455,52721,52698,3834,56532,476
2022-04-14,San Mateo,081,765935,123729,122652,7207,129859,699
2022-04-14,Santa Barbara,083,443738,86317,86030,4823,90853,684
2022-04-14,Santa Clara,085,1922200,314928,315296,12693,327989,2268
2022-04-14,Santa Cruz,087,273765,48502,47895,2180,50075,261
2022-04-14,Shasta,089,179085,30605,30578,6164,36742,554
2022-04-14,Sierra,091,2930,274,276,48,324,4
2022-04-14,Siskiyou,093,43540,4451,4444,2764,7208,80
2022-04-14,Solano,095,438530,81832,81781,5604,87385,447
2022-04-14,Sonoma,097,501317,84391,84172,2725,86897,485
2022-04-14,Stanislaus,099,539301,117632,117567,17565,135132,1619
2022-04-14,Sutter,101,95872,20530,20621,2138,22759,224
2022-04-14,Tehama,103,63373,12057,12061,2627,14688,199
2022-04-14,Trinity,105,12862,1183,1178,295,1473,20
2022-04-14,Tulare,107,460477,106669,105757,28689,134446,1428
2022-04-14,Tuolumne,109,53932,12660,12640,571,13211,180
2022-04-14,Ventura,111,848112,173947,173665,9385,183050,1474
2022-04-14,Yolo,113,214977,37158,36752,3237,39989,311
2022-04-14,Yuba,115,75493,15875,15857,1222,17079,121
2022-04-13,Alameda,001,1643700,258896,257440,14374,271814,1833
2022-04-13,Alpine,003,1148,124,124,1,125,0
2022-04-13,Amador,005,37829,8542,8490,657,9147,86
2022-04-13,Butte,007,227075,33117,33044,6690,39734,402
2022-04-13,Calaveras,009,45235,7291,7270,357,7627,119
2022-04-13,Colusa,011,21464,3451,3451,1074,4525,21
2022-04-13,Contra Costa,013,1133247,189981,189471,13421,202892,1298
2022-04-13,Del Norte,015,27424,5813,5812,197,6009,50
2022-04-13,El Dorado,017,186661,26824,26794,3234,30028,208
2022-04-13,Fresno,019,978130,231777,231325,24142,255467,2738
2022-04-13,Glenn,021,27897,4987,4989,1613,6602,48
2022-04-13,Humboldt,023,135768,16959,16922,2993,19915,143
2022-04-13,Imperial,025,180216,55462,55353,10850,66203,910
2022-04-13,Inyo,027,18085,4078,4074,500,4574,56
2022-04-13,Kern,029,883053,192085,191859,46341,238200,2249
2022-04-13,Kings,031,150075,51571,51535,3629,55164,443
2022-04-13,Lake,033,64148,10728,10695,904,11599,134
2022-04-13,Lassen,035,31185,8968,8949,889,9838,65
2022-04-13,Los Angeles,037,10098052,2722541,2715722,125742,2841464,31578
2022-04-13,Madera,039,155013,37317,37361,6120,43481,354
2022-04-13,Marin,041,260295,33969,33747,2500,36247,288
2022-04-13,Mariposa,043,17540,2410,2402,206,2608,29
2022-04-13,Mendocino,045,87422,13132,13101,3063,16164,120
2022-04-13,Merced,047,269075,62281,62276,8721,70997,811
2022-04-13,Modoc,049,8938,743,743,252,995,8
2022-04-13,Mono,051,14174,2979,2971,125,3096,6
2022-04-13,Monterey,053,433212,79645,79179,13997,93176,727
2022-04-13,Napa,055,140530,26019,25892,1005,26897,143
2022-04-13,Nevada,057,99092,16021,16002,1219,17221,123
2022-04-13,Orange,059,3164182,548871,547783,41947,589730,6935
2022-04-13,Placer,061,380077,62975,62851,7449,70300,615
2022-04-13,Plumas,063,18699,2982,2923,371,3294,13
2022-04-13,Riverside,065,2383286,592642,591659,28301,619960,6437
2022-04-13,Sacramento,067,1510023,281867,277866,27322,305188,2974
2022-04-13,San Benito,069,59416,12933,12927,520,13447,98
2022-04-13,San Bernardino,071,2135413,567900,563709,25236,588945,6905
2022-04-13,San Diego,073,3302833,756702,755584,52772,808356,5223
2022-04-13,San Francisco,075,870044,127156,126608,8506,135114,850
2022-04-13,San Joaquin,077,732212,166748,166654,10086,176740,2219
2022-04-13,San Luis Obispo,079,281455,52697,52660,3834,56494,476
2022-04-13,San Mateo,081,765935,123579,122167,7184,129351,699
2022-04-13,Santa Barbara,083,443738,86278,85938,4819,90757,684
2022-04-13,Santa Clara,085,1922200,314662,314863,12675,327538,2267
2022-04-13,Santa Cruz,087,273765,48449,47765,2179,49944,260
2022-04-13,Shasta,089,179085,30603,30569,6164,36733,551
2022-04-13,Sierra,091,2930,274,276,48,324,4
2022-04-13,Siskiyou,093,43540,4450,4444,2763,7207,80
2022-04-13,Solano,095,438530,81794,81843,5602,87445,448
2022-04-13,Sonoma,097,501317,84324,84033,2710,86743,485
2022-04-13,Stanislaus,099,539301,117614,117573,17562,135135,1577
2022-04-13,Sutter,101,95872,20526,20610,2138,22748,223
2022-04-13,Tehama,103,63373,12056,12062,2626,14688,200
2022-04-13,Trinity,105,12862,1183,1177,295,1472,20
2022-04-13,Tulare,107,460477,106662,105519,28684,134203,1426
2022-04-13,Tuolumne,109,53932,12654,12639,571,13210,180
2022-04-13,Ventura,111,848112,173889,173558,9381,182939,1474
2022-04-13,Yolo,113,214977,37137,36684,3235,39919,311
2022-04-13,Yuba,115,75493,15871,15851,1222,17073,121
2022-04-12,Alameda,001,1643700,258652,257440,14364,271804,1833
2022-04-12,Alpine,003,1148,124,124,1,125,0
2022-04-12,Amador,005,37829,8541,8490,657,9147,86
2022-04-12,Butte,007,227075,33105,33044,6684,39728,402
2022-04-12,Calaveras,009,45235,7287,7270,356,7626,119
2022-04-12,Colusa,011,21464,3451,3451,1074,4525,21
2022-04-12,Contra Costa,013,1133247,189823,189471,13407,202878,1298
2022-04-12,Del Norte,015,27424,5811,5812,197,6009,50
2022-04-12,El Dorado,017,186661,26812,26794,3234,30028,208
2022-04-12,Fresno,019,978130,231747,231325,24135,255460,2738
2022-04-12,Glenn,021,27897,4987,4989,1613,6602,48
2022-04-12,Humboldt,023,135768,16951,16922,2992,19914,143
2022-04-12,Imperial,025,180216,55457,55353,10841,66194,910
2022-04-12,Inyo,027,18085,4078,4074,499,4573,56
2022-04-12,Kern,029,883053,192066,191859,46332,238191,2249
2022-04-12,Kings,031,150075,51563,51535,3627,55162,443
2022-04-12,Lake,033,64148,10724,10695,903,11598,134
2022-04-12,Lassen,035,31185,8968,8949,889,9838,65
2022-04-12,Los Angeles,037,10098052,2721296,2715722,125642,2841364,31578
2022-04-12,Madera,039,155013,37316,37361,6120,43481,354
2022-04-12,Marin,041,260295,33925,33747,2473,36220,288
2022-04-12,Mariposa,043,17540,2410,2402,206,2608,29
2022-04-12,Mendocino,045,87422,13123,13101,3058,16159,120
2022-04-12,Merced,047,269075,62267,62276,8718,70994,811
2022-04-12,Modoc,049,8938,743,743,252,995,8
2022-04-12,Mono,051,14174,2979,2971,125,3096,6
2022-04-12,Monterey,053,433212,79621,79179,13991,93170,727
2022-04-12,Napa,055,140530,25996,25892,995,26887,143
2022-04-12,Nevada,057,99092,16018,16002,1218,17220,123
2022-04-12,Orange,059,3164182,548618,547783,41912,589695,6935
2022-04-12,Placer,061,380077,62952,62851,7443,70294,615
2022-04-12,Plumas,063,18699,2980,2923,371,3294,13
2022-04-12,Riverside,065,2383286,592497,591659,28279,619938,6437
2022-04-12,Sacramento,067,1510023,281750,277866,27320,305186,2974
2022-04-12,San Benito,069,59416,12929,12927,519,13446,98
2022-04-12,San Bernardino,071,2135413,567727,563709,25231,588940,6905
2022-04-12,San Diego,073,3302833,756373,755584,52733,808317,5223
2022-04-12,San Francisco,075,870044,126947,126608,8490,135098,850
2022-04-12,San Joaquin,077,732212,166717,166654,10084,176738,2219
2022-04-12,San Luis Obispo,079,281455,52664,52660,3829,56489,476
2022-04-12,San Mateo,081,765935,123421,122167,7157,129324,699
2022-04-12,Santa Barbara,083,443738,86231,85938,4816,90754,684
2022-04-12,Santa Clara,085,1922200,314368,314863,12668,327531,2267
2022-04-12,Santa Cruz,087,273765,48371,47765,2177,49942,260
2022-04-12,Shasta,089,179085,30603,30569,6163,36732,551
2022-04-12,Sierra,091,2930,274,276,48,324,4
2022-04-12,Siskiyou,093,43540,4450,4444,2761,7205,80
2022-04-12,Solano,095,438530,81757,81843,5600,87443,448
2022-04-12,Sonoma,097,501317,84266,84033,2704,86737,485
2022-04-12,Stanislaus,099,539301,117594,117573,17556,135129,1577
2022-04-12,Sutter,101,95872,20523,20610,2138,22748,223
2022-04-12,Tehama,103,63373,12054,12062,2626,14688,200
2022-04-12,Trinity,105,12862,1183,1177,295,1472,20
2022-04-12,Tulare,107,460477,106647,105519,28679,134198,1426
2022-04-12,Tuolumne,109,53932,12652,12639,569,13208,180
2022-04-12,Ventura,111,848112,173842,173558,9377,182935,1474
2022-04-12,Yolo,113,214977,37123,36684,3228,39912,311
2022-04-12,Yuba,115,75493,15866,15851,1222,17073,121
2022-04-11,Alameda,001,1643700,258360,256649,14347,270996,1826
2022-04-11,Alpine,003,1148,124,124,1,125,0
2022-04-11,Amador,005,37829,8540,8489,657,9146,86
2022-04-11,Butte,007,227075,33092,33031,6681,39712,399
2022-04-11,Calaveras,009,45235,7284,7260,356,7616,119
2022-04-11,Colusa,011,21464,3449,3449,1074,4523,21
2022-04-11,Contra Costa,013,1133247,189650,189154,13391,202545,1296
2022-04-11,Del Norte,015,27424,5810,5811,197,6008,50
2022-04-11,El Dorado,017,186661,26800,26757,3233,29990,207
2022-04-11,Fresno,019,978130,231727,231090,24134,255224,2731
2022-04-11,Glenn,021,27897,4986,4988,1612,6600,47
2022-04-11,Humboldt,023,135768,16935,16913,2992,19905,141
2022-04-11,Imperial,025,180216,55452,55267,10839,66106,910
2022-04-11,Inyo,027,18085,4078,4071,499,4570,56
2022-04-11,Kern,029,883053,192042,191542,46327,237869,2244
2022-04-11,Kings,031,150075,51559,51519,3627,55146,443
2022-04-11,Lake,033,64148,10723,10690,902,11592,134
2022-04-11,Lassen,035,31185,8968,8948,889,9837,65
2022-04-11,Los Angeles,037,10098052,2720049,2709735,125570,2835305,31509
2022-04-11,Madera,039,155013,37309,37356,6120,43476,354
2022-04-11,Marin,041,260295,33869,33648,2454,36102,288
2022-04-11,Mariposa,043,17540,2409,2394,206,2600,29
2022-04-11,Mendocino,045,87422,13119,13087,3056,16143,120
2022-04-11,Merced,047,269075,62258,62231,8716,70947,811
2022-04-11,Modoc,049,8938,743,743,252,995,8
2022-04-11,Mono,051,14174,2978,2967,124,3091,6
2022-04-11,Monterey,053,433212,79602,79103,13980,93083,727
2022-04-11,Napa,055,140530,25980,25824,993,26817,144
2022-04-11,Nevada,057,99092,16014,15976,1218,17194,123
2022-04-11,Orange,059,3164182,548413,546983,41877,588860,6912
2022-04-11,Placer,061,380077,62929,62831,7441,70272,616
2022-04-11,Plumas,063,18699,2978,2887,371,3258,13
2022-04-11,Riverside,065,2383286,592368,591268,28261,619529,6429
2022-04-11,Sacramento,067,1510023,281649,277125,27317,304442,2972
2022-04-11,San Benito,069,59416,12927,12917,519,13436,98
2022-04-11,San Bernardino,071,2135413,567572,562571,25222,587793,6892
2022-04-11,San Diego,073,3302833,756048,754281,52696,806977,5210
2022-04-11,San Francisco,075,870044,126718,125963,8477,134440,844
2022-04-11,San Joaquin,077,732212,166679,166547,10079,176626,2212
2022-04-11,San Luis Obispo,079,281455,52641,52609,3828,56437,476
2022-04-11,San Mateo,081,765935,123233,121514,7146,128660,698
2022-04-11,Santa Barbara,083,443738,86182,85754,4811,90565,680
2022-04-11,Santa Clara,085,1922200,314021,313965,12653,326618,2266
2022-04-11,Santa Cruz,087,273765,48276,47624,2168,49792,259
2022-04-11,Shasta,089,179085,30598,30586,6162,36748,549
2022-04-11,Sierra,091,2930,274,272,48,320,4
2022-04-11,Siskiyou,093,43540,4450,4444,2759,7203,80
2022-04-11,Solano,095,438530,81733,81886,5599,87485,448
2022-04-11,Sonoma,097,501317,84196,83600,2696,86296,485
2022-04-11,Stanislaus,099,539301,117560,117528,17548,135076,1578
2022-04-11,Sutter,101,95872,20520,20591,2138,22729,223
2022-04-11,Tehama,103,63373,12053,12059,2626,14685,201
2022-04-11,Trinity,105,12862,1183,1177,295,1472,20
2022-04-11,Tulare,107,460477,106636,105278,28671,133949,1415
2022-04-11,Tuolumne,109,53932,12649,12632,569,13201,180
2022-04-11,Ventura,111,848112,173784,173343,9376,182719,1467
2022-04-11,Yolo,113,214977,37104,36587,3225,39812,312
2022-04-11,Yuba,115,75493,15863,15848,1221,17069,121
2022-04-10,Alameda,001,1643700,258023,256649,14334,270983,1826
2022-04-10,Alpine,003,1148,124,124,1,125,0
2022-04-10,Amador,005,37829,8538,8489,657,9146,86
2022-04-10,Butte,007,227075,33088,33031,6678,39709,399
2022-04-10,Calaveras,009,45235,7281,7260,356,7616,119
2022-04-10,Colusa,011,21464,3448,3449,1074,4523,21
2022-04-10,Contra Costa,013,1133247,189487,189154,13374,202528,1296
2022-04-10,Del Norte,015,27424,5807,5811,197,6008,50
2022-04-10,El Dorado,017,186661,26793,26757,3231,29988,207
2022-04-10,Fresno,019,978130,231689,231090,24132,255222,2731
2022-04-10,Glenn,021,27897,4986,4988,1612,6600,47
2022-04-10,Humboldt,023,135768,16926,16913,2991,19904,141
2022-04-10,Imperial,025,180216,55449,55267,10835,66102,910
2022-04-10,Inyo,027,18085,4078,4071,497,4568,56
2022-04-10,Kern,029,883053,192023,191542,46322,237864,2244
2022-04-10,Kings,031,150075,51557,51519,3627,55146,443
2022-04-10,Lake,033,64148,10719,10690,900,11590,134
2022-04-10,Lassen,035,31185,8967,8948,889,9837,65
2022-04-10,Los Angeles,037,10098052,2718751,2709735,125478,2835213,31509
2022-04-10,Madera,039,155013,37304,37356,6119,43475,354
2022-04-10,Marin,041,260295,33829,33648,2426,36074,288
2022-04-10,Mariposa,043,17540,2407,2394,206,2600,29
2022-04-10,Mendocino,045,87422,13111,13087,3055,16142,120
2022-04-10,Merced,047,269075,62246,62231,8713,70944,811
2022-04-10,Modoc,049,8938,743,743,252,995,8
2022-04-10,Mono,051,14174,2973,2967,124,3091,6
2022-04-10,Monterey,053,433212,79587,79103,13970,93073,727
2022-04-10,Napa,055,140530,25958,25824,991,26815,144
2022-04-10,Nevada,057,99092,15997,15976,1218,17194,123
2022-04-10,Orange,059,3164182,548160,546983,41836,588819,6912
2022-04-10,Placer,061,380077,62898,62831,7440,70271,616
2022-04-10,Plumas,063,18699,2976,2887,371,3258,13
2022-04-10,Riverside,065,2383286,592231,591268,28249,619517,6429
2022-04-10,Sacramento,067,1510023,281553,277125,27306,304431,2972
2022-04-10,San Benito,069,59416,12924,12917,519,13436,98
2022-04-10,San Bernardino,071,2135413,567339,562571,25212,587783,6892
2022-04-10,San Diego,073,3302833,755725,754281,52653,806934,5210
2022-04-10,San Francisco,075,870044,126478,125963,8462,134425,844
2022-04-10,San Joaquin,077,732212,166629,166547,10072,176619,2212
2022-04-10,San Luis Obispo,079,281455,52607,52609,3825,56434,476
2022-04-10,San Mateo,081,765935,123063,121514,7134,128648,698
2022-04-10,Santa Barbara,083,443738,86098,85754,4801,90555,680
2022-04-10,Santa Clara,085,1922200,313687,313965,12639,326604,2266
2022-04-10,Santa Cruz,087,273765,48186,47624,2165,49789,259
2022-04-10,Shasta,089,179085,30591,30586,6162,36748,549
2022-04-10,Sierra,091,2930,274,272,48,320,4
2022-04-10,Siskiyou,093,43540,4450,4444,2757,7201,80
2022-04-10,Solano,095,438530,81688,81886,5595,87481,448
2022-04-10,Sonoma,097,501317,84094,83600,2692,86292,485
2022-04-10,Stanislaus,099,539301,117536,117528,17541,135069,1578
2022-04-10,Sutter,101,95872,20516,20591,2134,22725,223
2022-04-10,Tehama,103,63373,12051,12059,2626,14685,201
2022-04-10,Trinity,105,12862,1183,1177,295,1472,20
2022-04-10,Tulare,107,460477,106620,105278,28667,133945,1415
2022-04-10,Tuolumne,109,53932,12642,12632,569,13201,180
2022-04-10,Ventura,111,848112,173706,173343,9373,182716,1467
2022-04-10,Yolo,113,214977,37085,36587,3220,39807,312
2022-04-10,Yuba,115,75493,15862,15848,1221,17069,121
2022-04-09,Alameda,001,1643700,257850,256649,14329,270978,1826
2022-04-09,Alpine,003,1148,124,124,1,125,0
2022-04-09,Amador,005,37829,8538,8489,656,9145,86
2022-04-09,Butte,007,227075,33085,33031,6678,39709,399
2022-04-09,Calaveras,009,45235,7280,7260,356,7616,119
2022-04-09,Colusa,011,21464,3447,3449,1074,4523,21
2022-04-09,Contra Costa,013,1133247,189391,189154,13366,202520,1296
2022-04-09,Del Norte,015,27424,5806,5811,197,6008,50
2022-04-09,El Dorado,017,186661,26786,26757,3231,29988,207
2022-04-09,Fresno,019,978130,231668,231090,24132,255222,2731
2022-04-09,Glenn,021,27897,4986,4988,1612,6600,47
2022-04-09,Humboldt,023,135768,16919,16913,2991,19904,141
2022-04-09,Imperial,025,180216,55445,55267,10834,66101,910
2022-04-09,Inyo,027,18085,4078,4071,497,4568,56
2022-04-09,Kern,029,883053,192013,191542,46317,237859,2244
2022-04-09,Kings,031,150075,51551,51519,3627,55146,443
2022-04-09,Lake,033,64148,10717,10690,900,11590,134
2022-04-09,Lassen,035,31185,8967,8948,889,9837,65
2022-04-09,Los Angeles,037,10098052,2718080,2709735,125409,2835144,31509
2022-04-09,Madera,039,155013,37301,37356,6119,43475,354
2022-04-09,Marin,041,260295,33795,33648,2383,36031,288
2022-04-09,Mariposa,043,17540,2407,2394,206,2600,29
2022-04-09,Mendocino,045,87422,13110,13087,3055,16142,120
2022-04-09,Merced,047,269075,62230,62231,8711,70942,811
2022-04-09,Modoc,049,8938,743,743,252,995,8
2022-04-09,Mono,051,14174,2972,2967,124,3091,6
2022-04-09,Monterey,053,433212,79578,79103,13966,93069,727
2022-04-09,Napa,055,140530,25934,25824,991,26815,144
2022-04-09,Nevada,057,99092,15994,15976,1218,17194,123
2022-04-09,Orange,059,3164182,548036,546983,41815,588798,6912
2022-04-09,Placer,061,380077,62882,62831,7438,70269,616
2022-04-09,Plumas,063,18699,2976,2887,371,3258,13
2022-04-09,Riverside,065,2383286,592141,591268,28239,619507,6429
2022-04-09,Sacramento,067,1510023,281506,277125,27304,304429,2972
2022-04-09,San Benito,069,59416,12923,12917,519,13436,98
2022-04-09,San Bernardino,071,2135413,567277,562571,25207,587778,6892
2022-04-09,San Diego,073,3302833,755577,754281,52639,806920,5210
2022-04-09,San Francisco,075,870044,126357,125963,8456,134419,844
2022-04-09,San Joaquin,077,732212,166615,166547,10069,176616,2212
2022-04-09,San Luis Obispo,079,281455,52607,52609,3822,56431,476
2022-04-09,San Mateo,081,765935,122973,121514,7128,128642,698
2022-04-09,Santa Barbara,083,443738,86066,85754,4801,90555,680
2022-04-09,Santa Clara,085,1922200,313495,313965,12635,326600,2266
2022-04-09,Santa Cruz,087,273765,48153,47624,2163,49787,259
2022-04-09,Shasta,089,179085,30589,30586,6162,36748,549
2022-04-09,Sierra,091,2930,274,272,48,320,4
2022-04-09,Siskiyou,093,43540,4449,4444,2756,7200,80
2022-04-09,Solano,095,438530,81670,81886,5594,87480,448
2022-04-09,Sonoma,097,501317,84056,83600,2688,86288,485
2022-04-09,Stanislaus,099,539301,117523,117528,17539,135067,1578
2022-04-09,Sutter,101,95872,20515,20591,2134,22725,223
2022-04-09,Tehama,103,63373,12051,12059,2626,14685,201
2022-04-09,Trinity,105,12862,1183,1177,295,1472,20
2022-04-09,Tulare,107,460477,106617,105278,28665,133943,1415
2022-04-09,Tuolumne,109,53932,12640,12632,569,13201,180
2022-04-09,Ventura,111,848112,173671,173343,9370,182713,1467
2022-04-09,Yolo,113,214977,37068,36587,3220,39807,312
2022-04-09,Yuba,115,75493,15860,15848,1221,17069,121
2022-04-08,Alameda,001,1643700,257691,256649,14323,270972,1826
2022-04-08,Alpine,003,1148,124,124,1,125,0
2022-04-08,Amador,005,37829,8536,8489,655,9144,86
2022-04-08,Butte,007,227075,33079,33031,6675,39706,399
2022-04-08,Calaveras,009,45235,7278,7260,356,7616,119
2022-04-08,Colusa,011,21464,3447,3449,1074,4523,21
2022-04-08,Contra Costa,013,1133247,189315,189154,13356,202510,1296
2022-04-08,Del Norte,015,27424,5804,5811,197,6008,50
2022-04-08,El Dorado,017,186661,26784,26757,3231,29988,207
2022-04-08,Fresno,019,978130,231647,231090,24131,255221,2731
2022-04-08,Glenn,021,27897,4986,4988,1612,6600,47
2022-04-08,Humboldt,023,135768,16915,16913,2989,19902,141
2022-04-08,Imperial,025,180216,55441,55267,10834,66101,910
2022-04-08,Inyo,027,18085,4077,4071,496,4567,56
2022-04-08,Kern,029,883053,191995,191542,46316,237858,2244
2022-04-08,Kings,031,150075,51546,51519,3627,55146,443
2022-04-08,Lake,033,64148,10717,10690,900,11590,134
2022-04-08,Lassen,035,31185,8967,8948,889,9837,65
2022-04-08,Los Angeles,037,10098052,2717458,2709735,125355,2835090,31509
2022-04-08,Madera,039,155013,37299,37356,6118,43474,354
2022-04-08,Marin,041,260295,33776,33648,2367,36015,288
2022-04-08,Mariposa,043,17540,2407,2394,206,2600,29
2022-04-08,Mendocino,045,87422,13108,13087,3055,16142,120
2022-04-08,Merced,047,269075,62223,62231,8709,70940,811
2022-04-08,Modoc,049,8938,743,743,252,995,8
2022-04-08,Mono,051,14174,2971,2967,124,3091,6
2022-04-08,Monterey,053,433212,79568,79103,13965,93068,727
2022-04-08,Napa,055,140530,25922,25824,984,26808,144
2022-04-08,Nevada,057,99092,15991,15976,1217,17193,123
2022-04-08,Orange,059,3164182,547916,546983,41800,588783,6912
2022-04-08,Placer,061,380077,62864,62831,7436,70267,616
2022-04-08,Plumas,063,18699,2973,2887,371,3258,13
2022-04-08,Riverside,065,2383286,592062,591268,28236,619504,6429
2022-04-08,Sacramento,067,1510023,281459,277125,27302,304427,2972
2022-04-08,San Benito,069,59416,12923,12917,519,13436,98
2022-04-08,San Bernardino,071,2135413,567224,562571,25204,587775,6892
2022-04-08,San Diego,073,3302833,755409,754281,52631,806912,5210
2022-04-08,San Francisco,075,870044,126260,125963,8452,134415,844
2022-04-08,San Joaquin,077,732212,166598,166547,10067,176614,2212
2022-04-08,San Luis Obispo,079,281455,52602,52609,3822,56431,476
2022-04-08,San Mateo,081,765935,122868,121514,7123,128637,698
2022-04-08,Santa Barbara,083,443738,86045,85754,4801,90555,680
2022-04-08,Santa Clara,085,1922200,313315,313965,12628,326593,2266
2022-04-08,Santa Cruz,087,273765,48136,47624,2160,49784,259
2022-04-08,Shasta,089,179085,30586,30586,6162,36748,549
2022-04-08,Sierra,091,2930,274,272,48,320,4
2022-04-08,Siskiyou,093,43540,4449,4444,2756,7200,80
2022-04-08,Solano,095,438530,81651,81886,5593,87479,448
2022-04-08,Sonoma,097,501317,84005,83600,2683,86283,485
2022-04-08,Stanislaus,099,539301,117508,117528,17538,135066,1578
2022-04-08,Sutter,101,95872,20515,20591,2134,22725,223
2022-04-08,Tehama,103,63373,12051,12059,2626,14685,201
2022-04-08,Trinity,105,12862,1183,1177,295,1472,20
2022-04-08,Tulare,107,460477,106613,105278,28661,133939,1415
2022-04-08,Tuolumne,109,53932,12639,12632,569,13201,180
2022-04-08,Ventura,111,848112,173641,173343,9368,182711,1467
2022-04-08,Yolo,113,214977,37060,36587,3219,39806,312
2022-04-08,Yuba,115,75493,15859,15848,1221,17069,121
2022-04-07,Alameda,001,1643700,257498,256649,14315,270964,1826
2022-04-07,Alpine,003,1148,124,124,1,125,0
2022-04-07,Amador,005,37829,8535,8489,653,9142,86
2022-04-07,Butte,007,227075,33076,33031,6674,39705,399
2022-04-07,Calaveras,009,45235,7276,7260,356,7616,119
2022-04-07,Colusa,011,21464,3446,3449,1074,4523,21
2022-04-07,Contra Costa,013,1133247,189195,189154,13345,202499,1296
2022-04-07,Del Norte,015,27424,5803,5811,197,6008,50
2022-04-07,El Dorado,017,186661,26772,26757,3229,29986,207
2022-04-07,Fresno,019,978130,231621,231090,24129,255219,2731
2022-04-07,Glenn,021,27897,4984,4988,1611,6599,47
2022-04-07,Humboldt,023,135768,16908,16913,2987,19900,141
2022-04-07,Imperial,025,180216,55439,55267,10831,66098,910
2022-04-07,Inyo,027,18085,4077,4071,496,4567,56
2022-04-07,Kern,029,883053,191971,191542,46313,237855,2244
2022-04-07,Kings,031,150075,51538,51519,3627,55146,443
2022-04-07,Lake,033,64148,10713,10690,900,11590,134
2022-04-07,Lassen,035,31185,8967,8948,889,9837,65
2022-04-07,Los Angeles,037,10098052,2716552,2709735,125279,2835014,31509
2022-04-07,Madera,039,155013,37294,37356,6118,43474,354
2022-04-07,Marin,041,260295,33758,33648,2347,35995,288
2022-04-07,Mariposa,043,17540,2404,2394,205,2599,29
2022-04-07,Mendocino,045,87422,13104,13087,3054,16141,120
2022-04-07,Merced,047,269075,62214,62231,8705,70936,811
2022-04-07,Modoc,049,8938,743,743,252,995,8
2022-04-07,Mono,051,14174,2971,2967,123,3090,6
2022-04-07,Monterey,053,433212,79548,79103,13961,93064,727
2022-04-07,Napa,055,140530,25905,25824,980,26804,144
2022-04-07,Nevada,057,99092,15984,15976,1216,17192,123
2022-04-07,Orange,059,3164182,547760,546983,41770,588753,6912
2022-04-07,Placer,061,380077,62848,62831,7433,70264,616
2022-04-07,Plumas,063,18699,2973,2887,371,3258,13
2022-04-07,Riverside,065,2383286,591957,591268,28223,619491,6429
2022-04-07,Sacramento,067,1510023,281393,277125,27295,304420,2972
2022-04-07,San Benito,069,59416,12922,12917,519,13436,98
2022-04-07,San Bernardino,071,2135413,567062,562571,25192,587763,6892
2022-04-07,San Diego,073,3302833,755142,754281,52605,806886,5210
2022-04-07,San Francisco,075,870044,126104,125963,8436,134399,844
2022-04-07,San Joaquin,077,732212,166560,166547,10064,176611,2212
2022-04-07,San Luis Obispo,079,281455,52584,52609,3820,56429,476
2022-04-07,San Mateo,081,765935,122746,121514,7107,128621,698
2022-04-07,Santa Barbara,083,443738,86002,85754,4799,90553,680
2022-04-07,Santa Clara,085,1922200,313093,313965,12616,326581,2266
2022-04-07,Santa Cruz,087,273765,48117,47624,2156,49780,259
2022-04-07,Shasta,089,179085,30585,30586,6162,36748,549
2022-04-07,Sierra,091,2930,274,272,48,320,4
2022-04-07,Siskiyou,093,43540,4449,4444,2754,7198,80
2022-04-07,Solano,095,438530,81624,81886,5592,87478,448
2022-04-07,Sonoma,097,501317,83962,83600,2677,86277,485
2022-04-07,Stanislaus,099,539301,117486,117528,17534,135062,1578
2022-04-07,Sutter,101,95872,20512,20591,2133,22724,223
2022-04-07,Tehama,103,63373,12048,12059,2626,14685,201
2022-04-07,Trinity,105,12862,1183,1177,295,1472,20
2022-04-07,Tulare,107,460477,106607,105278,28659,133937,1415
2022-04-07,Tuolumne,109,53932,12637,12632,568,13200,180
2022-04-07,Ventura,111,848112,173612,173343,9366,182709,1467
2022-04-07,Yolo,113,214977,37046,36587,3219,39806,312
2022-04-07,Yuba,115,75493,15857,15848,1221,17069,121
2022-04-06,Alameda,001,1643700,257310,256143,14308,270451,1814
2022-04-06,Alpine,003,1148,124,124,1,125,0
2022-04-06,Amador,005,37829,8534,8488,653,9141,86
2022-04-06,Butte,007,227075,33071,32997,6672,39669,396
2022-04-06,Calaveras,009,45235,7274,7258,356,7614,120
2022-04-06,Colusa,011,21464,3446,3447,1074,4521,21
2022-04-06,Contra Costa,013,1133247,189127,188850,13330,202180,1296
2022-04-06,Del Norte,015,27424,5802,5809,197,6006,50
2022-04-06,El Dorado,017,186661,26769,26744,3229,29973,205
2022-04-06,Fresno,019,978130,231583,230942,24127,255069,2725
2022-04-06,Glenn,021,27897,4984,4986,1610,6596,47
2022-04-06,Humboldt,023,135768,16904,16904,2986,19890,140
2022-04-06,Imperial,025,180216,55432,55294,10831,66125,908
2022-04-06,Inyo,027,18085,4076,4068,494,4562,56
2022-04-06,Kern,029,883053,191949,191449,46310,237759,2234
2022-04-06,Kings,031,150075,51537,51491,3626,55117,443
2022-04-06,Lake,033,64148,10709,10679,900,11579,136
2022-04-06,Lassen,035,31185,8967,8945,889,9834,65
2022-04-06,Los Angeles,037,10098052,2715513,2707306,125215,2832521,31465
2022-04-06,Madera,039,155013,37289,37349,6118,43467,354
2022-04-06,Marin,041,260295,33738,33566,2339,35905,288
2022-04-06,Mariposa,043,17540,2403,2392,205,2597,29
2022-04-06,Mendocino,045,87422,13100,13074,3053,16127,119
2022-04-06,Merced,047,269075,62205,62195,8702,70897,810
2022-04-06,Modoc,049,8938,743,741,252,993,8
2022-04-06,Mono,051,14174,2970,2967,123,3090,6
2022-04-06,Monterey,053,433212,79534,79019,13951,92970,727
2022-04-06,Napa,055,140530,25886,25790,977,26767,143
2022-04-06,Nevada,057,99092,15982,15974,1216,17190,123
2022-04-06,Orange,059,3164182,547589,546491,41743,588234,6887
2022-04-06,Placer,061,380077,62842,62787,7432,70219,615
2022-04-06,Plumas,063,18699,2973,2850,371,3221,13
2022-04-06,Riverside,065,2383286,591861,590826,28218,619044,6424
2022-04-06,Sacramento,067,1510023,281313,276567,27291,303858,2953
2022-04-06,San Benito,069,59416,12921,12908,519,13427,98
2022-04-06,San Bernardino,071,2135413,566929,561648,25190,586838,6883
2022-04-06,San Diego,073,3302833,754847,753402,52569,805971,5192
2022-04-06,San Francisco,075,870044,125946,125536,8429,133965,843
2022-04-06,San Joaquin,077,732212,166529,166415,10061,176476,2207
2022-04-06,San Luis Obispo,079,281455,52562,52557,3818,56375,475
2022-04-06,San Mateo,081,765935,122637,121041,7095,128136,693
2022-04-06,Santa Barbara,083,443738,85963,85630,4795,90425,679
2022-04-06,Santa Clara,085,1922200,312896,313278,12593,325871,2265
2022-04-06,Santa Cruz,087,273765,48062,47446,2150,49596,259
2022-04-06,Shasta,089,179085,30584,30565,6162,36727,529
2022-04-06,Sierra,091,2930,274,272,48,320,4
2022-04-06,Siskiyou,093,43540,4449,4442,2754,7196,80
2022-04-06,Solano,095,438530,81591,81789,5587,87376,447
2022-04-06,Sonoma,097,501317,83902,83361,2670,86031,485
2022-04-06,Stanislaus,099,539301,117470,117534,17528,135062,1578
2022-04-06,Sutter,101,95872,20507,20581,2133,22714,222
2022-04-06,Tehama,103,63373,12048,12049,2626,14675,198
2022-04-06,Trinity,105,12862,1183,1173,295,1468,20
2022-04-06,Tulare,107,460477,106601,104826,28654,133480,1414
2022-04-06,Tuolumne,109,53932,12635,12621,568,13189,180
2022-04-06,Ventura,111,848112,173559,173179,9362,182541,1460
2022-04-06,Yolo,113,214977,37024,36393,3218,39611,314
2022-04-06,Yuba,115,75493,15853,15839,1221,17060,121
2022-04-05,Alameda,001,1643700,257094,256143,14299,270442,1814
2022-04-05,Alpine,003,1148,124,124,1,125,0
2022-04-05,Amador,005,37829,8532,8488,653,9141,86
2022-04-05,Butte,007,227075,33065,32997,6668,39665,396
2022-04-05,Calaveras,009,45235,7270,7258,356,7614,120
2022-04-05,Colusa,011,21464,3444,3447,1073,4520,21
2022-04-05,Contra Costa,013,1133247,189030,188850,13325,202175,1296
2022-04-05,Del Norte,015,27424,5800,5809,197,6006,50
2022-04-05,El Dorado,017,186661,26757,26744,3229,29973,205
2022-04-05,Fresno,019,978130,231551,230942,24120,255062,2725
2022-04-05,Glenn,021,27897,4984,4986,1609,6595,47
2022-04-05,Humboldt,023,135768,16898,16904,2986,19890,140
2022-04-05,Imperial,025,180216,55430,55294,10831,66125,908
2022-04-05,Inyo,027,18085,4075,4068,493,4561,56
2022-04-05,Kern,029,883053,191928,191449,46307,237756,2234
2022-04-05,Kings,031,150075,51534,51491,3626,55117,443
2022-04-05,Lake,033,64148,10706,10679,900,11579,136
2022-04-05,Lassen,035,31185,8967,8945,889,9834,65
2022-04-05,Los Angeles,037,10098052,2714459,2707306,125140,2832446,31465
2022-04-05,Madera,039,155013,37282,37349,6116,43465,354
2022-04-05,Marin,041,260295,33683,33566,2324,35890,288
2022-04-05,Mariposa,043,17540,2403,2392,205,2597,29
2022-04-05,Mendocino,045,87422,13094,13074,3052,16126,119
2022-04-05,Merced,047,269075,62194,62195,8695,70890,810
2022-04-05,Modoc,049,8938,743,741,252,993,8
2022-04-05,Mono,051,14174,2969,2967,123,3090,6
2022-04-05,Monterey,053,433212,79510,79019,13939,92958,727
2022-04-05,Napa,055,140530,25877,25790,972,26762,143
2022-04-05,Nevada,057,99092,15974,15974,1216,17190,123
2022-04-05,Orange,059,3164182,547405,546491,41714,588205,6887
2022-04-05,Placer,061,380077,62817,62787,7432,70219,615
2022-04-05,Plumas,063,18699,2973,2850,371,3221,13
2022-04-05,Riverside,065,2383286,591743,590826,28206,619032,6424
2022-04-05,Sacramento,067,1510023,281234,276567,27286,303853,2953
2022-04-05,San Benito,069,59416,12913,12908,519,13427,98
2022-04-05,San Bernardino,071,2135413,566795,561648,25178,586826,6883
2022-04-05,San Diego,073,3302833,754535,753402,52526,805928,5192
2022-04-05,San Francisco,075,870044,125743,125536,8421,133957,843
2022-04-05,San Joaquin,077,732212,166486,166415,10058,176473,2207
2022-04-05,San Luis Obispo,079,281455,52545,52557,3813,56370,475
2022-04-05,San Mateo,081,765935,122518,121041,7084,128125,693
2022-04-05,Santa Barbara,083,443738,85927,85630,4793,90423,679
2022-04-05,Santa Clara,085,1922200,312635,313278,12580,325858,2265
2022-04-05,Santa Cruz,087,273765,47995,47446,2147,49593,259
2022-04-05,Shasta,089,179085,30584,30565,6160,36725,529
2022-04-05,Sierra,091,2930,274,272,48,320,4
2022-04-05,Siskiyou,093,43540,4449,4442,2754,7196,80
2022-04-05,Solano,095,438530,81542,81789,5584,87373,447
2022-04-05,Sonoma,097,501317,83838,83361,2661,86022,485
2022-04-05,Stanislaus,099,539301,117456,117534,17519,135053,1578
2022-04-05,Sutter,101,95872,20503,20581,2132,22713,222
2022-04-05,Tehama,103,63373,12046,12049,2625,14674,198
2022-04-05,Trinity,105,12862,1183,1173,295,1468,20
2022-04-05,Tulare,107,460477,106590,104826,28651,133477,1414
2022-04-05,Tuolumne,109,53932,12633,12621,568,13189,180
2022-04-05,Ventura,111,848112,173503,173179,9356,182535,1460
2022-04-05,Yolo,113,214977,37011,36393,3215,39608,314
2022-04-05,Yuba,115,75493,15851,15839,1221,17060,121
2022-04-04,Alameda,001,1643700,256859,256143,14285,270428,1814
2022-04-04,Alpine,003,1148,124,124,1,125,0
2022-04-04,Amador,005,37829,8531,8488,652,9140,86
2022-04-04,Butte,007,227075,33060,32997,6665,39662,396
2022-04-04,Calaveras,009,45235,7270,7258,356,7614,120
2022-04-04,Colusa,011,21464,3443,3447,1073,4520,21
2022-04-04,Contra Costa,013,1133247,188930,188850,13321,202171,1296
2022-04-04,Del Norte,015,27424,5800,5809,197,6006,50
2022-04-04,El Dorado,017,186661,26752,26744,3228,29972,205
2022-04-04,Fresno,019,978130,231534,230942,24116,255058,2725
2022-04-04,Glenn,021,27897,4983,4986,1609,6595,47
2022-04-04,Humboldt,023,135768,16890,16904,2981,19885,140
2022-04-04,Imperial,025,180216,55426,55294,10831,66125,908
2022-04-04,Inyo,027,18085,4075,4068,491,4559,56
2022-04-04,Kern,029,883053,191906,191449,46301,237750,2234
2022-04-04,Kings,031,150075,51527,51491,3626,55117,443
2022-04-04,Lake,033,64148,10701,10679,900,11579,136
2022-04-04,Lassen,035,31185,8967,8945,889,9834,65
2022-04-04,Los Angeles,037,10098052,2713357,2707306,125094,2832400,31465
2022-04-04,Madera,039,155013,37278,37349,6116,43465,354
2022-04-04,Marin,041,260295,33666,33566,2315,35881,288
2022-04-04,Mariposa,043,17540,2402,2392,205,2597,29
2022-04-04,Mendocino,045,87422,13088,13074,3052,16126,119
2022-04-04,Merced,047,269075,62184,62195,8690,70885,810
2022-04-04,Modoc,049,8938,743,741,252,993,8
2022-04-04,Mono,051,14174,2969,2967,123,3090,6
2022-04-04,Monterey,053,433212,79494,79019,13933,92952,727
2022-04-04,Napa,055,140530,25860,25790,972,26762,143
2022-04-04,Nevada,057,99092,15970,15974,1216,17190,123
2022-04-04,Orange,059,3164182,547239,546491,41688,588179,6887
2022-04-04,Placer,061,380077,62806,62787,7431,70218,615
2022-04-04,Plumas,063,18699,2972,2850,371,3221,13
2022-04-04,Riverside,065,2383286,591649,590826,28194,619020,6424
2022-04-04,Sacramento,067,1510023,281139,276567,27276,303843,2953
2022-04-04,San Benito,069,59416,12910,12908,519,13427,98
2022-04-04,San Bernardino,071,2135413,566662,561648,25171,586819,6883
2022-04-04,San Diego,073,3302833,754214,753402,52491,805893,5192
2022-04-04,San Francisco,075,870044,125542,125536,8412,133948,843
2022-04-04,San Joaquin,077,732212,166460,166415,10055,176470,2207
2022-04-04,San Luis Obispo,079,281455,52522,52557,3811,56368,475
2022-04-04,San Mateo,081,765935,122378,121041,7070,128111,693
2022-04-04,Santa Barbara,083,443738,85882,85630,4792,90422,679
2022-04-04,Santa Clara,085,1922200,312367,313278,12568,325846,2265
2022-04-04,Santa Cruz,087,273765,47947,47446,2146,49592,259
2022-04-04,Shasta,089,179085,30581,30565,6159,36724,529
2022-04-04,Sierra,091,2930,274,272,48,320,4
2022-04-04,Siskiyou,093,43540,4449,4442,2754,7196,80
2022-04-04,Solano,095,438530,81503,81789,5581,87370,447
2022-04-04,Sonoma,097,501317,83785,83361,2654,86015,485
2022-04-04,Stanislaus,099,539301,117434,117534,17512,135046,1578
2022-04-04,Sutter,101,95872,20500,20581,2132,22713,222
2022-04-04,Tehama,103,63373,12044,12049,2625,14674,198
2022-04-04,Trinity,105,12862,1183,1173,295,1468,20
2022-04-04,Tulare,107,460477,106581,104826,28647,133473,1414
2022-04-04,Tuolumne,109,53932,12627,12621,568,13189,180
2022-04-04,Ventura,111,848112,173460,173179,9354,182533,1460
2022-04-04,Yolo,113,214977,37001,36393,3213,39606,314
2022-04-04,Yuba,115,75493,15849,15839,1221,17060,121
2022-04-03,Alameda,001,1643700,256599,255650,14284,269934,1813
2022-04-03,Alpine,003,1148,124,124,1,125,0
2022-04-03,Amador,005,37829,8531,8485,652,9137,86
2022-04-03,Butte,007,227075,33053,32981,6663,39644,396
2022-04-03,Calaveras,009,45235,7270,7254,356,7610,119
2022-04-03,Colusa,011,21464,3443,3445,1073,4518,21
2022-04-03,Contra Costa,013,1133247,188824,188658,13312,201970,1291
2022-04-03,Del Norte,015,27424,5800,5812,197,6009,50
2022-04-03,El Dorado,017,186661,26738,26732,3227,29959,200
2022-04-03,Fresno,019,978130,231501,230559,24113,254672,2722
2022-04-03,Glenn,021,27897,4983,4982,1609,6591,47
2022-04-03,Humboldt,023,135768,16885,16898,2981,19879,140
2022-04-03,Imperial,025,180216,55424,55266,10828,66094,908
2022-04-03,Inyo,027,18085,4073,4063,491,4554,56
2022-04-03,Kern,029,883053,191879,191384,46296,237680,2224
2022-04-03,Kings,031,150075,51521,51470,3624,55094,443
2022-04-03,Lake,033,64148,10699,10674,900,11574,136
2022-04-03,Lassen,035,31185,8966,8943,889,9832,65
2022-04-03,Los Angeles,037,10098052,2712161,2703576,125010,2828586,31410
2022-04-03,Madera,039,155013,37276,37333,6114,43447,354
2022-04-03,Marin,041,260295,33631,33493,2306,35799,287
2022-04-03,Mariposa,043,17540,2401,2391,205,2596,29
2022-04-03,Mendocino,045,87422,13082,13058,3050,16108,119
2022-04-03,Merced,047,269075,62169,62149,8686,70835,808
2022-04-03,Modoc,049,8938,742,741,252,993,8
2022-04-03,Mono,051,14174,2969,2967,123,3090,6
2022-04-03,Monterey,053,433212,79476,78964,13909,92873,726
2022-04-03,Napa,055,140530,25840,25757,971,26728,143
2022-04-03,Nevada,057,99092,15964,15962,1216,17178,123
2022-04-03,Orange,059,3164182,547038,546047,41662,587709,6880
2022-04-03,Placer,061,380077,62780,62740,7426,70166,614
2022-04-03,Plumas,063,18699,2971,2803,371,3174,14
2022-04-03,Riverside,065,2383286,591492,590563,28177,618740,6418
2022-04-03,Sacramento,067,1510023,281063,276218,27262,303480,2950
2022-04-03,San Benito,069,59416,12906,12901,519,13420,98
2022-04-03,San Bernardino,071,2135413,566513,561362,25166,586528,6865
2022-04-03,San Diego,073,3302833,753883,752281,52454,804735,5178
2022-04-03,San Francisco,075,870044,125313,125075,8406,133481,843
2022-04-03,San Joaquin,077,732212,166404,166336,10050,176386,2202
2022-04-03,San Luis Obispo,079,281455,52503,52512,3811,56323,475
2022-04-03,San Mateo,081,765935,122233,120717,7063,127780,693
2022-04-03,Santa Barbara,083,443738,85838,85611,4790,90401,678
2022-04-03,Santa Clara,085,1922200,312067,312517,12558,325075,2258
2022-04-03,Santa Cruz,087,273765,47892,47371,2144,49515,259
2022-04-03,Shasta,089,179085,30571,30556,6158,36714,530
2022-04-03,Sierra,091,2930,274,273,48,321,4
2022-04-03,Siskiyou,093,43540,4449,4439,2754,7193,80
2022-04-03,Solano,095,438530,81467,81848,5576,87424,446
2022-04-03,Sonoma,097,501317,83707,83235,2647,85882,485
2022-04-03,Stanislaus,099,539301,117404,117536,17507,135043,1581
2022-04-03,Sutter,101,95872,20497,20570,2132,22702,222
2022-04-03,Tehama,103,63373,12041,12046,2625,14671,198
2022-04-03,Trinity,105,12862,1183,1173,295,1468,20
2022-04-03,Tulare,107,460477,106574,104736,28638,133374,1410
2022-04-03,Tuolumne,109,53932,12626,12618,568,13186,180
2022-04-03,Ventura,111,848112,173409,173044,9351,182395,1460
2022-04-03,Yolo,113,214977,36983,36347,3211,39558,313
2022-04-03,Yuba,115,75493,15847,15835,1221,17056,120
2022-04-02,Alameda,001,1643700,256495,255650,14283,269933,1813
2022-04-02,Alpine,003,1148,124,124,1,125,0
2022-04-02,Amador,005,37829,8531,8485,652,9137,86
2022-04-02,Butte,007,227075,33049,32981,6663,39644,396
2022-04-02,Calaveras,009,45235,7270,7254,356,7610,119
2022-04-02,Colusa,011,21464,3443,3445,1073,4518,21
2022-04-02,Contra Costa,013,1133247,188768,188658,13309,201967,1291
2022-04-02,Del Norte,015,27424,5799,5812,197,6009,50
2022-04-02,El Dorado,017,186661,26735,26732,3227,29959,200
2022-04-02,Fresno,019,978130,231472,230559,24113,254672,2722
2022-04-02,Glenn,021,27897,4983,4982,1609,6591,47
2022-04-02,Humboldt,023,135768,16881,16898,2981,19879,140
2022-04-02,Imperial,025,180216,55420,55266,10828,66094,908
2022-04-02,Inyo,027,18085,4073,4063,491,4554,56
2022-04-02,Kern,029,883053,191865,191384,46292,237676,2224
2022-04-02,Kings,031,150075,51518,51470,3624,55094,443
2022-04-02,Lake,033,64148,10698,10674,900,11574,136
2022-04-02,Lassen,035,31185,8966,8943,889,9832,65
2022-04-02,Los Angeles,037,10098052,2711665,2703576,124970,2828546,31410
2022-04-02,Madera,039,155013,37273,37333,6114,43447,354
2022-04-02,Marin,041,260295,33607,33493,2298,35791,287
2022-04-02,Mariposa,043,17540,2400,2391,205,2596,29
2022-04-02,Mendocino,045,87422,13080,13058,3050,16108,119
2022-04-02,Merced,047,269075,62166,62149,8686,70835,808
2022-04-02,Modoc,049,8938,742,741,252,993,8
2022-04-02,Mono,051,14174,2969,2967,122,3089,6
2022-04-02,Monterey,053,433212,79463,78964,13904,92868,726
2022-04-02,Napa,055,140530,25826,25757,970,26727,143
2022-04-02,Nevada,057,99092,15960,15962,1215,17177,123
2022-04-02,Orange,059,3164182,546935,546047,41649,587696,6880
2022-04-02,Placer,061,380077,62770,62740,7424,70164,614
2022-04-02,Plumas,063,18699,2971,2803,371,3174,14
2022-04-02,Riverside,065,2383286,591417,590563,28172,618735,6418
2022-04-02,Sacramento,067,1510023,281026,276218,27261,303479,2950
2022-04-02,San Benito,069,59416,12905,12901,519,13420,98
2022-04-02,San Bernardino,071,2135413,566462,561362,25162,586524,6865
2022-04-02,San Diego,073,3302833,753757,752281,52446,804727,5178
2022-04-02,San Francisco,075,870044,125212,125075,8396,133471,843
2022-04-02,San Joaquin,077,732212,166384,166336,10048,176384,2202
2022-04-02,San Luis Obispo,079,281455,52498,52512,3811,56323,475
2022-04-02,San Mateo,081,765935,122140,120717,7054,127771,693
2022-04-02,Santa Barbara,083,443738,85819,85611,4789,90400,678
2022-04-02,Santa Clara,085,1922200,311903,312517,12554,325071,2258
2022-04-02,Santa Cruz,087,273765,47880,47371,2143,49514,259
2022-04-02,Shasta,089,179085,30570,30556,6158,36714,530
2022-04-02,Sierra,091,2930,274,273,48,321,4
2022-04-02,Siskiyou,093,43540,4448,4439,2753,7192,80
2022-04-02,Solano,095,438530,81452,81848,5576,87424,446
2022-04-02,Sonoma,097,501317,83659,83235,2641,85876,485
2022-04-02,Stanislaus,099,539301,117394,117536,17505,135041,1581
2022-04-02,Sutter,101,95872,20492,20570,2132,22702,222
2022-04-02,Tehama,103,63373,12041,12046,2625,14671,198
2022-04-02,Trinity,105,12862,1183,1173,295,1468,20
2022-04-02,Tulare,107,460477,106571,104736,28638,133374,1410
2022-04-02,Tuolumne,109,53932,12624,12618,568,13186,180
2022-04-02,Ventura,111,848112,173370,173044,9351,182395,1460
2022-04-02,Yolo,113,214977,36974,36347,3208,39555,313
2022-04-02,Yuba,115,75493,15846,15835,1221,17056,120
2022-04-01,Alameda,001,1643700,256381,255650,14279,269929,1813
2022-04-01,Alpine,003,1148,124,124,1,125,0
2022-04-01,Amador,005,37829,8531,8485,652,9137,86
2022-04-01,Butte,007,227075,33045,32981,6659,39640,396
2022-04-01,Calaveras,009,45235,7268,7254,356,7610,119
2022-04-01,Colusa,011,21464,3442,3445,1073,4518,21
2022-04-01,Contra Costa,013,1133247,188716,188658,13308,201966,1291
2022-04-01,Del Norte,015,27424,5797,5812,197,6009,50
2022-04-01,El Dorado,017,186661,26732,26732,3226,29958,200
2022-04-01,Fresno,019,978130,231446,230559,24111,254670,2722
2022-04-01,Glenn,021,27897,4983,4982,1609,6591,47
2022-04-01,Humboldt,023,135768,16879,16898,2981,19879,140
2022-04-01,Imperial,025,180216,55418,55266,10828,66094,908
2022-04-01,Inyo,027,18085,4071,4063,490,4553,56
2022-04-01,Kern,029,883053,191854,191384,46289,237673,2224
2022-04-01,Kings,031,150075,51515,51470,3624,55094,443
2022-04-01,Lake,033,64148,10696,10674,900,11574,136
2022-04-01,Lassen,035,31185,8965,8943,889,9832,65
2022-04-01,Los Angeles,037,10098052,2711167,2703576,124927,2828503,31410
2022-04-01,Madera,039,155013,37272,37333,6114,43447,354
2022-04-01,Marin,041,260295,33589,33493,2291,35784,287
2022-04-01,Mariposa,043,17540,2397,2391,205,2596,29
2022-04-01,Mendocino,045,87422,13077,13058,3050,16108,119
2022-04-01,Merced,047,269075,62158,62149,8684,70833,808
2022-04-01,Modoc,049,8938,742,741,252,993,8
2022-04-01,Mono,051,14174,2969,2967,122,3089,6
2022-04-01,Monterey,053,433212,79446,78964,13901,92865,726
2022-04-01,Napa,055,140530,25818,25757,970,26727,143
2022-04-01,Nevada,057,99092,15960,15962,1214,17176,123
2022-04-01,Orange,059,3164182,546827,546047,41639,587686,6880
2022-04-01,Placer,061,380077,62756,62740,7424,70164,614
2022-04-01,Plumas,063,18699,2971,2803,370,3173,14
2022-04-01,Riverside,065,2383286,591353,590563,28158,618721,6418
2022-04-01,Sacramento,067,1510023,280988,276218,27257,303475,2950
2022-04-01,San Benito,069,59416,12904,12901,519,13420,98
2022-04-01,San Bernardino,071,2135413,566407,561362,25158,586520,6865
2022-04-01,San Diego,073,3302833,753608,752281,52431,804712,5178
2022-04-01,San Francisco,075,870044,125102,125075,8389,133464,843
2022-04-01,San Joaquin,077,732212,166365,166336,10046,176382,2202
2022-04-01,San Luis Obispo,079,281455,52492,52512,3810,56322,475
2022-04-01,San Mateo,081,765935,122078,120717,7048,127765,693
2022-04-01,Santa Barbara,083,443738,85797,85611,4788,90399,678
2022-04-01,Santa Clara,085,1922200,311753,312517,12553,325070,2258
2022-04-01,Santa Cruz,087,273765,47865,47371,2141,49512,259
2022-04-01,Shasta,089,179085,30569,30556,6158,36714,530
2022-04-01,Sierra,091,2930,274,273,48,321,4
2022-04-01,Siskiyou,093,43540,4448,4439,2752,7191,80
2022-04-01,Solano,095,438530,81438,81848,5576,87424,446
2022-04-01,Sonoma,097,501317,83615,83235,2640,85875,485
2022-04-01,Stanislaus,099,539301,117383,117536,17502,135038,1581
2022-04-01,Sutter,101,95872,20492,20570,2132,22702,222
2022-04-01,Tehama,103,63373,12041,12046,2625,14671,198
2022-04-01,Trinity,105,12862,1183,1173,295,1468,20
2022-04-01,Tulare,107,460477,106566,104736,28634,133370,1410
2022-04-01,Tuolumne,109,53932,12623,12618,568,13186,180
2022-04-01,Ventura,111,848112,173339,173044,9347,182391,1460
2022-04-01,Yolo,113,214977,36964,36347,3207,39554,313
2022-04-01,Yuba,115,75493,15845,15835,1221,17056,120
2022-03-31,Alameda,001,1643700,256209,255650,14268,269918,1813
2022-03-31,Alpine,003,1148,124,124,1,125,0
2022-03-31,Amador,005,37829,8531,8485,652,9137,86
2022-03-31,Butte,007,227075,33041,32981,6656,39637,396
2022-03-31,Calaveras,009,45235,7265,7254,356,7610,119
2022-03-31,Colusa,011,21464,3441,3445,1073,4518,21
2022-03-31,Contra Costa,013,1133247,188621,188658,13302,201960,1291
2022-03-31,Del Norte,015,27424,5796,5812,197,6009,50
2022-03-31,El Dorado,017,186661,26724,26732,3226,29958,200
2022-03-31,Fresno,019,978130,231410,230559,24087,254646,2722
2022-03-31,Glenn,021,27897,4981,4982,1609,6591,47
2022-03-31,Humboldt,023,135768,16875,16898,2981,19879,140
2022-03-31,Imperial,025,180216,55415,55266,10827,66093,908
2022-03-31,Inyo,027,18085,4070,4063,487,4550,56
2022-03-31,Kern,029,883053,191838,191384,46280,237664,2224
2022-03-31,Kings,031,150075,51506,51470,3624,55094,443
2022-03-31,Lake,033,64148,10695,10674,899,11573,136
2022-03-31,Lassen,035,31185,8963,8943,889,9832,65
2022-03-31,Los Angeles,037,10098052,2710413,2703576,124875,2828451,31410
2022-03-31,Madera,039,155013,37269,37333,6114,43447,354
2022-03-31,Marin,041,260295,33564,33493,2279,35772,287
2022-03-31,Mariposa,043,17540,2396,2391,204,2595,29
2022-03-31,Mendocino,045,87422,13073,13058,3050,16108,119
2022-03-31,Merced,047,269075,62153,62149,8681,70830,808
2022-03-31,Modoc,049,8938,742,741,252,993,8
2022-03-31,Mono,051,14174,2969,2967,122,3089,6
2022-03-31,Monterey,053,433212,79428,78964,13889,92853,726
2022-03-31,Napa,055,140530,25809,25757,968,26725,143
2022-03-31,Nevada,057,99092,15953,15962,1213,17175,123
2022-03-31,Orange,059,3164182,546678,546047,41623,587670,6880
2022-03-31,Placer,061,380077,62731,62740,7422,70162,614
2022-03-31,Plumas,063,18699,2971,2803,369,3172,14
2022-03-31,Riverside,065,2383286,591245,590563,28154,618717,6418
2022-03-31,Sacramento,067,1510023,280915,276218,27249,303467,2950
2022-03-31,San Benito,069,59416,12903,12901,519,13420,98
2022-03-31,San Bernardino,071,2135413,566307,561362,25146,586508,6865
2022-03-31,San Diego,073,3302833,753363,752281,52405,804686,5178
2022-03-31,San Francisco,075,870044,124942,125075,8376,133451,843
2022-03-31,San Joaquin,077,732212,166331,166336,10032,176368,2202
2022-03-31,San Luis Obispo,079,281455,52478,52512,3809,56321,475
2022-03-31,San Mateo,081,765935,121967,120717,7046,127763,693
2022-03-31,Santa Barbara,083,443738,85769,85611,4787,90398,678
2022-03-31,Santa Clara,085,1922200,311525,312517,12539,325056,2258
2022-03-31,Santa Cruz,087,273765,47846,47371,2139,49510,259
2022-03-31,Shasta,089,179085,30563,30556,6158,36714,530
2022-03-31,Sierra,091,2930,271,273,48,321,4
2022-03-31,Siskiyou,093,43540,4446,4439,2752,7191,80
2022-03-31,Solano,095,438530,81411,81848,5573,87421,446
2022-03-31,Sonoma,097,501317,83571,83235,2634,85869,485
2022-03-31,Stanislaus,099,539301,117364,117536,17497,135033,1581
2022-03-31,Sutter,101,95872,20489,20570,2131,22701,222
2022-03-31,Tehama,103,63373,12041,12046,2624,14670,198
2022-03-31,Trinity,105,12862,1183,1173,295,1468,20
2022-03-31,Tulare,107,460477,106557,104736,28626,133362,1410
2022-03-31,Tuolumne,109,53932,12622,12618,568,13186,180
2022-03-31,Ventura,111,848112,173298,173044,9344,182388,1460
2022-03-31,Yolo,113,214977,36952,36347,3207,39554,313
2022-03-31,Yuba,115,75493,15845,15835,1217,17052,120
2022-03-30,Alameda,001,1643700,256076,255467,14260,269727,1812
2022-03-30,Alpine,003,1148,124,124,1,125,0
2022-03-30,Amador,005,37829,8531,8485,652,9137,86
2022-03-30,Butte,007,227075,33035,32968,6650,39618,396
2022-03-30,Calaveras,009,45235,7263,7253,355,7608,119
2022-03-30,Colusa,011,21464,3441,3445,1073,4518,21
2022-03-30,Contra Costa,013,1133247,188560,188496,13293,201789,1291
2022-03-30,Del Norte,015,27424,5794,5808,197,6005,50
2022-03-30,El Dorado,017,186661,26716,26722,3226,29948,200
2022-03-30,Fresno,019,978130,231399,230448,24081,254529,2720
2022-03-30,Glenn,021,27897,4980,4982,1609,6591,47
2022-03-30,Humboldt,023,135768,16872,16894,2981,19875,140
2022-03-30,Imperial,025,180216,55411,55252,10824,66076,908
2022-03-30,Inyo,027,18085,4069,4062,485,4547,56
2022-03-30,Kern,029,883053,191810,191363,46275,237638,2219
2022-03-30,Kings,031,150075,51500,51446,3622,55068,443
2022-03-30,Lake,033,64148,10693,10674,899,11573,136
2022-03-30,Lassen,035,31185,8963,8943,889,9832,65
2022-03-30,Los Angeles,037,10098052,2709597,2702536,124822,2827358,31384
2022-03-30,Madera,039,155013,37264,37330,6113,43443,354
2022-03-30,Marin,041,260295,33544,33453,2260,35713,287
2022-03-30,Mariposa,043,17540,2396,2390,204,2594,27
2022-03-30,Mendocino,045,87422,13069,13055,3047,16102,118
2022-03-30,Merced,047,269075,62146,62136,8675,70811,808
2022-03-30,Modoc,049,8938,742,739,252,991,8
2022-03-30,Mono,051,14174,2968,2967,122,3089,6
2022-03-30,Monterey,053,433212,79411,78911,13883,92794,726
2022-03-30,Napa,055,140530,25797,25745,967,26712,141
2022-03-30,Nevada,057,99092,15950,15960,1211,17171,123
2022-03-30,Orange,059,3164182,546524,545895,41600,587495,6876
2022-03-30,Placer,061,380077,62716,62705,7418,70123,614
2022-03-30,Plumas,063,18699,2971,2762,367,3129,13
2022-03-30,Riverside,065,2383286,591165,590437,28140,618577,6411
2022-03-30,Sacramento,067,1510023,280846,276081,27242,303323,2949
2022-03-30,San Benito,069,59416,12899,12898,519,13417,98
2022-03-30,San Bernardino,071,2135413,566223,561153,25141,586294,6863
2022-03-30,San Diego,073,3302833,753128,751684,52380,804064,5169
2022-03-30,San Francisco,075,870044,124834,124930,8365,133295,841
2022-03-30,San Joaquin,077,732212,166303,166299,10026,176325,2201
2022-03-30,San Luis Obispo,079,281455,52465,52484,3805,56289,475
2022-03-30,San Mateo,081,765935,121865,120548,7046,127594,693
2022-03-30,Santa Barbara,083,443738,85747,85488,4784,90272,677
2022-03-30,Santa Clara,085,1922200,311343,312253,12519,324772,2258
2022-03-30,Santa Cruz,087,273765,47789,47340,2139,49479,259
2022-03-30,Shasta,089,179085,30560,30555,6158,36713,530
2022-03-30,Sierra,091,2930,271,273,48,321,4
2022-03-30,Siskiyou,093,43540,4446,4439,2752,7191,80
2022-03-30,Solano,095,438530,81394,81816,5570,87386,443
2022-03-30,Sonoma,097,501317,83534,83163,2633,85796,485
2022-03-30,Stanislaus,099,539301,117351,117593,17494,135087,1559
2022-03-30,Sutter,101,95872,20484,20565,2131,22696,222
2022-03-30,Tehama,103,63373,12040,12045,2623,14668,198
2022-03-30,Trinity,105,12862,1182,1173,295,1468,20
2022-03-30,Tulare,107,460477,106551,104667,28620,133287,1410
2022-03-30,Tuolumne,109,53932,12620,12616,568,13184,180
2022-03-30,Ventura,111,848112,173258,172984,9336,182320,1460
2022-03-30,Yolo,113,214977,36945,36325,3204,39529,313
2022-03-30,Yuba,115,75493,15843,15830,1217,17047,120
2022-03-29,Alameda,001,1643700,255954,255261,14250,269511,1810
2022-03-29,Alpine,003,1148,124,124,1,125,0
2022-03-29,Amador,005,37829,8531,8483,652,9135,86
2022-03-29,Butte,007,227075,33033,32954,6649,39603,396
2022-03-29,Calaveras,009,45235,7262,7250,354,7604,119
2022-03-29,Colusa,011,21464,3441,3445,1073,4518,21
2022-03-29,Contra Costa,013,1133247,188472,188359,13286,201645,1290
2022-03-29,Del Norte,015,27424,5793,5806,196,6002,50
2022-03-29,El Dorado,017,186661,26712,26706,3226,29932,200
2022-03-29,Fresno,019,978130,231370,230256,24076,254332,2718
2022-03-29,Glenn,021,27897,4979,4983,1609,6592,47
2022-03-29,Humboldt,023,135768,16869,16892,2978,19870,140
2022-03-29,Imperial,025,180216,55395,55233,10823,66056,908
2022-03-29,Inyo,027,18085,4067,4062,484,4546,56
2022-03-29,Kern,029,883053,191778,191338,46268,237606,2220
2022-03-29,Kings,031,150075,51492,51416,3621,55037,443
2022-03-29,Lake,033,64148,10689,10674,899,11573,136
2022-03-29,Lassen,035,31185,8962,8943,889,9832,65
2022-03-29,Los Angeles,037,10098052,2708766,2702005,124775,2826780,31378
2022-03-29,Madera,039,155013,37255,37325,6111,43436,354
2022-03-29,Marin,041,260295,33524,33431,2255,35686,287
2022-03-29,Mariposa,043,17540,2396,2388,203,2591,23
2022-03-29,Mendocino,045,87422,13065,13053,3046,16099,119
2022-03-29,Merced,047,269075,62134,62123,8674,70797,806
2022-03-29,Modoc,049,8938,740,737,252,989,8
2022-03-29,Mono,051,14174,2968,2966,122,3088,5
2022-03-29,Monterey,053,433212,79399,78774,13875,92649,725
2022-03-29,Napa,055,140530,25790,25732,967,26699,141
2022-03-29,Nevada,057,99092,15942,15956,1211,17167,123
2022-03-29,Orange,059,3164182,546377,545832,41584,587416,6871
2022-03-29,Placer,061,380077,62698,62687,7413,70100,614
2022-03-29,Plumas,063,18699,2969,2761,367,3128,13
2022-03-29,Riverside,065,2383286,591064,590359,28132,618491,6403
2022-03-29,Sacramento,067,1510023,280780,276040,27229,303269,2946
2022-03-29,San Benito,069,59416,12897,12892,519,13411,97
2022-03-29,San Bernardino,071,2135413,566130,561026,25131,586157,6860
2022-03-29,San Diego,073,3302833,752881,751240,52358,803598,5159
2022-03-29,San Francisco,075,870044,124683,124789,8359,133148,840
2022-03-29,San Joaquin,077,732212,166266,166241,10018,176259,2198
2022-03-29,San Luis Obispo,079,281455,52449,52455,3801,56256,472
2022-03-29,San Mateo,081,765935,121772,120435,7043,127478,686
2022-03-29,Santa Barbara,083,443738,85725,85464,4784,90248,676
2022-03-29,Santa Clara,085,1922200,311103,312067,12501,324568,2259
2022-03-29,Santa Cruz,087,273765,47769,47323,2138,49461,259
2022-03-29,Shasta,089,179085,30553,30552,6155,36707,529
2022-03-29,Sierra,091,2930,271,273,48,321,4
2022-03-29,Siskiyou,093,43540,4446,4439,2751,7190,80
2022-03-29,Solano,095,438530,81373,81713,5567,87280,441
2022-03-29,Sonoma,097,501317,83500,83130,2627,85757,485
2022-03-29,Stanislaus,099,539301,117332,117683,17488,135171,1559
2022-03-29,Sutter,101,95872,20482,20556,2130,22686,221
2022-03-29,Tehama,103,63373,12038,12045,2623,14668,198
2022-03-29,Trinity,105,12862,1182,1173,295,1468,20
2022-03-29,Tulare,107,460477,106546,104622,28614,133236,1406
2022-03-29,Tuolumne,109,53932,12617,12615,568,13183,180
2022-03-29,Ventura,111,848112,173202,172946,9335,182281,1460
2022-03-29,Yolo,113,214977,36937,36296,3203,39499,313
2022-03-29,Yuba,115,75493,15839,15824,1216,17040,117
2022-03-28,Alameda,001,1643700,255798,255192,14240,269432,1808
2022-03-28,Alpine,003,1148,124,124,1,125,0
2022-03-28,Amador,005,37829,8530,8480,652,9132,86
2022-03-28,Butte,007,227075,33016,32947,6648,39595,392
2022-03-28,Calaveras,009,45235,7262,7247,354,7601,119
2022-03-28,Colusa,011,21464,3441,3445,1073,4518,21
2022-03-28,Contra Costa,013,1133247,188392,188305,13281,201586,1290
2022-03-28,Del Norte,015,27424,5791,5834,196,6030,50
2022-03-28,El Dorado,017,186661,26705,26703,3224,29927,200
2022-03-28,Fresno,019,978130,231343,230144,24059,254203,2717
2022-03-28,Glenn,021,27897,4979,4983,1609,6592,47
2022-03-28,Humboldt,023,135768,16868,16916,2978,19894,140
2022-03-28,Imperial,025,180216,55383,55245,10823,66068,909
2022-03-28,Inyo,027,18085,4066,4062,484,4546,56
2022-03-28,Kern,029,883053,191754,191333,46258,237591,2212
2022-03-28,Kings,031,150075,51479,51405,3621,55026,443
2022-03-28,Lake,033,64148,10687,10673,899,11572,136
2022-03-28,Lassen,035,31185,8962,8946,889,9835,63
2022-03-28,Los Angeles,037,10098052,2707875,2700997,124736,2825733,31349
2022-03-28,Madera,039,155013,37252,37324,6111,43435,354
2022-03-28,Marin,041,260295,33499,33391,2250,35641,287
2022-03-28,Mariposa,043,17540,2395,2388,203,2591,23
2022-03-28,Mendocino,045,87422,13063,13046,3045,16091,118
2022-03-28,Merced,047,269075,62125,62116,8669,70785,805
2022-03-28,Modoc,049,8938,739,736,252,988,7
2022-03-28,Mono,051,14174,2968,2966,122,3088,5
2022-03-28,Monterey,053,433212,79364,78784,13870,92654,724
2022-03-28,Napa,055,140530,25784,25723,966,26689,140
2022-03-28,Nevada,057,99092,15940,15969,1211,17180,123
2022-03-28,Orange,059,3164182,546246,545700,41556,587256,6860
2022-03-28,Placer,061,380077,62677,62687,7412,70099,613
2022-03-28,Plumas,063,18699,2968,2760,367,3127,13
2022-03-28,Riverside,065,2383286,590967,590298,28122,618420,6397
2022-03-28,Sacramento,067,1510023,280709,275889,27218,303107,2946
2022-03-28,San Benito,069,59416,12897,12889,519,13408,97
2022-03-28,San Bernardino,071,2135413,566047,560836,25118,585954,6858
2022-03-28,San Diego,073,3302833,752635,750659,52324,802983,5155
2022-03-28,San Francisco,075,870044,124541,124678,8348,133026,839
2022-03-28,San Joaquin,077,732212,166234,166247,10014,176261,2196
2022-03-28,San Luis Obispo,079,281455,52424,52434,3797,56231,470
2022-03-28,San Mateo,081,765935,121656,120337,7036,127373,686
2022-03-28,Santa Barbara,083,443738,85697,85442,4782,90224,675
2022-03-28,Santa Clara,085,1922200,310869,311953,12491,324444,2257
2022-03-28,Santa Cruz,087,273765,47736,47324,2138,49462,259
2022-03-28,Shasta,089,179085,30552,30550,6154,36704,527
2022-03-28,Sierra,091,2930,271,273,48,321,4
2022-03-28,Siskiyou,093,43540,4445,4438,2751,7189,80
2022-03-28,Solano,095,438530,81349,81704,5562,87266,441
2022-03-28,Sonoma,097,501317,83457,83105,2622,85727,485
2022-03-28,Stanislaus,099,539301,117320,117783,17483,135266,1562
2022-03-28,Sutter,101,95872,20477,20549,2130,22679,221
2022-03-28,Tehama,103,63373,12037,12041,2622,14663,200
2022-03-28,Trinity,105,12862,1182,1173,295,1468,20
2022-03-28,Tulare,107,460477,106533,104576,28607,133183,1404
2022-03-28,Tuolumne,109,53932,12617,12627,568,13195,180
2022-03-28,Ventura,111,848112,173162,172867,9334,182201,1455
2022-03-28,Yolo,113,214977,36927,36282,3201,39483,312
2022-03-28,Yuba,115,75493,15838,15821,1214,17035,117
2022-03-27,Alameda,001,1643700,255615,255132,14231,269363,1809
2022-03-27,Alpine,003,1148,124,124,1,125,0
2022-03-27,Amador,005,37829,8527,8480,652,9132,86
2022-03-27,Butte,007,227075,33003,32943,6641,39584,392
2022-03-27,Calaveras,009,45235,7260,7245,354,7599,119
2022-03-27,Colusa,011,21464,3441,3445,1072,4517,21
2022-03-27,Contra Costa,013,1133247,188278,188251,13265,201516,1290
2022-03-27,Del Norte,015,27424,5790,5836,196,6032,50
2022-03-27,El Dorado,017,186661,26691,26699,3221,29920,200
2022-03-27,Fresno,019,978130,231296,230049,24042,254091,2717
2022-03-27,Glenn,021,27897,4978,4983,1609,6592,47
2022-03-27,Humboldt,023,135768,16864,16920,2978,19898,140
2022-03-27,Imperial,025,180216,55371,55240,10820,66060,909
2022-03-27,Inyo,027,18085,4065,4062,482,4544,56
2022-03-27,Kern,029,883053,191716,191332,46252,237584,2213
2022-03-27,Kings,031,150075,51470,51400,3621,55021,443
2022-03-27,Lake,033,64148,10686,10672,898,11570,136
2022-03-27,Lassen,035,31185,8962,8946,889,9835,63
2022-03-27,Los Angeles,037,10098052,2707075,2700983,124688,2825671,31348
2022-03-27,Madera,039,155013,37248,37323,6109,43432,354
2022-03-27,Marin,041,260295,33462,33391,2240,35631,287
2022-03-27,Mariposa,043,17540,2395,2390,203,2593,23
2022-03-27,Mendocino,045,87422,13057,13046,3043,16089,118
2022-03-27,Merced,047,269075,62114,62110,8667,70777,805
2022-03-27,Modoc,049,8938,738,736,250,986,7
2022-03-27,Mono,051,14174,2968,2966,122,3088,5
2022-03-27,Monterey,053,433212,79343,78778,13858,92636,724
2022-03-27,Napa,055,140530,25770,25723,966,26689,140
2022-03-27,Nevada,057,99092,15936,15967,1209,17176,123
2022-03-27,Orange,059,3164182,546111,545644,41521,587165,6860
2022-03-27,Placer,061,380077,62658,62680,7412,70092,613
2022-03-27,Plumas,063,18699,2967,2760,365,3125,13
2022-03-27,Riverside,065,2383286,590881,590251,28111,618362,6395
2022-03-27,Sacramento,067,1510023,280628,275854,27211,303065,2941
2022-03-27,San Benito,069,59416,12892,12889,518,13407,97
2022-03-27,San Bernardino,071,2135413,565929,560853,25114,585967,6862
2022-03-27,San Diego,073,3302833,752381,750659,52301,802960,5155
2022-03-27,San Francisco,075,870044,124356,124619,8336,132955,839
2022-03-27,San Joaquin,077,732212,166197,166238,10011,176249,2196
2022-03-27,San Luis Obispo,079,281455,52403,52430,3795,56225,470
2022-03-27,San Mateo,081,765935,121549,120324,7030,127354,686
2022-03-27,Santa Barbara,083,443738,85662,85434,4780,90214,675
2022-03-27,Santa Clara,085,1922200,310658,311822,12484,324306,2257
2022-03-27,Santa Cruz,087,273765,47703,47321,2133,49454,259
2022-03-27,Shasta,089,179085,30547,30550,6152,36702,527
2022-03-27,Sierra,091,2930,271,273,48,321,4
2022-03-27,Siskiyou,093,43540,4445,4436,2750,7186,80
2022-03-27,Solano,095,438530,81314,81691,5559,87250,441
2022-03-27,Sonoma,097,501317,83401,83088,2618,85706,485
2022-03-27,Stanislaus,099,539301,117299,117778,17480,135258,1562
2022-03-27,Sutter,101,95872,20471,20545,2130,22675,221
2022-03-27,Tehama,103,63373,12037,12040,2622,14662,200
2022-03-27,Trinity,105,12862,1182,1173,295,1468,20
2022-03-27,Tulare,107,460477,106524,104582,28597,133179,1404
2022-03-27,Tuolumne,109,53932,12615,12628,568,13196,180
2022-03-27,Ventura,111,848112,173114,172831,9332,182163,1455
2022-03-27,Yolo,113,214977,36915,36232,3198,39430,312
2022-03-27,Yuba,115,75493,15835,15821,1207,17028,117
2022-03-26,Alameda,001,1643700,255537,254691,14229,268920,1803
2022-03-26,Alpine,003,1148,124,124,1,125,0
2022-03-26,Amador,005,37829,8527,8476,652,9128,86
2022-03-26,Butte,007,227075,32999,32929,6639,39568,391
2022-03-26,Calaveras,009,45235,7258,7240,354,7594,120
2022-03-26,Colusa,011,21464,3439,3445,1072,4517,21
2022-03-26,Contra Costa,013,1133247,188222,187990,13262,201252,1285
2022-03-26,Del Norte,015,27424,5788,5831,196,6027,50
2022-03-26,El Dorado,017,186661,26683,26674,3219,29893,200
2022-03-26,Fresno,019,978130,231273,229799,24041,253840,2710
2022-03-26,Glenn,021,27897,4978,4978,1609,6587,47
2022-03-26,Humboldt,023,135768,16860,16911,2978,19889,139
2022-03-26,Imperial,025,180216,55365,55230,10819,66049,913
2022-03-26,Inyo,027,18085,4065,4060,481,4541,56
2022-03-26,Kern,029,883053,191702,191288,46247,237535,2201
2022-03-26,Kings,031,150075,51469,51397,3621,55018,444
2022-03-26,Lake,033,64148,10686,10659,898,11557,136
2022-03-26,Lassen,035,31185,8962,8944,889,9833,63
2022-03-26,Los Angeles,037,10098052,2706629,2698028,124646,2822674,31291
2022-03-26,Madera,039,155013,37245,37321,6107,43428,354
2022-03-26,Marin,041,260295,33452,33317,2236,35553,287
2022-03-26,Mariposa,043,17540,2395,2386,203,2589,23
2022-03-26,Mendocino,045,87422,13054,13038,3043,16081,118
2022-03-26,Merced,047,269075,62108,62083,8665,70748,805
2022-03-26,Modoc,049,8938,738,736,250,986,7
2022-03-26,Mono,051,14174,2968,2966,122,3088,5
2022-03-26,Monterey,053,433212,79336,78688,13856,92544,724
2022-03-26,Napa,055,140530,25767,25701,966,26667,139
2022-03-26,Nevada,057,99092,15932,15960,1209,17169,123
2022-03-26,Orange,059,3164182,546034,545294,41510,586804,6853
2022-03-26,Placer,061,380077,62646,62634,7408,70042,613
2022-03-26,Plumas,063,18699,2967,2758,364,3122,13
2022-03-26,Riverside,065,2383286,590812,590060,28110,618170,6397
2022-03-26,Sacramento,067,1510023,280595,275529,27209,302738,2935
2022-03-26,San Benito,069,59416,12892,12885,518,13403,97
2022-03-26,San Bernardino,071,2135413,565876,560742,25110,585852,6840
2022-03-26,San Diego,073,3302833,752253,750170,52294,802464,5146
2022-03-26,San Francisco,075,870044,124250,124265,8327,132592,839
2022-03-26,San Joaquin,077,732212,166176,166079,10010,176089,2195
2022-03-26,San Luis Obispo,079,281455,52397,52369,3795,56164,469
2022-03-26,San Mateo,081,765935,121491,120165,7022,127187,684
2022-03-26,Santa Barbara,083,443738,85642,85477,4778,90255,674
2022-03-26,Santa Clara,085,1922200,310501,311189,12475,323664,2250
2022-03-26,Santa Cruz,087,273765,47692,47329,2133,49462,259
2022-03-26,Shasta,089,179085,30545,30542,6151,36693,527
2022-03-26,Sierra,091,2930,271,273,48,321,4
2022-03-26,Siskiyou,093,43540,4444,4433,2750,7183,80
2022-03-26,Solano,095,438530,81304,81659,5559,87218,441
2022-03-26,Sonoma,097,501317,83372,83113,2613,85726,485
2022-03-26,Stanislaus,099,539301,117292,117962,17479,135441,1565
2022-03-26,Sutter,101,95872,20469,20536,2130,22666,221
2022-03-26,Tehama,103,63373,12037,12036,2621,14657,195
2022-03-26,Trinity,105,12862,1182,1174,295,1469,20
2022-03-26,Tulare,107,460477,106517,104538,28596,133134,1400
2022-03-26,Tuolumne,109,53932,12613,12628,568,13196,180
2022-03-26,Ventura,111,848112,173074,172690,9328,182018,1455
2022-03-26,Yolo,113,214977,36910,36234,3198,39432,311
2022-03-26,Yuba,115,75493,15834,15807,1207,17014,117
2022-03-25,Alameda,001,1643700,255470,254691,14227,268918,1803
2022-03-25,Alpine,003,1148,124,124,1,125,0
2022-03-25,Amador,005,37829,8526,8476,652,9128,86
2022-03-25,Butte,007,227075,32993,32929,6638,39567,391
2022-03-25,Calaveras,009,45235,7257,7240,354,7594,120
2022-03-25,Colusa,011,21464,3439,3445,1072,4517,21
2022-03-25,Contra Costa,013,1133247,188174,187990,13258,201248,1285
2022-03-25,Del Norte,015,27424,5788,5831,196,6027,50
2022-03-25,El Dorado,017,186661,26679,26674,3219,29893,200
2022-03-25,Fresno,019,978130,231245,229799,24032,253831,2710
2022-03-25,Glenn,021,27897,4978,4978,1609,6587,47
2022-03-25,Humboldt,023,135768,16860,16911,2978,19889,139
2022-03-25,Imperial,025,180216,55360,55230,10818,66048,913
2022-03-25,Inyo,027,18085,4064,4060,481,4541,56
2022-03-25,Kern,029,883053,191692,191288,46246,237534,2201
2022-03-25,Kings,031,150075,51468,51397,3621,55018,444
2022-03-25,Lake,033,64148,10686,10659,898,11557,136
2022-03-25,Lassen,035,31185,8961,8944,889,9833,63
2022-03-25,Los Angeles,037,10098052,2706215,2698028,124614,2822642,31291
2022-03-25,Madera,039,155013,37243,37321,6106,43427,354
2022-03-25,Marin,041,260295,33437,33317,2227,35544,287
2022-03-25,Mariposa,043,17540,2395,2386,203,2589,23
2022-03-25,Mendocino,045,87422,13054,13038,3043,16081,118
2022-03-25,Merced,047,269075,62101,62083,8664,70747,805
2022-03-25,Modoc,049,8938,738,736,250,986,7
2022-03-25,Mono,051,14174,2967,2966,122,3088,5
2022-03-25,Monterey,053,433212,79326,78688,13853,92541,724
2022-03-25,Napa,055,140530,25760,25701,966,26667,139
2022-03-25,Nevada,057,99092,15931,15960,1209,17169,123
2022-03-25,Orange,059,3164182,545960,545294,41493,586787,6853
2022-03-25,Placer,061,380077,62640,62634,7405,70039,613
2022-03-25,Plumas,063,18699,2966,2758,364,3122,13
2022-03-25,Riverside,065,2383286,590750,590060,28099,618159,6397
2022-03-25,Sacramento,067,1510023,280554,275529,27207,302736,2935
2022-03-25,San Benito,069,59416,12892,12885,518,13403,97
2022-03-25,San Bernardino,071,2135413,565837,560742,25107,585849,6840
2022-03-25,San Diego,073,3302833,752128,750170,52284,802454,5146
2022-03-25,San Francisco,075,870044,124168,124265,8313,132578,839
2022-03-25,San Joaquin,077,732212,166162,166079,10007,176086,2195
2022-03-25,San Luis Obispo,079,281455,52394,52369,3794,56163,469
2022-03-25,San Mateo,081,765935,121439,120165,7022,127187,684
2022-03-25,Santa Barbara,083,443738,85627,85477,4776,90253,674
2022-03-25,Santa Clara,085,1922200,310347,311189,12470,323659,2250
2022-03-25,Santa Cruz,087,273765,47684,47329,2133,49462,259
2022-03-25,Shasta,089,179085,30543,30542,6150,36692,527
2022-03-25,Sierra,091,2930,271,273,48,321,4
2022-03-25,Siskiyou,093,43540,4442,4433,2748,7181,80
2022-03-25,Solano,095,438530,81290,81659,5557,87216,441
2022-03-25,Sonoma,097,501317,83336,83113,2613,85726,485
2022-03-25,Stanislaus,099,539301,117277,117962,17478,135440,1565
2022-03-25,Sutter,101,95872,20464,20536,2130,22666,221
2022-03-25,Tehama,103,63373,12035,12036,2621,14657,195
2022-03-25,Trinity,105,12862,1182,1174,295,1469,20
2022-03-25,Tulare,107,460477,106512,104538,28593,133131,1400
2022-03-25,Tuolumne,109,53932,12612,12628,568,13196,180
2022-03-25,Ventura,111,848112,173036,172690,9328,182018,1455
2022-03-25,Yolo,113,214977,36897,36234,3198,39432,311
2022-03-25,Yuba,115,75493,15829,15807,1206,17013,117
2022-03-24,Alameda,001,1643700,255354,254691,14211,268902,1803
2022-03-24,Alpine,003,1148,124,124,1,125,0
2022-03-24,Amador,005,37829,8526,8476,652,9128,86
2022-03-24,Butte,007,227075,32986,32929,6638,39567,391
2022-03-24,Calaveras,009,45235,7254,7240,354,7594,120
2022-03-24,Colusa,011,21464,3439,3445,1072,4517,21
2022-03-24,Contra Costa,013,1133247,188093,187990,13257,201247,1285
2022-03-24,Del Norte,015,27424,5785,5831,196,6027,50
2022-03-24,El Dorado,017,186661,26668,26674,3219,29893,200
2022-03-24,Fresno,019,978130,231202,229799,24020,253819,2710
2022-03-24,Glenn,021,27897,4977,4978,1609,6587,47
2022-03-24,Humboldt,023,135768,16855,16911,2976,19887,139
2022-03-24,Imperial,025,180216,55353,55230,10818,66048,913
2022-03-24,Inyo,027,18085,4063,4060,481,4541,56
2022-03-24,Kern,029,883053,191681,191288,46243,237531,2201
2022-03-24,Kings,031,150075,51459,51397,3619,55016,444
2022-03-24,Lake,033,64148,10685,10659,898,11557,136
2022-03-24,Lassen,035,31185,8960,8944,889,9833,63
2022-03-24,Los Angeles,037,10098052,2705650,2698028,124569,2822597,31291
2022-03-24,Madera,039,155013,37241,37321,6104,43425,354
2022-03-24,Marin,041,260295,33414,33317,2218,35535,287
2022-03-24,Mariposa,043,17540,2395,2386,203,2589,23
2022-03-24,Mendocino,045,87422,13049,13038,3040,16078,118
2022-03-24,Merced,047,269075,62095,62083,8663,70746,805
2022-03-24,Modoc,049,8938,738,736,250,986,7
2022-03-24,Mono,051,14174,2967,2966,122,3088,5
2022-03-24,Monterey,053,433212,79300,78688,13839,92527,724
2022-03-24,Napa,055,140530,25751,25701,966,26667,139
2022-03-24,Nevada,057,99092,15927,15960,1208,17168,123
2022-03-24,Orange,059,3164182,545858,545294,41476,586770,6853
2022-03-24,Placer,061,380077,62620,62634,7404,70038,613
2022-03-24,Plumas,063,18699,2966,2758,364,3122,13
2022-03-24,Riverside,065,2383286,590673,590060,28090,618150,6397
2022-03-24,Sacramento,067,1510023,280484,275529,27202,302731,2935
2022-03-24,San Benito,069,59416,12891,12885,517,13402,97
2022-03-24,San Bernardino,071,2135413,565756,560742,25103,585845,6840
2022-03-24,San Diego,073,3302833,751916,750170,52273,802443,5146
2022-03-24,San Francisco,075,870044,124089,124265,8307,132572,839
2022-03-24,San Joaquin,077,732212,166135,166079,10006,176085,2195
2022-03-24,San Luis Obispo,079,281455,52379,52369,3793,56162,469
2022-03-24,San Mateo,081,765935,121390,120165,7017,127182,684
2022-03-24,Santa Barbara,083,443738,85612,85477,4773,90250,674
2022-03-24,Santa Clara,085,1922200,310203,311189,12452,323641,2250
2022-03-24,Santa Cruz,087,273765,47667,47329,2132,49461,259
2022-03-24,Shasta,089,179085,30535,30542,6150,36692,527
2022-03-24,Sierra,091,2930,271,273,48,321,4
2022-03-24,Siskiyou,093,43540,4439,4433,2748,7181,80
2022-03-24,Solano,095,438530,81271,81659,5556,87215,441
2022-03-24,Sonoma,097,501317,83300,83113,2611,85724,485
2022-03-24,Stanislaus,099,539301,117268,117962,17475,135437,1565
2022-03-24,Sutter,101,95872,20459,20536,2130,22666,221
2022-03-24,Tehama,103,63373,12033,12036,2619,14655,195
2022-03-24,Trinity,105,12862,1182,1174,295,1469,20
2022-03-24,Tulare,107,460477,106502,104538,28587,133125,1400
2022-03-24,Tuolumne,109,53932,12610,12628,568,13196,180
2022-03-24,Ventura,111,848112,172993,172690,9327,182017,1455
2022-03-24,Yolo,113,214977,36890,36234,3194,39428,311
2022-03-24,Yuba,115,75493,15824,15807,1203,17010,117
2022-03-23,Alameda,001,1643700,255219,254559,14200,268759,1802
2022-03-23,Alpine,003,1148,124,124,1,125,0
2022-03-23,Amador,005,37829,8526,8475,652,9127,86
2022-03-23,Butte,007,227075,32973,32920,6637,39557,387
2022-03-23,Calaveras,009,45235,7249,7237,354,7591,120
2022-03-23,Colusa,011,21464,3438,3444,1072,4516,21
2022-03-23,Contra Costa,013,1133247,187995,187898,13245,201143,1279
2022-03-23,Del Norte,015,27424,5783,5830,196,6026,50
2022-03-23,El Dorado,017,186661,26662,26670,3219,29889,200
2022-03-23,Fresno,019,978130,231166,229656,24006,253662,2710
2022-03-23,Glenn,021,27897,4977,4975,1609,6584,47
2022-03-23,Humboldt,023,135768,16854,16908,2974,19882,139
2022-03-23,Imperial,025,180216,55348,55211,10817,66028,909
2022-03-23,Inyo,027,18085,4063,4060,481,4541,56
2022-03-23,Kern,029,883053,191664,191241,46238,237479,2196
2022-03-23,Kings,031,150075,51447,51384,3618,55002,442
2022-03-23,Lake,033,64148,10681,10658,897,11555,135
2022-03-23,Lassen,035,31185,8959,8944,888,9832,63
2022-03-23,Los Angeles,037,10098052,2704972,2697227,124537,2821764,31267
2022-03-23,Madera,039,155013,37236,37317,6100,43417,354
2022-03-23,Marin,041,260295,33389,33274,2213,35487,287
2022-03-23,Mariposa,043,17540,2393,2382,202,2584,11
2022-03-23,Mendocino,045,87422,13045,13033,3039,16072,118
2022-03-23,Merced,047,269075,62085,62056,8659,70715,805
2022-03-23,Modoc,049,8938,738,736,250,986,7
2022-03-23,Mono,051,14174,2967,2966,122,3088,5
2022-03-23,Monterey,053,433212,79282,78655,13814,92469,724
2022-03-23,Napa,055,140530,25738,25691,964,26655,139
2022-03-23,Nevada,057,99092,15925,15958,1208,17166,123
2022-03-23,Orange,059,3164182,545729,545158,41463,586621,6852
2022-03-23,Placer,061,380077,62601,62622,7402,70024,613
2022-03-23,Plumas,063,18699,2966,2747,364,3111,13
2022-03-23,Riverside,065,2383286,590599,589947,28085,618032,6388
2022-03-23,Sacramento,067,1510023,280422,275398,27195,302593,2934
2022-03-23,San Benito,069,59416,12890,12884,517,13401,97
2022-03-23,San Bernardino,071,2135413,565682,560550,25098,585648,6828
2022-03-23,San Diego,073,3302833,751717,749871,52250,802121,5143
2022-03-23,San Francisco,075,870044,123975,124110,8301,132411,838
2022-03-23,San Joaquin,077,732212,166099,166041,9999,176040,2187
2022-03-23,San Luis Obispo,079,281455,52362,52344,3787,56131,469
2022-03-23,San Mateo,081,765935,121307,120080,7007,127087,685
2022-03-23,Santa Barbara,083,443738,85593,85464,4772,90236,673
2022-03-23,Santa Clara,085,1922200,310040,310956,12440,323396,2250
2022-03-23,Santa Cruz,087,273765,47646,47314,2126,49440,259
2022-03-23,Shasta,089,179085,30531,30524,6149,36673,526
2022-03-23,Sierra,091,2930,271,273,48,321,4
2022-03-23,Siskiyou,093,43540,4438,4433,2748,7181,80
2022-03-23,Solano,095,438530,81237,81615,5555,87170,441
2022-03-23,Sonoma,097,501317,83267,83074,2608,85682,482
2022-03-23,Stanislaus,099,539301,117251,118041,17472,135513,1568
2022-03-23,Sutter,101,95872,20456,20532,2130,22662,218
2022-03-23,Tehama,103,63373,12031,12035,2619,14654,195
2022-03-23,Trinity,105,12862,1182,1174,295,1469,20
2022-03-23,Tulare,107,460477,106485,104489,28581,133070,1394
2022-03-23,Tuolumne,109,53932,12609,12629,568,13197,180
2022-03-23,Ventura,111,848112,172943,172647,9325,181972,1455
2022-03-23,Yolo,113,214977,36874,36197,3192,39389,308
2022-03-23,Yuba,115,75493,15818,15801,1202,17003,117
2022-03-22,Alameda,001,1643700,255097,254467,13824,268291,1802
2022-03-22,Alpine,003,1148,124,122,1,123,0
2022-03-22,Amador,005,37829,8525,8462,651,9113,86
2022-03-22,Butte,007,227075,32963,32907,6633,39540,387
2022-03-22,Calaveras,009,45235,7247,7237,354,7591,120
2022-03-22,Colusa,011,21464,3437,3445,1072,4517,21
2022-03-22,Contra Costa,013,1133247,187918,187813,13223,201036,1279
2022-03-22,Del Norte,015,27424,5778,5824,196,6020,50
2022-03-22,El Dorado,017,186661,26655,26661,3219,29880,200
2022-03-22,Fresno,019,978130,231118,229551,23998,253549,2708
2022-03-22,Glenn,021,27897,4974,4971,1609,6580,47
2022-03-22,Humboldt,023,135768,16851,16911,2974,19885,139
2022-03-22,Imperial,025,180216,55337,55170,10814,65984,908
2022-03-22,Inyo,027,18085,4063,4060,481,4541,56
2022-03-22,Kern,029,883053,191640,191213,46229,237442,2195
2022-03-22,Kings,031,150075,51435,51369,3617,54986,442
2022-03-22,Lake,033,64148,10679,10657,896,11553,135
2022-03-22,Lassen,035,31185,8959,8940,887,9827,63
2022-03-22,Los Angeles,037,10098052,2704310,2696746,124488,2821234,31250
2022-03-22,Madera,039,155013,37232,37304,6097,43401,354
2022-03-22,Marin,041,260295,33364,33253,2209,35462,287
2022-03-22,Mariposa,043,17540,2391,2382,202,2584,6
2022-03-22,Mendocino,045,87422,13040,13030,3037,16067,118
2022-03-22,Merced,047,269075,62075,62056,8655,70711,805
2022-03-22,Modoc,049,8938,738,735,250,985,7
2022-03-22,Mono,051,14174,2967,2963,122,3085,5
2022-03-22,Monterey,053,433212,79266,78614,13803,92417,724
2022-03-22,Napa,055,140530,25728,25688,963,26651,139
2022-03-22,Nevada,057,99092,15917,15950,1208,17158,123
2022-03-22,Orange,059,3164182,545584,545075,41443,586518,6843
2022-03-22,Placer,061,380077,62588,62604,7400,70004,610
2022-03-22,Plumas,063,18699,2965,2744,364,3108,13
2022-03-22,Riverside,065,2383286,590525,589816,28082,617898,6383
2022-03-22,Sacramento,067,1510023,280345,275374,27183,302557,2927
2022-03-22,San Benito,069,59416,12889,12884,516,13400,97
2022-03-22,San Bernardino,071,2135413,565600,560371,25078,585449,6811
2022-03-22,San Diego,073,3302833,751508,749647,52230,801877,5141
2022-03-22,San Francisco,075,870044,123867,123998,8295,132293,838
2022-03-22,San Joaquin,077,732212,166071,165992,9995,175987,2187
2022-03-22,San Luis Obispo,079,281455,52354,52257,3787,56044,465
2022-03-22,San Mateo,081,765935,121236,119975,7003,126978,686
2022-03-22,Santa Barbara,083,443738,85577,85457,4771,90228,672
2022-03-22,Santa Clara,085,1922200,309872,310787,12428,323215,2249
2022-03-22,Santa Cruz,087,273765,47627,47287,2125,49412,259
2022-03-22,Shasta,089,179085,30525,30528,6148,36676,525
2022-03-22,Sierra,091,2930,271,273,48,321,4
2022-03-22,Siskiyou,093,43540,4438,4429,2747,7176,80
2022-03-22,Solano,095,438530,81214,81587,5554,87141,440
2022-03-22,Sonoma,097,501317,83239,83042,2604,85646,482
2022-03-22,Stanislaus,099,539301,117234,118025,17469,135494,1568
2022-03-22,Sutter,101,95872,20455,20525,2126,22651,218
2022-03-22,Tehama,103,63373,12029,12034,2619,14653,162
2022-03-22,Trinity,105,12862,1182,1174,295,1469,20
2022-03-22,Tulare,107,460477,106473,104431,28572,133003,1391
2022-03-22,Tuolumne,109,53932,12609,12628,568,13196,180
2022-03-22,Ventura,111,848112,172895,172590,9323,181913,1455
2022-03-22,Yolo,113,214977,36857,36184,3191,39375,308
2022-03-22,Yuba,115,75493,15815,15795,1201,16996,117
2022-03-21,Alameda,001,1643700,254882,254354,13816,268170,1799
2022-03-21,Alpine,003,1148,124,122,1,123,0
2022-03-21,Amador,005,37829,8522,8461,650,9111,85
2022-03-21,Butte,007,227075,32952,32895,6629,39524,385
2022-03-21,Calaveras,009,45235,7246,7237,354,7591,119
2022-03-21,Colusa,011,21464,3437,3445,1072,4517,21
2022-03-21,Contra Costa,013,1133247,187854,187509,13206,200715,1276
2022-03-21,Del Norte,015,27424,5777,5824,196,6020,50
2022-03-21,El Dorado,017,186661,26644,26610,3218,29828,199
2022-03-21,Fresno,019,978130,231069,229374,23989,253363,2707
2022-03-21,Glenn,021,27897,4972,4972,1603,6575,46
2022-03-21,Humboldt,023,135768,16841,16912,2961,19873,139
2022-03-21,Imperial,025,180216,55323,55133,10813,65946,908
2022-03-21,Inyo,027,18085,4062,4060,481,4541,56
2022-03-21,Kern,029,883053,191606,191184,46223,237407,2187
2022-03-21,Kings,031,150075,51421,51366,3615,54981,441
2022-03-21,Lake,033,64148,10677,10655,896,11551,135
2022-03-21,Lassen,035,31185,8958,8939,887,9826,63
2022-03-21,Los Angeles,037,10098052,2703442,2694711,124439,2819150,31218
2022-03-21,Madera,039,155013,37226,37288,6093,43381,354
2022-03-21,Marin,041,260295,33320,33242,2204,35446,287
2022-03-21,Mariposa,043,17540,2390,2383,201,2584,6
2022-03-21,Mendocino,045,87422,13032,13028,3035,16063,118
2022-03-21,Merced,047,269075,62061,62048,8650,70698,803
2022-03-21,Modoc,049,8938,736,734,250,984,7
2022-03-21,Mono,051,14174,2967,2962,122,3084,5
2022-03-21,Monterey,053,433212,79217,78572,13789,92361,724
2022-03-21,Napa,055,140530,25720,25684,961,26645,138
2022-03-21,Nevada,057,99092,15913,15963,1207,17170,123
2022-03-21,Orange,059,3164182,545429,544943,41426,586369,6841
2022-03-21,Placer,061,380077,62569,62550,7399,69949,610
2022-03-21,Plumas,063,18699,2965,2744,364,3108,13
2022-03-21,Riverside,065,2383286,590443,589707,28076,617783,6376
2022-03-21,Sacramento,067,1510023,280254,275334,27169,302503,2925
2022-03-21,San Benito,069,59416,12883,12872,516,13388,97
2022-03-21,San Bernardino,071,2135413,565509,560210,25065,585275,6807
2022-03-21,San Diego,073,3302833,751275,748833,52209,801042,5138
2022-03-21,San Francisco,075,870044,123699,123912,8286,132198,835
2022-03-21,San Joaquin,077,732212,166045,165939,9992,175931,2185
2022-03-21,San Luis Obispo,079,281455,52329,52219,3782,56001,463
2022-03-21,San Mateo,081,765935,121076,119899,7001,126900,684
2022-03-21,Santa Barbara,083,443738,85561,85416,4769,90185,672
2022-03-21,Santa Clara,085,1922200,309606,310509,12425,322934,2245
2022-03-21,Santa Cruz,087,273765,47591,47267,2124,49391,259
2022-03-21,Shasta,089,179085,30519,30523,6146,36669,525
2022-03-21,Sierra,091,2930,271,273,48,321,4
2022-03-21,Siskiyou,093,43540,4438,4426,2747,7173,80
2022-03-21,Solano,095,438530,81186,81399,5554,86953,441
2022-03-21,Sonoma,097,501317,83201,82979,2599,85578,482
2022-03-21,Stanislaus,099,539301,117200,118144,17466,135610,1571
2022-03-21,Sutter,101,95872,20452,20523,2113,22636,218
2022-03-21,Tehama,103,63373,12025,12030,2619,14649,160
2022-03-21,Trinity,105,12862,1182,1174,295,1469,20
2022-03-21,Tulare,107,460477,106453,104350,28567,132917,1389
2022-03-21,Tuolumne,109,53932,12609,12620,568,13188,180
2022-03-21,Ventura,111,848112,172826,172537,9319,181856,1452
2022-03-21,Yolo,113,214977,36842,36141,3189,39330,307
2022-03-21,Yuba,115,75493,15812,15790,1200,16990,117
2022-03-20,Alameda,001,1643700,254742,254293,13805,268098,1801
2022-03-20,Alpine,003,1148,122,122,1,123,0
2022-03-20,Amador,005,37829,8519,8460,650,9110,85
2022-03-20,Butte,007,227075,32938,32892,6625,39517,385
2022-03-20,Calaveras,009,45235,7245,7233,351,7584,119
2022-03-20,Colusa,011,21464,3437,3446,1072,4518,21
2022-03-20,Contra Costa,013,1133247,187750,187467,13195,200662,1276
2022-03-20,Del Norte,015,27424,5774,5821,196,6017,50
2022-03-20,El Dorado,017,186661,26636,26608,3218,29826,199
2022-03-20,Fresno,019,978130,230992,229297,23983,253280,2707
2022-03-20,Glenn,021,27897,4971,4972,1603,6575,46
2022-03-20,Humboldt,023,135768,16839,16913,2959,19872,139
2022-03-20,Imperial,025,180216,55312,55133,10812,65945,908
2022-03-20,Inyo,027,18085,4062,4060,481,4541,56
2022-03-20,Kern,029,883053,191561,191170,46218,237388,2187
2022-03-20,Kings,031,150075,51409,51360,3615,54975,441
2022-03-20,Lake,033,64148,10673,10652,896,11548,135
2022-03-20,Lassen,035,31185,8956,8938,887,9825,63
2022-03-20,Los Angeles,037,10098052,2702648,2694698,124392,2819090,31219
2022-03-20,Madera,039,155013,37221,37284,6089,43373,354
2022-03-20,Marin,041,260295,33304,33232,2203,35435,275
2022-03-20,Mariposa,043,17540,2390,2383,201,2584,6
2022-03-20,Mendocino,045,87422,13025,13027,3030,16057,118
2022-03-20,Merced,047,269075,62050,62041,8644,70685,803
2022-03-20,Modoc,049,8938,736,734,250,984,7
2022-03-20,Mono,051,14174,2965,2962,122,3084,5
2022-03-20,Monterey,053,433212,79184,78566,13778,92344,723
2022-03-20,Napa,055,140530,25708,25682,960,26642,138
2022-03-20,Nevada,057,99092,15909,15964,1207,17171,123
2022-03-20,Orange,059,3164182,545307,544862,41406,586268,6841
2022-03-20,Placer,061,380077,62548,62525,7399,69924,610
2022-03-20,Plumas,063,18699,2965,2744,364,3108,13
2022-03-20,Riverside,065,2383286,590345,589657,28071,617728,6376
2022-03-20,Sacramento,067,1510023,280174,275317,27154,302471,2927
2022-03-20,San Benito,069,59416,12883,12869,515,13384,97
2022-03-20,San Bernardino,071,2135413,565429,560220,25056,585276,6805
2022-03-20,San Diego,073,3302833,751029,748833,52176,801009,5138
2022-03-20,San Francisco,075,870044,123548,123858,8274,132132,835
2022-03-20,San Joaquin,077,732212,166011,165927,9988,175915,2185
2022-03-20,San Luis Obispo,079,281455,52305,52217,3779,55996,463
2022-03-20,San Mateo,081,765935,121017,119901,6995,126896,684
2022-03-20,Santa Barbara,083,443738,85537,85412,4767,90179,672
2022-03-20,Santa Clara,085,1922200,309397,310412,12417,322829,2243
2022-03-20,Santa Cruz,087,273765,47564,47265,2123,49388,259
2022-03-20,Shasta,089,179085,30508,30522,6145,36667,525
2022-03-20,Sierra,091,2930,271,273,48,321,4
2022-03-20,Siskiyou,093,43540,4437,4426,2747,7173,80
2022-03-20,Solano,095,438530,81156,81393,5552,86945,441
2022-03-20,Sonoma,097,501317,83158,82965,2598,85563,481
2022-03-20,Stanislaus,099,539301,117175,118146,17462,135608,1572
2022-03-20,Sutter,101,95872,20445,20519,2103,22622,218
2022-03-20,Tehama,103,63373,12023,12030,2619,14649,160
2022-03-20,Trinity,105,12862,1182,1174,295,1469,20
2022-03-20,Tulare,107,460477,106431,104353,28552,132905,1389
2022-03-20,Tuolumne,109,53932,12604,12617,568,13185,180
2022-03-20,Ventura,111,848112,172773,172514,9314,181828,1451
2022-03-20,Yolo,113,214977,36822,36135,3188,39323,307
2022-03-20,Yuba,115,75493,15804,15787,1198,16985,117
2022-03-19,Alameda,001,1643700,254660,253936,13803,267739,1797
2022-03-19,Alpine,003,1148,122,122,1,123,0
2022-03-19,Amador,005,37829,8516,8456,650,9106,85
2022-03-19,Butte,007,227075,32930,32856,6625,39481,385
2022-03-19,Calaveras,009,45235,7244,7229,351,7580,119
2022-03-19,Colusa,011,21464,3435,3445,1072,4517,21
2022-03-19,Contra Costa,013,1133247,187714,187225,13194,200419,1276
2022-03-19,Del Norte,015,27424,5771,5815,196,6011,48
2022-03-19,El Dorado,017,186661,26632,26618,3218,29836,199
2022-03-19,Fresno,019,978130,230969,228965,23982,252947,2694
2022-03-19,Glenn,021,27897,4971,4971,1603,6574,44
2022-03-19,Humboldt,023,135768,16833,16901,2959,19860,138
2022-03-19,Imperial,025,180216,55311,55038,10811,65849,898
2022-03-19,Inyo,027,18085,4062,4061,481,4542,56
2022-03-19,Kern,029,883053,191548,190943,46210,237153,2184
2022-03-19,Kings,031,150075,51404,51334,3615,54949,441
2022-03-19,Lake,033,64148,10673,10641,896,11537,135
2022-03-19,Lassen,035,31185,8956,8925,887,9812,63
2022-03-19,Los Angeles,037,10098052,2702282,2686759,124358,2811117,31133
2022-03-19,Madera,039,155013,37221,37273,6089,43362,354
2022-03-19,Marin,041,260295,33286,33163,2199,35362,272
2022-03-19,Mariposa,043,17540,2389,2378,201,2579,6
2022-03-19,Mendocino,045,87422,13025,13012,3030,16042,117
2022-03-19,Merced,047,269075,62044,61985,8642,70627,800
2022-03-19,Modoc,049,8938,736,734,250,984,7
2022-03-19,Mono,051,14174,2965,2961,122,3083,5
2022-03-19,Monterey,053,433212,79172,78483,13771,92254,720
2022-03-19,Napa,055,140530,25705,25654,960,26614,138
2022-03-19,Nevada,057,99092,15907,15960,1207,17167,123
2022-03-19,Orange,059,3164182,545236,543907,41390,585297,6817
2022-03-19,Placer,061,380077,62533,62483,7399,69882,605
2022-03-19,Plumas,063,18699,2965,2724,364,3088,13
2022-03-19,Riverside,065,2383286,590293,589017,28063,617080,6359
2022-03-19,Sacramento,067,1510023,280133,274855,27150,302005,2913
2022-03-19,San Benito,069,59416,12882,12859,515,13374,97
2022-03-19,San Bernardino,071,2135413,565383,559935,25054,584989,6778
2022-03-19,San Diego,073,3302833,750926,747344,52164,799508,5133
2022-03-19,San Francisco,075,870044,123480,123587,8271,131858,833
2022-03-19,San Joaquin,077,732212,165985,165765,9985,175750,2181
2022-03-19,San Luis Obispo,079,281455,52299,52174,3779,55953,463
2022-03-19,San Mateo,081,765935,120981,119782,6994,126776,667
2022-03-19,Santa Barbara,083,443738,85522,85336,4766,90102,671
2022-03-19,Santa Clara,085,1922200,309277,309918,12408,322326,2225
2022-03-19,Santa Cruz,087,273765,47556,47203,2119,49322,256
2022-03-19,Shasta,089,179085,30504,30495,6145,36640,525
2022-03-19,Sierra,091,2930,271,273,48,321,4
2022-03-19,Siskiyou,093,43540,4436,4422,2747,7169,76
2022-03-19,Solano,095,438530,81147,81340,5549,86889,441
2022-03-19,Sonoma,097,501317,83140,82838,2595,85433,472
2022-03-19,Stanislaus,099,539301,117165,118138,17460,135598,1568
2022-03-19,Sutter,101,95872,20442,20503,2103,22606,218
2022-03-19,Tehama,103,63373,12023,12007,2619,14626,160
2022-03-19,Trinity,105,12862,1182,1173,295,1468,20
2022-03-19,Tulare,107,460477,106422,104290,28547,132837,1384
2022-03-19,Tuolumne,109,53932,12604,12617,568,13185,180
2022-03-19,Ventura,111,848112,172742,172380,9313,181693,1451
2022-03-19,Yolo,113,214977,36813,36086,3188,39274,306
2022-03-19,Yuba,115,75493,15800,15768,1197,16965,117
2022-03-18,Alameda,001,1643700,254600,253936,13799,267735,1797
2022-03-18,Alpine,003,1148,122,122,1,123,0
2022-03-18,Amador,005,37829,8516,8456,650,9106,85
2022-03-18,Butte,007,227075,32925,32856,6623,39479,385
2022-03-18,Calaveras,009,45235,7244,7229,351,7580,119
2022-03-18,Colusa,011,21464,3435,3445,1072,4517,21
2022-03-18,Contra Costa,013,1133247,187681,187225,13192,200417,1276
2022-03-18,Del Norte,015,27424,5769,5815,195,6010,48
2022-03-18,El Dorado,017,186661,26627,26618,3216,29834,199
2022-03-18,Fresno,019,978130,230936,228965,23982,252947,2694
2022-03-18,Glenn,021,27897,4971,4971,1603,6574,44
2022-03-18,Humboldt,023,135768,16830,16901,2958,19859,138
2022-03-18,Imperial,025,180216,55309,55038,10811,65849,898
2022-03-18,Inyo,027,18085,4062,4061,481,4542,56
2022-03-18,Kern,029,883053,191537,190943,46207,237150,2184
2022-03-18,Kings,031,150075,51398,51334,3615,54949,441
2022-03-18,Lake,033,64148,10671,10641,895,11536,135
2022-03-18,Lassen,035,31185,8955,8925,887,9812,63
2022-03-18,Los Angeles,037,10098052,2701934,2686759,124332,2811091,31133
2022-03-18,Madera,039,155013,37216,37273,6089,43362,354
2022-03-18,Marin,041,260295,33272,33163,2199,35362,272
2022-03-18,Mariposa,043,17540,2388,2378,201,2579,6
2022-03-18,Mendocino,045,87422,13020,13012,3030,16042,117
2022-03-18,Merced,047,269075,62034,61985,8642,70627,800
2022-03-18,Modoc,049,8938,736,734,250,984,7
2022-03-18,Mono,051,14174,2964,2961,122,3083,5
2022-03-18,Monterey,053,433212,79154,78483,13768,92251,720
2022-03-18,Napa,055,140530,25702,25654,960,26614,138
2022-03-18,Nevada,057,99092,15904,15960,1206,17166,123
2022-03-18,Orange,059,3164182,545168,543907,41381,585288,6817
2022-03-18,Placer,061,380077,62525,62483,7399,69882,605
2022-03-18,Plumas,063,18699,2965,2724,364,3088,13
2022-03-18,Riverside,065,2383286,590236,589017,28059,617076,6359
2022-03-18,Sacramento,067,1510023,280098,274855,27145,302000,2913
2022-03-18,San Benito,069,59416,12880,12859,515,13374,97
2022-03-18,San Bernardino,071,2135413,565344,559935,25052,584987,6778
2022-03-18,San Diego,073,3302833,750816,747344,52149,799493,5133
2022-03-18,San Francisco,075,870044,123400,123587,8264,131851,833
2022-03-18,San Joaquin,077,732212,165971,165765,9980,175745,2181
2022-03-18,San Luis Obispo,079,281455,52293,52174,3779,55953,463
2022-03-18,San Mateo,081,765935,120946,119782,6991,126773,667
2022-03-18,Santa Barbara,083,443738,85513,85336,4765,90101,671
2022-03-18,Santa Clara,085,1922200,309174,309918,12405,322323,2225
2022-03-18,Santa Cruz,087,273765,47544,47203,2118,49321,256
2022-03-18,Shasta,089,179085,30503,30495,6145,36640,525
2022-03-18,Sierra,091,2930,271,273,48,321,4
2022-03-18,Siskiyou,093,43540,4436,4422,2747,7169,76
2022-03-18,Solano,095,438530,81136,81340,5543,86883,441
2022-03-18,Sonoma,097,501317,83120,82838,2594,85432,472
2022-03-18,Stanislaus,099,539301,117152,118138,17460,135598,1568
2022-03-18,Sutter,101,95872,20439,20503,2103,22606,218
2022-03-18,Tehama,103,63373,12022,12007,2619,14626,160
2022-03-18,Trinity,105,12862,1182,1173,295,1468,20
2022-03-18,Tulare,107,460477,106416,104290,28541,132831,1384
2022-03-18,Tuolumne,109,53932,12603,12617,568,13185,180
2022-03-18,Ventura,111,848112,172722,172380,9308,181688,1451
2022-03-18,Yolo,113,214977,36802,36086,3188,39274,306
2022-03-18,Yuba,115,75493,15798,15768,1197,16965,117
2022-03-17,Alameda,001,1643700,254502,253936,13792,267728,1797
2022-03-17,Alpine,003,1148,122,122,1,123,0
2022-03-17,Amador,005,37829,8509,8456,650,9106,85
2022-03-17,Butte,007,227075,32911,32856,6621,39477,385
2022-03-17,Calaveras,009,45235,7241,7229,351,7580,119
2022-03-17,Colusa,011,21464,3435,3445,1072,4517,21
2022-03-17,Contra Costa,013,1133247,187617,187225,13182,200407,1276
2022-03-17,Del Norte,015,27424,5767,5815,195,6010,48
2022-03-17,El Dorado,017,186661,26620,26618,3216,29834,199
2022-03-17,Fresno,019,978130,230887,228965,23979,252944,2694
2022-03-17,Glenn,021,27897,4971,4971,1603,6574,44
2022-03-17,Humboldt,023,135768,16826,16901,2956,19857,138
2022-03-17,Imperial,025,180216,55298,55038,10811,65849,898
2022-03-17,Inyo,027,18085,4062,4061,481,4542,56
2022-03-17,Kern,029,883053,191507,190943,46204,237147,2184
2022-03-17,Kings,031,150075,51395,51334,3614,54948,441
2022-03-17,Lake,033,64148,10668,10641,895,11536,135
2022-03-17,Lassen,035,31185,8953,8925,887,9812,63
2022-03-17,Los Angeles,037,10098052,2701277,2686759,124295,2811054,31133
2022-03-17,Madera,039,155013,37212,37273,6088,43361,354
2022-03-17,Marin,041,260295,33260,33163,2198,35361,272
2022-03-17,Mariposa,043,17540,2388,2378,201,2579,6
2022-03-17,Mendocino,045,87422,13017,13012,3027,16039,117
2022-03-17,Merced,047,269075,62028,61985,8640,70625,800
2022-03-17,Modoc,049,8938,736,734,250,984,7
2022-03-17,Mono,051,14174,2964,2961,121,3082,5
2022-03-17,Monterey,053,433212,79132,78483,13762,92245,720
2022-03-17,Napa,055,140530,25697,25654,960,26614,138
2022-03-17,Nevada,057,99092,15901,15960,1206,17166,123
2022-03-17,Orange,059,3164182,545074,543907,41370,585277,6817
2022-03-17,Placer,061,380077,62510,62483,7397,69880,605
2022-03-17,Plumas,063,18699,2964,2724,364,3088,13
2022-03-17,Riverside,065,2383286,590157,589017,28052,617069,6359
2022-03-17,Sacramento,067,1510023,280031,274855,27137,301992,2913
2022-03-17,San Benito,069,59416,12879,12859,515,13374,97
2022-03-17,San Bernardino,071,2135413,565278,559935,25049,584984,6778
2022-03-17,San Diego,073,3302833,750639,747344,52135,799479,5133
2022-03-17,San Francisco,075,870044,123320,123587,8259,131846,833
2022-03-17,San Joaquin,077,732212,165948,165765,9978,175743,2181
2022-03-17,San Luis Obispo,079,281455,52279,52174,3777,55951,463
2022-03-17,San Mateo,081,765935,120900,119782,6987,126769,667
2022-03-17,Santa Barbara,083,443738,85497,85336,4765,90101,671
2022-03-17,Santa Clara,085,1922200,309054,309918,12400,322318,2225
2022-03-17,Santa Cruz,087,273765,47528,47203,2116,49319,256
2022-03-17,Shasta,089,179085,30500,30495,6143,36638,525
2022-03-17,Sierra,091,2930,271,273,48,321,4
2022-03-17,Siskiyou,093,43540,4435,4422,2747,7169,76
2022-03-17,Solano,095,438530,81107,81340,5540,86880,441
2022-03-17,Sonoma,097,501317,83090,82838,2592,85430,472
2022-03-17,Stanislaus,099,539301,117139,118138,17455,135593,1568
2022-03-17,Sutter,101,95872,20429,20503,2089,22592,218
2022-03-17,Tehama,103,63373,12022,12007,2618,14625,160
2022-03-17,Trinity,105,12862,1182,1173,295,1468,20
2022-03-17,Tulare,107,460477,106401,104290,28530,132820,1384
2022-03-17,Tuolumne,109,53932,12600,12617,567,13184,180
2022-03-17,Ventura,111,848112,172675,172380,9306,181686,1451
2022-03-17,Yolo,113,214977,36789,36086,3188,39274,306
2022-03-17,Yuba,115,75493,15796,15768,1196,16964,117
2022-03-16,Alameda,001,1643700,254403,253792,13788,267580,1794
2022-03-16,Alpine,003,1148,122,122,1,123,0
2022-03-16,Amador,005,37829,8501,8449,650,9099,85
2022-03-16,Butte,007,227075,32899,32837,6616,39453,385
2022-03-16,Calaveras,009,45235,7239,7229,351,7580,120
2022-03-16,Colusa,011,21464,3435,3445,1072,4517,22
2022-03-16,Contra Costa,013,1133247,187559,187100,13173,200273,1266
2022-03-16,Del Norte,015,27424,5766,5811,193,6004,48
2022-03-16,El Dorado,017,186661,26608,26602,3215,29817,199
2022-03-16,Fresno,019,978130,230839,228786,23968,252754,2689
2022-03-16,Glenn,021,27897,4971,4969,1602,6571,44
2022-03-16,Humboldt,023,135768,16823,16893,2956,19849,138
2022-03-16,Imperial,025,180216,55286,55002,10810,65812,897
2022-03-16,Inyo,027,18085,4061,4061,481,4542,56
2022-03-16,Kern,029,883053,191464,190835,46197,237032,2170
2022-03-16,Kings,031,150075,51380,51321,3614,54935,437
2022-03-16,Lake,033,64148,10666,10633,894,11527,133
2022-03-16,Lassen,035,31185,8950,8924,887,9811,62
2022-03-16,Los Angeles,037,10098052,2700648,2685789,124254,2810043,31102
2022-03-16,Madera,039,155013,37204,37262,6087,43349,354
2022-03-16,Marin,041,260295,33239,33136,2196,35332,272
2022-03-16,Mariposa,043,17540,2386,2376,201,2577,6
2022-03-16,Mendocino,045,87422,13014,13011,3026,16037,117
2022-03-16,Merced,047,269075,62012,61959,8634,70593,798
2022-03-16,Modoc,049,8938,735,734,250,984,7
2022-03-16,Mono,051,14174,2964,2960,121,3081,5
2022-03-16,Monterey,053,433212,79110,78416,13757,92173,720
2022-03-16,Napa,055,140530,25688,25638,959,26597,138
2022-03-16,Nevada,057,99092,15899,15960,1206,17166,123
2022-03-16,Orange,059,3164182,544952,543326,41346,584672,6791
2022-03-16,Placer,061,380077,62495,62435,7395,69830,605
2022-03-16,Plumas,063,18699,2964,2723,364,3087,13
2022-03-16,Riverside,065,2383286,590057,588761,28049,616810,6351
2022-03-16,Sacramento,067,1510023,279964,274709,27130,301839,2910
2022-03-16,San Benito,069,59416,12874,12854,515,13369,97
2022-03-16,San Bernardino,071,2135413,565197,559746,25042,584788,6775
2022-03-16,San Diego,073,3302833,750428,746970,52111,799081,5126
2022-03-16,San Francisco,075,870044,123220,123446,8251,131697,831
2022-03-16,San Joaquin,077,732212,165901,165703,9975,175678,2169
2022-03-16,San Luis Obispo,079,281455,52261,52132,3773,55905,462
2022-03-16,San Mateo,081,765935,120837,119680,6978,126658,660
2022-03-16,Santa Barbara,083,443738,85464,85322,4760,90082,670
2022-03-16,Santa Clara,085,1922200,308869,309689,12385,322074,2224
2022-03-16,Santa Cruz,087,273765,47499,47161,2116,49277,255
2022-03-16,Shasta,089,179085,30491,30489,6139,36628,527
2022-03-16,Sierra,091,2930,271,273,48,321,4
2022-03-16,Siskiyou,093,43540,4432,4419,2745,7164,76
2022-03-16,Solano,095,438530,81084,81277,5538,86815,440
2022-03-16,Sonoma,097,501317,83045,82791,2583,85374,472
2022-03-16,Stanislaus,099,539301,117113,118072,17453,135525,1567
2022-03-16,Sutter,101,95872,20427,20494,2088,22582,218
2022-03-16,Tehama,103,63373,12020,11999,2618,14617,160
2022-03-16,Trinity,105,12862,1182,1173,295,1468,20
2022-03-16,Tulare,107,460477,106386,104217,28524,132741,1377
2022-03-16,Tuolumne,109,53932,12595,12610,567,13177,180
2022-03-16,Ventura,111,848112,172635,172212,9302,181514,1451
2022-03-16,Yolo,113,214977,36767,36079,3185,39264,307
2022-03-16,Yuba,115,75493,15791,15758,1196,16954,117
2022-03-15,Alameda,001,1643700,254272,253694,13778,267472,1793
2022-03-15,Alpine,003,1148,122,122,1,123,0
2022-03-15,Amador,005,37829,8498,8448,650,9098,85
2022-03-15,Butte,007,227075,32886,32822,6614,39436,385
2022-03-15,Calaveras,009,45235,7237,7236,351,7587,118
2022-03-15,Colusa,011,21464,3435,3445,1072,4517,21
2022-03-15,Contra Costa,013,1133247,187479,187021,13164,200185,1265
2022-03-15,Del Norte,015,27424,5763,5806,190,5996,48
2022-03-15,El Dorado,017,186661,26605,26596,3214,29810,199
2022-03-15,Fresno,019,978130,230796,228631,23958,252589,2689
2022-03-15,Glenn,021,27897,4969,4966,1602,6568,44
2022-03-15,Humboldt,023,135768,16817,16889,2955,19844,138
2022-03-15,Imperial,025,180216,55276,54981,10806,65787,896
2022-03-15,Inyo,027,18085,4061,4062,480,4542,56
2022-03-15,Kern,029,883053,191435,190645,46187,236832,2168
2022-03-15,Kings,031,150075,51360,51317,3610,54927,437
2022-03-15,Lake,033,64148,10662,10631,894,11525,131
2022-03-15,Lassen,035,31185,8948,8926,886,9812,62
2022-03-15,Los Angeles,037,10098052,2699976,2685071,124194,2809265,31077
2022-03-15,Madera,039,155013,37194,37258,6086,43344,354
2022-03-15,Marin,041,260295,33216,33111,2195,35306,272
2022-03-15,Mariposa,043,17540,2384,2377,201,2578,6
2022-03-15,Mendocino,045,87422,13009,13005,3025,16030,117
2022-03-15,Merced,047,269075,61994,61916,8625,70541,798
2022-03-15,Modoc,049,8938,735,733,250,983,7
2022-03-15,Mono,051,14174,2964,2961,121,3082,5
2022-03-15,Monterey,053,433212,79079,78400,13749,92149,718
2022-03-15,Napa,055,140530,25680,25657,957,26614,138
2022-03-15,Nevada,057,99092,15897,15960,1204,17164,123
2022-03-15,Orange,059,3164182,544810,543197,41339,584536,6780
2022-03-15,Placer,061,380077,62477,62398,7391,69789,604
2022-03-15,Plumas,063,18699,2963,2722,364,3086,13
2022-03-15,Riverside,065,2383286,589956,588622,28041,616663,6333
2022-03-15,Sacramento,067,1510023,279881,274633,27123,301756,2907
2022-03-15,San Benito,069,59416,12870,12849,515,13364,95
2022-03-15,San Bernardino,071,2135413,565121,559605,25037,584642,6770
2022-03-15,San Diego,073,3302833,750179,746474,52089,798563,5116
2022-03-15,San Francisco,075,870044,123104,123526,8242,131768,831
2022-03-15,San Joaquin,077,732212,165857,165664,9969,175633,2161
2022-03-15,San Luis Obispo,079,281455,52251,52060,3769,55829,458
2022-03-15,San Mateo,081,765935,120786,119586,6972,126558,649
2022-03-15,Santa Barbara,083,443738,85439,85353,4756,90109,668
2022-03-15,Santa Clara,085,1922200,308709,309535,12373,321908,2224
2022-03-15,Santa Cruz,087,273765,47446,47117,2116,49233,255
2022-03-15,Shasta,089,179085,30482,30476,6136,36612,524
2022-03-15,Sierra,091,2930,271,273,48,321,4
2022-03-15,Siskiyou,093,43540,4432,4420,2745,7165,76
2022-03-15,Solano,095,438530,81049,81260,5537,86797,440
2022-03-15,Sonoma,097,501317,83003,82737,2583,85320,472
2022-03-15,Stanislaus,099,539301,117094,118085,17450,135535,1567
2022-03-15,Sutter,101,95872,20424,20480,2078,22558,217
2022-03-15,Tehama,103,63373,12017,11997,2617,14614,160
2022-03-15,Trinity,105,12862,1182,1173,295,1468,20
2022-03-15,Tulare,107,460477,106367,104153,28512,132665,1375
2022-03-15,Tuolumne,109,53932,12591,12602,567,13169,180
2022-03-15,Ventura,111,848112,172590,172150,9298,181448,1451
2022-03-15,Yolo,113,214977,36754,36079,3179,39258,308
2022-03-15,Yuba,115,75493,15782,15756,1196,16952,116
2022-03-14,Alameda,001,1643700,254156,253629,13774,267403,1791
2022-03-14,Alpine,003,1148,122,122,1,123,0
2022-03-14,Amador,005,37829,8493,8448,650,9098,85
2022-03-14,Butte,007,227075,32868,32812,6613,39425,385
2022-03-14,Calaveras,009,45235,7236,7245,351,7596,118
2022-03-14,Colusa,011,21464,3434,3445,1072,4517,21
2022-03-14,Contra Costa,013,1133247,187386,186969,13155,200124,1265
2022-03-14,Del Norte,015,27424,5757,5807,190,5997,48
2022-03-14,El Dorado,017,186661,26600,26570,3214,29784,199
2022-03-14,Fresno,019,978130,230722,228470,23949,252419,2682
2022-03-14,Glenn,021,27897,4967,4966,1601,6567,44
2022-03-14,Humboldt,023,135768,16810,16890,2953,19843,137
2022-03-14,Imperial,025,180216,55263,54933,10805,65738,897
2022-03-14,Inyo,027,18085,4061,4062,480,4542,56
2022-03-14,Kern,029,883053,191400,190526,46176,236702,2166
2022-03-14,Kings,031,150075,51342,51293,3609,54902,437
2022-03-14,Lake,033,64148,10659,10631,894,11525,131
2022-03-14,Lassen,035,31185,8948,8927,885,9812,62
2022-03-14,Los Angeles,037,10098052,2699351,2683369,124127,2807496,31034
2022-03-14,Madera,039,155013,37188,37255,6085,43340,354
2022-03-14,Marin,041,260295,33187,33099,2195,35294,272
2022-03-14,Mariposa,043,17540,2383,2376,201,2577,6
2022-03-14,Mendocino,045,87422,13003,12992,3018,16010,117
2022-03-14,Merced,047,269075,61976,61905,8623,70528,795
2022-03-14,Modoc,049,8938,734,731,250,981,7
2022-03-14,Mono,051,14174,2963,2961,121,3082,5
2022-03-14,Monterey,053,433212,79065,78376,13712,92088,718
2022-03-14,Napa,055,140530,25665,25649,957,26606,138
2022-03-14,Nevada,057,99092,15895,15954,1204,17158,123
2022-03-14,Orange,059,3164182,544670,543099,41331,584430,6775
2022-03-14,Placer,061,380077,62459,62389,7389,69778,601
2022-03-14,Plumas,063,18699,2963,2711,364,3075,13
2022-03-14,Riverside,065,2383286,589819,588531,28029,616560,6332
2022-03-14,Sacramento,067,1510023,279801,274682,27118,301800,2899
2022-03-14,San Benito,069,59416,12865,12846,514,13360,95
2022-03-14,San Bernardino,071,2135413,565035,559505,25031,584536,6767
2022-03-14,San Diego,073,3302833,749869,745515,52061,797576,5108
2022-03-14,San Francisco,075,870044,123014,123575,8236,131811,824
2022-03-14,San Joaquin,077,732212,165819,165662,9968,175630,2142
2022-03-14,San Luis Obispo,079,281455,52224,52046,3766,55812,458
2022-03-14,San Mateo,081,765935,120713,119564,6969,126533,649
2022-03-14,Santa Barbara,083,443738,85402,85396,4755,90151,667
2022-03-14,Santa Clara,085,1922200,308522,309600,12368,321968,2223
2022-03-14,Santa Cruz,087,273765,47408,47107,2113,49220,255
2022-03-14,Shasta,089,179085,30477,30462,6133,36595,520
2022-03-14,Sierra,091,2930,271,273,48,321,4
2022-03-14,Siskiyou,093,43540,4427,4419,2744,7163,76
2022-03-14,Solano,095,438530,81001,81233,5532,86765,440
2022-03-14,Sonoma,097,501317,82969,82731,2579,85310,473
2022-03-14,Stanislaus,099,539301,117057,118088,17447,135535,1567
2022-03-14,Sutter,101,95872,20417,20478,2078,22556,217
2022-03-14,Tehama,103,63373,12015,11996,2617,14613,160
2022-03-14,Trinity,105,12862,1182,1172,295,1467,20
2022-03-14,Tulare,107,460477,106336,104121,28504,132625,1365
2022-03-14,Tuolumne,109,53932,12590,12567,566,13133,180
2022-03-14,Ventura,111,848112,172537,172107,9296,181403,1442
2022-03-14,Yolo,113,214977,36739,36059,3177,39236,308
2022-03-14,Yuba,115,75493,15771,15748,1196,16944,116
2022-03-13,Alameda,001,1643700,254032,253547,13765,267312,1792
2022-03-13,Alpine,003,1148,122,122,1,123,0
2022-03-13,Amador,005,37829,8491,8444,650,9094,85
2022-03-13,Butte,007,227075,32849,32806,6609,39415,384
2022-03-13,Calaveras,009,45235,7231,7253,351,7604,118
2022-03-13,Colusa,011,21464,3434,3444,1070,4514,21
2022-03-13,Contra Costa,013,1133247,187293,186911,13140,200051,1265
2022-03-13,Del Norte,015,27424,5753,5808,190,5998,48
2022-03-13,El Dorado,017,186661,26595,26563,3213,29776,199
2022-03-13,Fresno,019,978130,230641,228421,23936,252357,2683
2022-03-13,Glenn,021,27897,4963,4966,1600,6566,44
2022-03-13,Humboldt,023,135768,16802,16883,2953,19836,137
2022-03-13,Imperial,025,180216,55253,54934,10803,65737,897
2022-03-13,Inyo,027,18085,4061,4062,479,4541,56
2022-03-13,Kern,029,883053,191346,190495,46162,236657,2166
2022-03-13,Kings,031,150075,51334,51273,3608,54881,437
2022-03-13,Lake,033,64148,10656,10626,894,11520,131
2022-03-13,Lassen,035,31185,8947,8929,884,9813,62
2022-03-13,Los Angeles,037,10098052,2698623,2683351,124083,2807434,31034
2022-03-13,Madera,039,155013,37180,37248,6085,43333,354
2022-03-13,Marin,041,260295,33162,33083,2193,35276,272
2022-03-13,Mariposa,043,17540,2381,2376,201,2577,6
2022-03-13,Mendocino,045,87422,12997,12987,3013,16000,117
2022-03-13,Merced,047,269075,61952,61895,8612,70507,795
2022-03-13,Modoc,049,8938,734,731,250,981,7
2022-03-13,Mono,051,14174,2963,2961,121,3082,5
2022-03-13,Monterey,053,433212,79029,78366,13662,92028,718
2022-03-13,Napa,055,140530,25650,25639,956,26595,138
2022-03-13,Nevada,057,99092,15888,15959,1204,17163,123
2022-03-13,Orange,059,3164182,544549,543036,41307,584343,6774
2022-03-13,Placer,061,380077,62432,62372,7386,69758,601
2022-03-13,Plumas,063,18699,2963,2711,364,3075,13
2022-03-13,Riverside,065,2383286,589685,588487,28023,616510,6332
2022-03-13,Sacramento,067,1510023,279700,274715,27106,301821,2899
2022-03-13,San Benito,069,59416,12859,12844,512,13356,95
2022-03-13,San Bernardino,071,2135413,564940,559450,25020,584470,6767
2022-03-13,San Diego,073,3302833,749519,745515,52027,797542,5108
2022-03-13,San Francisco,075,870044,122891,123622,8230,131852,824
2022-03-13,San Joaquin,077,732212,165771,165641,9966,175607,2142
2022-03-13,San Luis Obispo,079,281455,52194,52040,3763,55803,458
2022-03-13,San Mateo,081,765935,120635,119521,6960,126481,649
2022-03-13,Santa Barbara,083,443738,85361,85453,4753,90206,667
2022-03-13,Santa Clara,085,1922200,308353,309493,12358,321851,2225
2022-03-13,Santa Cruz,087,273765,47357,47087,2112,49199,255
2022-03-13,Shasta,089,179085,30460,30457,6131,36588,520
2022-03-13,Sierra,091,2930,271,273,48,321,4
2022-03-13,Siskiyou,093,43540,4427,4418,2744,7162,76
2022-03-13,Solano,095,438530,80966,81217,5528,86745,440
2022-03-13,Sonoma,097,501317,82932,82711,2576,85287,473
2022-03-13,Stanislaus,099,539301,117025,118075,17444,135519,1567
2022-03-13,Sutter,101,95872,20413,20474,2077,22551,217
2022-03-13,Tehama,103,63373,12014,11997,2616,14613,160
2022-03-13,Trinity,105,12862,1182,1172,295,1467,20
2022-03-13,Tulare,107,460477,106299,104119,28494,132613,1365
2022-03-13,Tuolumne,109,53932,12587,12565,566,13131,180
2022-03-13,Ventura,111,848112,172479,172080,9289,181369,1442
2022-03-13,Yolo,113,214977,36723,36019,3173,39192,308
2022-03-13,Yuba,115,75493,15766,15741,1196,16937,116
2022-03-12,Alameda,001,1643700,253967,253079,13760,266839,1783
2022-03-12,Alpine,003,1148,122,122,1,123,0
2022-03-12,Amador,005,37829,8487,8427,650,9077,84
2022-03-12,Butte,007,227075,32845,32774,6607,39381,380
2022-03-12,Calaveras,009,45235,7230,7253,351,7604,118
2022-03-12,Colusa,011,21464,3434,3440,1070,4510,21
2022-03-12,Contra Costa,013,1133247,187249,186618,13139,199757,1256
2022-03-12,Del Norte,015,27424,5752,5791,190,5981,48
2022-03-12,El Dorado,017,186661,26591,26538,3213,29751,199
2022-03-12,Fresno,019,978130,230619,228041,23936,251977,2653
2022-03-12,Glenn,021,27897,4963,4955,1600,6555,44
2022-03-12,Humboldt,023,135768,16798,16862,2952,19814,137
2022-03-12,Imperial,025,180216,55249,54837,10799,65636,896
2022-03-12,Inyo,027,18085,4061,4056,479,4535,56
2022-03-12,Kern,029,883053,191329,190330,46157,236487,2162
2022-03-12,Kings,031,150075,51328,51145,3608,54753,436
2022-03-12,Lake,033,64148,10653,10594,893,11487,131
2022-03-12,Lassen,035,31185,8946,8915,884,9799,62
2022-03-12,Los Angeles,037,10098052,2698300,2678858,124064,2802922,30901
2022-03-12,Madera,039,155013,37175,37223,6085,43308,354
2022-03-12,Marin,041,260295,33138,33015,2192,35207,272
2022-03-12,Mariposa,043,17540,2381,2372,201,2573,6
2022-03-12,Mendocino,045,87422,12993,12965,3013,15978,117
2022-03-12,Merced,047,269075,61947,61840,8611,70451,795
2022-03-12,Modoc,049,8938,734,730,250,980,7
2022-03-12,Mono,051,14174,2963,2960,120,3080,5
2022-03-12,Monterey,053,433212,79022,78285,13660,91945,716
2022-03-12,Napa,055,140530,25640,25584,955,26539,138
2022-03-12,Nevada,057,99092,15881,15947,1204,17151,123
2022-03-12,Orange,059,3164182,544484,542354,41298,583652,6718
2022-03-12,Placer,061,380077,62423,62282,7386,69668,598
2022-03-12,Plumas,063,18699,2963,2707,364,3071,13
2022-03-12,Riverside,065,2383286,589622,588022,28018,616040,6317
2022-03-12,Sacramento,067,1510023,279661,274519,27102,301621,2886
2022-03-12,San Benito,069,59416,12856,12868,512,13380,95
2022-03-12,San Bernardino,071,2135413,564899,559013,25019,584032,6734
2022-03-12,San Diego,073,3302833,749390,744386,52005,796391,5090
2022-03-12,San Francisco,075,870044,122827,123610,8224,131834,823
2022-03-12,San Joaquin,077,732212,165754,165516,9963,175479,2117
2022-03-12,San Luis Obispo,079,281455,52185,51947,3760,55707,457
2022-03-12,San Mateo,081,765935,120598,119288,6959,126247,641
2022-03-12,Santa Barbara,083,443738,85342,85421,4753,90174,664
2022-03-12,Santa Clara,085,1922200,308255,308989,12352,321341,2208
2022-03-12,Santa Cruz,087,273765,47344,46982,2111,49093,254
2022-03-12,Shasta,089,179085,30448,30419,6129,36548,517
2022-03-12,Sierra,091,2930,271,273,48,321,4
2022-03-12,Siskiyou,093,43540,4427,4405,2744,7149,75
2022-03-12,Solano,095,438530,80952,81058,5528,86586,436
2022-03-12,Sonoma,097,501317,82915,82622,2574,85196,473
2022-03-12,Stanislaus,099,539301,117011,117884,17443,135327,1564
2022-03-12,Sutter,101,95872,20412,20429,2077,22506,217
2022-03-12,Tehama,103,63373,12014,11983,2616,14599,159
2022-03-12,Trinity,105,12862,1181,1172,295,1467,20
2022-03-12,Tulare,107,460477,106293,103994,28489,132483,1358
2022-03-12,Tuolumne,109,53932,12586,12476,566,13042,180
2022-03-12,Ventura,111,848112,172454,171932,9287,181219,1442
2022-03-12,Yolo,113,214977,36716,35982,3171,39153,308
2022-03-12,Yuba,115,75493,15766,15722,1196,16918,116
2022-03-11,Alameda,001,1643700,253900,253079,13760,266839,1783
2022-03-11,Alpine,003,1148,122,122,1,123,0
2022-03-11,Amador,005,37829,8485,8427,650,9077,84
2022-03-11,Butte,007,227075,32841,32774,6606,39380,380
2022-03-11,Calaveras,009,45235,7230,7253,351,7604,118
2022-03-11,Colusa,011,21464,3434,3440,1070,4510,21
2022-03-11,Contra Costa,013,1133247,187201,186618,13137,199755,1256
2022-03-11,Del Norte,015,27424,5748,5791,190,5981,48
2022-03-11,El Dorado,017,186661,26587,26538,3213,29751,199
2022-03-11,Fresno,019,978130,230563,228041,23932,251973,2653
2022-03-11,Glenn,021,27897,4963,4955,1600,6555,44
2022-03-11,Humboldt,023,135768,16793,16862,2950,19812,137
2022-03-11,Imperial,025,180216,55242,54837,10798,65635,896
2022-03-11,Inyo,027,18085,4061,4056,479,4535,56
2022-03-11,Kern,029,883053,191308,190330,46152,236482,2162
2022-03-11,Kings,031,150075,51308,51145,3608,54753,436
2022-03-11,Lake,033,64148,10649,10594,893,11487,131
2022-03-11,Lassen,035,31185,8945,8915,884,9799,62
2022-03-11,Los Angeles,037,10098052,2697976,2678858,124039,2802897,30901
2022-03-11,Madera,039,155013,37170,37223,6085,43308,354
2022-03-11,Marin,041,260295,33122,33015,2191,35206,272
2022-03-11,Mariposa,043,17540,2381,2372,201,2573,6
2022-03-11,Mendocino,045,87422,12987,12965,3013,15978,117
2022-03-11,Merced,047,269075,61937,61840,8609,70449,795
2022-03-11,Modoc,049,8938,734,730,250,980,7
2022-03-11,Mono,051,14174,2962,2960,120,3080,5
2022-03-11,Monterey,053,433212,79009,78285,13654,91939,716
2022-03-11,Napa,055,140530,25629,25584,955,26539,138
2022-03-11,Nevada,057,99092,15878,15947,1204,17151,123
2022-03-11,Orange,059,3164182,544414,542354,41284,583638,6718
2022-03-11,Placer,061,380077,62413,62282,7385,69667,598
2022-03-11,Plumas,063,18699,2961,2707,364,3071,13
2022-03-11,Riverside,065,2383286,589547,588022,28014,616036,6317
2022-03-11,Sacramento,067,1510023,279593,274519,27099,301618,2886
2022-03-11,San Benito,069,59416,12855,12868,512,13380,95
2022-03-11,San Bernardino,071,2135413,564841,559013,25013,584026,6734
2022-03-11,San Diego,073,3302833,749223,744386,51991,796377,5090
2022-03-11,San Francisco,075,870044,122777,123610,8220,131830,823
2022-03-11,San Joaquin,077,732212,165721,165516,9960,175476,2117
2022-03-11,San Luis Obispo,079,281455,52177,51947,3759,55706,457
2022-03-11,San Mateo,081,765935,120549,119288,6956,126244,641
2022-03-11,Santa Barbara,083,443738,85322,85421,4752,90173,664
2022-03-11,Santa Clara,085,1922200,308153,308989,12348,321337,2208
2022-03-11,Santa Cruz,087,273765,47329,46982,2111,49093,254
2022-03-11,Shasta,089,179085,30442,30419,6126,36545,517
2022-03-11,Sierra,091,2930,271,273,48,321,4
2022-03-11,Siskiyou,093,43540,4425,4405,2742,7147,75
2022-03-11,Solano,095,438530,80938,81058,5527,86585,436
2022-03-11,Sonoma,097,501317,82890,82622,2572,85194,473
2022-03-11,Stanislaus,099,539301,116998,117884,17442,135326,1564
2022-03-11,Sutter,101,95872,20410,20429,2077,22506,217
2022-03-11,Tehama,103,63373,12012,11983,2616,14599,159
2022-03-11,Trinity,105,12862,1181,1172,295,1467,20
2022-03-11,Tulare,107,460477,106280,103994,28483,132477,1358
2022-03-11,Tuolumne,109,53932,12584,12476,566,13042,180
2022-03-11,Ventura,111,848112,172418,171932,9282,181214,1442
2022-03-11,Yolo,113,214977,36704,35982,3171,39153,308
2022-03-11,Yuba,115,75493,15763,15722,1196,16918,116
2022-03-10,Alameda,001,1643700,253788,253079,13753,266832,1783
2022-03-10,Alpine,003,1148,122,122,1,123,0
2022-03-10,Amador,005,37829,8484,8427,650,9077,84
2022-03-10,Butte,007,227075,32827,32774,6604,39378,380
2022-03-10,Calaveras,009,45235,7229,7253,350,7603,118
2022-03-10,Colusa,011,21464,3434,3440,1070,4510,21
2022-03-10,Contra Costa,013,1133247,187116,186618,13127,199745,1256
2022-03-10,Del Norte,015,27424,5739,5791,190,5981,48
2022-03-10,El Dorado,017,186661,26575,26538,3212,29750,199
2022-03-10,Fresno,019,978130,230489,228041,23923,251964,2653
2022-03-10,Glenn,021,27897,4961,4955,1600,6555,44
2022-03-10,Humboldt,023,135768,16784,16862,2949,19811,137
2022-03-10,Imperial,025,180216,55232,54837,10797,65634,896
2022-03-10,Inyo,027,18085,4060,4056,479,4535,56
2022-03-10,Kern,029,883053,191274,190330,46137,236467,2162
2022-03-10,Kings,031,150075,51278,51145,3607,54752,436
2022-03-10,Lake,033,64148,10639,10594,892,11486,131
2022-03-10,Lassen,035,31185,8945,8915,884,9799,62
2022-03-10,Los Angeles,037,10098052,2697420,2678858,124000,2802858,30901
2022-03-10,Madera,039,155013,37163,37223,6078,43301,354
2022-03-10,Marin,041,260295,33108,33015,2187,35202,272
2022-03-10,Mariposa,043,17540,2381,2372,201,2573,6
2022-03-10,Mendocino,045,87422,12983,12965,3013,15978,117
2022-03-10,Merced,047,269075,61920,61840,8603,70443,795
2022-03-10,Modoc,049,8938,733,730,250,980,7
2022-03-10,Mono,051,14174,2962,2960,120,3080,5
2022-03-10,Monterey,053,433212,78986,78285,13628,91913,716
2022-03-10,Napa,055,140530,25620,25584,954,26538,138
2022-03-10,Nevada,057,99092,15871,15947,1204,17151,123
2022-03-10,Orange,059,3164182,544290,542354,41267,583621,6718
2022-03-10,Placer,061,380077,62391,62282,7379,69661,598
2022-03-10,Plumas,063,18699,2960,2707,364,3071,13
2022-03-10,Riverside,065,2383286,589432,588022,28007,616029,6317
2022-03-10,Sacramento,067,1510023,279515,274519,27093,301612,2886
2022-03-10,San Benito,069,59416,12854,12868,511,13379,95
2022-03-10,San Bernardino,071,2135413,564767,559013,25005,584018,6734
2022-03-10,San Diego,073,3302833,748960,744386,51960,796346,5090
2022-03-10,San Francisco,075,870044,122710,123610,8213,131823,823
2022-03-10,San Joaquin,077,732212,165691,165516,9958,175474,2117
2022-03-10,San Luis Obispo,079,281455,52154,51947,3756,55703,457
2022-03-10,San Mateo,081,765935,120485,119288,6953,126241,641
2022-03-10,Santa Barbara,083,443738,85290,85421,4751,90172,664
2022-03-10,Santa Clara,085,1922200,308027,308989,12339,321328,2208
2022-03-10,Santa Cruz,087,273765,47297,46982,2111,49093,254
2022-03-10,Shasta,089,179085,30434,30419,6124,36543,517
2022-03-10,Sierra,091,2930,271,273,48,321,4
2022-03-10,Siskiyou,093,43540,4425,4405,2742,7147,75
2022-03-10,Solano,095,438530,80902,81058,5526,86584,436
2022-03-10,Sonoma,097,501317,82863,82622,2572,85194,473
2022-03-10,Stanislaus,099,539301,116960,117884,17440,135324,1564
2022-03-10,Sutter,101,95872,20405,20429,2077,22506,217
2022-03-10,Tehama,103,63373,12011,11983,2616,14599,159
2022-03-10,Trinity,105,12862,1181,1172,295,1467,20
2022-03-10,Tulare,107,460477,106261,103994,28477,132471,1358
2022-03-10,Tuolumne,109,53932,12581,12476,566,13042,180
2022-03-10,Ventura,111,848112,172377,171932,9279,181211,1442
2022-03-10,Yolo,113,214977,36690,35982,3170,39152,308
2022-03-10,Yuba,115,75493,15753,15722,1195,16917,116
2022-03-09,Alameda,001,1643700,253662,252893,13746,266639,1781
2022-03-09,Alpine,003,1148,122,125,1,126,0
2022-03-09,Amador,005,37829,8478,8409,650,9059,84
2022-03-09,Butte,007,227075,32818,32767,6599,39366,380
2022-03-09,Calaveras,009,45235,7227,7249,350,7599,117
2022-03-09,Colusa,011,21464,3433,3439,1070,4509,21
2022-03-09,Contra Costa,013,1133247,187022,186483,13111,199594,1256
2022-03-09,Del Norte,015,27424,5735,5765,190,5955,48
2022-03-09,El Dorado,017,186661,26570,26515,3212,29727,198
2022-03-09,Fresno,019,978130,230391,227885,23914,251799,2653
2022-03-09,Glenn,021,27897,4959,4953,1599,6552,44
2022-03-09,Humboldt,023,135768,16779,16854,2946,19800,137
2022-03-09,Imperial,025,180216,55225,54764,10795,65559,894
2022-03-09,Inyo,027,18085,4060,4056,479,4535,56
2022-03-09,Kern,029,883053,191224,190254,46124,236378,2159
2022-03-09,Kings,031,150075,51258,51122,3607,54729,435
2022-03-09,Lake,033,64148,10632,10586,892,11478,130
2022-03-09,Lassen,035,31185,8945,8901,884,9785,62
2022-03-09,Los Angeles,037,10098052,2696771,2677901,123961,2801862,30842
2022-03-09,Madera,039,155013,37156,37207,6077,43284,354
2022-03-09,Marin,041,260295,33090,32967,2187,35154,272
2022-03-09,Mariposa,043,17540,2378,2372,201,2573,6
2022-03-09,Mendocino,045,87422,12979,12957,3008,15965,117
2022-03-09,Merced,047,269075,61904,61792,8597,70389,792
2022-03-09,Modoc,049,8938,732,730,249,979,7
2022-03-09,Mono,051,14174,2962,2962,120,3082,5
2022-03-09,Monterey,053,433212,78962,78258,13581,91839,716
2022-03-09,Napa,055,140530,25599,25561,953,26514,138
2022-03-09,Nevada,057,99092,15862,15938,1203,17141,123
2022-03-09,Orange,059,3164182,544157,542278,41254,583532,6700
2022-03-09,Placer,061,380077,62368,62242,7375,69617,598
2022-03-09,Plumas,063,18699,2959,2708,364,3072,13
2022-03-09,Riverside,065,2383286,589334,587833,27997,615830,6305
2022-03-09,Sacramento,067,1510023,279431,274373,27076,301449,2877
2022-03-09,San Benito,069,59416,12851,12864,511,13375,95
2022-03-09,San Bernardino,071,2135413,564674,558795,24993,583788,6723
2022-03-09,San Diego,073,3302833,748683,743956,51933,795889,5083
2022-03-09,San Francisco,075,870044,122621,123676,8209,131885,812
2022-03-09,San Joaquin,077,732212,165652,165444,9952,175396,2113
2022-03-09,San Luis Obispo,079,281455,52135,51923,3753,55676,457
2022-03-09,San Mateo,081,765935,120427,119194,6941,126135,639
2022-03-09,Santa Barbara,083,443738,85273,85382,4749,90131,661
2022-03-09,Santa Clara,085,1922200,307892,308765,12328,321093,2206
2022-03-09,Santa Cruz,087,273765,47257,46917,2110,49027,254
2022-03-09,Shasta,089,179085,30412,30407,6123,36530,493
2022-03-09,Sierra,091,2930,271,273,48,321,4
2022-03-09,Siskiyou,093,43540,4423,4403,2741,7144,75
2022-03-09,Solano,095,438530,80866,80984,5524,86508,436
2022-03-09,Sonoma,097,501317,82830,82574,2570,85144,473
2022-03-09,Stanislaus,099,539301,116922,117827,17435,135262,1541
2022-03-09,Sutter,101,95872,20394,20409,2073,22482,217
2022-03-09,Tehama,103,63373,12007,11980,2616,14596,159
2022-03-09,Trinity,105,12862,1181,1174,295,1469,20
2022-03-09,Tulare,107,460477,106233,103932,28463,132395,1350
2022-03-09,Tuolumne,109,53932,12579,12444,566,13010,180
2022-03-09,Ventura,111,848112,172327,171852,9276,181128,1448
2022-03-09,Yolo,113,214977,36671,35973,3155,39128,308
2022-03-09,Yuba,115,75493,15748,15714,1194,16908,115
2022-03-08,Alameda,001,1643700,253507,252744,13734,266478,1769
2022-03-08,Alpine,003,1148,122,125,1,126,0
2022-03-08,Amador,005,37829,8464,8407,650,9057,84
2022-03-08,Butte,007,227075,32804,32759,6594,39353,380
2022-03-08,Calaveras,009,45235,7223,7245,350,7595,117
2022-03-08,Colusa,011,21464,3430,3439,1069,4508,21
2022-03-08,Contra Costa,013,1133247,186936,186396,13097,199493,1256
2022-03-08,Del Norte,015,27424,5730,5763,190,5953,48
2022-03-08,El Dorado,017,186661,26560,26503,3205,29708,197
2022-03-08,Fresno,019,978130,230291,227808,23905,251713,2653
2022-03-08,Glenn,021,27897,4958,4944,1598,6542,43
2022-03-08,Humboldt,023,135768,16767,16837,2933,19770,137
2022-03-08,Imperial,025,180216,55209,54721,10793,65514,890
2022-03-08,Inyo,027,18085,4057,4056,479,4535,56
2022-03-08,Kern,029,883053,191162,190208,46109,236317,2154
2022-03-08,Kings,031,150075,51216,51089,3604,54693,434
2022-03-08,Lake,033,64148,10621,10571,892,11463,130
2022-03-08,Lassen,035,31185,8944,8897,884,9781,62
2022-03-08,Los Angeles,037,10098052,2696078,2677166,123922,2801088,30803
2022-03-08,Madera,039,155013,37144,37185,6076,43261,354
2022-03-08,Marin,041,260295,33051,32943,2186,35129,272
2022-03-08,Mariposa,043,17540,2376,2371,201,2572,6
2022-03-08,Mendocino,045,87422,12975,12950,3007,15957,117
2022-03-08,Merced,047,269075,61884,61767,8586,70353,791
2022-03-08,Modoc,049,8938,731,729,249,978,7
2022-03-08,Mono,051,14174,2961,2961,120,3081,5
2022-03-08,Monterey,053,433212,78942,78247,13542,91789,711
2022-03-08,Napa,055,140530,25574,25528,952,26480,137
2022-03-08,Nevada,057,99092,15852,15939,1202,17141,122
2022-03-08,Orange,059,3164182,544007,542164,41234,583398,6692
2022-03-08,Placer,061,380077,62340,62221,7374,69595,594
2022-03-08,Plumas,063,18699,2959,2703,364,3067,13
2022-03-08,Riverside,065,2383286,589225,587686,27989,615675,6294
2022-03-08,Sacramento,067,1510023,279337,274276,27056,301332,2872
2022-03-08,San Benito,069,59416,12848,12855,511,13366,94
2022-03-08,San Bernardino,071,2135413,564583,558512,24983,583495,6715
2022-03-08,San Diego,073,3302833,748326,743604,51916,795520,5077
2022-03-08,San Francisco,075,870044,122531,123675,8204,131879,807
2022-03-08,San Joaquin,077,732212,165615,165381,9947,175328,2104
2022-03-08,San Luis Obispo,079,281455,52109,51900,3750,55650,451
2022-03-08,San Mateo,081,765935,120345,119103,6931,126034,638
2022-03-08,Santa Barbara,083,443738,85242,85363,4749,90112,659
2022-03-08,Santa Clara,085,1922200,307683,308528,12319,320847,2206
2022-03-08,Santa Cruz,087,273765,47221,46875,2109,48984,254
2022-03-08,Shasta,089,179085,30393,30372,6120,36492,493
2022-03-08,Sierra,091,2930,271,273,48,321,4
2022-03-08,Siskiyou,093,43540,4419,4404,2741,7145,74
2022-03-08,Solano,095,438530,80838,80924,5520,86444,434
2022-03-08,Sonoma,097,501317,82785,82571,2569,85140,473
2022-03-08,Stanislaus,099,539301,116878,117782,17426,135208,1541
2022-03-08,Sutter,101,95872,20385,20403,2073,22476,217
2022-03-08,Tehama,103,63373,12003,11972,2615,14587,158
2022-03-08,Trinity,105,12862,1181,1174,295,1469,20
2022-03-08,Tulare,107,460477,106193,103893,28451,132344,1334
2022-03-08,Tuolumne,109,53932,12574,12427,564,12991,180
2022-03-08,Ventura,111,848112,172264,171806,9269,181075,1447
2022-03-08,Yolo,113,214977,36646,35946,3154,39100,306
2022-03-08,Yuba,115,75493,15741,15705,1193,16898,115
2022-03-07,Alameda,001,1643700,253304,252578,13719,266297,1766
2022-03-07,Alpine,003,1148,122,125,1,126,0
2022-03-07,Amador,005,37829,8461,8368,650,9018,84
2022-03-07,Butte,007,227075,32789,32734,6591,39325,378
2022-03-07,Calaveras,009,45235,7219,7242,350,7592,116
2022-03-07,Colusa,011,21464,3428,3437,1069,4506,21
2022-03-07,Contra Costa,013,1133247,186837,186087,13073,199160,1256
2022-03-07,Del Norte,015,27424,5726,5758,190,5948,48
2022-03-07,El Dorado,017,186661,26553,26487,3204,29691,196
2022-03-07,Fresno,019,978130,230202,227670,23881,251551,2653
2022-03-07,Glenn,021,27897,4952,4939,1598,6537,43
2022-03-07,Humboldt,023,135768,16754,16829,2928,19757,137
2022-03-07,Imperial,025,180216,55186,54712,10788,65500,890
2022-03-07,Inyo,027,18085,4055,4054,479,4533,56
2022-03-07,Kern,029,883053,191101,190163,46084,236247,2152
2022-03-07,Kings,031,150075,51186,51065,3598,54663,433
2022-03-07,Lake,033,64148,10610,10562,891,11453,130
2022-03-07,Lassen,035,31185,8943,8896,884,9780,62
2022-03-07,Los Angeles,037,10098052,2695255,2675497,123882,2799379,30759
2022-03-07,Madera,039,155013,37134,37164,6073,43237,354
2022-03-07,Marin,041,260295,33013,32919,2183,35102,272
2022-03-07,Mariposa,043,17540,2375,2369,201,2570,6
2022-03-07,Mendocino,045,87422,12967,12940,3006,15946,117
2022-03-07,Merced,047,269075,61845,61751,8579,70330,791
2022-03-07,Modoc,049,8938,731,729,249,978,7
2022-03-07,Mono,051,14174,2961,2960,120,3080,5
2022-03-07,Monterey,053,433212,78907,78161,13493,91654,706
2022-03-07,Napa,055,140530,25544,25500,952,26452,136
2022-03-07,Nevada,057,99092,15845,15935,1196,17131,122
2022-03-07,Orange,059,3164182,543831,542028,41208,583236,6687
2022-03-07,Placer,061,380077,62311,62215,7372,69587,591
2022-03-07,Plumas,063,18699,2959,2702,364,3066,13
2022-03-07,Riverside,065,2383286,589093,587537,27981,615518,6279
2022-03-07,Sacramento,067,1510023,279234,274079,27043,301122,2866
2022-03-07,San Benito,069,59416,12842,12843,511,13354,94
2022-03-07,San Bernardino,071,2135413,564475,558265,24971,583236,6703
2022-03-07,San Diego,073,3302833,747981,742287,51873,794160,5068
2022-03-07,San Francisco,075,870044,122429,123655,8198,131853,807
2022-03-07,San Joaquin,077,732212,165562,165343,9939,175282,2091
2022-03-07,San Luis Obispo,079,281455,52068,51874,3745,55619,448
2022-03-07,San Mateo,081,765935,120270,119035,6924,125959,630
2022-03-07,Santa Barbara,083,443738,85204,85345,4748,90093,659
2022-03-07,Santa Clara,085,1922200,307494,308517,12313,320830,2202
2022-03-07,Santa Cruz,087,273765,47170,46823,2108,48931,254
2022-03-07,Shasta,089,179085,30380,30352,6117,36469,493
2022-03-07,Sierra,091,2930,271,273,48,321,4
2022-03-07,Siskiyou,093,43540,4415,4398,2740,7138,74
2022-03-07,Solano,095,438530,80781,80886,5518,86404,435
2022-03-07,Sonoma,097,501317,82742,82530,2568,85098,473
2022-03-07,Stanislaus,099,539301,116840,117713,17418,135131,1537
2022-03-07,Sutter,101,95872,20374,20400,2072,22472,217
2022-03-07,Tehama,103,63373,11997,11966,2612,14578,158
2022-03-07,Trinity,105,12862,1179,1173,295,1468,20
2022-03-07,Tulare,107,460477,106156,103834,28440,132274,1316
2022-03-07,Tuolumne,109,53932,12566,12408,563,12971,179
2022-03-07,Ventura,111,848112,172213,171886,9267,181153,1436
2022-03-07,Yolo,113,214977,36622,35934,3148,39082,306
2022-03-07,Yuba,115,75493,15735,15701,1192,16893,115
2022-03-06,Alameda,001,1643700,253117,252460,13710,266170,1766
2022-03-06,Alpine,003,1148,122,125,1,126,0
2022-03-06,Amador,005,37829,8458,8367,648,9015,84
2022-03-06,Butte,007,227075,32780,32714,6587,39301,376
2022-03-06,Calaveras,009,45235,7217,7236,349,7585,116
2022-03-06,Colusa,011,21464,3428,3435,1068,4503,21
2022-03-06,Contra Costa,013,1133247,186721,185974,13048,199022,1256
2022-03-06,Del Norte,015,27424,5711,5744,188,5932,48
2022-03-06,El Dorado,017,186661,26544,26478,3202,29680,196
2022-03-06,Fresno,019,978130,230058,227514,23870,251384,2653
2022-03-06,Glenn,021,27897,4947,4939,1598,6537,43
2022-03-06,Humboldt,023,135768,16742,16813,2925,19738,137
2022-03-06,Imperial,025,180216,55171,54719,10776,65495,890
2022-03-06,Inyo,027,18085,4052,4053,479,4532,56
2022-03-06,Kern,029,883053,191045,190088,46062,236150,2152
2022-03-06,Kings,031,150075,51117,51050,3595,54645,432
2022-03-06,Lake,033,64148,10596,10539,890,11429,130
2022-03-06,Lassen,035,31185,8930,8887,883,9770,62
2022-03-06,Los Angeles,037,10098052,2694316,2675456,123826,2799282,30759
2022-03-06,Madera,039,155013,37106,37135,6065,43200,354
2022-03-06,Marin,041,260295,32987,32879,2182,35061,272
2022-03-06,Mariposa,043,17540,2374,2365,200,2565,6
2022-03-06,Mendocino,045,87422,12955,12923,3002,15925,116
2022-03-06,Merced,047,269075,61813,61722,8562,70284,791
2022-03-06,Modoc,049,8938,731,729,249,978,7
2022-03-06,Mono,051,14174,2961,2959,120,3079,5
2022-03-06,Monterey,053,433212,78860,78154,13461,91615,706
2022-03-06,Napa,055,140530,25509,25457,950,26407,136
2022-03-06,Nevada,057,99092,15834,15924,1195,17119,122
2022-03-06,Orange,059,3164182,543672,541903,41160,583063,6688
2022-03-06,Placer,061,380077,62279,62185,7368,69553,591
2022-03-06,Plumas,063,18699,2954,2704,364,3068,13
2022-03-06,Riverside,065,2383286,588931,587388,27960,615348,6279
2022-03-06,Sacramento,067,1510023,279096,273935,27019,300954,2869
2022-03-06,San Benito,069,59416,12831,12835,510,13345,94
2022-03-06,San Bernardino,071,2135413,564348,558139,24957,583096,6701
2022-03-06,San Diego,073,3302833,747583,742287,51824,794111,5068
2022-03-06,San Francisco,075,870044,122305,123742,8195,131937,806
2022-03-06,San Joaquin,077,732212,165479,165252,9933,175185,2091
2022-03-06,San Luis Obispo,079,281455,52030,51828,3742,55570,448
2022-03-06,San Mateo,081,765935,120187,118916,6915,125831,630
2022-03-06,Santa Barbara,083,443738,85164,85317,4743,90060,659
2022-03-06,Santa Clara,085,1922200,307237,308250,12311,320561,2201
2022-03-06,Santa Cruz,087,273765,47117,46755,2107,48862,254
2022-03-06,Shasta,089,179085,30355,30332,6100,36432,493
2022-03-06,Sierra,091,2930,271,273,48,321,4
2022-03-06,Siskiyou,093,43540,4411,4398,2738,7136,74
2022-03-06,Solano,095,438530,80725,80833,5512,86345,435
2022-03-06,Sonoma,097,501317,82703,82458,2563,85021,473
2022-03-06,Stanislaus,099,539301,116789,117680,17408,135088,1536
2022-03-06,Sutter,101,95872,20363,20390,2068,22458,217
2022-03-06,Tehama,103,63373,11989,11963,2612,14575,158
2022-03-06,Trinity,105,12862,1179,1172,294,1466,20
2022-03-06,Tulare,107,460477,106094,103794,28425,132219,1316
2022-03-06,Tuolumne,109,53932,12561,12379,561,12940,179
2022-03-06,Ventura,111,848112,172144,171819,9265,181084,1436
2022-03-06,Yolo,113,214977,36598,35882,3144,39026,306
2022-03-06,Yuba,115,75493,15730,15694,1191,16885,115
2022-03-05,Alameda,001,1643700,253002,251988,13705,265693,1760
2022-03-05,Alpine,003,1148,122,125,1,126,0
2022-03-05,Amador,005,37829,8455,8344,648,8992,83
2022-03-05,Butte,007,227075,32773,32663,6582,39245,372
2022-03-05,Calaveras,009,45235,7214,7236,349,7585,116
2022-03-05,Colusa,011,21464,3428,3433,1068,4501,21
2022-03-05,Contra Costa,013,1133247,186658,185734,13043,198777,1235
2022-03-05,Del Norte,015,27424,5708,5725,188,5913,48
2022-03-05,El Dorado,017,186661,26537,26446,3199,29645,193
2022-03-05,Fresno,019,978130,230006,227154,23868,251022,2640
2022-03-05,Glenn,021,27897,4946,4927,1598,6525,43
2022-03-05,Humboldt,023,135768,16735,16781,2923,19704,136
2022-03-05,Imperial,025,180216,55161,54650,10774,65424,880
2022-03-05,Inyo,027,18085,4051,4043,478,4521,56
2022-03-05,Kern,029,883053,191013,189817,46044,235861,2141
2022-03-05,Kings,031,150075,51110,50926,3593,54519,431
2022-03-05,Lake,033,64148,10588,10512,889,11401,130
2022-03-05,Lassen,035,31185,8921,8818,883,9701,62
2022-03-05,Los Angeles,037,10098052,2693962,2671564,123788,2795352,30608
2022-03-05,Madera,039,155013,37092,37100,6065,43165,354
2022-03-05,Marin,041,260295,32975,32829,2182,35011,272
2022-03-05,Mariposa,043,17540,2374,2363,200,2563,6
2022-03-05,Mendocino,045,87422,12952,12845,3001,15846,113
2022-03-05,Merced,047,269075,61803,61653,8562,70215,789
2022-03-05,Modoc,049,8938,731,729,249,978,7
2022-03-05,Mono,051,14174,2961,2961,120,3081,5
2022-03-05,Monterey,053,433212,78841,78028,13454,91482,704
2022-03-05,Napa,055,140530,25491,25405,950,26355,134
2022-03-05,Nevada,057,99092,15830,15907,1195,17102,122
2022-03-05,Orange,059,3164182,543548,541463,41149,582612,6638
2022-03-05,Placer,061,380077,62265,62117,7361,69478,591
2022-03-05,Plumas,063,18699,2953,2701,364,3065,13
2022-03-05,Riverside,065,2383286,588840,586785,27956,614741,6239
2022-03-05,Sacramento,067,1510023,279033,273487,27014,300501,2847
2022-03-05,San Benito,069,59416,12829,12820,510,13330,94
2022-03-05,San Bernardino,071,2135413,564293,557421,24951,582372,6641
2022-03-05,San Diego,073,3302833,747384,740747,51813,792560,5045
2022-03-05,San Francisco,075,870044,122241,123537,8190,131727,798
2022-03-05,San Joaquin,077,732212,165438,165085,9925,175010,2069
2022-03-05,San Luis Obispo,079,281455,52022,51739,3740,55479,446
2022-03-05,San Mateo,081,765935,120131,118646,6912,125558,621
2022-03-05,Santa Barbara,083,443738,85149,85249,4743,89992,655
2022-03-05,Santa Clara,085,1922200,307119,307689,12308,319997,2195
2022-03-05,Santa Cruz,087,273765,47097,46622,2107,48729,253
2022-03-05,Shasta,089,179085,30343,30282,6099,36381,492
2022-03-05,Sierra,091,2930,271,273,47,320,4
2022-03-05,Siskiyou,093,43540,4410,4389,2737,7126,74
2022-03-05,Solano,095,438530,80708,80690,5512,86202,435
2022-03-05,Sonoma,097,501317,82680,82313,2563,84876,473
2022-03-05,Stanislaus,099,539301,116764,117501,17406,134907,1531
2022-03-05,Sutter,101,95872,20356,20346,2068,22414,217
2022-03-05,Tehama,103,63373,11987,11939,2612,14551,158
2022-03-05,Trinity,105,12862,1179,1170,292,1462,20
2022-03-05,Tulare,107,460477,106081,103534,28416,131950,1305
2022-03-05,Tuolumne,109,53932,12557,12325,560,12885,178
2022-03-05,Ventura,111,848112,172102,171666,9263,180929,1436
2022-03-05,Yolo,113,214977,36584,35856,3144,39000,306
2022-03-05,Yuba,115,75493,15722,15666,1191,16857,115
2022-03-04,Alameda,001,1643700,252912,251988,13697,265685,1760
2022-03-04,Alpine,003,1148,122,125,1,126,0
2022-03-04,Amador,005,37829,8454,8344,648,8992,83
2022-03-04,Butte,007,227075,32767,32663,6576,39239,372
2022-03-04,Calaveras,009,45235,7213,7236,349,7585,116
2022-03-04,Colusa,011,21464,3426,3433,1068,4501,21
2022-03-04,Contra Costa,013,1133247,186591,185734,13041,198775,1235
2022-03-04,Del Norte,015,27424,5698,5725,188,5913,48
2022-03-04,El Dorado,017,186661,26533,26446,3199,29645,193
2022-03-04,Fresno,019,978130,229943,227154,23861,251015,2640
2022-03-04,Glenn,021,27897,4945,4927,1598,6525,43
2022-03-04,Humboldt,023,135768,16732,16781,2923,19704,136
2022-03-04,Imperial,025,180216,55154,54650,10770,65420,880
2022-03-04,Inyo,027,18085,4051,4043,478,4521,56
2022-03-04,Kern,029,883053,190971,189817,46032,235849,2141
2022-03-04,Kings,031,150075,51097,50926,3593,54519,431
2022-03-04,Lake,033,64148,10587,10512,889,11401,130
2022-03-04,Lassen,035,31185,8919,8818,883,9701,62
2022-03-04,Los Angeles,037,10098052,2693444,2671564,123758,2795322,30608
2022-03-04,Madera,039,155013,37082,37100,6065,43165,354
2022-03-04,Marin,041,260295,32953,32829,2180,35009,272
2022-03-04,Mariposa,043,17540,2369,2363,200,2563,6
2022-03-04,Mendocino,045,87422,12946,12845,3001,15846,113
2022-03-04,Merced,047,269075,61791,61653,8560,70213,789
2022-03-04,Modoc,049,8938,731,729,249,978,7
2022-03-04,Mono,051,14174,2961,2961,120,3081,5
2022-03-04,Monterey,053,433212,78821,78028,13447,91475,704
2022-03-04,Napa,055,140530,25476,25405,949,26354,134
2022-03-04,Nevada,057,99092,15825,15907,1195,17102,122
2022-03-04,Orange,059,3164182,543428,541463,41130,582593,6638
2022-03-04,Placer,061,380077,62253,62117,7358,69475,591
2022-03-04,Plumas,063,18699,2953,2701,363,3064,13
2022-03-04,Riverside,065,2383286,588752,586785,27955,614740,6239
2022-03-04,Sacramento,067,1510023,278962,273487,27010,300497,2847
2022-03-04,San Benito,069,59416,12825,12820,510,13330,94
2022-03-04,San Bernardino,071,2135413,564212,557421,24950,582371,6641
2022-03-04,San Diego,073,3302833,747145,740747,51796,792543,5045
2022-03-04,San Francisco,075,870044,122182,123537,8183,131720,798
2022-03-04,San Joaquin,077,732212,165407,165085,9924,175009,2069
2022-03-04,San Luis Obispo,079,281455,52014,51739,3739,55478,446
2022-03-04,San Mateo,081,765935,120073,118646,6910,125556,621
2022-03-04,Santa Barbara,083,443738,85127,85249,4743,89992,655
2022-03-04,Santa Clara,085,1922200,306970,307689,12305,319994,2195
2022-03-04,Santa Cruz,087,273765,47075,46622,2107,48729,253
2022-03-04,Shasta,089,179085,30335,30282,6096,36378,492
2022-03-04,Sierra,091,2930,271,273,47,320,4
2022-03-04,Siskiyou,093,43540,4408,4389,2733,7122,74
2022-03-04,Solano,095,438530,80675,80690,5509,86199,435
2022-03-04,Sonoma,097,501317,82651,82313,2562,84875,473
2022-03-04,Stanislaus,099,539301,116745,117501,17404,134905,1531
2022-03-04,Sutter,101,95872,20352,20346,2068,22414,217
2022-03-04,Tehama,103,63373,11984,11939,2612,14551,158
2022-03-04,Trinity,105,12862,1179,1170,292,1462,20
2022-03-04,Tulare,107,460477,106063,103534,28411,131945,1305
2022-03-04,Tuolumne,109,53932,12552,12325,560,12885,178
2022-03-04,Ventura,111,848112,172055,171666,9260,180926,1436
2022-03-04,Yolo,113,214977,36567,35856,3144,39000,306
2022-03-04,Yuba,115,75493,15717,15666,1190,16856,115
2022-03-03,Alameda,001,1643700,252792,251988,13685,265673,1760
2022-03-03,Alpine,003,1148,122,125,1,126,0
2022-03-03,Amador,005,37829,8453,8344,648,8992,83
2022-03-03,Butte,007,227075,32750,32663,6570,39233,372
2022-03-03,Calaveras,009,45235,7201,7236,349,7585,116
2022-03-03,Colusa,011,21464,3426,3433,1068,4501,21
2022-03-03,Contra Costa,013,1133247,186517,185734,13027,198761,1235
2022-03-03,Del Norte,015,27424,5691,5725,188,5913,48
2022-03-03,El Dorado,017,186661,26516,26446,3198,29644,193
2022-03-03,Fresno,019,978130,229813,227154,23853,251007,2640
2022-03-03,Glenn,021,27897,4943,4927,1597,6524,43
2022-03-03,Humboldt,023,135768,16718,16781,2922,19703,136
2022-03-03,Imperial,025,180216,55138,54650,10768,65418,880
2022-03-03,Inyo,027,18085,4050,4043,478,4521,56
2022-03-03,Kern,029,883053,190903,189817,46013,235830,2141
2022-03-03,Kings,031,150075,51074,50926,3590,54516,431
2022-03-03,Lake,033,64148,10581,10512,887,11399,130
2022-03-03,Lassen,035,31185,8911,8818,883,9701,62
2022-03-03,Los Angeles,037,10098052,2692721,2671564,123717,2795281,30608
2022-03-03,Madera,039,155013,37065,37100,6060,43160,354
2022-03-03,Marin,041,260295,32927,32829,2180,35009,272
2022-03-03,Mariposa,043,17540,2368,2363,200,2563,6
2022-03-03,Mendocino,045,87422,12935,12845,2998,15843,113
2022-03-03,Merced,047,269075,61774,61653,8554,70207,789
2022-03-03,Modoc,049,8938,731,729,249,978,7
2022-03-03,Mono,051,14174,2960,2961,120,3081,5
2022-03-03,Monterey,053,433212,78793,78028,13429,91457,704
2022-03-03,Napa,055,140530,25453,25405,948,26353,134
2022-03-03,Nevada,057,99092,15820,15907,1190,17097,122
2022-03-03,Orange,059,3164182,543251,541463,41104,582567,6638
2022-03-03,Placer,061,380077,62231,62117,7354,69471,591
2022-03-03,Plumas,063,18699,2952,2701,363,3064,13
2022-03-03,Riverside,065,2383286,588619,586785,27950,614735,6239
2022-03-03,Sacramento,067,1510023,278849,273487,26992,300479,2847
2022-03-03,San Benito,069,59416,12822,12820,510,13330,94
2022-03-03,San Bernardino,071,2135413,564103,557421,24944,582365,6641
2022-03-03,San Diego,073,3302833,746797,740747,51778,792525,5045
2022-03-03,San Francisco,075,870044,122109,123537,8172,131709,798
2022-03-03,San Joaquin,077,732212,165334,165085,9921,175006,2069
2022-03-03,San Luis Obispo,079,281455,51959,51739,3731,55470,446
2022-03-03,San Mateo,081,765935,119998,118646,6900,125546,621
2022-03-03,Santa Barbara,083,443738,85107,85249,4734,89983,655
2022-03-03,Santa Clara,085,1922200,306789,307689,12291,319980,2195
2022-03-03,Santa Cruz,087,273765,47027,46622,2105,48727,253
2022-03-03,Shasta,089,179085,30318,30282,6092,36374,492
2022-03-03,Sierra,091,2930,271,273,47,320,4
2022-03-03,Siskiyou,093,43540,4405,4389,2733,7122,74
2022-03-03,Solano,095,438530,80626,80690,5507,86197,435
2022-03-03,Sonoma,097,501317,82604,82313,2557,84870,473
2022-03-03,Stanislaus,099,539301,116712,117501,17397,134898,1531
2022-03-03,Sutter,101,95872,20344,20346,2068,22414,217
2022-03-03,Tehama,103,63373,11980,11939,2612,14551,158
2022-03-03,Trinity,105,12862,1178,1170,292,1462,20
2022-03-03,Tulare,107,460477,106019,103534,28401,131935,1305
2022-03-03,Tuolumne,109,53932,12542,12325,560,12885,178
2022-03-03,Ventura,111,848112,172002,171666,9258,180924,1436
2022-03-03,Yolo,113,214977,36544,35856,3137,38993,306
2022-03-03,Yuba,115,75493,15711,15666,1185,16851,115
2022-03-02,Alameda,001,1643700,252611,251886,13668,265554,1759
2022-03-02,Alpine,003,1148,122,125,1,126,0
2022-03-02,Amador,005,37829,8441,8341,648,8989,83
2022-03-02,Butte,007,227075,32738,32636,6565,39201,372
2022-03-02,Calaveras,009,45235,7200,7225,349,7574,116
2022-03-02,Colusa,011,21464,3423,3428,1068,4496,21
2022-03-02,Contra Costa,013,1133247,186425,185589,13009,198598,1236
2022-03-02,Del Norte,015,27424,5684,5708,186,5894,47
2022-03-02,El Dorado,017,186661,26503,26433,3195,29628,192
2022-03-02,Fresno,019,978130,229680,226932,23842,250774,2629
2022-03-02,Glenn,021,27897,4943,4922,1596,6518,43
2022-03-02,Humboldt,023,135768,16708,16747,2915,19662,135
2022-03-02,Imperial,025,180216,55111,54629,10763,65392,878
2022-03-02,Inyo,027,18085,4048,4041,477,4518,56
2022-03-02,Kern,029,883053,190837,189656,45993,235649,2136
2022-03-02,Kings,031,150075,51048,50819,3587,54406,431
2022-03-02,Lake,033,64148,10567,10495,885,11380,130
2022-03-02,Lassen,035,31185,8908,8811,882,9693,62
2022-03-02,Los Angeles,037,10098052,2691837,2670287,123670,2793957,30535
2022-03-02,Madera,039,155013,37048,37077,6058,43135,354
2022-03-02,Marin,041,260295,32910,32794,2179,34973,272
2022-03-02,Mariposa,043,17540,2368,2359,200,2559,6
2022-03-02,Mendocino,045,87422,12922,12832,2993,15825,112
2022-03-02,Merced,047,269075,61747,61606,8544,70150,785
2022-03-02,Modoc,049,8938,731,729,249,978,7
2022-03-02,Mono,051,14174,2960,2961,120,3081,5
2022-03-02,Monterey,053,433212,78757,77963,13406,91369,703
2022-03-02,Napa,055,140530,25402,25382,947,26329,134
2022-03-02,Nevada,057,99092,15809,15920,1189,17109,122
2022-03-02,Orange,059,3164182,543046,541230,41077,582307,6623
2022-03-02,Placer,061,380077,62209,62066,7351,69417,589
2022-03-02,Plumas,063,18699,2952,2700,362,3062,13
2022-03-02,Riverside,065,2383286,588466,586513,27939,614452,6229
2022-03-02,Sacramento,067,1510023,278732,273291,26981,300272,2837
2022-03-02,San Benito,069,59416,12811,12814,510,13324,94
2022-03-02,San Bernardino,071,2135413,563994,557082,24938,582020,6619
2022-03-02,San Diego,073,3302833,746430,739803,51730,791533,5034
2022-03-02,San Francisco,075,870044,122015,123442,8170,131612,792
2022-03-02,San Joaquin,077,732212,165273,164968,9916,174884,2063
2022-03-02,San Luis Obispo,079,281455,51921,51686,3726,55412,446
2022-03-02,San Mateo,081,765935,119912,118518,6884,125402,617
2022-03-02,Santa Barbara,083,443738,85082,85183,4733,89916,655
2022-03-02,Santa Clara,085,1922200,306570,307354,12277,319631,2184
2022-03-02,Santa Cruz,087,273765,46958,46534,2104,48638,253
2022-03-02,Shasta,089,179085,30294,30253,6082,36335,490
2022-03-02,Sierra,091,2930,271,273,47,320,4
2022-03-02,Siskiyou,093,43540,4403,4384,2730,7114,74
2022-03-02,Solano,095,438530,80560,80626,5504,86130,433
2022-03-02,Sonoma,097,501317,82558,82208,2553,84761,473
2022-03-02,Stanislaus,099,539301,116676,117411,17371,134782,1519
2022-03-02,Sutter,101,95872,20322,20317,2050,22367,216
2022-03-02,Tehama,103,63373,11975,11930,2611,14541,158
2022-03-02,Trinity,105,12862,1176,1160,292,1452,20
2022-03-02,Tulare,107,460477,105977,103451,28384,131835,1302
2022-03-02,Tuolumne,109,53932,12537,12297,560,12857,179
2022-03-02,Ventura,111,848112,171949,171770,9254,181024,1427
2022-03-02,Yolo,113,214977,36526,35799,3131,38930,305
2022-03-02,Yuba,115,75493,15698,15653,1180,16833,115
2022-03-01,Alameda,001,1643700,252445,251830,13657,265487,1749
2022-03-01,Alpine,003,1148,122,125,1,126,0
2022-03-01,Amador,005,37829,8393,8334,646,8980,83
2022-03-01,Butte,007,227075,32714,32575,6561,39136,372
2022-03-01,Calaveras,009,45235,7197,7223,348,7571,116
2022-03-01,Colusa,011,21464,3422,3423,1068,4491,21
2022-03-01,Contra Costa,013,1133247,186314,185378,12995,198373,1231
2022-03-01,Del Norte,015,27424,5681,5701,184,5885,45
2022-03-01,El Dorado,017,186661,26485,26413,3193,29606,192
2022-03-01,Fresno,019,978130,229538,226594,23829,250423,2628
2022-03-01,Glenn,021,27897,4942,4919,1594,6513,40
2022-03-01,Humboldt,023,135768,16687,16727,2908,19635,135
2022-03-01,Imperial,025,180216,55093,54570,10757,65327,875
2022-03-01,Inyo,027,18085,4044,4041,476,4517,56
2022-03-01,Kern,029,883053,190762,189365,45969,235334,2120
2022-03-01,Kings,031,150075,51026,50763,3583,54346,427
2022-03-01,Lake,033,64148,10555,10471,883,11354,128
2022-03-01,Lassen,035,31185,8904,8801,882,9683,61
2022-03-01,Los Angeles,037,10098052,2690884,2669489,123612,2793101,30486
2022-03-01,Madera,039,155013,37028,37046,6051,43097,354
2022-03-01,Marin,041,260295,32885,32764,2177,34941,272
2022-03-01,Mariposa,043,17540,2367,2357,199,2556,6
2022-03-01,Mendocino,045,87422,12910,12818,2991,15809,112
2022-03-01,Merced,047,269075,61719,61549,8529,70078,781
2022-03-01,Modoc,049,8938,731,729,249,978,7
2022-03-01,Mono,051,14174,2959,2960,120,3080,6
2022-03-01,Monterey,053,433212,78731,77911,13394,91305,696
2022-03-01,Napa,055,140530,25369,25344,947,26291,134
2022-03-01,Nevada,057,99092,15801,15916,1186,17102,121
2022-03-01,Orange,059,3164182,542823,541054,41041,582095,6612
2022-03-01,Placer,061,380077,62181,62021,7345,69366,583
2022-03-01,Plumas,063,18699,2952,2694,362,3056,13
2022-03-01,Riverside,065,2383286,588299,586184,27938,614122,6198
2022-03-01,Sacramento,067,1510023,278600,273089,26967,300056,2831
2022-03-01,San Benito,069,59416,12807,12806,510,13316,94
2022-03-01,San Bernardino,071,2135413,563860,556743,24935,581678,6588
2022-03-01,San Diego,073,3302833,745989,739136,51689,790825,5029
2022-03-01,San Francisco,075,870044,121912,123481,8164,131645,792
2022-03-01,San Joaquin,077,732212,165206,164894,9911,174805,2062
2022-03-01,San Luis Obispo,079,281455,51885,51592,3722,55314,445
2022-03-01,San Mateo,081,765935,119836,118358,6877,125235,613
2022-03-01,Santa Barbara,083,443738,85043,85134,4729,89863,654
2022-03-01,Santa Clara,085,1922200,306322,306978,12265,319243,2190
2022-03-01,Santa Cruz,087,273765,46908,46471,2101,48572,253
2022-03-01,Shasta,089,179085,30264,30227,6079,36306,489
2022-03-01,Sierra,091,2930,271,274,47,321,5
2022-03-01,Siskiyou,093,43540,4399,4384,2725,7109,74
2022-03-01,Solano,095,438530,80497,80556,5501,86057,434
2022-03-01,Sonoma,097,501317,82488,82103,2547,84650,477
2022-03-01,Stanislaus,099,539301,116623,117308,17346,134654,1521
2022-03-01,Sutter,101,95872,20308,20288,2046,22334,217
2022-03-01,Tehama,103,63373,11968,11923,2608,14531,158
2022-03-01,Trinity,105,12862,1175,1159,292,1451,20
2022-03-01,Tulare,107,460477,105896,103371,28364,131735,1302
2022-03-01,Tuolumne,109,53932,12530,12276,558,12834,175
2022-03-01,Ventura,111,848112,171880,171672,9247,180919,1427
2022-03-01,Yolo,113,214977,36501,35801,3125,38926,299
2022-03-01,Yuba,115,75493,15690,15637,1180,16817,116
2022-02-28,Alameda,001,1643700,252228,251714,13642,265356,1742
2022-02-28,Alpine,003,1148,122,125,1,126,0
2022-02-28,Amador,005,37829,8387,8308,645,8953,83
2022-02-28,Butte,007,227075,32690,32550,6556,39106,368
2022-02-28,Calaveras,009,45235,7194,7220,347,7567,110
2022-02-28,Colusa,011,21464,3419,3422,1066,4488,21
2022-02-28,Contra Costa,013,1133247,186206,185272,12975,198247,1231
2022-02-28,Del Norte,015,27424,5677,5699,183,5882,45
2022-02-28,El Dorado,017,186661,26476,26409,3188,29597,191
2022-02-28,Fresno,019,978130,229341,226519,23807,250326,2622
2022-02-28,Glenn,021,27897,4938,4918,1594,6512,40
2022-02-28,Humboldt,023,135768,16672,16717,2904,19621,135
2022-02-28,Imperial,025,180216,55066,54517,10752,65269,875
2022-02-28,Inyo,027,18085,4044,4041,475,4516,56
2022-02-28,Kern,029,883053,190668,189245,45938,235183,2115
2022-02-28,Kings,031,150075,50987,50741,3582,54323,427
2022-02-28,Lake,033,64148,10544,10468,879,11347,128
2022-02-28,Lassen,035,31185,8847,8794,882,9676,55
2022-02-28,Los Angeles,037,10098052,2689702,2666804,123516,2790320,30410
2022-02-28,Madera,039,155013,37001,37023,6035,43058,354
2022-02-28,Marin,041,260295,32859,32775,2177,34952,272
2022-02-28,Mariposa,043,17540,2364,2354,197,2551,6
2022-02-28,Mendocino,045,87422,12902,12800,2983,15783,112
2022-02-28,Merced,047,269075,61675,61519,8511,70030,781
2022-02-28,Modoc,049,8938,731,727,249,976,7
2022-02-28,Mono,051,14174,2959,2961,120,3081,5
2022-02-28,Monterey,053,433212,78664,77865,13371,91236,693
2022-02-28,Napa,055,140530,25345,25317,947,26264,129
2022-02-28,Nevada,057,99092,15795,15908,1180,17088,121
2022-02-28,Orange,059,3164182,542568,540839,41027,581866,6605
2022-02-28,Placer,061,380077,62149,61976,7339,69315,577
2022-02-28,Plumas,063,18699,2952,2691,361,3052,13
2022-02-28,Riverside,065,2383286,588101,585891,27905,613796,6179
2022-02-28,Sacramento,067,1510023,278464,273038,26941,299979,2825
2022-02-28,San Benito,069,59416,12803,12798,510,13308,94
2022-02-28,San Bernardino,071,2135413,563664,556540,24921,581461,6576
2022-02-28,San Diego,073,3302833,745592,737760,51660,789420,5018
2022-02-28,San Francisco,075,870044,121753,123402,8156,131558,792
2022-02-28,San Joaquin,077,732212,165122,164833,9902,174735,2060
2022-02-28,San Luis Obispo,079,281455,51826,51565,3714,55279,440
2022-02-28,San Mateo,081,765935,119734,118301,6871,125172,611
2022-02-28,Santa Barbara,083,443738,85000,85076,4724,89800,653
2022-02-28,Santa Clara,085,1922200,306045,306930,12243,319173,2180
2022-02-28,Santa Cruz,087,273765,46837,46447,2100,48547,253
2022-02-28,Shasta,089,179085,30238,30213,6075,36288,488
2022-02-28,Sierra,091,2930,271,273,47,320,4
2022-02-28,Siskiyou,093,43540,4396,4382,2719,7101,74
2022-02-28,Solano,095,438530,80432,80544,5490,86034,430
2022-02-28,Sonoma,097,501317,82424,82058,2544,84602,477
2022-02-28,Stanislaus,099,539301,116556,117231,17330,134561,1521
2022-02-28,Sutter,101,95872,20295,20285,2043,22328,214
2022-02-28,Tehama,103,63373,11955,11917,2607,14524,158
2022-02-28,Trinity,105,12862,1175,1160,292,1452,20
2022-02-28,Tulare,107,460477,105846,103304,28346,131650,1300
2022-02-28,Tuolumne,109,53932,12519,12247,557,12804,175
2022-02-28,Ventura,111,848112,171796,171614,9246,180860,1423
2022-02-28,Yolo,113,214977,36464,35754,3118,38872,299
2022-02-28,Yuba,115,75493,15676,15625,1179,16804,115
2022-02-27,Alameda,001,1643700,251949,251624,13633,265257,1744
2022-02-27,Alpine,003,1148,122,125,1,126,0
2022-02-27,Amador,005,37829,8383,8305,642,8947,83
2022-02-27,Butte,007,227075,32653,32551,6544,39095,368
2022-02-27,Calaveras,009,45235,7187,7214,347,7561,110
2022-02-27,Colusa,011,21464,3418,3422,1066,4488,21
2022-02-27,Contra Costa,013,1133247,186077,185185,12955,198140,1230
2022-02-27,Del Norte,015,27424,5659,5691,181,5872,45
2022-02-27,El Dorado,017,186661,26457,26410,3186,29596,191
2022-02-27,Fresno,019,978130,229141,226397,23779,250176,2621
2022-02-27,Glenn,021,27897,4936,4915,1594,6509,40
2022-02-27,Humboldt,023,135768,16650,16713,2897,19610,135
2022-02-27,Imperial,025,180216,55017,54509,10734,65243,875
2022-02-27,Inyo,027,18085,4043,4041,471,4512,56
2022-02-27,Kern,029,883053,190547,189219,45898,235117,2115
2022-02-27,Kings,031,150075,50958,50733,3580,54313,428
2022-02-27,Lake,033,64148,10525,10463,879,11342,128
2022-02-27,Lassen,035,31185,8839,8786,882,9668,55
2022-02-27,Los Angeles,037,10098052,2688398,2666789,123432,2790221,30410
2022-02-27,Madera,039,155013,36975,37009,6027,43036,354
2022-02-27,Marin,041,260295,32821,32756,2175,34931,272
2022-02-27,Mariposa,043,17540,2361,2352,197,2549,6
2022-02-27,Mendocino,045,87422,12883,12798,2970,15768,112
2022-02-27,Merced,047,269075,61624,61491,8494,69985,779
2022-02-27,Modoc,049,8938,730,727,249,976,7
2022-02-27,Mono,051,14174,2958,2960,120,3080,5
2022-02-27,Monterey,053,433212,78604,77851,13346,91197,693
2022-02-27,Napa,055,140530,25306,25316,947,26263,129
2022-02-27,Nevada,057,99092,15787,15900,1176,17076,121
2022-02-27,Orange,059,3164182,542321,540659,40997,581656,6605
2022-02-27,Placer,061,380077,62107,61965,7335,69300,577
2022-02-27,Plumas,063,18699,2949,2691,361,3052,13
2022-02-27,Riverside,065,2383286,587862,585833,27879,613712,6179
2022-02-27,Sacramento,067,1510023,278279,272927,26909,299836,2822
2022-02-27,San Benito,069,59416,12796,12798,510,13308,94
2022-02-27,San Bernardino,071,2135413,563477,556457,24911,581368,6572
2022-02-27,San Diego,073,3302833,745104,737760,51619,789379,5018
2022-02-27,San Francisco,075,870044,121630,123327,8145,131472,791
2022-02-27,San Joaquin,077,732212,165015,164814,9898,174712,2060
2022-02-27,San Luis Obispo,079,281455,51734,51564,3707,55271,439
2022-02-27,San Mateo,081,765935,119619,118244,6866,125110,611
2022-02-27,Santa Barbara,083,443738,84960,85050,4720,89770,653
2022-02-27,Santa Clara,085,1922200,305755,306756,12214,318970,2180
2022-02-27,Santa Cruz,087,273765,46776,46411,2099,48510,253
2022-02-27,Shasta,089,179085,30206,30206,6069,36275,488
2022-02-27,Sierra,091,2930,271,273,47,320,4
2022-02-27,Siskiyou,093,43540,4391,4378,2706,7084,74
2022-02-27,Solano,095,438530,80356,80515,5479,85994,430
2022-02-27,Sonoma,097,501317,82342,82041,2538,84579,476
2022-02-27,Stanislaus,099,539301,116486,117200,17311,134511,1522
2022-02-27,Sutter,101,95872,20278,20280,2037,22317,214
2022-02-27,Tehama,103,63373,11943,11915,2606,14521,158
2022-02-27,Trinity,105,12862,1174,1158,292,1450,20
2022-02-27,Tulare,107,460477,105774,103270,28295,131565,1300
2022-02-27,Tuolumne,109,53932,12505,12243,556,12799,175
2022-02-27,Ventura,111,848112,171720,171660,9243,180903,1423
2022-02-27,Yolo,113,214977,36436,35744,3113,38857,299
2022-02-27,Yuba,115,75493,15665,15619,1177,16796,113
2022-02-26,Alameda,001,1643700,251840,250867,13628,264495,1716
2022-02-26,Alpine,003,1148,122,125,1,126,0
2022-02-26,Amador,005,37829,8380,8282,641,8923,83
2022-02-26,Butte,007,227075,32639,32466,6542,39008,368
2022-02-26,Calaveras,009,45235,7186,7192,347,7539,110
2022-02-26,Colusa,011,21464,3418,3414,1066,4480,21
2022-02-26,Contra Costa,013,1133247,186007,184686,12936,197622,1209
2022-02-26,Del Norte,015,27424,5654,5639,181,5820,45
2022-02-26,El Dorado,017,186661,26446,26355,3182,29537,191
2022-02-26,Fresno,019,978130,229051,225679,23779,249458,2597
2022-02-26,Glenn,021,27897,4934,4909,1593,6502,40
2022-02-26,Humboldt,023,135768,16625,16619,2896,19515,133
2022-02-26,Imperial,025,180216,54989,54367,10732,65099,871
2022-02-26,Inyo,027,18085,4042,4034,466,4500,56
2022-02-26,Kern,029,883053,190498,188584,45879,234463,2106
2022-02-26,Kings,031,150075,50945,50579,3580,54159,423
2022-02-26,Lake,033,64148,10519,10383,879,11262,128
2022-02-26,Lassen,035,31185,8838,8761,882,9643,55
2022-02-26,Los Angeles,037,10098052,2687836,2660973,123392,2784365,30202
2022-02-26,Madera,039,155013,36961,36933,6025,42958,330
2022-02-26,Marin,041,260295,32806,32651,2173,34824,267
2022-02-26,Mariposa,043,17540,2360,2332,197,2529,6
2022-02-26,Mendocino,045,87422,12877,12762,2970,15732,111
2022-02-26,Merced,047,269075,61603,61348,8493,69841,775
2022-02-26,Modoc,049,8938,730,726,249,975,7
2022-02-26,Mono,051,14174,2958,2959,119,3078,5
2022-02-26,Monterey,053,433212,78573,77610,13340,90950,692
2022-02-26,Napa,055,140530,25291,25221,946,26167,130
2022-02-26,Nevada,057,99092,15783,15850,1174,17024,121
2022-02-26,Orange,059,3164182,542211,539992,40980,580972,6540
2022-02-26,Placer,061,380077,62088,61803,7332,69135,573
2022-02-26,Plumas,063,18699,2949,2673,361,3034,13
2022-02-26,Riverside,065,2383286,587744,584835,27870,612705,6143
2022-02-26,Sacramento,067,1510023,278185,272339,26896,299235,2793
2022-02-26,San Benito,069,59416,12792,12770,510,13280,92
2022-02-26,San Bernardino,071,2135413,563389,555668,24906,580574,6505
2022-02-26,San Diego,073,3302833,744871,736049,51597,787646,5002
2022-02-26,San Francisco,075,870044,121561,123079,8137,131216,769
2022-02-26,San Joaquin,077,732212,164980,164418,9897,174315,2048
2022-02-26,San Luis Obispo,079,281455,51720,51358,3704,55062,438
2022-02-26,San Mateo,081,765935,119565,117860,6865,124725,603
2022-02-26,Santa Barbara,083,443738,84929,84830,4720,89550,652
2022-02-26,Santa Clara,085,1922200,305606,305895,12211,318106,2166
2022-02-26,Santa Cruz,087,273765,46754,46186,2099,48285,251
2022-02-26,Shasta,089,179085,30198,30108,6063,36171,485
2022-02-26,Sierra,091,2930,271,270,47,317,1
2022-02-26,Siskiyou,093,43540,4391,4359,2704,7063,72
2022-02-26,Solano,095,438530,80322,80225,5476,85701,428
2022-02-26,Sonoma,097,501317,82306,81702,2536,84238,432
2022-02-26,Stanislaus,099,539301,116448,116896,17306,134202,1503
2022-02-26,Sutter,101,95872,20269,20230,2037,22267,214
2022-02-26,Tehama,103,63373,11937,11878,2604,14482,158
2022-02-26,Trinity,105,12862,1173,1156,292,1448,20
2022-02-26,Tulare,107,460477,105738,102983,28280,131263,1295
2022-02-26,Tuolumne,109,53932,12503,12169,556,12725,175
2022-02-26,Ventura,111,848112,171687,171292,9241,180533,1411
2022-02-26,Yolo,113,214977,36415,35615,3110,38725,296
2022-02-26,Yuba,115,75493,15654,15587,1177,16764,113
2022-02-25,Alameda,001,1643700,251717,250867,13618,264485,1716
2022-02-25,Alpine,003,1148,122,125,1,126,0
2022-02-25,Amador,005,37829,8369,8282,641,8923,83
2022-02-25,Butte,007,227075,32627,32466,6540,39006,368
2022-02-25,Calaveras,009,45235,7184,7192,347,7539,110
2022-02-25,Colusa,011,21464,3418,3414,1066,4480,21
2022-02-25,Contra Costa,013,1133247,185921,184686,12914,197600,1209
2022-02-25,Del Norte,015,27424,5644,5639,181,5820,45
2022-02-25,El Dorado,017,186661,26437,26355,3182,29537,191
2022-02-25,Fresno,019,978130,228954,225679,23772,249451,2597
2022-02-25,Glenn,021,27897,4932,4909,1593,6502,40
2022-02-25,Humboldt,023,135768,16614,16619,2896,19515,133
2022-02-25,Imperial,025,180216,54971,54367,10731,65098,871
2022-02-25,Inyo,027,18085,4041,4034,466,4500,56
2022-02-25,Kern,029,883053,190431,188584,45866,234450,2106
2022-02-25,Kings,031,150075,50931,50579,3579,54158,423
2022-02-25,Lake,033,64148,10504,10383,879,11262,128
2022-02-25,Lassen,035,31185,8835,8761,882,9643,55
2022-02-25,Los Angeles,037,10098052,2687244,2660973,123362,2784335,30202
2022-02-25,Madera,039,155013,36941,36933,6024,42957,330
2022-02-25,Marin,041,260295,32792,32651,2173,34824,267
2022-02-25,Mariposa,043,17540,2357,2332,197,2529,6
2022-02-25,Mendocino,045,87422,12875,12762,2970,15732,111
2022-02-25,Merced,047,269075,61571,61348,8488,69836,775
2022-02-25,Modoc,049,8938,730,726,249,975,7
2022-02-25,Mono,051,14174,2957,2959,119,3078,5
2022-02-25,Monterey,053,433212,78546,77610,13334,90944,692
2022-02-25,Napa,055,140530,25282,25221,946,26167,130
2022-02-25,Nevada,057,99092,15772,15850,1171,17021,121
2022-02-25,Orange,059,3164182,542076,539992,40957,580949,6540
2022-02-25,Placer,061,380077,62072,61803,7326,69129,573
2022-02-25,Plumas,063,18699,2947,2673,360,3033,13
2022-02-25,Riverside,065,2383286,587586,584835,27858,612693,6143
2022-02-25,Sacramento,067,1510023,278086,272339,26891,299230,2793
2022-02-25,San Benito,069,59416,12790,12770,510,13280,92
2022-02-25,San Bernardino,071,2135413,563283,555668,24899,580567,6505
2022-02-25,San Diego,073,3302833,744571,736049,51578,787627,5002
2022-02-25,San Francisco,075,870044,121481,123079,8134,131213,769
2022-02-25,San Joaquin,077,732212,164940,164418,9892,174310,2048
2022-02-25,San Luis Obispo,079,281455,51716,51358,3695,55053,438
2022-02-25,San Mateo,081,765935,119504,117860,6861,124721,603
2022-02-25,Santa Barbara,083,443738,84894,84830,4720,89550,652
2022-02-25,Santa Clara,085,1922200,305422,305895,12208,318103,2166
2022-02-25,Santa Cruz,087,273765,46720,46186,2097,48283,251
2022-02-25,Shasta,089,179085,30188,30108,6061,36169,485
2022-02-25,Sierra,091,2930,271,270,47,317,1
2022-02-25,Siskiyou,093,43540,4391,4359,2703,7062,72
2022-02-25,Solano,095,438530,80293,80225,5475,85700,428
2022-02-25,Sonoma,097,501317,82256,81702,2534,84236,432
2022-02-25,Stanislaus,099,539301,116421,116896,17302,134198,1503
2022-02-25,Sutter,101,95872,20260,20230,2037,22267,214
2022-02-25,Tehama,103,63373,11935,11878,2604,14482,158
2022-02-25,Trinity,105,12862,1173,1156,292,1448,20
2022-02-25,Tulare,107,460477,105703,102983,28258,131241,1295
2022-02-25,Tuolumne,109,53932,12501,12169,556,12725,175
2022-02-25,Ventura,111,848112,171636,171292,9241,180533,1411
2022-02-25,Yolo,113,214977,36400,35615,3110,38725,296
2022-02-25,Yuba,115,75493,15646,15587,1177,16764,113
2022-02-24,Alameda,001,1643700,251509,250867,13609,264476,1716
2022-02-24,Alpine,003,1148,122,125,1,126,0
2022-02-24,Amador,005,37829,8364,8282,640,8922,83
2022-02-24,Butte,007,227075,32606,32466,6535,39001,368
2022-02-24,Calaveras,009,45235,7181,7192,345,7537,110
2022-02-24,Colusa,011,21464,3417,3414,1065,4479,21
2022-02-24,Contra Costa,013,1133247,185793,184686,12906,197592,1209
2022-02-24,Del Norte,015,27424,5629,5639,180,5819,45
2022-02-24,El Dorado,017,186661,26423,26355,3182,29537,191
2022-02-24,Fresno,019,978130,228757,225679,23757,249436,2597
2022-02-24,Glenn,021,27897,4930,4909,1592,6501,40
2022-02-24,Humboldt,023,135768,16596,16619,2895,19514,133
2022-02-24,Imperial,025,180216,54931,54367,10721,65088,871
2022-02-24,Inyo,027,18085,4040,4034,465,4499,56
2022-02-24,Kern,029,883053,190288,188584,45832,234416,2106
2022-02-24,Kings,031,150075,50901,50579,3574,54153,423
2022-02-24,Lake,033,64148,10485,10383,879,11262,128
2022-02-24,Lassen,035,31185,8831,8761,881,9642,55
2022-02-24,Los Angeles,037,10098052,2686087,2660973,123306,2784279,30202
2022-02-24,Madera,039,155013,36914,36933,6022,42955,330
2022-02-24,Marin,041,260295,32772,32651,2172,34823,267
2022-02-24,Mariposa,043,17540,2351,2332,196,2528,6
2022-02-24,Mendocino,045,87422,12868,12762,2966,15728,111
2022-02-24,Merced,047,269075,61541,61348,8479,69827,775
2022-02-24,Modoc,049,8938,729,726,249,975,7
2022-02-24,Mono,051,14174,2956,2959,119,3078,5
2022-02-24,Monterey,053,433212,78493,77610,13325,90935,692
2022-02-24,Napa,055,140530,25241,25221,942,26163,130
2022-02-24,Nevada,057,99092,15758,15850,1171,17021,121
2022-02-24,Orange,059,3164182,541827,539992,40923,580915,6540
2022-02-24,Placer,061,380077,62034,61803,7324,69127,573
2022-02-24,Plumas,063,18699,2942,2673,359,3032,13
2022-02-24,Riverside,065,2383286,587333,584835,27831,612666,6143
2022-02-24,Sacramento,067,1510023,277912,272339,26873,299212,2793
2022-02-24,San Benito,069,59416,12779,12770,509,13279,92
2022-02-24,San Bernardino,071,2135413,563091,555668,24886,580554,6505
2022-02-24,San Diego,073,3302833,744134,736049,51533,787582,5002
2022-02-24,San Francisco,075,870044,121358,123079,8127,131206,769
2022-02-24,San Joaquin,077,732212,164807,164418,9887,174305,2048
2022-02-24,San Luis Obispo,079,281455,51670,51358,3693,55051,438
2022-02-24,San Mateo,081,765935,119412,117860,6854,124714,603
2022-02-24,Santa Barbara,083,443738,84830,84830,4719,89549,652
2022-02-24,Santa Clara,085,1922200,305183,305895,12194,318089,2166
2022-02-24,Santa Cruz,087,273765,46638,46186,2095,48281,251
2022-02-24,Shasta,089,179085,30169,30108,6055,36163,485
2022-02-24,Sierra,091,2930,271,270,47,317,1
2022-02-24,Siskiyou,093,43540,4388,4359,2699,7058,72
2022-02-24,Solano,095,438530,80214,80225,5472,85697,428
2022-02-24,Sonoma,097,501317,82202,81702,2529,84231,432
2022-02-24,Stanislaus,099,539301,116342,116896,17293,134189,1503
2022-02-24,Sutter,101,95872,20246,20230,2021,22251,214
2022-02-24,Tehama,103,63373,11929,11878,2603,14481,158
2022-02-24,Trinity,105,12862,1171,1156,292,1448,20
2022-02-24,Tulare,107,460477,105647,102983,28225,131208,1295
2022-02-24,Tuolumne,109,53932,12490,12169,554,12723,175
2022-02-24,Ventura,111,848112,171557,171292,9238,180530,1411
2022-02-24,Yolo,113,214977,36375,35615,3108,38723,296
2022-02-24,Yuba,115,75493,15633,15587,1177,16764,113
2022-02-23,Alameda,001,1643700,251279,247686,13590,261276,1713
2022-02-23,Alpine,003,1148,122,125,1,126,0
2022-02-23,Amador,005,37829,8347,8274,640,8914,79
2022-02-23,Butte,007,227075,32578,32417,6532,38949,367
2022-02-23,Calaveras,009,45235,7171,7182,344,7526,107
2022-02-23,Colusa,011,21464,3413,3411,1065,4476,21
2022-02-23,Contra Costa,013,1133247,185648,184013,12891,196904,1209
2022-02-23,Del Norte,015,27424,5617,5625,179,5804,45
2022-02-23,El Dorado,017,186661,26407,26317,3178,29495,189
2022-02-23,Fresno,019,978130,228568,225308,23735,249043,2596
2022-02-23,Glenn,021,27897,4926,4909,1590,6499,40
2022-02-23,Humboldt,023,135768,16580,16601,2892,19493,132
2022-02-23,Imperial,025,180216,54893,54292,10707,64999,871
2022-02-23,Inyo,027,18085,4039,4031,462,4493,54
2022-02-23,Kern,029,883053,190181,188432,45782,234214,2106
2022-02-23,Kings,031,150075,50868,50416,3572,53988,423
2022-02-23,Lake,033,64148,10467,10368,878,11246,126
2022-02-23,Lassen,035,31185,8815,8749,881,9630,55
2022-02-23,Los Angeles,037,10098052,2684709,2659569,123260,2782829,30167
2022-02-23,Madera,039,155013,36882,36876,6012,42888,330
2022-02-23,Marin,041,260295,32749,32625,2171,34796,267
2022-02-23,Mariposa,043,17540,2346,2325,195,2520,6
2022-02-23,Mendocino,045,87422,12860,12747,2962,15709,111
2022-02-23,Merced,047,269075,61512,61295,8474,69769,772
2022-02-23,Modoc,049,8938,729,723,248,971,7
2022-02-23,Mono,051,14174,2955,2960,119,3079,5
2022-02-23,Monterey,053,433212,78454,77472,13302,90774,691
2022-02-23,Napa,055,140530,25218,25185,937,26122,128
2022-02-23,Nevada,057,99092,15752,15825,1168,16993,121
2022-02-23,Orange,059,3164182,541518,539631,40900,580531,6520
2022-02-23,Placer,061,380077,61988,61758,7316,69074,573
2022-02-23,Plumas,063,18699,2938,2663,359,3022,13
2022-02-23,Riverside,065,2383286,587040,584381,27794,612175,6119
2022-02-23,Sacramento,067,1510023,277752,272057,26850,298907,2796
2022-02-23,San Benito,069,59416,12772,12756,508,13264,92
2022-02-23,San Bernardino,071,2135413,562926,555238,24868,580106,6479
2022-02-23,San Diego,073,3302833,743612,735406,51492,786898,4988
2022-02-23,San Francisco,075,870044,121231,122127,8125,130252,769
2022-02-23,San Joaquin,077,732212,164715,164257,9882,174139,2042
2022-02-23,San Luis Obispo,079,281455,51622,51264,3691,54955,434
2022-02-23,San Mateo,081,765935,119320,117585,6845,124430,603
2022-02-23,Santa Barbara,083,443738,84770,84760,4715,89475,651
2022-02-23,Santa Clara,085,1922200,304926,305484,12185,317669,2157
2022-02-23,Santa Cruz,087,273765,46569,46059,2094,48153,251
2022-02-23,Shasta,089,179085,30142,30066,6052,36118,481
2022-02-23,Sierra,091,2930,271,270,47,317,1
2022-02-23,Siskiyou,093,43540,4385,4356,2697,7053,71
2022-02-23,Solano,095,438530,80124,80103,5470,85573,427
2022-02-23,Sonoma,097,501317,82149,81594,2527,84121,432
2022-02-23,Stanislaus,099,539301,116266,116789,17284,134073,1482
2022-02-23,Sutter,101,95872,20229,20194,2017,22211,213
2022-02-23,Tehama,103,63373,11919,11863,2603,14466,154
2022-02-23,Trinity,105,12862,1171,1156,292,1448,20
2022-02-23,Tulare,107,460477,105579,102812,28198,131010,1290
2022-02-23,Tuolumne,109,53932,12480,12158,553,12711,175
2022-02-23,Ventura,111,848112,171470,171163,9231,180394,1401
2022-02-23,Yolo,113,214977,36338,35590,3101,38691,296
2022-02-23,Yuba,115,75493,15630,15571,1175,16746,113
2022-02-22,Alameda,001,1643700,251040,247434,13575,261009,1706
2022-02-22,Alpine,003,1148,122,124,1,125,0
2022-02-22,Amador,005,37829,8337,8243,640,8883,79
2022-02-22,Butte,007,227075,32543,32359,6527,38886,366
2022-02-22,Calaveras,009,45235,7162,7178,344,7522,107
2022-02-22,Colusa,011,21464,3413,3402,1063,4465,21
2022-02-22,Contra Costa,013,1133247,185495,183812,12872,196684,1201
2022-02-22,Del Norte,015,27424,5609,5611,178,5789,45
2022-02-22,El Dorado,017,186661,26397,26289,3178,29467,189
2022-02-22,Fresno,019,978130,228338,225104,23704,248808,2592
2022-02-22,Glenn,021,27897,4925,4900,1589,6489,40
2022-02-22,Humboldt,023,135768,16559,16559,2888,19447,132
2022-02-22,Imperial,025,180216,54857,54227,10703,64930,864
2022-02-22,Inyo,027,18085,4038,4026,460,4486,54
2022-02-22,Kern,029,883053,190040,188237,45745,233982,2102
2022-02-22,Kings,031,150075,50805,50359,3569,53928,423
2022-02-22,Lake,033,64148,10456,10353,876,11229,126
2022-02-22,Lassen,035,31185,8811,8730,881,9611,55
2022-02-22,Los Angeles,037,10098052,2683239,2658230,123172,2781402,30129
2022-02-22,Madera,039,155013,36849,36833,6002,42835,330
2022-02-22,Marin,041,260295,32724,32591,2170,34761,267
2022-02-22,Mariposa,043,17540,2338,2322,195,2517,6
2022-02-22,Mendocino,045,87422,12846,12714,2952,15666,110
2022-02-22,Merced,047,269075,61452,61241,8467,69708,770
2022-02-22,Modoc,049,8938,726,720,248,968,6
2022-02-22,Mono,051,14174,2955,2961,119,3080,5
2022-02-22,Monterey,053,433212,78400,77359,13282,90641,690
2022-02-22,Napa,055,140530,25189,25151,936,26087,128
2022-02-22,Nevada,057,99092,15736,15815,1167,16982,121
2022-02-22,Orange,059,3164182,541231,539390,40867,580257,6502
2022-02-22,Placer,061,380077,61950,61709,7311,69020,572
2022-02-22,Plumas,063,18699,2932,2659,357,3016,13
2022-02-22,Riverside,065,2383286,586781,583969,27772,611741,6097
2022-02-22,Sacramento,067,1510023,277561,271789,26826,298615,2775
2022-02-22,San Benito,069,59416,12761,12742,507,13249,92
2022-02-22,San Bernardino,071,2135413,562727,554903,24849,579752,6451
2022-02-22,San Diego,073,3302833,743075,734536,51441,785977,4974
2022-02-22,San Francisco,075,870044,121102,121954,8121,130075,769
2022-02-22,San Joaquin,077,732212,164593,164111,9871,173982,2040
2022-02-22,San Luis Obispo,079,281455,51537,51193,3685,54878,431
2022-02-22,San Mateo,081,765935,119224,117418,6840,124258,603
2022-02-22,Santa Barbara,083,443738,84707,84701,4709,89410,650
2022-02-22,Santa Clara,085,1922200,304647,305045,12179,317224,2155
2022-02-22,Santa Cruz,087,273765,46504,45958,2094,48052,251
2022-02-22,Shasta,089,179085,30118,30024,6047,36071,479
2022-02-22,Sierra,091,2930,271,269,46,315,0
2022-02-22,Siskiyou,093,43540,4382,4350,2692,7042,70
2022-02-22,Solano,095,438530,80048,79968,5468,85436,425
2022-02-22,Sonoma,097,501317,82082,81412,2523,83935,431
2022-02-22,Stanislaus,099,539301,116185,116676,17266,133942,1475
2022-02-22,Sutter,101,95872,20213,20164,2014,22178,210
2022-02-22,Tehama,103,63373,11911,11852,2602,14454,152
2022-02-22,Trinity,105,12862,1171,1147,291,1438,20
2022-02-22,Tulare,107,460477,105469,102717,28163,130880,1287
2022-02-22,Tuolumne,109,53932,12460,12136,552,12688,175
2022-02-22,Ventura,111,848112,171385,171064,9225,180289,1401
2022-02-22,Yolo,113,214977,36301,35527,3095,38622,292
2022-02-22,Yuba,115,75493,15620,15550,1174,16724,110
2022-02-21,Alameda,001,1643700,250751,247434,13559,260993,1704
2022-02-21,Alpine,003,1148,122,124,1,125,0
2022-02-21,Amador,005,37829,8331,8246,640,8886,79
2022-02-21,Butte,007,227075,32503,32356,6504,38860,366
2022-02-21,Calaveras,009,45235,7154,7175,344,7519,107
2022-02-21,Colusa,011,21464,3411,3401,1061,4462,21
2022-02-21,Contra Costa,013,1133247,185267,183701,12858,196559,1201
2022-02-21,Del Norte,015,27424,5591,5601,177,5778,45
2022-02-21,El Dorado,017,186661,26368,26273,3173,29446,189
2022-02-21,Fresno,019,978130,228018,224923,23647,248570,2592
2022-02-21,Glenn,021,27897,4920,4897,1589,6486,40
2022-02-21,Humboldt,023,135768,16515,16548,2880,19428,132
2022-02-21,Imperial,025,180216,54798,54208,10686,64894,864
2022-02-21,Inyo,027,18085,4034,4023,460,4483,54
2022-02-21,Kern,029,883053,189846,188188,45692,233880,2102
2022-02-21,Kings,031,150075,50739,50188,3566,53754,422
2022-02-21,Lake,033,64148,10434,10334,874,11208,126
2022-02-21,Lassen,035,31185,8803,8705,876,9581,55
2022-02-21,Los Angeles,037,10098052,2681438,2656873,123073,2779946,30108
2022-02-21,Madera,039,155013,36809,36796,5981,42777,330
2022-02-21,Marin,041,260295,32700,32570,2170,34740,258
2022-02-21,Mariposa,043,17540,2335,2321,195,2516,6
2022-02-21,Mendocino,045,87422,12820,12706,2940,15646,110
2022-02-21,Merced,047,269075,61395,61209,8450,69659,770
2022-02-21,Modoc,049,8938,725,718,248,966,6
2022-02-21,Mono,051,14174,2954,2960,119,3079,5
2022-02-21,Monterey,053,433212,78306,77354,13240,90594,690
2022-02-21,Napa,055,140530,25148,25126,936,26062,128
2022-02-21,Nevada,057,99092,15724,15810,1164,16974,121
2022-02-21,Orange,059,3164182,540875,539068,40842,579910,6502
2022-02-21,Placer,061,380077,61896,61727,7307,69034,572
2022-02-21,Plumas,063,18699,2928,2657,352,3009,13
2022-02-21,Riverside,065,2383286,586409,583712,27723,611435,6097
2022-02-21,Sacramento,067,1510023,277302,271588,26793,298381,2769
2022-02-21,San Benito,069,59416,12748,12731,507,13238,92
2022-02-21,San Bernardino,071,2135413,562484,554662,24827,579489,6441
2022-02-21,San Diego,073,3302833,742442,732298,51369,783667,4974
2022-02-21,San Francisco,075,870044,120921,121865,8117,129982,769
2022-02-21,San Joaquin,077,732212,164445,164036,9860,173896,2040
2022-02-21,San Luis Obispo,079,281455,51445,51184,3678,54862,429
2022-02-21,San Mateo,081,765935,119131,117259,6832,124091,605
2022-02-21,Santa Barbara,083,443738,84630,84626,4701,89327,650
2022-02-21,Santa Clara,085,1922200,304310,304858,12173,317031,2158
2022-02-21,Santa Cruz,087,273765,46378,45941,2093,48034,251
2022-02-21,Shasta,089,179085,30071,30004,6039,36043,479
2022-02-21,Sierra,091,2930,271,269,46,315,0
2022-02-21,Siskiyou,093,43540,4370,4337,2687,7024,70
2022-02-21,Solano,095,438530,79955,79906,5462,85368,425
2022-02-21,Sonoma,097,501317,81968,81361,2517,83878,431
2022-02-21,Stanislaus,099,539301,116073,116597,17242,133839,1475
2022-02-21,Sutter,101,95872,20186,20152,2012,22164,210
2022-02-21,Tehama,103,63373,11898,11842,2601,14443,152
2022-02-21,Trinity,105,12862,1170,1147,291,1438,20
2022-02-21,Tulare,107,460477,105371,102614,28115,130729,1287
2022-02-21,Tuolumne,109,53932,12451,12126,549,12675,175
2022-02-21,Ventura,111,848112,171245,170939,9216,180155,1401
2022-02-21,Yolo,113,214977,36258,35518,3086,38604,292
2022-02-21,Yuba,115,75493,15600,15546,1165,16711,110
2022-02-20,Alameda,001,1643700,250527,246028,13549,259577,1700
2022-02-20,Alpine,003,1148,122,124,1,125,0
2022-02-20,Amador,005,37829,8320,8203,640,8843,79
2022-02-20,Butte,007,227075,32473,32173,6499,38672,364
2022-02-20,Calaveras,009,45235,7151,7136,343,7479,107
2022-02-20,Colusa,011,21464,3408,3389,1060,4449,21
2022-02-20,Contra Costa,013,1133247,185141,182797,12853,195650,1190
2022-02-20,Del Norte,015,27424,5576,5511,177,5688,45
2022-02-20,El Dorado,017,186661,26347,26101,3172,29273,189
2022-02-20,Fresno,019,978130,227826,223594,23630,247224,2544
2022-02-20,Glenn,021,27897,4917,4881,1589,6470,39
2022-02-20,Humboldt,023,135768,16503,16393,2876,19269,132
2022-02-20,Imperial,025,180216,54737,53967,10673,64640,862
2022-02-20,Inyo,027,18085,4033,4018,459,4477,52
2022-02-20,Kern,029,883053,189715,187158,45648,232806,2095
2022-02-20,Kings,031,150075,50711,49724,3562,53286,421
2022-02-20,Lake,033,64148,10401,10184,873,11057,126
2022-02-20,Lassen,035,31185,8791,8640,876,9516,55
2022-02-20,Los Angeles,037,10098052,2680109,2642878,122987,2765865,29842
2022-02-20,Madera,039,155013,36778,36526,5977,42503,330
2022-02-20,Marin,041,260295,32683,32441,2169,34610,258
2022-02-20,Mariposa,043,17540,2329,2310,193,2503,6
2022-02-20,Mendocino,045,87422,12810,12625,2937,15562,110
2022-02-20,Merced,047,269075,61367,60886,8448,69334,769
2022-02-20,Modoc,049,8938,724,714,248,962,6
2022-02-20,Mono,051,14174,2954,2956,119,3075,5
2022-02-20,Monterey,053,433212,78247,76765,13226,89991,682
2022-02-20,Napa,055,140530,25128,24970,934,25904,127
2022-02-20,Nevada,057,99092,15713,15715,1163,16878,121
2022-02-20,Orange,059,3164182,540556,538019,40806,578825,6416
2022-02-20,Placer,061,380077,61864,61417,7299,68716,560
2022-02-20,Plumas,063,18699,2924,2646,350,2996,13
2022-02-20,Riverside,065,2383286,586135,581788,27695,609483,6087
2022-02-20,Sacramento,067,1510023,277123,270080,26768,296848,2747
2022-02-20,San Benito,069,59416,12745,12665,507,13172,92
2022-02-20,San Bernardino,071,2135413,562277,553151,24809,577960,6400
2022-02-20,San Diego,073,3302833,741839,729549,51315,780864,4947
2022-02-20,San Francisco,075,870044,120781,121197,8107,129304,756
2022-02-20,San Joaquin,077,732212,164322,163083,9849,172932,2033
2022-02-20,San Luis Obispo,079,281455,51414,50823,3674,54497,424
2022-02-20,San Mateo,081,765935,119059,116648,6824,123472,598
2022-02-20,Santa Barbara,083,443738,84586,83988,4699,88687,642
2022-02-20,Santa Clara,085,1922200,304031,303077,12165,315242,2138
2022-02-20,Santa Cruz,087,273765,46312,45532,2090,47622,250
2022-02-20,Shasta,089,179085,30039,29847,6032,35879,479
2022-02-20,Sierra,091,2930,271,269,46,315,0
2022-02-20,Siskiyou,093,43540,4364,4307,2686,6993,70
2022-02-20,Solano,095,438530,79880,78914,5458,84372,424
2022-02-20,Sonoma,097,501317,81892,80843,2514,83357,431
2022-02-20,Stanislaus,099,539301,116005,115976,17225,133201,1454
2022-02-20,Sutter,101,95872,20173,20060,2009,22069,210
2022-02-20,Tehama,103,63373,11886,11760,2598,14358,152
2022-02-20,Trinity,105,12862,1169,1130,291,1421,20
2022-02-20,Tulare,107,460477,105279,101996,28088,130084,1286
2022-02-20,Tuolumne,109,53932,12429,12036,548,12584,175
2022-02-20,Ventura,111,848112,171147,170331,9210,179541,1384
2022-02-20,Yolo,113,214977,36232,35363,3083,38446,293
2022-02-20,Yuba,115,75493,15584,15449,1164,16613,112
2022-02-19,Alameda,001,1643700,250353,246028,13546,259574,1700
2022-02-19,Alpine,003,1148,122,124,1,125,0
2022-02-19,Amador,005,37829,8316,8203,640,8843,79
2022-02-19,Butte,007,227075,32450,32173,6496,38669,364
2022-02-19,Calaveras,009,45235,7151,7136,343,7479,107
2022-02-19,Colusa,011,21464,3407,3389,1058,4447,21
2022-02-19,Contra Costa,013,1133247,185044,182797,12852,195649,1190
2022-02-19,Del Norte,015,27424,5566,5511,176,5687,45
2022-02-19,El Dorado,017,186661,26330,26101,3170,29271,189
2022-02-19,Fresno,019,978130,227708,223594,23621,247215,2544
2022-02-19,Glenn,021,27897,4913,4881,1589,6470,39
2022-02-19,Humboldt,023,135768,16488,16393,2876,19269,132
2022-02-19,Imperial,025,180216,54721,53967,10667,64634,862
2022-02-19,Inyo,027,18085,4032,4018,458,4476,52
2022-02-19,Kern,029,883053,189616,187158,45623,232781,2095
2022-02-19,Kings,031,150075,50688,49724,3560,53284,421
2022-02-19,Lake,033,64148,10393,10184,873,11057,126
2022-02-19,Lassen,035,31185,8779,8640,875,9515,55
2022-02-19,Los Angeles,037,10098052,2679321,2642878,122946,2765824,29842
2022-02-19,Madera,039,155013,36756,36526,5976,42502,330
2022-02-19,Marin,041,260295,32660,32441,2168,34609,258
2022-02-19,Mariposa,043,17540,2326,2310,193,2503,6
2022-02-19,Mendocino,045,87422,12800,12625,2937,15562,110
2022-02-19,Merced,047,269075,61322,60886,8444,69330,769
2022-02-19,Modoc,049,8938,724,714,247,961,6
2022-02-19,Mono,051,14174,2953,2956,119,3075,5
2022-02-19,Monterey,053,433212,78158,76765,13215,89980,682
2022-02-19,Napa,055,140530,25118,24970,934,25904,127
2022-02-19,Nevada,057,99092,15705,15715,1163,16878,121
2022-02-19,Orange,059,3164182,540356,538019,40781,578800,6416
2022-02-19,Placer,061,380077,61818,61417,7298,68715,560
2022-02-19,Plumas,063,18699,2923,2646,350,2996,13
2022-02-19,Riverside,065,2383286,585956,581788,27682,609470,6087
2022-02-19,Sacramento,067,1510023,276983,270080,26757,296837,2747
2022-02-19,San Benito,069,59416,12732,12665,506,13171,92
2022-02-19,San Bernardino,071,2135413,562113,553151,24802,577953,6400
2022-02-19,San Diego,073,3302833,741482,729549,51273,780822,4947
2022-02-19,San Francisco,075,870044,120695,121197,8103,129300,756
2022-02-19,San Joaquin,077,732212,164246,163083,9838,172921,2033
2022-02-19,San Luis Obispo,079,281455,51402,50823,3670,54493,424
2022-02-19,San Mateo,081,765935,119019,116648,6822,123470,598
2022-02-19,Santa Barbara,083,443738,84517,83988,4698,88686,642
2022-02-19,Santa Clara,085,1922200,303837,303077,12163,315240,2138
2022-02-19,Santa Cruz,087,273765,46274,45532,2088,47620,250
2022-02-19,Shasta,089,179085,30025,29847,6029,35876,479
2022-02-19,Sierra,091,2930,271,269,46,315,0
2022-02-19,Siskiyou,093,43540,4362,4307,2686,6993,70
2022-02-19,Solano,095,438530,79838,78914,5457,84371,424
2022-02-19,Sonoma,097,501317,81848,80843,2514,83357,431
2022-02-19,Stanislaus,099,539301,115935,115976,17219,133195,1454
2022-02-19,Sutter,101,95872,20165,20060,2009,22069,210
2022-02-19,Tehama,103,63373,11879,11760,2598,14358,152
2022-02-19,Trinity,105,12862,1167,1130,291,1421,20
2022-02-19,Tulare,107,460477,105231,101996,28062,130058,1286
2022-02-19,Tuolumne,109,53932,12421,12036,548,12584,175
2022-02-19,Ventura,111,848112,171072,170331,9206,179537,1384
2022-02-19,Yolo,113,214977,36201,35363,3079,38442,293
2022-02-19,Yuba,115,75493,15575,15449,1164,16613,112
2022-02-18,Alameda,001,1643700,250188,246028,13538,259566,1700
2022-02-18,Alpine,003,1148,121,124,1,125,0
2022-02-18,Amador,005,37829,8308,8203,638,8841,79
2022-02-18,Butte,007,227075,32430,32173,6490,38663,364
2022-02-18,Calaveras,009,45235,7146,7136,342,7478,107
2022-02-18,Colusa,011,21464,3405,3389,1058,4447,21
2022-02-18,Contra Costa,013,1133247,184937,182797,12846,195643,1190
2022-02-18,Del Norte,015,27424,5555,5511,176,5687,45
2022-02-18,El Dorado,017,186661,26319,26101,3169,29270,189
2022-02-18,Fresno,019,978130,227521,223594,23610,247204,2544
2022-02-18,Glenn,021,27897,4912,4881,1588,6469,39
2022-02-18,Humboldt,023,135768,16471,16393,2871,19264,132
2022-02-18,Imperial,025,180216,54698,53967,10656,64623,862
2022-02-18,Inyo,027,18085,4031,4018,458,4476,52
2022-02-18,Kern,029,883053,189501,187158,45578,232736,2095
2022-02-18,Kings,031,150075,50600,49724,3560,53284,421
2022-02-18,Lake,033,64148,10376,10184,871,11055,126
2022-02-18,Lassen,035,31185,8759,8640,874,9514,55
2022-02-18,Los Angeles,037,10098052,2678346,2642878,122891,2765769,29842
2022-02-18,Madera,039,155013,36733,36526,5974,42500,330
2022-02-18,Marin,041,260295,32642,32441,2166,34607,258
2022-02-18,Mariposa,043,17540,2324,2310,193,2503,6
2022-02-18,Mendocino,045,87422,12789,12625,2937,15562,110
2022-02-18,Merced,047,269075,61278,60886,8434,69320,769
2022-02-18,Modoc,049,8938,724,714,247,961,6
2022-02-18,Mono,051,14174,2953,2956,119,3075,5
2022-02-18,Monterey,053,433212,78086,76765,13207,89972,682
2022-02-18,Napa,055,140530,25100,24970,934,25904,127
2022-02-18,Nevada,057,99092,15697,15715,1163,16878,121
2022-02-18,Orange,059,3164182,540119,538019,40742,578761,6416
2022-02-18,Placer,061,380077,61788,61417,7290,68707,560
2022-02-18,Plumas,063,18699,2920,2646,350,2996,13
2022-02-18,Riverside,065,2383286,585774,581788,27673,609461,6087
2022-02-18,Sacramento,067,1510023,276788,270080,26749,296829,2747
2022-02-18,San Benito,069,59416,12724,12665,506,13171,92
2022-02-18,San Bernardino,071,2135413,561930,553151,24797,577948,6400
2022-02-18,San Diego,073,3302833,741049,729549,51250,780799,4947
2022-02-18,San Francisco,075,870044,120607,121197,8095,129292,756
2022-02-18,San Joaquin,077,732212,164179,163083,9830,172913,2033
2022-02-18,San Luis Obispo,079,281455,51386,50823,3667,54490,424
2022-02-18,San Mateo,081,765935,118954,116648,6819,123467,598
2022-02-18,Santa Barbara,083,443738,84477,83988,4696,88684,642
2022-02-18,Santa Clara,085,1922200,303599,303077,12162,315239,2138
2022-02-18,Santa Cruz,087,273765,46240,45532,2087,47619,250
2022-02-18,Shasta,089,179085,30013,29847,6028,35875,479
2022-02-18,Sierra,091,2930,271,269,46,315,0
2022-02-18,Siskiyou,093,43540,4359,4307,2684,6991,70
2022-02-18,Solano,095,438530,79768,78914,5456,84370,424
2022-02-18,Sonoma,097,501317,81790,80843,2513,83356,431
2022-02-18,Stanislaus,099,539301,115885,115976,17205,133181,1454
2022-02-18,Sutter,101,95872,20154,20060,2009,22069,210
2022-02-18,Tehama,103,63373,11868,11760,2598,14358,152
2022-02-18,Trinity,105,12862,1166,1130,290,1420,20
2022-02-18,Tulare,107,460477,105189,101996,28018,130014,1286
2022-02-18,Tuolumne,109,53932,12415,12036,547,12583,175
2022-02-18,Ventura,111,848112,170981,170331,9202,179533,1384
2022-02-18,Yolo,113,214977,36173,35363,3077,38440,293
2022-02-18,Yuba,115,75493,15562,15449,1164,16613,112
2022-02-17,Alameda,001,1643700,249926,246028,13517,259545,1700
2022-02-17,Alpine,003,1148,121,124,1,125,0
2022-02-17,Amador,005,37829,8304,8203,636,8839,79
2022-02-17,Butte,007,227075,32392,32173,6485,38658,364
2022-02-17,Calaveras,009,45235,7137,7136,339,7475,107
2022-02-17,Colusa,011,21464,3402,3389,1058,4447,21
2022-02-17,Contra Costa,013,1133247,184743,182797,12812,195609,1190
2022-02-17,Del Norte,015,27424,5534,5511,176,5687,45
2022-02-17,El Dorado,017,186661,26294,26101,3159,29260,189
2022-02-17,Fresno,019,978130,227230,223594,23579,247173,2544
2022-02-17,Glenn,021,27897,4910,4881,1585,6466,39
2022-02-17,Humboldt,023,135768,16430,16393,2870,19263,132
2022-02-17,Imperial,025,180216,54624,53967,10639,64606,862
2022-02-17,Inyo,027,18085,4030,4018,457,4475,52
2022-02-17,Kern,029,883053,189348,187158,45528,232686,2095
2022-02-17,Kings,031,150075,50535,49724,3554,53278,421
2022-02-17,Lake,033,64148,10346,10184,867,11051,126
2022-02-17,Lassen,035,31185,8749,8640,872,9512,55
2022-02-17,Los Angeles,037,10098052,2676500,2642878,122810,2765688,29842
2022-02-17,Madera,039,155013,36690,36526,5967,42493,330
2022-02-17,Marin,041,260295,32616,32441,2164,34605,258
2022-02-17,Mariposa,043,17540,2321,2310,192,2502,6
2022-02-17,Mendocino,045,87422,12772,12625,2934,15559,110
2022-02-17,Merced,047,269075,61202,60886,8416,69302,769
2022-02-17,Modoc,049,8938,723,714,247,961,6
2022-02-17,Mono,051,14174,2951,2956,119,3075,5
2022-02-17,Monterey,053,433212,77974,76765,13165,89930,682
2022-02-17,Napa,055,140530,25069,24970,932,25902,127
2022-02-17,Nevada,057,99092,15685,15715,1162,16877,121
2022-02-17,Orange,059,3164182,539783,538019,40714,578733,6416
2022-02-17,Placer,061,380077,61748,61417,7282,68699,560
2022-02-17,Plumas,063,18699,2917,2646,350,2996,13
2022-02-17,Riverside,065,2383286,585386,581788,27646,609434,6087
2022-02-17,Sacramento,067,1510023,276498,270080,26701,296781,2747
2022-02-17,San Benito,069,59416,12713,12665,506,13171,92
2022-02-17,San Bernardino,071,2135413,561629,553151,24783,577934,6400
2022-02-17,San Diego,073,3302833,740432,729549,51204,780753,4947
2022-02-17,San Francisco,075,870044,120472,121197,8084,129281,756
2022-02-17,San Joaquin,077,732212,164017,163083,9816,172899,2033
2022-02-17,San Luis Obispo,079,281455,51281,50823,3659,54482,424
2022-02-17,San Mateo,081,765935,118860,116648,6810,123458,598
2022-02-17,Santa Barbara,083,443738,84375,83988,4688,88676,642
2022-02-17,Santa Clara,085,1922200,303237,303077,12147,315224,2138
2022-02-17,Santa Cruz,087,273765,46159,45532,2085,47617,250
2022-02-17,Shasta,089,179085,29985,29847,6025,35872,479
2022-02-17,Sierra,091,2930,271,269,46,315,0
2022-02-17,Siskiyou,093,43540,4350,4307,2680,6987,70
2022-02-17,Solano,095,438530,79687,78914,5449,84363,424
2022-02-17,Sonoma,097,501317,81723,80843,2506,83349,431
2022-02-17,Stanislaus,099,539301,115781,115976,17188,133164,1454
2022-02-17,Sutter,101,95872,20139,20060,2001,22061,210
2022-02-17,Tehama,103,63373,11859,11760,2597,14357,152
2022-02-17,Trinity,105,12862,1164,1130,288,1418,20
2022-02-17,Tulare,107,460477,105073,101996,27992,129988,1286
2022-02-17,Tuolumne,109,53932,12404,12036,547,12583,175
2022-02-17,Ventura,111,848112,170841,170331,9201,179532,1384
2022-02-17,Yolo,113,214977,36135,35363,3076,38439,293
2022-02-17,Yuba,115,75493,15547,15449,1164,16613,112
2022-02-16,Alameda,001,1643700,249610,245662,13478,259140,1691
2022-02-16,Alpine,003,1148,121,124,1,125,0
2022-02-16,Amador,005,37829,8286,8197,634,8831,77
2022-02-16,Butte,007,227075,32350,32095,6473,38568,363
2022-02-16,Calaveras,009,45235,7131,7129,336,7465,107
2022-02-16,Colusa,011,21464,3397,3384,1058,4442,21
2022-02-16,Contra Costa,013,1133247,184507,182423,12775,195198,1179
2022-02-16,Del Norte,015,27424,5513,5473,172,5645,45
2022-02-16,El Dorado,017,186661,26266,26061,3155,29216,189
2022-02-16,Fresno,019,978130,226869,223056,23528,246584,2542
2022-02-16,Glenn,021,27897,4906,4873,1580,6453,39
2022-02-16,Humboldt,023,135768,16405,16342,2859,19201,132
2022-02-16,Imperial,025,180216,54545,53901,10608,64509,861
2022-02-16,Inyo,027,18085,4026,4013,454,4467,52
2022-02-16,Kern,029,883053,189130,186740,45437,232177,2084
2022-02-16,Kings,031,150075,50482,49575,3545,53120,420
2022-02-16,Lake,033,64148,10319,10145,867,11012,125
2022-02-16,Lassen,035,31185,8716,8618,872,9490,55
2022-02-16,Los Angeles,037,10098052,2674391,2640005,122697,2762702,29749
2022-02-16,Madera,039,155013,36622,36382,5952,42334,330
2022-02-16,Marin,041,260295,32580,32381,2161,34542,257
2022-02-16,Mariposa,043,17540,2319,2305,192,2497,6
2022-02-16,Mendocino,045,87422,12750,12605,2924,15529,108
2022-02-16,Merced,047,269075,61136,60776,8383,69159,767
2022-02-16,Modoc,049,8938,723,711,243,954,6
2022-02-16,Mono,051,14174,2949,2953,119,3072,5
2022-02-16,Monterey,053,433212,77826,76624,13124,89748,682
2022-02-16,Napa,055,140530,25030,24897,929,25826,128
2022-02-16,Nevada,057,99092,15669,15677,1158,16835,121
2022-02-16,Orange,059,3164182,539380,537934,40669,578603,6392
2022-02-16,Placer,061,380077,61705,61278,7269,68547,556
2022-02-16,Plumas,063,18699,2914,2644,348,2992,13
2022-02-16,Riverside,065,2383286,584993,580828,27599,608427,6064
2022-02-16,Sacramento,067,1510023,276174,269416,26645,296061,2736
2022-02-16,San Benito,069,59416,12686,12644,506,13150,92
2022-02-16,San Bernardino,071,2135413,561355,552353,24758,577111,6379
2022-02-16,San Diego,073,3302833,739647,728610,51131,779741,4931
2022-02-16,San Francisco,075,870044,120300,120987,8079,129066,756
2022-02-16,San Joaquin,077,732212,163849,162752,9806,172558,2032
2022-02-16,San Luis Obispo,079,281455,51211,50704,3646,54350,425
2022-02-16,San Mateo,081,765935,118742,116438,6792,123230,595
2022-02-16,Santa Barbara,083,443738,84300,83968,4675,88643,642
2022-02-16,Santa Clara,085,1922200,302857,302439,12112,314551,2130
2022-02-16,Santa Cruz,087,273765,46070,45274,2083,47357,250
2022-02-16,Shasta,089,179085,29946,29767,6013,35780,477
2022-02-16,Sierra,091,2930,270,269,46,315,0
2022-02-16,Siskiyou,093,43540,4343,4302,2674,6976,71
2022-02-16,Solano,095,438530,79572,78742,5442,84184,422
2022-02-16,Sonoma,097,501317,81602,80642,2496,83138,431
2022-02-16,Stanislaus,099,539301,115662,115751,17157,132908,1443
2022-02-16,Sutter,101,95872,20122,20020,1998,22018,210
2022-02-16,Tehama,103,63373,11842,11738,2595,14333,152
2022-02-16,Trinity,105,12862,1164,1130,287,1417,20
2022-02-16,Tulare,107,460477,104949,101817,27939,129756,1281
2022-02-16,Tuolumne,109,53932,12392,11991,546,12537,171
2022-02-16,Ventura,111,848112,170705,170117,9193,179310,1372
2022-02-16,Yolo,113,214977,36084,35284,3073,38357,292
2022-02-16,Yuba,115,75493,15525,15405,1161,16566,110
2022-02-15,Alameda,001,1643700,249261,245265,13449,258714,1683
2022-02-15,Alpine,003,1148,121,124,1,125,0
2022-02-15,Amador,005,37829,8275,8183,633,8816,77
2022-02-15,Butte,007,227075,32301,32011,6459,38470,361
2022-02-15,Calaveras,009,45235,7122,7115,336,7451,106
2022-02-15,Colusa,011,21464,3389,3374,1057,4431,21
2022-02-15,Contra Costa,013,1133247,184250,182041,12743,194784,1179
2022-02-15,Del Norte,015,27424,5486,5439,170,5609,45
2022-02-15,El Dorado,017,186661,26247,25988,3150,29138,189
2022-02-15,Fresno,019,978130,226491,222673,23463,246136,2543
2022-02-15,Glenn,021,27897,4897,4862,1579,6441,39
2022-02-15,Humboldt,023,135768,16362,16297,2844,19141,132
2022-02-15,Imperial,025,180216,54481,53813,10593,64406,860
2022-02-15,Inyo,027,18085,4025,4009,453,4462,52
2022-02-15,Kern,029,883053,188912,186324,45346,231670,2072
2022-02-15,Kings,031,150075,50388,49473,3536,53009,418
2022-02-15,Lake,033,64148,10286,10112,861,10973,123
2022-02-15,Lassen,035,31185,8701,8587,870,9457,55
2022-02-15,Los Angeles,037,10098052,2672135,2638266,122562,2760828,29691
2022-02-15,Madera,039,155013,36557,36260,5931,42191,330
2022-02-15,Marin,041,260295,32538,32355,2159,34514,255
2022-02-15,Mariposa,043,17540,2318,2302,192,2494,6
2022-02-15,Mendocino,045,87422,12733,12580,2905,15485,108
2022-02-15,Merced,047,269075,61053,60674,8352,69026,763
2022-02-15,Modoc,049,8938,721,710,240,950,6
2022-02-15,Mono,051,14174,2948,2952,119,3071,5
2022-02-15,Monterey,053,433212,77700,75530,13064,88594,682
2022-02-15,Napa,055,140530,24980,24832,922,25754,127
2022-02-15,Nevada,057,99092,15642,15643,1157,16800,121
2022-02-15,Orange,059,3164182,538921,537478,40625,578103,6374
2022-02-15,Placer,061,380077,61644,61170,7258,68428,554
2022-02-15,Plumas,063,18699,2910,2638,348,2986,13
2022-02-15,Riverside,065,2383286,584499,579940,27539,607479,6049
2022-02-15,Sacramento,067,1510023,275788,268950,26565,295515,2721
2022-02-15,San Benito,069,59416,12667,12616,506,13122,91
2022-02-15,San Bernardino,071,2135413,560984,551803,24736,576539,6372
2022-02-15,San Diego,073,3302833,738658,727486,51040,778526,4914
2022-02-15,San Francisco,075,870044,120128,120759,8067,128826,756
2022-02-15,San Joaquin,077,732212,163632,162518,9792,172310,2021
2022-02-15,San Luis Obispo,079,281455,51110,50534,3631,54165,419
2022-02-15,San Mateo,081,765935,118606,116253,6770,123023,595
2022-02-15,Santa Barbara,083,443738,84162,83734,4661,88395,640
2022-02-15,Santa Clara,085,1922200,302365,301831,12073,313904,2130
2022-02-15,Santa Cruz,087,273765,45966,45171,2078,47249,250
2022-02-15,Shasta,089,179085,29897,29684,5999,35683,477
2022-02-15,Sierra,091,2930,270,269,46,315,0
2022-02-15,Siskiyou,093,43540,4336,4288,2667,6955,70
2022-02-15,Solano,095,438530,79439,78626,5435,84061,426
2022-02-15,Sonoma,097,501317,81482,80433,2490,82923,431
2022-02-15,Stanislaus,099,539301,115524,115549,17124,132673,1429
2022-02-15,Sutter,101,95872,20094,19980,1993,21973,208
2022-02-15,Tehama,103,63373,11825,11717,2593,14310,151
2022-02-15,Trinity,105,12862,1158,1125,284,1409,20
2022-02-15,Tulare,107,460477,104796,101645,27880,129525,1278
2022-02-15,Tuolumne,109,53932,12372,11945,544,12489,171
2022-02-15,Ventura,111,848112,170533,169942,9185,179127,1372
2022-02-15,Yolo,113,214977,36033,35241,3063,38304,289
2022-02-15,Yuba,115,75493,15496,15372,1156,16528,109
2022-02-14,Alameda,001,1643700,248823,244315,13416,257731,1677
2022-02-14,Alpine,003,1148,121,125,1,126,0
2022-02-14,Amador,005,37829,8260,8164,630,8794,77
2022-02-14,Butte,007,227075,32244,31946,6445,38391,360
2022-02-14,Calaveras,009,45235,7110,7097,334,7431,106
2022-02-14,Colusa,011,21464,3386,3367,1053,4420,21
2022-02-14,Contra Costa,013,1133247,183962,181753,12704,194457,1167
2022-02-14,Del Norte,015,27424,5464,5426,169,5595,45
2022-02-14,El Dorado,017,186661,26213,25915,3142,29057,188
2022-02-14,Fresno,019,978130,226006,222360,23373,245733,2538
2022-02-14,Glenn,021,27897,4891,4854,1579,6433,39
2022-02-14,Humboldt,023,135768,16321,16264,2819,19083,132
2022-02-14,Imperial,025,180216,54409,53765,10564,64329,860
2022-02-14,Inyo,027,18085,4024,4010,452,4462,52
2022-02-14,Kern,029,883053,188566,186037,45237,231274,2063
2022-02-14,Kings,031,150075,50284,49395,3527,52922,419
2022-02-14,Lake,033,64148,10251,10090,858,10948,123
2022-02-14,Lassen,035,31185,8690,8539,868,9407,55
2022-02-14,Los Angeles,037,10098052,2669537,2636064,122433,2758497,29650
2022-02-14,Madera,039,155013,36492,36194,5908,42102,330
2022-02-14,Marin,041,260295,32502,32304,2156,34460,255
2022-02-14,Mariposa,043,17540,2311,2295,192,2487,6
2022-02-14,Mendocino,045,87422,12706,12541,2873,15414,108
2022-02-14,Merced,047,269075,60963,60591,8307,68898,758
2022-02-14,Modoc,049,8938,716,707,240,947,6
2022-02-14,Mono,051,14174,2947,2954,119,3073,5
2022-02-14,Monterey,053,433212,77524,75407,12980,88387,678
2022-02-14,Napa,055,140530,24921,24776,922,25698,127
2022-02-14,Nevada,057,99092,15623,15629,1156,16785,121
2022-02-14,Orange,059,3164182,538414,536924,40559,577483,6355
2022-02-14,Placer,061,380077,61574,61123,7243,68366,554
2022-02-14,Plumas,063,18699,2908,2631,348,2979,13
2022-02-14,Riverside,065,2383286,583944,579174,27469,606643,5994
2022-02-14,Sacramento,067,1510023,275343,268547,26451,294998,2717
2022-02-14,San Benito,069,59416,12643,12598,505,13103,91
2022-02-14,San Bernardino,071,2135413,560552,551338,24716,576054,6372
2022-02-14,San Diego,073,3302833,737668,723902,50947,774849,4894
2022-02-14,San Francisco,075,870044,119938,120581,8057,128638,756
2022-02-14,San Joaquin,077,732212,163392,162363,9769,172132,2018
2022-02-14,San Luis Obispo,079,281455,50998,50465,3621,54086,416
2022-02-14,San Mateo,081,765935,118439,116129,6761,122890,592
2022-02-14,Santa Barbara,083,443738,84016,83697,4651,88348,636
2022-02-14,Santa Clara,085,1922200,301825,301319,12049,313368,2127
2022-02-14,Santa Cruz,087,273765,45802,45042,2074,47116,250
2022-02-14,Shasta,089,179085,29812,29595,5981,35576,474
2022-02-14,Sierra,091,2930,270,269,46,315,0
2022-02-14,Siskiyou,093,43540,4323,4278,2653,6931,69
2022-02-14,Solano,095,438530,79261,78533,5423,83956,427
2022-02-14,Sonoma,097,501317,81336,80336,2480,82816,431
2022-02-14,Stanislaus,099,539301,115346,115426,17078,132504,1406
2022-02-14,Sutter,101,95872,20065,19957,1987,21944,209
2022-02-14,Tehama,103,63373,11802,11686,2592,14278,151
2022-02-14,Trinity,105,12862,1155,1123,284,1407,20
2022-02-14,Tulare,107,460477,104589,101448,27779,129227,1276
2022-02-14,Tuolumne,109,53932,12341,11920,541,12461,170
2022-02-14,Ventura,111,848112,170355,169725,9173,178898,1361
2022-02-14,Yolo,113,214977,35975,35112,3053,38165,286
2022-02-14,Yuba,115,75493,15466,15375,1152,16527,108
2022-02-13,Alameda,001,1643700,248322,243681,13381,257062,1677
2022-02-13,Alpine,003,1148,121,125,1,126,0
2022-02-13,Amador,005,37829,8231,8146,627,8773,77
2022-02-13,Butte,007,227075,32170,31865,6421,38286,360
2022-02-13,Calaveras,009,45235,7102,7083,331,7414,106
2022-02-13,Colusa,011,21464,3382,3366,1051,4417,21
2022-02-13,Contra Costa,013,1133247,183595,181313,12639,193952,1159
2022-02-13,Del Norte,015,27424,5432,5379,169,5548,45
2022-02-13,El Dorado,017,186661,26177,25871,3133,29004,188
2022-02-13,Fresno,019,978130,225462,221686,23306,244992,2537
2022-02-13,Glenn,021,27897,4881,4847,1576,6423,39
2022-02-13,Humboldt,023,135768,16274,16210,2791,19001,132
2022-02-13,Imperial,025,180216,54310,53658,10526,64184,860
2022-02-13,Inyo,027,18085,4021,4006,450,4456,52
2022-02-13,Kern,029,883053,188320,185640,45150,230790,2063
2022-02-13,Kings,031,150075,50157,49243,3513,52756,416
2022-02-13,Lake,033,64148,10188,10042,850,10892,123
2022-02-13,Lassen,035,31185,8659,8503,866,9369,55
2022-02-13,Los Angeles,037,10098052,2666358,2631267,122289,2753556,29595
2022-02-13,Madera,039,155013,36374,36054,5879,41933,330
2022-02-13,Marin,041,260295,32431,32222,2149,34371,255
2022-02-13,Mariposa,043,17540,2305,2292,190,2482,6
2022-02-13,Mendocino,045,87422,12675,12521,2832,15353,108
2022-02-13,Merced,047,269075,60819,60460,8253,68713,758
2022-02-13,Modoc,049,8938,714,704,233,937,6
2022-02-13,Mono,051,14174,2945,2949,119,3068,5
2022-02-13,Monterey,053,433212,77316,75295,12905,88200,678
2022-02-13,Napa,055,140530,24843,24743,919,25662,127
2022-02-13,Nevada,057,99092,15588,15590,1149,16739,121
2022-02-13,Orange,059,3164182,537783,536134,40497,576631,6355
2022-02-13,Placer,061,380077,61497,61020,7219,68239,554
2022-02-13,Plumas,063,18699,2899,2626,345,2971,13
2022-02-13,Riverside,065,2383286,583346,578363,27424,605787,5995
2022-02-13,Sacramento,067,1510023,274834,267947,26318,294265,2699
2022-02-13,San Benito,069,59416,12610,12578,504,13082,91
2022-02-13,San Bernardino,071,2135413,560041,550632,24682,575314,6367
2022-02-13,San Diego,073,3302833,736498,723902,50839,774741,4894
2022-02-13,San Francisco,075,870044,119683,120295,8045,128340,756
2022-02-13,San Joaquin,077,732212,163080,162028,9740,171768,2018
2022-02-13,San Luis Obispo,079,281455,50853,50384,3613,53997,415
2022-02-13,San Mateo,081,765935,118216,115876,6736,122612,592
2022-02-13,Santa Barbara,083,443738,83851,83547,4643,88190,635
2022-02-13,Santa Clara,085,1922200,301177,300412,12012,312424,2114
2022-02-13,Santa Cruz,087,273765,45646,44887,2072,46959,240
2022-02-13,Shasta,089,179085,29730,29531,5956,35487,474
2022-02-13,Sierra,091,2930,270,269,46,315,0
2022-02-13,Siskiyou,093,43540,4316,4264,2637,6901,69
2022-02-13,Solano,095,438530,79105,78424,5398,83822,426
2022-02-13,Sonoma,097,501317,81168,80172,2468,82640,431
2022-02-13,Stanislaus,099,539301,115144,115156,17037,132193,1406
2022-02-13,Sutter,101,95872,20024,19900,1987,21887,209
2022-02-13,Tehama,103,63373,11774,11644,2587,14231,151
2022-02-13,Trinity,105,12862,1152,1120,281,1401,20
2022-02-13,Tulare,107,460477,104365,101135,27685,128820,1276
2022-02-13,Tuolumne,109,53932,12316,11891,536,12427,170
2022-02-13,Ventura,111,848112,170160,169422,9153,178575,1361
2022-02-13,Yolo,113,214977,35908,35057,3041,38098,286
2022-02-13,Yuba,115,75493,15432,15346,1150,16496,107
2022-02-12,Alameda,001,1643700,248102,242137,13367,255504,1668
2022-02-12,Alpine,003,1148,121,124,1,125,0
2022-02-12,Amador,005,37829,8225,8091,627,8718,76
2022-02-12,Butte,007,227075,32143,31601,6416,38017,360
2022-02-12,Calaveras,009,45235,7099,7022,330,7352,106
2022-02-12,Colusa,011,21464,3378,3345,1051,4396,21
2022-02-12,Contra Costa,013,1133247,183405,180270,12632,192902,1141
2022-02-12,Del Norte,015,27424,5412,5262,169,5431,45
2022-02-12,El Dorado,017,186661,26161,25692,3133,28825,188
2022-02-12,Fresno,019,978130,225250,219909,23289,243198,2509
2022-02-12,Glenn,021,27897,4880,4818,1575,6393,39
2022-02-12,Humboldt,023,135768,16251,16058,2787,18845,132
2022-02-12,Imperial,025,180216,54265,53304,10515,63819,860
2022-02-12,Inyo,027,18085,4019,3991,450,4441,52
2022-02-12,Kern,029,883053,188213,184639,45113,229752,2037
2022-02-12,Kings,031,150075,50117,48893,3506,52399,415
2022-02-12,Lake,033,64148,10167,9926,845,10771,123
2022-02-12,Lassen,035,31185,8636,8477,865,9342,55
2022-02-12,Los Angeles,037,10098052,2665215,2616426,122212,2738638,29364
2022-02-12,Madera,039,155013,36340,35710,5872,41582,330
2022-02-12,Marin,041,260295,32398,32048,2146,34194,255
2022-02-12,Mariposa,043,17540,2305,2286,190,2476,6
2022-02-12,Mendocino,045,87422,12659,12439,2832,15271,107
2022-02-12,Merced,047,269075,60767,60187,8248,68435,758
2022-02-12,Modoc,049,8938,714,697,233,930,6
2022-02-12,Mono,051,14174,2945,2939,119,3058,5
2022-02-12,Monterey,053,433212,77256,74842,12880,87722,672
2022-02-12,Napa,055,140530,24815,24530,919,25449,124
2022-02-12,Nevada,057,99092,15576,15499,1147,16646,119
2022-02-12,Orange,059,3164182,537494,534503,40461,574964,6305
2022-02-12,Placer,061,380077,61438,60636,7216,67852,554
2022-02-12,Plumas,063,18699,2898,2617,344,2961,13
2022-02-12,Riverside,065,2383286,582990,575566,27400,602966,5961
2022-02-12,Sacramento,067,1510023,274597,266347,26309,292656,2686
2022-02-12,San Benito,069,59416,12598,12526,504,13030,91
2022-02-12,San Bernardino,071,2135413,559806,548822,24669,573491,6360
2022-02-12,San Diego,073,3302833,735973,720287,50793,771080,4854
2022-02-12,San Francisco,075,870044,119562,119113,8034,127147,740
2022-02-12,San Joaquin,077,732212,162951,161234,9734,170968,2014
2022-02-12,San Luis Obispo,079,281455,50817,50064,3609,53673,416
2022-02-12,San Mateo,081,765935,118125,115235,6728,121963,589
2022-02-12,Santa Barbara,083,443738,83763,83390,4633,88023,631
2022-02-12,Santa Clara,085,1922200,300835,298176,12004,310180,2093
2022-02-12,Santa Cruz,087,273765,45610,44447,2070,46517,239
2022-02-12,Shasta,089,179085,29702,29370,5952,35322,473
2022-02-12,Sierra,091,2930,270,268,46,314,0
2022-02-12,Siskiyou,093,43540,4309,4231,2634,6865,68
2022-02-12,Solano,095,438530,79063,77865,5395,83260,424
2022-02-12,Sonoma,097,501317,81062,79533,2466,81999,431
2022-02-12,Stanislaus,099,539301,115018,114531,17025,131556,1406
2022-02-12,Sutter,101,95872,20009,19800,1987,21787,211
2022-02-12,Tehama,103,63373,11760,11580,2587,14167,151
2022-02-12,Trinity,105,12862,1151,1115,281,1396,20
2022-02-12,Tulare,107,460477,104268,100434,27646,128080,1273
2022-02-12,Tuolumne,109,53932,12298,11754,536,12290,125
2022-02-12,Ventura,111,848112,170052,168736,9148,177884,1340
2022-02-12,Yolo,113,214977,35867,34773,3038,37811,286
2022-02-12,Yuba,115,75493,15416,15242,1149,16391,107
2022-02-11,Alameda,001,1643700,247822,242137,13353,255490,1668
2022-02-11,Alpine,003,1148,121,124,1,125,0
2022-02-11,Amador,005,37829,8212,8091,627,8718,76
2022-02-11,Butte,007,227075,32099,31601,6405,38006,360
2022-02-11,Calaveras,009,45235,7096,7022,330,7352,106
2022-02-11,Colusa,011,21464,3376,3345,1050,4395,21
2022-02-11,Contra Costa,013,1133247,183201,180270,12613,192883,1141
2022-02-11,Del Norte,015,27424,5397,5262,168,5430,45
2022-02-11,El Dorado,017,186661,26141,25692,3132,28824,188
2022-02-11,Fresno,019,978130,224953,219909,23271,243180,2509
2022-02-11,Glenn,021,27897,4876,4818,1575,6393,39
2022-02-11,Humboldt,023,135768,16221,16058,2782,18840,132
2022-02-11,Imperial,025,180216,54235,53304,10504,63808,860
2022-02-11,Inyo,027,18085,4016,3991,445,4436,52
2022-02-11,Kern,029,883053,188050,184639,45059,229698,2037
2022-02-11,Kings,031,150075,50078,48893,3505,52398,415
2022-02-11,Lake,033,64148,10141,9926,843,10769,123
2022-02-11,Lassen,035,31185,8596,8477,865,9342,55
2022-02-11,Los Angeles,037,10098052,2663577,2616426,122123,2738549,29364
2022-02-11,Madera,039,155013,36298,35710,5867,41577,330
2022-02-11,Marin,041,260295,32365,32048,2143,34191,255
2022-02-11,Mariposa,043,17540,2300,2286,190,2476,6
2022-02-11,Mendocino,045,87422,12643,12439,2832,15271,107
2022-02-11,Merced,047,269075,60718,60187,8241,68428,758
2022-02-11,Modoc,049,8938,712,697,233,930,6
2022-02-11,Mono,051,14174,2944,2939,119,3058,5
2022-02-11,Monterey,053,433212,77137,74842,12866,87708,672
2022-02-11,Napa,055,140530,24787,24530,919,25449,124
2022-02-11,Nevada,057,99092,15562,15499,1144,16643,119
2022-02-11,Orange,059,3164182,537143,534503,40397,574900,6305
2022-02-11,Placer,061,380077,61388,60636,7214,67850,554
2022-02-11,Plumas,063,18699,2894,2617,342,2959,13
2022-02-11,Riverside,065,2383286,582568,575566,27384,602950,5961
2022-02-11,Sacramento,067,1510023,274329,266347,26297,292644,2686
2022-02-11,San Benito,069,59416,12593,12526,504,13030,91
2022-02-11,San Bernardino,071,2135413,559486,548822,24654,573476,6360
2022-02-11,San Diego,073,3302833,735256,720287,50736,771023,4854
2022-02-11,San Francisco,075,870044,119442,119113,8018,127131,740
2022-02-11,San Joaquin,077,732212,162782,161234,9722,170956,2014
2022-02-11,San Luis Obispo,079,281455,50780,50064,3605,53669,416
2022-02-11,San Mateo,081,765935,118007,115235,6719,121954,589
2022-02-11,Santa Barbara,083,443738,83679,83390,4632,88022,631
2022-02-11,Santa Clara,085,1922200,300413,298176,11984,310160,2093
2022-02-11,Santa Cruz,087,273765,45518,44447,2070,46517,239
2022-02-11,Shasta,089,179085,29671,29370,5944,35314,473
2022-02-11,Sierra,091,2930,269,268,45,313,0
2022-02-11,Siskiyou,093,43540,4298,4231,2628,6859,68
2022-02-11,Solano,095,438530,78939,77865,5390,83255,424
2022-02-11,Sonoma,097,501317,80973,79533,2461,81994,431
2022-02-11,Stanislaus,099,539301,114917,114531,17011,131542,1406
2022-02-11,Sutter,101,95872,19986,19800,1985,21785,211
2022-02-11,Tehama,103,63373,11747,11580,2586,14166,151
2022-02-11,Trinity,105,12862,1150,1115,280,1395,20
2022-02-11,Tulare,107,460477,104151,100434,27592,128026,1273
2022-02-11,Tuolumne,109,53932,12283,11754,534,12288,125
2022-02-11,Ventura,111,848112,169912,168736,9143,177879,1340
2022-02-11,Yolo,113,214977,35834,34773,3036,37809,286
2022-02-11,Yuba,115,75493,15400,15242,1148,16390,107
2022-02-10,Alameda,001,1643700,247288,242137,13306,255443,1668
2022-02-10,Alpine,003,1148,121,124,1,125,0
2022-02-10,Amador,005,37829,8201,8091,620,8711,76
2022-02-10,Butte,007,227075,32046,31601,6393,37994,360
2022-02-10,Calaveras,009,45235,7084,7022,328,7350,106
2022-02-10,Colusa,011,21464,3370,3345,1048,4393,21
2022-02-10,Contra Costa,013,1133247,182836,180270,12548,192818,1141
2022-02-10,Del Norte,015,27424,5367,5262,166,5428,45
2022-02-10,El Dorado,017,186661,26096,25692,3125,28817,188
2022-02-10,Fresno,019,978130,224364,219909,23182,243091,2509
2022-02-10,Glenn,021,27897,4871,4818,1573,6391,39
2022-02-10,Humboldt,023,135768,16171,16058,2760,18818,132
2022-02-10,Imperial,025,180216,54164,53304,10460,63764,860
2022-02-10,Inyo,027,18085,4012,3991,445,4436,52
2022-02-10,Kern,029,883053,187741,184639,44946,229585,2037
2022-02-10,Kings,031,150075,49966,48893,3494,52387,415
2022-02-10,Lake,033,64148,10110,9926,841,10767,123
2022-02-10,Lassen,035,31185,8582,8477,863,9340,55
2022-02-10,Los Angeles,037,10098052,2660415,2616426,121935,2738361,29364
2022-02-10,Madera,039,155013,36200,35710,5835,41545,330
2022-02-10,Marin,041,260295,32307,32048,2131,34179,255
2022-02-10,Mariposa,043,17540,2296,2286,189,2475,6
2022-02-10,Mendocino,045,87422,12621,12439,2808,15247,107
2022-02-10,Merced,047,269075,60590,60187,8185,68372,758
2022-02-10,Modoc,049,8938,711,697,232,929,6
2022-02-10,Mono,051,14174,2942,2939,118,3057,5
2022-02-10,Monterey,053,433212,76954,74842,12779,87621,672
2022-02-10,Napa,055,140530,24720,24530,917,25447,124
2022-02-10,Nevada,057,99092,15537,15499,1143,16642,119
2022-02-10,Orange,059,3164182,536492,534503,40327,574830,6305
2022-02-10,Placer,061,380077,61308,60636,7205,67841,554
2022-02-10,Plumas,063,18699,2891,2617,335,2952,13
2022-02-10,Riverside,065,2383286,581831,575566,27326,602892,5961
2022-02-10,Sacramento,067,1510023,273848,266347,26205,292552,2686
2022-02-10,San Benito,069,59416,12572,12526,502,13028,91
2022-02-10,San Bernardino,071,2135413,558935,548822,24622,573444,6360
2022-02-10,San Diego,073,3302833,734102,720287,50616,770903,4854
2022-02-10,San Francisco,075,870044,119229,119113,8000,127113,740
2022-02-10,San Joaquin,077,732212,162467,161234,9714,170948,2014
2022-02-10,San Luis Obispo,079,281455,50681,50064,3594,53658,416
2022-02-10,San Mateo,081,765935,117782,115235,6702,121937,589
2022-02-10,Santa Barbara,083,443738,83495,83390,4625,88015,631
2022-02-10,Santa Clara,085,1922200,299738,298176,11926,310102,2093
2022-02-10,Santa Cruz,087,273765,45373,44447,2069,46516,239
2022-02-10,Shasta,089,179085,29609,29370,5924,35294,473
2022-02-10,Sierra,091,2930,269,268,45,313,0
2022-02-10,Siskiyou,093,43540,4293,4231,2615,6846,68
2022-02-10,Solano,095,438530,78748,77865,5372,83237,424
2022-02-10,Sonoma,097,501317,80838,79533,2445,81978,431
2022-02-10,Stanislaus,099,539301,114736,114531,16967,131498,1406
2022-02-10,Sutter,101,95872,19947,19800,1970,21770,211
2022-02-10,Tehama,103,63373,11714,11580,2583,14163,151
2022-02-10,Trinity,105,12862,1147,1115,279,1394,20
2022-02-10,Tulare,107,460477,103949,100434,27511,127945,1273
2022-02-10,Tuolumne,109,53932,12260,11754,529,12283,125
2022-02-10,Ventura,111,848112,169632,168736,9128,177864,1340
2022-02-10,Yolo,113,214977,35756,34773,3030,37803,286
2022-02-10,Yuba,115,75493,15369,15242,1142,16384,107
2022-02-09,Alameda,001,1643700,246757,241141,13247,254388,1668
2022-02-09,Alpine,003,1148,120,124,1,125,0
2022-02-09,Amador,005,37829,8187,8069,615,8684,76
2022-02-09,Butte,007,227075,31953,31433,6377,37810,359
2022-02-09,Calaveras,009,45235,7066,7005,324,7329,106
2022-02-09,Colusa,011,21464,3367,3331,1047,4378,21
2022-02-09,Contra Costa,013,1133247,182483,179695,12501,192196,1132
2022-02-09,Del Norte,015,27424,5320,5204,165,5369,45
2022-02-09,El Dorado,017,186661,26059,25572,3114,28686,186
2022-02-09,Fresno,019,978130,223752,218989,23090,242079,2502
2022-02-09,Glenn,021,27897,4859,4804,1572,6376,39
2022-02-09,Humboldt,023,135768,16124,15929,2735,18664,131
2022-02-09,Imperial,025,180216,54060,53102,10387,63489,858
2022-02-09,Inyo,027,18085,4006,3989,444,4433,52
2022-02-09,Kern,029,883053,187364,184068,44831,228899,2021
2022-02-09,Kings,031,150075,49855,48718,3488,52206,410
2022-02-09,Lake,033,64148,10070,9880,836,10716,124
2022-02-09,Lassen,035,31185,8554,8459,862,9321,55
2022-02-09,Los Angeles,037,10098052,2656733,2611611,121799,2733410,29263
2022-02-09,Madera,039,155013,36102,35559,5802,41361,330
2022-02-09,Marin,041,260295,32256,31965,2124,34089,255
2022-02-09,Mariposa,043,17540,2293,2279,189,2468,6
2022-02-09,Mendocino,045,87422,12587,12378,2779,15157,107
2022-02-09,Merced,047,269075,60460,59952,8133,68085,755
2022-02-09,Modoc,049,8938,707,691,231,922,6
2022-02-09,Mono,051,14174,2940,2937,118,3055,5
2022-02-09,Monterey,053,433212,76754,74500,12688,87188,670
2022-02-09,Napa,055,140530,24675,24429,912,25341,123
2022-02-09,Nevada,057,99092,15517,15446,1141,16587,119
2022-02-09,Orange,059,3164182,535861,534316,40247,574563,6263
2022-02-09,Placer,061,380077,61211,60490,7185,67675,553
2022-02-09,Plumas,063,18699,2886,2609,331,2940,13
2022-02-09,Riverside,065,2383286,581090,573907,27279,601186,5911
2022-02-09,Sacramento,067,1510023,273275,265624,26085,291709,2673
2022-02-09,San Benito,069,59416,12548,12492,502,12994,91
2022-02-09,San Bernardino,071,2135413,558326,547768,24594,572362,6349
2022-02-09,San Diego,073,3302833,732731,717896,50508,768404,4832
2022-02-09,San Francisco,075,870044,118979,118550,7989,126539,731
2022-02-09,San Joaquin,077,732212,162163,160618,9704,170322,2014
2022-02-09,San Luis Obispo,079,281455,50536,49833,3589,53422,414
2022-02-09,San Mateo,081,765935,117593,114890,6661,121551,589
2022-02-09,Santa Barbara,083,443738,83316,82830,4619,87449,629
2022-02-09,Santa Clara,085,1922200,299018,297157,11868,309025,2090
2022-02-09,Santa Cruz,087,273765,45190,44200,2062,46262,239
2022-02-09,Shasta,089,179085,29539,29215,5903,35118,471
2022-02-09,Sierra,091,2930,268,268,44,312,0
2022-02-09,Siskiyou,093,43540,4279,4217,2609,6826,68
2022-02-09,Solano,095,438530,78557,77299,5360,82659,423
2022-02-09,Sonoma,097,501317,80664,79165,2438,81603,431
2022-02-09,Stanislaus,099,539301,114487,114039,16718,130757,1406
2022-02-09,Sutter,101,95872,19905,19758,1957,21715,207
2022-02-09,Tehama,103,63373,11687,11542,2579,14121,149
2022-02-09,Trinity,105,12862,1143,1110,278,1388,20
2022-02-09,Tulare,107,460477,103736,100049,27414,127463,1271
2022-02-09,Tuolumne,109,53932,12222,11702,526,12228,95
2022-02-09,Ventura,111,848112,169394,168253,9116,177369,1325
2022-02-09,Yolo,113,214977,35684,34588,3015,37603,285
2022-02-09,Yuba,115,75493,15338,15187,1130,16317,105
2022-02-08,Alameda,001,1643700,246123,240587,13173,253760,1651
2022-02-08,Alpine,003,1148,120,124,1,125,0
2022-02-08,Amador,005,37829,8179,8050,608,8658,76
2022-02-08,Butte,007,227075,31868,31353,6354,37707,359
2022-02-08,Calaveras,009,45235,7050,6981,322,7303,101
2022-02-08,Colusa,011,21464,3358,3320,1046,4366,21
2022-02-08,Contra Costa,013,1133247,182054,179078,12423,191501,1132
2022-02-08,Del Norte,015,27424,5294,5156,160,5316,44
2022-02-08,El Dorado,017,186661,26013,25446,3103,28549,186
2022-02-08,Fresno,019,978130,223012,218416,22984,241400,2502
2022-02-08,Glenn,021,27897,4842,4784,1568,6352,39
2022-02-08,Humboldt,023,135768,16064,15865,2702,18567,130
2022-02-08,Imperial,025,180216,53931,52977,10343,63320,855
2022-02-08,Inyo,027,18085,4001,3983,444,4427,52
2022-02-08,Kern,029,883053,187033,183519,44698,228217,2010
2022-02-08,Kings,031,150075,49693,48479,3476,51955,411
2022-02-08,Lake,033,64148,10040,9806,830,10636,125
2022-02-08,Lassen,035,31185,8545,8423,858,9281,55
2022-02-08,Los Angeles,037,10098052,2652421,2611204,121609,2732813,29259
2022-02-08,Madera,039,155013,35995,35381,5746,41127,330
2022-02-08,Marin,041,260295,32181,31878,2119,33997,255
2022-02-08,Mariposa,043,17540,2291,2266,181,2447,6
2022-02-08,Mendocino,045,87422,12554,12336,2748,15084,107
2022-02-08,Merced,047,269075,60352,59789,8074,67863,751
2022-02-08,Modoc,049,8938,703,684,231,915,6
2022-02-08,Mono,051,14174,2939,2932,118,3050,5
2022-02-08,Monterey,053,433212,76547,74316,12594,86910,670
2022-02-08,Napa,055,140530,24601,24346,905,25251,121
2022-02-08,Nevada,057,99092,15490,15383,1138,16521,117
2022-02-08,Orange,059,3164182,535176,533507,40159,573666,6205
2022-02-08,Placer,061,380077,61103,60301,7172,67473,553
2022-02-08,Plumas,063,18699,2875,2596,324,2920,13
2022-02-08,Riverside,065,2383286,580263,571892,27203,599095,5908
2022-02-08,Sacramento,067,1510023,272604,264479,25902,290381,2664
2022-02-08,San Benito,069,59416,12524,12434,500,12934,91
2022-02-08,San Bernardino,071,2135413,557638,544658,24549,569207,6335
2022-02-08,San Diego,073,3302833,731133,717896,50379,768275,4832
2022-02-08,San Francisco,075,870044,118667,117942,7980,125922,731
2022-02-08,San Joaquin,077,732212,161785,160147,9685,169832,2005
2022-02-08,San Luis Obispo,079,281455,50368,49556,3557,53113,410
2022-02-08,San Mateo,081,765935,117372,114541,6631,121172,589
2022-02-08,Santa Barbara,083,443738,83147,82461,4593,87054,627
2022-02-08,Santa Clara,085,1922200,298146,295679,11818,307497,2091
2022-02-08,Santa Cruz,087,273765,45038,43884,2057,45941,239
2022-02-08,Shasta,089,179085,29452,29084,5874,34958,470
2022-02-08,Sierra,091,2930,268,267,44,311,0
2022-02-08,Siskiyou,093,43540,4269,4191,2599,6790,68
2022-02-08,Solano,095,438530,78326,77031,5346,82377,421
2022-02-08,Sonoma,097,501317,80448,78798,2416,81214,431
2022-02-08,Stanislaus,099,539301,114234,113733,16642,130375,1406
2022-02-08,Sutter,101,95872,19866,19717,1945,21662,203
2022-02-08,Tehama,103,63373,11663,11491,2571,14062,149
2022-02-08,Trinity,105,12862,1137,1110,278,1388,20
2022-02-08,Tulare,107,460477,103450,99694,27278,126972,1267
2022-02-08,Tuolumne,109,53932,12200,11665,524,12189,92
2022-02-08,Ventura,111,848112,169159,167830,9100,176930,1325
2022-02-08,Yolo,113,214977,35602,34462,3001,37463,281
2022-02-08,Yuba,115,75493,15293,15126,1108,16234,107
2022-02-07,Alameda,001,1643700,245417,238678,13105,251783,1643
2022-02-07,Alpine,003,1148,120,124,1,125,0
2022-02-07,Amador,005,37829,8151,7980,600,8580,75
2022-02-07,Butte,007,227075,31781,31184,6328,37512,355
2022-02-07,Calaveras,009,45235,7028,6910,321,7231,100
2022-02-07,Colusa,011,21464,3348,3283,1040,4323,21
2022-02-07,Contra Costa,013,1133247,181597,177767,12351,190118,1130
2022-02-07,Del Norte,015,27424,5255,5093,155,5248,44
2022-02-07,El Dorado,017,186661,25951,25257,3091,28348,185
2022-02-07,Fresno,019,978130,222164,216495,22838,239333,2493
2022-02-07,Glenn,021,27897,4835,4762,1564,6326,39
2022-02-07,Humboldt,023,135768,15989,15764,2677,18441,129
2022-02-07,Imperial,025,180216,53819,52689,10274,62963,853
2022-02-07,Inyo,027,18085,3996,3976,438,4414,51
2022-02-07,Kern,029,883053,186562,182047,44527,226574,1998
2022-02-07,Kings,031,150075,49509,48147,3459,51606,403
2022-02-07,Lake,033,64148,9994,9519,822,10341,125
2022-02-07,Lassen,035,31185,8526,8362,852,9214,55
2022-02-07,Los Angeles,037,10098052,2647989,2607438,121398,2728836,29210
2022-02-07,Madera,039,155013,35870,35083,5696,40779,330
2022-02-07,Marin,041,260295,32115,31670,2108,33778,255
2022-02-07,Mariposa,043,17540,2286,2253,177,2430,6
2022-02-07,Mendocino,045,87422,12496,12237,2710,14947,107
2022-02-07,Merced,047,269075,60225,59472,7982,67454,748
2022-02-07,Modoc,049,8938,699,679,231,910,6
2022-02-07,Mono,051,14174,2937,2917,118,3035,5
2022-02-07,Monterey,053,433212,76295,69433,12485,81918,670
2022-02-07,Napa,055,140530,24515,23237,895,24132,120
2022-02-07,Nevada,057,99092,15456,15268,1132,16400,113
2022-02-07,Orange,059,3164182,534413,531442,40076,571518,6179
2022-02-07,Placer,061,380077,60979,59894,7157,67051,546
2022-02-07,Plumas,063,18699,2864,2573,315,2888,13
2022-02-07,Riverside,065,2383286,579323,568874,27116,595990,5868
2022-02-07,Sacramento,067,1510023,271927,262834,25710,288544,2631
2022-02-07,San Benito,069,59416,12486,12285,498,12783,90
2022-02-07,San Bernardino,071,2135413,556850,542846,24510,567356,6335
2022-02-07,San Diego,073,3302833,729390,716244,50196,766440,4811
2022-02-07,San Francisco,075,870044,118329,113945,7955,121900,727
2022-02-07,San Joaquin,077,732212,161404,159358,9665,169023,1998
2022-02-07,San Luis Obispo,079,281455,50200,48994,3536,52530,406
2022-02-07,San Mateo,081,765935,117088,107060,6602,113662,589
2022-02-07,Santa Barbara,083,443738,82960,81608,4578,86186,624
2022-02-07,Santa Clara,085,1922200,297196,293360,11770,305130,2085
2022-02-07,Santa Cruz,087,273765,44823,43244,2053,45297,239
2022-02-07,Shasta,089,179085,29363,28900,5847,34747,468
2022-02-07,Sierra,091,2930,268,265,44,309,0
2022-02-07,Siskiyou,093,43540,4258,4157,2583,6740,68
2022-02-07,Solano,095,438530,78069,73934,5320,79254,420
2022-02-07,Sonoma,097,501317,80191,78296,2405,80701,431
2022-02-07,Stanislaus,099,539301,113976,113029,16487,129516,1406
2022-02-07,Sutter,101,95872,19834,19599,1917,21516,203
2022-02-07,Tehama,103,63373,11622,11418,2563,13981,146
2022-02-07,Trinity,105,12862,1133,1109,275,1384,20
2022-02-07,Tulare,107,460477,103092,98774,27134,125908,1263
2022-02-07,Tuolumne,109,53932,12152,11578,520,12098,92
2022-02-07,Ventura,111,848112,168842,166904,9087,175991,1324
2022-02-07,Yolo,113,214977,35492,34007,2986,36993,281
2022-02-07,Yuba,115,75493,15247,14998,1101,16099,105
2022-02-06,Alameda,001,1643700,244511,237188,13021,250209,1643
2022-02-06,Alpine,003,1148,120,123,1,124,0
2022-02-06,Amador,005,37829,8122,7922,588,8510,73
2022-02-06,Butte,007,227075,31654,31021,6282,37303,355
2022-02-06,Calaveras,009,45235,7001,6870,316,7186,99
2022-02-06,Colusa,011,21464,3339,3282,1039,4321,21
2022-02-06,Contra Costa,013,1133247,180974,176863,12192,189055,1128
2022-02-06,Del Norte,015,27424,5199,5038,153,5191,44
2022-02-06,El Dorado,017,186661,25888,25165,3079,28244,185
2022-02-06,Fresno,019,978130,221322,214726,22576,237302,2489
2022-02-06,Glenn,021,27897,4822,4738,1554,6292,39
2022-02-06,Humboldt,023,135768,15902,15658,2637,18295,128
2022-02-06,Imperial,025,180216,53629,52396,10226,62622,853
2022-02-06,Inyo,027,18085,3994,3970,435,4405,51
2022-02-06,Kern,029,883053,186007,181188,44286,225474,1996
2022-02-06,Kings,031,150075,49287,47669,3433,51102,401
2022-02-06,Lake,033,64148,9926,9468,804,10272,125
2022-02-06,Lassen,035,31185,8507,8326,847,9173,55
2022-02-06,Los Angeles,037,10098052,2642464,2602620,121132,2723752,29180
2022-02-06,Madera,039,155013,35685,34901,5602,40503,330
2022-02-06,Marin,041,260295,32018,31488,2095,33583,255
2022-02-06,Mariposa,043,17540,2278,2244,166,2410,6
2022-02-06,Mendocino,045,87422,12453,12169,2640,14809,107
2022-02-06,Merced,047,269075,60006,59112,7820,66932,748
2022-02-06,Modoc,049,8938,694,675,230,905,6
2022-02-06,Mono,051,14174,2932,2901,116,3017,5
2022-02-06,Monterey,053,433212,75930,67912,12320,80232,670
2022-02-06,Napa,055,140530,24396,23230,887,24117,120
2022-02-06,Nevada,057,99092,15391,15192,1119,16311,113
2022-02-06,Orange,059,3164182,533462,527906,39974,567880,6171
2022-02-06,Placer,061,380077,60805,59507,7131,66638,544
2022-02-06,Plumas,063,18699,2850,2559,306,2865,13
2022-02-06,Riverside,065,2383286,578180,568276,27037,595313,5865
2022-02-06,Sacramento,067,1510023,271051,261353,25438,286791,2631
2022-02-06,San Benito,069,59416,12431,12186,490,12676,90
2022-02-06,San Bernardino,071,2135413,555884,541103,24440,565543,6334
2022-02-06,San Diego,073,3302833,727304,709938,49957,759895,4786
2022-02-06,San Francisco,075,870044,117947,113115,7928,121043,728
2022-02-06,San Joaquin,077,732212,160841,158510,9625,168135,1997
2022-02-06,San Luis Obispo,079,281455,49976,48843,3479,52322,405
2022-02-06,San Mateo,081,765935,116748,105556,6562,112118,587
2022-02-06,Santa Barbara,083,443738,82643,81118,4539,85657,623
2022-02-06,Santa Clara,085,1922200,296087,291732,11649,303381,2075
2022-02-06,Santa Cruz,087,273765,44509,42952,2038,44990,239
2022-02-06,Shasta,089,179085,29235,28762,5797,34559,468
2022-02-06,Sierra,091,2930,268,265,44,309,0
2022-02-06,Siskiyou,093,43540,4237,4118,2557,6675,68
2022-02-06,Solano,095,438530,77770,73475,5278,78753,419
2022-02-06,Sonoma,097,501317,79855,77887,2390,80277,431
2022-02-06,Stanislaus,099,539301,113577,112521,16342,128863,1406
2022-02-06,Sutter,101,95872,19790,19523,1874,21397,203
2022-02-06,Tehama,103,63373,11582,11366,2543,13909,146
2022-02-06,Trinity,105,12862,1132,1102,274,1376,20
2022-02-06,Tulare,107,460477,102652,98260,26929,125189,1262
2022-02-06,Tuolumne,109,53932,12101,11507,503,12010,92
2022-02-06,Ventura,111,848112,168466,166235,9076,175311,1323
2022-02-06,Yolo,113,214977,35352,33784,2970,36754,281
2022-02-06,Yuba,115,75493,15200,14917,1092,16009,104
2022-02-05,Alameda,001,1643700,244101,235698,13012,248710,1638
2022-02-05,Alpine,003,1148,120,124,1,125,0
2022-02-05,Amador,005,37829,8113,7855,585,8440,71
2022-02-05,Butte,007,227075,31601,30733,6268,37001,355
2022-02-05,Calaveras,009,45235,6985,6789,316,7105,99
2022-02-05,Colusa,011,21464,3332,3234,1037,4271,21
2022-02-05,Contra Costa,013,1133247,180705,175871,12176,188047,1115
2022-02-05,Del Norte,015,27424,5159,4978,151,5129,44
2022-02-05,El Dorado,017,186661,25858,24813,3077,27890,185
2022-02-05,Fresno,019,978130,220979,213539,22554,236093,2477
2022-02-05,Glenn,021,27897,4820,4691,1547,6238,39
2022-02-05,Humboldt,023,135768,15855,15514,2633,18147,127
2022-02-05,Imperial,025,180216,53568,52153,10213,62366,853
2022-02-05,Inyo,027,18085,3991,3948,435,4383,51
2022-02-05,Kern,029,883053,185800,180296,44181,224477,1987
2022-02-05,Kings,031,150075,49203,47538,3426,50964,402
2022-02-05,Lake,033,64148,9907,9289,797,10086,124
2022-02-05,Lassen,035,31185,8496,8288,845,9133,55
2022-02-05,Los Angeles,037,10098052,2640282,2572702,121005,2693707,28947
2022-02-05,Madera,039,155013,35632,34471,5590,40061,329
2022-02-05,Marin,041,260295,31971,31299,2091,33390,255
2022-02-05,Mariposa,043,17540,2277,2222,165,2387,6
2022-02-05,Mendocino,045,87422,12425,12066,2638,14704,107
2022-02-05,Merced,047,269075,59913,58908,7812,66720,744
2022-02-05,Modoc,049,8938,693,664,230,894,6
2022-02-05,Mono,051,14174,2931,2904,116,3020,5
2022-02-05,Monterey,053,433212,75814,67342,12276,79618,666
2022-02-05,Napa,055,140530,24341,22973,886,23859,118
2022-02-05,Nevada,057,99092,15370,15002,1114,16116,113
2022-02-05,Orange,059,3164182,533021,527516,39883,567399,6134
2022-02-05,Placer,061,380077,60681,59043,7117,66160,533
2022-02-05,Plumas,063,18699,2849,2550,305,2855,13
2022-02-05,Riverside,065,2383286,577581,563991,26966,590957,5827
2022-02-05,Sacramento,067,1510023,270653,259437,25400,284837,2610
2022-02-05,San Benito,069,59416,12386,12142,490,12632,90
2022-02-05,San Bernardino,071,2135413,555380,539312,24418,563730,6322
2022-02-05,San Diego,073,3302833,726435,703957,49884,753841,4735
2022-02-05,San Francisco,075,870044,117738,112481,7899,120380,720
2022-02-05,San Joaquin,077,732212,160655,157420,9614,167034,1989
2022-02-05,San Luis Obispo,079,281455,49939,48361,3477,51838,404
2022-02-05,San Mateo,081,765935,116561,104810,6554,111364,587
2022-02-05,Santa Barbara,083,443738,82481,80478,4527,85005,617
2022-02-05,Santa Clara,085,1922200,295435,289262,11633,300895,2067
2022-02-05,Santa Cruz,087,273765,44436,42553,2035,44588,239
2022-02-05,Shasta,089,179085,29193,28604,5787,34391,466
2022-02-05,Sierra,091,2930,268,262,44,306,0
2022-02-05,Siskiyou,093,43540,4230,4106,2544,6650,67
2022-02-05,Solano,095,438530,77695,73112,5270,78382,415
2022-02-05,Sonoma,097,501317,79691,77213,2386,79599,431
2022-02-05,Stanislaus,099,539301,113376,111783,16322,128105,1406
2022-02-05,Sutter,101,95872,19761,19406,1868,21274,203
2022-02-05,Tehama,103,63373,11563,11259,2536,13795,146
2022-02-05,Trinity,105,12862,1130,1085,274,1359,20
2022-02-05,Tulare,107,460477,102487,97414,26846,124260,1254
2022-02-05,Tuolumne,109,53932,12076,11409,500,11909,91
2022-02-05,Ventura,111,848112,168242,165532,9060,174592,1308
2022-02-05,Yolo,113,214977,35267,33614,2957,36571,281
2022-02-05,Yuba,115,75493,15170,14801,1084,15885,105
2022-02-04,Alameda,001,1643700,243616,235698,13002,248700,1638
2022-02-04,Alpine,003,1148,120,124,1,125,0
2022-02-04,Amador,005,37829,8097,7855,581,8436,71
2022-02-04,Butte,007,227075,31541,30733,6257,36990,355
2022-02-04,Calaveras,009,45235,6975,6789,314,7103,99
2022-02-04,Colusa,011,21464,3327,3234,1035,4269,21
2022-02-04,Contra Costa,013,1133247,180381,175871,12147,188018,1115
2022-02-04,Del Norte,015,27424,5139,4978,151,5129,44
2022-02-04,El Dorado,017,186661,25822,24813,3072,27885,185
2022-02-04,Fresno,019,978130,220499,213539,22520,236059,2477
2022-02-04,Glenn,021,27897,4811,4691,1544,6235,39
2022-02-04,Humboldt,023,135768,15830,15514,2630,18144,127
2022-02-04,Imperial,025,180216,53494,52153,10196,62349,853
2022-02-04,Inyo,027,18085,3988,3948,434,4382,51
2022-02-04,Kern,029,883053,185575,180296,44053,224349,1987
2022-02-04,Kings,031,150075,49127,47538,3419,50957,402
2022-02-04,Lake,033,64148,9885,9289,794,10083,124
2022-02-04,Lassen,035,31185,8473,8288,845,9133,55
2022-02-04,Los Angeles,037,10098052,2637649,2572702,120876,2693578,28947
2022-02-04,Madera,039,155013,35548,34471,5582,40053,329
2022-02-04,Marin,041,260295,31906,31299,2082,33381,255
2022-02-04,Mariposa,043,17540,2275,2222,163,2385,6
2022-02-04,Mendocino,045,87422,12394,12066,2636,14702,107
2022-02-04,Merced,047,269075,59834,58908,7802,66710,744
2022-02-04,Modoc,049,8938,693,664,230,894,6
2022-02-04,Mono,051,14174,2929,2904,116,3020,5
2022-02-04,Monterey,053,433212,75623,67342,12233,79575,666
2022-02-04,Napa,055,140530,24294,22973,882,23855,118
2022-02-04,Nevada,057,99092,15336,15002,1110,16112,113
2022-02-04,Orange,059,3164182,532471,527516,39826,567342,6134
2022-02-04,Placer,061,380077,60580,59043,7106,66149,533
2022-02-04,Plumas,063,18699,2843,2550,304,2854,13
2022-02-04,Riverside,065,2383286,576874,563991,26953,590944,5827
2022-02-04,Sacramento,067,1510023,270154,259437,25377,284814,2610
2022-02-04,San Benito,069,59416,12366,12142,488,12630,90
2022-02-04,San Bernardino,071,2135413,554807,539312,24396,563708,6322
2022-02-04,San Diego,073,3302833,725300,703957,49810,753767,4735
2022-02-04,San Francisco,075,870044,117495,112481,7874,120355,720
2022-02-04,San Joaquin,077,732212,160426,157420,9602,167022,1989
2022-02-04,San Luis Obispo,079,281455,49878,48361,3470,51831,404
2022-02-04,San Mateo,081,765935,116333,104810,6540,111350,587
2022-02-04,Santa Barbara,083,443738,82331,80478,4526,85004,617
2022-02-04,Santa Clara,085,1922200,294766,289262,11612,300874,2067
2022-02-04,Santa Cruz,087,273765,44231,42553,2031,44584,239
2022-02-04,Shasta,089,179085,29144,28604,5776,34380,466
2022-02-04,Sierra,091,2930,268,262,44,306,0
2022-02-04,Siskiyou,093,43540,4222,4106,2537,6643,67
2022-02-04,Solano,095,438530,77503,73112,5234,78346,415
2022-02-04,Sonoma,097,501317,79535,77213,2305,79518,431
2022-02-04,Stanislaus,099,539301,113193,111783,16295,128078,1406
2022-02-04,Sutter,101,95872,19737,19406,1861,21267,203
2022-02-04,Tehama,103,63373,11548,11259,2535,13794,146
2022-02-04,Trinity,105,12862,1129,1085,273,1358,20
2022-02-04,Tulare,107,460477,102301,97414,26763,124177,1254
2022-02-04,Tuolumne,109,53932,12063,11409,499,11908,91
2022-02-04,Ventura,111,848112,167973,165532,9052,174584,1308
2022-02-04,Yolo,113,214977,35174,33614,2950,36564,281
2022-02-04,Yuba,115,75493,15152,14801,1084,15885,105
2022-02-03,Alameda,001,1643700,242848,235698,12939,248637,1638
2022-02-03,Alpine,003,1148,120,124,1,125,0
2022-02-03,Amador,005,37829,8077,7855,576,8431,71
2022-02-03,Butte,007,227075,31432,30733,6229,36962,355
2022-02-03,Calaveras,009,45235,6944,6789,310,7099,99
2022-02-03,Colusa,011,21464,3314,3234,1033,4267,21
2022-02-03,Contra Costa,013,1133247,179785,175871,12046,187917,1115
2022-02-03,Del Norte,015,27424,5098,4978,148,5126,44
2022-02-03,El Dorado,017,186661,25749,24813,3066,27879,185
2022-02-03,Fresno,019,978130,219567,213539,22348,235887,2477
2022-02-03,Glenn,021,27897,4794,4691,1526,6217,39
2022-02-03,Humboldt,023,135768,15753,15514,2594,18108,127
2022-02-03,Imperial,025,180216,53352,52153,10145,62298,853
2022-02-03,Inyo,027,18085,3985,3948,430,4378,51
2022-02-03,Kern,029,883053,185111,180296,43837,224133,1987
2022-02-03,Kings,031,150075,48967,47538,3411,50949,402
2022-02-03,Lake,033,64148,9832,9289,788,10077,124
2022-02-03,Lassen,035,31185,8446,8288,844,9132,55
2022-02-03,Los Angeles,037,10098052,2632215,2572702,120608,2693310,28947
2022-02-03,Madera,039,155013,35409,34471,5536,40007,329
2022-02-03,Marin,041,260295,31810,31299,2077,33376,255
2022-02-03,Mariposa,043,17540,2263,2222,160,2382,6
2022-02-03,Mendocino,045,87422,12350,12066,2612,14678,107
2022-02-03,Merced,047,269075,59685,58908,7706,66614,744
2022-02-03,Modoc,049,8938,690,664,230,894,6
2022-02-03,Mono,051,14174,2924,2904,115,3019,5
2022-02-03,Monterey,053,433212,75336,67342,12034,79376,666
2022-02-03,Napa,055,140530,24161,22973,882,23855,118
2022-02-03,Nevada,057,99092,15295,15002,1099,16101,113
2022-02-03,Orange,059,3164182,531547,527516,39733,567249,6134
2022-02-03,Placer,061,380077,60380,59043,7083,66126,533
2022-02-03,Plumas,063,18699,2829,2550,300,2850,13
2022-02-03,Riverside,065,2383286,575676,563991,26881,590872,5827
2022-02-03,Sacramento,067,1510023,269198,259437,25183,284620,2610
2022-02-03,San Benito,069,59416,12339,12142,485,12627,90
2022-02-03,San Bernardino,071,2135413,553792,539312,24356,563668,6322
2022-02-03,San Diego,073,3302833,723289,703957,49648,753605,4735
2022-02-03,San Francisco,075,870044,117160,112481,7843,120324,720
2022-02-03,San Joaquin,077,732212,159944,157420,9573,166993,1989
2022-02-03,San Luis Obispo,079,281455,49679,48361,3453,51814,404
2022-02-03,San Mateo,081,765935,115982,104810,6506,111316,587
2022-02-03,Santa Barbara,083,443738,81973,80478,4497,84975,617
2022-02-03,Santa Clara,085,1922200,293602,289262,11501,300763,2067
2022-02-03,Santa Cruz,087,273765,43890,42553,2024,44577,239
2022-02-03,Shasta,089,179085,29037,28604,5748,34352,466
2022-02-03,Sierra,091,2930,268,262,44,306,0
2022-02-03,Siskiyou,093,43540,4207,4106,2520,6626,67
2022-02-03,Solano,095,438530,77174,73112,5216,78328,415
2022-02-03,Sonoma,097,501317,79238,77213,2298,79511,431
2022-02-03,Stanislaus,099,539301,112822,111783,16209,127992,1406
2022-02-03,Sutter,101,95872,19685,19406,1842,21248,203
2022-02-03,Tehama,103,63373,11517,11259,2527,13786,146
2022-02-03,Trinity,105,12862,1127,1085,272,1357,20
2022-02-03,Tulare,107,460477,101889,97414,26616,124030,1254
2022-02-03,Tuolumne,109,53932,12022,11409,487,11896,91
2022-02-03,Ventura,111,848112,167588,165532,9042,174574,1308
2022-02-03,Yolo,113,214977,35067,33614,2937,36551,281
2022-02-03,Yuba,115,75493,15101,14801,1068,15869,105
2022-02-02,Alameda,001,1643700,241904,234300,12835,247135,1632
2022-02-02,Alpine,003,1148,120,123,1,124,0
2022-02-02,Amador,005,37829,8047,7781,566,8347,71
2022-02-02,Butte,007,227075,31323,30550,6198,36748,355
2022-02-02,Calaveras,009,45235,6915,6753,306,7059,99
2022-02-02,Colusa,011,21464,3299,3211,1032,4243,21
2022-02-02,Contra Costa,013,1133247,179195,174876,11949,186825,1113
2022-02-02,Del Norte,015,27424,5058,4924,143,5067,44
2022-02-02,El Dorado,017,186661,25682,24690,3047,27737,185
2022-02-02,Fresno,019,978130,218552,211976,22215,234191,2463
2022-02-02,Glenn,021,27897,4770,4667,1516,6183,39
2022-02-02,Humboldt,023,135768,15692,15392,2555,17947,127
2022-02-02,Imperial,025,180216,53155,51875,10017,61892,853
2022-02-02,Inyo,027,18085,3979,3944,429,4373,51
2022-02-02,Kern,029,883053,184514,179386,43618,223004,1974
2022-02-02,Kings,031,150075,48778,47061,3385,50446,401
2022-02-02,Lake,033,64148,9773,9235,781,10016,120
2022-02-02,Lassen,035,31185,8428,8258,835,9093,55
2022-02-02,Los Angeles,037,10098052,2625995,2561902,120219,2682121,28850
2022-02-02,Madera,039,155013,35238,34265,5462,39727,329
2022-02-02,Marin,041,260295,31710,31149,2067,33216,255
2022-02-02,Mariposa,043,17540,2252,2215,156,2371,6
2022-02-02,Mendocino,045,87422,12297,11996,2572,14568,105
2022-02-02,Merced,047,269075,59511,58532,7620,66152,744
2022-02-02,Modoc,049,8938,684,662,230,892,6
2022-02-02,Mono,051,14174,2913,2887,115,3002,5
2022-02-02,Monterey,053,433212,74944,66852,11846,78698,666
2022-02-02,Napa,055,140530,24040,22859,868,23727,117
2022-02-02,Nevada,057,99092,15237,14895,1075,15970,112
2022-02-02,Orange,059,3164182,530491,524418,39639,564057,6127
2022-02-02,Placer,061,380077,60187,58654,7052,65706,533
2022-02-02,Plumas,063,18699,2813,2540,296,2836,12
2022-02-02,Riverside,065,2383286,574389,561220,26833,588053,5827
2022-02-02,Sacramento,067,1510023,268186,258078,24969,283047,2602
2022-02-02,San Benito,069,59416,12300,12058,481,12539,90
2022-02-02,San Bernardino,071,2135413,552782,537485,24290,561775,6317
2022-02-02,San Diego,073,3302833,721049,703957,49468,753425,4735
2022-02-02,San Francisco,075,870044,116791,112008,7827,119835,714
2022-02-02,San Joaquin,077,732212,159369,156537,9549,166086,1986
2022-02-02,San Luis Obispo,079,281455,49481,48119,3440,51559,403
2022-02-02,San Mateo,081,765935,115610,104201,6438,110639,587
2022-02-02,Santa Barbara,083,443738,81630,79979,4466,84445,612
2022-02-02,Santa Clara,085,1922200,292456,287443,11386,298829,2051
2022-02-02,Santa Cruz,087,273765,43600,42127,2013,44140,239
2022-02-02,Shasta,089,179085,28937,28429,5703,34132,465
2022-02-02,Sierra,091,2930,268,262,44,306,0
2022-02-02,Siskiyou,093,43540,4197,4078,2493,6571,67
2022-02-02,Solano,095,438530,76820,72711,5192,77903,414
2022-02-02,Sonoma,097,501317,78927,76681,2285,78966,431
2022-02-02,Stanislaus,099,539301,112425,111167,16076,127243,1403
2022-02-02,Sutter,101,95872,19622,19290,1813,21103,203
2022-02-02,Tehama,103,63373,11461,11193,2508,13701,146
2022-02-02,Trinity,105,12862,1124,1074,270,1344,20
2022-02-02,Tulare,107,460477,101497,96820,26442,123262,1249
2022-02-02,Tuolumne,109,53932,11946,11342,484,11826,91
2022-02-02,Ventura,111,848112,167189,164905,9023,173928,1292
2022-02-02,Yolo,113,214977,34946,33332,2915,36247,281
2022-02-02,Yuba,115,75493,15036,14720,1060,15780,104
2022-02-01,Alameda,001,1643700,240828,233782,12729,246511,1620
2022-02-01,Alpine,003,1148,120,123,1,124,0
2022-02-01,Amador,005,37829,8001,7783,560,8343,73
2022-02-01,Butte,007,227075,31184,30496,6159,36655,355
2022-02-01,Calaveras,009,45235,6878,6749,302,7051,98
2022-02-01,Colusa,011,21464,3281,3202,1010,4212,21
2022-02-01,Contra Costa,013,1133247,178466,174379,11807,186186,1115
2022-02-01,Del Norte,015,27424,5011,4907,140,5047,44
2022-02-01,El Dorado,017,186661,25623,24664,3030,27694,184
2022-02-01,Fresno,019,978130,217385,211352,22051,233403,2464
2022-02-01,Glenn,021,27897,4756,4649,1506,6155,39
2022-02-01,Humboldt,023,135768,15611,15354,2525,17879,127
2022-02-01,Imperial,025,180216,52940,51675,9950,61625,846
2022-02-01,Inyo,027,18085,3969,3928,426,4354,51
2022-02-01,Kern,029,883053,183870,178987,43371,222358,1967
2022-02-01,Kings,031,150075,48520,46959,3361,50320,400
2022-02-01,Lake,033,64148,9716,9211,774,9985,119
2022-02-01,Lassen,035,31185,8409,8231,830,9061,55
2022-02-01,Los Angeles,037,10098052,2618816,2548794,119840,2668634,28752
2022-02-01,Madera,039,155013,35015,34124,5382,39506,329
2022-02-01,Marin,041,260295,31588,31099,2051,33150,255
2022-02-01,Mariposa,043,17540,2245,2210,155,2365,6
2022-02-01,Mendocino,045,87422,12235,11978,2535,14513,105
2022-02-01,Merced,047,269075,59326,58362,7495,65857,743
2022-02-01,Modoc,049,8938,677,664,230,894,6
2022-02-01,Mono,051,14174,2907,2888,115,3003,5
2022-02-01,Monterey,053,433212,74523,66553,11644,78197,665
2022-02-01,Napa,055,140530,23942,22795,851,23646,116
2022-02-01,Nevada,057,99092,15174,14863,1062,15925,112
2022-02-01,Orange,059,3164182,529340,523741,39495,563236,6108
2022-02-01,Placer,061,380077,59944,58486,7012,65498,532
2022-02-01,Plumas,063,18699,2798,2526,293,2819,12
2022-02-01,Riverside,065,2383286,573001,560010,26784,586794,5825
2022-02-01,Sacramento,067,1510023,267133,257504,24691,282195,2593
2022-02-01,San Benito,069,59416,12234,12053,478,12531,90
2022-02-01,San Bernardino,071,2135413,551530,536591,24224,560815,6311
2022-02-01,San Diego,073,3302833,718528,701009,49250,750259,4710
2022-02-01,San Francisco,075,870044,116324,111606,7808,119414,713
2022-02-01,San Joaquin,077,732212,158838,156300,9526,165826,1987
2022-02-01,San Luis Obispo,079,281455,49251,47842,3378,51220,403
2022-02-01,San Mateo,081,765935,115141,103868,6396,110264,589
2022-02-01,Santa Barbara,083,443738,81186,79659,4430,84089,608
2022-02-01,Santa Clara,085,1922200,290934,286109,11280,297389,2070
2022-02-01,Santa Cruz,087,273765,43302,41782,1997,43779,239
2022-02-01,Shasta,089,179085,28812,28382,5650,34032,465
2022-02-01,Sierra,091,2930,266,262,44,306,0
2022-02-01,Siskiyou,093,43540,4183,4072,2466,6538,66
2022-02-01,Solano,095,438530,76547,72494,5176,77670,415
2022-02-01,Sonoma,097,501317,78568,76379,2261,78640,431
2022-02-01,Stanislaus,099,539301,112009,110925,15973,126898,1403
2022-02-01,Sutter,101,95872,19554,19256,1780,21036,202
2022-02-01,Tehama,103,63373,11404,11165,2494,13659,146
2022-02-01,Trinity,105,12862,1120,1073,270,1343,19
2022-02-01,Tulare,107,460477,101004,96467,26220,122687,1247
2022-02-01,Tuolumne,109,53932,11895,11318,474,11792,91
2022-02-01,Ventura,111,848112,166685,164721,9000,173721,1293
2022-02-01,Yolo,113,214977,34802,33257,2886,36143,275
2022-02-01,Yuba,115,75493,14975,14693,1053,15746,103
2022-01-31,Alameda,001,1643700,239484,232743,12610,245353,1607
2022-01-31,Alpine,003,1148,119,123,1,124,0
2022-01-31,Amador,005,37829,7947,7682,543,8225,73
2022-01-31,Butte,007,227075,31021,30371,6120,36491,354
2022-01-31,Calaveras,009,45235,6846,6700,291,6991,96
2022-01-31,Colusa,011,21464,3270,3187,1001,4188,21
2022-01-31,Contra Costa,013,1133247,177667,173466,11679,185145,1115
2022-01-31,Del Norte,015,27424,4978,4879,136,5015,43
2022-01-31,El Dorado,017,186661,25520,24545,3000,27545,184
2022-01-31,Fresno,019,978130,215899,210589,21845,232434,2464
2022-01-31,Glenn,021,27897,4720,4641,1494,6135,39
2022-01-31,Humboldt,023,135768,15523,15308,2492,17800,126
2022-01-31,Imperial,025,180216,52726,51472,9834,61306,846
2022-01-31,Inyo,027,18085,3958,3922,420,4342,50
2022-01-31,Kern,029,883053,183090,178375,43044,221419,1967
2022-01-31,Kings,031,150075,48164,46845,3327,50172,398
2022-01-31,Lake,033,64148,9643,9141,762,9903,119
2022-01-31,Lassen,035,31185,8380,8162,824,8986,55
2022-01-31,Los Angeles,037,10098052,2610565,2541189,119431,2660620,28718
2022-01-31,Madera,039,155013,34804,33886,5286,39172,329
2022-01-31,Marin,041,260295,31465,31023,2034,33057,253
2022-01-31,Mariposa,043,17540,2235,2203,146,2349,6
2022-01-31,Mendocino,045,87422,12169,11896,2492,14388,104
2022-01-31,Merced,047,269075,59048,58198,7302,65500,740
2022-01-31,Modoc,049,8938,674,661,230,891,6
2022-01-31,Mono,051,14174,2893,2889,115,3004,5
2022-01-31,Monterey,053,433212,74073,66117,11422,77539,661
2022-01-31,Napa,055,140530,23775,22707,834,23541,113
2022-01-31,Nevada,057,99092,15097,14813,1049,15862,112
2022-01-31,Orange,059,3164182,528014,522358,39359,561717,6098
2022-01-31,Placer,061,380077,59699,58252,6979,65231,523
2022-01-31,Plumas,063,18699,2785,2513,291,2804,12
2022-01-31,Riverside,065,2383286,571187,558166,26717,584883,5785
2022-01-31,Sacramento,067,1510023,265836,256594,24429,281023,2571
2022-01-31,San Benito,069,59416,12175,11976,477,12453,90
2022-01-31,San Bernardino,071,2135413,549904,535276,24136,559412,6302
2022-01-31,San Diego,073,3302833,715601,698571,48991,747562,4686
2022-01-31,San Francisco,075,870044,115914,111119,7774,118893,712
2022-01-31,San Joaquin,077,732212,158079,155736,9493,165229,1985
2022-01-31,San Luis Obispo,079,281455,48997,47656,3319,50975,395
2022-01-31,San Mateo,081,765935,114628,103313,6336,109649,589
2022-01-31,Santa Barbara,083,443738,80679,79267,4388,83655,606
2022-01-31,Santa Clara,085,1922200,289263,284562,11172,295734,2041
2022-01-31,Santa Cruz,087,273765,42923,41630,1990,43620,239
2022-01-31,Shasta,089,179085,28683,28190,5609,33799,462
2022-01-31,Sierra,091,2930,266,261,44,305,0
2022-01-31,Siskiyou,093,43540,4167,4054,2450,6504,66
2022-01-31,Solano,095,438530,75841,72258,5130,77388,414
2022-01-31,Sonoma,097,501317,78111,76199,2231,78430,431
2022-01-31,Stanislaus,099,539301,111481,110493,15802,126295,1403
2022-01-31,Sutter,101,95872,19474,19189,1727,20916,202
2022-01-31,Tehama,103,63373,11342,11112,2464,13576,145
2022-01-31,Trinity,105,12862,1115,1071,267,1338,19
2022-01-31,Tulare,107,460477,100360,96053,25963,122016,1245
2022-01-31,Tuolumne,109,53932,11803,11278,467,11745,91
2022-01-31,Ventura,111,848112,166149,164060,8976,173036,1286
2022-01-31,Yolo,113,214977,34643,33175,2861,36036,274
2022-01-31,Yuba,115,75493,14913,14652,1033,15685,103
2022-01-30,Alameda,001,1643700,237947,231838,12458,244296,1607
2022-01-30,Alpine,003,1148,119,123,1,124,0
2022-01-30,Amador,005,37829,7896,7644,519,8163,73
2022-01-30,Butte,007,227075,30820,30255,6055,36310,354
2022-01-30,Calaveras,009,45235,6792,6676,277,6953,96
2022-01-30,Colusa,011,21464,3249,3168,989,4157,21
2022-01-30,Contra Costa,013,1133247,176715,172902,11473,184375,1102
2022-01-30,Del Norte,015,27424,4937,4833,133,4966,43
2022-01-30,El Dorado,017,186661,25399,24491,2973,27464,184
2022-01-30,Fresno,019,978130,214335,209645,21583,231228,2463
2022-01-30,Glenn,021,27897,4689,4619,1484,6103,39
2022-01-30,Humboldt,023,135768,15410,15247,2435,17682,126
2022-01-30,Imperial,025,180216,52402,51415,9659,61074,846
2022-01-30,Inyo,027,18085,3941,3921,417,4338,50
2022-01-30,Kern,029,883053,182224,177924,42719,220643,1967
2022-01-30,Kings,031,150075,47812,46654,3268,49922,398
2022-01-30,Lake,033,64148,9554,9080,741,9821,119
2022-01-30,Lassen,035,31185,8358,8158,816,8974,55
2022-01-30,Los Angeles,037,10098052,2600422,2530739,118948,2649687,28678
2022-01-30,Madera,039,155013,34507,33752,5098,38850,329
2022-01-30,Marin,041,260295,31318,30875,2020,32895,253
2022-01-30,Mariposa,043,17540,2223,2177,140,2317,6
2022-01-30,Mendocino,045,87422,12096,11860,2386,14246,104
2022-01-30,Merced,047,269075,58682,58006,7007,65013,740
2022-01-30,Modoc,049,8938,671,661,230,891,6
2022-01-30,Mono,051,14174,2887,2888,115,3003,5
2022-01-30,Monterey,053,433212,73487,65996,11137,77133,661
2022-01-30,Napa,055,140530,23607,22588,817,23405,114
2022-01-30,Nevada,057,99092,15008,14741,1033,15774,112
2022-01-30,Orange,059,3164182,526381,521334,39211,560545,6098
2022-01-30,Placer,061,380077,59367,58030,6938,64968,523
2022-01-30,Plumas,063,18699,2760,2510,277,2787,12
2022-01-30,Riverside,065,2383286,569126,557088,26615,583703,5767
2022-01-30,Sacramento,067,1510023,264373,255715,23923,279638,2572
2022-01-30,San Benito,069,59416,12109,11945,472,12417,90
2022-01-30,San Bernardino,071,2135413,548173,534050,24026,558076,6302
2022-01-30,San Diego,073,3302833,712015,687145,48569,735714,4665
2022-01-30,San Francisco,075,870044,115366,110772,7739,118511,712
2022-01-30,San Joaquin,077,732212,157091,155165,9458,164623,1985
2022-01-30,San Luis Obispo,079,281455,48599,47599,3281,50880,394
2022-01-30,San Mateo,081,765935,114055,102979,6289,109268,589
2022-01-30,Santa Barbara,083,443738,80001,79072,4327,83399,606
2022-01-30,Santa Clara,085,1922200,287298,282846,11041,293887,2035
2022-01-30,Santa Cruz,087,273765,42463,41330,1980,43310,239
2022-01-30,Shasta,089,179085,28519,28105,5523,33628,462
2022-01-30,Sierra,091,2930,266,261,44,305,0
2022-01-30,Siskiyou,093,43540,4137,4039,2403,6442,66
2022-01-30,Solano,095,438530,75317,71857,5083,76940,414
2022-01-30,Sonoma,097,501317,77595,75890,2203,78093,431
2022-01-30,Stanislaus,099,539301,110825,110111,15600,125711,1403
2022-01-30,Sutter,101,95872,19381,19108,1630,20738,202
2022-01-30,Tehama,103,63373,11269,11071,2434,13505,145
2022-01-30,Trinity,105,12862,1109,1068,267,1335,19
2022-01-30,Tulare,107,460477,99611,95676,25669,121345,1245
2022-01-30,Tuolumne,109,53932,11696,11242,430,11672,91
2022-01-30,Ventura,111,848112,165567,163521,8946,172467,1286
2022-01-30,Yolo,113,214977,34425,33043,2828,35871,274
2022-01-30,Yuba,115,75493,14823,14584,1013,15597,103
2022-01-29,Alameda,001,1643700,237274,225602,12441,238043,1605
2022-01-29,Alpine,003,1148,119,123,1,124,0
2022-01-29,Amador,005,37829,7874,7505,516,8021,73
2022-01-29,Butte,007,227075,30736,29557,6031,35588,353
2022-01-29,Calaveras,009,45235,6773,6484,277,6761,96
2022-01-29,Colusa,011,21464,3243,3107,985,4092,21
2022-01-29,Contra Costa,013,1133247,176194,168003,11443,179446,1101
2022-01-29,Del Norte,015,27424,4919,4589,130,4719,43
2022-01-29,El Dorado,017,186661,25357,24008,2966,26974,184
2022-01-29,Fresno,019,978130,213877,202691,21541,224232,2457
2022-01-29,Glenn,021,27897,4682,4516,1477,5993,39
2022-01-29,Humboldt,023,135768,15363,14812,2428,17240,126
2022-01-29,Imperial,025,180216,52287,50153,9603,59756,845
2022-01-29,Inyo,027,18085,3939,3895,409,4304,50
2022-01-29,Kern,029,883053,181883,174456,42552,217008,1962
2022-01-29,Kings,031,150075,47694,45047,3261,48308,397
2022-01-29,Lake,033,64148,9521,8747,737,9484,119
2022-01-29,Lassen,035,31185,8340,7961,813,8774,55
2022-01-29,Los Angeles,037,10098052,2596504,2473332,118679,2592011,28467
2022-01-29,Madera,039,155013,34398,32753,5068,37821,329
2022-01-29,Marin,041,260295,31252,30137,2018,32155,253
2022-01-29,Mariposa,043,17540,2221,2117,138,2255,6
2022-01-29,Mendocino,045,87422,12072,11591,2370,13961,104
2022-01-29,Merced,047,269075,58576,56472,7002,63474,735
2022-01-29,Modoc,049,8938,671,654,230,884,6
2022-01-29,Mono,051,14174,2885,2860,115,2975,5
2022-01-29,Monterey,053,433212,73332,64090,11072,75162,658
2022-01-29,Napa,055,140530,23550,22121,815,22936,113
2022-01-29,Nevada,057,99092,14974,14337,1030,15367,112
2022-01-29,Orange,059,3164182,525675,511255,39104,550359,6038
2022-01-29,Placer,061,380077,59173,56562,6922,63484,523
2022-01-29,Plumas,063,18699,2750,2463,273,2736,12
2022-01-29,Riverside,065,2383286,568103,548121,26573,574694,5726
2022-01-29,Sacramento,067,1510023,263729,249130,23876,273006,2558
2022-01-29,San Benito,069,59416,12052,11670,471,12141,90
2022-01-29,San Bernardino,071,2135413,547426,525249,23981,549230,6297
2022-01-29,San Diego,073,3302833,710685,683027,48471,731498,4643
2022-01-29,San Francisco,075,870044,115091,108265,7691,115956,712
2022-01-29,San Joaquin,077,732212,156846,150849,9436,160285,1971
2022-01-29,San Luis Obispo,079,281455,48510,46374,3277,49651,391
2022-01-29,San Mateo,081,765935,113718,100306,6266,106572,586
2022-01-29,Santa Barbara,083,443738,79779,76546,4320,80866,604
2022-01-29,Santa Clara,085,1922200,286363,273879,11013,284892,2019
2022-01-29,Santa Cruz,087,273765,42331,39228,1978,41206,240
2022-01-29,Shasta,089,179085,28462,27504,5509,33013,452
2022-01-29,Sierra,091,2930,266,260,43,303,0
2022-01-29,Siskiyou,093,43540,4127,3987,2396,6383,66
2022-01-29,Solano,095,438530,75174,69862,5071,74933,407
2022-01-29,Sonoma,097,501317,77382,73439,2198,75637,427
2022-01-29,Stanislaus,099,539301,110576,107668,15553,123221,1403
2022-01-29,Sutter,101,95872,19332,18797,1613,20410,202
2022-01-29,Tehama,103,63373,11235,10880,2425,13305,145
2022-01-29,Trinity,105,12862,1106,1033,266,1299,19
2022-01-29,Tulare,107,460477,99358,93154,25591,118745,1237
2022-01-29,Tuolumne,109,53932,11671,10806,422,11228,91
2022-01-29,Ventura,111,848112,165236,160466,8928,169394,1271
2022-01-29,Yolo,113,214977,34311,32123,2812,34935,275
2022-01-29,Yuba,115,75493,14782,14295,1011,15306,103
2022-01-28,Alameda,001,1643700,236329,225602,12423,238025,1605
2022-01-28,Alpine,003,1148,119,123,1,124,0
2022-01-28,Amador,005,37829,7848,7505,515,8020,73
2022-01-28,Butte,007,227075,30660,29557,6012,35569,353
2022-01-28,Calaveras,009,45235,6755,6484,276,6760,96
2022-01-28,Colusa,011,21464,3238,3107,983,4090,21
2022-01-28,Contra Costa,013,1133247,175670,168003,11406,179409,1101
2022-01-28,Del Norte,015,27424,4895,4589,129,4718,43
2022-01-28,El Dorado,017,186661,25311,24008,2960,26968,184
2022-01-28,Fresno,019,978130,213008,202691,21482,224173,2457
2022-01-28,Glenn,021,27897,4669,4516,1475,5991,39
2022-01-28,Humboldt,023,135768,15327,14812,2418,17230,126
2022-01-28,Imperial,025,180216,52158,50153,9571,59724,845
2022-01-28,Inyo,027,18085,3935,3895,406,4301,50
2022-01-28,Kern,029,883053,181473,174456,42393,216849,1962
2022-01-28,Kings,031,150075,47563,45047,3251,48298,397
2022-01-28,Lake,033,64148,9489,8747,735,9482,119
2022-01-28,Lassen,035,31185,8271,7961,811,8772,55
2022-01-28,Los Angeles,037,10098052,2590764,2473332,118465,2591797,28467
2022-01-28,Madera,039,155013,34270,32753,5051,37804,329
2022-01-28,Marin,041,260295,31160,30137,1996,32133,253
2022-01-28,Mariposa,043,17540,2211,2117,136,2253,6
2022-01-28,Mendocino,045,87422,12028,11591,2368,13959,104
2022-01-28,Merced,047,269075,58478,56472,6987,63459,735
2022-01-28,Modoc,049,8938,670,654,230,884,6
2022-01-28,Mono,051,14174,2880,2860,114,2974,5
2022-01-28,Monterey,053,433212,73130,64090,11023,75113,658
2022-01-28,Napa,055,140530,23472,22121,813,22934,113
2022-01-28,Nevada,057,99092,14937,14337,1028,15365,112
2022-01-28,Orange,059,3164182,524606,511255,39014,550269,6038
2022-01-28,Placer,061,380077,58968,56562,6899,63461,523
2022-01-28,Plumas,063,18699,2742,2463,271,2734,12
2022-01-28,Riverside,065,2383286,566773,548121,26532,574653,5726
2022-01-28,Sacramento,067,1510023,262948,249130,23822,272952,2558
2022-01-28,San Benito,069,59416,12030,11670,466,12136,90
2022-01-28,San Bernardino,071,2135413,546384,525249,23943,549192,6297
2022-01-28,San Diego,073,3302833,708852,683027,48395,731422,4643
2022-01-28,San Francisco,075,870044,114736,108265,7642,115907,712
2022-01-28,San Joaquin,077,732212,156558,150849,9422,160271,1971
2022-01-28,San Luis Obispo,079,281455,48426,46374,3269,49643,391
2022-01-28,San Mateo,081,765935,113366,100306,6244,106550,586
2022-01-28,Santa Barbara,083,443738,79531,76546,4318,80864,604
2022-01-28,Santa Clara,085,1922200,285176,273879,10964,284843,2019
2022-01-28,Santa Cruz,087,273765,42139,39228,1965,41193,240
2022-01-28,Shasta,089,179085,28405,27504,5495,32999,452
2022-01-28,Sierra,091,2930,266,260,43,303,0
2022-01-28,Siskiyou,093,43540,4117,3987,2392,6379,66
2022-01-28,Solano,095,438530,74622,69862,5004,74866,407
2022-01-28,Sonoma,097,501317,77178,73439,2189,75628,427
2022-01-28,Stanislaus,099,539301,110303,107668,15511,123179,1403
2022-01-28,Sutter,101,95872,19288,18797,1611,20408,202
2022-01-28,Tehama,103,63373,11203,10880,2418,13298,145
2022-01-28,Trinity,105,12862,1097,1033,266,1299,19
2022-01-28,Tulare,107,460477,99081,93154,25481,118635,1237
2022-01-28,Tuolumne,109,53932,11638,10806,418,11224,91
2022-01-28,Ventura,111,848112,164782,160466,8907,169373,1271
2022-01-28,Yolo,113,214977,34205,32123,2804,34927,275
2022-01-28,Yuba,115,75493,14742,14295,1006,15301,103
2022-01-27,Alameda,001,1643700,234752,225602,12287,237889,1605
2022-01-27,Alpine,003,1148,119,123,1,124,0
2022-01-27,Amador,005,37829,7801,7505,503,8008,73
2022-01-27,Butte,007,227075,30508,29557,5960,35517,353
2022-01-27,Calaveras,009,45235,6730,6484,260,6744,96
2022-01-27,Colusa,011,21464,3223,3107,979,4086,21
2022-01-27,Contra Costa,013,1133247,174664,168003,11231,179234,1101
2022-01-27,Del Norte,015,27424,4851,4589,125,4714,43
2022-01-27,El Dorado,017,186661,25200,24008,2940,26948,184
2022-01-27,Fresno,019,978130,211382,202691,21264,223955,2457
2022-01-27,Glenn,021,27897,4638,4516,1467,5983,39
2022-01-27,Humboldt,023,135768,15238,14812,2381,17193,126
2022-01-27,Imperial,025,180216,51887,50153,9457,59610,845
2022-01-27,Inyo,027,18085,3928,3895,396,4291,50
2022-01-27,Kern,029,883053,180694,174456,42028,216484,1962
2022-01-27,Kings,031,150075,47219,45047,3212,48259,397
2022-01-27,Lake,033,64148,9436,8747,718,9465,119
2022-01-27,Lassen,035,31185,8228,7961,805,8766,55
2022-01-27,Los Angeles,037,10098052,2579615,2473332,117950,2591282,28467
2022-01-27,Madera,039,155013,34061,32753,4944,37697,329
2022-01-27,Marin,041,260295,30998,30137,1981,32118,253
2022-01-27,Mariposa,043,17540,2188,2117,133,2250,6
2022-01-27,Mendocino,045,87422,11977,11591,2319,13910,104
2022-01-27,Merced,047,269075,58217,56472,6821,63293,735
2022-01-27,Modoc,049,8938,668,654,229,883,6
2022-01-27,Mono,051,14174,2875,2860,114,2974,5
2022-01-27,Monterey,053,433212,72508,64090,10768,74858,658
2022-01-27,Napa,055,140530,23313,22121,785,22906,113
2022-01-27,Nevada,057,99092,14864,14337,1000,15337,112
2022-01-27,Orange,059,3164182,522879,511255,38878,550133,6038
2022-01-27,Placer,061,380077,58650,56562,6845,63407,523
2022-01-27,Plumas,063,18699,2731,2463,259,2722,12
2022-01-27,Riverside,065,2383286,564596,548121,26462,574583,5726
2022-01-27,Sacramento,067,1510023,261673,249130,23490,272620,2558
2022-01-27,San Benito,069,59416,11974,11670,461,12131,90
2022-01-27,San Bernardino,071,2135413,544491,525249,23842,549091,6297
2022-01-27,San Diego,073,3302833,705479,683027,48043,731070,4643
2022-01-27,San Francisco,075,870044,114231,108265,7581,115846,712
2022-01-27,San Joaquin,077,732212,155701,150849,9353,160202,1971
2022-01-27,San Luis Obispo,079,281455,48154,46374,3231,49605,391
2022-01-27,San Mateo,081,765935,112783,100306,6175,106481,586
2022-01-27,Santa Barbara,083,443738,79051,76546,4262,80808,604
2022-01-27,Santa Clara,085,1922200,283109,273879,10815,284694,2019
2022-01-27,Santa Cruz,087,273765,41471,39228,1946,41174,240
2022-01-27,Shasta,089,179085,28272,27504,5446,32950,452
2022-01-27,Sierra,091,2930,265,260,42,302,0
2022-01-27,Siskiyou,093,43540,4096,3987,2355,6342,66
2022-01-27,Solano,095,438530,73984,69862,4955,74817,407
2022-01-27,Sonoma,097,501317,76714,73439,2176,75615,427
2022-01-27,Stanislaus,099,539301,109775,107668,15365,123033,1403
2022-01-27,Sutter,101,95872,19183,18797,1586,20383,202
2022-01-27,Tehama,103,63373,11151,10880,2402,13282,145
2022-01-27,Trinity,105,12862,1093,1033,265,1298,19
2022-01-27,Tulare,107,460477,98411,93154,25196,118350,1237
2022-01-27,Tuolumne,109,53932,11586,10806,409,11215,91
2022-01-27,Ventura,111,848112,164131,160466,8875,169341,1271
2022-01-27,Yolo,113,214977,34061,32123,2786,34909,275
2022-01-27,Yuba,115,75493,14663,14295,990,15285,103
2022-01-26,Alameda,001,1643700,232859,222680,12115,234795,1596
2022-01-26,Alpine,003,1148,119,123,1,124,0
2022-01-26,Amador,005,37829,7725,7427,488,7915,73
2022-01-26,Butte,007,227075,30309,29229,5905,35134,353
2022-01-26,Calaveras,009,45235,6692,6387,253,6640,96
2022-01-26,Colusa,011,21464,3207,3094,972,4066,21
2022-01-26,Contra Costa,013,1133247,173538,165972,11066,177038,1095
2022-01-26,Del Norte,015,27424,4794,4542,124,4666,43
2022-01-26,El Dorado,017,186661,25079,23819,2917,26736,181
2022-01-26,Fresno,019,978130,209532,199689,21045,220734,2452
2022-01-26,Glenn,021,27897,4605,4472,1462,5934,39
2022-01-26,Humboldt,023,135768,15139,14715,2336,17051,126
2022-01-26,Imperial,025,180216,51530,49477,9309,58786,839
2022-01-26,Inyo,027,18085,3925,3889,365,4254,50
2022-01-26,Kern,029,883053,179770,173052,41683,214735,1953
2022-01-26,Kings,031,150075,46815,44367,3182,47549,396
2022-01-26,Lake,033,64148,9354,8645,708,9353,119
2022-01-26,Lassen,035,31185,8192,7888,805,8693,55
2022-01-26,Los Angeles,037,10098052,2567384,2450620,117500,2568120,28382
2022-01-26,Madera,039,155013,33821,32323,4807,37130,329
2022-01-26,Marin,041,260295,30816,29813,1964,31777,253
2022-01-26,Mariposa,043,17540,2171,2108,126,2234,6
2022-01-26,Mendocino,045,87422,11930,11453,2268,13721,103
2022-01-26,Merced,047,269075,57850,56060,6643,62703,733
2022-01-26,Modoc,049,8938,667,652,228,880,6
2022-01-26,Mono,051,14174,2872,2852,114,2966,4
2022-01-26,Monterey,053,433212,71951,63264,10472,73736,659
2022-01-26,Napa,055,140530,23157,21864,774,22638,112
2022-01-26,Nevada,057,99092,14771,14128,989,15117,112
2022-01-26,Orange,059,3164182,520891,506419,38714,545133,6007
2022-01-26,Placer,061,380077,58315,55892,6781,62673,524
2022-01-26,Plumas,063,18699,2704,2425,257,2682,12
2022-01-26,Riverside,065,2383286,562070,543788,26343,570131,5701
2022-01-26,Sacramento,067,1510023,259978,246416,23149,269565,2559
2022-01-26,San Benito,069,59416,11903,11563,449,12012,90
2022-01-26,San Bernardino,071,2135413,542264,521699,23732,545431,6291
2022-01-26,San Diego,073,3302833,701266,676392,47684,724076,4622
2022-01-26,San Francisco,075,870044,113595,107174,7547,114721,704
2022-01-26,San Joaquin,077,732212,154713,148770,9300,158070,1971
2022-01-26,San Luis Obispo,079,281455,47851,45716,3204,48920,391
2022-01-26,San Mateo,081,765935,112116,99016,6046,105062,586
2022-01-26,Santa Barbara,083,443738,78523,75548,4201,79749,600
2022-01-26,Santa Clara,085,1922200,281013,270470,10639,281109,2015
2022-01-26,Santa Cruz,087,273765,40953,38298,1932,40230,239
2022-01-26,Shasta,089,179085,28124,27255,5399,32654,452
2022-01-26,Sierra,091,2930,264,260,41,301,0
2022-01-26,Siskiyou,093,43540,4080,3971,2330,6301,66
2022-01-26,Solano,095,438530,73289,69150,4888,74038,401
2022-01-26,Sonoma,097,501317,76154,72509,2141,74650,423
2022-01-26,Stanislaus,099,539301,109217,106582,15144,121726,1396
2022-01-26,Sutter,101,95872,19072,18670,1540,20210,202
2022-01-26,Tehama,103,63373,11097,10749,2385,13134,145
2022-01-26,Trinity,105,12862,1088,1008,265,1273,19
2022-01-26,Tulare,107,460477,97595,91904,24950,116854,1234
2022-01-26,Tuolumne,109,53932,11403,10699,398,11097,91
2022-01-26,Ventura,111,848112,163418,159077,8835,167912,1263
2022-01-26,Yolo,113,214977,33845,31913,2747,34660,275
2022-01-26,Yuba,115,75493,14578,14171,968,15139,103
2022-01-25,Alameda,001,1643700,230970,219753,11933,231686,1589
2022-01-25,Alpine,003,1148,119,122,1,123,0
2022-01-25,Amador,005,37829,7648,7352,477,7829,73
2022-01-25,Butte,007,227075,30100,28887,5832,34719,351
2022-01-25,Calaveras,009,45235,6634,6266,239,6505,95
2022-01-25,Colusa,011,21464,3187,3074,970,4044,21
2022-01-25,Contra Costa,013,1133247,172220,163792,10847,174639,1092
2022-01-25,Del Norte,015,27424,4724,4514,118,4632,43
2022-01-25,El Dorado,017,186661,24943,23339,2891,26230,179
2022-01-25,Fresno,019,978130,207389,198262,20756,219018,2434
2022-01-25,Glenn,021,27897,4573,4418,1446,5864,39
2022-01-25,Humboldt,023,135768,15047,14574,2310,16884,126
2022-01-25,Imperial,025,180216,51073,48913,9083,57996,832
2022-01-25,Inyo,027,18085,3910,3857,320,4177,50
2022-01-25,Kern,029,883053,178760,171695,41223,212918,1947
2022-01-25,Kings,031,150075,46342,43853,3136,46989,396
2022-01-25,Lake,033,64148,9275,8543,696,9239,118
2022-01-25,Lassen,035,31185,8161,7834,794,8628,55
2022-01-25,Los Angeles,037,10098052,2552445,2433516,116858,2550374,28293
2022-01-25,Madera,039,155013,33498,31794,4671,36465,329
2022-01-25,Marin,041,260295,30637,29589,1951,31540,253
2022-01-25,Mariposa,043,17540,2159,2069,120,2189,6
2022-01-25,Mendocino,045,87422,11810,11280,2165,13445,103
2022-01-25,Merced,047,269075,57473,55555,6499,62054,733
2022-01-25,Modoc,049,8938,665,652,228,880,6
2022-01-25,Mono,051,14174,2862,2826,113,2939,4
2022-01-25,Monterey,053,433212,71378,62498,10064,72562,654
2022-01-25,Napa,055,140530,22962,21668,738,22406,111
2022-01-25,Nevada,057,99092,14657,13944,965,14909,112
2022-01-25,Orange,059,3164182,518609,504274,38521,542795,5980
2022-01-25,Placer,061,380077,57915,55465,6708,62173,518
2022-01-25,Plumas,063,18699,2677,2397,253,2650,12
2022-01-25,Riverside,065,2383286,558980,540723,26175,566898,5686
2022-01-25,Sacramento,067,1510023,258029,244468,22604,267072,2545
2022-01-25,San Benito,069,59416,11803,11446,445,11891,88
2022-01-25,San Bernardino,071,2135413,539717,519150,23616,542766,6288
2022-01-25,San Diego,073,3302833,696259,670110,47233,717343,4604
2022-01-25,San Francisco,075,870044,112832,106254,7503,113757,703
2022-01-25,San Joaquin,077,732212,153725,147271,9235,156506,1972
2022-01-25,San Luis Obispo,079,281455,47489,45130,3156,48286,391
2022-01-25,San Mateo,081,765935,111284,98010,5935,103945,586
2022-01-25,Santa Barbara,083,443738,77854,74686,4119,78805,594
2022-01-25,Santa Clara,085,1922200,278402,268031,10434,278465,2006
2022-01-25,Santa Cruz,087,273765,40280,37850,1916,39766,237
2022-01-25,Shasta,089,179085,27961,27090,5332,32422,452
2022-01-25,Sierra,091,2930,264,260,37,297,0
2022-01-25,Siskiyou,093,43540,4056,3958,2295,6253,65
2022-01-25,Solano,095,438530,72721,68657,4831,73488,399
2022-01-25,Sonoma,097,501317,75459,71633,2101,73734,423
2022-01-25,Stanislaus,099,539301,108548,105965,14920,120885,1396
2022-01-25,Sutter,101,95872,18970,18508,1498,20006,200
2022-01-25,Tehama,103,63373,11034,10669,2359,13028,145
2022-01-25,Trinity,105,12862,1081,999,263,1262,19
2022-01-25,Tulare,107,460477,96721,91237,24602,115839,1229
2022-01-25,Tuolumne,109,53932,11221,10516,374,10890,91
2022-01-25,Ventura,111,848112,162564,157971,8789,166760,1263
2022-01-25,Yolo,113,214977,33585,31677,2700,34377,274
2022-01-25,Yuba,115,75493,14494,14038,940,14978,103
2022-01-24,Alameda,001,1643700,228524,216252,11663,227915,1581
2022-01-24,Alpine,003,1148,119,120,1,121,0
2022-01-24,Amador,005,37829,7597,7166,439,7605,73
2022-01-24,Butte,007,227075,29870,28607,5769,34376,350
2022-01-24,Calaveras,009,45235,6586,6172,225,6397,95
2022-01-24,Colusa,011,21464,3168,3052,954,4006,21
2022-01-24,Contra Costa,013,1133247,170735,162161,10629,172790,1092
2022-01-24,Del Norte,015,27424,4664,4460,118,4578,43
2022-01-24,El Dorado,017,186661,24777,23128,2862,25990,179
2022-01-24,Fresno,019,978130,205079,196092,20449,216541,2430
2022-01-24,Glenn,021,27897,4531,4367,1436,5803,39
2022-01-24,Humboldt,023,135768,14935,14416,2264,16680,126
2022-01-24,Imperial,025,180216,50533,48228,8795,57023,824
2022-01-24,Inyo,027,18085,3904,3805,295,4100,50
2022-01-24,Kern,029,883053,177448,169892,40745,210637,1946
2022-01-24,Kings,031,150075,45764,43260,3063,46323,396
2022-01-24,Lake,033,64148,9165,8423,681,9104,118
2022-01-24,Lassen,035,31185,8077,7732,775,8507,55
2022-01-24,Los Angeles,037,10098052,2535903,2391045,116080,2507125,28230
2022-01-24,Madera,039,155013,33059,31339,4485,35824,329
2022-01-24,Marin,041,260295,30408,29301,1914,31215,253
2022-01-24,Mariposa,043,17540,2134,2033,116,2149,6
2022-01-24,Mendocino,045,87422,11706,11002,2084,13086,103
2022-01-24,Merced,047,269075,56981,54970,6216,61186,730
2022-01-24,Modoc,049,8938,662,648,227,875,6
2022-01-24,Mono,051,14174,2852,2802,112,2914,4
2022-01-24,Monterey,053,433212,70516,61975,9701,71676,654
2022-01-24,Napa,055,140530,22782,21494,725,22219,111
2022-01-24,Nevada,057,99092,14529,13774,942,14716,112
2022-01-24,Orange,059,3164182,516033,501634,38259,539893,5969
2022-01-24,Placer,061,380077,57434,54933,6657,61590,518
2022-01-24,Plumas,063,18699,2646,2370,239,2609,12
2022-01-24,Riverside,065,2383286,555257,535962,25965,561927,5661
2022-01-24,Sacramento,067,1510023,255660,241522,22023,263545,2526
2022-01-24,San Benito,069,59416,11706,11331,432,11763,88
2022-01-24,San Bernardino,071,2135413,536795,515604,23452,539056,6285
2022-01-24,San Diego,073,3302833,690585,663580,46682,710262,4586
2022-01-24,San Francisco,075,870044,111870,105418,7407,112825,703
2022-01-24,San Joaquin,077,732212,152413,145984,9159,155143,1959
2022-01-24,San Luis Obispo,079,281455,47016,44616,3101,47717,387
2022-01-24,San Mateo,081,765935,110320,96968,5817,102785,586
2022-01-24,Santa Barbara,083,443738,77042,73866,4023,77889,591
2022-01-24,Santa Clara,085,1922200,275533,265341,10222,275563,2006
2022-01-24,Santa Cruz,087,273765,39483,37188,1894,39082,237
2022-01-24,Shasta,089,179085,27772,26871,5244,32115,452
2022-01-24,Sierra,091,2930,264,258,37,295,0
2022-01-24,Siskiyou,093,43540,4046,3934,2256,6190,64
2022-01-24,Solano,095,438530,72038,68094,4752,72846,400
2022-01-24,Sonoma,097,501317,74543,70733,2069,72802,423
2022-01-24,Stanislaus,099,539301,107796,104933,14645,119578,1395
2022-01-24,Sutter,101,95872,18855,18336,1409,19745,200
2022-01-24,Tehama,103,63373,10963,10567,2339,12906,145
2022-01-24,Trinity,105,12862,1072,978,261,1239,19
2022-01-24,Tulare,107,460477,95647,90089,24201,114290,1219
2022-01-24,Tuolumne,109,53932,11101,10374,365,10739,91
2022-01-24,Ventura,111,848112,161540,156551,8744,165295,1261
2022-01-24,Yolo,113,214977,33293,31480,2665,34145,273
2022-01-24,Yuba,115,75493,14387,13862,899,14761,103
2022-01-23,Alameda,001,1643700,225834,214003,11323,225326,1583
2022-01-23,Alpine,003,1148,119,120,1,121,0
2022-01-23,Amador,005,37829,7542,7090,399,7489,73
2022-01-23,Butte,007,227075,29576,28340,5663,34003,350
2022-01-23,Calaveras,009,45235,6521,6095,202,6297,95
2022-01-23,Colusa,011,21464,3142,3040,947,3987,21
2022-01-23,Contra Costa,013,1133247,168886,160798,10265,171063,1092
2022-01-23,Del Norte,015,27424,4598,4419,112,4531,43
2022-01-23,El Dorado,017,186661,24586,22925,2814,25739,179
2022-01-23,Fresno,019,978130,202609,193642,19967,213609,2430
2022-01-23,Glenn,021,27897,4480,4340,1412,5752,39
2022-01-23,Humboldt,023,135768,14816,14296,2182,16478,126
2022-01-23,Imperial,025,180216,49935,47935,8507,56442,824
2022-01-23,Inyo,027,18085,3877,3781,281,4062,50
2022-01-23,Kern,029,883053,176085,168585,40215,208800,1946
2022-01-23,Kings,031,150075,45128,42622,2959,45581,397
2022-01-23,Lake,033,64148,8994,8363,654,9017,118
2022-01-23,Lassen,035,31185,8026,7710,751,8461,55
2022-01-23,Los Angeles,037,10098052,2515589,2390590,114919,2505509,28231
2022-01-23,Madera,039,155013,32698,30962,4243,35205,329
2022-01-23,Marin,041,260295,30155,29025,1876,30901,253
2022-01-23,Mariposa,043,17540,2119,2011,113,2124,6
2022-01-23,Mendocino,045,87422,11581,10889,1952,12841,103
2022-01-23,Merced,047,269075,56428,54644,5768,60412,730
2022-01-23,Modoc,049,8938,660,645,224,869,6
2022-01-23,Mono,051,14174,2844,2788,110,2898,4
2022-01-23,Monterey,053,433212,69677,61522,9257,70779,654
2022-01-23,Napa,055,140530,22519,21281,712,21993,111
2022-01-23,Nevada,057,99092,14366,13629,914,14543,112
2022-01-23,Orange,059,3164182,512932,498968,37965,536933,5970
2022-01-23,Placer,061,380077,56863,54568,6567,61135,518
2022-01-23,Plumas,063,18699,2613,2368,210,2578,12
2022-01-23,Riverside,065,2383286,550814,532273,25658,557931,5661
2022-01-23,Sacramento,067,1510023,253018,239589,21053,260642,2530
2022-01-23,San Benito,069,59416,11583,11225,421,11646,88
2022-01-23,San Bernardino,071,2135413,533369,512657,23173,535830,6281
2022-01-23,San Diego,073,3302833,683936,640215,45881,686096,4566
2022-01-23,San Francisco,075,870044,110802,104485,7299,111784,704
2022-01-23,San Joaquin,077,732212,150793,144621,9079,153700,1959
2022-01-23,San Luis Obispo,079,281455,46323,44183,3022,47205,386
2022-01-23,San Mateo,081,765935,109201,95940,5669,101609,586
2022-01-23,Santa Barbara,083,443738,75916,73041,3897,76938,590
2022-01-23,Santa Clara,085,1922200,272228,261991,9894,271885,2005
2022-01-23,Santa Cruz,087,273765,38952,36547,1862,38409,237
2022-01-23,Shasta,089,179085,27474,26732,5122,31854,452
2022-01-23,Sierra,091,2930,263,252,37,289,0
2022-01-23,Siskiyou,093,43540,4020,3916,2198,6114,64
2022-01-23,Solano,095,438530,71242,67457,4656,72113,400
2022-01-23,Sonoma,097,501317,73585,69791,2013,71804,423
2022-01-23,Stanislaus,099,539301,106935,104067,14365,118432,1395
2022-01-23,Sutter,101,95872,18698,18175,1294,19469,200
2022-01-23,Tehama,103,63373,10864,10481,2307,12788,145
2022-01-23,Trinity,105,12862,1069,961,259,1220,19
2022-01-23,Tulare,107,460477,94382,89120,23760,112880,1219
2022-01-23,Tuolumne,109,53932,10910,10243,347,10590,91
2022-01-23,Ventura,111,848112,160358,155052,8670,163722,1261
2022-01-23,Yolo,113,214977,32912,30908,2623,33531,273
2022-01-23,Yuba,115,75493,14261,13762,844,14606,103
2022-01-22,Alameda,001,1643700,224742,203927,11289,215216,1575
2022-01-22,Alpine,003,1148,118,119,1,120,0
2022-01-22,Amador,005,37829,7510,6845,394,7239,73
2022-01-22,Butte,007,227075,29457,27232,5639,32871,350
2022-01-22,Calaveras,009,45235,6491,5835,201,6036,95
2022-01-22,Colusa,011,21464,3125,2954,944,3898,21
2022-01-22,Contra Costa,013,1133247,167956,154111,10235,164346,1091
2022-01-22,Del Norte,015,27424,4562,4269,108,4377,43
2022-01-22,El Dorado,017,186661,24517,22273,2804,25077,179
2022-01-22,Fresno,019,978130,201793,185292,19898,205190,2429
2022-01-22,Glenn,021,27897,4474,4174,1409,5583,39
2022-01-22,Humboldt,023,135768,14749,13628,2169,15797,125
2022-01-22,Imperial,025,180216,49745,45741,8446,54187,820
2022-01-22,Inyo,027,18085,3873,3706,257,3963,50
2022-01-22,Kern,029,883053,175461,162902,39910,202812,1946
2022-01-22,Kings,031,150075,44921,40580,2946,43526,396
2022-01-22,Lake,033,64148,8960,8056,646,8702,118
2022-01-22,Lassen,035,31185,7993,7545,744,8289,55
2022-01-22,Los Angeles,037,10098052,2508183,2286280,114410,2400690,28038
2022-01-22,Madera,039,155013,32580,29595,4228,33823,329
2022-01-22,Marin,041,260295,30029,27893,1871,29764,253
2022-01-22,Mariposa,043,17540,2115,1920,113,2033,6
2022-01-22,Mendocino,045,87422,11531,10395,1930,12325,103
2022-01-22,Merced,047,269075,56278,53025,5759,58784,727
2022-01-22,Modoc,049,8938,659,639,224,863,6
2022-01-22,Mono,051,14174,2843,2723,106,2829,4
2022-01-22,Monterey,053,433212,69470,59038,9214,68252,651
2022-01-22,Napa,055,140530,22424,20402,702,21104,111
2022-01-22,Nevada,057,99092,14298,12957,906,13863,112
2022-01-22,Orange,059,3164182,511329,480329,37716,518045,5946
2022-01-22,Placer,061,380077,56597,52557,6528,59085,512
2022-01-22,Plumas,063,18699,2596,2289,206,2495,12
2022-01-22,Riverside,065,2383286,548898,513567,25585,539152,5623
2022-01-22,Sacramento,067,1510023,251967,230206,20947,251153,2510
2022-01-22,San Benito,069,59416,11524,10743,416,11159,88
2022-01-22,San Bernardino,071,2135413,531879,495209,23077,518286,6267
2022-01-22,San Diego,073,3302833,681442,628904,45666,674570,4559
2022-01-22,San Francisco,075,870044,110146,100238,7150,107388,702
2022-01-22,San Joaquin,077,732212,150355,138264,9036,147300,1960
2022-01-22,San Luis Obispo,079,281455,46205,42154,3015,45169,385
2022-01-22,San Mateo,081,765935,108617,91440,5606,97046,585
2022-01-22,Santa Barbara,083,443738,75495,69555,3891,73446,589
2022-01-22,Santa Clara,085,1922200,270551,249205,9827,259032,1993
2022-01-22,Santa Cruz,087,273765,38771,33741,1855,35596,237
2022-01-22,Shasta,089,179085,27381,25919,5100,31019,450
2022-01-22,Sierra,091,2930,263,248,36,284,0
2022-01-22,Siskiyou,093,43540,4002,3845,2177,6022,62
2022-01-22,Solano,095,438530,71019,63882,4617,68499,391
2022-01-22,Sonoma,097,501317,73160,66013,2003,68016,422
2022-01-22,Stanislaus,099,539301,106480,100092,14274,114366,1393
2022-01-22,Sutter,101,95872,18630,17616,1281,18897,199
2022-01-22,Tehama,103,63373,10829,10171,2297,12468,142
2022-01-22,Trinity,105,12862,1067,925,259,1184,19
2022-01-22,Tulare,107,460477,93997,85223,23631,108854,1211
2022-01-22,Tuolumne,109,53932,10842,9731,341,10072,91
2022-01-22,Ventura,111,848112,159665,148742,8638,157380,1250
2022-01-22,Yolo,113,214977,32734,30061,2606,32667,273
2022-01-22,Yuba,115,75493,14171,13288,839,14127,103
2022-01-21,Alameda,001,1643700,223169,203927,11257,215184,1575
2022-01-21,Alpine,003,1148,118,119,1,120,0
2022-01-21,Amador,005,37829,7453,6845,391,7236,73
2022-01-21,Butte,007,227075,29329,27232,5597,32829,350
2022-01-21,Calaveras,009,45235,6446,5835,201,6036,95
2022-01-21,Colusa,011,21464,3118,2954,939,3893,21
2022-01-21,Contra Costa,013,1133247,166906,154111,10156,164267,1091
2022-01-21,Del Norte,015,27424,4521,4269,108,4377,43
2022-01-21,El Dorado,017,186661,24434,22273,2787,25060,179
2022-01-21,Fresno,019,978130,200551,185292,19797,205089,2429
2022-01-21,Glenn,021,27897,4456,4174,1404,5578,39
2022-01-21,Humboldt,023,135768,14680,13628,2150,15778,125
2022-01-21,Imperial,025,180216,49555,45741,8368,54109,820
2022-01-21,Inyo,027,18085,3860,3706,252,3958,50
2022-01-21,Kern,029,883053,174741,162902,39535,202437,1946
2022-01-21,Kings,031,150075,44724,40580,2938,43518,396
2022-01-21,Lake,033,64148,8903,8056,633,8689,118
2022-01-21,Lassen,035,31185,7941,7545,740,8285,55
2022-01-21,Los Angeles,037,10098052,2496884,2286280,113949,2400229,28038
2022-01-21,Madera,039,155013,32289,29595,4200,33795,329
2022-01-21,Marin,041,260295,29852,27893,1851,29744,253
2022-01-21,Mariposa,043,17540,2103,1920,112,2032,6
2022-01-21,Mendocino,045,87422,11450,10395,1927,12322,103
2022-01-21,Merced,047,269075,56117,53025,5755,58780,727
2022-01-21,Modoc,049,8938,658,639,224,863,6
2022-01-21,Mono,051,14174,2829,2723,103,2826,4
2022-01-21,Monterey,053,433212,68999,59038,9082,68120,651
2022-01-21,Napa,055,140530,22304,20402,694,21096,111
2022-01-21,Nevada,057,99092,14201,12957,902,13859,112
2022-01-21,Orange,059,3164182,509088,480329,37471,517800,5946
2022-01-21,Placer,061,380077,56207,52557,6465,59022,512
2022-01-21,Plumas,063,18699,2584,2289,201,2490,12
2022-01-21,Riverside,065,2383286,546241,513567,25506,539073,5623
2022-01-21,Sacramento,067,1510023,250519,230206,20844,251050,2510
2022-01-21,San Benito,069,59416,11489,10743,413,11156,88
2022-01-21,San Bernardino,071,2135413,529864,495209,23001,518210,6267
2022-01-21,San Diego,073,3302833,677242,628904,45490,674394,4559
2022-01-21,San Francisco,075,870044,109386,100238,7062,107300,702
2022-01-21,San Joaquin,077,732212,149761,138264,8975,147239,1960
2022-01-21,San Luis Obispo,079,281455,46079,42154,3012,45166,385
2022-01-21,San Mateo,081,765935,107944,91440,5565,97005,585
2022-01-21,Santa Barbara,083,443738,74993,69555,3881,73436,589
2022-01-21,Santa Clara,085,1922200,268726,249205,9719,258924,1993
2022-01-21,Santa Cruz,087,273765,38053,33741,1842,35583,237
2022-01-21,Shasta,089,179085,27293,25919,5053,30972,450
2022-01-21,Sierra,091,2930,261,248,35,283,0
2022-01-21,Siskiyou,093,43540,3994,3845,2159,6004,62
2022-01-21,Solano,095,438530,70608,63882,4535,68417,391
2022-01-21,Sonoma,097,501317,72635,66013,1993,68006,422
2022-01-21,Stanislaus,099,539301,105976,100092,14213,114305,1393
2022-01-21,Sutter,101,95872,18543,17616,1267,18883,199
2022-01-21,Tehama,103,63373,10793,10171,2295,12466,142
2022-01-21,Trinity,105,12862,1061,925,258,1183,19
2022-01-21,Tulare,107,460477,93521,85223,23467,108690,1211
2022-01-21,Tuolumne,109,53932,10759,9731,334,10065,91
2022-01-21,Ventura,111,848112,158856,148742,8609,157351,1250
2022-01-21,Yolo,113,214977,32569,30061,2583,32644,273
2022-01-21,Yuba,115,75493,14099,13288,832,14120,103
2022-01-20,Alameda,001,1643700,220107,203927,11013,214940,1575
2022-01-20,Alpine,003,1148,118,119,1,120,0
2022-01-20,Amador,005,37829,7388,6845,373,7218,73
2022-01-20,Butte,007,227075,29073,27232,5519,32751,350
2022-01-20,Calaveras,009,45235,6341,5835,192,6027,95
2022-01-20,Colusa,011,21464,3087,2954,927,3881,21
2022-01-20,Contra Costa,013,1133247,164943,154111,9890,164001,1091
2022-01-20,Del Norte,015,27424,4481,4269,105,4374,43
2022-01-20,El Dorado,017,186661,24231,22273,2744,25017,179
2022-01-20,Fresno,019,978130,197945,185292,19422,204714,2429
2022-01-20,Glenn,021,27897,4421,4174,1395,5569,39
2022-01-20,Humboldt,023,135768,14551,13628,2098,15726,125
2022-01-20,Imperial,025,180216,49030,45741,8189,53930,820
2022-01-20,Inyo,027,18085,3848,3706,241,3947,50
2022-01-20,Kern,029,883053,173213,162902,38988,201890,1946
2022-01-20,Kings,031,150075,44169,40580,2895,43475,396
2022-01-20,Lake,033,64148,8808,8056,605,8661,118
2022-01-20,Lassen,035,31185,7890,7545,725,8270,55
2022-01-20,Los Angeles,037,10098052,2472147,2286280,112966,2399246,28038
2022-01-20,Madera,039,155013,31900,29595,4074,33669,329
2022-01-20,Marin,041,260295,29557,27893,1814,29707,253
2022-01-20,Mariposa,043,17540,2076,1920,109,2029,6
2022-01-20,Mendocino,045,87422,11353,10395,1849,12244,103
2022-01-20,Merced,047,269075,55688,53025,5526,58551,727
2022-01-20,Modoc,049,8938,656,639,224,863,6
2022-01-20,Mono,051,14174,2821,2723,102,2825,4
2022-01-20,Monterey,053,433212,68233,59038,8663,67701,651
2022-01-20,Napa,055,140530,22038,20402,655,21057,111
2022-01-20,Nevada,057,99092,14054,12957,879,13836,112
2022-01-20,Orange,059,3164182,505141,480329,37099,517428,5946
2022-01-20,Placer,061,380077,55718,52557,6404,58961,512
2022-01-20,Plumas,063,18699,2557,2289,197,2486,12
2022-01-20,Riverside,065,2383286,541661,513567,25268,538835,5623
2022-01-20,Sacramento,067,1510023,248223,230206,20193,250399,2510
2022-01-20,San Benito,069,59416,11378,10743,400,11143,88
2022-01-20,San Bernardino,071,2135413,525728,495209,22718,517927,6267
2022-01-20,San Diego,073,3302833,670148,628904,44791,673695,4559
2022-01-20,San Francisco,075,870044,108232,100238,6920,107158,702
2022-01-20,San Joaquin,077,732212,148120,138264,8847,147111,1960
2022-01-20,San Luis Obispo,079,281455,45569,42154,2978,45132,385
2022-01-20,San Mateo,081,765935,106716,91440,5359,96799,585
2022-01-20,Santa Barbara,083,443738,74096,69555,3768,73323,589
2022-01-20,Santa Clara,085,1922200,265413,249205,9388,258593,1993
2022-01-20,Santa Cruz,087,273765,37167,33741,1819,35560,237
2022-01-20,Shasta,089,179085,27103,25919,4986,30905,450
2022-01-20,Sierra,091,2930,261,248,33,281,0
2022-01-20,Siskiyou,093,43540,3982,3845,2126,5971,62
2022-01-20,Solano,095,438530,69662,63882,4446,68328,391
2022-01-20,Sonoma,097,501317,71603,66013,1943,67956,422
2022-01-20,Stanislaus,099,539301,105021,100092,14006,114098,1393
2022-01-20,Sutter,101,95872,18378,17616,1238,18854,199
2022-01-20,Tehama,103,63373,10718,10171,2277,12448,142
2022-01-20,Trinity,105,12862,1047,925,257,1182,19
2022-01-20,Tulare,107,460477,92461,85223,23157,108380,1211
2022-01-20,Tuolumne,109,53932,10617,9731,322,10053,91
2022-01-20,Ventura,111,848112,157469,148742,8535,157277,1250
2022-01-20,Yolo,113,214977,32284,30061,2550,32611,273
2022-01-20,Yuba,115,75493,13992,13288,799,14087,103
2022-01-19,Alameda,001,1643700,216720,199739,10672,210411,1571
2022-01-19,Alpine,003,1148,117,119,1,120,0
2022-01-19,Amador,005,37829,7307,6789,331,7120,73
2022-01-19,Butte,007,227075,28770,26839,5444,32283,351
2022-01-19,Calaveras,009,45235,6250,5765,183,5948,95
2022-01-19,Colusa,011,21464,3062,2938,920,3858,21
2022-01-19,Contra Costa,013,1133247,162634,151543,9649,161192,1091
2022-01-19,Del Norte,015,27424,4442,4240,104,4344,43
2022-01-19,El Dorado,017,186661,23978,21953,2702,24655,177
2022-01-19,Fresno,019,978130,195042,181526,19091,200617,2430
2022-01-19,Glenn,021,27897,4370,4127,1385,5512,39
2022-01-19,Humboldt,023,135768,14392,13391,2045,15436,125
2022-01-19,Imperial,025,180216,48300,45156,7984,53140,820
2022-01-19,Inyo,027,18085,3825,3680,202,3882,49
2022-01-19,Kern,029,883053,171450,160747,38303,199050,1946
2022-01-19,Kings,031,150075,43471,40027,2816,42843,395
2022-01-19,Lake,033,64148,8681,7972,592,8564,118
2022-01-19,Lassen,035,31185,7832,7507,703,8210,55
2022-01-19,Los Angeles,037,10098052,2443741,2251718,111530,2363248,27934
2022-01-19,Madera,039,155013,31519,29021,3901,32922,329
2022-01-19,Marin,041,260295,29261,27375,1771,29146,251
2022-01-19,Mariposa,043,17540,2051,1896,103,1999,6
2022-01-19,Mendocino,045,87422,11181,10252,1755,12007,103
2022-01-19,Merced,047,269075,55142,52355,5170,57525,724
2022-01-19,Modoc,049,8938,654,635,223,858,6
2022-01-19,Mono,051,14174,2799,2677,100,2777,4
2022-01-19,Monterey,053,433212,67324,58426,8200,66626,651
2022-01-19,Napa,055,140530,21785,20090,628,20718,110
2022-01-19,Nevada,057,99092,13899,12703,849,13552,112
2022-01-19,Orange,059,3164182,500655,468460,36727,505187,5943
2022-01-19,Placer,061,380077,55151,51545,6333,57878,511
2022-01-19,Plumas,063,18699,2517,2239,190,2429,12
2022-01-19,Riverside,065,2383286,536131,503575,25028,528603,5604
2022-01-19,Sacramento,067,1510023,245328,226035,19452,245487,2512
2022-01-19,San Benito,069,59416,11237,10639,388,11027,88
2022-01-19,San Bernardino,071,2135413,521118,487846,22336,510182,6265
2022-01-19,San Diego,073,3302833,661370,614709,44065,658774,4553
2022-01-19,San Francisco,075,870044,106860,98652,6841,105493,694
2022-01-19,San Joaquin,077,732212,146227,135953,8715,144668,1959
2022-01-19,San Luis Obispo,079,281455,44971,41374,2912,44286,382
2022-01-19,San Mateo,081,765935,105295,89715,5092,94807,585
2022-01-19,Santa Barbara,083,443738,73096,68531,3667,72198,586
2022-01-19,Santa Clara,085,1922200,261681,244922,9023,253945,1991
2022-01-19,Santa Cruz,087,273765,35862,33026,1794,34820,237
2022-01-19,Shasta,089,179085,26837,25355,4914,30269,450
2022-01-19,Sierra,091,2930,261,245,32,277,0
2022-01-19,Siskiyou,093,43540,3958,3821,2070,5891,62
2022-01-19,Solano,095,438530,68820,63003,4318,67321,392
2022-01-19,Sonoma,097,501317,70496,64689,1898,66587,420
2022-01-19,Stanislaus,099,539301,103973,98952,13715,112667,1381
2022-01-19,Sutter,101,95872,18210,17436,1146,18582,199
2022-01-19,Tehama,103,63373,10605,10064,2228,12292,142
2022-01-19,Trinity,105,12862,1035,916,256,1172,19
2022-01-19,Tulare,107,460477,91162,83743,22670,106413,1200
2022-01-19,Tuolumne,109,53932,10461,9613,298,9911,91
2022-01-19,Ventura,111,848112,155955,144738,8463,153201,1234
2022-01-19,Yolo,113,214977,31918,29392,2514,31906,273
2022-01-19,Yuba,115,75493,13829,13114,786,13900,104
2022-01-18,Alameda,001,1643700,213357,195728,10351,206079,1566
2022-01-18,Alpine,003,1148,117,118,1,119,0
2022-01-18,Amador,005,37829,7169,6691,294,6985,73
2022-01-18,Butte,007,227075,28377,26514,5367,31881,347
2022-01-18,Calaveras,009,45235,6162,5684,168,5852,94
2022-01-18,Colusa,011,21464,3018,2903,915,3818,21
2022-01-18,Contra Costa,013,1133247,160627,149446,9281,158727,1085
2022-01-18,Del Norte,015,27424,4372,4229,99,4328,43
2022-01-18,El Dorado,017,186661,23596,21707,2656,24363,175
2022-01-18,Fresno,019,978130,191544,178922,18649,197571,2425
2022-01-18,Glenn,021,27897,4337,4070,1373,5443,39
2022-01-18,Humboldt,023,135768,14224,13218,1973,15191,125
2022-01-18,Imperial,025,180216,47602,44742,7797,52539,819
2022-01-18,Inyo,027,18085,3784,3654,191,3845,49
2022-01-18,Kern,029,883053,169425,158864,37539,196403,1943
2022-01-18,Kings,031,150075,42592,39440,2734,42174,392
2022-01-18,Lake,033,64148,8568,7919,572,8491,117
2022-01-18,Lassen,035,31185,7748,7461,664,8125,55
2022-01-18,Los Angeles,037,10098052,2410285,2227360,110094,2337454,27871
2022-01-18,Madera,039,155013,30997,28717,3707,32424,329
2022-01-18,Marin,041,260295,28959,27036,1728,28764,251
2022-01-18,Mariposa,043,17540,2026,1872,99,1971,6
2022-01-18,Mendocino,045,87422,11011,10114,1667,11781,103
2022-01-18,Merced,047,269075,54528,51746,4888,56634,718
2022-01-18,Modoc,049,8938,652,633,218,851,6
2022-01-18,Mono,051,14174,2778,2643,99,2742,4
2022-01-18,Monterey,053,433212,66548,57846,7716,65562,650
2022-01-18,Napa,055,140530,21452,19911,611,20522,109
2022-01-18,Nevada,057,99092,13716,12584,806,13390,111
2022-01-18,Orange,059,3164182,495308,461324,36216,497540,5938
2022-01-18,Placer,061,380077,54510,50983,6257,57240,508
2022-01-18,Plumas,063,18699,2480,2218,184,2402,12
2022-01-18,Riverside,065,2383286,530151,497278,24719,521997,5599
2022-01-18,Sacramento,067,1510023,242234,223745,18444,242189,2496
2022-01-18,San Benito,069,59416,11096,10520,374,10894,88
2022-01-18,San Bernardino,071,2135413,515792,483753,21902,505655,6258
2022-01-18,San Diego,073,3302833,651149,605137,43031,648168,4547
2022-01-18,San Francisco,075,870044,105396,96505,6725,103230,694
2022-01-18,San Joaquin,077,732212,144288,134365,8500,142865,1957
2022-01-18,San Luis Obispo,079,281455,44286,40848,2825,43673,381
2022-01-18,San Mateo,081,765935,103778,88225,4894,93119,585
2022-01-18,Santa Barbara,083,443738,71875,67216,3494,70710,581
2022-01-18,Santa Clara,085,1922200,257561,240281,8620,248901,1986
2022-01-18,Santa Cruz,087,273765,35212,32203,1759,33962,237
2022-01-18,Shasta,089,179085,26554,25162,4820,29982,448
2022-01-18,Sierra,091,2930,257,244,32,276,0
2022-01-18,Siskiyou,093,43540,3924,3799,2016,5815,62
2022-01-18,Solano,095,438530,67971,62204,4209,66413,391
2022-01-18,Sonoma,097,501317,69111,63714,1842,65556,419
2022-01-18,Stanislaus,099,539301,102758,98000,13362,111362,1379
2022-01-18,Sutter,101,95872,18019,17295,1074,18369,198
2022-01-18,Tehama,103,63373,10506,9975,2175,12150,142
2022-01-18,Trinity,105,12862,1022,907,255,1162,19
2022-01-18,Tulare,107,460477,89692,82667,22238,104905,1196
2022-01-18,Tuolumne,109,53932,10293,9528,286,9814,91
2022-01-18,Ventura,111,848112,154240,143384,8389,151773,1233
2022-01-18,Yolo,113,214977,31520,28786,2463,31249,270
2022-01-18,Yuba,115,75493,13668,12971,760,13731,101
2022-01-17,Alameda,001,1643700,208665,193276,9752,203028,1565
2022-01-17,Alpine,003,1148,116,118,0,118,0
2022-01-17,Amador,005,37829,7055,6640,236,6876,73
2022-01-17,Butte,007,227075,28001,26303,5262,31565,348
2022-01-17,Calaveras,009,45235,6030,5584,140,5724,94
2022-01-17,Colusa,011,21464,2995,2905,908,3813,21
2022-01-17,Contra Costa,013,1133247,157867,147993,8796,156789,1086
2022-01-17,Del Norte,015,27424,4321,4209,92,4301,43
2022-01-17,El Dorado,017,186661,23344,21540,2574,24114,175
2022-01-17,Fresno,019,978130,187833,176959,18139,195098,2426
2022-01-17,Glenn,021,27897,4284,4055,1359,5414,39
2022-01-17,Humboldt,023,135768,14018,13120,1806,14926,125
2022-01-17,Imperial,025,180216,46917,44412,7625,52037,821
2022-01-17,Inyo,027,18085,3762,3650,165,3815,49
2022-01-17,Kern,029,883053,166879,157645,36654,194299,1944
2022-01-17,Kings,031,150075,41461,39143,2612,41755,392
2022-01-17,Lake,033,64148,8419,7864,532,8396,117
2022-01-17,Lassen,035,31185,7646,7417,626,8043,55
2022-01-17,Los Angeles,037,10098052,2371082,2205740,108129,2313869,27832
2022-01-17,Madera,039,155013,30341,28568,3521,32089,329
2022-01-17,Marin,041,260295,28552,26633,1672,28305,251
2022-01-17,Mariposa,043,17540,2000,1862,93,1955,6
2022-01-17,Mendocino,045,87422,10787,10030,1525,11555,103
2022-01-17,Merced,047,269075,53849,51227,4325,55552,718
2022-01-17,Modoc,049,8938,648,630,218,848,6
2022-01-17,Mono,051,14174,2755,2642,98,2740,4
2022-01-17,Monterey,053,433212,65428,57318,7291,64609,647
2022-01-17,Napa,055,140530,21108,19647,588,20235,109
2022-01-17,Nevada,057,99092,13528,12414,768,13182,111
2022-01-17,Orange,059,3164182,489349,457418,35740,493158,5933
2022-01-17,Placer,061,380077,53777,50511,6111,56622,508
2022-01-17,Plumas,063,18699,2434,2205,152,2357,12
2022-01-17,Riverside,065,2383286,523337,491322,24261,515583,5600
2022-01-17,Sacramento,067,1510023,238150,221143,17063,238206,2497
2022-01-17,San Benito,069,59416,10929,10432,346,10778,88
2022-01-17,San Bernardino,071,2135413,509487,480243,21342,501585,6259
2022-01-17,San Diego,073,3302833,638944,569241,41832,611073,4545
2022-01-17,San Francisco,075,870044,103770,95292,6531,101823,694
2022-01-17,San Joaquin,077,732212,141448,133414,8311,141725,1958
2022-01-17,San Luis Obispo,079,281455,43456,40425,2723,43148,379
2022-01-17,San Mateo,081,765935,101809,87013,4636,91649,585
2022-01-17,Santa Barbara,083,443738,70552,66704,3293,69997,581
2022-01-17,Santa Clara,085,1922200,253070,237934,8177,246111,1985
2022-01-17,Santa Cruz,087,273765,34442,31714,1721,33435,237
2022-01-17,Shasta,089,179085,26264,25025,4698,29723,448
2022-01-17,Sierra,091,2930,256,242,32,274,0
2022-01-17,Siskiyou,093,43540,3885,3764,1936,5700,62
2022-01-17,Solano,095,438530,66933,61497,3947,65444,391
2022-01-17,Sonoma,097,501317,67602,62763,1778,64541,419
2022-01-17,Stanislaus,099,539301,101443,96951,12875,109826,1379
2022-01-17,Sutter,101,95872,17812,17159,935,18094,198
2022-01-17,Tehama,103,63373,10384,9912,2116,12028,142
2022-01-17,Trinity,105,12862,1009,906,251,1157,19
2022-01-17,Tulare,107,460477,87931,81741,21667,103408,1199
2022-01-17,Tuolumne,109,53932,10159,9416,252,9668,91
2022-01-17,Ventura,111,848112,152123,142070,8277,150347,1234
2022-01-17,Yolo,113,214977,30990,28638,2397,31035,270
2022-01-17,Yuba,115,75493,13470,12871,704,13575,101
2022-01-16,Alameda,001,1643700,205590,190691,9483,200174,1564
2022-01-16,Alpine,003,1148,116,118,0,118,0
2022-01-16,Amador,005,37829,6981,6618,228,6846,73
2022-01-16,Butte,007,227075,27660,26139,5213,31352,348
2022-01-16,Calaveras,009,45235,5929,5537,136,5673,94
2022-01-16,Colusa,011,21464,2978,2886,896,3782,21
2022-01-16,Contra Costa,013,1133247,155957,146307,8595,154902,1086
2022-01-16,Del Norte,015,27424,4278,4177,90,4267,43
2022-01-16,El Dorado,017,186661,23069,21303,2535,23838,175
2022-01-16,Fresno,019,978130,185120,174818,17781,192599,2425
2022-01-16,Glenn,021,27897,4229,4049,1337,5386,39
2022-01-16,Humboldt,023,135768,13871,13075,1787,14862,125
2022-01-16,Imperial,025,180216,46343,44035,7456,51491,821
2022-01-16,Inyo,027,18085,3725,3602,143,3745,49
2022-01-16,Kern,029,883053,165607,156655,35863,192518,1944
2022-01-16,Kings,031,150075,41089,38861,2583,41444,392
2022-01-16,Lake,033,64148,8315,7823,497,8320,117
2022-01-16,Lassen,035,31185,7603,7391,612,8003,55
2022-01-16,Los Angeles,037,10098052,2347871,2174403,106592,2280995,27805
2022-01-16,Madera,039,155013,29969,28313,3470,31783,329
2022-01-16,Marin,041,260295,28258,26292,1658,27950,251
2022-01-16,Mariposa,043,17540,1973,1851,88,1939,6
2022-01-16,Mendocino,045,87422,10641,9992,1408,11400,102
2022-01-16,Merced,047,269075,53259,50882,4300,55182,718
2022-01-16,Modoc,049,8938,645,629,218,847,6
2022-01-16,Mono,051,14174,2751,2614,96,2710,4
2022-01-16,Monterey,053,433212,64660,57012,7142,64154,647
2022-01-16,Napa,055,140530,20841,19521,577,20098,109
2022-01-16,Nevada,057,99092,13311,12307,749,13056,111
2022-01-16,Orange,059,3164182,483949,451962,35186,487148,5932
2022-01-16,Placer,061,380077,53063,50076,5998,56074,508
2022-01-16,Plumas,063,18699,2399,2204,142,2346,12
2022-01-16,Riverside,065,2383286,517834,485191,24034,509225,5600
2022-01-16,Sacramento,067,1510023,235190,218819,16321,235140,2491
2022-01-16,San Benito,069,59416,10771,10377,344,10721,88
2022-01-16,San Bernardino,071,2135413,505635,474425,21084,495509,6259
2022-01-16,San Diego,073,3302833,631347,569241,41394,610635,4545
2022-01-16,San Francisco,075,870044,102252,94139,6392,100531,694
2022-01-16,San Joaquin,077,732212,139666,132214,8168,140382,1958
2022-01-16,San Luis Obispo,079,281455,42799,40113,2683,42796,379
2022-01-16,San Mateo,081,765935,100282,85966,4541,90507,585
2022-01-16,Santa Barbara,083,443738,69525,66111,3253,69364,582
2022-01-16,Santa Clara,085,1922200,249407,234293,8023,242316,1984
2022-01-16,Santa Cruz,087,273765,33812,31469,1698,33167,237
2022-01-16,Shasta,089,179085,26018,24980,4630,29610,449
2022-01-16,Sierra,091,2930,252,238,31,269,0
2022-01-16,Siskiyou,093,43540,3858,3748,1896,5644,62
2022-01-16,Solano,095,438530,66259,60885,3815,64700,391
2022-01-16,Sonoma,097,501317,66527,61842,1759,63601,419
2022-01-16,Stanislaus,099,539301,100378,96370,12722,109092,1379
2022-01-16,Sutter,101,95872,17611,16996,912,17908,198
2022-01-16,Tehama,103,63373,10300,9868,2094,11962,142
2022-01-16,Trinity,105,12862,1004,889,249,1138,19
2022-01-16,Tulare,107,460477,86603,80867,21394,102261,1199
2022-01-16,Tuolumne,109,53932,10054,9369,243,9612,91
2022-01-16,Ventura,111,848112,150548,140715,8204,148919,1234
2022-01-16,Yolo,113,214977,30598,28481,2343,30824,270
2022-01-16,Yuba,115,75493,13294,12760,698,13458,101
2022-01-15,Alameda,001,1643700,204231,177768,9431,187199,1561
2022-01-15,Alpine,003,1148,116,117,0,117,0
2022-01-15,Amador,005,37829,6949,6434,214,6648,72
2022-01-15,Butte,007,227075,27506,25032,5164,30196,348
2022-01-15,Calaveras,009,45235,5897,5258,136,5394,93
2022-01-15,Colusa,011,21464,2965,2796,888,3684,21
2022-01-15,Contra Costa,013,1133247,154747,137643,8549,146192,1082
2022-01-15,Del Norte,015,27424,4264,4065,88,4153,43
2022-01-15,El Dorado,017,186661,22971,20434,2518,22952,175
2022-01-15,Fresno,019,978130,184190,167361,17694,185055,2415
2022-01-15,Glenn,021,27897,4222,3906,1330,5236,39
2022-01-15,Humboldt,023,135768,13768,12419,1771,14190,123
2022-01-15,Imperial,025,180216,46203,42508,7343,49851,817
2022-01-15,Inyo,027,18085,3715,3395,143,3538,49
2022-01-15,Kern,029,883053,164766,150085,35471,185556,1938
2022-01-15,Kings,031,150075,40840,37221,2571,39792,391
2022-01-15,Lake,033,64148,8276,7641,484,8125,117
2022-01-15,Lassen,035,31185,7562,7274,606,7880,55
2022-01-15,Los Angeles,037,10098052,2336325,2047927,105636,2153563,27641
2022-01-15,Madera,039,155013,29822,27294,3447,30741,329
2022-01-15,Marin,041,260295,28071,25248,1651,26899,251
2022-01-15,Mariposa,043,17540,1966,1762,88,1850,6
2022-01-15,Mendocino,045,87422,10568,9534,1402,10936,102
2022-01-15,Merced,047,269075,53093,48904,4288,53192,715
2022-01-15,Modoc,049,8938,643,628,218,846,6
2022-01-15,Mono,051,14174,2746,2508,95,2603,4
2022-01-15,Monterey,053,433212,64146,55315,7073,62388,647
2022-01-15,Napa,055,140530,20720,17648,572,18220,109
2022-01-15,Nevada,057,99092,13253,11773,735,12508,111
2022-01-15,Orange,059,3164182,481354,433141,34910,468051,5914
2022-01-15,Placer,061,380077,52777,47780,5964,53744,501
2022-01-15,Plumas,063,18699,2378,2158,136,2294,12
2022-01-15,Riverside,065,2383286,515150,466381,23899,490280,5578
2022-01-15,Sacramento,067,1510023,234033,208156,16218,224374,2491
2022-01-15,San Benito,069,59416,10672,9868,338,10206,87
2022-01-15,San Bernardino,071,2135413,503353,454395,20930,475325,6233
2022-01-15,San Diego,073,3302833,627552,559385,41138,600523,4540
2022-01-15,San Francisco,075,870044,101258,88004,6256,94260,692
2022-01-15,San Joaquin,077,732212,139104,125136,8068,133204,1954
2022-01-15,San Luis Obispo,079,281455,42610,38231,2670,40901,374
2022-01-15,San Mateo,081,765935,99326,80494,4500,84994,582
2022-01-15,Santa Barbara,083,443738,68926,62312,3242,65554,579
2022-01-15,Santa Clara,085,1922200,247204,218986,7898,226884,1974
2022-01-15,Santa Cruz,087,273765,33456,29414,1690,31104,235
2022-01-15,Shasta,089,179085,25929,24482,4598,29080,445
2022-01-15,Sierra,091,2930,251,232,30,262,0
2022-01-15,Siskiyou,093,43540,3846,3661,1885,5546,62
2022-01-15,Solano,095,438530,65980,58061,3764,61825,389
2022-01-15,Sonoma,097,501317,65943,58181,1753,59934,418
2022-01-15,Stanislaus,099,539301,99794,92986,12623,105609,1379
2022-01-15,Sutter,101,95872,17521,16345,902,17247,197
2022-01-15,Tehama,103,63373,10251,9572,2075,11647,141
2022-01-15,Trinity,105,12862,1001,872,249,1121,19
2022-01-15,Tulare,107,460477,86157,77769,21270,99039,1192
2022-01-15,Tuolumne,109,53932,9955,9042,238,9280,91
2022-01-15,Ventura,111,848112,149775,134736,8168,142904,1227
2022-01-15,Yolo,113,214977,30418,27311,2323,29634,270
2022-01-15,Yuba,115,75493,13232,12200,694,12894,101
2022-01-14,Alameda,001,1643700,202192,177768,9378,187146,1561
2022-01-14,Alpine,003,1148,116,117,0,117,0
2022-01-14,Amador,005,37829,6873,6434,205,6639,72
2022-01-14,Butte,007,227075,27325,25032,5136,30168,348
2022-01-14,Calaveras,009,45235,5860,5258,135,5393,93
2022-01-14,Colusa,011,21464,2956,2796,878,3674,21
2022-01-14,Contra Costa,013,1133247,153304,137643,8447,146090,1082
2022-01-14,Del Norte,015,27424,4239,4065,87,4152,43
2022-01-14,El Dorado,017,186661,22816,20434,2500,22934,175
2022-01-14,Fresno,019,978130,182537,167361,17618,184979,2415
2022-01-14,Glenn,021,27897,4200,3906,1321,5227,39
2022-01-14,Humboldt,023,135768,13663,12419,1738,14157,123
2022-01-14,Imperial,025,180216,46033,42508,7323,49831,817
2022-01-14,Inyo,027,18085,3690,3395,139,3534,49
2022-01-14,Kern,029,883053,163770,150085,35034,185119,1938
2022-01-14,Kings,031,150075,40590,37221,2562,39783,391
2022-01-14,Lake,033,64148,8220,7641,471,8112,117
2022-01-14,Lassen,035,31185,7532,7274,594,7868,55
2022-01-14,Los Angeles,037,10098052,2316994,2047927,104596,2152523,27641
2022-01-14,Madera,039,155013,29585,27294,3422,30716,329
2022-01-14,Marin,041,260295,27810,25248,1616,26864,251
2022-01-14,Mariposa,043,17540,1951,1762,88,1850,6
2022-01-14,Mendocino,045,87422,10457,9534,1389,10923,102
2022-01-14,Merced,047,269075,52909,48904,4272,53176,715
2022-01-14,Modoc,049,8938,642,628,218,846,6
2022-01-14,Mono,051,14174,2725,2508,93,2601,4
2022-01-14,Monterey,053,433212,63450,55315,6981,62296,647
2022-01-14,Napa,055,140530,20550,17648,566,18214,109
2022-01-14,Nevada,057,99092,13130,11773,722,12495,111
2022-01-14,Orange,059,3164182,477620,433141,34589,467730,5914
2022-01-14,Placer,061,380077,52343,47780,5878,53658,501
2022-01-14,Plumas,063,18699,2370,2158,129,2287,12
2022-01-14,Riverside,065,2383286,511624,466381,23755,490136,5578
2022-01-14,Sacramento,067,1510023,232088,208156,16061,224217,2491
2022-01-14,San Benito,069,59416,10620,9868,337,10205,87
2022-01-14,San Bernardino,071,2135413,500240,454395,20741,475136,6233
2022-01-14,San Diego,073,3302833,621902,559385,40833,600218,4540
2022-01-14,San Francisco,075,870044,100086,88004,6079,94083,692
2022-01-14,San Joaquin,077,732212,138260,125136,7986,133122,1954
2022-01-14,San Luis Obispo,079,281455,42444,38231,2647,40878,374
2022-01-14,San Mateo,081,765935,98100,80494,4471,84965,582
2022-01-14,Santa Barbara,083,443738,68409,62312,3232,65544,579
2022-01-14,Santa Clara,085,1922200,244629,218986,7791,226777,1974
2022-01-14,Santa Cruz,087,273765,33079,29414,1680,31094,235
2022-01-14,Shasta,089,179085,25814,24482,4564,29046,445
2022-01-14,Sierra,091,2930,249,232,28,260,0
2022-01-14,Siskiyou,093,43540,3835,3661,1872,5533,62
2022-01-14,Solano,095,438530,65137,58061,3674,61735,389
2022-01-14,Sonoma,097,501317,65409,58181,1726,59907,418
2022-01-14,Stanislaus,099,539301,99189,92986,12522,105508,1379
2022-01-14,Sutter,101,95872,17395,16345,893,17238,197
2022-01-14,Tehama,103,63373,10198,9572,2062,11634,141
2022-01-14,Trinity,105,12862,996,872,247,1119,19
2022-01-14,Tulare,107,460477,85626,77769,21095,98864,1192
2022-01-14,Tuolumne,109,53932,9831,9042,233,9275,91
2022-01-14,Ventura,111,848112,148670,134736,8110,142846,1227
2022-01-14,Yolo,113,214977,30176,27311,2294,29605,270
2022-01-14,Yuba,115,75493,13129,12200,689,12889,101
2022-01-13,Alameda,001,1643700,197881,177768,9022,186790,1561
2022-01-13,Alpine,003,1148,115,117,0,117,0
2022-01-13,Amador,005,37829,6813,6434,184,6618,72
2022-01-13,Butte,007,227075,27025,25032,5024,30056,348
2022-01-13,Calaveras,009,45235,5769,5258,131,5389,93
2022-01-13,Colusa,011,21464,2925,2796,868,3664,21
2022-01-13,Contra Costa,013,1133247,150778,137643,7990,145633,1082
2022-01-13,Del Norte,015,27424,4203,4065,86,4151,43
2022-01-13,El Dorado,017,186661,22569,20434,2454,22888,175
2022-01-13,Fresno,019,978130,179734,167361,17253,184614,2415
2022-01-13,Glenn,021,27897,4152,3906,1295,5201,39
2022-01-13,Humboldt,023,135768,13510,12419,1676,14095,123
2022-01-13,Imperial,025,180216,45487,42508,7100,49608,817
2022-01-13,Inyo,027,18085,3634,3395,122,3517,49
2022-01-13,Kern,029,883053,162179,150085,34437,184522,1938
2022-01-13,Kings,031,150075,40109,37221,2517,39738,391
2022-01-13,Lake,033,64148,8120,7641,450,8091,117
2022-01-13,Lassen,035,31185,7503,7274,578,7852,55
2022-01-13,Los Angeles,037,10098052,2280520,2047927,102806,2150733,27641
2022-01-13,Madera,039,155013,29124,27294,3328,30622,329
2022-01-13,Marin,041,260295,27464,25248,1572,26820,251
2022-01-13,Mariposa,043,17540,1928,1762,85,1847,6
2022-01-13,Mendocino,045,87422,10366,9534,1321,10855,102
2022-01-13,Merced,047,269075,52251,48904,4010,52914,715
2022-01-13,Modoc,049,8938,639,628,218,846,6
2022-01-13,Mono,051,14174,2702,2508,90,2598,4
2022-01-13,Monterey,053,433212,62512,55315,6693,62008,647
2022-01-13,Napa,055,140530,20253,17648,556,18204,109
2022-01-13,Nevada,057,99092,12942,11773,692,12465,111
2022-01-13,Orange,059,3164182,471173,433141,34133,467274,5914
2022-01-13,Placer,061,380077,51710,47780,5763,53543,501
2022-01-13,Plumas,063,18699,2350,2158,119,2277,12
2022-01-13,Riverside,065,2383286,505330,466381,23425,489806,5578
2022-01-13,Sacramento,067,1510023,228987,208156,15255,223411,2491
2022-01-13,San Benito,069,59416,10516,9868,329,10197,87
2022-01-13,San Bernardino,071,2135413,494556,454395,20264,474659,6233
2022-01-13,San Diego,073,3302833,613371,559385,39961,599346,4540
2022-01-13,San Francisco,075,870044,98349,88004,5881,93885,692
2022-01-13,San Joaquin,077,732212,136190,125136,7837,132973,1954
2022-01-13,San Luis Obispo,079,281455,41841,38231,2542,40773,374
2022-01-13,San Mateo,081,765935,96317,80494,4230,84724,582
2022-01-13,Santa Barbara,083,443738,67412,62312,3046,65358,579
2022-01-13,Santa Clara,085,1922200,240370,218986,7453,226439,1974
2022-01-13,Santa Cruz,087,273765,32265,29414,1658,31072,235
2022-01-13,Shasta,089,179085,25607,24482,4491,28973,445
2022-01-13,Sierra,091,2930,248,232,28,260,0
2022-01-13,Siskiyou,093,43540,3813,3661,1831,5492,62
2022-01-13,Solano,095,438530,64006,58061,3562,61623,389
2022-01-13,Sonoma,097,501317,64343,58181,1668,59849,418
2022-01-13,Stanislaus,099,539301,98073,92986,12248,105234,1379
2022-01-13,Sutter,101,95872,17199,16345,828,17173,197
2022-01-13,Tehama,103,63373,10100,9572,2013,11585,141
2022-01-13,Trinity,105,12862,988,872,247,1119,19
2022-01-13,Tulare,107,460477,84343,77769,20779,98548,1192
2022-01-13,Tuolumne,109,53932,9691,9042,215,9257,91
2022-01-13,Ventura,111,848112,146884,134736,8022,142758,1227
2022-01-13,Yolo,113,214977,29764,27311,2248,29559,270
2022-01-13,Yuba,115,75493,12993,12200,660,12860,101
2022-01-12,Alameda,001,1643700,193253,173001,8558,181559,1563
2022-01-12,Alpine,003,1148,115,117,0,117,0
2022-01-12,Amador,005,37829,6765,6354,170,6524,71
2022-01-12,Butte,007,227075,26699,24631,4936,29567,348
2022-01-12,Calaveras,009,45235,5690,5151,125,5276,93
2022-01-12,Colusa,011,21464,2885,2772,855,3627,21
2022-01-12,Contra Costa,013,1133247,148237,134579,7627,142206,1077
2022-01-12,Del Norte,015,27424,4176,4019,84,4103,43
2022-01-12,El Dorado,017,186661,22246,20092,2413,22505,175
2022-01-12,Fresno,019,978130,176999,165316,16832,182148,2413
2022-01-12,Glenn,021,27897,4099,3859,1273,5132,39
2022-01-12,Humboldt,023,135768,13338,12081,1594,13675,122
2022-01-12,Imperial,025,180216,44829,41985,6786,48771,814
2022-01-12,Inyo,027,18085,3588,3334,106,3440,49
2022-01-12,Kern,029,883053,160041,148435,33699,182134,1933
2022-01-12,Kings,031,150075,39474,36780,2475,39255,391
2022-01-12,Lake,033,64148,8004,7535,406,7941,117
2022-01-12,Lassen,035,31185,7460,7223,551,7774,55
2022-01-12,Los Angeles,037,10098052,2240819,2005065,100554,2105619,27601
2022-01-12,Madera,039,155013,28809,26952,3230,30182,329
2022-01-12,Marin,041,260295,26974,24704,1521,26225,251
2022-01-12,Mariposa,043,17540,1899,1725,83,1808,6
2022-01-12,Mendocino,045,87422,10201,9379,1221,10600,103
2022-01-12,Merced,047,269075,51549,48441,3735,52176,710
2022-01-12,Modoc,049,8938,637,627,218,845,6
2022-01-12,Mono,051,14174,2666,2466,86,2552,4
2022-01-12,Monterey,053,433212,61527,54524,6329,60853,647
2022-01-12,Napa,055,140530,19995,17347,533,17880,109
2022-01-12,Nevada,057,99092,12726,11552,644,12196,111
2022-01-12,Orange,059,3164182,464384,425737,33541,459278,5912
2022-01-12,Placer,061,380077,51055,47004,5650,52654,501
2022-01-12,Plumas,063,18699,2311,2135,108,2243,12
2022-01-12,Riverside,065,2383286,498121,458881,23079,481960,5565
2022-01-12,Sacramento,067,1510023,225395,204696,14356,219052,2479
2022-01-12,San Benito,069,59416,10385,9737,317,10054,87
2022-01-12,San Bernardino,071,2135413,488270,447869,19638,467507,6222
2022-01-12,San Diego,073,3302833,602864,551669,39103,590772,4529
2022-01-12,San Francisco,075,870044,96509,85700,5768,91468,691
2022-01-12,San Joaquin,077,732212,133907,122850,7709,130559,1948
2022-01-12,San Luis Obispo,079,281455,41110,37727,2459,40186,373
2022-01-12,San Mateo,081,765935,94283,78476,3852,82328,582
2022-01-12,Santa Barbara,083,443738,66268,60815,2941,63756,578
2022-01-12,Santa Clara,085,1922200,235878,213177,7070,220247,1971
2022-01-12,Santa Cruz,087,273765,31610,28463,1609,30072,235
2022-01-12,Shasta,089,179085,25390,24324,4425,28749,446
2022-01-12,Sierra,091,2930,247,228,28,256,0
2022-01-12,Siskiyou,093,43540,3786,3639,1784,5423,62
2022-01-12,Solano,095,438530,62959,57052,3441,60493,386
2022-01-12,Sonoma,097,501317,63056,56394,1584,57978,417
2022-01-12,Stanislaus,099,539301,96838,91738,11911,103649,1373
2022-01-12,Sutter,101,95872,17003,16135,795,16930,197
2022-01-12,Tehama,103,63373,10011,9475,1952,11427,141
2022-01-12,Trinity,105,12862,984,868,246,1114,19
2022-01-12,Tulare,107,460477,83205,76943,20368,97311,1192
2022-01-12,Tuolumne,109,53932,9560,8870,197,9067,91
2022-01-12,Ventura,111,848112,144973,132180,7943,140123,1220
2022-01-12,Yolo,113,214977,29353,26888,2172,29060,270
2022-01-12,Yuba,115,75493,12834,12015,633,12648,101
2022-01-11,Alameda,001,1643700,188734,169181,8159,177340,1561
2022-01-11,Alpine,003,1148,115,116,0,116,0
2022-01-11,Amador,005,37829,6681,6317,155,6472,71
2022-01-11,Butte,007,227075,26306,24479,4846,29325,347
2022-01-11,Calaveras,009,45235,5560,5083,111,5194,93
2022-01-11,Colusa,011,21464,2863,2766,841,3607,21
2022-01-11,Contra Costa,013,1133247,145266,132410,7142,139552,1077
2022-01-11,Del Norte,015,27424,4142,4006,82,4088,43
2022-01-11,El Dorado,017,186661,21898,19842,2340,22182,174
2022-01-11,Fresno,019,978130,173957,163509,16484,179993,2404
2022-01-11,Glenn,021,27897,4037,3844,1228,5072,39
2022-01-11,Humboldt,023,135768,13117,11960,1501,13461,122
2022-01-11,Imperial,025,180216,44224,41444,6579,48023,813
2022-01-11,Inyo,027,18085,3490,3278,99,3377,49
2022-01-11,Kern,029,883053,157755,146942,32866,179808,1929
2022-01-11,Kings,031,150075,38887,36524,2444,38968,389
2022-01-11,Lake,033,64148,7926,7494,390,7884,117
2022-01-11,Lassen,035,31185,7411,7210,537,7747,55
2022-01-11,Los Angeles,037,10098052,2198382,1966319,98324,2064643,27563
2022-01-11,Madera,039,155013,28395,26688,3150,29838,329
2022-01-11,Marin,041,260295,26618,24387,1476,25863,251
2022-01-11,Mariposa,043,17540,1877,1718,79,1797,6
2022-01-11,Mendocino,045,87422,10040,9301,1123,10424,102
2022-01-11,Merced,047,269075,50785,48068,3552,51620,708
2022-01-11,Modoc,049,8938,636,626,217,843,6
2022-01-11,Mono,051,14174,2623,2425,85,2510,4
2022-01-11,Monterey,053,433212,60483,53911,5977,59888,646
2022-01-11,Napa,055,140530,19554,17020,485,17505,109
2022-01-11,Nevada,057,99092,12500,11467,609,12076,110
2022-01-11,Orange,059,3164182,456708,417703,32905,450608,5909
2022-01-11,Placer,061,380077,50304,46459,5506,51965,500
2022-01-11,Plumas,063,18699,2276,2099,100,2199,12
2022-01-11,Riverside,065,2383286,490395,453766,22762,476528,5551
2022-01-11,Sacramento,067,1510023,221207,201058,13306,214364,2489
2022-01-11,San Benito,069,59416,10248,9624,304,9928,83
2022-01-11,San Bernardino,071,2135413,480598,442960,19027,461987,6198
2022-01-11,San Diego,073,3302833,590845,536954,37996,574950,4520
2022-01-11,San Francisco,075,870044,94304,83678,5608,89286,691
2022-01-11,San Joaquin,077,732212,131532,121139,7538,128677,1944
2022-01-11,San Luis Obispo,079,281455,40332,37183,2340,39523,372
2022-01-11,San Mateo,081,765935,91985,76756,3630,80386,582
2022-01-11,Santa Barbara,083,443738,64966,59758,2802,62560,578
2022-01-11,Santa Clara,085,1922200,230497,208425,6613,215038,1971
2022-01-11,Santa Cruz,087,273765,31102,27709,1558,29267,232
2022-01-11,Shasta,089,179085,25135,24132,4330,28462,446
2022-01-11,Sierra,091,2930,245,228,28,256,0
2022-01-11,Siskiyou,093,43540,3760,3621,1734,5355,62
2022-01-11,Solano,095,438530,61563,56349,3285,59634,388
2022-01-11,Sonoma,097,501317,61538,55411,1503,56914,416
2022-01-11,Stanislaus,099,539301,95474,90998,11550,102548,1372
2022-01-11,Sutter,101,95872,16802,15993,739,16732,197
2022-01-11,Tehama,103,63373,9880,9406,1904,11310,140
2022-01-11,Trinity,105,12862,972,858,244,1102,19
2022-01-11,Tulare,107,460477,81898,76267,19956,96223,1188
2022-01-11,Tuolumne,109,53932,9402,8811,190,9001,91
2022-01-11,Ventura,111,848112,142741,129548,7807,137355,1220
2022-01-11,Yolo,113,214977,28780,26482,2109,28591,270
2022-01-11,Yuba,115,75493,12660,11912,612,12524,101
2022-01-10,Alameda,001,1643700,183629,165657,7631,173288,1559
2022-01-10,Alpine,003,1148,115,116,0,116,0
2022-01-10,Amador,005,37829,6578,6279,139,6418,71
2022-01-10,Butte,007,227075,25964,24217,4757,28974,347
2022-01-10,Calaveras,009,45235,5461,5025,105,5130,93
2022-01-10,Colusa,011,21464,2835,2758,832,3590,21
2022-01-10,Contra Costa,013,1133247,142539,129951,6628,136579,1077
2022-01-10,Del Norte,015,27424,4119,3970,82,4052,43
2022-01-10,El Dorado,017,186661,21334,19606,2283,21889,172
2022-01-10,Fresno,019,978130,170912,161593,16085,177678,2404
2022-01-10,Glenn,021,27897,3978,3807,1214,5021,39
2022-01-10,Humboldt,023,135768,12873,11778,1368,13146,121
2022-01-10,Imperial,025,180216,43499,41080,6357,47437,811
2022-01-10,Inyo,027,18085,3435,3227,87,3314,49
2022-01-10,Kern,029,883053,155181,145744,32112,177856,1929
2022-01-10,Kings,031,150075,38264,36286,2407,38693,389
2022-01-10,Lake,033,64148,7837,7416,366,7782,117
2022-01-10,Lassen,035,31185,7374,7192,514,7706,55
2022-01-10,Los Angeles,037,10098052,2152858,1932475,95838,2028313,27546
2022-01-10,Madera,039,155013,27943,26501,3048,29549,328
2022-01-10,Marin,041,260295,26131,24023,1402,25425,251
2022-01-10,Mariposa,043,17540,1837,1684,73,1757,6
2022-01-10,Mendocino,045,87422,9867,9163,1035,10198,101
2022-01-10,Merced,047,269075,49975,47632,3271,50903,707
2022-01-10,Modoc,049,8938,635,622,215,837,6
2022-01-10,Mono,051,14174,2557,2415,80,2495,4
2022-01-10,Monterey,053,433212,59527,53485,5660,59145,645
2022-01-10,Napa,055,140530,19176,16775,470,17245,109
2022-01-10,Nevada,057,99092,12277,11300,571,11871,110
2022-01-10,Orange,059,3164182,448017,406170,32051,438221,5906
2022-01-10,Placer,061,380077,49454,45642,5344,50986,498
2022-01-10,Plumas,063,18699,2241,2086,98,2184,12
2022-01-10,Riverside,065,2383286,482141,445536,22308,467844,5546
2022-01-10,Sacramento,067,1510023,216693,198023,12234,210257,2474
2022-01-10,San Benito,069,59416,10076,9467,294,9761,83
2022-01-10,San Bernardino,071,2135413,472441,437207,18300,455507,6184
2022-01-10,San Diego,073,3302833,578135,530506,36858,567364,4500
2022-01-10,San Francisco,075,870044,92508,82209,5347,87556,690
2022-01-10,San Joaquin,077,732212,128862,119587,7252,126839,1927
2022-01-10,San Luis Obispo,079,281455,39517,36618,2242,38860,371
2022-01-10,San Mateo,081,765935,89340,75210,3372,78582,582
2022-01-10,Santa Barbara,083,443738,63706,58957,2612,61569,578
2022-01-10,Santa Clara,085,1922200,224718,203540,6128,209668,1971
2022-01-10,Santa Cruz,087,273765,30262,26906,1519,28425,232
2022-01-10,Shasta,089,179085,24936,23983,4252,28235,446
2022-01-10,Sierra,091,2930,242,223,28,251,0
2022-01-10,Siskiyou,093,43540,3727,3592,1690,5282,62
2022-01-10,Solano,095,438530,60525,55663,3076,58739,385
2022-01-10,Sonoma,097,501317,59989,54478,1456,55934,412
2022-01-10,Stanislaus,099,539301,94145,89997,11224,101221,1372
2022-01-10,Sutter,101,95872,16558,15823,692,16515,196
2022-01-10,Tehama,103,63373,9768,9360,1848,11208,140
2022-01-10,Trinity,105,12862,968,849,242,1091,19
2022-01-10,Tulare,107,460477,80396,75498,19541,95039,1186
2022-01-10,Tuolumne,109,53932,9276,8685,178,8863,91
2022-01-10,Ventura,111,848112,140136,126240,7663,133903,1217
2022-01-10,Yolo,113,214977,28183,26065,2055,28120,270
2022-01-10,Yuba,115,75493,12411,11776,577,12353,101
2022-01-09,Alameda,001,1643700,179139,162701,6948,169649,1561
2022-01-09,Alpine,003,1148,115,116,0,116,0
2022-01-09,Amador,005,37829,6491,6215,127,6342,71
2022-01-09,Butte,007,227075,25574,24018,4642,28660,347
2022-01-09,Calaveras,009,45235,5331,4976,96,5072,93
2022-01-09,Colusa,011,21464,2808,2750,809,3559,21
2022-01-09,Contra Costa,013,1133247,139683,128050,5975,134025,1077
2022-01-09,Del Norte,015,27424,4080,3950,78,4028,43
2022-01-09,El Dorado,017,186661,20973,19430,2217,21647,172
2022-01-09,Fresno,019,978130,168327,159989,15701,175690,2405
2022-01-09,Glenn,021,27897,3923,3797,1193,4990,39
2022-01-09,Humboldt,023,135768,12629,11582,1245,12827,121
2022-01-09,Imperial,025,180216,42659,40608,6088,46696,811
2022-01-09,Inyo,027,18085,3332,3149,78,3227,49
2022-01-09,Kern,029,883053,152721,144819,31363,176182,1927
2022-01-09,Kings,031,150075,37587,36041,2369,38410,389
2022-01-09,Lake,033,64148,7726,7393,321,7714,117
2022-01-09,Lassen,035,31185,7309,7172,485,7657,55
2022-01-09,Los Angeles,037,10098052,2104836,1887830,92832,1980662,27532
2022-01-09,Madera,039,155013,27562,26325,2947,29272,328
2022-01-09,Marin,041,260295,25681,23708,1311,25019,251
2022-01-09,Mariposa,043,17540,1787,1660,72,1732,6
2022-01-09,Mendocino,045,87422,9658,9097,923,10020,101
2022-01-09,Merced,047,269075,49106,47294,2999,50293,706
2022-01-09,Modoc,049,8938,633,619,215,834,6
2022-01-09,Mono,051,14174,2522,2390,73,2463,4
2022-01-09,Monterey,053,433212,58467,53251,5389,58640,645
2022-01-09,Napa,055,140530,18681,16614,454,17068,109
2022-01-09,Nevada,057,99092,12019,11152,511,11663,110
2022-01-09,Orange,059,3164182,438028,400563,31094,431657,5905
2022-01-09,Placer,061,380077,48474,45081,5193,50274,498
2022-01-09,Plumas,063,18699,2202,2081,78,2159,12
2022-01-09,Riverside,065,2383286,473167,440413,21760,462173,5546
2022-01-09,Sacramento,067,1510023,211890,195444,11083,206527,2475
2022-01-09,San Benito,069,59416,9890,9363,266,9629,83
2022-01-09,San Bernardino,071,2135413,464375,430257,17477,447734,6180
2022-01-09,San Diego,073,3302833,564977,478206,35003,513209,4500
2022-01-09,San Francisco,075,870044,90640,80463,5099,85562,690
2022-01-09,San Joaquin,077,732212,125783,118422,7085,125507,1927
2022-01-09,San Luis Obispo,079,281455,38709,36291,2134,38425,371
2022-01-09,San Mateo,081,765935,86829,73867,3041,76908,582
2022-01-09,Santa Barbara,083,443738,62019,58280,2349,60629,578
2022-01-09,Santa Clara,085,1922200,218666,199889,5581,205470,1976
2022-01-09,Santa Cruz,087,273765,29511,26513,1487,28000,232
2022-01-09,Shasta,089,179085,24702,23926,4164,28090,446
2022-01-09,Sierra,091,2930,239,223,26,249,0
2022-01-09,Siskiyou,093,43540,3698,3580,1629,5209,62
2022-01-09,Solano,095,438530,59369,54985,2789,57774,384
2022-01-09,Sonoma,097,501317,58313,53543,1418,54961,412
2022-01-09,Stanislaus,099,539301,92781,89248,10963,100211,1372
2022-01-09,Sutter,101,95872,16270,15695,610,16305,196
2022-01-09,Tehama,103,63373,9648,9306,1796,11102,140
2022-01-09,Trinity,105,12862,964,848,240,1088,19
2022-01-09,Tulare,107,460477,78975,75085,19147,94232,1186
2022-01-09,Tuolumne,109,53932,9120,8595,159,8754,91
2022-01-09,Ventura,111,848112,137079,124269,7430,131699,1217
2022-01-09,Yolo,113,214977,27574,25632,2009,27641,270
2022-01-09,Yuba,115,75493,12214,11666,546,12212,101
2022-01-08,Alameda,001,1643700,177250,148560,6802,155362,1558
2022-01-08,Alpine,003,1148,115,114,0,114,0
2022-01-08,Amador,005,37829,6458,6091,122,6213,71
2022-01-08,Butte,007,227075,25393,23429,4603,28032,347
2022-01-08,Calaveras,009,45235,5285,4823,92,4915,93
2022-01-08,Colusa,011,21464,2800,2713,806,3519,21
2022-01-08,Contra Costa,013,1133247,138178,119907,5895,125802,1077
2022-01-08,Del Norte,015,27424,4063,3902,78,3980,43
2022-01-08,El Dorado,017,186661,20792,18599,2183,20782,172
2022-01-08,Fresno,019,978130,167444,155394,15565,170959,2393
2022-01-08,Glenn,021,27897,3915,3732,1188,4920,39
2022-01-08,Humboldt,023,135768,12509,11149,1219,12368,121
2022-01-08,Imperial,025,180216,42473,39429,5943,45372,800
2022-01-08,Inyo,027,18085,3318,3020,75,3095,49
2022-01-08,Kern,029,883053,151585,140410,30929,171339,1921
2022-01-08,Kings,031,150075,37345,35275,2351,37626,390
2022-01-08,Lake,033,64148,7685,7209,313,7522,117
2022-01-08,Lassen,035,31185,7283,7127,469,7596,55
2022-01-08,Los Angeles,037,10098052,2086455,1765787,91082,1856869,27476
2022-01-08,Madera,039,155013,27394,25767,2910,28677,328
2022-01-08,Marin,041,260295,25396,22377,1300,23677,251
2022-01-08,Mariposa,043,17540,1777,1588,72,1660,6
2022-01-08,Mendocino,045,87422,9584,8792,921,9713,101
2022-01-08,Merced,047,269075,48934,46094,2979,49073,703
2022-01-08,Modoc,049,8938,633,610,215,825,6
2022-01-08,Mono,051,14174,2511,2240,68,2308,4
2022-01-08,Monterey,053,433212,58079,51721,5297,57018,644
2022-01-08,Napa,055,140530,18527,15819,428,16247,109
2022-01-08,Nevada,057,99092,11937,10765,498,11263,110
2022-01-08,Orange,059,3164182,434232,375124,30239,405363,5903
2022-01-08,Placer,061,380077,48033,43172,5151,48323,495
2022-01-08,Plumas,063,18699,2192,2053,73,2126,12
2022-01-08,Riverside,065,2383286,469650,422591,21486,444077,5535
2022-01-08,Sacramento,067,1510023,210459,185118,10918,196036,2470
2022-01-08,San Benito,069,59416,9727,9016,263,9279,83
2022-01-08,San Bernardino,071,2135413,461063,411724,17077,428801,6122
2022-01-08,San Diego,073,3302833,560078,472273,34461,506734,4495
2022-01-08,San Francisco,075,870044,89441,73660,4818,78478,690
2022-01-08,San Joaquin,077,732212,124818,112514,6984,119498,1916
2022-01-08,San Luis Obispo,079,281455,38508,34489,2091,36580,369
2022-01-08,San Mateo,081,765935,85447,67918,2954,70872,582
2022-01-08,Santa Barbara,083,443738,61324,54617,2315,56932,575
2022-01-08,Santa Clara,085,1922200,215633,183842,5373,189215,1966
2022-01-08,Santa Cruz,087,273765,29086,24678,1466,26144,230
2022-01-08,Shasta,089,179085,24614,23585,4132,27717,445
2022-01-08,Sierra,091,2930,235,215,25,240,0
2022-01-08,Siskiyou,093,43540,3686,3545,1615,5160,62
2022-01-08,Solano,095,438530,58961,52452,2720,55172,383
2022-01-08,Sonoma,097,501317,57791,50130,1384,51514,411
2022-01-08,Stanislaus,099,539301,92142,87049,10853,97902,1372
2022-01-08,Sutter,101,95872,16152,15261,597,15858,195
2022-01-08,Tehama,103,63373,9617,9109,1788,10897,140
2022-01-08,Trinity,105,12862,958,836,240,1076,19
2022-01-08,Tulare,107,460477,78582,73600,19009,92609,1185
2022-01-08,Tuolumne,109,53932,9013,8360,156,8516,91
2022-01-08,Ventura,111,848112,135911,117229,7298,124527,1216
2022-01-08,Yolo,113,214977,27280,24006,1980,25986,270
2022-01-08,Yuba,115,75493,12127,11277,543,11820,101
2022-01-07,Alameda,001,1643700,174566,148560,6691,155251,1558
2022-01-07,Alpine,003,1148,115,114,0,114,0
2022-01-07,Amador,005,37829,6409,6091,119,6210,71
2022-01-07,Butte,007,227075,25189,23429,4571,28000,347
2022-01-07,Calaveras,009,45235,5247,4823,92,4915,93
2022-01-07,Colusa,011,21464,2791,2713,795,3508,21
2022-01-07,Contra Costa,013,1133247,136312,119907,5773,125680,1077
2022-01-07,Del Norte,015,27424,4047,3902,77,3979,43
2022-01-07,El Dorado,017,186661,20630,18599,2169,20768,172
2022-01-07,Fresno,019,978130,166083,155394,15467,170861,2393
2022-01-07,Glenn,021,27897,3895,3732,1185,4917,39
2022-01-07,Humboldt,023,135768,12367,11149,1191,12340,121
2022-01-07,Imperial,025,180216,42314,39429,5858,45287,800
2022-01-07,Inyo,027,18085,3299,3020,73,3093,49
2022-01-07,Kern,029,883053,150615,140410,30484,170894,1921
2022-01-07,Kings,031,150075,37168,35275,2337,37612,390
2022-01-07,Lake,033,64148,7638,7209,287,7496,117
2022-01-07,Lassen,035,31185,7270,7127,466,7593,55
2022-01-07,Los Angeles,037,10098052,2055262,1765787,89612,1855399,27476
2022-01-07,Madera,039,155013,27213,25767,2875,28642,328
2022-01-07,Marin,041,260295,25016,22377,1282,23659,251
2022-01-07,Mariposa,043,17540,1761,1588,72,1660,6
2022-01-07,Mendocino,045,87422,9491,8792,920,9712,101
2022-01-07,Merced,047,269075,48769,46094,2955,49049,703
2022-01-07,Modoc,049,8938,632,610,215,825,6
2022-01-07,Mono,051,14174,2473,2240,62,2302,4
2022-01-07,Monterey,053,433212,57660,51721,5205,56926,644
2022-01-07,Napa,055,140530,18300,15819,407,16226,109
2022-01-07,Nevada,057,99092,11810,10765,477,11242,110
2022-01-07,Orange,059,3164182,429423,375124,29618,404742,5903
2022-01-07,Placer,061,380077,47529,43172,5102,48274,495
2022-01-07,Plumas,063,18699,2183,2053,72,2125,12
2022-01-07,Riverside,065,2383286,465823,422591,21256,443847,5535
2022-01-07,Sacramento,067,1510023,208179,185118,10758,195876,2470
2022-01-07,San Benito,069,59416,9682,9016,262,9278,83
2022-01-07,San Bernardino,071,2135413,457176,411724,16843,428567,6122
2022-01-07,San Diego,073,3302833,552949,472273,33914,506187,4495
2022-01-07,San Francisco,075,870044,88000,73660,4558,78218,690
2022-01-07,San Joaquin,077,732212,123870,112514,6922,119436,1916
2022-01-07,San Luis Obispo,079,281455,38293,34489,2036,36525,369
2022-01-07,San Mateo,081,765935,83981,67918,2895,70813,582
2022-01-07,Santa Barbara,083,443738,60624,54617,2293,56910,575
2022-01-07,Santa Clara,085,1922200,212388,183842,5263,189105,1966
2022-01-07,Santa Cruz,087,273765,28606,24678,1450,26128,230
2022-01-07,Shasta,089,179085,24520,23585,4098,27683,445
2022-01-07,Sierra,091,2930,232,215,25,240,0
2022-01-07,Siskiyou,093,43540,3676,3545,1603,5148,62
2022-01-07,Solano,095,438530,58280,52452,2678,55130,383
2022-01-07,Sonoma,097,501317,57189,50130,1296,51426,411
2022-01-07,Stanislaus,099,539301,91617,87049,10766,97815,1372
2022-01-07,Sutter,101,95872,16001,15261,584,15845,195
2022-01-07,Tehama,103,63373,9581,9109,1775,10884,140
2022-01-07,Trinity,105,12862,951,836,239,1075,19
2022-01-07,Tulare,107,460477,78149,73600,18862,92462,1185
2022-01-07,Tuolumne,109,53932,8925,8360,152,8512,91
2022-01-07,Ventura,111,848112,134286,117229,7169,124398,1216
2022-01-07,Yolo,113,214977,26906,24006,1961,25967,270
2022-01-07,Yuba,115,75493,12023,11277,538,11815,101
2022-01-06,Alameda,001,1643700,169205,148560,6276,154836,1558
2022-01-06,Alpine,003,1148,114,114,0,114,0
2022-01-06,Amador,005,37829,6357,6091,113,6204,71
2022-01-06,Butte,007,227075,24896,23429,4486,27915,347
2022-01-06,Calaveras,009,45235,5126,4823,90,4913,93
2022-01-06,Colusa,011,21464,2771,2713,786,3499,21
2022-01-06,Contra Costa,013,1133247,133445,119907,5358,125265,1077
2022-01-06,Del Norte,015,27424,4013,3902,75,3977,43
2022-01-06,El Dorado,017,186661,20297,18599,2129,20728,172
2022-01-06,Fresno,019,978130,163951,155394,15201,170595,2393
2022-01-06,Glenn,021,27897,3868,3732,1159,4891,39
2022-01-06,Humboldt,023,135768,12141,11149,1150,12299,121
2022-01-06,Imperial,025,180216,41729,39429,5654,45083,800
2022-01-06,Inyo,027,18085,3261,3020,73,3093,49
2022-01-06,Kern,029,883053,148944,140410,29807,170217,1921
2022-01-06,Kings,031,150075,36843,35275,2311,37586,390
2022-01-06,Lake,033,64148,7564,7209,275,7484,117
2022-01-06,Lassen,035,31185,7248,7127,460,7587,55
2022-01-06,Los Angeles,037,10098052,2001123,1765787,87240,1853027,27476
2022-01-06,Madera,039,155013,26907,25767,2818,28585,328
2022-01-06,Marin,041,260295,24616,22377,1249,23626,251
2022-01-06,Mariposa,043,17540,1742,1588,70,1658,6
2022-01-06,Mendocino,045,87422,9394,8792,879,9671,101
2022-01-06,Merced,047,269075,48219,46094,2816,48910,703
2022-01-06,Modoc,049,8938,631,610,215,825,6
2022-01-06,Mono,051,14174,2450,2240,59,2299,4
2022-01-06,Monterey,053,433212,56938,51721,4952,56673,644
2022-01-06,Napa,055,140530,17901,15819,398,16217,109
2022-01-06,Nevada,057,99092,11614,10765,465,11230,110
2022-01-06,Orange,059,3164182,419970,375124,28870,403994,5903
2022-01-06,Placer,061,380077,46783,43172,5014,48186,495
2022-01-06,Plumas,063,18699,2165,2053,64,2117,12
2022-01-06,Riverside,065,2383286,458349,422591,20961,443552,5535
2022-01-06,Sacramento,067,1510023,204117,185118,9995,195113,2470
2022-01-06,San Benito,069,59416,9582,9016,255,9271,83
2022-01-06,San Bernardino,071,2135413,449847,411724,16352,428076,6122
2022-01-06,San Diego,073,3302833,541301,472273,32914,505187,4495
2022-01-06,San Francisco,075,870044,85687,73660,4304,77964,690
2022-01-06,San Joaquin,077,732212,121709,112514,6837,119351,1916
2022-01-06,San Luis Obispo,079,281455,37593,34489,1965,36454,369
2022-01-06,San Mateo,081,765935,81564,67918,2714,70632,582
2022-01-06,Santa Barbara,083,443738,59455,54617,2231,56848,575
2022-01-06,Santa Clara,085,1922200,207491,183842,4872,188714,1966
2022-01-06,Santa Cruz,087,273765,28046,24678,1426,26104,230
2022-01-06,Shasta,089,179085,24375,23585,4048,27633,445
2022-01-06,Sierra,091,2930,229,215,25,240,0
2022-01-06,Siskiyou,093,43540,3660,3545,1557,5102,62
2022-01-06,Solano,095,438530,57267,52452,2503,54955,383
2022-01-06,Sonoma,097,501317,55800,50130,1263,51393,411
2022-01-06,Stanislaus,099,539301,90466,87049,10602,97651,1372
2022-01-06,Sutter,101,95872,15824,15261,555,15816,195
2022-01-06,Tehama,103,63373,9503,9109,1748,10857,140
2022-01-06,Trinity,105,12862,944,836,238,1074,19
2022-01-06,Tulare,107,460477,77441,73600,18689,92289,1185
2022-01-06,Tuolumne,109,53932,8816,8360,146,8506,91
2022-01-06,Ventura,111,848112,131592,117229,7012,124241,1216
2022-01-06,Yolo,113,214977,26350,24006,1917,25923,270
2022-01-06,Yuba,115,75493,11888,11277,521,11798,101
2022-01-05,Alameda,001,1643700,164043,144824,5847,150671,1548
2022-01-05,Alpine,003,1148,114,112,0,112,0
2022-01-05,Amador,005,37829,6313,6012,110,6122,70
2022-01-05,Butte,007,227075,24592,23134,4429,27563,343
2022-01-05,Calaveras,009,45235,5070,4758,88,4846,90
2022-01-05,Colusa,011,21464,2759,2704,775,3479,21
2022-01-05,Contra Costa,013,1133247,130438,117188,4909,122097,1071
2022-01-05,Del Norte,015,27424,3992,3862,73,3935,43
2022-01-05,El Dorado,017,186661,19912,18367,2099,20466,171
2022-01-05,Fresno,019,978130,161939,153033,14935,167968,2377
2022-01-05,Glenn,021,27897,3820,3700,1149,4849,39
2022-01-05,Humboldt,023,135768,11937,10938,1102,12040,120
2022-01-05,Imperial,025,180216,41101,38789,5498,44287,800
2022-01-05,Inyo,027,18085,3178,2939,69,3008,49
2022-01-05,Kern,029,883053,147165,138186,29230,167416,1913
2022-01-05,Kings,031,150075,36501,34893,2292,37185,387
2022-01-05,Lake,033,64148,7482,7129,259,7388,117
2022-01-05,Lassen,035,31185,7228,7077,452,7529,55
2022-01-05,Los Angeles,037,10098052,1944855,1729640,84841,1814481,27443
2022-01-05,Madera,039,155013,26668,25392,2727,28119,327
2022-01-05,Marin,041,260295,24271,21829,1196,23025,251
2022-01-05,Mariposa,043,17540,1716,1564,69,1633,6
2022-01-05,Mendocino,045,87422,9263,8625,844,9469,101
2022-01-05,Merced,047,269075,47641,45721,2684,48405,700
2022-01-05,Modoc,049,8938,628,603,215,818,6
2022-01-05,Mono,051,14174,2430,2201,55,2256,4
2022-01-05,Monterey,053,433212,56112,51241,4751,55992,639
2022-01-05,Napa,055,140530,17538,15494,366,15860,108
2022-01-05,Nevada,057,99092,11417,10624,448,11072,110
2022-01-05,Orange,059,3164182,409930,366139,27818,393957,5869
2022-01-05,Placer,061,380077,45899,42456,4918,47374,492
2022-01-05,Plumas,063,18699,2145,2020,62,2082,12
2022-01-05,Riverside,065,2383286,450891,415253,20605,435858,5502
2022-01-05,Sacramento,067,1510023,199336,181488,9008,190496,2455
2022-01-05,San Benito,069,59416,9389,8829,243,9072,83
2022-01-05,San Bernardino,071,2135413,441577,405323,15793,421116,6085
2022-01-05,San Diego,073,3302833,527703,466602,31935,498537,4495
2022-01-05,San Francisco,075,870044,83129,71405,4166,75571,686
2022-01-05,San Joaquin,077,732212,119179,110497,6757,117254,1903
2022-01-05,San Luis Obispo,079,281455,36796,34066,1888,35954,369
2022-01-05,San Mateo,081,765935,79400,66018,2515,68533,578
2022-01-05,Santa Barbara,083,443738,58150,53082,2151,55233,570
2022-01-05,Santa Clara,085,1922200,201733,178629,4455,183084,1961
2022-01-05,Santa Cruz,087,273765,27293,24394,1403,25797,229
2022-01-05,Shasta,089,179085,24218,23361,4019,27380,441
2022-01-05,Sierra,091,2930,226,210,23,233,0
2022-01-05,Siskiyou,093,43540,3650,3513,1528,5041,60
2022-01-05,Solano,095,438530,56221,51505,2367,53872,380
2022-01-05,Sonoma,097,501317,54538,49120,1101,50221,412
2022-01-05,Stanislaus,099,539301,89481,86248,10446,96694,1360
2022-01-05,Sutter,101,95872,15622,15117,515,15632,193
2022-01-05,Tehama,103,63373,9406,9011,1717,10728,140
2022-01-05,Trinity,105,12862,940,822,236,1058,19
2022-01-05,Tulare,107,460477,76664,72718,18513,91231,1173
2022-01-05,Tuolumne,109,53932,8723,8223,139,8362,90
2022-01-05,Ventura,111,848112,128838,114752,6805,121557,1211
2022-01-05,Yolo,113,214977,25739,23401,1874,25275,269
2022-01-05,Yuba,115,75493,11705,11138,495,11633,100
2022-01-04,Alameda,001,1643700,158476,143360,5439,148799,1532
2022-01-04,Alpine,003,1148,114,113,0,113,0
2022-01-04,Amador,005,37829,6246,6025,105,6130,71
2022-01-04,Butte,007,227075,24296,23094,4362,27456,346
2022-01-04,Calaveras,009,45235,4995,4767,85,4852,93
2022-01-04,Colusa,011,21464,2742,2689,768,3457,21
2022-01-04,Contra Costa,013,1133247,127381,116005,4549,120554,1075
2022-01-04,Del Norte,015,27424,3960,3882,70,3952,43
2022-01-04,El Dorado,017,186661,19552,18339,2077,20416,172
2022-01-04,Fresno,019,978130,159781,153244,14682,167926,2380
2022-01-04,Glenn,021,27897,3790,3705,1135,4840,39
2022-01-04,Humboldt,023,135768,11685,10865,1051,11916,120
2022-01-04,Imperial,025,180216,40499,38596,5235,43831,800
2022-01-04,Inyo,027,18085,3094,2870,68,2938,49
2022-01-04,Kern,029,883053,145235,138245,28643,166888,1916
2022-01-04,Kings,031,150075,36178,34931,2276,37207,388
2022-01-04,Lake,033,64148,7441,7152,249,7401,117
2022-01-04,Lassen,035,31185,7205,7111,448,7559,55
2022-01-04,Los Angeles,037,10098052,1884895,1705253,82488,1787741,27419
2022-01-04,Madera,039,155013,26325,25425,2659,28084,328
2022-01-04,Marin,041,260295,23788,21675,1136,22811,251
2022-01-04,Mariposa,043,17540,1680,1564,68,1632,6
2022-01-04,Mendocino,045,87422,9140,8636,820,9456,101
2022-01-04,Merced,047,269075,47030,45583,2555,48138,700
2022-01-04,Modoc,049,8938,625,611,215,826,6
2022-01-04,Mono,051,14174,2381,2190,45,2235,4
2022-01-04,Monterey,053,433212,55376,51176,4555,55731,643
2022-01-04,Napa,055,140530,17036,15370,336,15706,107
2022-01-04,Nevada,057,99092,11261,10608,436,11044,110
2022-01-04,Orange,059,3164182,399168,362051,26676,388727,5897
2022-01-04,Placer,061,380077,45065,42285,4800,47085,494
2022-01-04,Plumas,063,18699,2119,2014,60,2074,12
2022-01-04,Riverside,065,2383286,442364,413366,20253,433619,5504
2022-01-04,Sacramento,067,1510023,194367,181271,8252,189523,2453
2022-01-04,San Benito,069,59416,9201,8763,235,8998,79
2022-01-04,San Bernardino,071,2135413,432889,404409,15255,419664,6060
2022-01-04,San Diego,073,3302833,511304,458499,30974,489473,4487
2022-01-04,San Francisco,075,870044,80285,70666,4020,74686,688
2022-01-04,San Joaquin,077,732212,116767,110374,6603,116977,1911
2022-01-04,San Luis Obispo,079,281455,35987,33788,1800,35588,371
2022-01-04,San Mateo,081,765935,77086,65157,2325,67482,582
2022-01-04,Santa Barbara,083,443738,56626,52449,2073,54522,574
2022-01-04,Santa Clara,085,1922200,195768,176854,3987,180841,1964
2022-01-04,Santa Cruz,087,273765,26532,23904,1367,25271,228
2022-01-04,Shasta,089,179085,24074,23366,3965,27331,442
2022-01-04,Sierra,091,2930,225,214,22,236,0
2022-01-04,Siskiyou,093,43540,3634,3509,1509,5018,61
2022-01-04,Solano,095,438530,54919,51300,2170,53470,383
2022-01-04,Sonoma,097,501317,52829,48653,978,49631,410
2022-01-04,Stanislaus,099,539301,88422,86107,10288,96395,1361
2022-01-04,Sutter,101,95872,15469,15032,491,15523,193
2022-01-04,Tehama,103,63373,9329,9020,1694,10714,140
2022-01-04,Trinity,105,12862,935,833,232,1065,18
2022-01-04,Tulare,107,460477,75872,72893,18308,91201,1172
2022-01-04,Tuolumne,109,53932,8614,8235,134,8369,91
2022-01-04,Ventura,111,848112,125767,114079,6574,120653,1213
2022-01-04,Yolo,113,214977,25089,22938,1831,24769,270
2022-01-04,Yuba,115,75493,11525,11104,480,11584,101
2022-01-03,Alameda,001,1643700,152434,142090,5004,147094,1529
2022-01-03,Alpine,003,1148,113,113,0,113,0
2022-01-03,Amador,005,37829,6185,6004,100,6104,71
2022-01-03,Butte,007,227075,24004,22924,4310,27234,345
2022-01-03,Calaveras,009,45235,4936,4742,80,4822,93
2022-01-03,Colusa,011,21464,2733,2683,761,3444,21
2022-01-03,Contra Costa,013,1133247,124180,114966,3962,118928,1073
2022-01-03,Del Norte,015,27424,3940,3873,66,3939,43
2022-01-03,El Dorado,017,186661,19159,18183,2051,20234,172
2022-01-03,Fresno,019,978130,157799,152674,14481,167155,2379
2022-01-03,Glenn,021,27897,3761,3703,1100,4803,39
2022-01-03,Humboldt,023,135768,11474,10784,1003,11787,119
2022-01-03,Imperial,025,180216,39867,38411,5055,43466,800
2022-01-03,Inyo,027,18085,3025,2845,64,2909,49
2022-01-03,Kern,029,883053,143240,137773,28045,165818,1916
2022-01-03,Kings,031,150075,35857,34817,2247,37064,387
2022-01-03,Lake,033,64148,7339,7134,231,7365,117
2022-01-03,Lassen,035,31185,7187,7103,445,7548,55
2022-01-03,Los Angeles,037,10098052,1824112,1686203,79712,1765915,27394
2022-01-03,Madera,039,155013,26032,25323,2615,27938,320
2022-01-03,Marin,041,260295,23197,21532,1097,22629,251
2022-01-03,Mariposa,043,17540,1638,1559,68,1627,6
2022-01-03,Mendocino,045,87422,8992,8573,770,9343,101
2022-01-03,Merced,047,269075,46436,45459,2448,47907,696
2022-01-03,Modoc,049,8938,622,602,215,817,6
2022-01-03,Mono,051,14174,2302,2172,40,2212,4
2022-01-03,Monterey,053,433212,54548,51047,4350,55397,644
2022-01-03,Napa,055,140530,16528,15260,303,15563,107
2022-01-03,Nevada,057,99092,11094,10572,426,10998,110
2022-01-03,Orange,059,3164182,387995,358052,25480,383532,5894
2022-01-03,Placer,061,380077,44242,42054,4736,46790,489
2022-01-03,Plumas,063,18699,2099,2005,60,2065,12
2022-01-03,Riverside,065,2383286,433882,410155,19756,429911,5504
2022-01-03,Sacramento,067,1510023,189203,179992,7683,187675,2452
2022-01-03,San Benito,069,59416,9037,8688,228,8916,79
2022-01-03,San Bernardino,071,2135413,424437,401938,14793,416731,6056
2022-01-03,San Diego,073,3302833,495158,451154,30012,481166,4476
2022-01-03,San Francisco,075,870044,77488,69315,3771,73086,686
2022-01-03,San Joaquin,077,732212,114461,109757,6471,116228,1903
2022-01-03,San Luis Obispo,079,281455,35173,33667,1707,35374,367
2022-01-03,San Mateo,081,765935,74377,64470,2168,66638,582
2022-01-03,Santa Barbara,083,443738,55165,51912,1978,53890,571
2022-01-03,Santa Clara,085,1922200,189823,174215,3510,177725,1963
2022-01-03,Santa Cruz,087,273765,25721,23765,1334,25099,228
2022-01-03,Shasta,089,179085,23892,23301,3938,27239,440
2022-01-03,Sierra,091,2930,218,213,21,234,0
2022-01-03,Siskiyou,093,43540,3608,3500,1487,4987,61
2022-01-03,Solano,095,438530,53623,51030,1978,53008,380
2022-01-03,Sonoma,097,501317,51130,48391,880,49271,410
2022-01-03,Stanislaus,099,539301,87430,85793,10117,95910,1332
2022-01-03,Sutter,101,95872,15313,14973,470,15443,193
2022-01-03,Tehama,103,63373,9254,9005,1668,10673,140
2022-01-03,Trinity,105,12862,930,833,231,1064,18
2022-01-03,Tulare,107,460477,75172,72664,18085,90749,1167
2022-01-03,Tuolumne,109,53932,8476,8179,130,8309,91
2022-01-03,Ventura,111,848112,122593,112762,6342,119104,1211
2022-01-03,Yolo,113,214977,24407,22563,1768,24331,270
2022-01-03,Yuba,115,75493,11389,11037,461,11498,99
2022-01-02,Alameda,001,1643700,148014,133486,4521,138007,1528
2022-01-02,Alpine,003,1148,111,113,0,113,0
2022-01-02,Amador,005,37829,6119,5913,95,6008,70
2022-01-02,Butte,007,227075,23664,22469,4251,26720,341
2022-01-02,Calaveras,009,45235,4867,4668,72,4740,93
2022-01-02,Colusa,011,21464,2727,2659,750,3409,21
2022-01-02,Contra Costa,013,1133247,120614,109593,3522,113115,1073
2022-01-02,Del Norte,015,27424,3908,3841,64,3905,43
2022-01-02,El Dorado,017,186661,18823,17621,1999,19620,172
2022-01-02,Fresno,019,978130,156079,149927,14250,164177,2379
2022-01-02,Glenn,021,27897,3741,3663,1091,4754,39
2022-01-02,Humboldt,023,135768,11233,10381,925,11306,119
2022-01-02,Imperial,025,180216,39209,37672,4844,42516,800
2022-01-02,Inyo,027,18085,2955,2726,53,2779,49
2022-01-02,Kern,029,883053,141313,136123,27446,163569,1917
2022-01-02,Kings,031,150075,35534,34318,2212,36530,386
2022-01-02,Lake,033,64148,7268,7060,217,7277,117
2022-01-02,Lassen,035,31185,7171,7089,443,7532,55
2022-01-02,Los Angeles,037,10098052,1772981,1596123,76813,1672936,27371
2022-01-02,Madera,039,155013,25777,25002,2556,27558,320
2022-01-02,Marin,041,260295,22634,20475,1026,21501,249
2022-01-02,Mariposa,043,17540,1607,1509,66,1575,6
2022-01-02,Mendocino,045,87422,8868,8422,752,9174,101
2022-01-02,Merced,047,269075,45901,44769,2352,47121,694
2022-01-02,Modoc,049,8938,620,601,214,815,6
2022-01-02,Mono,051,14174,2274,2101,35,2136,4
2022-01-02,Monterey,053,433212,53924,50251,4139,54390,643
2022-01-02,Napa,055,140530,15986,14439,292,14731,107
2022-01-02,Nevada,057,99092,10908,10299,409,10708,110
2022-01-02,Orange,059,3164182,376987,339526,24329,363855,5890
2022-01-02,Placer,061,380077,43514,40857,4649,45506,489
2022-01-02,Plumas,063,18699,2084,1994,56,2050,12
2022-01-02,Riverside,065,2383286,425547,397124,19235,416359,5501
2022-01-02,Sacramento,067,1510023,185120,173562,6822,180384,2448
2022-01-02,San Benito,069,59416,8854,8320,213,8533,79
2022-01-02,San Bernardino,071,2135413,416746,386278,14236,400514,6051
2022-01-02,San Diego,073,3302833,480084,427087,28828,455915,4469
2022-01-02,San Francisco,075,870044,74552,64498,3531,68029,682
2022-01-02,San Joaquin,077,732212,112590,106640,6324,112964,1902
2022-01-02,San Luis Obispo,079,281455,34440,32342,1624,33966,365
2022-01-02,San Mateo,081,765935,71806,60504,1926,62430,581
2022-01-02,Santa Barbara,083,443738,53729,49555,1915,51470,568
2022-01-02,Santa Clara,085,1922200,183683,164547,3110,167657,1969
2022-01-02,Santa Cruz,087,273765,25049,22980,1301,24281,228
2022-01-02,Shasta,089,179085,23704,23161,3889,27050,435
2022-01-02,Sierra,091,2930,217,206,21,227,0
2022-01-02,Siskiyou,093,43540,3583,3474,1464,4938,61
2022-01-02,Solano,095,438530,52682,48957,1813,50770,379
2022-01-02,Sonoma,097,501317,49810,46040,843,46883,410
2022-01-02,Stanislaus,099,539301,86580,84367,9999,94366,1332
2022-01-02,Sutter,101,95872,15140,14741,451,15192,193
2022-01-02,Tehama,103,63373,9189,8944,1645,10589,139
2022-01-02,Trinity,105,12862,928,832,230,1062,17
2022-01-02,Tulare,107,460477,74512,71941,17890,89831,1160
2022-01-02,Tuolumne,109,53932,8370,8044,125,8169,91
2022-01-02,Ventura,111,848112,119670,107992,6123,114115,1211
2022-01-02,Yolo,113,214977,23732,21747,1698,23445,270
2022-01-02,Yuba,115,75493,11267,10844,444,11288,99
2022-01-01,Alameda,001,1643700,146222,133486,4269,137755,1528
2022-01-01,Alpine,003,1148,111,113,0,113,0
2022-01-01,Amador,005,37829,6084,5913,90,6003,70
2022-01-01,Butte,007,227075,23467,22469,4220,26689,341
2022-01-01,Calaveras,009,45235,4831,4668,70,4738,93
2022-01-01,Colusa,011,21464,2723,2659,739,3398,21
2022-01-01,Contra Costa,013,1133247,119249,109593,3394,112987,1073
2022-01-01,Del Norte,015,27424,3902,3841,64,3905,43
2022-01-01,El Dorado,017,186661,18676,17621,1984,19605,172
2022-01-01,Fresno,019,978130,155414,149927,14171,164098,2379
2022-01-01,Glenn,021,27897,3734,3663,1091,4754,39
2022-01-01,Humboldt,023,135768,11096,10381,904,11285,119
2022-01-01,Imperial,025,180216,39062,37672,4796,42468,800
2022-01-01,Inyo,027,18085,2926,2726,51,2777,49
2022-01-01,Kern,029,883053,140621,136123,27136,163259,1917
2022-01-01,Kings,031,150075,35394,34318,2185,36503,386
2022-01-01,Lake,033,64148,7229,7060,212,7272,117
2022-01-01,Lassen,035,31185,7165,7089,438,7527,55
2022-01-01,Los Angeles,037,10098052,1752881,1596123,74844,1670967,27371
2022-01-01,Madera,039,155013,25693,25002,2542,27544,320
2022-01-01,Marin,041,260295,22321,20475,985,21460,249
2022-01-01,Mariposa,043,17540,1596,1509,66,1575,6
2022-01-01,Mendocino,045,87422,8776,8422,746,9168,101
2022-01-01,Merced,047,269075,45768,44769,2342,47111,694
2022-01-01,Modoc,049,8938,617,601,214,815,6
2022-01-01,Mono,051,14174,2250,2101,30,2131,4
2022-01-01,Monterey,053,433212,53616,50251,4054,54305,643
2022-01-01,Napa,055,140530,15835,14439,277,14716,107
2022-01-01,Nevada,057,99092,10835,10299,402,10701,110
2022-01-01,Orange,059,3164182,372769,339526,23617,363143,5890
2022-01-01,Placer,061,380077,43216,40857,4584,45441,489
2022-01-01,Plumas,063,18699,2072,1994,56,2050,12
2022-01-01,Riverside,065,2383286,422058,397124,19031,416155,5501
2022-01-01,Sacramento,067,1510023,183845,173562,6554,180116,2448
2022-01-01,San Benito,069,59416,8764,8320,213,8533,79
2022-01-01,San Bernardino,071,2135413,413625,386278,13947,400225,6051
2022-01-01,San Diego,073,3302833,474152,427087,28311,455398,4469
2022-01-01,San Francisco,075,870044,73156,64498,3319,67817,682
2022-01-01,San Joaquin,077,732212,111892,106640,6251,112891,1902
2022-01-01,San Luis Obispo,079,281455,34239,32342,1614,33956,365
2022-01-01,San Mateo,081,765935,70341,60504,1775,62279,581
2022-01-01,Santa Barbara,083,443738,52992,49555,1879,51434,568
2022-01-01,Santa Clara,085,1922200,180652,164547,2912,167459,1969
2022-01-01,Santa Cruz,087,273765,24729,22980,1283,24263,228
2022-01-01,Shasta,089,179085,23623,23161,3871,27032,435
2022-01-01,Sierra,091,2930,216,206,21,227,0
2022-01-01,Siskiyou,093,43540,3580,3474,1454,4928,61
2022-01-01,Solano,095,438530,52416,48957,1756,50713,379
2022-01-01,Sonoma,097,501317,49417,46040,811,46851,410
2022-01-01,Stanislaus,099,539301,86175,84367,9933,94300,1332
2022-01-01,Sutter,101,95872,15064,14741,449,15190,193
2022-01-01,Tehama,103,63373,9157,8944,1633,10577,139
2022-01-01,Trinity,105,12862,925,832,230,1062,17
2022-01-01,Tulare,107,460477,74268,71941,17784,89725,1160
2022-01-01,Tuolumne,109,53932,8311,8044,122,8166,91
2022-01-01,Ventura,111,848112,118284,107992,5993,113985,1211
2022-01-01,Yolo,113,214977,23313,21747,1660,23407,270
2022-01-01,Yuba,115,75493,11202,10844,438,11282,99
2021-12-31,Alameda,001,1643700,145484,133486,4174,137660,1528
2021-12-31,Alpine,003,1148,111,113,0,113,0
2021-12-31,Amador,005,37829,6061,5913,89,6002,70
2021-12-31,Butte,007,227075,23362,22469,4190,26659,341
2021-12-31,Calaveras,009,45235,4800,4668,70,4738,93
2021-12-31,Colusa,011,21464,2714,2659,733,3392,21
2021-12-31,Contra Costa,013,1133247,118368,109593,3315,112908,1073
2021-12-31,Del Norte,015,27424,3893,3841,62,3903,43
2021-12-31,El Dorado,017,186661,18597,17621,1966,19587,172
2021-12-31,Fresno,019,978130,155110,149927,14149,164076,2379
2021-12-31,Glenn,021,27897,3733,3663,1089,4752,39
2021-12-31,Humboldt,023,135768,11010,10381,885,11266,119
2021-12-31,Imperial,025,180216,38933,37672,4780,42452,800
2021-12-31,Inyo,027,18085,2900,2726,51,2777,49
2021-12-31,Kern,029,883053,140116,136123,26998,163121,1917
2021-12-31,Kings,031,150075,35284,34318,2175,36493,386
2021-12-31,Lake,033,64148,7206,7060,207,7267,117
2021-12-31,Lassen,035,31185,7152,7089,438,7527,55
2021-12-31,Los Angeles,037,10098052,1742116,1596123,74086,1670209,27371
2021-12-31,Madera,039,155013,25626,25002,2525,27527,320
2021-12-31,Marin,041,260295,22166,20475,954,21429,249
2021-12-31,Mariposa,043,17540,1589,1509,65,1574,6
2021-12-31,Mendocino,045,87422,8743,8422,743,9165,101
2021-12-31,Merced,047,269075,45684,44769,2325,47094,694
2021-12-31,Modoc,049,8938,613,601,212,813,6
2021-12-31,Mono,051,14174,2237,2101,29,2130,4
2021-12-31,Monterey,053,433212,53490,50251,3988,54239,643
2021-12-31,Napa,055,140530,15723,14439,267,14706,107
2021-12-31,Nevada,057,99092,10768,10299,396,10695,110
2021-12-31,Orange,059,3164182,370260,339526,23192,362718,5890
2021-12-31,Placer,061,380077,42979,40857,4518,45375,489
2021-12-31,Plumas,063,18699,2067,1994,56,2050,12
2021-12-31,Riverside,065,2383286,420375,397124,18873,415997,5501
2021-12-31,Sacramento,067,1510023,182982,173562,6448,180010,2448
2021-12-31,San Benito,069,59416,8750,8320,212,8532,79
2021-12-31,San Bernardino,071,2135413,411434,386278,13755,400033,6051
2021-12-31,San Diego,073,3302833,470946,427087,27995,455082,4469
2021-12-31,San Francisco,075,870044,72235,64498,3263,67761,682
2021-12-31,San Joaquin,077,732212,111272,106640,6185,112825,1902
2021-12-31,San Luis Obispo,079,281455,34131,32342,1601,33943,365
2021-12-31,San Mateo,081,765935,69466,60504,1721,62225,581
2021-12-31,Santa Barbara,083,443738,52598,49555,1865,51420,568
2021-12-31,Santa Clara,085,1922200,178709,164547,2770,167317,1969
2021-12-31,Santa Cruz,087,273765,24494,22980,1261,24241,228
2021-12-31,Shasta,089,179085,23559,23161,3850,27011,435
2021-12-31,Sierra,091,2930,216,206,21,227,0
2021-12-31,Siskiyou,093,43540,3573,3474,1443,4917,61
2021-12-31,Solano,095,438530,52257,48957,1730,50687,379
2021-12-31,Sonoma,097,501317,49168,46040,798,46838,410
2021-12-31,Stanislaus,099,539301,85849,84367,9889,94256,1332
2021-12-31,Sutter,101,95872,15003,14741,443,15184,193
2021-12-31,Tehama,103,63373,9125,8944,1624,10568,139
2021-12-31,Trinity,105,12862,924,832,230,1062,17
2021-12-31,Tulare,107,460477,74067,71941,17696,89637,1160
2021-12-31,Tuolumne,109,53932,8267,8044,121,8165,91
2021-12-31,Ventura,111,848112,117311,107992,5911,113903,1211
2021-12-31,Yolo,113,214977,23092,21747,1637,23384,270
2021-12-31,Yuba,115,75493,11145,10844,432,11276,99
2021-12-30,Alameda,001,1643700,144241,133486,4044,137530,1528
2021-12-30,Alpine,003,1148,110,113,0,113,0
2021-12-30,Amador,005,37829,6042,5913,88,6001,70
2021-12-30,Butte,007,227075,23237,22469,4168,26637,341
2021-12-30,Calaveras,009,45235,4781,4668,70,4738,93
2021-12-30,Colusa,011,21464,2713,2659,731,3390,21
2021-12-30,Contra Costa,013,1133247,117276,109593,3204,112797,1073
2021-12-30,Del Norte,015,27424,3882,3841,61,3902,43
2021-12-30,El Dorado,017,186661,18492,17621,1945,19566,172
2021-12-30,Fresno,019,978130,154581,149927,14075,164002,2379
2021-12-30,Glenn,021,27897,3728,3663,1086,4749,39
2021-12-30,Humboldt,023,135768,10941,10381,873,11254,119
2021-12-30,Imperial,025,180216,38765,37672,4666,42338,800
2021-12-30,Inyo,027,18085,2882,2726,49,2775,49
2021-12-30,Kern,029,883053,139584,136123,26696,162819,1917
2021-12-30,Kings,031,150075,35165,34318,2160,36478,386
2021-12-30,Lake,033,64148,7192,7060,202,7262,117
2021-12-30,Lassen,035,31185,7146,7089,438,7527,55
2021-12-30,Los Angeles,037,10098052,1718816,1596123,72824,1668947,27371
2021-12-30,Madera,039,155013,25544,25002,2505,27507,320
2021-12-30,Marin,041,260295,21988,20475,930,21405,249
2021-12-30,Mariposa,043,17540,1583,1509,65,1574,6
2021-12-30,Mendocino,045,87422,8726,8422,732,9154,101
2021-12-30,Merced,047,269075,45582,44769,2311,47080,694
2021-12-30,Modoc,049,8938,612,601,212,813,6
2021-12-30,Mono,051,14174,2233,2101,28,2129,4
2021-12-30,Monterey,053,433212,53179,50251,3927,54178,643
2021-12-30,Napa,055,140530,15579,14439,258,14697,107
2021-12-30,Nevada,057,99092,10704,10299,387,10686,110
2021-12-30,Orange,059,3164182,365175,339526,22635,362161,5890
2021-12-30,Placer,061,380077,42702,40857,4470,45327,489
2021-12-30,Plumas,063,18699,2063,1994,55,2049,12
2021-12-30,Riverside,065,2383286,417104,397124,18717,415841,5501
2021-12-30,Sacramento,067,1510023,181720,173562,6300,179862,2448
2021-12-30,San Benito,069,59416,8705,8320,208,8528,79
2021-12-30,San Bernardino,071,2135413,408925,386278,13605,399883,6051
2021-12-30,San Diego,073,3302833,465788,427087,27489,454576,4469
2021-12-30,San Francisco,075,870044,71147,64498,3190,67688,682
2021-12-30,San Joaquin,077,732212,110679,106640,6142,112782,1902
2021-12-30,San Luis Obispo,079,281455,34011,32342,1587,33929,365
2021-12-30,San Mateo,081,765935,68419,60504,1589,62093,581
2021-12-30,Santa Barbara,083,443738,52118,49555,1845,51400,568
2021-12-30,Santa Clara,085,1922200,176432,164547,2646,167193,1969
2021-12-30,Santa Cruz,087,273765,24255,22980,1226,24206,228
2021-12-30,Shasta,089,179085,23508,23161,3844,27005,435
2021-12-30,Sierra,091,2930,216,206,21,227,0
2021-12-30,Siskiyou,093,43540,3564,3474,1441,4915,61
2021-12-30,Solano,095,438530,51908,48957,1683,50640,379
2021-12-30,Sonoma,097,501317,48833,46040,788,46828,410
2021-12-30,Stanislaus,099,539301,85534,84367,9840,94207,1332
2021-12-30,Sutter,101,95872,14941,14741,442,15183,193
2021-12-30,Tehama,103,63373,9097,8944,1618,10562,139
2021-12-30,Trinity,105,12862,921,832,230,1062,17
2021-12-30,Tulare,107,460477,73888,71941,17614,89555,1160
2021-12-30,Tuolumne,109,53932,8228,8044,120,8164,91
2021-12-30,Ventura,111,848112,116054,107992,5809,113801,1211
2021-12-30,Yolo,113,214977,22954,21747,1612,23359,270
2021-12-30,Yuba,115,75493,11098,10844,430,11274,99
2021-12-29,Alameda,001,1643700,141098,131586,3889,135475,1529
2021-12-29,Alpine,003,1148,110,113,0,113,0
2021-12-29,Amador,005,37829,6019,5905,85,5990,70
2021-12-29,Butte,007,227075,23093,22353,4132,26485,338
2021-12-29,Calaveras,009,45235,4753,4646,68,4714,93
2021-12-29,Colusa,011,21464,2703,2657,726,3383,21
2021-12-29,Contra Costa,013,1133247,115182,108165,3078,111243,1072
2021-12-29,Del Norte,015,27424,3868,3826,59,3885,43
2021-12-29,El Dorado,017,186661,18267,17489,1927,19416,172
2021-12-29,Fresno,019,978130,153450,149318,13960,163278,2364
2021-12-29,Glenn,021,27897,3718,3653,1084,4737,39
2021-12-29,Humboldt,023,135768,10833,10249,851,11100,119
2021-12-29,Imperial,025,180216,38529,37460,4597,42057,800
2021-12-29,Inyo,027,18085,2850,2703,49,2752,49
2021-12-29,Kern,029,883053,138782,135648,26307,161955,1913
2021-12-29,Kings,031,150075,35050,34216,2154,36370,386
2021-12-29,Lake,033,64148,7161,7048,200,7248,117
2021-12-29,Lassen,035,31185,7142,7085,437,7522,55
2021-12-29,Los Angeles,037,10098052,1688859,1576414,71098,1647512,27349
2021-12-29,Madera,039,155013,25440,24923,2494,27417,320
2021-12-29,Marin,041,260295,21632,20025,909,20934,249
2021-12-29,Mariposa,043,17540,1561,1507,65,1572,6
2021-12-29,Mendocino,045,87422,8667,8386,728,9114,99
2021-12-29,Merced,047,269075,45366,44548,2297,46845,693
2021-12-29,Modoc,049,8938,609,600,212,812,6
2021-12-29,Mono,051,14174,2209,2056,27,2083,4
2021-12-29,Monterey,053,433212,52767,50097,3822,53919,641
2021-12-29,Napa,055,140530,15254,14247,239,14486,107
2021-12-29,Nevada,057,99092,10612,10274,386,10660,110
2021-12-29,Orange,059,3164182,357658,334557,21957,356514,5887
2021-12-29,Placer,061,380077,42216,40545,4395,44940,489
2021-12-29,Plumas,063,18699,2051,1990,55,2045,12
2021-12-29,Riverside,065,2383286,411685,392989,18506,411495,5486
2021-12-29,Sacramento,067,1510023,179377,172145,6134,178279,2437
2021-12-29,San Benito,069,59416,8561,8239,207,8446,79
2021-12-29,San Bernardino,071,2135413,403625,382872,13392,396264,6049
2021-12-29,San Diego,073,3302833,454905,421045,26774,447819,4461
2021-12-29,San Francisco,075,870044,69449,63117,3118,66235,684
2021-12-29,San Joaquin,077,732212,109499,106063,6070,112133,1891
2021-12-29,San Luis Obispo,079,281455,33617,31936,1538,33474,365
2021-12-29,San Mateo,081,765935,66805,59478,1479,60957,581
2021-12-29,Santa Barbara,083,443738,51278,49003,1820,50823,568
2021-12-29,Santa Clara,085,1922200,173288,162008,2513,164521,1962
2021-12-29,Santa Cruz,087,273765,23977,22669,1194,23863,228
2021-12-29,Shasta,089,179085,23432,23083,3832,26915,435
2021-12-29,Sierra,091,2930,215,206,21,227,0
2021-12-29,Siskiyou,093,43540,3552,3472,1430,4902,61
2021-12-29,Solano,095,438530,51203,48562,1627,50189,379
2021-12-29,Sonoma,097,501317,48035,45479,765,46244,410
2021-12-29,Stanislaus,099,539301,85052,84083,9786,93869,1332
2021-12-29,Sutter,101,95872,14873,14688,440,15128,193
2021-12-29,Tehama,103,63373,9073,8914,1605,10519,138
2021-12-29,Trinity,105,12862,919,832,230,1062,17
2021-12-29,Tulare,107,460477,73596,71752,17497,89249,1160
2021-12-29,Tuolumne,109,53932,8175,8012,119,8131,91
2021-12-29,Ventura,111,848112,114113,106974,5629,112603,1207
2021-12-29,Yolo,113,214977,22715,21564,1581,23145,270
2021-12-29,Yuba,115,75493,11037,10808,426,11234,99
2021-12-28,Alameda,001,1643700,138022,130427,3729,134156,1522
2021-12-28,Alpine,003,1148,110,113,0,113,0
2021-12-28,Amador,005,37829,5999,5900,84,5984,70
2021-12-28,Butte,007,227075,22951,22285,4115,26400,338
2021-12-28,Calaveras,009,45235,4736,4641,67,4708,91
2021-12-28,Colusa,011,21464,2697,2653,724,3377,21
2021-12-28,Contra Costa,013,1133247,112880,107160,2960,110120,1072
2021-12-28,Del Norte,015,27424,3862,3815,59,3874,43
2021-12-28,El Dorado,017,186661,18042,17419,1916,19335,172
2021-12-28,Fresno,019,978130,152367,148987,13876,162863,2365
2021-12-28,Glenn,021,27897,3692,3639,1080,4719,39
2021-12-28,Humboldt,023,135768,10712,10198,827,11025,119
2021-12-28,Imperial,025,180216,38232,37223,4493,41716,800
2021-12-28,Inyo,027,18085,2792,2676,48,2724,48
2021-12-28,Kern,029,883053,138063,135346,25952,161298,1909
2021-12-28,Kings,031,150075,34913,34165,2139,36304,386
2021-12-28,Lake,033,64148,7142,7044,194,7238,116
2021-12-28,Lassen,035,31185,7134,7083,437,7520,55
2021-12-28,Los Angeles,037,10098052,1656634,1561791,69430,1631221,27323
2021-12-28,Madera,039,155013,25315,24865,2474,27339,320
2021-12-28,Marin,041,260295,21219,19739,879,20618,249
2021-12-28,Mariposa,043,17540,1550,1499,64,1563,6
2021-12-28,Mendocino,045,87422,8607,8366,720,9086,98
2021-12-28,Merced,047,269075,45127,44434,2287,46721,691
2021-12-28,Modoc,049,8938,609,599,211,810,6
2021-12-28,Mono,051,14174,2186,2045,25,2070,4
2021-12-28,Monterey,053,433212,52391,49973,3749,53722,639
2021-12-28,Napa,055,140530,14937,14131,212,14343,107
2021-12-28,Nevada,057,99092,10521,10250,383,10633,110
2021-12-28,Orange,059,3164182,349995,331279,21214,352493,5882
2021-12-28,Placer,061,380077,41744,40410,4325,44735,489
2021-12-28,Plumas,063,18699,2048,1989,55,2044,12
2021-12-28,Riverside,065,2383286,406442,390343,18259,408602,5470
2021-12-28,Sacramento,067,1510023,177094,171290,6001,177291,2426
2021-12-28,San Benito,069,59416,8418,8170,205,8375,79
2021-12-28,San Bernardino,071,2135413,398059,381316,13178,394494,6047
2021-12-28,San Diego,073,3302833,444158,417383,26227,443610,4450
2021-12-28,San Francisco,075,870044,67831,61745,3059,64804,682
2021-12-28,San Joaquin,077,732212,108446,105572,6025,111597,1884
2021-12-28,San Luis Obispo,079,281455,33158,31759,1522,33281,365
2021-12-28,San Mateo,081,765935,65294,58712,1390,60102,582
2021-12-28,Santa Barbara,083,443738,50632,48493,1800,50293,568
2021-12-28,Santa Clara,085,1922200,170152,160811,2417,163228,1962
2021-12-28,Santa Cruz,087,273765,23605,22513,1155,23668,228
2021-12-28,Shasta,089,179085,23360,23035,3827,26862,434
2021-12-28,Sierra,091,2930,212,206,21,227,0
2021-12-28,Siskiyou,093,43540,3543,3468,1425,4893,60
2021-12-28,Solano,095,438530,50288,48318,1573,49891,378
2021-12-28,Sonoma,097,501317,47174,45086,739,45825,410
2021-12-28,Stanislaus,099,539301,84572,83946,9734,93680,1331
2021-12-28,Sutter,101,95872,14823,14662,437,15099,193
2021-12-28,Tehama,103,63373,9056,8893,1603,10496,138
2021-12-28,Trinity,105,12862,917,831,229,1060,17
2021-12-28,Tulare,107,460477,73313,71630,17372,89002,1156
2021-12-28,Tuolumne,109,53932,8132,8006,119,8125,91
2021-12-28,Ventura,111,848112,112001,105883,5498,111381,1207
2021-12-28,Yolo,113,214977,22379,21320,1530,22850,270
2021-12-28,Yuba,115,75493,10982,10778,423,11201,99
2021-12-27,Alameda,001,1643700,135459,129910,3589,133499,1530
2021-12-27,Alpine,003,1148,110,113,0,113,0
2021-12-27,Amador,005,37829,5971,5891,84,5975,70
2021-12-27,Butte,007,227075,22818,22234,4092,26326,335
2021-12-27,Calaveras,009,45235,4712,4630,66,4696,91
2021-12-27,Colusa,011,21464,2686,2652,718,3370,21
2021-12-27,Contra Costa,013,1133247,110714,106692,2879,109571,1071
2021-12-27,Del Norte,015,27424,3853,3802,58,3860,43
2021-12-27,El Dorado,017,186661,17883,17361,1903,19264,172
2021-12-27,Fresno,019,978130,151405,148826,13795,162621,2364
2021-12-27,Glenn,021,27897,3684,3634,1074,4708,39
2021-12-27,Humboldt,023,135768,10597,10164,805,10969,119
2021-12-27,Imperial,025,180216,37990,37180,4394,41574,800
2021-12-27,Inyo,027,18085,2763,2662,46,2708,48
2021-12-27,Kern,029,883053,137414,135119,25649,160768,1907
2021-12-27,Kings,031,150075,34764,34126,2126,36252,382
2021-12-27,Lake,033,64148,7119,7037,184,7221,116
2021-12-27,Lassen,035,31185,7128,7080,437,7517,55
2021-12-27,Los Angeles,037,10098052,1620319,1554074,67664,1621738,27300
2021-12-27,Madera,039,155013,25199,24840,2455,27295,320
2021-12-27,Marin,041,260295,20831,19601,852,20453,249
2021-12-27,Mariposa,043,17540,1535,1495,64,1559,6
2021-12-27,Mendocino,045,87422,8540,8351,715,9066,98
2021-12-27,Merced,047,269075,44896,44383,2270,46653,690
2021-12-27,Modoc,049,8938,607,599,211,810,6
2021-12-27,Mono,051,14174,2123,2026,25,2051,4
2021-12-27,Monterey,053,433212,52088,49918,3698,53616,639
2021-12-27,Napa,055,140530,14668,14083,203,14286,107
2021-12-27,Nevada,057,99092,10452,10239,375,10614,110
2021-12-27,Orange,059,3164182,342529,329222,20407,349629,5875
2021-12-27,Placer,061,380077,41361,40263,4276,44539,489
2021-12-27,Plumas,063,18699,2046,1988,53,2041,12
2021-12-27,Riverside,065,2383286,401851,389096,18000,407096,5470
2021-12-27,Sacramento,067,1510023,175074,170858,5829,176687,2422
2021-12-27,San Benito,069,59416,8301,8133,201,8334,79
2021-12-27,San Bernardino,071,2135413,392340,380526,12977,393503,6047
2021-12-27,San Diego,073,3302833,433948,414968,25738,440706,4445
2021-12-27,San Francisco,075,870044,66090,60920,2994,63914,682
2021-12-27,San Joaquin,077,732212,107528,105413,5962,111375,1876
2021-12-27,San Luis Obispo,079,281455,32715,31671,1500,33171,365
2021-12-27,San Mateo,081,765935,63775,58397,1290,59687,581
2021-12-27,Santa Barbara,083,443738,49848,48209,1779,49988,568
2021-12-27,Santa Clara,085,1922200,167183,159904,2291,162195,1961
2021-12-27,Santa Cruz,087,273765,23316,22456,1137,23593,228
2021-12-27,Shasta,089,179085,23297,23015,3816,26831,432
2021-12-27,Sierra,091,2930,212,206,21,227,0
2021-12-27,Siskiyou,093,43540,3534,3466,1420,4886,60
2021-12-27,Solano,095,438530,49555,48172,1525,49697,378
2021-12-27,Sonoma,097,501317,46596,44990,720,45710,410
2021-12-27,Stanislaus,099,539301,84124,83833,9696,93529,1331
2021-12-27,Sutter,101,95872,14767,14642,432,15074,191
2021-12-27,Tehama,103,63373,9041,8887,1596,10483,136
2021-12-27,Trinity,105,12862,917,827,229,1056,17
2021-12-27,Tulare,107,460477,73048,71562,17275,88837,1146
2021-12-27,Tuolumne,109,53932,8095,7978,118,8096,91
2021-12-27,Ventura,111,848112,109912,105212,5362,110574,1206
2021-12-27,Yolo,113,214977,22084,21300,1495,22795,270
2021-12-27,Yuba,115,75493,10921,10759,422,11181,98
2021-12-26,Alameda,001,1643700,133420,127221,3515,130736,1525
2021-12-26,Alpine,003,1148,110,113,0,113,0
2021-12-26,Amador,005,37829,5955,5861,82,5943,70
2021-12-26,Butte,007,227075,22663,22087,4069,26156,330
2021-12-26,Calaveras,009,45235,4690,4591,66,4657,91
2021-12-26,Colusa,011,21464,2675,2647,712,3359,21
2021-12-26,Contra Costa,013,1133247,108953,105022,2780,107802,1071
2021-12-26,Del Norte,015,27424,3848,3795,58,3853,43
2021-12-26,El Dorado,017,186661,17727,17188,1894,19082,172
2021-12-26,Fresno,019,978130,150697,148027,13714,161741,2358
2021-12-26,Glenn,021,27897,3676,3611,1063,4674,39
2021-12-26,Humboldt,023,135768,10453,10052,782,10834,119
2021-12-26,Imperial,025,180216,37685,36878,4302,41180,800
2021-12-26,Inyo,027,18085,2739,2636,43,2679,47
2021-12-26,Kern,029,883053,136695,134591,25392,159983,1908
2021-12-26,Kings,031,150075,34612,34009,2120,36129,379
2021-12-26,Lake,033,64148,7097,7019,181,7200,116
2021-12-26,Lassen,035,31185,7122,7072,436,7508,55
2021-12-26,Los Angeles,037,10098052,1590460,1515469,65855,1581324,27257
2021-12-26,Madera,039,155013,25081,24741,2439,27180,320
2021-12-26,Marin,041,260295,20450,19085,792,19877,249
2021-12-26,Mariposa,043,17540,1529,1480,64,1544,6
2021-12-26,Mendocino,045,87422,8489,8314,713,9027,98
2021-12-26,Merced,047,269075,44645,44208,2259,46467,690
2021-12-26,Modoc,049,8938,606,597,209,806,6
2021-12-26,Mono,051,14174,2097,2000,25,2025,4
2021-12-26,Monterey,053,433212,51809,49709,3649,53358,638
2021-12-26,Napa,055,140530,14432,13809,198,14007,107
2021-12-26,Nevada,057,99092,10392,10153,368,10521,110
2021-12-26,Orange,059,3164182,336196,322991,19604,342595,5863
2021-12-26,Placer,061,380077,41015,39852,4205,44057,489
2021-12-26,Plumas,063,18699,2038,1987,52,2039,12
2021-12-26,Riverside,065,2383286,397668,384567,17830,402397,5470
2021-12-26,Sacramento,067,1510023,173352,169144,5679,174823,2418
2021-12-26,San Benito,069,59416,8212,7991,197,8188,79
2021-12-26,San Bernardino,071,2135413,387730,376052,12797,388849,6043
2021-12-26,San Diego,073,3302833,424982,406616,25242,431858,4442
2021-12-26,San Francisco,075,870044,64520,58229,2932,61161,682
2021-12-26,San Joaquin,077,732212,106712,104590,5909,110499,1872
2021-12-26,San Luis Obispo,079,281455,32276,31290,1482,32772,365
2021-12-26,San Mateo,081,765935,62374,56973,1242,58215,581
2021-12-26,Santa Barbara,083,443738,49173,47553,1749,49302,567
2021-12-26,Santa Clara,085,1922200,164488,156872,2158,159030,1967
2021-12-26,Santa Cruz,087,273765,23031,22176,1123,23299,228
2021-12-26,Shasta,089,179085,23214,22959,3804,26763,432
2021-12-26,Sierra,091,2930,212,202,21,223,0
2021-12-26,Siskiyou,093,43540,3526,3460,1411,4871,60
2021-12-26,Solano,095,438530,49052,47646,1487,49133,377
2021-12-26,Sonoma,097,501317,46099,44358,687,45045,408
2021-12-26,Stanislaus,099,539301,83752,83368,9659,93027,1331
2021-12-26,Sutter,101,95872,14703,14533,429,14962,191
2021-12-26,Tehama,103,63373,9008,8861,1593,10454,136
2021-12-26,Trinity,105,12862,917,826,228,1054,17
2021-12-26,Tulare,107,460477,72800,71292,17164,88456,1137
2021-12-26,Tuolumne,109,53932,8058,7919,118,8037,91
2021-12-26,Ventura,111,848112,108079,103498,5212,108710,1206
2021-12-26,Yolo,113,214977,21798,21084,1455,22539,270
2021-12-26,Yuba,115,75493,10870,10694,420,11114,98
2021-12-25,Alameda,001,1643700,132364,127221,3451,130672,1525
2021-12-25,Alpine,003,1148,110,113,0,113,0
2021-12-25,Amador,005,37829,5936,5861,82,5943,70
2021-12-25,Butte,007,227075,22567,22087,4053,26140,330
2021-12-25,Calaveras,009,45235,4661,4591,65,4656,91
2021-12-25,Colusa,011,21464,2670,2647,706,3353,21
2021-12-25,Contra Costa,013,1133247,108131,105022,2727,107749,1071
2021-12-25,Del Norte,015,27424,3841,3795,57,3852,43
2021-12-25,El Dorado,017,186661,17674,17188,1883,19071,172
2021-12-25,Fresno,019,978130,150386,148027,13666,161693,2358
2021-12-25,Glenn,021,27897,3666,3611,1059,4670,39
2021-12-25,Humboldt,023,135768,10375,10052,775,10827,119
2021-12-25,Imperial,025,180216,37564,36878,4279,41157,800
2021-12-25,Inyo,027,18085,2719,2636,43,2679,47
2021-12-25,Kern,029,883053,136348,134591,25267,159858,1908
2021-12-25,Kings,031,150075,34522,34009,2113,36122,379
2021-12-25,Lake,033,64148,7085,7019,179,7198,116
2021-12-25,Lassen,035,31185,7120,7072,436,7508,55
2021-12-25,Los Angeles,037,10098052,1577653,1515469,64521,1579990,27257
2021-12-25,Madera,039,155013,25033,24741,2433,27174,320
2021-12-25,Marin,041,260295,20110,19085,743,19828,249
2021-12-25,Mariposa,043,17540,1523,1480,64,1544,6
2021-12-25,Mendocino,045,87422,8451,8314,713,9027,98
2021-12-25,Merced,047,269075,44545,44208,2257,46465,690
2021-12-25,Modoc,049,8938,606,597,209,806,6
2021-12-25,Mono,051,14174,2080,2000,25,2025,4
2021-12-25,Monterey,053,433212,51640,49709,3614,53323,638
2021-12-25,Napa,055,140530,14317,13809,190,13999,107
2021-12-25,Nevada,057,99092,10363,10153,368,10521,110
2021-12-25,Orange,059,3164182,333328,322991,19029,342020,5863
2021-12-25,Placer,061,380077,40835,39852,4169,44021,489
2021-12-25,Plumas,063,18699,2036,1987,52,2039,12
2021-12-25,Riverside,065,2383286,395386,384567,17710,402277,5470
2021-12-25,Sacramento,067,1510023,172539,169144,5571,174715,2418
2021-12-25,San Benito,069,59416,8147,7991,197,8188,79
2021-12-25,San Bernardino,071,2135413,385573,376052,12655,388707,6043
2021-12-25,San Diego,073,3302833,420930,406616,24972,431588,4442
2021-12-25,San Francisco,075,870044,63497,58229,2896,61125,682
2021-12-25,San Joaquin,077,732212,106377,104590,5877,110467,1872
2021-12-25,San Luis Obispo,079,281455,32121,31290,1473,32763,365
2021-12-25,San Mateo,081,765935,61344,56973,1199,58172,581
2021-12-25,Santa Barbara,083,443738,48810,47553,1737,49290,567
2021-12-25,Santa Clara,085,1922200,163008,156872,2091,158963,1967
2021-12-25,Santa Cruz,087,273765,22872,22176,1117,23293,228
2021-12-25,Shasta,089,179085,23184,22959,3798,26757,432
2021-12-25,Sierra,091,2930,212,202,21,223,0
2021-12-25,Siskiyou,093,43540,3523,3460,1405,4865,60
2021-12-25,Solano,095,438530,48928,47646,1469,49115,377
2021-12-25,Sonoma,097,501317,45714,44358,661,45019,408
2021-12-25,Stanislaus,099,539301,83539,83368,9638,93006,1331
2021-12-25,Sutter,101,95872,14662,14533,427,14960,191
2021-12-25,Tehama,103,63373,8988,8861,1589,10450,136
2021-12-25,Trinity,105,12862,916,826,228,1054,17
2021-12-25,Tulare,107,460477,72664,71292,17084,88376,1137
2021-12-25,Tuolumne,109,53932,8027,7919,118,8037,91
2021-12-25,Ventura,111,848112,106909,103498,5103,108601,1206
2021-12-25,Yolo,113,214977,21686,21084,1433,22517,270
2021-12-25,Yuba,115,75493,10844,10694,419,11113,98
2021-12-24,Alameda,001,1643700,131760,127221,3433,130654,1525
2021-12-24,Alpine,003,1148,110,113,0,113,0
2021-12-24,Amador,005,37829,5928,5861,81,5942,70
2021-12-24,Butte,007,227075,22512,22087,4040,26127,330
2021-12-24,Calaveras,009,45235,4655,4591,65,4656,91
2021-12-24,Colusa,011,21464,2668,2647,705,3352,21
2021-12-24,Contra Costa,013,1133247,107813,105022,2695,107717,1071
2021-12-24,Del Norte,015,27424,3834,3795,57,3852,43
2021-12-24,El Dorado,017,186661,17622,17188,1878,19066,172
2021-12-24,Fresno,019,978130,150221,148027,13653,161680,2358
2021-12-24,Glenn,021,27897,3665,3611,1059,4670,39
2021-12-24,Humboldt,023,135768,10319,10052,769,10821,119
2021-12-24,Imperial,025,180216,37481,36878,4275,41153,800
2021-12-24,Inyo,027,18085,2699,2636,43,2679,47
2021-12-24,Kern,029,883053,136225,134591,25225,159816,1908
2021-12-24,Kings,031,150075,34455,34009,2112,36121,379
2021-12-24,Lake,033,64148,7081,7019,179,7198,116
2021-12-24,Lassen,035,31185,7117,7072,436,7508,55
2021-12-24,Los Angeles,037,10098052,1572796,1515469,63991,1579460,27257
2021-12-24,Madera,039,155013,25000,24741,2428,27169,320
2021-12-24,Marin,041,260295,19966,19085,712,19797,249
2021-12-24,Mariposa,043,17540,1521,1480,64,1544,6
2021-12-24,Mendocino,045,87422,8434,8314,713,9027,98
2021-12-24,Merced,047,269075,44495,44208,2255,46463,690
2021-12-24,Modoc,049,8938,606,597,209,806,6
2021-12-24,Mono,051,14174,2067,2000,25,2025,4
2021-12-24,Monterey,053,433212,51542,49709,3588,53297,638
2021-12-24,Napa,055,140530,14251,13809,186,13995,107
2021-12-24,Nevada,057,99092,10336,10153,366,10519,110
2021-12-24,Orange,059,3164182,332276,322991,18869,341860,5863
2021-12-24,Placer,061,380077,40717,39852,4153,44005,489
2021-12-24,Plumas,063,18699,2035,1987,52,2039,12
2021-12-24,Riverside,065,2383286,394396,384567,17619,402186,5470
2021-12-24,Sacramento,067,1510023,172226,169144,5535,174679,2418
2021-12-24,San Benito,069,59416,8138,7991,196,8187,79
2021-12-24,San Bernardino,071,2135413,384474,376052,12583,388635,6043
2021-12-24,San Diego,073,3302833,419827,406616,24844,431460,4442
2021-12-24,San Francisco,075,870044,62987,58229,2878,61107,682
2021-12-24,San Joaquin,077,732212,106184,104590,5870,110460,1872
2021-12-24,San Luis Obispo,079,281455,32059,31290,1463,32753,365
2021-12-24,San Mateo,081,765935,60912,56973,1176,58149,581
2021-12-24,Santa Barbara,083,443738,48605,47553,1730,49283,567
2021-12-24,Santa Clara,085,1922200,162188,156872,2057,158929,1967
2021-12-24,Santa Cruz,087,273765,22789,22176,1114,23290,228
2021-12-24,Shasta,089,179085,23152,22959,3794,26753,432
2021-12-24,Sierra,091,2930,211,202,21,223,0
2021-12-24,Siskiyou,093,43540,3518,3460,1401,4861,60
2021-12-24,Solano,095,438530,48876,47646,1467,49113,377
2021-12-24,Sonoma,097,501317,45550,44358,653,45011,408
2021-12-24,Stanislaus,099,539301,83427,83368,9625,92993,1331
2021-12-24,Sutter,101,95872,14642,14533,424,14957,191
2021-12-24,Tehama,103,63373,8979,8861,1586,10447,136
2021-12-24,Trinity,105,12862,914,826,228,1054,17
2021-12-24,Tulare,107,460477,72598,71292,17041,88333,1137
2021-12-24,Tuolumne,109,53932,8002,7919,118,8037,91
2021-12-24,Ventura,111,848112,106461,103498,5047,108545,1206
2021-12-24,Yolo,113,214977,21613,21084,1415,22499,270
2021-12-24,Yuba,115,75493,10821,10694,418,11112,98
2021-12-23,Alameda,001,1643700,131068,127221,3399,130620,1525
2021-12-23,Alpine,003,1148,110,113,0,113,0
2021-12-23,Amador,005,37829,5916,5861,79,5940,70
2021-12-23,Butte,007,227075,22462,22087,4028,26115,330
2021-12-23,Calaveras,009,45235,4644,4591,65,4656,91
2021-12-23,Colusa,011,21464,2662,2647,701,3348,21
2021-12-23,Contra Costa,013,1133247,107385,105022,2650,107672,1071
2021-12-23,Del Norte,015,27424,3831,3795,57,3852,43
2021-12-23,El Dorado,017,186661,17559,17188,1872,19060,172
2021-12-23,Fresno,019,978130,150016,148027,13631,161658,2358
2021-12-23,Glenn,021,27897,3661,3611,1059,4670,39
2021-12-23,Humboldt,023,135768,10266,10052,766,10818,119
2021-12-23,Imperial,025,180216,37408,36878,4246,41124,800
2021-12-23,Inyo,027,18085,2686,2636,43,2679,47
2021-12-23,Kern,029,883053,136073,134591,25127,159718,1908
2021-12-23,Kings,031,150075,34414,34009,2111,36120,379
2021-12-23,Lake,033,64148,7069,7019,177,7196,116
2021-12-23,Lassen,035,31185,7116,7072,436,7508,55
2021-12-23,Los Angeles,037,10098052,1563260,1515469,62886,1578355,27257
2021-12-23,Madera,039,155013,24968,24741,2423,27164,320
2021-12-23,Marin,041,260295,19832,19085,695,19780,249
2021-12-23,Mariposa,043,17540,1516,1480,64,1544,6
2021-12-23,Mendocino,045,87422,8425,8314,713,9027,98
2021-12-23,Merced,047,269075,44446,44208,2253,46461,690
2021-12-23,Modoc,049,8938,606,597,209,806,6
2021-12-23,Mono,051,14174,2046,2000,24,2024,4
2021-12-23,Monterey,053,433212,51423,49709,3567,53276,638
2021-12-23,Napa,055,140530,14170,13809,181,13990,107
2021-12-23,Nevada,057,99092,10313,10153,365,10518,110
2021-12-23,Orange,059,3164182,330586,322991,18535,341526,5863
2021-12-23,Placer,061,380077,40594,39852,4137,43989,489
2021-12-23,Plumas,063,18699,2035,1987,52,2039,12
2021-12-23,Riverside,065,2383286,393179,384567,17550,402117,5470
2021-12-23,Sacramento,067,1510023,171772,169144,5487,174631,2418
2021-12-23,San Benito,069,59416,8119,7991,194,8185,79
2021-12-23,San Bernardino,071,2135413,383324,376052,12476,388528,6043
2021-12-23,San Diego,073,3302833,417988,406616,24644,431260,4442
2021-12-23,San Francisco,075,870044,62260,58229,2850,61079,682
2021-12-23,San Joaquin,077,732212,105966,104590,5857,110447,1872
2021-12-23,San Luis Obispo,079,281455,31987,31290,1459,32749,365
2021-12-23,San Mateo,081,765935,60349,56973,1155,58128,581
2021-12-23,Santa Barbara,083,443738,48406,47553,1728,49281,567
2021-12-23,Santa Clara,085,1922200,161281,156872,1998,158870,1967
2021-12-23,Santa Cruz,087,273765,22673,22176,1102,23278,228
2021-12-23,Shasta,089,179085,23123,22959,3791,26750,432
2021-12-23,Sierra,091,2930,208,202,21,223,0
2021-12-23,Siskiyou,093,43540,3518,3460,1399,4859,60
2021-12-23,Solano,095,438530,48770,47646,1451,49097,377
2021-12-23,Sonoma,097,501317,45373,44358,650,45008,408
2021-12-23,Stanislaus,099,539301,83299,83368,9611,92979,1331
2021-12-23,Sutter,101,95872,14624,14533,423,14956,191
2021-12-23,Tehama,103,63373,8967,8861,1582,10443,136
2021-12-23,Trinity,105,12862,914,826,228,1054,17
2021-12-23,Tulare,107,460477,72522,71292,16996,88288,1137
2021-12-23,Tuolumne,109,53932,7984,7919,117,8036,91
2021-12-23,Ventura,111,848112,105926,103498,4980,108478,1206
2021-12-23,Yolo,113,214977,21541,21084,1397,22481,270
2021-12-23,Yuba,115,75493,10808,10694,418,11112,98
2021-12-22,Alameda,001,1643700,130155,126533,3314,129847,1522
2021-12-22,Alpine,003,1148,110,112,0,112,0
2021-12-22,Amador,005,37829,5903,5850,78,5928,70
2021-12-22,Butte,007,227075,22412,22070,4017,26087,330
2021-12-22,Calaveras,009,45235,4635,4580,65,4645,91
2021-12-22,Colusa,011,21464,2662,2645,698,3343,21
2021-12-22,Contra Costa,013,1133247,106746,104559,2607,107166,1070
2021-12-22,Del Norte,015,27424,3831,3794,57,3851,43
2021-12-22,El Dorado,017,186661,17498,17140,1863,19003,172
2021-12-22,Fresno,019,978130,149734,147838,13597,161435,2349
2021-12-22,Glenn,021,27897,3656,3604,1059,4663,39
2021-12-22,Humboldt,023,135768,10206,10022,761,10783,119
2021-12-22,Imperial,025,180216,37322,36755,4209,40964,798
2021-12-22,Inyo,027,18085,2668,2632,43,2675,47
2021-12-22,Kern,029,883053,135838,134433,25042,159475,1900
2021-12-22,Kings,031,150075,34364,33953,2104,36057,376
2021-12-22,Lake,033,64148,7062,7008,175,7183,116
2021-12-22,Lassen,035,31185,7111,7069,435,7504,55
2021-12-22,Los Angeles,037,10098052,1549727,1507110,61708,1568818,27234
2021-12-22,Madera,039,155013,24929,24702,2419,27121,320
2021-12-22,Marin,041,260295,19611,18927,672,19599,249
2021-12-22,Mariposa,043,17540,1509,1480,64,1544,6
2021-12-22,Mendocino,045,87422,8416,8299,713,9012,99
2021-12-22,Merced,047,269075,44375,44137,2251,46388,689
2021-12-22,Modoc,049,8938,606,595,209,804,6
2021-12-22,Mono,051,14174,2042,1979,24,2003,4
2021-12-22,Monterey,053,433212,51266,49650,3550,53200,639
2021-12-22,Napa,055,140530,14042,13746,171,13917,107
2021-12-22,Nevada,057,99092,10285,10101,360,10461,110
2021-12-22,Orange,059,3164182,328291,321765,18102,339867,5858
2021-12-22,Placer,061,380077,40411,39758,4100,43858,489
2021-12-22,Plumas,063,18699,2031,1986,52,2038,12
2021-12-22,Riverside,065,2383286,391347,383319,17435,400754,5472
2021-12-22,Sacramento,067,1510023,171115,168695,5418,174113,2422
2021-12-22,San Benito,069,59416,8067,7971,192,8163,79
2021-12-22,San Bernardino,071,2135413,381682,375044,12391,387435,6039
2021-12-22,San Diego,073,3302833,413874,404269,24315,428584,4434
2021-12-22,San Francisco,075,870044,61271,57520,2805,60325,682
2021-12-22,San Joaquin,077,732212,105695,104385,5843,110228,1870
2021-12-22,San Luis Obispo,079,281455,31846,31175,1439,32614,365
2021-12-22,San Mateo,081,765935,59666,56604,1126,57730,581
2021-12-22,Santa Barbara,083,443738,48150,47372,1712,49084,566
2021-12-22,Santa Clara,085,1922200,160164,156258,1957,158215,1954
2021-12-22,Santa Cruz,087,273765,22567,22075,1096,23171,228
2021-12-22,Shasta,089,179085,23095,22937,3786,26723,432
2021-12-22,Sierra,091,2930,208,202,21,223,0
2021-12-22,Siskiyou,093,43540,3515,3458,1396,4854,59
2021-12-22,Solano,095,438530,48541,47531,1437,48968,375
2021-12-22,Sonoma,097,501317,45098,44201,639,44840,408
2021-12-22,Stanislaus,099,539301,83158,83245,9596,92841,1331
2021-12-22,Sutter,101,95872,14589,14513,420,14933,191
2021-12-22,Tehama,103,63373,8954,8853,1579,10432,136
2021-12-22,Trinity,105,12862,914,826,228,1054,17
2021-12-22,Tulare,107,460477,72421,71226,16943,88169,1137
2021-12-22,Tuolumne,109,53932,7963,7903,117,8020,91
2021-12-22,Ventura,111,848112,105320,103089,4873,107962,1206
2021-12-22,Yolo,113,214977,21465,21012,1382,22394,270
2021-12-22,Yuba,115,75493,10791,10681,418,11099,98
2021-12-21,Alameda,001,1643700,129171,126007,3258,129265,1518
2021-12-21,Alpine,003,1148,110,112,0,112,0
2021-12-21,Amador,005,37829,5893,5845,78,5923,70
2021-12-21,Butte,007,227075,22350,22041,4004,26045,330
2021-12-21,Calaveras,009,45235,4622,4575,65,4640,91
2021-12-21,Colusa,011,21464,2660,2643,697,3340,21
2021-12-21,Contra Costa,013,1133247,106114,104255,2541,106796,1068
2021-12-21,Del Norte,015,27424,3830,3793,57,3850,43
2021-12-21,El Dorado,017,186661,17434,17098,1851,18949,172
2021-12-21,Fresno,019,978130,149448,147707,13562,161269,2341
2021-12-21,Glenn,021,27897,3642,3602,1059,4661,39
2021-12-21,Humboldt,023,135768,10141,9989,756,10745,118
2021-12-21,Imperial,025,180216,37224,36580,4167,40747,792
2021-12-21,Inyo,027,18085,2656,2627,43,2670,47
2021-12-21,Kern,029,883053,135629,134321,24936,159257,1892
2021-12-21,Kings,031,150075,34304,33914,2103,36017,376
2021-12-21,Lake,033,64148,7057,7004,173,7177,116
2021-12-21,Lassen,035,31185,7109,7069,435,7504,55
2021-12-21,Los Angeles,037,10098052,1535802,1501169,60670,1561839,27220
2021-12-21,Madera,039,155013,24893,24688,2412,27100,320
2021-12-21,Marin,041,260295,19440,18828,637,19465,249
2021-12-21,Mariposa,043,17540,1508,1480,63,1543,6
2021-12-21,Mendocino,045,87422,8400,8282,711,8993,97
2021-12-21,Merced,047,269075,44303,44096,2248,46344,688
2021-12-21,Modoc,049,8938,604,595,207,802,6
2021-12-21,Mono,051,14174,2022,1979,24,2003,4
2021-12-21,Monterey,053,433212,51175,49586,3533,53119,638
2021-12-21,Napa,055,140530,13941,13703,160,13863,107
2021-12-21,Nevada,057,99092,10256,10095,360,10455,110
2021-12-21,Orange,059,3164182,326167,320705,17648,338353,5855
2021-12-21,Placer,061,380077,40271,39649,4071,43720,487
2021-12-21,Plumas,063,18699,2031,1975,52,2027,12
2021-12-21,Riverside,065,2383286,389621,382415,17314,399729,5465
2021-12-21,Sacramento,067,1510023,170461,168422,5362,173784,2419
2021-12-21,San Benito,069,59416,8028,7950,190,8140,79
2021-12-21,San Bernardino,071,2135413,380076,374219,12281,386500,6026
2021-12-21,San Diego,073,3302833,410151,402386,23978,426364,4424
2021-12-21,San Francisco,075,870044,60321,56950,2771,59721,681
2021-12-21,San Joaquin,077,732212,105408,104238,5824,110062,1870
2021-12-21,San Luis Obispo,079,281455,31682,31103,1427,32530,365
2021-12-21,San Mateo,081,765935,59050,56381,1102,57483,581
2021-12-21,Santa Barbara,083,443738,47921,47194,1697,48891,564
2021-12-21,Santa Clara,085,1922200,159142,155769,1915,157684,1951
2021-12-21,Santa Cruz,087,273765,22450,22028,1085,23113,228
2021-12-21,Shasta,089,179085,23064,22920,3782,26702,429
2021-12-21,Sierra,091,2930,206,201,21,222,0
2021-12-21,Siskiyou,093,43540,3514,3455,1396,4851,59
2021-12-21,Solano,095,438530,48386,47474,1430,48904,372
2021-12-21,Sonoma,097,501317,44875,44051,629,44680,408
2021-12-21,Stanislaus,099,539301,83003,83167,9569,92736,1331
2021-12-21,Sutter,101,95872,14566,14492,419,14911,190
2021-12-21,Tehama,103,63373,8946,8849,1574,10423,136
2021-12-21,Trinity,105,12862,913,826,228,1054,17
2021-12-21,Tulare,107,460477,72329,71166,16901,88067,1137
2021-12-21,Tuolumne,109,53932,7939,7893,117,8010,91
2021-12-21,Ventura,111,848112,104702,102631,4760,107391,1205
2021-12-21,Yolo,113,214977,21356,20944,1378,22322,267
2021-12-21,Yuba,115,75493,10774,10668,418,11086,98
2021-12-20,Alameda,001,1643700,128245,125762,3190,128952,1515
2021-12-20,Alpine,003,1148,110,112,0,112,0
2021-12-20,Amador,005,37829,5879,5838,78,5916,70
2021-12-20,Butte,007,227075,22289,22030,3995,26025,329
2021-12-20,Calaveras,009,45235,4612,4569,65,4634,91
2021-12-20,Colusa,011,21464,2658,2644,697,3341,21
2021-12-20,Contra Costa,013,1133247,105578,104051,2494,106545,1068
2021-12-20,Del Norte,015,27424,3828,3792,57,3849,43
2021-12-20,El Dorado,017,186661,17372,17083,1842,18925,172
2021-12-20,Fresno,019,978130,149205,147605,13533,161138,2341
2021-12-20,Glenn,021,27897,3636,3597,1059,4656,39
2021-12-20,Humboldt,023,135768,10098,9973,752,10725,118
2021-12-20,Imperial,025,180216,37107,36532,4137,40669,792
2021-12-20,Inyo,027,18085,2653,2615,43,2658,47
2021-12-20,Kern,029,883053,135431,134203,24876,159079,1883
2021-12-20,Kings,031,150075,34262,33898,2102,36000,376
2021-12-20,Lake,033,64148,7052,6999,173,7172,116
2021-12-20,Lassen,035,31185,7107,7065,434,7499,55
2021-12-20,Los Angeles,037,10098052,1524296,1495251,59935,1555186,27188
2021-12-20,Madera,039,155013,24864,24668,2408,27076,313
2021-12-20,Marin,041,260295,19226,18747,619,19366,249
2021-12-20,Mariposa,043,17540,1499,1479,63,1542,6
2021-12-20,Mendocino,045,87422,8388,8264,709,8973,96
2021-12-20,Merced,047,269075,44246,44071,2243,46314,687
2021-12-20,Modoc,049,8938,604,595,204,799,6
2021-12-20,Mono,051,14174,2000,1973,24,1997,4
2021-12-20,Monterey,053,433212,51078,49556,3513,53069,636
2021-12-20,Napa,055,140530,13857,13672,150,13822,107
2021-12-20,Nevada,057,99092,10216,10079,359,10438,109
2021-12-20,Orange,059,3164182,324564,320235,17327,337562,5852
2021-12-20,Placer,061,380077,40143,39579,4041,43620,485
2021-12-20,Plumas,063,18699,2028,1971,50,2021,12
2021-12-20,Riverside,065,2383286,388173,381841,17224,399065,5452
2021-12-20,Sacramento,067,1510023,169890,168153,5319,173472,2414
2021-12-20,San Benito,069,59416,7984,7934,188,8122,79
2021-12-20,San Bernardino,071,2135413,378604,373881,12197,386078,6023
2021-12-20,San Diego,073,3302833,406913,401483,23737,425220,4412
2021-12-20,San Francisco,075,870044,59262,56661,2710,59371,681
2021-12-20,San Joaquin,077,732212,105166,104188,5815,110003,1865
2021-12-20,San Luis Obispo,079,281455,31569,31075,1419,32494,365
2021-12-20,San Mateo,081,765935,58503,56247,1083,57330,581
2021-12-20,Santa Barbara,083,443738,47712,47131,1692,48823,562
2021-12-20,Santa Clara,085,1922200,158184,155427,1866,157293,1950
2021-12-20,Santa Cruz,087,273765,22369,21989,1080,23069,227
2021-12-20,Shasta,089,179085,23044,22888,3777,26665,429
2021-12-20,Sierra,091,2930,205,201,21,222,0
2021-12-20,Siskiyou,093,43540,3513,3453,1394,4847,59
2021-12-20,Solano,095,438530,48258,47394,1422,48816,370
2021-12-20,Sonoma,097,501317,44683,43982,621,44603,408
2021-12-20,Stanislaus,099,539301,82879,83110,9542,92652,1331
2021-12-20,Sutter,101,95872,14543,14480,419,14899,190
2021-12-20,Tehama,103,63373,8938,8840,1571,10411,136
2021-12-20,Trinity,105,12862,913,826,228,1054,17
2021-12-20,Tulare,107,460477,72235,71124,16841,87965,1129
2021-12-20,Tuolumne,109,53932,7925,7867,113,7980,91
2021-12-20,Ventura,111,848112,104195,102452,4682,107134,1203
2021-12-20,Yolo,113,214977,21263,20903,1366,22269,267
2021-12-20,Yuba,115,75493,10758,10656,415,11071,97
2021-12-19,Alameda,001,1643700,127365,125464,3147,128611,1519
2021-12-19,Alpine,003,1148,110,112,0,112,0
2021-12-19,Amador,005,37829,5867,5832,77,5909,70
2021-12-19,Butte,007,227075,22236,22022,3989,26011,329
2021-12-19,Calaveras,009,45235,4596,4563,64,4627,91
2021-12-19,Colusa,011,21464,2658,2643,694,3337,21
2021-12-19,Contra Costa,013,1133247,105087,103906,2459,106365,1068
2021-12-19,Del Norte,015,27424,3824,3797,57,3854,43
2021-12-19,El Dorado,017,186661,17316,17067,1840,18907,172
2021-12-19,Fresno,019,978130,148965,147505,13507,161012,2341
2021-12-19,Glenn,021,27897,3632,3596,1058,4654,39
2021-12-19,Humboldt,023,135768,10057,9957,747,10704,118
2021-12-19,Imperial,025,180216,36978,36501,4093,40594,792
2021-12-19,Inyo,027,18085,2644,2613,43,2656,47
2021-12-19,Kern,029,883053,135233,134136,24805,158941,1883
2021-12-19,Kings,031,150075,34202,33874,2098,35972,378
2021-12-19,Lake,033,64148,7043,6999,170,7169,116
2021-12-19,Lassen,035,31185,7103,7065,434,7499,55
2021-12-19,Los Angeles,037,10098052,1515295,1495082,59322,1554404,27189
2021-12-19,Madera,039,155013,24839,24642,2402,27044,313
2021-12-19,Marin,041,260295,19050,18707,596,19303,249
2021-12-19,Mariposa,043,17540,1493,1475,63,1538,6
2021-12-19,Mendocino,045,87422,8371,8257,706,8963,96
2021-12-19,Merced,047,269075,44151,44045,2236,46281,687
2021-12-19,Modoc,049,8938,603,595,204,799,6
2021-12-19,Mono,051,14174,1989,1968,23,1991,4
2021-12-19,Monterey,053,433212,50976,49516,3491,53007,636
2021-12-19,Napa,055,140530,13784,13659,141,13800,107
2021-12-19,Nevada,057,99092,10180,10057,356,10413,109
2021-12-19,Orange,059,3164182,323160,319615,17098,336713,5852
2021-12-19,Placer,061,380077,40024,39525,4024,43549,485
2021-12-19,Plumas,063,18699,2025,1971,50,2021,12
2021-12-19,Riverside,065,2383286,386733,381305,17148,398453,5452
2021-12-19,Sacramento,067,1510023,169394,167933,5290,173223,2415
2021-12-19,San Benito,069,59416,7958,7929,187,8116,79
2021-12-19,San Bernardino,071,2135413,377318,373480,12156,385636,6023
2021-12-19,San Diego,073,3302833,404404,398197,23540,421737,4406
2021-12-19,San Francisco,075,870044,58390,56358,2654,59012,681
2021-12-19,San Joaquin,077,732212,104908,104125,5801,109926,1865
2021-12-19,San Luis Obispo,079,281455,31446,31035,1407,32442,366
2021-12-19,San Mateo,081,765935,58037,56132,1068,57200,581
2021-12-19,Santa Barbara,083,443738,47489,47070,1685,48755,562
2021-12-19,Santa Clara,085,1922200,157296,155049,1838,156887,1950
2021-12-19,Santa Cruz,087,273765,22270,21960,1075,23035,227
2021-12-19,Shasta,089,179085,23007,22875,3773,26648,429
2021-12-19,Sierra,091,2930,204,201,21,222,0
2021-12-19,Siskiyou,093,43540,3510,3452,1394,4846,59
2021-12-19,Solano,095,438530,48137,47341,1416,48757,370
2021-12-19,Sonoma,097,501317,44498,43944,619,44563,408
2021-12-19,Stanislaus,099,539301,82741,83040,9511,92551,1331
2021-12-19,Sutter,101,95872,14503,14475,418,14893,190
2021-12-19,Tehama,103,63373,8930,8840,1571,10411,136
2021-12-19,Trinity,105,12862,913,826,228,1054,17
2021-12-19,Tulare,107,460477,72141,71085,16799,87884,1129
2021-12-19,Tuolumne,109,53932,7908,7865,112,7977,91
2021-12-19,Ventura,111,848112,103615,102170,4617,106787,1203
2021-12-19,Yolo,113,214977,21182,20887,1346,22233,267
2021-12-19,Yuba,115,75493,10741,10646,413,11059,97
2021-12-18,Alameda,001,1643700,126960,124583,3122,127705,1512
2021-12-18,Alpine,003,1148,110,110,0,110,0
2021-12-18,Amador,005,37829,5861,5821,77,5898,69
2021-12-18,Butte,007,227075,22219,21956,3984,25940,328
2021-12-18,Calaveras,009,45235,4589,4534,64,4598,91
2021-12-18,Colusa,011,21464,2655,2635,692,3327,21
2021-12-18,Contra Costa,013,1133247,104874,103380,2445,105825,1065
2021-12-18,Del Norte,015,27424,3821,3791,57,3848,43
2021-12-18,El Dorado,017,186661,17288,16968,1837,18805,171
2021-12-18,Fresno,019,978130,148862,147038,13493,160531,2335
2021-12-18,Glenn,021,27897,3629,3590,1058,4648,39
2021-12-18,Humboldt,023,135768,10041,9889,747,10636,118
2021-12-18,Imperial,025,180216,36905,36280,4081,40361,790
2021-12-18,Inyo,027,18085,2638,2607,43,2650,47
2021-12-18,Kern,029,883053,135143,133754,24758,158512,1873
2021-12-18,Kings,031,150075,34170,33783,2094,35877,374
2021-12-18,Lake,033,64148,7042,6976,170,7146,115
2021-12-18,Lassen,035,31185,7101,7061,433,7494,55
2021-12-18,Los Angeles,037,10098052,1511202,1484840,59007,1543847,27135
2021-12-18,Madera,039,155013,24824,24575,2400,26975,313
2021-12-18,Marin,041,260295,18950,18537,584,19121,249
2021-12-18,Mariposa,043,17540,1492,1468,63,1531,6
2021-12-18,Mendocino,045,87422,8365,8219,706,8925,95
2021-12-18,Merced,047,269075,44117,43929,2235,46164,686
2021-12-18,Modoc,049,8938,601,595,204,799,6
2021-12-18,Mono,051,14174,1987,1956,23,1979,4
2021-12-18,Monterey,053,433212,50917,49343,3486,52829,635
2021-12-18,Napa,055,140530,13758,13581,139,13720,107
2021-12-18,Nevada,057,99092,10158,9991,354,10345,108
2021-12-18,Orange,059,3164182,322495,318149,16959,335108,5844
2021-12-18,Placer,061,380077,39923,39336,4010,43346,485
2021-12-18,Plumas,063,18699,2025,1964,50,2014,13
2021-12-18,Riverside,065,2383286,386038,379354,17106,396460,5439
2021-12-18,Sacramento,067,1510023,169153,167046,5270,172316,2404
2021-12-18,San Benito,069,59416,7943,7894,187,8081,79
2021-12-18,San Bernardino,071,2135413,376667,371658,12128,383786,6017
2021-12-18,San Diego,073,3302833,403449,397130,23488,420618,4399
2021-12-18,San Francisco,075,870044,57898,55562,2624,58186,679
2021-12-18,San Joaquin,077,732212,104821,103698,5791,109489,1858
2021-12-18,San Luis Obispo,079,281455,31403,30873,1401,32274,365
2021-12-18,San Mateo,081,765935,57796,55730,1063,56793,580
2021-12-18,Santa Barbara,083,443738,47393,46776,1683,48459,562
2021-12-18,Santa Clara,085,1922200,156844,154243,1825,156068,1946
2021-12-18,Santa Cruz,087,273765,22218,21805,1073,22878,225
2021-12-18,Shasta,089,179085,22986,22811,3773,26584,429
2021-12-18,Sierra,091,2930,204,199,21,220,0
2021-12-18,Siskiyou,093,43540,3508,3441,1393,4834,58
2021-12-18,Solano,095,438530,48091,47174,1414,48588,369
2021-12-18,Sonoma,097,501317,44387,43658,615,44273,407
2021-12-18,Stanislaus,099,539301,82659,82736,9500,92236,1330
2021-12-18,Sutter,101,95872,14485,14435,418,14853,190
2021-12-18,Tehama,103,63373,8924,8814,1570,10384,136
2021-12-18,Trinity,105,12862,913,823,228,1051,17
2021-12-18,Tulare,107,460477,72103,70922,16774,87696,1120
2021-12-18,Tuolumne,109,53932,7894,7834,112,7946,91
2021-12-18,Ventura,111,848112,103329,101612,4593,106205,1201
2021-12-18,Yolo,113,214977,21142,20793,1340,22133,267
2021-12-18,Yuba,115,75493,10728,10599,413,11012,96
2021-12-17,Alameda,001,1643700,126628,124583,3103,127686,1512
2021-12-17,Alpine,003,1148,110,110,0,110,0
2021-12-17,Amador,005,37829,5854,5821,77,5898,69
2021-12-17,Butte,007,227075,22199,21956,3978,25934,328
2021-12-17,Calaveras,009,45235,4585,4534,64,4598,91
2021-12-17,Colusa,011,21464,2654,2635,691,3326,21
2021-12-17,Contra Costa,013,1133247,104672,103380,2441,105821,1065
2021-12-17,Del Norte,015,27424,3820,3791,57,3848,43
2021-12-17,El Dorado,017,186661,17259,16968,1834,18802,171
2021-12-17,Fresno,019,978130,148758,147038,13493,160531,2335
2021-12-17,Glenn,021,27897,3622,3590,1058,4648,39
2021-12-17,Humboldt,023,135768,10021,9889,745,10634,118
2021-12-17,Imperial,025,180216,36843,36280,4063,40343,790
2021-12-17,Inyo,027,18085,2633,2607,43,2650,47
2021-12-17,Kern,029,883053,135052,133754,24716,158470,1873
2021-12-17,Kings,031,150075,34151,33783,2094,35877,374
2021-12-17,Lake,033,64148,7038,6976,170,7146,115
2021-12-17,Lassen,035,31185,7101,7061,432,7493,55
2021-12-17,Los Angeles,037,10098052,1507230,1484840,58764,1543604,27135
2021-12-17,Madera,039,155013,24808,24575,2395,26970,313
2021-12-17,Marin,041,260295,18873,18537,580,19117,249
2021-12-17,Mariposa,043,17540,1488,1468,63,1531,6
2021-12-17,Mendocino,045,87422,8354,8219,706,8925,95
2021-12-17,Merced,047,269075,44090,43929,2234,46163,686
2021-12-17,Modoc,049,8938,601,595,204,799,6
2021-12-17,Mono,051,14174,1984,1956,23,1979,4
2021-12-17,Monterey,053,433212,50859,49343,3481,52824,635
2021-12-17,Napa,055,140530,13731,13581,138,13719,107
2021-12-17,Nevada,057,99092,10147,9991,354,10345,108
2021-12-17,Orange,059,3164182,321932,318149,16891,335040,5844
2021-12-17,Placer,061,380077,39869,39336,4004,43340,485
2021-12-17,Plumas,063,18699,2024,1964,50,2014,13
2021-12-17,Riverside,065,2383286,385386,379354,17095,396449,5439
2021-12-17,Sacramento,067,1510023,168920,167046,5257,172303,2404
2021-12-17,San Benito,069,59416,7941,7894,187,8081,79
2021-12-17,San Bernardino,071,2135413,376123,371658,12111,383769,6017
2021-12-17,San Diego,073,3302833,402508,397130,23440,420570,4399
2021-12-17,San Francisco,075,870044,57572,55562,2594,58156,679
2021-12-17,San Joaquin,077,732212,104747,103698,5773,109471,1858
2021-12-17,San Luis Obispo,079,281455,31375,30873,1397,32270,365
2021-12-17,San Mateo,081,765935,57607,55730,1056,56786,580
2021-12-17,Santa Barbara,083,443738,47316,46776,1677,48453,562
2021-12-17,Santa Clara,085,1922200,156471,154243,1810,156053,1946
2021-12-17,Santa Cruz,087,273765,22172,21805,1070,22875,225
2021-12-17,Shasta,089,179085,22973,22811,3771,26582,429
2021-12-17,Sierra,091,2930,203,199,21,220,0
2021-12-17,Siskiyou,093,43540,3504,3441,1391,4832,58
2021-12-17,Solano,095,438530,48023,47174,1410,48584,369
2021-12-17,Sonoma,097,501317,44290,43658,612,44270,407
2021-12-17,Stanislaus,099,539301,82608,82736,9494,92230,1330
2021-12-17,Sutter,101,95872,14473,14435,416,14851,190
2021-12-17,Tehama,103,63373,8917,8814,1569,10383,136
2021-12-17,Trinity,105,12862,913,823,228,1051,17
2021-12-17,Tulare,107,460477,72061,70922,16744,87666,1120
2021-12-17,Tuolumne,109,53932,7882,7834,112,7946,91
2021-12-17,Ventura,111,848112,103079,101612,4581,106193,1201
2021-12-17,Yolo,113,214977,21109,20793,1334,22127,267
2021-12-17,Yuba,115,75493,10717,10599,410,11009,96
2021-12-16,Alameda,001,1643700,126254,124583,3088,127671,1512
2021-12-16,Alpine,003,1148,108,110,0,110,0
2021-12-16,Amador,005,37829,5846,5821,77,5898,69
2021-12-16,Butte,007,227075,22180,21956,3975,25931,328
2021-12-16,Calaveras,009,45235,4577,4534,64,4598,91
2021-12-16,Colusa,011,21464,2654,2635,691,3326,21
2021-12-16,Contra Costa,013,1133247,104448,103380,2428,105808,1065
2021-12-16,Del Norte,015,27424,3817,3791,57,3848,43
2021-12-16,El Dorado,017,186661,17224,16968,1829,18797,171
2021-12-16,Fresno,019,978130,148598,147038,13486,160524,2335
2021-12-16,Glenn,021,27897,3621,3590,1055,4645,39
2021-12-16,Humboldt,023,135768,9997,9889,735,10624,118
2021-12-16,Imperial,025,180216,36759,36280,4033,40313,790
2021-12-16,Inyo,027,18085,2629,2607,42,2649,47
2021-12-16,Kern,029,883053,134908,133754,24665,158419,1873
2021-12-16,Kings,031,150075,34127,33783,2093,35876,374
2021-12-16,Lake,033,64148,7034,6976,170,7146,115
2021-12-16,Lassen,035,31185,7098,7061,431,7492,55
2021-12-16,Los Angeles,037,10098052,1502995,1484840,58493,1543333,27135
2021-12-16,Madera,039,155013,24780,24575,2391,26966,313
2021-12-16,Marin,041,260295,18826,18537,572,19109,249
2021-12-16,Mariposa,043,17540,1486,1468,63,1531,6
2021-12-16,Mendocino,045,87422,8343,8219,701,8920,95
2021-12-16,Merced,047,269075,44051,43929,2233,46162,686
2021-12-16,Modoc,049,8938,601,595,204,799,6
2021-12-16,Mono,051,14174,1981,1956,23,1979,4
2021-12-16,Monterey,053,433212,50788,49343,3464,52807,635
2021-12-16,Napa,055,140530,13699,13581,138,13719,107
2021-12-16,Nevada,057,99092,10121,9991,354,10345,108
2021-12-16,Orange,059,3164182,321324,318149,16812,334961,5844
2021-12-16,Placer,061,380077,39792,39336,3999,43335,485
2021-12-16,Plumas,063,18699,2024,1964,50,2014,13
2021-12-16,Riverside,065,2383286,384579,379354,17081,396435,5439
2021-12-16,Sacramento,067,1510023,168634,167046,5232,172278,2404
2021-12-16,San Benito,069,59416,7934,7894,187,8081,79
2021-12-16,San Bernardino,071,2135413,375474,371658,12092,383750,6017
2021-12-16,San Diego,073,3302833,401324,397130,23374,420504,4399
2021-12-16,San Francisco,075,870044,57197,55562,2572,58134,679
2021-12-16,San Joaquin,077,732212,104624,103698,5766,109464,1858
2021-12-16,San Luis Obispo,079,281455,31305,30873,1391,32264,365
2021-12-16,San Mateo,081,765935,57407,55730,1053,56783,580
2021-12-16,Santa Barbara,083,443738,47194,46776,1673,48449,562
2021-12-16,Santa Clara,085,1922200,156142,154243,1800,156043,1946
2021-12-16,Santa Cruz,087,273765,22126,21805,1069,22874,225
2021-12-16,Shasta,089,179085,22943,22811,3769,26580,429
2021-12-16,Sierra,091,2930,203,199,21,220,0
2021-12-16,Siskiyou,093,43540,3503,3441,1387,4828,58
2021-12-16,Solano,095,438530,47955,47174,1403,48577,369
2021-12-16,Sonoma,097,501317,44192,43658,610,44268,407
2021-12-16,Stanislaus,099,539301,82521,82736,9480,92216,1330
2021-12-16,Sutter,101,95872,14459,14435,415,14850,190
2021-12-16,Tehama,103,63373,8910,8814,1568,10382,136
2021-12-16,Trinity,105,12862,913,823,228,1051,17
2021-12-16,Tulare,107,460477,72012,70922,16718,87640,1120
2021-12-16,Tuolumne,109,53932,7863,7834,112,7946,91
2021-12-16,Ventura,111,848112,102811,101612,4574,106186,1201
2021-12-16,Yolo,113,214977,21059,20793,1329,22122,267
2021-12-16,Yuba,115,75493,10702,10599,409,11008,96
2021-12-15,Alameda,001,1643700,125928,124342,3076,127418,1509
2021-12-15,Alpine,003,1148,108,109,0,109,0
2021-12-15,Amador,005,37829,5840,5810,77,5887,69
2021-12-15,Butte,007,227075,22158,21922,3974,25896,327
2021-12-15,Calaveras,009,45235,4571,4523,64,4587,89
2021-12-15,Colusa,011,21464,2653,2632,690,3322,21
2021-12-15,Contra Costa,013,1133247,104229,103236,2425,105661,1064
2021-12-15,Del Norte,015,27424,3816,3789,56,3845,43
2021-12-15,El Dorado,017,186661,17192,16936,1823,18759,171
2021-12-15,Fresno,019,978130,148470,146859,13471,160330,2319
2021-12-15,Glenn,021,27897,3621,3589,1055,4644,39
2021-12-15,Humboldt,023,135768,9977,9854,734,10588,118
2021-12-15,Imperial,025,180216,36680,36187,3989,40176,789
2021-12-15,Inyo,027,18085,2624,2606,42,2648,47
2021-12-15,Kern,029,883053,134769,133590,24618,158208,1866
2021-12-15,Kings,031,150075,34098,33716,2089,35805,374
2021-12-15,Lake,033,64148,7025,6968,169,7137,115
2021-12-15,Lassen,035,31185,7098,7062,431,7493,55
2021-12-15,Los Angeles,037,10098052,1499079,1482735,58296,1541031,27116
2021-12-15,Madera,039,155013,24762,24549,2385,26934,313
2021-12-15,Marin,041,260295,18768,18514,567,19081,249
2021-12-15,Mariposa,043,17540,1483,1463,63,1526,6
2021-12-15,Mendocino,045,87422,8338,8209,698,8907,95
2021-12-15,Merced,047,269075,44009,43890,2221,46111,685
2021-12-15,Modoc,049,8938,601,595,204,799,6
2021-12-15,Mono,051,14174,1977,1955,23,1978,4
2021-12-15,Monterey,053,433212,50733,49279,3446,52725,635
2021-12-15,Napa,055,140530,13670,13557,136,13693,107
2021-12-15,Nevada,057,99092,10100,9958,354,10312,107
2021-12-15,Orange,059,3164182,320744,317808,16770,334578,5838
2021-12-15,Placer,061,380077,39737,39264,3989,43253,485
2021-12-15,Plumas,063,18699,2020,1957,50,2007,12
2021-12-15,Riverside,065,2383286,383857,378769,17069,395838,5438
2021-12-15,Sacramento,067,1510023,168327,166793,5210,172003,2401
2021-12-15,San Benito,069,59416,7919,7877,187,8064,79
2021-12-15,San Bernardino,071,2135413,374932,371122,12060,383182,6013
2021-12-15,San Diego,073,3302833,400134,396546,23305,419851,4395
2021-12-15,San Francisco,075,870044,56879,55414,2554,57968,679
2021-12-15,San Joaquin,077,732212,104467,103579,5756,109335,1853
2021-12-15,San Luis Obispo,079,281455,31256,30784,1384,32168,365
2021-12-15,San Mateo,081,765935,57266,55657,1043,56700,580
2021-12-15,Santa Barbara,083,443738,47113,46681,1671,48352,562
2021-12-15,Santa Clara,085,1922200,155829,153928,1779,155707,1944
2021-12-15,Santa Cruz,087,273765,22086,21753,1062,22815,225
2021-12-15,Shasta,089,179085,22928,22778,3765,26543,427
2021-12-15,Sierra,091,2930,203,199,21,220,0
2021-12-15,Siskiyou,093,43540,3502,3434,1386,4820,58
2021-12-15,Solano,095,438530,47884,47098,1396,48494,367
2021-12-15,Sonoma,097,501317,44109,43580,605,44185,407
2021-12-15,Stanislaus,099,539301,82415,82628,9472,92100,1298
2021-12-15,Sutter,101,95872,14439,14428,414,14842,189
2021-12-15,Tehama,103,63373,8903,8806,1567,10373,136
2021-12-15,Trinity,105,12862,912,822,228,1050,17
2021-12-15,Tulare,107,460477,71960,70846,16689,87535,1120
2021-12-15,Tuolumne,109,53932,7854,7818,111,7929,91
2021-12-15,Ventura,111,848112,102596,101447,4568,106015,1199
2021-12-15,Yolo,113,214977,21031,20749,1324,22073,267
2021-12-15,Yuba,115,75493,10691,10587,408,10995,96
2021-12-14,Alameda,001,1643700,125600,124272,3064,127336,1506
2021-12-14,Alpine,003,1148,107,109,0,109,0
2021-12-14,Amador,005,37829,5834,5808,76,5884,69
2021-12-14,Butte,007,227075,22125,21901,3972,25873,326
2021-12-14,Calaveras,009,45235,4559,4517,64,4581,89
2021-12-14,Colusa,011,21464,2651,2628,690,3318,21
2021-12-14,Contra Costa,013,1133247,104045,103135,2421,105556,1064
2021-12-14,Del Norte,015,27424,3813,3788,56,3844,43
2021-12-14,El Dorado,017,186661,17158,16915,1821,18736,170
2021-12-14,Fresno,019,978130,148300,146756,13463,160219,2316
2021-12-14,Glenn,021,27897,3620,3589,1055,4644,39
2021-12-14,Humboldt,023,135768,9965,9836,726,10562,118
2021-12-14,Imperial,025,180216,36607,36049,3946,39995,789
2021-12-14,Inyo,027,18085,2624,2601,42,2643,46
2021-12-14,Kern,029,883053,134631,133498,24569,158067,1863
2021-12-14,Kings,031,150075,34061,33693,2086,35779,373
2021-12-14,Lake,033,64148,7016,6961,169,7130,115
2021-12-14,Lassen,035,31185,7097,7061,431,7492,55
2021-12-14,Los Angeles,037,10098052,1495414,1481131,58114,1539245,27099
2021-12-14,Madera,039,155013,24736,24535,2377,26912,313
2021-12-14,Marin,041,260295,18720,18491,565,19056,249
2021-12-14,Mariposa,043,17540,1480,1463,62,1525,6
2021-12-14,Mendocino,045,87422,8310,8206,696,8902,95
2021-12-14,Merced,047,269075,43963,43870,2219,46089,684
2021-12-14,Modoc,049,8938,600,595,204,799,6
2021-12-14,Mono,051,14174,1970,1955,23,1978,4
2021-12-14,Monterey,053,433212,50650,49237,3435,52672,635
2021-12-14,Napa,055,140530,13641,13528,136,13664,107
2021-12-14,Nevada,057,99092,10074,9956,353,10309,106
2021-12-14,Orange,059,3164182,320190,317465,16716,334181,5827
2021-12-14,Placer,061,380077,39660,39221,3984,43205,482
2021-12-14,Plumas,063,18699,2016,1950,48,1998,12
2021-12-14,Riverside,065,2383286,383164,378227,17052,395279,5427
2021-12-14,Sacramento,067,1510023,168016,166605,5187,171792,2394
2021-12-14,San Benito,069,59416,7900,7871,187,8058,79
2021-12-14,San Bernardino,071,2135413,374312,370604,12030,382634,6013
2021-12-14,San Diego,073,3302833,398995,395876,23254,419130,4393
2021-12-14,San Francisco,075,870044,56566,55278,2542,57820,679
2021-12-14,San Joaquin,077,732212,104322,103488,5738,109226,1848
2021-12-14,San Luis Obispo,079,281455,31196,30753,1380,32133,363
2021-12-14,San Mateo,081,765935,57102,55601,1036,56637,580
2021-12-14,Santa Barbara,083,443738,47011,46648,1666,48314,560
2021-12-14,Santa Clara,085,1922200,155508,153814,1766,155580,1945
2021-12-14,Santa Cruz,087,273765,22021,21737,1057,22794,225
2021-12-14,Shasta,089,179085,22901,22756,3764,26520,427
2021-12-14,Sierra,091,2930,201,199,21,220,0
2021-12-14,Siskiyou,093,43540,3497,3430,1385,4815,58
2021-12-14,Solano,095,438530,47837,47065,1390,48455,367
2021-12-14,Sonoma,097,501317,44027,43538,603,44141,407
2021-12-14,Stanislaus,099,539301,82330,82581,9458,92039,1293
2021-12-14,Sutter,101,95872,14427,14421,413,14834,189
2021-12-14,Tehama,103,63373,8899,8805,1567,10372,134
2021-12-14,Trinity,105,12862,912,821,228,1049,17
2021-12-14,Tulare,107,460477,71889,70803,16658,87461,1120
2021-12-14,Tuolumne,109,53932,7841,7815,111,7926,91
2021-12-14,Ventura,111,848112,102371,101343,4561,105904,1199
2021-12-14,Yolo,113,214977,20997,20734,1310,22044,267
2021-12-14,Yuba,115,75493,10674,10574,408,10982,92
2021-12-13,Alameda,001,1643700,125314,124174,3047,127221,1501
2021-12-13,Alpine,003,1148,107,109,0,109,0
2021-12-13,Amador,005,37829,5830,5797,76,5873,69
2021-12-13,Butte,007,227075,22101,21889,3968,25857,326
2021-12-13,Calaveras,009,45235,4552,4507,63,4570,89
2021-12-13,Colusa,011,21464,2649,2627,690,3317,21
2021-12-13,Contra Costa,013,1133247,103895,103041,2410,105451,1064
2021-12-13,Del Norte,015,27424,3809,3787,56,3843,42
2021-12-13,El Dorado,017,186661,17135,16896,1819,18715,170
2021-12-13,Fresno,019,978130,148148,146641,13453,160094,2312
2021-12-13,Glenn,021,27897,3615,3589,1053,4642,37
2021-12-13,Humboldt,023,135768,9936,9821,722,10543,118
2021-12-13,Imperial,025,180216,36523,35974,3925,39899,787
2021-12-13,Inyo,027,18085,2623,2592,42,2634,46
2021-12-13,Kern,029,883053,134504,133381,24516,157897,1863
2021-12-13,Kings,031,150075,34018,33680,2081,35761,372
2021-12-13,Lake,033,64148,7014,6958,167,7125,115
2021-12-13,Lassen,035,31185,7096,7057,431,7488,55
2021-12-13,Los Angeles,037,10098052,1492611,1480195,57948,1538143,27085
2021-12-13,Madera,039,155013,24708,24527,2372,26899,311
2021-12-13,Marin,041,260295,18660,18471,562,19033,249
2021-12-13,Mariposa,043,17540,1478,1462,62,1524,6
2021-12-13,Mendocino,045,87422,8297,8196,694,8890,95
2021-12-13,Merced,047,269075,43924,43848,2215,46063,682
2021-12-13,Modoc,049,8938,599,595,204,799,6
2021-12-13,Mono,051,14174,1963,1952,23,1975,4
2021-12-13,Monterey,053,433212,50598,49222,3415,52637,631
2021-12-13,Napa,055,140530,13628,13518,136,13654,107
2021-12-13,Nevada,057,99092,10055,9946,352,10298,106
2021-12-13,Orange,059,3164182,319720,317112,16662,333774,5824
2021-12-13,Placer,061,380077,39599,39168,3973,43141,481
2021-12-13,Plumas,063,18699,2012,1943,48,1991,12
2021-12-13,Riverside,065,2383286,382583,377728,17037,394765,5414
2021-12-13,Sacramento,067,1510023,167737,166439,5155,171594,2392
2021-12-13,San Benito,069,59416,7891,7856,187,8043,79
2021-12-13,San Bernardino,071,2135413,373742,370274,12021,382295,6011
2021-12-13,San Diego,073,3302833,398185,395266,23201,418467,4389
2021-12-13,San Francisco,075,870044,56295,55245,2529,57774,678
2021-12-13,San Joaquin,077,732212,104206,103449,5729,109178,1846
2021-12-13,San Luis Obispo,079,281455,31147,30746,1376,32122,363
2021-12-13,San Mateo,081,765935,56942,55569,1027,56596,580
2021-12-13,Santa Barbara,083,443738,46924,46608,1661,48269,560
2021-12-13,Santa Clara,085,1922200,155243,153672,1755,155427,1944
2021-12-13,Santa Cruz,087,273765,21966,21698,1054,22752,225
2021-12-13,Shasta,089,179085,22880,22731,3762,26493,426
2021-12-13,Sierra,091,2930,201,199,21,220,0
2021-12-13,Siskiyou,093,43540,3493,3426,1382,4808,57
2021-12-13,Solano,095,438530,47763,47045,1385,48430,365
2021-12-13,Sonoma,097,501317,43932,43492,601,44093,407
2021-12-13,Stanislaus,099,539301,82215,82507,9437,91944,1282
2021-12-13,Sutter,101,95872,14420,14408,413,14821,188
2021-12-13,Tehama,103,63373,8886,8800,1567,10367,134
2021-12-13,Trinity,105,12862,912,820,228,1048,17
2021-12-13,Tulare,107,460477,71832,70758,16634,87392,1114
2021-12-13,Tuolumne,109,53932,7830,7804,111,7915,91
2021-12-13,Ventura,111,848112,102146,101180,4550,105730,1197
2021-12-13,Yolo,113,214977,20948,20706,1305,22011,267
2021-12-13,Yuba,115,75493,10657,10570,408,10978,92
2021-12-12,Alameda,001,1643700,125029,124075,3034,127109,1503
2021-12-12,Alpine,003,1148,107,109,0,109,0
2021-12-12,Amador,005,37829,5822,5797,75,5872,69
2021-12-12,Butte,007,227075,22077,21874,3965,25839,326
2021-12-12,Calaveras,009,45235,4542,4501,63,4564,89
2021-12-12,Colusa,011,21464,2644,2627,687,3314,21
2021-12-12,Contra Costa,013,1133247,103707,102976,2408,105384,1065
2021-12-12,Del Norte,015,27424,3806,3793,56,3849,42
2021-12-12,El Dorado,017,186661,17099,16890,1811,18701,170
2021-12-12,Fresno,019,978130,147985,146518,13437,159955,2310
2021-12-12,Glenn,021,27897,3612,3589,1053,4642,37
2021-12-12,Humboldt,023,135768,9912,9804,715,10519,118
2021-12-12,Imperial,025,180216,36388,35926,3893,39819,787
2021-12-12,Inyo,027,18085,2618,2592,42,2634,46
2021-12-12,Kern,029,883053,134338,133314,24475,157789,1861
2021-12-12,Kings,031,150075,33967,33661,2079,35740,372
2021-12-12,Lake,033,64148,7007,6955,165,7120,115
2021-12-12,Lassen,035,31185,7095,7057,431,7488,55
2021-12-12,Los Angeles,037,10098052,1489681,1479054,57763,1536817,27074
2021-12-12,Madera,039,155013,24678,24493,2364,26857,311
2021-12-12,Marin,041,260295,18607,18451,558,19009,249
2021-12-12,Mariposa,043,17540,1477,1461,62,1523,6
2021-12-12,Mendocino,045,87422,8284,8190,693,8883,95
2021-12-12,Merced,047,269075,43890,43821,2208,46029,682
2021-12-12,Modoc,049,8938,599,595,203,798,6
2021-12-12,Mono,051,14174,1959,1947,23,1970,4
2021-12-12,Monterey,053,433212,50545,49192,3389,52581,631
2021-12-12,Napa,055,140530,13585,13508,134,13642,107
2021-12-12,Nevada,057,99092,10028,9938,351,10289,106
2021-12-12,Orange,059,3164182,319215,316918,16597,333515,5825
2021-12-12,Placer,061,380077,39534,39139,3967,43106,481
2021-12-12,Plumas,063,18699,2008,1942,46,1988,12
2021-12-12,Riverside,065,2383286,381908,377467,17011,394478,5414
2021-12-12,Sacramento,067,1510023,167471,166291,5134,171425,2392
2021-12-12,San Benito,069,59416,7871,7853,187,8040,79
2021-12-12,San Bernardino,071,2135413,373106,369977,11997,381974,6011
2021-12-12,San Diego,073,3302833,397285,393307,23163,416470,4378
2021-12-12,San Francisco,075,870044,56041,55180,2517,57697,678
2021-12-12,San Joaquin,077,732212,104067,103405,5719,109124,1846
2021-12-12,San Luis Obispo,079,281455,31094,30719,1374,32093,363
2021-12-12,San Mateo,081,765935,56827,55505,1023,56528,580
2021-12-12,Santa Barbara,083,443738,46849,46586,1659,48245,560
2021-12-12,Santa Clara,085,1922200,154964,153452,1741,155193,1945
2021-12-12,Santa Cruz,087,273765,21917,21671,1052,22723,225
2021-12-12,Shasta,089,179085,22852,22732,3761,26493,426
2021-12-12,Sierra,091,2930,201,199,21,220,0
2021-12-12,Siskiyou,093,43540,3493,3424,1382,4806,57
2021-12-12,Solano,095,438530,47697,47021,1380,48401,365
2021-12-12,Sonoma,097,501317,43839,43424,598,44022,407
2021-12-12,Stanislaus,099,539301,82117,82460,9425,91885,1282
2021-12-12,Sutter,101,95872,14409,14396,413,14809,189
2021-12-12,Tehama,103,63373,8875,8796,1565,10361,134
2021-12-12,Trinity,105,12862,910,820,228,1048,17
2021-12-12,Tulare,107,460477,71754,70733,16592,87325,1115
2021-12-12,Tuolumne,109,53932,7813,7794,111,7905,91
2021-12-12,Ventura,111,848112,101952,101105,4536,105641,1197
2021-12-12,Yolo,113,214977,20898,20685,1294,21979,267
2021-12-12,Yuba,115,75493,10643,10565,405,10970,92
2021-12-11,Alameda,001,1643700,124892,123572,3032,126604,1496
2021-12-11,Alpine,003,1148,107,109,0,109,0
2021-12-11,Amador,005,37829,5817,5787,75,5862,69
2021-12-11,Butte,007,227075,22063,21819,3964,25783,326
2021-12-11,Calaveras,009,45235,4534,4469,62,4531,89
2021-12-11,Colusa,011,21464,2640,2619,686,3305,21
2021-12-11,Contra Costa,013,1133247,103621,102618,2406,105024,1061
2021-12-11,Del Norte,015,27424,3806,3778,56,3834,42
2021-12-11,El Dorado,017,186661,17078,16796,1810,18606,170
2021-12-11,Fresno,019,978130,147898,145988,13428,159416,2294
2021-12-11,Glenn,021,27897,3611,3585,1053,4638,37
2021-12-11,Humboldt,023,135768,9895,9721,712,10433,118
2021-12-11,Imperial,025,180216,36329,35635,3883,39518,782
2021-12-11,Inyo,027,18085,2613,2576,42,2618,46
2021-12-11,Kern,029,883053,134269,132852,24440,157292,1854
2021-12-11,Kings,031,150075,33954,33530,2077,35607,371
2021-12-11,Lake,033,64148,7006,6932,163,7095,114
2021-12-11,Lassen,035,31185,7094,7049,431,7480,55
2021-12-11,Los Angeles,037,10098052,1488456,1474030,57671,1531701,27031
2021-12-11,Madera,039,155013,24672,24417,2363,26780,311
2021-12-11,Marin,041,260295,18573,18339,555,18894,249
2021-12-11,Mariposa,043,17540,1476,1450,62,1512,6
2021-12-11,Mendocino,045,87422,8277,8130,693,8823,95
2021-12-11,Merced,047,269075,43871,43690,2207,45897,681
2021-12-11,Modoc,049,8938,599,594,203,797,6
2021-12-11,Mono,051,14174,1955,1926,23,1949,4
2021-12-11,Monterey,053,433212,50517,49008,3386,52394,631
2021-12-11,Napa,055,140530,13568,13459,134,13593,107
2021-12-11,Nevada,057,99092,10014,9880,351,10231,106
2021-12-11,Orange,059,3164182,318962,315759,16569,332328,5805
2021-12-11,Placer,061,380077,39476,38959,3960,42919,481
2021-12-11,Plumas,063,18699,2002,1934,46,1980,12
2021-12-11,Riverside,065,2383286,381489,375649,16996,392645,5408
2021-12-11,Sacramento,067,1510023,167341,165530,5124,170654,2386
2021-12-11,San Benito,069,59416,7857,7808,187,7995,79
2021-12-11,San Bernardino,071,2135413,372747,368145,11987,380132,6007
2021-12-11,San Diego,073,3302833,396861,392274,23125,415399,4374
2021-12-11,San Francisco,075,870044,55888,54869,2512,57381,678
2021-12-11,San Joaquin,077,732212,104006,103013,5715,108728,1842
2021-12-11,San Luis Obispo,079,281455,31072,30567,1370,31937,362
2021-12-11,San Mateo,081,765935,56749,55284,1021,56305,580
2021-12-11,Santa Barbara,083,443738,46814,46309,1659,47968,559
2021-12-11,Santa Clara,085,1922200,154766,152846,1729,154575,1941
2021-12-11,Santa Cruz,087,273765,21893,21557,1052,22609,225
2021-12-11,Shasta,089,179085,22837,22660,3757,26417,419
2021-12-11,Sierra,091,2930,201,199,21,220,0
2021-12-11,Siskiyou,093,43540,3487,3418,1379,4797,57
2021-12-11,Solano,095,438530,47668,46891,1375,48266,365
2021-12-11,Sonoma,097,501317,43791,43227,598,43825,407
2021-12-11,Stanislaus,099,539301,82067,82133,9416,91549,1264
2021-12-11,Sutter,101,95872,14400,14354,413,14767,187
2021-12-11,Tehama,103,63373,8872,8776,1563,10339,134
2021-12-11,Trinity,105,12862,910,819,228,1047,17
2021-12-11,Tulare,107,460477,71711,70523,16582,87105,1103
2021-12-11,Tuolumne,109,53932,7804,7760,111,7871,91
2021-12-11,Ventura,111,848112,101877,100711,4529,105240,1195
2021-12-11,Yolo,113,214977,20879,20608,1290,21898,267
2021-12-11,Yuba,115,75493,10631,10519,404,10923,92
2021-12-10,Alameda,001,1643700,124766,123572,3025,126597,1496
2021-12-10,Alpine,003,1148,106,109,0,109,0
2021-12-10,Amador,005,37829,5810,5787,75,5862,69
2021-12-10,Butte,007,227075,22050,21819,3962,25781,326
2021-12-10,Calaveras,009,45235,4531,4469,62,4531,89
2021-12-10,Colusa,011,21464,2639,2619,686,3305,21
2021-12-10,Contra Costa,013,1133247,103525,102618,2405,105023,1061
2021-12-10,Del Norte,015,27424,3806,3778,56,3834,42
2021-12-10,El Dorado,017,186661,17065,16796,1810,18606,170
2021-12-10,Fresno,019,978130,147810,145988,13417,159405,2294
2021-12-10,Glenn,021,27897,3611,3585,1053,4638,37
2021-12-10,Humboldt,023,135768,9878,9721,710,10431,118
2021-12-10,Imperial,025,180216,36274,35635,3868,39503,782
2021-12-10,Inyo,027,18085,2610,2576,42,2618,46
2021-12-10,Kern,029,883053,134180,132852,24416,157268,1854
2021-12-10,Kings,031,150075,33939,33530,2075,35605,371
2021-12-10,Lake,033,64148,6999,6932,163,7095,114
2021-12-10,Lassen,035,31185,7093,7049,431,7480,55
2021-12-10,Los Angeles,037,10098052,1487354,1474030,57583,1531613,27031
2021-12-10,Madera,039,155013,24654,24417,2361,26778,311
2021-12-10,Marin,041,260295,18551,18339,555,18894,249
2021-12-10,Mariposa,043,17540,1473,1450,62,1512,6
2021-12-10,Mendocino,045,87422,8270,8130,692,8822,95
2021-12-10,Merced,047,269075,43853,43690,2205,45895,681
2021-12-10,Modoc,049,8938,599,594,203,797,6
2021-12-10,Mono,051,14174,1952,1926,23,1949,4
2021-12-10,Monterey,053,433212,50480,49008,3380,52388,631
2021-12-10,Napa,055,140530,13556,13459,133,13592,107
2021-12-10,Nevada,057,99092,10005,9880,351,10231,106
2021-12-10,Orange,059,3164182,318690,315759,16537,332296,5805
2021-12-10,Placer,061,380077,39433,38959,3957,42916,481
2021-12-10,Plumas,063,18699,2000,1934,46,1980,12
2021-12-10,Riverside,065,2383286,381083,375649,16985,392634,5408
2021-12-10,Sacramento,067,1510023,167187,165530,5122,170652,2386
2021-12-10,San Benito,069,59416,7853,7808,187,7995,79
2021-12-10,San Bernardino,071,2135413,372376,368145,11964,380109,6007
2021-12-10,San Diego,073,3302833,396380,392274,23111,415385,4374
2021-12-10,San Francisco,075,870044,55803,54869,2506,57375,678
2021-12-10,San Joaquin,077,732212,103951,103013,5711,108724,1842
2021-12-10,San Luis Obispo,079,281455,31062,30567,1367,31934,362
2021-12-10,San Mateo,081,765935,56692,55284,1018,56302,580
2021-12-10,Santa Barbara,083,443738,46778,46309,1658,47967,559
2021-12-10,Santa Clara,085,1922200,154595,152846,1716,154562,1941
2021-12-10,Santa Cruz,087,273765,21873,21557,1051,22608,225
2021-12-10,Shasta,089,179085,22826,22660,3754,26414,419
2021-12-10,Sierra,091,2930,201,199,21,220,0
2021-12-10,Siskiyou,093,43540,3480,3418,1379,4797,57
2021-12-10,Solano,095,438530,47626,46891,1371,48262,365
2021-12-10,Sonoma,097,501317,43757,43227,597,43824,407
2021-12-10,Stanislaus,099,539301,82001,82133,9410,91543,1264
2021-12-10,Sutter,101,95872,14392,14354,413,14767,187
2021-12-10,Tehama,103,63373,8870,8776,1561,10337,134
2021-12-10,Trinity,105,12862,910,819,228,1047,17
2021-12-10,Tulare,107,460477,71682,70523,16557,87080,1103
2021-12-10,Tuolumne,109,53932,7798,7760,111,7871,91
2021-12-10,Ventura,111,848112,101773,100711,4526,105237,1195
2021-12-10,Yolo,113,214977,20865,20608,1288,21896,267
2021-12-10,Yuba,115,75493,10619,10519,403,10922,92
2021-12-09,Alameda,001,1643700,124622,123572,3020,126592,1496
2021-12-09,Alpine,003,1148,106,109,0,109,0
2021-12-09,Amador,005,37829,5807,5787,74,5861,69
2021-12-09,Butte,007,227075,22030,21819,3959,25778,326
2021-12-09,Calaveras,009,45235,4522,4469,62,4531,89
2021-12-09,Colusa,011,21464,2637,2619,686,3305,21
2021-12-09,Contra Costa,013,1133247,103406,102618,2399,105017,1061
2021-12-09,Del Norte,015,27424,3805,3778,56,3834,42
2021-12-09,El Dorado,017,186661,17037,16796,1805,18601,170
2021-12-09,Fresno,019,978130,147662,145988,13406,159394,2294
2021-12-09,Glenn,021,27897,3611,3585,1053,4638,37
2021-12-09,Humboldt,023,135768,9855,9721,709,10430,118
2021-12-09,Imperial,025,180216,36204,35635,3838,39473,782
2021-12-09,Inyo,027,18085,2608,2576,42,2618,46
2021-12-09,Kern,029,883053,134054,132852,24383,157235,1854
2021-12-09,Kings,031,150075,33913,33530,2072,35602,371
2021-12-09,Lake,033,64148,6991,6932,163,7095,114
2021-12-09,Lassen,035,31185,7091,7049,431,7480,55
2021-12-09,Los Angeles,037,10098052,1485795,1474030,57497,1531527,27031
2021-12-09,Madera,039,155013,24629,24417,2358,26775,311
2021-12-09,Marin,041,260295,18538,18339,553,18892,249
2021-12-09,Mariposa,043,17540,1472,1450,62,1512,6
2021-12-09,Mendocino,045,87422,8257,8130,689,8819,95
2021-12-09,Merced,047,269075,43815,43690,2193,45883,681
2021-12-09,Modoc,049,8938,599,594,203,797,6
2021-12-09,Mono,051,14174,1948,1926,23,1949,4
2021-12-09,Monterey,053,433212,50433,49008,3369,52377,631
2021-12-09,Napa,055,140530,13536,13459,129,13588,107
2021-12-09,Nevada,057,99092,9986,9880,351,10231,106
2021-12-09,Orange,059,3164182,318357,315759,16498,332257,5805
2021-12-09,Placer,061,380077,39390,38959,3944,42903,481
2021-12-09,Plumas,063,18699,1992,1934,46,1980,12
2021-12-09,Riverside,065,2383286,380532,375649,16969,392618,5408
2021-12-09,Sacramento,067,1510023,166969,165530,5107,170637,2386
2021-12-09,San Benito,069,59416,7841,7808,186,7994,79
2021-12-09,San Bernardino,071,2135413,371871,368145,11941,380086,6007
2021-12-09,San Diego,073,3302833,395733,392274,23081,415355,4374
2021-12-09,San Francisco,075,870044,55718,54869,2499,57368,678
2021-12-09,San Joaquin,077,732212,103859,103013,5705,108718,1842
2021-12-09,San Luis Obispo,079,281455,31034,30567,1365,31932,362
2021-12-09,San Mateo,081,765935,56604,55284,1016,56300,580
2021-12-09,Santa Barbara,083,443738,46698,46309,1651,47960,559
2021-12-09,Santa Clara,085,1922200,154381,152846,1705,154551,1941
2021-12-09,Santa Cruz,087,273765,21845,21557,1051,22608,225
2021-12-09,Shasta,089,179085,22810,22660,3753,26413,419
2021-12-09,Sierra,091,2930,201,199,21,220,0
2021-12-09,Siskiyou,093,43540,3476,3418,1378,4796,57
2021-12-09,Solano,095,438530,47589,46891,1369,48260,365
2021-12-09,Sonoma,097,501317,43700,43227,596,43823,407
2021-12-09,Stanislaus,099,539301,81931,82133,9395,91528,1264
2021-12-09,Sutter,101,95872,14377,14354,413,14767,187
2021-12-09,Tehama,103,63373,8863,8776,1559,10335,134
2021-12-09,Trinity,105,12862,910,819,228,1047,17
2021-12-09,Tulare,107,460477,71625,70523,16528,87051,1103
2021-12-09,Tuolumne,109,53932,7787,7760,111,7871,91
2021-12-09,Ventura,111,848112,101628,100711,4514,105225,1195
2021-12-09,Yolo,113,214977,20842,20608,1280,21888,267
2021-12-09,Yuba,115,75493,10611,10519,400,10919,92
2021-12-08,Alameda,001,1643700,124474,123438,3010,126448,1496
2021-12-08,Alpine,003,1148,106,108,0,108,0
2021-12-08,Amador,005,37829,5802,5781,74,5855,69
2021-12-08,Butte,007,227075,22014,21780,3956,25736,326
2021-12-08,Calaveras,009,45235,4513,4455,62,4517,89
2021-12-08,Colusa,011,21464,2634,2619,685,3304,21
2021-12-08,Contra Costa,013,1133247,103276,102506,2398,104904,1058
2021-12-08,Del Norte,015,27424,3804,3767,56,3823,42
2021-12-08,El Dorado,017,186661,17005,16757,1805,18562,170
2021-12-08,Fresno,019,978130,147503,145830,13391,159221,2293
2021-12-08,Glenn,021,27897,3611,3584,1049,4633,37
2021-12-08,Humboldt,023,135768,9833,9704,707,10411,117
2021-12-08,Imperial,025,180216,36124,35537,3807,39344,782
2021-12-08,Inyo,027,18085,2605,2570,42,2612,46
2021-12-08,Kern,029,883053,133931,132709,24335,157044,1846
2021-12-08,Kings,031,150075,33878,33468,2071,35539,371
2021-12-08,Lake,033,64148,6985,6927,162,7089,114
2021-12-08,Lassen,035,31185,7089,7041,429,7470,55
2021-12-08,Los Angeles,037,10098052,1484225,1472410,57385,1529795,27018
2021-12-08,Madera,039,155013,24608,24396,2351,26747,311
2021-12-08,Marin,041,260295,18517,18305,550,18855,249
2021-12-08,Mariposa,043,17540,1469,1447,62,1509,6
2021-12-08,Mendocino,045,87422,8244,8118,688,8806,95
2021-12-08,Merced,047,269075,43783,43631,2185,45816,680
2021-12-08,Modoc,049,8938,599,594,203,797,6
2021-12-08,Mono,051,14174,1942,1924,23,1947,4
2021-12-08,Monterey,053,433212,50368,48957,3354,52311,631
2021-12-08,Napa,055,140530,13522,13421,129,13550,107
2021-12-08,Nevada,057,99092,9970,9862,351,10213,106
2021-12-08,Orange,059,3164182,318007,315421,16460,331881,5795
2021-12-08,Placer,061,380077,39338,38934,3939,42873,478
2021-12-08,Plumas,063,18699,1990,1924,46,1970,12
2021-12-08,Riverside,065,2383286,380017,375099,16946,392045,5404
2021-12-08,Sacramento,067,1510023,166714,165278,5079,170357,2373
2021-12-08,San Benito,069,59416,7832,7793,186,7979,79
2021-12-08,San Bernardino,071,2135413,371392,367516,11913,379429,6006
2021-12-08,San Diego,073,3302833,395078,391676,23049,414725,4369
2021-12-08,San Francisco,075,870044,55631,54792,2491,57283,677
2021-12-08,San Joaquin,077,732212,103757,102877,5696,108573,1841
2021-12-08,San Luis Obispo,079,281455,30986,30519,1360,31879,361
2021-12-08,San Mateo,081,765935,56537,55220,1010,56230,580
2021-12-08,Santa Barbara,083,443738,46643,46250,1648,47898,558
2021-12-08,Santa Clara,085,1922200,154219,152674,1694,154368,1937
2021-12-08,Santa Cruz,087,273765,21799,21505,1049,22554,224
2021-12-08,Shasta,089,179085,22790,22616,3747,26363,419
2021-12-08,Sierra,091,2930,201,199,21,220,0
2021-12-08,Siskiyou,093,43540,3475,3415,1376,4791,57
2021-12-08,Solano,095,438530,47559,46837,1368,48205,365
2021-12-08,Sonoma,097,501317,43637,43179,595,43774,405
2021-12-08,Stanislaus,099,539301,81849,82038,9384,91422,1264
2021-12-08,Sutter,101,95872,14361,14336,411,14747,187
2021-12-08,Tehama,103,63373,8854,8768,1559,10327,133
2021-12-08,Trinity,105,12862,910,818,228,1046,17
2021-12-08,Tulare,107,460477,71562,70472,16503,86975,1102
2021-12-08,Tuolumne,109,53932,7774,7749,111,7860,91
2021-12-08,Ventura,111,848112,101500,100647,4511,105158,1194
2021-12-08,Yolo,113,214977,20816,20575,1274,21849,267
2021-12-08,Yuba,115,75493,10597,10499,397,10896,92
2021-12-07,Alameda,001,1643700,124300,123325,3001,126326,1497
2021-12-07,Alpine,003,1148,106,108,0,108,0
2021-12-07,Amador,005,37829,5799,5778,73,5851,69
2021-12-07,Butte,007,227075,21990,21761,3951,25712,324
2021-12-07,Calaveras,009,45235,4497,4445,62,4507,88
2021-12-07,Colusa,011,21464,2632,2619,685,3304,21
2021-12-07,Contra Costa,013,1133247,103154,102421,2389,104810,1058
2021-12-07,Del Norte,015,27424,3803,3766,56,3822,42
2021-12-07,El Dorado,017,186661,16980,16742,1802,18544,170
2021-12-07,Fresno,019,978130,147356,145715,13375,159090,2289
2021-12-07,Glenn,021,27897,3610,3579,1049,4628,36
2021-12-07,Humboldt,023,135768,9808,9693,702,10395,117
2021-12-07,Imperial,025,180216,36046,35502,3785,39287,778
2021-12-07,Inyo,027,18085,2602,2567,42,2609,46
2021-12-07,Kern,029,883053,133771,132564,24282,156846,1838
2021-12-07,Kings,031,150075,33846,33441,2068,35509,372
2021-12-07,Lake,033,64148,6980,6925,162,7087,113
2021-12-07,Lassen,035,31185,7088,7040,428,7468,55
2021-12-07,Los Angeles,037,10098052,1482421,1470904,57282,1528186,27007
2021-12-07,Madera,039,155013,24585,24367,2344,26711,311
2021-12-07,Marin,041,260295,18483,18284,544,18828,249
2021-12-07,Mariposa,043,17540,1467,1446,62,1508,6
2021-12-07,Mendocino,045,87422,8225,8107,688,8795,95
2021-12-07,Merced,047,269075,43742,43600,2178,45778,675
2021-12-07,Modoc,049,8938,599,594,202,796,6
2021-12-07,Mono,051,14174,1940,1921,23,1944,4
2021-12-07,Monterey,053,433212,50285,48880,3337,52217,631
2021-12-07,Napa,055,140530,13504,13409,129,13538,107
2021-12-07,Nevada,057,99092,9956,9858,350,10208,105
2021-12-07,Orange,059,3164182,317673,315138,16411,331549,5784
2021-12-07,Placer,061,380077,39261,38860,3935,42795,474
2021-12-07,Plumas,063,18699,1986,1915,46,1961,12
2021-12-07,Riverside,065,2383286,379484,374552,16930,391482,5397
2021-12-07,Sacramento,067,1510023,166468,165148,5065,170213,2375
2021-12-07,San Benito,069,59416,7816,7776,186,7962,78
2021-12-07,San Bernardino,071,2135413,370811,366981,11893,378874,6007
2021-12-07,San Diego,073,3302833,394230,391110,23011,414121,4357
2021-12-07,San Francisco,075,870044,55521,54729,2486,57215,676
2021-12-07,San Joaquin,077,732212,103639,102797,5684,108481,1839
2021-12-07,San Luis Obispo,079,281455,30946,30495,1358,31853,361
2021-12-07,San Mateo,081,765935,56445,55163,1004,56167,580
2021-12-07,Santa Barbara,083,443738,46571,46205,1646,47851,556
2021-12-07,Santa Clara,085,1922200,154033,152465,1685,154150,1941
2021-12-07,Santa Cruz,087,273765,21752,21493,1049,22542,224
2021-12-07,Shasta,089,179085,22768,22594,3744,26338,418
2021-12-07,Sierra,091,2930,201,199,21,220,0
2021-12-07,Siskiyou,093,43540,3473,3412,1376,4788,57
2021-12-07,Solano,095,438530,47519,46812,1366,48178,365
2021-12-07,Sonoma,097,501317,43563,43154,594,43748,405
2021-12-07,Stanislaus,099,539301,81772,81980,9373,91353,1258
2021-12-07,Sutter,101,95872,14353,14322,410,14732,186
2021-12-07,Tehama,103,63373,8846,8765,1558,10323,133
2021-12-07,Trinity,105,12862,910,818,228,1046,17
2021-12-07,Tulare,107,460477,71506,70411,16474,86885,1103
2021-12-07,Tuolumne,109,53932,7766,7743,111,7854,91
2021-12-07,Ventura,111,848112,101403,100569,4501,105070,1194
2021-12-07,Yolo,113,214977,20790,20560,1271,21831,263
2021-12-07,Yuba,115,75493,10579,10491,396,10887,91
2021-12-06,Alameda,001,1643700,124134,123227,2998,126225,1496
2021-12-06,Alpine,003,1148,106,108,0,108,0
2021-12-06,Amador,005,37829,5792,5769,72,5841,67
2021-12-06,Butte,007,227075,21972,21732,3948,25680,321
2021-12-06,Calaveras,009,45235,4490,4443,62,4505,88
2021-12-06,Colusa,011,21464,2631,2615,681,3296,21
2021-12-06,Contra Costa,013,1133247,103034,102327,2385,104712,1058
2021-12-06,Del Norte,015,27424,3801,3744,56,3800,42
2021-12-06,El Dorado,017,186661,16955,16726,1800,18526,168
2021-12-06,Fresno,019,978130,147156,145539,13365,158904,2285
2021-12-06,Glenn,021,27897,3607,3577,1048,4625,36
2021-12-06,Humboldt,023,135768,9788,9671,695,10366,117
2021-12-06,Imperial,025,180216,35965,35453,3767,39220,778
2021-12-06,Inyo,027,18085,2596,2562,41,2603,46
2021-12-06,Kern,029,883053,133585,132366,24224,156590,1835
2021-12-06,Kings,031,150075,33813,33399,2063,35462,368
2021-12-06,Lake,033,64148,6976,6922,162,7084,113
2021-12-06,Lassen,035,31185,7083,7032,426,7458,51
2021-12-06,Los Angeles,037,10098052,1480745,1470059,57190,1527249,26993
2021-12-06,Madera,039,155013,24558,24334,2341,26675,307
2021-12-06,Marin,041,260295,18455,18252,542,18794,249
2021-12-06,Mariposa,043,17540,1464,1443,62,1505,6
2021-12-06,Mendocino,045,87422,8212,8079,684,8763,95
2021-12-06,Merced,047,269075,43702,43549,2168,45717,672
2021-12-06,Modoc,049,8938,599,593,202,795,6
2021-12-06,Mono,051,14174,1935,1913,23,1936,4
2021-12-06,Monterey,053,433212,50208,48831,3318,52149,626
2021-12-06,Napa,055,140530,13481,13387,127,13514,107
2021-12-06,Nevada,057,99092,9928,9847,349,10196,105
2021-12-06,Orange,059,3164182,317295,314859,16368,331227,5771
2021-12-06,Placer,061,380077,39203,38785,3930,42715,473
2021-12-06,Plumas,063,18699,1978,1913,46,1959,10
2021-12-06,Riverside,065,2383286,378963,374116,16916,391032,5388
2021-12-06,Sacramento,067,1510023,166191,164926,5044,169970,2367
2021-12-06,San Benito,069,59416,7800,7755,186,7941,78
2021-12-06,San Bernardino,071,2135413,370258,366606,11866,378472,5998
2021-12-06,San Diego,073,3302833,393379,390389,22966,413355,4352
2021-12-06,San Francisco,075,870044,55414,54659,2481,57140,674
2021-12-06,San Joaquin,077,732212,103511,102728,5677,108405,1837
2021-12-06,San Luis Obispo,079,281455,30908,30464,1356,31820,361
2021-12-06,San Mateo,081,765935,56371,55112,1001,56113,580
2021-12-06,Santa Barbara,083,443738,46479,46146,1645,47791,556
2021-12-06,Santa Clara,085,1922200,153824,152310,1668,153978,1937
2021-12-06,Santa Cruz,087,273765,21717,21450,1046,22496,224
2021-12-06,Shasta,089,179085,22745,22556,3736,26292,416
2021-12-06,Sierra,091,2930,200,198,21,219,0
2021-12-06,Siskiyou,093,43540,3471,3409,1371,4780,57
2021-12-06,Solano,095,438530,47474,46748,1365,48113,360
2021-12-06,Sonoma,097,501317,43494,43114,586,43700,405
2021-12-06,Stanislaus,099,539301,81678,81889,9339,91228,1241
2021-12-06,Sutter,101,95872,14341,14319,410,14729,186
2021-12-06,Tehama,103,63373,8838,8760,1558,10318,133
2021-12-06,Trinity,105,12862,910,815,227,1042,17
2021-12-06,Tulare,107,460477,71429,70285,16435,86720,1101
2021-12-06,Tuolumne,109,53932,7752,7726,111,7837,91
2021-12-06,Ventura,111,848112,101301,100426,4493,104919,1194
2021-12-06,Yolo,113,214977,20766,20548,1270,21818,263
2021-12-06,Yuba,115,75493,10564,10480,391,10871,91
2021-12-05,Alameda,001,1643700,123951,123104,2990,126094,1496
2021-12-05,Alpine,003,1148,105,108,0,108,0
2021-12-05,Amador,005,37829,5789,5761,72,5833,67
2021-12-05,Butte,007,227075,21939,21720,3942,25662,320
2021-12-05,Calaveras,009,45235,4473,4434,62,4496,88
2021-12-05,Colusa,011,21464,2630,2615,680,3295,21
2021-12-05,Contra Costa,013,1133247,102903,102251,2375,104626,1058
2021-12-05,Del Norte,015,27424,3799,3751,56,3807,42
2021-12-05,El Dorado,017,186661,16918,16717,1794,18511,168
2021-12-05,Fresno,019,978130,146982,145452,13344,158796,2284
2021-12-05,Glenn,021,27897,3605,3577,1047,4624,36
2021-12-05,Humboldt,023,135768,9758,9662,692,10354,117
2021-12-05,Imperial,025,180216,35871,35422,3738,39160,778
2021-12-05,Inyo,027,18085,2589,2559,41,2600,46
2021-12-05,Kern,029,883053,133420,132286,24172,156458,1833
2021-12-05,Kings,031,150075,33750,33360,2063,35423,369
2021-12-05,Lake,033,64148,6971,6919,161,7080,113
2021-12-05,Lassen,035,31185,7081,7031,426,7457,51
2021-12-05,Los Angeles,037,10098052,1478891,1468937,57049,1525986,26991
2021-12-05,Madera,039,155013,24517,24311,2338,26649,307
2021-12-05,Marin,041,260295,18408,18216,534,18750,249
2021-12-05,Mariposa,043,17540,1461,1440,61,1501,6
2021-12-05,Mendocino,045,87422,8193,8069,678,8747,95
2021-12-05,Merced,047,269075,43657,43534,2159,45693,672
2021-12-05,Modoc,049,8938,599,593,202,795,6
2021-12-05,Mono,051,14174,1928,1907,23,1930,4
2021-12-05,Monterey,053,433212,50136,48813,3286,52099,626
2021-12-05,Napa,055,140530,13455,13382,124,13506,107
2021-12-05,Nevada,057,99092,9907,9827,349,10176,105
2021-12-05,Orange,059,3164182,316860,314560,16325,330885,5771
2021-12-05,Placer,061,380077,39145,38738,3921,42659,473
2021-12-05,Plumas,063,18699,1974,1913,45,1958,9
2021-12-05,Riverside,065,2383286,378305,373827,16886,390713,5388
2021-12-05,Sacramento,067,1510023,165884,164721,5026,169747,2367
2021-12-05,San Benito,069,59416,7783,7748,185,7933,78
2021-12-05,San Bernardino,071,2135413,369558,366282,11819,378101,5998
2021-12-05,San Diego,073,3302833,392580,387979,22917,410896,4351
2021-12-05,San Francisco,075,870044,55313,54603,2479,57082,674
2021-12-05,San Joaquin,077,732212,103370,102698,5672,108370,1837
2021-12-05,San Luis Obispo,079,281455,30838,30454,1353,31807,360
2021-12-05,San Mateo,081,765935,56282,55050,991,56041,580
2021-12-05,Santa Barbara,083,443738,46396,46097,1637,47734,555
2021-12-05,Santa Clara,085,1922200,153569,152114,1648,153762,1933
2021-12-05,Santa Cruz,087,273765,21667,21424,1046,22470,224
2021-12-05,Shasta,089,179085,22688,22550,3735,26285,416
2021-12-05,Sierra,091,2930,200,198,21,219,0
2021-12-05,Siskiyou,093,43540,3469,3409,1369,4778,57
2021-12-05,Solano,095,438530,47411,46715,1363,48078,360
2021-12-05,Sonoma,097,501317,43417,43038,581,43619,405
2021-12-05,Stanislaus,099,539301,81544,81847,9329,91176,1241
2021-12-05,Sutter,101,95872,14317,14303,405,14708,186
2021-12-05,Tehama,103,63373,8830,8755,1557,10312,133
2021-12-05,Trinity,105,12862,909,815,227,1042,17
2021-12-05,Tulare,107,460477,71348,70254,16388,86642,1102
2021-12-05,Tuolumne,109,53932,7739,7718,111,7829,91
2021-12-05,Ventura,111,848112,101165,100367,4480,104847,1194
2021-12-05,Yolo,113,214977,20724,20512,1268,21780,263
2021-12-05,Yuba,115,75493,10551,10467,384,10851,91
2021-12-04,Alameda,001,1643700,123837,122508,2986,125494,1494
2021-12-04,Alpine,003,1148,105,108,0,108,0
2021-12-04,Amador,005,37829,5786,5729,72,5801,67
2021-12-04,Butte,007,227075,21920,21638,3938,25576,318
2021-12-04,Calaveras,009,45235,4465,4392,61,4453,88
2021-12-04,Colusa,011,21464,2630,2600,678,3278,21
2021-12-04,Contra Costa,013,1133247,102831,101824,2369,104193,1056
2021-12-04,Del Norte,015,27424,3796,3726,56,3782,42
2021-12-04,El Dorado,017,186661,16909,16621,1793,18414,168
2021-12-04,Fresno,019,978130,146894,144734,13335,158069,2270
2021-12-04,Glenn,021,27897,3605,3559,1047,4606,36
2021-12-04,Humboldt,023,135768,9743,9596,688,10284,117
2021-12-04,Imperial,025,180216,35816,35206,3725,38931,776
2021-12-04,Inyo,027,18085,2584,2538,41,2579,46
2021-12-04,Kern,029,883053,133340,131771,24149,155920,1817
2021-12-04,Kings,031,150075,33726,33183,2062,35245,367
2021-12-04,Lake,033,64148,6962,6903,161,7064,113
2021-12-04,Lassen,035,31185,7080,7014,424,7438,51
2021-12-04,Los Angeles,037,10098052,1478014,1463270,56971,1520241,26952
2021-12-04,Madera,039,155013,24503,24188,2334,26522,307
2021-12-04,Marin,041,260295,18386,18075,533,18608,249
2021-12-04,Mariposa,043,17540,1457,1421,61,1482,6
2021-12-04,Mendocino,045,87422,8188,7981,678,8659,91
2021-12-04,Merced,047,269075,43630,43337,2157,45494,671
2021-12-04,Modoc,049,8938,599,591,202,793,6
2021-12-04,Mono,051,14174,1928,1883,23,1906,4
2021-12-04,Monterey,053,433212,50103,48682,3279,51961,626
2021-12-04,Napa,055,140530,13445,13327,123,13450,106
2021-12-04,Nevada,057,99092,9899,9752,349,10101,105
2021-12-04,Orange,059,3164182,316630,313112,16299,329411,5748
2021-12-04,Placer,061,380077,39105,38460,3915,42375,473
2021-12-04,Plumas,063,18699,1971,1903,45,1948,7
2021-12-04,Riverside,065,2383286,377946,371768,16880,388648,5381
2021-12-04,Sacramento,067,1510023,165742,163900,5018,168918,2365
2021-12-04,San Benito,069,59416,7757,7688,185,7873,78
2021-12-04,San Bernardino,071,2135413,369169,364154,11805,375959,5983
2021-12-04,San Diego,073,3302833,392101,386710,22887,409597,4350
2021-12-04,San Francisco,075,870044,55245,54286,2476,56762,674
2021-12-04,San Joaquin,077,732212,103316,102286,5670,107956,1835
2021-12-04,San Luis Obispo,079,281455,30817,30318,1349,31667,360
2021-12-04,San Mateo,081,765935,56232,54774,988,55762,579
2021-12-04,Santa Barbara,083,443738,46351,45774,1637,47411,555
2021-12-04,Santa Clara,085,1922200,153415,151275,1634,152909,1928
2021-12-04,Santa Cruz,087,273765,21641,21286,1045,22331,224
2021-12-04,Shasta,089,179085,22671,22418,3733,26151,414
2021-12-04,Sierra,091,2930,200,196,21,217,0
2021-12-04,Siskiyou,093,43540,3467,3398,1369,4767,57
2021-12-04,Solano,095,438530,47391,46529,1362,47891,360
2021-12-04,Sonoma,097,501317,43372,42778,578,43356,405
2021-12-04,Stanislaus,099,539301,81473,81462,9322,90784,1231
2021-12-04,Sutter,101,95872,14309,14258,404,14662,186
2021-12-04,Tehama,103,63373,8828,8742,1557,10299,131
2021-12-04,Trinity,105,12862,908,801,227,1028,17
2021-12-04,Tulare,107,460477,71311,70014,16360,86374,1100
2021-12-04,Tuolumne,109,53932,7734,7676,111,7787,91
2021-12-04,Ventura,111,848112,101074,99751,4476,104227,1192
2021-12-04,Yolo,113,214977,20701,20442,1265,21707,261
2021-12-04,Yuba,115,75493,10540,10418,383,10801,91
2021-12-03,Alameda,001,1643700,123744,122508,2976,125484,1494
2021-12-03,Alpine,003,1148,105,108,0,108,0
2021-12-03,Amador,005,37829,5781,5729,71,5800,67
2021-12-03,Butte,007,227075,21907,21638,3933,25571,318
2021-12-03,Calaveras,009,45235,4456,4392,61,4453,88
2021-12-03,Colusa,011,21464,2628,2600,678,3278,21
2021-12-03,Contra Costa,013,1133247,102758,101824,2364,104188,1056
2021-12-03,Del Norte,015,27424,3794,3726,56,3782,42
2021-12-03,El Dorado,017,186661,16880,16621,1791,18412,168
2021-12-03,Fresno,019,978130,146780,144734,13332,158066,2270
2021-12-03,Glenn,021,27897,3604,3559,1046,4605,36
2021-12-03,Humboldt,023,135768,9726,9596,686,10282,117
2021-12-03,Imperial,025,180216,35772,35206,3695,38901,776
2021-12-03,Inyo,027,18085,2577,2538,41,2579,46
2021-12-03,Kern,029,883053,133269,131771,24114,155885,1817
2021-12-03,Kings,031,150075,33698,33183,2062,35245,367
2021-12-03,Lake,033,64148,6962,6903,161,7064,113
2021-12-03,Lassen,035,31185,7078,7014,423,7437,51
2021-12-03,Los Angeles,037,10098052,1477068,1463270,56890,1520160,26952
2021-12-03,Madera,039,155013,24477,24188,2330,26518,307
2021-12-03,Marin,041,260295,18353,18075,529,18604,249
2021-12-03,Mariposa,043,17540,1455,1421,61,1482,6
2021-12-03,Mendocino,045,87422,8181,7981,678,8659,91
2021-12-03,Merced,047,269075,43607,43337,2154,45491,671
2021-12-03,Modoc,049,8938,599,591,202,793,6
2021-12-03,Mono,051,14174,1922,1883,23,1906,4
2021-12-03,Monterey,053,433212,50064,48682,3268,51950,626
2021-12-03,Napa,055,140530,13433,13327,123,13450,106
2021-12-03,Nevada,057,99092,9888,9752,349,10101,105
2021-12-03,Orange,059,3164182,316360,313112,16267,329379,5748
2021-12-03,Placer,061,380077,39068,38460,3908,42368,473
2021-12-03,Plumas,063,18699,1968,1903,45,1948,7
2021-12-03,Riverside,065,2383286,377555,371768,16874,388642,5381
2021-12-03,Sacramento,067,1510023,165562,163900,5004,168904,2365
2021-12-03,San Benito,069,59416,7750,7688,185,7873,78
2021-12-03,San Bernardino,071,2135413,368727,364154,11795,375949,5983
2021-12-03,San Diego,073,3302833,391626,386710,22863,409573,4350
2021-12-03,San Francisco,075,870044,55176,54286,2472,56758,674
2021-12-03,San Joaquin,077,732212,103259,102286,5669,107955,1835
2021-12-03,San Luis Obispo,079,281455,30791,30318,1346,31664,360
2021-12-03,San Mateo,081,765935,56168,54774,985,55759,579
2021-12-03,Santa Barbara,083,443738,46315,45774,1637,47411,555
2021-12-03,Santa Clara,085,1922200,153233,151275,1619,152894,1928
2021-12-03,Santa Cruz,087,273765,21614,21286,1045,22331,224
2021-12-03,Shasta,089,179085,22656,22418,3733,26151,414
2021-12-03,Sierra,091,2930,200,196,21,217,0
2021-12-03,Siskiyou,093,43540,3464,3398,1367,4765,57
2021-12-03,Solano,095,438530,47349,46529,1361,47890,360
2021-12-03,Sonoma,097,501317,43336,42778,576,43354,405
2021-12-03,Stanislaus,099,539301,81416,81462,9313,90775,1231
2021-12-03,Sutter,101,95872,14296,14258,402,14660,186
2021-12-03,Tehama,103,63373,8827,8742,1556,10298,131
2021-12-03,Trinity,105,12862,908,801,227,1028,17
2021-12-03,Tulare,107,460477,71272,70014,16328,86342,1100
2021-12-03,Tuolumne,109,53932,7725,7676,111,7787,91
2021-12-03,Ventura,111,848112,100987,99751,4469,104220,1192
2021-12-03,Yolo,113,214977,20684,20442,1264,21706,261
2021-12-03,Yuba,115,75493,10532,10418,383,10801,91
2021-12-02,Alameda,001,1643700,123589,122508,2968,125476,1494
2021-12-02,Alpine,003,1148,105,108,0,108,0
2021-12-02,Amador,005,37829,5776,5729,70,5799,67
2021-12-02,Butte,007,227075,21882,21638,3930,25568,318
2021-12-02,Calaveras,009,45235,4446,4392,60,4452,88
2021-12-02,Colusa,011,21464,2627,2600,678,3278,21
2021-12-02,Contra Costa,013,1133247,102643,101824,2360,104184,1056
2021-12-02,Del Norte,015,27424,3786,3726,56,3782,42
2021-12-02,El Dorado,017,186661,16859,16621,1789,18410,168
2021-12-02,Fresno,019,978130,146613,144734,13320,158054,2270
2021-12-02,Glenn,021,27897,3604,3559,1043,4602,36
2021-12-02,Humboldt,023,135768,9707,9596,684,10280,117
2021-12-02,Imperial,025,180216,35705,35206,3672,38878,776
2021-12-02,Inyo,027,18085,2572,2538,41,2579,46
2021-12-02,Kern,029,883053,133098,131771,24061,155832,1817
2021-12-02,Kings,031,150075,33643,33183,2060,35243,367
2021-12-02,Lake,033,64148,6958,6903,161,7064,113
2021-12-02,Lassen,035,31185,7074,7014,423,7437,51
2021-12-02,Los Angeles,037,10098052,1475543,1463270,56804,1520074,26952
2021-12-02,Madera,039,155013,24440,24188,2321,26509,307
2021-12-02,Marin,041,260295,18323,18075,525,18600,249
2021-12-02,Mariposa,043,17540,1453,1421,61,1482,6
2021-12-02,Mendocino,045,87422,8165,7981,677,8658,91
2021-12-02,Merced,047,269075,43561,43337,2149,45486,671
2021-12-02,Modoc,049,8938,598,591,202,793,6
2021-12-02,Mono,051,14174,1916,1883,23,1906,4
2021-12-02,Monterey,053,433212,49987,48682,3246,51928,626
2021-12-02,Napa,055,140530,13420,13327,123,13450,106
2021-12-02,Nevada,057,99092,9870,9752,348,10100,105
2021-12-02,Orange,059,3164182,316018,313112,16230,329342,5748
2021-12-02,Placer,061,380077,39003,38460,3903,42363,473
2021-12-02,Plumas,063,18699,1965,1903,45,1948,7
2021-12-02,Riverside,065,2383286,377028,371768,16864,388632,5381
2021-12-02,Sacramento,067,1510023,165334,163900,4994,168894,2365
2021-12-02,San Benito,069,59416,7730,7688,185,7873,78
2021-12-02,San Bernardino,071,2135413,368181,364154,11776,375930,5983
2021-12-02,San Diego,073,3302833,390981,386710,22808,409518,4350
2021-12-02,San Francisco,075,870044,55081,54286,2467,56753,674
2021-12-02,San Joaquin,077,732212,103145,102286,5664,107950,1835
2021-12-02,San Luis Obispo,079,281455,30757,30318,1339,31657,360
2021-12-02,San Mateo,081,765935,56087,54774,977,55751,579
2021-12-02,Santa Barbara,083,443738,46234,45774,1634,47408,555
2021-12-02,Santa Clara,085,1922200,152987,151275,1602,152877,1928
2021-12-02,Santa Cruz,087,273765,21563,21286,1044,22330,224
2021-12-02,Shasta,089,179085,22623,22418,3732,26150,414
2021-12-02,Sierra,091,2930,200,196,21,217,0
2021-12-02,Siskiyou,093,43540,3463,3398,1360,4758,57
2021-12-02,Solano,095,438530,47298,46529,1359,47888,360
2021-12-02,Sonoma,097,501317,43263,42778,576,43354,405
2021-12-02,Stanislaus,099,539301,81324,81462,9305,90767,1231
2021-12-02,Sutter,101,95872,14283,14258,399,14657,186
2021-12-02,Tehama,103,63373,8820,8742,1554,10296,131
2021-12-02,Trinity,105,12862,908,801,227,1028,17
2021-12-02,Tulare,107,460477,71185,70014,16277,86291,1100
2021-12-02,Tuolumne,109,53932,7710,7676,110,7786,91
2021-12-02,Ventura,111,848112,100861,99751,4467,104218,1192
2021-12-02,Yolo,113,214977,20660,20442,1260,21702,261
2021-12-02,Yuba,115,75493,10516,10418,380,10798,91
2021-12-01,Alameda,001,1643700,123437,122298,2958,125256,1492
2021-12-01,Alpine,003,1148,105,108,0,108,0
2021-12-01,Amador,005,37829,5769,5723,70,5793,67
2021-12-01,Butte,007,227075,21863,21600,3925,25525,318
2021-12-01,Calaveras,009,45235,4441,4371,60,4431,88
2021-12-01,Colusa,011,21464,2620,2595,675,3270,20
2021-12-01,Contra Costa,013,1133247,102535,101651,2349,104000,1048
2021-12-01,Del Norte,015,27424,3784,3722,56,3778,42
2021-12-01,El Dorado,017,186661,16838,16575,1787,18362,166
2021-12-01,Fresno,019,978130,146404,144507,13312,157819,2264
2021-12-01,Glenn,021,27897,3597,3556,1042,4598,36
2021-12-01,Humboldt,023,135768,9683,9573,679,10252,117
2021-12-01,Imperial,025,180216,35625,35085,3645,38730,776
2021-12-01,Inyo,027,18085,2568,2533,41,2574,46
2021-12-01,Kern,029,883053,132951,131580,24006,155586,1804
2021-12-01,Kings,031,150075,33594,33112,2059,35171,364
2021-12-01,Lake,033,64148,6950,6896,160,7056,112
2021-12-01,Lassen,035,31185,7068,7008,421,7429,51
2021-12-01,Los Angeles,037,10098052,1473941,1461394,56709,1518103,26928
2021-12-01,Madera,039,155013,24409,24134,2312,26446,307
2021-12-01,Marin,041,260295,18286,18038,519,18557,249
2021-12-01,Mariposa,043,17540,1449,1415,61,1476,6
2021-12-01,Mendocino,045,87422,8151,7966,672,8638,90
2021-12-01,Merced,047,269075,43505,43259,2128,45387,670
2021-12-01,Modoc,049,8938,598,576,202,778,5
2021-12-01,Mono,051,14174,1911,1876,23,1899,4
2021-12-01,Monterey,053,433212,49938,48611,3237,51848,626
2021-12-01,Napa,055,140530,13403,13319,120,13439,107
2021-12-01,Nevada,057,99092,9857,9706,348,10054,105
2021-12-01,Orange,059,3164182,315653,312772,16192,328964,5735
2021-12-01,Placer,061,380077,38947,38373,3897,42270,472
2021-12-01,Plumas,063,18699,1961,1893,45,1938,7
2021-12-01,Riverside,065,2383286,376504,371189,16847,388036,5369
2021-12-01,Sacramento,067,1510023,165121,163616,4975,168591,2360
2021-12-01,San Benito,069,59416,7716,7669,185,7854,78
2021-12-01,San Bernardino,071,2135413,367596,363368,11749,375117,5973
2021-12-01,San Diego,073,3302833,390182,386056,22753,408809,4346
2021-12-01,San Francisco,075,870044,54999,54199,2460,56659,672
2021-12-01,San Joaquin,077,732212,103037,102109,5663,107772,1834
2021-12-01,San Luis Obispo,079,281455,30715,30238,1335,31573,360
2021-12-01,San Mateo,081,765935,56006,54711,974,55685,579
2021-12-01,Santa Barbara,083,443738,46164,45681,1632,47313,554
2021-12-01,Santa Clara,085,1922200,152767,150961,1585,152546,1925
2021-12-01,Santa Cruz,087,273765,21533,21191,1043,22234,224
2021-12-01,Shasta,089,179085,22591,22375,3726,26101,410
2021-12-01,Sierra,091,2930,200,195,21,216,0
2021-12-01,Siskiyou,093,43540,3460,3391,1360,4751,55
2021-12-01,Solano,095,438530,47254,46485,1359,47844,360
2021-12-01,Sonoma,097,501317,43188,42713,575,43288,405
2021-12-01,Stanislaus,099,539301,81231,81330,9292,90622,1231
2021-12-01,Sutter,101,95872,14268,14229,398,14627,186
2021-12-01,Tehama,103,63373,8810,8728,1554,10282,130
2021-12-01,Trinity,105,12862,903,801,227,1028,17
2021-12-01,Tulare,107,460477,71109,69953,16237,86190,1098
2021-12-01,Tuolumne,109,53932,7702,7655,110,7765,91
2021-12-01,Ventura,111,848112,100755,99680,4456,104136,1191
2021-12-01,Yolo,113,214977,20632,20393,1260,21653,260
2021-12-01,Yuba,115,75493,10505,10401,380,10781,89
2021-11-30,Alameda,001,1643700,123266,122196,2949,125145,1489
2021-11-30,Alpine,003,1148,105,108,0,108,0
2021-11-30,Amador,005,37829,5761,5716,70,5786,66
2021-11-30,Butte,007,227075,21834,21565,3916,25481,318
2021-11-30,Calaveras,009,45235,4423,4360,60,4420,88
2021-11-30,Colusa,011,21464,2619,2592,675,3267,21
2021-11-30,Contra Costa,013,1133247,102397,101538,2342,103880,1046
2021-11-30,Del Norte,015,27424,3778,3718,56,3774,42
2021-11-30,El Dorado,017,186661,16810,16558,1781,18339,166
2021-11-30,Fresno,019,978130,146204,144384,13304,157688,2259
2021-11-30,Glenn,021,27897,3592,3555,1041,4596,36
2021-11-30,Humboldt,023,135768,9652,9539,673,10212,116
2021-11-30,Imperial,025,180216,35517,34999,3617,38616,773
2021-11-30,Inyo,027,18085,2559,2530,41,2571,46
2021-11-30,Kern,029,883053,132777,131451,23949,155400,1799
2021-11-30,Kings,031,150075,33542,33074,2055,35129,362
2021-11-30,Lake,033,64148,6945,6892,158,7050,110
2021-11-30,Lassen,035,31185,7064,7003,420,7423,51
2021-11-30,Los Angeles,037,10098052,1472136,1460177,56605,1516782,26913
2021-11-30,Madera,039,155013,24375,24108,2307,26415,307
2021-11-30,Marin,041,260295,18242,18010,517,18527,249
2021-11-30,Mariposa,043,17540,1443,1412,61,1473,6
2021-11-30,Mendocino,045,87422,8122,7960,666,8626,89
2021-11-30,Merced,047,269075,43435,43200,2120,45320,668
2021-11-30,Modoc,049,8938,597,576,202,778,5
2021-11-30,Mono,051,14174,1908,1873,23,1896,4
2021-11-30,Monterey,053,433212,49874,48581,3227,51808,626
2021-11-30,Napa,055,140530,13383,13308,120,13428,105
2021-11-30,Nevada,057,99092,9841,9699,347,10046,105
2021-11-30,Orange,059,3164182,315232,312451,16150,328601,5724
2021-11-30,Placer,061,380077,38844,38324,3889,42213,470
2021-11-30,Plumas,063,18699,1956,1887,44,1931,7
2021-11-30,Riverside,065,2383286,375818,370739,16822,387561,5358
2021-11-30,Sacramento,067,1510023,164840,163420,4953,168373,2353
2021-11-30,San Benito,069,59416,7694,7645,184,7829,78
2021-11-30,San Bernardino,071,2135413,366920,363006,11727,374733,5967
2021-11-30,San Diego,073,3302833,389255,385405,22706,408111,4340
2021-11-30,San Francisco,075,870044,54892,54147,2451,56598,672
2021-11-30,San Joaquin,077,732212,102911,101972,5655,107627,1834
2021-11-30,San Luis Obispo,079,281455,30690,30200,1332,31532,360
2021-11-30,San Mateo,081,765935,55901,54656,964,55620,579
2021-11-30,Santa Barbara,083,443738,46068,45628,1626,47254,553
2021-11-30,Santa Clara,085,1922200,152506,150799,1567,152366,1929
2021-11-30,Santa Cruz,087,273765,21475,21169,1039,22208,224
2021-11-30,Shasta,089,179085,22561,22347,3723,26070,401
2021-11-30,Sierra,091,2930,197,195,21,216,0
2021-11-30,Siskiyou,093,43540,3456,3385,1357,4742,55
2021-11-30,Solano,095,438530,47191,46434,1353,47787,358
2021-11-30,Sonoma,097,501317,43109,42663,573,43236,405
2021-11-30,Stanislaus,099,539301,81131,81276,9265,90541,1227
2021-11-30,Sutter,101,95872,14257,14210,395,14605,186
2021-11-30,Tehama,103,63373,8803,8727,1553,10280,130
2021-11-30,Trinity,105,12862,902,799,227,1026,17
2021-11-30,Tulare,107,460477,71023,69900,16187,86087,1099
2021-11-30,Tuolumne,109,53932,7687,7643,110,7753,91
2021-11-30,Ventura,111,848112,100602,99601,4444,104045,1191
2021-11-30,Yolo,113,214977,20590,20376,1254,21630,260
2021-11-30,Yuba,115,75493,10486,10398,375,10773,89
2021-11-29,Alameda,001,1643700,123109,122136,2940,125076,1489
2021-11-29,Alpine,003,1148,105,108,0,108,0
2021-11-29,Amador,005,37829,5754,5706,70,5776,66
2021-11-29,Butte,007,227075,21807,21544,3910,25454,314
2021-11-29,Calaveras,009,45235,4407,4353,60,4413,88
2021-11-29,Colusa,011,21464,2617,2585,672,3257,20
2021-11-29,Contra Costa,013,1133247,102249,101441,2334,103775,1046
2021-11-29,Del Norte,015,27424,3775,3704,56,3760,42
2021-11-29,El Dorado,017,186661,16792,16534,1776,18310,166
2021-11-29,Fresno,019,978130,145998,144282,13281,157563,2254
2021-11-29,Glenn,021,27897,3589,3555,1040,4595,36
2021-11-29,Humboldt,023,135768,9635,9514,666,10180,115
2021-11-29,Imperial,025,180216,35453,34960,3596,38556,773
2021-11-29,Inyo,027,18085,2554,2529,41,2570,46
2021-11-29,Kern,029,883053,132593,131362,23907,155269,1789
2021-11-29,Kings,031,150075,33490,33059,2051,35110,363
2021-11-29,Lake,033,64148,6933,6889,158,7047,110
2021-11-29,Lassen,035,31185,7061,7003,418,7421,51
2021-11-29,Los Angeles,037,10098052,1470274,1459446,56518,1515964,26889
2021-11-29,Madera,039,155013,24339,24069,2299,26368,307
2021-11-29,Marin,041,260295,18195,17980,512,18492,249
2021-11-29,Mariposa,043,17540,1435,1409,61,1470,6
2021-11-29,Mendocino,045,87422,8105,7954,662,8616,89
2021-11-29,Merced,047,269075,43361,43167,2112,45279,667
2021-11-29,Modoc,049,8938,596,569,202,771,5
2021-11-29,Mono,051,14174,1891,1859,23,1882,4
2021-11-29,Monterey,053,433212,49813,48548,3211,51759,626
2021-11-29,Napa,055,140530,13373,13304,120,13424,104
2021-11-29,Nevada,057,99092,9827,9689,347,10036,105
2021-11-29,Orange,059,3164182,314829,312203,16104,328307,5709
2021-11-29,Placer,061,380077,38779,38261,3884,42145,470
2021-11-29,Plumas,063,18699,1953,1884,44,1928,7
2021-11-29,Riverside,065,2383286,375282,370334,16811,387145,5358
2021-11-29,Sacramento,067,1510023,164592,163282,4920,168202,2342
2021-11-29,San Benito,069,59416,7675,7631,183,7814,77
2021-11-29,San Bernardino,071,2135413,366316,362694,11695,374389,5962
2021-11-29,San Diego,073,3302833,388364,384853,22672,407525,4335
2021-11-29,San Francisco,075,870044,54794,54125,2447,56572,669
2021-11-29,San Joaquin,077,732212,102772,101927,5648,107575,1834
2021-11-29,San Luis Obispo,079,281455,30656,30165,1328,31493,359
2021-11-29,San Mateo,081,765935,55798,54622,960,55582,579
2021-11-29,Santa Barbara,083,443738,45971,45576,1622,47198,549
2021-11-29,Santa Clara,085,1922200,152234,150620,1561,152181,1925
2021-11-29,Santa Cruz,087,273765,21438,21149,1038,22187,224
2021-11-29,Shasta,089,179085,22526,22315,3719,26034,399
2021-11-29,Sierra,091,2930,197,195,21,216,0
2021-11-29,Siskiyou,093,43540,3453,3374,1350,4724,55
2021-11-29,Solano,095,438530,47139,46412,1351,47763,357
2021-11-29,Sonoma,097,501317,43033,42624,570,43194,405
2021-11-29,Stanislaus,099,539301,81051,81227,9247,90474,1223
2021-11-29,Sutter,101,95872,14241,14204,392,14596,186
2021-11-29,Tehama,103,63373,8798,8720,1548,10268,130
2021-11-29,Trinity,105,12862,897,798,227,1025,17
2021-11-29,Tulare,107,460477,70944,69850,16153,86003,1096
2021-11-29,Tuolumne,109,53932,7674,7627,110,7737,90
2021-11-29,Ventura,111,848112,100482,99520,4434,103954,1190
2021-11-29,Yolo,113,214977,20545,20344,1252,21596,257
2021-11-29,Yuba,115,75493,10469,10395,374,10769,89
2021-11-28,Alameda,001,1643700,122889,122082,2934,125016,1491
2021-11-28,Alpine,003,1148,105,108,0,108,0
2021-11-28,Amador,005,37829,5744,5703,70,5773,66
2021-11-28,Butte,007,227075,21768,21530,3908,25438,313
2021-11-28,Calaveras,009,45235,4385,4350,60,4410,88
2021-11-28,Colusa,011,21464,2613,2586,671,3257,19
2021-11-28,Contra Costa,013,1133247,102076,101355,2324,103679,1046
2021-11-28,Del Norte,015,27424,3770,3703,56,3759,42
2021-11-28,El Dorado,017,186661,16751,16527,1775,18302,166
2021-11-28,Fresno,019,978130,145753,144164,13256,157420,2252
2021-11-28,Glenn,021,27897,3586,3547,1038,4585,36
2021-11-28,Humboldt,023,135768,9603,9499,662,10161,115
2021-11-28,Imperial,025,180216,35345,34929,3572,38501,773
2021-11-28,Inyo,027,18085,2547,2531,41,2572,46
2021-11-28,Kern,029,883053,132386,131279,23850,155129,1789
2021-11-28,Kings,031,150075,33416,33057,2044,35101,364
2021-11-28,Lake,033,64148,6923,6885,157,7042,110
2021-11-28,Lassen,035,31185,7053,7002,414,7416,51
2021-11-28,Los Angeles,037,10098052,1468099,1458646,56430,1515076,26878
2021-11-28,Madera,039,155013,24291,24055,2292,26347,307
2021-11-28,Marin,041,260295,18146,17962,508,18470,249
2021-11-28,Mariposa,043,17540,1431,1406,61,1467,6
2021-11-28,Mendocino,045,87422,8075,7943,657,8600,89
2021-11-28,Merced,047,269075,43295,43166,2097,45263,667
2021-11-28,Modoc,049,8938,595,569,202,771,5
2021-11-28,Mono,051,14174,1885,1841,23,1864,4
2021-11-28,Monterey,053,433212,49748,48537,3192,51729,626
2021-11-28,Napa,055,140530,13360,13303,120,13423,104
2021-11-28,Nevada,057,99092,9800,9684,346,10030,105
2021-11-28,Orange,059,3164182,314445,312028,16061,328089,5693
2021-11-28,Placer,061,380077,38698,38240,3865,42105,470
2021-11-28,Plumas,063,18699,1947,1884,43,1927,7
2021-11-28,Riverside,065,2383286,374623,370051,16789,386840,5358
2021-11-28,Sacramento,067,1510023,164236,163170,4897,168067,2335
2021-11-28,San Benito,069,59416,7656,7623,182,7805,77
2021-11-28,San Bernardino,071,2135413,365591,362407,11667,374074,5958
2021-11-28,San Diego,073,3302833,387473,383025,22608,405633,4325
2021-11-28,San Francisco,075,870044,54718,54082,2442,56524,669
2021-11-28,San Joaquin,077,732212,102591,101895,5631,107526,1834
2021-11-28,San Luis Obispo,079,281455,30592,30152,1324,31476,358
2021-11-28,San Mateo,081,765935,55704,54567,956,55523,579
2021-11-28,Santa Barbara,083,443738,45892,45551,1611,47162,549
2021-11-28,Santa Clara,085,1922200,151934,150436,1546,151982,1920
2021-11-28,Santa Cruz,087,273765,21367,21110,1037,22147,224
2021-11-28,Shasta,089,179085,22486,22316,3717,26033,400
2021-11-28,Sierra,091,2930,197,195,21,216,0
2021-11-28,Siskiyou,093,43540,3447,3372,1346,4718,55
2021-11-28,Solano,095,438530,47077,46385,1350,47735,356
2021-11-28,Sonoma,097,501317,42947,42583,567,43150,405
2021-11-28,Stanislaus,099,539301,80933,81181,9227,90408,1223
2021-11-28,Sutter,101,95872,14219,14192,386,14578,186
2021-11-28,Tehama,103,63373,8790,8720,1544,10264,130
2021-11-28,Trinity,105,12862,896,797,227,1024,17
2021-11-28,Tulare,107,460477,70846,69833,16100,85933,1095
2021-11-28,Tuolumne,109,53932,7653,7620,110,7730,90
2021-11-28,Ventura,111,848112,100326,99486,4423,103909,1190
2021-11-28,Yolo,113,214977,20502,20333,1251,21584,257
2021-11-28,Yuba,115,75493,10451,10391,372,10763,89
2021-11-27,Alameda,001,1643700,122792,121618,2931,124549,1477
2021-11-27,Alpine,003,1148,105,106,0,106,0
2021-11-27,Amador,005,37829,5743,5670,70,5740,66
2021-11-27,Butte,007,227075,21745,21384,3903,25287,309
2021-11-27,Calaveras,009,45235,4379,4294,60,4354,85
2021-11-27,Colusa,011,21464,2612,2568,669,3237,19
2021-11-27,Contra Costa,013,1133247,101991,100961,2323,103284,1045
2021-11-27,Del Norte,015,27424,3763,3661,56,3717,42
2021-11-27,El Dorado,017,186661,16716,16399,1774,18173,161
2021-11-27,Fresno,019,978130,145641,143386,13250,156636,2246
2021-11-27,Glenn,021,27897,3582,3532,1037,4569,36
2021-11-27,Humboldt,023,135768,9575,9399,660,10059,115
2021-11-27,Imperial,025,180216,35262,34611,3556,38167,769
2021-11-27,Inyo,027,18085,2544,2506,41,2547,45
2021-11-27,Kern,029,883053,132302,130245,23821,154066,1773
2021-11-27,Kings,031,150075,33393,32891,2041,34932,358
2021-11-27,Lake,033,64148,6920,6836,156,6992,110
2021-11-27,Lassen,035,31185,7051,6959,413,7372,47
2021-11-27,Los Angeles,037,10098052,1467090,1454495,56360,1510855,26817
2021-11-27,Madera,039,155013,24271,23880,2287,26167,296
2021-11-27,Marin,041,260295,18108,17857,503,18360,248
2021-11-27,Mariposa,043,17540,1429,1374,61,1435,6
2021-11-27,Mendocino,045,87422,8056,7871,657,8528,89
2021-11-27,Merced,047,269075,43260,42921,2094,45015,664
2021-11-27,Modoc,049,8938,593,551,202,753,5
2021-11-27,Mono,051,14174,1883,1810,23,1833,4
2021-11-27,Monterey,053,433212,49715,48400,3178,51578,625
2021-11-27,Napa,055,140530,13346,13256,120,13376,104
2021-11-27,Nevada,057,99092,9778,9584,345,9929,103
2021-11-27,Orange,059,3164182,314193,310809,16024,326833,5665
2021-11-27,Placer,061,380077,38637,38001,3859,41860,468
2021-11-27,Plumas,063,18699,1943,1860,43,1903,7
2021-11-27,Riverside,065,2383286,374265,367601,16782,384383,5306
2021-11-27,Sacramento,067,1510023,164078,162328,4894,167222,2335
2021-11-27,San Benito,069,59416,7639,7575,182,7757,77
2021-11-27,San Bernardino,071,2135413,365159,360033,11658,371691,5932
2021-11-27,San Diego,073,3302833,386971,382634,22582,405216,4319
2021-11-27,San Francisco,075,870044,54668,53830,2439,56269,669
2021-11-27,San Joaquin,077,732212,102524,101368,5628,106996,1833
2021-11-27,San Luis Obispo,079,281455,30557,29983,1320,31303,358
2021-11-27,San Mateo,081,765935,55647,54360,953,55313,577
2021-11-27,Santa Barbara,083,443738,45838,45318,1609,46927,548
2021-11-27,Santa Clara,085,1922200,151727,149700,1539,151239,1922
2021-11-27,Santa Cruz,087,273765,21327,20929,1034,21963,222
2021-11-27,Shasta,089,179085,22463,22151,3716,25867,396
2021-11-27,Sierra,091,2930,196,194,21,215,0
2021-11-27,Siskiyou,093,43540,3444,3336,1344,4680,54
2021-11-27,Solano,095,438530,47041,46163,1347,47510,356
2021-11-27,Sonoma,097,501317,42884,42368,567,42935,405
2021-11-27,Stanislaus,099,539301,80865,80782,9209,89991,1220
2021-11-27,Sutter,101,95872,14211,14127,385,14512,181
2021-11-27,Tehama,103,63373,8788,8675,1543,10218,129
2021-11-27,Trinity,105,12862,896,789,227,1016,17
2021-11-27,Tulare,107,460477,70794,69377,16084,85461,1082
2021-11-27,Tuolumne,109,53932,7640,7574,110,7684,90
2021-11-27,Ventura,111,848112,100253,99163,4416,103579,1188
2021-11-27,Yolo,113,214977,20481,20237,1242,21479,257
2021-11-27,Yuba,115,75493,10440,10335,372,10707,88
2021-11-26,Alameda,001,1643700,122680,121618,2929,124547,1477
2021-11-26,Alpine,003,1148,105,106,0,106,0
2021-11-26,Amador,005,37829,5739,5670,70,5740,66
2021-11-26,Butte,007,227075,21721,21384,3898,25282,309
2021-11-26,Calaveras,009,45235,4370,4294,60,4354,85
2021-11-26,Colusa,011,21464,2610,2568,668,3236,19
2021-11-26,Contra Costa,013,1133247,101904,100961,2319,103280,1045
2021-11-26,Del Norte,015,27424,3760,3661,56,3717,42
2021-11-26,El Dorado,017,186661,16699,16399,1771,18170,161
2021-11-26,Fresno,019,978130,145508,143386,13240,156626,2246
2021-11-26,Glenn,021,27897,3580,3532,1037,4569,36
2021-11-26,Humboldt,023,135768,9556,9399,656,10055,115
2021-11-26,Imperial,025,180216,35205,34611,3543,38154,769
2021-11-26,Inyo,027,18085,2544,2506,41,2547,45
2021-11-26,Kern,029,883053,132219,130245,23777,154022,1773
2021-11-26,Kings,031,150075,33369,32891,2039,34930,358
2021-11-26,Lake,033,64148,6918,6836,156,6992,110
2021-11-26,Lassen,035,31185,7045,6959,413,7372,47
2021-11-26,Los Angeles,037,10098052,1466240,1454495,56297,1510792,26817
2021-11-26,Madera,039,155013,24244,23880,2285,26165,296
2021-11-26,Marin,041,260295,18079,17857,503,18360,248
2021-11-26,Mariposa,043,17540,1423,1374,60,1434,6
2021-11-26,Mendocino,045,87422,8046,7871,657,8528,89
2021-11-26,Merced,047,269075,43230,42921,2089,45010,664
2021-11-26,Modoc,049,8938,591,551,202,753,5
2021-11-26,Mono,051,14174,1872,1810,23,1833,4
2021-11-26,Monterey,053,433212,49671,48400,3171,51571,625
2021-11-26,Napa,055,140530,13330,13256,120,13376,104
2021-11-26,Nevada,057,99092,9767,9584,345,9929,103
2021-11-26,Orange,059,3164182,313924,310809,15992,326801,5665
2021-11-26,Placer,061,380077,38592,38001,3851,41852,468
2021-11-26,Plumas,063,18699,1938,1860,43,1903,7
2021-11-26,Riverside,065,2383286,373864,367601,16775,384376,5306
2021-11-26,Sacramento,067,1510023,163966,162328,4889,167217,2335
2021-11-26,San Benito,069,59416,7631,7575,182,7757,77
2021-11-26,San Bernardino,071,2135413,364731,360033,11651,371684,5932
2021-11-26,San Diego,073,3302833,386414,382634,22570,405204,4319
2021-11-26,San Francisco,075,870044,54621,53830,2437,56267,669
2021-11-26,San Joaquin,077,732212,102467,101368,5627,106995,1833
2021-11-26,San Luis Obispo,079,281455,30515,29983,1317,31300,358
2021-11-26,San Mateo,081,765935,55584,54360,952,55312,577
2021-11-26,Santa Barbara,083,443738,45791,45318,1608,46926,548
2021-11-26,Santa Clara,085,1922200,151559,149700,1531,151231,1922
2021-11-26,Santa Cruz,087,273765,21287,20929,1034,21963,222
2021-11-26,Shasta,089,179085,22444,22151,3714,25865,396
2021-11-26,Sierra,091,2930,196,194,21,215,0
2021-11-26,Siskiyou,093,43540,3441,3336,1343,4679,54
2021-11-26,Solano,095,438530,47000,46163,1346,47509,356
2021-11-26,Sonoma,097,501317,42833,42368,565,42933,405
2021-11-26,Stanislaus,099,539301,80792,80782,9198,89980,1220
2021-11-26,Sutter,101,95872,14198,14127,384,14511,181
2021-11-26,Tehama,103,63373,8786,8675,1542,10217,129
2021-11-26,Trinity,105,12862,895,789,227,1016,17
2021-11-26,Tulare,107,460477,70748,69377,16052,85429,1082
2021-11-26,Tuolumne,109,53932,7630,7574,110,7684,90
2021-11-26,Ventura,111,848112,100173,99163,4411,103574,1188
2021-11-26,Yolo,113,214977,20462,20237,1234,21471,257
2021-11-26,Yuba,115,75493,10434,10335,372,10707,88
2021-11-25,Alameda,001,1643700,122572,121618,2924,124542,1477
2021-11-25,Alpine,003,1148,105,106,0,106,0
2021-11-25,Amador,005,37829,5731,5670,70,5740,66
2021-11-25,Butte,007,227075,21703,21384,3896,25280,309
2021-11-25,Calaveras,009,45235,4365,4294,60,4354,85
2021-11-25,Colusa,011,21464,2607,2568,666,3234,19
2021-11-25,Contra Costa,013,1133247,101800,100961,2315,103276,1045
2021-11-25,Del Norte,015,27424,3755,3661,56,3717,42
2021-11-25,El Dorado,017,186661,16680,16399,1770,18169,161
2021-11-25,Fresno,019,978130,145374,143386,13231,156617,2246
2021-11-25,Glenn,021,27897,3579,3532,1036,4568,36
2021-11-25,Humboldt,023,135768,9537,9399,653,10052,115
2021-11-25,Imperial,025,180216,35160,34611,3531,38142,769
2021-11-25,Inyo,027,18085,2542,2506,41,2547,45
2021-11-25,Kern,029,883053,132121,130245,23731,153976,1773
2021-11-25,Kings,031,150075,33341,32891,2038,34929,358
2021-11-25,Lake,033,64148,6911,6836,156,6992,110
2021-11-25,Lassen,035,31185,7043,6959,412,7371,47
2021-11-25,Los Angeles,037,10098052,1465256,1454495,56240,1510735,26817
2021-11-25,Madera,039,155013,24209,23880,2284,26164,296
2021-11-25,Marin,041,260295,18052,17857,498,18355,248
2021-11-25,Mariposa,043,17540,1420,1374,60,1434,6
2021-11-25,Mendocino,045,87422,8028,7871,657,8528,89
2021-11-25,Merced,047,269075,43191,42921,2083,45004,664
2021-11-25,Modoc,049,8938,590,551,202,753,5
2021-11-25,Mono,051,14174,1861,1810,23,1833,4
2021-11-25,Monterey,053,433212,49627,48400,3162,51562,625
2021-11-25,Napa,055,140530,13322,13256,120,13376,104
2021-11-25,Nevada,057,99092,9748,9584,342,9926,103
2021-11-25,Orange,059,3164182,313662,310809,15960,326769,5665
2021-11-25,Placer,061,380077,38546,38001,3845,41846,468
2021-11-25,Plumas,063,18699,1936,1860,43,1903,7
2021-11-25,Riverside,065,2383286,373450,367601,16768,384369,5306
2021-11-25,Sacramento,067,1510023,163787,162328,4883,167211,2335
2021-11-25,San Benito,069,59416,7624,7575,182,7757,77
2021-11-25,San Bernardino,071,2135413,364338,360033,11634,371667,5932
2021-11-25,San Diego,073,3302833,385967,382634,22551,405185,4319
2021-11-25,San Francisco,075,870044,54571,53830,2434,56264,669
2021-11-25,San Joaquin,077,732212,102383,101368,5623,106991,1833
2021-11-25,San Luis Obispo,079,281455,30485,29983,1315,31298,358
2021-11-25,San Mateo,081,765935,55535,54360,950,55310,577
2021-11-25,Santa Barbara,083,443738,45752,45318,1606,46924,548
2021-11-25,Santa Clara,085,1922200,151402,149700,1526,151226,1922
2021-11-25,Santa Cruz,087,273765,21254,20929,1034,21963,222
2021-11-25,Shasta,089,179085,22418,22151,3714,25865,396
2021-11-25,Sierra,091,2930,196,194,21,215,0
2021-11-25,Siskiyou,093,43540,3438,3336,1343,4679,54
2021-11-25,Solano,095,438530,46963,46163,1345,47508,356
2021-11-25,Sonoma,097,501317,42776,42368,561,42929,405
2021-11-25,Stanislaus,099,539301,80728,80782,9184,89966,1220
2021-11-25,Sutter,101,95872,14182,14127,383,14510,181
2021-11-25,Tehama,103,63373,8778,8675,1542,10217,129
2021-11-25,Trinity,105,12862,895,789,227,1016,17
2021-11-25,Tulare,107,460477,70681,69377,16025,85402,1082
2021-11-25,Tuolumne,109,53932,7618,7574,110,7684,90
2021-11-25,Ventura,111,848112,100106,99163,4408,103571,1188
2021-11-25,Yolo,113,214977,20432,20237,1229,21466,257
2021-11-25,Yuba,115,75493,10425,10335,371,10706,88
2021-11-24,Alameda,001,1643700,122508,121618,2920,124538,1477
2021-11-24,Alpine,003,1148,105,106,0,106,0
2021-11-24,Amador,005,37829,5721,5670,70,5740,66
2021-11-24,Butte,007,227075,21687,21384,3895,25279,309
2021-11-24,Calaveras,009,45235,4358,4294,60,4354,85
2021-11-24,Colusa,011,21464,2607,2568,665,3233,19
2021-11-24,Contra Costa,013,1133247,101763,100961,2312,103273,1045
2021-11-24,Del Norte,015,27424,3752,3661,56,3717,42
2021-11-24,El Dorado,017,186661,16668,16399,1769,18168,161
2021-11-24,Fresno,019,978130,145320,143386,13230,156616,2246
2021-11-24,Glenn,021,27897,3574,3532,1035,4567,36
2021-11-24,Humboldt,023,135768,9522,9399,653,10052,115
2021-11-24,Imperial,025,180216,35132,34611,3525,38136,769
2021-11-24,Inyo,027,18085,2539,2506,41,2547,45
2021-11-24,Kern,029,883053,132059,130245,23719,153964,1773
2021-11-24,Kings,031,150075,33327,32891,2037,34928,358
2021-11-24,Lake,033,64148,6907,6836,156,6992,110
2021-11-24,Lassen,035,31185,7043,6959,412,7371,47
2021-11-24,Los Angeles,037,10098052,1464765,1454495,56196,1510691,26817
2021-11-24,Madera,039,155013,24186,23880,2278,26158,296
2021-11-24,Marin,041,260295,18040,17857,496,18353,248
2021-11-24,Mariposa,043,17540,1420,1374,60,1434,6
2021-11-24,Mendocino,045,87422,8016,7871,657,8528,89
2021-11-24,Merced,047,269075,43159,42921,2080,45001,664
2021-11-24,Modoc,049,8938,590,551,202,753,5
2021-11-24,Mono,051,14174,1858,1810,23,1833,4
2021-11-24,Monterey,053,433212,49614,48400,3160,51560,625
2021-11-24,Napa,055,140530,13318,13256,120,13376,104
2021-11-24,Nevada,057,99092,9733,9584,342,9926,103
2021-11-24,Orange,059,3164182,313507,310809,15945,326754,5665
2021-11-24,Placer,061,380077,38513,38001,3843,41844,468
2021-11-24,Plumas,063,18699,1934,1860,43,1903,7
2021-11-24,Riverside,065,2383286,373270,367601,16762,384363,5306
2021-11-24,Sacramento,067,1510023,163714,162328,4883,167211,2335
2021-11-24,San Benito,069,59416,7622,7575,182,7757,77
2021-11-24,San Bernardino,071,2135413,364128,360033,11623,371656,5932
2021-11-24,San Diego,073,3302833,385710,382634,22538,405172,4319
2021-11-24,San Francisco,075,870044,54540,53830,2432,56262,669
2021-11-24,San Joaquin,077,732212,102342,101368,5620,106988,1833
2021-11-24,San Luis Obispo,079,281455,30466,29983,1315,31298,358
2021-11-24,San Mateo,081,765935,55505,54360,949,55309,577
2021-11-24,Santa Barbara,083,443738,45725,45318,1606,46924,548
2021-11-24,Santa Clara,085,1922200,151306,149700,1525,151225,1922
2021-11-24,Santa Cruz,087,273765,21231,20929,1033,21962,222
2021-11-24,Shasta,089,179085,22407,22151,3711,25862,396
2021-11-24,Sierra,091,2930,196,194,21,215,0
2021-11-24,Siskiyou,093,43540,3435,3336,1343,4679,54
2021-11-24,Solano,095,438530,46935,46163,1343,47506,356
2021-11-24,Sonoma,097,501317,42744,42368,559,42927,405
2021-11-24,Stanislaus,099,539301,80691,80782,9179,89961,1220
2021-11-24,Sutter,101,95872,14169,14127,381,14508,181
2021-11-24,Tehama,103,63373,8775,8675,1541,10216,129
2021-11-24,Trinity,105,12862,895,789,227,1016,17
2021-11-24,Tulare,107,460477,70657,69377,16006,85383,1082
2021-11-24,Tuolumne,109,53932,7614,7574,110,7684,90
2021-11-24,Ventura,111,848112,100071,99163,4404,103567,1188
2021-11-24,Yolo,113,214977,20424,20237,1228,21465,257
2021-11-24,Yuba,115,75493,10421,10335,370,10705,88
2021-11-23,Alameda,001,1643700,122389,121618,2913,124531,1477
2021-11-23,Alpine,003,1148,105,106,0,106,0
2021-11-23,Amador,005,37829,5714,5670,70,5740,66
2021-11-23,Butte,007,227075,21658,21384,3891,25275,309
2021-11-23,Calaveras,009,45235,4352,4294,59,4353,85
2021-11-23,Colusa,011,21464,2603,2568,663,3231,19
2021-11-23,Contra Costa,013,1133247,101656,100961,2310,103271,1045
2021-11-23,Del Norte,015,27424,3749,3661,56,3717,42
2021-11-23,El Dorado,017,186661,16636,16399,1766,18165,161
2021-11-23,Fresno,019,978130,145183,143386,13221,156607,2246
2021-11-23,Glenn,021,27897,3569,3532,1035,4567,36
2021-11-23,Humboldt,023,135768,9500,9399,650,10049,115
2021-11-23,Imperial,025,180216,35063,34611,3506,38117,769
2021-11-23,Inyo,027,18085,2535,2506,41,2547,45
2021-11-23,Kern,029,883053,131951,130245,23670,153915,1773
2021-11-23,Kings,031,150075,33286,32891,2036,34927,358
2021-11-23,Lake,033,64148,6902,6836,156,6992,110
2021-11-23,Lassen,035,31185,7039,6959,409,7368,47
2021-11-23,Los Angeles,037,10098052,1463742,1454495,56128,1510623,26817
2021-11-23,Madera,039,155013,24160,23880,2276,26156,296
2021-11-23,Marin,041,260295,18009,17857,492,18349,248
2021-11-23,Mariposa,043,17540,1417,1374,60,1434,6
2021-11-23,Mendocino,045,87422,7995,7871,654,8525,89
2021-11-23,Merced,047,269075,43121,42921,2079,45000,664
2021-11-23,Modoc,049,8938,588,551,202,753,5
2021-11-23,Mono,051,14174,1844,1810,23,1833,4
2021-11-23,Monterey,053,433212,49578,48400,3154,51554,625
2021-11-23,Napa,055,140530,13309,13256,120,13376,104
2021-11-23,Nevada,057,99092,9704,9584,341,9925,103
2021-11-23,Orange,059,3164182,313257,310809,15909,326718,5665
2021-11-23,Placer,061,380077,38454,38001,3826,41827,468
2021-11-23,Plumas,063,18699,1930,1860,43,1903,7
2021-11-23,Riverside,065,2383286,372887,367601,16749,384350,5306
2021-11-23,Sacramento,067,1510023,163528,162328,4872,167200,2335
2021-11-23,San Benito,069,59416,7613,7575,180,7755,77
2021-11-23,San Bernardino,071,2135413,363714,360033,11608,371641,5932
2021-11-23,San Diego,073,3302833,385219,382634,22515,405149,4319
2021-11-23,San Francisco,075,870044,54481,53830,2429,56259,669
2021-11-23,San Joaquin,077,732212,102233,101368,5609,106977,1833
2021-11-23,San Luis Obispo,079,281455,30431,29983,1312,31295,358
2021-11-23,San Mateo,081,765935,55456,54360,948,55308,577
2021-11-23,Santa Barbara,083,443738,45672,45318,1606,46924,548
2021-11-23,Santa Clara,085,1922200,151095,149700,1513,151213,1922
2021-11-23,Santa Cruz,087,273765,21193,20929,1033,21962,222
2021-11-23,Shasta,089,179085,22371,22151,3709,25860,396
2021-11-23,Sierra,091,2930,196,194,21,215,0
2021-11-23,Siskiyou,093,43540,3430,3336,1342,4678,54
2021-11-23,Solano,095,438530,46881,46163,1339,47502,356
2021-11-23,Sonoma,097,501317,42693,42368,556,42924,405
2021-11-23,Stanislaus,099,539301,80622,80782,9166,89948,1220
2021-11-23,Sutter,101,95872,14153,14127,380,14507,181
2021-11-23,Tehama,103,63373,8762,8675,1540,10215,129
2021-11-23,Trinity,105,12862,894,789,227,1016,17
2021-11-23,Tulare,107,460477,70610,69377,15976,85353,1082
2021-11-23,Tuolumne,109,53932,7602,7574,110,7684,90
2021-11-23,Ventura,111,848112,99988,99163,4398,103561,1188
2021-11-23,Yolo,113,214977,20403,20237,1220,21457,257
2021-11-23,Yuba,115,75493,10409,10335,370,10705,88
2021-11-22,Alameda,001,1643700,122277,121566,2910,124476,1475
2021-11-22,Alpine,003,1148,105,106,0,106,0
2021-11-22,Amador,005,37829,5701,5670,70,5740,66
2021-11-22,Butte,007,227075,21619,21363,3885,25248,305
2021-11-22,Calaveras,009,45235,4340,4294,59,4353,84
2021-11-22,Colusa,011,21464,2600,2565,663,3228,19
2021-11-22,Contra Costa,013,1133247,101568,100877,2305,103182,1045
2021-11-22,Del Norte,015,27424,3746,3659,56,3715,42
2021-11-22,El Dorado,017,186661,16613,16378,1763,18141,161
2021-11-22,Fresno,019,978130,145049,143290,13213,156503,2243
2021-11-22,Glenn,021,27897,3564,3530,1034,4564,36
2021-11-22,Humboldt,023,135768,9474,9389,645,10034,115
2021-11-22,Imperial,025,180216,35002,34562,3492,38054,766
2021-11-22,Inyo,027,18085,2529,2501,41,2542,44
2021-11-22,Kern,029,883053,131790,130091,23619,153710,1762
2021-11-22,Kings,031,150075,33250,32867,2031,34898,358
2021-11-22,Lake,033,64148,6897,6837,156,6993,110
2021-11-22,Lassen,035,31185,7037,6954,408,7362,47
2021-11-22,Los Angeles,037,10098052,1462672,1453945,56046,1509991,26800
2021-11-22,Madera,039,155013,24126,23872,2268,26140,296
2021-11-22,Marin,041,260295,17978,17842,490,18332,248
2021-11-22,Mariposa,043,17540,1413,1372,60,1432,6
2021-11-22,Mendocino,045,87422,7979,7859,653,8512,89
2021-11-22,Merced,047,269075,43070,42898,2068,44966,660
2021-11-22,Modoc,049,8938,587,551,202,753,5
2021-11-22,Mono,051,14174,1837,1809,23,1832,4
2021-11-22,Monterey,053,433212,49551,48374,3150,51524,611
2021-11-22,Napa,055,140530,13301,13255,119,13374,104
2021-11-22,Nevada,057,99092,9687,9575,339,9914,96
2021-11-22,Orange,059,3164182,313017,310654,15883,326537,5663
2021-11-22,Placer,061,380077,38409,37956,3818,41774,465
2021-11-22,Plumas,063,18699,1927,1858,43,1901,7
2021-11-22,Riverside,065,2383286,372450,367301,16740,384041,5283
2021-11-22,Sacramento,067,1510023,163336,162222,4863,167085,2328
2021-11-22,San Benito,069,59416,7593,7567,180,7747,77
2021-11-22,San Bernardino,071,2135413,363302,359851,11598,371449,5916
2021-11-22,San Diego,073,3302833,384723,382132,22491,404623,4317
2021-11-22,San Francisco,075,870044,54389,53778,2423,56201,669
2021-11-22,San Joaquin,077,732212,102108,101299,5604,106903,1833
2021-11-22,San Luis Obispo,079,281455,30405,29963,1309,31272,358
2021-11-22,San Mateo,081,765935,55399,54330,946,55276,577
2021-11-22,Santa Barbara,083,443738,45596,45279,1606,46885,546
2021-11-22,Santa Clara,085,1922200,150910,149541,1503,151044,1919
2021-11-22,Santa Cruz,087,273765,21152,20891,1033,21924,222
2021-11-22,Shasta,089,179085,22357,22116,3704,25820,393
2021-11-22,Sierra,091,2930,196,193,21,214,0
2021-11-22,Siskiyou,093,43540,3425,3336,1340,4676,54
2021-11-22,Solano,095,438530,46832,46153,1337,47490,356
2021-11-22,Sonoma,097,501317,42632,42344,555,42899,404
2021-11-22,Stanislaus,099,539301,80534,80718,9156,89874,1209
2021-11-22,Sutter,101,95872,14137,14125,378,14503,181
2021-11-22,Tehama,103,63373,8755,8669,1535,10204,127
2021-11-22,Trinity,105,12862,893,785,227,1012,17
2021-11-22,Tulare,107,460477,70548,69314,15939,85253,1075
2021-11-22,Tuolumne,109,53932,7587,7567,110,7677,90
2021-11-22,Ventura,111,848112,99922,99114,4395,103509,1186
2021-11-22,Yolo,113,214977,20380,20227,1218,21445,257
2021-11-22,Yuba,115,75493,10400,10332,369,10701,88
2021-11-21,Alameda,001,1643700,122146,121443,2906,124349,1475
2021-11-21,Alpine,003,1148,103,106,0,106,0
2021-11-21,Amador,005,37829,5696,5662,69,5731,66
2021-11-21,Butte,007,227075,21577,21342,3880,25222,306
2021-11-21,Calaveras,009,45235,4331,4287,59,4346,84
2021-11-21,Colusa,011,21464,2596,2562,662,3224,19
2021-11-21,Contra Costa,013,1133247,101466,100807,2299,103106,1045
2021-11-21,Del Norte,015,27424,3742,3659,56,3715,42
2021-11-21,El Dorado,017,186661,16586,16370,1757,18127,161
2021-11-21,Fresno,019,978130,144877,143203,13193,156396,2242
2021-11-21,Glenn,021,27897,3560,3529,1034,4563,36
2021-11-21,Humboldt,023,135768,9451,9378,644,10022,115
2021-11-21,Imperial,025,180216,34913,34527,3482,38009,766
2021-11-21,Inyo,027,18085,2522,2501,41,2542,44
2021-11-21,Kern,029,883053,131626,130020,23573,153593,1762
2021-11-21,Kings,031,150075,33212,32843,2027,34870,356
2021-11-21,Lake,033,64148,6890,6834,156,6990,110
2021-11-21,Lassen,035,31185,7028,6953,408,7361,47
2021-11-21,Los Angeles,037,10098052,1461603,1453181,55989,1509170,26793
2021-11-21,Madera,039,155013,24100,23856,2263,26119,296
2021-11-21,Marin,041,260295,17949,17829,487,18316,248
2021-11-21,Mariposa,043,17540,1412,1371,59,1430,6
2021-11-21,Mendocino,045,87422,7973,7846,650,8496,89
2021-11-21,Merced,047,269075,43015,42881,2064,44945,660
2021-11-21,Modoc,049,8938,583,551,202,753,5
2021-11-21,Mono,051,14174,1827,1799,22,1821,4
2021-11-21,Monterey,053,433212,49505,48358,3141,51499,611
2021-11-21,Napa,055,140530,13288,13250,119,13369,104
2021-11-21,Nevada,057,99092,9661,9556,338,9894,96
2021-11-21,Orange,059,3164182,312761,310477,15851,326328,5663
2021-11-21,Placer,061,380077,38327,37929,3817,41746,465
2021-11-21,Plumas,063,18699,1922,1858,43,1901,7
2021-11-21,Riverside,065,2383286,371958,367093,16732,383825,5283
2021-11-21,Sacramento,067,1510023,163120,162087,4853,166940,2327
2021-11-21,San Benito,069,59416,7579,7563,179,7742,77
2021-11-21,San Bernardino,071,2135413,362815,359621,11562,371183,5912
2021-11-21,San Diego,073,3302833,384185,380747,22466,403213,4317
2021-11-21,San Francisco,075,870044,54320,53741,2418,56159,669
2021-11-21,San Joaquin,077,732212,102003,101264,5591,106855,1833
2021-11-21,San Luis Obispo,079,281455,30367,29948,1309,31257,358
2021-11-21,San Mateo,081,765935,55347,54290,944,55234,577
2021-11-21,Santa Barbara,083,443738,45535,45237,1603,46840,546
2021-11-21,Santa Clara,085,1922200,150705,149387,1483,150870,1918
2021-11-21,Santa Cruz,087,273765,21108,20866,1031,21897,222
2021-11-21,Shasta,089,179085,22326,22112,3702,25814,393
2021-11-21,Sierra,091,2930,196,193,21,214,0
2021-11-21,Siskiyou,093,43540,3420,3333,1339,4672,54
2021-11-21,Solano,095,438530,46776,46122,1330,47452,356
2021-11-21,Sonoma,097,501317,42572,42298,554,42852,404
2021-11-21,Stanislaus,099,539301,80439,80687,9141,89828,1209
2021-11-21,Sutter,101,95872,14123,14111,378,14489,181
2021-11-21,Tehama,103,63373,8749,8669,1534,10203,127
2021-11-21,Trinity,105,12862,891,784,225,1009,17
2021-11-21,Tulare,107,460477,70464,69285,15900,85185,1075
2021-11-21,Tuolumne,109,53932,7579,7560,109,7669,90
2021-11-21,Ventura,111,848112,99831,99081,4391,103472,1186
2021-11-21,Yolo,113,214977,20352,20209,1215,21424,257
2021-11-21,Yuba,115,75493,10391,10326,369,10695,88
2021-11-20,Alameda,001,1643700,122053,121059,2899,123958,1473
2021-11-20,Alpine,003,1148,103,105,0,105,0
2021-11-20,Amador,005,37829,5690,5652,68,5720,66
2021-11-20,Butte,007,227075,21562,21265,3876,25141,300
2021-11-20,Calaveras,009,45235,4322,4268,59,4327,84
2021-11-20,Colusa,011,21464,2595,2549,661,3210,19
2021-11-20,Contra Costa,013,1133247,101389,100491,2295,102786,1043
2021-11-20,Del Norte,015,27424,3739,3637,56,3693,42
2021-11-20,El Dorado,017,186661,16564,16308,1755,18063,161
2021-11-20,Fresno,019,978130,144807,142579,13184,155763,2233
2021-11-20,Glenn,021,27897,3559,3526,1033,4559,35
2021-11-20,Humboldt,023,135768,9438,9302,642,9944,115
2021-11-20,Imperial,025,180216,34861,34312,3476,37788,766
2021-11-20,Inyo,027,18085,2521,2467,41,2508,44
2021-11-20,Kern,029,883053,131526,129488,23536,153024,1750
2021-11-20,Kings,031,150075,33202,32720,2027,34747,354
2021-11-20,Lake,033,64148,6887,6808,156,6964,110
2021-11-20,Lassen,035,31185,7027,6931,408,7339,47
2021-11-20,Los Angeles,037,10098052,1460984,1448963,55941,1504904,26741
2021-11-20,Madera,039,155013,24088,23720,2259,25979,296
2021-11-20,Marin,041,260295,17934,17774,487,18261,248
2021-11-20,Mariposa,043,17540,1411,1354,59,1413,6
2021-11-20,Mendocino,045,87422,7965,7773,650,8423,89
2021-11-20,Merced,047,269075,42989,42692,2064,44756,656
2021-11-20,Modoc,049,8938,582,550,202,752,5
2021-11-20,Mono,051,14174,1821,1767,22,1789,4
2021-11-20,Monterey,053,433212,49492,48260,3133,51393,609
2021-11-20,Napa,055,140530,13285,13184,119,13303,103
2021-11-20,Nevada,057,99092,9645,9480,338,9818,92
2021-11-20,Orange,059,3164182,312562,309672,15834,325506,5658
2021-11-20,Placer,061,380077,38287,37800,3812,41612,462
2021-11-20,Plumas,063,18699,1918,1841,43,1884,7
2021-11-20,Riverside,065,2383286,371685,365809,16720,382529,5265
2021-11-20,Sacramento,067,1510023,163016,161533,4849,166382,2316
2021-11-20,San Benito,069,59416,7575,7533,179,7712,77
2021-11-20,San Bernardino,071,2135413,362542,358322,11551,369873,5897
2021-11-20,San Diego,073,3302833,383852,380147,22440,402587,4311
2021-11-20,San Francisco,075,870044,54281,53525,2417,55942,669
2021-11-20,San Joaquin,077,732212,101953,100922,5586,106508,1832
2021-11-20,San Luis Obispo,079,281455,30353,29815,1308,31123,355
2021-11-20,San Mateo,081,765935,55313,54132,943,55075,577
2021-11-20,Santa Barbara,083,443738,45503,45074,1603,46677,544
2021-11-20,Santa Clara,085,1922200,150598,148829,1482,150311,1917
2021-11-20,Santa Cruz,087,273765,21090,20756,1031,21787,222
2021-11-20,Shasta,089,179085,22302,21968,3701,25669,383
2021-11-20,Sierra,091,2930,196,191,21,212,0
2021-11-20,Siskiyou,093,43540,3417,3313,1339,4652,54
2021-11-20,Solano,095,438530,46755,46006,1330,47336,356
2021-11-20,Sonoma,097,501317,42541,42151,554,42705,403
2021-11-20,Stanislaus,099,539301,80393,80412,9137,89549,1205
2021-11-20,Sutter,101,95872,14115,14074,378,14452,181
2021-11-20,Tehama,103,63373,8744,8648,1534,10182,125
2021-11-20,Trinity,105,12862,887,771,225,996,17
2021-11-20,Tulare,107,460477,70425,69074,15879,84953,1054
2021-11-20,Tuolumne,109,53932,7570,7511,109,7620,90
2021-11-20,Ventura,111,848112,99782,98893,4384,103277,1186
2021-11-20,Yolo,113,214977,20344,20139,1211,21350,257
2021-11-20,Yuba,115,75493,10385,10290,368,10658,88
2021-11-19,Alameda,001,1643700,121977,121059,2896,123955,1473
2021-11-19,Alpine,003,1148,103,105,0,105,0
2021-11-19,Amador,005,37829,5680,5652,68,5720,66
2021-11-19,Butte,007,227075,21539,21265,3869,25134,300
2021-11-19,Calaveras,009,45235,4315,4268,59,4327,84
2021-11-19,Colusa,011,21464,2593,2549,660,3209,19
2021-11-19,Contra Costa,013,1133247,101331,100491,2290,102781,1043
2021-11-19,Del Norte,015,27424,3734,3637,56,3693,42
2021-11-19,El Dorado,017,186661,16543,16308,1753,18061,161
2021-11-19,Fresno,019,978130,144689,142579,13175,155754,2233
2021-11-19,Glenn,021,27897,3558,3526,1032,4558,35
2021-11-19,Humboldt,023,135768,9425,9302,639,9941,115
2021-11-19,Imperial,025,180216,34824,34312,3469,37781,766
2021-11-19,Inyo,027,18085,2517,2467,41,2508,44
2021-11-19,Kern,029,883053,131422,129488,23493,152981,1750
2021-11-19,Kings,031,150075,33176,32720,2025,34745,354
2021-11-19,Lake,033,64148,6884,6808,156,6964,110
2021-11-19,Lassen,035,31185,7023,6931,407,7338,47
2021-11-19,Los Angeles,037,10098052,1460301,1448963,55886,1504849,26741
2021-11-19,Madera,039,155013,24067,23720,2254,25974,296
2021-11-19,Marin,041,260295,17915,17774,485,18259,248
2021-11-19,Mariposa,043,17540,1409,1354,59,1413,6
2021-11-19,Mendocino,045,87422,7945,7773,650,8423,89
2021-11-19,Merced,047,269075,42963,42692,2063,44755,656
2021-11-19,Modoc,049,8938,581,550,202,752,5
2021-11-19,Mono,051,14174,1810,1767,22,1789,4
2021-11-19,Monterey,053,433212,49470,48260,3133,51393,609
2021-11-19,Napa,055,140530,13275,13184,118,13302,103
2021-11-19,Nevada,057,99092,9632,9480,338,9818,92
2021-11-19,Orange,059,3164182,312409,309672,15809,325481,5658
2021-11-19,Placer,061,380077,38250,37800,3808,41608,462
2021-11-19,Plumas,063,18699,1914,1841,43,1884,7
2021-11-19,Riverside,065,2383286,371411,365809,16716,382525,5265
2021-11-19,Sacramento,067,1510023,162891,161533,4845,166378,2316
2021-11-19,San Benito,069,59416,7569,7533,177,7710,77
2021-11-19,San Bernardino,071,2135413,362221,358322,11542,369864,5897
2021-11-19,San Diego,073,3302833,383451,380147,22414,402561,4311
2021-11-19,San Francisco,075,870044,54243,53525,2417,55942,669
2021-11-19,San Joaquin,077,732212,101896,100922,5582,106504,1832
2021-11-19,San Luis Obispo,079,281455,30335,29815,1306,31121,355
2021-11-19,San Mateo,081,765935,55265,54132,939,55071,577
2021-11-19,Santa Barbara,083,443738,45466,45074,1603,46677,544
2021-11-19,Santa Clara,085,1922200,150449,148829,1479,150308,1917
2021-11-19,Santa Cruz,087,273765,21063,20756,1028,21784,222
2021-11-19,Shasta,089,179085,22290,21968,3700,25668,383
2021-11-19,Sierra,091,2930,196,191,21,212,0
2021-11-19,Siskiyou,093,43540,3414,3313,1339,4652,54
2021-11-19,Solano,095,438530,46725,46006,1326,47332,356
2021-11-19,Sonoma,097,501317,42508,42151,551,42702,403
2021-11-19,Stanislaus,099,539301,80336,80412,9127,89539,1205
2021-11-19,Sutter,101,95872,14113,14074,378,14452,181
2021-11-19,Tehama,103,63373,8741,8648,1534,10182,125
2021-11-19,Trinity,105,12862,885,771,225,996,17
2021-11-19,Tulare,107,460477,70384,69074,15851,84925,1054
2021-11-19,Tuolumne,109,53932,7559,7511,109,7620,90
2021-11-19,Ventura,111,848112,99717,98893,4380,103273,1186
2021-11-19,Yolo,113,214977,20333,20139,1209,21348,257
2021-11-19,Yuba,115,75493,10382,10290,368,10658,88
2021-11-18,Alameda,001,1643700,121853,121059,2889,123948,1473
2021-11-18,Alpine,003,1148,103,105,0,105,0
2021-11-18,Amador,005,37829,5678,5652,68,5720,66
2021-11-18,Butte,007,227075,21522,21265,3862,25127,300
2021-11-18,Calaveras,009,45235,4308,4268,58,4326,84
2021-11-18,Colusa,011,21464,2585,2549,660,3209,19
2021-11-18,Contra Costa,013,1133247,101229,100491,2282,102773,1043
2021-11-18,Del Norte,015,27424,3731,3637,56,3693,42
2021-11-18,El Dorado,017,186661,16524,16308,1750,18058,161
2021-11-18,Fresno,019,978130,144549,142579,13165,155744,2233
2021-11-18,Glenn,021,27897,3557,3526,1031,4557,35
2021-11-18,Humboldt,023,135768,9409,9302,634,9936,115
2021-11-18,Imperial,025,180216,34770,34312,3453,37765,766
2021-11-18,Inyo,027,18085,2509,2467,41,2508,44
2021-11-18,Kern,029,883053,131278,129488,23445,152933,1750
2021-11-18,Kings,031,150075,33139,32720,2022,34742,354
2021-11-18,Lake,033,64148,6879,6808,156,6964,110
2021-11-18,Lassen,035,31185,7020,6931,402,7333,47
2021-11-18,Los Angeles,037,10098052,1459310,1448963,55823,1504786,26741
2021-11-18,Madera,039,155013,24042,23720,2250,25970,296
2021-11-18,Marin,041,260295,17899,17774,481,18255,248
2021-11-18,Mariposa,043,17540,1406,1354,59,1413,6
2021-11-18,Mendocino,045,87422,7923,7773,641,8414,89
2021-11-18,Merced,047,269075,42907,42692,2061,44753,656
2021-11-18,Modoc,049,8938,569,550,202,752,5
2021-11-18,Mono,051,14174,1802,1767,22,1789,4
2021-11-18,Monterey,053,433212,49445,48260,3128,51388,609
2021-11-18,Napa,055,140530,13263,13184,117,13301,103
2021-11-18,Nevada,057,99092,9608,9480,338,9818,92
2021-11-18,Orange,059,3164182,312173,309672,15789,325461,5658
2021-11-18,Placer,061,380077,38207,37800,3797,41597,462
2021-11-18,Plumas,063,18699,1913,1841,43,1884,7
2021-11-18,Riverside,065,2383286,371039,365809,16703,382512,5265
2021-11-18,Sacramento,067,1510023,162663,161533,4830,166363,2316
2021-11-18,San Benito,069,59416,7559,7533,177,7710,77
2021-11-18,San Bernardino,071,2135413,361786,358322,11523,369845,5897
2021-11-18,San Diego,073,3302833,382945,380147,22398,402545,4311
2021-11-18,San Francisco,075,870044,54191,53525,2413,55938,669
2021-11-18,San Joaquin,077,732212,101803,100922,5573,106495,1832
2021-11-18,San Luis Obispo,079,281455,30305,29815,1305,31120,355
2021-11-18,San Mateo,081,765935,55206,54132,936,55068,577
2021-11-18,Santa Barbara,083,443738,45420,45074,1596,46670,544
2021-11-18,Santa Clara,085,1922200,150262,148829,1471,150300,1917
2021-11-18,Santa Cruz,087,273765,21012,20756,1027,21783,222
2021-11-18,Shasta,089,179085,22254,21968,3695,25663,383
2021-11-18,Sierra,091,2930,195,191,21,212,0
2021-11-18,Siskiyou,093,43540,3414,3313,1335,4648,54
2021-11-18,Solano,095,438530,46683,46006,1323,47329,356
2021-11-18,Sonoma,097,501317,42459,42151,549,42700,403
2021-11-18,Stanislaus,099,539301,80269,80412,9119,89531,1205
2021-11-18,Sutter,101,95872,14102,14074,377,14451,181
2021-11-18,Tehama,103,63373,8736,8648,1534,10182,125
2021-11-18,Trinity,105,12862,884,771,225,996,17
2021-11-18,Tulare,107,460477,70311,69074,15803,84877,1054
2021-11-18,Tuolumne,109,53932,7549,7511,109,7620,90
2021-11-18,Ventura,111,848112,99640,98893,4376,103269,1186
2021-11-18,Yolo,113,214977,20316,20139,1205,21344,257
2021-11-18,Yuba,115,75493,10376,10290,368,10658,88
2021-11-17,Alameda,001,1643700,121731,120913,2888,123801,1472
2021-11-17,Alpine,003,1148,103,105,0,105,0
2021-11-17,Amador,005,37829,5671,5646,68,5714,66
2021-11-17,Butte,007,227075,21496,21230,3859,25089,300
2021-11-17,Calaveras,009,45235,4301,4259,58,4317,84
2021-11-17,Colusa,011,21464,2582,2546,659,3205,19
2021-11-17,Contra Costa,013,1133247,101137,100387,2278,102665,1039
2021-11-17,Del Norte,015,27424,3728,3630,56,3686,42
2021-11-17,El Dorado,017,186661,16505,16269,1749,18018,161
2021-11-17,Fresno,019,978130,144366,142366,13152,155518,2230
2021-11-17,Glenn,021,27897,3555,3527,1030,4557,34
2021-11-17,Humboldt,023,135768,9398,9270,631,9901,115
2021-11-17,Imperial,025,180216,34714,34256,3431,37687,766
2021-11-17,Inyo,027,18085,2503,2457,41,2498,44
2021-11-17,Kern,029,883053,131105,129307,23403,152710,1743
2021-11-17,Kings,031,150075,33111,32669,2018,34687,352
2021-11-17,Lake,033,64148,6875,6795,155,6950,110
2021-11-17,Lassen,035,31185,7018,6918,402,7320,47
2021-11-17,Los Angeles,037,10098052,1458206,1447947,55757,1503704,26721
2021-11-17,Madera,039,155013,24008,23673,2248,25921,287
2021-11-17,Marin,041,260295,17879,17757,479,18236,248
2021-11-17,Mariposa,043,17540,1402,1353,59,1412,6
2021-11-17,Mendocino,045,87422,7915,7735,640,8375,89
2021-11-17,Merced,047,269075,42848,42612,2056,44668,654
2021-11-17,Modoc,049,8938,565,540,202,742,5
2021-11-17,Mono,051,14174,1798,1765,22,1787,5
2021-11-17,Monterey,053,433212,49397,48221,3117,51338,609
2021-11-17,Napa,055,140530,13239,13167,117,13284,103
2021-11-17,Nevada,057,99092,9595,9447,338,9785,92
2021-11-17,Orange,059,3164182,311925,309396,15755,325151,5651
2021-11-17,Placer,061,380077,38159,37725,3788,41513,460
2021-11-17,Plumas,063,18699,1908,1833,43,1876,7
2021-11-17,Riverside,065,2383286,370628,365406,16690,382096,5229
2021-11-17,Sacramento,067,1510023,162493,161269,4822,166091,2302
2021-11-17,San Benito,069,59416,7552,7524,177,7701,77
2021-11-17,San Bernardino,071,2135413,361423,357947,11507,369454,5893
2021-11-17,San Diego,073,3302833,382447,379769,22372,402141,4301
2021-11-17,San Francisco,075,870044,54136,53469,2410,55879,667
2021-11-17,San Joaquin,077,732212,101701,100764,5568,106332,1828
2021-11-17,San Luis Obispo,079,281455,30279,29731,1302,31033,354
2021-11-17,San Mateo,081,765935,55138,54092,933,55025,577
2021-11-17,Santa Barbara,083,443738,45382,45000,1596,46596,542
2021-11-17,Santa Clara,085,1922200,150098,148626,1463,150089,1915
2021-11-17,Santa Cruz,087,273765,20977,20700,1027,21727,222
2021-11-17,Shasta,089,179085,22221,21883,3693,25576,382
2021-11-17,Sierra,091,2930,194,189,21,210,0
2021-11-17,Siskiyou,093,43540,3410,3307,1332,4639,54
2021-11-17,Solano,095,438530,46650,45948,1322,47270,353
2021-11-17,Sonoma,097,501317,42413,42093,546,42639,403
2021-11-17,Stanislaus,099,539301,80181,80276,9109,89385,1199
2021-11-17,Sutter,101,95872,14088,14064,375,14439,181
2021-11-17,Tehama,103,63373,8726,8633,1531,10164,125
2021-11-17,Trinity,105,12862,883,765,225,990,17
2021-11-17,Tulare,107,460477,70238,68977,15776,84753,1047
2021-11-17,Tuolumne,109,53932,7532,7485,109,7594,90
2021-11-17,Ventura,111,848112,99578,98812,4370,103182,1183
2021-11-17,Yolo,113,214977,20297,20100,1201,21301,257
2021-11-17,Yuba,115,75493,10364,10275,364,10639,88
2021-11-16,Alameda,001,1643700,121619,120809,2884,123693,1467
2021-11-16,Alpine,003,1148,103,105,0,105,0
2021-11-16,Amador,005,37829,5665,5644,68,5712,66
2021-11-16,Butte,007,227075,21471,21208,3854,25062,297
2021-11-16,Calaveras,009,45235,4292,4249,58,4307,83
2021-11-16,Colusa,011,21464,2576,2538,659,3197,19
2021-11-16,Contra Costa,013,1133247,101015,100320,2275,102595,1038
2021-11-16,Del Norte,015,27424,3722,3630,56,3686,42
2021-11-16,El Dorado,017,186661,16480,16248,1747,17995,159
2021-11-16,Fresno,019,978130,144179,142200,13131,155331,2218
2021-11-16,Glenn,021,27897,3554,3527,1027,4554,34
2021-11-16,Humboldt,023,135768,9377,9252,627,9879,115
2021-11-16,Imperial,025,180216,34630,34177,3417,37594,766
2021-11-16,Inyo,027,18085,2496,2449,41,2490,42
2021-11-16,Kern,029,883053,130945,129136,23342,152478,1735
2021-11-16,Kings,031,150075,33060,32614,2011,34625,350
2021-11-16,Lake,033,64148,6870,6789,155,6944,110
2021-11-16,Lassen,035,31185,7008,6915,402,7317,47
2021-11-16,Los Angeles,037,10098052,1457033,1446815,55685,1502500,26703
2021-11-16,Madera,039,155013,23970,23642,2242,25884,287
2021-11-16,Marin,041,260295,17860,17736,478,18214,248
2021-11-16,Mariposa,043,17540,1394,1349,58,1407,6
2021-11-16,Mendocino,045,87422,7873,7723,636,8359,89
2021-11-16,Merced,047,269075,42811,42578,2049,44627,653
2021-11-16,Modoc,049,8938,564,539,201,740,5
2021-11-16,Mono,051,14174,1789,1767,22,1789,4
2021-11-16,Monterey,053,433212,49367,48195,3103,51298,609
2021-11-16,Napa,055,140530,13228,13151,117,13268,103
2021-11-16,Nevada,057,99092,9578,9435,337,9772,92
2021-11-16,Orange,059,3164182,311658,309170,15720,324890,5651
2021-11-16,Placer,061,380077,38117,37676,3782,41458,459
2021-11-16,Plumas,063,18699,1899,1832,43,1875,7
2021-11-16,Riverside,065,2383286,370206,365078,16668,381746,5208
2021-11-16,Sacramento,067,1510023,162314,161102,4809,165911,2299
2021-11-16,San Benito,069,59416,7538,7513,177,7690,77
2021-11-16,San Bernardino,071,2135413,361009,357528,11455,368983,5901
2021-11-16,San Diego,073,3302833,381890,379435,22345,401780,4287
2021-11-16,San Francisco,075,870044,54063,53415,2402,55817,667
2021-11-16,San Joaquin,077,732212,101561,100637,5552,106189,1807
2021-11-16,San Luis Obispo,079,281455,30247,29703,1299,31002,356
2021-11-16,San Mateo,081,765935,55076,54034,931,54965,577
2021-11-16,Santa Barbara,083,443738,45314,44932,1593,46525,539
2021-11-16,Santa Clara,085,1922200,149918,148452,1451,149903,1916
2021-11-16,Santa Cruz,087,273765,20932,20684,1025,21709,222
2021-11-16,Shasta,089,179085,22182,21853,3689,25542,379
2021-11-16,Sierra,091,2930,194,189,21,210,0
2021-11-16,Siskiyou,093,43540,3407,3304,1330,4634,54
2021-11-16,Solano,095,438530,46610,45908,1321,47229,351
2021-11-16,Sonoma,097,501317,42364,42056,545,42601,401
2021-11-16,Stanislaus,099,539301,80086,80214,9085,89299,1196
2021-11-16,Sutter,101,95872,14076,14058,374,14432,181
2021-11-16,Tehama,103,63373,8719,8621,1524,10145,125
2021-11-16,Trinity,105,12862,883,762,224,986,17
2021-11-16,Tulare,107,460477,70158,68881,15739,84620,1039
2021-11-16,Tuolumne,109,53932,7522,7478,109,7587,90
2021-11-16,Ventura,111,848112,99503,98731,4367,103098,1183
2021-11-16,Yolo,113,214977,20258,20077,1198,21275,257
2021-11-16,Yuba,115,75493,10356,10262,362,10624,85
2021-11-15,Alameda,001,1643700,121464,120731,2879,123610,1464
2021-11-15,Alpine,003,1148,103,105,0,105,0
2021-11-15,Amador,005,37829,5661,5637,68,5705,66
2021-11-15,Butte,007,227075,21446,21182,3850,25032,296
2021-11-15,Calaveras,009,45235,4278,4237,58,4295,83
2021-11-15,Colusa,011,21464,2569,2535,656,3191,19
2021-11-15,Contra Costa,013,1133247,100908,100251,2272,102523,1038
2021-11-15,Del Norte,015,27424,3717,3630,55,3685,42
2021-11-15,El Dorado,017,186661,16456,16236,1743,17979,159
2021-11-15,Fresno,019,978130,143955,142015,13110,155125,2210
2021-11-15,Glenn,021,27897,3552,3526,1027,4553,34
2021-11-15,Humboldt,023,135768,9354,9230,619,9849,115
2021-11-15,Imperial,025,180216,34557,34130,3401,37531,766
2021-11-15,Inyo,027,18085,2491,2442,41,2483,42
2021-11-15,Kern,029,883053,130736,128928,23271,152199,1730
2021-11-15,Kings,031,150075,33026,32584,2006,34590,348
2021-11-15,Lake,033,64148,6866,6784,155,6939,109
2021-11-15,Lassen,035,31185,6997,6915,400,7315,47
2021-11-15,Los Angeles,037,10098052,1455837,1446114,55620,1501734,26677
2021-11-15,Madera,039,155013,23931,23605,2231,25836,287
2021-11-15,Marin,041,260295,17843,17723,477,18200,248
2021-11-15,Mariposa,043,17540,1393,1347,56,1403,6
2021-11-15,Mendocino,045,87422,7853,7694,630,8324,89
2021-11-15,Merced,047,269075,42753,42552,2038,44590,648
2021-11-15,Modoc,049,8938,563,538,200,738,5
2021-11-15,Mono,051,14174,1784,1763,22,1785,4
2021-11-15,Monterey,053,433212,49335,48154,3097,51251,609
2021-11-15,Napa,055,140530,13220,13143,117,13260,103
2021-11-15,Nevada,057,99092,9549,9420,336,9756,92
2021-11-15,Orange,059,3164182,311381,308859,15696,324555,5646
2021-11-15,Placer,061,380077,38053,37610,3778,41388,452
2021-11-15,Plumas,063,18699,1892,1829,43,1872,7
2021-11-15,Riverside,065,2383286,369760,364750,16649,381399,5199
2021-11-15,Sacramento,067,1510023,162094,160937,4796,165733,2293
2021-11-15,San Benito,069,59416,7533,7511,176,7687,77
2021-11-15,San Bernardino,071,2135413,360593,357306,11435,368741,5898
2021-11-15,San Diego,073,3302833,381340,378845,22320,401165,4284
2021-11-15,San Francisco,075,870044,53995,53374,2399,55773,667
2021-11-15,San Joaquin,077,732212,101407,100587,5541,106128,1799
2021-11-15,San Luis Obispo,079,281455,30204,29669,1287,30956,351
2021-11-15,San Mateo,081,765935,55023,54010,928,54938,576
2021-11-15,Santa Barbara,083,443738,45258,44879,1587,46466,539
2021-11-15,Santa Clara,085,1922200,149700,148313,1444,149757,1914
2021-11-15,Santa Cruz,087,273765,20890,20630,1024,21654,223
2021-11-15,Shasta,089,179085,22136,21779,3684,25463,374
2021-11-15,Sierra,091,2930,194,189,21,210,0
2021-11-15,Siskiyou,093,43540,3400,3302,1328,4630,54
2021-11-15,Solano,095,438530,46571,45885,1316,47201,351
2021-11-15,Sonoma,097,501317,42313,42021,544,42565,401
2021-11-15,Stanislaus,099,539301,80001,80129,9071,89200,1174
2021-11-15,Sutter,101,95872,14063,14043,373,14416,181
2021-11-15,Tehama,103,63373,8713,8615,1523,10138,125
2021-11-15,Trinity,105,12862,881,757,222,979,17
2021-11-15,Tulare,107,460477,70071,68826,15693,84519,1039
2021-11-15,Tuolumne,109,53932,7511,7461,109,7570,90
2021-11-15,Ventura,111,848112,99419,98605,4362,102967,1183
2021-11-15,Yolo,113,214977,20228,20065,1193,21258,255
2021-11-15,Yuba,115,75493,10337,10254,358,10612,85
2021-11-14,Alameda,001,1643700,121289,120629,2875,123504,1461
2021-11-14,Alpine,003,1148,102,105,0,105,0
2021-11-14,Amador,005,37829,5654,5632,67,5699,66
2021-11-14,Butte,007,227075,21415,21146,3841,24987,296
2021-11-14,Calaveras,009,45235,4267,4222,58,4280,83
2021-11-14,Colusa,011,21464,2567,2532,653,3185,19
2021-11-14,Contra Costa,013,1133247,100800,100188,2270,102458,1038
2021-11-14,Del Norte,015,27424,3714,3629,55,3684,42
2021-11-14,El Dorado,017,186661,16415,16212,1738,17950,159
2021-11-14,Fresno,019,978130,143672,141869,13077,154946,2209
2021-11-14,Glenn,021,27897,3550,3521,1027,4548,34
2021-11-14,Humboldt,023,135768,9324,9215,609,9824,115
2021-11-14,Imperial,025,180216,34454,34078,3386,37464,766
2021-11-14,Inyo,027,18085,2479,2441,41,2482,42
2021-11-14,Kern,029,883053,130496,128842,23201,152043,1730
2021-11-14,Kings,031,150075,32969,32545,1999,34544,349
2021-11-14,Lake,033,64148,6858,6777,155,6932,109
2021-11-14,Lassen,035,31185,6987,6911,399,7310,47
2021-11-14,Los Angeles,037,10098052,1454474,1445284,55543,1500827,26667
2021-11-14,Madera,039,155013,23881,23566,2222,25788,287
2021-11-14,Marin,041,260295,17828,17712,477,18189,247
2021-11-14,Mariposa,043,17540,1383,1337,52,1389,6
2021-11-14,Mendocino,045,87422,7820,7684,625,8309,89
2021-11-14,Merced,047,269075,42663,42513,2032,44545,648
2021-11-14,Modoc,049,8938,561,538,200,738,5
2021-11-14,Mono,051,14174,1772,1760,22,1782,4
2021-11-14,Monterey,053,433212,49280,48135,3079,51214,609
2021-11-14,Napa,055,140530,13202,13132,117,13249,103
2021-11-14,Nevada,057,99092,9521,9408,336,9744,92
2021-11-14,Orange,059,3164182,311062,308699,15675,324374,5646
2021-11-14,Placer,061,380077,37972,37569,3768,41337,452
2021-11-14,Plumas,063,18699,1889,1829,42,1871,7
2021-11-14,Riverside,065,2383286,369262,364490,16632,381122,5199
2021-11-14,Sacramento,067,1510023,161857,160761,4779,165540,2295
2021-11-14,San Benito,069,59416,7522,7507,175,7682,77
2021-11-14,San Bernardino,071,2135413,360014,357014,11418,368432,5897
2021-11-14,San Diego,073,3302833,380734,377633,22289,399922,4280
2021-11-14,San Francisco,075,870044,53920,53338,2394,55732,667
2021-11-14,San Joaquin,077,732212,101279,100518,5536,106054,1799
2021-11-14,San Luis Obispo,079,281455,30122,29645,1283,30928,352
2021-11-14,San Mateo,081,765935,54970,53978,926,54904,576
2021-11-14,Santa Barbara,083,443738,45179,44842,1584,46426,539
2021-11-14,Santa Clara,085,1922200,149501,148152,1436,149588,1913
2021-11-14,Santa Cruz,087,273765,20836,20609,1022,21631,223
2021-11-14,Shasta,089,179085,22084,21771,3671,25442,373
2021-11-14,Sierra,091,2930,194,189,21,210,0
2021-11-14,Siskiyou,093,43540,3391,3302,1327,4629,54
2021-11-14,Solano,095,438530,46515,45860,1309,47169,351
2021-11-14,Sonoma,097,501317,42247,41974,542,42516,401
2021-11-14,Stanislaus,099,539301,79866,80076,9054,89130,1174
2021-11-14,Sutter,101,95872,14046,14031,368,14399,181
2021-11-14,Tehama,103,63373,8703,8607,1521,10128,125
2021-11-14,Trinity,105,12862,878,754,220,974,17
2021-11-14,Tulare,107,460477,69953,68772,15635,84407,1037
2021-11-14,Tuolumne,109,53932,7493,7439,108,7547,90
2021-11-14,Ventura,111,848112,99304,98550,4361,102911,1183
2021-11-14,Yolo,113,214977,20201,20040,1187,21227,255
2021-11-14,Yuba,115,75493,10330,10238,357,10595,85
2021-11-13,Alameda,001,1643700,121215,120407,2873,123280,1454
2021-11-13,Alpine,003,1148,102,105,0,105,0
2021-11-13,Amador,005,37829,5653,5614,67,5681,66
2021-11-13,Butte,007,227075,21395,21104,3838,24942,296
2021-11-13,Calaveras,009,45235,4256,4203,58,4261,83
2021-11-13,Colusa,011,21464,2565,2522,653,3175,19
2021-11-13,Contra Costa,013,1133247,100728,100004,2264,102268,1028
2021-11-13,Del Norte,015,27424,3714,3629,55,3684,42
2021-11-13,El Dorado,017,186661,16403,16163,1735,17898,159
2021-11-13,Fresno,019,978130,143565,141452,13063,154515,2205
2021-11-13,Glenn,021,27897,3550,3514,1026,4540,34
2021-11-13,Humboldt,023,135768,9308,9177,604,9781,115
2021-11-13,Imperial,025,180216,34403,33990,3369,37359,766
2021-11-13,Inyo,027,18085,2473,2436,41,2477,42
2021-11-13,Kern,029,883053,130395,128472,23157,151629,1719
2021-11-13,Kings,031,150075,32952,32452,1998,34450,347
2021-11-13,Lake,033,64148,6853,6769,155,6924,109
2021-11-13,Lassen,035,31185,6982,6897,399,7296,47
2021-11-13,Los Angeles,037,10098052,1453812,1443088,55501,1498589,26649
2021-11-13,Madera,039,155013,23851,23462,2217,25679,287
2021-11-13,Marin,041,260295,17815,17684,475,18159,247
2021-11-13,Mariposa,043,17540,1380,1323,52,1375,6
2021-11-13,Mendocino,045,87422,7801,7652,624,8276,89
2021-11-13,Merced,047,269075,42625,42411,2029,44440,644
2021-11-13,Modoc,049,8938,560,536,200,736,5
2021-11-13,Mono,051,14174,1768,1750,22,1772,4
2021-11-13,Monterey,053,433212,49254,48087,3077,51164,609
2021-11-13,Napa,055,140530,13194,13110,117,13227,103
2021-11-13,Nevada,057,99092,9501,9369,334,9703,92
2021-11-13,Orange,059,3164182,310896,308211,15647,323858,5641
2021-11-13,Placer,061,380077,37922,37453,3765,41218,445
2021-11-13,Plumas,063,18699,1886,1828,42,1870,8
2021-11-13,Riverside,065,2383286,368956,363801,16625,380426,5187
2021-11-13,Sacramento,067,1510023,161720,160397,4766,165163,2291
2021-11-13,San Benito,069,59416,7509,7491,174,7665,77
2021-11-13,San Bernardino,071,2135413,359762,356325,11411,367736,5873
2021-11-13,San Diego,073,3302833,380397,377633,22261,399894,4280
2021-11-13,San Francisco,075,870044,53888,53195,2393,55588,667
2021-11-13,San Joaquin,077,732212,101223,100263,5527,105790,1799
2021-11-13,San Luis Obispo,079,281455,30092,29589,1281,30870,351
2021-11-13,San Mateo,081,765935,54932,53853,925,54778,574
2021-11-13,Santa Barbara,083,443738,45146,44734,1584,46318,537
2021-11-13,Santa Clara,085,1922200,149383,147821,1431,149252,1905
2021-11-13,Santa Cruz,087,273765,20821,20565,1021,21586,223
2021-11-13,Shasta,089,179085,22053,21713,3667,25380,366
2021-11-13,Sierra,091,2930,193,188,21,209,0
2021-11-13,Siskiyou,093,43540,3382,3299,1326,4625,54
2021-11-13,Solano,095,438530,46486,45774,1305,47079,350
2021-11-13,Sonoma,097,501317,42213,41882,541,42423,399
2021-11-13,Stanislaus,099,539301,79791,79872,9040,88912,1174
2021-11-13,Sutter,101,95872,14036,14017,367,14384,181
2021-11-13,Tehama,103,63373,8697,8592,1517,10109,125
2021-11-13,Trinity,105,12862,877,749,220,969,17
2021-11-13,Tulare,107,460477,69887,68619,15612,84231,1033
2021-11-13,Tuolumne,109,53932,7476,7392,108,7500,90
2021-11-13,Ventura,111,848112,99246,98452,4358,102810,1183
2021-11-13,Yolo,113,214977,20187,20009,1182,21191,255
2021-11-13,Yuba,115,75493,10320,10218,355,10573,85
2021-11-12,Alameda,001,1643700,121132,120407,2870,123277,1454
2021-11-12,Alpine,003,1148,102,105,0,105,0
2021-11-12,Amador,005,37829,5647,5614,66,5680,66
2021-11-12,Butte,007,227075,21378,21104,3834,24938,296
2021-11-12,Calaveras,009,45235,4245,4203,58,4261,83
2021-11-12,Colusa,011,21464,2561,2522,652,3174,19
2021-11-12,Contra Costa,013,1133247,100673,100004,2263,102267,1028
2021-11-12,Del Norte,015,27424,3714,3629,55,3684,42
2021-11-12,El Dorado,017,186661,16384,16163,1734,17897,159
2021-11-12,Fresno,019,978130,143422,141452,13049,154501,2205
2021-11-12,Glenn,021,27897,3547,3514,1025,4539,34
2021-11-12,Humboldt,023,135768,9301,9177,602,9779,115
2021-11-12,Imperial,025,180216,34377,33990,3359,37349,766
2021-11-12,Inyo,027,18085,2469,2436,41,2477,42
2021-11-12,Kern,029,883053,130258,128472,23125,151597,1719
2021-11-12,Kings,031,150075,32926,32452,1996,34448,347
2021-11-12,Lake,033,64148,6849,6769,155,6924,109
2021-11-12,Lassen,035,31185,6978,6897,398,7295,47
2021-11-12,Los Angeles,037,10098052,1453083,1443088,55456,1498544,26649
2021-11-12,Madera,039,155013,23822,23462,2212,25674,287
2021-11-12,Marin,041,260295,17799,17684,474,18158,247
2021-11-12,Mariposa,043,17540,1373,1323,52,1375,6
2021-11-12,Mendocino,045,87422,7789,7652,621,8273,89
2021-11-12,Merced,047,269075,42596,42411,2027,44438,644
2021-11-12,Modoc,049,8938,559,536,200,736,5
2021-11-12,Mono,051,14174,1766,1750,22,1772,4
2021-11-12,Monterey,053,433212,49222,48087,3071,51158,609
2021-11-12,Napa,055,140530,13185,13110,117,13227,103
2021-11-12,Nevada,057,99092,9487,9369,333,9702,92
2021-11-12,Orange,059,3164182,310708,308211,15629,323840,5641
2021-11-12,Placer,061,380077,37882,37453,3762,41215,445
2021-11-12,Plumas,063,18699,1880,1828,42,1870,8
2021-11-12,Riverside,065,2383286,368689,363801,16621,380422,5187
2021-11-12,Sacramento,067,1510023,161561,160397,4761,165158,2291
2021-11-12,San Benito,069,59416,7509,7491,174,7665,77
2021-11-12,San Bernardino,071,2135413,359454,356325,11400,367725,5873
2021-11-12,San Diego,073,3302833,380022,377633,22239,399872,4280
2021-11-12,San Francisco,075,870044,53853,53195,2389,55584,667
2021-11-12,San Joaquin,077,732212,101178,100263,5521,105784,1799
2021-11-12,San Luis Obispo,079,281455,30063,29589,1280,30869,351
2021-11-12,San Mateo,081,765935,54882,53853,922,54775,574
2021-11-12,Santa Barbara,083,443738,45091,44734,1583,46317,537
2021-11-12,Santa Clara,085,1922200,149241,147821,1426,149247,1905
2021-11-12,Santa Cruz,087,273765,20794,20565,1019,21584,223
2021-11-12,Shasta,089,179085,22021,21713,3664,25377,366
2021-11-12,Sierra,091,2930,192,188,21,209,0
2021-11-12,Siskiyou,093,43540,3381,3299,1324,4623,54
2021-11-12,Solano,095,438530,46459,45774,1301,47075,350
2021-11-12,Sonoma,097,501317,42173,41882,541,42423,399
2021-11-12,Stanislaus,099,539301,79739,79872,9032,88904,1174
2021-11-12,Sutter,101,95872,14029,14017,367,14384,181
2021-11-12,Tehama,103,63373,8693,8592,1516,10108,125
2021-11-12,Trinity,105,12862,870,749,220,969,17
2021-11-12,Tulare,107,460477,69845,68619,15577,84196,1033
2021-11-12,Tuolumne,109,53932,7463,7392,107,7499,90
2021-11-12,Ventura,111,848112,99181,98452,4357,102809,1183
2021-11-12,Yolo,113,214977,20173,20009,1176,21185,255
2021-11-12,Yuba,115,75493,10311,10218,354,10572,85
2021-11-11,Alameda,001,1643700,121016,120147,2862,123009,1453
2021-11-11,Alpine,003,1148,102,105,0,105,0
2021-11-11,Amador,005,37829,5644,5603,65,5668,66
2021-11-11,Butte,007,227075,21335,21047,3829,24876,293
2021-11-11,Calaveras,009,45235,4227,4179,58,4237,83
2021-11-11,Colusa,011,21464,2553,2518,650,3168,19
2021-11-11,Contra Costa,013,1133247,100568,99808,2258,102066,1028
2021-11-11,Del Norte,015,27424,3712,3622,55,3677,42
2021-11-11,El Dorado,017,186661,16350,16085,1731,17816,159
2021-11-11,Fresno,019,978130,143217,140833,13015,153848,2202
2021-11-11,Glenn,021,27897,3545,3503,1025,4528,34
2021-11-11,Humboldt,023,135768,9278,9125,599,9724,115
2021-11-11,Imperial,025,180216,34308,33844,3337,37181,766
2021-11-11,Inyo,027,18085,2464,2428,41,2469,42
2021-11-11,Kern,029,883053,130074,128023,23061,151084,1709
2021-11-11,Kings,031,150075,32875,32318,1994,34312,345
2021-11-11,Lake,033,64148,6842,6745,155,6900,107
2021-11-11,Lassen,035,31185,6972,6875,398,7273,47
2021-11-11,Los Angeles,037,10098052,1451985,1440436,55397,1495833,26614
2021-11-11,Madera,039,155013,23775,23316,2204,25520,287
2021-11-11,Marin,041,260295,17789,17639,474,18113,247
2021-11-11,Mariposa,043,17540,1363,1317,52,1369,6
2021-11-11,Mendocino,045,87422,7774,7612,612,8224,89
2021-11-11,Merced,047,269075,42540,42292,2024,44316,643
2021-11-11,Modoc,049,8938,557,536,200,736,5
2021-11-11,Mono,051,14174,1762,1743,22,1765,4
2021-11-11,Monterey,053,433212,49187,48008,3059,51067,609
2021-11-11,Napa,055,140530,13177,13075,117,13192,103
2021-11-11,Nevada,057,99092,9465,9308,333,9641,92
2021-11-11,Orange,059,3164182,310434,307674,15591,323265,5633
2021-11-11,Placer,061,380077,37831,37333,3754,41087,440
2021-11-11,Plumas,063,18699,1876,1814,42,1856,7
2021-11-11,Riverside,065,2383286,368256,362930,16603,379533,5175
2021-11-11,Sacramento,067,1510023,161348,159962,4742,164704,2289
2021-11-11,San Benito,069,59416,7501,7473,174,7647,76
2021-11-11,San Bernardino,071,2135413,359026,355413,11387,366800,5849
2021-11-11,San Diego,073,3302833,379507,376428,22216,398644,4272
2021-11-11,San Francisco,075,870044,53794,53063,2387,55450,666
2021-11-11,San Joaquin,077,732212,101083,99937,5506,105443,1799
2021-11-11,San Luis Obispo,079,281455,30012,29532,1278,30810,351
2021-11-11,San Mateo,081,765935,54833,53722,917,54639,574
2021-11-11,Santa Barbara,083,443738,45033,44603,1580,46183,534
2021-11-11,Santa Clara,085,1922200,149059,147458,1420,148878,1901
2021-11-11,Santa Cruz,087,273765,20749,20479,1019,21498,222
2021-11-11,Shasta,089,179085,21974,21600,3662,25262,364
2021-11-11,Sierra,091,2930,191,186,21,207,0
2021-11-11,Siskiyou,093,43540,3375,3297,1323,4620,53
2021-11-11,Solano,095,438530,46422,45679,1300,46979,350
2021-11-11,Sonoma,097,501317,42136,41774,541,42315,395
2021-11-11,Stanislaus,099,539301,79656,79570,9017,88587,1166
2021-11-11,Sutter,101,95872,14015,13993,366,14359,181
2021-11-11,Tehama,103,63373,8681,8565,1514,10079,125
2021-11-11,Trinity,105,12862,869,748,220,968,17
2021-11-11,Tulare,107,460477,69752,68367,15541,83908,1028
2021-11-11,Tuolumne,109,53932,7450,7354,107,7461,90
2021-11-11,Ventura,111,848112,99103,98297,4350,102647,1182
2021-11-11,Yolo,113,214977,20146,19946,1174,21120,255
2021-11-11,Yuba,115,75493,10295,10191,354,10545,85
2021-11-10,Alameda,001,1643700,120907,120147,2852,122999,1453
2021-11-10,Alpine,003,1148,102,105,0,105,0
2021-11-10,Amador,005,37829,5638,5603,65,5668,66
2021-11-10,Butte,007,227075,21309,21047,3825,24872,293
2021-11-10,Calaveras,009,45235,4216,4179,58,4237,83
2021-11-10,Colusa,011,21464,2547,2518,650,3168,19
2021-11-10,Contra Costa,013,1133247,100485,99808,2254,102062,1028
2021-11-10,Del Norte,015,27424,3711,3622,55,3677,42
2021-11-10,El Dorado,017,186661,16334,16085,1730,17815,159
2021-11-10,Fresno,019,978130,143038,140833,13001,153834,2202
2021-11-10,Glenn,021,27897,3545,3503,1024,4527,34
2021-11-10,Humboldt,023,135768,9260,9125,599,9724,115
2021-11-10,Imperial,025,180216,34259,33844,3318,37162,766
2021-11-10,Inyo,027,18085,2457,2428,41,2469,42
2021-11-10,Kern,029,883053,129925,128023,23005,151028,1709
2021-11-10,Kings,031,150075,32842,32318,1992,34310,345
2021-11-10,Lake,033,64148,6832,6745,155,6900,107
2021-11-10,Lassen,035,31185,6967,6875,398,7273,47
2021-11-10,Los Angeles,037,10098052,1451030,1440436,55338,1495774,26614
2021-11-10,Madera,039,155013,23726,23316,2198,25514,287
2021-11-10,Marin,041,260295,17776,17639,472,18111,247
2021-11-10,Mariposa,043,17540,1357,1317,52,1369,6
2021-11-10,Mendocino,045,87422,7762,7612,611,8223,89
2021-11-10,Merced,047,269075,42505,42292,2022,44314,643
2021-11-10,Modoc,049,8938,556,536,199,735,5
2021-11-10,Mono,051,14174,1760,1743,22,1765,4
2021-11-10,Monterey,053,433212,49153,48008,3047,51055,609
2021-11-10,Napa,055,140530,13163,13075,116,13191,103
2021-11-10,Nevada,057,99092,9458,9308,331,9639,92
2021-11-10,Orange,059,3164182,310171,307674,15559,323233,5633
2021-11-10,Placer,061,380077,37785,37333,3747,41080,440
2021-11-10,Plumas,063,18699,1870,1814,41,1855,7
2021-11-10,Riverside,065,2383286,367875,362930,16597,379527,5175
2021-11-10,Sacramento,067,1510023,161193,159962,4732,164694,2289
2021-11-10,San Benito,069,59416,7493,7473,174,7647,76
2021-11-10,San Bernardino,071,2135413,358689,355413,11380,366793,5849
2021-11-10,San Diego,073,3302833,379091,376428,22194,398622,4272
2021-11-10,San Francisco,075,870044,53733,53063,2384,55447,666
2021-11-10,San Joaquin,077,732212,100976,99937,5500,105437,1799
2021-11-10,San Luis Obispo,079,281455,29981,29532,1277,30809,351
2021-11-10,San Mateo,081,765935,54779,53722,916,54638,574
2021-11-10,Santa Barbara,083,443738,44995,44603,1579,46182,534
2021-11-10,Santa Clara,085,1922200,148912,147458,1414,148872,1901
2021-11-10,Santa Cruz,087,273765,20722,20479,1018,21497,222
2021-11-10,Shasta,089,179085,21938,21600,3660,25260,364
2021-11-10,Sierra,091,2930,190,186,21,207,0
2021-11-10,Siskiyou,093,43540,3373,3297,1323,4620,53
2021-11-10,Solano,095,438530,46392,45679,1298,46977,350
2021-11-10,Sonoma,097,501317,42085,41774,541,42315,395
2021-11-10,Stanislaus,099,539301,79555,79570,9001,88571,1166
2021-11-10,Sutter,101,95872,14007,13993,366,14359,181
2021-11-10,Tehama,103,63373,8669,8565,1508,10073,125
2021-11-10,Trinity,105,12862,865,748,219,967,17
2021-11-10,Tulare,107,460477,69692,68367,15500,83867,1028
2021-11-10,Tuolumne,109,53932,7426,7354,107,7461,90
2021-11-10,Ventura,111,848112,99032,98297,4350,102647,1182
2021-11-10,Yolo,113,214977,20127,19946,1173,21119,255
2021-11-10,Yuba,115,75493,10286,10191,354,10545,85
2021-11-09,Alameda,001,1643700,120769,120051,2842,122893,1450
2021-11-09,Alpine,003,1148,102,105,0,105,0
2021-11-09,Amador,005,37829,5634,5596,65,5661,66
2021-11-09,Butte,007,227075,21288,21022,3822,24844,291
2021-11-09,Calaveras,009,45235,4212,4174,58,4232,84
2021-11-09,Colusa,011,21464,2542,2517,649,3166,19
2021-11-09,Contra Costa,013,1133247,100390,99732,2246,101978,1028
2021-11-09,Del Norte,015,27424,3710,3620,55,3675,42
2021-11-09,El Dorado,017,186661,16296,16073,1725,17798,160
2021-11-09,Fresno,019,978130,142795,140666,12986,153652,2188
2021-11-09,Glenn,021,27897,3540,3499,1024,4523,34
2021-11-09,Humboldt,023,135768,9239,9112,594,9706,115
2021-11-09,Imperial,025,180216,34207,33751,3304,37055,766
2021-11-09,Inyo,027,18085,2453,2404,41,2445,42
2021-11-09,Kern,029,883053,129680,127901,22943,150844,1694
2021-11-09,Kings,031,150075,32775,32279,1988,34267,344
2021-11-09,Lake,033,64148,6823,6743,155,6898,106
2021-11-09,Lassen,035,31185,6955,6846,398,7244,47
2021-11-09,Los Angeles,037,10098052,1449783,1439125,55275,1494400,26581
2021-11-09,Madera,039,155013,23676,23285,2189,25474,287
2021-11-09,Marin,041,260295,17757,17630,470,18100,247
2021-11-09,Mariposa,043,17540,1349,1317,51,1368,5
2021-11-09,Mendocino,045,87422,7739,7598,605,8203,85
2021-11-09,Merced,047,269075,42464,42251,2016,44267,613
2021-11-09,Modoc,049,8938,555,536,197,733,5
2021-11-09,Mono,051,14174,1755,1738,22,1760,4
2021-11-09,Monterey,053,433212,49117,47975,3023,50998,609
2021-11-09,Napa,055,140530,13145,13051,116,13167,103
2021-11-09,Nevada,057,99092,9439,9288,331,9619,92
2021-11-09,Orange,059,3164182,309886,307412,15531,322943,5621
2021-11-09,Placer,061,380077,37731,37291,3730,41021,440
2021-11-09,Plumas,063,18699,1868,1802,41,1843,7
2021-11-09,Riverside,065,2383286,367410,362557,16582,379139,5160
2021-11-09,Sacramento,067,1510023,160952,159856,4722,164578,2286
2021-11-09,San Benito,069,59416,7483,7471,173,7644,76
2021-11-09,San Bernardino,071,2135413,358242,354972,11363,366335,5839
2021-11-09,San Diego,073,3302833,378584,375997,22168,398165,4272
2021-11-09,San Francisco,075,870044,53660,52996,2378,55374,666
2021-11-09,San Joaquin,077,732212,100801,99848,5487,105335,1794
2021-11-09,San Luis Obispo,079,281455,29938,29488,1276,30764,350
2021-11-09,San Mateo,081,765935,54732,53697,906,54603,574
2021-11-09,Santa Barbara,083,443738,44928,44579,1572,46151,533
2021-11-09,Santa Clara,085,1922200,148706,147281,1407,148688,1901
2021-11-09,Santa Cruz,087,273765,20688,20463,1017,21480,222
2021-11-09,Shasta,089,179085,21883,21558,3655,25213,364
2021-11-09,Sierra,091,2930,190,186,21,207,0
2021-11-09,Siskiyou,093,43540,3371,3295,1321,4616,52
2021-11-09,Solano,095,438530,46337,45639,1297,46936,350
2021-11-09,Sonoma,097,501317,42028,41727,539,42266,395
2021-11-09,Stanislaus,099,539301,79449,79505,8984,88489,1165
2021-11-09,Sutter,101,95872,13992,13988,364,14352,180
2021-11-09,Tehama,103,63373,8651,8555,1506,10061,125
2021-11-09,Trinity,105,12862,864,746,219,965,17
2021-11-09,Tulare,107,460477,69586,68298,15460,83758,1024
2021-11-09,Tuolumne,109,53932,7406,7347,107,7454,90
2021-11-09,Ventura,111,848112,98953,98202,4345,102547,1182
2021-11-09,Yolo,113,214977,20103,19931,1169,21100,255
2021-11-09,Yuba,115,75493,10269,10175,348,10523,85
2021-11-08,Alameda,001,1643700,120627,119983,2836,122819,1447
2021-11-08,Alpine,003,1148,102,105,0,105,0
2021-11-08,Amador,005,37829,5628,5590,65,5655,66
2021-11-08,Butte,007,227075,21260,21000,3814,24814,288
2021-11-08,Calaveras,009,45235,4204,4166,58,4224,82
2021-11-08,Colusa,011,21464,2541,2514,648,3162,19
2021-11-08,Contra Costa,013,1133247,100287,99669,2242,101911,1028
2021-11-08,Del Norte,015,27424,3706,3619,55,3674,42
2021-11-08,El Dorado,017,186661,16277,16055,1720,17775,156
2021-11-08,Fresno,019,978130,142494,140466,12964,153430,2179
2021-11-08,Glenn,021,27897,3537,3496,1020,4516,34
2021-11-08,Humboldt,023,135768,9212,9095,584,9679,109
2021-11-08,Imperial,025,180216,34127,33690,3286,36976,766
2021-11-08,Inyo,027,18085,2446,2398,41,2439,41
2021-11-08,Kern,029,883053,129444,127722,22860,150582,1692
2021-11-08,Kings,031,150075,32729,32248,1987,34235,344
2021-11-08,Lake,033,64148,6817,6737,155,6892,106
2021-11-08,Lassen,035,31185,6948,6830,396,7226,46
2021-11-08,Los Angeles,037,10098052,1448442,1438322,55215,1493537,26575
2021-11-08,Madera,039,155013,23627,23253,2178,25431,287
2021-11-08,Marin,041,260295,17740,17617,467,18084,247
2021-11-08,Mariposa,043,17540,1341,1316,50,1366,5
2021-11-08,Mendocino,045,87422,7726,7581,599,8180,85
2021-11-08,Merced,047,269075,42395,42224,2006,44230,607
2021-11-08,Modoc,049,8938,554,529,197,726,5
2021-11-08,Mono,051,14174,1751,1739,22,1761,4
2021-11-08,Monterey,053,433212,49076,47942,3002,50944,602
2021-11-08,Napa,055,140530,13131,13045,116,13161,103
2021-11-08,Nevada,057,99092,9420,9278,329,9607,92
2021-11-08,Orange,059,3164182,309613,307156,15500,322656,5616
2021-11-08,Placer,061,380077,37678,37250,3727,40977,439
2021-11-08,Plumas,063,18699,1867,1788,40,1828,7
2021-11-08,Riverside,065,2383286,366955,362201,16568,378769,5152
2021-11-08,Sacramento,067,1510023,160736,159735,4702,164437,2275
2021-11-08,San Benito,069,59416,7481,7461,173,7634,75
2021-11-08,San Bernardino,071,2135413,357734,354741,11345,366086,5836
2021-11-08,San Diego,073,3302833,377995,375557,22121,397678,4259
2021-11-08,San Francisco,075,870044,53607,52942,2372,55314,666
2021-11-08,San Joaquin,077,732212,100687,99736,5485,105221,1794
2021-11-08,San Luis Obispo,079,281455,29886,29464,1271,30735,350
2021-11-08,San Mateo,081,765935,54659,53658,901,54559,574
2021-11-08,Santa Barbara,083,443738,44874,44548,1571,46119,532
2021-11-08,Santa Clara,085,1922200,148478,147183,1401,148584,1899
2021-11-08,Santa Cruz,087,273765,20659,20435,1017,21452,222
2021-11-08,Shasta,089,179085,21836,21504,3649,25153,354
2021-11-08,Sierra,091,2930,190,183,21,204,0
2021-11-08,Siskiyou,093,43540,3367,3290,1310,4600,50
2021-11-08,Solano,095,438530,46296,45613,1293,46906,350
2021-11-08,Sonoma,097,501317,41960,41669,537,42206,395
2021-11-08,Stanislaus,099,539301,79297,79417,8970,88387,1150
2021-11-08,Sutter,101,95872,13984,13976,360,14336,180
2021-11-08,Tehama,103,63373,8642,8534,1506,10040,123
2021-11-08,Trinity,105,12862,864,743,218,961,13
2021-11-08,Tulare,107,460477,69469,68199,15422,83621,1020
2021-11-08,Tuolumne,109,53932,7387,7328,106,7434,90
2021-11-08,Ventura,111,848112,98860,98144,4343,102487,1182
2021-11-08,Yolo,113,214977,20065,19916,1164,21080,255
2021-11-08,Yuba,115,75493,10258,10172,345,10517,83
2021-11-07,Alameda,001,1643700,120470,119902,2830,122732,1444
2021-11-07,Alpine,003,1148,102,105,0,105,0
2021-11-07,Amador,005,37829,5620,5580,63,5643,66
2021-11-07,Butte,007,227075,21220,20969,3805,24774,288
2021-11-07,Calaveras,009,45235,4177,4158,57,4215,82
2021-11-07,Colusa,011,21464,2535,2511,646,3157,19
2021-11-07,Contra Costa,013,1133247,100175,99596,2233,101829,1028
2021-11-07,Del Norte,015,27424,3704,3617,55,3672,42
2021-11-07,El Dorado,017,186661,16240,16040,1717,17757,156
2021-11-07,Fresno,019,978130,142151,140263,12936,153199,2179
2021-11-07,Glenn,021,27897,3530,3493,1019,4512,34
2021-11-07,Humboldt,023,135768,9187,9074,580,9654,109
2021-11-07,Imperial,025,180216,34054,33674,3267,36941,766
2021-11-07,Inyo,027,18085,2433,2394,41,2435,41
2021-11-07,Kern,029,883053,129171,127583,22768,150351,1692
2021-11-07,Kings,031,150075,32639,32221,1984,34205,343
2021-11-07,Lake,033,64148,6801,6734,154,6888,106
2021-11-07,Lassen,035,31185,6939,6819,392,7211,46
2021-11-07,Los Angeles,037,10098052,1446950,1437314,55138,1492452,26573
2021-11-07,Madera,039,155013,23582,23225,2170,25395,287
2021-11-07,Marin,041,260295,17720,17594,466,18060,247
2021-11-07,Mariposa,043,17540,1339,1306,50,1356,5
2021-11-07,Mendocino,045,87422,7698,7567,595,8162,85
2021-11-07,Merced,047,269075,42316,42186,1975,44161,607
2021-11-07,Modoc,049,8938,551,528,196,724,5
2021-11-07,Mono,051,14174,1745,1739,22,1761,4
2021-11-07,Monterey,053,433212,49024,47924,2997,50921,602
2021-11-07,Napa,055,140530,13110,13041,116,13157,103
2021-11-07,Nevada,057,99092,9372,9254,329,9583,92
2021-11-07,Orange,059,3164182,309288,306954,15462,322416,5616
2021-11-07,Placer,061,380077,37602,37202,3712,40914,439
2021-11-07,Plumas,063,18699,1860,1787,39,1826,7
2021-11-07,Riverside,065,2383286,366420,361960,16548,378508,5152
2021-11-07,Sacramento,067,1510023,160504,159549,4685,164234,2277
2021-11-07,San Benito,069,59416,7468,7460,173,7633,75
2021-11-07,San Bernardino,071,2135413,357228,354488,11322,365810,5832
2021-11-07,San Diego,073,3302833,377407,375165,22088,397253,4250
2021-11-07,San Francisco,075,870044,53523,52868,2366,55234,666
2021-11-07,San Joaquin,077,732212,100502,99696,5479,105175,1794
2021-11-07,San Luis Obispo,079,281455,29835,29454,1267,30721,350
2021-11-07,San Mateo,081,765935,54600,53600,899,54499,574
2021-11-07,Santa Barbara,083,443738,44811,44501,1570,46071,532
2021-11-07,Santa Clara,085,1922200,148275,147054,1388,148442,1898
2021-11-07,Santa Cruz,087,273765,20601,20397,1016,21413,222
2021-11-07,Shasta,089,179085,21788,21479,3643,25122,354
2021-11-07,Sierra,091,2930,188,183,21,204,0
2021-11-07,Siskiyou,093,43540,3361,3289,1308,4597,51
2021-11-07,Solano,095,438530,46241,45582,1286,46868,350
2021-11-07,Sonoma,097,501317,41910,41630,536,42166,395
2021-11-07,Stanislaus,099,539301,79142,79351,8949,88300,1150
2021-11-07,Sutter,101,95872,13971,13964,357,14321,180
2021-11-07,Tehama,103,63373,8618,8528,1504,10032,121
2021-11-07,Trinity,105,12862,863,742,217,959,13
2021-11-07,Tulare,107,460477,69316,68145,15379,83524,1020
2021-11-07,Tuolumne,109,53932,7369,7300,104,7404,90
2021-11-07,Ventura,111,848112,98768,98085,4341,102426,1182
2021-11-07,Yolo,113,214977,20044,19899,1159,21058,255
2021-11-07,Yuba,115,75493,10241,10162,340,10502,83
2021-11-06,Alameda,001,1643700,120407,119499,2827,122326,1436
2021-11-06,Alpine,003,1148,102,105,0,105,0
2021-11-06,Amador,005,37829,5614,5557,63,5620,66
2021-11-06,Butte,007,227075,21200,20796,3801,24597,288
2021-11-06,Calaveras,009,45235,4169,4105,57,4162,82
2021-11-06,Colusa,011,21464,2534,2501,645,3146,19
2021-11-06,Contra Costa,013,1133247,100120,99282,2231,101513,1025
2021-11-06,Del Norte,015,27424,3701,3607,55,3662,42
2021-11-06,El Dorado,017,186661,16223,15958,1717,17675,156
2021-11-06,Fresno,019,978130,142032,139249,12931,152180,2170
2021-11-06,Glenn,021,27897,3527,3479,1019,4498,33
2021-11-06,Humboldt,023,135768,9175,8972,576,9548,109
2021-11-06,Imperial,025,180216,34008,33471,3261,36732,766
2021-11-06,Inyo,027,18085,2427,2353,41,2394,41
2021-11-06,Kern,029,883053,129038,126848,22715,149563,1684
2021-11-06,Kings,031,150075,32606,32018,1979,33997,342
2021-11-06,Lake,033,64148,6799,6695,154,6849,106
2021-11-06,Lassen,035,31185,6934,6796,391,7187,46
2021-11-06,Los Angeles,037,10098052,1446175,1433081,55095,1488176,26533
2021-11-06,Madera,039,155013,23546,22994,2160,25154,287
2021-11-06,Marin,041,260295,17701,17520,463,17983,247
2021-11-06,Mariposa,043,17540,1337,1282,50,1332,5
2021-11-06,Mendocino,045,87422,7676,7486,595,8081,85
2021-11-06,Merced,047,269075,42292,41958,1967,43925,604
2021-11-06,Modoc,049,8938,550,523,196,719,5
2021-11-06,Mono,051,14174,1743,1725,22,1747,4
2021-11-06,Monterey,053,433212,48992,47830,2987,50817,602
2021-11-06,Napa,055,140530,13100,12950,116,13066,103
2021-11-06,Nevada,057,99092,9350,9169,328,9497,91
2021-11-06,Orange,059,3164182,309081,306049,15436,321485,5611
2021-11-06,Placer,061,380077,37561,36967,3709,40676,438
2021-11-06,Plumas,063,18699,1856,1755,38,1793,7
2021-11-06,Riverside,065,2383286,366102,360584,16539,377123,5138
2021-11-06,Sacramento,067,1510023,160411,158766,4680,163446,2263
2021-11-06,San Benito,069,59416,7461,7429,173,7602,75
2021-11-06,San Bernardino,071,2135413,356957,353142,11318,364460,5813
2021-11-06,San Diego,073,3302833,377059,373423,22070,395493,4246
2021-11-06,San Francisco,075,870044,53470,52556,2363,54919,666
2021-11-06,San Joaquin,077,732212,100445,99372,5478,104850,1782
2021-11-06,San Luis Obispo,079,281455,29807,29335,1263,30598,350
2021-11-06,San Mateo,081,765935,54566,53442,898,54340,574
2021-11-06,Santa Barbara,083,443738,44775,44301,1569,45870,532
2021-11-06,Santa Clara,085,1922200,148130,146519,1383,147902,1894
2021-11-06,Santa Cruz,087,273765,20582,20311,1014,21325,222
2021-11-06,Shasta,089,179085,21769,21281,3638,24919,349
2021-11-06,Sierra,091,2930,188,181,21,202,0
2021-11-06,Siskiyou,093,43540,3361,3279,1306,4585,48
2021-11-06,Solano,095,438530,46211,45465,1285,46750,350
2021-11-06,Sonoma,097,501317,41860,41398,535,41933,395
2021-11-06,Stanislaus,099,539301,79074,78902,8941,87843,1193
2021-11-06,Sutter,101,95872,13967,13908,356,14264,180
2021-11-06,Tehama,103,63373,8607,8474,1502,9976,120
2021-11-06,Trinity,105,12862,860,732,217,949,11
2021-11-06,Tulare,107,460477,69266,67767,15350,83117,1010
2021-11-06,Tuolumne,109,53932,7356,7245,104,7349,90
2021-11-06,Ventura,111,848112,98702,97770,4336,102106,1180
2021-11-06,Yolo,113,214977,20027,19827,1155,20982,255
2021-11-06,Yuba,115,75493,10227,10107,340,10447,83
2021-11-05,Alameda,001,1643700,120324,119499,2825,122324,1436
2021-11-05,Alpine,003,1148,102,105,0,105,0
2021-11-05,Amador,005,37829,5609,5557,63,5620,66
2021-11-05,Butte,007,227075,21187,20796,3800,24596,288
2021-11-05,Calaveras,009,45235,4164,4105,57,4162,82
2021-11-05,Colusa,011,21464,2534,2501,644,3145,19
2021-11-05,Contra Costa,013,1133247,100055,99282,2229,101511,1025
2021-11-05,Del Norte,015,27424,3699,3607,55,3662,42
2021-11-05,El Dorado,017,186661,16205,15958,1711,17669,156
2021-11-05,Fresno,019,978130,141854,139249,12920,152169,2170
2021-11-05,Glenn,021,27897,3527,3479,1018,4497,33
2021-11-05,Humboldt,023,135768,9161,8972,576,9548,109
2021-11-05,Imperial,025,180216,33973,33471,3258,36729,766
2021-11-05,Inyo,027,18085,2419,2353,41,2394,41
2021-11-05,Kern,029,883053,128911,126848,22659,149507,1684
2021-11-05,Kings,031,150075,32582,32018,1978,33996,342
2021-11-05,Lake,033,64148,6793,6695,154,6849,106
2021-11-05,Lassen,035,31185,6930,6796,390,7186,46
2021-11-05,Los Angeles,037,10098052,1445356,1433081,55057,1488138,26533
2021-11-05,Madera,039,155013,23508,22994,2159,25153,287
2021-11-05,Marin,041,260295,17679,17520,462,17982,247
2021-11-05,Mariposa,043,17540,1334,1282,49,1331,5
2021-11-05,Mendocino,045,87422,7665,7486,594,8080,85
2021-11-05,Merced,047,269075,42266,41958,1958,43916,604
2021-11-05,Modoc,049,8938,550,523,196,719,5
2021-11-05,Mono,051,14174,1742,1725,22,1747,4
2021-11-05,Monterey,053,433212,48962,47830,2985,50815,602
2021-11-05,Napa,055,140530,13078,12950,116,13066,103
2021-11-05,Nevada,057,99092,9337,9169,328,9497,91
2021-11-05,Orange,059,3164182,308884,306049,15414,321463,5611
2021-11-05,Placer,061,380077,37534,36967,3699,40666,438
2021-11-05,Plumas,063,18699,1848,1755,38,1793,7
2021-11-05,Riverside,065,2383286,365761,360584,16529,377113,5138
2021-11-05,Sacramento,067,1510023,160289,158766,4674,163440,2263
2021-11-05,San Benito,069,59416,7459,7429,172,7601,75
2021-11-05,San Bernardino,071,2135413,356627,353142,11307,364449,5813
2021-11-05,San Diego,073,3302833,376694,373423,22058,395481,4246
2021-11-05,San Francisco,075,870044,53419,52556,2360,54916,666
2021-11-05,San Joaquin,077,732212,100392,99372,5469,104841,1782
2021-11-05,San Luis Obispo,079,281455,29784,29335,1263,30598,350
2021-11-05,San Mateo,081,765935,54524,53442,896,54338,574
2021-11-05,Santa Barbara,083,443738,44730,44301,1568,45869,532
2021-11-05,Santa Clara,085,1922200,147992,146519,1382,147901,1894
2021-11-05,Santa Cruz,087,273765,20558,20311,1013,21324,222
2021-11-05,Shasta,089,179085,21737,21281,3633,24914,349
2021-11-05,Sierra,091,2930,188,181,21,202,0
2021-11-05,Siskiyou,093,43540,3356,3279,1305,4584,48
2021-11-05,Solano,095,438530,46166,45465,1282,46747,350
2021-11-05,Sonoma,097,501317,41820,41398,535,41933,395
2021-11-05,Stanislaus,099,539301,79016,78902,8929,87831,1193
2021-11-05,Sutter,101,95872,13959,13908,355,14263,180
2021-11-05,Tehama,103,63373,8600,8474,1501,9975,120
2021-11-05,Trinity,105,12862,860,732,217,949,11
2021-11-05,Tulare,107,460477,69193,67767,15314,83081,1010
2021-11-05,Tuolumne,109,53932,7339,7245,103,7348,90
2021-11-05,Ventura,111,848112,98662,97770,4333,102103,1180
2021-11-05,Yolo,113,214977,20016,19827,1154,20981,255
2021-11-05,Yuba,115,75493,10214,10107,338,10445,83
2021-11-04,Alameda,001,1643700,120207,119499,2819,122318,1436
2021-11-04,Alpine,003,1148,102,105,0,105,0
2021-11-04,Amador,005,37829,5601,5557,63,5620,66
2021-11-04,Butte,007,227075,21145,20796,3790,24586,288
2021-11-04,Calaveras,009,45235,4150,4105,55,4160,82
2021-11-04,Colusa,011,21464,2528,2501,643,3144,19
2021-11-04,Contra Costa,013,1133247,99963,99282,2224,101506,1025
2021-11-04,Del Norte,015,27424,3696,3607,55,3662,42
2021-11-04,El Dorado,017,186661,16179,15958,1707,17665,156
2021-11-04,Fresno,019,978130,141572,139249,12911,152160,2170
2021-11-04,Glenn,021,27897,3522,3479,1017,4496,33
2021-11-04,Humboldt,023,135768,9136,8972,573,9545,109
2021-11-04,Imperial,025,180216,33915,33471,3249,36720,766
2021-11-04,Inyo,027,18085,2411,2353,41,2394,41
2021-11-04,Kern,029,883053,128679,126848,22591,149439,1684
2021-11-04,Kings,031,150075,32503,32018,1968,33986,342
2021-11-04,Lake,033,64148,6783,6695,152,6847,106
2021-11-04,Lassen,035,31185,6920,6796,385,7181,46
2021-11-04,Los Angeles,037,10098052,1444058,1433081,54973,1488054,26533
2021-11-04,Madera,039,155013,23453,22994,2148,25142,287
2021-11-04,Marin,041,260295,17667,17520,460,17980,247
2021-11-04,Mariposa,043,17540,1327,1282,49,1331,5
2021-11-04,Mendocino,045,87422,7652,7486,588,8074,85
2021-11-04,Merced,047,269075,42211,41958,1954,43912,604
2021-11-04,Modoc,049,8938,549,523,196,719,5
2021-11-04,Mono,051,14174,1737,1725,22,1747,4
2021-11-04,Monterey,053,433212,48917,47830,2969,50799,602
2021-11-04,Napa,055,140530,13057,12950,116,13066,103
2021-11-04,Nevada,057,99092,9306,9169,327,9496,91
2021-11-04,Orange,059,3164182,308636,306049,15395,321444,5611
2021-11-04,Placer,061,380077,37462,36967,3690,40657,438
2021-11-04,Plumas,063,18699,1840,1755,34,1789,7
2021-11-04,Riverside,065,2383286,365365,360584,16520,377104,5138
2021-11-04,Sacramento,067,1510023,160055,158766,4654,163420,2263
2021-11-04,San Benito,069,59416,7453,7429,172,7601,75
2021-11-04,San Bernardino,071,2135413,356192,353142,11299,364441,5813
2021-11-04,San Diego,073,3302833,376213,373423,22037,395460,4246
2021-11-04,San Francisco,075,870044,53338,52556,2356,54912,666
2021-11-04,San Joaquin,077,732212,100284,99372,5457,104829,1782
2021-11-04,San Luis Obispo,079,281455,29760,29335,1257,30592,350
2021-11-04,San Mateo,081,765935,54465,53442,890,54332,574
2021-11-04,Santa Barbara,083,443738,44674,44301,1568,45869,532
2021-11-04,Santa Clara,085,1922200,147838,146519,1378,147897,1894
2021-11-04,Santa Cruz,087,273765,20523,20311,1013,21324,222
2021-11-04,Shasta,089,179085,21679,21281,3627,24908,349
2021-11-04,Sierra,091,2930,186,181,21,202,0
2021-11-04,Siskiyou,093,43540,3353,3279,1298,4577,48
2021-11-04,Solano,095,438530,46124,45465,1281,46746,350
2021-11-04,Sonoma,097,501317,41760,41398,535,41933,395
2021-11-04,Stanislaus,099,539301,78878,78902,8922,87824,1193
2021-11-04,Sutter,101,95872,13948,13908,353,14261,180
2021-11-04,Tehama,103,63373,8591,8474,1497,9971,120
2021-11-04,Trinity,105,12862,859,732,217,949,11
2021-11-04,Tulare,107,460477,69077,67767,15268,83035,1010
2021-11-04,Tuolumne,109,53932,7317,7245,101,7346,90
2021-11-04,Ventura,111,848112,98574,97770,4330,102100,1180
2021-11-04,Yolo,113,214977,19991,19827,1148,20975,255
2021-11-04,Yuba,115,75493,10200,10107,336,10443,83
2021-11-03,Alameda,001,1643700,120066,119356,2815,122171,1428
2021-11-03,Alpine,003,1148,102,105,0,105,0
2021-11-03,Amador,005,37829,5595,5545,62,5607,66
2021-11-03,Butte,007,227075,21100,20769,3781,24550,284
2021-11-03,Calaveras,009,45235,4132,4087,54,4141,82
2021-11-03,Colusa,011,21464,2522,2499,643,3142,20
2021-11-03,Contra Costa,013,1133247,99863,99168,2219,101387,1025
2021-11-03,Del Norte,015,27424,3694,3600,54,3654,42
2021-11-03,El Dorado,017,186661,16153,15915,1703,17618,156
2021-11-03,Fresno,019,978130,141208,138873,12887,151760,2166
2021-11-03,Glenn,021,27897,3518,3470,1017,4487,33
2021-11-03,Humboldt,023,135768,9119,8949,568,9517,109
2021-11-03,Imperial,025,180216,33844,33402,3239,36641,766
2021-11-03,Inyo,027,18085,2390,2344,41,2385,41
2021-11-03,Kern,029,883053,128419,126523,22489,149012,1681
2021-11-03,Kings,031,150075,32448,31923,1961,33884,341
2021-11-03,Lake,033,64148,6767,6685,152,6837,106
2021-11-03,Lassen,035,31185,6904,6782,380,7162,46
2021-11-03,Los Angeles,037,10098052,1442708,1431209,54889,1486098,26517
2021-11-03,Madera,039,155013,23386,22893,2139,25032,287
2021-11-03,Marin,041,260295,17646,17491,456,17947,247
2021-11-03,Mariposa,043,17540,1317,1276,49,1325,5
2021-11-03,Mendocino,045,87422,7636,7457,580,8037,84
2021-11-03,Merced,047,269075,42150,41849,1944,43793,597
2021-11-03,Modoc,049,8938,549,521,194,715,5
2021-11-03,Mono,051,14174,1733,1719,22,1741,4
2021-11-03,Monterey,053,433212,48868,47794,2956,50750,601
2021-11-03,Napa,055,140530,13045,12937,115,13052,103
2021-11-03,Nevada,057,99092,9279,9131,326,9457,91
2021-11-03,Orange,059,3164182,308325,305661,15362,321023,5607
2021-11-03,Placer,061,380077,37392,36868,3685,40553,438
2021-11-03,Plumas,063,18699,1829,1739,33,1772,7
2021-11-03,Riverside,065,2383286,364907,360060,16516,376576,5131
2021-11-03,Sacramento,067,1510023,159831,158311,4643,162954,2259
2021-11-03,San Benito,069,59416,7445,7419,172,7591,75
2021-11-03,San Bernardino,071,2135413,355717,352225,11279,363504,5813
2021-11-03,San Diego,073,3302833,375702,372951,22014,394965,4241
2021-11-03,San Francisco,075,870044,53245,52493,2351,54844,663
2021-11-03,San Joaquin,077,732212,100172,99188,5446,104634,1776
2021-11-03,San Luis Obispo,079,281455,29718,29276,1251,30527,348
2021-11-03,San Mateo,081,765935,54401,53396,884,54280,571
2021-11-03,Santa Barbara,083,443738,44617,44220,1565,45785,531
2021-11-03,Santa Clara,085,1922200,147668,146259,1371,147630,1897
2021-11-03,Santa Cruz,087,273765,20488,20275,1013,21288,222
2021-11-03,Shasta,089,179085,21621,21215,3620,24835,346
2021-11-03,Sierra,091,2930,184,180,21,201,0
2021-11-03,Siskiyou,093,43540,3349,3276,1296,4572,46
2021-11-03,Solano,095,438530,46097,45411,1279,46690,351
2021-11-03,Sonoma,097,501317,41683,41326,533,41859,395
2021-11-03,Stanislaus,099,539301,78747,78736,8906,87642,1193
2021-11-03,Sutter,101,95872,13935,13876,351,14227,179
2021-11-03,Tehama,103,63373,8579,8438,1497,9935,118
2021-11-03,Trinity,105,12862,858,730,217,947,11
2021-11-03,Tulare,107,460477,68949,67588,15225,82813,1007
2021-11-03,Tuolumne,109,53932,7300,7218,99,7317,90
2021-11-03,Ventura,111,848112,98465,97682,4326,102008,1178
2021-11-03,Yolo,113,214977,19973,19758,1140,20898,250
2021-11-03,Yuba,115,75493,10188,10092,336,10428,83
2021-11-02,Alameda,001,1643700,119921,119241,2809,122050,1425
2021-11-02,Alpine,003,1148,101,105,0,105,0
2021-11-02,Amador,005,37829,5590,5535,62,5597,66
2021-11-02,Butte,007,227075,21056,20744,3770,24514,282
2021-11-02,Calaveras,009,45235,4109,4075,54,4129,82
2021-11-02,Colusa,011,21464,2517,2497,642,3139,19
2021-11-02,Contra Costa,013,1133247,99760,99080,2207,101287,1025
2021-11-02,Del Norte,015,27424,3692,3596,54,3650,42
2021-11-02,El Dorado,017,186661,16124,15883,1703,17586,154
2021-11-02,Fresno,019,978130,140887,138644,12856,151500,2158
2021-11-02,Glenn,021,27897,3510,3469,1014,4483,33
2021-11-02,Humboldt,023,135768,9077,8937,567,9504,109
2021-11-02,Imperial,025,180216,33771,33371,3227,36598,766
2021-11-02,Inyo,027,18085,2383,2324,41,2365,41
2021-11-02,Kern,029,883053,128164,126311,22367,148678,1665
2021-11-02,Kings,031,150075,32389,31896,1956,33852,339
2021-11-02,Lake,033,64148,6762,6681,151,6832,106
2021-11-02,Lassen,035,31185,6892,6777,377,7154,45
2021-11-02,Los Angeles,037,10098052,1441254,1429601,54813,1484414,26496
2021-11-02,Madera,039,155013,23305,22837,2128,24965,287
2021-11-02,Marin,041,260295,17618,17482,456,17938,247
2021-11-02,Mariposa,043,17540,1306,1270,48,1318,5
2021-11-02,Mendocino,045,87422,7612,7447,568,8015,84
2021-11-02,Merced,047,269075,42083,41785,1936,43721,596
2021-11-02,Modoc,049,8938,546,520,193,713,5
2021-11-02,Mono,051,14174,1729,1718,22,1740,4
2021-11-02,Monterey,053,433212,48817,47775,2938,50713,599
2021-11-02,Napa,055,140530,13027,12930,115,13045,104
2021-11-02,Nevada,057,99092,9249,9122,325,9447,91
2021-11-02,Orange,059,3164182,308009,305369,15315,320684,5600
2021-11-02,Placer,061,380077,37320,36817,3670,40487,438
2021-11-02,Plumas,063,18699,1818,1721,33,1754,7
2021-11-02,Riverside,065,2383286,364455,359586,16496,376082,5116
2021-11-02,Sacramento,067,1510023,159575,158112,4620,162732,2250
2021-11-02,San Benito,069,59416,7429,7407,172,7579,75
2021-11-02,San Bernardino,071,2135413,355242,351832,11225,363057,5813
2021-11-02,San Diego,073,3302833,375107,372440,21984,394424,4232
2021-11-02,San Francisco,075,870044,53126,52450,2347,54797,663
2021-11-02,San Joaquin,077,732212,100037,99076,5435,104511,1772
2021-11-02,San Luis Obispo,079,281455,29685,29224,1247,30471,348
2021-11-02,San Mateo,081,765935,54329,53351,881,54232,571
2021-11-02,Santa Barbara,083,443738,44561,44177,1562,45739,531
2021-11-02,Santa Clara,085,1922200,147474,146115,1364,147479,1896
2021-11-02,Santa Cruz,087,273765,20455,20266,1012,21278,222
2021-11-02,Shasta,089,179085,21547,21127,3610,24737,344
2021-11-02,Sierra,091,2930,184,180,20,200,0
2021-11-02,Siskiyou,093,43540,3347,3272,1293,4565,46
2021-11-02,Solano,095,438530,46057,45378,1273,46651,350
2021-11-02,Sonoma,097,501317,41602,41288,532,41820,395
2021-11-02,Stanislaus,099,539301,78592,78629,8886,87515,1193
2021-11-02,Sutter,101,95872,13914,13868,351,14219,179
2021-11-02,Tehama,103,63373,8563,8422,1494,9916,116
2021-11-02,Trinity,105,12862,858,729,217,946,11
2021-11-02,Tulare,107,460477,68824,67502,15176,82678,1002
2021-11-02,Tuolumne,109,53932,7279,7204,97,7301,90
2021-11-02,Ventura,111,848112,98360,97574,4322,101896,1178
2021-11-02,Yolo,113,214977,19942,19736,1138,20874,250
2021-11-02,Yuba,115,75493,10165,10080,334,10414,83
2021-11-01,Alameda,001,1643700,119781,119159,2806,121965,1421
2021-11-01,Alpine,003,1148,101,105,0,105,0
2021-11-01,Amador,005,37829,5588,5532,62,5594,64
2021-11-01,Butte,007,227075,21006,20710,3765,24475,281
2021-11-01,Calaveras,009,45235,4099,4059,53,4112,82
2021-11-01,Colusa,011,21464,2515,2494,639,3133,19
2021-11-01,Contra Costa,013,1133247,99635,99011,2199,101210,1025
2021-11-01,Del Norte,015,27424,3690,3594,54,3648,42
2021-11-01,El Dorado,017,186661,16100,15858,1697,17555,154
2021-11-01,Fresno,019,978130,140511,138421,12819,151240,2149
2021-11-01,Glenn,021,27897,3503,3461,1012,4473,33
2021-11-01,Humboldt,023,135768,9049,8929,563,9492,108
2021-11-01,Imperial,025,180216,33720,33342,3218,36560,766
2021-11-01,Inyo,027,18085,2371,2307,41,2348,41
2021-11-01,Kern,029,883053,127864,126092,22252,148344,1660
2021-11-01,Kings,031,150075,32336,31866,1953,33819,337
2021-11-01,Lake,033,64148,6751,6676,150,6826,106
2021-11-01,Lassen,035,31185,6877,6775,374,7149,42
2021-11-01,Los Angeles,037,10098052,1439865,1428891,54721,1483612,26483
2021-11-01,Madera,039,155013,23226,22801,2123,24924,283
2021-11-01,Marin,041,260295,17598,17460,455,17915,247
2021-11-01,Mariposa,043,17540,1298,1266,47,1313,5
2021-11-01,Mendocino,045,87422,7579,7422,550,7972,84
2021-11-01,Merced,047,269075,41993,41740,1934,43674,594
2021-11-01,Modoc,049,8938,541,520,191,711,5
2021-11-01,Mono,051,14174,1725,1714,22,1736,3
2021-11-01,Monterey,053,433212,48774,47756,2926,50682,597
2021-11-01,Napa,055,140530,13000,12916,114,13030,101
2021-11-01,Nevada,057,99092,9226,9108,324,9432,91
2021-11-01,Orange,059,3164182,307667,305192,15272,320464,5596
2021-11-01,Placer,061,380077,37237,36747,3658,40405,435
2021-11-01,Plumas,063,18699,1799,1719,33,1752,7
2021-11-01,Riverside,065,2383286,363953,359263,16474,375737,5115
2021-11-01,Sacramento,067,1510023,159303,157893,4596,162489,2239
2021-11-01,San Benito,069,59416,7419,7406,171,7577,73
2021-11-01,San Bernardino,071,2135413,354754,351620,11204,362824,5815
2021-11-01,San Diego,073,3302833,374522,372043,21966,394009,4232
2021-11-01,San Francisco,075,870044,53041,52418,2340,54758,661
2021-11-01,San Joaquin,077,732212,99874,98969,5428,104397,1772
2021-11-01,San Luis Obispo,079,281455,29641,29199,1242,30441,343
2021-11-01,San Mateo,081,765935,54262,53314,877,54191,571
2021-11-01,Santa Barbara,083,443738,44494,44146,1558,45704,529
2021-11-01,Santa Clara,085,1922200,147277,145978,1359,147337,1907
2021-11-01,Santa Cruz,087,273765,20420,20238,1012,21250,221
2021-11-01,Shasta,089,179085,21494,21104,3603,24707,338
2021-11-01,Sierra,091,2930,184,180,20,200,0
2021-11-01,Siskiyou,093,43540,3340,3272,1288,4560,46
2021-11-01,Solano,095,438530,46003,45358,1273,46631,350
2021-11-01,Sonoma,097,501317,41529,41234,531,41765,395
2021-11-01,Stanislaus,099,539301,78463,78534,8871,87405,1193
2021-11-01,Sutter,101,95872,13890,13852,349,14201,179
2021-11-01,Tehama,103,63373,8535,8412,1491,9903,116
2021-11-01,Trinity,105,12862,856,727,217,944,11
2021-11-01,Tulare,107,460477,68680,67388,15124,82512,1002
2021-11-01,Tuolumne,109,53932,7263,7175,96,7271,90
2021-11-01,Ventura,111,848112,98270,97507,4320,101827,1178
2021-11-01,Yolo,113,214977,19922,19708,1131,20839,250
2021-11-01,Yuba,115,75493,10147,10066,332,10398,83
2021-10-31,Alameda,001,1643700,119635,119071,2803,121874,1419
2021-10-31,Alpine,003,1148,101,105,0,105,0
2021-10-31,Amador,005,37829,5577,5518,62,5580,64
2021-10-31,Butte,007,227075,20945,20689,3756,24445,281
2021-10-31,Calaveras,009,45235,4081,4052,52,4104,82
2021-10-31,Colusa,011,21464,2513,2493,636,3129,18
2021-10-31,Contra Costa,013,1133247,99507,98936,2196,101132,1025
2021-10-31,Del Norte,015,27424,3684,3591,54,3645,42
2021-10-31,El Dorado,017,186661,16054,15841,1694,17535,154
2021-10-31,Fresno,019,978130,140104,138165,12782,150947,2147
2021-10-31,Glenn,021,27897,3498,3459,1012,4471,33
2021-10-31,Humboldt,023,135768,9001,8919,557,9476,108
2021-10-31,Imperial,025,180216,33645,33334,3206,36540,766
2021-10-31,Inyo,027,18085,2352,2309,41,2350,41
2021-10-31,Kern,029,883053,127495,125917,22128,148045,1666
2021-10-31,Kings,031,150075,32250,31814,1941,33755,338
2021-10-31,Lake,033,64148,6740,6665,148,6813,106
2021-10-31,Lassen,035,31185,6862,6768,369,7137,42
2021-10-31,Los Angeles,037,10098052,1438318,1427933,54636,1482569,26474
2021-10-31,Madera,039,155013,23131,22744,2110,24854,283
2021-10-31,Marin,041,260295,17570,17443,454,17897,247
2021-10-31,Mariposa,043,17540,1292,1257,46,1303,5
2021-10-31,Mendocino,045,87422,7538,7403,533,7936,84
2021-10-31,Merced,047,269075,41899,41699,1914,43613,589
2021-10-31,Modoc,049,8938,535,517,188,705,5
2021-10-31,Mono,051,14174,1721,1711,22,1733,3
2021-10-31,Monterey,053,433212,48733,47744,2908,50652,596
2021-10-31,Napa,055,140530,12983,12906,112,13018,101
2021-10-31,Nevada,057,99092,9189,9084,319,9403,91
2021-10-31,Orange,059,3164182,307318,305032,15189,320221,5596
2021-10-31,Placer,061,380077,37140,36698,3644,40342,435
2021-10-31,Plumas,063,18699,1781,1716,33,1749,7
2021-10-31,Riverside,065,2383286,363374,359005,16460,375465,5104
2021-10-31,Sacramento,067,1510023,158951,157667,4581,162248,2243
2021-10-31,San Benito,069,59416,7410,7397,169,7566,73
2021-10-31,San Bernardino,071,2135413,354223,351411,11190,362601,5810
2021-10-31,San Diego,073,3302833,373948,371603,21935,393538,4218
2021-10-31,San Francisco,075,870044,52933,52370,2334,54704,661
2021-10-31,San Joaquin,077,732212,99710,98893,5414,104307,1772
2021-10-31,San Luis Obispo,079,281455,29587,29176,1241,30417,343
2021-10-31,San Mateo,081,765935,54203,53284,875,54159,571
2021-10-31,Santa Barbara,083,443738,44424,44113,1553,45666,529
2021-10-31,Santa Clara,085,1922200,147063,145829,1345,147174,1908
2021-10-31,Santa Cruz,087,273765,20385,20218,1011,21229,221
2021-10-31,Shasta,089,179085,21411,21086,3591,24677,338
2021-10-31,Sierra,091,2930,184,180,20,200,0
2021-10-31,Siskiyou,093,43540,3334,3271,1287,4558,46
2021-10-31,Solano,095,438530,45955,45310,1266,46576,350
2021-10-31,Sonoma,097,501317,41459,41183,528,41711,395
2021-10-31,Stanislaus,099,539301,78274,78426,8855,87281,1193
2021-10-31,Sutter,101,95872,13871,13838,346,14184,179
2021-10-31,Tehama,103,63373,8504,8391,1487,9878,116
2021-10-31,Trinity,105,12862,856,724,217,941,11
2021-10-31,Tulare,107,460477,68486,67310,15033,82343,1002
2021-10-31,Tuolumne,109,53932,7234,7141,95,7236,90
2021-10-31,Ventura,111,848112,98149,97460,4315,101775,1178
2021-10-31,Yolo,113,214977,19878,19662,1125,20787,250
2021-10-31,Yuba,115,75493,10129,10051,322,10373,83
2021-10-30,Alameda,001,1643700,119575,118632,2800,121432,1419
2021-10-30,Alpine,003,1148,101,105,0,105,0
2021-10-30,Amador,005,37829,5568,5480,61,5541,64
2021-10-30,Butte,007,227075,20930,20516,3750,24266,277
2021-10-30,Calaveras,009,45235,4074,3992,52,4044,82
2021-10-30,Colusa,011,21464,2513,2484,635,3119,19
2021-10-30,Contra Costa,013,1133247,99444,98562,2195,100757,1024
2021-10-30,Del Norte,015,27424,3681,3574,54,3628,42
2021-10-30,El Dorado,017,186661,16038,15752,1689,17441,154
2021-10-30,Fresno,019,978130,139959,136901,12770,149671,2131
2021-10-30,Glenn,021,27897,3494,3442,1012,4454,33
2021-10-30,Humboldt,023,135768,8986,8871,555,9426,105
2021-10-30,Imperial,025,180216,33600,33156,3202,36358,766
2021-10-30,Inyo,027,18085,2349,2249,41,2290,41
2021-10-30,Kern,029,883053,127341,124892,22057,146949,1653
2021-10-30,Kings,031,150075,32216,31578,1937,33515,337
2021-10-30,Lake,033,64148,6735,6610,148,6758,106
2021-10-30,Lassen,035,31185,6856,6719,367,7086,42
2021-10-30,Los Angeles,037,10098052,1437593,1424257,54583,1478840,26625
2021-10-30,Madera,039,155013,23087,22524,2105,24629,283
2021-10-30,Marin,041,260295,17555,17380,452,17832,247
2021-10-30,Mariposa,043,17540,1289,1228,46,1274,5
2021-10-30,Mendocino,045,87422,7515,7338,531,7869,84
2021-10-30,Merced,047,269075,41859,41428,1912,43340,586
2021-10-30,Modoc,049,8938,533,513,187,700,5
2021-10-30,Mono,051,14174,1721,1684,22,1706,3
2021-10-30,Monterey,053,433212,48716,47649,2902,50551,588
2021-10-30,Napa,055,140530,12969,12863,111,12974,101
2021-10-30,Nevada,057,99092,9170,9015,319,9334,91
2021-10-30,Orange,059,3164182,307139,304120,15167,319287,5588
2021-10-30,Placer,061,380077,37094,36400,3638,40038,434
2021-10-30,Plumas,063,18699,1776,1695,33,1728,7
2021-10-30,Riverside,065,2383286,363074,357645,16451,374096,5088
2021-10-30,Sacramento,067,1510023,158792,157125,4572,161697,2233
2021-10-30,San Benito,069,59416,7403,7362,169,7531,71
2021-10-30,San Bernardino,071,2135413,353946,350076,11175,361251,5777
2021-10-30,San Diego,073,3302833,373574,370006,21913,391919,4213
2021-10-30,San Francisco,075,870044,52904,52161,2332,54493,661
2021-10-30,San Joaquin,077,732212,99654,98314,5413,103727,1768
2021-10-30,San Luis Obispo,079,281455,29555,29053,1238,30291,341
2021-10-30,San Mateo,081,765935,54164,53083,875,53958,571
2021-10-30,Santa Barbara,083,443738,44389,43972,1552,45524,528
2021-10-30,Santa Clara,085,1922200,146958,145262,1341,146603,1903
2021-10-30,Santa Cruz,087,273765,20367,20134,1009,21143,221
2021-10-30,Shasta,089,179085,21367,20878,3585,24463,332
2021-10-30,Sierra,091,2930,184,175,20,195,0
2021-10-30,Siskiyou,093,43540,3333,3257,1284,4541,46
2021-10-30,Solano,095,438530,45934,45146,1264,46410,346
2021-10-30,Sonoma,097,501317,41420,40924,528,41452,393
2021-10-30,Stanislaus,099,539301,78204,77871,8848,86719,1191
2021-10-30,Sutter,101,95872,13858,13773,346,14119,178
2021-10-30,Tehama,103,63373,8493,8307,1482,9789,114
2021-10-30,Trinity,105,12862,854,708,216,924,11
2021-10-30,Tulare,107,460477,68415,66745,14986,81731,995
2021-10-30,Tuolumne,109,53932,7210,7050,94,7144,90
2021-10-30,Ventura,111,848112,98100,97182,4312,101494,1174
2021-10-30,Yolo,113,214977,19859,19568,1123,20691,250
2021-10-30,Yuba,115,75493,10118,9969,322,10291,82
2021-10-29,Alameda,001,1643700,119496,118632,2795,121427,1419
2021-10-29,Alpine,003,1148,101,105,0,105,0
2021-10-29,Amador,005,37829,5557,5480,61,5541,64
2021-10-29,Butte,007,227075,20906,20516,3740,24256,277
2021-10-29,Calaveras,009,45235,4067,3992,52,4044,82
2021-10-29,Colusa,011,21464,2513,2484,633,3117,19
2021-10-29,Contra Costa,013,1133247,99377,98562,2193,100755,1024
2021-10-29,Del Norte,015,27424,3674,3574,54,3628,42
2021-10-29,El Dorado,017,186661,16024,15752,1689,17441,154
2021-10-29,Fresno,019,978130,139744,136901,12755,149656,2131
2021-10-29,Glenn,021,27897,3493,3442,1011,4453,33
2021-10-29,Humboldt,023,135768,8981,8871,554,9425,105
2021-10-29,Imperial,025,180216,33573,33156,3199,36355,766
2021-10-29,Inyo,027,18085,2346,2249,41,2290,41
2021-10-29,Kern,029,883053,127164,124892,21967,146859,1653
2021-10-29,Kings,031,150075,32182,31578,1935,33513,337
2021-10-29,Lake,033,64148,6726,6610,145,6755,106
2021-10-29,Lassen,035,31185,6847,6719,364,7083,42
2021-10-29,Los Angeles,037,10098052,1436746,1424257,54539,1478796,26625
2021-10-29,Madera,039,155013,23035,22524,2100,24624,283
2021-10-29,Marin,041,260295,17539,17380,451,17831,247
2021-10-29,Mariposa,043,17540,1285,1228,46,1274,5
2021-10-29,Mendocino,045,87422,7507,7338,531,7869,84
2021-10-29,Merced,047,269075,41809,41428,1906,43334,586
2021-10-29,Modoc,049,8938,531,513,186,699,5
2021-10-29,Mono,051,14174,1719,1684,22,1706,3
2021-10-29,Monterey,053,433212,48693,47649,2902,50551,588
2021-10-29,Napa,055,140530,12948,12863,111,12974,101
2021-10-29,Nevada,057,99092,9158,9015,319,9334,91
2021-10-29,Orange,059,3164182,306914,304120,15147,319267,5588
2021-10-29,Placer,061,380077,37058,36400,3627,40027,434
2021-10-29,Plumas,063,18699,1770,1695,33,1728,7
2021-10-29,Riverside,065,2383286,362740,357645,16446,374091,5088
2021-10-29,Sacramento,067,1510023,158603,157125,4563,161688,2233
2021-10-29,San Benito,069,59416,7400,7362,169,7531,71
2021-10-29,San Bernardino,071,2135413,353648,350076,11163,361239,5777
2021-10-29,San Diego,073,3302833,373198,370006,21885,391891,4213
2021-10-29,San Francisco,075,870044,52844,52161,2326,54487,661
2021-10-29,San Joaquin,077,732212,99597,98314,5408,103722,1768
2021-10-29,San Luis Obispo,079,281455,29529,29053,1236,30289,341
2021-10-29,San Mateo,081,765935,54121,53083,873,53956,571
2021-10-29,Santa Barbara,083,443738,44349,43972,1549,45521,528
2021-10-29,Santa Clara,085,1922200,146843,145262,1334,146596,1903
2021-10-29,Santa Cruz,087,273765,20360,20134,1008,21142,221
2021-10-29,Shasta,089,179085,21328,20878,3579,24457,332
2021-10-29,Sierra,091,2930,182,175,20,195,0
2021-10-29,Siskiyou,093,43540,3333,3257,1283,4540,46
2021-10-29,Solano,095,438530,45897,45146,1263,46409,346
2021-10-29,Sonoma,097,501317,41399,40924,528,41452,393
2021-10-29,Stanislaus,099,539301,78119,77871,8837,86708,1191
2021-10-29,Sutter,101,95872,13839,13773,346,14119,178
2021-10-29,Tehama,103,63373,8480,8307,1481,9788,114
2021-10-29,Trinity,105,12862,853,708,216,924,11
2021-10-29,Tulare,107,460477,68310,66745,14941,81686,995
2021-10-29,Tuolumne,109,53932,7197,7050,94,7144,90
2021-10-29,Ventura,111,848112,98045,97182,4308,101490,1174
2021-10-29,Yolo,113,214977,19841,19568,1118,20686,250
2021-10-29,Yuba,115,75493,10110,9969,318,10287,82
2021-10-28,Alameda,001,1643700,119373,118632,2788,121420,1419
2021-10-28,Alpine,003,1148,101,105,0,105,0
2021-10-28,Amador,005,37829,5544,5480,61,5541,64
2021-10-28,Butte,007,227075,20863,20516,3731,24247,277
2021-10-28,Calaveras,009,45235,4054,3992,52,4044,82
2021-10-28,Colusa,011,21464,2510,2484,632,3116,19
2021-10-28,Contra Costa,013,1133247,99247,98562,2188,100750,1024
2021-10-28,Del Norte,015,27424,3673,3574,54,3628,42
2021-10-28,El Dorado,017,186661,15998,15752,1686,17438,154
2021-10-28,Fresno,019,978130,139411,136901,12722,149623,2131
2021-10-28,Glenn,021,27897,3490,3442,1009,4451,33
2021-10-28,Humboldt,023,135768,8965,8871,549,9420,105
2021-10-28,Imperial,025,180216,33508,33156,3192,36348,766
2021-10-28,Inyo,027,18085,2329,2249,41,2290,41
2021-10-28,Kern,029,883053,126917,124892,21853,146745,1653
2021-10-28,Kings,031,150075,32113,31578,1930,33508,337
2021-10-28,Lake,033,64148,6716,6610,145,6755,106
2021-10-28,Lassen,035,31185,6837,6719,360,7079,42
2021-10-28,Los Angeles,037,10098052,1435605,1424257,54466,1478723,26625
2021-10-28,Madera,039,155013,22981,22524,2089,24613,283
2021-10-28,Marin,041,260295,17521,17380,450,17830,247
2021-10-28,Mariposa,043,17540,1281,1228,46,1274,5
2021-10-28,Mendocino,045,87422,7494,7338,520,7858,84
2021-10-28,Merced,047,269075,41724,41428,1894,43322,586
2021-10-28,Modoc,049,8938,530,513,186,699,5
2021-10-28,Mono,051,14174,1713,1684,22,1706,3
2021-10-28,Monterey,053,433212,48662,47649,2885,50534,588
2021-10-28,Napa,055,140530,12939,12863,110,12973,101
2021-10-28,Nevada,057,99092,9140,9015,319,9334,91
2021-10-28,Orange,059,3164182,306627,304120,15082,319202,5588
2021-10-28,Placer,061,380077,36979,36400,3618,40018,434
2021-10-28,Plumas,063,18699,1762,1695,33,1728,7
2021-10-28,Riverside,065,2383286,362302,357645,16422,374067,5088
2021-10-28,Sacramento,067,1510023,158337,157125,4551,161676,2233
2021-10-28,San Benito,069,59416,7392,7362,169,7531,71
2021-10-28,San Bernardino,071,2135413,353232,350076,11141,361217,5777
2021-10-28,San Diego,073,3302833,372725,370006,21862,391868,4213
2021-10-28,San Francisco,075,870044,52798,52161,2319,54480,661
2021-10-28,San Joaquin,077,732212,99469,98314,5407,103721,1768
2021-10-28,San Luis Obispo,079,281455,29500,29053,1233,30286,341
2021-10-28,San Mateo,081,765935,54076,53083,871,53954,571
2021-10-28,Santa Barbara,083,443738,44310,43972,1547,45519,528
2021-10-28,Santa Clara,085,1922200,146685,145262,1329,146591,1903
2021-10-28,Santa Cruz,087,273765,20336,20134,1008,21142,221
2021-10-28,Shasta,089,179085,21253,20878,3572,24450,332
2021-10-28,Sierra,091,2930,181,175,20,195,0
2021-10-28,Siskiyou,093,43540,3332,3257,1283,4540,46
2021-10-28,Solano,095,438530,45858,45146,1262,46408,346
2021-10-28,Sonoma,097,501317,41331,40924,527,41451,393
2021-10-28,Stanislaus,099,539301,77966,77871,8821,86692,1191
2021-10-28,Sutter,101,95872,13826,13773,342,14115,178
2021-10-28,Tehama,103,63373,8443,8307,1478,9785,114
2021-10-28,Trinity,105,12862,850,708,216,924,11
2021-10-28,Tulare,107,460477,68171,66745,14884,81629,995
2021-10-28,Tuolumne,109,53932,7166,7050,94,7144,90
2021-10-28,Ventura,111,848112,97960,97182,4305,101487,1174
2021-10-28,Yolo,113,214977,19803,19568,1113,20681,250
2021-10-28,Yuba,115,75493,10081,9969,315,10284,82
2021-10-27,Alameda,001,1643700,119250,118487,2786,121273,1414
2021-10-27,Alpine,003,1148,101,105,0,105,0
2021-10-27,Amador,005,37829,5532,5470,60,5530,64
2021-10-27,Butte,007,227075,20819,20446,3717,24163,274
2021-10-27,Calaveras,009,45235,4036,3970,51,4021,82
2021-10-27,Colusa,011,21464,2509,2480,631,3111,18
2021-10-27,Contra Costa,013,1133247,99139,98442,2176,100618,1018
2021-10-27,Del Norte,015,27424,3666,3571,53,3624,42
2021-10-27,El Dorado,017,186661,15967,15723,1681,17404,154
2021-10-27,Fresno,019,978130,139029,136447,12688,149135,2128
2021-10-27,Glenn,021,27897,3488,3435,1008,4443,33
2021-10-27,Humboldt,023,135768,8945,8851,547,9398,105
2021-10-27,Imperial,025,180216,33469,33068,3187,36255,766
2021-10-27,Inyo,027,18085,2309,2236,41,2277,41
2021-10-27,Kern,029,883053,126648,124557,21753,146310,1647
2021-10-27,Kings,031,150075,32047,31437,1924,33361,335
2021-10-27,Lake,033,64148,6690,6589,145,6734,105
2021-10-27,Lassen,035,31185,6823,6706,358,7064,42
2021-10-27,Los Angeles,037,10098052,1434373,1422615,54407,1477022,26604
2021-10-27,Madera,039,155013,22895,22413,2065,24478,283
2021-10-27,Marin,041,260295,17506,17362,450,17812,247
2021-10-27,Mariposa,043,17540,1268,1228,46,1274,5
2021-10-27,Mendocino,045,87422,7480,7321,513,7834,84
2021-10-27,Merced,047,269075,41626,41310,1880,43190,583
2021-10-27,Modoc,049,8938,526,513,186,699,5
2021-10-27,Mono,051,14174,1710,1682,22,1704,3
2021-10-27,Monterey,053,433212,48625,47610,2864,50474,588
2021-10-27,Napa,055,140530,12924,12856,109,12965,101
2021-10-27,Nevada,057,99092,9123,8987,318,9305,90
2021-10-27,Orange,059,3164182,306306,303825,15032,318857,5584
2021-10-27,Placer,061,380077,36913,36296,3611,39907,434
2021-10-27,Plumas,063,18699,1754,1686,33,1719,7
2021-10-27,Riverside,065,2383286,361872,357152,16414,373566,5081
2021-10-27,Sacramento,067,1510023,158069,156830,4530,161360,2230
2021-10-27,San Benito,069,59416,7386,7337,169,7506,71
2021-10-27,San Bernardino,071,2135413,352809,349624,11119,360743,5770
2021-10-27,San Diego,073,3302833,372149,369579,21838,391417,4207
2021-10-27,San Francisco,075,870044,52747,52108,2315,54423,655
2021-10-27,San Joaquin,077,732212,99311,98168,5392,103560,1753
2021-10-27,San Luis Obispo,079,281455,29461,29002,1231,30233,341
2021-10-27,San Mateo,081,765935,54021,53032,863,53895,571
2021-10-27,Santa Barbara,083,443738,44257,43901,1544,45445,527
2021-10-27,Santa Clara,085,1922200,146508,145081,1321,146402,1902
2021-10-27,Santa Cruz,087,273765,20309,20091,1006,21097,221
2021-10-27,Shasta,089,179085,21177,20813,3564,24377,331
2021-10-27,Sierra,091,2930,180,176,20,196,0
2021-10-27,Siskiyou,093,43540,3329,3256,1279,4535,46
2021-10-27,Solano,095,438530,45813,45089,1254,46343,346
2021-10-27,Sonoma,097,501317,41255,40829,525,41354,393
2021-10-27,Stanislaus,099,539301,77806,77687,8806,86493,1191
2021-10-27,Sutter,101,95872,13812,13754,342,14096,177
2021-10-27,Tehama,103,63373,8421,8265,1476,9741,113
2021-10-27,Trinity,105,12862,850,706,215,921,11
2021-10-27,Tulare,107,460477,68017,66568,14826,81394,991
2021-10-27,Tuolumne,109,53932,7139,7009,93,7102,90
2021-10-27,Ventura,111,848112,97868,97108,4300,101408,1172
2021-10-27,Yolo,113,214977,19774,19517,1106,20623,250
2021-10-27,Yuba,115,75493,10060,9945,313,10258,82
2021-10-26,Alameda,001,1643700,119114,118360,2784,121144,1407
2021-10-26,Alpine,003,1148,101,105,0,105,0
2021-10-26,Amador,005,37829,5524,5465,59,5524,64
2021-10-26,Butte,007,227075,20759,20387,3700,24087,274
2021-10-26,Calaveras,009,45235,4025,3966,51,4017,81
2021-10-26,Colusa,011,21464,2507,2478,630,3108,18
2021-10-26,Contra Costa,013,1133247,99017,98352,2165,100517,1017
2021-10-26,Del Norte,015,27424,3661,3563,53,3616,42
2021-10-26,El Dorado,017,186661,15939,15690,1672,17362,153
2021-10-26,Fresno,019,978130,138580,136211,12644,148855,2122
2021-10-26,Glenn,021,27897,3473,3431,1005,4436,33
2021-10-26,Humboldt,023,135768,8927,8830,541,9371,105
2021-10-26,Imperial,025,180216,33404,33012,3182,36194,766
2021-10-26,Inyo,027,18085,2294,2200,41,2241,41
2021-10-26,Kern,029,883053,126305,124351,21633,145984,1645
2021-10-26,Kings,031,150075,31980,31382,1917,33299,336
2021-10-26,Lake,033,64148,6680,6584,143,6727,105
2021-10-26,Lassen,035,31185,6803,6689,356,7045,42
2021-10-26,Los Angeles,037,10098052,1433025,1421795,54337,1476132,26599
2021-10-26,Madera,039,155013,22805,22363,2054,24417,283
2021-10-26,Marin,041,260295,17489,17354,449,17803,244
2021-10-26,Mariposa,043,17540,1263,1225,45,1270,5
2021-10-26,Mendocino,045,87422,7451,7308,496,7804,83
2021-10-26,Merced,047,269075,41548,41267,1872,43139,583
2021-10-26,Modoc,049,8938,526,513,186,699,5
2021-10-26,Mono,051,14174,1705,1680,22,1702,3
2021-10-26,Monterey,053,433212,48586,47572,2854,50426,588
2021-10-26,Napa,055,140530,12912,12849,109,12958,101
2021-10-26,Nevada,057,99092,9092,8971,317,9288,90
2021-10-26,Orange,059,3164182,306036,303533,14993,318526,5580
2021-10-26,Placer,061,380077,36815,36245,3605,39850,434
2021-10-26,Plumas,063,18699,1745,1645,33,1678,7
2021-10-26,Riverside,065,2383286,361382,356775,16404,373179,5068
2021-10-26,Sacramento,067,1510023,157768,156643,4513,161156,2228
2021-10-26,San Benito,069,59416,7363,7325,169,7494,71
2021-10-26,San Bernardino,071,2135413,352387,349346,11104,360450,5764
2021-10-26,San Diego,073,3302833,371630,369043,21808,390851,4198
2021-10-26,San Francisco,075,870044,52672,52063,2312,54375,655
2021-10-26,San Joaquin,077,732212,99132,98036,5377,103413,1748
2021-10-26,San Luis Obispo,079,281455,29422,28928,1225,30153,337
2021-10-26,San Mateo,081,765935,53949,52974,860,53834,571
2021-10-26,Santa Barbara,083,443738,44211,43835,1543,45378,525
2021-10-26,Santa Clara,085,1922200,146309,144932,1315,146247,1903
2021-10-26,Santa Cruz,087,273765,20278,20067,1005,21072,221
2021-10-26,Shasta,089,179085,21117,20725,3546,24271,330
2021-10-26,Sierra,091,2930,180,169,20,189,0
2021-10-26,Siskiyou,093,43540,3323,3254,1277,4531,46
2021-10-26,Solano,095,438530,45757,45044,1253,46297,344
2021-10-26,Sonoma,097,501317,41173,40794,523,41317,393
2021-10-26,Stanislaus,099,539301,77632,77552,8781,86333,1157
2021-10-26,Sutter,101,95872,13783,13739,341,14080,176
2021-10-26,Tehama,103,63373,8393,8247,1470,9717,112
2021-10-26,Trinity,105,12862,846,705,215,920,11
2021-10-26,Tulare,107,460477,67857,66476,14765,81241,991
2021-10-26,Tuolumne,109,53932,7113,6995,91,7086,90
2021-10-26,Ventura,111,848112,97759,97014,4296,101310,1170
2021-10-26,Yolo,113,214977,19746,19490,1103,20593,248
2021-10-26,Yuba,115,75493,10042,9927,308,10235,82
2021-10-25,Alameda,001,1643700,118969,118319,2782,121101,1404
2021-10-25,Alpine,003,1148,101,105,0,105,0
2021-10-25,Amador,005,37829,5510,5455,59,5514,64
2021-10-25,Butte,007,227075,20685,20331,3692,24023,273
2021-10-25,Calaveras,009,45235,3995,3942,50,3992,82
2021-10-25,Colusa,011,21464,2505,2471,628,3099,18
2021-10-25,Contra Costa,013,1133247,98900,98267,2161,100428,1017
2021-10-25,Del Norte,015,27424,3654,3562,53,3615,42
2021-10-25,El Dorado,017,186661,15904,15663,1670,17333,149
2021-10-25,Fresno,019,978130,138145,135974,12605,148579,2112
2021-10-25,Glenn,021,27897,3470,3421,1004,4425,33
2021-10-25,Humboldt,023,135768,8904,8825,536,9361,105
2021-10-25,Imperial,025,180216,33343,32968,3171,36139,766
2021-10-25,Inyo,027,18085,2276,2183,41,2224,41
2021-10-25,Kern,029,883053,125953,124078,21494,145572,1649
2021-10-25,Kings,031,150075,31891,31329,1908,33237,335
2021-10-25,Lake,033,64148,6667,6571,143,6714,105
2021-10-25,Lassen,035,31185,6792,6688,354,7042,42
2021-10-25,Los Angeles,037,10098052,1431654,1421061,54270,1475331,26579
2021-10-25,Madera,039,155013,22751,22325,2047,24372,281
2021-10-25,Marin,041,260295,17467,17334,447,17781,244
2021-10-25,Mariposa,043,17540,1249,1220,45,1265,5
2021-10-25,Mendocino,045,87422,7421,7296,492,7788,82
2021-10-25,Merced,047,269075,41480,41207,1845,43052,583
2021-10-25,Modoc,049,8938,524,512,184,696,5
2021-10-25,Mono,051,14174,1697,1677,22,1699,3
2021-10-25,Monterey,053,433212,48553,47547,2852,50399,587
2021-10-25,Napa,055,140530,12899,12841,109,12950,100
2021-10-25,Nevada,057,99092,9066,8958,317,9275,90
2021-10-25,Orange,059,3164182,305739,303279,14955,318234,5574
2021-10-25,Placer,061,380077,36708,36153,3595,39748,431
2021-10-25,Plumas,063,18699,1733,1641,33,1674,7
2021-10-25,Riverside,065,2383286,360955,356381,16389,372770,5056
2021-10-25,Sacramento,067,1510023,157464,156516,4487,161003,2235
2021-10-25,San Benito,069,59416,7349,7314,168,7482,71
2021-10-25,San Bernardino,071,2135413,351890,349075,11092,360167,5748
2021-10-25,San Diego,073,3302833,371043,368386,21780,390166,4196
2021-10-25,San Francisco,075,870044,52599,52041,2305,54346,649
2021-10-25,San Joaquin,077,732212,98930,97980,5368,103348,1740
2021-10-25,San Luis Obispo,079,281455,29374,28907,1220,30127,336
2021-10-25,San Mateo,081,765935,53888,52927,856,53783,571
2021-10-25,Santa Barbara,083,443738,44152,43775,1543,45318,525
2021-10-25,Santa Clara,085,1922200,146119,144895,1310,146205,1901
2021-10-25,Santa Cruz,087,273765,20249,20053,1004,21057,221
2021-10-25,Shasta,089,179085,21045,20666,3539,24205,326
2021-10-25,Sierra,091,2930,180,168,20,188,0
2021-10-25,Siskiyou,093,43540,3319,3248,1272,4520,46
2021-10-25,Solano,095,438530,45696,45022,1251,46273,344
2021-10-25,Sonoma,097,501317,41100,40746,521,41267,393
2021-10-25,Stanislaus,099,539301,77440,77452,8752,86204,1145
2021-10-25,Sutter,101,95872,13770,13721,338,14059,176
2021-10-25,Tehama,103,63373,8366,8224,1466,9690,111
2021-10-25,Trinity,105,12862,841,699,214,913,11
2021-10-25,Tulare,107,460477,67662,66357,14703,81060,986
2021-10-25,Tuolumne,109,53932,7079,6952,89,7041,90
2021-10-25,Ventura,111,848112,97668,96932,4293,101225,1167
2021-10-25,Yolo,113,214977,19697,19457,1099,20556,248
2021-10-25,Yuba,115,75493,10026,9924,304,10228,82
2021-10-24,Alameda,001,1643700,118837,117816,2777,120593,1397
2021-10-24,Alpine,003,1148,101,105,0,105,0
2021-10-24,Amador,005,37829,5505,5412,59,5471,64
2021-10-24,Butte,007,227075,20614,20101,3680,23781,273
2021-10-24,Calaveras,009,45235,3976,3865,49,3914,81
2021-10-24,Colusa,011,21464,2501,2458,625,3083,18
2021-10-24,Contra Costa,013,1133247,98782,97855,2152,100007,1008
2021-10-24,Del Norte,015,27424,3650,3540,53,3593,42
2021-10-24,El Dorado,017,186661,15868,15540,1666,17206,149
2021-10-24,Fresno,019,978130,137710,134466,12556,147022,2094
2021-10-24,Glenn,021,27897,3463,3399,1002,4401,33
2021-10-24,Humboldt,023,135768,8891,8753,530,9283,105
2021-10-24,Imperial,025,180216,33265,32777,3164,35941,766
2021-10-24,Inyo,027,18085,2244,2108,41,2149,41
2021-10-24,Kern,029,883053,125619,122939,21376,144315,1636
2021-10-24,Kings,031,150075,31762,30942,1892,32834,325
2021-10-24,Lake,033,64148,6644,6501,142,6643,105
2021-10-24,Lassen,035,31185,6775,6632,353,6985,27
2021-10-24,Los Angeles,037,10098052,1430205,1415919,54202,1470121,26527
2021-10-24,Madera,039,155013,22674,22062,2034,24096,281
2021-10-24,Marin,041,260295,17451,17264,446,17710,244
2021-10-24,Mariposa,043,17540,1246,1184,45,1229,5
2021-10-24,Mendocino,045,87422,7397,7220,481,7701,82
2021-10-24,Merced,047,269075,41359,40808,1839,42647,581
2021-10-24,Modoc,049,8938,523,507,184,691,5
2021-10-24,Mono,051,14174,1692,1655,22,1677,3
2021-10-24,Monterey,053,433212,48505,47456,2841,50297,586
2021-10-24,Napa,055,140530,12888,12789,109,12898,100
2021-10-24,Nevada,057,99092,9043,8861,314,9175,90
2021-10-24,Orange,059,3164182,305389,302237,14917,317154,5546
2021-10-24,Placer,061,380077,36604,35822,3581,39403,426
2021-10-24,Plumas,063,18699,1723,1623,32,1655,7
2021-10-24,Riverside,065,2383286,360481,354688,16369,371057,5041
2021-10-24,Sacramento,067,1510023,157120,155125,4464,159589,2232
2021-10-24,San Benito,069,59416,7329,7280,168,7448,71
2021-10-24,San Bernardino,071,2135413,351340,347681,11080,358761,5688
2021-10-24,San Diego,073,3302833,370440,366085,21749,387834,4183
2021-10-24,San Francisco,075,870044,52536,51820,2299,54119,649
2021-10-24,San Joaquin,077,732212,98757,97440,5362,102802,1721
2021-10-24,San Luis Obispo,079,281455,29313,28755,1213,29968,333
2021-10-24,San Mateo,081,765935,53816,52719,856,53575,571
2021-10-24,Santa Barbara,083,443738,44085,43552,1541,45093,523
2021-10-24,Santa Clara,085,1922200,145928,144276,1300,145576,1897
2021-10-24,Santa Cruz,087,273765,20211,19967,1003,20970,221
2021-10-24,Shasta,089,179085,20945,20386,3533,23919,321
2021-10-24,Sierra,091,2930,180,168,20,188,0
2021-10-24,Siskiyou,093,43540,3312,3231,1268,4499,46
2021-10-24,Solano,095,438530,45646,44861,1246,46107,341
2021-10-24,Sonoma,097,501317,41017,40476,521,40997,393
2021-10-24,Stanislaus,099,539301,77249,76812,8740,85552,1145
2021-10-24,Sutter,101,95872,13743,13616,330,13946,175
2021-10-24,Tehama,103,63373,8318,8105,1454,9559,110
2021-10-24,Trinity,105,12862,837,696,211,907,11
2021-10-24,Tulare,107,460477,67490,65585,14630,80215,978
2021-10-24,Tuolumne,109,53932,7039,6840,87,6927,90
2021-10-24,Ventura,111,848112,97561,96664,4292,100956,1167
2021-10-24,Yolo,113,214977,19649,19280,1096,20376,248
2021-10-24,Yuba,115,75493,10001,9838,303,10141,82
2021-10-23,Alameda,001,1643700,118748,117816,2772,120588,1397
2021-10-23,Alpine,003,1148,101,105,0,105,0
2021-10-23,Amador,005,37829,5498,5412,59,5471,64
2021-10-23,Butte,007,227075,20579,20101,3671,23772,273
2021-10-23,Calaveras,009,45235,3969,3865,48,3913,81
2021-10-23,Colusa,011,21464,2499,2458,624,3082,18
2021-10-23,Contra Costa,013,1133247,98730,97855,2148,100003,1008
2021-10-23,Del Norte,015,27424,3648,3540,53,3593,42
2021-10-23,El Dorado,017,186661,15842,15540,1664,17204,149
2021-10-23,Fresno,019,978130,137532,134466,12542,147008,2094
2021-10-23,Glenn,021,27897,3461,3399,1001,4400,33
2021-10-23,Humboldt,023,135768,8877,8753,525,9278,105
2021-10-23,Imperial,025,180216,33218,32777,3160,35937,766
2021-10-23,Inyo,027,18085,2233,2108,41,2149,41
2021-10-23,Kern,029,883053,125459,122939,21288,144227,1636
2021-10-23,Kings,031,150075,31716,30942,1890,32832,325
2021-10-23,Lake,033,64148,6639,6501,142,6643,105
2021-10-23,Lassen,035,31185,6772,6632,351,6983,27
2021-10-23,Los Angeles,037,10098052,1429529,1415919,54147,1470066,26527
2021-10-23,Madera,039,155013,22625,22062,2026,24088,281
2021-10-23,Marin,041,260295,17434,17264,445,17709,244
2021-10-23,Mariposa,043,17540,1243,1184,44,1228,5
2021-10-23,Mendocino,045,87422,7390,7220,480,7700,82
2021-10-23,Merced,047,269075,41318,40808,1834,42642,581
2021-10-23,Modoc,049,8938,521,507,184,691,5
2021-10-23,Mono,051,14174,1686,1655,22,1677,3
2021-10-23,Monterey,053,433212,48488,47456,2837,50293,586
2021-10-23,Napa,055,140530,12883,12789,109,12898,100
2021-10-23,Nevada,057,99092,9032,8861,312,9173,90
2021-10-23,Orange,059,3164182,305202,302237,14901,317138,5546
2021-10-23,Placer,061,380077,36542,35822,3575,39397,426
2021-10-23,Plumas,063,18699,1722,1623,32,1655,7
2021-10-23,Riverside,065,2383286,360160,354688,16362,371050,5041
2021-10-23,Sacramento,067,1510023,156991,155125,4455,159580,2232
2021-10-23,San Benito,069,59416,7319,7280,168,7448,71
2021-10-23,San Bernardino,071,2135413,351072,347681,11073,358754,5688
2021-10-23,San Diego,073,3302833,370082,366085,21718,387803,4183
2021-10-23,San Francisco,075,870044,52501,51820,2298,54118,649
2021-10-23,San Joaquin,077,732212,98689,97440,5353,102793,1721
2021-10-23,San Luis Obispo,079,281455,29276,28755,1211,29966,333
2021-10-23,San Mateo,081,765935,53778,52719,855,53574,571
2021-10-23,Santa Barbara,083,443738,44054,43552,1539,45091,523
2021-10-23,Santa Clara,085,1922200,145820,144276,1296,145572,1897
2021-10-23,Santa Cruz,087,273765,20199,19967,1003,20970,221
2021-10-23,Shasta,089,179085,20909,20386,3521,23907,321
2021-10-23,Sierra,091,2930,179,168,20,188,0
2021-10-23,Siskiyou,093,43540,3310,3231,1268,4499,46
2021-10-23,Solano,095,438530,45621,44861,1243,46104,341
2021-10-23,Sonoma,097,501317,40977,40476,521,40997,393
2021-10-23,Stanislaus,099,539301,77160,76812,8720,85532,1145
2021-10-23,Sutter,101,95872,13737,13616,329,13945,175
2021-10-23,Tehama,103,63373,8306,8105,1453,9558,110
2021-10-23,Trinity,105,12862,836,696,211,907,11
2021-10-23,Tulare,107,460477,67402,65585,14571,80156,978
2021-10-23,Tuolumne,109,53932,7018,6840,87,6927,90
2021-10-23,Ventura,111,848112,97500,96664,4292,100956,1167
2021-10-23,Yolo,113,214977,19632,19280,1093,20373,248
2021-10-23,Yuba,115,75493,9993,9838,303,10141,82
2021-10-22,Alameda,001,1643700,118664,117816,2769,120585,1397
2021-10-22,Alpine,003,1148,101,105,0,105,0
2021-10-22,Amador,005,37829,5487,5412,59,5471,64
2021-10-22,Butte,007,227075,20547,20101,3667,23768,273
2021-10-22,Calaveras,009,45235,3961,3865,48,3913,81
2021-10-22,Colusa,011,21464,2496,2458,624,3082,18
2021-10-22,Contra Costa,013,1133247,98639,97855,2146,100001,1008
2021-10-22,Del Norte,015,27424,3644,3540,53,3593,42
2021-10-22,El Dorado,017,186661,15829,15540,1662,17202,149
2021-10-22,Fresno,019,978130,137317,134466,12520,146986,2094
2021-10-22,Glenn,021,27897,3451,3399,1001,4400,33
2021-10-22,Humboldt,023,135768,8863,8753,524,9277,105
2021-10-22,Imperial,025,180216,33175,32777,3160,35937,766
2021-10-22,Inyo,027,18085,2220,2108,41,2149,41
2021-10-22,Kern,029,883053,125272,122939,21215,144154,1636
2021-10-22,Kings,031,150075,31681,30942,1889,32831,325
2021-10-22,Lake,033,64148,6629,6501,142,6643,105
2021-10-22,Lassen,035,31185,6765,6632,348,6980,27
2021-10-22,Los Angeles,037,10098052,1428775,1415919,54087,1470006,26527
2021-10-22,Madera,039,155013,22576,22062,2013,24075,281
2021-10-22,Marin,041,260295,17422,17264,445,17709,244
2021-10-22,Mariposa,043,17540,1240,1184,44,1228,5
2021-10-22,Mendocino,045,87422,7376,7220,479,7699,82
2021-10-22,Merced,047,269075,41281,40808,1827,42635,581
2021-10-22,Modoc,049,8938,521,507,184,691,5
2021-10-22,Mono,051,14174,1684,1655,22,1677,3
2021-10-22,Monterey,053,433212,48455,47456,2835,50291,586
2021-10-22,Napa,055,140530,12877,12789,109,12898,100
2021-10-22,Nevada,057,99092,9015,8861,311,9172,90
2021-10-22,Orange,059,3164182,304986,302237,14870,317107,5546
2021-10-22,Placer,061,380077,36514,35822,3566,39388,426
2021-10-22,Plumas,063,18699,1716,1623,32,1655,7
2021-10-22,Riverside,065,2383286,359849,354688,16357,371045,5041
2021-10-22,Sacramento,067,1510023,156805,155125,4445,159570,2232
2021-10-22,San Benito,069,59416,7314,7280,168,7448,71
2021-10-22,San Bernardino,071,2135413,350743,347681,11058,358739,5688
2021-10-22,San Diego,073,3302833,369669,366085,21700,387785,4183
2021-10-22,San Francisco,075,870044,52466,51820,2291,54111,649
2021-10-22,San Joaquin,077,732212,98630,97440,5350,102790,1721
2021-10-22,San Luis Obispo,079,281455,29246,28755,1211,29966,333
2021-10-22,San Mateo,081,765935,53728,52719,848,53567,571
2021-10-22,Santa Barbara,083,443738,44013,43552,1539,45091,523
2021-10-22,Santa Clara,085,1922200,145664,144276,1289,145565,1897
2021-10-22,Santa Cruz,087,273765,20177,19967,1003,20970,221
2021-10-22,Shasta,089,179085,20877,20386,3518,23904,321
2021-10-22,Sierra,091,2930,178,168,19,187,0
2021-10-22,Siskiyou,093,43540,3308,3231,1265,4496,46
2021-10-22,Solano,095,438530,45586,44861,1239,46100,341
2021-10-22,Sonoma,097,501317,40920,40476,521,40997,393
2021-10-22,Stanislaus,099,539301,77057,76812,8702,85514,1145
2021-10-22,Sutter,101,95872,13722,13616,329,13945,175
2021-10-22,Tehama,103,63373,8284,8105,1448,9553,110
2021-10-22,Trinity,105,12862,835,696,211,907,11
2021-10-22,Tulare,107,460477,67316,65585,14517,80102,978
2021-10-22,Tuolumne,109,53932,6983,6840,87,6927,90
2021-10-22,Ventura,111,848112,97447,96664,4286,100950,1167
2021-10-22,Yolo,113,214977,19605,19280,1091,20371,248
2021-10-22,Yuba,115,75493,9979,9838,301,10139,82
2021-10-21,Alameda,001,1643700,118549,117816,2764,120580,1397
2021-10-21,Alpine,003,1148,101,105,0,105,0
2021-10-21,Amador,005,37829,5479,5412,59,5471,64
2021-10-21,Butte,007,227075,20463,20101,3654,23755,273
2021-10-21,Calaveras,009,45235,3942,3865,48,3913,81
2021-10-21,Colusa,011,21464,2492,2458,620,3078,18
2021-10-21,Contra Costa,013,1133247,98524,97855,2140,99995,1008
2021-10-21,Del Norte,015,27424,3638,3540,52,3592,42
2021-10-21,El Dorado,017,186661,15801,15540,1655,17195,149
2021-10-21,Fresno,019,978130,136967,134466,12477,146943,2094
2021-10-21,Glenn,021,27897,3447,3399,998,4397,33
2021-10-21,Humboldt,023,135768,8849,8753,520,9273,105
2021-10-21,Imperial,025,180216,33120,32777,3156,35933,766
2021-10-21,Inyo,027,18085,2198,2108,41,2149,41
2021-10-21,Kern,029,883053,125024,122939,21104,144043,1636
2021-10-21,Kings,031,150075,31583,30942,1883,32825,325
2021-10-21,Lake,033,64148,6615,6501,141,6642,105
2021-10-21,Lassen,035,31185,6752,6632,344,6976,27
2021-10-21,Los Angeles,037,10098052,1427659,1415919,54036,1469955,26527
2021-10-21,Madera,039,155013,22518,22062,2003,24065,281
2021-10-21,Marin,041,260295,17404,17264,445,17709,244
2021-10-21,Mariposa,043,17540,1234,1184,43,1227,5
2021-10-21,Mendocino,045,87422,7358,7220,471,7691,82
2021-10-21,Merced,047,269075,41183,40808,1816,42624,581
2021-10-21,Modoc,049,8938,521,507,184,691,5
2021-10-21,Mono,051,14174,1675,1655,22,1677,3
2021-10-21,Monterey,053,433212,48421,47456,2823,50279,586
2021-10-21,Napa,055,140530,12865,12789,109,12898,100
2021-10-21,Nevada,057,99092,8990,8861,311,9172,90
2021-10-21,Orange,059,3164182,304713,302237,14834,317071,5546
2021-10-21,Placer,061,380077,36425,35822,3553,39375,426
2021-10-21,Plumas,063,18699,1702,1623,32,1655,7
2021-10-21,Riverside,065,2383286,359404,354688,16346,371034,5041
2021-10-21,Sacramento,067,1510023,156486,155125,4420,159545,2232
2021-10-21,San Benito,069,59416,7307,7280,166,7446,71
2021-10-21,San Bernardino,071,2135413,350365,347681,11023,358704,5688
2021-10-21,San Diego,073,3302833,369144,366085,21670,387755,4183
2021-10-21,San Francisco,075,870044,52411,51820,2290,54110,649
2021-10-21,San Joaquin,077,732212,98491,97440,5343,102783,1721
2021-10-21,San Luis Obispo,079,281455,29204,28755,1209,29964,333
2021-10-21,San Mateo,081,765935,53681,52719,847,53566,571
2021-10-21,Santa Barbara,083,443738,43947,43552,1537,45089,523
2021-10-21,Santa Clara,085,1922200,145492,144276,1285,145561,1897
2021-10-21,Santa Cruz,087,273765,20153,19967,1001,20968,221
2021-10-21,Shasta,089,179085,20815,20386,3503,23889,321
2021-10-21,Sierra,091,2930,177,168,18,186,0
2021-10-21,Siskiyou,093,43540,3303,3231,1263,4494,46
2021-10-21,Solano,095,438530,45534,44861,1237,46098,341
2021-10-21,Sonoma,097,501317,40851,40476,519,40995,393
2021-10-21,Stanislaus,099,539301,76888,76812,8691,85503,1145
2021-10-21,Sutter,101,95872,13694,13616,325,13941,175
2021-10-21,Tehama,103,63373,8257,8105,1441,9546,110
2021-10-21,Trinity,105,12862,833,696,211,907,11
2021-10-21,Tulare,107,460477,67126,65585,14446,80031,978
2021-10-21,Tuolumne,109,53932,6945,6840,86,6926,90
2021-10-21,Ventura,111,848112,97356,96664,4284,100948,1167
2021-10-21,Yolo,113,214977,19558,19280,1089,20369,248
2021-10-21,Yuba,115,75493,9955,9838,300,10138,82
2021-10-20,Alameda,001,1643700,118428,117654,2763,120417,1390
2021-10-20,Alpine,003,1148,101,103,0,103,0
2021-10-20,Amador,005,37829,5471,5379,59,5438,64
2021-10-20,Butte,007,227075,20409,20021,3639,23660,270
2021-10-20,Calaveras,009,45235,3922,3844,47,3891,81
2021-10-20,Colusa,011,21464,2488,2454,618,3072,18
2021-10-20,Contra Costa,013,1133247,98408,97721,2136,99857,1008
2021-10-20,Del Norte,015,27424,3634,3536,52,3588,42
2021-10-20,El Dorado,017,186661,15771,15502,1652,17154,149
2021-10-20,Fresno,019,978130,136565,134025,12440,146465,2084
2021-10-20,Glenn,021,27897,3439,3382,997,4379,33
2021-10-20,Humboldt,023,135768,8827,8727,518,9245,105
2021-10-20,Imperial,025,180216,33046,32705,3148,35853,766
2021-10-20,Inyo,027,18085,2178,2077,40,2117,40
2021-10-20,Kern,029,883053,124730,122630,20983,143613,1623
2021-10-20,Kings,031,150075,31506,30805,1873,32678,322
2021-10-20,Lake,033,64148,6593,6475,140,6615,104
2021-10-20,Lassen,035,31185,6737,6622,344,6966,27
2021-10-20,Los Angeles,037,10098052,1426540,1414931,53963,1468894,26506
2021-10-20,Madera,039,155013,22448,21983,1994,23977,281
2021-10-20,Marin,041,260295,17383,17250,443,17693,244
2021-10-20,Mariposa,043,17540,1227,1174,43,1217,5
2021-10-20,Mendocino,045,87422,7330,7189,468,7657,82
2021-10-20,Merced,047,269075,41102,40685,1799,42484,581
2021-10-20,Modoc,049,8938,521,504,184,688,5
2021-10-20,Mono,051,14174,1675,1653,22,1675,3
2021-10-20,Monterey,053,433212,48389,47430,2814,50244,587
2021-10-20,Napa,055,140530,12851,12773,108,12881,100
2021-10-20,Nevada,057,99092,8962,8836,311,9147,90
2021-10-20,Orange,059,3164182,304428,301957,14812,316769,5534
2021-10-20,Placer,061,380077,36335,35729,3544,39273,425
2021-10-20,Plumas,063,18699,1695,1604,32,1636,7
2021-10-20,Riverside,065,2383286,358960,354311,16329,370640,5030
2021-10-20,Sacramento,067,1510023,156186,154822,4396,159218,2222
2021-10-20,San Benito,069,59416,7304,7275,164,7439,71
2021-10-20,San Bernardino,071,2135413,349962,347217,10991,358208,5663
2021-10-20,San Diego,073,3302833,368628,365698,21651,387349,4178
2021-10-20,San Francisco,075,870044,52362,51755,2289,54044,646
2021-10-20,San Joaquin,077,732212,98346,97246,5335,102581,1721
2021-10-20,San Luis Obispo,079,281455,29159,28727,1205,29932,332
2021-10-20,San Mateo,081,765935,53610,52663,839,53502,571
2021-10-20,Santa Barbara,083,443738,43884,43489,1536,45025,523
2021-10-20,Santa Clara,085,1922200,145357,144124,1280,145404,1896
2021-10-20,Santa Cruz,087,273765,20140,19951,1001,20952,219
2021-10-20,Shasta,089,179085,20754,20313,3476,23789,320
2021-10-20,Sierra,091,2930,177,168,18,186,0
2021-10-20,Siskiyou,093,43540,3303,3224,1257,4481,46
2021-10-20,Solano,095,438530,45502,44819,1235,46054,341
2021-10-20,Sonoma,097,501317,40804,40404,519,40923,393
2021-10-20,Stanislaus,099,539301,76738,76631,8672,85303,1145
2021-10-20,Sutter,101,95872,13670,13592,319,13911,175
2021-10-20,Tehama,103,63373,8226,8081,1430,9511,110
2021-10-20,Trinity,105,12862,833,693,210,903,11
2021-10-20,Tulare,107,460477,66952,65413,14400,79813,967
2021-10-20,Tuolumne,109,53932,6922,6803,86,6889,89
2021-10-20,Ventura,111,848112,97274,96610,4280,100890,1166
2021-10-20,Yolo,113,214977,19514,19236,1086,20322,248
2021-10-20,Yuba,115,75493,9938,9808,297,10105,82
2021-10-19,Alameda,001,1643700,118306,117542,2757,120299,1383
2021-10-19,Alpine,003,1148,101,103,0,103,0
2021-10-19,Amador,005,37829,5455,5367,59,5426,64
2021-10-19,Butte,007,227075,20356,19974,3631,23605,268
2021-10-19,Calaveras,009,45235,3905,3826,46,3872,80
2021-10-19,Colusa,011,21464,2485,2447,616,3063,18
2021-10-19,Contra Costa,013,1133247,98317,97613,2131,99744,1004
2021-10-19,Del Norte,015,27424,3627,3531,52,3583,42
2021-10-19,El Dorado,017,186661,15746,15478,1647,17125,149
2021-10-19,Fresno,019,978130,136200,133813,12391,146204,2073
2021-10-19,Glenn,021,27897,3436,3380,995,4375,33
2021-10-19,Humboldt,023,135768,8803,8714,512,9226,105
2021-10-19,Imperial,025,180216,32980,32632,3144,35776,764
2021-10-19,Inyo,027,18085,2147,2045,40,2085,40
2021-10-19,Kern,029,883053,124413,122391,20859,143250,1613
2021-10-19,Kings,031,150075,31412,30757,1866,32623,322
2021-10-19,Lake,033,64148,6589,6465,140,6605,104
2021-10-19,Lassen,035,31185,6731,6612,340,6952,27
2021-10-19,Los Angeles,037,10098052,1425295,1413882,53886,1467768,26473
2021-10-19,Madera,039,155013,22385,21950,1986,23936,281
2021-10-19,Marin,041,260295,17369,17241,440,17681,244
2021-10-19,Mariposa,043,17540,1221,1171,41,1212,5
2021-10-19,Mendocino,045,87422,7315,7172,465,7637,82
2021-10-19,Merced,047,269075,40987,40628,1778,42406,580
2021-10-19,Modoc,049,8938,519,502,184,686,5
2021-10-19,Mono,051,14174,1671,1651,22,1673,3
2021-10-19,Monterey,053,433212,48352,47412,2803,50215,583
2021-10-19,Napa,055,140530,12844,12769,108,12877,100
2021-10-19,Nevada,057,99092,8941,8829,310,9139,90
2021-10-19,Orange,059,3164182,304171,301700,14779,316479,5527
2021-10-19,Placer,061,380077,36214,35663,3529,39192,422
2021-10-19,Plumas,063,18699,1677,1586,32,1618,8
2021-10-19,Riverside,065,2383286,358538,353891,16321,370212,5020
2021-10-19,Sacramento,067,1510023,155880,154570,4370,158940,2227
2021-10-19,San Benito,069,59416,7288,7264,164,7428,71
2021-10-19,San Bernardino,071,2135413,349561,346814,10961,357775,5627
2021-10-19,San Diego,073,3302833,368034,365285,21620,386905,4170
2021-10-19,San Francisco,075,870044,52299,51704,2287,53991,645
2021-10-19,San Joaquin,077,732212,98179,97105,5324,102429,1721
2021-10-19,San Luis Obispo,079,281455,29111,28670,1202,29872,332
2021-10-19,San Mateo,081,765935,53552,52617,837,53454,571
2021-10-19,Santa Barbara,083,443738,43817,43413,1534,44947,522
2021-10-19,Santa Clara,085,1922200,145184,143989,1272,145261,1898
2021-10-19,Santa Cruz,087,273765,20116,19895,999,20894,218
2021-10-19,Shasta,089,179085,20678,20209,3468,23677,319
2021-10-19,Sierra,091,2930,174,168,18,186,0
2021-10-19,Siskiyou,093,43540,3299,3216,1252,4468,46
2021-10-19,Solano,095,438530,45460,44782,1229,46011,341
2021-10-19,Sonoma,097,501317,40730,40379,518,40897,392
2021-10-19,Stanislaus,099,539301,76596,76526,8660,85186,1145
2021-10-19,Sutter,101,95872,13646,13569,318,13887,174
2021-10-19,Tehama,103,63373,8196,8057,1414,9471,108
2021-10-19,Trinity,105,12862,826,691,210,901,11
2021-10-19,Tulare,107,460477,66765,65253,14331,79584,958
2021-10-19,Tuolumne,109,53932,6893,6782,85,6867,89
2021-10-19,Ventura,111,848112,97198,96539,4275,100814,1166
2021-10-19,Yolo,113,214977,19469,19206,1081,20287,248
2021-10-19,Yuba,115,75493,9920,9796,296,10092,82
2021-10-18,Alameda,001,1643700,118170,117506,2748,120254,1381
2021-10-18,Alpine,003,1148,101,103,0,103,0
2021-10-18,Amador,005,37829,5444,5345,59,5404,64
2021-10-18,Butte,007,227075,20305,19921,3623,23544,265
2021-10-18,Calaveras,009,45235,3880,3819,45,3864,80
2021-10-18,Colusa,011,21464,2484,2444,614,3058,18
2021-10-18,Contra Costa,013,1133247,98205,97585,2127,99712,995
2021-10-18,Del Norte,015,27424,3620,3529,52,3581,41
2021-10-18,El Dorado,017,186661,15715,15452,1645,17097,149
2021-10-18,Fresno,019,978130,135797,133688,12348,146036,2063
2021-10-18,Glenn,021,27897,3432,3370,991,4361,32
2021-10-18,Humboldt,023,135768,8784,8699,504,9203,104
2021-10-18,Imperial,025,180216,32889,32558,3144,35702,764
2021-10-18,Inyo,027,18085,2129,2020,40,2060,40
2021-10-18,Kern,029,883053,124114,122231,20764,142995,1605
2021-10-18,Kings,031,150075,31297,30698,1853,32551,320
2021-10-18,Lake,033,64148,6570,6455,136,6591,104
2021-10-18,Lassen,035,31185,6711,6607,337,6944,26
2021-10-18,Los Angeles,037,10098052,1424052,1413291,53809,1467100,26446
2021-10-18,Madera,039,155013,22331,21909,1973,23882,277
2021-10-18,Marin,041,260295,17349,17232,437,17669,244
2021-10-18,Mariposa,043,17540,1213,1160,41,1201,5
2021-10-18,Mendocino,045,87422,7296,7156,457,7613,82
2021-10-18,Merced,047,269075,40864,40573,1767,42340,579
2021-10-18,Modoc,049,8938,519,498,184,682,5
2021-10-18,Mono,051,14174,1665,1648,21,1669,3
2021-10-18,Monterey,053,433212,48330,47389,2798,50187,583
2021-10-18,Napa,055,140530,12829,12762,108,12870,100
2021-10-18,Nevada,057,99092,8922,8816,310,9126,90
2021-10-18,Orange,059,3164182,303832,301573,14745,316318,5524
2021-10-18,Placer,061,380077,36137,35598,3525,39123,420
2021-10-18,Plumas,063,18699,1669,1579,32,1611,6
2021-10-18,Riverside,065,2383286,358123,353699,16307,370006,5008
2021-10-18,Sacramento,067,1510023,155575,154428,4338,158766,2203
2021-10-18,San Benito,069,59416,7276,7253,164,7417,71
2021-10-18,San Bernardino,071,2135413,349139,346742,10946,357688,5606
2021-10-18,San Diego,073,3302833,367468,364948,21582,386530,4169
2021-10-18,San Francisco,075,870044,52236,51671,2281,53952,644
2021-10-18,San Joaquin,077,732212,98013,97041,5314,102355,1721
2021-10-18,San Luis Obispo,079,281455,29072,28644,1199,29843,331
2021-10-18,San Mateo,081,765935,53487,52594,836,53430,571
2021-10-18,Santa Barbara,083,443738,43758,43386,1532,44918,522
2021-10-18,Santa Clara,085,1922200,145029,143891,1263,145154,1895
2021-10-18,Santa Cruz,087,273765,20102,19876,997,20873,218
2021-10-18,Shasta,089,179085,20598,20146,3457,23603,313
2021-10-18,Sierra,091,2930,174,166,18,184,0
2021-10-18,Siskiyou,093,43540,3296,3210,1244,4454,42
2021-10-18,Solano,095,438530,45416,44758,1226,45984,339
2021-10-18,Sonoma,097,501317,40666,40349,515,40864,392
2021-10-18,Stanislaus,099,539301,76432,76466,8647,85113,1145
2021-10-18,Sutter,101,95872,13612,13557,316,13873,172
2021-10-18,Tehama,103,63373,8161,8042,1402,9444,107
2021-10-18,Trinity,105,12862,825,688,210,898,11
2021-10-18,Tulare,107,460477,66589,65171,14265,79436,958
2021-10-18,Tuolumne,109,53932,6864,6755,85,6840,89
2021-10-18,Ventura,111,848112,97103,96506,4272,100778,1165
2021-10-18,Yolo,113,214977,19431,19197,1078,20275,248
2021-10-18,Yuba,115,75493,9893,9782,294,10076,82
2021-10-17,Alameda,001,1643700,118017,117423,2743,120166,1376
2021-10-17,Alpine,003,1148,101,103,0,103,0
2021-10-17,Amador,005,37829,5421,5341,58,5399,64
2021-10-17,Butte,007,227075,20220,19897,3614,23511,265
2021-10-17,Calaveras,009,45235,3864,3805,45,3850,80
2021-10-17,Colusa,011,21464,2479,2442,607,3049,18
2021-10-17,Contra Costa,013,1133247,98082,97485,2116,99601,995
2021-10-17,Del Norte,015,27424,3615,3526,52,3578,41
2021-10-17,El Dorado,017,186661,15657,15438,1638,17076,149
2021-10-17,Fresno,019,978130,135330,133429,12307,145736,2063
2021-10-17,Glenn,021,27897,3422,3364,986,4350,32
2021-10-17,Humboldt,023,135768,8764,8690,501,9191,104
2021-10-17,Imperial,025,180216,32806,32520,3137,35657,764
2021-10-17,Inyo,027,18085,2101,2000,40,2040,40
2021-10-17,Kern,029,883053,123764,122085,20664,142749,1603
2021-10-17,Kings,031,150075,31184,30636,1844,32480,315
2021-10-17,Lake,033,64148,6554,6437,136,6573,104
2021-10-17,Lassen,035,31185,6699,6605,333,6938,26
2021-10-17,Los Angeles,037,10098052,1422715,1412371,53733,1466104,26443
2021-10-17,Madera,039,155013,22269,21869,1962,23831,277
2021-10-17,Marin,041,260295,17327,17211,437,17648,243
2021-10-17,Mariposa,043,17540,1206,1150,41,1191,5
2021-10-17,Mendocino,045,87422,7267,7148,451,7599,82
2021-10-17,Merced,047,269075,40738,40531,1751,42282,579
2021-10-17,Modoc,049,8938,516,498,182,680,5
2021-10-17,Mono,051,14174,1663,1640,20,1660,3
2021-10-17,Monterey,053,433212,48289,47369,2788,50157,583
2021-10-17,Napa,055,140530,12814,12753,105,12858,100
2021-10-17,Nevada,057,99092,8905,8794,309,9103,90
2021-10-17,Orange,059,3164182,303517,301414,14712,316126,5524
2021-10-17,Placer,061,380077,36038,35559,3510,39069,420
2021-10-17,Plumas,063,18699,1645,1571,31,1602,6
2021-10-17,Riverside,065,2383286,357639,353500,16293,369793,5008
2021-10-17,Sacramento,067,1510023,155176,154080,4320,158400,2213
2021-10-17,San Benito,069,59416,7267,7250,163,7413,71
2021-10-17,San Bernardino,071,2135413,348710,346524,10926,357450,5597
2021-10-17,San Diego,073,3302833,366860,364675,21554,386229,4163
2021-10-17,San Francisco,075,870044,52164,51625,2271,53896,644
2021-10-17,San Joaquin,077,732212,97840,96950,5305,102255,1721
2021-10-17,San Luis Obispo,079,281455,29020,28604,1191,29795,331
2021-10-17,San Mateo,081,765935,53435,52541,832,53373,571
2021-10-17,Santa Barbara,083,443738,43695,43344,1531,44875,522
2021-10-17,Santa Clara,085,1922200,144853,143768,1254,145022,1895
2021-10-17,Santa Cruz,087,273765,20074,19861,995,20856,218
2021-10-17,Shasta,089,179085,20508,20116,3447,23563,312
2021-10-17,Sierra,091,2930,172,165,18,183,0
2021-10-17,Siskiyou,093,43540,3288,3204,1241,4445,42
2021-10-17,Solano,095,438530,45359,44722,1225,45947,340
2021-10-17,Sonoma,097,501317,40590,40306,514,40820,392
2021-10-17,Stanislaus,099,539301,76235,76354,8632,84986,1145
2021-10-17,Sutter,101,95872,13595,13543,314,13857,172
2021-10-17,Tehama,103,63373,8129,8015,1385,9400,107
2021-10-17,Trinity,105,12862,822,686,209,895,11
2021-10-17,Tulare,107,460477,66404,65057,14191,79248,958
2021-10-17,Tuolumne,109,53932,6829,6735,84,6819,89
2021-10-17,Ventura,111,848112,97003,96458,4269,100727,1165
2021-10-17,Yolo,113,214977,19389,19171,1069,20240,248
2021-10-17,Yuba,115,75493,9867,9771,292,10063,82
2021-10-16,Alameda,001,1643700,117926,117027,2742,119769,1365
2021-10-16,Alpine,003,1148,100,102,0,102,0
2021-10-16,Amador,005,37829,5414,5310,58,5368,64
2021-10-16,Butte,007,227075,20189,19612,3607,23219,260
2021-10-16,Calaveras,009,45235,3857,3771,45,3816,80
2021-10-16,Colusa,011,21464,2475,2431,604,3035,18
2021-10-16,Contra Costa,013,1133247,97991,97107,2109,99216,982
2021-10-16,Del Norte,015,27424,3612,3516,52,3568,41
2021-10-16,El Dorado,017,186661,15636,15315,1636,16951,149
2021-10-16,Fresno,019,978130,135177,132433,12290,144723,2051
2021-10-16,Glenn,021,27897,3416,3331,986,4317,26
2021-10-16,Humboldt,023,135768,8752,8621,496,9117,104
2021-10-16,Imperial,025,180216,32791,32368,3135,35503,764
2021-10-16,Inyo,027,18085,2087,1932,40,1972,39
2021-10-16,Kern,029,883053,123609,121354,20581,141935,1590
2021-10-16,Kings,031,150075,31138,30418,1841,32259,314
2021-10-16,Lake,033,64148,6543,6378,136,6514,104
2021-10-16,Lassen,035,31185,6690,6559,328,6887,26
2021-10-16,Los Angeles,037,10098052,1422065,1409418,53678,1463096,26398
2021-10-16,Madera,039,155013,22225,21707,1958,23665,277
2021-10-16,Marin,041,260295,17317,17148,437,17585,243
2021-10-16,Mariposa,043,17540,1203,1096,41,1137,5
2021-10-16,Mendocino,045,87422,7256,7099,451,7550,82
2021-10-16,Merced,047,269075,40706,40265,1749,42014,577
2021-10-16,Modoc,049,8938,513,492,182,674,5
2021-10-16,Mono,051,14174,1659,1628,20,1648,3
2021-10-16,Monterey,053,433212,48272,47293,2780,50073,582
2021-10-16,Napa,055,140530,12803,12706,105,12811,100
2021-10-16,Nevada,057,99092,8885,8739,309,9048,90
2021-10-16,Orange,059,3164182,303341,300722,14687,315409,5509
2021-10-16,Placer,061,380077,35954,35343,3504,38847,412
2021-10-16,Plumas,063,18699,1640,1542,30,1572,6
2021-10-16,Riverside,065,2383286,357370,352435,16281,368716,4990
2021-10-16,Sacramento,067,1510023,154976,153264,4316,157580,2192
2021-10-16,San Benito,069,59416,7254,7210,162,7372,71
2021-10-16,San Bernardino,071,2135413,348503,345418,10918,356336,5566
2021-10-16,San Diego,073,3302833,366537,363109,21538,384647,4151
2021-10-16,San Francisco,075,870044,52117,51436,2267,53703,645
2021-10-16,San Joaquin,077,732212,97768,96507,5302,101809,1708
2021-10-16,San Luis Obispo,079,281455,28994,28460,1190,29650,329
2021-10-16,San Mateo,081,765935,53386,52399,831,53230,569
2021-10-16,Santa Barbara,083,443738,43659,43175,1530,44705,521
2021-10-16,Santa Clara,085,1922200,144753,143282,1246,144528,1890
2021-10-16,Santa Cruz,087,273765,20059,19794,994,20788,218
2021-10-16,Shasta,089,179085,20458,19932,3436,23368,309
2021-10-16,Sierra,091,2930,170,160,18,178,0
2021-10-16,Siskiyou,093,43540,3286,3173,1234,4407,42
2021-10-16,Solano,095,438530,45333,44585,1221,45806,334
2021-10-16,Sonoma,097,501317,40550,40195,514,40709,390
2021-10-16,Stanislaus,099,539301,76149,75868,8622,84490,1142
2021-10-16,Sutter,101,95872,13576,13471,313,13784,169
2021-10-16,Tehama,103,63373,8116,7907,1380,9287,104
2021-10-16,Trinity,105,12862,822,679,209,888,11
2021-10-16,Tulare,107,460477,66266,64489,14159,78648,951
2021-10-16,Tuolumne,109,53932,6797,6666,84,6750,89
2021-10-16,Ventura,111,848112,96971,96181,4264,100445,1164
2021-10-16,Yolo,113,214977,19362,19078,1063,20141,247
2021-10-16,Yuba,115,75493,9843,9705,289,9994,82
2021-10-15,Alameda,001,1643700,117852,117027,2738,119765,1365
2021-10-15,Alpine,003,1148,100,102,0,102,0
2021-10-15,Amador,005,37829,5390,5310,58,5368,64
2021-10-15,Butte,007,227075,20152,19612,3600,23212,260
2021-10-15,Calaveras,009,45235,3851,3771,45,3816,80
2021-10-15,Colusa,011,21464,2473,2431,601,3032,18
2021-10-15,Contra Costa,013,1133247,97909,97107,2105,99212,982
2021-10-15,Del Norte,015,27424,3610,3516,52,3568,41
2021-10-15,El Dorado,017,186661,15616,15315,1631,16946,149
2021-10-15,Fresno,019,978130,134924,132433,12281,144714,2051
2021-10-15,Glenn,021,27897,3410,3331,985,4316,26
2021-10-15,Humboldt,023,135768,8743,8621,494,9115,104
2021-10-15,Imperial,025,180216,32744,32368,3131,35499,764
2021-10-15,Inyo,027,18085,2069,1932,40,1972,39
2021-10-15,Kern,029,883053,123473,121354,20506,141860,1590
2021-10-15,Kings,031,150075,31083,30418,1837,32255,314
2021-10-15,Lake,033,64148,6534,6378,136,6514,104
2021-10-15,Lassen,035,31185,6678,6559,327,6886,26
2021-10-15,Los Angeles,037,10098052,1421374,1409418,53629,1463047,26398
2021-10-15,Madera,039,155013,22181,21707,1950,23657,277
2021-10-15,Marin,041,260295,17306,17148,437,17585,243
2021-10-15,Mariposa,043,17540,1195,1096,41,1137,5
2021-10-15,Mendocino,045,87422,7241,7099,451,7550,82
2021-10-15,Merced,047,269075,40676,40265,1746,42011,577
2021-10-15,Modoc,049,8938,512,492,182,674,5
2021-10-15,Mono,051,14174,1656,1628,20,1648,3
2021-10-15,Monterey,053,433212,48250,47293,2778,50071,582
2021-10-15,Napa,055,140530,12799,12706,105,12811,100
2021-10-15,Nevada,057,99092,8870,8739,309,9048,90
2021-10-15,Orange,059,3164182,303173,300722,14668,315390,5509
2021-10-15,Placer,061,380077,35900,35343,3498,38841,412
2021-10-15,Plumas,063,18699,1632,1542,30,1572,6
2021-10-15,Riverside,065,2383286,357128,352435,16276,368711,4990
2021-10-15,Sacramento,067,1510023,154791,153264,4306,157570,2192
2021-10-15,San Benito,069,59416,7251,7210,162,7372,71
2021-10-15,San Bernardino,071,2135413,348267,345418,10915,356333,5566
2021-10-15,San Diego,073,3302833,366173,363109,21513,384622,4151
2021-10-15,San Francisco,075,870044,52077,51436,2260,53696,645
2021-10-15,San Joaquin,077,732212,97690,96507,5295,101802,1708
2021-10-15,San Luis Obispo,079,281455,28973,28460,1188,29648,329
2021-10-15,San Mateo,081,765935,53342,52399,830,53229,569
2021-10-15,Santa Barbara,083,443738,43621,43175,1530,44705,521
2021-10-15,Santa Clara,085,1922200,144631,143282,1238,144520,1890
2021-10-15,Santa Cruz,087,273765,20048,19794,994,20788,218
2021-10-15,Shasta,089,179085,20401,19932,3428,23360,309
2021-10-15,Sierra,091,2930,170,160,18,178,0
2021-10-15,Siskiyou,093,43540,3285,3173,1231,4404,42
2021-10-15,Solano,095,438530,45307,44585,1221,45806,334
2021-10-15,Sonoma,097,501317,40516,40195,513,40708,390
2021-10-15,Stanislaus,099,539301,76069,75868,8606,84474,1142
2021-10-15,Sutter,101,95872,13559,13471,311,13782,169
2021-10-15,Tehama,103,63373,8095,7907,1374,9281,104
2021-10-15,Trinity,105,12862,822,679,209,888,11
2021-10-15,Tulare,107,460477,66187,64489,14122,78611,951
2021-10-15,Tuolumne,109,53932,6774,6666,82,6748,89
2021-10-15,Ventura,111,848112,96929,96181,4261,100442,1164
2021-10-15,Yolo,113,214977,19347,19078,1059,20137,247
2021-10-15,Yuba,115,75493,9833,9705,288,9993,82
2021-10-14,Alameda,001,1643700,117742,117027,2733,119760,1365
2021-10-14,Alpine,003,1148,100,102,0,102,0
2021-10-14,Amador,005,37829,5379,5310,58,5368,64
2021-10-14,Butte,007,227075,20100,19612,3595,23207,260
2021-10-14,Calaveras,009,45235,3838,3771,44,3815,80
2021-10-14,Colusa,011,21464,2471,2431,599,3030,18
2021-10-14,Contra Costa,013,1133247,97774,97107,2097,99204,982
2021-10-14,Del Norte,015,27424,3604,3516,52,3568,41
2021-10-14,El Dorado,017,186661,15578,15315,1628,16943,149
2021-10-14,Fresno,019,978130,134629,132433,12250,144683,2051
2021-10-14,Glenn,021,27897,3405,3331,984,4315,26
2021-10-14,Humboldt,023,135768,8726,8621,491,9112,104
2021-10-14,Imperial,025,180216,32681,32368,3124,35492,764
2021-10-14,Inyo,027,18085,2050,1932,40,1972,39
2021-10-14,Kern,029,883053,123203,121354,20406,141760,1590
2021-10-14,Kings,031,150075,31018,30418,1829,32247,314
2021-10-14,Lake,033,64148,6513,6378,135,6513,104
2021-10-14,Lassen,035,31185,6672,6559,326,6885,26
2021-10-14,Los Angeles,037,10098052,1420391,1409418,53577,1462995,26398
2021-10-14,Madera,039,155013,22116,21707,1944,23651,277
2021-10-14,Marin,041,260295,17301,17148,435,17583,243
2021-10-14,Mariposa,043,17540,1182,1096,40,1136,5
2021-10-14,Mendocino,045,87422,7227,7099,449,7548,82
2021-10-14,Merced,047,269075,40588,40265,1732,41997,577
2021-10-14,Modoc,049,8938,512,492,182,674,5
2021-10-14,Mono,051,14174,1649,1628,20,1648,3
2021-10-14,Monterey,053,433212,48224,47293,2773,50066,582
2021-10-14,Napa,055,140530,12784,12706,105,12811,100
2021-10-14,Nevada,057,99092,8843,8739,307,9046,90
2021-10-14,Orange,059,3164182,302964,300722,14651,315373,5509
2021-10-14,Placer,061,380077,35833,35343,3484,38827,412
2021-10-14,Plumas,063,18699,1617,1542,30,1572,6
2021-10-14,Riverside,065,2383286,356731,352435,16265,368700,4990
2021-10-14,Sacramento,067,1510023,154539,153264,4284,157548,2192
2021-10-14,San Benito,069,59416,7240,7210,162,7372,71
2021-10-14,San Bernardino,071,2135413,347909,345418,10909,356327,5566
2021-10-14,San Diego,073,3302833,365725,363109,21486,384595,4151
2021-10-14,San Francisco,075,870044,52021,51436,2256,53692,645
2021-10-14,San Joaquin,077,732212,97561,96507,5286,101793,1708
2021-10-14,San Luis Obispo,079,281455,28929,28460,1184,29644,329
2021-10-14,San Mateo,081,765935,53294,52399,829,53228,569
2021-10-14,Santa Barbara,083,443738,43565,43175,1525,44700,521
2021-10-14,Santa Clara,085,1922200,144490,143282,1232,144514,1890
2021-10-14,Santa Cruz,087,273765,20025,19794,994,20788,218
2021-10-14,Shasta,089,179085,20344,19932,3416,23348,309
2021-10-14,Sierra,091,2930,169,160,18,178,0
2021-10-14,Siskiyou,093,43540,3282,3173,1223,4396,42
2021-10-14,Solano,095,438530,45257,44585,1213,45798,334
2021-10-14,Sonoma,097,501317,40465,40195,510,40705,390
2021-10-14,Stanislaus,099,539301,75923,75868,8593,84461,1142
2021-10-14,Sutter,101,95872,13539,13471,310,13781,169
2021-10-14,Tehama,103,63373,8064,7907,1367,9274,104
2021-10-14,Trinity,105,12862,821,679,208,887,11
2021-10-14,Tulare,107,460477,66003,64489,14074,78563,951
2021-10-14,Tuolumne,109,53932,6743,6666,81,6747,89
2021-10-14,Ventura,111,848112,96861,96181,4255,100436,1164
2021-10-14,Yolo,113,214977,19314,19078,1052,20130,247
2021-10-14,Yuba,115,75493,9819,9705,279,9984,82
2021-10-13,Alameda,001,1643700,117635,116914,2728,119642,1360
2021-10-13,Alpine,003,1148,100,102,0,102,0
2021-10-13,Amador,005,37829,5365,5305,58,5363,63
2021-10-13,Butte,007,227075,20026,19546,3591,23137,257
2021-10-13,Calaveras,009,45235,3817,3756,42,3798,79
2021-10-13,Colusa,011,21464,2464,2430,595,3025,18
2021-10-13,Contra Costa,013,1133247,97658,96975,2096,99071,969
2021-10-13,Del Norte,015,27424,3599,3512,52,3564,39
2021-10-13,El Dorado,017,186661,15554,15302,1623,16925,149
2021-10-13,Fresno,019,978130,134295,132055,12217,144272,2048
2021-10-13,Glenn,021,27897,3400,3327,980,4307,26
2021-10-13,Humboldt,023,135768,8715,8604,487,9091,102
2021-10-13,Imperial,025,180216,32621,32317,3121,35438,762
2021-10-13,Inyo,027,18085,2013,1907,40,1947,39
2021-10-13,Kern,029,883053,122959,120956,20311,141267,1586
2021-10-13,Kings,031,150075,30937,30246,1822,32068,312
2021-10-13,Lake,033,64148,6493,6371,135,6506,103
2021-10-13,Lassen,035,31185,6661,6535,320,6855,25
2021-10-13,Los Angeles,037,10098052,1419335,1408384,53520,1461904,26379
2021-10-13,Madera,039,155013,22063,21609,1930,23539,277
2021-10-13,Marin,041,260295,17277,17137,434,17571,243
2021-10-13,Mariposa,043,17540,1168,1090,40,1130,5
2021-10-13,Mendocino,045,87422,7211,7088,441,7529,82
2021-10-13,Merced,047,269075,40503,40164,1721,41885,577
2021-10-13,Modoc,049,8938,510,490,180,670,5
2021-10-13,Mono,051,14174,1649,1612,20,1632,3
2021-10-13,Monterey,053,433212,48205,47273,2766,50039,582
2021-10-13,Napa,055,140530,12773,12695,103,12798,100
2021-10-13,Nevada,057,99092,8821,8725,307,9032,90
2021-10-13,Orange,059,3164182,302756,300468,14635,315103,5503
2021-10-13,Placer,061,380077,35766,35254,3475,38729,412
2021-10-13,Plumas,063,18699,1603,1514,30,1544,6
2021-10-13,Riverside,065,2383286,356401,352044,16252,368296,4978
2021-10-13,Sacramento,067,1510023,154290,153141,4262,157403,2182
2021-10-13,San Benito,069,59416,7234,7196,161,7357,71
2021-10-13,San Bernardino,071,2135413,347584,344951,10892,355843,5562
2021-10-13,San Diego,073,3302833,365289,362564,21464,384028,4141
2021-10-13,San Francisco,075,870044,51979,51379,2252,53631,644
2021-10-13,San Joaquin,077,732212,97418,96343,5281,101624,1696
2021-10-13,San Luis Obispo,079,281455,28891,28397,1181,29578,330
2021-10-13,San Mateo,081,765935,53243,52352,825,53177,569
2021-10-13,Santa Barbara,083,443738,43513,43109,1525,44634,518
2021-10-13,Santa Clara,085,1922200,144352,143064,1231,144295,1886
2021-10-13,Santa Cruz,087,273765,19999,19763,993,20756,217
2021-10-13,Shasta,089,179085,20274,19802,3395,23197,307
2021-10-13,Sierra,091,2930,169,155,18,173,0
2021-10-13,Siskiyou,093,43540,3274,3173,1222,4395,42
2021-10-13,Solano,095,438530,45218,44558,1210,45768,334
2021-10-13,Sonoma,097,501317,40409,40122,510,40632,390
2021-10-13,Stanislaus,099,539301,75782,75698,8583,84281,1136
2021-10-13,Sutter,101,95872,13509,13458,308,13766,169
2021-10-13,Tehama,103,63373,8028,7849,1361,9210,103
2021-10-13,Trinity,105,12862,818,677,208,885,11
2021-10-13,Tulare,107,460477,65823,64297,14018,78315,945
2021-10-13,Tuolumne,109,53932,6729,6644,80,6724,89
2021-10-13,Ventura,111,848112,96787,96099,4249,100348,1162
2021-10-13,Yolo,113,214977,19285,19023,1050,20073,247
2021-10-13,Yuba,115,75493,9794,9690,265,9955,80
2021-10-12,Alameda,001,1643700,117531,116813,2723,119536,1357
2021-10-12,Alpine,003,1148,100,102,0,102,0
2021-10-12,Amador,005,37829,5354,5301,58,5359,63
2021-10-12,Butte,007,227075,19956,19506,3579,23085,256
2021-10-12,Calaveras,009,45235,3802,3750,42,3792,75
2021-10-12,Colusa,011,21464,2461,2428,593,3021,18
2021-10-12,Contra Costa,013,1133247,97543,96894,2087,98981,960
2021-10-12,Del Norte,015,27424,3593,3511,52,3563,39
2021-10-12,El Dorado,017,186661,15520,15287,1621,16908,148
2021-10-12,Fresno,019,978130,133932,131848,12186,144034,2042
2021-10-12,Glenn,021,27897,3385,3321,979,4300,26
2021-10-12,Humboldt,023,135768,8688,8587,481,9068,102
2021-10-12,Imperial,025,180216,32569,32267,3119,35386,762
2021-10-12,Inyo,027,18085,1981,1889,40,1929,39
2021-10-12,Kern,029,883053,122672,120826,20200,141026,1580
2021-10-12,Kings,031,150075,30863,30200,1811,32011,312
2021-10-12,Lake,033,64148,6478,6372,133,6505,97
2021-10-12,Lassen,035,31185,6651,6526,319,6845,25
2021-10-12,Los Angeles,037,10098052,1418268,1407462,53472,1460934,26362
2021-10-12,Madera,039,155013,21992,21574,1917,23491,277
2021-10-12,Marin,041,260295,17254,17126,434,17560,242
2021-10-12,Mariposa,043,17540,1154,1088,40,1128,5
2021-10-12,Mendocino,045,87422,7182,7077,438,7515,82
2021-10-12,Merced,047,269075,40424,40113,1715,41828,567
2021-10-12,Modoc,049,8938,505,485,179,664,5
2021-10-12,Mono,051,14174,1647,1608,20,1628,3
2021-10-12,Monterey,053,433212,48174,47254,2758,50012,582
2021-10-12,Napa,055,140530,12759,12671,103,12774,97
2021-10-12,Nevada,057,99092,8809,8720,306,9026,89
2021-10-12,Orange,059,3164182,302502,300256,14609,314865,5499
2021-10-12,Placer,061,380077,35703,35214,3467,38681,404
2021-10-12,Plumas,063,18699,1589,1488,29,1517,6
2021-10-12,Riverside,065,2383286,356075,351771,16238,368009,4973
2021-10-12,Sacramento,067,1510023,153985,152935,4237,157172,2170
2021-10-12,San Benito,069,59416,7220,7193,161,7354,71
2021-10-12,San Bernardino,071,2135413,347269,344788,10882,355670,5563
2021-10-12,San Diego,073,3302833,364766,362256,21435,383691,4137
2021-10-12,San Francisco,075,870044,51916,51301,2251,53552,643
2021-10-12,San Joaquin,077,732212,97281,96237,5276,101513,1690
2021-10-12,San Luis Obispo,079,281455,28844,28379,1180,29559,327
2021-10-12,San Mateo,081,765935,53193,52328,824,53152,569
2021-10-12,Santa Barbara,083,443738,43452,43076,1525,44601,515
2021-10-12,Santa Clara,085,1922200,144198,142954,1229,144183,1882
2021-10-12,Santa Cruz,087,273765,19974,19757,993,20750,218
2021-10-12,Shasta,089,179085,20200,19731,3374,23105,304
2021-10-12,Sierra,091,2930,169,153,18,171,0
2021-10-12,Siskiyou,093,43540,3263,3166,1216,4382,42
2021-10-12,Solano,095,438530,45176,44516,1205,45721,329
2021-10-12,Sonoma,097,501317,40368,40105,509,40614,390
2021-10-12,Stanislaus,099,539301,75630,75589,8570,84159,1126
2021-10-12,Sutter,101,95872,13486,13436,304,13740,168
2021-10-12,Tehama,103,63373,7996,7820,1357,9177,103
2021-10-12,Trinity,105,12862,815,676,208,884,11
2021-10-12,Tulare,107,460477,65638,64216,13961,78177,944
2021-10-12,Tuolumne,109,53932,6712,6637,79,6716,89
2021-10-12,Ventura,111,848112,96686,96022,4244,100266,1160
2021-10-12,Yolo,113,214977,19258,18987,1042,20029,247
2021-10-12,Yuba,115,75493,9779,9676,261,9937,70
2021-10-11,Alameda,001,1643700,117390,116759,2722,119481,1358
2021-10-11,Alpine,003,1148,100,102,0,102,0
2021-10-11,Amador,005,37829,5342,5286,58,5344,62
2021-10-11,Butte,007,227075,19897,19452,3574,23026,253
2021-10-11,Calaveras,009,45235,3781,3750,42,3792,75
2021-10-11,Colusa,011,21464,2457,2427,585,3012,18
2021-10-11,Contra Costa,013,1133247,97407,96832,2082,98914,960
2021-10-11,Del Norte,015,27424,3590,3510,48,3558,39
2021-10-11,El Dorado,017,186661,15491,15273,1617,16890,146
2021-10-11,Fresno,019,978130,133602,131703,12151,143854,2036
2021-10-11,Glenn,021,27897,3368,3308,976,4284,26
2021-10-11,Humboldt,023,135768,8663,8571,474,9045,101
2021-10-11,Imperial,025,180216,32519,32207,3113,35320,762
2021-10-11,Inyo,027,18085,1958,1862,39,1901,39
2021-10-11,Kern,029,883053,122436,120684,20104,140788,1575
2021-10-11,Kings,031,150075,30774,30180,1801,31981,309
2021-10-11,Lake,033,64148,6462,6361,129,6490,97
2021-10-11,Lassen,035,31185,6631,6499,316,6815,25
2021-10-11,Los Angeles,037,10098052,1417220,1406826,53421,1460247,26346
2021-10-11,Madera,039,155013,21935,21555,1900,23455,272
2021-10-11,Marin,041,260295,17236,17121,430,17551,242
2021-10-11,Mariposa,043,17540,1124,1083,39,1122,5
2021-10-11,Mendocino,045,87422,7166,7064,434,7498,82
2021-10-11,Merced,047,269075,40308,40064,1690,41754,566
2021-10-11,Modoc,049,8938,502,482,176,658,5
2021-10-11,Mono,051,14174,1637,1604,20,1624,3
2021-10-11,Monterey,053,433212,48145,47241,2751,49992,580
2021-10-11,Napa,055,140530,12736,12654,101,12755,96
2021-10-11,Nevada,057,99092,8789,8716,305,9021,90
2021-10-11,Orange,059,3164182,302274,299941,14579,314520,5499
2021-10-11,Placer,061,380077,35634,35173,3450,38623,404
2021-10-11,Plumas,063,18699,1571,1469,27,1496,6
2021-10-11,Riverside,065,2383286,355731,351444,16233,367677,4973
2021-10-11,Sacramento,067,1510023,153695,152681,4206,156887,2169
2021-10-11,San Benito,069,59416,7199,7184,159,7343,71
2021-10-11,San Bernardino,071,2135413,346883,344594,10874,355468,5549
2021-10-11,San Diego,073,3302833,364245,361712,21403,383115,4124
2021-10-11,San Francisco,075,870044,51845,51275,2247,53522,643
2021-10-11,San Joaquin,077,732212,97127,96152,5265,101417,1681
2021-10-11,San Luis Obispo,079,281455,28797,28355,1175,29530,327
2021-10-11,San Mateo,081,765935,53145,52298,823,53121,569
2021-10-11,Santa Barbara,083,443738,43405,43018,1524,44542,515
2021-10-11,Santa Clara,085,1922200,144036,142836,1225,144061,1882
2021-10-11,Santa Cruz,087,273765,19950,19745,992,20737,217
2021-10-11,Shasta,089,179085,20121,19662,3358,23020,295
2021-10-11,Sierra,091,2930,166,147,17,164,0
2021-10-11,Siskiyou,093,43540,3256,3159,1212,4371,42
2021-10-11,Solano,095,438530,45127,44474,1202,45676,329
2021-10-11,Sonoma,097,501317,40323,40067,509,40576,390
2021-10-11,Stanislaus,099,539301,75458,75478,8549,84027,1118
2021-10-11,Sutter,101,95872,13467,13427,302,13729,165
2021-10-11,Tehama,103,63373,7955,7795,1348,9143,102
2021-10-11,Trinity,105,12862,809,675,207,882,11
2021-10-11,Tulare,107,460477,65458,64094,13894,77988,942
2021-10-11,Tuolumne,109,53932,6674,6602,79,6681,89
2021-10-11,Ventura,111,848112,96589,95876,4237,100113,1160
2021-10-11,Yolo,113,214977,19212,18977,1039,20016,247
2021-10-11,Yuba,115,75493,9762,9657,249,9906,69
2021-10-10,Alameda,001,1643700,117270,116679,2718,119397,1358
2021-10-10,Alpine,003,1148,100,102,0,102,0
2021-10-10,Amador,005,37829,5328,5278,58,5336,62
2021-10-10,Butte,007,227075,19833,19430,3560,22990,253
2021-10-10,Calaveras,009,45235,3769,3747,42,3789,75
2021-10-10,Colusa,011,21464,2456,2425,584,3009,18
2021-10-10,Contra Costa,013,1133247,97308,96760,2076,98836,960
2021-10-10,Del Norte,015,27424,3586,3507,48,3555,39
2021-10-10,El Dorado,017,186661,15460,15250,1611,16861,146
2021-10-10,Fresno,019,978130,133272,131434,12119,143553,2035
2021-10-10,Glenn,021,27897,3364,3297,974,4271,26
2021-10-10,Humboldt,023,135768,8641,8554,470,9024,101
2021-10-10,Imperial,025,180216,32445,32167,3112,35279,762
2021-10-10,Inyo,027,18085,1937,1857,39,1896,39
2021-10-10,Kern,029,883053,122110,120552,20000,140552,1573
2021-10-10,Kings,031,150075,30685,30122,1791,31913,308
2021-10-10,Lake,033,64148,6446,6349,128,6477,97
2021-10-10,Lassen,035,31185,6611,6495,315,6810,26
2021-10-10,Los Angeles,037,10098052,1416031,1406034,53347,1459381,26338
2021-10-10,Madera,039,155013,21889,21486,1891,23377,272
2021-10-10,Marin,041,260295,17219,17112,430,17542,242
2021-10-10,Mariposa,043,17540,1121,1074,39,1113,5
2021-10-10,Mendocino,045,87422,7151,7060,426,7486,81
2021-10-10,Merced,047,269075,40223,40036,1672,41708,566
2021-10-10,Modoc,049,8938,502,482,176,658,5
2021-10-10,Mono,051,14174,1636,1596,20,1616,3
2021-10-10,Monterey,053,433212,48115,47228,2750,49978,580
2021-10-10,Napa,055,140530,12713,12641,101,12742,96
2021-10-10,Nevada,057,99092,8777,8689,305,8994,90
2021-10-10,Orange,059,3164182,302012,299787,14551,314338,5499
2021-10-10,Placer,061,380077,35541,35128,3438,38566,404
2021-10-10,Plumas,063,18699,1555,1468,25,1493,6
2021-10-10,Riverside,065,2383286,355358,351248,16214,367462,4973
2021-10-10,Sacramento,067,1510023,153430,152405,4189,156594,2178
2021-10-10,San Benito,069,59416,7194,7180,158,7338,71
2021-10-10,San Bernardino,071,2135413,346577,344423,10866,355289,5551
2021-10-10,San Diego,073,3302833,363719,361038,21356,382394,4113
2021-10-10,San Francisco,075,870044,51798,51216,2244,53460,643
2021-10-10,San Joaquin,077,732212,96956,96084,5248,101332,1681
2021-10-10,San Luis Obispo,079,281455,28753,28343,1175,29518,326
2021-10-10,San Mateo,081,765935,53103,52273,822,53095,569
2021-10-10,Santa Barbara,083,443738,43358,42987,1523,44510,515
2021-10-10,Santa Clara,085,1922200,143871,142768,1218,143986,1881
2021-10-10,Santa Cruz,087,273765,19930,19727,992,20719,217
2021-10-10,Shasta,089,179085,20033,19635,3349,22984,296
2021-10-10,Sierra,091,2930,164,147,17,164,0
2021-10-10,Siskiyou,093,43540,3242,3155,1205,4360,42
2021-10-10,Solano,095,438530,45071,44431,1202,45633,329
2021-10-10,Sonoma,097,501317,40271,40027,509,40536,390
2021-10-10,Stanislaus,099,539301,75281,75403,8535,83938,1118
2021-10-10,Sutter,101,95872,13443,13412,297,13709,165
2021-10-10,Tehama,103,63373,7917,7764,1339,9103,102
2021-10-10,Trinity,105,12862,808,669,206,875,11
2021-10-10,Tulare,107,460477,65286,63930,13844,77774,940
2021-10-10,Tuolumne,109,53932,6650,6580,78,6658,89
2021-10-10,Ventura,111,848112,96500,95829,4237,100066,1160
2021-10-10,Yolo,113,214977,19180,18952,1034,19986,247
2021-10-10,Yuba,115,75493,9746,9641,244,9885,69
2021-10-09,Alameda,001,1643700,117171,116253,2716,118969,1356
2021-10-09,Alpine,003,1148,99,102,0,102,0
2021-10-09,Amador,005,37829,5326,5237,57,5294,62
2021-10-09,Butte,007,227075,19802,19277,3557,22834,250
2021-10-09,Calaveras,009,45235,3765,3716,42,3758,75
2021-10-09,Colusa,011,21464,2452,2419,583,3002,18
2021-10-09,Contra Costa,013,1133247,97237,96378,2070,98448,958
2021-10-09,Del Norte,015,27424,3585,3495,48,3543,39
2021-10-09,El Dorado,017,186661,15442,15153,1608,16761,144
2021-10-09,Fresno,019,978130,133140,130508,12100,142608,2018
2021-10-09,Glenn,021,27897,3360,3277,972,4249,26
2021-10-09,Humboldt,023,135768,8627,8448,468,8916,97
2021-10-09,Imperial,025,180216,32411,31989,3110,35099,760
2021-10-09,Inyo,027,18085,1928,1808,39,1847,39
2021-10-09,Kern,029,883053,121971,119795,19973,139768,1559
2021-10-09,Kings,031,150075,30636,29894,1789,31683,308
2021-10-09,Lake,033,64148,6427,6283,127,6410,97
2021-10-09,Lassen,035,31185,6606,6442,314,6756,25
2021-10-09,Los Angeles,037,10098052,1415442,1402810,53308,1456118,26280
2021-10-09,Madera,039,155013,21856,21313,1877,23190,271
2021-10-09,Marin,041,260295,17214,17049,428,17477,242
2021-10-09,Mariposa,043,17540,1114,1042,38,1080,5
2021-10-09,Mendocino,045,87422,7144,7011,425,7436,82
2021-10-09,Merced,047,269075,40181,39784,1672,41456,565
2021-10-09,Modoc,049,8938,500,477,175,652,5
2021-10-09,Mono,051,14174,1633,1577,20,1597,3
2021-10-09,Monterey,053,433212,48103,47168,2747,49915,577
2021-10-09,Napa,055,140530,12709,12586,101,12687,96
2021-10-09,Nevada,057,99092,8766,8613,304,8917,90
2021-10-09,Orange,059,3164182,301831,299089,14532,313621,5457
2021-10-09,Placer,061,380077,35503,34877,3431,38308,393
2021-10-09,Plumas,063,18699,1544,1418,25,1443,6
2021-10-09,Riverside,065,2383286,355107,350082,16197,366279,4965
2021-10-09,Sacramento,067,1510023,153220,151566,4176,155742,2160
2021-10-09,San Benito,069,59416,7186,7123,158,7281,71
2021-10-09,San Bernardino,071,2135413,346393,343452,10862,354314,5556
2021-10-09,San Diego,073,3302833,363404,359909,21351,381260,4111
2021-10-09,San Francisco,075,870044,51750,50960,2237,53197,643
2021-10-09,San Joaquin,077,732212,96890,95606,5243,100849,1669
2021-10-09,San Luis Obispo,079,281455,28736,28197,1173,29370,324
2021-10-09,San Mateo,081,765935,53072,52121,821,52942,569
2021-10-09,Santa Barbara,083,443738,43331,42735,1523,44258,514
2021-10-09,Santa Clara,085,1922200,143748,142298,1212,143510,1873
2021-10-09,Santa Cruz,087,273765,19920,19635,991,20626,217
2021-10-09,Shasta,089,179085,19983,19437,3344,22781,290
2021-10-09,Sierra,091,2930,161,141,17,158,0
2021-10-09,Siskiyou,093,43540,3241,3124,1204,4328,42
2021-10-09,Solano,095,438530,45054,44265,1201,45466,329
2021-10-09,Sonoma,097,501317,40227,39848,508,40356,387
2021-10-09,Stanislaus,099,539301,75191,74899,8525,83424,1114
2021-10-09,Sutter,101,95872,13434,13314,295,13609,165
2021-10-09,Tehama,103,63373,7906,7670,1334,9004,99
2021-10-09,Trinity,105,12862,807,660,206,866,11
2021-10-09,Tulare,107,460477,65178,63398,13822,77220,932
2021-10-09,Tuolumne,109,53932,6631,6521,78,6599,89
2021-10-09,Ventura,111,848112,96446,95542,4234,99776,1158
2021-10-09,Yolo,113,214977,19158,18850,1031,19881,247
2021-10-09,Yuba,115,75493,9734,9551,242,9793,69
2021-10-08,Alameda,001,1643700,117090,116253,2713,118966,1356
2021-10-08,Alpine,003,1148,99,102,0,102,0
2021-10-08,Amador,005,37829,5313,5237,57,5294,62
2021-10-08,Butte,007,227075,19773,19277,3553,22830,250
2021-10-08,Calaveras,009,45235,3760,3716,42,3758,75
2021-10-08,Colusa,011,21464,2450,2419,583,3002,18
2021-10-08,Contra Costa,013,1133247,97193,96378,2065,98443,958
2021-10-08,Del Norte,015,27424,3584,3495,48,3543,39
2021-10-08,El Dorado,017,186661,15422,15153,1604,16757,144
2021-10-08,Fresno,019,978130,132943,130508,12079,142587,2018
2021-10-08,Glenn,021,27897,3352,3277,970,4247,26
2021-10-08,Humboldt,023,135768,8616,8448,465,8913,97
2021-10-08,Imperial,025,180216,32381,31989,3106,35095,760
2021-10-08,Inyo,027,18085,1910,1808,39,1847,39
2021-10-08,Kern,029,883053,121834,119795,19931,139726,1559
2021-10-08,Kings,031,150075,30542,29894,1788,31682,308
2021-10-08,Lake,033,64148,6419,6283,127,6410,97
2021-10-08,Lassen,035,31185,6592,6442,311,6753,25
2021-10-08,Los Angeles,037,10098052,1414781,1402810,53271,1456081,26280
2021-10-08,Madera,039,155013,21797,21313,1870,23183,271
2021-10-08,Marin,041,260295,17203,17049,427,17476,242
2021-10-08,Mariposa,043,17540,1107,1042,36,1078,5
2021-10-08,Mendocino,045,87422,7131,7011,425,7436,82
2021-10-08,Merced,047,269075,40149,39784,1669,41453,565
2021-10-08,Modoc,049,8938,498,477,175,652,5
2021-10-08,Mono,051,14174,1630,1577,20,1597,3
2021-10-08,Monterey,053,433212,48076,47168,2745,49913,577
2021-10-08,Napa,055,140530,12693,12586,101,12687,96
2021-10-08,Nevada,057,99092,8753,8613,304,8917,90
2021-10-08,Orange,059,3164182,301684,299089,14512,313601,5457
2021-10-08,Placer,061,380077,35465,34877,3423,38300,393
2021-10-08,Plumas,063,18699,1532,1418,25,1443,6
2021-10-08,Riverside,065,2383286,354838,350082,16186,366268,4965
2021-10-08,Sacramento,067,1510023,153055,151566,4162,155728,2160
2021-10-08,San Benito,069,59416,7182,7123,156,7279,71
2021-10-08,San Bernardino,071,2135413,346185,343452,10854,354306,5556
2021-10-08,San Diego,073,3302833,363069,359909,21332,381241,4111
2021-10-08,San Francisco,075,870044,51703,50960,2228,53188,643
2021-10-08,San Joaquin,077,732212,96822,95606,5237,100843,1669
2021-10-08,San Luis Obispo,079,281455,28709,28197,1172,29369,324
2021-10-08,San Mateo,081,765935,53044,52121,821,52942,569
2021-10-08,Santa Barbara,083,443738,43296,42735,1522,44257,514
2021-10-08,Santa Clara,085,1922200,143635,142298,1207,143505,1873
2021-10-08,Santa Cruz,087,273765,19905,19635,991,20626,217
2021-10-08,Shasta,089,179085,19941,19437,3338,22775,290
2021-10-08,Sierra,091,2930,159,141,15,156,0
2021-10-08,Siskiyou,093,43540,3233,3124,1203,4327,42
2021-10-08,Solano,095,438530,45015,44265,1200,45465,329
2021-10-08,Sonoma,097,501317,40191,39848,508,40356,387
2021-10-08,Stanislaus,099,539301,75122,74899,8516,83415,1114
2021-10-08,Sutter,101,95872,13420,13314,293,13607,165
2021-10-08,Tehama,103,63373,7889,7670,1332,9002,99
2021-10-08,Trinity,105,12862,806,660,206,866,11
2021-10-08,Tulare,107,460477,65060,63398,13790,77188,932
2021-10-08,Tuolumne,109,53932,6608,6521,78,6599,89
2021-10-08,Ventura,111,848112,96395,95542,4228,99770,1158
2021-10-08,Yolo,113,214977,19145,18850,1027,19877,247
2021-10-08,Yuba,115,75493,9714,9551,241,9792,69
2021-10-07,Alameda,001,1643700,116969,116253,2712,118965,1356
2021-10-07,Alpine,003,1148,99,102,0,102,0
2021-10-07,Amador,005,37829,5306,5237,57,5294,62
2021-10-07,Butte,007,227075,19724,19277,3542,22819,250
2021-10-07,Calaveras,009,45235,3748,3716,42,3758,75
2021-10-07,Colusa,011,21464,2447,2419,577,2996,18
2021-10-07,Contra Costa,013,1133247,97070,96378,2061,98439,958
2021-10-07,Del Norte,015,27424,3581,3495,48,3543,39
2021-10-07,El Dorado,017,186661,15386,15153,1600,16753,144
2021-10-07,Fresno,019,978130,132668,130508,12055,142563,2018
2021-10-07,Glenn,021,27897,3345,3277,968,4245,26
2021-10-07,Humboldt,023,135768,8590,8448,462,8910,97
2021-10-07,Imperial,025,180216,32310,31989,3093,35082,760
2021-10-07,Inyo,027,18085,1891,1808,39,1847,39
2021-10-07,Kern,029,883053,121603,119795,19865,139660,1559
2021-10-07,Kings,031,150075,30477,29894,1782,31676,308
2021-10-07,Lake,033,64148,6408,6283,127,6410,97
2021-10-07,Lassen,035,31185,6574,6442,309,6751,25
2021-10-07,Los Angeles,037,10098052,1413823,1402810,53226,1456036,26280
2021-10-07,Madera,039,155013,21724,21313,1856,23169,271
2021-10-07,Marin,041,260295,17185,17049,427,17476,242
2021-10-07,Mariposa,043,17540,1099,1042,36,1078,5
2021-10-07,Mendocino,045,87422,7121,7011,421,7432,82
2021-10-07,Merced,047,269075,40082,39784,1652,41436,565
2021-10-07,Modoc,049,8938,495,477,174,651,5
2021-10-07,Mono,051,14174,1621,1577,20,1597,3
2021-10-07,Monterey,053,433212,48051,47168,2736,49904,577
2021-10-07,Napa,055,140530,12678,12586,101,12687,96
2021-10-07,Nevada,057,99092,8725,8613,304,8917,90
2021-10-07,Orange,059,3164182,301458,299089,14498,313587,5457
2021-10-07,Placer,061,380077,35403,34877,3416,38293,393
2021-10-07,Plumas,063,18699,1515,1418,25,1443,6
2021-10-07,Riverside,065,2383286,354505,350082,16174,366256,4965
2021-10-07,Sacramento,067,1510023,152773,151566,4135,155701,2160
2021-10-07,San Benito,069,59416,7166,7123,154,7277,71
2021-10-07,San Bernardino,071,2135413,345914,343452,10846,354298,5556
2021-10-07,San Diego,073,3302833,362657,359909,21311,381220,4111
2021-10-07,San Francisco,075,870044,51633,50960,2225,53185,643
2021-10-07,San Joaquin,077,732212,96668,95606,5229,100835,1669
2021-10-07,San Luis Obispo,079,281455,28658,28197,1170,29367,324
2021-10-07,San Mateo,081,765935,53004,52121,819,52940,569
2021-10-07,Santa Barbara,083,443738,43228,42735,1516,44251,514
2021-10-07,Santa Clara,085,1922200,143484,142298,1201,143499,1873
2021-10-07,Santa Cruz,087,273765,19885,19635,990,20625,217
2021-10-07,Shasta,089,179085,19852,19437,3323,22760,290
2021-10-07,Sierra,091,2930,158,141,15,156,0
2021-10-07,Siskiyou,093,43540,3229,3124,1198,4322,42
2021-10-07,Solano,095,438530,44970,44265,1196,45461,329
2021-10-07,Sonoma,097,501317,40154,39848,506,40354,387
2021-10-07,Stanislaus,099,539301,74960,74899,8491,83390,1114
2021-10-07,Sutter,101,95872,13398,13314,290,13604,165
2021-10-07,Tehama,103,63373,7856,7670,1326,8996,99
2021-10-07,Trinity,105,12862,804,660,206,866,11
2021-10-07,Tulare,107,460477,64894,63398,13752,77150,932
2021-10-07,Tuolumne,109,53932,6586,6521,78,6599,89
2021-10-07,Ventura,111,848112,96322,95542,4225,99767,1158
2021-10-07,Yolo,113,214977,19112,18850,1022,19872,247
2021-10-07,Yuba,115,75493,9688,9551,234,9785,69
2021-10-06,Alameda,001,1643700,116833,116058,2706,118764,1353
2021-10-06,Alpine,003,1148,99,102,0,102,0
2021-10-06,Amador,005,37829,5303,5205,57,5262,62
2021-10-06,Butte,007,227075,19661,19208,3535,22743,247
2021-10-06,Calaveras,009,45235,3739,3669,42,3711,75
2021-10-06,Colusa,011,21464,2445,2414,570,2984,18
2021-10-06,Contra Costa,013,1133247,96943,96184,2057,98241,953
2021-10-06,Del Norte,015,27424,3578,3490,45,3535,39
2021-10-06,El Dorado,017,186661,15361,15078,1597,16675,140
2021-10-06,Fresno,019,978130,132378,130074,12030,142104,2008
2021-10-06,Glenn,021,27897,3336,3270,966,4236,26
2021-10-06,Humboldt,023,135768,8575,8416,455,8871,94
2021-10-06,Imperial,025,180216,32257,31930,3082,35012,760
2021-10-06,Inyo,027,18085,1876,1806,39,1845,39
2021-10-06,Kern,029,883053,121346,119491,19772,139263,1552
2021-10-06,Kings,031,150075,30411,29785,1774,31559,308
2021-10-06,Lake,033,64148,6394,6271,127,6398,97
2021-10-06,Lassen,035,31185,6558,6429,308,6737,25
2021-10-06,Los Angeles,037,10098052,1412863,1401675,53178,1454853,26252
2021-10-06,Madera,039,155013,21669,21230,1846,23076,269
2021-10-06,Marin,041,260295,17176,17042,424,17466,242
2021-10-06,Mariposa,043,17540,1092,1036,36,1072,5
2021-10-06,Mendocino,045,87422,7112,6986,419,7405,81
2021-10-06,Merced,047,269075,40007,39666,1640,41306,563
2021-10-06,Modoc,049,8938,495,477,172,649,5
2021-10-06,Mono,051,14174,1609,1568,20,1588,3
2021-10-06,Monterey,053,433212,48018,47136,2731,49867,577
2021-10-06,Napa,055,140530,12654,12552,100,12652,96
2021-10-06,Nevada,057,99092,8709,8582,303,8885,90
2021-10-06,Orange,059,3164182,301220,298785,14485,313270,5448
2021-10-06,Placer,061,380077,35352,34764,3410,38174,390
2021-10-06,Plumas,063,18699,1492,1383,25,1408,6
2021-10-06,Riverside,065,2383286,354149,349645,16153,365798,4953
2021-10-06,Sacramento,067,1510023,152520,151164,4104,155268,2141
2021-10-06,San Benito,069,59416,7151,7108,154,7262,69
2021-10-06,San Bernardino,071,2135413,345621,343022,10840,353862,5551
2021-10-06,San Diego,073,3302833,362158,359564,21283,380847,4104
2021-10-06,San Francisco,075,870044,51570,50894,2222,53116,641
2021-10-06,San Joaquin,077,732212,96534,95418,5217,100635,1658
2021-10-06,San Luis Obispo,079,281455,28608,28170,1164,29334,323
2021-10-06,San Mateo,081,765935,52954,52056,814,52870,569
2021-10-06,Santa Barbara,083,443738,43145,42687,1514,44201,513
2021-10-06,Santa Clara,085,1922200,143333,142124,1196,143320,1872
2021-10-06,Santa Cruz,087,273765,19856,19604,988,20592,217
2021-10-06,Shasta,089,179085,19777,19325,3310,22635,287
2021-10-06,Sierra,091,2930,156,138,15,153,0
2021-10-06,Siskiyou,093,43540,3219,3116,1191,4307,42
2021-10-06,Solano,095,438530,44936,44185,1195,45380,328
2021-10-06,Sonoma,097,501317,40104,39787,505,40292,383
2021-10-06,Stanislaus,099,539301,74818,74699,8478,83177,1114
2021-10-06,Sutter,101,95872,13377,13284,288,13572,164
2021-10-06,Tehama,103,63373,7820,7629,1319,8948,99
2021-10-06,Trinity,105,12862,801,656,206,862,11
2021-10-06,Tulare,107,460477,64714,63198,13692,76890,926
2021-10-06,Tuolumne,109,53932,6561,6486,78,6564,89
2021-10-06,Ventura,111,848112,96231,95449,4217,99666,1158
2021-10-06,Yolo,113,214977,19080,18815,1017,19832,247
2021-10-06,Yuba,115,75493,9664,9520,233,9753,69
2021-10-05,Alameda,001,1643700,116687,115968,2701,118669,1350
2021-10-05,Alpine,003,1148,99,102,0,102,0
2021-10-05,Amador,005,37829,5282,5194,56,5250,61
2021-10-05,Butte,007,227075,19613,19137,3525,22662,246
2021-10-05,Calaveras,009,45235,3723,3657,42,3699,73
2021-10-05,Colusa,011,21464,2438,2414,569,2983,18
2021-10-05,Contra Costa,013,1133247,96827,96108,2051,98159,941
2021-10-05,Del Norte,015,27424,3576,3485,44,3529,39
2021-10-05,El Dorado,017,186661,15322,15052,1594,16646,140
2021-10-05,Fresno,019,978130,132038,129957,11993,141950,1987
2021-10-05,Glenn,021,27897,3326,3270,963,4233,26
2021-10-05,Humboldt,023,135768,8544,8398,451,8849,94
2021-10-05,Imperial,025,180216,32209,31909,3077,34986,759
2021-10-05,Inyo,027,18085,1859,1800,39,1839,39
2021-10-05,Kern,029,883053,121081,119260,19670,138930,1540
2021-10-05,Kings,031,150075,30336,29749,1768,31517,301
2021-10-05,Lake,033,64148,6373,6264,126,6390,97
2021-10-05,Lassen,035,31185,6539,6417,306,6723,25
2021-10-05,Los Angeles,037,10098052,1411719,1400300,53125,1453425,26223
2021-10-05,Madera,039,155013,21611,21183,1833,23016,269
2021-10-05,Marin,041,260295,17164,17024,424,17448,242
2021-10-05,Mariposa,043,17540,1073,1033,33,1066,5
2021-10-05,Mendocino,045,87422,7096,6972,412,7384,79
2021-10-05,Merced,047,269075,39941,39608,1632,41240,562
2021-10-05,Modoc,049,8938,491,475,171,646,5
2021-10-05,Mono,051,14174,1601,1565,20,1585,3
2021-10-05,Monterey,053,433212,48001,47087,2721,49808,573
2021-10-05,Napa,055,140530,12630,12533,100,12633,96
2021-10-05,Nevada,057,99092,8679,8576,303,8879,90
2021-10-05,Orange,059,3164182,300943,298589,14453,313042,5441
2021-10-05,Placer,061,380077,35272,34728,3403,38131,382
2021-10-05,Plumas,063,18699,1467,1357,25,1382,6
2021-10-05,Riverside,065,2383286,353789,349365,16138,365503,4942
2021-10-05,Sacramento,067,1510023,152248,151111,4076,155187,2126
2021-10-05,San Benito,069,59416,7133,7103,152,7255,69
2021-10-05,San Bernardino,071,2135413,345292,342711,10833,353544,5557
2021-10-05,San Diego,073,3302833,361574,359194,21256,380450,4092
2021-10-05,San Francisco,075,870044,51473,50826,2219,53045,641
2021-10-05,San Joaquin,077,732212,96381,95276,5190,100466,1651
2021-10-05,San Luis Obispo,079,281455,28564,28113,1162,29275,324
2021-10-05,San Mateo,081,765935,52908,52008,814,52822,569
2021-10-05,Santa Barbara,083,443738,43067,42595,1510,44105,511
2021-10-05,Santa Clara,085,1922200,143175,141971,1189,143160,1873
2021-10-05,Santa Cruz,087,273765,19814,19582,988,20570,216
2021-10-05,Shasta,089,179085,19703,19285,3297,22582,286
2021-10-05,Sierra,091,2930,152,136,15,151,0
2021-10-05,Siskiyou,093,43540,3205,3107,1191,4298,42
2021-10-05,Solano,095,438530,44865,44149,1193,45342,325
2021-10-05,Sonoma,097,501317,40049,39756,500,40256,383
2021-10-05,Stanislaus,099,539301,74656,74599,8461,83060,1114
2021-10-05,Sutter,101,95872,13349,13270,287,13557,164
2021-10-05,Tehama,103,63373,7790,7607,1310,8917,98
2021-10-05,Trinity,105,12862,798,655,206,861,11
2021-10-05,Tulare,107,460477,64507,63093,13638,76731,920
2021-10-05,Tuolumne,109,53932,6546,6473,77,6550,89
2021-10-05,Ventura,111,848112,96125,95351,4216,99567,1155
2021-10-05,Yolo,113,214977,19044,18782,1011,19793,245
2021-10-05,Yuba,115,75493,9632,9504,230,9734,69
2021-10-04,Alameda,001,1643700,116524,115845,2698,118543,1347
2021-10-04,Alpine,003,1148,99,102,0,102,0
2021-10-04,Amador,005,37829,5272,5163,55,5218,61
2021-10-04,Butte,007,227075,19536,19081,3513,22594,245
2021-10-04,Calaveras,009,45235,3714,3641,42,3683,73
2021-10-04,Colusa,011,21464,2437,2414,567,2981,18
2021-10-04,Contra Costa,013,1133247,96686,95958,2046,98004,937
2021-10-04,Del Norte,015,27424,3574,3485,40,3525,39
2021-10-04,El Dorado,017,186661,15275,15031,1587,16618,138
2021-10-04,Fresno,019,978130,131728,129665,11963,141628,1978
2021-10-04,Glenn,021,27897,3319,3270,960,4230,26
2021-10-04,Humboldt,023,135768,8512,8355,443,8798,94
2021-10-04,Imperial,025,180216,32160,31866,3070,34936,757
2021-10-04,Inyo,027,18085,1847,1792,36,1828,39
2021-10-04,Kern,029,883053,120790,118984,19549,138533,1531
2021-10-04,Kings,031,150075,30243,29702,1765,31467,303
2021-10-04,Lake,033,64148,6360,6248,126,6374,97
2021-10-04,Lassen,035,31185,6522,6405,306,6711,25
2021-10-04,Los Angeles,037,10098052,1410604,1399604,53065,1452669,26186
2021-10-04,Madera,039,155013,21547,21126,1821,22947,266
2021-10-04,Marin,041,260295,17148,17008,423,17431,242
2021-10-04,Mariposa,043,17540,1061,1024,33,1057,5
2021-10-04,Mendocino,045,87422,7078,6947,409,7356,79
2021-10-04,Merced,047,269075,39826,39565,1616,41181,558
2021-10-04,Modoc,049,8938,488,473,171,644,5
2021-10-04,Mono,051,14174,1594,1561,20,1581,3
2021-10-04,Monterey,053,433212,47980,47058,2714,49772,571
2021-10-04,Napa,055,140530,12606,12506,100,12606,96
2021-10-04,Nevada,057,99092,8659,8563,303,8866,90
2021-10-04,Orange,059,3164182,300647,298165,14421,312586,5438
2021-10-04,Placer,061,380077,35190,34630,3375,38005,379
2021-10-04,Plumas,063,18699,1445,1329,25,1354,6
2021-10-04,Riverside,065,2383286,353409,348828,16128,364956,4923
2021-10-04,Sacramento,067,1510023,151924,150887,4049,154936,2115
2021-10-04,San Benito,069,59416,7120,7099,152,7251,69
2021-10-04,San Bernardino,071,2135413,344932,342418,10821,353239,5551
2021-10-04,San Diego,073,3302833,360995,358525,21225,379750,4090
2021-10-04,San Francisco,075,870044,51378,50798,2215,53013,638
2021-10-04,San Joaquin,077,732212,96184,95198,5170,100368,1649
2021-10-04,San Luis Obispo,079,281455,28519,28090,1156,29246,323
2021-10-04,San Mateo,081,765935,52848,51958,813,52771,569
2021-10-04,Santa Barbara,083,443738,42982,42585,1509,44094,511
2021-10-04,Santa Clara,085,1922200,143031,141840,1183,143023,1869
2021-10-04,Santa Cruz,087,273765,19785,19559,987,20546,216
2021-10-04,Shasta,089,179085,19596,19170,3283,22453,279
2021-10-04,Sierra,091,2930,145,136,14,150,0
2021-10-04,Siskiyou,093,43540,3196,3103,1176,4279,42
2021-10-04,Solano,095,438530,44806,44092,1189,45281,322
2021-10-04,Sonoma,097,501317,39983,39720,500,40220,381
2021-10-04,Stanislaus,099,539301,74504,74444,8442,82886,1106
2021-10-04,Sutter,101,95872,13320,13261,286,13547,164
2021-10-04,Tehama,103,63373,7749,7585,1304,8889,95
2021-10-04,Trinity,105,12862,797,649,205,854,11
2021-10-04,Tulare,107,460477,64316,62957,13569,76526,920
2021-10-04,Tuolumne,109,53932,6520,6442,77,6519,89
2021-10-04,Ventura,111,848112,96033,95170,4210,99380,1153
2021-10-04,Yolo,113,214977,19000,18761,1007,19768,242
2021-10-04,Yuba,115,75493,9593,9481,228,9709,68
2021-10-03,Alameda,001,1643700,116383,115751,2688,118439,1349
2021-10-03,Alpine,003,1148,99,102,0,102,0
2021-10-03,Amador,005,37829,5254,5160,53,5213,61
2021-10-03,Butte,007,227075,19463,19066,3496,22562,245
2021-10-03,Calaveras,009,45235,3697,3632,42,3674,73
2021-10-03,Colusa,011,21464,2436,2413,564,2977,18
2021-10-03,Contra Costa,013,1133247,96554,95890,2039,97929,937
2021-10-03,Del Norte,015,27424,3568,3483,39,3522,39
2021-10-03,El Dorado,017,186661,15217,15014,1580,16594,139
2021-10-03,Fresno,019,978130,131347,129365,11921,141286,1978
2021-10-03,Glenn,021,27897,3312,3266,952,4218,26
2021-10-03,Humboldt,023,135768,8467,8352,439,8791,94
2021-10-03,Imperial,025,180216,32093,31844,3062,34906,757
2021-10-03,Inyo,027,18085,1826,1788,36,1824,39
2021-10-03,Kern,029,883053,120485,118851,19427,138278,1535
2021-10-03,Kings,031,150075,30142,29623,1758,31381,300
2021-10-03,Lake,033,64148,6334,6239,126,6365,97
2021-10-03,Lassen,035,31185,6500,6400,304,6704,25
2021-10-03,Los Angeles,037,10098052,1409334,1398790,53010,1451800,26179
2021-10-03,Madera,039,155013,21475,21066,1811,22877,266
2021-10-03,Marin,041,260295,17125,16995,418,17413,242
2021-10-03,Mariposa,043,17540,1054,1011,33,1044,5
2021-10-03,Mendocino,045,87422,7058,6939,400,7339,79
2021-10-03,Merced,047,269075,39719,39516,1596,41112,558
2021-10-03,Modoc,049,8938,487,472,170,642,5
2021-10-03,Mono,051,14174,1590,1554,20,1574,3
2021-10-03,Monterey,053,433212,47955,47049,2703,49752,571
2021-10-03,Napa,055,140530,12578,12489,98,12587,96
2021-10-03,Nevada,057,99092,8624,8545,303,8848,90
2021-10-03,Orange,059,3164182,300365,298027,14401,312428,5447
2021-10-03,Placer,061,380077,35051,34596,3358,37954,379
2021-10-03,Plumas,063,18699,1417,1328,25,1353,6
2021-10-03,Riverside,065,2383286,352978,348593,16108,364701,4924
2021-10-03,Sacramento,067,1510023,151635,150664,4020,154684,2120
2021-10-03,San Benito,069,59416,7111,7095,152,7247,69
2021-10-03,San Bernardino,071,2135413,344522,342302,10814,353116,5555
2021-10-03,San Diego,073,3302833,360399,358153,21193,379346,4081
2021-10-03,San Francisco,075,870044,51290,50733,2212,52945,638
2021-10-03,San Joaquin,077,732212,95995,95133,5162,100295,1649
2021-10-03,San Luis Obispo,079,281455,28452,28065,1151,29216,325
2021-10-03,San Mateo,081,765935,52781,51923,812,52735,569
2021-10-03,Santa Barbara,083,443738,42886,42550,1501,44051,511
2021-10-03,Santa Clara,085,1922200,142861,141737,1175,142912,1869
2021-10-03,Santa Cruz,087,273765,19745,19548,985,20533,216
2021-10-03,Shasta,089,179085,19491,19132,3254,22386,279
2021-10-03,Sierra,091,2930,142,136,14,150,0
2021-10-03,Siskiyou,093,43540,3183,3096,1165,4261,42
2021-10-03,Solano,095,438530,44742,44051,1186,45237,322
2021-10-03,Sonoma,097,501317,39917,39679,500,40179,381
2021-10-03,Stanislaus,099,539301,74317,74366,8424,82790,1106
2021-10-03,Sutter,101,95872,13305,13248,282,13530,164
2021-10-03,Tehama,103,63373,7706,7564,1299,8863,94
2021-10-03,Trinity,105,12862,793,647,203,850,11
2021-10-03,Tulare,107,460477,64114,62860,13494,76354,924
2021-10-03,Tuolumne,109,53932,6491,6430,75,6505,89
2021-10-03,Ventura,111,848112,95928,95108,4207,99315,1153
2021-10-03,Yolo,113,214977,18971,18720,999,19719,242
2021-10-03,Yuba,115,75493,9574,9462,227,9689,68
2021-10-02,Alameda,001,1643700,116276,115185,2684,117869,1343
2021-10-02,Alpine,003,1148,99,102,0,102,0
2021-10-02,Amador,005,37829,5245,5105,53,5158,61
2021-10-02,Butte,007,227075,19432,18911,3489,22400,243
2021-10-02,Calaveras,009,45235,3690,3585,42,3627,72
2021-10-02,Colusa,011,21464,2435,2403,562,2965,18
2021-10-02,Contra Costa,013,1133247,96483,95369,2035,97404,933
2021-10-02,Del Norte,015,27424,3563,3468,39,3507,39
2021-10-02,El Dorado,017,186661,15191,14887,1579,16466,136
2021-10-02,Fresno,019,978130,131176,128450,11908,140358,1964
2021-10-02,Glenn,021,27897,3307,3234,952,4186,26
2021-10-02,Humboldt,023,135768,8448,8244,439,8683,94
2021-10-02,Imperial,025,180216,32058,31674,3059,34733,757
2021-10-02,Inyo,027,18085,1817,1746,36,1782,39
2021-10-02,Kern,029,883053,120352,117962,19345,137307,1524
2021-10-02,Kings,031,150075,30093,29339,1754,31093,301
2021-10-02,Lake,033,64148,6325,6191,126,6317,97
2021-10-02,Lassen,035,31185,6495,6360,304,6664,25
2021-10-02,Los Angeles,037,10098052,1408727,1395070,52973,1448043,26126
2021-10-02,Madera,039,155013,21450,20931,1802,22733,266
2021-10-02,Marin,041,260295,17120,16936,415,17351,242
2021-10-02,Mariposa,043,17540,1052,967,33,1000,5
2021-10-02,Mendocino,045,87422,7048,6869,400,7269,78
2021-10-02,Merced,047,269075,39692,39196,1592,40788,552
2021-10-02,Modoc,049,8938,485,468,170,638,5
2021-10-02,Mono,051,14174,1588,1540,20,1560,3
2021-10-02,Monterey,053,433212,47900,46964,2702,49666,571
2021-10-02,Napa,055,140530,12567,12433,98,12531,96
2021-10-02,Nevada,057,99092,8613,8474,302,8776,87
2021-10-02,Orange,059,3164182,300200,297307,14381,311688,5435
2021-10-02,Placer,061,380077,34985,34377,3349,37726,381
2021-10-02,Plumas,063,18699,1406,1298,25,1323,6
2021-10-02,Riverside,065,2383286,352737,347227,16097,363324,4895
2021-10-02,Sacramento,067,1510023,151461,149897,4012,153909,2099
2021-10-02,San Benito,069,59416,7104,7055,152,7207,69
2021-10-02,San Bernardino,071,2135413,344339,341212,10762,351974,5540
2021-10-02,San Diego,073,3302833,360077,356454,21171,377625,4078
2021-10-02,San Francisco,075,870044,51241,50393,2207,52600,634
2021-10-02,San Joaquin,077,732212,95930,94599,5156,99755,1646
2021-10-02,San Luis Obispo,079,281455,28428,27915,1151,29066,323
2021-10-02,San Mateo,081,765935,52740,51767,808,52575,573
2021-10-02,Santa Barbara,083,443738,42846,42423,1501,43924,508
2021-10-02,Santa Clara,085,1922200,142747,141231,1171,142402,1862
2021-10-02,Santa Cruz,087,273765,19728,19461,984,20445,214
2021-10-02,Shasta,089,179085,19445,18912,3248,22160,270
2021-10-02,Sierra,091,2930,141,131,14,145,0
2021-10-02,Siskiyou,093,43540,3182,3053,1162,4215,42
2021-10-02,Solano,095,438530,44697,43800,1185,44985,321
2021-10-02,Sonoma,097,501317,39883,39497,499,39996,382
2021-10-02,Stanislaus,099,539301,74231,73859,8411,82270,1099
2021-10-02,Sutter,101,95872,13296,13160,281,13441,160
2021-10-02,Tehama,103,63373,7691,7453,1299,8752,93
2021-10-02,Trinity,105,12862,790,625,203,828,10
2021-10-02,Tulare,107,460477,64040,62247,13467,75714,908
2021-10-02,Tuolumne,109,53932,6477,6369,75,6444,89
2021-10-02,Ventura,111,848112,95856,94854,4202,99056,1148
2021-10-02,Yolo,113,214977,18946,18640,995,19635,242
2021-10-02,Yuba,115,75493,9555,9370,226,9596,66
2021-10-01,Alameda,001,1643700,116199,115185,2678,117863,1343
2021-10-01,Alpine,003,1148,99,102,0,102,0
2021-10-01,Amador,005,37829,5225,5105,53,5158,61
2021-10-01,Butte,007,227075,19391,18911,3483,22394,243
2021-10-01,Calaveras,009,45235,3680,3585,42,3627,72
2021-10-01,Colusa,011,21464,2433,2403,562,2965,18
2021-10-01,Contra Costa,013,1133247,96386,95369,2031,97400,933
2021-10-01,Del Norte,015,27424,3560,3468,38,3506,39
2021-10-01,El Dorado,017,186661,15174,14887,1575,16462,136
2021-10-01,Fresno,019,978130,130988,128450,11898,140348,1964
2021-10-01,Glenn,021,27897,3305,3234,951,4185,26
2021-10-01,Humboldt,023,135768,8431,8244,439,8683,94
2021-10-01,Imperial,025,180216,32040,31674,3050,34724,757
2021-10-01,Inyo,027,18085,1808,1746,36,1782,39
2021-10-01,Kern,029,883053,120199,117962,19287,137249,1524
2021-10-01,Kings,031,150075,30059,29339,1748,31087,301
2021-10-01,Lake,033,64148,6315,6191,126,6317,97
2021-10-01,Lassen,035,31185,6484,6360,303,6663,25
2021-10-01,Los Angeles,037,10098052,1407966,1395070,52928,1447998,26126
2021-10-01,Madera,039,155013,21400,20931,1793,22724,266
2021-10-01,Marin,041,260295,17105,16936,414,17350,242
2021-10-01,Mariposa,043,17540,1045,967,33,1000,5
2021-10-01,Mendocino,045,87422,7036,6869,400,7269,78
2021-10-01,Merced,047,269075,39648,39196,1583,40779,552
2021-10-01,Modoc,049,8938,484,468,170,638,5
2021-10-01,Mono,051,14174,1585,1540,20,1560,3
2021-10-01,Monterey,053,433212,47879,46964,2699,49663,571
2021-10-01,Napa,055,140530,12557,12433,97,12530,96
2021-10-01,Nevada,057,99092,8599,8474,301,8775,87
2021-10-01,Orange,059,3164182,300016,297307,14361,311668,5435
2021-10-01,Placer,061,380077,34951,34377,3345,37722,381
2021-10-01,Plumas,063,18699,1397,1298,25,1323,6
2021-10-01,Riverside,065,2383286,352444,347227,16089,363316,4895
2021-10-01,Sacramento,067,1510023,151308,149897,4001,153898,2099
2021-10-01,San Benito,069,59416,7102,7055,150,7205,69
2021-10-01,San Bernardino,071,2135413,344139,341212,10759,351971,5540
2021-10-01,San Diego,073,3302833,359710,356454,21150,377604,4078
2021-10-01,San Francisco,075,870044,51200,50393,2205,52598,634
2021-10-01,San Joaquin,077,732212,95860,94599,5152,99751,1646
2021-10-01,San Luis Obispo,079,281455,28404,27915,1148,29063,323
2021-10-01,San Mateo,081,765935,52700,51767,805,52572,573
2021-10-01,Santa Barbara,083,443738,42810,42423,1501,43924,508
2021-10-01,Santa Clara,085,1922200,142654,141231,1166,142397,1862
2021-10-01,Santa Cruz,087,273765,19708,19461,983,20444,214
2021-10-01,Shasta,089,179085,19391,18912,3240,22152,270
2021-10-01,Sierra,091,2930,141,131,14,145,0
2021-10-01,Siskiyou,093,43540,3181,3053,1159,4212,42
2021-10-01,Solano,095,438530,44645,43800,1179,44979,321
2021-10-01,Sonoma,097,501317,39851,39497,498,39995,382
2021-10-01,Stanislaus,099,539301,74147,73859,8400,82259,1099
2021-10-01,Sutter,101,95872,13280,13160,279,13439,160
2021-10-01,Tehama,103,63373,7679,7453,1297,8750,93
2021-10-01,Trinity,105,12862,788,625,203,828,10
2021-10-01,Tulare,107,460477,63937,62247,13432,75679,908
2021-10-01,Tuolumne,109,53932,6460,6369,75,6444,89
2021-10-01,Ventura,111,848112,95789,94854,4197,99051,1148
2021-10-01,Yolo,113,214977,18922,18640,991,19631,242
2021-10-01,Yuba,115,75493,9533,9370,226,9596,66
2021-09-30,Alameda,001,1643700,116052,115185,2675,117860,1343
2021-09-30,Alpine,003,1148,99,102,0,102,0
2021-09-30,Amador,005,37829,5213,5105,53,5158,61
2021-09-30,Butte,007,227075,19342,18911,3474,22385,243
2021-09-30,Calaveras,009,45235,3666,3585,42,3627,72
2021-09-30,Colusa,011,21464,2430,2403,561,2964,18
2021-09-30,Contra Costa,013,1133247,96281,95369,2025,97394,933
2021-09-30,Del Norte,015,27424,3556,3468,35,3503,39
2021-09-30,El Dorado,017,186661,15148,14887,1567,16454,136
2021-09-30,Fresno,019,978130,130712,128450,11864,140314,1964
2021-09-30,Glenn,021,27897,3295,3234,949,4183,26
2021-09-30,Humboldt,023,135768,8399,8244,433,8677,94
2021-09-30,Imperial,025,180216,31988,31674,3048,34722,757
2021-09-30,Inyo,027,18085,1798,1746,36,1782,39
2021-09-30,Kern,029,883053,119955,117962,19205,137167,1524
2021-09-30,Kings,031,150075,29969,29339,1744,31083,301
2021-09-30,Lake,033,64148,6297,6191,126,6317,97
2021-09-30,Lassen,035,31185,6470,6360,303,6663,25
2021-09-30,Los Angeles,037,10098052,1406761,1395070,52868,1447938,26126
2021-09-30,Madera,039,155013,21317,20931,1778,22709,266
2021-09-30,Marin,041,260295,17085,16936,413,17349,242
2021-09-30,Mariposa,043,17540,1023,967,33,1000,5
2021-09-30,Mendocino,045,87422,7027,6869,391,7260,78
2021-09-30,Merced,047,269075,39551,39196,1579,40775,552
2021-09-30,Modoc,049,8938,484,468,169,637,5
2021-09-30,Mono,051,14174,1577,1540,20,1560,3
2021-09-30,Monterey,053,433212,47849,46964,2687,49651,571
2021-09-30,Napa,055,140530,12537,12433,97,12530,96
2021-09-30,Nevada,057,99092,8582,8474,300,8774,87
2021-09-30,Orange,059,3164182,299744,297307,14322,311629,5435
2021-09-30,Placer,061,380077,34898,34377,3325,37702,381
2021-09-30,Plumas,063,18699,1379,1298,25,1323,6
2021-09-30,Riverside,065,2383286,352011,347227,16068,363295,4895
2021-09-30,Sacramento,067,1510023,151047,149897,3975,153872,2099
2021-09-30,San Benito,069,59416,7096,7055,150,7205,69
2021-09-30,San Bernardino,071,2135413,343828,341212,10745,351957,5540
2021-09-30,San Diego,073,3302833,359216,356454,21124,377578,4078
2021-09-30,San Francisco,075,870044,51123,50393,2201,52594,634
2021-09-30,San Joaquin,077,732212,95730,94599,5144,99743,1646
2021-09-30,San Luis Obispo,079,281455,28356,27915,1144,29059,323
2021-09-30,San Mateo,081,765935,52651,51767,802,52569,573
2021-09-30,Santa Barbara,083,443738,42753,42423,1500,43923,508
2021-09-30,Santa Clara,085,1922200,142503,141231,1163,142394,1862
2021-09-30,Santa Cruz,087,273765,19668,19461,982,20443,214
2021-09-30,Shasta,089,179085,19329,18912,3225,22137,270
2021-09-30,Sierra,091,2930,140,131,14,145,0
2021-09-30,Siskiyou,093,43540,3173,3053,1154,4207,42
2021-09-30,Solano,095,438530,44591,43800,1176,44976,321
2021-09-30,Sonoma,097,501317,39802,39497,498,39995,382
2021-09-30,Stanislaus,099,539301,73987,73859,8381,82240,1099
2021-09-30,Sutter,101,95872,13259,13160,279,13439,160
2021-09-30,Tehama,103,63373,7642,7453,1285,8738,93
2021-09-30,Trinity,105,12862,784,625,203,828,10
2021-09-30,Tulare,107,460477,63761,62247,13374,75621,908
2021-09-30,Tuolumne,109,53932,6437,6369,75,6444,89
2021-09-30,Ventura,111,848112,95684,94854,4190,99044,1148
2021-09-30,Yolo,113,214977,18883,18640,988,19628,242
2021-09-30,Yuba,115,75493,9510,9370,225,9595,66
2021-09-29,Alameda,001,1643700,115906,114998,2672,117670,1339
2021-09-29,Alpine,003,1148,99,101,0,101,0
2021-09-29,Amador,005,37829,5191,5058,53,5111,61
2021-09-29,Butte,007,227075,19288,18835,3467,22302,242
2021-09-29,Calaveras,009,45235,3649,3553,41,3594,72
2021-09-29,Colusa,011,21464,2428,2401,561,2962,18
2021-09-29,Contra Costa,013,1133247,96167,95213,2017,97230,929
2021-09-29,Del Norte,015,27424,3550,3467,35,3502,39
2021-09-29,El Dorado,017,186661,15114,14834,1560,16394,136
2021-09-29,Fresno,019,978130,130412,128068,11843,139911,1957
2021-09-29,Glenn,021,27897,3290,3213,947,4160,26
2021-09-29,Humboldt,023,135768,8375,8203,432,8635,94
2021-09-29,Imperial,025,180216,31921,31600,3043,34643,757
2021-09-29,Inyo,027,18085,1788,1740,35,1775,39
2021-09-29,Kern,029,883053,119720,117605,19129,136734,1513
2021-09-29,Kings,031,150075,29887,29195,1729,30924,299
2021-09-29,Lake,033,64148,6277,6164,126,6290,97
2021-09-29,Lassen,035,31185,6456,6347,303,6650,25
2021-09-29,Los Angeles,037,10098052,1405549,1393617,52796,1446413,26098
2021-09-29,Madera,039,155013,21272,20818,1762,22580,266
2021-09-29,Marin,041,260295,17067,16921,411,17332,242
2021-09-29,Mariposa,043,17540,1008,963,33,996,5
2021-09-29,Mendocino,045,87422,7015,6821,383,7204,78
2021-09-29,Merced,047,269075,39457,39026,1568,40594,552
2021-09-29,Modoc,049,8938,482,468,169,637,5
2021-09-29,Mono,051,14174,1575,1527,20,1547,3
2021-09-29,Monterey,053,433212,47811,46917,2673,49590,571
2021-09-29,Napa,055,140530,12517,12416,93,12509,96
2021-09-29,Nevada,057,99092,8569,8434,300,8734,87
2021-09-29,Orange,059,3164182,299475,296936,14286,311222,5429
2021-09-29,Placer,061,380077,34834,34271,3302,37573,379
2021-09-29,Plumas,063,18699,1360,1289,25,1314,6
2021-09-29,Riverside,065,2383286,351577,346558,16055,362613,4886
2021-09-29,Sacramento,067,1510023,150796,149686,3965,153651,2099
2021-09-29,San Benito,069,59416,7085,7039,150,7189,69
2021-09-29,San Bernardino,071,2135413,343505,340672,10731,351403,5539
2021-09-29,San Diego,073,3302833,358714,355899,21094,376993,4066
2021-09-29,San Francisco,075,870044,51038,50286,2197,52483,629
2021-09-29,San Joaquin,077,732212,95572,94356,5122,99478,1645
2021-09-29,San Luis Obispo,079,281455,28310,27800,1138,28938,323
2021-09-29,San Mateo,081,765935,52591,51673,800,52473,573
2021-09-29,Santa Barbara,083,443738,42681,42328,1497,43825,507
2021-09-29,Santa Clara,085,1922200,142368,141036,1157,142193,1861
2021-09-29,Santa Cruz,087,273765,19650,19425,981,20406,214
2021-09-29,Shasta,089,179085,19263,18805,3213,22018,271
2021-09-29,Sierra,091,2930,136,130,14,144,0
2021-09-29,Siskiyou,093,43540,3160,3043,1147,4190,42
2021-09-29,Solano,095,438530,44535,43724,1169,44893,321
2021-09-29,Sonoma,097,501317,39741,39426,496,39922,370
2021-09-29,Stanislaus,099,539301,73856,73634,8370,82004,1096
2021-09-29,Sutter,101,95872,13232,13135,276,13411,155
2021-09-29,Tehama,103,63373,7612,7409,1270,8679,88
2021-09-29,Trinity,105,12862,780,616,203,819,10
2021-09-29,Tulare,107,460477,63589,62046,13315,75361,908
2021-09-29,Tuolumne,109,53932,6420,6336,75,6411,89
2021-09-29,Ventura,111,848112,95594,94753,4186,98939,1144
2021-09-29,Yolo,113,214977,18850,18587,983,19570,239
2021-09-29,Yuba,115,75493,9479,9351,221,9572,66
2021-09-28,Alameda,001,1643700,115748,114869,2666,117535,1333
2021-09-28,Alpine,003,1148,99,101,0,101,0
2021-09-28,Amador,005,37829,5169,5049,53,5102,61
2021-09-28,Butte,007,227075,19238,18764,3454,22218,241
2021-09-28,Calaveras,009,45235,3629,3530,41,3571,72
2021-09-28,Colusa,011,21464,2425,2399,559,2958,18
2021-09-28,Contra Costa,013,1133247,96026,95115,2012,97127,929
2021-09-28,Del Norte,015,27424,3547,3462,35,3497,39
2021-09-28,El Dorado,017,186661,15068,14793,1556,16349,133
2021-09-28,Fresno,019,978130,130067,127877,11809,139686,1948
2021-09-28,Glenn,021,27897,3285,3205,946,4151,26
2021-09-28,Humboldt,023,135768,8334,8159,429,8588,91
2021-09-28,Imperial,025,180216,31876,31543,3039,34582,757
2021-09-28,Inyo,027,18085,1774,1708,34,1742,39
2021-09-28,Kern,029,883053,119451,117420,19034,136454,1506
2021-09-28,Kings,031,150075,29785,29141,1721,30862,295
2021-09-28,Lake,033,64148,6262,6155,126,6281,95
2021-09-28,Lassen,035,31185,6450,6340,299,6639,25
2021-09-28,Los Angeles,037,10098052,1404254,1392445,52727,1445172,26068
2021-09-28,Madera,039,155013,21218,20764,1746,22510,266
2021-09-28,Marin,041,260295,17048,16887,409,17296,242
2021-09-28,Mariposa,043,17540,1003,952,33,985,5
2021-09-28,Mendocino,045,87422,6993,6804,381,7185,78
2021-09-28,Merced,047,269075,39370,38953,1555,40508,551
2021-09-28,Modoc,049,8938,481,467,169,636,5
2021-09-28,Mono,051,14174,1565,1527,20,1547,3
2021-09-28,Monterey,053,433212,47774,46859,2664,49523,571
2021-09-28,Napa,055,140530,12500,12388,92,12480,96
2021-09-28,Nevada,057,99092,8546,8409,299,8708,84
2021-09-28,Orange,059,3164182,299223,296596,14258,310854,5421
2021-09-28,Placer,061,380077,34769,34187,3284,37471,370
2021-09-28,Plumas,063,18699,1351,1276,25,1301,6
2021-09-28,Riverside,065,2383286,351118,346096,16034,362130,4874
2021-09-28,Sacramento,067,1510023,150505,149310,3943,153253,2086
2021-09-28,San Benito,069,59416,7068,7028,149,7177,69
2021-09-28,San Bernardino,071,2135413,343157,340342,10714,351056,5540
2021-09-28,San Diego,073,3302833,358154,355373,21062,376435,4054
2021-09-28,San Francisco,075,870044,50937,50234,2196,52430,627
2021-09-28,San Joaquin,077,732212,95418,94194,5109,99303,1639
2021-09-28,San Luis Obispo,079,281455,28276,27755,1133,28888,321
2021-09-28,San Mateo,081,765935,52546,51620,799,52419,571
2021-09-28,Santa Barbara,083,443738,42608,42226,1496,43722,506
2021-09-28,Santa Clara,085,1922200,142207,140886,1148,142034,1858
2021-09-28,Santa Cruz,087,273765,19609,19324,980,20304,214
2021-09-28,Shasta,089,179085,19202,18701,3199,21900,267
2021-09-28,Sierra,091,2930,135,130,13,143,0
2021-09-28,Siskiyou,093,43540,3148,3032,1144,4176,42
2021-09-28,Solano,095,438530,44462,43652,1166,44818,316
2021-09-28,Sonoma,097,501317,39694,39395,495,39890,370
2021-09-28,Stanislaus,099,539301,73685,73528,8358,81886,1094
2021-09-28,Sutter,101,95872,13213,13102,272,13374,155
2021-09-28,Tehama,103,63373,7594,7382,1255,8637,88
2021-09-28,Trinity,105,12862,777,613,203,816,10
2021-09-28,Tulare,107,460477,63430,61916,13256,75172,905
2021-09-28,Tuolumne,109,53932,6394,6308,75,6383,89
2021-09-28,Ventura,111,848112,95468,94632,4183,98815,1143
2021-09-28,Yolo,113,214977,18824,18564,980,19544,239
2021-09-28,Yuba,115,75493,9460,9323,220,9543,66
2021-09-27,Alameda,001,1643700,115555,114731,2657,117388,1327
2021-09-27,Alpine,003,1148,99,101,0,101,0
2021-09-27,Amador,005,37829,5155,5017,53,5070,59
2021-09-27,Butte,007,227075,19180,18687,3438,22125,239
2021-09-27,Calaveras,009,45235,3609,3514,40,3554,70
2021-09-27,Colusa,011,21464,2424,2393,558,2951,18
2021-09-27,Contra Costa,013,1133247,95895,94979,2003,96982,924
2021-09-27,Del Norte,015,27424,3545,3468,33,3501,37
2021-09-27,El Dorado,017,186661,15029,14764,1549,16313,132
2021-09-27,Fresno,019,978130,129746,127475,11774,139249,1942
2021-09-27,Glenn,021,27897,3272,3189,942,4131,26
2021-09-27,Humboldt,023,135768,8294,8118,429,8547,91
2021-09-27,Imperial,025,180216,31813,31491,3032,34523,756
2021-09-27,Inyo,027,18085,1762,1698,34,1732,39
2021-09-27,Kern,029,883053,119176,117064,18936,136000,1503
2021-09-27,Kings,031,150075,29687,28998,1709,30707,297
2021-09-27,Lake,033,64148,6242,6126,124,6250,95
2021-09-27,Lassen,035,31185,6435,6327,295,6622,25
2021-09-27,Los Angeles,037,10098052,1402917,1391538,52658,1444196,26040
2021-09-27,Madera,039,155013,21153,20691,1738,22429,262
2021-09-27,Marin,041,260295,17027,16861,408,17269,242
2021-09-27,Mariposa,043,17540,993,931,33,964,5
2021-09-27,Mendocino,045,87422,6967,6761,374,7135,74
2021-09-27,Merced,047,269075,39270,38840,1549,40389,548
2021-09-27,Modoc,049,8938,480,465,167,632,5
2021-09-27,Mono,051,14174,1553,1525,20,1545,3
2021-09-27,Monterey,053,433212,47731,46811,2652,49463,571
2021-09-27,Napa,055,140530,12476,12354,91,12445,95
2021-09-27,Nevada,057,99092,8522,8379,296,8675,84
2021-09-27,Orange,059,3164182,298918,296334,14227,310561,5409
2021-09-27,Placer,061,380077,34682,34087,3279,37366,370
2021-09-27,Plumas,063,18699,1341,1269,25,1294,6
2021-09-27,Riverside,065,2383286,350676,345529,16024,361553,4864
2021-09-27,Sacramento,067,1510023,150187,149096,3921,153017,2076
2021-09-27,San Benito,069,59416,7051,7017,149,7166,67
2021-09-27,San Bernardino,071,2135413,342743,339952,10689,350641,5544
2021-09-27,San Diego,073,3302833,357496,354755,21037,375792,4054
2021-09-27,San Francisco,075,870044,50853,50157,2192,52349,622
2021-09-27,San Joaquin,077,732212,95233,94085,5106,99191,1633
2021-09-27,San Luis Obispo,079,281455,28221,27674,1130,28804,320
2021-09-27,San Mateo,081,765935,52470,51552,799,52351,571
2021-09-27,Santa Barbara,083,443738,42541,42012,1492,43504,505
2021-09-27,Santa Clara,085,1922200,142025,140802,1138,141940,1853
2021-09-27,Santa Cruz,087,273765,19585,19292,979,20271,214
2021-09-27,Shasta,089,179085,19121,18599,3172,21771,267
2021-09-27,Sierra,091,2930,135,128,13,141,0
2021-09-27,Siskiyou,093,43540,3136,3015,1139,4154,42
2021-09-27,Solano,095,438530,44387,43582,1160,44742,314
2021-09-27,Sonoma,097,501317,39640,39347,495,39842,370
2021-09-27,Stanislaus,099,539301,73531,73370,8338,81708,1091
2021-09-27,Sutter,101,95872,13182,13082,269,13351,155
2021-09-27,Tehama,103,63373,7553,7345,1246,8591,88
2021-09-27,Trinity,105,12862,766,605,202,807,9
2021-09-27,Tulare,107,460477,63230,61708,13185,74893,904
2021-09-27,Tuolumne,109,53932,6373,6264,75,6339,89
2021-09-27,Ventura,111,848112,95343,94477,4179,98656,1138
2021-09-27,Yolo,113,214977,18791,18524,979,19503,239
2021-09-27,Yuba,115,75493,9423,9292,216,9508,64
2021-09-26,Alameda,001,1643700,115359,114601,2650,117251,1326
2021-09-26,Alpine,003,1148,99,101,0,101,0
2021-09-26,Amador,005,37829,5123,5001,52,5053,59
2021-09-26,Butte,007,227075,19105,18634,3421,22055,238
2021-09-26,Calaveras,009,45235,3587,3505,40,3545,70
2021-09-26,Colusa,011,21464,2419,2392,556,2948,18
2021-09-26,Contra Costa,013,1133247,95720,94877,1990,96867,924
2021-09-26,Del Norte,015,27424,3540,3466,32,3498,37
2021-09-26,El Dorado,017,186661,14987,14738,1541,16279,132
2021-09-26,Fresno,019,978130,129388,127235,11728,138963,1939
2021-09-26,Glenn,021,27897,3264,3182,938,4120,26
2021-09-26,Humboldt,023,135768,8259,8098,428,8526,91
2021-09-26,Imperial,025,180216,31752,31462,3031,34493,756
2021-09-26,Inyo,027,18085,1747,1685,34,1719,39
2021-09-26,Kern,029,883053,118838,116927,18826,135753,1502
2021-09-26,Kings,031,150075,29586,28930,1698,30628,293
2021-09-26,Lake,033,64148,6225,6113,124,6237,95
2021-09-26,Lassen,035,31185,6425,6319,290,6609,25
2021-09-26,Los Angeles,037,10098052,1401428,1390577,52587,1443164,26035
2021-09-26,Madera,039,155013,21079,20629,1719,22348,262
2021-09-26,Marin,041,260295,17004,16860,408,17268,242
2021-09-26,Mariposa,043,17540,987,929,33,962,5
2021-09-26,Mendocino,045,87422,6933,6744,359,7103,74
2021-09-26,Merced,047,269075,39109,38717,1541,40258,548
2021-09-26,Modoc,049,8938,480,465,166,631,5
2021-09-26,Mono,051,14174,1549,1516,20,1536,3
2021-09-26,Monterey,053,433212,47684,46792,2638,49430,571
2021-09-26,Napa,055,140530,12452,12340,90,12430,95
2021-09-26,Nevada,057,99092,8491,8356,291,8647,84
2021-09-26,Orange,059,3164182,298579,296085,14194,310279,5409
2021-09-26,Placer,061,380077,34588,34043,3269,37312,370
2021-09-26,Plumas,063,18699,1323,1268,25,1293,6
2021-09-26,Riverside,065,2383286,350144,345257,16010,361267,4864
2021-09-26,Sacramento,067,1510023,149783,148745,3902,152647,2071
2021-09-26,San Benito,069,59416,7034,7012,148,7160,67
2021-09-26,San Bernardino,071,2135413,342285,339771,10674,350445,5545
2021-09-26,San Diego,073,3302833,356853,354414,20996,375410,4051
2021-09-26,San Francisco,075,870044,50727,50092,2183,52275,622
2021-09-26,San Joaquin,077,732212,95030,93935,5092,99027,1633
2021-09-26,San Luis Obispo,079,281455,28147,27624,1125,28749,319
2021-09-26,San Mateo,081,765935,52401,51496,797,52293,571
2021-09-26,Santa Barbara,083,443738,42454,41946,1489,43435,505
2021-09-26,Santa Clara,085,1922200,141825,140667,1134,141801,1852
2021-09-26,Santa Cruz,087,273765,19560,19279,979,20258,214
2021-09-26,Shasta,089,179085,19012,18566,3149,21715,266
2021-09-26,Sierra,091,2930,135,128,13,141,0
2021-09-26,Siskiyou,093,43540,3122,2998,1129,4127,42
2021-09-26,Solano,095,438530,44320,43537,1159,44696,314
2021-09-26,Sonoma,097,501317,39581,39302,495,39797,370
2021-09-26,Stanislaus,099,539301,73331,73243,8310,81553,1091
2021-09-26,Sutter,101,95872,13145,13045,268,13313,155
2021-09-26,Tehama,103,63373,7495,7323,1235,8558,88
2021-09-26,Trinity,105,12862,763,591,202,793,9
2021-09-26,Tulare,107,460477,63009,61560,13107,74667,904
2021-09-26,Tuolumne,109,53932,6345,6236,73,6309,89
2021-09-26,Ventura,111,848112,95229,94391,4172,98563,1138
2021-09-26,Yolo,113,214977,18754,18496,971,19467,239
2021-09-26,Yuba,115,75493,9396,9275,216,9491,64
2021-09-25,Alameda,001,1643700,115280,114014,2647,116661,1324
2021-09-25,Alpine,003,1148,99,101,0,101,0
2021-09-25,Amador,005,37829,5109,4934,52,4986,59
2021-09-25,Butte,007,227075,19076,18396,3412,21808,236
2021-09-25,Calaveras,009,45235,3584,3461,40,3501,70
2021-09-25,Colusa,011,21464,2416,2387,554,2941,16
2021-09-25,Contra Costa,013,1133247,95649,94337,1986,96323,924
2021-09-25,Del Norte,015,27424,3539,3404,32,3436,35
2021-09-25,El Dorado,017,186661,14964,14641,1537,16178,130
2021-09-25,Fresno,019,978130,129243,126299,11712,138011,1927
2021-09-25,Glenn,021,27897,3259,3144,937,4081,25
2021-09-25,Humboldt,023,135768,8240,8014,426,8440,88
2021-09-25,Imperial,025,180216,31725,31280,3031,34311,755
2021-09-25,Inyo,027,18085,1739,1657,34,1691,39
2021-09-25,Kern,029,883053,118683,116021,18758,134779,1485
2021-09-25,Kings,031,150075,29535,28636,1695,30331,293
2021-09-25,Lake,033,64148,6220,6046,122,6168,92
2021-09-25,Lassen,035,31185,6413,6248,289,6537,25
2021-09-25,Los Angeles,037,10098052,1400713,1386417,52546,1438963,25964
2021-09-25,Madera,039,155013,21054,20432,1713,22145,262
2021-09-25,Marin,041,260295,16995,16802,406,17208,242
2021-09-25,Mariposa,043,17540,982,906,33,939,5
2021-09-25,Mendocino,045,87422,6914,6657,358,7015,74
2021-09-25,Merced,047,269075,39063,38393,1539,39932,546
2021-09-25,Modoc,049,8938,480,460,166,626,5
2021-09-25,Mono,051,14174,1546,1501,20,1521,3
2021-09-25,Monterey,053,433212,47654,46653,2636,49289,567
2021-09-25,Napa,055,140530,12432,12266,90,12356,95
2021-09-25,Nevada,057,99092,8474,8285,291,8576,84
2021-09-25,Orange,059,3164182,298406,294514,14176,308690,5374
2021-09-25,Placer,061,380077,34524,33764,3266,37030,367
2021-09-25,Plumas,063,18699,1319,1238,25,1263,6
2021-09-25,Riverside,065,2383286,349821,343463,16002,359465,4843
2021-09-25,Sacramento,067,1510023,149608,147728,3893,151621,2049
2021-09-25,San Benito,069,59416,7029,6965,148,7113,67
2021-09-25,San Bernardino,071,2135413,342051,338413,10660,349073,5540
2021-09-25,San Diego,073,3302833,356503,352017,20970,372987,4039
2021-09-25,San Francisco,075,870044,50683,49840,2182,52022,615
2021-09-25,San Joaquin,077,732212,94944,93273,5090,98363,1628
2021-09-25,San Luis Obispo,079,281455,28109,27447,1121,28568,318
2021-09-25,San Mateo,081,765935,52337,51266,795,52061,568
2021-09-25,Santa Barbara,083,443738,42396,41728,1489,43217,505
2021-09-25,Santa Clara,085,1922200,141719,140023,1132,141155,1844
2021-09-25,Santa Cruz,087,273765,19544,19200,977,20177,214
2021-09-25,Shasta,089,179085,18961,18256,3140,21396,262
2021-09-25,Sierra,091,2930,134,127,13,140,0
2021-09-25,Siskiyou,093,43540,3115,2956,1119,4075,41
2021-09-25,Solano,095,438530,44279,43331,1156,44487,312
2021-09-25,Sonoma,097,501317,39540,39112,495,39607,369
2021-09-25,Stanislaus,099,539301,73221,72628,8296,80924,1091
2021-09-25,Sutter,101,95872,13127,12976,265,13241,154
2021-09-25,Tehama,103,63373,7480,7200,1233,8433,86
2021-09-25,Trinity,105,12862,763,576,202,778,9
2021-09-25,Tulare,107,460477,62927,60909,13063,73972,898
2021-09-25,Tuolumne,109,53932,6333,6168,73,6241,89
2021-09-25,Ventura,111,848112,95162,94059,4168,98227,1129
2021-09-25,Yolo,113,214977,18732,18393,970,19363,239
2021-09-25,Yuba,115,75493,9376,9191,216,9407,61
2021-09-24,Alameda,001,1643700,115176,114014,2643,116657,1324
2021-09-24,Alpine,003,1148,99,101,0,101,0
2021-09-24,Amador,005,37829,5079,4934,52,4986,59
2021-09-24,Butte,007,227075,19024,18396,3403,21799,236
2021-09-24,Calaveras,009,45235,3577,3461,39,3500,70
2021-09-24,Colusa,011,21464,2413,2387,553,2940,16
2021-09-24,Contra Costa,013,1133247,95539,94337,1982,96319,924
2021-09-24,Del Norte,015,27424,3536,3404,32,3436,35
2021-09-24,El Dorado,017,186661,14946,14641,1533,16174,130
2021-09-24,Fresno,019,978130,129045,126299,11700,137999,1927
2021-09-24,Glenn,021,27897,3251,3144,937,4081,25
2021-09-24,Humboldt,023,135768,8221,8014,423,8437,88
2021-09-24,Imperial,025,180216,31687,31280,3029,34309,755
2021-09-24,Inyo,027,18085,1730,1657,34,1691,39
2021-09-24,Kern,029,883053,118547,116021,18692,134713,1485
2021-09-24,Kings,031,150075,29494,28636,1690,30326,293
2021-09-24,Lake,033,64148,6212,6046,122,6168,92
2021-09-24,Lassen,035,31185,6405,6248,288,6536,25
2021-09-24,Los Angeles,037,10098052,1399830,1386417,52504,1438921,25964
2021-09-24,Madera,039,155013,21023,20432,1704,22136,262
2021-09-24,Marin,041,260295,16981,16802,405,17207,242
2021-09-24,Mariposa,043,17540,970,906,33,939,5
2021-09-24,Mendocino,045,87422,6901,6657,358,7015,74
2021-09-24,Merced,047,269075,39019,38393,1539,39932,546
2021-09-24,Modoc,049,8938,480,460,165,625,5
2021-09-24,Mono,051,14174,1541,1501,20,1521,3
2021-09-24,Monterey,053,433212,47633,46653,2628,49281,567
2021-09-24,Napa,055,140530,12413,12266,90,12356,95
2021-09-24,Nevada,057,99092,8460,8285,288,8573,84
2021-09-24,Orange,059,3164182,298199,294514,14158,308672,5374
2021-09-24,Placer,061,380077,34469,33764,3253,37017,367
2021-09-24,Plumas,063,18699,1315,1238,25,1263,6
2021-09-24,Riverside,065,2383286,349487,343463,15993,359456,4843
2021-09-24,Sacramento,067,1510023,149423,147728,3889,151617,2049
2021-09-24,San Benito,069,59416,7023,6965,148,7113,67
2021-09-24,San Bernardino,071,2135413,341784,338413,10650,349063,5540
2021-09-24,San Diego,073,3302833,356149,352017,20955,372972,4039
2021-09-24,San Francisco,075,870044,50619,49840,2174,52014,615
2021-09-24,San Joaquin,077,732212,94831,93273,5088,98361,1628
2021-09-24,San Luis Obispo,079,281455,28078,27447,1116,28563,318
2021-09-24,San Mateo,081,765935,52277,51266,794,52060,568
2021-09-24,Santa Barbara,083,443738,42356,41728,1488,43216,505
2021-09-24,Santa Clara,085,1922200,141607,140023,1131,141154,1844
2021-09-24,Santa Cruz,087,273765,19521,19200,976,20176,214
2021-09-24,Shasta,089,179085,18907,18256,3126,21382,262
2021-09-24,Sierra,091,2930,133,127,13,140,0
2021-09-24,Siskiyou,093,43540,3106,2956,1113,4069,41
2021-09-24,Solano,095,438530,44242,43331,1154,44485,312
2021-09-24,Sonoma,097,501317,39507,39112,495,39607,369
2021-09-24,Stanislaus,099,539301,73105,72628,8281,80909,1091
2021-09-24,Sutter,101,95872,13108,12976,264,13240,154
2021-09-24,Tehama,103,63373,7468,7200,1228,8428,86
2021-09-24,Trinity,105,12862,760,576,202,778,9
2021-09-24,Tulare,107,460477,62836,60909,13021,73930,898
2021-09-24,Tuolumne,109,53932,6304,6168,73,6241,89
2021-09-24,Ventura,111,848112,95084,94059,4161,98220,1129
2021-09-24,Yolo,113,214977,18700,18393,967,19360,239
2021-09-24,Yuba,115,75493,9357,9191,216,9407,61
2021-09-23,Alameda,001,1643700,115018,114014,2637,116651,1324
2021-09-23,Alpine,003,1148,99,101,0,101,0
2021-09-23,Amador,005,37829,5066,4934,52,4986,59
2021-09-23,Butte,007,227075,18962,18396,3379,21775,236
2021-09-23,Calaveras,009,45235,3556,3461,39,3500,70
2021-09-23,Colusa,011,21464,2411,2387,550,2937,16
2021-09-23,Contra Costa,013,1133247,95398,94337,1975,96312,924
2021-09-23,Del Norte,015,27424,3527,3404,31,3435,35
2021-09-23,El Dorado,017,186661,14920,14641,1527,16168,130
2021-09-23,Fresno,019,978130,128748,126299,11681,137980,1927
2021-09-23,Glenn,021,27897,3237,3144,934,4078,25
2021-09-23,Humboldt,023,135768,8196,8014,421,8435,88
2021-09-23,Imperial,025,180216,31651,31280,3029,34309,755
2021-09-23,Inyo,027,18085,1716,1657,34,1691,39
2021-09-23,Kern,029,883053,118289,116021,18611,134632,1485
2021-09-23,Kings,031,150075,29390,28636,1681,30317,293
2021-09-23,Lake,033,64148,6202,6046,122,6168,92
2021-09-23,Lassen,035,31185,6396,6248,283,6531,25
2021-09-23,Los Angeles,037,10098052,1398633,1386417,52440,1438857,25964
2021-09-23,Madera,039,155013,20941,20432,1700,22132,262
2021-09-23,Marin,041,260295,16966,16802,402,17204,242
2021-09-23,Mariposa,043,17540,957,906,33,939,5
2021-09-23,Mendocino,045,87422,6879,6657,353,7010,74
2021-09-23,Merced,047,269075,38916,38393,1532,39925,546
2021-09-23,Modoc,049,8938,479,460,165,625,5
2021-09-23,Mono,051,14174,1538,1501,20,1521,3
2021-09-23,Monterey,053,433212,47584,46653,2616,49269,567
2021-09-23,Napa,055,140530,12396,12266,90,12356,95
2021-09-23,Nevada,057,99092,8433,8285,288,8573,84
2021-09-23,Orange,059,3164182,297902,294514,14134,308648,5374
2021-09-23,Placer,061,380077,34393,33764,3246,37010,367
2021-09-23,Plumas,063,18699,1298,1238,24,1262,6
2021-09-23,Riverside,065,2383286,349034,343463,15986,359449,4843
2021-09-23,Sacramento,067,1510023,149093,147728,3869,151597,2049
2021-09-23,San Benito,069,59416,7012,6965,148,7113,67
2021-09-23,San Bernardino,071,2135413,341421,338413,10635,349048,5540
2021-09-23,San Diego,073,3302833,355685,352017,20916,372933,4039
2021-09-23,San Francisco,075,870044,50546,49840,2172,52012,615
2021-09-23,San Joaquin,077,732212,94658,93273,5073,98346,1628
2021-09-23,San Luis Obispo,079,281455,28035,27447,1114,28561,318
2021-09-23,San Mateo,081,765935,52202,51266,793,52059,568
2021-09-23,Santa Barbara,083,443738,42278,41728,1485,43213,505
2021-09-23,Santa Clara,085,1922200,141456,140023,1124,141147,1844
2021-09-23,Santa Cruz,087,273765,19490,19200,976,20176,214
2021-09-23,Shasta,089,179085,18827,18256,3109,21365,262
2021-09-23,Sierra,091,2930,133,127,13,140,0
2021-09-23,Siskiyou,093,43540,3102,2956,1102,4058,41
2021-09-23,Solano,095,438530,44174,43331,1151,44482,312
2021-09-23,Sonoma,097,501317,39448,39112,492,39604,369
2021-09-23,Stanislaus,099,539301,72949,72628,8249,80877,1091
2021-09-23,Sutter,101,95872,13079,12976,264,13240,154
2021-09-23,Tehama,103,63373,7427,7200,1223,8423,86
2021-09-23,Trinity,105,12862,746,576,201,777,9
2021-09-23,Tulare,107,460477,62659,60909,12967,73876,898
2021-09-23,Tuolumne,109,53932,6279,6168,72,6240,89
2021-09-23,Ventura,111,848112,94981,94059,4154,98213,1129
2021-09-23,Yolo,113,214977,18669,18393,962,19355,239
2021-09-23,Yuba,115,75493,9329,9191,215,9406,61
2021-09-22,Alameda,001,1643700,114862,113862,2633,116495,1322
2021-09-22,Alpine,003,1148,99,100,0,100,0
2021-09-22,Amador,005,37829,5050,4915,52,4967,59
2021-09-22,Butte,007,227075,18902,18337,3364,21701,235
2021-09-22,Calaveras,009,45235,3540,3448,39,3487,70
2021-09-22,Colusa,011,21464,2406,2384,549,2933,16
2021-09-22,Contra Costa,013,1133247,95213,94209,1966,96175,924
2021-09-22,Del Norte,015,27424,3516,3386,30,3416,35
2021-09-22,El Dorado,017,186661,14884,14605,1520,16125,127
2021-09-22,Fresno,019,978130,128491,126006,11666,137672,1908
2021-09-22,Glenn,021,27897,3230,3138,933,4071,25
2021-09-22,Humboldt,023,135768,8174,7998,413,8411,80
2021-09-22,Imperial,025,180216,31599,31243,3022,34265,755
2021-09-22,Inyo,027,18085,1706,1651,34,1685,39
2021-09-22,Kern,029,883053,118048,115757,18489,134246,1477
2021-09-22,Kings,031,150075,29305,28589,1675,30264,292
2021-09-22,Lake,033,64148,6190,6035,122,6157,93
2021-09-22,Lassen,035,31185,6376,6209,279,6488,25
2021-09-22,Los Angeles,037,10098052,1397309,1384719,52385,1437104,25930
2021-09-22,Madera,039,155013,20884,20382,1690,22072,262
2021-09-22,Marin,041,260295,16955,16782,399,17181,242
2021-09-22,Mariposa,043,17540,951,901,33,934,5
2021-09-22,Mendocino,045,87422,6852,6624,347,6971,70
2021-09-22,Merced,047,269075,38783,38305,1530,39835,541
2021-09-22,Modoc,049,8938,476,458,165,623,5
2021-09-22,Mono,051,14174,1529,1496,19,1515,3
2021-09-22,Monterey,053,433212,47533,46615,2609,49224,566
2021-09-22,Napa,055,140530,12373,12248,89,12337,95
2021-09-22,Nevada,057,99092,8410,8273,285,8558,84
2021-09-22,Orange,059,3164182,297626,294214,14116,308330,5366
2021-09-22,Placer,061,380077,34305,33661,3233,36894,367
2021-09-22,Plumas,063,18699,1285,1230,24,1254,6
2021-09-22,Riverside,065,2383286,348499,342946,15961,358907,4830
2021-09-22,Sacramento,067,1510023,148780,147533,3838,151371,2043
2021-09-22,San Benito,069,59416,7001,6961,146,7107,67
2021-09-22,San Bernardino,071,2135413,341025,337938,10626,348564,5528
2021-09-22,San Diego,073,3302833,355226,351132,20892,372024,4027
2021-09-22,San Francisco,075,870044,50461,49734,2167,51901,610
2021-09-22,San Joaquin,077,732212,94426,93010,5047,98057,1626
2021-09-22,San Luis Obispo,079,281455,27987,27398,1111,28509,315
2021-09-22,San Mateo,081,765935,52129,51197,789,51986,568
2021-09-22,Santa Barbara,083,443738,42215,41678,1484,43162,504
2021-09-22,Santa Clara,085,1922200,141292,139803,1117,140920,1844
2021-09-22,Santa Cruz,087,273765,19452,19177,976,20153,214
2021-09-22,Shasta,089,179085,18737,18153,3097,21250,260
2021-09-22,Sierra,091,2930,133,127,13,140,0
2021-09-22,Siskiyou,093,43540,3085,2947,1092,4039,41
2021-09-22,Solano,095,438530,44109,43269,1150,44419,312
2021-09-22,Sonoma,097,501317,39395,39063,491,39554,369
2021-09-22,Stanislaus,099,539301,72784,72355,8230,80585,1091
2021-09-22,Sutter,101,95872,13059,12960,261,13221,153
2021-09-22,Tehama,103,63373,7400,7173,1220,8393,86
2021-09-22,Trinity,105,12862,745,572,201,773,9
2021-09-22,Tulare,107,460477,62450,60776,12897,73673,896
2021-09-22,Tuolumne,109,53932,6258,6155,71,6226,89
2021-09-22,Ventura,111,848112,94876,93978,4148,98126,1122
2021-09-22,Yolo,113,214977,18630,18342,955,19297,239
2021-09-22,Yuba,115,75493,9300,9169,210,9379,61
2021-09-21,Alameda,001,1643700,114707,113765,2633,116398,1321
2021-09-21,Alpine,003,1148,99,100,0,100,0
2021-09-21,Amador,005,37829,5028,4897,52,4949,59
2021-09-21,Butte,007,227075,18805,18229,3327,21556,232
2021-09-21,Calaveras,009,45235,3523,3437,39,3476,70
2021-09-21,Colusa,011,21464,2403,2378,548,2926,16
2021-09-21,Contra Costa,013,1133247,95019,94101,1952,96053,924
2021-09-21,Del Norte,015,27424,3504,3378,30,3408,34
2021-09-21,El Dorado,017,186661,14854,14578,1513,16091,127
2021-09-21,Fresno,019,978130,128140,125789,11640,137429,1892
2021-09-21,Glenn,021,27897,3223,3134,929,4063,25
2021-09-21,Humboldt,023,135768,8142,7955,408,8363,80
2021-09-21,Imperial,025,180216,31542,31185,3020,34205,755
2021-09-21,Inyo,027,18085,1696,1646,34,1680,39
2021-09-21,Kern,029,883053,117756,115534,18375,133909,1467
2021-09-21,Kings,031,150075,29217,28545,1667,30212,291
2021-09-21,Lake,033,64148,6167,6013,122,6135,90
2021-09-21,Lassen,035,31185,6358,6159,275,6434,25
2021-09-21,Los Angeles,037,10098052,1395852,1383277,52328,1435605,25893
2021-09-21,Madera,039,155013,20824,20317,1680,21997,262
2021-09-21,Marin,041,260295,16940,16748,398,17146,242
2021-09-21,Mariposa,043,17540,946,894,32,926,5
2021-09-21,Mendocino,045,87422,6814,6580,336,6916,68
2021-09-21,Merced,047,269075,38661,38225,1526,39751,539
2021-09-21,Modoc,049,8938,473,458,165,623,5
2021-09-21,Mono,051,14174,1527,1495,18,1513,3
2021-09-21,Monterey,053,433212,47464,46583,2597,49180,565
2021-09-21,Napa,055,140530,12352,12238,89,12327,95
2021-09-21,Nevada,057,99092,8383,8259,276,8535,84
2021-09-21,Orange,059,3164182,297295,293898,14086,307984,5357
2021-09-21,Placer,061,380077,34204,33609,3222,36831,365
2021-09-21,Plumas,063,18699,1278,1225,24,1249,5
2021-09-21,Riverside,065,2383286,347939,342460,15937,358397,4817
2021-09-21,Sacramento,067,1510023,148398,147378,3810,151188,2027
2021-09-21,San Benito,069,59416,6990,6950,145,7095,67
2021-09-21,San Bernardino,071,2135413,340587,337387,10609,347996,5520
2021-09-21,San Diego,073,3302833,354610,350265,20866,371131,4021
2021-09-21,San Francisco,075,870044,50365,49653,2163,51816,609
2021-09-21,San Joaquin,077,732212,94192,92762,5036,97798,1621
2021-09-21,San Luis Obispo,079,281455,27928,27318,1107,28425,314
2021-09-21,San Mateo,081,765935,52060,51136,789,51925,568
2021-09-21,Santa Barbara,083,443738,42146,41644,1480,43124,503
2021-09-21,Santa Clara,085,1922200,141075,139657,1113,140770,1843
2021-09-21,Santa Cruz,087,273765,19422,19140,975,20115,212
2021-09-21,Shasta,089,179085,18609,18027,3073,21100,258
2021-09-21,Sierra,091,2930,133,127,13,140,0
2021-09-21,Siskiyou,093,43540,3071,2927,1078,4005,36
2021-09-21,Solano,095,438530,44033,43220,1150,44370,311
2021-09-21,Sonoma,097,501317,39342,39042,491,39533,369
2021-09-21,Stanislaus,099,539301,72600,72211,8208,80419,1091
2021-09-21,Sutter,101,95872,13036,12930,258,13188,153
2021-09-21,Tehama,103,63373,7354,7151,1216,8367,85
2021-09-21,Trinity,105,12862,734,572,199,771,9
2021-09-21,Tulare,107,460477,62236,60607,12836,73443,896
2021-09-21,Tuolumne,109,53932,6226,6139,71,6210,89
2021-09-21,Ventura,111,848112,94771,93818,4140,97958,1120
2021-09-21,Yolo,113,214977,18594,18313,952,19265,239
2021-09-21,Yuba,115,75493,9272,9135,210,9345,61
2021-09-20,Alameda,001,1643700,114526,113637,2629,116266,1320
2021-09-20,Alpine,003,1148,99,100,0,100,0
2021-09-20,Amador,005,37829,5010,4883,51,4934,59
2021-09-20,Butte,007,227075,18723,18135,3311,21446,231
2021-09-20,Calaveras,009,45235,3501,3395,38,3433,66
2021-09-20,Colusa,011,21464,2401,2376,545,2921,16
2021-09-20,Contra Costa,013,1133247,94869,93919,1946,95865,924
2021-09-20,Del Norte,015,27424,3496,3374,29,3403,34
2021-09-20,El Dorado,017,186661,14821,14545,1501,16046,127
2021-09-20,Fresno,019,978130,127727,125287,11612,136899,1889
2021-09-20,Glenn,021,27897,3212,3112,926,4038,25
2021-09-20,Humboldt,023,135768,8106,7938,403,8341,80
2021-09-20,Imperial,025,180216,31459,31146,3019,34165,755
2021-09-20,Inyo,027,18085,1688,1641,33,1674,39
2021-09-20,Kern,029,883053,117417,115271,18243,133514,1459
2021-09-20,Kings,031,150075,29130,28471,1661,30132,285
2021-09-20,Lake,033,64148,6152,5984,121,6105,87
2021-09-20,Lassen,035,31185,6328,6132,275,6407,25
2021-09-20,Los Angeles,037,10098052,1394331,1382206,52247,1434453,25858
2021-09-20,Madera,039,155013,20771,20203,1673,21876,257
2021-09-20,Marin,041,260295,16915,16732,396,17128,242
2021-09-20,Mariposa,043,17540,935,887,32,919,5
2021-09-20,Mendocino,045,87422,6780,6568,330,6898,67
2021-09-20,Merced,047,269075,38550,38144,1515,39659,536
2021-09-20,Modoc,049,8938,472,457,163,620,5
2021-09-20,Mono,051,14174,1521,1480,18,1498,3
2021-09-20,Monterey,053,433212,47422,46506,2579,49085,565
2021-09-20,Napa,055,140530,12327,12209,88,12297,95
2021-09-20,Nevada,057,99092,8363,8228,274,8502,84
2021-09-20,Orange,059,3164182,296952,293642,14059,307701,5354
2021-09-20,Placer,061,380077,34113,33531,3207,36738,364
2021-09-20,Plumas,063,18699,1273,1211,24,1235,5
2021-09-20,Riverside,065,2383286,347439,341961,15924,357885,4802
2021-09-20,Sacramento,067,1510023,148025,147016,3776,150792,2016
2021-09-20,San Benito,069,59416,6981,6947,144,7091,67
2021-09-20,San Bernardino,071,2135413,340191,337059,10593,347652,5507
2021-09-20,San Diego,073,3302833,353933,349579,20829,370408,4009
2021-09-20,San Francisco,075,870044,50258,49559,2162,51721,605
2021-09-20,San Joaquin,077,732212,93948,92614,5023,97637,1615
2021-09-20,San Luis Obispo,079,281455,27852,27259,1099,28358,313
2021-09-20,San Mateo,081,765935,51973,51100,786,51886,567
2021-09-20,Santa Barbara,083,443738,42047,41589,1476,43065,500
2021-09-20,Santa Clara,085,1922200,140874,139578,1111,140689,1841
2021-09-20,Santa Cruz,087,273765,19390,19121,975,20096,211
2021-09-20,Shasta,089,179085,18510,17893,3042,20935,258
2021-09-20,Sierra,091,2930,131,126,13,139,0
2021-09-20,Siskiyou,093,43540,3049,2902,1065,3967,35
2021-09-20,Solano,095,438530,43965,43152,1142,44294,312
2021-09-20,Sonoma,097,501317,39296,38991,491,39482,369
2021-09-20,Stanislaus,099,539301,72401,72031,8189,80220,1091
2021-09-20,Sutter,101,95872,13000,12896,253,13149,153
2021-09-20,Tehama,103,63373,7322,7121,1204,8325,84
2021-09-20,Trinity,105,12862,728,568,198,766,7
2021-09-20,Tulare,107,460477,62034,60302,12780,73082,896
2021-09-20,Tuolumne,109,53932,6200,6113,71,6184,89
2021-09-20,Ventura,111,848112,94658,93700,4133,97833,1120
2021-09-20,Yolo,113,214977,18548,18287,950,19237,239
2021-09-20,Yuba,115,75493,9236,9107,208,9315,61
2021-09-19,Alameda,001,1643700,114310,113446,2624,116070,1320
2021-09-19,Alpine,003,1148,99,100,0,100,0
2021-09-19,Amador,005,37829,4970,4875,50,4925,59
2021-09-19,Butte,007,227075,18630,18063,3284,21347,230
2021-09-19,Calaveras,009,45235,3477,3390,35,3425,66
2021-09-19,Colusa,011,21464,2399,2375,543,2918,16
2021-09-19,Contra Costa,013,1133247,94684,93788,1936,95724,924
2021-09-19,Del Norte,015,27424,3470,3344,28,3372,34
2021-09-19,El Dorado,017,186661,14768,14512,1495,16007,127
2021-09-19,Fresno,019,978130,127321,124985,11567,136552,1888
2021-09-19,Glenn,021,27897,3203,3102,923,4025,25
2021-09-19,Humboldt,023,135768,8061,7914,401,8315,80
2021-09-19,Imperial,025,180216,31390,31122,3016,34138,755
2021-09-19,Inyo,027,18085,1679,1639,33,1672,39
2021-09-19,Kern,029,883053,117104,115074,18137,133211,1459
2021-09-19,Kings,031,150075,29002,28416,1652,30068,284
2021-09-19,Lake,033,64148,6121,5962,121,6083,87
2021-09-19,Lassen,035,31185,6308,6129,269,6398,25
2021-09-19,Los Angeles,037,10098052,1392354,1381200,52149,1433349,25852
2021-09-19,Madera,039,155013,20692,20161,1662,21823,257
2021-09-19,Marin,041,260295,16886,16711,394,17105,242
2021-09-19,Mariposa,043,17540,927,881,32,913,5
2021-09-19,Mendocino,045,87422,6735,6538,324,6862,67
2021-09-19,Merced,047,269075,38393,38068,1506,39574,535
2021-09-19,Modoc,049,8938,469,457,161,618,5
2021-09-19,Mono,051,14174,1516,1480,18,1498,3
2021-09-19,Monterey,053,433212,47367,46486,2576,49062,565
2021-09-19,Napa,055,140530,12306,12190,86,12276,95
2021-09-19,Nevada,057,99092,8335,8203,272,8475,84
2021-09-19,Orange,059,3164182,296584,293258,14037,307295,5354
2021-09-19,Placer,061,380077,34000,33406,3189,36595,364
2021-09-19,Plumas,063,18699,1265,1211,24,1235,5
2021-09-19,Riverside,065,2383286,346846,341566,15915,357481,4804
2021-09-19,Sacramento,067,1510023,147665,146603,3730,150333,2012
2021-09-19,San Benito,069,59416,6962,6942,144,7086,67
2021-09-19,San Bernardino,071,2135413,339701,336688,10582,347270,5506
2021-09-19,San Diego,073,3302833,353219,349225,20792,370017,4006
2021-09-19,San Francisco,075,870044,50150,49458,2153,51611,605
2021-09-19,San Joaquin,077,732212,93651,92467,5012,97479,1615
2021-09-19,San Luis Obispo,079,281455,27751,27208,1090,28298,313
2021-09-19,San Mateo,081,765935,51875,51028,785,51813,567
2021-09-19,Santa Barbara,083,443738,41941,41512,1476,42988,500
2021-09-19,Santa Clara,085,1922200,140688,139410,1106,140516,1841
2021-09-19,Santa Cruz,087,273765,19351,19096,975,20071,211
2021-09-19,Shasta,089,179085,18396,17813,3006,20819,258
2021-09-19,Sierra,091,2930,130,126,13,139,0
2021-09-19,Siskiyou,093,43540,3023,2882,1056,3938,35
2021-09-19,Solano,095,438530,43876,43056,1137,44193,312
2021-09-19,Sonoma,097,501317,39224,38956,487,39443,369
2021-09-19,Stanislaus,099,539301,72157,71830,8164,79994,1091
2021-09-19,Sutter,101,95872,12973,12868,246,13114,153
2021-09-19,Tehama,103,63373,7268,7081,1195,8276,84
2021-09-19,Trinity,105,12862,717,562,196,758,7
2021-09-19,Tulare,107,460477,61773,60160,12685,72845,896
2021-09-19,Tuolumne,109,53932,6158,6097,71,6168,89
2021-09-19,Ventura,111,848112,94496,93491,4124,97615,1120
2021-09-19,Yolo,113,214977,18499,18238,944,19182,239
2021-09-19,Yuba,115,75493,9210,9087,207,9294,61
2021-09-18,Alameda,001,1643700,114209,113300,2623,115923,1320
2021-09-18,Alpine,003,1148,99,100,0,100,0
2021-09-18,Amador,005,37829,4960,4850,50,4900,59
2021-09-18,Butte,007,227075,18593,17961,3270,21231,230
2021-09-18,Calaveras,009,45235,3472,3361,34,3395,66
2021-09-18,Colusa,011,21464,2399,2373,542,2915,16
2021-09-18,Contra Costa,013,1133247,94595,93656,1932,95588,924
2021-09-18,Del Norte,015,27424,3462,3326,26,3352,34
2021-09-18,El Dorado,017,186661,14745,14472,1492,15964,127
2021-09-18,Fresno,019,978130,127179,124771,11549,136320,1889
2021-09-18,Glenn,021,27897,3194,3086,920,4006,25
2021-09-18,Humboldt,023,135768,8047,7881,400,8281,80
2021-09-18,Imperial,025,180216,31366,31096,3015,34111,755
2021-09-18,Inyo,027,18085,1673,1636,33,1669,39
2021-09-18,Kern,029,883053,116949,114781,18073,132854,1459
2021-09-18,Kings,031,150075,28954,28330,1647,29977,285
2021-09-18,Lake,033,64148,6104,5936,121,6057,87
2021-09-18,Lassen,035,31185,6298,6121,267,6388,25
2021-09-18,Los Angeles,037,10098052,1391595,1379880,52098,1431978,25849
2021-09-18,Madera,039,155013,20648,20126,1652,21778,257
2021-09-18,Marin,041,260295,16869,16685,393,17078,242
2021-09-18,Mariposa,043,17540,924,871,32,903,5
2021-09-18,Mendocino,045,87422,6714,6523,324,6847,67
2021-09-18,Merced,047,269075,38356,37977,1500,39477,535
2021-09-18,Modoc,049,8938,469,457,160,617,5
2021-09-18,Mono,051,14174,1513,1480,18,1498,3
2021-09-18,Monterey,053,433212,47329,46466,2573,49039,565
2021-09-18,Napa,055,140530,12294,12168,86,12254,95
2021-09-18,Nevada,057,99092,8318,8183,272,8455,84
2021-09-18,Orange,059,3164182,296390,293005,14023,307028,5354
2021-09-18,Placer,061,380077,33928,33309,3186,36495,364
2021-09-18,Plumas,063,18699,1264,1204,24,1228,5
2021-09-18,Riverside,065,2383286,346461,341136,15900,357036,4802
2021-09-18,Sacramento,067,1510023,147483,146162,3721,149883,2016
2021-09-18,San Benito,069,59416,6957,6937,144,7081,67
2021-09-18,San Bernardino,071,2135413,339428,336380,10569,346949,5501
2021-09-18,San Diego,073,3302833,352821,348848,20779,369627,4006
2021-09-18,San Francisco,075,870044,50087,49359,2148,51507,605
2021-09-18,San Joaquin,077,732212,93540,92242,5000,97242,1615
2021-09-18,San Luis Obispo,079,281455,27714,27181,1087,28268,313
2021-09-18,San Mateo,081,765935,51824,50961,783,51744,567
2021-09-18,Santa Barbara,083,443738,41876,41465,1476,42941,500
2021-09-18,Santa Clara,085,1922200,140568,139233,1103,140336,1841
2021-09-18,Santa Cruz,087,273765,19331,19079,975,20054,211
2021-09-18,Shasta,089,179085,18333,17777,2989,20766,258
2021-09-18,Sierra,091,2930,129,125,13,138,0
2021-09-18,Siskiyou,093,43540,3020,2875,1050,3925,35
2021-09-18,Solano,095,438530,43836,42966,1134,44100,312
2021-09-18,Sonoma,097,501317,39189,38891,485,39376,369
2021-09-18,Stanislaus,099,539301,72012,71587,8139,79726,1091
2021-09-18,Sutter,101,95872,12959,12829,246,13075,153
2021-09-18,Tehama,103,63373,7254,7055,1188,8243,84
2021-09-18,Trinity,105,12862,715,561,196,757,7
2021-09-18,Tulare,107,460477,61697,60003,12633,72636,896
2021-09-18,Tuolumne,109,53932,6143,6069,71,6140,89
2021-09-18,Ventura,111,848112,94428,93424,4119,97543,1120
2021-09-18,Yolo,113,214977,18472,18213,939,19152,239
2021-09-18,Yuba,115,75493,9196,9061,206,9267,61
2021-09-17,Alameda,001,1643700,114084,113070,2621,115691,1320
2021-09-17,Alpine,003,1148,99,99,0,99,0
2021-09-17,Amador,005,37829,4944,4835,49,4884,58
2021-09-17,Butte,007,227075,18541,17870,3261,21131,230
2021-09-17,Calaveras,009,45235,3460,3338,33,3371,66
2021-09-17,Colusa,011,21464,2398,2369,537,2906,16
2021-09-17,Contra Costa,013,1133247,94492,93485,1929,95414,924
2021-09-17,Del Norte,015,27424,3457,3311,24,3335,34
2021-09-17,El Dorado,017,186661,14726,14421,1490,15911,127
2021-09-17,Fresno,019,978130,126960,124296,11533,135829,1882
2021-09-17,Glenn,021,27897,3177,3072,916,3988,25
2021-09-17,Humboldt,023,135768,8026,7850,400,8250,80
2021-09-17,Imperial,025,180216,31340,31031,3014,34045,755
2021-09-17,Inyo,027,18085,1665,1634,33,1667,39
2021-09-17,Kern,029,883053,116758,114303,17976,132279,1456
2021-09-17,Kings,031,150075,28889,28240,1645,29885,281
2021-09-17,Lake,033,64148,6091,5915,121,6036,87
2021-09-17,Lassen,035,31185,6283,6080,265,6345,25
2021-09-17,Los Angeles,037,10098052,1390618,1377905,52031,1429936,25820
2021-09-17,Madera,039,155013,20597,20040,1640,21680,257
2021-09-17,Marin,041,260295,16856,16658,391,17049,242
2021-09-17,Mariposa,043,17540,922,869,32,901,5
2021-09-17,Mendocino,045,87422,6695,6498,324,6822,67
2021-09-17,Merced,047,269075,38309,37803,1498,39301,533
2021-09-17,Modoc,049,8938,469,456,160,616,5
2021-09-17,Mono,051,14174,1509,1457,18,1475,3
2021-09-17,Monterey,053,433212,47306,46421,2572,48993,564
2021-09-17,Napa,055,140530,12273,12153,86,12239,95
2021-09-17,Nevada,057,99092,8303,8157,272,8429,84
2021-09-17,Orange,059,3164182,296170,292685,14005,306690,5346
2021-09-17,Placer,061,380077,33867,33188,3176,36364,362
2021-09-17,Plumas,063,18699,1255,1192,23,1215,5
2021-09-17,Riverside,065,2383286,346061,340445,15889,356334,4792
2021-09-17,Sacramento,067,1510023,147284,145985,3710,149695,1999
2021-09-17,San Benito,069,59416,6954,6929,144,7073,67
2021-09-17,San Bernardino,071,2135413,339072,335810,10562,346372,5488
2021-09-17,San Diego,073,3302833,352386,348098,20762,368860,4002
2021-09-17,San Francisco,075,870044,50035,49249,2143,51392,605
2021-09-17,San Joaquin,077,732212,93402,91977,4989,96966,1610
2021-09-17,San Luis Obispo,079,281455,27680,27102,1076,28178,311
2021-09-17,San Mateo,081,765935,51771,50854,782,51636,564
2021-09-17,Santa Barbara,083,443738,41813,41354,1475,42829,498
2021-09-17,Santa Clara,085,1922200,140419,138939,1101,140040,1838
2021-09-17,Santa Cruz,087,273765,19307,19039,975,20014,211
2021-09-17,Shasta,089,179085,18262,17617,2976,20593,254
2021-09-17,Sierra,091,2930,129,124,13,137,0
2021-09-17,Siskiyou,093,43540,3005,2852,1050,3902,35
2021-09-17,Solano,095,438530,43773,42898,1130,44028,312
2021-09-17,Sonoma,097,501317,39152,38808,484,39292,369
2021-09-17,Stanislaus,099,539301,71905,71408,8121,79529,1091
2021-09-17,Sutter,101,95872,12943,12799,243,13042,153
2021-09-17,Tehama,103,63373,7230,7020,1176,8196,84
2021-09-17,Trinity,105,12862,710,556,195,751,7
2021-09-17,Tulare,107,460477,61582,59689,12598,72287,895
2021-09-17,Tuolumne,109,53932,6124,6047,71,6118,89
2021-09-17,Ventura,111,848112,94316,93273,4117,97390,1116
2021-09-17,Yolo,113,214977,18441,18177,935,19112,239
2021-09-17,Yuba,115,75493,9169,9019,205,9224,61
2021-09-16,Alameda,001,1643700,113907,112770,2618,115388,1318
2021-09-16,Alpine,003,1148,99,99,0,99,0
2021-09-16,Amador,005,37829,4924,4819,49,4868,58
2021-09-16,Butte,007,227075,18467,17750,3245,20995,230
2021-09-16,Calaveras,009,45235,3428,3313,33,3346,66
2021-09-16,Colusa,011,21464,2396,2363,535,2898,16
2021-09-16,Contra Costa,013,1133247,94320,93213,1921,95134,917
2021-09-16,Del Norte,015,27424,3439,3285,24,3309,34
2021-09-16,El Dorado,017,186661,14685,14372,1482,15854,127
2021-09-16,Fresno,019,978130,126603,123853,11490,135343,1868
2021-09-16,Glenn,021,27897,3167,3068,914,3982,24
2021-09-16,Humboldt,023,135768,7992,7809,390,8199,80
2021-09-16,Imperial,025,180216,31297,30966,3006,33972,753
2021-09-16,Inyo,027,18085,1663,1623,33,1656,39
2021-09-16,Kern,029,883053,116487,113828,17908,131736,1448
2021-09-16,Kings,031,150075,28803,28114,1636,29750,280
2021-09-16,Lake,033,64148,6067,5890,118,6008,87
2021-09-16,Lassen,035,31185,6248,6028,260,6288,25
2021-09-16,Los Angeles,037,10098052,1389228,1376277,51966,1428243,25796
2021-09-16,Madera,039,155013,20519,19974,1634,21608,257
2021-09-16,Marin,041,260295,16829,16625,390,17015,242
2021-09-16,Mariposa,043,17540,916,849,32,881,6
2021-09-16,Mendocino,045,87422,6657,6445,313,6758,67
2021-09-16,Merced,047,269075,38202,37675,1495,39170,532
2021-09-16,Modoc,049,8938,467,455,160,615,5
2021-09-16,Mono,051,14174,1503,1449,18,1467,3
2021-09-16,Monterey,053,433212,47252,46342,2566,48908,562
2021-09-16,Napa,055,140530,12248,12115,82,12197,95
2021-09-16,Nevada,057,99092,8276,8121,271,8392,84
2021-09-16,Orange,059,3164182,295824,292183,13985,306168,5340
2021-09-16,Placer,061,380077,33771,33037,3156,36193,354
2021-09-16,Plumas,063,18699,1246,1178,23,1201,5
2021-09-16,Riverside,065,2383286,345530,339770,15875,355645,4786
2021-09-16,Sacramento,067,1510023,146928,145754,3678,149432,1996
2021-09-16,San Benito,069,59416,6941,6913,143,7056,67
2021-09-16,San Bernardino,071,2135413,338646,335129,10555,345684,5474
2021-09-16,San Diego,073,3302833,351762,347472,20723,368195,3994
2021-09-16,San Francisco,075,870044,49949,49133,2134,51267,605
2021-09-16,San Joaquin,077,732212,93164,91650,4945,96595,1608
2021-09-16,San Luis Obispo,079,281455,27607,27044,1072,28116,310
2021-09-16,San Mateo,081,765935,51694,50773,780,51553,564
2021-09-16,Santa Barbara,083,443738,41747,41272,1472,42744,497
2021-09-16,Santa Clara,085,1922200,140263,138685,1097,139782,1835
2021-09-16,Santa Cruz,087,273765,19280,19011,975,19986,211
2021-09-16,Shasta,089,179085,18137,17438,2942,20380,251
2021-09-16,Sierra,091,2930,129,123,13,136,0
2021-09-16,Siskiyou,093,43540,2985,2819,1043,3862,35
2021-09-16,Solano,095,438530,43701,42792,1121,43913,312
2021-09-16,Sonoma,097,501317,39089,38707,483,39190,369
2021-09-16,Stanislaus,099,539301,71672,71105,8104,79209,1091
2021-09-16,Sutter,101,95872,12899,12729,237,12966,152
2021-09-16,Tehama,103,63373,7191,6953,1165,8118,83
2021-09-16,Trinity,105,12862,707,547,194,741,7
2021-09-16,Tulare,107,460477,61360,59459,12523,71982,894
2021-09-16,Tuolumne,109,53932,6104,5999,70,6069,89
2021-09-16,Ventura,111,848112,94176,93087,4113,97200,1110
2021-09-16,Yolo,113,214977,18409,18135,933,19068,239
2021-09-16,Yuba,115,75493,9135,8981,202,9183,61
2021-09-15,Alameda,001,1643700,113741,112498,2610,115108,1317
2021-09-15,Alpine,003,1148,99,99,0,99,0
2021-09-15,Amador,005,37829,4916,4792,49,4841,58
2021-09-15,Butte,007,227075,18368,17664,3227,20891,228
2021-09-15,Calaveras,009,45235,3399,3293,31,3324,66
2021-09-15,Colusa,011,21464,2394,2352,532,2884,16
2021-09-15,Contra Costa,013,1133247,94140,92989,1909,94898,913
2021-09-15,Del Norte,015,27424,3426,3271,22,3293,34
2021-09-15,El Dorado,017,186661,14659,14309,1474,15783,127
2021-09-15,Fresno,019,978130,126223,123370,11432,134802,1867
2021-09-15,Glenn,021,27897,3155,3051,909,3960,20
2021-09-15,Humboldt,023,135768,7957,7754,385,8139,52
2021-09-15,Imperial,025,180216,31242,30891,3001,33892,753
2021-09-15,Inyo,027,18085,1659,1614,33,1647,39
2021-09-15,Kern,029,883053,116140,113546,17809,131355,1434
2021-09-15,Kings,031,150075,28724,27991,1627,29618,279
2021-09-15,Lake,033,64148,6035,5852,117,5969,85
2021-09-15,Lassen,035,31185,6188,6018,255,6273,25
2021-09-15,Los Angeles,037,10098052,1387728,1374307,51897,1426204,25767
2021-09-15,Madera,039,155013,20444,19880,1626,21506,257
2021-09-15,Marin,041,260295,16794,16592,385,16977,242
2021-09-15,Mariposa,043,17540,904,843,32,875,5
2021-09-15,Mendocino,045,87422,6627,6399,308,6707,66
2021-09-15,Merced,047,269075,38094,37508,1493,39001,529
2021-09-15,Modoc,049,8938,467,454,160,614,5
2021-09-15,Mono,051,14174,1497,1445,18,1463,3
2021-09-15,Monterey,053,433212,47182,46317,2554,48871,562
2021-09-15,Napa,055,140530,12227,12082,82,12164,95
2021-09-15,Nevada,057,99092,8254,8081,268,8349,84
2021-09-15,Orange,059,3164182,295501,291834,13966,305800,5328
2021-09-15,Placer,061,380077,33659,32860,3135,35995,352
2021-09-15,Plumas,063,18699,1241,1164,22,1186,5
2021-09-15,Riverside,065,2383286,344947,339077,15851,354928,4769
2021-09-15,Sacramento,067,1510023,146501,145202,3647,148849,1981
2021-09-15,San Benito,069,59416,6938,6902,143,7045,67
2021-09-15,San Bernardino,071,2135413,338183,334556,10541,345097,5470
2021-09-15,San Diego,073,3302833,351135,346933,20695,367628,3983
2021-09-15,San Francisco,075,870044,49838,48999,2129,51128,605
2021-09-15,San Joaquin,077,732212,92888,91322,4903,96225,1607
2021-09-15,San Luis Obispo,079,281455,27524,26943,1066,28009,306
2021-09-15,San Mateo,081,765935,51612,50691,777,51468,564
2021-09-15,Santa Barbara,083,443738,41644,41077,1467,42544,497
2021-09-15,Santa Clara,085,1922200,140090,138410,1092,139502,1833
2021-09-15,Santa Cruz,087,273765,19242,18984,973,19957,210
2021-09-15,Shasta,089,179085,18026,17317,2921,20238,250
2021-09-15,Sierra,091,2930,129,123,13,136,0
2021-09-15,Siskiyou,093,43540,2965,2804,1013,3817,35
2021-09-15,Solano,095,438530,43629,42682,1116,43798,312
2021-09-15,Sonoma,097,501317,39031,38629,482,39111,369
2021-09-15,Stanislaus,099,539301,71448,70852,8082,78934,1091
2021-09-15,Sutter,101,95872,12866,12699,232,12931,151
2021-09-15,Tehama,103,63373,7150,6894,1156,8050,79
2021-09-15,Trinity,105,12862,705,541,192,733,7
2021-09-15,Tulare,107,460477,61101,59149,12462,71611,890
2021-09-15,Tuolumne,109,53932,6078,5969,70,6039,89
2021-09-15,Ventura,111,848112,94033,92960,4106,97066,1109
2021-09-15,Yolo,113,214977,18375,18064,926,18990,239
2021-09-15,Yuba,115,75493,9101,8953,202,9155,61
2021-09-14,Alameda,001,1643700,113533,112329,2605,114934,1316
2021-09-14,Alpine,003,1148,99,98,0,98,0
2021-09-14,Amador,005,37829,4896,4790,49,4839,57
2021-09-14,Butte,007,227075,18233,17516,3204,20720,226
2021-09-14,Calaveras,009,45235,3379,3280,28,3308,66
2021-09-14,Colusa,011,21464,2390,2344,528,2872,16
2021-09-14,Contra Costa,013,1133247,93942,92822,1901,94723,908
2021-09-14,Del Norte,015,27424,3410,3252,21,3273,32
2021-09-14,El Dorado,017,186661,14606,14247,1466,15713,123
2021-09-14,Fresno,019,978130,125748,123151,11379,134530,1856
2021-09-14,Glenn,021,27897,3138,3045,905,3950,20
2021-09-14,Humboldt,023,135768,7923,7717,380,8097,52
2021-09-14,Imperial,025,180216,31192,30845,2998,33843,752
2021-09-14,Inyo,027,18085,1650,1605,32,1637,39
2021-09-14,Kern,029,883053,115757,113250,17683,130933,1428
2021-09-14,Kings,031,150075,28648,27955,1619,29574,278
2021-09-14,Lake,033,64148,6003,5845,117,5962,83
2021-09-14,Lassen,035,31185,6174,5977,250,6227,25
2021-09-14,Los Angeles,037,10098052,1385890,1372831,51813,1424644,25729
2021-09-14,Madera,039,155013,20362,19800,1615,21415,254
2021-09-14,Marin,041,260295,16766,16584,383,16967,242
2021-09-14,Mariposa,043,17540,893,834,31,865,5
2021-09-14,Mendocino,045,87422,6591,6372,296,6668,65
2021-09-14,Merced,047,269075,37944,37430,1489,38919,526
2021-09-14,Modoc,049,8938,466,453,160,613,5
2021-09-14,Mono,051,14174,1493,1440,18,1458,4
2021-09-14,Monterey,053,433212,47141,46224,2542,48766,558
2021-09-14,Napa,055,140530,12194,12070,81,12151,91
2021-09-14,Nevada,057,99092,8220,8056,268,8324,83
2021-09-14,Orange,059,3164182,295108,291423,13942,305365,5319
2021-09-14,Placer,061,380077,33527,32735,3115,35850,350
2021-09-14,Plumas,063,18699,1226,1148,22,1170,5
2021-09-14,Riverside,065,2383286,344307,338534,15820,354354,4748
2021-09-14,Sacramento,067,1510023,146116,145051,3599,148650,1977
2021-09-14,San Benito,069,59416,6928,6887,143,7030,64
2021-09-14,San Bernardino,071,2135413,337686,333968,10515,344483,5465
2021-09-14,San Diego,073,3302833,350469,346204,20644,366848,3966
2021-09-14,San Francisco,075,870044,49704,48998,2127,51125,603
2021-09-14,San Joaquin,077,732212,92649,91128,4893,96021,1596
2021-09-14,San Luis Obispo,079,281455,27451,26845,1061,27906,304
2021-09-14,San Mateo,081,765935,51514,50602,774,51376,564
2021-09-14,Santa Barbara,083,443738,41548,40783,1458,42241,495
2021-09-14,Santa Clara,085,1922200,139855,138321,1089,139410,1828
2021-09-14,Santa Cruz,087,273765,19202,18965,971,19936,210
2021-09-14,Shasta,089,179085,17895,17152,2900,20052,246
2021-09-14,Sierra,091,2930,129,123,13,136,0
2021-09-14,Siskiyou,093,43540,2941,2756,996,3752,35
2021-09-14,Solano,095,438530,43546,42599,1113,43712,307
2021-09-14,Sonoma,097,501317,38962,38595,478,39073,369
2021-09-14,Stanislaus,099,539301,71189,70697,8054,78751,1091
2021-09-14,Sutter,101,95872,12824,12670,225,12895,149
2021-09-14,Tehama,103,63373,7096,6859,1148,8007,80
2021-09-14,Trinity,105,12862,699,538,191,729,7
2021-09-14,Tulare,107,460477,60848,58961,12390,71351,888
2021-09-14,Tuolumne,109,53932,6057,5951,68,6019,89
2021-09-14,Ventura,111,848112,93848,92841,4089,96930,1107
2021-09-14,Yolo,113,214977,18331,18039,921,18960,239
2021-09-14,Yuba,115,75493,9065,8928,202,9130,61
2021-09-13,Alameda,001,1643700,113318,112159,2600,114759,1309
2021-09-13,Alpine,003,1148,98,98,0,98,0
2021-09-13,Amador,005,37829,4878,4761,49,4810,56
2021-09-13,Butte,007,227075,18108,17393,3177,20570,225
2021-09-13,Calaveras,009,45235,3353,3253,27,3280,65
2021-09-13,Colusa,011,21464,2381,2346,524,2870,16
2021-09-13,Contra Costa,013,1133247,93696,92658,1896,94554,908
2021-09-13,Del Norte,015,27424,3374,3232,21,3253,28
2021-09-13,El Dorado,017,186661,14545,14194,1458,15652,119
2021-09-13,Fresno,019,978130,125281,122650,11313,133963,1853
2021-09-13,Glenn,021,27897,3124,3026,898,3924,20
2021-09-13,Humboldt,023,135768,7891,7659,377,8036,52
2021-09-13,Imperial,025,180216,31139,30802,2995,33797,751
2021-09-13,Inyo,027,18085,1643,1602,32,1634,39
2021-09-13,Kern,029,883053,115374,112930,17560,130490,1424
2021-09-13,Kings,031,150075,28538,27858,1607,29465,275
2021-09-13,Lake,033,64148,5981,5809,117,5926,82
2021-09-13,Lassen,035,31185,6139,5953,249,6202,25
2021-09-13,Los Angeles,037,10098052,1384025,1371423,51745,1423168,25703
2021-09-13,Madera,039,155013,20292,19735,1600,21335,252
2021-09-13,Marin,041,260295,16730,16557,382,16939,242
2021-09-13,Mariposa,043,17540,879,825,31,856,5
2021-09-13,Mendocino,045,87422,6556,6323,287,6610,61
2021-09-13,Merced,047,269075,37793,37291,1484,38775,521
2021-09-13,Modoc,049,8938,465,451,160,611,5
2021-09-13,Mono,051,14174,1487,1435,18,1453,3
2021-09-13,Monterey,053,433212,47050,46188,2529,48717,558
2021-09-13,Napa,055,140530,12176,12039,81,12120,91
2021-09-13,Nevada,057,99092,8194,8021,266,8287,83
2021-09-13,Orange,059,3164182,294676,291128,13921,305049,5312
2021-09-13,Placer,061,380077,33362,32617,3098,35715,343
2021-09-13,Plumas,063,18699,1217,1142,22,1164,5
2021-09-13,Riverside,065,2383286,343661,337876,15802,353678,4731
2021-09-13,Sacramento,067,1510023,145629,144537,3565,148102,1956
2021-09-13,San Benito,069,59416,6913,6867,142,7009,64
2021-09-13,San Bernardino,071,2135413,337195,333613,10490,344103,5441
2021-09-13,San Diego,073,3302833,349680,345647,20592,366239,3961
2021-09-13,San Francisco,075,870044,49575,48914,2121,51035,603
2021-09-13,San Joaquin,077,732212,92364,90966,4875,95841,1581
2021-09-13,San Luis Obispo,079,281455,27354,26805,1058,27863,300
2021-09-13,San Mateo,081,765935,51424,50525,769,51294,564
2021-09-13,Santa Barbara,083,443738,41429,40661,1451,42112,494
2021-09-13,Santa Clara,085,1922200,139607,138152,1084,139236,1820
2021-09-13,Santa Cruz,087,273765,19162,18917,970,19887,210
2021-09-13,Shasta,089,179085,17765,17033,2859,19892,243
2021-09-13,Sierra,091,2930,129,123,13,136,0
2021-09-13,Siskiyou,093,43540,2926,2745,984,3729,35
2021-09-13,Solano,095,438530,43442,42501,1110,43611,306
2021-09-13,Sonoma,097,501317,38895,38513,475,38988,368
2021-09-13,Stanislaus,099,539301,70935,70477,8018,78495,1091
2021-09-13,Sutter,101,95872,12766,12624,221,12845,145
2021-09-13,Tehama,103,63373,7033,6803,1136,7939,79
2021-09-13,Trinity,105,12862,697,533,189,722,7
2021-09-13,Tulare,107,460477,60564,58768,12330,71098,887
2021-09-13,Tuolumne,109,53932,6026,5909,68,5977,89
2021-09-13,Ventura,111,848112,93686,92679,4081,96760,1107
2021-09-13,Yolo,113,214977,18286,17974,915,18889,239
2021-09-13,Yuba,115,75493,9020,8884,201,9085,61
2021-09-12,Alameda,001,1643700,113055,111961,2597,114558,1309
2021-09-12,Alpine,003,1148,98,98,0,98,0
2021-09-12,Amador,005,37829,4857,4752,49,4801,56
2021-09-12,Butte,007,227075,17963,17257,3133,20390,221
2021-09-12,Calaveras,009,45235,3323,3236,23,3259,65
2021-09-12,Colusa,011,21464,2378,2344,523,2867,16
2021-09-12,Contra Costa,013,1133247,93428,92498,1884,94382,908
2021-09-12,Del Norte,015,27424,3339,3200,21,3221,28
2021-09-12,El Dorado,017,186661,14472,14167,1442,15609,119
2021-09-12,Fresno,019,978130,124761,122407,11256,133663,1853
2021-09-12,Glenn,021,27897,3107,3016,893,3909,20
2021-09-12,Humboldt,023,135768,7821,7636,366,8002,52
2021-09-12,Imperial,025,180216,31076,30790,2990,33780,751
2021-09-12,Inyo,027,18085,1633,1596,30,1626,39
2021-09-12,Kern,029,883053,114962,112602,17401,130003,1424
2021-09-12,Kings,031,150075,28427,27764,1590,29354,274
2021-09-12,Lake,033,64148,5941,5781,115,5896,82
2021-09-12,Lassen,035,31185,6102,5943,239,6182,25
2021-09-12,Los Angeles,037,10098052,1381964,1365968,51669,1417637,25630
2021-09-12,Madera,039,155013,20205,19691,1587,21278,252
2021-09-12,Marin,041,260295,16707,16526,382,16908,242
2021-09-12,Mariposa,043,17540,868,811,29,840,5
2021-09-12,Mendocino,045,87422,6516,6283,278,6561,61
2021-09-12,Merced,047,269075,37621,37172,1473,38645,521
2021-09-12,Modoc,049,8938,465,451,159,610,5
2021-09-12,Mono,051,14174,1480,1431,18,1449,3
2021-09-12,Monterey,053,433212,46951,46167,2519,48686,558
2021-09-12,Napa,055,140530,12146,12011,81,12092,91
2021-09-12,Nevada,057,99092,8154,7987,265,8252,83
2021-09-12,Orange,059,3164182,294212,290718,13900,304618,5312
2021-09-12,Placer,061,380077,33213,32520,3074,35594,343
2021-09-12,Plumas,063,18699,1198,1138,22,1160,5
2021-09-12,Riverside,065,2383286,342978,337332,15768,353100,4731
2021-09-12,Sacramento,067,1510023,145122,144030,3525,147555,1959
2021-09-12,San Benito,069,59416,6894,6852,141,6993,64
2021-09-12,San Bernardino,071,2135413,336581,333049,10477,343526,5439
2021-09-12,San Diego,073,3302833,348860,345058,20516,365574,3942
2021-09-12,San Francisco,075,870044,49464,48819,2114,50933,603
2021-09-12,San Joaquin,077,732212,92035,90730,4867,95597,1581
2021-09-12,San Luis Obispo,079,281455,27235,26729,1045,27774,299
2021-09-12,San Mateo,081,765935,51316,50432,765,51197,564
2021-09-12,Santa Barbara,083,443738,41317,40600,1444,42044,494
2021-09-12,Santa Clara,085,1922200,139351,137899,1081,138980,1820
2021-09-12,Santa Cruz,087,273765,19129,18892,969,19861,210
2021-09-12,Shasta,089,179085,17600,16957,2800,19757,243
2021-09-12,Sierra,091,2930,129,123,13,136,0
2021-09-12,Siskiyou,093,43540,2898,2730,969,3699,35
2021-09-12,Solano,095,438530,43336,42409,1105,43514,306
2021-09-12,Sonoma,097,501317,38815,38456,473,38929,368
2021-09-12,Stanislaus,099,539301,70636,70184,7979,78163,1091
2021-09-12,Sutter,101,95872,12724,12589,215,12804,145
2021-09-12,Tehama,103,63373,6969,6732,1124,7856,79
2021-09-12,Trinity,105,12862,693,529,187,716,7
2021-09-12,Tulare,107,460477,60211,58582,12270,70852,887
2021-09-12,Tuolumne,109,53932,5993,5888,68,5956,89
2021-09-12,Ventura,111,848112,93559,92496,4075,96571,1107
2021-09-12,Yolo,113,214977,18220,17943,907,18850,239
2021-09-12,Yuba,115,75493,8985,8842,201,9043,61
2021-09-11,Alameda,001,1643700,112930,111715,2595,114310,1309
2021-09-11,Alpine,003,1148,98,98,0,98,0
2021-09-11,Amador,005,37829,4844,4728,48,4776,56
2021-09-11,Butte,007,227075,17881,17218,3106,20324,221
2021-09-11,Calaveras,009,45235,3315,3208,22,3230,65
2021-09-11,Colusa,011,21464,2377,2338,520,2858,16
2021-09-11,Contra Costa,013,1133247,93309,92269,1879,94148,908
2021-09-11,Del Norte,015,27424,3323,3184,21,3205,28
2021-09-11,El Dorado,017,186661,14453,14117,1436,15553,119
2021-09-11,Fresno,019,978130,124581,122224,11231,133455,1853
2021-09-11,Glenn,021,27897,3097,3007,890,3897,20
2021-09-11,Humboldt,023,135768,7799,7615,363,7978,52
2021-09-11,Imperial,025,180216,31051,30760,2986,33746,751
2021-09-11,Inyo,027,18085,1630,1590,30,1620,39
2021-09-11,Kern,029,883053,114712,112205,17285,129490,1424
2021-09-11,Kings,031,150075,28378,27631,1584,29215,275
2021-09-11,Lake,033,64148,5920,5761,115,5876,82
2021-09-11,Lassen,035,31185,6087,5930,235,6165,25
2021-09-11,Los Angeles,037,10098052,1380998,1365831,51604,1417435,25630
2021-09-11,Madera,039,155013,20152,19648,1582,21230,252
2021-09-11,Marin,041,260295,16679,16496,381,16877,242
2021-09-11,Mariposa,043,17540,863,799,29,828,5
2021-09-11,Mendocino,045,87422,6492,6257,278,6535,61
2021-09-11,Merced,047,269075,37567,37042,1470,38512,521
2021-09-11,Modoc,049,8938,465,449,159,608,5
2021-09-11,Mono,051,14174,1474,1431,18,1449,3
2021-09-11,Monterey,053,433212,46914,46140,2516,48656,558
2021-09-11,Napa,055,140530,12123,11991,81,12072,91
2021-09-11,Nevada,057,99092,8139,7967,265,8232,83
2021-09-11,Orange,059,3164182,293910,290429,13883,304312,5306
2021-09-11,Placer,061,380077,33130,32414,3063,35477,344
2021-09-11,Plumas,063,18699,1191,1112,22,1134,5
2021-09-11,Riverside,065,2383286,342539,336585,15754,352339,4731
2021-09-11,Sacramento,067,1510023,144821,143557,3513,147070,1955
2021-09-11,San Benito,069,59416,6881,6844,141,6985,64
2021-09-11,San Bernardino,071,2135413,336239,332512,10463,342975,5430
2021-09-11,San Diego,073,3302833,348370,344355,20492,364847,3942
2021-09-11,San Francisco,075,870044,49409,48660,2109,50769,603
2021-09-11,San Joaquin,077,732212,91890,90482,4860,95342,1581
2021-09-11,San Luis Obispo,079,281455,27189,26651,1044,27695,299
2021-09-11,San Mateo,081,765935,51244,50341,764,51105,564
2021-09-11,Santa Barbara,083,443738,41244,40451,1444,41895,494
2021-09-11,Santa Clara,085,1922200,139201,137659,1078,138737,1820
2021-09-11,Santa Cruz,087,273765,19100,18865,969,19834,210
2021-09-11,Shasta,089,179085,17507,16877,2780,19657,243
2021-09-11,Sierra,091,2930,129,123,13,136,0
2021-09-11,Siskiyou,093,43540,2881,2717,966,3683,35
2021-09-11,Solano,095,438530,43285,42344,1102,43446,306
2021-09-11,Sonoma,097,501317,38768,38399,471,38870,368
2021-09-11,Stanislaus,099,539301,70511,69974,7965,77939,1091
2021-09-11,Sutter,101,95872,12698,12538,212,12750,145
2021-09-11,Tehama,103,63373,6948,6703,1116,7819,79
2021-09-11,Trinity,105,12862,686,526,187,713,7
2021-09-11,Tulare,107,460477,60100,58321,12223,70544,889
2021-09-11,Tuolumne,109,53932,5974,5879,65,5944,89
2021-09-11,Ventura,111,848112,93477,92328,4070,96398,1107
2021-09-11,Yolo,113,214977,18197,17906,902,18808,239
2021-09-11,Yuba,115,75493,8960,8813,201,9014,61
2021-09-10,Alameda,001,1643700,112739,111386,2594,113980,1306
2021-09-10,Alpine,003,1148,97,97,0,97,0
2021-09-10,Amador,005,37829,4832,4706,48,4754,56
2021-09-10,Butte,007,227075,17806,17051,3091,20142,222
2021-09-10,Calaveras,009,45235,3306,3183,22,3205,65
2021-09-10,Colusa,011,21464,2373,2327,517,2844,16
2021-09-10,Contra Costa,013,1133247,93186,92024,1877,93901,908
2021-09-10,Del Norte,015,27424,3308,3128,20,3148,28
2021-09-10,El Dorado,017,186661,14422,14051,1432,15483,119
2021-09-10,Fresno,019,978130,124258,121659,11201,132860,1846
2021-09-10,Glenn,021,27897,3090,2977,889,3866,20
2021-09-10,Humboldt,023,135768,7767,7543,359,7902,52
2021-09-10,Imperial,025,180216,31028,30716,2984,33700,751
2021-09-10,Inyo,027,18085,1626,1590,30,1620,39
2021-09-10,Kern,029,883053,114458,111832,17169,129001,1419
2021-09-10,Kings,031,150075,28304,27473,1575,29048,274
2021-09-10,Lake,033,64148,5904,5713,113,5826,79
2021-09-10,Lassen,035,31185,6079,5914,232,6146,25
2021-09-10,Los Angeles,037,10098052,1379790,1365709,51537,1417246,25630
2021-09-10,Madera,039,155013,20106,19520,1575,21095,252
2021-09-10,Marin,041,260295,16659,16458,378,16836,242
2021-09-10,Mariposa,043,17540,858,795,29,824,5
2021-09-10,Mendocino,045,87422,6460,6184,277,6461,61
2021-09-10,Merced,047,269075,37515,36884,1469,38353,521
2021-09-10,Modoc,049,8938,465,448,159,607,5
2021-09-10,Mono,051,14174,1469,1422,18,1440,3
2021-09-10,Monterey,053,433212,46870,46084,2514,48598,557
2021-09-10,Napa,055,140530,12098,11948,81,12029,90
2021-09-10,Nevada,057,99092,8121,7932,264,8196,83
2021-09-10,Orange,059,3164182,293602,290022,13874,303896,5302
2021-09-10,Placer,061,380077,33028,32264,3050,35314,343
2021-09-10,Plumas,063,18699,1183,1111,22,1133,5
2021-09-10,Riverside,065,2383286,342066,335988,15747,351735,4720
2021-09-10,Sacramento,067,1510023,144478,143244,3505,146749,1950
2021-09-10,San Benito,069,59416,6877,6824,141,6965,64
2021-09-10,San Bernardino,071,2135413,335820,331894,10453,342347,5422
2021-09-10,San Diego,073,3302833,347805,343173,20455,363628,3941
2021-09-10,San Francisco,075,870044,49330,48518,2102,50620,602
2021-09-10,San Joaquin,077,732212,91711,90208,4854,95062,1573
2021-09-10,San Luis Obispo,079,281455,27156,26526,1042,27568,299
2021-09-10,San Mateo,081,765935,51177,50251,763,51014,564
2021-09-10,Santa Barbara,083,443738,41191,40321,1441,41762,492
2021-09-10,Santa Clara,085,1922200,139017,137337,1077,138414,1817
2021-09-10,Santa Cruz,087,273765,19081,18785,968,19753,210
2021-09-10,Shasta,089,179085,17413,16667,2752,19419,242
2021-09-10,Sierra,091,2930,129,117,13,130,0
2021-09-10,Siskiyou,093,43540,2869,2702,962,3664,35
2021-09-10,Solano,095,438530,43211,42230,1095,43325,305
2021-09-10,Sonoma,097,501317,38710,38271,470,38741,368
2021-09-10,Stanislaus,099,539301,70355,69617,7941,77558,1091
2021-09-10,Sutter,101,95872,12664,12468,212,12680,145
2021-09-10,Tehama,103,63373,6915,6652,1110,7762,77
2021-09-10,Trinity,105,12862,682,524,187,711,7
2021-09-10,Tulare,107,460477,59952,57930,12176,70106,883
2021-09-10,Tuolumne,109,53932,5956,5842,64,5906,89
2021-09-10,Ventura,111,848112,93380,92145,4066,96211,1104
2021-09-10,Yolo,113,214977,18172,17825,897,18722,239
2021-09-10,Yuba,115,75493,8941,8760,200,8960,62
2021-09-09,Alameda,001,1643700,112519,111014,2590,113604,1306
2021-09-09,Alpine,003,1148,97,94,0,94,0
2021-09-09,Amador,005,37829,4811,4698,47,4745,56
2021-09-09,Butte,007,227075,17660,16874,3065,19939,221
2021-09-09,Calaveras,009,45235,3272,3165,22,3187,65
2021-09-09,Colusa,011,21464,2366,2321,516,2837,16
2021-09-09,Contra Costa,013,1133247,92976,91687,1872,93559,904
2021-09-09,Del Norte,015,27424,3285,3102,20,3122,28
2021-09-09,El Dorado,017,186661,14365,13970,1422,15392,119
2021-09-09,Fresno,019,978130,123783,121040,11154,132194,1838
2021-09-09,Glenn,021,27897,3078,2947,885,3832,20
2021-09-09,Humboldt,023,135768,7717,7471,353,7824,52
2021-09-09,Imperial,025,180216,30990,30661,2981,33642,751
2021-09-09,Inyo,027,18085,1619,1586,30,1616,39
2021-09-09,Kern,029,883053,114110,111390,17012,128402,1414
2021-09-09,Kings,031,150075,28203,27282,1564,28846,273
2021-09-09,Lake,033,64148,5880,5638,111,5749,79
2021-09-09,Lassen,035,31185,6029,5860,226,6086,25
2021-09-09,Los Angeles,037,10098052,1377925,1363735,51462,1415197,25583
2021-09-09,Madera,039,155013,20033,19401,1562,20963,252
2021-09-09,Marin,041,260295,16636,16416,375,16791,242
2021-09-09,Mariposa,043,17540,845,779,28,807,5
2021-09-09,Mendocino,045,87422,6426,6089,268,6357,61
2021-09-09,Merced,047,269075,37361,36634,1456,38090,516
2021-09-09,Modoc,049,8938,465,448,159,607,5
2021-09-09,Mono,051,14174,1459,1420,18,1438,3
2021-09-09,Monterey,053,433212,46816,45991,2503,48494,556
2021-09-09,Napa,055,140530,12066,11878,81,11959,90
2021-09-09,Nevada,057,99092,8083,7855,264,8119,82
2021-09-09,Orange,059,3164182,293192,289109,13843,302952,5299
2021-09-09,Placer,061,380077,32910,32048,3035,35083,342
2021-09-09,Plumas,063,18699,1172,1098,22,1120,5
2021-09-09,Riverside,065,2383286,341427,334774,15729,350503,4701
2021-09-09,Sacramento,067,1510023,143998,142728,3459,146187,1929
2021-09-09,San Benito,069,59416,6867,6820,140,6960,64
2021-09-09,San Bernardino,071,2135413,335255,331040,10441,341481,5417
2021-09-09,San Diego,073,3302833,347080,342149,20398,362547,3929
2021-09-09,San Francisco,075,870044,49216,48404,2093,50497,597
2021-09-09,San Joaquin,077,732212,91436,89874,4836,94710,1570
2021-09-09,San Luis Obispo,079,281455,27074,26472,1039,27511,296
2021-09-09,San Mateo,081,765935,51055,50143,760,50903,561
2021-09-09,Santa Barbara,083,443738,41085,40180,1437,41617,490
2021-09-09,Santa Clara,085,1922200,138794,137017,1072,138089,1816
2021-09-09,Santa Cruz,087,273765,19035,18728,968,19696,210
2021-09-09,Shasta,089,179085,17267,16401,2710,19111,238
2021-09-09,Sierra,091,2930,129,115,13,128,0
2021-09-09,Siskiyou,093,43540,2846,2683,948,3631,35
2021-09-09,Solano,095,438530,43095,42081,1091,43172,303
2021-09-09,Sonoma,097,501317,38642,38171,469,38640,360
2021-09-09,Stanislaus,099,539301,70076,69178,7908,77086,1074
2021-09-09,Sutter,101,95872,12609,12396,210,12606,144
2021-09-09,Tehama,103,63373,6861,6554,1105,7659,75
2021-09-09,Trinity,105,12862,676,523,185,708,6
2021-09-09,Tulare,107,460477,59710,57564,12116,69680,879
2021-09-09,Tuolumne,109,53932,5928,5802,63,5865,89
2021-09-09,Ventura,111,848112,93235,91610,4057,95667,1098
2021-09-09,Yolo,113,214977,18115,17724,894,18618,239
2021-09-09,Yuba,115,75493,8896,8707,197,8904,55
2021-09-08,Alameda,001,1643700,112271,110781,2587,113368,1305
2021-09-08,Alpine,003,1148,97,94,0,94,0
2021-09-08,Amador,005,37829,4799,4693,47,4740,56
2021-09-08,Butte,007,227075,17526,16775,3047,19822,220
2021-09-08,Calaveras,009,45235,3254,3157,22,3179,63
2021-09-08,Colusa,011,21464,2364,2308,516,2824,16
2021-09-08,Contra Costa,013,1133247,92697,91471,1867,93338,900
2021-09-08,Del Norte,015,27424,3262,3085,20,3105,25
2021-09-08,El Dorado,017,186661,14285,13928,1401,15329,119
2021-09-08,Fresno,019,978130,123285,120644,11088,131732,1831
2021-09-08,Glenn,021,27897,3063,2942,876,3818,20
2021-09-08,Humboldt,023,135768,7673,7438,345,7783,52
2021-09-08,Imperial,025,180216,30957,30609,2968,33577,751
2021-09-08,Inyo,027,18085,1608,1580,30,1610,39
2021-09-08,Kern,029,883053,113712,110933,16872,127805,1409
2021-09-08,Kings,031,150075,28074,27235,1549,28784,267
2021-09-08,Lake,033,64148,5850,5618,109,5727,79
2021-09-08,Lassen,035,31185,6011,5848,219,6067,25
2021-09-08,Los Angeles,037,10098052,1375856,1362029,51373,1413402,25533
2021-09-08,Madera,039,155013,19973,19352,1548,20900,252
2021-09-08,Marin,041,260295,16608,16386,374,16760,242
2021-09-08,Mariposa,043,17540,833,777,27,804,5
2021-09-08,Mendocino,045,87422,6382,6069,259,6328,61
2021-09-08,Merced,047,269075,37200,36500,1444,37944,516
2021-09-08,Modoc,049,8938,465,448,159,607,5
2021-09-08,Mono,051,14174,1453,1418,18,1436,3
2021-09-08,Monterey,053,433212,46767,45959,2497,48456,554
2021-09-08,Napa,055,140530,12031,11842,79,11921,90
2021-09-08,Nevada,057,99092,8048,7843,263,8106,82
2021-09-08,Orange,059,3164182,292783,288511,13819,302330,5290
2021-09-08,Placer,061,380077,32773,31852,3018,34870,337
2021-09-08,Plumas,063,18699,1165,1072,22,1094,5
2021-09-08,Riverside,065,2383286,340668,334037,15704,349741,4683
2021-09-08,Sacramento,067,1510023,143519,142448,3410,145858,1921
2021-09-08,San Benito,069,59416,6849,6800,140,6940,64
2021-09-08,San Bernardino,071,2135413,334650,330279,10425,340704,5411
2021-09-08,San Diego,073,3302833,346155,341437,20347,361784,3926
2021-09-08,San Francisco,075,870044,49078,48263,2089,50352,589
2021-09-08,San Joaquin,077,732212,91157,89631,4812,94443,1561
2021-09-08,San Luis Obispo,079,281455,26980,26303,1034,27337,294
2021-09-08,San Mateo,081,765935,50951,50051,760,50811,561
2021-09-08,Santa Barbara,083,443738,40973,40000,1433,41433,490
2021-09-08,Santa Clara,085,1922200,138561,136836,1068,137904,1810
2021-09-08,Santa Cruz,087,273765,18998,18699,968,19667,210
2021-09-08,Shasta,089,179085,17112,16227,2663,18890,234
2021-09-08,Sierra,091,2930,129,113,13,126,0
2021-09-08,Siskiyou,093,43540,2813,2643,937,3580,35
2021-09-08,Solano,095,438530,43003,41971,1088,43059,302
2021-09-08,Sonoma,097,501317,38558,38075,468,38543,360
2021-09-08,Stanislaus,099,539301,69845,68945,7869,76814,1074
2021-09-08,Sutter,101,95872,12544,12349,207,12556,144
2021-09-08,Tehama,103,63373,6794,6520,1088,7608,75
2021-09-08,Trinity,105,12862,673,520,181,701,6
2021-09-08,Tulare,107,460477,59386,57425,12060,69485,876
2021-09-08,Tuolumne,109,53932,5896,5783,61,5844,89
2021-09-08,Ventura,111,848112,93083,91345,4039,95384,1096
2021-09-08,Yolo,113,214977,18033,17680,889,18569,239
2021-09-08,Yuba,115,75493,8854,8675,195,8870,55
2021-09-07,Alameda,001,1643700,111970,110550,2580,113130,1301
2021-09-07,Alpine,003,1148,96,94,0,94,0
2021-09-07,Amador,005,37829,4772,4679,47,4726,53
2021-09-07,Butte,007,227075,17370,16723,3011,19734,220
2021-09-07,Calaveras,009,45235,3214,3140,20,3160,63
2021-09-07,Colusa,011,21464,2354,2306,514,2820,16
2021-09-07,Contra Costa,013,1133247,92434,91167,1861,93028,891
2021-09-07,Del Norte,015,27424,3248,3081,20,3101,24
2021-09-07,El Dorado,017,186661,14213,13892,1386,15278,119
2021-09-07,Fresno,019,978130,122726,120268,10991,131259,1828
2021-09-07,Glenn,021,27897,3051,2937,870,3807,20
2021-09-07,Humboldt,023,135768,7613,7397,328,7725,52
2021-09-07,Imperial,025,180216,30917,30584,2960,33544,751
2021-09-07,Inyo,027,18085,1602,1579,29,1608,39
2021-09-07,Kern,029,883053,113280,110674,16711,127385,1408
2021-09-07,Kings,031,150075,27950,27169,1531,28700,267
2021-09-07,Lake,033,64148,5807,5597,101,5698,78
2021-09-07,Lassen,035,31185,5993,5842,213,6055,21
2021-09-07,Los Angeles,037,10098052,1373622,1360407,51281,1411688,25486
2021-09-07,Madera,039,155013,19886,19316,1540,20856,249
2021-09-07,Marin,041,260295,16569,16363,374,16737,242
2021-09-07,Mariposa,043,17540,817,771,27,798,5
2021-09-07,Mendocino,045,87422,6322,6036,249,6285,61
2021-09-07,Merced,047,269075,37026,36400,1438,37838,513
2021-09-07,Modoc,049,8938,463,449,159,608,5
2021-09-07,Mono,051,14174,1444,1416,18,1434,3
2021-09-07,Monterey,053,433212,46684,45911,2485,48396,543
2021-09-07,Napa,055,140530,11990,11814,79,11893,90
2021-09-07,Nevada,057,99092,8021,7829,263,8092,82
2021-09-07,Orange,059,3164182,292354,288225,13788,302013,5274
2021-09-07,Placer,061,380077,32620,31710,2990,34700,337
2021-09-07,Plumas,063,18699,1150,1071,22,1093,5
2021-09-07,Riverside,065,2383286,339881,333390,15685,349075,4666
2021-09-07,Sacramento,067,1510023,142979,142364,3364,145728,1905
2021-09-07,San Benito,069,59416,6831,6786,140,6926,64
2021-09-07,San Bernardino,071,2135413,333903,329962,10401,340363,5407
2021-09-07,San Diego,073,3302833,345152,340709,20281,360990,3922
2021-09-07,San Francisco,075,870044,48938,48175,2084,50259,589
2021-09-07,San Joaquin,077,732212,90822,89468,4798,94266,1548
2021-09-07,San Luis Obispo,079,281455,26862,26253,1025,27278,287
2021-09-07,San Mateo,081,765935,50858,49913,759,50672,561
2021-09-07,Santa Barbara,083,443738,40847,39957,1428,41385,489
2021-09-07,Santa Clara,085,1922200,138274,136631,1063,137694,1807
2021-09-07,Santa Cruz,087,273765,18949,18669,966,19635,210
2021-09-07,Shasta,089,179085,16956,16096,2610,18706,226
2021-09-07,Sierra,091,2930,129,111,13,124,0
2021-09-07,Siskiyou,093,43540,2787,2607,920,3527,34
2021-09-07,Solano,095,438530,42873,41862,1084,42946,300
2021-09-07,Sonoma,097,501317,38474,38013,466,38479,358
2021-09-07,Stanislaus,099,539301,69574,68831,7841,76672,1074
2021-09-07,Sutter,101,95872,12470,12310,201,12511,138
2021-09-07,Tehama,103,63373,6742,6482,1068,7550,74
2021-09-07,Trinity,105,12862,667,517,181,698,6
2021-09-07,Tulare,107,460477,59036,57228,11981,69209,874
2021-09-07,Tuolumne,109,53932,5859,5759,61,5820,88
2021-09-07,Ventura,111,848112,92872,91246,4029,95275,1093
2021-09-07,Yolo,113,214977,17964,17653,884,18537,235
2021-09-07,Yuba,115,75493,8811,8642,190,8832,55
2021-09-06,Alameda,001,1643700,111657,110357,2572,112929,1301
2021-09-06,Alpine,003,1148,94,94,0,94,0
2021-09-06,Amador,005,37829,4756,4648,46,4694,53
2021-09-06,Butte,007,227075,17178,16588,2968,19556,218
2021-09-06,Calaveras,009,45235,3192,3122,20,3142,63
2021-09-06,Colusa,011,21464,2347,2306,510,2816,16
2021-09-06,Contra Costa,013,1133247,92139,90971,1851,92822,891
2021-09-06,Del Norte,015,27424,3207,3037,19,3056,24
2021-09-06,El Dorado,017,186661,14144,13848,1370,15218,119
2021-09-06,Fresno,019,978130,122152,119738,10916,130654,1828
2021-09-06,Glenn,021,27897,3022,2912,862,3774,20
2021-09-06,Humboldt,023,135768,7537,7320,310,7630,52
2021-09-06,Imperial,025,180216,30854,30576,2954,33530,751
2021-09-06,Inyo,027,18085,1593,1578,17,1595,39
2021-09-06,Kern,029,883053,112768,110347,16523,126870,1408
2021-09-06,Kings,031,150075,27807,27094,1516,28610,264
2021-09-06,Lake,033,64148,5743,5548,94,5642,78
2021-09-06,Lassen,035,31185,5967,5822,203,6025,21
2021-09-06,Los Angeles,037,10098052,1371243,1359348,51165,1410513,25477
2021-09-06,Madera,039,155013,19783,19191,1517,20708,249
2021-09-06,Marin,041,260295,16529,16356,374,16730,242
2021-09-06,Mariposa,043,17540,805,764,27,791,5
2021-09-06,Mendocino,045,87422,6252,5984,236,6220,61
2021-09-06,Merced,047,269075,36812,36300,1424,37724,513
2021-09-06,Modoc,049,8938,460,449,159,608,5
2021-09-06,Mono,051,14174,1440,1416,18,1434,3
2021-09-06,Monterey,053,433212,46590,45833,2468,48301,541
2021-09-06,Napa,055,140530,11947,11792,78,11870,90
2021-09-06,Nevada,057,99092,7973,7748,261,8009,82
2021-09-06,Orange,059,3164182,291860,287948,13735,301683,5274
2021-09-06,Placer,061,380077,32443,31595,2952,34547,337
2021-09-06,Plumas,063,18699,1129,1068,19,1087,5
2021-09-06,Riverside,065,2383286,339066,333052,15665,348717,4666
2021-09-06,Sacramento,067,1510023,142338,141730,3296,145026,1905
2021-09-06,San Benito,069,59416,6808,6777,137,6914,64
2021-09-06,San Bernardino,071,2135413,333020,329693,10370,340063,5398
2021-09-06,San Diego,073,3302833,344142,340222,20184,360406,3922
2021-09-06,San Francisco,075,870044,48804,48120,2077,50197,589
2021-09-06,San Joaquin,077,732212,90476,89293,4772,94065,1548
2021-09-06,San Luis Obispo,079,281455,26733,26183,1021,27204,286
2021-09-06,San Mateo,081,765935,50729,49859,757,50616,561
2021-09-06,Santa Barbara,083,443738,40717,39876,1419,41295,489
2021-09-06,Santa Clara,085,1922200,137983,136458,1061,137519,1807
2021-09-06,Santa Cruz,087,273765,18900,18615,963,19578,210
2021-09-06,Shasta,089,179085,16775,15985,2555,18540,226
2021-09-06,Sierra,091,2930,129,109,13,122,0
2021-09-06,Siskiyou,093,43540,2743,2595,886,3481,34
2021-09-06,Solano,095,438530,42725,41774,1077,42851,300
2021-09-06,Sonoma,097,501317,38353,37929,465,38394,358
2021-09-06,Stanislaus,099,539301,69233,68596,7797,76393,1074
2021-09-06,Sutter,101,95872,12408,12238,192,12430,138
2021-09-06,Tehama,103,63373,6680,6413,1041,7454,74
2021-09-06,Trinity,105,12862,664,515,179,694,6
2021-09-06,Tulare,107,460477,58677,57068,11901,68969,874
2021-09-06,Tuolumne,109,53932,5823,5697,61,5758,88
2021-09-06,Ventura,111,848112,92695,91132,4017,95149,1093
2021-09-06,Yolo,113,214977,17879,17576,878,18454,235
2021-09-06,Yuba,115,75493,8761,8584,186,8770,55
2021-09-05,Alameda,001,1643700,111466,110173,2569,112742,1301
2021-09-05,Alpine,003,1148,94,94,0,94,0
2021-09-05,Amador,005,37829,4744,4642,46,4688,53
2021-09-05,Butte,007,227075,17088,16504,2940,19444,218
2021-09-05,Calaveras,009,45235,3186,3106,20,3126,63
2021-09-05,Colusa,011,21464,2339,2305,508,2813,16
2021-09-05,Contra Costa,013,1133247,91954,90862,1846,92708,891
2021-09-05,Del Norte,015,27424,3187,3023,19,3042,24
2021-09-05,El Dorado,017,186661,14115,13827,1356,15183,119
2021-09-05,Fresno,019,978130,121853,119384,10874,130258,1828
2021-09-05,Glenn,021,27897,3008,2899,860,3759,20
2021-09-05,Humboldt,023,135768,7504,7312,307,7619,52
2021-09-05,Imperial,025,180216,30825,30548,2952,33500,751
2021-09-05,Inyo,027,18085,1590,1572,17,1589,39
2021-09-05,Kern,029,883053,112468,110073,16364,126437,1408
2021-09-05,Kings,031,150075,27730,26989,1512,28501,264
2021-09-05,Lake,033,64148,5723,5525,94,5619,78
2021-09-05,Lassen,035,31185,5945,5820,199,6019,21
2021-09-05,Los Angeles,037,10098052,1369951,1357748,51094,1408842,25465
2021-09-05,Madera,039,155013,19742,19155,1506,20661,249
2021-09-05,Marin,041,260295,16510,16342,373,16715,242
2021-09-05,Mariposa,043,17540,801,761,27,788,5
2021-09-05,Mendocino,045,87422,6218,5965,236,6201,61
2021-09-05,Merced,047,269075,36737,36243,1422,37665,513
2021-09-05,Modoc,049,8938,460,447,159,606,5
2021-09-05,Mono,051,14174,1440,1416,18,1434,3
2021-09-05,Monterey,053,433212,46561,45795,2459,48254,540
2021-09-05,Napa,055,140530,11922,11770,78,11848,90
2021-09-05,Nevada,057,99092,7951,7722,260,7982,82
2021-09-05,Orange,059,3164182,291572,287614,13718,301332,5274
2021-09-05,Placer,061,380077,32315,31487,2938,34425,337
2021-09-05,Plumas,063,18699,1122,1067,19,1086,5
2021-09-05,Riverside,065,2383286,338611,332604,15653,348257,4654
2021-09-05,Sacramento,067,1510023,141900,141276,3278,144554,1905
2021-09-05,San Benito,069,59416,6807,6764,137,6901,64
2021-09-05,San Bernardino,071,2135413,332639,329062,10355,339417,5392
2021-09-05,San Diego,073,3302833,343588,339427,20143,359570,3914
2021-09-05,San Francisco,075,870044,48726,48035,2072,50107,589
2021-09-05,San Joaquin,077,732212,90310,89121,4755,93876,1548
2021-09-05,San Luis Obispo,079,281455,26684,26098,1020,27118,285
2021-09-05,San Mateo,081,765935,50661,49809,753,50562,561
2021-09-05,Santa Barbara,083,443738,40650,39762,1417,41179,489
2021-09-05,Santa Clara,085,1922200,137773,136146,1059,137205,1807
2021-09-05,Santa Cruz,087,273765,18880,18588,961,19549,210
2021-09-05,Shasta,089,179085,16692,15960,2529,18489,226
2021-09-05,Sierra,091,2930,128,109,13,122,0
2021-09-05,Siskiyou,093,43540,2726,2585,872,3457,34
2021-09-05,Solano,095,438530,42630,41687,1072,42759,300
2021-09-05,Sonoma,097,501317,38268,37881,464,38345,358
2021-09-05,Stanislaus,099,539301,69094,68434,7772,76206,1074
2021-09-05,Sutter,101,95872,12378,12179,186,12365,138
2021-09-05,Tehama,103,63373,6654,6400,1035,7435,74
2021-09-05,Trinity,105,12862,658,505,178,683,6
2021-09-05,Tulare,107,460477,58507,56915,11857,68772,874
2021-09-05,Tuolumne,109,53932,5811,5688,61,5749,88
2021-09-05,Ventura,111,848112,92559,91004,4013,95017,1093
2021-09-05,Yolo,113,214977,17842,17557,872,18429,235
2021-09-05,Yuba,115,75493,8734,8521,184,8705,55
2021-09-04,Alameda,001,1643700,111342,109944,2562,112506,1301
2021-09-04,Alpine,003,1148,94,94,0,94,0
2021-09-04,Amador,005,37829,4726,4637,45,4682,53
2021-09-04,Butte,007,227075,17030,16403,2925,19328,218
2021-09-04,Calaveras,009,45235,3174,3087,19,3106,63
2021-09-04,Colusa,011,21464,2337,2301,508,2809,16
2021-09-04,Contra Costa,013,1133247,91837,90623,1843,92466,891
2021-09-04,Del Norte,015,27424,3176,2984,19,3003,24
2021-09-04,El Dorado,017,186661,14089,13782,1348,15130,119
2021-09-04,Fresno,019,978130,121657,119033,10853,129886,1828
2021-09-04,Glenn,021,27897,2998,2878,854,3732,20
2021-09-04,Humboldt,023,135768,7473,7298,301,7599,52
2021-09-04,Imperial,025,180216,30802,30526,2950,33476,751
2021-09-04,Inyo,027,18085,1588,1571,17,1588,39
2021-09-04,Kern,029,883053,112224,109751,16233,125984,1408
2021-09-04,Kings,031,150075,27643,26896,1506,28402,263
2021-09-04,Lake,033,64148,5705,5507,94,5601,78
2021-09-04,Lassen,035,31185,5930,5814,191,6005,21
2021-09-04,Los Angeles,037,10098052,1369001,1355634,51036,1406670,25454
2021-09-04,Madera,039,155013,19709,19112,1499,20611,249
2021-09-04,Marin,041,260295,16494,16319,372,16691,242
2021-09-04,Mariposa,043,17540,796,759,27,786,5
2021-09-04,Mendocino,045,87422,6182,5933,236,6169,61
2021-09-04,Merced,047,269075,36693,36083,1417,37500,513
2021-09-04,Modoc,049,8938,460,447,159,606,5
2021-09-04,Mono,051,14174,1437,1417,18,1435,3
2021-09-04,Monterey,053,433212,46530,45756,2455,48211,540
2021-09-04,Napa,055,140530,11897,11760,76,11836,90
2021-09-04,Nevada,057,99092,7936,7691,259,7950,82
2021-09-04,Orange,059,3164182,291309,287244,13697,300941,5274
2021-09-04,Placer,061,380077,32211,31374,2921,34295,337
2021-09-04,Plumas,063,18699,1114,1067,19,1086,5
2021-09-04,Riverside,065,2383286,338141,331958,15641,347599,4654
2021-09-04,Sacramento,067,1510023,141607,140735,3270,144005,1896
2021-09-04,San Benito,069,59416,6798,6758,137,6895,64
2021-09-04,San Bernardino,071,2135413,332307,328425,10341,338766,5393
2021-09-04,San Diego,073,3302833,343154,338748,20121,358869,3914
2021-09-04,San Francisco,075,870044,48651,47937,2063,50000,589
2021-09-04,San Joaquin,077,732212,90194,88846,4747,93593,1548
2021-09-04,San Luis Obispo,079,281455,26652,26020,1020,27040,285
2021-09-04,San Mateo,081,765935,50607,49721,753,50474,560
2021-09-04,Santa Barbara,083,443738,40584,39667,1415,41082,489
2021-09-04,Santa Clara,085,1922200,137587,135845,1056,136901,1806
2021-09-04,Santa Cruz,087,273765,18862,18579,957,19536,210
2021-09-04,Shasta,089,179085,16615,15924,2503,18427,226
2021-09-04,Sierra,091,2930,126,108,13,121,0
2021-09-04,Siskiyou,093,43540,2700,2563,861,3424,34
2021-09-04,Solano,095,438530,42557,41614,1070,42684,300
2021-09-04,Sonoma,097,501317,38235,37809,464,38273,358
2021-09-04,Stanislaus,099,539301,68947,68210,7747,75957,1074
2021-09-04,Sutter,101,95872,12337,12137,185,12322,138
2021-09-04,Tehama,103,63373,6629,6367,1017,7384,74
2021-09-04,Trinity,105,12862,656,497,178,675,6
2021-09-04,Tulare,107,460477,58399,56719,11814,68533,874
2021-09-04,Tuolumne,109,53932,5793,5667,59,5726,88
2021-09-04,Ventura,111,848112,92424,90904,4010,94914,1090
2021-09-04,Yolo,113,214977,17806,17522,868,18390,235
2021-09-04,Yuba,115,75493,8705,8475,183,8658,55
2021-09-03,Alameda,001,1643700,111187,109636,2559,112195,1301
2021-09-03,Alpine,003,1148,94,94,0,94,0
2021-09-03,Amador,005,37829,4704,4614,45,4659,53
2021-09-03,Butte,007,227075,16940,16259,2899,19158,215
2021-09-03,Calaveras,009,45235,3164,3069,19,3088,63
2021-09-03,Colusa,011,21464,2332,2295,507,2802,16
2021-09-03,Contra Costa,013,1133247,91685,90299,1840,92139,886
2021-09-03,Del Norte,015,27424,3148,2943,18,2961,24
2021-09-03,El Dorado,017,186661,14056,13710,1344,15054,119
2021-09-03,Fresno,019,978130,121322,118508,10831,129339,1822
2021-09-03,Glenn,021,27897,2989,2867,847,3714,20
2021-09-03,Humboldt,023,135768,7448,7194,296,7490,52
2021-09-03,Imperial,025,180216,30779,30475,2945,33420,751
2021-09-03,Inyo,027,18085,1583,1567,17,1584,39
2021-09-03,Kern,029,883053,112008,109296,16122,125418,1407
2021-09-03,Kings,031,150075,27559,26753,1503,28256,263
2021-09-03,Lake,033,64148,5685,5479,92,5571,78
2021-09-03,Lassen,035,31185,5913,5789,186,5975,21
2021-09-03,Los Angeles,037,10098052,1367669,1351185,50969,1402154,25384
2021-09-03,Madera,039,155013,19624,19021,1493,20514,247
2021-09-03,Marin,041,260295,16472,16293,371,16664,242
2021-09-03,Mariposa,043,17540,789,753,25,778,5
2021-09-03,Mendocino,045,87422,6147,5891,236,6127,61
2021-09-03,Merced,047,269075,36639,35941,1408,37349,512
2021-09-03,Modoc,049,8938,460,445,159,604,5
2021-09-03,Mono,051,14174,1436,1410,18,1428,3
2021-09-03,Monterey,053,433212,46492,45707,2451,48158,540
2021-09-03,Napa,055,140530,11876,11733,76,11809,89
2021-09-03,Nevada,057,99092,7902,7632,259,7891,82
2021-09-03,Orange,059,3164182,290991,286818,13669,300487,5253
2021-09-03,Placer,061,380077,32104,31238,2897,34135,335
2021-09-03,Plumas,063,18699,1103,1057,19,1076,5
2021-09-03,Riverside,065,2383286,337609,331011,15625,346636,4653
2021-09-03,Sacramento,067,1510023,141238,139982,3251,143233,1886
2021-09-03,San Benito,069,59416,6792,6746,137,6883,64
2021-09-03,San Bernardino,071,2135413,331892,327599,10330,337929,5381
2021-09-03,San Diego,073,3302833,342534,337627,20088,357715,3911
2021-09-03,San Francisco,075,870044,48575,47822,2057,49879,589
2021-09-03,San Joaquin,077,732212,90041,88366,4739,93105,1540
2021-09-03,San Luis Obispo,079,281455,26576,25917,1018,26935,283
2021-09-03,San Mateo,081,765935,50512,49617,751,50368,560
2021-09-03,Santa Barbara,083,443738,40517,39507,1412,40919,489
2021-09-03,Santa Clara,085,1922200,137385,135522,1052,136574,1801
2021-09-03,Santa Cruz,087,273765,18837,18532,957,19489,210
2021-09-03,Shasta,089,179085,16540,15778,2479,18257,226
2021-09-03,Sierra,091,2930,124,105,13,118,0
2021-09-03,Siskiyou,093,43540,2688,2529,848,3377,34
2021-09-03,Solano,095,438530,42461,41457,1067,42524,300
2021-09-03,Sonoma,097,501317,38172,37699,464,38163,358
2021-09-03,Stanislaus,099,539301,68772,67887,7721,75608,1074
2021-09-03,Sutter,101,95872,12298,12073,184,12257,139
2021-09-03,Tehama,103,63373,6590,6334,1010,7344,72
2021-09-03,Trinity,105,12862,654,490,173,663,6
2021-09-03,Tulare,107,460477,58272,56401,11761,68162,872
2021-09-03,Tuolumne,109,53932,5751,5630,59,5689,88
2021-09-03,Ventura,111,848112,92290,90742,4006,94748,1088
2021-09-03,Yolo,113,214977,17783,17446,862,18308,235
2021-09-03,Yuba,115,75493,8674,8412,183,8595,55
2021-09-02,Alameda,001,1643700,110928,109377,2556,111933,1301
2021-09-02,Alpine,003,1148,93,92,0,92,0
2021-09-02,Amador,005,37829,4688,4606,45,4651,53
2021-09-02,Butte,007,227075,16814,16154,2880,19034,215
2021-09-02,Calaveras,009,45235,3151,3042,19,3061,62
2021-09-02,Colusa,011,21464,2328,2290,507,2797,16
2021-09-02,Contra Costa,013,1133247,91502,90038,1829,91867,886
2021-09-02,Del Norte,015,27424,3117,2891,18,2909,24
2021-09-02,El Dorado,017,186661,13997,13641,1319,14960,119
2021-09-02,Fresno,019,978130,120834,117974,10776,128750,1804
2021-09-02,Glenn,021,27897,2973,2855,841,3696,20
2021-09-02,Humboldt,023,135768,7401,7141,285,7426,52
2021-09-02,Imperial,025,180216,30735,30449,2940,33389,751
2021-09-02,Inyo,027,18085,1578,1564,16,1580,39
2021-09-02,Kern,029,883053,111596,108930,15978,124908,1404
2021-09-02,Kings,031,150075,27466,26638,1493,28131,263
2021-09-02,Lake,033,64148,5655,5432,88,5520,78
2021-09-02,Lassen,035,31185,5899,5747,179,5926,21
2021-09-02,Los Angeles,037,10098052,1365807,1351105,50873,1401978,25382
2021-09-02,Madera,039,155013,19533,18937,1474,20411,247
2021-09-02,Marin,041,260295,16459,16244,369,16613,242
2021-09-02,Mariposa,043,17540,782,745,22,767,5
2021-09-02,Mendocino,045,87422,6105,5848,233,6081,61
2021-09-02,Merced,047,269075,36476,35820,1401,37221,508
2021-09-02,Modoc,049,8938,460,437,159,596,5
2021-09-02,Mono,051,14174,1436,1409,18,1427,3
2021-09-02,Monterey,053,433212,46426,45648,2436,48084,539
2021-09-02,Napa,055,140530,11847,11684,76,11760,88
2021-09-02,Nevada,057,99092,7850,7575,258,7833,82
2021-09-02,Orange,059,3164182,290531,286326,13635,299961,5240
2021-09-02,Placer,061,380077,31966,31067,2868,33935,330
2021-09-02,Plumas,063,18699,1092,1045,18,1063,5
2021-09-02,Riverside,065,2383286,336893,330190,15600,345790,4644
2021-09-02,Sacramento,067,1510023,140655,139274,3212,142486,1882
2021-09-02,San Benito,069,59416,6787,6734,136,6870,64
2021-09-02,San Bernardino,071,2135413,331286,326940,10257,337197,5369
2021-09-02,San Diego,073,3302833,341568,336382,20035,356417,3909
2021-09-02,San Francisco,075,870044,48467,47674,2053,49727,587
2021-09-02,San Joaquin,077,732212,89757,88056,4715,92771,1540
2021-09-02,San Luis Obispo,079,281455,26491,25851,1013,26864,283
2021-09-02,San Mateo,081,765935,50413,49490,748,50238,558
2021-09-02,Santa Barbara,083,443738,40427,39386,1399,40785,486
2021-09-02,Santa Clara,085,1922200,137084,135216,1046,136262,1799
2021-09-02,Santa Cruz,087,273765,18803,18473,954,19427,210
2021-09-02,Shasta,089,179085,16402,15670,2450,18120,224
2021-09-02,Sierra,091,2930,124,105,13,118,0
2021-09-02,Siskiyou,093,43540,2667,2513,820,3333,34
2021-09-02,Solano,095,438530,42355,41293,1064,42357,294
2021-09-02,Sonoma,097,501317,38091,37558,464,38022,352
2021-09-02,Stanislaus,099,539301,68531,67576,7699,75275,1074
2021-09-02,Sutter,101,95872,12229,11995,180,12175,138
2021-09-02,Tehama,103,63373,6532,6265,991,7256,72
2021-09-02,Trinity,105,12862,650,484,171,655,6
2021-09-02,Tulare,107,460477,58042,56105,11708,67813,872
2021-09-02,Tuolumne,109,53932,5695,5578,59,5637,88
2021-09-02,Ventura,111,848112,92107,90610,4001,94611,1084
2021-09-02,Yolo,113,214977,17714,17357,851,18208,235
2021-09-02,Yuba,115,75493,8614,8363,183,8546,55
2021-09-01,Alameda,001,1643700,110661,109075,2550,111625,1299
2021-09-01,Alpine,003,1148,93,92,0,92,0
2021-09-01,Amador,005,37829,4672,4599,44,4643,53
2021-09-01,Butte,007,227075,16700,16046,2855,18901,215
2021-09-01,Calaveras,009,45235,3139,3023,19,3042,59
2021-09-01,Colusa,011,21464,2323,2281,506,2787,16
2021-09-01,Contra Costa,013,1133247,91267,89834,1822,91656,877
2021-09-01,Del Norte,015,27424,3084,2860,18,2878,24
2021-09-01,El Dorado,017,186661,13941,13577,1290,14867,119
2021-09-01,Fresno,019,978130,120343,117492,10706,128198,1800
2021-09-01,Glenn,021,27897,2948,2846,833,3679,20
2021-09-01,Humboldt,023,135768,7354,7090,278,7368,52
2021-09-01,Imperial,025,180216,30697,30393,2935,33328,750
2021-09-01,Inyo,027,18085,1574,1561,15,1576,39
2021-09-01,Kern,029,883053,111165,108449,15836,124285,1400
2021-09-01,Kings,031,150075,27353,26443,1482,27925,263
2021-09-01,Lake,033,64148,5614,5396,83,5479,77
2021-09-01,Lassen,035,31185,5877,5731,175,5906,21
2021-09-01,Los Angeles,037,10098052,1363542,1348589,50768,1399357,25341
2021-09-01,Madera,039,155013,19455,18852,1459,20311,247
2021-09-01,Marin,041,260295,16437,16224,364,16588,240
2021-09-01,Mariposa,043,17540,774,735,22,757,5
2021-09-01,Mendocino,045,87422,6062,5821,228,6049,59
2021-09-01,Merced,047,269075,36299,35686,1391,37077,500
2021-09-01,Modoc,049,8938,454,436,157,593,5
2021-09-01,Mono,051,14174,1436,1400,18,1418,3
2021-09-01,Monterey,053,433212,46346,45590,2421,48011,539
2021-09-01,Napa,055,140530,11814,11653,76,11729,88
2021-09-01,Nevada,057,99092,7797,7508,257,7765,82
2021-09-01,Orange,059,3164182,290058,285840,13597,299437,5233
2021-09-01,Placer,061,380077,31811,30902,2854,33756,330
2021-09-01,Plumas,063,18699,1084,1033,18,1051,5
2021-09-01,Riverside,065,2383286,336077,329388,15570,344958,4634
2021-09-01,Sacramento,067,1510023,140046,138499,3166,141665,1875
2021-09-01,San Benito,069,59416,6770,6716,136,6852,64
2021-09-01,San Bernardino,071,2135413,330635,326250,10228,336478,5364
2021-09-01,San Diego,073,3302833,340538,335302,19979,355281,3908
2021-09-01,San Francisco,075,870044,48358,47538,2046,49584,584
2021-09-01,San Joaquin,077,732212,89435,87640,4692,92332,1540
2021-09-01,San Luis Obispo,079,281455,26395,25691,1008,26699,283
2021-09-01,San Mateo,081,765935,50293,49394,742,50136,558
2021-09-01,Santa Barbara,083,443738,40310,39263,1383,40646,483
2021-09-01,Santa Clara,085,1922200,136816,134855,1039,135894,1796
2021-09-01,Santa Cruz,087,273765,18756,18453,952,19405,210
2021-09-01,Shasta,089,179085,16270,15552,2409,17961,221
2021-09-01,Sierra,091,2930,123,98,13,111,0
2021-09-01,Siskiyou,093,43540,2637,2482,800,3282,34
2021-09-01,Solano,095,438530,42204,41194,1058,42252,293
2021-09-01,Sonoma,097,501317,37996,37454,463,37917,352
2021-09-01,Stanislaus,099,539301,68247,67287,7668,74955,1075
2021-09-01,Sutter,101,95872,12165,11945,173,12118,136
2021-09-01,Tehama,103,63373,6498,6228,974,7202,72
2021-09-01,Trinity,105,12862,649,482,168,650,5
2021-09-01,Tulare,107,460477,57759,55768,11671,67439,870
2021-09-01,Tuolumne,109,53932,5656,5553,59,5612,88
2021-09-01,Ventura,111,848112,91892,90471,3985,94456,1089
2021-09-01,Yolo,113,214977,17658,17264,845,18109,235
2021-09-01,Yuba,115,75493,8552,8308,183,8491,55
2021-08-31,Alameda,001,1643700,110367,108837,2543,111380,1297
2021-08-31,Alpine,003,1148,91,92,0,92,0
2021-08-31,Amador,005,37829,4651,4555,44,4599,53
2021-08-31,Butte,007,227075,16557,15896,2814,18710,216
2021-08-31,Calaveras,009,45235,3099,3008,19,3027,59
2021-08-31,Colusa,011,21464,2321,2275,504,2779,16
2021-08-31,Contra Costa,013,1133247,90972,89546,1810,91356,871
2021-08-31,Del Norte,015,27424,3048,2830,18,2848,19
2021-08-31,El Dorado,017,186661,13870,13539,1272,14811,119
2021-08-31,Fresno,019,978130,119767,117155,10627,127782,1801
2021-08-31,Glenn,021,27897,2932,2829,822,3651,20
2021-08-31,Humboldt,023,135768,7279,7030,265,7295,52
2021-08-31,Imperial,025,180216,30660,30348,2927,33275,750
2021-08-31,Inyo,027,18085,1570,1550,15,1565,39
2021-08-31,Kern,029,883053,110663,108151,15657,123808,1393
2021-08-31,Kings,031,150075,27211,26405,1468,27873,260
2021-08-31,Lake,033,64148,5570,5359,80,5439,74
2021-08-31,Lassen,035,31185,5851,5702,172,5874,21
2021-08-31,Los Angeles,037,10098052,1360954,1346686,50688,1397374,25303
2021-08-31,Madera,039,155013,19365,18811,1441,20252,247
2021-08-31,Marin,041,260295,16408,16215,361,16576,240
2021-08-31,Mariposa,043,17540,766,732,22,754,5
2021-08-31,Mendocino,045,87422,6020,5777,226,6003,59
2021-08-31,Merced,047,269075,36129,35512,1386,36898,498
2021-08-31,Modoc,049,8938,453,436,157,593,5
2021-08-31,Mono,051,14174,1424,1398,18,1416,3
2021-08-31,Monterey,053,433212,46262,45550,2408,47958,539
2021-08-31,Napa,055,140530,11767,11618,76,11694,88
2021-08-31,Nevada,057,99092,7730,7460,257,7717,82
2021-08-31,Orange,059,3164182,289459,285310,13563,298873,5229
2021-08-31,Placer,061,380077,31622,30745,2816,33561,325
2021-08-31,Plumas,063,18699,1080,1018,17,1035,5
2021-08-31,Riverside,065,2383286,335103,328556,15537,344093,4627
2021-08-31,Sacramento,067,1510023,139361,137879,3134,141013,1863
2021-08-31,San Benito,069,59416,6758,6694,134,6828,64
2021-08-31,San Bernardino,071,2135413,329889,325446,10208,335654,5350
2021-08-31,San Diego,073,3302833,339279,334377,19921,354298,3888
2021-08-31,San Francisco,075,870044,48208,47440,2035,49475,581
2021-08-31,San Joaquin,077,732212,88990,87365,4677,92042,1540
2021-08-31,San Luis Obispo,079,281455,26272,25518,1004,26522,282
2021-08-31,San Mateo,081,765935,50181,49299,742,50041,556
2021-08-31,Santa Barbara,083,443738,40159,39091,1377,40468,481
2021-08-31,Santa Clara,085,1922200,136466,134637,1032,135669,1793
2021-08-31,Santa Cruz,087,273765,18717,18419,949,19368,210
2021-08-31,Shasta,089,179085,16118,15368,2382,17750,220
2021-08-31,Sierra,091,2930,120,95,13,108,0
2021-08-31,Siskiyou,093,43540,2617,2435,784,3219,33
2021-08-31,Solano,095,438530,42065,41067,1051,42118,289
2021-08-31,Sonoma,097,501317,37900,37379,461,37840,352
2021-08-31,Stanislaus,099,539301,67892,67004,7633,74637,1075
2021-08-31,Sutter,101,95872,12100,11901,169,12070,136
2021-08-31,Tehama,103,63373,6437,6169,943,7112,72
2021-08-31,Trinity,105,12862,643,480,168,648,3
2021-08-31,Tulare,107,460477,57426,55567,11600,67167,870
2021-08-31,Tuolumne,109,53932,5620,5516,59,5575,88
2021-08-31,Ventura,111,848112,91673,90292,3973,94265,1081
2021-08-31,Yolo,113,214977,17577,17205,836,18041,234
2021-08-31,Yuba,115,75493,8498,8253,183,8436,54
2021-08-30,Alameda,001,1643700,110042,107734,2532,110266,1296
2021-08-30,Alpine,003,1148,91,92,0,92,0
2021-08-30,Amador,005,37829,4640,4507,44,4551,53
2021-08-30,Butte,007,227075,16406,15719,2781,18500,214
2021-08-30,Calaveras,009,45235,3084,2975,19,2994,59
2021-08-30,Colusa,011,21464,2312,2271,501,2772,16
2021-08-30,Contra Costa,013,1133247,90713,87679,1800,89479,872
2021-08-30,Del Norte,015,27424,3006,2796,17,2813,11
2021-08-30,El Dorado,017,186661,13801,13217,1255,14472,119
2021-08-30,Fresno,019,978130,119194,115867,10555,126422,1790
2021-08-30,Glenn,021,27897,2921,2804,816,3620,20
2021-08-30,Humboldt,023,135768,7225,6930,259,7189,52
2021-08-30,Imperial,025,180216,30622,30311,2922,33233,750
2021-08-30,Inyo,027,18085,1565,1544,15,1559,39
2021-08-30,Kern,029,883053,110184,107615,15493,123108,1389
2021-08-30,Kings,031,150075,27095,26236,1453,27689,259
2021-08-30,Lake,033,64148,5535,5323,77,5400,74
2021-08-30,Lassen,035,31185,5829,5667,166,5833,21
2021-08-30,Los Angeles,037,10098052,1358494,1344949,50602,1395551,25269
2021-08-30,Madera,039,155013,19283,18622,1421,20043,247
2021-08-30,Marin,041,260295,16377,16160,361,16521,240
2021-08-30,Mariposa,043,17540,760,715,21,736,5
2021-08-30,Mendocino,045,87422,5986,5721,222,5943,55
2021-08-30,Merced,047,269075,36001,35335,1382,36717,497
2021-08-30,Modoc,049,8938,451,436,156,592,5
2021-08-30,Mono,051,14174,1423,1390,18,1408,3
2021-08-30,Monterey,053,433212,46200,45463,2391,47854,539
2021-08-30,Napa,055,140530,11718,11579,74,11653,87
2021-08-30,Nevada,057,99092,7671,7356,254,7610,82
2021-08-30,Orange,059,3164182,288877,284750,13514,298264,5223
2021-08-30,Placer,061,380077,31457,29825,2793,32618,319
2021-08-30,Plumas,063,18699,1063,998,17,1015,5
2021-08-30,Riverside,065,2383286,334206,327593,15506,343099,4623
2021-08-30,Sacramento,067,1510023,138703,134571,3088,137659,1847
2021-08-30,San Benito,069,59416,6749,6663,134,6797,64
2021-08-30,San Bernardino,071,2135413,329212,324870,10178,335048,5348
2021-08-30,San Diego,073,3302833,338008,333011,19841,352852,3885
2021-08-30,San Francisco,075,870044,48069,46966,2021,48987,581
2021-08-30,San Joaquin,077,732212,88659,86203,4656,90859,1528
2021-08-30,San Luis Obispo,079,281455,26147,25422,997,26419,280
2021-08-30,San Mateo,081,765935,50055,48839,736,49575,554
2021-08-30,Santa Barbara,083,443738,40008,38998,1372,40370,481
2021-08-30,Santa Clara,085,1922200,136145,133281,1025,134306,1789
2021-08-30,Santa Cruz,087,273765,18663,18326,945,19271,210
2021-08-30,Shasta,089,179085,15989,15238,2340,17578,217
2021-08-30,Sierra,091,2930,118,91,13,104,0
2021-08-30,Siskiyou,093,43540,2604,2411,773,3184,33
2021-08-30,Solano,095,438530,41904,39986,1047,41033,290
2021-08-30,Sonoma,097,501317,37794,36764,461,37225,352
2021-08-30,Stanislaus,099,539301,67553,66173,7602,73775,1074
2021-08-30,Sutter,101,95872,12030,11791,162,11953,136
2021-08-30,Tehama,103,63373,6358,6085,919,7004,71
2021-08-30,Trinity,105,12862,632,468,165,633,3
2021-08-30,Tulare,107,460477,57114,55140,11524,66664,870
2021-08-30,Tuolumne,109,53932,5574,5492,59,5551,74
2021-08-30,Ventura,111,848112,91457,90149,3961,94110,1082
2021-08-30,Yolo,113,214977,17515,17071,832,17903,231
2021-08-30,Yuba,115,75493,8424,8129,182,8311,54
2021-08-29,Alameda,001,1643700,109699,107494,2520,110014,1296
2021-08-29,Alpine,003,1148,91,92,0,92,0
2021-08-29,Amador,005,37829,4626,4501,44,4545,53
2021-08-29,Butte,007,227075,16235,15602,2744,18346,214
2021-08-29,Calaveras,009,45235,3051,2970,19,2989,59
2021-08-29,Colusa,011,21464,2305,2260,495,2755,16
2021-08-29,Contra Costa,013,1133247,90416,87439,1795,89234,872
2021-08-29,Del Norte,015,27424,2963,2752,17,2769,11
2021-08-29,El Dorado,017,186661,13746,13166,1244,14410,119
2021-08-29,Fresno,019,978130,118597,115502,10485,125987,1790
2021-08-29,Glenn,021,27897,2903,2778,809,3587,20
2021-08-29,Humboldt,023,135768,7181,6922,244,7166,52
2021-08-29,Imperial,025,180216,30561,30293,2911,33204,750
2021-08-29,Inyo,027,18085,1555,1543,14,1557,39
2021-08-29,Kern,029,883053,109733,107324,15323,122647,1389
2021-08-29,Kings,031,150075,26942,26143,1438,27581,259
2021-08-29,Lake,033,64148,5495,5293,67,5360,74
2021-08-29,Lassen,035,31185,5806,5666,162,5828,21
2021-08-29,Los Angeles,037,10098052,1355734,1342541,50490,1393031,25263
2021-08-29,Madera,039,155013,19196,18594,1405,19999,247
2021-08-29,Marin,041,260295,16346,16134,359,16493,240
2021-08-29,Mariposa,043,17540,754,709,19,728,5
2021-08-29,Mendocino,045,87422,5928,5689,209,5898,55
2021-08-29,Merced,047,269075,35762,35250,1370,36620,497
2021-08-29,Modoc,049,8938,448,436,156,592,5
2021-08-29,Mono,051,14174,1416,1387,18,1405,3
2021-08-29,Monterey,053,433212,46094,45424,2367,47791,539
2021-08-29,Napa,055,140530,11687,11552,74,11626,87
2021-08-29,Nevada,057,99092,7614,7294,253,7547,82
2021-08-29,Orange,059,3164182,288250,284432,13471,297903,5223
2021-08-29,Placer,061,380077,31284,29674,2752,32426,319
2021-08-29,Plumas,063,18699,1052,996,17,1013,5
2021-08-29,Riverside,065,2383286,333349,326987,15485,342472,4623
2021-08-29,Sacramento,067,1510023,137950,133981,3039,137020,1843
2021-08-29,San Benito,069,59416,6724,6646,134,6780,64
2021-08-29,San Bernardino,071,2135413,328427,324266,10144,334410,5347
2021-08-29,San Diego,073,3302833,336902,332014,19745,351759,3880
2021-08-29,San Francisco,075,870044,47934,46885,2009,48894,581
2021-08-29,San Joaquin,077,732212,88212,85922,4635,90557,1528
2021-08-29,San Luis Obispo,079,281455,25949,25288,989,26277,280
2021-08-29,San Mateo,081,765935,49942,48737,731,49468,554
2021-08-29,Santa Barbara,083,443738,39842,38900,1368,40268,481
2021-08-29,Santa Clara,085,1922200,135792,132979,1019,133998,1789
2021-08-29,Santa Cruz,087,273765,18615,18285,943,19228,210
2021-08-29,Shasta,089,179085,15835,15198,2313,17511,217
2021-08-29,Sierra,091,2930,116,91,13,104,0
2021-08-29,Siskiyou,093,43540,2557,2407,753,3160,33
2021-08-29,Solano,095,438530,41750,39887,1040,40927,290
2021-08-29,Sonoma,097,501317,37658,36650,457,37107,352
2021-08-29,Stanislaus,099,539301,67208,65956,7566,73522,1074
2021-08-29,Sutter,101,95872,11971,11719,155,11874,136
2021-08-29,Tehama,103,63373,6287,6040,896,6936,71
2021-08-29,Trinity,105,12862,629,468,161,629,3
2021-08-29,Tulare,107,460477,56781,54974,11440,66414,870
2021-08-29,Tuolumne,109,53932,5549,5478,58,5536,74
2021-08-29,Ventura,111,848112,91199,90114,3952,94066,1082
2021-08-29,Yolo,113,214977,17415,17015,820,17835,231
2021-08-29,Yuba,115,75493,8360,8042,182,8224,54
2021-08-28,Alameda,001,1643700,109533,107007,2511,109518,1296
2021-08-28,Alpine,003,1148,91,92,0,92,0
2021-08-28,Amador,005,37829,4607,4484,43,4527,53
2021-08-28,Butte,007,227075,16176,15487,2716,18203,214
2021-08-28,Calaveras,009,45235,3041,2926,19,2945,59
2021-08-28,Colusa,011,21464,2301,2252,493,2745,16
2021-08-28,Contra Costa,013,1133247,90204,86938,1792,88730,872
2021-08-28,Del Norte,015,27424,2936,2734,16,2750,11
2021-08-28,El Dorado,017,186661,13706,13089,1238,14327,119
2021-08-28,Fresno,019,978130,118356,115079,10454,125533,1792
2021-08-28,Glenn,021,27897,2894,2773,802,3575,20
2021-08-28,Humboldt,023,135768,7146,6887,239,7126,52
2021-08-28,Imperial,025,180216,30534,30260,2908,33168,750
2021-08-28,Inyo,027,18085,1553,1539,14,1553,39
2021-08-28,Kern,029,883053,109495,107012,15181,122193,1389
2021-08-28,Kings,031,150075,26875,26059,1435,27494,257
2021-08-28,Lake,033,64148,5472,5267,63,5330,74
2021-08-28,Lassen,035,31185,5791,5665,161,5826,21
2021-08-28,Los Angeles,037,10098052,1354525,1337097,50417,1387514,25234
2021-08-28,Madera,039,155013,19145,18553,1391,19944,247
2021-08-28,Marin,041,260295,16331,16106,359,16465,240
2021-08-28,Mariposa,043,17540,752,704,19,723,5
2021-08-28,Mendocino,045,87422,5903,5658,209,5867,55
2021-08-28,Merced,047,269075,35710,35108,1367,36475,497
2021-08-28,Modoc,049,8938,448,436,155,591,5
2021-08-28,Mono,051,14174,1413,1385,18,1403,3
2021-08-28,Monterey,053,433212,46052,45394,2362,47756,539
2021-08-28,Napa,055,140530,11664,11512,73,11585,88
2021-08-28,Nevada,057,99092,7590,7238,251,7489,82
2021-08-28,Orange,059,3164182,287892,283953,13422,297375,5222
2021-08-28,Placer,061,380077,31175,29428,2739,32167,319
2021-08-28,Plumas,063,18699,1045,991,17,1008,5
2021-08-28,Riverside,065,2383286,332761,326222,15475,341697,4623
2021-08-28,Sacramento,067,1510023,137559,132985,3023,136008,1844
2021-08-28,San Benito,069,59416,6717,6636,134,6770,64
2021-08-28,San Bernardino,071,2135413,327979,323672,10136,333808,5348
2021-08-28,San Diego,073,3302833,336318,331330,19709,351039,3880
2021-08-28,San Francisco,075,870044,47862,46654,2002,48656,581
2021-08-28,San Joaquin,077,732212,88043,85481,4626,90107,1527
2021-08-28,San Luis Obispo,079,281455,25882,25138,984,26122,280
2021-08-28,San Mateo,081,765935,49868,48575,727,49302,554
2021-08-28,Santa Barbara,083,443738,39771,38780,1367,40147,481
2021-08-28,Santa Clara,085,1922200,135585,132488,1017,133505,1789
2021-08-28,Santa Cruz,087,273765,18599,18240,940,19180,210
2021-08-28,Shasta,089,179085,15732,15147,2294,17441,217
2021-08-28,Sierra,091,2930,112,91,13,104,0
2021-08-28,Siskiyou,093,43540,2549,2402,742,3144,33
2021-08-28,Solano,095,438530,41701,39610,1039,40649,290
2021-08-28,Sonoma,097,501317,37585,36466,455,36921,352
2021-08-28,Stanislaus,099,539301,67050,65670,7549,73219,1074
2021-08-28,Sutter,101,95872,11950,11669,154,11823,136
2021-08-28,Tehama,103,63373,6262,6004,883,6887,71
2021-08-28,Trinity,105,12862,625,463,160,623,3
2021-08-28,Tulare,107,460477,56651,54746,11398,66144,870
2021-08-28,Tuolumne,109,53932,5533,5469,58,5527,74
2021-08-28,Ventura,111,848112,91081,89934,3950,93884,1081
2021-08-28,Yolo,113,214977,17379,16907,813,17720,231
2021-08-28,Yuba,115,75493,8329,7985,181,8166,55
2021-08-27,Alameda,001,1643700,109324,106622,2508,109130,1296
2021-08-27,Alpine,003,1148,91,92,0,92,0
2021-08-27,Amador,005,37829,4591,4458,42,4500,53
2021-08-27,Butte,007,227075,16096,15277,2697,17974,214
2021-08-27,Calaveras,009,45235,3027,2903,19,2922,59
2021-08-27,Colusa,011,21464,2295,2240,491,2731,16
2021-08-27,Contra Costa,013,1133247,90006,86386,1789,88175,872
2021-08-27,Del Norte,015,27424,2904,2695,16,2711,11
2021-08-27,El Dorado,017,186661,13667,12968,1234,14202,119
2021-08-27,Fresno,019,978130,117922,114481,10430,124911,1774
2021-08-27,Glenn,021,27897,2876,2754,793,3547,20
2021-08-27,Humboldt,023,135768,7113,6782,236,7018,52
2021-08-27,Imperial,025,180216,30514,30201,2905,33106,750
2021-08-27,Inyo,027,18085,1552,1529,14,1543,39
2021-08-27,Kern,029,883053,109201,106570,15071,121641,1385
2021-08-27,Kings,031,150075,26796,25957,1433,27390,257
2021-08-27,Lake,033,64148,5447,5228,62,5290,74
2021-08-27,Lassen,035,31185,5775,5646,156,5802,21
2021-08-27,Los Angeles,037,10098052,1352999,1337006,50352,1387358,25230
2021-08-27,Madera,039,155013,19089,18476,1378,19854,247
2021-08-27,Marin,041,260295,16315,16055,357,16412,240
2021-08-27,Mariposa,043,17540,746,690,19,709,5
2021-08-27,Mendocino,045,87422,5872,5602,208,5810,55
2021-08-27,Merced,047,269075,35656,34906,1358,36264,495
2021-08-27,Modoc,049,8938,448,434,155,589,5
2021-08-27,Mono,051,14174,1408,1385,18,1403,3
2021-08-27,Monterey,053,433212,46003,45337,2354,47691,539
2021-08-27,Napa,055,140530,11630,11460,73,11533,87
2021-08-27,Nevada,057,99092,7550,7169,249,7418,82
2021-08-27,Orange,059,3164182,287531,283407,13383,296790,5206
2021-08-27,Placer,061,380077,31045,29157,2719,31876,320
2021-08-27,Plumas,063,18699,1039,984,17,1001,5
2021-08-27,Riverside,065,2383286,332243,325379,15460,340839,4622
2021-08-27,Sacramento,067,1510023,137124,131921,3010,134931,1838
2021-08-27,San Benito,069,59416,6711,6622,134,6756,64
2021-08-27,San Bernardino,071,2135413,327455,322893,10118,333011,5342
2021-08-27,San Diego,073,3302833,335537,330162,19655,349817,3877
2021-08-27,San Francisco,075,870044,47786,46456,1984,48440,581
2021-08-27,San Joaquin,077,732212,87860,84949,4607,89556,1524
2021-08-27,San Luis Obispo,079,281455,25834,24952,981,25933,280
2021-08-27,San Mateo,081,765935,49793,48424,723,49147,553
2021-08-27,Santa Barbara,083,443738,39679,38675,1365,40040,480
2021-08-27,Santa Clara,085,1922200,135355,132011,1014,133025,1783
2021-08-27,Santa Cruz,087,273765,18560,18163,936,19099,210
2021-08-27,Shasta,089,179085,15652,14996,2278,17274,217
2021-08-27,Sierra,091,2930,111,91,13,104,0
2021-08-27,Siskiyou,093,43540,2534,2358,728,3086,33
2021-08-27,Solano,095,438530,41587,39347,1035,40382,287
2021-08-27,Sonoma,097,501317,37513,36326,454,36780,342
2021-08-27,Stanislaus,099,539301,66840,65167,7511,72678,1061
2021-08-27,Sutter,101,95872,11904,11590,152,11742,135
2021-08-27,Tehama,103,63373,6229,5964,868,6832,71
2021-08-27,Trinity,105,12862,625,458,159,617,3
2021-08-27,Tulare,107,460477,56516,54443,11353,65796,870
2021-08-27,Tuolumne,109,53932,5501,5438,58,5496,74
2021-08-27,Ventura,111,848112,90952,89774,3946,93720,1076
2021-08-27,Yolo,113,214977,17336,16805,808,17613,231
2021-08-27,Yuba,115,75493,8272,7926,181,8107,54
2021-08-26,Alameda,001,1643700,109049,106146,2499,108645,1296
2021-08-26,Alpine,003,1148,91,92,0,92,0
2021-08-26,Amador,005,37829,4576,4442,41,4483,53
2021-08-26,Butte,007,227075,15963,15159,2662,17821,214
2021-08-26,Calaveras,009,45235,3016,2873,19,2892,59
2021-08-26,Colusa,011,21464,2288,2234,487,2721,16
2021-08-26,Contra Costa,013,1133247,89647,85808,1783,87591,866
2021-08-26,Del Norte,015,27424,2868,2625,16,2641,8
2021-08-26,El Dorado,017,186661,13598,12863,1220,14083,118
2021-08-26,Fresno,019,978130,117418,113854,10376,124230,1770
2021-08-26,Glenn,021,27897,2858,2740,784,3524,20
2021-08-26,Humboldt,023,135768,7055,6695,226,6921,53
2021-08-26,Imperial,025,180216,30465,30121,2897,33018,748
2021-08-26,Inyo,027,18085,1542,1521,13,1534,39
2021-08-26,Kern,029,883053,108773,106051,14928,120979,1380
2021-08-26,Kings,031,150075,26673,25838,1425,27263,260
2021-08-26,Lake,033,64148,5401,5196,59,5255,74
2021-08-26,Lassen,035,31185,5763,5626,154,5780,21
2021-08-26,Los Angeles,037,10098052,1350728,1334372,50256,1384628,25199
2021-08-26,Madera,039,155013,19019,18393,1365,19758,247
2021-08-26,Marin,041,260295,16286,15983,354,16337,240
2021-08-26,Mariposa,043,17540,736,677,19,696,5
2021-08-26,Mendocino,045,87422,5834,5533,203,5736,55
2021-08-26,Merced,047,269075,35489,34755,1337,36092,495
2021-08-26,Modoc,049,8938,448,433,155,588,5
2021-08-26,Mono,051,14174,1404,1385,18,1403,3
2021-08-26,Monterey,053,433212,45930,45265,2343,47608,539
2021-08-26,Napa,055,140530,11608,11394,72,11466,87
2021-08-26,Nevada,057,99092,7491,7086,246,7332,80
2021-08-26,Orange,059,3164182,287039,282814,13360,296174,5200
2021-08-26,Placer,061,380077,30876,28898,2693,31591,319
2021-08-26,Plumas,063,18699,1032,971,16,987,5
2021-08-26,Riverside,065,2383286,331451,324486,15439,339925,4615
2021-08-26,Sacramento,067,1510023,136591,130977,2969,133946,1827
2021-08-26,San Benito,069,59416,6701,6604,134,6738,64
2021-08-26,San Bernardino,071,2135413,326796,322100,10094,332194,5339
2021-08-26,San Diego,073,3302833,334511,328276,19589,347865,3869
2021-08-26,San Francisco,075,870044,47659,46288,1979,48267,581
2021-08-26,San Joaquin,077,732212,87482,84429,4585,89014,1513
2021-08-26,San Luis Obispo,079,281455,25685,24831,974,25805,278
2021-08-26,San Mateo,081,765935,49665,48263,721,48984,553
2021-08-26,Santa Barbara,083,443738,39595,38566,1364,39930,479
2021-08-26,Santa Clara,085,1922200,135029,131443,1010,132453,1782
2021-08-26,Santa Cruz,087,273765,18500,18072,934,19006,210
2021-08-26,Shasta,089,179085,15530,14891,2250,17141,217
2021-08-26,Sierra,091,2930,109,90,13,103,0
2021-08-26,Siskiyou,093,43540,2512,2342,715,3057,33
2021-08-26,Solano,095,438530,41438,39027,1027,40054,286
2021-08-26,Sonoma,097,501317,37424,36102,454,36556,337
2021-08-26,Stanislaus,099,539301,66542,64785,7470,72255,1061
2021-08-26,Sutter,101,95872,11844,11499,149,11648,135
2021-08-26,Tehama,103,63373,6171,5913,855,6768,68
2021-08-26,Trinity,105,12862,620,450,157,607,3
2021-08-26,Tulare,107,460477,56259,54157,11307,65464,870
2021-08-26,Tuolumne,109,53932,5481,5387,58,5445,74
2021-08-26,Ventura,111,848112,90766,89595,3937,93532,1080
2021-08-26,Yolo,113,214977,17271,16727,797,17524,231
2021-08-26,Yuba,115,75493,8199,7834,179,8013,54
2021-08-25,Alameda,001,1643700,108727,105636,2492,108128,1296
2021-08-25,Alpine,003,1148,91,92,0,92,0
2021-08-25,Amador,005,37829,4561,4415,41,4456,53
2021-08-25,Butte,007,227075,15856,15039,2620,17659,214
2021-08-25,Calaveras,009,45235,2997,2851,19,2870,59
2021-08-25,Colusa,011,21464,2281,2227,478,2705,16
2021-08-25,Contra Costa,013,1133247,89263,85322,1777,87099,863
2021-08-25,Del Norte,015,27424,2823,2573,16,2589,8
2021-08-25,El Dorado,017,186661,13539,12787,1204,13991,118
2021-08-25,Fresno,019,978130,116877,113384,10334,123718,1761
2021-08-25,Glenn,021,27897,2840,2728,769,3497,20
2021-08-25,Humboldt,023,135768,6986,6653,216,6869,52
2021-08-25,Imperial,025,180216,30428,30085,2891,32976,748
2021-08-25,Inyo,027,18085,1538,1518,13,1531,39
2021-08-25,Kern,029,883053,108342,105687,14772,120459,1379
2021-08-25,Kings,031,150075,26566,25676,1418,27094,258
2021-08-25,Lake,033,64148,5371,5163,56,5219,74
2021-08-25,Lassen,035,31185,5746,5583,153,5736,21
2021-08-25,Los Angeles,037,10098052,1348125,1331400,50158,1381558,25170
2021-08-25,Madera,039,155013,18955,18311,1342,19653,247
2021-08-25,Marin,041,260295,16264,15938,348,16286,240
2021-08-25,Mariposa,043,17540,730,676,19,695,5
2021-08-25,Mendocino,045,87422,5799,5486,197,5683,53
2021-08-25,Merced,047,269075,35357,34600,1324,35924,492
2021-08-25,Modoc,049,8938,448,433,155,588,5
2021-08-25,Mono,051,14174,1400,1382,18,1400,3
2021-08-25,Monterey,053,433212,45856,45196,2328,47524,539
2021-08-25,Napa,055,140530,11574,11348,71,11419,87
2021-08-25,Nevada,057,99092,7425,7000,245,7245,77
2021-08-25,Orange,059,3164182,286513,282061,13326,295387,5193
2021-08-25,Placer,061,380077,30700,28740,2660,31400,319
2021-08-25,Plumas,063,18699,1017,962,16,978,5
2021-08-25,Riverside,065,2383286,330606,323548,15417,338965,4610
2021-08-25,Sacramento,067,1510023,135911,130046,2930,132976,1827
2021-08-25,San Benito,069,59416,6680,6587,133,6720,64
2021-08-25,San Bernardino,071,2135413,326102,321228,10073,331301,5337
2021-08-25,San Diego,073,3302833,333243,327166,19504,346670,3859
2021-08-25,San Francisco,075,870044,47509,46107,1974,48081,578
2021-08-25,San Joaquin,077,732212,87097,84002,4569,88571,1510
2021-08-25,San Luis Obispo,079,281455,25493,24607,970,25577,276
2021-08-25,San Mateo,081,765935,49542,48153,718,48871,553
2021-08-25,Santa Barbara,083,443738,39466,38450,1364,39814,479
2021-08-25,Santa Clara,085,1922200,134660,130995,1007,132002,1783
2021-08-25,Santa Cruz,087,273765,18440,17987,931,18918,210
2021-08-25,Shasta,089,179085,15401,14752,2218,16970,217
2021-08-25,Sierra,091,2930,106,90,13,103,0
2021-08-25,Siskiyou,093,43540,2467,2322,696,3018,33
2021-08-25,Solano,095,438530,41267,38848,1015,39863,286
2021-08-25,Sonoma,097,501317,37300,35986,451,36437,336
2021-08-25,Stanislaus,099,539301,66261,64441,7438,71879,1061
2021-08-25,Sutter,101,95872,11776,11451,145,11596,134
2021-08-25,Tehama,103,63373,6112,5861,838,6699,68
2021-08-25,Trinity,105,12862,614,450,156,606,3
2021-08-25,Tulare,107,460477,55974,53877,11236,65113,866
2021-08-25,Tuolumne,109,53932,5455,5354,58,5412,74
2021-08-25,Ventura,111,848112,90582,89379,3923,93302,1068
2021-08-25,Yolo,113,214977,17206,16667,787,17454,231
2021-08-25,Yuba,115,75493,8133,7771,178,7949,54
2021-08-24,Alameda,001,1643700,108410,105319,2480,107799,1296
2021-08-24,Alpine,003,1148,91,92,0,92,0
2021-08-24,Amador,005,37829,4542,4380,41,4421,50
2021-08-24,Butte,007,227075,15701,14964,2586,17550,214
2021-08-24,Calaveras,009,45235,2958,2811,19,2830,59
2021-08-24,Colusa,011,21464,2273,2221,473,2694,16
2021-08-24,Contra Costa,013,1133247,88900,84963,1771,86734,857
2021-08-24,Del Norte,015,27424,2796,2543,16,2559,8
2021-08-24,El Dorado,017,186661,13462,12732,1188,13920,118
2021-08-24,Fresno,019,978130,116271,113024,10270,123294,1761
2021-08-24,Glenn,021,27897,2824,2717,762,3479,20
2021-08-24,Humboldt,023,135768,6923,6585,203,6788,52
2021-08-24,Imperial,025,180216,30367,30045,2885,32930,748
2021-08-24,Inyo,027,18085,1533,1512,13,1525,39
2021-08-24,Kern,029,883053,107878,105399,14604,120003,1375
2021-08-24,Kings,031,150075,26445,25629,1402,27031,258
2021-08-24,Lake,033,64148,5336,5135,56,5191,72
2021-08-24,Lassen,035,31185,5730,5576,151,5727,21
2021-08-24,Los Angeles,037,10098052,1345259,1328777,50049,1378826,25135
2021-08-24,Madera,039,155013,18879,18251,1325,19576,247
2021-08-24,Marin,041,260295,16228,15900,344,16244,240
2021-08-24,Mariposa,043,17540,723,670,19,689,5
2021-08-24,Mendocino,045,87422,5756,5416,190,5606,52
2021-08-24,Merced,047,269075,35189,34490,1313,35803,491
2021-08-24,Modoc,049,8938,448,432,155,587,5
2021-08-24,Mono,051,14174,1398,1382,18,1400,3
2021-08-24,Monterey,053,433212,45790,45126,2310,47436,539
2021-08-24,Napa,055,140530,11541,11299,70,11369,85
2021-08-24,Nevada,057,99092,7355,6981,243,7224,77
2021-08-24,Orange,059,3164182,285914,281461,13300,294761,5187
2021-08-24,Placer,061,380077,30497,28618,2621,31239,318
2021-08-24,Plumas,063,18699,1007,953,16,969,5
2021-08-24,Riverside,065,2383286,329733,322620,15386,338006,4605
2021-08-24,Sacramento,067,1510023,135227,129542,2882,132424,1812
2021-08-24,San Benito,069,59416,6667,6576,133,6709,64
2021-08-24,San Bernardino,071,2135413,325348,320300,10043,330343,5328
2021-08-24,San Diego,073,3302833,331800,325823,19395,345218,3851
2021-08-24,San Francisco,075,870044,47334,46010,1963,47973,574
2021-08-24,San Joaquin,077,732212,86657,83684,4531,88215,1508
2021-08-24,San Luis Obispo,079,281455,25315,24443,959,25402,274
2021-08-24,San Mateo,081,765935,49393,48050,716,48766,553
2021-08-24,Santa Barbara,083,443738,39335,38307,1363,39670,478
2021-08-24,Santa Clara,085,1922200,134236,130763,1003,131766,1779
2021-08-24,Santa Cruz,087,273765,18365,17928,925,18853,209
2021-08-24,Shasta,089,179085,15293,14664,2186,16850,217
2021-08-24,Sierra,091,2930,103,90,13,103,0
2021-08-24,Siskiyou,093,43540,2445,2294,681,2975,33
2021-08-24,Solano,095,438530,41058,38724,1003,39727,283
2021-08-24,Sonoma,097,501317,37172,35849,449,36298,336
2021-08-24,Stanislaus,099,539301,65934,64195,7384,71579,1058
2021-08-24,Sutter,101,95872,11709,11384,142,11526,134
2021-08-24,Tehama,103,63373,6066,5826,824,6650,67
2021-08-24,Trinity,105,12862,603,446,148,594,3
2021-08-24,Tulare,107,460477,55622,53702,11146,64848,856
2021-08-24,Tuolumne,109,53932,5424,5287,58,5345,74
2021-08-24,Ventura,111,848112,90398,89167,3912,93079,1068
2021-08-24,Yolo,113,214977,17130,16492,774,17266,231
2021-08-24,Yuba,115,75493,8050,7723,176,7899,54
2021-08-23,Alameda,001,1643700,107994,104922,2467,107389,1294
2021-08-23,Alpine,003,1148,91,91,0,91,0
2021-08-23,Amador,005,37829,4528,4369,41,4410,50
2021-08-23,Butte,007,227075,15556,14847,2551,17398,211
2021-08-23,Calaveras,009,45235,2930,2803,19,2822,59
2021-08-23,Colusa,011,21464,2269,2206,470,2676,16
2021-08-23,Contra Costa,013,1133247,88522,84651,1764,86415,857
2021-08-23,Del Norte,015,27424,2750,2499,16,2515,8
2021-08-23,El Dorado,017,186661,13359,12684,1166,13850,118
2021-08-23,Fresno,019,978130,115710,112445,10220,122665,1759
2021-08-23,Glenn,021,27897,2808,2696,752,3448,20
2021-08-23,Humboldt,023,135768,6850,6498,188,6686,52
2021-08-23,Imperial,025,180216,30316,30011,2882,32893,748
2021-08-23,Inyo,027,18085,1526,1509,13,1522,39
2021-08-23,Kern,029,883053,107423,104995,14449,119444,1375
2021-08-23,Kings,031,150075,26314,25465,1396,26861,257
2021-08-23,Lake,033,64148,5296,5099,54,5153,69
2021-08-23,Lassen,035,31185,5718,5562,151,5713,21
2021-08-23,Los Angeles,037,10098052,1342294,1326412,49917,1376329,25096
2021-08-23,Madera,039,155013,18793,18155,1310,19465,246
2021-08-23,Marin,041,260295,16180,15856,340,16196,240
2021-08-23,Mariposa,043,17540,712,645,19,664,5
2021-08-23,Mendocino,045,87422,5689,5374,183,5557,51
2021-08-23,Merced,047,269075,35007,34322,1308,35630,488
2021-08-23,Modoc,049,8938,445,431,154,585,6
2021-08-23,Mono,051,14174,1394,1384,18,1402,3
2021-08-23,Monterey,053,433212,45690,45047,2299,47346,538
2021-08-23,Napa,055,140530,11503,11257,70,11327,85
2021-08-23,Nevada,057,99092,7274,6930,241,7171,77
2021-08-23,Orange,059,3164182,285280,280891,13265,294156,5181
2021-08-23,Placer,061,380077,30297,28540,2583,31123,314
2021-08-23,Plumas,063,18699,999,934,16,950,5
2021-08-23,Riverside,065,2383286,328820,321650,15360,337010,4598
2021-08-23,Sacramento,067,1510023,134440,128969,2815,131784,1807
2021-08-23,San Benito,069,59416,6649,6562,131,6693,64
2021-08-23,San Bernardino,071,2135413,324543,319577,10004,329581,5324
2021-08-23,San Diego,073,3302833,330366,324536,19272,343808,3848
2021-08-23,San Francisco,075,870044,47179,45945,1954,47899,573
2021-08-23,San Joaquin,077,732212,86224,83466,4498,87964,1499
2021-08-23,San Luis Obispo,079,281455,25133,24317,957,25274,274
2021-08-23,San Mateo,081,765935,49255,47935,713,48648,553
2021-08-23,Santa Barbara,083,443738,39156,38181,1361,39542,478
2021-08-23,Santa Clara,085,1922200,133836,130489,999,131488,1778
2021-08-23,Santa Cruz,087,273765,18308,17871,923,18794,209
2021-08-23,Shasta,089,179085,15167,14537,2147,16684,216
2021-08-23,Sierra,091,2930,103,90,13,103,0
2021-08-23,Siskiyou,093,43540,2424,2274,660,2934,33
2021-08-23,Solano,095,438530,40905,38612,994,39606,283
2021-08-23,Sonoma,097,501317,37052,35769,448,36217,336
2021-08-23,Stanislaus,099,539301,65601,63922,7345,71267,1058
2021-08-23,Sutter,101,95872,11620,11314,134,11448,133
2021-08-23,Tehama,103,63373,6012,5805,806,6611,67
2021-08-23,Trinity,105,12862,600,435,145,580,3
2021-08-23,Tulare,107,460477,55315,53370,11074,64444,856
2021-08-23,Tuolumne,109,53932,5382,5240,58,5298,73
2021-08-23,Ventura,111,848112,90179,88960,3900,92860,1063
2021-08-23,Yolo,113,214977,17042,16445,759,17204,226
2021-08-23,Yuba,115,75493,7979,7653,174,7827,54
2021-08-22,Alameda,001,1643700,107546,104539,2439,106978,1294
2021-08-22,Alpine,003,1148,91,91,0,91,0
2021-08-22,Amador,005,37829,4498,4349,41,4390,50
2021-08-22,Butte,007,227075,15416,14791,2515,17306,211
2021-08-22,Calaveras,009,45235,2893,2771,19,2790,59
2021-08-22,Colusa,011,21464,2262,2201,464,2665,16
2021-08-22,Contra Costa,013,1133247,87981,84371,1751,86122,857
2021-08-22,Del Norte,015,27424,2690,2455,16,2471,8
2021-08-22,El Dorado,017,186661,13255,12629,1146,13775,118
2021-08-22,Fresno,019,978130,115110,112057,10151,122208,1759
2021-08-22,Glenn,021,27897,2780,2678,739,3417,20
2021-08-22,Humboldt,023,135768,6772,6483,170,6653,52
2021-08-22,Imperial,025,180216,30258,29993,2877,32870,748
2021-08-22,Inyo,027,18085,1520,1505,13,1518,39
2021-08-22,Kern,029,883053,106898,104691,14295,118986,1375
2021-08-22,Kings,031,150075,26156,25391,1379,26770,257
2021-08-22,Lake,033,64148,5251,5069,51,5120,69
2021-08-22,Lassen,035,31185,5686,5556,147,5703,21
2021-08-22,Los Angeles,037,10098052,1338986,1324151,49782,1373933,25089
2021-08-22,Madera,039,155013,18674,18120,1295,19415,246
2021-08-22,Marin,041,260295,16128,15822,332,16154,240
2021-08-22,Mariposa,043,17540,702,638,17,655,5
2021-08-22,Mendocino,045,87422,5630,5336,183,5519,51
2021-08-22,Merced,047,269075,34804,34234,1295,35529,488
2021-08-22,Modoc,049,8938,443,431,154,585,6
2021-08-22,Mono,051,14174,1392,1378,18,1396,3
2021-08-22,Monterey,053,433212,45591,45017,2285,47302,538
2021-08-22,Napa,055,140530,11458,11231,70,11301,85
2021-08-22,Nevada,057,99092,7200,6864,239,7103,77
2021-08-22,Orange,059,3164182,284587,280390,13220,293610,5181
2021-08-22,Placer,061,380077,30088,28395,2547,30942,314
2021-08-22,Plumas,063,18699,981,923,15,938,5
2021-08-22,Riverside,065,2383286,327799,320836,15311,336147,4594
2021-08-22,Sacramento,067,1510023,133663,128231,2775,131006,1802
2021-08-22,San Benito,069,59416,6632,6550,131,6681,64
2021-08-22,San Bernardino,071,2135413,323575,318839,9969,328808,5324
2021-08-22,San Diego,073,3302833,329045,323591,19166,342757,3848
2021-08-22,San Francisco,075,870044,47013,45831,1944,47775,573
2021-08-22,San Joaquin,077,732212,85766,83121,4463,87584,1498
2021-08-22,San Luis Obispo,079,281455,24927,24250,950,25200,274
2021-08-22,San Mateo,081,765935,49079,47821,708,48529,553
2021-08-22,Santa Barbara,083,443738,38975,38099,1353,39452,478
2021-08-22,Santa Clara,085,1922200,133419,130189,992,131181,1778
2021-08-22,Santa Cruz,087,273765,18250,17823,918,18741,209
2021-08-22,Shasta,089,179085,15030,14478,2111,16589,216
2021-08-22,Sierra,091,2930,103,87,13,100,0
2021-08-22,Siskiyou,093,43540,2395,2261,642,2903,33
2021-08-22,Solano,095,438530,40706,38489,981,39470,283
2021-08-22,Sonoma,097,501317,36896,35676,445,36121,336
2021-08-22,Stanislaus,099,539301,65249,63683,7255,70938,1058
2021-08-22,Sutter,101,95872,11538,11251,130,11381,133
2021-08-22,Tehama,103,63373,5966,5791,787,6578,67
2021-08-22,Trinity,105,12862,593,433,143,576,3
2021-08-22,Tulare,107,460477,54996,53220,10989,64209,856
2021-08-22,Tuolumne,109,53932,5339,5214,58,5272,73
2021-08-22,Ventura,111,848112,89970,88791,3883,92674,1063
2021-08-22,Yolo,113,214977,16939,16374,750,17124,226
2021-08-22,Yuba,115,75493,7906,7626,173,7799,54
2021-08-21,Alameda,001,1643700,107340,104281,2432,106713,1294
2021-08-21,Alpine,003,1148,91,91,0,91,0
2021-08-21,Amador,005,37829,4488,4338,39,4377,50
2021-08-21,Butte,007,227075,15348,14714,2494,17208,211
2021-08-21,Calaveras,009,45235,2877,2744,19,2763,59
2021-08-21,Colusa,011,21464,2256,2192,460,2652,16
2021-08-21,Contra Costa,013,1133247,87722,84136,1743,85879,857
2021-08-21,Del Norte,015,27424,2667,2409,16,2425,8
2021-08-21,El Dorado,017,186661,13211,12590,1142,13732,118
2021-08-21,Fresno,019,978130,114910,111765,10138,121903,1759
2021-08-21,Glenn,021,27897,2767,2654,731,3385,20
2021-08-21,Humboldt,023,135768,6734,6446,164,6610,52
2021-08-21,Imperial,025,180216,30215,29976,2874,32850,748
2021-08-21,Inyo,027,18085,1517,1500,13,1513,39
2021-08-21,Kern,029,883053,106642,104443,14171,118614,1375
2021-08-21,Kings,031,150075,26085,25313,1374,26687,257
2021-08-21,Lake,033,64148,5231,5055,49,5104,69
2021-08-21,Lassen,035,31185,5672,5553,147,5700,21
2021-08-21,Los Angeles,037,10098052,1337687,1321308,49688,1370996,25080
2021-08-21,Madera,039,155013,18636,18067,1289,19356,246
2021-08-21,Marin,041,260295,16094,15775,330,16105,240
2021-08-21,Mariposa,043,17540,692,634,17,651,5
2021-08-21,Mendocino,045,87422,5584,5307,182,5489,51
2021-08-21,Merced,047,269075,34699,34148,1290,35438,488
2021-08-21,Modoc,049,8938,443,430,154,584,6
2021-08-21,Mono,051,14174,1392,1378,18,1396,3
2021-08-21,Monterey,053,433212,45544,44969,2278,47247,538
2021-08-21,Napa,055,140530,11423,11211,70,11281,85
2021-08-21,Nevada,057,99092,7156,6810,237,7047,77
2021-08-21,Orange,059,3164182,284135,279855,13186,293041,5181
2021-08-21,Placer,061,380077,29950,28289,2522,30811,314
2021-08-21,Plumas,063,18699,977,916,14,930,5
2021-08-21,Riverside,065,2383286,327218,320086,15298,335384,4594
2021-08-21,Sacramento,067,1510023,133168,127751,2763,130514,1809
2021-08-21,San Benito,069,59416,6622,6542,130,6672,64
2021-08-21,San Bernardino,071,2135413,323124,318293,9948,328241,5324
2021-08-21,San Diego,073,3302833,328389,322620,19117,341737,3848
2021-08-21,San Francisco,075,870044,46911,45637,1937,47574,573
2021-08-21,San Joaquin,077,732212,85549,82825,4449,87274,1498
2021-08-21,San Luis Obispo,079,281455,24869,24169,950,25119,273
2021-08-21,San Mateo,081,765935,48984,47685,708,48393,553
2021-08-21,Santa Barbara,083,443738,38893,37951,1349,39300,478
2021-08-21,Santa Clara,085,1922200,133154,129911,988,130899,1778
2021-08-21,Santa Cruz,087,273765,18213,17763,913,18676,209
2021-08-21,Shasta,089,179085,14956,14417,2097,16514,217
2021-08-21,Sierra,091,2930,98,85,13,98,0
2021-08-21,Siskiyou,093,43540,2381,2246,631,2877,33
2021-08-21,Solano,095,438530,40595,38423,971,39394,281
2021-08-21,Sonoma,097,501317,36809,35582,444,36026,336
2021-08-21,Stanislaus,099,539301,65067,63512,7237,70749,1058
2021-08-21,Sutter,101,95872,11493,11204,128,11332,133
2021-08-21,Tehama,103,63373,5941,5757,780,6537,67
2021-08-21,Trinity,105,12862,588,431,141,572,3
2021-08-21,Tulare,107,460477,54853,53045,10945,63990,857
2021-08-21,Tuolumne,109,53932,5308,5193,58,5251,73
2021-08-21,Ventura,111,848112,89826,88558,3868,92426,1063
2021-08-21,Yolo,113,214977,16892,16322,744,17066,226
2021-08-21,Yuba,115,75493,7860,7580,172,7752,54
2021-08-20,Alameda,001,1643700,107101,103812,2424,106236,1294
2021-08-20,Alpine,003,1148,91,91,0,91,0
2021-08-20,Amador,005,37829,4462,4323,39,4362,50
2021-08-20,Butte,007,227075,15275,14617,2473,17090,211
2021-08-20,Calaveras,009,45235,2856,2717,19,2736,59
2021-08-20,Colusa,011,21464,2251,2178,458,2636,16
2021-08-20,Contra Costa,013,1133247,87447,83721,1736,85457,857
2021-08-20,Del Norte,015,27424,2635,2316,16,2332,8
2021-08-20,El Dorado,017,186661,13173,12495,1134,13629,118
2021-08-20,Fresno,019,978130,114554,111315,10104,121419,1759
2021-08-20,Glenn,021,27897,2760,2642,721,3363,20
2021-08-20,Humboldt,023,135768,6682,6349,159,6508,52
2021-08-20,Imperial,025,180216,30192,29934,2874,32808,747
2021-08-20,Inyo,027,18085,1511,1495,13,1508,39
2021-08-20,Kern,029,883053,106358,104048,14043,118091,1373
2021-08-20,Kings,031,150075,26019,25241,1372,26613,256
2021-08-20,Lake,033,64148,5216,5024,46,5070,69
2021-08-20,Lassen,035,31185,5652,5539,147,5686,21
2021-08-20,Los Angeles,037,10098052,1335809,1317541,49587,1367128,25049
2021-08-20,Madera,039,155013,18587,18018,1274,19292,246
2021-08-20,Marin,041,260295,16076,15727,326,16053,240
2021-08-20,Mariposa,043,17540,687,630,17,647,5
2021-08-20,Mendocino,045,87422,5538,5241,181,5422,51
2021-08-20,Merced,047,269075,34635,34035,1280,35315,486
2021-08-20,Modoc,049,8938,443,429,154,583,6
2021-08-20,Mono,051,14174,1391,1368,18,1386,3
2021-08-20,Monterey,053,433212,45506,44890,2271,47161,538
2021-08-20,Napa,055,140530,11391,11152,70,11222,83
2021-08-20,Nevada,057,99092,7114,6753,231,6984,77
2021-08-20,Orange,059,3164182,283690,279193,13165,292358,5179
2021-08-20,Placer,061,380077,29855,28156,2493,30649,313
2021-08-20,Plumas,063,18699,967,908,14,922,5
2021-08-20,Riverside,065,2383286,326522,319072,15267,334339,4594
2021-08-20,Sacramento,067,1510023,132693,127226,2746,129972,1797
2021-08-20,San Benito,069,59416,6608,6508,130,6638,64
2021-08-20,San Bernardino,071,2135413,322511,317372,9919,327291,5322
2021-08-20,San Diego,073,3302833,327480,321102,19047,340149,3846
2021-08-20,San Francisco,075,870044,46814,45432,1922,47354,573
2021-08-20,San Joaquin,077,732212,85319,82419,4431,86850,1496
2021-08-20,San Luis Obispo,079,281455,24791,23986,946,24932,273
2021-08-20,San Mateo,081,765935,48871,47561,705,48266,551
2021-08-20,Santa Barbara,083,443738,38808,37794,1344,39138,477
2021-08-20,Santa Clara,085,1922200,132871,129510,983,130493,1774
2021-08-20,Santa Cruz,087,273765,18173,17701,910,18611,209
2021-08-20,Shasta,089,179085,14877,14277,2078,16355,215
2021-08-20,Sierra,091,2930,97,83,13,96,0
2021-08-20,Siskiyou,093,43540,2365,2226,626,2852,33
2021-08-20,Solano,095,438530,40455,38214,960,39174,277
2021-08-20,Sonoma,097,501317,36741,35416,443,35859,336
2021-08-20,Stanislaus,099,539301,64878,63219,7213,70432,1047
2021-08-20,Sutter,101,95872,11437,11136,127,11263,133
2021-08-20,Tehama,103,63373,5925,5730,768,6498,66
2021-08-20,Trinity,105,12862,588,422,140,562,3
2021-08-20,Tulare,107,460477,54723,52855,10902,63757,856
2021-08-20,Tuolumne,109,53932,5284,5153,57,5210,73
2021-08-20,Ventura,111,848112,89659,88285,3865,92150,1061
2021-08-20,Yolo,113,214977,16838,16236,738,16974,225
2021-08-20,Yuba,115,75493,7819,7523,172,7695,54
2021-08-19,Alameda,001,1643700,106650,103276,2402,105678,1294
2021-08-19,Alpine,003,1148,91,91,0,91,0
2021-08-19,Amador,005,37829,4455,4317,39,4356,50
2021-08-19,Butte,007,227075,15141,14518,2444,16962,211
2021-08-19,Calaveras,009,45235,2836,2673,19,2692,59
2021-08-19,Colusa,011,21464,2242,2167,453,2620,16
2021-08-19,Contra Costa,013,1133247,87009,83296,1722,85018,852
2021-08-19,Del Norte,015,27424,2585,2257,16,2273,8
2021-08-19,El Dorado,017,186661,13088,12410,1115,13525,118
2021-08-19,Fresno,019,978130,114114,110947,10050,120997,1759
2021-08-19,Glenn,021,27897,2742,2629,714,3343,20
2021-08-19,Humboldt,023,135768,6621,6246,153,6399,52
2021-08-19,Imperial,025,180216,30146,29865,2869,32734,747
2021-08-19,Inyo,027,18085,1504,1494,13,1507,39
2021-08-19,Kern,029,883053,105962,103731,13902,117633,1371
2021-08-19,Kings,031,150075,25888,25128,1360,26488,256
2021-08-19,Lake,033,64148,5184,4991,42,5033,69
2021-08-19,Lassen,035,31185,5634,5520,146,5666,21
2021-08-19,Los Angeles,037,10098052,1332828,1314453,49445,1363898,25020
2021-08-19,Madera,039,155013,18525,17947,1259,19206,246
2021-08-19,Marin,041,260295,16043,15672,323,15995,240
2021-08-19,Mariposa,043,17540,672,618,17,635,5
2021-08-19,Mendocino,045,87422,5505,5167,178,5345,51
2021-08-19,Merced,047,269075,34500,33851,1267,35118,486
2021-08-19,Modoc,049,8938,443,427,154,581,6
2021-08-19,Mono,051,14174,1387,1349,18,1367,3
2021-08-19,Monterey,053,433212,45433,44821,2261,47082,538
2021-08-19,Napa,055,140530,11339,11104,70,11174,83
2021-08-19,Nevada,057,99092,7050,6695,229,6924,77
2021-08-19,Orange,059,3164182,283055,278562,13114,291676,5172
2021-08-19,Placer,061,380077,29675,27953,2475,30428,313
2021-08-19,Plumas,063,18699,954,896,14,910,5
2021-08-19,Riverside,065,2383286,325494,318056,15238,333294,4589
2021-08-19,Sacramento,067,1510023,131989,126720,2711,129431,1801
2021-08-19,San Benito,069,59416,6590,6493,128,6621,64
2021-08-19,San Bernardino,071,2135413,321688,316398,9896,326294,5318
2021-08-19,San Diego,073,3302833,326230,319582,18949,338531,3839
2021-08-19,San Francisco,075,870044,46651,45220,1909,47129,571
2021-08-19,San Joaquin,077,732212,84874,82047,4380,86427,1491
2021-08-19,San Luis Obispo,079,281455,24653,23878,939,24817,271
2021-08-19,San Mateo,081,765935,48739,47431,703,48134,551
2021-08-19,Santa Barbara,083,443738,38663,37693,1341,39034,477
2021-08-19,Santa Clara,085,1922200,132481,129133,976,130109,1774
2021-08-19,Santa Cruz,087,273765,18110,17644,903,18547,209
2021-08-19,Shasta,089,179085,14753,14200,2055,16255,214
2021-08-19,Sierra,091,2930,93,83,13,96,0
2021-08-19,Siskiyou,093,43540,2350,2218,614,2832,33
2021-08-19,Solano,095,438530,40297,38025,948,38973,273
2021-08-19,Sonoma,097,501317,36653,35233,442,35675,336
2021-08-19,Stanislaus,099,539301,64536,62928,7169,70097,1047
2021-08-19,Sutter,101,95872,11352,11057,126,11183,133
2021-08-19,Tehama,103,63373,5889,5683,741,6424,66
2021-08-19,Trinity,105,12862,584,414,138,552,3
2021-08-19,Tulare,107,460477,54491,52685,10838,63523,856
2021-08-19,Tuolumne,109,53932,5248,5112,56,5168,64
2021-08-19,Ventura,111,848112,89456,88073,3850,91923,1060
2021-08-19,Yolo,113,214977,16753,16153,730,16883,225
2021-08-19,Yuba,115,75493,7766,7458,171,7629,51
2021-08-18,Alameda,001,1643700,106233,102696,2380,105076,1294
2021-08-18,Alpine,003,1148,90,91,0,91,0
2021-08-18,Amador,005,37829,4438,4279,38,4317,50
2021-08-18,Butte,007,227075,15031,14426,2418,16844,208
2021-08-18,Calaveras,009,45235,2799,2643,18,2661,59
2021-08-18,Colusa,011,21464,2234,2160,449,2609,16
2021-08-18,Contra Costa,013,1133247,86509,82767,1716,84483,851
2021-08-18,Del Norte,015,27424,2528,2219,16,2235,8
2021-08-18,El Dorado,017,186661,12998,12306,1101,13407,118
2021-08-18,Fresno,019,978130,113660,110523,9987,120510,1759
2021-08-18,Glenn,021,27897,2710,2623,706,3329,20
2021-08-18,Humboldt,023,135768,6550,6195,148,6343,52
2021-08-18,Imperial,025,180216,30113,29821,2867,32688,746
2021-08-18,Inyo,027,18085,1501,1494,13,1507,39
2021-08-18,Kern,029,883053,105615,103440,13807,117247,1370
2021-08-18,Kings,031,150075,25779,24984,1352,26336,256
2021-08-18,Lake,033,64148,5143,4957,41,4998,69
2021-08-18,Lassen,035,31185,5615,5506,145,5651,21
2021-08-18,Los Angeles,037,10098052,1329680,1311477,49311,1360788,24984
2021-08-18,Madera,039,155013,18465,17871,1246,19117,246
2021-08-18,Marin,041,260295,16005,15610,320,15930,240
2021-08-18,Mariposa,043,17540,659,615,16,631,5
2021-08-18,Mendocino,045,87422,5454,5129,176,5305,51
2021-08-18,Merced,047,269075,34335,33708,1256,34964,484
2021-08-18,Modoc,049,8938,443,427,153,580,6
2021-08-18,Mono,051,14174,1384,1344,18,1362,3
2021-08-18,Monterey,053,433212,45349,44735,2244,46979,532
2021-08-18,Napa,055,140530,11300,11060,69,11129,83
2021-08-18,Nevada,057,99092,6984,6633,229,6862,76
2021-08-18,Orange,059,3164182,282418,277795,13059,290854,5168
2021-08-18,Placer,061,380077,29448,27741,2447,30188,312
2021-08-18,Plumas,063,18699,945,874,14,888,5
2021-08-18,Riverside,065,2383286,324494,317107,15204,332311,4585
2021-08-18,Sacramento,067,1510023,131229,125599,2679,128278,1781
2021-08-18,San Benito,069,59416,6579,6481,127,6608,64
2021-08-18,San Bernardino,071,2135413,320887,315477,9877,325354,5304
2021-08-18,San Diego,073,3302833,324889,318152,18883,337035,3834
2021-08-18,San Francisco,075,870044,46448,44957,1899,46856,568
2021-08-18,San Joaquin,077,732212,84422,81601,4349,85950,1491
2021-08-18,San Luis Obispo,079,281455,24503,23726,926,24652,270
2021-08-18,San Mateo,081,765935,48575,47255,702,47957,551
2021-08-18,Santa Barbara,083,443738,38532,37599,1335,38934,475
2021-08-18,Santa Clara,085,1922200,132118,128563,973,129536,1773
2021-08-18,Santa Cruz,087,273765,18055,17566,899,18465,209
2021-08-18,Shasta,089,179085,14654,14087,2036,16123,213
2021-08-18,Sierra,091,2930,92,83,13,96,0
2021-08-18,Siskiyou,093,43540,2321,2204,602,2806,33
2021-08-18,Solano,095,438530,40091,37812,933,38745,271
2021-08-18,Sonoma,097,501317,36509,35063,441,35504,333
2021-08-18,Stanislaus,099,539301,64206,62613,7125,69738,1047
2021-08-18,Sutter,101,95872,11280,11004,121,11125,130
2021-08-18,Tehama,103,63373,5854,5653,731,6384,66
2021-08-18,Trinity,105,12862,577,409,135,544,3
2021-08-18,Tulare,107,460477,54251,52486,10769,63255,856
2021-08-18,Tuolumne,109,53932,5212,5081,54,5135,64
2021-08-18,Ventura,111,848112,89224,87835,3840,91675,1055
2021-08-18,Yolo,113,214977,16670,16047,711,16758,225
2021-08-18,Yuba,115,75493,7701,7391,171,7562,51
2021-08-17,Alameda,001,1643700,105833,102379,2365,104744,1290
2021-08-17,Alpine,003,1148,90,91,0,91,0
2021-08-17,Amador,005,37829,4409,4266,38,4304,50
2021-08-17,Butte,007,227075,14924,14357,2384,16741,206
2021-08-17,Calaveras,009,45235,2765,2624,18,2642,59
2021-08-17,Colusa,011,21464,2225,2156,445,2601,16
2021-08-17,Contra Costa,013,1133247,86063,82482,1705,84187,848
2021-08-17,Del Norte,015,27424,2474,2188,16,2204,8
2021-08-17,El Dorado,017,186661,12910,12242,1087,13329,118
2021-08-17,Fresno,019,978130,113176,110263,9922,120185,1755
2021-08-17,Glenn,021,27897,2696,2608,697,3305,20
2021-08-17,Humboldt,023,135768,6470,6155,146,6301,52
2021-08-17,Imperial,025,180216,30062,29768,2863,32631,746
2021-08-17,Inyo,027,18085,1498,1492,13,1505,39
2021-08-17,Kern,029,883053,105221,103048,13683,116731,1367
2021-08-17,Kings,031,150075,25673,24930,1341,26271,254
2021-08-17,Lake,033,64148,5100,4930,35,4965,68
2021-08-17,Lassen,035,31185,5598,5499,143,5642,21
2021-08-17,Los Angeles,037,10098052,1326127,1307999,49180,1357179,24952
2021-08-17,Madera,039,155013,18391,17838,1226,19064,246
2021-08-17,Marin,041,260295,15949,15570,320,15890,240
2021-08-17,Mariposa,043,17540,651,609,15,624,5
2021-08-17,Mendocino,045,87422,5399,5097,176,5273,51
2021-08-17,Merced,047,269075,34185,33508,1246,34754,482
2021-08-17,Modoc,049,8938,440,424,151,575,6
2021-08-17,Mono,051,14174,1379,1341,18,1359,3
2021-08-17,Monterey,053,433212,45265,44672,2234,46906,528
2021-08-17,Napa,055,140530,11259,11007,68,11075,83
2021-08-17,Nevada,057,99092,6909,6605,227,6832,75
2021-08-17,Orange,059,3164182,281771,277121,13023,290144,5164
2021-08-17,Placer,061,380077,29233,27634,2418,30052,312
2021-08-17,Plumas,063,18699,933,860,14,874,5
2021-08-17,Riverside,065,2383286,323482,316051,15161,331212,4582
2021-08-17,Sacramento,067,1510023,130436,125151,2636,127787,1774
2021-08-17,San Benito,069,59416,6560,6470,127,6597,64
2021-08-17,San Bernardino,071,2135413,319950,314402,9837,324239,5302
2021-08-17,San Diego,073,3302833,323278,317058,18785,335843,3824
2021-08-17,San Francisco,075,870044,46248,44820,1893,46713,567
2021-08-17,San Joaquin,077,732212,83953,81300,4316,85616,1489
2021-08-17,San Luis Obispo,079,281455,24347,23556,923,24479,268
2021-08-17,San Mateo,081,765935,48420,47127,697,47824,551
2021-08-17,Santa Barbara,083,443738,38373,37478,1328,38806,475
2021-08-17,Santa Clara,085,1922200,131715,128354,966,129320,1773
2021-08-17,Santa Cruz,087,273765,17970,17528,898,18426,209
2021-08-17,Shasta,089,179085,14523,14012,2017,16029,214
2021-08-17,Sierra,091,2930,91,82,13,95,0
2021-08-17,Siskiyou,093,43540,2305,2183,589,2772,33
2021-08-17,Solano,095,438530,39862,37662,920,38582,269
2021-08-17,Sonoma,097,501317,36361,34943,437,35380,333
2021-08-17,Stanislaus,099,539301,63866,62385,7065,69450,1047
2021-08-17,Sutter,101,95872,11208,10973,121,11094,130
2021-08-17,Tehama,103,63373,5820,5612,709,6321,66
2021-08-17,Trinity,105,12862,572,406,132,538,3
2021-08-17,Tulare,107,460477,53983,52362,10703,63065,856
2021-08-17,Tuolumne,109,53932,5169,5042,53,5095,64
2021-08-17,Ventura,111,848112,88986,87601,3819,91420,1053
2021-08-17,Yolo,113,214977,16581,15975,697,16672,225
2021-08-17,Yuba,115,75493,7630,7355,171,7526,51
2021-08-16,Alameda,001,1643700,105328,102052,2356,104408,1287
2021-08-16,Alpine,003,1148,90,91,0,91,0
2021-08-16,Amador,005,37829,4399,4235,38,4273,50
2021-08-16,Butte,007,227075,14806,14283,2350,16633,206
2021-08-16,Calaveras,009,45235,2705,2609,17,2626,57
2021-08-16,Colusa,011,21464,2214,2147,441,2588,16
2021-08-16,Contra Costa,013,1133247,85520,82070,1695,83765,848
2021-08-16,Del Norte,015,27424,2397,2125,16,2141,8
2021-08-16,El Dorado,017,186661,12809,12139,1074,13213,118
2021-08-16,Fresno,019,978130,112678,109623,9870,119493,1753
2021-08-16,Glenn,021,27897,2677,2593,691,3284,20
2021-08-16,Humboldt,023,135768,6399,6064,125,6189,52
2021-08-16,Imperial,025,180216,30021,29737,2848,32585,746
2021-08-16,Inyo,027,18085,1495,1490,13,1503,39
2021-08-16,Kern,029,883053,104846,102690,13567,116257,1367
2021-08-16,Kings,031,150075,25570,24817,1331,26148,254
2021-08-16,Lake,033,64148,5073,4898,34,4932,68
2021-08-16,Lassen,035,31185,5582,5481,135,5616,21
2021-08-16,Los Angeles,037,10098052,1322745,1305330,49035,1354365,24923
2021-08-16,Madera,039,155013,18316,17756,1205,18961,246
2021-08-16,Marin,041,260295,15890,15497,319,15816,239
2021-08-16,Mariposa,043,17540,634,597,15,612,5
2021-08-16,Mendocino,045,87422,5343,5037,174,5211,49
2021-08-16,Merced,047,269075,33984,33364,1233,34597,481
2021-08-16,Modoc,049,8938,438,421,150,571,5
2021-08-16,Mono,051,14174,1374,1339,18,1357,3
2021-08-16,Monterey,053,433212,45186,44595,2222,46817,527
2021-08-16,Napa,055,140530,11230,10946,68,11014,83
2021-08-16,Nevada,057,99092,6854,6535,226,6761,74
2021-08-16,Orange,059,3164182,280977,275985,12977,288962,5161
2021-08-16,Placer,061,380077,29050,27384,2385,29769,306
2021-08-16,Plumas,063,18699,922,851,14,865,5
2021-08-16,Riverside,065,2383286,322391,314774,15124,329898,4582
2021-08-16,Sacramento,067,1510023,129626,124554,2593,127147,1762
2021-08-16,San Benito,069,59416,6536,6452,127,6579,64
2021-08-16,San Bernardino,071,2135413,318987,313617,9810,323427,5301
2021-08-16,San Diego,073,3302833,321681,315348,18645,333993,3824
2021-08-16,San Francisco,075,870044,46044,44681,1885,46566,567
2021-08-16,San Joaquin,077,732212,83450,81087,4289,85376,1488
2021-08-16,San Luis Obispo,079,281455,24197,23452,915,24367,265
2021-08-16,San Mateo,081,765935,48237,47024,690,47714,548
2021-08-16,Santa Barbara,083,443738,38202,37358,1323,38681,475
2021-08-16,Santa Clara,085,1922200,131251,127978,962,128940,1773
2021-08-16,Santa Cruz,087,273765,17906,17491,892,18383,209
2021-08-16,Shasta,089,179085,14434,13862,2001,15863,211
2021-08-16,Sierra,091,2930,88,82,13,95,0
2021-08-16,Siskiyou,093,43540,2288,2169,569,2738,33
2021-08-16,Solano,095,438530,39581,37436,906,38342,263
2021-08-16,Sonoma,097,501317,36193,34844,435,35279,333
2021-08-16,Stanislaus,099,539301,63527,62033,7013,69046,1039
2021-08-16,Sutter,101,95872,11139,10902,120,11022,130
2021-08-16,Tehama,103,63373,5757,5565,704,6269,66
2021-08-16,Trinity,105,12862,566,400,131,531,3
2021-08-16,Tulare,107,460477,53740,52162,10633,62795,856
2021-08-16,Tuolumne,109,53932,5130,4984,52,5036,64
2021-08-16,Ventura,111,848112,88741,86954,3801,90755,1052
2021-08-16,Yolo,113,214977,16480,15922,689,16611,225
2021-08-16,Yuba,115,75493,7546,7314,170,7484,51
2021-08-15,Alameda,001,1643700,104832,101660,2339,103999,1287
2021-08-15,Alpine,003,1148,90,91,0,91,0
2021-08-15,Amador,005,37829,4371,4231,38,4269,49
2021-08-15,Butte,007,227075,14682,14263,2327,16590,206
2021-08-15,Calaveras,009,45235,2662,2599,17,2616,57
2021-08-15,Colusa,011,21464,2202,2140,431,2571,16
2021-08-15,Contra Costa,013,1133247,85038,81781,1680,83461,848
2021-08-15,Del Norte,015,27424,2330,2060,16,2076,8
2021-08-15,El Dorado,017,186661,12674,12057,1057,13114,118
2021-08-15,Fresno,019,978130,112198,109382,9804,119186,1753
2021-08-15,Glenn,021,27897,2654,2592,679,3271,20
2021-08-15,Humboldt,023,135768,6325,6024,119,6143,52
2021-08-15,Imperial,025,180216,29955,29711,2844,32555,746
2021-08-15,Inyo,027,18085,1494,1489,13,1502,39
2021-08-15,Kern,029,883053,104402,102524,13454,115978,1367
2021-08-15,Kings,031,150075,25425,24736,1321,26057,254
2021-08-15,Lake,033,64148,5014,4886,33,4919,68
2021-08-15,Lassen,035,31185,5565,5482,134,5616,21
2021-08-15,Los Angeles,037,10098052,1319213,1302882,48863,1351745,24918
2021-08-15,Madera,039,155013,18228,17714,1189,18903,246
2021-08-15,Marin,041,260295,15831,15461,317,15778,239
2021-08-15,Mariposa,043,17540,627,591,14,605,5
2021-08-15,Mendocino,045,87422,5287,5022,168,5190,49
2021-08-15,Merced,047,269075,33739,33305,1222,34527,481
2021-08-15,Modoc,049,8938,436,421,150,571,5
2021-08-15,Mono,051,14174,1370,1334,18,1352,3
2021-08-15,Monterey,053,433212,45064,44567,2200,46767,527
2021-08-15,Napa,055,140530,11175,10919,68,10987,83
2021-08-15,Nevada,057,99092,6769,6486,226,6712,74
2021-08-15,Orange,059,3164182,280206,275447,12936,288383,5161
2021-08-15,Placer,061,380077,28828,27220,2337,29557,306
2021-08-15,Plumas,063,18699,910,850,14,864,5
2021-08-15,Riverside,065,2383286,321252,314133,15097,329230,4582
2021-08-15,Sacramento,067,1510023,128809,123924,2561,126485,1761
2021-08-15,San Benito,069,59416,6518,6446,126,6572,64
2021-08-15,San Bernardino,071,2135413,317912,313120,9779,322899,5301
2021-08-15,San Diego,073,3302833,320211,314247,18518,332765,3824
2021-08-15,San Francisco,075,870044,45820,44531,1868,46399,567
2021-08-15,San Joaquin,077,732212,82962,80832,4250,85082,1488
2021-08-15,San Luis Obispo,079,281455,24000,23404,905,24309,265
2021-08-15,San Mateo,081,765935,48049,46897,684,47581,548
2021-08-15,Santa Barbara,083,443738,38030,37276,1316,38592,475
2021-08-15,Santa Clara,085,1922200,130818,127715,956,128671,1773
2021-08-15,Santa Cruz,087,273765,17836,17440,885,18325,209
2021-08-15,Shasta,089,179085,14331,13835,1976,15811,211
2021-08-15,Sierra,091,2930,87,82,12,94,0
2021-08-15,Siskiyou,093,43540,2267,2169,555,2724,33
2021-08-15,Solano,095,438530,39325,37320,895,38215,263
2021-08-15,Sonoma,097,501317,35997,34706,427,35133,333
2021-08-15,Stanislaus,099,539301,63159,61795,6935,68730,1039
2021-08-15,Sutter,101,95872,11048,10863,120,10983,130
2021-08-15,Tehama,103,63373,5708,5550,698,6248,66
2021-08-15,Trinity,105,12862,562,400,130,530,3
2021-08-15,Tulare,107,460477,53483,52046,10573,62619,856
2021-08-15,Tuolumne,109,53932,5092,4934,50,4984,64
2021-08-15,Ventura,111,848112,88436,86797,3787,90584,1052
2021-08-15,Yolo,113,214977,16384,15873,679,16552,225
2021-08-15,Yuba,115,75493,7469,7265,169,7434,51
2021-08-14,Alameda,001,1643700,104615,101305,2335,103640,1287
2021-08-14,Alpine,003,1148,90,91,0,91,0
2021-08-14,Amador,005,37829,4353,4206,38,4244,49
2021-08-14,Butte,007,227075,14646,14192,2311,16503,206
2021-08-14,Calaveras,009,45235,2655,2579,17,2596,57
2021-08-14,Colusa,011,21464,2191,2134,427,2561,16
2021-08-14,Contra Costa,013,1133247,84790,81458,1672,83130,848
2021-08-14,Del Norte,015,27424,2303,2015,16,2031,8
2021-08-14,El Dorado,017,186661,12638,12019,1049,13068,118
2021-08-14,Fresno,019,978130,112037,109056,9774,118830,1753
2021-08-14,Glenn,021,27897,2643,2583,676,3259,20
2021-08-14,Humboldt,023,135768,6272,5998,115,6113,52
2021-08-14,Imperial,025,180216,29928,29671,2844,32515,746
2021-08-14,Inyo,027,18085,1492,1487,13,1500,39
2021-08-14,Kern,029,883053,104207,102306,13358,115664,1367
2021-08-14,Kings,031,150075,25327,24647,1312,25959,254
2021-08-14,Lake,033,64148,4997,4850,32,4882,68
2021-08-14,Lassen,035,31185,5558,5475,133,5608,21
2021-08-14,Los Angeles,037,10098052,1317440,1299346,48723,1348069,24911
2021-08-14,Madera,039,155013,18181,17691,1184,18875,246
2021-08-14,Marin,041,260295,15797,15441,317,15758,239
2021-08-14,Mariposa,043,17540,623,584,14,598,5
2021-08-14,Mendocino,045,87422,5251,4977,165,5142,49
2021-08-14,Merced,047,269075,33675,33234,1216,34450,481
2021-08-14,Modoc,049,8938,436,421,150,571,5
2021-08-14,Mono,051,14174,1365,1332,18,1350,3
2021-08-14,Monterey,053,433212,45019,44514,2197,46711,527
2021-08-14,Napa,055,140530,11145,10878,67,10945,83
2021-08-14,Nevada,057,99092,6734,6419,225,6644,74
2021-08-14,Orange,059,3164182,279772,274732,12908,287640,5161
2021-08-14,Placer,061,380077,28682,27115,2313,29428,306
2021-08-14,Plumas,063,18699,900,849,14,863,5
2021-08-14,Riverside,065,2383286,320536,313264,15076,328340,4582
2021-08-14,Sacramento,067,1510023,128315,123438,2543,125981,1758
2021-08-14,San Benito,069,59416,6505,6428,126,6554,64
2021-08-14,San Bernardino,071,2135413,317362,312142,9758,321900,5301
2021-08-14,San Diego,073,3302833,319540,313589,18450,332039,3824
2021-08-14,San Francisco,075,870044,45691,44353,1849,46202,567
2021-08-14,San Joaquin,077,732212,82746,80585,4235,84820,1488
2021-08-14,San Luis Obispo,079,281455,23939,23328,902,24230,265
2021-08-14,San Mateo,081,765935,47930,46792,680,47472,548
2021-08-14,Santa Barbara,083,443738,37936,37118,1313,38431,475
2021-08-14,Santa Clara,085,1922200,130539,127432,953,128385,1772
2021-08-14,Santa Cruz,087,273765,17797,17384,884,18268,209
2021-08-14,Shasta,089,179085,14256,13813,1955,15768,211
2021-08-14,Sierra,091,2930,86,81,12,93,0
2021-08-14,Siskiyou,093,43540,2257,2160,545,2705,33
2021-08-14,Solano,095,438530,39238,37237,883,38120,263
2021-08-14,Sonoma,097,501317,35874,34606,425,35031,333
2021-08-14,Stanislaus,099,539301,62985,61564,6890,68454,1039
2021-08-14,Sutter,101,95872,11003,10808,119,10927,130
2021-08-14,Tehama,103,63373,5684,5530,694,6224,66
2021-08-14,Trinity,105,12862,556,399,130,529,3
2021-08-14,Tulare,107,460477,53347,51951,10527,62478,856
2021-08-14,Tuolumne,109,53932,5057,4924,50,4974,64
2021-08-14,Ventura,111,848112,88280,86569,3767,90336,1052
2021-08-14,Yolo,113,214977,16339,15815,669,16484,225
2021-08-14,Yuba,115,75493,7420,7223,169,7392,51
2021-08-13,Alameda,001,1643700,104318,100930,2327,103257,1284
2021-08-13,Alpine,003,1148,90,91,0,91,0
2021-08-13,Amador,005,37829,4325,4169,38,4207,49
2021-08-13,Butte,007,227075,14576,14100,2295,16395,206
2021-08-13,Calaveras,009,45235,2648,2564,17,2581,57
2021-08-13,Colusa,011,21464,2184,2123,422,2545,16
2021-08-13,Contra Costa,013,1133247,84478,81046,1664,82710,848
2021-08-13,Del Norte,015,27424,2262,1973,16,1989,8
2021-08-13,El Dorado,017,186661,12598,11951,1037,12988,118
2021-08-13,Fresno,019,978130,111745,108638,9750,118388,1753
2021-08-13,Glenn,021,27897,2632,2574,672,3246,20
2021-08-13,Humboldt,023,135768,6225,5882,112,5994,52
2021-08-13,Imperial,025,180216,29901,29654,2843,32497,745
2021-08-13,Inyo,027,18085,1491,1484,13,1497,39
2021-08-13,Kern,029,883053,103998,102029,13249,115278,1364
2021-08-13,Kings,031,150075,25242,24531,1305,25836,253
2021-08-13,Lake,033,64148,4974,4811,31,4842,68
2021-08-13,Lassen,035,31185,5550,5455,132,5587,21
2021-08-13,Los Angeles,037,10098052,1315121,1295406,48585,1343991,24891
2021-08-13,Madera,039,155013,18132,17614,1175,18789,246
2021-08-13,Marin,041,260295,15766,15380,317,15697,239
2021-08-13,Mariposa,043,17540,617,577,14,591,5
2021-08-13,Mendocino,045,87422,5198,4924,163,5087,49
2021-08-13,Merced,047,269075,33628,33111,1210,34321,480
2021-08-13,Modoc,049,8938,435,421,149,570,5
2021-08-13,Mono,051,14174,1362,1331,18,1349,3
2021-08-13,Monterey,053,433212,44959,44450,2195,46645,527
2021-08-13,Napa,055,140530,11109,10830,67,10897,83
2021-08-13,Nevada,057,99092,6693,6356,224,6580,74
2021-08-13,Orange,059,3164182,279277,274004,12859,286863,5159
2021-08-13,Placer,061,380077,28582,26987,2286,29273,306
2021-08-13,Plumas,063,18699,886,842,14,856,5
2021-08-13,Riverside,065,2383286,319798,312408,15051,327459,4581
2021-08-13,Sacramento,067,1510023,127845,122868,2516,125384,1758
2021-08-13,San Benito,069,59416,6499,6422,124,6546,64
2021-08-13,San Bernardino,071,2135413,316694,311378,9739,321117,5301
2021-08-13,San Diego,073,3302833,318494,312293,18371,330664,3821
2021-08-13,San Francisco,075,870044,45555,44196,1826,46022,567
2021-08-13,San Joaquin,077,732212,82529,80232,4219,84451,1481
2021-08-13,San Luis Obispo,079,281455,23876,23226,899,24125,265
2021-08-13,San Mateo,081,765935,47811,46660,679,47339,548
2021-08-13,Santa Barbara,083,443738,37851,37023,1309,38332,474
2021-08-13,Santa Clara,085,1922200,130252,126958,947,127905,1769
2021-08-13,Santa Cruz,087,273765,17757,17332,877,18209,209
2021-08-13,Shasta,089,179085,14193,13698,1941,15639,211
2021-08-13,Sierra,091,2930,85,81,12,93,0
2021-08-13,Siskiyou,093,43540,2248,2147,541,2688,33
2021-08-13,Solano,095,438530,39104,37104,875,37979,264
2021-08-13,Sonoma,097,501317,35769,34464,425,34889,333
2021-08-13,Stanislaus,099,539301,62814,61294,6847,68141,1039
2021-08-13,Sutter,101,95872,10959,10751,118,10869,130
2021-08-13,Tehama,103,63373,5660,5496,692,6188,66
2021-08-13,Trinity,105,12862,552,392,130,522,3
2021-08-13,Tulare,107,460477,53243,51770,10452,62222,856
2021-08-13,Tuolumne,109,53932,5024,4899,49,4948,64
2021-08-13,Ventura,111,848112,88122,86368,3754,90122,1052
2021-08-13,Yolo,113,214977,16285,15761,659,16420,225
2021-08-13,Yuba,115,75493,7382,7184,169,7353,51
2021-08-12,Alameda,001,1643700,103824,100472,2314,102786,1284
2021-08-12,Alpine,003,1148,90,91,0,91,0
2021-08-12,Amador,005,37829,4295,4161,37,4198,49
2021-08-12,Butte,007,227075,14506,14006,2277,16283,206
2021-08-12,Calaveras,009,45235,2633,2531,17,2548,57
2021-08-12,Colusa,011,21464,2179,2111,421,2532,17
2021-08-12,Contra Costa,013,1133247,83996,80738,1649,82387,846
2021-08-12,Del Norte,015,27424,2190,1923,16,1939,8
2021-08-12,El Dorado,017,186661,12484,11880,1028,12908,118
2021-08-12,Fresno,019,978130,111323,108193,9682,117875,1753
2021-08-12,Glenn,021,27897,2624,2559,660,3219,20
2021-08-12,Humboldt,023,135768,6156,5845,108,5953,52
2021-08-12,Imperial,025,180216,29845,29585,2837,32422,745
2021-08-12,Inyo,027,18085,1489,1483,13,1496,39
2021-08-12,Kern,029,883053,103709,101698,13169,114867,1364
2021-08-12,Kings,031,150075,25142,24423,1296,25719,252
2021-08-12,Lake,033,64148,4948,4774,31,4805,68
2021-08-12,Lassen,035,31185,5528,5428,131,5559,21
2021-08-12,Los Angeles,037,10098052,1311933,1291875,48450,1340325,24874
2021-08-12,Madera,039,155013,18068,17564,1163,18727,246
2021-08-12,Marin,041,260295,15717,15277,314,15591,239
2021-08-12,Mariposa,043,17540,608,568,13,581,5
2021-08-12,Mendocino,045,87422,5168,4873,157,5030,49
2021-08-12,Merced,047,269075,33504,32960,1203,34163,480
2021-08-12,Modoc,049,8938,434,423,149,572,5
2021-08-12,Mono,051,14174,1357,1325,18,1343,3
2021-08-12,Monterey,053,433212,44883,44383,2178,46561,527
2021-08-12,Napa,055,140530,11060,10780,66,10846,83
2021-08-12,Nevada,057,99092,6632,6283,224,6507,74
2021-08-12,Orange,059,3164182,278599,273167,12801,285968,5158
2021-08-12,Placer,061,380077,28384,26856,2263,29119,306
2021-08-12,Plumas,063,18699,878,829,14,843,5
2021-08-12,Riverside,065,2383286,318788,311304,15018,326322,4575
2021-08-12,Sacramento,067,1510023,127074,122222,2486,124708,1758
2021-08-12,San Benito,069,59416,6482,6398,122,6520,64
2021-08-12,San Bernardino,071,2135413,315818,310420,9710,320130,5297
2021-08-12,San Diego,073,3302833,317125,310596,18282,328878,3821
2021-08-12,San Francisco,075,870044,45348,43774,1813,45587,564
2021-08-12,San Joaquin,077,732212,82133,79945,4196,84141,1479
2021-08-12,San Luis Obispo,079,281455,23776,23101,885,23986,264
2021-08-12,San Mateo,081,765935,47667,46435,676,47111,548
2021-08-12,Santa Barbara,083,443738,37714,36881,1301,38182,473
2021-08-12,Santa Clara,085,1922200,129803,126614,941,127555,1769
2021-08-12,Santa Cruz,087,273765,17693,17261,876,18137,209
2021-08-12,Shasta,089,179085,14107,13621,1914,15535,211
2021-08-12,Sierra,091,2930,85,81,12,93,0
2021-08-12,Siskiyou,093,43540,2241,2134,531,2665,33
2021-08-12,Solano,095,438530,38875,36980,866,37846,262
2021-08-12,Sonoma,097,501317,35621,34299,422,34721,333
2021-08-12,Stanislaus,099,539301,62550,61026,6788,67814,1039
2021-08-12,Sutter,101,95872,10898,10695,116,10811,130
2021-08-12,Tehama,103,63373,5630,5462,683,6145,66
2021-08-12,Trinity,105,12862,548,386,129,515,3
2021-08-12,Tulare,107,460477,53097,51632,10403,62035,856
2021-08-12,Tuolumne,109,53932,4977,4845,47,4892,64
2021-08-12,Ventura,111,848112,87884,86106,3730,89836,1052
2021-08-12,Yolo,113,214977,16213,15686,646,16332,224
2021-08-12,Yuba,115,75493,7334,7128,168,7296,51
2021-08-11,Alameda,001,1643700,103306,100040,2310,102350,1281
2021-08-11,Alpine,003,1148,90,91,0,91,0
2021-08-11,Amador,005,37829,4271,4127,37,4164,49
2021-08-11,Butte,007,227075,14406,13905,2252,16157,206
2021-08-11,Calaveras,009,45235,2611,2505,17,2522,57
2021-08-11,Colusa,011,21464,2169,2101,419,2520,16
2021-08-11,Contra Costa,013,1133247,83496,80275,1631,81906,843
2021-08-11,Del Norte,015,27424,2131,1893,16,1909,8
2021-08-11,El Dorado,017,186661,12373,11799,1016,12815,119
2021-08-11,Fresno,019,978130,110869,107773,9635,117408,1751
2021-08-11,Glenn,021,27897,2615,2547,650,3197,20
2021-08-11,Humboldt,023,135768,6109,5765,107,5872,52
2021-08-11,Imperial,025,180216,29802,29565,2833,32398,745
2021-08-11,Inyo,027,18085,1489,1483,13,1496,39
2021-08-11,Kern,029,883053,103395,101448,13059,114507,1363
2021-08-11,Kings,031,150075,25029,24304,1287,25591,250
2021-08-11,Lake,033,64148,4911,4713,30,4743,68
2021-08-11,Lassen,035,31185,5519,5408,129,5537,21
2021-08-11,Los Angeles,037,10098052,1308610,1288238,48262,1336500,24851
2021-08-11,Madera,039,155013,18018,17511,1152,18663,245
2021-08-11,Marin,041,260295,15668,15235,314,15549,239
2021-08-11,Mariposa,043,17540,598,554,12,566,5
2021-08-11,Mendocino,045,87422,5099,4796,148,4944,49
2021-08-11,Merced,047,269075,33371,32802,1199,34001,479
2021-08-11,Modoc,049,8938,434,421,149,570,5
2021-08-11,Mono,051,14174,1352,1320,18,1338,3
2021-08-11,Monterey,053,433212,44784,44314,2160,46474,527
2021-08-11,Napa,055,140530,11019,10732,66,10798,83
2021-08-11,Nevada,057,99092,6578,6172,221,6393,74
2021-08-11,Orange,059,3164182,277742,272212,12754,284966,5155
2021-08-11,Placer,061,380077,28172,26687,2237,28924,305
2021-08-11,Plumas,063,18699,868,824,14,838,5
2021-08-11,Riverside,065,2383286,317795,310265,14983,325248,4570
2021-08-11,Sacramento,067,1510023,126281,121603,2447,124050,1757
2021-08-11,San Benito,069,59416,6469,6381,122,6503,64
2021-08-11,San Bernardino,071,2135413,314925,309498,9688,319186,5296
2021-08-11,San Diego,073,3302833,315655,309406,18178,327584,3818
2021-08-11,San Francisco,075,870044,45123,43555,1805,45360,564
2021-08-11,San Joaquin,077,732212,81726,79641,4168,83809,1478
2021-08-11,San Luis Obispo,079,281455,23672,22920,878,23798,264
2021-08-11,San Mateo,081,765935,47499,46300,673,46973,548
2021-08-11,Santa Barbara,083,443738,37550,36699,1292,37991,472
2021-08-11,Santa Clara,085,1922200,129322,126301,933,127234,1769
2021-08-11,Santa Cruz,087,273765,17628,17191,873,18064,209
2021-08-11,Shasta,089,179085,14033,13546,1898,15444,211
2021-08-11,Sierra,091,2930,84,81,12,93,0
2021-08-11,Siskiyou,093,43540,2227,2124,524,2648,33
2021-08-11,Solano,095,438530,38640,36862,852,37714,262
2021-08-11,Sonoma,097,501317,35442,34188,417,34605,333
2021-08-11,Stanislaus,099,539301,62220,60767,6758,67525,1037
2021-08-11,Sutter,101,95872,10826,10628,116,10744,130
2021-08-11,Tehama,103,63373,5600,5410,666,6076,66
2021-08-11,Trinity,105,12862,546,385,129,514,3
2021-08-11,Tulare,107,460477,52929,51464,10358,61822,854
2021-08-11,Tuolumne,109,53932,4945,4794,47,4841,64
2021-08-11,Ventura,111,848112,87632,85863,3709,89572,1051
2021-08-11,Yolo,113,214977,16138,15593,630,16223,218
2021-08-11,Yuba,115,75493,7275,7063,167,7230,53
2021-08-10,Alameda,001,1643700,102828,99771,2302,102073,1281
2021-08-10,Alpine,003,1148,90,91,0,91,0
2021-08-10,Amador,005,37829,4255,4093,37,4130,49
2021-08-10,Butte,007,227075,14323,13853,2231,16084,205
2021-08-10,Calaveras,009,45235,2586,2491,15,2506,57
2021-08-10,Colusa,011,21464,2156,2088,410,2498,16
2021-08-10,Contra Costa,013,1133247,82952,80018,1621,81639,840
2021-08-10,Del Norte,015,27424,2087,1870,16,1886,8
2021-08-10,El Dorado,017,186661,12272,11734,1005,12739,117
2021-08-10,Fresno,019,978130,110413,107616,9579,117195,1747
2021-08-10,Glenn,021,27897,2602,2538,640,3178,20
2021-08-10,Humboldt,023,135768,6055,5718,104,5822,52
2021-08-10,Imperial,025,180216,29767,29522,2827,32349,745
2021-08-10,Inyo,027,18085,1489,1482,13,1495,39
2021-08-10,Kern,029,883053,103066,101254,12963,114217,1359
2021-08-10,Kings,031,150075,24903,24252,1271,25523,251
2021-08-10,Lake,033,64148,4870,4700,30,4730,67
2021-08-10,Lassen,035,31185,5501,5401,129,5530,21
2021-08-10,Los Angeles,037,10098052,1304859,1285140,48090,1333230,24821
2021-08-10,Madera,039,155013,17945,17481,1142,18623,245
2021-08-10,Marin,041,260295,15621,15194,314,15508,239
2021-08-10,Mariposa,043,17540,585,550,12,562,5
2021-08-10,Mendocino,045,87422,5054,4775,144,4919,49
2021-08-10,Merced,047,269075,33224,32721,1190,33911,477
2021-08-10,Modoc,049,8938,433,421,149,570,5
2021-08-10,Mono,051,14174,1347,1320,18,1338,3
2021-08-10,Monterey,053,433212,44722,44259,2145,46404,527
2021-08-10,Napa,055,140530,10963,10703,65,10768,83
2021-08-10,Nevada,057,99092,6513,6151,220,6371,73
2021-08-10,Orange,059,3164182,276863,271688,12706,284394,5155
2021-08-10,Placer,061,380077,27953,26561,2195,28756,305
2021-08-10,Plumas,063,18699,859,816,14,830,5
2021-08-10,Riverside,065,2383286,316680,309529,14957,324486,4564
2021-08-10,Sacramento,067,1510023,125428,121159,2417,123576,1755
2021-08-10,San Benito,069,59416,6455,6371,122,6493,64
2021-08-10,San Bernardino,071,2135413,314002,308672,9670,318342,5295
2021-08-10,San Diego,073,3302833,314013,308288,18086,326374,3815
2021-08-10,San Francisco,075,870044,44870,43389,1790,45179,564
2021-08-10,San Joaquin,077,732212,81328,79391,4151,83542,1478
2021-08-10,San Luis Obispo,079,281455,23546,22776,876,23652,264
2021-08-10,San Mateo,081,765935,47327,46184,671,46855,548
2021-08-10,Santa Barbara,083,443738,37385,36574,1285,37859,472
2021-08-10,Santa Clara,085,1922200,128859,126019,926,126945,1770
2021-08-10,Santa Cruz,087,273765,17545,17142,871,18013,209
2021-08-10,Shasta,089,179085,13955,13461,1874,15335,211
2021-08-10,Sierra,091,2930,84,76,12,88,0
2021-08-10,Siskiyou,093,43540,2218,2088,517,2605,33
2021-08-10,Solano,095,438530,38394,36767,841,37608,262
2021-08-10,Sonoma,097,501317,35297,34054,414,34468,333
2021-08-10,Stanislaus,099,539301,61874,60605,6721,67326,1037
2021-08-10,Sutter,101,95872,10761,10569,116,10685,130
2021-08-10,Tehama,103,63373,5571,5392,661,6053,66
2021-08-10,Trinity,105,12862,546,384,129,513,3
2021-08-10,Tulare,107,460477,52764,51390,10306,61696,854
2021-08-10,Tuolumne,109,53932,4916,4780,45,4825,64
2021-08-10,Ventura,111,848112,87342,85714,3688,89402,1051
2021-08-10,Yolo,113,214977,16051,15568,620,16188,218
2021-08-10,Yuba,115,75493,7225,7028,167,7195,50
2021-08-09,Alameda,001,1643700,102271,99496,2298,101794,1276
2021-08-09,Alpine,003,1148,90,91,0,91,0
2021-08-09,Amador,005,37829,4229,4078,37,4115,48
2021-08-09,Butte,007,227075,14224,13813,2203,16016,205
2021-08-09,Calaveras,009,45235,2560,2472,15,2487,57
2021-08-09,Colusa,011,21464,2146,2075,402,2477,16
2021-08-09,Contra Costa,013,1133247,82408,79740,1609,81349,840
2021-08-09,Del Norte,015,27424,2019,1848,16,1864,8
2021-08-09,El Dorado,017,186661,12165,11672,991,12663,117
2021-08-09,Fresno,019,978130,109919,107310,9541,116851,1747
2021-08-09,Glenn,021,27897,2591,2532,628,3160,20
2021-08-09,Humboldt,023,135768,5964,5632,102,5734,52
2021-08-09,Imperial,025,180216,29722,29512,2823,32335,745
2021-08-09,Inyo,027,18085,1489,1481,13,1494,39
2021-08-09,Kern,029,883053,102754,101069,12877,113946,1359
2021-08-09,Kings,031,150075,24795,24155,1256,25411,250
2021-08-09,Lake,033,64148,4835,4670,28,4698,66
2021-08-09,Lassen,035,31185,5479,5393,128,5521,21
2021-08-09,Los Angeles,037,10098052,1300847,1282891,47882,1330773,24798
2021-08-09,Madera,039,155013,17886,17429,1122,18551,245
2021-08-09,Marin,041,260295,15568,15154,313,15467,239
2021-08-09,Mariposa,043,17540,572,545,12,557,5
2021-08-09,Mendocino,045,87422,5003,4732,136,4868,49
2021-08-09,Merced,047,269075,33078,32666,1183,33849,477
2021-08-09,Modoc,049,8938,433,419,149,568,5
2021-08-09,Mono,051,14174,1344,1337,18,1355,3
2021-08-09,Monterey,053,433212,44649,44190,2129,46319,527
2021-08-09,Napa,055,140530,10916,10679,65,10744,83
2021-08-09,Nevada,057,99092,6442,6088,219,6307,73
2021-08-09,Orange,059,3164182,275825,271036,12651,283687,5153
2021-08-09,Placer,061,380077,27730,26457,2164,28621,305
2021-08-09,Plumas,063,18699,842,803,14,817,5
2021-08-09,Riverside,065,2383286,315604,308678,14937,323615,4562
2021-08-09,Sacramento,067,1510023,124593,120812,2392,123204,1748
2021-08-09,San Benito,069,59416,6435,6359,120,6479,63
2021-08-09,San Bernardino,071,2135413,313018,308038,9646,317684,5295
2021-08-09,San Diego,073,3302833,312354,306855,17987,324842,3811
2021-08-09,San Francisco,075,870044,44624,43261,1772,45033,564
2021-08-09,San Joaquin,077,732212,80945,79198,4133,83331,1469
2021-08-09,San Luis Obispo,079,281455,23407,22695,867,23562,264
2021-08-09,San Mateo,081,765935,47155,46040,667,46707,548
2021-08-09,Santa Barbara,083,443738,37201,36474,1277,37751,470
2021-08-09,Santa Clara,085,1922200,128356,125791,917,126708,2187
2021-08-09,Santa Cruz,087,273765,17483,17082,871,17953,209
2021-08-09,Shasta,089,179085,13838,13397,1863,15260,210
2021-08-09,Sierra,091,2930,83,75,12,87,0
2021-08-09,Siskiyou,093,43540,2206,2047,501,2548,32
2021-08-09,Solano,095,438530,38118,36653,839,37492,262
2021-08-09,Sonoma,097,501317,35116,33933,412,34345,333
2021-08-09,Stanislaus,099,539301,61597,60410,6670,67080,1037
2021-08-09,Sutter,101,95872,10712,10525,113,10638,129
2021-08-09,Tehama,103,63373,5528,5373,659,6032,66
2021-08-09,Trinity,105,12862,544,378,127,505,3
2021-08-09,Tulare,107,460477,52603,51274,10241,61515,854
2021-08-09,Tuolumne,109,53932,4874,4745,45,4790,64
2021-08-09,Ventura,111,848112,87070,85514,3677,89191,1047
2021-08-09,Yolo,113,214977,15973,15521,599,16120,218
2021-08-09,Yuba,115,75493,7166,6994,167,7161,50
2021-08-08,Alameda,001,1643700,101717,99135,2292,101427,1276
2021-08-08,Alpine,003,1148,90,91,0,91,0
2021-08-08,Amador,005,37829,4195,4057,36,4093,48
2021-08-08,Butte,007,227075,14142,13791,2185,15976,205
2021-08-08,Calaveras,009,45235,2529,2462,15,2477,57
2021-08-08,Colusa,011,21464,2129,2070,395,2465,16
2021-08-08,Contra Costa,013,1133247,81884,79454,1602,81056,840
2021-08-08,Del Norte,015,27424,1973,1810,16,1826,8
2021-08-08,El Dorado,017,186661,12045,11631,980,12611,117
2021-08-08,Fresno,019,978130,109476,107078,9503,116581,1747
2021-08-08,Glenn,021,27897,2583,2527,621,3148,20
2021-08-08,Humboldt,023,135768,5876,5571,102,5673,52
2021-08-08,Imperial,025,180216,29698,29485,2813,32298,745
2021-08-08,Inyo,027,18085,1489,1481,13,1494,39
2021-08-08,Kern,029,883053,102434,100909,12765,113674,1359
2021-08-08,Kings,031,150075,24681,24095,1247,25342,250
2021-08-08,Lake,033,64148,4785,4636,27,4663,66
2021-08-08,Lassen,035,31185,5464,5391,127,5518,21
2021-08-08,Los Angeles,037,10098052,1296593,1279982,47696,1327678,24793
2021-08-08,Madera,039,155013,17807,17398,1105,18503,245
2021-08-08,Marin,041,260295,15515,15124,311,15435,239
2021-08-08,Mariposa,043,17540,568,538,12,550,5
2021-08-08,Mendocino,045,87422,4941,4702,123,4825,49
2021-08-08,Merced,047,269075,32931,32634,1174,33808,477
2021-08-08,Modoc,049,8938,432,419,148,567,5
2021-08-08,Mono,051,14174,1340,1336,18,1354,3
2021-08-08,Monterey,053,433212,44579,44171,2118,46289,527
2021-08-08,Napa,055,140530,10880,10668,65,10733,83
2021-08-08,Nevada,057,99092,6358,6009,217,6226,73
2021-08-08,Orange,059,3164182,274912,270532,12609,283141,5153
2021-08-08,Placer,061,380077,27521,26332,2123,28455,305
2021-08-08,Plumas,063,18699,833,803,14,817,5
2021-08-08,Riverside,065,2383286,314483,308042,14913,322955,4562
2021-08-08,Sacramento,067,1510023,123765,120109,2380,122489,1744
2021-08-08,San Benito,069,59416,6418,6350,119,6469,63
2021-08-08,San Bernardino,071,2135413,311872,307378,9616,316994,5295
2021-08-08,San Diego,073,3302833,311014,305983,17889,323872,3811
2021-08-08,San Francisco,075,870044,44364,43098,1749,44847,564
2021-08-08,San Joaquin,077,732212,80495,79002,4117,83119,1469
2021-08-08,San Luis Obispo,079,281455,23233,22668,859,23527,263
2021-08-08,San Mateo,081,765935,46965,45927,664,46591,548
2021-08-08,Santa Barbara,083,443738,37024,36417,1270,37687,470
2021-08-08,Santa Clara,085,1922200,127905,125553,912,126465,2187
2021-08-08,Santa Cruz,087,273765,17412,17035,866,17901,209
2021-08-08,Shasta,089,179085,13752,13381,1852,15233,210
2021-08-08,Sierra,091,2930,83,74,12,86,0
2021-08-08,Siskiyou,093,43540,2190,2041,496,2537,32
2021-08-08,Solano,095,438530,37866,36551,835,37386,262
2021-08-08,Sonoma,097,501317,34872,33805,411,34216,333
2021-08-08,Stanislaus,099,539301,61274,60269,6625,66894,1037
2021-08-08,Sutter,101,95872,10652,10481,112,10593,129
2021-08-08,Tehama,103,63373,5490,5359,656,6015,66
2021-08-08,Trinity,105,12862,539,378,127,505,3
2021-08-08,Tulare,107,460477,52424,51220,10181,61401,854
2021-08-08,Tuolumne,109,53932,4835,4731,45,4776,64
2021-08-08,Ventura,111,848112,86779,85382,3667,89049,1047
2021-08-08,Yolo,113,214977,15881,15477,592,16069,218
2021-08-08,Yuba,115,75493,7127,6967,167,7134,50
2021-08-07,Alameda,001,1643700,101467,98812,2286,101098,1276
2021-08-07,Alpine,003,1148,90,91,0,91,0
2021-08-07,Amador,005,37829,4178,4041,35,4076,48
2021-08-07,Butte,007,227075,14090,13714,2173,15887,205
2021-08-07,Calaveras,009,45235,2518,2446,15,2461,57
2021-08-07,Colusa,011,21464,2124,2067,386,2453,16
2021-08-07,Contra Costa,013,1133247,81588,79168,1599,80767,840
2021-08-07,Del Norte,015,27424,1941,1791,16,1807,8
2021-08-07,El Dorado,017,186661,11996,11575,973,12548,117
2021-08-07,Fresno,019,978130,109272,106861,9476,116337,1747
2021-08-07,Glenn,021,27897,2575,2515,620,3135,20
2021-08-07,Humboldt,023,135768,5826,5510,99,5609,52
2021-08-07,Imperial,025,180216,29679,29470,2813,32283,745
2021-08-07,Inyo,027,18085,1487,1476,13,1489,39
2021-08-07,Kern,029,883053,102276,100693,12710,113403,1359
2021-08-07,Kings,031,150075,24621,24048,1241,25289,250
2021-08-07,Lake,033,64148,4764,4613,27,4640,66
2021-08-07,Lassen,035,31185,5460,5386,127,5513,21
2021-08-07,Los Angeles,037,10098052,1294567,1276853,47544,1324397,24786
2021-08-07,Madera,039,155013,17772,17366,1100,18466,245
2021-08-07,Marin,041,260295,15481,15085,310,15395,239
2021-08-07,Mariposa,043,17540,565,530,12,542,5
2021-08-07,Mendocino,045,87422,4905,4690,121,4811,49
2021-08-07,Merced,047,269075,32867,32569,1171,33740,477
2021-08-07,Modoc,049,8938,432,419,148,567,5
2021-08-07,Mono,051,14174,1337,1329,18,1347,3
2021-08-07,Monterey,053,433212,44527,44124,2113,46237,527
2021-08-07,Napa,055,140530,10859,10658,64,10722,83
2021-08-07,Nevada,057,99092,6308,5967,215,6182,73
2021-08-07,Orange,059,3164182,274319,269900,12578,282478,5153
2021-08-07,Placer,061,380077,27333,26244,2115,28359,305
2021-08-07,Plumas,063,18699,828,801,14,815,5
2021-08-07,Riverside,065,2383286,313811,307326,14906,322232,4562
2021-08-07,Sacramento,067,1510023,123264,119636,2376,122012,1744
2021-08-07,San Benito,069,59416,6408,6332,119,6451,63
2021-08-07,San Bernardino,071,2135413,311283,306663,9599,316262,5295
2021-08-07,San Diego,073,3302833,310260,304974,17854,322828,3811
2021-08-07,San Francisco,075,870044,44193,42926,1731,44657,564
2021-08-07,San Joaquin,077,732212,80331,78769,4103,82872,1469
2021-08-07,San Luis Obispo,079,281455,23164,22579,858,23437,263
2021-08-07,San Mateo,081,765935,46837,45804,662,46466,548
2021-08-07,Santa Barbara,083,443738,36928,36303,1264,37567,470
2021-08-07,Santa Clara,085,1922200,127634,125196,907,126103,2188
2021-08-07,Santa Cruz,087,273765,17369,16994,864,17858,209
2021-08-07,Shasta,089,179085,13697,13361,1844,15205,210
2021-08-07,Sierra,091,2930,83,74,12,86,0
2021-08-07,Siskiyou,093,43540,2178,2039,494,2533,32
2021-08-07,Solano,095,438530,37750,36458,827,37285,262
2021-08-07,Sonoma,097,501317,34750,33716,411,34127,333
2021-08-07,Stanislaus,099,539301,61105,60093,6595,66688,1037
2021-08-07,Sutter,101,95872,10615,10447,112,10559,129
2021-08-07,Tehama,103,63373,5480,5343,651,5994,66
2021-08-07,Trinity,105,12862,535,377,126,503,3
2021-08-07,Tulare,107,460477,52337,51133,10143,61276,854
2021-08-07,Tuolumne,109,53932,4805,4721,45,4766,64
2021-08-07,Ventura,111,848112,86599,85232,3652,88884,1047
2021-08-07,Yolo,113,214977,15837,15423,585,16008,218
2021-08-07,Yuba,115,75493,7102,6937,165,7102,50
2021-08-06,Alameda,001,1643700,101138,98487,2278,100765,1275
2021-08-06,Alpine,003,1148,90,91,0,91,0
2021-08-06,Amador,005,37829,4157,4002,35,4037,48
2021-08-06,Butte,007,227075,14040,13626,2158,15784,205
2021-08-06,Calaveras,009,45235,2506,2419,15,2434,57
2021-08-06,Colusa,011,21464,2117,2045,380,2425,16
2021-08-06,Contra Costa,013,1133247,81293,78796,1593,80389,840
2021-08-06,Del Norte,015,27424,1914,1755,15,1770,8
2021-08-06,El Dorado,017,186661,11946,11498,961,12459,117
2021-08-06,Fresno,019,978130,109008,106542,9449,115991,1747
2021-08-06,Glenn,021,27897,2560,2504,617,3121,20
2021-08-06,Humboldt,023,135768,5775,5421,96,5517,52
2021-08-06,Imperial,025,180216,29668,29404,2809,32213,745
2021-08-06,Inyo,027,18085,1484,1471,13,1484,39
2021-08-06,Kern,029,883053,102099,100427,12625,113052,1359
2021-08-06,Kings,031,150075,24566,23974,1237,25211,250
2021-08-06,Lake,033,64148,4741,4557,27,4584,66
2021-08-06,Lassen,035,31185,5438,5368,127,5495,21
2021-08-06,Los Angeles,037,10098052,1292082,1273081,47391,1320472,24772
2021-08-06,Madera,039,155013,17733,17324,1091,18415,245
2021-08-06,Marin,041,260295,15448,15051,310,15361,239
2021-08-06,Mariposa,043,17540,556,511,12,523,5
2021-08-06,Mendocino,045,87422,4863,4649,120,4769,49
2021-08-06,Merced,047,269075,32807,32456,1168,33624,477
2021-08-06,Modoc,049,8938,432,419,148,567,5
2021-08-06,Mono,051,14174,1336,1328,18,1346,3
2021-08-06,Monterey,053,433212,44459,44058,2100,46158,527
2021-08-06,Napa,055,140530,10832,10620,64,10684,83
2021-08-06,Nevada,057,99092,6252,5874,215,6089,73
2021-08-06,Orange,059,3164182,273754,269077,12561,281638,5151
2021-08-06,Placer,061,380077,27210,26086,2093,28179,305
2021-08-06,Plumas,063,18699,819,795,14,809,5
2021-08-06,Riverside,065,2383286,313101,306304,14895,321199,4562
2021-08-06,Sacramento,067,1510023,122776,119169,2356,121525,1740
2021-08-06,San Benito,069,59416,6391,6315,119,6434,63
2021-08-06,San Bernardino,071,2135413,310583,305806,9591,315397,5286
2021-08-06,San Diego,073,3302833,309220,303691,17805,321496,3810
2021-08-06,San Francisco,075,870044,44036,42659,1713,44372,565
2021-08-06,San Joaquin,077,732212,80182,78405,4091,82496,1469
2021-08-06,San Luis Obispo,079,281455,23096,22472,853,23325,263
2021-08-06,San Mateo,081,765935,46684,45665,657,46322,548
2021-08-06,Santa Barbara,083,443738,36839,36208,1260,37468,470
2021-08-06,Santa Clara,085,1922200,127344,124767,901,125668,2185
2021-08-06,Santa Cruz,087,273765,17325,16924,860,17784,207
2021-08-06,Shasta,089,179085,13631,13284,1838,15122,210
2021-08-06,Sierra,091,2930,83,73,12,85,0
2021-08-06,Siskiyou,093,43540,2168,2030,490,2520,32
2021-08-06,Solano,095,438530,37640,36351,818,37169,262
2021-08-06,Sonoma,097,501317,34664,33594,410,34004,333
2021-08-06,Stanislaus,099,539301,60967,59854,6574,66428,1037
2021-08-06,Sutter,101,95872,10572,10391,112,10503,128
2021-08-06,Tehama,103,63373,5456,5325,650,5975,66
2021-08-06,Trinity,105,12862,534,371,125,496,3
2021-08-06,Tulare,107,460477,52236,51018,10096,61114,854
2021-08-06,Tuolumne,109,53932,4778,4674,45,4719,64
2021-08-06,Ventura,111,848112,86428,85046,3640,88686,1047
2021-08-06,Yolo,113,214977,15784,15299,580,15879,218
2021-08-06,Yuba,115,75493,7079,6904,165,7069,50
2021-08-05,Alameda,001,1643700,100651,98052,2273,100325,1275
2021-08-05,Alpine,003,1148,90,91,0,91,0
2021-08-05,Amador,005,37829,4137,3992,35,4027,48
2021-08-05,Butte,007,227075,13979,13564,2135,15699,206
2021-08-05,Calaveras,009,45235,2486,2397,15,2412,57
2021-08-05,Colusa,011,21464,2105,2036,376,2412,16
2021-08-05,Contra Costa,013,1133247,80865,78514,1586,80100,840
2021-08-05,Del Norte,015,27424,1887,1731,15,1746,8
2021-08-05,El Dorado,017,186661,11862,11408,951,12359,117
2021-08-05,Fresno,019,978130,108637,106219,9411,115630,1747
2021-08-05,Glenn,021,27897,2554,2494,614,3108,20
2021-08-05,Humboldt,023,135768,5701,5328,95,5423,52
2021-08-05,Imperial,025,180216,29637,29383,2805,32188,745
2021-08-05,Inyo,027,18085,1480,1468,13,1481,38
2021-08-05,Kern,029,883053,101877,100091,12540,112631,1358
2021-08-05,Kings,031,150075,24482,23906,1231,25137,249
2021-08-05,Lake,033,64148,4702,4490,25,4515,66
2021-08-05,Lassen,035,31185,5430,5344,127,5471,21
2021-08-05,Los Angeles,037,10098052,1288862,1269445,47256,1316701,24756
2021-08-05,Madera,039,155013,17692,17301,1083,18384,245
2021-08-05,Marin,041,260295,15404,15005,306,15311,239
2021-08-05,Mariposa,043,17540,545,504,11,515,5
2021-08-05,Mendocino,045,87422,4820,4597,111,4708,49
2021-08-05,Merced,047,269075,32740,32381,1157,33538,477
2021-08-05,Modoc,049,8938,431,418,148,566,5
2021-08-05,Mono,051,14174,1328,1309,18,1327,3
2021-08-05,Monterey,053,433212,44402,43992,2082,46074,527
2021-08-05,Napa,055,140530,10796,10591,62,10653,83
2021-08-05,Nevada,057,99092,6170,5778,212,5990,73
2021-08-05,Orange,059,3164182,272973,268329,12536,280865,5149
2021-08-05,Placer,061,380077,27009,25965,2066,28031,305
2021-08-05,Plumas,063,18699,810,787,14,801,5
2021-08-05,Riverside,065,2383286,312184,305415,14868,320283,4562
2021-08-05,Sacramento,067,1510023,122066,118590,2343,120933,1739
2021-08-05,San Benito,069,59416,6373,6305,119,6424,63
2021-08-05,San Bernardino,071,2135413,309747,304956,9570,314526,5284
2021-08-05,San Diego,073,3302833,307948,302220,17723,319943,3806
2021-08-05,San Francisco,075,870044,43826,42301,1704,44005,564
2021-08-05,San Joaquin,077,732212,79821,78151,4073,82224,1468
2021-08-05,San Luis Obispo,079,281455,22981,22362,847,23209,263
2021-08-05,San Mateo,081,765935,46511,45554,655,46209,548
2021-08-05,Santa Barbara,083,443738,36732,36112,1257,37369,470
2021-08-05,Santa Clara,085,1922200,127011,124490,901,125391,2185
2021-08-05,Santa Cruz,087,273765,17281,16867,857,17724,207
2021-08-05,Shasta,089,179085,13573,13217,1830,15047,210
2021-08-05,Sierra,091,2930,78,73,12,85,0
2021-08-05,Siskiyou,093,43540,2147,2024,480,2504,32
2021-08-05,Solano,095,438530,37459,36250,811,37061,262
2021-08-05,Sonoma,097,501317,34529,33455,409,33864,330
2021-08-05,Stanislaus,099,539301,60750,59692,6535,66227,1037
2021-08-05,Sutter,101,95872,10517,10349,112,10461,127
2021-08-05,Tehama,103,63373,5438,5305,646,5951,66
2021-08-05,Trinity,105,12862,528,367,125,492,3
2021-08-05,Tulare,107,460477,52119,50889,10041,60930,854
2021-08-05,Tuolumne,109,53932,4748,4619,45,4664,64
2021-08-05,Ventura,111,848112,86177,84837,3626,88463,1047
2021-08-05,Yolo,113,214977,15717,15250,570,15820,218
2021-08-05,Yuba,115,75493,7036,6872,163,7035,50
2021-08-04,Alameda,001,1643700,100150,97477,2262,99739,1274
2021-08-04,Alpine,003,1148,90,91,0,91,0
2021-08-04,Amador,005,37829,4107,3962,34,3996,48
2021-08-04,Butte,007,227075,13911,13509,2118,15627,205
2021-08-04,Calaveras,009,45235,2461,2374,15,2389,57
2021-08-04,Colusa,011,21464,2093,2025,370,2395,16
2021-08-04,Contra Costa,013,1133247,80349,77966,1581,79547,840
2021-08-04,Del Norte,015,27424,1864,1701,15,1716,8
2021-08-04,El Dorado,017,186661,11784,11319,940,12259,117
2021-08-04,Fresno,019,978130,108269,105899,9370,115269,1747
2021-08-04,Glenn,021,27897,2546,2487,612,3099,20
2021-08-04,Humboldt,023,135768,5625,5271,94,5365,52
2021-08-04,Imperial,025,180216,29589,29375,2803,32178,745
2021-08-04,Inyo,027,18085,1479,1465,13,1478,38
2021-08-04,Kern,029,883053,101627,99868,12455,112323,1358
2021-08-04,Kings,031,150075,24410,23840,1223,25063,250
2021-08-04,Lake,033,64148,4672,4423,20,4443,65
2021-08-04,Lassen,035,31185,5422,5340,127,5467,21
2021-08-04,Los Angeles,037,10098052,1285376,1265788,47093,1312881,24737
2021-08-04,Madera,039,155013,17657,17251,1076,18327,245
2021-08-04,Marin,041,260295,15357,14950,304,15254,239
2021-08-04,Mariposa,043,17540,530,497,11,508,5
2021-08-04,Mendocino,045,87422,4796,4560,107,4667,49
2021-08-04,Merced,047,269075,32602,32274,1152,33426,476
2021-08-04,Modoc,049,8938,431,416,148,564,5
2021-08-04,Mono,051,14174,1324,1307,18,1325,3
2021-08-04,Monterey,053,433212,44337,43926,2071,45997,526
2021-08-04,Napa,055,140530,10759,10544,62,10606,82
2021-08-04,Nevada,057,99092,6106,5702,211,5913,73
2021-08-04,Orange,059,3164182,272100,267199,12498,279697,5146
2021-08-04,Placer,061,380077,26792,25688,2046,27734,305
2021-08-04,Plumas,063,18699,804,784,14,798,5
2021-08-04,Riverside,065,2383286,311259,304272,14842,319114,4562
2021-08-04,Sacramento,067,1510023,121308,117882,2317,120199,1736
2021-08-04,San Benito,069,59416,6358,6300,119,6419,63
2021-08-04,San Bernardino,071,2135413,308891,304164,9552,313716,5285
2021-08-04,San Diego,073,3302833,306434,301100,17657,318757,3805
2021-08-04,San Francisco,075,870044,43572,41913,1691,43604,562
2021-08-04,San Joaquin,077,732212,79464,77846,4061,81907,1466
2021-08-04,San Luis Obispo,079,281455,22873,22245,841,23086,262
2021-08-04,San Mateo,081,765935,46339,45392,654,46046,548
2021-08-04,Santa Barbara,083,443738,36603,36013,1249,37262,470
2021-08-04,Santa Clara,085,1922200,126620,124127,894,125021,2183
2021-08-04,Santa Cruz,087,273765,17219,16820,850,17670,208
2021-08-04,Shasta,089,179085,13522,13134,1819,14953,211
2021-08-04,Sierra,091,2930,78,73,12,85,0
2021-08-04,Siskiyou,093,43540,2127,2010,475,2485,32
2021-08-04,Solano,095,438530,37259,36025,802,36827,262
2021-08-04,Sonoma,097,501317,34357,33311,407,33718,330
2021-08-04,Stanislaus,099,539301,60527,59396,6497,65893,1037
2021-08-04,Sutter,101,95872,10480,10294,112,10406,127
2021-08-04,Tehama,103,63373,5412,5281,641,5922,66
2021-08-04,Trinity,105,12862,526,362,122,484,3
2021-08-04,Tulare,107,460477,52009,50797,9997,60794,855
2021-08-04,Tuolumne,109,53932,4723,4584,45,4629,64
2021-08-04,Ventura,111,848112,85919,84406,3604,88010,1047
2021-08-04,Yolo,113,214977,15638,15189,557,15746,215
2021-08-04,Yuba,115,75493,6996,6827,161,6988,50
2021-08-03,Alameda,001,1643700,99702,97275,2257,99532,1270
2021-08-03,Alpine,003,1148,90,91,0,91,0
2021-08-03,Amador,005,37829,4071,3953,34,3987,48
2021-08-03,Butte,007,227075,13843,13468,2103,15571,205
2021-08-03,Calaveras,009,45235,2439,2356,15,2371,57
2021-08-03,Colusa,011,21464,2080,2023,364,2387,16
2021-08-03,Contra Costa,013,1133247,79867,77739,1574,79313,836
2021-08-03,Del Norte,015,27424,1832,1691,14,1705,8
2021-08-03,El Dorado,017,186661,11694,11255,930,12185,117
2021-08-03,Fresno,019,978130,107907,105732,9338,115070,1746
2021-08-03,Glenn,021,27897,2539,2481,606,3087,20
2021-08-03,Humboldt,023,135768,5560,5199,89,5288,52
2021-08-03,Imperial,025,180216,29567,29333,2796,32129,745
2021-08-03,Inyo,027,18085,1476,1459,13,1472,38
2021-08-03,Kern,029,883053,101365,99708,12376,112084,1358
2021-08-03,Kings,031,150075,24322,23780,1216,24996,249
2021-08-03,Lake,033,64148,4616,4408,16,4424,66
2021-08-03,Lassen,035,31185,5412,5341,127,5468,21
2021-08-03,Los Angeles,037,10098052,1281637,1262678,46913,1309591,24721
2021-08-03,Madera,039,155013,17616,17220,1061,18281,245
2021-08-03,Marin,041,260295,15308,14906,301,15207,243
2021-08-03,Mariposa,043,17540,519,495,11,506,5
2021-08-03,Mendocino,045,87422,4747,4546,106,4652,49
2021-08-03,Merced,047,269075,32519,32197,1150,33347,476
2021-08-03,Modoc,049,8938,431,416,148,564,5
2021-08-03,Mono,051,14174,1319,1303,18,1321,3
2021-08-03,Monterey,053,433212,44273,43872,2058,45930,525
2021-08-03,Napa,055,140530,10716,10527,61,10588,82
2021-08-03,Nevada,057,99092,6025,5685,210,5895,73
2021-08-03,Orange,059,3164182,271361,266649,12468,279117,5146
2021-08-03,Placer,061,380077,26591,25624,2022,27646,305
2021-08-03,Plumas,063,18699,797,779,14,793,5
2021-08-03,Riverside,065,2383286,310335,303499,14815,318314,4562
2021-08-03,Sacramento,067,1510023,120563,117591,2296,119887,1732
2021-08-03,San Benito,069,59416,6343,6284,118,6402,63
2021-08-03,San Bernardino,071,2135413,307970,303386,9532,312918,5265
2021-08-03,San Diego,073,3302833,304996,300189,17547,317736,3803
2021-08-03,San Francisco,075,870044,43290,41758,1671,43429,562
2021-08-03,San Joaquin,077,732212,79115,77615,4040,81655,1461
2021-08-03,San Luis Obispo,079,281455,22733,22166,834,23000,264
2021-08-03,San Mateo,081,765935,46146,45255,649,45904,548
2021-08-03,Santa Barbara,083,443738,36484,35912,1243,37155,469
2021-08-03,Santa Clara,085,1922200,126199,123914,888,124802,2183
2021-08-03,Santa Cruz,087,273765,17153,16778,847,17625,207
2021-08-03,Shasta,089,179085,13448,13091,1808,14899,211
2021-08-03,Sierra,091,2930,78,72,12,84,0
2021-08-03,Siskiyou,093,43540,2116,1998,470,2468,32
2021-08-03,Solano,095,438530,37039,35953,790,36743,261
2021-08-03,Sonoma,097,501317,34176,33243,406,33649,330
2021-08-03,Stanislaus,099,539301,60306,59282,6478,65760,1037
2021-08-03,Sutter,101,95872,10440,10263,111,10374,127
2021-08-03,Tehama,103,63373,5387,5269,636,5905,66
2021-08-03,Trinity,105,12862,523,361,119,480,3
2021-08-03,Tulare,107,460477,51914,50729,9951,60680,854
2021-08-03,Tuolumne,109,53932,4688,4563,45,4608,64
2021-08-03,Ventura,111,848112,85675,84270,3583,87853,1046
2021-08-03,Yolo,113,214977,15546,15149,543,15692,215
2021-08-03,Yuba,115,75493,6959,6781,159,6940,50
2021-08-02,Alameda,001,1643700,99144,96954,2252,99206,1270
2021-08-02,Alpine,003,1148,90,91,0,91,0
2021-08-02,Amador,005,37829,4051,3927,34,3961,48
2021-08-02,Butte,007,227075,13763,13442,2084,15526,205
2021-08-02,Calaveras,009,45235,2413,2347,15,2362,57
2021-08-02,Colusa,011,21464,2068,2019,361,2380,16
2021-08-02,Contra Costa,013,1133247,79358,77516,1560,79076,836
2021-08-02,Del Norte,015,27424,1802,1653,14,1667,8
2021-08-02,El Dorado,017,186661,11590,11226,916,12142,116
2021-08-02,Fresno,019,978130,107561,105471,9301,114772,1744
2021-08-02,Glenn,021,27897,2531,2477,603,3080,20
2021-08-02,Humboldt,023,135768,5477,5161,87,5248,52
2021-08-02,Imperial,025,180216,29534,29302,2793,32095,743
2021-08-02,Inyo,027,18085,1470,1455,13,1468,38
2021-08-02,Kern,029,883053,101110,99556,12283,111839,1357
2021-08-02,Kings,031,150075,24252,23722,1210,24932,249
2021-08-02,Lake,033,64148,4573,4375,16,4391,66
2021-08-02,Lassen,035,31185,5389,5338,125,5463,21
2021-08-02,Los Angeles,037,10098052,1277917,1260807,46703,1307510,24705
2021-08-02,Madera,039,155013,17572,17158,1048,18206,245
2021-08-02,Marin,041,260295,15265,14859,299,15158,239
2021-08-02,Mariposa,043,17540,510,490,11,501,5
2021-08-02,Mendocino,045,87422,4707,4512,103,4615,49
2021-08-02,Merced,047,269075,32421,32163,1143,33306,474
2021-08-02,Modoc,049,8938,431,415,148,563,5
2021-08-02,Mono,051,14174,1312,1296,18,1314,3
2021-08-02,Monterey,053,433212,44213,43842,2050,45892,525
2021-08-02,Napa,055,140530,10673,10490,58,10548,82
2021-08-02,Nevada,057,99092,5954,5611,209,5820,73
2021-08-02,Orange,059,3164182,270447,266050,12422,278472,5146
2021-08-02,Placer,061,380077,26444,25516,1988,27504,306
2021-08-02,Plumas,063,18699,790,762,14,776,5
2021-08-02,Riverside,065,2383286,309397,302756,14800,317556,4562
2021-08-02,Sacramento,067,1510023,119866,117183,2275,119458,1728
2021-08-02,San Benito,069,59416,6324,6276,117,6393,63
2021-08-02,San Bernardino,071,2135413,307094,303000,9500,312500,5253
2021-08-02,San Diego,073,3302833,303516,299021,17467,316488,3798
2021-08-02,San Francisco,075,870044,43003,41553,1647,43200,562
2021-08-02,San Joaquin,077,732212,78772,77447,4013,81460,1461
2021-08-02,San Luis Obispo,079,281455,22639,22093,827,22920,261
2021-08-02,San Mateo,081,765935,45970,45154,636,45790,548
2021-08-02,Santa Barbara,083,443738,36345,35851,1237,37088,469
2021-08-02,Santa Clara,085,1922200,125729,123655,880,124535,2183
2021-08-02,Santa Cruz,087,273765,17095,16746,843,17589,207
2021-08-02,Shasta,089,179085,13385,13049,1794,14843,212
2021-08-02,Sierra,091,2930,78,71,12,83,0
2021-08-02,Siskiyou,093,43540,2105,1992,456,2448,31
2021-08-02,Solano,095,438530,36791,35852,777,36629,260
2021-08-02,Sonoma,097,501317,33950,33132,401,33533,330
2021-08-02,Stanislaus,099,539301,60087,59160,6450,65610,1037
2021-08-02,Sutter,101,95872,10394,10220,111,10331,127
2021-08-02,Tehama,103,63373,5363,5260,632,5892,66
2021-08-02,Trinity,105,12862,518,359,118,477,3
2021-08-02,Tulare,107,460477,51812,50640,9877,60517,854
2021-08-02,Tuolumne,109,53932,4621,4524,45,4569,64
2021-08-02,Ventura,111,848112,85490,84143,3560,87703,1044
2021-08-02,Yolo,113,214977,15448,15072,525,15597,215
2021-08-02,Yuba,115,75493,6917,6743,156,6899,50
2021-08-01,Alameda,001,1643700,98611,96775,2246,99021,1270
2021-08-01,Alpine,003,1148,90,91,0,91,0
2021-08-01,Amador,005,37829,4013,3923,34,3957,48
2021-08-01,Butte,007,227075,13682,13406,2067,15473,205
2021-08-01,Calaveras,009,45235,2389,2341,15,2356,57
2021-08-01,Colusa,011,21464,2057,2014,359,2373,16
2021-08-01,Contra Costa,013,1133247,78923,77360,1552,78912,836
2021-08-01,Del Norte,015,27424,1770,1642,14,1656,8
2021-08-01,El Dorado,017,186661,11489,11189,905,12094,116
2021-08-01,Fresno,019,978130,107235,105339,9254,114593,1744
2021-08-01,Glenn,021,27897,2525,2476,600,3076,20
2021-08-01,Humboldt,023,135768,5400,5118,83,5201,52
2021-08-01,Imperial,025,180216,29499,29297,2788,32085,743
2021-08-01,Inyo,027,18085,1468,1454,13,1467,38
2021-08-01,Kern,029,883053,100832,99396,12209,111605,1357
2021-08-01,Kings,031,150075,24165,23700,1205,24905,249
2021-08-01,Lake,033,64148,4494,4356,16,4372,66
2021-08-01,Lassen,035,31185,5376,5336,123,5459,21
2021-08-01,Los Angeles,037,10098052,1274230,1258461,46479,1304940,24700
2021-08-01,Madera,039,155013,17515,17146,1043,18189,245
2021-08-01,Marin,041,260295,15188,14844,298,15142,239
2021-08-01,Mariposa,043,17540,503,482,11,493,5
2021-08-01,Mendocino,045,87422,4661,4476,99,4575,49
2021-08-01,Merced,047,269075,32329,32144,1137,33281,474
2021-08-01,Modoc,049,8938,429,413,148,561,5
2021-08-01,Mono,051,14174,1309,1294,18,1312,3
2021-08-01,Monterey,053,433212,44166,43808,2037,45845,525
2021-08-01,Napa,055,140530,10625,10473,56,10529,82
2021-08-01,Nevada,057,99092,5867,5561,208,5769,73
2021-08-01,Orange,059,3164182,269634,265467,12379,277846,5146
2021-08-01,Placer,061,380077,26229,25464,1958,27422,306
2021-08-01,Plumas,063,18699,784,761,14,775,5
2021-08-01,Riverside,065,2383286,308464,302256,14782,317038,4562
2021-08-01,Sacramento,067,1510023,119130,116923,2259,119182,1727
2021-08-01,San Benito,069,59416,6307,6271,117,6388,63
2021-08-01,San Bernardino,071,2135413,306159,302542,9489,312031,5248
2021-08-01,San Diego,073,3302833,302330,298002,17402,315404,3798
2021-08-01,San Francisco,075,870044,42665,41432,1634,43066,562
2021-08-01,San Joaquin,077,732212,78405,77338,3986,81324,1461
2021-08-01,San Luis Obispo,079,281455,22536,22083,822,22905,261
2021-08-01,San Mateo,081,765935,45788,45036,628,45664,548
2021-08-01,Santa Barbara,083,443738,36221,35809,1233,37042,469
2021-08-01,Santa Clara,085,1922200,125317,123511,872,124383,2183
2021-08-01,Santa Cruz,087,273765,17016,16709,836,17545,207
2021-08-01,Shasta,089,179085,13314,13036,1785,14821,212
2021-08-01,Sierra,091,2930,76,71,12,83,0
2021-08-01,Siskiyou,093,43540,2099,1989,450,2439,31
2021-08-01,Solano,095,438530,36556,35800,768,36568,260
2021-08-01,Sonoma,097,501317,33758,33076,398,33474,330
2021-08-01,Stanislaus,099,539301,59850,59078,6418,65496,1037
2021-08-01,Sutter,101,95872,10339,10198,108,10306,127
2021-08-01,Tehama,103,63373,5346,5252,628,5880,66
2021-08-01,Trinity,105,12862,515,359,117,476,3
2021-08-01,Tulare,107,460477,51655,50600,9816,60416,854
2021-08-01,Tuolumne,109,53932,4583,4489,45,4534,64
2021-08-01,Ventura,111,848112,85260,84040,3545,87585,1044
2021-08-01,Yolo,113,214977,15376,15042,516,15558,215
2021-08-01,Yuba,115,75493,6880,6721,155,6876,50
2021-07-31,Alameda,001,1643700,98280,95279,2240,97519,1265
2021-07-31,Alpine,003,1148,90,89,0,89,0
2021-07-31,Amador,005,37829,3993,3877,34,3911,48
2021-07-31,Butte,007,227075,13649,13235,2047,15282,205
2021-07-31,Calaveras,009,45235,2380,2294,15,2309,57
2021-07-31,Colusa,011,21464,2051,2006,357,2363,16
2021-07-31,Contra Costa,013,1133247,78644,75866,1550,77416,832
2021-07-31,Del Norte,015,27424,1744,1576,14,1590,8
2021-07-31,El Dorado,017,186661,11436,11017,899,11916,116
2021-07-31,Fresno,019,978130,107076,104639,9240,113879,1744
2021-07-31,Glenn,021,27897,2520,2465,595,3060,20
2021-07-31,Humboldt,023,135768,5345,4978,82,5060,52
2021-07-31,Imperial,025,180216,29482,29164,2785,31949,743
2021-07-31,Inyo,027,18085,1465,1442,13,1455,38
2021-07-31,Kern,029,883053,100667,98903,12150,111053,1357
2021-07-31,Kings,031,150075,24112,23548,1200,24748,248
2021-07-31,Lake,033,64148,4469,4238,16,4254,66
2021-07-31,Lassen,035,31185,5369,5320,123,5443,21
2021-07-31,Los Angeles,037,10098052,1272034,1248545,46332,1294877,24691
2021-07-31,Madera,039,155013,17482,17058,1037,18095,245
2021-07-31,Marin,041,260295,15144,14701,297,14998,239
2021-07-31,Mariposa,043,17540,494,470,11,481,5
2021-07-31,Mendocino,045,87422,4636,4400,96,4496,49
2021-07-31,Merced,047,269075,32281,31959,1132,33091,474
2021-07-31,Modoc,049,8938,429,413,148,561,5
2021-07-31,Mono,051,14174,1307,1287,18,1305,3
2021-07-31,Monterey,053,433212,44127,43720,2027,45747,525
2021-07-31,Napa,055,140530,10605,10401,55,10456,82
2021-07-31,Nevada,057,99092,5828,5373,207,5580,72
2021-07-31,Orange,059,3164182,269060,263446,12360,275806,5144
2021-07-31,Placer,061,380077,26096,25104,1951,27055,306
2021-07-31,Plumas,063,18699,781,743,14,757,5
2021-07-31,Riverside,065,2383286,307848,300315,14772,315087,4554
2021-07-31,Sacramento,067,1510023,118718,115259,2253,117512,1720
2021-07-31,San Benito,069,59416,6296,6251,117,6368,63
2021-07-31,San Bernardino,071,2135413,305588,300726,9486,310212,5240
2021-07-31,San Diego,073,3302833,301657,295054,17356,312410,3798
2021-07-31,San Francisco,075,870044,42438,40412,1614,42026,562
2021-07-31,San Joaquin,077,732212,78240,76575,3973,80548,1443
2021-07-31,San Luis Obispo,079,281455,22482,21922,820,22742,260
2021-07-31,San Mateo,081,765935,45631,44622,623,45245,548
2021-07-31,Santa Barbara,083,443738,36140,35531,1232,36763,467
2021-07-31,Santa Clara,085,1922200,125062,122614,870,123484,2099
2021-07-31,Santa Cruz,087,273765,16977,16576,835,17411,207
2021-07-31,Shasta,089,179085,13277,12918,1777,14695,212
2021-07-31,Sierra,091,2930,76,68,12,80,0
2021-07-31,Siskiyou,093,43540,2090,1976,444,2420,31
2021-07-31,Solano,095,438530,36455,35340,760,36100,263
2021-07-31,Sonoma,097,501317,33632,32601,398,32999,329
2021-07-31,Stanislaus,099,539301,59691,58586,6395,64981,1035
2021-07-31,Sutter,101,95872,10305,10068,107,10175,127
2021-07-31,Tehama,103,63373,5331,5216,625,5841,66
2021-07-31,Trinity,105,12862,514,354,116,470,3
2021-07-31,Tulare,107,460477,51566,50409,9763,60172,854
2021-07-31,Tuolumne,109,53932,4544,4362,45,4407,64
2021-07-31,Ventura,111,848112,85099,83509,3528,87037,1044
2021-07-31,Yolo,113,214977,15328,14863,505,15368,215
2021-07-31,Yuba,115,75493,6857,6615,151,6766,50
2021-07-30,Alameda,001,1643700,97948,95279,2236,97515,1265
2021-07-30,Alpine,003,1148,90,89,0,89,0
2021-07-30,Amador,005,37829,3970,3877,34,3911,48
2021-07-30,Butte,007,227075,13594,13235,2034,15269,205
2021-07-30,Calaveras,009,45235,2370,2294,15,2309,57
2021-07-30,Colusa,011,21464,2047,2006,355,2361,16
2021-07-30,Contra Costa,013,1133247,78400,75866,1546,77412,832
2021-07-30,Del Norte,015,27424,1726,1576,14,1590,8
2021-07-30,El Dorado,017,186661,11403,11017,893,11910,116
2021-07-30,Fresno,019,978130,106882,104639,9228,113867,1744
2021-07-30,Glenn,021,27897,2515,2465,594,3059,20
2021-07-30,Humboldt,023,135768,5281,4978,79,5057,52
2021-07-30,Imperial,025,180216,29468,29164,2782,31946,743
2021-07-30,Inyo,027,18085,1464,1442,13,1455,38
2021-07-30,Kern,029,883053,100543,98903,12103,111006,1357
2021-07-30,Kings,031,150075,24072,23548,1196,24744,248
2021-07-30,Lake,033,64148,4441,4238,16,4254,66
2021-07-30,Lassen,035,31185,5365,5320,123,5443,21
2021-07-30,Los Angeles,037,10098052,1269713,1248545,46181,1294726,24691
2021-07-30,Madera,039,155013,17440,17058,1034,18092,245
2021-07-30,Marin,041,260295,15110,14701,297,14998,239
2021-07-30,Mariposa,043,17540,490,470,11,481,5
2021-07-30,Mendocino,045,87422,4606,4400,95,4495,49
2021-07-30,Merced,047,269075,32240,31959,1128,33087,474
2021-07-30,Modoc,049,8938,427,413,148,561,5
2021-07-30,Mono,051,14174,1302,1287,18,1305,3
2021-07-30,Monterey,053,433212,44093,43720,2018,45738,525
2021-07-30,Napa,055,140530,10583,10401,54,10455,82
2021-07-30,Nevada,057,99092,5771,5373,207,5580,72
2021-07-30,Orange,059,3164182,268434,263446,12334,275780,5144
2021-07-30,Placer,061,380077,26007,25104,1933,27037,306
2021-07-30,Plumas,063,18699,776,743,14,757,5
2021-07-30,Riverside,065,2383286,307210,300315,14762,315077,4554
2021-07-30,Sacramento,067,1510023,118267,115259,2249,117508,1720
2021-07-30,San Benito,069,59416,6289,6251,117,6368,63
2021-07-30,San Bernardino,071,2135413,305074,300726,9480,310206,5240
2021-07-30,San Diego,073,3302833,300884,295054,17298,312352,3798
2021-07-30,San Francisco,075,870044,42225,40412,1599,42011,562
2021-07-30,San Joaquin,077,732212,78086,76575,3968,80543,1443
2021-07-30,San Luis Obispo,079,281455,22444,21922,816,22738,260
2021-07-30,San Mateo,081,765935,45506,44622,610,45232,548
2021-07-30,Santa Barbara,083,443738,36071,35531,1226,36757,467
2021-07-30,Santa Clara,085,1922200,124838,122614,868,123482,2099
2021-07-30,Santa Cruz,087,273765,16951,16576,833,17409,207
2021-07-30,Shasta,089,179085,13232,12918,1777,14695,212
2021-07-30,Sierra,091,2930,75,68,12,80,0
2021-07-30,Siskiyou,093,43540,2081,1976,443,2419,31
2021-07-30,Solano,095,438530,36364,35340,744,36084,263
2021-07-30,Sonoma,097,501317,33537,32601,398,32999,329
2021-07-30,Stanislaus,099,539301,59545,58586,6375,64961,1035
2021-07-30,Sutter,101,95872,10270,10068,107,10175,127
2021-07-30,Tehama,103,63373,5320,5216,625,5841,66
2021-07-30,Trinity,105,12862,514,354,116,470,3
2021-07-30,Tulare,107,460477,51523,50409,9728,60137,854
2021-07-30,Tuolumne,109,53932,4526,4362,45,4407,64
2021-07-30,Ventura,111,848112,84935,83509,3513,87022,1044
2021-07-30,Yolo,113,214977,15267,14863,501,15364,215
2021-07-30,Yuba,115,75493,6821,6615,150,6765,50
2021-07-29,Alameda,001,1643700,97528,95279,2230,97509,1265
2021-07-29,Alpine,003,1148,90,89,0,89,0
2021-07-29,Amador,005,37829,3951,3877,34,3911,48
2021-07-29,Butte,007,227075,13547,13235,2026,15261,205
2021-07-29,Calaveras,009,45235,2356,2294,15,2309,57
2021-07-29,Colusa,011,21464,2040,2006,355,2361,16
2021-07-29,Contra Costa,013,1133247,77961,75866,1542,77408,832
2021-07-29,Del Norte,015,27424,1702,1576,14,1590,8
2021-07-29,El Dorado,017,186661,11339,11017,881,11898,116
2021-07-29,Fresno,019,978130,106617,104639,9200,113839,1744
2021-07-29,Glenn,021,27897,2505,2465,593,3058,20
2021-07-29,Humboldt,023,135768,5221,4978,77,5055,52
2021-07-29,Imperial,025,180216,29423,29164,2780,31944,743
2021-07-29,Inyo,027,18085,1460,1442,13,1455,38
2021-07-29,Kern,029,883053,100337,98903,12025,110928,1357
2021-07-29,Kings,031,150075,24026,23548,1192,24740,248
2021-07-29,Lake,033,64148,4406,4238,16,4254,66
2021-07-29,Lassen,035,31185,5357,5320,120,5440,21
2021-07-29,Los Angeles,037,10098052,1266620,1248545,45997,1294542,24691
2021-07-29,Madera,039,155013,17393,17058,1030,18088,245
2021-07-29,Marin,041,260295,15067,14701,297,14998,239
2021-07-29,Mariposa,043,17540,486,470,11,481,5
2021-07-29,Mendocino,045,87422,4583,4400,93,4493,49
2021-07-29,Merced,047,269075,32185,31959,1128,33087,474
2021-07-29,Modoc,049,8938,427,413,148,561,5
2021-07-29,Mono,051,14174,1300,1287,18,1305,3
2021-07-29,Monterey,053,433212,44044,43720,2008,45728,525
2021-07-29,Napa,055,140530,10551,10401,52,10453,82
2021-07-29,Nevada,057,99092,5719,5373,206,5579,72
2021-07-29,Orange,059,3164182,267722,263446,12302,275748,5144
2021-07-29,Placer,061,380077,25884,25104,1918,27022,306
2021-07-29,Plumas,063,18699,768,743,14,757,5
2021-07-29,Riverside,065,2383286,306505,300315,14738,315053,4554
2021-07-29,Sacramento,067,1510023,117712,115259,2236,117495,1720
2021-07-29,San Benito,069,59416,6278,6251,117,6368,63
2021-07-29,San Bernardino,071,2135413,304436,300726,9470,310196,5240
2021-07-29,San Diego,073,3302833,299826,295054,17230,312284,3798
2021-07-29,San Francisco,075,870044,41978,40412,1578,41990,562
2021-07-29,San Joaquin,077,732212,77830,76575,3960,80535,1443
2021-07-29,San Luis Obispo,079,281455,22390,21922,814,22736,260
2021-07-29,San Mateo,081,765935,45379,44622,600,45222,548
2021-07-29,Santa Barbara,083,443738,35985,35531,1225,36756,467
2021-07-29,Santa Clara,085,1922200,124541,122614,865,123479,2099
2021-07-29,Santa Cruz,087,273765,16898,16576,831,17407,207
2021-07-29,Shasta,089,179085,13178,12918,1768,14686,212
2021-07-29,Sierra,091,2930,75,68,12,80,0
2021-07-29,Siskiyou,093,43540,2076,1976,441,2417,31
2021-07-29,Solano,095,438530,36204,35340,734,36074,263
2021-07-29,Sonoma,097,501317,33363,32601,396,32997,329
2021-07-29,Stanislaus,099,539301,59373,58586,6360,64946,1035
2021-07-29,Sutter,101,95872,10224,10068,106,10174,127
2021-07-29,Tehama,103,63373,5308,5216,619,5835,66
2021-07-29,Trinity,105,12862,512,354,115,469,3
2021-07-29,Tulare,107,460477,51433,50409,9688,60097,854
2021-07-29,Tuolumne,109,53932,4486,4362,44,4406,64
2021-07-29,Ventura,111,848112,84769,83509,3506,87015,1044
2021-07-29,Yolo,113,214977,15198,14863,487,15350,215
2021-07-29,Yuba,115,75493,6772,6615,147,6762,50
2021-07-28,Alameda,001,1643700,97063,94965,2223,97188,1262
2021-07-28,Alpine,003,1148,90,89,0,89,0
2021-07-28,Amador,005,37829,3937,3870,34,3904,48
2021-07-28,Butte,007,227075,13490,13184,2013,15197,205
2021-07-28,Calaveras,009,45235,2336,2289,15,2304,57
2021-07-28,Colusa,011,21464,2037,2001,354,2355,16
2021-07-28,Contra Costa,013,1133247,77474,75487,1534,77021,832
2021-07-28,Del Norte,015,27424,1669,1545,14,1559,8
2021-07-28,El Dorado,017,186661,11290,10967,871,11838,116
2021-07-28,Fresno,019,978130,106369,104458,9179,113637,1744
2021-07-28,Glenn,021,27897,2502,2464,590,3054,20
2021-07-28,Humboldt,023,135768,5170,4946,76,5022,52
2021-07-28,Imperial,025,180216,29376,29096,2780,31876,743
2021-07-28,Inyo,027,18085,1454,1439,12,1451,38
2021-07-28,Kern,029,883053,100181,98781,11979,110760,1352
2021-07-28,Kings,031,150075,23962,23503,1182,24685,248
2021-07-28,Lake,033,64148,4360,4191,15,4206,65
2021-07-28,Lassen,035,31185,5349,5318,120,5438,21
2021-07-28,Los Angeles,037,10098052,1263455,1245485,45810,1291295,24673
2021-07-28,Madera,039,155013,17352,17024,1024,18048,245
2021-07-28,Marin,041,260295,15012,14652,297,14949,239
2021-07-28,Mariposa,043,17540,479,469,11,480,5
2021-07-28,Mendocino,045,87422,4555,4377,93,4470,49
2021-07-28,Merced,047,269075,32129,31886,1124,33010,474
2021-07-28,Modoc,049,8938,425,413,148,561,5
2021-07-28,Mono,051,14174,1299,1286,18,1304,3
2021-07-28,Monterey,053,433212,43997,43668,1998,45666,524
2021-07-28,Napa,055,140530,10511,10376,50,10426,82
2021-07-28,Nevada,057,99092,5665,5320,206,5526,72
2021-07-28,Orange,059,3164182,266929,262735,12272,275007,5143
2021-07-28,Placer,061,380077,25737,24978,1902,26880,306
2021-07-28,Plumas,063,18699,763,754,14,768,5
2021-07-28,Riverside,065,2383286,305737,299611,14719,314330,4554
2021-07-28,Sacramento,067,1510023,117061,114665,2216,116881,1714
2021-07-28,San Benito,069,59416,6267,6236,117,6353,63
2021-07-28,San Bernardino,071,2135413,303815,300121,9458,309579,5236
2021-07-28,San Diego,073,3302833,298553,294176,17157,311333,3798
2021-07-28,San Francisco,075,870044,41675,40144,1552,41696,561
2021-07-28,San Joaquin,077,732212,77579,76312,3930,80242,1443
2021-07-28,San Luis Obispo,079,281455,22331,21865,813,22678,260
2021-07-28,San Mateo,081,765935,45229,44477,591,45068,547
2021-07-28,Santa Barbara,083,443738,35910,35431,1220,36651,467
2021-07-28,Santa Clara,085,1922200,124280,122345,863,123208,2099
2021-07-28,Santa Cruz,087,273765,16860,16551,830,17381,207
2021-07-28,Shasta,089,179085,13133,12882,1758,14640,212
2021-07-28,Sierra,091,2930,71,67,12,79,0
2021-07-28,Siskiyou,093,43540,2067,1971,438,2409,31
2021-07-28,Solano,095,438530,36030,35204,727,35931,262
2021-07-28,Sonoma,097,501317,33220,32434,393,32827,328
2021-07-28,Stanislaus,099,539301,59176,58427,6344,64771,1035
2021-07-28,Sutter,101,95872,10192,10033,105,10138,126
2021-07-28,Tehama,103,63373,5296,5209,616,5825,66
2021-07-28,Trinity,105,12862,511,352,115,467,3
2021-07-28,Tulare,107,460477,51345,50363,9641,60004,854
2021-07-28,Tuolumne,109,53932,4447,4313,44,4357,64
2021-07-28,Ventura,111,848112,84573,83360,3490,86850,1043
2021-07-28,Yolo,113,214977,15126,14801,478,15279,215
2021-07-28,Yuba,115,75493,6739,6591,146,6737,51
2021-07-27,Alameda,001,1643700,96659,94682,2214,96896,1256
2021-07-27,Alpine,003,1148,90,89,0,89,0
2021-07-27,Amador,005,37829,3921,3861,34,3895,48
2021-07-27,Butte,007,227075,13442,13127,2002,15129,205
2021-07-27,Calaveras,009,45235,2326,2280,15,2295,57
2021-07-27,Colusa,011,21464,2028,1999,353,2352,16
2021-07-27,Contra Costa,013,1133247,76989,75227,1530,76757,830
2021-07-27,Del Norte,015,27424,1649,1538,14,1552,8
2021-07-27,El Dorado,017,186661,11230,10941,861,11802,116
2021-07-27,Fresno,019,978130,106076,104288,9155,113443,1746
2021-07-27,Glenn,021,27897,2494,2460,588,3048,20
2021-07-27,Humboldt,023,135768,5116,4925,75,5000,52
2021-07-27,Imperial,025,180216,29331,29048,2779,31827,743
2021-07-27,Inyo,027,18085,1452,1430,12,1442,38
2021-07-27,Kern,029,883053,100011,98724,11923,110647,1352
2021-07-27,Kings,031,150075,23905,23463,1172,24635,248
2021-07-27,Lake,033,64148,4321,4157,15,4172,65
2021-07-27,Lassen,035,31185,5343,5315,120,5435,21
2021-07-27,Los Angeles,037,10098052,1259997,1243336,45599,1288935,24658
2021-07-27,Madera,039,155013,17299,16998,1018,18016,245
2021-07-27,Marin,041,260295,14964,14631,294,14925,239
2021-07-27,Mariposa,043,17540,476,468,11,479,5
2021-07-27,Mendocino,045,87422,4532,4371,93,4464,49
2021-07-27,Merced,047,269075,32062,31825,1121,32946,473
2021-07-27,Modoc,049,8938,424,413,148,561,5
2021-07-27,Mono,051,14174,1295,1288,18,1306,3
2021-07-27,Monterey,053,433212,43957,43646,1987,45633,523
2021-07-27,Napa,055,140530,10481,10354,50,10404,82
2021-07-27,Nevada,057,99092,5588,5305,204,5509,72
2021-07-27,Orange,059,3164182,266185,262193,12247,274440,5143
2021-07-27,Placer,061,380077,25578,24916,1876,26792,306
2021-07-27,Plumas,063,18699,760,752,14,766,5
2021-07-27,Riverside,065,2383286,305008,299160,14700,313860,4554
2021-07-27,Sacramento,067,1510023,116458,114413,2207,116620,1710
2021-07-27,San Benito,069,59416,6258,6229,117,6346,63
2021-07-27,San Bernardino,071,2135413,303127,299593,9436,309029,5236
2021-07-27,San Diego,073,3302833,297466,293408,17078,310486,3798
2021-07-27,San Francisco,075,870044,41317,39939,1534,41473,561
2021-07-27,San Joaquin,077,732212,77316,76166,3911,80077,1442
2021-07-27,San Luis Obispo,079,281455,22276,21803,804,22607,260
2021-07-27,San Mateo,081,765935,45078,44378,588,44966,547
2021-07-27,Santa Barbara,083,443738,35815,35355,1218,36573,467
2021-07-27,Santa Clara,085,1922200,123986,122154,861,123015,2099
2021-07-27,Santa Cruz,087,273765,16814,16523,829,17352,207
2021-07-27,Shasta,089,179085,13083,12846,1745,14591,212
2021-07-27,Sierra,091,2930,71,65,12,77,0
2021-07-27,Siskiyou,093,43540,2062,1964,435,2399,31
2021-07-27,Solano,095,438530,35898,35093,717,35810,261
2021-07-27,Sonoma,097,501317,33076,32367,391,32758,328
2021-07-27,Stanislaus,099,539301,59007,58333,6316,64649,1033
2021-07-27,Sutter,101,95872,10151,9998,105,10103,115
2021-07-27,Tehama,103,63373,5275,5192,614,5806,66
2021-07-27,Trinity,105,12862,510,351,115,466,3
2021-07-27,Tulare,107,460477,51279,50324,9610,59934,854
2021-07-27,Tuolumne,109,53932,4395,4282,44,4326,64
2021-07-27,Ventura,111,848112,84365,83189,3478,86667,1043
2021-07-27,Yolo,113,214977,15052,14759,473,15232,215
2021-07-27,Yuba,115,75493,6717,6564,144,6708,51
2021-07-26,Alameda,001,1643700,96216,94436,2208,96644,1259
2021-07-26,Alpine,003,1148,90,89,0,89,0
2021-07-26,Amador,005,37829,3911,3854,34,3888,48
2021-07-26,Butte,007,227075,13387,13082,1991,15073,203
2021-07-26,Calaveras,009,45235,2320,2276,15,2291,57
2021-07-26,Colusa,011,21464,2021,1996,351,2347,16
2021-07-26,Contra Costa,013,1133247,76493,74854,1523,76377,830
2021-07-26,Del Norte,015,27424,1628,1530,14,1544,8
2021-07-26,El Dorado,017,186661,11166,10899,858,11757,116
2021-07-26,Fresno,019,978130,105872,104143,9131,113274,1742
2021-07-26,Glenn,021,27897,2492,2461,587,3048,20
2021-07-26,Humboldt,023,135768,5077,4906,73,4979,52
2021-07-26,Imperial,025,180216,29291,29034,2779,31813,743
2021-07-26,Inyo,027,18085,1447,1429,12,1441,38
2021-07-26,Kern,029,883053,99845,98633,11858,110491,1351
2021-07-26,Kings,031,150075,23856,23426,1168,24594,247
2021-07-26,Lake,033,64148,4300,4133,15,4148,65
2021-07-26,Lassen,035,31185,5339,5314,120,5434,21
2021-07-26,Los Angeles,037,10098052,1256660,1241527,45427,1286954,24647
2021-07-26,Madera,039,155013,17271,16971,1011,17982,245
2021-07-26,Marin,041,260295,14907,14579,293,14872,239
2021-07-26,Mariposa,043,17540,475,467,11,478,5
2021-07-26,Mendocino,045,87422,4511,4354,93,4447,49
2021-07-26,Merced,047,269075,31971,31774,1117,32891,473
2021-07-26,Modoc,049,8938,424,413,148,561,5
2021-07-26,Mono,051,14174,1294,1286,18,1304,3
2021-07-26,Monterey,053,433212,43914,43595,1974,45569,521
2021-07-26,Napa,055,140530,10458,10332,50,10382,82
2021-07-26,Nevada,057,99092,5502,5280,204,5484,72
2021-07-26,Orange,059,3164182,265546,261803,12226,274029,5142
2021-07-26,Placer,061,380077,25442,24842,1855,26697,304
2021-07-26,Plumas,063,18699,756,750,14,764,5
2021-07-26,Riverside,065,2383286,304315,298626,14686,313312,4553
2021-07-26,Sacramento,067,1510023,115859,113986,2191,116177,1705
2021-07-26,San Benito,069,59416,6252,6222,117,6339,63
2021-07-26,San Bernardino,071,2135413,302512,299238,9424,308662,5237
2021-07-26,San Diego,073,3302833,296359,292688,16996,309684,3793
2021-07-26,San Francisco,075,870044,40956,39800,1508,41308,561
2021-07-26,San Joaquin,077,732212,77081,76033,3907,79940,1440
2021-07-26,San Luis Obispo,079,281455,22227,21752,801,22553,260
2021-07-26,San Mateo,081,765935,44930,44297,579,44876,547
2021-07-26,Santa Barbara,083,443738,35742,35311,1206,36517,467
2021-07-26,Santa Clara,085,1922200,123677,121978,852,122830,2099
2021-07-26,Santa Cruz,087,273765,16774,16493,826,17319,207
2021-07-26,Shasta,089,179085,13034,12819,1732,14551,211
2021-07-26,Sierra,091,2930,70,65,12,77,0
2021-07-26,Siskiyou,093,43540,2059,1962,433,2395,31
2021-07-26,Solano,095,438530,35743,34990,709,35699,259
2021-07-26,Sonoma,097,501317,32940,32283,389,32672,328
2021-07-26,Stanislaus,099,539301,58862,58219,6296,64515,1033
2021-07-26,Sutter,101,95872,10111,9963,102,10065,115
2021-07-26,Tehama,103,63373,5265,5183,610,5793,66
2021-07-26,Trinity,105,12862,510,351,114,465,3
2021-07-26,Tulare,107,460477,51213,50265,9579,59844,854
2021-07-26,Tuolumne,109,53932,4364,4271,44,4315,64
2021-07-26,Ventura,111,848112,84192,83072,3463,86535,1041
2021-07-26,Yolo,113,214977,14991,14727,461,15188,215
2021-07-26,Yuba,115,75493,6683,6538,142,6680,51
2021-07-25,Alameda,001,1643700,95723,94146,2202,96348,1259
2021-07-25,Alpine,003,1148,88,89,0,89,0
2021-07-25,Amador,005,37829,3896,3848,34,3882,48
2021-07-25,Butte,007,227075,13348,13074,1981,15055,203
2021-07-25,Calaveras,009,45235,2311,2275,15,2290,57
2021-07-25,Colusa,011,21464,2012,1996,347,2343,16
2021-07-25,Contra Costa,013,1133247,76008,74634,1509,76143,830
2021-07-25,Del Norte,015,27424,1607,1526,14,1540,8
2021-07-25,El Dorado,017,186661,11109,10878,855,11733,116
2021-07-25,Fresno,019,978130,105631,104019,9115,113134,1742
2021-07-25,Glenn,021,27897,2483,2461,585,3046,20
2021-07-25,Humboldt,023,135768,5018,4892,72,4964,52
2021-07-25,Imperial,025,180216,29254,29037,2779,31816,743
2021-07-25,Inyo,027,18085,1442,1427,12,1439,38
2021-07-25,Kern,029,883053,99673,98503,11787,110290,1351
2021-07-25,Kings,031,150075,23802,23396,1164,24560,247
2021-07-25,Lake,033,64148,4247,4109,14,4123,65
2021-07-25,Lassen,035,31185,5334,5314,120,5434,21
2021-07-25,Los Angeles,037,10098052,1253247,1239596,45230,1284826,24643
2021-07-25,Madera,039,155013,17234,16947,1004,17951,245
2021-07-25,Marin,041,260295,14857,14558,290,14848,239
2021-07-25,Mariposa,043,17540,472,465,11,476,5
2021-07-25,Mendocino,045,87422,4482,4335,91,4426,49
2021-07-25,Merced,047,269075,31898,31760,1115,32875,473
2021-07-25,Modoc,049,8938,424,413,148,561,5
2021-07-25,Mono,051,14174,1291,1286,18,1304,3
2021-07-25,Monterey,053,433212,43876,43590,1966,45556,521
2021-07-25,Napa,055,140530,10422,10316,49,10365,82
2021-07-25,Nevada,057,99092,5437,5256,201,5457,72
2021-07-25,Orange,059,3164182,264838,261351,12203,273554,5142
2021-07-25,Placer,061,380077,25320,24755,1834,26589,304
2021-07-25,Plumas,063,18699,754,750,14,764,5
2021-07-25,Riverside,065,2383286,303551,298181,14668,312849,4553
2021-07-25,Sacramento,067,1510023,115309,113611,2175,115786,1704
2021-07-25,San Benito,069,59416,6245,6217,117,6334,63
2021-07-25,San Bernardino,071,2135413,301852,298982,9418,308400,5237
2021-07-25,San Diego,073,3302833,295296,290626,16922,307548,3793
2021-07-25,San Francisco,075,870044,40606,39663,1482,41145,561
2021-07-25,San Joaquin,077,732212,76826,75926,3888,79814,1440
2021-07-25,San Luis Obispo,079,281455,22154,21741,798,22539,260
2021-07-25,San Mateo,081,765935,44767,44189,573,44762,547
2021-07-25,Santa Barbara,083,443738,35662,35261,1203,36464,467
2021-07-25,Santa Clara,085,1922200,123347,121800,847,122647,2099
2021-07-25,Santa Cruz,087,273765,16727,16474,825,17299,207
2021-07-25,Shasta,089,179085,12987,12815,1727,14542,211
2021-07-25,Sierra,091,2930,70,65,12,77,0
2021-07-25,Siskiyou,093,43540,2051,1963,430,2393,31
2021-07-25,Solano,095,438530,35551,34863,706,35569,259
2021-07-25,Sonoma,097,501317,32815,32202,386,32588,328
2021-07-25,Stanislaus,099,539301,58696,58154,6291,64445,1033
2021-07-25,Sutter,101,95872,10058,9937,100,10037,115
2021-07-25,Tehama,103,63373,5249,5181,609,5790,66
2021-07-25,Trinity,105,12862,508,351,112,463,3
2021-07-25,Tulare,107,460477,51138,50221,9541,59762,854
2021-07-25,Tuolumne,109,53932,4312,4267,44,4311,64
2021-07-25,Ventura,111,848112,83978,82986,3440,86426,1041
2021-07-25,Yolo,113,214977,14930,14693,447,15140,215
2021-07-25,Yuba,115,75493,6650,6519,142,6661,51
2021-07-24,Alameda,001,1643700,95446,93170,2198,95368,1259
2021-07-24,Alpine,003,1148,88,89,0,89,0
2021-07-24,Amador,005,37829,3887,3816,34,3850,48
2021-07-24,Butte,007,227075,13319,12982,1979,14961,203
2021-07-24,Calaveras,009,45235,2306,2267,15,2282,57
2021-07-24,Colusa,011,21464,2011,1992,345,2337,16
2021-07-24,Contra Costa,013,1133247,75780,73682,1506,75188,830
2021-07-24,Del Norte,015,27424,1596,1497,14,1511,8
2021-07-24,El Dorado,017,186661,11075,10773,852,11625,116
2021-07-24,Fresno,019,978130,105513,103637,9105,112742,1736
2021-07-24,Glenn,021,27897,2481,2457,585,3042,20
2021-07-24,Humboldt,023,135768,4983,4780,71,4851,52
2021-07-24,Imperial,025,180216,29234,28996,2779,31775,742
2021-07-24,Inyo,027,18085,1439,1424,12,1436,38
2021-07-24,Kern,029,883053,99595,98261,11765,110026,1350
2021-07-24,Kings,031,150075,23771,23304,1161,24465,246
2021-07-24,Lake,033,64148,4224,3963,14,3977,64
2021-07-24,Lassen,035,31185,5333,5311,120,5431,21
2021-07-24,Los Angeles,037,10098052,1251471,1232164,45097,1277261,24623
2021-07-24,Madera,039,155013,17210,16885,1002,17887,245
2021-07-24,Marin,041,260295,14818,14454,290,14744,238
2021-07-24,Mariposa,043,17540,472,453,11,464,5
2021-07-24,Mendocino,045,87422,4457,4293,91,4384,49
2021-07-24,Merced,047,269075,31876,31661,1114,32775,473
2021-07-24,Modoc,049,8938,424,413,148,561,5
2021-07-24,Mono,051,14174,1289,1284,18,1302,3
2021-07-24,Monterey,053,433212,43851,43525,1959,45484,521
2021-07-24,Napa,055,140530,10406,10230,49,10279,81
2021-07-24,Nevada,057,99092,5405,5183,201,5384,72
2021-07-24,Orange,059,3164182,264373,259973,12191,272164,5141
2021-07-24,Placer,061,380077,25237,24530,1829,26359,303
2021-07-24,Plumas,063,18699,753,737,14,751,4
2021-07-24,Riverside,065,2383286,303083,296912,14658,311570,4552
2021-07-24,Sacramento,067,1510023,114994,112438,2171,114609,1698
2021-07-24,San Benito,069,59416,6241,6200,116,6316,63
2021-07-24,San Bernardino,071,2135413,301461,297899,9409,307308,5236
2021-07-24,San Diego,073,3302833,294830,289368,16894,306262,3788
2021-07-24,San Francisco,075,870044,40432,38954,1466,40420,561
2021-07-24,San Joaquin,077,732212,76698,75461,3877,79338,1436
2021-07-24,San Luis Obispo,079,281455,22123,21616,796,22412,260
2021-07-24,San Mateo,081,765935,44650,43880,567,44447,542
2021-07-24,Santa Barbara,083,443738,35603,35071,1199,36270,465
2021-07-24,Santa Clara,085,1922200,123135,121092,846,121938,2099
2021-07-24,Santa Cruz,087,273765,16704,16416,825,17241,207
2021-07-24,Shasta,089,179085,12959,12759,1724,14483,211
2021-07-24,Sierra,091,2930,69,64,12,76,0
2021-07-24,Siskiyou,093,43540,2051,1951,430,2381,31
2021-07-24,Solano,095,438530,35459,34499,697,35196,259
2021-07-24,Sonoma,097,501317,32690,31928,384,32312,327
2021-07-24,Stanislaus,099,539301,58604,57879,6281,64160,1030
2021-07-24,Sutter,101,95872,10031,9890,100,9990,115
2021-07-24,Tehama,103,63373,5242,5166,607,5773,65
2021-07-24,Trinity,105,12862,508,345,112,457,3
2021-07-24,Tulare,107,460477,51095,50104,9523,59627,854
2021-07-24,Tuolumne,109,53932,4286,4216,44,4260,64
2021-07-24,Ventura,111,848112,83851,82687,3423,86110,1041
2021-07-24,Yolo,113,214977,14892,14557,444,15001,214
2021-07-24,Yuba,115,75493,6631,6449,142,6591,51
2021-07-23,Alameda,001,1643700,95194,93170,2193,95363,1259
2021-07-23,Alpine,003,1148,88,89,0,89,0
2021-07-23,Amador,005,37829,3880,3816,34,3850,48
2021-07-23,Butte,007,227075,13290,12982,1971,14953,203
2021-07-23,Calaveras,009,45235,2296,2267,15,2282,57
2021-07-23,Colusa,011,21464,2010,1992,345,2337,16
2021-07-23,Contra Costa,013,1133247,75520,73682,1496,75178,830
2021-07-23,Del Norte,015,27424,1588,1497,14,1511,8
2021-07-23,El Dorado,017,186661,11046,10773,848,11621,116
2021-07-23,Fresno,019,978130,105381,103637,9095,112732,1736
2021-07-23,Glenn,021,27897,2479,2457,582,3039,20
2021-07-23,Humboldt,023,135768,4961,4780,68,4848,52
2021-07-23,Imperial,025,180216,29222,28996,2779,31775,742
2021-07-23,Inyo,027,18085,1436,1424,12,1436,38
2021-07-23,Kern,029,883053,99513,98261,11739,110000,1350
2021-07-23,Kings,031,150075,23740,23304,1158,24462,246
2021-07-23,Lake,033,64148,4195,3963,14,3977,64
2021-07-23,Lassen,035,31185,5331,5311,120,5431,21
2021-07-23,Los Angeles,037,10098052,1249537,1232164,44986,1277150,24623
2021-07-23,Madera,039,155013,17180,16885,997,17882,245
2021-07-23,Marin,041,260295,14781,14454,288,14742,238
2021-07-23,Mariposa,043,17540,469,453,11,464,5
2021-07-23,Mendocino,045,87422,4444,4293,91,4384,49
2021-07-23,Merced,047,269075,31851,31661,1114,32775,473
2021-07-23,Modoc,049,8938,424,413,148,561,5
2021-07-23,Mono,051,14174,1288,1284,18,1302,3
2021-07-23,Monterey,053,433212,43825,43525,1959,45484,521
2021-07-23,Napa,055,140530,10385,10230,49,10279,81
2021-07-23,Nevada,057,99092,5361,5183,201,5384,72
2021-07-23,Orange,059,3164182,263923,259973,12168,272141,5141
2021-07-23,Placer,061,380077,25157,24530,1813,26343,303
2021-07-23,Plumas,063,18699,751,737,14,751,4
2021-07-23,Riverside,065,2383286,302617,296912,14646,311558,4552
2021-07-23,Sacramento,067,1510023,114640,112438,2169,114607,1698
2021-07-23,San Benito,069,59416,6235,6200,116,6316,63
2021-07-23,San Bernardino,071,2135413,301081,297899,9400,307299,5236
2021-07-23,San Diego,073,3302833,294224,289368,16846,306214,3788
2021-07-23,San Francisco,075,870044,40245,38954,1453,40407,561
2021-07-23,San Joaquin,077,732212,76594,75461,3862,79323,1436
2021-07-23,San Luis Obispo,079,281455,22084,21616,796,22412,260
2021-07-23,San Mateo,081,765935,44547,43880,562,44442,542
2021-07-23,Santa Barbara,083,443738,35538,35071,1198,36269,465
2021-07-23,Santa Clara,085,1922200,122916,121092,843,121935,2099
2021-07-23,Santa Cruz,087,273765,16679,16416,825,17241,207
2021-07-23,Shasta,089,179085,12932,12759,1721,14480,211
2021-07-23,Sierra,091,2930,69,64,12,76,0
2021-07-23,Siskiyou,093,43540,2049,1951,430,2381,31
2021-07-23,Solano,095,438530,35367,34499,693,35192,259
2021-07-23,Sonoma,097,501317,32595,31928,383,32311,327
2021-07-23,Stanislaus,099,539301,58528,57879,6272,64151,1030
2021-07-23,Sutter,101,95872,10002,9890,100,9990,115
2021-07-23,Tehama,103,63373,5233,5166,607,5773,65
2021-07-23,Trinity,105,12862,507,345,111,456,3
2021-07-23,Tulare,107,460477,51048,50104,9498,59602,854
2021-07-23,Tuolumne,109,53932,4264,4216,44,4260,64
2021-07-23,Ventura,111,848112,83689,82687,3405,86092,1041
2021-07-23,Yolo,113,214977,14855,14557,437,14994,214
2021-07-23,Yuba,115,75493,6605,6449,141,6590,51
2021-07-22,Alameda,001,1643700,94840,93170,2188,95358,1259
2021-07-22,Alpine,003,1148,88,89,0,89,0
2021-07-22,Amador,005,37829,3871,3816,34,3850,48
2021-07-22,Butte,007,227075,13256,12982,1962,14944,203
2021-07-22,Calaveras,009,45235,2286,2267,15,2282,57
2021-07-22,Colusa,011,21464,2008,1992,342,2334,16
2021-07-22,Contra Costa,013,1133247,75180,73682,1491,75173,830
2021-07-22,Del Norte,015,27424,1571,1497,14,1511,8
2021-07-22,El Dorado,017,186661,11011,10773,840,11613,116
2021-07-22,Fresno,019,978130,105252,103637,9085,112722,1736
2021-07-22,Glenn,021,27897,2475,2457,582,3039,20
2021-07-22,Humboldt,023,135768,4930,4780,66,4846,52
2021-07-22,Imperial,025,180216,29192,28996,2779,31775,742
2021-07-22,Inyo,027,18085,1434,1424,12,1436,38
2021-07-22,Kern,029,883053,99398,98261,11698,109959,1350
2021-07-22,Kings,031,150075,23701,23304,1156,24460,246
2021-07-22,Lake,033,64148,4144,3963,14,3977,64
2021-07-22,Lassen,035,31185,5328,5311,120,5431,21
2021-07-22,Los Angeles,037,10098052,1247114,1232164,44800,1276964,24623
2021-07-22,Madera,039,155013,17145,16885,995,17880,245
2021-07-22,Marin,041,260295,14740,14454,287,14741,238
2021-07-22,Mariposa,043,17540,462,453,11,464,5
2021-07-22,Mendocino,045,87422,4431,4293,90,4383,49
2021-07-22,Merced,047,269075,31809,31661,1112,32773,473
2021-07-22,Modoc,049,8938,424,413,148,561,5
2021-07-22,Mono,051,14174,1287,1284,18,1302,3
2021-07-22,Monterey,053,433212,43797,43525,1953,45478,521
2021-07-22,Napa,055,140530,10367,10230,49,10279,81
2021-07-22,Nevada,057,99092,5335,5183,200,5383,72
2021-07-22,Orange,059,3164182,263370,259973,12159,272132,5141
2021-07-22,Placer,061,380077,25063,24530,1802,26332,303
2021-07-22,Plumas,063,18699,750,737,14,751,4
2021-07-22,Riverside,065,2383286,302108,296912,14625,311537,4552
2021-07-22,Sacramento,067,1510023,114202,112438,2160,114598,1698
2021-07-22,San Benito,069,59416,6228,6200,116,6316,63
2021-07-22,San Bernardino,071,2135413,300678,297899,9384,307283,5236
2021-07-22,San Diego,073,3302833,293496,289368,16786,306154,3788
2021-07-22,San Francisco,075,870044,40032,38954,1441,40395,561
2021-07-22,San Joaquin,077,732212,76451,75461,3849,79310,1436
2021-07-22,San Luis Obispo,079,281455,22047,21616,792,22408,260
2021-07-22,San Mateo,081,765935,44435,43880,557,44437,542
2021-07-22,Santa Barbara,083,443738,35472,35071,1196,36267,465
2021-07-22,Santa Clara,085,1922200,122674,121092,840,121932,2099
2021-07-22,Santa Cruz,087,273765,16642,16416,824,17240,207
2021-07-22,Shasta,089,179085,12908,12759,1717,14476,211
2021-07-22,Sierra,091,2930,67,64,12,76,0
2021-07-22,Siskiyou,093,43540,2046,1951,430,2381,31
2021-07-22,Solano,095,438530,35221,34499,686,35185,259
2021-07-22,Sonoma,097,501317,32485,31928,381,32309,327
2021-07-22,Stanislaus,099,539301,58400,57879,6260,64139,1030
2021-07-22,Sutter,101,95872,9981,9890,100,9990,115
2021-07-22,Tehama,103,63373,5227,5166,607,5773,65
2021-07-22,Trinity,105,12862,507,345,111,456,3
2021-07-22,Tulare,107,460477,51005,50104,9470,59574,854
2021-07-22,Tuolumne,109,53932,4252,4216,44,4260,64
2021-07-22,Ventura,111,848112,83555,82687,3392,86079,1041
2021-07-22,Yolo,113,214977,14817,14557,436,14993,214
2021-07-22,Yuba,115,75493,6574,6449,138,6587,51
2021-07-21,Alameda,001,1643700,94521,92840,2184,95024,1256
2021-07-21,Alpine,003,1148,88,89,0,89,0
2021-07-21,Amador,005,37829,3858,3813,34,3847,48
2021-07-21,Butte,007,227075,13215,12939,1957,14896,203
2021-07-21,Calaveras,009,45235,2282,2257,15,2272,57
2021-07-21,Colusa,011,21464,2004,1988,341,2329,16
2021-07-21,Contra Costa,013,1133247,74916,73320,1482,74802,827
2021-07-21,Del Norte,015,27424,1561,1492,14,1506,8
2021-07-21,El Dorado,017,186661,10975,10742,836,11578,116
2021-07-21,Fresno,019,978130,105104,103504,9076,112580,1736
2021-07-21,Glenn,021,27897,2473,2455,581,3036,20
2021-07-21,Humboldt,023,135768,4898,4763,64,4827,52
2021-07-21,Imperial,025,180216,29180,28964,2776,31740,742
2021-07-21,Inyo,027,18085,1434,1423,12,1435,38
2021-07-21,Kern,029,883053,99280,98152,11657,109809,1350
2021-07-21,Kings,031,150075,23673,23270,1152,24422,246
2021-07-21,Lake,033,64148,4078,3896,14,3910,64
2021-07-21,Lassen,035,31185,5325,5310,120,5430,21
2021-07-21,Los Angeles,037,10098052,1244607,1229598,44662,1274260,24609
2021-07-21,Madera,039,155013,17121,16858,992,17850,245
2021-07-21,Marin,041,260295,14691,14427,287,14714,238
2021-07-21,Mariposa,043,17540,458,449,11,460,5
2021-07-21,Mendocino,045,87422,4413,4274,90,4364,49
2021-07-21,Merced,047,269075,31770,31607,1108,32715,473
2021-07-21,Modoc,049,8938,424,413,148,561,5
2021-07-21,Mono,051,14174,1284,1282,18,1300,3
2021-07-21,Monterey,053,433212,43767,43502,1949,45451,515
2021-07-21,Napa,055,140530,10341,10209,49,10258,81
2021-07-21,Nevada,057,99092,5300,5152,200,5352,72
2021-07-21,Orange,059,3164182,262817,259615,12128,271743,5139
2021-07-21,Placer,061,380077,24954,24441,1791,26232,303
2021-07-21,Plumas,063,18699,750,736,14,750,4
2021-07-21,Riverside,065,2383286,301595,296419,14608,311027,4552
2021-07-21,Sacramento,067,1510023,113780,112043,2149,114192,1696
2021-07-21,San Benito,069,59416,6218,6196,116,6312,63
2021-07-21,San Bernardino,071,2135413,300226,297519,9376,306895,5230
2021-07-21,San Diego,073,3302833,292645,288682,16723,305405,3787
2021-07-21,San Francisco,075,870044,39807,38699,1436,40135,559
2021-07-21,San Joaquin,077,732212,76262,75288,3837,79125,1434
2021-07-21,San Luis Obispo,079,281455,22010,21579,789,22368,260
2021-07-21,San Mateo,081,765935,44343,43755,553,44308,542
2021-07-21,Santa Barbara,083,443738,35413,34998,1180,36178,465
2021-07-21,Santa Clara,085,1922200,122464,120838,838,121676,2099
2021-07-21,Santa Cruz,087,273765,16608,16407,824,17231,207
2021-07-21,Shasta,089,179085,12875,12751,1714,14465,211
2021-07-21,Sierra,091,2930,67,64,12,76,0
2021-07-21,Siskiyou,093,43540,2044,1943,428,2371,31
2021-07-21,Solano,095,438530,35063,34374,681,35055,258
2021-07-21,Sonoma,097,501317,32369,31789,381,32170,327
2021-07-21,Stanislaus,099,539301,58298,57774,6250,64024,1028
2021-07-21,Sutter,101,95872,9957,9862,100,9962,113
2021-07-21,Tehama,103,63373,5223,5161,607,5768,65
2021-07-21,Trinity,105,12862,505,345,110,455,3
2021-07-21,Tulare,107,460477,50945,50066,9444,59510,854
2021-07-21,Tuolumne,109,53932,4215,4156,44,4200,64
2021-07-21,Ventura,111,848112,83433,82573,3380,85953,1041
2021-07-21,Yolo,113,214977,14775,14525,435,14960,213
2021-07-21,Yuba,115,75493,6546,6425,138,6563,52
2021-07-20,Alameda,001,1643700,94147,92625,2170,94795,1256
2021-07-20,Alpine,003,1148,88,89,0,89,0
2021-07-20,Amador,005,37829,3847,3807,34,3841,48
2021-07-20,Butte,007,227075,13178,12916,1952,14868,203
2021-07-20,Calaveras,009,45235,2279,2249,15,2264,57
2021-07-20,Colusa,011,21464,2004,1985,341,2326,16
2021-07-20,Contra Costa,013,1133247,74632,73143,1464,74607,825
2021-07-20,Del Norte,015,27424,1551,1490,14,1504,8
2021-07-20,El Dorado,017,186661,10935,10727,832,11559,116
2021-07-20,Fresno,019,978130,104968,103438,9057,112495,1736
2021-07-20,Glenn,021,27897,2473,2453,581,3034,20
2021-07-20,Humboldt,023,135768,4853,4735,62,4797,52
2021-07-20,Imperial,025,180216,29160,28933,2776,31709,742
2021-07-20,Inyo,027,18085,1430,1420,12,1432,36
2021-07-20,Kern,029,883053,99168,98082,11629,109711,1350
2021-07-20,Kings,031,150075,23632,23254,1148,24402,246
2021-07-20,Lake,033,64148,4053,3871,14,3885,64
2021-07-20,Lassen,035,31185,5325,5306,120,5426,21
2021-07-20,Los Angeles,037,10098052,1241815,1227404,44494,1271898,24603
2021-07-20,Madera,039,155013,17100,16856,988,17844,245
2021-07-20,Marin,041,260295,14655,14396,284,14680,234
2021-07-20,Mariposa,043,17540,456,448,11,459,5
2021-07-20,Mendocino,045,87422,4396,4259,90,4349,49
2021-07-20,Merced,047,269075,31731,31578,1101,32679,473
2021-07-20,Modoc,049,8938,424,413,148,561,5
2021-07-20,Mono,051,14174,1280,1281,18,1299,3
2021-07-20,Monterey,053,433212,43736,43481,1946,45427,515
2021-07-20,Napa,055,140530,10318,10191,49,10240,81
2021-07-20,Nevada,057,99092,5281,5148,199,5347,72
2021-07-20,Orange,059,3164182,262260,259303,12096,271399,5139
2021-07-20,Placer,061,380077,24862,24408,1768,26176,303
2021-07-20,Plumas,063,18699,748,736,14,750,4
2021-07-20,Riverside,065,2383286,301060,296118,14594,310712,4543
2021-07-20,Sacramento,067,1510023,113340,111796,2119,113915,1695
2021-07-20,San Benito,069,59416,6211,6196,116,6312,63
2021-07-20,San Bernardino,071,2135413,299815,297222,9351,306573,5231
2021-07-20,San Diego,073,3302833,291719,288209,16627,304836,3786
2021-07-20,San Francisco,075,870044,39548,38536,1425,39961,558
2021-07-20,San Joaquin,077,732212,76090,75198,3824,79022,1433
2021-07-20,San Luis Obispo,079,281455,21964,21556,788,22344,259
2021-07-20,San Mateo,081,765935,44225,43670,552,44222,542
2021-07-20,Santa Barbara,083,443738,35343,34935,1174,36109,462
2021-07-20,Santa Clara,085,1922200,122207,120704,835,121539,2098
2021-07-20,Santa Cruz,087,273765,16579,16399,824,17223,207
2021-07-20,Shasta,089,179085,12849,12734,1710,14444,211
2021-07-20,Sierra,091,2930,67,64,12,76,0
2021-07-20,Siskiyou,093,43540,2040,1931,427,2358,31
2021-07-20,Solano,095,438530,34928,34337,674,35011,258
2021-07-20,Sonoma,097,501317,32250,31763,380,32143,326
2021-07-20,Stanislaus,099,539301,58183,57706,6244,63950,1028
2021-07-20,Sutter,101,95872,9930,9854,97,9951,114
2021-07-20,Tehama,103,63373,5221,5153,607,5760,65
2021-07-20,Trinity,105,12862,503,344,109,453,3
2021-07-20,Tulare,107,460477,50903,50047,9427,59474,854
2021-07-20,Tuolumne,109,53932,4196,4156,44,4200,64
2021-07-20,Ventura,111,848112,83280,82504,3363,85867,1041
2021-07-20,Yolo,113,214977,14710,14495,432,14927,213
2021-07-20,Yuba,115,75493,6521,6393,135,6528,52
2021-07-19,Alameda,001,1643700,93773,92357,2154,94511,1256
2021-07-19,Alpine,003,1148,88,89,0,89,0
2021-07-19,Amador,005,37829,3843,3802,34,3836,48
2021-07-19,Butte,007,227075,13134,12901,1946,14847,202
2021-07-19,Calaveras,009,45235,2275,2245,15,2260,57
2021-07-19,Colusa,011,21464,2002,1981,340,2321,16
2021-07-19,Contra Costa,013,1133247,74319,72935,1444,74379,825
2021-07-19,Del Norte,015,27424,1538,1484,14,1498,8
2021-07-19,El Dorado,017,186661,10905,10703,824,11527,114
2021-07-19,Fresno,019,978130,104838,103350,9044,112394,1731
2021-07-19,Glenn,021,27897,2473,2452,580,3032,20
2021-07-19,Humboldt,023,135768,4823,4719,60,4779,52
2021-07-19,Imperial,025,180216,29133,28888,2775,31663,742
2021-07-19,Inyo,027,18085,1429,1417,12,1429,36
2021-07-19,Kern,029,883053,99054,97999,11595,109594,1349
2021-07-19,Kings,031,150075,23602,23221,1142,24363,246
2021-07-19,Lake,033,64148,4017,3848,14,3862,64
2021-07-19,Lassen,035,31185,5324,5305,120,5425,21
2021-07-19,Los Angeles,037,10098052,1239217,1225946,44298,1270244,24600
2021-07-19,Madera,039,155013,17077,16846,985,17831,244
2021-07-19,Marin,041,260295,14620,14369,281,14650,234
2021-07-19,Mariposa,043,17540,450,447,11,458,5
2021-07-19,Mendocino,045,87422,4378,4251,90,4341,49
2021-07-19,Merced,047,269075,31667,31565,1094,32659,472
2021-07-19,Modoc,049,8938,423,413,148,561,5
2021-07-19,Mono,051,14174,1278,1280,18,1298,3
2021-07-19,Monterey,053,433212,43712,43436,1945,45381,515
2021-07-19,Napa,055,140530,10293,10180,47,10227,81
2021-07-19,Nevada,057,99092,5253,5133,198,5331,72
2021-07-19,Orange,059,3164182,261737,258927,12064,270991,5138
2021-07-19,Placer,061,380077,24763,24359,1746,26105,303
2021-07-19,Plumas,063,18699,748,730,14,744,4
2021-07-19,Riverside,065,2383286,300570,295736,14556,310292,4543
2021-07-19,Sacramento,067,1510023,112976,111470,2095,113565,1696
2021-07-19,San Benito,069,59416,6208,6193,116,6309,63
2021-07-19,San Bernardino,071,2135413,299442,296929,9333,306262,5235
2021-07-19,San Diego,073,3302833,290822,287695,16522,304217,3786
2021-07-19,San Francisco,075,870044,39276,38463,1412,39875,560
2021-07-19,San Joaquin,077,732212,75925,75086,3818,78904,1431
2021-07-19,San Luis Obispo,079,281455,21919,21531,784,22315,259
2021-07-19,San Mateo,081,765935,44083,43563,543,44106,542
2021-07-19,Santa Barbara,083,443738,35271,34904,1172,36076,461
2021-07-19,Santa Clara,085,1922200,121949,120554,834,121388,2098
2021-07-19,Santa Cruz,087,273765,16563,16387,824,17211,207
2021-07-19,Shasta,089,179085,12831,12723,1708,14431,209
2021-07-19,Sierra,091,2930,66,64,12,76,0
2021-07-19,Siskiyou,093,43540,2035,1927,425,2352,31
2021-07-19,Solano,095,438530,34753,34262,663,34925,261
2021-07-19,Sonoma,097,501317,32129,31713,379,32092,325
2021-07-19,Stanislaus,099,539301,58082,57644,6234,63878,1027
2021-07-19,Sutter,101,95872,9914,9834,97,9931,114
2021-07-19,Tehama,103,63373,5215,5152,605,5757,65
2021-07-19,Trinity,105,12862,503,344,108,452,3
2021-07-19,Tulare,107,460477,50857,49994,9410,59404,855
2021-07-19,Tuolumne,109,53932,4186,4151,44,4195,64
2021-07-19,Ventura,111,848112,83184,82409,3341,85750,1041
2021-07-19,Yolo,113,214977,14678,14439,430,14869,213
2021-07-19,Yuba,115,75493,6497,6370,135,6505,52
2021-07-18,Alameda,001,1643700,93417,92162,2141,94303,1256
2021-07-18,Alpine,003,1148,88,89,0,89,0
2021-07-18,Amador,005,37829,3832,3799,34,3833,48
2021-07-18,Butte,007,227075,13091,12888,1941,14829,202
2021-07-18,Calaveras,009,45235,2272,2243,15,2258,57
2021-07-18,Colusa,011,21464,2002,1981,339,2320,16
2021-07-18,Contra Costa,013,1133247,74003,72849,1426,74275,825
2021-07-18,Del Norte,015,27424,1529,1482,14,1496,8
2021-07-18,El Dorado,017,186661,10867,10687,816,11503,114
2021-07-18,Fresno,019,978130,104684,103298,9026,112324,1731
2021-07-18,Glenn,021,27897,2472,2452,579,3031,20
2021-07-18,Humboldt,023,135768,4787,4714,60,4774,52
2021-07-18,Imperial,025,180216,29096,28877,2774,31651,742
2021-07-18,Inyo,027,18085,1425,1417,12,1429,36
2021-07-18,Kern,029,883053,98928,97963,11553,109516,1349
2021-07-18,Kings,031,150075,23581,23203,1138,24341,246
2021-07-18,Lake,033,64148,3981,3825,14,3839,64
2021-07-18,Lassen,035,31185,5324,5305,120,5425,21
2021-07-18,Los Angeles,037,10098052,1236529,1224691,44106,1268797,24598
2021-07-18,Madera,039,155013,17052,16838,981,17819,244
2021-07-18,Marin,041,260295,14584,14358,279,14637,234
2021-07-18,Mariposa,043,17540,449,447,11,458,5
2021-07-18,Mendocino,045,87422,4357,4246,90,4336,49
2021-07-18,Merced,047,269075,31636,31537,1092,32629,471
2021-07-18,Modoc,049,8938,423,413,148,561,5
2021-07-18,Mono,051,14174,1277,1280,18,1298,3
2021-07-18,Monterey,053,433212,43694,43422,1936,45358,515
2021-07-18,Napa,055,140530,10276,10174,44,10218,81
2021-07-18,Nevada,057,99092,5227,5124,198,5322,72
2021-07-18,Orange,059,3164182,261252,258724,12034,270758,5138
2021-07-18,Placer,061,380077,24696,24313,1719,26032,303
2021-07-18,Plumas,063,18699,748,730,14,744,4
2021-07-18,Riverside,065,2383286,300078,295522,14514,310036,4543
2021-07-18,Sacramento,067,1510023,112544,111255,2063,113318,1696
2021-07-18,San Benito,069,59416,6200,6191,116,6307,63
2021-07-18,San Bernardino,071,2135413,298968,296739,9318,306057,5233
2021-07-18,San Diego,073,3302833,290005,286287,16438,302725,3786
2021-07-18,San Francisco,075,870044,39042,38367,1401,39768,560
2021-07-18,San Joaquin,077,732212,75748,74997,3805,78802,1431
2021-07-18,San Luis Obispo,079,281455,21884,21527,781,22308,259
2021-07-18,San Mateo,081,765935,43970,43506,537,44043,542
2021-07-18,Santa Barbara,083,443738,35206,34880,1170,36050,461
2021-07-18,Santa Clara,085,1922200,121735,120438,827,121265,2098
2021-07-18,Santa Cruz,087,273765,16531,16372,823,17195,207
2021-07-18,Shasta,089,179085,12806,12714,1704,14418,209
2021-07-18,Sierra,091,2930,66,64,12,76,0
2021-07-18,Siskiyou,093,43540,2029,1927,420,2347,31
2021-07-18,Solano,095,438530,34625,34215,659,34874,261
2021-07-18,Sonoma,097,501317,32024,31675,378,32053,325
2021-07-18,Stanislaus,099,539301,57971,57600,6209,63809,1028
2021-07-18,Sutter,101,95872,9882,9826,97,9923,114
2021-07-18,Tehama,103,63373,5212,5150,604,5754,65
2021-07-18,Trinity,105,12862,503,344,108,452,3
2021-07-18,Tulare,107,460477,50804,49985,9387,59372,855
2021-07-18,Tuolumne,109,53932,4168,4149,44,4193,64
2021-07-18,Ventura,111,848112,83070,82361,3317,85678,1041
2021-07-18,Yolo,113,214977,14619,14425,424,14849,213
2021-07-18,Yuba,115,75493,6456,6357,135,6492,52
2021-07-17,Alameda,001,1643700,93200,91346,2129,93475,1255
2021-07-17,Alpine,003,1148,88,89,0,89,0
2021-07-17,Amador,005,37829,3823,3785,34,3819,48
2021-07-17,Butte,007,227075,13077,12824,1936,14760,202
2021-07-17,Calaveras,009,45235,2266,2237,15,2252,57
2021-07-17,Colusa,011,21464,1999,1976,339,2315,16
2021-07-17,Contra Costa,013,1133247,73821,72254,1413,73667,824
2021-07-17,Del Norte,015,27424,1521,1475,14,1489,8
2021-07-17,El Dorado,017,186661,10840,10622,812,11434,114
2021-07-17,Fresno,019,978130,104611,103055,9012,112067,1730
2021-07-17,Glenn,021,27897,2471,2451,579,3030,20
2021-07-17,Humboldt,023,135768,4774,4654,59,4713,52
2021-07-17,Imperial,025,180216,29080,28840,2774,31614,742
2021-07-17,Inyo,027,18085,1425,1416,12,1428,36
2021-07-17,Kern,029,883053,98871,97796,11516,109312,1348
2021-07-17,Kings,031,150075,23561,23163,1137,24300,246
2021-07-17,Lake,033,64148,3956,3760,14,3774,64
2021-07-17,Lassen,035,31185,5324,5302,120,5422,21
2021-07-17,Los Angeles,037,10098052,1235005,1219733,43962,1263695,24582
2021-07-17,Madera,039,155013,17044,16804,981,17785,240
2021-07-17,Marin,041,260295,14566,14297,277,14574,234
2021-07-17,Mariposa,043,17540,449,445,11,456,5
2021-07-17,Mendocino,045,87422,4345,4209,90,4299,49
2021-07-17,Merced,047,269075,31615,31451,1088,32539,471
2021-07-17,Modoc,049,8938,423,412,148,560,5
2021-07-17,Mono,051,14174,1275,1277,18,1295,3
2021-07-17,Monterey,053,433212,43671,43367,1931,45298,515
2021-07-17,Napa,055,140530,10260,10129,44,10173,81
2021-07-17,Nevada,057,99092,5212,5066,198,5264,72
2021-07-17,Orange,059,3164182,260945,257805,11995,269800,5136
2021-07-17,Placer,061,380077,24629,24169,1705,25874,303
2021-07-17,Plumas,063,18699,743,721,14,735,4
2021-07-17,Riverside,065,2383286,299771,294751,14482,309233,4542
2021-07-17,Sacramento,067,1510023,112309,110432,2041,112473,1694
2021-07-17,San Benito,069,59416,6194,6181,116,6297,63
2021-07-17,San Bernardino,071,2135413,298732,296048,9299,305347,5218
2021-07-17,San Diego,073,3302833,289598,285698,16370,302068,3786
2021-07-17,San Francisco,075,870044,38920,37978,1397,39375,560
2021-07-17,San Joaquin,077,732212,75661,74695,3799,78494,1430
2021-07-17,San Luis Obispo,079,281455,21857,21462,781,22243,258
2021-07-17,San Mateo,081,765935,43899,43324,536,43860,542
2021-07-17,Santa Barbara,083,443738,35165,34769,1167,35936,461
2021-07-17,Santa Clara,085,1922200,121563,119980,824,120804,2097
2021-07-17,Santa Cruz,087,273765,16524,16337,823,17160,207
2021-07-17,Shasta,089,179085,12791,12683,1699,14382,210
2021-07-17,Sierra,091,2930,66,62,12,74,0
2021-07-17,Siskiyou,093,43540,2024,1922,417,2339,29
2021-07-17,Solano,095,438530,34560,34015,651,34666,263
2021-07-17,Sonoma,097,501317,31956,31536,377,31913,322
2021-07-17,Stanislaus,099,539301,57894,57400,6195,63595,1028
2021-07-17,Sutter,101,95872,9872,9778,97,9875,114
2021-07-17,Tehama,103,63373,5209,5145,604,5749,64
2021-07-17,Trinity,105,12862,502,341,108,449,3
2021-07-17,Tulare,107,460477,50783,49937,9375,59312,854
2021-07-17,Tuolumne,109,53932,4158,4131,44,4175,64
2021-07-17,Ventura,111,848112,83001,82125,3306,85431,1041
2021-07-17,Yolo,113,214977,14587,14356,417,14773,213
2021-07-17,Yuba,115,75493,6445,6309,135,6444,52
2021-07-16,Alameda,001,1643700,92960,91346,2117,93463,1255
2021-07-16,Alpine,003,1148,88,89,0,89,0
2021-07-16,Amador,005,37829,3820,3785,34,3819,48
2021-07-16,Butte,007,227075,13052,12824,1933,14757,202
2021-07-16,Calaveras,009,45235,2265,2237,15,2252,57
2021-07-16,Colusa,011,21464,1997,1976,338,2314,16
2021-07-16,Contra Costa,013,1133247,73633,72254,1409,73663,824
2021-07-16,Del Norte,015,27424,1519,1475,14,1489,8
2021-07-16,El Dorado,017,186661,10821,10622,811,11433,114
2021-07-16,Fresno,019,978130,104559,103055,8992,112047,1730
2021-07-16,Glenn,021,27897,2471,2451,579,3030,20
2021-07-16,Humboldt,023,135768,4752,4654,59,4713,52
2021-07-16,Imperial,025,180216,29068,28840,2774,31614,742
2021-07-16,Inyo,027,18085,1423,1416,12,1428,36
2021-07-16,Kern,029,883053,98809,97796,11476,109272,1348
2021-07-16,Kings,031,150075,23536,23163,1135,24298,246
2021-07-16,Lake,033,64148,3929,3760,14,3774,64
2021-07-16,Lassen,035,31185,5323,5302,120,5422,21
2021-07-16,Los Angeles,037,10098052,1233505,1219733,43815,1263548,24582
2021-07-16,Madera,039,155013,17026,16804,981,17785,240
2021-07-16,Marin,041,260295,14542,14297,274,14571,234
2021-07-16,Mariposa,043,17540,449,445,11,456,5
2021-07-16,Mendocino,045,87422,4336,4209,89,4298,49
2021-07-16,Merced,047,269075,31593,31451,1086,32537,471
2021-07-16,Modoc,049,8938,423,412,148,560,5
2021-07-16,Mono,051,14174,1274,1277,18,1295,3
2021-07-16,Monterey,053,433212,43649,43367,1930,45297,515
2021-07-16,Napa,055,140530,10236,10129,43,10172,81
2021-07-16,Nevada,057,99092,5202,5066,198,5264,72
2021-07-16,Orange,059,3164182,260673,257805,11955,269760,5136
2021-07-16,Placer,061,380077,24576,24169,1700,25869,303
2021-07-16,Plumas,063,18699,742,721,14,735,4
2021-07-16,Riverside,065,2383286,299495,294751,14456,309207,4542
2021-07-16,Sacramento,067,1510023,112092,110432,2028,112460,1694
2021-07-16,San Benito,069,59416,6192,6181,116,6297,63
2021-07-16,San Bernardino,071,2135413,298454,296048,9282,305330,5218
2021-07-16,San Diego,073,3302833,289155,285698,16323,302021,3786
2021-07-16,San Francisco,075,870044,38803,37978,1392,39370,560
2021-07-16,San Joaquin,077,732212,75566,74695,3796,78491,1430
2021-07-16,San Luis Obispo,079,281455,21840,21462,781,22243,258
2021-07-16,San Mateo,081,765935,43846,43324,535,43859,542
2021-07-16,Santa Barbara,083,443738,35127,34769,1167,35936,461
2021-07-16,Santa Clara,085,1922200,121416,119980,816,120796,2097
2021-07-16,Santa Cruz,087,273765,16511,16337,823,17160,207
2021-07-16,Shasta,089,179085,12781,12683,1698,14381,210
2021-07-16,Sierra,091,2930,66,62,12,74,0
2021-07-16,Siskiyou,093,43540,2022,1922,415,2337,29
2021-07-16,Solano,095,438530,34493,34015,643,34658,263
2021-07-16,Sonoma,097,501317,31904,31536,374,31910,322
2021-07-16,Stanislaus,099,539301,57844,57400,6185,63585,1028
2021-07-16,Sutter,101,95872,9860,9778,97,9875,114
2021-07-16,Tehama,103,63373,5207,5145,604,5749,64
2021-07-16,Trinity,105,12862,502,341,107,448,3
2021-07-16,Tulare,107,460477,50759,49937,9365,59302,854
2021-07-16,Tuolumne,109,53932,4152,4131,44,4175,64
2021-07-16,Ventura,111,848112,82936,82125,3299,85424,1041
2021-07-16,Yolo,113,214977,14561,14356,413,14769,213
2021-07-16,Yuba,115,75493,6423,6309,134,6443,52
2021-07-15,Alameda,001,1643700,92664,91346,2107,93453,1255
2021-07-15,Alpine,003,1148,88,89,0,89,0
2021-07-15,Amador,005,37829,3817,3785,34,3819,48
2021-07-15,Butte,007,227075,13026,12824,1931,14755,202
2021-07-15,Calaveras,009,45235,2262,2237,15,2252,57
2021-07-15,Colusa,011,21464,1996,1976,337,2313,16
2021-07-15,Contra Costa,013,1133247,73420,72254,1402,73656,824
2021-07-15,Del Norte,015,27424,1516,1475,14,1489,8
2021-07-15,El Dorado,017,186661,10794,10622,809,11431,114
2021-07-15,Fresno,019,978130,104462,103055,8972,112027,1730
2021-07-15,Glenn,021,27897,2471,2451,579,3030,20
2021-07-15,Humboldt,023,135768,4734,4654,58,4712,52
2021-07-15,Imperial,025,180216,29045,28840,2774,31614,742
2021-07-15,Inyo,027,18085,1423,1416,12,1428,36
2021-07-15,Kern,029,883053,98739,97796,11448,109244,1348
2021-07-15,Kings,031,150075,23498,23163,1132,24295,246
2021-07-15,Lake,033,64148,3890,3760,14,3774,64
2021-07-15,Lassen,035,31185,5322,5302,120,5422,21
2021-07-15,Los Angeles,037,10098052,1231527,1219733,43655,1263388,24582
2021-07-15,Madera,039,155013,17004,16804,977,17781,240
2021-07-15,Marin,041,260295,14517,14297,274,14571,234
2021-07-15,Mariposa,043,17540,449,445,11,456,5
2021-07-15,Mendocino,045,87422,4328,4209,88,4297,49
2021-07-15,Merced,047,269075,31563,31451,1086,32537,471
2021-07-15,Modoc,049,8938,423,412,148,560,5
2021-07-15,Mono,051,14174,1274,1277,18,1295,3
2021-07-15,Monterey,053,433212,43620,43367,1927,45294,515
2021-07-15,Napa,055,140530,10211,10129,42,10171,81
2021-07-15,Nevada,057,99092,5185,5066,197,5263,72
2021-07-15,Orange,059,3164182,260322,257805,11924,269729,5136
2021-07-15,Placer,061,380077,24516,24169,1683,25852,303
2021-07-15,Plumas,063,18699,741,721,14,735,4
2021-07-15,Riverside,065,2383286,299173,294751,14441,309192,4542
2021-07-15,Sacramento,067,1510023,111788,110432,2011,112443,1694
2021-07-15,San Benito,069,59416,6190,6181,116,6297,63
2021-07-15,San Bernardino,071,2135413,298149,296048,9267,305315,5218
2021-07-15,San Diego,073,3302833,288517,285698,16245,301943,3786
2021-07-15,San Francisco,075,870044,38651,37978,1384,39362,560
2021-07-15,San Joaquin,077,732212,75449,74695,3791,78486,1430
2021-07-15,San Luis Obispo,079,281455,21808,21462,781,22243,258
2021-07-15,San Mateo,081,765935,43742,43324,530,43854,542
2021-07-15,Santa Barbara,083,443738,35071,34769,1166,35935,461
2021-07-15,Santa Clara,085,1922200,121294,119980,813,120793,2097
2021-07-15,Santa Cruz,087,273765,16498,16337,823,17160,207
2021-07-15,Shasta,089,179085,12773,12683,1694,14377,210
2021-07-15,Sierra,091,2930,66,62,12,74,0
2021-07-15,Siskiyou,093,43540,2021,1922,415,2337,29
2021-07-15,Solano,095,438530,34418,34015,637,34652,263
2021-07-15,Sonoma,097,501317,31843,31536,374,31910,322
2021-07-15,Stanislaus,099,539301,57775,57400,6172,63572,1028
2021-07-15,Sutter,101,95872,9840,9778,96,9874,114
2021-07-15,Tehama,103,63373,5201,5145,603,5748,64
2021-07-15,Trinity,105,12862,502,341,107,448,3
2021-07-15,Tulare,107,460477,50739,49937,9348,59285,854
2021-07-15,Tuolumne,109,53932,4140,4131,44,4175,64
2021-07-15,Ventura,111,848112,82859,82125,3294,85419,1041
2021-07-15,Yolo,113,214977,14534,14356,412,14768,213
2021-07-15,Yuba,115,75493,6408,6309,133,6442,52
2021-07-14,Alameda,001,1643700,92403,91092,2089,93181,1255
2021-07-14,Alpine,003,1148,88,89,0,89,0
2021-07-14,Amador,005,37829,3809,3784,34,3818,48
2021-07-14,Butte,007,227075,12999,12813,1924,14737,202
2021-07-14,Calaveras,009,45235,2255,2234,15,2249,57
2021-07-14,Colusa,011,21464,1993,1974,337,2311,16
2021-07-14,Contra Costa,013,1133247,73193,72091,1390,73481,823
2021-07-14,Del Norte,015,27424,1515,1472,14,1486,8
2021-07-14,El Dorado,017,186661,10768,10598,806,11404,114
2021-07-14,Fresno,019,978130,104382,102966,8961,111927,1728
2021-07-14,Glenn,021,27897,2471,2449,579,3028,20
2021-07-14,Humboldt,023,135768,4711,4644,56,4700,52
2021-07-14,Imperial,025,180216,29016,28822,2774,31596,742
2021-07-14,Inyo,027,18085,1422,1415,12,1427,36
2021-07-14,Kern,029,883053,98675,97736,11423,109159,1346
2021-07-14,Kings,031,150075,23485,23142,1132,24274,246
2021-07-14,Lake,033,64148,3857,3739,14,3753,63
2021-07-14,Lassen,035,31185,5321,5298,120,5418,21
2021-07-14,Los Angeles,037,10098052,1229516,1218265,43512,1261777,24578
2021-07-14,Madera,039,155013,16992,16786,975,17761,240
2021-07-14,Marin,041,260295,14483,14269,272,14541,233
2021-07-14,Mariposa,043,17540,447,445,11,456,5
2021-07-14,Mendocino,045,87422,4315,4193,88,4281,49
2021-07-14,Merced,047,269075,31526,31412,1082,32494,471
2021-07-14,Modoc,049,8938,423,412,148,560,4
2021-07-14,Mono,051,14174,1274,1278,18,1296,3
2021-07-14,Monterey,053,433212,43596,43347,1925,45272,504
2021-07-14,Napa,055,140530,10189,10121,42,10163,81
2021-07-14,Nevada,057,99092,5165,5058,197,5255,72
2021-07-14,Orange,059,3164182,260005,257558,11894,269452,5137
2021-07-14,Placer,061,380077,24463,24125,1671,25796,303
2021-07-14,Plumas,063,18699,734,719,14,733,4
2021-07-14,Riverside,065,2383286,298848,294511,14425,308936,4542
2021-07-14,Sacramento,067,1510023,111460,110193,1987,112180,1688
2021-07-14,San Benito,069,59416,6187,6177,116,6293,63
2021-07-14,San Bernardino,071,2135413,297849,295820,9252,305072,5193
2021-07-14,San Diego,073,3302833,287945,285269,16165,301434,3786
2021-07-14,San Francisco,075,870044,38512,37836,1378,39214,559
2021-07-14,San Joaquin,077,732212,75357,74599,3782,78381,1416
2021-07-14,San Luis Obispo,079,281455,21786,21444,779,22223,258
2021-07-14,San Mateo,081,765935,43643,43249,526,43775,542
2021-07-14,Santa Barbara,083,443738,35029,34719,1164,35883,461
2021-07-14,Santa Clara,085,1922200,121144,119844,810,120654,2098
2021-07-14,Santa Cruz,087,273765,16486,16326,823,17149,207
2021-07-14,Shasta,089,179085,12753,12669,1691,14360,209
2021-07-14,Sierra,091,2930,66,62,12,74,0
2021-07-14,Siskiyou,093,43540,2014,1922,412,2334,29
2021-07-14,Solano,095,438530,34345,33948,637,34585,268
2021-07-14,Sonoma,097,501317,31791,31470,374,31844,322
2021-07-14,Stanislaus,099,539301,57700,57340,6160,63500,1028
2021-07-14,Sutter,101,95872,9818,9766,96,9862,114
2021-07-14,Tehama,103,63373,5199,5142,603,5745,64
2021-07-14,Trinity,105,12862,502,341,107,448,3
2021-07-14,Tulare,107,460477,50722,49908,9334,59242,853
2021-07-14,Tuolumne,109,53932,4137,4128,43,4171,64
2021-07-14,Ventura,111,848112,82765,82041,3283,85324,1040
2021-07-14,Yolo,113,214977,14501,14332,409,14741,213
2021-07-14,Yuba,115,75493,6390,6294,133,6427,52
2021-07-13,Alameda,001,1643700,92138,90874,2079,92953,1255
2021-07-13,Alpine,003,1148,88,89,0,89,0
2021-07-13,Amador,005,37829,3802,3783,34,3817,48
2021-07-13,Butte,007,227075,12985,12802,1923,14725,202
2021-07-13,Calaveras,009,45235,2251,2230,15,2245,57
2021-07-13,Colusa,011,21464,1991,1972,333,2305,16
2021-07-13,Contra Costa,013,1133247,72967,71963,1381,73344,823
2021-07-13,Del Norte,015,27424,1511,1471,14,1485,8
2021-07-13,El Dorado,017,186661,10750,10581,803,11384,114
2021-07-13,Fresno,019,978130,104306,102909,8951,111860,1727
2021-07-13,Glenn,021,27897,2469,2448,579,3027,20
2021-07-13,Humboldt,023,135768,4696,4634,56,4690,51
2021-07-13,Imperial,025,180216,29005,28792,2774,31566,741
2021-07-13,Inyo,027,18085,1421,1415,12,1427,36
2021-07-13,Kern,029,883053,98586,97698,11384,109082,1346
2021-07-13,Kings,031,150075,23467,23132,1132,24264,246
2021-07-13,Lake,033,64148,3830,3719,13,3732,63
2021-07-13,Lassen,035,31185,5319,5292,120,5412,21
2021-07-13,Los Angeles,037,10098052,1227667,1217184,43342,1260526,24569
2021-07-13,Madera,039,155013,16982,16773,971,17744,240
2021-07-13,Marin,041,260295,14454,14254,271,14525,233
2021-07-13,Mariposa,043,17540,446,443,11,454,5
2021-07-13,Mendocino,045,87422,4308,4185,88,4273,49
2021-07-13,Merced,047,269075,31505,31379,1079,32458,471
2021-07-13,Modoc,049,8938,423,411,148,559,4
2021-07-13,Mono,051,14174,1273,1277,18,1295,3
2021-07-13,Monterey,053,433212,43578,43333,1921,45254,504
2021-07-13,Napa,055,140530,10168,10118,42,10160,81
2021-07-13,Nevada,057,99092,5140,5053,197,5250,72
2021-07-13,Orange,059,3164182,259675,257339,11865,269204,5136
2021-07-13,Placer,061,380077,24417,24091,1658,25749,303
2021-07-13,Plumas,063,18699,733,716,14,730,4
2021-07-13,Riverside,065,2383286,298525,294302,14398,308700,4541
2021-07-13,Sacramento,067,1510023,111150,109990,1964,111954,1687
2021-07-13,San Benito,069,59416,6185,6173,116,6289,63
2021-07-13,San Bernardino,071,2135413,297573,295596,9230,304826,5183
2021-07-13,San Diego,073,3302833,287397,284997,16086,301083,3785
2021-07-13,San Francisco,075,870044,38368,37725,1372,39097,559
2021-07-13,San Joaquin,077,732212,75241,74500,3779,78279,1417
2021-07-13,San Luis Obispo,079,281455,21760,21423,776,22199,258
2021-07-13,San Mateo,081,765935,43574,43180,525,43705,542
2021-07-13,Santa Barbara,083,443738,34980,34679,1161,35840,461
2021-07-13,Santa Clara,085,1922200,120991,119727,806,120533,2098
2021-07-13,Santa Cruz,087,273765,16477,16315,821,17136,207
2021-07-13,Shasta,089,179085,12740,12659,1684,14343,209
2021-07-13,Sierra,091,2930,66,62,12,74,0
2021-07-13,Siskiyou,093,43540,2013,1916,410,2326,29
2021-07-13,Solano,095,438530,34280,33918,631,34549,268
2021-07-13,Sonoma,097,501317,31732,31431,374,31805,322
2021-07-13,Stanislaus,099,539301,57630,57282,6145,63427,1028
2021-07-13,Sutter,101,95872,9800,9752,95,9847,114
2021-07-13,Tehama,103,63373,5192,5144,603,5747,64
2021-07-13,Trinity,105,12862,502,341,106,447,3
2021-07-13,Tulare,107,460477,50697,49891,9318,59209,853
2021-07-13,Tuolumne,109,53932,4129,4122,42,4164,64
2021-07-13,Ventura,111,848112,82680,81982,3258,85240,1040
2021-07-13,Yolo,113,214977,14473,14320,402,14722,213
2021-07-13,Yuba,115,75493,6373,6279,133,6412,52
2021-07-12,Alameda,001,1643700,91878,90720,2072,92792,1254
2021-07-12,Alpine,003,1148,88,89,0,89,0
2021-07-12,Amador,005,37829,3795,3781,34,3815,47
2021-07-12,Butte,007,227075,12965,12796,1921,14717,202
2021-07-12,Calaveras,009,45235,2249,2228,15,2243,57
2021-07-12,Colusa,011,21464,1987,1971,332,2303,16
2021-07-12,Contra Costa,013,1133247,72766,71833,1376,73209,823
2021-07-12,Del Norte,015,27424,1508,1469,14,1483,8
2021-07-12,El Dorado,017,186661,10722,10569,801,11370,114
2021-07-12,Fresno,019,978130,104212,102853,8938,111791,1728
2021-07-12,Glenn,021,27897,2469,2446,579,3025,20
2021-07-12,Humboldt,023,135768,4680,4621,56,4677,51
2021-07-12,Imperial,025,180216,28975,28789,2774,31563,741
2021-07-12,Inyo,027,18085,1421,1415,12,1427,36
2021-07-12,Kern,029,883053,98517,97660,11359,109019,1346
2021-07-12,Kings,031,150075,23447,23124,1130,24254,246
2021-07-12,Lake,033,64148,3809,3706,13,3719,63
2021-07-12,Lassen,035,31185,5318,5292,120,5412,21
2021-07-12,Los Angeles,037,10098052,1225878,1216230,43205,1259435,24559
2021-07-12,Madera,039,155013,16971,16772,971,17743,240
2021-07-12,Marin,041,260295,14429,14238,270,14508,233
2021-07-12,Mariposa,043,17540,446,442,11,453,5
2021-07-12,Mendocino,045,87422,4297,4175,88,4263,49
2021-07-12,Merced,047,269075,31474,31374,1078,32452,471
2021-07-12,Modoc,049,8938,422,411,148,559,4
2021-07-12,Mono,051,14174,1271,1275,18,1293,3
2021-07-12,Monterey,053,433212,43557,43315,1917,45232,504
2021-07-12,Napa,055,140530,10150,10104,41,10145,81
2021-07-12,Nevada,057,99092,5117,5046,197,5243,72
2021-07-12,Orange,059,3164182,259322,257171,11840,269011,5136
2021-07-12,Placer,061,380077,24366,24052,1652,25704,302
2021-07-12,Plumas,063,18699,733,716,14,730,4
2021-07-12,Riverside,065,2383286,298217,294108,14368,308476,4541
2021-07-12,Sacramento,067,1510023,110935,109849,1938,111787,1685
2021-07-12,San Benito,069,59416,6182,6166,116,6282,63
2021-07-12,San Bernardino,071,2135413,297302,295447,9216,304663,5171
2021-07-12,San Diego,073,3302833,286928,284648,16010,300658,3785
2021-07-12,San Francisco,075,870044,38221,37656,1369,39025,559
2021-07-12,San Joaquin,077,732212,75147,74424,3769,78193,1415
2021-07-12,San Luis Obispo,079,281455,21741,21408,775,22183,258
2021-07-12,San Mateo,081,765935,43481,43138,518,43656,542
2021-07-12,Santa Barbara,083,443738,34937,34664,1159,35823,461
2021-07-12,Santa Clara,085,1922200,120826,119634,803,120437,2098
2021-07-12,Santa Cruz,087,273765,16452,16310,820,17130,207
2021-07-12,Shasta,089,179085,12733,12648,1681,14329,208
2021-07-12,Sierra,091,2930,66,62,12,74,0
2021-07-12,Siskiyou,093,43540,2008,1916,405,2321,29
2021-07-12,Solano,095,438530,34190,33859,622,34481,268
2021-07-12,Sonoma,097,501317,31684,31377,373,31750,322
2021-07-12,Stanislaus,099,539301,57561,57243,6138,63381,1028
2021-07-12,Sutter,101,95872,9783,9736,94,9830,114
2021-07-12,Tehama,103,63373,5187,5138,602,5740,63
2021-07-12,Trinity,105,12862,498,340,104,444,3
2021-07-12,Tulare,107,460477,50669,49882,9305,59187,853
2021-07-12,Tuolumne,109,53932,4125,4116,42,4158,64
2021-07-12,Ventura,111,848112,82579,81919,3237,85156,1040
2021-07-12,Yolo,113,214977,14445,14303,398,14701,213
2021-07-12,Yuba,115,75493,6358,6266,133,6399,52
2021-07-11,Alameda,001,1643700,91548,90597,2059,92656,1254
2021-07-11,Alpine,003,1148,88,89,0,89,0
2021-07-11,Amador,005,37829,3793,3779,34,3813,47
2021-07-11,Butte,007,227075,12943,12794,1915,14709,202
2021-07-11,Calaveras,009,45235,2247,2226,14,2240,57
2021-07-11,Colusa,011,21464,1986,1971,331,2302,16
2021-07-11,Contra Costa,013,1133247,72556,71744,1369,73113,823
2021-07-11,Del Norte,015,27424,1504,1467,13,1480,8
2021-07-11,El Dorado,017,186661,10693,10554,799,11353,114
2021-07-11,Fresno,019,978130,104117,102813,8918,111731,1728
2021-07-11,Glenn,021,27897,2468,2446,579,3025,20
2021-07-11,Humboldt,023,135768,4667,4611,55,4666,51
2021-07-11,Imperial,025,180216,28957,28787,2773,31560,741
2021-07-11,Inyo,027,18085,1419,1415,12,1427,36
2021-07-11,Kern,029,883053,98444,97637,11343,108980,1346
2021-07-11,Kings,031,150075,23416,23116,1127,24243,246
2021-07-11,Lake,033,64148,3778,3699,13,3712,63
2021-07-11,Lassen,035,31185,5315,5291,120,5411,21
2021-07-11,Los Angeles,037,10098052,1224128,1215182,43047,1258229,24558
2021-07-11,Madera,039,155013,16952,16766,970,17736,240
2021-07-11,Marin,041,260295,14403,14231,270,14501,233
2021-07-11,Mariposa,043,17540,445,442,11,453,5
2021-07-11,Mendocino,045,87422,4277,4167,88,4255,49
2021-07-11,Merced,047,269075,31450,31366,1073,32439,471
2021-07-11,Modoc,049,8938,421,411,148,559,4
2021-07-11,Mono,051,14174,1271,1275,18,1293,3
2021-07-11,Monterey,053,433212,43538,43307,1913,45220,504
2021-07-11,Napa,055,140530,10146,10100,41,10141,81
2021-07-11,Nevada,057,99092,5106,5035,196,5231,72
2021-07-11,Orange,059,3164182,259009,257009,11811,268820,5136
2021-07-11,Placer,061,380077,24309,24017,1640,25657,302
2021-07-11,Plumas,063,18699,733,716,14,730,4
2021-07-11,Riverside,065,2383286,297953,293969,14350,308319,4541
2021-07-11,Sacramento,067,1510023,110656,109696,1928,111624,1685
2021-07-11,San Benito,069,59416,6177,6163,116,6279,63
2021-07-11,San Bernardino,071,2135413,296996,295342,9191,304533,5167
2021-07-11,San Diego,073,3302833,286514,283819,15924,299743,3784
2021-07-11,San Francisco,075,870044,38092,37596,1363,38959,559
2021-07-11,San Joaquin,077,732212,75030,74376,3752,78128,1415
2021-07-11,San Luis Obispo,079,281455,21708,21403,774,22177,258
2021-07-11,San Mateo,081,765935,43402,43107,511,43618,542
2021-07-11,Santa Barbara,083,443738,34890,34646,1159,35805,461
2021-07-11,Santa Clara,085,1922200,120672,119549,802,120351,2098
2021-07-11,Santa Cruz,087,273765,16436,16303,820,17123,207
2021-07-11,Shasta,089,179085,12716,12647,1679,14326,208
2021-07-11,Sierra,091,2930,66,62,12,74,0
2021-07-11,Siskiyou,093,43540,2004,1915,403,2318,29
2021-07-11,Solano,095,438530,34108,33837,618,34455,268
2021-07-11,Sonoma,097,501317,31602,31352,373,31725,322
2021-07-11,Stanislaus,099,539301,57496,57230,6127,63357,1028
2021-07-11,Sutter,101,95872,9769,9728,94,9822,114
2021-07-11,Tehama,103,63373,5184,5138,602,5740,63
2021-07-11,Trinity,105,12862,497,340,104,444,3
2021-07-11,Tulare,107,460477,50644,49877,9286,59163,853
2021-07-11,Tuolumne,109,53932,4119,4116,42,4158,64
2021-07-11,Ventura,111,848112,82506,81875,3217,85092,1040
2021-07-11,Yolo,113,214977,14419,14285,392,14677,213
2021-07-11,Yuba,115,75493,6347,6260,133,6393,52
2021-07-10,Alameda,001,1643700,91397,90090,2055,92145,1252
2021-07-10,Alpine,003,1148,88,89,0,89,0
2021-07-10,Amador,005,37829,3787,3773,34,3807,47
2021-07-10,Butte,007,227075,12932,12764,1912,14676,202
2021-07-10,Calaveras,009,45235,2246,2214,14,2228,57
2021-07-10,Colusa,011,21464,1984,1969,331,2300,16
2021-07-10,Contra Costa,013,1133247,72456,71376,1368,72744,821
2021-07-10,Del Norte,015,27424,1502,1451,13,1464,8
2021-07-10,El Dorado,017,186661,10677,10508,795,11303,114
2021-07-10,Fresno,019,978130,104084,102675,8911,111586,1730
2021-07-10,Glenn,021,27897,2465,2440,578,3018,20
2021-07-10,Humboldt,023,135768,4658,4574,55,4629,51
2021-07-10,Imperial,025,180216,28944,28729,2773,31502,741
2021-07-10,Inyo,027,18085,1418,1415,12,1427,36
2021-07-10,Kern,029,883053,98404,97538,11326,108864,1346
2021-07-10,Kings,031,150075,23409,23090,1126,24216,246
2021-07-10,Lake,033,64148,3761,3667,13,3680,63
2021-07-10,Lassen,035,31185,5315,5290,120,5410,21
2021-07-10,Los Angeles,037,10098052,1223106,1212043,42944,1254987,24542
2021-07-10,Madera,039,155013,16946,16744,967,17711,241
2021-07-10,Marin,041,260295,14389,14194,270,14464,233
2021-07-10,Mariposa,043,17540,445,442,11,453,5
2021-07-10,Mendocino,045,87422,4270,4153,87,4240,49
2021-07-10,Merced,047,269075,31437,31328,1073,32401,470
2021-07-10,Modoc,049,8938,421,410,148,558,4
2021-07-10,Mono,051,14174,1271,1275,18,1293,3
2021-07-10,Monterey,053,433212,43524,43251,1911,45162,499
2021-07-10,Napa,055,140530,10134,10077,41,10118,81
2021-07-10,Nevada,057,99092,5097,5000,196,5196,72
2021-07-10,Orange,059,3164182,258831,256438,11795,268233,5135
2021-07-10,Placer,061,380077,24280,23916,1630,25546,302
2021-07-10,Plumas,063,18699,732,717,14,731,4
2021-07-10,Riverside,065,2383286,297763,293474,14336,307810,4541
2021-07-10,Sacramento,067,1510023,110507,109091,1923,111014,1682
2021-07-10,San Benito,069,59416,6172,6141,116,6257,63
2021-07-10,San Bernardino,071,2135413,296808,294932,9179,304111,5117
2021-07-10,San Diego,073,3302833,286225,283577,15871,299448,3783
2021-07-10,San Francisco,075,870044,38009,37338,1360,38698,559
2021-07-10,San Joaquin,077,732212,74973,74150,3746,77896,1412
2021-07-10,San Luis Obispo,079,281455,21697,21375,773,22148,258
2021-07-10,San Mateo,081,765935,43350,42948,509,43457,542
2021-07-10,Santa Barbara,083,443738,34863,34595,1159,35754,460
2021-07-10,Santa Clara,085,1922200,120569,119330,799,120129,2094
2021-07-10,Santa Cruz,087,273765,16429,16286,820,17106,207
2021-07-10,Shasta,089,179085,12703,12623,1674,14297,206
2021-07-10,Sierra,091,2930,66,61,12,73,0
2021-07-10,Siskiyou,093,43540,2002,1909,400,2309,29
2021-07-10,Solano,095,438530,34066,33678,612,34290,268
2021-07-10,Sonoma,097,501317,31551,31231,373,31604,317
2021-07-10,Stanislaus,099,539301,57460,57104,6117,63221,1026
2021-07-10,Sutter,101,95872,9757,9692,94,9786,114
2021-07-10,Tehama,103,63373,5181,5131,602,5733,63
2021-07-10,Trinity,105,12862,497,341,104,445,3
2021-07-10,Tulare,107,460477,50634,49850,9280,59130,853
2021-07-10,Tuolumne,109,53932,4117,4114,42,4156,64
2021-07-10,Ventura,111,848112,82461,81713,3199,84912,1039
2021-07-10,Yolo,113,214977,14398,14250,389,14639,213
2021-07-10,Yuba,115,75493,6337,6238,133,6371,52
2021-07-09,Alameda,001,1643700,91237,90090,2050,92140,1252
2021-07-09,Alpine,003,1148,88,89,0,89,0
2021-07-09,Amador,005,37829,3786,3773,34,3807,47
2021-07-09,Butte,007,227075,12921,12764,1910,14674,202
2021-07-09,Calaveras,009,45235,2244,2214,14,2228,57
2021-07-09,Colusa,011,21464,1983,1969,331,2300,16
2021-07-09,Contra Costa,013,1133247,72331,71376,1366,72742,821
2021-07-09,Del Norte,015,27424,1497,1451,13,1464,8
2021-07-09,El Dorado,017,186661,10662,10508,794,11302,114
2021-07-09,Fresno,019,978130,104028,102675,8904,111579,1730
2021-07-09,Glenn,021,27897,2464,2440,576,3016,20
2021-07-09,Humboldt,023,135768,4639,4574,55,4629,51
2021-07-09,Imperial,025,180216,28936,28729,2772,31501,741
2021-07-09,Inyo,027,18085,1417,1415,12,1427,36
2021-07-09,Kern,029,883053,98366,97538,11314,108852,1346
2021-07-09,Kings,031,150075,23398,23090,1125,24215,246
2021-07-09,Lake,033,64148,3747,3667,13,3680,63
2021-07-09,Lassen,035,31185,5313,5290,119,5409,21
2021-07-09,Los Angeles,037,10098052,1222102,1212043,42871,1254914,24542
2021-07-09,Madera,039,155013,16936,16744,966,17710,241
2021-07-09,Marin,041,260295,14368,14194,269,14463,233
2021-07-09,Mariposa,043,17540,445,442,11,453,5
2021-07-09,Mendocino,045,87422,4263,4153,87,4240,49
2021-07-09,Merced,047,269075,31422,31328,1073,32401,470
2021-07-09,Modoc,049,8938,421,410,148,558,4
2021-07-09,Mono,051,14174,1271,1275,18,1293,3
2021-07-09,Monterey,053,433212,43515,43251,1911,45162,499
2021-07-09,Napa,055,140530,10127,10077,41,10118,81
2021-07-09,Nevada,057,99092,5088,5000,196,5196,72
2021-07-09,Orange,059,3164182,258626,256438,11781,268219,5135
2021-07-09,Placer,061,380077,24258,23916,1624,25540,302
2021-07-09,Plumas,063,18699,730,717,14,731,4
2021-07-09,Riverside,065,2383286,297577,293474,14323,307797,4541
2021-07-09,Sacramento,067,1510023,110353,109091,1914,111005,1682
2021-07-09,San Benito,069,59416,6170,6141,116,6257,63
2021-07-09,San Bernardino,071,2135413,296656,294932,9172,304104,5117
2021-07-09,San Diego,073,3302833,285936,283577,15823,299400,3783
2021-07-09,San Francisco,075,870044,37929,37338,1353,38691,559
2021-07-09,San Joaquin,077,732212,74899,74150,3739,77889,1412
2021-07-09,San Luis Obispo,079,281455,21685,21375,773,22148,258
2021-07-09,San Mateo,081,765935,43306,42948,505,43453,542
2021-07-09,Santa Barbara,083,443738,34842,34595,1158,35753,460
2021-07-09,Santa Clara,085,1922200,120459,119330,799,120129,2094
2021-07-09,Santa Cruz,087,273765,16426,16286,820,17106,207
2021-07-09,Shasta,089,179085,12697,12623,1669,14292,206
2021-07-09,Sierra,091,2930,66,61,12,73,0
2021-07-09,Siskiyou,093,43540,2000,1909,399,2308,29
2021-07-09,Solano,095,438530,34030,33678,608,34286,268
2021-07-09,Sonoma,097,501317,31515,31231,373,31604,317
2021-07-09,Stanislaus,099,539301,57431,57104,6115,63219,1026
2021-07-09,Sutter,101,95872,9748,9692,94,9786,114
2021-07-09,Tehama,103,63373,5179,5131,602,5733,63
2021-07-09,Trinity,105,12862,496,341,101,442,3
2021-07-09,Tulare,107,460477,50621,49850,9274,59124,853
2021-07-09,Tuolumne,109,53932,4113,4114,42,4156,64
2021-07-09,Ventura,111,848112,82406,81713,3190,84903,1039
2021-07-09,Yolo,113,214977,14383,14250,385,14635,213
2021-07-09,Yuba,115,75493,6324,6238,133,6371,52
2021-07-08,Alameda,001,1643700,91030,90090,2047,92137,1252
2021-07-08,Alpine,003,1148,88,89,0,89,0
2021-07-08,Amador,005,37829,3784,3773,34,3807,47
2021-07-08,Butte,007,227075,12908,12764,1907,14671,202
2021-07-08,Calaveras,009,45235,2241,2214,13,2227,57
2021-07-08,Colusa,011,21464,1983,1969,331,2300,16
2021-07-08,Contra Costa,013,1133247,72203,71376,1361,72737,821
2021-07-08,Del Norte,015,27424,1495,1451,13,1464,8
2021-07-08,El Dorado,017,186661,10645,10508,789,11297,114
2021-07-08,Fresno,019,978130,103966,102675,8893,111568,1730
2021-07-08,Glenn,021,27897,2464,2440,576,3016,20
2021-07-08,Humboldt,023,135768,4623,4574,54,4628,51
2021-07-08,Imperial,025,180216,28924,28729,2771,31500,741
2021-07-08,Inyo,027,18085,1417,1415,12,1427,36
2021-07-08,Kern,029,883053,98318,97538,11299,108837,1346
2021-07-08,Kings,031,150075,23389,23090,1125,24215,246
2021-07-08,Lake,033,64148,3733,3667,13,3680,63
2021-07-08,Lassen,035,31185,5310,5290,119,5409,21
2021-07-08,Los Angeles,037,10098052,1220887,1212043,42776,1254819,24542
2021-07-08,Madera,039,155013,16920,16744,966,17710,241
2021-07-08,Marin,041,260295,14354,14194,269,14463,233
2021-07-08,Mariposa,043,17540,444,442,11,453,5
2021-07-08,Mendocino,045,87422,4260,4153,87,4240,49
2021-07-08,Merced,047,269075,31408,31328,1071,32399,470
2021-07-08,Modoc,049,8938,421,410,148,558,4
2021-07-08,Mono,051,14174,1271,1275,18,1293,3
2021-07-08,Monterey,053,433212,43495,43251,1905,45156,499
2021-07-08,Napa,055,140530,10123,10077,41,10118,81
2021-07-08,Nevada,057,99092,5082,5000,196,5196,72
2021-07-08,Orange,059,3164182,258431,256438,11759,268197,5135
2021-07-08,Placer,061,380077,24219,23916,1616,25532,302
2021-07-08,Plumas,063,18699,729,717,14,731,4
2021-07-08,Riverside,065,2383286,297376,293474,14307,307781,4541
2021-07-08,Sacramento,067,1510023,110131,109091,1907,110998,1682
2021-07-08,San Benito,069,59416,6167,6141,116,6257,63
2021-07-08,San Bernardino,071,2135413,296481,294932,9163,304095,5117
2021-07-08,San Diego,073,3302833,285609,283577,15775,299352,3783
2021-07-08,San Francisco,075,870044,37849,37338,1349,38687,559
2021-07-08,San Joaquin,077,732212,74811,74150,3726,77876,1412
2021-07-08,San Luis Obispo,079,281455,21673,21375,770,22145,258
2021-07-08,San Mateo,081,765935,43255,42948,504,43452,542
2021-07-08,Santa Barbara,083,443738,34815,34595,1156,35751,460
2021-07-08,Santa Clara,085,1922200,120366,119330,798,120128,2094
2021-07-08,Santa Cruz,087,273765,16420,16286,820,17106,207
2021-07-08,Shasta,089,179085,12691,12623,1665,14288,206
2021-07-08,Sierra,091,2930,66,61,12,73,0
2021-07-08,Siskiyou,093,43540,1995,1909,396,2305,29
2021-07-08,Solano,095,438530,33975,33678,602,34280,268
2021-07-08,Sonoma,097,501317,31484,31231,372,31603,317
2021-07-08,Stanislaus,099,539301,57405,57104,6111,63215,1026
2021-07-08,Sutter,101,95872,9734,9692,92,9784,114
2021-07-08,Tehama,103,63373,5176,5131,601,5732,63
2021-07-08,Trinity,105,12862,496,341,101,442,3
2021-07-08,Tulare,107,460477,50603,49850,9266,59116,853
2021-07-08,Tuolumne,109,53932,4111,4114,42,4156,64
2021-07-08,Ventura,111,848112,82342,81713,3174,84887,1039
2021-07-08,Yolo,113,214977,14364,14250,383,14633,213
2021-07-08,Yuba,115,75493,6316,6238,133,6371,52
2021-07-07,Alameda,001,1643700,90845,89995,2041,92036,1253
2021-07-07,Alpine,003,1148,88,89,0,89,0
2021-07-07,Amador,005,37829,3779,3770,34,3804,47
2021-07-07,Butte,007,227075,12895,12750,1902,14652,202
2021-07-07,Calaveras,009,45235,2234,2212,13,2225,57
2021-07-07,Colusa,011,21464,1979,1969,331,2300,16
2021-07-07,Contra Costa,013,1133247,72056,71308,1359,72667,821
2021-07-07,Del Norte,015,27424,1490,1446,13,1459,8
2021-07-07,El Dorado,017,186661,10625,10494,787,11281,114
2021-07-07,Fresno,019,978130,103916,102639,8886,111525,1729
2021-07-07,Glenn,021,27897,2464,2441,576,3017,20
2021-07-07,Humboldt,023,135768,4609,4566,54,4620,51
2021-07-07,Imperial,025,180216,28917,28701,2771,31472,740
2021-07-07,Inyo,027,18085,1416,1415,12,1427,36
2021-07-07,Kern,029,883053,98274,97507,11284,108791,1348
2021-07-07,Kings,031,150075,23376,23085,1122,24207,245
2021-07-07,Lake,033,64148,3714,3660,13,3673,63
2021-07-07,Lassen,035,31185,5310,5286,119,5405,21
2021-07-07,Los Angeles,037,10098052,1219707,1211316,42671,1253987,24531
2021-07-07,Madera,039,155013,16909,16733,964,17697,241
2021-07-07,Marin,041,260295,14335,14183,268,14451,233
2021-07-07,Mariposa,043,17540,442,442,11,453,5
2021-07-07,Mendocino,045,87422,4251,4145,87,4232,49
2021-07-07,Merced,047,269075,31393,31317,1071,32388,470
2021-07-07,Modoc,049,8938,421,410,148,558,4
2021-07-07,Mono,051,14174,1270,1274,18,1292,3
2021-07-07,Monterey,053,433212,43470,43233,1903,45136,494
2021-07-07,Napa,055,140530,10112,10078,41,10119,81
2021-07-07,Nevada,057,99092,5075,4996,196,5192,72
2021-07-07,Orange,059,3164182,258205,256301,11737,268038,5132
2021-07-07,Placer,061,380077,24183,23901,1606,25507,302
2021-07-07,Plumas,063,18699,729,710,14,724,4
2021-07-07,Riverside,065,2383286,297161,293331,14297,307628,4538
2021-07-07,Sacramento,067,1510023,109940,108954,1899,110853,1682
2021-07-07,San Benito,069,59416,6162,6137,116,6253,63
2021-07-07,San Bernardino,071,2135413,296313,294787,9156,303943,5087
2021-07-07,San Diego,073,3302833,285289,283377,15735,299112,3782
2021-07-07,San Francisco,075,870044,37757,37284,1346,38630,558
2021-07-07,San Joaquin,077,732212,74735,74095,3710,77805,1410
2021-07-07,San Luis Obispo,079,281455,21664,21360,768,22128,258
2021-07-07,San Mateo,081,765935,43201,42908,501,43409,542
2021-07-07,Santa Barbara,083,443738,34789,34582,1156,35738,460
2021-07-07,Santa Clara,085,1922200,120268,119250,797,120047,2094
2021-07-07,Santa Cruz,087,273765,16411,16279,819,17098,207
2021-07-07,Shasta,089,179085,12683,12613,1662,14275,206
2021-07-07,Sierra,091,2930,66,60,12,72,0
2021-07-07,Siskiyou,093,43540,1989,1908,392,2300,29
2021-07-07,Solano,095,438530,33926,33659,595,34254,268
2021-07-07,Sonoma,097,501317,31438,31172,372,31544,316
2021-07-07,Stanislaus,099,539301,57373,57102,6106,63208,1028
2021-07-07,Sutter,101,95872,9724,9683,92,9775,114
2021-07-07,Tehama,103,63373,5175,5129,601,5730,63
2021-07-07,Trinity,105,12862,496,341,101,442,3
2021-07-07,Tulare,107,460477,50599,49835,9257,59092,853
2021-07-07,Tuolumne,109,53932,4107,4115,41,4156,64
2021-07-07,Ventura,111,848112,82298,81608,3160,84768,1036
2021-07-07,Yolo,113,214977,14354,14236,380,14616,213
2021-07-07,Yuba,115,75493,6300,6233,133,6366,51
2021-07-06,Alameda,001,1643700,90647,89918,2033,91951,1253
2021-07-06,Alpine,003,1148,88,89,0,89,0
2021-07-06,Amador,005,37829,3778,3768,33,3801,47
2021-07-06,Butte,007,227075,12882,12744,1899,14643,201
2021-07-06,Calaveras,009,45235,2234,2211,13,2224,55
2021-07-06,Colusa,011,21464,1978,1967,328,2295,16
2021-07-06,Contra Costa,013,1133247,71928,71262,1356,72618,820
2021-07-06,Del Norte,015,27424,1486,1445,13,1458,8
2021-07-06,El Dorado,017,186661,10607,10484,786,11270,113
2021-07-06,Fresno,019,978130,103864,102616,8874,111490,1727
2021-07-06,Glenn,021,27897,2463,2438,576,3014,20
2021-07-06,Humboldt,023,135768,4595,4565,53,4618,49
2021-07-06,Imperial,025,180216,28902,28693,2769,31462,739
2021-07-06,Inyo,027,18085,1416,1412,12,1424,36
2021-07-06,Kern,029,883053,98232,97491,11273,108764,1346
2021-07-06,Kings,031,150075,23368,23077,1121,24198,245
2021-07-06,Lake,033,64148,3704,3659,13,3672,63
2021-07-06,Lassen,035,31185,5309,5288,118,5406,21
2021-07-06,Los Angeles,037,10098052,1218488,1210965,42572,1253537,24525
2021-07-06,Madera,039,155013,16897,16730,964,17694,241
2021-07-06,Marin,041,260295,14321,14181,268,14449,233
2021-07-06,Mariposa,043,17540,442,442,11,453,5
2021-07-06,Mendocino,045,87422,4244,4143,87,4230,49
2021-07-06,Merced,047,269075,31376,31317,1070,32387,470
2021-07-06,Modoc,049,8938,421,411,148,559,4
2021-07-06,Mono,051,14174,1269,1274,18,1292,3
2021-07-06,Monterey,053,433212,43447,43224,1902,45126,494
2021-07-06,Napa,055,140530,10101,10081,41,10122,81
2021-07-06,Nevada,057,99092,5066,4988,196,5184,72
2021-07-06,Orange,059,3164182,257961,256227,11720,267947,5129
2021-07-06,Placer,061,380077,24142,23876,1600,25476,302
2021-07-06,Plumas,063,18699,728,708,14,722,4
2021-07-06,Riverside,065,2383286,296959,293227,14279,307506,4539
2021-07-06,Sacramento,067,1510023,109729,108850,1891,110741,1679
2021-07-06,San Benito,069,59416,6158,6137,116,6253,63
2021-07-06,San Bernardino,071,2135413,296134,294712,9143,303855,5056
2021-07-06,San Diego,073,3302833,284932,283278,15676,298954,3782
2021-07-06,San Francisco,075,870044,37640,37251,1345,38596,558
2021-07-06,San Joaquin,077,732212,74665,74019,3698,77717,1410
2021-07-06,San Luis Obispo,079,281455,21647,21354,767,22121,257
2021-07-06,San Mateo,081,765935,43126,42895,501,43396,541
2021-07-06,Santa Barbara,083,443738,34770,34572,1154,35726,460
2021-07-06,Santa Clara,085,1922200,120150,119194,794,119988,2095
2021-07-06,Santa Cruz,087,273765,16406,16274,818,17092,207
2021-07-06,Shasta,089,179085,12673,12606,1660,14266,205
2021-07-06,Sierra,091,2930,65,60,12,72,0
2021-07-06,Siskiyou,093,43540,1986,1905,388,2293,29
2021-07-06,Solano,095,438530,33875,33619,592,34211,268
2021-07-06,Sonoma,097,501317,31375,31130,371,31501,316
2021-07-06,Stanislaus,099,539301,57326,57120,6095,63215,1029
2021-07-06,Sutter,101,95872,9715,9674,91,9765,114
2021-07-06,Tehama,103,63373,5172,5126,600,5726,63
2021-07-06,Trinity,105,12862,496,341,101,442,3
2021-07-06,Tulare,107,460477,50584,49826,9246,59072,853
2021-07-06,Tuolumne,109,53932,4105,4113,41,4154,64
2021-07-06,Ventura,111,848112,82258,81534,3134,84668,1033
2021-07-06,Yolo,113,214977,14332,14227,377,14604,213
2021-07-06,Yuba,115,75493,6289,6231,133,6364,51
2021-07-05,Alameda,001,1643700,90469,89892,2028,91920,1253
2021-07-05,Alpine,003,1148,88,89,0,89,0
2021-07-05,Amador,005,37829,3776,3768,33,3801,47
2021-07-05,Butte,007,227075,12874,12740,1889,14629,201
2021-07-05,Calaveras,009,45235,2232,2211,13,2224,55
2021-07-05,Colusa,011,21464,1976,1966,327,2293,16
2021-07-05,Contra Costa,013,1133247,71800,71235,1356,72591,820
2021-07-05,Del Norte,015,27424,1482,1446,13,1459,8
2021-07-05,El Dorado,017,186661,10582,10481,786,11267,113
2021-07-05,Fresno,019,978130,103805,102592,8859,111451,1727
2021-07-05,Glenn,021,27897,2460,2438,575,3013,20
2021-07-05,Humboldt,023,135768,4581,4563,53,4616,49
2021-07-05,Imperial,025,180216,28883,28689,2769,31458,739
2021-07-05,Inyo,027,18085,1416,1412,12,1424,36
2021-07-05,Kern,029,883053,98185,97479,11252,108731,1346
2021-07-05,Kings,031,150075,23360,23065,1118,24183,245
2021-07-05,Lake,033,64148,3686,3645,13,3658,63
2021-07-05,Lassen,035,31185,5306,5288,117,5405,21
2021-07-05,Los Angeles,037,10098052,1217297,1210653,42469,1253122,24522
2021-07-05,Madera,039,155013,16886,16722,963,17685,241
2021-07-05,Marin,041,260295,14300,14178,268,14446,233
2021-07-05,Mariposa,043,17540,442,441,11,452,5
2021-07-05,Mendocino,045,87422,4239,4139,86,4225,49
2021-07-05,Merced,047,269075,31356,31312,1070,32382,470
2021-07-05,Modoc,049,8938,421,410,148,558,4
2021-07-05,Mono,051,14174,1269,1273,18,1291,3
2021-07-05,Monterey,053,433212,43427,43218,1897,45115,494
2021-07-05,Napa,055,140530,10095,10074,41,10115,81
2021-07-05,Nevada,057,99092,5048,4980,195,5175,72
2021-07-05,Orange,059,3164182,257760,256173,11702,267875,5129
2021-07-05,Placer,061,380077,24095,23867,1592,25459,302
2021-07-05,Plumas,063,18699,727,708,14,722,4
2021-07-05,Riverside,065,2383286,296767,293193,14267,307460,4539
2021-07-05,Sacramento,067,1510023,109546,108758,1882,110640,1679
2021-07-05,San Benito,069,59416,6151,6137,116,6253,63
2021-07-05,San Bernardino,071,2135413,295971,294647,9136,303783,5037
2021-07-05,San Diego,073,3302833,284569,282834,15632,298466,3782
2021-07-05,San Francisco,075,870044,37554,37237,1340,38577,558
2021-07-05,San Joaquin,077,732212,74595,73999,3693,77692,1410
2021-07-05,San Luis Obispo,079,281455,21634,21351,766,22117,257
2021-07-05,San Mateo,081,765935,43074,42876,498,43374,541
2021-07-05,Santa Barbara,083,443738,34750,34569,1154,35723,460
2021-07-05,Santa Clara,085,1922200,120044,119184,792,119976,2095
2021-07-05,Santa Cruz,087,273765,16397,16273,817,17090,208
2021-07-05,Shasta,089,179085,12664,12603,1658,14261,205
2021-07-05,Sierra,091,2930,65,60,12,72,0
2021-07-05,Siskiyou,093,43540,1984,1904,387,2291,29
2021-07-05,Solano,095,438530,33805,33612,586,34198,268
2021-07-05,Sonoma,097,501317,31322,31116,371,31487,316
2021-07-05,Stanislaus,099,539301,57296,57109,6084,63193,1029
2021-07-05,Sutter,101,95872,9703,9667,91,9758,114
2021-07-05,Tehama,103,63373,5171,5125,600,5725,63
2021-07-05,Trinity,105,12862,495,341,100,441,3
2021-07-05,Tulare,107,460477,50566,49818,9243,59061,853
2021-07-05,Tuolumne,109,53932,4101,4112,41,4153,64
2021-07-05,Ventura,111,848112,82207,81519,3115,84634,1033
2021-07-05,Yolo,113,214977,14312,14225,369,14594,213
2021-07-05,Yuba,115,75493,6281,6223,133,6356,51
2021-07-04,Alameda,001,1643700,90304,89683,2025,91708,1253
2021-07-04,Alpine,003,1148,88,89,0,89,0
2021-07-04,Amador,005,37829,3775,3758,33,3791,46
2021-07-04,Butte,007,227075,12864,12684,1889,14573,201
2021-07-04,Calaveras,009,45235,2228,2200,13,2213,55
2021-07-04,Colusa,011,21464,1976,1969,327,2296,15
2021-07-04,Contra Costa,013,1133247,71694,70941,1351,72292,818
2021-07-04,Del Norte,015,27424,1479,1439,13,1452,8
2021-07-04,El Dorado,017,186661,10573,10433,785,11218,113
2021-07-04,Fresno,019,978130,103759,102512,8842,111354,1727
2021-07-04,Glenn,021,27897,2458,2442,574,3016,20
2021-07-04,Humboldt,023,135768,4573,4530,53,4583,49
2021-07-04,Imperial,025,180216,28877,28661,2769,31430,739
2021-07-04,Inyo,027,18085,1416,1412,12,1424,35
2021-07-04,Kern,029,883053,98166,97421,11243,108664,1347
2021-07-04,Kings,031,150075,23352,23051,1118,24169,245
2021-07-04,Lake,033,64148,3676,3623,13,3636,62
2021-07-04,Lassen,035,31185,5305,5277,117,5394,20
2021-07-04,Los Angeles,037,10098052,1216439,1208705,42382,1251087,24506
2021-07-04,Madera,039,155013,16874,16696,961,17657,240
2021-07-04,Marin,041,260295,14285,14143,268,14411,233
2021-07-04,Mariposa,043,17540,442,441,11,452,5
2021-07-04,Mendocino,045,87422,4229,4122,86,4208,49
2021-07-04,Merced,047,269075,31345,31297,1070,32367,469
2021-07-04,Modoc,049,8938,421,410,148,558,4
2021-07-04,Mono,051,14174,1269,1275,18,1293,3
2021-07-04,Monterey,053,433212,43411,43212,1896,45108,492
2021-07-04,Napa,055,140530,10087,10045,40,10085,81
2021-07-04,Nevada,057,99092,5038,4966,195,5161,72
2021-07-04,Orange,059,3164182,257585,255823,11681,267504,5126
2021-07-04,Placer,061,380077,24058,23764,1585,25349,299
2021-07-04,Plumas,063,18699,727,707,14,721,4
2021-07-04,Riverside,065,2383286,296607,293260,14261,307521,4536
2021-07-04,Sacramento,067,1510023,109376,108257,1876,110133,1676
2021-07-04,San Benito,069,59416,6144,6108,116,6224,63
2021-07-04,San Bernardino,071,2135413,295804,294294,9129,303423,5003
2021-07-04,San Diego,073,3302833,284345,282692,15594,298286,3780
2021-07-04,San Francisco,075,870044,37496,37107,1334,38441,558
2021-07-04,San Joaquin,077,732212,74529,73841,3685,77526,1409
2021-07-04,San Luis Obispo,079,281455,21628,21330,765,22095,256
2021-07-04,San Mateo,081,765935,43040,42691,498,43189,541
2021-07-04,Santa Barbara,083,443738,34727,34526,1153,35679,456
2021-07-04,Santa Clara,085,1922200,119954,118966,791,119757,2090
2021-07-04,Santa Cruz,087,273765,16386,16254,817,17071,208
2021-07-04,Shasta,089,179085,12660,12582,1657,14239,204
2021-07-04,Sierra,091,2930,64,60,12,72,0
2021-07-04,Siskiyou,093,43540,1980,1899,386,2285,29
2021-07-04,Solano,095,438530,33764,33486,584,34070,268
2021-07-04,Sonoma,097,501317,31292,31000,370,31370,316
2021-07-04,Stanislaus,099,539301,57281,57018,6078,63096,1018
2021-07-04,Sutter,101,95872,9692,9644,91,9735,114
2021-07-04,Tehama,103,63373,5167,5124,600,5724,63
2021-07-04,Trinity,105,12862,494,341,100,441,3
2021-07-04,Tulare,107,460477,50556,49789,9240,59029,853
2021-07-04,Tuolumne,109,53932,4093,4113,41,4154,64
2021-07-04,Ventura,111,848112,82149,81425,3104,84529,1033
2021-07-04,Yolo,113,214977,14292,14188,366,14554,213
2021-07-04,Yuba,115,75493,6273,6197,133,6330,51
2021-07-03,Alameda,001,1643700,90216,89683,2017,91700,1253
2021-07-03,Alpine,003,1148,88,89,0,89,0
2021-07-03,Amador,005,37829,3775,3758,33,3791,46
2021-07-03,Butte,007,227075,12860,12684,1888,14572,201
2021-07-03,Calaveras,009,45235,2226,2200,13,2213,55
2021-07-03,Colusa,011,21464,1975,1969,327,2296,15
2021-07-03,Contra Costa,013,1133247,71635,70941,1348,72289,818
2021-07-03,Del Norte,015,27424,1476,1439,13,1452,8
2021-07-03,El Dorado,017,186661,10566,10433,783,11216,113
2021-07-03,Fresno,019,978130,103735,102512,8833,111345,1727
2021-07-03,Glenn,021,27897,2458,2442,574,3016,20
2021-07-03,Humboldt,023,135768,4568,4530,53,4583,49
2021-07-03,Imperial,025,180216,28867,28661,2769,31430,739
2021-07-03,Inyo,027,18085,1416,1412,12,1424,35
2021-07-03,Kern,029,883053,98146,97421,11235,108656,1347
2021-07-03,Kings,031,150075,23352,23051,1117,24168,245
2021-07-03,Lake,033,64148,3666,3623,13,3636,62
2021-07-03,Lassen,035,31185,5304,5277,117,5394,20
2021-07-03,Los Angeles,037,10098052,1216011,1208705,42351,1251056,24506
2021-07-03,Madera,039,155013,16865,16696,958,17654,240
2021-07-03,Marin,041,260295,14281,14143,268,14411,233
2021-07-03,Mariposa,043,17540,442,441,11,452,5
2021-07-03,Mendocino,045,87422,4228,4122,86,4208,49
2021-07-03,Merced,047,269075,31332,31297,1069,32366,469
2021-07-03,Modoc,049,8938,420,410,148,558,4
2021-07-03,Mono,051,14174,1268,1275,18,1293,3
2021-07-03,Monterey,053,433212,43399,43212,1893,45105,492
2021-07-03,Napa,055,140530,10082,10045,40,10085,81
2021-07-03,Nevada,057,99092,5024,4966,195,5161,72
2021-07-03,Orange,059,3164182,257501,255823,11674,267497,5126
2021-07-03,Placer,061,380077,24039,23764,1582,25346,299
2021-07-03,Plumas,063,18699,727,707,14,721,4
2021-07-03,Riverside,065,2383286,296515,293260,14257,307517,4536
2021-07-03,Sacramento,067,1510023,109302,108257,1873,110130,1676
2021-07-03,San Benito,069,59416,6137,6108,116,6224,63
2021-07-03,San Bernardino,071,2135413,295714,294294,9126,303420,5003
2021-07-03,San Diego,073,3302833,284214,282692,15575,298267,3780
2021-07-03,San Francisco,075,870044,37455,37107,1331,38438,558
2021-07-03,San Joaquin,077,732212,74493,73841,3680,77521,1409
2021-07-03,San Luis Obispo,079,281455,21616,21330,765,22095,256
2021-07-03,San Mateo,081,765935,43015,42691,497,43188,541
2021-07-03,Santa Barbara,083,443738,34718,34526,1152,35678,456
2021-07-03,Santa Clara,085,1922200,119907,118966,791,119757,2090
2021-07-03,Santa Cruz,087,273765,16379,16254,817,17071,208
2021-07-03,Shasta,089,179085,12656,12582,1655,14237,204
2021-07-03,Sierra,091,2930,64,60,12,72,0
2021-07-03,Siskiyou,093,43540,1979,1899,385,2284,29
2021-07-03,Solano,095,438530,33720,33486,584,34070,268
2021-07-03,Sonoma,097,501317,31258,31000,370,31370,316
2021-07-03,Stanislaus,099,539301,57270,57018,6070,63088,1018
2021-07-03,Sutter,101,95872,9682,9644,91,9735,114
2021-07-03,Tehama,103,63373,5165,5124,600,5724,63
2021-07-03,Trinity,105,12862,494,341,100,441,3
2021-07-03,Tulare,107,460477,50550,49789,9234,59023,853
2021-07-03,Tuolumne,109,53932,4092,4113,41,4154,64
2021-07-03,Ventura,111,848112,82119,81425,3096,84521,1033
2021-07-03,Yolo,113,214977,14282,14188,363,14551,213
2021-07-03,Yuba,115,75493,6267,6197,133,6330,51
2021-07-02,Alameda,001,1643700,90134,89683,2016,91699,1253
2021-07-02,Alpine,003,1148,88,89,0,89,0
2021-07-02,Amador,005,37829,3773,3758,33,3791,46
2021-07-02,Butte,007,227075,12853,12684,1888,14572,201
2021-07-02,Calaveras,009,45235,2224,2200,13,2213,55
2021-07-02,Colusa,011,21464,1974,1969,326,2295,15
2021-07-02,Contra Costa,013,1133247,71565,70941,1344,72285,818
2021-07-02,Del Norte,015,27424,1476,1439,13,1452,8
2021-07-02,El Dorado,017,186661,10558,10433,783,11216,113
2021-07-02,Fresno,019,978130,103706,102512,8827,111339,1727
2021-07-02,Glenn,021,27897,2457,2442,573,3015,20
2021-07-02,Humboldt,023,135768,4565,4530,52,4582,49
2021-07-02,Imperial,025,180216,28861,28661,2768,31429,739
2021-07-02,Inyo,027,18085,1416,1412,12,1424,35
2021-07-02,Kern,029,883053,98128,97421,11226,108647,1347
2021-07-02,Kings,031,150075,23342,23051,1117,24168,245
2021-07-02,Lake,033,64148,3660,3623,13,3636,62
2021-07-02,Lassen,035,31185,5304,5277,117,5394,20
2021-07-02,Los Angeles,037,10098052,1215537,1208705,42313,1251018,24506
2021-07-02,Madera,039,155013,16856,16696,957,17653,240
2021-07-02,Marin,041,260295,14277,14143,268,14411,233
2021-07-02,Mariposa,043,17540,442,441,11,452,5
2021-07-02,Mendocino,045,87422,4224,4122,85,4207,49
2021-07-02,Merced,047,269075,31323,31297,1069,32366,469
2021-07-02,Modoc,049,8938,420,410,148,558,4
2021-07-02,Mono,051,14174,1267,1275,18,1293,3
2021-07-02,Monterey,053,433212,43391,43212,1892,45104,492
2021-07-02,Napa,055,140530,10077,10045,40,10085,81
2021-07-02,Nevada,057,99092,5015,4966,195,5161,72
2021-07-02,Orange,059,3164182,257390,255823,11667,267490,5126
2021-07-02,Placer,061,380077,24022,23764,1575,25339,299
2021-07-02,Plumas,063,18699,727,707,14,721,4
2021-07-02,Riverside,065,2383286,296418,293260,14252,307512,4536
2021-07-02,Sacramento,067,1510023,109224,108257,1872,110129,1676
2021-07-02,San Benito,069,59416,6134,6108,116,6224,63
2021-07-02,San Bernardino,071,2135413,295627,294294,9124,303418,5003
2021-07-02,San Diego,073,3302833,284069,282692,15549,298241,3780
2021-07-02,San Francisco,075,870044,37406,37107,1329,38436,558
2021-07-02,San Joaquin,077,732212,74460,73841,3674,77515,1409
2021-07-02,San Luis Obispo,079,281455,21610,21330,764,22094,256
2021-07-02,San Mateo,081,765935,42979,42691,497,43188,541
2021-07-02,Santa Barbara,083,443738,34708,34526,1152,35678,456
2021-07-02,Santa Clara,085,1922200,119829,118966,791,119757,2090
2021-07-02,Santa Cruz,087,273765,16375,16254,817,17071,208
2021-07-02,Shasta,089,179085,12652,12582,1655,14237,204
2021-07-02,Sierra,091,2930,63,60,12,72,0
2021-07-02,Siskiyou,093,43540,1976,1899,384,2283,29
2021-07-02,Solano,095,438530,33695,33486,584,34070,268
2021-07-02,Sonoma,097,501317,31235,31000,370,31370,316
2021-07-02,Stanislaus,099,539301,57253,57018,6069,63087,1018
2021-07-02,Sutter,101,95872,9678,9644,91,9735,114
2021-07-02,Tehama,103,63373,5163,5124,598,5722,63
2021-07-02,Trinity,105,12862,494,341,100,441,3
2021-07-02,Tulare,107,460477,50540,49789,9226,59015,853
2021-07-02,Tuolumne,109,53932,4089,4113,41,4154,64
2021-07-02,Ventura,111,848112,82076,81425,3088,84513,1033
2021-07-02,Yolo,113,214977,14266,14188,361,14549,213
2021-07-02,Yuba,115,75493,6259,6197,133,6330,51
2021-07-01,Alameda,001,1643700,90034,89683,2014,91697,1253
2021-07-01,Alpine,003,1148,88,89,0,89,0
2021-07-01,Amador,005,37829,3772,3758,33,3791,46
2021-07-01,Butte,007,227075,12841,12684,1886,14570,201
2021-07-01,Calaveras,009,45235,2222,2200,13,2213,55
2021-07-01,Colusa,011,21464,1974,1969,324,2293,15
2021-07-01,Contra Costa,013,1133247,71493,70941,1344,72285,818
2021-07-01,Del Norte,015,27424,1475,1439,13,1452,8
2021-07-01,El Dorado,017,186661,10546,10433,783,11216,113
2021-07-01,Fresno,019,978130,103667,102512,8822,111334,1727
2021-07-01,Glenn,021,27897,2457,2442,573,3015,20
2021-07-01,Humboldt,023,135768,4563,4530,52,4582,49
2021-07-01,Imperial,025,180216,28844,28661,2768,31429,739
2021-07-01,Inyo,027,18085,1416,1412,12,1424,35
2021-07-01,Kern,029,883053,98102,97421,11216,108637,1347
2021-07-01,Kings,031,150075,23328,23051,1117,24168,245
2021-07-01,Lake,033,64148,3657,3623,13,3636,62
2021-07-01,Lassen,035,31185,5302,5277,117,5394,20
2021-07-01,Los Angeles,037,10098052,1214939,1208705,42257,1250962,24506
2021-07-01,Madera,039,155013,16847,16696,956,17652,240
2021-07-01,Marin,041,260295,14273,14143,268,14411,233
2021-07-01,Mariposa,043,17540,442,441,11,452,5
2021-07-01,Mendocino,045,87422,4220,4122,84,4206,49
2021-07-01,Merced,047,269075,31317,31297,1069,32366,469
2021-07-01,Modoc,049,8938,420,410,148,558,4
2021-07-01,Mono,051,14174,1266,1275,18,1293,3
2021-07-01,Monterey,053,433212,43383,43212,1888,45100,492
2021-07-01,Napa,055,140530,10070,10045,40,10085,81
2021-07-01,Nevada,057,99092,5010,4966,195,5161,72
2021-07-01,Orange,059,3164182,257269,255823,11648,267471,5126
2021-07-01,Placer,061,380077,24003,23764,1572,25336,299
2021-07-01,Plumas,063,18699,724,707,12,719,4
2021-07-01,Riverside,065,2383286,296309,293260,14244,307504,4536
2021-07-01,Sacramento,067,1510023,109098,108257,1865,110122,1676
2021-07-01,San Benito,069,59416,6130,6108,116,6224,63
2021-07-01,San Bernardino,071,2135413,295507,294294,9119,303413,5003
2021-07-01,San Diego,073,3302833,283891,282692,15512,298204,3780
2021-07-01,San Francisco,075,870044,37370,37107,1327,38434,558
2021-07-01,San Joaquin,077,732212,74409,73841,3670,77511,1409
2021-07-01,San Luis Obispo,079,281455,21595,21330,763,22093,256
2021-07-01,San Mateo,081,765935,42951,42691,496,43187,541
2021-07-01,Santa Barbara,083,443738,34695,34526,1152,35678,456
2021-07-01,Santa Clara,085,1922200,119780,118966,791,119757,2090
2021-07-01,Santa Cruz,087,273765,16370,16254,817,17071,208
2021-07-01,Shasta,089,179085,12644,12582,1654,14236,204
2021-07-01,Sierra,091,2930,63,60,12,72,0
2021-07-01,Siskiyou,093,43540,1976,1899,384,2283,29
2021-07-01,Solano,095,438530,33654,33486,583,34069,268
2021-07-01,Sonoma,097,501317,31191,31000,370,31370,316
2021-07-01,Stanislaus,099,539301,57236,57018,6065,63083,1018
2021-07-01,Sutter,101,95872,9669,9644,91,9735,114
2021-07-01,Tehama,103,63373,5163,5124,597,5721,63
2021-07-01,Trinity,105,12862,494,341,100,441,3
2021-07-01,Tulare,107,460477,50531,49789,9219,59008,853
2021-07-01,Tuolumne,109,53932,4082,4113,41,4154,64
2021-07-01,Ventura,111,848112,82045,81425,3077,84502,1033
2021-07-01,Yolo,113,214977,14250,14188,359,14547,213
2021-07-01,Yuba,115,75493,6252,6197,133,6330,51
2021-06-30,Alameda,001,1643700,89955,89597,2009,91606,1256
2021-06-30,Alpine,003,1148,88,89,0,89,0
2021-06-30,Amador,005,37829,3770,3756,33,3789,46
2021-06-30,Butte,007,227075,12834,12676,1877,14553,201
2021-06-30,Calaveras,009,45235,2216,2198,13,2211,55
2021-06-30,Colusa,011,21464,1972,1967,321,2288,15
2021-06-30,Contra Costa,013,1133247,71428,70869,1341,72210,818
2021-06-30,Del Norte,015,27424,1470,1435,13,1448,8
2021-06-30,El Dorado,017,186661,10527,10420,783,11203,113
2021-06-30,Fresno,019,978130,103630,102490,8819,111309,1727
2021-06-30,Glenn,021,27897,2455,2440,573,3013,20
2021-06-30,Humboldt,023,135768,4547,4522,50,4572,49
2021-06-30,Imperial,025,180216,28836,28651,2768,31419,739
2021-06-30,Inyo,027,18085,1416,1409,12,1421,35
2021-06-30,Kern,029,883053,98061,97267,11204,108471,1348
2021-06-30,Kings,031,150075,23323,23038,1116,24154,245
2021-06-30,Lake,033,64148,3644,3601,13,3614,56
2021-06-30,Lassen,035,31185,5297,5269,117,5386,20
2021-06-30,Los Angeles,037,10098052,1214267,1208246,42212,1250458,24499
2021-06-30,Madera,039,155013,16839,16688,954,17642,240
2021-06-30,Marin,041,260295,14264,14133,267,14400,232
2021-06-30,Mariposa,043,17540,441,441,11,452,5
2021-06-30,Mendocino,045,87422,4210,4115,84,4199,49
2021-06-30,Merced,047,269075,31307,31286,1069,32355,469
2021-06-30,Modoc,049,8938,420,410,148,558,4
2021-06-30,Mono,051,14174,1266,1275,18,1293,3
2021-06-30,Monterey,053,433212,43378,43209,1886,45095,492
2021-06-30,Napa,055,140530,10062,10039,40,10079,81
2021-06-30,Nevada,057,99092,4999,4958,195,5153,72
2021-06-30,Orange,059,3164182,257142,255764,11637,267401,5125
2021-06-30,Placer,061,380077,23979,23721,1569,25290,299
2021-06-30,Plumas,063,18699,724,705,12,717,4
2021-06-30,Riverside,065,2383286,296195,293280,14234,307514,4535
2021-06-30,Sacramento,067,1510023,108959,108137,1861,109998,1676
2021-06-30,San Benito,069,59416,6126,6105,116,6221,63
2021-06-30,San Bernardino,071,2135413,295347,294211,9114,303325,4975
2021-06-30,San Diego,073,3302833,283755,282583,15484,298067,3780
2021-06-30,San Francisco,075,870044,37321,37065,1322,38387,558
2021-06-30,San Joaquin,077,732212,74347,73777,3669,77446,1409
2021-06-30,San Luis Obispo,079,281455,21582,21326,762,22088,256
2021-06-30,San Mateo,081,765935,42914,42599,495,43094,537
2021-06-30,Santa Barbara,083,443738,34679,34521,1152,35673,456
2021-06-30,Santa Clara,085,1922200,119733,118930,788,119718,2090
2021-06-30,Santa Cruz,087,273765,16364,16250,817,17067,208
2021-06-30,Shasta,089,179085,12638,12564,1654,14218,204
2021-06-30,Sierra,091,2930,63,60,12,72,0
2021-06-30,Siskiyou,093,43540,1974,1900,381,2281,29
2021-06-30,Solano,095,438530,33615,33453,581,34034,268
2021-06-30,Sonoma,097,501317,31161,30947,370,31317,316
2021-06-30,Stanislaus,099,539301,57219,56997,6064,63061,1018
2021-06-30,Sutter,101,95872,9659,9638,91,9729,114
2021-06-30,Tehama,103,63373,5161,5124,597,5721,63
2021-06-30,Trinity,105,12862,494,341,100,441,3
2021-06-30,Tulare,107,460477,50520,49764,9208,58972,853
2021-06-30,Tuolumne,109,53932,4079,4112,41,4153,64
2021-06-30,Ventura,111,848112,82002,81392,3072,84464,1032
2021-06-30,Yolo,113,214977,14244,14178,356,14534,213
2021-06-30,Yuba,115,75493,6245,6191,133,6324,51
2021-06-29,Alameda,001,1643700,89848,89519,2008,91527,1257
2021-06-29,Alpine,003,1148,88,89,0,89,0
2021-06-29,Amador,005,37829,3766,3754,33,3787,46
2021-06-29,Butte,007,227075,12826,12669,1877,14546,201
2021-06-29,Calaveras,009,45235,2210,2198,13,2211,55
2021-06-29,Colusa,011,21464,1970,1967,321,2288,15
2021-06-29,Contra Costa,013,1133247,71354,70775,1340,72115,817
2021-06-29,Del Norte,015,27424,1469,1435,13,1448,8
2021-06-29,El Dorado,017,186661,10514,10403,779,11182,113
2021-06-29,Fresno,019,978130,103597,102464,8816,111280,1725
2021-06-29,Glenn,021,27897,2454,2439,573,3012,20
2021-06-29,Humboldt,023,135768,4543,4514,49,4563,49
2021-06-29,Imperial,025,180216,28827,28645,2767,31412,737
2021-06-29,Inyo,027,18085,1416,1408,12,1420,35
2021-06-29,Kern,029,883053,98040,97173,11198,108371,1347
2021-06-29,Kings,031,150075,23314,23035,1115,24150,245
2021-06-29,Lake,033,64148,3638,3594,13,3607,56
2021-06-29,Lassen,035,31185,5290,5268,117,5385,20
2021-06-29,Los Angeles,037,10098052,1213658,1207895,42181,1250076,24498
2021-06-29,Madera,039,155013,16835,16680,953,17633,240
2021-06-29,Marin,041,260295,14252,14127,267,14394,232
2021-06-29,Mariposa,043,17540,441,441,11,452,5
2021-06-29,Mendocino,045,87422,4206,4107,83,4190,49
2021-06-29,Merced,047,269075,31295,31277,1069,32346,469
2021-06-29,Modoc,049,8938,419,408,148,556,3
2021-06-29,Mono,051,14174,1266,1275,18,1293,3
2021-06-29,Monterey,053,433212,43368,43196,1884,45080,471
2021-06-29,Napa,055,140530,10056,10033,40,10073,81
2021-06-29,Nevada,057,99092,4992,4952,195,5147,72
2021-06-29,Orange,059,3164182,257042,255686,11622,267308,5124
2021-06-29,Placer,061,380077,23959,23693,1567,25260,299
2021-06-29,Plumas,063,18699,724,704,12,716,4
2021-06-29,Riverside,065,2383286,296096,292962,14227,307189,4524
2021-06-29,Sacramento,067,1510023,108807,108067,1858,109925,1677
2021-06-29,San Benito,069,59416,6115,6099,116,6215,63
2021-06-29,San Bernardino,071,2135413,295235,294118,9112,303230,4940
2021-06-29,San Diego,073,3302833,283599,282499,15457,297956,3780
2021-06-29,San Francisco,075,870044,37283,37041,1319,38360,558
2021-06-29,San Joaquin,077,732212,74299,73724,3666,77390,1409
2021-06-29,San Luis Obispo,079,281455,21572,21324,761,22085,256
2021-06-29,San Mateo,081,765935,42880,42540,495,43035,540
2021-06-29,Santa Barbara,083,443738,34669,34507,1151,35658,455
2021-06-29,Santa Clara,085,1922200,119679,118893,787,119680,2090
2021-06-29,Santa Cruz,087,273765,16358,16249,817,17066,208
2021-06-29,Shasta,089,179085,12626,12564,1653,14217,204
2021-06-29,Sierra,091,2930,63,59,12,71,0
2021-06-29,Siskiyou,093,43540,1971,1897,377,2274,29
2021-06-29,Solano,095,438530,33582,33440,579,34019,268
2021-06-29,Sonoma,097,501317,31119,30950,368,31318,316
2021-06-29,Stanislaus,099,539301,57198,56980,6057,63037,1018
2021-06-29,Sutter,101,95872,9648,9634,91,9725,114
2021-06-29,Tehama,103,63373,5161,5124,597,5721,63
2021-06-29,Trinity,105,12862,494,341,100,441,3
2021-06-29,Tulare,107,460477,50507,49751,9203,58954,852
2021-06-29,Tuolumne,109,53932,4077,4111,41,4152,64
2021-06-29,Ventura,111,848112,81964,81363,3066,84429,1032
2021-06-29,Yolo,113,214977,14232,14171,355,14526,213
2021-06-29,Yuba,115,75493,6235,6188,133,6321,51
2021-06-28,Alameda,001,1643700,89755,89638,2005,91643,1259
2021-06-28,Alpine,003,1148,88,89,0,89,0
2021-06-28,Amador,005,37829,3765,3753,33,3786,46
2021-06-28,Butte,007,227075,12817,12697,1875,14572,198
2021-06-28,Calaveras,009,45235,2207,2203,13,2216,55
2021-06-28,Colusa,011,21464,1968,1974,321,2295,15
2021-06-28,Contra Costa,013,1133247,71280,70807,1338,72145,816
2021-06-28,Del Norte,015,27424,1469,1436,13,1449,8
2021-06-28,El Dorado,017,186661,10504,10422,775,11197,115
2021-06-28,Fresno,019,978130,103566,103121,8814,111935,1727
2021-06-28,Glenn,021,27897,2454,2439,573,3012,20
2021-06-28,Humboldt,023,135768,4536,4520,48,4568,49
2021-06-28,Imperial,025,180216,28819,28981,2766,31747,741
2021-06-28,Inyo,027,18085,1413,1407,12,1419,35
2021-06-28,Kern,029,883053,98021,97252,11193,108445,1348
2021-06-28,Kings,031,150075,23308,23134,1115,24249,246
2021-06-28,Lake,033,64148,3630,3591,13,3604,56
2021-06-28,Lassen,035,31185,5288,5268,117,5385,20
2021-06-28,Los Angeles,037,10098052,1213139,1207714,42146,1249860,24496
2021-06-28,Madera,039,155013,16824,16683,952,17635,240
2021-06-28,Marin,041,260295,14237,14186,267,14453,232
2021-06-28,Mariposa,043,17540,441,440,11,451,5
2021-06-28,Mendocino,045,87422,4197,4102,82,4184,49
2021-06-28,Merced,047,269075,31283,31277,1069,32346,469
2021-06-28,Modoc,049,8938,419,411,147,558,3
2021-06-28,Mono,051,14174,1266,1276,18,1294,3
2021-06-28,Monterey,053,433212,43364,43202,1883,45085,462
2021-06-28,Napa,055,140530,10047,10050,39,10089,81
2021-06-28,Nevada,057,99092,4988,4951,195,5146,72
2021-06-28,Orange,059,3164182,256952,255755,11608,267363,5123
2021-06-28,Placer,061,380077,23939,23756,1563,25319,299
2021-06-28,Plumas,063,18699,722,704,12,716,4
2021-06-28,Riverside,065,2383286,295970,292647,14214,306861,4507
2021-06-28,Sacramento,067,1510023,108675,108342,1853,110195,1675
2021-06-28,San Benito,069,59416,6113,6101,116,6217,63
2021-06-28,San Bernardino,071,2135413,295134,294151,9107,303258,4928
2021-06-28,San Diego,073,3302833,283435,282417,15428,297845,3780
2021-06-28,San Francisco,075,870044,37247,37372,1317,38689,559
2021-06-28,San Joaquin,077,732212,74252,73973,3662,77635,1411
2021-06-28,San Luis Obispo,079,281455,21568,21340,760,22100,256
2021-06-28,San Mateo,081,765935,42846,42927,494,43421,540
2021-06-28,Santa Barbara,083,443738,34662,34534,1149,35683,455
2021-06-28,Santa Clara,085,1922200,119615,120377,786,121163,2103
2021-06-28,Santa Cruz,087,273765,16353,16245,817,17062,208
2021-06-28,Shasta,089,179085,12622,12642,1651,14293,203
2021-06-28,Sierra,091,2930,63,58,12,70,0
2021-06-28,Siskiyou,093,43540,1970,1896,377,2273,29
2021-06-28,Solano,095,438530,33546,33524,577,34101,267
2021-06-28,Sonoma,097,501317,31082,31137,367,31504,315
2021-06-28,Stanislaus,099,539301,57180,57047,6053,63100,1018
2021-06-28,Sutter,101,95872,9644,9682,91,9773,114
2021-06-28,Tehama,103,63373,5159,5122,597,5719,63
2021-06-28,Trinity,105,12862,494,341,100,441,3
2021-06-28,Tulare,107,460477,50497,49751,9199,58950,850
2021-06-28,Tuolumne,109,53932,4070,4121,41,4162,64
2021-06-28,Ventura,111,848112,81907,81393,3061,84454,1032
2021-06-28,Yolo,113,214977,14223,14199,352,14551,213
2021-06-28,Yuba,115,75493,6230,6207,133,6340,51
2021-06-27,Alameda,001,1643700,89668,89611,2001,91612,1259
2021-06-27,Alpine,003,1148,88,89,0,89,0
2021-06-27,Amador,005,37829,3764,3752,33,3785,46
2021-06-27,Butte,007,227075,12808,12696,1874,14570,198
2021-06-27,Calaveras,009,45235,2206,2203,13,2216,55
2021-06-27,Colusa,011,21464,1968,1974,321,2295,15
2021-06-27,Contra Costa,013,1133247,71194,70762,1334,72096,816
2021-06-27,Del Norte,015,27424,1466,1436,13,1449,8
2021-06-27,El Dorado,017,186661,10492,10418,772,11190,115
2021-06-27,Fresno,019,978130,103537,103110,8812,111922,1727
2021-06-27,Glenn,021,27897,2453,2439,572,3011,20
2021-06-27,Humboldt,023,135768,4524,4513,45,4558,49
2021-06-27,Imperial,025,180216,28805,28987,2766,31753,741
2021-06-27,Inyo,027,18085,1413,1407,12,1419,35
2021-06-27,Kern,029,883053,97995,97249,11186,108435,1348
2021-06-27,Kings,031,150075,23298,23132,1115,24247,246
2021-06-27,Lake,033,64148,3623,3581,13,3594,56
2021-06-27,Lassen,035,31185,5287,5265,117,5382,20
2021-06-27,Los Angeles,037,10098052,1212594,1207461,42105,1249566,24493
2021-06-27,Madera,039,155013,16816,16680,952,17632,240
2021-06-27,Marin,041,260295,14228,14182,267,14449,232
2021-06-27,Mariposa,043,17540,441,440,11,451,5
2021-06-27,Mendocino,045,87422,4190,4100,82,4182,49
2021-06-27,Merced,047,269075,31271,31266,1069,32335,469
2021-06-27,Modoc,049,8938,419,411,147,558,3
2021-06-27,Mono,051,14174,1266,1279,18,1297,3
2021-06-27,Monterey,053,433212,43351,43199,1883,45082,462
2021-06-27,Napa,055,140530,10041,10046,39,10085,81
2021-06-27,Nevada,057,99092,4982,4946,195,5141,72
2021-06-27,Orange,059,3164182,256838,255710,11597,267307,5123
2021-06-27,Placer,061,380077,23906,23731,1560,25291,299
2021-06-27,Plumas,063,18699,722,704,12,716,4
2021-06-27,Riverside,065,2383286,295868,292641,14207,306848,4507
2021-06-27,Sacramento,067,1510023,108540,108279,1849,110128,1675
2021-06-27,San Benito,069,59416,6107,6101,116,6217,63
2021-06-27,San Bernardino,071,2135413,295021,294115,9105,303220,4927
2021-06-27,San Diego,073,3302833,283295,282359,15402,297761,3780
2021-06-27,San Francisco,075,870044,37210,37360,1316,38676,559
2021-06-27,San Joaquin,077,732212,74216,73960,3660,77620,1411
2021-06-27,San Luis Obispo,079,281455,21561,21340,759,22099,256
2021-06-27,San Mateo,081,765935,42817,42925,491,43416,539
2021-06-27,Santa Barbara,083,443738,34648,34533,1147,35680,455
2021-06-27,Santa Clara,085,1922200,119564,120352,785,121137,2103
2021-06-27,Santa Cruz,087,273765,16344,16241,817,17058,208
2021-06-27,Shasta,089,179085,12616,12640,1650,14290,203
2021-06-27,Sierra,091,2930,63,58,12,70,0
2021-06-27,Siskiyou,093,43540,1968,1896,376,2272,29
2021-06-27,Solano,095,438530,33518,33516,577,34093,267
2021-06-27,Sonoma,097,501317,31044,31129,367,31496,315
2021-06-27,Stanislaus,099,539301,57140,57021,6050,63071,1018
2021-06-27,Sutter,101,95872,9638,9678,91,9769,114
2021-06-27,Tehama,103,63373,5155,5122,597,5719,63
2021-06-27,Trinity,105,12862,494,341,99,440,3
2021-06-27,Tulare,107,460477,50484,49749,9192,58941,850
2021-06-27,Tuolumne,109,53932,4068,4121,41,4162,64
2021-06-27,Ventura,111,848112,81873,81361,3052,84413,1032
2021-06-27,Yolo,113,214977,14208,14194,348,14542,213
2021-06-27,Yuba,115,75493,6224,6205,133,6338,51
2021-06-26,Alameda,001,1643700,89611,89560,1999,91559,1259
2021-06-26,Alpine,003,1148,88,89,0,89,0
2021-06-26,Amador,005,37829,3764,3748,33,3781,46
2021-06-26,Butte,007,227075,12804,12693,1871,14564,198
2021-06-26,Calaveras,009,45235,2204,2202,13,2215,55
2021-06-26,Colusa,011,21464,1968,1973,321,2294,15
2021-06-26,Contra Costa,013,1133247,71151,70712,1333,72045,816
2021-06-26,Del Norte,015,27424,1465,1432,13,1445,8
2021-06-26,El Dorado,017,186661,10484,10414,771,11185,115
2021-06-26,Fresno,019,978130,103517,103091,8810,111901,1727
2021-06-26,Glenn,021,27897,2451,2441,572,3013,20
2021-06-26,Humboldt,023,135768,4521,4509,45,4554,49
2021-06-26,Imperial,025,180216,28801,28970,2766,31736,741
2021-06-26,Inyo,027,18085,1413,1407,12,1419,35
2021-06-26,Kern,029,883053,97969,97239,11177,108416,1348
2021-06-26,Kings,031,150075,23294,23128,1114,24242,246
2021-06-26,Lake,033,64148,3612,3576,13,3589,56
2021-06-26,Lassen,035,31185,5284,5263,117,5380,20
2021-06-26,Los Angeles,037,10098052,1212288,1207198,42072,1249270,24490
2021-06-26,Madera,039,155013,16809,16679,951,17630,240
2021-06-26,Marin,041,260295,14219,14180,267,14447,232
2021-06-26,Mariposa,043,17540,441,440,11,451,5
2021-06-26,Mendocino,045,87422,4188,4096,82,4178,49
2021-06-26,Merced,047,269075,31265,31259,1068,32327,469
2021-06-26,Modoc,049,8938,419,411,147,558,3
2021-06-26,Mono,051,14174,1266,1279,18,1297,3
2021-06-26,Monterey,053,433212,43348,43192,1883,45075,462
2021-06-26,Napa,055,140530,10035,10043,39,10082,81
2021-06-26,Nevada,057,99092,4977,4939,195,5134,72
2021-06-26,Orange,059,3164182,256759,255640,11590,267230,5123
2021-06-26,Placer,061,380077,23892,23702,1558,25260,299
2021-06-26,Plumas,063,18699,722,704,12,716,4
2021-06-26,Riverside,065,2383286,295810,292480,14201,306681,4505
2021-06-26,Sacramento,067,1510023,108469,108179,1847,110026,1675
2021-06-26,San Benito,069,59416,6103,6100,116,6216,63
2021-06-26,San Bernardino,071,2135413,294926,294034,9100,303134,4928
2021-06-26,San Diego,073,3302833,283210,282263,15384,297647,3780
2021-06-26,San Francisco,075,870044,37178,37348,1315,38663,559
2021-06-26,San Joaquin,077,732212,74187,73928,3659,77587,1411
2021-06-26,San Luis Obispo,079,281455,21560,21330,758,22088,256
2021-06-26,San Mateo,081,765935,42797,42898,491,43389,539
2021-06-26,Santa Barbara,083,443738,34639,34525,1147,35672,455
2021-06-26,Santa Clara,085,1922200,119531,120321,785,121106,2103
2021-06-26,Santa Cruz,087,273765,16341,16239,817,17056,208
2021-06-26,Shasta,089,179085,12612,12635,1646,14281,203
2021-06-26,Sierra,091,2930,63,58,12,70,0
2021-06-26,Siskiyou,093,43540,1967,1896,375,2271,29
2021-06-26,Solano,095,438530,33500,33489,575,34064,267
2021-06-26,Sonoma,097,501317,31018,31088,367,31455,315
2021-06-26,Stanislaus,099,539301,57124,57006,6048,63054,1018
2021-06-26,Sutter,101,95872,9637,9669,91,9760,114
2021-06-26,Tehama,103,63373,5155,5119,597,5716,63
2021-06-26,Trinity,105,12862,494,341,99,440,3
2021-06-26,Tulare,107,460477,50478,49745,9192,58937,850
2021-06-26,Tuolumne,109,53932,4068,4121,41,4162,64
2021-06-26,Ventura,111,848112,81849,81352,3051,84403,1032
2021-06-26,Yolo,113,214977,14200,14184,348,14532,213
2021-06-26,Yuba,115,75493,6221,6200,133,6333,51
2021-06-25,Alameda,001,1643700,89544,89453,1997,91450,1271
2021-06-25,Alpine,003,1148,88,89,0,89,0
2021-06-25,Amador,005,37829,3763,3746,33,3779,46
2021-06-25,Butte,007,227075,12799,12682,1868,14550,198
2021-06-25,Calaveras,009,45235,2203,2201,13,2214,55
2021-06-25,Colusa,011,21464,1968,1972,321,2293,15
2021-06-25,Contra Costa,013,1133247,71115,70659,1333,71992,815
2021-06-25,Del Norte,015,27424,1465,1426,13,1439,8
2021-06-25,El Dorado,017,186661,10476,10406,768,11174,115
2021-06-25,Fresno,019,978130,103499,103073,8806,111879,1727
2021-06-25,Glenn,021,27897,2451,2441,572,3013,20
2021-06-25,Humboldt,023,135768,4515,4503,43,4546,49
2021-06-25,Imperial,025,180216,28798,28968,2766,31734,740
2021-06-25,Inyo,027,18085,1412,1406,12,1418,35
2021-06-25,Kern,029,883053,97950,97182,11173,108355,1347
2021-06-25,Kings,031,150075,23288,23118,1114,24232,246
2021-06-25,Lake,033,64148,3606,3571,13,3584,56
2021-06-25,Lassen,035,31185,5283,5259,117,5376,20
2021-06-25,Los Angeles,037,10098052,1212007,1206909,42055,1248964,24483
2021-06-25,Madera,039,155013,16806,16670,951,17621,240
2021-06-25,Marin,041,260295,14216,14179,267,14446,232
2021-06-25,Mariposa,043,17540,441,440,11,451,5
2021-06-25,Mendocino,045,87422,4185,4089,82,4171,49
2021-06-25,Merced,047,269075,31257,31256,1068,32324,467
2021-06-25,Modoc,049,8938,419,411,147,558,3
2021-06-25,Mono,051,14174,1266,1279,18,1297,3
2021-06-25,Monterey,053,433212,43343,43184,1882,45066,462
2021-06-25,Napa,055,140530,10030,10037,39,10076,81
2021-06-25,Nevada,057,99092,4974,4932,195,5127,72
2021-06-25,Orange,059,3164182,256688,255574,11588,267162,5119
2021-06-25,Placer,061,380077,23873,23672,1557,25229,299
2021-06-25,Plumas,063,18699,722,702,11,713,4
2021-06-25,Riverside,065,2383286,295742,291663,14194,305857,4490
2021-06-25,Sacramento,067,1510023,108397,108034,1844,109878,1673
2021-06-25,San Benito,069,59416,6099,6098,116,6214,63
2021-06-25,San Bernardino,071,2135413,294871,293941,9098,303039,4911
2021-06-25,San Diego,073,3302833,283150,282157,15371,297528,3779
2021-06-25,San Francisco,075,870044,37155,37338,1314,38652,559
2021-06-25,San Joaquin,077,732212,74154,73860,3657,77517,1410
2021-06-25,San Luis Obispo,079,281455,21557,21325,757,22082,256
2021-06-25,San Mateo,081,765935,42779,42849,491,43340,537
2021-06-25,Santa Barbara,083,443738,34630,34518,1146,35664,454
2021-06-25,Santa Clara,085,1922200,119511,120272,785,121057,2103
2021-06-25,Santa Cruz,087,273765,16338,16230,815,17045,208
2021-06-25,Shasta,089,179085,12602,12633,1645,14278,202
2021-06-25,Sierra,091,2930,63,58,12,70,0
2021-06-25,Siskiyou,093,43540,1966,1894,375,2269,29
2021-06-25,Solano,095,438530,33480,33449,575,34024,267
2021-06-25,Sonoma,097,501317,30995,31043,367,31410,314
2021-06-25,Stanislaus,099,539301,57108,56973,6041,63014,1018
2021-06-25,Sutter,101,95872,9630,9664,91,9755,114
2021-06-25,Tehama,103,63373,5154,5119,597,5716,63
2021-06-25,Trinity,105,12862,494,338,99,437,3
2021-06-25,Tulare,107,460477,50471,49731,9189,58920,850
2021-06-25,Tuolumne,109,53932,4067,4121,41,4162,64
2021-06-25,Ventura,111,848112,81820,81342,3045,84387,1032
2021-06-25,Yolo,113,214977,14194,14172,348,14520,213
2021-06-25,Yuba,115,75493,6217,6195,133,6328,51
2021-06-24,Alameda,001,1643700,89473,89358,1994,91352,1268
2021-06-24,Alpine,003,1148,88,89,0,89,0
2021-06-24,Amador,005,37829,3759,3745,33,3778,46
2021-06-24,Butte,007,227075,12793,12673,1866,14539,198
2021-06-24,Calaveras,009,45235,2200,2202,13,2215,55
2021-06-24,Colusa,011,21464,1967,1972,321,2293,15
2021-06-24,Contra Costa,013,1133247,71056,70590,1333,71923,813
2021-06-24,Del Norte,015,27424,1464,1421,13,1434,8
2021-06-24,El Dorado,017,186661,10469,10402,768,11170,115
2021-06-24,Fresno,019,978130,103479,103061,8803,111864,1727
2021-06-24,Glenn,021,27897,2450,2439,572,3011,20
2021-06-24,Humboldt,023,135768,4510,4493,43,4536,49
2021-06-24,Imperial,025,180216,28795,28981,2766,31747,740
2021-06-24,Inyo,027,18085,1411,1406,12,1418,35
2021-06-24,Kern,029,883053,97931,97129,11160,108289,1346
2021-06-24,Kings,031,150075,23284,23114,1112,24226,246
2021-06-24,Lake,033,64148,3600,3571,13,3584,56
2021-06-24,Lassen,035,31185,5282,5258,117,5375,20
2021-06-24,Los Angeles,037,10098052,1211683,1206590,42032,1248622,24480
2021-06-24,Madera,039,155013,16795,16662,950,17612,240
2021-06-24,Marin,041,260295,14212,14180,267,14447,232
2021-06-24,Mariposa,043,17540,441,440,11,451,5
2021-06-24,Mendocino,045,87422,4177,4085,82,4167,49
2021-06-24,Merced,047,269075,31247,31248,1067,32315,466
2021-06-24,Modoc,049,8938,419,411,147,558,3
2021-06-24,Mono,051,14174,1266,1276,18,1294,3
2021-06-24,Monterey,053,433212,43336,43180,1882,45062,451
2021-06-24,Napa,055,140530,10028,10036,39,10075,80
2021-06-24,Nevada,057,99092,4972,4927,195,5122,72
2021-06-24,Orange,059,3164182,256624,255520,11580,267100,5117
2021-06-24,Placer,061,380077,23848,23659,1555,25214,299
2021-06-24,Plumas,063,18699,721,702,11,713,4
2021-06-24,Riverside,065,2383286,295662,291067,14183,305250,4473
2021-06-24,Sacramento,067,1510023,108309,107965,1842,109807,1672
2021-06-24,San Benito,069,59416,6096,6098,116,6214,63
2021-06-24,San Bernardino,071,2135413,294802,293895,9093,302988,4898
2021-06-24,San Diego,073,3302833,283046,282053,15358,297411,3778
2021-06-24,San Francisco,075,870044,37133,37320,1312,38632,559
2021-06-24,San Joaquin,077,732212,74106,73814,3657,77471,1408
2021-06-24,San Luis Obispo,079,281455,21551,21326,757,22083,256
2021-06-24,San Mateo,081,765935,42753,42814,490,43304,542
2021-06-24,Santa Barbara,083,443738,34624,34512,1145,35657,454
2021-06-24,Santa Clara,085,1922200,119480,120274,784,121058,2103
2021-06-24,Santa Cruz,087,273765,16337,16227,815,17042,208
2021-06-24,Shasta,089,179085,12597,12629,1641,14270,202
2021-06-24,Sierra,091,2930,63,58,12,70,0
2021-06-24,Siskiyou,093,43540,1966,1892,375,2267,28
2021-06-24,Solano,095,438530,33457,33432,573,34005,267
2021-06-24,Sonoma,097,501317,30966,31020,367,31387,314
2021-06-24,Stanislaus,099,539301,57082,56946,6041,62987,1018
2021-06-24,Sutter,101,95872,9623,9660,91,9751,113
2021-06-24,Tehama,103,63373,5151,5115,597,5712,63
2021-06-24,Trinity,105,12862,493,338,99,437,3
2021-06-24,Tulare,107,460477,50460,49730,9187,58917,850
2021-06-24,Tuolumne,109,53932,4065,4120,41,4161,64
2021-06-24,Ventura,111,848112,81792,81332,3044,84376,1032
2021-06-24,Yolo,113,214977,14185,14169,345,14514,213
2021-06-24,Yuba,115,75493,6212,6195,133,6328,51
2021-06-23,Alameda,001,1643700,89401,89338,1993,91331,1266
2021-06-23,Alpine,003,1148,88,88,0,88,0
2021-06-23,Amador,005,37829,3757,3743,33,3776,46
2021-06-23,Butte,007,227075,12786,12666,1866,14532,198
2021-06-23,Calaveras,009,45235,2199,2199,13,2212,55
2021-06-23,Colusa,011,21464,1966,1972,321,2293,15
2021-06-23,Contra Costa,013,1133247,70991,70526,1332,71858,813
2021-06-23,Del Norte,015,27424,1460,1418,13,1431,8
2021-06-23,El Dorado,017,186661,10460,10395,765,11160,115
2021-06-23,Fresno,019,978130,103450,103020,8801,111821,1724
2021-06-23,Glenn,021,27897,2450,2437,571,3008,20
2021-06-23,Humboldt,023,135768,4501,4490,43,4533,48
2021-06-23,Imperial,025,180216,28788,28908,2766,31674,740
2021-06-23,Inyo,027,18085,1411,1406,12,1418,35
2021-06-23,Kern,029,883053,97903,97078,11147,108225,1345
2021-06-23,Kings,031,150075,23277,23105,1110,24215,245
2021-06-23,Lake,033,64148,3591,3566,13,3579,53
2021-06-23,Lassen,035,31185,5279,5257,117,5374,20
2021-06-23,Los Angeles,037,10098052,1211346,1206358,42022,1248380,24472
2021-06-23,Madera,039,155013,16788,16660,950,17610,240
2021-06-23,Marin,041,260295,14206,14177,267,14444,230
2021-06-23,Mariposa,043,17540,441,439,11,450,5
2021-06-23,Mendocino,045,87422,4173,4078,82,4160,49
2021-06-23,Merced,047,269075,31238,31260,1067,32327,465
2021-06-23,Modoc,049,8938,417,407,147,554,3
2021-06-23,Mono,051,14174,1266,1279,18,1297,3
2021-06-23,Monterey,053,433212,43327,43166,1882,45048,439
2021-06-23,Napa,055,140530,10019,10032,39,10071,80
2021-06-23,Nevada,057,99092,4969,4924,195,5119,72
2021-06-23,Orange,059,3164182,256558,255479,11572,267051,5116
2021-06-23,Placer,061,380077,23819,23630,1550,25180,299
2021-06-23,Plumas,063,18699,720,701,11,712,4
2021-06-23,Riverside,065,2383286,295579,290343,14181,304524,4462
2021-06-23,Sacramento,067,1510023,108217,107868,1837,109705,1671
2021-06-23,San Benito,069,59416,6092,6097,116,6213,63
2021-06-23,San Bernardino,071,2135413,294723,293816,9088,302904,4886
2021-06-23,San Diego,073,3302833,282946,281937,15337,297274,3777
2021-06-23,San Francisco,075,870044,37109,37304,1310,38614,559
2021-06-23,San Joaquin,077,732212,74067,73764,3655,77419,1405
2021-06-23,San Luis Obispo,079,281455,21547,21323,756,22079,257
2021-06-23,San Mateo,081,765935,42737,42756,490,43246,542
2021-06-23,Santa Barbara,083,443738,34614,34505,1145,35650,454
2021-06-23,Santa Clara,085,1922200,119451,120233,784,121017,2098
2021-06-23,Santa Cruz,087,273765,16333,16215,815,17030,209
2021-06-23,Shasta,089,179085,12590,12604,1639,14243,202
2021-06-23,Sierra,091,2930,63,57,12,69,0
2021-06-23,Siskiyou,093,43540,1964,1892,375,2267,28
2021-06-23,Solano,095,438530,33413,33408,573,33981,267
2021-06-23,Sonoma,097,501317,30926,30959,365,31324,314
2021-06-23,Stanislaus,099,539301,57052,56926,6040,62966,1017
2021-06-23,Sutter,101,95872,9617,9653,91,9744,113
2021-06-23,Tehama,103,63373,5151,5119,596,5715,63
2021-06-23,Trinity,105,12862,493,338,99,437,3
2021-06-23,Tulare,107,460477,50453,49711,9183,58894,850
2021-06-23,Tuolumne,109,53932,4062,4120,41,4161,64
2021-06-23,Ventura,111,848112,81769,81312,3041,84353,1032
2021-06-23,Yolo,113,214977,14175,14161,345,14506,212
2021-06-23,Yuba,115,75493,6209,6190,133,6323,51
2021-06-22,Alameda,001,1643700,89334,89308,1993,91301,1263
2021-06-22,Alpine,003,1148,88,88,0,88,0
2021-06-22,Amador,005,37829,3754,3743,33,3776,46
2021-06-22,Butte,007,227075,12782,12662,1863,14525,198
2021-06-22,Calaveras,009,45235,2198,2198,13,2211,55
2021-06-22,Colusa,011,21464,1965,1971,321,2292,15
2021-06-22,Contra Costa,013,1133247,70935,70480,1331,71811,813
2021-06-22,Del Norte,015,27424,1457,1417,13,1430,8
2021-06-22,El Dorado,017,186661,10455,10380,764,11144,113
2021-06-22,Fresno,019,978130,103431,102996,8797,111793,1724
2021-06-22,Glenn,021,27897,2449,2435,569,3004,19
2021-06-22,Humboldt,023,135768,4491,4483,43,4526,42
2021-06-22,Imperial,025,180216,28783,28880,2766,31646,740
2021-06-22,Inyo,027,18085,1411,1405,12,1417,35
2021-06-22,Kern,029,883053,97890,97013,11143,108156,1342
2021-06-22,Kings,031,150075,23269,23098,1109,24207,245
2021-06-22,Lake,033,64148,3589,3564,13,3577,45
2021-06-22,Lassen,035,31185,5274,5254,117,5371,20
2021-06-22,Los Angeles,037,10098052,1211032,1206146,42010,1248156,24461
2021-06-22,Madera,039,155013,16783,16652,950,17602,240
2021-06-22,Marin,041,260295,14204,14174,267,14441,230
2021-06-22,Mariposa,043,17540,441,439,11,450,5
2021-06-22,Mendocino,045,87422,4167,4072,82,4154,49
2021-06-22,Merced,047,269075,31227,31267,1067,32334,464
2021-06-22,Modoc,049,8938,415,405,146,551,3
2021-06-22,Mono,051,14174,1266,1277,18,1295,3
2021-06-22,Monterey,053,433212,43324,43162,1881,45043,427
2021-06-22,Napa,055,140530,10015,10029,39,10068,80
2021-06-22,Nevada,057,99092,4963,4923,195,5118,72
2021-06-22,Orange,059,3164182,256489,255452,11561,267013,5114
2021-06-22,Placer,061,380077,23797,23603,1550,25153,299
2021-06-22,Plumas,063,18699,720,697,11,708,4
2021-06-22,Riverside,065,2383286,295518,289839,14177,304016,4456
2021-06-22,Sacramento,067,1510023,108116,107801,1832,109633,1670
2021-06-22,San Benito,069,59416,6091,6098,116,6214,63
2021-06-22,San Bernardino,071,2135413,294648,293770,9082,302852,4873
2021-06-22,San Diego,073,3302833,282842,281867,15314,297181,3771
2021-06-22,San Francisco,075,870044,37095,37287,1310,38597,556
2021-06-22,San Joaquin,077,732212,74037,73723,3653,77376,1405
2021-06-22,San Luis Obispo,079,281455,21544,21321,755,22076,257
2021-06-22,San Mateo,081,765935,42723,42725,485,43210,542
2021-06-22,Santa Barbara,083,443738,34603,34500,1144,35644,454
2021-06-22,Santa Clara,085,1922200,119419,120194,784,120978,2095
2021-06-22,Santa Cruz,087,273765,16328,16218,815,17033,209
2021-06-22,Shasta,089,179085,12579,12616,1636,14252,202
2021-06-22,Sierra,091,2930,62,57,12,69,0
2021-06-22,Siskiyou,093,43540,1964,1892,375,2267,28
2021-06-22,Solano,095,438530,33395,33397,572,33969,267
2021-06-22,Sonoma,097,501317,30886,30933,365,31298,314
2021-06-22,Stanislaus,099,539301,57036,56915,6038,62953,1017
2021-06-22,Sutter,101,95872,9610,9649,91,9740,113
2021-06-22,Tehama,103,63373,5149,5118,595,5713,63
2021-06-22,Trinity,105,12862,491,337,99,436,3
2021-06-22,Tulare,107,460477,50443,49706,9178,58884,850
2021-06-22,Tuolumne,109,53932,4060,4119,41,4160,64
2021-06-22,Ventura,111,848112,81755,81300,3040,84340,1032
2021-06-22,Yolo,113,214977,14170,14157,343,14500,212
2021-06-22,Yuba,115,75493,6205,6181,133,6314,51
2021-06-21,Alameda,001,1643700,89277,89281,1992,91273,1262
2021-06-21,Alpine,003,1148,88,88,0,88,0
2021-06-21,Amador,005,37829,3748,3742,33,3775,46
2021-06-21,Butte,007,227075,12776,12668,1861,14529,195
2021-06-21,Calaveras,009,45235,2196,2194,13,2207,55
2021-06-21,Colusa,011,21464,1964,1970,320,2290,15
2021-06-21,Contra Costa,013,1133247,70864,70439,1329,71768,813
2021-06-21,Del Norte,015,27424,1453,1416,13,1429,8
2021-06-21,El Dorado,017,186661,10449,10375,763,11138,113
2021-06-21,Fresno,019,978130,103411,102971,8794,111765,1724
2021-06-21,Glenn,021,27897,2448,2433,569,3002,19
2021-06-21,Humboldt,023,135768,4482,4478,42,4520,42
2021-06-21,Imperial,025,180216,28779,28855,2766,31621,740
2021-06-21,Inyo,027,18085,1410,1405,12,1417,35
2021-06-21,Kern,029,883053,97861,96995,11134,108129,1342
2021-06-21,Kings,031,150075,23262,23091,1106,24197,245
2021-06-21,Lake,033,64148,3583,3563,13,3576,45
2021-06-21,Lassen,035,31185,5272,5233,117,5350,19
2021-06-21,Los Angeles,037,10098052,1210740,1205994,41989,1247983,24459
2021-06-21,Madera,039,155013,16774,16647,950,17597,240
2021-06-21,Marin,041,260295,14200,14173,267,14440,230
2021-06-21,Mariposa,043,17540,441,439,11,450,5
2021-06-21,Mendocino,045,87422,4164,4085,82,4167,49
2021-06-21,Merced,047,269075,31217,31264,1066,32330,465
2021-06-21,Modoc,049,8938,415,405,146,551,3
2021-06-21,Mono,051,14174,1266,1277,18,1295,3
2021-06-21,Monterey,053,433212,43321,43157,1881,45038,427
2021-06-21,Napa,055,140530,10010,10028,39,10067,80
2021-06-21,Nevada,057,99092,4959,4921,195,5116,72
2021-06-21,Orange,059,3164182,256416,255400,11554,266954,5113
2021-06-21,Placer,061,380077,23773,23577,1550,25127,298
2021-06-21,Plumas,063,18699,718,697,11,708,4
2021-06-21,Riverside,065,2383286,295442,289797,14172,303969,4456
2021-06-21,Sacramento,067,1510023,108004,107757,1831,109588,1669
2021-06-21,San Benito,069,59416,6087,6098,116,6214,63
2021-06-21,San Bernardino,071,2135413,294561,293736,9078,302814,4850
2021-06-21,San Diego,073,3302833,282737,281811,15294,297105,3771
2021-06-21,San Francisco,075,870044,37079,37275,1309,38584,556
2021-06-21,San Joaquin,077,732212,73996,73687,3652,77339,1405
2021-06-21,San Luis Obispo,079,281455,21535,21316,755,22071,257
2021-06-21,San Mateo,081,765935,42707,42685,484,43169,542
2021-06-21,Santa Barbara,083,443738,34598,34492,1144,35636,455
2021-06-21,Santa Clara,085,1922200,119386,120192,783,120975,2093
2021-06-21,Santa Cruz,087,273765,16326,16212,815,17027,208
2021-06-21,Shasta,089,179085,12566,12617,1633,14250,201
2021-06-21,Sierra,091,2930,62,57,12,69,0
2021-06-21,Siskiyou,093,43540,1964,1892,375,2267,27
2021-06-21,Solano,095,438530,33372,33383,571,33954,266
2021-06-21,Sonoma,097,501317,30863,30912,365,31277,314
2021-06-21,Stanislaus,099,539301,57006,56891,6033,62924,1017
2021-06-21,Sutter,101,95872,9607,9649,91,9740,113
2021-06-21,Tehama,103,63373,5149,5115,594,5709,63
2021-06-21,Trinity,105,12862,491,337,99,436,3
2021-06-21,Tulare,107,460477,50432,49689,9174,58863,849
2021-06-21,Tuolumne,109,53932,4056,4119,41,4160,63
2021-06-21,Ventura,111,848112,81727,81291,3036,84327,1031
2021-06-21,Yolo,113,214977,14164,14165,343,14508,212
2021-06-21,Yuba,115,75493,6204,6172,133,6305,51
2021-06-20,Alameda,001,1643700,89212,89255,1991,91246,1263
2021-06-20,Alpine,003,1148,88,88,0,88,0
2021-06-20,Amador,005,37829,3745,3740,33,3773,46
2021-06-20,Butte,007,227075,12769,12668,1860,14528,194
2021-06-20,Calaveras,009,45235,2195,2193,13,2206,55
2021-06-20,Colusa,011,21464,1964,1970,320,2290,15
2021-06-20,Contra Costa,013,1133247,70807,70401,1327,71728,813
2021-06-20,Del Norte,015,27424,1449,1416,13,1429,8
2021-06-20,El Dorado,017,186661,10435,10372,760,11132,113
2021-06-20,Fresno,019,978130,103370,102947,8791,111738,1724
2021-06-20,Glenn,021,27897,2448,2434,569,3003,19
2021-06-20,Humboldt,023,135768,4476,4472,42,4514,42
2021-06-20,Imperial,025,180216,28770,28855,2766,31621,740
2021-06-20,Inyo,027,18085,1409,1405,12,1417,35
2021-06-20,Kern,029,883053,97840,96985,11123,108108,1342
2021-06-20,Kings,031,150075,23257,23088,1104,24192,245
2021-06-20,Lake,033,64148,3581,3563,13,3576,45
2021-06-20,Lassen,035,31185,5269,5230,117,5347,19
2021-06-20,Los Angeles,037,10098052,1210441,1205874,41981,1247855,24456
2021-06-20,Madera,039,155013,16766,16638,948,17586,240
2021-06-20,Marin,041,260295,14197,14166,267,14433,230
2021-06-20,Mariposa,043,17540,439,439,11,450,5
2021-06-20,Mendocino,045,87422,4157,4080,82,4162,49
2021-06-20,Merced,047,269075,31204,31265,1066,32331,465
2021-06-20,Modoc,049,8938,415,405,146,551,3
2021-06-20,Mono,051,14174,1266,1275,18,1293,3
2021-06-20,Monterey,053,433212,43312,43156,1880,45036,427
2021-06-20,Napa,055,140530,10003,10026,38,10064,80
2021-06-20,Nevada,057,99092,4952,4919,195,5114,72
2021-06-20,Orange,059,3164182,256352,255377,11543,266920,5113
2021-06-20,Placer,061,380077,23739,23562,1546,25108,298
2021-06-20,Plumas,063,18699,717,697,11,708,4
2021-06-20,Riverside,065,2383286,295363,289770,14161,303931,4456
2021-06-20,Sacramento,067,1510023,107893,107700,1828,109528,1669
2021-06-20,San Benito,069,59416,6087,6098,116,6214,63
2021-06-20,San Bernardino,071,2135413,294461,293713,9074,302787,4845
2021-06-20,San Diego,073,3302833,282631,281750,15272,297022,3771
2021-06-20,San Francisco,075,870044,37056,37269,1309,38578,556
2021-06-20,San Joaquin,077,732212,73951,73676,3643,77319,1405
2021-06-20,San Luis Obispo,079,281455,21533,21313,755,22068,257
2021-06-20,San Mateo,081,765935,42678,42681,484,43165,542
2021-06-20,Santa Barbara,083,443738,34589,34487,1144,35631,455
2021-06-20,Santa Clara,085,1922200,119351,120163,783,120946,2093
2021-06-20,Santa Cruz,087,273765,16320,16210,815,17025,208
2021-06-20,Shasta,089,179085,12561,12617,1631,14248,201
2021-06-20,Sierra,091,2930,62,57,12,69,0
2021-06-20,Siskiyou,093,43540,1963,1891,375,2266,27
2021-06-20,Solano,095,438530,33350,33361,569,33930,266
2021-06-20,Sonoma,097,501317,30816,30884,362,31246,314
2021-06-20,Stanislaus,099,539301,56975,56868,6032,62900,1017
2021-06-20,Sutter,101,95872,9604,9645,91,9736,113
2021-06-20,Tehama,103,63373,5145,5115,594,5709,63
2021-06-20,Trinity,105,12862,491,337,99,436,3
2021-06-20,Tulare,107,460477,50423,49685,9172,58857,849
2021-06-20,Tuolumne,109,53932,4053,4117,41,4158,63
2021-06-20,Ventura,111,848112,81711,81282,3034,84316,1031
2021-06-20,Yolo,113,214977,14157,14160,343,14503,212
2021-06-20,Yuba,115,75493,6197,6167,133,6300,51
2021-06-19,Alameda,001,1643700,89177,89202,1991,91193,1263
2021-06-19,Alpine,003,1148,88,88,0,88,0
2021-06-19,Amador,005,37829,3743,3739,33,3772,46
2021-06-19,Butte,007,227075,12765,12659,1860,14519,194
2021-06-19,Calaveras,009,45235,2195,2192,13,2205,55
2021-06-19,Colusa,011,21464,1964,1969,320,2289,15
2021-06-19,Contra Costa,013,1133247,70776,70334,1326,71660,813
2021-06-19,Del Norte,015,27424,1448,1416,13,1429,8
2021-06-19,El Dorado,017,186661,10434,10363,759,11122,113
2021-06-19,Fresno,019,978130,103357,102922,8788,111710,1724
2021-06-19,Glenn,021,27897,2447,2434,568,3002,19
2021-06-19,Humboldt,023,135768,4465,4463,42,4505,42
2021-06-19,Imperial,025,180216,28769,28813,2766,31579,740
2021-06-19,Inyo,027,18085,1409,1405,12,1417,35
2021-06-19,Kern,029,883053,97824,96966,11119,108085,1342
2021-06-19,Kings,031,150075,23254,23086,1104,24190,245
2021-06-19,Lake,033,64148,3577,3563,13,3576,45
2021-06-19,Lassen,035,31185,5268,5225,117,5342,19
2021-06-19,Los Angeles,037,10098052,1210241,1205602,41966,1247568,24454
2021-06-19,Madera,039,155013,16764,16632,948,17580,240
2021-06-19,Marin,041,260295,14189,14152,267,14419,230
2021-06-19,Mariposa,043,17540,439,439,11,450,5
2021-06-19,Mendocino,045,87422,4151,4077,82,4159,49
2021-06-19,Merced,047,269075,31202,31256,1066,32322,465
2021-06-19,Modoc,049,8938,414,402,146,548,3
2021-06-19,Mono,051,14174,1266,1275,18,1293,3
2021-06-19,Monterey,053,433212,43306,43153,1880,45033,427
2021-06-19,Napa,055,140530,9999,10025,38,10063,80
2021-06-19,Nevada,057,99092,4947,4910,195,5105,72
2021-06-19,Orange,059,3164182,256305,255329,11540,266869,5112
2021-06-19,Placer,061,380077,23723,23537,1543,25080,298
2021-06-19,Plumas,063,18699,716,697,11,708,4
2021-06-19,Riverside,065,2383286,295317,289720,14161,303881,4456
2021-06-19,Sacramento,067,1510023,107847,107631,1825,109456,1669
2021-06-19,San Benito,069,59416,6086,6098,116,6214,63
2021-06-19,San Bernardino,071,2135413,294417,293673,9071,302744,4844
2021-06-19,San Diego,073,3302833,282571,281682,15258,296940,3771
2021-06-19,San Francisco,075,870044,37043,37256,1309,38565,556
2021-06-19,San Joaquin,077,732212,73935,73652,3639,77291,1405
2021-06-19,San Luis Obispo,079,281455,21531,21308,755,22063,257
2021-06-19,San Mateo,081,765935,42660,42646,482,43128,542
2021-06-19,Santa Barbara,083,443738,34587,34472,1144,35616,455
2021-06-19,Santa Clara,085,1922200,119328,120110,782,120892,2093
2021-06-19,Santa Cruz,087,273765,16315,16206,815,17021,208
2021-06-19,Shasta,089,179085,12559,12615,1630,14245,201
2021-06-19,Sierra,091,2930,62,57,12,69,0
2021-06-19,Siskiyou,093,43540,1963,1891,374,2265,27
2021-06-19,Solano,095,438530,33340,33341,568,33909,266
2021-06-19,Sonoma,097,501317,30775,30841,361,31202,314
2021-06-19,Stanislaus,099,539301,56956,56847,6029,62876,1017
2021-06-19,Sutter,101,95872,9601,9645,91,9736,113
2021-06-19,Tehama,103,63373,5144,5115,594,5709,63
2021-06-19,Trinity,105,12862,491,337,99,436,3
2021-06-19,Tulare,107,460477,50416,49681,9167,58848,849
2021-06-19,Tuolumne,109,53932,4053,4117,41,4158,63
2021-06-19,Ventura,111,848112,81698,81270,3033,84303,1031
2021-06-19,Yolo,113,214977,14153,14156,342,14498,212
2021-06-19,Yuba,115,75493,6196,6157,133,6290,51
2021-06-18,Alameda,001,1643700,89140,89123,1991,91114,1263
2021-06-18,Alpine,003,1148,88,88,0,88,0
2021-06-18,Amador,005,37829,3743,3739,33,3772,46
2021-06-18,Butte,007,227075,12762,12653,1857,14510,194
2021-06-18,Calaveras,009,45235,2195,2191,13,2204,55
2021-06-18,Colusa,011,21464,1963,1969,320,2289,15
2021-06-18,Contra Costa,013,1133247,70734,70271,1324,71595,813
2021-06-18,Del Norte,015,27424,1448,1415,13,1428,8
2021-06-18,El Dorado,017,186661,10431,10348,757,11105,113
2021-06-18,Fresno,019,978130,103341,102894,8786,111680,1722
2021-06-18,Glenn,021,27897,2446,2430,568,2998,19
2021-06-18,Humboldt,023,135768,4457,4450,42,4492,42
2021-06-18,Imperial,025,180216,28767,28809,2766,31575,740
2021-06-18,Inyo,027,18085,1409,1405,12,1417,35
2021-06-18,Kern,029,883053,97813,96948,11113,108061,1341
2021-06-18,Kings,031,150075,23249,23082,1104,24186,245
2021-06-18,Lake,033,64148,3573,3563,13,3576,45
2021-06-18,Lassen,035,31185,5267,5224,117,5341,19
2021-06-18,Los Angeles,037,10098052,1210084,1205472,41949,1247421,24451
2021-06-18,Madera,039,155013,16758,16625,948,17573,241
2021-06-18,Marin,041,260295,14186,14147,267,14414,230
2021-06-18,Mariposa,043,17540,439,439,11,450,5
2021-06-18,Mendocino,045,87422,4146,4068,82,4150,49
2021-06-18,Merced,047,269075,31200,31262,1066,32328,464
2021-06-18,Modoc,049,8938,414,402,146,548,3
2021-06-18,Mono,051,14174,1265,1275,17,1292,3
2021-06-18,Monterey,053,433212,43303,43148,1880,45028,427
2021-06-18,Napa,055,140530,9995,10021,38,10059,80
2021-06-18,Nevada,057,99092,4939,4903,195,5098,72
2021-06-18,Orange,059,3164182,256268,255274,11537,266811,5108
2021-06-18,Placer,061,380077,23715,23500,1540,25040,298
2021-06-18,Plumas,063,18699,716,697,11,708,4
2021-06-18,Riverside,065,2383286,295269,289676,14160,303836,4457
2021-06-18,Sacramento,067,1510023,107799,107570,1825,109395,1669
2021-06-18,San Benito,069,59416,6085,6097,116,6213,63
2021-06-18,San Bernardino,071,2135413,294372,293629,9067,302696,4826
2021-06-18,San Diego,073,3302833,282495,281608,15247,296855,3771
2021-06-18,San Francisco,075,870044,37034,37246,1309,38555,556
2021-06-18,San Joaquin,077,732212,73917,73623,3637,77260,1403
2021-06-18,San Luis Obispo,079,281455,21527,21301,754,22055,257
2021-06-18,San Mateo,081,765935,42649,42630,481,43111,542
2021-06-18,Santa Barbara,083,443738,34577,34469,1144,35613,455
2021-06-18,Santa Clara,085,1922200,119307,120081,780,120861,2093
2021-06-18,Santa Cruz,087,273765,16311,16202,815,17017,208
2021-06-18,Shasta,089,179085,12555,12607,1628,14235,201
2021-06-18,Sierra,091,2930,61,57,12,69,0
2021-06-18,Siskiyou,093,43540,1963,1890,374,2264,27
2021-06-18,Solano,095,438530,33326,33323,568,33891,266
2021-06-18,Sonoma,097,501317,30757,30816,360,31176,313
2021-06-18,Stanislaus,099,539301,56941,56803,6027,62830,1012
2021-06-18,Sutter,101,95872,9598,9643,91,9734,113
2021-06-18,Tehama,103,63373,5142,5114,594,5708,63
2021-06-18,Trinity,105,12862,491,337,98,435,3
2021-06-18,Tulare,107,460477,50414,49664,9160,58824,849
2021-06-18,Tuolumne,109,53932,4051,4116,41,4157,63
2021-06-18,Ventura,111,848112,81688,81256,3028,84284,1031
2021-06-18,Yolo,113,214977,14150,14148,340,14488,212
2021-06-18,Yuba,115,75493,6190,6150,133,6283,51
2021-06-17,Alameda,001,1643700,89093,89087,1991,91078,1262
2021-06-17,Alpine,003,1148,88,88,0,88,0
2021-06-17,Amador,005,37829,3741,3731,33,3764,46
2021-06-17,Butte,007,227075,12752,12644,1856,14500,194
2021-06-17,Calaveras,009,45235,2194,2189,13,2202,55
2021-06-17,Colusa,011,21464,1962,1969,320,2289,15
2021-06-17,Contra Costa,013,1133247,70695,70190,1320,71510,810
2021-06-17,Del Norte,015,27424,1446,1413,13,1426,8
2021-06-17,El Dorado,017,186661,10421,10341,757,11098,113
2021-06-17,Fresno,019,978130,103315,102867,8782,111649,1722
2021-06-17,Glenn,021,27897,2446,2430,568,2998,19
2021-06-17,Humboldt,023,135768,4448,4438,42,4480,42
2021-06-17,Imperial,025,180216,28759,28801,2766,31567,741
2021-06-17,Inyo,027,18085,1409,1405,12,1417,35
2021-06-17,Kern,029,883053,97798,96840,11107,107947,1340
2021-06-17,Kings,031,150075,23245,23078,1103,24181,245
2021-06-17,Lake,033,64148,3570,3563,9,3572,45
2021-06-17,Lassen,035,31185,5263,5223,117,5340,19
2021-06-17,Los Angeles,037,10098052,1209872,1205301,41920,1247221,24444
2021-06-17,Madera,039,155013,16753,16618,948,17566,241
2021-06-17,Marin,041,260295,14186,14141,267,14408,229
2021-06-17,Mariposa,043,17540,439,439,11,450,5
2021-06-17,Mendocino,045,87422,4139,4054,82,4136,49
2021-06-17,Merced,047,269075,31195,31262,1066,32328,464
2021-06-17,Modoc,049,8938,413,401,146,547,3
2021-06-17,Mono,051,14174,1264,1275,17,1292,3
2021-06-17,Monterey,053,433212,43295,43140,1880,45020,416
2021-06-17,Napa,055,140530,9995,10014,38,10052,80
2021-06-17,Nevada,057,99092,4935,4898,195,5093,72
2021-06-17,Orange,059,3164182,256222,255240,11526,266766,5109
2021-06-17,Placer,061,380077,23699,23461,1538,24999,298
2021-06-17,Plumas,063,18699,715,697,11,708,4
2021-06-17,Riverside,065,2383286,295215,289627,14158,303785,4458
2021-06-17,Sacramento,067,1510023,107735,107492,1823,109315,1666
2021-06-17,San Benito,069,59416,6085,6097,116,6213,63
2021-06-17,San Bernardino,071,2135413,294331,293560,9067,302627,4811
2021-06-17,San Diego,073,3302833,282419,281531,15233,296764,3771
2021-06-17,San Francisco,075,870044,37023,37243,1308,38551,556
2021-06-17,San Joaquin,077,732212,73894,73560,3632,77192,1403
2021-06-17,San Luis Obispo,079,281455,21525,21297,754,22051,257
2021-06-17,San Mateo,081,765935,42643,42615,481,43096,542
2021-06-17,Santa Barbara,083,443738,34571,34466,1144,35610,453
2021-06-17,Santa Clara,085,1922200,119282,120032,779,120811,2093
2021-06-17,Santa Cruz,087,273765,16307,16197,815,17012,208
2021-06-17,Shasta,089,179085,12547,12597,1628,14225,201
2021-06-17,Sierra,091,2930,61,56,12,68,0
2021-06-17,Siskiyou,093,43540,1962,1889,374,2263,27
2021-06-17,Solano,095,438530,33305,33296,567,33863,266
2021-06-17,Sonoma,097,501317,30726,30793,360,31153,323
2021-06-17,Stanislaus,099,539301,56910,56752,6022,62774,1012
2021-06-17,Sutter,101,95872,9595,9629,91,9720,113
2021-06-17,Tehama,103,63373,5141,5112,592,5704,63
2021-06-17,Trinity,105,12862,490,337,98,435,3
2021-06-17,Tulare,107,460477,50409,49649,9152,58801,849
2021-06-17,Tuolumne,109,53932,4050,4116,41,4157,63
2021-06-17,Ventura,111,848112,81679,81248,3025,84273,1030
2021-06-17,Yolo,113,214977,14142,14141,340,14481,212
2021-06-17,Yuba,115,75493,6181,6140,133,6273,51
2021-06-16,Alameda,001,1643700,89044,89045,1990,91035,1265
2021-06-16,Alpine,003,1148,88,88,0,88,0
2021-06-16,Amador,005,37829,3740,3730,33,3763,46
2021-06-16,Butte,007,227075,12750,12635,1854,14489,194
2021-06-16,Calaveras,009,45235,2192,2188,13,2201,55
2021-06-16,Colusa,011,21464,1962,1967,320,2287,15
2021-06-16,Contra Costa,013,1133247,70643,70136,1319,71455,810
2021-06-16,Del Norte,015,27424,1443,1413,13,1426,8
2021-06-16,El Dorado,017,186661,10415,10334,756,11090,113
2021-06-16,Fresno,019,978130,103285,102842,8778,111620,1722
2021-06-16,Glenn,021,27897,2446,2430,568,2998,19
2021-06-16,Humboldt,023,135768,4439,4427,41,4468,42
2021-06-16,Imperial,025,180216,28756,28796,2766,31562,741
2021-06-16,Inyo,027,18085,1408,1405,12,1417,35
2021-06-16,Kern,029,883053,97776,96789,11100,107889,1339
2021-06-16,Kings,031,150075,23244,23072,1102,24174,245
2021-06-16,Lake,033,64148,3570,3562,9,3571,45
2021-06-16,Lassen,035,31185,5260,5216,117,5333,19
2021-06-16,Los Angeles,037,10098052,1209649,1205102,41909,1247011,24439
2021-06-16,Madera,039,155013,16749,16603,948,17551,240
2021-06-16,Marin,041,260295,14184,14137,267,14404,229
2021-06-16,Mariposa,043,17540,439,437,11,448,5
2021-06-16,Mendocino,045,87422,4131,4041,82,4123,49
2021-06-16,Merced,047,269075,31187,31250,1066,32316,463
2021-06-16,Modoc,049,8938,412,383,145,528,3
2021-06-16,Mono,051,14174,1264,1275,17,1292,3
2021-06-16,Monterey,053,433212,43292,43122,1880,45002,416
2021-06-16,Napa,055,140530,9991,10011,38,10049,80
2021-06-16,Nevada,057,99092,4930,4894,195,5089,72
2021-06-16,Orange,059,3164182,256168,255188,11518,266706,5109
2021-06-16,Placer,061,380077,23689,23425,1534,24959,298
2021-06-16,Plumas,063,18699,715,697,11,708,4
2021-06-16,Riverside,065,2383286,295154,289539,14156,303695,4457
2021-06-16,Sacramento,067,1510023,107665,107422,1819,109241,1665
2021-06-16,San Benito,069,59416,6085,6090,116,6206,63
2021-06-16,San Bernardino,071,2135413,294282,293499,9065,302564,4797
2021-06-16,San Diego,073,3302833,282340,281423,15220,296643,3770
2021-06-16,San Francisco,075,870044,37010,37222,1306,38528,555
2021-06-16,San Joaquin,077,732212,73855,73530,3628,77158,1399
2021-06-16,San Luis Obispo,079,281455,21520,21294,754,22048,257
2021-06-16,San Mateo,081,765935,42627,42601,481,43082,542
2021-06-16,Santa Barbara,083,443738,34565,34459,1144,35603,460
2021-06-16,Santa Clara,085,1922200,119250,119982,779,120761,2087
2021-06-16,Santa Cruz,087,273765,16304,16187,815,17002,208
2021-06-16,Shasta,089,179085,12542,12592,1627,14219,200
2021-06-16,Sierra,091,2930,61,56,12,68,0
2021-06-16,Siskiyou,093,43540,1961,1886,374,2260,26
2021-06-16,Solano,095,438530,33277,33276,567,33843,266
2021-06-16,Sonoma,097,501317,30690,30741,360,31101,323
2021-06-16,Stanislaus,099,539301,56879,56738,6020,62758,984
2021-06-16,Sutter,101,95872,9591,9620,91,9711,113
2021-06-16,Tehama,103,63373,5139,5106,592,5698,63
2021-06-16,Trinity,105,12862,489,332,98,430,3
2021-06-16,Tulare,107,460477,50404,49578,9148,58726,849
2021-06-16,Tuolumne,109,53932,4050,4110,41,4151,63
2021-06-16,Ventura,111,848112,81665,81229,3023,84252,1029
2021-06-16,Yolo,113,214977,14133,14135,339,14474,212
2021-06-16,Yuba,115,75493,6171,6134,133,6267,51
2021-06-15,Alameda,001,1643700,89001,89008,1990,90998,1262
2021-06-15,Alpine,003,1148,88,88,0,88,0
2021-06-15,Amador,005,37829,3737,3723,33,3756,46
2021-06-15,Butte,007,227075,12742,12620,1853,14473,194
2021-06-15,Calaveras,009,45235,2191,2188,13,2201,55
2021-06-15,Colusa,011,21464,1962,1967,318,2285,15
2021-06-15,Contra Costa,013,1133247,70581,70101,1319,71420,810
2021-06-15,Del Norte,015,27424,1442,1411,13,1424,8
2021-06-15,El Dorado,017,186661,10406,10330,756,11086,113
2021-06-15,Fresno,019,978130,103253,102828,8777,111605,1722
2021-06-15,Glenn,021,27897,2445,2426,568,2994,19
2021-06-15,Humboldt,023,135768,4430,4414,40,4454,42
2021-06-15,Imperial,025,180216,28750,28789,2766,31555,741
2021-06-15,Inyo,027,18085,1408,1405,12,1417,35
2021-06-15,Kern,029,883053,97748,96782,11092,107874,1338
2021-06-15,Kings,031,150075,23238,23070,1100,24170,245
2021-06-15,Lake,033,64148,3569,3559,9,3568,45
2021-06-15,Lassen,035,31185,5259,5211,117,5328,19
2021-06-15,Los Angeles,037,10098052,1209417,1204926,41901,1246827,24435
2021-06-15,Madera,039,155013,16742,16600,947,17547,240
2021-06-15,Marin,041,260295,14176,14135,267,14402,229
2021-06-15,Mariposa,043,17540,439,437,11,448,5
2021-06-15,Mendocino,045,87422,4124,4034,82,4116,49
2021-06-15,Merced,047,269075,31181,31244,1066,32310,461
2021-06-15,Modoc,049,8938,411,383,145,528,3
2021-06-15,Mono,051,14174,1264,1275,17,1292,3
2021-06-15,Monterey,053,433212,43286,43118,1880,44998,416
2021-06-15,Napa,055,140530,9989,10010,38,10048,80
2021-06-15,Nevada,057,99092,4927,4888,195,5083,72
2021-06-15,Orange,059,3164182,256127,255127,11509,266636,5105
2021-06-15,Placer,061,380077,23667,23396,1533,24929,298
2021-06-15,Plumas,063,18699,714,697,11,708,4
2021-06-15,Riverside,065,2383286,295094,289508,14152,303660,4455
2021-06-15,Sacramento,067,1510023,107590,107370,1813,109183,1662
2021-06-15,San Benito,069,59416,6084,6089,116,6205,63
2021-06-15,San Bernardino,071,2135413,294232,293463,9059,302522,4790
2021-06-15,San Diego,073,3302833,282256,281375,15205,296580,3770
2021-06-15,San Francisco,075,870044,37001,37210,1305,38515,555
2021-06-15,San Joaquin,077,732212,73815,73494,3623,77117,1399
2021-06-15,San Luis Obispo,079,281455,21515,21293,753,22046,257
2021-06-15,San Mateo,081,765935,42613,42593,481,43074,543
2021-06-15,Santa Barbara,083,443738,34560,34451,1144,35595,460
2021-06-15,Santa Clara,085,1922200,119212,119963,779,120742,2086
2021-06-15,Santa Cruz,087,273765,16298,16180,814,16994,208
2021-06-15,Shasta,089,179085,12536,12583,1627,14210,201
2021-06-15,Sierra,091,2930,60,55,12,67,0
2021-06-15,Siskiyou,093,43540,1960,1887,374,2261,26
2021-06-15,Solano,095,438530,33258,33264,567,33831,266
2021-06-15,Sonoma,097,501317,30651,30707,359,31066,323
2021-06-15,Stanislaus,099,539301,56851,56724,6017,62741,979
2021-06-15,Sutter,101,95872,9582,9616,91,9707,113
2021-06-15,Tehama,103,63373,5137,5102,592,5694,63
2021-06-15,Trinity,105,12862,488,332,97,429,3
2021-06-15,Tulare,107,460477,50397,49561,9145,58706,848
2021-06-15,Tuolumne,109,53932,4050,4111,41,4152,63
2021-06-15,Ventura,111,848112,81654,81215,3020,84235,1029
2021-06-15,Yolo,113,214977,14129,14127,337,14464,212
2021-06-15,Yuba,115,75493,6160,6130,133,6263,51
2021-06-14,Alameda,001,1643700,88952,88966,1990,90956,1264
2021-06-14,Alpine,003,1148,88,88,0,88,0
2021-06-14,Amador,005,37829,3736,3722,33,3755,46
2021-06-14,Butte,007,227075,12731,12613,1849,14462,194
2021-06-14,Calaveras,009,45235,2190,2190,13,2203,55
2021-06-14,Colusa,011,21464,1961,1966,318,2284,15
2021-06-14,Contra Costa,013,1133247,70528,70069,1317,71386,810
2021-06-14,Del Norte,015,27424,1442,1411,13,1424,8
2021-06-14,El Dorado,017,186661,10397,10327,755,11082,113
2021-06-14,Fresno,019,978130,103231,102812,8775,111587,1719
2021-06-14,Glenn,021,27897,2445,2426,568,2994,19
2021-06-14,Humboldt,023,135768,4422,4407,39,4446,42
2021-06-14,Imperial,025,180216,28738,28836,2766,31602,741
2021-06-14,Inyo,027,18085,1407,1405,12,1417,35
2021-06-14,Kern,029,883053,97728,96760,11082,107842,1337
2021-06-14,Kings,031,150075,23235,23071,1099,24170,245
2021-06-14,Lake,033,64148,3568,3557,9,3566,45
2021-06-14,Lassen,035,31185,5256,5209,116,5325,19
2021-06-14,Los Angeles,037,10098052,1209182,1204748,41891,1246639,24434
2021-06-14,Madera,039,155013,16736,16597,946,17543,240
2021-06-14,Marin,041,260295,14174,14133,267,14400,229
2021-06-14,Mariposa,043,17540,438,437,11,448,5
2021-06-14,Mendocino,045,87422,4118,4028,82,4110,49
2021-06-14,Merced,047,269075,31172,31241,1065,32306,461
2021-06-14,Modoc,049,8938,402,382,143,525,3
2021-06-14,Mono,051,14174,1264,1275,17,1292,3
2021-06-14,Monterey,053,433212,43283,43110,1880,44990,415
2021-06-14,Napa,055,140530,9985,10000,38,10038,80
2021-06-14,Nevada,057,99092,4920,4885,195,5080,72
2021-06-14,Orange,059,3164182,256089,255069,11504,266573,5103
2021-06-14,Placer,061,380077,23642,23379,1532,24911,298
2021-06-14,Plumas,063,18699,714,696,11,707,4
2021-06-14,Riverside,065,2383286,295040,289476,14152,303628,4453
2021-06-14,Sacramento,067,1510023,107536,107334,1808,109142,1661
2021-06-14,San Benito,069,59416,6084,6087,116,6203,63
2021-06-14,San Bernardino,071,2135413,294176,293446,9055,302501,4790
2021-06-14,San Diego,073,3302833,282150,281314,15185,296499,3770
2021-06-14,San Francisco,075,870044,36988,37206,1305,38511,555
2021-06-14,San Joaquin,077,732212,73786,73453,3623,77076,1398
2021-06-14,San Luis Obispo,079,281455,21513,21302,753,22055,256
2021-06-14,San Mateo,081,765935,42600,42619,480,43099,543
2021-06-14,Santa Barbara,083,443738,34557,34449,1144,35593,460
2021-06-14,Santa Clara,085,1922200,119181,119957,778,120735,2085
2021-06-14,Santa Cruz,087,273765,16295,16175,814,16989,208
2021-06-14,Shasta,089,179085,12525,12561,1624,14185,201
2021-06-14,Sierra,091,2930,59,55,12,67,0
2021-06-14,Siskiyou,093,43540,1960,1886,374,2260,26
2021-06-14,Solano,095,438530,33241,33243,566,33809,266
2021-06-14,Sonoma,097,501317,30619,30679,358,31037,323
2021-06-14,Stanislaus,099,539301,56815,56689,6014,62703,975
2021-06-14,Sutter,101,95872,9579,9607,91,9698,112
2021-06-14,Tehama,103,63373,5135,5102,592,5694,63
2021-06-14,Trinity,105,12862,488,332,97,429,3
2021-06-14,Tulare,107,460477,50392,49538,9142,58680,848
2021-06-14,Tuolumne,109,53932,4047,4108,41,4149,63
2021-06-14,Ventura,111,848112,81644,81209,3020,84229,1028
2021-06-14,Yolo,113,214977,14121,14123,337,14460,212
2021-06-14,Yuba,115,75493,6153,6127,133,6260,50
2021-06-13,Alameda,001,1643700,88895,88947,1989,90936,1264
2021-06-13,Alpine,003,1148,87,88,0,88,0
2021-06-13,Amador,005,37829,3732,3721,33,3754,46
2021-06-13,Butte,007,227075,12720,12586,1846,14432,194
2021-06-13,Calaveras,009,45235,2190,2189,13,2202,55
2021-06-13,Colusa,011,21464,1961,1965,317,2282,15
2021-06-13,Contra Costa,013,1133247,70474,70040,1315,71355,810
2021-06-13,Del Norte,015,27424,1440,1412,13,1425,8
2021-06-13,El Dorado,017,186661,10388,10324,755,11079,113
2021-06-13,Fresno,019,978130,103200,102795,8770,111565,1719
2021-06-13,Glenn,021,27897,2444,2425,566,2991,19
2021-06-13,Humboldt,023,135768,4409,4401,39,4440,42
2021-06-13,Imperial,025,180216,28729,28800,2766,31566,741
2021-06-13,Inyo,027,18085,1407,1405,12,1417,35
2021-06-13,Kern,029,883053,97704,96743,11070,107813,1337
2021-06-13,Kings,031,150075,23230,23069,1098,24167,245
2021-06-13,Lake,033,64148,3568,3556,9,3565,45
2021-06-13,Lassen,035,31185,5251,5209,116,5325,19
2021-06-13,Los Angeles,037,10098052,1208919,1204614,41878,1246492,24433
2021-06-13,Madera,039,155013,16722,16590,946,17536,240
2021-06-13,Marin,041,260295,14168,14126,267,14393,229
2021-06-13,Mariposa,043,17540,438,434,11,445,5
2021-06-13,Mendocino,045,87422,4111,4026,82,4108,49
2021-06-13,Merced,047,269075,31166,31240,1064,32304,461
2021-06-13,Modoc,049,8938,400,382,141,523,3
2021-06-13,Mono,051,14174,1264,1275,17,1292,3
2021-06-13,Monterey,053,433212,43275,43108,1880,44988,415
2021-06-13,Napa,055,140530,9979,9995,38,10033,80
2021-06-13,Nevada,057,99092,4915,4883,195,5078,72
2021-06-13,Orange,059,3164182,256034,255043,11501,266544,5103
2021-06-13,Placer,061,380077,23616,23365,1530,24895,295
2021-06-13,Plumas,063,18699,713,696,11,707,4
2021-06-13,Riverside,065,2383286,294973,289447,14149,303596,4453
2021-06-13,Sacramento,067,1510023,107460,107289,1805,109094,1658
2021-06-13,San Benito,069,59416,6084,6086,116,6202,63
2021-06-13,San Bernardino,071,2135413,294125,293416,9050,302466,4788
2021-06-13,San Diego,073,3302833,282071,281268,15169,296437,3770
2021-06-13,San Francisco,075,870044,36975,37197,1305,38502,555
2021-06-13,San Joaquin,077,732212,73750,73438,3621,77059,1398
2021-06-13,San Luis Obispo,079,281455,21507,21298,752,22050,256
2021-06-13,San Mateo,081,765935,42587,42611,480,43091,542
2021-06-13,Santa Barbara,083,443738,34546,34449,1143,35592,460
2021-06-13,Santa Clara,085,1922200,119157,119946,778,120724,2085
2021-06-13,Santa Cruz,087,273765,16288,16172,814,16986,208
2021-06-13,Shasta,089,179085,12516,12560,1623,14183,201
2021-06-13,Sierra,091,2930,59,55,12,67,0
2021-06-13,Siskiyou,093,43540,1959,1885,374,2259,26
2021-06-13,Solano,095,438530,33220,33234,566,33800,266
2021-06-13,Sonoma,097,501317,30584,30663,356,31019,323
2021-06-13,Stanislaus,099,539301,56789,56671,6011,62682,975
2021-06-13,Sutter,101,95872,9572,9603,91,9694,112
2021-06-13,Tehama,103,63373,5133,5100,592,5692,63
2021-06-13,Trinity,105,12862,487,332,97,429,3
2021-06-13,Tulare,107,460477,50383,49537,9137,58674,848
2021-06-13,Tuolumne,109,53932,4045,4107,40,4147,63
2021-06-13,Ventura,111,848112,81630,81201,3020,84221,1028
2021-06-13,Yolo,113,214977,14112,14120,335,14455,212
2021-06-13,Yuba,115,75493,6146,6125,133,6258,50
2021-06-12,Alameda,001,1643700,88868,88901,1989,90890,1271
2021-06-12,Alpine,003,1148,87,88,0,88,0
2021-06-12,Amador,005,37829,3731,3721,33,3754,46
2021-06-12,Butte,007,227075,12716,12576,1846,14422,194
2021-06-12,Calaveras,009,45235,2190,2189,13,2202,55
2021-06-12,Colusa,011,21464,1961,1965,317,2282,15
2021-06-12,Contra Costa,013,1133247,70443,69989,1312,71301,810
2021-06-12,Del Norte,015,27424,1440,1412,13,1425,8
2021-06-12,El Dorado,017,186661,10383,10320,754,11074,113
2021-06-12,Fresno,019,978130,103190,102783,8769,111552,1720
2021-06-12,Glenn,021,27897,2442,2425,566,2991,19
2021-06-12,Humboldt,023,135768,4401,4396,39,4435,42
2021-06-12,Imperial,025,180216,28726,28799,2766,31565,741
2021-06-12,Inyo,027,18085,1407,1405,12,1417,35
2021-06-12,Kern,029,883053,97689,96731,11066,107797,1337
2021-06-12,Kings,031,150075,23228,23067,1098,24165,245
2021-06-12,Lake,033,64148,3567,3552,9,3561,45
2021-06-12,Lassen,035,31185,5251,5208,116,5324,19
2021-06-12,Los Angeles,037,10098052,1208782,1204439,41872,1246311,24434
2021-06-12,Madera,039,155013,16718,16586,946,17532,240
2021-06-12,Marin,041,260295,14165,14121,267,14388,229
2021-06-12,Mariposa,043,17540,438,434,11,445,5
2021-06-12,Mendocino,045,87422,4108,4024,82,4106,49
2021-06-12,Merced,047,269075,31163,31236,1064,32300,461
2021-06-12,Modoc,049,8938,399,382,141,523,3
2021-06-12,Mono,051,14174,1264,1275,17,1292,3
2021-06-12,Monterey,053,433212,43270,43103,1880,44983,415
2021-06-12,Napa,055,140530,9975,9986,38,10024,80
2021-06-12,Nevada,057,99092,4909,4878,195,5073,72
2021-06-12,Orange,059,3164182,256001,255004,11499,266503,5103
2021-06-12,Placer,061,380077,23597,23345,1530,24875,295
2021-06-12,Plumas,063,18699,713,696,11,707,4
2021-06-12,Riverside,065,2383286,294931,289413,14146,303559,4453
2021-06-12,Sacramento,067,1510023,107400,107199,1802,109001,1658
2021-06-12,San Benito,069,59416,6082,6083,116,6199,63
2021-06-12,San Bernardino,071,2135413,294090,293375,9048,302423,4788
2021-06-12,San Diego,073,3302833,282014,281203,15160,296363,3770
2021-06-12,San Francisco,075,870044,36965,37189,1305,38494,555
2021-06-12,San Joaquin,077,732212,73731,73413,3620,77033,1398
2021-06-12,San Luis Obispo,079,281455,21504,21293,752,22045,256
2021-06-12,San Mateo,081,765935,42582,42604,480,43084,542
2021-06-12,Santa Barbara,083,443738,34541,34450,1143,35593,460
2021-06-12,Santa Clara,085,1922200,119117,119894,778,120672,2085
2021-06-12,Santa Cruz,087,273765,16280,16170,814,16984,208
2021-06-12,Shasta,089,179085,12513,12556,1622,14178,201
2021-06-12,Sierra,091,2930,59,55,12,67,0
2021-06-12,Siskiyou,093,43540,1958,1884,374,2258,25
2021-06-12,Solano,095,438530,33211,33219,566,33785,266
2021-06-12,Sonoma,097,501317,30555,30647,356,31003,323
2021-06-12,Stanislaus,099,539301,56772,56649,6010,62659,974
2021-06-12,Sutter,101,95872,9568,9603,91,9694,112
2021-06-12,Tehama,103,63373,5133,5099,591,5690,63
2021-06-12,Trinity,105,12862,487,332,97,429,3
2021-06-12,Tulare,107,460477,50378,49533,9130,58663,848
2021-06-12,Tuolumne,109,53932,4044,4105,40,4145,63
2021-06-12,Ventura,111,848112,81618,81197,3020,84217,1028
2021-06-12,Yolo,113,214977,14109,14118,334,14452,212
2021-06-12,Yuba,115,75493,6141,6120,133,6253,50
2021-06-11,Alameda,001,1643700,88840,88844,1989,90833,1278
2021-06-11,Alpine,003,1148,87,88,0,88,0
2021-06-11,Amador,005,37829,3730,3710,33,3743,46
2021-06-11,Butte,007,227075,12712,12576,1844,14420,194
2021-06-11,Calaveras,009,45235,2190,2188,13,2201,55
2021-06-11,Colusa,011,21464,1960,1964,317,2281,15
2021-06-11,Contra Costa,013,1133247,70410,69940,1310,71250,808
2021-06-11,Del Norte,015,27424,1440,1409,13,1422,8
2021-06-11,El Dorado,017,186661,10380,10316,754,11070,113
2021-06-11,Fresno,019,978130,103171,102770,8768,111538,1720
2021-06-11,Glenn,021,27897,2442,2425,566,2991,19
2021-06-11,Humboldt,023,135768,4397,4389,39,4428,42
2021-06-11,Imperial,025,180216,28721,28793,2766,31559,741
2021-06-11,Inyo,027,18085,1407,1405,12,1417,35
2021-06-11,Kern,029,883053,97677,96718,11063,107781,1340
2021-06-11,Kings,031,150075,23224,23069,1097,24166,245
2021-06-11,Lake,033,64148,3566,3550,9,3559,45
2021-06-11,Lassen,035,31185,5250,5204,116,5320,18
2021-06-11,Los Angeles,037,10098052,1208635,1204259,41857,1246116,24434
2021-06-11,Madera,039,155013,16715,16582,946,17528,240
2021-06-11,Marin,041,260295,14162,14116,267,14383,229
2021-06-11,Mariposa,043,17540,438,434,11,445,5
2021-06-11,Mendocino,045,87422,4105,4022,82,4104,49
2021-06-11,Merced,047,269075,31158,31231,1064,32295,461
2021-06-11,Modoc,049,8938,399,382,140,522,3
2021-06-11,Mono,051,14174,1264,1274,17,1291,3
2021-06-11,Monterey,053,433212,43266,43097,1880,44977,415
2021-06-11,Napa,055,140530,9972,9977,38,10015,80
2021-06-11,Nevada,057,99092,4907,4873,195,5068,72
2021-06-11,Orange,059,3164182,255967,254975,11496,266471,5101
2021-06-11,Placer,061,380077,23592,23330,1530,24860,294
2021-06-11,Plumas,063,18699,713,696,11,707,4
2021-06-11,Riverside,065,2383286,294893,289376,14141,303517,4451
2021-06-11,Sacramento,067,1510023,107340,107119,1801,108920,1659
2021-06-11,San Benito,069,59416,6081,6082,116,6198,63
2021-06-11,San Bernardino,071,2135413,294054,293335,9044,302379,4788
2021-06-11,San Diego,073,3302833,281974,281144,15153,296297,3768
2021-06-11,San Francisco,075,870044,36960,37177,1305,38482,555
2021-06-11,San Joaquin,077,732212,73714,73347,3617,76964,1397
2021-06-11,San Luis Obispo,079,281455,21503,21288,752,22040,256
2021-06-11,San Mateo,081,765935,42568,42585,480,43065,542
2021-06-11,Santa Barbara,083,443738,34538,34438,1143,35581,460
2021-06-11,Santa Clara,085,1922200,119097,119860,778,120638,2083
2021-06-11,Santa Cruz,087,273765,16272,16164,814,16978,208
2021-06-11,Shasta,089,179085,12505,12550,1620,14170,201
2021-06-11,Sierra,091,2930,59,55,12,67,0
2021-06-11,Siskiyou,093,43540,1957,1882,374,2256,25
2021-06-11,Solano,095,438530,33191,33179,565,33744,266
2021-06-11,Sonoma,097,501317,30537,30624,356,30980,323
2021-06-11,Stanislaus,099,539301,56746,56617,6006,62623,974
2021-06-11,Sutter,101,95872,9565,9600,90,9690,112
2021-06-11,Tehama,103,63373,5132,5099,591,5690,63
2021-06-11,Trinity,105,12862,487,331,97,428,3
2021-06-11,Tulare,107,460477,50372,49516,9129,58645,848
2021-06-11,Tuolumne,109,53932,4041,4104,40,4144,63
2021-06-11,Ventura,111,848112,81608,81189,3020,84209,1026
2021-06-11,Yolo,113,214977,14102,14111,330,14441,212
2021-06-11,Yuba,115,75493,6137,6113,133,6246,50
2021-06-10,Alameda,001,1643700,88796,88806,1988,90794,1275
2021-06-10,Alpine,003,1148,87,88,0,88,0
2021-06-10,Amador,005,37829,3726,3709,33,3742,46
2021-06-10,Butte,007,227075,12695,12565,1844,14409,194
2021-06-10,Calaveras,009,45235,2189,2188,13,2201,55
2021-06-10,Colusa,011,21464,1958,1964,317,2281,15
2021-06-10,Contra Costa,013,1133247,70356,69876,1310,71186,807
2021-06-10,Del Norte,015,27424,1440,1405,13,1418,8
2021-06-10,El Dorado,017,186661,10373,10314,750,11064,113
2021-06-10,Fresno,019,978130,103145,102724,8767,111491,1717
2021-06-10,Glenn,021,27897,2442,2425,566,2991,19
2021-06-10,Humboldt,023,135768,4389,4384,39,4423,42
2021-06-10,Imperial,025,180216,28715,28779,2766,31545,739
2021-06-10,Inyo,027,18085,1407,1405,12,1417,35
2021-06-10,Kern,029,883053,97663,96706,11058,107764,1336
2021-06-10,Kings,031,150075,23223,23067,1097,24164,245
2021-06-10,Lake,033,64148,3561,3550,9,3559,45
2021-06-10,Lassen,035,31185,5248,5201,116,5317,18
2021-06-10,Los Angeles,037,10098052,1208470,1204110,41840,1245950,24440
2021-06-10,Madera,039,155013,16708,16581,945,17526,240
2021-06-10,Marin,041,260295,14159,14118,267,14385,229
2021-06-10,Mariposa,043,17540,436,434,11,445,5
2021-06-10,Mendocino,045,87422,4100,4016,82,4098,48
2021-06-10,Merced,047,269075,31150,31231,1061,32292,461
2021-06-10,Modoc,049,8938,398,381,140,521,3
2021-06-10,Mono,051,14174,1263,1274,17,1291,3
2021-06-10,Monterey,053,433212,43260,43090,1880,44970,415
2021-06-10,Napa,055,140530,9971,9974,38,10012,80
2021-06-10,Nevada,057,99092,4902,4866,195,5061,72
2021-06-10,Orange,059,3164182,255937,254950,11489,266439,5097
2021-06-10,Placer,061,380077,23579,23296,1530,24826,293
2021-06-10,Plumas,063,18699,713,696,11,707,4
2021-06-10,Riverside,065,2383286,294851,289335,14136,303471,4450
2021-06-10,Sacramento,067,1510023,107278,107049,1801,108850,1658
2021-06-10,San Benito,069,59416,6081,6079,116,6195,63
2021-06-10,San Bernardino,071,2135413,294013,293281,9041,302322,4782
2021-06-10,San Diego,073,3302833,281916,281052,15136,296188,3766
2021-06-10,San Francisco,075,870044,36950,37159,1303,38462,552
2021-06-10,San Joaquin,077,732212,73680,73276,3616,76892,1393
2021-06-10,San Luis Obispo,079,281455,21500,21280,752,22032,256
2021-06-10,San Mateo,081,765935,42561,42562,480,43042,666
2021-06-10,Santa Barbara,083,443738,34534,34434,1143,35577,460
2021-06-10,Santa Clara,085,1922200,119062,119832,777,120609,2075
2021-06-10,Santa Cruz,087,273765,16271,16159,814,16973,208
2021-06-10,Shasta,089,179085,12495,12536,1619,14155,201
2021-06-10,Sierra,091,2930,58,55,12,67,0
2021-06-10,Siskiyou,093,43540,1957,1881,374,2255,25
2021-06-10,Solano,095,438530,33174,33150,564,33714,265
2021-06-10,Sonoma,097,501317,30502,30571,354,30925,323
2021-06-10,Stanislaus,099,539301,56725,56588,6002,62590,974
2021-06-10,Sutter,101,95872,9558,9594,90,9684,112
2021-06-10,Tehama,103,63373,5132,5096,591,5687,63
2021-06-10,Trinity,105,12862,487,331,97,428,3
2021-06-10,Tulare,107,460477,50364,49503,9129,58632,848
2021-06-10,Tuolumne,109,53932,4041,4100,40,4140,63
2021-06-10,Ventura,111,848112,81597,81172,3019,84191,1026
2021-06-10,Yolo,113,214977,14099,14107,330,14437,212
2021-06-10,Yuba,115,75493,6133,6112,133,6245,50
2021-06-09,Alameda,001,1643700,88753,88762,1987,90749,1271
2021-06-09,Alpine,003,1148,87,88,0,88,0
2021-06-09,Amador,005,37829,3722,3706,33,3739,46
2021-06-09,Butte,007,227075,12689,12555,1842,14397,194
2021-06-09,Calaveras,009,45235,2187,2184,13,2197,55
2021-06-09,Colusa,011,21464,1958,1962,316,2278,15
2021-06-09,Contra Costa,013,1133247,70319,69829,1309,71138,803
2021-06-09,Del Norte,015,27424,1436,1403,13,1416,8
2021-06-09,El Dorado,017,186661,10370,10312,749,11061,113
2021-06-09,Fresno,019,978130,103125,102690,8763,111453,1717
2021-06-09,Glenn,021,27897,2441,2424,566,2990,19
2021-06-09,Humboldt,023,135768,4384,4379,38,4417,42
2021-06-09,Imperial,025,180216,28712,28754,2766,31520,739
2021-06-09,Inyo,027,18085,1407,1405,12,1417,35
2021-06-09,Kern,029,883053,97649,96697,11049,107746,1328
2021-06-09,Kings,031,150075,23221,23061,1097,24158,245
2021-06-09,Lake,033,64148,3558,3541,9,3550,45
2021-06-09,Lassen,035,31185,5247,5200,116,5316,18
2021-06-09,Los Angeles,037,10098052,1208285,1203955,41827,1245782,24432
2021-06-09,Madera,039,155013,16703,16580,945,17525,240
2021-06-09,Marin,041,260295,14154,14114,267,14381,229
2021-06-09,Mariposa,043,17540,436,434,11,445,5
2021-06-09,Mendocino,045,87422,4094,4008,82,4090,47
2021-06-09,Merced,047,269075,31146,31225,1061,32286,461
2021-06-09,Modoc,049,8938,396,377,139,516,3
2021-06-09,Mono,051,14174,1263,1274,17,1291,3
2021-06-09,Monterey,053,433212,43253,43082,1880,44962,415
2021-06-09,Napa,055,140530,9965,9971,38,10009,80
2021-06-09,Nevada,057,99092,4892,4863,194,5057,72
2021-06-09,Orange,059,3164182,255893,254893,11485,266378,5080
2021-06-09,Placer,061,380077,23560,23237,1530,24767,293
2021-06-09,Plumas,063,18699,712,697,11,708,4
2021-06-09,Riverside,065,2383286,294805,289299,14134,303433,4450
2021-06-09,Sacramento,067,1510023,107216,106971,1798,108769,1657
2021-06-09,San Benito,069,59416,6078,6078,116,6194,63
2021-06-09,San Bernardino,071,2135413,293971,293222,9041,302263,4782
2021-06-09,San Diego,073,3302833,281852,280941,15124,296065,3765
2021-06-09,San Francisco,075,870044,36937,37143,1302,38445,552
2021-06-09,San Joaquin,077,732212,73654,73232,3615,76847,1392
2021-06-09,San Luis Obispo,079,281455,21499,21259,752,22011,256
2021-06-09,San Mateo,081,765935,42545,42502,478,42980,666
2021-06-09,Santa Barbara,083,443738,34523,34422,1143,35565,460
2021-06-09,Santa Clara,085,1922200,119024,119793,776,120569,2068
2021-06-09,Santa Cruz,087,273765,16268,16155,814,16969,208
2021-06-09,Shasta,089,179085,12485,12521,1617,14138,201
2021-06-09,Sierra,091,2930,57,55,12,67,0
2021-06-09,Siskiyou,093,43540,1956,1871,374,2245,25
2021-06-09,Solano,095,438530,33158,33137,563,33700,264
2021-06-09,Sonoma,097,501317,30480,30540,354,30894,323
2021-06-09,Stanislaus,099,539301,56705,56560,5999,62559,974
2021-06-09,Sutter,101,95872,9549,9586,89,9675,111
2021-06-09,Tehama,103,63373,5131,5093,591,5684,63
2021-06-09,Trinity,105,12862,486,331,97,428,3
2021-06-09,Tulare,107,460477,50360,49496,9127,58623,847
2021-06-09,Tuolumne,109,53932,4038,4100,40,4140,63
2021-06-09,Ventura,111,848112,81587,81154,3018,84172,1026
2021-06-09,Yolo,113,214977,14097,14102,329,14431,212
2021-06-09,Yuba,115,75493,6129,6109,133,6242,50
2021-06-08,Alameda,001,1643700,88705,88731,1987,90718,1267
2021-06-08,Alpine,003,1148,87,88,0,88,0
2021-06-08,Amador,005,37829,3721,3704,33,3737,46
2021-06-08,Butte,007,227075,12683,12540,1840,14380,194
2021-06-08,Calaveras,009,45235,2186,2181,13,2194,55
2021-06-08,Colusa,011,21464,1958,1961,316,2277,15
2021-06-08,Contra Costa,013,1133247,70271,69762,1308,71070,803
2021-06-08,Del Norte,015,27424,1434,1402,13,1415,8
2021-06-08,El Dorado,017,186661,10365,10306,747,11053,113
2021-06-08,Fresno,019,978130,103100,102680,8761,111441,1717
2021-06-08,Glenn,021,27897,2440,2423,566,2989,19
2021-06-08,Humboldt,023,135768,4379,4363,38,4401,42
2021-06-08,Imperial,025,180216,28703,28752,2766,31518,738
2021-06-08,Inyo,027,18085,1407,1405,12,1417,35
2021-06-08,Kern,029,883053,97630,96671,11042,107713,1325
2021-06-08,Kings,031,150075,23220,23036,1097,24133,245
2021-06-08,Lake,033,64148,3557,3540,9,3549,45
2021-06-08,Lassen,035,31185,5247,5200,116,5316,18
2021-06-08,Los Angeles,037,10098052,1208088,1203794,41815,1245609,24426
2021-06-08,Madera,039,155013,16697,16579,944,17523,240
2021-06-08,Marin,041,260295,14152,14111,266,14377,229
2021-06-08,Mariposa,043,17540,436,434,11,445,5
2021-06-08,Mendocino,045,87422,4087,4002,82,4084,47
2021-06-08,Merced,047,269075,31138,31225,1061,32286,461
2021-06-08,Modoc,049,8938,390,377,138,515,3
2021-06-08,Mono,051,14174,1263,1274,17,1291,3
2021-06-08,Monterey,053,433212,43247,43078,1879,44957,415
2021-06-08,Napa,055,140530,9961,9962,38,10000,80
2021-06-08,Nevada,057,99092,4887,4861,194,5055,72
2021-06-08,Orange,059,3164182,255851,254852,11478,266330,5078
2021-06-08,Placer,061,380077,23542,23209,1526,24735,293
2021-06-08,Plumas,063,18699,712,692,11,703,4
2021-06-08,Riverside,065,2383286,294769,289268,14126,303394,4452
2021-06-08,Sacramento,067,1510023,107154,106901,1795,108696,1654
2021-06-08,San Benito,069,59416,6076,6076,116,6192,63
2021-06-08,San Bernardino,071,2135413,293922,293186,9037,302223,4778
2021-06-08,San Diego,073,3302833,281789,280879,15115,295994,3764
2021-06-08,San Francisco,075,870044,36922,37134,1301,38435,552
2021-06-08,San Joaquin,077,732212,73610,73186,3610,76796,1390
2021-06-08,San Luis Obispo,079,281455,21493,21251,751,22002,255
2021-06-08,San Mateo,081,765935,42532,42488,478,42966,663
2021-06-08,Santa Barbara,083,443738,34519,34418,1143,35561,459
2021-06-08,Santa Clara,085,1922200,119003,119770,775,120545,2068
2021-06-08,Santa Cruz,087,273765,16265,16160,814,16974,208
2021-06-08,Shasta,089,179085,12470,12498,1617,14115,201
2021-06-08,Sierra,091,2930,57,55,12,67,0
2021-06-08,Siskiyou,093,43540,1954,1870,372,2242,21
2021-06-08,Solano,095,438530,33137,33130,563,33693,259
2021-06-08,Sonoma,097,501317,30453,30523,352,30875,323
2021-06-08,Stanislaus,099,539301,56678,56548,5997,62545,973
2021-06-08,Sutter,101,95872,9546,9581,89,9670,111
2021-06-08,Tehama,103,63373,5128,5093,591,5684,63
2021-06-08,Trinity,105,12862,486,330,96,426,3
2021-06-08,Tulare,107,460477,50348,49485,9122,58607,847
2021-06-08,Tuolumne,109,53932,4035,4099,40,4139,63
2021-06-08,Ventura,111,848112,81571,81142,3017,84159,1026
2021-06-08,Yolo,113,214977,14092,14099,328,14427,212
2021-06-08,Yuba,115,75493,6127,6103,133,6236,50
2021-06-07,Alameda,001,1643700,88648,88688,1987,90675,1267
2021-06-07,Alpine,003,1148,87,88,0,88,0
2021-06-07,Amador,005,37829,3711,3697,33,3730,46
2021-06-07,Butte,007,227075,12676,12533,1839,14372,194
2021-06-07,Calaveras,009,45235,2185,2181,13,2194,55
2021-06-07,Colusa,011,21464,1957,1960,316,2276,15
2021-06-07,Contra Costa,013,1133247,70214,69718,1307,71025,817
2021-06-07,Del Norte,015,27424,1434,1401,13,1414,8
2021-06-07,El Dorado,017,186661,10360,10305,747,11052,113
2021-06-07,Fresno,019,978130,103069,102659,8753,111412,1717
2021-06-07,Glenn,021,27897,2440,2423,566,2989,19
2021-06-07,Humboldt,023,135768,4371,4354,38,4392,42
2021-06-07,Imperial,025,180216,28701,28754,2766,31520,738
2021-06-07,Inyo,027,18085,1407,1404,12,1416,35
2021-06-07,Kern,029,883053,97614,96645,11035,107680,1324
2021-06-07,Kings,031,150075,23216,23023,1097,24120,244
2021-06-07,Lake,033,64148,3555,3540,9,3549,45
2021-06-07,Lassen,035,31185,5242,5198,116,5314,18
2021-06-07,Los Angeles,037,10098052,1207864,1203664,41800,1245464,24413
2021-06-07,Madera,039,155013,16690,16572,944,17516,240
2021-06-07,Marin,041,260295,14148,14108,265,14373,229
2021-06-07,Mariposa,043,17540,436,434,11,445,5
2021-06-07,Mendocino,045,87422,4081,3998,82,4080,47
2021-06-07,Merced,047,269075,31126,31212,1060,32272,459
2021-06-07,Modoc,049,8938,389,375,135,510,3
2021-06-07,Mono,051,14174,1263,1275,17,1292,3
2021-06-07,Monterey,053,433212,43240,43077,1879,44956,415
2021-06-07,Napa,055,140530,9953,9962,38,10000,80
2021-06-07,Nevada,057,99092,4885,4860,194,5054,72
2021-06-07,Orange,059,3164182,255811,254808,11470,266278,5073
2021-06-07,Placer,061,380077,23523,23176,1524,24700,293
2021-06-07,Plumas,063,18699,712,692,11,703,4
2021-06-07,Riverside,065,2383286,294726,289232,14122,303354,4451
2021-06-07,Sacramento,067,1510023,107078,106841,1792,108633,1655
2021-06-07,San Benito,069,59416,6075,6074,116,6190,63
2021-06-07,San Bernardino,071,2135413,293884,293129,9036,302165,4775
2021-06-07,San Diego,073,3302833,281707,280808,15102,295910,3764
2021-06-07,San Francisco,075,870044,36906,37122,1301,38423,552
2021-06-07,San Joaquin,077,732212,73565,73130,3603,76733,1388
2021-06-07,San Luis Obispo,079,281455,21480,21252,751,22003,255
2021-06-07,San Mateo,081,765935,42516,42479,478,42957,664
2021-06-07,Santa Barbara,083,443738,34513,34407,1143,35550,459
2021-06-07,Santa Clara,085,1922200,118971,119743,775,120518,2066
2021-06-07,Santa Cruz,087,273765,16264,16159,814,16973,208
2021-06-07,Shasta,089,179085,12456,12483,1612,14095,200
2021-06-07,Sierra,091,2930,57,55,12,67,0
2021-06-07,Siskiyou,093,43540,1954,1869,372,2241,21
2021-06-07,Solano,095,438530,33115,33124,562,33686,258
2021-06-07,Sonoma,097,501317,30417,30504,351,30855,323
2021-06-07,Stanislaus,099,539301,56645,56521,5995,62516,972
2021-06-07,Sutter,101,95872,9542,9571,89,9660,111
2021-06-07,Tehama,103,63373,5124,5092,589,5681,63
2021-06-07,Trinity,105,12862,486,329,96,425,3
2021-06-07,Tulare,107,460477,50342,49471,9122,58593,847
2021-06-07,Tuolumne,109,53932,4034,4098,40,4138,63
2021-06-07,Ventura,111,848112,81554,81137,3016,84153,1025
2021-06-07,Yolo,113,214977,14087,14097,327,14424,211
2021-06-07,Yuba,115,75493,6125,6099,130,6229,49
2021-06-06,Alameda,001,1643700,88610,88636,1986,90622,1267
2021-06-06,Alpine,003,1148,87,88,0,88,0
2021-06-06,Amador,005,37829,3708,3696,33,3729,46
2021-06-06,Butte,007,227075,12665,12527,1838,14365,194
2021-06-06,Calaveras,009,45235,2184,2181,13,2194,55
2021-06-06,Colusa,011,21464,1955,1959,316,2275,15
2021-06-06,Contra Costa,013,1133247,70149,69659,1305,70964,817
2021-06-06,Del Norte,015,27424,1429,1401,13,1414,8
2021-06-06,El Dorado,017,186661,10353,10294,747,11041,113
2021-06-06,Fresno,019,978130,103036,102642,8750,111392,1717
2021-06-06,Glenn,021,27897,2439,2423,566,2989,19
2021-06-06,Humboldt,023,135768,4360,4353,38,4391,42
2021-06-06,Imperial,025,180216,28695,28762,2766,31528,738
2021-06-06,Inyo,027,18085,1406,1404,12,1416,35
2021-06-06,Kern,029,883053,97596,96623,11028,107651,1324
2021-06-06,Kings,031,150075,23210,23021,1097,24118,244
2021-06-06,Lake,033,64148,3555,3535,9,3544,45
2021-06-06,Lassen,035,31185,5240,5191,116,5307,18
2021-06-06,Los Angeles,037,10098052,1207664,1203539,41785,1245324,24410
2021-06-06,Madera,039,155013,16683,16567,944,17511,240
2021-06-06,Marin,041,260295,14142,14106,264,14370,229
2021-06-06,Mariposa,043,17540,435,435,11,446,5
2021-06-06,Mendocino,045,87422,4077,3993,82,4075,47
2021-06-06,Merced,047,269075,31120,31215,1059,32274,459
2021-06-06,Modoc,049,8938,389,375,134,509,3
2021-06-06,Mono,051,14174,1263,1275,17,1292,3
2021-06-06,Monterey,053,433212,43235,43078,1879,44957,415
2021-06-06,Napa,055,140530,9947,9963,38,10001,80
2021-06-06,Nevada,057,99092,4878,4854,193,5047,72
2021-06-06,Orange,059,3164182,255775,254782,11465,266247,5073
2021-06-06,Placer,061,380077,23498,23156,1521,24677,293
2021-06-06,Plumas,063,18699,712,692,11,703,4
2021-06-06,Riverside,065,2383286,294687,289201,14116,303317,4451
2021-06-06,Sacramento,067,1510023,106992,106749,1791,108540,1655
2021-06-06,San Benito,069,59416,6069,6074,116,6190,63
2021-06-06,San Bernardino,071,2135413,293828,293117,9027,302144,4773
2021-06-06,San Diego,073,3302833,281627,280743,15085,295828,3764
2021-06-06,San Francisco,075,870044,36893,37118,1299,38417,552
2021-06-06,San Joaquin,077,732212,73533,73105,3599,76704,1388
2021-06-06,San Luis Obispo,079,281455,21477,21246,751,21997,255
2021-06-06,San Mateo,081,765935,42499,42457,478,42935,664
2021-06-06,Santa Barbara,083,443738,34509,34403,1142,35545,459
2021-06-06,Santa Clara,085,1922200,118949,119711,775,120486,2066
2021-06-06,Santa Cruz,087,273765,16263,16158,814,16972,208
2021-06-06,Shasta,089,179085,12441,12478,1609,14087,200
2021-06-06,Sierra,091,2930,57,55,12,67,0
2021-06-06,Siskiyou,093,43540,1951,1869,372,2241,21
2021-06-06,Solano,095,438530,33088,33093,562,33655,258
2021-06-06,Sonoma,097,501317,30386,30478,350,30828,323
2021-06-06,Stanislaus,099,539301,56609,56486,5992,62478,972
2021-06-06,Sutter,101,95872,9535,9567,89,9656,111
2021-06-06,Tehama,103,63373,5114,5092,587,5679,63
2021-06-06,Trinity,105,12862,486,328,96,424,3
2021-06-06,Tulare,107,460477,50334,49466,9117,58583,847
2021-06-06,Tuolumne,109,53932,4032,4097,40,4137,63
2021-06-06,Ventura,111,848112,81543,81130,3013,84143,1025
2021-06-06,Yolo,113,214977,14079,14089,326,14415,210
2021-06-06,Yuba,115,75493,6117,6096,130,6226,49
2021-06-05,Alameda,001,1643700,88577,88612,1986,90598,1268
2021-06-05,Alpine,003,1148,87,88,0,88,0
2021-06-05,Amador,005,37829,3708,3694,33,3727,46
2021-06-05,Butte,007,227075,12659,12514,1837,14351,194
2021-06-05,Calaveras,009,45235,2184,2181,13,2194,55
2021-06-05,Colusa,011,21464,1955,1959,316,2275,15
2021-06-05,Contra Costa,013,1133247,70120,69601,1305,70906,817
2021-06-05,Del Norte,015,27424,1429,1400,13,1413,8
2021-06-05,El Dorado,017,186661,10351,10288,746,11034,113
2021-06-05,Fresno,019,978130,103027,102626,8750,111376,1717
2021-06-05,Glenn,021,27897,2438,2423,566,2989,19
2021-06-05,Humboldt,023,135768,4355,4346,38,4384,42
2021-06-05,Imperial,025,180216,28692,28764,2766,31530,738
2021-06-05,Inyo,027,18085,1406,1405,12,1417,35
2021-06-05,Kern,029,883053,97583,96597,11024,107621,1324
2021-06-05,Kings,031,150075,23207,23017,1097,24114,244
2021-06-05,Lake,033,64148,3552,3534,9,3543,45
2021-06-05,Lassen,035,31185,5239,5191,116,5307,18
2021-06-05,Los Angeles,037,10098052,1207537,1203338,41774,1245112,24411
2021-06-05,Madera,039,155013,16679,16563,944,17507,240
2021-06-05,Marin,041,260295,14140,14101,264,14365,229
2021-06-05,Mariposa,043,17540,435,435,11,446,5
2021-06-05,Mendocino,045,87422,4074,3989,82,4071,47
2021-06-05,Merced,047,269075,31118,31212,1058,32270,459
2021-06-05,Modoc,049,8938,389,375,133,508,3
2021-06-05,Mono,051,14174,1263,1274,17,1291,3
2021-06-05,Monterey,053,433212,43231,43071,1878,44949,415
2021-06-05,Napa,055,140530,9942,9960,38,9998,80
2021-06-05,Nevada,057,99092,4876,4849,193,5042,72
2021-06-05,Orange,059,3164182,255751,254752,11462,266214,5069
2021-06-05,Placer,061,380077,23482,23133,1521,24654,293
2021-06-05,Plumas,063,18699,712,692,11,703,4
2021-06-05,Riverside,065,2383286,294652,289157,14112,303269,4451
2021-06-05,Sacramento,067,1510023,106940,106688,1789,108477,1655
2021-06-05,San Benito,069,59416,6067,6074,116,6190,63
2021-06-05,San Bernardino,071,2135413,293795,293081,9025,302106,4772
2021-06-05,San Diego,073,3302833,281586,280676,15072,295748,3764
2021-06-05,San Francisco,075,870044,36884,37111,1299,38410,552
2021-06-05,San Joaquin,077,732212,73517,73078,3593,76671,1388
2021-06-05,San Luis Obispo,079,281455,21474,21236,751,21987,255
2021-06-05,San Mateo,081,765935,42489,42433,478,42911,664
2021-06-05,Santa Barbara,083,443738,34506,34399,1141,35540,459
2021-06-05,Santa Clara,085,1922200,118927,119676,773,120449,2066
2021-06-05,Santa Cruz,087,273765,16263,16154,814,16968,208
2021-06-05,Shasta,089,179085,12431,12472,1608,14080,200
2021-06-05,Sierra,091,2930,57,55,12,67,0
2021-06-05,Siskiyou,093,43540,1951,1867,372,2239,21
2021-06-05,Solano,095,438530,33073,33074,562,33636,257
2021-06-05,Sonoma,097,501317,30359,30450,348,30798,323
2021-06-05,Stanislaus,099,539301,56601,56463,5990,62453,973
2021-06-05,Sutter,101,95872,9532,9559,89,9648,111
2021-06-05,Tehama,103,63373,5113,5092,586,5678,63
2021-06-05,Trinity,105,12862,486,328,96,424,3
2021-06-05,Tulare,107,460477,50328,49463,9117,58580,847
2021-06-05,Tuolumne,109,53932,4030,4098,40,4138,63
2021-06-05,Ventura,111,848112,81534,81119,3011,84130,1025
2021-06-05,Yolo,113,214977,14077,14088,326,14414,210
2021-06-05,Yuba,115,75493,6116,6087,130,6217,49
2021-06-04,Alameda,001,1643700,88550,88585,1983,90568,1263
2021-06-04,Alpine,003,1148,87,88,0,88,0
2021-06-04,Amador,005,37829,3708,3690,33,3723,46
2021-06-04,Butte,007,227075,12648,12494,1834,14328,193
2021-06-04,Calaveras,009,45235,2184,2179,13,2192,55
2021-06-04,Colusa,011,21464,1955,1959,316,2275,15
2021-06-04,Contra Costa,013,1133247,70085,69540,1302,70842,816
2021-06-04,Del Norte,015,27424,1429,1398,13,1411,8
2021-06-04,El Dorado,017,186661,10347,10284,744,11028,112
2021-06-04,Fresno,019,978130,103011,102601,8750,111351,1712
2021-06-04,Glenn,021,27897,2438,2423,565,2988,19
2021-06-04,Humboldt,023,135768,4350,4327,38,4365,42
2021-06-04,Imperial,025,180216,28688,28753,2766,31519,738
2021-06-04,Inyo,027,18085,1406,1404,12,1416,35
2021-06-04,Kern,029,883053,97565,96573,11022,107595,1327
2021-06-04,Kings,031,150075,23206,23002,1097,24099,244
2021-06-04,Lake,033,64148,3550,3528,9,3537,45
2021-06-04,Lassen,035,31185,5239,5180,116,5296,18
2021-06-04,Los Angeles,037,10098052,1207413,1203106,41765,1244871,24400
2021-06-04,Madera,039,155013,16677,16557,944,17501,240
2021-06-04,Marin,041,260295,14139,14099,263,14362,229
2021-06-04,Mariposa,043,17540,435,435,11,446,5
2021-06-04,Mendocino,045,87422,4065,3983,82,4065,47
2021-06-04,Merced,047,269075,31113,31204,1057,32261,459
2021-06-04,Modoc,049,8938,387,375,133,508,3
2021-06-04,Mono,051,14174,1263,1275,17,1292,3
2021-06-04,Monterey,053,433212,43227,43068,1878,44946,415
2021-06-04,Napa,055,140530,9938,9958,38,9996,80
2021-06-04,Nevada,057,99092,4872,4844,193,5037,72
2021-06-04,Orange,059,3164182,255714,254730,11459,266189,5059
2021-06-04,Placer,061,380077,23466,23110,1520,24630,293
2021-06-04,Plumas,063,18699,712,691,11,702,4
2021-06-04,Riverside,065,2383286,294626,289098,14108,303206,4452
2021-06-04,Sacramento,067,1510023,106886,106616,1788,108404,1654
2021-06-04,San Benito,069,59416,6065,6073,116,6189,63
2021-06-04,San Bernardino,071,2135413,293772,293056,9023,302079,4768
2021-06-04,San Diego,073,3302833,281543,280556,15065,295621,3763
2021-06-04,San Francisco,075,870044,36879,37079,1298,38377,551
2021-06-04,San Joaquin,077,732212,73498,73039,3591,76630,1388
2021-06-04,San Luis Obispo,079,281455,21471,21234,750,21984,255
2021-06-04,San Mateo,081,765935,42477,42413,478,42891,478
2021-06-04,Santa Barbara,083,443738,34500,34402,1140,35542,459
2021-06-04,Santa Clara,085,1922200,118897,119619,773,120392,2065
2021-06-04,Santa Cruz,087,273765,16260,16150,814,16964,207
2021-06-04,Shasta,089,179085,12425,12458,1603,14061,200
2021-06-04,Sierra,091,2930,57,55,12,67,0
2021-06-04,Siskiyou,093,43540,1950,1865,372,2237,21
2021-06-04,Solano,095,438530,33062,33058,562,33620,256
2021-06-04,Sonoma,097,501317,30338,30411,348,30759,323
2021-06-04,Stanislaus,099,539301,56586,56442,5988,62430,973
2021-06-04,Sutter,101,95872,9527,9554,89,9643,111
2021-06-04,Tehama,103,63373,5108,5090,586,5676,63
2021-06-04,Trinity,105,12862,486,328,96,424,3
2021-06-04,Tulare,107,460477,50319,49452,9115,58567,847
2021-06-04,Tuolumne,109,53932,4029,4095,40,4135,63
2021-06-04,Ventura,111,848112,81527,81104,3009,84113,1023
2021-06-04,Yolo,113,214977,14075,14083,326,14409,210
2021-06-04,Yuba,115,75493,6113,6084,130,6214,49
2021-06-03,Alameda,001,1643700,88512,88555,1980,90535,1257
2021-06-03,Alpine,003,1148,87,88,0,88,0
2021-06-03,Amador,005,37829,3700,3688,33,3721,46
2021-06-03,Butte,007,227075,12644,12478,1833,14311,193
2021-06-03,Calaveras,009,45235,2184,2179,13,2192,55
2021-06-03,Colusa,011,21464,1955,1957,316,2273,15
2021-06-03,Contra Costa,013,1133247,70031,69500,1297,70797,816
2021-06-03,Del Norte,015,27424,1427,1397,13,1410,8
2021-06-03,El Dorado,017,186661,10341,10284,741,11025,112
2021-06-03,Fresno,019,978130,102994,102566,8750,111316,1709
2021-06-03,Glenn,021,27897,2438,2421,565,2986,19
2021-06-03,Humboldt,023,135768,4342,4314,38,4352,42
2021-06-03,Imperial,025,180216,28677,28737,2766,31503,738
2021-06-03,Inyo,027,18085,1406,1404,12,1416,35
2021-06-03,Kern,029,883053,97538,96507,11008,107515,1326
2021-06-03,Kings,031,150075,23202,22982,1097,24079,244
2021-06-03,Lake,033,64148,3548,3526,9,3535,45
2021-06-03,Lassen,035,31185,5230,5177,116,5293,12
2021-06-03,Los Angeles,037,10098052,1207238,1202923,41757,1244680,24386
2021-06-03,Madera,039,155013,16670,16554,944,17498,240
2021-06-03,Marin,041,260295,14134,14095,263,14358,230
2021-06-03,Mariposa,043,17540,435,435,11,446,5
2021-06-03,Mendocino,045,87422,4058,3978,82,4060,47
2021-06-03,Merced,047,269075,31110,31199,1057,32256,459
2021-06-03,Modoc,049,8938,386,376,132,508,3
2021-06-03,Mono,051,14174,1263,1275,17,1292,3
2021-06-03,Monterey,053,433212,43224,43063,1878,44941,415
2021-06-03,Napa,055,140530,9931,9957,38,9995,81
2021-06-03,Nevada,057,99092,4868,4837,193,5030,72
2021-06-03,Orange,059,3164182,255686,254676,11449,266125,5056
2021-06-03,Placer,061,380077,23457,23100,1519,24619,293
2021-06-03,Plumas,063,18699,712,691,11,702,4
2021-06-03,Riverside,065,2383286,294571,289035,14104,303139,4447
2021-06-03,Sacramento,067,1510023,106807,106526,1786,108312,1654
2021-06-03,San Benito,069,59416,6065,6073,116,6189,63
2021-06-03,San Bernardino,071,2135413,293740,293021,9023,302044,4762
2021-06-03,San Diego,073,3302833,281479,280430,15055,295485,3761
2021-06-03,San Francisco,075,870044,36873,37072,1298,38370,551
2021-06-03,San Joaquin,077,732212,73470,72989,3587,76576,1388
2021-06-03,San Luis Obispo,079,281455,21466,21224,750,21974,255
2021-06-03,San Mateo,081,765935,42464,42396,478,42874,467
2021-06-03,Santa Barbara,083,443738,34497,34391,1140,35531,459
2021-06-03,Santa Clara,085,1922200,118875,119592,771,120363,2058
2021-06-03,Santa Cruz,087,273765,16258,16144,814,16958,207
2021-06-03,Shasta,089,179085,12410,12441,1600,14041,199
2021-06-03,Sierra,091,2930,57,55,12,67,0
2021-06-03,Siskiyou,093,43540,1950,1862,371,2233,21
2021-06-03,Solano,095,438530,33048,33019,562,33581,256
2021-06-03,Sonoma,097,501317,30316,30383,347,30730,322
2021-06-03,Stanislaus,099,539301,56568,56401,5982,62383,973
2021-06-03,Sutter,101,95872,9518,9539,89,9628,111
2021-06-03,Tehama,103,63373,5108,5087,586,5673,63
2021-06-03,Trinity,105,12862,486,328,96,424,3
2021-06-03,Tulare,107,460477,50316,49442,9111,58553,848
2021-06-03,Tuolumne,109,53932,4027,4095,40,4135,63
2021-06-03,Ventura,111,848112,81515,81078,3007,84085,1023
2021-06-03,Yolo,113,214977,14071,14078,323,14401,210
2021-06-03,Yuba,115,75493,6106,6077,130,6207,49
2021-06-02,Alameda,001,1643700,88467,88525,1978,90503,1254
2021-06-02,Alpine,003,1148,87,88,0,88,0
2021-06-02,Amador,005,37829,3698,3687,33,3720,46
2021-06-02,Butte,007,227075,12624,12432,1830,14262,193
2021-06-02,Calaveras,009,45235,2181,2174,13,2187,55
2021-06-02,Colusa,011,21464,1954,1957,316,2273,15
2021-06-02,Contra Costa,013,1133247,69980,69455,1295,70750,814
2021-06-02,Del Norte,015,27424,1425,1395,13,1408,8
2021-06-02,El Dorado,017,186661,10337,10275,741,11016,110
2021-06-02,Fresno,019,978130,102970,102547,8747,111294,1707
2021-06-02,Glenn,021,27897,2438,2421,565,2986,19
2021-06-02,Humboldt,023,135768,4327,4302,38,4340,42
2021-06-02,Imperial,025,180216,28671,28737,2765,31502,738
2021-06-02,Inyo,027,18085,1405,1403,12,1415,35
2021-06-02,Kern,029,883053,97511,96481,11001,107482,1326
2021-06-02,Kings,031,150075,23200,22981,1096,24077,244
2021-06-02,Lake,033,64148,3543,3522,9,3531,45
2021-06-02,Lassen,035,31185,5229,5177,116,5293,6
2021-06-02,Los Angeles,037,10098052,1207034,1202760,41748,1244508,24375
2021-06-02,Madera,039,155013,16662,16550,944,17494,240
2021-06-02,Marin,041,260295,14132,14091,262,14353,229
2021-06-02,Mariposa,043,17540,435,434,11,445,5
2021-06-02,Mendocino,045,87422,4052,3970,82,4052,47
2021-06-02,Merced,047,269075,31097,31195,1056,32251,458
2021-06-02,Modoc,049,8938,385,375,131,506,3
2021-06-02,Mono,051,14174,1263,1275,17,1292,3
2021-06-02,Monterey,053,433212,43222,43056,1878,44934,380
2021-06-02,Napa,055,140530,9930,9953,38,9991,82
2021-06-02,Nevada,057,99092,4865,4833,193,5026,72
2021-06-02,Orange,059,3164182,255637,254637,11442,266079,5055
2021-06-02,Placer,061,380077,23436,23058,1517,24575,293
2021-06-02,Plumas,063,18699,712,690,11,701,4
2021-06-02,Riverside,065,2383286,294513,289012,14094,303106,4445
2021-06-02,Sacramento,067,1510023,106742,106435,1780,108215,1649
2021-06-02,San Benito,069,59416,6064,6073,116,6189,63
2021-06-02,San Bernardino,071,2135413,293692,293004,9018,302022,4760
2021-06-02,San Diego,073,3302833,281399,280347,15034,295381,3760
2021-06-02,San Francisco,075,870044,36853,37050,1297,38347,550
2021-06-02,San Joaquin,077,732212,73439,72893,3584,76477,1387
2021-06-02,San Luis Obispo,079,281455,21459,21214,749,21963,255
2021-06-02,San Mateo,081,765935,42454,42383,477,42860,464
2021-06-02,Santa Barbara,083,443738,34490,34381,1140,35521,456
2021-06-02,Santa Clara,085,1922200,118847,119553,770,120323,2058
2021-06-02,Santa Cruz,087,273765,16255,16144,814,16958,207
2021-06-02,Shasta,089,179085,12392,12426,1595,14021,199
2021-06-02,Sierra,091,2930,57,55,12,67,0
2021-06-02,Siskiyou,093,43540,1950,1861,369,2230,21
2021-06-02,Solano,095,438530,33036,33007,561,33568,256
2021-06-02,Sonoma,097,501317,30297,30359,342,30701,322
2021-06-02,Stanislaus,099,539301,56550,56377,5977,62354,973
2021-06-02,Sutter,101,95872,9515,9533,89,9622,111
2021-06-02,Tehama,103,63373,5105,5081,586,5667,63
2021-06-02,Trinity,105,12862,484,328,96,424,3
2021-06-02,Tulare,107,460477,50307,49434,9107,58541,846
2021-06-02,Tuolumne,109,53932,4026,4095,40,4135,63
2021-06-02,Ventura,111,848112,81490,81033,3007,84040,1020
2021-06-02,Yolo,113,214977,14068,14074,322,14396,210
2021-06-02,Yuba,115,75493,6100,6072,130,6202,48
2021-06-01,Alameda,001,1643700,88432,88472,1976,90448,1253
2021-06-01,Alpine,003,1148,87,88,0,88,0
2021-06-01,Amador,005,37829,3696,3687,33,3720,46
2021-06-01,Butte,007,227075,12610,12427,1829,14256,193
2021-06-01,Calaveras,009,45235,2179,2173,13,2186,55
2021-06-01,Colusa,011,21464,1953,1955,315,2270,15
2021-06-01,Contra Costa,013,1133247,69922,69404,1295,70699,813
2021-06-01,Del Norte,015,27424,1424,1394,13,1407,8
2021-06-01,El Dorado,017,186661,10331,10271,741,11012,110
2021-06-01,Fresno,019,978130,102946,102534,8744,111278,1706
2021-06-01,Glenn,021,27897,2438,2422,565,2987,18
2021-06-01,Humboldt,023,135768,4317,4299,38,4337,42
2021-06-01,Imperial,025,180216,28666,28722,2764,31486,736
2021-06-01,Inyo,027,18085,1405,1403,12,1415,35
2021-06-01,Kern,029,883053,97484,96477,10993,107470,1319
2021-06-01,Kings,031,150075,23196,22977,1096,24073,244
2021-06-01,Lake,033,64148,3542,3523,9,3532,45
2021-06-01,Lassen,035,31185,5222,5172,116,5288,6
2021-06-01,Los Angeles,037,10098052,1206799,1202673,41734,1244407,24367
2021-06-01,Madera,039,155013,16653,16549,943,17492,240
2021-06-01,Marin,041,260295,14130,14081,262,14343,229
2021-06-01,Mariposa,043,17540,435,431,11,442,5
2021-06-01,Mendocino,045,87422,4045,3966,82,4048,47
2021-06-01,Merced,047,269075,31087,31195,1056,32251,456
2021-06-01,Modoc,049,8938,383,375,131,506,3
2021-06-01,Mono,051,14174,1263,1275,17,1292,3
2021-06-01,Monterey,053,433212,43216,43051,1878,44929,379
2021-06-01,Napa,055,140530,9928,9949,38,9987,82
2021-06-01,Nevada,057,99092,4860,4825,193,5018,72
2021-06-01,Orange,059,3164182,255601,254603,11434,266037,5051
2021-06-01,Placer,061,380077,23406,23021,1515,24536,293
2021-06-01,Plumas,063,18699,711,690,11,701,4
2021-06-01,Riverside,065,2383286,294460,288996,14088,303084,4442
2021-06-01,Sacramento,067,1510023,106670,106330,1778,108108,1644
2021-06-01,San Benito,069,59416,6063,6073,115,6188,63
2021-06-01,San Bernardino,071,2135413,293667,292990,9017,302007,4758
2021-06-01,San Diego,073,3302833,281295,280305,15017,295322,3756
2021-06-01,San Francisco,075,870044,36837,37031,1297,38328,550
2021-06-01,San Joaquin,077,732212,73407,72858,3582,76440,1383
2021-06-01,San Luis Obispo,079,281455,21454,21217,749,21966,256
2021-06-01,San Mateo,081,765935,42438,42383,476,42859,462
2021-06-01,Santa Barbara,083,443738,34486,34374,1140,35514,456
2021-06-01,Santa Clara,085,1922200,118819,119528,770,120298,2057
2021-06-01,Santa Cruz,087,273765,16251,16143,813,16956,207
2021-06-01,Shasta,089,179085,12383,12409,1590,13999,199
2021-06-01,Sierra,091,2930,57,55,12,67,0
2021-06-01,Siskiyou,093,43540,1943,1860,368,2228,21
2021-06-01,Solano,095,438530,33011,32974,560,33534,256
2021-06-01,Sonoma,097,501317,30258,30324,341,30665,322
2021-06-01,Stanislaus,099,539301,56534,56348,5975,62323,973
2021-06-01,Sutter,101,95872,9508,9528,89,9617,111
2021-06-01,Tehama,103,63373,5103,5079,586,5665,63
2021-06-01,Trinity,105,12862,483,328,95,423,3
2021-06-01,Tulare,107,460477,50299,49419,9103,58522,845
2021-06-01,Tuolumne,109,53932,4026,4094,40,4134,63
2021-06-01,Ventura,111,848112,81474,81018,3006,84024,1021
2021-06-01,Yolo,113,214977,14062,14067,322,14389,210
2021-06-01,Yuba,115,75493,6096,6067,130,6197,48
2021-05-31,Alameda,001,1643700,88395,88458,1972,90430,1253
2021-05-31,Alpine,003,1148,87,88,0,88,0
2021-05-31,Amador,005,37829,3690,3687,33,3720,46
2021-05-31,Butte,007,227075,12597,12429,1829,14258,193
2021-05-31,Calaveras,009,45235,2178,2171,13,2184,55
2021-05-31,Colusa,011,21464,1953,1956,314,2270,15
2021-05-31,Contra Costa,013,1133247,69885,69390,1293,70683,813
2021-05-31,Del Norte,015,27424,1421,1394,13,1407,8
2021-05-31,El Dorado,017,186661,10325,10271,739,11010,110
2021-05-31,Fresno,019,978130,102909,102507,8744,111251,1706
2021-05-31,Glenn,021,27897,2437,2422,564,2986,18
2021-05-31,Humboldt,023,135768,4305,4295,38,4333,42
2021-05-31,Imperial,025,180216,28660,28732,2761,31493,736
2021-05-31,Inyo,027,18085,1404,1403,12,1415,35
2021-05-31,Kern,029,883053,97448,96457,10984,107441,1319
2021-05-31,Kings,031,150075,23192,22977,1096,24073,244
2021-05-31,Lake,033,64148,3537,3523,9,3532,45
2021-05-31,Lassen,035,31185,5220,5172,115,5287,6
2021-05-31,Los Angeles,037,10098052,1206556,1202567,41726,1244293,24364
2021-05-31,Madera,039,155013,16652,16543,942,17485,240
2021-05-31,Marin,041,260295,14128,14080,262,14342,229
2021-05-31,Mariposa,043,17540,435,430,11,441,5
2021-05-31,Mendocino,045,87422,4035,3961,82,4043,47
2021-05-31,Merced,047,269075,31082,31194,1056,32250,456
2021-05-31,Modoc,049,8938,382,374,131,505,3
2021-05-31,Mono,051,14174,1263,1275,17,1292,3
2021-05-31,Monterey,053,433212,43212,43051,1878,44929,379
2021-05-31,Napa,055,140530,9921,9948,38,9986,82
2021-05-31,Nevada,057,99092,4850,4823,192,5015,72
2021-05-31,Orange,059,3164182,255573,254572,11426,265998,5051
2021-05-31,Placer,061,380077,23379,23019,1511,24530,293
2021-05-31,Plumas,063,18699,710,690,11,701,4
2021-05-31,Riverside,065,2383286,294403,288970,14076,303046,4442
2021-05-31,Sacramento,067,1510023,106573,106278,1772,108050,1644
2021-05-31,San Benito,069,59416,6063,6072,115,6187,63
2021-05-31,San Bernardino,071,2135413,293619,292973,9016,301989,4758
2021-05-31,San Diego,073,3302833,281191,280254,15005,295259,3756
2021-05-31,San Francisco,075,870044,36822,37022,1296,38318,550
2021-05-31,San Joaquin,077,732212,73358,72856,3576,76432,1383
2021-05-31,San Luis Obispo,079,281455,21446,21215,749,21964,256
2021-05-31,San Mateo,081,765935,42422,42389,476,42865,442
2021-05-31,Santa Barbara,083,443738,34473,34369,1138,35507,456
2021-05-31,Santa Clara,085,1922200,118775,119515,770,120285,2057
2021-05-31,Santa Cruz,087,273765,16248,16139,813,16952,207
2021-05-31,Shasta,089,179085,12367,12408,1587,13995,199
2021-05-31,Sierra,091,2930,57,55,12,67,0
2021-05-31,Siskiyou,093,43540,1942,1856,367,2223,21
2021-05-31,Solano,095,438530,32961,32973,560,33533,256
2021-05-31,Sonoma,097,501317,30215,30314,341,30655,322
2021-05-31,Stanislaus,099,539301,56493,56335,5972,62307,973
2021-05-31,Sutter,101,95872,9489,9523,89,9612,111
2021-05-31,Tehama,103,63373,5100,5076,585,5661,63
2021-05-31,Trinity,105,12862,483,328,95,423,3
2021-05-31,Tulare,107,460477,50288,49404,9098,58502,845
2021-05-31,Tuolumne,109,53932,4024,4095,40,4135,63
2021-05-31,Ventura,111,848112,81459,81017,3003,84020,1021
2021-05-31,Yolo,113,214977,14058,14064,322,14386,210
2021-05-31,Yuba,115,75493,6090,6063,127,6190,48
2021-05-30,Alameda,001,1643700,88372,88429,1972,90401,1253
2021-05-30,Alpine,003,1148,87,88,0,88,0
2021-05-30,Amador,005,37829,3686,3685,33,3718,46
2021-05-30,Butte,007,227075,12587,12427,1827,14254,190
2021-05-30,Calaveras,009,45235,2174,2166,13,2179,55
2021-05-30,Colusa,011,21464,1953,1954,314,2268,15
2021-05-30,Contra Costa,013,1133247,69851,69381,1291,70672,813
2021-05-30,Del Norte,015,27424,1420,1393,13,1406,8
2021-05-30,El Dorado,017,186661,10322,10271,739,11010,110
2021-05-30,Fresno,019,978130,102892,102499,8740,111239,1706
2021-05-30,Glenn,021,27897,2437,2422,563,2985,18
2021-05-30,Humboldt,023,135768,4297,4291,38,4329,42
2021-05-30,Imperial,025,180216,28655,28732,2760,31492,736
2021-05-30,Inyo,027,18085,1404,1403,12,1415,35
2021-05-30,Kern,029,883053,97432,96443,10981,107424,1319
2021-05-30,Kings,031,150075,23191,22974,1095,24069,244
2021-05-30,Lake,033,64148,3537,3517,9,3526,45
2021-05-30,Lassen,035,31185,5218,5171,115,5286,6
2021-05-30,Los Angeles,037,10098052,1206445,1202425,41719,1244144,24360
2021-05-30,Madera,039,155013,16648,16538,942,17480,240
2021-05-30,Marin,041,260295,14124,14083,261,14344,229
2021-05-30,Mariposa,043,17540,435,430,11,441,5
2021-05-30,Mendocino,045,87422,4028,3955,82,4037,47
2021-05-30,Merced,047,269075,31078,31189,1055,32244,456
2021-05-30,Modoc,049,8938,382,374,131,505,3
2021-05-30,Mono,051,14174,1263,1275,17,1292,3
2021-05-30,Monterey,053,433212,43209,43049,1878,44927,379
2021-05-30,Napa,055,140530,9920,9948,38,9986,82
2021-05-30,Nevada,057,99092,4844,4818,192,5010,72
2021-05-30,Orange,059,3164182,255550,254559,11425,265984,5051
2021-05-30,Placer,061,380077,23373,23016,1511,24527,293
2021-05-30,Plumas,063,18699,708,690,11,701,4
2021-05-30,Riverside,065,2383286,294382,288961,14074,303035,4442
2021-05-30,Sacramento,067,1510023,106528,106252,1770,108022,1644
2021-05-30,San Benito,069,59416,6063,6072,115,6187,63
2021-05-30,San Bernardino,071,2135413,293593,292981,9015,301996,4758
2021-05-30,San Diego,073,3302833,281135,280209,15000,295209,3756
2021-05-30,San Francisco,075,870044,36803,37016,1296,38312,550
2021-05-30,San Joaquin,077,732212,73341,72853,3575,76428,1383
2021-05-30,San Luis Obispo,079,281455,21437,21211,748,21959,256
2021-05-30,San Mateo,081,765935,42414,42386,476,42862,439
2021-05-30,Santa Barbara,083,443738,34469,34369,1138,35507,456
2021-05-30,Santa Clara,085,1922200,118753,119510,766,120276,2057
2021-05-30,Santa Cruz,087,273765,16246,16140,813,16953,207
2021-05-30,Shasta,089,179085,12365,12408,1584,13992,199
2021-05-30,Sierra,091,2930,57,55,12,67,0
2021-05-30,Siskiyou,093,43540,1942,1856,367,2223,21
2021-05-30,Solano,095,438530,32950,32952,559,33511,256
2021-05-30,Sonoma,097,501317,30198,30310,340,30650,322
2021-05-30,Stanislaus,099,539301,56482,56323,5971,62294,973
2021-05-30,Sutter,101,95872,9488,9519,88,9607,111
2021-05-30,Tehama,103,63373,5100,5073,585,5658,63
2021-05-30,Trinity,105,12862,483,328,95,423,3
2021-05-30,Tulare,107,460477,50281,49397,9089,58486,845
2021-05-30,Tuolumne,109,53932,4024,4094,40,4134,63
2021-05-30,Ventura,111,848112,81455,81012,3002,84014,1021
2021-05-30,Yolo,113,214977,14053,14059,321,14380,210
2021-05-30,Yuba,115,75493,6083,6063,126,6189,48
2021-05-29,Alameda,001,1643700,88349,88433,1970,90403,1253
2021-05-29,Alpine,003,1148,87,88,0,88,0
2021-05-29,Amador,005,37829,3685,3683,33,3716,46
2021-05-29,Butte,007,227075,12581,12425,1827,14252,190
2021-05-29,Calaveras,009,45235,2173,2166,13,2179,55
2021-05-29,Colusa,011,21464,1950,1954,314,2268,15
2021-05-29,Contra Costa,013,1133247,69818,69351,1291,70642,813
2021-05-29,Del Norte,015,27424,1420,1391,13,1404,8
2021-05-29,El Dorado,017,186661,10321,10269,737,11006,110
2021-05-29,Fresno,019,978130,102880,102470,8737,111207,1706
2021-05-29,Glenn,021,27897,2437,2422,562,2984,18
2021-05-29,Humboldt,023,135768,4291,4283,38,4321,42
2021-05-29,Imperial,025,180216,28652,28729,2759,31488,736
2021-05-29,Inyo,027,18085,1404,1404,12,1416,35
2021-05-29,Kern,029,883053,97421,96424,10968,107392,1319
2021-05-29,Kings,031,150075,23190,22970,1094,24064,244
2021-05-29,Lake,033,64148,3537,3515,9,3524,45
2021-05-29,Lassen,035,31185,5218,5171,115,5286,6
2021-05-29,Los Angeles,037,10098052,1206322,1202264,41715,1243979,24359
2021-05-29,Madera,039,155013,16646,16535,942,17477,240
2021-05-29,Marin,041,260295,14120,14071,260,14331,229
2021-05-29,Mariposa,043,17540,434,428,11,439,5
2021-05-29,Mendocino,045,87422,4022,3952,82,4034,47
2021-05-29,Merced,047,269075,31066,31187,1055,32242,456
2021-05-29,Modoc,049,8938,382,374,131,505,3
2021-05-29,Mono,051,14174,1263,1275,17,1292,3
2021-05-29,Monterey,053,433212,43207,43042,1878,44920,379
2021-05-29,Napa,055,140530,9917,9948,38,9986,82
2021-05-29,Nevada,057,99092,4843,4816,192,5008,72
2021-05-29,Orange,059,3164182,255528,254537,11415,265952,5049
2021-05-29,Placer,061,380077,23358,23009,1510,24519,293
2021-05-29,Plumas,063,18699,708,689,11,700,4
2021-05-29,Riverside,065,2383286,294362,288908,14073,302981,4442
2021-05-29,Sacramento,067,1510023,106498,106218,1769,107987,1643
2021-05-29,San Benito,069,59416,6062,6072,115,6187,63
2021-05-29,San Bernardino,071,2135413,293561,292961,9014,301975,4757
2021-05-29,San Diego,073,3302833,281076,280151,14995,295146,3756
2021-05-29,San Francisco,075,870044,36794,37008,1296,38304,550
2021-05-29,San Joaquin,077,732212,73325,72827,3573,76400,1383
2021-05-29,San Luis Obispo,079,281455,21435,21201,748,21949,256
2021-05-29,San Mateo,081,765935,42406,42375,475,42850,439
2021-05-29,Santa Barbara,083,443738,34465,34367,1138,35505,456
2021-05-29,Santa Clara,085,1922200,118729,119498,765,120263,2056
2021-05-29,Santa Cruz,087,273765,16245,16137,813,16950,207
2021-05-29,Shasta,089,179085,12357,12401,1583,13984,199
2021-05-29,Sierra,091,2930,57,55,12,67,0
2021-05-29,Siskiyou,093,43540,1937,1856,367,2223,21
2021-05-29,Solano,095,438530,32941,32917,559,33476,256
2021-05-29,Sonoma,097,501317,30175,30298,339,30637,322
2021-05-29,Stanislaus,099,539301,56464,56305,5969,62274,974
2021-05-29,Sutter,101,95872,9484,9516,88,9604,111
2021-05-29,Tehama,103,63373,5099,5070,585,5655,63
2021-05-29,Trinity,105,12862,483,328,95,423,3
2021-05-29,Tulare,107,460477,50271,49392,9085,58477,845
2021-05-29,Tuolumne,109,53932,4024,4093,40,4133,63
2021-05-29,Ventura,111,848112,81447,81008,3002,84010,1021
2021-05-29,Yolo,113,214977,14052,14055,321,14376,210
2021-05-29,Yuba,115,75493,6083,6059,126,6185,48
2021-05-28,Alameda,001,1643700,88325,88391,1966,90357,1261
2021-05-28,Alpine,003,1148,87,88,0,88,0
2021-05-28,Amador,005,37829,3685,3680,33,3713,46
2021-05-28,Butte,007,227075,12578,12407,1826,14233,190
2021-05-28,Calaveras,009,45235,2172,2165,13,2178,55
2021-05-28,Colusa,011,21464,1950,1954,312,2266,15
2021-05-28,Contra Costa,013,1133247,69782,69290,1290,70580,813
2021-05-28,Del Norte,015,27424,1419,1390,13,1403,8
2021-05-28,El Dorado,017,186661,10318,10265,737,11002,110
2021-05-28,Fresno,019,978130,102865,102437,8737,111174,1705
2021-05-28,Glenn,021,27897,2437,2419,562,2981,18
2021-05-28,Humboldt,023,135768,4284,4265,38,4303,42
2021-05-28,Imperial,025,180216,28649,28722,2759,31481,736
2021-05-28,Inyo,027,18085,1404,1404,12,1416,35
2021-05-28,Kern,029,883053,97404,96396,10960,107356,1320
2021-05-28,Kings,031,150075,23188,22962,1094,24056,244
2021-05-28,Lake,033,64148,3535,3515,9,3524,45
2021-05-28,Lassen,035,31185,5218,5169,115,5284,6
2021-05-28,Los Angeles,037,10098052,1206212,1202103,41704,1243807,24357
2021-05-28,Madera,039,155013,16644,16530,942,17472,240
2021-05-28,Marin,041,260295,14119,14063,259,14322,229
2021-05-28,Mariposa,043,17540,434,428,11,439,5
2021-05-28,Mendocino,045,87422,4017,3947,82,4029,47
2021-05-28,Merced,047,269075,31063,31176,1055,32231,455
2021-05-28,Modoc,049,8938,382,374,131,505,3
2021-05-28,Mono,051,14174,1263,1274,17,1291,3
2021-05-28,Monterey,053,433212,43206,43036,1878,44914,379
2021-05-28,Napa,055,140530,9917,9941,38,9979,82
2021-05-28,Nevada,057,99092,4841,4813,192,5005,71
2021-05-28,Orange,059,3164182,255508,254494,11413,265907,5047
2021-05-28,Placer,061,380077,23348,22987,1508,24495,293
2021-05-28,Plumas,063,18699,706,688,11,699,4
2021-05-28,Riverside,065,2383286,294340,288872,14071,302943,4442
2021-05-28,Sacramento,067,1510023,106442,106131,1767,107898,1642
2021-05-28,San Benito,069,59416,6062,6074,115,6189,63
2021-05-28,San Bernardino,071,2135413,293538,292905,9014,301919,4757
2021-05-28,San Diego,073,3302833,281013,280043,14984,295027,3756
2021-05-28,San Francisco,075,870044,36788,36987,1296,38283,546
2021-05-28,San Joaquin,077,732212,73295,72793,3571,76364,1383
2021-05-28,San Luis Obispo,079,281455,21430,21190,746,21936,256
2021-05-28,San Mateo,081,765935,42400,42364,475,42839,439
2021-05-28,Santa Barbara,083,443738,34464,34371,1138,35509,455
2021-05-28,Santa Clara,085,1922200,118705,119462,765,120227,2056
2021-05-28,Santa Cruz,087,273765,16244,16129,813,16942,207
2021-05-28,Shasta,089,179085,12348,12383,1581,13964,198
2021-05-28,Sierra,091,2930,57,54,12,66,0
2021-05-28,Siskiyou,093,43540,1935,1850,367,2217,19
2021-05-28,Solano,095,438530,32926,32892,559,33451,256
2021-05-28,Sonoma,097,501317,30156,30270,339,30609,321
2021-05-28,Stanislaus,099,539301,56446,56278,5966,62244,974
2021-05-28,Sutter,101,95872,9480,9511,88,9599,111
2021-05-28,Tehama,103,63373,5093,5064,585,5649,63
2021-05-28,Trinity,105,12862,483,328,95,423,3
2021-05-28,Tulare,107,460477,50266,49375,9076,58451,846
2021-05-28,Tuolumne,109,53932,4024,4090,40,4130,63
2021-05-28,Ventura,111,848112,81436,80985,3001,83986,1021
2021-05-28,Yolo,113,214977,14049,14050,320,14370,210
2021-05-28,Yuba,115,75493,6081,6050,125,6175,48
2021-05-27,Alameda,001,1643700,88290,88342,1965,90307,1274
2021-05-27,Alpine,003,1148,87,88,0,88,0
2021-05-27,Amador,005,37829,3682,3680,33,3713,46
2021-05-27,Butte,007,227075,12573,12401,1825,14226,190
2021-05-27,Calaveras,009,45235,2171,2163,13,2176,55
2021-05-27,Colusa,011,21464,1947,1952,312,2264,15
2021-05-27,Contra Costa,013,1133247,69740,69245,1288,70533,813
2021-05-27,Del Norte,015,27424,1419,1388,13,1401,8
2021-05-27,El Dorado,017,186661,10317,10248,737,10985,112
2021-05-27,Fresno,019,978130,102848,102413,8734,111147,1704
2021-05-27,Glenn,021,27897,2437,2415,562,2977,18
2021-05-27,Humboldt,023,135768,4276,4260,38,4298,42
2021-05-27,Imperial,025,180216,28638,28728,2759,31487,736
2021-05-27,Inyo,027,18085,1404,1404,12,1416,35
2021-05-27,Kern,029,883053,97388,96364,10952,107316,1322
2021-05-27,Kings,031,150075,23185,22953,1094,24047,245
2021-05-27,Lake,033,64148,3530,3509,9,3518,45
2021-05-27,Lassen,035,31185,5217,5170,114,5284,6
2021-05-27,Los Angeles,037,10098052,1206049,1201927,41688,1243615,24348
2021-05-27,Madera,039,155013,16635,16527,942,17469,240
2021-05-27,Marin,041,260295,14115,14061,259,14320,229
2021-05-27,Mariposa,043,17540,432,427,11,438,5
2021-05-27,Mendocino,045,87422,4011,3945,82,4027,47
2021-05-27,Merced,047,269075,31051,31161,1055,32216,455
2021-05-27,Modoc,049,8938,381,374,131,505,3
2021-05-27,Mono,051,14174,1263,1276,17,1293,3
2021-05-27,Monterey,053,433212,43200,43032,1878,44910,379
2021-05-27,Napa,055,140530,9916,9934,38,9972,82
2021-05-27,Nevada,057,99092,4837,4807,190,4997,71
2021-05-27,Orange,059,3164182,255471,254438,11409,265847,5059
2021-05-27,Placer,061,380077,23339,22966,1508,24474,293
2021-05-27,Plumas,063,18699,706,687,11,698,4
2021-05-27,Riverside,065,2383286,294304,288835,14066,302901,4443
2021-05-27,Sacramento,067,1510023,106367,106015,1765,107780,1642
2021-05-27,San Benito,069,59416,6061,6074,115,6189,63
2021-05-27,San Bernardino,071,2135413,293502,292755,9012,301767,4756
2021-05-27,San Diego,073,3302833,280939,279960,14970,294930,3756
2021-05-27,San Francisco,075,870044,36782,36980,1293,38273,546
2021-05-27,San Joaquin,077,732212,73263,72714,3567,76281,1388
2021-05-27,San Luis Obispo,079,281455,21425,21171,746,21917,256
2021-05-27,San Mateo,081,765935,42391,42345,475,42820,436
2021-05-27,Santa Barbara,083,443738,34459,34355,1138,35493,456
2021-05-27,Santa Clara,085,1922200,118684,119452,765,120217,2053
2021-05-27,Santa Cruz,087,273765,16242,16134,813,16947,207
2021-05-27,Shasta,089,179085,12338,12380,1581,13961,202
2021-05-27,Sierra,091,2930,57,54,12,66,0
2021-05-27,Siskiyou,093,43540,1932,1846,367,2213,18
2021-05-27,Solano,095,438530,32885,32855,558,33413,257
2021-05-27,Sonoma,097,501317,30129,30253,335,30588,321
2021-05-27,Stanislaus,099,539301,56421,56207,5965,62172,974
2021-05-27,Sutter,101,95872,9476,9501,88,9589,111
2021-05-27,Tehama,103,63373,5090,5064,584,5648,63
2021-05-27,Trinity,105,12862,483,328,95,423,3
2021-05-27,Tulare,107,460477,50252,49366,9067,58433,840
2021-05-27,Tuolumne,109,53932,4023,4090,40,4130,66
2021-05-27,Ventura,111,848112,81423,80965,2998,83963,1023
2021-05-27,Yolo,113,214977,14046,14036,320,14356,213
2021-05-27,Yuba,115,75493,6076,6040,124,6164,48
2021-05-26,Alameda,001,1643700,88261,88297,1965,90262,1266
2021-05-26,Alpine,003,1148,87,88,0,88,0
2021-05-26,Amador,005,37829,3682,3679,33,3712,46
2021-05-26,Butte,007,227075,12564,12332,1824,14156,190
2021-05-26,Calaveras,009,45235,2170,2154,13,2167,55
2021-05-26,Colusa,011,21464,1946,1952,312,2264,15
2021-05-26,Contra Costa,013,1133247,69703,69210,1288,70498,812
2021-05-26,Del Norte,015,27424,1419,1386,12,1398,8
2021-05-26,El Dorado,017,186661,10313,10242,736,10978,112
2021-05-26,Fresno,019,978130,102816,102374,8729,111103,1702
2021-05-26,Glenn,021,27897,2436,2415,562,2977,18
2021-05-26,Humboldt,023,135768,4271,4246,38,4284,42
2021-05-26,Imperial,025,180216,28633,28712,2757,31469,734
2021-05-26,Inyo,027,18085,1404,1403,12,1415,36
2021-05-26,Kern,029,883053,97363,96343,10945,107288,1320
2021-05-26,Kings,031,150075,23181,22950,1093,24043,245
2021-05-26,Lake,033,64148,3529,3508,9,3517,45
2021-05-26,Lassen,035,31185,5216,5164,114,5278,6
2021-05-26,Los Angeles,037,10098052,1205883,1198100,41671,1239771,24221
2021-05-26,Madera,039,155013,16632,16520,942,17462,240
2021-05-26,Marin,041,260295,14112,14061,258,14319,227
2021-05-26,Mariposa,043,17540,432,427,11,438,5
2021-05-26,Mendocino,045,87422,4005,3938,82,4020,47
2021-05-26,Merced,047,269075,31042,31139,1055,32194,455
2021-05-26,Modoc,049,8938,381,371,130,501,3
2021-05-26,Mono,051,14174,1263,1274,17,1291,3
2021-05-26,Monterey,053,433212,43194,43018,1877,44895,379
2021-05-26,Napa,055,140530,9909,9932,36,9968,82
2021-05-26,Nevada,057,99092,4832,4803,190,4993,70
2021-05-26,Orange,059,3164182,255435,254368,11406,265774,5058
2021-05-26,Placer,061,380077,23315,22940,1508,24448,293
2021-05-26,Plumas,063,18699,705,685,11,696,4
2021-05-26,Riverside,065,2383286,294258,288782,14059,302841,4443
2021-05-26,Sacramento,067,1510023,106281,105919,1761,107680,1637
2021-05-26,San Benito,069,59416,6061,6074,115,6189,63
2021-05-26,San Bernardino,071,2135413,293467,292662,9011,301673,4755
2021-05-26,San Diego,073,3302833,280864,279859,14960,294819,3755
2021-05-26,San Francisco,075,870044,36770,36954,1293,38247,546
2021-05-26,San Joaquin,077,732212,73221,72681,3564,76245,1388
2021-05-26,San Luis Obispo,079,281455,21419,21163,746,21909,256
2021-05-26,San Mateo,081,765935,42383,42331,475,42806,436
2021-05-26,Santa Barbara,083,443738,34450,34348,1138,35486,459
2021-05-26,Santa Clara,085,1922200,118657,119421,764,120185,2031
2021-05-26,Santa Cruz,087,273765,16241,16139,813,16952,207
2021-05-26,Shasta,089,179085,12323,12357,1578,13935,202
2021-05-26,Sierra,091,2930,57,54,12,66,0
2021-05-26,Siskiyou,093,43540,1930,1847,365,2212,18
2021-05-26,Solano,095,438530,32849,32831,558,33389,257
2021-05-26,Sonoma,097,501317,30102,30230,335,30565,321
2021-05-26,Stanislaus,099,539301,56399,56193,5963,62156,974
2021-05-26,Sutter,101,95872,9471,9495,88,9583,112
2021-05-26,Tehama,103,63373,5089,5054,581,5635,63
2021-05-26,Trinity,105,12862,483,328,95,423,3
2021-05-26,Tulare,107,460477,50245,49352,9063,58415,839
2021-05-26,Tuolumne,109,53932,4019,4088,39,4127,66
2021-05-26,Ventura,111,848112,81400,80944,2996,83940,1023
2021-05-26,Yolo,113,214977,14043,14025,320,14345,213
2021-05-26,Yuba,115,75493,6071,6036,124,6160,49
2021-05-25,Alameda,001,1643700,88231,88237,1965,90202,1263
2021-05-25,Alpine,003,1148,87,88,0,88,0
2021-05-25,Amador,005,37829,3677,3676,33,3709,46
2021-05-25,Butte,007,227075,12553,12295,1823,14118,189
2021-05-25,Calaveras,009,45235,2168,2148,13,2161,55
2021-05-25,Colusa,011,21464,1945,1949,312,2261,15
2021-05-25,Contra Costa,013,1133247,69651,69167,1283,70450,809
2021-05-25,Del Norte,015,27424,1419,1385,12,1397,8
2021-05-25,El Dorado,017,186661,10306,10240,735,10975,112
2021-05-25,Fresno,019,978130,102794,102329,8727,111056,1701
2021-05-25,Glenn,021,27897,2435,2414,561,2975,17
2021-05-25,Humboldt,023,135768,4264,4231,36,4267,42
2021-05-25,Imperial,025,180216,28626,28586,2757,31343,735
2021-05-25,Inyo,027,18085,1404,1402,12,1414,36
2021-05-25,Kern,029,883053,97332,96319,10931,107250,1319
2021-05-25,Kings,031,150075,23174,22944,1093,24037,245
2021-05-25,Lake,033,64148,3528,3508,9,3517,44
2021-05-25,Lassen,035,31185,5212,5164,114,5278,6
2021-05-25,Los Angeles,037,10098052,1205702,1197940,41652,1239592,24212
2021-05-25,Madera,039,155013,16627,16519,941,17460,240
2021-05-25,Marin,041,260295,14106,14053,258,14311,227
2021-05-25,Mariposa,043,17540,431,427,11,438,5
2021-05-25,Mendocino,045,87422,4000,3928,82,4010,47
2021-05-25,Merced,047,269075,31021,31132,1055,32187,455
2021-05-25,Modoc,049,8938,380,367,130,497,3
2021-05-25,Mono,051,14174,1263,1274,17,1291,3
2021-05-25,Monterey,053,433212,43190,43012,1876,44888,379
2021-05-25,Napa,055,140530,9907,9926,36,9962,82
2021-05-25,Nevada,057,99092,4826,4795,190,4985,70
2021-05-25,Orange,059,3164182,255406,254321,11405,265726,5057
2021-05-25,Placer,061,380077,23304,22920,1506,24426,292
2021-05-25,Plumas,063,18699,705,684,11,695,4
2021-05-25,Riverside,065,2383286,294219,288725,14056,302781,4443
2021-05-25,Sacramento,067,1510023,106200,105828,1757,107585,1633
2021-05-25,San Benito,069,59416,6061,6073,115,6188,63
2021-05-25,San Bernardino,071,2135413,293407,292485,9009,301494,4755
2021-05-25,San Diego,073,3302833,280782,279786,14955,294741,3753
2021-05-25,San Francisco,075,870044,36747,36939,1293,38232,546
2021-05-25,San Joaquin,077,732212,73179,72628,3561,76189,1387
2021-05-25,San Luis Obispo,079,281455,21416,21153,746,21899,256
2021-05-25,San Mateo,081,765935,42373,42268,475,42743,435
2021-05-25,Santa Barbara,083,443738,34447,34337,1138,35475,459
2021-05-25,Santa Clara,085,1922200,118633,119393,763,120156,2032
2021-05-25,Santa Cruz,087,273765,16236,16141,813,16954,207
2021-05-25,Shasta,089,179085,12314,12328,1576,13904,202
2021-05-25,Sierra,091,2930,56,54,12,66,0
2021-05-25,Siskiyou,093,43540,1929,1845,364,2209,18
2021-05-25,Solano,095,438530,32830,32817,557,33374,256
2021-05-25,Sonoma,097,501317,30073,30207,334,30541,321
2021-05-25,Stanislaus,099,539301,56363,56168,5960,62128,974
2021-05-25,Sutter,101,95872,9467,9495,88,9583,112
2021-05-25,Tehama,103,63373,5087,5048,580,5628,63
2021-05-25,Trinity,105,12862,483,328,94,422,3
2021-05-25,Tulare,107,460477,50235,49326,9055,58381,838
2021-05-25,Tuolumne,109,53932,4019,4084,39,4123,66
2021-05-25,Ventura,111,848112,81382,80905,2996,83901,1022
2021-05-25,Yolo,113,214977,14035,14018,318,14336,213
2021-05-25,Yuba,115,75493,6064,6028,124,6152,49
2021-05-24,Alameda,001,1643700,88191,88182,1964,90146,1263
2021-05-24,Alpine,003,1148,87,88,0,88,0
2021-05-24,Amador,005,37829,3675,3675,33,3708,46
2021-05-24,Butte,007,227075,12540,12279,1820,14099,189
2021-05-24,Calaveras,009,45235,2166,2146,13,2159,54
2021-05-24,Colusa,011,21464,1945,1949,312,2261,15
2021-05-24,Contra Costa,013,1133247,69610,69107,1279,70386,809
2021-05-24,Del Norte,015,27424,1418,1384,12,1396,8
2021-05-24,El Dorado,017,186661,10296,10227,734,10961,112
2021-05-24,Fresno,019,978130,102752,102289,8726,111015,1698
2021-05-24,Glenn,021,27897,2435,2413,561,2974,17
2021-05-24,Humboldt,023,135768,4257,4225,36,4261,42
2021-05-24,Imperial,025,180216,28624,28575,2757,31332,735
2021-05-24,Inyo,027,18085,1404,1402,12,1414,36
2021-05-24,Kern,029,883053,97305,96296,10926,107222,1319
2021-05-24,Kings,031,150075,23170,22940,1093,24033,246
2021-05-24,Lake,033,64148,3526,3506,9,3515,43
2021-05-24,Lassen,035,31185,5208,5163,114,5277,6
2021-05-24,Los Angeles,037,10098052,1205528,1197782,41637,1239419,24201
2021-05-24,Madera,039,155013,16623,16513,940,17453,239
2021-05-24,Marin,041,260295,14104,14051,258,14309,227
2021-05-24,Mariposa,043,17540,430,427,11,438,5
2021-05-24,Mendocino,045,87422,3998,3919,82,4001,47
2021-05-24,Merced,047,269075,31011,31128,1054,32182,455
2021-05-24,Modoc,049,8938,380,366,129,495,3
2021-05-24,Mono,051,14174,1263,1270,17,1287,3
2021-05-24,Monterey,053,433212,43185,43005,1875,44880,379
2021-05-24,Napa,055,140530,9907,9924,36,9960,82
2021-05-24,Nevada,057,99092,4823,4790,190,4980,70
2021-05-24,Orange,059,3164182,255372,254287,11395,265682,5056
2021-05-24,Placer,061,380077,23285,22895,1505,24400,292
2021-05-24,Plumas,063,18699,704,683,11,694,4
2021-05-24,Riverside,065,2383286,294162,288669,14046,302715,4442
2021-05-24,Sacramento,067,1510023,106085,105716,1756,107472,1632
2021-05-24,San Benito,069,59416,6061,6072,115,6187,63
2021-05-24,San Bernardino,071,2135413,293367,292343,9008,301351,4747
2021-05-24,San Diego,073,3302833,280674,279715,14945,294660,3749
2021-05-24,San Francisco,075,870044,36727,36934,1291,38225,547
2021-05-24,San Joaquin,077,732212,73147,72586,3560,76146,1371
2021-05-24,San Luis Obispo,079,281455,21398,21146,745,21891,256
2021-05-24,San Mateo,081,765935,42363,42249,475,42724,433
2021-05-24,Santa Barbara,083,443738,34442,34322,1138,35460,459
2021-05-24,Santa Clara,085,1922200,118601,119358,763,120121,2030
2021-05-24,Santa Cruz,087,273765,16230,16135,813,16948,207
2021-05-24,Shasta,089,179085,12297,12315,1573,13888,201
2021-05-24,Sierra,091,2930,56,54,12,66,0
2021-05-24,Siskiyou,093,43540,1926,1840,364,2204,17
2021-05-24,Solano,095,438530,32805,32792,556,33348,254
2021-05-24,Sonoma,097,501317,30058,30187,334,30521,321
2021-05-24,Stanislaus,099,539301,56329,56128,5956,62084,974
2021-05-24,Sutter,101,95872,9461,9486,88,9574,113
2021-05-24,Tehama,103,63373,5084,5043,578,5621,63
2021-05-24,Trinity,105,12862,483,328,94,422,3
2021-05-24,Tulare,107,460477,50228,49318,9051,58369,838
2021-05-24,Tuolumne,109,53932,4019,4083,39,4122,65
2021-05-24,Ventura,111,848112,81369,80876,2994,83870,1022
2021-05-24,Yolo,113,214977,14018,14012,316,14328,213
2021-05-24,Yuba,115,75493,6055,6022,124,6146,49
2021-05-23,Alameda,001,1643700,88127,88157,1961,90118,1263
2021-05-23,Alpine,003,1148,87,88,0,88,0
2021-05-23,Amador,005,37829,3674,3673,33,3706,46
2021-05-23,Butte,007,227075,12526,12271,1819,14090,189
2021-05-23,Calaveras,009,45235,2158,2144,13,2157,54
2021-05-23,Colusa,011,21464,1945,1949,310,2259,15
2021-05-23,Contra Costa,013,1133247,69566,69075,1277,70352,809
2021-05-23,Del Norte,015,27424,1414,1383,12,1395,8
2021-05-23,El Dorado,017,186661,10290,10222,734,10956,112
2021-05-23,Fresno,019,978130,102707,102270,8721,110991,1698
2021-05-23,Glenn,021,27897,2433,2413,561,2974,17
2021-05-23,Humboldt,023,135768,4240,4216,36,4252,42
2021-05-23,Imperial,025,180216,28618,28569,2756,31325,735
2021-05-23,Inyo,027,18085,1404,1402,12,1414,36
2021-05-23,Kern,029,883053,97281,96282,10918,107200,1319
2021-05-23,Kings,031,150075,23157,22939,1091,24030,246
2021-05-23,Lake,033,64148,3523,3504,9,3513,43
2021-05-23,Lassen,035,31185,5204,5163,113,5276,6
2021-05-23,Los Angeles,037,10098052,1205339,1197633,41626,1239259,24197
2021-05-23,Madera,039,155013,16617,16504,940,17444,239
2021-05-23,Marin,041,260295,14095,14048,257,14305,227
2021-05-23,Mariposa,043,17540,430,427,11,438,5
2021-05-23,Mendocino,045,87422,3992,3913,81,3994,47
2021-05-23,Merced,047,269075,31001,31118,1054,32172,455
2021-05-23,Modoc,049,8938,376,366,129,495,3
2021-05-23,Mono,051,14174,1262,1270,17,1287,3
2021-05-23,Monterey,053,433212,43175,43003,1875,44878,379
2021-05-23,Napa,055,140530,9903,9923,36,9959,82
2021-05-23,Nevada,057,99092,4813,4790,190,4980,70
2021-05-23,Orange,059,3164182,255334,254277,11389,265666,5050
2021-05-23,Placer,061,380077,23265,22888,1505,24393,292
2021-05-23,Plumas,063,18699,703,683,11,694,4
2021-05-23,Riverside,065,2383286,294093,288641,14042,302683,4442
2021-05-23,Sacramento,067,1510023,105969,105663,1753,107416,1632
2021-05-23,San Benito,069,59416,6060,6072,115,6187,63
2021-05-23,San Bernardino,071,2135413,293316,292327,9007,301334,4747
2021-05-23,San Diego,073,3302833,280584,279690,14934,294624,3751
2021-05-23,San Francisco,075,870044,36716,36927,1290,38217,547
2021-05-23,San Joaquin,077,732212,73098,72571,3557,76128,1371
2021-05-23,San Luis Obispo,079,281455,21388,21141,744,21885,256
2021-05-23,San Mateo,081,765935,42346,42248,475,42723,433
2021-05-23,Santa Barbara,083,443738,34435,34319,1138,35457,459
2021-05-23,Santa Clara,085,1922200,118577,119333,763,120096,2030
2021-05-23,Santa Cruz,087,273765,16227,16130,813,16943,207
2021-05-23,Shasta,089,179085,12280,12313,1569,13882,201
2021-05-23,Sierra,091,2930,56,54,12,66,0
2021-05-23,Siskiyou,093,43540,1921,1826,357,2183,17
2021-05-23,Solano,095,438530,32787,32780,555,33335,254
2021-05-23,Sonoma,097,501317,30029,30168,333,30501,321
2021-05-23,Stanislaus,099,539301,56281,56104,5953,62057,974
2021-05-23,Sutter,101,95872,9452,9479,88,9567,113
2021-05-23,Tehama,103,63373,5077,5041,576,5617,63
2021-05-23,Trinity,105,12862,483,328,94,422,3
2021-05-23,Tulare,107,460477,50214,49310,9047,58357,838
2021-05-23,Tuolumne,109,53932,4016,4081,39,4120,65
2021-05-23,Ventura,111,848112,81339,80872,2993,83865,1022
2021-05-23,Yolo,113,214977,14006,14004,313,14317,213
2021-05-23,Yuba,115,75493,6050,6017,124,6141,49
2021-05-22,Alameda,001,1643700,88100,88101,1961,90062,1263
2021-05-22,Alpine,003,1148,87,88,0,88,0
2021-05-22,Amador,005,37829,3673,3672,33,3705,46
2021-05-22,Butte,007,227075,12514,12265,1818,14083,189
2021-05-22,Calaveras,009,45235,2154,2141,13,2154,54
2021-05-22,Colusa,011,21464,1941,1949,309,2258,15
2021-05-22,Contra Costa,013,1133247,69533,69004,1276,70280,809
2021-05-22,Del Norte,015,27424,1413,1381,12,1393,8
2021-05-22,El Dorado,017,186661,10285,10215,734,10949,112
2021-05-22,Fresno,019,978130,102693,102238,8719,110957,1698
2021-05-22,Glenn,021,27897,2433,2412,561,2973,17
2021-05-22,Humboldt,023,135768,4231,4194,35,4229,42
2021-05-22,Imperial,025,180216,28609,28574,2756,31330,735
2021-05-22,Inyo,027,18085,1404,1402,12,1414,36
2021-05-22,Kern,029,883053,97269,96260,10911,107171,1319
2021-05-22,Kings,031,150075,23157,22936,1091,24027,246
2021-05-22,Lake,033,64148,3520,3502,9,3511,43
2021-05-22,Lassen,035,31185,5204,5163,113,5276,6
2021-05-22,Los Angeles,037,10098052,1205229,1197454,41617,1239071,24192
2021-05-22,Madera,039,155013,16614,16503,940,17443,239
2021-05-22,Marin,041,260295,14092,14043,257,14300,227
2021-05-22,Mariposa,043,17540,430,427,11,438,5
2021-05-22,Mendocino,045,87422,3986,3908,81,3989,47
2021-05-22,Merced,047,269075,30991,31099,1054,32153,455
2021-05-22,Modoc,049,8938,376,366,129,495,3
2021-05-22,Mono,051,14174,1260,1270,17,1287,3
2021-05-22,Monterey,053,433212,43169,42998,1875,44873,379
2021-05-22,Napa,055,140530,9901,9918,36,9954,82
2021-05-22,Nevada,057,99092,4806,4787,189,4976,70
2021-05-22,Orange,059,3164182,255313,254238,11383,265621,5048
2021-05-22,Placer,061,380077,23251,22865,1504,24369,292
2021-05-22,Plumas,063,18699,702,683,11,694,4
2021-05-22,Riverside,065,2383286,294061,288580,14041,302621,4442
2021-05-22,Sacramento,067,1510023,105894,105551,1750,107301,1632
2021-05-22,San Benito,069,59416,6060,6071,115,6186,63
2021-05-22,San Bernardino,071,2135413,293291,292292,9007,301299,4747
2021-05-22,San Diego,073,3302833,280525,279614,14926,294540,3751
2021-05-22,San Francisco,075,870044,36706,36906,1288,38194,547
2021-05-22,San Joaquin,077,732212,73076,72528,3554,76082,1371
2021-05-22,San Luis Obispo,079,281455,21380,21134,743,21877,256
2021-05-22,San Mateo,081,765935,42336,42218,475,42693,433
2021-05-22,Santa Barbara,083,443738,34431,34313,1137,35450,459
2021-05-22,Santa Clara,085,1922200,118553,119292,763,120055,2030
2021-05-22,Santa Cruz,087,273765,16227,16125,813,16938,207
2021-05-22,Shasta,089,179085,12273,12307,1566,13873,201
2021-05-22,Sierra,091,2930,56,54,12,66,0
2021-05-22,Siskiyou,093,43540,1920,1824,356,2180,17
2021-05-22,Solano,095,438530,32774,32753,555,33308,254
2021-05-22,Sonoma,097,501317,30017,30154,333,30487,321
2021-05-22,Stanislaus,099,539301,56258,56069,5951,62020,974
2021-05-22,Sutter,101,95872,9447,9476,88,9564,113
2021-05-22,Tehama,103,63373,5076,5036,576,5612,63
2021-05-22,Trinity,105,12862,483,328,94,422,3
2021-05-22,Tulare,107,460477,50208,49299,9042,58341,838
2021-05-22,Tuolumne,109,53932,4016,4078,39,4117,65
2021-05-22,Ventura,111,848112,81335,80859,2993,83852,1022
2021-05-22,Yolo,113,214977,14004,13997,313,14310,213
2021-05-22,Yuba,115,75493,6047,6010,124,6134,49
2021-05-21,Alameda,001,1643700,88074,88041,1960,90001,1263
2021-05-21,Alpine,003,1148,87,88,0,88,0
2021-05-21,Amador,005,37829,3670,3672,33,3705,46
2021-05-21,Butte,007,227075,12508,12236,1816,14052,188
2021-05-21,Calaveras,009,45235,2152,2138,13,2151,54
2021-05-21,Colusa,011,21464,1941,1947,309,2256,15
2021-05-21,Contra Costa,013,1133247,69490,68965,1275,70240,810
2021-05-21,Del Norte,015,27424,1412,1376,12,1388,8
2021-05-21,El Dorado,017,186661,10281,10204,734,10938,112
2021-05-21,Fresno,019,978130,102665,102189,8717,110906,1698
2021-05-21,Glenn,021,27897,2432,2408,561,2969,17
2021-05-21,Humboldt,023,135768,4224,4175,35,4210,42
2021-05-21,Imperial,025,180216,28602,28572,2755,31327,732
2021-05-21,Inyo,027,18085,1404,1402,12,1414,36
2021-05-21,Kern,029,883053,97255,96233,10904,107137,1318
2021-05-21,Kings,031,150075,23157,22927,1091,24018,246
2021-05-21,Lake,033,64148,3518,3500,9,3509,43
2021-05-21,Lassen,035,31185,5203,5161,113,5274,6
2021-05-21,Los Angeles,037,10098052,1205117,1197263,41608,1238871,24180
2021-05-21,Madera,039,155013,16613,16500,939,17439,238
2021-05-21,Marin,041,260295,14087,14042,257,14299,227
2021-05-21,Mariposa,043,17540,429,427,11,438,5
2021-05-21,Mendocino,045,87422,3980,3897,81,3978,47
2021-05-21,Merced,047,269075,30983,31076,1054,32130,455
2021-05-21,Modoc,049,8938,376,365,129,494,3
2021-05-21,Mono,051,14174,1260,1269,17,1286,3
2021-05-21,Monterey,053,433212,43167,42995,1875,44870,379
2021-05-21,Napa,055,140530,9897,9913,36,9949,82
2021-05-21,Nevada,057,99092,4805,4779,189,4968,70
2021-05-21,Orange,059,3164182,255294,254171,11381,265552,5042
2021-05-21,Placer,061,380077,23242,22853,1504,24357,292
2021-05-21,Plumas,063,18699,702,683,10,693,4
2021-05-21,Riverside,065,2383286,294034,288499,14034,302533,4442
2021-05-21,Sacramento,067,1510023,105827,105476,1747,107223,1632
2021-05-21,San Benito,069,59416,6060,6068,115,6183,63
2021-05-21,San Bernardino,071,2135413,293259,292205,9004,301209,4744
2021-05-21,San Diego,073,3302833,280452,279554,14916,294470,3748
2021-05-21,San Francisco,075,870044,36701,36879,1288,38167,546
2021-05-21,San Joaquin,077,732212,73056,72467,3552,76019,1371
2021-05-21,San Luis Obispo,079,281455,21374,21128,740,21868,256
2021-05-21,San Mateo,081,765935,42323,42163,474,42637,432
2021-05-21,Santa Barbara,083,443738,34426,34302,1137,35439,459
2021-05-21,Santa Clara,085,1922200,118526,119247,763,120010,2029
2021-05-21,Santa Cruz,087,273765,16223,16120,813,16933,207
2021-05-21,Shasta,089,179085,12256,12289,1564,13853,201
2021-05-21,Sierra,091,2930,56,54,12,66,0
2021-05-21,Siskiyou,093,43540,1919,1815,356,2171,16
2021-05-21,Solano,095,438530,32759,32742,555,33297,254
2021-05-21,Sonoma,097,501317,30004,30126,333,30459,321
2021-05-21,Stanislaus,099,539301,56229,56036,5949,61985,975
2021-05-21,Sutter,101,95872,9445,9470,88,9558,113
2021-05-21,Tehama,103,63373,5070,5030,576,5606,63
2021-05-21,Trinity,105,12862,483,329,93,422,3
2021-05-21,Tulare,107,460477,50203,49271,9040,58311,838
2021-05-21,Tuolumne,109,53932,4014,4079,39,4118,65
2021-05-21,Ventura,111,848112,81327,80821,2990,83811,1021
2021-05-21,Yolo,113,214977,13998,13983,313,14296,213
2021-05-21,Yuba,115,75493,6041,6006,124,6130,49
2021-05-20,Alameda,001,1643700,88030,87975,1959,89934,1264
2021-05-20,Alpine,003,1148,87,88,0,88,0
2021-05-20,Amador,005,37829,3669,3671,33,3704,46
2021-05-20,Butte,007,227075,12501,12220,1813,14033,188
2021-05-20,Calaveras,009,45235,2148,2138,13,2151,54
2021-05-20,Colusa,011,21464,1940,1946,307,2253,15
2021-05-20,Contra Costa,013,1133247,69445,68913,1273,70186,809
2021-05-20,Del Norte,015,27424,1412,1373,12,1385,8
2021-05-20,El Dorado,017,186661,10271,10188,734,10922,112
2021-05-20,Fresno,019,978130,102643,102135,8715,110850,1696
2021-05-20,Glenn,021,27897,2429,2406,561,2967,17
2021-05-20,Humboldt,023,135768,4207,4162,34,4196,42
2021-05-20,Imperial,025,180216,28597,28551,2755,31306,732
2021-05-20,Inyo,027,18085,1404,1402,12,1414,36
2021-05-20,Kern,029,883053,97234,96204,10897,107101,1317
2021-05-20,Kings,031,150075,23155,22922,1091,24013,246
2021-05-20,Lake,033,64148,3515,3500,9,3509,43
2021-05-20,Lassen,035,31185,5201,5160,112,5272,6
2021-05-20,Los Angeles,037,10098052,1204961,1197073,41599,1238672,24168
2021-05-20,Madera,039,155013,16607,16499,937,17436,238
2021-05-20,Marin,041,260295,14083,14036,256,14292,227
2021-05-20,Mariposa,043,17540,429,426,11,437,5
2021-05-20,Mendocino,045,87422,3973,3897,81,3978,47
2021-05-20,Merced,047,269075,30970,31046,1053,32099,454
2021-05-20,Modoc,049,8938,376,365,129,494,3
2021-05-20,Mono,051,14174,1259,1269,17,1286,3
2021-05-20,Monterey,053,433212,43161,42984,1874,44858,379
2021-05-20,Napa,055,140530,9894,9913,36,9949,82
2021-05-20,Nevada,057,99092,4804,4775,189,4964,70
2021-05-20,Orange,059,3164182,255251,254127,11378,265505,5038
2021-05-20,Placer,061,380077,23229,22823,1503,24326,292
2021-05-20,Plumas,063,18699,700,682,10,692,4
2021-05-20,Riverside,065,2383286,293986,288453,14029,302482,4442
2021-05-20,Sacramento,067,1510023,105731,105414,1744,107158,1629
2021-05-20,San Benito,069,59416,6059,6067,115,6182,63
2021-05-20,San Bernardino,071,2135413,293213,292153,9003,301156,4728
2021-05-20,San Diego,073,3302833,280364,279490,14904,294394,3749
2021-05-20,San Francisco,075,870044,36692,36860,1288,38148,546
2021-05-20,San Joaquin,077,732212,73018,72388,3550,75938,1371
2021-05-20,San Luis Obispo,079,281455,21362,21095,738,21833,256
2021-05-20,San Mateo,081,765935,42309,42152,472,42624,432
2021-05-20,Santa Barbara,083,443738,34422,34293,1137,35430,459
2021-05-20,Santa Clara,085,1922200,118505,119222,763,119985,2029
2021-05-20,Santa Cruz,087,273765,16218,16119,813,16932,207
2021-05-20,Shasta,089,179085,12243,12266,1561,13827,200
2021-05-20,Sierra,091,2930,56,54,12,66,0
2021-05-20,Siskiyou,093,43540,1912,1811,355,2166,16
2021-05-20,Solano,095,438530,32744,32725,555,33280,253
2021-05-20,Sonoma,097,501317,29987,30107,332,30439,321
2021-05-20,Stanislaus,099,539301,56204,55979,5947,61926,970
2021-05-20,Sutter,101,95872,9441,9467,88,9555,113
2021-05-20,Tehama,103,63373,5068,5029,576,5605,63
2021-05-20,Trinity,105,12862,483,329,92,421,3
2021-05-20,Tulare,107,460477,50192,49217,9037,58254,837
2021-05-20,Tuolumne,109,53932,4013,4077,39,4116,65
2021-05-20,Ventura,111,848112,81316,80800,2990,83790,1019
2021-05-20,Yolo,113,214977,13993,13973,313,14286,211
2021-05-20,Yuba,115,75493,6032,6002,124,6126,49
2021-05-19,Alameda,001,1643700,87990,87889,1957,89846,1260
2021-05-19,Alpine,003,1148,87,88,0,88,0
2021-05-19,Amador,005,37829,3669,3669,33,3702,46
2021-05-19,Butte,007,227075,12491,12198,1813,14011,188
2021-05-19,Calaveras,009,45235,2144,2132,13,2145,54
2021-05-19,Colusa,011,21464,1940,1945,305,2250,15
2021-05-19,Contra Costa,013,1133247,69398,68836,1273,70109,808
2021-05-19,Del Norte,015,27424,1410,1371,12,1383,8
2021-05-19,El Dorado,017,186661,10266,10179,733,10912,112
2021-05-19,Fresno,019,978130,102613,102085,8712,110797,1693
2021-05-19,Glenn,021,27897,2429,2404,561,2965,17
2021-05-19,Humboldt,023,135768,4197,4143,34,4177,42
2021-05-19,Imperial,025,180216,28588,28550,2755,31305,732
2021-05-19,Inyo,027,18085,1404,1402,12,1414,36
2021-05-19,Kern,029,883053,97205,96173,10889,107062,1316
2021-05-19,Kings,031,150075,23149,22919,1091,24010,246
2021-05-19,Lake,033,64148,3515,3497,9,3506,43
2021-05-19,Lassen,035,31185,5200,5157,112,5269,6
2021-05-19,Los Angeles,037,10098052,1204766,1196856,41584,1238440,24143
2021-05-19,Madera,039,155013,16604,16496,937,17433,238
2021-05-19,Marin,041,260295,14079,14033,254,14287,227
2021-05-19,Mariposa,043,17540,429,425,11,436,5
2021-05-19,Mendocino,045,87422,3969,3886,81,3967,47
2021-05-19,Merced,047,269075,30954,31044,1053,32097,452
2021-05-19,Modoc,049,8938,376,364,126,490,3
2021-05-19,Mono,051,14174,1259,1266,17,1283,3
2021-05-19,Monterey,053,433212,43156,42973,1873,44846,379
2021-05-19,Napa,055,140530,9891,9906,36,9942,82
2021-05-19,Nevada,057,99092,4802,4769,189,4958,70
2021-05-19,Orange,059,3164182,255214,254087,11368,265455,5035
2021-05-19,Placer,061,380077,23210,22784,1498,24282,291
2021-05-19,Plumas,063,18699,700,682,10,692,4
2021-05-19,Riverside,065,2383286,293939,288398,14027,302425,4442
2021-05-19,Sacramento,067,1510023,105654,105225,1743,106968,1629
2021-05-19,San Benito,069,59416,6058,6064,115,6179,63
2021-05-19,San Bernardino,071,2135413,293169,292078,9000,301078,4725
2021-05-19,San Diego,073,3302833,280279,279345,14883,294228,3746
2021-05-19,San Francisco,075,870044,36679,36835,1287,38122,546
2021-05-19,San Joaquin,077,732212,72975,72338,3545,75883,1369
2021-05-19,San Luis Obispo,079,281455,21354,21085,737,21822,256
2021-05-19,San Mateo,081,765935,42302,42126,472,42598,429
2021-05-19,Santa Barbara,083,443738,34414,34292,1137,35429,459
2021-05-19,Santa Clara,085,1922200,118465,119176,762,119938,2015
2021-05-19,Santa Cruz,087,273765,16214,16121,812,16933,207
2021-05-19,Shasta,089,179085,12225,12233,1558,13791,200
2021-05-19,Sierra,091,2930,56,54,12,66,0
2021-05-19,Siskiyou,093,43540,1909,1803,354,2157,16
2021-05-19,Solano,095,438530,32717,32678,553,33231,253
2021-05-19,Sonoma,097,501317,29972,30080,332,30412,321
2021-05-19,Stanislaus,099,539301,56186,55912,5942,61854,967
2021-05-19,Sutter,101,95872,9434,9459,87,9546,113
2021-05-19,Tehama,103,63373,5059,5026,570,5596,63
2021-05-19,Trinity,105,12862,483,329,92,421,3
2021-05-19,Tulare,107,460477,50179,49163,9032,58195,837
2021-05-19,Tuolumne,109,53932,4013,4074,39,4113,64
2021-05-19,Ventura,111,848112,81301,80747,2989,83736,1019
2021-05-19,Yolo,113,214977,13986,13961,312,14273,211
2021-05-19,Yuba,115,75493,6028,5993,124,6117,49
2021-05-18,Alameda,001,1643700,87916,87816,1957,89773,1254
2021-05-18,Alpine,003,1148,87,88,0,88,0
2021-05-18,Amador,005,37829,3669,3669,33,3702,46
2021-05-18,Butte,007,227075,12478,12164,1810,13974,191
2021-05-18,Calaveras,009,45235,2140,2131,13,2144,54
2021-05-18,Colusa,011,21464,1940,1943,305,2248,14
2021-05-18,Contra Costa,013,1133247,69341,68750,1272,70022,808
2021-05-18,Del Norte,015,27424,1407,1371,12,1383,8
2021-05-18,El Dorado,017,186661,10255,10169,732,10901,112
2021-05-18,Fresno,019,978130,102577,102056,8709,110765,1690
2021-05-18,Glenn,021,27897,2423,2403,560,2963,17
2021-05-18,Humboldt,023,135768,4179,4132,34,4166,42
2021-05-18,Imperial,025,180216,28582,28538,2753,31291,730
2021-05-18,Inyo,027,18085,1404,1401,12,1413,36
2021-05-18,Kern,029,883053,97171,96128,10875,107003,1315
2021-05-18,Kings,031,150075,23143,22916,1091,24007,247
2021-05-18,Lake,033,64148,3513,3495,9,3504,43
2021-05-18,Lassen,035,31185,5199,5157,111,5268,6
2021-05-18,Los Angeles,037,10098052,1204587,1196668,41573,1238241,24133
2021-05-18,Madera,039,155013,16594,16491,936,17427,238
2021-05-18,Marin,041,260295,14076,14026,254,14280,227
2021-05-18,Mariposa,043,17540,429,424,11,435,5
2021-05-18,Mendocino,045,87422,3958,3877,80,3957,47
2021-05-18,Merced,047,269075,30935,31036,1053,32089,452
2021-05-18,Modoc,049,8938,375,364,125,489,3
2021-05-18,Mono,051,14174,1258,1265,17,1282,3
2021-05-18,Monterey,053,433212,43150,43001,1873,44874,379
2021-05-18,Napa,055,140530,9891,9905,36,9941,82
2021-05-18,Nevada,057,99092,4795,4762,189,4951,70
2021-05-18,Orange,059,3164182,255173,254041,11358,265399,5031
2021-05-18,Placer,061,380077,23177,22726,1494,24220,291
2021-05-18,Plumas,063,18699,700,682,10,692,4
2021-05-18,Riverside,065,2383286,293884,288354,14020,302374,4438
2021-05-18,Sacramento,067,1510023,105552,105083,1741,106824,1629
2021-05-18,San Benito,069,59416,6057,6065,115,6180,63
2021-05-18,San Bernardino,071,2135413,293111,292014,8995,301009,4722
2021-05-18,San Diego,073,3302833,280171,279254,14874,294128,3742
2021-05-18,San Francisco,075,870044,36659,36818,1287,38105,546
2021-05-18,San Joaquin,077,732212,72928,72282,3541,75823,1368
2021-05-18,San Luis Obispo,079,281455,21344,21080,735,21815,256
2021-05-18,San Mateo,081,765935,42290,42099,471,42570,428
2021-05-18,Santa Barbara,083,443738,34405,34278,1137,35415,459
2021-05-18,Santa Clara,085,1922200,118438,119171,762,119933,2014
2021-05-18,Santa Cruz,087,273765,16206,16137,812,16949,207
2021-05-18,Shasta,089,179085,12207,12197,1552,13749,200
2021-05-18,Sierra,091,2930,56,54,12,66,0
2021-05-18,Siskiyou,093,43540,1908,1799,354,2153,16
2021-05-18,Solano,095,438530,32692,32644,553,33197,253
2021-05-18,Sonoma,097,501317,29952,30054,331,30385,321
2021-05-18,Stanislaus,099,539301,56151,55860,5942,61802,959
2021-05-18,Sutter,101,95872,9426,9453,87,9540,113
2021-05-18,Tehama,103,63373,5053,5020,567,5587,63
2021-05-18,Trinity,105,12862,483,329,91,420,3
2021-05-18,Tulare,107,460477,50171,49142,9027,58169,836
2021-05-18,Tuolumne,109,53932,4011,4073,39,4112,64
2021-05-18,Ventura,111,848112,81285,80726,2986,83712,1017
2021-05-18,Yolo,113,214977,13979,13951,311,14262,211
2021-05-18,Yuba,115,75493,6024,5989,123,6112,49
2021-05-17,Alameda,001,1643700,87863,87766,1954,89720,1253
2021-05-17,Alpine,003,1148,87,88,0,88,0
2021-05-17,Amador,005,37829,3666,3668,33,3701,46
2021-05-17,Butte,007,227075,12470,12144,1810,13954,192
2021-05-17,Calaveras,009,45235,2140,2131,13,2144,53
2021-05-17,Colusa,011,21464,1940,1943,305,2248,14
2021-05-17,Contra Costa,013,1133247,69286,68720,1271,69991,805
2021-05-17,Del Norte,015,27424,1402,1369,12,1381,8
2021-05-17,El Dorado,017,186661,10238,10163,732,10895,112
2021-05-17,Fresno,019,978130,102533,102013,8701,110714,1690
2021-05-17,Glenn,021,27897,2423,2401,560,2961,17
2021-05-17,Humboldt,023,135768,4168,4112,34,4146,42
2021-05-17,Imperial,025,180216,28576,28533,2751,31284,729
2021-05-17,Inyo,027,18085,1404,1401,12,1413,36
2021-05-17,Kern,029,883053,97142,96095,10858,106953,1315
2021-05-17,Kings,031,150075,23140,22918,1091,24009,246
2021-05-17,Lake,033,64148,3508,3489,9,3498,43
2021-05-17,Lassen,035,31185,5196,5156,110,5266,6
2021-05-17,Los Angeles,037,10098052,1204409,1196556,41567,1238123,24123
2021-05-17,Madera,039,155013,16587,16486,936,17422,238
2021-05-17,Marin,041,260295,14070,14021,254,14275,227
2021-05-17,Mariposa,043,17540,428,423,11,434,5
2021-05-17,Mendocino,045,87422,3949,3868,80,3948,46
2021-05-17,Merced,047,269075,30920,31031,1053,32084,450
2021-05-17,Modoc,049,8938,374,362,125,487,3
2021-05-17,Mono,051,14174,1254,1265,17,1282,3
2021-05-17,Monterey,053,433212,43143,42995,1873,44868,379
2021-05-17,Napa,055,140530,9890,9894,36,9930,82
2021-05-17,Nevada,057,99092,4791,4761,188,4949,70
2021-05-17,Orange,059,3164182,255126,253993,11351,265344,5031
2021-05-17,Placer,061,380077,23151,22706,1487,24193,289
2021-05-17,Plumas,063,18699,700,682,10,692,4
2021-05-17,Riverside,065,2383286,293815,288304,14016,302320,4433
2021-05-17,Sacramento,067,1510023,105444,105035,1739,106774,1629
2021-05-17,San Benito,069,59416,6054,6067,115,6182,63
2021-05-17,San Bernardino,071,2135413,293062,291989,8987,300976,4724
2021-05-17,San Diego,073,3302833,280039,279146,14852,293998,3742
2021-05-17,San Francisco,075,870044,36647,36816,1285,38101,546
2021-05-17,San Joaquin,077,732212,72890,72234,3538,75772,1359
2021-05-17,San Luis Obispo,079,281455,21335,21079,733,21812,256
2021-05-17,San Mateo,081,765935,42262,42083,471,42554,428
2021-05-17,Santa Barbara,083,443738,34398,34275,1137,35412,459
2021-05-17,Santa Clara,085,1922200,118401,119116,760,119876,2015
2021-05-17,Santa Cruz,087,273765,16203,16151,812,16963,206
2021-05-17,Shasta,089,179085,12185,12163,1551,13714,200
2021-05-17,Sierra,091,2930,56,54,12,66,0
2021-05-17,Siskiyou,093,43540,1899,1795,351,2146,15
2021-05-17,Solano,095,438530,32674,32627,552,33179,253
2021-05-17,Sonoma,097,501317,29929,30043,330,30373,321
2021-05-17,Stanislaus,099,539301,56105,55839,5935,61774,951
2021-05-17,Sutter,101,95872,9419,9447,87,9534,113
2021-05-17,Tehama,103,63373,5049,5016,566,5582,63
2021-05-17,Trinity,105,12862,483,328,91,419,3
2021-05-17,Tulare,107,460477,50149,49107,9022,58129,836
2021-05-17,Tuolumne,109,53932,4011,4071,39,4110,64
2021-05-17,Ventura,111,848112,81265,80699,2986,83685,1017
2021-05-17,Yolo,113,214977,13972,13941,311,14252,211
2021-05-17,Yuba,115,75493,6016,5987,123,6110,49
2021-05-16,Alameda,001,1643700,87799,87743,1954,89697,1253
2021-05-16,Alpine,003,1148,87,88,0,88,0
2021-05-16,Amador,005,37829,3665,3667,33,3700,46
2021-05-16,Butte,007,227075,12456,12140,1809,13949,192
2021-05-16,Calaveras,009,45235,2138,2129,13,2142,53
2021-05-16,Colusa,011,21464,1938,1943,305,2248,14
2021-05-16,Contra Costa,013,1133247,69218,68694,1268,69962,805
2021-05-16,Del Norte,015,27424,1399,1365,12,1377,8
2021-05-16,El Dorado,017,186661,10222,10159,731,10890,112
2021-05-16,Fresno,019,978130,102489,101987,8695,110682,1690
2021-05-16,Glenn,021,27897,2423,2401,559,2960,17
2021-05-16,Humboldt,023,135768,4153,4104,34,4138,42
2021-05-16,Imperial,025,180216,28565,28516,2750,31266,729
2021-05-16,Inyo,027,18085,1404,1401,12,1413,36
2021-05-16,Kern,029,883053,97109,96083,10838,106921,1315
2021-05-16,Kings,031,150075,23136,22918,1088,24006,246
2021-05-16,Lake,033,64148,3505,3489,9,3498,43
2021-05-16,Lassen,035,31185,5195,5156,110,5266,6
2021-05-16,Los Angeles,037,10098052,1204186,1196397,41551,1237948,24120
2021-05-16,Madera,039,155013,16582,16483,933,17416,238
2021-05-16,Marin,041,260295,14067,14015,254,14269,227
2021-05-16,Mariposa,043,17540,428,423,11,434,5
2021-05-16,Mendocino,045,87422,3939,3863,80,3943,46
2021-05-16,Merced,047,269075,30899,31023,1051,32074,450
2021-05-16,Modoc,049,8938,374,362,125,487,3
2021-05-16,Mono,051,14174,1254,1265,17,1282,3
2021-05-16,Monterey,053,433212,43138,42991,1873,44864,379
2021-05-16,Napa,055,140530,9887,9891,36,9927,82
2021-05-16,Nevada,057,99092,4787,4755,188,4943,70
2021-05-16,Orange,059,3164182,255094,253962,11348,265310,5031
2021-05-16,Placer,061,380077,23119,22696,1481,24177,289
2021-05-16,Plumas,063,18699,699,682,10,692,4
2021-05-16,Riverside,065,2383286,293739,288259,14008,302267,4433
2021-05-16,Sacramento,067,1510023,105330,105013,1737,106750,1628
2021-05-16,San Benito,069,59416,6053,6067,114,6181,63
2021-05-16,San Bernardino,071,2135413,292990,291940,8985,300925,4724
2021-05-16,San Diego,073,3302833,279921,279099,14839,293938,3742
2021-05-16,San Francisco,075,870044,36624,36808,1284,38092,546
2021-05-16,San Joaquin,077,732212,72841,72218,3533,75751,1359
2021-05-16,San Luis Obispo,079,281455,21327,21072,731,21803,256
2021-05-16,San Mateo,081,765935,42251,42063,470,42533,428
2021-05-16,Santa Barbara,083,443738,34391,34270,1137,35407,459
2021-05-16,Santa Clara,085,1922200,118372,119098,759,119857,2015
2021-05-16,Santa Cruz,087,273765,16201,16143,812,16955,206
2021-05-16,Shasta,089,179085,12169,12156,1547,13703,200
2021-05-16,Sierra,091,2930,56,54,12,66,0
2021-05-16,Siskiyou,093,43540,1895,1790,350,2140,15
2021-05-16,Solano,095,438530,32641,32619,550,33169,253
2021-05-16,Sonoma,097,501317,29910,30033,330,30363,321
2021-05-16,Stanislaus,099,539301,56056,55814,5922,61736,951
2021-05-16,Sutter,101,95872,9412,9445,87,9532,113
2021-05-16,Tehama,103,63373,5045,5013,565,5578,63
2021-05-16,Trinity,105,12862,483,328,91,419,3
2021-05-16,Tulare,107,460477,50132,49091,9019,58110,837
2021-05-16,Tuolumne,109,53932,4007,4070,39,4109,64
2021-05-16,Ventura,111,848112,81234,80689,2986,83675,1017
2021-05-16,Yolo,113,214977,13957,13938,311,14249,211
2021-05-16,Yuba,115,75493,6013,5987,123,6110,49
2021-05-15,Alameda,001,1643700,87773,87677,1953,89630,1252
2021-05-15,Alpine,003,1148,87,88,0,88,0
2021-05-15,Amador,005,37829,3665,3666,33,3699,46
2021-05-15,Butte,007,227075,12449,12095,1808,13903,192
2021-05-15,Calaveras,009,45235,2137,2126,13,2139,53
2021-05-15,Colusa,011,21464,1938,1941,303,2244,14
2021-05-15,Contra Costa,013,1133247,69172,68658,1268,69926,805
2021-05-15,Del Norte,015,27424,1394,1359,12,1371,8
2021-05-15,El Dorado,017,186661,10210,10156,730,10886,112
2021-05-15,Fresno,019,978130,102452,101957,8692,110649,1690
2021-05-15,Glenn,021,27897,2423,2400,559,2959,17
2021-05-15,Humboldt,023,135768,4143,4080,34,4114,42
2021-05-15,Imperial,025,180216,28562,28504,2749,31253,729
2021-05-15,Inyo,027,18085,1404,1402,12,1414,36
2021-05-15,Kern,029,883053,97095,96061,10823,106884,1315
2021-05-15,Kings,031,150075,23135,22913,1088,24001,246
2021-05-15,Lake,033,64148,3504,3485,9,3494,43
2021-05-15,Lassen,035,31185,5192,5156,109,5265,6
2021-05-15,Los Angeles,037,10098052,1204062,1196255,41538,1237793,24115
2021-05-15,Madera,039,155013,16579,16482,933,17415,238
2021-05-15,Marin,041,260295,14063,14012,254,14266,227
2021-05-15,Mariposa,043,17540,428,423,11,434,5
2021-05-15,Mendocino,045,87422,3936,3861,80,3941,46
2021-05-15,Merced,047,269075,30878,31012,1051,32063,450
2021-05-15,Modoc,049,8938,374,362,125,487,3
2021-05-15,Mono,051,14174,1254,1265,17,1282,3
2021-05-15,Monterey,053,433212,43134,42982,1873,44855,379
2021-05-15,Napa,055,140530,9884,9887,36,9923,82
2021-05-15,Nevada,057,99092,4786,4755,188,4943,70
2021-05-15,Orange,059,3164182,255067,253919,11341,265260,5030
2021-05-15,Placer,061,380077,23098,22688,1481,24169,289
2021-05-15,Plumas,063,18699,699,681,10,691,4
2021-05-15,Riverside,065,2383286,293697,288203,14003,302206,4433
2021-05-15,Sacramento,067,1510023,105258,104929,1734,106663,1628
2021-05-15,San Benito,069,59416,6053,6066,114,6180,63
2021-05-15,San Bernardino,071,2135413,292948,291892,8983,300875,4724
2021-05-15,San Diego,073,3302833,279850,278991,14824,293815,3737
2021-05-15,San Francisco,075,870044,36608,36795,1282,38077,546
2021-05-15,San Joaquin,077,732212,72815,72197,3531,75728,1359
2021-05-15,San Luis Obispo,079,281455,21324,21061,730,21791,256
2021-05-15,San Mateo,081,765935,42235,42059,470,42529,428
2021-05-15,Santa Barbara,083,443738,34383,34259,1137,35396,459
2021-05-15,Santa Clara,085,1922200,118351,119060,759,119819,2016
2021-05-15,Santa Cruz,087,273765,16197,16137,812,16949,206
2021-05-15,Shasta,089,179085,12157,12152,1544,13696,200
2021-05-15,Sierra,091,2930,56,54,12,66,0
2021-05-15,Siskiyou,093,43540,1889,1788,348,2136,15
2021-05-15,Solano,095,438530,32632,32604,549,33153,253
2021-05-15,Sonoma,097,501317,29891,30020,330,30350,321
2021-05-15,Stanislaus,099,539301,56027,55795,5915,61710,952
2021-05-15,Sutter,101,95872,9410,9436,87,9523,113
2021-05-15,Tehama,103,63373,5041,5012,564,5576,63
2021-05-15,Trinity,105,12862,483,328,91,419,3
2021-05-15,Tulare,107,460477,50122,49080,9015,58095,837
2021-05-15,Tuolumne,109,53932,4005,4064,39,4103,63
2021-05-15,Ventura,111,848112,81223,80662,2986,83648,1017
2021-05-15,Yolo,113,214977,13950,13932,310,14242,211
2021-05-15,Yuba,115,75493,6010,5979,122,6101,49
2021-05-14,Alameda,001,1643700,87739,87621,1950,89571,1249
2021-05-14,Alpine,003,1148,87,88,0,88,0
2021-05-14,Amador,005,37829,3665,3665,33,3698,46
2021-05-14,Butte,007,227075,12440,12076,1805,13881,192
2021-05-14,Calaveras,009,45235,2133,2121,13,2134,53
2021-05-14,Colusa,011,21464,1937,1940,302,2242,14
2021-05-14,Contra Costa,013,1133247,69130,68589,1266,69855,806
2021-05-14,Del Norte,015,27424,1394,1355,12,1367,8
2021-05-14,El Dorado,017,186661,10203,10143,729,10872,113
2021-05-14,Fresno,019,978130,102423,101917,8686,110603,1688
2021-05-14,Glenn,021,27897,2422,2398,559,2957,17
2021-05-14,Humboldt,023,135768,4136,4050,34,4084,37
2021-05-14,Imperial,025,180216,28555,28485,2748,31233,728
2021-05-14,Inyo,027,18085,1404,1400,12,1412,36
2021-05-14,Kern,029,883053,97065,96033,10814,106847,1311
2021-05-14,Kings,031,150075,23134,22910,1088,23998,246
2021-05-14,Lake,033,64148,3500,3483,9,3492,43
2021-05-14,Lassen,035,31185,5192,5154,109,5263,6
2021-05-14,Los Angeles,037,10098052,1203928,1196038,41533,1237571,24101
2021-05-14,Madera,039,155013,16576,16474,933,17407,238
2021-05-14,Marin,041,260295,14059,14010,254,14264,227
2021-05-14,Mariposa,043,17540,428,422,11,433,5
2021-05-14,Mendocino,045,87422,3934,3855,80,3935,46
2021-05-14,Merced,047,269075,30868,31010,1051,32061,450
2021-05-14,Modoc,049,8938,374,362,125,487,3
2021-05-14,Mono,051,14174,1253,1265,17,1282,3
2021-05-14,Monterey,053,433212,43129,42973,1873,44846,380
2021-05-14,Napa,055,140530,9881,9883,36,9919,82
2021-05-14,Nevada,057,99092,4781,4745,188,4933,70
2021-05-14,Orange,059,3164182,255033,253855,11334,265189,5028
2021-05-14,Placer,061,380077,23079,22660,1475,24135,287
2021-05-14,Plumas,063,18699,698,680,10,690,4
2021-05-14,Riverside,065,2383286,293647,288140,14000,302140,4433
2021-05-14,Sacramento,067,1510023,105169,104828,1733,106561,1627
2021-05-14,San Benito,069,59416,6053,6064,114,6178,63
2021-05-14,San Bernardino,071,2135413,292900,291834,8983,300817,4721
2021-05-14,San Diego,073,3302833,279777,278853,14813,293666,3732
2021-05-14,San Francisco,075,870044,36599,36771,1278,38049,545
2021-05-14,San Joaquin,077,732212,72783,72160,3524,75684,1359
2021-05-14,San Luis Obispo,079,281455,21320,21051,730,21781,256
2021-05-14,San Mateo,081,765935,42225,42041,470,42511,428
2021-05-14,Santa Barbara,083,443738,34373,34243,1137,35380,456
2021-05-14,Santa Clara,085,1922200,118322,119006,759,119765,2014
2021-05-14,Santa Cruz,087,273765,16192,16130,812,16942,207
2021-05-14,Shasta,089,179085,12151,12130,1539,13669,200
2021-05-14,Sierra,091,2930,56,54,12,66,0
2021-05-14,Siskiyou,093,43540,1882,1779,347,2126,14
2021-05-14,Solano,095,438530,32612,32585,548,33133,252
2021-05-14,Sonoma,097,501317,29872,30007,330,30337,321
2021-05-14,Stanislaus,099,539301,55994,55752,5909,61661,950
2021-05-14,Sutter,101,95872,9401,9433,85,9518,113
2021-05-14,Tehama,103,63373,5034,5005,564,5569,63
2021-05-14,Trinity,105,12862,483,328,91,419,3
2021-05-14,Tulare,107,460477,50105,49060,9010,58070,836
2021-05-14,Tuolumne,109,53932,4005,4060,39,4099,63
2021-05-14,Ventura,111,848112,81209,80628,2986,83614,1014
2021-05-14,Yolo,113,214977,13945,13922,306,14228,210
2021-05-14,Yuba,115,75493,6006,5970,122,6092,47
2021-05-13,Alameda,001,1643700,87696,87557,1949,89506,1250
2021-05-13,Alpine,003,1148,87,88,0,88,0
2021-05-13,Amador,005,37829,3665,3662,33,3695,46
2021-05-13,Butte,007,227075,12425,12051,1804,13855,196
2021-05-13,Calaveras,009,45235,2133,2120,13,2133,53
2021-05-13,Colusa,011,21464,1936,1939,298,2237,14
2021-05-13,Contra Costa,013,1133247,69082,68522,1265,69787,806
2021-05-13,Del Norte,015,27424,1392,1354,12,1366,8
2021-05-13,El Dorado,017,186661,10200,10133,729,10862,112
2021-05-13,Fresno,019,978130,102394,101862,8685,110547,1687
2021-05-13,Glenn,021,27897,2421,2395,559,2954,17
2021-05-13,Humboldt,023,135768,4118,4027,34,4061,37
2021-05-13,Imperial,025,180216,28540,28468,2746,31214,729
2021-05-13,Inyo,027,18085,1404,1400,12,1412,36
2021-05-13,Kern,029,883053,97041,95996,10796,106792,1311
2021-05-13,Kings,031,150075,23133,22904,1088,23992,246
2021-05-13,Lake,033,64148,3499,3479,9,3488,43
2021-05-13,Lassen,035,31185,5192,5152,108,5260,6
2021-05-13,Los Angeles,037,10098052,1203740,1195504,41518,1237022,24083
2021-05-13,Madera,039,155013,16568,16467,933,17400,238
2021-05-13,Marin,041,260295,14054,14004,252,14256,227
2021-05-13,Mariposa,043,17540,428,422,11,433,5
2021-05-13,Mendocino,045,87422,3930,3846,80,3926,46
2021-05-13,Merced,047,269075,30861,30989,1050,32039,450
2021-05-13,Modoc,049,8938,374,362,125,487,3
2021-05-13,Mono,051,14174,1253,1265,17,1282,3
2021-05-13,Monterey,053,433212,43114,42966,1873,44839,380
2021-05-13,Napa,055,140530,9874,9877,36,9913,82
2021-05-13,Nevada,057,99092,4777,4743,187,4930,70
2021-05-13,Orange,059,3164182,254988,253778,11332,265110,5026
2021-05-13,Placer,061,380077,23055,22668,1468,24136,288
2021-05-13,Plumas,063,18699,698,680,10,690,4
2021-05-13,Riverside,065,2383286,293581,288067,13995,302062,4433
2021-05-13,Sacramento,067,1510023,105083,104711,1731,106442,1626
2021-05-13,San Benito,069,59416,6051,6062,114,6176,63
2021-05-13,San Bernardino,071,2135413,292834,291765,8983,300748,4722
2021-05-13,San Diego,073,3302833,279663,278592,14796,293388,3729
2021-05-13,San Francisco,075,870044,36575,36741,1276,38017,544
2021-05-13,San Joaquin,077,732212,72741,72096,3520,75616,1357
2021-05-13,San Luis Obispo,079,281455,21305,21043,729,21772,255
2021-05-13,San Mateo,081,765935,42208,42059,470,42529,426
2021-05-13,Santa Barbara,083,443738,34361,34242,1137,35379,456
2021-05-13,Santa Clara,085,1922200,118295,118952,759,119711,2013
2021-05-13,Santa Cruz,087,273765,16186,16129,812,16941,208
2021-05-13,Shasta,089,179085,12131,12111,1535,13646,200
2021-05-13,Sierra,091,2930,56,54,12,66,0
2021-05-13,Siskiyou,093,43540,1875,1769,344,2113,14
2021-05-13,Solano,095,438530,32599,32548,546,33094,252
2021-05-13,Sonoma,097,501317,29847,29991,330,30321,321
2021-05-13,Stanislaus,099,539301,55957,55678,5903,61581,949
2021-05-13,Sutter,101,95872,9396,9431,84,9515,112
2021-05-13,Tehama,103,63373,5029,4997,564,5561,63
2021-05-13,Trinity,105,12862,482,327,90,417,3
2021-05-13,Tulare,107,460477,50079,49032,9002,58034,837
2021-05-13,Tuolumne,109,53932,4004,4059,39,4098,63
2021-05-13,Ventura,111,848112,81179,80615,2985,83600,1012
2021-05-13,Yolo,113,214977,13936,13914,304,14218,210
2021-05-13,Yuba,115,75493,5997,5962,122,6084,47
2021-05-12,Alameda,001,1643700,87663,87482,1947,89429,1261
2021-05-12,Alpine,003,1148,87,88,0,88,0
2021-05-12,Amador,005,37829,3665,3658,33,3691,46
2021-05-12,Butte,007,227075,12415,12026,1804,13830,199
2021-05-12,Calaveras,009,45235,2130,2119,13,2132,53
2021-05-12,Colusa,011,21464,1934,1939,297,2236,14
2021-05-12,Contra Costa,013,1133247,69023,68462,1259,69721,805
2021-05-12,Del Norte,015,27424,1390,1352,12,1364,8
2021-05-12,El Dorado,017,186661,10191,10123,729,10852,112
2021-05-12,Fresno,019,978130,102345,101838,8674,110512,1688
2021-05-12,Glenn,021,27897,2418,2391,559,2950,17
2021-05-12,Humboldt,023,135768,4090,3982,34,4016,37
2021-05-12,Imperial,025,180216,28522,28443,2743,31186,726
2021-05-12,Inyo,027,18085,1404,1400,12,1412,36
2021-05-12,Kern,029,883053,97005,95955,10789,106744,1310
2021-05-12,Kings,031,150075,23131,22896,1088,23984,246
2021-05-12,Lake,033,64148,3497,3476,9,3485,43
2021-05-12,Lassen,035,31185,5190,5151,108,5259,6
2021-05-12,Los Angeles,037,10098052,1203557,1195318,41501,1236819,24067
2021-05-12,Madera,039,155013,16561,16462,932,17394,238
2021-05-12,Marin,041,260295,14049,13997,252,14249,227
2021-05-12,Mariposa,043,17540,428,422,11,433,5
2021-05-12,Mendocino,045,87422,3920,3836,80,3916,46
2021-05-12,Merced,047,269075,30845,30941,1050,31991,450
2021-05-12,Modoc,049,8938,373,362,125,487,3
2021-05-12,Mono,051,14174,1253,1265,17,1282,3
2021-05-12,Monterey,053,433212,43102,42950,1872,44822,380
2021-05-12,Napa,055,140530,9868,9870,36,9906,82
2021-05-12,Nevada,057,99092,4773,4738,187,4925,70
2021-05-12,Orange,059,3164182,254937,253587,11328,264915,5024
2021-05-12,Placer,061,380077,23037,22652,1461,24113,288
2021-05-12,Plumas,063,18699,698,681,10,691,4
2021-05-12,Riverside,065,2383286,293511,287830,13991,301821,4431
2021-05-12,Sacramento,067,1510023,104987,104592,1729,106321,1621
2021-05-12,San Benito,069,59416,6051,6062,114,6176,63
2021-05-12,San Bernardino,071,2135413,292786,291505,8978,300483,4715
2021-05-12,San Diego,073,3302833,279559,278402,14775,293177,3729
2021-05-12,San Francisco,075,870044,36555,36720,1275,37995,544
2021-05-12,San Joaquin,077,732212,72687,72043,3516,75559,1356
2021-05-12,San Luis Obispo,079,281455,21295,21021,729,21750,255
2021-05-12,San Mateo,081,765935,42199,42038,468,42506,426
2021-05-12,Santa Barbara,083,443738,34353,34218,1137,35355,456
2021-05-12,Santa Clara,085,1922200,118251,118897,759,119656,2005
2021-05-12,Santa Cruz,087,273765,16180,16123,812,16935,207
2021-05-12,Shasta,089,179085,12111,12092,1533,13625,200
2021-05-12,Sierra,091,2930,56,54,12,66,0
2021-05-12,Siskiyou,093,43540,1871,1760,343,2103,13
2021-05-12,Solano,095,438530,32575,32519,546,33065,252
2021-05-12,Sonoma,097,501317,29835,29976,330,30306,320
2021-05-12,Stanislaus,099,539301,55917,55632,5896,61528,919
2021-05-12,Sutter,101,95872,9393,9427,84,9511,112
2021-05-12,Tehama,103,63373,5024,4989,564,5553,62
2021-05-12,Trinity,105,12862,482,327,90,417,3
2021-05-12,Tulare,107,460477,50063,49001,8994,57995,838
2021-05-12,Tuolumne,109,53932,4003,4056,39,4095,63
2021-05-12,Ventura,111,848112,81160,80577,2985,83562,1010
2021-05-12,Yolo,113,214977,13928,13910,303,14213,210
2021-05-12,Yuba,115,75493,5994,5956,122,6078,47
2021-05-11,Alameda,001,1643700,87598,87413,1943,89356,1290
2021-05-11,Alpine,003,1148,87,88,0,88,0
2021-05-11,Amador,005,37829,3663,3657,33,3690,46
2021-05-11,Butte,007,227075,12400,12008,1801,13809,199
2021-05-11,Calaveras,009,45235,2130,2118,13,2131,52
2021-05-11,Colusa,011,21464,1933,1939,297,2236,14
2021-05-11,Contra Costa,013,1133247,68963,68406,1258,69664,806
2021-05-11,Del Norte,015,27424,1388,1347,12,1359,8
2021-05-11,El Dorado,017,186661,10185,10108,728,10836,112
2021-05-11,Fresno,019,978130,102299,101792,8669,110461,1686
2021-05-11,Glenn,021,27897,2417,2387,558,2945,17
2021-05-11,Humboldt,023,135768,4069,3964,33,3997,37
2021-05-11,Imperial,025,180216,28514,28413,2739,31152,722
2021-05-11,Inyo,027,18085,1403,1402,12,1414,36
2021-05-11,Kern,029,883053,96977,95938,10776,106714,1310
2021-05-11,Kings,031,150075,23123,22887,1088,23975,246
2021-05-11,Lake,033,64148,3497,3473,9,3482,43
2021-05-11,Lassen,035,31185,5188,5148,108,5256,6
2021-05-11,Los Angeles,037,10098052,1203317,1195100,41484,1236584,24048
2021-05-11,Madera,039,155013,16557,16459,931,17390,238
2021-05-11,Marin,041,260295,14042,13987,252,14239,227
2021-05-11,Mariposa,043,17540,428,421,11,432,5
2021-05-11,Mendocino,045,87422,3912,3821,80,3901,46
2021-05-11,Merced,047,269075,30836,30893,1050,31943,449
2021-05-11,Modoc,049,8938,373,362,124,486,3
2021-05-11,Mono,051,14174,1253,1265,17,1282,3
2021-05-11,Monterey,053,433212,43094,42934,1871,44805,380
2021-05-11,Napa,055,140530,9861,9870,36,9906,81
2021-05-11,Nevada,057,99092,4769,4737,187,4924,70
2021-05-11,Orange,059,3164182,254874,253545,11320,264865,5017
2021-05-11,Placer,061,380077,23015,22615,1457,24072,287
2021-05-11,Plumas,063,18699,696,679,10,689,4
2021-05-11,Riverside,065,2383286,293449,287757,13986,301743,4429
2021-05-11,Sacramento,067,1510023,104888,104496,1726,106222,1616
2021-05-11,San Benito,069,59416,6048,6058,114,6172,63
2021-05-11,San Bernardino,071,2135413,292726,291421,8976,300397,4707
2021-05-11,San Diego,073,3302833,279424,278308,14756,293064,3725
2021-05-11,San Francisco,075,870044,36535,36707,1275,37982,543
2021-05-11,San Joaquin,077,732212,72639,71999,3513,75512,1356
2021-05-11,San Luis Obispo,079,281455,21288,21008,727,21735,255
2021-05-11,San Mateo,081,765935,42180,41985,467,42452,425
2021-05-11,Santa Barbara,083,443738,34343,34207,1137,35344,456
2021-05-11,Santa Clara,085,1922200,118204,118857,758,119615,2005
2021-05-11,Santa Cruz,087,273765,16176,16113,812,16925,206
2021-05-11,Shasta,089,179085,12088,12050,1527,13577,200
2021-05-11,Sierra,091,2930,56,54,12,66,0
2021-05-11,Siskiyou,093,43540,1861,1756,341,2097,13
2021-05-11,Solano,095,438530,32557,32499,544,33043,250
2021-05-11,Sonoma,097,501317,29820,29966,330,30296,318
2021-05-11,Stanislaus,099,539301,55870,55589,5892,61481,909
2021-05-11,Sutter,101,95872,9386,9417,84,9501,112
2021-05-11,Tehama,103,63373,5020,4985,563,5548,62
2021-05-11,Trinity,105,12862,482,327,89,416,3
2021-05-11,Tulare,107,460477,50035,48974,8980,57954,837
2021-05-11,Tuolumne,109,53932,4002,4056,39,4095,63
2021-05-11,Ventura,111,848112,81136,80544,2982,83526,1008
2021-05-11,Yolo,113,214977,13915,13902,300,14202,210
2021-05-11,Yuba,115,75493,5985,5950,122,6072,46
2021-05-10,Alameda,001,1643700,87528,87366,1942,89308,1284
2021-05-10,Alpine,003,1148,87,88,0,88,0
2021-05-10,Amador,005,37829,3662,3657,33,3690,46
2021-05-10,Butte,007,227075,12384,11993,1797,13790,199
2021-05-10,Calaveras,009,45235,2123,2118,13,2131,52
2021-05-10,Colusa,011,21464,1933,1939,297,2236,14
2021-05-10,Contra Costa,013,1133247,68899,68357,1258,69615,806
2021-05-10,Del Norte,015,27424,1385,1339,12,1351,8
2021-05-10,El Dorado,017,186661,10171,10093,728,10821,113
2021-05-10,Fresno,019,978130,102267,101755,8662,110417,1682
2021-05-10,Glenn,021,27897,2416,2384,556,2940,17
2021-05-10,Humboldt,023,135768,4039,3961,33,3994,36
2021-05-10,Imperial,025,180216,28500,28397,2735,31132,722
2021-05-10,Inyo,027,18085,1403,1401,12,1413,36
2021-05-10,Kern,029,883053,96933,95920,10762,106682,1310
2021-05-10,Kings,031,150075,23112,22884,1087,23971,246
2021-05-10,Lake,033,64148,3489,3471,9,3480,43
2021-05-10,Lassen,035,31185,5184,5148,108,5256,5
2021-05-10,Los Angeles,037,10098052,1203054,1194976,41467,1236443,24030
2021-05-10,Madera,039,155013,16547,16450,931,17381,238
2021-05-10,Marin,041,260295,14039,13981,252,14233,228
2021-05-10,Mariposa,043,17540,427,420,11,431,5
2021-05-10,Mendocino,045,87422,3906,3818,80,3898,46
2021-05-10,Merced,047,269075,30825,30880,1050,31930,448
2021-05-10,Modoc,049,8938,373,361,124,485,3
2021-05-10,Mono,051,14174,1253,1265,17,1282,3
2021-05-10,Monterey,053,433212,43088,42927,1866,44793,380
2021-05-10,Napa,055,140530,9859,9860,36,9896,81
2021-05-10,Nevada,057,99092,4762,4735,187,4922,70
2021-05-10,Orange,059,3164182,254821,253484,11314,264798,5008
2021-05-10,Placer,061,380077,22993,22590,1454,24044,286
2021-05-10,Plumas,063,18699,695,679,10,689,4
2021-05-10,Riverside,065,2383286,293380,287689,13980,301669,4427
2021-05-10,Sacramento,067,1510023,104775,104378,1721,106099,1613
2021-05-10,San Benito,069,59416,6047,6058,114,6172,63
2021-05-10,San Bernardino,071,2135413,292674,291360,8975,300335,4707
2021-05-10,San Diego,073,3302833,279260,278183,14729,292912,3725
2021-05-10,San Francisco,075,870044,36516,36683,1275,37958,543
2021-05-10,San Joaquin,077,732212,72602,71954,3498,75452,1356
2021-05-10,San Luis Obispo,079,281455,21270,20993,726,21719,256
2021-05-10,San Mateo,081,765935,42163,41926,467,42393,424
2021-05-10,Santa Barbara,083,443738,34335,34201,1137,35338,456
2021-05-10,Santa Clara,085,1922200,118145,118822,758,119580,2003
2021-05-10,Santa Cruz,087,273765,16171,16114,812,16926,206
2021-05-10,Shasta,089,179085,12074,12036,1523,13559,200
2021-05-10,Sierra,091,2930,56,54,12,66,0
2021-05-10,Siskiyou,093,43540,1851,1752,339,2091,13
2021-05-10,Solano,095,438530,32537,32466,542,33008,250
2021-05-10,Sonoma,097,501317,29805,29955,329,30284,318
2021-05-10,Stanislaus,099,539301,55796,55541,5886,61427,898
2021-05-10,Sutter,101,95872,9380,9412,84,9496,111
2021-05-10,Tehama,103,63373,5016,4980,563,5543,62
2021-05-10,Trinity,105,12862,482,327,87,414,3
2021-05-10,Tulare,107,460477,50012,48956,8974,57930,837
2021-05-10,Tuolumne,109,53932,3998,4054,38,4092,63
2021-05-10,Ventura,111,848112,81120,80501,2980,83481,1008
2021-05-10,Yolo,113,214977,13903,13898,298,14196,209
2021-05-10,Yuba,115,75493,5983,5942,122,6064,46
2021-05-09,Alameda,001,1643700,87457,87292,1939,89231,1284
2021-05-09,Alpine,003,1148,87,88,0,88,0
2021-05-09,Amador,005,37829,3660,3655,33,3688,46
2021-05-09,Butte,007,227075,12366,11985,1793,13778,199
2021-05-09,Calaveras,009,45235,2122,2116,13,2129,52
2021-05-09,Colusa,011,21464,1932,1940,297,2237,14
2021-05-09,Contra Costa,013,1133247,68836,68302,1256,69558,806
2021-05-09,Del Norte,015,27424,1378,1338,12,1350,8
2021-05-09,El Dorado,017,186661,10157,10089,725,10814,113
2021-05-09,Fresno,019,978130,102229,101729,8653,110382,1682
2021-05-09,Glenn,021,27897,2409,2382,553,2935,17
2021-05-09,Humboldt,023,135768,4019,3950,33,3983,36
2021-05-09,Imperial,025,180216,28477,28388,2727,31115,722
2021-05-09,Inyo,027,18085,1403,1401,11,1412,36
2021-05-09,Kern,029,883053,96905,95903,10752,106655,1310
2021-05-09,Kings,031,150075,23103,22878,1087,23965,246
2021-05-09,Lake,033,64148,3485,3471,9,3480,43
2021-05-09,Lassen,035,31185,5182,5147,108,5255,5
2021-05-09,Los Angeles,037,10098052,1202793,1194820,41451,1236271,24026
2021-05-09,Madera,039,155013,16538,16444,925,17369,238
2021-05-09,Marin,041,260295,14028,13979,251,14230,228
2021-05-09,Mariposa,043,17540,424,420,11,431,5
2021-05-09,Mendocino,045,87422,3896,3814,80,3894,46
2021-05-09,Merced,047,269075,30802,30883,1050,31933,448
2021-05-09,Modoc,049,8938,373,360,124,484,3
2021-05-09,Mono,051,14174,1253,1264,17,1281,3
2021-05-09,Monterey,053,433212,43070,42918,1866,44784,380
2021-05-09,Napa,055,140530,9848,9857,36,9893,81
2021-05-09,Nevada,057,99092,4755,4727,187,4914,70
2021-05-09,Orange,059,3164182,254767,253451,11306,264757,5008
2021-05-09,Placer,061,380077,22967,22566,1451,24017,286
2021-05-09,Plumas,063,18699,694,679,10,689,4
2021-05-09,Riverside,065,2383286,293300,287644,13974,301618,4427
2021-05-09,Sacramento,067,1510023,104626,104309,1715,106024,1612
2021-05-09,San Benito,069,59416,6045,6056,114,6170,63
2021-05-09,San Bernardino,071,2135413,292591,291337,8969,300306,4707
2021-05-09,San Diego,073,3302833,279093,277950,14707,292657,3725
2021-05-09,San Francisco,075,870044,36490,36669,1273,37942,543
2021-05-09,San Joaquin,077,732212,72556,71927,3497,75424,1356
2021-05-09,San Luis Obispo,079,281455,21259,20999,726,21725,256
2021-05-09,San Mateo,081,765935,42134,41903,467,42370,424
2021-05-09,Santa Barbara,083,443738,34322,34196,1136,35332,456
2021-05-09,Santa Clara,085,1922200,118091,118798,757,119555,2003
2021-05-09,Santa Cruz,087,273765,16165,16094,812,16906,206
2021-05-09,Shasta,089,179085,12044,12034,1518,13552,200
2021-05-09,Sierra,091,2930,56,54,12,66,0
2021-05-09,Siskiyou,093,43540,1844,1741,336,2077,13
2021-05-09,Solano,095,438530,32498,32434,539,32973,250
2021-05-09,Sonoma,097,501317,29791,29953,328,30281,318
2021-05-09,Stanislaus,099,539301,55730,55511,5882,61393,898
2021-05-09,Sutter,101,95872,9374,9413,84,9497,111
2021-05-09,Tehama,103,63373,5011,4979,563,5542,62
2021-05-09,Trinity,105,12862,482,327,87,414,3
2021-05-09,Tulare,107,460477,49985,48948,8969,57917,837
2021-05-09,Tuolumne,109,53932,3996,4053,38,4091,63
2021-05-09,Ventura,111,848112,81105,80487,2979,83466,1008
2021-05-09,Yolo,113,214977,13893,13897,297,14194,209
2021-05-09,Yuba,115,75493,5977,5934,122,6056,46
2021-05-08,Alameda,001,1643700,87415,87213,1935,89148,1284
2021-05-08,Alpine,003,1148,87,88,0,88,0
2021-05-08,Amador,005,37829,3658,3652,33,3685,46
2021-05-08,Butte,007,227075,12354,11962,1792,13754,199
2021-05-08,Calaveras,009,45235,2121,2114,13,2127,52
2021-05-08,Colusa,011,21464,1932,1939,297,2236,14
2021-05-08,Contra Costa,013,1133247,68803,68223,1254,69477,803
2021-05-08,Del Norte,015,27424,1375,1335,12,1347,8
2021-05-08,El Dorado,017,186661,10143,10079,725,10804,113
2021-05-08,Fresno,019,978130,102193,101676,8648,110324,1682
2021-05-08,Glenn,021,27897,2407,2382,551,2933,17
2021-05-08,Humboldt,023,135768,4003,3939,33,3972,36
2021-05-08,Imperial,025,180216,28469,28373,2727,31100,721
2021-05-08,Inyo,027,18085,1403,1402,11,1413,36
2021-05-08,Kern,029,883053,96880,95880,10739,106619,1310
2021-05-08,Kings,031,150075,23100,22872,1086,23958,246
2021-05-08,Lake,033,64148,3484,3470,9,3479,43
2021-05-08,Lassen,035,31185,5181,5145,108,5253,5
2021-05-08,Los Angeles,037,10098052,1202641,1194584,41435,1236019,24022
2021-05-08,Madera,039,155013,16534,16442,925,17367,238
2021-05-08,Marin,041,260295,14025,13974,250,14224,228
2021-05-08,Mariposa,043,17540,424,420,11,431,5
2021-05-08,Mendocino,045,87422,3891,3810,79,3889,46
2021-05-08,Merced,047,269075,30793,30876,1050,31926,448
2021-05-08,Modoc,049,8938,373,360,123,483,3
2021-05-08,Mono,051,14174,1253,1262,17,1279,3
2021-05-08,Monterey,053,433212,43065,42914,1865,44779,380
2021-05-08,Napa,055,140530,9841,9853,36,9889,81
2021-05-08,Nevada,057,99092,4752,4716,187,4903,70
2021-05-08,Orange,059,3164182,254733,253412,11303,264715,5006
2021-05-08,Placer,061,380077,22949,22547,1449,23996,286
2021-05-08,Plumas,063,18699,693,679,10,689,4
2021-05-08,Riverside,065,2383286,293257,287574,13972,301546,4427
2021-05-08,Sacramento,067,1510023,104541,104208,1712,105920,1610
2021-05-08,San Benito,069,59416,6044,6048,114,6162,63
2021-05-08,San Bernardino,071,2135413,292548,291296,8969,300265,4707
2021-05-08,San Diego,073,3302833,279010,277760,14689,292449,3725
2021-05-08,San Francisco,075,870044,36467,36642,1273,37915,543
2021-05-08,San Joaquin,077,732212,72527,71869,3488,75357,1356
2021-05-08,San Luis Obispo,079,281455,21248,20992,726,21718,256
2021-05-08,San Mateo,081,765935,42123,41871,467,42338,424
2021-05-08,Santa Barbara,083,443738,34309,34185,1136,35321,456
2021-05-08,Santa Clara,085,1922200,118060,118751,757,119508,2003
2021-05-08,Santa Cruz,087,273765,16162,16089,812,16901,206
2021-05-08,Shasta,089,179085,12034,12030,1514,13544,200
2021-05-08,Sierra,091,2930,56,54,12,66,0
2021-05-08,Siskiyou,093,43540,1843,1741,332,2073,13
2021-05-08,Solano,095,438530,32474,32395,537,32932,249
2021-05-08,Sonoma,097,501317,29778,29942,328,30270,318
2021-05-08,Stanislaus,099,539301,55699,55467,5878,61345,898
2021-05-08,Sutter,101,95872,9371,9413,84,9497,111
2021-05-08,Tehama,103,63373,5009,4977,563,5540,62
2021-05-08,Trinity,105,12862,482,327,87,414,3
2021-05-08,Tulare,107,460477,49971,48929,8959,57888,837
2021-05-08,Tuolumne,109,53932,3995,4050,38,4088,63
2021-05-08,Ventura,111,848112,81094,80481,2976,83457,1008
2021-05-08,Yolo,113,214977,13890,13894,296,14190,209
2021-05-08,Yuba,115,75493,5969,5928,122,6050,46
2021-05-07,Alameda,001,1643700,87361,87128,1934,89062,1280
2021-05-07,Alpine,003,1148,87,88,0,88,0
2021-05-07,Amador,005,37829,3655,3651,33,3684,46
2021-05-07,Butte,007,227075,12333,11943,1789,13732,199
2021-05-07,Calaveras,009,45235,2119,2114,13,2127,52
2021-05-07,Colusa,011,21464,1932,1937,297,2234,14
2021-05-07,Contra Costa,013,1133247,68756,68156,1252,69408,804
2021-05-07,Del Norte,015,27424,1370,1329,12,1341,8
2021-05-07,El Dorado,017,186661,10130,10065,723,10788,112
2021-05-07,Fresno,019,978130,102160,101625,8647,110272,1684
2021-05-07,Glenn,021,27897,2404,2381,550,2931,17
2021-05-07,Humboldt,023,135768,3988,3919,33,3952,36
2021-05-07,Imperial,025,180216,28461,28352,2727,31079,721
2021-05-07,Inyo,027,18085,1403,1402,11,1413,36
2021-05-07,Kern,029,883053,96867,95839,10727,106566,1308
2021-05-07,Kings,031,150075,23099,22857,1085,23942,246
2021-05-07,Lake,033,64148,3482,3467,9,3476,43
2021-05-07,Lassen,035,31185,5180,5144,107,5251,5
2021-05-07,Los Angeles,037,10098052,1202463,1194294,41427,1235721,24008
2021-05-07,Madera,039,155013,16529,16439,924,17363,238
2021-05-07,Marin,041,260295,14021,13968,250,14218,228
2021-05-07,Mariposa,043,17540,423,419,11,430,5
2021-05-07,Mendocino,045,87422,3885,3805,79,3884,46
2021-05-07,Merced,047,269075,30790,30862,1050,31912,446
2021-05-07,Modoc,049,8938,373,360,123,483,3
2021-05-07,Mono,051,14174,1252,1261,17,1278,3
2021-05-07,Monterey,053,433212,43059,42909,1863,44772,380
2021-05-07,Napa,055,140530,9840,9849,36,9885,81
2021-05-07,Nevada,057,99092,4748,4704,187,4891,70
2021-05-07,Orange,059,3164182,254693,253338,11294,264632,5000
2021-05-07,Placer,061,380077,22929,22524,1447,23971,286
2021-05-07,Plumas,063,18699,693,678,10,688,4
2021-05-07,Riverside,065,2383286,293199,287479,13971,301450,4426
2021-05-07,Sacramento,067,1510023,104469,104068,1707,105775,1609
2021-05-07,San Benito,069,59416,6043,6048,114,6162,63
2021-05-07,San Bernardino,071,2135413,292506,291185,8964,300149,4697
2021-05-07,San Diego,073,3302833,278924,277534,14673,292207,3718
2021-05-07,San Francisco,075,870044,36454,36616,1272,37888,543
2021-05-07,San Joaquin,077,732212,72487,71804,3486,75290,1351
2021-05-07,San Luis Obispo,079,281455,21241,20979,726,21705,256
2021-05-07,San Mateo,081,765935,42108,41844,467,42311,424
2021-05-07,Santa Barbara,083,443738,34299,34166,1136,35302,453
2021-05-07,Santa Clara,085,1922200,118027,118691,756,119447,2002
2021-05-07,Santa Cruz,087,273765,16159,16074,812,16886,206
2021-05-07,Shasta,089,179085,12012,12005,1512,13517,200
2021-05-07,Sierra,091,2930,56,54,12,66,0
2021-05-07,Siskiyou,093,43540,1840,1723,332,2055,13
2021-05-07,Solano,095,438530,32446,32352,535,32887,249
2021-05-07,Sonoma,097,501317,29760,29925,326,30251,318
2021-05-07,Stanislaus,099,539301,55658,55407,5873,61280,896
2021-05-07,Sutter,101,95872,9371,9407,83,9490,111
2021-05-07,Tehama,103,63373,5002,4974,563,5537,57
2021-05-07,Trinity,105,12862,482,327,87,414,3
2021-05-07,Tulare,107,460477,49954,48913,8954,57867,837
2021-05-07,Tuolumne,109,53932,3993,4048,38,4086,63
2021-05-07,Ventura,111,848112,81070,80444,2976,83420,1008
2021-05-07,Yolo,113,214977,13884,13875,295,14170,209
2021-05-07,Yuba,115,75493,5959,5910,122,6032,46
2021-05-06,Alameda,001,1643700,87284,87028,1931,88959,1278
2021-05-06,Alpine,003,1148,87,88,0,88,0
2021-05-06,Amador,005,37829,3653,3650,33,3683,46
2021-05-06,Butte,007,227075,12313,11929,1784,13713,198
2021-05-06,Calaveras,009,45235,2118,2111,13,2124,52
2021-05-06,Colusa,011,21464,1932,1935,297,2232,14
2021-05-06,Contra Costa,013,1133247,68701,68076,1249,69325,802
2021-05-06,Del Norte,015,27424,1362,1324,12,1336,6
2021-05-06,El Dorado,017,186661,10123,10048,723,10771,112
2021-05-06,Fresno,019,978130,102116,101536,8643,110179,1680
2021-05-06,Glenn,021,27897,2403,2380,549,2929,17
2021-05-06,Humboldt,023,135768,3963,3898,33,3931,36
2021-05-06,Imperial,025,180216,28450,28311,2726,31037,720
2021-05-06,Inyo,027,18085,1403,1401,11,1412,36
2021-05-06,Kern,029,883053,96842,95801,10710,106511,1307
2021-05-06,Kings,031,150075,23092,22848,1084,23932,246
2021-05-06,Lake,033,64148,3481,3465,9,3474,43
2021-05-06,Lassen,035,31185,5179,5143,107,5250,1
2021-05-06,Los Angeles,037,10098052,1202221,1193954,41411,1235365,23991
2021-05-06,Madera,039,155013,16521,16430,924,17354,238
2021-05-06,Marin,041,260295,14017,13956,250,14206,228
2021-05-06,Mariposa,043,17540,422,419,11,430,5
2021-05-06,Mendocino,045,87422,3874,3802,79,3881,46
2021-05-06,Merced,047,269075,30775,30863,1049,31912,444
2021-05-06,Modoc,049,8938,373,360,123,483,3
2021-05-06,Mono,051,14174,1250,1261,17,1278,3
2021-05-06,Monterey,053,433212,43044,42899,1863,44762,379
2021-05-06,Napa,055,140530,9834,9843,36,9879,81
2021-05-06,Nevada,057,99092,4747,4687,187,4874,70
2021-05-06,Orange,059,3164182,254625,253286,11288,264574,4991
2021-05-06,Placer,061,380077,22907,22493,1447,23940,286
2021-05-06,Plumas,063,18699,693,678,10,688,4
2021-05-06,Riverside,065,2383286,293126,287399,13966,301365,4422
2021-05-06,Sacramento,067,1510023,104352,103956,1704,105660,1609
2021-05-06,San Benito,069,59416,6042,6045,114,6159,63
2021-05-06,San Bernardino,071,2135413,292436,291085,8963,300048,4683
2021-05-06,San Diego,073,3302833,278797,277324,14650,291974,3716
2021-05-06,San Francisco,075,870044,36439,36599,1272,37871,543
2021-05-06,San Joaquin,077,732212,72432,71729,3483,75212,1350
2021-05-06,San Luis Obispo,079,281455,21229,20965,724,21689,256
2021-05-06,San Mateo,081,765935,42089,41802,466,42268,424
2021-05-06,Santa Barbara,083,443738,34286,34152,1136,35288,453
2021-05-06,Santa Clara,085,1922200,117986,118591,756,119347,2001
2021-05-06,Santa Cruz,087,273765,16152,16050,812,16862,206
2021-05-06,Shasta,089,179085,11990,11983,1506,13489,199
2021-05-06,Sierra,091,2930,56,54,12,66,0
2021-05-06,Siskiyou,093,43540,1830,1711,331,2042,12
2021-05-06,Solano,095,438530,32420,32320,527,32847,249
2021-05-06,Sonoma,097,501317,29752,29911,326,30237,318
2021-05-06,Stanislaus,099,539301,55602,55323,5868,61191,834
2021-05-06,Sutter,101,95872,9365,9396,83,9479,111
2021-05-06,Tehama,103,63373,4997,4970,563,5533,53
2021-05-06,Trinity,105,12862,482,327,87,414,3
2021-05-06,Tulare,107,460477,49929,48890,8939,57829,836
2021-05-06,Tuolumne,109,53932,3989,4047,38,4085,63
2021-05-06,Ventura,111,848112,81039,80411,2973,83384,1005
2021-05-06,Yolo,113,214977,13877,13871,291,14162,209
2021-05-06,Yuba,115,75493,5947,5901,122,6023,46
2021-05-05,Alameda,001,1643700,87222,86950,1929,88879,1278
2021-05-05,Alpine,003,1148,87,88,0,88,0
2021-05-05,Amador,005,37829,3650,3650,33,3683,46
2021-05-05,Butte,007,227075,12295,11907,1781,13688,198
2021-05-05,Calaveras,009,45235,2114,2103,13,2116,52
2021-05-05,Colusa,011,21464,1931,1933,297,2230,14
2021-05-05,Contra Costa,013,1133247,68636,67997,1245,69242,803
2021-05-05,Del Norte,015,27424,1359,1317,12,1329,6
2021-05-05,El Dorado,017,186661,10112,10020,722,10742,111
2021-05-05,Fresno,019,978130,102067,101491,8634,110125,1680
2021-05-05,Glenn,021,27897,2400,2380,548,2928,17
2021-05-05,Humboldt,023,135768,3944,3886,32,3918,36
2021-05-05,Imperial,025,180216,28409,28295,2719,31014,720
2021-05-05,Inyo,027,18085,1402,1401,11,1412,36
2021-05-05,Kern,029,883053,96798,95753,10706,106459,1304
2021-05-05,Kings,031,150075,23086,22840,1083,23923,246
2021-05-05,Lake,033,64148,3478,3458,9,3467,43
2021-05-05,Lassen,035,31185,5179,5143,106,5249,1
2021-05-05,Los Angeles,037,10098052,1201950,1193608,41397,1235005,23977
2021-05-05,Madera,039,155013,16519,16423,924,17347,235
2021-05-05,Marin,041,260295,14009,13950,249,14199,228
2021-05-05,Mariposa,043,17540,422,418,11,429,5
2021-05-05,Mendocino,045,87422,3870,3799,79,3878,46
2021-05-05,Merced,047,269075,30754,30844,1049,31893,444
2021-05-05,Modoc,049,8938,372,361,122,483,3
2021-05-05,Mono,051,14174,1250,1260,17,1277,3
2021-05-05,Monterey,053,433212,43031,42870,1860,44730,379
2021-05-05,Napa,055,140530,9828,9833,36,9869,81
2021-05-05,Nevada,057,99092,4744,4666,187,4853,70
2021-05-05,Orange,059,3164182,254567,253237,11283,264520,4978
2021-05-05,Placer,061,380077,22875,22362,1443,23805,287
2021-05-05,Plumas,063,18699,693,677,10,687,4
2021-05-05,Riverside,065,2383286,293031,287353,13956,301309,4414
2021-05-05,Sacramento,067,1510023,104264,103476,1699,105175,1607
2021-05-05,San Benito,069,59416,6033,6046,114,6160,63
2021-05-05,San Bernardino,071,2135413,292361,291008,8959,299967,4677
2021-05-05,San Diego,073,3302833,278660,277098,14631,291729,3716
2021-05-05,San Francisco,075,870044,36425,36577,1271,37848,543
2021-05-05,San Joaquin,077,732212,72379,71638,3480,75118,1345
2021-05-05,San Luis Obispo,079,281455,21221,20958,724,21682,256
2021-05-05,San Mateo,081,765935,42060,41755,465,42220,415
2021-05-05,Santa Barbara,083,443738,34271,34139,1135,35274,453
2021-05-05,Santa Clara,085,1922200,117956,118482,752,119234,1992
2021-05-05,Santa Cruz,087,273765,16146,16013,812,16825,207
2021-05-05,Shasta,089,179085,11974,11939,1502,13441,200
2021-05-05,Sierra,091,2930,56,54,12,66,0
2021-05-05,Siskiyou,093,43540,1813,1706,323,2029,11
2021-05-05,Solano,095,438530,32385,32250,525,32775,249
2021-05-05,Sonoma,097,501317,29739,29879,326,30205,318
2021-05-05,Stanislaus,099,539301,55545,55231,5866,61097,807
2021-05-05,Sutter,101,95872,9359,9387,83,9470,111
2021-05-05,Tehama,103,63373,4993,4968,563,5531,53
2021-05-05,Trinity,105,12862,482,326,87,413,3
2021-05-05,Tulare,107,460477,49905,48875,8932,57807,835
2021-05-05,Tuolumne,109,53932,3986,4040,38,4078,63
2021-05-05,Ventura,111,848112,81011,80372,2969,83341,1005
2021-05-05,Yolo,113,214977,13873,13846,289,14135,209
2021-05-05,Yuba,115,75493,5937,5895,121,6016,44
2021-05-04,Alameda,001,1643700,87130,86894,1929,88823,1277
2021-05-04,Alpine,003,1148,87,88,0,88,0
2021-05-04,Amador,005,37829,3650,3650,33,3683,46
2021-05-04,Butte,007,227075,12271,11883,1780,13663,198
2021-05-04,Calaveras,009,45235,2109,2100,13,2113,52
2021-05-04,Colusa,011,21464,1930,1933,297,2230,14
2021-05-04,Contra Costa,013,1133247,68556,67931,1243,69174,799
2021-05-04,Del Norte,015,27424,1359,1314,12,1326,6
2021-05-04,El Dorado,017,186661,10101,10009,718,10727,110
2021-05-04,Fresno,019,978130,102012,101451,8627,110078,1677
2021-05-04,Glenn,021,27897,2397,2379,545,2924,17
2021-05-04,Humboldt,023,135768,3918,3877,32,3909,36
2021-05-04,Imperial,025,180216,28389,28276,2715,30991,720
2021-05-04,Inyo,027,18085,1402,1399,11,1410,36
2021-05-04,Kern,029,883053,96762,95720,10688,106408,1301
2021-05-04,Kings,031,150075,23072,22822,1080,23902,246
2021-05-04,Lake,033,64148,3477,3454,9,3463,43
2021-05-04,Lassen,035,31185,5178,5142,106,5248,1
2021-05-04,Los Angeles,037,10098052,1201662,1193453,41385,1234838,23957
2021-05-04,Madera,039,155013,16518,16418,924,17342,235
2021-05-04,Marin,041,260295,14001,13935,249,14184,228
2021-05-04,Mariposa,043,17540,422,418,11,429,5
2021-05-04,Mendocino,045,87422,3865,3794,79,3873,46
2021-05-04,Merced,047,269075,30737,30829,1049,31878,444
2021-05-04,Modoc,049,8938,371,360,121,481,3
2021-05-04,Mono,051,14174,1250,1260,17,1277,3
2021-05-04,Monterey,053,433212,43019,42845,1859,44704,380
2021-05-04,Napa,055,140530,9819,9824,36,9860,81
2021-05-04,Nevada,057,99092,4737,4656,187,4843,70
2021-05-04,Orange,059,3164182,254499,253177,11273,264450,4977
2021-05-04,Placer,061,380077,22846,22326,1440,23766,287
2021-05-04,Plumas,063,18699,692,675,10,685,4
2021-05-04,Riverside,065,2383286,292947,287285,13949,301234,4411
2021-05-04,Sacramento,067,1510023,104135,103383,1694,105077,1604
2021-05-04,San Benito,069,59416,6032,6039,114,6153,63
2021-05-04,San Bernardino,071,2135413,292284,290934,8952,299886,4668
2021-05-04,San Diego,073,3302833,278493,276879,14614,291493,3713
2021-05-04,San Francisco,075,870044,36407,36550,1271,37821,541
2021-05-04,San Joaquin,077,732212,72318,71582,3475,75057,1342
2021-05-04,San Luis Obispo,079,281455,21215,20923,722,21645,255
2021-05-04,San Mateo,081,765935,42034,41708,465,42173,415
2021-05-04,Santa Barbara,083,443738,34255,34131,1134,35265,453
2021-05-04,Santa Clara,085,1922200,117893,118431,751,119182,1988
2021-05-04,Santa Cruz,087,273765,16140,16005,812,16817,207
2021-05-04,Shasta,089,179085,11954,11923,1496,13419,198
2021-05-04,Sierra,091,2930,56,54,12,66,0
2021-05-04,Siskiyou,093,43540,1806,1694,321,2015,11
2021-05-04,Solano,095,438530,32344,32220,523,32743,249
2021-05-04,Sonoma,097,501317,29719,29867,325,30192,318
2021-05-04,Stanislaus,099,539301,55489,55165,5863,61028,807
2021-05-04,Sutter,101,95872,9354,9375,83,9458,111
2021-05-04,Tehama,103,63373,4990,4959,562,5521,53
2021-05-04,Trinity,105,12862,482,326,87,413,3
2021-05-04,Tulare,107,460477,49878,48857,8923,57780,835
2021-05-04,Tuolumne,109,53932,3984,4041,38,4079,61
2021-05-04,Ventura,111,848112,80982,80351,2967,83318,1005
2021-05-04,Yolo,113,214977,13860,13820,287,14107,208
2021-05-04,Yuba,115,75493,5931,5891,121,6012,44
2021-05-03,Alameda,001,1643700,87054,86845,1923,88768,1272
2021-05-03,Alpine,003,1148,87,88,0,88,0
2021-05-03,Amador,005,37829,3650,3651,33,3684,46
2021-05-03,Butte,007,227075,12261,11864,1777,13641,198
2021-05-03,Calaveras,009,45235,2108,2099,13,2112,50
2021-05-03,Colusa,011,21464,1929,1931,295,2226,14
2021-05-03,Contra Costa,013,1133247,68497,67895,1239,69134,799
2021-05-03,Del Norte,015,27424,1354,1306,11,1317,6
2021-05-03,El Dorado,017,186661,10083,9984,713,10697,110
2021-05-03,Fresno,019,978130,101956,101405,8616,110021,1678
2021-05-03,Glenn,021,27897,2397,2375,544,2919,17
2021-05-03,Humboldt,023,135768,3903,3865,32,3897,36
2021-05-03,Imperial,025,180216,28367,28280,2712,30992,720
2021-05-03,Inyo,027,18085,1401,1398,11,1409,36
2021-05-03,Kern,029,883053,96725,95693,10676,106369,1299
2021-05-03,Kings,031,150075,23063,22821,1080,23901,246
2021-05-03,Lake,033,64148,3475,3446,9,3455,43
2021-05-03,Lassen,035,31185,5177,5142,106,5248,1
2021-05-03,Los Angeles,037,10098052,1201393,1193261,41359,1234620,23942
2021-05-03,Madera,039,155013,16513,16414,923,17337,235
2021-05-03,Marin,041,260295,13995,13927,249,14176,228
2021-05-03,Mariposa,043,17540,422,418,11,429,5
2021-05-03,Mendocino,045,87422,3858,3792,79,3871,46
2021-05-03,Merced,047,269075,30726,30814,1047,31861,444
2021-05-03,Modoc,049,8938,371,360,121,481,3
2021-05-03,Mono,051,14174,1250,1259,17,1276,3
2021-05-03,Monterey,053,433212,43007,42837,1857,44694,380
2021-05-03,Napa,055,140530,9814,9815,36,9851,81
2021-05-03,Nevada,057,99092,4729,4650,187,4837,70
2021-05-03,Orange,059,3164182,254440,253107,11264,264371,4968
2021-05-03,Placer,061,380077,22815,22289,1434,23723,287
2021-05-03,Plumas,063,18699,691,675,10,685,4
2021-05-03,Riverside,065,2383286,292873,287233,13948,301181,4412
2021-05-03,Sacramento,067,1510023,103982,103303,1684,104987,1602
2021-05-03,San Benito,069,59416,6031,6038,114,6152,63
2021-05-03,San Bernardino,071,2135413,292216,290886,8949,299835,4659
2021-05-03,San Diego,073,3302833,278330,276693,14589,291282,3712
2021-05-03,San Francisco,075,870044,36381,36538,1271,37809,541
2021-05-03,San Joaquin,077,732212,72268,71504,3472,74976,1325
2021-05-03,San Luis Obispo,079,281455,21199,20915,719,21634,254
2021-05-03,San Mateo,081,765935,42011,41689,464,42153,413
2021-05-03,Santa Barbara,083,443738,34243,34119,1134,35253,453
2021-05-03,Santa Clara,085,1922200,117839,118373,750,119123,1988
2021-05-03,Santa Cruz,087,273765,16137,16000,812,16812,207
2021-05-03,Shasta,089,179085,11931,11890,1491,13381,197
2021-05-03,Sierra,091,2930,56,54,12,66,0
2021-05-03,Siskiyou,093,43540,1800,1683,315,1998,11
2021-05-03,Solano,095,438530,32303,32201,522,32723,249
2021-05-03,Sonoma,097,501317,29707,29855,322,30177,318
2021-05-03,Stanislaus,099,539301,55423,55116,5854,60970,774
2021-05-03,Sutter,101,95872,9342,9370,83,9453,111
2021-05-03,Tehama,103,63373,4982,4952,562,5514,53
2021-05-03,Trinity,105,12862,482,326,87,413,3
2021-05-03,Tulare,107,460477,49861,48844,8913,57757,835
2021-05-03,Tuolumne,109,53932,3983,4038,38,4076,61
2021-05-03,Ventura,111,848112,80960,80291,2967,83258,1005
2021-05-03,Yolo,113,214977,13847,13809,285,14094,208
2021-05-03,Yuba,115,75493,5926,5880,121,6001,44
2021-05-02,Alameda,001,1643700,86969,86784,1922,88706,1272
2021-05-02,Alpine,003,1148,87,88,0,88,0
2021-05-02,Amador,005,37829,3650,3650,33,3683,46
2021-05-02,Butte,007,227075,12237,11859,1774,13633,198
2021-05-02,Calaveras,009,45235,2104,2098,13,2111,50
2021-05-02,Colusa,011,21464,1928,1931,294,2225,14
2021-05-02,Contra Costa,013,1133247,68412,67843,1237,69080,800
2021-05-02,Del Norte,015,27424,1347,1305,11,1316,6
2021-05-02,El Dorado,017,186661,10068,9962,712,10674,110
2021-05-02,Fresno,019,978130,101884,101372,8605,109977,1678
2021-05-02,Glenn,021,27897,2396,2374,542,2916,17
2021-05-02,Humboldt,023,135768,3891,3858,31,3889,36
2021-05-02,Imperial,025,180216,28333,28275,2703,30978,721
2021-05-02,Inyo,027,18085,1399,1398,11,1409,36
2021-05-02,Kern,029,883053,96667,95668,10669,106337,1299
2021-05-02,Kings,031,150075,23045,22816,1079,23895,246
2021-05-02,Lake,033,64148,3473,3443,9,3452,43
2021-05-02,Lassen,035,31185,5176,5142,105,5247,1
2021-05-02,Los Angeles,037,10098052,1201043,1193056,41336,1234392,23943
2021-05-02,Madera,039,155013,16507,16410,923,17333,235
2021-05-02,Marin,041,260295,13985,13917,249,14166,228
2021-05-02,Mariposa,043,17540,422,419,11,430,5
2021-05-02,Mendocino,045,87422,3853,3787,79,3866,46
2021-05-02,Merced,047,269075,30706,30793,1043,31836,444
2021-05-02,Modoc,049,8938,370,360,121,481,3
2021-05-02,Mono,051,14174,1249,1259,17,1276,3
2021-05-02,Monterey,053,433212,42993,42837,1856,44693,380
2021-05-02,Napa,055,140530,9810,9805,36,9841,81
2021-05-02,Nevada,057,99092,4713,4635,187,4822,70
2021-05-02,Orange,059,3164182,254366,253025,11250,264275,4968
2021-05-02,Placer,061,380077,22786,22264,1431,23695,287
2021-05-02,Plumas,063,18699,691,675,10,685,4
2021-05-02,Riverside,065,2383286,292773,287197,13938,301135,4412
2021-05-02,Sacramento,067,1510023,103842,103153,1677,104830,1602
2021-05-02,San Benito,069,59416,6026,6037,114,6151,63
2021-05-02,San Bernardino,071,2135413,292117,290859,8947,299806,4655
2021-05-02,San Diego,073,3302833,278134,276521,14562,291083,3712
2021-05-02,San Francisco,075,870044,36355,36522,1271,37793,541
2021-05-02,San Joaquin,077,732212,72204,71447,3465,74912,1325
2021-05-02,San Luis Obispo,079,281455,21178,20910,718,21628,254
2021-05-02,San Mateo,081,765935,41995,41656,463,42119,412
2021-05-02,Santa Barbara,083,443738,34229,34106,1134,35240,453
2021-05-02,Santa Clara,085,1922200,117765,118321,750,119071,1988
2021-05-02,Santa Cruz,087,273765,16132,15995,811,16806,207
2021-05-02,Shasta,089,179085,11915,11885,1483,13368,197
2021-05-02,Sierra,091,2930,56,54,12,66,0
2021-05-02,Siskiyou,093,43540,1789,1661,314,1975,11
2021-05-02,Solano,095,438530,32264,32151,518,32669,249
2021-05-02,Sonoma,097,501317,29685,29842,322,30164,318
2021-05-02,Stanislaus,099,539301,55349,55057,5847,60904,774
2021-05-02,Sutter,101,95872,9336,9363,83,9446,111
2021-05-02,Tehama,103,63373,4977,4950,560,5510,53
2021-05-02,Trinity,105,12862,482,326,87,413,3
2021-05-02,Tulare,107,460477,49843,48834,8905,57739,835
2021-05-02,Tuolumne,109,53932,3980,4038,38,4076,61
2021-05-02,Ventura,111,848112,80923,80284,2966,83250,1005
2021-05-02,Yolo,113,214977,13835,13799,284,14083,208
2021-05-02,Yuba,115,75493,5916,5879,121,6000,44
2021-05-01,Alameda,001,1643700,86926,86704,1919,88623,1270
2021-05-01,Alpine,003,1148,87,88,0,88,0
2021-05-01,Amador,005,37829,3650,3650,33,3683,46
2021-05-01,Butte,007,227075,12223,11845,1769,13614,198
2021-05-01,Calaveras,009,45235,2102,2096,13,2109,50
2021-05-01,Colusa,011,21464,1927,1931,294,2225,14
2021-05-01,Contra Costa,013,1133247,68360,67779,1234,69013,800
2021-05-01,Del Norte,015,27424,1346,1292,11,1303,6
2021-05-01,El Dorado,017,186661,10054,9944,710,10654,110
2021-05-01,Fresno,019,978130,101839,101326,8599,109925,1678
2021-05-01,Glenn,021,27897,2393,2369,541,2910,17
2021-05-01,Humboldt,023,135768,3877,3845,31,3876,36
2021-05-01,Imperial,025,180216,28326,28262,2703,30965,721
2021-05-01,Inyo,027,18085,1399,1397,11,1408,36
2021-05-01,Kern,029,883053,96640,95645,10658,106303,1299
2021-05-01,Kings,031,150075,23042,22797,1078,23875,246
2021-05-01,Lake,033,64148,3471,3441,9,3450,43
2021-05-01,Lassen,035,31185,5174,5142,105,5247,1
2021-05-01,Los Angeles,037,10098052,1200874,1192781,41321,1234102,23946
2021-05-01,Madera,039,155013,16503,16408,923,17331,235
2021-05-01,Marin,041,260295,13978,13902,249,14151,228
2021-05-01,Mariposa,043,17540,422,418,11,429,5
2021-05-01,Mendocino,045,87422,3851,3782,79,3861,46
2021-05-01,Merced,047,269075,30689,30771,1042,31813,444
2021-05-01,Modoc,049,8938,370,361,121,482,3
2021-05-01,Mono,051,14174,1249,1258,17,1275,3
2021-05-01,Monterey,053,433212,42987,42828,1856,44684,379
2021-05-01,Napa,055,140530,9807,9800,36,9836,81
2021-05-01,Nevada,057,99092,4708,4625,187,4812,70
2021-05-01,Orange,059,3164182,254323,252969,11239,264208,4964
2021-05-01,Placer,061,380077,22760,22240,1429,23669,287
2021-05-01,Plumas,063,18699,690,675,10,685,4
2021-05-01,Riverside,065,2383286,292734,287129,13936,301065,4412
2021-05-01,Sacramento,067,1510023,103761,103043,1676,104719,1602
2021-05-01,San Benito,069,59416,6023,6030,114,6144,63
2021-05-01,San Bernardino,071,2135413,292074,290802,8945,299747,4652
2021-05-01,San Diego,073,3302833,278010,276367,14541,290908,3706
2021-05-01,San Francisco,075,870044,36340,36496,1271,37767,541
2021-05-01,San Joaquin,077,732212,72155,71389,3463,74852,1325
2021-05-01,San Luis Obispo,079,281455,21173,20896,718,21614,254
2021-05-01,San Mateo,081,765935,41966,41617,462,42079,411
2021-05-01,Santa Barbara,083,443738,34224,34085,1133,35218,453
2021-05-01,Santa Clara,085,1922200,117713,118265,748,119013,1988
2021-05-01,Santa Cruz,087,273765,16129,15984,811,16795,207
2021-05-01,Shasta,089,179085,11895,11878,1475,13353,197
2021-05-01,Sierra,091,2930,56,53,12,65,0
2021-05-01,Siskiyou,093,43540,1781,1653,313,1966,11
2021-05-01,Solano,095,438530,32234,32124,510,32634,249
2021-05-01,Sonoma,097,501317,29682,29835,322,30157,318
2021-05-01,Stanislaus,099,539301,55314,55005,5841,60846,774
2021-05-01,Sutter,101,95872,9333,9358,83,9441,110
2021-05-01,Tehama,103,63373,4976,4950,559,5509,53
2021-05-01,Trinity,105,12862,482,326,86,412,3
2021-05-01,Tulare,107,460477,49836,48818,8899,57717,835
2021-05-01,Tuolumne,109,53932,3974,4035,38,4073,61
2021-05-01,Ventura,111,848112,80905,80268,2966,83234,1005
2021-05-01,Yolo,113,214977,13828,13784,282,14066,208
2021-05-01,Yuba,115,75493,5914,5875,121,5996,44
2021-04-30,Alameda,001,1643700,86865,86602,1916,88518,1268
2021-04-30,Alpine,003,1148,87,88,0,88,0
2021-04-30,Amador,005,37829,3648,3650,33,3683,46
2021-04-30,Butte,007,227075,12204,11812,1765,13577,197
2021-04-30,Calaveras,009,45235,2101,2087,13,2100,50
2021-04-30,Colusa,011,21464,1927,1931,293,2224,14
2021-04-30,Contra Costa,013,1133247,68312,67684,1231,68915,800
2021-04-30,Del Norte,015,27424,1334,1276,11,1287,6
2021-04-30,El Dorado,017,186661,10040,9906,710,10616,110
2021-04-30,Fresno,019,978130,101793,101263,8595,109858,1670
2021-04-30,Glenn,021,27897,2392,2369,541,2910,17
2021-04-30,Humboldt,023,135768,3864,3834,31,3865,36
2021-04-30,Imperial,025,180216,28317,28244,2700,30944,721
2021-04-30,Inyo,027,18085,1399,1397,11,1408,36
2021-04-30,Kern,029,883053,96623,95605,10654,106259,1298
2021-04-30,Kings,031,150075,23039,22793,1077,23870,246
2021-04-30,Lake,033,64148,3467,3440,9,3449,43
2021-04-30,Lassen,035,31185,5173,5140,105,5245,1
2021-04-30,Los Angeles,037,10098052,1200663,1192393,41308,1233701,23919
2021-04-30,Madera,039,155013,16497,16395,923,17318,235
2021-04-30,Marin,041,260295,13970,13895,247,14142,228
2021-04-30,Mariposa,043,17540,422,417,11,428,5
2021-04-30,Mendocino,045,87422,3847,3777,79,3856,46
2021-04-30,Merced,047,269075,30676,30740,1041,31781,444
2021-04-30,Modoc,049,8938,369,360,121,481,3
2021-04-30,Mono,051,14174,1249,1258,17,1275,3
2021-04-30,Monterey,053,433212,42973,42810,1855,44665,379
2021-04-30,Napa,055,140530,9803,9792,36,9828,81
2021-04-30,Nevada,057,99092,4700,4608,187,4795,70
2021-04-30,Orange,059,3164182,254266,252883,11233,264116,4956
2021-04-30,Placer,061,380077,22741,22190,1425,23615,287
2021-04-30,Plumas,063,18699,690,677,10,687,4
2021-04-30,Riverside,065,2383286,292676,287030,13929,300959,4412
2021-04-30,Sacramento,067,1510023,103660,102864,1672,104536,1596
2021-04-30,San Benito,069,59416,6019,6024,113,6137,63
2021-04-30,San Bernardino,071,2135413,292013,290704,8944,299648,4640
2021-04-30,San Diego,073,3302833,277914,276157,14530,290687,3702
2021-04-30,San Francisco,075,870044,36329,36453,1270,37723,538
2021-04-30,San Joaquin,077,732212,72103,71311,3460,74771,1306
2021-04-30,San Luis Obispo,079,281455,21167,20884,718,21602,255
2021-04-30,San Mateo,081,765935,41952,41583,461,42044,380
2021-04-30,Santa Barbara,083,443738,34211,34061,1133,35194,451
2021-04-30,Santa Clara,085,1922200,117655,118170,744,118914,1988
2021-04-30,Santa Cruz,087,273765,16124,15975,811,16786,207
2021-04-30,Shasta,089,179085,11874,11848,1472,13320,197
2021-04-30,Sierra,091,2930,56,53,12,65,0
2021-04-30,Siskiyou,093,43540,1770,1628,310,1938,11
2021-04-30,Solano,095,438530,32202,32050,507,32557,249
2021-04-30,Sonoma,097,501317,29672,29816,320,30136,318
2021-04-30,Stanislaus,099,539301,55263,54938,5838,60776,774
2021-04-30,Sutter,101,95872,9331,9353,83,9436,110
2021-04-30,Tehama,103,63373,4973,4944,559,5503,53
2021-04-30,Trinity,105,12862,482,326,86,412,3
2021-04-30,Tulare,107,460477,49826,48797,8883,57680,836
2021-04-30,Tuolumne,109,53932,3973,4033,38,4071,61
2021-04-30,Ventura,111,848112,80865,80232,2961,83193,1004
2021-04-30,Yolo,113,214977,13816,13756,282,14038,208
2021-04-30,Yuba,115,75493,5906,5870,121,5991,44
2021-04-29,Alameda,001,1643700,86799,86490,1915,88405,1263
2021-04-29,Alpine,003,1148,87,88,0,88,0
2021-04-29,Amador,005,37829,3648,3649,33,3682,46
2021-04-29,Butte,007,227075,12189,11787,1763,13550,196
2021-04-29,Calaveras,009,45235,2098,2082,13,2095,50
2021-04-29,Colusa,011,21464,1927,1929,293,2222,14
2021-04-29,Contra Costa,013,1133247,68257,67606,1228,68834,795
2021-04-29,Del Norte,015,27424,1330,1271,11,1282,6
2021-04-29,El Dorado,017,186661,10020,9884,707,10591,107
2021-04-29,Fresno,019,978130,101739,101189,8584,109773,1667
2021-04-29,Glenn,021,27897,2389,2369,541,2910,17
2021-04-29,Humboldt,023,135768,3850,3815,31,3846,36
2021-04-29,Imperial,025,180216,28305,28235,2699,30934,720
2021-04-29,Inyo,027,18085,1399,1396,11,1407,36
2021-04-29,Kern,029,883053,96590,95547,10650,106197,1295
2021-04-29,Kings,031,150075,23029,22777,1072,23849,245
2021-04-29,Lake,033,64148,3459,3438,9,3447,43
2021-04-29,Lassen,035,31185,5173,5140,105,5245,1
2021-04-29,Los Angeles,037,10098052,1200385,1192068,41288,1233356,23899
2021-04-29,Madera,039,155013,16492,16383,922,17305,235
2021-04-29,Marin,041,260295,13966,13884,239,14123,228
2021-04-29,Mariposa,043,17540,421,416,11,427,5
2021-04-29,Mendocino,045,87422,3841,3774,79,3853,46
2021-04-29,Merced,047,269075,30657,30706,1040,31746,444
2021-04-29,Modoc,049,8938,369,360,121,481,3
2021-04-29,Mono,051,14174,1246,1259,17,1276,3
2021-04-29,Monterey,053,433212,42956,42797,1854,44651,379
2021-04-29,Napa,055,140530,9789,9789,36,9825,81
2021-04-29,Nevada,057,99092,4689,4590,187,4777,70
2021-04-29,Orange,059,3164182,254196,252823,11218,264041,4934
2021-04-29,Placer,061,380077,22716,22161,1423,23584,286
2021-04-29,Plumas,063,18699,689,676,10,686,4
2021-04-29,Riverside,065,2383286,292608,286947,13926,300873,4409
2021-04-29,Sacramento,067,1510023,103527,102686,1662,104348,1593
2021-04-29,San Benito,069,59416,6018,6023,113,6136,63
2021-04-29,San Bernardino,071,2135413,291941,290606,8939,299545,4609
2021-04-29,San Diego,073,3302833,277763,275961,14513,290474,3700
2021-04-29,San Francisco,075,870044,36303,36412,1270,37682,537
2021-04-29,San Joaquin,077,732212,72037,71225,3455,74680,1301
2021-04-29,San Luis Obispo,079,281455,21156,20876,718,21594,255
2021-04-29,San Mateo,081,765935,41924,41538,460,41998,358
2021-04-29,Santa Barbara,083,443738,34195,34039,1131,35170,448
2021-04-29,Santa Clara,085,1922200,117600,118082,741,118823,1984
2021-04-29,Santa Cruz,087,273765,16118,15961,811,16772,205
2021-04-29,Shasta,089,179085,11843,11836,1464,13300,193
2021-04-29,Sierra,091,2930,56,53,12,65,0
2021-04-29,Siskiyou,093,43540,1761,1615,307,1922,11
2021-04-29,Solano,095,438530,32161,32002,503,32505,248
2021-04-29,Sonoma,097,501317,29657,29785,317,30102,318
2021-04-29,Stanislaus,099,539301,55196,54836,5833,60669,774
2021-04-29,Sutter,101,95872,9324,9346,83,9429,110
2021-04-29,Tehama,103,63373,4965,4939,559,5498,53
2021-04-29,Trinity,105,12862,482,326,86,412,3
2021-04-29,Tulare,107,460477,49808,48785,8871,57656,832
2021-04-29,Tuolumne,109,53932,3972,4030,38,4068,58
2021-04-29,Ventura,111,848112,80831,80188,2959,83147,1002
2021-04-29,Yolo,113,214977,13796,13745,281,14026,205
2021-04-29,Yuba,115,75493,5896,5865,121,5986,44
2021-04-28,Alameda,001,1643700,86727,86390,1911,88301,1260
2021-04-28,Alpine,003,1148,87,88,0,88,0
2021-04-28,Amador,005,37829,3648,3646,33,3679,46
2021-04-28,Butte,007,227075,12169,11762,1758,13520,196
2021-04-28,Calaveras,009,45235,2094,2078,12,2090,50
2021-04-28,Colusa,011,21464,1924,1927,292,2219,14
2021-04-28,Contra Costa,013,1133247,68197,67539,1226,68765,795
2021-04-28,Del Norte,015,27424,1322,1267,11,1278,6
2021-04-28,El Dorado,017,186661,9995,9873,707,10580,107
2021-04-28,Fresno,019,978130,101692,101161,8574,109735,1666
2021-04-28,Glenn,021,27897,2386,2368,541,2909,17
2021-04-28,Humboldt,023,135768,3834,3796,31,3827,36
2021-04-28,Imperial,025,180216,28291,28177,2698,30875,720
2021-04-28,Inyo,027,18085,1399,1396,10,1406,36
2021-04-28,Kern,029,883053,96561,95494,10641,106135,1295
2021-04-28,Kings,031,150075,23017,22767,1070,23837,245
2021-04-28,Lake,033,64148,3456,3433,9,3442,43
2021-04-28,Lassen,035,31185,5173,5138,105,5243,1
2021-04-28,Los Angeles,037,10098052,1200086,1191729,41261,1232990,23858
2021-04-28,Madera,039,155013,16488,16372,922,17294,235
2021-04-28,Marin,041,260295,13955,13866,239,14105,227
2021-04-28,Mariposa,043,17540,418,415,11,426,5
2021-04-28,Mendocino,045,87422,3835,3770,77,3847,46
2021-04-28,Merced,047,269075,30639,30649,1040,31689,443
2021-04-28,Modoc,049,8938,369,360,121,481,3
2021-04-28,Mono,051,14174,1246,1258,17,1275,3
2021-04-28,Monterey,053,433212,42951,42776,1854,44630,379
2021-04-28,Napa,055,140530,9778,9777,36,9813,81
2021-04-28,Nevada,057,99092,4669,4570,187,4757,70
2021-04-28,Orange,059,3164182,254116,252747,11205,263952,4931
2021-04-28,Placer,061,380077,22689,22115,1422,23537,285
2021-04-28,Plumas,063,18699,689,676,10,686,4
2021-04-28,Riverside,065,2383286,292552,286868,13920,300788,4407
2021-04-28,Sacramento,067,1510023,103405,102613,1658,104271,1591
2021-04-28,San Benito,069,59416,6016,6021,113,6134,63
2021-04-28,San Bernardino,071,2135413,291862,290548,8929,299477,4582
2021-04-28,San Diego,073,3302833,277609,275821,14499,290320,3698
2021-04-28,San Francisco,075,870044,36273,36382,1269,37651,534
2021-04-28,San Joaquin,077,732212,71957,71171,3447,74618,1301
2021-04-28,San Luis Obispo,079,281455,21148,20851,718,21569,255
2021-04-28,San Mateo,081,765935,41899,41498,458,41956,358
2021-04-28,Santa Barbara,083,443738,34181,34003,1131,35134,448
2021-04-28,Santa Clara,085,1922200,117531,117997,739,118736,1969
2021-04-28,Santa Cruz,087,273765,16114,15943,810,16753,205
2021-04-28,Shasta,089,179085,11827,11815,1457,13272,192
2021-04-28,Sierra,091,2930,56,51,12,63,0
2021-04-28,Siskiyou,093,43540,1748,1603,304,1907,11
2021-04-28,Solano,095,438530,32129,31982,498,32480,248
2021-04-28,Sonoma,097,501317,29643,29773,313,30086,318
2021-04-28,Stanislaus,099,539301,55141,54745,5830,60575,774
2021-04-28,Sutter,101,95872,9319,9343,83,9426,110
2021-04-28,Tehama,103,63373,4960,4930,558,5488,53
2021-04-28,Trinity,105,12862,482,326,86,412,3
2021-04-28,Tulare,107,460477,49790,48754,8856,57610,832
2021-04-28,Tuolumne,109,53932,3969,4029,38,4067,58
2021-04-28,Ventura,111,848112,80796,80172,2957,83129,1000
2021-04-28,Yolo,113,214977,13782,13721,280,14001,205
2021-04-28,Yuba,115,75493,5890,5857,121,5978,44
2021-04-27,Alameda,001,1643700,86636,86301,1905,88206,1260
2021-04-27,Alpine,003,1148,87,88,0,88,0
2021-04-27,Amador,005,37829,3648,3645,33,3678,46
2021-04-27,Butte,007,227075,12144,11738,1752,13490,196
2021-04-27,Calaveras,009,45235,2092,2076,12,2088,50
2021-04-27,Colusa,011,21464,1923,1926,292,2218,14
2021-04-27,Contra Costa,013,1133247,68128,67470,1222,68692,791
2021-04-27,Del Norte,015,27424,1310,1266,11,1277,6
2021-04-27,El Dorado,017,186661,9966,9866,704,10570,106
2021-04-27,Fresno,019,978130,101627,101138,8564,109702,1663
2021-04-27,Glenn,021,27897,2386,2368,541,2909,17
2021-04-27,Humboldt,023,135768,3822,3780,31,3811,35
2021-04-27,Imperial,025,180216,28275,28149,2692,30841,720
2021-04-27,Inyo,027,18085,1399,1396,10,1406,36
2021-04-27,Kern,029,883053,96504,95466,10630,106096,1295
2021-04-27,Kings,031,150075,23002,22759,1068,23827,244
2021-04-27,Lake,033,64148,3455,3431,9,3440,43
2021-04-27,Lassen,035,31185,5173,5137,105,5242,1
2021-04-27,Los Angeles,037,10098052,1199762,1191504,41231,1232735,23825
2021-04-27,Madera,039,155013,16481,16365,922,17287,235
2021-04-27,Marin,041,260295,13933,13855,239,14094,227
2021-04-27,Mariposa,043,17540,417,413,11,424,5
2021-04-27,Mendocino,045,87422,3831,3765,77,3842,46
2021-04-27,Merced,047,269075,30598,30620,1040,31660,443
2021-04-27,Modoc,049,8938,368,360,121,481,3
2021-04-27,Mono,051,14174,1246,1257,17,1274,3
2021-04-27,Monterey,053,433212,42933,42752,1851,44603,379
2021-04-27,Napa,055,140530,9771,9774,34,9808,81
2021-04-27,Nevada,057,99092,4654,4557,187,4744,70
2021-04-27,Orange,059,3164182,254047,252667,11200,263867,4925
2021-04-27,Placer,061,380077,22660,22050,1418,23468,285
2021-04-27,Plumas,063,18699,688,675,10,685,4
2021-04-27,Riverside,065,2383286,292476,286820,13916,300736,4405
2021-04-27,Sacramento,067,1510023,103276,102595,1648,104243,1589
2021-04-27,San Benito,069,59416,6011,6016,113,6129,63
2021-04-27,San Bernardino,071,2135413,291794,290461,8924,299385,4575
2021-04-27,San Diego,073,3302833,277452,275685,14479,290164,3692
2021-04-27,San Francisco,075,870044,36245,36358,1268,37626,533
2021-04-27,San Joaquin,077,732212,71904,71104,3441,74545,1301
2021-04-27,San Luis Obispo,079,281455,21141,20841,718,21559,255
2021-04-27,San Mateo,081,765935,41864,41474,457,41931,358
2021-04-27,Santa Barbara,083,443738,34157,33973,1130,35103,448
2021-04-27,Santa Clara,085,1922200,117481,117945,738,118683,1969
2021-04-27,Santa Cruz,087,273765,16107,15905,809,16714,205
2021-04-27,Shasta,089,179085,11799,11802,1450,13252,192
2021-04-27,Sierra,091,2930,56,51,12,63,0
2021-04-27,Siskiyou,093,43540,1733,1597,303,1900,11
2021-04-27,Solano,095,438530,32081,31964,497,32461,248
2021-04-27,Sonoma,097,501317,29625,29761,312,30073,318
2021-04-27,Stanislaus,099,539301,55071,54695,5822,60517,752
2021-04-27,Sutter,101,95872,9314,9342,83,9425,110
2021-04-27,Tehama,103,63373,4957,4922,554,5476,53
2021-04-27,Trinity,105,12862,482,326,86,412,3
2021-04-27,Tulare,107,460477,49774,48744,8847,57591,832
2021-04-27,Tuolumne,109,53932,3966,4028,38,4066,58
2021-04-27,Ventura,111,848112,80767,80152,2955,83107,1000
2021-04-27,Yolo,113,214977,13769,13697,278,13975,205
2021-04-27,Yuba,115,75493,5890,5853,121,5974,44
2021-04-26,Alameda,001,1643700,86542,86230,1902,88132,1256
2021-04-26,Alpine,003,1148,87,88,0,88,0
2021-04-26,Amador,005,37829,3647,3645,33,3678,46
2021-04-26,Butte,007,227075,12120,11720,1748,13468,196
2021-04-26,Calaveras,009,45235,2086,2074,12,2086,50
2021-04-26,Colusa,011,21464,1923,1925,291,2216,14
2021-04-26,Contra Costa,013,1133247,68061,67392,1218,68610,789
2021-04-26,Del Norte,015,27424,1301,1263,11,1274,6
2021-04-26,El Dorado,017,186661,9945,9849,703,10552,106
2021-04-26,Fresno,019,978130,101572,101099,8550,109649,1662
2021-04-26,Glenn,021,27897,2384,2367,541,2908,17
2021-04-26,Humboldt,023,135768,3812,3764,30,3794,35
2021-04-26,Imperial,025,180216,28262,28148,2689,30837,720
2021-04-26,Inyo,027,18085,1398,1396,10,1406,36
2021-04-26,Kern,029,883053,96477,95429,10624,106053,1295
2021-04-26,Kings,031,150075,22999,22756,1065,23821,244
2021-04-26,Lake,033,64148,3450,3428,9,3437,43
2021-04-26,Lassen,035,31185,5173,5138,105,5243,1
2021-04-26,Los Angeles,037,10098052,1199432,1191253,41212,1232465,23802
2021-04-26,Madera,039,155013,16469,16353,921,17274,231
2021-04-26,Marin,041,260295,13918,13849,239,14088,227
2021-04-26,Mariposa,043,17540,416,410,11,421,5
2021-04-26,Mendocino,045,87422,3829,3757,76,3833,46
2021-04-26,Merced,047,269075,30581,30611,1037,31648,443
2021-04-26,Modoc,049,8938,368,360,121,481,3
2021-04-26,Mono,051,14174,1246,1258,17,1275,3
2021-04-26,Monterey,053,433212,42917,42740,1850,44590,379
2021-04-26,Napa,055,140530,9759,9769,34,9803,79
2021-04-26,Nevada,057,99092,4633,4548,187,4735,70
2021-04-26,Orange,059,3164182,253963,252592,11189,263781,4919
2021-04-26,Placer,061,380077,22632,22032,1413,23445,285
2021-04-26,Plumas,063,18699,688,670,10,680,4
2021-04-26,Riverside,065,2383286,292414,286724,13908,300632,4401
2021-04-26,Sacramento,067,1510023,103104,102459,1635,104094,1587
2021-04-26,San Benito,069,59416,6009,6013,113,6126,63
2021-04-26,San Bernardino,071,2135413,291743,290394,8923,299317,4572
2021-04-26,San Diego,073,3302833,277277,275541,14451,289992,3692
2021-04-26,San Francisco,075,870044,36217,36330,1267,37597,532
2021-04-26,San Joaquin,077,732212,71838,71050,3433,74483,1301
2021-04-26,San Luis Obispo,079,281455,21133,20830,717,21547,255
2021-04-26,San Mateo,081,765935,41834,41457,457,41914,357
2021-04-26,Santa Barbara,083,443738,34126,33948,1130,35078,448
2021-04-26,Santa Clara,085,1922200,117381,117874,735,118609,1968
2021-04-26,Santa Cruz,087,273765,16098,15877,809,16686,205
2021-04-26,Shasta,089,179085,11782,11787,1444,13231,192
2021-04-26,Sierra,091,2930,55,51,12,63,0
2021-04-26,Siskiyou,093,43540,1723,1592,300,1892,11
2021-04-26,Solano,095,438530,32036,31913,495,32408,247
2021-04-26,Sonoma,097,501317,29602,29755,310,30065,318
2021-04-26,Stanislaus,099,539301,54981,54638,5816,60454,744
2021-04-26,Sutter,101,95872,9309,9328,83,9411,110
2021-04-26,Tehama,103,63373,4952,4920,551,5471,53
2021-04-26,Trinity,105,12862,482,326,86,412,3
2021-04-26,Tulare,107,460477,49754,48735,8838,57573,831
2021-04-26,Tuolumne,109,53932,3965,4024,38,4062,58
2021-04-26,Ventura,111,848112,80742,80137,2952,83089,999
2021-04-26,Yolo,113,214977,13749,13684,275,13959,205
2021-04-26,Yuba,115,75493,5888,5851,121,5972,44
2021-04-25,Alameda,001,1643700,86440,86162,1895,88057,1256
2021-04-25,Alpine,003,1148,87,87,0,87,0
2021-04-25,Amador,005,37829,3646,3643,33,3676,46
2021-04-25,Butte,007,227075,12091,11709,1741,13450,196
2021-04-25,Calaveras,009,45235,2081,2072,11,2083,50
2021-04-25,Colusa,011,21464,1922,1924,291,2215,14
2021-04-25,Contra Costa,013,1133247,67969,67316,1217,68533,789
2021-04-25,Del Norte,015,27424,1295,1259,11,1270,6
2021-04-25,El Dorado,017,186661,9929,9837,701,10538,106
2021-04-25,Fresno,019,978130,101513,101061,8538,109599,1662
2021-04-25,Glenn,021,27897,2384,2366,541,2907,17
2021-04-25,Humboldt,023,135768,3799,3751,30,3781,35
2021-04-25,Imperial,025,180216,28236,28136,2686,30822,720
2021-04-25,Inyo,027,18085,1398,1396,10,1406,36
2021-04-25,Kern,029,883053,96411,95398,10611,106009,1295
2021-04-25,Kings,031,150075,22985,22755,1063,23818,244
2021-04-25,Lake,033,64148,3448,3427,9,3436,43
2021-04-25,Lassen,035,31185,5171,5138,105,5243,1
2021-04-25,Los Angeles,037,10098052,1199097,1190970,41191,1232161,23799
2021-04-25,Madera,039,155013,16457,16346,921,17267,231
2021-04-25,Marin,041,260295,13909,13852,239,14091,227
2021-04-25,Mariposa,043,17540,416,410,11,421,5
2021-04-25,Mendocino,045,87422,3822,3757,76,3833,46
2021-04-25,Merced,047,269075,30547,30586,1036,31622,443
2021-04-25,Modoc,049,8938,368,360,121,481,3
2021-04-25,Mono,051,14174,1246,1257,17,1274,3
2021-04-25,Monterey,053,433212,42904,42737,1848,44585,379
2021-04-25,Napa,055,140530,9754,9762,34,9796,79
2021-04-25,Nevada,057,99092,4621,4536,187,4723,70
2021-04-25,Orange,059,3164182,253887,252531,11182,263713,4919
2021-04-25,Placer,061,380077,22586,22011,1405,23416,285
2021-04-25,Plumas,063,18699,687,670,10,680,4
2021-04-25,Riverside,065,2383286,292320,286651,13902,300553,4401
2021-04-25,Sacramento,067,1510023,102936,102319,1625,103944,1587
2021-04-25,San Benito,069,59416,6007,6014,112,6126,63
2021-04-25,San Bernardino,071,2135413,291668,290357,8915,299272,4571
2021-04-25,San Diego,073,3302833,277064,275412,14418,289830,3692
2021-04-25,San Francisco,075,870044,36186,36310,1267,37577,532
2021-04-25,San Joaquin,077,732212,71743,70987,3423,74410,1301
2021-04-25,San Luis Obispo,079,281455,21114,20820,715,21535,255
2021-04-25,San Mateo,081,765935,41799,41465,456,41921,356
2021-04-25,Santa Barbara,083,443738,34100,33931,1130,35061,448
2021-04-25,Santa Clara,085,1922200,117302,117778,733,118511,1968
2021-04-25,Santa Cruz,087,273765,16092,15868,807,16675,205
2021-04-25,Shasta,089,179085,11759,11784,1439,13223,192
2021-04-25,Sierra,091,2930,55,51,12,63,0
2021-04-25,Siskiyou,093,43540,1712,1580,298,1878,11
2021-04-25,Solano,095,438530,31989,31864,487,32351,247
2021-04-25,Sonoma,097,501317,29584,29756,310,30066,318
2021-04-25,Stanislaus,099,539301,54885,54543,5808,60351,744
2021-04-25,Sutter,101,95872,9303,9326,83,9409,110
2021-04-25,Tehama,103,63373,4948,4916,549,5465,53
2021-04-25,Trinity,105,12862,482,326,86,412,3
2021-04-25,Tulare,107,460477,49738,48728,8824,57552,831
2021-04-25,Tuolumne,109,53932,3963,4022,38,4060,58
2021-04-25,Ventura,111,848112,80718,80110,2952,83062,999
2021-04-25,Yolo,113,214977,13724,13667,273,13940,205
2021-04-25,Yuba,115,75493,5885,5849,120,5969,44
2021-04-24,Alameda,001,1643700,86386,86016,1893,87909,1257
2021-04-24,Alpine,003,1148,87,86,0,86,0
2021-04-24,Amador,005,37829,3645,3640,33,3673,46
2021-04-24,Butte,007,227075,12075,11678,1739,13417,196
2021-04-24,Calaveras,009,45235,2077,2067,11,2078,50
2021-04-24,Colusa,011,21464,1921,1921,291,2212,14
2021-04-24,Contra Costa,013,1133247,67899,67222,1215,68437,789
2021-04-24,Del Norte,015,27424,1290,1255,11,1266,6
2021-04-24,El Dorado,017,186661,9918,9814,700,10514,106
2021-04-24,Fresno,019,978130,101482,100991,8532,109523,1662
2021-04-24,Glenn,021,27897,2384,2363,541,2904,17
2021-04-24,Humboldt,023,135768,3785,3722,30,3752,35
2021-04-24,Imperial,025,180216,28229,28124,2685,30809,720
2021-04-24,Inyo,027,18085,1397,1396,10,1406,36
2021-04-24,Kern,029,883053,96392,95365,10601,105966,1295
2021-04-24,Kings,031,150075,22982,22749,1063,23812,244
2021-04-24,Lake,033,64148,3447,3426,9,3435,43
2021-04-24,Lassen,035,31185,5170,5137,105,5242,1
2021-04-24,Los Angeles,037,10098052,1198868,1190603,41175,1231778,23802
2021-04-24,Madera,039,155013,16454,16338,921,17259,231
2021-04-24,Marin,041,260295,13901,13847,239,14086,227
2021-04-24,Mariposa,043,17540,416,409,11,420,5
2021-04-24,Mendocino,045,87422,3820,3754,74,3828,46
2021-04-24,Merced,047,269075,30527,30559,1036,31595,443
2021-04-24,Modoc,049,8938,368,360,121,481,3
2021-04-24,Mono,051,14174,1246,1256,17,1273,3
2021-04-24,Monterey,053,433212,42892,42727,1847,44574,379
2021-04-24,Napa,055,140530,9748,9756,34,9790,79
2021-04-24,Nevada,057,99092,4614,4522,187,4709,70
2021-04-24,Orange,059,3164182,253843,252441,11176,263617,4910
2021-04-24,Placer,061,380077,22573,21983,1404,23387,285
2021-04-24,Plumas,063,18699,686,670,10,680,4
2021-04-24,Riverside,065,2383286,292252,286552,13898,300450,4400
2021-04-24,Sacramento,067,1510023,102853,102179,1618,103797,1587
2021-04-24,San Benito,069,59416,6005,6007,112,6119,63
2021-04-24,San Bernardino,071,2135413,291619,290264,8914,299178,4568
2021-04-24,San Diego,073,3302833,276960,275252,14398,289650,3688
2021-04-24,San Francisco,075,870044,36157,36285,1263,37548,532
2021-04-24,San Joaquin,077,732212,71700,70911,3420,74331,1301
2021-04-24,San Luis Obispo,079,281455,21104,20797,714,21511,255
2021-04-24,San Mateo,081,765935,41786,41424,454,41878,355
2021-04-24,Santa Barbara,083,443738,34085,33911,1129,35040,448
2021-04-24,Santa Clara,085,1922200,117247,117674,731,118405,1968
2021-04-24,Santa Cruz,087,273765,16084,15840,807,16647,205
2021-04-24,Shasta,089,179085,11741,11770,1436,13206,192
2021-04-24,Sierra,091,2930,55,51,12,63,0
2021-04-24,Siskiyou,093,43540,1702,1574,297,1871,11
2021-04-24,Solano,095,438530,31966,31821,484,32305,247
2021-04-24,Sonoma,097,501317,29582,29739,310,30049,318
2021-04-24,Stanislaus,099,539301,54836,54455,5805,60260,744
2021-04-24,Sutter,101,95872,9300,9316,83,9399,110
2021-04-24,Tehama,103,63373,4943,4907,549,5456,53
2021-04-24,Trinity,105,12862,482,326,86,412,3
2021-04-24,Tulare,107,460477,49727,48705,8814,57519,830
2021-04-24,Tuolumne,109,53932,3959,4020,38,4058,58
2021-04-24,Ventura,111,848112,80705,80097,2950,83047,999
2021-04-24,Yolo,113,214977,13713,13653,273,13926,205
2021-04-24,Yuba,115,75493,5883,5837,120,5957,44
2021-04-23,Alameda,001,1643700,86312,85935,1890,87825,1256
2021-04-23,Alpine,003,1148,86,86,0,86,0
2021-04-23,Amador,005,37829,3644,3637,33,3670,46
2021-04-23,Butte,007,227075,12054,11672,1734,13406,196
2021-04-23,Calaveras,009,45235,2074,2064,11,2075,50
2021-04-23,Colusa,011,21464,1920,1921,291,2212,14
2021-04-23,Contra Costa,013,1133247,67845,67164,1213,68377,785
2021-04-23,Del Norte,015,27424,1289,1254,11,1265,6
2021-04-23,El Dorado,017,186661,9901,9788,697,10485,106
2021-04-23,Fresno,019,978130,101441,100928,8526,109454,1662
2021-04-23,Glenn,021,27897,2384,2361,540,2901,17
2021-04-23,Humboldt,023,135768,3775,3698,30,3728,35
2021-04-23,Imperial,025,180216,28214,28108,2684,30792,720
2021-04-23,Inyo,027,18085,1397,1395,10,1405,36
2021-04-23,Kern,029,883053,96367,95330,10595,105925,1295
2021-04-23,Kings,031,150075,22979,22735,1063,23798,244
2021-04-23,Lake,033,64148,3445,3425,9,3434,43
2021-04-23,Lassen,035,31185,5170,5141,105,5246,1
2021-04-23,Los Angeles,037,10098052,1198604,1190264,41149,1231413,23785
2021-04-23,Madera,039,155013,16445,16328,921,17249,231
2021-04-23,Marin,041,260295,13896,13838,239,14077,227
2021-04-23,Mariposa,043,17540,415,405,11,416,5
2021-04-23,Mendocino,045,87422,3818,3745,73,3818,46
2021-04-23,Merced,047,269075,30510,30530,1035,31565,443
2021-04-23,Modoc,049,8938,368,360,121,481,3
2021-04-23,Mono,051,14174,1244,1256,17,1273,3
2021-04-23,Monterey,053,433212,42886,42722,1847,44569,377
2021-04-23,Napa,055,140530,9743,9752,34,9786,79
2021-04-23,Nevada,057,99092,4605,4510,187,4697,70
2021-04-23,Orange,059,3164182,253799,252399,11169,263568,4904
2021-04-23,Placer,061,380077,22550,21959,1403,23362,282
2021-04-23,Plumas,063,18699,685,670,10,680,4
2021-04-23,Riverside,065,2383286,292193,286456,13893,300349,4399
2021-04-23,Sacramento,067,1510023,102766,102041,1615,103656,1586
2021-04-23,San Benito,069,59416,6003,6005,112,6117,63
2021-04-23,San Bernardino,071,2135413,291568,290189,8913,299102,4568
2021-04-23,San Diego,073,3302833,276822,275097,14375,289472,3684
2021-04-23,San Francisco,075,870044,36141,36252,1262,37514,532
2021-04-23,San Joaquin,077,732212,71644,70840,3417,74257,1295
2021-04-23,San Luis Obispo,079,281455,21095,20781,713,21494,255
2021-04-23,San Mateo,081,765935,41760,41386,454,41840,355
2021-04-23,Santa Barbara,083,443738,34075,33895,1127,35022,447
2021-04-23,Santa Clara,085,1922200,117185,117593,730,118323,1965
2021-04-23,Santa Cruz,087,273765,16077,15802,807,16609,205
2021-04-23,Shasta,089,179085,11734,11759,1435,13194,192
2021-04-23,Sierra,091,2930,55,51,12,63,0
2021-04-23,Siskiyou,093,43540,1690,1567,296,1863,11
2021-04-23,Solano,095,438530,31934,31784,480,32264,247
2021-04-23,Sonoma,097,501317,29568,29727,310,30037,318
2021-04-23,Stanislaus,099,539301,54774,54391,5797,60188,744
2021-04-23,Sutter,101,95872,9298,9312,83,9395,110
2021-04-23,Tehama,103,63373,4940,4906,549,5455,53
2021-04-23,Trinity,105,12862,482,326,86,412,3
2021-04-23,Tulare,107,460477,49710,48694,8806,57500,829
2021-04-23,Tuolumne,109,53932,3958,4020,38,4058,58
2021-04-23,Ventura,111,848112,80686,80095,2950,83045,996
2021-04-23,Yolo,113,214977,13702,13647,272,13919,205
2021-04-23,Yuba,115,75493,5880,5828,120,5948,44
2021-04-22,Alameda,001,1643700,86223,85829,1889,87718,1253
2021-04-22,Alpine,003,1148,86,86,0,86,0
2021-04-22,Amador,005,37829,3643,3633,33,3666,46
2021-04-22,Butte,007,227075,12040,11656,1731,13387,196
2021-04-22,Calaveras,009,45235,2072,2059,11,2070,50
2021-04-22,Colusa,011,21464,1918,1920,289,2209,14
2021-04-22,Contra Costa,013,1133247,67773,67029,1208,68237,782
2021-04-22,Del Norte,015,27424,1284,1252,11,1263,6
2021-04-22,El Dorado,017,186661,9890,9773,694,10467,106
2021-04-22,Fresno,019,978130,101396,100864,8515,109379,1657
2021-04-22,Glenn,021,27897,2383,2361,540,2901,17
2021-04-22,Humboldt,023,135768,3766,3680,30,3710,35
2021-04-22,Imperial,025,180216,28193,28096,2681,30777,720
2021-04-22,Inyo,027,18085,1396,1394,10,1404,36
2021-04-22,Kern,029,883053,96324,95292,10579,105871,1299
2021-04-22,Kings,031,150075,22969,22725,1063,23788,243
2021-04-22,Lake,033,64148,3443,3423,9,3432,43
2021-04-22,Lassen,035,31185,5170,5155,105,5260,1
2021-04-22,Los Angeles,037,10098052,1198283,1189878,41128,1231006,23762
2021-04-22,Madera,039,155013,16426,16316,921,17237,231
2021-04-22,Marin,041,260295,13888,13832,239,14071,227
2021-04-22,Mariposa,043,17540,414,403,11,414,5
2021-04-22,Mendocino,045,87422,3812,3729,73,3802,46
2021-04-22,Merced,047,269075,30475,30490,1034,31524,443
2021-04-22,Modoc,049,8938,368,360,121,481,3
2021-04-22,Mono,051,14174,1244,1254,17,1271,3
2021-04-22,Monterey,053,433212,42879,42708,1845,44553,377
2021-04-22,Napa,055,140530,9733,9734,34,9768,79
2021-04-22,Nevada,057,99092,4595,4504,185,4689,70
2021-04-22,Orange,059,3164182,253726,252307,11156,263463,4898
2021-04-22,Placer,061,380077,22518,21916,1399,23315,282
2021-04-22,Plumas,063,18699,684,670,10,680,4
2021-04-22,Riverside,065,2383286,292094,286362,13884,300246,4398
2021-04-22,Sacramento,067,1510023,102617,101870,1606,103476,1585
2021-04-22,San Benito,069,59416,5999,5998,112,6110,63
2021-04-22,San Bernardino,071,2135413,291497,290125,8904,299029,4571
2021-04-22,San Diego,073,3302833,276656,275913,14353,290266,3684
2021-04-22,San Francisco,075,870044,36118,36218,1259,37477,532
2021-04-22,San Joaquin,077,732212,71585,70751,3410,74161,1295
2021-04-22,San Luis Obispo,079,281455,21081,20761,713,21474,255
2021-04-22,San Mateo,081,765935,41734,41345,452,41797,355
2021-04-22,Santa Barbara,083,443738,34052,33870,1126,34996,446
2021-04-22,Santa Clara,085,1922200,117097,117457,726,118183,1954
2021-04-22,Santa Cruz,087,273765,16074,15737,806,16543,205
2021-04-22,Shasta,089,179085,11719,11738,1433,13171,192
2021-04-22,Sierra,091,2930,55,51,12,63,0
2021-04-22,Siskiyou,093,43540,1686,1564,295,1859,11
2021-04-22,Solano,095,438530,31888,31731,477,32208,247
2021-04-22,Sonoma,097,501317,29553,29705,306,30011,318
2021-04-22,Stanislaus,099,539301,54701,54313,5791,60104,744
2021-04-22,Sutter,101,95872,9294,9302,83,9385,110
2021-04-22,Tehama,103,63373,4934,4896,545,5441,53
2021-04-22,Trinity,105,12862,482,326,86,412,3
2021-04-22,Tulare,107,460477,49690,48669,8797,57466,828
2021-04-22,Tuolumne,109,53932,3954,4020,38,4058,58
2021-04-22,Ventura,111,848112,80660,80073,2948,83021,996
2021-04-22,Yolo,113,214977,13681,13616,272,13888,205
2021-04-22,Yuba,115,75493,5870,5825,120,5945,44
2021-04-21,Alameda,001,1643700,86144,85762,1887,87649,1249
2021-04-21,Alpine,003,1148,86,86,0,86,0
2021-04-21,Amador,005,37829,3640,3632,33,3665,46
2021-04-21,Butte,007,227075,12020,11643,1729,13372,196
2021-04-21,Calaveras,009,45235,2062,2057,11,2068,50
2021-04-21,Colusa,011,21464,1916,1920,288,2208,14
2021-04-21,Contra Costa,013,1133247,67707,66981,1207,68188,782
2021-04-21,Del Norte,015,27424,1280,1252,11,1263,6
2021-04-21,El Dorado,017,186661,9873,9760,691,10451,106
2021-04-21,Fresno,019,978130,101340,100838,8509,109347,1654
2021-04-21,Glenn,021,27897,2382,2361,540,2901,17
2021-04-21,Humboldt,023,135768,3747,3642,30,3672,35
2021-04-21,Imperial,025,180216,28181,28052,2680,30732,719
2021-04-21,Inyo,027,18085,1396,1392,10,1402,36
2021-04-21,Kern,029,883053,96278,95257,10569,105826,1297
2021-04-21,Kings,031,150075,22962,22713,1062,23775,243
2021-04-21,Lake,033,64148,3440,3421,9,3430,43
2021-04-21,Lassen,035,31185,5169,5156,105,5261,1
2021-04-21,Los Angeles,037,10098052,1197943,1189530,41108,1230638,23729
2021-04-21,Madera,039,155013,16421,16309,921,17230,231
2021-04-21,Marin,041,260295,13873,13822,239,14061,227
2021-04-21,Mariposa,043,17540,413,402,11,413,5
2021-04-21,Mendocino,045,87422,3810,3729,73,3802,46
2021-04-21,Merced,047,269075,30455,30471,1032,31503,442
2021-04-21,Modoc,049,8938,368,360,121,481,3
2021-04-21,Mono,051,14174,1244,1254,17,1271,3
2021-04-21,Monterey,053,433212,42864,42699,1843,44542,377
2021-04-21,Napa,055,140530,9727,9727,34,9761,79
2021-04-21,Nevada,057,99092,4581,4499,185,4684,70
2021-04-21,Orange,059,3164182,253650,252243,11143,263386,4889
2021-04-21,Placer,061,380077,22487,21896,1394,23290,282
2021-04-21,Plumas,063,18699,684,670,10,680,4
2021-04-21,Riverside,065,2383286,292000,286299,13877,300176,4388
2021-04-21,Sacramento,067,1510023,102488,101803,1600,103403,1579
2021-04-21,San Benito,069,59416,5996,5998,112,6110,63
2021-04-21,San Bernardino,071,2135413,291422,290049,8902,298951,4572
2021-04-21,San Diego,073,3302833,276447,275632,14315,289947,3681
2021-04-21,San Francisco,075,870044,36098,36194,1258,37452,529
2021-04-21,San Joaquin,077,732212,71530,70687,3400,74087,1295
2021-04-21,San Luis Obispo,079,281455,21066,20724,712,21436,255
2021-04-21,San Mateo,081,765935,41703,41318,451,41769,355
2021-04-21,Santa Barbara,083,443738,34033,33830,1125,34955,445
2021-04-21,Santa Clara,085,1922200,117019,117318,720,118038,1946
2021-04-21,Santa Cruz,087,273765,16065,15698,806,16504,204
2021-04-21,Shasta,089,179085,11700,11722,1431,13153,192
2021-04-21,Sierra,091,2930,55,51,12,63,0
2021-04-21,Siskiyou,093,43540,1679,1557,295,1852,11
2021-04-21,Solano,095,438530,31849,31712,476,32188,244
2021-04-21,Sonoma,097,501317,29541,29697,304,30001,318
2021-04-21,Stanislaus,099,539301,54640,54290,5785,60075,742
2021-04-21,Sutter,101,95872,9286,9297,83,9380,110
2021-04-21,Tehama,103,63373,4927,4893,544,5437,53
2021-04-21,Trinity,105,12862,482,326,86,412,3
2021-04-21,Tulare,107,460477,49675,48653,8784,57437,828
2021-04-21,Tuolumne,109,53932,3951,4019,38,4057,58
2021-04-21,Ventura,111,848112,80628,80039,2945,82984,996
2021-04-21,Yolo,113,214977,13661,13606,271,13877,200
2021-04-21,Yuba,115,75493,5863,5822,119,5941,44
2021-04-20,Alameda,001,1643700,86049,85652,1885,87537,1248
2021-04-20,Alpine,003,1148,85,85,0,85,0
2021-04-20,Amador,005,37829,3639,3631,33,3664,46
2021-04-20,Butte,007,227075,12001,11619,1727,13346,196
2021-04-20,Calaveras,009,45235,2061,2053,11,2064,50
2021-04-20,Colusa,011,21464,1916,1915,287,2202,14
2021-04-20,Contra Costa,013,1133247,67623,66889,1204,68093,782
2021-04-20,Del Norte,015,27424,1279,1250,11,1261,6
2021-04-20,El Dorado,017,186661,9845,9743,689,10432,106
2021-04-20,Fresno,019,978130,101282,100768,8499,109267,1650
2021-04-20,Glenn,021,27897,2380,2359,539,2898,17
2021-04-20,Humboldt,023,135768,3729,3612,30,3642,35
2021-04-20,Imperial,025,180216,28162,28024,2676,30700,719
2021-04-20,Inyo,027,18085,1396,1393,10,1403,36
2021-04-20,Kern,029,883053,96242,95223,10552,105775,1295
2021-04-20,Kings,031,150075,22956,22693,1059,23752,243
2021-04-20,Lake,033,64148,3438,3418,9,3427,43
2021-04-20,Lassen,035,31185,5169,5155,105,5260,1
2021-04-20,Los Angeles,037,10098052,1197596,1189256,41078,1230334,23694
2021-04-20,Madera,039,155013,16415,16301,921,17222,231
2021-04-20,Marin,041,260295,13859,13807,239,14046,227
2021-04-20,Mariposa,043,17540,412,402,11,413,5
2021-04-20,Mendocino,045,87422,3809,3726,73,3799,46
2021-04-20,Merced,047,269075,30428,30439,1031,31470,441
2021-04-20,Modoc,049,8938,368,359,121,480,3
2021-04-20,Mono,051,14174,1243,1254,17,1271,3
2021-04-20,Monterey,053,433212,42853,42663,1840,44503,363
2021-04-20,Napa,055,140530,9723,9711,34,9745,79
2021-04-20,Nevada,057,99092,4563,4485,185,4670,70
2021-04-20,Orange,059,3164182,253560,252134,11131,263265,4887
2021-04-20,Placer,061,380077,22453,21846,1390,23236,282
2021-04-20,Plumas,063,18699,683,670,10,680,4
2021-04-20,Riverside,065,2383286,291903,286194,13872,300066,4388
2021-04-20,Sacramento,067,1510023,102350,101629,1592,103221,1574
2021-04-20,San Benito,069,59416,5993,5988,112,6100,63
2021-04-20,San Bernardino,071,2135413,291342,289905,8900,298805,4569
2021-04-20,San Diego,073,3302833,276216,275369,14282,289651,3674
2021-04-20,San Francisco,075,870044,36079,36117,1257,37374,529
2021-04-20,San Joaquin,077,732212,71457,70590,3391,73981,1289
2021-04-20,San Luis Obispo,079,281455,21043,20691,704,21395,254
2021-04-20,San Mateo,081,765935,41672,41251,451,41702,355
2021-04-20,Santa Barbara,083,443738,34014,33803,1125,34928,445
2021-04-20,Santa Clara,085,1922200,116921,117228,716,117944,1944
2021-04-20,Santa Cruz,087,273765,16053,15647,806,16453,204
2021-04-20,Shasta,089,179085,11684,11677,1428,13105,189
2021-04-20,Sierra,091,2930,55,51,12,63,0
2021-04-20,Siskiyou,093,43540,1671,1551,294,1845,10
2021-04-20,Solano,095,438530,31794,31673,472,32145,243
2021-04-20,Sonoma,097,501317,29532,29676,302,29978,311
2021-04-20,Stanislaus,099,539301,54575,54236,5772,60008,735
2021-04-20,Sutter,101,95872,9282,9279,83,9362,109
2021-04-20,Tehama,103,63373,4922,4887,543,5430,52
2021-04-20,Trinity,105,12862,482,326,86,412,3
2021-04-20,Tulare,107,460477,49652,48650,8776,57426,831
2021-04-20,Tuolumne,109,53932,3951,4014,38,4052,58
2021-04-20,Ventura,111,848112,80600,80018,2943,82961,995
2021-04-20,Yolo,113,214977,13641,13581,270,13851,200
2021-04-20,Yuba,115,75493,5853,5814,119,5933,44
2021-04-19,Alameda,001,1643700,85929,85583,1882,87465,1247
2021-04-19,Alpine,003,1148,85,85,0,85,0
2021-04-19,Amador,005,37829,3638,3629,33,3662,46
2021-04-19,Butte,007,227075,11983,11601,1722,13323,196
2021-04-19,Calaveras,009,45235,2059,2050,11,2061,50
2021-04-19,Colusa,011,21464,1916,1913,286,2199,14
2021-04-19,Contra Costa,013,1133247,67545,66833,1202,68035,782
2021-04-19,Del Norte,015,27424,1277,1247,11,1258,6
2021-04-19,El Dorado,017,186661,9829,9726,684,10410,106
2021-04-19,Fresno,019,978130,101214,100702,8487,109189,1646
2021-04-19,Glenn,021,27897,2380,2358,538,2896,17
2021-04-19,Humboldt,023,135768,3709,3602,28,3630,35
2021-04-19,Imperial,025,180216,28141,27995,2676,30671,719
2021-04-19,Inyo,027,18085,1396,1392,10,1402,36
2021-04-19,Kern,029,883053,96212,95162,10537,105699,1290
2021-04-19,Kings,031,150075,22940,22688,1059,23747,243
2021-04-19,Lake,033,64148,3437,3416,9,3425,43
2021-04-19,Lassen,035,31185,5168,5156,105,5261,1
2021-04-19,Los Angeles,037,10098052,1197219,1188945,41053,1229998,23666
2021-04-19,Madera,039,155013,16404,16289,920,17209,231
2021-04-19,Marin,041,260295,13848,13804,238,14042,226
2021-04-19,Mariposa,043,17540,411,401,11,412,5
2021-04-19,Mendocino,045,87422,3807,3722,73,3795,46
2021-04-19,Merced,047,269075,30399,30422,1030,31452,441
2021-04-19,Modoc,049,8938,368,359,121,480,3
2021-04-19,Mono,051,14174,1242,1254,17,1271,3
2021-04-19,Monterey,053,433212,42840,42642,1835,44477,356
2021-04-19,Napa,055,140530,9715,9680,34,9714,79
2021-04-19,Nevada,057,99092,4547,4477,185,4662,70
2021-04-19,Orange,059,3164182,253442,252013,11116,263129,4883
2021-04-19,Placer,061,380077,22430,21814,1386,23200,282
2021-04-19,Plumas,063,18699,683,665,10,675,4
2021-04-19,Riverside,065,2383286,291807,286087,13862,299949,4371
2021-04-19,Sacramento,067,1510023,102215,101482,1582,103064,1572
2021-04-19,San Benito,069,59416,5985,5989,112,6101,63
2021-04-19,San Bernardino,071,2135413,291256,289738,8894,298632,4561
2021-04-19,San Diego,073,3302833,275968,275113,14249,289362,3674
2021-04-19,San Francisco,075,870044,36043,36094,1254,37348,529
2021-04-19,San Joaquin,077,732212,71377,70514,3384,73898,1289
2021-04-19,San Luis Obispo,079,281455,21017,20669,698,21367,254
2021-04-19,San Mateo,081,765935,41639,41226,450,41676,355
2021-04-19,Santa Barbara,083,443738,34000,33786,1125,34911,446
2021-04-19,Santa Clara,085,1922200,116810,117099,712,117811,1944
2021-04-19,Santa Cruz,087,273765,16041,15600,806,16406,204
2021-04-19,Shasta,089,179085,11669,11662,1420,13082,189
2021-04-19,Sierra,091,2930,55,51,12,63,0
2021-04-19,Siskiyou,093,43540,1661,1544,294,1838,10
2021-04-19,Solano,095,438530,31755,31643,467,32110,239
2021-04-19,Sonoma,097,501317,29513,29667,302,29969,311
2021-04-19,Stanislaus,099,539301,54499,54179,5768,59947,728
2021-04-19,Sutter,101,95872,9271,9269,83,9352,109
2021-04-19,Tehama,103,63373,4916,4878,543,5421,52
2021-04-19,Trinity,105,12862,482,326,85,411,3
2021-04-19,Tulare,107,460477,49636,48630,8763,57393,831
2021-04-19,Tuolumne,109,53932,3950,4010,38,4048,58
2021-04-19,Ventura,111,848112,80574,80000,2941,82941,996
2021-04-19,Yolo,113,214977,13629,13572,267,13839,200
2021-04-19,Yuba,115,75493,5846,5804,118,5922,44
2021-04-18,Alameda,001,1643700,85815,85481,1874,87355,1247
2021-04-18,Alpine,003,1148,85,85,0,85,0
2021-04-18,Amador,005,37829,3635,3627,33,3660,46
2021-04-18,Butte,007,227075,11965,11591,1717,13308,196
2021-04-18,Calaveras,009,45235,2053,2047,11,2058,50
2021-04-18,Colusa,011,21464,1912,1912,285,2197,14
2021-04-18,Contra Costa,013,1133247,67442,66750,1198,67948,782
2021-04-18,Del Norte,015,27424,1277,1240,11,1251,6
2021-04-18,El Dorado,017,186661,9806,9710,682,10392,106
2021-04-18,Fresno,019,978130,101156,100621,8481,109102,1646
2021-04-18,Glenn,021,27897,2375,2358,538,2896,17
2021-04-18,Humboldt,023,135768,3681,3590,28,3618,35
2021-04-18,Imperial,025,180216,28126,27991,2671,30662,719
2021-04-18,Inyo,027,18085,1395,1392,10,1402,36
2021-04-18,Kern,029,883053,96176,95129,10521,105650,1290
2021-04-18,Kings,031,150075,22931,22685,1059,23744,243
2021-04-18,Lake,033,64148,3436,3413,9,3422,43
2021-04-18,Lassen,035,31185,5165,5156,105,5261,1
2021-04-18,Los Angeles,037,10098052,1196758,1188620,41030,1229650,23648
2021-04-18,Madera,039,155013,16393,16277,919,17196,231
2021-04-18,Marin,041,260295,13841,13801,237,14038,226
2021-04-18,Mariposa,043,17540,410,400,10,410,5
2021-04-18,Mendocino,045,87422,3804,3722,73,3795,46
2021-04-18,Merced,047,269075,30362,30405,1028,31433,441
2021-04-18,Modoc,049,8938,368,359,121,480,3
2021-04-18,Mono,051,14174,1242,1254,17,1271,3
2021-04-18,Monterey,053,433212,42828,42638,1834,44472,356
2021-04-18,Napa,055,140530,9699,9674,34,9708,79
2021-04-18,Nevada,057,99092,4532,4464,185,4649,70
2021-04-18,Orange,059,3164182,253328,251940,11108,263048,4883
2021-04-18,Placer,061,380077,22387,21783,1380,23163,282
2021-04-18,Plumas,063,18699,682,665,10,675,4
2021-04-18,Riverside,065,2383286,291717,286043,13858,299901,4371
2021-04-18,Sacramento,067,1510023,102040,101354,1576,102930,1572
2021-04-18,San Benito,069,59416,5983,5989,112,6101,63
2021-04-18,San Bernardino,071,2135413,291163,289691,8885,298576,4556
2021-04-18,San Diego,073,3302833,275689,274961,14214,289175,3674
2021-04-18,San Francisco,075,870044,36006,36073,1250,37323,525
2021-04-18,San Joaquin,077,732212,71296,70466,3375,73841,1289
2021-04-18,San Luis Obispo,079,281455,20995,20656,692,21348,254
2021-04-18,San Mateo,081,765935,41610,41201,449,41650,352
2021-04-18,Santa Barbara,083,443738,33965,33769,1124,34893,446
2021-04-18,Santa Clara,085,1922200,116642,116996,706,117702,1944
2021-04-18,Santa Cruz,087,273765,16031,15580,805,16385,204
2021-04-18,Shasta,089,179085,11648,11658,1417,13075,189
2021-04-18,Sierra,091,2930,55,51,12,63,0
2021-04-18,Siskiyou,093,43540,1650,1538,293,1831,10
2021-04-18,Solano,095,438530,31705,31606,466,32072,239
2021-04-18,Sonoma,097,501317,29497,29660,300,29960,311
2021-04-18,Stanislaus,099,539301,54417,54132,5761,59893,728
2021-04-18,Sutter,101,95872,9257,9261,83,9344,109
2021-04-18,Tehama,103,63373,4907,4877,542,5419,52
2021-04-18,Trinity,105,12862,482,326,85,411,3
2021-04-18,Tulare,107,460477,49624,48618,8757,57375,829
2021-04-18,Tuolumne,109,53932,3949,4008,37,4045,58
2021-04-18,Ventura,111,848112,80543,79984,2937,82921,996
2021-04-18,Yolo,113,214977,13617,13562,265,13827,200
2021-04-18,Yuba,115,75493,5839,5804,118,5922,44
2021-04-17,Alameda,001,1643700,85742,85367,1870,87237,1247
2021-04-17,Alpine,003,1148,85,85,0,85,0
2021-04-17,Amador,005,37829,3633,3625,33,3658,46
2021-04-17,Butte,007,227075,11945,11573,1713,13286,196
2021-04-17,Calaveras,009,45235,2051,2045,11,2056,50
2021-04-17,Colusa,011,21464,1912,1912,285,2197,14
2021-04-17,Contra Costa,013,1133247,67394,66657,1190,67847,782
2021-04-17,Del Norte,015,27424,1277,1238,11,1249,6
2021-04-17,El Dorado,017,186661,9791,9692,679,10371,106
2021-04-17,Fresno,019,978130,101123,100562,8476,109038,1646
2021-04-17,Glenn,021,27897,2375,2357,538,2895,17
2021-04-17,Humboldt,023,135768,3657,3579,28,3607,35
2021-04-17,Imperial,025,180216,28115,27987,2670,30657,719
2021-04-17,Inyo,027,18085,1392,1392,10,1402,36
2021-04-17,Kern,029,883053,96158,95102,10517,105619,1290
2021-04-17,Kings,031,150075,22926,22678,1058,23736,243
2021-04-17,Lake,033,64148,3435,3409,9,3418,43
2021-04-17,Lassen,035,31185,5165,5154,105,5259,1
2021-04-17,Los Angeles,037,10098052,1196502,1188262,40997,1229259,23653
2021-04-17,Madera,039,155013,16389,16260,918,17178,231
2021-04-17,Marin,041,260295,13837,13797,237,14034,226
2021-04-17,Mariposa,043,17540,409,398,10,408,5
2021-04-17,Mendocino,045,87422,3801,3721,73,3794,46
2021-04-17,Merced,047,269075,30346,30392,1027,31419,441
2021-04-17,Modoc,049,8938,368,357,121,478,3
2021-04-17,Mono,051,14174,1242,1253,17,1270,3
2021-04-17,Monterey,053,433212,42819,42630,1832,44462,356
2021-04-17,Napa,055,140530,9695,9666,34,9700,79
2021-04-17,Nevada,057,99092,4524,4457,185,4642,70
2021-04-17,Orange,059,3164182,253259,251873,11096,262969,4878
2021-04-17,Placer,061,380077,22364,21736,1375,23111,282
2021-04-17,Plumas,063,18699,681,666,10,676,4
2021-04-17,Riverside,065,2383286,291648,285963,13850,299813,4371
2021-04-17,Sacramento,067,1510023,101930,101172,1565,102737,1572
2021-04-17,San Benito,069,59416,5977,5986,112,6098,63
2021-04-17,San Bernardino,071,2135413,291108,289624,8882,298506,4555
2021-04-17,San Diego,073,3302833,275542,274812,14180,288992,3674
2021-04-17,San Francisco,075,870044,35984,36032,1247,37279,523
2021-04-17,San Joaquin,077,732212,71256,70372,3365,73737,1288
2021-04-17,San Luis Obispo,079,281455,20982,20642,689,21331,254
2021-04-17,San Mateo,081,765935,41587,41157,449,41606,352
2021-04-17,Santa Barbara,083,443738,33934,33738,1122,34860,446
2021-04-17,Santa Clara,085,1922200,116550,116887,704,117591,1944
2021-04-17,Santa Cruz,087,273765,16025,15571,805,16376,204
2021-04-17,Shasta,089,179085,11633,11647,1416,13063,189
2021-04-17,Sierra,091,2930,55,51,12,63,0
2021-04-17,Siskiyou,093,43540,1645,1539,290,1829,10
2021-04-17,Solano,095,438530,31674,31541,463,32004,239
2021-04-17,Sonoma,097,501317,29490,29637,300,29937,311
2021-04-17,Stanislaus,099,539301,54380,54058,5756,59814,728
2021-04-17,Sutter,101,95872,9251,9252,83,9335,109
2021-04-17,Tehama,103,63373,4901,4875,541,5416,52
2021-04-17,Trinity,105,12862,482,326,85,411,3
2021-04-17,Tulare,107,460477,49612,48603,8753,57356,829
2021-04-17,Tuolumne,109,53932,3947,4005,37,4042,58
2021-04-17,Ventura,111,848112,80522,79964,2937,82901,996
2021-04-17,Yolo,113,214977,13607,13580,265,13845,200
2021-04-17,Yuba,115,75493,5834,5802,117,5919,44
2021-04-16,Alameda,001,1643700,85663,85243,1868,87111,1245
2021-04-16,Alpine,003,1148,85,85,0,85,0
2021-04-16,Amador,005,37829,3628,3621,33,3654,46
2021-04-16,Butte,007,227075,11933,11549,1711,13260,196
2021-04-16,Calaveras,009,45235,2049,2042,11,2053,50
2021-04-16,Colusa,011,21464,1910,1911,285,2196,14
2021-04-16,Contra Costa,013,1133247,67340,66569,1187,67756,782
2021-04-16,Del Norte,015,27424,1276,1237,11,1248,6
2021-04-16,El Dorado,017,186661,9771,9665,675,10340,106
2021-04-16,Fresno,019,978130,101073,100500,8470,108970,1643
2021-04-16,Glenn,021,27897,2375,2355,538,2893,17
2021-04-16,Humboldt,023,135768,3636,3570,27,3597,35
2021-04-16,Imperial,025,180216,28105,27962,2670,30632,719
2021-04-16,Inyo,027,18085,1392,1392,10,1402,36
2021-04-16,Kern,029,883053,96129,95066,10514,105580,1288
2021-04-16,Kings,031,150075,22922,22667,1057,23724,243
2021-04-16,Lake,033,64148,3429,3406,9,3415,43
2021-04-16,Lassen,035,31185,5164,5155,105,5260,1
2021-04-16,Los Angeles,037,10098052,1196201,1187818,40961,1228779,23627
2021-04-16,Madera,039,155013,16383,16250,917,17167,231
2021-04-16,Marin,041,260295,13834,13788,237,14025,226
2021-04-16,Mariposa,043,17540,408,396,9,405,5
2021-04-16,Mendocino,045,87422,3799,3719,73,3792,46
2021-04-16,Merced,047,269075,30331,30355,1027,31382,438
2021-04-16,Modoc,049,8938,368,355,121,476,3
2021-04-16,Mono,051,14174,1242,1253,17,1270,3
2021-04-16,Monterey,053,433212,42808,42620,1829,44449,351
2021-04-16,Napa,055,140530,9687,9653,34,9687,79
2021-04-16,Nevada,057,99092,4515,4443,185,4628,70
2021-04-16,Orange,059,3164182,253195,251770,11087,262857,4873
2021-04-16,Placer,061,380077,22337,21680,1370,23050,282
2021-04-16,Plumas,063,18699,680,665,10,675,4
2021-04-16,Riverside,065,2383286,291571,285818,13848,299666,4369
2021-04-16,Sacramento,067,1510023,101833,100993,1560,102553,1572
2021-04-16,San Benito,069,59416,5975,5982,112,6094,63
2021-04-16,San Bernardino,071,2135413,291061,289424,8881,298305,4550
2021-04-16,San Diego,073,3302833,275388,274567,14162,288729,3662
2021-04-16,San Francisco,075,870044,35958,35993,1243,37236,517
2021-04-16,San Joaquin,077,732212,71189,70280,3357,73637,1288
2021-04-16,San Luis Obispo,079,281455,20970,20623,688,21311,253
2021-04-16,San Mateo,081,765935,41558,41107,448,41555,352
2021-04-16,Santa Barbara,083,443738,33916,33703,1122,34825,446
2021-04-16,Santa Clara,085,1922200,116450,116693,701,117394,1941
2021-04-16,Santa Cruz,087,273765,16023,15539,805,16344,204
2021-04-16,Shasta,089,179085,11621,11623,1414,13037,189
2021-04-16,Sierra,091,2930,55,51,12,63,0
2021-04-16,Siskiyou,093,43540,1641,1530,288,1818,10
2021-04-16,Solano,095,438530,31635,31470,460,31930,239
2021-04-16,Sonoma,097,501317,29479,29617,300,29917,311
2021-04-16,Stanislaus,099,539301,54332,53983,5754,59737,728
2021-04-16,Sutter,101,95872,9245,9247,83,9330,109
2021-04-16,Tehama,103,63373,4900,4866,541,5407,52
2021-04-16,Trinity,105,12862,482,326,85,411,3
2021-04-16,Tulare,107,460477,49600,48583,8749,57332,830
2021-04-16,Tuolumne,109,53932,3944,4005,37,4042,58
2021-04-16,Ventura,111,848112,80497,79942,2932,82874,994
2021-04-16,Yolo,113,214977,13594,13559,263,13822,198
2021-04-16,Yuba,115,75493,5831,5795,116,5911,44
2021-04-15,Alameda,001,1643700,85555,85089,1866,86955,1246
2021-04-15,Alpine,003,1148,85,85,0,85,0
2021-04-15,Amador,005,37829,3627,3616,33,3649,46
2021-04-15,Butte,007,227075,11918,11529,1707,13236,196
2021-04-15,Calaveras,009,45235,2049,2039,11,2050,50
2021-04-15,Colusa,011,21464,1908,1909,284,2193,14
2021-04-15,Contra Costa,013,1133247,67266,66480,1183,67663,781
2021-04-15,Del Norte,015,27424,1269,1235,11,1246,6
2021-04-15,El Dorado,017,186661,9758,9639,673,10312,106
2021-04-15,Fresno,019,978130,101011,100431,8464,108895,1642
2021-04-15,Glenn,021,27897,2375,2354,538,2892,17
2021-04-15,Humboldt,023,135768,3615,3561,27,3588,35
2021-04-15,Imperial,025,180216,28077,27920,2667,30587,718
2021-04-15,Inyo,027,18085,1392,1393,10,1403,36
2021-04-15,Kern,029,883053,96096,94989,10500,105489,1289
2021-04-15,Kings,031,150075,22908,22648,1057,23705,242
2021-04-15,Lake,033,64148,3428,3399,9,3408,43
2021-04-15,Lassen,035,31185,5163,5152,105,5257,1
2021-04-15,Los Angeles,037,10098052,1195799,1187274,40925,1228199,23598
2021-04-15,Madera,039,155013,16368,16234,917,17151,231
2021-04-15,Marin,041,260295,13830,13783,236,14019,226
2021-04-15,Mariposa,043,17540,406,395,9,404,5
2021-04-15,Mendocino,045,87422,3798,3714,73,3787,46
2021-04-15,Merced,047,269075,30305,30325,1026,31351,437
2021-04-15,Modoc,049,8938,368,355,121,476,3
2021-04-15,Mono,051,14174,1241,1253,17,1270,3
2021-04-15,Monterey,053,433212,42798,42604,1827,44431,347
2021-04-15,Napa,055,140530,9679,9645,34,9679,79
2021-04-15,Nevada,057,99092,4503,4434,184,4618,70
2021-04-15,Orange,059,3164182,253100,251679,11074,262753,4857
2021-04-15,Placer,061,380077,22306,21614,1363,22977,281
2021-04-15,Plumas,063,18699,678,665,10,675,4
2021-04-15,Riverside,065,2383286,291467,285698,13841,299539,4363
2021-04-15,Sacramento,067,1510023,101703,100782,1546,102328,1570
2021-04-15,San Benito,069,59416,5972,5969,111,6080,63
2021-04-15,San Bernardino,071,2135413,290972,289288,8874,298162,4544
2021-04-15,San Diego,073,3302833,275142,274250,14103,288353,3653
2021-04-15,San Francisco,075,870044,35939,35947,1241,37188,510
2021-04-15,San Joaquin,077,732212,71108,70189,3349,73538,1288
2021-04-15,San Luis Obispo,079,281455,20954,20591,685,21276,253
2021-04-15,San Mateo,081,765935,41519,41050,447,41497,352
2021-04-15,Santa Barbara,083,443738,33898,33672,1118,34790,446
2021-04-15,Santa Clara,085,1922200,116344,116602,697,117299,1927
2021-04-15,Santa Cruz,087,273765,16013,15509,805,16314,203
2021-04-15,Shasta,089,179085,11607,11597,1410,13007,191
2021-04-15,Sierra,091,2930,55,51,12,63,0
2021-04-15,Siskiyou,093,43540,1635,1524,287,1811,10
2021-04-15,Solano,095,438530,31597,31394,459,31853,239
2021-04-15,Sonoma,097,501317,29465,29587,300,29887,311
2021-04-15,Stanislaus,099,539301,54278,53918,5745,59663,728
2021-04-15,Sutter,101,95872,9238,9237,83,9320,109
2021-04-15,Tehama,103,63373,4899,4854,540,5394,52
2021-04-15,Trinity,105,12862,482,326,85,411,3
2021-04-15,Tulare,107,460477,49579,48556,8749,57305,829
2021-04-15,Tuolumne,109,53932,3944,4003,37,4040,57
2021-04-15,Ventura,111,848112,80478,79917,2930,82847,989
2021-04-15,Yolo,113,214977,13575,13547,261,13808,198
2021-04-15,Yuba,115,75493,5828,5788,116,5904,44
2021-04-14,Alameda,001,1643700,85458,85009,1865,86874,1247
2021-04-14,Alpine,003,1148,85,85,0,85,0
2021-04-14,Amador,005,37829,3626,3613,33,3646,46
2021-04-14,Butte,007,227075,11905,11513,1706,13219,196
2021-04-14,Calaveras,009,45235,2048,2037,11,2048,50
2021-04-14,Colusa,011,21464,1908,1905,284,2189,14
2021-04-14,Contra Costa,013,1133247,67180,66400,1177,67577,781
2021-04-14,Del Norte,015,27424,1269,1228,11,1239,6
2021-04-14,El Dorado,017,186661,9743,9625,668,10293,106
2021-04-14,Fresno,019,978130,100954,100376,8451,108827,1640
2021-04-14,Glenn,021,27897,2375,2353,538,2891,17
2021-04-14,Humboldt,023,135768,3593,3551,26,3577,35
2021-04-14,Imperial,025,180216,28055,27907,2665,30572,718
2021-04-14,Inyo,027,18085,1392,1392,10,1402,36
2021-04-14,Kern,029,883053,96071,94947,10493,105440,1287
2021-04-14,Kings,031,150075,22899,22641,1055,23696,243
2021-04-14,Lake,033,64148,3423,3396,9,3405,43
2021-04-14,Lassen,035,31185,5162,5151,105,5256,1
2021-04-14,Los Angeles,037,10098052,1195401,1186821,40880,1227701,23579
2021-04-14,Madera,039,155013,16359,16218,917,17135,231
2021-04-14,Marin,041,260295,13828,13768,235,14003,226
2021-04-14,Mariposa,043,17540,405,394,9,403,5
2021-04-14,Mendocino,045,87422,3793,3711,73,3784,46
2021-04-14,Merced,047,269075,30289,30296,1024,31320,436
2021-04-14,Modoc,049,8938,368,355,121,476,3
2021-04-14,Mono,051,14174,1240,1252,17,1269,3
2021-04-14,Monterey,053,433212,42782,42595,1823,44418,347
2021-04-14,Napa,055,140530,9668,9643,34,9677,79
2021-04-14,Nevada,057,99092,4496,4421,184,4605,70
2021-04-14,Orange,059,3164182,252995,251568,11054,262622,4849
2021-04-14,Placer,061,380077,22273,21575,1362,22937,280
2021-04-14,Plumas,063,18699,678,665,10,675,4
2021-04-14,Riverside,065,2383286,291357,285583,13835,299418,4358
2021-04-14,Sacramento,067,1510023,101528,100645,1532,102177,1570
2021-04-14,San Benito,069,59416,5970,5960,111,6071,62
2021-04-14,San Bernardino,071,2135413,290905,289078,8871,297949,4523
2021-04-14,San Diego,073,3302833,274932,273969,14074,288043,3648
2021-04-14,San Francisco,075,870044,35901,35898,1240,37138,510
2021-04-14,San Joaquin,077,732212,71038,70095,3343,73438,1288
2021-04-14,San Luis Obispo,079,281455,20931,20561,675,21236,253
2021-04-14,San Mateo,081,765935,41479,40982,444,41426,352
2021-04-14,Santa Barbara,083,443738,33869,33650,1118,34768,445
2021-04-14,Santa Clara,085,1922200,116227,116488,694,117182,1922
2021-04-14,Santa Cruz,087,273765,16003,15481,805,16286,203
2021-04-14,Shasta,089,179085,11581,11581,1408,12989,190
2021-04-14,Sierra,091,2930,55,51,12,63,0
2021-04-14,Siskiyou,093,43540,1627,1518,286,1804,10
2021-04-14,Solano,095,438530,31544,31357,452,31809,239
2021-04-14,Sonoma,097,501317,29457,29572,298,29870,311
2021-04-14,Stanislaus,099,539301,54207,53836,5736,59572,727
2021-04-14,Sutter,101,95872,9230,9230,83,9313,106
2021-04-14,Tehama,103,63373,4893,4853,539,5392,52
2021-04-14,Trinity,105,12862,482,326,85,411,3
2021-04-14,Tulare,107,460477,49553,48527,8746,57273,827
2021-04-14,Tuolumne,109,53932,3943,3997,37,4034,57
2021-04-14,Ventura,111,848112,80442,79891,2928,82819,986
2021-04-14,Yolo,113,214977,13559,13530,259,13789,198
2021-04-14,Yuba,115,75493,5826,5778,116,5894,44
2021-04-13,Alameda,001,1643700,85352,84921,1862,86783,1239
2021-04-13,Alpine,003,1148,85,85,0,85,0
2021-04-13,Amador,005,37829,3623,3609,33,3642,46
2021-04-13,Butte,007,227075,11887,11497,1703,13200,196
2021-04-13,Calaveras,009,45235,2045,2035,11,2046,50
2021-04-13,Colusa,011,21464,1906,1905,282,2187,14
2021-04-13,Contra Costa,013,1133247,67091,66304,1177,67481,778
2021-04-13,Del Norte,015,27424,1264,1221,11,1232,6
2021-04-13,El Dorado,017,186661,9717,9609,665,10274,106
2021-04-13,Fresno,019,978130,100872,100357,8445,108802,1636
2021-04-13,Glenn,021,27897,2374,2351,538,2889,17
2021-04-13,Humboldt,023,135768,3576,3540,26,3566,35
2021-04-13,Imperial,025,180216,28036,27887,2657,30544,718
2021-04-13,Inyo,027,18085,1392,1391,10,1401,36
2021-04-13,Kern,029,883053,96027,94908,10481,105389,1285
2021-04-13,Kings,031,150075,22883,22636,1054,23690,243
2021-04-13,Lake,033,64148,3420,3390,9,3399,43
2021-04-13,Lassen,035,31185,5161,5147,105,5252,1
2021-04-13,Los Angeles,037,10098052,1194945,1186482,40838,1227320,23526
2021-04-13,Madera,039,155013,16349,16207,915,17122,231
2021-04-13,Marin,041,260295,13820,13760,234,13994,224
2021-04-13,Mariposa,043,17540,404,394,6,400,5
2021-04-13,Mendocino,045,87422,3787,3702,73,3775,46
2021-04-13,Merced,047,269075,30259,30276,1021,31297,435
2021-04-13,Modoc,049,8938,368,355,121,476,3
2021-04-13,Mono,051,14174,1240,1251,17,1268,3
2021-04-13,Monterey,053,433212,42771,42577,1823,44400,347
2021-04-13,Napa,055,140530,9658,9627,34,9661,79
2021-04-13,Nevada,057,99092,4484,4415,184,4599,69
2021-04-13,Orange,059,3164182,252900,251491,11036,262527,4836
2021-04-13,Placer,061,380077,22236,21534,1359,22893,280
2021-04-13,Plumas,063,18699,677,665,10,675,4
2021-04-13,Riverside,065,2383286,291238,285505,13829,299334,4348
2021-04-13,Sacramento,067,1510023,101353,100551,1527,102078,1569
2021-04-13,San Benito,069,59416,5967,5946,111,6057,62
2021-04-13,San Bernardino,071,2135413,290789,288929,8865,297794,4521
2021-04-13,San Diego,073,3302833,274678,273709,14039,287748,3623
2021-04-13,San Francisco,075,870044,35865,35869,1236,37105,506
2021-04-13,San Joaquin,077,732212,70930,70034,3335,73369,1288
2021-04-13,San Luis Obispo,079,281455,20904,20536,665,21201,253
2021-04-13,San Mateo,081,765935,41434,40955,444,41399,353
2021-04-13,Santa Barbara,083,443738,33846,33613,1115,34728,444
2021-04-13,Santa Clara,085,1922200,116098,116363,693,117056,1923
2021-04-13,Santa Cruz,087,273765,15996,15449,805,16254,203
2021-04-13,Shasta,089,179085,11561,11536,1405,12941,189
2021-04-13,Sierra,091,2930,55,51,12,63,0
2021-04-13,Siskiyou,093,43540,1619,1511,281,1792,10
2021-04-13,Solano,095,438530,31495,31335,448,31783,239
2021-04-13,Sonoma,097,501317,29449,29544,297,29841,311
2021-04-13,Stanislaus,099,539301,54135,53797,5727,59524,722
2021-04-13,Sutter,101,95872,9226,9226,83,9309,106
2021-04-13,Tehama,103,63373,4886,4850,536,5386,52
2021-04-13,Trinity,105,12862,482,326,85,411,3
2021-04-13,Tulare,107,460477,49540,48511,8743,57254,825
2021-04-13,Tuolumne,109,53932,3941,3995,37,4032,57
2021-04-13,Ventura,111,848112,80410,79854,2926,82780,986
2021-04-13,Yolo,113,214977,13547,13516,258,13774,198
2021-04-13,Yuba,115,75493,5817,5776,116,5892,44
2021-04-12,Alameda,001,1643700,85250,84817,1861,86678,1238
2021-04-12,Alpine,003,1148,85,85,0,85,0
2021-04-12,Amador,005,37829,3622,3607,33,3640,46
2021-04-12,Butte,007,227075,11872,11488,1699,13187,193
2021-04-12,Calaveras,009,45235,2042,2033,11,2044,50
2021-04-12,Colusa,011,21464,1904,1904,280,2184,14
2021-04-12,Contra Costa,013,1133247,67010,66176,1177,67353,777
2021-04-12,Del Norte,015,27424,1261,1216,11,1227,6
2021-04-12,El Dorado,017,186661,9700,9588,663,10251,106
2021-04-12,Fresno,019,978130,100811,100277,8421,108698,1633
2021-04-12,Glenn,021,27897,2373,2349,538,2887,17
2021-04-12,Humboldt,023,135768,3562,3533,25,3558,35
2021-04-12,Imperial,025,180216,28006,27851,2652,30503,717
2021-04-12,Inyo,027,18085,1392,1390,10,1400,36
2021-04-12,Kern,029,883053,95990,94861,10470,105331,1283
2021-04-12,Kings,031,150075,22875,22621,1053,23674,241
2021-04-12,Lake,033,64148,3416,3380,9,3389,43
2021-04-12,Lassen,035,31185,5160,5147,105,5252,1
2021-04-12,Los Angeles,037,10098052,1194440,1186145,40799,1226944,23505
2021-04-12,Madera,039,155013,16337,16174,913,17087,231
2021-04-12,Marin,041,260295,13807,13751,232,13983,224
2021-04-12,Mariposa,043,17540,403,394,6,400,5
2021-04-12,Mendocino,045,87422,3786,3699,73,3772,46
2021-04-12,Merced,047,269075,30228,30261,1018,31279,435
2021-04-12,Modoc,049,8938,366,352,121,473,3
2021-04-12,Mono,051,14174,1240,1251,17,1268,3
2021-04-12,Monterey,053,433212,42757,42555,1821,44376,346
2021-04-12,Napa,055,140530,9644,9603,34,9637,80
2021-04-12,Nevada,057,99092,4473,4408,184,4592,69
2021-04-12,Orange,059,3164182,252814,251350,11014,262364,4826
2021-04-12,Placer,061,380077,22185,21475,1356,22831,278
2021-04-12,Plumas,063,18699,675,666,10,676,4
2021-04-12,Riverside,065,2383286,291127,285361,13823,299184,4336
2021-04-12,Sacramento,067,1510023,101179,100394,1522,101916,1566
2021-04-12,San Benito,069,59416,5959,5942,110,6052,62
2021-04-12,San Bernardino,071,2135413,290682,288736,8853,297589,4493
2021-04-12,San Diego,073,3302833,274417,273431,14010,287441,3621
2021-04-12,San Francisco,075,870044,35831,35841,1235,37076,506
2021-04-12,San Joaquin,077,732212,70858,69968,3328,73296,1288
2021-04-12,San Luis Obispo,079,281455,20859,20515,652,21167,253
2021-04-12,San Mateo,081,765935,41392,40920,440,41360,353
2021-04-12,Santa Barbara,083,443738,33815,33606,1115,34721,444
2021-04-12,Santa Clara,085,1922200,115970,116252,691,116943,1923
2021-04-12,Santa Cruz,087,273765,15976,15406,805,16211,203
2021-04-12,Shasta,089,179085,11544,11509,1401,12910,189
2021-04-12,Sierra,091,2930,55,51,12,63,0
2021-04-12,Siskiyou,093,43540,1608,1511,278,1789,7
2021-04-12,Solano,095,438530,31453,31305,445,31750,238
2021-04-12,Sonoma,097,501317,29421,29500,297,29797,310
2021-04-12,Stanislaus,099,539301,54069,53722,5720,59442,707
2021-04-12,Sutter,101,95872,9215,9221,83,9304,106
2021-04-12,Tehama,103,63373,4877,4834,532,5366,52
2021-04-12,Trinity,105,12862,482,324,85,409,3
2021-04-12,Tulare,107,460477,49520,48495,8733,57228,824
2021-04-12,Tuolumne,109,53932,3937,3993,37,4030,57
2021-04-12,Ventura,111,848112,80377,79818,2924,82742,985
2021-04-12,Yolo,113,214977,13533,13510,257,13767,198
2021-04-12,Yuba,115,75493,5811,5773,116,5889,43
2021-04-11,Alameda,001,1643700,85113,84756,1855,86611,1238
2021-04-11,Alpine,003,1148,85,85,0,85,0
2021-04-11,Amador,005,37829,3620,3605,33,3638,46
2021-04-11,Butte,007,227075,11838,11487,1695,13182,193
2021-04-11,Calaveras,009,45235,2038,2036,11,2047,50
2021-04-11,Colusa,011,21464,1903,1904,279,2183,14
2021-04-11,Contra Costa,013,1133247,66901,66107,1175,67282,777
2021-04-11,Del Norte,015,27424,1255,1214,11,1225,6
2021-04-11,El Dorado,017,186661,9686,9575,660,10235,106
2021-04-11,Fresno,019,978130,100743,100230,8411,108641,1633
2021-04-11,Glenn,021,27897,2368,2348,538,2886,17
2021-04-11,Humboldt,023,135768,3552,3523,25,3548,35
2021-04-11,Imperial,025,180216,27982,27841,2650,30491,717
2021-04-11,Inyo,027,18085,1392,1390,10,1400,36
2021-04-11,Kern,029,883053,95929,94830,10462,105292,1283
2021-04-11,Kings,031,150075,22866,22618,1050,23668,241
2021-04-11,Lake,033,64148,3412,3377,9,3386,43
2021-04-11,Lassen,035,31185,5156,5147,105,5252,1
2021-04-11,Los Angeles,037,10098052,1193928,1185757,40757,1226514,23503
2021-04-11,Madera,039,155013,16318,16166,912,17078,231
2021-04-11,Marin,041,260295,13800,13741,231,13972,226
2021-04-11,Mariposa,043,17540,403,394,6,400,5
2021-04-11,Mendocino,045,87422,3784,3696,73,3769,46
2021-04-11,Merced,047,269075,30190,30249,1017,31266,435
2021-04-11,Modoc,049,8938,365,352,119,471,3
2021-04-11,Mono,051,14174,1239,1250,17,1267,3
2021-04-11,Monterey,053,433212,42751,42547,1814,44361,346
2021-04-11,Napa,055,140530,9633,9592,34,9626,80
2021-04-11,Nevada,057,99092,4459,4394,184,4578,69
2021-04-11,Orange,059,3164182,252687,251233,11003,262236,4826
2021-04-11,Placer,061,380077,22128,21458,1351,22809,278
2021-04-11,Plumas,063,18699,675,666,10,676,4
2021-04-11,Riverside,065,2383286,290993,285269,13813,299082,4336
2021-04-11,Sacramento,067,1510023,101009,100296,1510,101806,1566
2021-04-11,San Benito,069,59416,5951,5941,109,6050,62
2021-04-11,San Bernardino,071,2135413,290574,288686,8847,297533,4492
2021-04-11,San Diego,073,3302833,274119,273287,13951,287238,3621
2021-04-11,San Francisco,075,870044,35795,35815,1232,37047,498
2021-04-11,San Joaquin,077,732212,70772,69939,3317,73256,1288
2021-04-11,San Luis Obispo,079,281455,20833,20501,649,21150,253
2021-04-11,San Mateo,081,765935,41334,40901,439,41340,353
2021-04-11,Santa Barbara,083,443738,33780,33591,1114,34705,444
2021-04-11,Santa Clara,085,1922200,115834,116161,688,116849,1923
2021-04-11,Santa Cruz,087,273765,15964,15382,805,16187,203
2021-04-11,Shasta,089,179085,11500,11504,1400,12904,189
2021-04-11,Sierra,091,2930,55,51,12,63,0
2021-04-11,Siskiyou,093,43540,1601,1509,275,1784,7
2021-04-11,Solano,095,438530,31400,31268,441,31709,238
2021-04-11,Sonoma,097,501317,29395,29496,293,29789,310
2021-04-11,Stanislaus,099,539301,53986,53683,5711,59394,707
2021-04-11,Sutter,101,95872,9206,9222,83,9305,106
2021-04-11,Tehama,103,63373,4874,4832,530,5362,52
2021-04-11,Trinity,105,12862,482,324,85,409,3
2021-04-11,Tulare,107,460477,49506,48479,8726,57205,824
2021-04-11,Tuolumne,109,53932,3935,3993,37,4030,57
2021-04-11,Ventura,111,848112,80329,79800,2918,82718,985
2021-04-11,Yolo,113,214977,13513,13496,255,13751,198
2021-04-11,Yuba,115,75493,5801,5768,116,5884,43
2021-04-10,Alameda,001,1643700,85049,84626,1855,86481,1238
2021-04-10,Alpine,003,1148,85,85,0,85,0
2021-04-10,Amador,005,37829,3618,3603,33,3636,46
2021-04-10,Butte,007,227075,11827,11482,1694,13176,193
2021-04-10,Calaveras,009,45235,2036,2032,11,2043,50
2021-04-10,Colusa,011,21464,1903,1902,279,2181,14
2021-04-10,Contra Costa,013,1133247,66840,66001,1172,67173,778
2021-04-10,Del Norte,015,27424,1252,1212,11,1223,6
2021-04-10,El Dorado,017,186661,9674,9549,657,10206,106
2021-04-10,Fresno,019,978130,100710,100135,8404,108539,1633
2021-04-10,Glenn,021,27897,2368,2343,538,2881,17
2021-04-10,Humboldt,023,135768,3542,3508,25,3533,35
2021-04-10,Imperial,025,180216,27968,27816,2650,30466,717
2021-04-10,Inyo,027,18085,1392,1387,10,1397,36
2021-04-10,Kern,029,883053,95915,94802,10456,105258,1284
2021-04-10,Kings,031,150075,22862,22614,1048,23662,241
2021-04-10,Lake,033,64148,3407,3368,9,3377,43
2021-04-10,Lassen,035,31185,5156,5146,104,5250,1
2021-04-10,Los Angeles,037,10098052,1193653,1185246,40740,1225986,23493
2021-04-10,Madera,039,155013,16310,16143,911,17054,231
2021-04-10,Marin,041,260295,13795,13731,231,13962,226
2021-04-10,Mariposa,043,17540,400,393,6,399,5
2021-04-10,Mendocino,045,87422,3782,3696,73,3769,46
2021-04-10,Merced,047,269075,30170,30225,1016,31241,435
2021-04-10,Modoc,049,8938,365,352,119,471,3
2021-04-10,Mono,051,14174,1239,1249,17,1266,3
2021-04-10,Monterey,053,433212,42740,42527,1813,44340,346
2021-04-10,Napa,055,140530,9626,9569,34,9603,79
2021-04-10,Nevada,057,99092,4452,4379,184,4563,69
2021-04-10,Orange,059,3164182,252594,251139,10996,262135,4818
2021-04-10,Placer,061,380077,22097,21402,1345,22747,278
2021-04-10,Plumas,063,18699,675,666,10,676,4
2021-04-10,Riverside,065,2383286,290913,285082,13805,298887,4336
2021-04-10,Sacramento,067,1510023,100906,100048,1508,101556,1566
2021-04-10,San Benito,069,59416,5940,5932,108,6040,62
2021-04-10,San Bernardino,071,2135413,290510,288590,8840,297430,4489
2021-04-10,San Diego,073,3302833,273903,273058,13931,286989,3613
2021-04-10,San Francisco,075,870044,35765,35774,1229,37003,498
2021-04-10,San Joaquin,077,732212,70737,69852,3307,73159,1288
2021-04-10,San Luis Obispo,079,281455,20817,20461,648,21109,253
2021-04-10,San Mateo,081,765935,41301,40878,439,41317,350
2021-04-10,Santa Barbara,083,443738,33752,33541,1112,34653,444
2021-04-10,Santa Clara,085,1922200,115738,116015,687,116702,1923
2021-04-10,Santa Cruz,087,273765,15958,15360,805,16165,203
2021-04-10,Shasta,089,179085,11491,11492,1397,12889,189
2021-04-10,Sierra,091,2930,55,51,12,63,0
2021-04-10,Siskiyou,093,43540,1598,1512,275,1787,7
2021-04-10,Solano,095,438530,31366,31218,437,31655,238
2021-04-10,Sonoma,097,501317,29380,29469,293,29762,310
2021-04-10,Stanislaus,099,539301,53951,53596,5705,59301,707
2021-04-10,Sutter,101,95872,9204,9214,83,9297,106
2021-04-10,Tehama,103,63373,4872,4820,528,5348,52
2021-04-10,Trinity,105,12862,482,324,85,409,3
2021-04-10,Tulare,107,460477,49497,48470,8720,57190,824
2021-04-10,Tuolumne,109,53932,3932,3991,37,4028,57
2021-04-10,Ventura,111,848112,80301,79758,2916,82674,985
2021-04-10,Yolo,113,214977,13505,13494,254,13748,198
2021-04-10,Yuba,115,75493,5798,5757,115,5872,43
2021-04-09,Alameda,001,1643700,84982,84404,1847,86251,1237
2021-04-09,Alpine,003,1148,85,85,0,85,0
2021-04-09,Amador,005,37829,3617,3600,33,3633,46
2021-04-09,Butte,007,227075,11817,11454,1693,13147,193
2021-04-09,Calaveras,009,45235,2035,2028,11,2039,50
2021-04-09,Colusa,011,21464,1903,1898,279,2177,14
2021-04-09,Contra Costa,013,1133247,66747,65857,1166,67023,777
2021-04-09,Del Norte,015,27424,1251,1207,11,1218,6
2021-04-09,El Dorado,017,186661,9651,9528,653,10181,106
2021-04-09,Fresno,019,978130,100676,100027,8399,108426,1630
2021-04-09,Glenn,021,27897,2368,2337,538,2875,17
2021-04-09,Humboldt,023,135768,3533,3496,25,3521,35
2021-04-09,Imperial,025,180216,27953,27764,2648,30412,717
2021-04-09,Inyo,027,18085,1391,1386,10,1396,36
2021-04-09,Kern,029,883053,95877,94675,10454,105129,1282
2021-04-09,Kings,031,150075,22853,22595,1045,23640,242
2021-04-09,Lake,033,64148,3403,3362,9,3371,43
2021-04-09,Lassen,035,31185,5156,5140,104,5244,1
2021-04-09,Los Angeles,037,10098052,1193283,1184501,40711,1225212,23458
2021-04-09,Madera,039,155013,16307,16118,911,17029,231
2021-04-09,Marin,041,260295,13788,13721,231,13952,226
2021-04-09,Mariposa,043,17540,400,393,6,399,5
2021-04-09,Mendocino,045,87422,3780,3693,73,3766,46
2021-04-09,Merced,047,269075,30141,30179,1015,31194,435
2021-04-09,Modoc,049,8938,364,352,119,471,3
2021-04-09,Mono,051,14174,1239,1247,17,1264,3
2021-04-09,Monterey,053,433212,42731,42481,1809,44290,344
2021-04-09,Napa,055,140530,9607,9574,34,9608,80
2021-04-09,Nevada,057,99092,4444,4373,184,4557,69
2021-04-09,Orange,059,3164182,252520,250852,10991,261843,4813
2021-04-09,Placer,061,380077,22066,21327,1337,22664,278
2021-04-09,Plumas,063,18699,674,666,10,676,4
2021-04-09,Riverside,065,2383286,290830,284562,13799,298361,4325
2021-04-09,Sacramento,067,1510023,100751,99722,1502,101224,1564
2021-04-09,San Benito,069,59416,5935,5925,107,6032,62
2021-04-09,San Bernardino,071,2135413,290441,288000,8837,296837,4467
2021-04-09,San Diego,073,3302833,273705,272697,13889,286586,3600
2021-04-09,San Francisco,075,870044,35724,35716,1224,36940,497
2021-04-09,San Joaquin,077,732212,70673,69675,3295,72970,1281
2021-04-09,San Luis Obispo,079,281455,20802,20427,648,21075,252
2021-04-09,San Mateo,081,765935,41265,40800,438,41238,350
2021-04-09,Santa Barbara,083,443738,33729,33424,1109,34533,444
2021-04-09,Santa Clara,085,1922200,115654,115749,685,116434,1923
2021-04-09,Santa Cruz,087,273765,15953,15331,805,16136,203
2021-04-09,Shasta,089,179085,11481,11478,1394,12872,188
2021-04-09,Sierra,091,2930,55,51,12,63,0
2021-04-09,Siskiyou,093,43540,1595,1510,274,1784,7
2021-04-09,Solano,095,438530,31333,31166,432,31598,238
2021-04-09,Sonoma,097,501317,29367,29433,293,29726,310
2021-04-09,Stanislaus,099,539301,53896,53504,5696,59200,705
2021-04-09,Sutter,101,95872,9197,9201,83,9284,106
2021-04-09,Tehama,103,63373,4866,4806,528,5334,52
2021-04-09,Trinity,105,12862,481,324,85,409,3
2021-04-09,Tulare,107,460477,49493,48430,8714,57144,824
2021-04-09,Tuolumne,109,53932,3931,3986,37,4023,57
2021-04-09,Ventura,111,848112,80273,79698,2916,82614,987
2021-04-09,Yolo,113,214977,13493,13478,252,13730,198
2021-04-09,Yuba,115,75493,5791,5754,115,5869,43
2021-04-08,Alameda,001,1643700,84876,84213,1844,86057,1232
2021-04-08,Alpine,003,1148,85,85,0,85,0
2021-04-08,Amador,005,37829,3613,3595,33,3628,46
2021-04-08,Butte,007,227075,11806,11414,1692,13106,193
2021-04-08,Calaveras,009,45235,2033,2027,11,2038,50
2021-04-08,Colusa,011,21464,1902,1897,279,2176,14
2021-04-08,Contra Costa,013,1133247,66637,65706,1163,66869,775
2021-04-08,Del Norte,015,27424,1245,1201,11,1212,6
2021-04-08,El Dorado,017,186661,9635,9513,648,10161,106
2021-04-08,Fresno,019,978130,100613,99935,8392,108327,1627
2021-04-08,Glenn,021,27897,2367,2337,538,2875,17
2021-04-08,Humboldt,023,135768,3523,3486,25,3511,35
2021-04-08,Imperial,025,180216,27925,27744,2644,30388,713
2021-04-08,Inyo,027,18085,1390,1386,10,1396,36
2021-04-08,Kern,029,883053,95831,94493,10441,104934,1281
2021-04-08,Kings,031,150075,22846,22589,1043,23632,243
2021-04-08,Lake,033,64148,3396,3360,9,3369,43
2021-04-08,Lassen,035,31185,5155,5136,104,5240,1
2021-04-08,Los Angeles,037,10098052,1192786,1184443,40673,1225116,23416
2021-04-08,Madera,039,155013,16295,16103,911,17014,231
2021-04-08,Marin,041,260295,13781,13704,231,13935,226
2021-04-08,Mariposa,043,17540,399,393,6,399,5
2021-04-08,Mendocino,045,87422,3778,3690,73,3763,45
2021-04-08,Merced,047,269075,30119,30163,1015,31178,430
2021-04-08,Modoc,049,8938,364,352,119,471,3
2021-04-08,Mono,051,14174,1237,1247,17,1264,3
2021-04-08,Monterey,053,433212,42709,42437,1804,44241,342
2021-04-08,Napa,055,140530,9590,9569,34,9603,80
2021-04-08,Nevada,057,99092,4433,4367,184,4551,69
2021-04-08,Orange,059,3164182,252410,250529,10976,261505,4797
2021-04-08,Placer,061,380077,22024,21258,1328,22586,277
2021-04-08,Plumas,063,18699,674,665,10,675,4
2021-04-08,Riverside,065,2383286,290716,283853,13794,297647,4296
2021-04-08,Sacramento,067,1510023,100611,99319,1491,100810,1561
2021-04-08,San Benito,069,59416,5932,5914,105,6019,62
2021-04-08,San Bernardino,071,2135413,290344,287190,8834,296024,4445
2021-04-08,San Diego,073,3302833,273475,272495,13853,286348,3592
2021-04-08,San Francisco,075,870044,35701,35657,1223,36880,494
2021-04-08,San Joaquin,077,732212,70601,69479,3289,72768,1279
2021-04-08,San Luis Obispo,079,281455,20783,20402,646,21048,252
2021-04-08,San Mateo,081,765935,41225,40749,438,41187,350
2021-04-08,Santa Barbara,083,443738,33705,33309,1108,34417,444
2021-04-08,Santa Clara,085,1922200,115548,115487,684,116171,1905
2021-04-08,Santa Cruz,087,273765,15946,15296,805,16101,203
2021-04-08,Shasta,089,179085,11471,11466,1390,12856,186
2021-04-08,Sierra,091,2930,55,51,12,63,0
2021-04-08,Siskiyou,093,43540,1592,1511,274,1785,7
2021-04-08,Solano,095,438530,31284,31120,432,31552,238
2021-04-08,Sonoma,097,501317,29347,29410,292,29702,310
2021-04-08,Stanislaus,099,539301,53818,53401,5686,59087,706
2021-04-08,Sutter,101,95872,9193,9195,83,9278,106
2021-04-08,Tehama,103,63373,4862,4802,528,5330,52
2021-04-08,Trinity,105,12862,481,324,85,409,3
2021-04-08,Tulare,107,460477,49480,48409,8704,57113,821
2021-04-08,Tuolumne,109,53932,3931,3986,37,4023,57
2021-04-08,Ventura,111,848112,80236,79626,2912,82538,986
2021-04-08,Yolo,113,214977,13484,13468,251,13719,198
2021-04-08,Yuba,115,75493,5787,5743,115,5858,43
2021-04-07,Alameda,001,1643700,84792,84130,1842,85972,1224
2021-04-07,Alpine,003,1148,85,85,0,85,0
2021-04-07,Amador,005,37829,3610,3590,33,3623,46
2021-04-07,Butte,007,227075,11802,11405,1689,13094,193
2021-04-07,Calaveras,009,45235,2032,2022,11,2033,50
2021-04-07,Colusa,011,21464,1898,1894,278,2172,14
2021-04-07,Contra Costa,013,1133247,66551,65619,1162,66781,775
2021-04-07,Del Norte,015,27424,1243,1198,11,1209,6
2021-04-07,El Dorado,017,186661,9614,9500,643,10143,106
2021-04-07,Fresno,019,978130,100548,99865,8381,108246,1627
2021-04-07,Glenn,021,27897,2365,2337,537,2874,17
2021-04-07,Humboldt,023,135768,3510,3484,25,3509,35
2021-04-07,Imperial,025,180216,27900,27704,2638,30342,713
2021-04-07,Inyo,027,18085,1389,1386,10,1396,36
2021-04-07,Kern,029,883053,95795,94456,10426,104882,1275
2021-04-07,Kings,031,150075,22844,22589,1043,23632,243
2021-04-07,Lake,033,64148,3394,3358,9,3367,43
2021-04-07,Lassen,035,31185,5155,5137,104,5241,1
2021-04-07,Los Angeles,037,10098052,1192350,1183862,40651,1224513,23372
2021-04-07,Madera,039,155013,16276,16090,910,17000,231
2021-04-07,Marin,041,260295,13770,13688,229,13917,225
2021-04-07,Mariposa,043,17540,398,391,6,397,5
2021-04-07,Mendocino,045,87422,3777,3691,73,3764,45
2021-04-07,Merced,047,269075,30096,30132,1010,31142,430
2021-04-07,Modoc,049,8938,364,351,119,470,3
2021-04-07,Mono,051,14174,1237,1246,17,1263,3
2021-04-07,Monterey,053,433212,42691,42427,1803,44230,341
2021-04-07,Napa,055,140530,9576,9556,34,9590,80
2021-04-07,Nevada,057,99092,4427,4364,184,4548,69
2021-04-07,Orange,059,3164182,252286,250378,10953,261331,4778
2021-04-07,Placer,061,380077,21979,21227,1320,22547,276
2021-04-07,Plumas,063,18699,674,665,10,675,4
2021-04-07,Riverside,065,2383286,290596,283749,13784,297533,4285
2021-04-07,Sacramento,067,1510023,100443,99202,1485,100687,1544
2021-04-07,San Benito,069,59416,5927,5912,104,6016,62
2021-04-07,San Bernardino,071,2135413,290226,286978,8829,295807,4433
2021-04-07,San Diego,073,3302833,273249,272195,13824,286019,3588
2021-04-07,San Francisco,075,870044,35661,35618,1219,36837,493
2021-04-07,San Joaquin,077,732212,70531,69375,3284,72659,1278
2021-04-07,San Luis Obispo,079,281455,20757,20373,643,21016,252
2021-04-07,San Mateo,081,765935,41181,40693,438,41131,350
2021-04-07,Santa Barbara,083,443738,33679,33289,1105,34394,444
2021-04-07,Santa Clara,085,1922200,115416,115311,682,115993,1900
2021-04-07,Santa Cruz,087,273765,15935,15275,805,16080,203
2021-04-07,Shasta,089,179085,11459,11456,1385,12841,184
2021-04-07,Sierra,091,2930,55,51,12,63,0
2021-04-07,Siskiyou,093,43540,1586,1512,273,1785,7
2021-04-07,Solano,095,438530,31233,31097,431,31528,238
2021-04-07,Sonoma,097,501317,29329,29394,291,29685,310
2021-04-07,Stanislaus,099,539301,53749,53344,5676,59020,686
2021-04-07,Sutter,101,95872,9190,9188,83,9271,106
2021-04-07,Tehama,103,63373,4854,4802,526,5328,52
2021-04-07,Trinity,105,12862,481,322,85,407,3
2021-04-07,Tulare,107,460477,49465,48386,8693,57079,820
2021-04-07,Tuolumne,109,53932,3929,3982,37,4019,57
2021-04-07,Ventura,111,848112,80202,79595,2910,82505,986
2021-04-07,Yolo,113,214977,13469,13450,249,13699,198
2021-04-07,Yuba,115,75493,5783,5737,115,5852,43
2021-04-06,Alameda,001,1643700,84679,84091,1838,85929,1223
2021-04-06,Alpine,003,1148,85,85,0,85,0
2021-04-06,Amador,005,37829,3609,3587,33,3620,45
2021-04-06,Butte,007,227075,11787,11396,1687,13083,193
2021-04-06,Calaveras,009,45235,2028,2021,11,2032,50
2021-04-06,Colusa,011,21464,1896,1894,276,2170,14
2021-04-06,Contra Costa,013,1133247,66473,65575,1161,66736,774
2021-04-06,Del Norte,015,27424,1238,1197,11,1208,6
2021-04-06,El Dorado,017,186661,9584,9489,641,10130,106
2021-04-06,Fresno,019,978130,100484,99814,8375,108189,1626
2021-04-06,Glenn,021,27897,2364,2335,536,2871,17
2021-04-06,Humboldt,023,135768,3501,3477,25,3502,35
2021-04-06,Imperial,025,180216,27866,27661,2628,30289,713
2021-04-06,Inyo,027,18085,1389,1379,10,1389,36
2021-04-06,Kern,029,883053,95751,94422,10420,104842,1259
2021-04-06,Kings,031,150075,22838,22587,1043,23630,240
2021-04-06,Lake,033,64148,3391,3358,9,3367,43
2021-04-06,Lassen,035,31185,5153,5137,104,5241,1
2021-04-06,Los Angeles,037,10098052,1191837,1183499,40611,1224110,23323
2021-04-06,Madera,039,155013,16256,16085,905,16990,230
2021-04-06,Marin,041,260295,13761,13675,225,13900,224
2021-04-06,Mariposa,043,17540,398,390,6,396,5
2021-04-06,Mendocino,045,87422,3775,3686,73,3759,45
2021-04-06,Merced,047,269075,30067,30100,1005,31105,430
2021-04-06,Modoc,049,8938,363,351,119,470,3
2021-04-06,Mono,051,14174,1237,1246,17,1263,3
2021-04-06,Monterey,053,433212,42682,42412,1802,44214,341
2021-04-06,Napa,055,140530,9557,9509,34,9543,78
2021-04-06,Nevada,057,99092,4417,4356,182,4538,69
2021-04-06,Orange,059,3164182,252177,250304,10939,261243,4771
2021-04-06,Placer,061,380077,21931,21184,1318,22502,276
2021-04-06,Plumas,063,18699,674,665,10,675,4
2021-04-06,Riverside,065,2383286,290415,283622,13773,297395,4264
2021-04-06,Sacramento,067,1510023,100234,99110,1479,100589,1537
2021-04-06,San Benito,069,59416,5918,5907,104,6011,62
2021-04-06,San Bernardino,071,2135413,290112,286792,8819,295611,4428
2021-04-06,San Diego,073,3302833,272987,271867,13796,285663,3585
2021-04-06,San Francisco,075,870044,35618,35572,1219,36791,488
2021-04-06,San Joaquin,077,732212,70448,69316,3272,72588,1278
2021-04-06,San Luis Obispo,079,281455,20735,20350,640,20990,252
2021-04-06,San Mateo,081,765935,41133,40649,437,41086,350
2021-04-06,Santa Barbara,083,443738,33661,33257,1104,34361,443
2021-04-06,Santa Clara,085,1922200,115245,115184,681,115865,1900
2021-04-06,Santa Cruz,087,273765,15925,15252,805,16057,203
2021-04-06,Shasta,089,179085,11438,11443,1383,12826,184
2021-04-06,Sierra,091,2930,55,51,12,63,0
2021-04-06,Siskiyou,093,43540,1582,1510,272,1782,7
2021-04-06,Solano,095,438530,31186,31078,430,31508,237
2021-04-06,Sonoma,097,501317,29304,29386,289,29675,311
2021-04-06,Stanislaus,099,539301,53692,53304,5670,58974,686
2021-04-06,Sutter,101,95872,9180,9179,83,9262,106
2021-04-06,Tehama,103,63373,4845,4798,526,5324,52
2021-04-06,Trinity,105,12862,481,321,85,406,3
2021-04-06,Tulare,107,460477,49422,48372,8689,57061,819
2021-04-06,Tuolumne,109,53932,3929,3981,37,4018,57
2021-04-06,Ventura,111,848112,80165,79556,2908,82464,983
2021-04-06,Yolo,113,214977,13456,13443,248,13691,198
2021-04-06,Yuba,115,75493,5779,5733,114,5847,43
2021-04-05,Alameda,001,1643700,84563,84007,1834,85841,1219
2021-04-05,Alpine,003,1148,85,85,0,85,0
2021-04-05,Amador,005,37829,3606,3584,33,3617,45
2021-04-05,Butte,007,227075,11772,11384,1686,13070,193
2021-04-05,Calaveras,009,45235,2026,2019,11,2030,50
2021-04-05,Colusa,011,21464,1896,1894,275,2169,14
2021-04-05,Contra Costa,013,1133247,66407,65457,1159,66616,774
2021-04-05,Del Norte,015,27424,1236,1189,11,1200,6
2021-04-05,El Dorado,017,186661,9569,9463,641,10104,106
2021-04-05,Fresno,019,978130,100396,99755,8367,108122,1622
2021-04-05,Glenn,021,27897,2363,2335,536,2871,17
2021-04-05,Humboldt,023,135768,3492,3475,25,3500,35
2021-04-05,Imperial,025,180216,27834,27604,2623,30227,710
2021-04-05,Inyo,027,18085,1386,1377,10,1387,36
2021-04-05,Kern,029,883053,95696,94401,10395,104796,1249
2021-04-05,Kings,031,150075,22834,22580,1043,23623,239
2021-04-05,Lake,033,64148,3383,3359,9,3368,43
2021-04-05,Lassen,035,31185,5153,5138,103,5241,1
2021-04-05,Los Angeles,037,10098052,1191302,1183200,40561,1223761,23302
2021-04-05,Madera,039,155013,16242,16065,904,16969,230
2021-04-05,Marin,041,260295,13747,13666,221,13887,221
2021-04-05,Mariposa,043,17540,398,390,6,396,5
2021-04-05,Mendocino,045,87422,3773,3687,73,3760,45
2021-04-05,Merced,047,269075,30041,30068,1003,31071,427
2021-04-05,Modoc,049,8938,361,346,119,465,3
2021-04-05,Mono,051,14174,1237,1246,17,1263,3
2021-04-05,Monterey,053,433212,42669,42396,1798,44194,341
2021-04-05,Napa,055,140530,9534,9492,34,9526,78
2021-04-05,Nevada,057,99092,4406,4346,182,4528,69
2021-04-05,Orange,059,3164182,252062,250177,10915,261092,4759
2021-04-05,Placer,061,380077,21885,21133,1311,22444,276
2021-04-05,Plumas,063,18699,674,666,10,676,4
2021-04-05,Riverside,065,2383286,290278,283549,13761,297310,4237
2021-04-05,Sacramento,067,1510023,100072,98908,1471,100379,1533
2021-04-05,San Benito,069,59416,5912,5904,104,6008,61
2021-04-05,San Bernardino,071,2135413,290002,286597,8816,295413,4425
2021-04-05,San Diego,073,3302833,272738,271655,13755,285410,3583
2021-04-05,San Francisco,075,870044,35587,35538,1219,36757,488
2021-04-05,San Joaquin,077,732212,70359,69214,3263,72477,1268
2021-04-05,San Luis Obispo,079,281455,20698,20333,640,20973,252
2021-04-05,San Mateo,081,765935,41089,40609,436,41045,350
2021-04-05,Santa Barbara,083,443738,33626,33235,1104,34339,443
2021-04-05,Santa Clara,085,1922200,115078,115091,678,115769,1893
2021-04-05,Santa Cruz,087,273765,15918,15228,805,16033,201
2021-04-05,Shasta,089,179085,11417,11435,1380,12815,184
2021-04-05,Sierra,091,2930,55,50,12,62,0
2021-04-05,Siskiyou,093,43540,1579,1509,270,1779,7
2021-04-05,Solano,095,438530,31145,31026,428,31454,237
2021-04-05,Sonoma,097,501317,29272,29361,287,29648,311
2021-04-05,Stanislaus,099,539301,53612,53238,5667,58905,686
2021-04-05,Sutter,101,95872,9173,9169,83,9252,106
2021-04-05,Tehama,103,63373,4839,4794,526,5320,52
2021-04-05,Trinity,105,12862,480,321,85,406,3
2021-04-05,Tulare,107,460477,49410,48356,8682,57038,818
2021-04-05,Tuolumne,109,53932,3928,3980,37,4017,57
2021-04-05,Ventura,111,848112,80134,79549,2905,82454,983
2021-04-05,Yolo,113,214977,13442,13427,247,13674,198
2021-04-05,Yuba,115,75493,5774,5728,113,5841,43
2021-04-04,Alameda,001,1643700,84445,83951,1830,85781,1219
2021-04-04,Alpine,003,1148,85,85,0,85,0
2021-04-04,Amador,005,37829,3600,3582,33,3615,45
2021-04-04,Butte,007,227075,11757,11375,1685,13060,193
2021-04-04,Calaveras,009,45235,2022,2020,11,2031,50
2021-04-04,Colusa,011,21464,1895,1893,275,2168,14
2021-04-04,Contra Costa,013,1133247,66301,65408,1154,66562,774
2021-04-04,Del Norte,015,27424,1228,1186,11,1197,6
2021-04-04,El Dorado,017,186661,9550,9455,637,10092,106
2021-04-04,Fresno,019,978130,100322,99702,8354,108056,1622
2021-04-04,Glenn,021,27897,2360,2335,535,2870,17
2021-04-04,Humboldt,023,135768,3481,3472,25,3497,35
2021-04-04,Imperial,025,180216,27778,27588,2621,30209,710
2021-04-04,Inyo,027,18085,1382,1377,10,1387,36
2021-04-04,Kern,029,883053,95652,94388,10374,104762,1247
2021-04-04,Kings,031,150075,22832,22580,1042,23622,239
2021-04-04,Lake,033,64148,3377,3355,8,3363,43
2021-04-04,Lassen,035,31185,5151,5138,103,5241,1
2021-04-04,Los Angeles,037,10098052,1190758,1182872,40516,1223388,23301
2021-04-04,Madera,039,155013,16216,16052,900,16952,230
2021-04-04,Marin,041,260295,13734,13663,220,13883,221
2021-04-04,Mariposa,043,17540,398,390,6,396,5
2021-04-04,Mendocino,045,87422,3770,3684,73,3757,45
2021-04-04,Merced,047,269075,29998,30048,1000,31048,427
2021-04-04,Modoc,049,8938,361,346,119,465,3
2021-04-04,Mono,051,14174,1236,1245,17,1262,3
2021-04-04,Monterey,053,433212,42652,42391,1797,44188,341
2021-04-04,Napa,055,140530,9522,9486,34,9520,78
2021-04-04,Nevada,057,99092,4394,4337,182,4519,69
2021-04-04,Orange,059,3164182,251928,250117,10899,261016,4759
2021-04-04,Placer,061,380077,21839,21104,1293,22397,276
2021-04-04,Plumas,063,18699,674,666,10,676,4
2021-04-04,Riverside,065,2383286,290152,283537,13757,297294,4237
2021-04-04,Sacramento,067,1510023,99873,98821,1462,100283,1531
2021-04-04,San Benito,069,59416,5902,5901,100,6001,61
2021-04-04,San Bernardino,071,2135413,289862,286561,8808,295369,4423
2021-04-04,San Diego,073,3302833,272426,271528,13714,285242,3583
2021-04-04,San Francisco,075,870044,35533,35525,1216,36741,488
2021-04-04,San Joaquin,077,732212,70258,69147,3251,72398,1268
2021-04-04,San Luis Obispo,079,281455,20666,20328,632,20960,252
2021-04-04,San Mateo,081,765935,41046,40587,433,41020,350
2021-04-04,Santa Barbara,083,443738,33590,33213,1104,34317,443
2021-04-04,Santa Clara,085,1922200,114912,114976,671,115647,1893
2021-04-04,Santa Cruz,087,273765,15909,15219,805,16024,201
2021-04-04,Shasta,089,179085,11391,11433,1379,12812,184
2021-04-04,Sierra,091,2930,55,50,12,62,0
2021-04-04,Siskiyou,093,43540,1576,1509,266,1775,7
2021-04-04,Solano,095,438530,31098,31002,426,31428,237
2021-04-04,Sonoma,097,501317,29240,29340,285,29625,311
2021-04-04,Stanislaus,099,539301,53519,53181,5659,58840,686
2021-04-04,Sutter,101,95872,9166,9164,83,9247,106
2021-04-04,Tehama,103,63373,4827,4792,525,5317,52
2021-04-04,Trinity,105,12862,478,321,85,406,3
2021-04-04,Tulare,107,460477,49394,48343,8674,57017,818
2021-04-04,Tuolumne,109,53932,3920,3980,37,4017,57
2021-04-04,Ventura,111,848112,80091,79526,2903,82429,983
2021-04-04,Yolo,113,214977,13421,13425,246,13671,198
2021-04-04,Yuba,115,75493,5767,5722,113,5835,43
2021-04-03,Alameda,001,1643700,84378,83861,1828,85689,1218
2021-04-03,Alpine,003,1148,85,85,0,85,0
2021-04-03,Amador,005,37829,3597,3577,33,3610,45
2021-04-03,Butte,007,227075,11753,11359,1681,13040,193
2021-04-03,Calaveras,009,45235,2020,2019,11,2030,50
2021-04-03,Colusa,011,21464,1895,1891,275,2166,14
2021-04-03,Contra Costa,013,1133247,66229,65338,1154,66492,774
2021-04-03,Del Norte,015,27424,1223,1183,11,1194,6
2021-04-03,El Dorado,017,186661,9541,9448,636,10084,106
2021-04-03,Fresno,019,978130,100265,99602,8348,107950,1622
2021-04-03,Glenn,021,27897,2359,2334,534,2868,17
2021-04-03,Humboldt,023,135768,3479,3467,25,3492,35
2021-04-03,Imperial,025,180216,27762,27572,2618,30190,710
2021-04-03,Inyo,027,18085,1381,1376,10,1386,36
2021-04-03,Kern,029,883053,95626,94369,10358,104727,1243
2021-04-03,Kings,031,150075,22830,22580,1042,23622,239
2021-04-03,Lake,033,64148,3376,3350,8,3358,43
2021-04-03,Lassen,035,31185,5150,5136,103,5239,1
2021-04-03,Los Angeles,037,10098052,1190455,1182402,40499,1222901,23301
2021-04-03,Madera,039,155013,16207,16051,898,16949,230
2021-04-03,Marin,041,260295,13726,13658,219,13877,221
2021-04-03,Mariposa,043,17540,398,390,5,395,5
2021-04-03,Mendocino,045,87422,3769,3684,73,3757,45
2021-04-03,Merced,047,269075,29983,30031,1000,31031,427
2021-04-03,Modoc,049,8938,361,346,119,465,3
2021-04-03,Mono,051,14174,1236,1245,17,1262,3
2021-04-03,Monterey,053,433212,42639,42376,1795,44171,341
2021-04-03,Napa,055,140530,9513,9473,34,9507,78
2021-04-03,Nevada,057,99092,4390,4323,182,4505,69
2021-04-03,Orange,059,3164182,251848,249982,10881,260863,4755
2021-04-03,Placer,061,380077,21808,21060,1289,22349,276
2021-04-03,Plumas,063,18699,674,666,10,676,4
2021-04-03,Riverside,065,2383286,290074,283423,13754,297177,4237
2021-04-03,Sacramento,067,1510023,99765,98660,1456,100116,1531
2021-04-03,San Benito,069,59416,5899,5893,99,5992,61
2021-04-03,San Bernardino,071,2135413,289797,286473,8802,295275,4422
2021-04-03,San Diego,073,3302833,272257,271335,13697,285032,3571
2021-04-03,San Francisco,075,870044,35514,35488,1214,36702,489
2021-04-03,San Joaquin,077,732212,70217,69100,3235,72335,1268
2021-04-03,San Luis Obispo,079,281455,20647,20301,632,20933,252
2021-04-03,San Mateo,081,765935,41021,40560,433,40993,350
2021-04-03,Santa Barbara,083,443738,33564,33172,1103,34275,443
2021-04-03,Santa Clara,085,1922200,114804,114865,669,115534,1893
2021-04-03,Santa Cruz,087,273765,15902,15205,805,16010,201
2021-04-03,Shasta,089,179085,11383,11418,1379,12797,184
2021-04-03,Sierra,091,2930,55,50,12,62,0
2021-04-03,Siskiyou,093,43540,1575,1509,266,1775,7
2021-04-03,Solano,095,438530,31077,30970,423,31393,237
2021-04-03,Sonoma,097,501317,29224,29315,284,29599,311
2021-04-03,Stanislaus,099,539301,53484,53137,5653,58790,686
2021-04-03,Sutter,101,95872,9160,9158,83,9241,106
2021-04-03,Tehama,103,63373,4819,4788,525,5313,52
2021-04-03,Trinity,105,12862,478,321,85,406,3
2021-04-03,Tulare,107,460477,49384,48327,8670,56997,818
2021-04-03,Tuolumne,109,53932,3920,3980,37,4017,57
2021-04-03,Ventura,111,848112,80070,79489,2901,82390,983
2021-04-03,Yolo,113,214977,13415,13414,246,13660,198
2021-04-03,Yuba,115,75493,5761,5716,113,5829,43
2021-04-02,Alameda,001,1643700,84304,83776,1825,85601,1217
2021-04-02,Alpine,003,1148,85,85,0,85,0
2021-04-02,Amador,005,37829,3593,3573,32,3605,45
2021-04-02,Butte,007,227075,11745,11350,1681,13031,193
2021-04-02,Calaveras,009,45235,2018,2010,11,2021,50
2021-04-02,Colusa,011,21464,1895,1891,275,2166,14
2021-04-02,Contra Costa,013,1133247,66165,65299,1153,66452,774
2021-04-02,Del Norte,015,27424,1220,1174,11,1185,6
2021-04-02,El Dorado,017,186661,9528,9437,633,10070,106
2021-04-02,Fresno,019,978130,100211,99551,8337,107888,1620
2021-04-02,Glenn,021,27897,2359,2331,534,2865,17
2021-04-02,Humboldt,023,135768,3475,3465,25,3490,35
2021-04-02,Imperial,025,180216,27750,27553,2612,30165,710
2021-04-02,Inyo,027,18085,1381,1377,10,1387,36
2021-04-02,Kern,029,883053,95608,94348,10355,104703,1233
2021-04-02,Kings,031,150075,22830,22571,1039,23610,239
2021-04-02,Lake,033,64148,3374,3348,8,3356,43
2021-04-02,Lassen,035,31185,5150,5134,103,5237,1
2021-04-02,Los Angeles,037,10098052,1190146,1181682,40476,1222158,23264
2021-04-02,Madera,039,155013,16198,16036,897,16933,230
2021-04-02,Marin,041,260295,13718,13649,219,13868,221
2021-04-02,Mariposa,043,17540,396,390,5,395,5
2021-04-02,Mendocino,045,87422,3766,3682,73,3755,45
2021-04-02,Merced,047,269075,29958,29998,1000,30998,426
2021-04-02,Modoc,049,8938,358,346,119,465,3
2021-04-02,Mono,051,14174,1236,1246,17,1263,3
2021-04-02,Monterey,053,433212,42629,42359,1792,44151,341
2021-04-02,Napa,055,140530,9498,9453,34,9487,78
2021-04-02,Nevada,057,99092,4386,4323,182,4505,69
2021-04-02,Orange,059,3164182,251752,249891,10868,260759,4748
2021-04-02,Placer,061,380077,21772,21035,1283,22318,275
2021-04-02,Plumas,063,18699,674,666,10,676,4
2021-04-02,Riverside,065,2383286,289988,283328,13745,297073,4213
2021-04-02,Sacramento,067,1510023,99658,98648,1449,100097,1527
2021-04-02,San Benito,069,59416,5897,5888,97,5985,61
2021-04-02,San Bernardino,071,2135413,289724,286308,8798,295106,4417
2021-04-02,San Diego,073,3302833,272071,271036,13671,284707,3568
2021-04-02,San Francisco,075,870044,35479,35451,1212,36663,488
2021-04-02,San Joaquin,077,732212,70152,68996,3220,72216,1268
2021-04-02,San Luis Obispo,079,281455,20630,20271,631,20902,252
2021-04-02,San Mateo,081,765935,40979,40514,433,40947,350
2021-04-02,Santa Barbara,083,443738,33536,33145,1103,34248,443
2021-04-02,Santa Clara,085,1922200,114693,114777,667,115444,1882
2021-04-02,Santa Cruz,087,273765,15894,15216,805,16021,202
2021-04-02,Shasta,089,179085,11378,11377,1371,12748,181
2021-04-02,Sierra,091,2930,55,50,12,62,0
2021-04-02,Siskiyou,093,43540,1575,1508,265,1773,7
2021-04-02,Solano,095,438530,31048,30951,420,31371,237
2021-04-02,Sonoma,097,501317,29203,29288,283,29571,311
2021-04-02,Stanislaus,099,539301,53439,53073,5647,58720,687
2021-04-02,Sutter,101,95872,9152,9131,83,9214,106
2021-04-02,Tehama,103,63373,4812,4775,524,5299,52
2021-04-02,Trinity,105,12862,478,320,85,405,3
2021-04-02,Tulare,107,460477,49378,48306,8664,56970,818
2021-04-02,Tuolumne,109,53932,3917,3980,37,4017,57
2021-04-02,Ventura,111,848112,80042,79434,2899,82333,982
2021-04-02,Yolo,113,214977,13405,13381,246,13627,197
2021-04-02,Yuba,115,75493,5757,5709,113,5822,44
2021-04-01,Alameda,001,1643700,84225,83574,1820,85394,1216
2021-04-01,Alpine,003,1148,85,85,0,85,0
2021-04-01,Amador,005,37829,3589,3558,32,3590,45
2021-04-01,Butte,007,227075,11727,11328,1679,13007,193
2021-04-01,Calaveras,009,45235,2014,2006,11,2017,50
2021-04-01,Colusa,011,21464,1892,1890,275,2165,14
2021-04-01,Contra Costa,013,1133247,66105,65176,1151,66327,771
2021-04-01,Del Norte,015,27424,1215,1138,11,1149,6
2021-04-01,El Dorado,017,186661,9519,9393,629,10022,106
2021-04-01,Fresno,019,978130,100158,99317,8329,107646,1616
2021-04-01,Glenn,021,27897,2359,2322,533,2855,17
2021-04-01,Humboldt,023,135768,3471,3464,25,3489,35
2021-04-01,Imperial,025,180216,27720,27520,2606,30126,710
2021-04-01,Inyo,027,18085,1380,1374,10,1384,36
2021-04-01,Kern,029,883053,95572,94244,10343,104587,1233
2021-04-01,Kings,031,150075,22823,22560,1038,23598,239
2021-04-01,Lake,033,64148,3369,3337,8,3345,43
2021-04-01,Lassen,035,31185,5149,5132,103,5235,1
2021-04-01,Los Angeles,037,10098052,1189654,1181101,40447,1221548,23220
2021-04-01,Madera,039,155013,16182,16023,897,16920,230
2021-04-01,Marin,041,260295,13708,13635,219,13854,221
2021-04-01,Mariposa,043,17540,394,389,5,394,5
2021-04-01,Mendocino,045,87422,3766,3680,73,3753,45
2021-04-01,Merced,047,269075,29925,29820,1000,30820,425
2021-04-01,Modoc,049,8938,357,346,119,465,3
2021-04-01,Mono,051,14174,1236,1245,17,1262,3
2021-04-01,Monterey,053,433212,42621,42324,1790,44114,339
2021-04-01,Napa,055,140530,9486,9410,34,9444,78
2021-04-01,Nevada,057,99092,4376,4288,181,4469,68
2021-04-01,Orange,059,3164182,251632,249617,10851,260468,4742
2021-04-01,Placer,061,380077,21733,20909,1271,22180,274
2021-04-01,Plumas,063,18699,674,664,10,674,4
2021-04-01,Riverside,065,2383286,289883,283128,13742,296870,4193
2021-04-01,Sacramento,067,1510023,99514,97952,1435,99387,1521
2021-04-01,San Benito,069,59416,5889,5878,96,5974,61
2021-04-01,San Bernardino,071,2135413,289607,286086,8789,294875,4404
2021-04-01,San Diego,073,3302833,271847,270540,13641,284181,3555
2021-04-01,San Francisco,075,870044,35458,35386,1209,36595,488
2021-04-01,San Joaquin,077,732212,70070,68802,3212,72014,1262
2021-04-01,San Luis Obispo,079,281455,20601,20235,630,20865,252
2021-04-01,San Mateo,081,765935,40938,40454,433,40887,350
2021-04-01,Santa Barbara,083,443738,33489,33096,1098,34194,443
2021-04-01,Santa Clara,085,1922200,114580,114606,666,115272,1874
2021-04-01,Santa Cruz,087,273765,15879,15271,805,16076,202
2021-04-01,Shasta,089,179085,11363,11355,1366,12721,181
2021-04-01,Sierra,091,2930,55,50,12,62,0
2021-04-01,Siskiyou,093,43540,1573,1507,264,1771,7
2021-04-01,Solano,095,438530,31015,30850,417,31267,237
2021-04-01,Sonoma,097,501317,29172,29241,276,29517,311
2021-04-01,Stanislaus,099,539301,53376,52825,5641,58466,687
2021-04-01,Sutter,101,95872,9140,9105,83,9188,106
2021-04-01,Tehama,103,63373,4806,4764,521,5285,52
2021-04-01,Trinity,105,12862,478,319,85,404,3
2021-04-01,Tulare,107,460477,49355,48279,8654,56933,817
2021-04-01,Tuolumne,109,53932,3915,3978,37,4015,57
2021-04-01,Ventura,111,848112,80018,79369,2898,82267,977
2021-04-01,Yolo,113,214977,13392,13342,246,13588,197
2021-04-01,Yuba,115,75493,5752,5694,113,5807,44
2021-03-31,Alameda,001,1643700,84144,83475,1815,85290,1215
2021-03-31,Alpine,003,1148,85,85,0,85,0
2021-03-31,Amador,005,37829,3586,3556,32,3588,45
2021-03-31,Butte,007,227075,11717,11321,1676,12997,193
2021-03-31,Calaveras,009,45235,2012,2005,11,2016,50
2021-03-31,Colusa,011,21464,1892,1890,275,2165,14
2021-03-31,Contra Costa,013,1133247,66020,65109,1150,66259,769
2021-03-31,Del Norte,015,27424,1206,1129,11,1140,6
2021-03-31,El Dorado,017,186661,9502,9390,629,10019,106
2021-03-31,Fresno,019,978130,100065,99240,8312,107552,1616
2021-03-31,Glenn,021,27897,2355,2318,531,2849,17
2021-03-31,Humboldt,023,135768,3465,3460,25,3485,35
2021-03-31,Imperial,025,180216,27700,27506,2605,30111,710
2021-03-31,Inyo,027,18085,1377,1373,9,1382,35
2021-03-31,Kern,029,883053,95529,94205,10334,104539,1229
2021-03-31,Kings,031,150075,22820,22540,1038,23578,239
2021-03-31,Lake,033,64148,3365,3332,8,3340,43
2021-03-31,Lassen,035,31185,5145,5132,103,5235,1
2021-03-31,Los Angeles,037,10098052,1189186,1180538,40407,1220945,23171
2021-03-31,Madera,039,155013,16168,16015,896,16911,229
2021-03-31,Marin,041,260295,13697,13624,219,13843,221
2021-03-31,Mariposa,043,17540,394,389,5,394,5
2021-03-31,Mendocino,045,87422,3760,3675,73,3748,45
2021-03-31,Merced,047,269075,29896,29780,1000,30780,423
2021-03-31,Modoc,049,8938,357,346,119,465,3
2021-03-31,Mono,051,14174,1236,1245,17,1262,3
2021-03-31,Monterey,053,433212,42604,42309,1788,44097,338
2021-03-31,Napa,055,140530,9468,9401,34,9435,78
2021-03-31,Nevada,057,99092,4370,4283,181,4464,68
2021-03-31,Orange,059,3164182,251521,249518,10836,260354,4731
2021-03-31,Placer,061,380077,21683,20885,1264,22149,271
2021-03-31,Plumas,063,18699,673,663,10,673,4
2021-03-31,Riverside,065,2383286,289781,283006,13732,296738,4171
2021-03-31,Sacramento,067,1510023,99339,97760,1428,99188,1519
2021-03-31,San Benito,069,59416,5879,5875,96,5971,61
2021-03-31,San Bernardino,071,2135413,289513,285916,8786,294702,4356
2021-03-31,San Diego,073,3302833,271616,270288,13606,283894,3555
2021-03-31,San Francisco,075,870044,35413,35347,1208,36555,474
2021-03-31,San Joaquin,077,732212,69981,68685,3196,71881,1259
2021-03-31,San Luis Obispo,079,281455,20579,20215,629,20844,251
2021-03-31,San Mateo,081,765935,40908,40423,433,40856,350
2021-03-31,Santa Barbara,083,443738,33457,33052,1096,34148,443
2021-03-31,Santa Clara,085,1922200,114453,114499,666,115165,1874
2021-03-31,Santa Cruz,087,273765,15866,15295,804,16099,201
2021-03-31,Shasta,089,179085,11351,11327,1358,12685,179
2021-03-31,Sierra,091,2930,55,50,12,62,0
2021-03-31,Siskiyou,093,43540,1572,1505,264,1769,7
2021-03-31,Solano,095,438530,30969,30824,416,31240,235
2021-03-31,Sonoma,097,501317,29145,29216,276,29492,311
2021-03-31,Stanislaus,099,539301,53308,52782,5629,58411,687
2021-03-31,Sutter,101,95872,9129,9111,83,9194,106
2021-03-31,Tehama,103,63373,4801,4762,519,5281,52
2021-03-31,Trinity,105,12862,478,319,85,404,3
2021-03-31,Tulare,107,460477,49335,48261,8638,56899,816
2021-03-31,Tuolumne,109,53932,3914,3976,37,4013,57
2021-03-31,Ventura,111,848112,79986,79326,2894,82220,969
2021-03-31,Yolo,113,214977,13375,13359,245,13604,197
2021-03-31,Yuba,115,75493,5745,5686,113,5799,44
2021-03-30,Alameda,001,1643700,84044,83395,1812,85207,1211
2021-03-30,Alpine,003,1148,85,85,0,85,0
2021-03-30,Amador,005,37829,3583,3551,32,3583,45
2021-03-30,Butte,007,227075,11705,11296,1673,12969,193
2021-03-30,Calaveras,009,45235,2008,1997,11,2008,50
2021-03-30,Colusa,011,21464,1891,1890,274,2164,14
2021-03-30,Contra Costa,013,1133247,65931,65041,1148,66189,767
2021-03-30,Del Norte,015,27424,1198,1118,10,1128,6
2021-03-30,El Dorado,017,186661,9483,9381,626,10007,105
2021-03-30,Fresno,019,978130,100000,99156,8299,107455,1609
2021-03-30,Glenn,021,27897,2355,2310,530,2840,17
2021-03-30,Humboldt,023,135768,3463,3461,25,3486,35
2021-03-30,Imperial,025,180216,27671,27471,2603,30074,706
2021-03-30,Inyo,027,18085,1377,1374,9,1383,35
2021-03-30,Kern,029,883053,95487,94151,10325,104476,1221
2021-03-30,Kings,031,150075,22816,22530,1036,23566,238
2021-03-30,Lake,033,64148,3359,3330,8,3338,43
2021-03-30,Lassen,035,31185,5145,5132,103,5235,1
2021-03-30,Los Angeles,037,10098052,1188689,1180044,40385,1220429,23136
2021-03-30,Madera,039,155013,16158,16003,892,16895,229
2021-03-30,Marin,041,260295,13688,13611,211,13822,221
2021-03-30,Mariposa,043,17540,394,388,5,393,5
2021-03-30,Mendocino,045,87422,3758,3670,73,3743,45
2021-03-30,Merced,047,269075,29859,29731,1000,30731,423
2021-03-30,Modoc,049,8938,356,346,119,465,3
2021-03-30,Mono,051,14174,1235,1245,17,1262,3
2021-03-30,Monterey,053,433212,42578,42308,1786,44094,338
2021-03-30,Napa,055,140530,9453,9391,34,9425,78
2021-03-30,Nevada,057,99092,4358,4266,180,4446,68
2021-03-30,Orange,059,3164182,251392,249412,10809,260221,4727
2021-03-30,Placer,061,380077,21643,20866,1258,22124,271
2021-03-30,Plumas,063,18699,673,661,10,671,4
2021-03-30,Riverside,065,2383286,289656,282930,13723,296653,4154
2021-03-30,Sacramento,067,1510023,99202,97718,1424,99142,1516
2021-03-30,San Benito,069,59416,5873,5870,96,5966,61
2021-03-30,San Bernardino,071,2135413,289405,285758,8777,294535,4343
2021-03-30,San Diego,073,3302833,271377,269998,13568,283566,3555
2021-03-30,San Francisco,075,870044,35363,35325,1207,36532,474
2021-03-30,San Joaquin,077,732212,69893,68613,3186,71799,1232
2021-03-30,San Luis Obispo,079,281455,20559,20194,629,20823,251
2021-03-30,San Mateo,081,765935,40864,40377,433,40810,349
2021-03-30,Santa Barbara,083,443738,33432,33016,1096,34112,441
2021-03-30,Santa Clara,085,1922200,114330,114413,665,115078,1873
2021-03-30,Santa Cruz,087,273765,15860,15278,804,16082,201
2021-03-30,Shasta,089,179085,11343,11316,1357,12673,184
2021-03-30,Sierra,091,2930,55,50,12,62,0
2021-03-30,Siskiyou,093,43540,1571,1501,264,1765,7
2021-03-30,Solano,095,438530,30939,30802,415,31217,232
2021-03-30,Sonoma,097,501317,29113,29198,276,29474,311
2021-03-30,Stanislaus,099,539301,53230,52690,5621,58311,677
2021-03-30,Sutter,101,95872,9125,9107,82,9189,106
2021-03-30,Tehama,103,63373,4792,4748,518,5266,52
2021-03-30,Trinity,105,12862,478,316,85,401,3
2021-03-30,Tulare,107,460477,49320,48249,8629,56878,815
2021-03-30,Tuolumne,109,53932,3909,3972,37,4009,57
2021-03-30,Ventura,111,848112,79942,79282,2891,82173,958
2021-03-30,Yolo,113,214977,13362,13353,245,13598,195
2021-03-30,Yuba,115,75493,5734,5679,107,5786,42
2021-03-29,Alameda,001,1643700,83942,83338,1810,85148,1211
2021-03-29,Alpine,003,1148,85,85,0,85,0
2021-03-29,Amador,005,37829,3577,3549,32,3581,45
2021-03-29,Butte,007,227075,11696,11291,1670,12961,191
2021-03-29,Calaveras,009,45235,2006,1998,11,2009,50
2021-03-29,Colusa,011,21464,1891,1889,273,2162,14
2021-03-29,Contra Costa,013,1133247,65862,64971,1147,66118,767
2021-03-29,Del Norte,015,27424,1193,1116,9,1125,6
2021-03-29,El Dorado,017,186661,9463,9374,620,9994,105
2021-03-29,Fresno,019,978130,99917,99085,8284,107369,1606
2021-03-29,Glenn,021,27897,2348,2310,530,2840,17
2021-03-29,Humboldt,023,135768,3458,3459,25,3484,34
2021-03-29,Imperial,025,180216,27650,27442,2601,30043,704
2021-03-29,Inyo,027,18085,1377,1372,9,1381,35
2021-03-29,Kern,029,883053,95440,94098,10305,104403,1220
2021-03-29,Kings,031,150075,22804,22522,1035,23557,238
2021-03-29,Lake,033,64148,3356,3325,8,3333,43
2021-03-29,Lassen,035,31185,5145,5131,103,5234,1
2021-03-29,Los Angeles,037,10098052,1188195,1179736,40344,1220080,23108
2021-03-29,Madera,039,155013,16138,15987,890,16877,210
2021-03-29,Marin,041,260295,13676,13600,207,13807,220
2021-03-29,Mariposa,043,17540,393,388,5,393,5
2021-03-29,Mendocino,045,87422,3755,3667,73,3740,45
2021-03-29,Merced,047,269075,29835,29699,1000,30699,422
2021-03-29,Modoc,049,8938,355,344,119,463,3
2021-03-29,Mono,051,14174,1234,1243,17,1260,3
2021-03-29,Monterey,053,433212,42562,42305,1781,44086,337
2021-03-29,Napa,055,140530,9437,9379,34,9413,78
2021-03-29,Nevada,057,99092,4351,4258,180,4438,68
2021-03-29,Orange,059,3164182,251280,249295,10797,260092,4713
2021-03-29,Placer,061,380077,21608,20827,1251,22078,267
2021-03-29,Plumas,063,18699,672,660,10,670,4
2021-03-29,Riverside,065,2383286,289553,282867,13722,296589,4133
2021-03-29,Sacramento,067,1510023,99008,97577,1416,98993,1514
2021-03-29,San Benito,069,59416,5866,5865,96,5961,61
2021-03-29,San Bernardino,071,2135413,289308,285615,8773,294388,4335
2021-03-29,San Diego,073,3302833,271111,269771,13542,283313,3547
2021-03-29,San Francisco,075,870044,35328,35291,1204,36495,474
2021-03-29,San Joaquin,077,732212,69807,68537,3173,71710,1211
2021-03-29,San Luis Obispo,079,281455,20524,20176,628,20804,250
2021-03-29,San Mateo,081,765935,40822,40357,432,40789,348
2021-03-29,Santa Barbara,083,443738,33398,32983,1095,34078,439
2021-03-29,Santa Clara,085,1922200,114222,114335,660,114995,1871
2021-03-29,Santa Cruz,087,273765,15849,15249,803,16052,201
2021-03-29,Shasta,089,179085,11325,11313,1355,12668,183
2021-03-29,Sierra,091,2930,55,50,12,62,0
2021-03-29,Siskiyou,093,43540,1569,1497,263,1760,6
2021-03-29,Solano,095,438530,30900,30762,413,31175,232
2021-03-29,Sonoma,097,501317,29090,29184,273,29457,310
2021-03-29,Stanislaus,099,539301,53147,52614,5613,58227,677
2021-03-29,Sutter,101,95872,9118,9105,82,9187,106
2021-03-29,Tehama,103,63373,4784,4742,517,5259,52
2021-03-29,Trinity,105,12862,478,314,85,399,3
2021-03-29,Tulare,107,460477,49292,48226,8618,56844,815
2021-03-29,Tuolumne,109,53932,3907,3969,37,4006,57
2021-03-29,Ventura,111,848112,79900,79252,2891,82143,956
2021-03-29,Yolo,113,214977,13343,13346,245,13591,195
2021-03-29,Yuba,115,75493,5727,5671,106,5777,42
2021-03-28,Alameda,001,1643700,83821,83239,1808,85047,1212
2021-03-28,Alpine,003,1148,85,85,0,85,0
2021-03-28,Amador,005,37829,3573,3541,32,3573,45
2021-03-28,Butte,007,227075,11683,11285,1668,12953,191
2021-03-28,Calaveras,009,45235,2004,1995,11,2006,50
2021-03-28,Colusa,011,21464,1890,1889,273,2162,14
2021-03-28,Contra Costa,013,1133247,65788,64878,1143,66021,767
2021-03-28,Del Norte,015,27424,1186,1107,7,1114,6
2021-03-28,El Dorado,017,186661,9448,9371,618,9989,105
2021-03-28,Fresno,019,978130,99835,99004,8272,107276,1606
2021-03-28,Glenn,021,27897,2344,2309,528,2837,17
2021-03-28,Humboldt,023,135768,3455,3452,24,3476,34
2021-03-28,Imperial,025,180216,27623,27426,2598,30024,704
2021-03-28,Inyo,027,18085,1376,1372,9,1381,35
2021-03-28,Kern,029,883053,95395,94084,10294,104378,1219
2021-03-28,Kings,031,150075,22799,22514,1032,23546,238
2021-03-28,Lake,033,64148,3351,3320,8,3328,43
2021-03-28,Lassen,035,31185,5145,5131,102,5233,1
2021-03-28,Los Angeles,037,10098052,1187644,1179316,40286,1219602,23101
2021-03-28,Madera,039,155013,16123,15973,889,16862,210
2021-03-28,Marin,041,260295,13663,13594,205,13799,221
2021-03-28,Mariposa,043,17540,393,388,5,393,5
2021-03-28,Mendocino,045,87422,3753,3666,73,3739,45
2021-03-28,Merced,047,269075,29778,29679,1000,30679,422
2021-03-28,Modoc,049,8938,355,344,119,463,3
2021-03-28,Mono,051,14174,1233,1242,17,1259,3
2021-03-28,Monterey,053,433212,42539,42294,1777,44071,337
2021-03-28,Napa,055,140530,9423,9368,34,9402,78
2021-03-28,Nevada,057,99092,4337,4239,180,4419,68
2021-03-28,Orange,059,3164182,251125,249238,10787,260025,4713
2021-03-28,Placer,061,380077,21564,20796,1245,22041,267
2021-03-28,Plumas,063,18699,670,657,10,667,4
2021-03-28,Riverside,065,2383286,289439,282811,13713,296524,4132
2021-03-28,Sacramento,067,1510023,98834,97425,1410,98835,1514
2021-03-28,San Benito,069,59416,5861,5862,96,5958,61
2021-03-28,San Bernardino,071,2135413,289189,285570,8764,294334,4332
2021-03-28,San Diego,073,3302833,270835,269476,13513,282989,3547
2021-03-28,San Francisco,075,870044,35282,35286,1200,36486,474
2021-03-28,San Joaquin,077,732212,69682,68459,3154,71613,1211
2021-03-28,San Luis Obispo,079,281455,20489,20172,625,20797,250
2021-03-28,San Mateo,081,765935,40777,40305,432,40737,348
2021-03-28,Santa Barbara,083,443738,33356,32953,1094,34047,439
2021-03-28,Santa Clara,085,1922200,114122,114232,656,114888,1871
2021-03-28,Santa Cruz,087,273765,15834,15238,802,16040,201
2021-03-28,Shasta,089,179085,11299,11308,1344,12652,183
2021-03-28,Sierra,091,2930,55,50,12,62,0
2021-03-28,Siskiyou,093,43540,1569,1497,262,1759,6
2021-03-28,Solano,095,438530,30863,30719,411,31130,232
2021-03-28,Sonoma,097,501317,29054,29161,271,29432,310
2021-03-28,Stanislaus,099,539301,53059,52567,5598,58165,678
2021-03-28,Sutter,101,95872,9109,9094,82,9176,106
2021-03-28,Tehama,103,63373,4774,4740,515,5255,52
2021-03-28,Trinity,105,12862,476,314,84,398,3
2021-03-28,Tulare,107,460477,49263,48218,8612,56830,815
2021-03-28,Tuolumne,109,53932,3904,3969,36,4005,57
2021-03-28,Ventura,111,848112,79849,79222,2886,82108,956
2021-03-28,Yolo,113,214977,13326,13325,244,13569,194
2021-03-28,Yuba,115,75493,5723,5662,106,5768,42
2021-03-27,Alameda,001,1643700,83750,83169,1804,84973,1211
2021-03-27,Alpine,003,1148,85,85,0,85,0
2021-03-27,Amador,005,37829,3568,3538,32,3570,45
2021-03-27,Butte,007,227075,11676,11278,1667,12945,191
2021-03-27,Calaveras,009,45235,2001,1992,11,2003,50
2021-03-27,Colusa,011,21464,1890,1889,273,2162,14
2021-03-27,Contra Costa,013,1133247,65718,64804,1140,65944,767
2021-03-27,Del Norte,015,27424,1176,1104,7,1111,6
2021-03-27,El Dorado,017,186661,9434,9367,618,9985,105
2021-03-27,Fresno,019,978130,99782,98901,8266,107167,1606
2021-03-27,Glenn,021,27897,2343,2308,528,2836,17
2021-03-27,Humboldt,023,135768,3450,3442,24,3466,34
2021-03-27,Imperial,025,180216,27611,27406,2595,30001,704
2021-03-27,Inyo,027,18085,1374,1372,9,1381,35
2021-03-27,Kern,029,883053,95375,94041,10282,104323,1217
2021-03-27,Kings,031,150075,22796,22502,1032,23534,238
2021-03-27,Lake,033,64148,3349,3317,8,3325,43
2021-03-27,Lassen,035,31185,5145,5129,102,5231,1
2021-03-27,Los Angeles,037,10098052,1187330,1178831,40259,1219090,23103
2021-03-27,Madera,039,155013,16116,15968,887,16855,210
2021-03-27,Marin,041,260295,13658,13579,205,13784,222
2021-03-27,Mariposa,043,17540,393,386,5,391,5
2021-03-27,Mendocino,045,87422,3751,3666,73,3739,45
2021-03-27,Merced,047,269075,29745,29647,998,30645,422
2021-03-27,Modoc,049,8938,355,344,119,463,3
2021-03-27,Mono,051,14174,1231,1241,17,1258,3
2021-03-27,Monterey,053,433212,42529,42271,1777,44048,337
2021-03-27,Napa,055,140530,9411,9360,34,9394,78
2021-03-27,Nevada,057,99092,4327,4231,180,4411,68
2021-03-27,Orange,059,3164182,251032,249160,10771,259931,4698
2021-03-27,Placer,061,380077,21544,20717,1238,21955,267
2021-03-27,Plumas,063,18699,669,655,10,665,4
2021-03-27,Riverside,065,2383286,289377,282707,13705,296412,4132
2021-03-27,Sacramento,067,1510023,98744,97247,1408,98655,1513
2021-03-27,San Benito,069,59416,5859,5862,94,5956,61
2021-03-27,San Bernardino,071,2135413,289126,285480,8762,294242,4325
2021-03-27,San Diego,073,3302833,270664,269271,13491,282762,3540
2021-03-27,San Francisco,075,870044,35259,35244,1198,36442,474
2021-03-27,San Joaquin,077,732212,69622,68365,3146,71511,1211
2021-03-27,San Luis Obispo,079,281455,20478,20153,622,20775,250
2021-03-27,San Mateo,081,765935,40754,40264,432,40696,348
2021-03-27,Santa Barbara,083,443738,33333,32921,1094,34015,439
2021-03-27,Santa Clara,085,1922200,114026,114124,654,114778,1871
2021-03-27,Santa Cruz,087,273765,15828,15215,802,16017,201
2021-03-27,Shasta,089,179085,11288,11288,1342,12630,183
2021-03-27,Sierra,091,2930,55,50,12,62,0
2021-03-27,Siskiyou,093,43540,1569,1497,262,1759,6
2021-03-27,Solano,095,438530,30835,30669,410,31079,232
2021-03-27,Sonoma,097,501317,29039,29133,269,29402,310
2021-03-27,Stanislaus,099,539301,52994,52497,5590,58087,678
2021-03-27,Sutter,101,95872,9102,9093,82,9175,106
2021-03-27,Tehama,103,63373,4768,4738,513,5251,52
2021-03-27,Trinity,105,12862,476,313,84,397,3
2021-03-27,Tulare,107,460477,49247,48203,8604,56807,813
2021-03-27,Tuolumne,109,53932,3901,3968,36,4004,57
2021-03-27,Ventura,111,848112,79822,79184,2884,82068,956
2021-03-27,Yolo,113,214977,13321,13317,243,13560,194
2021-03-27,Yuba,115,75493,5721,5657,106,5763,42
2021-03-26,Alameda,001,1643700,83688,83043,1802,84845,1208
2021-03-26,Alpine,003,1148,85,85,0,85,0
2021-03-26,Amador,005,37829,3563,3532,32,3564,45
2021-03-26,Butte,007,227075,11666,11278,1667,12945,191
2021-03-26,Calaveras,009,45235,1999,1989,11,2000,50
2021-03-26,Colusa,011,21464,1890,1889,273,2162,14
2021-03-26,Contra Costa,013,1133247,65658,64699,1137,65836,761
2021-03-26,Del Norte,015,27424,1173,1101,7,1108,6
2021-03-26,El Dorado,017,186661,9429,9353,618,9971,105
2021-03-26,Fresno,019,978130,99720,98731,8256,106987,1601
2021-03-26,Glenn,021,27897,2343,2307,527,2834,17
2021-03-26,Humboldt,023,135768,3448,3431,24,3455,34
2021-03-26,Imperial,025,180216,27587,27374,2595,29969,701
2021-03-26,Inyo,027,18085,1373,1369,9,1378,35
2021-03-26,Kern,029,883053,95349,93949,10276,104225,1211
2021-03-26,Kings,031,150075,22788,22493,1030,23523,239
2021-03-26,Lake,033,64148,3348,3314,8,3322,43
2021-03-26,Lassen,035,31185,5144,5131,102,5233,1
2021-03-26,Los Angeles,037,10098052,1186992,1178213,40246,1218459,23080
2021-03-26,Madera,039,155013,16106,15952,887,16839,210
2021-03-26,Marin,041,260295,13652,13553,200,13753,221
2021-03-26,Mariposa,043,17540,393,386,5,391,5
2021-03-26,Mendocino,045,87422,3750,3664,73,3737,45
2021-03-26,Merced,047,269075,29722,29613,996,30609,419
2021-03-26,Modoc,049,8938,355,344,119,463,3
2021-03-26,Mono,051,14174,1230,1236,17,1253,3
2021-03-26,Monterey,053,433212,42516,42241,1773,44014,338
2021-03-26,Napa,055,140530,9401,9349,34,9383,78
2021-03-26,Nevada,057,99092,4307,4222,180,4402,83
2021-03-26,Orange,059,3164182,250969,248995,10757,259752,4671
2021-03-26,Placer,061,380077,21518,20679,1237,21916,259
2021-03-26,Plumas,063,18699,668,654,10,664,4
2021-03-26,Riverside,065,2383286,289299,282602,13699,296301,4109
2021-03-26,Sacramento,067,1510023,98644,97040,1403,98443,1509
2021-03-26,San Benito,069,59416,5856,5855,94,5949,61
2021-03-26,San Bernardino,071,2135413,289070,285313,8760,294073,4288
2021-03-26,San Diego,073,3302833,270486,269045,13465,282510,3525
2021-03-26,San Francisco,075,870044,35233,35186,1198,36384,472
2021-03-26,San Joaquin,077,732212,69559,68249,3142,71391,1202
2021-03-26,San Luis Obispo,079,281455,20465,20118,622,20740,250
2021-03-26,San Mateo,081,765935,40719,40199,432,40631,348
2021-03-26,Santa Barbara,083,443738,33303,32895,1093,33988,439
2021-03-26,Santa Clara,085,1922200,113928,113959,653,114612,1868
2021-03-26,Santa Cruz,087,273765,15813,15199,801,16000,201
2021-03-26,Shasta,089,179085,11279,11276,1336,12612,182
2021-03-26,Sierra,091,2930,55,50,12,62,0
2021-03-26,Siskiyou,093,43540,1569,1493,261,1754,6
2021-03-26,Solano,095,438530,30810,30640,410,31050,205
2021-03-26,Sonoma,097,501317,29023,29101,266,29367,310
2021-03-26,Stanislaus,099,539301,52926,52420,5586,58006,678
2021-03-26,Sutter,101,95872,9099,9082,82,9164,104
2021-03-26,Tehama,103,63373,4767,4722,512,5234,51
2021-03-26,Trinity,105,12862,476,311,84,395,3
2021-03-26,Tulare,107,460477,49232,48179,8596,56775,813
2021-03-26,Tuolumne,109,53932,3900,3965,36,4001,57
2021-03-26,Ventura,111,848112,79788,79122,2882,82004,953
2021-03-26,Yolo,113,214977,13314,13299,241,13540,194
2021-03-26,Yuba,115,75493,5711,5653,106,5759,42
2021-03-25,Alameda,001,1643700,83593,82945,1800,84745,1206
2021-03-25,Alpine,003,1148,85,84,0,84,0
2021-03-25,Amador,005,37829,3561,3530,32,3562,45
2021-03-25,Butte,007,227075,11656,11270,1667,12937,188
2021-03-25,Calaveras,009,45235,1998,1982,11,1993,50
2021-03-25,Colusa,011,21464,1890,1888,273,2161,14
2021-03-25,Contra Costa,013,1133247,65591,64606,1133,65739,757
2021-03-25,Del Norte,015,27424,1167,1095,7,1102,6
2021-03-25,El Dorado,017,186661,9419,9331,618,9949,105
2021-03-25,Fresno,019,978130,99602,98602,8243,106845,1593
2021-03-25,Glenn,021,27897,2342,2302,526,2828,17
2021-03-25,Humboldt,023,135768,3443,3423,24,3447,34
2021-03-25,Imperial,025,180216,27571,27352,2594,29946,699
2021-03-25,Inyo,027,18085,1373,1369,9,1378,35
2021-03-25,Kern,029,883053,95317,93857,10271,104128,1206
2021-03-25,Kings,031,150075,22778,22472,1030,23502,237
2021-03-25,Lake,033,64148,3343,3312,8,3320,43
2021-03-25,Lassen,035,31185,5144,5129,102,5231,1
2021-03-25,Los Angeles,037,10098052,1186558,1177490,40211,1217701,23051
2021-03-25,Madera,039,155013,16087,15937,885,16822,210
2021-03-25,Marin,041,260295,13642,13538,197,13735,219
2021-03-25,Mariposa,043,17540,393,386,5,391,5
2021-03-25,Mendocino,045,87422,3749,3664,73,3737,45
2021-03-25,Merced,047,269075,29688,29576,988,30564,416
2021-03-25,Modoc,049,8938,355,343,119,462,3
2021-03-25,Mono,051,14174,1230,1235,17,1252,3
2021-03-25,Monterey,053,433212,42495,42220,1768,43988,336
2021-03-25,Napa,055,140530,9382,9321,34,9355,78
2021-03-25,Nevada,057,99092,4289,4202,178,4380,84
2021-03-25,Orange,059,3164182,250853,248871,10737,259608,4655
2021-03-25,Placer,061,380077,21477,20639,1230,21869,252
2021-03-25,Plumas,063,18699,668,654,10,664,4
2021-03-25,Riverside,065,2383286,289202,282492,13688,296180,4078
2021-03-25,Sacramento,067,1510023,98499,96823,1400,98223,1505
2021-03-25,San Benito,069,59416,5853,5850,94,5944,61
2021-03-25,San Bernardino,071,2135413,288989,285134,8755,293889,4222
2021-03-25,San Diego,073,3302833,270258,268623,13434,282057,3520
2021-03-25,San Francisco,075,870044,35194,35154,1196,36350,468
2021-03-25,San Joaquin,077,732212,69462,68089,3103,71192,1196
2021-03-25,San Luis Obispo,079,281455,20447,20076,622,20698,250
2021-03-25,San Mateo,081,765935,40679,40147,432,40579,348
2021-03-25,Santa Barbara,083,443738,33276,32857,1093,33950,439
2021-03-25,Santa Clara,085,1922200,113824,113877,651,114528,1868
2021-03-25,Santa Cruz,087,273765,15792,15170,801,15971,201
2021-03-25,Shasta,089,179085,11262,11262,1333,12595,181
2021-03-25,Sierra,091,2930,55,50,12,62,0
2021-03-25,Siskiyou,093,43540,1567,1491,260,1751,6
2021-03-25,Solano,095,438530,30749,30583,408,30991,193
2021-03-25,Sonoma,097,501317,28988,29060,262,29322,310
2021-03-25,Stanislaus,099,539301,52859,52321,5579,57900,678
2021-03-25,Sutter,101,95872,9090,9069,82,9151,104
2021-03-25,Tehama,103,63373,4765,4719,511,5230,52
2021-03-25,Trinity,105,12862,476,310,84,394,3
2021-03-25,Tulare,107,460477,49205,48148,8583,56731,811
2021-03-25,Tuolumne,109,53932,3899,3962,36,3998,57
2021-03-25,Ventura,111,848112,79747,79045,2878,81923,952
2021-03-25,Yolo,113,214977,13308,13287,241,13528,194
2021-03-25,Yuba,115,75493,5705,5647,100,5747,42
2021-03-24,Alameda,001,1643700,83499,82871,1797,84668,1199
2021-03-24,Alpine,003,1148,85,84,0,84,0
2021-03-24,Amador,005,37829,3555,3529,32,3561,45
2021-03-24,Butte,007,227075,11646,11252,1663,12915,187
2021-03-24,Calaveras,009,45235,1995,1975,11,1986,50
2021-03-24,Colusa,011,21464,1890,1886,273,2159,14
2021-03-24,Contra Costa,013,1133247,65511,64539,1132,65671,755
2021-03-24,Del Norte,015,27424,1162,1087,7,1094,6
2021-03-24,El Dorado,017,186661,9413,9319,617,9936,105
2021-03-24,Fresno,019,978130,99512,98437,8228,106665,1585
2021-03-24,Glenn,021,27897,2341,2297,525,2822,17
2021-03-24,Humboldt,023,135768,3440,3414,24,3438,34
2021-03-24,Imperial,025,180216,27562,27325,2594,29919,699
2021-03-24,Inyo,027,18085,1373,1368,9,1377,35
2021-03-24,Kern,029,883053,95269,93800,10262,104062,1198
2021-03-24,Kings,031,150075,22763,22456,1028,23484,237
2021-03-24,Lake,033,64148,3339,3307,8,3315,43
2021-03-24,Lassen,035,31185,5142,5130,101,5231,1
2021-03-24,Los Angeles,037,10098052,1186079,1177015,40177,1217192,22993
2021-03-24,Madera,039,155013,16078,15918,884,16802,210
2021-03-24,Marin,041,260295,13628,13526,195,13721,219
2021-03-24,Mariposa,043,17540,393,384,5,389,5
2021-03-24,Mendocino,045,87422,3746,3660,73,3733,45
2021-03-24,Merced,047,269075,29647,29525,988,30513,415
2021-03-24,Modoc,049,8938,354,341,119,460,3
2021-03-24,Mono,051,14174,1229,1243,17,1260,3
2021-03-24,Monterey,053,433212,42473,42201,1765,43966,335
2021-03-24,Napa,055,140530,9362,9310,34,9344,78
2021-03-24,Nevada,057,99092,4275,4191,177,4368,85
2021-03-24,Orange,059,3164182,250739,248775,10719,259494,4638
2021-03-24,Placer,061,380077,21447,20606,1222,21828,250
2021-03-24,Plumas,063,18699,666,652,10,662,4
2021-03-24,Riverside,065,2383286,289118,282410,13685,296095,4058
2021-03-24,Sacramento,067,1510023,98324,96628,1388,98016,1500
2021-03-24,San Benito,069,59416,5852,5847,94,5941,61
2021-03-24,San Bernardino,071,2135413,288902,284983,8753,293736,4170
2021-03-24,San Diego,073,3302833,270044,268413,13406,281819,3509
2021-03-24,San Francisco,075,870044,35166,35103,1193,36296,462
2021-03-24,San Joaquin,077,732212,69391,67978,3091,71069,1196
2021-03-24,San Luis Obispo,079,281455,20417,20021,621,20642,250
2021-03-24,San Mateo,081,765935,40629,40083,432,40515,348
2021-03-24,Santa Barbara,083,443738,33248,32810,1093,33903,438
2021-03-24,Santa Clara,085,1922200,113708,113757,648,114405,1851
2021-03-24,Santa Cruz,087,273765,15778,15138,800,15938,202
2021-03-24,Shasta,089,179085,11243,11243,1331,12574,181
2021-03-24,Sierra,091,2930,55,50,12,62,0
2021-03-24,Siskiyou,093,43540,1565,1490,260,1750,6
2021-03-24,Solano,095,438530,30712,30552,407,30959,178
2021-03-24,Sonoma,097,501317,28968,29034,258,29292,310
2021-03-24,Stanislaus,099,539301,52783,52259,5570,57829,677
2021-03-24,Sutter,101,95872,9074,9049,82,9131,104
2021-03-24,Tehama,103,63373,4759,4719,510,5229,49
2021-03-24,Trinity,105,12862,475,310,84,394,3
2021-03-24,Tulare,107,460477,49194,48109,8570,56679,808
2021-03-24,Tuolumne,109,53932,3898,3961,36,3997,57
2021-03-24,Ventura,111,848112,79695,78993,2871,81864,944
2021-03-24,Yolo,113,214977,13296,13269,241,13510,194
2021-03-24,Yuba,115,75493,5699,5634,97,5731,42
2021-03-23,Alameda,001,1643700,83397,82799,1793,84592,1190
2021-03-23,Alpine,003,1148,85,84,0,84,0
2021-03-23,Amador,005,37829,3549,3524,32,3556,45
2021-03-23,Butte,007,227075,11634,11227,1662,12889,187
2021-03-23,Calaveras,009,45235,1993,1971,11,1982,50
2021-03-23,Colusa,011,21464,1888,1885,272,2157,14
2021-03-23,Contra Costa,013,1133247,65412,64491,1131,65622,750
2021-03-23,Del Norte,015,27424,1157,1082,7,1089,6
2021-03-23,El Dorado,017,186661,9403,9318,615,9933,105
2021-03-23,Fresno,019,978130,99399,98362,8202,106564,1575
2021-03-23,Glenn,021,27897,2336,2293,523,2816,17
2021-03-23,Humboldt,023,135768,3431,3405,24,3429,34
2021-03-23,Imperial,025,180216,27554,27320,2594,29914,699
2021-03-23,Inyo,027,18085,1371,1364,9,1373,35
2021-03-23,Kern,029,883053,95162,93728,10255,103983,1191
2021-03-23,Kings,031,150075,22752,22439,1026,23465,237
2021-03-23,Lake,033,64148,3337,3294,8,3302,43
2021-03-23,Lassen,035,31185,5142,5130,101,5231,1
2021-03-23,Los Angeles,037,10098052,1185559,1176572,40139,1216711,22904
2021-03-23,Madera,039,155013,16062,15908,883,16791,210
2021-03-23,Marin,041,260295,13605,13514,193,13707,221
2021-03-23,Mariposa,043,17540,392,384,5,389,5
2021-03-23,Mendocino,045,87422,3744,3652,73,3725,45
2021-03-23,Merced,047,269075,29614,29485,988,30473,415
2021-03-23,Modoc,049,8938,353,342,119,461,3
2021-03-23,Mono,051,14174,1228,1263,17,1280,3
2021-03-23,Monterey,053,433212,42462,42180,1763,43943,335
2021-03-23,Napa,055,140530,9337,9299,34,9333,78
2021-03-23,Nevada,057,99092,4256,4179,176,4355,89
2021-03-23,Orange,059,3164182,250613,248661,10701,259362,4626
2021-03-23,Placer,061,380077,21412,20567,1218,21785,248
2021-03-23,Plumas,063,18699,666,652,10,662,4
2021-03-23,Riverside,065,2383286,289018,282317,13678,295995,4035
2021-03-23,Sacramento,067,1510023,98132,96521,1382,97903,1496
2021-03-23,San Benito,069,59416,5847,5845,93,5938,61
2021-03-23,San Bernardino,071,2135413,288818,284875,8745,293620,4134
2021-03-23,San Diego,073,3302833,269799,268156,13374,281530,3498
2021-03-23,San Francisco,075,870044,35108,35071,1187,36258,462
2021-03-23,San Joaquin,077,732212,69295,67903,3073,70976,1182
2021-03-23,San Luis Obispo,079,281455,20376,20009,620,20629,250
2021-03-23,San Mateo,081,765935,40573,40032,431,40463,348
2021-03-23,Santa Barbara,083,443738,33210,32771,1092,33863,438
2021-03-23,Santa Clara,085,1922200,113592,113645,645,114290,1848
2021-03-23,Santa Cruz,087,273765,15763,15106,800,15906,201
2021-03-23,Shasta,089,179085,11230,11234,1330,12564,175
2021-03-23,Sierra,091,2930,55,50,12,62,0
2021-03-23,Siskiyou,093,43540,1560,1485,258,1743,6
2021-03-23,Solano,095,438530,30671,30524,406,30930,178
2021-03-23,Sonoma,097,501317,28931,29020,257,29277,310
2021-03-23,Stanislaus,099,539301,52684,52148,5562,57710,677
2021-03-23,Sutter,101,95872,9066,9039,82,9121,104
2021-03-23,Tehama,103,63373,4750,4707,509,5216,46
2021-03-23,Trinity,105,12862,475,310,84,394,3
2021-03-23,Tulare,107,460477,49167,48095,8554,56649,808
2021-03-23,Tuolumne,109,53932,3895,3957,36,3993,57
2021-03-23,Ventura,111,848112,79634,78930,2868,81798,932
2021-03-23,Yolo,113,214977,13285,13255,241,13496,194
2021-03-23,Yuba,115,75493,5694,5628,97,5725,42
2021-03-22,Alameda,001,1643700,83304,82748,1787,84535,1189
2021-03-22,Alpine,003,1148,84,83,0,83,0
2021-03-22,Amador,005,37829,3541,3522,32,3554,44
2021-03-22,Butte,007,227075,11625,11211,1660,12871,185
2021-03-22,Calaveras,009,45235,1989,1963,11,1974,49
2021-03-22,Colusa,011,21464,1886,1885,272,2157,13
2021-03-22,Contra Costa,013,1133247,65317,64432,1129,65561,740
2021-03-22,Del Norte,015,27424,1151,1082,7,1089,6
2021-03-22,El Dorado,017,186661,9387,9310,612,9922,105
2021-03-22,Fresno,019,978130,99301,98276,8189,106465,1556
2021-03-22,Glenn,021,27897,2328,2291,523,2814,17
2021-03-22,Humboldt,023,135768,3426,3403,24,3427,34
2021-03-22,Imperial,025,180216,27539,27302,2590,29892,699
2021-03-22,Inyo,027,18085,1368,1363,9,1372,35
2021-03-22,Kern,029,883053,95091,93675,10238,103913,1178
2021-03-22,Kings,031,150075,22739,22433,1021,23454,236
2021-03-22,Lake,033,64148,3336,3290,8,3298,43
2021-03-22,Lassen,035,31185,5140,5129,101,5230,1
2021-03-22,Los Angeles,037,10098052,1185046,1176205,40107,1216312,22843
2021-03-22,Madera,039,155013,16047,15904,883,16787,210
2021-03-22,Marin,041,260295,13596,13501,192,13693,221
2021-03-22,Mariposa,043,17540,391,381,5,386,5
2021-03-22,Mendocino,045,87422,3742,3653,73,3726,45
2021-03-22,Merced,047,269075,29571,29468,985,30453,413
2021-03-22,Modoc,049,8938,351,342,119,461,3
2021-03-22,Mono,051,14174,1223,1263,17,1280,3
2021-03-22,Monterey,053,433212,42446,42161,1761,43922,335
2021-03-22,Napa,055,140530,9326,9288,34,9322,77
2021-03-22,Nevada,057,99092,4245,4174,172,4346,89
2021-03-22,Orange,059,3164182,250462,248517,10667,259184,4599
2021-03-22,Placer,061,380077,21377,20543,1213,21756,242
2021-03-22,Plumas,063,18699,666,652,10,662,4
2021-03-22,Riverside,065,2383286,288918,282242,13667,295909,4009
2021-03-22,Sacramento,067,1510023,97954,96385,1373,97758,1493
2021-03-22,San Benito,069,59416,5844,5844,92,5936,61
2021-03-22,San Bernardino,071,2135413,288730,284771,8733,293504,4107
2021-03-22,San Diego,073,3302833,269587,267913,13354,281267,3494
2021-03-22,San Francisco,075,870044,35066,35040,1183,36223,462
2021-03-22,San Joaquin,077,732212,69203,67815,3055,70870,1182
2021-03-22,San Luis Obispo,079,281455,20352,20000,619,20619,250
2021-03-22,San Mateo,081,765935,40522,40024,430,40454,348
2021-03-22,Santa Barbara,083,443738,33166,32756,1090,33846,437
2021-03-22,Santa Clara,085,1922200,113472,113575,645,114220,1845
2021-03-22,Santa Cruz,087,273765,15751,15077,799,15876,201
2021-03-22,Shasta,089,179085,11216,11218,1329,12547,150
2021-03-22,Sierra,091,2930,55,50,12,62,0
2021-03-22,Siskiyou,093,43540,1559,1487,257,1744,5
2021-03-22,Solano,095,438530,30631,30490,402,30892,171
2021-03-22,Sonoma,097,501317,28902,29010,253,29263,310
2021-03-22,Stanislaus,099,539301,52600,52083,5557,57640,677
2021-03-22,Sutter,101,95872,9053,9024,82,9106,104
2021-03-22,Tehama,103,63373,4742,4704,509,5213,45
2021-03-22,Trinity,105,12862,475,310,84,394,3
2021-03-22,Tulare,107,460477,49152,48074,8534,56608,807
2021-03-22,Tuolumne,109,53932,3892,3954,36,3990,57
2021-03-22,Ventura,111,848112,79588,78890,2865,81755,927
2021-03-22,Yolo,113,214977,13273,13243,240,13483,190
2021-03-22,Yuba,115,75493,5683,5627,95,5722,42
2021-03-21,Alameda,001,1643700,83213,82684,1784,84468,1187
2021-03-21,Alpine,003,1148,84,83,0,83,0
2021-03-21,Amador,005,37829,3537,3519,32,3551,44
2021-03-21,Butte,007,227075,11609,11208,1655,12863,185
2021-03-21,Calaveras,009,45235,1983,1962,11,1973,49
2021-03-21,Colusa,011,21464,1886,1885,272,2157,13
2021-03-21,Contra Costa,013,1133247,65235,64382,1125,65507,740
2021-03-21,Del Norte,015,27424,1136,1076,7,1083,6
2021-03-21,El Dorado,017,186661,9377,9302,607,9909,105
2021-03-21,Fresno,019,978130,99187,98211,8165,106376,1556
2021-03-21,Glenn,021,27897,2325,2288,522,2810,17
2021-03-21,Humboldt,023,135768,3421,3402,24,3426,34
2021-03-21,Imperial,025,180216,27522,27267,2585,29852,699
2021-03-21,Inyo,027,18085,1368,1363,9,1372,35
2021-03-21,Kern,029,883053,95025,93649,10229,103878,1170
2021-03-21,Kings,031,150075,22722,22422,1021,23443,236
2021-03-21,Lake,033,64148,3332,3286,8,3294,43
2021-03-21,Lassen,035,31185,5140,5129,101,5230,1
2021-03-21,Los Angeles,037,10098052,1184512,1175684,40060,1215744,22834
2021-03-21,Madera,039,155013,16027,15895,881,16776,210
2021-03-21,Marin,041,260295,13580,13495,191,13686,220
2021-03-21,Mariposa,043,17540,391,381,5,386,5
2021-03-21,Mendocino,045,87422,3739,3651,73,3724,45
2021-03-21,Merced,047,269075,29511,29446,979,30425,413
2021-03-21,Modoc,049,8938,351,341,119,460,3
2021-03-21,Mono,051,14174,1218,1263,17,1280,3
2021-03-21,Monterey,053,433212,42421,42153,1758,43911,335
2021-03-21,Napa,055,140530,9306,9282,34,9316,77
2021-03-21,Nevada,057,99092,4232,4169,172,4341,89
2021-03-21,Orange,059,3164182,250329,248442,10641,259083,4598
2021-03-21,Placer,061,380077,21341,20520,1205,21725,242
2021-03-21,Plumas,063,18699,666,653,10,663,4
2021-03-21,Riverside,065,2383286,288811,282187,13656,295843,4009
2021-03-21,Sacramento,067,1510023,97760,96269,1366,97635,1489
2021-03-21,San Benito,069,59416,5838,5842,92,5934,61
2021-03-21,San Bernardino,071,2135413,288640,284732,8727,293459,4094
2021-03-21,San Diego,073,3302833,269327,267724,13328,281052,3494
2021-03-21,San Francisco,075,870044,35019,35012,1176,36188,460
2021-03-21,San Joaquin,077,732212,69081,67729,3037,70766,1182
2021-03-21,San Luis Obispo,079,281455,20320,19979,617,20596,250
2021-03-21,San Mateo,081,765935,40477,39988,429,40417,344
2021-03-21,Santa Barbara,083,443738,33127,32743,1089,33832,437
2021-03-21,Santa Clara,085,1922200,113343,113487,642,114129,1840
2021-03-21,Santa Cruz,087,273765,15744,15064,799,15863,199
2021-03-21,Shasta,089,179085,11196,11215,1328,12543,150
2021-03-21,Sierra,091,2930,55,50,12,62,0
2021-03-21,Siskiyou,093,43540,1559,1486,256,1742,5
2021-03-21,Solano,095,438530,30591,30474,399,30873,171
2021-03-21,Sonoma,097,501317,28873,28986,252,29238,310
2021-03-21,Stanislaus,099,539301,52510,52014,5555,57569,677
2021-03-21,Sutter,101,95872,9040,9021,82,9103,104
2021-03-21,Tehama,103,63373,4738,4701,509,5210,45
2021-03-21,Trinity,105,12862,473,310,84,394,3
2021-03-21,Tulare,107,460477,49136,48060,8522,56582,807
2021-03-21,Tuolumne,109,53932,3890,3953,36,3989,57
2021-03-21,Ventura,111,848112,79525,78863,2860,81723,927
2021-03-21,Yolo,113,214977,13251,13235,240,13475,190
2021-03-21,Yuba,115,75493,5673,5624,95,5719,42
2021-03-20,Alameda,001,1643700,83145,82614,1782,84396,1178
2021-03-20,Alpine,003,1148,84,83,0,83,0
2021-03-20,Amador,005,37829,3535,3518,32,3550,44
2021-03-20,Butte,007,227075,11603,11199,1653,12852,185
2021-03-20,Calaveras,009,45235,1979,1961,11,1972,49
2021-03-20,Colusa,011,21464,1886,1883,272,2155,12
2021-03-20,Contra Costa,013,1133247,65175,64313,1125,65438,713
2021-03-20,Del Norte,015,27424,1135,1075,7,1082,6
2021-03-20,El Dorado,017,186661,9371,9290,607,9897,105
2021-03-20,Fresno,019,978130,99127,98112,8158,106270,1532
2021-03-20,Glenn,021,27897,2324,2288,520,2808,17
2021-03-20,Humboldt,023,135768,3414,3399,24,3423,33
2021-03-20,Imperial,025,180216,27516,27239,2583,29822,695
2021-03-20,Inyo,027,18085,1368,1362,9,1371,35
2021-03-20,Kern,029,883053,94996,93606,10225,103831,1155
2021-03-20,Kings,031,150075,22717,22415,1020,23435,236
2021-03-20,Lake,033,64148,3328,3280,8,3288,43
2021-03-20,Lassen,035,31185,5140,5128,101,5229,1
2021-03-20,Los Angeles,037,10098052,1184210,1175290,40036,1215326,22810
2021-03-20,Madera,039,155013,16019,15891,880,16771,210
2021-03-20,Marin,041,260295,13568,13470,187,13657,220
2021-03-20,Mariposa,043,17540,390,381,5,386,5
2021-03-20,Mendocino,045,87422,3738,3639,73,3712,43
2021-03-20,Merced,047,269075,29480,29411,976,30387,412
2021-03-20,Modoc,049,8938,350,341,119,460,3
2021-03-20,Mono,051,14174,1218,1256,17,1273,3
2021-03-20,Monterey,053,433212,42412,42146,1757,43903,334
2021-03-20,Napa,055,140530,9298,9274,34,9308,77
2021-03-20,Nevada,057,99092,4221,4164,171,4335,89
2021-03-20,Orange,059,3164182,250248,248348,10629,258977,4522
2021-03-20,Placer,061,380077,21318,20505,1203,21708,242
2021-03-20,Plumas,063,18699,663,652,10,662,4
2021-03-20,Riverside,065,2383286,288736,282081,13652,295733,4000
2021-03-20,Sacramento,067,1510023,97649,96126,1363,97489,1488
2021-03-20,San Benito,069,59416,5834,5840,92,5932,61
2021-03-20,San Bernardino,071,2135413,288575,284690,8723,293413,3965
2021-03-20,San Diego,073,3302833,269156,267532,13321,280853,3493
2021-03-20,San Francisco,075,870044,34996,34968,1169,36137,453
2021-03-20,San Joaquin,077,732212,69040,67662,3030,70692,1161
2021-03-20,San Luis Obispo,079,281455,20304,19951,611,20562,250
2021-03-20,San Mateo,081,765935,40443,39958,428,40386,344
2021-03-20,Santa Barbara,083,443738,33102,32723,1088,33811,434
2021-03-20,Santa Clara,085,1922200,113251,113384,641,114025,1799
2021-03-20,Santa Cruz,087,273765,15728,15053,799,15852,199
2021-03-20,Shasta,089,179085,11190,11211,1328,12539,147
2021-03-20,Sierra,091,2930,55,50,12,62,0
2021-03-20,Siskiyou,093,43540,1559,1483,256,1739,5
2021-03-20,Solano,095,438530,30561,30439,399,30838,170
2021-03-20,Sonoma,097,501317,28858,28962,252,29214,309
2021-03-20,Stanislaus,099,539301,52454,51925,5548,57473,673
2021-03-20,Sutter,101,95872,9032,9014,82,9096,103
2021-03-20,Tehama,103,63373,4733,4696,507,5203,33
2021-03-20,Trinity,105,12862,472,310,84,394,3
2021-03-20,Tulare,107,460477,49121,48030,8505,56535,804
2021-03-20,Tuolumne,109,53932,3887,3950,36,3986,57
2021-03-20,Ventura,111,848112,79490,78818,2858,81676,922
2021-03-20,Yolo,113,214977,13247,13226,240,13466,190
2021-03-20,Yuba,115,75493,5670,5621,94,5715,42
2021-03-19,Alameda,001,1643700,83073,82499,1781,84280,1187
2021-03-19,Alpine,003,1148,83,82,0,82,0
2021-03-19,Amador,005,37829,3532,3515,32,3547,44
2021-03-19,Butte,007,227075,11595,11191,1650,12841,185
2021-03-19,Calaveras,009,45235,1978,1957,11,1968,49
2021-03-19,Colusa,011,21464,1885,1883,272,2155,12
2021-03-19,Contra Costa,013,1133247,65116,64195,1122,65317,737
2021-03-19,Del Norte,015,27424,1129,1071,5,1076,6
2021-03-19,El Dorado,017,186661,9362,9274,607,9881,105
2021-03-19,Fresno,019,978130,99043,97969,8144,106113,1527
2021-03-19,Glenn,021,27897,2324,2282,520,2802,17
2021-03-19,Humboldt,023,135768,3405,3388,24,3412,33
2021-03-19,Imperial,025,180216,27504,27218,2579,29797,695
2021-03-19,Inyo,027,18085,1366,1356,9,1365,35
2021-03-19,Kern,029,883053,94963,93534,10212,103746,1152
2021-03-19,Kings,031,150075,22708,22369,1017,23386,235
2021-03-19,Lake,033,64148,3322,3262,8,3270,43
2021-03-19,Lassen,035,31185,5140,5126,101,5227,1
2021-03-19,Los Angeles,037,10098052,1183875,1174818,40019,1214837,22752
2021-03-19,Madera,039,155013,16012,15877,879,16756,210
2021-03-19,Marin,041,260295,13556,13441,187,13628,220
2021-03-19,Mariposa,043,17540,389,380,5,385,5
2021-03-19,Mendocino,045,87422,3737,3639,73,3712,45
2021-03-19,Merced,047,269075,29453,29376,973,30349,412
2021-03-19,Modoc,049,8938,350,341,119,460,3
2021-03-19,Mono,051,14174,1216,1244,17,1261,3
2021-03-19,Monterey,053,433212,42403,42125,1755,43880,335
2021-03-19,Napa,055,140530,9286,9256,34,9290,77
2021-03-19,Nevada,057,99092,4210,4156,171,4327,88
2021-03-19,Orange,059,3164182,250148,248146,10619,258765,4501
2021-03-19,Placer,061,380077,21300,20451,1201,21652,242
2021-03-19,Plumas,063,18699,663,650,10,660,4
2021-03-19,Riverside,065,2383286,288653,281937,13647,295584,3989
2021-03-19,Sacramento,067,1510023,97546,95934,1360,97294,1486
2021-03-19,San Benito,069,59416,5834,5845,92,5937,61
2021-03-19,San Bernardino,071,2135413,288502,284501,8721,293222,4017
2021-03-19,San Diego,073,3302833,269021,267173,13311,280484,3491
2021-03-19,San Francisco,075,870044,34951,34936,1166,36102,461
2021-03-19,San Joaquin,077,732212,68970,67515,3016,70531,1180
2021-03-19,San Luis Obispo,079,281455,20284,19913,609,20522,249
2021-03-19,San Mateo,081,765935,40419,39893,428,40321,344
2021-03-19,Santa Barbara,083,443738,33072,32685,1087,33772,435
2021-03-19,Santa Clara,085,1922200,113176,113232,640,113872,1797
2021-03-19,Santa Cruz,087,273765,15721,15026,799,15825,199
2021-03-19,Shasta,089,179085,11183,11104,1326,12430,103
2021-03-19,Sierra,091,2930,54,49,12,61,0
2021-03-19,Siskiyou,093,43540,1559,1480,255,1735,5
2021-03-19,Solano,095,438530,30531,30395,397,30792,172
2021-03-19,Sonoma,097,501317,28837,28932,250,29182,292
2021-03-19,Stanislaus,099,539301,52396,51755,5545,57300,679
2021-03-19,Sutter,101,95872,9030,9005,82,9087,103
2021-03-19,Tehama,103,63373,4726,4685,507,5192,33
2021-03-19,Trinity,105,12862,472,310,84,394,3
2021-03-19,Tulare,107,460477,49098,47989,8482,56471,805
2021-03-19,Tuolumne,109,53932,3884,3946,36,3982,57
2021-03-19,Ventura,111,848112,79457,78753,2854,81607,920
2021-03-19,Yolo,113,214977,13239,13197,240,13437,189
2021-03-19,Yuba,115,75493,5667,5615,93,5708,42
2021-03-18,Alameda,001,1643700,82993,82419,1778,84197,1189
2021-03-18,Alpine,003,1148,83,82,0,82,0
2021-03-18,Amador,005,37829,3528,3513,32,3545,44
2021-03-18,Butte,007,227075,11584,11179,1648,12827,185
2021-03-18,Calaveras,009,45235,1976,1954,11,1965,49
2021-03-18,Colusa,011,21464,1885,1882,272,2154,12
2021-03-18,Contra Costa,013,1133247,65043,64103,1119,65222,739
2021-03-18,Del Norte,015,27424,1120,1059,5,1064,6
2021-03-18,El Dorado,017,186661,9349,9261,606,9867,105
2021-03-18,Fresno,019,978130,98946,97856,8129,105985,1527
2021-03-18,Glenn,021,27897,2320,2275,519,2794,17
2021-03-18,Humboldt,023,135768,3397,3381,24,3405,34
2021-03-18,Imperial,025,180216,27489,27190,2574,29764,695
2021-03-18,Inyo,027,18085,1363,1354,9,1363,35
2021-03-18,Kern,029,883053,94906,93458,10198,103656,1158
2021-03-18,Kings,031,150075,22701,22354,1016,23370,235
2021-03-18,Lake,033,64148,3319,3260,8,3268,43
2021-03-18,Lassen,035,31185,5139,5126,101,5227,1
2021-03-18,Los Angeles,037,10098052,1183442,1174205,39990,1214195,22689
2021-03-18,Madera,039,155013,16000,15860,876,16736,211
2021-03-18,Marin,041,260295,13538,13435,186,13621,219
2021-03-18,Mariposa,043,17540,387,380,5,385,5
2021-03-18,Mendocino,045,87422,3727,3630,73,3703,45
2021-03-18,Merced,047,269075,29418,29317,973,30290,410
2021-03-18,Modoc,049,8938,350,341,119,460,3
2021-03-18,Mono,051,14174,1212,1215,16,1231,3
2021-03-18,Monterey,053,433212,42391,42105,1755,43860,335
2021-03-18,Napa,055,140530,9277,9243,34,9277,77
2021-03-18,Nevada,057,99092,4203,4154,171,4325,74
2021-03-18,Orange,059,3164182,250045,248050,10606,258656,4514
2021-03-18,Placer,061,380077,21268,20421,1198,21619,243
2021-03-18,Plumas,063,18699,661,648,10,658,4
2021-03-18,Riverside,065,2383286,288572,281789,13640,295429,3957
2021-03-18,Sacramento,067,1510023,97398,95819,1356,97175,1481
2021-03-18,San Benito,069,59416,5832,5842,92,5934,61
2021-03-18,San Bernardino,071,2135413,288421,284294,8691,292985,4076
2021-03-18,San Diego,073,3302833,268868,266752,13301,280053,3478
2021-03-18,San Francisco,075,870044,34912,34904,1165,36069,461
2021-03-18,San Joaquin,077,732212,68870,67301,3004,70305,1169
2021-03-18,San Luis Obispo,079,281455,20255,19894,608,20502,249
2021-03-18,San Mateo,081,765935,40378,39874,428,40302,344
2021-03-18,Santa Barbara,083,443738,33031,32640,1087,33727,434
2021-03-18,Santa Clara,085,1922200,113059,113119,636,113755,1808
2021-03-18,Santa Cruz,087,273765,15711,14998,799,15797,198
2021-03-18,Shasta,089,179085,11169,11059,1324,12383,100
2021-03-18,Sierra,091,2930,54,49,12,61,0
2021-03-18,Siskiyou,093,43540,1556,1480,254,1734,5
2021-03-18,Solano,095,438530,30489,30352,394,30746,172
2021-03-18,Sonoma,097,501317,28816,28915,248,29163,292
2021-03-18,Stanislaus,099,539301,52325,51615,5541,57156,682
2021-03-18,Sutter,101,95872,9018,8999,82,9081,103
2021-03-18,Tehama,103,63373,4720,4683,506,5189,35
2021-03-18,Trinity,105,12862,472,310,84,394,3
2021-03-18,Tulare,107,460477,49079,47964,8467,56431,805
2021-03-18,Tuolumne,109,53932,3883,3942,36,3978,57
2021-03-18,Ventura,111,848112,79397,78697,2854,81551,918
2021-03-18,Yolo,113,214977,13226,13183,240,13423,191
2021-03-18,Yuba,115,75493,5663,5612,93,5705,42
2021-03-17,Alameda,001,1643700,82917,82353,1773,84126,1185
2021-03-17,Alpine,003,1148,83,82,0,82,0
2021-03-17,Amador,005,37829,3526,3511,32,3543,44
2021-03-17,Butte,007,227075,11575,11170,1646,12816,185
2021-03-17,Calaveras,009,45235,1973,1946,11,1957,49
2021-03-17,Colusa,011,21464,1884,1882,272,2154,12
2021-03-17,Contra Costa,013,1133247,64974,64026,1118,65144,737
2021-03-17,Del Norte,015,27424,1116,1053,5,1058,6
2021-03-17,El Dorado,017,186661,9339,9252,606,9858,105
2021-03-17,Fresno,019,978130,98835,97727,8111,105838,1507
2021-03-17,Glenn,021,27897,2313,2269,518,2787,17
2021-03-17,Humboldt,023,135768,3389,3365,24,3389,33
2021-03-17,Imperial,025,180216,27472,27168,2571,29739,691
2021-03-17,Inyo,027,18085,1361,1351,9,1360,35
2021-03-17,Kern,029,883053,94850,93392,10185,103577,1149
2021-03-17,Kings,031,150075,22685,22336,1015,23351,233
2021-03-17,Lake,033,64148,3312,3251,8,3259,43
2021-03-17,Lassen,035,31185,5138,5125,101,5226,1
2021-03-17,Los Angeles,037,10098052,1182989,1173416,39957,1213373,22602
2021-03-17,Madera,039,155013,15993,15835,876,16711,214
2021-03-17,Marin,041,260295,13521,13428,185,13613,218
2021-03-17,Mariposa,043,17540,387,379,5,384,5
2021-03-17,Mendocino,045,87422,3723,3625,73,3698,44
2021-03-17,Merced,047,269075,29390,29250,969,30219,408
2021-03-17,Modoc,049,8938,350,341,119,460,3
2021-03-17,Mono,051,14174,1210,1212,16,1228,3
2021-03-17,Monterey,053,433212,42373,42061,1752,43813,334
2021-03-17,Napa,055,140530,9262,9219,34,9253,76
2021-03-17,Nevada,057,99092,4193,4145,171,4316,74
2021-03-17,Orange,059,3164182,249926,247943,10578,258521,4502
2021-03-17,Placer,061,380077,21241,20369,1196,21565,243
2021-03-17,Plumas,063,18699,660,645,10,655,4
2021-03-17,Riverside,065,2383286,288456,281649,13632,295281,3925
2021-03-17,Sacramento,067,1510023,97270,95650,1351,97001,1477
2021-03-17,San Benito,069,59416,5829,5841,92,5933,61
2021-03-17,San Bernardino,071,2135413,288304,284170,8686,292856,4049
2021-03-17,San Diego,073,3302833,268657,266313,13283,279596,3470
2021-03-17,San Francisco,075,870044,34877,34873,1164,36037,457
2021-03-17,San Joaquin,077,732212,68785,67093,2988,70081,1164
2021-03-17,San Luis Obispo,079,281455,20232,19858,604,20462,249
2021-03-17,San Mateo,081,765935,40348,39838,427,40265,344
2021-03-17,Santa Barbara,083,443738,33009,32585,1086,33671,433
2021-03-17,Santa Clara,085,1922200,112966,112983,635,113618,1805
2021-03-17,Santa Cruz,087,273765,15703,14967,799,15766,199
2021-03-17,Shasta,089,179085,11164,11045,1321,12366,100
2021-03-17,Sierra,091,2930,54,49,12,61,0
2021-03-17,Siskiyou,093,43540,1555,1479,252,1731,5
2021-03-17,Solano,095,438530,30463,30320,392,30712,171
2021-03-17,Sonoma,097,501317,28792,28877,247,29124,292
2021-03-17,Stanislaus,099,539301,52250,51524,5534,57058,682
2021-03-17,Sutter,101,95872,9008,8982,82,9064,103
2021-03-17,Tehama,103,63373,4715,4670,506,5176,34
2021-03-17,Trinity,105,12862,472,308,84,392,3
2021-03-17,Tulare,107,460477,49059,47929,8457,56386,805
2021-03-17,Tuolumne,109,53932,3880,3938,36,3974,57
2021-03-17,Ventura,111,848112,79341,78648,2851,81499,916
2021-03-17,Yolo,113,214977,13209,13169,240,13409,190
2021-03-17,Yuba,115,75493,5660,5603,93,5696,42
2021-03-16,Alameda,001,1643700,82805,82259,1771,84030,1177
2021-03-16,Alpine,003,1148,83,82,0,82,0
2021-03-16,Amador,005,37829,3524,3510,32,3542,44
2021-03-16,Butte,007,227075,11563,11154,1645,12799,184
2021-03-16,Calaveras,009,45235,1968,1945,11,1956,49
2021-03-16,Colusa,011,21464,1883,1882,272,2154,12
2021-03-16,Contra Costa,013,1133247,64891,63951,1115,65066,736
2021-03-16,Del Norte,015,27424,1108,1048,5,1053,6
2021-03-16,El Dorado,017,186661,9324,9249,606,9855,105
2021-03-16,Fresno,019,978130,98697,97638,8090,105728,1498
2021-03-16,Glenn,021,27897,2305,2267,514,2781,17
2021-03-16,Humboldt,023,135768,3385,3351,24,3375,33
2021-03-16,Imperial,025,180216,27461,27143,2568,29711,689
2021-03-16,Inyo,027,18085,1360,1346,9,1355,35
2021-03-16,Kern,029,883053,94784,93340,10170,103510,1144
2021-03-16,Kings,031,150075,22649,22320,1014,23334,233
2021-03-16,Lake,033,64148,3304,3246,8,3254,43
2021-03-16,Lassen,035,31185,5137,5126,101,5227,1
2021-03-16,Los Angeles,037,10098052,1182456,1172676,39919,1212595,22527
2021-03-16,Madera,039,155013,15977,15822,874,16696,214
2021-03-16,Marin,041,260295,13503,13419,185,13604,218
2021-03-16,Mariposa,043,17540,384,379,5,384,5
2021-03-16,Mendocino,045,87422,3718,3623,73,3696,44
2021-03-16,Merced,047,269075,29337,29198,968,30166,407
2021-03-16,Modoc,049,8938,350,341,119,460,3
2021-03-16,Mono,051,14174,1209,1207,16,1223,3
2021-03-16,Monterey,053,433212,42354,42023,1752,43775,334
2021-03-16,Napa,055,140530,9252,9209,34,9243,75
2021-03-16,Nevada,057,99092,4184,4132,170,4302,67
2021-03-16,Orange,059,3164182,249787,247843,10559,258402,4479
2021-03-16,Placer,061,380077,21208,20339,1192,21531,240
2021-03-16,Plumas,063,18699,659,643,10,653,4
2021-03-16,Riverside,065,2383286,288342,281540,13619,295159,3893
2021-03-16,Sacramento,067,1510023,97127,95522,1347,96869,1466
2021-03-16,San Benito,069,59416,5824,5831,92,5923,61
2021-03-16,San Bernardino,071,2135413,288174,283980,8679,292659,4032
2021-03-16,San Diego,073,3302833,268425,265903,13270,279173,3462
2021-03-16,San Francisco,075,870044,34848,34833,1159,35992,456
2021-03-16,San Joaquin,077,732212,68683,66856,2975,69831,1163
2021-03-16,San Luis Obispo,079,281455,20202,19832,602,20434,248
2021-03-16,San Mateo,081,765935,40314,39806,425,40231,344
2021-03-16,Santa Barbara,083,443738,32977,32556,1085,33641,433
2021-03-16,Santa Clara,085,1922200,112848,112845,632,113477,1797
2021-03-16,Santa Cruz,087,273765,15697,14926,799,15725,199
2021-03-16,Shasta,089,179085,11148,11035,1318,12353,100
2021-03-16,Sierra,091,2930,53,49,12,61,0
2021-03-16,Siskiyou,093,43540,1552,1477,252,1729,5
2021-03-16,Solano,095,438530,30429,30298,390,30688,171
2021-03-16,Sonoma,097,501317,28759,28850,245,29095,291
2021-03-16,Stanislaus,099,539301,52170,51410,5527,56937,683
2021-03-16,Sutter,101,95872,9000,8970,82,9052,102
2021-03-16,Tehama,103,63373,4712,4660,505,5165,34
2021-03-16,Trinity,105,12862,472,308,83,391,3
2021-03-16,Tulare,107,460477,49011,47895,8449,56344,803
2021-03-16,Tuolumne,109,53932,3877,3938,36,3974,57
2021-03-16,Ventura,111,848112,79275,78671,2844,81515,916
2021-03-16,Yolo,113,214977,13194,13162,240,13402,190
2021-03-16,Yuba,115,75493,5657,5596,92,5688,42
2021-03-15,Alameda,001,1643700,82716,82159,1771,83930,1167
2021-03-15,Alpine,003,1148,83,82,0,82,0
2021-03-15,Amador,005,37829,3523,3506,32,3538,44
2021-03-15,Butte,007,227075,11550,11141,1641,12782,185
2021-03-15,Calaveras,009,45235,1967,1941,11,1952,49
2021-03-15,Colusa,011,21464,1883,1883,272,2155,12
2021-03-15,Contra Costa,013,1133247,64829,63847,1114,64961,732
2021-03-15,Del Norte,015,27424,1105,1048,5,1053,6
2021-03-15,El Dorado,017,186661,9318,9235,605,9840,103
2021-03-15,Fresno,019,978130,98570,97520,8075,105595,1496
2021-03-15,Glenn,021,27897,2300,2261,511,2772,15
2021-03-15,Humboldt,023,135768,3379,3337,24,3361,32
2021-03-15,Imperial,025,180216,27441,27122,2565,29687,684
2021-03-15,Inyo,027,18085,1360,1346,9,1355,35
2021-03-15,Kern,029,883053,94724,93266,10163,103429,1141
2021-03-15,Kings,031,150075,22632,22294,1008,23302,233
2021-03-15,Lake,033,64148,3292,3237,8,3245,43
2021-03-15,Lassen,035,31185,5137,5125,101,5226,1
2021-03-15,Los Angeles,037,10098052,1181887,1172445,39884,1212329,22477
2021-03-15,Madera,039,155013,15966,15806,872,16678,214
2021-03-15,Marin,041,260295,13497,13408,184,13592,218
2021-03-15,Mariposa,043,17540,384,376,5,381,5
2021-03-15,Mendocino,045,87422,3714,3615,73,3688,44
2021-03-15,Merced,047,269075,29299,29169,966,30135,407
2021-03-15,Modoc,049,8938,350,340,119,459,3
2021-03-15,Mono,051,14174,1208,1206,16,1222,3
2021-03-15,Monterey,053,433212,42326,42011,1749,43760,333
2021-03-15,Napa,055,140530,9241,9196,34,9230,75
2021-03-15,Nevada,057,99092,4179,4123,169,4292,66
2021-03-15,Orange,059,3164182,249674,247697,10538,258235,4481
2021-03-15,Placer,061,380077,21185,20308,1192,21500,238
2021-03-15,Plumas,063,18699,659,642,10,652,4
2021-03-15,Riverside,065,2383286,288190,281367,13609,294976,3856
2021-03-15,Sacramento,067,1510023,96974,95414,1341,96755,1463
2021-03-15,San Benito,069,59416,5821,5831,92,5923,61
2021-03-15,San Bernardino,071,2135413,288082,283815,8671,292486,4004
2021-03-15,San Diego,073,3302833,268176,265646,13254,278900,3452
2021-03-15,San Francisco,075,870044,34813,34820,1155,35975,456
2021-03-15,San Joaquin,077,732212,68579,66622,2962,69584,1140
2021-03-15,San Luis Obispo,079,281455,20171,19813,598,20411,247
2021-03-15,San Mateo,081,765935,40260,39765,425,40190,344
2021-03-15,Santa Barbara,083,443738,32954,32529,1082,33611,431
2021-03-15,Santa Clara,085,1922200,112747,112729,630,113359,1798
2021-03-15,Santa Cruz,087,273765,15691,14899,797,15696,200
2021-03-15,Shasta,089,179085,11132,11019,1313,12332,92
2021-03-15,Sierra,091,2930,53,49,12,61,0
2021-03-15,Siskiyou,093,43540,1552,1475,252,1727,5
2021-03-15,Solano,095,438530,30400,30258,389,30647,171
2021-03-15,Sonoma,097,501317,28741,28814,242,29056,285
2021-03-15,Stanislaus,099,539301,52092,51357,5520,56877,683
2021-03-15,Sutter,101,95872,8994,8962,82,9044,102
2021-03-15,Tehama,103,63373,4697,4650,504,5154,34
2021-03-15,Trinity,105,12862,472,308,83,391,3
2021-03-15,Tulare,107,460477,48981,47857,8434,56291,800
2021-03-15,Tuolumne,109,53932,3875,3937,35,3972,57
2021-03-15,Ventura,111,848112,79219,78626,2843,81469,910
2021-03-15,Yolo,113,214977,13175,13131,238,13369,190
2021-03-15,Yuba,115,75493,5652,5585,91,5676,42
2021-03-14,Alameda,001,1643700,82633,82116,1768,83884,1168
2021-03-14,Alpine,003,1148,83,82,0,82,0
2021-03-14,Amador,005,37829,3518,3504,32,3536,44
2021-03-14,Butte,007,227075,11537,11140,1637,12777,185
2021-03-14,Calaveras,009,45235,1963,1939,11,1950,49
2021-03-14,Colusa,011,21464,1883,1883,272,2155,12
2021-03-14,Contra Costa,013,1133247,64724,63808,1113,64921,731
2021-03-14,Del Norte,015,27424,1091,1048,5,1053,6
2021-03-14,El Dorado,017,186661,9308,9231,605,9836,103
2021-03-14,Fresno,019,978130,98462,97461,8057,105518,1496
2021-03-14,Glenn,021,27897,2295,2260,508,2768,15
2021-03-14,Humboldt,023,135768,3365,3335,24,3359,32
2021-03-14,Imperial,025,180216,27426,27122,2560,29682,685
2021-03-14,Inyo,027,18085,1356,1346,9,1355,35
2021-03-14,Kern,029,883053,94641,93252,10145,103397,1141
2021-03-14,Kings,031,150075,22613,22292,1006,23298,232
2021-03-14,Lake,033,64148,3287,3237,8,3245,43
2021-03-14,Lassen,035,31185,5135,5125,101,5226,1
2021-03-14,Los Angeles,037,10098052,1181318,1172100,39848,1211948,22476
2021-03-14,Madera,039,155013,15941,15804,872,16676,214
2021-03-14,Marin,041,260295,13481,13405,182,13587,218
2021-03-14,Mariposa,043,17540,382,376,5,381,5
2021-03-14,Mendocino,045,87422,3709,3613,73,3686,44
2021-03-14,Merced,047,269075,29231,29149,962,30111,407
2021-03-14,Modoc,049,8938,350,340,119,459,3
2021-03-14,Mono,051,14174,1202,1206,16,1222,3
2021-03-14,Monterey,053,433212,42302,42007,1745,43752,333
2021-03-14,Napa,055,140530,9223,9194,34,9228,75
2021-03-14,Nevada,057,99092,4173,4122,167,4289,66
2021-03-14,Orange,059,3164182,249540,247656,10518,258174,4460
2021-03-14,Placer,061,380077,21150,20288,1184,21472,238
2021-03-14,Plumas,063,18699,657,642,10,652,4
2021-03-14,Riverside,065,2383286,288032,281332,13601,294933,3845
2021-03-14,Sacramento,067,1510023,96796,95343,1336,96679,1462
2021-03-14,San Benito,069,59416,5812,5829,92,5921,61
2021-03-14,San Bernardino,071,2135413,287958,283791,8660,292451,3996
2021-03-14,San Diego,073,3302833,267941,265468,13241,278709,3452
2021-03-14,San Francisco,075,870044,34774,34810,1152,35962,455
2021-03-14,San Joaquin,077,732212,68451,66563,2945,69508,1140
2021-03-14,San Luis Obispo,079,281455,20142,19806,596,20402,247
2021-03-14,San Mateo,081,765935,40221,39744,425,40169,342
2021-03-14,Santa Barbara,083,443738,32910,32514,1080,33594,431
2021-03-14,Santa Clara,085,1922200,112619,112648,629,113277,1796
2021-03-14,Santa Cruz,087,273765,15674,14887,795,15682,200
2021-03-14,Shasta,089,179085,11116,11019,1306,12325,92
2021-03-14,Sierra,091,2930,53,49,12,61,0
2021-03-14,Siskiyou,093,43540,1549,1473,252,1725,5
2021-03-14,Solano,095,438530,30368,30230,384,30614,171
2021-03-14,Sonoma,097,501317,28706,28798,238,29036,284
2021-03-14,Stanislaus,099,539301,51972,51306,5512,56818,690
2021-03-14,Sutter,101,95872,8978,8958,82,9040,102
2021-03-14,Tehama,103,63373,4690,4650,503,5153,34
2021-03-14,Trinity,105,12862,471,308,82,390,3
2021-03-14,Tulare,107,460477,48948,47845,8413,56258,800
2021-03-14,Tuolumne,109,53932,3873,3937,35,3972,57
2021-03-14,Ventura,111,848112,79171,78611,2837,81448,910
2021-03-14,Yolo,113,214977,13152,13128,235,13363,189
2021-03-14,Yuba,115,75493,5642,5583,91,5674,42
2021-03-13,Alameda,001,1643700,82573,82010,1768,83778,1168
2021-03-13,Alpine,003,1148,83,82,0,82,0
2021-03-13,Amador,005,37829,3515,3504,32,3536,44
2021-03-13,Butte,007,227075,11528,11131,1636,12767,185
2021-03-13,Calaveras,009,45235,1962,1939,11,1950,49
2021-03-13,Colusa,011,21464,1883,1882,272,2154,12
2021-03-13,Contra Costa,013,1133247,64663,63689,1113,64802,731
2021-03-13,Del Norte,015,27424,1087,1041,5,1046,6
2021-03-13,El Dorado,017,186661,9300,9221,605,9826,103
2021-03-13,Fresno,019,978130,98403,97324,8037,105361,1495
2021-03-13,Glenn,021,27897,2294,2260,507,2767,15
2021-03-13,Humboldt,023,135768,3358,3325,24,3349,32
2021-03-13,Imperial,025,180216,27420,27099,2556,29655,677
2021-03-13,Inyo,027,18085,1355,1344,9,1353,35
2021-03-13,Kern,029,883053,94602,93197,10139,103336,1140
2021-03-13,Kings,031,150075,22597,22265,1005,23270,232
2021-03-13,Lake,033,64148,3280,3234,7,3241,43
2021-03-13,Lassen,035,31185,5135,5125,101,5226,1
2021-03-13,Los Angeles,037,10098052,1181002,1171505,39805,1211310,22451
2021-03-13,Madera,039,155013,15929,15780,872,16652,214
2021-03-13,Marin,041,260295,13475,13391,180,13571,218
2021-03-13,Mariposa,043,17540,381,376,5,381,5
2021-03-13,Mendocino,045,87422,3705,3611,73,3684,44
2021-03-13,Merced,047,269075,29200,29106,962,30068,406
2021-03-13,Modoc,049,8938,350,340,118,458,3
2021-03-13,Mono,051,14174,1202,1207,16,1223,3
2021-03-13,Monterey,053,433212,42292,41989,1743,43732,332
2021-03-13,Napa,055,140530,9217,9190,34,9224,75
2021-03-13,Nevada,057,99092,4166,4111,166,4277,66
2021-03-13,Orange,059,3164182,249459,247514,10502,258016,4423
2021-03-13,Placer,061,380077,21129,20238,1181,21419,239
2021-03-13,Plumas,063,18699,655,642,10,652,4
2021-03-13,Riverside,065,2383286,287940,281191,13593,294784,3848
2021-03-13,Sacramento,067,1510023,96710,95192,1334,96526,1461
2021-03-13,San Benito,069,59416,5809,5823,92,5915,61
2021-03-13,San Bernardino,071,2135413,287904,283727,8654,292381,3972
2021-03-13,San Diego,073,3302833,267786,265270,13227,278497,3444
2021-03-13,San Francisco,075,870044,34757,34784,1143,35927,455
2021-03-13,San Joaquin,077,732212,68395,66480,2923,69403,1141
2021-03-13,San Luis Obispo,079,281455,20124,19789,595,20384,247
2021-03-13,San Mateo,081,765935,40194,39689,424,40113,341
2021-03-13,Santa Barbara,083,443738,32885,32486,1079,33565,431
2021-03-13,Santa Clara,085,1922200,112534,112531,628,113159,1790
2021-03-13,Santa Cruz,087,273765,15667,14875,795,15670,199
2021-03-13,Shasta,089,179085,11108,11021,1303,12324,108
2021-03-13,Sierra,091,2930,52,49,12,61,0
2021-03-13,Siskiyou,093,43540,1547,1470,252,1722,5
2021-03-13,Solano,095,438530,30351,30198,384,30582,171
2021-03-13,Sonoma,097,501317,28686,28762,234,28996,285
2021-03-13,Stanislaus,099,539301,51921,51257,5507,56764,695
2021-03-13,Sutter,101,95872,8971,8948,82,9030,102
2021-03-13,Tehama,103,63373,4688,4647,503,5150,33
2021-03-13,Trinity,105,12862,471,306,82,388,3
2021-03-13,Tulare,107,460477,48922,47818,8405,56223,798
2021-03-13,Tuolumne,109,53932,3870,3937,35,3972,57
2021-03-13,Ventura,111,848112,79119,78693,2837,81530,906
2021-03-13,Yolo,113,214977,13143,13087,235,13322,189
2021-03-13,Yuba,115,75493,5641,5577,91,5668,42
2021-03-12,Alameda,001,1643700,82496,81898,1767,83665,1164
2021-03-12,Alpine,003,1148,83,82,0,82,0
2021-03-12,Amador,005,37829,3512,3503,32,3535,44
2021-03-12,Butte,007,227075,11518,11126,1634,12760,184
2021-03-12,Calaveras,009,45235,1962,1916,11,1927,49
2021-03-12,Colusa,011,21464,1883,1883,272,2155,12
2021-03-12,Contra Costa,013,1133247,64587,63583,1113,64696,728
2021-03-12,Del Norte,015,27424,1081,1033,5,1038,6
2021-03-12,El Dorado,017,186661,9291,9219,605,9824,103
2021-03-12,Fresno,019,978130,98306,97185,8026,105211,1489
2021-03-12,Glenn,021,27897,2293,2258,506,2764,15
2021-03-12,Humboldt,023,135768,3353,3315,24,3339,32
2021-03-12,Imperial,025,180216,27409,27071,2554,29625,677
2021-03-12,Inyo,027,18085,1353,1339,9,1348,35
2021-03-12,Kern,029,883053,94568,93142,10123,103265,1132
2021-03-12,Kings,031,150075,22578,22233,1005,23238,232
2021-03-12,Lake,033,64148,3274,3226,6,3232,43
2021-03-12,Lassen,035,31185,5135,5125,100,5225,1
2021-03-12,Los Angeles,037,10098052,1180603,1170860,39788,1210648,22409
2021-03-12,Madera,039,155013,15917,15761,869,16630,214
2021-03-12,Marin,041,260295,13468,13375,180,13555,218
2021-03-12,Mariposa,043,17540,379,376,5,381,5
2021-03-12,Mendocino,045,87422,3702,3605,73,3678,43
2021-03-12,Merced,047,269075,29169,29064,962,30026,403
2021-03-12,Modoc,049,8938,350,340,118,458,3
2021-03-12,Mono,051,14174,1201,1206,16,1222,3
2021-03-12,Monterey,053,433212,42278,41964,1738,43702,329
2021-03-12,Napa,055,140530,9208,9180,34,9214,75
2021-03-12,Nevada,057,99092,4156,4101,166,4267,66
2021-03-12,Orange,059,3164182,249366,247388,10491,257879,4401
2021-03-12,Placer,061,380077,21096,20210,1176,21386,239
2021-03-12,Plumas,063,18699,654,641,10,651,4
2021-03-12,Riverside,065,2383286,287841,281037,13585,294622,3854
2021-03-12,Sacramento,067,1510023,96586,95061,1327,96388,1460
2021-03-12,San Benito,069,59416,5806,5817,92,5909,61
2021-03-12,San Bernardino,071,2135413,287847,283558,8649,292207,3917
2021-03-12,San Diego,073,3302833,267623,264886,13219,278105,3434
2021-03-12,San Francisco,075,870044,34736,34758,1140,35898,452
2021-03-12,San Joaquin,077,732212,68324,66482,2914,69396,1144
2021-03-12,San Luis Obispo,079,281455,20111,19769,593,20362,247
2021-03-12,San Mateo,081,765935,40158,39638,422,40060,341
2021-03-12,Santa Barbara,083,443738,32862,32457,1076,33533,429
2021-03-12,Santa Clara,085,1922200,112439,112396,627,113023,1766
2021-03-12,Santa Cruz,087,273765,15655,14846,793,15639,195
2021-03-12,Shasta,089,179085,11099,11143,1301,12444,153
2021-03-12,Sierra,091,2930,52,49,12,61,0
2021-03-12,Siskiyou,093,43540,1547,1468,251,1719,5
2021-03-12,Solano,095,438530,30332,30180,383,30563,171
2021-03-12,Sonoma,097,501317,28659,28714,234,28948,285
2021-03-12,Stanislaus,099,539301,51863,51146,5500,56646,701
2021-03-12,Sutter,101,95872,8965,8940,82,9022,101
2021-03-12,Tehama,103,63373,4684,4638,502,5140,33
2021-03-12,Trinity,105,12862,470,306,81,387,3
2021-03-12,Tulare,107,460477,48897,47772,8399,56171,798
2021-03-12,Tuolumne,109,53932,3869,3936,35,3971,57
2021-03-12,Ventura,111,848112,79073,78698,2833,81531,899
2021-03-12,Yolo,113,214977,13133,13061,228,13289,189
2021-03-12,Yuba,115,75493,5634,5563,90,5653,42
2021-03-11,Alameda,001,1643700,82404,81809,1762,83571,1164
2021-03-11,Alpine,003,1148,83,78,0,78,0
2021-03-11,Amador,005,37829,3511,3498,32,3530,42
2021-03-11,Butte,007,227075,11507,11110,1632,12742,185
2021-03-11,Calaveras,009,45235,1959,1915,11,1926,49
2021-03-11,Colusa,011,21464,1883,1883,272,2155,12
2021-03-11,Contra Costa,013,1133247,64514,63469,1111,64580,728
2021-03-11,Del Norte,015,27424,1076,1027,5,1032,6
2021-03-11,El Dorado,017,186661,9277,9211,605,9816,101
2021-03-11,Fresno,019,978130,98190,97026,7997,105023,1481
2021-03-11,Glenn,021,27897,2290,2255,506,2761,15
2021-03-11,Humboldt,023,135768,3336,3302,24,3326,32
2021-03-11,Imperial,025,180216,27402,27045,2550,29595,675
2021-03-11,Inyo,027,18085,1348,1335,9,1344,35
2021-03-11,Kern,029,883053,94512,93052,10084,103136,1121
2021-03-11,Kings,031,150075,22563,22183,1002,23185,230
2021-03-11,Lake,033,64148,3270,3214,6,3220,42
2021-03-11,Lassen,035,31185,5134,5124,100,5224,1
2021-03-11,Los Angeles,037,10098052,1180071,1170111,39756,1209867,22316
2021-03-11,Madera,039,155013,15906,15725,867,16592,214
2021-03-11,Marin,041,260295,13456,13356,179,13535,217
2021-03-11,Mariposa,043,17540,379,376,5,381,5
2021-03-11,Mendocino,045,87422,3695,3604,73,3677,42
2021-03-11,Merced,047,269075,29121,29001,961,29962,401
2021-03-11,Modoc,049,8938,350,340,118,458,3
2021-03-11,Mono,051,14174,1200,1206,16,1222,3
2021-03-11,Monterey,053,433212,42255,41936,1732,43668,329
2021-03-11,Napa,055,140530,9195,9173,34,9207,75
2021-03-11,Nevada,057,99092,4144,4085,164,4249,66
2021-03-11,Orange,059,3164182,249228,247217,10473,257690,4373
2021-03-11,Placer,061,380077,21054,20178,1172,21350,239
2021-03-11,Plumas,063,18699,653,640,10,650,4
2021-03-11,Riverside,065,2383286,287671,280881,13572,294453,3842
2021-03-11,Sacramento,067,1510023,96445,94912,1324,96236,1455
2021-03-11,San Benito,069,59416,5803,5816,92,5908,61
2021-03-11,San Bernardino,071,2135413,287749,283312,8643,291955,3869
2021-03-11,San Diego,073,3302833,267459,264524,13203,277727,3422
2021-03-11,San Francisco,075,870044,34700,34722,1134,35856,452
2021-03-11,San Joaquin,077,732212,68212,66522,2906,69428,1157
2021-03-11,San Luis Obispo,079,281455,20086,19748,592,20340,247
2021-03-11,San Mateo,081,765935,40121,39590,421,40011,341
2021-03-11,Santa Barbara,083,443738,32834,32408,1071,33479,430
2021-03-11,Santa Clara,085,1922200,112310,112246,624,112870,1765
2021-03-11,Santa Cruz,087,273765,15643,14812,792,15604,193
2021-03-11,Shasta,089,179085,11089,11139,1296,12435,158
2021-03-11,Sierra,091,2930,52,48,12,60,0
2021-03-11,Siskiyou,093,43540,1544,1466,250,1716,5
2021-03-11,Solano,095,438530,30304,30138,382,30520,171
2021-03-11,Sonoma,097,501317,28630,28677,234,28911,285
2021-03-11,Stanislaus,099,539301,51778,51038,5492,56530,707
2021-03-11,Sutter,101,95872,8959,8933,82,9015,101
2021-03-11,Tehama,103,63373,4676,4632,502,5134,33
2021-03-11,Trinity,105,12862,469,304,80,384,3
2021-03-11,Tulare,107,460477,48860,47709,8388,56097,797
2021-03-11,Tuolumne,109,53932,3867,3934,35,3969,57
2021-03-11,Ventura,111,848112,79023,78697,2829,81526,889
2021-03-11,Yolo,113,214977,13116,13041,226,13267,190
2021-03-11,Yuba,115,75493,5630,5553,90,5643,42
2021-03-10,Alameda,001,1643700,82297,81701,1757,83458,1160
2021-03-10,Alpine,003,1148,82,78,0,78,0
2021-03-10,Amador,005,37829,3509,3496,32,3528,42
2021-03-10,Butte,007,227075,11497,11096,1632,12728,185
2021-03-10,Calaveras,009,45235,1953,1913,11,1924,48
2021-03-10,Colusa,011,21464,1883,1882,272,2154,12
2021-03-10,Contra Costa,013,1133247,64415,63372,1107,64479,725
2021-03-10,Del Norte,015,27424,1074,1020,5,1025,5
2021-03-10,El Dorado,017,186661,9264,9203,605,9808,100
2021-03-10,Fresno,019,978130,98083,96866,7981,104847,1471
2021-03-10,Glenn,021,27897,2287,2253,504,2757,15
2021-03-10,Humboldt,023,135768,3326,3296,23,3319,32
2021-03-10,Imperial,025,180216,27387,27051,2550,29601,675
2021-03-10,Inyo,027,18085,1348,1328,9,1337,35
2021-03-10,Kern,029,883053,94446,92965,10063,103028,1102
2021-03-10,Kings,031,150075,22544,22166,1000,23166,226
2021-03-10,Lake,033,64148,3260,3207,6,3213,42
2021-03-10,Lassen,035,31185,5134,5120,100,5220,1
2021-03-10,Los Angeles,037,10098052,1179524,1169079,39729,1208808,22199
2021-03-10,Madera,039,155013,15885,15705,864,16569,212
2021-03-10,Marin,041,260295,13446,13348,178,13526,216
2021-03-10,Mariposa,043,17540,379,376,5,381,5
2021-03-10,Mendocino,045,87422,3690,3602,73,3675,42
2021-03-10,Merced,047,269075,29083,28927,958,29885,401
2021-03-10,Modoc,049,8938,349,338,118,456,3
2021-03-10,Mono,051,14174,1196,1204,16,1220,3
2021-03-10,Monterey,053,433212,42233,41920,1728,43648,329
2021-03-10,Napa,055,140530,9186,9165,34,9199,75
2021-03-10,Nevada,057,99092,4140,4074,164,4238,66
2021-03-10,Orange,059,3164182,249080,247075,10458,257533,4342
2021-03-10,Placer,061,380077,21020,20144,1166,21310,239
2021-03-10,Plumas,063,18699,652,639,10,649,4
2021-03-10,Riverside,065,2383286,287530,280708,13558,294266,3822
2021-03-10,Sacramento,067,1510023,96315,94796,1318,96114,1452
2021-03-10,San Benito,069,59416,5794,5811,92,5903,61
2021-03-10,San Bernardino,071,2135413,287657,283140,8637,291777,3841
2021-03-10,San Diego,073,3302833,267237,264094,13191,277285,3413
2021-03-10,San Francisco,075,870044,34665,34688,1126,35814,450
2021-03-10,San Joaquin,077,732212,68110,66483,2889,69372,1156
2021-03-10,San Luis Obispo,079,281455,20062,19710,588,20298,247
2021-03-10,San Mateo,081,765935,40097,39571,421,39992,338
2021-03-10,Santa Barbara,083,443738,32807,32356,1068,33424,429
2021-03-10,Santa Clara,085,1922200,112201,112103,620,112723,1759
2021-03-10,Santa Cruz,087,273765,15628,14790,791,15581,192
2021-03-10,Shasta,089,179085,11079,11125,1293,12418,155
2021-03-10,Sierra,091,2930,52,48,12,60,0
2021-03-10,Siskiyou,093,43540,1542,1458,250,1708,5
2021-03-10,Solano,095,438530,30274,30111,381,30492,170
2021-03-10,Sonoma,097,501317,28595,28638,233,28871,286
2021-03-10,Stanislaus,099,539301,51691,50968,5473,56441,706
2021-03-10,Sutter,101,95872,8948,8918,82,9000,101
2021-03-10,Tehama,103,63373,4665,4623,501,5124,33
2021-03-10,Trinity,105,12862,469,304,80,384,3
2021-03-10,Tulare,107,460477,48812,47659,8370,56029,793
2021-03-10,Tuolumne,109,53932,3866,3931,35,3966,57
2021-03-10,Ventura,111,848112,78946,78609,2827,81436,878
2021-03-10,Yolo,113,214977,13093,13021,225,13246,189
2021-03-10,Yuba,115,75493,5617,5545,89,5634,42
2021-03-09,Alameda,001,1643700,82212,81618,1757,83375,1151
2021-03-09,Alpine,003,1148,82,78,0,78,0
2021-03-09,Amador,005,37829,3507,3494,32,3526,42
2021-03-09,Butte,007,227075,11484,11092,1631,12723,185
2021-03-09,Calaveras,009,45235,1951,1913,11,1924,48
2021-03-09,Colusa,011,21464,1883,1880,272,2152,11
2021-03-09,Contra Costa,013,1133247,64324,63314,1105,64419,723
2021-03-09,Del Norte,015,27424,1066,1017,5,1022,5
2021-03-09,El Dorado,017,186661,9256,9198,605,9803,98
2021-03-09,Fresno,019,978130,97964,96744,7954,104698,1463
2021-03-09,Glenn,021,27897,2283,2251,502,2753,15
2021-03-09,Humboldt,023,135768,3314,3288,22,3310,32
2021-03-09,Imperial,025,180216,27377,27045,2546,29591,675
2021-03-09,Inyo,027,18085,1346,1324,9,1333,35
2021-03-09,Kern,029,883053,94367,92924,10045,102969,1088
2021-03-09,Kings,031,150075,22519,22143,998,23141,226
2021-03-09,Lake,033,64148,3254,3202,6,3208,42
2021-03-09,Lassen,035,31185,5134,5120,100,5220,1
2021-03-09,Los Angeles,037,10098052,1178926,1167967,39695,1207662,22080
2021-03-09,Madera,039,155013,15874,15701,862,16563,211
2021-03-09,Marin,041,260295,13428,13335,176,13511,214
2021-03-09,Mariposa,043,17540,379,376,5,381,5
2021-03-09,Mendocino,045,87422,3686,3595,73,3668,42
2021-03-09,Merced,047,269075,29023,28876,955,29831,399
2021-03-09,Modoc,049,8938,349,338,117,455,3
2021-03-09,Mono,051,14174,1195,1203,16,1219,3
2021-03-09,Monterey,053,433212,42214,41894,1720,43614,329
2021-03-09,Napa,055,140530,9172,9155,34,9189,75
2021-03-09,Nevada,057,99092,4132,4062,164,4226,66
2021-03-09,Orange,059,3164182,248938,246989,10438,257427,4310
2021-03-09,Placer,061,380077,20978,20122,1161,21283,239
2021-03-09,Plumas,063,18699,649,639,10,649,4
2021-03-09,Riverside,065,2383286,287395,280562,13554,294116,3821
2021-03-09,Sacramento,067,1510023,96148,94720,1312,96032,1442
2021-03-09,San Benito,069,59416,5790,5800,92,5892,61
2021-03-09,San Bernardino,071,2135413,287543,282971,8631,291602,3823
2021-03-09,San Diego,073,3302833,267005,263745,13170,276915,3405
2021-03-09,San Francisco,075,870044,34634,34654,1122,35776,450
2021-03-09,San Joaquin,077,732212,67982,66383,2879,69262,1150
2021-03-09,San Luis Obispo,079,281455,20044,19672,581,20253,245
2021-03-09,San Mateo,081,765935,40050,39535,419,39954,336
2021-03-09,Santa Barbara,083,443738,32766,32314,1066,33380,428
2021-03-09,Santa Clara,085,1922200,112090,111963,615,112578,1756
2021-03-09,Santa Cruz,087,273765,15606,14764,790,15554,188
2021-03-09,Shasta,089,179085,11072,11113,1288,12401,155
2021-03-09,Sierra,091,2930,52,48,12,60,0
2021-03-09,Siskiyou,093,43540,1538,1447,248,1695,5
2021-03-09,Solano,095,438530,30238,30090,379,30469,169
2021-03-09,Sonoma,097,501317,28545,28601,230,28831,284
2021-03-09,Stanislaus,099,539301,51594,50884,5464,56348,703
2021-03-09,Sutter,101,95872,8935,8914,82,8996,101
2021-03-09,Tehama,103,63373,4660,4620,501,5121,33
2021-03-09,Trinity,105,12862,469,304,80,384,3
2021-03-09,Tulare,107,460477,48785,47637,8349,55986,792
2021-03-09,Tuolumne,109,53932,3864,3929,35,3964,56
2021-03-09,Ventura,111,848112,78883,78526,2825,81351,863
2021-03-09,Yolo,113,214977,13081,13015,224,13239,189
2021-03-09,Yuba,115,75493,5610,5539,89,5628,42
2021-03-08,Alameda,001,1643700,82101,81543,1756,83299,1142
2021-03-08,Alpine,003,1148,82,78,0,78,0
2021-03-08,Amador,005,37829,3504,3490,32,3522,42
2021-03-08,Butte,007,227075,11471,11082,1630,12712,185
2021-03-08,Calaveras,009,45235,1947,1909,11,1920,48
2021-03-08,Colusa,011,21464,1883,1877,272,2149,11
2021-03-08,Contra Costa,013,1133247,64228,63240,1105,64345,719
2021-03-08,Del Norte,015,27424,1061,1012,5,1017,5
2021-03-08,El Dorado,017,186661,9253,9188,604,9792,97
2021-03-08,Fresno,019,978130,97865,96665,7933,104598,1442
2021-03-08,Glenn,021,27897,2282,2249,502,2751,15
2021-03-08,Humboldt,023,135768,3300,3278,22,3300,31
2021-03-08,Imperial,025,180216,27369,27033,2543,29576,663
2021-03-08,Inyo,027,18085,1344,1320,9,1329,35
2021-03-08,Kern,029,883053,94300,92857,10025,102882,1087
2021-03-08,Kings,031,150075,22498,22130,996,23126,226
2021-03-08,Lake,033,64148,3242,3195,6,3201,42
2021-03-08,Lassen,035,31185,5134,5119,100,5219,1
2021-03-08,Los Angeles,037,10098052,1178308,1163409,39663,1203072,21868
2021-03-08,Madera,039,155013,15864,15691,860,16551,211
2021-03-08,Marin,041,260295,13408,13328,174,13502,214
2021-03-08,Mariposa,043,17540,379,376,5,381,5
2021-03-08,Mendocino,045,87422,3684,3590,72,3662,42
2021-03-08,Merced,047,269075,28963,28841,954,29795,398
2021-03-08,Modoc,049,8938,349,338,117,455,3
2021-03-08,Mono,051,14174,1194,1200,16,1216,3
2021-03-08,Monterey,053,433212,42193,41863,1719,43582,328
2021-03-08,Napa,055,140530,9169,9146,34,9180,75
2021-03-08,Nevada,057,99092,4124,4059,164,4223,66
2021-03-08,Orange,059,3164182,248764,246900,10406,257306,4243
2021-03-08,Placer,061,380077,20943,20102,1150,21252,239
2021-03-08,Plumas,063,18699,648,635,10,645,4
2021-03-08,Riverside,065,2383286,287243,280463,13544,294007,3783
2021-03-08,Sacramento,067,1510023,95978,94654,1307,95961,1438
2021-03-08,San Benito,069,59416,5787,5797,92,5889,61
2021-03-08,San Bernardino,071,2135413,287433,282894,8624,291518,3811
2021-03-08,San Diego,073,3302833,266764,263272,13155,276427,3390
2021-03-08,San Francisco,075,870044,34608,34634,1118,35752,446
2021-03-08,San Joaquin,077,732212,67865,66307,2870,69177,1139
2021-03-08,San Luis Obispo,079,281455,20001,19656,578,20234,245
2021-03-08,San Mateo,081,765935,40001,39492,417,39909,335
2021-03-08,Santa Barbara,083,443738,32734,32293,1066,33359,427
2021-03-08,Santa Clara,085,1922200,111962,111882,613,112495,1756
2021-03-08,Santa Cruz,087,273765,15586,14729,790,15519,188
2021-03-08,Shasta,089,179085,11064,11088,1283,12371,155
2021-03-08,Sierra,091,2930,52,48,12,60,0
2021-03-08,Siskiyou,093,43540,1537,1440,248,1688,5
2021-03-08,Solano,095,438530,30198,30068,377,30445,169
2021-03-08,Sonoma,097,501317,28501,28571,229,28800,284
2021-03-08,Stanislaus,099,539301,51515,50825,5459,56284,690
2021-03-08,Sutter,101,95872,8932,8905,82,8987,100
2021-03-08,Tehama,103,63373,4656,4615,501,5116,33
2021-03-08,Trinity,105,12862,468,302,80,382,3
2021-03-08,Tulare,107,460477,48744,47587,8324,55911,791
2021-03-08,Tuolumne,109,53932,3863,3921,35,3956,56
2021-03-08,Ventura,111,848112,78810,78526,2817,81343,852
2021-03-08,Yolo,113,214977,13058,13000,223,13223,189
2021-03-08,Yuba,115,75493,5600,5530,89,5619,42
2021-03-07,Alameda,001,1643700,81981,81413,1755,83168,1145
2021-03-07,Alpine,003,1148,82,78,0,78,0
2021-03-07,Amador,005,37829,3501,3489,32,3521,42
2021-03-07,Butte,007,227075,11455,11075,1629,12704,185
2021-03-07,Calaveras,009,45235,1943,1906,11,1917,48
2021-03-07,Colusa,011,21464,1883,1876,272,2148,11
2021-03-07,Contra Costa,013,1133247,64129,63148,1103,64251,719
2021-03-07,Del Norte,015,27424,1056,1010,5,1015,5
2021-03-07,El Dorado,017,186661,9250,9184,603,9787,97
2021-03-07,Fresno,019,978130,97687,96549,7911,104460,1442
2021-03-07,Glenn,021,27897,2280,2244,502,2746,15
2021-03-07,Humboldt,023,135768,3290,3274,22,3296,31
2021-03-07,Imperial,025,180216,27360,27019,2541,29560,658
2021-03-07,Inyo,027,18085,1341,1320,9,1329,35
2021-03-07,Kern,029,883053,94213,92746,9995,102741,1086
2021-03-07,Kings,031,150075,22476,22103,996,23099,224
2021-03-07,Lake,033,64148,3236,3192,6,3198,42
2021-03-07,Lassen,035,31185,5133,5119,100,5219,1
2021-03-07,Los Angeles,037,10098052,1177584,1162749,39626,1202375,21857
2021-03-07,Madera,039,155013,15845,15675,860,16535,211
2021-03-07,Marin,041,260295,13400,13313,172,13485,214
2021-03-07,Mariposa,043,17540,378,376,5,381,5
2021-03-07,Mendocino,045,87422,3680,3581,72,3653,42
2021-03-07,Merced,047,269075,28889,28829,950,29779,399
2021-03-07,Modoc,049,8938,349,338,117,455,3
2021-03-07,Mono,051,14174,1192,1199,16,1215,3
2021-03-07,Monterey,053,433212,42172,41858,1716,43574,328
2021-03-07,Napa,055,140530,9159,9137,34,9171,75
2021-03-07,Nevada,057,99092,4110,4052,163,4215,66
2021-03-07,Orange,059,3164182,248573,246771,10378,257149,4218
2021-03-07,Placer,061,380077,20902,20070,1146,21216,239
2021-03-07,Plumas,063,18699,647,635,10,645,4
2021-03-07,Riverside,065,2383286,287094,280379,13535,293914,3779
2021-03-07,Sacramento,067,1510023,95801,94513,1300,95813,1437
2021-03-07,San Benito,069,59416,5780,5795,92,5887,61
2021-03-07,San Bernardino,071,2135413,287282,282860,8619,291479,3810
2021-03-07,San Diego,073,3302833,266483,262965,13131,276096,3390
2021-03-07,San Francisco,075,870044,34574,34594,1113,35707,445
2021-03-07,San Joaquin,077,732212,67729,66252,2856,69108,1139
2021-03-07,San Luis Obispo,079,281455,19964,19614,576,20190,245
2021-03-07,San Mateo,081,765935,39961,39436,414,39850,329
2021-03-07,Santa Barbara,083,443738,32687,32218,1065,33283,425
2021-03-07,Santa Clara,085,1922200,111817,111745,609,112354,1752
2021-03-07,Santa Cruz,087,273765,15564,14715,789,15504,189
2021-03-07,Shasta,089,179085,11051,11083,1275,12358,156
2021-03-07,Sierra,091,2930,51,48,12,60,0
2021-03-07,Siskiyou,093,43540,1536,1435,244,1679,5
2021-03-07,Solano,095,438530,30161,30027,377,30404,169
2021-03-07,Sonoma,097,501317,28452,28533,227,28760,284
2021-03-07,Stanislaus,099,539301,51383,50783,5442,56225,699
2021-03-07,Sutter,101,95872,8922,8900,82,8982,100
2021-03-07,Tehama,103,63373,4648,4614,500,5114,33
2021-03-07,Trinity,105,12862,468,302,80,382,3
2021-03-07,Tulare,107,460477,48685,47569,8293,55862,790
2021-03-07,Tuolumne,109,53932,3862,3922,34,3956,56
2021-03-07,Ventura,111,848112,78718,78487,2815,81302,851
2021-03-07,Yolo,113,214977,13039,12988,223,13211,189
2021-03-07,Yuba,115,75493,5595,5516,89,5605,42
2021-03-06,Alameda,001,1643700,81924,81310,1754,83064,1143
2021-03-06,Alpine,003,1148,82,78,0,78,0
2021-03-06,Amador,005,37829,3497,3487,32,3519,42
2021-03-06,Butte,007,227075,11450,11065,1628,12693,185
2021-03-06,Calaveras,009,45235,1939,1904,11,1915,48
2021-03-06,Colusa,011,21464,1881,1874,272,2146,11
2021-03-06,Contra Costa,013,1133247,64068,63040,1099,64139,719
2021-03-06,Del Norte,015,27424,1051,1000,5,1005,5
2021-03-06,El Dorado,017,186661,9246,9166,603,9769,97
2021-03-06,Fresno,019,978130,97592,96366,7900,104266,1440
2021-03-06,Glenn,021,27897,2280,2241,502,2743,15
2021-03-06,Humboldt,023,135768,3280,3260,22,3282,31
2021-03-06,Imperial,025,180216,27355,27009,2536,29545,658
2021-03-06,Inyo,027,18085,1338,1312,9,1321,35
2021-03-06,Kern,029,883053,94167,92684,9975,102659,1082
2021-03-06,Kings,031,150075,22461,22094,996,23090,224
2021-03-06,Lake,033,64148,3234,3189,6,3195,42
2021-03-06,Lassen,035,31185,5133,5119,100,5219,1
2021-03-06,Los Angeles,037,10098052,1177146,1161745,39596,1201341,21843
2021-03-06,Madera,039,155013,15836,15646,858,16504,211
2021-03-06,Marin,041,260295,13391,13289,172,13461,213
2021-03-06,Mariposa,043,17540,378,376,5,381,5
2021-03-06,Mendocino,045,87422,3678,3579,72,3651,42
2021-03-06,Merced,047,269075,28847,28771,950,29721,399
2021-03-06,Modoc,049,8938,348,338,117,455,3
2021-03-06,Mono,051,14174,1191,1198,16,1214,3
2021-03-06,Monterey,053,433212,42167,41838,1713,43551,327
2021-03-06,Napa,055,140530,9151,9129,34,9163,75
2021-03-06,Nevada,057,99092,4104,4044,163,4207,66
2021-03-06,Orange,059,3164182,248480,246634,10364,256998,4165
2021-03-06,Placer,061,380077,20879,20030,1144,21174,239
2021-03-06,Plumas,063,18699,647,634,10,644,4
2021-03-06,Riverside,065,2383286,287001,280225,13527,293752,3781
2021-03-06,Sacramento,067,1510023,95713,94332,1291,95623,1436
2021-03-06,San Benito,069,59416,5775,5793,92,5885,61
2021-03-06,San Bernardino,071,2135413,287198,282737,8617,291354,3791
2021-03-06,San Diego,073,3302833,266296,262778,13114,275892,3385
2021-03-06,San Francisco,075,870044,34543,34560,1109,35669,435
2021-03-06,San Joaquin,077,732212,67655,66162,2846,69008,1138
2021-03-06,San Luis Obispo,079,281455,19944,19592,574,20166,245
2021-03-06,San Mateo,081,765935,39936,39384,414,39798,329
2021-03-06,Santa Barbara,083,443738,32656,32176,1064,33240,424
2021-03-06,Santa Clara,085,1922200,111722,111570,606,112176,1749
2021-03-06,Santa Cruz,087,273765,15553,14701,789,15490,188
2021-03-06,Shasta,089,179085,11042,11076,1273,12349,158
2021-03-06,Sierra,091,2930,51,48,12,60,0
2021-03-06,Siskiyou,093,43540,1534,1432,244,1676,5
2021-03-06,Solano,095,438530,30132,30000,376,30376,169
2021-03-06,Sonoma,097,501317,28429,28484,225,28709,284
2021-03-06,Stanislaus,099,539301,51313,50691,5436,56127,711
2021-03-06,Sutter,101,95872,8916,8887,82,8969,100
2021-03-06,Tehama,103,63373,4646,4610,497,5107,33
2021-03-06,Trinity,105,12862,468,302,80,382,3
2021-03-06,Tulare,107,460477,48653,47515,8264,55779,789
2021-03-06,Tuolumne,109,53932,3860,3920,34,3954,56
2021-03-06,Ventura,111,848112,78662,78439,2814,81253,848
2021-03-06,Yolo,113,214977,13033,12951,223,13174,189
2021-03-06,Yuba,115,75493,5586,5504,89,5593,42
2021-03-05,Alameda,001,1643700,81838,81215,1752,82967,1141
2021-03-05,Alpine,003,1148,82,78,0,78,0
2021-03-05,Amador,005,37829,3496,3484,32,3516,42
2021-03-05,Butte,007,227075,11439,11050,1627,12677,185
2021-03-05,Calaveras,009,45235,1936,1902,11,1913,48
2021-03-05,Colusa,011,21464,1881,1874,272,2146,11
2021-03-05,Contra Costa,013,1133247,63988,62886,1096,63982,711
2021-03-05,Del Norte,015,27424,1047,995,5,1000,5
2021-03-05,El Dorado,017,186661,9241,9150,602,9752,97
2021-03-05,Fresno,019,978130,97484,96184,7881,104065,1432
2021-03-05,Glenn,021,27897,2277,2241,501,2742,15
2021-03-05,Humboldt,023,135768,3273,3234,22,3256,31
2021-03-05,Imperial,025,180216,27345,26970,2527,29497,651
2021-03-05,Inyo,027,18085,1334,1309,9,1318,35
2021-03-05,Kern,029,883053,94127,92601,9962,102563,1076
2021-03-05,Kings,031,150075,22443,22063,995,23058,224
2021-03-05,Lake,033,64148,3232,3185,6,3191,42
2021-03-05,Lassen,035,31185,5133,5117,98,5215,1
2021-03-05,Los Angeles,037,10098052,1176655,1160688,39566,1200254,21745
2021-03-05,Madera,039,155013,15826,15624,856,16480,211
2021-03-05,Marin,041,260295,13379,13275,171,13446,215
2021-03-05,Mariposa,043,17540,378,375,5,380,4
2021-03-05,Mendocino,045,87422,3675,3577,72,3649,42
2021-03-05,Merced,047,269075,28814,28734,949,29683,399
2021-03-05,Modoc,049,8938,348,337,117,454,3
2021-03-05,Mono,051,14174,1190,1197,16,1213,3
2021-03-05,Monterey,053,433212,42154,41802,1713,43515,325
2021-03-05,Napa,055,140530,9143,9109,34,9143,75
2021-03-05,Nevada,057,99092,4100,4033,163,4196,66
2021-03-05,Orange,059,3164182,248367,246489,10351,256840,4108
2021-03-05,Placer,061,380077,20853,19973,1140,21113,239
2021-03-05,Plumas,063,18699,647,635,10,645,4
2021-03-05,Riverside,065,2383286,286889,280075,13522,293597,3781
2021-03-05,Sacramento,067,1510023,95617,94182,1284,95466,1430
2021-03-05,San Benito,069,59416,5772,5790,92,5882,61
2021-03-05,San Bernardino,071,2135413,287105,282640,8613,291253,3774
2021-03-05,San Diego,073,3302833,266063,262357,13097,275454,3371
2021-03-05,San Francisco,075,870044,34503,34526,1105,35631,430
2021-03-05,San Joaquin,077,732212,67575,66041,2837,68878,1133
2021-03-05,San Luis Obispo,079,281455,19923,19557,572,20129,244
2021-03-05,San Mateo,081,765935,39904,39305,414,39719,326
2021-03-05,Santa Barbara,083,443738,32619,32139,1059,33198,424
2021-03-05,Santa Clara,085,1922200,111627,111384,606,111990,1745
2021-03-05,Santa Cruz,087,273765,15542,14694,789,15483,188
2021-03-05,Shasta,089,179085,11030,11062,1267,12329,148
2021-03-05,Sierra,091,2930,51,48,12,60,0
2021-03-05,Siskiyou,093,43540,1529,1429,243,1672,5
2021-03-05,Solano,095,438530,30115,29951,374,30325,168
2021-03-05,Sonoma,097,501317,28403,28417,225,28642,279
2021-03-05,Stanislaus,099,539301,51262,50606,5426,56032,721
2021-03-05,Sutter,101,95872,8909,8876,82,8958,100
2021-03-05,Tehama,103,63373,4637,4606,497,5103,33
2021-03-05,Trinity,105,12862,468,302,80,382,3
2021-03-05,Tulare,107,460477,48624,47469,8245,55714,789
2021-03-05,Tuolumne,109,53932,3858,3917,34,3951,56
2021-03-05,Ventura,111,848112,78595,78368,2813,81181,839
2021-03-05,Yolo,113,214977,13021,12920,222,13142,188
2021-03-05,Yuba,115,75493,5574,5496,89,5585,42
2021-03-04,Alameda,001,1643700,81727,81115,1752,82867,1136
2021-03-04,Alpine,003,1148,82,78,0,78,0
2021-03-04,Amador,005,37829,3495,3480,32,3512,42
2021-03-04,Butte,007,227075,11432,11033,1626,12659,185
2021-03-04,Calaveras,009,45235,1935,1896,11,1907,48
2021-03-04,Colusa,011,21464,1879,1873,267,2140,11
2021-03-04,Contra Costa,013,1133247,63888,62789,1094,63883,708
2021-03-04,Del Norte,015,27424,1039,989,5,994,5
2021-03-04,El Dorado,017,186661,9226,9133,602,9735,97
2021-03-04,Fresno,019,978130,97320,96023,7861,103884,1422
2021-03-04,Glenn,021,27897,2270,2236,500,2736,15
2021-03-04,Humboldt,023,135768,3259,3212,22,3234,31
2021-03-04,Imperial,025,180216,27332,26946,2524,29470,646
2021-03-04,Inyo,027,18085,1331,1300,9,1309,35
2021-03-04,Kern,029,883053,94038,92525,9943,102468,1070
2021-03-04,Kings,031,150075,22417,22025,992,23017,224
2021-03-04,Lake,033,64148,3224,3181,6,3187,42
2021-03-04,Lassen,035,31185,5133,5116,98,5214,1
2021-03-04,Los Angeles,037,10098052,1176045,1159405,39517,1198922,21610
2021-03-04,Madera,039,155013,15791,15596,853,16449,208
2021-03-04,Marin,041,260295,13363,13240,168,13408,215
2021-03-04,Mariposa,043,17540,378,376,5,381,4
2021-03-04,Mendocino,045,87422,3672,3569,72,3641,42
2021-03-04,Merced,047,269075,28763,28671,947,29618,396
2021-03-04,Modoc,049,8938,347,336,117,453,3
2021-03-04,Mono,051,14174,1190,1197,16,1213,3
2021-03-04,Monterey,053,433212,42134,41771,1711,43482,325
2021-03-04,Napa,055,140530,9135,9094,34,9128,74
2021-03-04,Nevada,057,99092,4090,4020,163,4183,66
2021-03-04,Orange,059,3164182,248210,246354,10334,256688,4096
2021-03-04,Placer,061,380077,20821,19900,1134,21034,239
2021-03-04,Plumas,063,18699,647,634,10,644,4
2021-03-04,Riverside,065,2383286,286759,279871,13509,293380,3766
2021-03-04,Sacramento,067,1510023,95482,93982,1281,95263,1426
2021-03-04,San Benito,069,59416,5772,5781,92,5873,61
2021-03-04,San Bernardino,071,2135413,286975,282407,8609,291016,3757
2021-03-04,San Diego,073,3302833,265803,261858,13053,274911,3359
2021-03-04,San Francisco,075,870044,34468,34480,1102,35582,426
2021-03-04,San Joaquin,077,732212,67481,65931,2827,68758,1129
2021-03-04,San Luis Obispo,079,281455,19886,19520,570,20090,243
2021-03-04,San Mateo,081,765935,39860,39225,413,39638,322
2021-03-04,Santa Barbara,083,443738,32582,32090,1058,33148,423
2021-03-04,Santa Clara,085,1922200,111493,111194,604,111798,1723
2021-03-04,Santa Cruz,087,273765,15523,14669,789,15458,186
2021-03-04,Shasta,089,179085,11027,11050,1258,12308,150
2021-03-04,Sierra,091,2930,51,48,12,60,0
2021-03-04,Siskiyou,093,43540,1522,1427,243,1670,5
2021-03-04,Solano,095,438530,30088,29905,373,30278,168
2021-03-04,Sonoma,097,501317,28348,28379,224,28603,279
2021-03-04,Stanislaus,099,539301,51175,50521,5418,55939,731
2021-03-04,Sutter,101,95872,8897,8849,82,8931,100
2021-03-04,Tehama,103,63373,4630,4604,497,5101,33
2021-03-04,Trinity,105,12862,468,302,80,382,3
2021-03-04,Tulare,107,460477,48579,47398,8220,55618,784
2021-03-04,Tuolumne,109,53932,3852,3916,34,3950,56
2021-03-04,Ventura,111,848112,78505,78184,2810,80994,831
2021-03-04,Yolo,113,214977,13001,12895,222,13117,189
2021-03-04,Yuba,115,75493,5562,5483,89,5572,41
2021-03-03,Alameda,001,1643700,81605,80972,1751,82723,1127
2021-03-03,Alpine,003,1148,82,77,0,77,0
2021-03-03,Amador,005,37829,3493,3478,31,3509,42
2021-03-03,Butte,007,227075,11424,11014,1625,12639,184
2021-03-03,Calaveras,009,45235,1934,1893,11,1904,48
2021-03-03,Colusa,011,21464,1878,1873,267,2140,11
2021-03-03,Contra Costa,013,1133247,63789,62668,1091,63759,708
2021-03-03,Del Norte,015,27424,1036,988,5,993,5
2021-03-03,El Dorado,017,186661,9216,9121,602,9723,97
2021-03-03,Fresno,019,978130,97176,95893,7843,103736,1415
2021-03-03,Glenn,021,27897,2270,2233,500,2733,15
2021-03-03,Humboldt,023,135768,3248,3196,22,3218,30
2021-03-03,Imperial,025,180216,27316,26939,2520,29459,640
2021-03-03,Inyo,027,18085,1323,1294,9,1303,35
2021-03-03,Kern,029,883053,93962,92434,9926,102360,1063
2021-03-03,Kings,031,150075,22401,22009,991,23000,223
2021-03-03,Lake,033,64148,3217,3175,6,3181,40
2021-03-03,Lassen,035,31185,5133,5115,98,5213,1
2021-03-03,Los Angeles,037,10098052,1175404,1157911,39477,1197388,21500
2021-03-03,Madera,039,155013,15772,15553,847,16400,203
2021-03-03,Marin,041,260295,13349,13216,168,13384,214
2021-03-03,Mariposa,043,17540,377,376,5,381,4
2021-03-03,Mendocino,045,87422,3664,3564,72,3636,42
2021-03-03,Merced,047,269075,28711,28625,947,29572,393
2021-03-03,Modoc,049,8938,347,333,116,449,3
2021-03-03,Mono,051,14174,1190,1191,16,1207,3
2021-03-03,Monterey,053,433212,42102,41731,1708,43439,325
2021-03-03,Napa,055,140530,9127,9090,34,9124,72
2021-03-03,Nevada,057,99092,4080,4009,163,4172,66
2021-03-03,Orange,059,3164182,248065,246120,10319,256439,4072
2021-03-03,Placer,061,380077,20795,19851,1131,20982,239
2021-03-03,Plumas,063,18699,646,631,10,641,4
2021-03-03,Riverside,065,2383286,286626,279626,13503,293129,3735
2021-03-03,Sacramento,067,1510023,95321,93819,1273,95092,1419
2021-03-03,San Benito,069,59416,5771,5774,92,5866,61
2021-03-03,San Bernardino,071,2135413,286834,282138,8602,290740,3664
2021-03-03,San Diego,073,3302833,265539,261350,13022,274372,3342
2021-03-03,San Francisco,075,870044,34436,34443,1099,35542,426
2021-03-03,San Joaquin,077,732212,67368,65855,2820,68675,1115
2021-03-03,San Luis Obispo,079,281455,19860,19479,567,20046,241
2021-03-03,San Mateo,081,765935,39814,39189,412,39601,319
2021-03-03,Santa Barbara,083,443738,32544,32027,1058,33085,421
2021-03-03,Santa Clara,085,1922200,111339,110991,602,111593,1720
2021-03-03,Santa Cruz,087,273765,15512,14645,789,15434,185
2021-03-03,Shasta,089,179085,11017,11023,1251,12274,150
2021-03-03,Sierra,091,2930,51,48,12,60,0
2021-03-03,Siskiyou,093,43540,1520,1424,243,1667,5
2021-03-03,Solano,095,438530,30052,29866,372,30238,167
2021-03-03,Sonoma,097,501317,28309,28307,223,28530,279
2021-03-03,Stanislaus,099,539301,51097,50438,5411,55849,730
2021-03-03,Sutter,101,95872,8889,8840,82,8922,99
2021-03-03,Tehama,103,63373,4628,4601,497,5098,32
2021-03-03,Trinity,105,12862,468,302,80,382,3
2021-03-03,Tulare,107,460477,48528,47348,8189,55537,778
2021-03-03,Tuolumne,109,53932,3850,3914,33,3947,56
2021-03-03,Ventura,111,848112,78421,78057,2805,80862,822
2021-03-03,Yolo,113,214977,12988,12890,222,13112,189
2021-03-03,Yuba,115,75493,5549,5479,89,5568,41
2021-03-02,Alameda,001,1643700,81484,80904,1749,82653,1116
2021-03-02,Alpine,003,1148,82,77,0,77,0
2021-03-02,Amador,005,37829,3491,3474,31,3505,42
2021-03-02,Butte,007,227075,11414,11007,1622,12629,182
2021-03-02,Calaveras,009,45235,1926,1890,11,1901,48
2021-03-02,Colusa,011,21464,1878,1872,266,2138,11
2021-03-02,Contra Costa,013,1133247,63678,62557,1087,63644,694
2021-03-02,Del Norte,015,27424,1029,983,5,988,5
2021-03-02,El Dorado,017,186661,9208,9116,602,9718,98
2021-03-02,Fresno,019,978130,97030,95785,7817,103602,1410
2021-03-02,Glenn,021,27897,2264,2232,499,2731,15
2021-03-02,Humboldt,023,135768,3229,3184,22,3206,30
2021-03-02,Imperial,025,180216,27306,26926,2518,29444,637
2021-03-02,Inyo,027,18085,1319,1292,9,1301,35
2021-03-02,Kern,029,883053,93856,92313,9899,102212,1046
2021-03-02,Kings,031,150075,22349,21999,988,22987,217
2021-03-02,Lake,033,64148,3211,3169,6,3175,40
2021-03-02,Lassen,035,31185,5128,5115,97,5212,1
2021-03-02,Los Angeles,037,10098052,1174769,1156826,39431,1196257,21395
2021-03-02,Madera,039,155013,15752,15523,844,16367,194
2021-03-02,Marin,041,260295,13326,13186,167,13353,214
2021-03-02,Mariposa,043,17540,377,376,5,381,4
2021-03-02,Mendocino,045,87422,3661,3562,71,3633,41
2021-03-02,Merced,047,269075,28654,28598,947,29545,389
2021-03-02,Modoc,049,8938,347,332,116,448,3
2021-03-02,Mono,051,14174,1189,1191,16,1207,3
2021-03-02,Monterey,053,433212,42075,41716,1708,43424,325
2021-03-02,Napa,055,140530,9116,9080,34,9114,71
2021-03-02,Nevada,057,99092,4071,3983,162,4145,66
2021-03-02,Orange,059,3164182,247919,246004,10301,256305,4037
2021-03-02,Placer,061,380077,20742,19828,1128,20956,239
2021-03-02,Plumas,063,18699,643,628,10,638,4
2021-03-02,Riverside,065,2383286,286453,279486,13495,292981,3721
2021-03-02,Sacramento,067,1510023,95154,93690,1272,94962,1411
2021-03-02,San Benito,069,59416,5764,5770,92,5862,60
2021-03-02,San Bernardino,071,2135413,286700,281919,8596,290515,3604
2021-03-02,San Diego,073,3302833,265295,260998,13000,273998,3317
2021-03-02,San Francisco,075,870044,34396,34387,1095,35482,424
2021-03-02,San Joaquin,077,732212,67260,65769,2802,68571,1111
2021-03-02,San Luis Obispo,079,281455,19828,19452,567,20019,241
2021-03-02,San Mateo,081,765935,39762,39148,411,39559,317
2021-03-02,Santa Barbara,083,443738,32495,31964,1054,33018,416
2021-03-02,Santa Clara,085,1922200,111160,110832,601,111433,1706
2021-03-02,Santa Cruz,087,273765,15498,14611,787,15398,185
2021-03-02,Shasta,089,179085,11003,11012,1240,12252,149
2021-03-02,Sierra,091,2930,51,48,12,60,0
2021-03-02,Siskiyou,093,43540,1516,1412,241,1653,5
2021-03-02,Solano,095,438530,30019,29827,370,30197,167
2021-03-02,Sonoma,097,501317,28254,28261,223,28484,279
2021-03-02,Stanislaus,099,539301,51010,50359,5399,55758,724
2021-03-02,Sutter,101,95872,8880,8832,82,8914,99
2021-03-02,Tehama,103,63373,4624,4597,496,5093,32
2021-03-02,Trinity,105,12862,468,301,80,381,3
2021-03-02,Tulare,107,460477,48465,47326,8169,55495,783
2021-03-02,Tuolumne,109,53932,3846,3908,33,3941,53
2021-03-02,Ventura,111,848112,78328,77952,2801,80753,780
2021-03-02,Yolo,113,214977,12972,12867,222,13089,189
2021-03-02,Yuba,115,75493,5541,5475,89,5564,41
2021-03-01,Alameda,001,1643700,81357,80805,1747,82552,1105
2021-03-01,Alpine,003,1148,80,77,0,77,0
2021-03-01,Amador,005,37829,3488,3469,31,3500,42
2021-03-01,Butte,007,227075,11399,10981,1617,12598,180
2021-03-01,Calaveras,009,45235,1921,1885,11,1896,46
2021-03-01,Colusa,011,21464,1877,1871,266,2137,11
2021-03-01,Contra Costa,013,1133247,63568,62458,1086,63544,694
2021-03-01,Del Norte,015,27424,1024,982,5,987,5
2021-03-01,El Dorado,017,186661,9184,9085,602,9687,98
2021-03-01,Fresno,019,978130,96892,95677,7794,103471,1405
2021-03-01,Glenn,021,27897,2259,2232,498,2730,15
2021-03-01,Humboldt,023,135768,3210,3179,22,3201,30
2021-03-01,Imperial,025,180216,27296,26913,2510,29423,636
2021-03-01,Inyo,027,18085,1316,1285,9,1294,35
2021-03-01,Kern,029,883053,93767,92219,9873,102092,1041
2021-03-01,Kings,031,150075,22332,21988,982,22970,217
2021-03-01,Lake,033,64148,3206,3164,6,3170,40
2021-03-01,Lassen,035,31185,5126,5111,97,5208,1
2021-03-01,Los Angeles,037,10098052,1174111,1155984,39389,1195373,21293
2021-03-01,Madera,039,155013,15723,15505,833,16338,194
2021-03-01,Marin,041,260295,13298,13161,166,13327,214
2021-03-01,Mariposa,043,17540,377,375,5,380,4
2021-03-01,Mendocino,045,87422,3654,3561,71,3632,41
2021-03-01,Merced,047,269075,28609,28575,943,29518,385
2021-03-01,Modoc,049,8938,344,331,115,446,3
2021-03-01,Mono,051,14174,1188,1192,16,1208,3
2021-03-01,Monterey,053,433212,42050,41697,1706,43403,324
2021-03-01,Napa,055,140530,9107,9056,34,9090,70
2021-03-01,Nevada,057,99092,4052,3979,162,4141,66
2021-03-01,Orange,059,3164182,247724,245852,10286,256138,3976
2021-03-01,Placer,061,380077,20703,19803,1125,20928,239
2021-03-01,Plumas,063,18699,643,628,10,638,4
2021-03-01,Riverside,065,2383286,286236,279323,13488,292811,3680
2021-03-01,Sacramento,067,1510023,95009,93546,1270,94816,1401
2021-03-01,San Benito,069,59416,5759,5772,92,5864,57
2021-03-01,San Bernardino,071,2135413,286557,281685,8592,290277,3603
2021-03-01,San Diego,073,3302833,264977,260622,12967,273589,3303
2021-03-01,San Francisco,075,870044,34352,34318,1087,35405,424
2021-03-01,San Joaquin,077,732212,67151,65699,2791,68490,1097
2021-03-01,San Luis Obispo,079,281455,19806,19429,565,19994,239
2021-03-01,San Mateo,081,765935,39710,39096,410,39506,314
2021-03-01,Santa Barbara,083,443738,32452,31909,1053,32962,413
2021-03-01,Santa Clara,085,1922200,111001,110684,598,111282,1704
2021-03-01,Santa Cruz,087,273765,15479,14575,786,15361,185
2021-03-01,Shasta,089,179085,10991,10990,1237,12227,149
2021-03-01,Sierra,091,2930,51,48,12,60,0
2021-03-01,Siskiyou,093,43540,1512,1408,239,1647,5
2021-03-01,Solano,095,438530,29976,29779,369,30148,166
2021-03-01,Sonoma,097,501317,28206,28222,221,28443,278
2021-03-01,Stanislaus,099,539301,50934,50293,5393,55686,722
2021-03-01,Sutter,101,95872,8869,8825,82,8907,99
2021-03-01,Tehama,103,63373,4618,4595,496,5091,32
2021-03-01,Trinity,105,12862,468,298,79,377,3
2021-03-01,Tulare,107,460477,48427,47275,8136,55411,781
2021-03-01,Tuolumne,109,53932,3843,3907,33,3940,53
2021-03-01,Ventura,111,848112,78247,77849,2799,80648,775
2021-03-01,Yolo,113,214977,12955,12854,220,13074,188
2021-03-01,Yuba,115,75493,5529,5466,89,5555,41
2021-02-28,Alameda,001,1643700,81236,80727,1745,82472,1105
2021-02-28,Alpine,003,1148,80,77,0,77,0
2021-02-28,Amador,005,37829,3483,3466,30,3496,42
2021-02-28,Butte,007,227075,11384,10970,1617,12587,180
2021-02-28,Calaveras,009,45235,1917,1881,11,1892,46
2021-02-28,Colusa,011,21464,1877,1871,265,2136,11
2021-02-28,Contra Costa,013,1133247,63441,62386,1081,63467,694
2021-02-28,Del Norte,015,27424,1022,981,5,986,5
2021-02-28,El Dorado,017,186661,9173,9082,602,9684,98
2021-02-28,Fresno,019,978130,96710,95548,7760,103308,1405
2021-02-28,Glenn,021,27897,2257,2230,496,2726,15
2021-02-28,Humboldt,023,135768,3187,3179,22,3201,30
2021-02-28,Imperial,025,180216,27270,26909,2506,29415,636
2021-02-28,Inyo,027,18085,1311,1282,9,1291,35
2021-02-28,Kern,029,883053,93652,92169,9852,102021,1012
2021-02-28,Kings,031,150075,22311,21967,981,22948,217
2021-02-28,Lake,033,64148,3201,3164,6,3170,40
2021-02-28,Lassen,035,31185,5125,5106,97,5203,1
2021-02-28,Los Angeles,037,10098052,1173324,1155141,39327,1194468,21261
2021-02-28,Madera,039,155013,15681,15496,830,16326,199
2021-02-28,Marin,041,260295,13275,13152,164,13316,214
2021-02-28,Mariposa,043,17540,377,374,5,379,4
2021-02-28,Mendocino,045,87422,3648,3558,71,3629,41
2021-02-28,Merced,047,269075,28546,28546,942,29488,384
2021-02-28,Modoc,049,8938,344,331,115,446,3
2021-02-28,Mono,051,14174,1185,1192,16,1208,3
2021-02-28,Monterey,053,433212,42018,41683,1704,43387,323
2021-02-28,Napa,055,140530,9088,9053,34,9087,70
2021-02-28,Nevada,057,99092,4039,3972,162,4134,66
2021-02-28,Orange,059,3164182,247526,245706,10279,255985,3970
2021-02-28,Placer,061,380077,20657,19775,1123,20898,239
2021-02-28,Plumas,063,18699,643,628,10,638,4
2021-02-28,Riverside,065,2383286,286003,279214,13477,292691,3661
2021-02-28,Sacramento,067,1510023,94825,93463,1265,94728,1398
2021-02-28,San Benito,069,59416,5748,5772,92,5864,57
2021-02-28,San Bernardino,071,2135413,286416,281620,8580,290200,3595
2021-02-28,San Diego,073,3302833,264680,260353,12933,273286,3303
2021-02-28,San Francisco,075,870044,34310,34291,1081,35372,417
2021-02-28,San Joaquin,077,732212,67043,65662,2782,68444,1097
2021-02-28,San Luis Obispo,079,281455,19770,19422,563,19985,237
2021-02-28,San Mateo,081,765935,39657,39059,409,39468,314
2021-02-28,Santa Barbara,083,443738,32399,31877,1053,32930,413
2021-02-28,Santa Clara,085,1922200,110802,110556,595,111151,1704
2021-02-28,Santa Cruz,087,273765,15450,14571,783,15354,185
2021-02-28,Shasta,089,179085,10970,10990,1233,12223,149
2021-02-28,Sierra,091,2930,51,48,12,60,0
2021-02-28,Siskiyou,093,43540,1504,1408,239,1647,5
2021-02-28,Solano,095,438530,29921,29758,363,30121,166
2021-02-28,Sonoma,097,501317,28143,28193,220,28413,279
2021-02-28,Stanislaus,099,539301,50844,50228,5380,55608,728
2021-02-28,Sutter,101,95872,8854,8825,82,8907,99
2021-02-28,Tehama,103,63373,4612,4590,496,5086,32
2021-02-28,Trinity,105,12862,468,298,79,377,3
2021-02-28,Tulare,107,460477,48365,47258,8105,55363,780
2021-02-28,Tuolumne,109,53932,3838,3905,33,3938,53
2021-02-28,Ventura,111,848112,78135,77749,2796,80545,775
2021-02-28,Yolo,113,214977,12932,12851,220,13071,188
2021-02-28,Yuba,115,75493,5519,5461,89,5550,41
2021-02-27,Alameda,001,1643700,81164,80565,1743,82308,1108
2021-02-27,Alpine,003,1148,80,77,0,77,0
2021-02-27,Amador,005,37829,3481,3463,30,3493,42
2021-02-27,Butte,007,227075,11372,10962,1617,12579,180
2021-02-27,Calaveras,009,45235,1912,1875,11,1886,46
2021-02-27,Colusa,011,21464,1876,1869,265,2134,11
2021-02-27,Contra Costa,013,1133247,63371,62248,1078,63326,693
2021-02-27,Del Norte,015,27424,1020,978,5,983,5
2021-02-27,El Dorado,017,186661,9169,9072,602,9674,98
2021-02-27,Fresno,019,978130,96633,95393,7749,103142,1400
2021-02-27,Glenn,021,27897,2256,2225,495,2720,15
2021-02-27,Humboldt,023,135768,3181,3167,22,3189,30
2021-02-27,Imperial,025,180216,27262,26903,2504,29407,633
2021-02-27,Inyo,027,18085,1308,1275,9,1284,35
2021-02-27,Kern,029,883053,93591,92053,9837,101890,996
2021-02-27,Kings,031,150075,22301,21955,978,22933,216
2021-02-27,Lake,033,64148,3198,3156,6,3162,40
2021-02-27,Lassen,035,31185,5125,5106,97,5203,1
2021-02-27,Los Angeles,037,10098052,1172826,1154275,39300,1193575,21158
2021-02-27,Madera,039,155013,15664,15467,829,16296,199
2021-02-27,Marin,041,260295,13251,13134,164,13298,214
2021-02-27,Mariposa,043,17540,377,374,5,379,4
2021-02-27,Mendocino,045,87422,3645,3555,71,3626,41
2021-02-27,Merced,047,269075,28504,28501,934,29435,384
2021-02-27,Modoc,049,8938,344,331,114,445,3
2021-02-27,Mono,051,14174,1183,1191,16,1207,3
2021-02-27,Monterey,053,433212,42009,41665,1703,43368,322
2021-02-27,Napa,055,140530,9077,9038,34,9072,71
2021-02-27,Nevada,057,99092,4033,3960,162,4122,66
2021-02-27,Orange,059,3164182,247399,245542,10268,255810,3960
2021-02-27,Placer,061,380077,20621,19726,1120,20846,239
2021-02-27,Plumas,063,18699,643,628,10,638,4
2021-02-27,Riverside,065,2383286,285893,279048,13467,292515,3663
2021-02-27,Sacramento,067,1510023,94742,93281,1255,94536,1396
2021-02-27,San Benito,069,59416,5747,5767,91,5858,57
2021-02-27,San Bernardino,071,2135413,286337,281471,8573,290044,3527
2021-02-27,San Diego,073,3302833,264490,260091,12895,272986,3284
2021-02-27,San Francisco,075,870044,34276,34260,1078,35338,413
2021-02-27,San Joaquin,077,732212,66997,65578,2780,68358,1100
2021-02-27,San Luis Obispo,079,281455,19749,19411,562,19973,237
2021-02-27,San Mateo,081,765935,39616,38998,408,39406,313
2021-02-27,Santa Barbara,083,443738,32365,31805,1052,32857,411
2021-02-27,Santa Clara,085,1922200,110654,110361,593,110954,1703
2021-02-27,Santa Cruz,087,273765,15441,14552,782,15334,185
2021-02-27,Shasta,089,179085,10964,10985,1229,12214,149
2021-02-27,Sierra,091,2930,51,48,12,60,0
2021-02-27,Siskiyou,093,43540,1502,1407,238,1645,5
2021-02-27,Solano,095,438530,29893,29718,362,30080,165
2021-02-27,Sonoma,097,501317,28099,28141,214,28355,281
2021-02-27,Stanislaus,099,539301,50789,50147,5370,55517,733
2021-02-27,Sutter,101,95872,8849,8820,82,8902,99
2021-02-27,Tehama,103,63373,4608,4584,495,5079,32
2021-02-27,Trinity,105,12862,468,298,79,377,3
2021-02-27,Tulare,107,460477,48328,47209,8079,55288,770
2021-02-27,Tuolumne,109,53932,3835,3899,33,3932,53
2021-02-27,Ventura,111,848112,78062,77623,2793,80416,771
2021-02-27,Yolo,113,214977,12920,12834,220,13054,188
2021-02-27,Yuba,115,75493,5516,5450,89,5539,39
2021-02-26,Alameda,001,1643700,81069,80387,1738,82125,1106
2021-02-26,Alpine,003,1148,80,77,0,77,0
2021-02-26,Amador,005,37829,3475,3457,30,3487,42
2021-02-26,Butte,007,227075,11362,10941,1617,12558,180
2021-02-26,Calaveras,009,45235,1910,1873,11,1884,46
2021-02-26,Colusa,011,21464,1876,1865,265,2130,11
2021-02-26,Contra Costa,013,1133247,63288,62114,1078,63192,685
2021-02-26,Del Norte,015,27424,1016,968,5,973,5
2021-02-26,El Dorado,017,186661,9164,9038,600,9638,98
2021-02-26,Fresno,019,978130,96531,95202,7741,102943,1391
2021-02-26,Glenn,021,27897,2253,2220,495,2715,15
2021-02-26,Humboldt,023,135768,3175,3152,22,3174,30
2021-02-26,Imperial,025,180216,27255,26888,2502,29390,631
2021-02-26,Inyo,027,18085,1306,1271,9,1280,34
2021-02-26,Kern,029,883053,93512,91884,9821,101705,997
2021-02-26,Kings,031,150075,22285,21917,975,22892,216
2021-02-26,Lake,033,64148,3193,3153,6,3159,40
2021-02-26,Lassen,035,31185,5125,5102,97,5199,1
2021-02-26,Los Angeles,037,10098052,1172249,1153131,39237,1192368,21070
2021-02-26,Madera,039,155013,15648,15436,827,16263,199
2021-02-26,Marin,041,260295,13238,13091,164,13255,214
2021-02-26,Mariposa,043,17540,377,375,5,380,4
2021-02-26,Mendocino,045,87422,3640,3549,71,3620,41
2021-02-26,Merced,047,269075,28470,28455,933,29388,382
2021-02-26,Modoc,049,8938,343,330,114,444,3
2021-02-26,Mono,051,14174,1181,1191,16,1207,3
2021-02-26,Monterey,053,433212,41983,41607,1702,43309,322
2021-02-26,Napa,055,140530,9071,9014,34,9048,70
2021-02-26,Nevada,057,99092,4022,3952,162,4114,66
2021-02-26,Orange,059,3164182,247260,245278,10258,255536,3918
2021-02-26,Placer,061,380077,20595,19712,1114,20826,239
2021-02-26,Plumas,063,18699,643,628,10,638,4
2021-02-26,Riverside,065,2383286,285749,278772,13461,292233,3653
2021-02-26,Sacramento,067,1510023,94619,93180,1252,94432,1390
2021-02-26,San Benito,069,59416,5746,5759,91,5850,57
2021-02-26,San Bernardino,071,2135413,286237,281132,8571,289703,3461
2021-02-26,San Diego,073,3302833,264262,259641,12874,272515,3271
2021-02-26,San Francisco,075,870044,34246,34213,1074,35287,413
2021-02-26,San Joaquin,077,732212,66916,65492,2774,68266,1070
2021-02-26,San Luis Obispo,079,281455,19733,19359,560,19919,234
2021-02-26,San Mateo,081,765935,39570,38922,408,39330,313
2021-02-26,Santa Barbara,083,443738,32321,31724,1051,32775,410
2021-02-26,Santa Clara,085,1922200,110522,110168,591,110759,1700
2021-02-26,Santa Cruz,087,273765,15429,14528,781,15309,185
2021-02-26,Shasta,089,179085,10957,10972,1220,12192,149
2021-02-26,Sierra,091,2930,51,47,12,59,0
2021-02-26,Siskiyou,093,43540,1502,1401,237,1638,5
2021-02-26,Solano,095,438530,29859,29651,361,30012,165
2021-02-26,Sonoma,097,501317,28070,28063,213,28276,280
2021-02-26,Stanislaus,099,539301,50733,50054,5362,55416,737
2021-02-26,Sutter,101,95872,8840,8806,82,8888,99
2021-02-26,Tehama,103,63373,4606,4581,495,5076,32
2021-02-26,Trinity,105,12862,467,298,79,377,3
2021-02-26,Tulare,107,460477,48293,47135,8048,55183,770
2021-02-26,Tuolumne,109,53932,3834,3896,33,3929,53
2021-02-26,Ventura,111,848112,77962,77534,2789,80323,765
2021-02-26,Yolo,113,214977,12913,12816,220,13036,188
2021-02-26,Yuba,115,75493,5511,5438,89,5527,39
2021-02-25,Alameda,001,1643700,80947,80181,1737,81918,1093
2021-02-25,Alpine,003,1148,80,77,0,77,0
2021-02-25,Amador,005,37829,3472,3448,30,3478,41
2021-02-25,Butte,007,227075,11341,10922,1612,12534,178
2021-02-25,Calaveras,009,45235,1902,1868,11,1879,46
2021-02-25,Colusa,011,21464,1873,1863,264,2127,11
2021-02-25,Contra Costa,013,1133247,63186,61910,1078,62988,686
2021-02-25,Del Norte,015,27424,1006,966,5,971,5
2021-02-25,El Dorado,017,186661,9148,9012,600,9612,98
2021-02-25,Fresno,019,978130,96387,95015,7718,102733,1377
2021-02-25,Glenn,021,27897,2250,2219,494,2713,15
2021-02-25,Humboldt,023,135768,3168,3129,22,3151,30
2021-02-25,Imperial,025,180216,27248,26855,2498,29353,628
2021-02-25,Inyo,027,18085,1300,1264,9,1273,33
2021-02-25,Kern,029,883053,93396,91735,9796,101531,992
2021-02-25,Kings,031,150075,22276,21900,972,22872,216
2021-02-25,Lake,033,64148,3184,3141,6,3147,40
2021-02-25,Lassen,035,31185,5124,5097,96,5193,1
2021-02-25,Los Angeles,037,10098052,1171505,1151846,39179,1191025,20931
2021-02-25,Madera,039,155013,15613,15414,823,16237,194
2021-02-25,Marin,041,260295,13215,13067,164,13231,214
2021-02-25,Mariposa,043,17540,377,375,5,380,4
2021-02-25,Mendocino,045,87422,3635,3542,71,3613,41
2021-02-25,Merced,047,269075,28421,28383,931,29314,382
2021-02-25,Modoc,049,8938,343,329,114,443,3
2021-02-25,Mono,051,14174,1180,1190,16,1206,3
2021-02-25,Monterey,053,433212,41958,41564,1697,43261,321
2021-02-25,Napa,055,140530,9045,8998,34,9032,70
2021-02-25,Nevada,057,99092,4005,3940,161,4101,66
2021-02-25,Orange,059,3164182,247087,245000,10248,255248,3882
2021-02-25,Placer,061,380077,20556,19661,1112,20773,239
2021-02-25,Plumas,063,18699,643,626,10,636,4
2021-02-25,Riverside,065,2383286,285561,278544,13440,291984,3646
2021-02-25,Sacramento,067,1510023,94461,92961,1240,94201,1386
2021-02-25,San Benito,069,59416,5741,5752,91,5843,58
2021-02-25,San Bernardino,071,2135413,286102,280946,8563,289509,3409
2021-02-25,San Diego,073,3302833,263968,258979,12844,271823,3260
2021-02-25,San Francisco,075,870044,34203,34138,1071,35209,408
2021-02-25,San Joaquin,077,732212,66832,65389,2762,68151,1047
2021-02-25,San Luis Obispo,079,281455,19712,19335,558,19893,234
2021-02-25,San Mateo,081,765935,39523,38872,408,39280,300
2021-02-25,Santa Barbara,083,443738,32244,31631,1050,32681,408
2021-02-25,Santa Clara,085,1922200,110357,109923,590,110513,1677
2021-02-25,Santa Cruz,087,273765,15410,14492,780,15272,185
2021-02-25,Shasta,089,179085,10945,10947,1215,12162,148
2021-02-25,Sierra,091,2930,51,47,12,59,0
2021-02-25,Siskiyou,093,43540,1497,1390,234,1624,4
2021-02-25,Solano,095,438530,29827,29616,361,29977,161
2021-02-25,Sonoma,097,501317,28016,28004,210,28214,278
2021-02-25,Stanislaus,099,539301,50642,49964,5352,55316,738
2021-02-25,Sutter,101,95872,8826,8789,81,8870,99
2021-02-25,Tehama,103,63373,4603,4578,493,5071,32
2021-02-25,Trinity,105,12862,467,297,79,376,3
2021-02-25,Tulare,107,460477,48243,47052,8022,55074,765
2021-02-25,Tuolumne,109,53932,3831,3894,33,3927,53
2021-02-25,Ventura,111,848112,77854,77395,2783,80178,751
2021-02-25,Yolo,113,214977,12896,12787,220,13007,188
2021-02-25,Yuba,115,75493,5504,5429,89,5518,39
2021-02-24,Alameda,001,1643700,80826,80070,1733,81803,1082
2021-02-24,Alpine,003,1148,79,77,0,77,0
2021-02-24,Amador,005,37829,3467,3444,30,3474,41
2021-02-24,Butte,007,227075,11328,10915,1608,12523,178
2021-02-24,Calaveras,009,45235,1898,1864,11,1875,31
2021-02-24,Colusa,011,21464,1871,1863,264,2127,11
2021-02-24,Contra Costa,013,1133247,63078,61776,1078,62854,663
2021-02-24,Del Norte,015,27424,1005,960,4,964,5
2021-02-24,El Dorado,017,186661,9136,8993,600,9593,98
2021-02-24,Fresno,019,978130,96239,94794,7702,102496,1369
2021-02-24,Glenn,021,27897,2249,2210,494,2704,14
2021-02-24,Humboldt,023,135768,3156,3123,22,3145,29
2021-02-24,Imperial,025,180216,27235,26843,2493,29336,596
2021-02-24,Inyo,027,18085,1295,1253,9,1262,32
2021-02-24,Kern,029,883053,93263,91525,9780,101305,992
2021-02-24,Kings,031,150075,22251,21871,970,22841,216
2021-02-24,Lake,033,64148,3177,3134,6,3140,40
2021-02-24,Lassen,035,31185,5120,5095,95,5190,1
2021-02-24,Los Angeles,037,10098052,1170743,1150322,39135,1189457,20817
2021-02-24,Madera,039,155013,15586,15390,823,16213,194
2021-02-24,Marin,041,260295,13192,13044,163,13207,214
2021-02-24,Mariposa,043,17540,377,374,5,379,4
2021-02-24,Mendocino,045,87422,3628,3540,71,3611,41
2021-02-24,Merced,047,269075,28383,28295,926,29221,383
2021-02-24,Modoc,049,8938,342,329,114,443,3
2021-02-24,Mono,051,14174,1178,1189,16,1205,3
2021-02-24,Monterey,053,433212,41933,41495,1695,43190,320
2021-02-24,Napa,055,140530,9028,8976,33,9009,70
2021-02-24,Nevada,057,99092,3995,3927,161,4088,66
2021-02-24,Orange,059,3164182,246870,244743,10235,254978,3835
2021-02-24,Placer,061,380077,20517,19648,1106,20754,239
2021-02-24,Plumas,063,18699,641,626,10,636,4
2021-02-24,Riverside,065,2383286,285333,278293,13431,291724,3603
2021-02-24,Sacramento,067,1510023,94307,92742,1235,93977,1375
2021-02-24,San Benito,069,59416,5740,5743,91,5834,57
2021-02-24,San Bernardino,071,2135413,285950,280583,8559,289142,3360
2021-02-24,San Diego,073,3302833,263673,258460,12828,271288,3230
2021-02-24,San Francisco,075,870044,34157,34061,1068,35129,406
2021-02-24,San Joaquin,077,732212,66722,65274,2760,68034,1019
2021-02-24,San Luis Obispo,079,281455,19689,19309,556,19865,233
2021-02-24,San Mateo,081,765935,39486,38763,408,39171,300
2021-02-24,Santa Barbara,083,443738,32192,31563,1047,32610,405
2021-02-24,Santa Clara,085,1922200,110209,109671,589,110260,1674
2021-02-24,Santa Cruz,087,273765,15389,14458,780,15238,185
2021-02-24,Shasta,089,179085,10931,10922,1212,12134,148
2021-02-24,Sierra,091,2930,51,47,12,59,0
2021-02-24,Siskiyou,093,43540,1490,1385,230,1615,4
2021-02-24,Solano,095,438530,29787,29577,359,29936,158
2021-02-24,Sonoma,097,501317,27952,27954,206,28160,278
2021-02-24,Stanislaus,099,539301,50571,49851,5344,55195,732
2021-02-24,Sutter,101,95872,8816,8778,81,8859,99
2021-02-24,Tehama,103,63373,4601,4566,493,5059,31
2021-02-24,Trinity,105,12862,467,294,78,372,3
2021-02-24,Tulare,107,460477,48187,46976,7994,54970,759
2021-02-24,Tuolumne,109,53932,3828,3887,33,3920,53
2021-02-24,Ventura,111,848112,77746,77238,2782,80020,718
2021-02-24,Yolo,113,214977,12883,12760,216,12976,188
2021-02-24,Yuba,115,75493,5493,5425,87,5512,39
2021-02-23,Alameda,001,1643700,80688,79948,1731,81679,1070
2021-02-23,Alpine,003,1148,78,77,0,77,0
2021-02-23,Amador,005,37829,3465,3440,30,3470,41
2021-02-23,Butte,007,227075,11312,10887,1605,12492,176
2021-02-23,Calaveras,009,45235,1897,1863,11,1874,21
2021-02-23,Colusa,011,21464,1868,1862,264,2126,11
2021-02-23,Contra Costa,013,1133247,62944,61613,1075,62688,661
2021-02-23,Del Norte,015,27424,1003,953,4,957,3
2021-02-23,El Dorado,017,186661,9123,8969,600,9569,96
2021-02-23,Fresno,019,978130,96078,94741,7688,102429,1356
2021-02-23,Glenn,021,27897,2247,2209,494,2703,14
2021-02-23,Humboldt,023,135768,3139,3108,22,3130,29
2021-02-23,Imperial,025,180216,27215,26816,2488,29304,591
2021-02-23,Inyo,027,18085,1291,1250,9,1259,32
2021-02-23,Kern,029,883053,93124,91390,9751,101141,982
2021-02-23,Kings,031,150075,22236,21839,966,22805,216
2021-02-23,Lake,033,64148,3169,3121,6,3127,40
2021-02-23,Lassen,035,31185,5117,5092,95,5187,1
2021-02-23,Los Angeles,037,10098052,1169873,1148965,39081,1188046,19887
2021-02-23,Madera,039,155013,15572,15352,817,16169,193
2021-02-23,Marin,041,260295,13172,13015,162,13177,214
2021-02-23,Mariposa,043,17540,377,374,5,379,4
2021-02-23,Mendocino,045,87422,3626,3540,70,3610,41
2021-02-23,Merced,047,269075,28303,28209,919,29128,381
2021-02-23,Modoc,049,8938,341,328,113,441,3
2021-02-23,Mono,051,14174,1178,1189,16,1205,3
2021-02-23,Monterey,053,433212,41893,41439,1690,43129,317
2021-02-23,Napa,055,140530,9016,8967,33,9000,70
2021-02-23,Nevada,057,99092,3987,3912,161,4073,66
2021-02-23,Orange,059,3164182,246672,244566,10216,254782,3843
2021-02-23,Placer,061,380077,20492,19608,1102,20710,238
2021-02-23,Plumas,063,18699,640,626,10,636,4
2021-02-23,Riverside,065,2383286,285096,278075,13416,291491,3599
2021-02-23,Sacramento,067,1510023,94150,92632,1229,93861,1370
2021-02-23,San Benito,069,59416,5734,5731,90,5821,57
2021-02-23,San Bernardino,071,2135413,285760,280279,8554,288833,3283
2021-02-23,San Diego,073,3302833,263296,257802,12798,270600,3218
2021-02-23,San Francisco,075,870044,34109,33994,1067,35061,405
2021-02-23,San Joaquin,077,732212,66622,65141,2753,67894,1004
2021-02-23,San Luis Obispo,079,281455,19660,19233,555,19788,230
2021-02-23,San Mateo,081,765935,39425,38662,408,39070,299
2021-02-23,Santa Barbara,083,443738,32137,31483,1045,32528,402
2021-02-23,Santa Clara,085,1922200,110012,109449,586,110035,1661
2021-02-23,Santa Cruz,087,273765,15360,14435,778,15213,178
2021-02-23,Shasta,089,179085,10919,10903,1208,12111,146
2021-02-23,Sierra,091,2930,51,47,12,59,0
2021-02-23,Siskiyou,093,43540,1485,1380,228,1608,4
2021-02-23,Solano,095,438530,29747,29545,356,29901,154
2021-02-23,Sonoma,097,501317,27909,27882,203,28085,278
2021-02-23,Stanislaus,099,539301,50493,49749,5328,55077,722
2021-02-23,Sutter,101,95872,8803,8766,81,8847,98
2021-02-23,Tehama,103,63373,4595,4556,492,5048,30
2021-02-23,Trinity,105,12862,467,292,77,369,3
2021-02-23,Tulare,107,460477,48109,46937,7960,54897,757
2021-02-23,Tuolumne,109,53932,3824,3864,33,3897,53
2021-02-23,Ventura,111,848112,77630,77093,2773,79866,689
2021-02-23,Yolo,113,214977,12854,12729,216,12945,188
2021-02-23,Yuba,115,75493,5480,5417,86,5503,38
2021-02-22,Alameda,001,1643700,80537,79796,1727,81523,1062
2021-02-22,Alpine,003,1148,78,77,0,77,0
2021-02-22,Amador,005,37829,3460,3438,30,3468,39
2021-02-22,Butte,007,227075,11299,10855,1600,12455,176
2021-02-22,Calaveras,009,45235,1895,1862,11,1873,21
2021-02-22,Colusa,011,21464,1868,1860,264,2124,11
2021-02-22,Contra Costa,013,1133247,62815,61478,1074,62552,661
2021-02-22,Del Norte,015,27424,1002,948,4,952,3
2021-02-22,El Dorado,017,186661,9106,8940,600,9540,96
2021-02-22,Fresno,019,978130,95916,94584,7671,102255,1351
2021-02-22,Glenn,021,27897,2242,2207,492,2699,14
2021-02-22,Humboldt,023,135768,3127,3095,22,3117,29
2021-02-22,Imperial,025,180216,27193,26778,2481,29259,590
2021-02-22,Inyo,027,18085,1286,1248,9,1257,32
2021-02-22,Kern,029,883053,93007,91201,9729,100930,982
2021-02-22,Kings,031,150075,22213,21801,963,22764,214
2021-02-22,Lake,033,64148,3163,3107,6,3113,40
2021-02-22,Lassen,035,31185,5117,5088,94,5182,1
2021-02-22,Los Angeles,037,10098052,1169001,1147541,39024,1186565,19730
2021-02-22,Madera,039,155013,15547,15325,813,16138,193
2021-02-22,Marin,041,260295,13147,12991,159,13150,213
2021-02-22,Mariposa,043,17540,376,374,5,379,4
2021-02-22,Mendocino,045,87422,3620,3535,70,3605,41
2021-02-22,Merced,047,269075,28240,28166,916,29082,379
2021-02-22,Modoc,049,8938,341,329,113,442,3
2021-02-22,Mono,051,14174,1174,1189,16,1205,3
2021-02-22,Monterey,053,433212,41848,41397,1684,43081,311
2021-02-22,Napa,055,140530,8989,8950,33,8983,69
2021-02-22,Nevada,057,99092,3978,3900,159,4059,66
2021-02-22,Orange,059,3164182,246436,244118,10198,254316,3843
2021-02-22,Placer,061,380077,20455,19587,1094,20681,238
2021-02-22,Plumas,063,18699,640,625,10,635,4
2021-02-22,Riverside,065,2383286,284833,277730,13408,291138,3567
2021-02-22,Sacramento,067,1510023,93983,92476,1218,93694,1359
2021-02-22,San Benito,069,59416,5732,5723,90,5813,57
2021-02-22,San Bernardino,071,2135413,285580,279984,8541,288525,3259
2021-02-22,San Diego,073,3302833,262886,257348,12765,270113,3189
2021-02-22,San Francisco,075,870044,34049,33947,1062,35009,405
2021-02-22,San Joaquin,077,732212,66526,65060,2740,67800,1001
2021-02-22,San Luis Obispo,079,281455,19623,19198,553,19751,229
2021-02-22,San Mateo,081,765935,39368,38542,405,38947,282
2021-02-22,Santa Barbara,083,443738,32071,31421,1042,32463,399
2021-02-22,Santa Clara,085,1922200,109803,109213,575,109788,1655
2021-02-22,Santa Cruz,087,273765,15334,14417,778,15195,176
2021-02-22,Shasta,089,179085,10904,10872,1203,12075,145
2021-02-22,Sierra,091,2930,51,47,12,59,0
2021-02-22,Siskiyou,093,43540,1479,1373,227,1600,4
2021-02-22,Solano,095,438530,29708,29508,355,29863,150
2021-02-22,Sonoma,097,501317,27864,27845,202,28047,278
2021-02-22,Stanislaus,099,539301,50392,49630,5310,54940,722
2021-02-22,Sutter,101,95872,8795,8698,81,8779,98
2021-02-22,Tehama,103,63373,4591,4550,491,5041,30
2021-02-22,Trinity,105,12862,467,287,76,363,3
2021-02-22,Tulare,107,460477,48047,46879,7928,54807,751
2021-02-22,Tuolumne,109,53932,3820,3856,33,3889,53
2021-02-22,Ventura,111,848112,77502,76947,2768,79715,677
2021-02-22,Yolo,113,214977,12827,12689,216,12905,183
2021-02-22,Yuba,115,75493,5477,5404,85,5489,38
2021-02-21,Alameda,001,1643700,80345,79649,1722,81371,1061
2021-02-21,Alpine,003,1148,78,77,0,77,0
2021-02-21,Amador,005,37829,3452,3435,30,3465,39
2021-02-21,Butte,007,227075,11281,10855,1598,12453,176
2021-02-21,Calaveras,009,45235,1894,1860,11,1871,21
2021-02-21,Colusa,011,21464,1867,1860,260,2120,11
2021-02-21,Contra Costa,013,1133247,62659,61364,1071,62435,661
2021-02-21,Del Norte,015,27424,996,942,4,946,3
2021-02-21,El Dorado,017,186661,9088,8927,599,9526,96
2021-02-21,Fresno,019,978130,95774,94374,7654,102028,1349
2021-02-21,Glenn,021,27897,2240,2201,490,2691,14
2021-02-21,Humboldt,023,135768,3115,3096,22,3118,29
2021-02-21,Imperial,025,180216,27179,26779,2479,29258,590
2021-02-21,Inyo,027,18085,1280,1232,9,1241,32
2021-02-21,Kern,029,883053,92882,91141,9691,100832,980
2021-02-21,Kings,031,150075,22177,21784,961,22745,213
2021-02-21,Lake,033,64148,3155,3100,6,3106,40
2021-02-21,Lassen,035,31185,5109,5077,94,5171,1
2021-02-21,Los Angeles,037,10098052,1167965,1146756,38976,1185732,19711
2021-02-21,Madera,039,155013,15514,15298,810,16108,192
2021-02-21,Marin,041,260295,13118,12968,159,13127,212
2021-02-21,Mariposa,043,17540,376,373,5,378,4
2021-02-21,Mendocino,045,87422,3615,3535,70,3605,41
2021-02-21,Merced,047,269075,28166,28106,900,29006,379
2021-02-21,Modoc,049,8938,338,329,113,442,3
2021-02-21,Mono,051,14174,1174,1189,16,1205,3
2021-02-21,Monterey,053,433212,41792,41373,1677,43050,309
2021-02-21,Napa,055,140530,8975,8929,33,8962,69
2021-02-21,Nevada,057,99092,3965,3895,159,4054,66
2021-02-21,Orange,059,3164182,246139,243985,10181,254166,3801
2021-02-21,Placer,061,380077,20419,19553,1090,20643,238
2021-02-21,Plumas,063,18699,640,625,10,635,4
2021-02-21,Riverside,065,2383286,284599,277555,13395,290950,3564
2021-02-21,Sacramento,067,1510023,93773,92288,1205,93493,1354
2021-02-21,San Benito,069,59416,5722,5716,87,5803,57
2021-02-21,San Bernardino,071,2135413,285355,279870,8527,288397,3247
2021-02-21,San Diego,073,3302833,262452,257027,12719,269746,3190
2021-02-21,San Francisco,075,870044,33985,33891,1058,34949,405
2021-02-21,San Joaquin,077,732212,66386,64997,2728,67725,1001
2021-02-21,San Luis Obispo,079,281455,19590,19178,551,19729,229
2021-02-21,San Mateo,081,765935,39306,38448,401,38849,282
2021-02-21,Santa Barbara,083,443738,32009,31374,1039,32413,399
2021-02-21,Santa Clara,085,1922200,109577,108992,566,109558,1654
2021-02-21,Santa Cruz,087,273765,15311,14401,777,15178,176
2021-02-21,Shasta,089,179085,10890,10867,1198,12065,145
2021-02-21,Sierra,091,2930,51,47,12,59,0
2021-02-21,Siskiyou,093,43540,1473,1371,227,1598,4
2021-02-21,Solano,095,438530,29653,29471,354,29825,150
2021-02-21,Sonoma,097,501317,27800,27793,195,27988,278
2021-02-21,Stanislaus,099,539301,50279,49527,5296,54823,726
2021-02-21,Sutter,101,95872,8778,8687,80,8767,97
2021-02-21,Tehama,103,63373,4582,4547,491,5038,30
2021-02-21,Trinity,105,12862,465,286,76,362,3
2021-02-21,Tulare,107,460477,47979,46830,7893,54723,749
2021-02-21,Tuolumne,109,53932,3806,3828,33,3861,53
2021-02-21,Ventura,111,848112,77353,76862,2754,79616,677
2021-02-21,Yolo,113,214977,12796,12670,216,12886,183
2021-02-21,Yuba,115,75493,5469,5396,84,5480,38
2021-02-20,Alameda,001,1643700,80254,79496,1717,81213,1055
2021-02-20,Alpine,003,1148,78,77,0,77,0
2021-02-20,Amador,005,37829,3450,3432,30,3462,39
2021-02-20,Butte,007,227075,11273,10838,1597,12435,176
2021-02-20,Calaveras,009,45235,1893,1858,11,1869,21
2021-02-20,Colusa,011,21464,1866,1858,260,2118,11
2021-02-20,Contra Costa,013,1133247,62575,61205,1069,62274,663
2021-02-20,Del Norte,015,27424,992,937,4,941,3
2021-02-20,El Dorado,017,186661,9078,8911,599,9510,96
2021-02-20,Fresno,019,978130,95690,94234,7634,101868,1341
2021-02-20,Glenn,021,27897,2236,2199,489,2688,14
2021-02-20,Humboldt,023,135768,3107,3073,22,3095,29
2021-02-20,Imperial,025,180216,27169,26771,2479,29250,590
2021-02-20,Inyo,027,18085,1276,1226,9,1235,32
2021-02-20,Kern,029,883053,92811,91025,9659,100684,968
2021-02-20,Kings,031,150075,22159,21773,960,22733,212
2021-02-20,Lake,033,64148,3148,3089,6,3095,40
2021-02-20,Lassen,035,31185,5107,5067,94,5161,1
2021-02-20,Los Angeles,037,10098052,1167399,1145594,38932,1184526,19630
2021-02-20,Madera,039,155013,15494,15274,809,16083,191
2021-02-20,Marin,041,260295,13097,12945,157,13102,211
2021-02-20,Mariposa,043,17540,376,372,5,377,4
2021-02-20,Mendocino,045,87422,3613,3533,70,3603,40
2021-02-20,Merced,047,269075,28123,28066,897,28963,379
2021-02-20,Modoc,049,8938,338,328,113,441,3
2021-02-20,Mono,051,14174,1173,1187,16,1203,3
2021-02-20,Monterey,053,433212,41770,41313,1675,42988,309
2021-02-20,Napa,055,140530,8966,8910,33,8943,69
2021-02-20,Nevada,057,99092,3955,3887,158,4045,66
2021-02-20,Orange,059,3164182,245969,243761,10167,253928,3755
2021-02-20,Placer,061,380077,20378,19509,1086,20595,236
2021-02-20,Plumas,063,18699,640,626,10,636,4
2021-02-20,Riverside,065,2383286,284445,277267,13386,290653,3559
2021-02-20,Sacramento,067,1510023,93650,92057,1203,93260,1352
2021-02-20,San Benito,069,59416,5711,5709,87,5796,57
2021-02-20,San Bernardino,071,2135413,285253,279608,8522,288130,3203
2021-02-20,San Diego,073,3302833,262210,256510,12690,269200,3188
2021-02-20,San Francisco,075,870044,33943,33820,1049,34869,399
2021-02-20,San Joaquin,077,732212,66316,64916,2723,67639,1001
2021-02-20,San Luis Obispo,079,281455,19566,19138,550,19688,229
2021-02-20,San Mateo,081,765935,39262,38371,400,38771,282
2021-02-20,Santa Barbara,083,443738,31975,31289,1038,32327,396
2021-02-20,Santa Clara,085,1922200,109399,108728,563,109291,1649
2021-02-20,Santa Cruz,087,273765,15300,14378,775,15153,176
2021-02-20,Shasta,089,179085,10876,10850,1193,12043,146
2021-02-20,Sierra,091,2930,51,47,12,59,0
2021-02-20,Siskiyou,093,43540,1470,1366,227,1593,4
2021-02-20,Solano,095,438530,29639,29440,352,29792,150
2021-02-20,Sonoma,097,501317,27771,27703,193,27896,278
2021-02-20,Stanislaus,099,539301,50228,49445,5282,54727,733
2021-02-20,Sutter,101,95872,8772,8681,80,8761,97
2021-02-20,Tehama,103,63373,4578,4545,491,5036,30
2021-02-20,Trinity,105,12862,464,285,75,360,3
2021-02-20,Tulare,107,460477,47943,46769,7871,54640,739
2021-02-20,Tuolumne,109,53932,3801,3823,33,3856,53
2021-02-20,Ventura,111,848112,77258,76757,2751,79508,671
2021-02-20,Yolo,113,214977,12782,12639,215,12854,183
2021-02-20,Yuba,115,75493,5466,5386,84,5470,38
2021-02-19,Alameda,001,1643700,80153,79318,1713,81031,1047
2021-02-19,Alpine,003,1148,78,77,0,77,0
2021-02-19,Amador,005,37829,3446,3427,30,3457,39
2021-02-19,Butte,007,227075,11259,10823,1590,12413,176
2021-02-19,Calaveras,009,45235,1892,1856,11,1867,21
2021-02-19,Colusa,011,21464,1866,1858,260,2118,11
2021-02-19,Contra Costa,013,1133247,62463,61017,1066,62083,651
2021-02-19,Del Norte,015,27424,987,932,4,936,2
2021-02-19,El Dorado,017,186661,9069,8882,598,9480,96
2021-02-19,Fresno,019,978130,95559,93973,7618,101591,1330
2021-02-19,Glenn,021,27897,2231,2199,488,2687,14
2021-02-19,Humboldt,023,135768,3095,3037,22,3059,29
2021-02-19,Imperial,025,180216,27163,26751,2476,29227,589
2021-02-19,Inyo,027,18085,1271,1212,9,1221,32
2021-02-19,Kern,029,883053,92742,90807,9618,100425,963
2021-02-19,Kings,031,150075,22145,21724,958,22682,211
2021-02-19,Lake,033,64148,3142,3078,6,3084,40
2021-02-19,Lassen,035,31185,5106,5057,94,5151,1
2021-02-19,Los Angeles,037,10098052,1166650,1143828,38892,1182720,19498
2021-02-19,Madera,039,155013,15477,15222,807,16029,188
2021-02-19,Marin,041,260295,13079,12919,156,13075,210
2021-02-19,Mariposa,043,17540,376,371,5,376,4
2021-02-19,Mendocino,045,87422,3611,3526,70,3596,39
2021-02-19,Merced,047,269075,28093,27985,894,28879,376
2021-02-19,Modoc,049,8938,338,328,113,441,3
2021-02-19,Mono,051,14174,1173,1186,16,1202,3
2021-02-19,Monterey,053,433212,41743,41209,1671,42880,309
2021-02-19,Napa,055,140530,8953,8899,33,8932,69
2021-02-19,Nevada,057,99092,3949,3863,158,4021,66
2021-02-19,Orange,059,3164182,245793,243397,10154,253551,3715
2021-02-19,Placer,061,380077,20356,19457,1086,20543,236
2021-02-19,Plumas,063,18699,638,624,10,634,4
2021-02-19,Riverside,065,2383286,284276,276941,13369,290310,3541
2021-02-19,Sacramento,067,1510023,93529,91815,1199,93014,1351
2021-02-19,San Benito,069,59416,5706,5699,87,5786,57
2021-02-19,San Bernardino,071,2135413,285117,279209,8517,287726,3117
2021-02-19,San Diego,073,3302833,261919,255799,12667,268466,3169
2021-02-19,San Francisco,075,870044,33895,33746,1043,34789,387
2021-02-19,San Joaquin,077,732212,66240,64774,2714,67488,988
2021-02-19,San Luis Obispo,079,281455,19535,19061,548,19609,230
2021-02-19,San Mateo,081,765935,39204,38256,398,38654,282
2021-02-19,Santa Barbara,083,443738,31911,31204,1037,32241,392
2021-02-19,Santa Clara,085,1922200,109187,108400,561,108961,1634
2021-02-19,Santa Cruz,087,273765,15285,14354,775,15129,176
2021-02-19,Shasta,089,179085,10865,10833,1190,12023,140
2021-02-19,Sierra,091,2930,51,47,12,59,0
2021-02-19,Siskiyou,093,43540,1466,1363,225,1588,4
2021-02-19,Solano,095,438530,29614,29383,351,29734,150
2021-02-19,Sonoma,097,501317,27724,27595,191,27786,280
2021-02-19,Stanislaus,099,539301,50167,49282,5266,54548,739
2021-02-19,Sutter,101,95872,8762,8665,80,8745,96
2021-02-19,Tehama,103,63373,4576,4535,491,5026,30
2021-02-19,Trinity,105,12862,462,282,73,355,3
2021-02-19,Tulare,107,460477,47898,46662,7846,54508,736
2021-02-19,Tuolumne,109,53932,3794,3817,33,3850,52
2021-02-19,Ventura,111,848112,77179,76582,2748,79330,667
2021-02-19,Yolo,113,214977,12766,12606,215,12821,183
2021-02-19,Yuba,115,75493,5456,5376,84,5460,38
2021-02-18,Alameda,001,1643700,80019,79111,1705,80816,1012
2021-02-18,Alpine,003,1148,78,77,0,77,0
2021-02-18,Amador,005,37829,3442,3417,29,3446,38
2021-02-18,Butte,007,227075,11241,10791,1588,12379,175
2021-02-18,Calaveras,009,45235,1887,1873,11,1884,21
2021-02-18,Colusa,011,21464,1864,1856,258,2114,11
2021-02-18,Contra Costa,013,1133247,62348,60868,1064,61932,640
2021-02-18,Del Norte,015,27424,982,929,4,933,2
2021-02-18,El Dorado,017,186661,9054,8850,597,9447,94
2021-02-18,Fresno,019,978130,95389,93734,7593,101327,1323
2021-02-18,Glenn,021,27897,2225,2195,488,2683,14
2021-02-18,Humboldt,023,135768,3083,3023,22,3045,29
2021-02-18,Imperial,025,180216,27137,26731,2469,29200,591
2021-02-18,Inyo,027,18085,1267,1213,8,1221,32
2021-02-18,Kern,029,883053,92588,90655,9588,100243,961
2021-02-18,Kings,031,150075,22121,21648,957,22605,211
2021-02-18,Lake,033,64148,3137,3066,6,3072,40
2021-02-18,Lassen,035,31185,5097,5052,94,5146,1
2021-02-18,Los Angeles,037,10098052,1165692,1141930,38827,1180757,19358
2021-02-18,Madera,039,155013,15455,15175,802,15977,188
2021-02-18,Marin,041,260295,13066,12895,155,13050,209
2021-02-18,Mariposa,043,17540,375,369,5,374,4
2021-02-18,Mendocino,045,87422,3608,3519,69,3588,39
2021-02-18,Merced,047,269075,28044,27870,888,28758,372
2021-02-18,Modoc,049,8938,336,327,112,439,3
2021-02-18,Mono,051,14174,1173,1182,16,1198,3
2021-02-18,Monterey,053,433212,41685,41091,1662,42753,307
2021-02-18,Napa,055,140530,8936,8877,33,8910,68
2021-02-18,Nevada,057,99092,3940,3836,157,3993,66
2021-02-18,Orange,059,3164182,245570,243098,10137,253235,3673
2021-02-18,Placer,061,380077,20329,19429,1085,20514,232
2021-02-18,Plumas,063,18699,638,624,10,634,4
2021-02-18,Riverside,065,2383286,283988,276595,13348,289943,3510
2021-02-18,Sacramento,067,1510023,93367,91476,1193,92669,1334
2021-02-18,San Benito,069,59416,5703,5697,86,5783,58
2021-02-18,San Bernardino,071,2135413,284907,278887,8503,287390,3066
2021-02-18,San Diego,073,3302833,261565,254987,12644,267631,3135
2021-02-18,San Francisco,075,870044,33837,33650,1040,34690,386
2021-02-18,San Joaquin,077,732212,66157,64634,2704,67338,982
2021-02-18,San Luis Obispo,079,281455,19493,18987,545,19532,230
2021-02-18,San Mateo,081,765935,39142,38185,394,38579,282
2021-02-18,Santa Barbara,083,443738,31833,31054,1030,32084,387
2021-02-18,Santa Clara,085,1922200,108962,108210,558,108768,1605
2021-02-18,Santa Cruz,087,273765,15259,14314,775,15089,176
2021-02-18,Shasta,089,179085,10847,10811,1187,11998,139
2021-02-18,Sierra,091,2930,50,47,12,59,0
2021-02-18,Siskiyou,093,43540,1461,1359,224,1583,4
2021-02-18,Solano,095,438530,29588,29349,350,29699,150
2021-02-18,Sonoma,097,501317,27656,27512,190,27702,281
2021-02-18,Stanislaus,099,539301,50066,49150,5249,54399,738
2021-02-18,Sutter,101,95872,8754,8654,80,8734,96
2021-02-18,Tehama,103,63373,4573,4528,491,5019,30
2021-02-18,Trinity,105,12862,461,282,73,355,3
2021-02-18,Tulare,107,460477,47835,46591,7806,54397,728
2021-02-18,Tuolumne,109,53932,3757,3811,33,3844,52
2021-02-18,Ventura,111,848112,77047,76442,2740,79182,659
2021-02-18,Yolo,113,214977,12740,12549,212,12761,183
2021-02-18,Yuba,115,75493,5439,5358,84,5442,38
2021-02-17,Alameda,001,1643700,79858,78895,1703,80598,1002
2021-02-17,Alpine,003,1148,78,77,0,77,0
2021-02-17,Amador,005,37829,3438,3415,29,3444,38
2021-02-17,Butte,007,227075,11223,10770,1584,12354,174
2021-02-17,Calaveras,009,45235,1887,1876,11,1887,21
2021-02-17,Colusa,011,21464,1861,1854,258,2112,10
2021-02-17,Contra Costa,013,1133247,62210,60723,1061,61784,635
2021-02-17,Del Norte,015,27424,975,920,4,924,2
2021-02-17,El Dorado,017,186661,9043,8847,597,9444,94
2021-02-17,Fresno,019,978130,95250,93555,7566,101121,1307
2021-02-17,Glenn,021,27897,2224,2189,487,2676,14
2021-02-17,Humboldt,023,135768,3068,3006,22,3028,29
2021-02-17,Imperial,025,180216,27123,26726,2465,29191,580
2021-02-17,Inyo,027,18085,1259,1197,8,1205,32
2021-02-17,Kern,029,883053,92470,90454,9543,99997,962
2021-02-17,Kings,031,150075,22083,21617,953,22570,211
2021-02-17,Lake,033,64148,3127,3057,2,3059,38
2021-02-17,Lassen,035,31185,5092,5052,93,5145,1
2021-02-17,Los Angeles,037,10098052,1164640,1139786,38763,1178549,19213
2021-02-17,Madera,039,155013,15430,15135,793,15928,177
2021-02-17,Marin,041,260295,13041,12881,155,13036,207
2021-02-17,Mariposa,043,17540,375,368,4,372,4
2021-02-17,Mendocino,045,87422,3606,3494,68,3562,39
2021-02-17,Merced,047,269075,27989,27824,879,28703,372
2021-02-17,Modoc,049,8938,336,327,112,439,3
2021-02-17,Mono,051,14174,1173,1180,16,1196,3
2021-02-17,Monterey,053,433212,41630,41014,1650,42664,304
2021-02-17,Napa,055,140530,8922,8865,33,8898,68
2021-02-17,Nevada,057,99092,3921,3822,154,3976,52
2021-02-17,Orange,059,3164182,245308,242716,10104,252820,3626
2021-02-17,Placer,061,380077,20296,19405,1081,20486,230
2021-02-17,Plumas,063,18699,637,623,10,633,4
2021-02-17,Riverside,065,2383286,283700,276289,13327,289616,3491
2021-02-17,Sacramento,067,1510023,93208,91309,1186,92495,1326
2021-02-17,San Benito,069,59416,5697,5661,86,5747,57
2021-02-17,San Bernardino,071,2135413,284703,278461,8484,286945,3020
2021-02-17,San Diego,073,3302833,261187,254177,12623,266800,3099
2021-02-17,San Francisco,075,870044,33761,33558,1035,34593,379
2021-02-17,San Joaquin,077,732212,66051,64556,2698,67254,979
2021-02-17,San Luis Obispo,079,281455,19448,18964,545,19509,230
2021-02-17,San Mateo,081,765935,39077,38124,393,38517,282
2021-02-17,Santa Barbara,083,443738,31765,30927,1029,31956,384
2021-02-17,Santa Clara,085,1922200,108730,107949,556,108505,1592
2021-02-17,Santa Cruz,087,273765,15226,14268,772,15040,174
2021-02-17,Shasta,089,179085,10827,10770,1186,11956,139
2021-02-17,Sierra,091,2930,50,47,12,59,0
2021-02-17,Siskiyou,093,43540,1455,1352,221,1573,4
2021-02-17,Solano,095,438530,29531,29288,350,29638,149
2021-02-17,Sonoma,097,501317,27584,27408,185,27593,281
2021-02-17,Stanislaus,099,539301,49955,49050,5233,54283,730
2021-02-17,Sutter,101,95872,8744,8681,80,8761,95
2021-02-17,Tehama,103,63373,4570,4511,491,5002,30
2021-02-17,Trinity,105,12862,461,277,71,348,3
2021-02-17,Tulare,107,460477,47770,46495,7780,54275,726
2021-02-17,Tuolumne,109,53932,3748,3806,33,3839,49
2021-02-17,Ventura,111,848112,76925,76234,2734,78968,646
2021-02-17,Yolo,113,214977,12721,12506,210,12716,182
2021-02-17,Yuba,115,75493,5430,5345,84,5429,38
2021-02-16,Alameda,001,1643700,79688,78756,1700,80456,997
2021-02-16,Alpine,003,1148,78,76,0,76,0
2021-02-16,Amador,005,37829,3431,3413,29,3442,39
2021-02-16,Butte,007,227075,11197,10748,1581,12329,164
2021-02-16,Calaveras,009,45235,1885,1872,11,1883,21
2021-02-16,Colusa,011,21464,1858,1852,256,2108,10
2021-02-16,Contra Costa,013,1133247,62059,60564,1056,61620,631
2021-02-16,Del Norte,015,27424,967,913,4,917,2
2021-02-16,El Dorado,017,186661,9033,8836,596,9432,94
2021-02-16,Fresno,019,978130,95085,93363,7536,100899,1293
2021-02-16,Glenn,021,27897,2220,2189,483,2672,14
2021-02-16,Humboldt,023,135768,3045,2994,21,3015,29
2021-02-16,Imperial,025,180216,27110,26711,2461,29172,580
2021-02-16,Inyo,027,18085,1251,1191,8,1199,32
2021-02-16,Kern,029,883053,92338,90267,9513,99780,959
2021-02-16,Kings,031,150075,22037,21583,949,22532,206
2021-02-16,Lake,033,64148,3120,3041,2,3043,38
2021-02-16,Lassen,035,31185,5080,5047,93,5140,1
2021-02-16,Los Angeles,037,10098052,1163386,1138262,38702,1176964,19044
2021-02-16,Madera,039,155013,15392,15120,788,15908,172
2021-02-16,Marin,041,260295,13013,12832,155,12987,205
2021-02-16,Mariposa,043,17540,375,367,4,371,4
2021-02-16,Mendocino,045,87422,3602,3489,68,3557,39
2021-02-16,Merced,047,269075,27908,27724,873,28597,368
2021-02-16,Modoc,049,8938,336,326,112,438,3
2021-02-16,Mono,051,14174,1173,1180,16,1196,3
2021-02-16,Monterey,053,433212,41554,40962,1641,42603,303
2021-02-16,Napa,055,140530,8909,8854,33,8887,66
2021-02-16,Nevada,057,99092,3908,3774,153,3927,47
2021-02-16,Orange,059,3164182,244986,242382,10088,252470,3612
2021-02-16,Placer,061,380077,20263,19367,1078,20445,230
2021-02-16,Plumas,063,18699,637,619,10,629,4
2021-02-16,Riverside,065,2383286,283396,275954,13304,289258,3471
2021-02-16,Sacramento,067,1510023,92954,91246,1180,92426,1305
2021-02-16,San Benito,069,59416,5689,5659,85,5744,56
2021-02-16,San Bernardino,071,2135413,284481,277947,8473,286420,2978
2021-02-16,San Diego,073,3302833,260722,253638,12584,266222,3042
2021-02-16,San Francisco,075,870044,33690,33491,1030,34521,373
2021-02-16,San Joaquin,077,732212,65921,64448,2695,67143,979
2021-02-16,San Luis Obispo,079,281455,19403,18925,542,19467,229
2021-02-16,San Mateo,081,765935,39018,38041,391,38432,277
2021-02-16,Santa Barbara,083,443738,31691,30865,1026,31891,378
2021-02-16,Santa Clara,085,1922200,108478,107754,553,108307,1591
2021-02-16,Santa Cruz,087,273765,15206,14256,771,15027,174
2021-02-16,Shasta,089,179085,10812,10736,1184,11920,139
2021-02-16,Sierra,091,2930,50,47,12,59,0
2021-02-16,Siskiyou,093,43540,1451,1351,221,1572,4
2021-02-16,Solano,095,438530,29493,29246,349,29595,148
2021-02-16,Sonoma,097,501317,27525,27380,179,27559,279
2021-02-16,Stanislaus,099,539301,49831,48927,5219,54146,716
2021-02-16,Sutter,101,95872,8721,8671,80,8751,95
2021-02-16,Tehama,103,63373,4561,4501,489,4990,30
2021-02-16,Trinity,105,12862,457,275,71,346,3
2021-02-16,Tulare,107,460477,47706,46444,7736,54180,716
2021-02-16,Tuolumne,109,53932,3746,3796,33,3829,49
2021-02-16,Ventura,111,848112,76783,76043,2730,78773,631
2021-02-16,Yolo,113,214977,12692,12457,210,12667,175
2021-02-16,Yuba,115,75493,5423,5332,83,5415,38
2021-02-15,Alameda,001,1643700,79491,78647,1689,80336,996
2021-02-15,Alpine,003,1148,78,76,0,76,0
2021-02-15,Amador,005,37829,3427,3409,29,3438,39
2021-02-15,Butte,007,227075,11179,10723,1577,12300,155
2021-02-15,Calaveras,009,45235,1881,1871,11,1882,21
2021-02-15,Colusa,011,21464,1858,1849,252,2101,10
2021-02-15,Contra Costa,013,1133247,61887,60444,1050,61494,631
2021-02-15,Del Norte,015,27424,963,913,4,917,2
2021-02-15,El Dorado,017,186661,9016,8816,596,9412,94
2021-02-15,Fresno,019,978130,94886,93231,7497,100728,1288
2021-02-15,Glenn,021,27897,2218,2185,482,2667,14
2021-02-15,Humboldt,023,135768,3038,2997,21,3018,29
2021-02-15,Imperial,025,180216,27090,26700,2458,29158,580
2021-02-15,Inyo,027,18085,1232,1184,8,1192,32
2021-02-15,Kern,029,883053,92194,90181,9481,99662,959
2021-02-15,Kings,031,150075,21992,21574,945,22519,205
2021-02-15,Lake,033,64148,3106,3030,1,3031,38
2021-02-15,Lassen,035,31185,5078,5047,92,5139,1
2021-02-15,Los Angeles,037,10098052,1161997,1137164,38639,1175803,18925
2021-02-15,Madera,039,155013,15361,15108,786,15894,106
2021-02-15,Marin,041,260295,12992,12810,152,12962,203
2021-02-15,Mariposa,043,17540,373,367,4,371,4
2021-02-15,Mendocino,045,87422,3590,3481,68,3549,39
2021-02-15,Merced,047,269075,27834,27656,865,28521,368
2021-02-15,Modoc,049,8938,336,326,112,438,3
2021-02-15,Mono,051,14174,1170,1178,16,1194,3
2021-02-15,Monterey,053,433212,41490,40911,1628,42539,302
2021-02-15,Napa,055,140530,8895,8837,33,8870,57
2021-02-15,Nevada,057,99092,3891,3767,152,3919,47
2021-02-15,Orange,059,3164182,244666,242176,10059,252235,3586
2021-02-15,Placer,061,380077,20237,19361,1077,20438,230
2021-02-15,Plumas,063,18699,637,620,10,630,4
2021-02-15,Riverside,065,2383286,283042,275771,13285,289056,3468
2021-02-15,Sacramento,067,1510023,92627,91091,1175,92266,1304
2021-02-15,San Benito,069,59416,5683,5649,85,5734,56
2021-02-15,San Bernardino,071,2135413,284230,277869,8465,286334,2945
2021-02-15,San Diego,073,3302833,260208,252940,12553,265493,3037
2021-02-15,San Francisco,075,870044,33617,33454,1024,34478,373
2021-02-15,San Joaquin,077,732212,65757,64382,2688,67070,979
2021-02-15,San Luis Obispo,079,281455,19350,18891,540,19431,227
2021-02-15,San Mateo,081,765935,38939,37969,388,38357,277
2021-02-15,Santa Barbara,083,443738,31588,30810,1023,31833,378
2021-02-15,Santa Clara,085,1922200,108248,107630,551,108181,1588
2021-02-15,Santa Cruz,087,273765,15174,14239,768,15007,175
2021-02-15,Shasta,089,179085,10792,10730,1179,11909,139
2021-02-15,Sierra,091,2930,50,47,12,59,0
2021-02-15,Siskiyou,093,43540,1443,1345,220,1565,4
2021-02-15,Solano,095,438530,29438,29225,349,29574,148
2021-02-15,Sonoma,097,501317,27441,27359,175,27534,276
2021-02-15,Stanislaus,099,539301,49704,48808,5206,54014,716
2021-02-15,Sutter,101,95872,8706,8652,80,8732,95
2021-02-15,Tehama,103,63373,4552,4492,488,4980,30
2021-02-15,Trinity,105,12862,456,274,71,345,3
2021-02-15,Tulare,107,460477,47635,46344,7697,54041,715
2021-02-15,Tuolumne,109,53932,3736,3794,33,3827,49
2021-02-15,Ventura,111,848112,76628,75889,2727,78616,629
2021-02-15,Yolo,113,214977,12657,12412,204,12616,175
2021-02-15,Yuba,115,75493,5406,5320,82,5402,38
2021-02-14,Alameda,001,1643700,79340,78442,1688,80130,995
2021-02-14,Alpine,003,1148,78,76,0,76,0
2021-02-14,Amador,005,37829,3422,3398,29,3427,39
2021-02-14,Butte,007,227075,11155,10717,1574,12291,155
2021-02-14,Calaveras,009,45235,1877,1866,11,1877,21
2021-02-14,Colusa,011,21464,1854,1845,249,2094,10
2021-02-14,Contra Costa,013,1133247,61737,60272,1047,61319,631
2021-02-14,Del Norte,015,27424,959,911,4,915,2
2021-02-14,El Dorado,017,186661,8985,8790,595,9385,94
2021-02-14,Fresno,019,978130,94715,93065,7474,100539,1287
2021-02-14,Glenn,021,27897,2215,2184,482,2666,14
2021-02-14,Humboldt,023,135768,3025,2992,21,3013,29
2021-02-14,Imperial,025,180216,27083,26696,2457,29153,580
2021-02-14,Inyo,027,18085,1226,1177,8,1185,32
2021-02-14,Kern,029,883053,92034,90038,9428,99466,959
2021-02-14,Kings,031,150075,21966,21538,943,22481,205
2021-02-14,Lake,033,64148,3095,3030,1,3031,38
2021-02-14,Lassen,035,31185,5074,5037,92,5129,1
2021-02-14,Los Angeles,037,10098052,1160654,1135450,38554,1174004,18898
2021-02-14,Madera,039,155013,15329,15089,782,15871,106
2021-02-14,Marin,041,260295,12968,12784,152,12936,201
2021-02-14,Mariposa,043,17540,373,365,4,369,4
2021-02-14,Mendocino,045,87422,3584,3475,68,3543,39
2021-02-14,Merced,047,269075,27752,27601,860,28461,368
2021-02-14,Modoc,049,8938,336,326,112,438,3
2021-02-14,Mono,051,14174,1169,1180,16,1196,3
2021-02-14,Monterey,053,433212,41439,40842,1623,42465,302
2021-02-14,Napa,055,140530,8875,8826,33,8859,57
2021-02-14,Nevada,057,99092,3875,3761,152,3913,47
2021-02-14,Orange,059,3164182,244352,241859,10040,251899,3564
2021-02-14,Placer,061,380077,20198,19313,1072,20385,230
2021-02-14,Plumas,063,18699,636,620,10,630,4
2021-02-14,Riverside,065,2383286,282710,275518,13266,288784,3471
2021-02-14,Sacramento,067,1510023,92420,90856,1171,92027,1304
2021-02-14,San Benito,069,59416,5674,5641,84,5725,56
2021-02-14,San Bernardino,071,2135413,283924,277664,8445,286109,2929
2021-02-14,San Diego,073,3302833,259716,252247,12506,264753,3037
2021-02-14,San Francisco,075,870044,33543,33374,1016,34390,372
2021-02-14,San Joaquin,077,732212,65659,64243,2674,66917,979
2021-02-14,San Luis Obispo,079,281455,19312,18868,537,19405,225
2021-02-14,San Mateo,081,765935,38854,37859,388,38247,277
2021-02-14,Santa Barbara,083,443738,31496,30744,1019,31763,377
2021-02-14,Santa Clara,085,1922200,108049,107412,547,107959,1582
2021-02-14,Santa Cruz,087,273765,15146,14225,763,14988,175
2021-02-14,Shasta,089,179085,10760,10720,1174,11894,139
2021-02-14,Sierra,091,2930,50,47,12,59,0
2021-02-14,Siskiyou,093,43540,1439,1340,220,1560,4
2021-02-14,Solano,095,438530,29396,29150,346,29496,148
2021-02-14,Sonoma,097,501317,27366,27266,173,27439,276
2021-02-14,Stanislaus,099,539301,49594,48672,5191,53863,716
2021-02-14,Sutter,101,95872,8683,8642,80,8722,95
2021-02-14,Tehama,103,63373,4546,4490,485,4975,30
2021-02-14,Trinity,105,12862,456,272,71,343,3
2021-02-14,Tulare,107,460477,47550,46263,7648,53911,715
2021-02-14,Tuolumne,109,53932,3735,3764,33,3797,49
2021-02-14,Ventura,111,848112,76459,75742,2716,78458,629
2021-02-14,Yolo,113,214977,12628,12399,203,12602,175
2021-02-14,Yuba,115,75493,5396,5314,82,5396,38
2021-02-13,Alameda,001,1643700,79218,78246,1685,79931,995
2021-02-13,Alpine,003,1148,78,76,0,76,0
2021-02-13,Amador,005,37829,3419,3387,29,3416,38
2021-02-13,Butte,007,227075,11139,10699,1572,12271,155
2021-02-13,Calaveras,009,45235,1874,1863,11,1874,21
2021-02-13,Colusa,011,21464,1854,1837,249,2086,10
2021-02-13,Contra Costa,013,1133247,61616,60100,1047,61147,629
2021-02-13,Del Norte,015,27424,957,908,4,912,2
2021-02-13,El Dorado,017,186661,8973,8758,594,9352,93
2021-02-13,Fresno,019,978130,94601,92807,7452,100259,1287
2021-02-13,Glenn,021,27897,2214,2182,480,2662,14
2021-02-13,Humboldt,023,135768,3012,2974,20,2994,29
2021-02-13,Imperial,025,180216,27076,26680,2455,29135,580
2021-02-13,Inyo,027,18085,1222,1168,8,1176,32
2021-02-13,Kern,029,883053,91945,89915,9402,99317,957
2021-02-13,Kings,031,150075,21951,21513,941,22454,205
2021-02-13,Lake,033,64148,3086,3025,1,3026,37
2021-02-13,Lassen,035,31185,5071,5028,92,5120,1
2021-02-13,Los Angeles,037,10098052,1159795,1133752,38507,1172259,18822
2021-02-13,Madera,039,155013,15320,15053,778,15831,106
2021-02-13,Marin,041,260295,12944,12757,152,12909,201
2021-02-13,Mariposa,043,17540,373,365,4,369,4
2021-02-13,Mendocino,045,87422,3574,3466,68,3534,38
2021-02-13,Merced,047,269075,27708,27541,857,28398,368
2021-02-13,Modoc,049,8938,336,325,112,437,3
2021-02-13,Mono,051,14174,1169,1176,16,1192,3
2021-02-13,Monterey,053,433212,41407,40731,1622,42353,301
2021-02-13,Napa,055,140530,8866,8809,33,8842,57
2021-02-13,Nevada,057,99092,3866,3742,151,3893,47
2021-02-13,Orange,059,3164182,244146,241545,10021,251566,3520
2021-02-13,Placer,061,380077,20178,19214,1072,20286,230
2021-02-13,Plumas,063,18699,636,616,10,626,4
2021-02-13,Riverside,065,2383286,282482,275276,13257,288533,3462
2021-02-13,Sacramento,067,1510023,92253,90401,1168,91569,1302
2021-02-13,San Benito,069,59416,5657,5633,84,5717,56
2021-02-13,San Bernardino,071,2135413,283772,277405,8433,285838,2899
2021-02-13,San Diego,073,3302833,259384,251679,12494,264173,3009
2021-02-13,San Francisco,075,870044,33493,33291,1006,34297,364
2021-02-13,San Joaquin,077,732212,65590,64105,2664,66769,977
2021-02-13,San Luis Obispo,079,281455,19284,18803,531,19334,225
2021-02-13,San Mateo,081,765935,38801,37745,388,38133,277
2021-02-13,Santa Barbara,083,443738,31444,30594,1017,31611,374
2021-02-13,Santa Clara,085,1922200,107860,107125,543,107668,1570
2021-02-13,Santa Cruz,087,273765,15119,14198,762,14960,173
2021-02-13,Shasta,089,179085,10747,10713,1169,11882,139
2021-02-13,Sierra,091,2930,50,47,12,59,0
2021-02-13,Siskiyou,093,43540,1436,1336,220,1556,4
2021-02-13,Solano,095,438530,29360,29084,346,29430,148
2021-02-13,Sonoma,097,501317,27318,27157,171,27328,276
2021-02-13,Stanislaus,099,539301,49523,48568,5185,53753,697
2021-02-13,Sutter,101,95872,8671,8626,80,8706,94
2021-02-13,Tehama,103,63373,4535,4484,484,4968,30
2021-02-13,Trinity,105,12862,455,272,70,342,3
2021-02-13,Tulare,107,460477,47499,46162,7617,53779,709
2021-02-13,Tuolumne,109,53932,3734,3752,33,3785,49
2021-02-13,Ventura,111,848112,76319,75481,2710,78191,618
2021-02-13,Yolo,113,214977,12615,12374,202,12576,175
2021-02-13,Yuba,115,75493,5388,5289,82,5371,38
2021-02-12,Alameda,001,1643700,79071,77958,1679,79637,974
2021-02-12,Alpine,003,1148,78,76,0,76,0
2021-02-12,Amador,005,37829,3415,3381,29,3410,38
2021-02-12,Butte,007,227075,11126,10655,1565,12220,155
2021-02-12,Calaveras,009,45235,1871,1860,11,1871,21
2021-02-12,Colusa,011,21464,1854,1836,249,2085,10
2021-02-12,Contra Costa,013,1133247,61464,59878,1043,60921,620
2021-02-12,Del Norte,015,27424,947,901,4,905,2
2021-02-12,El Dorado,017,186661,8957,8725,591,9316,92
2021-02-12,Fresno,019,978130,94447,92520,7432,99952,1273
2021-02-12,Glenn,021,27897,2211,2175,480,2655,14
2021-02-12,Humboldt,023,135768,3004,2961,20,2981,29
2021-02-12,Imperial,025,180216,27068,26646,2452,29098,585
2021-02-12,Inyo,027,18085,1216,1156,8,1164,32
2021-02-12,Kern,029,883053,91831,89532,9368,98900,949
2021-02-12,Kings,031,150075,21919,21462,936,22398,202
2021-02-12,Lake,033,64148,3081,3012,1,3013,36
2021-02-12,Lassen,035,31185,5069,5015,92,5107,1
2021-02-12,Los Angeles,037,10098052,1158589,1131185,38438,1169623,18637
2021-02-12,Madera,039,155013,15293,15022,775,15797,106
2021-02-12,Marin,041,260295,12918,12720,152,12872,200
2021-02-12,Mariposa,043,17540,372,365,4,369,4
2021-02-12,Mendocino,045,87422,3572,3447,68,3515,38
2021-02-12,Merced,047,269075,27657,27453,854,28307,367
2021-02-12,Modoc,049,8938,336,324,112,436,3
2021-02-12,Mono,051,14174,1168,1172,16,1188,3
2021-02-12,Monterey,053,433212,41359,40633,1613,42246,297
2021-02-12,Napa,055,140530,8854,8785,33,8818,55
2021-02-12,Nevada,057,99092,3861,3728,151,3879,47
2021-02-12,Orange,059,3164182,243907,241075,10006,251081,3505
2021-02-12,Placer,061,380077,20136,19174,1067,20241,230
2021-02-12,Plumas,063,18699,635,614,10,624,4
2021-02-12,Riverside,065,2383286,282204,274792,13240,288032,3438
2021-02-12,Sacramento,067,1510023,92051,90252,1167,91419,1295
2021-02-12,San Benito,069,59416,5641,5622,83,5705,56
2021-02-12,San Bernardino,071,2135413,283582,276890,8422,285312,2827
2021-02-12,San Diego,073,3302833,258998,250788,12468,263256,2979
2021-02-12,San Francisco,075,870044,33433,33179,1002,34181,359
2021-02-12,San Joaquin,077,732212,65495,63966,2656,66622,975
2021-02-12,San Luis Obispo,079,281455,19243,18687,530,19217,224
2021-02-12,San Mateo,081,765935,38729,37560,388,37948,254
2021-02-12,Santa Barbara,083,443738,31373,30454,1012,31466,372
2021-02-12,Santa Clara,085,1922200,107688,106759,540,107299,1543
2021-02-12,Santa Cruz,087,273765,15099,14147,762,14909,170
2021-02-12,Shasta,089,179085,10729,10693,1159,11852,142
2021-02-12,Sierra,091,2930,49,45,12,57,0
2021-02-12,Siskiyou,093,43540,1432,1324,217,1541,4
2021-02-12,Solano,095,438530,29328,28996,343,29339,147
2021-02-12,Sonoma,097,501317,27263,27064,167,27231,275
2021-02-12,Stanislaus,099,539301,49435,48418,5163,53581,697
2021-02-12,Sutter,101,95872,8658,8609,80,8689,93
2021-02-12,Tehama,103,63373,4528,4470,483,4953,27
2021-02-12,Trinity,105,12862,455,269,70,339,3
2021-02-12,Tulare,107,460477,47421,46016,7590,53606,710
2021-02-12,Tuolumne,109,53932,3731,3736,32,3768,49
2021-02-12,Ventura,111,848112,76149,75210,2704,77914,605
2021-02-12,Yolo,113,214977,12594,12340,202,12542,175
2021-02-12,Yuba,115,75493,5380,5274,82,5356,38
2021-02-11,Alameda,001,1643700,78844,77564,1674,79238,960
2021-02-11,Alpine,003,1148,77,76,0,76,0
2021-02-11,Amador,005,37829,3411,3368,29,3397,35
2021-02-11,Butte,007,227075,11103,10624,1564,12188,155
2021-02-11,Calaveras,009,45235,1868,1856,11,1867,21
2021-02-11,Colusa,011,21464,1849,1823,247,2070,10
2021-02-11,Contra Costa,013,1133247,61297,59633,1039,60672,605
2021-02-11,Del Norte,015,27424,942,894,4,898,2
2021-02-11,El Dorado,017,186661,8936,8698,591,9289,92
2021-02-11,Fresno,019,978130,94294,92168,7407,99575,1255
2021-02-11,Glenn,021,27897,2206,2166,479,2645,14
2021-02-11,Humboldt,023,135768,2991,2954,19,2973,29
2021-02-11,Imperial,025,180216,27044,26545,2450,28995,578
2021-02-11,Inyo,027,18085,1207,1144,8,1152,32
2021-02-11,Kern,029,883053,91640,89224,9325,98549,941
2021-02-11,Kings,031,150075,21889,21373,933,22306,202
2021-02-11,Lake,033,64148,3071,3002,1,3003,36
2021-02-11,Lassen,035,31185,5058,5004,89,5093,1
2021-02-11,Los Angeles,037,10098052,1156958,1128437,38369,1166806,18500
2021-02-11,Madera,039,155013,15272,14984,773,15757,106
2021-02-11,Marin,041,260295,12881,12682,152,12834,200
2021-02-11,Mariposa,043,17540,372,361,4,365,4
2021-02-11,Mendocino,045,87422,3565,3420,68,3488,38
2021-02-11,Merced,047,269075,27591,27325,850,28175,363
2021-02-11,Modoc,049,8938,335,317,112,429,3
2021-02-11,Mono,051,14174,1164,1173,16,1189,3
2021-02-11,Monterey,053,433212,41253,40469,1607,42076,295
2021-02-11,Napa,055,140530,8833,8777,33,8810,55
2021-02-11,Nevada,057,99092,3845,3720,151,3871,47
2021-02-11,Orange,059,3164182,243541,240590,9982,250572,3476
2021-02-11,Placer,061,380077,20096,19118,1066,20184,224
2021-02-11,Plumas,063,18699,634,592,10,602,4
2021-02-11,Riverside,065,2383286,281838,274313,13225,287538,3394
2021-02-11,Sacramento,067,1510023,91808,89988,1161,91149,1286
2021-02-11,San Benito,069,59416,5632,5609,83,5692,56
2021-02-11,San Bernardino,071,2135413,283283,276349,8408,284757,2774
2021-02-11,San Diego,073,3302833,258445,249971,12434,262405,2955
2021-02-11,San Francisco,075,870044,33349,33076,993,34069,356
2021-02-11,San Joaquin,077,732212,65326,63719,2646,66365,971
2021-02-11,San Luis Obispo,079,281455,19178,18615,526,19141,219
2021-02-11,San Mateo,081,765935,38638,37439,386,37825,253
2021-02-11,Santa Barbara,083,443738,31276,30375,1007,31382,370
2021-02-11,Santa Clara,085,1922200,107428,106392,534,106926,1507
2021-02-11,Santa Cruz,087,273765,15076,14088,757,14845,165
2021-02-11,Shasta,089,179085,10705,10672,1155,11827,140
2021-02-11,Sierra,091,2930,49,45,12,57,0
2021-02-11,Siskiyou,093,43540,1417,1320,217,1537,4
2021-02-11,Solano,095,438530,29275,28885,343,29228,138
2021-02-11,Sonoma,097,501317,27178,26971,164,27135,272
2021-02-11,Stanislaus,099,539301,49290,48205,5151,53356,697
2021-02-11,Sutter,101,95872,8644,8590,79,8669,93
2021-02-11,Tehama,103,63373,4522,4463,483,4946,26
2021-02-11,Trinity,105,12862,455,269,70,339,3
2021-02-11,Tulare,107,460477,47326,45897,7549,53446,706
2021-02-11,Tuolumne,109,53932,3694,3716,32,3748,48
2021-02-11,Ventura,111,848112,75947,74959,2695,77654,590
2021-02-11,Yolo,113,214977,12570,12303,200,12503,173
2021-02-11,Yuba,115,75493,5366,5261,81,5342,38
2021-02-10,Alameda,001,1643700,78641,77344,1673,79017,944
2021-02-10,Alpine,003,1148,77,76,0,76,0
2021-02-10,Amador,005,37829,3399,3348,29,3377,35
2021-02-10,Butte,007,227075,11075,10594,1563,12157,155
2021-02-10,Calaveras,009,45235,1866,1850,11,1861,21
2021-02-10,Colusa,011,21464,1842,1815,245,2060,10
2021-02-10,Contra Costa,013,1133247,61122,59488,1037,60525,590
2021-02-10,Del Norte,015,27424,936,888,4,892,2
2021-02-10,El Dorado,017,186661,8905,8682,587,9269,87
2021-02-10,Fresno,019,978130,94119,91876,7381,99257,1247
2021-02-10,Glenn,021,27897,2202,2160,477,2637,14
2021-02-10,Humboldt,023,135768,2983,2924,19,2943,29
2021-02-10,Imperial,025,180216,27006,26522,2447,28969,578
2021-02-10,Inyo,027,18085,1195,1138,8,1146,30
2021-02-10,Kern,029,883053,91434,88933,9271,98204,926
2021-02-10,Kings,031,150075,21846,21294,931,22225,197
2021-02-10,Lake,033,64148,3058,2975,1,2976,36
2021-02-10,Lassen,035,31185,5054,4993,89,5082,1
2021-02-10,Los Angeles,037,10098052,1155211,1125437,38240,1163677,18338
2021-02-10,Madera,039,155013,15233,14925,771,15696,105
2021-02-10,Marin,041,260295,12844,12651,152,12803,199
2021-02-10,Mariposa,043,17540,370,360,4,364,4
2021-02-10,Mendocino,045,87422,3550,3395,68,3463,38
2021-02-10,Merced,047,269075,27508,27246,839,28085,359
2021-02-10,Modoc,049,8938,334,315,110,425,3
2021-02-10,Mono,051,14174,1159,1170,16,1186,3
2021-02-10,Monterey,053,433212,41176,40366,1592,41958,288
2021-02-10,Napa,055,140530,8814,8769,33,8802,55
2021-02-10,Nevada,057,99092,3830,3693,149,3842,47
2021-02-10,Orange,059,3164182,243124,239974,9951,249925,3439
2021-02-10,Placer,061,380077,20057,19062,1061,20123,220
2021-02-10,Plumas,063,18699,631,589,10,599,2
2021-02-10,Riverside,065,2383286,281411,273721,13215,286936,3374
2021-02-10,Sacramento,067,1510023,91557,89653,1157,90810,1275
2021-02-10,San Benito,069,59416,5618,5591,83,5674,55
2021-02-10,San Bernardino,071,2135413,282927,275616,8392,284008,2696
2021-02-10,San Diego,073,3302833,257863,248858,12396,261254,2904
2021-02-10,San Francisco,075,870044,33266,32955,990,33945,351
2021-02-10,San Joaquin,077,732212,65184,63484,2632,66116,954
2021-02-10,San Luis Obispo,079,281455,19099,18549,524,19073,216
2021-02-10,San Mateo,081,765935,38548,37323,386,37709,245
2021-02-10,Santa Barbara,083,443738,31185,30216,1002,31218,359
2021-02-10,Santa Clara,085,1922200,107188,106048,531,106579,1489
2021-02-10,Santa Cruz,087,273765,15040,14007,755,14762,165
2021-02-10,Shasta,089,179085,10682,10645,1152,11797,142
2021-02-10,Sierra,091,2930,49,45,12,57,0
2021-02-10,Siskiyou,093,43540,1412,1314,216,1530,4
2021-02-10,Solano,095,438530,29200,28835,341,29176,137
2021-02-10,Sonoma,097,501317,27083,26881,162,27043,271
2021-02-10,Stanislaus,099,539301,49173,48016,5135,53151,696
2021-02-10,Sutter,101,95872,8627,8571,79,8650,93
2021-02-10,Tehama,103,63373,4514,4445,483,4928,23
2021-02-10,Trinity,105,12862,452,268,70,338,3
2021-02-10,Tulare,107,460477,47209,45782,7510,53292,696
2021-02-10,Tuolumne,109,53932,3686,3691,32,3723,48
2021-02-10,Ventura,111,848112,75719,74651,2678,77329,580
2021-02-10,Yolo,113,214977,12546,12276,199,12475,174
2021-02-10,Yuba,115,75493,5348,5241,81,5322,38
2021-02-09,Alameda,001,1643700,78377,77018,1669,78687,936
2021-02-09,Alpine,003,1148,77,76,0,76,0
2021-02-09,Amador,005,37829,3391,3347,29,3376,35
2021-02-09,Butte,007,227075,11049,10563,1560,12123,153
2021-02-09,Calaveras,009,45235,1862,1847,11,1858,21
2021-02-09,Colusa,011,21464,1833,1812,240,2052,10
2021-02-09,Contra Costa,013,1133247,60932,59307,1031,60338,583
2021-02-09,Del Norte,015,27424,930,886,4,890,2
2021-02-09,El Dorado,017,186661,8878,8663,586,9249,87
2021-02-09,Fresno,019,978130,93877,91730,7353,99083,1211
2021-02-09,Glenn,021,27897,2198,2156,477,2633,14
2021-02-09,Humboldt,023,135768,2975,2904,19,2923,29
2021-02-09,Imperial,025,180216,26975,26509,2444,28953,568
2021-02-09,Inyo,027,18085,1187,1137,8,1145,30
2021-02-09,Kern,029,883053,91182,88684,9225,97909,920
2021-02-09,Kings,031,150075,21804,21275,929,22204,196
2021-02-09,Lake,033,64148,3047,2955,1,2956,36
2021-02-09,Lassen,035,31185,5047,4983,89,5072,1
2021-02-09,Los Angeles,037,10098052,1153237,1122745,38156,1160901,18198
2021-02-09,Madera,039,155013,15213,14912,768,15680,105
2021-02-09,Marin,041,260295,12811,12623,151,12774,197
2021-02-09,Mariposa,043,17540,368,355,4,359,4
2021-02-09,Mendocino,045,87422,3532,3369,68,3437,38
2021-02-09,Merced,047,269075,27410,27166,834,28000,354
2021-02-09,Modoc,049,8938,333,316,110,426,3
2021-02-09,Mono,051,14174,1158,1167,16,1183,3
2021-02-09,Monterey,053,433212,41068,40279,1579,41858,285
2021-02-09,Napa,055,140530,8801,8749,33,8782,55
2021-02-09,Nevada,057,99092,3814,3687,149,3836,44
2021-02-09,Orange,059,3164182,242712,239169,9920,249089,3406
2021-02-09,Placer,061,380077,19992,19008,1054,20062,220
2021-02-09,Plumas,063,18699,631,584,10,594,2
2021-02-09,Riverside,065,2383286,280917,273465,13198,286663,3334
2021-02-09,Sacramento,067,1510023,91246,89378,1156,90534,1265
2021-02-09,San Benito,069,59416,5606,5566,82,5648,54
2021-02-09,San Bernardino,071,2135413,282553,274998,8379,283377,2613
2021-02-09,San Diego,073,3302833,257205,248048,12353,260401,2853
2021-02-09,San Francisco,075,870044,33187,32782,980,33762,349
2021-02-09,San Joaquin,077,732212,65010,63341,2627,65968,937
2021-02-09,San Luis Obispo,079,281455,19040,18489,523,19012,216
2021-02-09,San Mateo,081,765935,38417,37227,385,37612,235
2021-02-09,Santa Barbara,083,443738,31073,30118,996,31114,351
2021-02-09,Santa Clara,085,1922200,106882,105762,528,106290,1463
2021-02-09,Santa Cruz,087,273765,14990,13958,750,14708,162
2021-02-09,Shasta,089,179085,10654,10595,1150,11745,139
2021-02-09,Sierra,091,2930,49,44,12,56,0
2021-02-09,Siskiyou,093,43540,1404,1306,214,1520,4
2021-02-09,Solano,095,438530,29121,28769,338,29107,131
2021-02-09,Sonoma,097,501317,26993,26826,160,26986,267
2021-02-09,Stanislaus,099,539301,49013,47906,5119,53025,679
2021-02-09,Sutter,101,95872,8611,8541,79,8620,92
2021-02-09,Tehama,103,63373,4507,4416,482,4898,22
2021-02-09,Trinity,105,12862,452,266,70,336,3
2021-02-09,Tulare,107,460477,47075,45704,7456,53160,686
2021-02-09,Tuolumne,109,53932,3667,3673,32,3705,48
2021-02-09,Ventura,111,848112,75467,74333,2670,77003,567
2021-02-09,Yolo,113,214977,12504,12220,199,12419,174
2021-02-09,Yuba,115,75493,5339,5235,81,5316,35
2021-02-08,Alameda,001,1643700,78114,76735,1664,78399,924
2021-02-08,Alpine,003,1148,77,73,0,73,0
2021-02-08,Amador,005,37829,3384,3344,28,3372,33
2021-02-08,Butte,007,227075,11027,10524,1556,12080,152
2021-02-08,Calaveras,009,45235,1861,1840,11,1851,21
2021-02-08,Colusa,011,21464,1825,1802,236,2038,10
2021-02-08,Contra Costa,013,1133247,60721,59039,1029,60068,567
2021-02-08,Del Norte,015,27424,927,885,4,889,2
2021-02-08,El Dorado,017,186661,8847,8627,584,9211,86
2021-02-08,Fresno,019,978130,93664,91430,7327,98757,1207
2021-02-08,Glenn,021,27897,2194,2148,475,2623,14
2021-02-08,Humboldt,023,135768,2967,2902,19,2921,29
2021-02-08,Imperial,025,180216,26953,26526,2442,28968,567
2021-02-08,Inyo,027,18085,1174,1126,8,1134,30
2021-02-08,Kern,029,883053,90965,88380,9165,97545,920
2021-02-08,Kings,031,150075,21742,21232,926,22158,195
2021-02-08,Lake,033,64148,3028,2949,1,2950,36
2021-02-08,Lassen,035,31185,5034,4976,89,5065,1
2021-02-08,Los Angeles,037,10098052,1151141,1120179,38034,1158213,17977
2021-02-08,Madera,039,155013,15177,14887,761,15648,93
2021-02-08,Marin,041,260295,12781,12591,151,12742,194
2021-02-08,Mariposa,043,17540,368,355,4,359,4
2021-02-08,Mendocino,045,87422,3518,3355,68,3423,38
2021-02-08,Merced,047,269075,27326,27082,829,27911,346
2021-02-08,Modoc,049,8938,331,318,110,428,3
2021-02-08,Mono,051,14174,1158,1165,16,1181,3
2021-02-08,Monterey,053,433212,40948,40186,1560,41746,283
2021-02-08,Napa,055,140530,8786,8719,33,8752,55
2021-02-08,Nevada,057,99092,3802,3671,149,3820,44
2021-02-08,Orange,059,3164182,242245,238715,9897,248612,3361
2021-02-08,Placer,061,380077,19950,18944,1048,19992,211
2021-02-08,Plumas,063,18699,630,584,10,594,2
2021-02-08,Riverside,065,2383286,280348,272904,13172,286076,3301
2021-02-08,Sacramento,067,1510023,90960,89267,1153,90420,1247
2021-02-08,San Benito,069,59416,5601,5553,81,5634,52
2021-02-08,San Bernardino,071,2135413,282150,274661,8373,283034,2587
2021-02-08,San Diego,073,3302833,256462,247259,12312,259571,2821
2021-02-08,San Francisco,075,870044,33093,32679,972,33651,348
2021-02-08,San Joaquin,077,732212,64848,63148,2617,65765,929
2021-02-08,San Luis Obispo,079,281455,18983,18421,518,18939,214
2021-02-08,San Mateo,081,765935,38308,37084,385,37469,232
2021-02-08,Santa Barbara,083,443738,30958,29978,989,30967,340
2021-02-08,Santa Clara,085,1922200,106558,105413,520,105933,1456
2021-02-08,Santa Cruz,087,273765,14951,13921,744,14665,161
2021-02-08,Shasta,089,179085,10627,10574,1144,11718,137
2021-02-08,Sierra,091,2930,49,44,12,56,0
2021-02-08,Siskiyou,093,43540,1401,1303,214,1517,4
2021-02-08,Solano,095,438530,29055,28644,336,28980,130
2021-02-08,Sonoma,097,501317,26902,26760,159,26919,259
2021-02-08,Stanislaus,099,539301,48858,47704,5091,52795,679
2021-02-08,Sutter,101,95872,8592,8526,79,8605,92
2021-02-08,Tehama,103,63373,4496,4403,479,4882,22
2021-02-08,Trinity,105,12862,450,266,70,336,3
2021-02-08,Tulare,107,460477,46967,45617,7416,53033,673
2021-02-08,Tuolumne,109,53932,3659,3647,32,3679,48
2021-02-08,Ventura,111,848112,75210,74068,2664,76732,565
2021-02-08,Yolo,113,214977,12472,12169,198,12367,162
2021-02-08,Yuba,115,75493,5323,5215,81,5296,35
2021-02-07,Alameda,001,1643700,77812,76500,1656,78156,924
2021-02-07,Alpine,003,1148,74,72,0,72,0
2021-02-07,Amador,005,37829,3363,3343,28,3371,33
2021-02-07,Butte,007,227075,10994,10513,1548,12061,152
2021-02-07,Calaveras,009,45235,1857,1837,11,1848,21
2021-02-07,Colusa,011,21464,1814,1795,234,2029,10
2021-02-07,Contra Costa,013,1133247,60476,58836,1024,59860,566
2021-02-07,Del Norte,015,27424,923,881,4,885,2
2021-02-07,El Dorado,017,186661,8818,8596,582,9178,86
2021-02-07,Fresno,019,978130,93434,91184,7289,98473,1207
2021-02-07,Glenn,021,27897,2190,2141,470,2611,14
2021-02-07,Humboldt,023,135768,2946,2895,19,2914,28
2021-02-07,Imperial,025,180216,26926,26518,2437,28955,567
2021-02-07,Inyo,027,18085,1163,1124,8,1132,27
2021-02-07,Kern,029,883053,90718,88146,9107,97253,920
2021-02-07,Kings,031,150075,21681,21180,923,22103,192
2021-02-07,Lake,033,64148,3013,2940,1,2941,36
2021-02-07,Lassen,035,31185,5023,4973,89,5062,1
2021-02-07,Los Angeles,037,10098052,1148383,1117551,37905,1155456,17889
2021-02-07,Madera,039,155013,15143,14850,757,15607,93
2021-02-07,Marin,041,260295,12748,12571,149,12720,194
2021-02-07,Mariposa,043,17540,367,355,4,359,4
2021-02-07,Mendocino,045,87422,3501,3348,68,3416,38
2021-02-07,Merced,047,269075,27214,26977,817,27794,346
2021-02-07,Modoc,049,8938,331,317,106,423,3
2021-02-07,Mono,051,14174,1155,1165,16,1181,3
2021-02-07,Monterey,053,433212,40812,40113,1541,41654,283
2021-02-07,Napa,055,140530,8763,8701,33,8734,55
2021-02-07,Nevada,057,99092,3791,3643,149,3792,44
2021-02-07,Orange,059,3164182,241646,238155,9864,248019,3336
2021-02-07,Placer,061,380077,19903,18903,1035,19938,211
2021-02-07,Plumas,063,18699,630,584,10,594,2
2021-02-07,Riverside,065,2383286,279820,272301,13151,285452,3267
2021-02-07,Sacramento,067,1510023,90628,88919,1146,90065,1246
2021-02-07,San Benito,069,59416,5582,5548,80,5628,52
2021-02-07,San Bernardino,071,2135413,281555,274316,8348,282664,2587
2021-02-07,San Diego,073,3302833,255676,246561,12248,258809,2821
2021-02-07,San Francisco,075,870044,32973,32609,960,33569,348
2021-02-07,San Joaquin,077,732212,64574,63051,2602,65653,929
2021-02-07,San Luis Obispo,079,281455,18911,18349,511,18860,214
2021-02-07,San Mateo,081,765935,38174,36984,383,37367,232
2021-02-07,Santa Barbara,083,443738,30818,29815,978,30793,340
2021-02-07,Santa Clara,085,1922200,106219,105118,510,105628,1450
2021-02-07,Santa Cruz,087,273765,14897,13887,739,14626,161
2021-02-07,Shasta,089,179085,10607,10570,1136,11706,137
2021-02-07,Sierra,091,2930,49,43,12,55,0
2021-02-07,Siskiyou,093,43540,1394,1295,212,1507,4
2021-02-07,Solano,095,438530,28944,28567,335,28902,130
2021-02-07,Sonoma,097,501317,26795,26684,155,26839,257
2021-02-07,Stanislaus,099,539301,48668,47551,5059,52610,679
2021-02-07,Sutter,101,95872,8564,8515,79,8594,92
2021-02-07,Tehama,103,63373,4480,4396,478,4874,22
2021-02-07,Trinity,105,12862,447,264,68,332,3
2021-02-07,Tulare,107,460477,46845,45520,7338,52858,671
2021-02-07,Tuolumne,109,53932,3635,3619,31,3650,48
2021-02-07,Ventura,111,848112,74899,73759,2652,76411,561
2021-02-07,Yolo,113,214977,12427,12135,198,12333,162
2021-02-07,Yuba,115,75493,5308,5198,79,5277,35
2021-02-06,Alameda,001,1643700,77658,76170,1645,77815,922
2021-02-06,Alpine,003,1148,74,72,0,72,0
2021-02-06,Amador,005,37829,3357,3306,28,3334,33
2021-02-06,Butte,007,227075,10977,10480,1544,12024,150
2021-02-06,Calaveras,009,45235,1855,1832,11,1843,21
2021-02-06,Colusa,011,21464,1812,1791,233,2024,10
2021-02-06,Contra Costa,013,1133247,60329,58567,1018,59585,566
2021-02-06,Del Norte,015,27424,919,879,4,883,2
2021-02-06,El Dorado,017,186661,8811,8575,578,9153,86
2021-02-06,Fresno,019,978130,93321,90944,7268,98212,1207
2021-02-06,Glenn,021,27897,2188,2136,469,2605,14
2021-02-06,Humboldt,023,135768,2935,2880,19,2899,28
2021-02-06,Imperial,025,180216,26914,26514,2436,28950,567
2021-02-06,Inyo,027,18085,1160,1113,8,1121,27
2021-02-06,Kern,029,883053,90564,87919,9061,96980,912
2021-02-06,Kings,031,150075,21651,21156,923,22079,190
2021-02-06,Lake,033,64148,3008,2920,1,2921,34
2021-02-06,Lassen,035,31185,5019,4964,88,5052,1
2021-02-06,Los Angeles,037,10098052,1147028,1114718,37807,1152525,17793
2021-02-06,Madera,039,155013,15122,14807,755,15562,93
2021-02-06,Marin,041,260295,12728,12531,149,12680,194
2021-02-06,Mariposa,043,17540,366,355,3,358,4
2021-02-06,Mendocino,045,87422,3483,3316,67,3383,38
2021-02-06,Merced,047,269075,27128,26881,809,27690,346
2021-02-06,Modoc,049,8938,331,313,106,419,3
2021-02-06,Mono,051,14174,1154,1159,16,1175,3
2021-02-06,Monterey,053,433212,40754,39995,1533,41528,282
2021-02-06,Napa,055,140530,8750,8639,33,8672,55
2021-02-06,Nevada,057,99092,3779,3624,149,3773,43
2021-02-06,Orange,059,3164182,241282,237391,9830,247221,3293
2021-02-06,Placer,061,380077,19866,18836,1032,19868,211
2021-02-06,Plumas,063,18699,630,584,10,594,2
2021-02-06,Riverside,065,2383286,279451,271741,13132,284873,3243
2021-02-06,Sacramento,067,1510023,90411,88532,1136,89668,1237
2021-02-06,San Benito,069,59416,5564,5516,80,5596,52
2021-02-06,San Bernardino,071,2135413,281245,273718,8325,282043,2564
2021-02-06,San Diego,073,3302833,255180,245331,12213,257544,2812
2021-02-06,San Francisco,075,870044,32899,32437,950,33387,346
2021-02-06,San Joaquin,077,732212,64495,62840,2591,65431,906
2021-02-06,San Luis Obispo,079,281455,18869,18284,507,18791,214
2021-02-06,San Mateo,081,765935,38106,36824,380,37204,232
2021-02-06,Santa Barbara,083,443738,30742,29645,976,30621,337
2021-02-06,Santa Clara,085,1922200,105997,104639,505,105144,1439
2021-02-06,Santa Cruz,087,273765,14866,13845,735,14580,161
2021-02-06,Shasta,089,179085,10596,10561,1134,11695,137
2021-02-06,Sierra,091,2930,49,43,12,55,0
2021-02-06,Siskiyou,093,43540,1391,1289,211,1500,4
2021-02-06,Solano,095,438530,28908,28446,334,28780,129
2021-02-06,Sonoma,097,501317,26758,26564,153,26717,257
2021-02-06,Stanislaus,099,539301,48572,47325,5043,52368,679
2021-02-06,Sutter,101,95872,8556,8485,79,8564,92
2021-02-06,Tehama,103,63373,4471,4380,477,4857,22
2021-02-06,Trinity,105,12862,447,263,68,331,3
2021-02-06,Tulare,107,460477,46777,45349,7291,52640,664
2021-02-06,Tuolumne,109,53932,3628,3612,31,3643,48
2021-02-06,Ventura,111,848112,74719,73431,2646,76077,552
2021-02-06,Yolo,113,214977,12404,12061,198,12259,161
2021-02-06,Yuba,115,75493,5298,5177,78,5255,35
2021-02-05,Alameda,001,1643700,77430,75716,1643,77359,916
2021-02-05,Alpine,003,1148,74,72,0,72,0
2021-02-05,Amador,005,37829,3352,3299,27,3326,33
2021-02-05,Butte,007,227075,10958,10421,1537,11958,150
2021-02-05,Calaveras,009,45235,1851,1818,11,1829,21
2021-02-05,Colusa,011,21464,1808,1785,233,2018,10
2021-02-05,Contra Costa,013,1133247,60168,58195,1016,59211,560
2021-02-05,Del Norte,015,27424,918,874,4,878,2
2021-02-05,El Dorado,017,186661,8791,8527,576,9103,86
2021-02-05,Fresno,019,978130,93119,90513,7247,97760,1194
2021-02-05,Glenn,021,27897,2185,2122,463,2585,14
2021-02-05,Humboldt,023,135768,2925,2857,19,2876,28
2021-02-05,Imperial,025,180216,26895,26474,2435,28909,557
2021-02-05,Inyo,027,18085,1156,1104,8,1112,27
2021-02-05,Kern,029,883053,90395,87470,8994,96464,906
2021-02-05,Kings,031,150075,21613,21021,920,21941,190
2021-02-05,Lake,033,64148,2996,2906,1,2907,33
2021-02-05,Lassen,035,31185,5015,4936,88,5024,1
2021-02-05,Los Angeles,037,10098052,1144927,1110384,37674,1148058,17608
2021-02-05,Madera,039,155013,15088,14752,750,15502,95
2021-02-05,Marin,041,260295,12693,12479,149,12628,193
2021-02-05,Mariposa,043,17540,366,352,3,355,4
2021-02-05,Mendocino,045,87422,3469,3272,67,3339,38
2021-02-05,Merced,047,269075,27068,26760,808,27568,345
2021-02-05,Modoc,049,8938,331,312,106,418,3
2021-02-05,Mono,051,14174,1153,1157,16,1173,3
2021-02-05,Monterey,053,433212,40687,39840,1522,41362,281
2021-02-05,Napa,055,140530,8736,8598,33,8631,55
2021-02-05,Nevada,057,99092,3776,3607,149,3756,43
2021-02-05,Orange,059,3164182,240855,236335,9803,246138,3260
2021-02-05,Placer,061,380077,19830,18756,1030,19786,211
2021-02-05,Plumas,063,18699,628,578,10,588,2
2021-02-05,Riverside,065,2383286,279037,270666,13113,283779,3235
2021-02-05,Sacramento,067,1510023,90231,87992,1129,89121,1231
2021-02-05,San Benito,069,59416,5553,5502,80,5582,51
2021-02-05,San Bernardino,071,2135413,280901,272938,8307,281245,2495
2021-02-05,San Diego,073,3302833,254604,244066,12178,256244,2777
2021-02-05,San Francisco,075,870044,32809,32229,939,33168,337
2021-02-05,San Joaquin,077,732212,64346,62565,2583,65148,902
2021-02-05,San Luis Obispo,079,281455,18808,18152,503,18655,213
2021-02-05,San Mateo,081,765935,38023,36582,379,36961,227
2021-02-05,Santa Barbara,083,443738,30645,29455,963,30418,334
2021-02-05,Santa Clara,085,1922200,105749,104112,503,104615,1421
2021-02-05,Santa Cruz,087,273765,14845,13776,733,14509,161
2021-02-05,Shasta,089,179085,10580,10507,1127,11634,136
2021-02-05,Sierra,091,2930,49,42,12,54,0
2021-02-05,Siskiyou,093,43540,1384,1276,209,1485,4
2021-02-05,Solano,095,438530,28858,28283,334,28617,127
2021-02-05,Sonoma,097,501317,26689,26423,150,26573,252
2021-02-05,Stanislaus,099,539301,48427,47024,5025,52049,678
2021-02-05,Sutter,101,95872,8536,8443,79,8522,92
2021-02-05,Tehama,103,63373,4462,4355,476,4831,22
2021-02-05,Trinity,105,12862,446,260,68,328,3
2021-02-05,Tulare,107,460477,46701,45138,7241,52379,663
2021-02-05,Tuolumne,109,53932,3602,3595,31,3626,45
2021-02-05,Ventura,111,848112,74474,72953,2634,75587,546
2021-02-05,Yolo,113,214977,12385,12025,193,12218,162
2021-02-05,Yuba,115,75493,5281,5145,78,5223,35
2021-02-04,Alameda,001,1643700,77145,75422,1637,77059,899
2021-02-04,Alpine,003,1148,73,72,0,72,0
2021-02-04,Amador,005,37829,3349,3288,27,3315,33
2021-02-04,Butte,007,227075,10925,10386,1529,11915,147
2021-02-04,Calaveras,009,45235,1849,1808,11,1819,21
2021-02-04,Colusa,011,21464,1804,1777,231,2008,10
2021-02-04,Contra Costa,013,1133247,59980,57991,1012,59003,550
2021-02-04,Del Norte,015,27424,912,870,4,874,2
2021-02-04,El Dorado,017,186661,8765,8490,573,9063,86
2021-02-04,Fresno,019,978130,92904,90126,7220,97346,1114
2021-02-04,Glenn,021,27897,2180,2102,462,2564,14
2021-02-04,Humboldt,023,135768,2915,2827,19,2846,28
2021-02-04,Imperial,025,180216,26850,26411,2433,28844,556
2021-02-04,Inyo,027,18085,1144,1084,8,1092,27
2021-02-04,Kern,029,883053,90121,87156,8917,96073,898
2021-02-04,Kings,031,150075,21562,20918,913,21831,187
2021-02-04,Lake,033,64148,2984,2882,1,2883,34
2021-02-04,Lassen,035,31185,5012,4927,88,5015,1
2021-02-04,Los Angeles,037,10098052,1142128,1106323,37547,1143870,17396
2021-02-04,Madera,039,155013,15058,14706,747,15453,95
2021-02-04,Marin,041,260295,12657,12431,149,12580,192
2021-02-04,Mariposa,043,17540,366,348,3,351,4
2021-02-04,Mendocino,045,87422,3451,3240,65,3305,38
2021-02-04,Merced,047,269075,26974,26629,805,27434,345
2021-02-04,Modoc,049,8938,331,309,106,415,3
2021-02-04,Mono,051,14174,1151,1153,16,1169,3
2021-02-04,Monterey,053,433212,40576,39619,1505,41124,279
2021-02-04,Napa,055,140530,8707,8573,33,8606,55
2021-02-04,Nevada,057,99092,3756,3590,148,3738,37
2021-02-04,Orange,059,3164182,240211,235677,9761,245438,3238
2021-02-04,Placer,061,380077,19770,18711,1021,19732,210
2021-02-04,Plumas,063,18699,625,562,10,572,2
2021-02-04,Riverside,065,2383286,278273,269851,13074,282925,3230
2021-02-04,Sacramento,067,1510023,89930,87658,1119,88777,1222
2021-02-04,San Benito,069,59416,5539,5488,79,5567,51
2021-02-04,San Bernardino,071,2135413,280352,272223,8287,280510,2409
2021-02-04,San Diego,073,3302833,253816,242613,12112,254725,2738
2021-02-04,San Francisco,075,870044,32695,32116,930,33046,326
2021-02-04,San Joaquin,077,732212,64121,62374,2575,64949,883
2021-02-04,San Luis Obispo,079,281455,18741,18058,501,18559,211
2021-02-04,San Mateo,081,765935,37902,36437,376,36813,226
2021-02-04,Santa Barbara,083,443738,30510,29344,946,30290,322
2021-02-04,Santa Clara,085,1922200,105406,103781,500,104281,1404
2021-02-04,Santa Cruz,087,273765,14812,13713,725,14438,156
2021-02-04,Shasta,089,179085,10554,10466,1122,11588,131
2021-02-04,Sierra,091,2930,49,42,12,54,0
2021-02-04,Siskiyou,093,43540,1375,1273,209,1482,4
2021-02-04,Solano,095,438530,28755,28192,332,28524,120
2021-02-04,Sonoma,097,501317,26607,26276,146,26422,249
2021-02-04,Stanislaus,099,539301,48265,46822,5006,51828,678
2021-02-04,Sutter,101,95872,8516,8401,79,8480,92
2021-02-04,Tehama,103,63373,4445,4327,475,4802,21
2021-02-04,Trinity,105,12862,445,260,67,327,3
2021-02-04,Tulare,107,460477,46574,44983,7179,52162,656
2021-02-04,Tuolumne,109,53932,3562,3585,31,3616,45
2021-02-04,Ventura,111,848112,74142,72595,2621,75216,537
2021-02-04,Yolo,113,214977,12351,11982,192,12174,161
2021-02-04,Yuba,115,75493,5255,5135,78,5213,34
2021-02-03,Alameda,001,1643700,76820,74968,1633,76601,880
2021-02-03,Alpine,003,1148,73,72,0,72,0
2021-02-03,Amador,005,37829,3345,3281,27,3308,33
2021-02-03,Butte,007,227075,10894,10355,1522,11877,144
2021-02-03,Calaveras,009,45235,1834,1799,11,1810,21
2021-02-03,Colusa,011,21464,1799,1773,230,2003,10
2021-02-03,Contra Costa,013,1133247,59740,57762,1000,58762,537
2021-02-03,Del Norte,015,27424,907,869,4,873,2
2021-02-03,El Dorado,017,186661,8744,8428,572,9000,86
2021-02-03,Fresno,019,978130,92683,89748,7181,96929,1015
2021-02-03,Glenn,021,27897,2170,2098,461,2559,14
2021-02-03,Humboldt,023,135768,2905,2800,19,2819,27
2021-02-03,Imperial,025,180216,26814,26363,2427,28790,547
2021-02-03,Inyo,027,18085,1134,1071,8,1079,27
2021-02-03,Kern,029,883053,89878,86771,8876,95647,877
2021-02-03,Kings,031,150075,21501,20831,911,21742,172
2021-02-03,Lake,033,64148,2966,2869,1,2870,33
2021-02-03,Lassen,035,31185,5000,4910,88,4998,1
2021-02-03,Los Angeles,037,10098052,1139046,1101890,37423,1139313,17163
2021-02-03,Madera,039,155013,15019,14605,745,15350,94
2021-02-03,Marin,041,260295,12622,12406,149,12555,190
2021-02-03,Mariposa,043,17540,365,347,3,350,4
2021-02-03,Mendocino,045,87422,3425,3236,64,3300,38
2021-02-03,Merced,047,269075,26859,26520,800,27320,343
2021-02-03,Modoc,049,8938,330,308,106,414,3
2021-02-03,Mono,051,14174,1144,1146,16,1162,3
2021-02-03,Monterey,053,433212,40449,39500,1488,40988,279
2021-02-03,Napa,055,140530,8672,8534,33,8567,54
2021-02-03,Nevada,057,99092,3742,3572,148,3720,35
2021-02-03,Orange,059,3164182,239467,234738,9729,244467,3189
2021-02-03,Placer,061,380077,19715,18646,1019,19665,210
2021-02-03,Plumas,063,18699,625,559,10,569,2
2021-02-03,Riverside,065,2383286,277532,269019,13043,282062,3195
2021-02-03,Sacramento,067,1510023,89607,87415,1115,88530,1212
2021-02-03,San Benito,069,59416,5521,5463,76,5539,51
2021-02-03,San Bernardino,071,2135413,279865,271477,8264,279741,2308
2021-02-03,San Diego,073,3302833,252914,241015,12066,253081,2683
2021-02-03,San Francisco,075,870044,32565,31983,925,32908,325
2021-02-03,San Joaquin,077,732212,63893,61976,2565,64541,880
2021-02-03,San Luis Obispo,079,281455,18663,17922,498,18420,206
2021-02-03,San Mateo,081,765935,37764,36227,372,36599,225
2021-02-03,Santa Barbara,083,443738,30361,29121,936,30057,315
2021-02-03,Santa Clara,085,1922200,105090,103278,498,103776,1364
2021-02-03,Santa Cruz,087,273765,14757,13611,719,14330,154
2021-02-03,Shasta,089,179085,10511,10422,1117,11539,130
2021-02-03,Sierra,091,2930,49,42,12,54,0
2021-02-03,Siskiyou,093,43540,1364,1268,208,1476,4
2021-02-03,Solano,095,438530,28633,28057,332,28389,119
2021-02-03,Sonoma,097,501317,26523,26155,145,26300,248
2021-02-03,Stanislaus,099,539301,48089,46598,4987,51585,662
2021-02-03,Sutter,101,95872,8491,8379,79,8458,90
2021-02-03,Tehama,103,63373,4427,4309,472,4781,21
2021-02-03,Trinity,105,12862,445,260,66,326,3
2021-02-03,Tulare,107,460477,46403,44838,7123,51961,640
2021-02-03,Tuolumne,109,53932,3551,3568,31,3599,45
2021-02-03,Ventura,111,848112,73805,72124,2611,74735,526
2021-02-03,Yolo,113,214977,12326,11933,191,12124,161
2021-02-03,Yuba,115,75493,5237,5124,78,5202,34
2021-02-02,Alameda,001,1643700,76475,74642,1621,76263,869
2021-02-02,Alpine,003,1148,73,72,0,72,0
2021-02-02,Amador,005,37829,3314,3275,27,3302,33
2021-02-02,Butte,007,227075,10868,10307,1513,11820,141
2021-02-02,Calaveras,009,45235,1825,1786,11,1797,21
2021-02-02,Colusa,011,21464,1791,1769,225,1994,9
2021-02-02,Contra Costa,013,1133247,59460,57551,996,58547,536
2021-02-02,Del Norte,015,27424,901,868,4,872,2
2021-02-02,El Dorado,017,186661,8704,8405,572,8977,84
2021-02-02,Fresno,019,978130,92382,89542,7145,96687,1009
2021-02-02,Glenn,021,27897,2158,2090,458,2548,14
2021-02-02,Humboldt,023,135768,2893,2784,19,2803,25
2021-02-02,Imperial,025,180216,26761,26317,2421,28738,535
2021-02-02,Inyo,027,18085,1131,1074,8,1082,27
2021-02-02,Kern,029,883053,89575,86485,8800,95285,867
2021-02-02,Kings,031,150075,21423,20785,903,21688,172
2021-02-02,Lake,033,64148,2946,2857,1,2858,33
2021-02-02,Lassen,035,31185,4993,4908,88,4996,1
2021-02-02,Los Angeles,037,10098052,1135662,1097573,37259,1134832,16913
2021-02-02,Madera,039,155013,14968,14595,740,15335,94
2021-02-02,Marin,041,260295,12593,12367,149,12516,189
2021-02-02,Mariposa,043,17540,362,345,3,348,4
2021-02-02,Mendocino,045,87422,3392,3210,64,3274,38
2021-02-02,Merced,047,269075,26762,26427,793,27220,340
2021-02-02,Modoc,049,8938,325,306,106,412,3
2021-02-02,Mono,051,14174,1142,1147,16,1163,3
2021-02-02,Monterey,053,433212,40314,39371,1474,40845,278
2021-02-02,Napa,055,140530,8643,8505,33,8538,53
2021-02-02,Nevada,057,99092,3727,3548,148,3696,20
2021-02-02,Orange,059,3164182,238665,233783,9694,243477,3152
2021-02-02,Placer,061,380077,19657,18615,1015,19630,205
2021-02-02,Plumas,063,18699,625,560,10,570,2
2021-02-02,Riverside,065,2383286,276673,267901,13009,280910,3169
2021-02-02,Sacramento,067,1510023,89317,87107,1104,88211,1202
2021-02-02,San Benito,069,59416,5507,5444,75,5519,50
2021-02-02,San Bernardino,071,2135413,279185,270486,8234,278720,2244
2021-02-02,San Diego,073,3302833,251875,240047,11979,252026,2629
2021-02-02,San Francisco,075,870044,32411,31788,915,32703,324
2021-02-02,San Joaquin,077,732212,63672,61708,2551,64259,878
2021-02-02,San Luis Obispo,079,281455,18569,17811,496,18307,201
2021-02-02,San Mateo,081,765935,37600,36004,366,36370,225
2021-02-02,Santa Barbara,083,443738,30190,28951,929,29880,304
2021-02-02,Santa Clara,085,1922200,104624,102872,493,103365,1349
2021-02-02,Santa Cruz,087,273765,14698,13572,715,14287,150
2021-02-02,Shasta,089,179085,10485,10371,1107,11478,128
2021-02-02,Sierra,091,2930,49,42,12,54,0
2021-02-02,Siskiyou,093,43540,1357,1252,205,1457,4
2021-02-02,Solano,095,438530,28537,27963,328,28291,118
2021-02-02,Sonoma,097,501317,26407,26054,145,26199,247
2021-02-02,Stanislaus,099,539301,47869,46306,4955,51261,641
2021-02-02,Sutter,101,95872,8468,8340,79,8419,89
2021-02-02,Tehama,103,63373,4413,4289,471,4760,21
2021-02-02,Trinity,105,12862,445,260,66,326,3
2021-02-02,Tulare,107,460477,46247,44720,7057,51777,625
2021-02-02,Tuolumne,109,53932,3539,3548,31,3579,39
2021-02-02,Ventura,111,848112,73387,71557,2601,74158,514
2021-02-02,Yolo,113,214977,12281,11886,184,12070,158
2021-02-02,Yuba,115,75493,5219,5111,77,5188,34
2021-02-01,Alameda,001,1643700,76119,74374,1616,75990,858
2021-02-01,Alpine,003,1148,73,72,0,72,0
2021-02-01,Amador,005,37829,3303,3234,27,3261,32
2021-02-01,Butte,007,227075,10824,10263,1509,11772,141
2021-02-01,Calaveras,009,45235,1818,1785,11,1796,21
2021-02-01,Colusa,011,21464,1786,1763,216,1979,9
2021-02-01,Contra Costa,013,1133247,59216,57324,995,58319,531
2021-02-01,Del Norte,015,27424,897,865,4,869,2
2021-02-01,El Dorado,017,186661,8665,8337,572,8909,83
2021-02-01,Fresno,019,978130,92050,89272,7110,96382,994
2021-02-01,Glenn,021,27897,2142,2086,450,2536,14
2021-02-01,Humboldt,023,135768,2872,2773,18,2791,25
2021-02-01,Imperial,025,180216,26716,26224,2419,28643,530
2021-02-01,Inyo,027,18085,1121,1072,8,1080,27
2021-02-01,Kern,029,883053,89178,86170,8731,94901,862
2021-02-01,Kings,031,150075,21332,20746,895,21641,172
2021-02-01,Lake,033,64148,2930,2843,1,2844,33
2021-02-01,Lassen,035,31185,4973,4907,88,4995,1
2021-02-01,Los Angeles,037,10098052,1131838,1094341,37091,1131432,16695
2021-02-01,Madera,039,155013,14933,14572,737,15309,94
2021-02-01,Marin,041,260295,12554,12341,148,12489,188
2021-02-01,Mariposa,043,17540,360,344,3,347,4
2021-02-01,Mendocino,045,87422,3359,3192,64,3256,37
2021-02-01,Merced,047,269075,26638,26282,784,27066,337
2021-02-01,Modoc,049,8938,319,303,102,405,1
2021-02-01,Mono,051,14174,1139,1145,16,1161,3
2021-02-01,Monterey,053,433212,40130,39196,1452,40648,278
2021-02-01,Napa,055,140530,8611,8449,33,8482,52
2021-02-01,Nevada,057,99092,3710,3535,147,3682,20
2021-02-01,Orange,059,3164182,237752,233155,9648,242803,3100
2021-02-01,Placer,061,380077,19591,18574,1008,19582,204
2021-02-01,Plumas,063,18699,623,554,10,564,2
2021-02-01,Riverside,065,2383286,275736,267025,12972,279997,3092
2021-02-01,Sacramento,067,1510023,88916,86856,1093,87949,1193
2021-02-01,San Benito,069,59416,5489,5432,75,5507,48
2021-02-01,San Bernardino,071,2135413,278489,270012,8194,278206,2172
2021-02-01,San Diego,073,3302833,250651,239121,11903,251024,2619
2021-02-01,San Francisco,075,870044,32276,31703,903,32606,324
2021-02-01,San Joaquin,077,732212,63466,61542,2540,64082,877
2021-02-01,San Luis Obispo,079,281455,18449,17690,489,18179,199
2021-02-01,San Mateo,081,765935,37451,35843,366,36209,220
2021-02-01,Santa Barbara,083,443738,30021,28837,921,29758,297
2021-02-01,Santa Clara,085,1922200,104207,102462,492,102954,1343
2021-02-01,Santa Cruz,087,273765,14645,13524,713,14237,149
2021-02-01,Shasta,089,179085,10460,10329,1101,11430,112
2021-02-01,Sierra,091,2930,49,42,12,54,0
2021-02-01,Siskiyou,093,43540,1350,1238,202,1440,4
2021-02-01,Solano,095,438530,28432,27844,327,28171,117
2021-02-01,Sonoma,097,501317,26319,26011,144,26155,243
2021-02-01,Stanislaus,099,539301,47612,46112,4927,51039,642
2021-02-01,Sutter,101,95872,8429,8313,79,8392,89
2021-02-01,Tehama,103,63373,4387,4263,471,4734,21
2021-02-01,Trinity,105,12862,443,260,66,326,3
2021-02-01,Tulare,107,460477,46102,44569,6976,51545,618
2021-02-01,Tuolumne,109,53932,3531,3534,31,3565,39
2021-02-01,Ventura,111,848112,72982,71104,2584,73688,502
2021-02-01,Yolo,113,214977,12233,11824,176,12000,151
2021-02-01,Yuba,115,75493,5205,5084,76,5160,33
2021-01-31,Alameda,001,1643700,75691,73979,1608,75587,857
2021-01-31,Alpine,003,1148,73,72,0,72,0
2021-01-31,Amador,005,37829,3293,3212,25,3237,32
2021-01-31,Butte,007,227075,10779,10215,1499,11714,140
2021-01-31,Calaveras,009,45235,1798,1778,11,1789,21
2021-01-31,Colusa,011,21464,1780,1754,211,1965,9
2021-01-31,Contra Costa,013,1133247,58884,57079,995,58074,531
2021-01-31,Del Norte,015,27424,895,865,4,869,2
2021-01-31,El Dorado,017,186661,8629,8317,570,8887,83
2021-01-31,Fresno,019,978130,91738,88852,7056,95908,994
2021-01-31,Glenn,021,27897,2131,2083,449,2532,14
2021-01-31,Humboldt,023,135768,2856,2767,18,2785,25
2021-01-31,Imperial,025,180216,26644,26206,2410,28616,530
2021-01-31,Inyo,027,18085,1108,1072,8,1080,27
2021-01-31,Kern,029,883053,88682,85872,8645,94517,861
2021-01-31,Kings,031,150075,21247,20709,883,21592,172
2021-01-31,Lake,033,64148,2909,2826,1,2827,33
2021-01-31,Lassen,035,31185,4957,4900,88,4988,1
2021-01-31,Los Angeles,037,10098052,1127212,1090304,36887,1127191,16609
2021-01-31,Madera,039,155013,14879,14496,729,15225,94
2021-01-31,Marin,041,260295,12507,12297,144,12441,185
2021-01-31,Mariposa,043,17540,358,344,3,347,4
2021-01-31,Mendocino,045,87422,3336,3181,63,3244,37
2021-01-31,Merced,047,269075,26494,26222,779,27001,337
2021-01-31,Modoc,049,8938,316,304,100,404,1
2021-01-31,Mono,051,14174,1136,1146,16,1162,3
2021-01-31,Monterey,053,433212,39951,39035,1425,40460,278
2021-01-31,Napa,055,140530,8569,8404,33,8437,52
2021-01-31,Nevada,057,99092,3688,3518,145,3663,20
2021-01-31,Orange,059,3164182,236735,232347,9607,241954,3053
2021-01-31,Placer,061,380077,19514,18506,997,19503,204
2021-01-31,Plumas,063,18699,622,554,10,564,2
2021-01-31,Riverside,065,2383286,274719,266145,12925,279070,3074
2021-01-31,Sacramento,067,1510023,88473,86560,1079,87639,1186
2021-01-31,San Benito,069,59416,5467,5425,73,5498,48
2021-01-31,San Bernardino,071,2135413,277462,269533,8163,277696,2156
2021-01-31,San Diego,073,3302833,249338,238039,11789,249828,2619
2021-01-31,San Francisco,075,870044,32085,31563,892,32455,323
2021-01-31,San Joaquin,077,732212,63065,61379,2531,63910,877
2021-01-31,San Luis Obispo,079,281455,18315,17615,484,18099,199
2021-01-31,San Mateo,081,765935,37261,35659,363,36022,219
2021-01-31,Santa Barbara,083,443738,29777,28570,912,29482,297
2021-01-31,Santa Clara,085,1922200,103657,101986,483,102469,1330
2021-01-31,Santa Cruz,087,273765,14550,13469,699,14168,149
2021-01-31,Shasta,089,179085,10415,10313,1092,11405,112
2021-01-31,Sierra,091,2930,48,43,12,55,0
2021-01-31,Siskiyou,093,43540,1340,1238,202,1440,4
2021-01-31,Solano,095,438530,28302,27678,326,28004,118
2021-01-31,Sonoma,097,501317,26216,25925,143,26068,243
2021-01-31,Stanislaus,099,539301,47328,45971,4895,50866,642
2021-01-31,Sutter,101,95872,8384,8289,79,8368,89
2021-01-31,Tehama,103,63373,4365,4256,470,4726,21
2021-01-31,Trinity,105,12862,441,260,66,326,3
2021-01-31,Tulare,107,460477,45934,44440,6895,51335,618
2021-01-31,Tuolumne,109,53932,3493,3519,31,3550,39
2021-01-31,Ventura,111,848112,72387,70635,2571,73206,502
2021-01-31,Yolo,113,214977,12172,11771,170,11941,151
2021-01-31,Yuba,115,75493,5185,5071,76,5147,33
2021-01-30,Alameda,001,1643700,75485,73622,1603,75225,850
2021-01-30,Alpine,003,1148,73,72,0,72,0
2021-01-30,Amador,005,37829,3289,3181,25,3206,32
2021-01-30,Butte,007,227075,10745,10177,1490,11667,139
2021-01-30,Calaveras,009,45235,1785,1763,11,1774,21
2021-01-30,Colusa,011,21464,1778,1748,211,1959,9
2021-01-30,Contra Costa,013,1133247,58701,56763,991,57754,531
2021-01-30,Del Norte,015,27424,894,865,4,869,2
2021-01-30,El Dorado,017,186661,8609,8299,569,8868,83
2021-01-30,Fresno,019,978130,91558,88476,7036,95512,964
2021-01-30,Glenn,021,27897,2128,2074,447,2521,14
2021-01-30,Humboldt,023,135768,2845,2742,18,2760,24
2021-01-30,Imperial,025,180216,26620,26160,2408,28568,530
2021-01-30,Inyo,027,18085,1104,1068,8,1076,27
2021-01-30,Kern,029,883053,88481,85572,8579,94151,848
2021-01-30,Kings,031,150075,21176,20605,878,21483,169
2021-01-30,Lake,033,64148,2903,2809,1,2810,33
2021-01-30,Lassen,035,31185,4953,4890,88,4978,1
2021-01-30,Los Angeles,037,10098052,1124813,1084763,36744,1121507,16484
2021-01-30,Madera,039,155013,14837,14443,724,15167,94
2021-01-30,Marin,041,260295,12479,12225,143,12368,185
2021-01-30,Mariposa,043,17540,356,344,3,347,4
2021-01-30,Mendocino,045,87422,3322,3153,62,3215,36
2021-01-30,Merced,047,269075,26420,26078,777,26855,335
2021-01-30,Modoc,049,8938,316,303,100,403,1
2021-01-30,Mono,051,14174,1136,1143,16,1159,3
2021-01-30,Monterey,053,433212,39891,38847,1422,40269,277
2021-01-30,Napa,055,140530,8553,8342,33,8375,52
2021-01-30,Nevada,057,99092,3669,3499,145,3644,20
2021-01-30,Orange,059,3164182,236190,231358,9570,240928,3013
2021-01-30,Placer,061,380077,19461,18430,991,19421,205
2021-01-30,Plumas,063,18699,620,554,10,564,2
2021-01-30,Riverside,065,2383286,274121,265137,12894,278031,3061
2021-01-30,Sacramento,067,1510023,88280,86388,1074,87462,1184
2021-01-30,San Benito,069,59416,5449,5401,72,5473,48
2021-01-30,San Bernardino,071,2135413,277038,268660,8144,276804,2122
2021-01-30,San Diego,073,3302833,248573,236765,11744,248509,2603
2021-01-30,San Francisco,075,870044,31984,31427,889,32316,316
2021-01-30,San Joaquin,077,732212,62933,61120,2522,63642,864
2021-01-30,San Luis Obispo,079,281455,18235,17522,482,18004,198
2021-01-30,San Mateo,081,765935,37122,35451,362,35813,219
2021-01-30,Santa Barbara,083,443738,29635,28342,910,29252,296
2021-01-30,Santa Clara,085,1922200,103310,101471,480,101951,1307
2021-01-30,Santa Cruz,087,273765,14510,13383,698,14081,149
2021-01-30,Shasta,089,179085,10396,10283,1089,11372,112
2021-01-30,Sierra,091,2930,48,43,12,55,0
2021-01-30,Siskiyou,093,43540,1337,1236,201,1437,4
2021-01-30,Solano,095,438530,28219,27511,324,27835,118
2021-01-30,Sonoma,097,501317,26168,25810,140,25950,243
2021-01-30,Stanislaus,099,539301,47198,45697,4868,50565,642
2021-01-30,Sutter,101,95872,8368,8226,79,8305,87
2021-01-30,Tehama,103,63373,4352,4229,469,4698,21
2021-01-30,Trinity,105,12862,441,259,66,325,3
2021-01-30,Tulare,107,460477,45798,44203,6858,51061,615
2021-01-30,Tuolumne,109,53932,3489,3508,31,3539,36
2021-01-30,Ventura,111,848112,72074,69931,2557,72488,493
2021-01-30,Yolo,113,214977,12158,11698,169,11867,151
2021-01-30,Yuba,115,75493,5175,5042,75,5117,33
2021-01-29,Alameda,001,1643700,75218,73210,1596,74806,841
2021-01-29,Alpine,003,1148,73,72,0,72,0
2021-01-29,Amador,005,37829,3277,3134,24,3158,32
2021-01-29,Butte,007,227075,10713,10122,1480,11602,138
2021-01-29,Calaveras,009,45235,1774,1757,11,1768,21
2021-01-29,Colusa,011,21464,1774,1734,210,1944,8
2021-01-29,Contra Costa,013,1133247,58530,56318,989,57307,529
2021-01-29,Del Norte,015,27424,893,865,4,869,2
2021-01-29,El Dorado,017,186661,8592,8231,568,8799,83
2021-01-29,Fresno,019,978130,91343,87936,6998,94934,962
2021-01-29,Glenn,021,27897,2123,2061,446,2507,14
2021-01-29,Humboldt,023,135768,2832,2707,18,2725,24
2021-01-29,Imperial,025,180216,26605,26045,2405,28450,521
2021-01-29,Inyo,027,18085,1092,1048,8,1056,27
2021-01-29,Kern,029,883053,88254,85044,8527,93571,836
2021-01-29,Kings,031,150075,21137,20466,873,21339,169
2021-01-29,Lake,033,64148,2894,2792,1,2793,32
2021-01-29,Lassen,035,31185,4950,4874,88,4962,1
2021-01-29,Los Angeles,037,10098052,1121324,1078329,36590,1114919,16190
2021-01-29,Madera,039,155013,14786,14377,724,15101,94
2021-01-29,Marin,041,260295,12434,12145,142,12287,185
2021-01-29,Mariposa,043,17540,355,342,3,345,4
2021-01-29,Mendocino,045,87422,3313,3131,61,3192,36
2021-01-29,Merced,047,269075,26346,25865,772,26637,334
2021-01-29,Modoc,049,8938,315,297,100,397,1
2021-01-29,Mono,051,14174,1134,1139,16,1155,3
2021-01-29,Monterey,053,433212,39776,38539,1414,39953,277
2021-01-29,Napa,055,140530,8522,8276,33,8309,52
2021-01-29,Nevada,057,99092,3660,3487,144,3631,20
2021-01-29,Orange,059,3164182,235513,229917,9532,239449,2967
2021-01-29,Placer,061,380077,19408,18367,987,19354,203
2021-01-29,Plumas,063,18699,619,548,10,558,2
2021-01-29,Riverside,065,2383286,273319,263504,12861,276365,3008
2021-01-29,Sacramento,067,1510023,88026,86320,1070,87390,1169
2021-01-29,San Benito,069,59416,5441,5386,72,5458,48
2021-01-29,San Bernardino,071,2135413,276525,267490,8104,275594,2095
2021-01-29,San Diego,073,3302833,247631,234637,11666,246303,2571
2021-01-29,San Francisco,075,870044,31844,31294,881,32175,307
2021-01-29,San Joaquin,077,732212,62787,60899,2508,63407,858
2021-01-29,San Luis Obispo,079,281455,18175,17440,477,17917,193
2021-01-29,San Mateo,081,765935,36988,35223,359,35582,218
2021-01-29,Santa Barbara,083,443738,29501,28105,904,29009,291
2021-01-29,Santa Clara,085,1922200,102947,101010,478,101488,1273
2021-01-29,Santa Cruz,087,273765,14457,13311,695,14006,148
2021-01-29,Shasta,089,179085,10379,10220,1085,11305,112
2021-01-29,Sierra,091,2930,48,43,12,55,0
2021-01-29,Siskiyou,093,43540,1336,1227,201,1428,4
2021-01-29,Solano,095,438530,28136,27352,322,27674,116
2021-01-29,Sonoma,097,501317,26112,25710,139,25849,243
2021-01-29,Stanislaus,099,539301,47055,45466,4846,50312,642
2021-01-29,Sutter,101,95872,8349,8181,79,8260,87
2021-01-29,Tehama,103,63373,4340,4191,467,4658,20
2021-01-29,Trinity,105,12862,441,260,66,326,3
2021-01-29,Tulare,107,460477,45691,43925,6819,50744,606
2021-01-29,Tuolumne,109,53932,3479,3483,31,3514,36
2021-01-29,Ventura,111,848112,71650,69511,2543,72054,484
2021-01-29,Yolo,113,214977,12120,11612,168,11780,151
2021-01-29,Yuba,115,75493,5159,5018,75,5093,32
2021-01-28,Alameda,001,1643700,74793,72758,1588,74346,833
2021-01-28,Alpine,003,1148,73,72,0,72,0
2021-01-28,Amador,005,37829,3240,3124,24,3148,31
2021-01-28,Butte,007,227075,10672,10037,1469,11506,138
2021-01-28,Calaveras,009,45235,1761,1747,10,1757,21
2021-01-28,Colusa,011,21464,1767,1731,206,1937,8
2021-01-28,Contra Costa,013,1133247,58287,55999,979,56978,525
2021-01-28,Del Norte,015,27424,892,862,4,866,2
2021-01-28,El Dorado,017,186661,8578,8198,563,8761,79
2021-01-28,Fresno,019,978130,91055,87401,6948,94349,949
2021-01-28,Glenn,021,27897,2118,2043,439,2482,14
2021-01-28,Humboldt,023,135768,2815,2686,18,2704,24
2021-01-28,Imperial,025,180216,26561,25984,2398,28382,517
2021-01-28,Inyo,027,18085,1087,1039,8,1047,27
2021-01-28,Kern,029,883053,87925,84708,8443,93151,817
2021-01-28,Kings,031,150075,21077,20328,869,21197,167
2021-01-28,Lake,033,64148,2879,2772,1,2773,32
2021-01-28,Lassen,035,31185,4944,4865,88,4953,1
2021-01-28,Los Angeles,037,10098052,1117414,1072412,36401,1108813,15967
2021-01-28,Madera,039,155013,14730,14301,720,15021,94
2021-01-28,Marin,041,260295,12381,12079,141,12220,183
2021-01-28,Mariposa,043,17540,355,334,3,337,4
2021-01-28,Mendocino,045,87422,3296,3110,61,3171,36
2021-01-28,Merced,047,269075,26224,25620,760,26380,328
2021-01-28,Modoc,049,8938,314,297,100,397,0
2021-01-28,Mono,051,14174,1132,1131,16,1147,3
2021-01-28,Monterey,053,433212,39583,38312,1395,39707,274
2021-01-28,Napa,055,140530,8475,8233,33,8266,50
2021-01-28,Nevada,057,99092,3645,3452,143,3595,19
2021-01-28,Orange,059,3164182,234533,228636,9502,238138,2860
2021-01-28,Placer,061,380077,19347,18246,984,19230,198
2021-01-28,Plumas,063,18699,618,547,10,557,2
2021-01-28,Riverside,065,2383286,272539,262342,12813,275155,2981
2021-01-28,Sacramento,067,1510023,87664,85698,1059,86757,1149
2021-01-28,San Benito,069,59416,5423,5344,71,5415,47
2021-01-28,San Bernardino,071,2135413,275822,266456,8083,274539,2057
2021-01-28,San Diego,073,3302833,246479,232967,11577,244544,2534
2021-01-28,San Francisco,075,870044,31707,31193,865,32058,290
2021-01-28,San Joaquin,077,732212,62520,60627,2493,63120,854
2021-01-28,San Luis Obispo,079,281455,18075,17279,475,17754,189
2021-01-28,San Mateo,081,765935,36819,34931,343,35274,218
2021-01-28,Santa Barbara,083,443738,29277,27674,891,28565,284
2021-01-28,Santa Clara,085,1922200,102480,100470,476,100946,1219
2021-01-28,Santa Cruz,087,273765,14368,13188,689,13877,145
2021-01-28,Shasta,089,179085,10345,10176,1077,11253,110
2021-01-28,Sierra,091,2930,48,43,12,55,0
2021-01-28,Siskiyou,093,43540,1329,1218,199,1417,4
2021-01-28,Solano,095,438530,27975,27163,321,27484,114
2021-01-28,Sonoma,097,501317,26021,25564,139,25703,236
2021-01-28,Stanislaus,099,539301,46846,45162,4826,49988,640
2021-01-28,Sutter,101,95872,8302,8136,79,8215,85
2021-01-28,Tehama,103,63373,4317,4163,464,4627,20
2021-01-28,Trinity,105,12862,439,260,66,326,3
2021-01-28,Tulare,107,460477,45535,43742,6741,50483,595
2021-01-28,Tuolumne,109,53932,3465,3472,31,3503,32
2021-01-28,Ventura,111,848112,71137,68896,2526,71422,475
2021-01-28,Yolo,113,214977,12077,11500,163,11663,151
2021-01-28,Yuba,115,75493,5143,4994,74,5068,32
2021-01-27,Alameda,001,1643700,74374,72188,1580,73768,815
2021-01-27,Alpine,003,1148,73,72,0,72,0
2021-01-27,Amador,005,37829,3224,3116,24,3140,31
2021-01-27,Butte,007,227075,10633,9988,1456,11444,138
2021-01-27,Calaveras,009,45235,1752,1737,10,1747,21
2021-01-27,Colusa,011,21464,1761,1724,204,1928,8
2021-01-27,Contra Costa,013,1133247,57988,55578,976,56554,507
2021-01-27,Del Norte,015,27424,891,859,4,863,2
2021-01-27,El Dorado,017,186661,8552,8141,562,8703,76
2021-01-27,Fresno,019,978130,90764,86886,6906,93792,938
2021-01-27,Glenn,021,27897,2114,2042,438,2480,14
2021-01-27,Humboldt,023,135768,2793,2630,18,2648,24
2021-01-27,Imperial,025,180216,26507,25861,2383,28244,504
2021-01-27,Inyo,027,18085,1083,1023,8,1031,27
2021-01-27,Kern,029,883053,87614,84244,8373,92617,809
2021-01-27,Kings,031,150075,20971,20211,861,21072,167
2021-01-27,Lake,033,64148,2859,2750,1,2751,32
2021-01-27,Lassen,035,31185,4938,4851,88,4939,1
2021-01-27,Los Angeles,037,10098052,1112605,1066569,36190,1102759,15757
2021-01-27,Madera,039,155013,14689,14194,715,14909,86
2021-01-27,Marin,041,260295,12344,12028,140,12168,180
2021-01-27,Mariposa,043,17540,355,333,3,336,4
2021-01-27,Mendocino,045,87422,3276,3095,61,3156,36
2021-01-27,Merced,047,269075,26065,25439,749,26188,315
2021-01-27,Modoc,049,8938,314,297,97,394,0
2021-01-27,Mono,051,14174,1130,1131,16,1147,3
2021-01-27,Monterey,053,433212,39375,38139,1376,39515,268
2021-01-27,Napa,055,140530,8402,8187,33,8220,46
2021-01-27,Nevada,057,99092,3623,3431,143,3574,18
2021-01-27,Orange,059,3164182,233416,227110,9448,236558,2832
2021-01-27,Placer,061,380077,19275,18106,973,19079,198
2021-01-27,Plumas,063,18699,618,544,10,554,2
2021-01-27,Riverside,065,2383286,271342,260796,12761,273557,2931
2021-01-27,Sacramento,067,1510023,87304,85428,1048,86476,1142
2021-01-27,San Benito,069,59416,5408,5284,71,5355,47
2021-01-27,San Bernardino,071,2135413,274971,265153,8052,273205,2019
2021-01-27,San Diego,073,3302833,245150,231478,11472,242950,2465
2021-01-27,San Francisco,075,870044,31563,31082,858,31940,287
2021-01-27,San Joaquin,077,732212,62250,60131,2472,62603,853
2021-01-27,San Luis Obispo,079,281455,17967,17119,471,17590,188
2021-01-27,San Mateo,081,765935,36664,34619,340,34959,216
2021-01-27,Santa Barbara,083,443738,29100,27435,885,28320,282
2021-01-27,Santa Clara,085,1922200,102076,99732,472,100204,1184
2021-01-27,Santa Cruz,087,273765,14298,13111,686,13797,143
2021-01-27,Shasta,089,179085,10311,10106,1071,11177,105
2021-01-27,Sierra,091,2930,48,44,12,56,0
2021-01-27,Siskiyou,093,43540,1324,1214,196,1410,4
2021-01-27,Solano,095,438530,27797,26982,314,27296,112
2021-01-27,Sonoma,097,501317,25922,25361,135,25496,237
2021-01-27,Stanislaus,099,539301,46663,44874,4800,49674,624
2021-01-27,Sutter,101,95872,8258,8093,78,8171,83
2021-01-27,Tehama,103,63373,4297,4133,460,4593,20
2021-01-27,Trinity,105,12862,439,260,66,326,3
2021-01-27,Tulare,107,460477,45348,43462,6670,50132,583
2021-01-27,Tuolumne,109,53932,3455,3464,31,3495,32
2021-01-27,Ventura,111,848112,70664,68291,2501,70792,468
2021-01-27,Yolo,113,214977,12029,11427,159,11586,151
2021-01-27,Yuba,115,75493,5127,4968,74,5042,32
2021-01-26,Alameda,001,1643700,74001,71851,1563,73414,789
2021-01-26,Alpine,003,1148,73,72,0,72,0
2021-01-26,Amador,005,37829,3213,3113,24,3137,31
2021-01-26,Butte,007,227075,10591,9943,1450,11393,136
2021-01-26,Calaveras,009,45235,1742,1723,10,1733,21
2021-01-26,Colusa,011,21464,1754,1719,201,1920,8
2021-01-26,Contra Costa,013,1133247,57709,55337,968,56305,491
2021-01-26,Del Norte,015,27424,890,856,4,860,2
2021-01-26,El Dorado,017,186661,8526,8115,559,8674,71
2021-01-26,Fresno,019,978130,90406,86673,6862,93535,923
2021-01-26,Glenn,021,27897,2104,2034,433,2467,13
2021-01-26,Humboldt,023,135768,2772,2612,17,2629,24
2021-01-26,Imperial,025,180216,26434,25812,2370,28182,498
2021-01-26,Inyo,027,18085,1076,1018,8,1026,27
2021-01-26,Kern,029,883053,87191,83868,8296,92164,790
2021-01-26,Kings,031,150075,20912,20156,856,21012,159
2021-01-26,Lake,033,64148,2850,2748,1,2749,32
2021-01-26,Lassen,035,31185,4932,4844,88,4932,1
2021-01-26,Los Angeles,037,10098052,1107322,1060492,35984,1096476,15458
2021-01-26,Madera,039,155013,14632,14130,709,14839,86
2021-01-26,Marin,041,260295,12299,11993,138,12131,179
2021-01-26,Mariposa,043,17540,353,332,3,335,3
2021-01-26,Mendocino,045,87422,3250,3076,60,3136,36
2021-01-26,Merced,047,269075,25925,25359,741,26100,309
2021-01-26,Modoc,049,8938,307,291,96,387,0
2021-01-26,Mono,051,14174,1128,1120,16,1136,3
2021-01-26,Monterey,053,433212,39181,37963,1356,39319,255
2021-01-26,Napa,055,140530,8345,8145,33,8178,43
2021-01-26,Nevada,057,99092,3616,3410,142,3552,18
2021-01-26,Orange,059,3164182,232292,225987,9403,235390,2760
2021-01-26,Placer,061,380077,19199,18016,971,18987,193
2021-01-26,Plumas,063,18699,616,536,10,546,2
2021-01-26,Riverside,065,2383286,269975,259399,12697,272096,2898
2021-01-26,Sacramento,067,1510023,86946,85062,1041,86103,1127
2021-01-26,San Benito,069,59416,5394,5251,70,5321,45
2021-01-26,San Bernardino,071,2135413,273970,263736,8008,271744,1970
2021-01-26,San Diego,073,3302833,243655,230063,11370,241433,2421
2021-01-26,San Francisco,075,870044,31431,30874,839,31713,286
2021-01-26,San Joaquin,077,732212,61996,59889,2456,62345,847
2021-01-26,San Luis Obispo,079,281455,17886,17016,468,17484,186
2021-01-26,San Mateo,081,765935,36470,34441,329,34770,213
2021-01-26,Santa Barbara,083,443738,28926,27321,873,28194,273
2021-01-26,Santa Clara,085,1922200,101597,99215,469,99684,1171
2021-01-26,Santa Cruz,087,273765,14232,13045,680,13725,134
2021-01-26,Shasta,089,179085,10276,10036,1063,11099,103
2021-01-26,Sierra,091,2930,48,43,12,55,0
2021-01-26,Siskiyou,093,43540,1309,1208,194,1402,4
2021-01-26,Solano,095,438530,27641,26858,308,27166,110
2021-01-26,Sonoma,097,501317,25804,25273,133,25406,236
2021-01-26,Stanislaus,099,539301,46481,44703,4758,49461,599
2021-01-26,Sutter,101,95872,8215,8067,78,8145,83
2021-01-26,Tehama,103,63373,4264,4115,460,4575,20
2021-01-26,Trinity,105,12862,439,260,66,326,3
2021-01-26,Tulare,107,460477,45145,43394,6600,49994,579
2021-01-26,Tuolumne,109,53932,3445,3451,31,3482,30
2021-01-26,Ventura,111,848112,70131,67526,2475,70001,448
2021-01-26,Yolo,113,214977,11984,11361,156,11517,148
2021-01-26,Yuba,115,75493,5102,4944,72,5016,31
2021-01-25,Alameda,001,1643700,73572,71255,1553,72808,780
2021-01-25,Alpine,003,1148,73,72,0,72,0
2021-01-25,Amador,005,37829,3173,3074,24,3098,30
2021-01-25,Butte,007,227075,10524,9865,1442,11307,133
2021-01-25,Calaveras,009,45235,1727,1713,10,1723,21
2021-01-25,Colusa,011,21464,1742,1709,197,1906,8
2021-01-25,Contra Costa,013,1133247,57353,54989,961,55950,488
2021-01-25,Del Norte,015,27424,889,855,4,859,2
2021-01-25,El Dorado,017,186661,8501,8060,559,8619,66
2021-01-25,Fresno,019,978130,90035,86336,6830,93166,913
2021-01-25,Glenn,021,27897,2095,2028,433,2461,13
2021-01-25,Humboldt,023,135768,2738,2587,17,2604,24
2021-01-25,Imperial,025,180216,26385,25745,2362,28107,491
2021-01-25,Inyo,027,18085,1070,1015,8,1023,27
2021-01-25,Kern,029,883053,86804,83401,8210,91611,787
2021-01-25,Kings,031,150075,20792,20067,852,20919,159
2021-01-25,Lake,033,64148,2831,2729,1,2730,32
2021-01-25,Lassen,035,31185,4905,4835,88,4923,1
2021-01-25,Los Angeles,037,10098052,1101366,1055181,35754,1090935,15163
2021-01-25,Madera,039,155013,14578,14068,704,14772,86
2021-01-25,Marin,041,260295,12247,11923,134,12057,177
2021-01-25,Mariposa,043,17540,350,331,3,334,3
2021-01-25,Mendocino,045,87422,3239,3054,60,3114,35
2021-01-25,Merced,047,269075,25786,25181,732,25913,305
2021-01-25,Modoc,049,8938,306,288,92,380,0
2021-01-25,Mono,051,14174,1125,1114,15,1129,3
2021-01-25,Monterey,053,433212,38928,37726,1337,39063,255
2021-01-25,Napa,055,140530,8311,8057,32,8089,43
2021-01-25,Nevada,057,99092,3602,3365,142,3507,18
2021-01-25,Orange,059,3164182,231082,225105,9357,234462,2696
2021-01-25,Placer,061,380077,19112,17936,956,18892,193
2021-01-25,Plumas,063,18699,613,533,10,543,2
2021-01-25,Riverside,065,2383286,268236,258082,12641,270723,2789
2021-01-25,Sacramento,067,1510023,86505,84653,1033,85686,1118
2021-01-25,San Benito,069,59416,5358,5238,69,5307,43
2021-01-25,San Bernardino,071,2135413,273023,263174,7972,271146,1947
2021-01-25,San Diego,073,3302833,242041,228630,11298,239928,2375
2021-01-25,San Francisco,075,870044,31281,30734,816,31550,288
2021-01-25,San Joaquin,077,732212,61702,59291,2431,61722,838
2021-01-25,San Luis Obispo,079,281455,17752,16868,463,17331,179
2021-01-25,San Mateo,081,765935,36236,34187,323,34510,213
2021-01-25,Santa Barbara,083,443738,28691,27065,863,27928,269
2021-01-25,Santa Clara,085,1922200,101028,98647,461,99108,1143
2021-01-25,Santa Cruz,087,273765,14145,12973,675,13648,133
2021-01-25,Shasta,089,179085,10235,9991,1052,11043,103
2021-01-25,Sierra,091,2930,48,42,12,54,0
2021-01-25,Siskiyou,093,43540,1301,1205,191,1396,4
2021-01-25,Solano,095,438530,27473,26648,307,26955,109
2021-01-25,Sonoma,097,501317,25697,25160,131,25291,233
2021-01-25,Stanislaus,099,539301,46235,44293,4715,49008,599
2021-01-25,Sutter,101,95872,8172,8023,78,8101,83
2021-01-25,Tehama,103,63373,4237,4082,456,4538,20
2021-01-25,Trinity,105,12862,439,262,66,328,3
2021-01-25,Tulare,107,460477,44929,43124,6495,49619,578
2021-01-25,Tuolumne,109,53932,3436,3422,31,3453,29
2021-01-25,Ventura,111,848112,69497,66910,2458,69368,439
2021-01-25,Yolo,113,214977,11898,11276,155,11431,140
2021-01-25,Yuba,115,75493,5080,4900,70,4970,31
2021-01-24,Alameda,001,1643700,73067,70823,1542,72365,780
2021-01-24,Alpine,003,1148,73,72,0,72,0
2021-01-24,Amador,005,37829,3140,3054,24,3078,30
2021-01-24,Butte,007,227075,10440,9820,1425,11245,133
2021-01-24,Calaveras,009,45235,1714,1704,10,1714,21
2021-01-24,Colusa,011,21464,1731,1689,191,1880,8
2021-01-24,Contra Costa,013,1133247,56965,54694,948,55642,488
2021-01-24,Del Norte,015,27424,885,855,4,859,2
2021-01-24,El Dorado,017,186661,8466,8003,555,8558,66
2021-01-24,Fresno,019,978130,89598,85808,6791,92599,911
2021-01-24,Glenn,021,27897,2087,2026,432,2458,13
2021-01-24,Humboldt,023,135768,2699,2562,17,2579,24
2021-01-24,Imperial,025,180216,26290,25707,2338,28045,488
2021-01-24,Inyo,027,18085,1054,1007,8,1015,27
2021-01-24,Kern,029,883053,86367,83125,8102,91227,785
2021-01-24,Kings,031,150075,20664,19988,836,20824,159
2021-01-24,Lake,033,64148,2813,2724,0,2724,32
2021-01-24,Lassen,035,31185,4894,4828,85,4913,1
2021-01-24,Los Angeles,037,10098052,1094962,1048757,35442,1084199,15119
2021-01-24,Madera,039,155013,14488,14000,698,14698,86
2021-01-24,Marin,041,260295,12180,11872,132,12004,177
2021-01-24,Mariposa,043,17540,346,322,3,325,3
2021-01-24,Mendocino,045,87422,3218,3037,59,3096,33
2021-01-24,Merced,047,269075,25575,25047,722,25769,305
2021-01-24,Modoc,049,8938,306,285,92,377,0
2021-01-24,Mono,051,14174,1118,1113,15,1128,3
2021-01-24,Monterey,053,433212,38657,37527,1303,38830,254
2021-01-24,Napa,055,140530,8269,8005,32,8037,43
2021-01-24,Nevada,057,99092,3560,3349,140,3489,18
2021-01-24,Orange,059,3164182,229652,223853,9287,233140,2632
2021-01-24,Placer,061,380077,18997,17839,936,18775,193
2021-01-24,Plumas,063,18699,610,532,10,542,2
2021-01-24,Riverside,065,2383286,266595,256767,12564,269331,2761
2021-01-24,Sacramento,067,1510023,85951,84110,1025,85135,1112
2021-01-24,San Benito,069,59416,5316,5223,66,5289,43
2021-01-24,San Bernardino,071,2135413,271697,262370,7918,270288,1935
2021-01-24,San Diego,073,3302833,240347,227193,11167,238360,2375
2021-01-24,San Francisco,075,870044,31093,30559,794,31353,275
2021-01-24,San Joaquin,077,732212,61273,59021,2415,61436,838
2021-01-24,San Luis Obispo,079,281455,17628,16758,461,17219,179
2021-01-24,San Mateo,081,765935,35990,33956,318,34274,213
2021-01-24,Santa Barbara,083,443738,28375,26735,853,27588,269
2021-01-24,Santa Clara,085,1922200,100379,98103,456,98559,1109
2021-01-24,Santa Cruz,087,273765,14059,12905,667,13572,133
2021-01-24,Shasta,089,179085,10164,9978,1043,11021,103
2021-01-24,Sierra,091,2930,47,42,12,54,0
2021-01-24,Siskiyou,093,43540,1294,1195,191,1386,4
2021-01-24,Solano,095,438530,27284,26515,303,26818,109
2021-01-24,Sonoma,097,501317,25534,25045,130,25175,233
2021-01-24,Stanislaus,099,539301,45926,44031,4653,48684,599
2021-01-24,Sutter,101,95872,8108,7980,78,8058,83
2021-01-24,Tehama,103,63373,4197,4062,451,4513,20
2021-01-24,Trinity,105,12862,439,262,66,328,3
2021-01-24,Tulare,107,460477,44710,43006,6402,49408,577
2021-01-24,Tuolumne,109,53932,3426,3416,31,3447,29
2021-01-24,Ventura,111,848112,68786,66347,2434,68781,439
2021-01-24,Yolo,113,214977,11814,11210,151,11361,140
2021-01-24,Yuba,115,75493,5040,4875,69,4944,31
2021-01-23,Alameda,001,1643700,72818,70080,1535,71615,780
2021-01-23,Alpine,003,1148,73,72,0,72,0
2021-01-23,Amador,005,37829,3137,3049,24,3073,30
2021-01-23,Butte,007,227075,10411,9757,1422,11179,133
2021-01-23,Calaveras,009,45235,1711,1695,10,1705,21
2021-01-23,Colusa,011,21464,1727,1672,190,1862,8
2021-01-23,Contra Costa,013,1133247,56753,54162,941,55103,487
2021-01-23,Del Norte,015,27424,884,855,4,859,2
2021-01-23,El Dorado,017,186661,8450,7984,553,8537,66
2021-01-23,Fresno,019,978130,89413,85274,6762,92036,910
2021-01-23,Glenn,021,27897,2084,2015,428,2443,13
2021-01-23,Humboldt,023,135768,2680,2493,16,2509,23
2021-01-23,Imperial,025,180216,26256,25581,2328,27909,487
2021-01-23,Inyo,027,18085,1045,987,8,995,27
2021-01-23,Kern,029,883053,86123,82602,8034,90636,783
2021-01-23,Kings,031,150075,20620,19904,834,20738,159
2021-01-23,Lake,033,64148,2805,2673,0,2673,32
2021-01-23,Lassen,035,31185,4893,4816,82,4898,1
2021-01-23,Los Angeles,037,10098052,1091734,1040961,35280,1076241,15034
2021-01-23,Madera,039,155013,14452,13858,695,14553,86
2021-01-23,Marin,041,260295,12124,11796,130,11926,177
2021-01-23,Mariposa,043,17540,346,323,3,326,3
2021-01-23,Mendocino,045,87422,3204,2991,59,3050,32
2021-01-23,Merced,047,269075,25483,24787,707,25494,303
2021-01-23,Modoc,049,8938,306,285,92,377,0
2021-01-23,Mono,051,14174,1116,1111,15,1126,3
2021-01-23,Monterey,053,433212,38574,37165,1298,38463,253
2021-01-23,Napa,055,140530,8244,7893,32,7925,43
2021-01-23,Nevada,057,99092,3549,3332,139,3471,18
2021-01-23,Orange,059,3164182,228884,221722,9247,230969,2618
2021-01-23,Placer,061,380077,18946,17617,931,18548,193
2021-01-23,Plumas,063,18699,609,528,10,538,2
2021-01-23,Riverside,065,2383286,265695,253636,12512,266148,2733
2021-01-23,Sacramento,067,1510023,85722,83408,1022,84430,1108
2021-01-23,San Benito,069,59416,5292,5166,65,5231,43
2021-01-23,San Bernardino,071,2135413,271148,260381,7886,268267,1922
2021-01-23,San Diego,073,3302833,239286,225556,11095,236651,2344
2021-01-23,San Francisco,075,870044,30988,30308,765,31073,268
2021-01-23,San Joaquin,077,732212,61147,58164,2405,60569,836
2021-01-23,San Luis Obispo,079,281455,17564,16652,458,17110,176
2021-01-23,San Mateo,081,765935,35814,33696,307,34003,213
2021-01-23,Santa Barbara,083,443738,28190,26234,844,27078,264
2021-01-23,Santa Clara,085,1922200,100023,97189,455,97644,1086
2021-01-23,Santa Cruz,087,273765,14001,12771,664,13435,127
2021-01-23,Shasta,089,179085,10135,9951,1042,10993,103
2021-01-23,Sierra,091,2930,47,41,12,53,0
2021-01-23,Siskiyou,093,43540,1284,1190,190,1380,4
2021-01-23,Solano,095,438530,27191,26261,301,26562,107
2021-01-23,Sonoma,097,501317,25454,24790,130,24920,232
2021-01-23,Stanislaus,099,539301,45759,43723,4622,48345,599
2021-01-23,Sutter,101,95872,8090,7943,77,8020,80
2021-01-23,Tehama,103,63373,4178,4006,450,4456,20
2021-01-23,Trinity,105,12862,439,262,66,328,3
2021-01-23,Tulare,107,460477,44557,42661,6342,49003,575
2021-01-23,Tuolumne,109,53932,3419,3407,31,3438,29
2021-01-23,Ventura,111,848112,68336,65581,2411,67992,438
2021-01-23,Yolo,113,214977,11772,11087,147,11234,141
2021-01-23,Yuba,115,75493,5028,4831,68,4899,30
2021-01-22,Alameda,001,1643700,72497,69693,1529,71222,751
2021-01-22,Alpine,003,1148,73,71,0,71,0
2021-01-22,Amador,005,37829,3132,3042,24,3066,30
2021-01-22,Butte,007,227075,10366,9711,1409,11120,133
2021-01-22,Calaveras,009,45235,1702,1672,10,1682,21
2021-01-22,Colusa,011,21464,1725,1668,190,1858,7
2021-01-22,Contra Costa,013,1133247,56518,53887,935,54822,485
2021-01-22,Del Norte,015,27424,883,852,4,856,2
2021-01-22,El Dorado,017,186661,8416,7877,550,8427,64
2021-01-22,Fresno,019,978130,89072,84744,6734,91478,892
2021-01-22,Glenn,021,27897,2079,1985,422,2407,13
2021-01-22,Humboldt,023,135768,2656,2452,16,2468,23
2021-01-22,Imperial,025,180216,26221,25562,2313,27875,474
2021-01-22,Inyo,027,18085,1034,961,8,969,26
2021-01-22,Kern,029,883053,85826,82101,7958,90059,771
2021-01-22,Kings,031,150075,20544,19760,830,20590,159
2021-01-22,Lake,033,64148,2793,2681,0,2681,32
2021-01-22,Lassen,035,31185,4884,4765,81,4846,1
2021-01-22,Los Angeles,037,10098052,1087270,1031177,35088,1066265,14777
2021-01-22,Madera,039,155013,14392,13781,694,14475,86
2021-01-22,Marin,041,260295,12087,11769,128,11897,177
2021-01-22,Mariposa,043,17540,346,323,3,326,3
2021-01-22,Mendocino,045,87422,3179,2994,58,3052,32
2021-01-22,Merced,047,269075,25360,24616,699,25315,290
2021-01-22,Modoc,049,8938,306,285,92,377,0
2021-01-22,Mono,051,14174,1116,1108,15,1123,3
2021-01-22,Monterey,053,433212,38422,36909,1293,38202,253
2021-01-22,Napa,055,140530,8198,7828,32,7860,40
2021-01-22,Nevada,057,99092,3524,3296,138,3434,18
2021-01-22,Orange,059,3164182,227931,220384,9200,229584,2542
2021-01-22,Placer,061,380077,18889,17636,916,18552,193
2021-01-22,Plumas,063,18699,607,522,10,532,2
2021-01-22,Riverside,065,2383286,264550,252440,12444,264884,2710
2021-01-22,Sacramento,067,1510023,85392,82861,1014,83875,1094
2021-01-22,San Benito,069,59416,5266,5143,65,5208,43
2021-01-22,San Bernardino,071,2135413,270328,259121,7853,266974,1849
2021-01-22,San Diego,073,3302833,238046,222576,11030,233606,2301
2021-01-22,San Francisco,075,870044,30875,30027,748,30775,266
2021-01-22,San Joaquin,077,732212,60966,58485,2393,60878,812
2021-01-22,San Luis Obispo,079,281455,17475,16336,455,16791,172
2021-01-22,San Mateo,081,765935,35592,33401,304,33705,211
2021-01-22,Santa Barbara,083,443738,27989,25989,833,26822,256
2021-01-22,Santa Clara,085,1922200,99586,96435,452,96887,1062
2021-01-22,Santa Cruz,087,273765,13943,12687,660,13347,123
2021-01-22,Shasta,089,179085,10115,9866,1040,10906,103
2021-01-22,Sierra,091,2930,47,40,12,52,0
2021-01-22,Siskiyou,093,43540,1280,1182,188,1370,4
2021-01-22,Solano,095,438530,27101,26048,299,26347,107
2021-01-22,Sonoma,097,501317,25369,24659,130,24789,232
2021-01-22,Stanislaus,099,539301,45593,43489,4596,48085,599
2021-01-22,Sutter,101,95872,8065,7878,77,7955,80
2021-01-22,Tehama,103,63373,4161,3993,448,4441,19
2021-01-22,Trinity,105,12862,438,263,66,329,3
2021-01-22,Tulare,107,460477,44377,42307,6272,48579,573
2021-01-22,Tuolumne,109,53932,3391,3379,31,3410,29
2021-01-22,Ventura,111,848112,67830,64404,2393,66797,426
2021-01-22,Yolo,113,214977,11738,11014,140,11154,141
2021-01-22,Yuba,115,75493,5004,4789,66,4855,29
2021-01-21,Alameda,001,1643700,72061,69314,1512,70826,739
2021-01-21,Alpine,003,1148,73,71,0,71,0
2021-01-21,Amador,005,37829,3110,3038,24,3062,29
2021-01-21,Butte,007,227075,10301,9643,1403,11046,130
2021-01-21,Calaveras,009,45235,1693,1647,10,1657,21
2021-01-21,Colusa,011,21464,1718,1662,187,1849,7
2021-01-21,Contra Costa,013,1133247,56105,53595,921,54516,478
2021-01-21,Del Norte,015,27424,881,850,3,853,2
2021-01-21,El Dorado,017,186661,8367,7823,547,8370,58
2021-01-21,Fresno,019,978130,88667,84137,6694,90831,889
2021-01-21,Glenn,021,27897,2071,1964,417,2381,13
2021-01-21,Humboldt,023,135768,2633,2423,16,2439,23
2021-01-21,Imperial,025,180216,26130,25509,2299,27808,463
2021-01-21,Inyo,027,18085,1025,946,8,954,26
2021-01-21,Kern,029,883053,85413,81328,7842,89170,769
2021-01-21,Kings,031,150075,20473,19633,812,20445,158
2021-01-21,Lake,033,64148,2776,2669,0,2669,32
2021-01-21,Lassen,035,31185,4877,4763,81,4844,1
2021-01-21,Los Angeles,037,10098052,1080608,1023055,34768,1057823,14537
2021-01-21,Madera,039,155013,14324,13664,686,14350,86
2021-01-21,Marin,041,260295,12031,11732,126,11858,173
2021-01-21,Mariposa,043,17540,342,322,3,325,3
2021-01-21,Mendocino,045,87422,3156,2967,56,3023,32
2021-01-21,Merced,047,269075,25205,24426,692,25118,245
2021-01-21,Modoc,049,8938,303,284,91,375,0
2021-01-21,Mono,051,14174,1111,1104,15,1119,3
2021-01-21,Monterey,053,433212,38141,36149,1283,37432,253
2021-01-21,Napa,055,140530,8134,7774,32,7806,40
2021-01-21,Nevada,057,99092,3495,3274,137,3411,18
2021-01-21,Orange,059,3164182,226553,218867,9145,228012,2540
2021-01-21,Placer,061,380077,18810,17553,912,18465,190
2021-01-21,Plumas,063,18699,603,518,10,528,2
2021-01-21,Riverside,065,2383286,262828,251007,12364,263371,2676
2021-01-21,Sacramento,067,1510023,84913,82303,993,83296,1084
2021-01-21,San Benito,069,59416,5236,5100,60,5160,43
2021-01-21,San Bernardino,071,2135413,268986,257754,7788,265542,1832
2021-01-21,San Diego,073,3302833,236271,219729,10923,230652,2222
2021-01-21,San Francisco,075,870044,30698,29801,714,30515,266
2021-01-21,San Joaquin,077,732212,60657,58270,2373,60643,806
2021-01-21,San Luis Obispo,079,281455,17389,16153,447,16600,169
2021-01-21,San Mateo,081,765935,35346,33156,291,33447,210
2021-01-21,Santa Barbara,083,443738,27701,25654,820,26474,253
2021-01-21,Santa Clara,085,1922200,98962,96028,445,96473,1062
2021-01-21,Santa Cruz,087,273765,13858,12548,650,13198,119
2021-01-21,Shasta,089,179085,10072,9795,1025,10820,98
2021-01-21,Sierra,091,2930,47,40,12,52,0
2021-01-21,Siskiyou,093,43540,1277,1178,185,1363,4
2021-01-21,Solano,095,438530,26921,25885,295,26180,106
2021-01-21,Sonoma,097,501317,25231,24440,128,24568,230
2021-01-21,Stanislaus,099,539301,45295,43223,4552,47775,599
2021-01-21,Sutter,101,95872,8031,7822,77,7899,80
2021-01-21,Tehama,103,63373,4123,3938,448,4386,19
2021-01-21,Trinity,105,12862,438,261,66,327,3
2021-01-21,Tulare,107,460477,44166,42082,6196,48278,569
2021-01-21,Tuolumne,109,53932,3381,3365,30,3395,29
2021-01-21,Ventura,111,848112,67136,63995,2372,66367,420
2021-01-21,Yolo,113,214977,11647,10940,132,11072,141
2021-01-21,Yuba,115,75493,4972,4757,65,4822,29
2021-01-20,Alameda,001,1643700,71583,68785,1498,70283,702
2021-01-20,Alpine,003,1148,73,71,0,71,0
2021-01-20,Amador,005,37829,3079,3036,24,3060,29
2021-01-20,Butte,007,227075,10245,9582,1392,10974,130
2021-01-20,Calaveras,009,45235,1671,1637,9,1646,21
2021-01-20,Colusa,011,21464,1701,1630,182,1812,7
2021-01-20,Contra Costa,013,1133247,55649,53108,914,54022,461
2021-01-20,Del Norte,015,27424,880,848,3,851,2
2021-01-20,El Dorado,017,186661,8317,7785,544,8329,53
2021-01-20,Fresno,019,978130,88247,83591,6641,90232,872
2021-01-20,Glenn,021,27897,2052,1955,415,2370,13
2021-01-20,Humboldt,023,135768,2590,2390,16,2406,22
2021-01-20,Imperial,025,180216,26058,25380,2264,27644,461
2021-01-20,Inyo,027,18085,1015,901,8,909,26
2021-01-20,Kern,029,883053,84964,80701,7734,88435,754
2021-01-20,Kings,031,150075,20383,19522,804,20326,146
2021-01-20,Lake,033,64148,2755,2646,0,2646,31
2021-01-20,Lassen,035,31185,4869,4758,79,4837,1
2021-01-20,Los Angeles,037,10098052,1073112,1015608,34480,1050088,14299
2021-01-20,Madera,039,155013,14260,13585,681,14266,86
2021-01-20,Marin,041,260295,11977,11684,124,11808,171
2021-01-20,Mariposa,043,17540,340,322,3,325,3
2021-01-20,Mendocino,045,87422,3141,2957,56,3013,32
2021-01-20,Merced,047,269075,25032,24220,670,24890,243
2021-01-20,Modoc,049,8938,302,282,91,373,0
2021-01-20,Mono,051,14174,1104,1105,14,1119,3
2021-01-20,Monterey,053,433212,37829,35960,1263,37223,249
2021-01-20,Napa,055,140530,8065,7731,31,7762,40
2021-01-20,Nevada,057,99092,3463,3238,137,3375,18
2021-01-20,Orange,059,3164182,225016,216893,9083,225976,2500
2021-01-20,Placer,061,380077,18717,17455,894,18349,186
2021-01-20,Plumas,063,18699,601,512,10,522,2
2021-01-20,Riverside,065,2383286,260782,248686,12277,260963,2615
2021-01-20,Sacramento,067,1510023,84353,81687,983,82670,1072
2021-01-20,San Benito,069,59416,5205,5036,59,5095,35
2021-01-20,San Bernardino,071,2135413,267632,255921,7741,263662,1801
2021-01-20,San Diego,073,3302833,234416,218553,10819,229372,2174
2021-01-20,San Francisco,075,870044,30510,29665,694,30359,262
2021-01-20,San Joaquin,077,732212,60253,58025,2364,60389,783
2021-01-20,San Luis Obispo,079,281455,17208,15936,438,16374,164
2021-01-20,San Mateo,081,765935,35119,32929,290,33219,210
2021-01-20,Santa Barbara,083,443738,27384,25312,808,26120,248
2021-01-20,Santa Clara,085,1922200,98280,94995,443,95438,1040
2021-01-20,Santa Cruz,087,273765,13751,12460,637,13097,107
2021-01-20,Shasta,089,179085,10020,9697,1015,10712,98
2021-01-20,Sierra,091,2930,47,40,12,52,0
2021-01-20,Siskiyou,093,43540,1270,1163,184,1347,4
2021-01-20,Solano,095,438530,26728,25659,291,25950,106
2021-01-20,Sonoma,097,501317,25094,24262,126,24388,223
2021-01-20,Stanislaus,099,539301,45015,42955,4514,47469,585
2021-01-20,Sutter,101,95872,7980,7772,75,7847,80
2021-01-20,Tehama,103,63373,4097,3892,446,4338,19
2021-01-20,Trinity,105,12862,438,260,66,326,3
2021-01-20,Tulare,107,460477,43908,41799,6103,47902,559
2021-01-20,Tuolumne,109,53932,3367,3355,29,3384,29
2021-01-20,Ventura,111,848112,66176,63413,2343,65756,395
2021-01-20,Yolo,113,214977,11579,10852,129,10981,141
2021-01-20,Yuba,115,75493,4945,4729,65,4794,29
2021-01-19,Alameda,001,1643700,70939,68434,1489,69923,680
2021-01-19,Alpine,003,1148,73,71,0,71,0
2021-01-19,Amador,005,37829,3070,3024,24,3048,28
2021-01-19,Butte,007,227075,10181,9528,1377,10905,129
2021-01-19,Calaveras,009,45235,1656,1621,8,1629,21
2021-01-19,Colusa,011,21464,1679,1617,179,1796,7
2021-01-19,Contra Costa,013,1133247,55152,52730,903,53633,448
2021-01-19,Del Norte,015,27424,878,843,3,846,2
2021-01-19,El Dorado,017,186661,8257,7743,536,8279,47
2021-01-19,Fresno,019,978130,87725,83200,6589,89789,857
2021-01-19,Glenn,021,27897,2040,1948,410,2358,13
2021-01-19,Humboldt,023,135768,2566,2359,13,2372,22
2021-01-19,Imperial,025,180216,25977,25333,2248,27581,452
2021-01-19,Inyo,027,18085,1008,891,8,899,26
2021-01-19,Kern,029,883053,84375,80272,7626,87898,742
2021-01-19,Kings,031,150075,20244,19375,793,20168,143
2021-01-19,Lake,033,64148,2740,2625,0,2625,31
2021-01-19,Lassen,035,31185,4862,4753,79,4832,1
2021-01-19,Los Angeles,037,10098052,1064436,1010375,34209,1044584,14014
2021-01-19,Madera,039,155013,14144,13528,674,14202,86
2021-01-19,Marin,041,260295,11920,11654,120,11774,169
2021-01-19,Mariposa,043,17540,340,322,3,325,3
2021-01-19,Mendocino,045,87422,3124,2930,56,2986,32
2021-01-19,Merced,047,269075,24820,24108,661,24769,242
2021-01-19,Modoc,049,8938,301,281,91,372,0
2021-01-19,Mono,051,14174,1103,1106,14,1120,3
2021-01-19,Monterey,053,433212,37526,35840,1242,37082,248
2021-01-19,Napa,055,140530,8006,7672,31,7703,38
2021-01-19,Nevada,057,99092,3445,3216,135,3351,18
2021-01-19,Orange,059,3164182,223278,215244,9014,224258,2468
2021-01-19,Placer,061,380077,18620,17348,884,18232,182
2021-01-19,Plumas,063,18699,594,509,10,519,2
2021-01-19,Riverside,065,2383286,258696,246248,12198,258446,2585
2021-01-19,Sacramento,067,1510023,83816,81183,963,82146,1053
2021-01-19,San Benito,069,59416,5159,4988,58,5046,35
2021-01-19,San Bernardino,071,2135413,265898,253651,7683,261334,1777
2021-01-19,San Diego,073,3302833,231993,216833,10721,227554,2109
2021-01-19,San Francisco,075,870044,30291,29502,663,30165,261
2021-01-19,San Joaquin,077,732212,59869,57655,2351,60006,782
2021-01-19,San Luis Obispo,079,281455,16944,15855,435,16290,161
2021-01-19,San Mateo,081,765935,34834,32730,279,33009,208
2021-01-19,Santa Barbara,083,443738,27000,24991,792,25783,236
2021-01-19,Santa Clara,085,1922200,97503,94483,441,94924,1010
2021-01-19,Santa Cruz,087,273765,13634,12410,629,13039,106
2021-01-19,Shasta,089,179085,9984,9614,1005,10619,93
2021-01-19,Sierra,091,2930,47,40,10,50,0
2021-01-19,Siskiyou,093,43540,1262,1149,183,1332,4
2021-01-19,Solano,095,438530,26481,25520,290,25810,106
2021-01-19,Sonoma,097,501317,24914,24133,124,24257,223
2021-01-19,Stanislaus,099,539301,44667,42723,4469,47192,561
2021-01-19,Sutter,101,95872,7930,7709,69,7778,80
2021-01-19,Tehama,103,63373,4065,3876,444,4320,19
2021-01-19,Trinity,105,12862,437,260,66,326,3
2021-01-19,Tulare,107,460477,43630,41559,6007,47566,549
2021-01-19,Tuolumne,109,53932,3340,3328,29,3357,29
2021-01-19,Ventura,111,848112,65497,62656,2316,64972,383
2021-01-19,Yolo,113,214977,11492,10789,128,10917,134
2021-01-19,Yuba,115,75493,4912,4695,64,4759,29
2021-01-18,Alameda,001,1643700,70307,67938,1471,69409,680
2021-01-18,Alpine,003,1148,73,71,0,71,0
2021-01-18,Amador,005,37829,3056,3016,24,3040,28
2021-01-18,Butte,007,227075,10096,9474,1366,10840,129
2021-01-18,Calaveras,009,45235,1635,1617,7,1624,21
2021-01-18,Colusa,011,21464,1662,1608,178,1786,7
2021-01-18,Contra Costa,013,1133247,54636,52323,895,53218,448
2021-01-18,Del Norte,015,27424,877,840,3,843,2
2021-01-18,El Dorado,017,186661,8188,7707,534,8241,47
2021-01-18,Fresno,019,978130,87113,82485,6522,89007,857
2021-01-18,Glenn,021,27897,2023,1935,406,2341,13
2021-01-18,Humboldt,023,135768,2528,2343,13,2356,22
2021-01-18,Imperial,025,180216,25908,25317,2223,27540,452
2021-01-18,Inyo,027,18085,996,872,8,880,26
2021-01-18,Kern,029,883053,83737,79930,7535,87465,740
2021-01-18,Kings,031,150075,20074,19267,781,20048,141
2021-01-18,Lake,033,64148,2723,2591,0,2591,30
2021-01-18,Lassen,035,31185,4826,4749,78,4827,1
2021-01-18,Los Angeles,037,10098052,1054939,1002614,33918,1036532,13828
2021-01-18,Madera,039,155013,14031,13443,666,14109,85
2021-01-18,Marin,041,260295,11873,11607,118,11725,165
2021-01-18,Mariposa,043,17540,337,320,2,322,3
2021-01-18,Mendocino,045,87422,3101,2919,56,2975,31
2021-01-18,Merced,047,269075,24575,23927,645,24572,242
2021-01-18,Modoc,049,8938,298,281,88,369,0
2021-01-18,Mono,051,14174,1100,1101,14,1115,3
2021-01-18,Monterey,053,433212,37083,35549,1228,36777,247
2021-01-18,Napa,055,140530,7932,7601,31,7632,38
2021-01-18,Nevada,057,99092,3407,3199,134,3333,17
2021-01-18,Orange,059,3164182,221377,213866,8958,222824,2405
2021-01-18,Placer,061,380077,18504,17263,875,18138,182
2021-01-18,Plumas,063,18699,590,506,10,516,2
2021-01-18,Riverside,065,2383286,256383,244151,12104,256255,2568
2021-01-18,Sacramento,067,1510023,83146,80546,947,81493,1046
2021-01-18,San Benito,069,59416,5109,4963,56,5019,35
2021-01-18,San Bernardino,071,2135413,264140,252808,7624,260432,1775
2021-01-18,San Diego,073,3302833,229345,214335,10592,224927,2103
2021-01-18,San Francisco,075,870044,30085,29321,639,29960,259
2021-01-18,San Joaquin,077,732212,59351,57405,2329,59734,782
2021-01-18,San Luis Obispo,079,281455,16757,15742,425,16167,158
2021-01-18,San Mateo,081,765935,34521,32515,260,32775,208
2021-01-18,Santa Barbara,083,443738,26621,24638,778,25416,235
2021-01-18,Santa Clara,085,1922200,96613,93688,437,94125,992
2021-01-18,Santa Cruz,087,273765,13501,12298,616,12914,106
2021-01-18,Shasta,089,179085,9945,9600,995,10595,92
2021-01-18,Sierra,091,2930,46,40,10,50,0
2021-01-18,Siskiyou,093,43540,1250,1144,182,1326,4
2021-01-18,Solano,095,438530,26204,25344,285,25629,105
2021-01-18,Sonoma,097,501317,24646,24068,123,24191,223
2021-01-18,Stanislaus,099,539301,44311,42413,4413,46826,562
2021-01-18,Sutter,101,95872,7873,7680,67,7747,78
2021-01-18,Tehama,103,63373,4021,3854,437,4291,19
2021-01-18,Trinity,105,12862,437,260,66,326,3
2021-01-18,Tulare,107,460477,43341,41196,5896,47092,549
2021-01-18,Tuolumne,109,53932,3316,3318,28,3346,28
2021-01-18,Ventura,111,848112,65067,61859,2293,64152,379
2021-01-18,Yolo,113,214977,11363,10620,125,10745,134
2021-01-18,Yuba,115,75493,4884,4671,62,4733,29
2021-01-17,Alameda,001,1643700,69743,67375,1453,68828,676
2021-01-17,Alpine,003,1148,73,71,0,71,0
2021-01-17,Amador,005,37829,3049,3001,24,3025,28
2021-01-17,Butte,007,227075,10021,9411,1342,10753,129
2021-01-17,Calaveras,009,45235,1622,1608,7,1615,21
2021-01-17,Colusa,011,21464,1648,1588,174,1762,7
2021-01-17,Contra Costa,013,1133247,54146,51932,885,52817,447
2021-01-17,Del Norte,015,27424,877,838,3,841,2
2021-01-17,El Dorado,017,186661,8132,7659,522,8181,47
2021-01-17,Fresno,019,978130,86560,82039,6446,88485,857
2021-01-17,Glenn,021,27897,2013,1924,400,2324,9
2021-01-17,Humboldt,023,135768,2491,2322,11,2333,22
2021-01-17,Imperial,025,180216,25838,25253,2179,27432,451
2021-01-17,Inyo,027,18085,990,864,8,872,26
2021-01-17,Kern,029,883053,83189,79489,7448,86937,738
2021-01-17,Kings,031,150075,19938,19201,767,19968,131
2021-01-17,Lake,033,64148,2707,2572,0,2572,30
2021-01-17,Lassen,035,31185,4818,4740,77,4817,1
2021-01-17,Los Angeles,037,10098052,1048292,993028,33516,1026544,13741
2021-01-17,Madera,039,155013,13939,13328,661,13989,85
2021-01-17,Marin,041,260295,11820,11552,116,11668,164
2021-01-17,Mariposa,043,17540,337,319,2,321,3
2021-01-17,Mendocino,045,87422,3073,2912,55,2967,31
2021-01-17,Merced,047,269075,24362,23800,627,24427,242
2021-01-17,Modoc,049,8938,297,279,88,367,0
2021-01-17,Mono,051,14174,1093,1091,13,1104,3
2021-01-17,Monterey,053,433212,36840,35340,1202,36542,244
2021-01-17,Napa,055,140530,7876,7521,31,7552,38
2021-01-17,Nevada,057,99092,3382,3176,132,3308,17
2021-01-17,Orange,059,3164182,219375,212389,8883,221272,2359
2021-01-17,Placer,061,380077,18399,17194,860,18054,181
2021-01-17,Plumas,063,18699,589,505,9,514,2
2021-01-17,Riverside,065,2383286,254274,242206,11986,254192,2534
2021-01-17,Sacramento,067,1510023,82545,80154,935,81089,1045
2021-01-17,San Benito,069,59416,5071,4941,56,4997,35
2021-01-17,San Bernardino,071,2135413,262015,251487,7536,259023,1775
2021-01-17,San Diego,073,3302833,227151,211785,10485,222270,2103
2021-01-17,San Francisco,075,870044,29899,29139,601,29740,255
2021-01-17,San Joaquin,077,732212,58993,57094,2314,59408,780
2021-01-17,San Luis Obispo,079,281455,16635,15658,416,16074,157
2021-01-17,San Mateo,081,765935,34269,32186,237,32423,208
2021-01-17,Santa Barbara,083,443738,26161,24401,765,25166,235
2021-01-17,Santa Clara,085,1922200,95866,92752,434,93186,976
2021-01-17,Santa Cruz,087,273765,13389,12196,613,12809,106
2021-01-17,Shasta,089,179085,9887,9588,987,10575,92
2021-01-17,Sierra,091,2930,46,38,9,47,0
2021-01-17,Siskiyou,093,43540,1243,1136,179,1315,4
2021-01-17,Solano,095,438530,25975,25216,283,25499,105
2021-01-17,Sonoma,097,501317,24472,23871,123,23994,223
2021-01-17,Stanislaus,099,539301,43990,42221,4349,46570,562
2021-01-17,Sutter,101,95872,7810,7604,66,7670,77
2021-01-17,Tehama,103,63373,3990,3837,433,4270,18
2021-01-17,Trinity,105,12862,437,261,66,327,3
2021-01-17,Tulare,107,460477,43049,41016,5780,46796,549
2021-01-17,Tuolumne,109,53932,3299,3287,28,3315,27
2021-01-17,Ventura,111,848112,64219,61257,2245,63502,376
2021-01-17,Yolo,113,214977,11264,10519,123,10642,134
2021-01-17,Yuba,115,75493,4834,4640,59,4699,28
2021-01-16,Alameda,001,1643700,69421,66583,1440,68023,673
2021-01-16,Alpine,003,1148,73,71,0,71,0
2021-01-16,Amador,005,37829,3046,2986,24,3010,28
2021-01-16,Butte,007,227075,9988,9359,1322,10681,129
2021-01-16,Calaveras,009,45235,1609,1596,7,1603,21
2021-01-16,Colusa,011,21464,1636,1578,174,1752,7
2021-01-16,Contra Costa,013,1133247,53881,51363,878,52241,443
2021-01-16,Del Norte,015,27424,872,833,3,836,2
2021-01-16,El Dorado,017,186661,8110,7575,521,8096,47
2021-01-16,Fresno,019,978130,86286,81294,6391,87685,846
2021-01-16,Glenn,021,27897,2009,1894,397,2291,9
2021-01-16,Humboldt,023,135768,2471,2294,9,2303,22
2021-01-16,Imperial,025,180216,25803,25140,2172,27312,451
2021-01-16,Inyo,027,18085,986,845,8,853,25
2021-01-16,Kern,029,883053,82822,78865,7394,86259,733
2021-01-16,Kings,031,150075,19882,19072,764,19836,131
2021-01-16,Lake,033,64148,2696,2504,0,2504,30
2021-01-16,Lassen,035,31185,4806,4719,77,4796,1
2021-01-16,Los Angeles,037,10098052,1044211,982684,33275,1015959,13654
2021-01-16,Madera,039,155013,13872,13193,657,13850,85
2021-01-16,Marin,041,260295,11777,11482,116,11598,164
2021-01-16,Mariposa,043,17540,336,317,2,319,3
2021-01-16,Mendocino,045,87422,3059,2890,52,2942,31
2021-01-16,Merced,047,269075,24274,23478,613,24091,242
2021-01-16,Modoc,049,8938,297,278,88,366,0
2021-01-16,Mono,051,14174,1091,1079,13,1092,3
2021-01-16,Monterey,053,433212,36729,34972,1184,36156,243
2021-01-16,Napa,055,140530,7837,7356,31,7387,39
2021-01-16,Nevada,057,99092,3349,3144,132,3276,17
2021-01-16,Orange,059,3164182,218338,210111,8826,218937,2312
2021-01-16,Placer,061,380077,18335,16995,858,17853,177
2021-01-16,Plumas,063,18699,587,502,9,511,2
2021-01-16,Riverside,065,2383286,252917,239412,11871,251283,2506
2021-01-16,Sacramento,067,1510023,82170,79122,918,80040,1033
2021-01-16,San Benito,069,59416,5039,4875,56,4931,35
2021-01-16,San Bernardino,071,2135413,261224,249401,7469,256870,1755
2021-01-16,San Diego,073,3302833,225853,209895,10388,220283,2065
2021-01-16,San Francisco,075,870044,29771,28853,570,29423,244
2021-01-16,San Joaquin,077,732212,58746,56642,2283,58925,776
2021-01-16,San Luis Obispo,079,281455,16534,15466,414,15880,152
2021-01-16,San Mateo,081,765935,34105,31805,231,32036,208
2021-01-16,Santa Barbara,083,443738,25961,24088,761,24849,229
2021-01-16,Santa Clara,085,1922200,95397,91584,427,92011,954
2021-01-16,Santa Cruz,087,273765,13330,12026,611,12637,106
2021-01-16,Shasta,089,179085,9854,9547,983,10530,92
2021-01-16,Sierra,091,2930,45,38,9,47,0
2021-01-16,Siskiyou,093,43540,1238,1124,179,1303,4
2021-01-16,Solano,095,438530,25866,24732,278,25010,103
2021-01-16,Sonoma,097,501317,24381,23607,122,23729,223
2021-01-16,Stanislaus,099,539301,43803,41809,4298,46107,562
2021-01-16,Sutter,101,95872,7778,7560,66,7626,76
2021-01-16,Tehama,103,63373,3976,3783,433,4216,18
2021-01-16,Trinity,105,12862,437,261,66,327,3
2021-01-16,Tulare,107,460477,42869,40655,5707,46362,542
2021-01-16,Tuolumne,109,53932,3291,3269,28,3297,27
2021-01-16,Ventura,111,848112,63667,60368,2215,62583,369
2021-01-16,Yolo,113,214977,11215,10406,122,10528,134
2021-01-16,Yuba,115,75493,4803,4602,59,4661,27
2021-01-15,Alameda,001,1643700,68997,65416,1429,66845,672
2021-01-15,Alpine,003,1148,73,71,0,71,0
2021-01-15,Amador,005,37829,3039,2953,24,2977,28
2021-01-15,Butte,007,227075,9947,9233,1307,10540,129
2021-01-15,Calaveras,009,45235,1602,1538,7,1545,21
2021-01-15,Colusa,011,21464,1625,1541,169,1710,7
2021-01-15,Contra Costa,013,1133247,53551,50408,871,51279,428
2021-01-15,Del Norte,015,27424,868,828,2,830,2
2021-01-15,El Dorado,017,186661,8061,7439,512,7951,47
2021-01-15,Fresno,019,978130,85749,79950,6355,86305,832
2021-01-15,Glenn,021,27897,2005,1824,394,2218,9
2021-01-15,Humboldt,023,135768,2444,2218,8,2226,22
2021-01-15,Imperial,025,180216,25769,24944,2166,27110,446
2021-01-15,Inyo,027,18085,968,814,8,822,25
2021-01-15,Kern,029,883053,82408,77873,7329,85202,719
2021-01-15,Kings,031,150075,19773,18661,758,19419,131
2021-01-15,Lake,033,64148,2670,2434,0,2434,28
2021-01-15,Lassen,035,31185,4795,4693,75,4768,1
2021-01-15,Los Angeles,037,10098052,1037164,968979,32986,1001965,13404
2021-01-15,Madera,039,155013,13787,12883,654,13537,85
2021-01-15,Marin,041,260295,11726,11310,116,11426,160
2021-01-15,Mariposa,043,17540,334,307,2,309,3
2021-01-15,Mendocino,045,87422,3048,2835,52,2887,31
2021-01-15,Merced,047,269075,24161,23060,609,23669,239
2021-01-15,Modoc,049,8938,297,278,86,364,0
2021-01-15,Mono,051,14174,1088,1057,13,1070,3
2021-01-15,Monterey,053,433212,36513,34460,1124,35584,243
2021-01-15,Napa,055,140530,7775,7231,31,7262,38
2021-01-15,Nevada,057,99092,3336,3099,129,3228,17
2021-01-15,Orange,059,3164182,216983,207129,8774,215903,2254
2021-01-15,Placer,061,380077,18231,16712,849,17561,173
2021-01-15,Plumas,063,18699,584,499,9,508,2
2021-01-15,Riverside,065,2383286,251052,235235,11791,247026,2458
2021-01-15,Sacramento,067,1510023,81749,80279,910,81189,1023
2021-01-15,San Benito,069,59416,5000,4766,54,4820,35
2021-01-15,San Bernardino,071,2135413,260057,246182,7411,253593,1726
2021-01-15,San Diego,073,3302833,224104,206868,10323,217191,2037
2021-01-15,San Francisco,075,870044,29596,28574,550,29124,242
2021-01-15,San Joaquin,077,732212,58512,55885,2269,58154,748
2021-01-15,San Luis Obispo,079,281455,16401,15129,409,15538,148
2021-01-15,San Mateo,081,765935,33860,31291,227,31518,208
2021-01-15,Santa Barbara,083,443738,25677,23487,757,24244,226
2021-01-15,Santa Clara,085,1922200,94744,90103,422,90525,942
2021-01-15,Santa Cruz,087,273765,13221,11776,597,12373,105
2021-01-15,Shasta,089,179085,9815,9459,976,10435,91
2021-01-15,Sierra,091,2930,44,36,7,43,0
2021-01-15,Siskiyou,093,43540,1234,1119,178,1297,4
2021-01-15,Solano,095,438530,25716,24222,275,24497,103
2021-01-15,Sonoma,097,501317,24250,23204,121,23325,222
2021-01-15,Stanislaus,099,539301,43553,41178,4256,45434,562
2021-01-15,Sutter,101,95872,7731,7484,65,7549,75
2021-01-15,Tehama,103,63373,3954,3714,432,4146,17
2021-01-15,Trinity,105,12862,437,262,66,328,3
2021-01-15,Tulare,107,460477,42624,39951,5622,45573,535
2021-01-15,Tuolumne,109,53932,3275,3231,28,3259,27
2021-01-15,Ventura,111,848112,62923,59061,2182,61243,353
2021-01-15,Yolo,113,214977,11159,10240,121,10361,134
2021-01-15,Yuba,115,75493,4782,4549,59,4608,27
2021-01-14,Alameda,001,1643700,68367,64364,1413,65777,686
2021-01-14,Alpine,003,1148,73,71,0,71,0
2021-01-14,Amador,005,37829,3033,2940,24,2964,28
2021-01-14,Butte,007,227075,9861,9127,1285,10412,129
2021-01-14,Calaveras,009,45235,1585,1513,7,1520,21
2021-01-14,Colusa,011,21464,1610,1535,162,1697,7
2021-01-14,Contra Costa,013,1133247,52996,49545,857,50402,415
2021-01-14,Del Norte,015,27424,862,821,2,823,2
2021-01-14,El Dorado,017,186661,7987,7321,504,7825,45
2021-01-14,Fresno,019,978130,85116,79033,6275,85308,814
2021-01-14,Glenn,021,27897,1993,1798,389,2187,9
2021-01-14,Humboldt,023,135768,2401,2169,8,2177,22
2021-01-14,Imperial,025,180216,25660,24882,2131,27013,447
2021-01-14,Inyo,027,18085,961,790,8,798,25
2021-01-14,Kern,029,883053,81736,77070,7228,84298,705
2021-01-14,Kings,031,150075,19643,18405,754,19159,108
2021-01-14,Lake,033,64148,2627,2378,0,2378,27
2021-01-14,Lassen,035,31185,4785,4673,73,4746,1
2021-01-14,Los Angeles,037,10098052,1027149,954652,32606,987258,13147
2021-01-14,Madera,039,155013,13673,12742,643,13385,85
2021-01-14,Marin,041,260295,11652,11155,115,11270,159
2021-01-14,Mariposa,043,17540,331,302,2,304,3
2021-01-14,Mendocino,045,87422,3034,2801,50,2851,31
2021-01-14,Merced,047,269075,23934,22780,599,23379,239
2021-01-14,Modoc,049,8938,297,273,86,359,0
2021-01-14,Mono,051,14174,1080,1020,13,1033,3
2021-01-14,Monterey,053,433212,36092,34105,1102,35207,242
2021-01-14,Napa,055,140530,7690,7117,31,7148,38
2021-01-14,Nevada,057,99092,3309,3075,127,3202,17
2021-01-14,Orange,059,3164182,215049,204442,8688,213130,2162
2021-01-14,Placer,061,380077,18069,16488,842,17330,169
2021-01-14,Plumas,063,18699,576,496,9,505,2
2021-01-14,Riverside,065,2383286,248406,231684,11692,243376,2357
2021-01-14,Sacramento,067,1510023,81110,79137,886,80023,1007
2021-01-14,San Benito,069,59416,4964,4678,53,4731,35
2021-01-14,San Bernardino,071,2135413,258091,243379,7341,250720,1750
2021-01-14,San Diego,073,3302833,221710,204173,10203,214376,2005
2021-01-14,San Francisco,075,870044,29351,28200,502,28702,238
2021-01-14,San Joaquin,077,732212,57996,55058,2255,57313,739
2021-01-14,San Luis Obispo,079,281455,16239,14851,400,15251,146
2021-01-14,San Mateo,081,765935,33491,30694,218,30912,208
2021-01-14,Santa Barbara,083,443738,25257,23126,739,23865,219
2021-01-14,Santa Clara,085,1922200,93811,88505,415,88920,910
2021-01-14,Santa Cruz,087,273765,13074,11583,581,12164,109
2021-01-14,Shasta,089,179085,9766,9334,960,10294,90
2021-01-14,Sierra,091,2930,44,35,6,41,0
2021-01-14,Siskiyou,093,43540,1222,1108,175,1283,3
2021-01-14,Solano,095,438530,25457,23782,271,24053,103
2021-01-14,Sonoma,097,501317,24010,22910,121,23031,202
2021-01-14,Stanislaus,099,539301,43227,40597,4215,44812,574
2021-01-14,Sutter,101,95872,7672,7416,62,7478,74
2021-01-14,Tehama,103,63373,3926,3664,428,4092,17
2021-01-14,Trinity,105,12862,437,261,65,326,3
2021-01-14,Tulare,107,460477,42240,39565,5513,45078,533
2021-01-14,Tuolumne,109,53932,3254,3215,28,3243,28
2021-01-14,Ventura,111,848112,62051,57941,2145,60086,347
2021-01-14,Yolo,113,214977,11052,10097,115,10212,135
2021-01-14,Yuba,115,75493,4749,4496,59,4555,27
2021-01-13,Alameda,001,1643700,67605,63568,1397,64965,690
2021-01-13,Alpine,003,1148,73,71,0,71,0
2021-01-13,Amador,005,37829,3019,2914,24,2938,26
2021-01-13,Butte,007,227075,9779,9013,1270,10283,126
2021-01-13,Calaveras,009,45235,1563,1493,7,1500,21
2021-01-13,Colusa,011,21464,1598,1524,154,1678,7
2021-01-13,Contra Costa,013,1133247,52416,48877,845,49722,403
2021-01-13,Del Norte,015,27424,858,820,2,822,2
2021-01-13,El Dorado,017,186661,7894,7247,496,7743,43
2021-01-13,Fresno,019,978130,84397,78278,6233,84511,804
2021-01-13,Glenn,021,27897,1977,1792,380,2172,9
2021-01-13,Humboldt,023,135768,2368,2114,8,2122,22
2021-01-13,Imperial,025,180216,25536,24717,2098,26815,463
2021-01-13,Inyo,027,18085,949,785,8,793,25
2021-01-13,Kern,029,883053,81075,76049,7138,83187,704
2021-01-13,Kings,031,150075,19476,18121,732,18853,108
2021-01-13,Lake,033,64148,2584,2305,0,2305,27
2021-01-13,Lassen,035,31185,4778,4663,72,4735,1
2021-01-13,Los Angeles,037,10098052,1016363,937985,32195,970180,12873
2021-01-13,Madera,039,155013,13547,12570,638,13208,85
2021-01-13,Marin,041,260295,11596,11039,115,11154,161
2021-01-13,Mariposa,043,17540,329,304,2,306,3
2021-01-13,Mendocino,045,87422,3014,2790,50,2840,31
2021-01-13,Merced,047,269075,23695,22497,585,23082,241
2021-01-13,Modoc,049,8938,296,274,83,357,0
2021-01-13,Mono,051,14174,1076,1017,13,1030,3
2021-01-13,Monterey,053,433212,35668,33748,1078,34826,241
2021-01-13,Napa,055,140530,7576,7028,31,7059,36
2021-01-13,Nevada,057,99092,3285,3037,124,3161,17
2021-01-13,Orange,059,3164182,212960,201158,8619,209777,2172
2021-01-13,Placer,061,380077,17942,16272,828,17100,172
2021-01-13,Plumas,063,18699,574,490,9,499,2
2021-01-13,Riverside,065,2383286,245259,228192,11574,239766,2278
2021-01-13,Sacramento,067,1510023,80450,78268,879,79147,996
2021-01-13,San Benito,069,59416,4907,4583,52,4635,35
2021-01-13,San Bernardino,071,2135413,255719,240191,7269,247460,1759
2021-01-13,San Diego,073,3302833,219096,201578,10100,211678,1952
2021-01-13,San Francisco,075,870044,29112,27863,480,28343,238
2021-01-13,San Joaquin,077,732212,57373,54373,2225,56598,738
2021-01-13,San Luis Obispo,079,281455,16084,14625,389,15014,140
2021-01-13,San Mateo,081,765935,33151,30195,216,30411,207
2021-01-13,Santa Barbara,083,443738,24815,22714,723,23437,216
2021-01-13,Santa Clara,085,1922200,92833,87187,412,87599,911
2021-01-13,Santa Cruz,087,273765,12901,11423,567,11990,110
2021-01-13,Shasta,089,179085,9702,9180,946,10126,93
2021-01-13,Sierra,091,2930,44,33,6,39,0
2021-01-13,Siskiyou,093,43540,1216,1102,171,1273,3
2021-01-13,Solano,095,438530,25172,23503,269,23772,105
2021-01-13,Sonoma,097,501317,23760,22610,120,22730,206
2021-01-13,Stanislaus,099,539301,42835,40167,4162,44329,574
2021-01-13,Sutter,101,95872,7626,7350,61,7411,73
2021-01-13,Tehama,103,63373,3876,3589,423,4012,17
2021-01-13,Trinity,105,12862,437,260,65,325,3
2021-01-13,Tulare,107,460477,41834,39129,5409,44538,522
2021-01-13,Tuolumne,109,53932,3240,3196,28,3224,28
2021-01-13,Ventura,111,848112,61039,56453,2105,58558,338
2021-01-13,Yolo,113,214977,10951,9933,111,10044,135
2021-01-13,Yuba,115,75493,4707,4448,56,4504,27
2021-01-12,Alameda,001,1643700,66773,62642,1379,64021,677
2021-01-12,Alpine,003,1148,73,71,0,71,0
2021-01-12,Amador,005,37829,3002,2897,24,2921,26
2021-01-12,Butte,007,227075,9691,8883,1254,10137,124
2021-01-12,Calaveras,009,45235,1527,1475,7,1482,21
2021-01-12,Colusa,011,21464,1586,1510,150,1660,7
2021-01-12,Contra Costa,013,1133247,51775,48242,831,49073,399
2021-01-12,Del Norte,015,27424,853,816,2,818,2
2021-01-12,El Dorado,017,186661,7811,7156,485,7641,41
2021-01-12,Fresno,019,978130,83525,77651,6164,83815,796
2021-01-12,Glenn,021,27897,1952,1781,376,2157,9
2021-01-12,Humboldt,023,135768,2314,2077,7,2084,22
2021-01-12,Imperial,025,180216,25446,24566,2057,26623,457
2021-01-12,Inyo,027,18085,931,773,8,781,25
2021-01-12,Kern,029,883053,80368,75320,7042,82362,689
2021-01-12,Kings,031,150075,19264,18072,722,18794,108
2021-01-12,Lake,033,64148,2537,2260,0,2260,27
2021-01-12,Lassen,035,31185,4756,4659,70,4729,1
2021-01-12,Los Angeles,037,10098052,1004710,926295,31783,958078,12610
2021-01-12,Madera,039,155013,13407,12485,629,13114,85
2021-01-12,Marin,041,260295,11487,10960,115,11075,157
2021-01-12,Mariposa,043,17540,326,302,2,304,3
2021-01-12,Mendocino,045,87422,2994,2762,46,2808,31
2021-01-12,Merced,047,269075,23444,22172,563,22735,239
2021-01-12,Modoc,049,8938,294,274,83,357,0
2021-01-12,Mono,051,14174,1066,1008,13,1021,3
2021-01-12,Monterey,053,433212,35177,33381,1061,34442,240
2021-01-12,Napa,055,140530,7493,6936,31,6967,36
2021-01-12,Nevada,057,99092,3257,3014,122,3136,17
2021-01-12,Orange,059,3164182,210672,198260,8532,206792,2142
2021-01-12,Placer,061,380077,17772,16087,822,16909,163
2021-01-12,Plumas,063,18699,568,483,9,492,2
2021-01-12,Riverside,065,2383286,242128,225580,11434,237014,2266
2021-01-12,Sacramento,067,1510023,79722,77201,871,78072,985
2021-01-12,San Benito,069,59416,4839,4515,52,4567,35
2021-01-12,San Bernardino,071,2135413,253152,237008,7200,244208,1739
2021-01-12,San Diego,073,3302833,216182,198317,9983,208300,1898
2021-01-12,San Francisco,075,870044,28837,27531,447,27978,238
2021-01-12,San Joaquin,077,732212,56733,53630,2198,55828,725
2021-01-12,San Luis Obispo,079,281455,15838,14367,381,14748,132
2021-01-12,San Mateo,081,765935,32760,29747,204,29951,206
2021-01-12,Santa Barbara,083,443738,24392,22182,703,22885,209
2021-01-12,Santa Clara,085,1922200,91760,86075,404,86479,904
2021-01-12,Santa Cruz,087,273765,12686,11267,551,11818,110
2021-01-12,Shasta,089,179085,9629,9086,933,10019,84
2021-01-12,Sierra,091,2930,43,33,6,39,0
2021-01-12,Siskiyou,093,43540,1206,1091,164,1255,3
2021-01-12,Solano,095,438530,24869,23160,264,23424,102
2021-01-12,Sonoma,097,501317,23455,22403,120,22523,205
2021-01-12,Stanislaus,099,539301,42395,39615,4126,43741,571
2021-01-12,Sutter,101,95872,7563,7276,60,7336,73
2021-01-12,Tehama,103,63373,3838,3567,418,3985,17
2021-01-12,Trinity,105,12862,437,258,65,323,3
2021-01-12,Tulare,107,460477,41376,38797,5293,44090,509
2021-01-12,Tuolumne,109,53932,3207,3178,28,3206,28
2021-01-12,Ventura,111,848112,60067,55342,2072,57414,324
2021-01-12,Yolo,113,214977,10815,9857,101,9958,133
2021-01-12,Yuba,115,75493,4665,4389,56,4445,27
2021-01-11,Alameda,001,1643700,65905,61949,1361,63310,652
2021-01-11,Alpine,003,1148,73,70,0,70,0
2021-01-11,Amador,005,37829,2988,2867,24,2891,24
2021-01-11,Butte,007,227075,9578,8757,1236,9993,119
2021-01-11,Calaveras,009,45235,1508,1460,7,1467,21
2021-01-11,Colusa,011,21464,1569,1494,145,1639,7
2021-01-11,Contra Costa,013,1133247,51097,47728,822,48550,398
2021-01-11,Del Norte,015,27424,849,810,2,812,2
2021-01-11,El Dorado,017,186661,7717,6987,477,7464,36
2021-01-11,Fresno,019,978130,82645,76581,6087,82668,775
2021-01-11,Glenn,021,27897,1925,1763,370,2133,9
2021-01-11,Humboldt,023,135768,2275,2069,7,2076,22
2021-01-11,Imperial,025,180216,25331,24418,2021,26439,453
2021-01-11,Inyo,027,18085,913,763,8,771,25
2021-01-11,Kern,029,883053,79508,74489,6943,81432,682
2021-01-11,Kings,031,150075,19001,17909,714,18623,108
2021-01-11,Lake,033,64148,2485,2205,0,2205,26
2021-01-11,Lassen,035,31185,4733,4647,69,4716,1
2021-01-11,Los Angeles,037,10098052,991490,914434,31313,945747,12304
2021-01-11,Madera,039,155013,13273,12366,618,12984,85
2021-01-11,Marin,041,260295,11390,10814,112,10926,156
2021-01-11,Mariposa,043,17540,319,296,2,298,3
2021-01-11,Mendocino,045,87422,2966,2728,46,2774,31
2021-01-11,Merced,047,269075,23121,21884,548,22432,238
2021-01-11,Modoc,049,8938,293,271,82,353,0
2021-01-11,Mono,051,14174,1060,1006,13,1019,3
2021-01-11,Monterey,053,433212,34638,32858,998,33856,239
2021-01-11,Napa,055,140530,7391,6822,31,6853,36
2021-01-11,Nevada,057,99092,3229,2980,122,3102,17
2021-01-11,Orange,059,3164182,208088,196340,8431,204771,2113
2021-01-11,Placer,061,380077,17592,15919,812,16731,163
2021-01-11,Plumas,063,18699,564,477,9,486,2
2021-01-11,Riverside,065,2383286,238615,222907,11287,234194,2222
2021-01-11,Sacramento,067,1510023,78791,76009,855,76864,974
2021-01-11,San Benito,069,59416,4765,4482,45,4527,34
2021-01-11,San Bernardino,071,2135413,250354,235543,7100,242643,1739
2021-01-11,San Diego,073,3302833,212913,194793,9823,204616,1857
2021-01-11,San Francisco,075,870044,28561,27264,426,27690,238
2021-01-11,San Joaquin,077,732212,56121,53002,2168,55170,725
2021-01-11,San Luis Obispo,079,281455,15467,14213,373,14586,126
2021-01-11,San Mateo,081,765935,32316,29355,192,29547,206
2021-01-11,Santa Barbara,083,443738,23942,21740,691,22431,200
2021-01-11,Santa Clara,085,1922200,90554,84851,395,85246,877
2021-01-11,Santa Cruz,087,273765,12506,11093,527,11620,106
2021-01-11,Shasta,089,179085,9531,8977,920,9897,81
2021-01-11,Sierra,091,2930,41,33,6,39,0
2021-01-11,Siskiyou,093,43540,1197,1087,162,1249,3
2021-01-11,Solano,095,438530,24549,22893,259,23152,101
2021-01-11,Sonoma,097,501317,23209,22191,120,22311,205
2021-01-11,Stanislaus,099,539301,41903,39149,4076,43225,571
2021-01-11,Sutter,101,95872,7504,7204,59,7263,71
2021-01-11,Tehama,103,63373,3775,3524,396,3920,17
2021-01-11,Trinity,105,12862,437,256,65,321,2
2021-01-11,Tulare,107,460477,40961,38380,5214,43594,497
2021-01-11,Tuolumne,109,53932,3196,3165,28,3193,27
2021-01-11,Ventura,111,848112,58931,54202,2049,56251,320
2021-01-11,Yolo,113,214977,10607,9699,99,9798,129
2021-01-11,Yuba,115,75493,4627,4349,49,4398,27
2021-01-10,Alameda,001,1643700,64900,61111,1333,62444,650
2021-01-10,Alpine,003,1148,73,70,0,70,0
2021-01-10,Amador,005,37829,2964,2861,24,2885,24
2021-01-10,Butte,007,227075,9457,8665,1210,9875,119
2021-01-10,Calaveras,009,45235,1484,1449,7,1456,21
2021-01-10,Colusa,011,21464,1545,1478,143,1621,7
2021-01-10,Contra Costa,013,1133247,50314,47109,804,47913,398
2021-01-10,Del Norte,015,27424,846,809,2,811,2
2021-01-10,El Dorado,017,186661,7630,6904,459,7363,36
2021-01-10,Fresno,019,978130,81834,75621,5964,81585,775
2021-01-10,Glenn,021,27897,1906,1746,362,2108,9
2021-01-10,Humboldt,023,135768,2214,2049,7,2056,22
2021-01-10,Imperial,025,180216,25170,24233,1970,26203,453
2021-01-10,Inyo,027,18085,885,748,8,756,25
2021-01-10,Kern,029,883053,78676,73712,6810,80522,679
2021-01-10,Kings,031,150075,18782,17812,707,18519,108
2021-01-10,Lake,033,64148,2431,2174,0,2174,26
2021-01-10,Lassen,035,31185,4711,4642,69,4711,1
2021-01-10,Los Angeles,037,10098052,976886,901783,30686,932469,12170
2021-01-10,Madera,039,155013,13084,12179,603,12782,85
2021-01-10,Marin,041,260295,11269,10737,111,10848,155
2021-01-10,Mariposa,043,17540,319,291,2,293,3
2021-01-10,Mendocino,045,87422,2935,2706,42,2748,31
2021-01-10,Merced,047,269075,22847,21691,536,22227,238
2021-01-10,Modoc,049,8938,293,271,80,351,0
2021-01-10,Mono,051,14174,1042,965,13,978,3
2021-01-10,Monterey,053,433212,34198,32571,965,33536,237
2021-01-10,Napa,055,140530,7287,6687,29,6716,36
2021-01-10,Nevada,057,99092,3210,2959,118,3077,17
2021-01-10,Orange,059,3164182,205323,193766,8307,202073,2104
2021-01-10,Placer,061,380077,17405,15779,792,16571,163
2021-01-10,Plumas,063,18699,554,477,9,486,2
2021-01-10,Riverside,065,2383286,235246,219486,11099,230585,2216
2021-01-10,Sacramento,067,1510023,77830,75394,827,76221,965
2021-01-10,San Benito,069,59416,4666,4434,44,4478,34
2021-01-10,San Bernardino,071,2135413,246824,232171,6996,239167,1736
2021-01-10,San Diego,073,3302833,209246,191886,9656,201542,1857
2021-01-10,San Francisco,075,870044,28176,27054,395,27449,238
2021-01-10,San Joaquin,077,732212,55262,52535,2135,54670,725
2021-01-10,San Luis Obispo,079,281455,15138,13968,361,14329,122
2021-01-10,San Mateo,081,765935,31825,28972,178,29150,206
2021-01-10,Santa Barbara,083,443738,23384,21290,676,21966,200
2021-01-10,Santa Clara,085,1922200,89381,83779,386,84165,858
2021-01-10,Santa Cruz,087,273765,12293,10951,506,11457,106
2021-01-10,Shasta,089,179085,9419,8936,905,9841,81
2021-01-10,Sierra,091,2930,40,32,6,38,0
2021-01-10,Siskiyou,093,43540,1191,1075,159,1234,3
2021-01-10,Solano,095,438530,24146,22621,256,22877,101
2021-01-10,Sonoma,097,501317,22933,21925,119,22044,204
2021-01-10,Stanislaus,099,539301,41330,38809,3997,42806,571
2021-01-10,Sutter,101,95872,7443,7133,56,7189,71
2021-01-10,Tehama,103,63373,3702,3504,383,3887,17
2021-01-10,Trinity,105,12862,437,253,63,316,2
2021-01-10,Tulare,107,460477,40545,38012,5092,43104,497
2021-01-10,Tuolumne,109,53932,3162,3143,27,3170,27
2021-01-10,Ventura,111,848112,57661,53095,2005,55100,319
2021-01-10,Yolo,113,214977,10453,9610,98,9708,129
2021-01-10,Yuba,115,75493,4575,4300,46,4346,27
2021-01-09,Alameda,001,1643700,64359,60125,1317,61442,649
2021-01-09,Alpine,003,1148,73,70,0,70,0
2021-01-09,Amador,005,37829,2957,2809,24,2833,24
2021-01-09,Butte,007,227075,9378,8552,1186,9738,118
2021-01-09,Calaveras,009,45235,1474,1425,7,1432,21
2021-01-09,Colusa,011,21464,1539,1468,142,1610,7
2021-01-09,Contra Costa,013,1133247,49962,46406,789,47195,393
2021-01-09,Del Norte,015,27424,844,802,2,804,2
2021-01-09,El Dorado,017,186661,7598,6800,456,7256,36
2021-01-09,Fresno,019,978130,81425,74816,5924,80740,773
2021-01-09,Glenn,021,27897,1891,1707,359,2066,9
2021-01-09,Humboldt,023,135768,2196,2026,7,2033,22
2021-01-09,Imperial,025,180216,25102,24028,1956,25984,448
2021-01-09,Inyo,027,18085,875,734,8,742,25
2021-01-09,Kern,029,883053,78208,73015,6733,79748,677
2021-01-09,Kings,031,150075,18687,17679,703,18382,108
2021-01-09,Lake,033,64148,2396,2144,0,2144,26
2021-01-09,Lassen,035,31185,4699,4613,68,4681,1
2021-01-09,Los Angeles,037,10098052,971315,887949,30246,918195,12011
2021-01-09,Madera,039,155013,12993,12063,598,12661,85
2021-01-09,Marin,041,260295,11208,10634,110,10744,154
2021-01-09,Mariposa,043,17540,316,287,2,289,3
2021-01-09,Mendocino,045,87422,2917,2664,42,2706,31
2021-01-09,Merced,047,269075,22705,21357,527,21884,237
2021-01-09,Modoc,049,8938,293,271,79,350,0
2021-01-09,Mono,051,14174,1037,964,13,977,3
2021-01-09,Monterey,053,433212,34047,31948,955,32903,235
2021-01-09,Napa,055,140530,7217,6594,26,6620,36
2021-01-09,Nevada,057,99092,3188,2932,115,3047,17
2021-01-09,Orange,059,3164182,203815,191004,8214,199218,2034
2021-01-09,Placer,061,380077,17297,15609,790,16399,162
2021-01-09,Plumas,063,18699,552,477,9,486,2
2021-01-09,Riverside,065,2383286,233490,216076,10962,227038,2201
2021-01-09,Sacramento,067,1510023,77297,74482,822,75304,953
2021-01-09,San Benito,069,59416,4615,4335,44,4379,34
2021-01-09,San Bernardino,071,2135413,245636,228857,6927,235784,1714
2021-01-09,San Diego,073,3302833,207553,188598,9536,198134,1824
2021-01-09,San Francisco,075,870044,28002,26708,352,27060,235
2021-01-09,San Joaquin,077,732212,54913,51927,2115,54042,724
2021-01-09,San Luis Obispo,079,281455,15014,13647,350,13997,121
2021-01-09,San Mateo,081,765935,31526,28512,171,28683,205
2021-01-09,Santa Barbara,083,443738,23171,20971,671,21642,197
2021-01-09,Santa Clara,085,1922200,88543,82269,374,82643,808
2021-01-09,Santa Cruz,087,273765,12197,10717,500,11217,107
2021-01-09,Shasta,089,179085,9386,8893,901,9794,81
2021-01-09,Sierra,091,2930,38,32,6,38,0
2021-01-09,Siskiyou,093,43540,1187,1062,155,1217,3
2021-01-09,Solano,095,438530,23988,22226,255,22481,101
2021-01-09,Sonoma,097,501317,22811,21393,119,21512,202
2021-01-09,Stanislaus,099,539301,41038,38403,3962,42365,567
2021-01-09,Sutter,101,95872,7407,7072,55,7127,69
2021-01-09,Tehama,103,63373,3670,3451,372,3823,15
2021-01-09,Trinity,105,12862,437,252,63,315,2
2021-01-09,Tulare,107,460477,40291,37684,5026,42710,496
2021-01-09,Tuolumne,109,53932,3154,3117,26,3143,26
2021-01-09,Ventura,111,848112,56832,51988,1979,53967,306
2021-01-09,Yolo,113,214977,10381,9524,95,9619,129
2021-01-09,Yuba,115,75493,4545,4265,46,4311,27
2021-01-08,Alameda,001,1643700,63789,59172,1308,60480,646
2021-01-08,Alpine,003,1148,73,70,0,70,0
2021-01-08,Amador,005,37829,2950,2792,24,2816,24
2021-01-08,Butte,007,227075,9318,8430,1172,9602,115
2021-01-08,Calaveras,009,45235,1460,1385,7,1392,21
2021-01-08,Colusa,011,21464,1526,1448,141,1589,7
2021-01-08,Contra Costa,013,1133247,49435,45667,785,46452,381
2021-01-08,Del Norte,015,27424,842,795,2,797,2
2021-01-08,El Dorado,017,186661,7528,6690,444,7134,36
2021-01-08,Fresno,019,978130,80610,73689,5863,79552,771
2021-01-08,Glenn,021,27897,1876,1680,354,2034,9
2021-01-08,Humboldt,023,135768,2172,1988,7,1995,22
2021-01-08,Imperial,025,180216,25036,23751,1941,25692,446
2021-01-08,Inyo,027,18085,861,682,8,690,24
2021-01-08,Kern,029,883053,77645,71978,6659,78637,674
2021-01-08,Kings,031,150075,18559,17441,698,18139,108
2021-01-08,Lake,033,64148,2371,2098,0,2098,26
2021-01-08,Lassen,035,31185,4691,4598,66,4664,1
2021-01-08,Los Angeles,037,10098052,960515,871188,29818,901006,11796
2021-01-08,Madera,039,155013,12842,11846,589,12435,85
2021-01-08,Marin,041,260295,11115,10531,109,10640,153
2021-01-08,Mariposa,043,17540,315,273,2,275,3
2021-01-08,Mendocino,045,87422,2898,2634,39,2673,31
2021-01-08,Merced,047,269075,22510,20862,522,21384,236
2021-01-08,Modoc,049,8938,293,266,79,345,0
2021-01-08,Mono,051,14174,1027,951,13,964,3
2021-01-08,Monterey,053,433212,33793,31543,944,32487,224
2021-01-08,Napa,055,140530,7147,6544,26,6570,32
2021-01-08,Nevada,057,99092,3166,2888,115,3003,17
2021-01-08,Orange,059,3164182,201822,186608,8127,194735,1991
2021-01-08,Placer,061,380077,17166,15401,783,16184,161
2021-01-08,Plumas,063,18699,546,465,9,474,2
2021-01-08,Riverside,065,2383286,231087,212122,10831,222953,2184
2021-01-08,Sacramento,067,1510023,76724,73245,816,74061,939
2021-01-08,San Benito,069,59416,4578,4225,43,4268,33
2021-01-08,San Bernardino,071,2135413,243758,224267,6857,231124,1703
2021-01-08,San Diego,073,3302833,205016,185060,9442,194502,1771
2021-01-08,San Francisco,075,870044,27753,26378,329,26707,207
2021-01-08,San Joaquin,077,732212,54577,50990,2087,53077,710
2021-01-08,San Luis Obispo,079,281455,14881,13286,338,13624,119
2021-01-08,San Mateo,081,765935,31176,28072,168,28240,204
2021-01-08,Santa Barbara,083,443738,22885,20461,666,21127,189
2021-01-08,Santa Clara,085,1922200,87538,80561,371,80932,789
2021-01-08,Santa Cruz,087,273765,12056,10486,492,10978,106
2021-01-08,Shasta,089,179085,9336,8772,886,9658,81
2021-01-08,Sierra,091,2930,38,31,6,37,0
2021-01-08,Siskiyou,093,43540,1184,1027,154,1181,3
2021-01-08,Solano,095,438530,23817,21832,252,22084,100
2021-01-08,Sonoma,097,501317,22669,21178,119,21297,201
2021-01-08,Stanislaus,099,539301,40740,37858,3927,41785,566
2021-01-08,Sutter,101,95872,7357,6982,55,7037,68
2021-01-08,Tehama,103,63373,3647,3406,368,3774,15
2021-01-08,Trinity,105,12862,437,247,63,310,2
2021-01-08,Tulare,107,460477,40018,36946,4925,41871,491
2021-01-08,Tuolumne,109,53932,3146,3099,26,3125,19
2021-01-08,Ventura,111,848112,55966,50553,1955,52508,294
2021-01-08,Yolo,113,214977,10293,9391,91,9482,129
2021-01-08,Yuba,115,75493,4503,4195,45,4240,26
2021-01-07,Alameda,001,1643700,62927,57921,1281,59202,632
2021-01-07,Alpine,003,1148,71,70,0,70,0
2021-01-07,Amador,005,37829,2937,2740,23,2763,24
2021-01-07,Butte,007,227075,9221,8278,1151,9429,112
2021-01-07,Calaveras,009,45235,1443,1342,6,1348,21
2021-01-07,Colusa,011,21464,1514,1420,134,1554,7
2021-01-07,Contra Costa,013,1133247,48659,44756,769,45525,376
2021-01-07,Del Norte,015,27424,840,791,2,793,2
2021-01-07,El Dorado,017,186661,7427,6545,432,6977,36
2021-01-07,Fresno,019,978130,79654,72557,5764,78321,765
2021-01-07,Glenn,021,27897,1858,1639,344,1983,9
2021-01-07,Humboldt,023,135768,2145,1954,7,1961,22
2021-01-07,Imperial,025,180216,24846,23608,1888,25496,431
2021-01-07,Inyo,027,18085,848,656,8,664,20
2021-01-07,Kern,029,883053,76783,70953,6508,77461,660
2021-01-07,Kings,031,150075,18431,17238,689,17927,108
2021-01-07,Lake,033,64148,2317,2054,0,2054,26
2021-01-07,Lassen,035,31185,4686,4581,64,4645,1
2021-01-07,Los Angeles,037,10098052,945602,853187,29280,882467,11480
2021-01-07,Madera,039,155013,12685,11644,578,12222,76
2021-01-07,Marin,041,260295,11026,10364,107,10471,153
2021-01-07,Mariposa,043,17540,313,264,2,266,3
2021-01-07,Mendocino,045,87422,2843,2585,34,2619,30
2021-01-07,Merced,047,269075,22189,20510,506,21016,234
2021-01-07,Modoc,049,8938,293,265,79,344,0
2021-01-07,Mono,051,14174,1016,905,13,918,3
2021-01-07,Monterey,053,433212,33288,30903,920,31823,222
2021-01-07,Napa,055,140530,7037,6408,26,6434,32
2021-01-07,Nevada,057,99092,3132,2847,110,2957,17
2021-01-07,Orange,059,3164182,198978,181922,8029,189951,1974
2021-01-07,Placer,061,380077,16987,15155,754,15909,144
2021-01-07,Plumas,063,18699,544,454,9,463,2
2021-01-07,Riverside,065,2383286,227624,208177,10675,218852,2156
2021-01-07,Sacramento,067,1510023,75816,72342,795,73137,919
2021-01-07,San Benito,069,59416,4517,4112,39,4151,33
2021-01-07,San Bernardino,071,2135413,240300,219691,6775,226466,1666
2021-01-07,San Diego,073,3302833,201710,180510,9264,189774,1738
2021-01-07,San Francisco,075,870044,27424,25885,314,26199,202
2021-01-07,San Joaquin,077,732212,53895,50156,2057,52213,689
2021-01-07,San Luis Obispo,079,281455,14642,12810,325,13135,118
2021-01-07,San Mateo,081,765935,30667,27494,164,27658,201
2021-01-07,Santa Barbara,083,443738,22458,19931,655,20586,187
2021-01-07,Santa Clara,085,1922200,86365,78808,368,79176,775
2021-01-07,Santa Cruz,087,273765,11847,10228,485,10713,104
2021-01-07,Shasta,089,179085,9248,8612,878,9490,81
2021-01-07,Sierra,091,2930,38,31,6,37,0
2021-01-07,Siskiyou,093,43540,1179,1010,152,1162,3
2021-01-07,Solano,095,438530,23425,21384,248,21632,100
2021-01-07,Sonoma,097,501317,22408,20857,118,20975,200
2021-01-07,Stanislaus,099,539301,40323,37296,3874,41170,553
2021-01-07,Sutter,101,95872,7298,6890,54,6944,65
2021-01-07,Tehama,103,63373,3623,3330,360,3690,15
2021-01-07,Trinity,105,12862,437,247,63,310,2
2021-01-07,Tulare,107,460477,39618,36397,4792,41189,482
2021-01-07,Tuolumne,109,53932,3126,3068,25,3093,14
2021-01-07,Ventura,111,848112,54805,49083,1927,51010,288
2021-01-07,Yolo,113,214977,10153,9207,89,9296,128
2021-01-07,Yuba,115,75493,4461,4128,45,4173,25
2021-01-06,Alameda,001,1643700,62070,57081,1252,58333,616
2021-01-06,Alpine,003,1148,71,70,0,70,0
2021-01-06,Amador,005,37829,2916,2717,22,2739,24
2021-01-06,Butte,007,227075,9106,8147,1131,9278,110
2021-01-06,Calaveras,009,45235,1420,1321,6,1327,21
2021-01-06,Colusa,011,21464,1493,1385,129,1514,7
2021-01-06,Contra Costa,013,1133247,47866,44054,753,44807,358
2021-01-06,Del Norte,015,27424,834,780,2,782,2
2021-01-06,El Dorado,017,186661,7315,6397,419,6816,35
2021-01-06,Fresno,019,978130,78811,71404,5662,77066,752
2021-01-06,Glenn,021,27897,1832,1622,339,1961,9
2021-01-06,Humboldt,023,135768,2119,1912,7,1919,22
2021-01-06,Imperial,025,180216,24601,23400,1846,25246,431
2021-01-06,Inyo,027,18085,832,630,8,638,20
2021-01-06,Kern,029,883053,75839,69893,6377,76270,646
2021-01-06,Kings,031,150075,18233,17019,669,17688,108
2021-01-06,Lake,033,64148,2280,2033,0,2033,26
2021-01-06,Lassen,035,31185,4674,4560,60,4620,1
2021-01-06,Los Angeles,037,10098052,929660,835052,28581,863633,11285
2021-01-06,Madera,039,155013,12549,11407,572,11979,67
2021-01-06,Marin,041,260295,10898,10282,106,10388,153
2021-01-06,Mariposa,043,17540,310,259,2,261,3
2021-01-06,Mendocino,045,87422,2813,2561,34,2595,30
2021-01-06,Merced,047,269075,21852,20258,490,20748,232
2021-01-06,Modoc,049,8938,293,263,79,342,0
2021-01-06,Mono,051,14174,985,905,13,918,3
2021-01-06,Monterey,053,433212,32688,30387,888,31275,222
2021-01-06,Napa,055,140530,6907,6342,26,6368,32
2021-01-06,Nevada,057,99092,3112,2805,109,2914,15
2021-01-06,Orange,059,3164182,195526,177686,7888,185574,1935
2021-01-06,Placer,061,380077,16799,14940,736,15676,134
2021-01-06,Plumas,063,18699,536,445,9,454,2
2021-01-06,Riverside,065,2383286,223604,203714,10489,214203,2121
2021-01-06,Sacramento,067,1510023,74792,71572,778,72350,909
2021-01-06,San Benito,069,59416,4441,4031,38,4069,32
2021-01-06,San Bernardino,071,2135413,236586,215286,6667,221953,1634
2021-01-06,San Diego,073,3302833,198212,176660,9093,185753,1691
2021-01-06,San Francisco,075,870044,27055,25424,306,25730,199
2021-01-06,San Joaquin,077,732212,53140,49286,2016,51302,673
2021-01-06,San Luis Obispo,079,281455,14249,12305,318,12623,115
2021-01-06,San Mateo,081,765935,30242,27050,161,27211,200
2021-01-06,Santa Barbara,083,443738,21969,19453,646,20099,177
2021-01-06,Santa Clara,085,1922200,84994,77485,361,77846,746
2021-01-06,Santa Cruz,087,273765,11628,9954,467,10421,97
2021-01-06,Shasta,089,179085,9177,8482,871,9353,78
2021-01-06,Sierra,091,2930,37,31,6,37,0
2021-01-06,Siskiyou,093,43540,1167,998,148,1146,3
2021-01-06,Solano,095,438530,23042,21102,245,21347,99
2021-01-06,Sonoma,097,501317,22101,20558,118,20676,196
2021-01-06,Stanislaus,099,539301,39756,36751,3815,40566,553
2021-01-06,Sutter,101,95872,7217,6839,53,6892,59
2021-01-06,Tehama,103,63373,3595,3306,354,3660,15
2021-01-06,Trinity,105,12862,437,246,63,309,2
2021-01-06,Tulare,107,460477,39066,35882,4695,40577,465
2021-01-06,Tuolumne,109,53932,3106,3008,25,3033,14
2021-01-06,Ventura,111,848112,53562,47428,1903,49331,280
2021-01-06,Yolo,113,214977,9989,9083,86,9169,127
2021-01-06,Yuba,115,75493,4412,4097,45,4142,25
2021-01-05,Alameda,001,1643700,60952,56432,1218,57650,602
2021-01-05,Alpine,003,1148,71,70,0,70,0
2021-01-05,Amador,005,37829,2876,2695,22,2717,24
2021-01-05,Butte,007,227075,8965,8008,1103,9111,107
2021-01-05,Calaveras,009,45235,1374,1292,6,1298,21
2021-01-05,Colusa,011,21464,1468,1376,123,1499,7
2021-01-05,Contra Costa,013,1133247,46991,43442,741,44183,353
2021-01-05,Del Norte,015,27424,827,770,2,772,2
2021-01-05,El Dorado,017,186661,7197,6270,398,6668,32
2021-01-05,Fresno,019,978130,77589,70971,5568,76539,741
2021-01-05,Glenn,021,27897,1809,1608,323,1931,9
2021-01-05,Humboldt,023,135768,2083,1884,7,1891,22
2021-01-05,Imperial,025,180216,24428,23165,1803,24968,421
2021-01-05,Inyo,027,18085,818,627,8,635,20
2021-01-05,Kern,029,883053,74762,68257,6238,74495,624
2021-01-05,Kings,031,150075,18034,16860,646,17506,108
2021-01-05,Lake,033,64148,2233,2015,0,2015,25
2021-01-05,Lassen,035,31185,4659,4554,56,4610,1
2021-01-05,Los Angeles,037,10098052,910932,823783,27906,851689,11028
2021-01-05,Madera,039,155013,12373,11359,559,11918,67
2021-01-05,Marin,041,260295,10745,10214,105,10319,151
2021-01-05,Mariposa,043,17540,304,257,2,259,3
2021-01-05,Mendocino,045,87422,2777,2501,34,2535,30
2021-01-05,Merced,047,269075,21501,20051,478,20529,230
2021-01-05,Modoc,049,8938,293,254,79,333,0
2021-01-05,Mono,051,14174,979,896,13,909,3
2021-01-05,Monterey,053,433212,32139,30045,855,30900,213
2021-01-05,Napa,055,140530,6820,6264,26,6290,29
2021-01-05,Nevada,057,99092,3084,2781,107,2888,15
2021-01-05,Orange,059,3164182,191890,174869,7693,182562,1918
2021-01-05,Placer,061,380077,16575,14723,713,15436,133
2021-01-05,Plumas,063,18699,529,428,9,437,2
2021-01-05,Riverside,065,2383286,219478,200439,10314,210753,2069
2021-01-05,Sacramento,067,1510023,73864,70677,752,71429,888
2021-01-05,San Benito,069,59416,4339,3961,36,3997,28
2021-01-05,San Bernardino,071,2135413,232641,212522,6552,219074,1615
2021-01-05,San Diego,073,3302833,194073,172845,8878,181723,1654
2021-01-05,San Francisco,075,870044,26688,24989,288,25277,196
2021-01-05,San Joaquin,077,732212,52267,48969,1969,50938,663
2021-01-05,San Luis Obispo,079,281455,13850,12027,308,12335,106
2021-01-05,San Mateo,081,765935,29760,26486,159,26645,198
2021-01-05,Santa Barbara,083,443738,21523,19063,637,19700,172
2021-01-05,Santa Clara,085,1922200,83464,76355,348,76703,729
2021-01-05,Santa Cruz,087,273765,11355,9753,443,10196,93
2021-01-05,Shasta,089,179085,9070,8345,853,9198,73
2021-01-05,Sierra,091,2930,37,31,6,37,0
2021-01-05,Siskiyou,093,43540,1155,985,146,1131,3
2021-01-05,Solano,095,438530,22635,20860,240,21100,97
2021-01-05,Sonoma,097,501317,21741,20247,117,20364,194
2021-01-05,Stanislaus,099,539301,39211,36363,3764,40127,553
2021-01-05,Sutter,101,95872,7120,6769,52,6821,59
2021-01-05,Tehama,103,63373,3539,3255,349,3604,9
2021-01-05,Trinity,105,12862,437,246,63,309,2
2021-01-05,Tulare,107,460477,38452,35585,4550,40135,455
2021-01-05,Tuolumne,109,53932,3082,2996,20,3016,13
2021-01-05,Ventura,111,848112,52316,46456,1881,48337,264
2021-01-05,Yolo,113,214977,9814,8980,85,9065,127
2021-01-05,Yuba,115,75493,4353,4053,44,4097,21
2021-01-04,Alameda,001,1643700,59727,55899,1184,57083,583
2021-01-04,Alpine,003,1148,71,68,0,68,0
2021-01-04,Amador,005,37829,2836,2596,22,2618,24
2021-01-04,Butte,007,227075,8806,7893,1082,8975,105
2021-01-04,Calaveras,009,45235,1333,1276,5,1281,21
2021-01-04,Colusa,011,21464,1443,1368,109,1477,7
2021-01-04,Contra Costa,013,1133247,46130,43019,715,43734,353
2021-01-04,Del Norte,015,27424,817,770,2,772,2
2021-01-04,El Dorado,017,186661,7063,6152,382,6534,27
2021-01-04,Fresno,019,978130,76320,69871,5470,75341,726
2021-01-04,Glenn,021,27897,1776,1590,318,1908,9
2021-01-04,Humboldt,023,135768,2047,1845,7,1852,22
2021-01-04,Imperial,025,180216,24276,23035,1750,24785,420
2021-01-04,Inyo,027,18085,792,623,8,631,20
2021-01-04,Kern,029,883053,73678,67418,6041,73459,623
2021-01-04,Kings,031,150075,17757,16801,621,17422,108
2021-01-04,Lake,033,64148,2194,1984,0,1984,25
2021-01-04,Lassen,035,31185,4637,4550,55,4605,1
2021-01-04,Los Angeles,037,10098052,890824,813022,27033,840055,10790
2021-01-04,Madera,039,155013,12153,11204,537,11741,67
2021-01-04,Marin,041,260295,10608,10115,102,10217,151
2021-01-04,Mariposa,043,17540,298,253,2,255,3
2021-01-04,Mendocino,045,87422,2737,2460,30,2490,28
2021-01-04,Merced,047,269075,21086,19804,459,20263,230
2021-01-04,Modoc,049,8938,277,250,77,327,0
2021-01-04,Mono,051,14174,968,895,13,908,3
2021-01-04,Monterey,053,433212,31519,29659,833,30492,212
2021-01-04,Napa,055,140530,6679,6187,26,6213,29
2021-01-04,Nevada,057,99092,3046,2765,104,2869,15
2021-01-04,Orange,059,3164182,188001,172458,7566,180024,1918
2021-01-04,Placer,061,380077,16316,14622,700,15322,133
2021-01-04,Plumas,063,18699,519,419,9,428,1
2021-01-04,Riverside,065,2383286,214924,196809,10123,206932,2066
2021-01-04,Sacramento,067,1510023,72811,70164,742,70906,870
2021-01-04,San Benito,069,59416,4226,3914,36,3950,28
2021-01-04,San Bernardino,071,2135413,228385,210868,6401,217269,1615
2021-01-04,San Diego,073,3302833,189499,171031,8682,179713,1598
2021-01-04,San Francisco,075,870044,26300,24753,282,25035,191
2021-01-04,San Joaquin,077,732212,51367,48644,1927,50571,661
2021-01-04,San Luis Obispo,079,281455,13364,11945,300,12245,96
2021-01-04,San Mateo,081,765935,29196,26150,154,26304,198
2021-01-04,Santa Barbara,083,443738,21000,18735,606,19341,165
2021-01-04,Santa Clara,085,1922200,81710,75297,340,75637,727
2021-01-04,Santa Cruz,087,273765,11067,9680,426,10106,85
2021-01-04,Shasta,089,179085,8965,8224,836,9060,72
2021-01-04,Sierra,091,2930,36,30,6,36,0
2021-01-04,Siskiyou,093,43540,1138,980,143,1123,3
2021-01-04,Solano,095,438530,22135,20588,233,20821,97
2021-01-04,Sonoma,097,501317,21403,20210,116,20326,194
2021-01-04,Stanislaus,099,539301,38649,36141,3707,39848,553
2021-01-04,Sutter,101,95872,7024,6712,51,6763,56
2021-01-04,Tehama,103,63373,3466,3190,344,3534,9
2021-01-04,Trinity,105,12862,434,245,63,308,2
2021-01-04,Tulare,107,460477,37894,35060,4447,39507,455
2021-01-04,Tuolumne,109,53932,3057,2987,20,3007,13
2021-01-04,Ventura,111,848112,50814,45014,1861,46875,255
2021-01-04,Yolo,113,214977,9620,8834,79,8913,121
2021-01-04,Yuba,115,75493,4295,4023,44,4067,21
2021-01-03,Alameda,001,1643700,58469,55082,1157,56239,580
2021-01-03,Alpine,003,1148,69,68,0,68,0
2021-01-03,Amador,005,37829,2772,2565,22,2587,24
2021-01-03,Butte,007,227075,8612,7837,1036,8873,105
2021-01-03,Calaveras,009,45235,1296,1249,3,1252,21
2021-01-03,Colusa,011,21464,1414,1337,103,1440,7
2021-01-03,Contra Costa,013,1133247,45240,42432,690,43122,352
2021-01-03,Del Norte,015,27424,805,768,2,770,2
2021-01-03,El Dorado,017,186661,6935,6034,365,6399,27
2021-01-03,Fresno,019,978130,75170,69326,5351,74677,719
2021-01-03,Glenn,021,27897,1750,1581,312,1893,9
2021-01-03,Humboldt,023,135768,2010,1833,7,1840,21
2021-01-03,Imperial,025,180216,24029,22951,1672,24623,419
2021-01-03,Inyo,027,18085,774,615,8,623,20
2021-01-03,Kern,029,883053,72418,66895,5863,72758,609
2021-01-03,Kings,031,150075,17481,16593,591,17184,108
2021-01-03,Lake,033,64148,2141,1976,0,1976,24
2021-01-03,Lassen,035,31185,4604,4531,54,4585,1
2021-01-03,Los Angeles,037,10098052,868792,792168,25960,818128,10633
2021-01-03,Madera,039,155013,11930,11152,514,11666,67
2021-01-03,Marin,041,260295,10457,10034,97,10131,150
2021-01-03,Mariposa,043,17540,291,248,2,250,3
2021-01-03,Mendocino,045,87422,2697,2445,29,2474,24
2021-01-03,Merced,047,269075,20618,19600,432,20032,230
2021-01-03,Modoc,049,8938,273,245,76,321,0
2021-01-03,Mono,051,14174,943,893,13,906,3
2021-01-03,Monterey,053,433212,30926,29357,798,30155,191
2021-01-03,Napa,055,140530,6578,6094,26,6120,29
2021-01-03,Nevada,057,99092,2985,2742,101,2843,15
2021-01-03,Orange,059,3164182,183813,169881,7373,177254,1919
2021-01-03,Placer,061,380077,16067,14319,676,14995,133
2021-01-03,Plumas,063,18699,506,416,9,425,1
2021-01-03,Riverside,065,2383286,210047,195048,9877,204925,2005
2021-01-03,Sacramento,067,1510023,71604,68558,721,69279,859
2021-01-03,San Benito,069,59416,4129,3882,35,3917,28
2021-01-03,San Bernardino,071,2135413,223071,208294,6228,214522,1592
2021-01-03,San Diego,073,3302833,184239,168018,8453,176471,1592
2021-01-03,San Francisco,075,870044,25803,24588,264,24852,193
2021-01-03,San Joaquin,077,732212,50250,47899,1870,49769,661
2021-01-03,San Luis Obispo,079,281455,12894,11636,291,11927,95
2021-01-03,San Mateo,081,765935,28602,25770,147,25917,196
2021-01-03,Santa Barbara,083,443738,20267,18267,589,18856,164
2021-01-03,Santa Clara,085,1922200,80125,74534,334,74868,720
2021-01-03,Santa Cruz,087,273765,10763,9528,411,9939,84
2021-01-03,Shasta,089,179085,8839,8192,796,8988,72
2021-01-03,Sierra,091,2930,36,30,6,36,0
2021-01-03,Siskiyou,093,43540,1105,976,134,1110,3
2021-01-03,Solano,095,438530,21606,20105,227,20332,97
2021-01-03,Sonoma,097,501317,21015,19982,113,20095,193
2021-01-03,Stanislaus,099,539301,37942,35762,3622,39384,553
2021-01-03,Sutter,101,95872,6927,6664,50,6714,53
2021-01-03,Tehama,103,63373,3409,3176,337,3513,9
2021-01-03,Trinity,105,12862,429,243,61,304,2
2021-01-03,Tulare,107,460477,37332,34747,4299,39046,455
2021-01-03,Tuolumne,109,53932,2997,2978,17,2995,13
2021-01-03,Ventura,111,848112,48990,43748,1843,45591,254
2021-01-03,Yolo,113,214977,9464,8674,75,8749,121
2021-01-03,Yuba,115,75493,4241,3966,43,4009,20
2021-01-02,Alameda,001,1643700,57838,54518,1126,55644,581
2021-01-02,Alpine,003,1148,69,68,0,68,0
2021-01-02,Amador,005,37829,2753,2540,22,2562,24
2021-01-02,Butte,007,227075,8506,7750,1014,8764,105
2021-01-02,Calaveras,009,45235,1276,1230,3,1233,21
2021-01-02,Colusa,011,21464,1404,1332,102,1434,7
2021-01-02,Contra Costa,013,1133247,44708,41993,679,42672,352
2021-01-02,Del Norte,015,27424,803,764,2,766,2
2021-01-02,El Dorado,017,186661,6880,5959,361,6320,27
2021-01-02,Fresno,019,978130,74626,68740,5237,73977,717
2021-01-02,Glenn,021,27897,1733,1546,311,1857,9
2021-01-02,Humboldt,023,135768,1983,1815,7,1822,21
2021-01-02,Imperial,025,180216,23943,22867,1636,24503,420
2021-01-02,Inyo,027,18085,761,609,8,617,20
2021-01-02,Kern,029,883053,71698,66457,5751,72208,610
2021-01-02,Kings,031,150075,17387,16515,587,17102,108
2021-01-02,Lake,033,64148,2105,1925,0,1925,24
2021-01-02,Lassen,035,31185,4593,4457,53,4510,1
2021-01-02,Los Angeles,037,10098052,860430,791892,25259,817151,10633
2021-01-02,Madera,039,155013,11819,11039,502,11541,67
2021-01-02,Marin,041,260295,10411,9924,94,10018,151
2021-01-02,Mariposa,043,17540,284,243,2,245,3
2021-01-02,Mendocino,045,87422,2654,2428,28,2456,24
2021-01-02,Merced,047,269075,20476,19395,415,19810,230
2021-01-02,Modoc,049,8938,272,245,76,321,0
2021-01-02,Mono,051,14174,932,884,13,897,3
2021-01-02,Monterey,053,433212,30713,28991,786,29777,191
2021-01-02,Napa,055,140530,6519,5994,26,6020,29
2021-01-02,Nevada,057,99092,2956,2706,97,2803,15
2021-01-02,Orange,059,3164182,181605,168457,7224,175681,1918
2021-01-02,Placer,061,380077,15894,14182,667,14849,133
2021-01-02,Plumas,063,18699,503,413,9,422,1
2021-01-02,Riverside,065,2383286,207406,192069,9651,201720,2008
2021-01-02,Sacramento,067,1510023,70970,67810,704,68514,858
2021-01-02,San Benito,069,59416,4046,3829,35,3864,28
2021-01-02,San Bernardino,071,2135413,221414,206939,6103,213042,1597
2021-01-02,San Diego,073,3302833,181640,164498,8256,172754,1592
2021-01-02,San Francisco,075,870044,25543,24414,257,24671,194
2021-01-02,San Joaquin,077,732212,49869,47310,1841,49151,662
2021-01-02,San Luis Obispo,079,281455,12758,11467,285,11752,95
2021-01-02,San Mateo,081,765935,28266,25483,139,25622,196
2021-01-02,Santa Barbara,083,443738,19978,18135,586,18721,164
2021-01-02,Santa Clara,085,1922200,78940,73662,328,73990,720
2021-01-02,Santa Cruz,087,273765,10608,9340,402,9742,85
2021-01-02,Shasta,089,179085,8773,8154,785,8939,72
2021-01-02,Sierra,091,2930,36,28,6,34,0
2021-01-02,Siskiyou,093,43540,1094,949,132,1081,3
2021-01-02,Solano,095,438530,21406,19805,217,20022,97
2021-01-02,Sonoma,097,501317,20846,19761,113,19874,194
2021-01-02,Stanislaus,099,539301,37609,35431,3557,38988,553
2021-01-02,Sutter,101,95872,6875,6621,50,6671,53
2021-01-02,Tehama,103,63373,3382,3146,333,3479,9
2021-01-02,Trinity,105,12862,426,243,61,304,2
2021-01-02,Tulare,107,460477,37014,34479,4224,38703,455
2021-01-02,Tuolumne,109,53932,2983,2942,15,2957,13
2021-01-02,Ventura,111,848112,47835,43397,1808,45205,254
2021-01-02,Yolo,113,214977,9366,8571,73,8644,122
2021-01-02,Yuba,115,75493,4202,3930,42,3972,21
2021-01-01,Alameda,001,1643700,57171,53518,1112,54630,579
2021-01-01,Alpine,003,1148,69,68,0,68,0
2021-01-01,Amador,005,37829,2727,2513,20,2533,24
2021-01-01,Butte,007,227075,8404,7589,992,8581,105
2021-01-01,Calaveras,009,45235,1261,1186,3,1189,21
2021-01-01,Colusa,011,21464,1395,1314,100,1414,7
2021-01-01,Contra Costa,013,1133247,44227,41412,660,42072,351
2021-01-01,Del Norte,015,27424,796,758,2,760,2
2021-01-01,El Dorado,017,186661,6788,5832,353,6185,27
2021-01-01,Fresno,019,978130,73553,67484,5151,72635,717
2021-01-01,Glenn,021,27897,1716,1520,302,1822,9
2021-01-01,Humboldt,023,135768,1944,1783,7,1790,21
2021-01-01,Imperial,025,180216,23853,22715,1585,24300,418
2021-01-01,Inyo,027,18085,737,606,8,614,20
2021-01-01,Kern,029,883053,70871,65571,5643,71214,609
2021-01-01,Kings,031,150075,17204,16358,580,16938,108
2021-01-01,Lake,033,64148,2072,1888,0,1888,24
2021-01-01,Lassen,035,31185,4587,4377,53,4430,1
2021-01-01,Los Angeles,037,10098052,846231,775578,24566,800144,10515
2021-01-01,Madera,039,155013,11659,10752,493,11245,66
2021-01-01,Marin,041,260295,10304,9821,93,9914,148
2021-01-01,Mariposa,043,17540,276,236,2,238,3
2021-01-01,Mendocino,045,87422,2600,2400,28,2428,24
2021-01-01,Merced,047,269075,20292,19118,399,19517,229
2021-01-01,Modoc,049,8938,272,241,76,317,0
2021-01-01,Mono,051,14174,914,884,12,896,3
2021-01-01,Monterey,053,433212,30473,28465,777,29242,191
2021-01-01,Napa,055,140530,6433,5899,26,5925,28
2021-01-01,Nevada,057,99092,2932,2663,97,2760,15
2021-01-01,Orange,059,3164182,178806,165440,7080,172520,1893
2021-01-01,Placer,061,380077,15704,13987,652,14639,133
2021-01-01,Plumas,063,18699,498,412,9,421,1
2021-01-01,Riverside,065,2383286,204218,188674,9393,198067,1990
2021-01-01,Sacramento,067,1510023,70372,66956,687,67643,848
2021-01-01,San Benito,069,59416,4008,3773,35,3808,28
2021-01-01,San Bernardino,071,2135413,218579,203651,5971,209622,1590
2021-01-01,San Diego,073,3302833,178567,160071,8077,168148,1592
2021-01-01,San Francisco,075,870044,25267,24145,246,24391,187
2021-01-01,San Joaquin,077,732212,49577,46640,1795,48435,657
2021-01-01,San Luis Obispo,079,281455,12530,11160,277,11437,94
2021-01-01,San Mateo,081,765935,27818,25041,135,25176,194
2021-01-01,Santa Barbara,083,443738,19658,17759,576,18335,164
2021-01-01,Santa Clara,085,1922200,77656,71904,322,72226,680
2021-01-01,Santa Cruz,087,273765,10428,9146,392,9538,84
2021-01-01,Shasta,089,179085,8692,8102,768,8870,72
2021-01-01,Sierra,091,2930,36,26,6,32,0
2021-01-01,Siskiyou,093,43540,1080,944,127,1071,3
2021-01-01,Solano,095,438530,21191,19393,215,19608,97
2021-01-01,Sonoma,097,501317,20650,19513,113,19626,189
2021-01-01,Stanislaus,099,539301,37321,34978,3495,38473,553
2021-01-01,Sutter,101,95872,6818,6553,49,6602,52
2021-01-01,Tehama,103,63373,3324,3079,326,3405,9
2021-01-01,Trinity,105,12862,426,243,61,304,2
2021-01-01,Tulare,107,460477,36602,33994,4129,38123,454
2021-01-01,Tuolumne,109,53932,2967,2909,15,2924,13
2021-01-01,Ventura,111,848112,46342,42026,1781,43807,253
2021-01-01,Yolo,113,214977,9255,8461,70,8531,120
2021-01-01,Yuba,115,75493,4148,3845,41,3886,19
2020-12-31,Alameda,001,1643700,56618,52475,1081,53556,579
2020-12-31,Alpine,003,1148,69,66,0,66,0
2020-12-31,Amador,005,37829,2713,2493,20,2513,24
2020-12-31,Butte,007,227075,8329,7405,973,8378,105
2020-12-31,Calaveras,009,45235,1250,1161,3,1164,21
2020-12-31,Colusa,011,21464,1386,1301,97,1398,7
2020-12-31,Contra Costa,013,1133247,43838,40512,645,41157,336
2020-12-31,Del Norte,015,27424,795,748,2,750,2
2020-12-31,El Dorado,017,186661,6736,5662,344,6006,26
2020-12-31,Fresno,019,978130,73119,66442,5088,71530,711
2020-12-31,Glenn,021,27897,1689,1484,294,1778,9
2020-12-31,Humboldt,023,135768,1927,1713,7,1720,21
2020-12-31,Imperial,025,180216,23782,22494,1569,24063,417
2020-12-31,Inyo,027,18085,729,591,8,599,20
2020-12-31,Kern,029,883053,70399,64904,5551,70455,609
2020-12-31,Kings,031,150075,17129,16077,572,16649,108
2020-12-31,Lake,033,64148,2057,1848,0,1848,23
2020-12-31,Lassen,035,31185,4581,4340,52,4392,1
2020-12-31,Los Angeles,037,10098052,840897,755844,24103,779947,10320
2020-12-31,Madera,039,155013,11586,10609,485,11094,64
2020-12-31,Marin,041,260295,10261,9731,92,9823,148
2020-12-31,Mariposa,043,17540,274,217,2,219,3
2020-12-31,Mendocino,045,87422,2585,2367,24,2391,24
2020-12-31,Merced,047,269075,20202,18808,389,19197,226
2020-12-31,Modoc,049,8938,272,238,76,314,0
2020-12-31,Mono,051,14174,906,868,12,880,3
2020-12-31,Monterey,053,433212,30244,27720,765,28485,188
2020-12-31,Napa,055,140530,6370,5801,26,5827,28
2020-12-31,Nevada,057,99092,2909,2619,95,2714,15
2020-12-31,Orange,059,3164182,176918,161586,6947,168533,1866
2020-12-31,Placer,061,380077,15548,13708,649,14357,126
2020-12-31,Plumas,063,18699,493,401,8,409,1
2020-12-31,Riverside,065,2383286,202543,184193,9260,193453,1958
2020-12-31,Sacramento,067,1510023,69843,65817,677,66494,830
2020-12-31,San Benito,069,59416,3984,3673,35,3708,28
2020-12-31,San Bernardino,071,2135413,216942,199115,5901,205016,1586
2020-12-31,San Diego,073,3302833,176804,155593,7978,163571,1534
2020-12-31,San Francisco,075,870044,25035,23740,239,23979,183
2020-12-31,San Joaquin,077,732212,49258,45764,1756,47520,646
2020-12-31,San Luis Obispo,079,281455,12416,10846,277,11123,89
2020-12-31,San Mateo,081,765935,27488,24570,129,24699,192
2020-12-31,Santa Barbara,083,443738,19414,17434,569,18003,161
2020-12-31,Santa Clara,085,1922200,76849,70032,317,70349,665
2020-12-31,Santa Cruz,087,273765,10310,8909,380,9289,84
2020-12-31,Shasta,089,179085,8626,7996,758,8754,69
2020-12-31,Sierra,091,2930,36,26,6,32,0
2020-12-31,Siskiyou,093,43540,1064,940,124,1064,3
2020-12-31,Solano,095,438530,20960,18942,214,19156,97
2020-12-31,Sonoma,097,501317,20529,19129,112,19241,188
2020-12-31,Stanislaus,099,539301,37013,34398,3447,37845,552
2020-12-31,Sutter,101,95872,6787,6432,49,6481,51
2020-12-31,Tehama,103,63373,3289,3036,325,3361,9
2020-12-31,Trinity,105,12862,425,241,61,302,2
2020-12-31,Tulare,107,460477,36427,33412,4066,37478,446
2020-12-31,Tuolumne,109,53932,2958,2902,15,2917,12
2020-12-31,Ventura,111,848112,45831,40854,1764,42618,251
2020-12-31,Yolo,113,214977,9168,8295,69,8364,117
2020-12-31,Yuba,115,75493,4107,3799,40,3839,18
2020-12-30,Alameda,001,1643700,55850,50158,1028,51186,573
2020-12-30,Alpine,003,1148,69,66,0,66,0
2020-12-30,Amador,005,37829,2693,2418,19,2437,24
2020-12-30,Butte,007,227075,8167,7140,953,8093,103
2020-12-30,Calaveras,009,45235,1225,1135,3,1138,21
2020-12-30,Colusa,011,21464,1370,1289,91,1380,7
2020-12-30,Contra Costa,013,1133247,43255,39601,633,40234,337
2020-12-30,Del Norte,015,27424,790,726,2,728,2
2020-12-30,El Dorado,017,186661,6635,5595,334,5929,27
2020-12-30,Fresno,019,978130,72273,65566,4935,70501,711
2020-12-30,Glenn,021,27897,1658,1471,281,1752,9
2020-12-30,Humboldt,023,135768,1893,1654,7,1661,22
2020-12-30,Imperial,025,180216,23613,22098,1492,23590,412
2020-12-30,Inyo,027,18085,722,572,8,580,20
2020-12-30,Kern,029,883053,69671,63292,5407,68699,604
2020-12-30,Kings,031,150075,17010,15862,564,16426,108
2020-12-30,Lake,033,64148,2035,1731,0,1731,23
2020-12-30,Lassen,035,31185,4572,4300,52,4352,1
2020-12-30,Los Angeles,037,10098052,829990,741907,23411,765318,10046
2020-12-30,Madera,039,155013,11476,10249,474,10723,65
2020-12-30,Marin,041,260295,10171,9569,85,9654,148
2020-12-30,Mariposa,043,17540,270,214,2,216,3
2020-12-30,Mendocino,045,87422,2567,2291,21,2312,24
2020-12-30,Merced,047,269075,19911,18519,379,18898,225
2020-12-30,Modoc,049,8938,269,234,76,310,0
2020-12-30,Mono,051,14174,903,868,12,880,3
2020-12-30,Monterey,053,433212,29614,26977,743,27720,186
2020-12-30,Napa,055,140530,6264,5754,26,5780,28
2020-12-30,Nevada,057,99092,2874,2595,93,2688,15
2020-12-30,Orange,059,3164182,174260,153951,6757,160708,1863
2020-12-30,Placer,061,380077,15317,13540,637,14177,127
2020-12-30,Plumas,063,18699,488,397,8,405,1
2020-12-30,Riverside,065,2383286,199595,176402,9075,185477,1919
2020-12-30,Sacramento,067,1510023,68970,64119,660,64779,847
2020-12-30,San Benito,069,59416,3903,3464,31,3495,29
2020-12-30,San Bernardino,071,2135413,214373,192648,5815,198463,1591
2020-12-30,San Diego,073,3302833,173171,152510,7803,160313,1472
2020-12-30,San Francisco,075,870044,24742,23099,234,23333,182
2020-12-30,San Joaquin,077,732212,48565,44465,1714,46179,634
2020-12-30,San Luis Obispo,079,281455,12148,10542,269,10811,89
2020-12-30,San Mateo,081,765935,27060,24150,125,24275,190
2020-12-30,Santa Barbara,083,443738,19012,16895,547,17442,161
2020-12-30,Santa Clara,085,1922200,75597,67218,313,67531,661
2020-12-30,Santa Cruz,087,273765,10114,8787,371,9158,86
2020-12-30,Shasta,089,179085,8512,7818,744,8562,69
2020-12-30,Sierra,091,2930,36,25,6,31,0
2020-12-30,Siskiyou,093,43540,1057,913,115,1028,3
2020-12-30,Solano,095,438530,20568,18300,211,18511,96
2020-12-30,Sonoma,097,501317,20272,18947,112,19059,191
2020-12-30,Stanislaus,099,539301,36548,33730,3372,37102,526
2020-12-30,Sutter,101,95872,6726,6328,47,6375,51
2020-12-30,Tehama,103,63373,3245,2969,321,3290,9
2020-12-30,Trinity,105,12862,424,231,60,291,2
2020-12-30,Tulare,107,460477,35877,32413,4001,36414,430
2020-12-30,Tuolumne,109,53932,2948,2772,13,2785,12
2020-12-30,Ventura,111,848112,44543,39039,1740,40779,251
2020-12-30,Yolo,113,214977,9060,8067,67,8134,117
2020-12-30,Yuba,115,75493,4036,3612,40,3652,18
2020-12-29,Alameda,001,1643700,54788,50946,992,51938,552
2020-12-29,Alpine,003,1148,69,65,0,65,0
2020-12-29,Amador,005,37829,2641,2388,18,2406,23
2020-12-29,Butte,007,227075,7994,7178,929,8107,98
2020-12-29,Calaveras,009,45235,1180,1111,2,1113,21
2020-12-29,Colusa,011,21464,1349,1272,86,1358,7
2020-12-29,Contra Costa,013,1133247,42455,39225,602,39827,325
2020-12-29,Del Norte,015,27424,783,724,2,726,2
2020-12-29,El Dorado,017,186661,6506,5551,321,5872,22
2020-12-29,Fresno,019,978130,70897,65149,4780,69929,688
2020-12-29,Glenn,021,27897,1624,1454,274,1728,9
2020-12-29,Humboldt,023,135768,1846,1616,7,1623,19
2020-12-29,Imperial,025,180216,23400,22105,1407,23512,407
2020-12-29,Inyo,027,18085,705,571,8,579,19
2020-12-29,Kern,029,883053,68505,63096,5235,68331,589
2020-12-29,Kings,031,150075,16841,15777,552,16329,108
2020-12-29,Lake,033,64148,2004,1805,0,1805,22
2020-12-29,Lassen,035,31185,4557,4288,52,4340,1
2020-12-29,Los Angeles,037,10098052,809804,731907,22547,754454,9786
2020-12-29,Madera,039,155013,11162,10251,459,10710,64
2020-12-29,Marin,041,260295,10019,9595,82,9677,146
2020-12-29,Mariposa,043,17540,262,212,2,214,3
2020-12-29,Mendocino,045,87422,2524,2249,20,2269,24
2020-12-29,Merced,047,269075,19561,18464,363,18827,221
2020-12-29,Modoc,049,8938,266,232,76,308,0
2020-12-29,Mono,051,14174,894,868,12,880,3
2020-12-29,Monterey,053,433212,28964,26894,716,27610,185
2020-12-29,Napa,055,140530,6146,5663,26,5689,28
2020-12-29,Nevada,057,99092,2826,2550,92,2642,15
2020-12-29,Orange,059,3164182,170466,154411,6589,161000,1839
2020-12-29,Placer,061,380077,15105,13392,615,14007,126
2020-12-29,Plumas,063,18699,479,395,8,403,1
2020-12-29,Riverside,065,2383286,194995,177624,8821,186445,1904
2020-12-29,Sacramento,067,1510023,67919,65078,646,65724,820
2020-12-29,San Benito,069,59416,3784,3474,30,3504,25
2020-12-29,San Bernardino,071,2135413,209553,190476,5678,196154,1557
2020-12-29,San Diego,073,3302833,168948,150062,7572,157634,1435
2020-12-29,San Francisco,075,870044,24403,22996,226,23222,178
2020-12-29,San Joaquin,077,732212,47645,44699,1659,46358,622
2020-12-29,San Luis Obispo,079,281455,11852,10387,261,10648,80
2020-12-29,San Mateo,081,765935,26517,23773,113,23886,189
2020-12-29,Santa Barbara,083,443738,18543,16797,521,17318,155
2020-12-29,Santa Clara,085,1922200,74050,67581,310,67891,621
2020-12-29,Santa Cruz,087,273765,9845,8492,362,8854,84
2020-12-29,Shasta,089,179085,8408,7782,729,8511,65
2020-12-29,Sierra,091,2930,34,24,5,29,0
2020-12-29,Siskiyou,093,43540,1042,926,113,1039,3
2020-12-29,Solano,095,438530,20186,18412,206,18618,96
2020-12-29,Sonoma,097,501317,19938,18790,110,18900,187
2020-12-29,Stanislaus,099,539301,36073,33775,3302,37077,508
2020-12-29,Sutter,101,95872,6659,6302,47,6349,50
2020-12-29,Tehama,103,63373,3177,2962,309,3271,9
2020-12-29,Trinity,105,12862,423,241,60,301,2
2020-12-29,Tulare,107,460477,35218,32545,3869,36414,419
2020-12-29,Tuolumne,109,53932,2907,2797,13,2810,12
2020-12-29,Ventura,111,848112,43288,38669,1714,40383,235
2020-12-29,Yolo,113,214977,8931,8124,65,8189,111
2020-12-29,Yuba,115,75493,3954,3723,40,3763,18
2020-12-28,Alameda,001,1643700,53757,50405,972,51377,551
2020-12-28,Alpine,003,1148,68,65,0,65,0
2020-12-28,Amador,005,37829,2571,2255,18,2273,23
2020-12-28,Butte,007,227075,7827,7053,898,7951,86
2020-12-28,Calaveras,009,45235,1157,1102,2,1104,21
2020-12-28,Colusa,011,21464,1324,1255,74,1329,7
2020-12-28,Contra Costa,013,1133247,41516,38872,575,39447,324
2020-12-28,Del Norte,015,27424,773,718,2,720,2
2020-12-28,El Dorado,017,186661,6350,5441,309,5750,18
2020-12-28,Fresno,019,978130,69627,64274,4629,68903,679
2020-12-28,Glenn,021,27897,1590,1435,262,1697,9
2020-12-28,Humboldt,023,135768,1811,1579,7,1586,19
2020-12-28,Imperial,025,180216,23141,22003,1334,23337,405
2020-12-28,Inyo,027,18085,698,569,8,577,19
2020-12-28,Kern,029,883053,67437,62392,5031,67423,579
2020-12-28,Kings,031,150075,16624,15733,535,16268,108
2020-12-28,Lake,033,64148,1963,1785,0,1785,22
2020-12-28,Lassen,035,31185,4450,4284,51,4335,1
2020-12-28,Los Angeles,037,10098052,787454,720699,21740,742439,9544
2020-12-28,Madera,039,155013,10988,10123,436,10559,64
2020-12-28,Marin,041,260295,9911,9546,76,9622,145
2020-12-28,Mariposa,043,17540,238,211,2,213,3
2020-12-28,Mendocino,045,87422,2489,2214,20,2234,23
2020-12-28,Merced,047,269075,19240,18245,344,18589,213
2020-12-28,Modoc,049,8938,261,220,75,295,0
2020-12-28,Mono,051,14174,890,848,12,860,3
2020-12-28,Monterey,053,433212,28114,26529,705,27234,182
2020-12-28,Napa,055,140530,6037,5576,26,5602,26
2020-12-28,Nevada,057,99092,2778,2532,88,2620,15
2020-12-28,Orange,059,3164182,166362,152089,6412,158501,1839
2020-12-28,Placer,061,380077,14766,13234,588,13822,126
2020-12-28,Plumas,063,18699,475,391,8,399,0
2020-12-28,Riverside,065,2383286,190095,174029,8531,182560,1855
2020-12-28,Sacramento,067,1510023,66681,64322,622,64944,813
2020-12-28,San Benito,069,59416,3715,3429,29,3458,24
2020-12-28,San Bernardino,071,2135413,204462,188919,5561,194480,1552
2020-12-28,San Diego,073,3302833,164205,147528,7390,154918,1404
2020-12-28,San Francisco,075,870044,24043,22726,221,22947,178
2020-12-28,San Joaquin,077,732212,46712,44172,1627,45799,618
2020-12-28,San Luis Obispo,079,281455,11500,10260,257,10517,76
2020-12-28,San Mateo,081,765935,26042,23467,109,23576,189
2020-12-28,Santa Barbara,083,443738,18075,16579,509,17088,155
2020-12-28,Santa Clara,085,1922200,72563,66418,303,66721,619
2020-12-28,Santa Cruz,087,273765,9577,8310,352,8662,81
2020-12-28,Shasta,089,179085,8291,7688,716,8404,65
2020-12-28,Sierra,091,2930,32,24,4,28,0
2020-12-28,Siskiyou,093,43540,1026,915,108,1023,3
2020-12-28,Solano,095,438530,19614,18171,200,18371,96
2020-12-28,Sonoma,097,501317,19591,18667,108,18775,185
2020-12-28,Stanislaus,099,539301,35525,33473,3238,36711,507
2020-12-28,Sutter,101,95872,6579,6253,47,6300,49
2020-12-28,Tehama,103,63373,3125,2934,302,3236,9
2020-12-28,Trinity,105,12862,421,240,60,300,2
2020-12-28,Tulare,107,460477,34535,32010,3762,35772,404
2020-12-28,Tuolumne,109,53932,2890,2777,13,2790,12
2020-12-28,Ventura,111,848112,41619,37151,1667,38818,230
2020-12-28,Yolo,113,214977,8776,8031,64,8095,111
2020-12-28,Yuba,115,75493,3893,3679,39,3718,18
2020-12-27,Alameda,001,1643700,52519,49764,945,50709,551
2020-12-27,Alpine,003,1148,66,65,0,65,0
2020-12-27,Amador,005,37829,2450,2218,18,2236,23
2020-12-27,Butte,007,227075,7672,7016,859,7875,86
2020-12-27,Calaveras,009,45235,1110,1097,2,1099,21
2020-12-27,Colusa,011,21464,1299,1253,71,1324,7
2020-12-27,Contra Costa,013,1133247,40582,38428,546,38974,324
2020-12-27,Del Norte,015,27424,750,712,2,714,2
2020-12-27,El Dorado,017,186661,6136,5388,286,5674,18
2020-12-27,Fresno,019,978130,68378,63811,4423,68234,679
2020-12-27,Glenn,021,27897,1562,1434,248,1682,9
2020-12-27,Humboldt,023,135768,1767,1575,7,1582,17
2020-12-27,Imperial,025,180216,22842,21934,1222,23156,405
2020-12-27,Inyo,027,18085,676,565,7,572,18
2020-12-27,Kern,029,883053,66156,61914,4859,66773,568
2020-12-27,Kings,031,150075,16388,15593,501,16094,108
2020-12-27,Lake,033,64148,1907,1769,0,1769,22
2020-12-27,Lassen,035,31185,4373,4230,44,4274,1
2020-12-27,Los Angeles,037,10098052,765956,707260,20852,728112,9476
2020-12-27,Madera,039,155013,10730,10005,426,10431,64
2020-12-27,Marin,041,260295,9788,9477,71,9548,144
2020-12-27,Mariposa,043,17540,231,208,2,210,3
2020-12-27,Mendocino,045,87422,2442,2209,20,2229,23
2020-12-27,Merced,047,269075,18872,18075,328,18403,213
2020-12-27,Modoc,049,8938,252,221,71,292,0
2020-12-27,Mono,051,14174,877,849,12,861,3
2020-12-27,Monterey,053,433212,27555,26322,688,27010,181
2020-12-27,Napa,055,140530,5903,5496,26,5522,26
2020-12-27,Nevada,057,99092,2742,2519,88,2607,15
2020-12-27,Orange,059,3164182,161965,149276,6224,155500,1839
2020-12-27,Placer,061,380077,14470,13017,556,13573,126
2020-12-27,Plumas,063,18699,469,390,8,398,0
2020-12-27,Riverside,065,2383286,185179,171995,8225,180220,1836
2020-12-27,Sacramento,067,1510023,65473,63416,600,64016,811
2020-12-27,San Benito,069,59416,3629,3394,29,3423,24
2020-12-27,San Bernardino,071,2135413,199383,186776,5424,192200,1551
2020-12-27,San Diego,073,3302833,159798,145777,7203,152980,1402
2020-12-27,San Francisco,075,870044,23696,22514,212,22726,178
2020-12-27,San Joaquin,077,732212,45675,43529,1577,45106,618
2020-12-27,San Luis Obispo,079,281455,11092,10154,252,10406,76
2020-12-27,San Mateo,081,765935,25477,23136,105,23241,187
2020-12-27,Santa Barbara,083,443738,17547,16364,482,16846,155
2020-12-27,Santa Clara,085,1922200,70939,65288,298,65586,619
2020-12-27,Santa Cruz,087,273765,9312,8234,343,8577,81
2020-12-27,Shasta,089,179085,8164,7671,694,8365,65
2020-12-27,Sierra,091,2930,32,24,3,27,0
2020-12-27,Siskiyou,093,43540,1016,914,103,1017,3
2020-12-27,Solano,095,438530,19119,17840,194,18034,96
2020-12-27,Sonoma,097,501317,19299,18487,107,18594,185
2020-12-27,Stanislaus,099,539301,34905,33076,3142,36218,506
2020-12-27,Sutter,101,95872,6498,6218,45,6263,48
2020-12-27,Tehama,103,63373,3056,2922,286,3208,9
2020-12-27,Trinity,105,12862,414,240,58,298,2
2020-12-27,Tulare,107,460477,33938,31864,3643,35507,400
2020-12-27,Tuolumne,109,53932,2784,2750,11,2761,12
2020-12-27,Ventura,111,848112,40556,36661,1614,38275,230
2020-12-27,Yolo,113,214977,8586,7919,60,7979,111
2020-12-27,Yuba,115,75493,3829,3665,37,3702,18
2020-12-26,Alameda,001,1643700,51908,49084,932,50016,551
2020-12-26,Alpine,003,1148,66,65,0,65,0
2020-12-26,Amador,005,37829,2436,2189,18,2207,23
2020-12-26,Butte,007,227075,7577,6968,834,7802,86
2020-12-26,Calaveras,009,45235,1104,1084,2,1086,21
2020-12-26,Colusa,011,21464,1289,1240,71,1311,7
2020-12-26,Contra Costa,013,1133247,40118,38008,532,38540,324
2020-12-26,Del Norte,015,27424,744,709,2,711,2
2020-12-26,El Dorado,017,186661,6081,5279,282,5561,18
2020-12-26,Fresno,019,978130,67908,63080,4360,67440,679
2020-12-26,Glenn,021,27897,1541,1413,243,1656,9
2020-12-26,Humboldt,023,135768,1729,1545,7,1552,17
2020-12-26,Imperial,025,180216,22750,21734,1170,22904,405
2020-12-26,Inyo,027,18085,663,554,7,561,18
2020-12-26,Kern,029,883053,65484,61174,4710,65884,564
2020-12-26,Kings,031,150075,16270,15517,497,16014,108
2020-12-26,Lake,033,64148,1866,1710,0,1710,22
2020-12-26,Lassen,035,31185,4352,3981,44,4025,1
2020-12-26,Los Angeles,037,10098052,757401,694149,20345,714494,9424
2020-12-26,Madera,039,155013,10653,9908,414,10322,64
2020-12-26,Marin,041,260295,9753,9413,70,9483,143
2020-12-26,Mariposa,043,17540,230,206,2,208,3
2020-12-26,Mendocino,045,87422,2396,2194,20,2214,23
2020-12-26,Merced,047,269075,18713,17890,323,18213,213
2020-12-26,Modoc,049,8938,249,222,71,293,0
2020-12-26,Mono,051,14174,871,850,12,862,3
2020-12-26,Monterey,053,433212,27418,26010,679,26689,182
2020-12-26,Napa,055,140530,5845,5427,26,5453,26
2020-12-26,Nevada,057,99092,2714,2480,88,2568,15
2020-12-26,Orange,059,3164182,159760,147304,6131,153435,1838
2020-12-26,Placer,061,380077,14299,12816,541,13357,122
2020-12-26,Plumas,063,18699,466,381,8,389,0
2020-12-26,Riverside,065,2383286,182694,169360,8064,177424,1834
2020-12-26,Sacramento,067,1510023,64850,62435,590,63025,807
2020-12-26,San Benito,069,59416,3556,3330,29,3359,24
2020-12-26,San Bernardino,071,2135413,197711,185111,5342,190453,1551
2020-12-26,San Diego,073,3302833,157273,142644,7056,149700,1402
2020-12-26,San Francisco,075,870044,23460,22319,212,22531,177
2020-12-26,San Joaquin,077,732212,45290,42887,1528,44415,618
2020-12-26,San Luis Obispo,079,281455,11005,9945,247,10192,76
2020-12-26,San Mateo,081,765935,25138,22908,100,23008,187
2020-12-26,Santa Barbara,083,443738,17308,16159,476,16635,155
2020-12-26,Santa Clara,085,1922200,69867,64185,296,64481,618
2020-12-26,Santa Cruz,087,273765,9186,8113,334,8447,81
2020-12-26,Shasta,089,179085,8105,7641,681,8322,65
2020-12-26,Sierra,091,2930,32,24,3,27,0
2020-12-26,Siskiyou,093,43540,1009,909,99,1008,2
2020-12-26,Solano,095,438530,18874,17528,194,17722,96
2020-12-26,Sonoma,097,501317,19096,18261,105,18366,184
2020-12-26,Stanislaus,099,539301,34607,32678,3090,35768,505
2020-12-26,Sutter,101,95872,6439,6121,45,6166,48
2020-12-26,Tehama,103,63373,3027,2884,280,3164,9
2020-12-26,Trinity,105,12862,412,237,57,294,2
2020-12-26,Tulare,107,460477,33635,31665,3587,35252,398
2020-12-26,Tuolumne,109,53932,2773,2703,11,2714,12
2020-12-26,Ventura,111,848112,39591,36064,1583,37647,230
2020-12-26,Yolo,113,214977,8483,7785,57,7842,111
2020-12-26,Yuba,115,75493,3801,3599,37,3636,18
2020-12-25,Alameda,001,1643700,51339,48365,917,49282,542
2020-12-25,Alpine,003,1148,66,64,0,64,0
2020-12-25,Amador,005,37829,2393,2172,18,2190,23
2020-12-25,Butte,007,227075,7479,6873,815,7688,85
2020-12-25,Calaveras,009,45235,1101,1062,2,1064,21
2020-12-25,Colusa,011,21464,1277,1219,70,1289,7
2020-12-25,Contra Costa,013,1133247,39647,37480,506,37986,324
2020-12-25,Del Norte,015,27424,741,692,2,694,2
2020-12-25,El Dorado,017,186661,6016,5170,269,5439,16
2020-12-25,Fresno,019,978130,67044,62251,4278,66529,679
2020-12-25,Glenn,021,27897,1525,1390,236,1626,9
2020-12-25,Humboldt,023,135768,1689,1532,7,1539,16
2020-12-25,Imperial,025,180216,22655,21646,1159,22805,405
2020-12-25,Inyo,027,18085,653,546,7,553,18
2020-12-25,Kern,029,883053,64755,60417,4563,64980,562
2020-12-25,Kings,031,150075,16159,15460,493,15953,108
2020-12-25,Lake,033,64148,1846,1669,0,1669,20
2020-12-25,Lassen,035,31185,4337,3926,44,3970,1
2020-12-25,Los Angeles,037,10098052,743750,665600,19670,685270,9292
2020-12-25,Madera,039,155013,10485,9770,407,10177,64
2020-12-25,Marin,041,260295,9704,9375,67,9442,143
2020-12-25,Mariposa,043,17540,224,203,2,205,3
2020-12-25,Mendocino,045,87422,2353,2176,20,2196,23
2020-12-25,Merced,047,269075,18552,17726,315,18041,213
2020-12-25,Modoc,049,8938,248,221,71,292,0
2020-12-25,Mono,051,14174,869,843,12,855,3
2020-12-25,Monterey,053,433212,27142,25788,670,26458,182
2020-12-25,Napa,055,140530,5768,5351,26,5377,26
2020-12-25,Nevada,057,99092,2688,2458,86,2544,15
2020-12-25,Orange,059,3164182,157082,144542,5939,150481,1814
2020-12-25,Placer,061,380077,14112,12660,519,13179,122
2020-12-25,Plumas,063,18699,459,381,8,389,0
2020-12-25,Riverside,065,2383286,179409,166690,7748,174438,1825
2020-12-25,Sacramento,067,1510023,64156,61630,564,62194,796
2020-12-25,San Benito,069,59416,3516,3281,27,3308,24
2020-12-25,San Bernardino,071,2135413,195081,181812,5226,187038,1546
2020-12-25,San Diego,073,3302833,154793,139958,6878,146836,1402
2020-12-25,San Francisco,075,870044,23184,22130,207,22337,175
2020-12-25,San Joaquin,077,732212,44981,42089,1473,43562,614
2020-12-25,San Luis Obispo,079,281455,10822,9749,240,9989,76
2020-12-25,San Mateo,081,765935,24816,22568,98,22666,187
2020-12-25,Santa Barbara,083,443738,17084,15936,469,16405,155
2020-12-25,Santa Clara,085,1922200,68752,63173,287,63460,612
2020-12-25,Santa Cruz,087,273765,9042,8018,312,8330,81
2020-12-25,Shasta,089,179085,8031,7612,658,8270,65
2020-12-25,Sierra,091,2930,32,24,3,27,0
2020-12-25,Siskiyou,093,43540,1003,905,96,1001,2
2020-12-25,Solano,095,438530,18702,17280,192,17472,96
2020-12-25,Sonoma,097,501317,18921,18035,103,18138,184
2020-12-25,Stanislaus,099,539301,34305,32290,3039,35329,498
2020-12-25,Sutter,101,95872,6380,6051,44,6095,47
2020-12-25,Tehama,103,63373,2978,2839,267,3106,9
2020-12-25,Trinity,105,12862,408,236,57,293,2
2020-12-25,Tulare,107,460477,33245,31323,3522,34845,398
2020-12-25,Tuolumne,109,53932,2754,2674,11,2685,12
2020-12-25,Ventura,111,848112,38435,35514,1535,37049,230
2020-12-25,Yolo,113,214977,8387,7700,55,7755,111
2020-12-25,Yuba,115,75493,3765,3549,36,3585,17
2020-12-24,Alameda,001,1643700,50990,47527,897,48424,541
2020-12-24,Alpine,003,1148,66,64,0,64,0
2020-12-24,Amador,005,37829,2381,2145,18,2163,23
2020-12-24,Butte,007,227075,7440,6716,800,7516,84
2020-12-24,Calaveras,009,45235,1098,1032,2,1034,21
2020-12-24,Colusa,011,21464,1272,1188,68,1256,7
2020-12-24,Contra Costa,013,1133247,39403,36623,495,37118,311
2020-12-24,Del Norte,015,27424,741,678,2,680,2
2020-12-24,El Dorado,017,186661,5990,5042,261,5303,16
2020-12-24,Fresno,019,978130,66821,61435,4264,65699,663
2020-12-24,Glenn,021,27897,1514,1363,228,1591,9
2020-12-24,Humboldt,023,135768,1666,1516,7,1523,16
2020-12-24,Imperial,025,180216,22605,21545,1150,22695,402
2020-12-24,Inyo,027,18085,651,532,7,539,17
2020-12-24,Kern,029,883053,64468,59601,4550,64151,556
2020-12-24,Kings,031,150075,16119,15211,492,15703,108
2020-12-24,Lake,033,64148,1831,1629,0,1629,20
2020-12-24,Lassen,035,31185,4324,3894,44,3938,1
2020-12-24,Los Angeles,037,10098052,739578,664840,19412,684252,9288
2020-12-24,Madera,039,155013,10445,9547,400,9947,63
2020-12-24,Marin,041,260295,9670,9287,67,9354,143
2020-12-24,Mariposa,043,17540,220,197,2,199,3
2020-12-24,Mendocino,045,87422,2342,2150,20,2170,23
2020-12-24,Merced,047,269075,18481,17485,311,17796,212
2020-12-24,Modoc,049,8938,248,220,70,290,0
2020-12-24,Mono,051,14174,867,817,12,829,3
2020-12-24,Monterey,053,433212,27030,25131,663,25794,180
2020-12-24,Napa,055,140530,5713,5265,26,5291,26
2020-12-24,Nevada,057,99092,2664,2429,86,2515,15
2020-12-24,Orange,059,3164182,155601,141205,5888,147093,1775
2020-12-24,Placer,061,380077,14023,12457,512,12969,121
2020-12-24,Plumas,063,18699,456,376,8,384,0
2020-12-24,Riverside,065,2383286,178474,162435,7708,170143,1816
2020-12-24,Sacramento,067,1510023,63881,60596,562,61158,788
2020-12-24,San Benito,069,59416,3485,3183,27,3210,24
2020-12-24,San Bernardino,071,2135413,194037,176866,5192,182058,1533
2020-12-24,San Diego,073,3302833,153709,136952,6846,143798,1382
2020-12-24,San Francisco,075,870044,23016,21830,204,22034,175
2020-12-24,San Joaquin,077,732212,44817,41324,1455,42779,611
2020-12-24,San Luis Obispo,079,281455,10753,9504,238,9742,77
2020-12-24,San Mateo,081,765935,24620,22093,98,22191,186
2020-12-24,Santa Barbara,083,443738,16979,15644,461,16105,153
2020-12-24,Santa Clara,085,1922200,68144,61742,280,62022,591
2020-12-24,Santa Cruz,087,273765,8971,7856,300,8156,82
2020-12-24,Shasta,089,179085,7990,7540,641,8181,65
2020-12-24,Sierra,091,2930,29,23,1,24,0
2020-12-24,Siskiyou,093,43540,998,900,90,990,2
2020-12-24,Solano,095,438530,18561,16872,187,17059,96
2020-12-24,Sonoma,097,501317,18821,17710,103,17813,183
2020-12-24,Stanislaus,099,539301,34101,31848,3013,34861,498
2020-12-24,Sutter,101,95872,6339,5960,43,6003,47
2020-12-24,Tehama,103,63373,2960,2779,265,3044,9
2020-12-24,Trinity,105,12862,407,235,57,292,2
2020-12-24,Tulare,107,460477,33126,30827,3496,34323,390
2020-12-24,Tuolumne,109,53932,2746,2653,11,2664,12
2020-12-24,Ventura,111,848112,38155,34400,1528,35928,224
2020-12-24,Yolo,113,214977,8345,7566,55,7621,113
2020-12-24,Yuba,115,75493,3740,3483,36,3519,16
2020-12-23,Alameda,001,1643700,50414,46753,870,47623,537
2020-12-23,Alpine,003,1148,66,64,0,64,0
2020-12-23,Amador,005,37829,2312,2108,17,2125,23
2020-12-23,Butte,007,227075,7351,6588,774,7362,84
2020-12-23,Calaveras,009,45235,1090,1002,1,1003,21
2020-12-23,Colusa,011,21464,1261,1167,67,1234,7
2020-12-23,Contra Costa,013,1133247,39003,36190,482,36672,311
2020-12-23,Del Norte,015,27424,734,670,2,672,2
2020-12-23,El Dorado,017,186661,5915,4967,253,5220,14
2020-12-23,Fresno,019,978130,66211,60488,4199,64687,654
2020-12-23,Glenn,021,27897,1500,1349,224,1573,9
2020-12-23,Humboldt,023,135768,1641,1458,7,1465,16
2020-12-23,Imperial,025,180216,22510,21323,1121,22444,399
2020-12-23,Inyo,027,18085,639,517,7,524,17
2020-12-23,Kern,029,883053,63950,58656,4456,63112,549
2020-12-23,Kings,031,150075,16041,14923,489,15412,105
2020-12-23,Lake,033,64148,1817,1595,0,1595,20
2020-12-23,Lassen,035,31185,4314,3865,41,3906,1
2020-12-23,Los Angeles,037,10098052,730522,651958,18880,670838,9146
2020-12-23,Madera,039,155013,10286,9371,386,9757,63
2020-12-23,Marin,041,260295,9612,9199,64,9263,142
2020-12-23,Mariposa,043,17540,218,194,2,196,3
2020-12-23,Mendocino,045,87422,2330,2121,20,2141,23
2020-12-23,Merced,047,269075,18325,17250,303,17553,203
2020-12-23,Modoc,049,8938,244,197,69,266,0
2020-12-23,Mono,051,14174,864,814,12,826,3
2020-12-23,Monterey,053,433212,26730,24856,656,25512,176
2020-12-23,Napa,055,140530,5645,5172,26,5198,25
2020-12-23,Nevada,057,99092,2619,2406,85,2491,15
2020-12-23,Orange,059,3164182,153151,138050,5721,143771,1771
2020-12-23,Placer,061,380077,13813,12213,504,12717,111
2020-12-23,Plumas,063,18699,449,369,8,377,0
2020-12-23,Riverside,065,2383286,176203,158110,7550,165660,1790
2020-12-23,Sacramento,067,1510023,63231,59661,549,60210,779
2020-12-23,San Benito,069,59416,3431,3073,25,3098,24
2020-12-23,San Bernardino,071,2135413,191994,172888,5123,178011,1509
2020-12-23,San Diego,073,3302833,151283,134695,6709,141404,1350
2020-12-23,San Francisco,075,870044,22794,21498,201,21699,174
2020-12-23,San Joaquin,077,732212,44293,35664,1413,37077,602
2020-12-23,San Luis Obispo,079,281455,10611,9267,233,9500,74
2020-12-23,San Mateo,081,765935,24318,21780,96,21876,186
2020-12-23,Santa Barbara,083,443738,16771,15399,435,15834,152
2020-12-23,Santa Clara,085,1922200,67234,60455,275,60730,579
2020-12-23,Santa Cruz,087,273765,8811,7637,282,7919,75
2020-12-23,Shasta,089,179085,7918,7487,635,8122,66
2020-12-23,Sierra,091,2930,27,23,1,24,0
2020-12-23,Siskiyou,093,43540,977,891,89,980,2
2020-12-23,Solano,095,438530,18353,16626,183,16809,95
2020-12-23,Sonoma,097,501317,18617,17397,103,17500,182
2020-12-23,Stanislaus,099,539301,33747,31492,2960,34452,499
2020-12-23,Sutter,101,95872,6273,5871,43,5914,46
2020-12-23,Tehama,103,63373,2942,2737,258,2995,9
2020-12-23,Trinity,105,12862,407,234,56,290,2
2020-12-23,Tulare,107,460477,32833,30315,3457,33772,385
2020-12-23,Tuolumne,109,53932,2707,2540,11,2551,12
2020-12-23,Ventura,111,848112,37758,33377,1499,34876,216
2020-12-23,Yolo,113,214977,8267,7508,55,7563,112
2020-12-23,Yuba,115,75493,3687,3438,36,3474,14
2020-12-22,Alameda,001,1643700,49529,45751,839,46590,534
2020-12-22,Alpine,003,1148,66,64,0,64,0
2020-12-22,Amador,005,37829,2301,1839,17,1856,23
2020-12-22,Butte,007,227075,7223,6467,759,7226,85
2020-12-22,Calaveras,009,45235,1063,988,0,988,21
2020-12-22,Colusa,011,21464,1238,1150,64,1214,7
2020-12-22,Contra Costa,013,1133247,38377,35681,470,36151,301
2020-12-22,Del Norte,015,27424,727,666,2,668,2
2020-12-22,El Dorado,017,186661,5792,4885,241,5126,12
2020-12-22,Fresno,019,978130,65176,59640,4093,63733,640
2020-12-22,Glenn,021,27897,1477,1337,213,1550,9
2020-12-22,Humboldt,023,135768,1608,1440,7,1447,16
2020-12-22,Imperial,025,180216,22323,21128,1077,22205,398
2020-12-22,Inyo,027,18085,619,506,7,513,17
2020-12-22,Kern,029,883053,62997,57816,4319,62135,547
2020-12-22,Kings,031,150075,15899,14855,483,15338,102
2020-12-22,Lake,033,64148,1792,1569,0,1569,20
2020-12-22,Lassen,035,31185,4172,3848,39,3887,1
2020-12-22,Los Angeles,037,10098052,713259,635931,18200,654131,9013
2020-12-22,Madera,039,155013,10168,9187,370,9557,63
2020-12-22,Marin,041,260295,9548,9115,63,9178,142
2020-12-22,Mariposa,043,17540,215,194,2,196,3
2020-12-22,Mendocino,045,87422,2297,2092,20,2112,23
2020-12-22,Merced,047,269075,18079,17012,298,17310,201
2020-12-22,Modoc,049,8938,236,182,68,250,0
2020-12-22,Mono,051,14174,858,786,12,798,3
2020-12-22,Monterey,053,433212,26060,24152,635,24787,176
2020-12-22,Napa,055,140530,5556,5059,26,5085,23
2020-12-22,Nevada,057,99092,2591,2367,84,2451,14
2020-12-22,Orange,059,3164182,149810,134850,5548,140398,1774
2020-12-22,Placer,061,380077,13569,11943,484,12427,105
2020-12-22,Plumas,063,18699,443,360,8,368,0
2020-12-22,Riverside,065,2383286,172391,155059,7280,162339,1777
2020-12-22,Sacramento,067,1510023,62303,57966,530,58496,772
2020-12-22,San Benito,069,59416,3353,2998,25,3023,24
2020-12-22,San Bernardino,071,2135413,187408,169266,4975,174241,1500
2020-12-22,San Diego,073,3302833,147924,132097,6547,138644,1311
2020-12-22,San Francisco,075,870044,22524,21232,197,21429,174
2020-12-22,San Joaquin,077,732212,43533,39423,1364,40787,592
2020-12-22,San Luis Obispo,079,281455,10266,9174,228,9402,69
2020-12-22,San Mateo,081,765935,23992,21382,80,21462,186
2020-12-22,Santa Barbara,083,443738,16506,15189,425,15614,150
2020-12-22,Santa Clara,085,1922200,66066,59192,267,59459,569
2020-12-22,Santa Cruz,087,273765,8632,7471,256,7727,72
2020-12-22,Shasta,089,179085,7839,7371,618,7989,64
2020-12-22,Sierra,091,2930,27,23,0,23,0
2020-12-22,Siskiyou,093,43540,971,880,88,968,2
2020-12-22,Solano,095,438530,17950,16229,180,16409,95
2020-12-22,Sonoma,097,501317,18297,17216,103,17319,180
2020-12-22,Stanislaus,099,539301,33363,30914,2888,33802,499
2020-12-22,Sutter,101,95872,6214,5791,42,5833,46
2020-12-22,Tehama,103,63373,2892,2688,252,2940,9
2020-12-22,Trinity,105,12862,406,231,56,287,2
2020-12-22,Tulare,107,460477,32368,30025,3390,33415,377
2020-12-22,Tuolumne,109,53932,2656,2526,11,2537,12
2020-12-22,Ventura,111,848112,36993,32488,1456,33944,213
2020-12-22,Yolo,113,214977,8154,7388,54,7442,113
2020-12-22,Yuba,115,75493,3636,3379,36,3415,14
2020-12-21,Alameda,001,1643700,48629,44756,812,45568,518
2020-12-21,Alpine,003,1148,65,64,0,64,0
2020-12-21,Amador,005,37829,2224,1815,17,1832,23
2020-12-21,Butte,007,227075,7068,6335,735,7070,81
2020-12-21,Calaveras,009,45235,1033,963,0,963,21
2020-12-21,Colusa,011,21464,1211,1135,59,1194,7
2020-12-21,Contra Costa,013,1133247,37625,35207,433,35640,300
2020-12-21,Del Norte,015,27424,712,660,2,662,2
2020-12-21,El Dorado,017,186661,5645,4805,228,5033,10
2020-12-21,Fresno,019,978130,64024,58568,3950,62518,634
2020-12-21,Glenn,021,27897,1445,1323,205,1528,9
2020-12-21,Humboldt,023,135768,1585,1419,7,1426,16
2020-12-21,Imperial,025,180216,22054,20994,1034,22028,395
2020-12-21,Inyo,027,18085,598,482,7,489,17
2020-12-21,Kern,029,883053,62106,56836,4182,61018,541
2020-12-21,Kings,031,150075,15649,14760,468,15228,100
2020-12-21,Lake,033,64148,1738,1538,0,1538,20
2020-12-21,Lassen,035,31185,4012,3798,37,3835,1
2020-12-21,Los Angeles,037,10098052,694173,624129,17523,641652,8918
2020-12-21,Madera,039,155013,9974,9069,350,9419,63
2020-12-21,Marin,041,260295,9479,9035,63,9098,142
2020-12-21,Mariposa,043,17540,210,186,2,188,3
2020-12-21,Mendocino,045,87422,2266,2066,20,2086,23
2020-12-21,Merced,047,269075,17829,16710,282,16992,198
2020-12-21,Modoc,049,8938,222,181,67,248,0
2020-12-21,Mono,051,14174,846,781,12,793,3
2020-12-21,Monterey,053,433212,25528,23673,621,24294,174
2020-12-21,Napa,055,140530,5469,4952,26,4978,23
2020-12-21,Nevada,057,99092,2558,2337,84,2421,13
2020-12-21,Orange,059,3164182,146398,130444,5394,135838,1772
2020-12-21,Placer,061,380077,13337,11715,465,12180,105
2020-12-21,Plumas,063,18699,439,353,8,361,0
2020-12-21,Riverside,065,2383286,168164,151713,6955,158668,1743
2020-12-21,Sacramento,067,1510023,61283,57064,513,57577,759
2020-12-21,San Benito,069,59416,3285,2921,25,2946,22
2020-12-21,San Bernardino,071,2135413,182617,165086,4810,169896,1476
2020-12-21,San Diego,073,3302833,144473,129716,6383,136099,1284
2020-12-21,San Francisco,075,870044,22238,21086,195,21281,174
2020-12-21,San Joaquin,077,732212,42737,38811,1314,40125,586
2020-12-21,San Luis Obispo,079,281455,10077,9006,223,9229,64
2020-12-21,San Mateo,081,765935,23587,21035,77,21112,185
2020-12-21,Santa Barbara,083,443738,16232,14988,420,15408,149
2020-12-21,Santa Clara,085,1922200,64871,57699,255,57954,570
2020-12-21,Santa Cruz,087,273765,8420,7315,243,7558,69
2020-12-21,Shasta,089,179085,7774,7299,608,7907,64
2020-12-21,Sierra,091,2930,24,23,0,23,0
2020-12-21,Siskiyou,093,43540,964,878,87,965,2
2020-12-21,Solano,095,438530,17480,15878,175,16053,95
2020-12-21,Sonoma,097,501317,18024,17075,99,17174,176
2020-12-21,Stanislaus,099,539301,32906,30437,2813,33250,499
2020-12-21,Sutter,101,95872,6119,5708,42,5750,46
2020-12-21,Tehama,103,63373,2827,2656,243,2899,9
2020-12-21,Trinity,105,12862,404,226,54,280,2
2020-12-21,Tulare,107,460477,31870,29482,3301,32783,373
2020-12-21,Tuolumne,109,53932,2631,2423,9,2432,12
2020-12-21,Ventura,111,848112,35913,31759,1419,33178,212
2020-12-21,Yolo,113,214977,8009,7266,50,7316,109
2020-12-21,Yuba,115,75493,3577,3329,36,3365,14
2020-12-20,Alameda,001,1643700,47749,44004,789,44793,516
2020-12-20,Alpine,003,1148,65,64,0,64,0
2020-12-20,Amador,005,37829,2166,1771,17,1788,23
2020-12-20,Butte,007,227075,6922,6228,699,6927,81
2020-12-20,Calaveras,009,45235,1009,926,0,926,21
2020-12-20,Colusa,011,21464,1183,1121,53,1174,7
2020-12-20,Contra Costa,013,1133247,37038,34798,416,35214,301
2020-12-20,Del Norte,015,27424,690,652,2,654,2
2020-12-20,El Dorado,017,186661,5520,4697,219,4916,10
2020-12-20,Fresno,019,978130,63033,57616,3813,61429,634
2020-12-20,Glenn,021,27897,1436,1295,198,1493,9
2020-12-20,Humboldt,023,135768,1548,1386,6,1392,15
2020-12-20,Imperial,025,180216,21813,20882,930,21812,395
2020-12-20,Inyo,027,18085,583,476,7,483,17
2020-12-20,Kern,029,883053,61008,55983,4027,60010,540
2020-12-20,Kings,031,150075,15429,14629,452,15081,100
2020-12-20,Lake,033,64148,1692,1463,0,1463,20
2020-12-20,Lassen,035,31185,3958,3669,35,3704,1
2020-12-20,Los Angeles,037,10098052,676089,612975,16788,629763,8862
2020-12-20,Madera,039,155013,9764,8871,341,9212,63
2020-12-20,Marin,041,260295,9381,8948,60,9008,142
2020-12-20,Mariposa,043,17540,209,179,2,181,3
2020-12-20,Mendocino,045,87422,2241,2033,20,2053,23
2020-12-20,Merced,047,269075,17513,16435,275,16710,198
2020-12-20,Modoc,049,8938,222,181,65,246,0
2020-12-20,Mono,051,14174,828,774,12,786,3
2020-12-20,Monterey,053,433212,25045,23250,580,23830,173
2020-12-20,Napa,055,140530,5348,4865,24,4889,23
2020-12-20,Nevada,057,99092,2512,2289,78,2367,13
2020-12-20,Orange,059,3164182,142896,128780,5244,134024,1763
2020-12-20,Placer,061,380077,13112,11496,446,11942,105
2020-12-20,Plumas,063,18699,431,347,8,355,0
2020-12-20,Riverside,065,2383286,163958,148714,6663,155377,1742
2020-12-20,Sacramento,067,1510023,60283,56017,493,56510,755
2020-12-20,San Benito,069,59416,3213,2885,24,2909,21
2020-12-20,San Bernardino,071,2135413,177627,162810,4652,167462,1458
2020-12-20,San Diego,073,3302833,140755,126465,6213,132678,1280
2020-12-20,San Francisco,075,870044,21923,20937,192,21129,174
2020-12-20,San Joaquin,077,732212,41893,38268,1253,39521,587
2020-12-20,San Luis Obispo,079,281455,9785,8881,217,9098,63
2020-12-20,San Mateo,081,765935,23153,20764,73,20837,185
2020-12-20,Santa Barbara,083,443738,15910,14817,400,15217,148
2020-12-20,Santa Clara,085,1922200,63461,56860,249,57109,566
2020-12-20,Santa Cruz,087,273765,8212,7178,230,7408,69
2020-12-20,Shasta,089,179085,7660,7256,594,7850,64
2020-12-20,Sierra,091,2930,24,22,0,22,0
2020-12-20,Siskiyou,093,43540,954,870,86,956,2
2020-12-20,Solano,095,438530,17102,15533,164,15697,95
2020-12-20,Sonoma,097,501317,17748,16802,98,16900,175
2020-12-20,Stanislaus,099,539301,32379,29995,2711,32706,498
2020-12-20,Sutter,101,95872,6032,5601,42,5643,43
2020-12-20,Tehama,103,63373,2778,2602,224,2826,9
2020-12-20,Trinity,105,12862,396,221,53,274,2
2020-12-20,Tulare,107,460477,31353,29078,3205,32283,373
2020-12-20,Tuolumne,109,53932,2521,2152,8,2160,12
2020-12-20,Ventura,111,848112,35211,31335,1386,32721,210
2020-12-20,Yolo,113,214977,7857,7121,47,7168,109
2020-12-20,Yuba,115,75493,3530,3254,34,3288,12
2020-12-19,Alameda,001,1643700,47302,43109,782,43891,516
2020-12-19,Alpine,003,1148,65,64,0,64,0
2020-12-19,Amador,005,37829,2142,1754,17,1771,23
2020-12-19,Butte,007,227075,6822,6118,676,6794,81
2020-12-19,Calaveras,009,45235,992,900,0,900,21
2020-12-19,Colusa,011,21464,1175,1096,50,1146,7
2020-12-19,Contra Costa,013,1133247,36724,34321,402,34723,301
2020-12-19,Del Norte,015,27424,688,641,1,642,2
2020-12-19,El Dorado,017,186661,5453,4588,211,4799,10
2020-12-19,Fresno,019,978130,62708,55428,3745,59173,634
2020-12-19,Glenn,021,27897,1401,1286,197,1483,9
2020-12-19,Humboldt,023,135768,1531,1357,6,1363,15
2020-12-19,Imperial,025,180216,21720,20711,884,21595,395
2020-12-19,Inyo,027,18085,576,475,7,482,17
2020-12-19,Kern,029,883053,60523,55118,3920,59038,540
2020-12-19,Kings,031,150075,15350,14474,450,14924,100
2020-12-19,Lake,033,64148,1657,1438,0,1438,20
2020-12-19,Lassen,035,31185,3930,3595,35,3630,1
2020-12-19,Los Angeles,037,10098052,668986,599888,16253,616141,8804
2020-12-19,Madera,039,155013,9672,8717,329,9046,63
2020-12-19,Marin,041,260295,9341,8864,60,8924,142
2020-12-19,Mariposa,043,17540,207,177,2,179,3
2020-12-19,Mendocino,045,87422,2216,2008,20,2028,23
2020-12-19,Merced,047,269075,17374,16230,267,16497,198
2020-12-19,Modoc,049,8938,219,181,65,246,0
2020-12-19,Mono,051,14174,821,766,12,778,3
2020-12-19,Monterey,053,433212,24930,22799,575,23374,172
2020-12-19,Napa,055,140530,5286,4772,24,4796,23
2020-12-19,Nevada,057,99092,2490,2260,78,2338,13
2020-12-19,Orange,059,3164182,140975,125574,5093,130667,1733
2020-12-19,Placer,061,380077,12957,11246,440,11686,105
2020-12-19,Plumas,063,18699,428,343,8,351,0
2020-12-19,Riverside,065,2383286,161971,146703,6427,153130,1737
2020-12-19,Sacramento,067,1510023,59751,55169,479,55648,746
2020-12-19,San Benito,069,59416,3167,2820,23,2843,21
2020-12-19,San Bernardino,071,2135413,176057,159883,4545,164428,1433
2020-12-19,San Diego,073,3302833,138988,122972,6074,129046,1280
2020-12-19,San Francisco,075,870044,21772,20643,192,20835,174
2020-12-19,San Joaquin,077,732212,41491,37340,1203,38543,586
2020-12-19,San Luis Obispo,079,281455,9714,8788,214,9002,63
2020-12-19,San Mateo,081,765935,22943,20393,66,20459,182
2020-12-19,Santa Barbara,083,443738,15754,14667,394,15061,148
2020-12-19,Santa Clara,085,1922200,62649,55540,245,55785,558
2020-12-19,Santa Cruz,087,273765,8108,7054,225,7279,68
2020-12-19,Shasta,089,179085,7608,7221,582,7803,63
2020-12-19,Sierra,091,2930,24,23,0,23,0
2020-12-19,Siskiyou,093,43540,950,853,85,938,2
2020-12-19,Solano,095,438530,16936,15204,160,15364,95
2020-12-19,Sonoma,097,501317,17639,16553,98,16651,175
2020-12-19,Stanislaus,099,539301,32059,29555,2638,32193,498
2020-12-19,Sutter,101,95872,5975,5506,42,5548,41
2020-12-19,Tehama,103,63373,2728,2574,222,2796,9
2020-12-19,Trinity,105,12862,395,219,53,272,2
2020-12-19,Tulare,107,460477,31129,28734,3139,31873,375
2020-12-19,Tuolumne,109,53932,2508,2107,8,2115,12
2020-12-19,Ventura,111,848112,34930,30843,1356,32199,209
2020-12-19,Yolo,113,214977,7788,7025,46,7071,109
2020-12-19,Yuba,115,75493,3498,3168,34,3202,11
2020-12-18,Alameda,001,1643700,46766,42196,765,42961,515
2020-12-18,Alpine,003,1148,65,64,0,64,0
2020-12-18,Amador,005,37829,2125,1727,15,1742,20
2020-12-18,Butte,007,227075,6737,5891,650,6541,81
2020-12-18,Calaveras,009,45235,982,870,0,870,21
2020-12-18,Colusa,011,21464,1166,1068,50,1118,7
2020-12-18,Contra Costa,013,1133247,36440,33610,390,34000,300
2020-12-18,Del Norte,015,27424,683,627,0,627,2
2020-12-18,El Dorado,017,186661,5391,4494,202,4696,10
2020-12-18,Fresno,019,978130,61881,52643,3681,56324,613
2020-12-18,Glenn,021,27897,1384,1264,192,1456,9
2020-12-18,Humboldt,023,135768,1516,1331,6,1337,15
2020-12-18,Imperial,025,180216,21641,20430,837,21267,393
2020-12-18,Inyo,027,18085,556,454,7,461,17
2020-12-18,Kern,029,883053,59862,54220,3835,58055,533
2020-12-18,Kings,031,150075,15224,14284,444,14728,98
2020-12-18,Lake,033,64148,1645,1397,0,1397,20
2020-12-18,Lassen,035,31185,3922,3486,35,3521,1
2020-12-18,Los Angeles,037,10098052,656847,586413,15752,602165,8744
2020-12-18,Madera,039,155013,9570,8609,324,8933,63
2020-12-18,Marin,041,260295,9257,8799,60,8859,142
2020-12-18,Mariposa,043,17540,204,176,2,178,3
2020-12-18,Mendocino,045,87422,2198,1977,20,1997,24
2020-12-18,Merced,047,269075,17293,15956,264,16220,195
2020-12-18,Modoc,049,8938,219,179,65,244,0
2020-12-18,Mono,051,14174,813,731,12,743,3
2020-12-18,Monterey,053,433212,24636,22336,569,22905,165
2020-12-18,Napa,055,140530,5237,4688,24,4712,23
2020-12-18,Nevada,057,99092,2473,2220,77,2297,13
2020-12-18,Orange,059,3164182,138541,121681,4944,126625,1725
2020-12-18,Placer,061,380077,12786,10995,431,11426,104
2020-12-18,Plumas,063,18699,422,336,8,344,0
2020-12-18,Riverside,065,2383286,159131,142375,6158,148533,1733
2020-12-18,Sacramento,067,1510023,59125,53980,463,54443,736
2020-12-18,San Benito,069,59416,3118,2744,23,2767,21
2020-12-18,San Bernardino,071,2135413,173759,154272,4411,158683,1430
2020-12-18,San Diego,073,3302833,136810,120463,5935,126398,1253
2020-12-18,San Francisco,075,870044,21605,20315,186,20501,173
2020-12-18,San Joaquin,077,732212,41132,36484,1172,37656,559
2020-12-18,San Luis Obispo,079,281455,9616,8598,209,8807,62
2020-12-18,San Mateo,081,765935,22630,19971,62,20033,182
2020-12-18,Santa Barbara,083,443738,15613,14361,381,14742,148
2020-12-18,Santa Clara,085,1922200,61775,53992,236,54228,539
2020-12-18,Santa Cruz,087,273765,7992,6838,217,7055,68
2020-12-18,Shasta,089,179085,7570,7114,571,7685,62
2020-12-18,Sierra,091,2930,24,23,0,23,0
2020-12-18,Siskiyou,093,43540,948,840,85,925,2
2020-12-18,Solano,095,438530,16783,14667,156,14823,95
2020-12-18,Sonoma,097,501317,17520,16261,98,16359,173
2020-12-18,Stanislaus,099,539301,31785,28967,2602,31569,490
2020-12-18,Sutter,101,95872,5891,5399,42,5441,39
2020-12-18,Tehama,103,63373,2713,2523,212,2735,9
2020-12-18,Trinity,105,12862,394,215,53,268,2
2020-12-18,Tulare,107,460477,30852,28322,3060,31382,370
2020-12-18,Tuolumne,109,53932,2497,2067,8,2075,12
2020-12-18,Ventura,111,848112,34426,29907,1313,31220,209
2020-12-18,Yolo,113,214977,7720,6901,45,6946,109
2020-12-18,Yuba,115,75493,3440,3097,34,3131,11
2020-12-17,Alameda,001,1643700,45959,41548,732,42280,508
2020-12-17,Alpine,003,1148,65,64,0,64,0
2020-12-17,Amador,005,37829,2077,1703,13,1716,19
2020-12-17,Butte,007,227075,6611,5746,632,6378,78
2020-12-17,Calaveras,009,45235,959,848,0,848,21
2020-12-17,Colusa,011,21464,1155,1053,48,1101,7
2020-12-17,Contra Costa,013,1133247,35916,33006,356,33362,293
2020-12-17,Del Norte,015,27424,678,583,0,583,1
2020-12-17,El Dorado,017,186661,5246,4327,190,4517,9
2020-12-17,Fresno,019,978130,61018,49918,3555,53473,597
2020-12-17,Glenn,021,27897,1360,1244,185,1429,9
2020-12-17,Humboldt,023,135768,1483,1322,6,1328,14
2020-12-17,Imperial,025,180216,21476,20208,769,20977,391
2020-12-17,Inyo,027,18085,538,450,6,456,16
2020-12-17,Kern,029,883053,58905,53683,3702,57385,526
2020-12-17,Kings,031,150075,15121,14057,429,14486,98
2020-12-17,Lake,033,64148,1620,1374,0,1374,20
2020-12-17,Lassen,035,31185,3886,3417,35,3452,1
2020-12-17,Los Angeles,037,10098052,641188,571093,15199,586292,8657
2020-12-17,Madera,039,155013,9453,8465,320,8785,62
2020-12-17,Marin,041,260295,9193,8721,58,8779,142
2020-12-17,Mariposa,043,17540,200,172,2,174,3
2020-12-17,Mendocino,045,87422,2164,1942,20,1962,23
2020-12-17,Merced,047,269075,17029,15648,256,15904,192
2020-12-17,Modoc,049,8938,216,179,65,244,0
2020-12-17,Mono,051,14174,800,718,12,730,3
2020-12-17,Monterey,053,433212,24117,21951,554,22505,163
2020-12-17,Napa,055,140530,5125,4612,24,4636,23
2020-12-17,Nevada,057,99092,2432,2173,74,2247,13
2020-12-17,Orange,059,3164182,135164,118367,4808,123175,1725
2020-12-17,Placer,061,380077,12512,10756,417,11173,99
2020-12-17,Plumas,063,18699,413,324,8,332,0
2020-12-17,Riverside,065,2383286,155246,139325,5943,145268,1696
2020-12-17,Sacramento,067,1510023,58219,53189,441,53630,721
2020-12-17,San Benito,069,59416,3049,2645,22,2667,20
2020-12-17,San Bernardino,071,2135413,169819,149838,4294,154132,1425
2020-12-17,San Diego,073,3302833,134009,116852,5779,122631,1239
2020-12-17,San Francisco,075,870044,21318,19939,181,20120,170
2020-12-17,San Joaquin,077,732212,40406,35894,1136,37030,554
2020-12-17,San Luis Obispo,079,281455,9496,8365,207,8572,59
2020-12-17,San Mateo,081,765935,22260,19647,62,19709,181
2020-12-17,Santa Barbara,083,443738,15380,14207,374,14581,147
2020-12-17,Santa Clara,085,1922200,60608,52559,230,52789,527
2020-12-17,Santa Cruz,087,273765,7837,6687,204,6891,64
2020-12-17,Shasta,089,179085,7493,7000,552,7552,62
2020-12-17,Sierra,091,2930,23,23,0,23,0
2020-12-17,Siskiyou,093,43540,941,827,84,911,2
2020-12-17,Solano,095,438530,16477,14361,154,14515,96
2020-12-17,Sonoma,097,501317,17248,15993,97,16090,171
2020-12-17,Stanislaus,099,539301,31360,28582,2543,31125,489
2020-12-17,Sutter,101,95872,5792,5309,40,5349,39
2020-12-17,Tehama,103,63373,2664,2480,206,2686,9
2020-12-17,Trinity,105,12862,389,213,53,266,2
2020-12-17,Tulare,107,460477,30458,27852,2982,30834,358
2020-12-17,Tuolumne,109,53932,2206,1992,8,2000,11
2020-12-17,Ventura,111,848112,33816,29404,1276,30680,208
2020-12-17,Yolo,113,214977,7595,6800,44,6844,105
2020-12-17,Yuba,115,75493,3381,3035,32,3067,12
2020-12-16,Alameda,001,1643700,45106,40751,707,41458,497
2020-12-16,Alpine,003,1148,65,64,0,64,0
2020-12-16,Amador,005,37829,2030,1693,12,1705,19
2020-12-16,Butte,007,227075,6422,5659,604,6263,76
2020-12-16,Calaveras,009,45235,924,821,0,821,21
2020-12-16,Colusa,011,21464,1142,1038,45,1083,7
2020-12-16,Contra Costa,013,1133247,35358,32429,336,32765,293
2020-12-16,Del Norte,015,27424,676,575,0,575,1
2020-12-16,El Dorado,017,186661,5125,4237,181,4418,9
2020-12-16,Fresno,019,978130,60060,49173,3459,52632,584
2020-12-16,Glenn,021,27897,1342,1236,174,1410,9
2020-12-16,Humboldt,023,135768,1451,1308,5,1313,12
2020-12-16,Imperial,025,180216,21294,19980,703,20683,388
2020-12-16,Inyo,027,18085,525,444,6,450,16
2020-12-16,Kern,029,883053,58028,52896,3570,56466,522
2020-12-16,Kings,031,150075,14941,13734,412,14146,99
2020-12-16,Lake,033,64148,1580,1363,0,1363,20
2020-12-16,Lassen,035,31185,3853,3396,34,3430,1
2020-12-16,Los Angeles,037,10098052,624664,557907,14512,572419,8561
2020-12-16,Madera,039,155013,9328,8278,312,8590,62
2020-12-16,Marin,041,260295,9122,8641,58,8699,142
2020-12-16,Mariposa,043,17540,197,175,2,177,3
2020-12-16,Mendocino,045,87422,2129,1929,20,1949,23
2020-12-16,Merced,047,269075,16743,15443,252,15695,190
2020-12-16,Modoc,049,8938,213,178,65,243,0
2020-12-16,Mono,051,14174,781,702,12,714,3
2020-12-16,Monterey,053,433212,23558,21107,543,21650,163
2020-12-16,Napa,055,140530,5028,4544,24,4568,23
2020-12-16,Nevada,057,99092,2396,2149,72,2221,13
2020-12-16,Orange,059,3164182,131689,115260,4641,119901,1712
2020-12-16,Placer,061,380077,12275,10554,396,10950,96
2020-12-16,Plumas,063,18699,404,319,8,327,0
2020-12-16,Riverside,065,2383286,151122,135751,5694,141445,1664
2020-12-16,Sacramento,067,1510023,57245,52166,416,52582,715
2020-12-16,San Benito,069,59416,2958,2582,22,2604,20
2020-12-16,San Bernardino,071,2135413,165213,143565,4159,147724,1403
2020-12-16,San Diego,073,3302833,130905,114248,5625,119873,1217
2020-12-16,San Francisco,075,870044,21059,19624,181,19805,170
2020-12-16,San Joaquin,077,732212,39580,35010,1096,36106,547
2020-12-16,San Luis Obispo,079,281455,9301,8252,198,8450,58
2020-12-16,San Mateo,081,765935,21934,19292,58,19350,179
2020-12-16,Santa Barbara,083,443738,15129,13966,362,14328,144
2020-12-16,Santa Clara,085,1922200,59365,51502,227,51729,523
2020-12-16,Santa Cruz,087,273765,7653,6536,193,6729,63
2020-12-16,Shasta,089,179085,7420,6914,529,7443,62
2020-12-16,Sierra,091,2930,23,23,0,23,0
2020-12-16,Siskiyou,093,43540,933,818,84,902,2
2020-12-16,Solano,095,438530,16010,14157,150,14307,96
2020-12-16,Sonoma,097,501317,16992,15768,97,15865,170
2020-12-16,Stanislaus,099,539301,30858,28279,2470,30749,489
2020-12-16,Sutter,101,95872,5712,5223,40,5263,39
2020-12-16,Tehama,103,63373,2631,2441,181,2622,9
2020-12-16,Trinity,105,12862,383,212,53,265,2
2020-12-16,Tulare,107,460477,30035,27500,2882,30382,352
2020-12-16,Tuolumne,109,53932,2163,1941,8,1949,11
2020-12-16,Ventura,111,848112,33042,28566,1233,29799,203
2020-12-16,Yolo,113,214977,7467,6649,43,6692,103
2020-12-16,Yuba,115,75493,3295,2980,31,3011,11
2020-12-15,Alameda,001,1643700,44251,40026,685,40711,492
2020-12-15,Alpine,003,1148,65,64,0,64,0
2020-12-15,Amador,005,37829,1917,1669,10,1679,19
2020-12-15,Butte,007,227075,6283,5565,575,6140,75
2020-12-15,Calaveras,009,45235,892,799,0,799,21
2020-12-15,Colusa,011,21464,1129,1026,44,1070,7
2020-12-15,Contra Costa,013,1133247,34700,31423,322,31745,281
2020-12-15,Del Norte,015,27424,665,564,0,564,1
2020-12-15,El Dorado,017,186661,5017,4113,167,4280,9
2020-12-15,Fresno,019,978130,58687,47316,3325,50641,574
2020-12-15,Glenn,021,27897,1329,1207,158,1365,9
2020-12-15,Humboldt,023,135768,1431,1276,5,1281,12
2020-12-15,Imperial,025,180216,21074,19756,624,20380,380
2020-12-15,Inyo,027,18085,512,394,6,400,16
2020-12-15,Kern,029,883053,57017,52002,3467,55469,511
2020-12-15,Kings,031,150075,14777,13652,393,14045,97
2020-12-15,Lake,033,64148,1555,1341,0,1341,21
2020-12-15,Lassen,035,31185,3681,3378,33,3411,1
2020-12-15,Los Angeles,037,10098052,608283,536258,13868,550126,8429
2020-12-15,Madera,039,155013,9174,8118,305,8423,60
2020-12-15,Marin,041,260295,9014,8528,56,8584,141
2020-12-15,Mariposa,043,17540,193,171,2,173,3
2020-12-15,Mendocino,045,87422,2102,1883,20,1903,24
2020-12-15,Merced,047,269075,16445,15120,248,15368,190
2020-12-15,Modoc,049,8938,211,179,65,244,0
2020-12-15,Mono,051,14174,765,702,12,714,3
2020-12-15,Monterey,053,433212,22960,19905,482,20387,161
2020-12-15,Napa,055,140530,4925,4440,24,4464,23
2020-12-15,Nevada,057,99092,2363,2117,70,2187,11
2020-12-15,Orange,059,3164182,128032,112893,4488,117381,1689
2020-12-15,Placer,061,380077,12041,10301,374,10675,95
2020-12-15,Plumas,063,18699,399,313,8,321,0
2020-12-15,Riverside,065,2383286,147064,131822,5415,137237,1624
2020-12-15,Sacramento,067,1510023,56227,51076,403,51479,703
2020-12-15,San Benito,069,59416,2879,2520,21,2541,19
2020-12-15,San Bernardino,071,2135413,160751,137548,4008,141556,1351
2020-12-15,San Diego,073,3302833,127339,111441,5462,116903,1194
2020-12-15,San Francisco,075,870044,20749,19283,178,19461,171
2020-12-15,San Joaquin,077,732212,38656,33849,1060,34909,537
2020-12-15,San Luis Obispo,079,281455,9192,8074,195,8269,55
2020-12-15,San Mateo,081,765935,21524,18907,56,18963,178
2020-12-15,Santa Barbara,083,443738,14902,13782,354,14136,144
2020-12-15,Santa Clara,085,1922200,57930,50311,224,50535,505
2020-12-15,Santa Cruz,087,273765,7468,6361,179,6540,59
2020-12-15,Shasta,089,179085,7361,6794,504,7298,54
2020-12-15,Sierra,091,2930,23,23,0,23,0
2020-12-15,Siskiyou,093,43540,924,812,83,895,2
2020-12-15,Solano,095,438530,15660,13796,150,13946,95
2020-12-15,Sonoma,097,501317,16771,15406,97,15503,167
2020-12-15,Stanislaus,099,539301,30345,27823,2389,30212,485
2020-12-15,Sutter,101,95872,5614,5080,39,5119,36
2020-12-15,Tehama,103,63373,2593,2392,175,2567,9
2020-12-15,Trinity,105,12862,375,213,51,264,1
2020-12-15,Tulare,107,460477,29546,27026,2792,29818,342
2020-12-15,Tuolumne,109,53932,2133,1874,8,1882,8
2020-12-15,Ventura,111,848112,32420,27936,1186,29122,201
2020-12-15,Yolo,113,214977,7344,6531,41,6572,104
2020-12-15,Yuba,115,75493,3201,2891,30,2921,11
2020-12-14,Alameda,001,1643700,43352,39252,666,39918,487
2020-12-14,Alpine,003,1148,65,63,0,63,0
2020-12-14,Amador,005,37829,1845,1609,10,1619,19
2020-12-14,Butte,007,227075,6115,5202,558,5760,75
2020-12-14,Calaveras,009,45235,854,718,0,718,21
2020-12-14,Colusa,011,21464,1105,949,43,992,7
2020-12-14,Contra Costa,013,1133247,34003,30594,308,30902,281
2020-12-14,Del Norte,015,27424,659,560,0,560,1
2020-12-14,El Dorado,017,186661,4861,4018,151,4169,9
2020-12-14,Fresno,019,978130,57663,44726,3146,47872,560
2020-12-14,Glenn,021,27897,1303,1186,150,1336,9
2020-12-14,Humboldt,023,135768,1418,1256,5,1261,9
2020-12-14,Imperial,025,180216,20835,19608,546,20154,379
2020-12-14,Inyo,027,18085,498,382,6,388,16
2020-12-14,Kern,029,883053,55980,50538,3346,53884,510
2020-12-14,Kings,031,150075,14592,13491,366,13857,97
2020-12-14,Lake,033,64148,1506,1301,0,1301,21
2020-12-14,Lassen,035,31185,3583,2905,30,2935,1
2020-12-14,Los Angeles,037,10098052,590656,524668,13224,537892,8340
2020-12-14,Madera,039,155013,8907,8011,296,8307,60
2020-12-14,Marin,041,260295,8931,8475,55,8530,141
2020-12-14,Mariposa,043,17540,192,171,2,173,3
2020-12-14,Mendocino,045,87422,2081,1845,20,1865,24
2020-12-14,Merced,047,269075,16037,14572,234,14806,189
2020-12-14,Modoc,049,8938,205,180,63,243,0
2020-12-14,Mono,051,14174,757,685,12,697,3
2020-12-14,Monterey,053,433212,22438,19154,476,19630,155
2020-12-14,Napa,055,140530,4832,4289,24,4313,22
2020-12-14,Nevada,057,99092,2325,2070,67,2137,11
2020-12-14,Orange,059,3164182,124145,108602,4352,112954,1688
2020-12-14,Placer,061,380077,11760,9551,363,9914,95
2020-12-14,Plumas,063,18699,387,309,8,317,0
2020-12-14,Riverside,065,2383286,142935,123715,5153,128868,1588
2020-12-14,Sacramento,067,1510023,55120,50304,378,50682,691
2020-12-14,San Benito,069,59416,2813,2467,20,2487,19
2020-12-14,San Bernardino,071,2135413,156302,129151,3880,133031,1347
2020-12-14,San Diego,073,3302833,123603,109578,5277,114855,1162
2020-12-14,San Francisco,075,870044,20372,18904,176,19080,171
2020-12-14,San Joaquin,077,732212,37813,32522,1014,33536,534
2020-12-14,San Luis Obispo,079,281455,8946,7791,191,7982,52
2020-12-14,San Mateo,081,765935,21026,18361,53,18414,178
2020-12-14,Santa Barbara,083,443738,14629,13587,346,13933,144
2020-12-14,Santa Clara,085,1922200,56369,49180,212,49392,502
2020-12-14,Santa Cruz,087,273765,7282,6049,164,6213,54
2020-12-14,Shasta,089,179085,7272,6665,485,7150,54
2020-12-14,Sierra,091,2930,23,21,0,21,0
2020-12-14,Siskiyou,093,43540,901,764,77,841,2
2020-12-14,Solano,095,438530,15298,13352,149,13501,93
2020-12-14,Sonoma,097,501317,16464,14807,96,14903,167
2020-12-14,Stanislaus,099,539301,29811,27311,2340,29651,485
2020-12-14,Sutter,101,95872,5510,5001,32,5033,35
2020-12-14,Tehama,103,63373,2550,2344,172,2516,9
2020-12-14,Trinity,105,12862,371,205,49,254,1
2020-12-14,Tulare,107,460477,29073,25735,2701,28436,341
2020-12-14,Tuolumne,109,53932,2080,1647,8,1655,8
2020-12-14,Ventura,111,848112,31497,27436,1127,28563,202
2020-12-14,Yolo,113,214977,7183,6389,40,6429,95
2020-12-14,Yuba,115,75493,3139,2851,30,2881,11
2020-12-13,Alameda,001,1643700,42154,38064,641,38705,486
2020-12-13,Alpine,003,1148,65,63,0,63,0
2020-12-13,Amador,005,37829,1789,1457,9,1466,19
2020-12-13,Butte,007,227075,5967,5103,518,5621,75
2020-12-13,Calaveras,009,45235,818,710,0,710,21
2020-12-13,Colusa,011,21464,1089,945,40,985,7
2020-12-13,Contra Costa,013,1133247,33275,29667,302,29969,281
2020-12-13,Del Norte,015,27424,606,542,0,542,1
2020-12-13,El Dorado,017,186661,4760,3770,140,3910,9
2020-12-13,Fresno,019,978130,56556,44114,2987,47101,559
2020-12-13,Glenn,021,27897,1290,1171,139,1310,9
2020-12-13,Humboldt,023,135768,1395,1238,4,1242,9
2020-12-13,Imperial,025,180216,20545,19472,423,19895,379
2020-12-13,Inyo,027,18085,477,380,6,386,16
2020-12-13,Kern,029,883053,54949,49051,3192,52243,510
2020-12-13,Kings,031,150075,14312,13357,348,13705,97
2020-12-13,Lake,033,64148,1463,1271,0,1271,21
2020-12-13,Lassen,035,31185,3476,2867,25,2892,1
2020-12-13,Los Angeles,037,10098052,573042,517472,12520,529992,8294
2020-12-13,Madera,039,155013,8725,7909,282,8191,60
2020-12-13,Marin,041,260295,8811,8409,55,8464,141
2020-12-13,Mariposa,043,17540,188,167,2,169,3
2020-12-13,Mendocino,045,87422,2047,1793,20,1813,24
2020-12-13,Merced,047,269075,15686,14384,231,14615,189
2020-12-13,Modoc,049,8938,192,179,57,236,0
2020-12-13,Mono,051,14174,741,675,12,687,3
2020-12-13,Monterey,053,433212,22017,18913,462,19375,153
2020-12-13,Napa,055,140530,4726,4194,24,4218,22
2020-12-13,Nevada,057,99092,2277,2030,65,2095,11
2020-12-13,Orange,059,3164182,120211,104768,4178,108946,1688
2020-12-13,Placer,061,380077,11445,9405,345,9750,95
2020-12-13,Plumas,063,18699,381,291,8,299,0
2020-12-13,Riverside,065,2383286,138806,119691,4890,124581,1581
2020-12-13,Sacramento,067,1510023,53851,49480,349,49829,682
2020-12-13,San Benito,069,59416,2744,2408,19,2427,19
2020-12-13,San Bernardino,071,2135413,151405,126718,3718,130436,1333
2020-12-13,San Diego,073,3302833,120003,107372,5108,112480,1162
2020-12-13,San Francisco,075,870044,20027,18686,167,18853,167
2020-12-13,San Joaquin,077,732212,37009,32170,974,33144,534
2020-12-13,San Luis Obispo,079,281455,8756,7625,183,7808,52
2020-12-13,San Mateo,081,765935,20535,18090,47,18137,177
2020-12-13,Santa Barbara,083,443738,14359,13249,331,13580,144
2020-12-13,Santa Clara,085,1922200,54942,47920,203,48123,499
2020-12-13,Santa Cruz,087,273765,7033,5986,153,6139,54
2020-12-13,Shasta,089,179085,7198,6647,459,7106,54
2020-12-13,Sierra,091,2930,23,21,0,21,0
2020-12-13,Siskiyou,093,43540,889,762,72,834,2
2020-12-13,Solano,095,438530,14860,13276,146,13422,93
2020-12-13,Sonoma,097,501317,16150,14495,95,14590,167
2020-12-13,Stanislaus,099,539301,29246,26569,2278,28847,485
2020-12-13,Sutter,101,95872,5383,4798,28,4826,34
2020-12-13,Tehama,103,63373,2505,2325,157,2482,9
2020-12-13,Trinity,105,12862,365,204,49,253,1
2020-12-13,Tulare,107,460477,28582,25496,2614,28110,340
2020-12-13,Tuolumne,109,53932,2018,1611,8,1619,8
2020-12-13,Ventura,111,848112,30494,26588,1064,27652,202
2020-12-13,Yolo,113,214977,7000,6265,34,6299,95
2020-12-13,Yuba,115,75493,3074,2754,27,2781,11
2020-12-12,Alameda,001,1643700,41710,37027,621,37648,486
2020-12-12,Alpine,003,1148,65,63,0,63,0
2020-12-12,Amador,005,37829,1761,1236,8,1244,19
2020-12-12,Butte,007,227075,5894,4972,506,5478,73
2020-12-12,Calaveras,009,45235,808,708,0,708,21
2020-12-12,Colusa,011,21464,1069,945,39,984,7
2020-12-12,Contra Costa,013,1133247,32931,29506,293,29799,281
2020-12-12,Del Norte,015,27424,598,529,0,529,1
2020-12-12,El Dorado,017,186661,4685,3706,122,3828,9
2020-12-12,Fresno,019,978130,56205,43756,2927,46683,559
2020-12-12,Glenn,021,27897,1282,1143,135,1278,8
2020-12-12,Humboldt,023,135768,1376,1208,4,1212,9
2020-12-12,Imperial,025,180216,20459,18947,365,19312,379
2020-12-12,Inyo,027,18085,473,380,6,386,16
2020-12-12,Kern,029,883053,54429,48194,3104,51298,507
2020-12-12,Kings,031,150075,14223,13205,344,13549,96
2020-12-12,Lake,033,64148,1447,1232,0,1232,21
2020-12-12,Lassen,035,31185,3453,2866,22,2888,1
2020-12-12,Los Angeles,037,10098052,566241,504317,12013,516330,8269
2020-12-12,Madera,039,155013,8598,7765,279,8044,59
2020-12-12,Marin,041,260295,8757,8363,54,8417,141
2020-12-12,Mariposa,043,17540,187,164,2,166,3
2020-12-12,Mendocino,045,87422,2011,1771,20,1791,24
2020-12-12,Merced,047,269075,15595,14181,227,14408,188
2020-12-12,Modoc,049,8938,191,169,54,223,0
2020-12-12,Mono,051,14174,734,640,12,652,3
2020-12-12,Monterey,053,433212,21904,18596,433,19029,151
2020-12-12,Napa,055,140530,4681,4113,24,4137,22
2020-12-12,Nevada,057,99092,2259,1981,63,2044,10
2020-12-12,Orange,059,3164182,118326,100468,4030,104498,1674
2020-12-12,Placer,061,380077,11280,9390,340,9730,95
2020-12-12,Plumas,063,18699,375,291,8,299,0
2020-12-12,Riverside,065,2383286,136749,118335,4685,123020,1579
2020-12-12,Sacramento,067,1510023,53267,48319,336,48655,673
2020-12-12,San Benito,069,59416,2688,2355,19,2374,19
2020-12-12,San Bernardino,071,2135413,149772,125741,3615,129356,1321
2020-12-12,San Diego,073,3302833,118382,104958,5011,109969,1151
2020-12-12,San Francisco,075,870044,19837,18413,163,18576,167
2020-12-12,San Joaquin,077,732212,36682,32200,943,33143,534
2020-12-12,San Luis Obispo,079,281455,8657,7462,177,7639,50
2020-12-12,San Mateo,081,765935,20314,17574,46,17620,177
2020-12-12,Santa Barbara,083,443738,14207,13174,323,13497,144
2020-12-12,Santa Clara,085,1922200,53992,45892,200,46092,498
2020-12-12,Santa Cruz,087,273765,6935,5905,144,6049,54
2020-12-12,Shasta,089,179085,7165,6551,441,6992,54
2020-12-12,Sierra,091,2930,23,21,0,21,0
2020-12-12,Siskiyou,093,43540,887,762,69,831,2
2020-12-12,Solano,095,438530,14662,12748,139,12887,93
2020-12-12,Sonoma,097,501317,16029,14466,95,14561,166
2020-12-12,Stanislaus,099,539301,28945,26246,2226,28472,483
2020-12-12,Sutter,101,95872,5321,4717,28,4745,32
2020-12-12,Tehama,103,63373,2487,2252,151,2403,9
2020-12-12,Trinity,105,12862,363,204,47,251,1
2020-12-12,Tulare,107,460477,28323,25333,2556,27889,341
2020-12-12,Tuolumne,109,53932,1975,1536,8,1544,8
2020-12-12,Ventura,111,848112,30050,25955,1031,26986,202
2020-12-12,Yolo,113,214977,6918,6116,32,6148,95
2020-12-12,Yuba,115,75493,3047,2692,26,2718,10
2020-12-11,Alameda,001,1643700,41143,36281,609,36890,482
2020-12-11,Alpine,003,1148,65,63,0,63,0
2020-12-11,Amador,005,37829,1745,1213,8,1221,19
2020-12-11,Butte,007,227075,5821,4941,488,5429,73
2020-12-11,Calaveras,009,45235,792,697,0,697,21
2020-12-11,Colusa,011,21464,1059,923,37,960,7
2020-12-11,Contra Costa,013,1133247,32508,29036,289,29325,282
2020-12-11,Del Norte,015,27424,592,505,0,505,1
2020-12-11,El Dorado,017,186661,4604,3669,107,3776,9
2020-12-11,Fresno,019,978130,55193,43071,2861,45932,550
2020-12-11,Glenn,021,27897,1266,1135,130,1265,8
2020-12-11,Humboldt,023,135768,1358,1190,4,1194,9
2020-12-11,Imperial,025,180216,20370,18599,321,18920,377
2020-12-11,Inyo,027,18085,462,372,6,378,16
2020-12-11,Kern,029,883053,53751,47664,3042,50706,502
2020-12-11,Kings,031,150075,14079,13118,340,13458,94
2020-12-11,Lake,033,64148,1434,1205,0,1205,21
2020-12-11,Lassen,035,31185,3441,2790,21,2811,1
2020-12-11,Los Angeles,037,10098052,554436,493592,11602,505194,8198
2020-12-11,Madera,039,155013,8507,7648,269,7917,59
2020-12-11,Marin,041,260295,8663,8317,53,8370,141
2020-12-11,Mariposa,043,17540,186,164,2,166,3
2020-12-11,Mendocino,045,87422,1987,1769,20,1789,24
2020-12-11,Merced,047,269075,15475,14038,219,14257,186
2020-12-11,Modoc,049,8938,191,168,53,221,0
2020-12-11,Mono,051,14174,724,631,12,643,3
2020-12-11,Monterey,053,433212,21603,18421,428,18849,150
2020-12-11,Napa,055,140530,4626,4054,24,4078,22
2020-12-11,Nevada,057,99092,2242,1959,60,2019,10
2020-12-11,Orange,059,3164182,116013,98357,3928,102285,1656
2020-12-11,Placer,061,380077,11118,8904,324,9228,93
2020-12-11,Plumas,063,18699,367,286,8,294,0
2020-12-11,Riverside,065,2383286,133681,115329,4465,119794,1573
2020-12-11,Sacramento,067,1510023,52605,47468,328,47796,669
2020-12-11,San Benito,069,59416,2637,2319,19,2338,19
2020-12-11,San Bernardino,071,2135413,147082,123092,3499,126591,1313
2020-12-11,San Diego,073,3302833,116422,102468,4928,107396,1137
2020-12-11,San Francisco,075,870044,19607,18246,162,18408,165
2020-12-11,San Joaquin,077,732212,36336,32044,915,32959,534
2020-12-11,San Luis Obispo,079,281455,8496,7415,175,7590,49
2020-12-11,San Mateo,081,765935,20043,17240,35,17275,177
2020-12-11,Santa Barbara,083,443738,14064,12997,315,13312,144
2020-12-11,Santa Clara,085,1922200,52988,45101,191,45292,494
2020-12-11,Santa Cruz,087,273765,6822,5764,135,5899,50
2020-12-11,Shasta,089,179085,7120,6459,434,6893,54
2020-12-11,Sierra,091,2930,23,19,0,19,0
2020-12-11,Siskiyou,093,43540,880,753,66,819,2
2020-12-11,Solano,095,438530,14476,12554,135,12689,92
2020-12-11,Sonoma,097,501317,15862,14298,93,14391,166
2020-12-11,Stanislaus,099,539301,28677,25928,2183,28111,464
2020-12-11,Sutter,101,95872,5258,4600,27,4627,30
2020-12-11,Tehama,103,63373,2456,2232,147,2379,9
2020-12-11,Trinity,105,12862,360,204,47,251,1
2020-12-11,Tulare,107,460477,27963,24953,2509,27462,338
2020-12-11,Tuolumne,109,53932,1961,1510,8,1518,8
2020-12-11,Ventura,111,848112,29444,24999,1009,26008,202
2020-12-11,Yolo,113,214977,6812,6006,31,6037,95
2020-12-11,Yuba,115,75493,2987,2649,25,2674,10
2020-12-10,Alameda,001,1643700,40373,35686,587,36273,477
2020-12-10,Alpine,003,1148,65,63,0,63,0
2020-12-10,Amador,005,37829,1688,1191,8,1199,18
2020-12-10,Butte,007,227075,5705,4863,461,5324,72
2020-12-10,Calaveras,009,45235,774,684,0,684,21
2020-12-10,Colusa,011,21464,1036,909,34,943,7
2020-12-10,Contra Costa,013,1133247,31827,28413,283,28696,276
2020-12-10,Del Norte,015,27424,582,501,0,501,1
2020-12-10,El Dorado,017,186661,4486,3557,102,3659,9
2020-12-10,Fresno,019,978130,54215,42461,2719,45180,540
2020-12-10,Glenn,021,27897,1246,1126,121,1247,8
2020-12-10,Humboldt,023,135768,1338,1140,4,1144,9
2020-12-10,Imperial,025,180216,20154,18333,244,18577,370
2020-12-10,Inyo,027,18085,441,365,6,371,15
2020-12-10,Kern,029,883053,52767,47176,2877,50053,499
2020-12-10,Kings,031,150075,13921,12993,334,13327,92
2020-12-10,Lake,033,64148,1393,1167,0,1167,21
2020-12-10,Lassen,035,31185,3419,2764,17,2781,0
2020-12-10,Los Angeles,037,10098052,540468,480354,11065,491419,8149
2020-12-10,Madera,039,155013,8400,7445,254,7699,59
2020-12-10,Marin,041,260295,8610,8245,52,8297,140
2020-12-10,Mariposa,043,17540,185,160,2,162,3
2020-12-10,Mendocino,045,87422,1961,1748,17,1765,24
2020-12-10,Merced,047,269075,15229,13756,216,13972,186
2020-12-10,Modoc,049,8938,186,165,51,216,0
2020-12-10,Mono,051,14174,719,601,12,613,3
2020-12-10,Monterey,053,433212,21122,18266,418,18684,145
2020-12-10,Napa,055,140530,4540,3974,23,3997,22
2020-12-10,Nevada,057,99092,2206,1919,60,1979,10
2020-12-10,Orange,059,3164182,112918,95297,3766,99063,1651
2020-12-10,Placer,061,380077,10865,8906,305,9211,90
2020-12-10,Plumas,063,18699,356,281,8,289,0
2020-12-10,Riverside,065,2383286,129994,112794,4196,116990,1552
2020-12-10,Sacramento,067,1510023,51706,46471,306,46777,664
2020-12-10,San Benito,069,59416,2577,2268,18,2286,19
2020-12-10,San Bernardino,071,2135413,142847,120186,3325,123511,1306
2020-12-10,San Diego,073,3302833,113897,99601,4779,104380,1114
2020-12-10,San Francisco,075,870044,19295,17945,154,18099,164
2020-12-10,San Joaquin,077,732212,35700,31228,885,32113,534
2020-12-10,San Luis Obispo,079,281455,8333,7245,164,7409,49
2020-12-10,San Mateo,081,765935,19598,16701,25,16726,177
2020-12-10,Santa Barbara,083,443738,13885,12788,306,13094,143
2020-12-10,Santa Clara,085,1922200,51853,43939,176,44115,491
2020-12-10,Santa Cruz,087,273765,6655,5645,122,5767,48
2020-12-10,Shasta,089,179085,7052,6312,409,6721,53
2020-12-10,Sierra,091,2930,23,18,0,18,0
2020-12-10,Siskiyou,093,43540,870,712,65,777,2
2020-12-10,Solano,095,438530,14110,12017,129,12146,90
2020-12-10,Sonoma,097,501317,15607,14282,91,14373,167
2020-12-10,Stanislaus,099,539301,28214,25582,2114,27696,464
2020-12-10,Sutter,101,95872,5128,4528,25,4553,27
2020-12-10,Tehama,103,63373,2412,2190,138,2328,9
2020-12-10,Trinity,105,12862,356,202,45,247,1
2020-12-10,Tulare,107,460477,27507,24506,2443,26949,337
2020-12-10,Tuolumne,109,53932,1719,1451,8,1459,8
2020-12-10,Ventura,111,848112,28593,24075,965,25040,202
2020-12-10,Yolo,113,214977,6692,5896,30,5926,95
2020-12-10,Yuba,115,75493,2923,2604,24,2628,10
2020-12-09,Alameda,001,1643700,39532,35047,564,35611,470
2020-12-09,Alpine,003,1148,65,58,0,58,0
2020-12-09,Amador,005,37829,1645,1121,8,1129,19
2020-12-09,Butte,007,227075,5562,4733,441,5174,70
2020-12-09,Calaveras,009,45235,747,670,0,670,21
2020-12-09,Colusa,011,21464,1021,896,33,929,7
2020-12-09,Contra Costa,013,1133247,31123,28308,272,28580,273
2020-12-09,Del Norte,015,27424,569,481,0,481,2
2020-12-09,El Dorado,017,186661,4351,3449,94,3543,8
2020-12-09,Fresno,019,978130,53213,41954,2565,44519,533
2020-12-09,Glenn,021,27897,1232,1107,115,1222,8
2020-12-09,Humboldt,023,135768,1306,1086,4,1090,10
2020-12-09,Imperial,025,180216,19899,17757,208,17965,368
2020-12-09,Inyo,027,18085,428,356,6,362,15
2020-12-09,Kern,029,883053,51609,46379,2735,49114,494
2020-12-09,Kings,031,150075,13776,12716,326,13042,92
2020-12-09,Lake,033,64148,1366,1158,0,1158,20
2020-12-09,Lassen,035,31185,3350,2331,15,2346,0
2020-12-09,Los Angeles,037,10098052,526988,467971,10514,478485,8075
2020-12-09,Madera,039,155013,8287,7216,251,7467,59
2020-12-09,Marin,041,260295,8548,8182,51,8233,138
2020-12-09,Mariposa,043,17540,183,154,2,156,3
2020-12-09,Mendocino,045,87422,1935,1703,16,1719,24
2020-12-09,Merced,047,269075,14988,13588,209,13797,183
2020-12-09,Modoc,049,8938,181,146,42,188,0
2020-12-09,Mono,051,14174,707,601,12,613,3
2020-12-09,Monterey,053,433212,20721,17891,410,18301,143
2020-12-09,Napa,055,140530,4454,3858,22,3880,21
2020-12-09,Nevada,057,99092,2153,1864,60,1924,10
2020-12-09,Orange,059,3164182,109831,93763,3592,97355,1629
2020-12-09,Placer,061,380077,10603,8588,291,8879,85
2020-12-09,Plumas,063,18699,348,271,8,279,0
2020-12-09,Riverside,065,2383286,126297,110376,3989,114365,1543
2020-12-09,Sacramento,067,1510023,50643,45284,279,45563,659
2020-12-09,San Benito,069,59416,2504,2217,16,2233,19
2020-12-09,San Bernardino,071,2135413,138566,114516,3129,117645,1305
2020-12-09,San Diego,073,3302833,110917,97551,4640,102191,1103
2020-12-09,San Francisco,075,870044,18994,17628,153,17781,163
2020-12-09,San Joaquin,077,732212,34881,30539,860,31399,531
2020-12-09,San Luis Obispo,079,281455,8114,7105,156,7261,47
2020-12-09,San Mateo,081,765935,19148,16422,24,16446,175
2020-12-09,Santa Barbara,083,443738,13685,12630,296,12926,142
2020-12-09,Santa Clara,085,1922200,50702,42912,160,43072,489
2020-12-09,Santa Cruz,087,273765,6496,5527,107,5634,47
2020-12-09,Shasta,089,179085,6987,6105,395,6500,52
2020-12-09,Sierra,091,2930,23,18,0,18,0
2020-12-09,Siskiyou,093,43540,859,713,64,777,2
2020-12-09,Solano,095,438530,13762,11862,121,11983,90
2020-12-09,Sonoma,097,501317,15351,13994,88,14082,164
2020-12-09,Stanislaus,099,539301,27716,25157,2053,27210,463
2020-12-09,Sutter,101,95872,5010,4418,21,4439,24
2020-12-09,Tehama,103,63373,2376,2102,134,2236,9
2020-12-09,Trinity,105,12862,348,199,42,241,0
2020-12-09,Tulare,107,460477,26911,24124,2365,26489,334
2020-12-09,Tuolumne,109,53932,1686,1319,8,1327,8
2020-12-09,Ventura,111,848112,27730,23830,923,24753,201
2020-12-09,Yolo,113,214977,6567,5760,28,5788,95
2020-12-09,Yuba,115,75493,2855,2513,23,2536,10
2020-12-08,Alameda,001,1643700,38632,34373,548,34921,469
2020-12-08,Alpine,003,1148,64,53,0,53,0
2020-12-08,Amador,005,37829,1359,1043,8,1051,17
2020-12-08,Butte,007,227075,5404,4651,400,5051,70
2020-12-08,Calaveras,009,45235,723,657,0,657,21
2020-12-08,Colusa,011,21464,1005,875,32,907,6
2020-12-08,Contra Costa,013,1133247,30421,27926,255,28181,270
2020-12-08,Del Norte,015,27424,553,465,0,465,2
2020-12-08,El Dorado,017,186661,4227,3296,81,3377,8
2020-12-08,Fresno,019,978130,51950,41574,2409,43983,529
2020-12-08,Glenn,021,27897,1212,1094,107,1201,8
2020-12-08,Humboldt,023,135768,1280,1059,4,1063,10
2020-12-08,Imperial,025,180216,19384,17568,200,17768,363
2020-12-08,Inyo,027,18085,405,333,6,339,15
2020-12-08,Kern,029,883053,50315,45116,2579,47695,487
2020-12-08,Kings,031,150075,13622,12623,317,12940,90
2020-12-08,Lake,033,64148,1324,1127,0,1127,20
2020-12-08,Lassen,035,31185,3194,2165,15,2180,0
2020-12-08,Los Angeles,037,10098052,514295,459738,10032,469770,8004
2020-12-08,Madera,039,155013,8156,7082,238,7320,59
2020-12-08,Marin,041,260295,8468,8099,50,8149,137
2020-12-08,Mariposa,043,17540,179,150,2,152,2
2020-12-08,Mendocino,045,87422,1893,1666,16,1682,23
2020-12-08,Merced,047,269075,14676,13380,208,13588,181
2020-12-08,Modoc,049,8938,173,138,39,177,0
2020-12-08,Mono,051,14174,693,597,12,609,3
2020-12-08,Monterey,053,433212,20150,17752,403,18155,134
2020-12-08,Napa,055,140530,4367,3778,21,3799,22
2020-12-08,Nevada,057,99092,2099,1809,57,1866,11
2020-12-08,Orange,059,3164182,106610,91406,3427,94833,1629
2020-12-08,Placer,061,380077,10335,8224,286,8510,82
2020-12-08,Plumas,063,18699,338,258,8,266,0
2020-12-08,Riverside,065,2383286,122934,107620,3809,111429,1514
2020-12-08,Sacramento,067,1510023,49578,44635,264,44899,649
2020-12-08,San Benito,069,59416,2451,2180,16,2196,18
2020-12-08,San Bernardino,071,2135413,134219,110676,3003,113679,1301
2020-12-08,San Diego,073,3302833,107546,95447,4483,99930,1088
2020-12-08,San Francisco,075,870044,18684,17384,151,17535,162
2020-12-08,San Joaquin,077,732212,33986,30225,827,31052,530
2020-12-08,San Luis Obispo,079,281455,7985,6903,145,7048,45
2020-12-08,San Mateo,081,765935,18748,16305,24,16329,175
2020-12-08,Santa Barbara,083,443738,13501,12516,287,12803,141
2020-12-08,Santa Clara,085,1922200,49397,41309,151,41460,484
2020-12-08,Santa Cruz,087,273765,6318,5374,105,5479,45
2020-12-08,Shasta,089,179085,6878,5946,387,6333,50
2020-12-08,Sierra,091,2930,22,18,0,18,0
2020-12-08,Siskiyou,093,43540,845,704,62,766,2
2020-12-08,Solano,095,438530,13360,11669,119,11788,89
2020-12-08,Sonoma,097,501317,15092,13601,87,13688,164
2020-12-08,Stanislaus,099,539301,27226,24793,1988,26781,461
2020-12-08,Sutter,101,95872,4915,4342,20,4362,24
2020-12-08,Tehama,103,63373,2302,2057,126,2183,9
2020-12-08,Trinity,105,12862,339,198,41,239,0
2020-12-08,Tulare,107,460477,26307,23607,2304,25911,330
2020-12-08,Tuolumne,109,53932,1662,1264,8,1272,7
2020-12-08,Ventura,111,848112,27067,23665,880,24545,195
2020-12-08,Yolo,113,214977,6435,5560,28,5588,90
2020-12-08,Yuba,115,75493,2778,2477,23,2500,10
2020-12-07,Alameda,001,1643700,37766,33887,512,34399,466
2020-12-07,Alpine,003,1148,63,53,0,53,0
2020-12-07,Amador,005,37829,1284,993,7,1000,17
2020-12-07,Butte,007,227075,5269,4604,378,4982,67
2020-12-07,Calaveras,009,45235,691,606,0,606,21
2020-12-07,Colusa,011,21464,980,825,27,852,6
2020-12-07,Contra Costa,013,1133247,29805,27307,242,27549,270
2020-12-07,Del Norte,015,27424,541,424,0,424,2
2020-12-07,El Dorado,017,186661,4048,3275,74,3349,8
2020-12-07,Fresno,019,978130,50475,41098,2286,43384,526
2020-12-07,Glenn,021,27897,1193,1085,101,1186,8
2020-12-07,Humboldt,023,135768,1245,1023,4,1027,9
2020-12-07,Imperial,025,180216,18963,17234,190,17424,364
2020-12-07,Inyo,027,18085,390,333,6,339,15
2020-12-07,Kern,029,883053,49290,44409,2443,46852,486
2020-12-07,Kings,031,150075,13479,12412,307,12719,90
2020-12-07,Lake,033,64148,1297,1090,0,1090,20
2020-12-07,Lassen,035,31185,3097,2167,15,2182,0
2020-12-07,Los Angeles,037,10098052,500629,451052,9593,460645,7937
2020-12-07,Madera,039,155013,7891,6935,233,7168,59
2020-12-07,Marin,041,260295,8410,8049,49,8098,136
2020-12-07,Mariposa,043,17540,176,146,2,148,2
2020-12-07,Mendocino,045,87422,1857,1638,14,1652,23
2020-12-07,Merced,047,269075,14317,13250,198,13448,179
2020-12-07,Modoc,049,8938,166,128,36,164,0
2020-12-07,Mono,051,14174,680,590,12,602,3
2020-12-07,Monterey,053,433212,19669,17746,391,18137,132
2020-12-07,Napa,055,140530,4276,3684,21,3705,21
2020-12-07,Nevada,057,99092,2050,1777,56,1833,11
2020-12-07,Orange,059,3164182,103344,89793,3307,93100,1628
2020-12-07,Placer,061,380077,10008,7911,272,8183,82
2020-12-07,Plumas,063,18699,326,256,5,261,0
2020-12-07,Riverside,065,2383286,119735,102363,3626,105989,1491
2020-12-07,Sacramento,067,1510023,48482,43419,247,43666,638
2020-12-07,San Benito,069,59416,2400,2165,15,2180,18
2020-12-07,San Bernardino,071,2135413,130265,108161,2884,111045,1295
2020-12-07,San Diego,073,3302833,104757,94171,4302,98473,1062
2020-12-07,San Francisco,075,870044,18393,17220,144,17364,161
2020-12-07,San Joaquin,077,732212,33111,28188,800,28988,530
2020-12-07,San Luis Obispo,079,281455,7803,6782,138,6920,45
2020-12-07,San Mateo,081,765935,18307,16029,23,16052,175
2020-12-07,Santa Barbara,083,443738,13259,12362,277,12639,141
2020-12-07,Santa Clara,085,1922200,48013,40621,142,40763,484
2020-12-07,Santa Cruz,087,273765,6153,5152,99,5251,41
2020-12-07,Shasta,089,179085,6755,5742,372,6114,50
2020-12-07,Sierra,091,2930,20,18,0,18,0
2020-12-07,Siskiyou,093,43540,818,652,62,714,2
2020-12-07,Solano,095,438530,13020,11354,115,11469,89
2020-12-07,Sonoma,097,501317,14808,13376,87,13463,164
2020-12-07,Stanislaus,099,539301,26668,24479,1935,26414,454
2020-12-07,Sutter,101,95872,4774,4106,20,4126,24
2020-12-07,Tehama,103,63373,2249,2030,121,2151,9
2020-12-07,Trinity,105,12862,335,194,41,235,0
2020-12-07,Tulare,107,460477,25771,22760,2247,25007,328
2020-12-07,Tuolumne,109,53932,1577,1256,7,1263,7
2020-12-07,Ventura,111,848112,26480,23354,844,24198,191
2020-12-07,Yolo,113,214977,6272,5537,27,5564,90
2020-12-07,Yuba,115,75493,2710,2428,21,2449,10
2020-12-06,Alameda,001,1643700,36777,33477,492,33969,465
2020-12-06,Alpine,003,1148,59,53,0,53,0
2020-12-06,Amador,005,37829,1221,952,6,958,17
2020-12-06,Butte,007,227075,5116,4527,345,4872,67
2020-12-06,Calaveras,009,45235,672,606,0,606,21
2020-12-06,Colusa,011,21464,963,824,23,847,6
2020-12-06,Contra Costa,013,1133247,29198,26566,235,26801,270
2020-12-06,Del Norte,015,27424,486,414,0,414,2
2020-12-06,El Dorado,017,186661,3911,3086,69,3155,8
2020-12-06,Fresno,019,978130,49519,40869,2170,43039,526
2020-12-06,Glenn,021,27897,1183,1067,97,1164,8
2020-12-06,Humboldt,023,135768,1220,1004,4,1008,9
2020-12-06,Imperial,025,180216,18648,16922,181,17103,364
2020-12-06,Inyo,027,18085,377,333,6,339,15
2020-12-06,Kern,029,883053,48301,43899,2273,46172,486
2020-12-06,Kings,031,150075,13207,12056,290,12346,90
2020-12-06,Lake,033,64148,1260,1075,0,1075,20
2020-12-06,Lassen,035,31185,2992,2168,13,2181,0
2020-12-06,Los Angeles,037,10098052,487041,443230,9149,452379,7910
2020-12-06,Madera,039,155013,7719,6826,224,7050,59
2020-12-06,Marin,041,260295,8329,8013,47,8060,136
2020-12-06,Mariposa,043,17540,175,144,2,146,2
2020-12-06,Mendocino,045,87422,1817,1614,14,1628,23
2020-12-06,Merced,047,269075,13982,12928,189,13117,179
2020-12-06,Modoc,049,8938,153,125,29,154,0
2020-12-06,Mono,051,14174,658,586,10,596,3
2020-12-06,Monterey,053,433212,19048,17426,381,17807,130
2020-12-06,Napa,055,140530,4164,3644,21,3665,21
2020-12-06,Nevada,057,99092,1991,1710,53,1763,10
2020-12-06,Orange,059,3164182,100280,87737,3177,90914,1627
2020-12-06,Placer,061,380077,9727,7837,252,8089,82
2020-12-06,Plumas,063,18699,313,254,4,258,0
2020-12-06,Riverside,065,2383286,116641,100088,3402,103490,1482
2020-12-06,Sacramento,067,1510023,47243,42808,231,43039,638
2020-12-06,San Benito,069,59416,2363,2135,15,2150,18
2020-12-06,San Bernardino,071,2135413,126116,106927,2727,109654,1286
2020-12-06,San Diego,073,3302833,101725,92173,4148,96321,1062
2020-12-06,San Francisco,075,870044,18071,17107,137,17244,161
2020-12-06,San Joaquin,077,732212,32277,28188,771,28959,530
2020-12-06,San Luis Obispo,079,281455,7637,6723,133,6856,45
2020-12-06,San Mateo,081,765935,17802,15855,20,15875,175
2020-12-06,Santa Barbara,083,443738,13027,12252,268,12520,141
2020-12-06,Santa Clara,085,1922200,46637,39112,136,39248,482
2020-12-06,Santa Cruz,087,273765,5979,5069,93,5162,40
2020-12-06,Shasta,089,179085,6614,5743,351,6094,49
2020-12-06,Sierra,091,2930,20,17,0,17,0
2020-12-06,Siskiyou,093,43540,800,652,60,712,2
2020-12-06,Solano,095,438530,12733,11354,105,11459,88
2020-12-06,Sonoma,097,501317,14519,13238,86,13324,164
2020-12-06,Stanislaus,099,539301,26116,24036,1871,25907,454
2020-12-06,Sutter,101,95872,4658,4009,19,4028,21
2020-12-06,Tehama,103,63373,2190,1982,111,2093,9
2020-12-06,Trinity,105,12862,328,181,39,220,0
2020-12-06,Tulare,107,460477,25246,22756,2178,24934,327
2020-12-06,Tuolumne,109,53932,1481,1210,7,1217,7
2020-12-06,Ventura,111,848112,25938,23035,817,23852,191
2020-12-06,Yolo,113,214977,6111,5465,22,5487,90
2020-12-06,Yuba,115,75493,2666,2340,20,2360,10
2020-12-05,Alameda,001,1643700,36418,32781,481,33262,465
2020-12-05,Alpine,003,1148,58,53,0,53,0
2020-12-05,Amador,005,37829,1197,847,6,853,17
2020-12-05,Butte,007,227075,5048,4455,326,4781,66
2020-12-05,Calaveras,009,45235,660,606,0,606,21
2020-12-05,Colusa,011,21464,945,825,20,845,6
2020-12-05,Contra Costa,013,1133247,28906,26217,228,26445,270
2020-12-05,Del Norte,015,27424,480,408,0,408,2
2020-12-05,El Dorado,017,186661,3846,3061,64,3125,8
2020-12-05,Fresno,019,978130,49200,40568,2115,42683,525
2020-12-05,Glenn,021,27897,1170,1056,91,1147,8
2020-12-05,Humboldt,023,135768,1187,979,4,983,9
2020-12-05,Imperial,025,180216,18481,16544,179,16723,362
2020-12-05,Inyo,027,18085,372,332,6,338,15
2020-12-05,Kern,029,883053,47837,43332,2188,45520,484
2020-12-05,Kings,031,150075,13126,11898,287,12185,90
2020-12-05,Lake,033,64148,1233,1069,0,1069,20
2020-12-05,Lassen,035,31185,2801,2168,11,2179,0
2020-12-05,Los Angeles,037,10098052,481242,433120,8831,441951,7888
2020-12-05,Madera,039,155013,7626,6619,217,6836,59
2020-12-05,Marin,041,260295,8302,7961,47,8008,136
2020-12-05,Mariposa,043,17540,170,143,2,145,2
2020-12-05,Mendocino,045,87422,1778,1585,14,1599,23
2020-12-05,Merced,047,269075,13875,12747,178,12925,180
2020-12-05,Modoc,049,8938,153,118,28,146,0
2020-12-05,Mono,051,14174,653,554,10,564,3
2020-12-05,Monterey,053,433212,18902,17077,377,17454,127
2020-12-05,Napa,055,140530,4093,3565,21,3586,21
2020-12-05,Nevada,057,99092,1976,1642,51,1693,10
2020-12-05,Orange,059,3164182,98817,85735,3081,88816,1612
2020-12-05,Placer,061,380077,9607,7811,243,8054,78
2020-12-05,Plumas,063,18699,306,246,1,247,0
2020-12-05,Riverside,065,2383286,115029,98612,3225,101837,1477
2020-12-05,Sacramento,067,1510023,46578,41878,216,42094,625
2020-12-05,San Benito,069,59416,2319,2073,15,2088,18
2020-12-05,San Bernardino,071,2135413,124593,105382,2599,107981,1283
2020-12-05,San Diego,073,3302833,100373,90470,4067,94537,1055
2020-12-05,San Francisco,075,870044,17887,16786,133,16919,161
2020-12-05,San Joaquin,077,732212,32013,28105,738,28843,523
2020-12-05,San Luis Obispo,079,281455,7570,6623,130,6753,44
2020-12-05,San Mateo,081,765935,17545,15512,20,15532,175
2020-12-05,Santa Barbara,083,443738,12927,12107,262,12369,141
2020-12-05,Santa Clara,085,1922200,45896,38339,131,38470,474
2020-12-05,Santa Cruz,087,273765,5905,4997,91,5088,40
2020-12-05,Shasta,089,179085,6553,5653,340,5993,49
2020-12-05,Sierra,091,2930,20,17,0,17,0
2020-12-05,Siskiyou,093,43540,792,649,59,708,2
2020-12-05,Solano,095,438530,12564,11351,103,11454,87
2020-12-05,Sonoma,097,501317,14423,13137,86,13223,164
2020-12-05,Stanislaus,099,539301,25802,23662,1836,25498,454
2020-12-05,Sutter,101,95872,4593,3937,19,3956,20
2020-12-05,Tehama,103,63373,2174,1926,109,2035,9
2020-12-05,Trinity,105,12862,327,177,39,216,0
2020-12-05,Tulare,107,460477,25030,22660,2120,24780,324
2020-12-05,Tuolumne,109,53932,1424,1180,7,1187,7
2020-12-05,Ventura,111,848112,25567,22710,803,23513,191
2020-12-05,Yolo,113,214977,6035,5351,21,5372,90
2020-12-05,Yuba,115,75493,2629,2275,20,2295,10
2020-12-04,Alameda,001,1643700,35872,31871,468,32339,465
2020-12-04,Alpine,003,1148,58,53,0,53,0
2020-12-04,Amador,005,37829,1183,766,3,769,16
2020-12-04,Butte,007,227075,4976,4336,305,4641,65
2020-12-04,Calaveras,009,45235,655,585,0,585,21
2020-12-04,Colusa,011,21464,931,790,18,808,6
2020-12-04,Contra Costa,013,1133247,28560,25705,216,25921,264
2020-12-04,Del Norte,015,27424,469,401,0,401,2
2020-12-04,El Dorado,017,186661,3758,2933,61,2994,7
2020-12-04,Fresno,019,978130,48491,40108,2047,42155,522
2020-12-04,Glenn,021,27897,1164,1017,83,1100,8
2020-12-04,Humboldt,023,135768,1169,960,4,964,9
2020-12-04,Imperial,025,180216,18239,16484,179,16663,362
2020-12-04,Inyo,027,18085,364,324,6,330,15
2020-12-04,Kern,029,883053,47286,42497,2085,44582,485
2020-12-04,Kings,031,150075,13033,11767,281,12048,88
2020-12-04,Lake,033,64148,1205,1018,0,1018,20
2020-12-04,Lassen,035,31185,2794,2167,10,2177,0
2020-12-04,Los Angeles,037,10098052,472623,424164,8534,432698,7845
2020-12-04,Madera,039,155013,7535,6479,214,6693,58
2020-12-04,Marin,041,260295,8251,7896,44,7940,136
2020-12-04,Mariposa,043,17540,170,136,2,138,2
2020-12-04,Mendocino,045,87422,1759,1563,13,1576,23
2020-12-04,Merced,047,269075,13760,12474,170,12644,177
2020-12-04,Modoc,049,8938,153,115,28,143,0
2020-12-04,Mono,051,14174,648,549,10,559,3
2020-12-04,Monterey,053,433212,18690,16737,368,17105,127
2020-12-04,Napa,055,140530,4039,3432,21,3453,19
2020-12-04,Nevada,057,99092,1951,1560,48,1608,10
2020-12-04,Orange,059,3164182,96895,83738,3016,86754,1597
2020-12-04,Placer,061,380077,9483,7461,229,7690,76
2020-12-04,Plumas,063,18699,299,232,0,232,0
2020-12-04,Riverside,065,2383286,112830,95255,3068,98323,1475
2020-12-04,Sacramento,067,1510023,45813,41061,199,41260,618
2020-12-04,San Benito,069,59416,2286,2006,15,2021,17
2020-12-04,San Bernardino,071,2135413,122320,102418,2491,104909,1290
2020-12-04,San Diego,073,3302833,98889,88183,3980,92163,1047
2020-12-04,San Francisco,075,870044,17696,16499,133,16632,161
2020-12-04,San Joaquin,077,732212,31576,27806,701,28507,522
2020-12-04,San Luis Obispo,079,281455,7485,6473,127,6600,42
2020-12-04,San Mateo,081,765935,17257,15112,19,15131,173
2020-12-04,Santa Barbara,083,443738,12821,11947,255,12202,141
2020-12-04,Santa Clara,085,1922200,44974,37465,125,37590,468
2020-12-04,Santa Cruz,087,273765,5818,4985,89,5074,32
2020-12-04,Shasta,089,179085,6465,5439,330,5769,49
2020-12-04,Sierra,091,2930,19,17,0,17,0
2020-12-04,Siskiyou,093,43540,785,639,56,695,2
2020-12-04,Solano,095,438530,12418,11037,100,11137,87
2020-12-04,Sonoma,097,501317,14275,12962,85,13047,164
2020-12-04,Stanislaus,099,539301,25532,23206,1791,24997,448
2020-12-04,Sutter,101,95872,4521,3791,14,3805,20
2020-12-04,Tehama,103,63373,2134,1876,104,1980,9
2020-12-04,Trinity,105,12862,325,172,39,211,0
2020-12-04,Tulare,107,460477,24747,22273,2048,24321,322
2020-12-04,Tuolumne,109,53932,1393,1134,7,1141,7
2020-12-04,Ventura,111,848112,25190,22024,786,22810,189
2020-12-04,Yolo,113,214977,5961,5294,20,5314,87
2020-12-04,Yuba,115,75493,2586,2225,19,2244,10
2020-12-03,Alameda,001,1643700,35107,31184,449,31633,465
2020-12-03,Alpine,003,1148,57,53,0,53,0
2020-12-03,Amador,005,37829,1132,653,3,656,16
2020-12-03,Butte,007,227075,4880,4305,286,4591,65
2020-12-03,Calaveras,009,45235,636,572,0,572,21
2020-12-03,Colusa,011,21464,918,774,17,791,6
2020-12-03,Contra Costa,013,1133247,28059,25464,209,25673,265
2020-12-03,Del Norte,015,27424,465,388,0,388,2
2020-12-03,El Dorado,017,186661,3632,2740,59,2799,6
2020-12-03,Fresno,019,978130,47738,39680,1975,41655,516
2020-12-03,Glenn,021,27897,1146,997,75,1072,8
2020-12-03,Humboldt,023,135768,1139,923,4,927,9
2020-12-03,Imperial,025,180216,18034,16436,167,16603,359
2020-12-03,Inyo,027,18085,361,321,6,327,15
2020-12-03,Kern,029,883053,46440,42062,1984,44046,483
2020-12-03,Kings,031,150075,12933,11658,269,11927,87
2020-12-03,Lake,033,64148,1190,991,0,991,20
2020-12-03,Lassen,035,31185,2754,2128,9,2137,0
2020-12-03,Los Angeles,037,10098052,462529,415805,8172,423977,7787
2020-12-03,Madera,039,155013,7412,6398,209,6607,58
2020-12-03,Marin,041,260295,8191,7861,40,7901,136
2020-12-03,Mariposa,043,17540,166,132,2,134,2
2020-12-03,Mendocino,045,87422,1742,1547,10,1557,23
2020-12-03,Merced,047,269075,13515,12310,162,12472,177
2020-12-03,Modoc,049,8938,151,114,28,142,0
2020-12-03,Mono,051,14174,626,527,10,537,3
2020-12-03,Monterey,053,433212,18228,16218,357,16575,125
2020-12-03,Napa,055,140530,3925,3360,21,3381,19
2020-12-03,Nevada,057,99092,1873,1472,47,1519,10
2020-12-03,Orange,059,3164182,94361,82187,2946,85133,1591
2020-12-03,Placer,061,380077,9281,7270,213,7483,73
2020-12-03,Plumas,063,18699,284,223,0,223,0
2020-12-03,Riverside,065,2383286,110066,92489,2906,95395,1461
2020-12-03,Sacramento,067,1510023,44754,40280,186,40466,614
2020-12-03,San Benito,069,59416,2240,1967,15,1982,16
2020-12-03,San Bernardino,071,2135413,118993,100787,2407,103194,1283
2020-12-03,San Diego,073,3302833,97074,86144,3862,90006,1040
2020-12-03,San Francisco,075,870044,17474,16236,132,16368,161
2020-12-03,San Joaquin,077,732212,30853,27239,656,27895,522
2020-12-03,San Luis Obispo,079,281455,7317,6388,126,6514,42
2020-12-03,San Mateo,081,765935,16904,14909,19,14928,173
2020-12-03,Santa Barbara,083,443738,12692,11829,249,12078,141
2020-12-03,Santa Clara,085,1922200,43779,36621,119,36740,465
2020-12-03,Santa Cruz,087,273765,5675,4850,85,4935,28
2020-12-03,Shasta,089,179085,6356,5330,323,5653,48
2020-12-03,Sierra,091,2930,19,17,0,17,0
2020-12-03,Siskiyou,093,43540,770,629,53,682,2
2020-12-03,Solano,095,438530,12204,10857,97,10954,87
2020-12-03,Sonoma,097,501317,14032,12772,84,12856,164
2020-12-03,Stanislaus,099,539301,25123,22821,1743,24564,447
2020-12-03,Sutter,101,95872,4437,3727,14,3741,20
2020-12-03,Tehama,103,63373,2080,1832,97,1929,9
2020-12-03,Trinity,105,12862,322,166,39,205,0
2020-12-03,Tulare,107,460477,24348,21993,1955,23948,321
2020-12-03,Tuolumne,109,53932,1351,1105,7,1112,7
2020-12-03,Ventura,111,848112,24487,21555,773,22328,187
2020-12-03,Yolo,113,214977,5823,5069,20,5089,87
2020-12-03,Yuba,115,75493,2516,2182,18,2200,10
2020-12-02,Alameda,001,1643700,34481,30697,440,31137,463
2020-12-02,Alpine,003,1148,56,52,0,52,0
2020-12-02,Amador,005,37829,1060,585,3,588,16
2020-12-02,Butte,007,227075,4757,4243,276,4519,65
2020-12-02,Calaveras,009,45235,620,553,0,553,21
2020-12-02,Colusa,011,21464,902,756,16,772,6
2020-12-02,Contra Costa,013,1133247,27601,25147,197,25344,264
2020-12-02,Del Norte,015,27424,451,384,0,384,2
2020-12-02,El Dorado,017,186661,3530,2638,54,2692,5
2020-12-02,Fresno,019,978130,46982,39324,1875,41199,507
2020-12-02,Glenn,021,27897,1129,995,67,1062,7
2020-12-02,Humboldt,023,135768,1113,899,4,903,9
2020-12-02,Imperial,025,180216,17609,16360,160,16520,356
2020-12-02,Inyo,027,18085,354,314,6,320,15
2020-12-02,Kern,029,883053,45543,41660,1887,43547,479
2020-12-02,Kings,031,150075,12580,11531,255,11786,86
2020-12-02,Lake,033,64148,1159,971,0,971,20
2020-12-02,Lassen,035,31185,2695,2115,9,2124,0
2020-12-02,Los Angeles,037,10098052,452479,408289,7836,416125,7739
2020-12-02,Madera,039,155013,7288,6370,203,6573,57
2020-12-02,Marin,041,260295,8144,7819,38,7857,136
2020-12-02,Mariposa,043,17540,163,131,2,133,2
2020-12-02,Mendocino,045,87422,1709,1524,10,1534,23
2020-12-02,Merced,047,269075,13272,12168,154,12322,173
2020-12-02,Modoc,049,8938,148,113,28,141,0
2020-12-02,Mono,051,14174,617,520,10,530,3
2020-12-02,Monterey,053,433212,17748,16064,318,16382,121
2020-12-02,Napa,055,140530,3822,3298,20,3318,19
2020-12-02,Nevada,057,99092,1811,1430,46,1476,9
2020-12-02,Orange,059,3164182,92163,81046,2866,83912,1569
2020-12-02,Placer,061,380077,9049,6941,199,7140,73
2020-12-02,Plumas,063,18699,271,218,0,218,0
2020-12-02,Riverside,065,2383286,107347,90089,2726,92815,1451
2020-12-02,Sacramento,067,1510023,43714,39334,175,39509,597
2020-12-02,San Benito,069,59416,2175,1921,15,1936,16
2020-12-02,San Bernardino,071,2135413,115422,98567,2299,100866,1240
2020-12-02,San Diego,073,3302833,95158,84640,3747,88387,1035
2020-12-02,San Francisco,075,870044,17238,16058,130,16188,157
2020-12-02,San Joaquin,077,732212,30232,26740,632,27372,519
2020-12-02,San Luis Obispo,079,281455,7218,6324,124,6448,42
2020-12-02,San Mateo,081,765935,16541,14757,18,14775,170
2020-12-02,Santa Barbara,083,443738,12541,11705,237,11942,140
2020-12-02,Santa Clara,085,1922200,42664,35878,119,35997,458
2020-12-02,Santa Cruz,087,273765,5543,4766,82,4848,27
2020-12-02,Shasta,089,179085,6233,5188,306,5494,47
2020-12-02,Sierra,091,2930,19,17,0,17,0
2020-12-02,Siskiyou,093,43540,754,624,51,675,1
2020-12-02,Solano,095,438530,11958,10701,93,10794,87
2020-12-02,Sonoma,097,501317,13793,12635,83,12718,163
2020-12-02,Stanislaus,099,539301,24622,22615,1688,24303,448
2020-12-02,Sutter,101,95872,4277,3604,14,3618,18
2020-12-02,Tehama,103,63373,2037,1800,82,1882,9
2020-12-02,Trinity,105,12862,312,165,38,203,0
2020-12-02,Tulare,107,460477,23968,21789,1876,23665,321
2020-12-02,Tuolumne,109,53932,1310,1076,7,1083,7
2020-12-02,Ventura,111,848112,24076,21208,755,21963,186
2020-12-02,Yolo,113,214977,5713,5053,19,5072,87
2020-12-02,Yuba,115,75493,2439,2119,17,2136,10
2020-12-01,Alameda,001,1643700,33790,30252,428,30680,460
2020-12-01,Alpine,003,1148,56,41,0,41,0
2020-12-01,Amador,005,37829,913,575,2,577,16
2020-12-01,Butte,007,227075,4651,4177,262,4439,65
2020-12-01,Calaveras,009,45235,602,544,0,544,21
2020-12-01,Colusa,011,21464,885,747,16,763,6
2020-12-01,Contra Costa,013,1133247,27030,24788,189,24977,264
2020-12-01,Del Norte,015,27424,423,357,0,357,2
2020-12-01,El Dorado,017,186661,3385,2542,49,2591,4
2020-12-01,Fresno,019,978130,46080,39004,1797,40801,505
2020-12-01,Glenn,021,27897,1108,989,62,1051,7
2020-12-01,Humboldt,023,135768,1083,886,4,890,9
2020-12-01,Imperial,025,180216,17292,16278,157,16435,356
2020-12-01,Inyo,027,18085,347,304,6,310,15
2020-12-01,Kern,029,883053,44740,41345,1756,43101,478
2020-12-01,Kings,031,150075,12265,11415,241,11656,86
2020-12-01,Lake,033,64148,1141,969,0,969,19
2020-12-01,Lassen,035,31185,2529,2047,8,2055,0
2020-12-01,Los Angeles,037,10098052,442107,403266,7516,410782,7704
2020-12-01,Madera,039,155013,7171,6270,193,6463,57
2020-12-01,Marin,041,260295,8074,7787,37,7824,136
2020-12-01,Mariposa,043,17540,158,128,2,130,2
2020-12-01,Mendocino,045,87422,1675,1497,10,1507,23
2020-12-01,Merced,047,269075,13029,12032,145,12177,172
2020-12-01,Modoc,049,8938,143,113,24,137,0
2020-12-01,Mono,051,14174,604,520,10,530,3
2020-12-01,Monterey,053,433212,17241,15835,307,16142,121
2020-12-01,Napa,055,140530,3738,3124,19,3143,19
2020-12-01,Nevada,057,99092,1749,1411,45,1456,9
2020-12-01,Orange,059,3164182,90064,79468,2778,82246,1567
2020-12-01,Placer,061,380077,8725,6794,192,6986,72
2020-12-01,Plumas,063,18699,259,201,0,201,0
2020-12-01,Riverside,065,2383286,104538,88530,2564,91094,1448
2020-12-01,Sacramento,067,1510023,42665,38966,171,39137,589
2020-12-01,San Benito,069,59416,2120,1888,15,1903,15
2020-12-01,San Bernardino,071,2135413,111949,95854,2175,98029,1220
2020-12-01,San Diego,073,3302833,92901,83423,3637,87060,1019
2020-12-01,San Francisco,075,870044,16955,15797,126,15923,157
2020-12-01,San Joaquin,077,732212,29431,26432,610,27042,514
2020-12-01,San Luis Obispo,079,281455,7076,6264,119,6383,40
2020-12-01,San Mateo,081,765935,16216,14495,18,14513,170
2020-12-01,Santa Barbara,083,443738,12402,11611,227,11838,140
2020-12-01,Santa Clara,085,1922200,41409,35397,113,35510,452
2020-12-01,Santa Cruz,087,273765,5385,4638,74,4712,27
2020-12-01,Shasta,089,179085,6108,5077,286,5363,47
2020-12-01,Sierra,091,2930,19,17,0,17,0
2020-12-01,Siskiyou,093,43540,740,608,47,655,1
2020-12-01,Solano,095,438530,11698,10604,88,10692,87
2020-12-01,Sonoma,097,501317,13588,12491,80,12571,163
2020-12-01,Stanislaus,099,539301,24165,22351,1631,23982,447
2020-12-01,Sutter,101,95872,4135,3538,14,3552,17
2020-12-01,Tehama,103,63373,1971,1773,72,1845,9
2020-12-01,Trinity,105,12862,298,165,32,197,0
2020-12-01,Tulare,107,460477,23513,21645,1807,23452,319
2020-12-01,Tuolumne,109,53932,1274,1052,5,1057,7
2020-12-01,Ventura,111,848112,23463,20604,733,21337,186
2020-12-01,Yolo,113,214977,5573,4928,19,4947,86
2020-12-01,Yuba,115,75493,2373,2088,16,2104,10
2020-11-30,Alameda,001,1643700,32972,29972,411,30383,457
2020-11-30,Alpine,003,1148,54,41,0,41,0
2020-11-30,Amador,005,37829,872,559,2,561,16
2020-11-30,Butte,007,227075,4533,4148,246,4394,65
2020-11-30,Calaveras,009,45235,580,478,0,478,21
2020-11-30,Colusa,011,21464,858,737,12,749,6
2020-11-30,Contra Costa,013,1133247,26448,24365,185,24550,264
2020-11-30,Del Norte,015,27424,400,339,0,339,2
2020-11-30,El Dorado,017,186661,3211,2488,44,2532,4
2020-11-30,Fresno,019,978130,44969,38712,1683,40395,500
2020-11-30,Glenn,021,27897,1085,954,57,1011,5
2020-11-30,Humboldt,023,135768,1036,870,4,874,9
2020-11-30,Imperial,025,180216,17037,16212,136,16348,356
2020-11-30,Inyo,027,18085,342,304,5,309,15
2020-11-30,Kern,029,883053,43978,40941,1620,42561,473
2020-11-30,Kings,031,150075,12117,11346,226,11572,85
2020-11-30,Lake,033,64148,1109,939,0,939,18
2020-11-30,Lassen,035,31185,2437,1793,8,1801,0
2020-11-30,Los Angeles,037,10098052,431439,396202,7185,403387,7658
2020-11-30,Madera,039,155013,7005,6210,179,6389,57
2020-11-30,Marin,041,260295,8031,7764,36,7800,136
2020-11-30,Mariposa,043,17540,151,123,2,125,2
2020-11-30,Mendocino,045,87422,1647,1482,10,1492,23
2020-11-30,Merced,047,269075,12754,11913,134,12047,172
2020-11-30,Modoc,049,8938,133,113,24,137,0
2020-11-30,Mono,051,14174,582,519,10,529,3
2020-11-30,Monterey,053,433212,16811,15837,299,16136,119
2020-11-30,Napa,055,140530,3638,3091,19,3110,18
2020-11-30,Nevada,057,99092,1663,1347,42,1389,9
2020-11-30,Orange,059,3164182,87954,78711,2681,81392,1568
2020-11-30,Placer,061,380077,8429,6575,179,6754,72
2020-11-30,Plumas,063,18699,248,192,0,192,0
2020-11-30,Riverside,065,2383286,101544,87722,2417,90139,1446
2020-11-30,Sacramento,067,1510023,41585,37834,162,37996,586
2020-11-30,San Benito,069,59416,2073,1875,14,1889,15
2020-11-30,San Bernardino,071,2135413,108216,92704,2063,94767,1220
2020-11-30,San Diego,073,3302833,90538,82045,3510,85555,997
2020-11-30,San Francisco,075,870044,16655,15638,123,15761,157
2020-11-30,San Joaquin,077,732212,28723,25742,584,26326,509
2020-11-30,San Luis Obispo,079,281455,6942,6224,117,6341,36
2020-11-30,San Mateo,081,765935,15857,14276,18,14294,170
2020-11-30,Santa Barbara,083,443738,12224,11572,219,11791,140
2020-11-30,Santa Clara,085,1922200,40202,35019,112,35131,451
2020-11-30,Santa Cruz,087,273765,5247,4558,70,4628,26
2020-11-30,Shasta,089,179085,5963,4933,257,5190,44
2020-11-30,Sierra,091,2930,19,16,0,16,0
2020-11-30,Siskiyou,093,43540,731,605,43,648,1
2020-11-30,Solano,095,438530,11436,10392,83,10475,87
2020-11-30,Sonoma,097,501317,13343,12232,76,12308,163
2020-11-30,Stanislaus,099,539301,23703,22110,1587,23697,446
2020-11-30,Sutter,101,95872,3978,3430,13,3443,16
2020-11-30,Tehama,103,63373,1922,1724,65,1789,9
2020-11-30,Trinity,105,12862,292,162,32,194,0
2020-11-30,Tulare,107,460477,23127,20833,1713,22546,319
2020-11-30,Tuolumne,109,53932,1230,1027,5,1032,7
2020-11-30,Ventura,111,848112,22707,20308,717,21025,180
2020-11-30,Yolo,113,214977,5462,4894,19,4913,81
2020-11-30,Yuba,115,75493,2312,2028,14,2042,10
2020-11-29,Alameda,001,1643700,32187,29918,387,30305,457
2020-11-29,Alpine,003,1148,51,41,0,41,0
2020-11-29,Amador,005,37829,721,548,2,550,16
2020-11-29,Butte,007,227075,4431,4008,229,4237,65
2020-11-29,Calaveras,009,45235,548,478,0,478,21
2020-11-29,Colusa,011,21464,829,723,8,731,6
2020-11-29,Contra Costa,013,1133247,25946,24165,179,24344,264
2020-11-29,Del Norte,015,27424,394,339,0,339,2
2020-11-29,El Dorado,017,186661,3080,2447,43,2490,4
2020-11-29,Fresno,019,978130,44017,38568,1611,40179,500
2020-11-29,Glenn,021,27897,1062,951,55,1006,4
2020-11-29,Humboldt,023,135768,1007,856,4,860,9
2020-11-29,Imperial,025,180216,16808,16138,109,16247,356
2020-11-29,Inyo,027,18085,327,289,5,294,15
2020-11-29,Kern,029,883053,43214,40596,1472,42068,473
2020-11-29,Kings,031,150075,11966,11247,208,11455,85
2020-11-29,Lake,033,64148,1085,927,0,927,18
2020-11-29,Lassen,035,31185,2334,1793,8,1801,0
2020-11-29,Los Angeles,037,10098052,421036,391162,6886,398048,7642
2020-11-29,Madera,039,155013,6862,6184,173,6357,57
2020-11-29,Marin,041,260295,7965,7739,33,7772,135
2020-11-29,Mariposa,043,17540,147,123,2,125,2
2020-11-29,Mendocino,045,87422,1613,1473,10,1483,23
2020-11-29,Merced,047,269075,12515,11773,125,11898,172
2020-11-29,Modoc,049,8938,129,105,22,127,0
2020-11-29,Mono,051,14174,559,515,9,524,3
2020-11-29,Monterey,053,433212,16498,15621,292,15913,119
2020-11-29,Napa,055,140530,3533,3090,18,3108,18
2020-11-29,Nevada,057,99092,1583,1311,40,1351,9
2020-11-29,Orange,059,3164182,85934,78057,2634,80691,1567
2020-11-29,Placer,061,380077,8131,6535,167,6702,72
2020-11-29,Plumas,063,18699,243,191,0,191,0
2020-11-29,Riverside,065,2383286,99150,87383,2263,89646,1442
2020-11-29,Sacramento,067,1510023,40508,37415,153,37568,585
2020-11-29,San Benito,069,59416,2029,1860,14,1874,15
2020-11-29,San Bernardino,071,2135413,104863,92052,1947,93999,1223
2020-11-29,San Diego,073,3302833,88127,81086,3357,84443,997
2020-11-29,San Francisco,075,870044,16374,15571,116,15687,153
2020-11-29,San Joaquin,077,732212,27980,25740,578,26318,509
2020-11-29,San Luis Obispo,079,281455,6819,6145,117,6262,36
2020-11-29,San Mateo,081,765935,15524,14177,18,14195,169
2020-11-29,Santa Barbara,083,443738,12069,11520,215,11735,140
2020-11-29,Santa Clara,085,1922200,38997,34234,106,34340,451
2020-11-29,Santa Cruz,087,273765,5088,4490,68,4558,26
2020-11-29,Shasta,089,179085,5791,4935,229,5164,43
2020-11-29,Sierra,091,2930,19,16,0,16,0
2020-11-29,Siskiyou,093,43540,708,590,41,631,1
2020-11-29,Solano,095,438530,11204,10393,79,10472,87
2020-11-29,Sonoma,097,501317,13091,12052,72,12124,163
2020-11-29,Stanislaus,099,539301,23207,21701,1553,23254,446
2020-11-29,Sutter,101,95872,3863,3297,13,3310,16
2020-11-29,Tehama,103,63373,1873,1710,49,1759,9
2020-11-29,Trinity,105,12862,289,159,30,189,0
2020-11-29,Tulare,107,460477,22758,20793,1636,22429,319
2020-11-29,Tuolumne,109,53932,1193,988,5,993,7
2020-11-29,Ventura,111,848112,22023,19952,704,20656,179
2020-11-29,Yolo,113,214977,5324,4830,18,4848,80
2020-11-29,Yuba,115,75493,2256,1959,14,1973,10
2020-11-28,Alameda,001,1643700,31877,29368,382,29750,456
2020-11-28,Alpine,003,1148,51,41,0,41,0
2020-11-28,Amador,005,37829,644,536,2,538,16
2020-11-28,Butte,007,227075,4373,3894,225,4119,65
2020-11-28,Calaveras,009,45235,544,478,0,478,21
2020-11-28,Colusa,011,21464,820,711,6,717,6
2020-11-28,Contra Costa,013,1133247,25613,23798,175,23973,264
2020-11-28,Del Norte,015,27424,384,328,0,328,2
2020-11-28,El Dorado,017,186661,3012,2415,37,2452,4
2020-11-28,Fresno,019,978130,43670,38288,1572,39860,500
2020-11-28,Glenn,021,27897,1051,925,51,976,4
2020-11-28,Humboldt,023,135768,972,844,4,848,9
2020-11-28,Imperial,025,180216,16743,16019,107,16126,356
2020-11-28,Inyo,027,18085,319,289,5,294,15
2020-11-28,Kern,029,883053,42851,40255,1384,41639,473
2020-11-28,Kings,031,150075,11901,11070,201,11271,85
2020-11-28,Lake,033,64148,1070,920,0,920,18
2020-11-28,Lassen,035,31185,2267,1714,8,1722,0
2020-11-28,Los Angeles,037,10098052,416120,386194,6728,392922,7625
2020-11-28,Madera,039,155013,6760,6119,166,6285,57
2020-11-28,Marin,041,260295,7935,7696,29,7725,135
2020-11-28,Mariposa,043,17540,144,120,2,122,2
2020-11-28,Mendocino,045,87422,1582,1458,10,1468,22
2020-11-28,Merced,047,269075,12417,11688,119,11807,172
2020-11-28,Modoc,049,8938,126,103,22,125,0
2020-11-28,Mono,051,14174,553,505,9,514,3
2020-11-28,Monterey,053,433212,16332,15328,288,15616,118
2020-11-28,Napa,055,140530,3481,3033,18,3051,18
2020-11-28,Nevada,057,99092,1555,1272,38,1310,9
2020-11-28,Orange,059,3164182,84837,76882,2587,79469,1568
2020-11-28,Placer,061,380077,7970,6497,164,6661,70
2020-11-28,Plumas,063,18699,236,188,0,188,0
2020-11-28,Riverside,065,2383286,97740,86854,2160,89014,1440
2020-11-28,Sacramento,067,1510023,39930,36905,149,37054,580
2020-11-28,San Benito,069,59416,1982,1835,14,1849,15
2020-11-28,San Bernardino,071,2135413,103461,91183,1845,93028,1224
2020-11-28,San Diego,073,3302833,86873,80020,3273,83293,997
2020-11-28,San Francisco,075,870044,16198,15450,108,15558,153
2020-11-28,San Joaquin,077,732212,27780,25742,563,26305,509
2020-11-28,San Luis Obispo,079,281455,6749,6106,113,6219,36
2020-11-28,San Mateo,081,765935,15333,14040,18,14058,169
2020-11-28,Santa Barbara,083,443738,11967,11481,210,11691,140
2020-11-28,Santa Clara,085,1922200,38254,33701,104,33805,449
2020-11-28,Santa Cruz,087,273765,5011,4426,68,4494,26
2020-11-28,Shasta,089,179085,5714,4882,222,5104,43
2020-11-28,Sierra,091,2930,19,16,0,16,0
2020-11-28,Siskiyou,093,43540,698,558,38,596,1
2020-11-28,Solano,095,438530,11085,10252,77,10329,87
2020-11-28,Sonoma,097,501317,12987,12008,63,12071,162
2020-11-28,Stanislaus,099,539301,22968,21574,1518,23092,446
2020-11-28,Sutter,101,95872,3779,3244,13,3257,15
2020-11-28,Tehama,103,63373,1854,1678,44,1722,9
2020-11-28,Trinity,105,12862,286,157,28,185,0
2020-11-28,Tulare,107,460477,22561,20701,1594,22295,319
2020-11-28,Tuolumne,109,53932,1171,976,5,981,7
2020-11-28,Ventura,111,848112,21725,19510,694,20204,179
2020-11-28,Yolo,113,214977,5250,4739,16,4755,80
2020-11-28,Yuba,115,75493,2203,1912,14,1926,10
2020-11-27,Alameda,001,1643700,31438,29064,371,29435,450
2020-11-27,Alpine,003,1148,51,41,0,41,0
2020-11-27,Amador,005,37829,597,498,1,499,16
2020-11-27,Butte,007,227075,4332,3894,219,4113,65
2020-11-27,Calaveras,009,45235,535,478,0,478,21
2020-11-27,Colusa,011,21464,803,694,4,698,6
2020-11-27,Contra Costa,013,1133247,25353,23463,169,23632,264
2020-11-27,Del Norte,015,27424,378,307,0,307,2
2020-11-27,El Dorado,017,186661,2941,2238,34,2272,4
2020-11-27,Fresno,019,978130,43264,37994,1514,39508,500
2020-11-27,Glenn,021,27897,1038,891,46,937,4
2020-11-27,Humboldt,023,135768,953,795,3,798,9
2020-11-27,Imperial,025,180216,16675,15960,98,16058,356
2020-11-27,Inyo,027,18085,313,289,5,294,15
2020-11-27,Kern,029,883053,42427,39707,1314,41021,473
2020-11-27,Kings,031,150075,11815,10667,183,10850,85
2020-11-27,Lake,033,64148,1034,909,0,909,18
2020-11-27,Lassen,035,31185,2255,1714,8,1722,0
2020-11-27,Los Angeles,037,10098052,409613,382740,6573,389313,7606
2020-11-27,Madera,039,155013,6688,6050,160,6210,57
2020-11-27,Marin,041,260295,7892,7660,29,7689,135
2020-11-27,Mariposa,043,17540,142,118,2,120,2
2020-11-27,Mendocino,045,87422,1568,1387,9,1396,22
2020-11-27,Merced,047,269075,12311,11550,112,11662,172
2020-11-27,Modoc,049,8938,125,100,22,122,0
2020-11-27,Mono,051,14174,549,498,9,507,3
2020-11-27,Monterey,053,433212,16163,14753,288,15041,113
2020-11-27,Napa,055,140530,3441,2988,18,3006,18
2020-11-27,Nevada,057,99092,1525,1184,36,1220,9
2020-11-27,Orange,059,3164182,83548,75151,2548,77699,1568
2020-11-27,Placer,061,380077,7809,6283,154,6437,68
2020-11-27,Plumas,063,18699,233,188,0,188,0
2020-11-27,Riverside,065,2383286,96129,85769,2007,87776,1440
2020-11-27,Sacramento,067,1510023,39308,36579,145,36724,579
2020-11-27,San Benito,069,59416,1948,1805,13,1818,15
2020-11-27,San Bernardino,071,2135413,101948,90254,1763,92017,1224
2020-11-27,San Diego,073,3302833,85679,78161,3184,81345,996
2020-11-27,San Francisco,075,870044,16042,15377,106,15483,153
2020-11-27,San Joaquin,077,732212,27559,25741,543,26284,509
2020-11-27,San Luis Obispo,079,281455,6666,6039,110,6149,36
2020-11-27,San Mateo,081,765935,15130,13872,17,13889,169
2020-11-27,Santa Barbara,083,443738,11874,11340,207,11547,140
2020-11-27,Santa Clara,085,1922200,37578,32935,97,33032,449
2020-11-27,Santa Cruz,087,273765,4940,4358,66,4424,26
2020-11-27,Shasta,089,179085,5637,4710,209,4919,43
2020-11-27,Sierra,091,2930,18,16,0,16,0
2020-11-27,Siskiyou,093,43540,683,554,35,589,1
2020-11-27,Solano,095,438530,10966,10044,74,10118,87
2020-11-27,Sonoma,097,501317,12854,11924,61,11985,162
2020-11-27,Stanislaus,099,539301,22740,21185,1488,22673,446
2020-11-27,Sutter,101,95872,3712,3101,13,3114,15
2020-11-27,Tehama,103,63373,1825,1649,40,1689,9
2020-11-27,Trinity,105,12862,282,151,28,179,0
2020-11-27,Tulare,107,460477,22373,20634,1537,22171,319
2020-11-27,Tuolumne,109,53932,1139,881,5,886,7
2020-11-27,Ventura,111,848112,21401,19379,672,20051,179
2020-11-27,Yolo,113,214977,5201,4737,16,4753,79
2020-11-27,Yuba,115,75493,2174,1864,13,1877,10
2020-11-26,Alameda,001,1643700,31027,28797,353,29150,447
2020-11-26,Alpine,003,1148,51,41,0,41,0
2020-11-26,Amador,005,37829,589,488,1,489,16
2020-11-26,Butte,007,227075,4269,3894,213,4107,65
2020-11-26,Calaveras,009,45235,507,478,0,478,21
2020-11-26,Colusa,011,21464,789,694,4,698,6
2020-11-26,Contra Costa,013,1133247,25019,23468,163,23631,264
2020-11-26,Del Norte,015,27424,367,307,0,307,2
2020-11-26,El Dorado,017,186661,2860,2217,32,2249,4
2020-11-26,Fresno,019,978130,42858,37724,1469,39193,500
2020-11-26,Glenn,021,27897,1022,892,44,936,4
2020-11-26,Humboldt,023,135768,930,795,2,797,9
2020-11-26,Imperial,025,180216,16565,15722,94,15816,355
2020-11-26,Inyo,027,18085,312,289,5,294,15
2020-11-26,Kern,029,883053,41977,39123,1252,40375,471
2020-11-26,Kings,031,150075,11760,10475,171,10646,85
2020-11-26,Lake,033,64148,1021,890,0,890,18
2020-11-26,Lassen,035,31185,2240,1714,8,1722,0
2020-11-26,Los Angeles,037,10098052,404458,378340,6337,384677,7581
2020-11-26,Madera,039,155013,6613,6003,154,6157,57
2020-11-26,Marin,041,260295,7855,7610,29,7639,135
2020-11-26,Mariposa,043,17540,137,116,2,118,2
2020-11-26,Mendocino,045,87422,1554,1387,7,1394,22
2020-11-26,Merced,047,269075,12164,11440,110,11550,172
2020-11-26,Modoc,049,8938,123,100,22,122,0
2020-11-26,Mono,051,14174,541,485,9,494,2
2020-11-26,Monterey,053,433212,15927,14750,280,15030,113
2020-11-26,Napa,055,140530,3377,2988,18,3006,18
2020-11-26,Nevada,057,99092,1480,1184,36,1220,9
2020-11-26,Orange,059,3164182,82160,74264,2486,76750,1563
2020-11-26,Placer,061,380077,7647,6278,145,6423,68
2020-11-26,Plumas,063,18699,225,188,0,188,0
2020-11-26,Riverside,065,2383286,94525,85774,1883,87657,1440
2020-11-26,Sacramento,067,1510023,38666,35854,137,35991,580
2020-11-26,San Benito,069,59416,1921,1769,13,1782,15
2020-11-26,San Bernardino,071,2135413,100293,89727,1671,91398,1223
2020-11-26,San Diego,073,3302833,84069,76359,3080,79439,996
2020-11-26,San Francisco,075,870044,15905,15156,103,15259,153
2020-11-26,San Joaquin,077,732212,27303,25738,531,26269,509
2020-11-26,San Luis Obispo,079,281455,6573,5964,107,6071,36
2020-11-26,San Mateo,081,765935,14941,13715,16,13731,169
2020-11-26,Santa Barbara,083,443738,11793,11277,206,11483,139
2020-11-26,Santa Clara,085,1922200,36935,32411,89,32500,446
2020-11-26,Santa Cruz,087,273765,4809,4269,60,4329,26
2020-11-26,Shasta,089,179085,5554,4712,198,4910,43
2020-11-26,Sierra,091,2930,18,15,0,15,0
2020-11-26,Siskiyou,093,43540,673,526,34,560,1
2020-11-26,Solano,095,438530,10823,9941,72,10013,87
2020-11-26,Sonoma,097,501317,12706,11922,59,11981,162
2020-11-26,Stanislaus,099,539301,22507,21186,1447,22633,445
2020-11-26,Sutter,101,95872,3618,3101,12,3113,15
2020-11-26,Tehama,103,63373,1783,1612,37,1649,9
2020-11-26,Trinity,105,12862,278,139,28,167,0
2020-11-26,Tulare,107,460477,22134,20649,1473,22122,319
2020-11-26,Tuolumne,109,53932,1111,871,5,876,7
2020-11-26,Ventura,111,848112,20905,19058,658,19716,179
2020-11-26,Yolo,113,214977,5114,4566,16,4582,76
2020-11-26,Yuba,115,75493,2114,1865,11,1876,10
2020-11-25,Alameda,001,1643700,30812,28378,345,28723,447
2020-11-25,Alpine,003,1148,51,41,0,41,0
2020-11-25,Amador,005,37829,579,484,1,485,16
2020-11-25,Butte,007,227075,4238,3848,210,4058,64
2020-11-25,Calaveras,009,45235,504,475,0,475,21
2020-11-25,Colusa,011,21464,772,693,4,697,6
2020-11-25,Contra Costa,013,1133247,24864,23307,162,23469,263
2020-11-25,Del Norte,015,27424,366,304,0,304,2
2020-11-25,El Dorado,017,186661,2824,2154,32,2186,4
2020-11-25,Fresno,019,978130,42625,37349,1447,38796,494
2020-11-25,Glenn,021,27897,1005,891,42,933,4
2020-11-25,Humboldt,023,135768,922,777,2,779,9
2020-11-25,Imperial,025,180216,16495,15640,92,15732,355
2020-11-25,Inyo,027,18085,310,289,5,294,15
2020-11-25,Kern,029,883053,41821,38878,1233,40111,467
2020-11-25,Kings,031,150075,11725,10417,167,10584,85
2020-11-25,Lake,033,64148,1004,878,0,878,18
2020-11-25,Lassen,035,31185,2197,1701,8,1709,0
2020-11-25,Los Angeles,037,10098052,401428,373919,6234,380153,7545
2020-11-25,Madera,039,155013,6591,5989,151,6140,57
2020-11-25,Marin,041,260295,7828,7601,28,7629,135
2020-11-25,Mariposa,043,17540,136,114,2,116,2
2020-11-25,Mendocino,045,87422,1535,1373,7,1380,22
2020-11-25,Merced,047,269075,12106,11346,110,11456,172
2020-11-25,Modoc,049,8938,123,96,22,118,0
2020-11-25,Mono,051,14174,536,487,9,496,2
2020-11-25,Monterey,053,433212,15810,14695,278,14973,113
2020-11-25,Napa,055,140530,3344,2945,18,2963,17
2020-11-25,Nevada,057,99092,1462,1170,34,1204,9
2020-11-25,Orange,059,3164182,81406,73014,2466,75480,1551
2020-11-25,Placer,061,380077,7570,6221,144,6365,68
2020-11-25,Plumas,063,18699,220,183,0,183,0
2020-11-25,Riverside,065,2383286,93981,85077,1865,86942,1438
2020-11-25,Sacramento,067,1510023,38330,35687,134,35821,574
2020-11-25,San Benito,069,59416,1898,1764,13,1777,15
2020-11-25,San Bernardino,071,2135413,99453,88469,1642,90111,1225
2020-11-25,San Diego,073,3302833,83412,75307,3044,78351,988
2020-11-25,San Francisco,075,870044,15800,15053,101,15154,153
2020-11-25,San Joaquin,077,732212,27176,25556,519,26075,515
2020-11-25,San Luis Obispo,079,281455,6530,5913,106,6019,34
2020-11-25,San Mateo,081,765935,14826,13614,16,13630,170
2020-11-25,Santa Barbara,083,443738,11743,11183,206,11389,138
2020-11-25,Santa Clara,085,1922200,36489,32032,88,32120,442
2020-11-25,Santa Cruz,087,273765,4757,4202,59,4261,25
2020-11-25,Shasta,089,179085,5508,4588,191,4779,43
2020-11-25,Sierra,091,2930,18,15,0,15,0
2020-11-25,Siskiyou,093,43540,666,499,34,533,1
2020-11-25,Solano,095,438530,10718,9832,71,9903,87
2020-11-25,Sonoma,097,501317,12643,11775,58,11833,162
2020-11-25,Stanislaus,099,539301,22376,21022,1420,22442,445
2020-11-25,Sutter,101,95872,3574,3064,12,3076,14
2020-11-25,Tehama,103,63373,1771,1587,32,1619,9
2020-11-25,Trinity,105,12862,276,135,28,163,0
2020-11-25,Tulare,107,460477,22044,20528,1442,21970,318
2020-11-25,Tuolumne,109,53932,1094,842,5,847,7
2020-11-25,Ventura,111,848112,20810,18914,652,19566,179
2020-11-25,Yolo,113,214977,5078,4527,16,4543,76
2020-11-25,Yuba,115,75493,2088,1840,11,1851,10
2020-11-24,Alameda,001,1643700,30333,28030,334,28364,444
2020-11-24,Alpine,003,1148,51,41,0,41,0
2020-11-24,Amador,005,37829,554,470,1,471,16
2020-11-24,Butte,007,227075,4153,3798,202,4000,63
2020-11-24,Calaveras,009,45235,497,466,0,466,21
2020-11-24,Colusa,011,21464,754,682,4,686,6
2020-11-24,Contra Costa,013,1133247,24512,23072,156,23228,259
2020-11-24,Del Norte,015,27424,357,298,0,298,2
2020-11-24,El Dorado,017,186661,2719,2005,31,2036,4
2020-11-24,Fresno,019,978130,42222,37021,1371,38392,493
2020-11-24,Glenn,021,27897,987,883,38,921,4
2020-11-24,Humboldt,023,135768,903,774,2,776,9
2020-11-24,Imperial,025,180216,16392,15600,87,15687,355
2020-11-24,Inyo,027,18085,309,282,5,287,15
2020-11-24,Kern,029,883053,41347,38551,1155,39706,465
2020-11-24,Kings,031,150075,11458,10338,154,10492,85
2020-11-24,Lake,033,64148,988,872,0,872,18
2020-11-24,Lassen,035,31185,2174,1657,8,1665,0
2020-11-24,Los Angeles,037,10098052,395119,370008,5997,376005,7501
2020-11-24,Madera,039,155013,6506,5881,145,6026,57
2020-11-24,Marin,041,260295,7781,7591,28,7619,135
2020-11-24,Mariposa,043,17540,126,114,1,115,2
2020-11-24,Mendocino,045,87422,1513,1346,6,1352,22
2020-11-24,Merced,047,269075,11918,11268,104,11372,171
2020-11-24,Modoc,049,8938,119,91,22,113,0
2020-11-24,Mono,051,14174,532,483,9,492,2
2020-11-24,Monterey,053,433212,15548,14354,266,14620,113
2020-11-24,Napa,055,140530,3278,2904,18,2922,17
2020-11-24,Nevada,057,99092,1398,1156,32,1188,9
2020-11-24,Orange,059,3164182,79963,71975,2385,74360,1547
2020-11-24,Placer,061,380077,7389,6147,137,6284,67
2020-11-24,Plumas,063,18699,217,180,0,180,0
2020-11-24,Riverside,065,2383286,92222,83685,1736,85421,1420
2020-11-24,Sacramento,067,1510023,37649,35097,127,35224,568
2020-11-24,San Benito,069,59416,1867,1740,12,1752,15
2020-11-24,San Bernardino,071,2135413,97112,86645,1540,88185,1226
2020-11-24,San Diego,073,3302833,82002,74363,2973,77336,984
2020-11-24,San Francisco,075,870044,15605,14874,97,14971,153
2020-11-24,San Joaquin,077,732212,26860,25318,491,25809,517
2020-11-24,San Luis Obispo,079,281455,6467,5805,105,5910,34
2020-11-24,San Mateo,081,765935,14617,13558,15,13573,170
2020-11-24,Santa Barbara,083,443738,11637,11154,204,11358,138
2020-11-24,Santa Clara,085,1922200,35698,31564,84,31648,438
2020-11-24,Santa Cruz,087,273765,4644,4132,58,4190,25
2020-11-24,Shasta,089,179085,5408,4410,172,4582,43
2020-11-24,Sierra,091,2930,18,15,0,15,0
2020-11-24,Siskiyou,093,43540,648,473,31,504,1
2020-11-24,Solano,095,438530,10547,9716,70,9786,86
2020-11-24,Sonoma,097,501317,12463,11644,55,11699,162
2020-11-24,Stanislaus,099,539301,22134,20830,1377,22207,438
2020-11-24,Sutter,101,95872,3468,2974,12,2986,14
2020-11-24,Tehama,103,63373,1722,1565,27,1592,9
2020-11-24,Trinity,105,12862,269,129,27,156,0
2020-11-24,Tulare,107,460477,21795,20319,1378,21697,315
2020-11-24,Tuolumne,109,53932,1065,832,5,837,7
2020-11-24,Ventura,111,848112,20428,18637,642,19279,179
2020-11-24,Yolo,113,214977,4994,4420,16,4436,76
2020-11-24,Yuba,115,75493,2037,1804,9,1813,10
2020-11-23,Alameda,001,1643700,29917,27718,322,28040,444
2020-11-23,Alpine,003,1148,49,41,0,41,0
2020-11-23,Amador,005,37829,513,457,1,458,16
2020-11-23,Butte,007,227075,4089,3765,196,3961,61
2020-11-23,Calaveras,009,45235,480,434,0,434,21
2020-11-23,Colusa,011,21464,740,662,4,666,6
2020-11-23,Contra Costa,013,1133247,24240,22674,151,22825,260
2020-11-23,Del Norte,015,27424,335,296,0,296,2
2020-11-23,El Dorado,017,186661,2599,2005,30,2035,4
2020-11-23,Fresno,019,978130,41773,36688,1309,37997,488
2020-11-23,Glenn,021,27897,961,853,38,891,4
2020-11-23,Humboldt,023,135768,890,746,2,748,9
2020-11-23,Imperial,025,180216,16222,15104,82,15186,355
2020-11-23,Inyo,027,18085,301,279,5,284,15
2020-11-23,Kern,029,883053,40834,38245,1092,39337,463
2020-11-23,Kings,031,150075,11038,10204,147,10351,85
2020-11-23,Lake,033,64148,965,840,0,840,18
2020-11-23,Lassen,035,31185,2094,1271,7,1278,0
2020-11-23,Los Angeles,037,10098052,389021,366374,5749,372123,7447
2020-11-23,Madera,039,155013,6380,5787,141,5928,56
2020-11-23,Marin,041,260295,7739,7543,28,7571,135
2020-11-23,Mariposa,043,17540,125,97,1,98,2
2020-11-23,Mendocino,045,87422,1483,1330,6,1336,22
2020-11-23,Merced,047,269075,11730,11148,101,11249,169
2020-11-23,Modoc,049,8938,105,91,21,112,0
2020-11-23,Mono,051,14174,519,480,9,489,2
2020-11-23,Monterey,053,433212,15269,14265,260,14525,112
2020-11-23,Napa,055,140530,3212,2811,17,2828,17
2020-11-23,Nevada,057,99092,1309,1087,32,1119,9
2020-11-23,Orange,059,3164182,78559,71074,2339,73413,1546
2020-11-23,Placer,061,380077,7187,5999,136,6135,66
2020-11-23,Plumas,063,18699,213,172,0,172,0
2020-11-23,Riverside,065,2383286,90443,82175,1671,83846,1415
2020-11-23,Sacramento,067,1510023,37079,34141,120,34261,556
2020-11-23,San Benito,069,59416,1839,1729,11,1740,15
2020-11-23,San Bernardino,071,2135413,95005,84387,1477,85864,1224
2020-11-23,San Diego,073,3302833,80540,72817,2885,75702,968
2020-11-23,San Francisco,075,870044,15447,14646,95,14741,153
2020-11-23,San Joaquin,077,732212,26511,24622,487,25109,517
2020-11-23,San Luis Obispo,079,281455,6385,5772,103,5875,34
2020-11-23,San Mateo,081,765935,14427,13364,15,13379,170
2020-11-23,Santa Barbara,083,443738,11530,10944,200,11144,137
2020-11-23,Santa Clara,085,1922200,35048,31064,81,31145,435
2020-11-23,Santa Cruz,087,273765,4534,4003,54,4057,25
2020-11-23,Shasta,089,179085,5290,4100,160,4260,43
2020-11-23,Sierra,091,2930,17,15,0,15,0
2020-11-23,Siskiyou,093,43540,621,460,30,490,0
2020-11-23,Solano,095,438530,10390,9394,67,9461,86
2020-11-23,Sonoma,097,501317,12290,11507,51,11558,160
2020-11-23,Stanislaus,099,539301,21841,20487,1344,21831,436
2020-11-23,Sutter,101,95872,3331,2840,11,2851,14
2020-11-23,Tehama,103,63373,1674,1526,24,1550,9
2020-11-23,Trinity,105,12862,260,120,25,145,0
2020-11-23,Tulare,107,460477,21501,19818,1312,21130,315
2020-11-23,Tuolumne,109,53932,1025,774,5,779,7
2020-11-23,Ventura,111,848112,20053,18480,629,19109,179
2020-11-23,Yolo,113,214977,4913,4265,15,4280,75
2020-11-23,Yuba,115,75493,1970,1702,9,1711,10
2020-11-22,Alameda,001,1643700,29480,27472,311,27783,444
2020-11-22,Alpine,003,1148,46,41,0,41,0
2020-11-22,Amador,005,37829,501,450,1,451,16
2020-11-22,Butte,007,227075,4038,3712,189,3901,61
2020-11-22,Calaveras,009,45235,468,434,0,434,21
2020-11-22,Colusa,011,21464,722,642,3,645,6
2020-11-22,Contra Costa,013,1133247,23935,22407,146,22553,260
2020-11-22,Del Norte,015,27424,311,271,0,271,2
2020-11-22,El Dorado,017,186661,2489,1917,27,1944,4
2020-11-22,Fresno,019,978130,41290,36315,1254,37569,488
2020-11-22,Glenn,021,27897,939,832,34,866,4
2020-11-22,Humboldt,023,135768,874,729,2,731,9
2020-11-22,Imperial,025,180216,16017,15109,37,15146,355
2020-11-22,Inyo,027,18085,295,279,5,284,15
2020-11-22,Kern,029,883053,40255,37904,1058,38962,463
2020-11-22,Kings,031,150075,10939,10035,138,10173,85
2020-11-22,Lake,033,64148,943,834,0,834,18
2020-11-22,Lassen,035,31185,1929,1211,6,1217,0
2020-11-22,Los Angeles,037,10098052,382743,360341,5500,365841,7438
2020-11-22,Madera,039,155013,6300,5745,130,5875,56
2020-11-22,Marin,041,260295,7704,7506,27,7533,135
2020-11-22,Mariposa,043,17540,124,95,1,96,2
2020-11-22,Mendocino,045,87422,1459,1285,5,1290,22
2020-11-22,Merced,047,269075,11581,10939,101,11040,169
2020-11-22,Modoc,049,8938,104,87,19,106,0
2020-11-22,Mono,051,14174,504,481,9,490,2
2020-11-22,Monterey,053,433212,15027,13887,253,14140,111
2020-11-22,Napa,055,140530,3131,2778,17,2795,17
2020-11-22,Nevada,057,99092,1251,1052,32,1084,9
2020-11-22,Orange,059,3164182,77146,69913,2300,72213,1546
2020-11-22,Placer,061,380077,6960,5880,126,6006,66
2020-11-22,Plumas,063,18699,200,172,0,172,0
2020-11-22,Riverside,065,2383286,88848,81565,1610,83175,1409
2020-11-22,Sacramento,067,1510023,36347,33421,107,33528,555
2020-11-22,San Benito,069,59416,1810,1704,11,1715,15
2020-11-22,San Bernardino,071,2135413,92661,83505,1407,84912,1224
2020-11-22,San Diego,073,3302833,78803,71649,2810,74459,968
2020-11-22,San Francisco,075,870044,15276,14515,94,14609,153
2020-11-22,San Joaquin,077,732212,26212,24619,475,25094,517
2020-11-22,San Luis Obispo,079,281455,6277,5664,102,5766,34
2020-11-22,San Mateo,081,765935,14221,13228,15,13243,170
2020-11-22,Santa Barbara,083,443738,11395,10946,195,11141,137
2020-11-22,Santa Clara,085,1922200,34370,30633,79,30712,434
2020-11-22,Santa Cruz,087,273765,4452,3896,47,3943,25
2020-11-22,Shasta,089,179085,5134,4100,142,4242,43
2020-11-22,Sierra,091,2930,17,13,0,13,0
2020-11-22,Siskiyou,093,43540,589,411,30,441,0
2020-11-22,Solano,095,438530,10219,9363,63,9426,86
2020-11-22,Sonoma,097,501317,12132,11415,49,11464,159
2020-11-22,Stanislaus,099,539301,21514,20223,1314,21537,436
2020-11-22,Sutter,101,95872,3214,2677,11,2688,13
2020-11-22,Tehama,103,63373,1640,1457,19,1476,9
2020-11-22,Trinity,105,12862,254,114,25,139,0
2020-11-22,Tulare,107,460477,21249,19818,1242,21060,314
2020-11-22,Tuolumne,109,53932,999,689,5,694,7
2020-11-22,Ventura,111,848112,19692,18105,615,18720,179
2020-11-22,Yolo,113,214977,4813,4206,15,4221,75
2020-11-22,Yuba,115,75493,1917,1672,9,1681,10
2020-11-21,Alameda,001,1643700,29293,27424,309,27733,444
2020-11-21,Alpine,003,1148,46,41,0,41,0
2020-11-21,Amador,005,37829,487,450,1,451,16
2020-11-21,Butte,007,227075,3990,3664,186,3850,61
2020-11-21,Calaveras,009,45235,462,434,0,434,21
2020-11-21,Colusa,011,21464,713,642,3,645,6
2020-11-21,Contra Costa,013,1133247,23782,22338,144,22482,260
2020-11-21,Del Norte,015,27424,306,271,0,271,2
2020-11-21,El Dorado,017,186661,2440,1900,26,1926,4
2020-11-21,Fresno,019,978130,41034,35973,1220,37193,482
2020-11-21,Glenn,021,27897,934,829,32,861,4
2020-11-21,Humboldt,023,135768,864,728,2,730,9
2020-11-21,Imperial,025,180216,15940,15053,37,15090,355
2020-11-21,Inyo,027,18085,293,283,5,288,15
2020-11-21,Kern,029,883053,39999,37403,1023,38426,463
2020-11-21,Kings,031,150075,10891,10019,134,10153,85
2020-11-21,Lake,033,64148,930,832,0,832,18
2020-11-21,Lassen,035,31185,1862,1211,6,1217,0
2020-11-21,Los Angeles,037,10098052,379563,357754,5355,363109,7428
2020-11-21,Madera,039,155013,6263,5706,130,5836,56
2020-11-21,Marin,041,260295,7681,7488,26,7514,134
2020-11-21,Mariposa,043,17540,124,92,1,93,2
2020-11-21,Mendocino,045,87422,1428,1282,5,1287,22
2020-11-21,Merced,047,269075,11520,10849,100,10949,169
2020-11-21,Modoc,049,8938,100,87,18,105,0
2020-11-21,Mono,051,14174,499,469,9,478,2
2020-11-21,Monterey,053,433212,14929,13886,248,14134,110
2020-11-21,Napa,055,140530,3097,2757,17,2774,17
2020-11-21,Nevada,057,99092,1239,1018,31,1049,9
2020-11-21,Orange,059,3164182,76344,69021,2269,71290,1543
2020-11-21,Placer,061,380077,6846,5778,123,5901,65
2020-11-21,Plumas,063,18699,195,172,0,172,0
2020-11-21,Riverside,065,2383286,88071,80676,1564,82240,1407
2020-11-21,Sacramento,067,1510023,35951,33133,99,33232,548
2020-11-21,San Benito,069,59416,1791,1691,11,1702,15
2020-11-21,San Bernardino,071,2135413,91785,83206,1331,84537,1222
2020-11-21,San Diego,073,3302833,78024,70711,2755,73466,966
2020-11-21,San Francisco,075,870044,15173,14445,93,14538,153
2020-11-21,San Joaquin,077,732212,26079,24620,460,25080,517
2020-11-21,San Luis Obispo,079,281455,6224,5618,99,5717,34
2020-11-21,San Mateo,081,765935,14120,13138,15,13153,170
2020-11-21,Santa Barbara,083,443738,11343,10922,192,11114,137
2020-11-21,Santa Clara,085,1922200,33986,30377,76,30453,433
2020-11-21,Santa Cruz,087,273765,4395,3898,47,3945,25
2020-11-21,Shasta,089,179085,5060,4095,139,4234,42
2020-11-21,Sierra,091,2930,17,13,0,13,0
2020-11-21,Siskiyou,093,43540,573,403,30,433,0
2020-11-21,Solano,095,438530,10129,9290,60,9350,86
2020-11-21,Sonoma,097,501317,12057,11394,47,11441,158
2020-11-21,Stanislaus,099,539301,21371,20111,1289,21400,435
2020-11-21,Sutter,101,95872,3154,2615,10,2625,13
2020-11-21,Tehama,103,63373,1620,1435,18,1453,9
2020-11-21,Trinity,105,12862,251,110,24,134,0
2020-11-21,Tulare,107,460477,21123,19752,1208,20960,313
2020-11-21,Tuolumne,109,53932,980,690,5,695,7
2020-11-21,Ventura,111,848112,19528,18040,605,18645,177
2020-11-21,Yolo,113,214977,4739,4147,14,4161,75
2020-11-21,Yuba,115,75493,1885,1643,9,1652,10
2020-11-20,Alameda,001,1643700,29077,27221,302,27523,444
2020-11-20,Alpine,003,1148,46,20,0,20,0
2020-11-20,Amador,005,37829,483,446,1,447,16
2020-11-20,Butte,007,227075,3958,3618,182,3800,60
2020-11-20,Calaveras,009,45235,450,424,0,424,21
2020-11-20,Colusa,011,21464,705,631,2,633,6
2020-11-20,Contra Costa,013,1133247,23596,22116,140,22256,260
2020-11-20,Del Norte,015,27424,302,264,0,264,2
2020-11-20,El Dorado,017,186661,2344,1868,24,1892,4
2020-11-20,Fresno,019,978130,40740,35635,1190,36825,480
2020-11-20,Glenn,021,27897,922,826,30,856,4
2020-11-20,Humboldt,023,135768,855,714,1,715,9
2020-11-20,Imperial,025,180216,15878,14864,33,14897,353
2020-11-20,Inyo,027,18085,291,262,5,267,15
2020-11-20,Kern,029,883053,39706,37143,998,38141,462
2020-11-20,Kings,031,150075,10843,9903,133,10036,85
2020-11-20,Lake,033,64148,921,820,0,820,18
2020-11-20,Lassen,035,31185,1777,1212,5,1217,0
2020-11-20,Los Angeles,037,10098052,375677,353554,5192,358746,7398
2020-11-20,Madera,039,155013,6170,5635,129,5764,54
2020-11-20,Marin,041,260295,7657,7467,25,7492,134
2020-11-20,Mariposa,043,17540,116,89,1,90,2
2020-11-20,Mendocino,045,87422,1408,1269,5,1274,22
2020-11-20,Merced,047,269075,11434,10729,100,10829,167
2020-11-20,Modoc,049,8938,100,83,18,101,0
2020-11-20,Mono,051,14174,497,469,9,478,2
2020-11-20,Monterey,053,433212,14804,13738,239,13977,110
2020-11-20,Napa,055,140530,3067,2718,17,2735,17
2020-11-20,Nevada,057,99092,1221,990,30,1020,9
2020-11-20,Orange,059,3164182,75507,68212,2231,70443,1532
2020-11-20,Placer,061,380077,6711,5687,108,5795,66
2020-11-20,Plumas,063,18699,193,163,0,163,0
2020-11-20,Riverside,065,2383286,87060,79613,1501,81114,1405
2020-11-20,Sacramento,067,1510023,35575,32832,92,32924,549
2020-11-20,San Benito,069,59416,1779,1668,11,1679,15
2020-11-20,San Bernardino,071,2135413,90418,81203,1250,82453,1220
2020-11-20,San Diego,073,3302833,77026,69233,2673,71906,960
2020-11-20,San Francisco,075,870044,15069,14327,92,14419,153
2020-11-20,San Joaquin,077,732212,25926,24460,447,24907,515
2020-11-20,San Luis Obispo,079,281455,6168,5524,96,5620,34
2020-11-20,San Mateo,081,765935,13987,12980,14,12994,169
2020-11-20,Santa Barbara,083,443738,11287,10825,186,11011,136
2020-11-20,Santa Clara,085,1922200,33564,30002,71,30073,431
2020-11-20,Santa Cruz,087,273765,4329,3815,47,3862,25
2020-11-20,Shasta,089,179085,4987,3861,134,3995,42
2020-11-20,Sierra,091,2930,17,12,0,12,0
2020-11-20,Siskiyou,093,43540,560,387,29,416,0
2020-11-20,Solano,095,438530,10037,9216,58,9274,85
2020-11-20,Sonoma,097,501317,11973,11316,46,11362,158
2020-11-20,Stanislaus,099,539301,21216,19889,1263,21152,433
2020-11-20,Sutter,101,95872,3104,2580,10,2590,13
2020-11-20,Tehama,103,63373,1604,1410,15,1425,9
2020-11-20,Trinity,105,12862,250,102,24,126,0
2020-11-20,Tulare,107,460477,20990,19568,1169,20737,311
2020-11-20,Tuolumne,109,53932,941,662,5,667,7
2020-11-20,Ventura,111,848112,19360,17741,577,18318,175
2020-11-20,Yolo,113,214977,4661,4081,13,4094,74
2020-11-20,Yuba,115,75493,1857,1611,9,1620,10
2020-11-19,Alameda,001,1643700,28732,26971,294,27265,441
2020-11-19,Alpine,003,1148,43,20,0,20,0
2020-11-19,Amador,005,37829,479,436,1,437,16
2020-11-19,Butte,007,227075,3909,3576,175,3751,60
2020-11-19,Calaveras,009,45235,440,417,0,417,21
2020-11-19,Colusa,011,21464,687,621,2,623,6
2020-11-19,Contra Costa,013,1133247,23324,21886,137,22023,259
2020-11-19,Del Norte,015,27424,294,251,0,251,2
2020-11-19,El Dorado,017,186661,2270,1825,20,1845,4
2020-11-19,Fresno,019,978130,40291,35278,1133,36411,478
2020-11-19,Glenn,021,27897,900,806,29,835,4
2020-11-19,Humboldt,023,135768,835,693,1,694,9
2020-11-19,Imperial,025,180216,15669,14507,33,14540,349
2020-11-19,Inyo,027,18085,289,262,5,267,15
2020-11-19,Kern,029,883053,39286,36779,956,37735,459
2020-11-19,Kings,031,150075,10695,9763,125,9888,85
2020-11-19,Lake,033,64148,907,809,0,809,18
2020-11-19,Lassen,035,31185,1660,1201,3,1204,0
2020-11-19,Los Angeles,037,10098052,370655,349493,5022,354515,7365
2020-11-19,Madera,039,155013,6098,5540,121,5661,54
2020-11-19,Marin,041,260295,7626,7451,25,7476,134
2020-11-19,Mariposa,043,17540,109,88,0,88,2
2020-11-19,Mendocino,045,87422,1387,1237,5,1242,23
2020-11-19,Merced,047,269075,11293,10634,94,10728,167
2020-11-19,Modoc,049,8938,97,82,18,100,0
2020-11-19,Mono,051,14174,489,468,9,477,2
2020-11-19,Monterey,053,433212,14589,13369,227,13596,108
2020-11-19,Napa,055,140530,3013,2641,17,2658,17
2020-11-19,Nevada,057,99092,1180,945,29,974,9
2020-11-19,Orange,059,3164182,74245,66998,2186,69184,1530
2020-11-19,Placer,061,380077,6520,5612,107,5719,65
2020-11-19,Plumas,063,18699,188,158,0,158,0
2020-11-19,Riverside,065,2383286,85575,78535,1430,79965,1402
2020-11-19,Sacramento,067,1510023,35061,32367,90,32457,546
2020-11-19,San Benito,069,59416,1756,1643,11,1654,15
2020-11-19,San Bernardino,071,2135413,88521,79244,1170,80414,1215
2020-11-19,San Diego,073,3302833,75776,68142,2569,70711,952
2020-11-19,San Francisco,075,870044,14912,14178,86,14264,153
2020-11-19,San Joaquin,077,732212,25606,24270,436,24706,516
2020-11-19,San Luis Obispo,079,281455,6091,5410,92,5502,34
2020-11-19,San Mateo,081,765935,13849,12714,14,12728,169
2020-11-19,Santa Barbara,083,443738,11207,10741,183,10924,136
2020-11-19,Santa Clara,085,1922200,33005,29630,70,29700,424
2020-11-19,Santa Cruz,087,273765,4239,3679,45,3724,25
2020-11-19,Shasta,089,179085,4849,3685,124,3809,42
2020-11-19,Sierra,091,2930,17,11,0,11,0
2020-11-19,Siskiyou,093,43540,535,360,28,388,0
2020-11-19,Solano,095,438530,9900,9093,54,9147,84
2020-11-19,Sonoma,097,501317,11803,11205,44,11249,156
2020-11-19,Stanislaus,099,539301,20976,19736,1221,20957,433
2020-11-19,Sutter,101,95872,3005,2509,10,2519,13
2020-11-19,Tehama,103,63373,1570,1373,12,1385,9
2020-11-19,Trinity,105,12862,244,97,24,121,0
2020-11-19,Tulare,107,460477,20768,19384,1104,20488,304
2020-11-19,Tuolumne,109,53932,909,602,5,607,7
2020-11-19,Ventura,111,848112,19007,17300,564,17864,174
2020-11-19,Yolo,113,214977,4566,3973,13,3986,72
2020-11-19,Yuba,115,75493,1817,1568,9,1577,10
2020-11-18,Alameda,001,1643700,28469,26610,289,26899,440
2020-11-18,Alpine,003,1148,42,16,0,16,0
2020-11-18,Amador,005,37829,474,430,1,431,16
2020-11-18,Butte,007,227075,3856,3537,162,3699,59
2020-11-18,Calaveras,009,45235,436,409,0,409,21
2020-11-18,Colusa,011,21464,674,611,2,613,6
2020-11-18,Contra Costa,013,1133247,23057,21685,133,21818,258
2020-11-18,Del Norte,015,27424,281,240,0,240,2
2020-11-18,El Dorado,017,186661,2182,1799,19,1818,4
2020-11-18,Fresno,019,978130,39851,34997,1082,36079,474
2020-11-18,Glenn,021,27897,883,803,27,830,4
2020-11-18,Humboldt,023,135768,821,690,1,691,9
2020-11-18,Imperial,025,180216,15447,14428,33,14461,348
2020-11-18,Inyo,027,18085,287,262,5,267,15
2020-11-18,Kern,029,883053,38897,36537,906,37443,456
2020-11-18,Kings,031,150075,10547,9696,122,9818,85
2020-11-18,Lake,033,64148,894,802,0,802,18
2020-11-18,Lassen,035,31185,1560,1124,3,1127,0
2020-11-18,Los Angeles,037,10098052,365787,344675,4837,349512,7338
2020-11-18,Madera,039,155013,6011,5519,109,5628,54
2020-11-18,Marin,041,260295,7602,7435,25,7460,134
2020-11-18,Mariposa,043,17540,106,88,0,88,2
2020-11-18,Mendocino,045,87422,1367,1237,5,1242,23
2020-11-18,Merced,047,269075,11177,10536,93,10629,166
2020-11-18,Modoc,049,8938,94,77,18,95,0
2020-11-18,Mono,051,14174,484,468,9,477,2
2020-11-18,Monterey,053,433212,14394,13340,213,13553,108
2020-11-18,Napa,055,140530,2967,2607,17,2624,17
2020-11-18,Nevada,057,99092,1140,933,27,960,9
2020-11-18,Orange,059,3164182,73147,66381,2161,68542,1521
2020-11-18,Placer,061,380077,6342,5543,102,5645,64
2020-11-18,Plumas,063,18699,183,143,0,143,0
2020-11-18,Riverside,065,2383286,84110,77739,1327,79066,1387
2020-11-18,Sacramento,067,1510023,34436,31816,82,31898,541
2020-11-18,San Benito,069,59416,1731,1632,10,1642,15
2020-11-18,San Bernardino,071,2135413,86762,77400,1090,78490,1206
2020-11-18,San Diego,073,3302833,74482,67243,2509,69752,945
2020-11-18,San Francisco,075,870044,14768,14057,84,14141,153
2020-11-18,San Joaquin,077,732212,25340,24146,421,24567,517
2020-11-18,San Luis Obispo,079,281455,6015,5322,91,5413,34
2020-11-18,San Mateo,081,765935,13696,12631,13,12644,169
2020-11-18,Santa Barbara,083,443738,11128,10684,176,10860,136
2020-11-18,Santa Clara,085,1922200,32540,29285,65,29350,421
2020-11-18,Santa Cruz,087,273765,4147,3618,43,3661,25
2020-11-18,Shasta,089,179085,4715,3547,120,3667,42
2020-11-18,Sierra,091,2930,17,11,0,11,0
2020-11-18,Siskiyou,093,43540,503,351,27,378,0
2020-11-18,Solano,095,438530,9768,8994,52,9046,84
2020-11-18,Sonoma,097,501317,11696,11129,41,11170,155
2020-11-18,Stanislaus,099,539301,20733,19609,1196,20805,431
2020-11-18,Sutter,101,95872,2887,2442,10,2452,13
2020-11-18,Tehama,103,63373,1531,1338,12,1350,8
2020-11-18,Trinity,105,12862,230,95,23,118,0
2020-11-18,Tulare,107,460477,20558,19286,1053,20339,306
2020-11-18,Tuolumne,109,53932,874,590,5,595,7
2020-11-18,Ventura,111,848112,18682,17169,549,17718,173
2020-11-18,Yolo,113,214977,4492,3929,13,3942,71
2020-11-18,Yuba,115,75493,1763,1540,9,1549,10
2020-11-17,Alameda,001,1643700,28142,26425,279,26704,439
2020-11-17,Alpine,003,1148,40,12,0,12,0
2020-11-17,Amador,005,37829,463,423,1,424,16
2020-11-17,Butte,007,227075,3814,3500,152,3652,59
2020-11-17,Calaveras,009,45235,421,405,0,405,21
2020-11-17,Colusa,011,21464,663,606,1,607,6
2020-11-17,Contra Costa,013,1133247,22784,21557,128,21685,256
2020-11-17,Del Norte,015,27424,275,233,0,233,2
2020-11-17,El Dorado,017,186661,2123,1758,19,1777,4
2020-11-17,Fresno,019,978130,39253,34765,1023,35788,472
2020-11-17,Glenn,021,27897,872,795,26,821,4
2020-11-17,Humboldt,023,135768,799,685,1,686,9
2020-11-17,Imperial,025,180216,15210,14204,31,14235,346
2020-11-17,Inyo,027,18085,286,263,5,268,15
2020-11-17,Kern,029,883053,38447,36164,853,37017,455
2020-11-17,Kings,031,150075,10474,9653,115,9768,85
2020-11-17,Lake,033,64148,874,792,0,792,18
2020-11-17,Lassen,035,31185,1481,1124,3,1127,0
2020-11-17,Los Angeles,037,10098052,360843,340933,4674,345607,7302
2020-11-17,Madera,039,155013,5922,5485,102,5587,54
2020-11-17,Marin,041,260295,7570,7404,24,7428,134
2020-11-17,Mariposa,043,17540,103,87,0,87,2
2020-11-17,Mendocino,045,87422,1346,1216,5,1221,23
2020-11-17,Merced,047,269075,11033,10457,86,10543,162
2020-11-17,Modoc,049,8938,88,71,17,88,0
2020-11-17,Mono,051,14174,479,459,9,468,2
2020-11-17,Monterey,053,433212,14164,13220,203,13423,108
2020-11-17,Napa,055,140530,2913,2568,17,2585,17
2020-11-17,Nevada,057,99092,1099,918,26,944,9
2020-11-17,Orange,059,3164182,71996,65757,2134,67891,1519
2020-11-17,Placer,061,380077,6180,5435,96,5531,63
2020-11-17,Plumas,063,18699,175,142,0,142,0
2020-11-17,Riverside,065,2383286,82723,77079,1236,78315,1379
2020-11-17,Sacramento,067,1510023,33837,31341,78,31419,538
2020-11-17,San Benito,069,59416,1715,1611,4,1615,15
2020-11-17,San Bernardino,071,2135413,84948,76134,1000,77134,1188
2020-11-17,San Diego,073,3302833,73229,66321,2453,68774,933
2020-11-17,San Francisco,075,870044,14602,13952,83,14035,153
2020-11-17,San Joaquin,077,732212,25068,23997,401,24398,516
2020-11-17,San Luis Obispo,079,281455,5919,5235,91,5326,34
2020-11-17,San Mateo,081,765935,13534,12491,12,12503,169
2020-11-17,Santa Barbara,083,443738,11043,10597,171,10768,136
2020-11-17,Santa Clara,085,1922200,31993,29013,64,29077,419
2020-11-17,Santa Cruz,087,273765,4062,3548,40,3588,25
2020-11-17,Shasta,089,179085,4557,3457,108,3565,40
2020-11-17,Sierra,091,2930,15,11,0,11,0
2020-11-17,Siskiyou,093,43540,455,333,26,359,0
2020-11-17,Solano,095,438530,9623,8905,51,8956,84
2020-11-17,Sonoma,097,501317,11562,11084,40,11124,155
2020-11-17,Stanislaus,099,539301,20509,19466,1168,20634,425
2020-11-17,Sutter,101,95872,2804,2370,9,2379,12
2020-11-17,Tehama,103,63373,1480,1290,12,1302,7
2020-11-17,Trinity,105,12862,213,83,23,106,0
2020-11-17,Tulare,107,460477,20327,19176,991,20167,305
2020-11-17,Tuolumne,109,53932,836,568,5,573,7
2020-11-17,Ventura,111,848112,18410,16797,531,17328,173
2020-11-17,Yolo,113,214977,4315,3887,12,3899,70
2020-11-17,Yuba,115,75493,1715,1519,9,1528,10
2020-11-16,Alameda,001,1643700,27795,26063,274,26337,436
2020-11-16,Alpine,003,1148,37,12,0,12,0
2020-11-16,Amador,005,37829,455,414,1,415,16
2020-11-16,Butte,007,227075,3775,3490,144,3634,58
2020-11-16,Calaveras,009,45235,413,402,0,402,21
2020-11-16,Colusa,011,21464,654,601,1,602,6
2020-11-16,Contra Costa,013,1133247,22517,21386,123,21509,256
2020-11-16,Del Norte,015,27424,268,225,0,225,2
2020-11-16,El Dorado,017,186661,2063,1694,17,1711,4
2020-11-16,Fresno,019,978130,38763,34593,969,35562,471
2020-11-16,Glenn,021,27897,860,786,25,811,4
2020-11-16,Humboldt,023,135768,783,660,1,661,9
2020-11-16,Imperial,025,180216,14962,14111,31,14142,346
2020-11-16,Inyo,027,18085,283,263,5,268,15
2020-11-16,Kern,029,883053,38053,36049,810,36859,455
2020-11-16,Kings,031,150075,10207,9569,111,9680,85
2020-11-16,Lake,033,64148,862,784,0,784,18
2020-11-16,Lassen,035,31185,1300,1124,3,1127,0
2020-11-16,Los Angeles,037,10098052,356095,338778,4500,343278,7277
2020-11-16,Madera,039,155013,5835,5433,96,5529,54
2020-11-16,Marin,041,260295,7541,7359,24,7383,134
2020-11-16,Mariposa,043,17540,100,86,0,86,2
2020-11-16,Mendocino,045,87422,1321,1209,5,1214,23
2020-11-16,Merced,047,269075,10895,10399,83,10482,162
2020-11-16,Modoc,049,8938,86,71,17,88,0
2020-11-16,Mono,051,14174,477,453,9,462,2
2020-11-16,Monterey,053,433212,13918,13089,193,13282,107
2020-11-16,Napa,055,140530,2837,2536,17,2553,17
2020-11-16,Nevada,057,99092,1056,889,24,913,9
2020-11-16,Orange,059,3164182,70898,65396,2120,67516,1519
2020-11-16,Placer,061,380077,6061,5387,87,5474,63
2020-11-16,Plumas,063,18699,168,127,0,127,0
2020-11-16,Riverside,065,2383286,81349,76449,1171,77620,1379
2020-11-16,Sacramento,067,1510023,33199,30954,71,31025,534
2020-11-16,San Benito,069,59416,1697,1603,3,1606,15
2020-11-16,San Bernardino,071,2135413,83119,74401,931,75332,1186
2020-11-16,San Diego,073,3302833,71918,65603,2381,67984,926
2020-11-16,San Francisco,075,870044,14443,13847,80,13927,153
2020-11-16,San Joaquin,077,732212,24780,23515,392,23907,513
2020-11-16,San Luis Obispo,079,281455,5816,5161,86,5247,34
2020-11-16,San Mateo,081,765935,13374,12398,12,12410,169
2020-11-16,Santa Barbara,083,443738,10978,10565,167,10732,135
2020-11-16,Santa Clara,085,1922200,31427,28673,63,28736,419
2020-11-16,Santa Cruz,087,273765,3989,3520,40,3560,25
2020-11-16,Shasta,089,179085,4409,3284,103,3387,37
2020-11-16,Sierra,091,2930,15,11,0,11,0
2020-11-16,Siskiyou,093,43540,428,294,26,320,0
2020-11-16,Solano,095,438530,9424,8827,51,8878,84
2020-11-16,Sonoma,097,501317,11471,10961,39,11000,155
2020-11-16,Stanislaus,099,539301,20273,19333,1141,20474,425
2020-11-16,Sutter,101,95872,2698,2322,9,2331,12
2020-11-16,Tehama,103,63373,1435,1261,8,1269,7
2020-11-16,Trinity,105,12862,201,67,23,90,0
2020-11-16,Tulare,107,460477,20148,18891,937,19828,305
2020-11-16,Tuolumne,109,53932,800,543,5,548,7
2020-11-16,Ventura,111,848112,18072,16691,523,17214,172
2020-11-16,Yolo,113,214977,4219,3858,12,3870,70
2020-11-16,Yuba,115,75493,1679,1500,8,1508,10
2020-11-15,Alameda,001,1643700,27477,25879,268,26147,436
2020-11-15,Alpine,003,1148,35,12,0,12,0
2020-11-15,Amador,005,37829,443,409,1,410,16
2020-11-15,Butte,007,227075,3721,3452,135,3587,58
2020-11-15,Calaveras,009,45235,399,386,0,386,21
2020-11-15,Colusa,011,21464,645,601,1,602,6
2020-11-15,Contra Costa,013,1133247,22218,21179,122,21301,256
2020-11-15,Del Norte,015,27424,253,224,0,224,2
2020-11-15,El Dorado,017,186661,2001,1683,16,1699,4
2020-11-15,Fresno,019,978130,38249,34297,931,35228,471
2020-11-15,Glenn,021,27897,848,783,24,807,4
2020-11-15,Humboldt,023,135768,754,653,1,654,9
2020-11-15,Imperial,025,180216,14725,13940,31,13971,346
2020-11-15,Inyo,027,18085,273,263,5,268,15
2020-11-15,Kern,029,883053,37648,35911,775,36686,455
2020-11-15,Kings,031,150075,10014,9533,107,9640,85
2020-11-15,Lake,033,64148,853,777,0,777,17
2020-11-15,Lassen,035,31185,1253,1124,3,1127,0
2020-11-15,Los Angeles,037,10098052,351052,336035,4328,340363,7271
2020-11-15,Madera,039,155013,5738,5391,90,5481,54
2020-11-15,Marin,041,260295,7515,7347,24,7371,133
2020-11-15,Mariposa,043,17540,97,86,0,86,2
2020-11-15,Mendocino,045,87422,1302,1197,5,1202,22
2020-11-15,Merced,047,269075,10762,10350,83,10433,162
2020-11-15,Modoc,049,8938,85,68,17,85,0
2020-11-15,Mono,051,14174,475,453,9,462,2
2020-11-15,Monterey,053,433212,13722,12999,180,13179,107
2020-11-15,Napa,055,140530,2778,2509,15,2524,17
2020-11-15,Nevada,057,99092,1001,859,24,883,9
2020-11-15,Orange,059,3164182,69857,65008,2104,67112,1519
2020-11-15,Placer,061,380077,5906,5330,79,5409,63
2020-11-15,Plumas,063,18699,162,127,0,127,0
2020-11-15,Riverside,065,2383286,80026,75531,1112,76643,1374
2020-11-15,Sacramento,067,1510023,32573,30601,66,30667,534
2020-11-15,San Benito,069,59416,1672,1589,2,1591,15
2020-11-15,San Bernardino,071,2135413,80967,73769,856,74625,1185
2020-11-15,San Diego,073,3302833,70417,64770,2324,67094,926
2020-11-15,San Francisco,075,870044,14268,13757,79,13836,153
2020-11-15,San Joaquin,077,732212,24570,23516,376,23892,513
2020-11-15,San Luis Obispo,079,281455,5693,5120,84,5204,34
2020-11-15,San Mateo,081,765935,13197,12348,12,12360,169
2020-11-15,Santa Barbara,083,443738,10883,10516,165,10681,135
2020-11-15,Santa Clara,085,1922200,30972,28289,62,28351,418
2020-11-15,Santa Cruz,087,273765,3851,3439,39,3478,25
2020-11-15,Shasta,089,179085,4236,3290,94,3384,37
2020-11-15,Sierra,091,2930,15,11,0,11,0
2020-11-15,Siskiyou,093,43540,409,294,26,320,0
2020-11-15,Solano,095,438530,9263,8713,48,8761,84
2020-11-15,Sonoma,097,501317,11352,10833,38,10871,154
2020-11-15,Stanislaus,099,539301,20001,19228,1116,20344,425
2020-11-15,Sutter,101,95872,2608,2230,9,2239,12
2020-11-15,Tehama,103,63373,1384,1222,7,1229,7
2020-11-15,Trinity,105,12862,191,67,21,88,0
2020-11-15,Tulare,107,460477,19931,18891,884,19775,305
2020-11-15,Tuolumne,109,53932,758,486,5,491,7
2020-11-15,Ventura,111,848112,17798,16564,515,17079,172
2020-11-15,Yolo,113,214977,4116,3819,11,3830,67
2020-11-15,Yuba,115,75493,1638,1470,7,1477,10
2020-11-14,Alameda,001,1643700,27210,25714,266,25980,435
2020-11-14,Alpine,003,1148,35,12,0,12,0
2020-11-14,Amador,005,37829,434,404,0,404,16
2020-11-14,Butte,007,227075,3685,3434,121,3555,58
2020-11-14,Calaveras,009,45235,398,386,0,386,21
2020-11-14,Colusa,011,21464,633,601,1,602,6
2020-11-14,Contra Costa,013,1133247,22079,20975,115,21090,256
2020-11-14,Del Norte,015,27424,247,219,0,219,2
2020-11-14,El Dorado,017,186661,1957,1648,16,1664,4
2020-11-14,Fresno,019,978130,37999,33969,894,34863,471
2020-11-14,Glenn,021,27897,839,772,21,793,3
2020-11-14,Humboldt,023,135768,739,643,1,644,9
2020-11-14,Imperial,025,180216,14632,13932,30,13962,346
2020-11-14,Inyo,027,18085,272,263,5,268,15
2020-11-14,Kern,029,883053,37439,35626,756,36382,454
2020-11-14,Kings,031,150075,9979,9490,104,9594,85
2020-11-14,Lake,033,64148,844,773,0,773,17
2020-11-14,Lassen,035,31185,1239,833,3,836,0
2020-11-14,Los Angeles,037,10098052,348344,333021,4219,337240,7269
2020-11-14,Madera,039,155013,5708,5371,88,5459,54
2020-11-14,Marin,041,260295,7499,7325,24,7349,133
2020-11-14,Mariposa,043,17540,96,86,0,86,2
2020-11-14,Mendocino,045,87422,1286,1181,5,1186,22
2020-11-14,Merced,047,269075,10706,10286,81,10367,161
2020-11-14,Modoc,049,8938,84,64,16,80,0
2020-11-14,Mono,051,14174,475,453,9,462,2
2020-11-14,Monterey,053,433212,13626,12854,170,13024,105
2020-11-14,Napa,055,140530,2744,2473,15,2488,17
2020-11-14,Nevada,057,99092,985,835,24,859,9
2020-11-14,Orange,059,3164182,69236,64340,2093,66433,1517
2020-11-14,Placer,061,380077,5830,5215,73,5288,63
2020-11-14,Plumas,063,18699,157,128,0,128,0
2020-11-14,Riverside,065,2383286,79286,74910,1073,75983,1373
2020-11-14,Sacramento,067,1510023,32247,30298,66,30364,532
2020-11-14,San Benito,069,59416,1657,1573,2,1575,15
2020-11-14,San Bernardino,071,2135413,80033,72868,824,73692,1184
2020-11-14,San Diego,073,3302833,69652,63715,2272,65987,926
2020-11-14,San Francisco,075,870044,14180,13661,78,13739,153
2020-11-14,San Joaquin,077,732212,24479,23516,368,23884,511
2020-11-14,San Luis Obispo,079,281455,5630,5073,79,5152,34
2020-11-14,San Mateo,081,765935,13089,12293,12,12305,169
2020-11-14,Santa Barbara,083,443738,10829,10482,163,10645,135
2020-11-14,Santa Clara,085,1922200,30687,27962,60,28022,416
2020-11-14,Santa Cruz,087,273765,3796,3402,39,3441,25
2020-11-14,Shasta,089,179085,4155,3195,92,3287,37
2020-11-14,Sierra,091,2930,15,11,0,11,0
2020-11-14,Siskiyou,093,43540,396,292,26,318,0
2020-11-14,Solano,095,438530,9183,8655,47,8702,84
2020-11-14,Sonoma,097,501317,11299,10769,38,10807,154
2020-11-14,Stanislaus,099,539301,19858,19068,1094,20162,424
2020-11-14,Sutter,101,95872,2563,2182,9,2191,12
2020-11-14,Tehama,103,63373,1363,1206,6,1212,7
2020-11-14,Trinity,105,12862,186,67,21,88,0
2020-11-14,Tulare,107,460477,19836,18853,856,19709,305
2020-11-14,Tuolumne,109,53932,730,448,5,453,7
2020-11-14,Ventura,111,848112,17652,16297,504,16801,172
2020-11-14,Yolo,113,214977,4073,3765,9,3774,65
2020-11-14,Yuba,115,75493,1609,1453,7,1460,10
2020-11-13,Alameda,001,1643700,26994,25515,261,25776,434
2020-11-13,Alpine,003,1148,35,12,0,12,0
2020-11-13,Amador,005,37829,431,397,0,397,16
2020-11-13,Butte,007,227075,3661,3402,112,3514,58
2020-11-13,Calaveras,009,45235,394,378,0,378,21
2020-11-13,Colusa,011,21464,625,598,1,599,6
2020-11-13,Contra Costa,013,1133247,21906,20799,115,20914,256
2020-11-13,Del Norte,015,27424,244,208,0,208,2
2020-11-13,El Dorado,017,186661,1912,1611,15,1626,4
2020-11-13,Fresno,019,978130,37753,33693,880,34573,470
2020-11-13,Glenn,021,27897,825,755,17,772,3
2020-11-13,Humboldt,023,135768,724,638,1,639,9
2020-11-13,Imperial,025,180216,14562,13790,29,13819,341
2020-11-13,Inyo,027,18085,271,262,5,267,15
2020-11-13,Kern,029,883053,37237,35431,739,36170,453
2020-11-13,Kings,031,150075,9920,9428,103,9531,85
2020-11-13,Lake,033,64148,838,770,0,770,17
2020-11-13,Lassen,035,31185,1230,832,3,835,0
2020-11-13,Los Angeles,037,10098052,345218,329364,4112,333476,7248
2020-11-13,Madera,039,155013,5668,5340,87,5427,54
2020-11-13,Marin,041,260295,7486,7307,23,7330,133
2020-11-13,Mariposa,043,17540,94,86,0,86,2
2020-11-13,Mendocino,045,87422,1274,1173,5,1178,22
2020-11-13,Merced,047,269075,10650,10185,78,10263,159
2020-11-13,Modoc,049,8938,84,63,14,77,0
2020-11-13,Mono,051,14174,475,448,8,456,2
2020-11-13,Monterey,053,433212,13430,12681,158,12839,104
2020-11-13,Napa,055,140530,2705,2440,15,2455,17
2020-11-13,Nevada,057,99092,966,798,24,822,9
2020-11-13,Orange,059,3164182,68637,63804,2073,65877,1514
2020-11-13,Placer,061,380077,5725,5122,67,5189,63
2020-11-13,Plumas,063,18699,151,125,0,125,0
2020-11-13,Riverside,065,2383286,78548,74138,1044,75182,1372
2020-11-13,Sacramento,067,1510023,31929,29787,61,29848,524
2020-11-13,San Benito,069,59416,1645,1553,1,1554,15
2020-11-13,San Bernardino,071,2135413,78983,71895,803,72698,1184
2020-11-13,San Diego,073,3302833,68805,62978,2234,65212,921
2020-11-13,San Francisco,075,870044,14087,13516,76,13592,146
2020-11-13,San Joaquin,077,732212,24384,23314,362,23676,510
2020-11-13,San Luis Obispo,079,281455,5563,4960,76,5036,34
2020-11-13,San Mateo,081,765935,12995,12182,12,12194,169
2020-11-13,Santa Barbara,083,443738,10777,10405,161,10566,134
2020-11-13,Santa Clara,085,1922200,30360,27609,58,27667,415
2020-11-13,Santa Cruz,087,273765,3723,3343,39,3382,25
2020-11-13,Shasta,089,179085,4071,2983,88,3071,37
2020-11-13,Sierra,091,2930,15,11,0,11,0
2020-11-13,Siskiyou,093,43540,391,280,25,305,0
2020-11-13,Solano,095,438530,9092,8525,47,8572,84
2020-11-13,Sonoma,097,501317,11238,10685,36,10721,151
2020-11-13,Stanislaus,099,539301,19733,18936,1066,20002,422
2020-11-13,Sutter,101,95872,2517,2121,8,2129,12
2020-11-13,Tehama,103,63373,1335,1167,6,1173,7
2020-11-13,Trinity,105,12862,184,64,21,85,0
2020-11-13,Tulare,107,460477,19712,18714,815,19529,305
2020-11-13,Tuolumne,109,53932,697,427,5,432,7
2020-11-13,Ventura,111,848112,17506,16172,490,16662,171
2020-11-13,Yolo,113,214977,4022,3716,9,3725,65
2020-11-13,Yuba,115,75493,1582,1435,7,1442,10
2020-11-12,Alameda,001,1643700,26727,25345,261,25606,432
2020-11-12,Alpine,003,1148,34,12,0,12,0
2020-11-12,Amador,005,37829,430,392,0,392,16
2020-11-12,Butte,007,227075,3612,3347,109,3456,58
2020-11-12,Calaveras,009,45235,389,373,0,373,21
2020-11-12,Colusa,011,21464,620,591,1,592,6
2020-11-12,Contra Costa,013,1133247,21699,20619,113,20732,255
2020-11-12,Del Norte,015,27424,237,203,0,203,2
2020-11-12,El Dorado,017,186661,1866,1573,11,1584,4
2020-11-12,Fresno,019,978130,37404,33459,838,34297,468
2020-11-12,Glenn,021,27897,806,727,17,744,3
2020-11-12,Humboldt,023,135768,711,625,1,626,9
2020-11-12,Imperial,025,180216,14397,13619,29,13648,341
2020-11-12,Inyo,027,18085,270,255,5,260,15
2020-11-12,Kern,029,883053,36973,35207,724,35931,451
2020-11-12,Kings,031,150075,9853,9335,102,9437,85
2020-11-12,Lake,033,64148,829,764,0,764,17
2020-11-12,Lassen,035,31185,1161,832,2,834,0
2020-11-12,Los Angeles,037,10098052,341477,327001,4011,331012,7223
2020-11-12,Madera,039,155013,5633,5273,82,5355,54
2020-11-12,Marin,041,260295,7457,7268,23,7291,133
2020-11-12,Mariposa,043,17540,92,84,0,84,2
2020-11-12,Mendocino,045,87422,1255,1142,5,1147,22
2020-11-12,Merced,047,269075,10536,10107,75,10182,158
2020-11-12,Modoc,049,8938,84,63,14,77,0
2020-11-12,Mono,051,14174,474,442,8,450,2
2020-11-12,Monterey,053,433212,13309,12489,144,12633,100
2020-11-12,Napa,055,140530,2643,2398,15,2413,16
2020-11-12,Nevada,057,99092,943,780,23,803,9
2020-11-12,Orange,059,3164182,67892,63232,2054,65286,1514
2020-11-12,Placer,061,380077,5615,5044,58,5102,62
2020-11-12,Plumas,063,18699,147,121,0,121,0
2020-11-12,Riverside,065,2383286,77616,73381,1001,74382,1362
2020-11-12,Sacramento,067,1510023,31438,29459,54,29513,520
2020-11-12,San Benito,069,59416,1625,1525,1,1526,15
2020-11-12,San Bernardino,071,2135413,77616,70758,764,71522,1183
2020-11-12,San Diego,073,3302833,67825,62336,2183,64519,918
2020-11-12,San Francisco,075,870044,13988,13289,75,13364,146
2020-11-12,San Joaquin,077,732212,24191,23002,341,23343,509
2020-11-12,San Luis Obispo,079,281455,5499,4898,75,4973,33
2020-11-12,San Mateo,081,765935,12870,12086,11,12097,169
2020-11-12,Santa Barbara,083,443738,10715,10325,156,10481,134
2020-11-12,Santa Clara,085,1922200,29984,27261,57,27318,414
2020-11-12,Santa Cruz,087,273765,3640,3317,37,3354,25
2020-11-12,Shasta,089,179085,3934,2825,77,2902,37
2020-11-12,Sierra,091,2930,15,11,0,11,0
2020-11-12,Siskiyou,093,43540,374,275,20,295,0
2020-11-12,Solano,095,438530,8992,8417,46,8463,85
2020-11-12,Sonoma,097,501317,11136,10602,35,10637,151
2020-11-12,Stanislaus,099,539301,19564,18787,1037,19824,422
2020-11-12,Sutter,101,95872,2434,2075,7,2082,12
2020-11-12,Tehama,103,63373,1308,1117,6,1123,7
2020-11-12,Trinity,105,12862,176,62,20,82,0
2020-11-12,Tulare,107,460477,19600,18545,777,19322,305
2020-11-12,Tuolumne,109,53932,658,353,5,358,7
2020-11-12,Ventura,111,848112,17256,16013,484,16497,158
2020-11-12,Yolo,113,214977,3978,3646,9,3655,63
2020-11-12,Yuba,115,75493,1547,1410,7,1417,10
2020-11-11,Alameda,001,1643700,26484,25140,259,25399,429
2020-11-11,Alpine,003,1148,29,12,0,12,0
2020-11-11,Amador,005,37829,423,389,0,389,16
2020-11-11,Butte,007,227075,3586,3348,96,3444,58
2020-11-11,Calaveras,009,45235,379,373,0,373,21
2020-11-11,Colusa,011,21464,614,591,1,592,6
2020-11-11,Contra Costa,013,1133247,21481,20452,111,20563,255
2020-11-11,Del Norte,015,27424,230,203,0,203,2
2020-11-11,El Dorado,017,186661,1820,1564,10,1574,4
2020-11-11,Fresno,019,978130,37085,33287,803,34090,468
2020-11-11,Glenn,021,27897,790,722,16,738,3
2020-11-11,Humboldt,023,135768,697,623,1,624,9
2020-11-11,Imperial,025,180216,14227,13623,27,13650,340
2020-11-11,Inyo,027,18085,268,255,5,260,15
2020-11-11,Kern,029,883053,36698,35014,707,35721,449
2020-11-11,Kings,031,150075,9747,9263,99,9362,85
2020-11-11,Lake,033,64148,819,763,0,763,17
2020-11-11,Lassen,035,31185,1136,831,2,833,0
2020-11-11,Los Angeles,037,10098052,338113,324567,3927,328494,7220
2020-11-11,Madera,039,155013,5598,5248,80,5328,54
2020-11-11,Marin,041,260295,7434,7268,23,7291,133
2020-11-11,Mariposa,043,17540,92,84,0,84,2
2020-11-11,Mendocino,045,87422,1243,1142,5,1147,22
2020-11-11,Merced,047,269075,10465,10074,73,10147,157
2020-11-11,Modoc,049,8938,80,62,13,75,0
2020-11-11,Mono,051,14174,472,443,8,451,2
2020-11-11,Monterey,053,433212,13165,12417,140,12557,100
2020-11-11,Napa,055,140530,2594,2365,12,2377,15
2020-11-11,Nevada,057,99092,901,741,23,764,9
2020-11-11,Orange,059,3164182,67253,62929,2031,64960,1506
2020-11-11,Placer,061,380077,5531,4981,50,5031,60
2020-11-11,Plumas,063,18699,145,111,0,111,0
2020-11-11,Riverside,065,2383286,76713,72953,955,73908,1361
2020-11-11,Sacramento,067,1510023,30981,28968,52,29020,520
2020-11-11,San Benito,069,59416,1611,1512,1,1513,15
2020-11-11,San Bernardino,071,2135413,76329,70374,737,71111,1182
2020-11-11,San Diego,073,3302833,66890,61746,2122,63868,918
2020-11-11,San Francisco,075,870044,13880,13287,74,13361,146
2020-11-11,San Joaquin,077,732212,24031,23001,335,23336,509
2020-11-11,San Luis Obispo,079,281455,5423,4832,72,4904,33
2020-11-11,San Mateo,081,765935,12755,12008,11,12019,169
2020-11-11,Santa Barbara,083,443738,10649,10278,156,10434,134
2020-11-11,Santa Clara,085,1922200,29632,27075,56,27131,413
2020-11-11,Santa Cruz,087,273765,3572,3247,37,3284,25
2020-11-11,Shasta,089,179085,3810,2766,67,2833,36
2020-11-11,Sierra,091,2930,13,11,0,11,0
2020-11-11,Siskiyou,093,43540,343,261,17,278,0
2020-11-11,Solano,095,438530,8874,8353,44,8397,85
2020-11-11,Sonoma,097,501317,11062,10498,35,10533,150
2020-11-11,Stanislaus,099,539301,19427,18671,1007,19678,422
2020-11-11,Sutter,101,95872,2386,2049,6,2055,12
2020-11-11,Tehama,103,63373,1266,1105,5,1110,7
2020-11-11,Trinity,105,12862,165,62,20,82,0
2020-11-11,Tulare,107,460477,19469,18500,746,19246,305
2020-11-11,Tuolumne,109,53932,602,354,4,358,7
2020-11-11,Ventura,111,848112,17041,15801,471,16272,158
2020-11-11,Yolo,113,214977,3927,3606,9,3615,63
2020-11-11,Yuba,115,75493,1532,1400,7,1407,10
2020-11-10,Alameda,001,1643700,26254,25008,256,25264,424
2020-11-10,Alpine,003,1148,29,9,0,9,0
2020-11-10,Amador,005,37829,417,384,0,384,16
2020-11-10,Butte,007,227075,3550,3327,92,3419,58
2020-11-10,Calaveras,009,45235,374,367,0,367,21
2020-11-10,Colusa,011,21464,606,590,1,591,6
2020-11-10,Contra Costa,013,1133247,21274,20326,109,20435,255
2020-11-10,Del Norte,015,27424,224,196,0,196,2
2020-11-10,El Dorado,017,186661,1759,1551,10,1561,4
2020-11-10,Fresno,019,978130,36815,33024,765,33789,465
2020-11-10,Glenn,021,27897,782,719,12,731,3
2020-11-10,Humboldt,023,135768,680,610,1,611,9
2020-11-10,Imperial,025,180216,14097,13570,27,13597,338
2020-11-10,Inyo,027,18085,267,252,5,257,14
2020-11-10,Kern,029,883053,36422,34858,688,35546,448
2020-11-10,Kings,031,150075,9700,9236,92,9328,85
2020-11-10,Lake,033,64148,809,762,0,762,16
2020-11-10,Lassen,035,31185,1121,830,2,832,0
2020-11-10,Los Angeles,037,10098052,334861,322569,3813,326382,7205
2020-11-10,Madera,039,155013,5556,5229,74,5303,54
2020-11-10,Marin,041,260295,7415,7259,23,7282,133
2020-11-10,Mariposa,043,17540,90,84,0,84,2
2020-11-10,Mendocino,045,87422,1235,1137,5,1142,22
2020-11-10,Merced,047,269075,10403,9992,67,10059,157
2020-11-10,Modoc,049,8938,78,61,13,74,0
2020-11-10,Mono,051,14174,470,443,8,451,2
2020-11-10,Monterey,053,433212,13030,12335,132,12467,100
2020-11-10,Napa,055,140530,2556,2341,10,2351,15
2020-11-10,Nevada,057,99092,885,734,23,757,9
2020-11-10,Orange,059,3164182,66703,62597,2021,64618,1504
2020-11-10,Placer,061,380077,5451,4902,49,4951,60
2020-11-10,Plumas,063,18699,141,108,0,108,0
2020-11-10,Riverside,065,2383286,76071,72316,928,73244,1359
2020-11-10,Sacramento,067,1510023,30574,28677,49,28726,519
2020-11-10,San Benito,069,59416,1596,1508,1,1509,15
2020-11-10,San Bernardino,071,2135413,75158,69666,704,70370,1182
2020-11-10,San Diego,073,3302833,65999,61085,2085,63170,915
2020-11-10,San Francisco,075,870044,13763,13210,74,13284,146
2020-11-10,San Joaquin,077,732212,23866,22865,328,23193,508
2020-11-10,San Luis Obispo,079,281455,5360,4780,69,4849,33
2020-11-10,San Mateo,081,765935,12654,11939,11,11950,169
2020-11-10,Santa Barbara,083,443738,10582,10252,152,10404,134
2020-11-10,Santa Clara,085,1922200,29287,26917,55,26972,409
2020-11-10,Santa Cruz,087,273765,3508,3221,37,3258,25
2020-11-10,Shasta,089,179085,3667,2686,59,2745,36
2020-11-10,Sierra,091,2930,12,10,0,10,0
2020-11-10,Siskiyou,093,43540,326,263,16,279,0
2020-11-10,Solano,095,438530,8776,8299,44,8343,85
2020-11-10,Sonoma,097,501317,10975,10414,35,10449,150
2020-11-10,Stanislaus,099,539301,19293,18592,983,19575,420
2020-11-10,Sutter,101,95872,2291,2035,5,2040,12
2020-11-10,Tehama,103,63373,1240,1099,4,1103,7
2020-11-10,Trinity,105,12862,156,62,18,80,0
2020-11-10,Tulare,107,460477,19354,18430,722,19152,305
2020-11-10,Tuolumne,109,53932,553,353,4,357,7
2020-11-10,Ventura,111,848112,16858,15625,469,16094,158
2020-11-10,Yolo,113,214977,3866,3573,9,3582,63
2020-11-10,Yuba,115,75493,1509,1392,7,1399,10
2020-11-09,Alameda,001,1643700,26006,24899,252,25151,424
2020-11-09,Alpine,003,1148,27,6,0,6,0
2020-11-09,Amador,005,37829,408,380,0,380,16
2020-11-09,Butte,007,227075,3505,3301,83,3384,57
2020-11-09,Calaveras,009,45235,370,360,0,360,21
2020-11-09,Colusa,011,21464,600,583,1,584,6
2020-11-09,Contra Costa,013,1133247,21101,20193,107,20300,255
2020-11-09,Del Norte,015,27424,218,195,0,195,2
2020-11-09,El Dorado,017,186661,1718,1515,10,1525,4
2020-11-09,Fresno,019,978130,36504,32755,725,33480,465
2020-11-09,Glenn,021,27897,776,714,9,723,3
2020-11-09,Humboldt,023,135768,667,607,1,608,9
2020-11-09,Imperial,025,180216,13980,13508,26,13534,338
2020-11-09,Inyo,027,18085,267,252,5,257,14
2020-11-09,Kern,029,883053,36191,34764,652,35416,448
2020-11-09,Kings,031,150075,9630,9141,90,9231,84
2020-11-09,Lake,033,64148,800,755,0,755,16
2020-11-09,Lassen,035,31185,1025,799,2,801,0
2020-11-09,Los Angeles,037,10098052,331764,320370,3738,324108,7180
2020-11-09,Madera,039,155013,5510,5209,71,5280,54
2020-11-09,Marin,041,260295,7389,7237,22,7259,131
2020-11-09,Mariposa,043,17540,90,84,0,84,2
2020-11-09,Mendocino,045,87422,1223,1132,5,1137,22
2020-11-09,Merced,047,269075,10300,9922,64,9986,157
2020-11-09,Modoc,049,8938,74,54,12,66,0
2020-11-09,Mono,051,14174,467,352,8,360,2
2020-11-09,Monterey,053,433212,12883,12148,124,12272,98
2020-11-09,Napa,055,140530,2513,2309,10,2319,15
2020-11-09,Nevada,057,99092,848,729,22,751,9
2020-11-09,Orange,059,3164182,66062,62335,2008,64343,1501
2020-11-09,Placer,061,380077,5366,4843,37,4880,60
2020-11-09,Plumas,063,18699,134,102,0,102,0
2020-11-09,Riverside,065,2383286,75287,72059,894,72953,1346
2020-11-09,Sacramento,067,1510023,30103,28200,49,28249,516
2020-11-09,San Benito,069,59416,1587,1506,1,1507,15
2020-11-09,San Bernardino,071,2135413,74103,69015,662,69677,1182
2020-11-09,San Diego,073,3302833,65144,60572,2045,62617,908
2020-11-09,San Francisco,075,870044,13643,12984,71,13055,146
2020-11-09,San Joaquin,077,732212,23701,22512,323,22835,505
2020-11-09,San Luis Obispo,079,281455,5273,4746,67,4813,32
2020-11-09,San Mateo,081,765935,12547,11857,11,11868,169
2020-11-09,Santa Barbara,083,443738,10525,10214,146,10360,134
2020-11-09,Santa Clara,085,1922200,28892,26693,55,26748,409
2020-11-09,Santa Cruz,087,273765,3450,3194,37,3231,25
2020-11-09,Shasta,089,179085,3513,2581,50,2631,36
2020-11-09,Sierra,091,2930,10,10,0,10,0
2020-11-09,Siskiyou,093,43540,315,257,14,271,0
2020-11-09,Solano,095,438530,8660,8254,43,8297,85
2020-11-09,Sonoma,097,501317,10867,10310,35,10345,150
2020-11-09,Stanislaus,099,539301,19140,18482,966,19448,418
2020-11-09,Sutter,101,95872,2224,2010,4,2014,12
2020-11-09,Tehama,103,63373,1204,1071,3,1074,7
2020-11-09,Trinity,105,12862,149,46,18,64,0
2020-11-09,Tulare,107,460477,19234,18272,690,18962,304
2020-11-09,Tuolumne,109,53932,499,346,4,350,7
2020-11-09,Ventura,111,848112,16656,15568,466,16034,156
2020-11-09,Yolo,113,214977,3806,3522,9,3531,62
2020-11-09,Yuba,115,75493,1476,1380,7,1387,10
2020-11-08,Alameda,001,1643700,25776,24731,252,24983,424
2020-11-08,Alpine,003,1148,24,6,0,6,0
2020-11-08,Amador,005,37829,401,376,0,376,16
2020-11-08,Butte,007,227075,3467,3285,76,3361,57
2020-11-08,Calaveras,009,45235,368,360,0,360,21
2020-11-08,Colusa,011,21464,597,583,1,584,6
2020-11-08,Contra Costa,013,1133247,20931,20031,105,20136,254
2020-11-08,Del Norte,015,27424,210,195,0,195,2
2020-11-08,El Dorado,017,186661,1680,1502,10,1512,4
2020-11-08,Fresno,019,978130,36168,32619,687,33306,465
2020-11-08,Glenn,021,27897,770,707,8,715,3
2020-11-08,Humboldt,023,135768,651,605,1,606,9
2020-11-08,Imperial,025,180216,13864,13428,26,13454,338
2020-11-08,Inyo,027,18085,263,252,5,257,14
2020-11-08,Kern,029,883053,35972,34644,635,35279,448
2020-11-08,Kings,031,150075,9497,9026,87,9113,84
2020-11-08,Lake,033,64148,792,754,0,754,16
2020-11-08,Lassen,035,31185,877,799,2,801,0
2020-11-08,Los Angeles,037,10098052,328638,318960,3671,322631,7176
2020-11-08,Madera,039,155013,5441,5196,68,5264,54
2020-11-08,Marin,041,260295,7369,7227,22,7249,131
2020-11-08,Mariposa,043,17540,90,83,0,83,2
2020-11-08,Mendocino,045,87422,1214,1129,5,1134,22
2020-11-08,Merced,047,269075,10225,9885,62,9947,157
2020-11-08,Modoc,049,8938,70,54,12,66,0
2020-11-08,Mono,051,14174,461,352,8,360,2
2020-11-08,Monterey,053,433212,12738,12122,113,12235,98
2020-11-08,Napa,055,140530,2474,2274,10,2284,15
2020-11-08,Nevada,057,99092,832,715,22,737,9
2020-11-08,Orange,059,3164182,65473,62034,1994,64028,1501
2020-11-08,Placer,061,380077,5263,4800,32,4832,60
2020-11-08,Plumas,063,18699,129,102,0,102,0
2020-11-08,Riverside,065,2383286,74632,71442,852,72294,1345
2020-11-08,Sacramento,067,1510023,29543,28059,46,28105,515
2020-11-08,San Benito,069,59416,1572,1496,1,1497,15
2020-11-08,San Bernardino,071,2135413,72851,68412,623,69035,1182
2020-11-08,San Diego,073,3302833,64299,60199,2001,62200,908
2020-11-08,San Francisco,075,870044,13512,12985,66,13051,146
2020-11-08,San Joaquin,077,732212,23507,22514,319,22833,505
2020-11-08,San Luis Obispo,079,281455,5207,4698,62,4760,32
2020-11-08,San Mateo,081,765935,12429,11783,11,11794,169
2020-11-08,Santa Barbara,083,443738,10455,10180,144,10324,134
2020-11-08,Santa Clara,085,1922200,28518,26442,54,26496,410
2020-11-08,Santa Cruz,087,273765,3393,3134,37,3171,25
2020-11-08,Shasta,089,179085,3377,2582,44,2626,36
2020-11-08,Sierra,091,2930,10,7,0,7,0
2020-11-08,Siskiyou,093,43540,303,246,13,259,0
2020-11-08,Solano,095,438530,8539,8132,42,8174,85
2020-11-08,Sonoma,097,501317,10760,10229,35,10264,149
2020-11-08,Stanislaus,099,539301,18965,18413,945,19358,418
2020-11-08,Sutter,101,95872,2166,1980,4,1984,12
2020-11-08,Tehama,103,63373,1180,1054,3,1057,7
2020-11-08,Trinity,105,12862,146,46,17,63,0
2020-11-08,Tulare,107,460477,19091,18272,660,18932,304
2020-11-08,Tuolumne,109,53932,472,341,4,345,7
2020-11-08,Ventura,111,848112,16461,15504,458,15962,156
2020-11-08,Yolo,113,214977,3745,3492,9,3501,61
2020-11-08,Yuba,115,75493,1455,1369,7,1376,10
2020-11-07,Alameda,001,1643700,25666,24578,250,24828,424
2020-11-07,Alpine,003,1148,24,6,0,6,0
2020-11-07,Amador,005,37829,398,375,0,375,16
2020-11-07,Butte,007,227075,3455,3277,71,3348,57
2020-11-07,Calaveras,009,45235,366,360,0,360,21
2020-11-07,Colusa,011,21464,597,583,1,584,6
2020-11-07,Contra Costa,013,1133247,20830,19943,104,20047,254
2020-11-07,Del Norte,015,27424,206,194,0,194,2
2020-11-07,El Dorado,017,186661,1655,1495,9,1504,4
2020-11-07,Fresno,019,978130,36014,32497,664,33161,465
2020-11-07,Glenn,021,27897,762,707,8,715,3
2020-11-07,Humboldt,023,135768,640,590,1,591,9
2020-11-07,Imperial,025,180216,13806,13388,25,13413,338
2020-11-07,Inyo,027,18085,261,252,5,257,14
2020-11-07,Kern,029,883053,35817,34513,625,35138,448
2020-11-07,Kings,031,150075,9464,9005,81,9086,84
2020-11-07,Lake,033,64148,788,751,0,751,16
2020-11-07,Lassen,035,31185,861,799,2,801,0
2020-11-07,Los Angeles,037,10098052,327130,316756,3603,320359,7174
2020-11-07,Madera,039,155013,5419,5177,66,5243,54
2020-11-07,Marin,041,260295,7358,7215,22,7237,131
2020-11-07,Mariposa,043,17540,90,81,0,81,2
2020-11-07,Mendocino,045,87422,1203,1118,5,1123,22
2020-11-07,Merced,047,269075,10193,9855,58,9913,157
2020-11-07,Modoc,049,8938,70,51,12,63,0
2020-11-07,Mono,051,14174,458,352,8,360,2
2020-11-07,Monterey,053,433212,12668,12030,109,12139,98
2020-11-07,Napa,055,140530,2444,2260,9,2269,15
2020-11-07,Nevada,057,99092,815,710,22,732,9
2020-11-07,Orange,059,3164182,65186,62038,1988,64026,1505
2020-11-07,Placer,061,380077,5200,4745,32,4777,60
2020-11-07,Plumas,063,18699,127,94,0,94,0
2020-11-07,Riverside,065,2383286,74237,71153,825,71978,1345
2020-11-07,Sacramento,067,1510023,29292,27773,46,27819,515
2020-11-07,San Benito,069,59416,1560,1489,1,1490,15
2020-11-07,San Bernardino,071,2135413,72335,67935,612,68547,1182
2020-11-07,San Diego,073,3302833,63787,59682,1969,61651,909
2020-11-07,San Francisco,075,870044,13451,12980,65,13045,146
2020-11-07,San Joaquin,077,732212,23398,22517,313,22830,505
2020-11-07,San Luis Obispo,079,281455,5158,4668,59,4727,32
2020-11-07,San Mateo,081,765935,12366,11711,11,11722,169
2020-11-07,Santa Barbara,083,443738,10413,10157,142,10299,134
2020-11-07,Santa Clara,085,1922200,28314,26244,53,26297,410
2020-11-07,Santa Cruz,087,273765,3355,3130,37,3167,25
2020-11-07,Shasta,089,179085,3310,2547,42,2589,36
2020-11-07,Sierra,091,2930,10,7,0,7,0
2020-11-07,Siskiyou,093,43540,299,241,13,254,0
2020-11-07,Solano,095,438530,8487,8066,42,8108,85
2020-11-07,Sonoma,097,501317,10714,10200,35,10235,149
2020-11-07,Stanislaus,099,539301,18856,18386,928,19314,418
2020-11-07,Sutter,101,95872,2126,1973,4,1977,12
2020-11-07,Tehama,103,63373,1156,1043,3,1046,7
2020-11-07,Trinity,105,12862,146,42,16,58,0
2020-11-07,Tulare,107,460477,19035,18229,643,18872,304
2020-11-07,Tuolumne,109,53932,461,327,4,331,7
2020-11-07,Ventura,111,848112,16401,15364,453,15817,156
2020-11-07,Yolo,113,214977,3714,3486,9,3495,61
2020-11-07,Yuba,115,75493,1440,1349,7,1356,10
2020-11-06,Alameda,001,1643700,25534,24389,248,24637,420
2020-11-06,Alpine,003,1148,24,6,0,6,0
2020-11-06,Amador,005,37829,396,369,0,369,16
2020-11-06,Butte,007,227075,3430,3254,63,3317,57
2020-11-06,Calaveras,009,45235,365,359,0,359,21
2020-11-06,Colusa,011,21464,595,580,1,581,6
2020-11-06,Contra Costa,013,1133247,20681,19744,104,19848,252
2020-11-06,Del Norte,015,27424,203,194,0,194,2
2020-11-06,El Dorado,017,186661,1629,1475,9,1484,4
2020-11-06,Fresno,019,978130,35826,32278,648,32926,460
2020-11-06,Glenn,021,27897,756,707,7,714,3
2020-11-06,Humboldt,023,135768,637,587,1,588,9
2020-11-06,Imperial,025,180216,13753,13230,25,13255,338
2020-11-06,Inyo,027,18085,259,246,5,251,14
2020-11-06,Kern,029,883053,35653,34360,607,34967,443
2020-11-06,Kings,031,150075,9440,8883,79,8962,83
2020-11-06,Lake,033,64148,787,741,0,741,16
2020-11-06,Lassen,035,31185,853,794,2,796,0
2020-11-06,Los Angeles,037,10098052,325156,314356,3551,317907,7160
2020-11-06,Madera,039,155013,5403,5136,65,5201,54
2020-11-06,Marin,041,260295,7337,7184,22,7206,131
2020-11-06,Mariposa,043,17540,89,79,0,79,2
2020-11-06,Mendocino,045,87422,1198,1113,5,1118,22
2020-11-06,Merced,047,269075,10153,9778,55,9833,157
2020-11-06,Modoc,049,8938,70,48,12,60,0
2020-11-06,Mono,051,14174,452,308,8,316,1
2020-11-06,Monterey,053,433212,12551,11914,108,12022,96
2020-11-06,Napa,055,140530,2419,2189,9,2198,15
2020-11-06,Nevada,057,99092,802,692,21,713,9
2020-11-06,Orange,059,3164182,64883,61049,1978,63027,1494
2020-11-06,Placer,061,380077,5127,4680,32,4712,60
2020-11-06,Plumas,063,18699,122,90,0,90,0
2020-11-06,Riverside,065,2383286,73787,70409,784,71193,1341
2020-11-06,Sacramento,067,1510023,29000,27489,44,27533,514
2020-11-06,San Benito,069,59416,1551,1479,1,1480,15
2020-11-06,San Bernardino,071,2135413,71737,66740,591,67331,1179
2020-11-06,San Diego,073,3302833,63263,59143,1937,61080,907
2020-11-06,San Francisco,075,870044,13381,12825,64,12889,146
2020-11-06,San Joaquin,077,732212,23313,22424,303,22727,502
2020-11-06,San Luis Obispo,079,281455,5093,4531,53,4584,32
2020-11-06,San Mateo,081,765935,12291,11587,11,11598,168
2020-11-06,Santa Barbara,083,443738,10377,10118,137,10255,133
2020-11-06,Santa Clara,085,1922200,28072,25831,53,25884,402
2020-11-06,Santa Cruz,087,273765,3318,3063,37,3100,25
2020-11-06,Shasta,089,179085,3237,2475,41,2516,35
2020-11-06,Sierra,091,2930,9,7,0,7,0
2020-11-06,Siskiyou,093,43540,286,237,12,249,0
2020-11-06,Solano,095,438530,8422,7959,42,8001,85
2020-11-06,Sonoma,097,501317,10664,10142,35,10177,149
2020-11-06,Stanislaus,099,539301,18769,18250,919,19169,417
2020-11-06,Sutter,101,95872,2099,1937,2,1939,12
2020-11-06,Tehama,103,63373,1135,1024,3,1027,6
2020-11-06,Trinity,105,12862,143,41,16,57,0
2020-11-06,Tulare,107,460477,18971,18136,618,18754,300
2020-11-06,Tuolumne,109,53932,440,316,4,320,5
2020-11-06,Ventura,111,848112,16315,15222,450,15672,154
2020-11-06,Yolo,113,214977,3685,3420,9,3429,62
2020-11-06,Yuba,115,75493,1427,1335,7,1342,10
2020-11-05,Alameda,001,1643700,25358,24270,248,24518,420
2020-11-05,Alpine,003,1148,24,6,0,6,0
2020-11-05,Amador,005,37829,393,363,0,363,16
2020-11-05,Butte,007,227075,3407,3239,57,3296,57
2020-11-05,Calaveras,009,45235,358,333,0,333,19
2020-11-05,Colusa,011,21464,591,574,1,575,6
2020-11-05,Contra Costa,013,1133247,20499,19656,102,19758,252
2020-11-05,Del Norte,015,27424,201,192,0,192,2
2020-11-05,El Dorado,017,186661,1605,1466,9,1475,4
2020-11-05,Fresno,019,978130,35583,32056,623,32679,460
2020-11-05,Glenn,021,27897,736,702,7,709,3
2020-11-05,Humboldt,023,135768,627,581,1,582,9
2020-11-05,Imperial,025,180216,13661,13178,24,13202,337
2020-11-05,Inyo,027,18085,259,247,5,252,14
2020-11-05,Kern,029,883053,35452,34232,593,34825,443
2020-11-05,Kings,031,150075,9285,8846,76,8922,83
2020-11-05,Lake,033,64148,783,739,0,739,16
2020-11-05,Lassen,035,31185,822,782,2,784,0
2020-11-05,Los Angeles,037,10098052,322800,312381,3498,315879,7146
2020-11-05,Madera,039,155013,5364,5129,62,5191,54
2020-11-05,Marin,041,260295,7315,7171,22,7193,131
2020-11-05,Mariposa,043,17540,88,79,0,79,2
2020-11-05,Mendocino,045,87422,1186,1112,5,1117,22
2020-11-05,Merced,047,269075,10094,9753,50,9803,155
2020-11-05,Modoc,049,8938,69,47,11,58,0
2020-11-05,Mono,051,14174,450,307,8,315,1
2020-11-05,Monterey,053,433212,12441,11784,104,11888,96
2020-11-05,Napa,055,140530,2392,2158,9,2167,15
2020-11-05,Nevada,057,99092,780,687,20,707,9
2020-11-05,Orange,059,3164182,64436,60740,1968,62708,1484
2020-11-05,Placer,061,380077,5058,4627,27,4654,60
2020-11-05,Plumas,063,18699,114,90,0,90,0
2020-11-05,Riverside,065,2383286,73076,70094,726,70820,1338
2020-11-05,Sacramento,067,1510023,28619,27232,43,27275,512
2020-11-05,San Benito,069,59416,1536,1477,1,1478,15
2020-11-05,San Bernardino,071,2135413,70908,66407,578,66985,1174
2020-11-05,San Diego,073,3302833,62637,58659,1911,60570,904
2020-11-05,San Francisco,075,870044,13269,12726,63,12789,146
2020-11-05,San Joaquin,077,732212,23149,22318,299,22617,502
2020-11-05,San Luis Obispo,079,281455,5026,4459,51,4510,32
2020-11-05,San Mateo,081,765935,12197,11535,11,11546,168
2020-11-05,Santa Barbara,083,443738,10333,10080,134,10214,133
2020-11-05,Santa Clara,085,1922200,27805,25651,53,25704,402
2020-11-05,Santa Cruz,087,273765,3280,3023,37,3060,25
2020-11-05,Shasta,089,179085,3147,2401,40,2441,34
2020-11-05,Sierra,091,2930,9,6,0,6,0
2020-11-05,Siskiyou,093,43540,275,228,12,240,0
2020-11-05,Solano,095,438530,8339,7842,42,7884,85
2020-11-05,Sonoma,097,501317,10552,10064,34,10098,145
2020-11-05,Stanislaus,099,539301,18655,18194,906,19100,417
2020-11-05,Sutter,101,95872,2067,1925,2,1927,12
2020-11-05,Tehama,103,63373,1113,1015,2,1017,6
2020-11-05,Trinity,105,12862,127,41,15,56,0
2020-11-05,Tulare,107,460477,18883,18049,592,18641,301
2020-11-05,Tuolumne,109,53932,412,312,4,316,5
2020-11-05,Ventura,111,848112,16149,15113,439,15552,155
2020-11-05,Yolo,113,214977,3635,3391,9,3400,61
2020-11-05,Yuba,115,75493,1409,1322,7,1329,10
2020-11-04,Alameda,001,1643700,25181,24172,246,24418,418
2020-11-04,Alpine,003,1148,20,5,0,5,0
2020-11-04,Amador,005,37829,390,362,0,362,16
2020-11-04,Butte,007,227075,3381,3218,54,3272,57
2020-11-04,Calaveras,009,45235,355,290,0,290,19
2020-11-04,Colusa,011,21464,589,571,1,572,6
2020-11-04,Contra Costa,013,1133247,20332,19472,99,19571,251
2020-11-04,Del Norte,015,27424,197,188,0,188,2
2020-11-04,El Dorado,017,186661,1590,1448,6,1454,4
2020-11-04,Fresno,019,978130,35351,31952,595,32547,457
2020-11-04,Glenn,021,27897,732,701,6,707,3
2020-11-04,Humboldt,023,135768,618,571,1,572,9
2020-11-04,Imperial,025,180216,13563,13087,24,13111,335
2020-11-04,Inyo,027,18085,258,247,5,252,14
2020-11-04,Kern,029,883053,35297,34027,582,34609,439
2020-11-04,Kings,031,150075,9251,8817,74,8891,83
2020-11-04,Lake,033,64148,776,735,0,735,16
2020-11-04,Lassen,035,31185,817,781,2,783,0
2020-11-04,Los Angeles,037,10098052,320489,310456,3418,313874,7124
2020-11-04,Madera,039,155013,5344,5083,58,5141,54
2020-11-04,Marin,041,260295,7303,7157,22,7179,131
2020-11-04,Mariposa,043,17540,88,79,0,79,2
2020-11-04,Mendocino,045,87422,1168,1089,5,1094,22
2020-11-04,Merced,047,269075,10044,9717,48,9765,153
2020-11-04,Modoc,049,8938,59,47,11,58,0
2020-11-04,Mono,051,14174,447,237,7,244,1
2020-11-04,Monterey,053,433212,12237,11743,98,11841,96
2020-11-04,Napa,055,140530,2338,2133,9,2142,15
2020-11-04,Nevada,057,99092,761,675,20,695,9
2020-11-04,Orange,059,3164182,64002,60463,1945,62408,1483
2020-11-04,Placer,061,380077,4979,4526,24,4550,60
2020-11-04,Plumas,063,18699,112,88,0,88,0
2020-11-04,Riverside,065,2383286,72459,69562,667,70229,1335
2020-11-04,Sacramento,067,1510023,28268,27005,42,27047,510
2020-11-04,San Benito,069,59416,1521,1464,1,1465,15
2020-11-04,San Bernardino,071,2135413,70110,65891,555,66446,1169
2020-11-04,San Diego,073,3302833,61991,58126,1885,60011,904
2020-11-04,San Francisco,075,870044,13185,12649,60,12709,146
2020-11-04,San Joaquin,077,732212,23012,22197,286,22483,500
2020-11-04,San Luis Obispo,079,281455,4959,4389,49,4438,32
2020-11-04,San Mateo,081,765935,12102,11456,11,11467,168
2020-11-04,Santa Barbara,083,443738,10295,10026,133,10159,132
2020-11-04,Santa Clara,085,1922200,27542,25487,53,25540,393
2020-11-04,Santa Cruz,087,273765,3243,2997,37,3034,25
2020-11-04,Shasta,089,179085,3016,2321,35,2356,34
2020-11-04,Sierra,091,2930,9,6,0,6,0
2020-11-04,Siskiyou,093,43540,266,222,12,234,0
2020-11-04,Solano,095,438530,8240,7733,42,7775,85
2020-11-04,Sonoma,097,501317,10458,9965,34,9999,142
2020-11-04,Stanislaus,099,539301,18538,18114,891,19005,416
2020-11-04,Sutter,101,95872,2033,1916,2,1918,12
2020-11-04,Tehama,103,63373,1088,997,2,999,6
2020-11-04,Trinity,105,12862,123,37,15,52,0
2020-11-04,Tulare,107,460477,18774,17952,564,18516,298
2020-11-04,Tuolumne,109,53932,389,310,4,314,5
2020-11-04,Ventura,111,848112,16009,14936,436,15372,155
2020-11-04,Yolo,113,214977,3594,3361,9,3370,62
2020-11-04,Yuba,115,75493,1388,1312,7,1319,10
2020-11-03,Alameda,001,1643700,24997,24055,244,24299,418
2020-11-03,Alpine,003,1148,19,4,0,4,0
2020-11-03,Amador,005,37829,385,361,0,361,16
2020-11-03,Butte,007,227075,3357,3211,49,3260,57
2020-11-03,Calaveras,009,45235,351,287,0,287,19
2020-11-03,Colusa,011,21464,584,572,1,573,6
2020-11-03,Contra Costa,013,1133247,20177,19416,99,19515,250
2020-11-03,Del Norte,015,27424,196,187,0,187,2
2020-11-03,El Dorado,017,186661,1568,1445,5,1450,4
2020-11-03,Fresno,019,978130,35083,31856,572,32428,457
2020-11-03,Glenn,021,27897,726,698,6,704,3
2020-11-03,Humboldt,023,135768,612,570,1,571,8
2020-11-03,Imperial,025,180216,13474,13044,23,13067,335
2020-11-03,Inyo,027,18085,257,244,5,249,14
2020-11-03,Kern,029,883053,35106,33957,571,34528,439
2020-11-03,Kings,031,150075,9088,8783,69,8852,83
2020-11-03,Lake,033,64148,766,732,0,732,16
2020-11-03,Lassen,035,31185,808,782,2,784,0
2020-11-03,Los Angeles,037,10098052,318034,308812,3350,312162,7104
2020-11-03,Madera,039,155013,5307,5058,57,5115,54
2020-11-03,Marin,041,260295,7283,7147,21,7168,131
2020-11-03,Mariposa,043,17540,87,79,0,79,2
2020-11-03,Mendocino,045,87422,1153,1084,5,1089,22
2020-11-03,Merced,047,269075,9991,9713,47,9760,153
2020-11-03,Modoc,049,8938,57,47,9,56,0
2020-11-03,Mono,051,14174,443,210,7,217,1
2020-11-03,Monterey,053,433212,12168,11703,91,11794,94
2020-11-03,Napa,055,140530,2302,2130,9,2139,15
2020-11-03,Nevada,057,99092,741,670,19,689,9
2020-11-03,Orange,059,3164182,63572,60283,1933,62216,1477
2020-11-03,Placer,061,380077,4905,4514,24,4538,60
2020-11-03,Plumas,063,18699,109,86,0,86,0
2020-11-03,Riverside,065,2383286,71840,69300,642,69942,1325
2020-11-03,Sacramento,067,1510023,27888,26841,41,26882,510
2020-11-03,San Benito,069,59416,1511,1463,1,1464,15
2020-11-03,San Bernardino,071,2135413,69299,65320,547,65867,1159
2020-11-03,San Diego,073,3302833,61315,57722,1841,59563,901
2020-11-03,San Francisco,075,870044,13062,12585,60,12645,146
2020-11-03,San Joaquin,077,732212,22877,22109,280,22389,500
2020-11-03,San Luis Obispo,079,281455,4875,4371,47,4418,32
2020-11-03,San Mateo,081,765935,12007,11406,11,11417,162
2020-11-03,Santa Barbara,083,443738,10241,10008,128,10136,132
2020-11-03,Santa Clara,085,1922200,27270,25386,52,25438,393
2020-11-03,Santa Cruz,087,273765,3193,2980,36,3016,25
2020-11-03,Shasta,089,179085,2922,2288,28,2316,33
2020-11-03,Sierra,091,2930,7,6,0,6,0
2020-11-03,Siskiyou,093,43540,262,219,11,230,0
2020-11-03,Solano,095,438530,8157,7691,42,7733,85
2020-11-03,Sonoma,097,501317,10356,9906,34,9940,142
2020-11-03,Stanislaus,099,539301,18417,18080,880,18960,416
2020-11-03,Sutter,101,95872,2000,1914,2,1916,12
2020-11-03,Tehama,103,63373,1067,988,2,990,6
2020-11-03,Trinity,105,12862,116,36,14,50,0
2020-11-03,Tulare,107,460477,18668,17890,539,18429,297
2020-11-03,Tuolumne,109,53932,366,302,4,306,5
2020-11-03,Ventura,111,848112,15882,14816,429,15245,155
2020-11-03,Yolo,113,214977,3543,3343,9,3352,61
2020-11-03,Yuba,115,75493,1375,1295,7,1302,10
2020-11-02,Alameda,001,1643700,24801,23991,241,24232,419
2020-11-02,Alpine,003,1148,16,4,0,4,0
2020-11-02,Amador,005,37829,377,357,0,357,16
2020-11-02,Butte,007,227075,3337,3198,46,3244,57
2020-11-02,Calaveras,009,45235,351,282,0,282,18
2020-11-02,Colusa,011,21464,579,571,1,572,6
2020-11-02,Contra Costa,013,1133247,20023,19339,98,19437,250
2020-11-02,Del Norte,015,27424,193,175,0,175,2
2020-11-02,El Dorado,017,186661,1544,1405,5,1410,4
2020-11-02,Fresno,019,978130,34814,31738,555,32293,451
2020-11-02,Glenn,021,27897,720,692,5,697,3
2020-11-02,Humboldt,023,135768,603,569,1,570,8
2020-11-02,Imperial,025,180216,13394,13004,22,13026,334
2020-11-02,Inyo,027,18085,254,243,5,248,14
2020-11-02,Kern,029,883053,34948,33834,561,34395,437
2020-11-02,Kings,031,150075,9058,8654,66,8720,82
2020-11-02,Lake,033,64148,760,728,0,728,17
2020-11-02,Lassen,035,31185,800,782,2,784,0
2020-11-02,Los Angeles,037,10098052,315690,307620,3273,310893,7079
2020-11-02,Madera,039,155013,5276,5033,56,5089,54
2020-11-02,Marin,041,260295,7265,7132,20,7152,125
2020-11-02,Mariposa,043,17540,87,79,0,79,2
2020-11-02,Mendocino,045,87422,1139,1076,5,1081,21
2020-11-02,Merced,047,269075,9929,9664,41,9705,152
2020-11-02,Modoc,049,8938,54,45,5,50,0
2020-11-02,Mono,051,14174,441,211,7,218,1
2020-11-02,Monterey,053,433212,12061,11602,88,11690,93
2020-11-02,Napa,055,140530,2260,2081,9,2090,15
2020-11-02,Nevada,057,99092,725,656,19,675,9
2020-11-02,Orange,059,3164182,63167,59996,1917,61913,1474
2020-11-02,Placer,061,380077,4837,4461,22,4483,60
2020-11-02,Plumas,063,18699,101,86,0,86,0
2020-11-02,Riverside,065,2383286,71209,68833,601,69434,1321
2020-11-02,Sacramento,067,1510023,27546,26676,39,26715,508
2020-11-02,San Benito,069,59416,1499,1459,1,1460,15
2020-11-02,San Bernardino,071,2135413,68443,64629,536,65165,1157
2020-11-02,San Diego,073,3302833,60592,57429,1796,59225,891
2020-11-02,San Francisco,075,870044,12965,12436,59,12495,145
2020-11-02,San Joaquin,077,732212,22737,21919,272,22191,500
2020-11-02,San Luis Obispo,079,281455,4775,4303,44,4347,31
2020-11-02,San Mateo,081,765935,11898,11328,11,11339,161
2020-11-02,Santa Barbara,083,443738,10200,9985,123,10108,130
2020-11-02,Santa Clara,085,1922200,26980,25222,52,25274,387
2020-11-02,Santa Cruz,087,273765,3151,2943,36,2979,25
2020-11-02,Shasta,089,179085,2819,2174,24,2198,33
2020-11-02,Sierra,091,2930,7,6,0,6,0
2020-11-02,Siskiyou,093,43540,252,216,11,227,0
2020-11-02,Solano,095,438530,8039,7665,42,7707,84
2020-11-02,Sonoma,097,501317,10274,9796,33,9829,140
2020-11-02,Stanislaus,099,539301,18321,18005,871,18876,412
2020-11-02,Sutter,101,95872,1976,1895,2,1897,12
2020-11-02,Tehama,103,63373,1044,971,2,973,6
2020-11-02,Trinity,105,12862,110,30,14,44,0
2020-11-02,Tulare,107,460477,18575,17774,518,18292,299
2020-11-02,Tuolumne,109,53932,345,302,4,306,5
2020-11-02,Ventura,111,848112,15741,14767,415,15182,156
2020-11-02,Yolo,113,214977,3494,3318,9,3327,61
2020-11-02,Yuba,115,75493,1362,1280,7,1287,10
2020-11-01,Alameda,001,1643700,24638,23892,239,24131,419
2020-11-01,Alpine,003,1148,10,4,0,4,0
2020-11-01,Amador,005,37829,374,352,0,352,16
2020-11-01,Butte,007,227075,3313,3185,45,3230,57
2020-11-01,Calaveras,009,45235,350,282,0,282,18
2020-11-01,Colusa,011,21464,577,567,1,568,6
2020-11-01,Contra Costa,013,1133247,19849,19246,97,19343,250
2020-11-01,Del Norte,015,27424,189,175,0,175,2
2020-11-01,El Dorado,017,186661,1528,1394,5,1399,4
2020-11-01,Fresno,019,978130,34557,31613,535,32148,451
2020-11-01,Glenn,021,27897,711,688,3,691,3
2020-11-01,Humboldt,023,135768,595,568,1,569,8
2020-11-01,Imperial,025,180216,13303,12969,20,12989,334
2020-11-01,Inyo,027,18085,252,241,5,246,14
2020-11-01,Kern,029,883053,34767,33760,467,34227,437
2020-11-01,Kings,031,150075,9020,8641,65,8706,82
2020-11-01,Lake,033,64148,754,727,0,727,17
2020-11-01,Lassen,035,31185,800,782,2,784,0
2020-11-01,Los Angeles,037,10098052,313124,306217,3180,309397,7077
2020-11-01,Madera,039,155013,5228,5019,54,5073,54
2020-11-01,Marin,041,260295,7248,7124,20,7144,125
2020-11-01,Mariposa,043,17540,83,79,0,79,2
2020-11-01,Mendocino,045,87422,1126,1074,5,1079,21
2020-11-01,Merced,047,269075,9868,9626,41,9667,152
2020-11-01,Modoc,049,8938,53,45,5,50,0
2020-11-01,Mono,051,14174,412,211,6,217,1
2020-11-01,Monterey,053,433212,11954,11587,85,11672,93
2020-11-01,Napa,055,140530,2226,2067,9,2076,15
2020-11-01,Nevada,057,99092,709,646,18,664,9
2020-11-01,Orange,059,3164182,62765,59733,1890,61623,1475
2020-11-01,Placer,061,380077,4771,4422,21,4443,58
2020-11-01,Plumas,063,18699,96,86,0,86,0
2020-11-01,Riverside,065,2383286,70579,68493,565,69058,1319
2020-11-01,Sacramento,067,1510023,27224,26442,39,26481,508
2020-11-01,San Benito,069,59416,1484,1451,1,1452,15
2020-11-01,San Bernardino,071,2135413,67601,64339,515,64854,1157
2020-11-01,San Diego,073,3302833,59904,57122,1756,58878,891
2020-11-01,San Francisco,075,870044,12842,12436,54,12490,145
2020-11-01,San Joaquin,077,732212,22609,21919,266,22185,500
2020-11-01,San Luis Obispo,079,281455,4695,4303,43,4346,31
2020-11-01,San Mateo,081,765935,11817,11280,11,11291,160
2020-11-01,Santa Barbara,083,443738,10149,9969,107,10076,130
2020-11-01,Santa Clara,085,1922200,26700,25090,52,25142,386
2020-11-01,Santa Cruz,087,273765,3098,2921,36,2957,25
2020-11-01,Shasta,089,179085,2684,2172,23,2195,33
2020-11-01,Sierra,091,2930,7,6,0,6,0
2020-11-01,Siskiyou,093,43540,247,205,11,216,0
2020-11-01,Solano,095,438530,7949,7591,42,7633,84
2020-11-01,Sonoma,097,501317,10182,9688,33,9721,140
2020-11-01,Stanislaus,099,539301,18220,17961,851,18812,412
2020-11-01,Sutter,101,95872,1950,1888,1,1889,12
2020-11-01,Tehama,103,63373,1027,965,2,967,5
2020-11-01,Trinity,105,12862,108,30,13,43,0
2020-11-01,Tulare,107,460477,18463,17774,487,18261,299
2020-11-01,Tuolumne,109,53932,323,295,4,299,5
2020-11-01,Ventura,111,848112,15592,14686,384,15070,156
2020-11-01,Yolo,113,214977,3446,3303,9,3312,60
2020-11-01,Yuba,115,75493,1345,1273,7,1280,10
2020-10-31,Alameda,001,1643700,24522,23780,235,24015,416
2020-10-31,Alpine,003,1148,10,4,0,4,0
2020-10-31,Amador,005,37829,370,347,0,347,16
2020-10-31,Butte,007,227075,3300,3172,43,3215,57
2020-10-31,Calaveras,009,45235,350,280,0,280,18
2020-10-31,Colusa,011,21464,575,555,1,556,6
2020-10-31,Contra Costa,013,1133247,19744,19161,97,19258,249
2020-10-31,Del Norte,015,27424,188,175,0,175,2
2020-10-31,El Dorado,017,186661,1519,1390,5,1395,4
2020-10-31,Fresno,019,978130,34420,31558,532,32090,451
2020-10-31,Glenn,021,27897,709,678,3,681,3
2020-10-31,Humboldt,023,135768,592,561,1,562,8
2020-10-31,Imperial,025,180216,13261,12912,20,12932,334
2020-10-31,Inyo,027,18085,251,241,5,246,14
2020-10-31,Kern,029,883053,34664,33666,457,34123,437
2020-10-31,Kings,031,150075,8999,8612,64,8676,82
2020-10-31,Lake,033,64148,750,724,0,724,16
2020-10-31,Lassen,035,31185,795,782,2,784,0
2020-10-31,Los Angeles,037,10098052,311750,304704,3137,307841,7073
2020-10-31,Madera,039,155013,5210,5013,51,5064,54
2020-10-31,Marin,041,260295,7232,7112,20,7132,125
2020-10-31,Mariposa,043,17540,83,79,0,79,2
2020-10-31,Mendocino,045,87422,1118,1066,5,1071,21
2020-10-31,Merced,047,269075,9835,9597,40,9637,151
2020-10-31,Modoc,049,8938,52,34,4,38,0
2020-10-31,Mono,051,14174,263,194,5,199,1
2020-10-31,Monterey,053,433212,11886,11539,81,11620,93
2020-10-31,Napa,055,140530,2207,2040,9,2049,15
2020-10-31,Nevada,057,99092,691,644,18,662,9
2020-10-31,Orange,059,3164182,62507,59488,1872,61360,1473
2020-10-31,Placer,061,380077,4721,4374,20,4394,58
2020-10-31,Plumas,063,18699,95,85,0,85,0
2020-10-31,Riverside,065,2383286,70222,68178,542,68720,1319
2020-10-31,Sacramento,067,1510023,27025,26316,37,26353,507
2020-10-31,San Benito,069,59416,1477,1448,1,1449,15
2020-10-31,San Bernardino,071,2135413,67176,64016,505,64521,1157
2020-10-31,San Diego,073,3302833,59451,56769,1728,58497,891
2020-10-31,San Francisco,075,870044,12768,12438,53,12491,145
2020-10-31,San Joaquin,077,732212,22534,21918,257,22175,500
2020-10-31,San Luis Obispo,079,281455,4626,4285,40,4325,31
2020-10-31,San Mateo,081,765935,11765,11253,11,11264,160
2020-10-31,Santa Barbara,083,443738,10120,9957,99,10056,130
2020-10-31,Santa Clara,085,1922200,26531,24957,52,25009,379
2020-10-31,Santa Cruz,087,273765,3063,2895,35,2930,25
2020-10-31,Shasta,089,179085,2630,2122,22,2144,33
2020-10-31,Sierra,091,2930,7,6,0,6,0
2020-10-31,Siskiyou,093,43540,245,200,11,211,0
2020-10-31,Solano,095,438530,7885,7545,42,7587,84
2020-10-31,Sonoma,097,501317,10129,9648,33,9681,140
2020-10-31,Stanislaus,099,539301,18157,17920,835,18755,412
2020-10-31,Sutter,101,95872,1941,1876,1,1877,12
2020-10-31,Tehama,103,63373,1017,953,2,955,5
2020-10-31,Trinity,105,12862,105,30,13,43,0
2020-10-31,Tulare,107,460477,18414,17758,479,18237,299
2020-10-31,Tuolumne,109,53932,316,290,4,294,5
2020-10-31,Ventura,111,848112,15508,14635,366,15001,155
2020-10-31,Yolo,113,214977,3411,3290,9,3299,60
2020-10-31,Yuba,115,75493,1329,1260,6,1266,10
2020-10-30,Alameda,001,1643700,24442,23676,233,23909,401
2020-10-30,Alpine,003,1148,10,4,0,4,0
2020-10-30,Amador,005,37829,370,344,0,344,16
2020-10-30,Butte,007,227075,3295,3160,43,3203,57
2020-10-30,Calaveras,009,45235,349,279,0,279,18
2020-10-30,Colusa,011,21464,573,554,1,555,6
2020-10-30,Contra Costa,013,1133247,19672,19074,97,19171,249
2020-10-30,Del Norte,015,27424,187,175,0,175,2
2020-10-30,El Dorado,017,186661,1506,1386,5,1391,4
2020-10-30,Fresno,019,978130,34298,31409,523,31932,446
2020-10-30,Glenn,021,27897,703,674,2,676,3
2020-10-30,Humboldt,023,135768,591,561,1,562,7
2020-10-30,Imperial,025,180216,13220,12853,20,12873,334
2020-10-30,Inyo,027,18085,250,241,5,246,14
2020-10-30,Kern,029,883053,34571,33583,456,34039,437
2020-10-30,Kings,031,150075,8989,8564,62,8626,82
2020-10-30,Lake,033,64148,750,720,0,720,16
2020-10-30,Lassen,035,31185,789,777,2,779,0
2020-10-30,Los Angeles,037,10098052,310313,303425,3103,306528,7060
2020-10-30,Madera,039,155013,5198,4991,49,5040,54
2020-10-30,Marin,041,260295,7212,7097,20,7117,125
2020-10-30,Mariposa,043,17540,83,78,0,78,2
2020-10-30,Mendocino,045,87422,1116,1062,5,1067,21
2020-10-30,Merced,047,269075,9803,9539,40,9579,150
2020-10-30,Modoc,049,8938,51,34,3,37,0
2020-10-30,Mono,051,14174,262,193,5,198,1
2020-10-30,Monterey,053,433212,11823,11491,76,11567,92
2020-10-30,Napa,055,140530,2189,2028,9,2037,15
2020-10-30,Nevada,057,99092,685,634,18,652,9
2020-10-30,Orange,059,3164182,62265,59334,1860,61194,1469
2020-10-30,Placer,061,380077,4674,4335,20,4355,58
2020-10-30,Plumas,063,18699,92,80,0,80,0
2020-10-30,Riverside,065,2383286,69882,67752,522,68274,1317
2020-10-30,Sacramento,067,1510023,26877,26147,37,26184,505
2020-10-30,San Benito,069,59416,1471,1440,1,1441,15
2020-10-30,San Bernardino,071,2135413,66760,63512,502,64014,1156
2020-10-30,San Diego,073,3302833,59046,56387,1706,58093,888
2020-10-30,San Francisco,075,870044,12713,12384,53,12437,145
2020-10-30,San Joaquin,077,732212,22467,21849,251,22100,500
2020-10-30,San Luis Obispo,079,281455,4583,4256,40,4296,31
2020-10-30,San Mateo,081,765935,11706,11207,11,11218,159
2020-10-30,Santa Barbara,083,443738,10097,9937,99,10036,128
2020-10-30,Santa Clara,085,1922200,26382,24811,52,24863,378
2020-10-30,Santa Cruz,087,273765,3045,2874,35,2909,25
2020-10-30,Shasta,089,179085,2586,2048,21,2069,32
2020-10-30,Sierra,091,2930,7,6,0,6,0
2020-10-30,Siskiyou,093,43540,245,192,11,203,0
2020-10-30,Solano,095,438530,7824,7497,42,7539,84
2020-10-30,Sonoma,097,501317,10054,9602,33,9635,140
2020-10-30,Stanislaus,099,539301,18109,17861,819,18680,410
2020-10-30,Sutter,101,95872,1928,1860,1,1861,12
2020-10-30,Tehama,103,63373,1013,932,2,934,5
2020-10-30,Trinity,105,12862,105,29,13,42,0
2020-10-30,Tulare,107,460477,18369,17682,464,18146,299
2020-10-30,Tuolumne,109,53932,309,286,4,290,4
2020-10-30,Ventura,111,848112,15435,14578,354,14932,154
2020-10-30,Yolo,113,214977,3394,3263,9,3272,60
2020-10-30,Yuba,115,75493,1321,1256,6,1262,10
2020-10-29,Alameda,001,1643700,24278,23530,232,23762,401
2020-10-29,Alpine,003,1148,7,4,0,4,0
2020-10-29,Amador,005,37829,366,338,0,338,16
2020-10-29,Butte,007,227075,3277,3143,42,3185,57
2020-10-29,Calaveras,009,45235,347,278,0,278,13
2020-10-29,Colusa,011,21464,569,552,1,553,6
2020-10-29,Contra Costa,013,1133247,19573,18933,96,19029,249
2020-10-29,Del Norte,015,27424,185,174,0,174,2
2020-10-29,El Dorado,017,186661,1484,1370,5,1375,4
2020-10-29,Fresno,019,978130,34141,31321,516,31837,445
2020-10-29,Glenn,021,27897,701,673,2,675,3
2020-10-29,Humboldt,023,135768,586,559,1,560,7
2020-10-29,Imperial,025,180216,13176,12769,20,12789,334
2020-10-29,Inyo,027,18085,248,238,5,243,14
2020-10-29,Kern,029,883053,34470,33460,452,33912,437
2020-10-29,Kings,031,150075,8835,8502,61,8563,82
2020-10-29,Lake,033,64148,747,702,0,702,16
2020-10-29,Lassen,035,31185,788,772,2,774,0
2020-10-29,Los Angeles,037,10098052,308684,302246,3057,305303,7046
2020-10-29,Madera,039,155013,5168,4970,47,5017,53
2020-10-29,Marin,041,260295,7198,7083,20,7103,125
2020-10-29,Mariposa,043,17540,81,78,0,78,2
2020-10-29,Mendocino,045,87422,1110,1058,5,1063,21
2020-10-29,Merced,047,269075,9751,9496,40,9536,150
2020-10-29,Modoc,049,8938,49,31,3,34,0
2020-10-29,Mono,051,14174,255,176,5,181,1
2020-10-29,Monterey,053,433212,11742,11425,74,11499,92
2020-10-29,Napa,055,140530,2165,2009,9,2018,15
2020-10-29,Nevada,057,99092,678,632,18,650,9
2020-10-29,Orange,059,3164182,61997,59046,1840,60886,1464
2020-10-29,Placer,061,380077,4629,4270,18,4288,58
2020-10-29,Plumas,063,18699,90,69,0,69,0
2020-10-29,Riverside,065,2383286,69505,67268,492,67760,1304
2020-10-29,Sacramento,067,1510023,26664,25978,36,26014,507
2020-10-29,San Benito,069,59416,1466,1431,1,1432,15
2020-10-29,San Bernardino,071,2135413,66192,62968,492,63460,1150
2020-10-29,San Diego,073,3302833,58580,55916,1677,57593,885
2020-10-29,San Francisco,075,870044,12634,12312,53,12365,145
2020-10-29,San Joaquin,077,732212,22383,21736,239,21975,498
2020-10-29,San Luis Obispo,079,281455,4552,4223,39,4262,31
2020-10-29,San Mateo,081,765935,11660,11145,11,11156,157
2020-10-29,Santa Barbara,083,443738,10064,9902,97,9999,128
2020-10-29,Santa Clara,085,1922200,26231,24614,52,24666,377
2020-10-29,Santa Cruz,087,273765,3020,2850,35,2885,24
2020-10-29,Shasta,089,179085,2523,2008,21,2029,32
2020-10-29,Sierra,091,2930,6,6,0,6,0
2020-10-29,Siskiyou,093,43540,229,185,11,196,0
2020-10-29,Solano,095,438530,7762,7453,42,7495,78
2020-10-29,Sonoma,097,501317,9990,9533,33,9566,140
2020-10-29,Stanislaus,099,539301,18056,17790,798,18588,410
2020-10-29,Sutter,101,95872,1920,1852,1,1853,12
2020-10-29,Tehama,103,63373,995,925,2,927,5
2020-10-29,Trinity,105,12862,100,28,12,40,0
2020-10-29,Tulare,107,460477,18291,17627,445,18072,299
2020-10-29,Tuolumne,109,53932,304,279,4,283,4
2020-10-29,Ventura,111,848112,15344,14486,350,14836,154
2020-10-29,Yolo,113,214977,3365,3246,9,3255,60
2020-10-29,Yuba,115,75493,1310,1248,6,1254,10
2020-10-28,Alameda,001,1643700,24178,23468,231,23699,400
2020-10-28,Alpine,003,1148,6,4,0,4,0
2020-10-28,Amador,005,37829,363,337,0,337,16
2020-10-28,Butte,007,227075,3261,3134,39,3173,56
2020-10-28,Calaveras,009,45235,346,278,0,278,13
2020-10-28,Colusa,011,21464,566,551,1,552,6
2020-10-28,Contra Costa,013,1133247,19486,18828,95,18923,246
2020-10-28,Del Norte,015,27424,182,173,0,173,2
2020-10-28,El Dorado,017,186661,1472,1363,5,1368,4
2020-10-28,Fresno,019,978130,34019,31195,510,31705,444
2020-10-28,Glenn,021,27897,697,673,2,675,3
2020-10-28,Humboldt,023,135768,582,559,1,560,7
2020-10-28,Imperial,025,180216,13127,12730,20,12750,333
2020-10-28,Inyo,027,18085,248,238,5,243,14
2020-10-28,Kern,029,883053,34368,33424,433,33857,436
2020-10-28,Kings,031,150075,8813,8486,60,8546,82
2020-10-28,Lake,033,64148,744,700,0,700,15
2020-10-28,Lassen,035,31185,784,771,2,773,0
2020-10-28,Los Angeles,037,10098052,307225,300726,3015,303741,7031
2020-10-28,Madera,039,155013,5151,4954,46,5000,53
2020-10-28,Marin,041,260295,7187,7079,20,7099,126
2020-10-28,Mariposa,043,17540,81,78,0,78,2
2020-10-28,Mendocino,045,87422,1109,1037,5,1042,20
2020-10-28,Merced,047,269075,9725,9480,39,9519,150
2020-10-28,Modoc,049,8938,48,31,2,33,0
2020-10-28,Mono,051,14174,237,176,5,181,1
2020-10-28,Monterey,053,433212,11684,11330,72,11402,89
2020-10-28,Napa,055,140530,2139,1998,8,2006,15
2020-10-28,Nevada,057,99092,670,629,18,647,9
2020-10-28,Orange,059,3164182,61733,58801,1824,60625,1459
2020-10-28,Placer,061,380077,4573,4236,18,4254,57
2020-10-28,Plumas,063,18699,89,67,0,67,0
2020-10-28,Riverside,065,2383286,69107,67003,468,67471,1302
2020-10-28,Sacramento,067,1510023,26468,25838,35,25873,506
2020-10-28,San Benito,069,59416,1458,1429,1,1430,15
2020-10-28,San Bernardino,071,2135413,65733,62778,483,63261,1154
2020-10-28,San Diego,073,3302833,58197,55556,1648,57204,881
2020-10-28,San Francisco,075,870044,12576,12261,52,12313,145
2020-10-28,San Joaquin,077,732212,22299,21707,228,21935,498
2020-10-28,San Luis Obispo,079,281455,4508,4197,36,4233,31
2020-10-28,San Mateo,081,765935,11593,11101,11,11112,157
2020-10-28,Santa Barbara,083,443738,10040,9872,95,9967,127
2020-10-28,Santa Clara,085,1922200,26087,24503,52,24555,375
2020-10-28,Santa Cruz,087,273765,2989,2836,35,2871,24
2020-10-28,Shasta,089,179085,2443,1996,20,2016,31
2020-10-28,Sierra,091,2930,6,6,0,6,0
2020-10-28,Siskiyou,093,43540,226,182,10,192,0
2020-10-28,Solano,095,438530,7703,7362,42,7404,77
2020-10-28,Sonoma,097,501317,9900,9457,28,9485,140
2020-10-28,Stanislaus,099,539301,17991,17765,788,18553,409
2020-10-28,Sutter,101,95872,1911,1840,1,1841,12
2020-10-28,Tehama,103,63373,984,921,2,923,5
2020-10-28,Trinity,105,12862,93,28,11,39,0
2020-10-28,Tulare,107,460477,18234,17569,429,17998,297
2020-10-28,Tuolumne,109,53932,301,277,4,281,4
2020-10-28,Ventura,111,848112,15271,14409,341,14750,153
2020-10-28,Yolo,113,214977,3341,3230,9,3239,60
2020-10-28,Yuba,115,75493,1298,1245,6,1251,10
2020-10-27,Alameda,001,1643700,24063,23365,229,23594,400
2020-10-27,Alpine,003,1148,6,3,0,3,0
2020-10-27,Amador,005,37829,360,335,0,335,16
2020-10-27,Butte,007,227075,3246,3107,36,3143,56
2020-10-27,Calaveras,009,45235,344,277,0,277,13
2020-10-27,Colusa,011,21464,561,549,1,550,6
2020-10-27,Contra Costa,013,1133247,19380,18766,95,18861,246
2020-10-27,Del Norte,015,27424,179,173,0,173,2
2020-10-27,El Dorado,017,186661,1459,1351,5,1356,4
2020-10-27,Fresno,019,978130,33900,31096,505,31601,442
2020-10-27,Glenn,021,27897,695,667,1,668,3
2020-10-27,Humboldt,023,135768,579,559,1,560,7
2020-10-27,Imperial,025,180216,13078,12680,19,12699,333
2020-10-27,Inyo,027,18085,248,231,5,236,14
2020-10-27,Kern,029,883053,34251,33328,429,33757,436
2020-10-27,Kings,031,150075,8782,8411,60,8471,83
2020-10-27,Lake,033,64148,741,700,0,700,15
2020-10-27,Lassen,035,31185,782,764,2,766,0
2020-10-27,Los Angeles,037,10098052,305841,299438,2986,302424,7008
2020-10-27,Madera,039,155013,5121,4942,45,4987,53
2020-10-27,Marin,041,260295,7171,7070,20,7090,126
2020-10-27,Mariposa,043,17540,80,78,0,78,2
2020-10-27,Mendocino,045,87422,1103,1033,4,1037,20
2020-10-27,Merced,047,269075,9684,9449,39,9488,150
2020-10-27,Modoc,049,8938,46,31,2,33,0
2020-10-27,Mono,051,14174,223,169,5,174,1
2020-10-27,Monterey,053,433212,11628,11261,70,11331,88
2020-10-27,Napa,055,140530,2123,1979,8,1987,15
2020-10-27,Nevada,057,99092,664,622,18,640,8
2020-10-27,Orange,059,3164182,61461,58550,1808,60358,1448
2020-10-27,Placer,061,380077,4524,4197,16,4213,57
2020-10-27,Plumas,063,18699,86,63,0,63,0
2020-10-27,Riverside,065,2383286,68754,66699,423,67122,1299
2020-10-27,Sacramento,067,1510023,26281,25701,33,25734,501
2020-10-27,San Benito,069,59416,1453,1428,1,1429,15
2020-10-27,San Bernardino,071,2135413,65272,62357,470,62827,1154
2020-10-27,San Diego,073,3302833,57724,55226,1625,56851,877
2020-10-27,San Francisco,075,870044,12501,12218,51,12269,140
2020-10-27,San Joaquin,077,732212,22208,21637,219,21856,496
2020-10-27,San Luis Obispo,079,281455,4481,4148,32,4180,31
2020-10-27,San Mateo,081,765935,11545,11074,11,11085,156
2020-10-27,Santa Barbara,083,443738,10010,9874,94,9968,125
2020-10-27,Santa Clara,085,1922200,25945,24368,52,24420,367
2020-10-27,Santa Cruz,087,273765,2959,2815,34,2849,24
2020-10-27,Shasta,089,179085,2357,1962,20,1982,29
2020-10-27,Sierra,091,2930,6,6,0,6,0
2020-10-27,Siskiyou,093,43540,217,181,10,191,0
2020-10-27,Solano,095,438530,7634,7298,42,7340,77
2020-10-27,Sonoma,097,501317,9833,9389,28,9417,140
2020-10-27,Stanislaus,099,539301,17923,17720,781,18501,408
2020-10-27,Sutter,101,95872,1898,1832,1,1833,12
2020-10-27,Tehama,103,63373,970,913,2,915,5
2020-10-27,Trinity,105,12862,90,28,11,39,0
2020-10-27,Tulare,107,460477,18171,17520,406,17926,296
2020-10-27,Tuolumne,109,53932,297,275,4,279,4
2020-10-27,Ventura,111,848112,15188,14347,334,14681,153
2020-10-27,Yolo,113,214977,3327,3216,9,3225,58
2020-10-27,Yuba,115,75493,1285,1235,6,1241,10
2020-10-26,Alameda,001,1643700,23950,23284,228,23512,398
2020-10-26,Alpine,003,1148,4,3,0,3,0
2020-10-26,Amador,005,37829,356,331,0,331,16
2020-10-26,Butte,007,227075,3235,3095,34,3129,56
2020-10-26,Calaveras,009,45235,340,274,0,274,13
2020-10-26,Colusa,011,21464,559,548,1,549,6
2020-10-26,Contra Costa,013,1133247,19284,18718,94,18812,245
2020-10-26,Del Norte,015,27424,179,171,0,171,2
2020-10-26,El Dorado,017,186661,1445,1336,5,1341,4
2020-10-26,Fresno,019,978130,33787,30969,498,31467,441
2020-10-26,Glenn,021,27897,688,660,1,661,3
2020-10-26,Humboldt,023,135768,571,554,1,555,7
2020-10-26,Imperial,025,180216,13024,12654,16,12670,333
2020-10-26,Inyo,027,18085,248,226,5,231,14
2020-10-26,Kern,029,883053,34167,33233,424,33657,432
2020-10-26,Kings,031,150075,8760,8264,58,8322,82
2020-10-26,Lake,033,64148,739,697,0,697,15
2020-10-26,Lassen,035,31185,779,764,2,766,0
2020-10-26,Los Angeles,037,10098052,304413,297961,2944,300905,6979
2020-10-26,Madera,039,155013,5100,4922,44,4966,53
2020-10-26,Marin,041,260295,7165,7064,19,7083,104
2020-10-26,Mariposa,043,17540,80,77,0,77,2
2020-10-26,Mendocino,045,87422,1095,1026,4,1030,20
2020-10-26,Merced,047,269075,9637,9375,38,9413,150
2020-10-26,Modoc,049,8938,44,28,0,28,0
2020-10-26,Mono,051,14174,217,167,5,172,1
2020-10-26,Monterey,053,433212,11577,11207,66,11273,87
2020-10-26,Napa,055,140530,2091,1966,8,1974,14
2020-10-26,Nevada,057,99092,657,618,18,636,8
2020-10-26,Orange,059,3164182,61258,58377,1789,60166,1442
2020-10-26,Placer,061,380077,4482,4161,15,4176,57
2020-10-26,Plumas,063,18699,84,63,0,63,0
2020-10-26,Riverside,065,2383286,68302,66475,397,66872,1294
2020-10-26,Sacramento,067,1510023,26099,25555,31,25586,496
2020-10-26,San Benito,069,59416,1445,1424,1,1425,15
2020-10-26,San Bernardino,071,2135413,64801,61871,467,62338,1153
2020-10-26,San Diego,073,3302833,57331,54957,1587,56544,870
2020-10-26,San Francisco,075,870044,12441,12072,51,12123,138
2020-10-26,San Joaquin,077,732212,22125,21459,213,21672,495
2020-10-26,San Luis Obispo,079,281455,4455,4133,32,4165,31
2020-10-26,San Mateo,081,765935,11501,11037,11,11048,156
2020-10-26,Santa Barbara,083,443738,9987,9827,94,9921,122
2020-10-26,Santa Clara,085,1922200,25755,24258,51,24309,365
2020-10-26,Santa Cruz,087,273765,2933,2808,34,2842,24
2020-10-26,Shasta,089,179085,2303,1889,20,1909,29
2020-10-26,Sierra,091,2930,6,6,0,6,0
2020-10-26,Siskiyou,093,43540,209,179,10,189,0
2020-10-26,Solano,095,438530,7554,7271,42,7313,62
2020-10-26,Sonoma,097,501317,9754,9315,28,9343,140
2020-10-26,Stanislaus,099,539301,17873,17666,771,18437,400
2020-10-26,Sutter,101,95872,1890,1817,1,1818,12
2020-10-26,Tehama,103,63373,950,892,2,894,5
2020-10-26,Trinity,105,12862,89,26,11,37,0
2020-10-26,Tulare,107,460477,18094,17432,383,17815,296
2020-10-26,Tuolumne,109,53932,288,271,4,275,4
2020-10-26,Ventura,111,848112,15118,14330,331,14661,154
2020-10-26,Yolo,113,214977,3308,3206,9,3215,58
2020-10-26,Yuba,115,75493,1269,1226,6,1232,10
2020-10-25,Alameda,001,1643700,23844,23192,228,23420,398
2020-10-25,Alpine,003,1148,3,3,0,3,0
2020-10-25,Amador,005,37829,345,330,0,330,16
2020-10-25,Butte,007,227075,3216,3087,34,3121,56
2020-10-25,Calaveras,009,45235,339,274,0,274,13
2020-10-25,Colusa,011,21464,555,548,1,549,6
2020-10-25,Contra Costa,013,1133247,19183,18640,94,18734,245
2020-10-25,Del Norte,015,27424,175,171,0,171,2
2020-10-25,El Dorado,017,186661,1430,1328,5,1333,4
2020-10-25,Fresno,019,978130,33653,30858,485,31343,441
2020-10-25,Glenn,021,27897,685,652,1,653,3
2020-10-25,Humboldt,023,135768,568,554,1,555,7
2020-10-25,Imperial,025,180216,12974,12572,16,12588,333
2020-10-25,Inyo,027,18085,245,226,5,231,14
2020-10-25,Kern,029,883053,34060,33185,420,33605,432
2020-10-25,Kings,031,150075,8727,8246,56,8302,82
2020-10-25,Lake,033,64148,722,695,0,695,15
2020-10-25,Lassen,035,31185,776,764,2,766,0
2020-10-25,Los Angeles,037,10098052,302851,297110,2907,300017,6973
2020-10-25,Madera,039,155013,5070,4909,39,4948,53
2020-10-25,Marin,041,260295,7155,7052,19,7071,102
2020-10-25,Mariposa,043,17540,80,77,0,77,2
2020-10-25,Mendocino,045,87422,1088,1024,4,1028,20
2020-10-25,Merced,047,269075,9572,9352,36,9388,150
2020-10-25,Modoc,049,8938,39,28,0,28,0
2020-10-25,Mono,051,14174,209,167,5,172,1
2020-10-25,Monterey,053,433212,11494,11182,61,11243,87
2020-10-25,Napa,055,140530,2061,1962,8,1970,14
2020-10-25,Nevada,057,99092,649,616,18,634,8
2020-10-25,Orange,059,3164182,60970,58185,1780,59965,1443
2020-10-25,Placer,061,380077,4430,4140,15,4155,57
2020-10-25,Plumas,063,18699,84,63,0,63,0
2020-10-25,Riverside,065,2383286,67851,66192,381,66573,1289
2020-10-25,Sacramento,067,1510023,25883,25445,28,25473,496
2020-10-25,San Benito,069,59416,1438,1423,1,1424,15
2020-10-25,San Bernardino,071,2135413,64260,61551,455,62006,1153
2020-10-25,San Diego,073,3302833,56868,54599,1555,56154,870
2020-10-25,San Francisco,075,870044,12368,12072,51,12123,137
2020-10-25,San Joaquin,077,732212,22017,21459,205,21664,495
2020-10-25,San Luis Obispo,079,281455,4413,4126,30,4156,31
2020-10-25,San Mateo,081,765935,11456,10987,11,10998,156
2020-10-25,Santa Barbara,083,443738,9967,9814,94,9908,122
2020-10-25,Santa Clara,085,1922200,25567,24087,51,24138,365
2020-10-25,Santa Cruz,087,273765,2906,2789,34,2823,24
2020-10-25,Shasta,089,179085,2239,1889,20,1909,29
2020-10-25,Sierra,091,2930,6,6,0,6,0
2020-10-25,Siskiyou,093,43540,206,176,10,186,0
2020-10-25,Solano,095,438530,7476,7197,42,7239,60
2020-10-25,Sonoma,097,501317,9661,9235,27,9262,140
2020-10-25,Stanislaus,099,539301,17816,17641,761,18402,400
2020-10-25,Sutter,101,95872,1872,1811,1,1812,12
2020-10-25,Tehama,103,63373,933,880,2,882,5
2020-10-25,Trinity,105,12862,85,26,11,37,0
2020-10-25,Tulare,107,460477,18021,17431,373,17804,296
2020-10-25,Tuolumne,109,53932,283,271,4,275,4
2020-10-25,Ventura,111,848112,15025,14300,325,14625,154
2020-10-25,Yolo,113,214977,3287,3190,9,3199,58
2020-10-25,Yuba,115,75493,1261,1219,6,1225,10
2020-10-24,Alameda,001,1643700,23773,23099,225,23324,398
2020-10-24,Alpine,003,1148,3,3,0,3,0
2020-10-24,Amador,005,37829,344,328,0,328,16
2020-10-24,Butte,007,227075,3207,3078,34,3112,56
2020-10-24,Calaveras,009,45235,337,274,0,274,13
2020-10-24,Colusa,011,21464,550,548,1,549,6
2020-10-24,Contra Costa,013,1133247,19116,18567,94,18661,244
2020-10-24,Del Norte,015,27424,174,171,0,171,2
2020-10-24,El Dorado,017,186661,1414,1317,5,1322,4
2020-10-24,Fresno,019,978130,33592,30752,480,31232,441
2020-10-24,Glenn,021,27897,682,650,1,651,3
2020-10-24,Humboldt,023,135768,566,553,1,554,7
2020-10-24,Imperial,025,180216,12947,12469,16,12485,333
2020-10-24,Inyo,027,18085,245,226,5,231,14
2020-10-24,Kern,029,883053,34002,33105,414,33519,432
2020-10-24,Kings,031,150075,8717,8228,55,8283,82
2020-10-24,Lake,033,64148,717,696,0,696,15
2020-10-24,Lassen,035,31185,775,764,2,766,0
2020-10-24,Los Angeles,037,10098052,302032,296323,2885,299208,6969
2020-10-24,Madera,039,155013,5057,4898,38,4936,53
2020-10-24,Marin,041,260295,7146,7042,19,7061,102
2020-10-24,Mariposa,043,17540,80,77,0,77,2
2020-10-24,Mendocino,045,87422,1076,1022,4,1026,20
2020-10-24,Merced,047,269075,9548,9351,36,9387,150
2020-10-24,Modoc,049,8938,38,28,0,28,0
2020-10-24,Mono,051,14174,195,167,5,172,1
2020-10-24,Monterey,053,433212,11425,11153,60,11213,87
2020-10-24,Napa,055,140530,2044,1957,8,1965,14
2020-10-24,Nevada,057,99092,645,608,18,626,8
2020-10-24,Orange,059,3164182,60815,57928,1770,59698,1441
2020-10-24,Placer,061,380077,4399,4093,15,4108,57
2020-10-24,Plumas,063,18699,78,63,0,63,0
2020-10-24,Riverside,065,2383286,67643,65902,366,66268,1288
2020-10-24,Sacramento,067,1510023,25802,25372,28,25400,496
2020-10-24,San Benito,069,59416,1433,1417,1,1418,15
2020-10-24,San Bernardino,071,2135413,64020,61351,446,61797,1153
2020-10-24,San Diego,073,3302833,56591,54330,1542,55872,868
2020-10-24,San Francisco,075,870044,12310,12073,50,12123,137
2020-10-24,San Joaquin,077,732212,21965,21458,200,21658,495
2020-10-24,San Luis Obispo,079,281455,4390,4119,29,4148,31
2020-10-24,San Mateo,081,765935,11417,10942,11,10953,155
2020-10-24,Santa Barbara,083,443738,9950,9781,94,9875,122
2020-10-24,Santa Clara,085,1922200,25480,23978,51,24029,365
2020-10-24,Santa Cruz,087,273765,2887,2775,34,2809,24
2020-10-24,Shasta,089,179085,2194,1878,20,1898,29
2020-10-24,Sierra,091,2930,6,6,0,6,0
2020-10-24,Siskiyou,093,43540,205,174,10,184,0
2020-10-24,Solano,095,438530,7423,7189,42,7231,60
2020-10-24,Sonoma,097,501317,9627,9179,27,9206,140
2020-10-24,Stanislaus,099,539301,17772,17574,745,18319,400
2020-10-24,Sutter,101,95872,1863,1804,1,1805,12
2020-10-24,Tehama,103,63373,925,872,2,874,5
2020-10-24,Trinity,105,12862,85,25,11,36,0
2020-10-24,Tulare,107,460477,17998,17406,362,17768,295
2020-10-24,Tuolumne,109,53932,280,269,4,273,4
2020-10-24,Ventura,111,848112,14972,14240,324,14564,154
2020-10-24,Yolo,113,214977,3275,3164,9,3173,57
2020-10-24,Yuba,115,75493,1258,1210,6,1216,10
2020-10-23,Alameda,001,1643700,23701,23047,223,23270,393
2020-10-23,Alpine,003,1148,3,3,0,3,0
2020-10-23,Amador,005,37829,343,324,0,324,16
2020-10-23,Butte,007,227075,3198,3059,34,3093,55
2020-10-23,Calaveras,009,45235,336,273,0,273,13
2020-10-23,Colusa,011,21464,550,547,1,548,6
2020-10-23,Contra Costa,013,1133247,19046,18483,93,18576,244
2020-10-23,Del Norte,015,27424,174,171,0,171,2
2020-10-23,El Dorado,017,186661,1405,1310,5,1315,4
2020-10-23,Fresno,019,978130,33525,30590,477,31067,441
2020-10-23,Glenn,021,27897,679,644,1,645,3
2020-10-23,Humboldt,023,135768,564,553,1,554,7
2020-10-23,Imperial,025,180216,12916,12398,15,12413,333
2020-10-23,Inyo,027,18085,244,226,5,231,14
2020-10-23,Kern,029,883053,33934,33077,409,33486,431
2020-10-23,Kings,031,150075,8708,8218,55,8273,82
2020-10-23,Lake,033,64148,715,689,0,689,15
2020-10-23,Lassen,035,31185,774,764,2,766,0
2020-10-23,Los Angeles,037,10098052,300950,294287,2857,297144,6956
2020-10-23,Madera,039,155013,5052,4888,38,4926,53
2020-10-23,Marin,041,260295,7133,7029,19,7048,102
2020-10-23,Mariposa,043,17540,80,77,0,77,2
2020-10-23,Mendocino,045,87422,1073,1019,4,1023,20
2020-10-23,Merced,047,269075,9534,9327,36,9363,149
2020-10-23,Modoc,049,8938,38,28,0,28,0
2020-10-23,Mono,051,14174,194,159,5,164,1
2020-10-23,Monterey,053,433212,11378,11099,56,11155,86
2020-10-23,Napa,055,140530,2036,1942,8,1950,14
2020-10-23,Nevada,057,99092,642,604,18,622,8
2020-10-23,Orange,059,3164182,60645,57595,1755,59350,1430
2020-10-23,Placer,061,380077,4352,4073,15,4088,57
2020-10-23,Plumas,063,18699,75,63,0,63,0
2020-10-23,Riverside,065,2383286,67404,65512,358,65870,1279
2020-10-23,Sacramento,067,1510023,25696,25224,28,25252,496
2020-10-23,San Benito,069,59416,1431,1412,1,1413,15
2020-10-23,San Bernardino,071,2135413,63733,60854,432,61286,1150
2020-10-23,San Diego,073,3302833,56285,53944,1515,55459,867
2020-10-23,San Francisco,075,870044,12279,12015,50,12065,137
2020-10-23,San Joaquin,077,732212,21909,21361,194,21555,495
2020-10-23,San Luis Obispo,079,281455,4365,4102,29,4131,31
2020-10-23,San Mateo,081,765935,11368,10872,11,10883,155
2020-10-23,Santa Barbara,083,443738,9934,9751,94,9845,121
2020-10-23,Santa Clara,085,1922200,25378,23822,51,23873,364
2020-10-23,Santa Cruz,087,273765,2873,2757,34,2791,24
2020-10-23,Shasta,089,179085,2157,1846,19,1865,29
2020-10-23,Sierra,091,2930,6,6,0,6,0
2020-10-23,Siskiyou,093,43540,201,172,10,182,0
2020-10-23,Solano,095,438530,7392,7174,42,7216,59
2020-10-23,Sonoma,097,501317,9570,9112,27,9139,139
2020-10-23,Stanislaus,099,539301,17735,17496,738,18234,395
2020-10-23,Sutter,101,95872,1856,1797,1,1798,12
2020-10-23,Tehama,103,63373,916,862,2,864,5
2020-10-23,Trinity,105,12862,85,26,11,37,0
2020-10-23,Tulare,107,460477,17953,17334,350,17684,295
2020-10-23,Tuolumne,109,53932,278,254,4,258,4
2020-10-23,Ventura,111,848112,14943,14192,324,14516,155
2020-10-23,Yolo,113,214977,3263,3140,9,3149,57
2020-10-23,Yuba,115,75493,1254,1206,6,1212,10
2020-10-22,Alameda,001,1643700,23599,22915,223,23138,393
2020-10-22,Alpine,003,1148,3,3,0,3,0
2020-10-22,Amador,005,37829,339,317,0,317,16
2020-10-22,Butte,007,227075,3188,3046,32,3078,55
2020-10-22,Calaveras,009,45235,333,273,0,273,13
2020-10-22,Colusa,011,21464,550,547,1,548,6
2020-10-22,Contra Costa,013,1133247,18974,18393,93,18486,243
2020-10-22,Del Norte,015,27424,173,168,0,168,2
2020-10-22,El Dorado,017,186661,1395,1308,5,1313,4
2020-10-22,Fresno,019,978130,33415,30471,469,30940,438
2020-10-22,Glenn,021,27897,672,643,1,644,3
2020-10-22,Humboldt,023,135768,562,548,1,549,7
2020-10-22,Imperial,025,180216,12863,12311,15,12326,333
2020-10-22,Inyo,027,18085,241,220,5,225,14
2020-10-22,Kern,029,883053,33853,32991,406,33397,431
2020-10-22,Kings,031,150075,8457,8201,55,8256,82
2020-10-22,Lake,033,64148,711,678,0,678,15
2020-10-22,Lassen,035,31185,771,764,2,766,0
2020-10-22,Los Angeles,037,10098052,299574,291599,2798,294397,6935
2020-10-22,Madera,039,155013,5031,4847,38,4885,52
2020-10-22,Marin,041,260295,7126,7014,19,7033,102
2020-10-22,Mariposa,043,17540,80,77,0,77,2
2020-10-22,Mendocino,045,87422,1068,1016,4,1020,20
2020-10-22,Merced,047,269075,9506,9323,36,9359,149
2020-10-22,Modoc,049,8938,34,26,0,26,0
2020-10-22,Mono,051,14174,189,156,5,161,1
2020-10-22,Monterey,053,433212,11319,11059,53,11112,84
2020-10-22,Napa,055,140530,2021,1928,8,1936,14
2020-10-22,Nevada,057,99092,636,600,18,618,8
2020-10-22,Orange,059,3164182,60430,57418,1738,59156,1422
2020-10-22,Placer,061,380077,4303,4036,15,4051,57
2020-10-22,Plumas,063,18699,72,62,0,62,0
2020-10-22,Riverside,065,2383286,67068,65104,338,65442,1279
2020-10-22,Sacramento,067,1510023,25556,25054,28,25082,492
2020-10-22,San Benito,069,59416,1427,1403,1,1404,15
2020-10-22,San Bernardino,071,2135413,63332,60402,417,60819,1149
2020-10-22,San Diego,073,3302833,55898,53514,1496,55010,866
2020-10-22,San Francisco,075,870044,12221,11991,48,12039,137
2020-10-22,San Joaquin,077,732212,21836,21282,188,21470,495
2020-10-22,San Luis Obispo,079,281455,4349,4081,29,4110,31
2020-10-22,San Mateo,081,765935,11312,10796,11,10807,155
2020-10-22,Santa Barbara,083,443738,9900,9710,92,9802,120
2020-10-22,Santa Clara,085,1922200,25224,23621,51,23672,363
2020-10-22,Santa Cruz,087,273765,2855,2738,33,2771,24
2020-10-22,Shasta,089,179085,2111,1799,19,1818,29
2020-10-22,Sierra,091,2930,6,6,0,6,0
2020-10-22,Siskiyou,093,43540,201,169,10,179,0
2020-10-22,Solano,095,438530,7346,7116,42,7158,59
2020-10-22,Sonoma,097,501317,9504,9052,26,9078,139
2020-10-22,Stanislaus,099,539301,17681,17440,726,18166,395
2020-10-22,Sutter,101,95872,1842,1794,1,1795,12
2020-10-22,Tehama,103,63373,905,852,2,854,5
2020-10-22,Trinity,105,12862,84,26,11,37,0
2020-10-22,Tulare,107,460477,17887,17265,337,17602,293
2020-10-22,Tuolumne,109,53932,276,252,4,256,4
2020-10-22,Ventura,111,848112,14896,14124,322,14446,154
2020-10-22,Yolo,113,214977,3251,3116,9,3125,58
2020-10-22,Yuba,115,75493,1247,1199,5,1204,10
2020-10-21,Alameda,001,1643700,23511,22853,221,23074,392
2020-10-21,Alpine,003,1148,3,3,0,3,0
2020-10-21,Amador,005,37829,334,313,0,313,16
2020-10-21,Butte,007,227075,3176,3041,32,3073,55
2020-10-21,Calaveras,009,45235,332,272,0,272,13
2020-10-21,Colusa,011,21464,550,546,1,547,6
2020-10-21,Contra Costa,013,1133247,18900,18299,93,18392,243
2020-10-21,Del Norte,015,27424,173,169,0,169,2
2020-10-21,El Dorado,017,186661,1383,1305,4,1309,4
2020-10-21,Fresno,019,978130,33319,30328,464,30792,433
2020-10-21,Glenn,021,27897,667,640,1,641,3
2020-10-21,Humboldt,023,135768,561,548,1,549,7
2020-10-21,Imperial,025,180216,12806,12210,15,12225,331
2020-10-21,Inyo,027,18085,237,220,5,225,14
2020-10-21,Kern,029,883053,33778,32956,405,33361,430
2020-10-21,Kings,031,150075,8430,8186,55,8241,80
2020-10-21,Lake,033,64148,710,676,0,676,15
2020-10-21,Lassen,035,31185,770,764,2,766,0
2020-10-21,Los Angeles,037,10098052,298234,288096,2756,290852,6923
2020-10-21,Madera,039,155013,5006,4831,38,4869,52
2020-10-21,Marin,041,260295,7117,7002,19,7021,102
2020-10-21,Mariposa,043,17540,80,77,0,77,2
2020-10-21,Mendocino,045,87422,1066,1011,4,1015,21
2020-10-21,Merced,047,269075,9482,9319,34,9353,149
2020-10-21,Modoc,049,8938,33,26,0,26,0
2020-10-21,Mono,051,14174,187,156,5,161,1
2020-10-21,Monterey,053,433212,11281,11005,52,11057,83
2020-10-21,Napa,055,140530,2006,1918,8,1926,13
2020-10-21,Nevada,057,99092,630,597,18,615,8
2020-10-21,Orange,059,3164182,60217,57189,1729,58918,1409
2020-10-21,Placer,061,380077,4266,4007,15,4022,56
2020-10-21,Plumas,063,18699,69,58,0,58,0
2020-10-21,Riverside,065,2383286,66772,64778,314,65092,1278
2020-10-21,Sacramento,067,1510023,25363,24908,28,24936,490
2020-10-21,San Benito,069,59416,1426,1401,1,1402,14
2020-10-21,San Bernardino,071,2135413,62923,59948,410,60358,1141
2020-10-21,San Diego,073,3302833,55546,53279,1468,54747,863
2020-10-21,San Francisco,075,870044,12172,11976,47,12023,137
2020-10-21,San Joaquin,077,732212,21760,21201,182,21383,495
2020-10-21,San Luis Obispo,079,281455,4322,4055,27,4082,31
2020-10-21,San Mateo,081,765935,11263,10730,11,10741,155
2020-10-21,Santa Barbara,083,443738,9882,9681,91,9772,121
2020-10-21,Santa Clara,085,1922200,25098,23537,51,23588,361
2020-10-21,Santa Cruz,087,273765,2832,2729,33,2762,24
2020-10-21,Shasta,089,179085,2075,1777,19,1796,27
2020-10-21,Sierra,091,2930,6,6,0,6,0
2020-10-21,Siskiyou,093,43540,197,169,10,179,0
2020-10-21,Solano,095,438530,7300,7088,42,7130,59
2020-10-21,Sonoma,097,501317,9424,8987,26,9013,138
2020-10-21,Stanislaus,099,539301,17631,17419,718,18137,392
2020-10-21,Sutter,101,95872,1828,1786,1,1787,12
2020-10-21,Tehama,103,63373,889,824,2,826,5
2020-10-21,Trinity,105,12862,78,25,10,35,0
2020-10-21,Tulare,107,460477,17849,17204,323,17527,292
2020-10-21,Tuolumne,109,53932,275,251,4,255,4
2020-10-21,Ventura,111,848112,14833,14050,319,14369,153
2020-10-21,Yolo,113,214977,3232,3095,9,3104,58
2020-10-21,Yuba,115,75493,1238,1194,5,1199,10
2020-10-20,Alameda,001,1643700,23408,22750,217,22967,391
2020-10-20,Alpine,003,1148,3,3,0,3,0
2020-10-20,Amador,005,37829,333,313,0,313,16
2020-10-20,Butte,007,227075,3164,3027,32,3059,56
2020-10-20,Calaveras,009,45235,331,273,0,273,13
2020-10-20,Colusa,011,21464,547,546,1,547,6
2020-10-20,Contra Costa,013,1133247,18808,18246,93,18339,241
2020-10-20,Del Norte,015,27424,172,169,0,169,2
2020-10-20,El Dorado,017,186661,1377,1295,4,1299,4
2020-10-20,Fresno,019,978130,33216,30220,458,30678,431
2020-10-20,Glenn,021,27897,662,638,1,639,3
2020-10-20,Humboldt,023,135768,557,545,1,546,7
2020-10-20,Imperial,025,180216,12738,12114,15,12129,330
2020-10-20,Inyo,027,18085,237,218,5,223,14
2020-10-20,Kern,029,883053,33703,32889,392,33281,429
2020-10-20,Kings,031,150075,8412,8178,54,8232,80
2020-10-20,Lake,033,64148,708,675,0,675,15
2020-10-20,Lassen,035,31185,769,757,2,759,0
2020-10-20,Los Angeles,037,10098052,296742,287727,2705,290432,6891
2020-10-20,Madera,039,155013,4989,4823,38,4861,52
2020-10-20,Marin,041,260295,7102,6994,19,7013,101
2020-10-20,Mariposa,043,17540,79,77,0,77,2
2020-10-20,Mendocino,045,87422,1064,1004,4,1008,21
2020-10-20,Merced,047,269075,9460,9323,34,9357,149
2020-10-20,Modoc,049,8938,32,26,0,26,0
2020-10-20,Mono,051,14174,187,156,5,161,1
2020-10-20,Monterey,053,433212,11238,10942,49,10991,81
2020-10-20,Napa,055,140530,1987,1912,8,1920,13
2020-10-20,Nevada,057,99092,620,596,18,614,8
2020-10-20,Orange,059,3164182,59953,56914,1719,58633,1397
2020-10-20,Placer,061,380077,4228,3997,15,4012,56
2020-10-20,Plumas,063,18699,66,53,0,53,0
2020-10-20,Riverside,065,2383286,66393,64452,302,64754,1275
2020-10-20,Sacramento,067,1510023,25235,24767,27,24794,485
2020-10-20,San Benito,069,59416,1423,1398,1,1399,14
2020-10-20,San Bernardino,071,2135413,62539,59571,408,59979,1109
2020-10-20,San Diego,073,3302833,55210,53004,1448,54452,857
2020-10-20,San Francisco,075,870044,12125,12013,46,12059,126
2020-10-20,San Joaquin,077,732212,21681,21173,172,21345,490
2020-10-20,San Luis Obispo,079,281455,4304,4043,26,4069,31
2020-10-20,San Mateo,081,765935,11216,10659,11,10670,155
2020-10-20,Santa Barbara,083,443738,9853,9664,89,9753,121
2020-10-20,Santa Clara,085,1922200,24961,23406,51,23457,358
2020-10-20,Santa Cruz,087,273765,2809,2710,33,2743,23
2020-10-20,Shasta,089,179085,2052,1747,19,1766,20
2020-10-20,Sierra,091,2930,6,6,0,6,0
2020-10-20,Siskiyou,093,43540,189,168,10,178,0
2020-10-20,Solano,095,438530,7251,7044,42,7086,57
2020-10-20,Sonoma,097,501317,9361,8904,24,8928,135
2020-10-20,Stanislaus,099,539301,17577,17367,714,18081,393
2020-10-20,Sutter,101,95872,1819,1783,1,1784,12
2020-10-20,Tehama,103,63373,874,813,2,815,5
2020-10-20,Trinity,105,12862,77,25,10,35,0
2020-10-20,Tulare,107,460477,17782,17156,318,17474,289
2020-10-20,Tuolumne,109,53932,273,250,4,254,4
2020-10-20,Ventura,111,848112,14769,13980,317,14297,152
2020-10-20,Yolo,113,214977,3209,3083,9,3092,56
2020-10-20,Yuba,115,75493,1228,1191,5,1196,10
2020-10-19,Alameda,001,1643700,23298,22647,216,22863,392
2020-10-19,Alpine,003,1148,3,3,0,3,0
2020-10-19,Amador,005,37829,327,313,0,313,16
2020-10-19,Butte,007,227075,3153,3026,32,3058,55
2020-10-19,Calaveras,009,45235,330,268,0,268,13
2020-10-19,Colusa,011,21464,547,544,1,545,6
2020-10-19,Contra Costa,013,1133247,18710,18173,93,18266,239
2020-10-19,Del Norte,015,27424,169,167,0,167,2
2020-10-19,El Dorado,017,186661,1356,1287,4,1291,4
2020-10-19,Fresno,019,978130,33107,30152,452,30604,431
2020-10-19,Glenn,021,27897,657,635,0,635,3
2020-10-19,Humboldt,023,135768,557,543,1,544,7
2020-10-19,Imperial,025,180216,12684,12036,14,12050,330
2020-10-19,Inyo,027,18085,236,218,5,223,14
2020-10-19,Kern,029,883053,33627,32840,389,33229,428
2020-10-19,Kings,031,150075,8394,8173,54,8227,80
2020-10-19,Lake,033,64148,705,673,0,673,15
2020-10-19,Lassen,035,31185,768,757,2,759,0
2020-10-19,Los Angeles,037,10098052,295255,287119,2667,289786,6858
2020-10-19,Madera,039,155013,4974,4787,38,4825,52
2020-10-19,Marin,041,260295,7084,6981,19,7000,100
2020-10-19,Mariposa,043,17540,79,77,0,77,2
2020-10-19,Mendocino,045,87422,1059,1001,4,1005,21
2020-10-19,Merced,047,269075,9435,9305,30,9335,148
2020-10-19,Modoc,049,8938,31,26,0,26,0
2020-10-19,Mono,051,14174,182,156,5,161,1
2020-10-19,Monterey,053,433212,11177,10907,49,10956,80
2020-10-19,Napa,055,140530,1975,1892,8,1900,12
2020-10-19,Nevada,057,99092,617,590,18,608,8
2020-10-19,Orange,059,3164182,59669,56652,1704,58356,1396
2020-10-19,Placer,061,380077,4179,3962,15,3977,49
2020-10-19,Plumas,063,18699,64,52,0,52,0
2020-10-19,Riverside,065,2383286,65962,64016,286,64302,1272
2020-10-19,Sacramento,067,1510023,25096,24542,27,24569,483
2020-10-19,San Benito,069,59416,1416,1395,1,1396,14
2020-10-19,San Bernardino,071,2135413,62088,59265,396,59661,1100
2020-10-19,San Diego,073,3302833,54824,52739,1423,54162,853
2020-10-19,San Francisco,075,870044,12081,11879,46,11925,126
2020-10-19,San Joaquin,077,732212,21606,20930,164,21094,489
2020-10-19,San Luis Obispo,079,281455,4288,4016,26,4042,31
2020-10-19,San Mateo,081,765935,11170,10568,11,10579,154
2020-10-19,Santa Barbara,083,443738,9818,9632,89,9721,121
2020-10-19,Santa Clara,085,1922200,24811,23301,51,23352,352
2020-10-19,Santa Cruz,087,273765,2792,2705,33,2738,19
2020-10-19,Shasta,089,179085,2008,1709,18,1727,20
2020-10-19,Sierra,091,2930,6,6,0,6,0
2020-10-19,Siskiyou,093,43540,182,167,10,177,0
2020-10-19,Solano,095,438530,7210,7003,42,7045,57
2020-10-19,Sonoma,097,501317,9274,8830,24,8854,135
2020-10-19,Stanislaus,099,539301,17526,17342,704,18046,390
2020-10-19,Sutter,101,95872,1814,1773,1,1774,12
2020-10-19,Tehama,103,63373,871,793,2,795,5
2020-10-19,Trinity,105,12862,75,23,10,33,0
2020-10-19,Tulare,107,460477,17732,17047,311,17358,291
2020-10-19,Tuolumne,109,53932,271,247,4,251,4
2020-10-19,Ventura,111,848112,14703,13930,314,14244,152
2020-10-19,Yolo,113,214977,3196,3069,9,3078,56
2020-10-19,Yuba,115,75493,1221,1183,5,1188,10
2020-10-18,Alameda,001,1643700,23194,22546,215,22761,392
2020-10-18,Alpine,003,1148,3,3,0,3,0
2020-10-18,Amador,005,37829,316,313,0,313,16
2020-10-18,Butte,007,227075,3140,3019,32,3051,55
2020-10-18,Calaveras,009,45235,329,267,0,267,13
2020-10-18,Colusa,011,21464,545,544,1,545,6
2020-10-18,Contra Costa,013,1133247,18611,18120,93,18213,237
2020-10-18,Del Norte,015,27424,169,167,0,167,2
2020-10-18,El Dorado,017,186661,1347,1283,4,1287,4
2020-10-18,Fresno,019,978130,32978,30051,444,30495,430
2020-10-18,Glenn,021,27897,655,634,0,634,3
2020-10-18,Humboldt,023,135768,554,540,1,541,7
2020-10-18,Imperial,025,180216,12621,11987,13,12000,330
2020-10-18,Inyo,027,18085,233,215,5,220,14
2020-10-18,Kern,029,883053,33554,32799,382,33181,428
2020-10-18,Kings,031,150075,8379,8159,54,8213,80
2020-10-18,Lake,033,64148,698,670,0,670,15
2020-10-18,Lassen,035,31185,768,757,2,759,0
2020-10-18,Los Angeles,037,10098052,293547,286187,2624,288811,6857
2020-10-18,Madera,039,155013,4949,4770,37,4807,52
2020-10-18,Marin,041,260295,7063,6969,19,6988,99
2020-10-18,Mariposa,043,17540,79,77,0,77,2
2020-10-18,Mendocino,045,87422,1057,988,4,992,21
2020-10-18,Merced,047,269075,9400,9292,30,9322,148
2020-10-18,Modoc,049,8938,30,26,0,26,0
2020-10-18,Mono,051,14174,177,155,5,160,1
2020-10-18,Monterey,053,433212,11124,10872,49,10921,80
2020-10-18,Napa,055,140530,1962,1882,8,1890,12
2020-10-18,Nevada,057,99092,611,582,18,600,8
2020-10-18,Orange,059,3164182,59372,56394,1688,58082,1396
2020-10-18,Placer,061,380077,4131,3938,15,3953,49
2020-10-18,Plumas,063,18699,62,52,0,52,0
2020-10-18,Riverside,065,2383286,65649,63765,265,64030,1270
2020-10-18,Sacramento,067,1510023,24940,24425,27,24452,482
2020-10-18,San Benito,069,59416,1409,1395,1,1396,14
2020-10-18,San Bernardino,071,2135413,61588,58893,388,59281,1098
2020-10-18,San Diego,073,3302833,54435,52359,1402,53761,853
2020-10-18,San Francisco,075,870044,12042,11878,46,11924,126
2020-10-18,San Joaquin,077,732212,21523,20931,151,21082,489
2020-10-18,San Luis Obispo,079,281455,4257,4009,24,4033,31
2020-10-18,San Mateo,081,765935,11111,10503,11,10514,154
2020-10-18,Santa Barbara,083,443738,9779,9608,88,9696,121
2020-10-18,Santa Clara,085,1922200,24638,23169,51,23220,352
2020-10-18,Santa Cruz,087,273765,2778,2692,33,2725,19
2020-10-18,Shasta,089,179085,1983,1708,18,1726,20
2020-10-18,Sierra,091,2930,6,6,0,6,0
2020-10-18,Siskiyou,093,43540,182,167,10,177,0
2020-10-18,Solano,095,438530,7163,6962,42,7004,57
2020-10-18,Sonoma,097,501317,9197,8781,23,8804,134
2020-10-18,Stanislaus,099,539301,17470,17290,695,17985,390
2020-10-18,Sutter,101,95872,1805,1764,1,1765,12
2020-10-18,Tehama,103,63373,839,774,2,776,5
2020-10-18,Trinity,105,12862,75,20,10,30,0
2020-10-18,Tulare,107,460477,17638,17048,302,17350,290
2020-10-18,Tuolumne,109,53932,266,245,4,249,4
2020-10-18,Ventura,111,848112,14623,13901,313,14214,151
2020-10-18,Yolo,113,214977,3157,3059,9,3068,55
2020-10-18,Yuba,115,75493,1210,1176,5,1181,10
2020-10-17,Alameda,001,1643700,23148,22394,213,22607,398
2020-10-17,Alpine,003,1148,3,3,0,3,0
2020-10-17,Amador,005,37829,314,309,0,309,16
2020-10-17,Butte,007,227075,3132,3012,30,3042,55
2020-10-17,Calaveras,009,45235,329,267,0,267,13
2020-10-17,Colusa,011,21464,544,544,1,545,6
2020-10-17,Contra Costa,013,1133247,18558,18005,93,18098,237
2020-10-17,Del Norte,015,27424,169,167,0,167,2
2020-10-17,El Dorado,017,186661,1343,1277,4,1281,4
2020-10-17,Fresno,019,978130,32924,29911,442,30353,430
2020-10-17,Glenn,021,27897,652,633,0,633,3
2020-10-17,Humboldt,023,135768,551,535,1,536,7
2020-10-17,Imperial,025,180216,12593,11962,13,11975,330
2020-10-17,Inyo,027,18085,228,212,5,217,14
2020-10-17,Kern,029,883053,33503,32710,379,33089,428
2020-10-17,Kings,031,150075,8373,8151,53,8204,80
2020-10-17,Lake,033,64148,695,663,0,663,15
2020-10-17,Lassen,035,31185,768,757,2,759,0
2020-10-17,Los Angeles,037,10098052,292794,285858,2597,288455,6844
2020-10-17,Madera,039,155013,4943,4759,37,4796,53
2020-10-17,Marin,041,260295,7060,6958,19,6977,99
2020-10-17,Mariposa,043,17540,78,77,0,77,2
2020-10-17,Mendocino,045,87422,1050,977,4,981,21
2020-10-17,Merced,047,269075,9386,9275,30,9305,148
2020-10-17,Modoc,049,8938,30,26,0,26,0
2020-10-17,Mono,051,14174,176,155,5,160,1
2020-10-17,Monterey,053,433212,11084,10807,48,10855,80
2020-10-17,Napa,055,140530,1953,1866,8,1874,12
2020-10-17,Nevada,057,99092,610,580,18,598,8
2020-10-17,Orange,059,3164182,59230,56197,1681,57878,1396
2020-10-17,Placer,061,380077,4104,3898,15,3913,49
2020-10-17,Plumas,063,18699,62,52,0,52,0
2020-10-17,Riverside,065,2383286,65451,63171,255,63426,1270
2020-10-17,Sacramento,067,1510023,24856,24304,27,24331,482
2020-10-17,San Benito,069,59416,1405,1389,1,1390,14
2020-10-17,San Bernardino,071,2135413,61317,58415,381,58796,1097
2020-10-17,San Diego,073,3302833,54210,51986,1391,53377,853
2020-10-17,San Francisco,075,870044,12014,11877,45,11922,126
2020-10-17,San Joaquin,077,732212,21469,20932,145,21077,489
2020-10-17,San Luis Obispo,079,281455,4242,3979,24,4003,31
2020-10-17,San Mateo,081,765935,11083,10423,11,10434,153
2020-10-17,Santa Barbara,083,443738,9760,9588,86,9674,121
2020-10-17,Santa Clara,085,1922200,24549,22997,51,23048,349
2020-10-17,Santa Cruz,087,273765,2764,2680,33,2713,19
2020-10-17,Shasta,089,179085,1957,1679,18,1697,20
2020-10-17,Sierra,091,2930,6,6,0,6,0
2020-10-17,Siskiyou,093,43540,181,167,10,177,0
2020-10-17,Solano,095,438530,7137,6929,42,6971,57
2020-10-17,Sonoma,097,501317,9154,8725,23,8748,134
2020-10-17,Stanislaus,099,539301,17430,17232,686,17918,390
2020-10-17,Sutter,101,95872,1803,1762,1,1763,12
2020-10-17,Tehama,103,63373,823,764,2,766,5
2020-10-17,Trinity,105,12862,75,20,10,30,0
2020-10-17,Tulare,107,460477,17608,16995,293,17288,290
2020-10-17,Tuolumne,109,53932,266,241,4,245,4
2020-10-17,Ventura,111,848112,14578,13845,310,14155,151
2020-10-17,Yolo,113,214977,3142,3045,8,3053,55
2020-10-17,Yuba,115,75493,1205,1164,5,1169,10
2020-10-16,Alameda,001,1643700,23094,22315,213,22528,397
2020-10-16,Alpine,003,1148,3,3,0,3,0
2020-10-16,Amador,005,37829,314,309,0,309,16
2020-10-16,Butte,007,227075,3121,3004,30,3034,54
2020-10-16,Calaveras,009,45235,329,267,0,267,13
2020-10-16,Colusa,011,21464,543,544,1,545,6
2020-10-16,Contra Costa,013,1133247,18505,17956,93,18049,237
2020-10-16,Del Norte,015,27424,169,166,0,166,2
2020-10-16,El Dorado,017,186661,1337,1273,4,1277,4
2020-10-16,Fresno,019,978130,32848,29796,441,30237,427
2020-10-16,Glenn,021,27897,647,632,0,632,3
2020-10-16,Humboldt,023,135768,551,533,1,534,7
2020-10-16,Imperial,025,180216,12553,11885,13,11898,330
2020-10-16,Inyo,027,18085,224,212,5,217,14
2020-10-16,Kern,029,883053,33460,32660,377,33037,428
2020-10-16,Kings,031,150075,8364,8146,52,8198,80
2020-10-16,Lake,033,64148,693,644,0,644,14
2020-10-16,Lassen,035,31185,768,757,2,759,0
2020-10-16,Los Angeles,037,10098052,291732,284988,2576,287564,6835
2020-10-16,Madera,039,155013,4931,4736,36,4772,53
2020-10-16,Marin,041,260295,7050,6933,19,6952,99
2020-10-16,Mariposa,043,17540,78,76,0,76,2
2020-10-16,Mendocino,045,87422,1043,974,4,978,21
2020-10-16,Merced,047,269075,9369,9246,30,9276,148
2020-10-16,Modoc,049,8938,30,26,0,26,0
2020-10-16,Mono,051,14174,174,155,5,160,1
2020-10-16,Monterey,053,433212,11049,10727,48,10775,79
2020-10-16,Napa,055,140530,1944,1855,8,1863,12
2020-10-16,Nevada,057,99092,608,579,18,597,8
2020-10-16,Orange,059,3164182,59052,56091,1675,57766,1388
2020-10-16,Placer,061,380077,4084,3864,15,3879,49
2020-10-16,Plumas,063,18699,61,52,0,52,0
2020-10-16,Riverside,065,2383286,65225,62986,254,63240,1267
2020-10-16,Sacramento,067,1510023,24762,24144,27,24171,479
2020-10-16,San Benito,069,59416,1402,1388,1,1389,14
2020-10-16,San Bernardino,071,2135413,61048,58233,381,58614,1069
2020-10-16,San Diego,073,3302833,53968,51785,1377,53162,850
2020-10-16,San Francisco,075,870044,11992,11840,44,11884,126
2020-10-16,San Joaquin,077,732212,21424,20910,144,21054,489
2020-10-16,San Luis Obispo,079,281455,4226,3952,24,3976,32
2020-10-16,San Mateo,081,765935,11057,10405,11,10416,153
2020-10-16,Santa Barbara,083,443738,9741,9549,86,9635,119
2020-10-16,Santa Clara,085,1922200,24462,22920,51,22971,345
2020-10-16,Santa Cruz,087,273765,2751,2666,33,2699,20
2020-10-16,Shasta,089,179085,1935,1660,18,1678,20
2020-10-16,Sierra,091,2930,6,6,0,6,0
2020-10-16,Siskiyou,093,43540,179,167,10,177,0
2020-10-16,Solano,095,438530,7114,6879,42,6921,55
2020-10-16,Sonoma,097,501317,9098,8652,23,8675,133
2020-10-16,Stanislaus,099,539301,17396,17201,678,17879,366
2020-10-16,Sutter,101,95872,1795,1756,1,1757,12
2020-10-16,Tehama,103,63373,822,737,2,739,3
2020-10-16,Trinity,105,12862,75,20,10,30,0
2020-10-16,Tulare,107,460477,17576,16965,285,17250,290
2020-10-16,Tuolumne,109,53932,264,237,4,241,4
2020-10-16,Ventura,111,848112,14535,13805,305,14110,152
2020-10-16,Yolo,113,214977,3133,3030,8,3038,55
2020-10-16,Yuba,115,75493,1205,1155,5,1160,10
2020-10-15,Alameda,001,1643700,23026,22267,212,22479,390
2020-10-15,Alpine,003,1148,3,3,0,3,0
2020-10-15,Amador,005,37829,314,309,0,309,16
2020-10-15,Butte,007,227075,3109,3000,29,3029,54
2020-10-15,Calaveras,009,45235,328,267,0,267,13
2020-10-15,Colusa,011,21464,542,543,1,544,6
2020-10-15,Contra Costa,013,1133247,18438,17893,92,17985,237
2020-10-15,Del Norte,015,27424,169,164,0,164,2
2020-10-15,El Dorado,017,186661,1332,1265,4,1269,4
2020-10-15,Fresno,019,978130,32751,29727,438,30165,425
2020-10-15,Glenn,021,27897,642,632,0,632,3
2020-10-15,Humboldt,023,135768,547,531,1,532,7
2020-10-15,Imperial,025,180216,12512,11820,12,11832,330
2020-10-15,Inyo,027,18085,224,210,5,215,14
2020-10-15,Kern,029,883053,33379,32593,374,32967,427
2020-10-15,Kings,031,150075,8349,8134,52,8186,80
2020-10-15,Lake,033,64148,691,642,0,642,14
2020-10-15,Lassen,035,31185,767,752,2,754,0
2020-10-15,Los Angeles,037,10098052,290447,284019,2542,286561,6807
2020-10-15,Madera,039,155013,4919,4723,35,4758,50
2020-10-15,Marin,041,260295,7042,6912,19,6931,99
2020-10-15,Mariposa,043,17540,78,76,0,76,2
2020-10-15,Mendocino,045,87422,1037,963,4,967,21
2020-10-15,Merced,047,269075,9342,9213,30,9243,147
2020-10-15,Modoc,049,8938,30,26,0,26,0
2020-10-15,Mono,051,14174,174,155,5,160,1
2020-10-15,Monterey,053,433212,10982,10677,47,10724,79
2020-10-15,Napa,055,140530,1931,1842,8,1850,12
2020-10-15,Nevada,057,99092,604,575,18,593,8
2020-10-15,Orange,059,3164182,58836,55952,1663,57615,1379
2020-10-15,Placer,061,380077,4055,3848,15,3863,48
2020-10-15,Plumas,063,18699,58,52,0,52,0
2020-10-15,Riverside,065,2383286,64892,62819,251,63070,1266
2020-10-15,Sacramento,067,1510023,24646,24068,27,24095,474
2020-10-15,San Benito,069,59416,1399,1384,1,1385,14
2020-10-15,San Bernardino,071,2135413,60709,58068,378,58446,1067
2020-10-15,San Diego,073,3302833,53684,51472,1361,52833,847
2020-10-15,San Francisco,075,870044,11964,11808,41,11849,126
2020-10-15,San Joaquin,077,732212,21351,20880,138,21018,487
2020-10-15,San Luis Obispo,079,281455,4209,3934,24,3958,32
2020-10-15,San Mateo,081,765935,11017,10340,11,10351,152
2020-10-15,Santa Barbara,083,443738,9717,9526,85,9611,117
2020-10-15,Santa Clara,085,1922200,24346,22808,51,22859,343
2020-10-15,Santa Cruz,087,273765,2737,2656,33,2689,13
2020-10-15,Shasta,089,179085,1924,1635,18,1653,20
2020-10-15,Sierra,091,2930,6,6,0,6,0
2020-10-15,Siskiyou,093,43540,175,166,10,176,0
2020-10-15,Solano,095,438530,7075,6830,42,6872,55
2020-10-15,Sonoma,097,501317,9006,8571,23,8594,133
2020-10-15,Stanislaus,099,539301,17358,17151,664,17815,366
2020-10-15,Sutter,101,95872,1792,1752,1,1753,12
2020-10-15,Tehama,103,63373,795,726,2,728,3
2020-10-15,Trinity,105,12862,75,20,10,30,0
2020-10-15,Tulare,107,460477,17516,16918,270,17188,289
2020-10-15,Tuolumne,109,53932,262,236,4,240,4
2020-10-15,Ventura,111,848112,14479,13750,300,14050,152
2020-10-15,Yolo,113,214977,3113,3014,8,3022,55
2020-10-15,Yuba,115,75493,1198,1151,5,1156,10
2020-10-14,Alameda,001,1643700,22927,22227,211,22438,398
2020-10-14,Alpine,003,1148,3,3,0,3,0
2020-10-14,Amador,005,37829,312,308,0,308,16
2020-10-14,Butte,007,227075,3101,2995,29,3024,54
2020-10-14,Calaveras,009,45235,328,266,0,266,12
2020-10-14,Colusa,011,21464,542,543,1,544,6
2020-10-14,Contra Costa,013,1133247,18381,17820,90,17910,236
2020-10-14,Del Norte,015,27424,168,163,0,163,2
2020-10-14,El Dorado,017,186661,1326,1264,4,1268,4
2020-10-14,Fresno,019,978130,32636,29650,432,30082,424
2020-10-14,Glenn,021,27897,641,629,0,629,3
2020-10-14,Humboldt,023,135768,544,531,1,532,7
2020-10-14,Imperial,025,180216,12475,11765,10,11775,330
2020-10-14,Inyo,027,18085,223,209,4,213,14
2020-10-14,Kern,029,883053,33304,32528,372,32900,425
2020-10-14,Kings,031,150075,8331,8118,52,8170,80
2020-10-14,Lake,033,64148,690,642,0,642,14
2020-10-14,Lassen,035,31185,765,752,2,754,0
2020-10-14,Los Angeles,037,10098052,289134,282918,2498,285416,6786
2020-10-14,Madera,039,155013,4904,4713,34,4747,50
2020-10-14,Marin,041,260295,7036,6907,19,6926,99
2020-10-14,Mariposa,043,17540,77,76,0,76,2
2020-10-14,Mendocino,045,87422,1031,955,4,959,21
2020-10-14,Merced,047,269075,9317,9201,28,9229,147
2020-10-14,Modoc,049,8938,30,27,0,27,0
2020-10-14,Mono,051,14174,174,155,5,160,1
2020-10-14,Monterey,053,433212,10931,10616,47,10663,78
2020-10-14,Napa,055,140530,1914,1837,8,1845,12
2020-10-14,Nevada,057,99092,602,573,18,591,7
2020-10-14,Orange,059,3164182,58623,55756,1654,57410,1348
2020-10-14,Placer,061,380077,4032,3829,15,3844,48
2020-10-14,Plumas,063,18699,54,52,0,52,0
2020-10-14,Riverside,065,2383286,64609,62607,250,62857,1261
2020-10-14,Sacramento,067,1510023,24501,24013,27,24040,472
2020-10-14,San Benito,069,59416,1397,1381,0,1381,14
2020-10-14,San Bernardino,071,2135413,60382,57774,374,58148,1063
2020-10-14,San Diego,073,3302833,53365,51329,1337,52666,844
2020-10-14,San Francisco,075,870044,11932,11783,40,11823,123
2020-10-14,San Joaquin,077,732212,21272,20845,124,20969,487
2020-10-14,San Luis Obispo,079,281455,4186,3901,23,3924,32
2020-10-14,San Mateo,081,765935,10966,10309,11,10320,132
2020-10-14,Santa Barbara,083,443738,9683,9509,85,9594,117
2020-10-14,Santa Clara,085,1922200,24197,22735,51,22786,343
2020-10-14,Santa Cruz,087,273765,2727,2618,33,2651,13
2020-10-14,Shasta,089,179085,1886,1553,18,1571,20
2020-10-14,Sierra,091,2930,6,6,0,6,0
2020-10-14,Siskiyou,093,43540,175,166,10,176,0
2020-10-14,Solano,095,438530,7019,6786,42,6828,55
2020-10-14,Sonoma,097,501317,8953,8514,23,8537,133
2020-10-14,Stanislaus,099,539301,17313,17105,661,17766,365
2020-10-14,Sutter,101,95872,1783,1747,1,1748,12
2020-10-14,Tehama,103,63373,784,721,2,723,3
2020-10-14,Trinity,105,12862,74,20,10,30,0
2020-10-14,Tulare,107,460477,17454,16863,257,17120,287
2020-10-14,Tuolumne,109,53932,261,236,4,240,4
2020-10-14,Ventura,111,848112,14426,13697,296,13993,152
2020-10-14,Yolo,113,214977,3095,3007,7,3014,55
2020-10-14,Yuba,115,75493,1190,1147,5,1152,10
2020-10-13,Alameda,001,1643700,22822,22185,209,22394,389
2020-10-13,Alpine,003,1148,3,3,0,3,0
2020-10-13,Amador,005,37829,310,306,0,306,16
2020-10-13,Butte,007,227075,3092,2992,29,3021,54
2020-10-13,Calaveras,009,45235,324,262,0,262,12
2020-10-13,Colusa,011,21464,542,541,1,542,6
2020-10-13,Contra Costa,013,1133247,18323,17783,90,17873,234
2020-10-13,Del Norte,015,27424,168,163,0,163,2
2020-10-13,El Dorado,017,186661,1317,1262,4,1266,4
2020-10-13,Fresno,019,978130,32514,29579,428,30007,424
2020-10-13,Glenn,021,27897,640,629,0,629,3
2020-10-13,Humboldt,023,135768,542,523,1,524,7
2020-10-13,Imperial,025,180216,12440,11727,9,11736,327
2020-10-13,Inyo,027,18085,220,207,4,211,14
2020-10-13,Kern,029,883053,33229,32497,370,32867,419
2020-10-13,Kings,031,150075,8322,8111,52,8163,80
2020-10-13,Lake,033,64148,687,639,0,639,12
2020-10-13,Lassen,035,31185,763,752,2,754,0
2020-10-13,Los Angeles,037,10098052,287856,281716,2455,284171,6767
2020-10-13,Madera,039,155013,4886,4700,34,4734,50
2020-10-13,Marin,041,260295,7014,6900,18,6918,97
2020-10-13,Mariposa,043,17540,77,76,0,76,2
2020-10-13,Mendocino,045,87422,1022,950,4,954,21
2020-10-13,Merced,047,269075,9300,9181,28,9209,146
2020-10-13,Modoc,049,8938,29,28,0,28,0
2020-10-13,Mono,051,14174,174,155,4,159,1
2020-10-13,Monterey,053,433212,10870,10574,46,10620,78
2020-10-13,Napa,055,140530,1905,1825,8,1833,12
2020-10-13,Nevada,057,99092,595,572,18,590,7
2020-10-13,Orange,059,3164182,58410,55515,1641,57156,1326
2020-10-13,Placer,061,380077,3994,3825,15,3840,48
2020-10-13,Plumas,063,18699,52,51,0,51,0
2020-10-13,Riverside,065,2383286,64289,62279,248,62527,1254
2020-10-13,Sacramento,067,1510023,24424,23930,27,23957,466
2020-10-13,San Benito,069,59416,1389,1380,0,1380,14
2020-10-13,San Bernardino,071,2135413,60043,57411,372,57783,1061
2020-10-13,San Diego,073,3302833,53072,51026,1320,52346,840
2020-10-13,San Francisco,075,870044,11897,11659,40,11699,122
2020-10-13,San Joaquin,077,732212,21211,20822,120,20942,481
2020-10-13,San Luis Obispo,079,281455,4168,3892,22,3914,32
2020-10-13,San Mateo,081,765935,10923,10286,11,10297,130
2020-10-13,Santa Barbara,083,443738,9652,9489,85,9574,117
2020-10-13,Santa Clara,085,1922200,24070,22678,51,22729,343
2020-10-13,Santa Cruz,087,273765,2709,2603,33,2636,13
2020-10-13,Shasta,089,179085,1862,1606,18,1624,20
2020-10-13,Sierra,091,2930,6,6,0,6,0
2020-10-13,Siskiyou,093,43540,174,163,10,173,0
2020-10-13,Solano,095,438530,6984,6761,42,6803,55
2020-10-13,Sonoma,097,501317,8870,8456,23,8479,133
2020-10-13,Stanislaus,099,539301,17268,17082,656,17738,362
2020-10-13,Sutter,101,95872,1774,1748,1,1749,12
2020-10-13,Tehama,103,63373,776,717,2,719,3
2020-10-13,Trinity,105,12862,70,19,9,28,0
2020-10-13,Tulare,107,460477,17395,16822,249,17071,286
2020-10-13,Tuolumne,109,53932,259,235,4,239,4
2020-10-13,Ventura,111,848112,14371,13645,292,13937,151
2020-10-13,Yolo,113,214977,3087,2983,6,2989,55
2020-10-13,Yuba,115,75493,1185,1143,5,1148,10
2020-10-12,Alameda,001,1643700,22742,22126,208,22334,389
2020-10-12,Alpine,003,1148,3,3,0,3,0
2020-10-12,Amador,005,37829,309,305,0,305,16
2020-10-12,Butte,007,227075,3086,2975,29,3004,54
2020-10-12,Calaveras,009,45235,324,262,0,262,12
2020-10-12,Colusa,011,21464,542,541,1,542,6
2020-10-12,Contra Costa,013,1133247,18248,17728,90,17818,233
2020-10-12,Del Norte,015,27424,168,161,0,161,2
2020-10-12,El Dorado,017,186661,1314,1254,4,1258,4
2020-10-12,Fresno,019,978130,32381,29523,424,29947,421
2020-10-12,Glenn,021,27897,639,626,0,626,3
2020-10-12,Humboldt,023,135768,539,522,1,523,7
2020-10-12,Imperial,025,180216,12401,11689,9,11698,328
2020-10-12,Inyo,027,18085,217,201,4,205,14
2020-10-12,Kern,029,883053,33136,32425,367,32792,419
2020-10-12,Kings,031,150075,8316,8106,51,8157,80
2020-10-12,Lake,033,64148,681,633,0,633,12
2020-10-12,Lassen,035,31185,763,752,2,754,0
2020-10-12,Los Angeles,037,10098052,286638,280961,2428,283389,6747
2020-10-12,Madera,039,155013,4867,4689,34,4723,50
2020-10-12,Marin,041,260295,6997,6886,18,6904,97
2020-10-12,Mariposa,043,17540,77,76,0,76,2
2020-10-12,Mendocino,045,87422,1016,947,4,951,21
2020-10-12,Merced,047,269075,9279,9141,28,9169,146
2020-10-12,Modoc,049,8938,29,27,0,27,0
2020-10-12,Mono,051,14174,174,154,4,158,1
2020-10-12,Monterey,053,433212,10804,10473,46,10519,77
2020-10-12,Napa,055,140530,1897,1819,8,1827,11
2020-10-12,Nevada,057,99092,591,570,18,588,7
2020-10-12,Orange,059,3164182,58181,55373,1631,57004,1326
2020-10-12,Placer,061,380077,3962,3808,14,3822,48
2020-10-12,Plumas,063,18699,52,51,0,51,0
2020-10-12,Riverside,065,2383286,63978,62279,244,62523,1254
2020-10-12,Sacramento,067,1510023,24318,23807,27,23834,466
2020-10-12,San Benito,069,59416,1386,1376,0,1376,13
2020-10-12,San Bernardino,071,2135413,59667,57235,371,57606,1061
2020-10-12,San Diego,073,3302833,52782,50748,1293,52041,826
2020-10-12,San Francisco,075,870044,11865,11659,40,11699,122
2020-10-12,San Joaquin,077,732212,21148,20701,114,20815,480
2020-10-12,San Luis Obispo,079,281455,4140,3874,22,3896,32
2020-10-12,San Mateo,081,765935,10875,10262,11,10273,130
2020-10-12,Santa Barbara,083,443738,9614,9462,85,9547,117
2020-10-12,Santa Clara,085,1922200,23954,22578,51,22629,343
2020-10-12,Santa Cruz,087,273765,2692,2590,33,2623,13
2020-10-12,Shasta,089,179085,1837,1515,18,1533,20
2020-10-12,Sierra,091,2930,6,6,0,6,0
2020-10-12,Siskiyou,093,43540,173,162,10,172,0
2020-10-12,Solano,095,438530,6945,6742,42,6784,55
2020-10-12,Sonoma,097,501317,8799,8377,23,8400,133
2020-10-12,Stanislaus,099,539301,17219,17051,647,17698,361
2020-10-12,Sutter,101,95872,1766,1741,1,1742,12
2020-10-12,Tehama,103,63373,760,708,2,710,3
2020-10-12,Trinity,105,12862,69,19,9,28,0
2020-10-12,Tulare,107,460477,17343,16742,242,16984,286
2020-10-12,Tuolumne,109,53932,254,234,4,238,4
2020-10-12,Ventura,111,848112,14309,13617,288,13905,151
2020-10-12,Yolo,113,214977,3072,2964,6,2970,55
2020-10-12,Yuba,115,75493,1174,1141,5,1146,10
2020-10-11,Alameda,001,1643700,22652,22057,204,22261,392
2020-10-11,Alpine,003,1148,3,3,0,3,0
2020-10-11,Amador,005,37829,307,305,0,305,16
2020-10-11,Butte,007,227075,3078,2967,28,2995,54
2020-10-11,Calaveras,009,45235,322,262,0,262,12
2020-10-11,Colusa,011,21464,540,541,1,542,6
2020-10-11,Contra Costa,013,1133247,18164,17678,90,17768,233
2020-10-11,Del Norte,015,27424,166,161,0,161,2
2020-10-11,El Dorado,017,186661,1305,1242,4,1246,4
2020-10-11,Fresno,019,978130,32243,29419,416,29835,421
2020-10-11,Glenn,021,27897,637,625,0,625,3
2020-10-11,Humboldt,023,135768,538,521,1,522,7
2020-10-11,Imperial,025,180216,12341,11614,9,11623,328
2020-10-11,Inyo,027,18085,213,201,4,205,14
2020-10-11,Kern,029,883053,33049,32399,360,32759,418
2020-10-11,Kings,031,150075,8299,8094,50,8144,80
2020-10-11,Lake,033,64148,668,631,0,631,12
2020-10-11,Lassen,035,31185,762,752,2,754,0
2020-10-11,Los Angeles,037,10098052,285198,280190,2387,282577,6745
2020-10-11,Madera,039,155013,4839,4680,33,4713,50
2020-10-11,Marin,041,260295,6988,6870,18,6888,97
2020-10-11,Mariposa,043,17540,77,76,0,76,2
2020-10-11,Mendocino,045,87422,1009,944,4,948,21
2020-10-11,Merced,047,269075,9261,9124,28,9152,146
2020-10-11,Modoc,049,8938,29,27,0,27,0
2020-10-11,Mono,051,14174,174,154,4,158,1
2020-10-11,Monterey,053,433212,10753,10445,44,10489,77
2020-10-11,Napa,055,140530,1881,1811,8,1819,11
2020-10-11,Nevada,057,99092,589,569,18,587,7
2020-10-11,Orange,059,3164182,57951,55202,1625,56827,1326
2020-10-11,Placer,061,380077,3941,3787,14,3801,48
2020-10-11,Plumas,063,18699,52,51,0,51,0
2020-10-11,Riverside,065,2383286,63689,62112,240,62352,1254
2020-10-11,Sacramento,067,1510023,24176,23778,27,23805,466
2020-10-11,San Benito,069,59416,1385,1374,0,1374,13
2020-10-11,San Bernardino,071,2135413,59214,56997,369,57366,1061
2020-10-11,San Diego,073,3302833,52432,50553,1271,51824,826
2020-10-11,San Francisco,075,870044,11822,11659,40,11699,122
2020-10-11,San Joaquin,077,732212,21073,20700,104,20804,480
2020-10-11,San Luis Obispo,079,281455,4123,3874,21,3895,32
2020-10-11,San Mateo,081,765935,10843,10240,11,10251,130
2020-10-11,Santa Barbara,083,443738,9583,9440,84,9524,117
2020-10-11,Santa Clara,085,1922200,23811,22487,50,22537,336
2020-10-11,Santa Cruz,087,273765,2678,2578,33,2611,13
2020-10-11,Shasta,089,179085,1807,1515,17,1532,20
2020-10-11,Sierra,091,2930,6,6,0,6,0
2020-10-11,Siskiyou,093,43540,172,162,10,172,0
2020-10-11,Solano,095,438530,6891,6685,42,6727,53
2020-10-11,Sonoma,097,501317,8742,8319,23,8342,133
2020-10-11,Stanislaus,099,539301,17155,17007,631,17638,360
2020-10-11,Sutter,101,95872,1763,1742,1,1743,12
2020-10-11,Tehama,103,63373,736,702,2,704,3
2020-10-11,Trinity,105,12862,69,19,9,28,0
2020-10-11,Tulare,107,460477,17279,16741,234,16975,286
2020-10-11,Tuolumne,109,53932,249,234,4,238,4
2020-10-11,Ventura,111,848112,14248,13604,283,13887,151
2020-10-11,Yolo,113,214977,3042,2952,6,2958,55
2020-10-11,Yuba,115,75493,1162,1137,5,1142,10
2020-10-10,Alameda,001,1643700,22602,21979,203,22182,398
2020-10-10,Alpine,003,1148,3,3,0,3,0
2020-10-10,Amador,005,37829,306,304,0,304,16
2020-10-10,Butte,007,227075,3073,2962,27,2989,54
2020-10-10,Calaveras,009,45235,321,262,0,262,12
2020-10-10,Colusa,011,21464,540,541,1,542,6
2020-10-10,Contra Costa,013,1133247,18128,17566,89,17655,233
2020-10-10,Del Norte,015,27424,166,161,0,161,2
2020-10-10,El Dorado,017,186661,1303,1240,4,1244,4
2020-10-10,Fresno,019,978130,32179,29286,414,29700,421
2020-10-10,Glenn,021,27897,637,623,0,623,3
2020-10-10,Humboldt,023,135768,535,518,1,519,7
2020-10-10,Imperial,025,180216,12326,11591,9,11600,327
2020-10-10,Inyo,027,18085,210,201,4,205,14
2020-10-10,Kern,029,883053,33012,32338,360,32698,418
2020-10-10,Kings,031,150075,8295,8078,50,8128,80
2020-10-10,Lake,033,64148,667,630,0,630,11
2020-10-10,Lassen,035,31185,762,752,2,754,0
2020-10-10,Los Angeles,037,10098052,284478,279213,2353,281566,6743
2020-10-10,Madera,039,155013,4826,4662,33,4695,50
2020-10-10,Marin,041,260295,6979,6852,18,6870,97
2020-10-10,Mariposa,043,17540,77,76,0,76,2
2020-10-10,Mendocino,045,87422,1002,935,4,939,21
2020-10-10,Merced,047,269075,9255,9105,27,9132,146
2020-10-10,Modoc,049,8938,29,27,0,27,0
2020-10-10,Mono,051,14174,174,154,4,158,1
2020-10-10,Monterey,053,433212,10720,10410,44,10454,75
2020-10-10,Napa,055,140530,1874,1804,8,1812,11
2020-10-10,Nevada,057,99092,586,564,18,582,6
2020-10-10,Orange,059,3164182,57830,54965,1620,56585,1324
2020-10-10,Placer,061,380077,3924,3757,14,3771,48
2020-10-10,Plumas,063,18699,52,51,0,51,0
2020-10-10,Riverside,065,2383286,63486,61845,238,62083,1254
2020-10-10,Sacramento,067,1510023,24109,23689,27,23716,466
2020-10-10,San Benito,069,59416,1383,1370,0,1370,13
2020-10-10,San Bernardino,071,2135413,59051,56683,367,57050,1061
2020-10-10,San Diego,073,3302833,52202,50145,1253,51398,825
2020-10-10,San Francisco,075,870044,11801,11663,40,11703,122
2020-10-10,San Joaquin,077,732212,21045,20700,100,20800,481
2020-10-10,San Luis Obispo,079,281455,4103,3832,21,3853,32
2020-10-10,San Mateo,081,765935,10806,10218,11,10229,130
2020-10-10,Santa Barbara,083,443738,9572,9417,84,9501,116
2020-10-10,Santa Clara,085,1922200,23720,22354,50,22404,330
2020-10-10,Santa Cruz,087,273765,2664,2572,33,2605,13
2020-10-10,Shasta,089,179085,1790,1473,17,1490,20
2020-10-10,Sierra,091,2930,6,6,0,6,0
2020-10-10,Siskiyou,093,43540,172,161,10,171,0
2020-10-10,Solano,095,438530,6865,6655,42,6697,53
2020-10-10,Sonoma,097,501317,8722,8235,23,8258,133
2020-10-10,Stanislaus,099,539301,17120,16960,623,17583,360
2020-10-10,Sutter,101,95872,1760,1735,1,1736,12
2020-10-10,Tehama,103,63373,729,693,2,695,3
2020-10-10,Trinity,105,12862,69,19,9,28,0
2020-10-10,Tulare,107,460477,17244,16709,229,16938,286
2020-10-10,Tuolumne,109,53932,249,233,4,237,4
2020-10-10,Ventura,111,848112,14223,13520,283,13803,151
2020-10-10,Yolo,113,214977,3033,2939,6,2945,55
2020-10-10,Yuba,115,75493,1160,1134,5,1139,10
2020-10-09,Alameda,001,1643700,22554,21924,203,22127,399
2020-10-09,Alpine,003,1148,3,3,0,3,0
2020-10-09,Amador,005,37829,306,303,0,303,16
2020-10-09,Butte,007,227075,3070,2956,27,2983,51
2020-10-09,Calaveras,009,45235,319,262,0,262,11
2020-10-09,Colusa,011,21464,540,541,1,542,6
2020-10-09,Contra Costa,013,1133247,18078,17487,89,17576,229
2020-10-09,Del Norte,015,27424,165,161,0,161,2
2020-10-09,El Dorado,017,186661,1299,1234,4,1238,4
2020-10-09,Fresno,019,978130,32106,29208,412,29620,417
2020-10-09,Glenn,021,27897,632,617,0,617,3
2020-10-09,Humboldt,023,135768,533,516,1,517,7
2020-10-09,Imperial,025,180216,12299,11516,9,11525,330
2020-10-09,Inyo,027,18085,207,200,4,204,14
2020-10-09,Kern,029,883053,32969,32237,358,32595,417
2020-10-09,Kings,031,150075,8288,7993,48,8041,80
2020-10-09,Lake,033,64148,657,610,0,610,11
2020-10-09,Lassen,035,31185,762,751,2,753,0
2020-10-09,Los Angeles,037,10098052,283344,278039,2328,280367,6715
2020-10-09,Madera,039,155013,4816,4646,33,4679,50
2020-10-09,Marin,041,260295,6965,6838,18,6856,96
2020-10-09,Mariposa,043,17540,77,76,0,76,2
2020-10-09,Mendocino,045,87422,992,933,4,937,20
2020-10-09,Merced,047,269075,9241,9095,27,9122,145
2020-10-09,Modoc,049,8938,29,27,0,27,0
2020-10-09,Mono,051,14174,174,154,4,158,1
2020-10-09,Monterey,053,433212,10686,10369,44,10413,75
2020-10-09,Napa,055,140530,1864,1795,8,1803,11
2020-10-09,Nevada,057,99092,581,561,18,579,6
2020-10-09,Orange,059,3164182,57658,54746,1615,56361,1305
2020-10-09,Placer,061,380077,3910,3737,14,3751,48
2020-10-09,Plumas,063,18699,52,50,0,50,0
2020-10-09,Riverside,065,2383286,63250,61529,237,61766,1252
2020-10-09,Sacramento,067,1510023,24039,23606,27,23633,457
2020-10-09,San Benito,069,59416,1378,1367,0,1367,13
2020-10-09,San Bernardino,071,2135413,58811,56434,365,56799,1057
2020-10-09,San Diego,073,3302833,51926,49825,1242,51067,821
2020-10-09,San Francisco,075,870044,11771,11620,40,11660,120
2020-10-09,San Joaquin,077,732212,21015,20648,92,20740,481
2020-10-09,San Luis Obispo,079,281455,4084,3810,21,3831,32
2020-10-09,San Mateo,081,765935,10778,10140,11,10151,130
2020-10-09,Santa Barbara,083,443738,9544,9396,84,9480,116
2020-10-09,Santa Clara,085,1922200,23618,22251,49,22300,328
2020-10-09,Santa Cruz,087,273765,2655,2555,33,2588,13
2020-10-09,Shasta,089,179085,1764,1353,16,1369,20
2020-10-09,Sierra,091,2930,6,6,0,6,0
2020-10-09,Siskiyou,093,43540,170,156,10,166,0
2020-10-09,Solano,095,438530,6826,6614,42,6656,53
2020-10-09,Sonoma,097,501317,8668,8133,23,8156,133
2020-10-09,Stanislaus,099,539301,17096,16904,614,17518,362
2020-10-09,Sutter,101,95872,1756,1732,1,1733,12
2020-10-09,Tehama,103,63373,723,682,2,684,3
2020-10-09,Trinity,105,12862,69,25,9,34,0
2020-10-09,Tulare,107,460477,17204,16644,220,16864,286
2020-10-09,Tuolumne,109,53932,246,230,4,234,4
2020-10-09,Ventura,111,848112,14187,13469,280,13749,151
2020-10-09,Yolo,113,214977,3026,2928,6,2934,55
2020-10-09,Yuba,115,75493,1159,1129,5,1134,10
2020-10-08,Alameda,001,1643700,22473,21826,202,22028,395
2020-10-08,Alpine,003,1148,3,3,0,3,0
2020-10-08,Amador,005,37829,305,302,0,302,16
2020-10-08,Butte,007,227075,3060,2935,27,2962,51
2020-10-08,Calaveras,009,45235,318,262,0,262,11
2020-10-08,Colusa,011,21464,540,539,1,540,6
2020-10-08,Contra Costa,013,1133247,18018,17418,88,17506,228
2020-10-08,Del Norte,015,27424,165,151,0,151,2
2020-10-08,El Dorado,017,186661,1298,1230,4,1234,4
2020-10-08,Fresno,019,978130,32001,29111,412,29523,416
2020-10-08,Glenn,021,27897,629,616,0,616,3
2020-10-08,Humboldt,023,135768,529,515,1,516,7
2020-10-08,Imperial,025,180216,12260,11405,9,11414,330
2020-10-08,Inyo,027,18085,204,199,4,203,14
2020-10-08,Kern,029,883053,32911,32169,353,32522,411
2020-10-08,Kings,031,150075,8282,7968,48,8016,80
2020-10-08,Lake,033,64148,652,604,0,604,11
2020-10-08,Lassen,035,31185,757,751,2,753,0
2020-10-08,Los Angeles,037,10098052,282144,276763,2288,279051,6699
2020-10-08,Madera,039,155013,4797,4637,33,4670,50
2020-10-08,Marin,041,260295,6951,6810,18,6828,96
2020-10-08,Mariposa,043,17540,77,76,0,76,2
2020-10-08,Mendocino,045,87422,987,930,4,934,20
2020-10-08,Merced,047,269075,9221,9069,27,9096,144
2020-10-08,Modoc,049,8938,29,27,0,27,0
2020-10-08,Mono,051,14174,174,153,4,157,1
2020-10-08,Monterey,053,433212,10619,10343,44,10387,75
2020-10-08,Napa,055,140530,1849,1779,8,1787,11
2020-10-08,Nevada,057,99092,578,556,18,574,6
2020-10-08,Orange,059,3164182,57465,54523,1604,56127,1293
2020-10-08,Placer,061,380077,3892,3715,14,3729,48
2020-10-08,Plumas,063,18699,52,50,0,50,0
2020-10-08,Riverside,065,2383286,62981,61105,235,61340,1244
2020-10-08,Sacramento,067,1510023,23931,23482,27,23509,454
2020-10-08,San Benito,069,59416,1373,1367,0,1367,13
2020-10-08,San Bernardino,071,2135413,58445,56152,364,56516,1048
2020-10-08,San Diego,073,3302833,51646,49468,1210,50678,819
2020-10-08,San Francisco,075,870044,11733,11608,40,11648,115
2020-10-08,San Joaquin,077,732212,20963,20576,87,20663,478
2020-10-08,San Luis Obispo,079,281455,4068,3785,21,3806,32
2020-10-08,San Mateo,081,765935,10746,10044,11,10055,130
2020-10-08,Santa Barbara,083,443738,9516,9374,84,9458,116
2020-10-08,Santa Clara,085,1922200,23516,22095,49,22144,323
2020-10-08,Santa Cruz,087,273765,2643,2535,33,2568,13
2020-10-08,Shasta,089,179085,1730,1305,16,1321,20
2020-10-08,Sierra,091,2930,6,6,0,6,0
2020-10-08,Siskiyou,093,43540,170,156,10,166,0
2020-10-08,Solano,095,438530,6802,6556,42,6598,53
2020-10-08,Sonoma,097,501317,8602,8063,23,8086,132
2020-10-08,Stanislaus,099,539301,17050,16821,606,17427,360
2020-10-08,Sutter,101,95872,1756,1725,1,1726,12
2020-10-08,Tehama,103,63373,714,676,2,678,3
2020-10-08,Trinity,105,12862,68,25,9,34,0
2020-10-08,Tulare,107,460477,17143,16573,211,16784,283
2020-10-08,Tuolumne,109,53932,245,230,4,234,4
2020-10-08,Ventura,111,848112,14139,13399,278,13677,151
2020-10-08,Yolo,113,214977,3009,2914,6,2920,55
2020-10-08,Yuba,115,75493,1154,1126,5,1131,10
2020-10-07,Alameda,001,1643700,22396,21736,202,21938,395
2020-10-07,Alpine,003,1148,3,3,0,3,0
2020-10-07,Amador,005,37829,305,302,0,302,16
2020-10-07,Butte,007,227075,3048,2927,27,2954,47
2020-10-07,Calaveras,009,45235,316,262,0,262,11
2020-10-07,Colusa,011,21464,539,539,0,539,6
2020-10-07,Contra Costa,013,1133247,17948,17346,87,17433,225
2020-10-07,Del Norte,015,27424,164,149,0,149,2
2020-10-07,El Dorado,017,186661,1290,1219,4,1223,4
2020-10-07,Fresno,019,978130,31880,29069,407,29476,413
2020-10-07,Glenn,021,27897,629,615,0,615,3
2020-10-07,Humboldt,023,135768,526,512,1,513,7
2020-10-07,Imperial,025,180216,12223,11289,8,11297,330
2020-10-07,Inyo,027,18085,204,199,4,203,14
2020-10-07,Kern,029,883053,32838,32068,352,32420,410
2020-10-07,Kings,031,150075,8267,7948,48,7996,80
2020-10-07,Lake,033,64148,651,599,0,599,11
2020-10-07,Lassen,035,31185,757,751,2,753,0
2020-10-07,Los Angeles,037,10098052,280963,275559,2254,277813,6681
2020-10-07,Madera,039,155013,4777,4618,33,4651,50
2020-10-07,Marin,041,260295,6924,6790,18,6808,95
2020-10-07,Mariposa,043,17540,77,75,0,75,2
2020-10-07,Mendocino,045,87422,981,927,4,931,19
2020-10-07,Merced,047,269075,9184,9045,26,9071,144
2020-10-07,Modoc,049,8938,29,27,0,27,0
2020-10-07,Mono,051,14174,173,153,3,156,1
2020-10-07,Monterey,053,433212,10560,10272,44,10316,75
2020-10-07,Napa,055,140530,1836,1774,8,1782,11
2020-10-07,Nevada,057,99092,574,552,18,570,6
2020-10-07,Orange,059,3164182,57247,54332,1594,55926,1277
2020-10-07,Placer,061,380077,3876,3693,14,3707,48
2020-10-07,Plumas,063,18699,52,50,0,50,0
2020-10-07,Riverside,065,2383286,62634,60857,231,61088,1241
2020-10-07,Sacramento,067,1510023,23834,23380,27,23407,452
2020-10-07,San Benito,069,59416,1370,1363,0,1363,13
2020-10-07,San Bernardino,071,2135413,58096,55738,363,56101,1043
2020-10-07,San Diego,073,3302833,51330,49177,1186,50363,813
2020-10-07,San Francisco,075,870044,11698,11551,40,11591,115
2020-10-07,San Joaquin,077,732212,20911,20527,80,20607,478
2020-10-07,San Luis Obispo,079,281455,4038,3749,21,3770,32
2020-10-07,San Mateo,081,765935,10703,9980,11,9991,130
2020-10-07,Santa Barbara,083,443738,9490,9350,83,9433,116
2020-10-07,Santa Clara,085,1922200,23388,21993,49,22042,320
2020-10-07,Santa Cruz,087,273765,2631,2518,33,2551,14
2020-10-07,Shasta,089,179085,1687,1268,16,1284,20
2020-10-07,Sierra,091,2930,6,6,0,6,0
2020-10-07,Siskiyou,093,43540,168,154,10,164,0
2020-10-07,Solano,095,438530,6767,6526,42,6568,53
2020-10-07,Sonoma,097,501317,8527,7993,22,8015,130
2020-10-07,Stanislaus,099,539301,17015,16786,600,17386,357
2020-10-07,Sutter,101,95872,1753,1723,1,1724,12
2020-10-07,Tehama,103,63373,705,666,2,668,3
2020-10-07,Trinity,105,12862,64,25,8,33,0
2020-10-07,Tulare,107,460477,17100,16483,202,16685,282
2020-10-07,Tuolumne,109,53932,245,227,4,231,3
2020-10-07,Ventura,111,848112,14089,13333,272,13605,150
2020-10-07,Yolo,113,214977,2983,2904,6,2910,55
2020-10-07,Yuba,115,75493,1148,1120,5,1125,10
2020-10-06,Alameda,001,1643700,22305,21698,200,21898,385
2020-10-06,Alpine,003,1148,3,3,0,3,0
2020-10-06,Amador,005,37829,303,301,0,301,16
2020-10-06,Butte,007,227075,3041,2925,27,2952,47
2020-10-06,Calaveras,009,45235,316,261,0,261,11
2020-10-06,Colusa,011,21464,538,538,0,538,6
2020-10-06,Contra Costa,013,1133247,17869,17295,87,17382,219
2020-10-06,Del Norte,015,27424,164,144,0,144,2
2020-10-06,El Dorado,017,186661,1286,1211,4,1215,4
2020-10-06,Fresno,019,978130,31736,29022,404,29426,412
2020-10-06,Glenn,021,27897,626,604,0,604,3
2020-10-06,Humboldt,023,135768,523,508,1,509,7
2020-10-06,Imperial,025,180216,12185,11196,8,11204,327
2020-10-06,Inyo,027,18085,202,198,4,202,14
2020-10-06,Kern,029,883053,32761,32006,350,32356,407
2020-10-06,Kings,031,150075,8251,7943,48,7991,81
2020-10-06,Lake,033,64148,645,596,0,596,11
2020-10-06,Lassen,035,31185,757,743,2,745,0
2020-10-06,Los Angeles,037,10098052,279727,274115,2204,276319,6657
2020-10-06,Madera,039,155013,4765,4608,33,4641,50
2020-10-06,Marin,041,260295,6909,6766,18,6784,91
2020-10-06,Mariposa,043,17540,77,75,0,75,2
2020-10-06,Mendocino,045,87422,974,920,4,924,19
2020-10-06,Merced,047,269075,9148,9034,25,9059,143
2020-10-06,Modoc,049,8938,29,26,0,26,0
2020-10-06,Mono,051,14174,173,153,3,156,1
2020-10-06,Monterey,053,433212,10505,10235,42,10277,72
2020-10-06,Napa,055,140530,1830,1770,8,1778,11
2020-10-06,Nevada,057,99092,571,551,18,569,6
2020-10-06,Orange,059,3164182,57032,54203,1585,55788,1273
2020-10-06,Placer,061,380077,3854,3680,14,3694,48
2020-10-06,Plumas,063,18699,52,49,0,49,0
2020-10-06,Riverside,065,2383286,62369,60593,228,60821,1238
2020-10-06,Sacramento,067,1510023,23747,23322,27,23349,442
2020-10-06,San Benito,069,59416,1369,1358,0,1358,12
2020-10-06,San Bernardino,071,2135413,57781,55416,359,55775,1040
2020-10-06,San Diego,073,3302833,50993,48823,1169,49992,806
2020-10-06,San Francisco,075,870044,11672,11513,39,11552,115
2020-10-06,San Joaquin,077,732212,20871,20481,77,20558,477
2020-10-06,San Luis Obispo,079,281455,4004,3723,21,3744,32
2020-10-06,San Mateo,081,765935,10670,9934,11,9945,129
2020-10-06,Santa Barbara,083,443738,9461,9331,82,9413,116
2020-10-06,Santa Clara,085,1922200,23293,21914,49,21963,320
2020-10-06,Santa Cruz,087,273765,2609,2510,33,2543,12
2020-10-06,Shasta,089,179085,1647,1242,16,1258,18
2020-10-06,Sierra,091,2930,6,6,0,6,0
2020-10-06,Siskiyou,093,43540,168,154,10,164,0
2020-10-06,Solano,095,438530,6721,6506,42,6548,52
2020-10-06,Sonoma,097,501317,8434,7895,22,7917,130
2020-10-06,Stanislaus,099,539301,16970,16759,594,17353,354
2020-10-06,Sutter,101,95872,1751,1722,1,1723,12
2020-10-06,Tehama,103,63373,696,660,2,662,3
2020-10-06,Trinity,105,12862,64,25,8,33,0
2020-10-06,Tulare,107,460477,17058,16456,194,16650,280
2020-10-06,Tuolumne,109,53932,244,227,4,231,2
2020-10-06,Ventura,111,848112,14022,13242,267,13509,150
2020-10-06,Yolo,113,214977,2969,2899,6,2905,56
2020-10-06,Yuba,115,75493,1147,1114,5,1119,10
2020-10-05,Alameda,001,1643700,22217,21637,197,21834,383
2020-10-05,Alpine,003,1148,3,2,0,2,0
2020-10-05,Amador,005,37829,303,299,0,299,16
2020-10-05,Butte,007,227075,3031,2910,27,2937,46
2020-10-05,Calaveras,009,45235,316,259,0,259,11
2020-10-05,Colusa,011,21464,538,537,0,537,6
2020-10-05,Contra Costa,013,1133247,17792,17250,87,17337,216
2020-10-05,Del Norte,015,27424,161,142,0,142,2
2020-10-05,El Dorado,017,186661,1282,1202,4,1206,4
2020-10-05,Fresno,019,978130,31619,29136,404,29540,408
2020-10-05,Glenn,021,27897,624,603,0,603,3
2020-10-05,Humboldt,023,135768,522,506,1,507,6
2020-10-05,Imperial,025,180216,12145,11169,8,11177,327
2020-10-05,Inyo,027,18085,202,197,4,201,14
2020-10-05,Kern,029,883053,32682,31933,346,32279,404
2020-10-05,Kings,031,150075,8154,7932,48,7980,80
2020-10-05,Lake,033,64148,641,592,0,592,10
2020-10-05,Lassen,035,31185,756,743,2,745,0
2020-10-05,Los Angeles,037,10098052,278640,273200,2162,275362,6632
2020-10-05,Madera,039,155013,4757,4598,31,4629,50
2020-10-05,Marin,041,260295,6892,6751,18,6769,91
2020-10-05,Mariposa,043,17540,77,75,0,75,2
2020-10-05,Mendocino,045,87422,966,913,4,917,19
2020-10-05,Merced,047,269075,9129,9021,24,9045,143
2020-10-05,Modoc,049,8938,29,26,0,26,0
2020-10-05,Mono,051,14174,173,152,3,155,1
2020-10-05,Monterey,053,433212,10458,10187,42,10229,72
2020-10-05,Napa,055,140530,1819,1760,8,1768,11
2020-10-05,Nevada,057,99092,568,550,17,567,6
2020-10-05,Orange,059,3164182,56816,54103,1572,55675,1271
2020-10-05,Placer,061,380077,3828,3670,14,3684,46
2020-10-05,Plumas,063,18699,51,49,0,49,0
2020-10-05,Riverside,065,2383286,62049,60454,224,60678,1232
2020-10-05,Sacramento,067,1510023,23643,23207,27,23234,438
2020-10-05,San Benito,069,59416,1366,1356,0,1356,12
2020-10-05,San Bernardino,071,2135413,57473,55100,358,55458,1031
2020-10-05,San Diego,073,3302833,50657,48662,1145,49807,803
2020-10-05,San Francisco,075,870044,11633,11476,36,11512,110
2020-10-05,San Joaquin,077,732212,20800,20319,74,20393,476
2020-10-05,San Luis Obispo,079,281455,3977,3710,21,3731,32
2020-10-05,San Mateo,081,765935,10643,9896,11,9907,128
2020-10-05,Santa Barbara,083,443738,9439,9309,82,9391,116
2020-10-05,Santa Clara,085,1922200,23176,21861,49,21910,319
2020-10-05,Santa Cruz,087,273765,2597,2492,33,2525,9
2020-10-05,Shasta,089,179085,1615,1158,16,1174,18
2020-10-05,Sierra,091,2930,6,6,0,6,0
2020-10-05,Siskiyou,093,43540,168,153,10,163,0
2020-10-05,Solano,095,438530,6682,6475,42,6517,52
2020-10-05,Sonoma,097,501317,8342,7817,22,7839,130
2020-10-05,Stanislaus,099,539301,16935,16730,587,17317,351
2020-10-05,Sutter,101,95872,1743,1719,1,1720,12
2020-10-05,Tehama,103,63373,688,642,2,644,3
2020-10-05,Trinity,105,12862,62,22,8,30,0
2020-10-05,Tulare,107,460477,16999,16343,189,16532,278
2020-10-05,Tuolumne,109,53932,241,226,4,230,2
2020-10-05,Ventura,111,848112,13953,13224,247,13471,149
2020-10-05,Yolo,113,214977,2950,2889,6,2895,56
2020-10-05,Yuba,115,75493,1134,1108,5,1113,9
2020-10-04,Alameda,001,1643700,22121,21597,197,21794,383
2020-10-04,Alpine,003,1148,3,2,0,2,0
2020-10-04,Amador,005,37829,302,297,0,297,16
2020-10-04,Butte,007,227075,3017,2903,27,2930,46
2020-10-04,Calaveras,009,45235,316,259,0,259,11
2020-10-04,Colusa,011,21464,537,537,0,537,6
2020-10-04,Contra Costa,013,1133247,17727,17192,87,17279,214
2020-10-04,Del Norte,015,27424,157,142,0,142,2
2020-10-04,El Dorado,017,186661,1278,1196,4,1200,4
2020-10-04,Fresno,019,978130,31496,29065,404,29469,408
2020-10-04,Glenn,021,27897,622,601,0,601,3
2020-10-04,Humboldt,023,135768,521,506,1,507,6
2020-10-04,Imperial,025,180216,12106,11127,8,11135,327
2020-10-04,Inyo,027,18085,199,195,4,199,14
2020-10-04,Kern,029,883053,32608,31906,343,32249,404
2020-10-04,Kings,031,150075,8139,7919,48,7967,80
2020-10-04,Lake,033,64148,627,589,0,589,10
2020-10-04,Lassen,035,31185,756,743,2,745,0
2020-10-04,Los Angeles,037,10098052,277251,272822,2114,274936,6625
2020-10-04,Madera,039,155013,4741,4587,31,4618,50
2020-10-04,Marin,041,260295,6872,6741,18,6759,91
2020-10-04,Mariposa,043,17540,77,75,0,75,2
2020-10-04,Mendocino,045,87422,953,905,4,909,18
2020-10-04,Merced,047,269075,9104,9006,24,9030,140
2020-10-04,Modoc,049,8938,29,26,0,26,0
2020-10-04,Mono,051,14174,172,152,2,154,1
2020-10-04,Monterey,053,433212,10417,10141,41,10182,72
2020-10-04,Napa,055,140530,1807,1759,8,1767,11
2020-10-04,Nevada,057,99092,564,547,16,563,6
2020-10-04,Orange,059,3164182,56580,53966,1563,55529,1270
2020-10-04,Placer,061,380077,3807,3664,14,3678,46
2020-10-04,Plumas,063,18699,51,49,0,49,0
2020-10-04,Riverside,065,2383286,61763,60251,220,60471,1226
2020-10-04,Sacramento,067,1510023,23530,23162,27,23189,438
2020-10-04,San Benito,069,59416,1366,1355,0,1355,12
2020-10-04,San Bernardino,071,2135413,57026,55100,356,55456,1031
2020-10-04,San Diego,073,3302833,50290,48438,1120,49558,803
2020-10-04,San Francisco,075,870044,11601,11474,34,11508,110
2020-10-04,San Joaquin,077,732212,20723,20320,68,20388,476
2020-10-04,San Luis Obispo,079,281455,3952,3688,21,3709,31
2020-10-04,San Mateo,081,765935,10583,9858,11,9869,128
2020-10-04,Santa Barbara,083,443738,9413,9276,80,9356,116
2020-10-04,Santa Clara,085,1922200,23039,21780,49,21829,316
2020-10-04,Santa Cruz,087,273765,2581,2483,33,2516,9
2020-10-04,Shasta,089,179085,1517,1158,15,1173,18
2020-10-04,Sierra,091,2930,6,6,0,6,0
2020-10-04,Siskiyou,093,43540,168,153,10,163,0
2020-10-04,Solano,095,438530,6631,6445,42,6487,52
2020-10-04,Sonoma,097,501317,8254,7794,22,7816,129
2020-10-04,Stanislaus,099,539301,16885,16711,578,17289,351
2020-10-04,Sutter,101,95872,1740,1711,1,1712,11
2020-10-04,Tehama,103,63373,673,637,2,639,3
2020-10-04,Trinity,105,12862,61,21,8,29,0
2020-10-04,Tulare,107,460477,16922,16343,178,16521,278
2020-10-04,Tuolumne,109,53932,239,226,4,230,2
2020-10-04,Ventura,111,848112,13871,13197,230,13427,149
2020-10-04,Yolo,113,214977,2939,2875,6,2881,56
2020-10-04,Yuba,115,75493,1130,1103,5,1108,9
2020-10-03,Alameda,001,1643700,22075,21510,196,21706,386
2020-10-03,Alpine,003,1148,3,2,0,2,0
2020-10-03,Amador,005,37829,301,296,0,296,16
2020-10-03,Butte,007,227075,3011,2894,27,2921,46
2020-10-03,Calaveras,009,45235,316,259,0,259,11
2020-10-03,Colusa,011,21464,536,537,0,537,6
2020-10-03,Contra Costa,013,1133247,17677,17087,85,17172,213
2020-10-03,Del Norte,015,27424,153,142,0,142,2
2020-10-03,El Dorado,017,186661,1271,1188,4,1192,4
2020-10-03,Fresno,019,978130,31436,28975,403,29378,408
2020-10-03,Glenn,021,27897,620,601,0,601,3
2020-10-03,Humboldt,023,135768,520,504,1,505,6
2020-10-03,Imperial,025,180216,12083,11090,8,11098,327
2020-10-03,Inyo,027,18085,199,194,4,198,14
2020-10-03,Kern,029,883053,32558,31864,340,32204,403
2020-10-03,Kings,031,150075,8135,7887,48,7935,80
2020-10-03,Lake,033,64148,617,588,0,588,10
2020-10-03,Lassen,035,31185,756,743,2,745,0
2020-10-03,Los Angeles,037,10098052,276546,271869,2085,273954,6620
2020-10-03,Madera,039,155013,4724,4565,31,4596,50
2020-10-03,Marin,041,260295,6866,6728,18,6746,91
2020-10-03,Mariposa,043,17540,77,75,0,75,2
2020-10-03,Mendocino,045,87422,951,898,4,902,18
2020-10-03,Merced,047,269075,9091,8986,24,9010,139
2020-10-03,Modoc,049,8938,29,26,0,26,0
2020-10-03,Mono,051,14174,171,152,2,154,1
2020-10-03,Monterey,053,433212,10383,10092,38,10130,72
2020-10-03,Napa,055,140530,1803,1752,8,1760,11
2020-10-03,Nevada,057,99092,563,544,16,560,6
2020-10-03,Orange,059,3164182,56463,53573,1558,55131,1268
2020-10-03,Placer,061,380077,3796,3648,14,3662,47
2020-10-03,Plumas,063,18699,51,48,0,48,0
2020-10-03,Riverside,065,2383286,61611,59991,218,60209,1226
2020-10-03,Sacramento,067,1510023,23479,23076,27,23103,437
2020-10-03,San Benito,069,59416,1366,1351,0,1351,12
2020-10-03,San Bernardino,071,2135413,56853,55004,353,55357,1031
2020-10-03,San Diego,073,3302833,50059,48202,1103,49305,798
2020-10-03,San Francisco,075,870044,11576,11475,32,11507,110
2020-10-03,San Joaquin,077,732212,20697,20322,68,20390,476
2020-10-03,San Luis Obispo,079,281455,3928,3670,21,3691,31
2020-10-03,San Mateo,081,765935,10557,9822,10,9832,128
2020-10-03,Santa Barbara,083,443738,9400,9256,80,9336,116
2020-10-03,Santa Clara,085,1922200,22959,21672,49,21721,309
2020-10-03,Santa Cruz,087,273765,2573,2476,33,2509,9
2020-10-03,Shasta,089,179085,1489,1117,14,1131,18
2020-10-03,Sierra,091,2930,6,6,0,6,0
2020-10-03,Siskiyou,093,43540,168,152,10,162,0
2020-10-03,Solano,095,438530,6605,6419,42,6461,52
2020-10-03,Sonoma,097,501317,8211,7747,22,7769,129
2020-10-03,Stanislaus,099,539301,16852,16645,574,17219,351
2020-10-03,Sutter,101,95872,1736,1705,1,1706,11
2020-10-03,Tehama,103,63373,667,630,2,632,3
2020-10-03,Trinity,105,12862,61,15,8,23,0
2020-10-03,Tulare,107,460477,16878,16322,174,16496,278
2020-10-03,Tuolumne,109,53932,238,224,4,228,2
2020-10-03,Ventura,111,848112,13832,13150,226,13376,148
2020-10-03,Yolo,113,214977,2932,2863,6,2869,56
2020-10-03,Yuba,115,75493,1122,1097,5,1102,8
2020-10-02,Alameda,001,1643700,22020,21404,195,21599,382
2020-10-02,Alpine,003,1148,3,2,0,2,0
2020-10-02,Amador,005,37829,300,296,0,296,16
2020-10-02,Butte,007,227075,3001,2879,27,2906,46
2020-10-02,Calaveras,009,45235,315,259,0,259,11
2020-10-02,Colusa,011,21464,535,537,0,537,6
2020-10-02,Contra Costa,013,1133247,17634,17002,84,17086,213
2020-10-02,Del Norte,015,27424,152,141,0,141,2
2020-10-02,El Dorado,017,186661,1264,1168,4,1172,4
2020-10-02,Fresno,019,978130,31353,28855,403,29258,403
2020-10-02,Glenn,021,27897,615,594,0,594,3
2020-10-02,Humboldt,023,135768,519,503,1,504,6
2020-10-02,Imperial,025,180216,12061,11024,8,11032,327
2020-10-02,Inyo,027,18085,197,191,4,195,14
2020-10-02,Kern,029,883053,32506,31790,338,32128,399
2020-10-02,Kings,031,150075,8126,7716,48,7764,79
2020-10-02,Lake,033,64148,611,579,0,579,10
2020-10-02,Lassen,035,31185,756,742,2,744,0
2020-10-02,Los Angeles,037,10098052,275644,270935,2058,272993,6602
2020-10-02,Madera,039,155013,4715,4537,31,4568,49
2020-10-02,Marin,041,260295,6849,6717,18,6735,91
2020-10-02,Mariposa,043,17540,77,75,0,75,2
2020-10-02,Mendocino,045,87422,946,883,4,887,18
2020-10-02,Merced,047,269075,9081,8961,24,8985,139
2020-10-02,Modoc,049,8938,29,26,0,26,0
2020-10-02,Mono,051,14174,171,150,2,152,1
2020-10-02,Monterey,053,433212,10349,9997,38,10035,71
2020-10-02,Napa,055,140530,1797,1737,8,1745,11
2020-10-02,Nevada,057,99092,560,543,16,559,6
2020-10-02,Orange,059,3164182,56332,53299,1551,54850,1262
2020-10-02,Placer,061,380077,3776,3612,14,3626,46
2020-10-02,Plumas,063,18699,51,48,0,48,0
2020-10-02,Riverside,065,2383286,61390,59673,215,59888,1223
2020-10-02,Sacramento,067,1510023,23414,22818,27,22845,436
2020-10-02,San Benito,069,59416,1362,1347,0,1347,12
2020-10-02,San Bernardino,071,2135413,56665,54613,353,54966,1028
2020-10-02,San Diego,073,3302833,49806,47793,1088,48881,794
2020-10-02,San Francisco,075,870044,11553,11398,32,11430,110
2020-10-02,San Joaquin,077,732212,20663,20235,67,20302,474
2020-10-02,San Luis Obispo,079,281455,3905,3654,21,3675,31
2020-10-02,San Mateo,081,765935,10516,9745,10,9755,128
2020-10-02,Santa Barbara,083,443738,9377,9234,80,9314,116
2020-10-02,Santa Clara,085,1922200,22873,21545,48,21593,305
2020-10-02,Santa Cruz,087,273765,2556,2463,33,2496,9
2020-10-02,Shasta,089,179085,1454,1046,14,1060,18
2020-10-02,Sierra,091,2930,6,6,0,6,0
2020-10-02,Siskiyou,093,43540,168,151,10,161,0
2020-10-02,Solano,095,438530,6575,6385,42,6427,52
2020-10-02,Sonoma,097,501317,8154,7662,22,7684,125
2020-10-02,Stanislaus,099,539301,16811,16609,565,17174,349
2020-10-02,Sutter,101,95872,1735,1693,1,1694,11
2020-10-02,Tehama,103,63373,662,619,2,621,3
2020-10-02,Trinity,105,12862,61,15,8,23,0
2020-10-02,Tulare,107,460477,16837,16245,167,16412,278
2020-10-02,Tuolumne,109,53932,236,225,4,229,2
2020-10-02,Ventura,111,848112,13793,13120,221,13341,146
2020-10-02,Yolo,113,214977,2927,2845,6,2851,55
2020-10-02,Yuba,115,75493,1120,1090,5,1095,8
2020-10-01,Alameda,001,1643700,21959,21349,191,21540,383
2020-10-01,Alpine,003,1148,3,2,0,2,0
2020-10-01,Amador,005,37829,300,294,0,294,16
2020-10-01,Butte,007,227075,2993,2865,27,2892,45
2020-10-01,Calaveras,009,45235,315,257,0,257,11
2020-10-01,Colusa,011,21464,535,536,0,536,6
2020-10-01,Contra Costa,013,1133247,17571,16898,84,16982,211
2020-10-01,Del Norte,015,27424,147,140,0,140,2
2020-10-01,El Dorado,017,186661,1260,1162,3,1165,4
2020-10-01,Fresno,019,978130,31272,28796,401,29197,397
2020-10-01,Glenn,021,27897,611,593,0,593,3
2020-10-01,Humboldt,023,135768,519,499,1,500,6
2020-10-01,Imperial,025,180216,12018,10928,8,10936,325
2020-10-01,Inyo,027,18085,197,191,4,195,14
2020-10-01,Kern,029,883053,32443,31678,333,32011,399
2020-10-01,Kings,031,150075,8115,7688,45,7733,79
2020-10-01,Lake,033,64148,605,572,0,572,11
2020-10-01,Lassen,035,31185,753,742,2,744,0
2020-10-01,Los Angeles,037,10098052,274602,271513,2024,273537,6621
2020-10-01,Madera,039,155013,4692,4508,31,4539,48
2020-10-01,Marin,041,260295,6835,6710,18,6728,92
2020-10-01,Mariposa,043,17540,77,76,0,76,2
2020-10-01,Mendocino,045,87422,941,874,4,878,19
2020-10-01,Merced,047,269075,9053,8942,24,8966,138
2020-10-01,Modoc,049,8938,29,26,0,26,0
2020-10-01,Mono,051,14174,169,150,2,152,1
2020-10-01,Monterey,053,433212,10273,9958,38,9996,71
2020-10-01,Napa,055,140530,1789,1729,8,1737,11
2020-10-01,Nevada,057,99092,559,543,16,559,6
2020-10-01,Orange,059,3164182,56167,53088,1538,54626,1257
2020-10-01,Placer,061,380077,3749,3599,14,3613,45
2020-10-01,Plumas,063,18699,51,48,0,48,0
2020-10-01,Riverside,065,2383286,61138,59293,209,59502,1223
2020-10-01,Sacramento,067,1510023,23302,22714,26,22740,433
2020-10-01,San Benito,069,59416,1360,1346,0,1346,12
2020-10-01,San Bernardino,071,2135413,56371,54350,350,54700,1021
2020-10-01,San Diego,073,3302833,49524,47487,1068,48555,792
2020-10-01,San Francisco,075,870044,11522,11284,30,11314,110
2020-10-01,San Joaquin,077,732212,20616,20204,64,20268,471
2020-10-01,San Luis Obispo,079,281455,3878,3625,21,3646,31
2020-10-01,San Mateo,081,765935,10471,9681,10,9691,128
2020-10-01,Santa Barbara,083,443738,9337,9215,80,9295,118
2020-10-01,Santa Clara,085,1922200,22772,21398,48,21446,305
2020-10-01,Santa Cruz,087,273765,2541,2418,33,2451,10
2020-10-01,Shasta,089,179085,1403,991,14,1005,18
2020-10-01,Sierra,091,2930,6,6,0,6,0
2020-10-01,Siskiyou,093,43540,165,150,10,160,0
2020-10-01,Solano,095,438530,6537,6352,42,6394,52
2020-10-01,Sonoma,097,501317,8087,7569,22,7591,125
2020-10-01,Stanislaus,099,539301,16778,16555,559,17114,346
2020-10-01,Sutter,101,95872,1730,1684,1,1685,11
2020-10-01,Tehama,103,63373,652,606,2,608,3
2020-10-01,Trinity,105,12862,61,15,8,23,0
2020-10-01,Tulare,107,460477,16762,16182,164,16346,275
2020-10-01,Tuolumne,109,53932,236,223,4,227,2
2020-10-01,Ventura,111,848112,13741,13057,207,13264,146
2020-10-01,Yolo,113,214977,2909,2833,6,2839,55
2020-10-01,Yuba,115,75493,1116,1082,5,1087,8
2020-09-30,Alameda,001,1643700,21880,21271,188,21459,380
2020-09-30,Alpine,003,1148,3,2,0,2,0
2020-09-30,Amador,005,37829,300,294,0,294,16
2020-09-30,Butte,007,227075,2985,2858,27,2885,44
2020-09-30,Calaveras,009,45235,314,258,0,258,11
2020-09-30,Colusa,011,21464,534,534,0,534,6
2020-09-30,Contra Costa,013,1133247,17503,16819,84,16903,211
2020-09-30,Del Norte,015,27424,146,140,0,140,2
2020-09-30,El Dorado,017,186661,1248,1157,3,1160,4
2020-09-30,Fresno,019,978130,31181,28706,398,29104,395
2020-09-30,Glenn,021,27897,606,592,0,592,3
2020-09-30,Humboldt,023,135768,517,497,1,498,6
2020-09-30,Imperial,025,180216,11993,10868,8,10876,287
2020-09-30,Inyo,027,18085,196,189,4,193,14
2020-09-30,Kern,029,883053,32368,31601,332,31933,398
2020-09-30,Kings,031,150075,8086,7685,45,7730,79
2020-09-30,Lake,033,64148,599,567,0,567,10
2020-09-30,Lassen,035,31185,750,742,2,744,0
2020-09-30,Los Angeles,037,10098052,273377,270260,1991,272251,6568
2020-09-30,Madera,039,155013,4683,4477,31,4508,47
2020-09-30,Marin,041,260295,6811,6700,17,6717,91
2020-09-30,Mariposa,043,17540,77,76,0,76,2
2020-09-30,Mendocino,045,87422,935,867,4,871,17
2020-09-30,Merced,047,269075,9033,8926,24,8950,136
2020-09-30,Modoc,049,8938,29,26,0,26,0
2020-09-30,Mono,051,14174,169,150,2,152,1
2020-09-30,Monterey,053,433212,10223,9898,37,9935,70
2020-09-30,Napa,055,140530,1775,1728,8,1736,11
2020-09-30,Nevada,057,99092,557,540,16,556,6
2020-09-30,Orange,059,3164182,55976,52916,1522,54438,1251
2020-09-30,Placer,061,380077,3728,3585,14,3599,43
2020-09-30,Plumas,063,18699,51,48,0,48,0
2020-09-30,Riverside,065,2383286,60783,59074,205,59279,1220
2020-09-30,Sacramento,067,1510023,23198,22613,26,22639,429
2020-09-30,San Benito,069,59416,1357,1342,0,1342,12
2020-09-30,San Bernardino,071,2135413,56093,53988,348,54336,1018
2020-09-30,San Diego,073,3302833,49220,47182,1047,48229,783
2020-09-30,San Francisco,075,870044,11492,11247,30,11277,106
2020-09-30,San Joaquin,077,732212,20533,20150,62,20212,461
2020-09-30,San Luis Obispo,079,281455,3853,3597,21,3618,31
2020-09-30,San Mateo,081,765935,10429,9634,10,9644,128
2020-09-30,Santa Barbara,083,443738,9311,9186,80,9266,115
2020-09-30,Santa Clara,085,1922200,22667,21318,48,21366,302
2020-09-30,Santa Cruz,087,273765,2528,2405,33,2438,10
2020-09-30,Shasta,089,179085,1347,976,13,989,17
2020-09-30,Sierra,091,2930,6,6,0,6,0
2020-09-30,Siskiyou,093,43540,163,150,10,160,0
2020-09-30,Solano,095,438530,6495,6315,42,6357,51
2020-09-30,Sonoma,097,501317,7998,7494,22,7516,125
2020-09-30,Stanislaus,099,539301,16731,16531,553,17084,343
2020-09-30,Sutter,101,95872,1714,1680,1,1681,10
2020-09-30,Tehama,103,63373,646,594,2,596,3
2020-09-30,Trinity,105,12862,58,15,8,23,0
2020-09-30,Tulare,107,460477,16696,16117,157,16274,274
2020-09-30,Tuolumne,109,53932,234,224,4,228,2
2020-09-30,Ventura,111,848112,13706,12968,191,13159,145
2020-09-30,Yolo,113,214977,2896,2822,6,2828,55
2020-09-30,Yuba,115,75493,1113,1075,5,1080,8
2020-09-29,Alameda,001,1643700,21802,21241,185,21426,374
2020-09-29,Alpine,003,1148,3,2,0,2,0
2020-09-29,Amador,005,37829,298,294,0,294,16
2020-09-29,Butte,007,227075,2971,2848,27,2875,44
2020-09-29,Calaveras,009,45235,312,261,0,261,11
2020-09-29,Colusa,011,21464,534,534,0,534,6
2020-09-29,Contra Costa,013,1133247,17448,16716,82,16798,209
2020-09-29,Del Norte,015,27424,142,142,0,142,2
2020-09-29,El Dorado,017,186661,1239,1151,3,1154,4
2020-09-29,Fresno,019,978130,31086,28621,397,29018,394
2020-09-29,Glenn,021,27897,602,589,0,589,3
2020-09-29,Humboldt,023,135768,515,497,1,498,6
2020-09-29,Imperial,025,180216,11959,10811,8,10819,283
2020-09-29,Inyo,027,18085,195,188,4,192,14
2020-09-29,Kern,029,883053,32313,31534,331,31865,397
2020-09-29,Kings,031,150075,8030,7681,45,7726,78
2020-09-29,Lake,033,64148,597,566,0,566,11
2020-09-29,Lassen,035,31185,750,741,2,743,0
2020-09-29,Los Angeles,037,10098052,272162,269246,1962,271208,6545
2020-09-29,Madera,039,155013,4659,4453,31,4484,47
2020-09-29,Marin,041,260295,6790,6692,17,6709,91
2020-09-29,Mariposa,043,17540,77,74,0,74,2
2020-09-29,Mendocino,045,87422,925,854,4,858,17
2020-09-29,Merced,047,269075,9020,8892,22,8914,136
2020-09-29,Modoc,049,8938,29,26,0,26,0
2020-09-29,Mono,051,14174,169,149,2,151,1
2020-09-29,Monterey,053,433212,10168,9826,35,9861,70
2020-09-29,Napa,055,140530,1772,1727,8,1735,11
2020-09-29,Nevada,057,99092,552,539,16,555,6
2020-09-29,Orange,059,3164182,55790,52755,1511,54266,1231
2020-09-29,Placer,061,380077,3706,3570,14,3584,42
2020-09-29,Plumas,063,18699,51,48,0,48,0
2020-09-29,Riverside,065,2383286,60453,58863,198,59061,1208
2020-09-29,Sacramento,067,1510023,23077,22547,26,22573,425
2020-09-29,San Benito,069,59416,1352,1341,0,1341,12
2020-09-29,San Bernardino,071,2135413,55782,53753,347,54100,1012
2020-09-29,San Diego,073,3302833,48943,46987,1024,48011,781
2020-09-29,San Francisco,075,870044,11456,11142,30,11172,104
2020-09-29,San Joaquin,077,732212,20467,20094,60,20154,454
2020-09-29,San Luis Obispo,079,281455,3831,3581,21,3602,31
2020-09-29,San Mateo,081,765935,10382,9619,10,9629,127
2020-09-29,Santa Barbara,083,443738,9291,9149,79,9228,114
2020-09-29,Santa Clara,085,1922200,22531,21233,47,21280,302
2020-09-29,Santa Cruz,087,273765,2513,2383,32,2415,10
2020-09-29,Shasta,089,179085,1286,943,13,956,17
2020-09-29,Sierra,091,2930,6,6,0,6,0
2020-09-29,Siskiyou,093,43540,157,150,10,160,0
2020-09-29,Solano,095,438530,6461,6303,42,6345,51
2020-09-29,Sonoma,097,501317,7926,7426,22,7448,125
2020-09-29,Stanislaus,099,539301,16701,16505,547,17052,341
2020-09-29,Sutter,101,95872,1708,1677,1,1678,10
2020-09-29,Tehama,103,63373,628,585,2,587,2
2020-09-29,Trinity,105,12862,56,16,8,24,0
2020-09-29,Tulare,107,460477,16632,16055,150,16205,270
2020-09-29,Tuolumne,109,53932,234,224,4,228,2
2020-09-29,Ventura,111,848112,13649,12875,188,13063,145
2020-09-29,Yolo,113,214977,2883,2818,6,2824,55
2020-09-29,Yuba,115,75493,1111,1071,5,1076,8
2020-09-28,Alameda,001,1643700,21715,21133,185,21318,370
2020-09-28,Alpine,003,1148,3,2,0,2,0
2020-09-28,Amador,005,37829,296,294,0,294,16
2020-09-28,Butte,007,227075,2956,2837,27,2864,44
2020-09-28,Calaveras,009,45235,312,257,0,257,11
2020-09-28,Colusa,011,21464,533,531,0,531,6
2020-09-28,Contra Costa,013,1133247,17383,16653,82,16735,195
2020-09-28,Del Norte,015,27424,142,138,0,138,2
2020-09-28,El Dorado,017,186661,1232,1144,3,1147,4
2020-09-28,Fresno,019,978130,31004,28517,389,28906,389
2020-09-28,Glenn,021,27897,600,585,0,585,3
2020-09-28,Humboldt,023,135768,509,495,1,496,6
2020-09-28,Imperial,025,180216,11924,10777,8,10785,283
2020-09-28,Inyo,027,18085,194,188,4,192,14
2020-09-28,Kern,029,883053,32248,31481,327,31808,395
2020-09-28,Kings,031,150075,7889,7661,43,7704,78
2020-09-28,Lake,033,64148,593,559,0,559,10
2020-09-28,Lassen,035,31185,749,737,2,739,0
2020-09-28,Los Angeles,037,10098052,271056,268404,1932,270336,6508
2020-09-28,Madera,039,155013,4638,4438,31,4469,47
2020-09-28,Marin,041,260295,6774,6676,17,6693,91
2020-09-28,Mariposa,043,17540,77,74,0,74,2
2020-09-28,Mendocino,045,87422,910,850,4,854,17
2020-09-28,Merced,047,269075,8992,8869,22,8891,136
2020-09-28,Modoc,049,8938,29,26,0,26,0
2020-09-28,Mono,051,14174,169,148,2,150,1
2020-09-28,Monterey,053,433212,10103,9780,33,9813,69
2020-09-28,Napa,055,140530,1760,1705,8,1713,11
2020-09-28,Nevada,057,99092,544,538,16,554,6
2020-09-28,Orange,059,3164182,55584,52633,1502,54135,1196
2020-09-28,Placer,061,380077,3685,3572,14,3586,42
2020-09-28,Plumas,063,18699,50,48,0,48,0
2020-09-28,Riverside,065,2383286,60155,58570,189,58759,1198
2020-09-28,Sacramento,067,1510023,22930,22392,26,22418,423
2020-09-28,San Benito,069,59416,1349,1336,0,1336,11
2020-09-28,San Bernardino,071,2135413,55433,53501,347,53848,988
2020-09-28,San Diego,073,3302833,48625,46736,1004,47740,776
2020-09-28,San Francisco,075,870044,11422,11114,30,11144,100
2020-09-28,San Joaquin,077,732212,20418,19982,59,20041,448
2020-09-28,San Luis Obispo,079,281455,3810,3567,21,3588,31
2020-09-28,San Mateo,081,765935,10332,9582,10,9592,127
2020-09-28,Santa Barbara,083,443738,9273,9121,79,9200,114
2020-09-28,Santa Clara,085,1922200,22414,21180,47,21227,271
2020-09-28,Santa Cruz,087,273765,2503,2359,32,2391,9
2020-09-28,Shasta,089,179085,1232,883,10,893,17
2020-09-28,Sierra,091,2930,6,6,0,6,0
2020-09-28,Siskiyou,093,43540,157,149,10,159,0
2020-09-28,Solano,095,438530,6425,6254,42,6296,51
2020-09-28,Sonoma,097,501317,7850,7369,22,7391,125
2020-09-28,Stanislaus,099,539301,16661,16467,540,17007,336
2020-09-28,Sutter,101,95872,1701,1676,1,1677,10
2020-09-28,Tehama,103,63373,620,579,2,581,2
2020-09-28,Trinity,105,12862,56,16,8,24,0
2020-09-28,Tulare,107,460477,16579,15918,145,16063,270
2020-09-28,Tuolumne,109,53932,234,225,4,229,2
2020-09-28,Ventura,111,848112,13571,12812,181,12993,139
2020-09-28,Yolo,113,214977,2866,2809,6,2815,55
2020-09-28,Yuba,115,75493,1108,1062,5,1067,7
2020-09-27,Alameda,001,1643700,21634,21077,181,21258,370
2020-09-27,Alpine,003,1148,3,2,0,2,0
2020-09-27,Amador,005,37829,296,291,0,291,16
2020-09-27,Butte,007,227075,2944,2833,27,2860,44
2020-09-27,Calaveras,009,45235,311,257,0,257,11
2020-09-27,Colusa,011,21464,532,531,0,531,6
2020-09-27,Contra Costa,013,1133247,17281,16596,81,16677,195
2020-09-27,Del Norte,015,27424,142,138,0,138,2
2020-09-27,El Dorado,017,186661,1217,1130,3,1133,4
2020-09-27,Fresno,019,978130,30898,28441,389,28830,389
2020-09-27,Glenn,021,27897,596,576,0,576,3
2020-09-27,Humboldt,023,135768,507,492,1,493,6
2020-09-27,Imperial,025,180216,11890,10743,8,10751,283
2020-09-27,Inyo,027,18085,192,188,4,192,14
2020-09-27,Kern,029,883053,32129,31462,324,31786,395
2020-09-27,Kings,031,150075,7869,7641,43,7684,78
2020-09-27,Lake,033,64148,589,555,0,555,10
2020-09-27,Lassen,035,31185,749,737,2,739,0
2020-09-27,Los Angeles,037,10098052,269880,267754,1911,269665,6507
2020-09-27,Madera,039,155013,4609,4416,31,4447,47
2020-09-27,Marin,041,260295,6764,6663,17,6680,91
2020-09-27,Mariposa,043,17540,77,74,0,74,2
2020-09-27,Mendocino,045,87422,904,846,4,850,17
2020-09-27,Merced,047,269075,8958,8853,22,8875,136
2020-09-27,Modoc,049,8938,29,26,0,26,0
2020-09-27,Mono,051,14174,169,148,2,150,1
2020-09-27,Monterey,053,433212,10043,9724,32,9756,69
2020-09-27,Napa,055,140530,1755,1690,8,1698,11
2020-09-27,Nevada,057,99092,543,537,16,553,6
2020-09-27,Orange,059,3164182,55309,52458,1493,53951,1195
2020-09-27,Placer,061,380077,3672,3562,14,3576,42
2020-09-27,Plumas,063,18699,50,48,0,48,0
2020-09-27,Riverside,065,2383286,59859,58509,181,58690,1191
2020-09-27,Sacramento,067,1510023,22832,22356,26,22382,422
2020-09-27,San Benito,069,59416,1349,1331,0,1331,11
2020-09-27,San Bernardino,071,2135413,54997,53127,347,53474,988
2020-09-27,San Diego,073,3302833,48281,46612,987,47599,776
2020-09-27,San Francisco,075,870044,11370,11114,30,11144,100
2020-09-27,San Joaquin,077,732212,20358,19981,59,20040,448
2020-09-27,San Luis Obispo,079,281455,3789,3562,21,3583,31
2020-09-27,San Mateo,081,765935,10264,9566,10,9576,127
2020-09-27,Santa Barbara,083,443738,9252,9090,78,9168,114
2020-09-27,Santa Clara,085,1922200,22305,21091,47,21138,271
2020-09-27,Santa Cruz,087,273765,2481,2359,32,2391,9
2020-09-27,Shasta,089,179085,1189,883,9,892,17
2020-09-27,Sierra,091,2930,6,6,0,6,0
2020-09-27,Siskiyou,093,43540,156,149,10,159,0
2020-09-27,Solano,095,438530,6390,6211,41,6252,51
2020-09-27,Sonoma,097,501317,7769,7336,22,7358,124
2020-09-27,Stanislaus,099,539301,16610,16448,534,16982,336
2020-09-27,Sutter,101,95872,1694,1672,1,1673,10
2020-09-27,Tehama,103,63373,603,573,2,575,2
2020-09-27,Trinity,105,12862,56,16,8,24,0
2020-09-27,Tulare,107,460477,16501,15918,136,16054,270
2020-09-27,Tuolumne,109,53932,233,224,4,228,2
2020-09-27,Ventura,111,848112,13482,12775,172,12947,139
2020-09-27,Yolo,113,214977,2852,2796,6,2802,55
2020-09-27,Yuba,115,75493,1098,1059,5,1064,7
2020-09-26,Alameda,001,1643700,21576,21019,180,21199,370
2020-09-26,Alpine,003,1148,3,2,0,2,0
2020-09-26,Amador,005,37829,295,291,0,291,16
2020-09-26,Butte,007,227075,2936,2827,27,2854,44
2020-09-26,Calaveras,009,45235,311,257,0,257,11
2020-09-26,Colusa,011,21464,532,529,0,529,6
2020-09-26,Contra Costa,013,1133247,17238,16508,81,16589,194
2020-09-26,Del Norte,015,27424,142,138,0,138,2
2020-09-26,El Dorado,017,186661,1212,1127,3,1130,4
2020-09-26,Fresno,019,978130,30831,28336,389,28725,389
2020-09-26,Glenn,021,27897,596,576,0,576,3
2020-09-26,Humboldt,023,135768,507,491,1,492,6
2020-09-26,Imperial,025,180216,11873,10721,8,10729,283
2020-09-26,Inyo,027,18085,191,187,4,191,14
2020-09-26,Kern,029,883053,32078,31410,324,31734,394
2020-09-26,Kings,031,150075,7857,7537,43,7580,78
2020-09-26,Lake,033,64148,586,549,0,549,10
2020-09-26,Lassen,035,31185,749,737,2,739,0
2020-09-26,Los Angeles,037,10098052,269245,266931,1897,268828,6497
2020-09-26,Madera,039,155013,4593,4410,31,4441,47
2020-09-26,Marin,041,260295,6751,6641,17,6658,91
2020-09-26,Mariposa,043,17540,76,74,0,74,2
2020-09-26,Mendocino,045,87422,899,836,4,840,17
2020-09-26,Merced,047,269075,8946,8841,21,8862,136
2020-09-26,Modoc,049,8938,29,26,0,26,0
2020-09-26,Mono,051,14174,169,148,2,150,1
2020-09-26,Monterey,053,433212,10016,9651,32,9683,68
2020-09-26,Napa,055,140530,1753,1681,8,1689,11
2020-09-26,Nevada,057,99092,543,534,16,550,6
2020-09-26,Orange,059,3164182,55169,52203,1487,53690,1194
2020-09-26,Placer,061,380077,3659,3551,14,3565,42
2020-09-26,Plumas,063,18699,49,48,0,48,0
2020-09-26,Riverside,065,2383286,59724,58076,179,58255,1190
2020-09-26,Sacramento,067,1510023,22776,22269,26,22295,421
2020-09-26,San Benito,069,59416,1347,1325,0,1325,11
2020-09-26,San Bernardino,071,2135413,54864,53122,347,53469,988
2020-09-26,San Diego,073,3302833,48076,46333,973,47306,775
2020-09-26,San Francisco,075,870044,11342,11113,30,11143,100
2020-09-26,San Joaquin,077,732212,20323,19982,57,20039,449
2020-09-26,San Luis Obispo,079,281455,3773,3546,21,3567,31
2020-09-26,San Mateo,081,765935,10230,9509,10,9519,127
2020-09-26,Santa Barbara,083,443738,9241,9061,78,9139,114
2020-09-26,Santa Clara,085,1922200,22234,20967,46,21013,270
2020-09-26,Santa Cruz,087,273765,2473,2336,32,2368,9
2020-09-26,Shasta,089,179085,1139,856,8,864,17
2020-09-26,Sierra,091,2930,6,6,0,6,0
2020-09-26,Siskiyou,093,43540,155,149,10,159,0
2020-09-26,Solano,095,438530,6371,6209,41,6250,51
2020-09-26,Sonoma,097,501317,7744,7285,21,7306,124
2020-09-26,Stanislaus,099,539301,16585,16421,525,16946,336
2020-09-26,Sutter,101,95872,1689,1662,1,1663,10
2020-09-26,Tehama,103,63373,591,560,2,562,2
2020-09-26,Trinity,105,12862,54,16,8,24,0
2020-09-26,Tulare,107,460477,16475,15881,134,16015,270
2020-09-26,Tuolumne,109,53932,233,223,4,227,2
2020-09-26,Ventura,111,848112,13447,12729,171,12900,137
2020-09-26,Yolo,113,214977,2850,2789,6,2795,55
2020-09-26,Yuba,115,75493,1094,1056,5,1061,7
2020-09-25,Alameda,001,1643700,21522,20911,180,21091,367
2020-09-25,Alpine,003,1148,3,2,0,2,0
2020-09-25,Amador,005,37829,295,289,0,289,16
2020-09-25,Butte,007,227075,2931,2819,27,2846,43
2020-09-25,Calaveras,009,45235,311,257,0,257,11
2020-09-25,Colusa,011,21464,532,528,0,528,6
2020-09-25,Contra Costa,013,1133247,17179,16401,81,16482,194
2020-09-25,Del Norte,015,27424,142,138,0,138,2
2020-09-25,El Dorado,017,186661,1208,1104,3,1107,4
2020-09-25,Fresno,019,978130,30771,28199,388,28587,385
2020-09-25,Glenn,021,27897,594,570,0,570,3
2020-09-25,Humboldt,023,135768,506,489,1,490,5
2020-09-25,Imperial,025,180216,11855,10681,8,10689,283
2020-09-25,Inyo,027,18085,189,187,4,191,14
2020-09-25,Kern,029,883053,32025,31333,322,31655,393
2020-09-25,Kings,031,150075,7852,7450,43,7493,77
2020-09-25,Lake,033,64148,585,539,0,539,9
2020-09-25,Lassen,035,31185,749,737,2,739,0
2020-09-25,Los Angeles,037,10098052,268456,265713,1883,267596,6483
2020-09-25,Madera,039,155013,4574,4369,31,4400,48
2020-09-25,Marin,041,260295,6748,6622,17,6639,90
2020-09-25,Mariposa,043,17540,76,74,0,74,2
2020-09-25,Mendocino,045,87422,884,819,3,822,17
2020-09-25,Merced,047,269075,8930,8830,21,8851,135
2020-09-25,Modoc,049,8938,29,26,0,26,0
2020-09-25,Mono,051,14174,169,149,2,151,1
2020-09-25,Monterey,053,433212,9964,9581,32,9613,68
2020-09-25,Napa,055,140530,1751,1669,8,1677,11
2020-09-25,Nevada,057,99092,541,529,16,545,6
2020-09-25,Orange,059,3164182,55042,52031,1479,53510,1184
2020-09-25,Placer,061,380077,3648,3527,14,3541,41
2020-09-25,Plumas,063,18699,49,48,0,48,0
2020-09-25,Riverside,065,2383286,59548,57783,174,57957,1183
2020-09-25,Sacramento,067,1510023,22699,22132,26,22158,418
2020-09-25,San Benito,069,59416,1346,1318,0,1318,11
2020-09-25,San Bernardino,071,2135413,54710,52814,347,53161,987
2020-09-25,San Diego,073,3302833,47874,46003,957,46960,775
2020-09-25,San Francisco,075,870044,11308,11066,29,11095,100
2020-09-25,San Joaquin,077,732212,20271,19909,57,19966,449
2020-09-25,San Luis Obispo,079,281455,3761,3512,21,3533,31
2020-09-25,San Mateo,081,765935,10194,9447,10,9457,127
2020-09-25,Santa Barbara,083,443738,9217,9026,78,9104,114
2020-09-25,Santa Clara,085,1922200,22170,20812,45,20857,265
2020-09-25,Santa Cruz,087,273765,2461,2309,31,2340,9
2020-09-25,Shasta,089,179085,1105,806,8,814,16
2020-09-25,Sierra,091,2930,6,6,0,6,0
2020-09-25,Siskiyou,093,43540,155,149,10,159,0
2020-09-25,Solano,095,438530,6355,6179,41,6220,50
2020-09-25,Sonoma,097,501317,7704,7202,21,7223,124
2020-09-25,Stanislaus,099,539301,16567,16381,523,16904,326
2020-09-25,Sutter,101,95872,1686,1655,1,1656,10
2020-09-25,Tehama,103,63373,583,546,2,548,2
2020-09-25,Trinity,105,12862,54,15,8,23,0
2020-09-25,Tulare,107,460477,16435,15815,132,15947,267
2020-09-25,Tuolumne,109,53932,233,223,4,227,2
2020-09-25,Ventura,111,848112,13404,12664,168,12832,137
2020-09-25,Yolo,113,214977,2842,2784,6,2790,55
2020-09-25,Yuba,115,75493,1089,1049,5,1054,5
2020-09-24,Alameda,001,1643700,21447,20838,177,21015,364
2020-09-24,Alpine,003,1148,3,2,0,2,0
2020-09-24,Amador,005,37829,295,288,0,288,16
2020-09-24,Butte,007,227075,2920,2803,27,2830,43
2020-09-24,Calaveras,009,45235,311,258,0,258,11
2020-09-24,Colusa,011,21464,532,523,0,523,6
2020-09-24,Contra Costa,013,1133247,17097,16252,81,16333,192
2020-09-24,Del Norte,015,27424,138,137,0,137,2
2020-09-24,El Dorado,017,186661,1199,1093,3,1096,4
2020-09-24,Fresno,019,978130,30665,28106,384,28490,375
2020-09-24,Glenn,021,27897,590,567,0,567,3
2020-09-24,Humboldt,023,135768,503,482,1,483,5
2020-09-24,Imperial,025,180216,11831,10622,8,10630,283
2020-09-24,Inyo,027,18085,189,187,4,191,13
2020-09-24,Kern,029,883053,31962,31273,320,31593,388
2020-09-24,Kings,031,150075,7836,7428,43,7471,76
2020-09-24,Lake,033,64148,576,531,0,531,9
2020-09-24,Lassen,035,31185,748,737,2,739,0
2020-09-24,Los Angeles,037,10098052,267414,264374,1865,266239,6452
2020-09-24,Madera,039,155013,4555,4344,31,4375,48
2020-09-24,Marin,041,260295,6720,6588,17,6605,85
2020-09-24,Mariposa,043,17540,76,74,0,74,2
2020-09-24,Mendocino,045,87422,880,810,3,813,17
2020-09-24,Merced,047,269075,8901,8813,20,8833,135
2020-09-24,Modoc,049,8938,29,24,0,24,0
2020-09-24,Mono,051,14174,169,149,2,151,1
2020-09-24,Monterey,053,433212,9898,9544,30,9574,67
2020-09-24,Napa,055,140530,1739,1661,8,1669,11
2020-09-24,Nevada,057,99092,540,527,16,543,6
2020-09-24,Orange,059,3164182,54834,51749,1461,53210,1164
2020-09-24,Placer,061,380077,3633,3514,14,3528,41
2020-09-24,Plumas,063,18699,49,48,0,48,0
2020-09-24,Riverside,065,2383286,59282,57491,168,57659,1172
2020-09-24,Sacramento,067,1510023,22573,21985,25,22010,417
2020-09-24,San Benito,069,59416,1344,1308,0,1308,11
2020-09-24,San Bernardino,071,2135413,54374,52455,346,52801,988
2020-09-24,San Diego,073,3302833,47605,45598,942,46540,773
2020-09-24,San Francisco,075,870044,11261,10992,29,11021,99
2020-09-24,San Joaquin,077,732212,20233,19851,55,19906,444
2020-09-24,San Luis Obispo,079,281455,3745,3480,21,3501,31
2020-09-24,San Mateo,081,765935,10146,9376,10,9386,127
2020-09-24,Santa Barbara,083,443738,9164,8988,77,9065,114
2020-09-24,Santa Clara,085,1922200,22082,20689,45,20734,262
2020-09-24,Santa Cruz,087,273765,2441,2300,29,2329,9
2020-09-24,Shasta,089,179085,1068,773,5,778,14
2020-09-24,Sierra,091,2930,6,6,0,6,0
2020-09-24,Siskiyou,093,43540,155,149,10,159,0
2020-09-24,Solano,095,438530,6322,6137,41,6178,49
2020-09-24,Sonoma,097,501317,7623,7163,21,7184,122
2020-09-24,Stanislaus,099,539301,16530,16326,518,16844,326
2020-09-24,Sutter,101,95872,1683,1646,1,1647,10
2020-09-24,Tehama,103,63373,580,540,2,542,2
2020-09-24,Trinity,105,12862,54,15,8,23,0
2020-09-24,Tulare,107,460477,16370,15754,131,15885,267
2020-09-24,Tuolumne,109,53932,233,224,4,228,2
2020-09-24,Ventura,111,848112,13322,12617,167,12784,138
2020-09-24,Yolo,113,214977,2835,2776,6,2782,55
2020-09-24,Yuba,115,75493,1084,1042,5,1047,5
2020-09-23,Alameda,001,1643700,21379,20718,175,20893,361
2020-09-23,Alpine,003,1148,3,2,0,2,0
2020-09-23,Amador,005,37829,294,288,0,288,16
2020-09-23,Butte,007,227075,2912,2790,27,2817,43
2020-09-23,Calaveras,009,45235,310,258,0,258,11
2020-09-23,Colusa,011,21464,531,521,0,521,6
2020-09-23,Contra Costa,013,1133247,17034,16167,80,16247,192
2020-09-23,Del Norte,015,27424,136,137,0,137,2
2020-09-23,El Dorado,017,186661,1185,1088,3,1091,4
2020-09-23,Fresno,019,978130,30570,28019,382,28401,371
2020-09-23,Glenn,021,27897,583,561,0,561,3
2020-09-23,Humboldt,023,135768,499,477,1,478,5
2020-09-23,Imperial,025,180216,11805,10587,8,10595,284
2020-09-23,Inyo,027,18085,188,177,4,181,13
2020-09-23,Kern,029,883053,31918,31172,318,31490,387
2020-09-23,Kings,031,150075,7814,7406,43,7449,76
2020-09-23,Lake,033,64148,571,519,0,519,9
2020-09-23,Lassen,035,31185,748,736,2,738,0
2020-09-23,Los Angeles,037,10098052,266398,263318,1836,265154,6421
2020-09-23,Madera,039,155013,4540,4311,31,4342,48
2020-09-23,Marin,041,260295,6701,6567,17,6584,85
2020-09-23,Mariposa,043,17540,76,74,0,74,2
2020-09-23,Mendocino,045,87422,879,801,2,803,17
2020-09-23,Merced,047,269075,8880,8785,18,8803,134
2020-09-23,Modoc,049,8938,29,24,0,24,0
2020-09-23,Mono,051,14174,169,149,2,151,1
2020-09-23,Monterey,053,433212,9829,9452,29,9481,67
2020-09-23,Napa,055,140530,1730,1653,8,1661,11
2020-09-23,Nevada,057,99092,539,523,16,539,6
2020-09-23,Orange,059,3164182,54607,51658,1453,53111,1155
2020-09-23,Placer,061,380077,3621,3506,14,3520,41
2020-09-23,Plumas,063,18699,49,48,0,48,0
2020-09-23,Riverside,065,2383286,58976,57257,165,57422,1165
2020-09-23,Sacramento,067,1510023,22496,21821,25,21846,415
2020-09-23,San Benito,069,59416,1338,1305,0,1305,10
2020-09-23,San Bernardino,071,2135413,54080,52132,344,52476,973
2020-09-23,San Diego,073,3302833,47329,45427,923,46350,767
2020-09-23,San Francisco,075,870044,11212,10926,29,10955,95
2020-09-23,San Joaquin,077,732212,20180,19785,55,19840,439
2020-09-23,San Luis Obispo,079,281455,3727,3447,21,3468,31
2020-09-23,San Mateo,081,765935,10106,9351,10,9361,127
2020-09-23,Santa Barbara,083,443738,9135,8952,77,9029,112
2020-09-23,Santa Clara,085,1922200,21971,20575,42,20617,260
2020-09-23,Santa Cruz,087,273765,2422,2283,29,2312,9
2020-09-23,Shasta,089,179085,1029,756,4,760,14
2020-09-23,Sierra,091,2930,6,6,0,6,0
2020-09-23,Siskiyou,093,43540,155,149,10,159,0
2020-09-23,Solano,095,438530,6297,6123,41,6164,50
2020-09-23,Sonoma,097,501317,7547,7091,21,7112,122
2020-09-23,Stanislaus,099,539301,16500,16271,515,16786,317
2020-09-23,Sutter,101,95872,1679,1646,1,1647,10
2020-09-23,Tehama,103,63373,574,533,2,535,2
2020-09-23,Trinity,105,12862,53,15,8,23,0
2020-09-23,Tulare,107,460477,16305,15664,130,15794,266
2020-09-23,Tuolumne,109,53932,233,223,4,227,2
2020-09-23,Ventura,111,848112,13266,12591,164,12755,137
2020-09-23,Yolo,113,214977,2817,2766,6,2772,55
2020-09-23,Yuba,115,75493,1082,1038,5,1043,5
2020-09-22,Alameda,001,1643700,21299,20607,173,20780,355
2020-09-22,Alpine,003,1148,2,2,0,2,0
2020-09-22,Amador,005,37829,293,287,0,287,16
2020-09-22,Butte,007,227075,2907,2776,27,2803,43
2020-09-22,Calaveras,009,45235,310,258,0,258,11
2020-09-22,Colusa,011,21464,529,518,0,518,6
2020-09-22,Contra Costa,013,1133247,16944,16090,80,16170,190
2020-09-22,Del Norte,015,27424,136,137,0,137,2
2020-09-22,El Dorado,017,186661,1166,1076,3,1079,4
2020-09-22,Fresno,019,978130,30475,27944,379,28323,369
2020-09-22,Glenn,021,27897,580,560,0,560,3
2020-09-22,Humboldt,023,135768,498,476,1,477,5
2020-09-22,Imperial,025,180216,11776,10529,8,10537,284
2020-09-22,Inyo,027,18085,188,177,4,181,13
2020-09-22,Kern,029,883053,31850,31110,311,31421,383
2020-09-22,Kings,031,150075,7757,7395,42,7437,76
2020-09-22,Lake,033,64148,563,516,0,516,9
2020-09-22,Lassen,035,31185,747,736,2,738,0
2020-09-22,Los Angeles,037,10098052,265332,262117,1811,263928,6394
2020-09-22,Madera,039,155013,4524,4303,31,4334,47
2020-09-22,Marin,041,260295,6687,6561,17,6578,84
2020-09-22,Mariposa,043,17540,76,74,0,74,2
2020-09-22,Mendocino,045,87422,859,794,1,795,18
2020-09-22,Merced,047,269075,8850,8769,18,8787,132
2020-09-22,Modoc,049,8938,29,24,0,24,0
2020-09-22,Mono,051,14174,168,149,2,151,1
2020-09-22,Monterey,053,433212,9771,9393,28,9421,67
2020-09-22,Napa,055,140530,1713,1652,8,1660,11
2020-09-22,Nevada,057,99092,539,523,16,539,6
2020-09-22,Orange,059,3164182,54357,51528,1444,52972,1132
2020-09-22,Placer,061,380077,3609,3492,14,3506,40
2020-09-22,Plumas,063,18699,49,48,0,48,0
2020-09-22,Riverside,065,2383286,58492,57066,161,57227,1162
2020-09-22,Sacramento,067,1510023,22376,21745,25,21770,410
2020-09-22,San Benito,069,59416,1333,1305,0,1305,10
2020-09-22,San Bernardino,071,2135413,53806,51899,344,52243,971
2020-09-22,San Diego,073,3302833,47022,45149,904,46053,765
2020-09-22,San Francisco,075,870044,11168,10893,28,10921,95
2020-09-22,San Joaquin,077,732212,20133,19755,54,19809,426
2020-09-22,San Luis Obispo,079,281455,3705,3420,21,3441,31
2020-09-22,San Mateo,081,765935,10068,9291,10,9301,127
2020-09-22,Santa Barbara,083,443738,9105,8927,76,9003,111
2020-09-22,Santa Clara,085,1922200,21852,20514,42,20556,253
2020-09-22,Santa Cruz,087,273765,2399,2264,29,2293,8
2020-09-22,Shasta,089,179085,994,723,4,727,14
2020-09-22,Sierra,091,2930,6,6,0,6,0
2020-09-22,Siskiyou,093,43540,155,149,10,159,0
2020-09-22,Solano,095,438530,6266,6107,41,6148,48
2020-09-22,Sonoma,097,501317,7468,7068,20,7088,117
2020-09-22,Stanislaus,099,539301,16477,16231,508,16739,316
2020-09-22,Sutter,101,95872,1673,1638,1,1639,10
2020-09-22,Tehama,103,63373,566,529,2,531,2
2020-09-22,Trinity,105,12862,53,15,8,23,0
2020-09-22,Tulare,107,460477,16238,15616,126,15742,263
2020-09-22,Tuolumne,109,53932,232,224,4,228,1
2020-09-22,Ventura,111,848112,13214,12507,160,12667,136
2020-09-22,Yolo,113,214977,2810,2763,6,2769,54
2020-09-22,Yuba,115,75493,1073,1035,5,1040,5
2020-09-21,Alameda,001,1643700,21220,20501,172,20673,343
2020-09-21,Alpine,003,1148,2,2,0,2,0
2020-09-21,Amador,005,37829,291,286,0,286,16
2020-09-21,Butte,007,227075,2893,2769,27,2796,41
2020-09-21,Calaveras,009,45235,308,256,0,256,10
2020-09-21,Colusa,011,21464,528,517,0,517,6
2020-09-21,Contra Costa,013,1133247,16857,16008,80,16088,189
2020-09-21,Del Norte,015,27424,136,132,0,132,2
2020-09-21,El Dorado,017,186661,1157,1074,3,1077,4
2020-09-21,Fresno,019,978130,30373,27843,372,28215,362
2020-09-21,Glenn,021,27897,576,556,0,556,3
2020-09-21,Humboldt,023,135768,494,473,1,474,5
2020-09-21,Imperial,025,180216,11745,10521,8,10529,284
2020-09-21,Inyo,027,18085,187,177,4,181,12
2020-09-21,Kern,029,883053,31778,31031,309,31340,379
2020-09-21,Kings,031,150075,7644,7297,41,7338,76
2020-09-21,Lake,033,64148,558,508,0,508,8
2020-09-21,Lassen,035,31185,745,735,2,737,0
2020-09-21,Los Angeles,037,10098052,264245,261418,1766,263184,6360
2020-09-21,Madera,039,155013,4513,4275,30,4305,47
2020-09-21,Marin,041,260295,6676,6538,16,6554,84
2020-09-21,Mariposa,043,17540,75,74,0,74,2
2020-09-21,Mendocino,045,87422,844,778,0,778,18
2020-09-21,Merced,047,269075,8831,8749,16,8765,128
2020-09-21,Modoc,049,8938,29,22,0,22,0
2020-09-21,Mono,051,14174,168,147,2,149,1
2020-09-21,Monterey,053,433212,9707,9331,25,9356,66
2020-09-21,Napa,055,140530,1702,1641,8,1649,11
2020-09-21,Nevada,057,99092,537,515,16,531,6
2020-09-21,Orange,059,3164182,54135,51363,1437,52800,1110
2020-09-21,Placer,061,380077,3599,3473,14,3487,40
2020-09-21,Plumas,063,18699,49,47,0,47,0
2020-09-21,Riverside,065,2383286,58220,57001,154,57155,1153
2020-09-21,Sacramento,067,1510023,22195,21568,25,21593,404
2020-09-21,San Benito,069,59416,1331,1298,0,1298,10
2020-09-21,San Bernardino,071,2135413,53520,51654,344,51998,970
2020-09-21,San Diego,073,3302833,46738,44927,883,45810,760
2020-09-21,San Francisco,075,870044,11120,10743,28,10771,95
2020-09-21,San Joaquin,077,732212,20075,19579,54,19633,423
2020-09-21,San Luis Obispo,079,281455,3679,3406,21,3427,27
2020-09-21,San Mateo,081,765935,10016,9239,10,9249,127
2020-09-21,Santa Barbara,083,443738,9077,8911,76,8987,110
2020-09-21,Santa Clara,085,1922200,21751,20432,42,20474,252
2020-09-21,Santa Cruz,087,273765,2382,2257,27,2284,8
2020-09-21,Shasta,089,179085,944,696,4,700,14
2020-09-21,Sierra,091,2930,6,6,0,6,0
2020-09-21,Siskiyou,093,43540,155,146,10,156,0
2020-09-21,Solano,095,438530,6242,6019,41,6060,46
2020-09-21,Sonoma,097,501317,7392,7017,20,7037,117
2020-09-21,Stanislaus,099,539301,16447,16186,508,16694,310
2020-09-21,Sutter,101,95872,1666,1634,1,1635,10
2020-09-21,Tehama,103,63373,547,513,2,515,2
2020-09-21,Trinity,105,12862,53,15,8,23,0
2020-09-21,Tulare,107,460477,16164,15528,117,15645,260
2020-09-21,Tuolumne,109,53932,232,221,4,225,1
2020-09-21,Ventura,111,848112,13130,12477,154,12631,133
2020-09-21,Yolo,113,214977,2804,2752,6,2758,54
2020-09-21,Yuba,115,75493,1069,1033,5,1038,1
2020-09-20,Alameda,001,1643700,21120,20425,169,20594,343
2020-09-20,Alpine,003,1148,2,2,0,2,0
2020-09-20,Amador,005,37829,290,286,0,286,16
2020-09-20,Butte,007,227075,2881,2764,27,2791,39
2020-09-20,Calaveras,009,45235,304,256,0,256,10
2020-09-20,Colusa,011,21464,526,510,0,510,6
2020-09-20,Contra Costa,013,1133247,16723,15917,79,15996,189
2020-09-20,Del Norte,015,27424,134,132,0,132,2
2020-09-20,El Dorado,017,186661,1142,1073,3,1076,4
2020-09-20,Fresno,019,978130,30259,27769,367,28136,362
2020-09-20,Glenn,021,27897,572,550,0,550,3
2020-09-20,Humboldt,023,135768,494,472,1,473,5
2020-09-20,Imperial,025,180216,11718,10496,7,10503,284
2020-09-20,Inyo,027,18085,187,177,4,181,12
2020-09-20,Kern,029,883053,31695,30992,306,31298,379
2020-09-20,Kings,031,150075,7597,7159,40,7199,76
2020-09-20,Lake,033,64148,546,492,0,492,8
2020-09-20,Lassen,035,31185,745,735,2,737,0
2020-09-20,Los Angeles,037,10098052,263015,260770,1741,262511,6347
2020-09-20,Madera,039,155013,4493,4257,30,4287,47
2020-09-20,Marin,041,260295,6650,6533,16,6549,83
2020-09-20,Mariposa,043,17540,75,74,0,74,2
2020-09-20,Mendocino,045,87422,832,765,0,765,18
2020-09-20,Merced,047,269075,8804,8745,16,8761,128
2020-09-20,Modoc,049,8938,27,22,0,22,0
2020-09-20,Mono,051,14174,167,147,2,149,1
2020-09-20,Monterey,053,433212,9628,9312,25,9337,65
2020-09-20,Napa,055,140530,1693,1626,8,1634,11
2020-09-20,Nevada,057,99092,534,511,16,527,6
2020-09-20,Orange,059,3164182,53894,51233,1427,52660,1110
2020-09-20,Placer,061,380077,3584,3452,14,3466,40
2020-09-20,Plumas,063,18699,49,47,0,47,0
2020-09-20,Riverside,065,2383286,58019,56783,148,56931,1147
2020-09-20,Sacramento,067,1510023,22008,21394,24,21418,401
2020-09-20,San Benito,069,59416,1320,1291,0,1291,9
2020-09-20,San Bernardino,071,2135413,53200,51559,342,51901,970
2020-09-20,San Diego,073,3302833,46365,44579,854,45433,760
2020-09-20,San Francisco,075,870044,11066,10743,28,10771,95
2020-09-20,San Joaquin,077,732212,20010,19578,47,19625,423
2020-09-20,San Luis Obispo,079,281455,3651,3393,21,3414,27
2020-09-20,San Mateo,081,765935,9949,9198,10,9208,127
2020-09-20,Santa Barbara,083,443738,9041,8880,75,8955,110
2020-09-20,Santa Clara,085,1922200,21630,20330,41,20371,252
2020-09-20,Santa Cruz,087,273765,2362,2199,27,2226,8
2020-09-20,Shasta,089,179085,903,696,3,699,14
2020-09-20,Sierra,091,2930,6,6,0,6,0
2020-09-20,Siskiyou,093,43540,155,146,10,156,0
2020-09-20,Solano,095,438530,6198,6020,41,6061,46
2020-09-20,Sonoma,097,501317,7288,6954,20,6974,117
2020-09-20,Stanislaus,099,539301,16416,16159,501,16660,310
2020-09-20,Sutter,101,95872,1660,1624,1,1625,10
2020-09-20,Tehama,103,63373,534,509,2,511,2
2020-09-20,Trinity,105,12862,53,15,8,23,0
2020-09-20,Tulare,107,460477,16078,15528,111,15639,260
2020-09-20,Tuolumne,109,53932,232,221,4,225,1
2020-09-20,Ventura,111,848112,13064,12406,150,12556,133
2020-09-20,Yolo,113,214977,2796,2745,6,2751,54
2020-09-20,Yuba,115,75493,1062,1029,5,1034,1
2020-09-19,Alameda,001,1643700,21069,20349,166,20515,343
2020-09-19,Alpine,003,1148,2,2,0,2,0
2020-09-19,Amador,005,37829,290,285,0,285,16
2020-09-19,Butte,007,227075,2875,2748,27,2775,38
2020-09-19,Calaveras,009,45235,304,256,0,256,10
2020-09-19,Colusa,011,21464,526,507,0,507,6
2020-09-19,Contra Costa,013,1133247,16660,15783,79,15862,186
2020-09-19,Del Norte,015,27424,133,132,0,132,2
2020-09-19,El Dorado,017,186661,1136,1068,2,1070,4
2020-09-19,Fresno,019,978130,30186,27668,367,28035,362
2020-09-19,Glenn,021,27897,569,547,0,547,3
2020-09-19,Humboldt,023,135768,493,471,1,472,5
2020-09-19,Imperial,025,180216,11703,10496,7,10503,284
2020-09-19,Inyo,027,18085,187,177,4,181,12
2020-09-19,Kern,029,883053,31641,30886,303,31189,379
2020-09-19,Kings,031,150075,7591,7130,40,7170,76
2020-09-19,Lake,033,64148,546,465,0,465,8
2020-09-19,Lassen,035,31185,745,731,2,733,0
2020-09-19,Los Angeles,037,10098052,262389,259801,1727,261528,6325
2020-09-19,Madera,039,155013,4470,4237,30,4267,47
2020-09-19,Marin,041,260295,6643,6513,15,6528,81
2020-09-19,Mariposa,043,17540,75,74,0,74,2
2020-09-19,Mendocino,045,87422,829,750,0,750,18
2020-09-19,Merced,047,269075,8793,8717,15,8732,128
2020-09-19,Modoc,049,8938,27,22,0,22,0
2020-09-19,Mono,051,14174,167,147,2,149,1
2020-09-19,Monterey,053,433212,9586,9237,25,9262,65
2020-09-19,Napa,055,140530,1685,1614,8,1622,11
2020-09-19,Nevada,057,99092,532,505,16,521,6
2020-09-19,Orange,059,3164182,53765,50999,1420,52419,1105
2020-09-19,Placer,061,380077,3575,3412,14,3426,40
2020-09-19,Plumas,063,18699,49,47,0,47,0
2020-09-19,Riverside,065,2383286,57892,56562,147,56709,1147
2020-09-19,Sacramento,067,1510023,21954,21297,24,21321,396
2020-09-19,San Benito,069,59416,1316,1276,0,1276,9
2020-09-19,San Bernardino,071,2135413,53044,51353,339,51692,971
2020-09-19,San Diego,073,3302833,46137,44295,831,45126,773
2020-09-19,San Francisco,075,870044,11033,10741,28,10769,95
2020-09-19,San Joaquin,077,732212,19973,19580,47,19627,424
2020-09-19,San Luis Obispo,079,281455,3630,3369,21,3390,27
2020-09-19,San Mateo,081,765935,9918,9158,10,9168,127
2020-09-19,Santa Barbara,083,443738,9021,8862,75,8937,106
2020-09-19,Santa Clara,085,1922200,21541,20170,41,20211,251
2020-09-19,Santa Cruz,087,273765,2348,2198,26,2224,8
2020-09-19,Shasta,089,179085,876,687,3,690,14
2020-09-19,Sierra,091,2930,6,6,0,6,0
2020-09-19,Siskiyou,093,43540,155,146,10,156,0
2020-09-19,Solano,095,438530,6182,5998,41,6039,46
2020-09-19,Sonoma,097,501317,7255,6905,20,6925,117
2020-09-19,Stanislaus,099,539301,16376,16109,494,16603,313
2020-09-19,Sutter,101,95872,1659,1602,1,1603,10
2020-09-19,Tehama,103,63373,529,498,2,500,2
2020-09-19,Trinity,105,12862,53,15,8,23,0
2020-09-19,Tulare,107,460477,16029,15485,108,15593,260
2020-09-19,Tuolumne,109,53932,232,217,4,221,1
2020-09-19,Ventura,111,848112,13032,12328,150,12478,133
2020-09-19,Yolo,113,214977,2788,2739,6,2745,54
2020-09-19,Yuba,115,75493,1055,1023,5,1028,1
2020-09-18,Alameda,001,1643700,21004,20222,160,20382,341
2020-09-18,Alpine,003,1148,2,2,0,2,0
2020-09-18,Amador,005,37829,290,285,0,285,16
2020-09-18,Butte,007,227075,2873,2738,27,2765,37
2020-09-18,Calaveras,009,45235,304,255,0,255,9
2020-09-18,Colusa,011,21464,526,504,0,504,6
2020-09-18,Contra Costa,013,1133247,16575,15667,79,15746,185
2020-09-18,Del Norte,015,27424,133,131,0,131,2
2020-09-18,El Dorado,017,186661,1123,1063,2,1065,4
2020-09-18,Fresno,019,978130,30121,27560,367,27927,359
2020-09-18,Glenn,021,27897,566,541,0,541,3
2020-09-18,Humboldt,023,135768,490,470,1,471,5
2020-09-18,Imperial,025,180216,11688,10460,7,10467,283
2020-09-18,Inyo,027,18085,187,177,4,181,12
2020-09-18,Kern,029,883053,31583,30742,300,31042,373
2020-09-18,Kings,031,150075,7581,7062,40,7102,74
2020-09-18,Lake,033,64148,540,458,0,458,8
2020-09-18,Lassen,035,31185,744,731,2,733,0
2020-09-18,Los Angeles,037,10098052,261628,258488,1709,260197,6324
2020-09-18,Madera,039,155013,4458,4211,30,4241,45
2020-09-18,Marin,041,260295,6628,6475,15,6490,81
2020-09-18,Mariposa,043,17540,75,74,0,74,2
2020-09-18,Mendocino,045,87422,821,739,0,739,18
2020-09-18,Merced,047,269075,8781,8691,14,8705,127
2020-09-18,Modoc,049,8938,27,22,0,22,0
2020-09-18,Mono,051,14174,165,147,2,149,1
2020-09-18,Monterey,053,433212,9544,9183,25,9208,64
2020-09-18,Napa,055,140530,1679,1604,8,1612,11
2020-09-18,Nevada,057,99092,529,504,16,520,6
2020-09-18,Orange,059,3164182,53618,50733,1408,52141,1107
2020-09-18,Placer,061,380077,3564,3389,14,3403,40
2020-09-18,Plumas,063,18699,49,45,0,45,0
2020-09-18,Riverside,065,2383286,57770,56248,142,56390,1143
2020-09-18,Sacramento,067,1510023,21871,21105,24,21129,391
2020-09-18,San Benito,069,59416,1308,1257,0,1257,8
2020-09-18,San Bernardino,071,2135413,52899,51106,336,51442,970
2020-09-18,San Diego,073,3302833,45887,44009,826,44835,757
2020-09-18,San Francisco,075,870044,10995,10644,27,10671,95
2020-09-18,San Joaquin,077,732212,19929,19531,46,19577,423
2020-09-18,San Luis Obispo,079,281455,3606,3328,21,3349,27
2020-09-18,San Mateo,081,765935,9878,9062,10,9072,127
2020-09-18,Santa Barbara,083,443738,9000,8824,75,8899,107
2020-09-18,Santa Clara,085,1922200,21443,20058,41,20099,252
2020-09-18,Santa Cruz,087,273765,2327,2180,25,2205,8
2020-09-18,Shasta,089,179085,841,668,3,671,14
2020-09-18,Sierra,091,2930,6,6,0,6,0
2020-09-18,Siskiyou,093,43540,154,146,10,156,0
2020-09-18,Solano,095,438530,6166,5961,41,6002,46
2020-09-18,Sonoma,097,501317,7207,6856,20,6876,114
2020-09-18,Stanislaus,099,539301,16348,16042,488,16530,277
2020-09-18,Sutter,101,95872,1652,1586,1,1587,10
2020-09-18,Tehama,103,63373,529,490,2,492,2
2020-09-18,Trinity,105,12862,53,15,7,22,0
2020-09-18,Tulare,107,460477,15996,15435,104,15539,259
2020-09-18,Tuolumne,109,53932,231,216,4,220,1
2020-09-18,Ventura,111,848112,12971,12236,146,12382,133
2020-09-18,Yolo,113,214977,2782,2732,6,2738,54
2020-09-18,Yuba,115,75493,1051,1020,5,1025,1
2020-09-17,Alameda,001,1643700,20905,20146,160,20306,339
2020-09-17,Alpine,003,1148,2,2,0,2,0
2020-09-17,Amador,005,37829,288,284,0,284,16
2020-09-17,Butte,007,227075,2855,2720,27,2747,38
2020-09-17,Calaveras,009,45235,304,254,0,254,9
2020-09-17,Colusa,011,21464,524,499,0,499,6
2020-09-17,Contra Costa,013,1133247,16486,15576,79,15655,184
2020-09-17,Del Norte,015,27424,133,131,0,131,2
2020-09-17,El Dorado,017,186661,1114,1057,2,1059,4
2020-09-17,Fresno,019,978130,30011,27487,362,27849,355
2020-09-17,Glenn,021,27897,565,541,0,541,3
2020-09-17,Humboldt,023,135768,484,466,1,467,5
2020-09-17,Imperial,025,180216,11671,10436,7,10443,281
2020-09-17,Inyo,027,18085,187,176,4,180,12
2020-09-17,Kern,029,883053,31522,30627,293,30920,372
2020-09-17,Kings,031,150075,7510,7015,40,7055,72
2020-09-17,Lake,033,64148,530,433,0,433,8
2020-09-17,Lassen,035,31185,742,731,2,733,0
2020-09-17,Los Angeles,037,10098052,260686,257246,1694,258940,6318
2020-09-17,Madera,039,155013,4424,4152,30,4182,45
2020-09-17,Marin,041,260295,6607,6457,15,6472,81
2020-09-17,Mariposa,043,17540,75,74,0,74,2
2020-09-17,Mendocino,045,87422,810,737,0,737,18
2020-09-17,Merced,047,269075,8762,8671,14,8685,119
2020-09-17,Modoc,049,8938,27,22,0,22,0
2020-09-17,Mono,051,14174,165,147,2,149,1
2020-09-17,Monterey,053,433212,9481,9113,25,9138,62
2020-09-17,Napa,055,140530,1668,1592,8,1600,11
2020-09-17,Nevada,057,99092,527,494,16,510,6
2020-09-17,Orange,059,3164182,53436,50537,1396,51933,1098
2020-09-17,Placer,061,380077,3543,3368,14,3382,40
2020-09-17,Plumas,063,18699,49,45,0,45,0
2020-09-17,Riverside,065,2383286,57544,56007,141,56148,1134
2020-09-17,Sacramento,067,1510023,21636,20895,24,20919,385
2020-09-17,San Benito,069,59416,1305,1252,0,1252,8
2020-09-17,San Bernardino,071,2135413,52697,50770,336,51106,904
2020-09-17,San Diego,073,3302833,45607,43621,814,44435,754
2020-09-17,San Francisco,075,870044,10900,10564,27,10591,95
2020-09-17,San Joaquin,077,732212,19870,19439,46,19485,416
2020-09-17,San Luis Obispo,079,281455,3576,3299,21,3320,27
2020-09-17,San Mateo,081,765935,9836,8984,10,8994,127
2020-09-17,Santa Barbara,083,443738,8976,8779,75,8854,107
2020-09-17,Santa Clara,085,1922200,21326,19825,41,19866,254
2020-09-17,Santa Cruz,087,273765,2311,2155,25,2180,7
2020-09-17,Shasta,089,179085,802,660,3,663,12
2020-09-17,Sierra,091,2930,6,6,0,6,0
2020-09-17,Siskiyou,093,43540,154,146,10,156,0
2020-09-17,Solano,095,438530,6143,5915,41,5956,44
2020-09-17,Sonoma,097,501317,7143,6754,20,6774,114
2020-09-17,Stanislaus,099,539301,16315,15984,484,16468,277
2020-09-17,Sutter,101,95872,1647,1572,1,1573,10
2020-09-17,Tehama,103,63373,515,487,2,489,2
2020-09-17,Trinity,105,12862,53,15,7,22,0
2020-09-17,Tulare,107,460477,15943,15344,102,15446,258
2020-09-17,Tuolumne,109,53932,230,214,4,218,1
2020-09-17,Ventura,111,848112,12884,12167,142,12309,130
2020-09-17,Yolo,113,214977,2773,2724,6,2730,53
2020-09-17,Yuba,115,75493,1047,1015,5,1020,1
2020-09-16,Alameda,001,1643700,20807,20009,158,20167,333
2020-09-16,Alpine,003,1148,2,2,0,2,0
2020-09-16,Amador,005,37829,288,284,0,284,16
2020-09-16,Butte,007,227075,2845,2704,26,2730,38
2020-09-16,Calaveras,009,45235,304,254,0,254,9
2020-09-16,Colusa,011,21464,522,497,0,497,6
2020-09-16,Contra Costa,013,1133247,16400,15473,79,15552,183
2020-09-16,Del Norte,015,27424,133,131,0,131,2
2020-09-16,El Dorado,017,186661,1106,1049,2,1051,4
2020-09-16,Fresno,019,978130,29904,27381,360,27741,343
2020-09-16,Glenn,021,27897,563,539,0,539,3
2020-09-16,Humboldt,023,135768,483,455,1,456,4
2020-09-16,Imperial,025,180216,11648,10401,7,10408,277
2020-09-16,Inyo,027,18085,186,176,4,180,12
2020-09-16,Kern,029,883053,31462,30570,292,30862,371
2020-09-16,Kings,031,150075,7485,7002,37,7039,71
2020-09-16,Lake,033,64148,519,417,0,417,6
2020-09-16,Lassen,035,31185,741,730,2,732,0
2020-09-16,Los Angeles,037,10098052,259706,256101,1677,257778,6299
2020-09-16,Madera,039,155013,4401,4138,30,4168,45
2020-09-16,Marin,041,260295,6579,6430,15,6445,77
2020-09-16,Mariposa,043,17540,75,74,0,74,2
2020-09-16,Mendocino,045,87422,801,727,0,727,18
2020-09-16,Merced,047,269075,8741,8646,14,8660,118
2020-09-16,Modoc,049,8938,27,22,0,22,0
2020-09-16,Mono,051,14174,165,147,2,149,1
2020-09-16,Monterey,053,433212,9427,8997,25,9022,62
2020-09-16,Napa,055,140530,1654,1587,8,1595,11
2020-09-16,Nevada,057,99092,522,495,15,510,6
2020-09-16,Orange,059,3164182,53235,50414,1387,51801,1096
2020-09-16,Placer,061,380077,3525,3351,14,3365,39
2020-09-16,Plumas,063,18699,49,45,0,45,0
2020-09-16,Riverside,065,2383286,57350,55811,133,55944,1127
2020-09-16,Sacramento,067,1510023,21541,20610,24,20634,377
2020-09-16,San Benito,069,59416,1297,1244,0,1244,8
2020-09-16,San Bernardino,071,2135413,52472,50509,335,50844,907
2020-09-16,San Diego,073,3302833,45315,43447,793,44240,748
2020-09-16,San Francisco,075,870044,10853,10502,27,10529,90
2020-09-16,San Joaquin,077,732212,19816,19377,45,19422,409
2020-09-16,San Luis Obispo,079,281455,3545,3285,21,3306,28
2020-09-16,San Mateo,081,765935,9771,8944,10,8954,127
2020-09-16,Santa Barbara,083,443738,8943,8764,75,8839,107
2020-09-16,Santa Clara,085,1922200,21207,19684,41,19725,253
2020-09-16,Santa Cruz,087,273765,2270,2089,24,2113,7
2020-09-16,Shasta,089,179085,776,635,3,638,11
2020-09-16,Sierra,091,2930,6,6,0,6,0
2020-09-16,Siskiyou,093,43540,153,145,10,155,0
2020-09-16,Solano,095,438530,6113,5899,41,5940,44
2020-09-16,Sonoma,097,501317,7082,6731,20,6751,104
2020-09-16,Stanislaus,099,539301,16267,15897,476,16373,263
2020-09-16,Sutter,101,95872,1634,1567,1,1568,10
2020-09-16,Tehama,103,63373,507,485,2,487,2
2020-09-16,Trinity,105,12862,53,15,7,22,0
2020-09-16,Tulare,107,460477,15899,15314,95,15409,258
2020-09-16,Tuolumne,109,53932,229,210,4,214,1
2020-09-16,Ventura,111,848112,12813,12073,140,12213,130
2020-09-16,Yolo,113,214977,2766,2709,6,2715,53
2020-09-16,Yuba,115,75493,1045,1000,5,1005,1
2020-09-15,Alameda,001,1643700,20700,19931,155,20086,327
2020-09-15,Alpine,003,1148,2,2,0,2,0
2020-09-15,Amador,005,37829,287,282,0,282,16
2020-09-15,Butte,007,227075,2832,2695,24,2719,38
2020-09-15,Calaveras,009,45235,304,248,0,248,5
2020-09-15,Colusa,011,21464,516,497,0,497,6
2020-09-15,Contra Costa,013,1133247,16297,15423,78,15501,180
2020-09-15,Del Norte,015,27424,133,129,0,129,2
2020-09-15,El Dorado,017,186661,1101,1046,2,1048,4
2020-09-15,Fresno,019,978130,29797,27312,355,27667,343
2020-09-15,Glenn,021,27897,562,531,0,531,3
2020-09-15,Humboldt,023,135768,481,456,1,457,4
2020-09-15,Imperial,025,180216,11623,10376,7,10383,277
2020-09-15,Inyo,027,18085,186,176,4,180,12
2020-09-15,Kern,029,883053,31349,30429,289,30718,368
2020-09-15,Kings,031,150075,7327,6977,37,7014,70
2020-09-15,Lake,033,64148,505,416,0,416,4
2020-09-15,Lassen,035,31185,737,719,2,721,0
2020-09-15,Los Angeles,037,10098052,258596,255048,1655,256703,6269
2020-09-15,Madera,039,155013,4382,4122,30,4152,45
2020-09-15,Marin,041,260295,6548,6423,15,6438,77
2020-09-15,Mariposa,043,17540,75,74,0,74,2
2020-09-15,Mendocino,045,87422,783,724,0,724,18
2020-09-15,Merced,047,269075,8711,8633,14,8647,114
2020-09-15,Modoc,049,8938,26,21,0,21,0
2020-09-15,Mono,051,14174,165,147,2,149,1
2020-09-15,Monterey,053,433212,9378,8943,25,8968,62
2020-09-15,Napa,055,140530,1640,1580,8,1588,11
2020-09-15,Nevada,057,99092,517,494,15,509,6
2020-09-15,Orange,059,3164182,53053,50294,1372,51666,1088
2020-09-15,Placer,061,380077,3501,3331,14,3345,38
2020-09-15,Plumas,063,18699,49,44,0,44,0
2020-09-15,Riverside,065,2383286,57056,55569,123,55692,1118
2020-09-15,Sacramento,067,1510023,21398,20487,24,20511,372
2020-09-15,San Benito,069,59416,1290,1237,0,1237,7
2020-09-15,San Bernardino,071,2135413,52256,50333,334,50667,904
2020-09-15,San Diego,073,3302833,44996,43183,773,43956,742
2020-09-15,San Francisco,075,870044,10795,10414,27,10441,90
2020-09-15,San Joaquin,077,732212,19764,19313,45,19358,401
2020-09-15,San Luis Obispo,079,281455,3525,3262,21,3283,28
2020-09-15,San Mateo,081,765935,9701,8895,10,8905,127
2020-09-15,Santa Barbara,083,443738,8918,8724,74,8798,104
2020-09-15,Santa Clara,085,1922200,21071,19610,41,19651,252
2020-09-15,Santa Cruz,087,273765,2244,2079,23,2102,7
2020-09-15,Shasta,089,179085,764,627,3,630,11
2020-09-15,Sierra,091,2930,6,6,0,6,0
2020-09-15,Siskiyou,093,43540,153,143,10,153,0
2020-09-15,Solano,095,438530,6079,5878,41,5919,45
2020-09-15,Sonoma,097,501317,7043,6701,20,6721,104
2020-09-15,Stanislaus,099,539301,16219,15880,474,16354,260
2020-09-15,Sutter,101,95872,1623,1556,1,1557,10
2020-09-15,Tehama,103,63373,495,484,2,486,2
2020-09-15,Trinity,105,12862,53,15,7,22,0
2020-09-15,Tulare,107,460477,15822,15203,93,15296,254
2020-09-15,Tuolumne,109,53932,229,209,4,213,1
2020-09-15,Ventura,111,848112,12760,11932,139,12071,128
2020-09-15,Yolo,113,214977,2762,2708,6,2714,53
2020-09-15,Yuba,115,75493,1039,991,4,995,1
2020-09-14,Alameda,001,1643700,20573,19851,154,20005,306
2020-09-14,Alpine,003,1148,2,2,0,2,0
2020-09-14,Amador,005,37829,285,281,0,281,16
2020-09-14,Butte,007,227075,2815,2642,24,2666,37
2020-09-14,Calaveras,009,45235,304,244,0,244,3
2020-09-14,Colusa,011,21464,515,486,0,486,6
2020-09-14,Contra Costa,013,1133247,16173,15354,77,15431,174
2020-09-14,Del Norte,015,27424,130,116,0,116,2
2020-09-14,El Dorado,017,186661,1097,1039,2,1041,3
2020-09-14,Fresno,019,978130,29712,27232,352,27584,344
2020-09-14,Glenn,021,27897,554,521,0,521,3
2020-09-14,Humboldt,023,135768,478,437,1,438,4
2020-09-14,Imperial,025,180216,11603,10340,7,10347,273
2020-09-14,Inyo,027,18085,186,176,4,180,12
2020-09-14,Kern,029,883053,31261,30344,288,30632,368
2020-09-14,Kings,031,150075,7246,6950,37,6987,70
2020-09-14,Lake,033,64148,485,407,0,407,4
2020-09-14,Lassen,035,31185,737,719,2,721,0
2020-09-14,Los Angeles,037,10098052,257569,254622,1630,256252,6226
2020-09-14,Madera,039,155013,4368,4104,30,4134,45
2020-09-14,Marin,041,260295,6527,6409,15,6424,70
2020-09-14,Mariposa,043,17540,75,74,0,74,2
2020-09-14,Mendocino,045,87422,766,710,0,710,17
2020-09-14,Merced,047,269075,8692,8593,14,8607,112
2020-09-14,Modoc,049,8938,26,21,0,21,0
2020-09-14,Mono,051,14174,165,147,2,149,1
2020-09-14,Monterey,053,433212,9307,8845,24,8869,61
2020-09-14,Napa,055,140530,1623,1576,8,1584,11
2020-09-14,Nevada,057,99092,512,489,15,504,6
2020-09-14,Orange,059,3164182,52892,50149,1356,51505,1079
2020-09-14,Placer,061,380077,3480,3302,14,3316,38
2020-09-14,Plumas,063,18699,48,42,0,42,0
2020-09-14,Riverside,065,2383286,56837,55488,118,55606,1113
2020-09-14,Sacramento,067,1510023,21203,20377,23,20400,367
2020-09-14,San Benito,069,59416,1275,1233,0,1233,7
2020-09-14,San Bernardino,071,2135413,52031,50163,333,50496,895
2020-09-14,San Diego,073,3302833,44685,42889,753,43642,734
2020-09-14,San Francisco,075,870044,10728,10255,25,10280,90
2020-09-14,San Joaquin,077,732212,19690,19111,44,19155,397
2020-09-14,San Luis Obispo,079,281455,3500,3248,21,3269,25
2020-09-14,San Mateo,081,765935,9640,8847,10,8857,127
2020-09-14,Santa Barbara,083,443738,8892,8692,74,8766,104
2020-09-14,Santa Clara,085,1922200,20883,19545,41,19586,247
2020-09-14,Santa Cruz,087,273765,2223,2016,22,2038,7
2020-09-14,Shasta,089,179085,741,584,3,587,10
2020-09-14,Sierra,091,2930,6,6,0,6,0
2020-09-14,Siskiyou,093,43540,152,143,10,153,0
2020-09-14,Solano,095,438530,6044,5834,41,5875,44
2020-09-14,Sonoma,097,501317,6980,6630,20,6650,102
2020-09-14,Stanislaus,099,539301,16174,15812,471,16283,253
2020-09-14,Sutter,101,95872,1612,1549,1,1550,10
2020-09-14,Tehama,103,63373,493,475,2,477,1
2020-09-14,Trinity,105,12862,52,14,7,21,0
2020-09-14,Tulare,107,460477,15752,15096,87,15183,254
2020-09-14,Tuolumne,109,53932,228,208,4,212,1
2020-09-14,Ventura,111,848112,12658,11903,136,12039,125
2020-09-14,Yolo,113,214977,2751,2687,6,2693,53
2020-09-14,Yuba,115,75493,1031,977,4,981,1
2020-09-13,Alameda,001,1643700,20467,19815,151,19966,306
2020-09-13,Alpine,003,1148,2,2,0,2,0
2020-09-13,Amador,005,37829,282,279,0,279,16
2020-09-13,Butte,007,227075,2793,2640,24,2664,37
2020-09-13,Calaveras,009,45235,303,246,0,246,3
2020-09-13,Colusa,011,21464,511,486,0,486,6
2020-09-13,Contra Costa,013,1133247,16065,15284,77,15361,172
2020-09-13,Del Norte,015,27424,127,116,0,116,1
2020-09-13,El Dorado,017,186661,1092,1035,2,1037,2
2020-09-13,Fresno,019,978130,29604,27196,343,27539,345
2020-09-13,Glenn,021,27897,550,517,0,517,3
2020-09-13,Humboldt,023,135768,478,434,1,435,4
2020-09-13,Imperial,025,180216,11566,10304,6,10310,273
2020-09-13,Inyo,027,18085,186,176,4,180,12
2020-09-13,Kern,029,883053,31168,30277,281,30558,368
2020-09-13,Kings,031,150075,7227,6937,37,6974,70
2020-09-13,Lake,033,64148,466,397,0,397,4
2020-09-13,Lassen,035,31185,734,719,2,721,0
2020-09-13,Los Angeles,037,10098052,256420,253950,1614,255564,6203
2020-09-13,Madera,039,155013,4311,4090,30,4120,45
2020-09-13,Marin,041,260295,6506,6395,15,6410,70
2020-09-13,Mariposa,043,17540,75,74,0,74,2
2020-09-13,Mendocino,045,87422,759,707,0,707,17
2020-09-13,Merced,047,269075,8658,8575,14,8589,112
2020-09-13,Modoc,049,8938,26,21,0,21,0
2020-09-13,Mono,051,14174,165,147,2,149,1
2020-09-13,Monterey,053,433212,9225,8826,23,8849,61
2020-09-13,Napa,055,140530,1616,1563,8,1571,11
2020-09-13,Nevada,057,99092,504,486,15,501,6
2020-09-13,Orange,059,3164182,52676,50061,1349,51410,1075
2020-09-13,Placer,061,380077,3450,3291,14,3305,38
2020-09-13,Plumas,063,18699,48,42,0,42,0
2020-09-13,Riverside,065,2383286,56630,55235,107,55342,1108
2020-09-13,Sacramento,067,1510023,20857,20279,23,20302,367
2020-09-13,San Benito,069,59416,1267,1217,0,1217,7
2020-09-13,San Bernardino,071,2135413,51745,49968,331,50299,895
2020-09-13,San Diego,073,3302833,44359,42681,719,43400,734
2020-09-13,San Francisco,075,870044,10650,10254,25,10279,90
2020-09-13,San Joaquin,077,732212,19618,19110,43,19153,396
2020-09-13,San Luis Obispo,079,281455,3463,3240,21,3261,24
2020-09-13,San Mateo,081,765935,9579,8811,10,8821,127
2020-09-13,Santa Barbara,083,443738,8855,8690,74,8764,104
2020-09-13,Santa Clara,085,1922200,20746,19456,40,19496,245
2020-09-13,Santa Cruz,087,273765,2190,2016,20,2036,7
2020-09-13,Shasta,089,179085,729,583,3,586,10
2020-09-13,Sierra,091,2930,6,6,0,6,0
2020-09-13,Siskiyou,093,43540,152,143,9,152,0
2020-09-13,Solano,095,438530,5998,5810,41,5851,43
2020-09-13,Sonoma,097,501317,6915,6592,20,6612,95
2020-09-13,Stanislaus,099,539301,16111,15759,459,16218,253
2020-09-13,Sutter,101,95872,1600,1539,1,1540,10
2020-09-13,Tehama,103,63373,489,476,2,478,1
2020-09-13,Trinity,105,12862,52,14,7,21,0
2020-09-13,Tulare,107,460477,15681,15098,86,15184,254
2020-09-13,Tuolumne,109,53932,224,208,4,212,1
2020-09-13,Ventura,111,848112,12550,11855,135,11990,123
2020-09-13,Yolo,113,214977,2739,2675,6,2681,53
2020-09-13,Yuba,115,75493,1026,967,4,971,1
2020-09-12,Alameda,001,1643700,20408,19758,151,19909,307
2020-09-12,Alpine,003,1148,2,2,0,2,0
2020-09-12,Amador,005,37829,281,278,0,278,16
2020-09-12,Butte,007,227075,2786,2629,23,2652,37
2020-09-12,Calaveras,009,45235,301,246,0,246,3
2020-09-12,Colusa,011,21464,507,486,0,486,6
2020-09-12,Contra Costa,013,1133247,15989,15135,76,15211,174
2020-09-12,Del Norte,015,27424,126,116,0,116,1
2020-09-12,El Dorado,017,186661,1085,1034,2,1036,2
2020-09-12,Fresno,019,978130,29533,27076,343,27419,345
2020-09-12,Glenn,021,27897,549,517,0,517,3
2020-09-12,Humboldt,023,135768,477,430,1,431,4
2020-09-12,Imperial,025,180216,11554,10305,6,10311,273
2020-09-12,Inyo,027,18085,186,177,4,181,12
2020-09-12,Kern,029,883053,31102,30202,281,30483,368
2020-09-12,Kings,031,150075,7217,6895,37,6932,70
2020-09-12,Lake,033,64148,460,393,0,393,4
2020-09-12,Lassen,035,31185,734,719,2,721,0
2020-09-12,Los Angeles,037,10098052,255861,253156,1593,254749,6193
2020-09-12,Madera,039,155013,4300,4058,30,4088,43
2020-09-12,Marin,041,260295,6497,6393,15,6408,69
2020-09-12,Mariposa,043,17540,75,72,0,72,2
2020-09-12,Mendocino,045,87422,756,700,0,700,17
2020-09-12,Merced,047,269075,8649,8533,14,8547,112
2020-09-12,Modoc,049,8938,25,21,0,21,0
2020-09-12,Mono,051,14174,165,147,2,149,1
2020-09-12,Monterey,053,433212,9189,8743,23,8766,61
2020-09-12,Napa,055,140530,1613,1556,8,1564,11
2020-09-12,Nevada,057,99092,503,482,15,497,6
2020-09-12,Orange,059,3164182,52561,49895,1346,51241,1078
2020-09-12,Placer,061,380077,3433,3280,14,3294,38
2020-09-12,Plumas,063,18699,48,42,0,42,0
2020-09-12,Riverside,065,2383286,56501,55058,103,55161,1108
2020-09-12,Sacramento,067,1510023,20788,20184,23,20207,367
2020-09-12,San Benito,069,59416,1264,1208,0,1208,7
2020-09-12,San Bernardino,071,2135413,51654,49945,329,50274,896
2020-09-12,San Diego,073,3302833,44164,42416,710,43126,747
2020-09-12,San Francisco,075,870044,10605,10257,25,10282,90
2020-09-12,San Joaquin,077,732212,19590,19108,43,19151,396
2020-09-12,San Luis Obispo,079,281455,3436,3220,21,3241,24
2020-09-12,San Mateo,081,765935,9534,8759,10,8769,127
2020-09-12,Santa Barbara,083,443738,8841,8642,74,8716,104
2020-09-12,Santa Clara,085,1922200,20662,19330,40,19370,237
2020-09-12,Santa Cruz,087,273765,2178,2016,20,2036,7
2020-09-12,Shasta,089,179085,717,569,3,572,10
2020-09-12,Sierra,091,2930,6,6,0,6,0
2020-09-12,Siskiyou,093,43540,152,141,9,150,0
2020-09-12,Solano,095,438530,5974,5772,41,5813,43
2020-09-12,Sonoma,097,501317,6891,6531,20,6551,95
2020-09-12,Stanislaus,099,539301,16079,15675,456,16131,253
2020-09-12,Sutter,101,95872,1594,1529,1,1530,10
2020-09-12,Tehama,103,63373,486,471,2,473,1
2020-09-12,Trinity,105,12862,52,15,7,22,0
2020-09-12,Tulare,107,460477,15635,15018,85,15103,254
2020-09-12,Tuolumne,109,53932,224,208,4,212,1
2020-09-12,Ventura,111,848112,12499,11759,133,11892,123
2020-09-12,Yolo,113,214977,2732,2646,6,2652,53
2020-09-12,Yuba,115,75493,1022,963,4,967,1
2020-09-11,Alameda,001,1643700,20353,19625,150,19775,298
2020-09-11,Alpine,003,1148,2,2,0,2,0
2020-09-11,Amador,005,37829,281,277,0,277,16
2020-09-11,Butte,007,227075,2775,2605,23,2628,37
2020-09-11,Calaveras,009,45235,300,242,0,242,1
2020-09-11,Colusa,011,21464,506,484,0,484,6
2020-09-11,Contra Costa,013,1133247,15937,15001,73,15074,173
2020-09-11,Del Norte,015,27424,126,115,0,115,1
2020-09-11,El Dorado,017,186661,1082,1024,2,1026,2
2020-09-11,Fresno,019,978130,29453,26917,342,27259,344
2020-09-11,Glenn,021,27897,544,515,0,515,3
2020-09-11,Humboldt,023,135768,475,426,1,427,4
2020-09-11,Imperial,025,180216,11536,10286,6,10292,273
2020-09-11,Inyo,027,18085,186,176,4,180,12
2020-09-11,Kern,029,883053,31034,30059,280,30339,365
2020-09-11,Kings,031,150075,7200,6770,37,6807,70
2020-09-11,Lake,033,64148,453,382,0,382,4
2020-09-11,Lassen,035,31185,734,719,2,721,0
2020-09-11,Los Angeles,037,10098052,255180,252057,1582,253639,6172
2020-09-11,Madera,039,155013,4281,4018,30,4048,43
2020-09-11,Marin,041,260295,6494,6364,15,6379,69
2020-09-11,Mariposa,043,17540,75,72,0,72,2
2020-09-11,Mendocino,045,87422,745,700,0,700,17
2020-09-11,Merced,047,269075,8628,8489,14,8503,109
2020-09-11,Modoc,049,8938,25,21,0,21,0
2020-09-11,Mono,051,14174,165,145,2,147,1
2020-09-11,Monterey,053,433212,9141,8595,23,8618,61
2020-09-11,Napa,055,140530,1602,1543,8,1551,11
2020-09-11,Nevada,057,99092,496,483,15,498,6
2020-09-11,Orange,059,3164182,52432,49755,1334,51089,1068
2020-09-11,Placer,061,380077,3418,3254,14,3268,37
2020-09-11,Plumas,063,18699,48,42,0,42,0
2020-09-11,Riverside,065,2383286,56366,54717,100,54817,1099
2020-09-11,Sacramento,067,1510023,20703,20012,23,20035,358
2020-09-11,San Benito,069,59416,1254,1202,0,1202,7
2020-09-11,San Bernardino,071,2135413,51555,49682,329,50011,871
2020-09-11,San Diego,073,3302833,43944,41971,704,42675,730
2020-09-11,San Francisco,075,870044,10557,10133,24,10157,89
2020-09-11,San Joaquin,077,732212,19542,19019,43,19062,391
2020-09-11,San Luis Obispo,079,281455,3418,3190,21,3211,24
2020-09-11,San Mateo,081,765935,9492,8611,10,8621,127
2020-09-11,Santa Barbara,083,443738,8808,8592,73,8665,103
2020-09-11,Santa Clara,085,1922200,20573,19065,40,19105,234
2020-09-11,Santa Cruz,087,273765,2161,1997,20,2017,7
2020-09-11,Shasta,089,179085,707,568,3,571,10
2020-09-11,Sierra,091,2930,6,6,0,6,0
2020-09-11,Siskiyou,093,43540,151,139,9,148,0
2020-09-11,Solano,095,438530,5957,5742,41,5783,42
2020-09-11,Sonoma,097,501317,6846,6469,20,6489,91
2020-09-11,Stanislaus,099,539301,16041,15613,453,16066,253
2020-09-11,Sutter,101,95872,1584,1505,1,1506,11
2020-09-11,Tehama,103,63373,483,466,2,468,1
2020-09-11,Trinity,105,12862,52,16,7,23,0
2020-09-11,Tulare,107,460477,15604,14932,83,15015,251
2020-09-11,Tuolumne,109,53932,224,208,4,212,1
2020-09-11,Ventura,111,848112,12445,11700,131,11831,123
2020-09-11,Yolo,113,214977,2721,2632,6,2638,53
2020-09-11,Yuba,115,75493,1014,946,4,950,1
2020-09-10,Alameda,001,1643700,20279,19509,150,19659,292
2020-09-10,Alpine,003,1148,2,2,0,2,0
2020-09-10,Amador,005,37829,280,277,0,277,16
2020-09-10,Butte,007,227075,2758,2590,23,2613,37
2020-09-10,Calaveras,009,45235,300,244,0,244,1
2020-09-10,Colusa,011,21464,504,482,0,482,6
2020-09-10,Contra Costa,013,1133247,15867,14909,73,14982,172
2020-09-10,Del Norte,015,27424,125,112,0,112,1
2020-09-10,El Dorado,017,186661,1079,1020,2,1022,2
2020-09-10,Fresno,019,978130,29331,26783,342,27125,338
2020-09-10,Glenn,021,27897,534,511,0,511,3
2020-09-10,Humboldt,023,135768,464,422,1,423,4
2020-09-10,Imperial,025,180216,11520,10251,6,10257,270
2020-09-10,Inyo,027,18085,185,176,4,180,11
2020-09-10,Kern,029,883053,30952,29988,276,30264,363
2020-09-10,Kings,031,150075,7170,6739,37,6776,70
2020-09-10,Lake,033,64148,446,377,0,377,4
2020-09-10,Lassen,035,31185,733,716,2,718,0
2020-09-10,Los Angeles,037,10098052,254201,251003,1561,252564,6132
2020-09-10,Madera,039,155013,4263,3979,30,4009,43
2020-09-10,Marin,041,260295,6482,6344,15,6359,68
2020-09-10,Mariposa,043,17540,75,72,0,72,2
2020-09-10,Mendocino,045,87422,735,697,0,697,16
2020-09-10,Merced,047,269075,8582,8461,14,8475,109
2020-09-10,Modoc,049,8938,25,21,0,21,0
2020-09-10,Mono,051,14174,165,145,2,147,1
2020-09-10,Monterey,053,433212,9071,8570,23,8593,59
2020-09-10,Napa,055,140530,1596,1536,8,1544,11
2020-09-10,Nevada,057,99092,492,478,15,493,6
2020-09-10,Orange,059,3164182,52269,49617,1328,50945,1057
2020-09-10,Placer,061,380077,3398,3233,14,3247,37
2020-09-10,Plumas,063,18699,48,42,0,42,0
2020-09-10,Riverside,065,2383286,56047,54417,97,54514,1091
2020-09-10,Sacramento,067,1510023,20581,19618,22,19640,354
2020-09-10,San Benito,069,59416,1248,1201,0,1201,5
2020-09-10,San Bernardino,071,2135413,51366,49467,327,49794,867
2020-09-10,San Diego,073,3302833,43678,41610,677,42287,725
2020-09-10,San Francisco,075,870044,10480,10082,24,10106,89
2020-09-10,San Joaquin,077,732212,19489,18854,43,18897,389
2020-09-10,San Luis Obispo,079,281455,3404,3161,20,3181,24
2020-09-10,San Mateo,081,765935,9446,8529,10,8539,125
2020-09-10,Santa Barbara,083,443738,8763,8552,73,8625,100
2020-09-10,Santa Clara,085,1922200,20459,18870,40,18910,231
2020-09-10,Santa Cruz,087,273765,2146,1986,18,2004,7
2020-09-10,Shasta,089,179085,696,566,3,569,10
2020-09-10,Sierra,091,2930,6,6,0,6,0
2020-09-10,Siskiyou,093,43540,151,137,9,146,0
2020-09-10,Solano,095,438530,5917,5696,41,5737,42
2020-09-10,Sonoma,097,501317,6797,6424,20,6444,91
2020-09-10,Stanislaus,099,539301,15987,15509,448,15957,243
2020-09-10,Sutter,101,95872,1572,1494,1,1495,11
2020-09-10,Tehama,103,63373,476,466,2,468,1
2020-09-10,Trinity,105,12862,52,15,7,22,0
2020-09-10,Tulare,107,460477,15549,14860,80,14940,250
2020-09-10,Tuolumne,109,53932,223,205,4,209,1
2020-09-10,Ventura,111,848112,12351,11600,124,11724,122
2020-09-10,Yolo,113,214977,2716,2612,6,2618,53
2020-09-10,Yuba,115,75493,1008,941,4,945,1
2020-09-09,Alameda,001,1643700,20200,19399,149,19548,289
2020-09-09,Alpine,003,1148,2,2,0,2,0
2020-09-09,Amador,005,37829,279,276,0,276,16
2020-09-09,Butte,007,227075,2741,2561,23,2584,37
2020-09-09,Calaveras,009,45235,300,242,0,242,1
2020-09-09,Colusa,011,21464,499,479,0,479,6
2020-09-09,Contra Costa,013,1133247,15781,14816,73,14889,171
2020-09-09,Del Norte,015,27424,121,109,0,109,1
2020-09-09,El Dorado,017,186661,1076,1020,2,1022,2
2020-09-09,Fresno,019,978130,29228,26724,337,27061,329
2020-09-09,Glenn,021,27897,531,508,0,508,3
2020-09-09,Humboldt,023,135768,462,420,1,421,4
2020-09-09,Imperial,025,180216,11499,10233,6,10239,268
2020-09-09,Inyo,027,18085,184,173,4,177,2
2020-09-09,Kern,029,883053,30854,29925,273,30198,355
2020-09-09,Kings,031,150075,7152,6721,37,6758,72
2020-09-09,Lake,033,64148,438,371,0,371,4
2020-09-09,Lassen,035,31185,732,714,2,716,0
2020-09-09,Los Angeles,037,10098052,253326,249876,1543,251419,6091
2020-09-09,Madera,039,155013,4237,3926,30,3956,43
2020-09-09,Marin,041,260295,6463,6321,15,6336,68
2020-09-09,Mariposa,043,17540,74,72,0,72,2
2020-09-09,Mendocino,045,87422,727,695,0,695,16
2020-09-09,Merced,047,269075,8556,8441,14,8455,107
2020-09-09,Modoc,049,8938,24,20,0,20,0
2020-09-09,Mono,051,14174,165,145,2,147,1
2020-09-09,Monterey,053,433212,8999,8527,23,8550,59
2020-09-09,Napa,055,140530,1586,1531,8,1539,11
2020-09-09,Nevada,057,99092,488,476,15,491,6
2020-09-09,Orange,059,3164182,52089,49394,1320,50714,1054
2020-09-09,Placer,061,380077,3378,3222,14,3236,36
2020-09-09,Plumas,063,18699,46,42,0,42,0
2020-09-09,Riverside,065,2383286,55817,54320,94,54414,1081
2020-09-09,Sacramento,067,1510023,20475,19474,21,19495,347
2020-09-09,San Benito,069,59416,1244,1199,0,1199,5
2020-09-09,San Bernardino,071,2135413,51168,49264,326,49590,866
2020-09-09,San Diego,073,3302833,43389,41326,665,41991,721
2020-09-09,San Francisco,075,870044,10430,9996,23,10019,86
2020-09-09,San Joaquin,077,732212,19425,18799,42,18841,388
2020-09-09,San Luis Obispo,079,281455,3386,3131,20,3151,24
2020-09-09,San Mateo,081,765935,9385,8478,10,8488,125
2020-09-09,Santa Barbara,083,443738,8720,8528,73,8601,97
2020-09-09,Santa Clara,085,1922200,20327,18759,40,18799,228
2020-09-09,Santa Cruz,087,273765,2123,1967,18,1985,7
2020-09-09,Shasta,089,179085,684,562,3,565,10
2020-09-09,Sierra,091,2930,6,6,0,6,0
2020-09-09,Siskiyou,093,43540,149,137,9,146,0
2020-09-09,Solano,095,438530,5885,5680,41,5721,36
2020-09-09,Sonoma,097,501317,6730,6397,20,6417,92
2020-09-09,Stanislaus,099,539301,15948,15469,437,15906,243
2020-09-09,Sutter,101,95872,1564,1487,1,1488,11
2020-09-09,Tehama,103,63373,473,462,2,464,1
2020-09-09,Trinity,105,12862,52,14,7,21,0
2020-09-09,Tulare,107,460477,15500,14787,75,14862,249
2020-09-09,Tuolumne,109,53932,222,204,3,207,1
2020-09-09,Ventura,111,848112,12260,11497,121,11618,121
2020-09-09,Yolo,113,214977,2705,2604,6,2610,53
2020-09-09,Yuba,115,75493,1003,936,4,940,1
2020-09-08,Alameda,001,1643700,20092,19293,149,19442,288
2020-09-08,Alpine,003,1148,2,2,0,2,0
2020-09-08,Amador,005,37829,279,276,0,276,16
2020-09-08,Butte,007,227075,2723,2453,23,2476,36
2020-09-08,Calaveras,009,45235,298,233,0,233,1
2020-09-08,Colusa,011,21464,497,475,0,475,6
2020-09-08,Contra Costa,013,1133247,15653,14740,70,14810,171
2020-09-08,Del Norte,015,27424,121,109,0,109,2
2020-09-08,El Dorado,017,186661,1073,1011,2,1013,2
2020-09-08,Fresno,019,978130,29108,26640,333,26973,329
2020-09-08,Glenn,021,27897,527,492,0,492,3
2020-09-08,Humboldt,023,135768,460,420,1,421,4
2020-09-08,Imperial,025,180216,11483,10198,6,10204,267
2020-09-08,Inyo,027,18085,184,169,4,173,2
2020-09-08,Kern,029,883053,30768,29850,271,30121,351
2020-09-08,Kings,031,150075,7114,6658,37,6695,72
2020-09-08,Lake,033,64148,428,370,0,370,4
2020-09-08,Lassen,035,31185,732,710,2,712,0
2020-09-08,Los Angeles,037,10098052,252397,249217,1515,250732,6034
2020-09-08,Madera,039,155013,4213,3904,30,3934,43
2020-09-08,Marin,041,260295,6432,6313,15,6328,68
2020-09-08,Mariposa,043,17540,74,72,0,72,2
2020-09-08,Mendocino,045,87422,720,690,0,690,16
2020-09-08,Merced,047,269075,8533,8381,14,8395,104
2020-09-08,Modoc,049,8938,24,20,0,20,0
2020-09-08,Mono,051,14174,165,145,2,147,1
2020-09-08,Monterey,053,433212,8914,8491,23,8514,59
2020-09-08,Napa,055,140530,1582,1518,8,1526,11
2020-09-08,Nevada,057,99092,488,470,15,485,6
2020-09-08,Orange,059,3164182,51948,49214,1316,50530,1044
2020-09-08,Placer,061,380077,3364,3205,14,3219,36
2020-09-08,Plumas,063,18699,46,42,0,42,0
2020-09-08,Riverside,065,2383286,55603,54168,91,54259,1069
2020-09-08,Sacramento,067,1510023,20240,19411,20,19431,347
2020-09-08,San Benito,069,59416,1237,1188,0,1188,5
2020-09-08,San Bernardino,071,2135413,50978,49034,325,49359,856
2020-09-08,San Diego,073,3302833,43073,41079,653,41732,709
2020-09-08,San Francisco,075,870044,10357,9821,23,9844,86
2020-09-08,San Joaquin,077,732212,19347,18550,42,18592,388
2020-09-08,San Luis Obispo,079,281455,3371,3120,20,3140,23
2020-09-08,San Mateo,081,765935,9309,8460,10,8470,125
2020-09-08,Santa Barbara,083,443738,8686,8488,72,8560,96
2020-09-08,Santa Clara,085,1922200,20151,18645,40,18685,228
2020-09-08,Santa Cruz,087,273765,2095,1903,18,1921,7
2020-09-08,Shasta,089,179085,676,556,3,559,10
2020-09-08,Sierra,091,2930,6,6,0,6,0
2020-09-08,Siskiyou,093,43540,147,136,9,145,0
2020-09-08,Solano,095,438530,5848,5654,41,5695,36
2020-09-08,Sonoma,097,501317,6661,6356,20,6376,92
2020-09-08,Stanislaus,099,539301,15884,15415,425,15840,238
2020-09-08,Sutter,101,95872,1548,1473,1,1474,11
2020-09-08,Tehama,103,63373,469,458,2,460,1
2020-09-08,Trinity,105,12862,51,13,7,20,0
2020-09-08,Tulare,107,460477,15420,14635,74,14709,249
2020-09-08,Tuolumne,109,53932,221,197,3,200,1
2020-09-08,Ventura,111,848112,12191,11475,118,11593,118
2020-09-08,Yolo,113,214977,2695,2580,6,2586,53
2020-09-08,Yuba,115,75493,991,923,4,927,1
2020-09-07,Alameda,001,1643700,19970,19188,143,19331,281
2020-09-07,Alpine,003,1148,2,2,0,2,0
2020-09-07,Amador,005,37829,279,276,0,276,16
2020-09-07,Butte,007,227075,2690,2450,22,2472,30
2020-09-07,Calaveras,009,45235,288,234,0,234,1
2020-09-07,Colusa,011,21464,496,475,0,475,6
2020-09-07,Contra Costa,013,1133247,15540,14637,67,14704,172
2020-09-07,Del Norte,015,27424,121,109,0,109,2
2020-09-07,El Dorado,017,186661,1062,1011,2,1013,2
2020-09-07,Fresno,019,978130,29014,26565,330,26895,329
2020-09-07,Glenn,021,27897,522,488,0,488,3
2020-09-07,Humboldt,023,135768,451,416,1,417,4
2020-09-07,Imperial,025,180216,11452,10199,6,10205,267
2020-09-07,Inyo,027,18085,184,169,4,173,2
2020-09-07,Kern,029,883053,30647,29790,266,30056,348
2020-09-07,Kings,031,150075,6989,6630,37,6667,72
2020-09-07,Lake,033,64148,405,367,0,367,2
2020-09-07,Lassen,035,31185,732,709,2,711,0
2020-09-07,Los Angeles,037,10098052,251351,248804,1493,250297,6030
2020-09-07,Madera,039,155013,4182,3889,29,3918,43
2020-09-07,Marin,041,260295,6402,6296,15,6311,67
2020-09-07,Mariposa,043,17540,74,72,0,72,2
2020-09-07,Mendocino,045,87422,712,687,0,687,16
2020-09-07,Merced,047,269075,8486,8381,14,8395,104
2020-09-07,Modoc,049,8938,23,20,0,20,0
2020-09-07,Mono,051,14174,165,145,2,147,1
2020-09-07,Monterey,053,433212,8835,8463,23,8486,57
2020-09-07,Napa,055,140530,1570,1514,8,1522,11
2020-09-07,Nevada,057,99092,486,469,15,484,6
2020-09-07,Orange,059,3164182,51774,49132,1312,50444,1042
2020-09-07,Placer,061,380077,3334,3188,13,3201,36
2020-09-07,Plumas,063,18699,45,42,0,42,0
2020-09-07,Riverside,065,2383286,55328,54178,85,54263,1069
2020-09-07,Sacramento,067,1510023,19997,19292,19,19311,345
2020-09-07,San Benito,069,59416,1231,1180,0,1180,4
2020-09-07,San Bernardino,071,2135413,50750,49043,323,49366,821
2020-09-07,San Diego,073,3302833,42673,40868,626,41494,708
2020-09-07,San Francisco,075,870044,10306,9813,22,9835,85
2020-09-07,San Joaquin,077,732212,19266,18552,40,18592,386
2020-09-07,San Luis Obispo,079,281455,3334,3116,20,3136,23
2020-09-07,San Mateo,081,765935,9227,8409,10,8419,125
2020-09-07,Santa Barbara,083,443738,8642,8479,72,8551,95
2020-09-07,Santa Clara,085,1922200,19993,18596,39,18635,226
2020-09-07,Santa Cruz,087,273765,2067,1902,18,1920,7
2020-09-07,Shasta,089,179085,666,556,3,559,10
2020-09-07,Sierra,091,2930,6,6,0,6,0
2020-09-07,Siskiyou,093,43540,146,133,9,142,0
2020-09-07,Solano,095,438530,5783,5640,41,5681,36
2020-09-07,Sonoma,097,501317,6594,6268,20,6288,85
2020-09-07,Stanislaus,099,539301,15819,15343,413,15756,236
2020-09-07,Sutter,101,95872,1531,1468,1,1469,11
2020-09-07,Tehama,103,63373,466,453,2,455,1
2020-09-07,Trinity,105,12862,51,13,7,20,0
2020-09-07,Tulare,107,460477,15315,14637,72,14709,249
2020-09-07,Tuolumne,109,53932,220,196,3,199,1
2020-09-07,Ventura,111,848112,12096,11463,115,11578,118
2020-09-07,Yolo,113,214977,2678,2565,5,2570,53
2020-09-07,Yuba,115,75493,975,923,3,926,1
2020-09-06,Alameda,001,1643700,19912,19029,141,19170,281
2020-09-06,Alpine,003,1148,2,2,0,2,0
2020-09-06,Amador,005,37829,277,275,0,275,16
2020-09-06,Butte,007,227075,2681,2446,22,2468,30
2020-09-06,Calaveras,009,45235,288,235,0,235,1
2020-09-06,Colusa,011,21464,492,475,0,475,6
2020-09-06,Contra Costa,013,1133247,15460,14565,66,14631,171
2020-09-06,Del Norte,015,27424,121,109,0,109,2
2020-09-06,El Dorado,017,186661,1060,1008,2,1010,2
2020-09-06,Fresno,019,978130,28950,26471,328,26799,329
2020-09-06,Glenn,021,27897,516,474,0,474,3
2020-09-06,Humboldt,023,135768,448,404,1,405,4
2020-09-06,Imperial,025,180216,11435,10152,6,10158,267
2020-09-06,Inyo,027,18085,184,169,4,173,2
2020-09-06,Kern,029,883053,30591,29699,262,29961,348
2020-09-06,Kings,031,150075,6969,6561,36,6597,72
2020-09-06,Lake,033,64148,402,362,0,362,2
2020-09-06,Lassen,035,31185,732,709,2,711,0
2020-09-06,Los Angeles,037,10098052,250719,248316,1479,249795,6004
2020-09-06,Madera,039,155013,4138,3867,29,3896,42
2020-09-06,Marin,041,260295,6390,6276,15,6291,67
2020-09-06,Mariposa,043,17540,74,72,0,72,2
2020-09-06,Mendocino,045,87422,711,672,0,672,16
2020-09-06,Merced,047,269075,8466,8327,14,8341,104
2020-09-06,Modoc,049,8938,23,20,0,20,0
2020-09-06,Mono,051,14174,164,145,2,147,1
2020-09-06,Monterey,053,433212,8795,8403,22,8425,56
2020-09-06,Napa,055,140530,1566,1501,6,1507,11
2020-09-06,Nevada,057,99092,486,467,14,481,6
2020-09-06,Orange,059,3164182,51661,48931,1308,50239,1042
2020-09-06,Placer,061,380077,3317,3169,13,3182,36
2020-09-06,Plumas,063,18699,44,42,0,42,0
2020-09-06,Riverside,065,2383286,55212,53970,83,54053,1069
2020-09-06,Sacramento,067,1510023,19902,19128,19,19147,340
2020-09-06,San Benito,069,59416,1229,1178,0,1178,4
2020-09-06,San Bernardino,071,2135413,50642,48923,323,49246,823
2020-09-06,San Diego,073,3302833,42425,40652,620,41272,707
2020-09-06,San Francisco,075,870044,10232,9813,22,9835,85
2020-09-06,San Joaquin,077,732212,19217,18558,40,18598,386
2020-09-06,San Luis Obispo,079,281455,3323,3101,20,3121,23
2020-09-06,San Mateo,081,765935,9174,8387,10,8397,125
2020-09-06,Santa Barbara,083,443738,8613,8434,72,8506,95
2020-09-06,Santa Clara,085,1922200,19892,18495,39,18534,207
2020-09-06,Santa Cruz,087,273765,2060,1902,18,1920,7
2020-09-06,Shasta,089,179085,660,550,3,553,10
2020-09-06,Sierra,091,2930,6,6,0,6,0
2020-09-06,Siskiyou,093,43540,146,132,9,141,0
2020-09-06,Solano,095,438530,5757,5619,41,5660,37
2020-09-06,Sonoma,097,501317,6565,6212,20,6232,85
2020-09-06,Stanislaus,099,539301,15775,15288,409,15697,236
2020-09-06,Sutter,101,95872,1518,1451,1,1452,11
2020-09-06,Tehama,103,63373,465,455,2,457,1
2020-09-06,Trinity,105,12862,50,13,7,20,0
2020-09-06,Tulare,107,460477,15272,14636,71,14707,249
2020-09-06,Tuolumne,109,53932,217,194,3,197,1
2020-09-06,Ventura,111,848112,12051,11315,115,11430,118
2020-09-06,Yolo,113,214977,2664,2556,5,2561,53
2020-09-06,Yuba,115,75493,966,913,3,916,1
2020-09-05,Alameda,001,1643700,19867,18973,139,19112,279
2020-09-05,Alpine,003,1148,2,2,0,2,0
2020-09-05,Amador,005,37829,277,274,0,274,16
2020-09-05,Butte,007,227075,2665,2406,21,2427,30
2020-09-05,Calaveras,009,45235,288,237,0,237,1
2020-09-05,Colusa,011,21464,488,472,0,472,6
2020-09-05,Contra Costa,013,1133247,15383,14456,64,14520,173
2020-09-05,Del Norte,015,27424,121,109,0,109,2
2020-09-05,El Dorado,017,186661,1060,1007,2,1009,2
2020-09-05,Fresno,019,978130,28882,26325,328,26653,331
2020-09-05,Glenn,021,27897,515,474,0,474,3
2020-09-05,Humboldt,023,135768,446,402,1,403,4
2020-09-05,Imperial,025,180216,11418,10151,6,10157,268
2020-09-05,Inyo,027,18085,184,169,4,173,2
2020-09-05,Kern,029,883053,30531,29645,258,29903,347
2020-09-05,Kings,031,150075,6960,6518,36,6554,66
2020-09-05,Lake,033,64148,399,359,0,359,2
2020-09-05,Lassen,035,31185,732,709,2,711,0
2020-09-05,Los Angeles,037,10098052,250184,247572,1467,249039,6001
2020-09-05,Madera,039,155013,4097,3851,29,3880,42
2020-09-05,Marin,041,260295,6383,6259,15,6274,66
2020-09-05,Mariposa,043,17540,74,72,0,72,2
2020-09-05,Mendocino,045,87422,710,658,0,658,16
2020-09-05,Merced,047,269075,8434,8297,12,8309,104
2020-09-05,Modoc,049,8938,23,19,0,19,0
2020-09-05,Mono,051,14174,164,145,2,147,1
2020-09-05,Monterey,053,433212,8765,8301,22,8323,56
2020-09-05,Napa,055,140530,1560,1484,6,1490,11
2020-09-05,Nevada,057,99092,483,461,14,475,6
2020-09-05,Orange,059,3164182,51559,48726,1303,50029,1039
2020-09-05,Placer,061,380077,3306,3141,13,3154,35
2020-09-05,Plumas,063,18699,44,42,0,42,0
2020-09-05,Riverside,065,2383286,55106,53780,83,53863,1066
2020-09-05,Sacramento,067,1510023,19811,18955,19,18974,339
2020-09-05,San Benito,069,59416,1227,1153,0,1153,4
2020-09-05,San Bernardino,071,2135413,50567,48800,322,49122,825
2020-09-05,San Diego,073,3302833,42232,40344,608,40952,717
2020-09-05,San Francisco,075,870044,10199,9812,21,9833,85
2020-09-05,San Joaquin,077,732212,19189,18557,40,18597,386
2020-09-05,San Luis Obispo,079,281455,3313,3083,20,3103,23
2020-09-05,San Mateo,081,765935,9129,8352,10,8362,124
2020-09-05,Santa Barbara,083,443738,8597,8404,72,8476,96
2020-09-05,Santa Clara,085,1922200,19809,18311,39,18350,207
2020-09-05,Santa Cruz,087,273765,2052,1904,18,1922,7
2020-09-05,Shasta,089,179085,659,544,3,547,10
2020-09-05,Sierra,091,2930,6,6,0,6,0
2020-09-05,Siskiyou,093,43540,145,131,9,140,0
2020-09-05,Solano,095,438530,5745,5579,41,5620,37
2020-09-05,Sonoma,097,501317,6532,6149,20,6169,85
2020-09-05,Stanislaus,099,539301,15727,15198,405,15603,236
2020-09-05,Sutter,101,95872,1511,1445,1,1446,11
2020-09-05,Tehama,103,63373,464,447,2,449,1
2020-09-05,Trinity,105,12862,50,13,7,20,0
2020-09-05,Tulare,107,460477,15214,14576,69,14645,249
2020-09-05,Tuolumne,109,53932,217,194,3,197,1
2020-09-05,Ventura,111,848112,12008,11254,115,11369,118
2020-09-05,Yolo,113,214977,2654,2534,5,2539,53
2020-09-05,Yuba,115,75493,960,902,3,905,1
2020-09-04,Alameda,001,1643700,19799,18843,137,18980,276
2020-09-04,Alpine,003,1148,2,2,0,2,0
2020-09-04,Amador,005,37829,276,274,0,274,16
2020-09-04,Butte,007,227075,2642,2325,21,2346,28
2020-09-04,Calaveras,009,45235,286,237,0,237,1
2020-09-04,Colusa,011,21464,486,467,0,467,6
2020-09-04,Contra Costa,013,1133247,15303,14355,63,14418,164
2020-09-04,Del Norte,015,27424,121,109,0,109,2
2020-09-04,El Dorado,017,186661,1056,992,2,994,2
2020-09-04,Fresno,019,978130,28777,26147,327,26474,321
2020-09-04,Glenn,021,27897,507,463,0,463,3
2020-09-04,Humboldt,023,135768,441,390,1,391,4
2020-09-04,Imperial,025,180216,11409,10136,6,10142,267
2020-09-04,Inyo,027,18085,184,169,4,173,2
2020-09-04,Kern,029,883053,30463,29526,255,29781,345
2020-09-04,Kings,031,150075,6947,6259,36,6295,66
2020-09-04,Lake,033,64148,399,347,0,347,2
2020-09-04,Lassen,035,31185,732,708,2,710,0
2020-09-04,Los Angeles,037,10098052,249618,246396,1447,247843,5977
2020-09-04,Madera,039,155013,4084,3838,29,3867,42
2020-09-04,Marin,041,260295,6371,6251,15,6266,66
2020-09-04,Mariposa,043,17540,74,72,0,72,2
2020-09-04,Mendocino,045,87422,708,646,0,646,16
2020-09-04,Merced,047,269075,8414,8214,12,8226,104
2020-09-04,Modoc,049,8938,23,15,0,15,0
2020-09-04,Mono,051,14174,164,145,2,147,1
2020-09-04,Monterey,053,433212,8720,8208,22,8230,56
2020-09-04,Napa,055,140530,1551,1475,6,1481,11
2020-09-04,Nevada,057,99092,480,455,14,469,6
2020-09-04,Orange,059,3164182,51435,48488,1296,49784,1031
2020-09-04,Placer,061,380077,3294,3101,13,3114,35
2020-09-04,Plumas,063,18699,44,42,0,42,0
2020-09-04,Riverside,065,2383286,54993,53606,78,53684,1066
2020-09-04,Sacramento,067,1510023,19723,18765,19,18784,337
2020-09-04,San Benito,069,59416,1218,1137,0,1137,4
2020-09-04,San Bernardino,071,2135413,50474,48497,320,48817,800
2020-09-04,San Diego,073,3302833,42002,39901,599,40500,701
2020-09-04,San Francisco,075,870044,10159,9694,20,9714,85
2020-09-04,San Joaquin,077,732212,19135,18438,40,18478,376
2020-09-04,San Luis Obispo,079,281455,3298,3049,19,3068,21
2020-09-04,San Mateo,081,765935,9085,8275,10,8285,122
2020-09-04,Santa Barbara,083,443738,8567,8340,72,8412,96
2020-09-04,Santa Clara,085,1922200,19701,18074,39,18113,209
2020-09-04,Santa Cruz,087,273765,2035,1896,17,1913,7
2020-09-04,Shasta,089,179085,656,536,3,539,10
2020-09-04,Sierra,091,2930,6,6,0,6,0
2020-09-04,Siskiyou,093,43540,145,129,9,138,0
2020-09-04,Solano,095,438530,5732,5552,41,5593,37
2020-09-04,Sonoma,097,501317,6467,6050,20,6070,85
2020-09-04,Stanislaus,099,539301,15693,15074,396,15470,233
2020-09-04,Sutter,101,95872,1495,1425,1,1426,11
2020-09-04,Tehama,103,63373,460,442,2,444,1
2020-09-04,Trinity,105,12862,50,13,7,20,0
2020-09-04,Tulare,107,460477,15186,14501,65,14566,247
2020-09-04,Tuolumne,109,53932,217,193,3,196,1
2020-09-04,Ventura,111,848112,11966,11171,115,11286,114
2020-09-04,Yolo,113,214977,2640,2495,5,2500,53
2020-09-04,Yuba,115,75493,955,884,3,887,1
2020-09-03,Alameda,001,1643700,19696,18687,137,18824,275
2020-09-03,Alpine,003,1148,2,2,0,2,0
2020-09-03,Amador,005,37829,276,274,0,274,16
2020-09-03,Butte,007,227075,2597,2274,21,2295,27
2020-09-03,Calaveras,009,45235,285,238,0,238,1
2020-09-03,Colusa,011,21464,484,464,0,464,6
2020-09-03,Contra Costa,013,1133247,15196,14206,60,14266,159
2020-09-03,Del Norte,015,27424,118,109,0,109,2
2020-09-03,El Dorado,017,186661,1052,983,2,985,2
2020-09-03,Fresno,019,978130,28658,25978,322,26300,313
2020-09-03,Glenn,021,27897,503,460,0,460,3
2020-09-03,Humboldt,023,135768,436,390,1,391,4
2020-09-03,Imperial,025,180216,11388,10083,6,10089,255
2020-09-03,Inyo,027,18085,182,171,4,175,3
2020-09-03,Kern,029,883053,30371,29426,241,29667,340
2020-09-03,Kings,031,150075,6867,6200,36,6236,64
2020-09-03,Lake,033,64148,390,347,0,347,2
2020-09-03,Lassen,035,31185,732,707,2,709,0
2020-09-03,Los Angeles,037,10098052,248757,245026,1426,246452,5931
2020-09-03,Madera,039,155013,4065,3780,29,3809,43
2020-09-03,Marin,041,260295,6352,6175,15,6190,66
2020-09-03,Mariposa,043,17540,74,71,0,71,2
2020-09-03,Mendocino,045,87422,699,638,0,638,16
2020-09-03,Merced,047,269075,8372,8136,12,8148,105
2020-09-03,Modoc,049,8938,23,14,0,14,0
2020-09-03,Mono,051,14174,163,144,2,146,1
2020-09-03,Monterey,053,433212,8666,8128,22,8150,56
2020-09-03,Napa,055,140530,1544,1466,6,1472,10
2020-09-03,Nevada,057,99092,477,453,14,467,6
2020-09-03,Orange,059,3164182,51248,48226,1281,49507,1009
2020-09-03,Placer,061,380077,3276,3069,13,3082,34
2020-09-03,Plumas,063,18699,44,39,0,39,0
2020-09-03,Riverside,065,2383286,54813,53341,74,53415,1052
2020-09-03,Sacramento,067,1510023,19595,18553,18,18571,328
2020-09-03,San Benito,069,59416,1207,1121,0,1121,4
2020-09-03,San Bernardino,071,2135413,50308,48165,319,48484,800
2020-09-03,San Diego,073,3302833,41688,39448,583,40031,700
2020-09-03,San Francisco,075,870044,10093,9636,18,9654,84
2020-09-03,San Joaquin,077,732212,19058,18331,40,18371,371
2020-09-03,San Luis Obispo,079,281455,3281,3023,19,3042,21
2020-09-03,San Mateo,081,765935,9011,8211,10,8221,122
2020-09-03,Santa Barbara,083,443738,8519,8277,72,8349,96
2020-09-03,Santa Clara,085,1922200,19520,17879,39,17918,208
2020-09-03,Santa Cruz,087,273765,2020,1870,17,1887,7
2020-09-03,Shasta,089,179085,651,535,3,538,10
2020-09-03,Sierra,091,2930,6,6,0,6,0
2020-09-03,Siskiyou,093,43540,145,128,9,137,0
2020-09-03,Solano,095,438530,5712,5499,40,5539,36
2020-09-03,Sonoma,097,501317,6406,5997,20,6017,62
2020-09-03,Stanislaus,099,539301,15641,14985,392,15377,217
2020-09-03,Sutter,101,95872,1485,1412,1,1413,11
2020-09-03,Tehama,103,63373,456,436,2,438,1
2020-09-03,Trinity,105,12862,48,13,7,20,0
2020-09-03,Tulare,107,460477,15120,14408,64,14472,244
2020-09-03,Tuolumne,109,53932,217,193,3,196,1
2020-09-03,Ventura,111,848112,11848,11109,112,11221,112
2020-09-03,Yolo,113,214977,2624,2475,5,2480,53
2020-09-03,Yuba,115,75493,948,867,3,870,1
2020-09-02,Alameda,001,1643700,19576,18522,134,18656,260
2020-09-02,Alpine,003,1148,2,2,0,2,0
2020-09-02,Amador,005,37829,276,245,0,245,14
2020-09-02,Butte,007,227075,2551,2241,21,2262,27
2020-09-02,Calaveras,009,45235,284,235,0,235,1
2020-09-02,Colusa,011,21464,480,460,0,460,6
2020-09-02,Contra Costa,013,1133247,15107,14097,58,14155,159
2020-09-02,Del Norte,015,27424,117,109,0,109,2
2020-09-02,El Dorado,017,186661,1048,975,2,977,2
2020-09-02,Fresno,019,978130,28510,25785,319,26104,292
2020-09-02,Glenn,021,27897,498,457,0,457,3
2020-09-02,Humboldt,023,135768,433,381,1,382,4
2020-09-02,Imperial,025,180216,11372,9832,6,9838,255
2020-09-02,Inyo,027,18085,182,171,4,175,3
2020-09-02,Kern,029,883053,30279,29288,235,29523,335
2020-09-02,Kings,031,150075,6782,6142,36,6178,64
2020-09-02,Lake,033,64148,386,342,0,342,2
2020-09-02,Lassen,035,31185,730,706,2,708,0
2020-09-02,Los Angeles,037,10098052,247826,243999,1398,245397,5887
2020-09-02,Madera,039,155013,4045,3735,29,3764,41
2020-09-02,Marin,041,260295,6337,6131,15,6146,66
2020-09-02,Mariposa,043,17540,74,71,0,71,2
2020-09-02,Mendocino,045,87422,689,636,0,636,15
2020-09-02,Merced,047,269075,8341,8097,11,8108,103
2020-09-02,Modoc,049,8938,22,11,0,11,0
2020-09-02,Mono,051,14174,163,145,2,147,1
2020-09-02,Monterey,053,433212,8602,8070,22,8092,56
2020-09-02,Napa,055,140530,1532,1454,6,1460,10
2020-09-02,Nevada,057,99092,471,452,13,465,6
2020-09-02,Orange,059,3164182,51067,47871,1271,49142,994
2020-09-02,Placer,061,380077,3251,3047,12,3059,33
2020-09-02,Plumas,063,18699,44,39,0,39,0
2020-09-02,Riverside,065,2383286,54611,52923,71,52994,1032
2020-09-02,Sacramento,067,1510023,19362,18355,17,18372,316
2020-09-02,San Benito,069,59416,1194,1107,0,1107,4
2020-09-02,San Bernardino,071,2135413,50145,47766,316,48082,794
2020-09-02,San Diego,073,3302833,41368,39123,569,39692,695
2020-09-02,San Francisco,075,870044,10024,9587,18,9605,84
2020-09-02,San Joaquin,077,732212,18977,18194,39,18233,352
2020-09-02,San Luis Obispo,079,281455,3255,3002,18,3020,21
2020-09-02,San Mateo,081,765935,8954,8148,10,8158,122
2020-09-02,Santa Barbara,083,443738,8464,8206,71,8277,94
2020-09-02,Santa Clara,085,1922200,19366,17673,39,17712,206
2020-09-02,Santa Cruz,087,273765,1997,1850,17,1867,7
2020-09-02,Shasta,089,179085,650,531,3,534,10
2020-09-02,Sierra,091,2930,6,6,0,6,0
2020-09-02,Siskiyou,093,43540,144,127,9,136,0
2020-09-02,Solano,095,438530,5684,5463,40,5503,36
2020-09-02,Sonoma,097,501317,6344,5846,20,5866,62
2020-09-02,Stanislaus,099,539301,15571,14854,385,15239,220
2020-09-02,Sutter,101,95872,1470,1401,1,1402,10
2020-09-02,Tehama,103,63373,453,429,2,431,1
2020-09-02,Trinity,105,12862,48,13,7,20,0
2020-09-02,Tulare,107,460477,15053,14298,63,14361,244
2020-09-02,Tuolumne,109,53932,217,190,3,193,1
2020-09-02,Ventura,111,848112,11761,11031,111,11142,111
2020-09-02,Yolo,113,214977,2603,2449,5,2454,54
2020-09-02,Yuba,115,75493,941,856,3,859,1
2020-09-01,Alameda,001,1643700,19437,18382,131,18513,248
2020-09-01,Alpine,003,1148,2,2,0,2,0
2020-09-01,Amador,005,37829,275,244,0,244,13
2020-09-01,Butte,007,227075,2494,2146,21,2167,26
2020-09-01,Calaveras,009,45235,276,228,0,228,1
2020-09-01,Colusa,011,21464,476,454,0,454,6
2020-09-01,Contra Costa,013,1133247,15013,13998,56,14054,158
2020-09-01,Del Norte,015,27424,116,108,0,108,2
2020-09-01,El Dorado,017,186661,1040,972,2,974,2
2020-09-01,Fresno,019,978130,28363,25542,316,25858,290
2020-09-01,Glenn,021,27897,491,449,0,449,3
2020-09-01,Humboldt,023,135768,427,378,1,379,4
2020-09-01,Imperial,025,180216,11346,9782,6,9788,250
2020-09-01,Inyo,027,18085,182,171,4,175,3
2020-09-01,Kern,029,883053,30188,29162,230,29392,332
2020-09-01,Kings,031,150075,6751,6088,36,6124,62
2020-09-01,Lake,033,64148,383,341,0,341,2
2020-09-01,Lassen,035,31185,727,706,2,708,0
2020-09-01,Los Angeles,037,10098052,246735,242633,1374,244007,5832
2020-09-01,Madera,039,155013,4016,3703,28,3731,41
2020-09-01,Marin,041,260295,6322,6102,15,6117,67
2020-09-01,Mariposa,043,17540,73,72,0,72,2
2020-09-01,Mendocino,045,87422,674,626,0,626,15
2020-09-01,Merced,047,269075,8288,8046,10,8056,103
2020-09-01,Modoc,049,8938,20,10,0,10,0
2020-09-01,Mono,051,14174,163,145,2,147,1
2020-09-01,Monterey,053,433212,8496,7926,22,7948,56
2020-09-01,Napa,055,140530,1517,1446,6,1452,10
2020-09-01,Nevada,057,99092,465,450,13,463,6
2020-09-01,Orange,059,3164182,50903,47671,1252,48923,976
2020-09-01,Placer,061,380077,3229,3013,12,3025,33
2020-09-01,Plumas,063,18699,44,39,0,39,0
2020-09-01,Riverside,065,2383286,54393,52785,70,52855,1027
2020-09-01,Sacramento,067,1510023,19178,18217,16,18233,305
2020-09-01,San Benito,069,59416,1182,1089,0,1089,4
2020-09-01,San Bernardino,071,2135413,49938,47371,315,47686,786
2020-09-01,San Diego,073,3302833,41010,38873,531,39404,688
2020-09-01,San Francisco,075,870044,9955,9492,18,9510,83
2020-09-01,San Joaquin,077,732212,18895,17915,38,17953,341
2020-09-01,San Luis Obispo,079,281455,3229,2970,18,2988,21
2020-09-01,San Mateo,081,765935,8874,8132,10,8142,122
2020-09-01,Santa Barbara,083,443738,8414,8142,70,8212,93
2020-09-01,Santa Clara,085,1922200,19187,17319,39,17358,204
2020-09-01,Santa Cruz,087,273765,1973,1752,17,1769,7
2020-09-01,Shasta,089,179085,642,527,3,530,9
2020-09-01,Sierra,091,2930,6,6,0,6,0
2020-09-01,Siskiyou,093,43540,141,128,8,136,0
2020-09-01,Solano,095,438530,5658,5438,40,5478,34
2020-09-01,Sonoma,097,501317,6254,5733,20,5753,60
2020-09-01,Stanislaus,099,539301,15495,14784,375,15159,212
2020-09-01,Sutter,101,95872,1459,1389,1,1390,10
2020-09-01,Tehama,103,63373,449,422,2,424,1
2020-09-01,Trinity,105,12862,47,13,6,19,0
2020-09-01,Tulare,107,460477,14970,14156,63,14219,241
2020-09-01,Tuolumne,109,53932,211,183,3,186,1
2020-09-01,Ventura,111,848112,11683,10899,106,11005,108
2020-09-01,Yolo,113,214977,2587,2440,5,2445,51
2020-09-01,Yuba,115,75493,932,841,3,844,1
2020-08-31,Alameda,001,1643700,19292,18148,131,18279,248
2020-08-31,Alpine,003,1148,2,2,0,2,0
2020-08-31,Amador,005,37829,275,243,0,243,13
2020-08-31,Butte,007,227075,2430,2069,21,2090,26
2020-08-31,Calaveras,009,45235,271,212,0,212,1
2020-08-31,Colusa,011,21464,475,443,0,443,6
2020-08-31,Contra Costa,013,1133247,14886,13902,53,13955,153
2020-08-31,Del Norte,015,27424,116,108,0,108,2
2020-08-31,El Dorado,017,186661,1033,965,2,967,2
2020-08-31,Fresno,019,978130,28142,25185,310,25495,290
2020-08-31,Glenn,021,27897,479,437,0,437,3
2020-08-31,Humboldt,023,135768,425,374,1,375,4
2020-08-31,Imperial,025,180216,11315,9759,6,9765,250
2020-08-31,Inyo,027,18085,181,160,4,164,3
2020-08-31,Kern,029,883053,30090,29067,229,29296,318
2020-08-31,Kings,031,150075,6483,6037,36,6073,62
2020-08-31,Lake,033,64148,367,341,0,341,2
2020-08-31,Lassen,035,31185,724,706,2,708,0
2020-08-31,Los Angeles,037,10098052,245634,241793,1346,243139,5787
2020-08-31,Madera,039,155013,3993,3662,27,3689,35
2020-08-31,Marin,041,260295,6286,6074,15,6089,67
2020-08-31,Mariposa,043,17540,73,69,0,69,2
2020-08-31,Mendocino,045,87422,662,618,0,618,15
2020-08-31,Merced,047,269075,8226,7991,10,8001,79
2020-08-31,Modoc,049,8938,18,10,0,10,0
2020-08-31,Mono,051,14174,163,145,2,147,1
2020-08-31,Monterey,053,433212,8389,7839,22,7861,56
2020-08-31,Napa,055,140530,1509,1434,6,1440,10
2020-08-31,Nevada,057,99092,463,447,13,460,6
2020-08-31,Orange,059,3164182,50703,47392,1224,48616,965
2020-08-31,Placer,061,380077,3180,2989,12,3001,33
2020-08-31,Plumas,063,18699,43,39,0,39,0
2020-08-31,Riverside,065,2383286,54171,52508,68,52576,1020
2020-08-31,Sacramento,067,1510023,18941,17999,16,18015,303
2020-08-31,San Benito,069,59416,1166,1080,0,1080,4
2020-08-31,San Bernardino,071,2135413,49726,47370,314,47684,755
2020-08-31,San Diego,073,3302833,40643,38606,498,39104,682
2020-08-31,San Francisco,075,870044,9876,9293,15,9308,83
2020-08-31,San Joaquin,077,732212,18808,17807,37,17844,338
2020-08-31,San Luis Obispo,079,281455,3206,2951,17,2968,21
2020-08-31,San Mateo,081,765935,8804,8065,10,8075,122
2020-08-31,Santa Barbara,083,443738,8368,8124,70,8194,94
2020-08-31,Santa Clara,085,1922200,18998,17211,39,17250,202
2020-08-31,Santa Cruz,087,273765,1948,1742,17,1759,7
2020-08-31,Shasta,089,179085,637,528,3,531,9
2020-08-31,Sierra,091,2930,6,6,0,6,0
2020-08-31,Siskiyou,093,43540,140,127,8,135,0
2020-08-31,Solano,095,438530,5626,5302,39,5341,34
2020-08-31,Sonoma,097,501317,6179,5650,20,5670,60
2020-08-31,Stanislaus,099,539301,15420,14685,366,15051,213
2020-08-31,Sutter,101,95872,1444,1365,1,1366,10
2020-08-31,Tehama,103,63373,446,421,2,423,1
2020-08-31,Trinity,105,12862,47,13,6,19,0
2020-08-31,Tulare,107,460477,14883,13985,61,14046,237
2020-08-31,Tuolumne,109,53932,211,178,3,181,1
2020-08-31,Ventura,111,848112,11595,10866,105,10971,108
2020-08-31,Yolo,113,214977,2569,2423,5,2428,51
2020-08-31,Yuba,115,75493,918,830,3,833,1
2020-08-30,Alameda,001,1643700,19168,18099,129,18228,248
2020-08-30,Alpine,003,1148,2,2,0,2,0
2020-08-30,Amador,005,37829,274,240,0,240,13
2020-08-30,Butte,007,227075,2349,1988,21,2009,26
2020-08-30,Calaveras,009,45235,262,211,0,211,1
2020-08-30,Colusa,011,21464,474,440,0,440,6
2020-08-30,Contra Costa,013,1133247,14748,13780,53,13833,150
2020-08-30,Del Norte,015,27424,115,108,0,108,2
2020-08-30,El Dorado,017,186661,1023,962,2,964,2
2020-08-30,Fresno,019,978130,28016,24963,309,25272,291
2020-08-30,Glenn,021,27897,472,437,0,437,3
2020-08-30,Humboldt,023,135768,414,362,1,363,4
2020-08-30,Imperial,025,180216,11297,9703,6,9709,250
2020-08-30,Inyo,027,18085,181,160,4,164,3
2020-08-30,Kern,029,883053,29997,28987,229,29216,317
2020-08-30,Kings,031,150075,6437,6000,36,6036,62
2020-08-30,Lake,033,64148,362,334,0,334,2
2020-08-30,Lassen,035,31185,722,706,2,708,0
2020-08-30,Los Angeles,037,10098052,244497,240775,1314,242089,5772
2020-08-30,Madera,039,155013,3964,3626,27,3653,33
2020-08-30,Marin,041,260295,6256,6060,15,6075,66
2020-08-30,Mariposa,043,17540,73,69,0,69,2
2020-08-30,Mendocino,045,87422,656,611,0,611,13
2020-08-30,Merced,047,269075,8151,7960,10,7970,79
2020-08-30,Modoc,049,8938,13,10,0,10,0
2020-08-30,Mono,051,14174,163,145,2,147,1
2020-08-30,Monterey,053,433212,8305,7816,22,7838,54
2020-08-30,Napa,055,140530,1497,1423,6,1429,10
2020-08-30,Nevada,057,99092,460,445,13,458,6
2020-08-30,Orange,059,3164182,50507,47283,1210,48493,965
2020-08-30,Placer,061,380077,3147,2961,12,2973,32
2020-08-30,Plumas,063,18699,42,39,0,39,0
2020-08-30,Riverside,065,2383286,53992,52227,66,52293,1017
2020-08-30,Sacramento,067,1510023,18763,17751,16,17767,300
2020-08-30,San Benito,069,59416,1156,1071,0,1071,4
2020-08-30,San Bernardino,071,2135413,49469,47201,314,47515,755
2020-08-30,San Diego,073,3302833,40245,38302,477,38779,682
2020-08-30,San Francisco,075,870044,9778,9294,12,9306,83
2020-08-30,San Joaquin,077,732212,18691,17637,36,17673,338
2020-08-30,San Luis Obispo,079,281455,3181,2934,17,2951,21
2020-08-30,San Mateo,081,765935,8727,8013,9,8022,122
2020-08-30,Santa Barbara,083,443738,8308,8088,70,8158,93
2020-08-30,Santa Clara,085,1922200,18822,17045,39,17084,202
2020-08-30,Santa Cruz,087,273765,1922,1743,17,1760,7
2020-08-30,Shasta,089,179085,634,525,3,528,9
2020-08-30,Sierra,091,2930,6,6,0,6,0
2020-08-30,Siskiyou,093,43540,138,125,8,133,0
2020-08-30,Solano,095,438530,5582,5303,39,5342,34
2020-08-30,Sonoma,097,501317,6121,5590,20,5610,60
2020-08-30,Stanislaus,099,539301,15349,14580,357,14937,209
2020-08-30,Sutter,101,95872,1422,1351,1,1352,10
2020-08-30,Tehama,103,63373,437,419,2,421,1
2020-08-30,Trinity,105,12862,47,13,6,19,0
2020-08-30,Tulare,107,460477,14788,13985,60,14045,236
2020-08-30,Tuolumne,109,53932,207,178,3,181,1
2020-08-30,Ventura,111,848112,11482,10775,100,10875,108
2020-08-30,Yolo,113,214977,2541,2391,4,2395,51
2020-08-30,Yuba,115,75493,904,832,3,835,1
2020-08-29,Alameda,001,1643700,19101,17888,129,18017,250
2020-08-29,Alpine,003,1148,2,2,0,2,0
2020-08-29,Amador,005,37829,274,239,0,239,13
2020-08-29,Butte,007,227075,2318,1948,21,1969,26
2020-08-29,Calaveras,009,45235,258,211,0,211,1
2020-08-29,Colusa,011,21464,471,440,0,440,6
2020-08-29,Contra Costa,013,1133247,14675,13663,52,13715,159
2020-08-29,Del Norte,015,27424,115,108,0,108,1
2020-08-29,El Dorado,017,186661,1020,958,2,960,2
2020-08-29,Fresno,019,978130,27961,24821,309,25130,291
2020-08-29,Glenn,021,27897,466,437,0,437,3
2020-08-29,Humboldt,023,135768,411,363,1,364,4
2020-08-29,Imperial,025,180216,11282,9698,6,9704,250
2020-08-29,Inyo,027,18085,181,160,4,164,3
2020-08-29,Kern,029,883053,29956,28947,228,29175,317
2020-08-29,Kings,031,150075,6422,5906,36,5942,62
2020-08-29,Lake,033,64148,361,329,0,329,2
2020-08-29,Lassen,035,31185,722,706,2,708,0
2020-08-29,Los Angeles,037,10098052,243867,239815,1301,241116,5762
2020-08-29,Madera,039,155013,3955,3605,26,3631,33
2020-08-29,Marin,041,260295,6244,6007,15,6022,64
2020-08-29,Mariposa,043,17540,73,69,0,69,2
2020-08-29,Mendocino,045,87422,652,596,0,596,13
2020-08-29,Merced,047,269075,8121,7867,10,7877,79
2020-08-29,Modoc,049,8938,13,9,0,9,0
2020-08-29,Mono,051,14174,163,145,2,147,1
2020-08-29,Monterey,053,433212,8260,7680,22,7702,53
2020-08-29,Napa,055,140530,1494,1413,6,1419,10
2020-08-29,Nevada,057,99092,460,442,13,455,5
2020-08-29,Orange,059,3164182,50397,47007,1200,48207,960
2020-08-29,Placer,061,380077,3130,2935,12,2947,32
2020-08-29,Plumas,063,18699,41,39,0,39,0
2020-08-29,Riverside,065,2383286,53880,51918,64,51982,1016
2020-08-29,Sacramento,067,1510023,18691,17588,16,17604,291
2020-08-29,San Benito,069,59416,1147,1045,0,1045,4
2020-08-29,San Bernardino,071,2135413,49354,46849,314,47163,755
2020-08-29,San Diego,073,3302833,39979,38049,459,38508,694
2020-08-29,San Francisco,075,870044,9750,9291,11,9302,83
2020-08-29,San Joaquin,077,732212,18647,17493,36,17529,335
2020-08-29,San Luis Obispo,079,281455,3156,2917,17,2934,21
2020-08-29,San Mateo,081,765935,8685,7928,9,7937,122
2020-08-29,Santa Barbara,083,443738,8282,8052,69,8121,93
2020-08-29,Santa Clara,085,1922200,18725,16898,38,16936,202
2020-08-29,Santa Cruz,087,273765,1910,1746,17,1763,7
2020-08-29,Shasta,089,179085,626,522,3,525,9
2020-08-29,Sierra,091,2930,6,6,0,6,0
2020-08-29,Siskiyou,093,43540,138,121,8,129,0
2020-08-29,Solano,095,438530,5561,5303,39,5342,34
2020-08-29,Sonoma,097,501317,6086,5537,20,5557,60
2020-08-29,Stanislaus,099,539301,15300,14479,347,14826,208
2020-08-29,Sutter,101,95872,1417,1333,1,1334,9
2020-08-29,Tehama,103,63373,436,417,2,419,1
2020-08-29,Trinity,105,12862,46,11,6,17,0
2020-08-29,Tulare,107,460477,14750,13890,59,13949,236
2020-08-29,Tuolumne,109,53932,207,178,3,181,1
2020-08-29,Ventura,111,848112,11440,10705,100,10805,108
2020-08-29,Yolo,113,214977,2523,2357,4,2361,51
2020-08-29,Yuba,115,75493,895,822,3,825,1
2020-08-28,Alameda,001,1643700,19018,17729,128,17857,237
2020-08-28,Alpine,003,1148,2,2,0,2,0
2020-08-28,Amador,005,37829,274,234,0,234,13
2020-08-28,Butte,007,227075,2288,1886,21,1907,25
2020-08-28,Calaveras,009,45235,256,207,0,207,1
2020-08-28,Colusa,011,21464,470,441,0,441,6
2020-08-28,Contra Costa,013,1133247,14604,13522,51,13573,158
2020-08-28,Del Norte,015,27424,115,107,0,107,1
2020-08-28,El Dorado,017,186661,1014,949,2,951,2
2020-08-28,Fresno,019,978130,27827,24612,309,24921,282
2020-08-28,Glenn,021,27897,459,429,0,429,3
2020-08-28,Humboldt,023,135768,407,362,1,363,4
2020-08-28,Imperial,025,180216,11268,9656,6,9662,241
2020-08-28,Inyo,027,18085,180,160,4,164,2
2020-08-28,Kern,029,883053,29908,28744,228,28972,306
2020-08-28,Kings,031,150075,6415,5829,35,5864,62
2020-08-28,Lake,033,64148,356,320,0,320,2
2020-08-28,Lassen,035,31185,722,704,2,706,0
2020-08-28,Los Angeles,037,10098052,243057,238544,1276,239820,5740
2020-08-28,Madera,039,155013,3936,3552,26,3578,33
2020-08-28,Marin,041,260295,6222,5991,15,6006,63
2020-08-28,Mariposa,043,17540,73,67,0,67,2
2020-08-28,Mendocino,045,87422,647,588,0,588,11
2020-08-28,Merced,047,269075,8091,7803,10,7813,77
2020-08-28,Modoc,049,8938,13,6,0,6,0
2020-08-28,Mono,051,14174,163,145,2,147,1
2020-08-28,Monterey,053,433212,8203,7591,22,7613,53
2020-08-28,Napa,055,140530,1486,1403,5,1408,10
2020-08-28,Nevada,057,99092,459,438,13,451,5
2020-08-28,Orange,059,3164182,50297,46696,1185,47881,942
2020-08-28,Placer,061,380077,3119,2891,12,2903,32
2020-08-28,Plumas,063,18699,41,39,0,39,0
2020-08-28,Riverside,065,2383286,53749,51510,60,51570,1008
2020-08-28,Sacramento,067,1510023,18594,17119,16,17135,283
2020-08-28,San Benito,069,59416,1131,1016,0,1016,3
2020-08-28,San Bernardino,071,2135413,49236,46553,310,46863,754
2020-08-28,San Diego,073,3302833,39749,37786,444,38230,676
2020-08-28,San Francisco,075,870044,9698,9135,11,9146,83
2020-08-28,San Joaquin,077,732212,18594,17114,35,17149,314
2020-08-28,San Luis Obispo,079,281455,3139,2849,17,2866,20
2020-08-28,San Mateo,081,765935,8638,7783,8,7791,121
2020-08-28,Santa Barbara,083,443738,8250,8001,69,8070,92
2020-08-28,Santa Clara,085,1922200,18594,16696,38,16734,201
2020-08-28,Santa Cruz,087,273765,1898,1747,17,1764,7
2020-08-28,Shasta,089,179085,622,516,3,519,9
2020-08-28,Sierra,091,2930,6,6,0,6,0
2020-08-28,Siskiyou,093,43540,136,119,8,127,0
2020-08-28,Solano,095,438530,5542,5219,39,5258,34
2020-08-28,Sonoma,097,501317,6051,5425,19,5444,58
2020-08-28,Stanislaus,099,539301,15258,14176,343,14519,190
2020-08-28,Sutter,101,95872,1407,1308,1,1309,9
2020-08-28,Tehama,103,63373,431,410,2,412,1
2020-08-28,Trinity,105,12862,46,11,6,17,0
2020-08-28,Tulare,107,460477,14704,13776,59,13835,236
2020-08-28,Tuolumne,109,53932,207,176,3,179,1
2020-08-28,Ventura,111,848112,11404,10606,98,10704,103
2020-08-28,Yolo,113,214977,2514,2323,4,2327,51
2020-08-28,Yuba,115,75493,886,810,3,813,1
2020-08-27,Alameda,001,1643700,18873,17584,125,17709,234
2020-08-27,Alpine,003,1148,2,2,0,2,0
2020-08-27,Amador,005,37829,273,233,0,233,13
2020-08-27,Butte,007,227075,2222,1803,20,1823,25
2020-08-27,Calaveras,009,45235,250,204,0,204,1
2020-08-27,Colusa,011,21464,468,438,0,438,6
2020-08-27,Contra Costa,013,1133247,14503,13379,50,13429,158
2020-08-27,Del Norte,015,27424,115,107,0,107,1
2020-08-27,El Dorado,017,186661,1010,942,2,944,2
2020-08-27,Fresno,019,978130,27644,24367,304,24671,272
2020-08-27,Glenn,021,27897,451,429,0,429,3
2020-08-27,Humboldt,023,135768,399,358,1,359,4
2020-08-27,Imperial,025,180216,11241,9608,6,9614,235
2020-08-27,Inyo,027,18085,180,157,3,160,2
2020-08-27,Kern,029,883053,29836,28635,219,28854,294
2020-08-27,Kings,031,150075,6393,5759,35,5794,62
2020-08-27,Lake,033,64148,354,314,0,314,2
2020-08-27,Lassen,035,31185,722,703,2,705,0
2020-08-27,Los Angeles,037,10098052,242055,237103,1260,238363,5704
2020-08-27,Madera,039,155013,3910,3465,26,3491,33
2020-08-27,Marin,041,260295,6198,5929,15,5944,62
2020-08-27,Mariposa,043,17540,73,67,0,67,2
2020-08-27,Mendocino,045,87422,638,581,0,581,10
2020-08-27,Merced,047,269075,8047,7765,10,7775,75
2020-08-27,Modoc,049,8938,11,5,0,5,0
2020-08-27,Mono,051,14174,163,145,2,147,1
2020-08-27,Monterey,053,433212,8109,7501,22,7523,52
2020-08-27,Napa,055,140530,1480,1397,5,1402,10
2020-08-27,Nevada,057,99092,456,435,13,448,5
2020-08-27,Orange,059,3164182,50140,46449,1174,47623,935
2020-08-27,Placer,061,380077,3088,2869,12,2881,32
2020-08-27,Plumas,063,18699,40,39,0,39,0
2020-08-27,Riverside,065,2383286,53540,51306,57,51363,999
2020-08-27,Sacramento,067,1510023,18396,16875,16,16891,281
2020-08-27,San Benito,069,59416,1115,987,0,987,3
2020-08-27,San Bernardino,071,2135413,49010,46345,304,46649,751
2020-08-27,San Diego,073,3302833,39478,37501,424,37925,673
2020-08-27,San Francisco,075,870044,9632,9014,11,9025,83
2020-08-27,San Joaquin,077,732212,18514,16989,35,17024,314
2020-08-27,San Luis Obispo,079,281455,3114,2808,17,2825,20
2020-08-27,San Mateo,081,765935,8529,7728,8,7736,121
2020-08-27,Santa Barbara,083,443738,8212,7934,69,8003,92
2020-08-27,Santa Clara,085,1922200,18411,16495,38,16533,199
2020-08-27,Santa Cruz,087,273765,1881,1734,17,1751,7
2020-08-27,Shasta,089,179085,616,512,3,515,9
2020-08-27,Sierra,091,2930,6,6,0,6,0
2020-08-27,Siskiyou,093,43540,136,118,8,126,0
2020-08-27,Solano,095,438530,5504,5167,39,5206,34
2020-08-27,Sonoma,097,501317,5939,5357,19,5376,58
2020-08-27,Stanislaus,099,539301,15177,14080,340,14420,186
2020-08-27,Sutter,101,95872,1387,1296,1,1297,9
2020-08-27,Tehama,103,63373,427,398,2,400,1
2020-08-27,Trinity,105,12862,46,11,6,17,0
2020-08-27,Tulare,107,460477,14612,13666,58,13724,231
2020-08-27,Tuolumne,109,53932,202,174,3,177,1
2020-08-27,Ventura,111,848112,11341,10483,94,10577,102
2020-08-27,Yolo,113,214977,2490,2293,4,2297,51
2020-08-27,Yuba,115,75493,875,807,3,810,1
2020-08-26,Alameda,001,1643700,18711,17373,125,17498,233
2020-08-26,Alpine,003,1148,2,2,0,2,0
2020-08-26,Amador,005,37829,273,229,0,229,13
2020-08-26,Butte,007,227075,2155,1765,18,1783,25
2020-08-26,Calaveras,009,45235,243,201,0,201,1
2020-08-26,Colusa,011,21464,462,433,0,433,5
2020-08-26,Contra Costa,013,1133247,14366,13248,50,13298,157
2020-08-26,Del Norte,015,27424,114,86,0,86,1
2020-08-26,El Dorado,017,186661,1008,938,2,940,2
2020-08-26,Fresno,019,978130,27496,24071,302,24373,255
2020-08-26,Glenn,021,27897,449,429,0,429,3
2020-08-26,Humboldt,023,135768,387,357,1,358,4
2020-08-26,Imperial,025,180216,11219,9453,6,9459,227
2020-08-26,Inyo,027,18085,177,157,3,160,2
2020-08-26,Kern,029,883053,29697,28507,216,28723,286
2020-08-26,Kings,031,150075,6372,5720,35,5755,62
2020-08-26,Lake,033,64148,349,308,0,308,2
2020-08-26,Lassen,035,31185,722,702,2,704,0
2020-08-26,Los Angeles,037,10098052,241042,235499,1229,236728,5665
2020-08-26,Madera,039,155013,3881,3458,26,3484,32
2020-08-26,Marin,041,260295,6181,5887,15,5902,56
2020-08-26,Mariposa,043,17540,73,68,0,68,2
2020-08-26,Mendocino,045,87422,627,581,0,581,10
2020-08-26,Merced,047,269075,8014,7720,10,7730,74
2020-08-26,Modoc,049,8938,8,5,0,5,0
2020-08-26,Mono,051,14174,163,141,2,143,1
2020-08-26,Monterey,053,433212,8016,7439,22,7461,51
2020-08-26,Napa,055,140530,1467,1382,5,1387,10
2020-08-26,Nevada,057,99092,453,432,13,445,2
2020-08-26,Orange,059,3164182,49956,46157,1158,47315,905
2020-08-26,Placer,061,380077,3066,2846,10,2856,32
2020-08-26,Plumas,063,18699,39,39,0,39,0
2020-08-26,Riverside,065,2383286,53298,51138,57,51195,987
2020-08-26,Sacramento,067,1510023,18233,16708,16,16724,271
2020-08-26,San Benito,069,59416,1100,978,0,978,3
2020-08-26,San Bernardino,071,2135413,48802,45840,300,46140,743
2020-08-26,San Diego,073,3302833,39140,37224,397,37621,668
2020-08-26,San Francisco,075,870044,9557,8938,11,8949,81
2020-08-26,San Joaquin,077,732212,18425,16845,34,16879,309
2020-08-26,San Luis Obispo,079,281455,3086,2761,17,2778,20
2020-08-26,San Mateo,081,765935,8462,7655,8,7663,121
2020-08-26,Santa Barbara,083,443738,8178,7904,69,7973,90
2020-08-26,Santa Clara,085,1922200,18235,16283,38,16321,198
2020-08-26,Santa Cruz,087,273765,1870,1726,17,1743,7
2020-08-26,Shasta,089,179085,611,511,3,514,9
2020-08-26,Sierra,091,2930,6,6,0,6,0
2020-08-26,Siskiyou,093,43540,133,109,8,117,0
2020-08-26,Solano,095,438530,5480,5131,38,5169,34
2020-08-26,Sonoma,097,501317,5866,5283,19,5302,58
2020-08-26,Stanislaus,099,539301,15100,13964,334,14298,186
2020-08-26,Sutter,101,95872,1369,1275,1,1276,9
2020-08-26,Tehama,103,63373,424,396,2,398,1
2020-08-26,Trinity,105,12862,45,10,6,16,0
2020-08-26,Tulare,107,460477,14545,13568,58,13626,232
2020-08-26,Tuolumne,109,53932,201,172,3,175,1
2020-08-26,Ventura,111,848112,11269,10412,87,10499,100
2020-08-26,Yolo,113,214977,2468,2279,4,2283,49
2020-08-26,Yuba,115,75493,860,779,3,782,1
2020-08-25,Alameda,001,1643700,18554,17278,125,17403,232
2020-08-25,Alpine,003,1148,2,2,0,2,0
2020-08-25,Amador,005,37829,273,227,0,227,13
2020-08-25,Butte,007,227075,2088,1718,18,1736,24
2020-08-25,Calaveras,009,45235,241,196,0,196,1
2020-08-25,Colusa,011,21464,455,430,0,430,5
2020-08-25,Contra Costa,013,1133247,14228,13181,49,13230,156
2020-08-25,Del Norte,015,27424,113,83,0,83,1
2020-08-25,El Dorado,017,186661,1005,928,2,930,2
2020-08-25,Fresno,019,978130,27308,23932,301,24233,250
2020-08-25,Glenn,021,27897,446,429,0,429,3
2020-08-25,Humboldt,023,135768,382,342,1,343,4
2020-08-25,Imperial,025,180216,11191,9381,6,9387,217
2020-08-25,Inyo,027,18085,175,144,3,147,1
2020-08-25,Kern,029,883053,29560,28416,216,28632,285
2020-08-25,Kings,031,150075,6215,5702,35,5737,59
2020-08-25,Lake,033,64148,344,304,0,304,2
2020-08-25,Lassen,035,31185,721,692,2,694,0
2020-08-25,Los Angeles,037,10098052,239747,233961,1179,235140,5612
2020-08-25,Madera,039,155013,3866,3446,25,3471,32
2020-08-25,Marin,041,260295,6143,5860,15,5875,56
2020-08-25,Mariposa,043,17540,73,67,0,67,2
2020-08-25,Mendocino,045,87422,619,571,0,571,10
2020-08-25,Merced,047,269075,7947,7693,9,7702,69
2020-08-25,Modoc,049,8938,8,5,0,5,0
2020-08-25,Mono,051,14174,163,129,2,131,1
2020-08-25,Monterey,053,433212,7936,7333,22,7355,51
2020-08-25,Napa,055,140530,1460,1374,5,1379,10
2020-08-25,Nevada,057,99092,449,430,13,443,2
2020-08-25,Orange,059,3164182,49762,45737,1142,46879,902
2020-08-25,Placer,061,380077,3047,2829,7,2836,31
2020-08-25,Plumas,063,18699,39,39,0,39,0
2020-08-25,Riverside,065,2383286,53066,50889,57,50946,981
2020-08-25,Sacramento,067,1510023,18080,16601,16,16617,265
2020-08-25,San Benito,069,59416,1084,973,0,973,3
2020-08-25,San Bernardino,071,2135413,48567,45544,297,45841,727
2020-08-25,San Diego,073,3302833,38861,36996,375,37371,665
2020-08-25,San Francisco,075,870044,9479,8848,11,8859,81
2020-08-25,San Joaquin,077,732212,18298,16795,34,16829,306
2020-08-25,San Luis Obispo,079,281455,3027,2731,16,2747,20
2020-08-25,San Mateo,081,765935,8402,7636,8,7644,120
2020-08-25,Santa Barbara,083,443738,8126,7854,69,7923,90
2020-08-25,Santa Clara,085,1922200,18063,16199,38,16237,194
2020-08-25,Santa Cruz,087,273765,1851,1708,17,1725,7
2020-08-25,Shasta,089,179085,607,511,3,514,9
2020-08-25,Sierra,091,2930,6,6,0,6,0
2020-08-25,Siskiyou,093,43540,132,109,8,117,0
2020-08-25,Solano,095,438530,5419,5114,38,5152,34
2020-08-25,Sonoma,097,501317,5780,5148,19,5167,56
2020-08-25,Stanislaus,099,539301,14992,13886,323,14209,182
2020-08-25,Sutter,101,95872,1352,1259,1,1260,9
2020-08-25,Tehama,103,63373,421,394,2,396,1
2020-08-25,Trinity,105,12862,44,10,6,16,0
2020-08-25,Tulare,107,460477,14442,13514,57,13571,224
2020-08-25,Tuolumne,109,53932,199,172,3,175,1
2020-08-25,Ventura,111,848112,11184,10313,82,10395,99
2020-08-25,Yolo,113,214977,2455,2254,4,2258,50
2020-08-25,Yuba,115,75493,850,775,3,778,1
2020-08-24,Alameda,001,1643700,18359,16913,124,17037,231
2020-08-24,Alpine,003,1148,2,2,0,2,0
2020-08-24,Amador,005,37829,271,227,0,227,13
2020-08-24,Butte,007,227075,2004,1649,18,1667,23
2020-08-24,Calaveras,009,45235,231,187,0,187,1
2020-08-24,Colusa,011,21464,451,425,0,425,5
2020-08-24,Contra Costa,013,1133247,14113,12906,47,12953,153
2020-08-24,Del Norte,015,27424,113,80,0,80,1
2020-08-24,El Dorado,017,186661,997,908,2,910,2
2020-08-24,Fresno,019,978130,27120,23618,294,23912,235
2020-08-24,Glenn,021,27897,444,421,0,421,2
2020-08-24,Humboldt,023,135768,378,340,1,341,4
2020-08-24,Imperial,025,180216,11158,9323,6,9329,210
2020-08-24,Inyo,027,18085,171,144,3,147,2
2020-08-24,Kern,029,883053,29462,28157,210,28367,277
2020-08-24,Kings,031,150075,6127,5652,35,5687,60
2020-08-24,Lake,033,64148,329,302,0,302,2
2020-08-24,Lassen,035,31185,721,693,2,695,0
2020-08-24,Los Angeles,037,10098052,238385,233036,1160,234196,5562
2020-08-24,Madera,039,155013,3839,3418,25,3443,32
2020-08-24,Marin,041,260295,6080,5834,15,5849,56
2020-08-24,Mariposa,043,17540,71,66,0,66,2
2020-08-24,Mendocino,045,87422,604,550,0,550,10
2020-08-24,Merced,047,269075,7869,7605,9,7614,69
2020-08-24,Modoc,049,8938,8,5,0,5,0
2020-08-24,Mono,051,14174,163,129,2,131,1
2020-08-24,Monterey,053,433212,7827,7212,21,7233,50
2020-08-24,Napa,055,140530,1447,1358,5,1363,10
2020-08-24,Nevada,057,99092,444,423,13,436,2
2020-08-24,Orange,059,3164182,49569,45536,1132,46668,887
2020-08-24,Placer,061,380077,3001,2793,7,2800,31
2020-08-24,Plumas,063,18699,39,37,0,37,0
2020-08-24,Riverside,065,2383286,52788,50496,57,50553,975
2020-08-24,Sacramento,067,1510023,17883,16318,16,16334,249
2020-08-24,San Benito,069,59416,1063,961,0,961,3
2020-08-24,San Bernardino,071,2135413,48304,45199,295,45494,720
2020-08-24,San Diego,073,3302833,38573,36729,347,37076,660
2020-08-24,San Francisco,075,870044,9396,8621,10,8631,81
2020-08-24,San Joaquin,077,732212,18157,16565,33,16598,305
2020-08-24,San Luis Obispo,079,281455,2999,2705,16,2721,20
2020-08-24,San Mateo,081,765935,8335,7502,8,7510,120
2020-08-24,Santa Barbara,083,443738,8085,7784,69,7853,90
2020-08-24,Santa Clara,085,1922200,17858,16049,38,16087,192
2020-08-24,Santa Cruz,087,273765,1831,1627,16,1643,6
2020-08-24,Shasta,089,179085,605,505,3,508,9
2020-08-24,Sierra,091,2930,6,6,0,6,0
2020-08-24,Siskiyou,093,43540,128,107,8,115,0
2020-08-24,Solano,095,438530,5370,4979,36,5015,32
2020-08-24,Sonoma,097,501317,5678,5071,19,5090,56
2020-08-24,Stanislaus,099,539301,14894,13521,309,13830,171
2020-08-24,Sutter,101,95872,1333,1219,1,1220,9
2020-08-24,Tehama,103,63373,416,388,2,390,1
2020-08-24,Trinity,105,12862,44,10,6,16,0
2020-08-24,Tulare,107,460477,14335,13360,56,13416,223
2020-08-24,Tuolumne,109,53932,198,170,3,173,1
2020-08-24,Ventura,111,848112,11104,10261,78,10339,99
2020-08-24,Yolo,113,214977,2421,2239,4,2243,47
2020-08-24,Yuba,115,75493,833,750,3,753,1
2020-08-23,Alameda,001,1643700,18136,16786,123,16909,231
2020-08-23,Alpine,003,1148,2,2,0,2,0
2020-08-23,Amador,005,37829,268,227,0,227,13
2020-08-23,Butte,007,227075,1890,1637,18,1655,23
2020-08-23,Calaveras,009,45235,221,187,0,187,1
2020-08-23,Colusa,011,21464,444,424,0,424,5
2020-08-23,Contra Costa,013,1133247,13953,12642,47,12689,153
2020-08-23,Del Norte,015,27424,113,80,0,80,1
2020-08-23,El Dorado,017,186661,984,901,2,903,2
2020-08-23,Fresno,019,978130,26915,23414,290,23704,235
2020-08-23,Glenn,021,27897,437,421,0,421,2
2020-08-23,Humboldt,023,135768,376,341,1,342,4
2020-08-23,Imperial,025,180216,11129,9243,6,9249,210
2020-08-23,Inyo,027,18085,168,144,3,147,2
2020-08-23,Kern,029,883053,29313,28028,205,28233,277
2020-08-23,Kings,031,150075,6084,5628,35,5663,60
2020-08-23,Lake,033,64148,325,299,0,299,2
2020-08-23,Lassen,035,31185,720,693,2,695,0
2020-08-23,Los Angeles,037,10098052,236790,231833,1090,232923,5549
2020-08-23,Madera,039,155013,3807,3401,24,3425,32
2020-08-23,Marin,041,260295,6041,5807,14,5821,50
2020-08-23,Mariposa,043,17540,71,66,0,66,2
2020-08-23,Mendocino,045,87422,600,550,0,550,10
2020-08-23,Merced,047,269075,7800,7574,8,7582,69
2020-08-23,Modoc,049,8938,7,5,0,5,0
2020-08-23,Mono,051,14174,163,129,2,131,1
2020-08-23,Monterey,053,433212,7737,7173,21,7194,50
2020-08-23,Napa,055,140530,1435,1348,5,1353,10
2020-08-23,Nevada,057,99092,439,421,13,434,2
2020-08-23,Orange,059,3164182,49331,45267,1121,46388,887
2020-08-23,Placer,061,380077,2962,2772,7,2779,31
2020-08-23,Plumas,063,18699,39,37,0,37,0
2020-08-23,Riverside,065,2383286,52518,50293,55,50348,955
2020-08-23,Sacramento,067,1510023,17659,16084,15,16099,243
2020-08-23,San Benito,069,59416,1050,938,0,938,3
2020-08-23,San Bernardino,071,2135413,48036,45010,285,45295,719
2020-08-23,San Diego,073,3302833,38252,36542,320,36862,660
2020-08-23,San Francisco,075,870044,9301,8564,9,8573,80
2020-08-23,San Joaquin,077,732212,18024,16069,32,16101,305
2020-08-23,San Luis Obispo,079,281455,2957,2679,16,2695,20
2020-08-23,San Mateo,081,765935,8240,7450,8,7458,120
2020-08-23,Santa Barbara,083,443738,8017,7725,69,7794,90
2020-08-23,Santa Clara,085,1922200,17663,15912,36,15948,191
2020-08-23,Santa Cruz,087,273765,1805,1627,16,1643,6
2020-08-23,Shasta,089,179085,600,501,3,504,9
2020-08-23,Sierra,091,2930,6,6,0,6,0
2020-08-23,Siskiyou,093,43540,123,107,8,115,0
2020-08-23,Solano,095,438530,5312,4977,34,5011,32
2020-08-23,Sonoma,097,501317,5590,5018,19,5037,56
2020-08-23,Stanislaus,099,539301,14759,13483,286,13769,171
2020-08-23,Sutter,101,95872,1311,1203,1,1204,9
2020-08-23,Tehama,103,63373,406,381,2,383,1
2020-08-23,Trinity,105,12862,44,10,6,16,0
2020-08-23,Tulare,107,460477,14203,13303,53,13356,223
2020-08-23,Tuolumne,109,53932,195,164,3,167,1
2020-08-23,Ventura,111,848112,11003,10126,74,10200,99
2020-08-23,Yolo,113,214977,2393,2210,4,2214,47
2020-08-23,Yuba,115,75493,812,750,3,753,1
2020-08-22,Alameda,001,1643700,18042,16648,122,16770,231
2020-08-22,Alpine,003,1148,2,2,0,2,0
2020-08-22,Amador,005,37829,267,224,0,224,13
2020-08-22,Butte,007,227075,1839,1618,18,1636,22
2020-08-22,Calaveras,009,45235,218,187,0,187,1
2020-08-22,Colusa,011,21464,440,419,0,419,5
2020-08-22,Contra Costa,013,1133247,13866,12522,47,12569,153
2020-08-22,Del Norte,015,27424,112,80,0,80,1
2020-08-22,El Dorado,017,186661,982,900,2,902,2
2020-08-22,Fresno,019,978130,26818,23197,289,23486,235
2020-08-22,Glenn,021,27897,436,421,0,421,2
2020-08-22,Humboldt,023,135768,366,334,1,335,4
2020-08-22,Imperial,025,180216,11121,9244,6,9250,210
2020-08-22,Inyo,027,18085,168,144,3,147,1
2020-08-22,Kern,029,883053,29259,27807,205,28012,277
2020-08-22,Kings,031,150075,6075,5447,35,5482,60
2020-08-22,Lake,033,64148,323,291,0,291,2
2020-08-22,Lassen,035,31185,720,693,2,695,0
2020-08-22,Los Angeles,037,10098052,236131,230858,1072,231930,5540
2020-08-22,Madera,039,155013,3788,3330,24,3354,32
2020-08-22,Marin,041,260295,6029,5789,14,5803,49
2020-08-22,Mariposa,043,17540,71,66,0,66,2
2020-08-22,Mendocino,045,87422,597,529,0,529,10
2020-08-22,Merced,047,269075,7772,7493,8,7501,69
2020-08-22,Modoc,049,8938,7,5,0,5,0
2020-08-22,Mono,051,14174,163,129,2,131,1
2020-08-22,Monterey,053,433212,7689,7081,21,7102,50
2020-08-22,Napa,055,140530,1430,1328,5,1333,11
2020-08-22,Nevada,057,99092,439,411,13,424,2
2020-08-22,Orange,059,3164182,49190,45131,1115,46246,885
2020-08-22,Placer,061,380077,2948,2734,7,2741,30
2020-08-22,Plumas,063,18699,39,37,0,37,0
2020-08-22,Riverside,065,2383286,52370,49944,54,49998,953
2020-08-22,Sacramento,067,1510023,17547,15516,15,15531,239
2020-08-22,San Benito,069,59416,1034,912,0,912,3
2020-08-22,San Bernardino,071,2135413,47907,44803,281,45084,719
2020-08-22,San Diego,073,3302833,38070,36205,309,36514,673
2020-08-22,San Francisco,075,870044,9241,8568,9,8577,80
2020-08-22,San Joaquin,077,732212,17968,16068,32,16100,305
2020-08-22,San Luis Obispo,079,281455,2931,2660,16,2676,20
2020-08-22,San Mateo,081,765935,8193,7361,8,7369,120
2020-08-22,Santa Barbara,083,443738,7991,7685,69,7754,90
2020-08-22,Santa Clara,085,1922200,17555,15590,36,15626,190
2020-08-22,Santa Cruz,087,273765,1789,1628,15,1643,6
2020-08-22,Shasta,089,179085,598,493,3,496,9
2020-08-22,Sierra,091,2930,6,6,0,6,0
2020-08-22,Siskiyou,093,43540,123,106,8,114,0
2020-08-22,Solano,095,438530,5282,4944,33,4977,32
2020-08-22,Sonoma,097,501317,5544,4891,19,4910,57
2020-08-22,Stanislaus,099,539301,14709,13380,269,13649,170
2020-08-22,Sutter,101,95872,1304,1189,1,1190,8
2020-08-22,Tehama,103,63373,405,368,2,370,1
2020-08-22,Trinity,105,12862,44,8,6,14,0
2020-08-22,Tulare,107,460477,14136,13196,53,13249,222
2020-08-22,Tuolumne,109,53932,193,162,3,165,1
2020-08-22,Ventura,111,848112,10948,9959,72,10031,99
2020-08-22,Yolo,113,214977,2377,2188,4,2192,47
2020-08-22,Yuba,115,75493,800,738,3,741,1
2020-08-21,Alameda,001,1643700,17950,16413,122,16535,232
2020-08-21,Alpine,003,1148,2,2,0,2,0
2020-08-21,Amador,005,37829,266,223,0,223,11
2020-08-21,Butte,007,227075,1800,1582,18,1600,19
2020-08-21,Calaveras,009,45235,218,182,0,182,1
2020-08-21,Colusa,011,21464,438,418,0,418,5
2020-08-21,Contra Costa,013,1133247,13777,12333,46,12379,149
2020-08-21,Del Norte,015,27424,112,78,0,78,1
2020-08-21,El Dorado,017,186661,978,885,2,887,2
2020-08-21,Fresno,019,978130,26648,22840,288,23128,232
2020-08-21,Glenn,021,27897,432,418,0,418,2
2020-08-21,Humboldt,023,135768,363,331,1,332,4
2020-08-21,Imperial,025,180216,11105,9166,6,9172,204
2020-08-21,Inyo,027,18085,168,144,3,147,1
2020-08-21,Kern,029,883053,29200,27567,203,27770,269
2020-08-21,Kings,031,150075,6053,5391,35,5426,60
2020-08-21,Lake,033,64148,321,281,0,281,2
2020-08-21,Lassen,035,31185,720,693,2,695,0
2020-08-21,Los Angeles,037,10098052,235258,229235,1052,230287,5494
2020-08-21,Madera,039,155013,3758,3271,24,3295,31
2020-08-21,Marin,041,260295,6009,5762,14,5776,49
2020-08-21,Mariposa,043,17540,71,66,0,66,2
2020-08-21,Mendocino,045,87422,587,505,0,505,10
2020-08-21,Merced,047,269075,7743,7357,8,7365,69
2020-08-21,Modoc,049,8938,7,5,0,5,0
2020-08-21,Mono,051,14174,163,128,2,130,1
2020-08-21,Monterey,053,433212,7617,6974,21,6995,49
2020-08-21,Napa,055,140530,1421,1317,5,1322,10
2020-08-21,Nevada,057,99092,438,406,13,419,2
2020-08-21,Orange,059,3164182,49049,44625,1106,45731,875
2020-08-21,Placer,061,380077,2932,2698,6,2704,30
2020-08-21,Plumas,063,18699,39,36,0,36,0
2020-08-21,Riverside,065,2383286,52175,49409,54,49463,932
2020-08-21,Sacramento,067,1510023,17424,15247,15,15262,237
2020-08-21,San Benito,069,59416,1024,891,0,891,3
2020-08-21,San Bernardino,071,2135413,47787,44249,277,44526,668
2020-08-21,San Diego,073,3302833,37866,35914,292,36206,652
2020-08-21,San Francisco,075,870044,9191,8375,9,8384,80
2020-08-21,San Joaquin,077,732212,17885,15888,30,15918,301
2020-08-21,San Luis Obispo,079,281455,2908,2640,16,2656,19
2020-08-21,San Mateo,081,765935,8135,7253,8,7261,120
2020-08-21,Santa Barbara,083,443738,7950,7645,69,7714,86
2020-08-21,Santa Clara,085,1922200,17403,15399,36,15435,190
2020-08-21,Santa Cruz,087,273765,1777,1617,15,1632,6
2020-08-21,Shasta,089,179085,598,486,3,489,9
2020-08-21,Sierra,091,2930,6,6,0,6,0
2020-08-21,Siskiyou,093,43540,123,103,6,109,0
2020-08-21,Solano,095,438530,5259,4891,32,4923,32
2020-08-21,Sonoma,097,501317,5474,4816,19,4835,57
2020-08-21,Stanislaus,099,539301,14640,13282,254,13536,161
2020-08-21,Sutter,101,95872,1291,1173,1,1174,8
2020-08-21,Tehama,103,63373,403,357,2,359,1
2020-08-21,Trinity,105,12862,44,8,6,14,0
2020-08-21,Tulare,107,460477,14064,13002,52,13054,217
2020-08-21,Tuolumne,109,53932,185,161,3,164,1
2020-08-21,Ventura,111,848112,10883,9865,70,9935,98
2020-08-21,Yolo,113,214977,2361,2164,4,2168,46
2020-08-21,Yuba,115,75493,796,717,3,720,1
2020-08-20,Alameda,001,1643700,17791,16174,122,16296,229
2020-08-20,Alpine,003,1148,2,2,0,2,0
2020-08-20,Amador,005,37829,264,222,0,222,11
2020-08-20,Butte,007,227075,1749,1549,18,1567,18
2020-08-20,Calaveras,009,45235,215,179,0,179,1
2020-08-20,Colusa,011,21464,436,415,0,415,5
2020-08-20,Contra Costa,013,1133247,13649,12108,45,12153,144
2020-08-20,Del Norte,015,27424,112,78,0,78,1
2020-08-20,El Dorado,017,186661,974,881,2,883,2
2020-08-20,Fresno,019,978130,26466,22535,283,22818,228
2020-08-20,Glenn,021,27897,427,414,0,414,2
2020-08-20,Humboldt,023,135768,358,318,1,319,4
2020-08-20,Imperial,025,180216,11086,9086,6,9092,196
2020-08-20,Inyo,027,18085,167,144,3,147,1
2020-08-20,Kern,029,883053,29032,27337,192,27529,267
2020-08-20,Kings,031,150075,6013,5347,34,5381,59
2020-08-20,Lake,033,64148,316,280,0,280,2
2020-08-20,Lassen,035,31185,719,693,2,695,0
2020-08-20,Los Angeles,037,10098052,234034,227492,1033,228525,5445
2020-08-20,Madera,039,155013,3732,3197,24,3221,31
2020-08-20,Marin,041,260295,5991,5745,14,5759,47
2020-08-20,Mariposa,043,17540,71,67,0,67,2
2020-08-20,Mendocino,045,87422,576,497,0,497,10
2020-08-20,Merced,047,269075,7668,7173,8,7181,68
2020-08-20,Modoc,049,8938,7,5,0,5,0
2020-08-20,Mono,051,14174,163,128,2,130,1
2020-08-20,Monterey,053,433212,7546,6892,21,6913,47
2020-08-20,Napa,055,140530,1413,1306,5,1311,10
2020-08-20,Nevada,057,99092,437,401,13,414,2
2020-08-20,Orange,059,3164182,48822,44299,1095,45394,849
2020-08-20,Placer,061,380077,2916,2681,6,2687,30
2020-08-20,Plumas,063,18699,39,36,0,36,0
2020-08-20,Riverside,065,2383286,51956,48953,53,49006,927
2020-08-20,Sacramento,067,1510023,17182,14992,15,15007,231
2020-08-20,San Benito,069,59416,1011,866,0,866,3
2020-08-20,San Bernardino,071,2135413,47531,43627,273,43900,665
2020-08-20,San Diego,073,3302833,37646,35610,274,35884,644
2020-08-20,San Francisco,075,870044,9105,8262,9,8271,72
2020-08-20,San Joaquin,077,732212,17792,15778,30,15808,297
2020-08-20,San Luis Obispo,079,281455,2888,2590,16,2606,19
2020-08-20,San Mateo,081,765935,8070,7188,8,7196,120
2020-08-20,Santa Barbara,083,443738,7912,7571,69,7640,81
2020-08-20,Santa Clara,085,1922200,17230,15162,36,15198,190
2020-08-20,Santa Cruz,087,273765,1764,1581,15,1596,6
2020-08-20,Shasta,089,179085,597,478,3,481,9
2020-08-20,Sierra,091,2930,6,6,0,6,0
2020-08-20,Siskiyou,093,43540,122,102,1,103,0
2020-08-20,Solano,095,438530,5215,4843,32,4875,31
2020-08-20,Sonoma,097,501317,5402,4737,19,4756,54
2020-08-20,Stanislaus,099,539301,14544,13120,245,13365,161
2020-08-20,Sutter,101,95872,1267,1158,1,1159,8
2020-08-20,Tehama,103,63373,397,350,2,352,1
2020-08-20,Trinity,105,12862,44,8,6,14,0
2020-08-20,Tulare,107,460477,13956,12907,51,12958,217
2020-08-20,Tuolumne,109,53932,181,159,3,162,1
2020-08-20,Ventura,111,848112,10770,9744,69,9813,93
2020-08-20,Yolo,113,214977,2339,2150,4,2154,47
2020-08-20,Yuba,115,75493,779,709,3,712,1
2020-08-19,Alameda,001,1643700,17633,15874,121,15995,226
2020-08-19,Alpine,003,1148,2,2,0,2,0
2020-08-19,Amador,005,37829,263,219,0,219,9
2020-08-19,Butte,007,227075,1706,1517,18,1535,16
2020-08-19,Calaveras,009,45235,212,177,0,177,1
2020-08-19,Colusa,011,21464,435,415,0,415,5
2020-08-19,Contra Costa,013,1133247,13537,11895,43,11938,142
2020-08-19,Del Norte,015,27424,112,78,0,78,1
2020-08-19,El Dorado,017,186661,968,870,2,872,2
2020-08-19,Fresno,019,978130,26277,22167,274,22441,221
2020-08-19,Glenn,021,27897,425,414,0,414,2
2020-08-19,Humboldt,023,135768,355,316,1,317,4
2020-08-19,Imperial,025,180216,11058,9041,6,9047,192
2020-08-19,Inyo,027,18085,165,140,3,143,1
2020-08-19,Kern,029,883053,28915,27142,188,27330,263
2020-08-19,Kings,031,150075,5840,5301,32,5333,59
2020-08-19,Lake,033,64148,313,277,0,277,2
2020-08-19,Lassen,035,31185,711,693,2,695,0
2020-08-19,Los Angeles,037,10098052,232760,226006,993,226999,5399
2020-08-19,Madera,039,155013,3698,3158,22,3180,30
2020-08-19,Marin,041,260295,5967,5723,13,5736,46
2020-08-19,Mariposa,043,17540,71,64,0,64,2
2020-08-19,Mendocino,045,87422,560,495,0,495,8
2020-08-19,Merced,047,269075,7541,7082,5,7087,66
2020-08-19,Modoc,049,8938,7,5,0,5,0
2020-08-19,Mono,051,14174,163,128,2,130,1
2020-08-19,Monterey,053,433212,7446,6693,21,6714,45
2020-08-19,Napa,055,140530,1408,1293,5,1298,10
2020-08-19,Nevada,057,99092,430,398,13,411,2
2020-08-19,Orange,059,3164182,48617,43938,1092,45030,829
2020-08-19,Placer,061,380077,2894,2659,6,2665,28
2020-08-19,Plumas,063,18699,39,36,0,36,0
2020-08-19,Riverside,065,2383286,51707,48741,53,48794,922
2020-08-19,Sacramento,067,1510023,17001,14764,15,14779,229
2020-08-19,San Benito,069,59416,994,853,0,853,3
2020-08-19,San Bernardino,071,2135413,47233,43224,267,43491,661
2020-08-19,San Diego,073,3302833,37397,35378,259,35637,638
2020-08-19,San Francisco,075,870044,9040,8236,9,8245,72
2020-08-19,San Joaquin,077,732212,17666,15677,29,15706,296
2020-08-19,San Luis Obispo,079,281455,2848,2553,16,2569,19
2020-08-19,San Mateo,081,765935,8001,7146,8,7154,119
2020-08-19,Santa Barbara,083,443738,7863,7499,69,7568,80
2020-08-19,Santa Clara,085,1922200,17084,14994,36,15030,189
2020-08-19,Santa Cruz,087,273765,1738,1554,15,1569,6
2020-08-19,Shasta,089,179085,593,475,3,478,9
2020-08-19,Sierra,091,2930,6,6,0,6,0
2020-08-19,Siskiyou,093,43540,121,103,1,104,0
2020-08-19,Solano,095,438530,5174,4807,32,4839,31
2020-08-19,Sonoma,097,501317,5323,4614,19,4633,54
2020-08-19,Stanislaus,099,539301,14441,13084,223,13307,160
2020-08-19,Sutter,101,95872,1233,1146,1,1147,8
2020-08-19,Tehama,103,63373,391,342,2,344,1
2020-08-19,Trinity,105,12862,43,8,6,14,0
2020-08-19,Tulare,107,460477,13858,12756,51,12807,217
2020-08-19,Tuolumne,109,53932,178,159,3,162,1
2020-08-19,Ventura,111,848112,10678,9587,67,9654,91
2020-08-19,Yolo,113,214977,2317,2126,4,2130,47
2020-08-19,Yuba,115,75493,767,701,3,704,1
2020-08-18,Alameda,001,1643700,17456,15627,119,15746,223
2020-08-18,Alpine,003,1148,2,2,0,2,0
2020-08-18,Amador,005,37829,262,215,0,215,9
2020-08-18,Butte,007,227075,1673,1491,18,1509,16
2020-08-18,Calaveras,009,45235,208,174,0,174,1
2020-08-18,Colusa,011,21464,434,415,0,415,5
2020-08-18,Contra Costa,013,1133247,13417,11689,41,11730,141
2020-08-18,Del Norte,015,27424,111,78,0,78,0
2020-08-18,El Dorado,017,186661,963,866,2,868,2
2020-08-18,Fresno,019,978130,26056,21798,268,22066,212
2020-08-18,Glenn,021,27897,425,407,0,407,2
2020-08-18,Humboldt,023,135768,353,315,1,316,4
2020-08-18,Imperial,025,180216,11024,8968,6,8974,189
2020-08-18,Inyo,027,18085,164,140,3,143,1
2020-08-18,Kern,029,883053,28762,26978,184,27162,263
2020-08-18,Kings,031,150075,5805,5269,31,5300,58
2020-08-18,Lake,033,64148,310,274,0,274,2
2020-08-18,Lassen,035,31185,711,693,2,695,0
2020-08-18,Los Angeles,037,10098052,231501,224218,956,225174,5339
2020-08-18,Madera,039,155013,3670,3125,22,3147,28
2020-08-18,Marin,041,260295,5937,5708,13,5721,47
2020-08-18,Mariposa,043,17540,71,61,0,61,2
2020-08-18,Mendocino,045,87422,551,468,0,468,8
2020-08-18,Merced,047,269075,7493,6940,5,6945,66
2020-08-18,Modoc,049,8938,7,5,0,5,0
2020-08-18,Mono,051,14174,162,129,2,131,1
2020-08-18,Monterey,053,433212,7354,6691,20,6711,44
2020-08-18,Napa,055,140530,1405,1274,5,1279,10
2020-08-18,Nevada,057,99092,423,389,13,402,2
2020-08-18,Orange,059,3164182,48392,43659,1077,44736,809
2020-08-18,Placer,061,380077,2868,2644,5,2649,28
2020-08-18,Plumas,063,18699,39,34,0,34,0
2020-08-18,Riverside,065,2383286,51375,48447,53,48500,917
2020-08-18,Sacramento,067,1510023,16771,14610,14,14624,222
2020-08-18,San Benito,069,59416,974,836,0,836,3
2020-08-18,San Bernardino,071,2135413,46952,42827,261,43088,648
2020-08-18,San Diego,073,3302833,37104,35164,227,35391,633
2020-08-18,San Francisco,075,870044,8954,8016,9,8025,72
2020-08-18,San Joaquin,077,732212,17550,15509,28,15537,290
2020-08-18,San Luis Obispo,079,281455,2823,2535,15,2550,18
2020-08-18,San Mateo,081,765935,7939,7074,8,7082,119
2020-08-18,Santa Barbara,083,443738,7821,7472,69,7541,81
2020-08-18,Santa Clara,085,1922200,16911,14786,35,14821,184
2020-08-18,Santa Cruz,087,273765,1725,1509,15,1524,6
2020-08-18,Shasta,089,179085,589,468,3,471,9
2020-08-18,Sierra,091,2930,6,6,0,6,0
2020-08-18,Siskiyou,093,43540,120,103,1,104,0
2020-08-18,Solano,095,438530,5147,4700,32,4732,31
2020-08-18,Sonoma,097,501317,5254,4506,19,4525,48
2020-08-18,Stanislaus,099,539301,14343,12935,207,13142,149
2020-08-18,Sutter,101,95872,1214,1126,1,1127,8
2020-08-18,Tehama,103,63373,381,333,2,335,1
2020-08-18,Trinity,105,12862,41,8,6,14,0
2020-08-18,Tulare,107,460477,13727,12637,48,12685,212
2020-08-18,Tuolumne,109,53932,175,159,3,162,1
2020-08-18,Ventura,111,848112,10588,9536,62,9598,89
2020-08-18,Yolo,113,214977,2295,2102,4,2106,47
2020-08-18,Yuba,115,75493,759,679,3,682,1
2020-08-17,Alameda,001,1643700,17262,15454,118,15572,221
2020-08-17,Alpine,003,1148,2,2,0,2,0
2020-08-17,Amador,005,37829,262,215,0,215,9
2020-08-17,Butte,007,227075,1628,1463,18,1481,15
2020-08-17,Calaveras,009,45235,204,167,0,167,1
2020-08-17,Colusa,011,21464,431,408,0,408,5
2020-08-17,Contra Costa,013,1133247,13280,11442,41,11483,141
2020-08-17,Del Norte,015,27424,107,77,0,77,0
2020-08-17,El Dorado,017,186661,960,846,2,848,2
2020-08-17,Fresno,019,978130,25848,21316,261,21577,211
2020-08-17,Glenn,021,27897,424,402,0,402,2
2020-08-17,Humboldt,023,135768,349,302,1,303,4
2020-08-17,Imperial,025,180216,10983,8897,6,8903,188
2020-08-17,Inyo,027,18085,156,124,3,127,1
2020-08-17,Kern,029,883053,28615,26773,173,26946,249
2020-08-17,Kings,031,150075,5767,5249,31,5280,58
2020-08-17,Lake,033,64148,305,270,0,270,2
2020-08-17,Lassen,035,31185,711,666,2,668,0
2020-08-17,Los Angeles,037,10098052,229984,223418,909,224327,5282
2020-08-17,Madera,039,155013,3627,3050,21,3071,26
2020-08-17,Marin,041,260295,5914,5683,12,5695,46
2020-08-17,Mariposa,043,17540,71,61,0,61,2
2020-08-17,Mendocino,045,87422,533,454,0,454,8
2020-08-17,Merced,047,269075,7398,6814,5,6819,66
2020-08-17,Modoc,049,8938,7,5,0,5,0
2020-08-17,Mono,051,14174,162,126,2,128,1
2020-08-17,Monterey,053,433212,7254,6553,20,6573,44
2020-08-17,Napa,055,140530,1384,1255,5,1260,10
2020-08-17,Nevada,057,99092,418,383,13,396,2
2020-08-17,Orange,059,3164182,48182,43621,1064,44685,804
2020-08-17,Placer,061,380077,2843,2609,5,2614,28
2020-08-17,Plumas,063,18699,39,33,0,33,0
2020-08-17,Riverside,065,2383286,51043,48062,51,48113,916
2020-08-17,Sacramento,067,1510023,16551,14333,14,14347,219
2020-08-17,San Benito,069,59416,959,822,0,822,2
2020-08-17,San Bernardino,071,2135413,46607,42005,253,42258,604
2020-08-17,San Diego,073,3302833,36838,34962,213,35175,626
2020-08-17,San Francisco,075,870044,8883,7600,9,7609,72
2020-08-17,San Joaquin,077,732212,17387,15323,27,15350,280
2020-08-17,San Luis Obispo,079,281455,2790,2527,15,2542,18
2020-08-17,San Mateo,081,765935,7882,6987,7,6994,118
2020-08-17,Santa Barbara,083,443738,7779,7438,69,7507,80
2020-08-17,Santa Clara,085,1922200,16690,14546,35,14581,183
2020-08-17,Santa Cruz,087,273765,1709,1453,14,1467,6
2020-08-17,Shasta,089,179085,583,467,3,470,9
2020-08-17,Sierra,091,2930,6,6,0,6,0
2020-08-17,Siskiyou,093,43540,119,103,0,103,0
2020-08-17,Solano,095,438530,5090,4479,32,4511,31
2020-08-17,Sonoma,097,501317,5166,4402,17,4419,48
2020-08-17,Stanislaus,099,539301,14218,12745,200,12945,148
2020-08-17,Sutter,101,95872,1198,1071,1,1072,8
2020-08-17,Tehama,103,63373,372,324,2,326,1
2020-08-17,Trinity,105,12862,41,8,6,14,0
2020-08-17,Tulare,107,460477,13614,12487,47,12534,210
2020-08-17,Tuolumne,109,53932,172,157,3,160,1
2020-08-17,Ventura,111,848112,10465,9490,57,9547,89
2020-08-17,Yolo,113,214977,2268,2083,4,2087,47
2020-08-17,Yuba,115,75493,744,647,3,650,1
2020-08-16,Alameda,001,1643700,16971,15338,118,15456,221
2020-08-16,Alpine,003,1148,2,2,0,2,0
2020-08-16,Amador,005,37829,259,215,0,215,9
2020-08-16,Butte,007,227075,1590,1432,18,1450,15
2020-08-16,Calaveras,009,45235,197,167,0,167,1
2020-08-16,Colusa,011,21464,429,407,0,407,5
2020-08-16,Contra Costa,013,1133247,13094,11255,41,11296,140
2020-08-16,Del Norte,015,27424,103,77,0,77,0
2020-08-16,El Dorado,017,186661,948,843,2,845,2
2020-08-16,Fresno,019,978130,25627,21010,256,21266,211
2020-08-16,Glenn,021,27897,422,400,0,400,2
2020-08-16,Humboldt,023,135768,347,301,1,302,4
2020-08-16,Imperial,025,180216,10939,8883,6,8889,188
2020-08-16,Inyo,027,18085,149,125,2,127,1
2020-08-16,Kern,029,883053,28416,26520,165,26685,249
2020-08-16,Kings,031,150075,5736,5146,31,5177,58
2020-08-16,Lake,033,64148,301,269,0,269,2
2020-08-16,Lassen,035,31185,711,666,2,668,0
2020-08-16,Los Angeles,037,10098052,228415,222236,879,223115,5263
2020-08-16,Madera,039,155013,3582,3013,21,3034,26
2020-08-16,Marin,041,260295,5888,5664,12,5676,46
2020-08-16,Mariposa,043,17540,71,61,0,61,2
2020-08-16,Mendocino,045,87422,525,451,0,451,8
2020-08-16,Merced,047,269075,7316,6744,5,6749,66
2020-08-16,Modoc,049,8938,7,5,0,5,0
2020-08-16,Mono,051,14174,162,126,2,128,1
2020-08-16,Monterey,053,433212,7156,6516,19,6535,44
2020-08-16,Napa,055,140530,1366,1241,3,1244,10
2020-08-16,Nevada,057,99092,409,379,13,392,2
2020-08-16,Orange,059,3164182,47933,43303,1053,44356,803
2020-08-16,Placer,061,380077,2814,2583,4,2587,28
2020-08-16,Plumas,063,18699,39,33,0,33,0
2020-08-16,Riverside,065,2383286,50712,47669,50,47719,910
2020-08-16,Sacramento,067,1510023,16311,14210,14,14224,219
2020-08-16,San Benito,069,59416,930,815,0,815,2
2020-08-16,San Bernardino,071,2135413,46183,41724,245,41969,603
2020-08-16,San Diego,073,3302833,36574,34680,198,34878,626
2020-08-16,San Francisco,075,870044,8796,7602,9,7611,72
2020-08-16,San Joaquin,077,732212,17184,15288,27,15315,280
2020-08-16,San Luis Obispo,079,281455,2761,2494,15,2509,17
2020-08-16,San Mateo,081,765935,7807,6942,7,6949,118
2020-08-16,Santa Barbara,083,443738,7730,7368,69,7437,79
2020-08-16,Santa Clara,085,1922200,16492,14329,35,14364,183
2020-08-16,Santa Cruz,087,273765,1682,1449,13,1462,6
2020-08-16,Shasta,089,179085,576,465,3,468,9
2020-08-16,Sierra,091,2930,6,6,0,6,0
2020-08-16,Siskiyou,093,43540,118,102,0,102,0
2020-08-16,Solano,095,438530,5030,4479,32,4511,31
2020-08-16,Sonoma,097,501317,5062,4329,17,4346,46
2020-08-16,Stanislaus,099,539301,14060,12668,190,12858,148
2020-08-16,Sutter,101,95872,1180,1071,1,1072,8
2020-08-16,Tehama,103,63373,362,318,2,320,1
2020-08-16,Trinity,105,12862,38,8,6,14,0
2020-08-16,Tulare,107,460477,13482,12334,44,12378,211
2020-08-16,Tuolumne,109,53932,172,156,3,159,1
2020-08-16,Ventura,111,848112,10356,9408,52,9460,89
2020-08-16,Yolo,113,214977,2249,2057,4,2061,47
2020-08-16,Yuba,115,75493,735,647,2,649,1
2020-08-15,Alameda,001,1643700,16894,15165,118,15283,221
2020-08-15,Alpine,003,1148,2,2,0,2,0
2020-08-15,Amador,005,37829,259,210,0,210,9
2020-08-15,Butte,007,227075,1568,1409,18,1427,15
2020-08-15,Calaveras,009,45235,195,167,0,167,1
2020-08-15,Colusa,011,21464,428,401,0,401,5
2020-08-15,Contra Costa,013,1133247,12998,11106,41,11147,138
2020-08-15,Del Norte,015,27424,103,77,0,77,0
2020-08-15,El Dorado,017,186661,943,838,2,840,2
2020-08-15,Fresno,019,978130,25511,20603,254,20857,211
2020-08-15,Glenn,021,27897,422,398,0,398,2
2020-08-15,Humboldt,023,135768,346,301,1,302,4
2020-08-15,Imperial,025,180216,10919,8794,6,8800,188
2020-08-15,Inyo,027,18085,149,123,2,125,1
2020-08-15,Kern,029,883053,28328,26338,165,26503,249
2020-08-15,Kings,031,150075,5718,5039,31,5070,56
2020-08-15,Lake,033,64148,299,268,0,268,2
2020-08-15,Lassen,035,31185,711,666,2,668,0
2020-08-15,Los Angeles,037,10098052,227665,221043,869,221912,5252
2020-08-15,Madera,039,155013,3532,2950,21,2971,26
2020-08-15,Marin,041,260295,5881,5628,12,5640,46
2020-08-15,Mariposa,043,17540,71,61,0,61,2
2020-08-15,Mendocino,045,87422,521,444,0,444,8
2020-08-15,Merced,047,269075,7282,6656,5,6661,66
2020-08-15,Modoc,049,8938,7,5,0,5,0
2020-08-15,Mono,051,14174,162,126,2,128,1
2020-08-15,Monterey,053,433212,7111,6162,19,6181,44
2020-08-15,Napa,055,140530,1356,1232,3,1235,10
2020-08-15,Nevada,057,99092,409,376,13,389,2
2020-08-15,Orange,059,3164182,47820,42811,1042,43853,801
2020-08-15,Placer,061,380077,2793,2551,4,2555,27
2020-08-15,Plumas,063,18699,39,33,0,33,0
2020-08-15,Riverside,065,2383286,50561,46720,50,46770,910
2020-08-15,Sacramento,067,1510023,16201,14018,14,14032,219
2020-08-15,San Benito,069,59416,917,805,0,805,2
2020-08-15,San Bernardino,071,2135413,46031,41231,243,41474,602
2020-08-15,San Diego,073,3302833,36408,34346,184,34530,639
2020-08-15,San Francisco,075,870044,8732,7601,9,7610,69
2020-08-15,San Joaquin,077,732212,17111,15113,27,15140,280
2020-08-15,San Luis Obispo,079,281455,2744,2461,15,2476,17
2020-08-15,San Mateo,081,765935,7770,6860,7,6867,118
2020-08-15,Santa Barbara,083,443738,7702,7338,69,7407,79
2020-08-15,Santa Clara,085,1922200,16396,14105,35,14140,183
2020-08-15,Santa Cruz,087,273765,1661,1449,13,1462,6
2020-08-15,Shasta,089,179085,573,458,3,461,9
2020-08-15,Sierra,091,2930,6,6,0,6,0
2020-08-15,Siskiyou,093,43540,117,100,0,100,0
2020-08-15,Solano,095,438530,5008,4477,32,4509,31
2020-08-15,Sonoma,097,501317,5007,4134,17,4151,45
2020-08-15,Stanislaus,099,539301,13996,12541,189,12730,149
2020-08-15,Sutter,101,95872,1169,1046,1,1047,8
2020-08-15,Tehama,103,63373,361,312,2,314,1
2020-08-15,Trinity,105,12862,36,6,6,12,0
2020-08-15,Tulare,107,460477,13444,12262,44,12306,211
2020-08-15,Tuolumne,109,53932,172,155,3,158,1
2020-08-15,Ventura,111,848112,10297,9379,50,9429,89
2020-08-15,Yolo,113,214977,2237,2031,4,2035,46
2020-08-15,Yuba,115,75493,731,623,2,625,1
2020-08-14,Alameda,001,1643700,16755,14909,118,15027,221
2020-08-14,Alpine,003,1148,2,2,0,2,0
2020-08-14,Amador,005,37829,259,209,0,209,9
2020-08-14,Butte,007,227075,1559,1384,18,1402,15
2020-08-14,Calaveras,009,45235,191,165,0,165,1
2020-08-14,Colusa,011,21464,426,399,0,399,5
2020-08-14,Contra Costa,013,1133247,12886,10893,41,10934,137
2020-08-14,Del Norte,015,27424,103,76,0,76,0
2020-08-14,El Dorado,017,186661,935,827,2,829,2
2020-08-14,Fresno,019,978130,25377,19900,254,20154,208
2020-08-14,Glenn,021,27897,420,395,0,395,2
2020-08-14,Humboldt,023,135768,340,294,1,295,4
2020-08-14,Imperial,025,180216,10895,8756,6,8762,185
2020-08-14,Inyo,027,18085,148,115,2,117,1
2020-08-14,Kern,029,883053,28224,25893,164,26057,249
2020-08-14,Kings,031,150075,5704,4953,31,4984,56
2020-08-14,Lake,033,64148,290,267,0,267,2
2020-08-14,Lassen,035,31185,711,665,2,667,0
2020-08-14,Los Angeles,037,10098052,226498,219083,852,219935,5222
2020-08-14,Madera,039,155013,3502,2876,21,2897,26
2020-08-14,Marin,041,260295,5870,5601,12,5613,46
2020-08-14,Mariposa,043,17540,70,61,0,61,2
2020-08-14,Mendocino,045,87422,512,432,0,432,8
2020-08-14,Merced,047,269075,7252,6466,5,6471,67
2020-08-14,Modoc,049,8938,7,5,0,5,0
2020-08-14,Mono,051,14174,162,126,2,128,1
2020-08-14,Monterey,053,433212,7060,6121,19,6140,41
2020-08-14,Napa,055,140530,1346,1230,3,1233,10
2020-08-14,Nevada,057,99092,405,377,13,390,2
2020-08-14,Orange,059,3164182,47670,42399,1029,43428,798
2020-08-14,Placer,061,380077,2774,2546,4,2550,26
2020-08-14,Plumas,063,18699,38,33,0,33,0
2020-08-14,Riverside,065,2383286,50332,46456,50,46506,891
2020-08-14,Sacramento,067,1510023,16052,13645,14,13659,212
2020-08-14,San Benito,069,59416,900,783,0,783,2
2020-08-14,San Bernardino,071,2135413,45844,40442,240,40682,594
2020-08-14,San Diego,073,3302833,36214,34067,177,34244,622
2020-08-14,San Francisco,075,870044,8673,7467,9,7476,69
2020-08-14,San Joaquin,077,732212,17011,14925,27,14952,276
2020-08-14,San Luis Obispo,079,281455,2729,2422,15,2437,17
2020-08-14,San Mateo,081,765935,7711,6655,7,6662,118
2020-08-14,Santa Barbara,083,443738,7652,7302,69,7371,77
2020-08-14,Santa Clara,085,1922200,16230,13785,34,13819,183
2020-08-14,Santa Cruz,087,273765,1639,1418,12,1430,6
2020-08-14,Shasta,089,179085,568,446,3,449,9
2020-08-14,Sierra,091,2930,6,5,0,5,0
2020-08-14,Siskiyou,093,43540,117,98,0,98,0
2020-08-14,Solano,095,438530,4987,4421,32,4453,31
2020-08-14,Sonoma,097,501317,4947,4087,14,4101,45
2020-08-14,Stanislaus,099,539301,13918,12379,185,12564,140
2020-08-14,Sutter,101,95872,1161,1039,1,1040,8
2020-08-14,Tehama,103,63373,357,305,2,307,1
2020-08-14,Trinity,105,12862,36,6,6,12,0
2020-08-14,Tulare,107,460477,13367,12009,44,12053,211
2020-08-14,Tuolumne,109,53932,171,155,3,158,1
2020-08-14,Ventura,111,848112,10222,9313,50,9363,89
2020-08-14,Yolo,113,214977,2223,1991,4,1995,45
2020-08-14,Yuba,115,75493,715,606,2,608,1
2020-08-13,Alameda,001,1643700,16477,14385,118,14503,218
2020-08-13,Alpine,003,1148,2,2,0,2,0
2020-08-13,Amador,005,37829,259,198,0,198,8
2020-08-13,Butte,007,227075,1534,1345,18,1363,15
2020-08-13,Calaveras,009,45235,189,162,0,162,1
2020-08-13,Colusa,011,21464,426,395,0,395,5
2020-08-13,Contra Costa,013,1133247,12732,10545,40,10585,136
2020-08-13,Del Norte,015,27424,102,74,0,74,0
2020-08-13,El Dorado,017,186661,930,803,2,805,2
2020-08-13,Fresno,019,978130,25150,19157,248,19405,201
2020-08-13,Glenn,021,27897,416,392,0,392,1
2020-08-13,Humboldt,023,135768,332,281,1,282,4
2020-08-13,Imperial,025,180216,10864,8640,6,8646,170
2020-08-13,Inyo,027,18085,144,97,2,99,1
2020-08-13,Kern,029,883053,28057,25472,161,25633,242
2020-08-13,Kings,031,150075,5669,4824,31,4855,52
2020-08-13,Lake,033,64148,285,263,0,263,2
2020-08-13,Lassen,035,31185,711,652,2,654,0
2020-08-13,Los Angeles,037,10098052,225122,216497,831,217328,5179
2020-08-13,Madera,039,155013,3458,2675,20,2695,25
2020-08-13,Marin,041,260295,5854,5503,12,5515,44
2020-08-13,Mariposa,043,17540,69,61,0,61,2
2020-08-13,Mendocino,045,87422,507,401,0,401,8
2020-08-13,Merced,047,269075,7135,5945,5,5950,63
2020-08-13,Modoc,049,8938,7,5,0,5,0
2020-08-13,Mono,051,14174,162,124,2,126,1
2020-08-13,Monterey,053,433212,6977,5925,19,5944,38
2020-08-13,Napa,055,140530,1337,1179,3,1182,10
2020-08-13,Nevada,057,99092,401,362,13,375,1
2020-08-13,Orange,059,3164182,47431,42019,1017,43036,773
2020-08-13,Placer,061,380077,2751,2460,4,2464,26
2020-08-13,Plumas,063,18699,38,32,0,32,0
2020-08-13,Riverside,065,2383286,50036,45327,50,45377,885
2020-08-13,Sacramento,067,1510023,15849,13237,14,13251,197
2020-08-13,San Benito,069,59416,871,757,0,757,2
2020-08-13,San Bernardino,071,2135413,45449,39395,234,39629,591
2020-08-13,San Diego,073,3302833,35978,33661,159,33820,627
2020-08-13,San Francisco,075,870044,8579,7277,9,7286,69
2020-08-13,San Joaquin,077,732212,16856,14537,26,14563,261
2020-08-13,San Luis Obispo,079,281455,2707,2283,15,2298,16
2020-08-13,San Mateo,081,765935,7649,6503,7,6510,117
2020-08-13,Santa Barbara,083,443738,7607,7129,68,7197,74
2020-08-13,Santa Clara,085,1922200,16007,13257,34,13291,182
2020-08-13,Santa Cruz,087,273765,1614,1383,12,1395,6
2020-08-13,Shasta,089,179085,563,428,3,431,9
2020-08-13,Sierra,091,2930,6,5,0,5,0
2020-08-13,Siskiyou,093,43540,117,95,0,95,0
2020-08-13,Solano,095,438530,4950,4305,32,4337,31
2020-08-13,Sonoma,097,501317,4873,3902,14,3916,45
2020-08-13,Stanislaus,099,539301,13788,11953,169,12122,136
2020-08-13,Sutter,101,95872,1139,992,1,993,8
2020-08-13,Tehama,103,63373,348,302,2,304,1
2020-08-13,Trinity,105,12862,35,6,6,12,0
2020-08-13,Tulare,107,460477,13223,11692,41,11733,210
2020-08-13,Tuolumne,109,53932,170,152,3,155,1
2020-08-13,Ventura,111,848112,10133,9114,50,9164,90
2020-08-13,Yolo,113,214977,2196,1938,4,1942,44
2020-08-13,Yuba,115,75493,699,568,2,570,1
2020-08-12,Alameda,001,1643700,16264,14214,118,14332,215
2020-08-12,Alpine,003,1148,2,2,0,2,0
2020-08-12,Amador,005,37829,256,197,0,197,8
2020-08-12,Butte,007,227075,1506,1317,18,1335,15
2020-08-12,Calaveras,009,45235,186,157,0,157,1
2020-08-12,Colusa,011,21464,421,394,0,394,5
2020-08-12,Contra Costa,013,1133247,12587,10304,39,10343,134
2020-08-12,Del Norte,015,27424,101,74,0,74,0
2020-08-12,El Dorado,017,186661,912,794,2,796,2
2020-08-12,Fresno,019,978130,24920,18690,242,18932,194
2020-08-12,Glenn,021,27897,413,388,0,388,1
2020-08-12,Humboldt,023,135768,325,281,1,282,4
2020-08-12,Imperial,025,180216,10841,8566,6,8572,167
2020-08-12,Inyo,027,18085,127,97,2,99,1
2020-08-12,Kern,029,883053,27865,25191,159,25350,232
2020-08-12,Kings,031,150075,5630,4736,31,4767,50
2020-08-12,Lake,033,64148,283,253,0,253,2
2020-08-12,Lassen,035,31185,710,651,2,653,0
2020-08-12,Los Angeles,037,10098052,223722,214542,815,215357,5119
2020-08-12,Madera,039,155013,3424,2681,18,2699,23
2020-08-12,Marin,041,260295,5832,5423,12,5435,44
2020-08-12,Mariposa,043,17540,69,61,0,61,2
2020-08-12,Mendocino,045,87422,488,386,0,386,9
2020-08-12,Merced,047,269075,7073,5777,5,5782,66
2020-08-12,Modoc,049,8938,7,5,0,5,0
2020-08-12,Mono,051,14174,161,124,2,126,1
2020-08-12,Monterey,053,433212,6873,5919,19,5938,38
2020-08-12,Napa,055,140530,1327,1161,3,1164,10
2020-08-12,Nevada,057,99092,396,357,13,370,1
2020-08-12,Orange,059,3164182,47180,41576,993,42569,754
2020-08-12,Placer,061,380077,2719,2417,4,2421,25
2020-08-12,Plumas,063,18699,38,31,0,31,0
2020-08-12,Riverside,065,2383286,49688,44747,50,44797,867
2020-08-12,Sacramento,067,1510023,15637,12528,14,12542,189
2020-08-12,San Benito,069,59416,858,751,0,751,2
2020-08-12,San Bernardino,071,2135413,45106,38811,225,39036,589
2020-08-12,San Diego,073,3302833,35769,33395,139,33534,608
2020-08-12,San Francisco,075,870044,8496,7194,9,7203,66
2020-08-12,San Joaquin,077,732212,16710,14154,26,14180,253
2020-08-12,San Luis Obispo,079,281455,2682,2263,15,2278,15
2020-08-12,San Mateo,081,765935,7570,6427,7,6434,117
2020-08-12,Santa Barbara,083,443738,7547,7049,66,7115,74
2020-08-12,Santa Clara,085,1922200,15831,13002,34,13036,182
2020-08-12,Santa Cruz,087,273765,1585,1382,11,1393,6
2020-08-12,Shasta,089,179085,559,417,3,420,9
2020-08-12,Sierra,091,2930,5,4,0,4,0
2020-08-12,Siskiyou,093,43540,116,90,0,90,0
2020-08-12,Solano,095,438530,4905,4258,32,4290,31
2020-08-12,Sonoma,097,501317,4799,3847,14,3861,47
2020-08-12,Stanislaus,099,539301,13649,11682,161,11843,136
2020-08-12,Sutter,101,95872,1115,987,1,988,7
2020-08-12,Tehama,103,63373,338,289,2,291,1
2020-08-12,Trinity,105,12862,34,6,6,12,0
2020-08-12,Tulare,107,460477,13095,11460,41,11501,211
2020-08-12,Tuolumne,109,53932,169,150,3,153,1
2020-08-12,Ventura,111,848112,10046,9005,50,9055,87
2020-08-12,Yolo,113,214977,2172,1921,4,1925,44
2020-08-12,Yuba,115,75493,677,549,1,550,1
2020-08-11,Alameda,001,1643700,16003,13960,115,14075,204
2020-08-11,Alpine,003,1148,2,2,0,2,0
2020-08-11,Amador,005,37829,250,187,0,187,3
2020-08-11,Butte,007,227075,1479,1296,18,1314,15
2020-08-11,Calaveras,009,45235,184,161,0,161,1
2020-08-11,Colusa,011,21464,416,390,0,390,5
2020-08-11,Contra Costa,013,1133247,12398,10012,37,10049,131
2020-08-11,Del Norte,015,27424,100,73,0,73,0
2020-08-11,El Dorado,017,186661,905,786,2,788,2
2020-08-11,Fresno,019,978130,24598,18344,239,18583,187
2020-08-11,Glenn,021,27897,411,380,0,380,1
2020-08-11,Humboldt,023,135768,320,283,1,284,4
2020-08-11,Imperial,025,180216,10786,8518,6,8524,165
2020-08-11,Inyo,027,18085,122,97,2,99,1
2020-08-11,Kern,029,883053,27530,25042,157,25199,230
2020-08-11,Kings,031,150075,5439,4696,31,4727,50
2020-08-11,Lake,033,64148,280,243,0,243,2
2020-08-11,Lassen,035,31185,704,605,2,607,0
2020-08-11,Los Angeles,037,10098052,222222,212421,790,213211,5065
2020-08-11,Madera,039,155013,3370,2673,18,2691,22
2020-08-11,Marin,041,260295,5805,5287,11,5298,44
2020-08-11,Mariposa,043,17540,68,60,0,60,2
2020-08-11,Mendocino,045,87422,478,385,0,385,9
2020-08-11,Merced,047,269075,6978,5322,4,5326,65
2020-08-11,Modoc,049,8938,7,5,0,5,0
2020-08-11,Mono,051,14174,161,124,2,126,1
2020-08-11,Monterey,053,433212,6764,5624,19,5643,36
2020-08-11,Napa,055,140530,1316,1143,2,1145,11
2020-08-11,Nevada,057,99092,393,358,13,371,1
2020-08-11,Orange,059,3164182,46960,41205,971,42176,742
2020-08-11,Placer,061,380077,2687,2393,4,2397,24
2020-08-11,Plumas,063,18699,38,31,0,31,0
2020-08-11,Riverside,065,2383286,49331,44237,50,44287,836
2020-08-11,Sacramento,067,1510023,15346,12298,14,12312,182
2020-08-11,San Benito,069,59416,846,750,0,750,2
2020-08-11,San Bernardino,071,2135413,44765,38467,218,38685,584
2020-08-11,San Diego,073,3302833,35502,33159,120,33279,602
2020-08-11,San Francisco,075,870044,8400,6988,9,6997,66
2020-08-11,San Joaquin,077,732212,16532,13997,21,14018,251
2020-08-11,San Luis Obispo,079,281455,2625,2234,15,2249,15
2020-08-11,San Mateo,081,765935,7496,6339,7,6346,117
2020-08-11,Santa Barbara,083,443738,7498,6942,66,7008,70
2020-08-11,Santa Clara,085,1922200,15610,12920,34,12954,183
2020-08-11,Santa Cruz,087,273765,1562,1352,11,1363,4
2020-08-11,Shasta,089,179085,555,416,3,419,9
2020-08-11,Sierra,091,2930,5,4,0,4,0
2020-08-11,Siskiyou,093,43540,116,90,0,90,0
2020-08-11,Solano,095,438530,4857,4206,31,4237,31
2020-08-11,Sonoma,097,501317,4704,3752,14,3766,45
2020-08-11,Stanislaus,099,539301,13545,11592,149,11741,128
2020-08-11,Sutter,101,95872,1093,964,1,965,7
2020-08-11,Tehama,103,63373,334,289,2,291,1
2020-08-11,Trinity,105,12862,34,5,6,11,0
2020-08-11,Tulare,107,460477,12970,11392,40,11432,201
2020-08-11,Tuolumne,109,53932,164,146,3,149,1
2020-08-11,Ventura,111,848112,9978,8953,49,9002,88
2020-08-11,Yolo,113,214977,2150,1912,4,1916,44
2020-08-11,Yuba,115,75493,666,540,1,541,1
2020-08-10,Alameda,001,1643700,15763,13420,114,13534,203
2020-08-10,Alpine,003,1148,2,2,0,2,0
2020-08-10,Amador,005,37829,249,172,0,172,2
2020-08-10,Butte,007,227075,1455,1174,16,1190,15
2020-08-10,Calaveras,009,45235,174,121,0,121,1
2020-08-10,Colusa,011,21464,414,387,0,387,4
2020-08-10,Contra Costa,013,1133247,12245,9454,35,9489,130
2020-08-10,Del Norte,015,27424,98,69,0,69,0
2020-08-10,El Dorado,017,186661,893,771,2,773,2
2020-08-10,Fresno,019,978130,24317,17978,238,18216,183
2020-08-10,Glenn,021,27897,408,381,0,381,1
2020-08-10,Humboldt,023,135768,314,277,1,278,4
2020-08-10,Imperial,025,180216,10742,8465,6,8471,165
2020-08-10,Inyo,027,18085,122,97,2,99,1
2020-08-10,Kern,029,883053,27304,24499,156,24655,215
2020-08-10,Kings,031,150075,5333,4588,31,4619,50
2020-08-10,Lake,033,64148,273,239,0,239,2
2020-08-10,Lassen,035,31185,704,588,2,590,0
2020-08-10,Los Angeles,037,10098052,220646,211035,772,211807,5003
2020-08-10,Madera,039,155013,3337,2365,17,2382,22
2020-08-10,Marin,041,260295,5760,5242,10,5252,44
2020-08-10,Mariposa,043,17540,68,57,0,57,2
2020-08-10,Mendocino,045,87422,454,364,0,364,1
2020-08-10,Merced,047,269075,6897,4913,4,4917,51
2020-08-10,Modoc,049,8938,7,5,0,5,0
2020-08-10,Mono,051,14174,161,123,2,125,1
2020-08-10,Monterey,053,433212,6654,5358,19,5377,34
2020-08-10,Napa,055,140530,1298,1084,2,1086,8
2020-08-10,Nevada,057,99092,385,356,13,369,1
2020-08-10,Orange,059,3164182,46690,40445,953,41398,721
2020-08-10,Placer,061,380077,2648,2298,4,2302,21
2020-08-10,Plumas,063,18699,38,27,0,27,0
2020-08-10,Riverside,065,2383286,48947,43296,49,43345,830
2020-08-10,Sacramento,067,1510023,15035,12059,14,12073,168
2020-08-10,San Benito,069,59416,833,743,0,743,2
2020-08-10,San Bernardino,071,2135413,44388,37367,209,37576,579
2020-08-10,San Diego,073,3302833,35236,32977,104,33081,594
2020-08-10,San Francisco,075,870044,8310,6816,8,6824,66
2020-08-10,San Joaquin,077,732212,16350,13308,21,13329,240
2020-08-10,San Luis Obispo,079,281455,2526,2208,14,2222,15
2020-08-10,San Mateo,081,765935,7419,6222,7,6229,117
2020-08-10,Santa Barbara,083,443738,7443,6869,66,6935,66
2020-08-10,Santa Clara,085,1922200,15350,12615,33,12648,182
2020-08-10,Santa Cruz,087,273765,1542,1239,10,1249,4
2020-08-10,Shasta,089,179085,551,384,3,387,9
2020-08-10,Sierra,091,2930,5,3,0,3,0
2020-08-10,Siskiyou,093,43540,113,88,0,88,0
2020-08-10,Solano,095,438530,4797,4101,31,4132,31
2020-08-10,Sonoma,097,501317,4535,3640,10,3650,42
2020-08-10,Stanislaus,099,539301,13363,10855,132,10987,106
2020-08-10,Sutter,101,95872,1068,865,1,866,7
2020-08-10,Tehama,103,63373,327,282,2,284,1
2020-08-10,Trinity,105,12862,31,5,6,11,0
2020-08-10,Tulare,107,460477,12797,10750,38,10788,194
2020-08-10,Tuolumne,109,53932,164,143,2,145,1
2020-08-10,Ventura,111,848112,9894,8851,48,8899,85
2020-08-10,Yolo,113,214977,2127,1840,4,1844,45
2020-08-10,Yuba,115,75493,649,527,1,528,1
2020-08-09,Alameda,001,1643700,15483,13241,112,13353,203
2020-08-09,Alpine,003,1148,2,2,0,2,0
2020-08-09,Amador,005,37829,244,153,0,153,2
2020-08-09,Butte,007,227075,1411,1155,16,1171,15
2020-08-09,Calaveras,009,45235,169,122,0,122,1
2020-08-09,Colusa,011,21464,410,371,0,371,4
2020-08-09,Contra Costa,013,1133247,12017,9214,34,9248,130
2020-08-09,Del Norte,015,27424,98,69,0,69,0
2020-08-09,El Dorado,017,186661,885,748,2,750,2
2020-08-09,Fresno,019,978130,24008,17846,234,18080,183
2020-08-09,Glenn,021,27897,406,354,0,354,1
2020-08-09,Humboldt,023,135768,308,279,1,280,4
2020-08-09,Imperial,025,180216,10699,8310,5,8315,165
2020-08-09,Inyo,027,18085,117,86,1,87,1
2020-08-09,Kern,029,883053,27048,23680,156,23836,215
2020-08-09,Kings,031,150075,5290,4446,30,4476,50
2020-08-09,Lake,033,64148,266,225,0,225,2
2020-08-09,Lassen,035,31185,698,589,2,591,0
2020-08-09,Los Angeles,037,10098052,218586,208810,750,209560,4984
2020-08-09,Madera,039,155013,3278,2322,13,2335,22
2020-08-09,Marin,041,260295,5717,5204,10,5214,44
2020-08-09,Mariposa,043,17540,66,56,0,56,2
2020-08-09,Mendocino,045,87422,444,283,0,283,1
2020-08-09,Merced,047,269075,6800,4735,3,4738,51
2020-08-09,Modoc,049,8938,7,4,0,4,0
2020-08-09,Mono,051,14174,160,113,2,115,1
2020-08-09,Monterey,053,433212,6530,5199,19,5218,34
2020-08-09,Napa,055,140530,1279,1062,2,1064,8
2020-08-09,Nevada,057,99092,377,332,13,345,1
2020-08-09,Orange,059,3164182,46391,39244,938,40182,722
2020-08-09,Placer,061,380077,2619,2211,4,2215,20
2020-08-09,Plumas,063,18699,38,27,0,27,0
2020-08-09,Riverside,065,2383286,48601,41894,49,41943,828
2020-08-09,Sacramento,067,1510023,14755,11301,14,11315,167
2020-08-09,San Benito,069,59416,814,687,0,687,2
2020-08-09,San Bernardino,071,2135413,43913,36092,209,36301,579
2020-08-09,San Diego,073,3302833,34945,32749,93,32842,594
2020-08-09,San Francisco,075,870044,8195,6820,8,6828,66
2020-08-09,San Joaquin,077,732212,16146,12933,20,12953,240
2020-08-09,San Luis Obispo,079,281455,2490,2124,14,2138,15
2020-08-09,San Mateo,081,765935,7324,6094,7,6101,117
2020-08-09,Santa Barbara,083,443738,7355,6669,66,6735,66
2020-08-09,Santa Clara,085,1922200,15080,11878,33,11911,181
2020-08-09,Santa Cruz,087,273765,1518,1246,10,1256,4
2020-08-09,Shasta,089,179085,547,361,3,364,9
2020-08-09,Sierra,091,2930,5,3,0,3,0
2020-08-09,Siskiyou,093,43540,112,74,0,74,0
2020-08-09,Solano,095,438530,4744,3954,30,3984,31
2020-08-09,Sonoma,097,501317,4399,3531,8,3539,41
2020-08-09,Stanislaus,099,539301,13155,10264,119,10383,106
2020-08-09,Sutter,101,95872,1034,857,1,858,7
2020-08-09,Tehama,103,63373,319,265,2,267,1
2020-08-09,Trinity,105,12862,31,5,6,11,0
2020-08-09,Tulare,107,460477,12605,10630,35,10665,194
2020-08-09,Tuolumne,109,53932,161,143,2,145,1
2020-08-09,Ventura,111,848112,9746,8633,47,8680,85
2020-08-09,Yolo,113,214977,2096,1765,4,1769,44
2020-08-09,Yuba,115,75493,629,442,1,443,1
2020-08-08,Alameda,001,1643700,15373,13087,112,13199,204
2020-08-08,Alpine,003,1148,2,2,0,2,0
2020-08-08,Amador,005,37829,244,139,0,139,2
2020-08-08,Butte,007,227075,1393,1140,16,1156,15
2020-08-08,Calaveras,009,45235,168,122,0,122,1
2020-08-08,Colusa,011,21464,409,368,0,368,4
2020-08-08,Contra Costa,013,1133247,11908,9104,34,9138,129
2020-08-08,Del Norte,015,27424,97,69,0,69,0
2020-08-08,El Dorado,017,186661,878,734,2,736,2
2020-08-08,Fresno,019,978130,23871,17538,232,17770,183
2020-08-08,Glenn,021,27897,406,344,0,344,1
2020-08-08,Humboldt,023,135768,305,277,1,278,4
2020-08-08,Imperial,025,180216,10684,8213,5,8218,165
2020-08-08,Inyo,027,18085,113,86,1,87,1
2020-08-08,Kern,029,883053,26934,22803,156,22959,215
2020-08-08,Kings,031,150075,5276,4367,30,4397,49
2020-08-08,Lake,033,64148,264,221,0,221,2
2020-08-08,Lassen,035,31185,698,589,2,591,0
2020-08-08,Los Angeles,037,10098052,217701,206971,739,207710,4974
2020-08-08,Madera,039,155013,3247,2275,13,2288,22
2020-08-08,Marin,041,260295,5697,5118,10,5128,44
2020-08-08,Mariposa,043,17540,65,55,0,55,2
2020-08-08,Mendocino,045,87422,442,264,0,264,1
2020-08-08,Merced,047,269075,6760,4570,3,4573,51
2020-08-08,Modoc,049,8938,7,4,0,4,0
2020-08-08,Mono,051,14174,160,113,2,115,1
2020-08-08,Monterey,053,433212,6472,5101,19,5120,33
2020-08-08,Napa,055,140530,1271,1062,2,1064,8
2020-08-08,Nevada,057,99092,375,325,13,338,1
2020-08-08,Orange,059,3164182,46261,38688,929,39617,718
2020-08-08,Placer,061,380077,2602,2153,4,2157,20
2020-08-08,Plumas,063,18699,38,27,0,27,0
2020-08-08,Riverside,065,2383286,48397,41412,49,41461,823
2020-08-08,Sacramento,067,1510023,14626,11144,14,11158,166
2020-08-08,San Benito,069,59416,806,684,0,684,2
2020-08-08,San Bernardino,071,2135413,43716,35691,208,35899,531
2020-08-08,San Diego,073,3302833,34756,32332,84,32416,593
2020-08-08,San Francisco,075,870044,8129,6820,8,6828,66
2020-08-08,San Joaquin,077,732212,16065,12559,19,12578,240
2020-08-08,San Luis Obispo,079,281455,2467,2081,14,2095,15
2020-08-08,San Mateo,081,765935,7266,6021,7,6028,117
2020-08-08,Santa Barbara,083,443738,7317,6598,66,6664,66
2020-08-08,Santa Clara,085,1922200,14928,11615,33,11648,181
2020-08-08,Santa Cruz,087,273765,1504,1247,10,1257,4
2020-08-08,Shasta,089,179085,545,343,3,346,9
2020-08-08,Sierra,091,2930,5,3,0,3,0
2020-08-08,Siskiyou,093,43540,112,73,0,73,0
2020-08-08,Solano,095,438530,4723,3889,29,3918,31
2020-08-08,Sonoma,097,501317,4368,3399,8,3407,41
2020-08-08,Stanislaus,099,539301,13080,9963,114,10077,105
2020-08-08,Sutter,101,95872,1024,830,1,831,7
2020-08-08,Tehama,103,63373,318,251,2,253,1
2020-08-08,Trinity,105,12862,31,5,6,11,0
2020-08-08,Tulare,107,460477,12529,10505,35,10540,192
2020-08-08,Tuolumne,109,53932,161,143,2,145,1
2020-08-08,Ventura,111,848112,9691,8462,46,8508,85
2020-08-08,Yolo,113,214977,2083,1725,4,1729,44
2020-08-08,Yuba,115,75493,620,430,1,431,1
2020-08-07,Alameda,001,1643700,15262,12805,112,12917,204
2020-08-07,Alpine,003,1148,2,2,0,2,0
2020-08-07,Amador,005,37829,242,125,0,125,2
2020-08-07,Butte,007,227075,1375,1092,16,1108,13
2020-08-07,Calaveras,009,45235,168,119,0,119,1
2020-08-07,Colusa,011,21464,408,358,0,358,4
2020-08-07,Contra Costa,013,1133247,11760,8810,34,8844,126
2020-08-07,Del Norte,015,27424,97,69,0,69,0
2020-08-07,El Dorado,017,186661,873,724,2,726,2
2020-08-07,Fresno,019,978130,23711,17290,232,17522,171
2020-08-07,Glenn,021,27897,405,339,0,339,1
2020-08-07,Humboldt,023,135768,301,274,1,275,4
2020-08-07,Imperial,025,180216,10659,8085,5,8090,164
2020-08-07,Inyo,027,18085,112,81,1,82,1
2020-08-07,Kern,029,883053,26808,22143,153,22296,206
2020-08-07,Kings,031,150075,5259,4315,30,4345,48
2020-08-07,Lake,033,64148,262,215,0,215,1
2020-08-07,Lassen,035,31185,697,588,2,590,0
2020-08-07,Los Angeles,037,10098052,216235,204406,727,205133,4924
2020-08-07,Madera,039,155013,3215,2245,13,2258,20
2020-08-07,Marin,041,260295,5668,5094,10,5104,43
2020-08-07,Mariposa,043,17540,65,53,0,53,2
2020-08-07,Mendocino,045,87422,428,262,0,262,1
2020-08-07,Merced,047,269075,6717,4358,3,4361,30
2020-08-07,Modoc,049,8938,7,4,0,4,0
2020-08-07,Mono,051,14174,160,112,2,114,1
2020-08-07,Monterey,053,433212,6397,5041,19,5060,33
2020-08-07,Napa,055,140530,1266,1055,2,1057,8
2020-08-07,Nevada,057,99092,372,324,13,337,1
2020-08-07,Orange,059,3164182,46049,38459,912,39371,701
2020-08-07,Placer,061,380077,2584,2078,4,2082,20
2020-08-07,Plumas,063,18699,38,25,0,25,0
2020-08-07,Riverside,065,2383286,48134,40902,48,40950,810
2020-08-07,Sacramento,067,1510023,14481,10798,14,10812,160
2020-08-07,San Benito,069,59416,800,647,0,647,2
2020-08-07,San Bernardino,071,2135413,43469,35200,207,35407,524
2020-08-07,San Diego,073,3302833,34571,31781,81,31862,586
2020-08-07,San Francisco,075,870044,8051,6765,8,6773,66
2020-08-07,San Joaquin,077,732212,15980,12392,19,12411,223
2020-08-07,San Luis Obispo,079,281455,2436,2050,14,2064,14
2020-08-07,San Mateo,081,765935,7206,5948,7,5955,117
2020-08-07,Santa Barbara,083,443738,7266,6509,66,6575,66
2020-08-07,Santa Clara,085,1922200,14729,11409,33,11442,180
2020-08-07,Santa Cruz,087,273765,1486,1234,10,1244,5
2020-08-07,Shasta,089,179085,540,342,3,345,9
2020-08-07,Sierra,091,2930,5,3,0,3,0
2020-08-07,Siskiyou,093,43540,109,73,0,73,0
2020-08-07,Solano,095,438530,4691,3844,28,3872,31
2020-08-07,Sonoma,097,501317,4304,3329,8,3337,34
2020-08-07,Stanislaus,099,539301,12958,9665,104,9769,98
2020-08-07,Sutter,101,95872,1020,807,1,808,6
2020-08-07,Tehama,103,63373,314,246,2,248,1
2020-08-07,Trinity,105,12862,30,5,6,11,0
2020-08-07,Tulare,107,460477,12452,10292,35,10327,195
2020-08-07,Tuolumne,109,53932,160,136,2,138,1
2020-08-07,Ventura,111,848112,9631,8356,44,8400,84
2020-08-07,Yolo,113,214977,2056,1689,4,1693,37
2020-08-07,Yuba,115,75493,615,413,1,414,1
2020-08-06,Alameda,001,1643700,15040,12474,111,12585,200
2020-08-06,Alpine,003,1148,2,2,0,2,0
2020-08-06,Amador,005,37829,228,125,0,125,0
2020-08-06,Butte,007,227075,1356,1060,16,1076,13
2020-08-06,Calaveras,009,45235,166,117,0,117,1
2020-08-06,Colusa,011,21464,405,358,0,358,3
2020-08-06,Contra Costa,013,1133247,11566,8583,33,8616,124
2020-08-06,Del Norte,015,27424,97,69,0,69,0
2020-08-06,El Dorado,017,186661,862,703,2,705,1
2020-08-06,Fresno,019,978130,23413,17031,225,17256,161
2020-08-06,Glenn,021,27897,400,332,0,332,1
2020-08-06,Humboldt,023,135768,296,266,1,267,4
2020-08-06,Imperial,025,180216,10616,8064,5,8069,163
2020-08-06,Inyo,027,18085,104,83,1,84,1
2020-08-06,Kern,029,883053,26572,21843,152,21995,197
2020-08-06,Kings,031,150075,5197,4264,29,4293,47
2020-08-06,Lake,033,64148,259,209,0,209,1
2020-08-06,Lassen,035,31185,695,588,2,590,0
2020-08-06,Los Angeles,037,10098052,214165,201372,711,202083,4874
2020-08-06,Madera,039,155013,3167,2240,12,2252,19
2020-08-06,Marin,041,260295,5636,5058,10,5068,43
2020-08-06,Mariposa,043,17540,64,52,0,52,2
2020-08-06,Mendocino,045,87422,414,260,0,260,1
2020-08-06,Merced,047,269075,6615,4235,3,4238,30
2020-08-06,Modoc,049,8938,7,4,0,4,0
2020-08-06,Mono,051,14174,159,111,2,113,1
2020-08-06,Monterey,053,433212,6288,5001,18,5019,33
2020-08-06,Napa,055,140530,1252,1032,2,1034,8
2020-08-06,Nevada,057,99092,367,321,13,334,1
2020-08-06,Orange,059,3164182,45757,38399,907,39306,694
2020-08-06,Placer,061,380077,2558,2045,4,2049,20
2020-08-06,Plumas,063,18699,37,25,0,25,0
2020-08-06,Riverside,065,2383286,47739,40269,48,40317,781
2020-08-06,Sacramento,067,1510023,14252,10548,14,10562,153
2020-08-06,San Benito,069,59416,792,626,0,626,2
2020-08-06,San Bernardino,071,2135413,43064,34819,205,35024,516
2020-08-06,San Diego,073,3302833,34304,31129,74,31203,583
2020-08-06,San Francisco,075,870044,7958,6737,7,6744,60
2020-08-06,San Joaquin,077,732212,15820,12269,19,12288,203
2020-08-06,San Luis Obispo,079,281455,2412,2000,13,2013,13
2020-08-06,San Mateo,081,765935,7106,5885,7,5892,117
2020-08-06,Santa Barbara,083,443738,7206,6620,66,6686,65
2020-08-06,Santa Clara,085,1922200,14500,11280,33,11313,178
2020-08-06,Santa Cruz,087,273765,1465,1215,10,1225,4
2020-08-06,Shasta,089,179085,531,343,3,346,9
2020-08-06,Sierra,091,2930,5,3,0,3,0
2020-08-06,Siskiyou,093,43540,109,73,0,73,0
2020-08-06,Solano,095,438530,4648,3784,28,3812,29
2020-08-06,Sonoma,097,501317,4240,3259,8,3267,33
2020-08-06,Stanislaus,099,539301,12808,9566,88,9654,98
2020-08-06,Sutter,101,95872,989,797,1,798,6
2020-08-06,Tehama,103,63373,311,242,2,244,1
2020-08-06,Trinity,105,12862,27,5,6,11,0
2020-08-06,Tulare,107,460477,12293,10169,35,10204,195
2020-08-06,Tuolumne,109,53932,159,136,2,138,1
2020-08-06,Ventura,111,848112,9516,8245,41,8286,80
2020-08-06,Yolo,113,214977,2032,1662,4,1666,36
2020-08-06,Yuba,115,75493,606,407,0,407,1
2020-08-05,Alameda,001,1643700,14826,12140,111,12251,193
2020-08-05,Alpine,003,1148,2,2,0,2,0
2020-08-05,Amador,005,37829,218,123,0,123,0
2020-08-05,Butte,007,227075,1322,1038,15,1053,13
2020-08-05,Calaveras,009,45235,163,116,0,116,1
2020-08-05,Colusa,011,21464,401,354,0,354,3
2020-08-05,Contra Costa,013,1133247,11397,8362,33,8395,122
2020-08-05,Del Norte,015,27424,96,69,0,69,0
2020-08-05,El Dorado,017,186661,854,692,2,694,1
2020-08-05,Fresno,019,978130,23169,16625,220,16845,159
2020-08-05,Glenn,021,27897,397,330,0,330,1
2020-08-05,Humboldt,023,135768,294,249,1,250,4
2020-08-05,Imperial,025,180216,10581,8036,5,8041,163
2020-08-05,Inyo,027,18085,102,62,1,63,1
2020-08-05,Kern,029,883053,26384,21540,147,21687,194
2020-08-05,Kings,031,150075,5152,4192,27,4219,47
2020-08-05,Lake,033,64148,252,209,0,209,1
2020-08-05,Lassen,035,31185,648,557,2,559,0
2020-08-05,Los Angeles,037,10098052,212248,198355,691,199046,4832
2020-08-05,Madera,039,155013,3125,2172,12,2184,19
2020-08-05,Marin,041,260295,5604,5036,10,5046,43
2020-08-05,Mariposa,043,17540,64,52,0,52,2
2020-08-05,Mendocino,045,87422,402,248,0,248,1
2020-08-05,Merced,047,269075,6480,4119,3,4122,30
2020-08-05,Modoc,049,8938,7,3,0,3,0
2020-08-05,Mono,051,14174,159,104,2,106,1
2020-08-05,Monterey,053,433212,6173,4936,18,4954,32
2020-08-05,Napa,055,140530,1240,1020,2,1022,8
2020-08-05,Nevada,057,99092,358,327,13,340,2
2020-08-05,Orange,059,3164182,45448,37907,899,38806,663
2020-08-05,Placer,061,380077,2517,1989,4,1993,18
2020-08-05,Plumas,063,18699,36,25,0,25,0
2020-08-05,Riverside,065,2383286,47347,39454,46,39500,761
2020-08-05,Sacramento,067,1510023,14033,10261,13,10274,151
2020-08-05,San Benito,069,59416,783,613,0,613,2
2020-08-05,San Bernardino,071,2135413,42602,34442,200,34642,504
2020-08-05,San Diego,073,3302833,34080,30866,58,30924,578
2020-08-05,San Francisco,075,870044,7865,6701,7,6708,60
2020-08-05,San Joaquin,077,732212,15657,12148,19,12167,199
2020-08-05,San Luis Obispo,079,281455,2388,1928,13,1941,13
2020-08-05,San Mateo,081,765935,7010,5695,7,5702,116
2020-08-05,Santa Barbara,083,443738,7146,6597,66,6663,63
2020-08-05,Santa Clara,085,1922200,14266,11074,33,11107,176
2020-08-05,Santa Cruz,087,273765,1445,1192,8,1200,4
2020-08-05,Shasta,089,179085,525,338,3,341,9
2020-08-05,Sierra,091,2930,5,3,0,3,0
2020-08-05,Siskiyou,093,43540,105,72,0,72,0
2020-08-05,Solano,095,438530,4597,3750,27,3777,29
2020-08-05,Sonoma,097,501317,4157,3173,8,3181,33
2020-08-05,Stanislaus,099,539301,12649,9408,83,9491,97
2020-08-05,Sutter,101,95872,978,780,1,781,6
2020-08-05,Tehama,103,63373,308,231,2,233,1
2020-08-05,Trinity,105,12862,27,5,6,11,0
2020-08-05,Tulare,107,460477,12153,9924,35,9959,192
2020-08-05,Tuolumne,109,53932,159,137,2,139,0
2020-08-05,Ventura,111,848112,9400,8162,37,8199,75
2020-08-05,Yolo,113,214977,2004,1634,4,1638,36
2020-08-05,Yuba,115,75493,589,400,0,400,1
2020-08-04,Alameda,001,1643700,14609,11983,110,12093,192
2020-08-04,Alpine,003,1148,2,2,0,2,0
2020-08-04,Amador,005,37829,203,123,0,123,0
2020-08-04,Butte,007,227075,1298,1011,15,1026,10
2020-08-04,Calaveras,009,45235,159,116,0,116,1
2020-08-04,Colusa,011,21464,396,354,0,354,3
2020-08-04,Contra Costa,013,1133247,11230,8210,33,8243,122
2020-08-04,Del Norte,015,27424,94,69,0,69,0
2020-08-04,El Dorado,017,186661,844,668,2,670,1
2020-08-04,Fresno,019,978130,22884,16272,213,16485,154
2020-08-04,Glenn,021,27897,396,325,0,325,1
2020-08-04,Humboldt,023,135768,284,241,1,242,4
2020-08-04,Imperial,025,180216,10544,7974,5,7979,163
2020-08-04,Inyo,027,18085,88,59,1,60,1
2020-08-04,Kern,029,883053,26101,21403,147,21550,190
2020-08-04,Kings,031,150075,5087,4163,27,4190,47
2020-08-04,Lake,033,64148,252,206,0,206,1
2020-08-04,Lassen,035,31185,645,556,2,558,0
2020-08-04,Los Angeles,037,10098052,210320,196014,660,196674,4764
2020-08-04,Madera,039,155013,3082,2161,8,2169,19
2020-08-04,Marin,041,260295,5573,5020,9,5029,43
2020-08-04,Mariposa,043,17540,64,51,0,51,2
2020-08-04,Mendocino,045,87422,377,248,0,248,1
2020-08-04,Merced,047,269075,6366,4085,3,4088,30
2020-08-04,Modoc,049,8938,7,3,0,3,0
2020-08-04,Mono,051,14174,158,104,1,105,1
2020-08-04,Monterey,053,433212,6059,4892,18,4910,32
2020-08-04,Napa,055,140530,1227,994,0,994,8
2020-08-04,Nevada,057,99092,357,322,13,335,2
2020-08-04,Orange,059,3164182,45072,37844,893,38737,659
2020-08-04,Placer,061,380077,2480,1964,4,1968,17
2020-08-04,Plumas,063,18699,36,25,0,25,0
2020-08-04,Riverside,065,2383286,46962,38991,45,39036,743
2020-08-04,Sacramento,067,1510023,13815,10205,13,10218,146
2020-08-04,San Benito,069,59416,767,608,0,608,2
2020-08-04,San Bernardino,071,2135413,42052,34215,195,34410,495
2020-08-04,San Diego,073,3302833,33787,30518,46,30564,568
2020-08-04,San Francisco,075,870044,7777,6568,7,6575,60
2020-08-04,San Joaquin,077,732212,15528,12087,16,12103,189
2020-08-04,San Luis Obispo,079,281455,2358,1886,13,1899,13
2020-08-04,San Mateo,081,765935,6904,5690,7,5697,116
2020-08-04,Santa Barbara,083,443738,7086,6591,66,6657,61
2020-08-04,Santa Clara,085,1922200,13965,10986,32,11018,175
2020-08-04,Santa Cruz,087,273765,1426,1202,8,1210,4
2020-08-04,Shasta,089,179085,519,335,3,338,9
2020-08-04,Sierra,091,2930,5,1,0,1,0
2020-08-04,Siskiyou,093,43540,103,71,0,71,0
2020-08-04,Solano,095,438530,4526,3690,27,3717,29
2020-08-04,Sonoma,097,501317,4090,3108,8,3116,33
2020-08-04,Stanislaus,099,539301,12481,9359,75,9434,97
2020-08-04,Sutter,101,95872,964,761,1,762,6
2020-08-04,Tehama,103,63373,301,226,2,228,1
2020-08-04,Trinity,105,12862,27,5,6,11,0
2020-08-04,Tulare,107,460477,11973,9866,35,9901,192
2020-08-04,Tuolumne,109,53932,158,127,2,129,0
2020-08-04,Ventura,111,848112,9286,8134,35,8169,75
2020-08-04,Yolo,113,214977,1978,1626,4,1630,37
2020-08-04,Yuba,115,75493,574,398,0,398,1
2020-08-03,Alameda,001,1643700,14425,11817,106,11923,189
2020-08-03,Alpine,003,1148,2,2,0,2,0
2020-08-03,Amador,005,37829,199,119,0,119,0
2020-08-03,Butte,007,227075,1252,989,14,1003,9
2020-08-03,Calaveras,009,45235,156,117,0,117,1
2020-08-03,Colusa,011,21464,392,336,0,336,2
2020-08-03,Contra Costa,013,1133247,11033,8069,30,8099,120
2020-08-03,Del Norte,015,27424,90,68,0,68,0
2020-08-03,El Dorado,017,186661,833,645,2,647,1
2020-08-03,Fresno,019,978130,22590,15945,207,16152,151
2020-08-03,Glenn,021,27897,389,316,0,316,1
2020-08-03,Humboldt,023,135768,277,234,1,235,4
2020-08-03,Imperial,025,180216,10489,7953,5,7958,161
2020-08-03,Inyo,027,18085,85,57,1,58,1
2020-08-03,Kern,029,883053,25734,21285,140,21425,176
2020-08-03,Kings,031,150075,4975,4107,26,4133,47
2020-08-03,Lake,033,64148,245,201,0,201,1
2020-08-03,Lassen,035,31185,645,555,2,557,0
2020-08-03,Los Angeles,037,10098052,208290,194103,629,194732,4706
2020-08-03,Madera,039,155013,3033,2143,7,2150,18
2020-08-03,Marin,041,260295,5526,5001,9,5010,43
2020-08-03,Mariposa,043,17540,63,52,0,52,2
2020-08-03,Mendocino,045,87422,354,248,0,248,1
2020-08-03,Merced,047,269075,6244,4028,3,4031,29
2020-08-03,Modoc,049,8938,7,2,0,2,0
2020-08-03,Mono,051,14174,158,104,1,105,1
2020-08-03,Monterey,053,433212,5908,4806,15,4821,28
2020-08-03,Napa,055,140530,1213,973,0,973,8
2020-08-03,Nevada,057,99092,352,315,13,328,2
2020-08-03,Orange,059,3164182,44678,37705,883,38588,651
2020-08-03,Placer,061,380077,2425,1947,3,1950,16
2020-08-03,Plumas,063,18699,36,25,0,25,0
2020-08-03,Riverside,065,2383286,46494,38642,45,38687,740
2020-08-03,Sacramento,067,1510023,13620,10143,13,10156,142
2020-08-03,San Benito,069,59416,755,603,0,603,2
2020-08-03,San Bernardino,071,2135413,41525,33979,189,34168,444
2020-08-03,San Diego,073,3302833,33473,30228,36,30264,565
2020-08-03,San Francisco,075,870044,7683,6319,7,6326,60
2020-08-03,San Joaquin,077,732212,15332,12007,15,12022,189
2020-08-03,San Luis Obispo,079,281455,2316,1863,10,1873,14
2020-08-03,San Mateo,081,765935,6823,5661,7,5668,115
2020-08-03,Santa Barbara,083,443738,7042,6580,66,6646,59
2020-08-03,Santa Clara,085,1922200,13689,10747,32,10779,172
2020-08-03,Santa Cruz,087,273765,1406,1154,8,1162,4
2020-08-03,Shasta,089,179085,512,322,3,325,9
2020-08-03,Sierra,091,2930,5,1,0,1,0
2020-08-03,Siskiyou,093,43540,99,67,0,67,0
2020-08-03,Solano,095,438530,4457,3610,26,3636,29
2020-08-03,Sonoma,097,501317,3989,3079,7,3086,33
2020-08-03,Stanislaus,099,539301,12272,9308,67,9375,96
2020-08-03,Sutter,101,95872,940,713,1,714,6
2020-08-03,Tehama,103,63373,293,225,2,227,1
2020-08-03,Trinity,105,12862,27,5,6,11,0
2020-08-03,Tulare,107,460477,11789,9703,35,9738,188
2020-08-03,Tuolumne,109,53932,158,123,2,125,0
2020-08-03,Ventura,111,848112,9195,8084,32,8116,74
2020-08-03,Yolo,113,214977,1943,1598,3,1601,37
2020-08-03,Yuba,115,75493,550,393,0,393,1
2020-08-02,Alameda,001,1643700,14179,11696,94,11790,188
2020-08-02,Alpine,003,1148,2,2,0,2,0
2020-08-02,Amador,005,37829,194,117,0,117,0
2020-08-02,Butte,007,227075,1217,987,14,1001,9
2020-08-02,Calaveras,009,45235,153,116,0,116,1
2020-08-02,Colusa,011,21464,387,335,0,335,2
2020-08-02,Contra Costa,013,1133247,10794,7995,30,8025,118
2020-08-02,Del Norte,015,27424,89,68,0,68,0
2020-08-02,El Dorado,017,186661,823,643,2,645,1
2020-08-02,Fresno,019,978130,22315,15759,201,15960,151
2020-08-02,Glenn,021,27897,388,315,0,315,1
2020-08-02,Humboldt,023,135768,272,232,1,233,4
2020-08-02,Imperial,025,180216,10426,7919,5,7924,157
2020-08-02,Inyo,027,18085,84,45,1,46,1
2020-08-02,Kern,029,883053,25436,21162,138,21300,176
2020-08-02,Kings,031,150075,4913,3964,25,3989,47
2020-08-02,Lake,033,64148,240,201,0,201,1
2020-08-02,Lassen,035,31185,645,555,2,557,0
2020-08-02,Los Angeles,037,10098052,206205,192480,611,193091,4698
2020-08-02,Madera,039,155013,2967,2123,5,2128,18
2020-08-02,Marin,041,260295,5491,4985,9,4994,43
2020-08-02,Mariposa,043,17540,61,52,0,52,2
2020-08-02,Mendocino,045,87422,344,247,0,247,1
2020-08-02,Merced,047,269075,6102,4011,3,4014,29
2020-08-02,Modoc,049,8938,7,2,0,2,0
2020-08-02,Mono,051,14174,151,104,1,105,1
2020-08-02,Monterey,053,433212,5782,4698,15,4713,28
2020-08-02,Napa,055,140530,1198,956,0,956,8
2020-08-02,Nevada,057,99092,349,314,13,327,2
2020-08-02,Orange,059,3164182,44297,37266,872,38138,651
2020-08-02,Placer,061,380077,2386,1920,3,1923,15
2020-08-02,Plumas,063,18699,36,25,0,25,0
2020-08-02,Riverside,065,2383286,46061,38507,44,38551,735
2020-08-02,Sacramento,067,1510023,13341,10099,13,10112,142
2020-08-02,San Benito,069,59416,741,599,0,599,2
2020-08-02,San Bernardino,071,2135413,40923,33643,185,33828,443
2020-08-02,San Diego,073,3302833,33133,29885,27,29912,565
2020-08-02,San Francisco,075,870044,7565,6297,7,6304,60
2020-08-02,San Joaquin,077,732212,15046,11937,13,11950,189
2020-08-02,San Luis Obispo,079,281455,2253,1821,10,1831,14
2020-08-02,San Mateo,081,765935,6708,5618,7,5625,115
2020-08-02,Santa Barbara,083,443738,6952,6532,66,6598,59
2020-08-02,Santa Clara,085,1922200,13471,10577,32,10609,172
2020-08-02,Santa Cruz,087,273765,1386,1162,8,1170,4
2020-08-02,Shasta,089,179085,508,318,3,321,9
2020-08-02,Sierra,091,2930,4,1,0,1,0
2020-08-02,Siskiyou,093,43540,99,65,0,65,0
2020-08-02,Solano,095,438530,4398,3609,26,3635,29
2020-08-02,Sonoma,097,501317,3905,3005,7,3012,33
2020-08-02,Stanislaus,099,539301,12057,9277,62,9339,96
2020-08-02,Sutter,101,95872,905,714,1,715,6
2020-08-02,Tehama,103,63373,287,222,2,224,1
2020-08-02,Trinity,105,12862,27,5,6,11,0
2020-08-02,Tulare,107,460477,11580,9593,35,9628,188
2020-08-02,Tuolumne,109,53932,155,123,2,125,0
2020-08-02,Ventura,111,848112,9048,8014,32,8046,73
2020-08-02,Yolo,113,214977,1918,1588,3,1591,37
2020-08-02,Yuba,115,75493,530,393,0,393,1
2020-08-01,Alameda,001,1643700,14067,11590,94,11684,188
2020-08-01,Alpine,003,1148,2,2,0,2,0
2020-08-01,Amador,005,37829,190,109,0,109,0
2020-08-01,Butte,007,227075,1203,976,14,990,9
2020-08-01,Calaveras,009,45235,149,116,0,116,1
2020-08-01,Colusa,011,21464,386,327,0,327,2
2020-08-01,Contra Costa,013,1133247,10661,7867,29,7896,116
2020-08-01,Del Norte,015,27424,89,68,0,68,0
2020-08-01,El Dorado,017,186661,820,637,2,639,1
2020-08-01,Fresno,019,978130,22178,15448,201,15649,149
2020-08-01,Glenn,021,27897,387,311,0,311,1
2020-08-01,Humboldt,023,135768,271,232,1,233,4
2020-08-01,Imperial,025,180216,10390,7919,5,7924,156
2020-08-01,Inyo,027,18085,82,45,1,46,1
2020-08-01,Kern,029,883053,25278,20796,134,20930,176
2020-08-01,Kings,031,150075,4887,3948,25,3973,47
2020-08-01,Lake,033,64148,238,194,0,194,1
2020-08-01,Lassen,035,31185,644,555,2,557,0
2020-08-01,Los Angeles,037,10098052,205312,191023,584,191607,4674
2020-08-01,Madera,039,155013,2928,2103,5,2108,18
2020-08-01,Marin,041,260295,5476,4945,9,4954,43
2020-08-01,Mariposa,043,17540,61,50,0,50,2
2020-08-01,Mendocino,045,87422,337,243,0,243,1
2020-08-01,Merced,047,269075,6054,3972,3,3975,29
2020-08-01,Modoc,049,8938,7,2,0,2,0
2020-08-01,Mono,051,14174,150,104,1,105,1
2020-08-01,Monterey,053,433212,5715,4611,14,4625,28
2020-08-01,Napa,055,140530,1189,923,0,923,8
2020-08-01,Nevada,057,99092,345,305,13,318,2
2020-08-01,Orange,059,3164182,44070,36703,866,37569,648
2020-08-01,Placer,061,380077,2352,1891,3,1894,14
2020-08-01,Plumas,063,18699,35,25,0,25,0
2020-08-01,Riverside,065,2383286,45849,38216,42,38258,704
2020-08-01,Sacramento,067,1510023,13190,10044,13,10057,141
2020-08-01,San Benito,069,59416,730,579,0,579,2
2020-08-01,San Bernardino,071,2135413,40687,32947,184,33131,440
2020-08-01,San Diego,073,3302833,32916,29579,19,29598,565
2020-08-01,San Francisco,075,870044,7503,6296,7,6303,60
2020-08-01,San Joaquin,077,732212,14973,11807,12,11819,189
2020-08-01,San Luis Obispo,079,281455,2224,1798,10,1808,13
2020-08-01,San Mateo,081,765935,6654,5520,7,5527,115
2020-08-01,Santa Barbara,083,443738,6912,6465,66,6531,59
2020-08-01,Santa Clara,085,1922200,13320,10281,31,10312,171
2020-08-01,Santa Cruz,087,273765,1370,1164,8,1172,4
2020-08-01,Shasta,089,179085,503,312,3,315,9
2020-08-01,Sierra,091,2930,3,1,0,1,0
2020-08-01,Siskiyou,093,43540,99,64,0,64,0
2020-08-01,Solano,095,438530,4364,3591,25,3616,29
2020-08-01,Sonoma,097,501317,3859,2890,7,2897,29
2020-08-01,Stanislaus,099,539301,11939,9221,54,9275,96
2020-08-01,Sutter,101,95872,901,714,1,715,6
2020-08-01,Tehama,103,63373,284,220,2,222,1
2020-08-01,Trinity,105,12862,27,5,6,11,0
2020-08-01,Tulare,107,460477,11512,9520,35,9555,188
2020-08-01,Tuolumne,109,53932,155,123,2,125,0
2020-08-01,Ventura,111,848112,9002,7819,32,7851,73
2020-08-01,Yolo,113,214977,1908,1557,3,1560,37
2020-08-01,Yuba,115,75493,525,387,0,387,1
2020-07-31,Alameda,001,1643700,13936,11441,94,11535,187
2020-07-31,Alpine,003,1148,2,2,0,2,0
2020-07-31,Amador,005,37829,189,98,0,98,0
2020-07-31,Butte,007,227075,1180,925,14,939,7
2020-07-31,Calaveras,009,45235,149,112,0,112,1
2020-07-31,Colusa,011,21464,376,319,0,319,2
2020-07-31,Contra Costa,013,1133247,10513,7697,28,7725,113
2020-07-31,Del Norte,015,27424,88,68,0,68,0
2020-07-31,El Dorado,017,186661,809,616,2,618,1
2020-07-31,Fresno,019,978130,21958,15083,201,15284,133
2020-07-31,Glenn,021,27897,380,304,0,304,1
2020-07-31,Humboldt,023,135768,264,229,1,230,4
2020-07-31,Imperial,025,180216,10358,7886,5,7891,155
2020-07-31,Inyo,027,18085,72,45,1,46,1
2020-07-31,Kern,029,883053,25037,20061,130,20191,173
2020-07-31,Kings,031,150075,4859,3807,25,3832,45
2020-07-31,Lake,033,64148,237,191,0,191,1
2020-07-31,Lassen,035,31185,639,544,2,546,0
2020-07-31,Los Angeles,037,10098052,203712,188688,571,189259,4628
2020-07-31,Madera,039,155013,2881,2036,5,2041,19
2020-07-31,Marin,041,260295,5432,4885,6,4891,43
2020-07-31,Mariposa,043,17540,61,49,0,49,2
2020-07-31,Mendocino,045,87422,322,232,0,232,1
2020-07-31,Merced,047,269075,5971,3789,3,3792,30
2020-07-31,Modoc,049,8938,6,0,0,0,0
2020-07-31,Mono,051,14174,149,104,1,105,1
2020-07-31,Monterey,053,433212,5623,4493,14,4507,24
2020-07-31,Napa,055,140530,1177,897,0,897,7
2020-07-31,Nevada,057,99092,343,302,13,315,2
2020-07-31,Orange,059,3164182,43771,36196,850,37046,620
2020-07-31,Placer,061,380077,2327,1853,3,1856,14
2020-07-31,Plumas,063,18699,34,25,0,25,0
2020-07-31,Riverside,065,2383286,45459,37612,41,37653,694
2020-07-31,Sacramento,067,1510023,13012,9872,13,9885,132
2020-07-31,San Benito,069,59416,722,567,0,567,2
2020-07-31,San Bernardino,071,2135413,40357,32332,183,32515,434
2020-07-31,San Diego,073,3302833,32682,29050,11,29061,561
2020-07-31,San Francisco,075,870044,7404,6126,7,6133,60
2020-07-31,San Joaquin,077,732212,14833,11561,12,11573,177
2020-07-31,San Luis Obispo,079,281455,2155,1746,10,1756,12
2020-07-31,San Mateo,081,765935,6582,5416,7,5423,115
2020-07-31,Santa Barbara,083,443738,6845,6375,66,6441,58
2020-07-31,Santa Clara,085,1922200,13099,9863,31,9894,171
2020-07-31,Santa Cruz,087,273765,1347,1118,8,1126,4
2020-07-31,Shasta,089,179085,493,305,3,308,9
2020-07-31,Sierra,091,2930,3,1,0,1,0
2020-07-31,Siskiyou,093,43540,97,61,0,61,0
2020-07-31,Solano,095,438530,4317,3510,24,3534,29
2020-07-31,Sonoma,097,501317,3801,2745,7,2752,27
2020-07-31,Stanislaus,099,539301,11832,9061,49,9110,94
2020-07-31,Sutter,101,95872,896,714,1,715,6
2020-07-31,Tehama,103,63373,281,213,2,215,1
2020-07-31,Trinity,105,12862,27,5,6,11,0
2020-07-31,Tulare,107,460477,11391,9365,35,9400,184
2020-07-31,Tuolumne,109,53932,155,120,2,122,0
2020-07-31,Ventura,111,848112,8927,7521,32,7553,71
2020-07-31,Yolo,113,214977,1882,1522,3,1525,38
2020-07-31,Yuba,115,75493,516,369,0,369,1
2020-07-30,Alameda,001,1643700,13733,11303,54,11357,185
2020-07-30,Alpine,003,1148,2,2,0,2,0
2020-07-30,Amador,005,37829,171,97,0,97,0
2020-07-30,Butte,007,227075,1164,915,14,929,7
2020-07-30,Calaveras,009,45235,145,111,0,111,1
2020-07-30,Colusa,011,21464,373,315,0,315,2
2020-07-30,Contra Costa,013,1133247,10328,7615,27,7642,112
2020-07-30,Del Norte,015,27424,88,68,0,68,0
2020-07-30,El Dorado,017,186661,802,608,2,610,1
2020-07-30,Fresno,019,978130,21622,14793,195,14988,133
2020-07-30,Glenn,021,27897,373,297,0,297,1
2020-07-30,Humboldt,023,135768,262,228,1,229,4
2020-07-30,Imperial,025,180216,10299,7849,5,7854,151
2020-07-30,Inyo,027,18085,68,44,1,45,1
2020-07-30,Kern,029,883053,24744,19552,126,19678,171
2020-07-30,Kings,031,150075,4755,3785,25,3810,43
2020-07-30,Lake,033,64148,231,181,0,181,1
2020-07-30,Lassen,035,31185,636,544,2,546,0
2020-07-30,Los Angeles,037,10098052,201683,186177,539,186716,4564
2020-07-30,Madera,039,155013,2811,2007,5,2012,18
2020-07-30,Marin,041,260295,5390,4835,5,4840,39
2020-07-30,Mariposa,043,17540,61,49,0,49,1
2020-07-30,Mendocino,045,87422,315,232,0,232,1
2020-07-30,Merced,047,269075,5806,3695,3,3698,30
2020-07-30,Modoc,049,8938,6,0,0,0,0
2020-07-30,Mono,051,14174,148,104,1,105,1
2020-07-30,Monterey,053,433212,5511,4352,14,4366,24
2020-07-30,Napa,055,140530,1160,874,0,874,7
2020-07-30,Nevada,057,99092,338,292,13,305,2
2020-07-30,Orange,059,3164182,43356,36105,825,36930,607
2020-07-30,Placer,061,380077,2276,1821,3,1824,14
2020-07-30,Plumas,063,18699,33,25,0,25,0
2020-07-30,Riverside,065,2383286,44918,37308,41,37349,685
2020-07-30,Sacramento,067,1510023,12793,9704,13,9717,126
2020-07-30,San Benito,069,59416,709,558,0,558,2
2020-07-30,San Bernardino,071,2135413,39834,32010,183,32193,427
2020-07-30,San Diego,073,3302833,32335,28670,9,28679,558
2020-07-30,San Francisco,075,870044,7304,6107,7,6114,59
2020-07-30,San Joaquin,077,732212,14639,11435,12,11447,161
2020-07-30,San Luis Obispo,079,281455,2119,1703,10,1713,12
2020-07-30,San Mateo,081,765935,6487,5369,7,5376,115
2020-07-30,Santa Barbara,083,443738,6765,6273,66,6339,52
2020-07-30,Santa Clara,085,1922200,12863,9708,30,9738,170
2020-07-30,Santa Cruz,087,273765,1319,1087,8,1095,4
2020-07-30,Shasta,089,179085,489,306,3,309,8
2020-07-30,Sierra,091,2930,3,1,0,1,0
2020-07-30,Siskiyou,093,43540,96,60,0,60,0
2020-07-30,Solano,095,438530,4266,3463,24,3487,29
2020-07-30,Sonoma,097,501317,3729,2684,7,2691,25
2020-07-30,Stanislaus,099,539301,11619,8890,41,8931,94
2020-07-30,Sutter,101,95872,877,698,1,699,6
2020-07-30,Tehama,103,63373,278,208,2,210,1
2020-07-30,Trinity,105,12862,26,4,6,10,0
2020-07-30,Tulare,107,460477,11262,9167,35,9202,177
2020-07-30,Tuolumne,109,53932,154,119,2,121,0
2020-07-30,Ventura,111,848112,8815,7304,30,7334,69
2020-07-30,Yolo,113,214977,1862,1511,3,1514,37
2020-07-30,Yuba,115,75493,503,362,0,362,1
2020-07-29,Alameda,001,1643700,13514,11177,49,11226,180
2020-07-29,Alpine,003,1148,2,2,0,2,0
2020-07-29,Amador,005,37829,163,80,0,80,0
2020-07-29,Butte,007,227075,1138,889,12,901,7
2020-07-29,Calaveras,009,45235,139,107,0,107,1
2020-07-29,Colusa,011,21464,369,302,0,302,2
2020-07-29,Contra Costa,013,1133247,10124,7520,27,7547,108
2020-07-29,Del Norte,015,27424,88,68,0,68,0
2020-07-29,El Dorado,017,186661,792,588,2,590,1
2020-07-29,Fresno,019,978130,21330,14312,195,14507,125
2020-07-29,Glenn,021,27897,366,294,0,294,1
2020-07-29,Humboldt,023,135768,259,221,1,222,4
2020-07-29,Imperial,025,180216,10251,7825,5,7830,147
2020-07-29,Inyo,027,18085,63,44,1,45,1
2020-07-29,Kern,029,883053,24406,19073,123,19196,162
2020-07-29,Kings,031,150075,4707,3755,25,3780,43
2020-07-29,Lake,033,64148,229,179,0,179,1
2020-07-29,Lassen,035,31185,621,513,2,515,0
2020-07-29,Los Angeles,037,10098052,199658,183600,522,184122,4523
2020-07-29,Madera,039,155013,2757,1941,5,1946,18
2020-07-29,Marin,041,260295,5352,4747,5,4752,34
2020-07-29,Mariposa,043,17540,60,47,0,47,1
2020-07-29,Mendocino,045,87422,307,228,0,228,0
2020-07-29,Merced,047,269075,5666,3605,3,3608,25
2020-07-29,Modoc,049,8938,5,0,0,0,0
2020-07-29,Mono,051,14174,145,102,1,103,1
2020-07-29,Monterey,053,433212,5411,4252,14,4266,24
2020-07-29,Napa,055,140530,1132,866,0,866,7
2020-07-29,Nevada,057,99092,334,288,13,301,1
2020-07-29,Orange,059,3164182,42922,35339,813,36152,589
2020-07-29,Placer,061,380077,2244,1798,3,1801,14
2020-07-29,Plumas,063,18699,33,25,0,25,0
2020-07-29,Riverside,065,2383286,44326,36968,41,37009,678
2020-07-29,Sacramento,067,1510023,12547,9538,13,9551,122
2020-07-29,San Benito,069,59416,694,537,0,537,2
2020-07-29,San Bernardino,071,2135413,39345,31168,172,31340,417
2020-07-29,San Diego,073,3302833,32010,28289,8,28297,552
2020-07-29,San Francisco,075,870044,7210,6041,7,6048,56
2020-07-29,San Joaquin,077,732212,14391,11249,9,11258,154
2020-07-29,San Luis Obispo,079,281455,2098,1673,10,1683,11
2020-07-29,San Mateo,081,765935,6399,5305,7,5312,114
2020-07-29,Santa Barbara,083,443738,6698,6215,66,6281,31
2020-07-29,Santa Clara,085,1922200,12656,9567,30,9597,165
2020-07-29,Santa Cruz,087,273765,1295,1051,8,1059,4
2020-07-29,Shasta,089,179085,477,297,3,300,8
2020-07-29,Sierra,091,2930,2,1,0,1,0
2020-07-29,Siskiyou,093,43540,94,58,0,58,0
2020-07-29,Solano,095,438530,4212,3380,24,3404,29
2020-07-29,Sonoma,097,501317,3652,2598,7,2605,26
2020-07-29,Stanislaus,099,539301,11398,8745,35,8780,94
2020-07-29,Sutter,101,95872,849,678,1,679,6
2020-07-29,Tehama,103,63373,274,206,2,208,1
2020-07-29,Trinity,105,12862,26,4,6,10,0
2020-07-29,Tulare,107,460477,11091,9028,35,9063,156
2020-07-29,Tuolumne,109,53932,154,118,2,120,0
2020-07-29,Ventura,111,848112,8710,7161,30,7191,68
2020-07-29,Yolo,113,214977,1836,1488,3,1491,36
2020-07-29,Yuba,115,75493,487,350,0,350,1
2020-07-28,Alameda,001,1643700,13285,10875,48,10923,180
2020-07-28,Alpine,003,1148,2,2,0,2,0
2020-07-28,Amador,005,37829,153,77,0,77,0
2020-07-28,Butte,007,227075,1103,857,12,869,7
2020-07-28,Calaveras,009,45235,138,105,0,105,1
2020-07-28,Colusa,011,21464,363,290,0,290,2
2020-07-28,Contra Costa,013,1133247,9902,7426,27,7453,107
2020-07-28,Del Norte,015,27424,87,68,0,68,0
2020-07-28,El Dorado,017,186661,777,558,2,560,1
2020-07-28,Fresno,019,978130,20994,13933,189,14122,125
2020-07-28,Glenn,021,27897,364,289,0,289,1
2020-07-28,Humboldt,023,135768,258,218,1,219,4
2020-07-28,Imperial,025,180216,10215,7804,5,7809,145
2020-07-28,Inyo,027,18085,61,43,1,44,1
2020-07-28,Kern,029,883053,24043,18834,117,18951,155
2020-07-28,Kings,031,150075,4661,3721,25,3746,41
2020-07-28,Lake,033,64148,225,179,0,179,1
2020-07-28,Lassen,035,31185,615,508,2,510,0
2020-07-28,Los Angeles,037,10098052,197429,179107,499,179606,4435
2020-07-28,Madera,039,155013,2691,1889,5,1894,18
2020-07-28,Marin,041,260295,5283,4698,5,4703,23
2020-07-28,Mariposa,043,17540,58,45,0,45,1
2020-07-28,Mendocino,045,87422,296,222,0,222,0
2020-07-28,Merced,047,269075,5521,3446,3,3449,23
2020-07-28,Modoc,049,8938,4,0,0,0,0
2020-07-28,Mono,051,14174,144,102,1,103,1
2020-07-28,Monterey,053,433212,5291,4047,14,4061,22
2020-07-28,Napa,055,140530,1110,824,0,824,6
2020-07-28,Nevada,057,99092,329,278,13,291,1
2020-07-28,Orange,059,3164182,42464,34832,800,35632,582
2020-07-28,Placer,061,380077,2209,1759,3,1762,14
2020-07-28,Plumas,063,18699,33,22,0,22,0
2020-07-28,Riverside,065,2383286,43724,36458,41,36499,668
2020-07-28,Sacramento,067,1510023,12288,9429,12,9441,117
2020-07-28,San Benito,069,59416,684,503,0,503,2
2020-07-28,San Bernardino,071,2135413,38821,30493,168,30661,412
2020-07-28,San Diego,073,3302833,31660,28007,6,28013,547
2020-07-28,San Francisco,075,870044,7097,5888,7,5895,56
2020-07-28,San Joaquin,077,732212,14108,10958,7,10965,141
2020-07-28,San Luis Obispo,079,281455,2065,1636,10,1646,9
2020-07-28,San Mateo,081,765935,6325,5171,7,5178,114
2020-07-28,Santa Barbara,083,443738,6635,6110,64,6174,31
2020-07-28,Santa Clara,085,1922200,12422,9307,30,9337,165
2020-07-28,Santa Cruz,087,273765,1268,1018,8,1026,4
2020-07-28,Shasta,089,179085,465,275,3,278,8
2020-07-28,Sierra,091,2930,2,1,0,1,0
2020-07-28,Siskiyou,093,43540,90,57,0,57,0
2020-07-28,Solano,095,438530,4165,3292,23,3315,29
2020-07-28,Sonoma,097,501317,3578,2553,7,2560,20
2020-07-28,Stanislaus,099,539301,11176,8492,27,8519,92
2020-07-28,Sutter,101,95872,812,653,0,653,2
2020-07-28,Tehama,103,63373,269,199,2,201,1
2020-07-28,Trinity,105,12862,26,3,6,9,0
2020-07-28,Tulare,107,460477,10904,8787,35,8822,96
2020-07-28,Tuolumne,109,53932,153,116,2,118,0
2020-07-28,Ventura,111,848112,8584,7045,29,7074,68
2020-07-28,Yolo,113,214977,1808,1459,3,1462,36
2020-07-28,Yuba,115,75493,470,333,0,333,1
2020-07-27,Alameda,001,1643700,13058,10645,45,10690,176
2020-07-27,Alpine,003,1148,2,2,0,2,0
2020-07-27,Amador,005,37829,148,72,0,72,0
2020-07-27,Butte,007,227075,1076,843,12,855,7
2020-07-27,Calaveras,009,45235,134,103,0,103,1
2020-07-27,Colusa,011,21464,356,271,0,271,2
2020-07-27,Contra Costa,013,1133247,9680,7256,27,7283,104
2020-07-27,Del Norte,015,27424,86,67,0,67,0
2020-07-27,El Dorado,017,186661,765,548,2,550,1
2020-07-27,Fresno,019,978130,20646,13485,183,13668,117
2020-07-27,Glenn,021,27897,362,277,0,277,1
2020-07-27,Humboldt,023,135768,253,218,1,219,4
2020-07-27,Imperial,025,180216,10165,7789,5,7794,144
2020-07-27,Inyo,027,18085,61,43,1,44,1
2020-07-27,Kern,029,883053,23541,17994,111,18105,148
2020-07-27,Kings,031,150075,4412,3685,25,3710,39
2020-07-27,Lake,033,64148,221,176,0,176,1
2020-07-27,Lassen,035,31185,615,503,2,505,0
2020-07-27,Los Angeles,037,10098052,195008,176351,481,176832,4379
2020-07-27,Madera,039,155013,2626,1793,5,1798,17
2020-07-27,Marin,041,260295,5195,4669,5,4674,22
2020-07-27,Mariposa,043,17540,58,43,0,43,1
2020-07-27,Mendocino,045,87422,282,209,0,209,0
2020-07-27,Merced,047,269075,5381,3292,3,3295,23
2020-07-27,Modoc,049,8938,3,0,0,0,0
2020-07-27,Mono,051,14174,140,99,1,100,1
2020-07-27,Monterey,053,433212,5102,3960,14,3974,21
2020-07-27,Napa,055,140530,1095,769,0,769,6
2020-07-27,Nevada,057,99092,325,268,13,281,1
2020-07-27,Orange,059,3164182,42024,34649,784,35433,566
2020-07-27,Placer,061,380077,2159,1679,3,1682,12
2020-07-27,Plumas,063,18699,33,22,0,22,0
2020-07-27,Riverside,065,2383286,43044,35822,41,35863,667
2020-07-27,Sacramento,067,1510023,11995,9091,12,9103,114
2020-07-27,San Benito,069,59416,669,498,0,498,2
2020-07-27,San Bernardino,071,2135413,38229,29928,158,30086,401
2020-07-27,San Diego,073,3302833,31286,27509,5,27514,533
2020-07-27,San Francisco,075,870044,7010,5825,7,5832,55
2020-07-27,San Joaquin,077,732212,13819,10728,7,10735,129
2020-07-27,San Luis Obispo,079,281455,2020,1612,10,1622,9
2020-07-27,San Mateo,081,765935,6216,5108,7,5115,113
2020-07-27,Santa Barbara,083,443738,6556,6026,62,6088,30
2020-07-27,Santa Clara,085,1922200,12153,9157,29,9186,166
2020-07-27,Santa Cruz,087,273765,1244,984,8,992,4
2020-07-27,Shasta,089,179085,458,275,3,278,8
2020-07-27,Sierra,091,2930,2,1,0,1,0
2020-07-27,Siskiyou,093,43540,88,54,0,54,0
2020-07-27,Solano,095,438530,4098,3198,22,3220,29
2020-07-27,Sonoma,097,501317,3487,2504,7,2511,20
2020-07-27,Stanislaus,099,539301,10950,8288,19,8307,84
2020-07-27,Sutter,101,95872,786,620,0,620,2
2020-07-27,Tehama,103,63373,261,192,2,194,1
2020-07-27,Trinity,105,12862,26,3,6,9,0
2020-07-27,Tulare,107,460477,10686,8462,35,8497,172
2020-07-27,Tuolumne,109,53932,150,115,2,117,0
2020-07-27,Ventura,111,848112,8456,6998,28,7026,68
2020-07-27,Yolo,113,214977,1763,1439,3,1442,33
2020-07-27,Yuba,115,75493,450,328,0,328,1
2020-07-26,Alameda,001,1643700,12820,10489,44,10533,176
2020-07-26,Alpine,003,1148,2,2,0,2,0
2020-07-26,Amador,005,37829,142,67,0,67,0
2020-07-26,Butte,007,227075,1039,822,12,834,5
2020-07-26,Calaveras,009,45235,131,103,0,103,1
2020-07-26,Colusa,011,21464,347,270,0,270,2
2020-07-26,Contra Costa,013,1133247,9443,7095,27,7122,104
2020-07-26,Del Norte,015,27424,84,67,0,67,0
2020-07-26,El Dorado,017,186661,747,539,2,541,1
2020-07-26,Fresno,019,978130,20255,13209,175,13384,117
2020-07-26,Glenn,021,27897,354,265,0,265,1
2020-07-26,Humboldt,023,135768,247,214,1,215,4
2020-07-26,Imperial,025,180216,10092,7781,5,7786,144
2020-07-26,Inyo,027,18085,56,43,1,44,1
2020-07-26,Kern,029,883053,23016,17394,108,17502,148
2020-07-26,Kings,031,150075,4353,3591,25,3616,39
2020-07-26,Lake,033,64148,213,174,0,174,1
2020-07-26,Lassen,035,31185,574,503,2,505,0
2020-07-26,Los Angeles,037,10098052,192441,174322,463,174785,4364
2020-07-26,Madera,039,155013,2539,1744,5,1749,17
2020-07-26,Marin,041,260295,5149,4595,5,4600,22
2020-07-26,Mariposa,043,17540,56,43,0,43,1
2020-07-26,Mendocino,045,87422,273,206,0,206,0
2020-07-26,Merced,047,269075,5201,3251,2,3253,23
2020-07-26,Modoc,049,8938,3,0,0,0,0
2020-07-26,Mono,051,14174,136,82,1,83,1
2020-07-26,Monterey,053,433212,4936,3901,14,3915,21
2020-07-26,Napa,055,140530,1076,769,0,769,6
2020-07-26,Nevada,057,99092,322,261,13,274,1
2020-07-26,Orange,059,3164182,41499,34352,752,35104,564
2020-07-26,Placer,061,380077,2095,1628,3,1631,12
2020-07-26,Plumas,063,18699,33,22,0,22,0
2020-07-26,Riverside,065,2383286,42483,35636,41,35677,665
2020-07-26,Sacramento,067,1510023,11690,8972,12,8984,114
2020-07-26,San Benito,069,59416,657,495,0,495,2
2020-07-26,San Bernardino,071,2135413,37590,29545,149,29694,400
2020-07-26,San Diego,073,3302833,30890,26986,4,26990,533
2020-07-26,San Francisco,075,870044,6902,5823,7,5830,55
2020-07-26,San Joaquin,077,732212,13526,10637,7,10644,129
2020-07-26,San Luis Obispo,079,281455,1977,1565,10,1575,8
2020-07-26,San Mateo,081,765935,6110,5078,7,5085,113
2020-07-26,Santa Barbara,083,443738,6455,5939,62,6001,30
2020-07-26,Santa Clara,085,1922200,11924,8986,29,9015,166
2020-07-26,Santa Cruz,087,273765,1217,970,8,978,4
2020-07-26,Shasta,089,179085,451,265,3,268,8
2020-07-26,Sierra,091,2930,2,1,0,1,0
2020-07-26,Siskiyou,093,43540,86,54,0,54,0
2020-07-26,Solano,095,438530,4018,3197,20,3217,29
2020-07-26,Sonoma,097,501317,3398,2503,6,2509,20
2020-07-26,Stanislaus,099,539301,10689,8228,18,8246,84
2020-07-26,Sutter,101,95872,772,612,0,612,2
2020-07-26,Tehama,103,63373,254,175,2,177,1
2020-07-26,Trinity,105,12862,26,3,6,9,0
2020-07-26,Tulare,107,460477,10480,8392,35,8427,172
2020-07-26,Tuolumne,109,53932,145,113,2,115,0
2020-07-26,Ventura,111,848112,8249,6844,28,6872,67
2020-07-26,Yolo,113,214977,1732,1408,3,1411,33
2020-07-26,Yuba,115,75493,431,313,0,313,1
2020-07-25,Alameda,001,1643700,12723,10361,42,10403,176
2020-07-25,Alpine,003,1148,2,2,0,2,0
2020-07-25,Amador,005,37829,139,67,0,67,0
2020-07-25,Butte,007,227075,1030,810,12,822,5
2020-07-25,Calaveras,009,45235,127,103,0,103,1
2020-07-25,Colusa,011,21464,340,265,0,265,2
2020-07-25,Contra Costa,013,1133247,9298,6920,27,6947,104
2020-07-25,Del Norte,015,27424,84,67,0,67,0
2020-07-25,El Dorado,017,186661,736,528,2,530,1
2020-07-25,Fresno,019,978130,20069,12866,175,13041,117
2020-07-25,Glenn,021,27897,352,260,0,260,1
2020-07-25,Humboldt,023,135768,244,212,1,213,4
2020-07-25,Imperial,025,180216,10066,7727,5,7732,144
2020-07-25,Inyo,027,18085,55,43,1,44,1
2020-07-25,Kern,029,883053,22798,16910,107,17017,148
2020-07-25,Kings,031,150075,4336,3516,25,3541,39
2020-07-25,Lake,033,64148,211,173,0,173,1
2020-07-25,Lassen,035,31185,574,503,2,505,0
2020-07-25,Los Angeles,037,10098052,191311,172611,456,173067,4357
2020-07-25,Madera,039,155013,2507,1724,5,1729,17
2020-07-25,Marin,041,260295,5133,4562,5,4567,22
2020-07-25,Mariposa,043,17540,55,43,0,43,1
2020-07-25,Mendocino,045,87422,267,190,0,190,0
2020-07-25,Merced,047,269075,5122,3176,2,3178,23
2020-07-25,Modoc,049,8938,3,0,0,0,0
2020-07-25,Mono,051,14174,136,82,1,83,1
2020-07-25,Monterey,053,433212,4859,3805,14,3819,21
2020-07-25,Napa,055,140530,1063,746,0,746,6
2020-07-25,Nevada,057,99092,320,257,13,270,1
2020-07-25,Orange,059,3164182,41280,33978,731,34709,561
2020-07-25,Placer,061,380077,2079,1596,3,1599,12
2020-07-25,Plumas,063,18699,33,22,0,22,0
2020-07-25,Riverside,065,2383286,42214,34921,41,34962,655
2020-07-25,Sacramento,067,1510023,11544,8674,12,8686,113
2020-07-25,San Benito,069,59416,641,492,0,492,2
2020-07-25,San Bernardino,071,2135413,37312,29265,146,29411,394
2020-07-25,San Diego,073,3302833,30629,26703,3,26706,533
2020-07-25,San Francisco,075,870044,6844,5644,7,5651,55
2020-07-25,San Joaquin,077,732212,13400,10347,6,10353,129
2020-07-25,San Luis Obispo,079,281455,1957,1530,9,1539,8
2020-07-25,San Mateo,081,765935,6047,5023,7,5030,113
2020-07-25,Santa Barbara,083,443738,6420,5880,62,5942,30
2020-07-25,Santa Clara,085,1922200,11790,8767,29,8796,166
2020-07-25,Santa Cruz,087,273765,1200,939,8,947,4
2020-07-25,Shasta,089,179085,446,263,1,264,8
2020-07-25,Sierra,091,2930,2,1,0,1,0
2020-07-25,Siskiyou,093,43540,84,54,0,54,0
2020-07-25,Solano,095,438530,3978,3107,18,3125,29
2020-07-25,Sonoma,097,501317,3359,2412,6,2418,20
2020-07-25,Stanislaus,099,539301,10586,7994,15,8009,84
2020-07-25,Sutter,101,95872,753,603,0,603,2
2020-07-25,Tehama,103,63373,253,169,2,171,1
2020-07-25,Trinity,105,12862,26,3,6,9,0
2020-07-25,Tulare,107,460477,10380,8310,35,8345,172
2020-07-25,Tuolumne,109,53932,144,99,2,101,0
2020-07-25,Ventura,111,848112,8176,6662,28,6690,62
2020-07-25,Yolo,113,214977,1717,1357,3,1360,35
2020-07-25,Yuba,115,75493,425,312,0,312,1
2020-07-24,Alameda,001,1643700,12581,10216,39,10255,176
2020-07-24,Alpine,003,1148,2,2,0,2,0
2020-07-24,Amador,005,37829,137,66,0,66,0
2020-07-24,Butte,007,227075,1018,751,12,763,5
2020-07-24,Calaveras,009,45235,123,102,0,102,0
2020-07-24,Colusa,011,21464,337,255,0,255,2
2020-07-24,Contra Costa,013,1133247,9152,6814,27,6841,100
2020-07-24,Del Norte,015,27424,84,66,0,66,0
2020-07-24,El Dorado,017,186661,714,516,2,518,1
2020-07-24,Fresno,019,978130,19843,12564,175,12739,115
2020-07-24,Glenn,021,27897,349,251,0,251,1
2020-07-24,Humboldt,023,135768,241,210,1,211,4
2020-07-24,Imperial,025,180216,10044,7686,5,7691,141
2020-07-24,Inyo,027,18085,55,41,1,42,1
2020-07-24,Kern,029,883053,22557,16124,107,16231,143
2020-07-24,Kings,031,150075,4306,3471,25,3496,39
2020-07-24,Lake,033,64148,209,167,0,167,1
2020-07-24,Lassen,035,31185,574,503,2,505,0
2020-07-24,Los Angeles,037,10098052,189292,169078,445,169523,4302
2020-07-24,Madera,039,155013,2474,1679,5,1684,16
2020-07-24,Marin,041,260295,5106,4517,5,4522,22
2020-07-24,Mariposa,043,17540,55,41,0,41,1
2020-07-24,Mendocino,045,87422,260,188,0,188,0
2020-07-24,Merced,047,269075,5037,3100,2,3102,23
2020-07-24,Modoc,049,8938,3,0,0,0,0
2020-07-24,Mono,051,14174,135,82,1,83,1
2020-07-24,Monterey,053,433212,4787,3748,14,3762,21
2020-07-24,Napa,055,140530,1050,741,0,741,6
2020-07-24,Nevada,057,99092,317,255,13,268,1
2020-07-24,Orange,059,3164182,40993,33530,715,34245,557
2020-07-24,Placer,061,380077,2048,1551,3,1554,12
2020-07-24,Plumas,063,18699,33,22,0,22,0
2020-07-24,Riverside,065,2383286,41791,34513,40,34553,631
2020-07-24,Sacramento,067,1510023,11356,8570,12,8582,110
2020-07-24,San Benito,069,59416,634,485,0,485,2
2020-07-24,San Bernardino,071,2135413,36939,28990,141,29131,386
2020-07-24,San Diego,073,3302833,30329,26100,3,26103,524
2020-07-24,San Francisco,075,870044,6750,5611,7,5618,55
2020-07-24,San Joaquin,077,732212,13251,10190,6,10196,118
2020-07-24,San Luis Obispo,079,281455,1933,1476,9,1485,8
2020-07-24,San Mateo,081,765935,5984,4954,7,4961,112
2020-07-24,Santa Barbara,083,443738,6367,5776,60,5836,30
2020-07-24,Santa Clara,085,1922200,11625,8658,29,8687,165
2020-07-24,Santa Cruz,087,273765,1180,930,8,938,4
2020-07-24,Shasta,089,179085,438,262,1,263,8
2020-07-24,Sierra,091,2930,2,1,0,1,0
2020-07-24,Siskiyou,093,43540,84,53,0,53,0
2020-07-24,Solano,095,438530,3942,3062,15,3077,29
2020-07-24,Sonoma,097,501317,3307,2345,6,2351,20
2020-07-24,Stanislaus,099,539301,10414,7861,12,7873,82
2020-07-24,Sutter,101,95872,742,593,0,593,2
2020-07-24,Tehama,103,63373,245,170,2,172,1
2020-07-24,Trinity,105,12862,25,3,6,9,0
2020-07-24,Tulare,107,460477,10286,8167,33,8200,167
2020-07-24,Tuolumne,109,53932,138,99,2,101,0
2020-07-24,Ventura,111,848112,8091,6553,28,6581,60
2020-07-24,Yolo,113,214977,1703,1329,3,1332,35
2020-07-24,Yuba,115,75493,410,307,0,307,1
2020-07-23,Alameda,001,1643700,12340,9924,39,9963,171
2020-07-23,Alpine,003,1148,2,2,0,2,0
2020-07-23,Amador,005,37829,120,61,0,61,0
2020-07-23,Butte,007,227075,1003,726,11,737,5
2020-07-23,Calaveras,009,45235,116,102,0,102,0
2020-07-23,Colusa,011,21464,329,242,0,242,2
2020-07-23,Contra Costa,013,1133247,8952,6619,25,6644,98
2020-07-23,Del Norte,015,27424,84,66,0,66,0
2020-07-23,El Dorado,017,186661,703,491,2,493,1
2020-07-23,Fresno,019,978130,19487,12164,172,12336,112
2020-07-23,Glenn,021,27897,344,246,0,246,1
2020-07-23,Humboldt,023,135768,240,208,1,209,4
2020-07-23,Imperial,025,180216,9994,7604,5,7609,138
2020-07-23,Inyo,027,18085,53,38,1,39,1
2020-07-23,Kern,029,883053,22150,14491,103,14594,128
2020-07-23,Kings,031,150075,4194,3371,25,3396,39
2020-07-23,Lake,033,64148,200,160,0,160,1
2020-07-23,Lassen,035,31185,571,503,2,505,0
2020-07-23,Los Angeles,037,10098052,186747,167198,418,167616,4265
2020-07-23,Madera,039,155013,2408,1659,4,1663,13
2020-07-23,Marin,041,260295,5054,4423,5,4428,22
2020-07-23,Mariposa,043,17540,55,40,0,40,1
2020-07-23,Mendocino,045,87422,250,178,0,178,0
2020-07-23,Merced,047,269075,4880,2972,2,2974,22
2020-07-23,Modoc,049,8938,3,0,0,0,0
2020-07-23,Mono,051,14174,131,82,1,83,1
2020-07-23,Monterey,053,433212,4669,3655,14,3669,21
2020-07-23,Napa,055,140530,1026,713,0,713,5
2020-07-23,Nevada,057,99092,314,247,13,260,1
2020-07-23,Orange,059,3164182,40496,32863,685,33548,544
2020-07-23,Placer,061,380077,2005,1519,3,1522,12
2020-07-23,Plumas,063,18699,32,21,0,21,0
2020-07-23,Riverside,065,2383286,41186,33833,40,33873,630
2020-07-23,Sacramento,067,1510023,11123,8222,12,8234,108
2020-07-23,San Benito,069,59416,619,478,0,478,2
2020-07-23,San Bernardino,071,2135413,36419,28121,135,28256,369
2020-07-23,San Diego,073,3302833,29955,25109,3,25112,505
2020-07-23,San Francisco,075,870044,6649,5543,7,5550,55
2020-07-23,San Joaquin,077,732212,13032,9861,6,9867,111
2020-07-23,San Luis Obispo,079,281455,1904,1438,9,1447,7
2020-07-23,San Mateo,081,765935,5879,4895,7,4902,113
2020-07-23,Santa Barbara,083,443738,6294,5628,60,5688,30
2020-07-23,Santa Clara,085,1922200,11407,8458,29,8487,165
2020-07-23,Santa Cruz,087,273765,1144,887,8,895,3
2020-07-23,Shasta,089,179085,427,254,1,255,9
2020-07-23,Sierra,091,2930,2,1,0,1,0
2020-07-23,Siskiyou,093,43540,82,53,0,53,0
2020-07-23,Solano,095,438530,3878,2962,13,2975,29
2020-07-23,Sonoma,097,501317,3231,2289,6,2295,18
2020-07-23,Stanislaus,099,539301,10172,7603,12,7615,71
2020-07-23,Sutter,101,95872,709,570,0,570,2
2020-07-23,Tehama,103,63373,239,158,2,160,1
2020-07-23,Trinity,105,12862,24,3,6,9,0
2020-07-23,Tulare,107,460477,10097,7898,33,7931,168
2020-07-23,Tuolumne,109,53932,138,93,2,95,0
2020-07-23,Ventura,111,848112,7967,6303,28,6331,56
2020-07-23,Yolo,113,214977,1684,1279,3,1282,35
2020-07-23,Yuba,115,75493,390,297,0,297,1
2020-07-22,Alameda,001,1643700,12121,9678,38,9716,169
2020-07-22,Alpine,003,1148,2,2,0,2,0
2020-07-22,Amador,005,37829,118,58,0,58,0
2020-07-22,Butte,007,227075,967,694,11,705,5
2020-07-22,Calaveras,009,45235,116,98,0,98,0
2020-07-22,Colusa,011,21464,322,236,0,236,0
2020-07-22,Contra Costa,013,1133247,8726,6401,25,6426,98
2020-07-22,Del Norte,015,27424,84,66,0,66,0
2020-07-22,El Dorado,017,186661,690,466,2,468,1
2020-07-22,Fresno,019,978130,19124,11756,166,11922,110
2020-07-22,Glenn,021,27897,338,236,0,236,1
2020-07-22,Humboldt,023,135768,238,201,1,202,4
2020-07-22,Imperial,025,180216,9934,7533,5,7538,134
2020-07-22,Inyo,027,18085,49,38,1,39,1
2020-07-22,Kern,029,883053,21718,13513,96,13609,127
2020-07-22,Kings,031,150075,4138,3271,25,3296,38
2020-07-22,Lake,033,64148,197,160,0,160,1
2020-07-22,Lassen,035,31185,568,500,2,502,0
2020-07-22,Los Angeles,037,10098052,184099,165242,395,165637,4218
2020-07-22,Madera,039,155013,2333,1578,4,1582,10
2020-07-22,Marin,041,260295,4998,4373,5,4378,23
2020-07-22,Mariposa,043,17540,55,38,0,38,1
2020-07-22,Mendocino,045,87422,243,166,0,166,0
2020-07-22,Merced,047,269075,4753,2828,2,2830,15
2020-07-22,Modoc,049,8938,3,0,0,0,0
2020-07-22,Mono,051,14174,128,82,1,83,1
2020-07-22,Monterey,053,433212,4568,3533,14,3547,20
2020-07-22,Napa,055,140530,1004,687,0,687,5
2020-07-22,Nevada,057,99092,308,239,12,251,1
2020-07-22,Orange,059,3164182,39997,32047,676,32723,522
2020-07-22,Placer,061,380077,1949,1469,3,1472,12
2020-07-22,Plumas,063,18699,31,20,0,20,0
2020-07-22,Riverside,065,2383286,40550,33093,40,33133,612
2020-07-22,Sacramento,067,1510023,10861,8028,11,8039,106
2020-07-22,San Benito,069,59416,605,465,0,465,2
2020-07-22,San Bernardino,071,2135413,35897,26820,124,26944,348
2020-07-22,San Diego,073,3302833,29567,25109,2,25111,505
2020-07-22,San Francisco,075,870044,6545,5473,6,5479,53
2020-07-22,San Joaquin,077,732212,12756,9628,6,9634,102
2020-07-22,San Luis Obispo,079,281455,1858,1373,9,1382,7
2020-07-22,San Mateo,081,765935,5790,4796,7,4803,112
2020-07-22,Santa Barbara,083,443738,6210,5508,58,5566,29
2020-07-22,Santa Clara,085,1922200,11162,8266,29,8295,166
2020-07-22,Santa Cruz,087,273765,1120,866,8,874,3
2020-07-22,Shasta,089,179085,417,246,1,247,9
2020-07-22,Sierra,091,2930,1,1,0,1,0
2020-07-22,Siskiyou,093,43540,81,52,0,52,0
2020-07-22,Solano,095,438530,3817,2839,12,2851,29
2020-07-22,Sonoma,097,501317,3154,2255,6,2261,17
2020-07-22,Stanislaus,099,539301,10001,7401,12,7413,71
2020-07-22,Sutter,101,95872,685,551,0,551,2
2020-07-22,Tehama,103,63373,231,155,2,157,1
2020-07-22,Trinity,105,12862,23,3,6,9,0
2020-07-22,Tulare,107,460477,9864,7640,33,7673,167
2020-07-22,Tuolumne,109,53932,134,91,2,93,0
2020-07-22,Ventura,111,848112,7839,6223,26,6249,56
2020-07-22,Yolo,113,214977,1641,1233,3,1236,34
2020-07-22,Yuba,115,75493,375,288,0,288,1
2020-07-21,Alameda,001,1643700,11907,9390,38,9428,166
2020-07-21,Alpine,003,1148,2,2,0,2,0
2020-07-21,Amador,005,37829,113,55,0,55,0
2020-07-21,Butte,007,227075,922,659,10,669,5
2020-07-21,Calaveras,009,45235,110,96,0,96,0
2020-07-21,Colusa,011,21464,298,227,0,227,0
2020-07-21,Contra Costa,013,1133247,8484,6210,25,6235,98
2020-07-21,Del Norte,015,27424,84,66,0,66,0
2020-07-21,El Dorado,017,186661,682,440,2,442,1
2020-07-21,Fresno,019,978130,18725,11412,160,11572,107
2020-07-21,Glenn,021,27897,331,229,0,229,1
2020-07-21,Humboldt,023,135768,236,198,1,199,4
2020-07-21,Imperial,025,180216,9885,7458,5,7463,128
2020-07-21,Inyo,027,18085,48,38,1,39,1
2020-07-21,Kern,029,883053,21296,11998,90,12088,119
2020-07-21,Kings,031,150075,4073,3187,24,3211,38
2020-07-21,Lake,033,64148,197,157,0,157,1
2020-07-21,Lassen,035,31185,566,474,2,476,0
2020-07-21,Los Angeles,037,10098052,181115,162205,372,162577,4159
2020-07-21,Madera,039,155013,2268,1508,3,1511,10
2020-07-21,Marin,041,260295,4926,4318,5,4323,21
2020-07-21,Mariposa,043,17540,54,37,0,37,1
2020-07-21,Mendocino,045,87422,232,160,0,160,0
2020-07-21,Merced,047,269075,4574,2725,2,2727,15
2020-07-21,Modoc,049,8938,3,0,0,0,0
2020-07-21,Mono,051,14174,124,79,1,80,1
2020-07-21,Monterey,053,433212,4436,3404,13,3417,20
2020-07-21,Napa,055,140530,977,660,0,660,5
2020-07-21,Nevada,057,99092,306,228,10,238,1
2020-07-21,Orange,059,3164182,39500,31356,644,32000,515
2020-07-21,Placer,061,380077,1908,1413,3,1416,11
2020-07-21,Plumas,063,18699,31,19,0,19,0
2020-07-21,Riverside,065,2383286,39848,32231,40,32271,583
2020-07-21,Sacramento,067,1510023,10589,7789,10,7799,102
2020-07-21,San Benito,069,59416,594,444,0,444,2
2020-07-21,San Bernardino,071,2135413,35248,25323,117,25440,343
2020-07-21,San Diego,073,3302833,29118,24522,2,24524,487
2020-07-21,San Francisco,075,870044,6436,5377,6,5383,53
2020-07-21,San Joaquin,077,732212,12427,9150,6,9156,99
2020-07-21,San Luis Obispo,079,281455,1809,1338,9,1347,7
2020-07-21,San Mateo,081,765935,5698,4733,7,4740,111
2020-07-21,Santa Barbara,083,443738,6130,5422,57,5479,29
2020-07-21,Santa Clara,085,1922200,10899,7989,29,8018,164
2020-07-21,Santa Cruz,087,273765,1087,835,8,843,3
2020-07-21,Shasta,089,179085,409,241,1,242,9
2020-07-21,Sierra,091,2930,1,1,0,1,0
2020-07-21,Siskiyou,093,43540,81,48,0,48,0
2020-07-21,Solano,095,438530,3744,2727,12,2739,27
2020-07-21,Sonoma,097,501317,3097,2200,6,2206,17
2020-07-21,Stanislaus,099,539301,9738,6984,12,6996,69
2020-07-21,Sutter,101,95872,669,533,0,533,2
2020-07-21,Tehama,103,63373,221,150,2,152,1
2020-07-21,Trinity,105,12862,23,2,6,8,0
2020-07-21,Tulare,107,460477,9662,7447,33,7480,167
2020-07-21,Tuolumne,109,53932,132,75,2,77,0
2020-07-21,Ventura,111,848112,7707,6131,26,6157,55
2020-07-21,Yolo,113,214977,1587,1204,3,1207,34
2020-07-21,Yuba,115,75493,369,269,0,269,1
2020-07-20,Alameda,001,1643700,11653,9244,37,9281,162
2020-07-20,Alpine,003,1148,2,2,0,2,0
2020-07-20,Amador,005,37829,110,53,0,53,0
2020-07-20,Butte,007,227075,885,586,10,596,4
2020-07-20,Calaveras,009,45235,107,90,0,90,0
2020-07-20,Colusa,011,21464,287,217,0,217,0
2020-07-20,Contra Costa,013,1133247,8276,5823,25,5848,97
2020-07-20,Del Norte,015,27424,84,61,0,61,0
2020-07-20,El Dorado,017,186661,659,407,2,409,0
2020-07-20,Fresno,019,978130,18284,10891,159,11050,106
2020-07-20,Glenn,021,27897,323,225,0,225,1
2020-07-20,Humboldt,023,135768,229,194,1,195,4
2020-07-20,Imperial,025,180216,9845,7337,5,7342,124
2020-07-20,Inyo,027,18085,46,38,1,39,1
2020-07-20,Kern,029,883053,20786,10908,86,10994,118
2020-07-20,Kings,031,150075,4023,3093,24,3117,37
2020-07-20,Lake,033,64148,194,147,0,147,1
2020-07-20,Lassen,035,31185,564,474,2,476,0
2020-07-20,Los Angeles,037,10098052,178156,159202,345,159547,4108
2020-07-20,Madera,039,155013,2193,1433,3,1436,10
2020-07-20,Marin,041,260295,4844,4255,5,4260,21
2020-07-20,Mariposa,043,17540,53,36,0,36,1
2020-07-20,Mendocino,045,87422,219,153,0,153,0
2020-07-20,Merced,047,269075,4404,2584,2,2586,15
2020-07-20,Modoc,049,8938,3,0,0,0,0
2020-07-20,Mono,051,14174,118,78,1,79,1
2020-07-20,Monterey,053,433212,4330,3205,13,3218,19
2020-07-20,Napa,055,140530,942,632,0,632,5
2020-07-20,Nevada,057,99092,298,218,10,228,1
2020-07-20,Orange,059,3164182,38890,30337,614,30951,507
2020-07-20,Placer,061,380077,1856,1364,3,1367,11
2020-07-20,Plumas,063,18699,30,17,0,17,0
2020-07-20,Riverside,065,2383286,39017,31163,40,31203,581
2020-07-20,Sacramento,067,1510023,10261,7369,10,7379,99
2020-07-20,San Benito,069,59416,576,433,0,433,2
2020-07-20,San Bernardino,071,2135413,34437,24226,113,24339,338
2020-07-20,San Diego,073,3302833,28676,24137,2,24139,478
2020-07-20,San Francisco,075,870044,6315,5090,6,5096,53
2020-07-20,San Joaquin,077,732212,12071,8583,6,8589,97
2020-07-20,San Luis Obispo,079,281455,1767,1282,9,1291,6
2020-07-20,San Mateo,081,765935,5597,4609,7,4616,111
2020-07-20,Santa Barbara,083,443738,6020,5266,55,5321,29
2020-07-20,Santa Clara,085,1922200,10670,7711,28,7739,164
2020-07-20,Santa Cruz,087,273765,1055,758,8,766,3
2020-07-20,Shasta,089,179085,394,233,1,234,9
2020-07-20,Sierra,091,2930,1,1,0,1,0
2020-07-20,Siskiyou,093,43540,77,42,0,42,0
2020-07-20,Solano,095,438530,3661,2537,12,2549,26
2020-07-20,Sonoma,097,501317,2990,2148,6,2154,17
2020-07-20,Stanislaus,099,539301,9455,6835,12,6847,58
2020-07-20,Sutter,101,95872,636,507,0,507,2
2020-07-20,Tehama,103,63373,211,146,2,148,1
2020-07-20,Trinity,105,12862,23,2,6,8,0
2020-07-20,Tulare,107,460477,9428,6974,33,7007,166
2020-07-20,Tuolumne,109,53932,131,75,2,77,0
2020-07-20,Ventura,111,848112,7573,5912,26,5938,52
2020-07-20,Yolo,113,214977,1547,1155,3,1158,30
2020-07-20,Yuba,115,75493,349,258,0,258,1
2020-07-19,Alameda,001,1643700,11414,9227,31,9258,162
2020-07-19,Alpine,003,1148,2,2,0,2,0
2020-07-19,Amador,005,37829,103,51,0,51,0
2020-07-19,Butte,007,227075,860,555,10,565,4
2020-07-19,Calaveras,009,45235,105,89,0,89,0
2020-07-19,Colusa,011,21464,279,187,0,187,0
2020-07-19,Contra Costa,013,1133247,7985,5691,23,5714,95
2020-07-19,Del Norte,015,27424,83,61,0,61,0
2020-07-19,El Dorado,017,186661,641,385,2,387,0
2020-07-19,Fresno,019,978130,17760,10639,147,10786,106
2020-07-19,Glenn,021,27897,309,215,0,215,0
2020-07-19,Humboldt,023,135768,221,195,1,196,4
2020-07-19,Imperial,025,180216,9754,7280,5,7285,124
2020-07-19,Inyo,027,18085,42,38,1,39,1
2020-07-19,Kern,029,883053,20169,10094,79,10173,115
2020-07-19,Kings,031,150075,3937,3035,24,3059,37
2020-07-19,Lake,033,64148,189,144,0,144,1
2020-07-19,Lassen,035,31185,545,474,2,476,0
2020-07-19,Los Angeles,037,10098052,174714,156039,322,156361,4100
2020-07-19,Madera,039,155013,2116,1301,3,1304,10
2020-07-19,Marin,041,260295,4789,4172,5,4177,21
2020-07-19,Mariposa,043,17540,49,35,0,35,1
2020-07-19,Mendocino,045,87422,214,137,0,137,0
2020-07-19,Merced,047,269075,4197,2460,2,2462,15
2020-07-19,Modoc,049,8938,3,0,0,0,0
2020-07-19,Mono,051,14174,107,63,1,64,1
2020-07-19,Monterey,053,433212,4210,3079,13,3092,18
2020-07-19,Napa,055,140530,913,612,0,612,5
2020-07-19,Nevada,057,99092,292,210,10,220,1
2020-07-19,Orange,059,3164182,38326,29941,601,30542,505
2020-07-19,Placer,061,380077,1808,1246,3,1249,11
2020-07-19,Plumas,063,18699,30,17,0,17,0
2020-07-19,Riverside,065,2383286,38312,30340,40,30380,581
2020-07-19,Sacramento,067,1510023,9869,6985,10,6995,97
2020-07-19,San Benito,069,59416,560,412,0,412,2
2020-07-19,San Bernardino,071,2135413,33663,23928,101,24029,337
2020-07-19,San Diego,073,3302833,28175,23684,2,23686,478
2020-07-19,San Francisco,075,870044,6168,5094,6,5100,52
2020-07-19,San Joaquin,077,732212,11665,8308,6,8314,93
2020-07-19,San Luis Obispo,079,281455,1723,1262,8,1270,6
2020-07-19,San Mateo,081,765935,5491,4522,7,4529,110
2020-07-19,Santa Barbara,083,443738,5918,5145,52,5197,29
2020-07-19,Santa Clara,085,1922200,10426,7403,28,7431,164
2020-07-19,Santa Cruz,087,273765,1011,753,8,761,3
2020-07-19,Shasta,089,179085,381,218,1,219,9
2020-07-19,Sierra,091,2930,1,1,0,1,0
2020-07-19,Siskiyou,093,43540,75,42,0,42,0
2020-07-19,Solano,095,438530,3556,2551,12,2563,26
2020-07-19,Sonoma,097,501317,2890,2074,6,2080,17
2020-07-19,Stanislaus,099,539301,9159,6508,12,6520,58
2020-07-19,Sutter,101,95872,605,480,0,480,2
2020-07-19,Tehama,103,63373,207,138,2,140,1
2020-07-19,Trinity,105,12862,23,2,6,8,0
2020-07-19,Tulare,107,460477,9180,6856,33,6889,166
2020-07-19,Tuolumne,109,53932,126,75,2,77,0
2020-07-19,Ventura,111,848112,7383,5706,26,5732,52
2020-07-19,Yolo,113,214977,1507,1127,3,1130,30
2020-07-19,Yuba,115,75493,329,240,0,240,1
2020-07-18,Alameda,001,1643700,11277,9089,30,9119,162
2020-07-18,Alpine,003,1148,2,2,0,2,0
2020-07-18,Amador,005,37829,99,49,0,49,0
2020-07-18,Butte,007,227075,851,551,10,561,4
2020-07-18,Calaveras,009,45235,101,89,0,89,0
2020-07-18,Colusa,011,21464,274,182,0,182,0
2020-07-18,Contra Costa,013,1133247,7851,5617,23,5640,95
2020-07-18,Del Norte,015,27424,83,61,0,61,0
2020-07-18,El Dorado,017,186661,638,385,2,387,0
2020-07-18,Fresno,019,978130,17511,10381,145,10526,106
2020-07-18,Glenn,021,27897,303,212,0,212,0
2020-07-18,Humboldt,023,135768,218,189,1,190,4
2020-07-18,Imperial,025,180216,9723,7268,5,7273,124
2020-07-18,Inyo,027,18085,42,38,1,39,1
2020-07-18,Kern,029,883053,19866,9250,76,9326,114
2020-07-18,Kings,031,150075,3897,2996,23,3019,37
2020-07-18,Lake,033,64148,186,142,0,142,1
2020-07-18,Lassen,035,31185,544,474,2,476,0
2020-07-18,Los Angeles,037,10098052,173270,153265,311,153576,4088
2020-07-18,Madera,039,155013,2070,1260,3,1263,9
2020-07-18,Marin,041,260295,4760,4089,5,4094,21
2020-07-18,Mariposa,043,17540,49,35,0,35,1
2020-07-18,Mendocino,045,87422,208,137,0,137,0
2020-07-18,Merced,047,269075,4078,2424,2,2426,15
2020-07-18,Modoc,049,8938,3,0,0,0,0
2020-07-18,Mono,051,14174,105,54,1,55,1
2020-07-18,Monterey,053,433212,4142,3020,13,3033,17
2020-07-18,Napa,055,140530,902,609,0,609,5
2020-07-18,Nevada,057,99092,288,204,9,213,1
2020-07-18,Orange,059,3164182,38007,29603,580,30183,493
2020-07-18,Placer,061,380077,1785,1233,3,1236,11
2020-07-18,Plumas,063,18699,30,17,0,17,0
2020-07-18,Riverside,065,2383286,37958,30245,39,30284,581
2020-07-18,Sacramento,067,1510023,9624,6739,10,6749,95
2020-07-18,San Benito,069,59416,545,407,0,407,2
2020-07-18,San Bernardino,071,2135413,33203,23680,94,23774,336
2020-07-18,San Diego,073,3302833,27872,23116,2,23118,478
2020-07-18,San Francisco,075,870044,6066,5051,6,5057,52
2020-07-18,San Joaquin,077,732212,11452,8118,6,8124,93
2020-07-18,San Luis Obispo,079,281455,1688,1234,8,1242,6
2020-07-18,San Mateo,081,765935,5431,4488,7,4495,110
2020-07-18,Santa Barbara,083,443738,5858,5110,50,5160,29
2020-07-18,Santa Clara,085,1922200,10276,7255,27,7282,164
2020-07-18,Santa Cruz,087,273765,994,751,8,759,3
2020-07-18,Shasta,089,179085,372,216,1,217,9
2020-07-18,Sierra,091,2930,1,1,0,1,0
2020-07-18,Siskiyou,093,43540,71,42,0,42,0
2020-07-18,Solano,095,438530,3515,2503,12,2515,26
2020-07-18,Sonoma,097,501317,2839,2019,6,2025,15
2020-07-18,Stanislaus,099,539301,9024,6344,12,6356,58
2020-07-18,Sutter,101,95872,599,473,0,473,2
2020-07-18,Tehama,103,63373,202,136,2,138,1
2020-07-18,Trinity,105,12862,23,2,6,8,0
2020-07-18,Tulare,107,460477,9089,6810,32,6842,167
2020-07-18,Tuolumne,109,53932,123,75,2,77,0
2020-07-18,Ventura,111,848112,7301,5630,26,5656,52
2020-07-18,Yolo,113,214977,1479,1077,3,1080,30
2020-07-18,Yuba,115,75493,318,237,0,237,1
2020-07-17,Alameda,001,1643700,11137,8893,29,8922,160
2020-07-17,Alpine,003,1148,2,1,0,1,0
2020-07-17,Amador,005,37829,97,48,0,48,0
2020-07-17,Butte,007,227075,837,497,10,507,4
2020-07-17,Calaveras,009,45235,99,86,0,86,0
2020-07-17,Colusa,011,21464,272,146,0,146,0
2020-07-17,Contra Costa,013,1133247,7703,5483,23,5506,93
2020-07-17,Del Norte,015,27424,82,60,0,60,0
2020-07-17,El Dorado,017,186661,622,368,2,370,0
2020-07-17,Fresno,019,978130,17213,9954,145,10099,104
2020-07-17,Glenn,021,27897,296,203,0,203,0
2020-07-17,Humboldt,023,135768,217,185,1,186,4
2020-07-17,Imperial,025,180216,9701,7193,5,7198,120
2020-07-17,Inyo,027,18085,42,38,1,39,1
2020-07-17,Kern,029,883053,19546,8291,75,8366,113
2020-07-17,Kings,031,150075,3858,2978,23,3001,37
2020-07-17,Lake,033,64148,184,139,0,139,1
2020-07-17,Lassen,035,31185,525,391,2,393,0
2020-07-17,Los Angeles,037,10098052,170899,150481,299,150780,4052
2020-07-17,Madera,039,155013,2026,1214,3,1217,9
2020-07-17,Marin,041,260295,4723,3839,5,3844,21
2020-07-17,Mariposa,043,17540,47,35,0,35,1
2020-07-17,Mendocino,045,87422,200,126,0,126,0
2020-07-17,Merced,047,269075,4002,2328,2,2330,12
2020-07-17,Modoc,049,8938,2,0,0,0,0
2020-07-17,Mono,051,14174,100,54,1,55,1
2020-07-17,Monterey,053,433212,4013,2922,13,2935,18
2020-07-17,Napa,055,140530,888,598,0,598,5
2020-07-17,Nevada,057,99092,281,200,9,209,1
2020-07-17,Orange,059,3164182,37544,28962,547,29509,485
2020-07-17,Placer,061,380077,1756,1207,3,1210,11
2020-07-17,Plumas,063,18699,27,16,0,16,0
2020-07-17,Riverside,065,2383286,37359,29639,39,29678,580
2020-07-17,Sacramento,067,1510023,9380,6563,10,6573,95
2020-07-17,San Benito,069,59416,530,399,0,399,2
2020-07-17,San Bernardino,071,2135413,32683,23057,91,23148,322
2020-07-17,San Diego,073,3302833,27484,22491,2,22493,472
2020-07-17,San Francisco,075,870044,5972,4967,6,4973,52
2020-07-17,San Joaquin,077,732212,11208,7925,6,7931,86
2020-07-17,San Luis Obispo,079,281455,1651,1190,8,1198,6
2020-07-17,San Mateo,081,765935,5334,4407,7,4414,110
2020-07-17,Santa Barbara,083,443738,5786,5001,49,5050,29
2020-07-17,Santa Clara,085,1922200,10058,7080,27,7107,164
2020-07-17,Santa Cruz,087,273765,972,716,8,724,3
2020-07-17,Shasta,089,179085,360,213,1,214,8
2020-07-17,Sierra,091,2930,1,1,0,1,0
2020-07-17,Siskiyou,093,43540,70,40,0,40,0
2020-07-17,Solano,095,438530,3466,2452,12,2464,26
2020-07-17,Sonoma,097,501317,2790,1982,6,1988,15
2020-07-17,Stanislaus,099,539301,8850,6220,12,6232,56
2020-07-17,Sutter,101,95872,586,458,0,458,2
2020-07-17,Tehama,103,63373,198,128,2,130,1
2020-07-17,Trinity,105,12862,23,2,6,8,0
2020-07-17,Tulare,107,460477,8953,6671,32,6703,166
2020-07-17,Tuolumne,109,53932,122,73,2,75,0
2020-07-17,Ventura,111,848112,7217,5451,26,5477,51
2020-07-17,Yolo,113,214977,1455,1055,3,1058,30
2020-07-17,Yuba,115,75493,308,231,0,231,1
2020-07-16,Alameda,001,1643700,10903,8719,24,8743,153
2020-07-16,Alpine,003,1148,2,1,0,1,0
2020-07-16,Amador,005,37829,94,46,0,46,0
2020-07-16,Butte,007,227075,800,465,9,474,4
2020-07-16,Calaveras,009,45235,97,82,0,82,0
2020-07-16,Colusa,011,21464,263,140,0,140,0
2020-07-16,Contra Costa,013,1133247,7491,5338,17,5355,91
2020-07-16,Del Norte,015,27424,82,60,0,60,0
2020-07-16,El Dorado,017,186661,605,357,2,359,0
2020-07-16,Fresno,019,978130,16702,9481,136,9617,101
2020-07-16,Glenn,021,27897,287,190,0,190,0
2020-07-16,Humboldt,023,135768,215,184,1,185,4
2020-07-16,Imperial,025,180216,9607,7148,5,7153,113
2020-07-16,Inyo,027,18085,42,38,1,39,1
2020-07-16,Kern,029,883053,19024,7435,73,7508,112
2020-07-16,Kings,031,150075,3691,2937,23,2960,37
2020-07-16,Lake,033,64148,179,128,0,128,1
2020-07-16,Lassen,035,31185,524,355,2,357,0
2020-07-16,Los Angeles,037,10098052,167681,147759,274,148033,3994
2020-07-16,Madera,039,155013,1962,1192,3,1195,8
2020-07-16,Marin,041,260295,4651,3546,5,3551,21
2020-07-16,Mariposa,043,17540,45,34,0,34,1
2020-07-16,Mendocino,045,87422,195,121,0,121,0
2020-07-16,Merced,047,269075,3840,2228,2,2230,12
2020-07-16,Modoc,049,8938,1,0,0,0,0
2020-07-16,Mono,051,14174,97,53,1,54,1
2020-07-16,Monterey,053,433212,3908,2857,12,2869,18
2020-07-16,Napa,055,140530,859,581,0,581,5
2020-07-16,Nevada,057,99092,278,191,9,200,1
2020-07-16,Orange,059,3164182,36843,28525,511,29036,471
2020-07-16,Placer,061,380077,1708,1168,3,1171,11
2020-07-16,Plumas,063,18699,25,16,0,16,0
2020-07-16,Riverside,065,2383286,36614,28904,37,28941,577
2020-07-16,Sacramento,067,1510023,9067,6440,9,6449,91
2020-07-16,San Benito,069,59416,513,389,0,389,2
2020-07-16,San Bernardino,071,2135413,31822,22355,73,22428,321
2020-07-16,San Diego,073,3302833,26997,21857,2,21859,465
2020-07-16,San Francisco,075,870044,5831,4838,6,4844,52
2020-07-16,San Joaquin,077,732212,10845,7713,6,7719,82
2020-07-16,San Luis Obispo,079,281455,1607,1146,8,1154,6
2020-07-16,San Mateo,081,765935,5230,4336,7,4343,110
2020-07-16,Santa Barbara,083,443738,5691,4872,48,4920,28
2020-07-16,Santa Clara,085,1922200,9778,6990,25,7015,164
2020-07-16,Santa Cruz,087,273765,931,698,8,706,3
2020-07-16,Shasta,089,179085,345,208,1,209,7
2020-07-16,Sierra,091,2930,1,1,0,1,0
2020-07-16,Siskiyou,093,43540,67,39,0,39,0
2020-07-16,Solano,095,438530,3372,2372,12,2384,25
2020-07-16,Sonoma,097,501317,2700,1954,6,1960,14
2020-07-16,Stanislaus,099,539301,8567,6077,11,6088,56
2020-07-16,Sutter,101,95872,570,444,0,444,2
2020-07-16,Tehama,103,63373,188,126,2,128,1
2020-07-16,Trinity,105,12862,23,2,5,7,0
2020-07-16,Tulare,107,460477,8737,6467,31,6498,163
2020-07-16,Tuolumne,109,53932,117,71,2,73,0
2020-07-16,Ventura,111,848112,7055,5231,26,5257,50
2020-07-16,Yolo,113,214977,1413,1034,3,1037,29
2020-07-16,Yuba,115,75493,290,221,0,221,1
2020-07-15,Alameda,001,1643700,10698,8615,19,8634,153
2020-07-15,Alpine,003,1148,2,1,0,1,0
2020-07-15,Amador,005,37829,73,44,0,44,0
2020-07-15,Butte,007,227075,758,420,9,429,4
2020-07-15,Calaveras,009,45235,97,75,0,75,0
2020-07-15,Colusa,011,21464,258,135,0,135,0
2020-07-15,Contra Costa,013,1133247,7260,5246,17,5263,90
2020-07-15,Del Norte,015,27424,81,60,0,60,0
2020-07-15,El Dorado,017,186661,581,339,2,341,0
2020-07-15,Fresno,019,978130,16228,9124,129,9253,101
2020-07-15,Glenn,021,27897,278,184,0,184,0
2020-07-15,Humboldt,023,135768,213,181,1,182,4
2020-07-15,Imperial,025,180216,9540,7110,5,7115,110
2020-07-15,Inyo,027,18085,42,36,1,37,1
2020-07-15,Kern,029,883053,18404,7155,70,7225,108
2020-07-15,Kings,031,150075,3630,2906,23,2929,37
2020-07-15,Lake,033,64148,177,122,0,122,1
2020-07-15,Lassen,035,31185,520,319,2,321,0
2020-07-15,Los Angeles,037,10098052,164217,143343,259,143602,3946
2020-07-15,Madera,039,155013,1893,1147,3,1150,4
2020-07-15,Marin,041,260295,4596,3458,5,3463,21
2020-07-15,Mariposa,043,17540,45,34,0,34,1
2020-07-15,Mendocino,045,87422,192,119,0,119,0
2020-07-15,Merced,047,269075,3690,2156,2,2158,12
2020-07-15,Modoc,049,8938,1,0,0,0,0
2020-07-15,Mono,051,14174,95,52,1,53,1
2020-07-15,Monterey,053,433212,3796,2780,12,2792,18
2020-07-15,Napa,055,140530,833,573,0,573,5
2020-07-15,Nevada,057,99092,274,185,7,192,1
2020-07-15,Orange,059,3164182,36043,27718,477,28195,454
2020-07-15,Placer,061,380077,1650,1145,3,1148,11
2020-07-15,Plumas,063,18699,25,16,0,16,0
2020-07-15,Riverside,065,2383286,35831,28492,35,28527,568
2020-07-15,Sacramento,067,1510023,8686,6217,9,6226,91
2020-07-15,San Benito,069,59416,504,388,0,388,2
2020-07-15,San Bernardino,071,2135413,31033,21508,57,21565,317
2020-07-15,San Diego,073,3302833,26530,21448,2,21450,448
2020-07-15,San Francisco,075,870044,5717,4757,6,4763,50
2020-07-15,San Joaquin,077,732212,10413,7381,5,7386,75
2020-07-15,San Luis Obispo,079,281455,1564,1097,8,1105,6
2020-07-15,San Mateo,081,765935,5117,4258,7,4265,109
2020-07-15,Santa Barbara,083,443738,5577,4733,48,4781,28
2020-07-15,Santa Clara,085,1922200,9474,6900,25,6925,164
2020-07-15,Santa Cruz,087,273765,895,660,7,667,3
2020-07-15,Shasta,089,179085,336,193,1,194,7
2020-07-15,Sierra,091,2930,1,1,0,1,0
2020-07-15,Siskiyou,093,43540,66,38,0,38,0
2020-07-15,Solano,095,438530,3277,2343,12,2355,25
2020-07-15,Sonoma,097,501317,2602,1920,6,1926,14
2020-07-15,Stanislaus,099,539301,8270,5777,11,5788,56
2020-07-15,Sutter,101,95872,544,433,0,433,2
2020-07-15,Tehama,103,63373,180,126,2,128,1
2020-07-15,Trinity,105,12862,22,2,5,7,0
2020-07-15,Tulare,107,460477,8526,6320,30,6350,156
2020-07-15,Tuolumne,109,53932,110,68,2,70,0
2020-07-15,Ventura,111,848112,6878,5087,26,5113,50
2020-07-15,Yolo,113,214977,1380,1002,3,1005,27
2020-07-15,Yuba,115,75493,278,221,0,221,1
2020-07-14,Alameda,001,1643700,10356,8388,13,8401,151
2020-07-14,Alpine,003,1148,2,1,0,1,0
2020-07-14,Amador,005,37829,69,44,0,44,0
2020-07-14,Butte,007,227075,712,382,9,391,4
2020-07-14,Calaveras,009,45235,95,74,0,74,0
2020-07-14,Colusa,011,21464,248,128,0,128,0
2020-07-14,Contra Costa,013,1133247,7023,5110,15,5125,90
2020-07-14,Del Norte,015,27424,80,60,0,60,0
2020-07-14,El Dorado,017,186661,566,324,2,326,0
2020-07-14,Fresno,019,978130,15808,8941,124,9065,98
2020-07-14,Glenn,021,27897,268,177,0,177,0
2020-07-14,Humboldt,023,135768,210,175,1,176,4
2020-07-14,Imperial,025,180216,9412,7095,5,7100,109
2020-07-14,Inyo,027,18085,42,35,1,36,1
2020-07-14,Kern,029,883053,17645,6979,57,7036,107
2020-07-14,Kings,031,150075,3563,2867,22,2889,37
2020-07-14,Lake,033,64148,171,120,0,120,1
2020-07-14,Lassen,035,31185,503,263,2,265,0
2020-07-14,Los Angeles,037,10098052,161083,140632,230,140862,3900
2020-07-14,Madera,039,155013,1819,1118,3,1121,4
2020-07-14,Marin,041,260295,4482,3451,5,3456,21
2020-07-14,Mariposa,043,17540,41,32,0,32,1
2020-07-14,Mendocino,045,87422,184,110,0,110,0
2020-07-14,Merced,047,269075,3511,2084,2,2086,12
2020-07-14,Modoc,049,8938,1,0,0,0,0
2020-07-14,Mono,051,14174,85,48,1,49,1
2020-07-14,Monterey,053,433212,3683,2724,12,2736,18
2020-07-14,Napa,055,140530,777,557,0,557,4
2020-07-14,Nevada,057,99092,257,180,6,186,1
2020-07-14,Orange,059,3164182,35163,26915,430,27345,432
2020-07-14,Placer,061,380077,1592,1122,3,1125,11
2020-07-14,Plumas,063,18699,24,14,0,14,0
2020-07-14,Riverside,065,2383286,35074,27850,34,27884,547
2020-07-14,Sacramento,067,1510023,8332,5978,9,5987,87
2020-07-14,San Benito,069,59416,485,360,0,360,2
2020-07-14,San Bernardino,071,2135413,30182,20489,47,20536,316
2020-07-14,San Diego,073,3302833,25910,20887,2,20889,436
2020-07-14,San Francisco,075,870044,5567,4659,5,4664,50
2020-07-14,San Joaquin,077,732212,9985,7143,5,7148,75
2020-07-14,San Luis Obispo,079,281455,1526,1060,8,1068,5
2020-07-14,San Mateo,081,765935,5024,4173,7,4180,108
2020-07-14,Santa Barbara,083,443738,5453,4641,46,4687,28
2020-07-14,Santa Clara,085,1922200,9146,6686,22,6708,164
2020-07-14,Santa Cruz,087,273765,856,639,7,646,3
2020-07-14,Shasta,089,179085,327,190,1,191,7
2020-07-14,Sierra,091,2930,1,1,0,1,0
2020-07-14,Siskiyou,093,43540,65,38,0,38,0
2020-07-14,Solano,095,438530,3177,2266,10,2276,25
2020-07-14,Sonoma,097,501317,2509,1866,6,1872,14
2020-07-14,Stanislaus,099,539301,7896,5631,10,5641,53
2020-07-14,Sutter,101,95872,525,405,0,405,2
2020-07-14,Tehama,103,63373,168,123,2,125,1
2020-07-14,Trinity,105,12862,21,2,5,7,0
2020-07-14,Tulare,107,460477,8280,6199,30,6229,156
2020-07-14,Tuolumne,109,53932,105,68,2,70,0
2020-07-14,Ventura,111,848112,6717,4950,26,4976,50
2020-07-14,Yolo,113,214977,1332,966,3,969,27
2020-07-14,Yuba,115,75493,261,210,0,210,1
2020-07-13,Alameda,001,1643700,10047,8115,13,8128,148
2020-07-13,Alpine,003,1148,2,1,0,1,0
2020-07-13,Amador,005,37829,65,42,0,42,0
2020-07-13,Butte,007,227075,676,354,9,363,4
2020-07-13,Calaveras,009,45235,87,63,0,63,0
2020-07-13,Colusa,011,21464,242,116,0,116,0
2020-07-13,Contra Costa,013,1133247,6751,4882,13,4895,88
2020-07-13,Del Norte,015,27424,74,59,0,59,0
2020-07-13,El Dorado,017,186661,535,298,2,300,0
2020-07-13,Fresno,019,978130,15378,8666,119,8785,95
2020-07-13,Glenn,021,27897,261,168,0,168,0
2020-07-13,Humboldt,023,135768,205,174,1,175,4
2020-07-13,Imperial,025,180216,9327,7052,5,7057,109
2020-07-13,Inyo,027,18085,41,35,1,36,1
2020-07-13,Kern,029,883053,16960,6808,52,6860,107
2020-07-13,Kings,031,150075,3512,2824,22,2846,37
2020-07-13,Lake,033,64148,166,118,0,118,1
2020-07-13,Lassen,035,31185,498,237,2,239,0
2020-07-13,Los Angeles,037,10098052,157851,136368,216,136584,3829
2020-07-13,Madera,039,155013,1750,1059,3,1062,4
2020-07-13,Marin,041,260295,4378,3402,5,3407,21
2020-07-13,Mariposa,043,17540,40,31,0,31,1
2020-07-13,Mendocino,045,87422,180,87,0,87,0
2020-07-13,Merced,047,269075,3362,2007,2,2009,12
2020-07-13,Modoc,049,8938,1,0,0,0,0
2020-07-13,Mono,051,14174,81,47,0,47,1
2020-07-13,Monterey,053,433212,3560,2613,9,2622,18
2020-07-13,Napa,055,140530,741,534,0,534,4
2020-07-13,Nevada,057,99092,243,172,6,178,1
2020-07-13,Orange,059,3164182,34298,25978,398,26376,423
2020-07-13,Placer,061,380077,1547,1096,3,1099,11
2020-07-13,Plumas,063,18699,22,14,0,14,0
2020-07-13,Riverside,065,2383286,34149,27136,32,27168,545
2020-07-13,Sacramento,067,1510023,8035,5747,9,5756,85
2020-07-13,San Benito,069,59416,472,343,0,343,2
2020-07-13,San Bernardino,071,2135413,29304,19610,41,19651,313
2020-07-13,San Diego,073,3302833,25343,20348,2,20350,422
2020-07-13,San Francisco,075,870044,5440,4534,4,4538,50
2020-07-13,San Joaquin,077,732212,9569,6927,5,6932,71
2020-07-13,San Luis Obispo,079,281455,1495,989,8,997,5
2020-07-13,San Mateo,081,765935,4893,4057,7,4064,108
2020-07-13,Santa Barbara,083,443738,5339,4441,45,4486,28
2020-07-13,Santa Clara,085,1922200,8823,6488,21,6509,164
2020-07-13,Santa Cruz,087,273765,818,574,7,581,3
2020-07-13,Shasta,089,179085,316,185,1,186,6
2020-07-13,Sierra,091,2930,1,1,0,1,0
2020-07-13,Siskiyou,093,43540,61,37,0,37,0
2020-07-13,Solano,095,438530,3065,2046,10,2056,23
2020-07-13,Sonoma,097,501317,2398,1818,6,1824,14
2020-07-13,Stanislaus,099,539301,7593,5324,9,5333,53
2020-07-13,Sutter,101,95872,487,379,0,379,2
2020-07-13,Tehama,103,63373,155,112,2,114,1
2020-07-13,Trinity,105,12862,21,2,5,7,0
2020-07-13,Tulare,107,460477,8019,5930,28,5958,147
2020-07-13,Tuolumne,109,53932,97,56,2,58,0
2020-07-13,Ventura,111,848112,6527,4800,23,4823,50
2020-07-13,Yolo,113,214977,1286,941,3,944,27
2020-07-13,Yuba,115,75493,246,194,0,194,1
2020-07-12,Alameda,001,1643700,9776,8056,13,8069,148
2020-07-12,Alpine,003,1148,2,1,0,1,0
2020-07-12,Amador,005,37829,55,40,0,40,0
2020-07-12,Butte,007,227075,626,341,8,349,4
2020-07-12,Calaveras,009,45235,87,62,0,62,0
2020-07-12,Colusa,011,21464,208,116,0,116,0
2020-07-12,Contra Costa,013,1133247,6480,4708,11,4719,88
2020-07-12,Del Norte,015,27424,63,59,0,59,0
2020-07-12,El Dorado,017,186661,513,290,2,292,0
2020-07-12,Fresno,019,978130,14952,8407,114,8521,95
2020-07-12,Glenn,021,27897,248,166,0,166,0
2020-07-12,Humboldt,023,135768,201,174,1,175,4
2020-07-12,Imperial,025,180216,9210,6999,5,7004,109
2020-07-12,Inyo,027,18085,39,35,1,36,1
2020-07-12,Kern,029,883053,16216,6662,49,6711,105
2020-07-12,Kings,031,150075,3450,2779,22,2801,34
2020-07-12,Lake,033,64148,157,114,0,114,1
2020-07-12,Lassen,035,31185,491,237,2,239,0
2020-07-12,Los Angeles,037,10098052,154433,133830,187,134017,3816
2020-07-12,Madera,039,155013,1695,1025,3,1028,4
2020-07-12,Marin,041,260295,4301,3358,5,3363,21
2020-07-12,Mariposa,043,17540,39,31,0,31,1
2020-07-12,Mendocino,045,87422,161,88,0,88,0
2020-07-12,Merced,047,269075,3232,1908,2,1910,12
2020-07-12,Modoc,049,8938,1,0,0,0,0
2020-07-12,Mono,051,14174,71,45,0,45,1
2020-07-12,Monterey,053,433212,3445,2521,9,2530,18
2020-07-12,Napa,055,140530,709,519,0,519,4
2020-07-12,Nevada,057,99092,233,166,6,172,1
2020-07-12,Orange,059,3164182,33422,25399,389,25788,422
2020-07-12,Placer,061,380077,1491,1058,3,1061,11
2020-07-12,Plumas,063,18699,21,14,0,14,0
2020-07-12,Riverside,065,2383286,33390,26404,32,26436,542
2020-07-12,Sacramento,067,1510023,7723,5515,7,5522,85
2020-07-12,San Benito,069,59416,457,324,0,324,2
2020-07-12,San Bernardino,071,2135413,28392,19042,36,19078,312
2020-07-12,San Diego,073,3302833,24713,19929,2,19931,422
2020-07-12,San Francisco,075,870044,5290,4535,4,4539,50
2020-07-12,San Joaquin,077,732212,9207,6703,5,6708,71
2020-07-12,San Luis Obispo,079,281455,1448,972,7,979,5
2020-07-12,San Mateo,081,765935,4775,3988,7,3995,108
2020-07-12,Santa Barbara,083,443738,5209,4353,44,4397,28
2020-07-12,Santa Clara,085,1922200,8585,6252,20,6272,164
2020-07-12,Santa Cruz,087,273765,776,573,5,578,3
2020-07-12,Shasta,089,179085,310,173,1,174,6
2020-07-12,Sierra,091,2930,1,1,0,1,0
2020-07-12,Siskiyou,093,43540,59,36,0,36,0
2020-07-12,Solano,095,438530,2940,2037,10,2047,23
2020-07-12,Sonoma,097,501317,2304,1743,6,1749,13
2020-07-12,Stanislaus,099,539301,7289,5177,9,5186,53
2020-07-12,Sutter,101,95872,469,362,0,362,2
2020-07-12,Tehama,103,63373,148,111,2,113,1
2020-07-12,Trinity,105,12862,21,2,5,7,0
2020-07-12,Tulare,107,460477,7764,5864,27,5891,146
2020-07-12,Tuolumne,109,53932,89,52,2,54,0
2020-07-12,Ventura,111,848112,6311,4724,22,4746,50
2020-07-12,Yolo,113,214977,1245,889,3,892,27
2020-07-12,Yuba,115,75493,235,188,0,188,1
2020-07-11,Alameda,001,1643700,9674,7845,13,7858,148
2020-07-11,Alpine,003,1148,2,1,0,1,0
2020-07-11,Amador,005,37829,51,37,0,37,0
2020-07-11,Butte,007,227075,610,325,8,333,4
2020-07-11,Calaveras,009,45235,84,62,0,62,0
2020-07-11,Colusa,011,21464,203,110,0,110,0
2020-07-11,Contra Costa,013,1133247,6364,4650,11,4661,87
2020-07-11,Del Norte,015,27424,63,59,0,59,0
2020-07-11,El Dorado,017,186661,502,283,2,285,0
2020-07-11,Fresno,019,978130,14692,8086,112,8198,95
2020-07-11,Glenn,021,27897,240,161,0,161,0
2020-07-11,Humboldt,023,135768,200,174,1,175,4
2020-07-11,Imperial,025,180216,9171,6884,5,6889,109
2020-07-11,Inyo,027,18085,39,35,1,36,1
2020-07-11,Kern,029,883053,15859,6509,48,6557,103
2020-07-11,Kings,031,150075,3423,2753,22,2775,33
2020-07-11,Lake,033,64148,156,110,0,110,1
2020-07-11,Lassen,035,31185,490,237,2,239,0
2020-07-11,Los Angeles,037,10098052,152716,130479,177,130656,3802
2020-07-11,Madera,039,155013,1654,988,3,991,4
2020-07-11,Marin,041,260295,4273,3191,5,3196,21
2020-07-11,Mariposa,043,17540,39,31,0,31,1
2020-07-11,Mendocino,045,87422,157,88,0,88,0
2020-07-11,Merced,047,269075,3151,1851,2,1853,12
2020-07-11,Modoc,049,8938,1,0,0,0,0
2020-07-11,Mono,051,14174,68,45,0,45,1
2020-07-11,Monterey,053,433212,3356,2376,8,2384,18
2020-07-11,Napa,055,140530,697,509,0,509,4
2020-07-11,Nevada,057,99092,224,163,5,168,1
2020-07-11,Orange,059,3164182,33045,24430,375,24805,422
2020-07-11,Placer,061,380077,1456,1029,3,1032,11
2020-07-11,Plumas,063,18699,21,12,0,12,0
2020-07-11,Riverside,065,2383286,32999,25994,32,26026,538
2020-07-11,Sacramento,067,1510023,7549,5367,7,5374,84
2020-07-11,San Benito,069,59416,442,314,0,314,2
2020-07-11,San Bernardino,071,2135413,27955,18907,34,18941,310
2020-07-11,San Diego,073,3302833,24321,19371,2,19373,422
2020-07-11,San Francisco,075,870044,5194,4430,3,4433,50
2020-07-11,San Joaquin,077,732212,9029,6518,5,6523,72
2020-07-11,San Luis Obispo,079,281455,1400,930,7,937,4
2020-07-11,San Mateo,081,765935,4707,3956,7,3963,108
2020-07-11,Santa Barbara,083,443738,5140,4283,43,4326,28
2020-07-11,Santa Clara,085,1922200,8426,5959,20,5979,164
2020-07-11,Santa Cruz,087,273765,745,571,5,576,3
2020-07-11,Shasta,089,179085,303,168,1,169,6
2020-07-11,Sierra,091,2930,1,1,0,1,0
2020-07-11,Siskiyou,093,43540,59,36,0,36,0
2020-07-11,Solano,095,438530,2899,2034,10,2044,23
2020-07-11,Sonoma,097,501317,2266,1690,6,1696,13
2020-07-11,Stanislaus,099,539301,7148,4911,9,4920,51
2020-07-11,Sutter,101,95872,453,352,0,352,2
2020-07-11,Tehama,103,63373,146,111,2,113,1
2020-07-11,Trinity,105,12862,21,2,5,7,0
2020-07-11,Tulare,107,460477,7658,5780,27,5807,149
2020-07-11,Tuolumne,109,53932,87,50,2,52,0
2020-07-11,Ventura,111,848112,6215,4545,21,4566,49
2020-07-11,Yolo,113,214977,1216,833,3,836,27
2020-07-11,Yuba,115,75493,225,175,0,175,1
2020-07-10,Alameda,001,1643700,9517,7551,13,7564,147
2020-07-10,Alpine,003,1148,2,1,0,1,0
2020-07-10,Amador,005,37829,47,37,0,37,0
2020-07-10,Butte,007,227075,599,318,8,326,4
2020-07-10,Calaveras,009,45235,84,61,0,61,0
2020-07-10,Colusa,011,21464,197,103,0,103,0
2020-07-10,Contra Costa,013,1133247,6221,4482,11,4493,86
2020-07-10,Del Norte,015,27424,63,57,0,57,0
2020-07-10,El Dorado,017,186661,484,266,2,268,0
2020-07-10,Fresno,019,978130,14360,7760,109,7869,93
2020-07-10,Glenn,021,27897,235,157,0,157,0
2020-07-10,Humboldt,023,135768,199,168,1,169,4
2020-07-10,Imperial,025,180216,9126,6878,4,6882,98
2020-07-10,Inyo,027,18085,39,35,1,36,1
2020-07-10,Kern,029,883053,15426,6344,47,6391,102
2020-07-10,Kings,031,150075,3387,2707,22,2729,33
2020-07-10,Lake,033,64148,149,104,0,104,1
2020-07-10,Lassen,035,31185,489,235,2,237,0
2020-07-10,Los Angeles,037,10098052,150298,127503,171,127674,3750
2020-07-10,Madera,039,155013,1608,914,3,917,4
2020-07-10,Marin,041,260295,4210,3101,5,3106,21
2020-07-10,Mariposa,043,17540,38,31,0,31,1
2020-07-10,Mendocino,045,87422,149,88,0,88,0
2020-07-10,Merced,047,269075,3072,1802,2,1804,12
2020-07-10,Modoc,049,8938,1,0,0,0,0
2020-07-10,Mono,051,14174,67,45,0,45,1
2020-07-10,Monterey,053,433212,3278,2285,8,2293,18
2020-07-10,Napa,055,140530,686,496,0,496,4
2020-07-10,Nevada,057,99092,219,161,5,166,1
2020-07-10,Orange,059,3164182,32458,23692,372,24064,416
2020-07-10,Placer,061,380077,1414,1002,3,1005,11
2020-07-10,Plumas,063,18699,19,12,0,12,0
2020-07-10,Riverside,065,2383286,32482,25481,32,25513,533
2020-07-10,Sacramento,067,1510023,7294,5181,7,5188,81
2020-07-10,San Benito,069,59416,433,302,0,302,2
2020-07-10,San Bernardino,071,2135413,27430,18242,31,18273,308
2020-07-10,San Diego,073,3302833,23937,18862,2,18864,420
2020-07-10,San Francisco,075,870044,5103,4305,3,4308,50
2020-07-10,San Joaquin,077,732212,8796,6225,5,6230,67
2020-07-10,San Luis Obispo,079,281455,1362,891,7,898,4
2020-07-10,San Mateo,081,765935,4642,3844,7,3851,107
2020-07-10,Santa Barbara,083,443738,5043,4177,42,4219,28
2020-07-10,Santa Clara,085,1922200,8202,5819,20,5839,164
2020-07-10,Santa Cruz,087,273765,717,540,5,545,3
2020-07-10,Shasta,089,179085,299,158,1,159,6
2020-07-10,Sierra,091,2930,1,1,0,1,0
2020-07-10,Siskiyou,093,43540,59,31,0,31,0
2020-07-10,Solano,095,438530,2852,1950,10,1960,23
2020-07-10,Sonoma,097,501317,2219,1606,5,1611,13
2020-07-10,Stanislaus,099,539301,6978,4781,9,4790,46
2020-07-10,Sutter,101,95872,446,338,0,338,2
2020-07-10,Tehama,103,63373,145,107,2,109,1
2020-07-10,Trinity,105,12862,21,2,5,7,0
2020-07-10,Tulare,107,460477,7521,5677,27,5704,150
2020-07-10,Tuolumne,109,53932,86,49,2,51,0
2020-07-10,Ventura,111,848112,6101,4416,21,4437,48
2020-07-10,Yolo,113,214977,1192,794,3,797,27
2020-07-10,Yuba,115,75493,211,164,0,164,1
2020-07-09,Alameda,001,1643700,9281,7433,13,7446,146
2020-07-09,Alpine,003,1148,2,1,0,1,0
2020-07-09,Amador,005,37829,44,36,0,36,0
2020-07-09,Butte,007,227075,567,295,8,303,4
2020-07-09,Calaveras,009,45235,83,59,0,59,0
2020-07-09,Colusa,011,21464,189,97,0,97,0
2020-07-09,Contra Costa,013,1133247,5978,4388,11,4399,86
2020-07-09,Del Norte,015,27424,63,57,0,57,0
2020-07-09,El Dorado,017,186661,459,255,2,257,0
2020-07-09,Fresno,019,978130,13906,7385,106,7491,90
2020-07-09,Glenn,021,27897,225,150,0,150,0
2020-07-09,Humboldt,023,135768,196,166,1,167,4
2020-07-09,Imperial,025,180216,9029,6778,4,6782,87
2020-07-09,Inyo,027,18085,37,35,1,36,1
2020-07-09,Kern,029,883053,14781,6100,45,6145,95
2020-07-09,Kings,031,150075,3323,2686,21,2707,33
2020-07-09,Lake,033,64148,146,99,0,99,1
2020-07-09,Lassen,035,31185,433,221,2,223,0
2020-07-09,Los Angeles,037,10098052,147040,125062,147,125209,3698
2020-07-09,Madera,039,155013,1531,850,3,853,4
2020-07-09,Marin,041,260295,4058,2975,4,2979,20
2020-07-09,Mariposa,043,17540,38,32,0,32,1
2020-07-09,Mendocino,045,87422,145,88,0,88,0
2020-07-09,Merced,047,269075,2939,1728,2,1730,11
2020-07-09,Modoc,049,8938,1,0,0,0,0
2020-07-09,Mono,051,14174,63,45,0,45,1
2020-07-09,Monterey,053,433212,3153,2223,8,2231,17
2020-07-09,Napa,055,140530,669,468,0,468,4
2020-07-09,Nevada,057,99092,213,156,5,161,1
2020-07-09,Orange,059,3164182,31487,22960,354,23314,407
2020-07-09,Placer,061,380077,1372,982,3,985,11
2020-07-09,Plumas,063,18699,19,12,0,12,0
2020-07-09,Riverside,065,2383286,31589,24980,31,25011,529
2020-07-09,Sacramento,067,1510023,6967,4950,7,4957,81
2020-07-09,San Benito,069,59416,417,295,0,295,2
2020-07-09,San Bernardino,071,2135413,26557,17339,25,17364,307
2020-07-09,San Diego,073,3302833,23345,18404,2,18406,415
2020-07-09,San Francisco,075,870044,4971,4143,3,4146,50
2020-07-09,San Joaquin,077,732212,8437,6004,5,6009,66
2020-07-09,San Luis Obispo,079,281455,1322,869,7,876,3
2020-07-09,San Mateo,081,765935,4515,3792,7,3799,106
2020-07-09,Santa Barbara,083,443738,4911,4068,42,4110,28
2020-07-09,Santa Clara,085,1922200,7945,5638,19,5657,164
2020-07-09,Santa Cruz,087,273765,690,526,5,531,3
2020-07-09,Shasta,089,179085,293,155,1,156,5
2020-07-09,Sierra,091,2930,1,1,0,1,0
2020-07-09,Siskiyou,093,43540,55,31,0,31,0
2020-07-09,Solano,095,438530,2754,1892,10,1902,23
2020-07-09,Sonoma,097,501317,2133,1584,5,1589,13
2020-07-09,Stanislaus,099,539301,6663,4633,8,4641,46
2020-07-09,Sutter,101,95872,429,321,0,321,2
2020-07-09,Tehama,103,63373,140,102,2,104,1
2020-07-09,Trinity,105,12862,21,2,5,7,0
2020-07-09,Tulare,107,460477,7302,5501,26,5527,146
2020-07-09,Tuolumne,109,53932,85,47,2,49,0
2020-07-09,Ventura,111,848112,5933,4278,21,4299,47
2020-07-09,Yolo,113,214977,1144,764,3,767,27
2020-07-09,Yuba,115,75493,194,152,0,152,1
2020-07-08,Alameda,001,1643700,8989,7335,13,7348,142
2020-07-08,Alpine,003,1148,2,1,0,1,0
2020-07-08,Amador,005,37829,41,35,0,35,0
2020-07-08,Butte,007,227075,530,281,8,289,3
2020-07-08,Calaveras,009,45235,78,58,0,58,0
2020-07-08,Colusa,011,21464,176,90,0,90,0
2020-07-08,Contra Costa,013,1133247,5732,4268,9,4277,84
2020-07-08,Del Norte,015,27424,61,57,0,57,0
2020-07-08,El Dorado,017,186661,438,248,2,250,0
2020-07-08,Fresno,019,978130,13489,7102,98,7200,86
2020-07-08,Glenn,021,27897,214,146,0,146,0
2020-07-08,Humboldt,023,135768,193,162,1,163,4
2020-07-08,Imperial,025,180216,8942,6727,4,6731,76
2020-07-08,Inyo,027,18085,37,35,1,36,1
2020-07-08,Kern,029,883053,14203,5873,43,5916,91
2020-07-08,Kings,031,150075,3263,2629,18,2647,33
2020-07-08,Lake,033,64148,139,97,0,97,1
2020-07-08,Lassen,035,31185,337,221,2,223,0
2020-07-08,Los Angeles,037,10098052,143840,123462,120,123582,3650
2020-07-08,Madera,039,155013,1461,828,3,831,4
2020-07-08,Marin,041,260295,3959,2756,4,2760,17
2020-07-08,Mariposa,043,17540,38,31,0,31,1
2020-07-08,Mendocino,045,87422,132,84,0,84,0
2020-07-08,Merced,047,269075,2819,1578,2,1580,11
2020-07-08,Modoc,049,8938,1,0,0,0,0
2020-07-08,Mono,051,14174,60,45,0,45,1
2020-07-08,Monterey,053,433212,3035,2182,7,2189,17
2020-07-08,Napa,055,140530,647,468,0,468,4
2020-07-08,Nevada,057,99092,204,156,5,161,1
2020-07-08,Orange,059,3164182,30535,22088,349,22437,378
2020-07-08,Placer,061,380077,1325,948,3,951,11
2020-07-08,Plumas,063,18699,19,12,0,12,0
2020-07-08,Riverside,065,2383286,30625,24042,30,24072,508
2020-07-08,Sacramento,067,1510023,6679,4799,7,4806,80
2020-07-08,San Benito,069,59416,401,282,0,282,2
2020-07-08,San Bernardino,071,2135413,25703,16510,21,16531,296
2020-07-08,San Diego,073,3302833,22775,17844,2,17846,406
2020-07-08,San Francisco,075,870044,4882,4093,3,4096,50
2020-07-08,San Joaquin,077,732212,8094,5759,5,5764,61
2020-07-08,San Luis Obispo,079,281455,1270,825,7,832,2
2020-07-08,San Mateo,081,765935,4394,3733,7,3740,106
2020-07-08,Santa Barbara,083,443738,4792,3985,42,4027,28
2020-07-08,Santa Clara,085,1922200,7712,5510,19,5529,164
2020-07-08,Santa Cruz,087,273765,657,509,4,513,3
2020-07-08,Shasta,089,179085,284,148,1,149,6
2020-07-08,Sierra,091,2930,1,1,0,1,0
2020-07-08,Siskiyou,093,43540,55,31,0,31,0
2020-07-08,Solano,095,438530,2638,1821,10,1831,23
2020-07-08,Sonoma,097,501317,2058,1495,5,1500,9
2020-07-08,Stanislaus,099,539301,6363,4344,8,4352,46
2020-07-08,Sutter,101,95872,404,298,0,298,2
2020-07-08,Tehama,103,63373,134,100,2,102,1
2020-07-08,Trinity,105,12862,20,2,5,7,0
2020-07-08,Tulare,107,460477,7110,5307,21,5328,138
2020-07-08,Tuolumne,109,53932,81,42,2,44,0
2020-07-08,Ventura,111,848112,5768,4139,21,4160,47
2020-07-08,Yolo,113,214977,1100,727,3,730,26
2020-07-08,Yuba,115,75493,181,145,0,145,1
2020-07-07,Alameda,001,1643700,8669,7097,12,7109,141
2020-07-07,Alpine,003,1148,2,1,0,1,0
2020-07-07,Amador,005,37829,41,33,0,33,0
2020-07-07,Butte,007,227075,487,269,8,277,3
2020-07-07,Calaveras,009,45235,76,58,0,58,0
2020-07-07,Colusa,011,21464,143,84,0,84,0
2020-07-07,Contra Costa,013,1133247,5496,4131,8,4139,84
2020-07-07,Del Norte,015,27424,61,57,0,57,0
2020-07-07,El Dorado,017,186661,418,244,2,246,0
2020-07-07,Fresno,019,978130,13036,6738,98,6836,84
2020-07-07,Glenn,021,27897,205,145,0,145,0
2020-07-07,Humboldt,023,135768,190,150,1,151,4
2020-07-07,Imperial,025,180216,8843,6678,4,6682,51
2020-07-07,Inyo,027,18085,36,32,1,33,1
2020-07-07,Kern,029,883053,13504,5645,39,5684,88
2020-07-07,Kings,031,150075,3200,2623,16,2639,33
2020-07-07,Lake,033,64148,129,94,0,94,1
2020-07-07,Lassen,035,31185,266,219,2,221,0
2020-07-07,Los Angeles,037,10098052,140274,121026,112,121138,3588
2020-07-07,Madera,039,155013,1417,794,3,797,4
2020-07-07,Marin,041,260295,3870,2627,4,2631,17
2020-07-07,Mariposa,043,17540,38,31,0,31,1
2020-07-07,Mendocino,045,87422,124,82,0,82,0
2020-07-07,Merced,047,269075,2645,1531,2,1533,10
2020-07-07,Modoc,049,8938,1,0,0,0,0
2020-07-07,Mono,051,14174,59,42,0,42,1
2020-07-07,Monterey,053,433212,2892,2166,7,2173,17
2020-07-07,Napa,055,140530,628,459,0,459,4
2020-07-07,Nevada,057,99092,198,150,5,155,1
2020-07-07,Orange,059,3164182,29524,21741,335,22076,373
2020-07-07,Placer,061,380077,1284,930,3,933,11
2020-07-07,Plumas,063,18699,17,12,0,12,0
2020-07-07,Riverside,065,2383286,29610,23279,30,23309,499
2020-07-07,Sacramento,067,1510023,6336,4592,7,4599,76
2020-07-07,San Benito,069,59416,383,274,0,274,2
2020-07-07,San Bernardino,071,2135413,24832,16004,19,16023,277
2020-07-07,San Diego,073,3302833,22056,17580,2,17582,399
2020-07-07,San Francisco,075,870044,4789,4045,2,4047,50
2020-07-07,San Joaquin,077,732212,7752,5547,5,5552,59
2020-07-07,San Luis Obispo,079,281455,1209,795,7,802,2
2020-07-07,San Mateo,081,765935,4279,3691,7,3698,106
2020-07-07,Santa Barbara,083,443738,4664,3866,41,3907,27
2020-07-07,Santa Clara,085,1922200,7443,5438,19,5457,164
2020-07-07,Santa Cruz,087,273765,623,502,3,505,2
2020-07-07,Shasta,089,179085,271,144,1,145,6
2020-07-07,Sierra,091,2930,1,1,0,1,0
2020-07-07,Siskiyou,093,43540,54,30,0,30,0
2020-07-07,Solano,095,438530,2527,1776,9,1785,22
2020-07-07,Sonoma,097,501317,1988,1473,5,1478,8
2020-07-07,Stanislaus,099,539301,6024,4101,8,4109,46
2020-07-07,Sutter,101,95872,378,273,0,273,2
2020-07-07,Tehama,103,63373,125,95,2,97,1
2020-07-07,Trinity,105,12862,20,2,5,7,0
2020-07-07,Tulare,107,460477,6930,5189,19,5208,137
2020-07-07,Tuolumne,109,53932,75,40,2,42,0
2020-07-07,Ventura,111,848112,5599,3992,19,4011,46
2020-07-07,Yolo,113,214977,1032,706,3,709,26
2020-07-07,Yuba,115,75493,161,138,0,138,1
2020-07-06,Alameda,001,1643700,8431,6970,12,6982,141
2020-07-06,Alpine,003,1148,1,1,0,1,0
2020-07-06,Amador,005,37829,39,33,0,33,0
2020-07-06,Butte,007,227075,431,257,8,265,2
2020-07-06,Calaveras,009,45235,73,45,0,45,0
2020-07-06,Colusa,011,21464,134,80,0,80,0
2020-07-06,Contra Costa,013,1133247,5265,3901,7,3908,83
2020-07-06,Del Norte,015,27424,60,57,0,57,0
2020-07-06,El Dorado,017,186661,403,232,1,233,0
2020-07-06,Fresno,019,978130,12568,6364,92,6456,82
2020-07-06,Glenn,021,27897,197,129,0,129,0
2020-07-06,Humboldt,023,135768,188,148,1,149,3
2020-07-06,Imperial,025,180216,8723,6443,4,6447,47
2020-07-06,Inyo,027,18085,36,32,1,33,1
2020-07-06,Kern,029,883053,12698,5491,38,5529,82
2020-07-06,Kings,031,150075,3149,2583,11,2594,33
2020-07-06,Lake,033,64148,122,93,0,93,1
2020-07-06,Lassen,035,31185,264,219,2,221,0
2020-07-06,Los Angeles,037,10098052,136673,116707,98,116805,3541
2020-07-06,Madera,039,155013,1347,734,3,737,4
2020-07-06,Marin,041,260295,3630,2136,4,2140,17
2020-07-06,Mariposa,043,17540,36,31,0,31,1
2020-07-06,Mendocino,045,87422,107,72,0,72,0
2020-07-06,Merced,047,269075,2494,1396,2,1398,10
2020-07-06,Modoc,049,8938,1,0,0,0,0
2020-07-06,Mono,051,14174,58,40,0,40,1
2020-07-06,Monterey,053,433212,2803,2078,7,2085,15
2020-07-06,Napa,055,140530,610,454,0,454,4
2020-07-06,Nevada,057,99092,192,146,5,151,1
2020-07-06,Orange,059,3164182,28462,20167,298,20465,372
2020-07-06,Placer,061,380077,1222,904,3,907,11
2020-07-06,Plumas,063,18699,17,11,0,11,0
2020-07-06,Riverside,065,2383286,28555,22485,29,22514,477
2020-07-06,Sacramento,067,1510023,5985,4420,7,4427,71
2020-07-06,San Benito,069,59416,368,264,0,264,2
2020-07-06,San Bernardino,071,2135413,23978,15346,16,15362,272
2020-07-06,San Diego,073,3302833,21324,17002,2,17004,387
2020-07-06,San Francisco,075,870044,4668,3861,2,3863,50
2020-07-06,San Joaquin,077,732212,7382,5104,5,5109,57
2020-07-06,San Luis Obispo,079,281455,1151,751,7,758,2
2020-07-06,San Mateo,081,765935,4187,3650,6,3656,106
2020-07-06,Santa Barbara,083,443738,4527,3763,40,3803,27
2020-07-06,Santa Clara,085,1922200,7172,5369,19,5388,165
2020-07-06,Santa Cruz,087,273765,601,466,2,468,2
2020-07-06,Shasta,089,179085,261,143,1,144,6
2020-07-06,Sierra,091,2930,1,1,0,1,0
2020-07-06,Siskiyou,093,43540,50,30,0,30,0
2020-07-06,Solano,095,438530,2394,1668,9,1677,22
2020-07-06,Sonoma,097,501317,1923,1369,5,1374,8
2020-07-06,Stanislaus,099,539301,5623,3983,8,3991,46
2020-07-06,Sutter,101,95872,351,250,0,250,2
2020-07-06,Tehama,103,63373,122,95,2,97,1
2020-07-06,Trinity,105,12862,19,2,5,7,0
2020-07-06,Tulare,107,460477,6725,5039,17,5056,136
2020-07-06,Tuolumne,109,53932,72,30,2,32,0
2020-07-06,Ventura,111,848112,5406,3912,19,3931,44
2020-07-06,Yolo,113,214977,976,685,3,688,26
2020-07-06,Yuba,115,75493,147,124,0,124,1
2020-07-05,Alameda,001,1643700,8179,6861,12,6873,141
2020-07-05,Alpine,003,1148,1,1,0,1,0
2020-07-05,Amador,005,37829,37,31,0,31,0
2020-07-05,Butte,007,227075,396,248,8,256,2
2020-07-05,Calaveras,009,45235,69,45,0,45,0
2020-07-05,Colusa,011,21464,124,79,0,79,0
2020-07-05,Contra Costa,013,1133247,5025,3665,6,3671,80
2020-07-05,Del Norte,015,27424,60,57,0,57,0
2020-07-05,El Dorado,017,186661,385,227,1,228,0
2020-07-05,Fresno,019,978130,12002,6186,91,6277,82
2020-07-05,Glenn,021,27897,194,129,0,129,0
2020-07-05,Humboldt,023,135768,184,147,1,148,3
2020-07-05,Imperial,025,180216,8589,6441,4,6445,47
2020-07-05,Inyo,027,18085,35,32,1,33,1
2020-07-05,Kern,029,883053,11989,5351,38,5389,82
2020-07-05,Kings,031,150075,3066,2546,10,2556,31
2020-07-05,Lake,033,64148,122,92,0,92,1
2020-07-05,Lassen,035,31185,258,219,2,221,0
2020-07-05,Los Angeles,037,10098052,133452,115133,92,115225,3495
2020-07-05,Madera,039,155013,1269,564,3,567,4
2020-07-05,Marin,041,260295,3447,2080,4,2084,17
2020-07-05,Mariposa,043,17540,36,31,0,31,1
2020-07-05,Mendocino,045,87422,104,72,0,72,0
2020-07-05,Merced,047,269075,2349,1340,2,1342,10
2020-07-05,Modoc,049,8938,1,0,0,0,0
2020-07-05,Mono,051,14174,54,39,0,39,1
2020-07-05,Monterey,053,433212,2700,1994,7,2001,15
2020-07-05,Napa,055,140530,580,450,0,450,4
2020-07-05,Nevada,057,99092,186,141,5,146,1
2020-07-05,Orange,059,3164182,27521,19430,285,19715,372
2020-07-05,Placer,061,380077,1165,855,3,858,11
2020-07-05,Plumas,063,18699,16,11,0,11,0
2020-07-05,Riverside,065,2383286,27698,21511,29,21540,474
2020-07-05,Sacramento,067,1510023,5670,4265,6,4271,71
2020-07-05,San Benito,069,59416,349,258,0,258,2
2020-07-05,San Bernardino,071,2135413,23101,15026,16,15042,270
2020-07-05,San Diego,073,3302833,20633,16728,2,16730,387
2020-07-05,San Francisco,075,870044,4550,3861,2,3863,50
2020-07-05,San Joaquin,077,732212,7063,5015,5,5020,57
2020-07-05,San Luis Obispo,079,281455,1072,730,7,737,2
2020-07-05,San Mateo,081,765935,4076,3575,6,3581,106
2020-07-05,Santa Barbara,083,443738,4380,3671,37,3708,27
2020-07-05,Santa Clara,085,1922200,6879,5237,19,5256,162
2020-07-05,Santa Cruz,087,273765,583,467,0,467,2
2020-07-05,Shasta,089,179085,255,138,1,139,6
2020-07-05,Sierra,091,2930,1,1,0,1,0
2020-07-05,Siskiyou,093,43540,46,30,0,30,0
2020-07-05,Solano,095,438530,2274,1547,9,1556,22
2020-07-05,Sonoma,097,501317,1842,1369,5,1374,8
2020-07-05,Stanislaus,099,539301,5292,3777,7,3784,45
2020-07-05,Sutter,101,95872,323,241,0,241,2
2020-07-05,Tehama,103,63373,120,95,2,97,1
2020-07-05,Trinity,105,12862,19,2,5,7,0
2020-07-05,Tulare,107,460477,6466,4981,15,4996,135
2020-07-05,Tuolumne,109,53932,67,30,2,32,0
2020-07-05,Ventura,111,848112,5203,3866,19,3885,44
2020-07-05,Yolo,113,214977,936,644,3,647,26
2020-07-05,Yuba,115,75493,137,115,0,115,1
2020-07-04,Alameda,001,1643700,8067,6737,12,6749,141
2020-07-04,Alpine,003,1148,1,1,0,1,0
2020-07-04,Amador,005,37829,36,31,0,31,0
2020-07-04,Butte,007,227075,378,224,8,232,2
2020-07-04,Calaveras,009,45235,69,45,0,45,0
2020-07-04,Colusa,011,21464,123,76,0,76,0
2020-07-04,Contra Costa,013,1133247,4877,3583,6,3589,80
2020-07-04,Del Norte,015,27424,60,50,0,50,0
2020-07-04,El Dorado,017,186661,366,211,1,212,0
2020-07-04,Fresno,019,978130,11685,5999,89,6088,82
2020-07-04,Glenn,021,27897,187,128,0,128,0
2020-07-04,Humboldt,023,135768,177,144,1,145,3
2020-07-04,Imperial,025,180216,8540,6441,4,6445,47
2020-07-04,Inyo,027,18085,35,32,1,33,1
2020-07-04,Kern,029,883053,11685,5231,38,5269,81
2020-07-04,Kings,031,150075,3023,2509,10,2519,31
2020-07-04,Lake,033,64148,115,86,0,86,1
2020-07-04,Lassen,035,31185,258,219,2,221,0
2020-07-04,Los Angeles,037,10098052,131635,107256,81,107337,3462
2020-07-04,Madera,039,155013,1223,568,3,571,4
2020-07-04,Marin,041,260295,3418,1962,4,1966,17
2020-07-04,Mariposa,043,17540,36,28,0,28,1
2020-07-04,Mendocino,045,87422,104,72,0,72,0
2020-07-04,Merced,047,269075,2247,1252,2,1254,10
2020-07-04,Modoc,049,8938,1,0,0,0,0
2020-07-04,Mono,051,14174,54,37,0,37,1
2020-07-04,Monterey,053,433212,2620,1878,7,1885,15
2020-07-04,Napa,055,140530,571,426,0,426,4
2020-07-04,Nevada,057,99092,183,125,5,130,1
2020-07-04,Orange,059,3164182,27088,19247,272,19519,372
2020-07-04,Placer,061,380077,1130,796,3,799,11
2020-07-04,Plumas,063,18699,16,11,0,11,0
2020-07-04,Riverside,065,2383286,27331,21508,29,21537,474
2020-07-04,Sacramento,067,1510023,5499,4039,6,4045,71
2020-07-04,San Benito,069,59416,336,255,0,255,2
2020-07-04,San Bernardino,071,2135413,22675,14636,14,14650,270
2020-07-04,San Diego,073,3302833,20173,16166,2,16168,387
2020-07-04,San Francisco,075,870044,4458,3861,2,3863,50
2020-07-04,San Joaquin,077,732212,6850,4807,5,4812,57
2020-07-04,San Luis Obispo,079,281455,1032,699,7,706,2
2020-07-04,San Mateo,081,765935,4013,3532,6,3538,106
2020-07-04,Santa Barbara,083,443738,4305,3520,35,3555,27
2020-07-04,Santa Clara,085,1922200,6687,5045,18,5063,161
2020-07-04,Santa Cruz,087,273765,573,466,0,466,2
2020-07-04,Shasta,089,179085,252,135,1,136,6
2020-07-04,Sierra,091,2930,1,1,0,1,0
2020-07-04,Siskiyou,093,43540,39,30,0,30,0
2020-07-04,Solano,095,438530,2238,1548,9,1557,22
2020-07-04,Sonoma,097,501317,1816,1370,5,1375,8
2020-07-04,Stanislaus,099,539301,5134,3572,7,3579,44
2020-07-04,Sutter,101,95872,304,225,0,225,2
2020-07-04,Tehama,103,63373,117,92,2,94,1
2020-07-04,Trinity,105,12862,19,2,5,7,0
2020-07-04,Tulare,107,460477,6354,4802,14,4816,135
2020-07-04,Tuolumne,109,53932,63,30,2,32,0
2020-07-04,Ventura,111,848112,5079,3687,19,3706,44
2020-07-04,Yolo,113,214977,911,615,3,618,26
2020-07-04,Yuba,115,75493,130,102,0,102,1
2020-07-03,Alameda,001,1643700,7946,6486,12,6498,141
2020-07-03,Alpine,003,1148,1,1,0,1,0
2020-07-03,Amador,005,37829,36,25,0,25,0
2020-07-03,Butte,007,227075,366,212,8,220,2
2020-07-03,Calaveras,009,45235,69,44,0,44,0
2020-07-03,Colusa,011,21464,117,70,0,70,0
2020-07-03,Contra Costa,013,1133247,4743,3447,6,3453,78
2020-07-03,Del Norte,015,27424,60,50,0,50,0
2020-07-03,El Dorado,017,186661,354,201,1,202,0
2020-07-03,Fresno,019,978130,11380,5783,87,5870,81
2020-07-03,Glenn,021,27897,182,122,0,122,0
2020-07-03,Humboldt,023,135768,173,143,1,144,3
2020-07-03,Imperial,025,180216,8492,6345,4,6349,47
2020-07-03,Inyo,027,18085,35,32,1,33,1
2020-07-03,Kern,029,883053,11424,5213,38,5251,81
2020-07-03,Kings,031,150075,2987,2492,10,2502,31
2020-07-03,Lake,033,64148,108,83,0,83,0
2020-07-03,Lassen,035,31185,258,219,2,221,0
2020-07-03,Los Angeles,037,10098052,130118,107236,77,107313,3461
2020-07-03,Madera,039,155013,1178,565,3,568,4
2020-07-03,Marin,041,260295,3390,1776,4,1780,17
2020-07-03,Mariposa,043,17540,36,28,0,28,1
2020-07-03,Mendocino,045,87422,103,72,0,72,0
2020-07-03,Merced,047,269075,2181,1188,2,1190,10
2020-07-03,Modoc,049,8938,1,0,0,0,0
2020-07-03,Mono,051,14174,54,37,0,37,1
2020-07-03,Monterey,053,433212,2550,1804,7,1811,15
2020-07-03,Napa,055,140530,553,388,0,388,4
2020-07-03,Nevada,057,99092,182,125,5,130,1
2020-07-03,Orange,059,3164182,26697,18819,264,19083,366
2020-07-03,Placer,061,380077,1103,745,3,748,11
2020-07-03,Plumas,063,18699,16,11,0,11,0
2020-07-03,Riverside,065,2383286,27025,21171,29,21200,472
2020-07-03,Sacramento,067,1510023,5365,3711,6,3717,71
2020-07-03,San Benito,069,59416,329,243,0,243,2
2020-07-03,San Bernardino,071,2135413,22286,14040,14,14054,269
2020-07-03,San Diego,073,3302833,19718,15698,2,15700,387
2020-07-03,San Francisco,075,870044,4411,3781,2,3783,50
2020-07-03,San Joaquin,077,732212,6711,4416,4,4420,56
2020-07-03,San Luis Obispo,079,281455,997,676,7,683,2
2020-07-03,San Mateo,081,765935,3956,3439,6,3445,106
2020-07-03,Santa Barbara,083,443738,4218,3406,34,3440,27
2020-07-03,Santa Clara,085,1922200,6575,4820,18,4838,161
2020-07-03,Santa Cruz,087,273765,559,436,0,436,2
2020-07-03,Shasta,089,179085,244,113,1,114,6
2020-07-03,Sierra,091,2930,1,1,0,1,0
2020-07-03,Siskiyou,093,43540,36,30,0,30,0
2020-07-03,Solano,095,438530,2194,1496,8,1504,22
2020-07-03,Sonoma,097,501317,1767,1282,5,1287,8
2020-07-03,Stanislaus,099,539301,5010,3021,7,3028,43
2020-07-03,Sutter,101,95872,294,205,0,205,2
2020-07-03,Tehama,103,63373,115,89,2,91,1
2020-07-03,Trinity,105,12862,19,2,5,7,0
2020-07-03,Tulare,107,460477,6239,4656,14,4670,134
2020-07-03,Tuolumne,109,53932,61,27,2,29,0
2020-07-03,Ventura,111,848112,4983,3536,19,3555,44
2020-07-03,Yolo,113,214977,877,586,3,589,25
2020-07-03,Yuba,115,75493,125,96,0,96,1
2020-07-02,Alameda,001,1643700,7820,6386,12,6398,139
2020-07-02,Alpine,003,1148,1,1,0,1,0
2020-07-02,Amador,005,37829,35,23,0,23,0
2020-07-02,Butte,007,227075,349,199,8,207,2
2020-07-02,Calaveras,009,45235,65,42,0,42,0
2020-07-02,Colusa,011,21464,109,60,0,60,0
2020-07-02,Contra Costa,013,1133247,4559,3347,6,3353,77
2020-07-02,Del Norte,015,27424,59,50,0,50,0
2020-07-02,El Dorado,017,186661,343,193,1,194,0
2020-07-02,Fresno,019,978130,10920,5402,86,5488,78
2020-07-02,Glenn,021,27897,176,114,0,114,0
2020-07-02,Humboldt,023,135768,169,138,1,139,3
2020-07-02,Imperial,025,180216,8391,6236,4,6240,47
2020-07-02,Inyo,027,18085,35,29,1,30,1
2020-07-02,Kern,029,883053,10888,5036,36,5072,78
2020-07-02,Kings,031,150075,2936,2419,10,2429,31
2020-07-02,Lake,033,64148,104,81,0,81,0
2020-07-02,Lassen,035,31185,256,218,2,220,0
2020-07-02,Los Angeles,037,10098052,128100,107144,54,107198,3458
2020-07-02,Madera,039,155013,1110,548,3,551,4
2020-07-02,Marin,041,260295,3304,1706,4,1710,17
2020-07-02,Mariposa,043,17540,35,28,0,28,1
2020-07-02,Mendocino,045,87422,99,71,0,71,0
2020-07-02,Merced,047,269075,2084,1122,2,1124,10
2020-07-02,Modoc,049,8938,1,0,0,0,0
2020-07-02,Mono,051,14174,54,37,0,37,1
2020-07-02,Monterey,053,433212,2490,1796,7,1803,15
2020-07-02,Napa,055,140530,536,352,0,352,4
2020-07-02,Nevada,057,99092,176,118,4,122,1
2020-07-02,Orange,059,3164182,25933,17056,251,17307,360
2020-07-02,Placer,061,380077,1079,740,3,743,11
2020-07-02,Plumas,063,18699,15,8,0,8,0
2020-07-02,Riverside,065,2383286,26452,20253,29,20282,458
2020-07-02,Sacramento,067,1510023,5138,3587,6,3593,70
2020-07-02,San Benito,069,59416,321,236,0,236,2
2020-07-02,San Bernardino,071,2135413,21750,13185,14,13199,260
2020-07-02,San Diego,073,3302833,19253,15208,2,15210,377
2020-07-02,San Francisco,075,870044,4316,3676,2,3678,50
2020-07-02,San Joaquin,077,732212,6364,4243,4,4247,56
2020-07-02,San Luis Obispo,079,281455,952,659,7,666,2
2020-07-02,San Mateo,081,765935,3876,3390,6,3396,107
2020-07-02,Santa Barbara,083,443738,4118,3385,32,3417,27
2020-07-02,Santa Clara,085,1922200,6449,4722,18,4740,160
2020-07-02,Santa Cruz,087,273765,536,414,0,414,2
2020-07-02,Shasta,089,179085,241,110,1,111,5
2020-07-02,Sierra,091,2930,1,1,0,1,0
2020-07-02,Siskiyou,093,43540,36,30,0,30,0
2020-07-02,Solano,095,438530,2111,1429,8,1437,21
2020-07-02,Sonoma,097,501317,1710,1244,5,1249,6
2020-07-02,Stanislaus,099,539301,4838,2850,7,2857,41
2020-07-02,Sutter,101,95872,282,195,0,195,2
2020-07-02,Tehama,103,63373,113,86,2,88,1
2020-07-02,Trinity,105,12862,19,2,5,7,0
2020-07-02,Tulare,107,460477,6072,4559,13,4572,132
2020-07-02,Tuolumne,109,53932,58,23,2,25,0
2020-07-02,Ventura,111,848112,4827,3394,19,3413,42
2020-07-02,Yolo,113,214977,845,554,3,557,24
2020-07-02,Yuba,115,75493,115,93,0,93,1
2020-07-01,Alameda,001,1643700,7598,6125,12,6137,137
2020-07-01,Alpine,003,1148,1,1,0,1,0
2020-07-01,Amador,005,37829,34,22,0,22,0
2020-07-01,Butte,007,227075,324,185,8,193,2
2020-07-01,Calaveras,009,45235,63,37,0,37,0
2020-07-01,Colusa,011,21464,103,53,0,53,0
2020-07-01,Contra Costa,013,1133247,4347,3259,6,3265,76
2020-07-01,Del Norte,015,27424,59,50,0,50,0
2020-07-01,El Dorado,017,186661,316,183,1,184,0
2020-07-01,Fresno,019,978130,10486,5111,83,5194,76
2020-07-01,Glenn,021,27897,170,110,0,110,0
2020-07-01,Humboldt,023,135768,164,134,0,134,3
2020-07-01,Imperial,025,180216,8294,6150,4,6154,46
2020-07-01,Inyo,027,18085,34,30,1,31,1
2020-07-01,Kern,029,883053,10255,4853,34,4887,78
2020-07-01,Kings,031,150075,2868,2360,10,2370,30
2020-07-01,Lake,033,64148,103,75,0,75,0
2020-07-01,Lassen,035,31185,255,217,2,219,0
2020-07-01,Los Angeles,037,10098052,124897,105325,45,105370,3408
2020-07-01,Madera,039,155013,1069,519,3,522,4
2020-07-01,Marin,041,260295,3147,1636,4,1640,17
2020-07-01,Mariposa,043,17540,35,29,0,29,1
2020-07-01,Mendocino,045,87422,95,70,0,70,0
2020-07-01,Merced,047,269075,1986,1052,2,1054,10
2020-07-01,Modoc,049,8938,1,0,0,0,0
2020-07-01,Mono,051,14174,51,37,0,37,1
2020-07-01,Monterey,053,433212,2382,1703,6,1709,15
2020-07-01,Napa,055,140530,513,347,0,347,4
2020-07-01,Nevada,057,99092,166,115,4,119,1
2020-07-01,Orange,059,3164182,25048,15662,230,15892,343
2020-07-01,Placer,061,380077,1032,713,3,716,11
2020-07-01,Plumas,063,18699,13,8,0,8,0
2020-07-01,Riverside,065,2383286,25610,19537,28,19565,457
2020-07-01,Sacramento,067,1510023,4883,3425,6,3431,64
2020-07-01,San Benito,069,59416,312,219,0,219,2
2020-07-01,San Bernardino,071,2135413,20855,12712,11,12723,253
2020-07-01,San Diego,073,3302833,18685,14624,2,14626,372
2020-07-01,San Francisco,075,870044,4223,3626,2,3628,50
2020-07-01,San Joaquin,077,732212,6006,3990,4,3994,54
2020-07-01,San Luis Obispo,079,281455,925,613,7,620,1
2020-07-01,San Mateo,081,765935,3814,3326,6,3332,84
2020-07-01,Santa Barbara,083,443738,3998,3268,31,3299,27
2020-07-01,Santa Clara,085,1922200,6261,4547,17,4564,159
2020-07-01,Santa Cruz,087,273765,512,398,0,398,2
2020-07-01,Shasta,089,179085,236,104,1,105,5
2020-07-01,Sierra,091,2930,1,1,0,1,0
2020-07-01,Siskiyou,093,43540,36,28,0,28,0
2020-07-01,Solano,095,438530,2022,1350,8,1358,21
2020-07-01,Sonoma,097,501317,1615,1178,5,1183,6
2020-07-01,Stanislaus,099,539301,4559,2619,7,2626,41
2020-07-01,Sutter,101,95872,269,188,0,188,2
2020-07-01,Tehama,103,63373,106,80,2,82,1
2020-07-01,Trinity,105,12862,19,2,4,6,0
2020-07-01,Tulare,107,460477,5894,4359,13,4372,128
2020-07-01,Tuolumne,109,53932,55,17,2,19,0
2020-07-01,Ventura,111,848112,4684,3224,17,3241,41
2020-07-01,Yolo,113,214977,794,526,3,529,24
2020-07-01,Yuba,115,75493,110,57,0,57,1
2020-06-30,Alameda,001,1643700,7349,5959,10,5969,137
2020-06-30,Alpine,003,1148,1,1,0,1,0
2020-06-30,Amador,005,37829,34,21,0,21,0
2020-06-30,Butte,007,227075,307,163,8,171,2
2020-06-30,Calaveras,009,45235,58,31,0,31,0
2020-06-30,Colusa,011,21464,94,33,0,33,0
2020-06-30,Contra Costa,013,1133247,4140,3140,6,3146,75
2020-06-30,Del Norte,015,27424,59,48,0,48,0
2020-06-30,El Dorado,017,186661,303,175,1,176,0
2020-06-30,Fresno,019,978130,10038,4826,77,4903,75
2020-06-30,Glenn,021,27897,165,96,0,96,0
2020-06-30,Humboldt,023,135768,160,132,0,132,3
2020-06-30,Imperial,025,180216,8196,5968,4,5972,45
2020-06-30,Inyo,027,18085,34,30,1,31,1
2020-06-30,Kern,029,883053,9608,4721,31,4752,75
2020-06-30,Kings,031,150075,2819,2315,7,2322,30
2020-06-30,Lake,033,64148,95,56,0,56,0
2020-06-30,Lassen,035,31185,248,215,2,217,0
2020-06-30,Los Angeles,037,10098052,121320,103640,42,103682,3378
2020-06-30,Madera,039,155013,1012,475,3,478,4
2020-06-30,Marin,041,260295,3076,1614,4,1618,17
2020-06-30,Mariposa,043,17540,34,27,0,27,1
2020-06-30,Mendocino,045,87422,90,65,0,65,0
2020-06-30,Merced,047,269075,1849,970,2,972,10
2020-06-30,Modoc,049,8938,1,0,0,0,0
2020-06-30,Mono,051,14174,49,36,0,36,1
2020-06-30,Monterey,053,433212,2285,1657,6,1663,15
2020-06-30,Napa,055,140530,488,342,0,342,4
2020-06-30,Nevada,057,99092,158,113,4,117,1
2020-06-30,Orange,059,3164182,24117,14354,220,14574,335
2020-06-30,Placer,061,380077,1005,667,3,670,11
2020-06-30,Plumas,063,18699,12,8,0,8,0
2020-06-30,Riverside,065,2383286,24893,18656,27,18683,449
2020-06-30,Sacramento,067,1510023,4594,3246,6,3252,64
2020-06-30,San Benito,069,59416,301,200,0,200,2
2020-06-30,San Bernardino,071,2135413,19872,12375,10,12385,249
2020-06-30,San Diego,073,3302833,17980,14150,2,14152,365
2020-06-30,San Francisco,075,870044,4118,3555,1,3556,50
2020-06-30,San Joaquin,077,732212,5631,3744,4,3748,52
2020-06-30,San Luis Obispo,079,281455,887,583,7,590,1
2020-06-30,San Mateo,081,765935,3736,3268,6,3274,84
2020-06-30,Santa Barbara,083,443738,3882,3102,31,3133,25
2020-06-30,Santa Clara,085,1922200,6059,4346,17,4363,157
2020-06-30,Santa Cruz,087,273765,486,379,0,379,2
2020-06-30,Shasta,089,179085,220,100,1,101,5
2020-06-30,Sierra,091,2930,1,1,0,1,0
2020-06-30,Siskiyou,093,43540,35,26,0,26,0
2020-06-30,Solano,095,438530,1930,1256,8,1264,21
2020-06-30,Sonoma,097,501317,1550,1122,5,1127,6
2020-06-30,Stanislaus,099,539301,4261,2578,7,2585,41
2020-06-30,Sutter,101,95872,246,168,0,168,2
2020-06-30,Tehama,103,63373,104,75,2,77,1
2020-06-30,Trinity,105,12862,19,2,4,6,0
2020-06-30,Tulare,107,460477,5685,4207,13,4220,117
2020-06-30,Tuolumne,109,53932,51,16,2,18,0
2020-06-30,Ventura,111,848112,4550,3030,17,3047,40
2020-06-30,Yolo,113,214977,756,515,3,518,24
2020-06-30,Yuba,115,75493,106,55,0,55,1
2020-06-29,Alameda,001,1643700,7140,5766,10,5776,135
2020-06-29,Alpine,003,1148,1,1,0,1,0
2020-06-29,Amador,005,37829,31,20,0,20,0
2020-06-29,Butte,007,227075,286,157,8,165,2
2020-06-29,Calaveras,009,45235,56,30,0,30,0
2020-06-29,Colusa,011,21464,89,17,0,17,0
2020-06-29,Contra Costa,013,1133247,3977,2976,5,2981,75
2020-06-29,Del Norte,015,27424,59,47,0,47,0
2020-06-29,El Dorado,017,186661,289,163,0,163,0
2020-06-29,Fresno,019,978130,9690,4531,75,4606,74
2020-06-29,Glenn,021,27897,156,77,0,77,0
2020-06-29,Humboldt,023,135768,159,128,0,128,3
2020-06-29,Imperial,025,180216,8065,5512,4,5516,45
2020-06-29,Inyo,027,18085,33,29,0,29,1
2020-06-29,Kern,029,883053,8945,4613,29,4642,73
2020-06-29,Kings,031,150075,2754,2280,7,2287,20
2020-06-29,Lake,033,64148,88,53,0,53,0
2020-06-29,Lassen,035,31185,240,77,2,79,0
2020-06-29,Los Angeles,037,10098052,118282,100846,36,100882,3337
2020-06-29,Madera,039,155013,955,422,3,425,4
2020-06-29,Marin,041,260295,3000,1517,4,1521,17
2020-06-29,Mariposa,043,17540,32,25,0,25,1
2020-06-29,Mendocino,045,87422,87,63,0,63,0
2020-06-29,Merced,047,269075,1743,848,2,850,10
2020-06-29,Modoc,049,8938,1,0,0,0,0
2020-06-29,Mono,051,14174,47,35,0,35,1
2020-06-29,Monterey,053,433212,2213,1614,6,1620,14
2020-06-29,Napa,055,140530,466,317,0,317,4
2020-06-29,Nevada,057,99092,155,107,3,110,1
2020-06-29,Orange,059,3164182,23127,13682,204,13886,324
2020-06-29,Placer,061,380077,969,628,3,631,11
2020-06-29,Plumas,063,18699,12,6,0,6,0
2020-06-29,Riverside,065,2383286,23859,17683,27,17710,432
2020-06-29,Sacramento,067,1510023,4307,2985,6,2991,62
2020-06-29,San Benito,069,59416,286,193,0,193,2
2020-06-29,San Bernardino,071,2135413,18911,11643,10,11653,245
2020-06-29,San Diego,073,3302833,17402,13834,2,13836,361
2020-06-29,San Francisco,075,870044,4041,3389,1,3390,50
2020-06-29,San Joaquin,077,732212,5273,3202,4,3206,52
2020-06-29,San Luis Obispo,079,281455,853,544,7,551,1
2020-06-29,San Mateo,081,765935,3682,3170,6,3176,84
2020-06-29,Santa Barbara,083,443738,3773,2933,30,2963,25
2020-06-29,Santa Clara,085,1922200,5888,4231,17,4248,157
2020-06-29,Santa Cruz,087,273765,468,348,0,348,2
2020-06-29,Shasta,089,179085,212,94,1,95,5
2020-06-29,Sierra,091,2930,1,1,0,1,0
2020-06-29,Siskiyou,093,43540,35,25,0,25,0
2020-06-29,Solano,095,438530,1828,1077,8,1085,21
2020-06-29,Sonoma,097,501317,1478,1103,5,1108,5
2020-06-29,Stanislaus,099,539301,4055,2400,6,2406,36
2020-06-29,Sutter,101,95872,224,152,0,152,2
2020-06-29,Tehama,103,63373,100,63,2,65,1
2020-06-29,Trinity,105,12862,18,2,4,6,0
2020-06-29,Tulare,107,460477,5530,3906,12,3918,117
2020-06-29,Tuolumne,109,53932,47,16,2,18,0
2020-06-29,Ventura,111,848112,4403,2794,17,2811,40
2020-06-29,Yolo,113,214977,723,483,3,486,24
2020-06-29,Yuba,115,75493,93,55,0,55,1
2020-06-28,Alameda,001,1643700,6881,5698,10,5708,135
2020-06-28,Alpine,003,1148,1,1,0,1,0
2020-06-28,Amador,005,37829,29,20,0,20,0
2020-06-28,Butte,007,227075,266,150,8,158,2
2020-06-28,Calaveras,009,45235,51,30,0,30,0
2020-06-28,Colusa,011,21464,74,17,0,17,0
2020-06-28,Contra Costa,013,1133247,3787,2803,4,2807,73
2020-06-28,Del Norte,015,27424,58,47,0,47,0
2020-06-28,El Dorado,017,186661,277,162,0,162,0
2020-06-28,Fresno,019,978130,9328,4365,75,4440,74
2020-06-28,Glenn,021,27897,148,77,0,77,0
2020-06-28,Humboldt,023,135768,156,127,0,127,3
2020-06-28,Imperial,025,180216,7877,5513,4,5517,45
2020-06-28,Inyo,027,18085,33,29,0,29,1
2020-06-28,Kern,029,883053,8394,4541,27,4568,72
2020-06-28,Kings,031,150075,2694,2234,7,2241,18
2020-06-28,Lake,033,64148,84,53,0,53,0
2020-06-28,Lassen,035,31185,240,77,2,79,0
2020-06-28,Los Angeles,037,10098052,115081,98003,32,98035,3316
2020-06-28,Madera,039,155013,907,424,3,427,4
2020-06-28,Marin,041,260295,2654,1473,4,1477,17
2020-06-28,Mariposa,043,17540,32,24,0,24,1
2020-06-28,Mendocino,045,87422,85,63,0,63,0
2020-06-28,Merced,047,269075,1630,814,2,816,10
2020-06-28,Modoc,049,8938,1,0,0,0,0
2020-06-28,Mono,051,14174,47,35,0,35,1
2020-06-28,Monterey,053,433212,2131,1560,6,1566,13
2020-06-28,Napa,055,140530,432,307,0,307,4
2020-06-28,Nevada,057,99092,144,102,3,105,1
2020-06-28,Orange,059,3164182,22153,13213,186,13399,324
2020-06-28,Placer,061,380077,930,618,3,621,11
2020-06-28,Plumas,063,18699,11,6,0,6,0
2020-06-28,Riverside,065,2383286,23031,16848,26,16874,432
2020-06-28,Sacramento,067,1510023,4079,2803,6,2809,63
2020-06-28,San Benito,069,59416,275,190,0,190,2
2020-06-28,San Bernardino,071,2135413,18158,11344,9,11353,245
2020-06-28,San Diego,073,3302833,16857,13333,2,13335,361
2020-06-28,San Francisco,075,870044,3962,3388,1,3389,50
2020-06-28,San Joaquin,077,732212,4936,3201,4,3205,52
2020-06-28,San Luis Obispo,079,281455,814,531,6,537,1
2020-06-28,San Mateo,081,765935,3604,3124,6,3130,84
2020-06-28,Santa Barbara,083,443738,3628,2872,30,2902,25
2020-06-28,Santa Clara,085,1922200,5726,4131,17,4148,156
2020-06-28,Santa Cruz,087,273765,445,349,0,349,2
2020-06-28,Shasta,089,179085,199,89,0,89,5
2020-06-28,Sierra,091,2930,1,1,0,1,0
2020-06-28,Siskiyou,093,43540,35,25,0,25,0
2020-06-28,Solano,095,438530,1753,1077,8,1085,21
2020-06-28,Sonoma,097,501317,1424,1084,5,1089,5
2020-06-28,Stanislaus,099,539301,3849,2376,6,2382,36
2020-06-28,Sutter,101,95872,198,145,0,145,2
2020-06-28,Tehama,103,63373,93,63,2,65,1
2020-06-28,Trinity,105,12862,17,2,4,6,0
2020-06-28,Tulare,107,460477,5362,3812,12,3824,117
2020-06-28,Tuolumne,109,53932,42,14,2,16,0
2020-06-28,Ventura,111,848112,4245,2650,17,2667,40
2020-06-28,Yolo,113,214977,688,468,3,471,24
2020-06-28,Yuba,115,75493,89,39,0,39,1
2020-06-27,Alameda,001,1643700,6785,5581,10,5591,135
2020-06-27,Alpine,003,1148,1,1,0,1,0
2020-06-27,Amador,005,37829,27,20,0,20,0
2020-06-27,Butte,007,227075,258,137,8,145,2
2020-06-27,Calaveras,009,45235,49,30,0,30,0
2020-06-27,Colusa,011,21464,68,17,0,17,0
2020-06-27,Contra Costa,013,1133247,3692,2717,3,2720,72
2020-06-27,Del Norte,015,27424,58,47,0,47,0
2020-06-27,El Dorado,017,186661,271,159,0,159,0
2020-06-27,Fresno,019,978130,9082,4238,75,4313,74
2020-06-27,Glenn,021,27897,144,77,0,77,0
2020-06-27,Humboldt,023,135768,154,127,0,127,3
2020-06-27,Imperial,025,180216,7816,5513,4,5517,45
2020-06-27,Inyo,027,18085,33,29,0,29,1
2020-06-27,Kern,029,883053,8130,4411,26,4437,70
2020-06-27,Kings,031,150075,2668,2187,7,2194,18
2020-06-27,Lake,033,64148,81,42,0,42,0
2020-06-27,Lassen,035,31185,240,33,2,35,0
2020-06-27,Los Angeles,037,10098052,113339,95341,29,95370,3291
2020-06-27,Madera,039,155013,864,427,2,429,4
2020-06-27,Marin,041,260295,2609,1423,4,1427,17
2020-06-27,Mariposa,043,17540,31,22,0,22,1
2020-06-27,Mendocino,045,87422,85,63,0,63,0
2020-06-27,Merced,047,269075,1572,807,1,808,10
2020-06-27,Modoc,049,8938,1,0,0,0,0
2020-06-27,Mono,051,14174,46,35,0,35,1
2020-06-27,Monterey,053,433212,2067,1455,6,1461,12
2020-06-27,Napa,055,140530,422,282,0,282,3
2020-06-27,Nevada,057,99092,140,102,2,104,1
2020-06-27,Orange,059,3164182,21642,12951,181,13132,320
2020-06-27,Placer,061,380077,909,584,3,587,10
2020-06-27,Plumas,063,18699,11,6,0,6,0
2020-06-27,Riverside,065,2383286,22642,16209,26,16235,432
2020-06-27,Sacramento,067,1510023,3962,2685,6,2691,63
2020-06-27,San Benito,069,59416,268,182,0,182,2
2020-06-27,San Bernardino,071,2135413,17779,11238,9,11247,243
2020-06-27,San Diego,073,3302833,16492,12836,2,12838,360
2020-06-27,San Francisco,075,870044,3907,3332,1,3333,49
2020-06-27,San Joaquin,077,732212,4770,2995,4,2999,52
2020-06-27,San Luis Obispo,079,281455,791,505,6,511,1
2020-06-27,San Mateo,081,765935,3547,3083,6,3089,83
2020-06-27,Santa Barbara,083,443738,3556,2799,30,2829,25
2020-06-27,Santa Clara,085,1922200,5620,4006,17,4023,157
2020-06-27,Santa Cruz,087,273765,438,347,0,347,2
2020-06-27,Shasta,089,179085,193,87,0,87,5
2020-06-27,Sierra,091,2930,1,1,0,1,0
2020-06-27,Siskiyou,093,43540,35,25,0,25,0
2020-06-27,Solano,095,438530,1720,1076,8,1084,21
2020-06-27,Sonoma,097,501317,1393,1004,5,1009,5
2020-06-27,Stanislaus,099,539301,3749,2164,6,2170,36
2020-06-27,Sutter,101,95872,191,141,0,141,2
2020-06-27,Tehama,103,63373,90,63,2,65,1
2020-06-27,Trinity,105,12862,17,2,4,6,0
2020-06-27,Tulare,107,460477,5266,3810,12,3822,117
2020-06-27,Tuolumne,109,53932,41,13,2,15,0
2020-06-27,Ventura,111,848112,4145,2471,17,2488,40
2020-06-27,Yolo,113,214977,664,432,3,435,24
2020-06-27,Yuba,115,75493,81,39,0,39,1
2020-06-26,Alameda,001,1643700,6699,5502,9,5511,132
2020-06-26,Alpine,003,1148,1,1,0,1,0
2020-06-26,Amador,005,37829,26,20,0,20,0
2020-06-26,Butte,007,227075,243,135,8,143,2
2020-06-26,Calaveras,009,45235,47,30,0,30,0
2020-06-26,Colusa,011,21464,63,17,0,17,0
2020-06-26,Contra Costa,013,1133247,3579,2676,3,2679,72
2020-06-26,Del Norte,015,27424,57,47,0,47,0
2020-06-26,El Dorado,017,186661,263,159,0,159,0
2020-06-26,Fresno,019,978130,8856,4166,75,4241,74
2020-06-26,Glenn,021,27897,137,71,0,71,0
2020-06-26,Humboldt,023,135768,152,126,0,126,3
2020-06-26,Imperial,025,180216,7753,5400,4,5404,44
2020-06-26,Inyo,027,18085,32,29,0,29,1
2020-06-26,Kern,029,883053,7800,4366,26,4392,70
2020-06-26,Kings,031,150075,2636,2176,6,2182,18
2020-06-26,Lake,033,64148,80,42,0,42,0
2020-06-26,Lassen,035,31185,239,30,2,32,0
2020-06-26,Los Angeles,037,10098052,111173,93328,29,93357,3275
2020-06-26,Madera,039,155013,832,409,2,411,4
2020-06-26,Marin,041,260295,2572,1406,4,1410,17
2020-06-26,Mariposa,043,17540,30,21,0,21,1
2020-06-26,Mendocino,045,87422,82,63,0,63,0
2020-06-26,Merced,047,269075,1526,797,1,798,10
2020-06-26,Modoc,049,8938,1,0,0,0,0
2020-06-26,Mono,051,14174,45,35,0,35,1
2020-06-26,Monterey,053,433212,2015,1449,6,1455,12
2020-06-26,Napa,055,140530,412,277,0,277,3
2020-06-26,Nevada,057,99092,136,101,1,102,1
2020-06-26,Orange,059,3164182,20966,12659,178,12837,320
2020-06-26,Placer,061,380077,880,584,3,587,10
2020-06-26,Plumas,063,18699,11,6,0,6,0
2020-06-26,Riverside,065,2383286,22179,15858,26,15884,430
2020-06-26,Sacramento,067,1510023,3797,2687,6,2693,63
2020-06-26,San Benito,069,59416,264,176,0,176,2
2020-06-26,San Bernardino,071,2135413,17402,11111,9,11120,243
2020-06-26,San Diego,073,3302833,16127,12402,2,12404,358
2020-06-26,San Francisco,075,870044,3852,3330,1,3331,49
2020-06-26,San Joaquin,077,732212,4556,2943,4,2947,52
2020-06-26,San Luis Obispo,079,281455,776,498,6,504,1
2020-06-26,San Mateo,081,765935,3495,3055,6,3061,83
2020-06-26,Santa Barbara,083,443738,3466,2784,28,2812,25
2020-06-26,Santa Clara,085,1922200,5519,3968,17,3985,156
2020-06-26,Santa Cruz,087,273765,431,344,0,344,2
2020-06-26,Shasta,089,179085,186,86,0,86,5
2020-06-26,Sierra,091,2930,1,1,0,1,0
2020-06-26,Siskiyou,093,43540,34,24,0,24,0
2020-06-26,Solano,095,438530,1678,1068,8,1076,21
2020-06-26,Sonoma,097,501317,1361,977,5,982,5
2020-06-26,Stanislaus,099,539301,3636,2157,6,2163,36
2020-06-26,Sutter,101,95872,184,138,0,138,2
2020-06-26,Tehama,103,63373,87,63,2,65,1
2020-06-26,Trinity,105,12862,17,2,4,6,0
2020-06-26,Tulare,107,460477,5177,3720,12,3732,117
2020-06-26,Tuolumne,109,53932,39,10,2,12,0
2020-06-26,Ventura,111,848112,4059,2444,17,2461,40
2020-06-26,Yolo,113,214977,641,418,3,421,24
2020-06-26,Yuba,115,75493,75,38,0,38,1
2020-06-25,Alameda,001,1643700,6510,5398,9,5407,130
2020-06-25,Alpine,003,1148,1,1,0,1,0
2020-06-25,Amador,005,37829,25,18,0,18,0
2020-06-25,Butte,007,227075,238,127,8,135,1
2020-06-25,Calaveras,009,45235,42,26,0,26,0
2020-06-25,Colusa,011,21464,53,14,0,14,0
2020-06-25,Contra Costa,013,1133247,3394,2591,3,2594,71
2020-06-25,Del Norte,015,27424,55,47,0,47,0
2020-06-25,El Dorado,017,186661,255,150,0,150,0
2020-06-25,Fresno,019,978130,8543,3938,74,4012,71
2020-06-25,Glenn,021,27897,132,59,0,59,0
2020-06-25,Humboldt,023,135768,151,121,0,121,3
2020-06-25,Imperial,025,180216,7624,5192,4,5196,44
2020-06-25,Inyo,027,18085,29,27,0,27,1
2020-06-25,Kern,029,883053,7375,4236,23,4259,69
2020-06-25,Kings,031,150075,2584,2110,6,2116,17
2020-06-25,Lake,033,64148,79,42,0,42,0
2020-06-25,Lassen,035,31185,233,13,2,15,0
2020-06-25,Los Angeles,037,10098052,108407,91524,29,91553,3239
2020-06-25,Madera,039,155013,788,380,2,382,4
2020-06-25,Marin,041,260295,2470,1321,4,1325,17
2020-06-25,Mariposa,043,17540,29,20,0,20,1
2020-06-25,Mendocino,045,87422,79,61,0,61,0
2020-06-25,Merced,047,269075,1439,747,1,748,10
2020-06-25,Modoc,049,8938,1,0,0,0,0
2020-06-25,Mono,051,14174,44,35,0,35,1
2020-06-25,Monterey,053,433212,1927,1426,5,1431,12
2020-06-25,Napa,055,140530,394,260,0,260,3
2020-06-25,Nevada,057,99092,128,92,1,93,1
2020-06-25,Orange,059,3164182,20044,12221,176,12397,311
2020-06-25,Placer,061,380077,826,574,3,577,10
2020-06-25,Plumas,063,18699,10,6,0,6,0
2020-06-25,Riverside,065,2383286,21424,15224,26,15250,427
2020-06-25,Sacramento,067,1510023,3574,2519,6,2525,62
2020-06-25,San Benito,069,59416,256,174,0,174,2
2020-06-25,San Bernardino,071,2135413,16651,10590,9,10599,242
2020-06-25,San Diego,073,3302833,15588,11963,2,11965,352
2020-06-25,San Francisco,075,870044,3786,3252,1,3253,48
2020-06-25,San Joaquin,077,732212,4283,2803,4,2807,50
2020-06-25,San Luis Obispo,079,281455,744,473,6,479,1
2020-06-25,San Mateo,081,765935,3427,2996,6,3002,82
2020-06-25,Santa Barbara,083,443738,3361,2622,27,2649,25
2020-06-25,Santa Clara,085,1922200,5370,3871,17,3888,156
2020-06-25,Santa Cruz,087,273765,419,335,0,335,2
2020-06-25,Shasta,089,179085,176,84,0,84,5
2020-06-25,Sierra,091,2930,1,1,0,1,0
2020-06-25,Siskiyou,093,43540,33,24,0,24,0
2020-06-25,Solano,095,438530,1625,1034,8,1042,21
2020-06-25,Sonoma,097,501317,1314,953,4,957,5
2020-06-25,Stanislaus,099,539301,3424,2130,6,2136,36
2020-06-25,Sutter,101,95872,172,126,0,126,2
2020-06-25,Tehama,103,63373,83,59,2,61,1
2020-06-25,Trinity,105,12862,17,2,4,6,0
2020-06-25,Tulare,107,460477,5046,3656,12,3668,117
2020-06-25,Tuolumne,109,53932,38,10,1,11,0
2020-06-25,Ventura,111,848112,3877,2346,16,2362,40
2020-06-25,Yolo,113,214977,612,397,3,400,24
2020-06-25,Yuba,115,75493,64,38,0,38,1
2020-06-24,Alameda,001,1643700,6348,5242,9,5251,123
2020-06-24,Alpine,003,1148,1,1,0,1,0
2020-06-24,Amador,005,37829,23,16,0,16,0
2020-06-24,Butte,007,227075,222,119,7,126,1
2020-06-24,Calaveras,009,45235,40,26,0,26,0
2020-06-24,Colusa,011,21464,44,11,0,11,0
2020-06-24,Contra Costa,013,1133247,3239,2520,3,2523,66
2020-06-24,Del Norte,015,27424,49,47,0,47,0
2020-06-24,El Dorado,017,186661,239,149,0,149,0
2020-06-24,Fresno,019,978130,8212,3765,74,3839,71
2020-06-24,Glenn,021,27897,124,54,0,54,0
2020-06-24,Humboldt,023,135768,151,117,0,117,3
2020-06-24,Imperial,025,180216,7506,5138,4,5142,38
2020-06-24,Inyo,027,18085,29,28,0,28,1
2020-06-24,Kern,029,883053,6982,4155,21,4176,67
2020-06-24,Kings,031,150075,2520,2063,6,2069,16
2020-06-24,Lake,033,64148,66,40,0,40,0
2020-06-24,Lassen,035,31185,232,9,2,11,0
2020-06-24,Los Angeles,037,10098052,105646,89566,29,89595,3186
2020-06-24,Madera,039,155013,766,373,2,375,4
2020-06-24,Marin,041,260295,2242,1261,4,1265,17
2020-06-24,Mariposa,043,17540,28,19,0,19,1
2020-06-24,Mendocino,045,87422,79,60,0,60,0
2020-06-24,Merced,047,269075,1353,696,1,697,8
2020-06-24,Modoc,049,8938,1,0,0,0,0
2020-06-24,Mono,051,14174,42,35,0,35,1
2020-06-24,Monterey,053,433212,1850,1407,5,1412,12
2020-06-24,Napa,055,140530,377,258,0,258,3
2020-06-24,Nevada,057,99092,122,92,1,93,1
2020-06-24,Orange,059,3164182,19047,11804,158,11962,303
2020-06-24,Placer,061,380077,787,548,3,551,10
2020-06-24,Plumas,063,18699,10,6,0,6,0
2020-06-24,Riverside,065,2383286,20576,14946,26,14972,410
2020-06-24,Sacramento,067,1510023,3370,2446,5,2451,62
2020-06-24,San Benito,069,59416,252,171,0,171,2
2020-06-24,San Bernardino,071,2135413,15837,10211,9,10220,239
2020-06-24,San Diego,073,3302833,15085,11628,2,11630,347
2020-06-24,San Francisco,075,870044,3723,3216,1,3217,48
2020-06-24,San Joaquin,077,732212,4062,2680,4,2684,49
2020-06-24,San Luis Obispo,079,281455,713,461,5,466,1
2020-06-24,San Mateo,081,765935,3370,2964,6,2970,82
2020-06-24,Santa Barbara,083,443738,3242,2569,25,2594,22
2020-06-24,Santa Clara,085,1922200,5239,3812,17,3829,155
2020-06-24,Santa Cruz,087,273765,407,329,0,329,2
2020-06-24,Shasta,089,179085,168,83,0,83,5
2020-06-24,Sierra,091,2930,1,1,0,1,0
2020-06-24,Siskiyou,093,43540,32,24,0,24,0
2020-06-24,Solano,095,438530,1535,979,7,986,21
2020-06-24,Sonoma,097,501317,1265,933,4,937,4
2020-06-24,Stanislaus,099,539301,3245,2039,6,2045,36
2020-06-24,Sutter,101,95872,159,118,0,118,2
2020-06-24,Tehama,103,63373,81,55,2,57,1
2020-06-24,Trinity,105,12862,16,2,3,5,0
2020-06-24,Tulare,107,460477,4891,3541,10,3551,116
2020-06-24,Tuolumne,109,53932,33,9,1,10,0
2020-06-24,Ventura,111,848112,3536,2314,16,2330,42
2020-06-24,Yolo,113,214977,577,376,3,379,24
2020-06-24,Yuba,115,75493,58,37,0,37,1
2020-06-23,Alameda,001,1643700,6167,5159,9,5168,121
2020-06-23,Alpine,003,1148,1,1,0,1,0
2020-06-23,Amador,005,37829,22,13,0,13,0
2020-06-23,Butte,007,227075,204,111,7,118,1
2020-06-23,Calaveras,009,45235,40,26,0,26,0
2020-06-23,Colusa,011,21464,40,7,0,7,0
2020-06-23,Contra Costa,013,1133247,3113,2453,3,2456,60
2020-06-23,Del Norte,015,27424,48,46,0,46,0
2020-06-23,El Dorado,017,186661,230,142,0,142,0
2020-06-23,Fresno,019,978130,7560,3569,72,3641,67
2020-06-23,Glenn,021,27897,120,47,0,47,0
2020-06-23,Humboldt,023,135768,151,110,0,110,3
2020-06-23,Imperial,025,180216,7343,5025,4,5029,38
2020-06-23,Inyo,027,18085,29,26,0,26,1
2020-06-23,Kern,029,883053,6614,4087,18,4105,64
2020-06-23,Kings,031,150075,2455,1727,6,1733,16
2020-06-23,Lake,033,64148,60,40,0,40,0
2020-06-23,Lassen,035,31185,228,9,2,11,0
2020-06-23,Los Angeles,037,10098052,102705,88433,28,88461,3152
2020-06-23,Madera,039,155013,727,369,2,371,4
2020-06-23,Marin,041,260295,1974,1139,4,1143,17
2020-06-23,Mariposa,043,17540,26,18,0,18,1
2020-06-23,Mendocino,045,87422,78,61,0,61,0
2020-06-23,Merced,047,269075,1255,656,1,657,8
2020-06-23,Modoc,049,8938,1,0,0,0,0
2020-06-23,Mono,051,14174,42,35,0,35,1
2020-06-23,Monterey,053,433212,1780,1346,5,1351,12
2020-06-23,Napa,055,140530,362,230,0,230,3
2020-06-23,Nevada,057,99092,116,81,1,82,1
2020-06-23,Orange,059,3164182,18078,11071,155,11226,278
2020-06-23,Placer,061,380077,761,525,3,528,10
2020-06-23,Plumas,063,18699,9,6,0,6,0
2020-06-23,Riverside,065,2383286,19556,14469,26,14495,406
2020-06-23,Sacramento,067,1510023,3191,2374,5,2379,62
2020-06-23,San Benito,069,59416,238,167,0,167,2
2020-06-23,San Bernardino,071,2135413,15057,9771,9,9780,229
2020-06-23,San Diego,073,3302833,14565,11296,2,11298,341
2020-06-23,San Francisco,075,870044,3649,3177,1,3178,48
2020-06-23,San Joaquin,077,732212,3803,2502,4,2506,48
2020-06-23,San Luis Obispo,079,281455,682,445,5,450,1
2020-06-23,San Mateo,081,765935,3305,2907,6,2913,81
2020-06-23,Santa Barbara,083,443738,3147,2498,25,2523,22
2020-06-23,Santa Clara,085,1922200,5093,3700,17,3717,155
2020-06-23,Santa Cruz,087,273765,397,313,0,313,2
2020-06-23,Shasta,089,179085,159,81,0,81,5
2020-06-23,Sierra,091,2930,1,1,0,1,0
2020-06-23,Siskiyou,093,43540,30,24,0,24,0
2020-06-23,Solano,095,438530,1478,941,6,947,21
2020-06-23,Sonoma,097,501317,1212,912,4,916,4
2020-06-23,Stanislaus,099,539301,3069,1850,6,1856,35
2020-06-23,Sutter,101,95872,149,112,0,112,2
2020-06-23,Tehama,103,63373,79,50,2,52,1
2020-06-23,Trinity,105,12862,16,2,3,5,0
2020-06-23,Tulare,107,460477,4769,3456,10,3466,111
2020-06-23,Tuolumne,109,53932,28,9,0,9,0
2020-06-23,Ventura,111,848112,3376,2209,15,2224,40
2020-06-23,Yolo,113,214977,551,350,0,350,24
2020-06-23,Yuba,115,75493,55,35,0,35,1
2020-06-22,Alameda,001,1643700,6016,4944,9,4953,121
2020-06-22,Alpine,003,1148,1,1,0,1,0
2020-06-22,Amador,005,37829,19,12,0,12,0
2020-06-22,Butte,007,227075,185,104,7,111,1
2020-06-22,Calaveras,009,45235,38,20,0,20,0
2020-06-22,Colusa,011,21464,37,7,0,7,0
2020-06-22,Contra Costa,013,1133247,2971,2363,3,2366,60
2020-06-22,Del Norte,015,27424,48,46,0,46,0
2020-06-22,El Dorado,017,186661,221,137,0,137,0
2020-06-22,Fresno,019,978130,7028,3425,72,3497,67
2020-06-22,Glenn,021,27897,111,40,0,40,0
2020-06-22,Humboldt,023,135768,148,110,0,110,3
2020-06-22,Imperial,025,180216,7186,4700,4,4704,38
2020-06-22,Inyo,027,18085,29,26,0,26,1
2020-06-22,Kern,029,883053,6262,3982,16,3998,60
2020-06-22,Kings,031,150075,2406,1513,6,1519,13
2020-06-22,Lake,033,64148,54,37,0,37,0
2020-06-22,Lassen,035,31185,118,7,2,9,0
2020-06-22,Los Angeles,037,10098052,99808,85925,26,85951,3117
2020-06-22,Madera,039,155013,702,333,2,335,4
2020-06-22,Marin,041,260295,1717,1029,4,1033,17
2020-06-22,Mariposa,043,17540,25,18,0,18,1
2020-06-22,Mendocino,045,87422,73,48,0,48,0
2020-06-22,Merced,047,269075,1166,619,1,620,8
2020-06-22,Modoc,049,8938,1,0,0,0,0
2020-06-22,Mono,051,14174,42,34,0,34,1
2020-06-22,Monterey,053,433212,1719,1293,5,1298,12
2020-06-22,Napa,055,140530,338,222,0,222,3
2020-06-22,Nevada,057,99092,111,79,1,80,1
2020-06-22,Orange,059,3164182,17146,10711,151,10862,275
2020-06-22,Placer,061,380077,735,512,3,515,9
2020-06-22,Plumas,063,18699,7,6,0,6,0
2020-06-22,Riverside,065,2383286,18584,13948,26,13974,403
2020-06-22,Sacramento,067,1510023,2974,2243,5,2248,62
2020-06-22,San Benito,069,59416,229,164,0,164,2
2020-06-22,San Bernardino,071,2135413,14283,9133,9,9142,229
2020-06-22,San Diego,073,3302833,14073,11098,2,11100,338
2020-06-22,San Francisco,075,870044,3556,3000,1,3001,47
2020-06-22,San Joaquin,077,732212,3555,2332,4,2336,48
2020-06-22,San Luis Obispo,079,281455,649,422,5,427,1
2020-06-22,San Mateo,081,765935,3232,2813,5,2818,81
2020-06-22,Santa Barbara,083,443738,3055,2447,25,2472,21
2020-06-22,Santa Clara,085,1922200,4930,3580,17,3597,155
2020-06-22,Santa Cruz,087,273765,384,290,0,290,3
2020-06-22,Shasta,089,179085,156,77,0,77,5
2020-06-22,Sierra,091,2930,1,1,0,1,0
2020-06-22,Siskiyou,093,43540,30,23,0,23,0
2020-06-22,Solano,095,438530,1400,784,5,789,21
2020-06-22,Sonoma,097,501317,1167,860,2,862,4
2020-06-22,Stanislaus,099,539301,2884,1784,6,1790,35
2020-06-22,Sutter,101,95872,140,100,0,100,2
2020-06-22,Tehama,103,63373,75,38,2,40,1
2020-06-22,Trinity,105,12862,16,2,3,5,0
2020-06-22,Tulare,107,460477,4632,3185,10,3195,111
2020-06-22,Tuolumne,109,53932,19,8,0,8,0
2020-06-22,Ventura,111,848112,3227,2065,15,2080,39
2020-06-22,Yolo,113,214977,525,333,0,333,24
2020-06-22,Yuba,115,75493,50,36,0,36,1
2020-06-21,Alameda,001,1643700,5821,4835,9,4844,121
2020-06-21,Alpine,003,1148,1,1,0,1,0
2020-06-21,Amador,005,37829,14,12,0,12,0
2020-06-21,Butte,007,227075,171,97,7,104,1
2020-06-21,Calaveras,009,45235,38,20,0,20,0
2020-06-21,Colusa,011,21464,29,7,0,7,0
2020-06-21,Contra Costa,013,1133247,2845,2282,3,2285,60
2020-06-21,Del Norte,015,27424,47,46,0,46,0
2020-06-21,El Dorado,017,186661,212,132,0,132,0
2020-06-21,Fresno,019,978130,6458,3296,70,3366,67
2020-06-21,Glenn,021,27897,102,40,0,40,0
2020-06-21,Humboldt,023,135768,143,108,0,108,3
2020-06-21,Imperial,025,180216,7003,4701,4,4705,38
2020-06-21,Inyo,027,18085,27,26,0,26,1
2020-06-21,Kern,029,883053,5970,3918,14,3932,60
2020-06-21,Kings,031,150075,2342,1334,6,1340,11
2020-06-21,Lake,033,64148,49,36,0,36,0
2020-06-21,Lassen,035,31185,25,7,2,9,0
2020-06-21,Los Angeles,037,10098052,96926,83383,25,83408,3101
2020-06-21,Madera,039,155013,668,319,2,321,4
2020-06-21,Marin,041,260295,1560,907,4,911,17
2020-06-21,Mariposa,043,17540,22,18,0,18,1
2020-06-21,Mendocino,045,87422,70,48,0,48,0
2020-06-21,Merced,047,269075,1071,577,1,578,8
2020-06-21,Modoc,049,8938,1,0,0,0,0
2020-06-21,Mono,051,14174,42,34,0,34,1
2020-06-21,Monterey,053,433212,1646,1227,5,1232,12
2020-06-21,Napa,055,140530,323,218,0,218,3
2020-06-21,Nevada,057,99092,108,79,1,80,1
2020-06-21,Orange,059,3164182,16313,10563,147,10710,275
2020-06-21,Placer,061,380077,695,498,3,501,9
2020-06-21,Plumas,063,18699,7,6,0,6,0
2020-06-21,Riverside,065,2383286,17878,13528,25,13553,402
2020-06-21,Sacramento,067,1510023,2773,2156,4,2160,62
2020-06-21,San Benito,069,59416,215,151,0,151,2
2020-06-21,San Bernardino,071,2135413,13509,8925,8,8933,229
2020-06-21,San Diego,073,3302833,13527,10796,2,10798,338
2020-06-21,San Francisco,075,870044,3450,3000,1,3001,47
2020-06-21,San Joaquin,077,732212,3319,2188,4,2192,48
2020-06-21,San Luis Obispo,079,281455,623,418,5,423,1
2020-06-21,San Mateo,081,765935,3174,2781,5,2786,81
2020-06-21,Santa Barbara,083,443738,2948,2430,24,2454,21
2020-06-21,Santa Clara,085,1922200,4793,3514,17,3531,154
2020-06-21,Santa Cruz,087,273765,374,290,0,290,3
2020-06-21,Shasta,089,179085,146,75,0,75,5
2020-06-21,Sierra,091,2930,1,1,0,1,0
2020-06-21,Siskiyou,093,43540,30,23,0,23,0
2020-06-21,Solano,095,438530,1300,783,4,787,21
2020-06-21,Sonoma,097,501317,1117,836,2,838,4
2020-06-21,Stanislaus,099,539301,2698,1688,6,1694,35
2020-06-21,Sutter,101,95872,132,96,0,96,2
2020-06-21,Tehama,103,63373,64,35,2,37,1
2020-06-21,Trinity,105,12862,15,2,3,5,0
2020-06-21,Tulare,107,460477,4463,3173,10,3183,111
2020-06-21,Tuolumne,109,53932,17,8,0,8,0
2020-06-21,Ventura,111,848112,3049,2021,15,2036,39
2020-06-21,Yolo,113,214977,493,323,0,323,24
2020-06-21,Yuba,115,75493,46,35,0,35,1
2020-06-20,Alameda,001,1643700,5759,4758,9,4767,119
2020-06-20,Alpine,003,1148,1,1,0,1,0
2020-06-20,Amador,005,37829,14,12,0,12,0
2020-06-20,Butte,007,227075,164,94,7,101,1
2020-06-20,Calaveras,009,45235,38,20,0,20,0
2020-06-20,Colusa,011,21464,26,7,0,7,0
2020-06-20,Contra Costa,013,1133247,2786,2231,3,2234,54
2020-06-20,Del Norte,015,27424,47,46,0,46,0
2020-06-20,El Dorado,017,186661,207,130,0,130,0
2020-06-20,Fresno,019,978130,6332,3222,67,3289,67
2020-06-20,Glenn,021,27897,97,40,0,40,0
2020-06-20,Humboldt,023,135768,143,108,0,108,3
2020-06-20,Imperial,025,180216,6922,4616,4,4620,37
2020-06-20,Inyo,027,18085,27,26,0,26,1
2020-06-20,Kern,029,883053,5805,3836,14,3850,59
2020-06-20,Kings,031,150075,2318,1331,6,1337,9
2020-06-20,Lake,033,64148,49,37,0,37,0
2020-06-20,Lassen,035,31185,24,7,2,9,0
2020-06-20,Los Angeles,037,10098052,95355,81604,24,81628,3093
2020-06-20,Madera,039,155013,635,321,2,323,4
2020-06-20,Marin,041,260295,1540,879,4,883,17
2020-06-20,Mariposa,043,17540,22,18,0,18,1
2020-06-20,Mendocino,045,87422,69,48,0,48,0
2020-06-20,Merced,047,269075,1031,566,1,567,8
2020-06-20,Modoc,049,8938,1,0,0,0,0
2020-06-20,Mono,051,14174,42,34,0,34,1
2020-06-20,Monterey,053,433212,1610,1181,5,1186,12
2020-06-20,Napa,055,140530,314,212,0,212,3
2020-06-20,Nevada,057,99092,105,73,1,74,1
2020-06-20,Orange,059,3164182,15963,10284,143,10427,273
2020-06-20,Placer,061,380077,670,483,3,486,9
2020-06-20,Plumas,063,18699,6,6,0,6,0
2020-06-20,Riverside,065,2383286,17579,13021,25,13046,402
2020-06-20,Sacramento,067,1510023,2702,2069,4,2073,63
2020-06-20,San Benito,069,59416,211,139,0,139,2
2020-06-20,San Bernardino,071,2135413,13147,8718,8,8726,229
2020-06-20,San Diego,073,3302833,13204,10486,2,10488,338
2020-06-20,San Francisco,075,870044,3406,2999,1,3000,47
2020-06-20,San Joaquin,077,732212,3237,2046,4,2050,48
2020-06-20,San Luis Obispo,079,281455,610,405,5,410,1
2020-06-20,San Mateo,081,765935,3126,2755,5,2760,81
2020-06-20,Santa Barbara,083,443738,2891,2358,23,2381,21
2020-06-20,Santa Clara,085,1922200,4719,3435,17,3452,154
2020-06-20,Santa Cruz,087,273765,372,287,0,287,3
2020-06-20,Shasta,089,179085,140,66,0,66,5
2020-06-20,Sierra,091,2930,1,1,0,1,0
2020-06-20,Siskiyou,093,43540,29,22,0,22,0
2020-06-20,Solano,095,438530,1276,784,4,788,21
2020-06-20,Sonoma,097,501317,1081,806,2,808,4
2020-06-20,Stanislaus,099,539301,2590,1598,6,1604,35
2020-06-20,Sutter,101,95872,130,89,0,89,2
2020-06-20,Tehama,103,63373,62,35,2,37,1
2020-06-20,Trinity,105,12862,15,2,3,5,0
2020-06-20,Tulare,107,460477,4390,3172,10,3182,111
2020-06-20,Tuolumne,109,53932,14,8,0,8,0
2020-06-20,Ventura,111,848112,2984,1946,15,1961,37
2020-06-20,Yolo,113,214977,477,309,0,309,24
2020-06-20,Yuba,115,75493,44,34,0,34,1
2020-06-19,Alameda,001,1643700,5688,4646,9,4655,119
2020-06-19,Alpine,003,1148,1,1,0,1,0
2020-06-19,Amador,005,37829,14,12,0,12,0
2020-06-19,Butte,007,227075,159,91,7,98,1
2020-06-19,Calaveras,009,45235,37,20,0,20,0
2020-06-19,Colusa,011,21464,24,7,0,7,0
2020-06-19,Contra Costa,013,1133247,2706,2106,3,2109,54
2020-06-19,Del Norte,015,27424,47,46,0,46,0
2020-06-19,El Dorado,017,186661,198,124,0,124,0
2020-06-19,Fresno,019,978130,6170,3109,65,3174,61
2020-06-19,Glenn,021,27897,91,40,0,40,0
2020-06-19,Humboldt,023,135768,141,106,0,106,3
2020-06-19,Imperial,025,180216,6831,4504,4,4508,36
2020-06-19,Inyo,027,18085,27,26,0,26,1
2020-06-19,Kern,029,883053,5582,3742,13,3755,57
2020-06-19,Kings,031,150075,2297,1285,6,1291,9
2020-06-19,Lake,033,64148,46,36,0,36,0
2020-06-19,Lassen,035,31185,23,7,2,9,0
2020-06-19,Los Angeles,037,10098052,93376,79572,23,79595,3047
2020-06-19,Madera,039,155013,616,300,2,302,4
2020-06-19,Marin,041,260295,1511,829,4,833,17
2020-06-19,Mariposa,043,17540,21,18,0,18,1
2020-06-19,Mendocino,045,87422,68,48,0,48,0
2020-06-19,Merced,047,269075,986,529,1,530,8
2020-06-19,Modoc,049,8938,1,0,0,0,0
2020-06-19,Mono,051,14174,42,34,0,34,1
2020-06-19,Monterey,053,433212,1581,1159,5,1164,12
2020-06-19,Napa,055,140530,304,209,0,209,3
2020-06-19,Nevada,057,99092,102,71,1,72,1
2020-06-19,Orange,059,3164182,15430,9972,136,10108,260
2020-06-19,Placer,061,380077,652,464,3,467,9
2020-06-19,Plumas,063,18699,6,5,0,5,0
2020-06-19,Riverside,065,2383286,17174,12710,25,12735,398
2020-06-19,Sacramento,067,1510023,2619,1976,4,1980,64
2020-06-19,San Benito,069,59416,210,136,0,136,2
2020-06-19,San Bernardino,071,2135413,12742,8454,7,8461,226
2020-06-19,San Diego,073,3302833,12841,10352,2,10354,332
2020-06-19,San Francisco,075,870044,3351,2968,1,2969,47
2020-06-19,San Joaquin,077,732212,3114,1969,4,1973,48
2020-06-19,San Luis Obispo,079,281455,594,392,5,397,1
2020-06-19,San Mateo,081,765935,3087,2713,5,2718,81
2020-06-19,Santa Barbara,083,443738,2818,2284,21,2305,21
2020-06-19,Santa Clara,085,1922200,4645,3376,17,3393,154
2020-06-19,Santa Cruz,087,273765,362,283,0,283,3
2020-06-19,Shasta,089,179085,137,58,0,58,5
2020-06-19,Sierra,091,2930,1,1,0,1,0
2020-06-19,Siskiyou,093,43540,29,21,0,21,0
2020-06-19,Solano,095,438530,1238,755,4,759,21
2020-06-19,Sonoma,097,501317,1054,803,2,805,4
2020-06-19,Stanislaus,099,539301,2480,1549,6,1555,35
2020-06-19,Sutter,101,95872,129,89,0,89,2
2020-06-19,Tehama,103,63373,61,35,2,37,1
2020-06-19,Trinity,105,12862,15,2,3,5,0
2020-06-19,Tulare,107,460477,4319,3053,10,3063,107
2020-06-19,Tuolumne,109,53932,13,8,0,8,0
2020-06-19,Ventura,111,848112,2900,1865,15,1880,37
2020-06-19,Yolo,113,214977,458,303,0,303,24
2020-06-19,Yuba,115,75493,43,33,0,33,1
2020-06-18,Alameda,001,1643700,5558,4589,9,4598,118
2020-06-18,Alpine,003,1148,1,1,0,1,0
2020-06-18,Amador,005,37829,13,12,0,12,0
2020-06-18,Butte,007,227075,154,88,7,95,1
2020-06-18,Calaveras,009,45235,37,20,0,20,0
2020-06-18,Colusa,011,21464,20,7,0,7,0
2020-06-18,Contra Costa,013,1133247,2600,2072,3,2075,53
2020-06-18,Del Norte,015,27424,47,46,0,46,0
2020-06-18,El Dorado,017,186661,194,121,0,121,0
2020-06-18,Fresno,019,978130,5903,2947,64,3011,57
2020-06-18,Glenn,021,27897,82,35,0,35,0
2020-06-18,Humboldt,023,135768,140,106,0,106,3
2020-06-18,Imperial,025,180216,6681,4366,4,4370,36
2020-06-18,Inyo,027,18085,26,25,0,25,1
2020-06-18,Kern,029,883053,5364,3634,13,3647,57
2020-06-18,Kings,031,150075,2238,1141,6,1147,8
2020-06-18,Lake,033,64148,45,36,0,36,0
2020-06-18,Lassen,035,31185,22,5,2,7,0
2020-06-18,Los Angeles,037,10098052,91107,78244,23,78267,3009
2020-06-18,Madera,039,155013,581,288,2,290,4
2020-06-18,Marin,041,260295,1448,819,4,823,17
2020-06-18,Mariposa,043,17540,19,18,0,18,1
2020-06-18,Mendocino,045,87422,64,45,0,45,0
2020-06-18,Merced,047,269075,934,486,1,487,7
2020-06-18,Modoc,049,8938,1,0,0,0,0
2020-06-18,Mono,051,14174,42,34,0,34,1
2020-06-18,Monterey,053,433212,1513,1127,5,1132,12
2020-06-18,Napa,055,140530,289,205,0,205,3
2020-06-18,Nevada,057,99092,98,68,1,69,1
2020-06-18,Orange,059,3164182,14775,9597,117,9714,255
2020-06-18,Placer,061,380077,629,457,3,460,9
2020-06-18,Plumas,063,18699,6,5,0,5,0
2020-06-18,Riverside,065,2383286,16558,12410,25,12435,392
2020-06-18,Sacramento,067,1510023,2503,1938,4,1942,63
2020-06-18,San Benito,069,59416,204,134,0,134,2
2020-06-18,San Bernardino,071,2135413,12102,8141,7,8148,226
2020-06-18,San Diego,073,3302833,12419,10094,2,10096,331
2020-06-18,San Francisco,075,870044,3302,2951,1,2952,47
2020-06-18,San Joaquin,077,732212,2962,1908,4,1912,47
2020-06-18,San Luis Obispo,079,281455,574,378,5,383,1
2020-06-18,San Mateo,081,765935,3048,2674,5,2679,78
2020-06-18,Santa Barbara,083,443738,2744,2201,21,2222,19
2020-06-18,Santa Clara,085,1922200,4542,3338,17,3355,152
2020-06-18,Santa Cruz,087,273765,345,275,0,275,3
2020-06-18,Shasta,089,179085,126,51,0,51,4
2020-06-18,Sierra,091,2930,1,1,0,1,0
2020-06-18,Siskiyou,093,43540,29,18,0,18,0
2020-06-18,Solano,095,438530,1200,735,4,739,21
2020-06-18,Sonoma,097,501317,1012,789,2,791,4
2020-06-18,Stanislaus,099,539301,2346,1495,6,1501,35
2020-06-18,Sutter,101,95872,125,85,0,85,2
2020-06-18,Tehama,103,63373,56,31,2,33,1
2020-06-18,Trinity,105,12862,15,2,3,5,0
2020-06-18,Tulare,107,460477,4197,3005,10,3015,107
2020-06-18,Tuolumne,109,53932,12,8,0,8,0
2020-06-18,Ventura,111,848112,2774,1781,15,1796,37
2020-06-18,Yolo,113,214977,425,294,0,294,24
2020-06-18,Yuba,115,75493,42,32,0,32,1
2020-06-17,Alameda,001,1643700,5435,4485,9,4494,117
2020-06-17,Alpine,003,1148,1,1,0,1,0
2020-06-17,Amador,005,37829,12,10,0,10,0
2020-06-17,Butte,007,227075,145,81,7,88,1
2020-06-17,Calaveras,009,45235,37,20,0,20,0
2020-06-17,Colusa,011,21464,19,7,0,7,0
2020-06-17,Contra Costa,013,1133247,2503,2020,3,2023,45
2020-06-17,Del Norte,015,27424,47,45,0,45,0
2020-06-17,El Dorado,017,186661,187,116,0,116,0
2020-06-17,Fresno,019,978130,5677,2801,61,2862,56
2020-06-17,Glenn,021,27897,75,31,0,31,0
2020-06-17,Humboldt,023,135768,138,105,0,105,3
2020-06-17,Imperial,025,180216,6508,4108,4,4112,36
2020-06-17,Inyo,027,18085,25,25,0,25,1
2020-06-17,Kern,029,883053,5163,3547,13,3560,56
2020-06-17,Kings,031,150075,2208,1097,6,1103,7
2020-06-17,Lake,033,64148,44,32,0,32,0
2020-06-17,Lassen,035,31185,18,5,2,7,0
2020-06-17,Los Angeles,037,10098052,88799,77166,22,77188,2973
2020-06-17,Madera,039,155013,559,258,2,260,4
2020-06-17,Marin,041,260295,1256,771,3,774,17
2020-06-17,Mariposa,043,17540,18,18,0,18,1
2020-06-17,Mendocino,045,87422,62,42,0,42,0
2020-06-17,Merced,047,269075,862,460,1,461,7
2020-06-17,Modoc,049,8938,1,0,0,0,0
2020-06-17,Mono,051,14174,42,34,0,34,1
2020-06-17,Monterey,053,433212,1461,1077,5,1082,12
2020-06-17,Napa,055,140530,274,202,0,202,3
2020-06-17,Nevada,057,99092,94,57,1,58,1
2020-06-17,Orange,059,3164182,14169,9278,111,9389,230
2020-06-17,Placer,061,380077,609,427,3,430,9
2020-06-17,Plumas,063,18699,6,5,0,5,0
2020-06-17,Riverside,065,2383286,15922,11859,25,11884,370
2020-06-17,Sacramento,067,1510023,2396,1889,4,1893,63
2020-06-17,San Benito,069,59416,199,116,0,116,2
2020-06-17,San Bernardino,071,2135413,11552,7670,7,7677,225
2020-06-17,San Diego,073,3302833,12040,9856,2,9858,327
2020-06-17,San Francisco,075,870044,3263,2906,1,2907,46
2020-06-17,San Joaquin,077,732212,2789,1825,4,1829,46
2020-06-17,San Luis Obispo,079,281455,555,362,5,367,1
2020-06-17,San Mateo,081,765935,3001,2649,5,2654,78
2020-06-17,Santa Barbara,083,443738,2671,2147,19,2166,19
2020-06-17,Santa Clara,085,1922200,4449,3264,16,3280,148
2020-06-17,Santa Cruz,087,273765,339,265,0,265,2
2020-06-17,Shasta,089,179085,124,51,0,51,4
2020-06-17,Sierra,091,2930,1,1,0,1,0
2020-06-17,Siskiyou,093,43540,28,16,0,16,0
2020-06-17,Solano,095,438530,1150,722,4,726,21
2020-06-17,Sonoma,097,501317,986,748,2,750,4
2020-06-17,Stanislaus,099,539301,2223,1387,6,1393,35
2020-06-17,Sutter,101,95872,119,79,0,79,2
2020-06-17,Tehama,103,63373,41,24,2,26,1
2020-06-17,Trinity,105,12862,14,2,3,5,0
2020-06-17,Tulare,107,460477,4087,2882,10,2892,106
2020-06-17,Tuolumne,109,53932,12,7,0,7,0
2020-06-17,Ventura,111,848112,2674,1729,15,1744,37
2020-06-17,Yolo,113,214977,405,277,0,277,24
2020-06-17,Yuba,115,75493,41,30,0,30,1
2020-06-16,Alameda,001,1643700,5317,4428,9,4437,113
2020-06-16,Alpine,003,1148,1,1,0,1,0
2020-06-16,Amador,005,37829,12,10,0,10,0
2020-06-16,Butte,007,227075,141,79,7,86,1
2020-06-16,Calaveras,009,45235,34,19,0,19,0
2020-06-16,Colusa,011,21464,16,7,0,7,0
2020-06-16,Contra Costa,013,1133247,2412,1971,2,1973,45
2020-06-16,Del Norte,015,27424,47,45,0,45,0
2020-06-16,El Dorado,017,186661,181,115,0,115,0
2020-06-16,Fresno,019,978130,5439,2731,59,2790,50
2020-06-16,Glenn,021,27897,71,30,0,30,0
2020-06-16,Humboldt,023,135768,135,105,0,105,3
2020-06-16,Imperial,025,180216,6349,3939,4,3943,36
2020-06-16,Inyo,027,18085,25,24,0,24,1
2020-06-16,Kern,029,883053,4940,3496,13,3509,55
2020-06-16,Kings,031,150075,2162,1044,6,1050,6
2020-06-16,Lake,033,64148,44,31,0,31,0
2020-06-16,Lassen,035,31185,15,5,2,7,0
2020-06-16,Los Angeles,037,10098052,86476,75051,22,75073,2942
2020-06-16,Madera,039,155013,533,239,2,241,3
2020-06-16,Marin,041,260295,1203,725,3,728,17
2020-06-16,Mariposa,043,17540,18,17,0,17,1
2020-06-16,Mendocino,045,87422,61,35,0,35,0
2020-06-16,Merced,047,269075,814,436,1,437,7
2020-06-16,Modoc,049,8938,1,0,0,0,0
2020-06-16,Mono,051,14174,42,34,0,34,1
2020-06-16,Monterey,053,433212,1413,1019,5,1024,12
2020-06-16,Napa,055,140530,259,196,0,196,3
2020-06-16,Nevada,057,99092,91,53,1,54,1
2020-06-16,Orange,059,3164182,13585,9163,106,9269,223
2020-06-16,Placer,061,380077,577,392,3,395,9
2020-06-16,Plumas,063,18699,6,5,0,5,0
2020-06-16,Riverside,065,2383286,15247,11638,25,11663,364
2020-06-16,Sacramento,067,1510023,2286,1825,4,1829,60
2020-06-16,San Benito,069,59416,191,110,0,110,2
2020-06-16,San Bernardino,071,2135413,11008,7463,7,7470,225
2020-06-16,San Diego,073,3302833,11678,9732,1,9733,323
2020-06-16,San Francisco,075,870044,3212,2893,1,2894,46
2020-06-16,San Joaquin,077,732212,2636,1718,4,1722,47
2020-06-16,San Luis Obispo,079,281455,531,343,5,348,1
2020-06-16,San Mateo,081,765935,2947,2618,5,2623,77
2020-06-16,Santa Barbara,083,443738,2604,2090,19,2109,16
2020-06-16,Santa Clara,085,1922200,4338,3228,15,3243,148
2020-06-16,Santa Cruz,087,273765,323,257,0,257,2
2020-06-16,Shasta,089,179085,115,51,0,51,4
2020-06-16,Sierra,091,2930,1,1,0,1,0
2020-06-16,Siskiyou,093,43540,27,15,0,15,0
2020-06-16,Solano,095,438530,1060,694,4,698,19
2020-06-16,Sonoma,097,501317,954,739,2,741,4
2020-06-16,Stanislaus,099,539301,2070,1278,6,1284,36
2020-06-16,Sutter,101,95872,112,73,0,73,2
2020-06-16,Tehama,103,63373,37,24,2,26,1
2020-06-16,Trinity,105,12862,14,2,3,5,0
2020-06-16,Tulare,107,460477,3968,2802,10,2812,96
2020-06-16,Tuolumne,109,53932,12,7,0,7,0
2020-06-16,Ventura,111,848112,2573,1676,15,1691,37
2020-06-16,Yolo,113,214977,382,262,0,262,24
2020-06-16,Yuba,115,75493,39,29,0,29,1
2020-06-15,Alameda,001,1643700,5191,4323,9,4332,112
2020-06-15,Alpine,003,1148,1,1,0,1,0
2020-06-15,Amador,005,37829,12,10,0,10,0
2020-06-15,Butte,007,227075,133,78,7,85,1
2020-06-15,Calaveras,009,45235,34,18,0,18,0
2020-06-15,Colusa,011,21464,14,7,0,7,0
2020-06-15,Contra Costa,013,1133247,2335,1918,2,1920,43
2020-06-15,Del Norte,015,27424,47,45,0,45,0
2020-06-15,El Dorado,017,186661,171,114,0,114,0
2020-06-15,Fresno,019,978130,5227,2616,58,2674,48
2020-06-15,Glenn,021,27897,66,21,0,21,0
2020-06-15,Humboldt,023,135768,133,105,0,105,3
2020-06-15,Imperial,025,180216,6174,3726,4,3730,36
2020-06-15,Inyo,027,18085,25,23,0,23,1
2020-06-15,Kern,029,883053,4716,3417,13,3430,55
2020-06-15,Kings,031,150075,2085,1022,6,1028,6
2020-06-15,Lake,033,64148,44,31,0,31,0
2020-06-15,Lassen,035,31185,15,5,2,7,0
2020-06-15,Los Angeles,037,10098052,84287,73705,22,73727,2908
2020-06-15,Madera,039,155013,511,203,2,205,3
2020-06-15,Marin,041,260295,1036,708,3,711,17
2020-06-15,Mariposa,043,17540,18,17,0,17,1
2020-06-15,Mendocino,045,87422,52,33,0,33,0
2020-06-15,Merced,047,269075,768,414,1,415,7
2020-06-15,Modoc,049,8938,1,0,0,0,0
2020-06-15,Mono,051,14174,42,34,0,34,1
2020-06-15,Monterey,053,433212,1347,998,5,1003,12
2020-06-15,Napa,055,140530,251,187,0,187,3
2020-06-15,Nevada,057,99092,85,52,1,53,1
2020-06-15,Orange,059,3164182,13017,8944,98,9042,212
2020-06-15,Placer,061,380077,555,386,3,389,9
2020-06-15,Plumas,063,18699,6,4,0,4,0
2020-06-15,Riverside,065,2383286,14629,11376,24,11400,364
2020-06-15,Sacramento,067,1510023,2170,1791,4,1795,60
2020-06-15,San Benito,069,59416,185,108,0,108,2
2020-06-15,San Bernardino,071,2135413,10505,7189,7,7196,224
2020-06-15,San Diego,073,3302833,11338,9612,1,9613,320
2020-06-15,San Francisco,075,870044,3168,2833,1,2834,45
2020-06-15,San Joaquin,077,732212,2500,1667,4,1671,43
2020-06-15,San Luis Obispo,079,281455,516,332,5,337,1
2020-06-15,San Mateo,081,765935,2900,2591,5,2596,75
2020-06-15,Santa Barbara,083,443738,2536,2054,19,2073,16
2020-06-15,Santa Clara,085,1922200,4238,3204,15,3219,148
2020-06-15,Santa Cruz,087,273765,312,254,0,254,2
2020-06-15,Shasta,089,179085,109,50,0,50,4
2020-06-15,Sierra,091,2930,1,1,0,1,0
2020-06-15,Siskiyou,093,43540,26,14,0,14,0
2020-06-15,Solano,095,438530,1000,638,4,642,19
2020-06-15,Sonoma,097,501317,925,726,2,728,4
2020-06-15,Stanislaus,099,539301,1953,1253,6,1259,35
2020-06-15,Sutter,101,95872,102,71,0,71,2
2020-06-15,Tehama,103,63373,37,17,2,19,1
2020-06-15,Trinity,105,12862,13,2,3,5,0
2020-06-15,Tulare,107,460477,3854,2662,10,2672,96
2020-06-15,Tuolumne,109,53932,11,7,0,7,0
2020-06-15,Ventura,111,848112,2492,1656,15,1671,37
2020-06-15,Yolo,113,214977,362,255,0,255,24
2020-06-15,Yuba,115,75493,39,28,0,28,1
2020-06-14,Alameda,001,1643700,5046,4271,9,4280,112
2020-06-14,Alpine,003,1148,1,1,0,1,0
2020-06-14,Amador,005,37829,12,10,0,10,0
2020-06-14,Butte,007,227075,125,78,7,85,1
2020-06-14,Calaveras,009,45235,33,18,0,18,0
2020-06-14,Colusa,011,21464,13,7,0,7,0
2020-06-14,Contra Costa,013,1133247,2266,1893,2,1895,43
2020-06-14,Del Norte,015,27424,47,45,0,45,0
2020-06-14,El Dorado,017,186661,167,110,0,110,0
2020-06-14,Fresno,019,978130,5042,2585,57,2642,48
2020-06-14,Glenn,021,27897,51,21,0,21,0
2020-06-14,Humboldt,023,135768,129,105,0,105,3
2020-06-14,Imperial,025,180216,5943,3730,4,3734,36
2020-06-14,Inyo,027,18085,24,23,0,23,1
2020-06-14,Kern,029,883053,4505,3328,13,3341,55
2020-06-14,Kings,031,150075,2034,1022,5,1027,6
2020-06-14,Lake,033,64148,41,31,0,31,0
2020-06-14,Lassen,035,31185,15,5,2,7,0
2020-06-14,Los Angeles,037,10098052,81960,72932,21,72953,2887
2020-06-14,Madera,039,155013,492,203,2,205,3
2020-06-14,Marin,041,260295,871,689,2,691,17
2020-06-14,Mariposa,043,17540,18,16,0,16,1
2020-06-14,Mendocino,045,87422,49,33,0,33,0
2020-06-14,Merced,047,269075,717,403,1,404,7
2020-06-14,Modoc,049,8938,1,0,0,0,0
2020-06-14,Mono,051,14174,42,34,0,34,1
2020-06-14,Monterey,053,433212,1286,949,5,954,12
2020-06-14,Napa,055,140530,229,181,0,181,3
2020-06-14,Nevada,057,99092,81,52,1,53,1
2020-06-14,Orange,059,3164182,12590,8744,93,8837,211
2020-06-14,Placer,061,380077,529,369,3,372,9
2020-06-14,Plumas,063,18699,5,4,0,4,0
2020-06-14,Riverside,065,2383286,14186,11218,24,11242,364
2020-06-14,Sacramento,067,1510023,2083,1750,4,1754,60
2020-06-14,San Benito,069,59416,174,104,0,104,2
2020-06-14,San Bernardino,071,2135413,9965,7015,7,7022,224
2020-06-14,San Diego,073,3302833,10963,9442,1,9443,319
2020-06-14,San Francisco,075,870044,3128,2834,1,2835,45
2020-06-14,San Joaquin,077,732212,2349,1603,4,1607,43
2020-06-14,San Luis Obispo,079,281455,501,330,5,335,1
2020-06-14,San Mateo,081,765935,2842,2571,5,2576,75
2020-06-14,Santa Barbara,083,443738,2459,2049,19,2068,17
2020-06-14,Santa Clara,085,1922200,4143,3178,15,3193,148
2020-06-14,Santa Cruz,087,273765,298,254,0,254,2
2020-06-14,Shasta,089,179085,103,48,0,48,4
2020-06-14,Sierra,091,2930,1,1,0,1,0
2020-06-14,Siskiyou,093,43540,25,13,0,13,0
2020-06-14,Solano,095,438530,951,638,4,642,19
2020-06-14,Sonoma,097,501317,897,724,2,726,4
2020-06-14,Stanislaus,099,539301,1805,1159,6,1165,35
2020-06-14,Sutter,101,95872,97,63,0,63,2
2020-06-14,Tehama,103,63373,34,17,2,19,1
2020-06-14,Trinity,105,12862,13,2,3,5,0
2020-06-14,Tulare,107,460477,3720,2646,10,2656,96
2020-06-14,Tuolumne,109,53932,11,7,0,7,0
2020-06-14,Ventura,111,848112,2393,1610,14,1624,37
2020-06-14,Yolo,113,214977,346,254,0,254,24
2020-06-14,Yuba,115,75493,38,28,0,28,1
2020-06-13,Alameda,001,1643700,4983,4196,9,4205,112
2020-06-13,Alpine,003,1148,1,1,0,1,0
2020-06-13,Amador,005,37829,11,10,0,10,0
2020-06-13,Butte,007,227075,116,72,7,79,1
2020-06-13,Calaveras,009,45235,31,18,0,18,0
2020-06-13,Colusa,011,21464,12,7,0,7,0
2020-06-13,Contra Costa,013,1133247,2230,1868,2,1870,43
2020-06-13,Del Norte,015,27424,47,45,0,45,0
2020-06-13,El Dorado,017,186661,163,110,0,110,0
2020-06-13,Fresno,019,978130,4944,2499,57,2556,48
2020-06-13,Glenn,021,27897,49,21,0,21,0
2020-06-13,Humboldt,023,135768,128,104,0,104,3
2020-06-13,Imperial,025,180216,5870,3646,4,3650,36
2020-06-13,Inyo,027,18085,24,23,0,23,1
2020-06-13,Kern,029,883053,4396,3239,13,3252,55
2020-06-13,Kings,031,150075,2014,1023,5,1028,6
2020-06-13,Lake,033,64148,40,29,0,29,0
2020-06-13,Lassen,035,31185,15,5,2,7,0
2020-06-13,Los Angeles,037,10098052,80922,71938,21,71959,2874
2020-06-13,Madera,039,155013,488,203,2,205,3
2020-06-13,Marin,041,260295,840,677,2,679,17
2020-06-13,Mariposa,043,17540,18,16,0,16,1
2020-06-13,Mendocino,045,87422,49,33,0,33,0
2020-06-13,Merced,047,269075,699,376,1,377,7
2020-06-13,Modoc,049,8938,1,0,0,0,0
2020-06-13,Mono,051,14174,42,35,0,35,1
2020-06-13,Monterey,053,433212,1248,900,5,905,11
2020-06-13,Napa,055,140530,226,171,0,171,3
2020-06-13,Nevada,057,99092,79,52,1,53,1
2020-06-13,Orange,059,3164182,12346,8581,90,8671,211
2020-06-13,Placer,061,380077,512,346,3,349,9
2020-06-13,Plumas,063,18699,5,4,0,4,0
2020-06-13,Riverside,065,2383286,13907,10931,24,10955,364
2020-06-13,Sacramento,067,1510023,2028,1713,4,1717,60
2020-06-13,San Benito,069,59416,167,99,0,99,2
2020-06-13,San Bernardino,071,2135413,9741,6885,7,6892,224
2020-06-13,San Diego,073,3302833,10791,9316,1,9317,319
2020-06-13,San Francisco,075,870044,3108,2834,1,2835,44
2020-06-13,San Joaquin,077,732212,2268,1461,4,1465,43
2020-06-13,San Luis Obispo,079,281455,490,326,5,331,1
2020-06-13,San Mateo,081,765935,2819,2551,5,2556,75
2020-06-13,Santa Barbara,083,443738,2401,1999,19,2018,15
2020-06-13,Santa Clara,085,1922200,4100,3141,15,3156,148
2020-06-13,Santa Cruz,087,273765,292,254,0,254,2
2020-06-13,Shasta,089,179085,101,48,0,48,4
2020-06-13,Sierra,091,2930,1,1,0,1,0
2020-06-13,Siskiyou,093,43540,25,13,0,13,0
2020-06-13,Solano,095,438530,923,637,4,641,19
2020-06-13,Sonoma,097,501317,882,711,2,713,4
2020-06-13,Stanislaus,099,539301,1748,1122,6,1128,33
2020-06-13,Sutter,101,95872,96,62,0,62,2
2020-06-13,Tehama,103,63373,33,17,2,19,1
2020-06-13,Trinity,105,12862,13,2,3,5,0
2020-06-13,Tulare,107,460477,3688,2626,10,2636,96
2020-06-13,Tuolumne,109,53932,10,7,0,7,0
2020-06-13,Ventura,111,848112,2347,1567,14,1581,37
2020-06-13,Yolo,113,214977,326,251,0,251,24
2020-06-13,Yuba,115,75493,38,28,0,28,1
2020-06-12,Alameda,001,1643700,4910,4167,9,4176,109
2020-06-12,Alpine,003,1148,1,1,0,1,0
2020-06-12,Amador,005,37829,11,10,0,10,0
2020-06-12,Butte,007,227075,112,71,7,78,1
2020-06-12,Calaveras,009,45235,28,18,0,18,0
2020-06-12,Colusa,011,21464,12,7,0,7,0
2020-06-12,Contra Costa,013,1133247,2193,1827,2,1829,43
2020-06-12,Del Norte,015,27424,47,45,0,45,0
2020-06-12,El Dorado,017,186661,163,110,0,110,0
2020-06-12,Fresno,019,978130,4806,2428,57,2485,47
2020-06-12,Glenn,021,27897,46,21,0,21,0
2020-06-12,Humboldt,023,135768,126,105,0,105,3
2020-06-12,Imperial,025,180216,5786,3543,4,3547,36
2020-06-12,Inyo,027,18085,24,23,0,23,1
2020-06-12,Kern,029,883053,4279,3152,13,3165,54
2020-06-12,Kings,031,150075,2001,987,5,992,6
2020-06-12,Lake,033,64148,39,29,0,29,0
2020-06-12,Lassen,035,31185,15,5,2,7,0
2020-06-12,Los Angeles,037,10098052,79517,70385,21,70406,2814
2020-06-12,Madera,039,155013,463,187,2,189,3
2020-06-12,Marin,041,260295,837,649,2,651,17
2020-06-12,Mariposa,043,17540,18,16,0,16,1
2020-06-12,Mendocino,045,87422,49,33,0,33,0
2020-06-12,Merced,047,269075,665,372,1,373,7
2020-06-12,Modoc,049,8938,1,0,0,0,0
2020-06-12,Mono,051,14174,39,35,0,35,1
2020-06-12,Monterey,053,433212,1207,864,4,868,11
2020-06-12,Napa,055,140530,223,162,0,162,3
2020-06-12,Nevada,057,99092,73,52,1,53,1
2020-06-12,Orange,059,3164182,12040,8440,89,8529,203
2020-06-12,Placer,061,380077,495,333,3,336,9
2020-06-12,Plumas,063,18699,5,4,0,4,0
2020-06-12,Riverside,065,2383286,13570,10616,24,10640,364
2020-06-12,Sacramento,067,1510023,1973,1702,4,1706,60
2020-06-12,San Benito,069,59416,160,96,0,96,2
2020-06-12,San Bernardino,071,2135413,9473,6707,7,6714,223
2020-06-12,San Diego,073,3302833,10621,9132,1,9133,313
2020-06-12,San Francisco,075,870044,3074,2823,1,2824,44
2020-06-12,San Joaquin,077,732212,2188,1406,4,1410,43
2020-06-12,San Luis Obispo,079,281455,474,321,5,326,1
2020-06-12,San Mateo,081,765935,2784,2533,5,2538,75
2020-06-12,Santa Barbara,083,443738,2347,1969,19,1988,14
2020-06-12,Santa Clara,085,1922200,4056,3099,15,3114,149
2020-06-12,Santa Cruz,087,273765,284,251,0,251,2
2020-06-12,Shasta,089,179085,94,48,0,48,5
2020-06-12,Sierra,091,2930,1,1,0,1,0
2020-06-12,Siskiyou,093,43540,25,13,0,13,0
2020-06-12,Solano,095,438530,909,620,4,624,19
2020-06-12,Sonoma,097,501317,863,696,2,698,4
2020-06-12,Stanislaus,099,539301,1689,1092,6,1098,33
2020-06-12,Sutter,101,95872,95,56,0,56,2
2020-06-12,Tehama,103,63373,32,13,2,15,1
2020-06-12,Trinity,105,12862,13,2,3,5,0
2020-06-12,Tulare,107,460477,3634,2552,10,2562,95
2020-06-12,Tuolumne,109,53932,10,7,0,7,0
2020-06-12,Ventura,111,848112,2295,1534,14,1548,35
2020-06-12,Yolo,113,214977,314,243,0,243,24
2020-06-12,Yuba,115,75493,36,27,0,27,1
2020-06-11,Alameda,001,1643700,4780,4073,8,4081,108
2020-06-11,Alpine,003,1148,1,1,0,1,0
2020-06-11,Amador,005,37829,10,10,0,10,0
2020-06-11,Butte,007,227075,106,72,7,79,1
2020-06-11,Calaveras,009,45235,27,16,0,16,0
2020-06-11,Colusa,011,21464,12,7,0,7,0
2020-06-11,Contra Costa,013,1133247,2140,1797,2,1799,43
2020-06-11,Del Norte,015,27424,47,45,0,45,0
2020-06-11,El Dorado,017,186661,155,109,0,109,0
2020-06-11,Fresno,019,978130,4652,2338,57,2395,45
2020-06-11,Glenn,021,27897,42,21,0,21,0
2020-06-11,Humboldt,023,135768,122,113,0,113,3
2020-06-11,Imperial,025,180216,5630,3463,4,3467,36
2020-06-11,Inyo,027,18085,22,23,0,23,1
2020-06-11,Kern,029,883053,4127,3047,11,3058,54
2020-06-11,Kings,031,150075,1968,963,5,968,6
2020-06-11,Lake,033,64148,39,28,0,28,0
2020-06-11,Lassen,035,31185,15,5,2,7,0
2020-06-11,Los Angeles,037,10098052,77852,68807,20,68827,2800
2020-06-11,Madera,039,155013,445,178,2,180,3
2020-06-11,Marin,041,260295,789,637,2,639,17
2020-06-11,Mariposa,043,17540,18,16,0,16,1
2020-06-11,Mendocino,045,87422,40,35,0,35,0
2020-06-11,Merced,047,269075,625,370,1,371,7
2020-06-11,Modoc,049,8938,1,0,0,0,0
2020-06-11,Mono,051,14174,39,35,0,35,1
2020-06-11,Monterey,053,433212,1160,813,4,817,11
2020-06-11,Napa,055,140530,214,162,0,162,3
2020-06-11,Nevada,057,99092,67,50,1,51,1
2020-06-11,Orange,059,3164182,11732,8304,88,8392,188
2020-06-11,Placer,061,380077,476,321,3,324,9
2020-06-11,Plumas,063,18699,5,4,0,4,0
2020-06-11,Riverside,065,2383286,13217,10014,24,10038,361
2020-06-11,Sacramento,067,1510023,1925,1669,4,1673,60
2020-06-11,San Benito,069,59416,154,94,0,94,2
2020-06-11,San Bernardino,071,2135413,9176,6509,7,6516,221
2020-06-11,San Diego,073,3302833,10391,9000,0,9000,308
2020-06-11,San Francisco,075,870044,3045,2766,1,2767,44
2020-06-11,San Joaquin,077,732212,2076,1351,4,1355,43
2020-06-11,San Luis Obispo,079,281455,460,307,5,312,1
2020-06-11,San Mateo,081,765935,2746,2499,5,2504,74
2020-06-11,Santa Barbara,083,443738,2286,1895,19,1914,14
2020-06-11,Santa Clara,085,1922200,3989,3049,15,3064,149
2020-06-11,Santa Cruz,087,273765,280,247,0,247,2
2020-06-11,Shasta,089,179085,87,47,0,47,5
2020-06-11,Sierra,091,2930,1,1,0,1,0
2020-06-11,Siskiyou,093,43540,25,14,0,14,0
2020-06-11,Solano,095,438530,883,616,4,620,19
2020-06-11,Sonoma,097,501317,841,682,2,684,4
2020-06-11,Stanislaus,099,539301,1598,1062,6,1068,30
2020-06-11,Sutter,101,95872,92,56,0,56,2
2020-06-11,Tehama,103,63373,27,10,2,12,1
2020-06-11,Trinity,105,12862,11,2,3,5,0
2020-06-11,Tulare,107,460477,3535,2473,10,2483,95
2020-06-11,Tuolumne,109,53932,10,7,0,7,0
2020-06-11,Ventura,111,848112,2218,1491,13,1504,34
2020-06-11,Yolo,113,214977,306,230,0,230,24
2020-06-11,Yuba,115,75493,36,27,0,27,1
2020-06-10,Alameda,001,1643700,4680,4027,7,4034,107
2020-06-10,Alpine,003,1148,1,1,0,1,0
2020-06-10,Amador,005,37829,10,10,0,10,0
2020-06-10,Butte,007,227075,102,71,7,78,1
2020-06-10,Calaveras,009,45235,27,16,0,16,0
2020-06-10,Colusa,011,21464,11,7,0,7,0
2020-06-10,Contra Costa,013,1133247,2096,1778,2,1780,43
2020-06-10,Del Norte,015,27424,47,45,0,45,0
2020-06-10,El Dorado,017,186661,152,109,0,109,0
2020-06-10,Fresno,019,978130,4475,2324,57,2381,45
2020-06-10,Glenn,021,27897,39,21,0,21,0
2020-06-10,Humboldt,023,135768,118,112,0,112,3
2020-06-10,Imperial,025,180216,5482,3454,4,3458,36
2020-06-10,Inyo,027,18085,22,23,0,23,1
2020-06-10,Kern,029,883053,4002,3000,10,3010,54
2020-06-10,Kings,031,150075,1922,952,4,956,6
2020-06-10,Lake,033,64148,39,28,0,28,0
2020-06-10,Lassen,035,31185,15,5,2,7,0
2020-06-10,Los Angeles,037,10098052,76331,67018,20,67038,2752
2020-06-10,Madera,039,155013,431,176,1,177,3
2020-06-10,Marin,041,260295,757,633,2,635,17
2020-06-10,Mariposa,043,17540,17,16,0,16,1
2020-06-10,Mendocino,045,87422,39,35,0,35,0
2020-06-10,Merced,047,269075,592,370,1,371,7
2020-06-10,Modoc,049,8938,1,0,0,0,0
2020-06-10,Mono,051,14174,39,35,0,35,1
2020-06-10,Monterey,053,433212,1106,791,4,795,11
2020-06-10,Napa,055,140530,211,159,0,159,3
2020-06-10,Nevada,057,99092,65,50,1,51,1
2020-06-10,Orange,059,3164182,11456,8222,85,8307,184
2020-06-10,Placer,061,380077,451,309,3,312,9
2020-06-10,Plumas,063,18699,5,4,0,4,0
2020-06-10,Riverside,065,2383286,12894,9857,24,9881,361
2020-06-10,Sacramento,067,1510023,1886,1643,2,1645,59
2020-06-10,San Benito,069,59416,145,94,0,94,2
2020-06-10,San Bernardino,071,2135413,8883,6438,7,6445,219
2020-06-10,San Diego,073,3302833,10227,8839,0,8839,305
2020-06-10,San Francisco,075,870044,3020,2774,1,2775,44
2020-06-10,San Joaquin,077,732212,1947,1282,4,1286,41
2020-06-10,San Luis Obispo,079,281455,440,306,5,311,1
2020-06-10,San Mateo,081,765935,2706,2492,5,2497,74
2020-06-10,Santa Barbara,083,443738,2230,1878,19,1897,13
2020-06-10,Santa Clara,085,1922200,3938,3032,15,3047,149
2020-06-10,Santa Cruz,087,273765,276,242,0,242,2
2020-06-10,Shasta,089,179085,82,45,0,45,5
2020-06-10,Sierra,091,2930,1,1,0,1,0
2020-06-10,Siskiyou,093,43540,25,14,0,14,0
2020-06-10,Solano,095,438530,847,608,4,612,19
2020-06-10,Sonoma,097,501317,823,673,2,675,4
2020-06-10,Stanislaus,099,539301,1508,1030,6,1036,29
2020-06-10,Sutter,101,95872,91,56,0,56,2
2020-06-10,Tehama,103,63373,25,10,2,12,1
2020-06-10,Trinity,105,12862,11,2,3,5,0
2020-06-10,Tulare,107,460477,3442,2455,10,2465,95
2020-06-10,Tuolumne,109,53932,10,7,0,7,0
2020-06-10,Ventura,111,848112,2172,1446,12,1458,34
2020-06-10,Yolo,113,214977,298,226,0,226,24
2020-06-10,Yuba,115,75493,35,27,0,27,1
2020-06-09,Alameda,001,1643700,4570,3963,7,3970,103
2020-06-09,Alpine,003,1148,1,1,0,1,0
2020-06-09,Amador,005,37829,10,10,0,10,0
2020-06-09,Butte,007,227075,101,70,6,76,1
2020-06-09,Calaveras,009,45235,27,16,0,16,0
2020-06-09,Colusa,011,21464,10,7,0,7,0
2020-06-09,Contra Costa,013,1133247,2055,1744,2,1746,42
2020-06-09,Del Norte,015,27424,47,45,0,45,0
2020-06-09,El Dorado,017,186661,142,108,0,108,0
2020-06-09,Fresno,019,978130,4323,2278,57,2335,43
2020-06-09,Glenn,021,27897,38,19,0,19,0
2020-06-09,Humboldt,023,135768,116,113,0,113,2
2020-06-09,Imperial,025,180216,5330,3067,4,3071,36
2020-06-09,Inyo,027,18085,22,22,0,22,1
2020-06-09,Kern,029,883053,3874,2920,10,2930,51
2020-06-09,Kings,031,150075,1890,934,4,938,6
2020-06-09,Lake,033,64148,39,28,0,28,0
2020-06-09,Lassen,035,31185,15,5,2,7,0
2020-06-09,Los Angeles,037,10098052,74673,65827,20,65847,2692
2020-06-09,Madera,039,155013,416,172,1,173,3
2020-06-09,Marin,041,260295,721,616,2,618,17
2020-06-09,Mariposa,043,17540,17,16,0,16,1
2020-06-09,Mendocino,045,87422,35,35,0,35,0
2020-06-09,Merced,047,269075,563,349,1,350,7
2020-06-09,Modoc,049,8938,1,0,0,0,0
2020-06-09,Mono,051,14174,39,35,0,35,1
2020-06-09,Monterey,053,433212,1065,772,4,776,11
2020-06-09,Napa,055,140530,201,156,0,156,3
2020-06-09,Nevada,057,99092,57,50,1,51,1
2020-06-09,Orange,059,3164182,11215,7991,83,8074,174
2020-06-09,Placer,061,380077,438,301,3,304,9
2020-06-09,Plumas,063,18699,5,4,0,4,0
2020-06-09,Riverside,065,2383286,12516,9511,24,9535,354
2020-06-09,Sacramento,067,1510023,1832,1625,2,1627,59
2020-06-09,San Benito,069,59416,139,95,0,95,2
2020-06-09,San Bernardino,071,2135413,8559,6268,6,6274,217
2020-06-09,San Diego,073,3302833,10042,8731,0,8731,301
2020-06-09,San Francisco,075,870044,2995,2749,1,2750,44
2020-06-09,San Joaquin,077,732212,1841,1240,4,1244,41
2020-06-09,San Luis Obispo,079,281455,427,301,4,305,1
2020-06-09,San Mateo,081,765935,2675,2463,5,2468,74
2020-06-09,Santa Barbara,083,443738,2174,1854,19,1873,13
2020-06-09,Santa Clara,085,1922200,3870,3006,14,3020,147
2020-06-09,Santa Cruz,087,273765,270,237,0,237,2
2020-06-09,Shasta,089,179085,78,44,0,44,4
2020-06-09,Sierra,091,2930,1,1,0,1,0
2020-06-09,Siskiyou,093,43540,20,10,0,10,0
2020-06-09,Solano,095,438530,812,596,4,600,18
2020-06-09,Sonoma,097,501317,800,661,2,663,4
2020-06-09,Stanislaus,099,539301,1407,993,6,999,25
2020-06-09,Sutter,101,95872,88,56,0,56,2
2020-06-09,Tehama,103,63373,25,9,2,11,1
2020-06-09,Trinity,105,12862,10,2,3,5,0
2020-06-09,Tulare,107,460477,3376,2393,10,2403,91
2020-06-09,Tuolumne,109,53932,10,8,0,8,0
2020-06-09,Ventura,111,848112,2106,1407,12,1419,34
2020-06-09,Yolo,113,214977,287,226,0,226,24
2020-06-09,Yuba,115,75493,34,27,0,27,1
2020-06-08,Alameda,001,1643700,4489,3937,7,3944,103
2020-06-08,Alpine,003,1148,1,1,0,1,0
2020-06-08,Amador,005,37829,10,10,0,10,0
2020-06-08,Butte,007,227075,97,68,6,74,1
2020-06-08,Calaveras,009,45235,27,16,0,16,0
2020-06-08,Colusa,011,21464,9,7,0,7,0
2020-06-08,Contra Costa,013,1133247,2012,1714,2,1716,41
2020-06-08,Del Norte,015,27424,47,45,0,45,0
2020-06-08,El Dorado,017,186661,138,107,0,107,0
2020-06-08,Fresno,019,978130,4199,2194,56,2250,42
2020-06-08,Glenn,021,27897,36,17,0,17,0
2020-06-08,Humboldt,023,135768,116,112,0,112,2
2020-06-08,Imperial,025,180216,5178,3051,4,3055,21
2020-06-08,Inyo,027,18085,22,22,0,22,1
2020-06-08,Kern,029,883053,3743,2853,9,2862,49
2020-06-08,Kings,031,150075,1814,892,4,896,6
2020-06-08,Lake,033,64148,39,28,0,28,0
2020-06-08,Lassen,035,31185,15,4,2,6,0
2020-06-08,Los Angeles,037,10098052,73213,64634,20,64654,2640
2020-06-08,Madera,039,155013,386,154,1,155,3
2020-06-08,Marin,041,260295,680,596,2,598,17
2020-06-08,Mariposa,043,17540,16,16,0,16,1
2020-06-08,Mendocino,045,87422,33,32,0,32,0
2020-06-08,Merced,047,269075,529,331,1,332,7
2020-06-08,Modoc,049,8938,1,0,0,0,0
2020-06-08,Mono,051,14174,39,35,0,35,1
2020-06-08,Monterey,053,433212,1014,751,3,754,10
2020-06-08,Napa,055,140530,185,151,0,151,3
2020-06-08,Nevada,057,99092,56,50,1,51,1
2020-06-08,Orange,059,3164182,10964,7786,81,7867,160
2020-06-08,Placer,061,380077,421,290,3,293,9
2020-06-08,Plumas,063,18699,5,4,0,4,0
2020-06-08,Riverside,065,2383286,12147,9246,24,9270,347
2020-06-08,Sacramento,067,1510023,1782,1591,2,1593,59
2020-06-08,San Benito,069,59416,132,93,0,93,2
2020-06-08,San Bernardino,071,2135413,8240,6122,6,6128,214
2020-06-08,San Diego,073,3302833,9885,8621,0,8621,296
2020-06-08,San Francisco,075,870044,2968,2715,1,2716,43
2020-06-08,San Joaquin,077,732212,1734,1198,4,1202,40
2020-06-08,San Luis Obispo,079,281455,421,300,4,304,1
2020-06-08,San Mateo,081,765935,2644,2431,4,2435,74
2020-06-08,Santa Barbara,083,443738,2119,1824,17,1841,13
2020-06-08,Santa Clara,085,1922200,3824,2971,14,2985,146
2020-06-08,Santa Cruz,087,273765,269,234,0,234,2
2020-06-08,Shasta,089,179085,74,43,0,43,4
2020-06-08,Sierra,091,2930,1,1,0,1,0
2020-06-08,Siskiyou,093,43540,20,8,0,8,0
2020-06-08,Solano,095,438530,785,560,4,564,19
2020-06-08,Sonoma,097,501317,784,654,2,656,4
2020-06-08,Stanislaus,099,539301,1325,956,6,962,28
2020-06-08,Sutter,101,95872,81,55,0,55,2
2020-06-08,Tehama,103,63373,19,8,2,10,1
2020-06-08,Trinity,105,12862,10,2,3,5,0
2020-06-08,Tulare,107,460477,3293,2301,10,2311,91
2020-06-08,Tuolumne,109,53932,9,8,0,8,0
2020-06-08,Ventura,111,848112,2048,1382,12,1394,30
2020-06-08,Yolo,113,214977,276,228,0,228,24
2020-06-08,Yuba,115,75493,32,27,0,27,1
2020-06-07,Alameda,001,1643700,4376,3866,7,3873,102
2020-06-07,Alpine,003,1148,1,1,0,1,0
2020-06-07,Amador,005,37829,10,10,0,10,0
2020-06-07,Butte,007,227075,95,64,5,69,1
2020-06-07,Calaveras,009,45235,25,16,0,16,0
2020-06-07,Colusa,011,21464,9,7,0,7,0
2020-06-07,Contra Costa,013,1133247,1961,1653,1,1654,38
2020-06-07,Del Norte,015,27424,45,45,0,45,0
2020-06-07,El Dorado,017,186661,138,104,0,104,0
2020-06-07,Fresno,019,978130,4069,2144,56,2200,41
2020-06-07,Glenn,021,27897,29,16,0,16,0
2020-06-07,Humboldt,023,135768,116,112,0,112,2
2020-06-07,Imperial,025,180216,5027,3048,4,3052,19
2020-06-07,Inyo,027,18085,22,21,0,21,1
2020-06-07,Kern,029,883053,3612,2771,9,2780,46
2020-06-07,Kings,031,150075,1765,882,4,886,6
2020-06-07,Lake,033,64148,36,28,0,28,0
2020-06-07,Lassen,035,31185,14,4,2,6,0
2020-06-07,Los Angeles,037,10098052,71510,63750,20,63770,2629
2020-06-07,Madera,039,155013,369,149,1,150,3
2020-06-07,Marin,041,260295,666,584,2,586,17
2020-06-07,Mariposa,043,17540,16,16,0,16,1
2020-06-07,Mendocino,045,87422,33,32,0,32,0
2020-06-07,Merced,047,269075,496,318,1,319,7
2020-06-07,Modoc,049,8938,1,0,0,0,0
2020-06-07,Mono,051,14174,39,35,0,35,1
2020-06-07,Monterey,053,433212,968,732,3,735,10
2020-06-07,Napa,055,140530,177,142,0,142,3
2020-06-07,Nevada,057,99092,55,50,1,51,1
2020-06-07,Orange,059,3164182,10707,7643,79,7722,158
2020-06-07,Placer,061,380077,400,273,2,275,9
2020-06-07,Plumas,063,18699,5,4,0,4,0
2020-06-07,Riverside,065,2383286,11851,9105,24,9129,344
2020-06-07,Sacramento,067,1510023,1734,1568,2,1570,59
2020-06-07,San Benito,069,59416,129,92,0,92,2
2020-06-07,San Bernardino,071,2135413,7954,6033,6,6039,214
2020-06-07,San Diego,073,3302833,9706,8478,0,8478,296
2020-06-07,San Francisco,075,870044,2924,2674,0,2674,43
2020-06-07,San Joaquin,077,732212,1633,1126,4,1130,37
2020-06-07,San Luis Obispo,079,281455,411,296,4,300,1
2020-06-07,San Mateo,081,765935,2617,2399,4,2403,73
2020-06-07,Santa Barbara,083,443738,2064,1818,17,1835,13
2020-06-07,Santa Clara,085,1922200,3772,2947,14,2961,146
2020-06-07,Santa Cruz,087,273765,261,230,0,230,2
2020-06-07,Shasta,089,179085,73,41,0,41,4
2020-06-07,Sierra,091,2930,1,1,0,1,0
2020-06-07,Siskiyou,093,43540,20,8,0,8,0
2020-06-07,Solano,095,438530,762,560,4,564,19
2020-06-07,Sonoma,097,501317,753,639,2,641,4
2020-06-07,Stanislaus,099,539301,1245,905,5,910,28
2020-06-07,Sutter,101,95872,73,55,0,55,2
2020-06-07,Tehama,103,63373,16,8,2,10,1
2020-06-07,Trinity,105,12862,8,2,3,5,0
2020-06-07,Tulare,107,460477,3171,2219,10,2229,90
2020-06-07,Tuolumne,109,53932,9,4,0,4,0
2020-06-07,Ventura,111,848112,1982,1337,12,1349,30
2020-06-07,Yolo,113,214977,266,224,0,224,24
2020-06-07,Yuba,115,75493,32,27,0,27,1
2020-06-06,Alameda,001,1643700,4331,3801,7,3808,102
2020-06-06,Alpine,003,1148,1,1,0,1,0
2020-06-06,Amador,005,37829,10,10,0,10,0
2020-06-06,Butte,007,227075,94,63,5,68,1
2020-06-06,Calaveras,009,45235,23,16,0,16,0
2020-06-06,Colusa,011,21464,9,7,0,7,0
2020-06-06,Contra Costa,013,1133247,1940,1619,1,1620,37
2020-06-06,Del Norte,015,27424,45,45,0,45,0
2020-06-06,El Dorado,017,186661,133,104,0,104,0
2020-06-06,Fresno,019,978130,4014,2117,56,2173,41
2020-06-06,Glenn,021,27897,27,16,0,16,0
2020-06-06,Humboldt,023,135768,116,112,0,112,2
2020-06-06,Imperial,025,180216,4951,3047,4,3051,19
2020-06-06,Inyo,027,18085,22,21,0,21,1
2020-06-06,Kern,029,883053,3541,2695,9,2704,46
2020-06-06,Kings,031,150075,1746,882,4,886,6
2020-06-06,Lake,033,64148,36,28,0,28,0
2020-06-06,Lassen,035,31185,14,4,2,6,0
2020-06-06,Los Angeles,037,10098052,70762,62269,20,62289,2607
2020-06-06,Madera,039,155013,360,149,1,150,3
2020-06-06,Marin,041,260295,661,556,2,558,17
2020-06-06,Mariposa,043,17540,16,16,0,16,1
2020-06-06,Mendocino,045,87422,33,32,0,32,0
2020-06-06,Merced,047,269075,495,315,1,316,7
2020-06-06,Modoc,049,8938,1,0,0,0,0
2020-06-06,Mono,051,14174,39,35,0,35,1
2020-06-06,Monterey,053,433212,944,679,3,682,10
2020-06-06,Napa,055,140530,171,136,0,136,3
2020-06-06,Nevada,057,99092,54,50,1,51,1
2020-06-06,Orange,059,3164182,10548,7576,78,7654,157
2020-06-06,Placer,061,380077,388,270,2,272,9
2020-06-06,Plumas,063,18699,5,4,0,4,0
2020-06-06,Riverside,065,2383286,11673,8935,24,8959,345
2020-06-06,Sacramento,067,1510023,1711,1533,2,1535,59
2020-06-06,San Benito,069,59416,119,92,0,92,2
2020-06-06,San Bernardino,071,2135413,7806,5946,6,5952,214
2020-06-06,San Diego,073,3302833,9585,8347,0,8347,296
2020-06-06,San Francisco,075,870044,2909,2674,0,2674,43
2020-06-06,San Joaquin,077,732212,1593,1076,4,1080,37
2020-06-06,San Luis Obispo,079,281455,405,295,4,299,1
2020-06-06,San Mateo,081,765935,2602,2342,4,2346,72
2020-06-06,Santa Barbara,083,443738,2025,1815,17,1832,13
2020-06-06,Santa Clara,085,1922200,3731,2934,14,2948,144
2020-06-06,Santa Cruz,087,273765,259,226,0,226,2
2020-06-06,Shasta,089,179085,73,40,0,40,4
2020-06-06,Sierra,091,2930,1,1,0,1,0
2020-06-06,Siskiyou,093,43540,18,8,0,8,0
2020-06-06,Solano,095,438530,747,560,4,564,19
2020-06-06,Sonoma,097,501317,741,622,2,624,4
2020-06-06,Stanislaus,099,539301,1211,858,5,863,27
2020-06-06,Sutter,101,95872,73,51,0,51,2
2020-06-06,Tehama,103,63373,15,8,2,10,1
2020-06-06,Trinity,105,12862,8,2,2,4,0
2020-06-06,Tulare,107,460477,3138,2213,10,2223,90
2020-06-06,Tuolumne,109,53932,9,4,0,4,0
2020-06-06,Ventura,111,848112,1958,1303,12,1315,30
2020-06-06,Yolo,113,214977,264,223,0,223,24
2020-06-06,Yuba,115,75493,32,27,0,27,1
2020-06-05,Alameda,001,1643700,4280,3734,7,3741,102
2020-06-05,Alpine,003,1148,1,1,0,1,0
2020-06-05,Amador,005,37829,10,10,0,10,0
2020-06-05,Butte,007,227075,91,61,5,66,1
2020-06-05,Calaveras,009,45235,22,16,0,16,0
2020-06-05,Colusa,011,21464,9,7,0,7,0
2020-06-05,Contra Costa,013,1133247,1925,1575,1,1576,37
2020-06-05,Del Norte,015,27424,45,45,0,45,0
2020-06-05,El Dorado,017,186661,131,101,0,101,0
2020-06-05,Fresno,019,978130,3950,2051,55,2106,38
2020-06-05,Glenn,021,27897,25,16,0,16,0
2020-06-05,Humboldt,023,135768,115,111,0,111,2
2020-06-05,Imperial,025,180216,4845,2778,4,2782,19
2020-06-05,Inyo,027,18085,22,21,0,21,1
2020-06-05,Kern,029,883053,3452,2624,9,2633,46
2020-06-05,Kings,031,150075,1731,865,4,869,6
2020-06-05,Lake,033,64148,35,28,0,28,0
2020-06-05,Lassen,035,31185,13,4,2,6,0
2020-06-05,Los Angeles,037,10098052,69615,60955,20,60975,2553
2020-06-05,Madera,039,155013,338,144,1,145,3
2020-06-05,Marin,041,260295,652,546,2,548,17
2020-06-05,Mariposa,043,17540,16,16,0,16,1
2020-06-05,Mendocino,045,87422,33,32,0,32,0
2020-06-05,Merced,047,269075,493,309,1,310,7
2020-06-05,Modoc,049,8938,1,0,0,0,0
2020-06-05,Mono,051,14174,39,35,0,35,1
2020-06-05,Monterey,053,433212,912,649,3,652,10
2020-06-05,Napa,055,140530,168,123,0,123,3
2020-06-05,Nevada,057,99092,54,50,1,51,1
2020-06-05,Orange,059,3164182,10352,7391,76,7467,153
2020-06-05,Placer,061,380077,378,265,2,267,9
2020-06-05,Plumas,063,18699,5,4,0,4,0
2020-06-05,Riverside,065,2383286,11414,8700,24,8724,345
2020-06-05,Sacramento,067,1510023,1689,1514,2,1516,59
2020-06-05,San Benito,069,59416,117,92,0,92,2
2020-06-05,San Bernardino,071,2135413,7624,5869,5,5874,212
2020-06-05,San Diego,073,3302833,9470,8182,0,8182,294
2020-06-05,San Francisco,075,870044,2891,2675,0,2675,43
2020-06-05,San Joaquin,077,732212,1514,1046,4,1050,36
2020-06-05,San Luis Obispo,079,281455,398,293,4,297,1
2020-06-05,San Mateo,081,765935,2577,2331,4,2335,72
2020-06-05,Santa Barbara,083,443738,1994,1795,17,1812,13
2020-06-05,Santa Clara,085,1922200,3696,2902,14,2916,144
2020-06-05,Santa Cruz,087,273765,256,222,0,222,2
2020-06-05,Shasta,089,179085,72,40,0,40,4
2020-06-05,Sierra,091,2930,1,1,0,1,0
2020-06-05,Siskiyou,093,43540,16,8,0,8,0
2020-06-05,Solano,095,438530,740,558,4,562,19
2020-06-05,Sonoma,097,501317,720,618,2,620,4
2020-06-05,Stanislaus,099,539301,1178,842,5,847,27
2020-06-05,Sutter,101,95872,73,49,0,49,2
2020-06-05,Tehama,103,63373,15,7,2,9,1
2020-06-05,Trinity,105,12862,8,1,2,3,0
2020-06-05,Tulare,107,460477,3089,2180,10,2190,90
2020-06-05,Tuolumne,109,53932,9,4,0,4,0
2020-06-05,Ventura,111,848112,1925,1274,12,1286,30
2020-06-05,Yolo,113,214977,263,216,0,216,24
2020-06-05,Yuba,115,75493,32,27,0,27,1
2020-06-04,Alameda,001,1643700,4181,3643,7,3650,99
2020-06-04,Alpine,003,1148,1,1,0,1,0
2020-06-04,Amador,005,37829,10,10,0,10,0
2020-06-04,Butte,007,227075,87,57,4,61,1
2020-06-04,Calaveras,009,45235,22,15,0,15,0
2020-06-04,Colusa,011,21464,9,7,0,7,0
2020-06-04,Contra Costa,013,1133247,1867,1551,1,1552,37
2020-06-04,Del Norte,015,27424,45,45,0,45,0
2020-06-04,El Dorado,017,186661,129,101,0,101,0
2020-06-04,Fresno,019,978130,3844,2007,54,2061,35
2020-06-04,Glenn,021,27897,22,16,0,16,0
2020-06-04,Humboldt,023,135768,115,109,0,109,2
2020-06-04,Imperial,025,180216,4663,2631,4,2635,19
2020-06-04,Inyo,027,18085,22,20,0,20,1
2020-06-04,Kern,029,883053,3336,2530,9,2539,46
2020-06-04,Kings,031,150075,1661,842,4,846,6
2020-06-04,Lake,033,64148,34,27,0,27,0
2020-06-04,Lassen,035,31185,11,4,2,6,0
2020-06-04,Los Angeles,037,10098052,68149,59596,20,59616,2515
2020-06-04,Madera,039,155013,330,127,1,128,3
2020-06-04,Marin,041,260295,630,533,2,535,14
2020-06-04,Mariposa,043,17540,16,16,0,16,1
2020-06-04,Mendocino,045,87422,33,29,0,29,0
2020-06-04,Merced,047,269075,473,304,1,305,7
2020-06-04,Modoc,049,8938,1,0,0,0,0
2020-06-04,Mono,051,14174,39,35,0,35,1
2020-06-04,Monterey,053,433212,877,621,2,623,10
2020-06-04,Napa,055,140530,164,117,0,117,3
2020-06-04,Nevada,057,99092,53,49,1,50,1
2020-06-04,Orange,059,3164182,10098,7192,75,7267,148
2020-06-04,Placer,061,380077,362,256,2,258,9
2020-06-04,Plumas,063,18699,4,4,0,4,0
2020-06-04,Riverside,065,2383286,11136,8473,24,8497,341
2020-06-04,Sacramento,067,1510023,1662,1492,2,1494,58
2020-06-04,San Benito,069,59416,115,88,0,88,2
2020-06-04,San Bernardino,071,2135413,7356,5726,5,5731,207
2020-06-04,San Diego,073,3302833,9307,7942,0,7942,288
2020-06-04,San Francisco,075,870044,2858,2636,0,2636,43
2020-06-04,San Joaquin,077,732212,1452,1016,4,1020,36
2020-06-04,San Luis Obispo,079,281455,387,288,4,292,1
2020-06-04,San Mateo,081,765935,2550,2284,4,2288,72
2020-06-04,Santa Barbara,083,443738,1963,1750,16,1766,13
2020-06-04,Santa Clara,085,1922200,3662,2871,14,2885,144
2020-06-04,Santa Cruz,087,273765,250,218,0,218,2
2020-06-04,Shasta,089,179085,66,40,0,40,4
2020-06-04,Sierra,091,2930,1,1,0,1,0
2020-06-04,Siskiyou,093,43540,15,8,0,8,0
2020-06-04,Solano,095,438530,723,551,4,555,19
2020-06-04,Sonoma,097,501317,701,591,1,592,4
2020-06-04,Stanislaus,099,539301,1102,806,5,811,28
2020-06-04,Sutter,101,95872,68,46,0,46,2
2020-06-04,Tehama,103,63373,14,6,1,7,1
2020-06-04,Trinity,105,12862,8,1,2,3,0
2020-06-04,Tulare,107,460477,2972,2086,10,2096,90
2020-06-04,Tuolumne,109,53932,8,4,0,4,0
2020-06-04,Ventura,111,848112,1881,1236,11,1247,30
2020-06-04,Yolo,113,214977,258,216,0,216,24
2020-06-04,Yuba,115,75493,31,27,0,27,1
2020-06-03,Alameda,001,1643700,4122,3589,6,3595,99
2020-06-03,Alpine,003,1148,1,1,0,1,0
2020-06-03,Amador,005,37829,10,10,0,10,0
2020-06-03,Butte,007,227075,85,53,4,57,1
2020-06-03,Calaveras,009,45235,21,15,0,15,0
2020-06-03,Colusa,011,21464,9,7,0,7,0
2020-06-03,Contra Costa,013,1133247,1819,1511,1,1512,37
2020-06-03,Del Norte,015,27424,45,39,0,39,0
2020-06-03,El Dorado,017,186661,126,90,0,90,0
2020-06-03,Fresno,019,978130,3745,1943,54,1997,35
2020-06-03,Glenn,021,27897,22,16,0,16,0
2020-06-03,Humboldt,023,135768,115,103,0,103,2
2020-06-03,Imperial,025,180216,4490,2540,4,2544,19
2020-06-03,Inyo,027,18085,22,20,0,20,1
2020-06-03,Kern,029,883053,3240,2452,8,2460,44
2020-06-03,Kings,031,150075,1596,744,4,748,6
2020-06-03,Lake,033,64148,32,26,0,26,0
2020-06-03,Lassen,035,31185,11,4,2,6,0
2020-06-03,Los Angeles,037,10098052,66541,58166,20,58186,2472
2020-06-03,Madera,039,155013,322,117,1,118,3
2020-06-03,Marin,041,260295,612,527,2,529,14
2020-06-03,Mariposa,043,17540,16,16,0,16,1
2020-06-03,Mendocino,045,87422,32,29,0,29,0
2020-06-03,Merced,047,269075,459,299,1,300,7
2020-06-03,Modoc,049,8938,1,0,0,0,0
2020-06-03,Mono,051,14174,39,35,0,35,1
2020-06-03,Monterey,053,433212,849,592,2,594,10
2020-06-03,Napa,055,140530,163,116,0,116,3
2020-06-03,Nevada,057,99092,52,43,1,44,1
2020-06-03,Orange,059,3164182,9872,6939,73,7012,145
2020-06-03,Placer,061,380077,342,243,2,245,9
2020-06-03,Plumas,063,18699,4,4,0,4,0
2020-06-03,Riverside,065,2383286,10861,8208,24,8232,335
2020-06-03,Sacramento,067,1510023,1632,1457,2,1459,58
2020-06-03,San Benito,069,59416,109,88,0,88,2
2020-06-03,San Bernardino,071,2135413,7133,5565,5,5570,203
2020-06-03,San Diego,073,3302833,9159,7800,0,7800,283
2020-06-03,San Francisco,075,870044,2827,2608,0,2608,43
2020-06-03,San Joaquin,077,732212,1388,1004,4,1008,35
2020-06-03,San Luis Obispo,079,281455,382,279,4,283,1
2020-06-03,San Mateo,081,765935,2522,2243,4,2247,71
2020-06-03,Santa Barbara,083,443738,1929,1722,15,1737,12
2020-06-03,Santa Clara,085,1922200,3620,2836,14,2850,144
2020-06-03,Santa Cruz,087,273765,244,217,0,217,2
2020-06-03,Shasta,089,179085,63,40,0,40,4
2020-06-03,Sierra,091,2930,1,1,0,1,0
2020-06-03,Siskiyou,093,43540,14,8,0,8,0
2020-06-03,Solano,095,438530,698,543,2,545,18
2020-06-03,Sonoma,097,501317,689,578,1,579,4
2020-06-03,Stanislaus,099,539301,1062,780,5,785,27
2020-06-03,Sutter,101,95872,60,45,0,45,2
2020-06-03,Tehama,103,63373,14,6,1,7,1
2020-06-03,Trinity,105,12862,8,1,2,3,0
2020-06-03,Tulare,107,460477,2903,2041,10,2051,88
2020-06-03,Tuolumne,109,53932,6,4,0,4,0
2020-06-03,Ventura,111,848112,1814,1202,11,1213,30
2020-06-03,Yolo,113,214977,254,213,0,213,24
2020-06-03,Yuba,115,75493,31,27,0,27,1
2020-06-02,Alameda,001,1643700,4046,3517,6,3523,99
2020-06-02,Alpine,003,1148,1,1,0,1,0
2020-06-02,Amador,005,37829,10,10,0,10,0
2020-06-02,Butte,007,227075,81,51,3,54,1
2020-06-02,Calaveras,009,45235,21,15,0,15,0
2020-06-02,Colusa,011,21464,9,7,0,7,0
2020-06-02,Contra Costa,013,1133247,1787,1505,1,1506,37
2020-06-02,Del Norte,015,27424,45,39,0,39,0
2020-06-02,El Dorado,017,186661,125,88,0,88,0
2020-06-02,Fresno,019,978130,3632,1917,54,1971,34
2020-06-02,Glenn,021,27897,21,16,0,16,0
2020-06-02,Humboldt,023,135768,115,101,0,101,2
2020-06-02,Imperial,025,180216,4297,2459,4,2463,19
2020-06-02,Inyo,027,18085,20,20,0,20,1
2020-06-02,Kern,029,883053,3141,2406,6,2412,41
2020-06-02,Kings,031,150075,1568,720,4,724,5
2020-06-02,Lake,033,64148,32,25,0,25,0
2020-06-02,Lassen,035,31185,10,4,2,6,0
2020-06-02,Los Angeles,037,10098052,65139,57144,20,57164,2430
2020-06-02,Madera,039,155013,301,110,1,111,2
2020-06-02,Marin,041,260295,585,509,2,511,14
2020-06-02,Mariposa,043,17540,16,16,0,16,1
2020-06-02,Mendocino,045,87422,32,29,0,29,0
2020-06-02,Merced,047,269075,443,297,1,298,6
2020-06-02,Modoc,049,8938,1,0,0,0,0
2020-06-02,Mono,051,14174,39,35,0,35,1
2020-06-02,Monterey,053,433212,819,582,2,584,10
2020-06-02,Napa,055,140530,154,116,0,116,3
2020-06-02,Nevada,057,99092,51,41,1,42,1
2020-06-02,Orange,059,3164182,9671,6790,72,6862,142
2020-06-02,Placer,061,380077,328,226,2,228,9
2020-06-02,Plumas,063,18699,4,4,0,4,0
2020-06-02,Riverside,065,2383286,10565,8091,22,8113,330
2020-06-02,Sacramento,067,1510023,1603,1428,2,1430,58
2020-06-02,San Benito,069,59416,108,86,0,86,2
2020-06-02,San Bernardino,071,2135413,6926,5438,5,5443,202
2020-06-02,San Diego,073,3302833,9013,7676,0,7676,276
2020-06-02,San Francisco,075,870044,2792,2554,0,2554,43
2020-06-02,San Joaquin,077,732212,1322,985,4,989,35
2020-06-02,San Luis Obispo,079,281455,377,275,4,279,1
2020-06-02,San Mateo,081,765935,2487,2203,4,2207,71
2020-06-02,Santa Barbara,083,443738,1889,1703,15,1718,12
2020-06-02,Santa Clara,085,1922200,3570,2819,14,2833,144
2020-06-02,Santa Cruz,087,273765,239,215,0,215,2
2020-06-02,Shasta,089,179085,62,38,0,38,4
2020-06-02,Sierra,091,2930,1,1,0,1,0
2020-06-02,Siskiyou,093,43540,13,8,0,8,0
2020-06-02,Solano,095,438530,683,537,1,538,18
2020-06-02,Sonoma,097,501317,678,571,1,572,4
2020-06-02,Stanislaus,099,539301,1003,772,5,777,27
2020-06-02,Sutter,101,95872,57,43,0,43,2
2020-06-02,Tehama,103,63373,14,6,1,7,1
2020-06-02,Trinity,105,12862,8,1,2,3,0
2020-06-02,Tulare,107,460477,2823,2012,10,2022,86
2020-06-02,Tuolumne,109,53932,6,4,0,4,0
2020-06-02,Ventura,111,848112,1761,1178,11,1189,30
2020-06-02,Yolo,113,214977,252,213,0,213,24
2020-06-02,Yuba,115,75493,31,27,0,27,1
2020-06-01,Alameda,001,1643700,3980,3460,6,3466,98
2020-06-01,Alpine,003,1148,1,1,0,1,0
2020-06-01,Amador,005,37829,10,10,0,10,0
2020-06-01,Butte,007,227075,80,50,2,52,1
2020-06-01,Calaveras,009,45235,21,15,0,15,0
2020-06-01,Colusa,011,21464,9,7,0,7,0
2020-06-01,Contra Costa,013,1133247,1751,1486,1,1487,37
2020-06-01,Del Norte,015,27424,45,38,0,38,0
2020-06-01,El Dorado,017,186661,123,88,0,88,0
2020-06-01,Fresno,019,978130,3537,1854,52,1906,33
2020-06-01,Glenn,021,27897,21,16,0,16,0
2020-06-01,Humboldt,023,135768,115,98,0,98,2
2020-06-01,Imperial,025,180216,4075,2366,4,2370,14
2020-06-01,Inyo,027,18085,20,20,0,20,1
2020-06-01,Kern,029,883053,3058,2366,6,2372,38
2020-06-01,Kings,031,150075,1300,703,4,707,4
2020-06-01,Lake,033,64148,32,22,0,22,0
2020-06-01,Lassen,035,31185,10,4,2,6,0
2020-06-01,Los Angeles,037,10098052,63674,55899,20,55919,2367
2020-06-01,Madera,039,155013,289,103,1,104,2
2020-06-01,Marin,041,260295,544,495,2,497,14
2020-06-01,Mariposa,043,17540,16,16,0,16,1
2020-06-01,Mendocino,045,87422,32,28,0,28,0
2020-06-01,Merced,047,269075,424,289,1,290,6
2020-06-01,Modoc,049,8938,1,0,0,0,0
2020-06-01,Mono,051,14174,39,35,0,35,1
2020-06-01,Monterey,053,433212,795,554,2,556,10
2020-06-01,Napa,055,140530,151,114,0,114,3
2020-06-01,Nevada,057,99092,51,41,1,42,1
2020-06-01,Orange,059,3164182,9474,6640,71,6711,135
2020-06-01,Placer,061,380077,316,218,2,220,9
2020-06-01,Plumas,063,18699,4,4,0,4,0
2020-06-01,Riverside,065,2383286,10113,7921,21,7942,322
2020-06-01,Sacramento,067,1510023,1564,1415,2,1417,58
2020-06-01,San Benito,069,59416,105,86,0,86,2
2020-06-01,San Bernardino,071,2135413,6720,5310,5,5315,202
2020-06-01,San Diego,073,3302833,8833,7556,0,7556,269
2020-06-01,San Francisco,075,870044,2755,2546,0,2546,43
2020-06-01,San Joaquin,077,732212,1257,957,4,961,35
2020-06-01,San Luis Obispo,079,281455,373,275,4,279,1
2020-06-01,San Mateo,081,765935,2457,2190,4,2194,71
2020-06-01,Santa Barbara,083,443738,1855,1671,14,1685,10
2020-06-01,Santa Clara,085,1922200,3532,2797,13,2810,142
2020-06-01,Santa Cruz,087,273765,235,215,0,215,2
2020-06-01,Shasta,089,179085,62,38,0,38,4
2020-06-01,Sierra,091,2930,1,1,0,1,0
2020-06-01,Siskiyou,093,43540,13,7,0,7,0
2020-06-01,Solano,095,438530,659,529,1,530,17
2020-06-01,Sonoma,097,501317,662,565,1,566,4
2020-06-01,Stanislaus,099,539301,966,758,5,763,27
2020-06-01,Sutter,101,95872,52,43,0,43,2
2020-06-01,Tehama,103,63373,11,5,1,6,1
2020-06-01,Trinity,105,12862,7,1,2,3,0
2020-06-01,Tulare,107,460477,2708,1976,10,1986,84
2020-06-01,Tuolumne,109,53932,5,4,0,4,0
2020-06-01,Ventura,111,848112,1708,1163,11,1174,29
2020-06-01,Yolo,113,214977,249,212,0,212,24
2020-06-01,Yuba,115,75493,30,26,0,26,1
2020-05-31,Alameda,001,1643700,3875,3362,6,3368,98
2020-05-31,Alpine,003,1148,1,1,0,1,0
2020-05-31,Amador,005,37829,10,10,0,10,0
2020-05-31,Butte,007,227075,78,51,2,53,0
2020-05-31,Calaveras,009,45235,18,15,0,15,0
2020-05-31,Colusa,011,21464,9,5,0,5,0
2020-05-31,Contra Costa,013,1133247,1717,1458,1,1459,37
2020-05-31,Del Norte,015,27424,45,37,0,37,0
2020-05-31,El Dorado,017,186661,119,88,0,88,0
2020-05-31,Fresno,019,978130,3372,1780,46,1826,31
2020-05-31,Glenn,021,27897,20,16,0,16,0
2020-05-31,Humboldt,023,135768,113,98,0,98,2
2020-05-31,Imperial,025,180216,3808,2197,4,2201,14
2020-05-31,Inyo,027,18085,20,20,0,20,1
2020-05-31,Kern,029,883053,2923,2300,6,2306,38
2020-05-31,Kings,031,150075,1263,703,4,707,3
2020-05-31,Lake,033,64148,32,19,0,19,0
2020-05-31,Lassen,035,31185,10,4,2,6,0
2020-05-31,Los Angeles,037,10098052,62383,54925,20,54945,2344
2020-05-31,Madera,039,155013,271,101,1,102,2
2020-05-31,Marin,041,260295,534,486,2,488,14
2020-05-31,Mariposa,043,17540,16,16,0,16,1
2020-05-31,Mendocino,045,87422,32,24,0,24,0
2020-05-31,Merced,047,269075,397,288,0,288,6
2020-05-31,Modoc,049,8938,0,0,0,0,0
2020-05-31,Mono,051,14174,39,34,0,34,1
2020-05-31,Monterey,053,433212,721,545,2,547,10
2020-05-31,Napa,055,140530,149,114,0,114,3
2020-05-31,Nevada,057,99092,50,41,1,42,1
2020-05-31,Orange,059,3164182,9264,6532,70,6602,135
2020-05-31,Placer,061,380077,294,215,2,217,9
2020-05-31,Plumas,063,18699,4,4,0,4,0
2020-05-31,Riverside,065,2383286,9857,7704,21,7725,321
2020-05-31,Sacramento,067,1510023,1533,1398,2,1400,57
2020-05-31,San Benito,069,59416,99,85,0,85,2
2020-05-31,San Bernardino,071,2135413,6452,5185,5,5190,198
2020-05-31,San Diego,073,3302833,8639,7483,0,7483,269
2020-05-31,San Francisco,075,870044,2719,2501,0,2501,43
2020-05-31,San Joaquin,077,732212,1192,888,4,892,34
2020-05-31,San Luis Obispo,079,281455,363,271,4,275,1
2020-05-31,San Mateo,081,765935,2411,2169,4,2173,71
2020-05-31,Santa Barbara,083,443738,1804,1662,13,1675,9
2020-05-31,Santa Clara,085,1922200,3488,2785,13,2798,142
2020-05-31,Santa Cruz,087,273765,232,210,0,210,2
2020-05-31,Shasta,089,179085,60,38,0,38,4
2020-05-31,Sierra,091,2930,1,1,0,1,0
2020-05-31,Siskiyou,093,43540,12,7,0,7,0
2020-05-31,Solano,095,438530,633,512,1,513,6
2020-05-31,Sonoma,097,501317,642,555,1,556,4
2020-05-31,Stanislaus,099,539301,912,738,5,743,27
2020-05-31,Sutter,101,95872,50,42,0,42,2
2020-05-31,Tehama,103,63373,10,4,1,5,1
2020-05-31,Trinity,105,12862,7,1,2,3,0
2020-05-31,Tulare,107,460477,2635,1884,10,1894,82
2020-05-31,Tuolumne,109,53932,5,4,0,4,0
2020-05-31,Ventura,111,848112,1647,1151,11,1162,30
2020-05-31,Yolo,113,214977,243,211,0,211,24
2020-05-31,Yuba,115,75493,30,26,0,26,1
2020-05-30,Alameda,001,1643700,3849,3304,6,3310,96
2020-05-30,Alpine,003,1148,1,1,0,1,0
2020-05-30,Amador,005,37829,10,10,0,10,0
2020-05-30,Butte,007,227075,77,44,2,46,0
2020-05-30,Calaveras,009,45235,17,15,0,15,0
2020-05-30,Colusa,011,21464,8,5,0,5,0
2020-05-30,Contra Costa,013,1133247,1701,1429,1,1430,37
2020-05-30,Del Norte,015,27424,45,37,0,37,0
2020-05-30,El Dorado,017,186661,118,86,0,86,0
2020-05-30,Fresno,019,978130,3311,1744,45,1789,31
2020-05-30,Glenn,021,27897,19,16,0,16,0
2020-05-30,Humboldt,023,135768,112,98,0,98,2
2020-05-30,Imperial,025,180216,3718,2091,4,2095,14
2020-05-30,Inyo,027,18085,20,20,0,20,1
2020-05-30,Kern,029,883053,2854,2217,6,2223,38
2020-05-30,Kings,031,150075,1249,703,4,707,3
2020-05-30,Lake,033,64148,31,18,0,18,0
2020-05-30,Lassen,035,31185,10,4,2,6,0
2020-05-30,Los Angeles,037,10098052,61847,53627,20,53647,2319
2020-05-30,Madera,039,155013,266,101,1,102,2
2020-05-30,Marin,041,260295,534,462,2,464,14
2020-05-30,Mariposa,043,17540,16,16,0,16,1
2020-05-30,Mendocino,045,87422,32,24,0,24,0
2020-05-30,Merced,047,269075,396,285,0,285,6
2020-05-30,Modoc,049,8938,0,0,0,0,0
2020-05-30,Mono,051,14174,39,34,0,34,1
2020-05-30,Monterey,053,433212,705,520,2,522,10
2020-05-30,Napa,055,140530,147,113,0,113,3
2020-05-30,Nevada,057,99092,50,41,1,42,1
2020-05-30,Orange,059,3164182,9107,6354,70,6424,134
2020-05-30,Placer,061,380077,286,199,1,200,9
2020-05-30,Plumas,063,18699,4,4,0,4,0
2020-05-30,Riverside,065,2383286,9713,7492,21,7513,316
2020-05-30,Sacramento,067,1510023,1522,1384,2,1386,57
2020-05-30,San Benito,069,59416,98,85,0,85,2
2020-05-30,San Bernardino,071,2135413,6343,5122,5,5127,198
2020-05-30,San Diego,073,3302833,8546,7387,0,7387,269
2020-05-30,San Francisco,075,870044,2694,2496,0,2496,41
2020-05-30,San Joaquin,077,732212,1154,888,4,892,34
2020-05-30,San Luis Obispo,079,281455,358,270,4,274,1
2020-05-30,San Mateo,081,765935,2387,2129,4,2133,71
2020-05-30,Santa Barbara,083,443738,1785,1660,13,1673,9
2020-05-30,Santa Clara,085,1922200,3472,2741,13,2754,141
2020-05-30,Santa Cruz,087,273765,232,206,0,206,2
2020-05-30,Shasta,089,179085,60,36,0,36,4
2020-05-30,Sierra,091,2930,1,1,0,1,0
2020-05-30,Siskiyou,093,43540,11,7,0,7,0
2020-05-30,Solano,095,438530,626,512,1,513,6
2020-05-30,Sonoma,097,501317,632,551,1,552,4
2020-05-30,Stanislaus,099,539301,895,712,5,717,27
2020-05-30,Sutter,101,95872,49,40,0,40,2
2020-05-30,Tehama,103,63373,10,4,1,5,1
2020-05-30,Trinity,105,12862,7,1,2,3,0
2020-05-30,Tulare,107,460477,2598,1879,10,1889,81
2020-05-30,Tuolumne,109,53932,5,4,0,4,0
2020-05-30,Ventura,111,848112,1630,1116,11,1127,30
2020-05-30,Yolo,113,214977,239,210,0,210,24
2020-05-30,Yuba,115,75493,30,25,0,25,1
2020-05-29,Alameda,001,1643700,3814,3209,6,3215,96
2020-05-29,Alpine,003,1148,1,1,0,1,0
2020-05-29,Amador,005,37829,10,10,0,10,0
2020-05-29,Butte,007,227075,72,41,2,43,0
2020-05-29,Calaveras,009,45235,17,15,0,15,0
2020-05-29,Colusa,011,21464,8,5,0,5,0
2020-05-29,Contra Costa,013,1133247,1685,1411,1,1412,37
2020-05-29,Del Norte,015,27424,45,37,0,37,0
2020-05-29,El Dorado,017,186661,117,85,0,85,0
2020-05-29,Fresno,019,978130,3261,1687,45,1732,31
2020-05-29,Glenn,021,27897,19,14,0,14,0
2020-05-29,Humboldt,023,135768,111,98,0,98,2
2020-05-29,Imperial,025,180216,3600,1607,4,1611,14
2020-05-29,Inyo,027,18085,20,20,0,20,1
2020-05-29,Kern,029,883053,2796,2128,6,2134,36
2020-05-29,Kings,031,150075,1238,693,4,697,3
2020-05-29,Lake,033,64148,30,17,0,17,0
2020-05-29,Lassen,035,31185,10,0,2,2,0
2020-05-29,Los Angeles,037,10098052,60892,51578,20,51598,2273
2020-05-29,Madera,039,155013,251,98,1,99,2
2020-05-29,Marin,041,260295,526,448,2,450,14
2020-05-29,Mariposa,043,17540,16,16,0,16,1
2020-05-29,Mendocino,045,87422,30,25,0,25,0
2020-05-29,Merced,047,269075,391,285,0,285,7
2020-05-29,Modoc,049,8938,0,0,0,0,0
2020-05-29,Mono,051,14174,38,34,0,34,1
2020-05-29,Monterey,053,433212,675,479,2,481,10
2020-05-29,Napa,055,140530,144,113,0,113,3
2020-05-29,Nevada,057,99092,50,41,1,42,1
2020-05-29,Orange,059,3164182,8922,6176,67,6243,133
2020-05-29,Placer,061,380077,264,199,1,200,9
2020-05-29,Plumas,063,18699,4,4,0,4,0
2020-05-29,Riverside,065,2383286,9527,7376,21,7397,313
2020-05-29,Sacramento,067,1510023,1499,1360,2,1362,57
2020-05-29,San Benito,069,59416,98,84,0,84,2
2020-05-29,San Bernardino,071,2135413,6235,4983,5,4988,196
2020-05-29,San Diego,073,3302833,8423,7242,0,7242,266
2020-05-29,San Francisco,075,870044,2670,2453,0,2453,41
2020-05-29,San Joaquin,077,732212,1117,855,4,859,34
2020-05-29,San Luis Obispo,079,281455,354,270,4,274,1
2020-05-29,San Mateo,081,765935,2371,2103,4,2107,71
2020-05-29,Santa Barbara,083,443738,1758,1656,13,1669,9
2020-05-29,Santa Clara,085,1922200,3444,2707,13,2720,141
2020-05-29,Santa Cruz,087,273765,229,203,0,203,2
2020-05-29,Shasta,089,179085,60,36,0,36,4
2020-05-29,Sierra,091,2930,1,1,0,1,0
2020-05-29,Siskiyou,093,43540,11,7,0,7,0
2020-05-29,Solano,095,438530,618,498,1,499,6
2020-05-29,Sonoma,097,501317,621,537,1,538,4
2020-05-29,Stanislaus,099,539301,865,698,5,703,27
2020-05-29,Sutter,101,95872,47,40,0,40,2
2020-05-29,Tehama,103,63373,9,4,1,5,1
2020-05-29,Trinity,105,12862,7,1,2,3,0
2020-05-29,Tulare,107,460477,2560,1852,10,1862,80
2020-05-29,Tuolumne,109,53932,5,4,0,4,0
2020-05-29,Ventura,111,848112,1606,1093,11,1104,29
2020-05-29,Yolo,113,214977,235,211,0,211,24
2020-05-29,Yuba,115,75493,29,25,0,25,1
2020-05-28,Alameda,001,1643700,3714,3083,6,3089,94
2020-05-28,Alpine,003,1148,1,1,0,1,0
2020-05-28,Amador,005,37829,10,10,0,10,0
2020-05-28,Butte,007,227075,71,40,2,42,0
2020-05-28,Calaveras,009,45235,16,15,0,15,0
2020-05-28,Colusa,011,21464,8,5,0,5,0
2020-05-28,Contra Costa,013,1133247,1646,1392,1,1393,37
2020-05-28,Del Norte,015,27424,45,37,0,37,0
2020-05-28,El Dorado,017,186661,114,82,0,82,0
2020-05-28,Fresno,019,978130,3180,1653,44,1697,31
2020-05-28,Glenn,021,27897,18,14,0,14,0
2020-05-28,Humboldt,023,135768,110,97,0,97,2
2020-05-28,Imperial,025,180216,3404,1430,4,1434,14
2020-05-28,Inyo,027,18085,20,20,0,20,1
2020-05-28,Kern,029,883053,2718,2069,6,2075,36
2020-05-28,Kings,031,150075,901,626,4,630,3
2020-05-28,Lake,033,64148,29,17,0,17,0
2020-05-28,Lassen,035,31185,10,0,2,2,0
2020-05-28,Los Angeles,037,10098052,59313,49861,20,49881,2222
2020-05-28,Madera,039,155013,233,93,1,94,2
2020-05-28,Marin,041,260295,501,443,2,445,14
2020-05-28,Mariposa,043,17540,16,16,0,16,1
2020-05-28,Mendocino,045,87422,28,24,0,24,0
2020-05-28,Merced,047,269075,382,283,0,283,7
2020-05-28,Modoc,049,8938,0,0,0,0,0
2020-05-28,Mono,051,14174,38,34,0,34,1
2020-05-28,Monterey,053,433212,643,471,2,473,10
2020-05-28,Napa,055,140530,141,113,0,113,3
2020-05-28,Nevada,057,99092,45,41,1,42,1
2020-05-28,Orange,059,3164182,8726,6045,67,6112,130
2020-05-28,Placer,061,380077,257,196,1,197,9
2020-05-28,Plumas,063,18699,4,4,0,4,0
2020-05-28,Riverside,065,2383286,9124,7240,20,7260,304
2020-05-28,Sacramento,067,1510023,1479,1339,2,1341,57
2020-05-28,San Benito,069,59416,97,82,0,82,2
2020-05-28,San Bernardino,071,2135413,6070,4831,5,4836,191
2020-05-28,San Diego,073,3302833,8266,7102,0,7102,260
2020-05-28,San Francisco,075,870044,2636,2417,0,2417,40
2020-05-28,San Joaquin,077,732212,1082,840,4,844,34
2020-05-28,San Luis Obispo,079,281455,351,267,4,271,1
2020-05-28,San Mateo,081,765935,2344,2070,4,2074,71
2020-05-28,Santa Barbara,083,443738,1729,1642,12,1654,9
2020-05-28,Santa Clara,085,1922200,3404,2698,13,2711,140
2020-05-28,Santa Cruz,087,273765,228,201,0,201,2
2020-05-28,Shasta,089,179085,58,36,0,36,4
2020-05-28,Sierra,091,2930,1,1,0,1,0
2020-05-28,Siskiyou,093,43540,9,6,0,6,0
2020-05-28,Solano,095,438530,601,489,1,490,6
2020-05-28,Sonoma,097,501317,599,529,1,530,4
2020-05-28,Stanislaus,099,539301,824,684,5,689,27
2020-05-28,Sutter,101,95872,47,40,0,40,2
2020-05-28,Tehama,103,63373,9,4,1,5,1
2020-05-28,Trinity,105,12862,6,1,2,3,0
2020-05-28,Tulare,107,460477,2524,1832,10,1842,79
2020-05-28,Tuolumne,109,53932,5,4,0,4,0
2020-05-28,Ventura,111,848112,1573,1083,11,1094,29
2020-05-28,Yolo,113,214977,232,206,0,206,22
2020-05-28,Yuba,115,75493,28,24,0,24,1
2020-05-27,Alameda,001,1643700,3631,3037,6,3043,94
2020-05-27,Alpine,003,1148,1,1,0,1,0
2020-05-27,Amador,005,37829,10,10,0,10,0
2020-05-27,Butte,007,227075,68,40,1,41,0
2020-05-27,Calaveras,009,45235,15,15,0,15,0
2020-05-27,Colusa,011,21464,8,5,0,5,0
2020-05-27,Contra Costa,013,1133247,1606,1373,1,1374,37
2020-05-27,Del Norte,015,27424,45,34,0,34,0
2020-05-27,El Dorado,017,186661,113,82,0,82,0
2020-05-27,Fresno,019,978130,3092,1620,44,1664,27
2020-05-27,Glenn,021,27897,18,14,0,14,0
2020-05-27,Humboldt,023,135768,110,86,0,86,2
2020-05-27,Imperial,025,180216,3224,1369,4,1373,14
2020-05-27,Inyo,027,18085,20,20,0,20,1
2020-05-27,Kern,029,883053,2653,1999,6,2005,37
2020-05-27,Kings,031,150075,874,586,4,590,3
2020-05-27,Lake,033,64148,29,13,0,13,0
2020-05-27,Lassen,035,31185,10,0,2,2,0
2020-05-27,Los Angeles,037,10098052,57938,48711,20,48731,2177
2020-05-27,Madera,039,155013,224,91,1,92,2
2020-05-27,Marin,041,260295,472,439,2,441,14
2020-05-27,Mariposa,043,17540,16,16,0,16,1
2020-05-27,Mendocino,045,87422,27,21,0,21,0
2020-05-27,Merced,047,269075,378,278,0,278,7
2020-05-27,Modoc,049,8938,0,0,0,0,0
2020-05-27,Mono,051,14174,38,34,0,34,1
2020-05-27,Monterey,053,433212,603,443,2,445,8
2020-05-27,Napa,055,140530,136,112,0,112,3
2020-05-27,Nevada,057,99092,44,41,1,42,1
2020-05-27,Orange,059,3164182,8571,5849,67,5916,121
2020-05-27,Placer,061,380077,238,196,0,196,9
2020-05-27,Plumas,063,18699,4,4,0,4,0
2020-05-27,Riverside,065,2383286,8745,7156,20,7176,299
2020-05-27,Sacramento,067,1510023,1451,1318,2,1320,50
2020-05-27,San Benito,069,59416,94,74,0,74,2
2020-05-27,San Bernardino,071,2135413,5886,4708,5,4713,183
2020-05-27,San Diego,073,3302833,8115,6985,0,6985,255
2020-05-27,San Francisco,075,870044,2607,2394,0,2394,40
2020-05-27,San Joaquin,077,732212,1040,825,4,829,34
2020-05-27,San Luis Obispo,079,281455,346,266,4,270,1
2020-05-27,San Mateo,081,765935,2304,2045,4,2049,71
2020-05-27,Santa Barbara,083,443738,1714,1629,12,1641,9
2020-05-27,Santa Clara,085,1922200,3371,2680,13,2693,140
2020-05-27,Santa Cruz,087,273765,224,202,0,202,2
2020-05-27,Shasta,089,179085,55,36,0,36,4
2020-05-27,Sierra,091,2930,1,1,0,1,0
2020-05-27,Siskiyou,093,43540,9,6,0,6,0
2020-05-27,Solano,095,438530,581,477,1,478,5
2020-05-27,Sonoma,097,501317,585,521,1,522,4
2020-05-27,Stanislaus,099,539301,799,675,5,680,27
2020-05-27,Sutter,101,95872,46,40,0,40,2
2020-05-27,Tehama,103,63373,9,3,1,4,1
2020-05-27,Trinity,105,12862,6,1,2,3,0
2020-05-27,Tulare,107,460477,2472,1817,10,1827,77
2020-05-27,Tuolumne,109,53932,5,4,0,4,0
2020-05-27,Ventura,111,848112,1548,1065,11,1076,28
2020-05-27,Yolo,113,214977,231,204,0,204,22
2020-05-27,Yuba,115,75493,28,24,0,24,1
2020-05-26,Alameda,001,1643700,3536,2956,6,2962,92
2020-05-26,Alpine,003,1148,1,1,0,1,0
2020-05-26,Amador,005,37829,10,10,0,10,0
2020-05-26,Butte,007,227075,66,37,1,38,0
2020-05-26,Calaveras,009,45235,15,13,0,13,0
2020-05-26,Colusa,011,21464,8,4,0,4,0
2020-05-26,Contra Costa,013,1133247,1571,1352,1,1353,37
2020-05-26,Del Norte,015,27424,44,30,0,30,0
2020-05-26,El Dorado,017,186661,109,79,0,79,0
2020-05-26,Fresno,019,978130,3005,1496,44,1540,22
2020-05-26,Glenn,021,27897,16,12,0,12,0
2020-05-26,Humboldt,023,135768,108,81,0,81,2
2020-05-26,Imperial,025,180216,3009,1369,4,1373,14
2020-05-26,Inyo,027,18085,20,20,0,20,1
2020-05-26,Kern,029,883053,2575,1890,6,1896,31
2020-05-26,Kings,031,150075,806,449,3,452,2
2020-05-26,Lake,033,64148,27,12,0,12,0
2020-05-26,Lassen,035,31185,9,0,2,2,0
2020-05-26,Los Angeles,037,10098052,56471,47760,20,47780,2121
2020-05-26,Madera,039,155013,209,83,1,84,2
2020-05-26,Marin,041,260295,460,424,2,426,14
2020-05-26,Mariposa,043,17540,16,16,0,16,1
2020-05-26,Mendocino,045,87422,25,20,0,20,0
2020-05-26,Merced,047,269075,363,266,0,266,7
2020-05-26,Modoc,049,8938,0,1,0,1,0
2020-05-26,Mono,051,14174,37,34,0,34,1
2020-05-26,Monterey,053,433212,575,424,1,425,8
2020-05-26,Napa,055,140530,131,109,0,109,3
2020-05-26,Nevada,057,99092,43,41,1,42,1
2020-05-26,Orange,059,3164182,8301,5651,66,5717,115
2020-05-26,Placer,061,380077,233,188,0,188,9
2020-05-26,Plumas,063,18699,4,4,0,4,0
2020-05-26,Riverside,065,2383286,8298,6917,20,6937,284
2020-05-26,Sacramento,067,1510023,1425,1298,2,1300,50
2020-05-26,San Benito,069,59416,89,69,0,69,2
2020-05-26,San Bernardino,071,2135413,5718,4430,5,4435,175
2020-05-26,San Diego,073,3302833,7972,6884,0,6884,249
2020-05-26,San Francisco,075,870044,2574,2363,0,2363,40
2020-05-26,San Joaquin,077,732212,993,760,4,764,33
2020-05-26,San Luis Obispo,079,281455,344,260,4,264,1
2020-05-26,San Mateo,081,765935,2266,1967,3,1970,71
2020-05-26,Santa Barbara,083,443738,1697,1590,11,1601,9
2020-05-26,Santa Clara,085,1922200,3339,2659,13,2672,139
2020-05-26,Santa Cruz,087,273765,222,197,0,197,2
2020-05-26,Shasta,089,179085,55,36,0,36,4
2020-05-26,Sierra,091,2930,1,1,0,1,0
2020-05-26,Siskiyou,093,43540,8,6,0,6,0
2020-05-26,Solano,095,438530,563,470,1,471,5
2020-05-26,Sonoma,097,501317,577,509,0,509,4
2020-05-26,Stanislaus,099,539301,779,663,5,668,27
2020-05-26,Sutter,101,95872,45,39,0,39,2
2020-05-26,Tehama,103,63373,8,2,1,3,1
2020-05-26,Trinity,105,12862,6,1,2,3,0
2020-05-26,Tulare,107,460477,2416,1768,10,1778,76
2020-05-26,Tuolumne,109,53932,5,2,0,2,0
2020-05-26,Ventura,111,848112,1511,1033,8,1041,27
2020-05-26,Yolo,113,214977,225,198,0,198,22
2020-05-26,Yuba,115,75493,27,24,0,24,1
2020-05-25,Alameda,001,1643700,3443,2900,5,2905,92
2020-05-25,Alpine,003,1148,1,1,0,1,0
2020-05-25,Amador,005,37829,10,10,0,10,0
2020-05-25,Butte,007,227075,63,37,1,38,0
2020-05-25,Calaveras,009,45235,15,13,0,13,0
2020-05-25,Colusa,011,21464,7,4,0,4,0
2020-05-25,Contra Costa,013,1133247,1539,1348,1,1349,37
2020-05-25,Del Norte,015,27424,44,20,0,20,0
2020-05-25,El Dorado,017,186661,101,78,0,78,0
2020-05-25,Fresno,019,978130,2901,1496,42,1538,22
2020-05-25,Glenn,021,27897,16,12,0,12,0
2020-05-25,Humboldt,023,135768,107,81,0,81,2
2020-05-25,Imperial,025,180216,2798,1369,4,1373,14
2020-05-25,Inyo,027,18085,19,20,0,20,1
2020-05-25,Kern,029,883053,2504,1890,6,1896,31
2020-05-25,Kings,031,150075,776,447,3,450,2
2020-05-25,Lake,033,64148,25,13,0,13,0
2020-05-25,Lassen,035,31185,9,0,2,2,0
2020-05-25,Los Angeles,037,10098052,54661,45952,19,45971,2094
2020-05-25,Madera,039,155013,196,83,1,84,2
2020-05-25,Marin,041,260295,442,415,2,417,14
2020-05-25,Mariposa,043,17540,16,15,0,15,1
2020-05-25,Mendocino,045,87422,22,19,0,19,0
2020-05-25,Merced,047,269075,356,262,0,262,6
2020-05-25,Modoc,049,8938,0,1,0,1,0
2020-05-25,Mono,051,14174,37,34,0,34,1
2020-05-25,Monterey,053,433212,545,418,1,419,8
2020-05-25,Napa,055,140530,131,107,0,107,3
2020-05-25,Nevada,057,99092,43,41,1,42,1
2020-05-25,Orange,059,3164182,8079,5601,65,5666,115
2020-05-25,Placer,061,380077,229,186,0,186,9
2020-05-25,Plumas,063,18699,4,4,0,4,0
2020-05-25,Riverside,065,2383286,8067,6900,20,6920,284
2020-05-25,Sacramento,067,1510023,1405,1290,1,1291,50
2020-05-25,San Benito,069,59416,88,70,0,70,2
2020-05-25,San Bernardino,071,2135413,5528,4393,4,4397,175
2020-05-25,San Diego,073,3302833,7796,6799,0,6799,249
2020-05-25,San Francisco,075,870044,2537,2358,0,2358,40
2020-05-25,San Joaquin,077,732212,967,760,4,764,33
2020-05-25,San Luis Obispo,079,281455,341,260,4,264,1
2020-05-25,San Mateo,081,765935,2229,1938,3,1941,71
2020-05-25,Santa Barbara,083,443738,1687,1590,11,1601,9
2020-05-25,Santa Clara,085,1922200,3306,2647,13,2660,139
2020-05-25,Santa Cruz,087,273765,220,191,0,191,2
2020-05-25,Shasta,089,179085,54,36,0,36,4
2020-05-25,Sierra,091,2930,1,1,0,1,0
2020-05-25,Siskiyou,093,43540,8,6,0,6,0
2020-05-25,Solano,095,438530,549,437,1,438,5
2020-05-25,Sonoma,097,501317,565,496,0,496,4
2020-05-25,Stanislaus,099,539301,749,651,5,656,27
2020-05-25,Sutter,101,95872,45,38,0,38,2
2020-05-25,Tehama,103,63373,7,2,1,3,1
2020-05-25,Trinity,105,12862,6,1,2,3,0
2020-05-25,Tulare,107,460477,2352,1747,10,1757,76
2020-05-25,Tuolumne,109,53932,5,2,0,2,0
2020-05-25,Ventura,111,848112,1470,1020,8,1028,27
2020-05-25,Yolo,113,214977,223,197,0,197,22
2020-05-25,Yuba,115,75493,26,24,0,24,1
2020-05-24,Alameda,001,1643700,3370,2830,5,2835,92
2020-05-24,Alpine,003,1148,1,1,0,1,0
2020-05-24,Amador,005,37829,10,9,0,9,0
2020-05-24,Butte,007,227075,61,35,1,36,0
2020-05-24,Calaveras,009,45235,15,13,0,13,0
2020-05-24,Colusa,011,21464,7,4,0,4,0
2020-05-24,Contra Costa,013,1133247,1511,1325,1,1326,37
2020-05-24,Del Norte,015,27424,43,16,0,16,0
2020-05-24,El Dorado,017,186661,100,76,0,76,0
2020-05-24,Fresno,019,978130,2834,1455,41,1496,22
2020-05-24,Glenn,021,27897,15,12,0,12,0
2020-05-24,Humboldt,023,135768,107,81,0,81,2
2020-05-24,Imperial,025,180216,2672,1369,4,1373,14
2020-05-24,Inyo,027,18085,19,20,0,20,1
2020-05-24,Kern,029,883053,2431,1861,5,1866,31
2020-05-24,Kings,031,150075,765,446,3,449,2
2020-05-24,Lake,033,64148,24,12,0,12,0
2020-05-24,Lassen,035,31185,8,0,2,2,0
2020-05-24,Los Angeles,037,10098052,53646,44954,19,44973,2085
2020-05-24,Madera,039,155013,190,83,1,84,2
2020-05-24,Marin,041,260295,440,401,2,403,14
2020-05-24,Mariposa,043,17540,16,15,0,15,1
2020-05-24,Mendocino,045,87422,21,19,0,19,0
2020-05-24,Merced,047,269075,355,258,0,258,6
2020-05-24,Modoc,049,8938,0,0,0,0,0
2020-05-24,Mono,051,14174,37,34,0,34,1
2020-05-24,Monterey,053,433212,517,405,1,406,8
2020-05-24,Napa,055,140530,129,104,0,104,3
2020-05-24,Nevada,057,99092,43,41,1,42,1
2020-05-24,Orange,059,3164182,7925,5439,64,5503,113
2020-05-24,Placer,061,380077,221,184,0,184,9
2020-05-24,Plumas,063,18699,4,4,0,4,0
2020-05-24,Riverside,065,2383286,7926,6571,20,6591,284
2020-05-24,Sacramento,067,1510023,1389,1283,1,1284,50
2020-05-24,San Benito,069,59416,87,67,0,67,2
2020-05-24,San Bernardino,071,2135413,5420,4262,4,4266,175
2020-05-24,San Diego,073,3302833,7653,6703,0,6703,249
2020-05-24,San Francisco,075,870044,2513,2318,0,2318,40
2020-05-24,San Joaquin,077,732212,948,760,4,764,33
2020-05-24,San Luis Obispo,079,281455,339,257,4,261,1
2020-05-24,San Mateo,081,765935,2194,1925,3,1928,71
2020-05-24,Santa Barbara,083,443738,1675,1573,11,1584,9
2020-05-24,Santa Clara,085,1922200,3286,2623,13,2636,139
2020-05-24,Santa Cruz,087,273765,217,185,0,185,2
2020-05-24,Shasta,089,179085,53,36,0,36,4
2020-05-24,Sierra,091,2930,1,1,0,1,0
2020-05-24,Siskiyou,093,43540,7,6,0,6,0
2020-05-24,Solano,095,438530,541,436,0,436,5
2020-05-24,Sonoma,097,501317,554,485,0,485,4
2020-05-24,Stanislaus,099,539301,729,634,5,639,27
2020-05-24,Sutter,101,95872,45,38,0,38,2
2020-05-24,Tehama,103,63373,5,2,1,3,1
2020-05-24,Trinity,105,12862,6,1,2,3,0
2020-05-24,Tulare,107,460477,2306,1684,10,1694,74
2020-05-24,Tuolumne,109,53932,5,2,0,2,0
2020-05-24,Ventura,111,848112,1458,982,8,990,27
2020-05-24,Yolo,113,214977,221,192,0,192,22
2020-05-24,Yuba,115,75493,26,24,0,24,1
2020-05-23,Alameda,001,1643700,3329,2783,5,2788,91
2020-05-23,Alpine,003,1148,1,1,0,1,0
2020-05-23,Amador,005,37829,10,9,0,9,0
2020-05-23,Butte,007,227075,60,34,1,35,0
2020-05-23,Calaveras,009,45235,15,13,0,13,0
2020-05-23,Colusa,011,21464,7,4,0,4,0
2020-05-23,Contra Costa,013,1133247,1500,1302,1,1303,36
2020-05-23,Del Norte,015,27424,43,10,0,10,0
2020-05-23,El Dorado,017,186661,100,74,0,74,0
2020-05-23,Fresno,019,978130,2814,1447,41,1488,21
2020-05-23,Glenn,021,27897,15,12,0,12,0
2020-05-23,Humboldt,023,135768,105,80,0,80,2
2020-05-23,Imperial,025,180216,2584,1283,4,1287,14
2020-05-23,Inyo,027,18085,19,20,0,20,1
2020-05-23,Kern,029,883053,2388,1806,5,1811,31
2020-05-23,Kings,031,150075,761,444,3,447,2
2020-05-23,Lake,033,64148,23,10,0,10,0
2020-05-23,Lassen,035,31185,8,0,2,2,0
2020-05-23,Los Angeles,037,10098052,53104,44029,19,44048,2069
2020-05-23,Madera,039,155013,186,83,1,84,2
2020-05-23,Marin,041,260295,440,393,1,394,14
2020-05-23,Mariposa,043,17540,16,15,0,15,1
2020-05-23,Mendocino,045,87422,21,13,0,13,0
2020-05-23,Merced,047,269075,352,247,0,247,6
2020-05-23,Modoc,049,8938,0,0,0,0,0
2020-05-23,Mono,051,14174,36,34,0,34,1
2020-05-23,Monterey,053,433212,503,397,1,398,8
2020-05-23,Napa,055,140530,125,101,0,101,3
2020-05-23,Nevada,057,99092,43,41,1,42,1
2020-05-23,Orange,059,3164182,7766,5313,63,5376,113
2020-05-23,Placer,061,380077,215,184,0,184,9
2020-05-23,Plumas,063,18699,4,4,0,4,0
2020-05-23,Riverside,065,2383286,7835,6460,20,6480,284
2020-05-23,Sacramento,067,1510023,1373,1275,1,1276,50
2020-05-23,San Benito,069,59416,82,67,0,67,2
2020-05-23,San Bernardino,071,2135413,5326,4172,4,4176,175
2020-05-23,San Diego,073,3302833,7562,6561,0,6561,249
2020-05-23,San Francisco,075,870044,2494,2312,0,2312,40
2020-05-23,San Joaquin,077,732212,933,759,4,763,33
2020-05-23,San Luis Obispo,079,281455,335,256,4,260,1
2020-05-23,San Mateo,081,765935,2166,1862,3,1865,71
2020-05-23,Santa Barbara,083,443738,1667,1566,11,1577,9
2020-05-23,Santa Clara,085,1922200,3272,2593,12,2605,139
2020-05-23,Santa Cruz,087,273765,215,177,0,177,2
2020-05-23,Shasta,089,179085,53,35,0,35,4
2020-05-23,Sierra,091,2930,1,1,0,1,0
2020-05-23,Siskiyou,093,43540,7,6,0,6,0
2020-05-23,Solano,095,438530,536,435,0,435,5
2020-05-23,Sonoma,097,501317,540,462,0,462,4
2020-05-23,Stanislaus,099,539301,721,625,5,630,27
2020-05-23,Sutter,101,95872,44,38,0,38,2
2020-05-23,Tehama,103,63373,5,2,1,3,1
2020-05-23,Trinity,105,12862,6,1,2,3,0
2020-05-23,Tulare,107,460477,2285,1682,10,1692,73
2020-05-23,Tuolumne,109,53932,5,2,0,2,0
2020-05-23,Ventura,111,848112,1438,961,8,969,27
2020-05-23,Yolo,113,214977,220,188,0,188,22
2020-05-23,Yuba,115,75493,26,24,0,24,1
2020-05-22,Alameda,001,1643700,3275,2722,5,2727,91
2020-05-22,Alpine,003,1148,1,1,0,1,0
2020-05-22,Amador,005,37829,10,9,0,9,0
2020-05-22,Butte,007,227075,58,34,1,35,0
2020-05-22,Calaveras,009,45235,15,13,0,13,0
2020-05-22,Colusa,011,21464,7,4,0,4,0
2020-05-22,Contra Costa,013,1133247,1488,1272,1,1273,36
2020-05-22,Del Norte,015,27424,41,9,0,9,0
2020-05-22,El Dorado,017,186661,97,74,0,74,0
2020-05-22,Fresno,019,978130,2755,1399,40,1439,20
2020-05-22,Glenn,021,27897,15,12,0,12,0
2020-05-22,Humboldt,023,135768,105,80,0,80,2
2020-05-22,Imperial,025,180216,2483,1214,4,1218,14
2020-05-22,Inyo,027,18085,19,20,0,20,1
2020-05-22,Kern,029,883053,2339,1749,5,1754,28
2020-05-22,Kings,031,150075,758,428,3,431,2
2020-05-22,Lake,033,64148,22,10,0,10,0
2020-05-22,Lassen,035,31185,6,0,2,2,0
2020-05-22,Los Angeles,037,10098052,52312,43025,19,43044,2027
2020-05-22,Madera,039,155013,182,82,1,83,2
2020-05-22,Marin,041,260295,436,372,1,373,14
2020-05-22,Mariposa,043,17540,16,15,0,15,1
2020-05-22,Mendocino,045,87422,20,13,0,13,0
2020-05-22,Merced,047,269075,352,233,0,233,6
2020-05-22,Modoc,049,8938,0,0,0,0,0
2020-05-22,Mono,051,14174,36,34,0,34,1
2020-05-22,Monterey,053,433212,492,372,1,373,8
2020-05-22,Napa,055,140530,123,97,0,97,3
2020-05-22,Nevada,057,99092,42,41,1,42,1
2020-05-22,Orange,059,3164182,7569,5144,61,5205,113
2020-05-22,Placer,061,380077,215,181,0,181,9
2020-05-22,Plumas,063,18699,4,4,0,4,0
2020-05-22,Riverside,065,2383286,7720,6351,20,6371,283
2020-05-22,Sacramento,067,1510023,1357,1262,1,1263,50
2020-05-22,San Benito,069,59416,81,64,0,64,2
2020-05-22,San Bernardino,071,2135413,5251,4107,4,4111,173
2020-05-22,San Diego,073,3302833,7476,6436,0,6436,242
2020-05-22,San Francisco,075,870044,2476,2251,0,2251,40
2020-05-22,San Joaquin,077,732212,920,747,4,751,33
2020-05-22,San Luis Obispo,079,281455,335,254,4,258,1
2020-05-22,San Mateo,081,765935,2147,1847,3,1850,71
2020-05-22,Santa Barbara,083,443738,1657,1554,11,1565,9
2020-05-22,Santa Clara,085,1922200,3252,2537,12,2549,139
2020-05-22,Santa Cruz,087,273765,212,171,0,171,2
2020-05-22,Shasta,089,179085,53,34,0,34,4
2020-05-22,Sierra,091,2930,1,0,0,0,0
2020-05-22,Siskiyou,093,43540,7,6,0,6,0
2020-05-22,Solano,095,438530,533,431,0,431,4
2020-05-22,Sonoma,097,501317,536,444,0,444,4
2020-05-22,Stanislaus,099,539301,711,616,5,621,27
2020-05-22,Sutter,101,95872,44,38,0,38,2
2020-05-22,Tehama,103,63373,5,2,0,2,1
2020-05-22,Trinity,105,12862,6,1,2,3,0
2020-05-22,Tulare,107,460477,2255,1662,10,1672,73
2020-05-22,Tuolumne,109,53932,5,2,0,2,0
2020-05-22,Ventura,111,848112,1420,937,8,945,27
2020-05-22,Yolo,113,214977,218,187,0,187,22
2020-05-22,Yuba,115,75493,26,24,0,24,1
2020-05-21,Alameda,001,1643700,3210,2606,5,2611,89
2020-05-21,Alpine,003,1148,1,1,0,1,0
2020-05-21,Amador,005,37829,10,9,0,9,0
2020-05-21,Butte,007,227075,57,31,1,32,0
2020-05-21,Calaveras,009,45235,14,13,0,13,0
2020-05-21,Colusa,011,21464,7,4,0,4,0
2020-05-21,Contra Costa,013,1133247,1452,1243,1,1244,36
2020-05-21,Del Norte,015,27424,38,9,0,9,0
2020-05-21,El Dorado,017,186661,95,67,0,67,0
2020-05-21,Fresno,019,978130,2663,1362,39,1401,20
2020-05-21,Glenn,021,27897,14,12,0,12,0
2020-05-21,Humboldt,023,135768,104,79,0,79,0
2020-05-21,Imperial,025,180216,2322,1096,4,1100,14
2020-05-21,Inyo,027,18085,19,20,0,20,1
2020-05-21,Kern,029,883053,2263,1684,4,1688,27
2020-05-21,Kings,031,150075,737,417,2,419,2
2020-05-21,Lake,033,64148,17,10,0,10,0
2020-05-21,Lassen,035,31185,6,0,2,2,0
2020-05-21,Los Angeles,037,10098052,51278,42063,19,42082,1996
2020-05-21,Madera,039,155013,179,82,1,83,2
2020-05-21,Marin,041,260295,425,359,1,360,14
2020-05-21,Mariposa,043,17540,16,15,0,15,1
2020-05-21,Mendocino,045,87422,20,12,0,12,0
2020-05-21,Merced,047,269075,341,226,0,226,6
2020-05-21,Modoc,049,8938,0,0,0,0,0
2020-05-21,Mono,051,14174,36,33,0,33,1
2020-05-21,Monterey,053,433212,481,363,1,364,8
2020-05-21,Napa,055,140530,121,96,0,96,3
2020-05-21,Nevada,057,99092,42,41,1,42,1
2020-05-21,Orange,059,3164182,7366,4975,60,5035,106
2020-05-21,Placer,061,380077,208,176,0,176,8
2020-05-21,Plumas,063,18699,4,4,0,4,0
2020-05-21,Riverside,065,2383286,7534,6245,20,6265,279
2020-05-21,Sacramento,067,1510023,1344,1258,1,1259,56
2020-05-21,San Benito,069,59416,78,61,0,61,2
2020-05-21,San Bernardino,071,2135413,5104,3950,4,3954,167
2020-05-21,San Diego,073,3302833,7340,6317,0,6317,241
2020-05-21,San Francisco,075,870044,2452,2248,0,2248,37
2020-05-21,San Joaquin,077,732212,884,730,4,734,33
2020-05-21,San Luis Obispo,079,281455,335,251,3,254,1
2020-05-21,San Mateo,081,765935,2111,1791,3,1794,74
2020-05-21,Santa Barbara,083,443738,1642,1541,11,1552,10
2020-05-21,Santa Clara,085,1922200,3229,2520,12,2532,138
2020-05-21,Santa Cruz,087,273765,204,164,0,164,3
2020-05-21,Shasta,089,179085,51,34,0,34,4
2020-05-21,Sierra,091,2930,1,0,0,0,0
2020-05-21,Siskiyou,093,43540,7,6,0,6,0
2020-05-21,Solano,095,438530,524,424,0,424,4
2020-05-21,Sonoma,097,501317,518,427,0,427,4
2020-05-21,Stanislaus,099,539301,700,602,5,607,27
2020-05-21,Sutter,101,95872,43,38,0,38,2
2020-05-21,Tehama,103,63373,4,2,0,2,1
2020-05-21,Trinity,105,12862,5,1,2,3,0
2020-05-21,Tulare,107,460477,2205,1606,8,1614,73
2020-05-21,Tuolumne,109,53932,3,2,0,2,0
2020-05-21,Ventura,111,848112,1371,907,8,915,30
2020-05-21,Yolo,113,214977,215,185,0,185,22
2020-05-21,Yuba,115,75493,26,24,0,24,1
2020-05-20,Alameda,001,1643700,3137,2554,5,2559,89
2020-05-20,Alpine,003,1148,1,1,0,1,0
2020-05-20,Amador,005,37829,10,9,0,9,0
2020-05-20,Butte,007,227075,54,30,1,31,0
2020-05-20,Calaveras,009,45235,14,13,0,13,0
2020-05-20,Colusa,011,21464,7,3,0,3,0
2020-05-20,Contra Costa,013,1133247,1422,1223,1,1224,33
2020-05-20,Del Norte,015,27424,31,9,0,9,0
2020-05-20,El Dorado,017,186661,94,67,0,67,0
2020-05-20,Fresno,019,978130,2590,1329,38,1367,17
2020-05-20,Glenn,021,27897,13,12,0,12,0
2020-05-20,Humboldt,023,135768,101,73,0,73,0
2020-05-20,Imperial,025,180216,2209,1047,4,1051,14
2020-05-20,Inyo,027,18085,19,20,0,20,1
2020-05-20,Kern,029,883053,2200,1639,3,1642,27
2020-05-20,Kings,031,150075,593,403,2,405,2
2020-05-20,Lake,033,64148,17,9,0,9,0
2020-05-20,Lassen,035,31185,5,0,2,2,0
2020-05-20,Los Angeles,037,10098052,50283,40932,19,40951,1955
2020-05-20,Madera,039,155013,177,82,1,83,2
2020-05-20,Marin,041,260295,398,348,1,349,14
2020-05-20,Mariposa,043,17540,16,15,0,15,1
2020-05-20,Mendocino,045,87422,20,12,0,12,0
2020-05-20,Merced,047,269075,334,225,0,225,6
2020-05-20,Modoc,049,8938,0,0,0,0,0
2020-05-20,Mono,051,14174,36,33,0,33,1
2020-05-20,Monterey,053,433212,467,356,1,357,8
2020-05-20,Napa,055,140530,114,93,0,93,3
2020-05-20,Nevada,057,99092,42,41,1,42,1
2020-05-20,Orange,059,3164182,7158,4866,58,4924,96
2020-05-20,Placer,061,380077,206,176,0,176,8
2020-05-20,Plumas,063,18699,4,4,0,4,0
2020-05-20,Riverside,065,2383286,7391,6090,20,6110,265
2020-05-20,Sacramento,067,1510023,1334,1244,1,1245,56
2020-05-20,San Benito,069,59416,77,61,0,61,2
2020-05-20,San Bernardino,071,2135413,4976,3771,4,3775,161
2020-05-20,San Diego,073,3302833,7223,6142,0,6142,230
2020-05-20,San Francisco,075,870044,2429,2199,0,2199,37
2020-05-20,San Joaquin,077,732212,848,713,4,717,33
2020-05-20,San Luis Obispo,079,281455,328,249,3,252,1
2020-05-20,San Mateo,081,765935,2058,1739,3,1742,74
2020-05-20,Santa Barbara,083,443738,1623,1524,11,1535,10
2020-05-20,Santa Clara,085,1922200,3208,2508,11,2519,138
2020-05-20,Santa Cruz,087,273765,201,163,0,163,3
2020-05-20,Shasta,089,179085,51,34,0,34,4
2020-05-20,Sierra,091,2930,1,0,0,0,0
2020-05-20,Siskiyou,093,43540,7,6,0,6,0
2020-05-20,Solano,095,438530,519,418,0,418,4
2020-05-20,Sonoma,097,501317,509,411,0,411,4
2020-05-20,Stanislaus,099,539301,684,584,4,588,25
2020-05-20,Sutter,101,95872,43,38,0,38,2
2020-05-20,Tehama,103,63373,4,2,0,2,1
2020-05-20,Trinity,105,12862,4,1,1,2,0
2020-05-20,Tulare,107,460477,2164,1585,8,1593,71
2020-05-20,Tuolumne,109,53932,3,2,0,2,0
2020-05-20,Ventura,111,848112,1335,879,8,887,29
2020-05-20,Yolo,113,214977,212,184,0,184,22
2020-05-20,Yuba,115,75493,26,23,0,23,1
2020-05-19,Alameda,001,1643700,3060,2493,3,2496,88
2020-05-19,Alpine,003,1148,1,1,0,1,0
2020-05-19,Amador,005,37829,10,9,0,9,0
2020-05-19,Butte,007,227075,52,25,1,26,0
2020-05-19,Calaveras,009,45235,14,13,0,13,0
2020-05-19,Colusa,011,21464,5,3,0,3,0
2020-05-19,Contra Costa,013,1133247,1398,1205,1,1206,33
2020-05-19,Del Norte,015,27424,28,8,0,8,0
2020-05-19,El Dorado,017,186661,91,67,0,67,0
2020-05-19,Fresno,019,978130,2476,1288,37,1325,15
2020-05-19,Glenn,021,27897,13,12,0,12,0
2020-05-19,Humboldt,023,135768,101,72,0,72,0
2020-05-19,Imperial,025,180216,2047,1012,4,1016,14
2020-05-19,Inyo,027,18085,19,20,0,20,1
2020-05-19,Kern,029,883053,2102,1601,3,1604,26
2020-05-19,Kings,031,150075,582,393,2,395,2
2020-05-19,Lake,033,64148,14,11,0,11,0
2020-05-19,Lassen,035,31185,5,0,2,2,0
2020-05-19,Los Angeles,037,10098052,49078,39670,19,39689,1906
2020-05-19,Madera,039,155013,173,80,1,81,2
2020-05-19,Marin,041,260295,374,340,1,341,14
2020-05-19,Mariposa,043,17540,16,15,0,15,1
2020-05-19,Mendocino,045,87422,20,12,0,12,0
2020-05-19,Merced,047,269075,326,222,0,222,5
2020-05-19,Modoc,049,8938,0,0,0,0,0
2020-05-19,Mono,051,14174,36,33,0,33,1
2020-05-19,Monterey,053,433212,455,350,1,351,8
2020-05-19,Napa,055,140530,113,93,0,93,3
2020-05-19,Nevada,057,99092,42,41,1,42,1
2020-05-19,Orange,059,3164182,6964,4746,56,4802,90
2020-05-19,Placer,061,380077,204,177,0,177,8
2020-05-19,Plumas,063,18699,4,5,0,5,0
2020-05-19,Riverside,065,2383286,7231,5963,19,5982,265
2020-05-19,Sacramento,067,1510023,1320,1239,1,1240,57
2020-05-19,San Benito,069,59416,75,59,0,59,2
2020-05-19,San Bernardino,071,2135413,4826,3656,4,3660,158
2020-05-19,San Diego,073,3302833,7079,6028,0,6028,222
2020-05-19,San Francisco,075,870044,2395,2186,0,2186,37
2020-05-19,San Joaquin,077,732212,826,705,4,709,33
2020-05-19,San Luis Obispo,079,281455,327,245,3,248,1
2020-05-19,San Mateo,081,765935,2017,1704,3,1707,71
2020-05-19,Santa Barbara,083,443738,1609,1521,11,1532,10
2020-05-19,Santa Clara,085,1922200,3158,2480,11,2491,138
2020-05-19,Santa Cruz,087,273765,190,161,0,161,3
2020-05-19,Shasta,089,179085,51,34,0,34,4
2020-05-19,Sierra,091,2930,0,0,0,0,0
2020-05-19,Siskiyou,093,43540,7,6,0,6,0
2020-05-19,Solano,095,438530,505,415,0,415,4
2020-05-19,Sonoma,097,501317,498,389,0,389,4
2020-05-19,Stanislaus,099,539301,670,582,4,586,25
2020-05-19,Sutter,101,95872,43,38,0,38,2
2020-05-19,Tehama,103,63373,4,2,0,2,1
2020-05-19,Trinity,105,12862,3,1,0,1,0
2020-05-19,Tulare,107,460477,2116,1551,8,1559,68
2020-05-19,Tuolumne,109,53932,3,2,0,2,0
2020-05-19,Ventura,111,848112,1294,861,7,868,28
2020-05-19,Yolo,113,214977,210,183,0,183,22
2020-05-19,Yuba,115,75493,26,23,0,23,1
2020-05-18,Alameda,001,1643700,2987,2442,3,2445,84
2020-05-18,Alpine,003,1148,1,1,0,1,0
2020-05-18,Amador,005,37829,10,8,0,8,0
2020-05-18,Butte,007,227075,50,24,1,25,0
2020-05-18,Calaveras,009,45235,14,13,0,13,0
2020-05-18,Colusa,011,21464,5,3,0,3,0
2020-05-18,Contra Costa,013,1133247,1367,1173,1,1174,33
2020-05-18,Del Norte,015,27424,23,8,0,8,0
2020-05-18,El Dorado,017,186661,89,67,0,67,0
2020-05-18,Fresno,019,978130,2398,1244,36,1280,14
2020-05-18,Glenn,021,27897,13,11,0,11,0
2020-05-18,Humboldt,023,135768,101,70,0,70,0
2020-05-18,Imperial,025,180216,1894,767,4,771,14
2020-05-18,Inyo,027,18085,19,20,0,20,1
2020-05-18,Kern,029,883053,2053,1566,3,1569,26
2020-05-18,Kings,031,150075,551,381,2,383,2
2020-05-18,Lake,033,64148,13,9,0,9,0
2020-05-18,Lassen,035,31185,5,0,2,2,0
2020-05-18,Los Angeles,037,10098052,48057,38477,19,38496,1825
2020-05-18,Madera,039,155013,167,74,1,75,2
2020-05-18,Marin,041,260295,361,329,1,330,14
2020-05-18,Mariposa,043,17540,16,15,0,15,1
2020-05-18,Mendocino,045,87422,15,12,0,12,0
2020-05-18,Merced,047,269075,317,217,0,217,5
2020-05-18,Modoc,049,8938,0,0,0,0,0
2020-05-18,Mono,051,14174,36,33,0,33,1
2020-05-18,Monterey,053,433212,444,345,1,346,8
2020-05-18,Napa,055,140530,109,92,0,92,3
2020-05-18,Nevada,057,99092,42,41,1,42,1
2020-05-18,Orange,059,3164182,6775,4558,54,4612,88
2020-05-18,Placer,061,380077,202,176,0,176,8
2020-05-18,Plumas,063,18699,4,5,0,5,0
2020-05-18,Riverside,065,2383286,7031,5873,18,5891,253
2020-05-18,Sacramento,067,1510023,1314,1233,0,1233,57
2020-05-18,San Benito,069,59416,73,59,0,59,2
2020-05-18,San Bernardino,071,2135413,4679,3558,4,3562,156
2020-05-18,San Diego,073,3302833,6946,5948,0,5948,211
2020-05-18,San Francisco,075,870044,2372,2183,0,2183,36
2020-05-18,San Joaquin,077,732212,814,697,4,701,33
2020-05-18,San Luis Obispo,079,281455,323,243,3,246,1
2020-05-18,San Mateo,081,765935,1979,1701,3,1704,68
2020-05-18,Santa Barbara,083,443738,1598,1501,11,1512,10
2020-05-18,Santa Clara,085,1922200,3125,2468,11,2479,137
2020-05-18,Santa Cruz,087,273765,188,160,0,160,3
2020-05-18,Shasta,089,179085,50,34,0,34,4
2020-05-18,Sierra,091,2930,0,0,0,0,0
2020-05-18,Siskiyou,093,43540,7,6,0,6,0
2020-05-18,Solano,095,438530,495,398,0,398,4
2020-05-18,Sonoma,097,501317,480,387,0,387,4
2020-05-18,Stanislaus,099,539301,658,572,4,576,25
2020-05-18,Sutter,101,95872,43,38,0,38,2
2020-05-18,Tehama,103,63373,4,2,0,2,1
2020-05-18,Trinity,105,12862,3,1,0,1,0
2020-05-18,Tulare,107,460477,2072,1491,8,1499,63
2020-05-18,Tuolumne,109,53932,3,2,0,2,0
2020-05-18,Ventura,111,848112,1271,850,6,856,27
2020-05-18,Yolo,113,214977,205,183,0,183,22
2020-05-18,Yuba,115,75493,26,23,0,23,1
2020-05-17,Alameda,001,1643700,2892,2389,3,2392,83
2020-05-17,Alpine,003,1148,1,1,0,1,0
2020-05-17,Amador,005,37829,10,8,0,8,0
2020-05-17,Butte,007,227075,49,23,1,24,0
2020-05-17,Calaveras,009,45235,14,13,0,13,0
2020-05-17,Colusa,011,21464,3,3,0,3,0
2020-05-17,Contra Costa,013,1133247,1328,1155,1,1156,33
2020-05-17,Del Norte,015,27424,23,7,0,7,0
2020-05-17,El Dorado,017,186661,89,65,0,65,0
2020-05-17,Fresno,019,978130,2292,1213,33,1246,14
2020-05-17,Glenn,021,27897,13,9,0,9,0
2020-05-17,Humboldt,023,135768,94,70,0,70,0
2020-05-17,Imperial,025,180216,1746,715,4,719,14
2020-05-17,Inyo,027,18085,19,20,0,20,1
2020-05-17,Kern,029,883053,1975,1546,3,1549,26
2020-05-17,Kings,031,150075,504,356,2,358,2
2020-05-17,Lake,033,64148,13,7,0,7,0
2020-05-17,Lassen,035,31185,5,0,2,2,0
2020-05-17,Los Angeles,037,10098052,46818,37996,19,38015,1807
2020-05-17,Madera,039,155013,165,69,1,70,2
2020-05-17,Marin,041,260295,350,315,1,316,14
2020-05-17,Mariposa,043,17540,15,15,0,15,1
2020-05-17,Mendocino,045,87422,14,10,0,10,0
2020-05-17,Merced,047,269075,306,214,0,214,5
2020-05-17,Modoc,049,8938,0,0,0,0,0
2020-05-17,Mono,051,14174,36,32,0,32,1
2020-05-17,Monterey,053,433212,424,342,1,343,8
2020-05-17,Napa,055,140530,105,89,0,89,3
2020-05-17,Nevada,057,99092,42,41,1,42,1
2020-05-17,Orange,059,3164182,6596,4466,53,4519,88
2020-05-17,Placer,061,380077,197,175,0,175,8
2020-05-17,Plumas,063,18699,4,4,0,4,0
2020-05-17,Riverside,065,2383286,6858,5776,18,5794,245
2020-05-17,Sacramento,067,1510023,1303,1224,0,1224,56
2020-05-17,San Benito,069,59416,72,59,0,59,2
2020-05-17,San Bernardino,071,2135413,4529,3467,4,3471,155
2020-05-17,San Diego,073,3302833,6814,5838,0,5838,209
2020-05-17,San Francisco,075,870044,2345,2132,0,2132,36
2020-05-17,San Joaquin,077,732212,784,688,4,692,32
2020-05-17,San Luis Obispo,079,281455,321,242,3,245,1
2020-05-17,San Mateo,081,765935,1942,1680,3,1683,68
2020-05-17,Santa Barbara,083,443738,1577,1457,11,1468,10
2020-05-17,Santa Clara,085,1922200,3087,2453,11,2464,135
2020-05-17,Santa Cruz,087,273765,177,155,0,155,3
2020-05-17,Shasta,089,179085,49,34,0,34,4
2020-05-17,Sierra,091,2930,0,0,0,0,0
2020-05-17,Siskiyou,093,43540,7,6,0,6,0
2020-05-17,Solano,095,438530,483,392,0,392,4
2020-05-17,Sonoma,097,501317,459,376,0,376,4
2020-05-17,Stanislaus,099,539301,647,566,4,570,25
2020-05-17,Sutter,101,95872,42,38,0,38,2
2020-05-17,Tehama,103,63373,3,2,0,2,1
2020-05-17,Trinity,105,12862,2,1,0,1,0
2020-05-17,Tulare,107,460477,1996,1430,7,1437,63
2020-05-17,Tuolumne,109,53932,3,2,0,2,0
2020-05-17,Ventura,111,848112,1226,838,6,844,27
2020-05-17,Yolo,113,214977,203,182,0,182,22
2020-05-17,Yuba,115,75493,26,21,0,21,1
2020-05-16,Alameda,001,1643700,2842,2327,3,2330,83
2020-05-16,Alpine,003,1148,1,1,0,1,0
2020-05-16,Amador,005,37829,10,8,0,8,0
2020-05-16,Butte,007,227075,44,22,1,23,0
2020-05-16,Calaveras,009,45235,14,13,0,13,0
2020-05-16,Colusa,011,21464,3,3,0,3,0
2020-05-16,Contra Costa,013,1133247,1310,1136,1,1137,33
2020-05-16,Del Norte,015,27424,19,4,0,4,0
2020-05-16,El Dorado,017,186661,89,65,0,65,0
2020-05-16,Fresno,019,978130,2235,1177,33,1210,14
2020-05-16,Glenn,021,27897,13,9,0,9,0
2020-05-16,Humboldt,023,135768,92,69,0,69,0
2020-05-16,Imperial,025,180216,1682,712,4,716,14
2020-05-16,Inyo,027,18085,19,20,0,20,1
2020-05-16,Kern,029,883053,1939,1509,3,1512,26
2020-05-16,Kings,031,150075,494,356,2,358,2
2020-05-16,Lake,033,64148,13,7,0,7,0
2020-05-16,Lassen,035,31185,4,0,2,2,0
2020-05-16,Los Angeles,037,10098052,46241,37352,19,37371,1778
2020-05-16,Madera,039,155013,163,70,1,71,2
2020-05-16,Marin,041,260295,346,297,1,298,14
2020-05-16,Mariposa,043,17540,15,15,0,15,1
2020-05-16,Mendocino,045,87422,14,10,0,10,0
2020-05-16,Merced,047,269075,304,201,0,201,5
2020-05-16,Modoc,049,8938,0,0,0,0,0
2020-05-16,Mono,051,14174,36,32,0,32,1
2020-05-16,Monterey,053,433212,409,329,1,330,8
2020-05-16,Napa,055,140530,105,86,0,86,3
2020-05-16,Nevada,057,99092,42,41,1,42,1
2020-05-16,Orange,059,3164182,6520,4396,52,4448,87
2020-05-16,Placer,061,380077,195,174,0,174,8
2020-05-16,Plumas,063,18699,4,4,0,4,0
2020-05-16,Riverside,065,2383286,6773,5633,18,5651,243
2020-05-16,Sacramento,067,1510023,1296,1209,0,1209,55
2020-05-16,San Benito,069,59416,67,58,0,58,2
2020-05-16,San Bernardino,071,2135413,4457,3362,4,3366,155
2020-05-16,San Diego,073,3302833,6728,5664,0,5664,209
2020-05-16,San Francisco,075,870044,2322,2094,0,2094,36
2020-05-16,San Joaquin,077,732212,776,668,4,672,32
2020-05-16,San Luis Obispo,079,281455,320,240,3,243,1
2020-05-16,San Mateo,081,765935,1927,1652,3,1655,68
2020-05-16,Santa Barbara,083,443738,1566,1422,10,1432,10
2020-05-16,Santa Clara,085,1922200,3069,2420,11,2431,135
2020-05-16,Santa Cruz,087,273765,174,154,0,154,3
2020-05-16,Shasta,089,179085,49,33,0,33,4
2020-05-16,Sierra,091,2930,0,0,0,0,0
2020-05-16,Siskiyou,093,43540,7,6,0,6,0
2020-05-16,Solano,095,438530,478,392,0,392,4
2020-05-16,Sonoma,097,501317,446,356,0,356,4
2020-05-16,Stanislaus,099,539301,638,546,4,550,24
2020-05-16,Sutter,101,95872,42,35,0,35,2
2020-05-16,Tehama,103,63373,3,2,0,2,1
2020-05-16,Trinity,105,12862,2,1,0,1,0
2020-05-16,Tulare,107,460477,1978,1426,7,1433,63
2020-05-16,Tuolumne,109,53932,3,2,0,2,0
2020-05-16,Ventura,111,848112,1200,813,6,819,25
2020-05-16,Yolo,113,214977,202,181,0,181,22
2020-05-16,Yuba,115,75493,26,21,0,21,1
2020-05-15,Alameda,001,1643700,2808,2289,3,2292,83
2020-05-15,Alpine,003,1148,1,1,0,1,0
2020-05-15,Amador,005,37829,10,8,0,8,0
2020-05-15,Butte,007,227075,42,22,1,23,0
2020-05-15,Calaveras,009,45235,14,13,0,13,0
2020-05-15,Colusa,011,21464,3,3,0,3,0
2020-05-15,Contra Costa,013,1133247,1292,1106,1,1107,33
2020-05-15,Del Norte,015,27424,14,4,0,4,0
2020-05-15,El Dorado,017,186661,89,64,0,64,0
2020-05-15,Fresno,019,978130,2168,1126,33,1159,14
2020-05-15,Glenn,021,27897,13,9,0,9,0
2020-05-15,Humboldt,023,135768,91,60,0,60,0
2020-05-15,Imperial,025,180216,1598,680,0,680,14
2020-05-15,Inyo,027,18085,19,20,0,20,1
2020-05-15,Kern,029,883053,1883,1472,3,1475,25
2020-05-15,Kings,031,150075,491,347,2,349,2
2020-05-15,Lake,033,64148,13,7,0,7,0
2020-05-15,Lassen,035,31185,4,0,2,2,0
2020-05-15,Los Angeles,037,10098052,45455,36317,19,36336,1734
2020-05-15,Madera,039,155013,162,71,1,72,2
2020-05-15,Marin,041,260295,338,295,1,296,14
2020-05-15,Mariposa,043,17540,15,15,0,15,1
2020-05-15,Mendocino,045,87422,14,10,0,10,0
2020-05-15,Merced,047,269075,301,191,0,191,5
2020-05-15,Modoc,049,8938,0,0,0,0,0
2020-05-15,Mono,051,14174,36,31,0,31,1
2020-05-15,Monterey,053,433212,403,321,1,322,8
2020-05-15,Napa,055,140530,105,83,0,83,3
2020-05-15,Nevada,057,99092,42,41,1,42,1
2020-05-15,Orange,059,3164182,6347,4281,52,4333,87
2020-05-15,Placer,061,380077,193,174,0,174,8
2020-05-15,Plumas,063,18699,4,4,0,4,0
2020-05-15,Riverside,065,2383286,6659,5496,18,5514,233
2020-05-15,Sacramento,067,1510023,1286,1203,0,1203,55
2020-05-15,San Benito,069,59416,64,57,0,57,2
2020-05-15,San Bernardino,071,2135413,4379,3225,4,3229,153
2020-05-15,San Diego,073,3302833,6621,5525,0,5525,208
2020-05-15,San Francisco,075,870044,2306,2062,0,2062,36
2020-05-15,San Joaquin,077,732212,770,656,4,660,32
2020-05-15,San Luis Obispo,079,281455,318,237,3,240,1
2020-05-15,San Mateo,081,765935,1905,1612,3,1615,68
2020-05-15,Santa Barbara,083,443738,1557,1409,9,1418,10
2020-05-15,Santa Clara,085,1922200,3026,2395,10,2405,135
2020-05-15,Santa Cruz,087,273765,173,146,0,146,3
2020-05-15,Shasta,089,179085,48,33,0,33,4
2020-05-15,Sierra,091,2930,0,0,0,0,0
2020-05-15,Siskiyou,093,43540,6,5,0,5,0
2020-05-15,Solano,095,438530,474,388,0,388,4
2020-05-15,Sonoma,097,501317,438,349,0,349,4
2020-05-15,Stanislaus,099,539301,631,540,4,544,23
2020-05-15,Sutter,101,95872,41,35,0,35,2
2020-05-15,Tehama,103,63373,3,1,0,1,1
2020-05-15,Trinity,105,12862,2,1,0,1,0
2020-05-15,Tulare,107,460477,1950,1356,7,1363,61
2020-05-15,Tuolumne,109,53932,3,2,0,2,0
2020-05-15,Ventura,111,848112,1182,789,5,794,25
2020-05-15,Yolo,113,214977,201,182,0,182,22
2020-05-15,Yuba,115,75493,26,21,0,21,1
2020-05-14,Alameda,001,1643700,2715,2255,3,2258,80
2020-05-14,Alpine,003,1148,1,1,0,1,0
2020-05-14,Amador,005,37829,10,8,0,8,0
2020-05-14,Butte,007,227075,40,22,1,23,0
2020-05-14,Calaveras,009,45235,14,13,0,13,0
2020-05-14,Colusa,011,21464,3,3,0,3,0
2020-05-14,Contra Costa,013,1133247,1266,1090,1,1091,32
2020-05-14,Del Norte,015,27424,14,4,0,4,0
2020-05-14,El Dorado,017,186661,80,59,0,59,0
2020-05-14,Fresno,019,978130,2108,1038,29,1067,12
2020-05-14,Glenn,021,27897,12,8,0,8,0
2020-05-14,Humboldt,023,135768,89,59,0,59,0
2020-05-14,Imperial,025,180216,1481,652,0,652,13
2020-05-14,Inyo,027,18085,19,20,0,20,1
2020-05-14,Kern,029,883053,1841,1430,3,1433,21
2020-05-14,Kings,031,150075,475,342,2,344,1
2020-05-14,Lake,033,64148,13,7,0,7,0
2020-05-14,Lassen,035,31185,4,0,2,2,0
2020-05-14,Los Angeles,037,10098052,44280,35427,19,35446,1693
2020-05-14,Madera,039,155013,153,69,1,70,2
2020-05-14,Marin,041,260295,320,283,1,284,14
2020-05-14,Mariposa,043,17540,15,15,0,15,0
2020-05-14,Mendocino,045,87422,13,10,0,10,0
2020-05-14,Merced,047,269075,290,182,0,182,3
2020-05-14,Modoc,049,8938,0,0,0,0,0
2020-05-14,Mono,051,14174,36,31,0,31,1
2020-05-14,Monterey,053,433212,393,317,1,318,7
2020-05-14,Napa,055,140530,103,83,0,83,3
2020-05-14,Nevada,057,99092,41,41,1,42,1
2020-05-14,Orange,059,3164182,6171,4163,50,4213,83
2020-05-14,Placer,061,380077,193,172,0,172,8
2020-05-14,Plumas,063,18699,4,4,0,4,0
2020-05-14,Riverside,065,2383286,6475,5339,18,5357,224
2020-05-14,Sacramento,067,1510023,1274,1181,0,1181,55
2020-05-14,San Benito,069,59416,62,56,0,56,2
2020-05-14,San Bernardino,071,2135413,4200,3149,4,3153,149
2020-05-14,San Diego,073,3302833,6486,5393,0,5393,200
2020-05-14,San Francisco,075,870044,2273,2029,0,2029,36
2020-05-14,San Joaquin,077,732212,755,643,4,647,31
2020-05-14,San Luis Obispo,079,281455,315,236,3,239,1
2020-05-14,San Mateo,081,765935,1873,1588,3,1591,67
2020-05-14,Santa Barbara,083,443738,1545,1395,9,1404,11
2020-05-14,Santa Clara,085,1922200,3003,2380,10,2390,134
2020-05-14,Santa Cruz,087,273765,171,145,0,145,3
2020-05-14,Shasta,089,179085,48,33,0,33,4
2020-05-14,Sierra,091,2930,0,0,0,0,0
2020-05-14,Siskiyou,093,43540,6,5,0,5,0
2020-05-14,Solano,095,438530,465,372,0,372,4
2020-05-14,Sonoma,097,501317,421,333,0,333,4
2020-05-14,Stanislaus,099,539301,612,533,4,537,23
2020-05-14,Sutter,101,95872,41,34,0,34,2
2020-05-14,Tehama,103,63373,3,1,0,1,1
2020-05-14,Trinity,105,12862,2,1,0,1,0
2020-05-14,Tulare,107,460477,1911,1317,7,1324,55
2020-05-14,Tuolumne,109,53932,3,2,0,2,0
2020-05-14,Ventura,111,848112,1151,760,5,765,25
2020-05-14,Yolo,113,214977,201,180,0,180,22
2020-05-14,Yuba,115,75493,26,21,0,21,1
2020-05-13,Alameda,001,1643700,2657,2181,3,2184,78
2020-05-13,Alpine,003,1148,1,1,0,1,0
2020-05-13,Amador,005,37829,10,8,0,8,0
2020-05-13,Butte,007,227075,40,21,1,22,0
2020-05-13,Calaveras,009,45235,14,13,0,13,0
2020-05-13,Colusa,011,21464,3,3,0,3,0
2020-05-13,Contra Costa,013,1133247,1244,1082,1,1083,32
2020-05-13,Del Norte,015,27424,13,4,0,4,0
2020-05-13,El Dorado,017,186661,79,58,0,58,0
2020-05-13,Fresno,019,978130,2011,993,29,1022,10
2020-05-13,Glenn,021,27897,11,6,0,6,0
2020-05-13,Humboldt,023,135768,83,58,0,58,0
2020-05-13,Imperial,025,180216,1411,610,0,610,11
2020-05-13,Inyo,027,18085,19,20,0,20,1
2020-05-13,Kern,029,883053,1795,1390,3,1393,19
2020-05-13,Kings,031,150075,461,314,2,316,1
2020-05-13,Lake,033,64148,13,7,0,7,0
2020-05-13,Lassen,035,31185,4,0,2,2,0
2020-05-13,Los Angeles,037,10098052,42974,34574,19,34593,1643
2020-05-13,Madera,039,155013,144,69,1,70,2
2020-05-13,Marin,041,260295,307,278,1,279,14
2020-05-13,Mariposa,043,17540,15,15,0,15,0
2020-05-13,Mendocino,045,87422,13,10,0,10,0
2020-05-13,Merced,047,269075,287,176,0,176,3
2020-05-13,Modoc,049,8938,0,0,0,0,0
2020-05-13,Mono,051,14174,35,31,0,31,1
2020-05-13,Monterey,053,433212,383,309,1,310,6
2020-05-13,Napa,055,140530,103,81,0,81,3
2020-05-13,Nevada,057,99092,41,41,1,42,1
2020-05-13,Orange,059,3164182,5925,4025,48,4073,79
2020-05-13,Placer,061,380077,192,170,0,170,8
2020-05-13,Plumas,063,18699,4,4,0,4,0
2020-05-13,Riverside,065,2383286,6352,5204,18,5222,216
2020-05-13,Sacramento,067,1510023,1259,1173,0,1173,53
2020-05-13,San Benito,069,59416,62,55,0,55,2
2020-05-13,San Bernardino,071,2135413,3944,3064,3,3067,140
2020-05-13,San Diego,073,3302833,6350,5280,0,5280,194
2020-05-13,San Francisco,075,870044,2245,2004,0,2004,35
2020-05-13,San Joaquin,077,732212,734,639,3,642,31
2020-05-13,San Luis Obispo,079,281455,313,231,3,234,1
2020-05-13,San Mateo,081,765935,1841,1550,3,1553,66
2020-05-13,Santa Barbara,083,443738,1534,1382,9,1391,10
2020-05-13,Santa Clara,085,1922200,2983,2370,10,2380,132
2020-05-13,Santa Cruz,087,273765,167,142,0,142,2
2020-05-13,Shasta,089,179085,48,32,0,32,4
2020-05-13,Sierra,091,2930,0,0,0,0,0
2020-05-13,Siskiyou,093,43540,6,5,0,5,0
2020-05-13,Solano,095,438530,452,368,0,368,4
2020-05-13,Sonoma,097,501317,411,330,0,330,4
2020-05-13,Stanislaus,099,539301,603,521,4,525,15
2020-05-13,Sutter,101,95872,41,33,0,33,2
2020-05-13,Tehama,103,63373,3,1,0,1,1
2020-05-13,Trinity,105,12862,2,2,0,2,0
2020-05-13,Tulare,107,460477,1878,1283,7,1290,54
2020-05-13,Tuolumne,109,53932,3,2,0,2,0
2020-05-13,Ventura,111,848112,1120,742,5,747,25
2020-05-13,Yolo,113,214977,199,178,0,178,22
2020-05-13,Yuba,115,75493,24,19,0,19,1
2020-05-12,Alameda,001,1643700,2592,2146,3,2149,74
2020-05-12,Alpine,003,1148,1,1,0,1,0
2020-05-12,Amador,005,37829,10,8,0,8,0
2020-05-12,Butte,007,227075,38,20,1,21,0
2020-05-12,Calaveras,009,45235,13,13,0,13,0
2020-05-12,Colusa,011,21464,3,3,0,3,0
2020-05-12,Contra Costa,013,1133247,1213,1067,1,1068,32
2020-05-12,Del Norte,015,27424,10,3,0,3,0
2020-05-12,El Dorado,017,186661,76,56,0,56,0
2020-05-12,Fresno,019,978130,1927,978,27,1005,9
2020-05-12,Glenn,021,27897,10,6,0,6,0
2020-05-12,Humboldt,023,135768,80,58,0,58,0
2020-05-12,Imperial,025,180216,1280,602,0,602,9
2020-05-12,Inyo,027,18085,19,20,0,20,1
2020-05-12,Kern,029,883053,1754,1363,3,1366,18
2020-05-12,Kings,031,150075,440,302,2,304,1
2020-05-12,Lake,033,64148,13,7,0,7,0
2020-05-12,Lassen,035,31185,4,0,2,2,0
2020-05-12,Los Angeles,037,10098052,41979,33281,18,33299,1601
2020-05-12,Madera,039,155013,138,69,1,70,2
2020-05-12,Marin,041,260295,302,274,1,275,14
2020-05-12,Mariposa,043,17540,15,15,0,15,0
2020-05-12,Mendocino,045,87422,13,10,0,10,0
2020-05-12,Merced,047,269075,276,175,0,175,3
2020-05-12,Modoc,049,8938,0,0,0,0,0
2020-05-12,Mono,051,14174,35,31,0,31,1
2020-05-12,Monterey,053,433212,376,298,1,299,6
2020-05-12,Napa,055,140530,101,80,0,80,3
2020-05-12,Nevada,057,99092,41,41,1,42,1
2020-05-12,Orange,059,3164182,5742,3843,46,3889,78
2020-05-12,Placer,061,380077,191,170,0,170,8
2020-05-12,Plumas,063,18699,4,4,0,4,0
2020-05-12,Riverside,065,2383286,6229,5134,18,5152,210
2020-05-12,Sacramento,067,1510023,1239,1166,0,1166,52
2020-05-12,San Benito,069,59416,62,55,0,55,2
2020-05-12,San Bernardino,071,2135413,3792,2997,3,3000,131
2020-05-12,San Diego,073,3302833,6206,3,0,3,0
2020-05-12,San Francisco,075,870044,2210,1981,0,1981,35
2020-05-12,San Joaquin,077,732212,719,625,3,628,30
2020-05-12,San Luis Obispo,079,281455,310,226,3,229,1
2020-05-12,San Mateo,081,765935,1815,1533,3,1536,66
2020-05-12,Santa Barbara,083,443738,1503,1377,9,1386,10
2020-05-12,Santa Clara,085,1922200,2953,2362,10,2372,131
2020-05-12,Santa Cruz,087,273765,165,141,0,141,2
2020-05-12,Shasta,089,179085,47,33,0,33,4
2020-05-12,Sierra,091,2930,0,0,0,0,0
2020-05-12,Siskiyou,093,43540,6,5,0,5,0
2020-05-12,Solano,095,438530,444,361,0,361,4
2020-05-12,Sonoma,097,501317,388,308,0,308,4
2020-05-12,Stanislaus,099,539301,596,515,4,519,15
2020-05-12,Sutter,101,95872,41,33,0,33,2
2020-05-12,Tehama,103,63373,3,1,0,1,1
2020-05-12,Trinity,105,12862,2,1,0,1,0
2020-05-12,Tulare,107,460477,1846,1261,7,1268,52
2020-05-12,Tuolumne,109,53932,3,2,0,2,0
2020-05-12,Ventura,111,848112,1064,718,5,723,20
2020-05-12,Yolo,113,214977,198,176,0,176,22
2020-05-12,Yuba,115,75493,24,19,0,19,1
2020-05-11,Alameda,001,1643700,2542,2103,3,2106,71
2020-05-11,Alpine,003,1148,1,1,0,1,0
2020-05-11,Amador,005,37829,10,8,0,8,0
2020-05-11,Butte,007,227075,37,19,1,20,0
2020-05-11,Calaveras,009,45235,13,13,0,13,0
2020-05-11,Colusa,011,21464,3,3,0,3,0
2020-05-11,Contra Costa,013,1133247,1199,1052,1,1053,32
2020-05-11,Del Norte,015,27424,8,3,0,3,0
2020-05-11,El Dorado,017,186661,76,55,0,55,0
2020-05-11,Fresno,019,978130,1835,937,26,963,8
2020-05-11,Glenn,021,27897,10,6,0,6,0
2020-05-11,Humboldt,023,135768,77,56,0,56,0
2020-05-11,Imperial,025,180216,1174,562,0,562,9
2020-05-11,Inyo,027,18085,19,20,0,20,1
2020-05-11,Kern,029,883053,1702,1331,3,1334,17
2020-05-11,Kings,031,150075,417,289,1,290,1
2020-05-11,Lake,033,64148,12,7,0,7,0
2020-05-11,Lassen,035,31185,4,0,2,2,0
2020-05-11,Los Angeles,037,10098052,40801,32279,18,32297,1553
2020-05-11,Madera,039,155013,129,68,1,69,2
2020-05-11,Marin,041,260295,293,271,1,272,14
2020-05-11,Mariposa,043,17540,15,15,0,15,0
2020-05-11,Mendocino,045,87422,13,10,0,10,0
2020-05-11,Merced,047,269075,261,158,0,158,3
2020-05-11,Modoc,049,8938,0,0,0,0,0
2020-05-11,Mono,051,14174,35,30,0,30,1
2020-05-11,Monterey,053,433212,373,286,1,287,6
2020-05-11,Napa,055,140530,95,79,0,79,2
2020-05-11,Nevada,057,99092,41,41,1,42,1
2020-05-11,Orange,059,3164182,5527,3699,39,3738,77
2020-05-11,Placer,061,380077,191,170,0,170,8
2020-05-11,Plumas,063,18699,4,4,0,4,0
2020-05-11,Riverside,065,2383286,6071,5082,17,5099,203
2020-05-11,Sacramento,067,1510023,1224,1160,0,1160,52
2020-05-11,San Benito,069,59416,60,52,0,52,2
2020-05-11,San Bernardino,071,2135413,3682,2945,3,2948,124
2020-05-11,San Diego,073,3302833,6053,5067,0,5067,175
2020-05-11,San Francisco,075,870044,2163,1974,0,1974,35
2020-05-11,San Joaquin,077,732212,709,620,3,623,30
2020-05-11,San Luis Obispo,079,281455,308,224,3,227,1
2020-05-11,San Mateo,081,765935,1789,1499,2,1501,66
2020-05-11,Santa Barbara,083,443738,1492,1372,8,1380,10
2020-05-11,Santa Clara,085,1922200,2936,2340,10,2350,129
2020-05-11,Santa Cruz,087,273765,162,140,0,140,2
2020-05-11,Shasta,089,179085,47,31,0,31,4
2020-05-11,Sierra,091,2930,0,0,0,0,0
2020-05-11,Siskiyou,093,43540,6,5,0,5,0
2020-05-11,Solano,095,438530,439,354,0,354,4
2020-05-11,Sonoma,097,501317,378,303,0,303,3
2020-05-11,Stanislaus,099,539301,586,507,4,511,14
2020-05-11,Sutter,101,95872,40,32,0,32,2
2020-05-11,Tehama,103,63373,3,1,0,1,1
2020-05-11,Trinity,105,12862,2,1,0,1,0
2020-05-11,Tulare,107,460477,1797,1203,7,1210,49
2020-05-11,Tuolumne,109,53932,3,2,0,2,0
2020-05-11,Ventura,111,848112,1003,698,4,702,19
2020-05-11,Yolo,113,214977,198,174,0,174,20
2020-05-11,Yuba,115,75493,24,18,0,18,1
2020-05-10,Alameda,001,1643700,2465,2047,3,2050,71
2020-05-10,Alpine,003,1148,1,1,0,1,0
2020-05-10,Amador,005,37829,10,8,0,8,0
2020-05-10,Butte,007,227075,32,18,1,19,0
2020-05-10,Calaveras,009,45235,13,13,0,13,0
2020-05-10,Colusa,011,21464,3,3,0,3,0
2020-05-10,Contra Costa,013,1133247,1185,1046,0,1046,31
2020-05-10,Del Norte,015,27424,7,3,0,3,0
2020-05-10,El Dorado,017,186661,76,55,0,55,0
2020-05-10,Fresno,019,978130,1750,894,26,920,8
2020-05-10,Glenn,021,27897,10,6,0,6,0
2020-05-10,Humboldt,023,135768,73,56,0,56,0
2020-05-10,Imperial,025,180216,1079,509,0,509,7
2020-05-10,Inyo,027,18085,19,20,0,20,1
2020-05-10,Kern,029,883053,1651,1300,2,1302,16
2020-05-10,Kings,031,150075,404,266,1,267,1
2020-05-10,Lake,033,64148,12,7,0,7,0
2020-05-10,Lassen,035,31185,4,0,2,2,0
2020-05-10,Los Angeles,037,10098052,39541,31711,18,31729,1514
2020-05-10,Madera,039,155013,127,65,1,66,2
2020-05-10,Marin,041,260295,285,267,1,268,14
2020-05-10,Mariposa,043,17540,15,15,0,15,0
2020-05-10,Mendocino,045,87422,12,10,0,10,0
2020-05-10,Merced,047,269075,246,154,0,154,3
2020-05-10,Modoc,049,8938,0,0,0,0,0
2020-05-10,Mono,051,14174,35,27,0,27,1
2020-05-10,Monterey,053,433212,359,282,1,283,6
2020-05-10,Napa,055,140530,89,79,0,79,2
2020-05-10,Nevada,057,99092,41,41,1,42,1
2020-05-10,Orange,059,3164182,5384,3627,39,3666,76
2020-05-10,Placer,061,380077,190,168,0,168,8
2020-05-10,Plumas,063,18699,4,4,0,4,0
2020-05-10,Riverside,065,2383286,5949,4951,17,4968,193
2020-05-10,Sacramento,067,1510023,1208,1152,0,1152,52
2020-05-10,San Benito,069,59416,60,52,0,52,2
2020-05-10,San Bernardino,071,2135413,3584,2910,3,2913,121
2020-05-10,San Diego,073,3302833,5901,4928,0,4928,175
2020-05-10,San Francisco,075,870044,2145,1953,0,1953,35
2020-05-10,San Joaquin,077,732212,694,611,3,614,29
2020-05-10,San Luis Obispo,079,281455,305,218,3,221,1
2020-05-10,San Mateo,081,765935,1767,1463,2,1465,65
2020-05-10,Santa Barbara,083,443738,1481,1323,8,1331,10
2020-05-10,Santa Clara,085,1922200,2909,2331,10,2341,129
2020-05-10,Santa Cruz,087,273765,161,139,0,139,2
2020-05-10,Shasta,089,179085,47,31,0,31,4
2020-05-10,Sierra,091,2930,0,0,0,0,0
2020-05-10,Siskiyou,093,43540,5,5,0,5,0
2020-05-10,Solano,095,438530,429,322,0,322,4
2020-05-10,Sonoma,097,501317,368,290,0,290,3
2020-05-10,Stanislaus,099,539301,579,498,4,502,14
2020-05-10,Sutter,101,95872,37,31,0,31,2
2020-05-10,Tehama,103,63373,3,1,0,1,1
2020-05-10,Trinity,105,12862,2,1,0,1,0
2020-05-10,Tulare,107,460477,1726,1143,7,1150,47
2020-05-10,Tuolumne,109,53932,3,2,0,2,0
2020-05-10,Ventura,111,848112,945,690,2,692,19
2020-05-10,Yolo,113,214977,198,173,0,173,20
2020-05-10,Yuba,115,75493,23,17,0,17,1
2020-05-09,Alameda,001,1643700,2422,2011,3,2014,71
2020-05-09,Alpine,003,1148,1,1,0,1,0
2020-05-09,Amador,005,37829,9,8,0,8,0
2020-05-09,Butte,007,227075,31,18,1,19,0
2020-05-09,Calaveras,009,45235,13,13,0,13,0
2020-05-09,Colusa,011,21464,3,3,0,3,0
2020-05-09,Contra Costa,013,1133247,1171,1039,0,1039,31
2020-05-09,Del Norte,015,27424,7,3,0,3,0
2020-05-09,El Dorado,017,186661,73,54,0,54,0
2020-05-09,Fresno,019,978130,1712,861,25,886,8
2020-05-09,Glenn,021,27897,9,6,0,6,0
2020-05-09,Humboldt,023,135768,71,55,0,55,0
2020-05-09,Imperial,025,180216,1023,474,0,474,7
2020-05-09,Inyo,027,18085,19,20,0,20,1
2020-05-09,Kern,029,883053,1615,1262,1,1263,15
2020-05-09,Kings,031,150075,399,264,1,265,1
2020-05-09,Lake,033,64148,12,7,0,7,0
2020-05-09,Lassen,035,31185,4,0,2,2,0
2020-05-09,Los Angeles,037,10098052,38919,31268,18,31286,1499
2020-05-09,Madera,039,155013,126,61,1,62,2
2020-05-09,Marin,041,260295,284,261,1,262,14
2020-05-09,Mariposa,043,17540,15,15,0,15,0
2020-05-09,Mendocino,045,87422,12,10,0,10,0
2020-05-09,Merced,047,269075,242,153,0,153,3
2020-05-09,Modoc,049,8938,0,0,0,0,0
2020-05-09,Mono,051,14174,35,27,0,27,1
2020-05-09,Monterey,053,433212,352,273,0,273,6
2020-05-09,Napa,055,140530,88,78,0,78,2
2020-05-09,Nevada,057,99092,41,41,1,42,1
2020-05-09,Orange,059,3164182,5302,3506,38,3544,75
2020-05-09,Placer,061,380077,189,168,0,168,8
2020-05-09,Plumas,063,18699,4,4,0,4,0
2020-05-09,Riverside,065,2383286,5854,4871,17,4888,183
2020-05-09,Sacramento,067,1510023,1204,1150,0,1150,52
2020-05-09,San Benito,069,59416,59,52,0,52,2
2020-05-09,San Bernardino,071,2135413,3528,2825,3,2828,121
2020-05-09,San Diego,073,3302833,5789,4778,0,4778,175
2020-05-09,San Francisco,075,870044,2130,1944,0,1944,34
2020-05-09,San Joaquin,077,732212,685,605,3,608,28
2020-05-09,San Luis Obispo,079,281455,301,213,3,216,1
2020-05-09,San Mateo,081,765935,1748,1453,2,1455,65
2020-05-09,Santa Barbara,083,443738,1473,1245,8,1253,10
2020-05-09,Santa Clara,085,1922200,2895,2317,10,2327,128
2020-05-09,Santa Cruz,087,273765,160,138,0,138,2
2020-05-09,Shasta,089,179085,47,31,0,31,4
2020-05-09,Sierra,091,2930,0,0,0,0,0
2020-05-09,Siskiyou,093,43540,5,5,0,5,0
2020-05-09,Solano,095,438530,423,321,0,321,4
2020-05-09,Sonoma,097,501317,364,288,0,288,3
2020-05-09,Stanislaus,099,539301,571,491,4,495,12
2020-05-09,Sutter,101,95872,37,31,0,31,2
2020-05-09,Tehama,103,63373,2,1,0,1,1
2020-05-09,Trinity,105,12862,2,1,0,1,0
2020-05-09,Tulare,107,460477,1698,1083,7,1090,47
2020-05-09,Tuolumne,109,53932,3,2,0,2,0
2020-05-09,Ventura,111,848112,924,679,2,681,19
2020-05-09,Yolo,113,214977,198,172,0,172,18
2020-05-09,Yuba,115,75493,23,17,0,17,1
2020-05-08,Alameda,001,1643700,2379,1955,3,1958,70
2020-05-08,Alpine,003,1148,1,1,0,1,0
2020-05-08,Amador,005,37829,9,8,0,8,0
2020-05-08,Butte,007,227075,31,18,1,19,0
2020-05-08,Calaveras,009,45235,13,13,0,13,0
2020-05-08,Colusa,011,21464,3,3,0,3,0
2020-05-08,Contra Costa,013,1133247,1159,1024,0,1024,29
2020-05-08,Del Norte,015,27424,7,3,0,3,0
2020-05-08,El Dorado,017,186661,72,54,0,54,0
2020-05-08,Fresno,019,978130,1670,838,23,861,8
2020-05-08,Glenn,021,27897,8,6,0,6,0
2020-05-08,Humboldt,023,135768,68,54,0,54,0
2020-05-08,Imperial,025,180216,978,467,0,467,7
2020-05-08,Inyo,027,18085,19,20,0,20,1
2020-05-08,Kern,029,883053,1584,1214,1,1215,13
2020-05-08,Kings,031,150075,390,236,1,237,1
2020-05-08,Lake,033,64148,12,7,0,7,0
2020-05-08,Lassen,035,31185,4,0,2,2,0
2020-05-08,Los Angeles,037,10098052,38187,30357,18,30375,1447
2020-05-08,Madera,039,155013,123,57,1,58,2
2020-05-08,Marin,041,260295,284,257,1,258,14
2020-05-08,Mariposa,043,17540,15,15,0,15,0
2020-05-08,Mendocino,045,87422,12,10,0,10,0
2020-05-08,Merced,047,269075,241,151,0,151,3
2020-05-08,Modoc,049,8938,0,0,0,0,0
2020-05-08,Mono,051,14174,32,27,0,27,1
2020-05-08,Monterey,053,433212,344,265,0,265,6
2020-05-08,Napa,055,140530,87,78,0,78,2
2020-05-08,Nevada,057,99092,41,41,1,42,1
2020-05-08,Orange,059,3164182,5156,3395,38,3433,72
2020-05-08,Placer,061,380077,187,166,0,166,8
2020-05-08,Plumas,063,18699,4,4,0,4,0
2020-05-08,Riverside,065,2383286,5754,4672,16,4688,181
2020-05-08,Sacramento,067,1510023,1199,1145,0,1145,51
2020-05-08,San Benito,069,59416,59,51,0,51,2
2020-05-08,San Bernardino,071,2135413,3480,2631,3,2634,119
2020-05-08,San Diego,073,3302833,5682,4664,0,4664,169
2020-05-08,San Francisco,075,870044,2112,1890,0,1890,33
2020-05-08,San Joaquin,077,732212,678,595,3,598,28
2020-05-08,San Luis Obispo,079,281455,298,210,3,213,1
2020-05-08,San Mateo,081,765935,1663,1423,2,1425,62
2020-05-08,Santa Barbara,083,443738,1464,1054,6,1060,8
2020-05-08,Santa Clara,085,1922200,2872,2285,10,2295,128
2020-05-08,Santa Cruz,087,273765,156,137,0,137,2
2020-05-08,Shasta,089,179085,47,31,0,31,4
2020-05-08,Sierra,091,2930,0,0,0,0,0
2020-05-08,Siskiyou,093,43540,5,5,0,5,0
2020-05-08,Solano,095,438530,418,314,0,314,4
2020-05-08,Sonoma,097,501317,359,285,0,285,3
2020-05-08,Stanislaus,099,539301,557,487,4,491,12
2020-05-08,Sutter,101,95872,37,30,0,30,2
2020-05-08,Tehama,103,63373,2,1,0,1,1
2020-05-08,Trinity,105,12862,2,0,0,0,0
2020-05-08,Tulare,107,460477,1653,1050,6,1056,43
2020-05-08,Tuolumne,109,53932,3,2,0,2,0
2020-05-08,Ventura,111,848112,906,665,2,667,19
2020-05-08,Yolo,113,214977,197,172,0,172,18
2020-05-08,Yuba,115,75493,22,16,0,16,1
2020-05-07,Alameda,001,1643700,2319,1914,3,1917,68
2020-05-07,Alpine,003,1148,1,1,0,1,0
2020-05-07,Amador,005,37829,9,8,0,8,0
2020-05-07,Butte,007,227075,31,19,1,20,0
2020-05-07,Calaveras,009,45235,13,13,0,13,0
2020-05-07,Colusa,011,21464,3,3,0,3,0
2020-05-07,Contra Costa,013,1133247,1145,1005,0,1005,29
2020-05-07,Del Norte,015,27424,6,3,0,3,0
2020-05-07,El Dorado,017,186661,71,54,0,54,0
2020-05-07,Fresno,019,978130,1584,812,22,834,8
2020-05-07,Glenn,021,27897,8,5,0,5,0
2020-05-07,Humboldt,023,135768,67,54,0,54,0
2020-05-07,Imperial,025,180216,915,442,0,442,6
2020-05-07,Inyo,027,18085,19,20,0,20,1
2020-05-07,Kern,029,883053,1540,1176,1,1177,13
2020-05-07,Kings,031,150075,367,219,1,220,1
2020-05-07,Lake,033,64148,11,7,0,7,0
2020-05-07,Lassen,035,31185,4,0,2,2,0
2020-05-07,Los Angeles,037,10098052,37066,29544,18,29562,1399
2020-05-07,Madera,039,155013,119,54,1,55,2
2020-05-07,Marin,041,260295,277,252,1,253,14
2020-05-07,Mariposa,043,17540,15,15,0,15,0
2020-05-07,Mendocino,045,87422,12,10,0,10,0
2020-05-07,Merced,047,269075,233,146,0,146,3
2020-05-07,Modoc,049,8938,0,0,0,0,0
2020-05-07,Mono,051,14174,32,26,0,26,1
2020-05-07,Monterey,053,433212,336,249,0,249,6
2020-05-07,Napa,055,140530,87,78,0,78,2
2020-05-07,Nevada,057,99092,41,41,1,42,1
2020-05-07,Orange,059,3164182,4971,3283,37,3320,69
2020-05-07,Placer,061,380077,187,165,0,165,8
2020-05-07,Plumas,063,18699,4,4,0,4,0
2020-05-07,Riverside,065,2383286,5638,4608,16,4624,170
2020-05-07,Sacramento,067,1510023,1193,1139,0,1139,50
2020-05-07,San Benito,069,59416,59,50,0,50,2
2020-05-07,San Bernardino,071,2135413,3388,2522,3,2525,115
2020-05-07,San Diego,073,3302833,5525,4431,0,4431,165
2020-05-07,San Francisco,075,870044,2081,1852,0,1852,33
2020-05-07,San Joaquin,077,732212,665,583,3,586,28
2020-05-07,San Luis Obispo,079,281455,287,209,3,212,1
2020-05-07,San Mateo,081,765935,1641,1398,2,1400,58
2020-05-07,Santa Barbara,083,443738,1437,720,5,725,8
2020-05-07,Santa Clara,085,1922200,2834,2281,10,2291,127
2020-05-07,Santa Cruz,087,273765,153,136,0,136,2
2020-05-07,Shasta,089,179085,46,31,0,31,4
2020-05-07,Sierra,091,2930,0,0,0,0,0
2020-05-07,Siskiyou,093,43540,5,5,0,5,0
2020-05-07,Solano,095,438530,412,307,0,307,4
2020-05-07,Sonoma,097,501317,347,282,0,282,3
2020-05-07,Stanislaus,099,539301,548,466,4,470,10
2020-05-07,Sutter,101,95872,37,29,0,29,2
2020-05-07,Tehama,103,63373,2,1,0,1,1
2020-05-07,Trinity,105,12862,2,0,0,0,0
2020-05-07,Tulare,107,460477,1585,1001,6,1007,41
2020-05-07,Tuolumne,109,53932,3,2,0,2,0
2020-05-07,Ventura,111,848112,882,647,1,648,19
2020-05-07,Yolo,113,214977,196,172,0,172,18
2020-05-07,Yuba,115,75493,22,16,0,16,1
2020-05-06,Alameda,001,1643700,2281,1864,3,1867,67
2020-05-06,Alpine,003,1148,1,1,0,1,0
2020-05-06,Amador,005,37829,9,8,0,8,0
2020-05-06,Butte,007,227075,30,19,1,20,0
2020-05-06,Calaveras,009,45235,13,13,0,13,0
2020-05-06,Colusa,011,21464,3,3,0,3,0
2020-05-06,Contra Costa,013,1133247,1124,990,0,990,29
2020-05-06,Del Norte,015,27424,6,3,0,3,0
2020-05-06,El Dorado,017,186661,69,53,0,53,0
2020-05-06,Fresno,019,978130,1521,773,20,793,8
2020-05-06,Glenn,021,27897,8,3,0,3,0
2020-05-06,Humboldt,023,135768,66,54,0,54,0
2020-05-06,Imperial,025,180216,847,399,0,399,6
2020-05-06,Inyo,027,18085,19,20,0,20,1
2020-05-06,Kern,029,883053,1484,1112,1,1113,12
2020-05-06,Kings,031,150075,349,208,1,209,1
2020-05-06,Lake,033,64148,11,7,0,7,0
2020-05-06,Lassen,035,31185,4,0,2,2,0
2020-05-06,Los Angeles,037,10098052,36061,28687,18,28705,1347
2020-05-06,Madera,039,155013,117,55,1,56,2
2020-05-06,Marin,041,260295,270,244,1,245,14
2020-05-06,Mariposa,043,17540,15,14,0,14,0
2020-05-06,Mendocino,045,87422,12,10,0,10,0
2020-05-06,Merced,047,269075,226,140,0,140,3
2020-05-06,Modoc,049,8938,0,0,0,0,0
2020-05-06,Mono,051,14174,32,26,0,26,1
2020-05-06,Monterey,053,433212,328,246,0,246,6
2020-05-06,Napa,055,140530,86,78,0,78,2
2020-05-06,Nevada,057,99092,41,41,1,42,1
2020-05-06,Orange,059,3164182,4787,3156,36,3192,66
2020-05-06,Placer,061,380077,184,164,0,164,8
2020-05-06,Plumas,063,18699,4,4,0,4,0
2020-05-06,Riverside,065,2383286,5494,4535,16,4551,163
2020-05-06,Sacramento,067,1510023,1187,1135,0,1135,49
2020-05-06,San Benito,069,59416,58,50,0,50,2
2020-05-06,San Bernardino,071,2135413,3266,2426,2,2428,110
2020-05-06,San Diego,073,3302833,5392,4321,0,4321,158
2020-05-06,San Francisco,075,870044,2056,1804,0,1804,32
2020-05-06,San Joaquin,077,732212,652,581,3,584,28
2020-05-06,San Luis Obispo,079,281455,284,207,3,210,1
2020-05-06,San Mateo,081,765935,1610,1348,2,1350,57
2020-05-06,Santa Barbara,083,443738,1396,565,4,569,8
2020-05-06,Santa Clara,085,1922200,2817,2270,9,2279,127
2020-05-06,Santa Cruz,087,273765,149,135,0,135,2
2020-05-06,Shasta,089,179085,45,31,0,31,4
2020-05-06,Sierra,091,2930,0,0,0,0,0
2020-05-06,Siskiyou,093,43540,5,5,0,5,0
2020-05-06,Solano,095,438530,402,300,0,300,4
2020-05-06,Sonoma,097,501317,331,269,0,269,3
2020-05-06,Stanislaus,099,539301,532,434,4,438,9
2020-05-06,Sutter,101,95872,37,29,0,29,2
2020-05-06,Tehama,103,63373,2,1,0,1,1
2020-05-06,Trinity,105,12862,2,0,0,0,0
2020-05-06,Tulare,107,460477,1537,963,6,969,40
2020-05-06,Tuolumne,109,53932,3,2,0,2,0
2020-05-06,Ventura,111,848112,855,619,1,620,19
2020-05-06,Yolo,113,214977,195,172,0,172,18
2020-05-06,Yuba,115,75493,22,15,0,15,1
2020-05-05,Alameda,001,1643700,2238,1819,3,1822,67
2020-05-05,Alpine,003,1148,1,1,0,1,0
2020-05-05,Amador,005,37829,9,8,0,8,0
2020-05-05,Butte,007,227075,29,19,1,20,0
2020-05-05,Calaveras,009,45235,13,13,0,13,0
2020-05-05,Colusa,011,21464,3,3,0,3,0
2020-05-05,Contra Costa,013,1133247,1106,976,0,976,29
2020-05-05,Del Norte,015,27424,6,3,0,3,0
2020-05-05,El Dorado,017,186661,67,54,0,54,0
2020-05-05,Fresno,019,978130,1448,726,18,744,8
2020-05-05,Glenn,021,27897,8,3,0,3,0
2020-05-05,Humboldt,023,135768,63,54,0,54,0
2020-05-05,Imperial,025,180216,792,389,0,389,6
2020-05-05,Inyo,027,18085,19,20,0,20,1
2020-05-05,Kern,029,883053,1432,1084,1,1085,11
2020-05-05,Kings,031,150075,331,187,1,188,1
2020-05-05,Lake,033,64148,10,7,0,7,0
2020-05-05,Lassen,035,31185,4,0,2,2,0
2020-05-05,Los Angeles,037,10098052,34989,27867,18,27885,1289
2020-05-05,Madera,039,155013,113,53,1,54,2
2020-05-05,Marin,041,260295,264,244,1,245,14
2020-05-05,Mariposa,043,17540,15,14,0,14,0
2020-05-05,Mendocino,045,87422,12,10,0,10,0
2020-05-05,Merced,047,269075,221,141,0,141,3
2020-05-05,Modoc,049,8938,0,0,0,0,0
2020-05-05,Mono,051,14174,32,25,0,25,1
2020-05-05,Monterey,053,433212,314,240,0,240,6
2020-05-05,Napa,055,140530,86,74,0,74,2
2020-05-05,Nevada,057,99092,41,41,1,42,1
2020-05-05,Orange,059,3164182,4663,3041,36,3077,63
2020-05-05,Placer,061,380077,184,162,0,162,8
2020-05-05,Plumas,063,18699,4,4,0,4,0
2020-05-05,Riverside,065,2383286,5384,4309,16,4325,161
2020-05-05,Sacramento,067,1510023,1180,1125,0,1125,48
2020-05-05,San Benito,069,59416,57,50,0,50,2
2020-05-05,San Bernardino,071,2135413,3173,2345,2,2347,104
2020-05-05,San Diego,073,3302833,5249,4162,0,4162,150
2020-05-05,San Francisco,075,870044,2021,1779,0,1779,31
2020-05-05,San Joaquin,077,732212,643,577,3,580,26
2020-05-05,San Luis Obispo,079,281455,282,203,3,206,1
2020-05-05,San Mateo,081,765935,1578,1335,2,1337,56
2020-05-05,Santa Barbara,083,443738,1175,541,4,545,7
2020-05-05,Santa Clara,085,1922200,2771,2249,8,2257,124
2020-05-05,Santa Cruz,087,273765,146,134,0,134,2
2020-05-05,Shasta,089,179085,44,31,0,31,4
2020-05-05,Sierra,091,2930,0,0,0,0,0
2020-05-05,Siskiyou,093,43540,5,5,0,5,0
2020-05-05,Solano,095,438530,386,299,0,299,4
2020-05-05,Sonoma,097,501317,328,263,0,263,3
2020-05-05,Stanislaus,099,539301,520,430,4,434,9
2020-05-05,Sutter,101,95872,36,29,0,29,2
2020-05-05,Tehama,103,63373,2,1,0,1,1
2020-05-05,Trinity,105,12862,2,0,0,0,0
2020-05-05,Tulare,107,460477,1439,869,6,875,40
2020-05-05,Tuolumne,109,53932,3,2,0,2,0
2020-05-05,Ventura,111,848112,831,607,1,608,19
2020-05-05,Yolo,113,214977,193,171,0,171,18
2020-05-05,Yuba,115,75493,22,15,0,15,1
2020-05-04,Alameda,001,1643700,2179,1762,3,1765,65
2020-05-04,Alpine,003,1148,1,1,0,1,0
2020-05-04,Amador,005,37829,8,8,0,8,0
2020-05-04,Butte,007,227075,28,16,1,17,0
2020-05-04,Calaveras,009,45235,13,13,0,13,0
2020-05-04,Colusa,011,21464,3,3,0,3,0
2020-05-04,Contra Costa,013,1133247,1088,949,0,949,28
2020-05-04,Del Norte,015,27424,5,3,0,3,0
2020-05-04,El Dorado,017,186661,66,51,0,51,0
2020-05-04,Fresno,019,978130,1378,680,17,697,8
2020-05-04,Glenn,021,27897,8,4,0,4,0
2020-05-04,Humboldt,023,135768,61,54,0,54,0
2020-05-04,Imperial,025,180216,740,351,0,351,6
2020-05-04,Inyo,027,18085,19,20,0,20,1
2020-05-04,Kern,029,883053,1390,1047,1,1048,8
2020-05-04,Kings,031,150075,314,153,1,154,1
2020-05-04,Lake,033,64148,9,7,0,7,0
2020-05-04,Lassen,035,31185,3,0,2,2,0
2020-05-04,Los Angeles,037,10098052,33692,26243,16,26259,1235
2020-05-04,Madera,039,155013,110,52,1,53,2
2020-05-04,Marin,041,260295,259,244,1,245,13
2020-05-04,Mariposa,043,17540,15,13,0,13,0
2020-05-04,Mendocino,045,87422,12,10,0,10,0
2020-05-04,Merced,047,269075,221,138,0,138,3
2020-05-04,Modoc,049,8938,0,0,0,0,0
2020-05-04,Mono,051,14174,32,25,0,25,1
2020-05-04,Monterey,053,433212,303,237,0,237,6
2020-05-04,Napa,055,140530,86,72,0,72,2
2020-05-04,Nevada,057,99092,41,41,1,42,1
2020-05-04,Orange,059,3164182,4525,2931,33,2964,57
2020-05-04,Placer,061,380077,182,162,0,162,8
2020-05-04,Plumas,063,18699,4,4,0,4,0
2020-05-04,Riverside,065,2383286,5290,4221,16,4237,147
2020-05-04,Sacramento,067,1510023,1170,1119,0,1119,44
2020-05-04,San Benito,069,59416,55,49,0,49,2
2020-05-04,San Bernardino,071,2135413,3033,2184,2,2186,99
2020-05-04,San Diego,073,3302833,5108,4022,0,4022,144
2020-05-04,San Francisco,075,870044,1983,1760,0,1760,31
2020-05-04,San Joaquin,077,732212,629,574,3,577,26
2020-05-04,San Luis Obispo,079,281455,279,202,3,205,1
2020-05-04,San Mateo,081,765935,1553,1313,2,1315,53
2020-05-04,Santa Barbara,083,443738,927,524,4,528,7
2020-05-04,Santa Clara,085,1922200,2756,2238,8,2246,119
2020-05-04,Santa Cruz,087,273765,145,133,0,133,2
2020-05-04,Shasta,089,179085,42,31,0,31,4
2020-05-04,Sierra,091,2930,0,0,0,0,0
2020-05-04,Siskiyou,093,43540,5,5,0,5,0
2020-05-04,Solano,095,438530,372,293,0,293,4
2020-05-04,Sonoma,097,501317,314,256,0,256,4
2020-05-04,Stanislaus,099,539301,514,422,4,426,8
2020-05-04,Sutter,101,95872,33,28,0,28,2
2020-05-04,Tehama,103,63373,2,1,0,1,1
2020-05-04,Trinity,105,12862,1,0,0,0,0
2020-05-04,Tulare,107,460477,1360,760,6,766,40
2020-05-04,Tuolumne,109,53932,3,3,0,3,0
2020-05-04,Ventura,111,848112,810,590,1,591,19
2020-05-04,Yolo,113,214977,192,171,0,171,18
2020-05-04,Yuba,115,75493,19,16,0,16,1
2020-05-03,Alameda,001,1643700,2122,1731,3,1734,64
2020-05-03,Alpine,003,1148,1,1,0,1,0
2020-05-03,Amador,005,37829,8,8,0,8,0
2020-05-03,Butte,007,227075,28,17,1,18,0
2020-05-03,Calaveras,009,45235,13,13,0,13,0
2020-05-03,Colusa,011,21464,3,3,0,3,0
2020-05-03,Contra Costa,013,1133247,1072,945,0,945,28
2020-05-03,Del Norte,015,27424,5,3,0,3,0
2020-05-03,El Dorado,017,186661,64,49,0,49,0
2020-05-03,Fresno,019,978130,1286,646,15,661,8
2020-05-03,Glenn,021,27897,7,5,0,5,0
2020-05-03,Humboldt,023,135768,60,54,0,54,0
2020-05-03,Imperial,025,180216,684,351,0,351,6
2020-05-03,Inyo,027,18085,19,20,0,20,1
2020-05-03,Kern,029,883053,1335,1025,1,1026,8
2020-05-03,Kings,031,150075,294,137,1,138,1
2020-05-03,Lake,033,64148,9,7,0,7,0
2020-05-03,Lassen,035,31185,3,0,2,2,0
2020-05-03,Los Angeles,037,10098052,32707,25708,16,25724,1210
2020-05-03,Madera,039,155013,103,46,1,47,2
2020-05-03,Marin,041,260295,254,243,1,244,13
2020-05-03,Mariposa,043,17540,15,13,0,13,0
2020-05-03,Mendocino,045,87422,12,10,0,10,0
2020-05-03,Merced,047,269075,213,134,0,134,3
2020-05-03,Modoc,049,8938,0,0,0,0,0
2020-05-03,Mono,051,14174,32,25,0,25,1
2020-05-03,Monterey,053,433212,294,235,0,235,6
2020-05-03,Napa,055,140530,86,72,0,72,2
2020-05-03,Nevada,057,99092,41,41,1,42,1
2020-05-03,Orange,059,3164182,4351,2859,32,2891,55
2020-05-03,Placer,061,380077,182,161,0,161,8
2020-05-03,Plumas,063,18699,4,4,0,4,0
2020-05-03,Riverside,065,2383286,5185,4034,16,4050,139
2020-05-03,Sacramento,067,1510023,1161,1109,0,1109,43
2020-05-03,San Benito,069,59416,55,49,0,49,2
2020-05-03,San Bernardino,071,2135413,2972,2123,2,2125,99
2020-05-03,San Diego,073,3302833,4970,3929,0,3929,142
2020-05-03,San Francisco,075,870044,1954,1692,0,1692,30
2020-05-03,San Joaquin,077,732212,622,570,3,573,26
2020-05-03,San Luis Obispo,079,281455,276,200,3,203,1
2020-05-03,San Mateo,081,765935,1525,1277,2,1279,53
2020-05-03,Santa Barbara,083,443738,568,512,4,516,7
2020-05-03,Santa Clara,085,1922200,2719,2235,8,2243,116
2020-05-03,Santa Cruz,087,273765,145,133,0,133,2
2020-05-03,Shasta,089,179085,40,31,0,31,4
2020-05-03,Sierra,091,2930,0,0,0,0,0
2020-05-03,Siskiyou,093,43540,5,5,0,5,0
2020-05-03,Solano,095,438530,362,266,0,266,4
2020-05-03,Sonoma,097,501317,305,254,0,254,4
2020-05-03,Stanislaus,099,539301,486,411,4,415,8
2020-05-03,Sutter,101,95872,31,28,0,28,2
2020-05-03,Tehama,103,63373,2,1,0,1,1
2020-05-03,Trinity,105,12862,1,0,0,0,0
2020-05-03,Tulare,107,460477,1281,736,6,742,40
2020-05-03,Tuolumne,109,53932,3,3,0,3,0
2020-05-03,Ventura,111,848112,776,583,1,584,19
2020-05-03,Yolo,113,214977,191,171,0,171,18
2020-05-03,Yuba,115,75493,19,16,0,16,1
2020-05-02,Alameda,001,1643700,2085,1678,3,1681,63
2020-05-02,Alpine,003,1148,1,1,0,1,0
2020-05-02,Amador,005,37829,8,8,0,8,0
2020-05-02,Butte,007,227075,28,17,1,18,0
2020-05-02,Calaveras,009,45235,13,13,0,13,0
2020-05-02,Colusa,011,21464,3,3,0,3,0
2020-05-02,Contra Costa,013,1133247,1054,929,0,929,28
2020-05-02,Del Norte,015,27424,5,3,0,3,0
2020-05-02,El Dorado,017,186661,64,47,0,47,0
2020-05-02,Fresno,019,978130,1260,629,14,643,8
2020-05-02,Glenn,021,27897,7,5,0,5,0
2020-05-02,Humboldt,023,135768,60,54,0,54,0
2020-05-02,Imperial,025,180216,657,345,0,345,6
2020-05-02,Inyo,027,18085,19,20,0,20,1
2020-05-02,Kern,029,883053,1309,1007,1,1008,8
2020-05-02,Kings,031,150075,291,120,1,121,1
2020-05-02,Lake,033,64148,9,7,0,7,0
2020-05-02,Lassen,035,31185,3,0,2,2,0
2020-05-02,Los Angeles,037,10098052,32177,24955,16,24971,1192
2020-05-02,Madera,039,155013,103,46,1,47,2
2020-05-02,Marin,041,260295,253,243,1,244,13
2020-05-02,Mariposa,043,17540,15,13,0,13,0
2020-05-02,Mendocino,045,87422,12,10,0,10,0
2020-05-02,Merced,047,269075,210,131,0,131,3
2020-05-02,Modoc,049,8938,0,0,0,0,0
2020-05-02,Mono,051,14174,32,25,0,25,1
2020-05-02,Monterey,053,433212,288,225,0,225,5
2020-05-02,Napa,055,140530,86,71,0,71,2
2020-05-02,Nevada,057,99092,41,41,1,42,1
2020-05-02,Orange,059,3164182,4237,2774,32,2806,52
2020-05-02,Placer,061,380077,180,150,0,150,8
2020-05-02,Plumas,063,18699,4,4,0,4,0
2020-05-02,Riverside,065,2383286,5119,3997,16,4013,137
2020-05-02,Sacramento,067,1510023,1158,1097,0,1097,43
2020-05-02,San Benito,069,59416,55,49,0,49,2
2020-05-02,San Bernardino,071,2135413,2933,2124,2,2126,99
2020-05-02,San Diego,073,3302833,4868,3844,0,3844,138
2020-05-02,San Francisco,075,870044,1931,1632,0,1632,29
2020-05-02,San Joaquin,077,732212,614,559,3,562,25
2020-05-02,San Luis Obispo,079,281455,270,193,3,196,1
2020-05-02,San Mateo,081,765935,1509,1272,2,1274,52
2020-05-02,Santa Barbara,083,443738,560,506,4,510,7
2020-05-02,Santa Clara,085,1922200,2709,2203,8,2211,115
2020-05-02,Santa Cruz,087,273765,144,131,0,131,2
2020-05-02,Shasta,089,179085,40,31,0,31,4
2020-05-02,Sierra,091,2930,0,0,0,0,0
2020-05-02,Siskiyou,093,43540,5,5,0,5,0
2020-05-02,Solano,095,438530,355,267,0,267,4
2020-05-02,Sonoma,097,501317,302,250,0,250,3
2020-05-02,Stanislaus,099,539301,478,388,4,392,8
2020-05-02,Sutter,101,95872,31,28,0,28,2
2020-05-02,Tehama,103,63373,2,1,0,1,1
2020-05-02,Trinity,105,12862,1,0,0,0,0
2020-05-02,Tulare,107,460477,1238,711,6,717,35
2020-05-02,Tuolumne,109,53932,3,3,0,3,0
2020-05-02,Ventura,111,848112,762,564,1,565,19
2020-05-02,Yolo,113,214977,191,169,0,169,17
2020-05-02,Yuba,115,75493,19,16,0,16,1
2020-05-01,Alameda,001,1643700,2048,1630,3,1633,63
2020-05-01,Alpine,003,1148,1,1,0,1,0
2020-05-01,Amador,005,37829,8,8,0,8,0
2020-05-01,Butte,007,227075,28,17,1,18,0
2020-05-01,Calaveras,009,45235,13,13,0,13,0
2020-05-01,Colusa,011,21464,3,3,0,3,0
2020-05-01,Contra Costa,013,1133247,1040,915,0,915,28
2020-05-01,Del Norte,015,27424,5,3,0,3,0
2020-05-01,El Dorado,017,186661,64,47,0,47,0
2020-05-01,Fresno,019,978130,1229,617,14,631,7
2020-05-01,Glenn,021,27897,7,4,0,4,0
2020-05-01,Humboldt,023,135768,60,54,0,54,0
2020-05-01,Imperial,025,180216,620,337,0,337,6
2020-05-01,Inyo,027,18085,19,20,0,20,1
2020-05-01,Kern,029,883053,1282,972,1,973,8
2020-05-01,Kings,031,150075,274,112,1,113,1
2020-05-01,Lake,033,64148,9,6,0,6,0
2020-05-01,Lassen,035,31185,3,0,2,2,0
2020-05-01,Los Angeles,037,10098052,31421,24306,16,24322,1155
2020-05-01,Madera,039,155013,99,46,1,47,2
2020-05-01,Marin,041,260295,253,242,1,243,13
2020-05-01,Mariposa,043,17540,15,10,0,10,0
2020-05-01,Mendocino,045,87422,12,11,0,11,0
2020-05-01,Merced,047,269075,207,131,0,131,3
2020-05-01,Modoc,049,8938,0,0,0,0,0
2020-05-01,Mono,051,14174,32,25,0,25,1
2020-05-01,Monterey,053,433212,284,222,0,222,5
2020-05-01,Napa,055,140530,86,69,0,69,2
2020-05-01,Nevada,057,99092,41,41,1,42,1
2020-05-01,Orange,059,3164182,4160,2660,30,2690,51
2020-05-01,Placer,061,380077,179,149,0,149,8
2020-05-01,Plumas,063,18699,4,4,0,4,0
2020-05-01,Riverside,065,2383286,5055,3893,16,3909,132
2020-05-01,Sacramento,067,1510023,1153,1081,0,1081,43
2020-05-01,San Benito,069,59416,55,49,0,49,2
2020-05-01,San Bernardino,071,2135413,2878,2084,2,2086,98
2020-05-01,San Diego,073,3302833,4777,3713,0,3713,134
2020-05-01,San Francisco,075,870044,1887,1552,0,1552,29
2020-05-01,San Joaquin,077,732212,610,554,3,557,25
2020-05-01,San Luis Obispo,079,281455,267,186,3,189,1
2020-05-01,San Mateo,081,765935,1487,1222,2,1224,52
2020-05-01,Santa Barbara,083,443738,554,499,3,502,7
2020-05-01,Santa Clara,085,1922200,2697,2176,8,2184,112
2020-05-01,Santa Cruz,087,273765,144,127,0,127,2
2020-05-01,Shasta,089,179085,40,31,0,31,4
2020-05-01,Sierra,091,2930,0,0,0,0,0
2020-05-01,Siskiyou,093,43540,5,5,0,5,0
2020-05-01,Solano,095,438530,347,266,0,266,4
2020-05-01,Sonoma,097,501317,299,242,0,242,3
2020-05-01,Stanislaus,099,539301,473,384,4,388,8
2020-05-01,Sutter,101,95872,31,28,0,28,2
2020-05-01,Tehama,103,63373,2,1,0,1,1
2020-05-01,Trinity,105,12862,1,0,0,0,0
2020-05-01,Tulare,107,460477,1194,685,6,691,32
2020-05-01,Tuolumne,109,53932,3,3,0,3,0
2020-05-01,Ventura,111,848112,749,556,1,557,18
2020-05-01,Yolo,113,214977,191,165,0,165,18
2020-05-01,Yuba,115,75493,19,16,0,16,1
2020-04-30,Alameda,001,1643700,1988,1599,3,1602,60
2020-04-30,Alpine,003,1148,1,1,0,1,0
2020-04-30,Amador,005,37829,8,8,0,8,0
2020-04-30,Butte,007,227075,28,16,1,17,0
2020-04-30,Calaveras,009,45235,13,13,0,13,0
2020-04-30,Colusa,011,21464,3,3,0,3,0
2020-04-30,Contra Costa,013,1133247,1018,900,0,900,25
2020-04-30,Del Norte,015,27424,4,3,0,3,0
2020-04-30,El Dorado,017,186661,64,44,0,44,0
2020-04-30,Fresno,019,978130,1163,562,11,573,7
2020-04-30,Glenn,021,27897,7,4,0,4,0
2020-04-30,Humboldt,023,135768,60,54,0,54,0
2020-04-30,Imperial,025,180216,574,322,0,322,6
2020-04-30,Inyo,027,18085,19,20,0,20,1
2020-04-30,Kern,029,883053,1250,941,1,942,8
2020-04-30,Kings,031,150075,262,87,1,88,1
2020-04-30,Lake,033,64148,9,6,0,6,0
2020-04-30,Lassen,035,31185,3,0,2,2,0
2020-04-30,Los Angeles,037,10098052,30413,23284,16,23300,1099
2020-04-30,Madera,039,155013,88,46,1,47,2
2020-04-30,Marin,041,260295,253,240,1,241,13
2020-04-30,Mariposa,043,17540,15,3,0,3,0
2020-04-30,Mendocino,045,87422,12,11,0,11,0
2020-04-30,Merced,047,269075,200,122,0,122,3
2020-04-30,Modoc,049,8938,0,0,0,0,0
2020-04-30,Mono,051,14174,31,25,0,25,1
2020-04-30,Monterey,053,433212,274,213,0,213,5
2020-04-30,Napa,055,140530,84,69,0,69,2
2020-04-30,Nevada,057,99092,41,41,1,42,1
2020-04-30,Orange,059,3164182,3937,2591,27,2618,46
2020-04-30,Placer,061,380077,178,148,0,148,8
2020-04-30,Plumas,063,18699,4,4,0,4,0
2020-04-30,Riverside,065,2383286,4955,3820,15,3835,124
2020-04-30,Sacramento,067,1510023,1147,1071,0,1071,43
2020-04-30,San Benito,069,59416,55,48,0,48,2
2020-04-30,San Bernardino,071,2135413,2676,2020,2,2022,96
2020-04-30,San Diego,073,3302833,4606,3566,0,3566,124
2020-04-30,San Francisco,075,870044,1853,1518,0,1518,26
2020-04-30,San Joaquin,077,732212,602,548,3,551,25
2020-04-30,San Luis Obispo,079,281455,264,182,3,185,1
2020-04-30,San Mateo,081,765935,1457,1194,2,1196,52
2020-04-30,Santa Barbara,083,443738,542,490,3,493,7
2020-04-30,Santa Clara,085,1922200,2657,2172,8,2180,111
2020-04-30,Santa Cruz,087,273765,143,126,0,126,2
2020-04-30,Shasta,089,179085,39,31,0,31,4
2020-04-30,Sierra,091,2930,0,0,0,0,0
2020-04-30,Siskiyou,093,43540,5,5,0,5,0
2020-04-30,Solano,095,438530,337,262,0,262,4
2020-04-30,Sonoma,097,501317,290,233,0,233,3
2020-04-30,Stanislaus,099,539301,466,378,4,382,7
2020-04-30,Sutter,101,95872,31,28,0,28,2
2020-04-30,Tehama,103,63373,1,1,0,1,1
2020-04-30,Trinity,105,12862,1,0,0,0,0
2020-04-30,Tulare,107,460477,1128,637,6,643,31
2020-04-30,Tuolumne,109,53932,3,3,0,3,0
2020-04-30,Ventura,111,848112,721,547,1,548,18
2020-04-30,Yolo,113,214977,190,164,0,164,16
2020-04-30,Yuba,115,75493,19,15,0,15,1
2020-04-29,Alameda,001,1643700,1930,1564,2,1566,60
2020-04-29,Alpine,003,1148,1,1,0,1,0
2020-04-29,Amador,005,37829,8,8,0,8,0
2020-04-29,Butte,007,227075,28,16,1,17,0
2020-04-29,Calaveras,009,45235,13,13,0,13,0
2020-04-29,Colusa,011,21464,3,3,0,3,0
2020-04-29,Contra Costa,013,1133247,999,885,0,885,25
2020-04-29,Del Norte,015,27424,4,3,0,3,0
2020-04-29,El Dorado,017,186661,62,44,0,44,0
2020-04-29,Fresno,019,978130,1111,544,11,555,7
2020-04-29,Glenn,021,27897,7,4,0,4,0
2020-04-29,Humboldt,023,135768,60,53,0,53,0
2020-04-29,Imperial,025,180216,544,300,0,300,6
2020-04-29,Inyo,027,18085,19,20,0,20,1
2020-04-29,Kern,029,883053,1207,910,1,911,6
2020-04-29,Kings,031,150075,243,80,1,81,1
2020-04-29,Lake,033,64148,9,6,0,6,0
2020-04-29,Lassen,035,31185,3,0,2,2,0
2020-04-29,Los Angeles,037,10098052,29435,22560,15,22575,1043
2020-04-29,Madera,039,155013,86,45,1,46,2
2020-04-29,Marin,041,260295,250,234,1,235,13
2020-04-29,Mariposa,043,17540,15,1,0,1,0
2020-04-29,Mendocino,045,87422,12,11,0,11,0
2020-04-29,Merced,047,269075,193,116,0,116,3
2020-04-29,Modoc,049,8938,0,0,0,0,0
2020-04-29,Mono,051,14174,31,25,0,25,1
2020-04-29,Monterey,053,433212,266,204,0,204,5
2020-04-29,Napa,055,140530,82,68,0,68,2
2020-04-29,Nevada,057,99092,41,41,1,42,1
2020-04-29,Orange,059,3164182,3801,2421,26,2447,43
2020-04-29,Placer,061,380077,176,145,0,145,8
2020-04-29,Plumas,063,18699,4,4,0,4,0
2020-04-29,Riverside,065,2383286,4878,3700,15,3715,116
2020-04-29,Sacramento,067,1510023,1125,1055,0,1055,41
2020-04-29,San Benito,069,59416,55,48,0,48,2
2020-04-29,San Bernardino,071,2135413,2589,1975,1,1976,91
2020-04-29,San Diego,073,3302833,4464,3434,0,3434,120
2020-04-29,San Francisco,075,870044,1825,1489,0,1489,23
2020-04-29,San Joaquin,077,732212,594,540,3,543,25
2020-04-29,San Luis Obispo,079,281455,262,181,3,184,1
2020-04-29,San Mateo,081,765935,1431,1170,2,1172,50
2020-04-29,Santa Barbara,083,443738,529,477,3,480,7
2020-04-29,Santa Clara,085,1922200,2630,2147,8,2155,108
2020-04-29,Santa Cruz,087,273765,142,124,0,124,2
2020-04-29,Shasta,089,179085,38,31,0,31,4
2020-04-29,Sierra,091,2930,0,0,0,0,0
2020-04-29,Siskiyou,093,43540,5,5,0,5,0
2020-04-29,Solano,095,438530,313,252,0,252,3
2020-04-29,Sonoma,097,501317,282,230,0,230,2
2020-04-29,Stanislaus,099,539301,453,374,4,378,5
2020-04-29,Sutter,101,95872,31,28,0,28,2
2020-04-29,Tehama,103,63373,1,1,0,1,1
2020-04-29,Trinity,105,12862,1,0,0,0,0
2020-04-29,Tulare,107,460477,1055,615,5,620,30
2020-04-29,Tuolumne,109,53932,3,4,0,4,0
2020-04-29,Ventura,111,848112,697,530,1,531,18
2020-04-29,Yolo,113,214977,187,161,0,161,11
2020-04-29,Yuba,115,75493,19,15,0,15,1
2020-04-28,Alameda,001,1643700,1873,1525,2,1527,55
2020-04-28,Alpine,003,1148,1,1,0,1,0
2020-04-28,Amador,005,37829,8,8,0,8,0
2020-04-28,Butte,007,227075,28,16,1,17,0
2020-04-28,Calaveras,009,45235,13,13,0,13,0
2020-04-28,Colusa,011,21464,3,3,0,3,0
2020-04-28,Contra Costa,013,1133247,992,866,0,866,25
2020-04-28,Del Norte,015,27424,4,3,0,3,0
2020-04-28,El Dorado,017,186661,61,43,0,43,0
2020-04-28,Fresno,019,978130,1060,525,9,534,7
2020-04-28,Glenn,021,27897,5,4,0,4,0
2020-04-28,Humboldt,023,135768,59,53,0,53,0
2020-04-28,Imperial,025,180216,510,295,0,295,6
2020-04-28,Inyo,027,18085,19,20,0,20,1
2020-04-28,Kern,029,883053,1164,882,1,883,5
2020-04-28,Kings,031,150075,230,57,1,58,1
2020-04-28,Lake,033,64148,9,6,0,6,0
2020-04-28,Lassen,035,31185,3,0,2,2,0
2020-04-28,Los Angeles,037,10098052,28370,21029,15,21044,984
2020-04-28,Madera,039,155013,86,44,1,45,2
2020-04-28,Marin,041,260295,249,228,1,229,12
2020-04-28,Mariposa,043,17540,15,0,0,0,0
2020-04-28,Mendocino,045,87422,12,10,0,10,0
2020-04-28,Merced,047,269075,186,108,0,108,3
2020-04-28,Modoc,049,8938,0,0,0,0,0
2020-04-28,Mono,051,14174,31,25,0,25,1
2020-04-28,Monterey,053,433212,260,191,0,191,5
2020-04-28,Napa,055,140530,81,67,0,67,2
2020-04-28,Nevada,057,99092,41,41,1,42,1
2020-04-28,Orange,059,3164182,3637,2324,25,2349,42
2020-04-28,Placer,061,380077,166,143,0,143,8
2020-04-28,Plumas,063,18699,4,4,0,4,0
2020-04-28,Riverside,065,2383286,4783,3504,15,3519,113
2020-04-28,Sacramento,067,1510023,1110,1044,0,1044,41
2020-04-28,San Benito,069,59416,53,46,0,46,2
2020-04-28,San Bernardino,071,2135413,2512,1891,1,1892,89
2020-04-28,San Diego,073,3302833,4334,3316,0,3316,118
2020-04-28,San Francisco,075,870044,1790,1471,0,1471,23
2020-04-28,San Joaquin,077,732212,588,532,3,535,25
2020-04-28,San Luis Obispo,079,281455,255,172,3,175,1
2020-04-28,San Mateo,081,765935,1418,1129,2,1131,48
2020-04-28,Santa Barbara,083,443738,524,469,2,471,7
2020-04-28,Santa Clara,085,1922200,2596,2130,8,2138,106
2020-04-28,Santa Cruz,087,273765,142,123,0,123,2
2020-04-28,Shasta,089,179085,38,29,0,29,4
2020-04-28,Sierra,091,2930,0,0,0,0,0
2020-04-28,Siskiyou,093,43540,5,5,0,5,0
2020-04-28,Solano,095,438530,294,246,0,246,3
2020-04-28,Sonoma,097,501317,279,226,0,226,1
2020-04-28,Stanislaus,099,539301,437,330,4,334,5
2020-04-28,Sutter,101,95872,31,25,0,25,2
2020-04-28,Tehama,103,63373,1,1,0,1,1
2020-04-28,Trinity,105,12862,1,0,0,0,0
2020-04-28,Tulare,107,460477,959,579,5,584,30
2020-04-28,Tuolumne,109,53932,3,4,0,4,0
2020-04-28,Ventura,111,848112,677,517,1,518,17
2020-04-28,Yolo,113,214977,187,160,0,160,10
2020-04-28,Yuba,115,75493,19,15,0,15,1
2020-04-27,Alameda,001,1643700,1813,1494,2,1496,53
2020-04-27,Alpine,003,1148,1,1,0,1,0
2020-04-27,Amador,005,37829,8,8,0,8,0
2020-04-27,Butte,007,227075,27,16,1,17,0
2020-04-27,Calaveras,009,45235,13,13,0,13,0
2020-04-27,Colusa,011,21464,3,3,0,3,0
2020-04-27,Contra Costa,013,1133247,980,843,0,843,25
2020-04-27,Del Norte,015,27424,4,3,0,3,0
2020-04-27,El Dorado,017,186661,60,43,0,43,0
2020-04-27,Fresno,019,978130,957,504,8,512,7
2020-04-27,Glenn,021,27897,5,4,0,4,0
2020-04-27,Humboldt,023,135768,59,52,0,52,0
2020-04-27,Imperial,025,180216,480,290,0,290,6
2020-04-27,Inyo,027,18085,19,20,0,20,1
2020-04-27,Kern,029,883053,1125,865,1,866,4
2020-04-27,Kings,031,150075,207,48,1,49,1
2020-04-27,Lake,033,64148,8,6,0,6,0
2020-04-27,Lassen,035,31185,3,0,2,2,0
2020-04-27,Los Angeles,037,10098052,27354,20456,15,20471,931
2020-04-27,Madera,039,155013,84,42,1,43,2
2020-04-27,Marin,041,260295,244,227,1,228,12
2020-04-27,Mariposa,043,17540,14,0,0,0,0
2020-04-27,Mendocino,045,87422,12,10,0,10,0
2020-04-27,Merced,047,269075,183,108,0,108,3
2020-04-27,Modoc,049,8938,0,0,0,0,0
2020-04-27,Mono,051,14174,31,23,0,23,1
2020-04-27,Monterey,053,433212,253,185,0,185,4
2020-04-27,Napa,055,140530,77,64,0,64,2
2020-04-27,Nevada,057,99092,41,39,1,40,1
2020-04-27,Orange,059,3164182,3468,2198,25,2223,42
2020-04-27,Placer,061,380077,166,142,0,142,8
2020-04-27,Plumas,063,18699,4,4,0,4,0
2020-04-27,Riverside,065,2383286,4660,3381,15,3396,100
2020-04-27,Sacramento,067,1510023,1095,1035,0,1035,41
2020-04-27,San Benito,069,59416,51,45,0,45,2
2020-04-27,San Bernardino,071,2135413,2398,1742,1,1743,82
2020-04-27,San Diego,073,3302833,4208,3143,0,3143,113
2020-04-27,San Francisco,075,870044,1736,1453,0,1453,23
2020-04-27,San Joaquin,077,732212,582,522,3,525,25
2020-04-27,San Luis Obispo,079,281455,247,166,3,169,1
2020-04-27,San Mateo,081,765935,1396,1092,2,1094,46
2020-04-27,Santa Barbara,083,443738,516,466,2,468,7
2020-04-27,Santa Clara,085,1922200,2571,2104,7,2111,105
2020-04-27,Santa Cruz,087,273765,142,123,0,123,2
2020-04-27,Shasta,089,179085,38,29,0,29,4
2020-04-27,Sierra,091,2930,0,0,0,0,0
2020-04-27,Siskiyou,093,43540,5,5,0,5,0
2020-04-27,Solano,095,438530,294,222,0,222,3
2020-04-27,Sonoma,097,501317,270,220,0,220,1
2020-04-27,Stanislaus,099,539301,421,316,4,320,5
2020-04-27,Sutter,101,95872,29,26,0,26,2
2020-04-27,Tehama,103,63373,1,1,0,1,1
2020-04-27,Trinity,105,12862,1,0,0,0,0
2020-04-27,Tulare,107,460477,888,535,5,540,28
2020-04-27,Tuolumne,109,53932,3,3,0,3,0
2020-04-27,Ventura,111,848112,658,513,1,514,17
2020-04-27,Yolo,113,214977,184,160,0,160,9
2020-04-27,Yuba,115,75493,19,15,0,15,1
2020-04-26,Alameda,001,1643700,1752,1449,2,1451,52
2020-04-26,Alpine,003,1148,1,1,0,1,0
2020-04-26,Amador,005,37829,8,8,0,8,0
2020-04-26,Butte,007,227075,27,16,1,17,0
2020-04-26,Calaveras,009,45235,13,13,0,13,0
2020-04-26,Colusa,011,21464,3,3,0,3,0
2020-04-26,Contra Costa,013,1133247,964,830,0,830,25
2020-04-26,Del Norte,015,27424,3,3,0,3,0
2020-04-26,El Dorado,017,186661,58,41,0,41,0
2020-04-26,Fresno,019,978130,863,476,7,483,7
2020-04-26,Glenn,021,27897,5,4,0,4,0
2020-04-26,Humboldt,023,135768,59,53,0,53,0
2020-04-26,Imperial,025,180216,446,272,0,272,6
2020-04-26,Inyo,027,18085,19,20,0,20,1
2020-04-26,Kern,029,883053,1075,831,1,832,4
2020-04-26,Kings,031,150075,182,33,1,34,1
2020-04-26,Lake,033,64148,8,6,0,6,0
2020-04-26,Lassen,035,31185,3,0,2,2,0
2020-04-26,Los Angeles,037,10098052,26199,19570,15,19585,901
2020-04-26,Madera,039,155013,82,39,1,40,2
2020-04-26,Marin,041,260295,238,225,1,226,12
2020-04-26,Mariposa,043,17540,14,0,0,0,0
2020-04-26,Mendocino,045,87422,12,5,0,5,0
2020-04-26,Merced,047,269075,166,104,0,104,3
2020-04-26,Modoc,049,8938,0,0,0,0,0
2020-04-26,Mono,051,14174,31,23,0,23,1
2020-04-26,Monterey,053,433212,246,182,0,182,4
2020-04-26,Napa,055,140530,76,62,0,62,2
2020-04-26,Nevada,057,99092,41,37,1,38,1
2020-04-26,Orange,059,3164182,3303,2124,25,2149,40
2020-04-26,Placer,061,380077,165,141,0,141,8
2020-04-26,Plumas,063,18699,4,4,0,4,0
2020-04-26,Riverside,065,2383286,4517,3301,15,3316,95
2020-04-26,Sacramento,067,1510023,1086,1027,0,1027,41
2020-04-26,San Benito,069,59416,51,45,0,45,2
2020-04-26,San Bernardino,071,2135413,2302,1681,1,1682,82
2020-04-26,San Diego,073,3302833,4066,3045,0,3045,111
2020-04-26,San Francisco,075,870044,1697,1403,0,1403,23
2020-04-26,San Joaquin,077,732212,574,514,3,517,25
2020-04-26,San Luis Obispo,079,281455,244,165,3,168,1
2020-04-26,San Mateo,081,765935,1370,1070,2,1072,46
2020-04-26,Santa Barbara,083,443738,509,464,2,466,7
2020-04-26,Santa Clara,085,1922200,2548,2097,6,2103,102
2020-04-26,Santa Cruz,087,273765,142,116,0,116,2
2020-04-26,Shasta,089,179085,35,29,0,29,4
2020-04-26,Sierra,091,2930,0,0,0,0,0
2020-04-26,Siskiyou,093,43540,5,5,0,5,0
2020-04-26,Solano,095,438530,285,205,0,205,3
2020-04-26,Sonoma,097,501317,259,216,0,216,1
2020-04-26,Stanislaus,099,539301,406,294,4,298,4
2020-04-26,Sutter,101,95872,29,26,0,26,2
2020-04-26,Tehama,103,63373,1,1,0,1,1
2020-04-26,Trinity,105,12862,1,0,0,0,0
2020-04-26,Tulare,107,460477,829,497,5,502,28
2020-04-26,Tuolumne,109,53932,3,3,0,3,0
2020-04-26,Ventura,111,848112,640,509,1,510,17
2020-04-26,Yolo,113,214977,183,158,0,158,8
2020-04-26,Yuba,115,75493,18,15,0,15,1
2020-04-25,Alameda,001,1643700,1727,1396,2,1398,52
2020-04-25,Alpine,003,1148,1,1,0,1,0
2020-04-25,Amador,005,37829,8,8,0,8,0
2020-04-25,Butte,007,227075,26,16,1,17,0
2020-04-25,Calaveras,009,45235,13,12,0,12,0
2020-04-25,Colusa,011,21464,3,3,0,3,0
2020-04-25,Contra Costa,013,1133247,950,821,0,821,24
2020-04-25,Del Norte,015,27424,2,2,0,2,0
2020-04-25,El Dorado,017,186661,57,41,0,41,0
2020-04-25,Fresno,019,978130,831,459,6,465,7
2020-04-25,Glenn,021,27897,5,4,0,4,0
2020-04-25,Humboldt,023,135768,59,53,0,53,0
2020-04-25,Imperial,025,180216,429,232,0,232,6
2020-04-25,Inyo,027,18085,19,20,0,20,1
2020-04-25,Kern,029,883053,1044,802,1,803,4
2020-04-25,Kings,031,150075,170,33,1,34,1
2020-04-25,Lake,033,64148,6,6,0,6,0
2020-04-25,Lassen,035,31185,3,0,2,2,0
2020-04-25,Los Angeles,037,10098052,25565,19144,15,19159,881
2020-04-25,Madera,039,155013,79,39,1,40,2
2020-04-25,Marin,041,260295,238,215,1,216,12
2020-04-25,Mariposa,043,17540,14,0,0,0,0
2020-04-25,Mendocino,045,87422,11,5,0,5,0
2020-04-25,Merced,047,269075,166,103,0,103,3
2020-04-25,Modoc,049,8938,0,0,0,0,0
2020-04-25,Mono,051,14174,31,23,0,23,1
2020-04-25,Monterey,053,433212,244,173,0,173,4
2020-04-25,Napa,055,140530,76,60,0,60,2
2020-04-25,Nevada,057,99092,41,37,1,38,1
2020-04-25,Orange,059,3164182,3195,2047,25,2072,40
2020-04-25,Placer,061,380077,165,137,0,137,8
2020-04-25,Plumas,063,18699,4,4,0,4,0
2020-04-25,Riverside,065,2383286,4427,3037,15,3052,93
2020-04-25,Sacramento,067,1510023,1084,1015,0,1015,41
2020-04-25,San Benito,069,59416,51,45,0,45,2
2020-04-25,San Bernardino,071,2135413,2256,1675,1,1676,82
2020-04-25,San Diego,073,3302833,3966,2945,0,2945,111
2020-04-25,San Francisco,075,870044,1672,1341,0,1341,22
2020-04-25,San Joaquin,077,732212,567,497,3,500,24
2020-04-25,San Luis Obispo,079,281455,243,159,3,162,1
2020-04-25,San Mateo,081,765935,1352,1054,2,1056,46
2020-04-25,Santa Barbara,083,443738,502,457,2,459,7
2020-04-25,Santa Clara,085,1922200,2526,2045,5,2050,99
2020-04-25,Santa Cruz,087,273765,142,112,0,112,2
2020-04-25,Shasta,089,179085,35,29,0,29,4
2020-04-25,Sierra,091,2930,0,0,0,0,0
2020-04-25,Siskiyou,093,43540,5,5,0,5,0
2020-04-25,Solano,095,438530,281,203,0,203,3
2020-04-25,Sonoma,097,501317,255,199,0,199,1
2020-04-25,Stanislaus,099,539301,398,276,4,280,4
2020-04-25,Sutter,101,95872,29,24,0,24,2
2020-04-25,Tehama,103,63373,1,1,0,1,1
2020-04-25,Trinity,105,12862,0,0,0,0,0
2020-04-25,Tulare,107,460477,796,478,5,483,28
2020-04-25,Tuolumne,109,53932,3,2,0,2,0
2020-04-25,Ventura,111,848112,626,494,1,495,16
2020-04-25,Yolo,113,214977,183,157,0,157,8
2020-04-25,Yuba,115,75493,17,15,0,15,1
2020-04-24,Alameda,001,1643700,1696,1385,2,1387,50
2020-04-24,Alpine,003,1148,1,1,0,1,0
2020-04-24,Amador,005,37829,8,8,0,8,0
2020-04-24,Butte,007,227075,25,15,1,16,0
2020-04-24,Calaveras,009,45235,13,12,0,12,0
2020-04-24,Colusa,011,21464,3,3,0,3,0
2020-04-24,Contra Costa,013,1133247,941,806,0,806,23
2020-04-24,Del Norte,015,27424,2,2,0,2,0
2020-04-24,El Dorado,017,186661,56,41,0,41,0
2020-04-24,Fresno,019,978130,808,449,6,455,7
2020-04-24,Glenn,021,27897,5,4,0,4,0
2020-04-24,Humboldt,023,135768,59,53,0,53,0
2020-04-24,Imperial,025,180216,413,232,0,232,6
2020-04-24,Inyo,027,18085,19,20,0,20,0
2020-04-24,Kern,029,883053,1020,770,1,771,4
2020-04-24,Kings,031,150075,141,30,1,31,1
2020-04-24,Lake,033,64148,6,6,0,6,0
2020-04-24,Lassen,035,31185,3,0,2,2,0
2020-04-24,Los Angeles,037,10098052,24636,18553,15,18568,836
2020-04-24,Madera,039,155013,79,39,1,40,2
2020-04-24,Marin,041,260295,238,211,1,212,11
2020-04-24,Mariposa,043,17540,8,0,0,0,0
2020-04-24,Mendocino,045,87422,11,5,0,5,0
2020-04-24,Merced,047,269075,163,102,0,102,3
2020-04-24,Modoc,049,8938,0,0,0,0,0
2020-04-24,Mono,051,14174,30,23,0,23,1
2020-04-24,Monterey,053,433212,237,167,0,167,4
2020-04-24,Napa,055,140530,75,59,0,59,2
2020-04-24,Nevada,057,99092,41,36,1,37,1
2020-04-24,Orange,059,3164182,3088,1945,25,1970,39
2020-04-24,Placer,061,380077,163,137,0,137,8
2020-04-24,Plumas,063,18699,4,4,0,4,0
2020-04-24,Riverside,065,2383286,4346,3044,15,3059,87
2020-04-24,Sacramento,067,1510023,1078,1009,0,1009,41
2020-04-24,San Benito,069,59416,51,45,0,45,2
2020-04-24,San Bernardino,071,2135413,2221,1667,1,1668,80
2020-04-24,San Diego,073,3302833,3855,2828,0,2828,102
2020-04-24,San Francisco,075,870044,1614,1345,0,1345,22
2020-04-24,San Joaquin,077,732212,560,484,3,487,24
2020-04-24,San Luis Obispo,079,281455,240,151,3,154,1
2020-04-24,San Mateo,081,765935,1329,1004,2,1006,43
2020-04-24,Santa Barbara,083,443738,496,450,2,452,6
2020-04-24,Santa Clara,085,1922200,2484,2026,5,2031,98
2020-04-24,Santa Cruz,087,273765,138,111,0,111,2
2020-04-24,Shasta,089,179085,35,28,0,28,4
2020-04-24,Sierra,091,2930,0,0,0,0,0
2020-04-24,Siskiyou,093,43540,5,5,0,5,0
2020-04-24,Solano,095,438530,279,203,0,203,3
2020-04-24,Sonoma,097,501317,251,199,0,199,1
2020-04-24,Stanislaus,099,539301,395,273,4,277,4
2020-04-24,Sutter,101,95872,28,24,0,24,2
2020-04-24,Tehama,103,63373,1,1,0,1,1
2020-04-24,Trinity,105,12862,0,0,0,0,0
2020-04-24,Tulare,107,460477,768,459,5,464,27
2020-04-24,Tuolumne,109,53932,3,2,0,2,0
2020-04-24,Ventura,111,848112,616,489,1,490,16
2020-04-24,Yolo,113,214977,182,155,0,155,8
2020-04-24,Yuba,115,75493,16,15,0,15,1
2020-04-23,Alameda,001,1643700,1658,1336,2,1338,46
2020-04-23,Alpine,003,1148,1,1,0,1,0
2020-04-23,Amador,005,37829,8,8,0,8,0
2020-04-23,Butte,007,227075,25,15,1,16,0
2020-04-23,Calaveras,009,45235,13,12,0,12,0
2020-04-23,Colusa,011,21464,3,3,0,3,0
2020-04-23,Contra Costa,013,1133247,920,786,0,786,23
2020-04-23,Del Norte,015,27424,2,2,0,2,0
2020-04-23,El Dorado,017,186661,55,39,0,39,0
2020-04-23,Fresno,019,978130,770,426,6,432,7
2020-04-23,Glenn,021,27897,5,3,0,3,0
2020-04-23,Humboldt,023,135768,59,53,0,53,0
2020-04-23,Imperial,025,180216,392,181,0,181,4
2020-04-23,Inyo,027,18085,19,19,0,19,0
2020-04-23,Kern,029,883053,972,732,1,733,4
2020-04-23,Kings,031,150075,126,28,1,29,1
2020-04-23,Lake,033,64148,6,6,0,6,0
2020-04-23,Lassen,035,31185,3,0,2,2,0
2020-04-23,Los Angeles,037,10098052,23576,17548,14,17562,784
2020-04-23,Madera,039,155013,77,37,1,38,2
2020-04-23,Marin,041,260295,225,209,1,210,11
2020-04-23,Mariposa,043,17540,7,0,0,0,0
2020-04-23,Mendocino,045,87422,9,5,0,5,0
2020-04-23,Merced,047,269075,159,98,0,98,3
2020-04-23,Modoc,049,8938,0,0,0,0,0
2020-04-23,Mono,051,14174,30,23,0,23,1
2020-04-23,Monterey,053,433212,233,161,0,161,4
2020-04-23,Napa,055,140530,68,59,0,59,2
2020-04-23,Nevada,057,99092,41,36,1,37,1
2020-04-23,Orange,059,3164182,2910,1841,24,1865,37
2020-04-23,Placer,061,380077,160,136,0,136,8
2020-04-23,Plumas,063,18699,4,4,0,4,0
2020-04-23,Riverside,065,2383286,4232,2935,14,2949,78
2020-04-23,Sacramento,067,1510023,1066,978,0,978,41
2020-04-23,San Benito,069,59416,48,43,0,43,2
2020-04-23,San Bernardino,071,2135413,2156,1604,1,1605,79
2020-04-23,San Diego,073,3302833,3694,2645,0,2645,100
2020-04-23,San Francisco,075,870044,1589,1312,0,1312,21
2020-04-23,San Joaquin,077,732212,550,479,3,482,20
2020-04-23,San Luis Obispo,079,281455,236,146,3,149,1
2020-04-23,San Mateo,081,765935,1290,970,2,972,42
2020-04-23,Santa Barbara,083,443738,490,445,2,447,6
2020-04-23,Santa Clara,085,1922200,2449,1996,5,2001,95
2020-04-23,Santa Cruz,087,273765,137,110,0,110,2
2020-04-23,Shasta,089,179085,35,27,0,27,3
2020-04-23,Sierra,091,2930,0,0,0,0,0
2020-04-23,Siskiyou,093,43540,5,5,0,5,0
2020-04-23,Solano,095,438530,265,196,0,196,3
2020-04-23,Sonoma,097,501317,239,187,0,187,1
2020-04-23,Stanislaus,099,539301,391,254,4,258,4
2020-04-23,Sutter,101,95872,28,24,0,24,2
2020-04-23,Tehama,103,63373,1,1,0,1,1
2020-04-23,Trinity,105,12862,0,0,0,0,0
2020-04-23,Tulare,107,460477,739,440,5,445,25
2020-04-23,Tuolumne,109,53932,3,2,0,2,0
2020-04-23,Ventura,111,848112,602,479,1,480,16
2020-04-23,Yolo,113,214977,179,151,0,151,8
2020-04-23,Yuba,115,75493,16,15,0,15,1
2020-04-22,Alameda,001,1643700,1609,1275,2,1277,46
2020-04-22,Alpine,003,1148,1,1,0,1,0
2020-04-22,Amador,005,37829,8,7,0,7,0
2020-04-22,Butte,007,227075,24,15,1,16,0
2020-04-22,Calaveras,009,45235,13,12,0,12,0
2020-04-22,Colusa,011,21464,3,3,0,3,0
2020-04-22,Contra Costa,013,1133247,905,772,0,772,22
2020-04-22,Del Norte,015,27424,2,2,0,2,0
2020-04-22,El Dorado,017,186661,55,39,0,39,0
2020-04-22,Fresno,019,978130,730,388,6,394,7
2020-04-22,Glenn,021,27897,5,3,0,3,0
2020-04-22,Humboldt,023,135768,59,53,0,53,0
2020-04-22,Imperial,025,180216,381,170,0,170,3
2020-04-22,Inyo,027,18085,19,18,0,18,0
2020-04-22,Kern,029,883053,950,713,1,714,4
2020-04-22,Kings,031,150075,105,28,1,29,1
2020-04-22,Lake,033,64148,6,6,0,6,0
2020-04-22,Lassen,035,31185,3,0,2,2,0
2020-04-22,Los Angeles,037,10098052,22549,16400,14,16414,715
2020-04-22,Madera,039,155013,75,37,1,38,2
2020-04-22,Marin,041,260295,223,202,1,203,11
2020-04-22,Mariposa,043,17540,6,0,0,0,0
2020-04-22,Mendocino,045,87422,6,5,0,5,0
2020-04-22,Merced,047,269075,147,92,0,92,3
2020-04-22,Modoc,049,8938,0,0,0,0,0
2020-04-22,Mono,051,14174,29,23,0,23,1
2020-04-22,Monterey,053,433212,226,154,0,154,4
2020-04-22,Napa,055,140530,67,58,0,58,2
2020-04-22,Nevada,057,99092,41,36,1,37,1
2020-04-22,Orange,059,3164182,2816,1785,23,1808,36
2020-04-22,Placer,061,380077,158,133,0,133,8
2020-04-22,Plumas,063,18699,4,4,0,4,0
2020-04-22,Riverside,065,2383286,4128,2822,14,2836,76
2020-04-22,Sacramento,067,1510023,1061,959,0,959,36
2020-04-22,San Benito,069,59416,47,43,0,43,2
2020-04-22,San Bernardino,071,2135413,2093,1564,1,1565,74
2020-04-22,San Diego,073,3302833,3566,2493,0,2493,96
2020-04-22,San Francisco,075,870044,1552,1255,0,1255,21
2020-04-22,San Joaquin,077,732212,539,462,3,465,20
2020-04-22,San Luis Obispo,079,281455,227,142,3,145,1
2020-04-22,San Mateo,081,765935,1267,945,2,947,40
2020-04-22,Santa Barbara,083,443738,485,437,2,439,6
2020-04-22,Santa Clara,085,1922200,2433,1969,5,1974,95
2020-04-22,Santa Cruz,087,273765,133,106,0,106,2
2020-04-22,Shasta,089,179085,34,26,0,26,3
2020-04-22,Sierra,091,2930,0,0,0,0,0
2020-04-22,Siskiyou,093,43540,5,5,0,5,0
2020-04-22,Solano,095,438530,247,195,0,195,3
2020-04-22,Sonoma,097,501317,236,185,0,185,1
2020-04-22,Stanislaus,099,539301,334,247,4,251,4
2020-04-22,Sutter,101,95872,28,22,0,22,2
2020-04-22,Tehama,103,63373,1,1,0,1,1
2020-04-22,Trinity,105,12862,0,0,0,0,0
2020-04-22,Tulare,107,460477,705,425,5,430,23
2020-04-22,Tuolumne,109,53932,3,2,0,2,0
2020-04-22,Ventura,111,848112,591,465,1,466,15
2020-04-22,Yolo,113,214977,178,147,0,147,8
2020-04-22,Yuba,115,75493,16,15,0,15,1
2020-04-21,Alameda,001,1643700,1579,1234,2,1236,46
2020-04-21,Alpine,003,1148,1,1,0,1,0
2020-04-21,Amador,005,37829,8,7,0,7,0
2020-04-21,Butte,007,227075,23,15,1,16,0
2020-04-21,Calaveras,009,45235,12,12,0,12,0
2020-04-21,Colusa,011,21464,3,3,0,3,0
2020-04-21,Contra Costa,013,1133247,891,766,0,766,22
2020-04-21,Del Norte,015,27424,2,2,0,2,0
2020-04-21,El Dorado,017,186661,54,36,0,36,0
2020-04-21,Fresno,019,978130,696,372,6,378,7
2020-04-21,Glenn,021,27897,5,3,0,3,0
2020-04-21,Humboldt,023,135768,58,53,0,53,0
2020-04-21,Imperial,025,180216,361,165,0,165,2
2020-04-21,Inyo,027,18085,19,18,0,18,0
2020-04-21,Kern,029,883053,908,676,1,677,4
2020-04-21,Kings,031,150075,91,28,1,29,1
2020-04-21,Lake,033,64148,6,6,0,6,0
2020-04-21,Lassen,035,31185,3,0,2,2,0
2020-04-21,Los Angeles,037,10098052,21689,15096,14,15110,650
2020-04-21,Madera,039,155013,75,37,1,38,2
2020-04-21,Marin,041,260295,217,202,1,203,10
2020-04-21,Mariposa,043,17540,5,0,0,0,0
2020-04-21,Mendocino,045,87422,6,5,0,5,0
2020-04-21,Merced,047,269075,143,89,0,89,3
2020-04-21,Modoc,049,8938,0,0,0,0,0
2020-04-21,Mono,051,14174,29,23,0,23,1
2020-04-21,Monterey,053,433212,223,151,0,151,4
2020-04-21,Napa,055,140530,66,58,0,58,2
2020-04-21,Nevada,057,99092,41,36,1,37,1
2020-04-21,Orange,059,3164182,2693,1717,22,1739,36
2020-04-21,Placer,061,380077,156,133,0,133,8
2020-04-21,Plumas,063,18699,4,4,0,4,0
2020-04-21,Riverside,065,2383286,3996,2631,14,2645,68
2020-04-21,Sacramento,067,1510023,1051,941,0,941,33
2020-04-21,San Benito,069,59416,45,43,0,43,2
2020-04-21,San Bernardino,071,2135413,2032,1499,1,1500,71
2020-04-21,San Diego,073,3302833,3410,2436,0,2436,87
2020-04-21,San Francisco,075,870044,1522,1232,0,1232,20
2020-04-21,San Joaquin,077,732212,529,447,3,450,20
2020-04-21,San Luis Obispo,079,281455,219,134,3,137,1
2020-04-21,San Mateo,081,765935,1221,933,2,935,34
2020-04-21,Santa Barbara,083,443738,476,414,2,416,5
2020-04-21,Santa Clara,085,1922200,2383,1943,5,1948,91
2020-04-21,Santa Cruz,087,273765,131,104,0,104,2
2020-04-21,Shasta,089,179085,33,26,0,26,3
2020-04-21,Sierra,091,2930,0,0,0,0,0
2020-04-21,Siskiyou,093,43540,5,5,0,5,0
2020-04-21,Solano,095,438530,239,193,0,193,3
2020-04-21,Sonoma,097,501317,226,182,0,182,1
2020-04-21,Stanislaus,099,539301,315,235,4,239,4
2020-04-21,Sutter,101,95872,28,22,0,22,2
2020-04-21,Tehama,103,63373,1,1,0,1,1
2020-04-21,Trinity,105,12862,0,0,0,0,0
2020-04-21,Tulare,107,460477,668,410,5,415,23
2020-04-21,Tuolumne,109,53932,3,2,0,2,0
2020-04-21,Ventura,111,848112,579,455,1,456,14
2020-04-21,Yolo,113,214977,176,143,0,143,8
2020-04-21,Yuba,115,75493,16,15,0,15,1
2020-04-20,Alameda,001,1643700,1546,1181,2,1183,42
2020-04-20,Alpine,003,1148,1,1,0,1,0
2020-04-20,Amador,005,37829,8,7,0,7,0
2020-04-20,Butte,007,227075,23,15,1,16,0
2020-04-20,Calaveras,009,45235,12,12,0,12,0
2020-04-20,Colusa,011,21464,3,3,0,3,0
2020-04-20,Contra Costa,013,1133247,881,753,0,753,22
2020-04-20,Del Norte,015,27424,2,2,0,2,0
2020-04-20,El Dorado,017,186661,54,36,0,36,0
2020-04-20,Fresno,019,978130,678,356,6,362,7
2020-04-20,Glenn,021,27897,4,3,0,3,0
2020-04-20,Humboldt,023,135768,58,53,0,53,0
2020-04-20,Imperial,025,180216,342,149,0,149,2
2020-04-20,Inyo,027,18085,19,17,0,17,0
2020-04-20,Kern,029,883053,876,651,1,652,3
2020-04-20,Kings,031,150075,80,19,1,20,1
2020-04-20,Lake,033,64148,6,6,0,6,0
2020-04-20,Lassen,035,31185,3,0,2,2,0
2020-04-20,Los Angeles,037,10098052,20772,13787,14,13801,608
2020-04-20,Madera,039,155013,74,35,1,36,2
2020-04-20,Marin,041,260295,213,200,1,201,10
2020-04-20,Mariposa,043,17540,5,0,0,0,0
2020-04-20,Mendocino,045,87422,6,5,0,5,0
2020-04-20,Merced,047,269075,136,88,0,88,3
2020-04-20,Modoc,049,8938,0,0,0,0,0
2020-04-20,Mono,051,14174,29,23,0,23,1
2020-04-20,Monterey,053,433212,214,147,0,147,4
2020-04-20,Napa,055,140530,66,55,0,55,2
2020-04-20,Nevada,057,99092,41,34,1,35,1
2020-04-20,Orange,059,3164182,2609,1679,22,1701,33
2020-04-20,Placer,061,380077,155,132,0,132,8
2020-04-20,Plumas,063,18699,4,4,0,4,0
2020-04-20,Riverside,065,2383286,3871,2477,14,2491,61
2020-04-20,Sacramento,067,1510023,1041,924,0,924,32
2020-04-20,San Benito,069,59416,45,43,0,43,2
2020-04-20,San Bernardino,071,2135413,1945,1344,1,1345,63
2020-04-20,San Diego,073,3302833,3268,2327,0,2327,72
2020-04-20,San Francisco,075,870044,1490,1223,0,1223,19
2020-04-20,San Joaquin,077,732212,525,422,3,425,17
2020-04-20,San Luis Obispo,079,281455,205,132,3,135,1
2020-04-20,San Mateo,081,765935,1198,890,2,892,31
2020-04-20,Santa Barbara,083,443738,469,388,2,390,4
2020-04-20,Santa Clara,085,1922200,2352,1920,5,1925,84
2020-04-20,Santa Cruz,087,273765,129,102,0,102,2
2020-04-20,Shasta,089,179085,33,26,0,26,3
2020-04-20,Sierra,091,2930,0,0,0,0,0
2020-04-20,Siskiyou,093,43540,5,5,0,5,0
2020-04-20,Solano,095,438530,236,185,0,185,2
2020-04-20,Sonoma,097,501317,218,178,0,178,1
2020-04-20,Stanislaus,099,539301,301,228,4,232,3
2020-04-20,Sutter,101,95872,27,22,0,22,2
2020-04-20,Tehama,103,63373,1,1,0,1,1
2020-04-20,Trinity,105,12862,0,0,0,0,0
2020-04-20,Tulare,107,460477,658,401,5,406,20
2020-04-20,Tuolumne,109,53932,3,2,0,2,0
2020-04-20,Ventura,111,848112,565,426,1,427,13
2020-04-20,Yolo,113,214977,175,125,0,125,5
2020-04-20,Yuba,115,75493,16,15,0,15,1
2020-04-19,Alameda,001,1643700,1496,1134,2,1136,41
2020-04-19,Alpine,003,1148,1,1,0,1,0
2020-04-19,Amador,005,37829,7,7,0,7,0
2020-04-19,Butte,007,227075,22,15,1,16,0
2020-04-19,Calaveras,009,45235,12,12,0,12,0
2020-04-19,Colusa,011,21464,3,3,0,3,0
2020-04-19,Contra Costa,013,1133247,865,731,0,731,20
2020-04-19,Del Norte,015,27424,2,2,0,2,0
2020-04-19,El Dorado,017,186661,54,36,0,36,0
2020-04-19,Fresno,019,978130,642,326,6,332,7
2020-04-19,Glenn,021,27897,4,3,0,3,0
2020-04-19,Humboldt,023,135768,58,53,0,53,0
2020-04-19,Imperial,025,180216,316,144,0,144,2
2020-04-19,Inyo,027,18085,19,17,0,17,0
2020-04-19,Kern,029,883053,851,629,1,630,3
2020-04-19,Kings,031,150075,70,17,1,18,1
2020-04-19,Lake,033,64148,6,6,0,6,0
2020-04-19,Lassen,035,31185,3,0,2,2,0
2020-04-19,Los Angeles,037,10098052,19776,12299,14,12313,589
2020-04-19,Madera,039,155013,72,34,1,35,2
2020-04-19,Marin,041,260295,212,194,1,195,10
2020-04-19,Mariposa,043,17540,2,0,0,0,0
2020-04-19,Mendocino,045,87422,6,4,0,4,0
2020-04-19,Merced,047,269075,131,85,0,85,3
2020-04-19,Modoc,049,8938,0,0,0,0,0
2020-04-19,Mono,051,14174,29,23,0,23,1
2020-04-19,Monterey,053,433212,205,140,0,140,4
2020-04-19,Napa,055,140530,64,49,0,49,2
2020-04-19,Nevada,057,99092,40,34,1,35,1
2020-04-19,Orange,059,3164182,2512,1591,21,1612,32
2020-04-19,Placer,061,380077,154,131,0,131,8
2020-04-19,Plumas,063,18699,4,4,0,4,0
2020-04-19,Riverside,065,2383286,3728,2316,14,2330,56
2020-04-19,Sacramento,067,1510023,1014,912,0,912,32
2020-04-19,San Benito,069,59416,43,40,0,40,2
2020-04-19,San Bernardino,071,2135413,1882,1262,1,1263,58
2020-04-19,San Diego,073,3302833,3101,2270,0,2270,71
2020-04-19,San Francisco,075,870044,1457,1153,0,1153,19
2020-04-19,San Joaquin,077,732212,507,404,3,407,17
2020-04-19,San Luis Obispo,079,281455,200,132,3,135,1
2020-04-19,San Mateo,081,765935,1162,845,2,847,31
2020-04-19,Santa Barbara,083,443738,462,377,2,379,3
2020-04-19,Santa Clara,085,1922200,2307,1878,5,1883,81
2020-04-19,Santa Cruz,087,273765,126,98,0,98,2
2020-04-19,Shasta,089,179085,31,26,0,26,3
2020-04-19,Sierra,091,2930,0,0,0,0,0
2020-04-19,Siskiyou,093,43540,5,5,0,5,0
2020-04-19,Solano,095,438530,228,174,0,174,2
2020-04-19,Sonoma,097,501317,212,172,0,172,1
2020-04-19,Stanislaus,099,539301,293,221,4,225,3
2020-04-19,Sutter,101,95872,26,21,0,21,2
2020-04-19,Tehama,103,63373,1,1,0,1,1
2020-04-19,Trinity,105,12862,0,0,0,0,0
2020-04-19,Tulare,107,460477,612,391,5,396,17
2020-04-19,Tuolumne,109,53932,3,2,0,2,0
2020-04-19,Ventura,111,848112,557,418,1,419,13
2020-04-19,Yolo,113,214977,175,120,0,120,5
2020-04-19,Yuba,115,75493,16,15,0,15,1
2020-04-18,Alameda,001,1643700,1471,1085,2,1087,40
2020-04-18,Alpine,003,1148,1,1,0,1,0
2020-04-18,Amador,005,37829,7,7,0,7,0
2020-04-18,Butte,007,227075,21,15,1,16,0
2020-04-18,Calaveras,009,45235,12,12,0,12,0
2020-04-18,Colusa,011,21464,3,3,0,3,0
2020-04-18,Contra Costa,013,1133247,853,721,0,721,17
2020-04-18,Del Norte,015,27424,2,2,0,2,0
2020-04-18,El Dorado,017,186661,54,36,0,36,0
2020-04-18,Fresno,019,978130,622,319,6,325,7
2020-04-18,Glenn,021,27897,4,3,0,3,0
2020-04-18,Humboldt,023,135768,58,52,0,52,0
2020-04-18,Imperial,025,180216,307,137,0,137,2
2020-04-18,Inyo,027,18085,19,17,0,17,0
2020-04-18,Kern,029,883053,829,626,1,627,3
2020-04-18,Kings,031,150075,69,17,1,18,1
2020-04-18,Lake,033,64148,6,6,0,6,0
2020-04-18,Lassen,035,31185,3,0,2,2,0
2020-04-18,Los Angeles,037,10098052,19250,11984,14,11998,566
2020-04-18,Madera,039,155013,71,34,1,35,2
2020-04-18,Marin,041,260295,210,193,1,194,10
2020-04-18,Mariposa,043,17540,2,0,0,0,0
2020-04-18,Mendocino,045,87422,6,4,0,4,0
2020-04-18,Merced,047,269075,129,82,0,82,3
2020-04-18,Modoc,049,8938,0,0,0,0,0
2020-04-18,Mono,051,14174,29,22,0,22,1
2020-04-18,Monterey,053,433212,201,135,0,135,3
2020-04-18,Napa,055,140530,64,49,0,49,2
2020-04-18,Nevada,057,99092,39,34,1,35,1
2020-04-18,Orange,059,3164182,2448,1569,20,1589,32
2020-04-18,Placer,061,380077,152,130,0,130,8
2020-04-18,Plumas,063,18699,4,4,0,4,0
2020-04-18,Riverside,065,2383286,3653,2257,14,2271,56
2020-04-18,Sacramento,067,1510023,1002,901,0,901,32
2020-04-18,San Benito,069,59416,43,40,0,40,2
2020-04-18,San Bernardino,071,2135413,1837,1255,1,1256,58
2020-04-18,San Diego,073,3302833,2999,2215,0,2215,71
2020-04-18,San Francisco,075,870044,1418,1144,0,1144,19
2020-04-18,San Joaquin,077,732212,498,392,3,395,17
2020-04-18,San Luis Obispo,079,281455,196,129,3,132,1
2020-04-18,San Mateo,081,765935,1140,821,2,823,31
2020-04-18,Santa Barbara,083,443738,456,372,2,374,3
2020-04-18,Santa Clara,085,1922200,2274,1862,5,1867,79
2020-04-18,Santa Cruz,087,273765,124,96,0,96,2
2020-04-18,Shasta,089,179085,31,26,0,26,3
2020-04-18,Sierra,091,2930,0,0,0,0,0
2020-04-18,Siskiyou,093,43540,5,5,0,5,0
2020-04-18,Solano,095,438530,225,175,0,175,2
2020-04-18,Sonoma,097,501317,208,168,0,168,1
2020-04-18,Stanislaus,099,539301,285,216,4,220,3
2020-04-18,Sutter,101,95872,26,21,0,21,2
2020-04-18,Tehama,103,63373,1,1,0,1,1
2020-04-18,Trinity,105,12862,0,0,0,0,0
2020-04-18,Tulare,107,460477,601,385,5,390,17
2020-04-18,Tuolumne,109,53932,3,2,0,2,0
2020-04-18,Ventura,111,848112,549,416,1,417,13
2020-04-18,Yolo,113,214977,173,118,0,118,5
2020-04-18,Yuba,115,75493,16,14,0,14,1
2020-04-17,Alameda,001,1643700,1415,1043,1,1044,40
2020-04-17,Alpine,003,1148,1,1,0,1,0
2020-04-17,Amador,005,37829,7,7,0,7,0
2020-04-17,Butte,007,227075,21,15,1,16,0
2020-04-17,Calaveras,009,45235,12,11,0,11,0
2020-04-17,Colusa,011,21464,3,3,0,3,0
2020-04-17,Contra Costa,013,1133247,842,687,0,687,15
2020-04-17,Del Norte,015,27424,2,2,0,2,0
2020-04-17,El Dorado,017,186661,54,35,0,35,0
2020-04-17,Fresno,019,978130,600,315,6,321,7
2020-04-17,Glenn,021,27897,4,3,0,3,0
2020-04-17,Humboldt,023,135768,57,52,0,52,0
2020-04-17,Imperial,025,180216,298,135,0,135,2
2020-04-17,Inyo,027,18085,19,17,0,17,0
2020-04-17,Kern,029,883053,809,612,1,613,3
2020-04-17,Kings,031,150075,67,15,1,16,1
2020-04-17,Lake,033,64148,6,6,0,6,0
2020-04-17,Lassen,035,31185,3,0,2,2,0
2020-04-17,Los Angeles,037,10098052,18609,11354,14,11368,489
2020-04-17,Madera,039,155013,71,34,1,35,2
2020-04-17,Marin,041,260295,207,189,1,190,10
2020-04-17,Mariposa,043,17540,1,0,0,0,0
2020-04-17,Mendocino,045,87422,6,4,0,4,0
2020-04-17,Merced,047,269075,128,80,0,80,3
2020-04-17,Modoc,049,8938,0,0,0,0,0
2020-04-17,Mono,051,14174,29,22,0,22,1
2020-04-17,Monterey,053,433212,196,119,0,119,3
2020-04-17,Napa,055,140530,62,46,0,46,2
2020-04-17,Nevada,057,99092,38,34,1,35,1
2020-04-17,Orange,059,3164182,2397,1496,20,1516,31
2020-04-17,Placer,061,380077,152,130,0,130,8
2020-04-17,Plumas,063,18699,4,4,0,4,0
2020-04-17,Riverside,065,2383286,3526,2080,14,2094,50
2020-04-17,Sacramento,067,1510023,995,882,0,882,32
2020-04-17,San Benito,069,59416,43,38,0,38,2
2020-04-17,San Bernardino,071,2135413,1798,1229,1,1230,57
2020-04-17,San Diego,073,3302833,2909,2160,0,2160,70
2020-04-17,San Francisco,075,870044,1392,1090,0,1090,19
2020-04-17,San Joaquin,077,732212,487,356,3,359,17
2020-04-17,San Luis Obispo,079,281455,189,116,3,119,1
2020-04-17,San Mateo,081,765935,1124,768,2,770,31
2020-04-17,Santa Barbara,083,443738,451,349,2,351,3
2020-04-17,Santa Clara,085,1922200,2238,1834,5,1839,74
2020-04-17,Santa Cruz,087,273765,123,94,0,94,2
2020-04-17,Shasta,089,179085,31,26,0,26,3
2020-04-17,Sierra,091,2930,0,0,0,0,0
2020-04-17,Siskiyou,093,43540,5,5,0,5,0
2020-04-17,Solano,095,438530,224,173,0,173,2
2020-04-17,Sonoma,097,501317,205,167,0,167,1
2020-04-17,Stanislaus,099,539301,283,201,4,205,3
2020-04-17,Sutter,101,95872,26,20,0,20,2
2020-04-17,Tehama,103,63373,1,1,0,1,1
2020-04-17,Trinity,105,12862,0,0,0,0,0
2020-04-17,Tulare,107,460477,594,370,5,375,17
2020-04-17,Tuolumne,109,53932,3,2,0,2,0
2020-04-17,Ventura,111,848112,544,398,1,399,13
2020-04-17,Yolo,113,214977,172,117,0,117,5
2020-04-17,Yuba,115,75493,16,14,0,14,1
2020-04-16,Alameda,001,1643700,1380,981,1,982,39
2020-04-16,Alpine,003,1148,1,1,0,1,0
2020-04-16,Amador,005,37829,7,7,0,7,0
2020-04-16,Butte,007,227075,20,15,1,16,0
2020-04-16,Calaveras,009,45235,12,10,0,10,0
2020-04-16,Colusa,011,21464,3,3,0,3,0
2020-04-16,Contra Costa,013,1133247,828,675,0,675,14
2020-04-16,Del Norte,015,27424,2,2,0,2,0
2020-04-16,El Dorado,017,186661,53,34,0,34,0
2020-04-16,Fresno,019,978130,570,289,6,295,7
2020-04-16,Glenn,021,27897,4,3,0,3,0
2020-04-16,Humboldt,023,135768,57,47,0,47,0
2020-04-16,Imperial,025,180216,284,132,0,132,2
2020-04-16,Inyo,027,18085,17,17,0,17,0
2020-04-16,Kern,029,883053,782,587,1,588,3
2020-04-16,Kings,031,150075,63,12,1,13,1
2020-04-16,Lake,033,64148,6,6,0,6,0
2020-04-16,Lassen,035,31185,3,0,2,2,0
2020-04-16,Los Angeles,037,10098052,17723,10786,14,10800,447
2020-04-16,Madera,039,155013,69,34,1,35,2
2020-04-16,Marin,041,260295,203,170,1,171,10
2020-04-16,Mariposa,043,17540,1,1,0,1,0
2020-04-16,Mendocino,045,87422,6,4,0,4,0
2020-04-16,Merced,047,269075,122,76,0,76,3
2020-04-16,Modoc,049,8938,0,0,0,0,0
2020-04-16,Mono,051,14174,29,22,0,22,1
2020-04-16,Monterey,053,433212,193,116,0,116,3
2020-04-16,Napa,055,140530,59,44,0,44,2
2020-04-16,Nevada,057,99092,38,34,1,35,1
2020-04-16,Orange,059,3164182,2332,1439,19,1458,28
2020-04-16,Placer,061,380077,150,129,0,129,7
2020-04-16,Plumas,063,18699,4,4,0,4,0
2020-04-16,Riverside,065,2383286,3406,1913,14,1927,45
2020-04-16,Sacramento,067,1510023,987,865,0,865,32
2020-04-16,San Benito,069,59416,43,36,0,36,2
2020-04-16,San Bernardino,071,2135413,1716,1143,0,1143,54
2020-04-16,San Diego,073,3302833,2801,2089,0,2089,63
2020-04-16,San Francisco,075,870044,1348,1039,0,1039,16
2020-04-16,San Joaquin,077,732212,472,345,3,348,17
2020-04-16,San Luis Obispo,079,281455,185,113,3,116,1
2020-04-16,San Mateo,081,765935,1095,745,2,747,29
2020-04-16,Santa Barbara,083,443738,440,331,2,333,3
2020-04-16,Santa Clara,085,1922200,2201,1789,5,1794,70
2020-04-16,Santa Cruz,087,273765,121,90,0,90,2
2020-04-16,Shasta,089,179085,31,25,0,25,3
2020-04-16,Sierra,091,2930,0,0,0,0,0
2020-04-16,Siskiyou,093,43540,5,5,0,5,0
2020-04-16,Solano,095,438530,221,162,0,162,2
2020-04-16,Sonoma,097,501317,200,145,0,145,1
2020-04-16,Stanislaus,099,539301,280,185,4,189,3
2020-04-16,Sutter,101,95872,25,21,0,21,2
2020-04-16,Tehama,103,63373,1,1,0,1,1
2020-04-16,Trinity,105,12862,0,0,0,0,0
2020-04-16,Tulare,107,460477,577,305,5,310,16
2020-04-16,Tuolumne,109,53932,3,1,0,1,0
2020-04-16,Ventura,111,848112,532,384,1,385,13
2020-04-16,Yolo,113,214977,170,98,0,98,4
2020-04-16,Yuba,115,75493,15,14,0,14,1
2020-04-15,Alameda,001,1643700,1330,915,1,916,38
2020-04-15,Alpine,003,1148,1,1,0,1,0
2020-04-15,Amador,005,37829,7,7,0,7,0
2020-04-15,Butte,007,227075,20,14,1,15,0
2020-04-15,Calaveras,009,45235,11,9,0,9,0
2020-04-15,Colusa,011,21464,3,3,0,3,0
2020-04-15,Contra Costa,013,1133247,806,645,0,645,14
2020-04-15,Del Norte,015,27424,2,2,0,2,0
2020-04-15,El Dorado,017,186661,51,33,0,33,0
2020-04-15,Fresno,019,978130,544,264,6,270,7
2020-04-15,Glenn,021,27897,4,3,0,3,0
2020-04-15,Humboldt,023,135768,57,47,0,47,0
2020-04-15,Imperial,025,180216,257,115,0,115,2
2020-04-15,Inyo,027,18085,17,12,0,12,0
2020-04-15,Kern,029,883053,760,500,1,501,3
2020-04-15,Kings,031,150075,59,12,1,13,1
2020-04-15,Lake,033,64148,6,4,0,4,0
2020-04-15,Lassen,035,31185,3,0,2,2,0
2020-04-15,Los Angeles,037,10098052,16903,10416,13,10429,394
2020-04-15,Madera,039,155013,69,30,1,31,2
2020-04-15,Marin,041,260295,200,162,1,163,10
2020-04-15,Mariposa,043,17540,0,0,0,0,0
2020-04-15,Mendocino,045,87422,5,4,0,4,0
2020-04-15,Merced,047,269075,120,74,0,74,3
2020-04-15,Modoc,049,8938,0,0,0,0,0
2020-04-15,Mono,051,14174,29,22,0,22,1
2020-04-15,Monterey,053,433212,185,106,0,106,3
2020-04-15,Napa,055,140530,56,34,0,34,2
2020-04-15,Nevada,057,99092,37,34,1,35,1
2020-04-15,Orange,059,3164182,2229,1377,19,1396,24
2020-04-15,Placer,061,380077,149,123,0,123,6
2020-04-15,Plumas,063,18699,4,4,0,4,0
2020-04-15,Riverside,065,2383286,3211,1723,14,1737,42
2020-04-15,Sacramento,067,1510023,978,839,0,839,32
2020-04-15,San Benito,069,59416,43,34,0,34,2
2020-04-15,San Bernardino,071,2135413,1646,1063,0,1063,45
2020-04-15,San Diego,073,3302833,2713,2014,0,2014,60
2020-04-15,San Francisco,075,870044,1312,1006,0,1006,16
2020-04-15,San Joaquin,077,732212,464,329,3,332,17
2020-04-15,San Luis Obispo,079,281455,177,112,3,115,1
2020-04-15,San Mateo,081,765935,1046,707,2,709,28
2020-04-15,Santa Barbara,083,443738,424,317,2,319,2
2020-04-15,Santa Clara,085,1922200,2162,1692,5,1697,69
2020-04-15,Santa Cruz,087,273765,117,92,0,92,2
2020-04-15,Shasta,089,179085,31,25,0,25,3
2020-04-15,Sierra,091,2930,0,0,0,0,0
2020-04-15,Siskiyou,093,43540,5,5,0,5,0
2020-04-15,Solano,095,438530,216,153,0,153,2
2020-04-15,Sonoma,097,501317,198,140,0,140,1
2020-04-15,Stanislaus,099,539301,273,174,4,178,3
2020-04-15,Sutter,101,95872,25,19,0,19,2
2020-04-15,Tehama,103,63373,1,1,0,1,1
2020-04-15,Trinity,105,12862,0,0,0,0,0
2020-04-15,Tulare,107,460477,559,289,5,294,14
2020-04-15,Tuolumne,109,53932,3,1,0,1,0
2020-04-15,Ventura,111,848112,517,365,1,366,13
2020-04-15,Yolo,113,214977,163,93,0,93,3
2020-04-15,Yuba,115,75493,15,15,0,15,1
2020-04-14,Alameda,001,1643700,1285,843,1,844,30
2020-04-14,Alpine,003,1148,1,1,0,1,0
2020-04-14,Amador,005,37829,7,6,0,6,0
2020-04-14,Butte,007,227075,20,13,1,14,0
2020-04-14,Calaveras,009,45235,11,5,0,5,0
2020-04-14,Colusa,011,21464,3,3,0,3,0
2020-04-14,Contra Costa,013,1133247,794,617,0,617,12
2020-04-14,Del Norte,015,27424,2,2,0,2,0
2020-04-14,El Dorado,017,186661,51,30,0,30,0
2020-04-14,Fresno,019,978130,521,244,6,250,6
2020-04-14,Glenn,021,27897,4,3,0,3,0
2020-04-14,Humboldt,023,135768,57,44,0,44,0
2020-04-14,Imperial,025,180216,237,86,0,86,2
2020-04-14,Inyo,027,18085,17,12,0,12,0
2020-04-14,Kern,029,883053,736,453,1,454,3
2020-04-14,Kings,031,150075,58,12,1,13,1
2020-04-14,Lake,033,64148,6,3,0,3,0
2020-04-14,Lassen,035,31185,3,0,2,2,0
2020-04-14,Los Angeles,037,10098052,16007,9948,12,9960,357
2020-04-14,Madera,039,155013,68,29,1,30,2
2020-04-14,Marin,041,260295,196,147,1,148,9
2020-04-14,Mariposa,043,17540,0,0,0,0,0
2020-04-14,Mendocino,045,87422,5,4,0,4,0
2020-04-14,Merced,047,269075,113,61,0,61,3
2020-04-14,Modoc,049,8938,0,0,0,0,0
2020-04-14,Mono,051,14174,29,22,0,22,1
2020-04-14,Monterey,053,433212,180,98,0,98,3
2020-04-14,Napa,055,140530,56,33,0,33,2
2020-04-14,Nevada,057,99092,37,34,1,35,1
2020-04-14,Orange,059,3164182,2127,1362,19,1381,24
2020-04-14,Placer,061,380077,148,117,0,117,5
2020-04-14,Plumas,063,18699,4,3,0,3,0
2020-04-14,Riverside,065,2383286,3076,1467,14,1481,40
2020-04-14,Sacramento,067,1510023,969,737,0,737,29
2020-04-14,San Benito,069,59416,40,34,0,34,2
2020-04-14,San Bernardino,071,2135413,1591,933,0,933,37
2020-04-14,San Diego,073,3302833,2618,1932,0,1932,53
2020-04-14,San Francisco,075,870044,1258,968,0,968,14
2020-04-14,San Joaquin,077,732212,454,280,3,283,17
2020-04-14,San Luis Obispo,079,281455,174,109,3,112,1
2020-04-14,San Mateo,081,765935,1012,681,2,683,28
2020-04-14,Santa Barbara,083,443738,400,292,2,294,2
2020-04-14,Santa Clara,085,1922200,2129,1561,5,1566,63
2020-04-14,Santa Cruz,087,273765,109,84,0,84,2
2020-04-14,Shasta,089,179085,31,24,0,24,3
2020-04-14,Sierra,091,2930,0,0,0,0,0
2020-04-14,Siskiyou,093,43540,5,5,0,5,0
2020-04-14,Solano,095,438530,213,140,0,140,2
2020-04-14,Sonoma,097,501317,194,133,0,133,1
2020-04-14,Stanislaus,099,539301,260,136,4,140,3
2020-04-14,Sutter,101,95872,24,19,0,19,2
2020-04-14,Tehama,103,63373,1,1,0,1,1
2020-04-14,Trinity,105,12862,0,0,0,0,0
2020-04-14,Tulare,107,460477,535,228,5,233,12
2020-04-14,Tuolumne,109,53932,3,0,0,0,0
2020-04-14,Ventura,111,848112,504,328,1,329,11
2020-04-14,Yolo,113,214977,160,81,0,81,3
2020-04-14,Yuba,115,75493,14,14,0,14,1
2020-04-13,Alameda,001,1643700,1246,821,1,822,23
2020-04-13,Alpine,003,1148,1,1,0,1,0
2020-04-13,Amador,005,37829,7,6,0,6,0
2020-04-13,Butte,007,227075,20,13,1,14,0
2020-04-13,Calaveras,009,45235,10,5,0,5,0
2020-04-13,Colusa,011,21464,3,3,0,3,0
2020-04-13,Contra Costa,013,1133247,778,569,0,569,12
2020-04-13,Del Norte,015,27424,2,2,0,2,0
2020-04-13,El Dorado,017,186661,49,29,0,29,0
2020-04-13,Fresno,019,978130,499,205,5,210,4
2020-04-13,Glenn,021,27897,4,3,0,3,0
2020-04-13,Humboldt,023,135768,57,44,0,44,0
2020-04-13,Imperial,025,180216,219,82,0,82,2
2020-04-13,Inyo,027,18085,17,12,0,12,0
2020-04-13,Kern,029,883053,711,346,1,347,3
2020-04-13,Kings,031,150075,54,9,1,10,0
2020-04-13,Lake,033,64148,6,3,0,3,0
2020-04-13,Lassen,035,31185,3,0,2,2,0
2020-04-13,Los Angeles,037,10098052,15293,9367,12,9379,317
2020-04-13,Madera,039,155013,66,29,1,30,2
2020-04-13,Marin,041,260295,192,144,1,145,6
2020-04-13,Mariposa,043,17540,0,0,0,0,0
2020-04-13,Mendocino,045,87422,5,4,0,4,0
2020-04-13,Merced,047,269075,112,60,0,60,3
2020-04-13,Modoc,049,8938,0,0,0,0,0
2020-04-13,Mono,051,14174,29,21,0,21,1
2020-04-13,Monterey,053,433212,173,86,0,86,3
2020-04-13,Napa,055,140530,55,30,0,30,2
2020-04-13,Nevada,057,99092,37,24,1,25,1
2020-04-13,Orange,059,3164182,2054,1313,19,1332,21
2020-04-13,Placer,061,380077,147,116,0,116,5
2020-04-13,Plumas,063,18699,4,3,0,3,0
2020-04-13,Riverside,065,2383286,2935,1460,13,1473,35
2020-04-13,Sacramento,067,1510023,957,723,0,723,25
2020-04-13,San Benito,069,59416,39,33,0,33,2
2020-04-13,San Bernardino,071,2135413,1516,920,0,920,30
2020-04-13,San Diego,073,3302833,2535,1849,0,1849,47
2020-04-13,San Francisco,075,870044,1220,948,0,948,12
2020-04-13,San Joaquin,077,732212,439,255,3,258,16
2020-04-13,San Luis Obispo,079,281455,169,106,3,109,1
2020-04-13,San Mateo,081,765935,972,679,2,681,25
2020-04-13,Santa Barbara,083,443738,381,271,1,272,2
2020-04-13,Santa Clara,085,1922200,2083,1540,5,1545,58
2020-04-13,Santa Cruz,087,273765,103,82,0,82,1
2020-04-13,Shasta,089,179085,30,24,0,24,3
2020-04-13,Sierra,091,2930,0,0,0,0,0
2020-04-13,Siskiyou,093,43540,5,5,0,5,0
2020-04-13,Solano,095,438530,210,136,0,136,2
2020-04-13,Sonoma,097,501317,187,133,0,133,1
2020-04-13,Stanislaus,099,539301,254,130,4,134,1
2020-04-13,Sutter,101,95872,24,18,0,18,2
2020-04-13,Tehama,103,63373,1,1,0,1,0
2020-04-13,Trinity,105,12862,0,0,0,0,0
2020-04-13,Tulare,107,460477,499,185,5,190,11
2020-04-13,Tuolumne,109,53932,3,0,0,0,0
2020-04-13,Ventura,111,848112,483,309,0,309,9
2020-04-13,Yolo,113,214977,153,81,0,81,3
2020-04-13,Yuba,115,75493,14,13,0,13,1
2020-04-12,Alameda,001,1643700,1203,774,1,775,23
2020-04-12,Alpine,003,1148,1,1,0,1,0
2020-04-12,Amador,005,37829,7,6,0,6,0
2020-04-12,Butte,007,227075,20,13,1,14,0
2020-04-12,Calaveras,009,45235,10,5,0,5,0
2020-04-12,Colusa,011,21464,3,3,0,3,0
2020-04-12,Contra Costa,013,1133247,765,553,0,553,12
2020-04-12,Del Norte,015,27424,2,2,0,2,0
2020-04-12,El Dorado,017,186661,49,28,0,28,0
2020-04-12,Fresno,019,978130,470,205,5,210,4
2020-04-12,Glenn,021,27897,4,3,0,3,0
2020-04-12,Humboldt,023,135768,57,43,0,43,0
2020-04-12,Imperial,025,180216,196,78,0,78,2
2020-04-12,Inyo,027,18085,15,12,0,12,0
2020-04-12,Kern,029,883053,679,319,0,319,3
2020-04-12,Kings,031,150075,52,9,1,10,0
2020-04-12,Lake,033,64148,6,3,0,3,0
2020-04-12,Lassen,035,31185,3,0,2,2,0
2020-04-12,Los Angeles,037,10098052,14579,9133,12,9145,294
2020-04-12,Madera,039,155013,65,29,1,30,2
2020-04-12,Marin,041,260295,181,138,1,139,6
2020-04-12,Mariposa,043,17540,0,0,0,0,0
2020-04-12,Mendocino,045,87422,5,4,0,4,0
2020-04-12,Merced,047,269075,106,58,0,58,3
2020-04-12,Modoc,049,8938,0,0,0,0,0
2020-04-12,Mono,051,14174,29,20,0,20,1
2020-04-12,Monterey,053,433212,159,85,0,85,3
2020-04-12,Napa,055,140530,53,29,0,29,2
2020-04-12,Nevada,057,99092,37,24,1,25,1
2020-04-12,Orange,059,3164182,1994,1283,18,1301,21
2020-04-12,Placer,061,380077,146,114,0,114,4
2020-04-12,Plumas,063,18699,4,3,0,3,0
2020-04-12,Riverside,065,2383286,2753,1330,13,1343,34
2020-04-12,Sacramento,067,1510023,920,689,0,689,25
2020-04-12,San Benito,069,59416,37,33,0,33,2
2020-04-12,San Bernardino,071,2135413,1440,827,0,827,30
2020-04-12,San Diego,073,3302833,2445,1806,0,1806,45
2020-04-12,San Francisco,075,870044,1193,886,0,886,11
2020-04-12,San Joaquin,077,732212,421,246,3,249,15
2020-04-12,San Luis Obispo,079,281455,166,102,2,104,1
2020-04-12,San Mateo,081,765935,946,664,2,666,25
2020-04-12,Santa Barbara,083,443738,362,261,1,262,2
2020-04-12,Santa Clara,085,1922200,2055,1461,5,1466,53
2020-04-12,Santa Cruz,087,273765,102,80,0,80,1
2020-04-12,Shasta,089,179085,30,24,0,24,3
2020-04-12,Sierra,091,2930,0,0,0,0,0
2020-04-12,Siskiyou,093,43540,5,5,0,5,0
2020-04-12,Solano,095,438530,204,136,0,136,2
2020-04-12,Sonoma,097,501317,184,131,0,131,1
2020-04-12,Stanislaus,099,539301,246,117,4,121,1
2020-04-12,Sutter,101,95872,23,18,0,18,2
2020-04-12,Tehama,103,63373,1,1,0,1,0
2020-04-12,Trinity,105,12862,0,0,0,0,0
2020-04-12,Tulare,107,460477,487,166,5,171,11
2020-04-12,Tuolumne,109,53932,3,0,0,0,0
2020-04-12,Ventura,111,848112,473,306,0,306,9
2020-04-12,Yolo,113,214977,139,67,0,67,3
2020-04-12,Yuba,115,75493,14,13,0,13,1
2020-04-11,Alameda,001,1643700,1162,751,1,752,23
2020-04-11,Alpine,003,1148,1,1,0,1,0
2020-04-11,Amador,005,37829,7,6,0,6,0
2020-04-11,Butte,007,227075,20,13,1,14,0
2020-04-11,Calaveras,009,45235,10,5,0,5,0
2020-04-11,Colusa,011,21464,3,3,0,3,0
2020-04-11,Contra Costa,013,1133247,756,550,0,550,12
2020-04-11,Del Norte,015,27424,2,2,0,2,0
2020-04-11,El Dorado,017,186661,48,29,0,29,0
2020-04-11,Fresno,019,978130,460,201,5,206,4
2020-04-11,Glenn,021,27897,4,3,0,3,0
2020-04-11,Humboldt,023,135768,57,38,0,38,0
2020-04-11,Imperial,025,180216,186,78,0,78,2
2020-04-11,Inyo,027,18085,15,12,0,12,0
2020-04-11,Kern,029,883053,651,304,0,304,3
2020-04-11,Kings,031,150075,49,9,1,10,0
2020-04-11,Lake,033,64148,6,3,0,3,0
2020-04-11,Lassen,035,31185,3,0,2,2,0
2020-04-11,Los Angeles,037,10098052,14108,8823,12,8835,262
2020-04-11,Madera,039,155013,64,29,1,30,2
2020-04-11,Marin,041,260295,178,136,1,137,6
2020-04-11,Mariposa,043,17540,0,0,0,0,0
2020-04-11,Mendocino,045,87422,5,4,0,4,0
2020-04-11,Merced,047,269075,103,59,0,59,3
2020-04-11,Modoc,049,8938,0,0,0,0,0
2020-04-11,Mono,051,14174,29,20,0,20,1
2020-04-11,Monterey,053,433212,153,78,0,78,3
2020-04-11,Napa,055,140530,53,29,0,29,2
2020-04-11,Nevada,057,99092,37,24,1,25,1
2020-04-11,Orange,059,3164182,1932,1267,18,1285,21
2020-04-11,Placer,061,380077,146,113,0,113,4
2020-04-11,Plumas,063,18699,4,3,0,3,0
2020-04-11,Riverside,065,2383286,2674,1260,13,1273,33
2020-04-11,Sacramento,067,1510023,909,685,0,685,25
2020-04-11,San Benito,069,59416,37,33,0,33,2
2020-04-11,San Bernardino,071,2135413,1404,826,0,826,28
2020-04-11,San Diego,073,3302833,2379,1763,0,1763,45
2020-04-11,San Francisco,075,870044,1171,860,0,860,11
2020-04-11,San Joaquin,077,732212,416,244,3,247,15
2020-04-11,San Luis Obispo,079,281455,166,100,1,101,1
2020-04-11,San Mateo,081,765935,934,662,2,664,25
2020-04-11,Santa Barbara,083,443738,354,258,1,259,2
2020-04-11,Santa Clara,085,1922200,1996,1441,5,1446,51
2020-04-11,Santa Cruz,087,273765,102,79,0,79,1
2020-04-11,Shasta,089,179085,30,24,0,24,3
2020-04-11,Sierra,091,2930,0,0,0,0,0
2020-04-11,Siskiyou,093,43540,5,5,0,5,0
2020-04-11,Solano,095,438530,200,138,0,138,2
2020-04-11,Sonoma,097,501317,182,131,0,131,1
2020-04-11,Stanislaus,099,539301,238,119,3,122,1
2020-04-11,Sutter,101,95872,23,18,0,18,2
2020-04-11,Tehama,103,63373,1,1,0,1,0
2020-04-11,Trinity,105,12862,0,0,0,0,0
2020-04-11,Tulare,107,460477,465,168,5,173,10
2020-04-11,Tuolumne,109,53932,3,0,0,0,0
2020-04-11,Ventura,111,848112,463,304,0,304,9
2020-04-11,Yolo,113,214977,136,67,0,67,3
2020-04-11,Yuba,115,75493,14,13,0,13,1
2020-04-10,Alameda,001,1643700,1121,706,1,707,21
2020-04-10,Alpine,003,1148,1,1,0,1,0
2020-04-10,Amador,005,37829,7,5,0,5,0
2020-04-10,Butte,007,227075,20,13,1,14,0
2020-04-10,Calaveras,009,45235,10,5,0,5,0
2020-04-10,Colusa,011,21464,3,3,0,3,0
2020-04-10,Contra Costa,013,1133247,743,537,0,537,10
2020-04-10,Del Norte,015,27424,2,2,0,2,0
2020-04-10,El Dorado,017,186661,48,26,0,26,0
2020-04-10,Fresno,019,978130,453,186,4,190,3
2020-04-10,Glenn,021,27897,4,3,0,3,0
2020-04-10,Humboldt,023,135768,57,36,0,36,0
2020-04-10,Imperial,025,180216,179,70,0,70,2
2020-04-10,Inyo,027,18085,13,11,0,11,0
2020-04-10,Kern,029,883053,627,272,0,272,3
2020-04-10,Kings,031,150075,46,7,1,8,0
2020-04-10,Lake,033,64148,6,3,0,3,0
2020-04-10,Lassen,035,31185,3,0,2,2,0
2020-04-10,Los Angeles,037,10098052,13594,8384,11,8395,239
2020-04-10,Madera,039,155013,63,29,1,30,2
2020-04-10,Marin,041,260295,173,128,1,129,6
2020-04-10,Mariposa,043,17540,0,0,0,0,0
2020-04-10,Mendocino,045,87422,5,4,0,4,0
2020-04-10,Merced,047,269075,100,56,0,56,3
2020-04-10,Modoc,049,8938,0,0,0,0,0
2020-04-10,Mono,051,14174,29,20,0,20,1
2020-04-10,Monterey,053,433212,142,78,0,78,3
2020-04-10,Napa,055,140530,50,28,0,28,2
2020-04-10,Nevada,057,99092,37,23,1,24,1
2020-04-10,Orange,059,3164182,1885,1167,18,1185,21
2020-04-10,Placer,061,380077,145,112,0,112,4
2020-04-10,Plumas,063,18699,4,3,0,3,0
2020-04-10,Riverside,065,2383286,2608,1162,13,1175,30
2020-04-10,Sacramento,067,1510023,900,642,0,642,24
2020-04-10,San Benito,069,59416,37,32,0,32,2
2020-04-10,San Bernardino,071,2135413,1356,779,0,779,27
2020-04-10,San Diego,073,3302833,2319,1695,0,1695,44
2020-04-10,San Francisco,075,870044,1140,797,0,797,10
2020-04-10,San Joaquin,077,732212,404,234,3,237,14
2020-04-10,San Luis Obispo,079,281455,166,97,1,98,1
2020-04-10,San Mateo,081,765935,918,642,2,644,24
2020-04-10,Santa Barbara,083,443738,346,254,1,255,2
2020-04-10,Santa Clara,085,1922200,1944,1351,5,1356,50
2020-04-10,Santa Cruz,087,273765,101,75,0,75,1
2020-04-10,Shasta,089,179085,30,24,0,24,3
2020-04-10,Sierra,091,2930,0,0,0,0,0
2020-04-10,Siskiyou,093,43540,5,5,0,5,0
2020-04-10,Solano,095,438530,197,129,0,129,2
2020-04-10,Sonoma,097,501317,181,129,0,129,1
2020-04-10,Stanislaus,099,539301,231,101,3,104,0
2020-04-10,Sutter,101,95872,23,18,0,18,2
2020-04-10,Tehama,103,63373,1,1,0,1,0
2020-04-10,Trinity,105,12862,0,0,0,0,0
2020-04-10,Tulare,107,460477,423,163,5,168,10
2020-04-10,Tuolumne,109,53932,3,0,0,0,0
2020-04-10,Ventura,111,848112,454,290,0,290,9
2020-04-10,Yolo,113,214977,134,62,0,62,3
2020-04-10,Yuba,115,75493,14,13,0,13,1
2020-04-09,Alameda,001,1643700,1071,641,1,642,17
2020-04-09,Alpine,003,1148,1,1,0,1,0
2020-04-09,Amador,005,37829,7,2,0,2,0
2020-04-09,Butte,007,227075,19,12,1,13,0
2020-04-09,Calaveras,009,45235,10,5,0,5,0
2020-04-09,Colusa,011,21464,3,3,0,3,0
2020-04-09,Contra Costa,013,1133247,700,505,0,505,7
2020-04-09,Del Norte,015,27424,2,2,0,2,0
2020-04-09,El Dorado,017,186661,47,25,0,25,0
2020-04-09,Fresno,019,978130,428,165,4,169,3
2020-04-09,Glenn,021,27897,4,2,0,2,0
2020-04-09,Humboldt,023,135768,57,36,0,36,0
2020-04-09,Imperial,025,180216,158,67,0,67,2
2020-04-09,Inyo,027,18085,12,11,0,11,0
2020-04-09,Kern,029,883053,591,241,0,241,2
2020-04-09,Kings,031,150075,43,5,1,6,0
2020-04-09,Lake,033,64148,5,1,0,1,0
2020-04-09,Lassen,035,31185,3,0,2,2,0
2020-04-09,Los Angeles,037,10098052,12966,7919,11,7930,220
2020-04-09,Madera,039,155013,63,28,1,29,2
2020-04-09,Marin,041,260295,171,126,1,127,7
2020-04-09,Mariposa,043,17540,0,0,0,0,0
2020-04-09,Mendocino,045,87422,5,4,0,4,0
2020-04-09,Merced,047,269075,97,41,0,41,3
2020-04-09,Modoc,049,8938,0,0,0,0,0
2020-04-09,Mono,051,14174,29,19,0,19,1
2020-04-09,Monterey,053,433212,124,70,0,70,3
2020-04-09,Napa,055,140530,46,27,0,27,2
2020-04-09,Nevada,057,99092,36,23,1,24,1
2020-04-09,Orange,059,3164182,1811,1105,18,1123,19
2020-04-09,Placer,061,380077,144,107,0,107,4
2020-04-09,Plumas,063,18699,4,3,0,3,0
2020-04-09,Riverside,065,2383286,2465,1083,13,1096,29
2020-04-09,Sacramento,067,1510023,877,601,0,601,21
2020-04-09,San Benito,069,59416,37,32,0,32,2
2020-04-09,San Bernardino,071,2135413,1287,717,0,717,27
2020-04-09,San Diego,073,3302833,2223,1630,0,1630,40
2020-04-09,San Francisco,075,870044,1120,748,0,748,8
2020-04-09,San Joaquin,077,732212,383,223,3,226,14
2020-04-09,San Luis Obispo,079,281455,158,93,1,94,1
2020-04-09,San Mateo,081,765935,902,630,2,632,23
2020-04-09,Santa Barbara,083,443738,336,232,1,233,2
2020-04-09,Santa Clara,085,1922200,1874,1301,5,1306,49
2020-04-09,Santa Cruz,087,273765,101,73,0,73,1
2020-04-09,Shasta,089,179085,30,22,0,22,3
2020-04-09,Sierra,091,2930,0,0,0,0,0
2020-04-09,Siskiyou,093,43540,5,4,0,4,0
2020-04-09,Solano,095,438530,188,118,0,118,2
2020-04-09,Sonoma,097,501317,177,113,0,113,1
2020-04-09,Stanislaus,099,539301,219,93,3,96,0
2020-04-09,Sutter,101,95872,23,17,0,17,2
2020-04-09,Tehama,103,63373,1,1,0,1,0
2020-04-09,Trinity,105,12862,0,0,0,0,0
2020-04-09,Tulare,107,460477,394,147,5,152,9
2020-04-09,Tuolumne,109,53932,3,0,0,0,0
2020-04-09,Ventura,111,848112,435,273,0,273,9
2020-04-09,Yolo,113,214977,125,59,0,59,3
2020-04-09,Yuba,115,75493,14,13,0,13,0
2020-04-08,Alameda,001,1643700,1029,594,1,595,15
2020-04-08,Alpine,003,1148,1,1,0,1,0
2020-04-08,Amador,005,37829,7,2,0,2,0
2020-04-08,Butte,007,227075,18,11,1,12,0
2020-04-08,Calaveras,009,45235,10,5,0,5,0
2020-04-08,Colusa,011,21464,3,3,0,3,0
2020-04-08,Contra Costa,013,1133247,687,481,0,481,7
2020-04-08,Del Norte,015,27424,2,2,0,2,0
2020-04-08,El Dorado,017,186661,47,25,0,25,0
2020-04-08,Fresno,019,978130,408,151,4,155,3
2020-04-08,Glenn,021,27897,4,2,0,2,0
2020-04-08,Humboldt,023,135768,57,40,0,40,0
2020-04-08,Imperial,025,180216,147,59,0,59,2
2020-04-08,Inyo,027,18085,12,11,0,11,0
2020-04-08,Kern,029,883053,550,198,0,198,2
2020-04-08,Kings,031,150075,43,5,1,6,0
2020-04-08,Lake,033,64148,5,1,0,1,0
2020-04-08,Lassen,035,31185,3,0,2,2,0
2020-04-08,Los Angeles,037,10098052,12364,7505,11,7516,196
2020-04-08,Madera,039,155013,62,28,1,29,2
2020-04-08,Marin,041,260295,165,125,1,126,7
2020-04-08,Mariposa,043,17540,0,0,0,0,0
2020-04-08,Mendocino,045,87422,5,4,0,4,0
2020-04-08,Merced,047,269075,82,35,0,35,1
2020-04-08,Modoc,049,8938,0,0,0,0,0
2020-04-08,Mono,051,14174,29,19,0,19,1
2020-04-08,Monterey,053,433212,115,68,0,68,3
2020-04-08,Napa,055,140530,44,21,0,21,2
2020-04-08,Nevada,057,99092,36,21,1,22,1
2020-04-08,Orange,059,3164182,1748,1034,18,1052,19
2020-04-08,Placer,061,380077,144,102,0,102,4
2020-04-08,Plumas,063,18699,4,3,0,3,0
2020-04-08,Riverside,065,2383286,2308,974,13,987,28
2020-04-08,Sacramento,067,1510023,843,565,0,565,21
2020-04-08,San Benito,069,59416,37,31,0,31,2
2020-04-08,San Bernardino,071,2135413,1230,635,0,635,22
2020-04-08,San Diego,073,3302833,2149,1532,0,1532,36
2020-04-08,San Francisco,075,870044,1053,687,0,687,7
2020-04-08,San Joaquin,077,732212,366,211,3,214,12
2020-04-08,San Luis Obispo,079,281455,156,90,1,91,1
2020-04-08,San Mateo,081,765935,887,608,2,610,22
2020-04-08,Santa Barbara,083,443738,319,221,1,222,2
2020-04-08,Santa Clara,085,1922200,1829,1257,5,1262,47
2020-04-08,Santa Cruz,087,273765,100,69,0,69,1
2020-04-08,Shasta,089,179085,30,18,0,18,3
2020-04-08,Sierra,091,2930,0,0,0,0,0
2020-04-08,Siskiyou,093,43540,5,4,0,4,0
2020-04-08,Solano,095,438530,175,111,0,111,2
2020-04-08,Sonoma,097,501317,171,107,0,107,1
2020-04-08,Stanislaus,099,539301,203,86,3,89,0
2020-04-08,Sutter,101,95872,22,17,0,17,2
2020-04-08,Tehama,103,63373,1,1,0,1,0
2020-04-08,Trinity,105,12862,0,0,0,0,0
2020-04-08,Tulare,107,460477,363,145,5,150,6
2020-04-08,Tuolumne,109,53932,3,0,0,0,0
2020-04-08,Ventura,111,848112,426,263,0,263,7
2020-04-08,Yolo,113,214977,108,56,0,56,3
2020-04-08,Yuba,115,75493,14,10,0,10,0
2020-04-07,Alameda,001,1643700,994,560,1,561,14
2020-04-07,Alpine,003,1148,1,1,0,1,0
2020-04-07,Amador,005,37829,7,2,0,2,0
2020-04-07,Butte,007,227075,17,11,1,12,0
2020-04-07,Calaveras,009,45235,9,5,0,5,0
2020-04-07,Colusa,011,21464,3,2,0,2,0
2020-04-07,Contra Costa,013,1133247,667,471,0,471,7
2020-04-07,Del Norte,015,27424,2,2,0,2,0
2020-04-07,El Dorado,017,186661,46,22,0,22,0
2020-04-07,Fresno,019,978130,393,138,4,142,3
2020-04-07,Glenn,021,27897,4,2,0,2,0
2020-04-07,Humboldt,023,135768,56,40,0,40,0
2020-04-07,Imperial,025,180216,128,53,0,53,2
2020-04-07,Inyo,027,18085,12,11,0,11,0
2020-04-07,Kern,029,883053,507,134,0,134,2
2020-04-07,Kings,031,150075,40,5,1,6,0
2020-04-07,Lake,033,64148,4,1,0,1,0
2020-04-07,Lassen,035,31185,3,0,2,2,0
2020-04-07,Los Angeles,037,10098052,11715,6885,11,6896,170
2020-04-07,Madera,039,155013,60,28,0,28,2
2020-04-07,Marin,041,260295,163,122,1,123,7
2020-04-07,Mariposa,043,17540,0,0,0,0,0
2020-04-07,Mendocino,045,87422,5,4,0,4,0
2020-04-07,Merced,047,269075,67,27,0,27,1
2020-04-07,Modoc,049,8938,0,0,0,0,0
2020-04-07,Mono,051,14174,28,18,0,18,1
2020-04-07,Monterey,053,433212,107,63,0,63,2
2020-04-07,Napa,055,140530,42,18,0,18,2
2020-04-07,Nevada,057,99092,36,20,1,21,1
2020-04-07,Orange,059,3164182,1701,971,16,987,19
2020-04-07,Placer,061,380077,139,94,0,94,3
2020-04-07,Plumas,063,18699,4,3,0,3,0
2020-04-07,Riverside,065,2383286,2151,905,13,918,25
2020-04-07,Sacramento,067,1510023,813,513,0,513,18
2020-04-07,San Benito,069,59416,37,26,0,26,2
2020-04-07,San Bernardino,071,2135413,1163,554,0,554,19
2020-04-07,San Diego,073,3302833,2072,1456,0,1456,31
2020-04-07,San Francisco,075,870044,993,636,0,636,6
2020-04-07,San Joaquin,077,732212,348,198,3,201,12
2020-04-07,San Luis Obispo,079,281455,149,87,1,88,1
2020-04-07,San Mateo,081,765935,866,573,2,575,22
2020-04-07,Santa Barbara,083,443738,305,209,1,210,2
2020-04-07,Santa Clara,085,1922200,1760,1193,4,1197,46
2020-04-07,Santa Cruz,087,273765,100,67,0,67,1
2020-04-07,Shasta,089,179085,29,16,0,16,3
2020-04-07,Sierra,091,2930,0,0,0,0,0
2020-04-07,Siskiyou,093,43540,5,4,0,4,0
2020-04-07,Solano,095,438530,170,99,0,99,1
2020-04-07,Sonoma,097,501317,168,102,0,102,1
2020-04-07,Stanislaus,099,539301,186,83,3,86,0
2020-04-07,Sutter,101,95872,22,16,0,16,2
2020-04-07,Tehama,103,63373,1,1,0,1,0
2020-04-07,Trinity,105,12862,0,0,0,0,0
2020-04-07,Tulare,107,460477,334,144,5,149,5
2020-04-07,Tuolumne,109,53932,3,1,0,1,0
2020-04-07,Ventura,111,848112,409,247,0,247,6
2020-04-07,Yolo,113,214977,101,51,0,51,2
2020-04-07,Yuba,115,75493,14,10,0,10,0
2020-04-06,Alameda,001,1643700,964,527,1,528,13
2020-04-06,Alpine,003,1148,1,1,0,1,0
2020-04-06,Amador,005,37829,6,2,0,2,0
2020-04-06,Butte,007,227075,16,11,1,12,0
2020-04-06,Calaveras,009,45235,9,4,0,4,0
2020-04-06,Colusa,011,21464,3,1,0,1,0
2020-04-06,Contra Costa,013,1133247,642,447,0,447,7
2020-04-06,Del Norte,015,27424,2,2,0,2,0
2020-04-06,El Dorado,017,186661,44,23,0,23,0
2020-04-06,Fresno,019,978130,371,122,4,126,1
2020-04-06,Glenn,021,27897,4,2,0,2,0
2020-04-06,Humboldt,023,135768,55,37,0,37,0
2020-04-06,Imperial,025,180216,121,47,0,47,1
2020-04-06,Inyo,027,18085,11,11,0,11,0
2020-04-06,Kern,029,883053,470,117,0,117,2
2020-04-06,Kings,031,150075,40,3,1,4,0
2020-04-06,Lake,033,64148,4,1,0,1,0
2020-04-06,Lassen,035,31185,3,0,2,2,0
2020-04-06,Los Angeles,037,10098052,10982,6346,11,6357,145
2020-04-06,Madera,039,155013,58,29,0,29,2
2020-04-06,Marin,041,260295,160,119,1,120,7
2020-04-06,Mariposa,043,17540,0,0,0,0,0
2020-04-06,Mendocino,045,87422,5,4,0,4,0
2020-04-06,Merced,047,269075,60,25,0,25,1
2020-04-06,Modoc,049,8938,0,0,0,0,0
2020-04-06,Mono,051,14174,28,18,0,18,1
2020-04-06,Monterey,053,433212,102,62,0,62,2
2020-04-06,Napa,055,140530,42,18,0,18,2
2020-04-06,Nevada,057,99092,36,19,1,20,1
2020-04-06,Orange,059,3164182,1657,910,15,925,17
2020-04-06,Placer,061,380077,139,90,0,90,3
2020-04-06,Plumas,063,18699,4,2,0,2,0
2020-04-06,Riverside,065,2383286,2025,854,13,867,17
2020-04-06,Sacramento,067,1510023,783,448,0,448,15
2020-04-06,San Benito,069,59416,35,25,0,25,1
2020-04-06,San Bernardino,071,2135413,1104,550,0,550,13
2020-04-06,San Diego,073,3302833,1990,1406,0,1406,19
2020-04-06,San Francisco,075,870044,953,586,0,586,6
2020-04-06,San Joaquin,077,732212,333,191,3,194,10
2020-04-06,San Luis Obispo,079,281455,147,85,1,86,1
2020-04-06,San Mateo,081,765935,848,569,2,571,20
2020-04-06,Santa Barbara,083,443738,296,189,1,190,2
2020-04-06,Santa Clara,085,1922200,1707,1128,4,1132,43
2020-04-06,Santa Cruz,087,273765,98,65,0,65,1
2020-04-06,Shasta,089,179085,29,16,0,16,3
2020-04-06,Sierra,091,2930,0,0,0,0,0
2020-04-06,Siskiyou,093,43540,4,4,0,4,0
2020-04-06,Solano,095,438530,163,95,0,95,1
2020-04-06,Sonoma,097,501317,167,102,0,102,1
2020-04-06,Stanislaus,099,539301,170,72,3,75,0
2020-04-06,Sutter,101,95872,22,14,0,14,2
2020-04-06,Tehama,103,63373,1,1,0,1,0
2020-04-06,Trinity,105,12862,0,0,0,0,0
2020-04-06,Tulare,107,460477,318,126,5,131,5
2020-04-06,Tuolumne,109,53932,3,1,0,1,0
2020-04-06,Ventura,111,848112,391,234,0,234,6
2020-04-06,Yolo,113,214977,97,43,0,43,1
2020-04-06,Yuba,115,75493,14,8,0,8,0
2020-04-05,Alameda,001,1643700,922,475,1,476,12
2020-04-05,Alpine,003,1148,1,1,0,1,0
2020-04-05,Amador,005,37829,6,2,0,2,0
2020-04-05,Butte,007,227075,16,10,1,11,0
2020-04-05,Calaveras,009,45235,9,3,0,3,0
2020-04-05,Colusa,011,21464,3,1,0,1,0
2020-04-05,Contra Costa,013,1133247,625,415,0,415,6
2020-04-05,Del Norte,015,27424,2,1,0,1,0
2020-04-05,El Dorado,017,186661,42,19,0,19,0
2020-04-05,Fresno,019,978130,337,102,4,106,1
2020-04-05,Glenn,021,27897,4,2,0,2,0
2020-04-05,Humboldt,023,135768,55,29,0,29,0
2020-04-05,Imperial,025,180216,113,42,0,42,1
2020-04-05,Inyo,027,18085,11,10,0,10,0
2020-04-05,Kern,029,883053,415,109,0,109,2
2020-04-05,Kings,031,150075,39,4,1,5,0
2020-04-05,Lake,033,64148,4,0,0,0,0
2020-04-05,Lassen,035,31185,3,0,2,2,0
2020-04-05,Los Angeles,037,10098052,10412,5892,11,5903,130
2020-04-05,Madera,039,155013,57,27,0,27,2
2020-04-05,Marin,041,260295,160,113,1,114,6
2020-04-05,Mariposa,043,17540,0,0,0,0,0
2020-04-05,Mendocino,045,87422,5,4,0,4,0
2020-04-05,Merced,047,269075,53,16,0,16,0
2020-04-05,Modoc,049,8938,0,0,0,0,0
2020-04-05,Mono,051,14174,28,18,0,18,1
2020-04-05,Monterey,053,433212,95,61,0,61,2
2020-04-05,Napa,055,140530,40,15,0,15,2
2020-04-05,Nevada,057,99092,36,19,1,20,1
2020-04-05,Orange,059,3164182,1600,820,15,835,15
2020-04-05,Placer,061,380077,136,86,0,86,3
2020-04-05,Plumas,063,18699,3,2,0,2,0
2020-04-05,Riverside,065,2383286,1896,669,13,682,17
2020-04-05,Sacramento,067,1510023,752,393,0,393,11
2020-04-05,San Benito,069,59416,35,22,0,22,1
2020-04-05,San Bernardino,071,2135413,1030,375,0,375,13
2020-04-05,San Diego,073,3302833,1908,1328,0,1328,19
2020-04-05,San Francisco,075,870044,906,559,0,559,6
2020-04-05,San Joaquin,077,732212,318,179,3,182,10
2020-04-05,San Luis Obispo,079,281455,145,83,1,84,1
2020-04-05,San Mateo,081,765935,828,528,2,530,19
2020-04-05,Santa Barbara,083,443738,280,171,1,172,1
2020-04-05,Santa Clara,085,1922200,1660,1052,4,1056,42
2020-04-05,Santa Cruz,087,273765,98,59,0,59,1
2020-04-05,Shasta,089,179085,28,11,0,11,2
2020-04-05,Sierra,091,2930,0,0,0,0,0
2020-04-05,Siskiyou,093,43540,4,3,0,3,0
2020-04-05,Solano,095,438530,159,78,0,78,1
2020-04-05,Sonoma,097,501317,165,88,0,88,1
2020-04-05,Stanislaus,099,539301,156,51,3,54,0
2020-04-05,Sutter,101,95872,22,14,0,14,1
2020-04-05,Tehama,103,63373,1,1,0,1,0
2020-04-05,Trinity,105,12862,0,0,0,0,0
2020-04-05,Tulare,107,460477,281,81,5,86,4
2020-04-05,Tuolumne,109,53932,3,1,0,1,0
2020-04-05,Ventura,111,848112,377,196,0,196,6
2020-04-05,Yolo,113,214977,78,37,0,37,2
2020-04-05,Yuba,115,75493,14,7,0,7,0
2020-04-04,Alameda,001,1643700,899,468,1,469,12
2020-04-04,Alpine,003,1148,1,1,0,1,0
2020-04-04,Amador,005,37829,5,2,0,2,0
2020-04-04,Butte,007,227075,16,10,1,11,0
2020-04-04,Calaveras,009,45235,9,3,0,3,0
2020-04-04,Colusa,011,21464,3,1,0,1,0
2020-04-04,Contra Costa,013,1133247,617,382,0,382,5
2020-04-04,Del Norte,015,27424,2,1,0,1,0
2020-04-04,El Dorado,017,186661,42,19,0,19,0
2020-04-04,Fresno,019,978130,327,102,4,106,1
2020-04-04,Glenn,021,27897,4,2,0,2,0
2020-04-04,Humboldt,023,135768,55,29,0,29,0
2020-04-04,Imperial,025,180216,112,42,0,42,1
2020-04-04,Inyo,027,18085,11,10,0,10,0
2020-04-04,Kern,029,883053,385,103,0,103,2
2020-04-04,Kings,031,150075,39,3,1,4,0
2020-04-04,Lake,033,64148,4,0,0,0,0
2020-04-04,Lassen,035,31185,3,0,2,2,0
2020-04-04,Los Angeles,037,10098052,9794,5275,11,5286,117
2020-04-04,Madera,039,155013,55,27,0,27,2
2020-04-04,Marin,041,260295,158,111,0,111,6
2020-04-04,Mariposa,043,17540,0,0,0,0,0
2020-04-04,Mendocino,045,87422,5,4,0,4,0
2020-04-04,Merced,047,269075,49,11,0,11,0
2020-04-04,Modoc,049,8938,0,0,0,0,0
2020-04-04,Mono,051,14174,28,18,0,18,1
2020-04-04,Monterey,053,433212,91,61,0,61,2
2020-04-04,Napa,055,140530,40,15,0,15,2
2020-04-04,Nevada,057,99092,36,19,1,20,1
2020-04-04,Orange,059,3164182,1558,781,14,795,15
2020-04-04,Placer,061,380077,135,87,0,87,2
2020-04-04,Plumas,063,18699,3,2,0,2,0
2020-04-04,Riverside,065,2383286,1795,652,13,665,15
2020-04-04,Sacramento,067,1510023,734,393,0,393,11
2020-04-04,San Benito,069,59416,35,22,0,22,1
2020-04-04,San Bernardino,071,2135413,982,373,0,373,13
2020-04-04,San Diego,073,3302833,1860,1211,0,1211,18
2020-04-04,San Francisco,075,870044,868,537,0,537,6
2020-04-04,San Joaquin,077,732212,295,171,3,174,10
2020-04-04,San Luis Obispo,079,281455,145,82,1,83,0
2020-04-04,San Mateo,081,765935,816,520,2,522,17
2020-04-04,Santa Barbara,083,443738,271,167,1,168,1
2020-04-04,Santa Clara,085,1922200,1608,1045,4,1049,39
2020-04-04,Santa Cruz,087,273765,98,56,0,56,1
2020-04-04,Shasta,089,179085,27,11,0,11,2
2020-04-04,Sierra,091,2930,0,0,0,0,0
2020-04-04,Siskiyou,093,43540,4,3,0,3,0
2020-04-04,Solano,095,438530,154,79,0,79,1
2020-04-04,Sonoma,097,501317,162,88,0,88,1
2020-04-04,Stanislaus,099,539301,145,51,3,54,0
2020-04-04,Sutter,101,95872,22,14,0,14,1
2020-04-04,Tehama,103,63373,1,1,0,1,0
2020-04-04,Trinity,105,12862,0,0,0,0,0
2020-04-04,Tulare,107,460477,267,79,5,84,4
2020-04-04,Tuolumne,109,53932,3,1,0,1,0
2020-04-04,Ventura,111,848112,364,194,0,194,6
2020-04-04,Yolo,113,214977,76,40,0,40,2
2020-04-04,Yuba,115,75493,13,7,0,7,0
2020-04-03,Alameda,001,1643700,863,395,1,396,11
2020-04-03,Alpine,003,1148,1,1,0,1,0
2020-04-03,Amador,005,37829,5,2,0,2,0
2020-04-03,Butte,007,227075,16,8,1,9,0
2020-04-03,Calaveras,009,45235,9,3,0,3,0
2020-04-03,Colusa,011,21464,3,1,0,1,0
2020-04-03,Contra Costa,013,1133247,594,327,0,327,5
2020-04-03,Del Norte,015,27424,2,1,0,1,0
2020-04-03,El Dorado,017,186661,40,16,0,16,0
2020-04-03,Fresno,019,978130,315,98,4,102,1
2020-04-03,Glenn,021,27897,4,2,0,2,0
2020-04-03,Humboldt,023,135768,55,34,0,34,0
2020-04-03,Imperial,025,180216,103,35,0,35,0
2020-04-03,Inyo,027,18085,11,10,0,10,0
2020-04-03,Kern,029,883053,359,87,0,87,1
2020-04-03,Kings,031,150075,37,3,1,4,0
2020-04-03,Lake,033,64148,3,0,0,0,0
2020-04-03,Lassen,035,31185,3,0,2,2,0
2020-04-03,Los Angeles,037,10098052,9178,4566,11,4577,91
2020-04-03,Madera,039,155013,54,28,0,28,2
2020-04-03,Marin,041,260295,156,106,0,106,6
2020-04-03,Mariposa,043,17540,0,0,0,0,0
2020-04-03,Mendocino,045,87422,5,4,0,4,0
2020-04-03,Merced,047,269075,46,9,0,9,0
2020-04-03,Modoc,049,8938,0,0,0,0,0
2020-04-03,Mono,051,14174,28,18,0,18,1
2020-04-03,Monterey,053,433212,88,58,0,58,2
2020-04-03,Napa,055,140530,39,13,0,13,1
2020-04-03,Nevada,057,99092,36,19,1,20,1
2020-04-03,Orange,059,3164182,1519,713,14,727,13
2020-04-03,Placer,061,380077,131,76,0,76,2
2020-04-03,Plumas,063,18699,3,2,0,2,0
2020-04-03,Riverside,065,2383286,1715,540,13,553,14
2020-04-03,Sacramento,067,1510023,713,363,0,363,11
2020-04-03,San Benito,069,59416,35,22,0,22,1
2020-04-03,San Bernardino,071,2135413,937,356,0,356,11
2020-04-03,San Diego,073,3302833,1800,1114,0,1114,17
2020-04-03,San Francisco,075,870044,844,506,0,506,6
2020-04-03,San Joaquin,077,732212,283,162,3,165,10
2020-04-03,San Luis Obispo,079,281455,144,82,1,83,0
2020-04-03,San Mateo,081,765935,799,474,2,476,13
2020-04-03,Santa Barbara,083,443738,260,154,1,155,1
2020-04-03,Santa Clara,085,1922200,1572,983,4,987,39
2020-04-03,Santa Cruz,087,273765,98,52,0,52,1
2020-04-03,Shasta,089,179085,27,10,0,10,1
2020-04-03,Sierra,091,2930,0,0,0,0,0
2020-04-03,Siskiyou,093,43540,4,3,0,3,0
2020-04-03,Solano,095,438530,146,72,0,72,1
2020-04-03,Sonoma,097,501317,162,84,0,84,1
2020-04-03,Stanislaus,099,539301,139,48,3,51,0
2020-04-03,Sutter,101,95872,22,12,0,12,1
2020-04-03,Tehama,103,63373,1,1,0,1,0
2020-04-03,Trinity,105,12862,0,0,0,0,0
2020-04-03,Tulare,107,460477,253,73,5,78,3
2020-04-03,Tuolumne,109,53932,3,1,0,1,0
2020-04-03,Ventura,111,848112,354,186,0,186,6
2020-04-03,Yolo,113,214977,75,33,0,33,1
2020-04-03,Yuba,115,75493,13,6,0,6,0
2020-04-02,Alameda,001,1643700,812,345,1,346,10
2020-04-02,Alpine,003,1148,1,1,0,1,0
2020-04-02,Amador,005,37829,5,2,0,2,0
2020-04-02,Butte,007,227075,16,7,0,7,0
2020-04-02,Calaveras,009,45235,7,3,0,3,0
2020-04-02,Colusa,011,21464,3,1,0,1,0
2020-04-02,Contra Costa,013,1133247,564,297,0,297,3
2020-04-02,Del Norte,015,27424,2,0,0,0,0
2020-04-02,El Dorado,017,186661,38,16,0,16,0
2020-04-02,Fresno,019,978130,299,92,4,96,0
2020-04-02,Glenn,021,27897,3,2,0,2,0
2020-04-02,Humboldt,023,135768,51,23,0,23,0
2020-04-02,Imperial,025,180216,99,24,0,24,0
2020-04-02,Inyo,027,18085,10,8,0,8,0
2020-04-02,Kern,029,883053,332,74,0,74,0
2020-04-02,Kings,031,150075,37,3,1,4,0
2020-04-02,Lake,033,64148,3,0,0,0,0
2020-04-02,Lassen,035,31185,3,0,2,2,0
2020-04-02,Los Angeles,037,10098052,8345,4040,11,4051,79
2020-04-02,Madera,039,155013,52,25,0,25,1
2020-04-02,Marin,041,260295,150,102,0,102,1
2020-04-02,Mariposa,043,17540,0,0,0,0,0
2020-04-02,Mendocino,045,87422,5,4,0,4,0
2020-04-02,Merced,047,269075,41,9,0,9,0
2020-04-02,Modoc,049,8938,0,0,0,0,0
2020-04-02,Mono,051,14174,28,16,0,16,1
2020-04-02,Monterey,053,433212,86,50,0,50,2
2020-04-02,Napa,055,140530,39,13,0,13,0
2020-04-02,Nevada,057,99092,35,17,1,18,0
2020-04-02,Orange,059,3164182,1467,640,13,653,12
2020-04-02,Placer,061,380077,130,72,0,72,2
2020-04-02,Plumas,063,18699,3,1,0,1,0
2020-04-02,Riverside,065,2383286,1598,438,13,451,13
2020-04-02,Sacramento,067,1510023,695,322,0,322,9
2020-04-02,San Benito,069,59416,33,18,0,18,1
2020-04-02,San Bernardino,071,2135413,882,335,0,335,8
2020-04-02,San Diego,073,3302833,1733,968,0,968,16
2020-04-02,San Francisco,075,870044,817,473,0,473,6
2020-04-02,San Joaquin,077,732212,264,148,3,151,9
2020-04-02,San Luis Obispo,079,281455,139,79,1,80,0
2020-04-02,San Mateo,081,765935,778,423,2,425,13
2020-04-02,Santa Barbara,083,443738,249,125,1,126,1
2020-04-02,Santa Clara,085,1922200,1521,908,4,912,38
2020-04-02,Santa Cruz,087,273765,96,49,0,49,1
2020-04-02,Shasta,089,179085,26,7,0,7,1
2020-04-02,Sierra,091,2930,0,0,0,0,0
2020-04-02,Siskiyou,093,43540,4,3,0,3,0
2020-04-02,Solano,095,438530,136,65,0,65,0
2020-04-02,Sonoma,097,501317,158,76,0,76,1
2020-04-02,Stanislaus,099,539301,128,40,3,43,0
2020-04-02,Sutter,101,95872,21,10,0,10,1
2020-04-02,Tehama,103,63373,1,1,0,1,0
2020-04-02,Trinity,105,12862,0,0,0,0,0
2020-04-02,Tulare,107,460477,219,64,5,69,1
2020-04-02,Tuolumne,109,53932,3,1,0,1,0
2020-04-02,Ventura,111,848112,336,178,0,178,5
2020-04-02,Yolo,113,214977,73,29,0,29,1
2020-04-02,Yuba,115,75493,10,5,0,5,0
2020-04-01,Alameda,001,1643700,785,287,1,288,8
2020-04-01,Alpine,003,1148,1,1,0,1,0
2020-04-01,Amador,005,37829,5,1,0,1,0
2020-04-01,Butte,007,227075,16,6,0,6,0
2020-04-01,Calaveras,009,45235,6,3,0,3,0
2020-04-01,Colusa,011,21464,3,1,0,1,0
2020-04-01,Contra Costa,013,1133247,521,267,0,267,3
2020-04-01,Del Norte,015,27424,2,0,0,0,0
2020-04-01,El Dorado,017,186661,37,14,0,14,0
2020-04-01,Fresno,019,978130,277,75,3,78,0
2020-04-01,Glenn,021,27897,3,2,0,2,0
2020-04-01,Humboldt,023,135768,51,19,0,19,0
2020-04-01,Imperial,025,180216,93,25,0,25,0
2020-04-01,Inyo,027,18085,10,8,0,8,0
2020-04-01,Kern,029,883053,305,53,0,53,0
2020-04-01,Kings,031,150075,35,3,1,4,0
2020-04-01,Lake,033,64148,3,0,0,0,0
2020-04-01,Lassen,035,31185,3,0,2,2,0
2020-04-01,Los Angeles,037,10098052,7695,3502,11,3513,66
2020-04-01,Madera,039,155013,50,17,0,17,1
2020-04-01,Marin,041,260295,146,87,0,87,1
2020-04-01,Mariposa,043,17540,0,0,0,0,0
2020-04-01,Mendocino,045,87422,5,4,0,4,0
2020-04-01,Merced,047,269075,38,7,0,7,0
2020-04-01,Modoc,049,8938,0,0,0,0,0
2020-04-01,Mono,051,14174,28,12,0,12,1
2020-04-01,Monterey,053,433212,85,47,0,47,2
2020-04-01,Napa,055,140530,36,11,0,11,0
2020-04-01,Nevada,057,99092,35,15,1,16,0
2020-04-01,Orange,059,3164182,1415,579,13,592,11
2020-04-01,Placer,061,380077,128,52,0,52,2
2020-04-01,Plumas,063,18699,3,1,0,1,0
2020-04-01,Riverside,065,2383286,1430,306,12,318,11
2020-04-01,Sacramento,067,1510023,662,299,0,299,8
2020-04-01,San Benito,069,59416,30,14,0,14,1
2020-04-01,San Bernardino,071,2135413,833,245,0,245,5
2020-04-01,San Diego,073,3302833,1663,851,0,851,11
2020-04-01,San Francisco,075,870044,789,432,0,432,6
2020-04-01,San Joaquin,077,732212,252,132,3,135,8
2020-04-01,San Luis Obispo,079,281455,133,69,1,70,0
2020-04-01,San Mateo,081,765935,760,354,2,356,13
2020-04-01,Santa Barbara,083,443738,236,103,1,104,0
2020-04-01,Santa Clara,085,1922200,1479,805,4,809,33
2020-04-01,Santa Cruz,087,273765,91,44,0,44,1
2020-04-01,Shasta,089,179085,25,5,0,5,1
2020-04-01,Sierra,091,2930,0,0,0,0,0
2020-04-01,Siskiyou,093,43540,4,3,0,3,0
2020-04-01,Solano,095,438530,131,57,0,57,0
2020-04-01,Sonoma,097,501317,154,60,0,60,1
2020-04-01,Stanislaus,099,539301,117,29,3,32,0
2020-04-01,Sutter,101,95872,21,9,0,9,1
2020-04-01,Tehama,103,63373,1,0,0,0,0
2020-04-01,Trinity,105,12862,0,0,0,0,0
2020-04-01,Tulare,107,460477,181,43,5,48,1
2020-04-01,Tuolumne,109,53932,3,1,0,1,0
2020-04-01,Ventura,111,848112,323,154,0,154,5
2020-04-01,Yolo,113,214977,68,22,0,22,1
2020-04-01,Yuba,115,75493,9,5,0,5,0
2020-03-31,Alameda,001,1643700,717,269,1,270,7
2020-03-31,Alpine,003,1148,1,1,0,1,0
2020-03-31,Amador,005,37829,5,1,0,1,0
2020-03-31,Butte,007,227075,16,6,0,6,0
2020-03-31,Calaveras,009,45235,6,3,0,3,0
2020-03-31,Colusa,011,21464,3,1,0,1,0
2020-03-31,Contra Costa,013,1133247,496,246,0,246,3
2020-03-31,Del Norte,015,27424,1,0,0,0,0
2020-03-31,El Dorado,017,186661,33,14,0,14,0
2020-03-31,Fresno,019,978130,252,59,3,62,0
2020-03-31,Glenn,021,27897,3,2,0,2,0
2020-03-31,Humboldt,023,135768,51,18,0,18,0
2020-03-31,Imperial,025,180216,88,17,0,17,0
2020-03-31,Inyo,027,18085,10,8,0,8,0
2020-03-31,Kern,029,883053,281,47,0,47,0
2020-03-31,Kings,031,150075,33,2,1,3,0
2020-03-31,Lake,033,64148,1,0,0,0,0
2020-03-31,Lassen,035,31185,3,0,2,2,0
2020-03-31,Los Angeles,037,10098052,7030,3001,11,3012,53
2020-03-31,Madera,039,155013,49,17,0,17,1
2020-03-31,Marin,041,260295,137,85,0,85,1
2020-03-31,Mariposa,043,17540,0,0,0,0,0
2020-03-31,Mendocino,045,87422,5,4,0,4,0
2020-03-31,Merced,047,269075,33,6,0,6,0
2020-03-31,Modoc,049,8938,0,0,0,0,0
2020-03-31,Mono,051,14174,26,12,0,12,0
2020-03-31,Monterey,053,433212,83,43,0,43,2
2020-03-31,Napa,055,140530,35,9,0,9,0
2020-03-31,Nevada,057,99092,35,15,1,16,0
2020-03-31,Orange,059,3164182,1345,506,13,519,7
2020-03-31,Placer,061,380077,121,49,0,49,2
2020-03-31,Plumas,063,18699,1,0,0,0,0
2020-03-31,Riverside,065,2383286,1284,284,12,296,8
2020-03-31,Sacramento,067,1510023,610,271,0,271,8
2020-03-31,San Benito,069,59416,30,14,0,14,1
2020-03-31,San Bernardino,071,2135413,748,193,0,193,5
2020-03-31,San Diego,073,3302833,1581,736,0,736,9
2020-03-31,San Francisco,075,870044,754,404,0,404,5
2020-03-31,San Joaquin,077,732212,236,122,3,125,7
2020-03-31,San Luis Obispo,079,281455,129,67,1,68,0
2020-03-31,San Mateo,081,765935,741,297,2,299,12
2020-03-31,Santa Barbara,083,443738,221,89,1,90,0
2020-03-31,Santa Clara,085,1922200,1429,777,4,781,30
2020-03-31,Santa Cruz,087,273765,84,40,0,40,1
2020-03-31,Shasta,089,179085,22,5,0,5,1
2020-03-31,Sierra,091,2930,0,0,0,0,0
2020-03-31,Siskiyou,093,43540,4,3,0,3,0
2020-03-31,Solano,095,438530,117,56,0,56,0
2020-03-31,Sonoma,097,501317,149,58,0,58,1
2020-03-31,Stanislaus,099,539301,102,28,3,31,0
2020-03-31,Sutter,101,95872,21,8,0,8,0
2020-03-31,Tehama,103,63373,1,0,0,0,0
2020-03-31,Trinity,105,12862,0,0,0,0,0
2020-03-31,Tulare,107,460477,158,42,4,46,1
2020-03-31,Tuolumne,109,53932,3,1,0,1,0
2020-03-31,Ventura,111,848112,312,143,0,143,4
2020-03-31,Yolo,113,214977,61,21,0,21,1
2020-03-31,Yuba,115,75493,9,5,0,5,0
2020-03-30,Alameda,001,1643700,677,250,1,251,7
2020-03-30,Alpine,003,1148,1,1,0,1,0
2020-03-30,Amador,005,37829,5,1,0,1,0
2020-03-30,Butte,007,227075,14,5,0,5,0
2020-03-30,Calaveras,009,45235,6,3,0,3,0
2020-03-30,Colusa,011,21464,3,1,0,1,0
2020-03-30,Contra Costa,013,1133247,470,212,0,212,3
2020-03-30,Del Norte,015,27424,0,0,0,0,0
2020-03-30,El Dorado,017,186661,33,11,0,11,0
2020-03-30,Fresno,019,978130,227,46,3,49,0
2020-03-30,Glenn,021,27897,3,2,0,2,0
2020-03-30,Humboldt,023,135768,49,11,0,11,0
2020-03-30,Imperial,025,180216,85,9,0,9,0
2020-03-30,Inyo,027,18085,10,5,0,5,0
2020-03-30,Kern,029,883053,248,30,0,30,0
2020-03-30,Kings,031,150075,33,1,1,2,0
2020-03-30,Lake,033,64148,1,0,0,0,0
2020-03-30,Lassen,035,31185,3,0,1,1,0
2020-03-30,Los Angeles,037,10098052,6374,2467,11,2478,44
2020-03-30,Madera,039,155013,48,14,0,14,1
2020-03-30,Marin,041,260295,130,78,0,78,0
2020-03-30,Mariposa,043,17540,0,0,0,0,0
2020-03-30,Mendocino,045,87422,5,2,0,2,0
2020-03-30,Merced,047,269075,29,6,0,6,0
2020-03-30,Modoc,049,8938,0,0,0,0,0
2020-03-30,Mono,051,14174,26,11,0,11,0
2020-03-30,Monterey,053,433212,78,41,0,41,1
2020-03-30,Napa,055,140530,34,9,0,9,0
2020-03-30,Nevada,057,99092,34,14,1,15,0
2020-03-30,Orange,059,3164182,1279,418,13,431,5
2020-03-30,Placer,061,380077,118,44,0,44,2
2020-03-30,Plumas,063,18699,1,0,0,0,0
2020-03-30,Riverside,065,2383286,1203,204,12,216,7
2020-03-30,Sacramento,067,1510023,586,238,0,238,8
2020-03-30,San Benito,069,59416,30,11,0,11,1
2020-03-30,San Bernardino,071,2135413,704,145,0,145,4
2020-03-30,San Diego,073,3302833,1511,605,0,605,7
2020-03-30,San Francisco,075,870044,714,368,0,368,5
2020-03-30,San Joaquin,077,732212,229,112,3,115,5
2020-03-30,San Luis Obispo,079,281455,126,62,1,63,0
2020-03-30,San Mateo,081,765935,717,257,2,259,11
2020-03-30,Santa Barbara,083,443738,212,79,1,80,0
2020-03-30,Santa Clara,085,1922200,1398,745,3,748,31
2020-03-30,Santa Cruz,087,273765,81,36,0,36,1
2020-03-30,Shasta,089,179085,21,4,0,4,1
2020-03-30,Sierra,091,2930,0,0,0,0,0
2020-03-30,Siskiyou,093,43540,4,2,0,2,0
2020-03-30,Solano,095,438530,111,50,0,50,0
2020-03-30,Sonoma,097,501317,146,57,0,57,1
2020-03-30,Stanislaus,099,539301,95,28,3,31,0
2020-03-30,Sutter,101,95872,20,6,0,6,0
2020-03-30,Tehama,103,63373,1,0,0,0,0
2020-03-30,Trinity,105,12862,0,0,0,0,0
2020-03-30,Tulare,107,460477,146,40,3,43,1
2020-03-30,Tuolumne,109,53932,3,1,0,1,0
2020-03-30,Ventura,111,848112,301,118,0,118,2
2020-03-30,Yolo,113,214977,58,17,0,17,1
2020-03-30,Yuba,115,75493,8,5,0,5,0
2020-03-29,Alameda,001,1643700,643,207,1,208,6
2020-03-29,Alpine,003,1148,1,0,0,0,0
2020-03-29,Amador,005,37829,5,1,0,1,0
2020-03-29,Butte,007,227075,14,4,0,4,0
2020-03-29,Calaveras,009,45235,6,2,0,2,0
2020-03-29,Colusa,011,21464,3,1,0,1,0
2020-03-29,Contra Costa,013,1133247,440,187,0,187,3
2020-03-29,Del Norte,015,27424,0,0,0,0,0
2020-03-29,El Dorado,017,186661,32,9,0,9,0
2020-03-29,Fresno,019,978130,203,31,3,34,0
2020-03-29,Glenn,021,27897,2,1,0,1,0
2020-03-29,Humboldt,023,135768,46,9,0,9,0
2020-03-29,Imperial,025,180216,79,9,0,9,0
2020-03-29,Inyo,027,18085,9,0,0,0,0
2020-03-29,Kern,029,883053,230,20,0,20,0
2020-03-29,Kings,031,150075,30,1,1,2,0
2020-03-29,Lake,033,64148,0,0,0,0,0
2020-03-29,Lassen,035,31185,3,0,1,1,0
2020-03-29,Los Angeles,037,10098052,5729,2119,11,2130,37
2020-03-29,Madera,039,155013,43,11,0,11,1
2020-03-29,Marin,041,260295,125,60,0,60,0
2020-03-29,Mariposa,043,17540,0,0,0,0,0
2020-03-29,Mendocino,045,87422,5,2,0,2,0
2020-03-29,Merced,047,269075,28,4,0,4,0
2020-03-29,Modoc,049,8938,0,0,0,0,0
2020-03-29,Mono,051,14174,26,8,0,8,0
2020-03-29,Monterey,053,433212,73,36,0,36,1
2020-03-29,Napa,055,140530,32,5,0,5,0
2020-03-29,Nevada,057,99092,32,13,1,14,0
2020-03-29,Orange,059,3164182,1206,343,13,356,2
2020-03-29,Placer,061,380077,117,35,0,35,2
2020-03-29,Plumas,063,18699,1,0,0,0,0
2020-03-29,Riverside,065,2383286,1079,122,12,134,7
2020-03-29,Sacramento,067,1510023,546,217,0,217,7
2020-03-29,San Benito,069,59416,29,10,0,10,1
2020-03-29,San Bernardino,071,2135413,652,94,0,94,2
2020-03-29,San Diego,073,3302833,1439,521,0,521,7
2020-03-29,San Francisco,075,870044,670,333,0,333,5
2020-03-29,San Joaquin,077,732212,220,86,3,89,4
2020-03-29,San Luis Obispo,079,281455,119,55,0,55,0
2020-03-29,San Mateo,081,765935,692,234,2,236,12
2020-03-29,Santa Barbara,083,443738,204,52,1,53,0
2020-03-29,Santa Clara,085,1922200,1341,591,3,594,30
2020-03-29,Santa Cruz,087,273765,81,33,0,33,1
2020-03-29,Shasta,089,179085,20,4,0,4,1
2020-03-29,Sierra,091,2930,0,0,0,0,0
2020-03-29,Siskiyou,093,43540,4,2,0,2,0
2020-03-29,Solano,095,438530,103,48,0,48,0
2020-03-29,Sonoma,097,501317,144,35,0,35,1
2020-03-29,Stanislaus,099,539301,90,19,3,22,0
2020-03-29,Sutter,101,95872,17,6,0,6,0
2020-03-29,Tehama,103,63373,1,0,0,0,0
2020-03-29,Trinity,105,12862,0,0,0,0,0
2020-03-29,Tulare,107,460477,121,24,3,27,1
2020-03-29,Tuolumne,109,53932,2,1,0,1,0
2020-03-29,Ventura,111,848112,274,92,0,92,2
2020-03-29,Yolo,113,214977,53,13,0,13,1
2020-03-29,Yuba,115,75493,8,3,0,3,0
2020-03-28,Alameda,001,1643700,616,410,1,411,12
2020-03-28,Alpine,003,1148,1,0,0,0,0
2020-03-28,Amador,005,37829,5,2,0,2,0
2020-03-28,Butte,007,227075,14,8,0,8,0
2020-03-28,Calaveras,009,45235,6,4,0,4,0
2020-03-28,Colusa,011,21464,3,2,0,2,0
2020-03-28,Contra Costa,013,1133247,417,350,0,350,4
2020-03-28,Del Norte,015,27424,0,0,0,0,0
2020-03-28,El Dorado,017,186661,31,18,0,18,0
2020-03-28,Fresno,019,978130,193,62,3,65,0
2020-03-28,Glenn,021,27897,2,2,0,2,0
2020-03-28,Humboldt,023,135768,46,18,0,18,0
2020-03-28,Imperial,025,180216,74,18,0,18,0
2020-03-28,Inyo,027,18085,9,0,0,0,0
2020-03-28,Kern,029,883053,213,40,0,40,0
2020-03-28,Kings,031,150075,29,2,1,3,0
2020-03-28,Lake,033,64148,0,0,0,0,0
2020-03-28,Lassen,035,31185,3,0,1,1,0
2020-03-28,Los Angeles,037,10098052,5344,3600,10,3610,64
2020-03-28,Madera,039,155013,43,22,0,22,2
2020-03-28,Marin,041,260295,120,116,0,116,0
2020-03-28,Mariposa,043,17540,0,0,0,0,0
2020-03-28,Mendocino,045,87422,5,4,0,4,0
2020-03-28,Merced,047,269075,27,8,0,8,0
2020-03-28,Modoc,049,8938,0,0,0,0,0
2020-03-28,Mono,051,14174,24,12,0,12,0
2020-03-28,Monterey,053,433212,72,64,0,64,2
2020-03-28,Napa,055,140530,27,10,0,10,0
2020-03-28,Nevada,057,99092,32,22,1,23,0
2020-03-28,Orange,059,3164182,1170,656,13,669,4
2020-03-28,Placer,061,380077,112,70,0,70,2
2020-03-28,Plumas,063,18699,1,0,0,0,0
2020-03-28,Riverside,065,2383286,1011,242,12,254,14
2020-03-28,Sacramento,067,1510023,528,406,0,406,14
2020-03-28,San Benito,069,59416,29,20,0,20,2
2020-03-28,San Bernardino,071,2135413,604,162,0,162,4
2020-03-28,San Diego,073,3302833,1380,980,0,980,14
2020-03-28,San Francisco,075,870044,646,600,0,600,6
2020-03-28,San Joaquin,077,732212,212,166,3,169,8
2020-03-28,San Luis Obispo,079,281455,117,104,0,104,0
2020-03-28,San Mateo,081,765935,672,462,2,464,17
2020-03-28,Santa Barbara,083,443738,194,98,1,99,0
2020-03-28,Santa Clara,085,1922200,1322,1174,3,1177,54
2020-03-28,Santa Cruz,087,273765,80,62,0,62,0
2020-03-28,Shasta,089,179085,20,8,0,8,2
2020-03-28,Sierra,091,2930,0,0,0,0,0
2020-03-28,Siskiyou,093,43540,4,4,0,4,0
2020-03-28,Solano,095,438530,99,96,0,96,0
2020-03-28,Sonoma,097,501317,142,70,0,70,2
2020-03-28,Stanislaus,099,539301,85,34,3,37,0
2020-03-28,Sutter,101,95872,17,6,0,6,0
2020-03-28,Tehama,103,63373,1,0,0,0,0
2020-03-28,Trinity,105,12862,0,0,0,0,0
2020-03-28,Tulare,107,460477,114,46,3,49,0
2020-03-28,Tuolumne,109,53932,2,2,0,2,0
2020-03-28,Ventura,111,848112,270,178,0,178,4
2020-03-28,Yolo,113,214977,52,26,0,26,2
2020-03-28,Yuba,115,75493,8,6,0,6,0
2020-03-27,Alameda,001,1643700,597,185,1,186,4
2020-03-27,Alpine,003,1148,1,0,0,0,0
2020-03-27,Amador,005,37829,4,1,0,1,0
2020-03-27,Butte,007,227075,12,4,0,4,0
2020-03-27,Calaveras,009,45235,6,2,0,2,0
2020-03-27,Colusa,011,21464,3,0,0,0,0
2020-03-27,Contra Costa,013,1133247,396,161,0,161,2
2020-03-27,Del Norte,015,27424,0,0,0,0,0
2020-03-27,El Dorado,017,186661,29,9,0,9,0
2020-03-27,Fresno,019,978130,181,29,2,31,0
2020-03-27,Glenn,021,27897,2,0,0,0,0
2020-03-27,Humboldt,023,135768,42,9,0,9,0
2020-03-27,Imperial,025,180216,69,9,0,9,0
2020-03-27,Inyo,027,18085,9,0,0,0,0
2020-03-27,Kern,029,883053,200,20,0,20,0
2020-03-27,Kings,031,150075,28,0,1,1,0
2020-03-27,Lake,033,64148,0,0,0,0,0
2020-03-27,Lassen,035,31185,3,0,1,1,0
2020-03-27,Los Angeles,037,10098052,4934,1474,10,1484,26
2020-03-27,Madera,039,155013,41,10,0,10,1
2020-03-27,Marin,041,260295,115,58,0,58,0
2020-03-27,Mariposa,043,17540,0,0,0,0,0
2020-03-27,Mendocino,045,87422,5,2,0,2,0
2020-03-27,Merced,047,269075,26,3,0,3,0
2020-03-27,Modoc,049,8938,0,0,0,0,0
2020-03-27,Mono,051,14174,24,6,0,6,0
2020-03-27,Monterey,053,433212,69,26,0,26,1
2020-03-27,Napa,055,140530,27,5,0,5,0
2020-03-27,Nevada,057,99092,32,6,1,7,0
2020-03-27,Orange,059,3164182,1120,299,13,312,2
2020-03-27,Placer,061,380077,109,33,0,33,1
2020-03-27,Plumas,063,18699,0,0,0,0,0
2020-03-27,Riverside,065,2383286,955,121,12,133,7
2020-03-27,Sacramento,067,1510023,505,163,0,163,6
2020-03-27,San Benito,069,59416,28,9,0,9,1
2020-03-27,San Bernardino,071,2135413,514,77,0,77,2
2020-03-27,San Diego,073,3302833,1323,419,0,419,5
2020-03-27,San Francisco,075,870044,621,285,0,285,2
2020-03-27,San Joaquin,077,732212,201,73,3,76,3
2020-03-27,San Luis Obispo,079,281455,115,46,0,46,0
2020-03-27,San Mateo,081,765935,646,213,2,215,7
2020-03-27,Santa Barbara,083,443738,180,37,1,38,0
2020-03-27,Santa Clara,085,1922200,1284,557,3,560,25
2020-03-27,Santa Cruz,087,273765,79,31,0,31,0
2020-03-27,Shasta,089,179085,17,3,0,3,1
2020-03-27,Sierra,091,2930,0,0,0,0,0
2020-03-27,Siskiyou,093,43540,4,2,0,2,0
2020-03-27,Solano,095,438530,93,48,0,48,0
2020-03-27,Sonoma,097,501317,134,35,0,35,1
2020-03-27,Stanislaus,099,539301,83,16,3,19,0
2020-03-27,Sutter,101,95872,16,2,0,2,0
2020-03-27,Tehama,103,63373,1,0,0,0,0
2020-03-27,Trinity,105,12862,0,0,0,0,0
2020-03-27,Tulare,107,460477,106,15,3,18,0
2020-03-27,Tuolumne,109,53932,2,1,0,1,0
2020-03-27,Ventura,111,848112,261,80,0,80,2
2020-03-27,Yolo,113,214977,51,13,0,13,1
2020-03-27,Yuba,115,75493,7,3,0,3,0
2020-03-26,Alameda,001,1643700,557,172,1,173,4
2020-03-26,Alpine,003,1148,1,0,0,0,0
2020-03-26,Amador,005,37829,4,1,0,1,0
2020-03-26,Butte,007,227075,12,4,0,4,0
2020-03-26,Calaveras,009,45235,6,2,0,2,0
2020-03-26,Colusa,011,21464,3,0,0,0,0
2020-03-26,Contra Costa,013,1133247,386,147,0,147,2
2020-03-26,Del Norte,015,27424,0,0,0,0,0
2020-03-26,El Dorado,017,186661,27,7,0,7,0
2020-03-26,Fresno,019,978130,172,25,2,27,0
2020-03-26,Glenn,021,27897,2,0,0,0,0
2020-03-26,Humboldt,023,135768,38,8,0,8,0
2020-03-26,Imperial,025,180216,65,8,0,8,0
2020-03-26,Inyo,027,18085,8,0,0,0,0
2020-03-26,Kern,029,883053,184,20,0,20,0
2020-03-26,Kings,031,150075,28,0,1,1,0
2020-03-26,Lake,033,64148,0,0,0,0,0
2020-03-26,Lassen,035,31185,3,0,1,1,0
2020-03-26,Los Angeles,037,10098052,4530,1075,10,1085,19
2020-03-26,Madera,039,155013,39,8,0,8,0
2020-03-26,Marin,041,260295,106,56,0,56,0
2020-03-26,Mariposa,043,17540,0,0,0,0,0
2020-03-26,Mendocino,045,87422,4,1,0,1,0
2020-03-26,Merced,047,269075,23,1,0,1,0
2020-03-26,Modoc,049,8938,0,0,0,0,0
2020-03-26,Mono,051,14174,23,5,0,5,0
2020-03-26,Monterey,053,433212,66,25,0,25,1
2020-03-26,Napa,055,140530,26,5,0,5,0
2020-03-26,Nevada,057,99092,32,7,1,8,0
2020-03-26,Orange,059,3164182,1058,279,11,290,1
2020-03-26,Placer,061,380077,106,34,0,34,1
2020-03-26,Plumas,063,18699,0,0,0,0,0
2020-03-26,Riverside,065,2383286,884,118,12,130,7
2020-03-26,Sacramento,067,1510023,472,147,0,147,5
2020-03-26,San Benito,069,59416,28,8,0,8,1
2020-03-26,San Bernardino,071,2135413,448,57,0,57,1
2020-03-26,San Diego,073,3302833,1256,299,0,299,2
2020-03-26,San Francisco,075,870044,594,261,0,261,1
2020-03-26,San Joaquin,077,732212,190,69,3,72,3
2020-03-26,San Luis Obispo,079,281455,110,38,0,38,0
2020-03-26,San Mateo,081,765935,612,122,2,124,5
2020-03-26,Santa Barbara,083,443738,167,33,1,34,0
2020-03-26,Santa Clara,085,1922200,1239,487,2,489,20
2020-03-26,Santa Cruz,087,273765,75,30,0,30,0
2020-03-26,Shasta,089,179085,17,3,0,3,1
2020-03-26,Sierra,091,2930,0,0,0,0,0
2020-03-26,Siskiyou,093,43540,4,2,0,2,0
2020-03-26,Solano,095,438530,85,41,0,41,0
2020-03-26,Sonoma,097,501317,129,33,0,33,1
2020-03-26,Stanislaus,099,539301,81,15,3,18,0
2020-03-26,Sutter,101,95872,12,2,0,2,0
2020-03-26,Tehama,103,63373,1,0,0,0,0
2020-03-26,Trinity,105,12862,0,0,0,0,0
2020-03-26,Tulare,107,460477,97,15,3,18,0
2020-03-26,Tuolumne,109,53932,2,0,0,0,0
2020-03-26,Ventura,111,848112,245,70,0,70,1
2020-03-26,Yolo,113,214977,47,13,0,13,1
2020-03-26,Yuba,115,75493,7,3,0,3,0
2020-03-25,Alameda,001,1643700,536,134,1,135,3
2020-03-25,Alpine,003,1148,1,0,0,0,0
2020-03-25,Amador,005,37829,4,1,0,1,0
2020-03-25,Butte,007,227075,12,4,0,4,0
2020-03-25,Calaveras,009,45235,6,2,0,2,0
2020-03-25,Colusa,011,21464,2,0,0,0,0
2020-03-25,Contra Costa,013,1133247,372,131,0,131,1
2020-03-25,Del Norte,015,27424,0,0,0,0,0
2020-03-25,El Dorado,017,186661,27,5,0,5,0
2020-03-25,Fresno,019,978130,152,21,2,23,0
2020-03-25,Glenn,021,27897,2,0,0,0,0
2020-03-25,Humboldt,023,135768,35,3,0,3,0
2020-03-25,Imperial,025,180216,57,8,0,8,0
2020-03-25,Inyo,027,18085,5,0,0,0,0
2020-03-25,Kern,029,883053,164,13,0,13,0
2020-03-25,Kings,031,150075,26,0,1,1,0
2020-03-25,Lake,033,64148,0,0,0,0,0
2020-03-25,Lassen,035,31185,3,0,1,1,0
2020-03-25,Los Angeles,037,10098052,4135,725,10,735,10
2020-03-25,Madera,039,155013,37,6,0,6,0
2020-03-25,Marin,041,260295,100,47,0,47,0
2020-03-25,Mariposa,043,17540,0,0,0,0,0
2020-03-25,Mendocino,045,87422,3,1,0,1,0
2020-03-25,Merced,047,269075,19,0,0,0,0
2020-03-25,Modoc,049,8938,0,0,0,0,0
2020-03-25,Mono,051,14174,22,4,0,4,0
2020-03-25,Monterey,053,433212,63,23,0,23,1
2020-03-25,Napa,055,140530,26,5,0,5,0
2020-03-25,Nevada,057,99092,31,5,1,6,0
2020-03-25,Orange,059,3164182,1000,214,9,223,1
2020-03-25,Placer,061,380077,100,30,0,30,1
2020-03-25,Plumas,063,18699,0,1,0,1,0
2020-03-25,Riverside,065,2383286,813,87,12,99,5
2020-03-25,Sacramento,067,1510023,446,114,0,114,5
2020-03-25,San Benito,069,59416,27,4,0,4,1
2020-03-25,San Bernardino,071,2135413,409,46,0,46,1
2020-03-25,San Diego,073,3302833,1194,238,0,238,2
2020-03-25,San Francisco,075,870044,553,212,0,212,1
2020-03-25,San Joaquin,077,732212,177,64,3,67,2
2020-03-25,San Luis Obispo,079,281455,105,35,0,35,0
2020-03-25,San Mateo,081,765935,577,111,2,113,5
2020-03-25,Santa Barbara,083,443738,157,25,1,26,0
2020-03-25,Santa Clara,085,1922200,1195,452,2,454,20
2020-03-25,Santa Cruz,087,273765,72,26,0,26,0
2020-03-25,Shasta,089,179085,16,3,0,3,1
2020-03-25,Sierra,091,2930,0,0,0,0,0
2020-03-25,Siskiyou,093,43540,4,2,0,2,0
2020-03-25,Solano,095,438530,80,39,0,39,0
2020-03-25,Sonoma,097,501317,124,31,0,31,1
2020-03-25,Stanislaus,099,539301,74,14,3,17,0
2020-03-25,Sutter,101,95872,9,1,0,1,0
2020-03-25,Tehama,103,63373,1,0,0,0,0
2020-03-25,Trinity,105,12862,0,0,0,0,0
2020-03-25,Tulare,107,460477,87,11,3,14,0
2020-03-25,Tuolumne,109,53932,2,0,0,0,0
2020-03-25,Ventura,111,848112,229,53,0,53,1
2020-03-25,Yolo,113,214977,45,9,0,9,1
2020-03-25,Yuba,115,75493,7,2,0,2,0
2020-03-24,Alameda,001,1643700,503,96,1,97,2
2020-03-24,Alpine,003,1148,1,0,0,0,0
2020-03-24,Amador,005,37829,2,1,0,1,0
2020-03-24,Butte,007,227075,11,3,0,3,0
2020-03-24,Calaveras,009,45235,5,2,0,2,0
2020-03-24,Colusa,011,21464,2,0,0,0,0
2020-03-24,Contra Costa,013,1133247,358,108,0,108,1
2020-03-24,Del Norte,015,27424,0,0,0,0,0
2020-03-24,El Dorado,017,186661,27,3,0,3,0
2020-03-24,Fresno,019,978130,133,18,2,20,0
2020-03-24,Glenn,021,27897,2,0,0,0,0
2020-03-24,Humboldt,023,135768,33,2,0,2,0
2020-03-24,Imperial,025,180216,54,3,0,3,0
2020-03-24,Inyo,027,18085,5,0,0,0,0
2020-03-24,Kern,029,883053,144,5,0,5,0
2020-03-24,Kings,031,150075,25,0,1,1,0
2020-03-24,Lake,033,64148,0,0,0,0,0
2020-03-24,Lassen,035,31185,3,0,1,1,0
2020-03-24,Los Angeles,037,10098052,3683,633,10,643,7
2020-03-24,Madera,039,155013,36,6,0,6,0
2020-03-24,Marin,041,260295,89,44,0,44,0
2020-03-24,Mariposa,043,17540,0,0,0,0,0
2020-03-24,Mendocino,045,87422,3,1,0,1,0
2020-03-24,Merced,047,269075,17,0,0,0,0
2020-03-24,Modoc,049,8938,0,0,0,0,0
2020-03-24,Mono,051,14174,21,1,0,1,0
2020-03-24,Monterey,053,433212,59,23,0,23,1
2020-03-24,Napa,055,140530,23,2,0,2,0
2020-03-24,Nevada,057,99092,30,4,1,5,0
2020-03-24,Orange,059,3164182,938,166,9,175,0
2020-03-24,Placer,061,380077,93,22,0,22,1
2020-03-24,Plumas,063,18699,0,1,0,1,0
2020-03-24,Riverside,065,2383286,746,56,12,68,5
2020-03-24,Sacramento,067,1510023,426,93,0,93,4
2020-03-24,San Benito,069,59416,26,4,0,4,1
2020-03-24,San Bernardino,071,2135413,365,27,0,27,0
2020-03-24,San Diego,073,3302833,1127,231,0,231,2
2020-03-24,San Francisco,075,870044,521,181,0,181,1
2020-03-24,San Joaquin,077,732212,166,52,3,55,2
2020-03-24,San Luis Obispo,079,281455,102,32,0,32,0
2020-03-24,San Mateo,081,765935,536,100,2,102,2
2020-03-24,Santa Barbara,083,443738,151,20,1,21,0
2020-03-24,Santa Clara,085,1922200,1126,389,2,391,17
2020-03-24,Santa Cruz,087,273765,67,22,0,22,0
2020-03-24,Shasta,089,179085,15,3,0,3,0
2020-03-24,Sierra,091,2930,0,0,0,0,0
2020-03-24,Siskiyou,093,43540,4,2,0,2,0
2020-03-24,Solano,095,438530,78,34,0,34,0
2020-03-24,Sonoma,097,501317,117,27,0,27,1
2020-03-24,Stanislaus,099,539301,65,13,3,16,0
2020-03-24,Sutter,101,95872,9,0,0,0,0
2020-03-24,Tehama,103,63373,1,0,0,0,0
2020-03-24,Trinity,105,12862,0,0,0,0,0
2020-03-24,Tulare,107,460477,77,10,3,13,0
2020-03-24,Tuolumne,109,53932,2,0,0,0,0
2020-03-24,Ventura,111,848112,213,44,0,44,1
2020-03-24,Yolo,113,214977,41,8,0,8,0
2020-03-24,Yuba,115,75493,7,2,0,2,0
2020-03-23,Alameda,001,1643700,472,88,1,89,1
2020-03-23,Alpine,003,1148,1,0,0,0,0
2020-03-23,Amador,005,37829,2,1,0,1,0
2020-03-23,Butte,007,227075,11,2,0,2,0
2020-03-23,Calaveras,009,45235,5,2,0,2,0
2020-03-23,Colusa,011,21464,1,0,0,0,0
2020-03-23,Contra Costa,013,1133247,338,91,0,91,2
2020-03-23,Del Norte,015,27424,0,0,0,0,0
2020-03-23,El Dorado,017,186661,26,3,0,3,0
2020-03-23,Fresno,019,978130,123,10,2,12,0
2020-03-23,Glenn,021,27897,2,0,0,0,0
2020-03-23,Humboldt,023,135768,31,2,0,2,0
2020-03-23,Imperial,025,180216,50,2,0,2,0
2020-03-23,Inyo,027,18085,3,0,0,0,0
2020-03-23,Kern,029,883053,130,5,0,5,0
2020-03-23,Kings,031,150075,25,0,1,1,0
2020-03-23,Lake,033,64148,0,0,0,0,0
2020-03-23,Lassen,035,31185,3,0,1,1,0
2020-03-23,Los Angeles,037,10098052,3378,389,10,399,4
2020-03-23,Madera,039,155013,36,4,0,4,0
2020-03-23,Marin,041,260295,84,30,0,30,0
2020-03-23,Mariposa,043,17540,0,0,0,0,0
2020-03-23,Mendocino,045,87422,3,1,0,1,0
2020-03-23,Merced,047,269075,11,0,0,0,0
2020-03-23,Modoc,049,8938,0,0,0,0,0
2020-03-23,Mono,051,14174,19,1,0,1,0
2020-03-23,Monterey,053,433212,54,14,0,14,1
2020-03-23,Napa,055,140530,21,1,0,1,0
2020-03-23,Nevada,057,99092,27,2,1,3,0
2020-03-23,Orange,059,3164182,883,138,7,145,0
2020-03-23,Placer,061,380077,90,19,0,19,1
2020-03-23,Plumas,063,18699,0,0,0,0,0
2020-03-23,Riverside,065,2383286,703,39,12,51,5
2020-03-23,Sacramento,067,1510023,393,87,0,87,4
2020-03-23,San Benito,069,59416,25,4,0,4,1
2020-03-23,San Bernardino,071,2135413,335,17,0,17,0
2020-03-23,San Diego,073,3302833,1068,178,0,178,1
2020-03-23,San Francisco,075,870044,492,152,0,152,0
2020-03-23,San Joaquin,077,732212,154,37,3,40,2
2020-03-23,San Luis Obispo,079,281455,96,23,0,23,0
2020-03-23,San Mateo,081,765935,497,88,2,90,1
2020-03-23,Santa Barbara,083,443738,133,18,1,19,0
2020-03-23,Santa Clara,085,1922200,1077,336,2,338,13
2020-03-23,Santa Cruz,087,273765,65,21,0,21,0
2020-03-23,Shasta,089,179085,13,2,0,2,0
2020-03-23,Sierra,091,2930,0,0,0,0,0
2020-03-23,Siskiyou,093,43540,4,2,0,2,0
2020-03-23,Solano,095,438530,74,33,0,33,0
2020-03-23,Sonoma,097,501317,105,19,0,19,1
2020-03-23,Stanislaus,099,539301,57,10,3,13,0
2020-03-23,Sutter,101,95872,9,0,0,0,0
2020-03-23,Tehama,103,63373,1,0,0,0,0
2020-03-23,Trinity,105,12862,0,0,0,0,0
2020-03-23,Tulare,107,460477,68,9,3,12,0
2020-03-23,Tuolumne,109,53932,2,0,0,0,0
2020-03-23,Ventura,111,848112,196,30,0,30,0
2020-03-23,Yolo,113,214977,40,8,0,8,0
2020-03-23,Yuba,115,75493,7,2,0,2,0
2020-03-22,Alameda,001,1643700,433,72,1,73,1
2020-03-22,Alpine,003,1148,1,0,0,0,0
2020-03-22,Amador,005,37829,2,1,0,1,0
2020-03-22,Butte,007,227075,8,1,0,1,0
2020-03-22,Calaveras,009,45235,4,2,0,2,0
2020-03-22,Colusa,011,21464,1,0,0,0,0
2020-03-22,Contra Costa,013,1133247,311,79,0,79,1
2020-03-22,Del Norte,015,27424,0,0,0,0,0
2020-03-22,El Dorado,017,186661,24,1,0,1,0
2020-03-22,Fresno,019,978130,103,8,2,10,0
2020-03-22,Glenn,021,27897,2,0,0,0,0
2020-03-22,Humboldt,023,135768,28,1,0,1,0
2020-03-22,Imperial,025,180216,48,2,0,2,0
2020-03-22,Inyo,027,18085,1,0,0,0,0
2020-03-22,Kern,029,883053,114,3,0,3,0
2020-03-22,Kings,031,150075,22,0,1,1,0
2020-03-22,Lake,033,64148,0,0,0,0,0
2020-03-22,Lassen,035,31185,3,0,1,1,0
2020-03-22,Los Angeles,037,10098052,3056,384,10,394,3
2020-03-22,Madera,039,155013,33,4,0,4,0
2020-03-22,Marin,041,260295,74,30,0,30,0
2020-03-22,Mariposa,043,17540,0,0,0,0,0
2020-03-22,Mendocino,045,87422,3,1,0,1,0
2020-03-22,Merced,047,269075,7,0,0,0,0
2020-03-22,Modoc,049,8938,0,0,0,0,0
2020-03-22,Mono,051,14174,14,1,0,1,0
2020-03-22,Monterey,053,433212,51,14,0,14,1
2020-03-22,Napa,055,140530,17,1,0,1,0
2020-03-22,Nevada,057,99092,23,2,1,3,0
2020-03-22,Orange,059,3164182,811,102,4,106,0
2020-03-22,Placer,061,380077,87,18,0,18,1
2020-03-22,Plumas,063,18699,0,0,0,0,0
2020-03-22,Riverside,065,2383286,613,26,8,34,5
2020-03-22,Sacramento,067,1510023,361,82,0,82,4
2020-03-22,San Benito,069,59416,20,4,0,4,1
2020-03-22,San Bernardino,071,2135413,291,16,0,16,0
2020-03-22,San Diego,073,3302833,980,161,0,161,0
2020-03-22,San Francisco,075,870044,455,134,0,134,0
2020-03-22,San Joaquin,077,732212,140,30,3,33,2
2020-03-22,San Luis Obispo,079,281455,89,19,0,19,0
2020-03-22,San Mateo,081,765935,464,82,2,84,1
2020-03-22,Santa Barbara,083,443738,119,16,1,17,0
2020-03-22,Santa Clara,085,1922200,1013,284,2,286,13
2020-03-22,Santa Cruz,087,273765,64,19,0,19,0
2020-03-22,Shasta,089,179085,13,1,0,1,0
2020-03-22,Sierra,091,2930,0,0,0,0,0
2020-03-22,Siskiyou,093,43540,4,2,0,2,0
2020-03-22,Solano,095,438530,65,30,0,30,0
2020-03-22,Sonoma,097,501317,100,18,0,18,1
2020-03-22,Stanislaus,099,539301,51,8,3,11,0
2020-03-22,Sutter,101,95872,8,0,0,0,0
2020-03-22,Tehama,103,63373,0,0,0,0,0
2020-03-22,Trinity,105,12862,0,0,0,0,0
2020-03-22,Tulare,107,460477,62,5,3,8,0
2020-03-22,Tuolumne,109,53932,2,0,0,0,0
2020-03-22,Ventura,111,848112,174,26,0,26,0
2020-03-22,Yolo,113,214977,34,6,0,6,0
2020-03-22,Yuba,115,75493,7,2,0,2,0
2020-03-21,Alameda,001,1643700,409,62,1,63,0
2020-03-21,Alpine,003,1148,1,0,0,0,0
2020-03-21,Amador,005,37829,2,1,0,1,0
2020-03-21,Butte,007,227075,7,1,0,1,0
2020-03-21,Calaveras,009,45235,4,2,0,2,0
2020-03-21,Colusa,011,21464,1,0,0,0,0
2020-03-21,Contra Costa,013,1133247,300,62,0,62,1
2020-03-21,Del Norte,015,27424,0,0,0,0,0
2020-03-21,El Dorado,017,186661,21,1,0,1,0
2020-03-21,Fresno,019,978130,99,8,2,10,0
2020-03-21,Glenn,021,27897,2,0,0,0,0
2020-03-21,Humboldt,023,135768,25,1,0,1,0
2020-03-21,Imperial,025,180216,44,2,0,2,0
2020-03-21,Inyo,027,18085,1,0,0,0,0
2020-03-21,Kern,029,883053,108,3,0,3,0
2020-03-21,Kings,031,150075,22,0,1,1,0
2020-03-21,Lake,033,64148,0,0,0,0,0
2020-03-21,Lassen,035,31185,3,0,1,1,0
2020-03-21,Los Angeles,037,10098052,2783,322,10,332,2
2020-03-21,Madera,039,155013,33,4,0,4,0
2020-03-21,Marin,041,260295,69,30,0,30,0
2020-03-21,Mariposa,043,17540,0,0,0,0,0
2020-03-21,Mendocino,045,87422,3,1,0,1,0
2020-03-21,Merced,047,269075,6,0,0,0,0
2020-03-21,Modoc,049,8938,0,0,0,0,0
2020-03-21,Mono,051,14174,14,1,0,1,0
2020-03-21,Monterey,053,433212,48,8,0,8,1
2020-03-21,Napa,055,140530,17,0,0,0,0
2020-03-21,Nevada,057,99092,23,2,1,3,0
2020-03-21,Orange,059,3164182,762,85,4,89,0
2020-03-21,Placer,061,380077,78,11,0,11,1
2020-03-21,Plumas,063,18699,0,0,0,0,0
2020-03-21,Riverside,065,2383286,566,20,8,28,3
2020-03-21,Sacramento,067,1510023,334,66,0,66,3
2020-03-21,San Benito,069,59416,18,4,0,4,1
2020-03-21,San Bernardino,071,2135413,271,13,0,13,0
2020-03-21,San Diego,073,3302833,903,121,0,121,0
2020-03-21,San Francisco,075,870044,419,106,0,106,0
2020-03-21,San Joaquin,077,732212,131,26,3,29,2
2020-03-21,San Luis Obispo,079,281455,84,16,0,16,0
2020-03-21,San Mateo,081,765935,426,78,2,80,1
2020-03-21,Santa Barbara,083,443738,109,8,1,9,0
2020-03-21,Santa Clara,085,1922200,951,269,2,271,10
2020-03-21,Santa Cruz,087,273765,62,17,0,17,0
2020-03-21,Shasta,089,179085,12,1,0,1,0
2020-03-21,Sierra,091,2930,0,0,0,0,0
2020-03-21,Siskiyou,093,43540,4,0,0,0,0
2020-03-21,Solano,095,438530,63,30,0,30,0
2020-03-21,Sonoma,097,501317,99,15,0,15,1
2020-03-21,Stanislaus,099,539301,45,7,3,10,0
2020-03-21,Sutter,101,95872,7,0,0,0,0
2020-03-21,Tehama,103,63373,0,0,0,0,0
2020-03-21,Trinity,105,12862,0,0,0,0,0
2020-03-21,Tulare,107,460477,54,5,3,8,0
2020-03-21,Tuolumne,109,53932,2,0,0,0,0
2020-03-21,Ventura,111,848112,166,22,0,22,0
2020-03-21,Yolo,113,214977,34,6,0,6,0
2020-03-21,Yuba,115,75493,7,1,0,1,0
2020-03-20,Alameda,001,1643700,388,42,1,43,0
2020-03-20,Alpine,003,1148,1,0,0,0,0
2020-03-20,Amador,005,37829,1,0,0,0,0
2020-03-20,Butte,007,227075,7,0,0,0,0
2020-03-20,Calaveras,009,45235,4,2,0,2,0
2020-03-20,Colusa,011,21464,1,0,0,0,0
2020-03-20,Contra Costa,013,1133247,270,52,0,52,1
2020-03-20,Del Norte,015,27424,0,0,0,0,0
2020-03-20,El Dorado,017,186661,20,1,0,1,0
2020-03-20,Fresno,019,978130,96,7,2,9,0
2020-03-20,Glenn,021,27897,1,0,0,0,0
2020-03-20,Humboldt,023,135768,25,1,0,1,0
2020-03-20,Imperial,025,180216,43,2,0,2,0
2020-03-20,Inyo,027,18085,0,0,0,0,0
2020-03-20,Kern,029,883053,93,3,0,3,0
2020-03-20,Kings,031,150075,21,0,1,1,0
2020-03-20,Lake,033,64148,0,0,0,0,0
2020-03-20,Lassen,035,31185,3,0,1,1,0
2020-03-20,Los Angeles,037,10098052,2557,267,9,276,1
2020-03-20,Madera,039,155013,32,4,0,4,0
2020-03-20,Marin,041,260295,66,30,0,30,0
2020-03-20,Mariposa,043,17540,0,0,0,0,0
2020-03-20,Mendocino,045,87422,3,1,0,1,0
2020-03-20,Merced,047,269075,6,0,0,0,0
2020-03-20,Modoc,049,8938,0,0,0,0,0
2020-03-20,Mono,051,14174,14,0,0,0,0
2020-03-20,Monterey,053,433212,47,4,0,4,0
2020-03-20,Napa,055,140530,16,0,0,0,0
2020-03-20,Nevada,057,99092,20,2,1,3,0
2020-03-20,Orange,059,3164182,715,71,4,75,2
2020-03-20,Placer,061,380077,72,9,0,9,1
2020-03-20,Plumas,063,18699,0,0,0,0,0
2020-03-20,Riverside,065,2383286,507,19,8,27,3
2020-03-20,Sacramento,067,1510023,313,56,0,56,4
2020-03-20,San Benito,069,59416,18,4,0,4,1
2020-03-20,San Bernardino,071,2135413,244,9,0,9,0
2020-03-20,San Diego,073,3302833,851,98,0,98,0
2020-03-20,San Francisco,075,870044,387,87,0,87,0
2020-03-20,San Joaquin,077,732212,116,18,3,21,2
2020-03-20,San Luis Obispo,079,281455,80,11,0,11,0
2020-03-20,San Mateo,081,765935,396,71,2,73,1
2020-03-20,Santa Barbara,083,443738,97,7,1,8,0
2020-03-20,Santa Clara,085,1922200,914,246,2,248,8
2020-03-20,Santa Cruz,087,273765,60,13,0,13,0
2020-03-20,Shasta,089,179085,11,1,0,1,0
2020-03-20,Sierra,091,2930,0,0,0,0,0
2020-03-20,Siskiyou,093,43540,4,0,0,0,0
2020-03-20,Solano,095,438530,59,29,0,29,0
2020-03-20,Sonoma,097,501317,91,7,0,7,0
2020-03-20,Stanislaus,099,539301,39,7,3,10,0
2020-03-20,Sutter,101,95872,7,0,0,0,0
2020-03-20,Tehama,103,63373,0,0,0,0,0
2020-03-20,Trinity,105,12862,0,0,0,0,0
2020-03-20,Tulare,107,460477,50,4,3,7,0
2020-03-20,Tuolumne,109,53932,2,0,0,0,0
2020-03-20,Ventura,111,848112,156,18,0,18,0
2020-03-20,Yolo,113,214977,32,5,0,5,0
2020-03-20,Yuba,115,75493,6,0,0,0,0
2020-03-19,Alameda,001,1643700,352,36,1,37,0
2020-03-19,Alpine,003,1148,1,0,0,0,0
2020-03-19,Amador,005,37829,1,0,0,0,0
2020-03-19,Butte,007,227075,5,0,0,0,0
2020-03-19,Calaveras,009,45235,4,2,0,2,0
2020-03-19,Colusa,011,21464,0,0,0,0,0
2020-03-19,Contra Costa,013,1133247,254,46,0,46,0
2020-03-19,Del Norte,015,27424,0,0,0,0,0
2020-03-19,El Dorado,017,186661,18,0,0,0,0
2020-03-19,Fresno,019,978130,87,6,2,8,0
2020-03-19,Glenn,021,27897,1,0,0,0,0
2020-03-19,Humboldt,023,135768,23,1,0,1,0
2020-03-19,Imperial,025,180216,36,2,0,2,0
2020-03-19,Inyo,027,18085,0,0,0,0,0
2020-03-19,Kern,029,883053,81,3,0,3,0
2020-03-19,Kings,031,150075,17,0,1,1,0
2020-03-19,Lake,033,64148,0,0,0,0,0
2020-03-19,Lassen,035,31185,2,0,1,1,0
2020-03-19,Los Angeles,037,10098052,2271,233,9,242,0
2020-03-19,Madera,039,155013,31,3,0,3,0
2020-03-19,Marin,041,260295,63,19,0,19,0
2020-03-19,Mariposa,043,17540,0,0,0,0,0
2020-03-19,Mendocino,045,87422,2,1,0,1,0
2020-03-19,Merced,047,269075,5,0,0,0,0
2020-03-19,Modoc,049,8938,0,0,0,0,0
2020-03-19,Mono,051,14174,12,0,0,0,0
2020-03-19,Monterey,053,433212,39,3,0,3,0
2020-03-19,Napa,055,140530,14,0,0,0,0
2020-03-19,Nevada,057,99092,18,2,1,3,0
2020-03-19,Orange,059,3164182,633,59,4,63,0
2020-03-19,Placer,061,380077,64,8,0,8,1
2020-03-19,Plumas,063,18699,0,0,0,0,0
2020-03-19,Riverside,065,2383286,396,14,6,20,3
2020-03-19,Sacramento,067,1510023,280,52,0,52,3
2020-03-19,San Benito,069,59416,15,3,0,3,0
2020-03-19,San Bernardino,071,2135413,214,7,0,7,0
2020-03-19,San Diego,073,3302833,768,68,0,68,0
2020-03-19,San Francisco,075,870044,351,80,0,80,0
2020-03-19,San Joaquin,077,732212,102,15,3,18,2
2020-03-19,San Luis Obispo,079,281455,77,6,0,6,0
2020-03-19,San Mateo,081,765935,361,58,2,60,1
2020-03-19,Santa Barbara,083,443738,85,5,0,5,0
2020-03-19,Santa Clara,085,1922200,847,183,2,185,8
2020-03-19,Santa Cruz,087,273765,57,13,0,13,0
2020-03-19,Shasta,089,179085,10,1,0,1,0
2020-03-19,Sierra,091,2930,0,0,0,0,0
2020-03-19,Siskiyou,093,43540,3,0,0,0,0
2020-03-19,Solano,095,438530,55,26,0,26,0
2020-03-19,Sonoma,097,501317,88,8,0,8,0
2020-03-19,Stanislaus,099,539301,38,7,3,10,0
2020-03-19,Sutter,101,95872,7,0,0,0,0
2020-03-19,Tehama,103,63373,0,0,0,0,0
2020-03-19,Trinity,105,12862,0,0,0,0,0
2020-03-19,Tulare,107,460477,44,3,3,6,0
2020-03-19,Tuolumne,109,53932,2,0,0,0,0
2020-03-19,Ventura,111,848112,134,15,0,15,0
2020-03-19,Yolo,113,214977,28,5,0,5,0
2020-03-19,Yuba,115,75493,5,0,0,0,0
2020-03-18,Alameda,001,1643700,324,29,1,30,0
2020-03-18,Alpine,003,1148,1,0,0,0,0
2020-03-18,Amador,005,37829,1,0,0,0,0
2020-03-18,Butte,007,227075,4,0,0,0,0
2020-03-18,Calaveras,009,45235,4,2,0,2,0
2020-03-18,Colusa,011,21464,0,0,0,0,0
2020-03-18,Contra Costa,013,1133247,232,44,0,44,0
2020-03-18,Del Norte,015,27424,0,0,0,0,0
2020-03-18,El Dorado,017,186661,17,0,0,0,0
2020-03-18,Fresno,019,978130,78,3,1,4,0
2020-03-18,Glenn,021,27897,1,0,0,0,0
2020-03-18,Humboldt,023,135768,19,1,0,1,0
2020-03-18,Imperial,025,180216,30,2,0,2,0
2020-03-18,Inyo,027,18085,0,0,0,0,0
2020-03-18,Kern,029,883053,66,1,0,1,0
2020-03-18,Kings,031,150075,15,0,1,1,0
2020-03-18,Lake,033,64148,0,0,0,0,0
2020-03-18,Lassen,035,31185,1,0,1,1,0
2020-03-18,Los Angeles,037,10098052,2032,47,9,56,0
2020-03-18,Madera,039,155013,30,2,0,2,0
2020-03-18,Marin,041,260295,58,10,0,10,0
2020-03-18,Mariposa,043,17540,0,0,0,0,0
2020-03-18,Mendocino,045,87422,2,0,0,0,0
2020-03-18,Merced,047,269075,5,0,0,0,0
2020-03-18,Modoc,049,8938,0,0,0,0,0
2020-03-18,Mono,051,14174,11,0,0,0,0
2020-03-18,Monterey,053,433212,31,1,0,1,0
2020-03-18,Napa,055,140530,11,0,0,0,0
2020-03-18,Nevada,057,99092,16,2,1,3,0
2020-03-18,Orange,059,3164182,576,38,4,42,0
2020-03-18,Placer,061,380077,57,8,0,8,1
2020-03-18,Plumas,063,18699,0,0,0,0,0
2020-03-18,Riverside,065,2383286,333,11,5,16,2
2020-03-18,Sacramento,067,1510023,257,46,0,46,3
2020-03-18,San Benito,069,59416,14,3,0,3,0
2020-03-18,San Bernardino,071,2135413,192,3,0,3,0
2020-03-18,San Diego,073,3302833,683,40,0,40,0
2020-03-18,San Francisco,075,870044,332,65,0,65,0
2020-03-18,San Joaquin,077,732212,90,14,3,17,2
2020-03-18,San Luis Obispo,079,281455,70,5,0,5,0
2020-03-18,San Mateo,081,765935,340,57,2,59,1
2020-03-18,Santa Barbara,083,443738,77,2,0,2,0
2020-03-18,Santa Clara,085,1922200,796,151,2,153,6
2020-03-18,Santa Cruz,087,273765,55,11,0,11,0
2020-03-18,Shasta,089,179085,9,1,0,1,0
2020-03-18,Sierra,091,2930,0,0,0,0,0
2020-03-18,Siskiyou,093,43540,3,0,0,0,0
2020-03-18,Solano,095,438530,51,26,0,26,0
2020-03-18,Sonoma,097,501317,79,6,0,6,0
2020-03-18,Stanislaus,099,539301,34,5,2,7,0
2020-03-18,Sutter,101,95872,5,0,0,0,0
2020-03-18,Tehama,103,63373,0,0,0,0,0
2020-03-18,Trinity,105,12862,0,0,0,0,0
2020-03-18,Tulare,107,460477,34,3,3,6,0
2020-03-18,Tuolumne,109,53932,2,0,0,0,0
2020-03-18,Ventura,111,848112,115,11,0,11,0
2020-03-18,Yolo,113,214977,25,4,0,4,0
2020-03-18,Yuba,115,75493,4,0,0,0,0
2020-03-17,Alameda,001,1643700,292,19,0,19,0
2020-03-17,Alpine,003,1148,0,0,0,0,0
2020-03-17,Amador,005,37829,1,0,0,0,0
2020-03-17,Butte,007,227075,4,0,0,0,0
2020-03-17,Calaveras,009,45235,4,2,0,2,0
2020-03-17,Colusa,011,21464,0,0,0,0,0
2020-03-17,Contra Costa,013,1133247,210,37,0,37,0
2020-03-17,Del Norte,015,27424,0,0,0,0,0
2020-03-17,El Dorado,017,186661,16,0,0,0,0
2020-03-17,Fresno,019,978130,68,2,1,3,0
2020-03-17,Glenn,021,27897,1,0,0,0,0
2020-03-17,Humboldt,023,135768,17,1,0,1,0
2020-03-17,Imperial,025,180216,24,2,0,2,0
2020-03-17,Inyo,027,18085,0,0,0,0,0
2020-03-17,Kern,029,883053,52,0,0,0,0
2020-03-17,Kings,031,150075,12,0,1,1,0
2020-03-17,Lake,033,64148,0,0,0,0,0
2020-03-17,Lassen,035,31185,1,0,1,1,0
2020-03-17,Los Angeles,037,10098052,1830,41,9,50,0
2020-03-17,Madera,039,155013,22,2,0,2,0
2020-03-17,Marin,041,260295,51,4,0,4,0
2020-03-17,Mariposa,043,17540,0,0,0,0,0
2020-03-17,Mendocino,045,87422,2,0,0,0,0
2020-03-17,Merced,047,269075,5,0,0,0,0
2020-03-17,Modoc,049,8938,0,0,0,0,0
2020-03-17,Mono,051,14174,9,0,0,0,0
2020-03-17,Monterey,053,433212,29,0,0,0,0
2020-03-17,Napa,055,140530,8,0,0,0,0
2020-03-17,Nevada,057,99092,15,1,1,2,0
2020-03-17,Orange,059,3164182,498,24,3,27,0
2020-03-17,Placer,061,380077,47,7,0,7,1
2020-03-17,Plumas,063,18699,0,0,0,0,0
2020-03-17,Riverside,065,2383286,271,11,5,16,0
2020-03-17,Sacramento,067,1510023,237,36,0,36,1
2020-03-17,San Benito,069,59416,12,2,0,2,0
2020-03-17,San Bernardino,071,2135413,164,2,0,2,0
2020-03-17,San Diego,073,3302833,616,17,0,17,0
2020-03-17,San Francisco,075,870044,305,46,0,46,0
2020-03-17,San Joaquin,077,732212,84,11,3,14,0
2020-03-17,San Luis Obispo,079,281455,62,1,0,1,0
2020-03-17,San Mateo,081,765935,308,46,2,48,1
2020-03-17,Santa Barbara,083,443738,65,0,0,0,0
2020-03-17,Santa Clara,085,1922200,738,121,2,123,4
2020-03-17,Santa Cruz,087,273765,52,10,0,10,0
2020-03-17,Shasta,089,179085,5,1,0,1,0
2020-03-17,Sierra,091,2930,0,0,0,0,0
2020-03-17,Siskiyou,093,43540,3,0,0,0,0
2020-03-17,Solano,095,438530,48,27,0,27,0
2020-03-17,Sonoma,097,501317,71,4,0,4,0
2020-03-17,Stanislaus,099,539301,31,4,2,6,0
2020-03-17,Sutter,101,95872,5,0,0,0,0
2020-03-17,Tehama,103,63373,0,0,0,0,0
2020-03-17,Trinity,105,12862,0,0,0,0,0
2020-03-17,Tulare,107,460477,29,2,3,5,0
2020-03-17,Tuolumne,109,53932,2,0,0,0,0
2020-03-17,Ventura,111,848112,98,7,0,7,0
2020-03-17,Yolo,113,214977,21,2,0,2,0
2020-03-17,Yuba,115,75493,4,0,0,0,0
2020-03-16,Alameda,001,1643700,263,17,0,17,0
2020-03-16,Alpine,003,1148,0,0,0,0,0
2020-03-16,Amador,005,37829,1,0,0,0,0
2020-03-16,Butte,007,227075,3,0,0,0,0
2020-03-16,Calaveras,009,45235,4,2,0,2,0
2020-03-16,Colusa,011,21464,0,0,0,0,0
2020-03-16,Contra Costa,013,1133247,186,36,0,36,0
2020-03-16,Del Norte,015,27424,0,0,0,0,0
2020-03-16,El Dorado,017,186661,15,0,0,0,0
2020-03-16,Fresno,019,978130,53,2,1,3,0
2020-03-16,Glenn,021,27897,0,0,0,0,0
2020-03-16,Humboldt,023,135768,13,1,0,1,0
2020-03-16,Imperial,025,180216,19,2,0,2,0
2020-03-16,Inyo,027,18085,0,0,0,0,0
2020-03-16,Kern,029,883053,43,0,0,0,0
2020-03-16,Kings,031,150075,11,0,1,1,0
2020-03-16,Lake,033,64148,0,0,0,0,0
2020-03-16,Lassen,035,31185,1,0,0,0,0
2020-03-16,Los Angeles,037,10098052,1595,43,9,52,0
2020-03-16,Madera,039,155013,21,2,0,2,0
2020-03-16,Marin,041,260295,48,4,0,4,0
2020-03-16,Mariposa,043,17540,0,0,0,0,0
2020-03-16,Mendocino,045,87422,2,0,0,0,0
2020-03-16,Merced,047,269075,5,0,0,0,0
2020-03-16,Modoc,049,8938,0,0,0,0,0
2020-03-16,Mono,051,14174,7,0,0,0,0
2020-03-16,Monterey,053,433212,28,0,0,0,0
2020-03-16,Napa,055,140530,7,0,0,0,0
2020-03-16,Nevada,057,99092,11,1,1,2,0
2020-03-16,Orange,059,3164182,415,18,3,21,0
2020-03-16,Placer,061,380077,39,7,0,7,1
2020-03-16,Plumas,063,18699,0,0,0,0,0
2020-03-16,Riverside,065,2383286,235,10,5,15,0
2020-03-16,Sacramento,067,1510023,210,34,0,34,1
2020-03-16,San Benito,069,59416,8,2,0,2,0
2020-03-16,San Bernardino,071,2135413,144,1,0,1,0
2020-03-16,San Diego,073,3302833,525,17,0,17,0
2020-03-16,San Francisco,075,870044,267,40,0,40,0
2020-03-16,San Joaquin,077,732212,74,9,3,12,0
2020-03-16,San Luis Obispo,079,281455,55,1,0,1,0
2020-03-16,San Mateo,081,765935,269,42,2,44,1
2020-03-16,Santa Barbara,083,443738,55,0,0,0,0
2020-03-16,Santa Clara,085,1922200,658,115,1,116,2
2020-03-16,Santa Cruz,087,273765,45,9,0,9,0
2020-03-16,Shasta,089,179085,5,1,0,1,0
2020-03-16,Sierra,091,2930,0,0,0,0,0
2020-03-16,Siskiyou,093,43540,2,0,0,0,0
2020-03-16,Solano,095,438530,43,27,0,27,0
2020-03-16,Sonoma,097,501317,63,4,0,4,0
2020-03-16,Stanislaus,099,539301,27,2,2,4,0
2020-03-16,Sutter,101,95872,3,0,0,0,0
2020-03-16,Tehama,103,63373,0,0,0,0,0
2020-03-16,Trinity,105,12862,0,0,0,0,0
2020-03-16,Tulare,107,460477,25,2,3,5,0
2020-03-16,Tuolumne,109,53932,2,0,0,0,0
2020-03-16,Ventura,111,848112,88,7,0,7,0
2020-03-16,Yolo,113,214977,19,2,0,2,0
2020-03-16,Yuba,115,75493,3,0,0,0,0
2020-03-15,Alameda,001,1643700,216,17,0,17,0
2020-03-15,Alpine,003,1148,0,0,0,0,0
2020-03-15,Amador,005,37829,1,0,0,0,0
2020-03-15,Butte,007,227075,3,0,0,0,0
2020-03-15,Calaveras,009,45235,2,2,0,2,0
2020-03-15,Colusa,011,21464,0,0,0,0,0
2020-03-15,Contra Costa,013,1133247,161,34,0,34,0
2020-03-15,Del Norte,015,27424,0,0,0,0,0
2020-03-15,El Dorado,017,186661,14,0,0,0,0
2020-03-15,Fresno,019,978130,33,1,1,2,0
2020-03-15,Glenn,021,27897,0,0,0,0,0
2020-03-15,Humboldt,023,135768,11,1,0,1,0
2020-03-15,Imperial,025,180216,14,2,0,2,0
2020-03-15,Inyo,027,18085,0,0,0,0,0
2020-03-15,Kern,029,883053,37,0,0,0,0
2020-03-15,Kings,031,150075,11,0,1,1,0
2020-03-15,Lake,033,64148,0,0,0,0,0
2020-03-15,Lassen,035,31185,1,0,0,0,0
2020-03-15,Los Angeles,037,10098052,1355,41,9,50,0
2020-03-15,Madera,039,155013,20,2,0,2,0
2020-03-15,Marin,041,260295,41,3,0,3,0
2020-03-15,Mariposa,043,17540,0,0,0,0,0
2020-03-15,Mendocino,045,87422,2,0,0,0,0
2020-03-15,Merced,047,269075,3,0,0,0,0
2020-03-15,Modoc,049,8938,0,0,0,0,0
2020-03-15,Mono,051,14174,6,0,0,0,0
2020-03-15,Monterey,053,433212,21,0,0,0,0
2020-03-15,Napa,055,140530,7,0,0,0,0
2020-03-15,Nevada,057,99092,11,0,1,1,0
2020-03-15,Orange,059,3164182,347,16,1,17,0
2020-03-15,Placer,061,380077,33,7,0,7,1
2020-03-15,Plumas,063,18699,0,0,0,0,0
2020-03-15,Riverside,065,2383286,183,10,5,15,0
2020-03-15,Sacramento,067,1510023,174,30,0,30,1
2020-03-15,San Benito,069,59416,8,2,0,2,0
2020-03-15,San Bernardino,071,2135413,122,0,0,0,0
2020-03-15,San Diego,073,3302833,438,16,0,16,0
2020-03-15,San Francisco,075,870044,209,31,0,31,0
2020-03-15,San Joaquin,077,732212,63,6,3,9,0
2020-03-15,San Luis Obispo,079,281455,45,1,0,1,0
2020-03-15,San Mateo,081,765935,235,29,1,30,1
2020-03-15,Santa Barbara,083,443738,46,0,0,0,0
2020-03-15,Santa Clara,085,1922200,586,79,1,80,2
2020-03-15,Santa Cruz,087,273765,38,8,0,8,0
2020-03-15,Shasta,089,179085,5,1,0,1,0
2020-03-15,Sierra,091,2930,0,0,0,0,0
2020-03-15,Siskiyou,093,43540,2,0,0,0,0
2020-03-15,Solano,095,438530,42,26,0,26,0
2020-03-15,Sonoma,097,501317,54,4,0,4,0
2020-03-15,Stanislaus,099,539301,26,2,2,4,0
2020-03-15,Sutter,101,95872,2,0,0,0,0
2020-03-15,Tehama,103,63373,0,0,0,0,0
2020-03-15,Trinity,105,12862,0,0,0,0,0
2020-03-15,Tulare,107,460477,19,2,3,5,0
2020-03-15,Tuolumne,109,53932,1,0,0,0,0
2020-03-15,Ventura,111,848112,77,5,0,5,0
2020-03-15,Yolo,113,214977,15,2,0,2,0
2020-03-15,Yuba,115,75493,2,0,0,0,0
2020-03-14,Alameda,001,1643700,197,11,0,11,0
2020-03-14,Alpine,003,1148,0,0,0,0,0
2020-03-14,Amador,005,37829,1,0,0,0,0
2020-03-14,Butte,007,227075,2,0,0,0,0
2020-03-14,Calaveras,009,45235,2,2,0,2,0
2020-03-14,Colusa,011,21464,0,0,0,0,0
2020-03-14,Contra Costa,013,1133247,139,30,0,30,0
2020-03-14,Del Norte,015,27424,0,0,0,0,0
2020-03-14,El Dorado,017,186661,12,0,0,0,0
2020-03-14,Fresno,019,978130,25,1,1,2,0
2020-03-14,Glenn,021,27897,0,0,0,0,0
2020-03-14,Humboldt,023,135768,7,1,0,1,0
2020-03-14,Imperial,025,180216,10,2,0,2,0
2020-03-14,Inyo,027,18085,0,0,0,0,0
2020-03-14,Kern,029,883053,32,0,0,0,0
2020-03-14,Kings,031,150075,11,0,1,1,0
2020-03-14,Lake,033,64148,0,0,0,0,0
2020-03-14,Lassen,035,31185,1,0,0,0,0
2020-03-14,Los Angeles,037,10098052,1177,35,9,44,0
2020-03-14,Madera,039,155013,19,2,0,2,0
2020-03-14,Marin,041,260295,37,3,0,3,0
2020-03-14,Mariposa,043,17540,0,0,0,0,0
2020-03-14,Mendocino,045,87422,2,0,0,0,0
2020-03-14,Merced,047,269075,3,0,0,0,0
2020-03-14,Modoc,049,8938,0,0,0,0,0
2020-03-14,Mono,051,14174,5,0,0,0,0
2020-03-14,Monterey,053,433212,15,0,0,0,0
2020-03-14,Napa,055,140530,5,0,0,0,0
2020-03-14,Nevada,057,99092,8,0,1,1,0
2020-03-14,Orange,059,3164182,308,14,0,14,0
2020-03-14,Placer,061,380077,29,6,0,6,1
2020-03-14,Plumas,063,18699,0,0,0,0,0
2020-03-14,Riverside,065,2383286,163,10,5,15,0
2020-03-14,Sacramento,067,1510023,152,31,0,31,1
2020-03-14,San Benito,069,59416,8,2,0,2,0
2020-03-14,San Bernardino,071,2135413,103,0,0,0,0
2020-03-14,San Diego,073,3302833,363,10,0,10,0
2020-03-14,San Francisco,075,870044,188,29,0,29,0
2020-03-14,San Joaquin,077,732212,54,6,3,9,0
2020-03-14,San Luis Obispo,079,281455,40,0,0,0,0
2020-03-14,San Mateo,081,765935,212,27,1,28,0
2020-03-14,Santa Barbara,083,443738,37,0,0,0,0
2020-03-14,Santa Clara,085,1922200,530,62,1,63,2
2020-03-14,Santa Cruz,087,273765,33,8,0,8,0
2020-03-14,Shasta,089,179085,5,1,0,1,0
2020-03-14,Sierra,091,2930,0,0,0,0,0
2020-03-14,Siskiyou,093,43540,1,0,0,0,0
2020-03-14,Solano,095,438530,40,26,0,26,0
2020-03-14,Sonoma,097,501317,41,2,0,2,0
2020-03-14,Stanislaus,099,539301,22,2,2,4,0
2020-03-14,Sutter,101,95872,2,0,0,0,0
2020-03-14,Tehama,103,63373,0,0,0,0,0
2020-03-14,Trinity,105,12862,0,0,0,0,0
2020-03-14,Tulare,107,460477,17,2,2,4,0
2020-03-14,Tuolumne,109,53932,1,0,0,0,0
2020-03-14,Ventura,111,848112,68,5,0,5,0
2020-03-14,Yolo,113,214977,15,2,0,2,0
2020-03-14,Yuba,115,75493,1,0,0,0,0
2020-03-13,Alameda,001,1643700,178,12,0,12,0
2020-03-13,Alpine,003,1148,0,0,0,0,0
2020-03-13,Amador,005,37829,1,0,0,0,0
2020-03-13,Butte,007,227075,0,0,0,0,0
2020-03-13,Calaveras,009,45235,2,2,0,2,0
2020-03-13,Colusa,011,21464,0,0,0,0,0
2020-03-13,Contra Costa,013,1133247,125,22,0,22,0
2020-03-13,Del Norte,015,27424,0,0,0,0,0
2020-03-13,El Dorado,017,186661,11,0,0,0,0
2020-03-13,Fresno,019,978130,20,1,1,2,0
2020-03-13,Glenn,021,27897,0,0,0,0,0
2020-03-13,Humboldt,023,135768,7,1,0,1,0
2020-03-13,Imperial,025,180216,9,2,0,2,0
2020-03-13,Inyo,027,18085,0,0,0,0,0
2020-03-13,Kern,029,883053,27,0,0,0,0
2020-03-13,Kings,031,150075,10,0,1,1,0
2020-03-13,Lake,033,64148,0,0,0,0,0
2020-03-13,Lassen,035,31185,1,0,0,0,0
2020-03-13,Los Angeles,037,10098052,1024,30,7,37,0
2020-03-13,Madera,039,155013,18,1,0,1,0
2020-03-13,Marin,041,260295,34,3,0,3,0
2020-03-13,Mariposa,043,17540,0,0,0,0,0
2020-03-13,Mendocino,045,87422,2,0,0,0,0
2020-03-13,Merced,047,269075,2,0,0,0,0
2020-03-13,Modoc,049,8938,0,0,0,0,0
2020-03-13,Mono,051,14174,3,0,0,0,0
2020-03-13,Monterey,053,433212,10,0,0,0,0
2020-03-13,Napa,055,140530,3,0,0,0,0
2020-03-13,Nevada,057,99092,7,0,1,1,0
2020-03-13,Orange,059,3164182,268,10,0,10,0
2020-03-13,Placer,061,380077,27,6,0,6,1
2020-03-13,Plumas,063,18699,0,0,0,0,0
2020-03-13,Riverside,065,2383286,133,5,4,9,0
2020-03-13,Sacramento,067,1510023,130,18,0,18,1
2020-03-13,San Benito,069,59416,6,2,0,2,0
2020-03-13,San Bernardino,071,2135413,96,0,0,0,0
2020-03-13,San Diego,073,3302833,313,8,0,8,0
2020-03-13,San Francisco,075,870044,174,28,0,28,0
2020-03-13,San Joaquin,077,732212,50,6,3,9,0
2020-03-13,San Luis Obispo,079,281455,33,0,0,0,0
2020-03-13,San Mateo,081,765935,191,24,1,25,0
2020-03-13,Santa Barbara,083,443738,33,0,0,0,0
2020-03-13,Santa Clara,085,1922200,468,59,1,60,1
2020-03-13,Santa Cruz,087,273765,32,7,0,7,0
2020-03-13,Shasta,089,179085,3,1,0,1,0
2020-03-13,Sierra,091,2930,0,0,0,0,0
2020-03-13,Siskiyou,093,43540,0,0,0,0,0
2020-03-13,Solano,095,438530,39,26,0,26,0
2020-03-13,Sonoma,097,501317,40,2,0,2,0
2020-03-13,Stanislaus,099,539301,17,2,2,4,0
2020-03-13,Sutter,101,95872,2,0,0,0,0
2020-03-13,Tehama,103,63373,0,0,0,0,0
2020-03-13,Trinity,105,12862,0,0,0,0,0
2020-03-13,Tulare,107,460477,14,2,2,4,0
2020-03-13,Tuolumne,109,53932,1,0,0,0,0
2020-03-13,Ventura,111,848112,54,5,0,5,0
2020-03-13,Yolo,113,214977,14,1,0,1,0
2020-03-13,Yuba,115,75493,1,0,0,0,0
2020-03-12,Alameda,001,1643700,152,9,0,9,0
2020-03-12,Alpine,003,1148,0,0,0,0,0
2020-03-12,Amador,005,37829,1,0,0,0,0
2020-03-12,Butte,007,227075,0,0,0,0,0
2020-03-12,Calaveras,009,45235,2,2,0,2,0
2020-03-12,Colusa,011,21464,0,0,0,0,0
2020-03-12,Contra Costa,013,1133247,108,18,0,18,0
2020-03-12,Del Norte,015,27424,0,0,0,0,0
2020-03-12,El Dorado,017,186661,9,0,0,0,0
2020-03-12,Fresno,019,978130,12,1,1,2,0
2020-03-12,Glenn,021,27897,0,0,0,0,0
2020-03-12,Humboldt,023,135768,6,1,0,1,0
2020-03-12,Imperial,025,180216,8,2,0,2,0
2020-03-12,Inyo,027,18085,0,0,0,0,0
2020-03-12,Kern,029,883053,18,0,0,0,0
2020-03-12,Kings,031,150075,7,0,1,1,0
2020-03-12,Lake,033,64148,0,0,0,0,0
2020-03-12,Lassen,035,31185,1,0,0,0,0
2020-03-12,Los Angeles,037,10098052,865,30,7,37,0
2020-03-12,Madera,039,155013,15,1,0,1,0
2020-03-12,Marin,041,260295,24,1,0,1,0
2020-03-12,Mariposa,043,17540,0,0,0,0,0
2020-03-12,Mendocino,045,87422,2,0,0,0,0
2020-03-12,Merced,047,269075,2,0,0,0,0
2020-03-12,Modoc,049,8938,0,0,0,0,0
2020-03-12,Mono,051,14174,3,0,0,0,0
2020-03-12,Monterey,053,433212,8,0,0,0,0
2020-03-12,Napa,055,140530,3,0,0,0,0
2020-03-12,Nevada,057,99092,4,0,1,1,0
2020-03-12,Orange,059,3164182,231,7,0,7,0
2020-03-12,Placer,061,380077,23,6,0,6,1
2020-03-12,Plumas,063,18699,0,0,0,0,0
2020-03-12,Riverside,065,2383286,107,5,2,7,0
2020-03-12,Sacramento,067,1510023,106,17,0,17,1
2020-03-12,San Benito,069,59416,5,2,0,2,0
2020-03-12,San Bernardino,071,2135413,80,0,0,0,0
2020-03-12,San Diego,073,3302833,258,9,0,9,0
2020-03-12,San Francisco,075,870044,149,20,0,20,0
2020-03-12,San Joaquin,077,732212,44,3,3,6,1
2020-03-12,San Luis Obispo,079,281455,26,0,0,0,0
2020-03-12,San Mateo,081,765935,157,21,1,22,0
2020-03-12,Santa Barbara,083,443738,22,0,0,0,0
2020-03-12,Santa Clara,085,1922200,410,51,1,52,1
2020-03-12,Santa Cruz,087,273765,29,5,0,5,0
2020-03-12,Shasta,089,179085,2,1,0,1,0
2020-03-12,Sierra,091,2930,0,0,0,0,0
2020-03-12,Siskiyou,093,43540,0,0,0,0,0
2020-03-12,Solano,095,438530,34,26,0,26,0
2020-03-12,Sonoma,097,501317,34,2,0,2,0
2020-03-12,Stanislaus,099,539301,15,2,2,4,0
2020-03-12,Sutter,101,95872,0,0,0,0,0
2020-03-12,Tehama,103,63373,0,0,0,0,0
2020-03-12,Trinity,105,12862,0,0,0,0,0
2020-03-12,Tulare,107,460477,12,1,1,2,0
2020-03-12,Tuolumne,109,53932,1,0,0,0,0
2020-03-12,Ventura,111,848112,45,3,0,3,0
2020-03-12,Yolo,113,214977,13,1,0,1,0
2020-03-12,Yuba,115,75493,1,0,0,0,0
2020-03-11,Alameda,001,1643700,120,5,0,5,0
2020-03-11,Alpine,003,1148,0,0,0,0,0
2020-03-11,Amador,005,37829,1,0,0,0,0
2020-03-11,Butte,007,227075,0,0,0,0,0
2020-03-11,Calaveras,009,45235,2,2,0,2,0
2020-03-11,Colusa,011,21464,0,0,0,0,0
2020-03-11,Contra Costa,013,1133247,93,16,0,16,0
2020-03-11,Del Norte,015,27424,0,0,0,0,0
2020-03-11,El Dorado,017,186661,8,0,0,0,0
2020-03-11,Fresno,019,978130,9,1,1,2,0
2020-03-11,Glenn,021,27897,0,0,0,0,0
2020-03-11,Humboldt,023,135768,6,1,0,1,0
2020-03-11,Imperial,025,180216,6,0,0,0,0
2020-03-11,Inyo,027,18085,0,0,0,0,0
2020-03-11,Kern,029,883053,16,0,0,0,0
2020-03-11,Kings,031,150075,5,0,1,1,0
2020-03-11,Lake,033,64148,0,0,0,0,0
2020-03-11,Lassen,035,31185,1,0,0,0,0
2020-03-11,Los Angeles,037,10098052,697,21,7,28,0
2020-03-11,Madera,039,155013,12,1,0,1,0
2020-03-11,Marin,041,260295,17,1,0,1,0
2020-03-11,Mariposa,043,17540,0,0,0,0,0
2020-03-11,Mendocino,045,87422,1,0,0,0,0
2020-03-11,Merced,047,269075,2,0,0,0,0
2020-03-11,Modoc,049,8938,0,0,0,0,0
2020-03-11,Mono,051,14174,3,0,0,0,0
2020-03-11,Monterey,053,433212,7,0,0,0,0
2020-03-11,Napa,055,140530,2,0,0,0,0
2020-03-11,Nevada,057,99092,4,0,1,1,0
2020-03-11,Orange,059,3164182,202,6,0,6,0
2020-03-11,Placer,061,380077,18,6,0,6,1
2020-03-11,Plumas,063,18699,0,0,0,0,0
2020-03-11,Riverside,065,2383286,81,4,1,5,0
2020-03-11,Sacramento,067,1510023,88,9,0,9,1
2020-03-11,San Benito,069,59416,5,2,0,2,0
2020-03-11,San Bernardino,071,2135413,73,0,0,0,0
2020-03-11,San Diego,073,3302833,208,4,0,4,0
2020-03-11,San Francisco,075,870044,124,17,0,17,0
2020-03-11,San Joaquin,077,732212,33,1,3,4,0
2020-03-11,San Luis Obispo,079,281455,23,0,0,0,0
2020-03-11,San Mateo,081,765935,139,16,0,16,0
2020-03-11,Santa Barbara,083,443738,13,0,0,0,0
2020-03-11,Santa Clara,085,1922200,370,48,1,49,1
2020-03-11,Santa Cruz,087,273765,26,2,0,2,0
2020-03-11,Shasta,089,179085,2,1,0,1,0
2020-03-11,Sierra,091,2930,0,0,0,0,0
2020-03-11,Siskiyou,093,43540,0,0,0,0,0
2020-03-11,Solano,095,438530,29,26,0,26,0
2020-03-11,Sonoma,097,501317,30,2,0,2,0
2020-03-11,Stanislaus,099,539301,15,2,2,4,0
2020-03-11,Sutter,101,95872,0,0,0,0,0
2020-03-11,Tehama,103,63373,0,0,0,0,0
2020-03-11,Trinity,105,12862,0,0,0,0,0
2020-03-11,Tulare,107,460477,10,0,1,1,0
2020-03-11,Tuolumne,109,53932,1,0,0,0,0
2020-03-11,Ventura,111,848112,37,3,0,3,0
2020-03-11,Yolo,113,214977,9,1,0,1,0
2020-03-11,Yuba,115,75493,1,0,0,0,0
2020-03-10,Alameda,001,1643700,99,4,0,4,0
2020-03-10,Alpine,003,1148,0,0,0,0,0
2020-03-10,Amador,005,37829,1,0,0,0,0
2020-03-10,Butte,007,227075,0,0,0,0,0
2020-03-10,Calaveras,009,45235,2,2,0,2,0
2020-03-10,Colusa,011,21464,0,0,0,0,0
2020-03-10,Contra Costa,013,1133247,84,11,0,11,0
2020-03-10,Del Norte,015,27424,0,0,0,0,0
2020-03-10,El Dorado,017,186661,7,0,0,0,0
2020-03-10,Fresno,019,978130,7,1,1,2,0
2020-03-10,Glenn,021,27897,0,0,0,0,0
2020-03-10,Humboldt,023,135768,6,1,0,1,0
2020-03-10,Imperial,025,180216,5,0,0,0,0
2020-03-10,Inyo,027,18085,0,0,0,0,0
2020-03-10,Kern,029,883053,11,0,0,0,0
2020-03-10,Kings,031,150075,5,0,1,1,0
2020-03-10,Lake,033,64148,0,0,0,0,0
2020-03-10,Lassen,035,31185,1,0,0,0,0
2020-03-10,Los Angeles,037,10098052,561,20,7,27,0
2020-03-10,Madera,039,155013,7,1,0,1,0
2020-03-10,Marin,041,260295,16,1,0,1,0
2020-03-10,Mariposa,043,17540,0,0,0,0,0
2020-03-10,Mendocino,045,87422,0,0,0,0,0
2020-03-10,Merced,047,269075,2,0,0,0,0
2020-03-10,Modoc,049,8938,0,0,0,0,0
2020-03-10,Mono,051,14174,3,0,0,0,0
2020-03-10,Monterey,053,433212,5,0,0,0,0
2020-03-10,Napa,055,140530,2,0,0,0,0
2020-03-10,Nevada,057,99092,3,0,1,1,0
2020-03-10,Orange,059,3164182,182,5,0,5,1
2020-03-10,Placer,061,380077,14,7,0,7,1
2020-03-10,Plumas,063,18699,0,0,0,0,0
2020-03-10,Riverside,065,2383286,59,4,1,5,0
2020-03-10,Sacramento,067,1510023,79,8,0,8,0
2020-03-10,San Benito,069,59416,5,2,0,2,0
2020-03-10,San Bernardino,071,2135413,65,0,0,0,0
2020-03-10,San Diego,073,3302833,165,3,0,3,0
2020-03-10,San Francisco,075,870044,92,16,0,16,0
2020-03-10,San Joaquin,077,732212,30,1,3,4,0
2020-03-10,San Luis Obispo,079,281455,15,0,0,0,0
2020-03-10,San Mateo,081,765935,123,11,0,11,0
2020-03-10,Santa Barbara,083,443738,10,0,0,0,0
2020-03-10,Santa Clara,085,1922200,322,45,1,46,1
2020-03-10,Santa Cruz,087,273765,22,2,0,2,0
2020-03-10,Shasta,089,179085,2,1,0,1,0
2020-03-10,Sierra,091,2930,0,0,0,0,0
2020-03-10,Siskiyou,093,43540,0,0,0,0,0
2020-03-10,Solano,095,438530,27,26,0,26,0
2020-03-10,Sonoma,097,501317,27,2,0,2,0
2020-03-10,Stanislaus,099,539301,11,0,2,2,0
2020-03-10,Sutter,101,95872,0,0,0,0,0
2020-03-10,Tehama,103,63373,0,0,0,0,0
2020-03-10,Trinity,105,12862,0,0,0,0,0
2020-03-10,Tulare,107,460477,9,0,1,1,0
2020-03-10,Tuolumne,109,53932,1,0,0,0,0
2020-03-10,Ventura,111,848112,29,1,0,1,0
2020-03-10,Yolo,113,214977,6,2,0,2,0
2020-03-10,Yuba,115,75493,1,0,0,0,0
2020-03-09,Alameda,001,1643700,71,4,0,4,0
2020-03-09,Alpine,003,1148,0,0,0,0,0
2020-03-09,Amador,005,37829,0,0,0,0,0
2020-03-09,Butte,007,227075,0,0,0,0,0
2020-03-09,Calaveras,009,45235,2,0,0,0,0
2020-03-09,Colusa,011,21464,0,0,0,0,0
2020-03-09,Contra Costa,013,1133247,72,9,0,9,0
2020-03-09,Del Norte,015,27424,0,0,0,0,0
2020-03-09,El Dorado,017,186661,5,0,0,0,0
2020-03-09,Fresno,019,978130,7,1,1,2,0
2020-03-09,Glenn,021,27897,0,0,0,0,0
2020-03-09,Humboldt,023,135768,5,1,0,1,0
2020-03-09,Imperial,025,180216,5,0,0,0,0
2020-03-09,Inyo,027,18085,0,0,0,0,0
2020-03-09,Kern,029,883053,8,0,0,0,0
2020-03-09,Kings,031,150075,4,0,1,1,0
2020-03-09,Lake,033,64148,0,0,0,0,0
2020-03-09,Lassen,035,31185,1,0,0,0,0
2020-03-09,Los Angeles,037,10098052,459,17,6,23,0
2020-03-09,Madera,039,155013,7,1,0,1,0
2020-03-09,Marin,041,260295,15,1,0,1,0
2020-03-09,Mariposa,043,17540,0,0,0,0,0
2020-03-09,Mendocino,045,87422,0,0,0,0,0
2020-03-09,Merced,047,269075,2,0,0,0,0
2020-03-09,Modoc,049,8938,0,0,0,0,0
2020-03-09,Mono,051,14174,3,0,0,0,0
2020-03-09,Monterey,053,433212,3,0,0,0,0
2020-03-09,Napa,055,140530,2,0,0,0,0
2020-03-09,Nevada,057,99092,2,0,1,1,0
2020-03-09,Orange,059,3164182,154,4,0,4,0
2020-03-09,Placer,061,380077,12,7,0,7,1
2020-03-09,Plumas,063,18699,0,0,0,0,0
2020-03-09,Riverside,065,2383286,49,4,1,5,0
2020-03-09,Sacramento,067,1510023,75,8,0,8,0
2020-03-09,San Benito,069,59416,3,2,0,2,0
2020-03-09,San Bernardino,071,2135413,54,0,0,0,0
2020-03-09,San Diego,073,3302833,126,2,0,2,0
2020-03-09,San Francisco,075,870044,72,14,0,14,0
2020-03-09,San Joaquin,077,732212,21,0,3,3,0
2020-03-09,San Luis Obispo,079,281455,15,0,0,0,0
2020-03-09,San Mateo,081,765935,109,6,0,6,0
2020-03-09,Santa Barbara,083,443738,8,0,0,0,0
2020-03-09,Santa Clara,085,1922200,278,42,1,43,1
2020-03-09,Santa Cruz,087,273765,19,2,0,2,0
2020-03-09,Shasta,089,179085,2,1,0,1,0
2020-03-09,Sierra,091,2930,0,0,0,0,0
2020-03-09,Siskiyou,093,43540,0,0,0,0,0
2020-03-09,Solano,095,438530,25,26,0,26,0
2020-03-09,Sonoma,097,501317,22,2,0,2,0
2020-03-09,Stanislaus,099,539301,11,0,2,2,0
2020-03-09,Sutter,101,95872,0,0,0,0,0
2020-03-09,Tehama,103,63373,0,0,0,0,0
2020-03-09,Trinity,105,12862,0,0,0,0,0
2020-03-09,Tulare,107,460477,9,0,1,1,0
2020-03-09,Tuolumne,109,53932,1,0,0,0,0
2020-03-09,Ventura,111,848112,25,1,0,1,0
2020-03-09,Yolo,113,214977,5,2,0,2,0
2020-03-09,Yuba,115,75493,0,0,0,0,0
2020-03-08,Alameda,001,1643700,46,4,0,4,0
2020-03-08,Alpine,003,1148,0,0,0,0,0
2020-03-08,Amador,005,37829,0,0,0,0,0
2020-03-08,Butte,007,227075,0,0,0,0,0
2020-03-08,Calaveras,009,45235,2,0,0,0,0
2020-03-08,Colusa,011,21464,0,0,0,0,0
2020-03-08,Contra Costa,013,1133247,58,9,0,9,0
2020-03-08,Del Norte,015,27424,0,0,0,0,0
2020-03-08,El Dorado,017,186661,5,0,0,0,0
2020-03-08,Fresno,019,978130,5,1,1,2,0
2020-03-08,Glenn,021,27897,0,0,0,0,0
2020-03-08,Humboldt,023,135768,5,1,0,1,0
2020-03-08,Imperial,025,180216,5,0,0,0,0
2020-03-08,Inyo,027,18085,0,0,0,0,0
2020-03-08,Kern,029,883053,8,0,0,0,0
2020-03-08,Kings,031,150075,3,0,1,1,0
2020-03-08,Lake,033,64148,0,0,0,0,0
2020-03-08,Lassen,035,31185,0,0,0,0,0
2020-03-08,Los Angeles,037,10098052,366,14,6,20,0
2020-03-08,Madera,039,155013,7,1,0,1,0
2020-03-08,Marin,041,260295,13,1,0,1,0
2020-03-08,Mariposa,043,17540,0,0,0,0,0
2020-03-08,Mendocino,045,87422,0,0,0,0,0
2020-03-08,Merced,047,269075,2,0,0,0,0
2020-03-08,Modoc,049,8938,0,0,0,0,0
2020-03-08,Mono,051,14174,3,0,0,0,0
2020-03-08,Monterey,053,433212,3,0,0,0,0
2020-03-08,Napa,055,140530,2,0,0,0,0
2020-03-08,Nevada,057,99092,1,0,1,1,0
2020-03-08,Orange,059,3164182,129,4,0,4,0
2020-03-08,Placer,061,380077,11,7,0,7,1
2020-03-08,Plumas,063,18699,0,0,0,0,0
2020-03-08,Riverside,065,2383286,41,1,1,2,0
2020-03-08,Sacramento,067,1510023,65,5,0,5,0
2020-03-08,San Benito,069,59416,3,2,0,2,0
2020-03-08,San Bernardino,071,2135413,43,0,0,0,0
2020-03-08,San Diego,073,3302833,92,2,0,2,0
2020-03-08,San Francisco,075,870044,53,9,0,9,0
2020-03-08,San Joaquin,077,732212,18,0,3,3,0
2020-03-08,San Luis Obispo,079,281455,9,0,0,0,0
2020-03-08,San Mateo,081,765935,96,4,0,4,0
2020-03-08,Santa Barbara,083,443738,5,0,0,0,0
2020-03-08,Santa Clara,085,1922200,236,36,1,37,0
2020-03-08,Santa Cruz,087,273765,17,1,0,1,0
2020-03-08,Shasta,089,179085,2,0,0,0,0
2020-03-08,Sierra,091,2930,0,0,0,0,0
2020-03-08,Siskiyou,093,43540,0,0,0,0,0
2020-03-08,Solano,095,438530,24,26,0,26,0
2020-03-08,Sonoma,097,501317,17,2,0,2,0
2020-03-08,Stanislaus,099,539301,10,0,2,2,0
2020-03-08,Sutter,101,95872,0,0,0,0,0
2020-03-08,Tehama,103,63373,0,0,0,0,0
2020-03-08,Trinity,105,12862,0,0,0,0,0
2020-03-08,Tulare,107,460477,9,0,0,0,0
2020-03-08,Tuolumne,109,53932,1,0,0,0,0
2020-03-08,Ventura,111,848112,21,1,0,1,0
2020-03-08,Yolo,113,214977,2,2,0,2,0
2020-03-08,Yuba,115,75493,0,0,0,0,0
2020-03-07,Alameda,001,1643700,41,3,0,3,0
2020-03-07,Alpine,003,1148,0,0,0,0,0
2020-03-07,Amador,005,37829,0,0,0,0,0
2020-03-07,Butte,007,227075,0,0,0,0,0
2020-03-07,Calaveras,009,45235,2,0,0,0,0
2020-03-07,Colusa,011,21464,0,0,0,0,0
2020-03-07,Contra Costa,013,1133247,55,4,0,4,0
2020-03-07,Del Norte,015,27424,0,0,0,0,0
2020-03-07,El Dorado,017,186661,4,0,0,0,0
2020-03-07,Fresno,019,978130,4,1,1,2,0
2020-03-07,Glenn,021,27897,0,0,0,0,0
2020-03-07,Humboldt,023,135768,5,1,0,1,0
2020-03-07,Imperial,025,180216,4,0,0,0,0
2020-03-07,Inyo,027,18085,0,0,0,0,0
2020-03-07,Kern,029,883053,7,0,0,0,0
2020-03-07,Kings,031,150075,3,0,1,1,0
2020-03-07,Lake,033,64148,0,0,0,0,0
2020-03-07,Lassen,035,31185,0,0,0,0,0
2020-03-07,Los Angeles,037,10098052,316,14,6,20,0
2020-03-07,Madera,039,155013,6,1,0,1,0
2020-03-07,Marin,041,260295,11,0,0,0,0
2020-03-07,Mariposa,043,17540,0,0,0,0,0
2020-03-07,Mendocino,045,87422,0,0,0,0,0
2020-03-07,Merced,047,269075,2,0,0,0,0
2020-03-07,Modoc,049,8938,0,0,0,0,0
2020-03-07,Mono,051,14174,3,0,0,0,0
2020-03-07,Monterey,053,433212,3,0,0,0,0
2020-03-07,Napa,055,140530,1,0,0,0,0
2020-03-07,Nevada,057,99092,1,0,1,1,0
2020-03-07,Orange,059,3164182,121,4,0,4,0
2020-03-07,Placer,061,380077,11,6,0,6,1
2020-03-07,Plumas,063,18699,0,0,0,0,0
2020-03-07,Riverside,065,2383286,31,0,1,1,0
2020-03-07,Sacramento,067,1510023,52,4,0,4,0
2020-03-07,San Benito,069,59416,3,2,0,2,0
2020-03-07,San Bernardino,071,2135413,41,0,0,0,0
2020-03-07,San Diego,073,3302833,74,2,0,2,0
2020-03-07,San Francisco,075,870044,47,9,0,9,0
2020-03-07,San Joaquin,077,732212,16,0,3,3,0
2020-03-07,San Luis Obispo,079,281455,6,0,0,0,0
2020-03-07,San Mateo,081,765935,86,1,0,1,0
2020-03-07,Santa Barbara,083,443738,5,0,0,0,0
2020-03-07,Santa Clara,085,1922200,206,31,1,32,0
2020-03-07,Santa Cruz,087,273765,17,1,0,1,0
2020-03-07,Shasta,089,179085,2,0,0,0,0
2020-03-07,Sierra,091,2930,0,0,0,0,0
2020-03-07,Siskiyou,093,43540,0,0,0,0,0
2020-03-07,Solano,095,438530,23,25,0,25,0
2020-03-07,Sonoma,097,501317,13,2,0,2,0
2020-03-07,Stanislaus,099,539301,9,0,2,2,0
2020-03-07,Sutter,101,95872,0,0,0,0,0
2020-03-07,Tehama,103,63373,0,0,0,0,0
2020-03-07,Trinity,105,12862,0,0,0,0,0
2020-03-07,Tulare,107,460477,6,0,0,0,0
2020-03-07,Tuolumne,109,53932,1,0,0,0,0
2020-03-07,Ventura,111,848112,18,1,0,1,0
2020-03-07,Yolo,113,214977,2,2,0,2,0
2020-03-07,Yuba,115,75493,0,0,0,0,0
2020-03-06,Alameda,001,1643700,39,3,0,3,0
2020-03-06,Alpine,003,1148,0,0,0,0,0
2020-03-06,Amador,005,37829,0,0,0,0,0
2020-03-06,Butte,007,227075,0,0,0,0,0
2020-03-06,Calaveras,009,45235,2,0,0,0,0
2020-03-06,Colusa,011,21464,0,0,0,0,0
2020-03-06,Contra Costa,013,1133247,46,4,0,4,0
2020-03-06,Del Norte,015,27424,0,0,0,0,0
2020-03-06,El Dorado,017,186661,3,0,0,0,0
2020-03-06,Fresno,019,978130,3,0,1,1,0
2020-03-06,Glenn,021,27897,0,0,0,0,0
2020-03-06,Humboldt,023,135768,4,1,0,1,0
2020-03-06,Imperial,025,180216,3,0,0,0,0
2020-03-06,Inyo,027,18085,0,0,0,0,0
2020-03-06,Kern,029,883053,6,0,0,0,0
2020-03-06,Kings,031,150075,3,0,1,1,0
2020-03-06,Lake,033,64148,0,0,0,0,0
2020-03-06,Lassen,035,31185,0,0,0,0,0
2020-03-06,Los Angeles,037,10098052,273,13,6,19,0
2020-03-06,Madera,039,155013,5,0,0,0,0
2020-03-06,Marin,041,260295,10,0,0,0,0
2020-03-06,Mariposa,043,17540,0,0,0,0,0
2020-03-06,Mendocino,045,87422,0,0,0,0,0
2020-03-06,Merced,047,269075,2,0,0,0,0
2020-03-06,Modoc,049,8938,0,0,0,0,0
2020-03-06,Mono,051,14174,1,0,0,0,0
2020-03-06,Monterey,053,433212,3,0,0,0,0
2020-03-06,Napa,055,140530,1,0,0,0,0
2020-03-06,Nevada,057,99092,1,0,1,1,0
2020-03-06,Orange,059,3164182,95,4,0,4,0
2020-03-06,Placer,061,380077,10,5,0,5,1
2020-03-06,Plumas,063,18699,0,0,0,0,0
2020-03-06,Riverside,065,2383286,30,0,1,1,0
2020-03-06,Sacramento,067,1510023,43,2,0,2,0
2020-03-06,San Benito,069,59416,3,2,0,2,0
2020-03-06,San Bernardino,071,2135413,39,0,0,0,0
2020-03-06,San Diego,073,3302833,61,2,0,2,0
2020-03-06,San Francisco,075,870044,41,2,0,2,0
2020-03-06,San Joaquin,077,732212,13,0,3,3,0
2020-03-06,San Luis Obispo,079,281455,4,0,0,0,0
2020-03-06,San Mateo,081,765935,78,1,0,1,0
2020-03-06,Santa Barbara,083,443738,3,0,0,0,0
2020-03-06,Santa Clara,085,1922200,188,20,1,21,0
2020-03-06,Santa Cruz,087,273765,15,0,0,0,0
2020-03-06,Shasta,089,179085,2,0,0,0,0
2020-03-06,Sierra,091,2930,0,0,0,0,0
2020-03-06,Siskiyou,093,43540,0,0,0,0,0
2020-03-06,Solano,095,438530,22,25,0,25,0
2020-03-06,Sonoma,097,501317,13,2,0,2,0
2020-03-06,Stanislaus,099,539301,5,0,2,2,0
2020-03-06,Sutter,101,95872,0,0,0,0,0
2020-03-06,Tehama,103,63373,0,0,0,0,0
2020-03-06,Trinity,105,12862,0,0,0,0,0
2020-03-06,Tulare,107,460477,6,0,0,0,0
2020-03-06,Tuolumne,109,53932,1,0,0,0,0
2020-03-06,Ventura,111,848112,15,1,0,1,0
2020-03-06,Yolo,113,214977,2,1,0,1,0
2020-03-06,Yuba,115,75493,0,0,0,0,0
2020-03-05,Alameda,001,1643700,34,2,0,2,0
2020-03-05,Alpine,003,1148,0,0,0,0,0
2020-03-05,Amador,005,37829,0,0,0,0,0
2020-03-05,Butte,007,227075,0,0,0,0,0
2020-03-05,Calaveras,009,45235,2,0,0,0,0
2020-03-05,Colusa,011,21464,0,0,0,0,0
2020-03-05,Contra Costa,013,1133247,39,1,0,1,0
2020-03-05,Del Norte,015,27424,0,0,0,0,0
2020-03-05,El Dorado,017,186661,1,0,0,0,0
2020-03-05,Fresno,019,978130,3,0,1,1,0
2020-03-05,Glenn,021,27897,0,0,0,0,0
2020-03-05,Humboldt,023,135768,4,1,0,1,0
2020-03-05,Imperial,025,180216,2,0,0,0,0
2020-03-05,Inyo,027,18085,0,0,0,0,0
2020-03-05,Kern,029,883053,6,0,0,0,0
2020-03-05,Kings,031,150075,3,0,1,1,0
2020-03-05,Lake,033,64148,0,0,0,0,0
2020-03-05,Lassen,035,31185,0,0,0,0,0
2020-03-05,Los Angeles,037,10098052,226,11,6,17,0
2020-03-05,Madera,039,155013,5,0,0,0,0
2020-03-05,Marin,041,260295,10,0,0,0,0
2020-03-05,Mariposa,043,17540,0,0,0,0,0
2020-03-05,Mendocino,045,87422,0,0,0,0,0
2020-03-05,Merced,047,269075,2,0,0,0,0
2020-03-05,Modoc,049,8938,0,0,0,0,0
2020-03-05,Mono,051,14174,1,0,0,0,0
2020-03-05,Monterey,053,433212,3,0,0,0,0
2020-03-05,Napa,055,140530,1,0,0,0,0
2020-03-05,Nevada,057,99092,0,0,1,1,0
2020-03-05,Orange,059,3164182,80,3,0,3,0
2020-03-05,Placer,061,380077,10,2,0,2,1
2020-03-05,Plumas,063,18699,0,0,0,0,0
2020-03-05,Riverside,065,2383286,27,0,1,1,0
2020-03-05,Sacramento,067,1510023,37,2,0,2,0
2020-03-05,San Benito,069,59416,1,2,0,2,0
2020-03-05,San Bernardino,071,2135413,34,0,0,0,0
2020-03-05,San Diego,073,3302833,54,2,0,2,0
2020-03-05,San Francisco,075,870044,31,2,0,2,0
2020-03-05,San Joaquin,077,732212,10,0,3,3,0
2020-03-05,San Luis Obispo,079,281455,4,0,0,0,0
2020-03-05,San Mateo,081,765935,65,1,0,1,0
2020-03-05,Santa Barbara,083,443738,2,0,0,0,0
2020-03-05,Santa Clara,085,1922200,164,14,1,15,0
2020-03-05,Santa Cruz,087,273765,13,0,0,0,0
2020-03-05,Shasta,089,179085,2,0,0,0,0
2020-03-05,Sierra,091,2930,0,0,0,0,0
2020-03-05,Siskiyou,093,43540,0,0,0,0,0
2020-03-05,Solano,095,438530,22,24,0,24,0
2020-03-05,Sonoma,097,501317,12,2,0,2,0
2020-03-05,Stanislaus,099,539301,4,0,2,2,0
2020-03-05,Sutter,101,95872,0,0,0,0,0
2020-03-05,Tehama,103,63373,0,0,0,0,0
2020-03-05,Trinity,105,12862,0,0,0,0,0
2020-03-05,Tulare,107,460477,6,0,0,0,0
2020-03-05,Tuolumne,109,53932,1,0,0,0,0
2020-03-05,Ventura,111,848112,13,0,0,0,0
2020-03-05,Yolo,113,214977,2,0,0,0,0
2020-03-05,Yuba,115,75493,0,0,0,0,0
2020-03-04,Alameda,001,1643700,30,2,0,2,0
2020-03-04,Alpine,003,1148,0,0,0,0,0
2020-03-04,Amador,005,37829,0,0,0,0,0
2020-03-04,Butte,007,227075,0,0,0,0,0
2020-03-04,Calaveras,009,45235,0,0,0,0,0
2020-03-04,Colusa,011,21464,0,0,0,0,0
2020-03-04,Contra Costa,013,1133247,34,1,0,1,0
2020-03-04,Del Norte,015,27424,0,0,0,0,0
2020-03-04,El Dorado,017,186661,1,0,0,0,0
2020-03-04,Fresno,019,978130,3,0,1,1,0
2020-03-04,Glenn,021,27897,0,0,0,0,0
2020-03-04,Humboldt,023,135768,1,1,0,1,0
2020-03-04,Imperial,025,180216,2,0,0,0,0
2020-03-04,Inyo,027,18085,0,0,0,0,0
2020-03-04,Kern,029,883053,6,0,0,0,0
2020-03-04,Kings,031,150075,3,0,1,1,0
2020-03-04,Lake,033,64148,0,0,0,0,0
2020-03-04,Lassen,035,31185,0,0,0,0,0
2020-03-04,Los Angeles,037,10098052,191,7,6,13,0
2020-03-04,Madera,039,155013,5,0,0,0,0
2020-03-04,Marin,041,260295,10,0,0,0,0
2020-03-04,Mariposa,043,17540,0,0,0,0,0
2020-03-04,Mendocino,045,87422,0,0,0,0,0
2020-03-04,Merced,047,269075,2,0,0,0,0
2020-03-04,Modoc,049,8938,0,0,0,0,0
2020-03-04,Mono,051,14174,1,0,0,0,0
2020-03-04,Monterey,053,433212,3,0,0,0,0
2020-03-04,Napa,055,140530,1,0,0,0,0
2020-03-04,Nevada,057,99092,0,0,1,1,0
2020-03-04,Orange,059,3164182,77,3,0,3,0
2020-03-04,Placer,061,380077,9,2,0,2,1
2020-03-04,Plumas,063,18699,0,0,0,0,0
2020-03-04,Riverside,065,2383286,23,0,1,1,0
2020-03-04,Sacramento,067,1510023,32,1,0,1,0
2020-03-04,San Benito,069,59416,1,2,0,2,0
2020-03-04,San Bernardino,071,2135413,31,0,0,0,0
2020-03-04,San Diego,073,3302833,41,2,0,2,0
2020-03-04,San Francisco,075,870044,26,0,0,0,0
2020-03-04,San Joaquin,077,732212,9,0,3,3,0
2020-03-04,San Luis Obispo,079,281455,4,0,0,0,0
2020-03-04,San Mateo,081,765935,60,1,0,1,0
2020-03-04,Santa Barbara,083,443738,2,0,0,0,0
2020-03-04,Santa Clara,085,1922200,147,12,1,13,0
2020-03-04,Santa Cruz,087,273765,13,0,0,0,0
2020-03-04,Shasta,089,179085,2,0,0,0,0
2020-03-04,Sierra,091,2930,0,0,0,0,0
2020-03-04,Siskiyou,093,43540,0,0,0,0,0
2020-03-04,Solano,095,438530,21,24,0,24,0
2020-03-04,Sonoma,097,501317,11,2,0,2,0
2020-03-04,Stanislaus,099,539301,4,0,2,2,0
2020-03-04,Sutter,101,95872,0,0,0,0,0
2020-03-04,Tehama,103,63373,0,0,0,0,0
2020-03-04,Trinity,105,12862,0,0,0,0,0
2020-03-04,Tulare,107,460477,6,0,0,0,0
2020-03-04,Tuolumne,109,53932,0,0,0,0,0
2020-03-04,Ventura,111,848112,12,0,0,0,0
2020-03-04,Yolo,113,214977,2,0,0,0,0
2020-03-04,Yuba,115,75493,0,0,0,0,0
2020-03-03,Alameda,001,1643700,24,2,0,2,0
2020-03-03,Alpine,003,1148,0,0,0,0,0
2020-03-03,Amador,005,37829,0,0,0,0,0
2020-03-03,Butte,007,227075,0,0,0,0,0
2020-03-03,Calaveras,009,45235,0,0,0,0,0
2020-03-03,Colusa,011,21464,0,0,0,0,0
2020-03-03,Contra Costa,013,1133247,30,0,0,0,0
2020-03-03,Del Norte,015,27424,0,0,0,0,0
2020-03-03,El Dorado,017,186661,1,0,0,0,0
2020-03-03,Fresno,019,978130,2,0,1,1,0
2020-03-03,Glenn,021,27897,0,0,0,0,0
2020-03-03,Humboldt,023,135768,1,1,0,1,0
2020-03-03,Imperial,025,180216,2,0,0,0,0
2020-03-03,Inyo,027,18085,0,0,0,0,0
2020-03-03,Kern,029,883053,4,0,0,0,0
2020-03-03,Kings,031,150075,3,0,1,1,0
2020-03-03,Lake,033,64148,0,0,0,0,0
2020-03-03,Lassen,035,31185,0,0,0,0,0
2020-03-03,Los Angeles,037,10098052,172,5,6,11,0
2020-03-03,Madera,039,155013,4,0,0,0,0
2020-03-03,Marin,041,260295,6,0,0,0,0
2020-03-03,Mariposa,043,17540,0,0,0,0,0
2020-03-03,Mendocino,045,87422,0,0,0,0,0
2020-03-03,Merced,047,269075,2,0,0,0,0
2020-03-03,Modoc,049,8938,0,0,0,0,0
2020-03-03,Mono,051,14174,1,0,0,0,0
2020-03-03,Monterey,053,433212,2,0,0,0,0
2020-03-03,Napa,055,140530,1,0,0,0,0
2020-03-03,Nevada,057,99092,0,0,1,1,0
2020-03-03,Orange,059,3164182,69,1,0,1,0
2020-03-03,Placer,061,380077,8,2,0,2,0
2020-03-03,Plumas,063,18699,0,0,0,0,0
2020-03-03,Riverside,065,2383286,20,0,1,1,0
2020-03-03,Sacramento,067,1510023,31,1,0,1,0
2020-03-03,San Benito,069,59416,1,2,0,2,0
2020-03-03,San Bernardino,071,2135413,28,0,0,0,0
2020-03-03,San Diego,073,3302833,34,2,0,2,0
2020-03-03,San Francisco,075,870044,24,0,0,0,0
2020-03-03,San Joaquin,077,732212,8,0,3,3,0
2020-03-03,San Luis Obispo,079,281455,2,0,0,0,0
2020-03-03,San Mateo,081,765935,53,1,0,1,0
2020-03-03,Santa Barbara,083,443738,1,0,0,0,0
2020-03-03,Santa Clara,085,1922200,132,11,1,12,0
2020-03-03,Santa Cruz,087,273765,10,0,0,0,0
2020-03-03,Shasta,089,179085,2,0,0,0,0
2020-03-03,Sierra,091,2930,0,0,0,0,0
2020-03-03,Siskiyou,093,43540,0,0,0,0,0
2020-03-03,Solano,095,438530,20,24,0,24,0
2020-03-03,Sonoma,097,501317,11,1,0,1,0
2020-03-03,Stanislaus,099,539301,4,0,2,2,0
2020-03-03,Sutter,101,95872,0,0,0,0,0
2020-03-03,Tehama,103,63373,0,0,0,0,0
2020-03-03,Trinity,105,12862,0,0,0,0,0
2020-03-03,Tulare,107,460477,6,0,0,0,0
2020-03-03,Tuolumne,109,53932,0,0,0,0,0
2020-03-03,Ventura,111,848112,11,0,0,0,0
2020-03-03,Yolo,113,214977,1,0,0,0,0
2020-03-03,Yuba,115,75493,0,0,0,0,0
2020-03-02,Alameda,001,1643700,21,1,0,1,0
2020-03-02,Alpine,003,1148,0,0,0,0,0
2020-03-02,Amador,005,37829,0,0,0,0,0
2020-03-02,Butte,007,227075,0,0,0,0,0
2020-03-02,Calaveras,009,45235,0,0,0,0,0
2020-03-02,Colusa,011,21464,0,0,0,0,0
2020-03-02,Contra Costa,013,1133247,27,0,0,0,0
2020-03-02,Del Norte,015,27424,0,0,0,0,0
2020-03-02,El Dorado,017,186661,1,0,0,0,0
2020-03-02,Fresno,019,978130,2,0,1,1,0
2020-03-02,Glenn,021,27897,0,0,0,0,0
2020-03-02,Humboldt,023,135768,1,1,0,1,0
2020-03-02,Imperial,025,180216,2,0,0,0,0
2020-03-02,Inyo,027,18085,0,0,0,0,0
2020-03-02,Kern,029,883053,4,0,0,0,0
2020-03-02,Kings,031,150075,3,0,1,1,0
2020-03-02,Lake,033,64148,0,0,0,0,0
2020-03-02,Lassen,035,31185,0,0,0,0,0
2020-03-02,Los Angeles,037,10098052,157,1,6,7,0
2020-03-02,Madera,039,155013,4,0,0,0,0
2020-03-02,Marin,041,260295,6,0,0,0,0
2020-03-02,Mariposa,043,17540,0,0,0,0,0
2020-03-02,Mendocino,045,87422,0,0,0,0,0
2020-03-02,Merced,047,269075,1,0,0,0,0
2020-03-02,Modoc,049,8938,0,0,0,0,0
2020-03-02,Mono,051,14174,1,0,0,0,0
2020-03-02,Monterey,053,433212,2,0,0,0,0
2020-03-02,Napa,055,140530,1,0,0,0,0
2020-03-02,Nevada,057,99092,0,0,1,1,0
2020-03-02,Orange,059,3164182,64,1,0,1,0
2020-03-02,Placer,061,380077,8,1,0,1,0
2020-03-02,Plumas,063,18699,0,0,0,0,0
2020-03-02,Riverside,065,2383286,19,0,1,1,0
2020-03-02,Sacramento,067,1510023,25,1,0,1,0
2020-03-02,San Benito,069,59416,1,2,0,2,0
2020-03-02,San Bernardino,071,2135413,28,0,0,0,0
2020-03-02,San Diego,073,3302833,28,2,0,2,0
2020-03-02,San Francisco,075,870044,17,0,0,0,0
2020-03-02,San Joaquin,077,732212,7,0,3,3,0
2020-03-02,San Luis Obispo,079,281455,2,0,0,0,0
2020-03-02,San Mateo,081,765935,44,1,0,1,0
2020-03-02,Santa Barbara,083,443738,1,0,0,0,0
2020-03-02,Santa Clara,085,1922200,110,7,1,8,0
2020-03-02,Santa Cruz,087,273765,9,0,0,0,0
2020-03-02,Shasta,089,179085,2,0,0,0,0
2020-03-02,Sierra,091,2930,0,0,0,0,0
2020-03-02,Siskiyou,093,43540,0,0,0,0,0
2020-03-02,Solano,095,438530,19,24,0,24,0
2020-03-02,Sonoma,097,501317,10,1,0,1,0
2020-03-02,Stanislaus,099,539301,2,0,2,2,0
2020-03-02,Sutter,101,95872,0,0,0,0,0
2020-03-02,Tehama,103,63373,0,0,0,0,0
2020-03-02,Trinity,105,12862,0,0,0,0,0
2020-03-02,Tulare,107,460477,6,0,0,0,0
2020-03-02,Tuolumne,109,53932,0,0,0,0,0
2020-03-02,Ventura,111,848112,10,0,0,0,0
2020-03-02,Yolo,113,214977,1,0,0,0,0
2020-03-02,Yuba,115,75493,0,0,0,0,0
2020-03-01,Alameda,001,1643700,20,1,0,1,0
2020-03-01,Alpine,003,1148,0,0,0,0,0
2020-03-01,Amador,005,37829,0,0,0,0,0
2020-03-01,Butte,007,227075,0,0,0,0,0
2020-03-01,Calaveras,009,45235,0,0,0,0,0
2020-03-01,Colusa,011,21464,0,0,0,0,0
2020-03-01,Contra Costa,013,1133247,24,0,0,0,0
2020-03-01,Del Norte,015,27424,0,0,0,0,0
2020-03-01,El Dorado,017,186661,1,0,0,0,0
2020-03-01,Fresno,019,978130,1,0,1,1,0
2020-03-01,Glenn,021,27897,0,0,0,0,0
2020-03-01,Humboldt,023,135768,1,1,0,1,0
2020-03-01,Imperial,025,180216,2,0,0,0,0
2020-03-01,Inyo,027,18085,0,0,0,0,0
2020-03-01,Kern,029,883053,2,0,0,0,0
2020-03-01,Kings,031,150075,3,0,1,1,0
2020-03-01,Lake,033,64148,0,0,0,0,0
2020-03-01,Lassen,035,31185,0,0,0,0,0
2020-03-01,Los Angeles,037,10098052,138,1,6,7,0
2020-03-01,Madera,039,155013,2,0,0,0,0
2020-03-01,Marin,041,260295,5,0,0,0,0
2020-03-01,Mariposa,043,17540,0,0,0,0,0
2020-03-01,Mendocino,045,87422,0,0,0,0,0
2020-03-01,Merced,047,269075,1,0,0,0,0
2020-03-01,Modoc,049,8938,0,0,0,0,0
2020-03-01,Mono,051,14174,1,0,0,0,0
2020-03-01,Monterey,053,433212,1,0,0,0,0
2020-03-01,Napa,055,140530,1,0,0,0,0
2020-03-01,Nevada,057,99092,0,0,1,1,0
2020-03-01,Orange,059,3164182,61,1,0,1,0
2020-03-01,Placer,061,380077,8,0,0,0,0
2020-03-01,Plumas,063,18699,0,0,0,0,0
2020-03-01,Riverside,065,2383286,18,0,1,1,0
2020-03-01,Sacramento,067,1510023,21,1,0,1,0
2020-03-01,San Benito,069,59416,0,2,0,2,0
2020-03-01,San Bernardino,071,2135413,27,0,0,0,0
2020-03-01,San Diego,073,3302833,21,2,0,2,0
2020-03-01,San Francisco,075,870044,13,0,0,0,0
2020-03-01,San Joaquin,077,732212,7,0,3,3,0
2020-03-01,San Luis Obispo,079,281455,2,0,0,0,0
2020-03-01,San Mateo,081,765935,36,0,0,0,0
2020-03-01,Santa Barbara,083,443738,1,0,0,0,0
2020-03-01,Santa Clara,085,1922200,97,6,1,7,0
2020-03-01,Santa Cruz,087,273765,8,0,0,0,0
2020-03-01,Shasta,089,179085,2,0,0,0,0
2020-03-01,Sierra,091,2930,0,0,0,0,0
2020-03-01,Siskiyou,093,43540,0,0,0,0,0
2020-03-01,Solano,095,438530,19,24,0,24,0
2020-03-01,Sonoma,097,501317,9,0,0,0,0
2020-03-01,Stanislaus,099,539301,2,0,2,2,0
2020-03-01,Sutter,101,95872,0,0,0,0,0
2020-03-01,Tehama,103,63373,0,0,0,0,0
2020-03-01,Trinity,105,12862,0,0,0,0,0
2020-03-01,Tulare,107,460477,6,0,0,0,0
2020-03-01,Tuolumne,109,53932,0,0,0,0,0
2020-03-01,Ventura,111,848112,8,0,0,0,0
2020-03-01,Yolo,113,214977,1,0,0,0,0
2020-03-01,Yuba,115,75493,0,0,0,0,0
2020-02-29,Alameda,001,1643700,16,0,0,0,0
2020-02-29,Alpine,003,1148,0,0,0,0,0
2020-02-29,Amador,005,37829,0,0,0,0,0
2020-02-29,Butte,007,227075,0,0,0,0,0
2020-02-29,Calaveras,009,45235,0,0,0,0,0
2020-02-29,Colusa,011,21464,0,0,0,0,0
2020-02-29,Contra Costa,013,1133247,20,0,0,0,0
2020-02-29,Del Norte,015,27424,0,0,0,0,0
2020-02-29,El Dorado,017,186661,1,0,0,0,0
2020-02-29,Fresno,019,978130,1,0,0,0,0
2020-02-29,Glenn,021,27897,0,0,0,0,0
2020-02-29,Humboldt,023,135768,1,1,0,1,0
2020-02-29,Imperial,025,180216,1,0,0,0,0
2020-02-29,Inyo,027,18085,0,0,0,0,0
2020-02-29,Kern,029,883053,2,0,0,0,0
2020-02-29,Kings,031,150075,3,0,1,1,0
2020-02-29,Lake,033,64148,0,0,0,0,0
2020-02-29,Lassen,035,31185,0,0,0,0,0
2020-02-29,Los Angeles,037,10098052,110,1,6,7,0
2020-02-29,Madera,039,155013,2,0,0,0,0
2020-02-29,Marin,041,260295,4,0,0,0,0
2020-02-29,Mariposa,043,17540,0,0,0,0,0
2020-02-29,Mendocino,045,87422,0,0,0,0,0
2020-02-29,Merced,047,269075,1,0,0,0,0
2020-02-29,Modoc,049,8938,0,0,0,0,0
2020-02-29,Mono,051,14174,1,0,0,0,0
2020-02-29,Monterey,053,433212,1,0,0,0,0
2020-02-29,Napa,055,140530,1,0,0,0,0
2020-02-29,Nevada,057,99092,0,0,1,1,0
2020-02-29,Orange,059,3164182,56,1,0,1,0
2020-02-29,Placer,061,380077,7,0,0,0,0
2020-02-29,Plumas,063,18699,0,0,0,0,0
2020-02-29,Riverside,065,2383286,15,0,1,1,0
2020-02-29,Sacramento,067,1510023,16,1,0,1,0
2020-02-29,San Benito,069,59416,0,2,0,2,0
2020-02-29,San Bernardino,071,2135413,25,0,0,0,0
2020-02-29,San Diego,073,3302833,16,2,0,2,0
2020-02-29,San Francisco,075,870044,12,0,0,0,0
2020-02-29,San Joaquin,077,732212,6,0,3,3,0
2020-02-29,San Luis Obispo,079,281455,2,0,0,0,0
2020-02-29,San Mateo,081,765935,29,0,0,0,0
2020-02-29,Santa Barbara,083,443738,0,0,0,0,0
2020-02-29,Santa Clara,085,1922200,75,3,1,4,0
2020-02-29,Santa Cruz,087,273765,8,0,0,0,0
2020-02-29,Shasta,089,179085,2,0,0,0,0
2020-02-29,Sierra,091,2930,0,0,0,0,0
2020-02-29,Siskiyou,093,43540,0,0,0,0,0
2020-02-29,Solano,095,438530,18,23,0,23,0
2020-02-29,Sonoma,097,501317,6,0,0,0,0
2020-02-29,Stanislaus,099,539301,2,0,2,2,0
2020-02-29,Sutter,101,95872,0,0,0,0,0
2020-02-29,Tehama,103,63373,0,0,0,0,0
2020-02-29,Trinity,105,12862,0,0,0,0,0
2020-02-29,Tulare,107,460477,4,0,0,0,0
2020-02-29,Tuolumne,109,53932,0,0,0,0,0
2020-02-29,Ventura,111,848112,6,0,0,0,0
2020-02-29,Yolo,113,214977,1,0,0,0,0
2020-02-29,Yuba,115,75493,0,0,0,0,0
2020-02-28,Alameda,001,1643700,14,0,0,0,0
2020-02-28,Alpine,003,1148,0,0,0,0,0
2020-02-28,Amador,005,37829,0,0,0,0,0
2020-02-28,Butte,007,227075,0,0,0,0,0
2020-02-28,Calaveras,009,45235,0,0,0,0,0
2020-02-28,Colusa,011,21464,0,0,0,0,0
2020-02-28,Contra Costa,013,1133247,20,0,0,0,0
2020-02-28,Del Norte,015,27424,0,0,0,0,0
2020-02-28,El Dorado,017,186661,0,0,0,0,0
2020-02-28,Fresno,019,978130,1,0,0,0,0
2020-02-28,Glenn,021,27897,0,0,0,0,0
2020-02-28,Humboldt,023,135768,1,1,0,1,0
2020-02-28,Imperial,025,180216,1,0,0,0,0
2020-02-28,Inyo,027,18085,0,0,0,0,0
2020-02-28,Kern,029,883053,2,0,0,0,0
2020-02-28,Kings,031,150075,3,0,1,1,0
2020-02-28,Lake,033,64148,0,0,0,0,0
2020-02-28,Lassen,035,31185,0,0,0,0,0
2020-02-28,Los Angeles,037,10098052,102,1,6,7,0
2020-02-28,Madera,039,155013,2,0,0,0,0
2020-02-28,Marin,041,260295,2,0,0,0,0
2020-02-28,Mariposa,043,17540,0,0,0,0,0
2020-02-28,Mendocino,045,87422,0,0,0,0,0
2020-02-28,Merced,047,269075,1,0,0,0,0
2020-02-28,Modoc,049,8938,0,0,0,0,0
2020-02-28,Mono,051,14174,0,0,0,0,0
2020-02-28,Monterey,053,433212,1,0,0,0,0
2020-02-28,Napa,055,140530,1,0,0,0,0
2020-02-28,Nevada,057,99092,0,0,1,1,0
2020-02-28,Orange,059,3164182,54,1,0,1,0
2020-02-28,Placer,061,380077,7,0,0,0,0
2020-02-28,Plumas,063,18699,0,0,0,0,0
2020-02-28,Riverside,065,2383286,13,0,1,1,0
2020-02-28,Sacramento,067,1510023,10,1,0,1,0
2020-02-28,San Benito,069,59416,0,2,0,2,0
2020-02-28,San Bernardino,071,2135413,25,0,0,0,0
2020-02-28,San Diego,073,3302833,13,2,0,2,0
2020-02-28,San Francisco,075,870044,10,0,0,0,0
2020-02-28,San Joaquin,077,732212,6,0,3,3,0
2020-02-28,San Luis Obispo,079,281455,2,0,0,0,0
2020-02-28,San Mateo,081,765935,24,0,0,0,0
2020-02-28,Santa Barbara,083,443738,0,0,0,0,0
2020-02-28,Santa Clara,085,1922200,70,3,1,4,0
2020-02-28,Santa Cruz,087,273765,8,0,0,0,0
2020-02-28,Shasta,089,179085,2,0,0,0,0
2020-02-28,Sierra,091,2930,0,0,0,0,0
2020-02-28,Siskiyou,093,43540,0,0,0,0,0
2020-02-28,Solano,095,438530,17,23,0,23,0
2020-02-28,Sonoma,097,501317,6,0,0,0,0
2020-02-28,Stanislaus,099,539301,2,0,2,2,0
2020-02-28,Sutter,101,95872,0,0,0,0,0
2020-02-28,Tehama,103,63373,0,0,0,0,0
2020-02-28,Trinity,105,12862,0,0,0,0,0
2020-02-28,Tulare,107,460477,3,0,0,0,0
2020-02-28,Tuolumne,109,53932,0,0,0,0,0
2020-02-28,Ventura,111,848112,6,0,0,0,0
2020-02-28,Yolo,113,214977,1,0,0,0,0
2020-02-28,Yuba,115,75493,0,0,0,0,0
2020-02-27,Alameda,001,1643700,13,0,0,0,0
2020-02-27,Alpine,003,1148,0,0,0,0,0
2020-02-27,Amador,005,37829,0,0,0,0,0
2020-02-27,Butte,007,227075,0,0,0,0,0
2020-02-27,Calaveras,009,45235,0,0,0,0,0
2020-02-27,Colusa,011,21464,0,0,0,0,0
2020-02-27,Contra Costa,013,1133247,14,0,0,0,0
2020-02-27,Del Norte,015,27424,0,0,0,0,0
2020-02-27,El Dorado,017,186661,0,0,0,0,0
2020-02-27,Fresno,019,978130,1,0,0,0,0
2020-02-27,Glenn,021,27897,0,0,0,0,0
2020-02-27,Humboldt,023,135768,1,1,0,1,0
2020-02-27,Imperial,025,180216,1,0,0,0,0
2020-02-27,Inyo,027,18085,0,0,0,0,0
2020-02-27,Kern,029,883053,2,0,0,0,0
2020-02-27,Kings,031,150075,3,0,1,1,0
2020-02-27,Lake,033,64148,0,0,0,0,0
2020-02-27,Lassen,035,31185,0,0,0,0,0
2020-02-27,Los Angeles,037,10098052,94,1,6,7,0
2020-02-27,Madera,039,155013,2,0,0,0,0
2020-02-27,Marin,041,260295,1,0,0,0,0
2020-02-27,Mariposa,043,17540,0,0,0,0,0
2020-02-27,Mendocino,045,87422,0,0,0,0,0
2020-02-27,Merced,047,269075,1,0,0,0,0
2020-02-27,Modoc,049,8938,0,0,0,0,0
2020-02-27,Mono,051,14174,0,0,0,0,0
2020-02-27,Monterey,053,433212,1,0,0,0,0
2020-02-27,Napa,055,140530,1,0,0,0,0
2020-02-27,Nevada,057,99092,0,0,1,1,0
2020-02-27,Orange,059,3164182,48,1,0,1,0
2020-02-27,Placer,061,380077,6,0,0,0,0
2020-02-27,Plumas,063,18699,0,0,0,0,0
2020-02-27,Riverside,065,2383286,12,0,1,1,0
2020-02-27,Sacramento,067,1510023,10,1,0,1,0
2020-02-27,San Benito,069,59416,0,2,0,2,0
2020-02-27,San Bernardino,071,2135413,25,0,0,0,0
2020-02-27,San Diego,073,3302833,12,2,0,2,0
2020-02-27,San Francisco,075,870044,9,0,0,0,0
2020-02-27,San Joaquin,077,732212,5,0,3,3,0
2020-02-27,San Luis Obispo,079,281455,2,0,0,0,0
2020-02-27,San Mateo,081,765935,20,0,0,0,0
2020-02-27,Santa Barbara,083,443738,0,0,0,0,0
2020-02-27,Santa Clara,085,1922200,59,2,1,3,0
2020-02-27,Santa Cruz,087,273765,6,0,0,0,0
2020-02-27,Shasta,089,179085,0,0,0,0,0
2020-02-27,Sierra,091,2930,0,0,0,0,0
2020-02-27,Siskiyou,093,43540,0,0,0,0,0
2020-02-27,Solano,095,438530,17,23,0,23,0
2020-02-27,Sonoma,097,501317,5,0,0,0,0
2020-02-27,Stanislaus,099,539301,2,0,2,2,0
2020-02-27,Sutter,101,95872,0,0,0,0,0
2020-02-27,Tehama,103,63373,0,0,0,0,0
2020-02-27,Trinity,105,12862,0,0,0,0,0
2020-02-27,Tulare,107,460477,3,0,0,0,0
2020-02-27,Tuolumne,109,53932,0,0,0,0,0
2020-02-27,Ventura,111,848112,4,0,0,0,0
2020-02-27,Yolo,113,214977,1,0,0,0,0
2020-02-27,Yuba,115,75493,0,0,0,0,0
2020-02-26,Alameda,001,1643700,13,0,0,0,0
2020-02-26,Alpine,003,1148,0,0,0,0,0
2020-02-26,Amador,005,37829,0,0,0,0,0
2020-02-26,Butte,007,227075,0,0,0,0,0
2020-02-26,Calaveras,009,45235,0,0,0,0,0
2020-02-26,Colusa,011,21464,0,0,0,0,0
2020-02-26,Contra Costa,013,1133247,13,0,0,0,0
2020-02-26,Del Norte,015,27424,0,0,0,0,0
2020-02-26,El Dorado,017,186661,0,0,0,0,0
2020-02-26,Fresno,019,978130,1,0,0,0,0
2020-02-26,Glenn,021,27897,0,0,0,0,0
2020-02-26,Humboldt,023,135768,1,1,0,1,0
2020-02-26,Imperial,025,180216,1,0,0,0,0
2020-02-26,Inyo,027,18085,0,0,0,0,0
2020-02-26,Kern,029,883053,2,0,0,0,0
2020-02-26,Kings,031,150075,3,0,1,1,0
2020-02-26,Lake,033,64148,0,0,0,0,0
2020-02-26,Lassen,035,31185,0,0,0,0,0
2020-02-26,Los Angeles,037,10098052,88,1,6,7,0
2020-02-26,Madera,039,155013,2,0,0,0,0
2020-02-26,Marin,041,260295,1,0,0,0,0
2020-02-26,Mariposa,043,17540,0,0,0,0,0
2020-02-26,Mendocino,045,87422,0,0,0,0,0
2020-02-26,Merced,047,269075,1,0,0,0,0
2020-02-26,Modoc,049,8938,0,0,0,0,0
2020-02-26,Mono,051,14174,0,0,0,0,0
2020-02-26,Monterey,053,433212,1,0,0,0,0
2020-02-26,Napa,055,140530,0,0,0,0,0
2020-02-26,Nevada,057,99092,0,0,1,1,0
2020-02-26,Orange,059,3164182,47,1,0,1,0
2020-02-26,Placer,061,380077,5,0,0,0,0
2020-02-26,Plumas,063,18699,0,0,0,0,0
2020-02-26,Riverside,065,2383286,10,0,1,1,0
2020-02-26,Sacramento,067,1510023,10,1,0,1,0
2020-02-26,San Benito,069,59416,0,2,0,2,0
2020-02-26,San Bernardino,071,2135413,23,0,0,0,0
2020-02-26,San Diego,073,3302833,11,2,0,2,0
2020-02-26,San Francisco,075,870044,9,0,0,0,0
2020-02-26,San Joaquin,077,732212,5,0,3,3,0
2020-02-26,San Luis Obispo,079,281455,2,0,0,0,0
2020-02-26,San Mateo,081,765935,18,0,0,0,0
2020-02-26,Santa Barbara,083,443738,0,0,0,0,0
2020-02-26,Santa Clara,085,1922200,50,2,1,3,0
2020-02-26,Santa Cruz,087,273765,6,0,0,0,0
2020-02-26,Shasta,089,179085,0,0,0,0,0
2020-02-26,Sierra,091,2930,0,0,0,0,0
2020-02-26,Siskiyou,093,43540,0,0,0,0,0
2020-02-26,Solano,095,438530,17,23,0,23,0
2020-02-26,Sonoma,097,501317,5,0,0,0,0
2020-02-26,Stanislaus,099,539301,2,0,2,2,0
2020-02-26,Sutter,101,95872,0,0,0,0,0
2020-02-26,Tehama,103,63373,0,0,0,0,0
2020-02-26,Trinity,105,12862,0,0,0,0,0
2020-02-26,Tulare,107,460477,3,0,0,0,0
2020-02-26,Tuolumne,109,53932,0,0,0,0,0
2020-02-26,Ventura,111,848112,4,0,0,0,0
2020-02-26,Yolo,113,214977,1,0,0,0,0
2020-02-26,Yuba,115,75493,0,0,0,0,0
2020-02-25,Alameda,001,1643700,13,0,0,0,0
2020-02-25,Alpine,003,1148,0,0,0,0,0
2020-02-25,Amador,005,37829,0,0,0,0,0
2020-02-25,Butte,007,227075,0,0,0,0,0
2020-02-25,Calaveras,009,45235,0,0,0,0,0
2020-02-25,Colusa,011,21464,0,0,0,0,0
2020-02-25,Contra Costa,013,1133247,11,0,0,0,0
2020-02-25,Del Norte,015,27424,0,0,0,0,0
2020-02-25,El Dorado,017,186661,0,0,0,0,0
2020-02-25,Fresno,019,978130,1,0,0,0,0
2020-02-25,Glenn,021,27897,0,0,0,0,0
2020-02-25,Humboldt,023,135768,1,1,0,1,0
2020-02-25,Imperial,025,180216,1,0,0,0,0
2020-02-25,Inyo,027,18085,0,0,0,0,0
2020-02-25,Kern,029,883053,2,0,0,0,0
2020-02-25,Kings,031,150075,3,0,1,1,0
2020-02-25,Lake,033,64148,0,0,0,0,0
2020-02-25,Lassen,035,31185,0,0,0,0,0
2020-02-25,Los Angeles,037,10098052,76,1,6,7,0
2020-02-25,Madera,039,155013,2,0,0,0,0
2020-02-25,Marin,041,260295,1,0,0,0,0
2020-02-25,Mariposa,043,17540,0,0,0,0,0
2020-02-25,Mendocino,045,87422,0,0,0,0,0
2020-02-25,Merced,047,269075,0,0,0,0,0
2020-02-25,Modoc,049,8938,0,0,0,0,0
2020-02-25,Mono,051,14174,0,0,0,0,0
2020-02-25,Monterey,053,433212,1,0,0,0,0
2020-02-25,Napa,055,140530,0,0,0,0,0
2020-02-25,Nevada,057,99092,0,0,1,1,0
2020-02-25,Orange,059,3164182,46,1,0,1,0
2020-02-25,Placer,061,380077,5,0,0,0,0
2020-02-25,Plumas,063,18699,0,0,0,0,0
2020-02-25,Riverside,065,2383286,10,0,1,1,0
2020-02-25,Sacramento,067,1510023,8,1,0,1,0
2020-02-25,San Benito,069,59416,0,2,0,2,0
2020-02-25,San Bernardino,071,2135413,21,0,0,0,0
2020-02-25,San Diego,073,3302833,7,2,0,2,0
2020-02-25,San Francisco,075,870044,7,0,0,0,0
2020-02-25,San Joaquin,077,732212,5,0,2,2,0
2020-02-25,San Luis Obispo,079,281455,2,0,0,0,0
2020-02-25,San Mateo,081,765935,17,0,0,0,0
2020-02-25,Santa Barbara,083,443738,0,0,0,0,0
2020-02-25,Santa Clara,085,1922200,40,2,1,3,0
2020-02-25,Santa Cruz,087,273765,5,0,0,0,0
2020-02-25,Shasta,089,179085,0,0,0,0,0
2020-02-25,Sierra,091,2930,0,0,0,0,0
2020-02-25,Siskiyou,093,43540,0,0,0,0,0
2020-02-25,Solano,095,438530,16,21,0,21,0
2020-02-25,Sonoma,097,501317,5,0,0,0,0
2020-02-25,Stanislaus,099,539301,2,0,2,2,0
2020-02-25,Sutter,101,95872,0,0,0,0,0
2020-02-25,Tehama,103,63373,0,0,0,0,0
2020-02-25,Trinity,105,12862,0,0,0,0,0
2020-02-25,Tulare,107,460477,3,0,0,0,0
2020-02-25,Tuolumne,109,53932,0,0,0,0,0
2020-02-25,Ventura,111,848112,4,0,0,0,0
2020-02-25,Yolo,113,214977,1,0,0,0,0
2020-02-25,Yuba,115,75493,0,0,0,0,0
2020-02-24,Alameda,001,1643700,13,0,0,0,0
2020-02-24,Alpine,003,1148,0,0,0,0,0
2020-02-24,Amador,005,37829,0,0,0,0,0
2020-02-24,Butte,007,227075,0,0,0,0,0
2020-02-24,Calaveras,009,45235,0,0,0,0,0
2020-02-24,Colusa,011,21464,0,0,0,0,0
2020-02-24,Contra Costa,013,1133247,9,0,0,0,0
2020-02-24,Del Norte,015,27424,0,0,0,0,0
2020-02-24,El Dorado,017,186661,0,0,0,0,0
2020-02-24,Fresno,019,978130,1,0,0,0,0
2020-02-24,Glenn,021,27897,0,0,0,0,0
2020-02-24,Humboldt,023,135768,1,1,0,1,0
2020-02-24,Imperial,025,180216,1,0,0,0,0
2020-02-24,Inyo,027,18085,0,0,0,0,0
2020-02-24,Kern,029,883053,2,0,0,0,0
2020-02-24,Kings,031,150075,3,0,1,1,0
2020-02-24,Lake,033,64148,0,0,0,0,0
2020-02-24,Lassen,035,31185,0,0,0,0,0
2020-02-24,Los Angeles,037,10098052,71,1,6,7,0
2020-02-24,Madera,039,155013,1,0,0,0,0
2020-02-24,Marin,041,260295,1,0,0,0,0
2020-02-24,Mariposa,043,17540,0,0,0,0,0
2020-02-24,Mendocino,045,87422,0,0,0,0,0
2020-02-24,Merced,047,269075,0,0,0,0,0
2020-02-24,Modoc,049,8938,0,0,0,0,0
2020-02-24,Mono,051,14174,0,0,0,0,0
2020-02-24,Monterey,053,433212,1,0,0,0,0
2020-02-24,Napa,055,140530,0,0,0,0,0
2020-02-24,Nevada,057,99092,0,0,1,1,0
2020-02-24,Orange,059,3164182,44,1,0,1,0
2020-02-24,Placer,061,380077,3,0,0,0,0
2020-02-24,Plumas,063,18699,0,0,0,0,0
2020-02-24,Riverside,065,2383286,9,0,1,1,0
2020-02-24,Sacramento,067,1510023,7,1,0,1,0
2020-02-24,San Benito,069,59416,0,2,0,2,0
2020-02-24,San Bernardino,071,2135413,21,0,0,0,0
2020-02-24,San Diego,073,3302833,7,2,0,2,0
2020-02-24,San Francisco,075,870044,6,0,0,0,0
2020-02-24,San Joaquin,077,732212,5,0,1,1,0
2020-02-24,San Luis Obispo,079,281455,2,0,0,0,0
2020-02-24,San Mateo,081,765935,13,0,0,0,0
2020-02-24,Santa Barbara,083,443738,0,0,0,0,0
2020-02-24,Santa Clara,085,1922200,38,2,1,3,0
2020-02-24,Santa Cruz,087,273765,5,0,0,0,0
2020-02-24,Shasta,089,179085,0,0,0,0,0
2020-02-24,Sierra,091,2930,0,0,0,0,0
2020-02-24,Siskiyou,093,43540,0,0,0,0,0
2020-02-24,Solano,095,438530,13,15,0,15,0
2020-02-24,Sonoma,097,501317,5,0,0,0,0
2020-02-24,Stanislaus,099,539301,2,0,2,2,0
2020-02-24,Sutter,101,95872,0,0,0,0,0
2020-02-24,Tehama,103,63373,0,0,0,0,0
2020-02-24,Trinity,105,12862,0,0,0,0,0
2020-02-24,Tulare,107,460477,3,0,0,0,0
2020-02-24,Tuolumne,109,53932,0,0,0,0,0
2020-02-24,Ventura,111,848112,4,0,0,0,0
2020-02-24,Yolo,113,214977,1,0,0,0,0
2020-02-24,Yuba,115,75493,0,0,0,0,0
2020-02-23,Alameda,001,1643700,11,0,0,0,0
2020-02-23,Alpine,003,1148,0,0,0,0,0
2020-02-23,Amador,005,37829,0,0,0,0,0
2020-02-23,Butte,007,227075,0,0,0,0,0
2020-02-23,Calaveras,009,45235,0,0,0,0,0
2020-02-23,Colusa,011,21464,0,0,0,0,0
2020-02-23,Contra Costa,013,1133247,6,0,0,0,0
2020-02-23,Del Norte,015,27424,0,0,0,0,0
2020-02-23,El Dorado,017,186661,0,0,0,0,0
2020-02-23,Fresno,019,978130,1,0,0,0,0
2020-02-23,Glenn,021,27897,0,0,0,0,0
2020-02-23,Humboldt,023,135768,1,1,0,1,0
2020-02-23,Imperial,025,180216,1,0,0,0,0
2020-02-23,Inyo,027,18085,0,0,0,0,0
2020-02-23,Kern,029,883053,2,0,0,0,0
2020-02-23,Kings,031,150075,3,0,1,1,0
2020-02-23,Lake,033,64148,0,0,0,0,0
2020-02-23,Lassen,035,31185,0,0,0,0,0
2020-02-23,Los Angeles,037,10098052,63,1,6,7,0
2020-02-23,Madera,039,155013,1,0,0,0,0
2020-02-23,Marin,041,260295,1,0,0,0,0
2020-02-23,Mariposa,043,17540,0,0,0,0,0
2020-02-23,Mendocino,045,87422,0,0,0,0,0
2020-02-23,Merced,047,269075,0,0,0,0,0
2020-02-23,Modoc,049,8938,0,0,0,0,0
2020-02-23,Mono,051,14174,0,0,0,0,0
2020-02-23,Monterey,053,433212,1,0,0,0,0
2020-02-23,Napa,055,140530,0,0,0,0,0
2020-02-23,Nevada,057,99092,0,0,1,1,0
2020-02-23,Orange,059,3164182,44,1,0,1,0
2020-02-23,Placer,061,380077,3,0,0,0,0
2020-02-23,Plumas,063,18699,0,0,0,0,0
2020-02-23,Riverside,065,2383286,9,0,0,0,0
2020-02-23,Sacramento,067,1510023,6,1,0,1,0
2020-02-23,San Benito,069,59416,0,2,0,2,0
2020-02-23,San Bernardino,071,2135413,20,0,0,0,0
2020-02-23,San Diego,073,3302833,6,2,0,2,0
2020-02-23,San Francisco,075,870044,5,0,0,0,0
2020-02-23,San Joaquin,077,732212,4,0,1,1,0
2020-02-23,San Luis Obispo,079,281455,2,0,0,0,0
2020-02-23,San Mateo,081,765935,10,0,0,0,0
2020-02-23,Santa Barbara,083,443738,0,0,0,0,0
2020-02-23,Santa Clara,085,1922200,26,2,1,3,0
2020-02-23,Santa Cruz,087,273765,2,0,0,0,0
2020-02-23,Shasta,089,179085,0,0,0,0,0
2020-02-23,Sierra,091,2930,0,0,0,0,0
2020-02-23,Siskiyou,093,43540,0,0,0,0,0
2020-02-23,Solano,095,438530,11,15,0,15,0
2020-02-23,Sonoma,097,501317,5,0,0,0,0
2020-02-23,Stanislaus,099,539301,2,0,2,2,0
2020-02-23,Sutter,101,95872,0,0,0,0,0
2020-02-23,Tehama,103,63373,0,0,0,0,0
2020-02-23,Trinity,105,12862,0,0,0,0,0
2020-02-23,Tulare,107,460477,2,0,0,0,0
2020-02-23,Tuolumne,109,53932,0,0,0,0,0
2020-02-23,Ventura,111,848112,4,0,0,0,0
2020-02-23,Yolo,113,214977,1,0,0,0,0
2020-02-23,Yuba,115,75493,0,0,0,0,0
2020-02-22,Alameda,001,1643700,10,0,0,0,0
2020-02-22,Alpine,003,1148,0,0,0,0,0
2020-02-22,Amador,005,37829,0,0,0,0,0
2020-02-22,Butte,007,227075,0,0,0,0,0
2020-02-22,Calaveras,009,45235,0,0,0,0,0
2020-02-22,Colusa,011,21464,0,0,0,0,0
2020-02-22,Contra Costa,013,1133247,5,0,0,0,0
2020-02-22,Del Norte,015,27424,0,0,0,0,0
2020-02-22,El Dorado,017,186661,0,0,0,0,0
2020-02-22,Fresno,019,978130,1,0,0,0,0
2020-02-22,Glenn,021,27897,0,0,0,0,0
2020-02-22,Humboldt,023,135768,1,1,0,1,0
2020-02-22,Imperial,025,180216,0,0,0,0,0
2020-02-22,Inyo,027,18085,0,0,0,0,0
2020-02-22,Kern,029,883053,2,0,0,0,0
2020-02-22,Kings,031,150075,3,0,1,1,0
2020-02-22,Lake,033,64148,0,0,0,0,0
2020-02-22,Lassen,035,31185,0,0,0,0,0
2020-02-22,Los Angeles,037,10098052,61,1,6,7,0
2020-02-22,Madera,039,155013,0,0,0,0,0
2020-02-22,Marin,041,260295,1,0,0,0,0
2020-02-22,Mariposa,043,17540,0,0,0,0,0
2020-02-22,Mendocino,045,87422,0,0,0,0,0
2020-02-22,Merced,047,269075,0,0,0,0,0
2020-02-22,Modoc,049,8938,0,0,0,0,0
2020-02-22,Mono,051,14174,0,0,0,0,0
2020-02-22,Monterey,053,433212,1,0,0,0,0
2020-02-22,Napa,055,140530,0,0,0,0,0
2020-02-22,Nevada,057,99092,0,0,1,1,0
2020-02-22,Orange,059,3164182,43,1,0,1,0
2020-02-22,Placer,061,380077,3,0,0,0,0
2020-02-22,Plumas,063,18699,0,0,0,0,0
2020-02-22,Riverside,065,2383286,9,0,0,0,0
2020-02-22,Sacramento,067,1510023,6,1,0,1,0
2020-02-22,San Benito,069,59416,0,2,0,2,0
2020-02-22,San Bernardino,071,2135413,18,0,0,0,0
2020-02-22,San Diego,073,3302833,5,2,0,2,0
2020-02-22,San Francisco,075,870044,3,0,0,0,0
2020-02-22,San Joaquin,077,732212,4,0,1,1,0
2020-02-22,San Luis Obispo,079,281455,2,0,0,0,0
2020-02-22,San Mateo,081,765935,8,0,0,0,0
2020-02-22,Santa Barbara,083,443738,0,0,0,0,0
2020-02-22,Santa Clara,085,1922200,23,2,1,3,0
2020-02-22,Santa Cruz,087,273765,2,0,0,0,0
2020-02-22,Shasta,089,179085,0,0,0,0,0
2020-02-22,Sierra,091,2930,0,0,0,0,0
2020-02-22,Siskiyou,093,43540,0,0,0,0,0
2020-02-22,Solano,095,438530,11,11,0,11,0
2020-02-22,Sonoma,097,501317,4,0,0,0,0
2020-02-22,Stanislaus,099,539301,2,0,2,2,0
2020-02-22,Sutter,101,95872,0,0,0,0,0
2020-02-22,Tehama,103,63373,0,0,0,0,0
2020-02-22,Trinity,105,12862,0,0,0,0,0
2020-02-22,Tulare,107,460477,2,0,0,0,0
2020-02-22,Tuolumne,109,53932,0,0,0,0,0
2020-02-22,Ventura,111,848112,4,0,0,0,0
2020-02-22,Yolo,113,214977,0,0,0,0,0
2020-02-22,Yuba,115,75493,0,0,0,0,0
2020-02-21,Alameda,001,1643700,9,0,0,0,0
2020-02-21,Alpine,003,1148,0,0,0,0,0
2020-02-21,Amador,005,37829,0,0,0,0,0
2020-02-21,Butte,007,227075,0,0,0,0,0
2020-02-21,Calaveras,009,45235,0,0,0,0,0
2020-02-21,Colusa,011,21464,0,0,0,0,0
2020-02-21,Contra Costa,013,1133247,4,0,0,0,0
2020-02-21,Del Norte,015,27424,0,0,0,0,0
2020-02-21,El Dorado,017,186661,0,0,0,0,0
2020-02-21,Fresno,019,978130,1,0,0,0,0
2020-02-21,Glenn,021,27897,0,0,0,0,0
2020-02-21,Humboldt,023,135768,1,1,0,1,0
2020-02-21,Imperial,025,180216,0,0,0,0,0
2020-02-21,Inyo,027,18085,0,0,0,0,0
2020-02-21,Kern,029,883053,2,0,0,0,0
2020-02-21,Kings,031,150075,3,0,1,1,0
2020-02-21,Lake,033,64148,0,0,0,0,0
2020-02-21,Lassen,035,31185,0,0,0,0,0
2020-02-21,Los Angeles,037,10098052,57,1,6,7,0
2020-02-21,Madera,039,155013,0,0,0,0,0
2020-02-21,Marin,041,260295,1,0,0,0,0
2020-02-21,Mariposa,043,17540,0,0,0,0,0
2020-02-21,Mendocino,045,87422,0,0,0,0,0
2020-02-21,Merced,047,269075,0,0,0,0,0
2020-02-21,Modoc,049,8938,0,0,0,0,0
2020-02-21,Mono,051,14174,0,0,0,0,0
2020-02-21,Monterey,053,433212,1,0,0,0,0
2020-02-21,Napa,055,140530,0,0,0,0,0
2020-02-21,Nevada,057,99092,0,0,1,1,0
2020-02-21,Orange,059,3164182,41,1,0,1,0
2020-02-21,Placer,061,380077,2,0,0,0,0
2020-02-21,Plumas,063,18699,0,0,0,0,0
2020-02-21,Riverside,065,2383286,9,0,0,0,0
2020-02-21,Sacramento,067,1510023,5,1,0,1,0
2020-02-21,San Benito,069,59416,0,2,0,2,0
2020-02-21,San Bernardino,071,2135413,17,0,0,0,0
2020-02-21,San Diego,073,3302833,5,2,0,2,0
2020-02-21,San Francisco,075,870044,3,0,0,0,0
2020-02-21,San Joaquin,077,732212,2,0,1,1,0
2020-02-21,San Luis Obispo,079,281455,2,0,0,0,0
2020-02-21,San Mateo,081,765935,8,0,0,0,0
2020-02-21,Santa Barbara,083,443738,0,0,0,0,0
2020-02-21,Santa Clara,085,1922200,21,2,1,3,0
2020-02-21,Santa Cruz,087,273765,2,0,0,0,0
2020-02-21,Shasta,089,179085,0,0,0,0,0
2020-02-21,Sierra,091,2930,0,0,0,0,0
2020-02-21,Siskiyou,093,43540,0,0,0,0,0
2020-02-21,Solano,095,438530,10,11,0,11,0
2020-02-21,Sonoma,097,501317,3,0,0,0,0
2020-02-21,Stanislaus,099,539301,2,0,2,2,0
2020-02-21,Sutter,101,95872,0,0,0,0,0
2020-02-21,Tehama,103,63373,0,0,0,0,0
2020-02-21,Trinity,105,12862,0,0,0,0,0
2020-02-21,Tulare,107,460477,2,0,0,0,0
2020-02-21,Tuolumne,109,53932,0,0,0,0,0
2020-02-21,Ventura,111,848112,4,0,0,0,0
2020-02-21,Yolo,113,214977,0,0,0,0,0
2020-02-21,Yuba,115,75493,0,0,0,0,0
2020-02-20,Alameda,001,1643700,7,0,0,0,0
2020-02-20,Alpine,003,1148,0,0,0,0,0
2020-02-20,Amador,005,37829,0,0,0,0,0
2020-02-20,Butte,007,227075,0,0,0,0,0
2020-02-20,Calaveras,009,45235,0,0,0,0,0
2020-02-20,Colusa,011,21464,0,0,0,0,0
2020-02-20,Contra Costa,013,1133247,3,0,0,0,0
2020-02-20,Del Norte,015,27424,0,0,0,0,0
2020-02-20,El Dorado,017,186661,0,0,0,0,0
2020-02-20,Fresno,019,978130,1,0,0,0,0
2020-02-20,Glenn,021,27897,0,0,0,0,0
2020-02-20,Humboldt,023,135768,1,1,0,1,0
2020-02-20,Imperial,025,180216,0,0,0,0,0
2020-02-20,Inyo,027,18085,0,0,0,0,0
2020-02-20,Kern,029,883053,2,0,0,0,0
2020-02-20,Kings,031,150075,3,0,1,1,0
2020-02-20,Lake,033,64148,0,0,0,0,0
2020-02-20,Lassen,035,31185,0,0,0,0,0
2020-02-20,Los Angeles,037,10098052,56,1,5,6,0
2020-02-20,Madera,039,155013,0,0,0,0,0
2020-02-20,Marin,041,260295,0,0,0,0,0
2020-02-20,Mariposa,043,17540,0,0,0,0,0
2020-02-20,Mendocino,045,87422,0,0,0,0,0
2020-02-20,Merced,047,269075,0,0,0,0,0
2020-02-20,Modoc,049,8938,0,0,0,0,0
2020-02-20,Mono,051,14174,0,0,0,0,0
2020-02-20,Monterey,053,433212,1,0,0,0,0
2020-02-20,Napa,055,140530,0,0,0,0,0
2020-02-20,Nevada,057,99092,0,0,1,1,0
2020-02-20,Orange,059,3164182,41,1,0,1,0
2020-02-20,Placer,061,380077,2,0,0,0,0
2020-02-20,Plumas,063,18699,0,0,0,0,0
2020-02-20,Riverside,065,2383286,7,0,0,0,0
2020-02-20,Sacramento,067,1510023,2,1,0,1,0
2020-02-20,San Benito,069,59416,0,2,0,2,0
2020-02-20,San Bernardino,071,2135413,15,0,0,0,0
2020-02-20,San Diego,073,3302833,5,2,0,2,0
2020-02-20,San Francisco,075,870044,3,0,0,0,0
2020-02-20,San Joaquin,077,732212,2,0,1,1,0
2020-02-20,San Luis Obispo,079,281455,2,0,0,0,0
2020-02-20,San Mateo,081,765935,7,0,0,0,0
2020-02-20,Santa Barbara,083,443738,0,0,0,0,0
2020-02-20,Santa Clara,085,1922200,17,2,1,3,0
2020-02-20,Santa Cruz,087,273765,2,0,0,0,0
2020-02-20,Shasta,089,179085,0,0,0,0,0
2020-02-20,Sierra,091,2930,0,0,0,0,0
2020-02-20,Siskiyou,093,43540,0,0,0,0,0
2020-02-20,Solano,095,438530,8,7,0,7,0
2020-02-20,Sonoma,097,501317,2,0,0,0,0
2020-02-20,Stanislaus,099,539301,2,0,2,2,0
2020-02-20,Sutter,101,95872,0,0,0,0,0
2020-02-20,Tehama,103,63373,0,0,0,0,0
2020-02-20,Trinity,105,12862,0,0,0,0,0
2020-02-20,Tulare,107,460477,2,0,0,0,0
2020-02-20,Tuolumne,109,53932,0,0,0,0,0
2020-02-20,Ventura,111,848112,4,0,0,0,0
2020-02-20,Yolo,113,214977,0,0,0,0,0
2020-02-20,Yuba,115,75493,0,0,0,0,0
2020-02-19,Alameda,001,1643700,6,0,0,0,0
2020-02-19,Alpine,003,1148,0,0,0,0,0
2020-02-19,Amador,005,37829,0,0,0,0,0
2020-02-19,Butte,007,227075,0,0,0,0,0
2020-02-19,Calaveras,009,45235,0,0,0,0,0
2020-02-19,Colusa,011,21464,0,0,0,0,0
2020-02-19,Contra Costa,013,1133247,3,0,0,0,0
2020-02-19,Del Norte,015,27424,0,0,0,0,0
2020-02-19,El Dorado,017,186661,0,0,0,0,0
2020-02-19,Fresno,019,978130,1,0,0,0,0
2020-02-19,Glenn,021,27897,0,0,0,0,0
2020-02-19,Humboldt,023,135768,1,0,0,0,0
2020-02-19,Imperial,025,180216,0,0,0,0,0
2020-02-19,Inyo,027,18085,0,0,0,0,0
2020-02-19,Kern,029,883053,2,0,0,0,0
2020-02-19,Kings,031,150075,3,0,1,1,0
2020-02-19,Lake,033,64148,0,0,0,0,0
2020-02-19,Lassen,035,31185,0,0,0,0,0
2020-02-19,Los Angeles,037,10098052,53,1,5,6,0
2020-02-19,Madera,039,155013,0,0,0,0,0
2020-02-19,Marin,041,260295,0,0,0,0,0
2020-02-19,Mariposa,043,17540,0,0,0,0,0
2020-02-19,Mendocino,045,87422,0,0,0,0,0
2020-02-19,Merced,047,269075,0,0,0,0,0
2020-02-19,Modoc,049,8938,0,0,0,0,0
2020-02-19,Mono,051,14174,0,0,0,0,0
2020-02-19,Monterey,053,433212,1,0,0,0,0
2020-02-19,Napa,055,140530,0,0,0,0,0
2020-02-19,Nevada,057,99092,0,0,1,1,0
2020-02-19,Orange,059,3164182,40,1,0,1,0
2020-02-19,Placer,061,380077,2,0,0,0,0
2020-02-19,Plumas,063,18699,0,0,0,0,0
2020-02-19,Riverside,065,2383286,5,0,0,0,0
2020-02-19,Sacramento,067,1510023,2,0,0,0,0
2020-02-19,San Benito,069,59416,0,2,0,2,0
2020-02-19,San Bernardino,071,2135413,14,0,0,0,0
2020-02-19,San Diego,073,3302833,4,2,0,2,0
2020-02-19,San Francisco,075,870044,2,0,0,0,0
2020-02-19,San Joaquin,077,732212,2,0,1,1,0
2020-02-19,San Luis Obispo,079,281455,2,0,0,0,0
2020-02-19,San Mateo,081,765935,6,0,0,0,0
2020-02-19,Santa Barbara,083,443738,0,0,0,0,0
2020-02-19,Santa Clara,085,1922200,15,2,1,3,0
2020-02-19,Santa Cruz,087,273765,0,0,0,0,0
2020-02-19,Shasta,089,179085,0,0,0,0,0
2020-02-19,Sierra,091,2930,0,0,0,0,0
2020-02-19,Siskiyou,093,43540,0,0,0,0,0
2020-02-19,Solano,095,438530,5,7,0,7,0
2020-02-19,Sonoma,097,501317,2,0,0,0,0
2020-02-19,Stanislaus,099,539301,1,0,2,2,0
2020-02-19,Sutter,101,95872,0,0,0,0,0
2020-02-19,Tehama,103,63373,0,0,0,0,0
2020-02-19,Trinity,105,12862,0,0,0,0,0
2020-02-19,Tulare,107,460477,2,0,0,0,0
2020-02-19,Tuolumne,109,53932,0,0,0,0,0
2020-02-19,Ventura,111,848112,2,0,0,0,0
2020-02-19,Yolo,113,214977,0,0,0,0,0
2020-02-19,Yuba,115,75493,0,0,0,0,0
2020-02-18,Alameda,001,1643700,6,0,0,0,0
2020-02-18,Alpine,003,1148,0,0,0,0,0
2020-02-18,Amador,005,37829,0,0,0,0,0
2020-02-18,Butte,007,227075,0,0,0,0,0
2020-02-18,Calaveras,009,45235,0,0,0,0,0
2020-02-18,Colusa,011,21464,0,0,0,0,0
2020-02-18,Contra Costa,013,1133247,3,0,0,0,0
2020-02-18,Del Norte,015,27424,0,0,0,0,0
2020-02-18,El Dorado,017,186661,0,0,0,0,0
2020-02-18,Fresno,019,978130,0,0,0,0,0
2020-02-18,Glenn,021,27897,0,0,0,0,0
2020-02-18,Humboldt,023,135768,1,0,0,0,0
2020-02-18,Imperial,025,180216,0,0,0,0,0
2020-02-18,Inyo,027,18085,0,0,0,0,0
2020-02-18,Kern,029,883053,2,0,0,0,0
2020-02-18,Kings,031,150075,3,0,1,1,0
2020-02-18,Lake,033,64148,0,0,0,0,0
2020-02-18,Lassen,035,31185,0,0,0,0,0
2020-02-18,Los Angeles,037,10098052,50,1,4,5,0
2020-02-18,Madera,039,155013,0,0,0,0,0
2020-02-18,Marin,041,260295,0,0,0,0,0
2020-02-18,Mariposa,043,17540,0,0,0,0,0
2020-02-18,Mendocino,045,87422,0,0,0,0,0
2020-02-18,Merced,047,269075,0,0,0,0,0
2020-02-18,Modoc,049,8938,0,0,0,0,0
2020-02-18,Mono,051,14174,0,0,0,0,0
2020-02-18,Monterey,053,433212,1,0,0,0,0
2020-02-18,Napa,055,140530,0,0,0,0,0
2020-02-18,Nevada,057,99092,0,0,1,1,0
2020-02-18,Orange,059,3164182,39,1,0,1,0
2020-02-18,Placer,061,380077,0,0,0,0,0
2020-02-18,Plumas,063,18699,0,0,0,0,0
2020-02-18,Riverside,065,2383286,5,0,0,0,0
2020-02-18,Sacramento,067,1510023,2,0,0,0,0
2020-02-18,San Benito,069,59416,0,2,0,2,0
2020-02-18,San Bernardino,071,2135413,13,0,0,0,0
2020-02-18,San Diego,073,3302833,4,2,0,2,0
2020-02-18,San Francisco,075,870044,2,0,0,0,0
2020-02-18,San Joaquin,077,732212,1,0,1,1,0
2020-02-18,San Luis Obispo,079,281455,2,0,0,0,0
2020-02-18,San Mateo,081,765935,5,0,0,0,0
2020-02-18,Santa Barbara,083,443738,0,0,0,0,0
2020-02-18,Santa Clara,085,1922200,14,2,1,3,0
2020-02-18,Santa Cruz,087,273765,0,0,0,0,0
2020-02-18,Shasta,089,179085,0,0,0,0,0
2020-02-18,Sierra,091,2930,0,0,0,0,0
2020-02-18,Siskiyou,093,43540,0,0,0,0,0
2020-02-18,Solano,095,438530,5,7,0,7,0
2020-02-18,Sonoma,097,501317,1,0,0,0,0
2020-02-18,Stanislaus,099,539301,1,0,2,2,0
2020-02-18,Sutter,101,95872,0,0,0,0,0
2020-02-18,Tehama,103,63373,0,0,0,0,0
2020-02-18,Trinity,105,12862,0,0,0,0,0
2020-02-18,Tulare,107,460477,2,0,0,0,0
2020-02-18,Tuolumne,109,53932,0,0,0,0,0
2020-02-18,Ventura,111,848112,2,0,0,0,0
2020-02-18,Yolo,113,214977,0,0,0,0,0
2020-02-18,Yuba,115,75493,0,0,0,0,0
2020-02-17,Alameda,001,1643700,6,0,0,0,0
2020-02-17,Alpine,003,1148,0,0,0,0,0
2020-02-17,Amador,005,37829,0,0,0,0,0
2020-02-17,Butte,007,227075,0,0,0,0,0
2020-02-17,Calaveras,009,45235,0,0,0,0,0
2020-02-17,Colusa,011,21464,0,0,0,0,0
2020-02-17,Contra Costa,013,1133247,3,0,0,0,0
2020-02-17,Del Norte,015,27424,0,0,0,0,0
2020-02-17,El Dorado,017,186661,0,0,0,0,0
2020-02-17,Fresno,019,978130,0,0,0,0,0
2020-02-17,Glenn,021,27897,0,0,0,0,0
2020-02-17,Humboldt,023,135768,1,0,0,0,0
2020-02-17,Imperial,025,180216,0,0,0,0,0
2020-02-17,Inyo,027,18085,0,0,0,0,0
2020-02-17,Kern,029,883053,2,0,0,0,0
2020-02-17,Kings,031,150075,3,0,0,0,0
2020-02-17,Lake,033,64148,0,0,0,0,0
2020-02-17,Lassen,035,31185,0,0,0,0,0
2020-02-17,Los Angeles,037,10098052,47,1,4,5,0
2020-02-17,Madera,039,155013,0,0,0,0,0
2020-02-17,Marin,041,260295,0,0,0,0,0
2020-02-17,Mariposa,043,17540,0,0,0,0,0
2020-02-17,Mendocino,045,87422,0,0,0,0,0
2020-02-17,Merced,047,269075,0,0,0,0,0
2020-02-17,Modoc,049,8938,0,0,0,0,0
2020-02-17,Mono,051,14174,0,0,0,0,0
2020-02-17,Monterey,053,433212,1,0,0,0,0
2020-02-17,Napa,055,140530,0,0,0,0,0
2020-02-17,Nevada,057,99092,0,0,1,1,0
2020-02-17,Orange,059,3164182,39,1,0,1,0
2020-02-17,Placer,061,380077,0,0,0,0,0
2020-02-17,Plumas,063,18699,0,0,0,0,0
2020-02-17,Riverside,065,2383286,5,0,0,0,0
2020-02-17,Sacramento,067,1510023,2,0,0,0,0
2020-02-17,San Benito,069,59416,0,2,0,2,0
2020-02-17,San Bernardino,071,2135413,11,0,0,0,0
2020-02-17,San Diego,073,3302833,4,2,0,2,0
2020-02-17,San Francisco,075,870044,2,0,0,0,0
2020-02-17,San Joaquin,077,732212,1,0,1,1,0
2020-02-17,San Luis Obispo,079,281455,1,0,0,0,0
2020-02-17,San Mateo,081,765935,5,0,0,0,0
2020-02-17,Santa Barbara,083,443738,0,0,0,0,0
2020-02-17,Santa Clara,085,1922200,12,2,1,3,0
2020-02-17,Santa Cruz,087,273765,0,0,0,0,0
2020-02-17,Shasta,089,179085,0,0,0,0,0
2020-02-17,Sierra,091,2930,0,0,0,0,0
2020-02-17,Siskiyou,093,43540,0,0,0,0,0
2020-02-17,Solano,095,438530,3,5,0,5,0
2020-02-17,Sonoma,097,501317,1,0,0,0,0
2020-02-17,Stanislaus,099,539301,1,0,2,2,0
2020-02-17,Sutter,101,95872,0,0,0,0,0
2020-02-17,Tehama,103,63373,0,0,0,0,0
2020-02-17,Trinity,105,12862,0,0,0,0,0
2020-02-17,Tulare,107,460477,2,0,0,0,0
2020-02-17,Tuolumne,109,53932,0,0,0,0,0
2020-02-17,Ventura,111,848112,2,0,0,0,0
2020-02-17,Yolo,113,214977,0,0,0,0,0
2020-02-17,Yuba,115,75493,0,0,0,0,0
2020-02-16,Alameda,001,1643700,5,0,0,0,0
2020-02-16,Alpine,003,1148,0,0,0,0,0
2020-02-16,Amador,005,37829,0,0,0,0,0
2020-02-16,Butte,007,227075,0,0,0,0,0
2020-02-16,Calaveras,009,45235,0,0,0,0,0
2020-02-16,Colusa,011,21464,0,0,0,0,0
2020-02-16,Contra Costa,013,1133247,3,0,0,0,0
2020-02-16,Del Norte,015,27424,0,0,0,0,0
2020-02-16,El Dorado,017,186661,0,0,0,0,0
2020-02-16,Fresno,019,978130,0,0,0,0,0
2020-02-16,Glenn,021,27897,0,0,0,0,0
2020-02-16,Humboldt,023,135768,1,0,0,0,0
2020-02-16,Imperial,025,180216,0,0,0,0,0
2020-02-16,Inyo,027,18085,0,0,0,0,0
2020-02-16,Kern,029,883053,2,0,0,0,0
2020-02-16,Kings,031,150075,3,0,0,0,0
2020-02-16,Lake,033,64148,0,0,0,0,0
2020-02-16,Lassen,035,31185,0,0,0,0,0
2020-02-16,Los Angeles,037,10098052,41,1,4,5,0
2020-02-16,Madera,039,155013,0,0,0,0,0
2020-02-16,Marin,041,260295,0,0,0,0,0
2020-02-16,Mariposa,043,17540,0,0,0,0,0
2020-02-16,Mendocino,045,87422,0,0,0,0,0
2020-02-16,Merced,047,269075,0,0,0,0,0
2020-02-16,Modoc,049,8938,0,0,0,0,0
2020-02-16,Mono,051,14174,0,0,0,0,0
2020-02-16,Monterey,053,433212,1,0,0,0,0
2020-02-16,Napa,055,140530,0,0,0,0,0
2020-02-16,Nevada,057,99092,0,0,0,0,0
2020-02-16,Orange,059,3164182,38,1,0,1,0
2020-02-16,Placer,061,380077,0,0,0,0,0
2020-02-16,Plumas,063,18699,0,0,0,0,0
2020-02-16,Riverside,065,2383286,5,0,0,0,0
2020-02-16,Sacramento,067,1510023,2,0,0,0,0
2020-02-16,San Benito,069,59416,0,2,0,2,0
2020-02-16,San Bernardino,071,2135413,10,0,0,0,0
2020-02-16,San Diego,073,3302833,4,2,0,2,0
2020-02-16,San Francisco,075,870044,2,0,0,0,0
2020-02-16,San Joaquin,077,732212,1,0,1,1,0
2020-02-16,San Luis Obispo,079,281455,1,0,0,0,0
2020-02-16,San Mateo,081,765935,4,0,0,0,0
2020-02-16,Santa Barbara,083,443738,0,0,0,0,0
2020-02-16,Santa Clara,085,1922200,10,2,1,3,0
2020-02-16,Santa Cruz,087,273765,0,0,0,0,0
2020-02-16,Shasta,089,179085,0,0,0,0,0
2020-02-16,Sierra,091,2930,0,0,0,0,0
2020-02-16,Siskiyou,093,43540,0,0,0,0,0
2020-02-16,Solano,095,438530,1,0,0,0,0
2020-02-16,Sonoma,097,501317,1,0,0,0,0
2020-02-16,Stanislaus,099,539301,1,0,2,2,0
2020-02-16,Sutter,101,95872,0,0,0,0,0
2020-02-16,Tehama,103,63373,0,0,0,0,0
2020-02-16,Trinity,105,12862,0,0,0,0,0
2020-02-16,Tulare,107,460477,2,0,0,0,0
2020-02-16,Tuolumne,109,53932,0,0,0,0,0
2020-02-16,Ventura,111,848112,2,0,0,0,0
2020-02-16,Yolo,113,214977,0,0,0,0,0
2020-02-16,Yuba,115,75493,0,0,0,0,0
2020-02-15,Alameda,001,1643700,5,0,0,0,0
2020-02-15,Alpine,003,1148,0,0,0,0,0
2020-02-15,Amador,005,37829,0,0,0,0,0
2020-02-15,Butte,007,227075,0,0,0,0,0
2020-02-15,Calaveras,009,45235,0,0,0,0,0
2020-02-15,Colusa,011,21464,0,0,0,0,0
2020-02-15,Contra Costa,013,1133247,3,0,0,0,0
2020-02-15,Del Norte,015,27424,0,0,0,0,0
2020-02-15,El Dorado,017,186661,0,0,0,0,0
2020-02-15,Fresno,019,978130,0,0,0,0,0
2020-02-15,Glenn,021,27897,0,0,0,0,0
2020-02-15,Humboldt,023,135768,1,0,0,0,0
2020-02-15,Imperial,025,180216,0,0,0,0,0
2020-02-15,Inyo,027,18085,0,0,0,0,0
2020-02-15,Kern,029,883053,2,0,0,0,0
2020-02-15,Kings,031,150075,3,0,0,0,0
2020-02-15,Lake,033,64148,0,0,0,0,0
2020-02-15,Lassen,035,31185,0,0,0,0,0
2020-02-15,Los Angeles,037,10098052,38,1,4,5,0
2020-02-15,Madera,039,155013,0,0,0,0,0
2020-02-15,Marin,041,260295,0,0,0,0,0
2020-02-15,Mariposa,043,17540,0,0,0,0,0
2020-02-15,Mendocino,045,87422,0,0,0,0,0
2020-02-15,Merced,047,269075,0,0,0,0,0
2020-02-15,Modoc,049,8938,0,0,0,0,0
2020-02-15,Mono,051,14174,0,0,0,0,0
2020-02-15,Monterey,053,433212,1,0,0,0,0
2020-02-15,Napa,055,140530,0,0,0,0,0
2020-02-15,Nevada,057,99092,0,0,0,0,0
2020-02-15,Orange,059,3164182,37,1,0,1,0
2020-02-15,Placer,061,380077,0,0,0,0,0
2020-02-15,Plumas,063,18699,0,0,0,0,0
2020-02-15,Riverside,065,2383286,4,0,0,0,0
2020-02-15,Sacramento,067,1510023,2,0,0,0,0
2020-02-15,San Benito,069,59416,0,2,0,2,0
2020-02-15,San Bernardino,071,2135413,9,0,0,0,0
2020-02-15,San Diego,073,3302833,4,2,0,2,0
2020-02-15,San Francisco,075,870044,2,0,0,0,0
2020-02-15,San Joaquin,077,732212,1,0,1,1,0
2020-02-15,San Luis Obispo,079,281455,1,0,0,0,0
2020-02-15,San Mateo,081,765935,4,0,0,0,0
2020-02-15,Santa Barbara,083,443738,0,0,0,0,0
2020-02-15,Santa Clara,085,1922200,10,2,1,3,0
2020-02-15,Santa Cruz,087,273765,0,0,0,0,0
2020-02-15,Shasta,089,179085,0,0,0,0,0
2020-02-15,Sierra,091,2930,0,0,0,0,0
2020-02-15,Siskiyou,093,43540,0,0,0,0,0
2020-02-15,Solano,095,438530,1,0,0,0,0
2020-02-15,Sonoma,097,501317,0,0,0,0,0
2020-02-15,Stanislaus,099,539301,1,0,2,2,0
2020-02-15,Sutter,101,95872,0,0,0,0,0
2020-02-15,Tehama,103,63373,0,0,0,0,0
2020-02-15,Trinity,105,12862,0,0,0,0,0
2020-02-15,Tulare,107,460477,2,0,0,0,0
2020-02-15,Tuolumne,109,53932,0,0,0,0,0
2020-02-15,Ventura,111,848112,2,0,0,0,0
2020-02-15,Yolo,113,214977,0,0,0,0,0
2020-02-15,Yuba,115,75493,0,0,0,0,0
2020-02-14,Alameda,001,1643700,4,0,0,0,0
2020-02-14,Alpine,003,1148,0,0,0,0,0
2020-02-14,Amador,005,37829,0,0,0,0,0
2020-02-14,Butte,007,227075,0,0,0,0,0
2020-02-14,Calaveras,009,45235,0,0,0,0,0
2020-02-14,Colusa,011,21464,0,0,0,0,0
2020-02-14,Contra Costa,013,1133247,3,0,0,0,0
2020-02-14,Del Norte,015,27424,0,0,0,0,0
2020-02-14,El Dorado,017,186661,0,0,0,0,0
2020-02-14,Fresno,019,978130,0,0,0,0,0
2020-02-14,Glenn,021,27897,0,0,0,0,0
2020-02-14,Humboldt,023,135768,1,0,0,0,0
2020-02-14,Imperial,025,180216,0,0,0,0,0
2020-02-14,Inyo,027,18085,0,0,0,0,0
2020-02-14,Kern,029,883053,2,0,0,0,0
2020-02-14,Kings,031,150075,1,0,0,0,0
2020-02-14,Lake,033,64148,0,0,0,0,0
2020-02-14,Lassen,035,31185,0,0,0,0,0
2020-02-14,Los Angeles,037,10098052,33,1,4,5,0
2020-02-14,Madera,039,155013,0,0,0,0,0
2020-02-14,Marin,041,260295,0,0,0,0,0
2020-02-14,Mariposa,043,17540,0,0,0,0,0
2020-02-14,Mendocino,045,87422,0,0,0,0,0
2020-02-14,Merced,047,269075,0,0,0,0,0
2020-02-14,Modoc,049,8938,0,0,0,0,0
2020-02-14,Mono,051,14174,0,0,0,0,0
2020-02-14,Monterey,053,433212,1,0,0,0,0
2020-02-14,Napa,055,140530,0,0,0,0,0
2020-02-14,Nevada,057,99092,0,0,0,0,0
2020-02-14,Orange,059,3164182,37,1,0,1,0
2020-02-14,Placer,061,380077,0,0,0,0,0
2020-02-14,Plumas,063,18699,0,0,0,0,0
2020-02-14,Riverside,065,2383286,4,0,0,0,0
2020-02-14,Sacramento,067,1510023,1,0,0,0,0
2020-02-14,San Benito,069,59416,0,2,0,2,0
2020-02-14,San Bernardino,071,2135413,9,0,0,0,0
2020-02-14,San Diego,073,3302833,3,2,0,2,0
2020-02-14,San Francisco,075,870044,2,0,0,0,0
2020-02-14,San Joaquin,077,732212,1,0,1,1,0
2020-02-14,San Luis Obispo,079,281455,0,0,0,0,0
2020-02-14,San Mateo,081,765935,3,0,0,0,0
2020-02-14,Santa Barbara,083,443738,0,0,0,0,0
2020-02-14,Santa Clara,085,1922200,8,2,1,3,0
2020-02-14,Santa Cruz,087,273765,0,0,0,0,0
2020-02-14,Shasta,089,179085,0,0,0,0,0
2020-02-14,Sierra,091,2930,0,0,0,0,0
2020-02-14,Siskiyou,093,43540,0,0,0,0,0
2020-02-14,Solano,095,438530,1,0,0,0,0
2020-02-14,Sonoma,097,501317,0,0,0,0,0
2020-02-14,Stanislaus,099,539301,1,0,2,2,0
2020-02-14,Sutter,101,95872,0,0,0,0,0
2020-02-14,Tehama,103,63373,0,0,0,0,0
2020-02-14,Trinity,105,12862,0,0,0,0,0
2020-02-14,Tulare,107,460477,2,0,0,0,0
2020-02-14,Tuolumne,109,53932,0,0,0,0,0
2020-02-14,Ventura,111,848112,2,0,0,0,0
2020-02-14,Yolo,113,214977,0,0,0,0,0
2020-02-14,Yuba,115,75493,0,0,0,0,0
2020-02-13,Alameda,001,1643700,4,0,0,0,0
2020-02-13,Alpine,003,1148,0,0,0,0,0
2020-02-13,Amador,005,37829,0,0,0,0,0
2020-02-13,Butte,007,227075,0,0,0,0,0
2020-02-13,Calaveras,009,45235,0,0,0,0,0
2020-02-13,Colusa,011,21464,0,0,0,0,0
2020-02-13,Contra Costa,013,1133247,3,0,0,0,0
2020-02-13,Del Norte,015,27424,0,0,0,0,0
2020-02-13,El Dorado,017,186661,0,0,0,0,0
2020-02-13,Fresno,019,978130,0,0,0,0,0
2020-02-13,Glenn,021,27897,0,0,0,0,0
2020-02-13,Humboldt,023,135768,1,0,0,0,0
2020-02-13,Imperial,025,180216,0,0,0,0,0
2020-02-13,Inyo,027,18085,0,0,0,0,0
2020-02-13,Kern,029,883053,2,0,0,0,0
2020-02-13,Kings,031,150075,1,0,0,0,0
2020-02-13,Lake,033,64148,0,0,0,0,0
2020-02-13,Lassen,035,31185,0,0,0,0,0
2020-02-13,Los Angeles,037,10098052,30,1,3,4,0
2020-02-13,Madera,039,155013,0,0,0,0,0
2020-02-13,Marin,041,260295,0,0,0,0,0
2020-02-13,Mariposa,043,17540,0,0,0,0,0
2020-02-13,Mendocino,045,87422,0,0,0,0,0
2020-02-13,Merced,047,269075,0,0,0,0,0
2020-02-13,Modoc,049,8938,0,0,0,0,0
2020-02-13,Mono,051,14174,0,0,0,0,0
2020-02-13,Monterey,053,433212,1,0,0,0,0
2020-02-13,Napa,055,140530,0,0,0,0,0
2020-02-13,Nevada,057,99092,0,0,0,0,0
2020-02-13,Orange,059,3164182,36,1,0,1,0
2020-02-13,Placer,061,380077,0,0,0,0,0
2020-02-13,Plumas,063,18699,0,0,0,0,0
2020-02-13,Riverside,065,2383286,4,0,0,0,0
2020-02-13,Sacramento,067,1510023,1,0,0,0,0
2020-02-13,San Benito,069,59416,0,2,0,2,0
2020-02-13,San Bernardino,071,2135413,8,0,0,0,0
2020-02-13,San Diego,073,3302833,2,2,0,2,0
2020-02-13,San Francisco,075,870044,2,0,0,0,0
2020-02-13,San Joaquin,077,732212,1,0,1,1,0
2020-02-13,San Luis Obispo,079,281455,0,0,0,0,0
2020-02-13,San Mateo,081,765935,2,0,0,0,0
2020-02-13,Santa Barbara,083,443738,0,0,0,0,0
2020-02-13,Santa Clara,085,1922200,7,2,0,2,0
2020-02-13,Santa Cruz,087,273765,0,0,0,0,0
2020-02-13,Shasta,089,179085,0,0,0,0,0
2020-02-13,Sierra,091,2930,0,0,0,0,0
2020-02-13,Siskiyou,093,43540,0,0,0,0,0
2020-02-13,Solano,095,438530,0,0,0,0,0
2020-02-13,Sonoma,097,501317,0,0,0,0,0
2020-02-13,Stanislaus,099,539301,1,0,1,1,0
2020-02-13,Sutter,101,95872,0,0,0,0,0
2020-02-13,Tehama,103,63373,0,0,0,0,0
2020-02-13,Trinity,105,12862,0,0,0,0,0
2020-02-13,Tulare,107,460477,2,0,0,0,0
2020-02-13,Tuolumne,109,53932,0,0,0,0,0
2020-02-13,Ventura,111,848112,2,0,0,0,0
2020-02-13,Yolo,113,214977,0,0,0,0,0
2020-02-13,Yuba,115,75493,0,0,0,0,0
2020-02-12,Alameda,001,1643700,4,0,0,0,0
2020-02-12,Alpine,003,1148,0,0,0,0,0
2020-02-12,Amador,005,37829,0,0,0,0,0
2020-02-12,Butte,007,227075,0,0,0,0,0
2020-02-12,Calaveras,009,45235,0,0,0,0,0
2020-02-12,Colusa,011,21464,0,0,0,0,0
2020-02-12,Contra Costa,013,1133247,3,0,0,0,0
2020-02-12,Del Norte,015,27424,0,0,0,0,0
2020-02-12,El Dorado,017,186661,0,0,0,0,0
2020-02-12,Fresno,019,978130,0,0,0,0,0
2020-02-12,Glenn,021,27897,0,0,0,0,0
2020-02-12,Humboldt,023,135768,1,0,0,0,0
2020-02-12,Imperial,025,180216,0,0,0,0,0
2020-02-12,Inyo,027,18085,0,0,0,0,0
2020-02-12,Kern,029,883053,2,0,0,0,0
2020-02-12,Kings,031,150075,1,0,0,0,0
2020-02-12,Lake,033,64148,0,0,0,0,0
2020-02-12,Lassen,035,31185,0,0,0,0,0
2020-02-12,Los Angeles,037,10098052,29,1,3,4,0
2020-02-12,Madera,039,155013,0,0,0,0,0
2020-02-12,Marin,041,260295,0,0,0,0,0
2020-02-12,Mariposa,043,17540,0,0,0,0,0
2020-02-12,Mendocino,045,87422,0,0,0,0,0
2020-02-12,Merced,047,269075,0,0,0,0,0
2020-02-12,Modoc,049,8938,0,0,0,0,0
2020-02-12,Mono,051,14174,0,0,0,0,0
2020-02-12,Monterey,053,433212,1,0,0,0,0
2020-02-12,Napa,055,140530,0,0,0,0,0
2020-02-12,Nevada,057,99092,0,0,0,0,0
2020-02-12,Orange,059,3164182,36,1,0,1,0
2020-02-12,Placer,061,380077,0,0,0,0,0
2020-02-12,Plumas,063,18699,0,0,0,0,0
2020-02-12,Riverside,065,2383286,4,0,0,0,0
2020-02-12,Sacramento,067,1510023,1,0,0,0,0
2020-02-12,San Benito,069,59416,0,2,0,2,0
2020-02-12,San Bernardino,071,2135413,8,0,0,0,0
2020-02-12,San Diego,073,3302833,2,2,0,2,0
2020-02-12,San Francisco,075,870044,2,0,0,0,0
2020-02-12,San Joaquin,077,732212,1,0,1,1,0
2020-02-12,San Luis Obispo,079,281455,0,0,0,0,0
2020-02-12,San Mateo,081,765935,2,0,0,0,0
2020-02-12,Santa Barbara,083,443738,0,0,0,0,0
2020-02-12,Santa Clara,085,1922200,6,2,0,2,0
2020-02-12,Santa Cruz,087,273765,0,0,0,0,0
2020-02-12,Shasta,089,179085,0,0,0,0,0
2020-02-12,Sierra,091,2930,0,0,0,0,0
2020-02-12,Siskiyou,093,43540,0,0,0,0,0
2020-02-12,Solano,095,438530,0,0,0,0,0
2020-02-12,Sonoma,097,501317,0,0,0,0,0
2020-02-12,Stanislaus,099,539301,1,0,1,1,0
2020-02-12,Sutter,101,95872,0,0,0,0,0
2020-02-12,Tehama,103,63373,0,0,0,0,0
2020-02-12,Trinity,105,12862,0,0,0,0,0
2020-02-12,Tulare,107,460477,2,0,0,0,0
2020-02-12,Tuolumne,109,53932,0,0,0,0,0
2020-02-12,Ventura,111,848112,2,0,0,0,0
2020-02-12,Yolo,113,214977,0,0,0,0,0
2020-02-12,Yuba,115,75493,0,0,0,0,0
2020-02-11,Alameda,001,1643700,4,0,0,0,0
2020-02-11,Alpine,003,1148,0,0,0,0,0
2020-02-11,Amador,005,37829,0,0,0,0,0
2020-02-11,Butte,007,227075,0,0,0,0,0
2020-02-11,Calaveras,009,45235,0,0,0,0,0
2020-02-11,Colusa,011,21464,0,0,0,0,0
2020-02-11,Contra Costa,013,1133247,3,0,0,0,0
2020-02-11,Del Norte,015,27424,0,0,0,0,0
2020-02-11,El Dorado,017,186661,0,0,0,0,0
2020-02-11,Fresno,019,978130,0,0,0,0,0
2020-02-11,Glenn,021,27897,0,0,0,0,0
2020-02-11,Humboldt,023,135768,1,0,0,0,0
2020-02-11,Imperial,025,180216,0,0,0,0,0
2020-02-11,Inyo,027,18085,0,0,0,0,0
2020-02-11,Kern,029,883053,2,0,0,0,0
2020-02-11,Kings,031,150075,1,0,0,0,0
2020-02-11,Lake,033,64148,0,0,0,0,0
2020-02-11,Lassen,035,31185,0,0,0,0,0
2020-02-11,Los Angeles,037,10098052,29,1,3,4,0
2020-02-11,Madera,039,155013,0,0,0,0,0
2020-02-11,Marin,041,260295,0,0,0,0,0
2020-02-11,Mariposa,043,17540,0,0,0,0,0
2020-02-11,Mendocino,045,87422,0,0,0,0,0
2020-02-11,Merced,047,269075,0,0,0,0,0
2020-02-11,Modoc,049,8938,0,0,0,0,0
2020-02-11,Mono,051,14174,0,0,0,0,0
2020-02-11,Monterey,053,433212,1,0,0,0,0
2020-02-11,Napa,055,140530,0,0,0,0,0
2020-02-11,Nevada,057,99092,0,0,0,0,0
2020-02-11,Orange,059,3164182,35,1,0,1,0
2020-02-11,Placer,061,380077,0,0,0,0,0
2020-02-11,Plumas,063,18699,0,0,0,0,0
2020-02-11,Riverside,065,2383286,4,0,0,0,0
2020-02-11,Sacramento,067,1510023,1,0,0,0,0
2020-02-11,San Benito,069,59416,0,2,0,2,0
2020-02-11,San Bernardino,071,2135413,8,0,0,0,0
2020-02-11,San Diego,073,3302833,2,1,0,1,0
2020-02-11,San Francisco,075,870044,2,0,0,0,0
2020-02-11,San Joaquin,077,732212,0,0,1,1,0
2020-02-11,San Luis Obispo,079,281455,0,0,0,0,0
2020-02-11,San Mateo,081,765935,2,0,0,0,0
2020-02-11,Santa Barbara,083,443738,0,0,0,0,0
2020-02-11,Santa Clara,085,1922200,5,2,0,2,0
2020-02-11,Santa Cruz,087,273765,0,0,0,0,0
2020-02-11,Shasta,089,179085,0,0,0,0,0
2020-02-11,Sierra,091,2930,0,0,0,0,0
2020-02-11,Siskiyou,093,43540,0,0,0,0,0
2020-02-11,Solano,095,438530,0,0,0,0,0
2020-02-11,Sonoma,097,501317,0,0,0,0,0
2020-02-11,Stanislaus,099,539301,1,0,1,1,0
2020-02-11,Sutter,101,95872,0,0,0,0,0
2020-02-11,Tehama,103,63373,0,0,0,0,0
2020-02-11,Trinity,105,12862,0,0,0,0,0
2020-02-11,Tulare,107,460477,2,0,0,0,0
2020-02-11,Tuolumne,109,53932,0,0,0,0,0
2020-02-11,Ventura,111,848112,2,0,0,0,0
2020-02-11,Yolo,113,214977,0,0,0,0,0
2020-02-11,Yuba,115,75493,0,0,0,0,0
2020-02-10,Alameda,001,1643700,4,0,0,0,0
2020-02-10,Alpine,003,1148,0,0,0,0,0
2020-02-10,Amador,005,37829,0,0,0,0,0
2020-02-10,Butte,007,227075,0,0,0,0,0
2020-02-10,Calaveras,009,45235,0,0,0,0,0
2020-02-10,Colusa,011,21464,0,0,0,0,0
2020-02-10,Contra Costa,013,1133247,3,0,0,0,0
2020-02-10,Del Norte,015,27424,0,0,0,0,0
2020-02-10,El Dorado,017,186661,0,0,0,0,0
2020-02-10,Fresno,019,978130,0,0,0,0,0
2020-02-10,Glenn,021,27897,0,0,0,0,0
2020-02-10,Humboldt,023,135768,0,0,0,0,0
2020-02-10,Imperial,025,180216,0,0,0,0,0
2020-02-10,Inyo,027,18085,0,0,0,0,0
2020-02-10,Kern,029,883053,2,0,0,0,0
2020-02-10,Kings,031,150075,1,0,0,0,0
2020-02-10,Lake,033,64148,0,0,0,0,0
2020-02-10,Lassen,035,31185,0,0,0,0,0
2020-02-10,Los Angeles,037,10098052,27,1,3,4,0
2020-02-10,Madera,039,155013,0,0,0,0,0
2020-02-10,Marin,041,260295,0,0,0,0,0
2020-02-10,Mariposa,043,17540,0,0,0,0,0
2020-02-10,Mendocino,045,87422,0,0,0,0,0
2020-02-10,Merced,047,269075,0,0,0,0,0
2020-02-10,Modoc,049,8938,0,0,0,0,0
2020-02-10,Mono,051,14174,0,0,0,0,0
2020-02-10,Monterey,053,433212,1,0,0,0,0
2020-02-10,Napa,055,140530,0,0,0,0,0
2020-02-10,Nevada,057,99092,0,0,0,0,0
2020-02-10,Orange,059,3164182,35,1,0,1,0
2020-02-10,Placer,061,380077,0,0,0,0,0
2020-02-10,Plumas,063,18699,0,0,0,0,0
2020-02-10,Riverside,065,2383286,4,0,0,0,0
2020-02-10,Sacramento,067,1510023,1,0,0,0,0
2020-02-10,San Benito,069,59416,0,2,0,2,0
2020-02-10,San Bernardino,071,2135413,7,0,0,0,0
2020-02-10,San Diego,073,3302833,2,0,0,0,0
2020-02-10,San Francisco,075,870044,2,0,0,0,0
2020-02-10,San Joaquin,077,732212,0,0,1,1,0
2020-02-10,San Luis Obispo,079,281455,0,0,0,0,0
2020-02-10,San Mateo,081,765935,2,0,0,0,0
2020-02-10,Santa Barbara,083,443738,0,0,0,0,0
2020-02-10,Santa Clara,085,1922200,5,2,0,2,0
2020-02-10,Santa Cruz,087,273765,0,0,0,0,0
2020-02-10,Shasta,089,179085,0,0,0,0,0
2020-02-10,Sierra,091,2930,0,0,0,0,0
2020-02-10,Siskiyou,093,43540,0,0,0,0,0
2020-02-10,Solano,095,438530,0,0,0,0,0
2020-02-10,Sonoma,097,501317,0,0,0,0,0
2020-02-10,Stanislaus,099,539301,1,0,0,0,0
2020-02-10,Sutter,101,95872,0,0,0,0,0
2020-02-10,Tehama,103,63373,0,0,0,0,0
2020-02-10,Trinity,105,12862,0,0,0,0,0
2020-02-10,Tulare,107,460477,2,0,0,0,0
2020-02-10,Tuolumne,109,53932,0,0,0,0,0
2020-02-10,Ventura,111,848112,2,0,0,0,0
2020-02-10,Yolo,113,214977,0,0,0,0,0
2020-02-10,Yuba,115,75493,0,0,0,0,0
2020-02-09,Alameda,001,1643700,4,0,0,0,0
2020-02-09,Alpine,003,1148,0,0,0,0,0
2020-02-09,Amador,005,37829,0,0,0,0,0
2020-02-09,Butte,007,227075,0,0,0,0,0
2020-02-09,Calaveras,009,45235,0,0,0,0,0
2020-02-09,Colusa,011,21464,0,0,0,0,0
2020-02-09,Contra Costa,013,1133247,3,0,0,0,0
2020-02-09,Del Norte,015,27424,0,0,0,0,0
2020-02-09,El Dorado,017,186661,0,0,0,0,0
2020-02-09,Fresno,019,978130,0,0,0,0,0
2020-02-09,Glenn,021,27897,0,0,0,0,0
2020-02-09,Humboldt,023,135768,0,0,0,0,0
2020-02-09,Imperial,025,180216,0,0,0,0,0
2020-02-09,Inyo,027,18085,0,0,0,0,0
2020-02-09,Kern,029,883053,2,0,0,0,0
2020-02-09,Kings,031,150075,1,0,0,0,0
2020-02-09,Lake,033,64148,0,0,0,0,0
2020-02-09,Lassen,035,31185,0,0,0,0,0
2020-02-09,Los Angeles,037,10098052,26,1,3,4,0
2020-02-09,Madera,039,155013,0,0,0,0,0
2020-02-09,Marin,041,260295,0,0,0,0,0
2020-02-09,Mariposa,043,17540,0,0,0,0,0
2020-02-09,Mendocino,045,87422,0,0,0,0,0
2020-02-09,Merced,047,269075,0,0,0,0,0
2020-02-09,Modoc,049,8938,0,0,0,0,0
2020-02-09,Mono,051,14174,0,0,0,0,0
2020-02-09,Monterey,053,433212,1,0,0,0,0
2020-02-09,Napa,055,140530,0,0,0,0,0
2020-02-09,Nevada,057,99092,0,0,0,0,0
2020-02-09,Orange,059,3164182,35,1,0,1,0
2020-02-09,Placer,061,380077,0,0,0,0,0
2020-02-09,Plumas,063,18699,0,0,0,0,0
2020-02-09,Riverside,065,2383286,4,0,0,0,0
2020-02-09,Sacramento,067,1510023,0,0,0,0,0
2020-02-09,San Benito,069,59416,0,2,0,2,0
2020-02-09,San Bernardino,071,2135413,7,0,0,0,0
2020-02-09,San Diego,073,3302833,2,0,0,0,0
2020-02-09,San Francisco,075,870044,1,0,0,0,0
2020-02-09,San Joaquin,077,732212,0,0,1,1,0
2020-02-09,San Luis Obispo,079,281455,0,0,0,0,0
2020-02-09,San Mateo,081,765935,2,0,0,0,0
2020-02-09,Santa Barbara,083,443738,0,0,0,0,0
2020-02-09,Santa Clara,085,1922200,4,2,0,2,0
2020-02-09,Santa Cruz,087,273765,0,0,0,0,0
2020-02-09,Shasta,089,179085,0,0,0,0,0
2020-02-09,Sierra,091,2930,0,0,0,0,0
2020-02-09,Siskiyou,093,43540,0,0,0,0,0
2020-02-09,Solano,095,438530,0,0,0,0,0
2020-02-09,Sonoma,097,501317,0,0,0,0,0
2020-02-09,Stanislaus,099,539301,0,0,0,0,0
2020-02-09,Sutter,101,95872,0,0,0,0,0
2020-02-09,Tehama,103,63373,0,0,0,0,0
2020-02-09,Trinity,105,12862,0,0,0,0,0
2020-02-09,Tulare,107,460477,2,0,0,0,0
2020-02-09,Tuolumne,109,53932,0,0,0,0,0
2020-02-09,Ventura,111,848112,1,0,0,0,0
2020-02-09,Yolo,113,214977,0,0,0,0,0
2020-02-09,Yuba,115,75493,0,0,0,0,0
2020-02-08,Alameda,001,1643700,3,0,0,0,0
2020-02-08,Alpine,003,1148,0,0,0,0,0
2020-02-08,Amador,005,37829,0,0,0,0,0
2020-02-08,Butte,007,227075,0,0,0,0,0
2020-02-08,Calaveras,009,45235,0,0,0,0,0
2020-02-08,Colusa,011,21464,0,0,0,0,0
2020-02-08,Contra Costa,013,1133247,2,0,0,0,0
2020-02-08,Del Norte,015,27424,0,0,0,0,0
2020-02-08,El Dorado,017,186661,0,0,0,0,0
2020-02-08,Fresno,019,978130,0,0,0,0,0
2020-02-08,Glenn,021,27897,0,0,0,0,0
2020-02-08,Humboldt,023,135768,0,0,0,0,0
2020-02-08,Imperial,025,180216,0,0,0,0,0
2020-02-08,Inyo,027,18085,0,0,0,0,0
2020-02-08,Kern,029,883053,2,0,0,0,0
2020-02-08,Kings,031,150075,1,0,0,0,0
2020-02-08,Lake,033,64148,0,0,0,0,0
2020-02-08,Lassen,035,31185,0,0,0,0,0
2020-02-08,Los Angeles,037,10098052,23,1,1,2,0
2020-02-08,Madera,039,155013,0,0,0,0,0
2020-02-08,Marin,041,260295,0,0,0,0,0
2020-02-08,Mariposa,043,17540,0,0,0,0,0
2020-02-08,Mendocino,045,87422,0,0,0,0,0
2020-02-08,Merced,047,269075,0,0,0,0,0
2020-02-08,Modoc,049,8938,0,0,0,0,0
2020-02-08,Mono,051,14174,0,0,0,0,0
2020-02-08,Monterey,053,433212,1,0,0,0,0
2020-02-08,Napa,055,140530,0,0,0,0,0
2020-02-08,Nevada,057,99092,0,0,0,0,0
2020-02-08,Orange,059,3164182,35,1,0,1,0
2020-02-08,Placer,061,380077,0,0,0,0,0
2020-02-08,Plumas,063,18699,0,0,0,0,0
2020-02-08,Riverside,065,2383286,4,0,0,0,0
2020-02-08,Sacramento,067,1510023,0,0,0,0,0
2020-02-08,San Benito,069,59416,0,2,0,2,0
2020-02-08,San Bernardino,071,2135413,7,0,0,0,0
2020-02-08,San Diego,073,3302833,1,0,0,0,0
2020-02-08,San Francisco,075,870044,1,0,0,0,0
2020-02-08,San Joaquin,077,732212,0,0,1,1,0
2020-02-08,San Luis Obispo,079,281455,0,0,0,0,0
2020-02-08,San Mateo,081,765935,2,0,0,0,0
2020-02-08,Santa Barbara,083,443738,0,0,0,0,0
2020-02-08,Santa Clara,085,1922200,4,2,0,2,0
2020-02-08,Santa Cruz,087,273765,0,0,0,0,0
2020-02-08,Shasta,089,179085,0,0,0,0,0
2020-02-08,Sierra,091,2930,0,0,0,0,0
2020-02-08,Siskiyou,093,43540,0,0,0,0,0
2020-02-08,Solano,095,438530,0,0,0,0,0
2020-02-08,Sonoma,097,501317,0,0,0,0,0
2020-02-08,Stanislaus,099,539301,0,0,0,0,0
2020-02-08,Sutter,101,95872,0,0,0,0,0
2020-02-08,Tehama,103,63373,0,0,0,0,0
2020-02-08,Trinity,105,12862,0,0,0,0,0
2020-02-08,Tulare,107,460477,2,0,0,0,0
2020-02-08,Tuolumne,109,53932,0,0,0,0,0
2020-02-08,Ventura,111,848112,1,0,0,0,0
2020-02-08,Yolo,113,214977,0,0,0,0,0
2020-02-08,Yuba,115,75493,0,0,0,0,0
2020-02-07,Alameda,001,1643700,3,0,0,0,0
2020-02-07,Alpine,003,1148,0,0,0,0,0
2020-02-07,Amador,005,37829,0,0,0,0,0
2020-02-07,Butte,007,227075,0,0,0,0,0
2020-02-07,Calaveras,009,45235,0,0,0,0,0
2020-02-07,Colusa,011,21464,0,0,0,0,0
2020-02-07,Contra Costa,013,1133247,2,0,0,0,0
2020-02-07,Del Norte,015,27424,0,0,0,0,0
2020-02-07,El Dorado,017,186661,0,0,0,0,0
2020-02-07,Fresno,019,978130,0,0,0,0,0
2020-02-07,Glenn,021,27897,0,0,0,0,0
2020-02-07,Humboldt,023,135768,0,0,0,0,0
2020-02-07,Imperial,025,180216,0,0,0,0,0
2020-02-07,Inyo,027,18085,0,0,0,0,0
2020-02-07,Kern,029,883053,2,0,0,0,0
2020-02-07,Kings,031,150075,1,0,0,0,0
2020-02-07,Lake,033,64148,0,0,0,0,0
2020-02-07,Lassen,035,31185,0,0,0,0,0
2020-02-07,Los Angeles,037,10098052,22,1,0,1,0
2020-02-07,Madera,039,155013,0,0,0,0,0
2020-02-07,Marin,041,260295,0,0,0,0,0
2020-02-07,Mariposa,043,17540,0,0,0,0,0
2020-02-07,Mendocino,045,87422,0,0,0,0,0
2020-02-07,Merced,047,269075,0,0,0,0,0
2020-02-07,Modoc,049,8938,0,0,0,0,0
2020-02-07,Mono,051,14174,0,0,0,0,0
2020-02-07,Monterey,053,433212,1,0,0,0,0
2020-02-07,Napa,055,140530,0,0,0,0,0
2020-02-07,Nevada,057,99092,0,0,0,0,0
2020-02-07,Orange,059,3164182,33,1,0,1,0
2020-02-07,Placer,061,380077,0,0,0,0,0
2020-02-07,Plumas,063,18699,0,0,0,0,0
2020-02-07,Riverside,065,2383286,4,0,0,0,0
2020-02-07,Sacramento,067,1510023,0,0,0,0,0
2020-02-07,San Benito,069,59416,0,2,0,2,0
2020-02-07,San Bernardino,071,2135413,4,0,0,0,0
2020-02-07,San Diego,073,3302833,1,0,0,0,0
2020-02-07,San Francisco,075,870044,1,0,0,0,0
2020-02-07,San Joaquin,077,732212,0,0,1,1,0
2020-02-07,San Luis Obispo,079,281455,0,0,0,0,0
2020-02-07,San Mateo,081,765935,1,0,0,0,0
2020-02-07,Santa Barbara,083,443738,0,0,0,0,0
2020-02-07,Santa Clara,085,1922200,4,2,0,2,0
2020-02-07,Santa Cruz,087,273765,0,0,0,0,0
2020-02-07,Shasta,089,179085,0,0,0,0,0
2020-02-07,Sierra,091,2930,0,0,0,0,0
2020-02-07,Siskiyou,093,43540,0,0,0,0,0
2020-02-07,Solano,095,438530,0,0,0,0,0
2020-02-07,Sonoma,097,501317,0,0,0,0,0
2020-02-07,Stanislaus,099,539301,0,0,0,0,0
2020-02-07,Sutter,101,95872,0,0,0,0,0
2020-02-07,Tehama,103,63373,0,0,0,0,0
2020-02-07,Trinity,105,12862,0,0,0,0,0
2020-02-07,Tulare,107,460477,2,0,0,0,0
2020-02-07,Tuolumne,109,53932,0,0,0,0,0
2020-02-07,Ventura,111,848112,1,0,0,0,0
2020-02-07,Yolo,113,214977,0,0,0,0,0
2020-02-07,Yuba,115,75493,0,0,0,0,0
2020-02-06,Alameda,001,1643700,3,0,0,0,0
2020-02-06,Alpine,003,1148,0,0,0,0,0
2020-02-06,Amador,005,37829,0,0,0,0,0
2020-02-06,Butte,007,227075,0,0,0,0,0
2020-02-06,Calaveras,009,45235,0,0,0,0,0
2020-02-06,Colusa,011,21464,0,0,0,0,0
2020-02-06,Contra Costa,013,1133247,2,0,0,0,0
2020-02-06,Del Norte,015,27424,0,0,0,0,0
2020-02-06,El Dorado,017,186661,0,0,0,0,0
2020-02-06,Fresno,019,978130,0,0,0,0,0
2020-02-06,Glenn,021,27897,0,0,0,0,0
2020-02-06,Humboldt,023,135768,0,0,0,0,0
2020-02-06,Imperial,025,180216,0,0,0,0,0
2020-02-06,Inyo,027,18085,0,0,0,0,0
2020-02-06,Kern,029,883053,2,0,0,0,0
2020-02-06,Kings,031,150075,0,0,0,0,0
2020-02-06,Lake,033,64148,0,0,0,0,0
2020-02-06,Lassen,035,31185,0,0,0,0,0
2020-02-06,Los Angeles,037,10098052,21,1,0,1,0
2020-02-06,Madera,039,155013,0,0,0,0,0
2020-02-06,Marin,041,260295,0,0,0,0,0
2020-02-06,Mariposa,043,17540,0,0,0,0,0
2020-02-06,Mendocino,045,87422,0,0,0,0,0
2020-02-06,Merced,047,269075,0,0,0,0,0
2020-02-06,Modoc,049,8938,0,0,0,0,0
2020-02-06,Mono,051,14174,0,0,0,0,0
2020-02-06,Monterey,053,433212,1,0,0,0,0
2020-02-06,Napa,055,140530,0,0,0,0,0
2020-02-06,Nevada,057,99092,0,0,0,0,0
2020-02-06,Orange,059,3164182,3,1,0,1,0
2020-02-06,Placer,061,380077,0,0,0,0,0
2020-02-06,Plumas,063,18699,0,0,0,0,0
2020-02-06,Riverside,065,2383286,4,0,0,0,0
2020-02-06,Sacramento,067,1510023,0,0,0,0,0
2020-02-06,San Benito,069,59416,0,2,0,2,0
2020-02-06,San Bernardino,071,2135413,4,0,0,0,0
2020-02-06,San Diego,073,3302833,1,0,0,0,0
2020-02-06,San Francisco,075,870044,1,0,0,0,0
2020-02-06,San Joaquin,077,732212,0,0,1,1,0
2020-02-06,San Luis Obispo,079,281455,0,0,0,0,0
2020-02-06,San Mateo,081,765935,1,0,0,0,0
2020-02-06,Santa Barbara,083,443738,0,0,0,0,0
2020-02-06,Santa Clara,085,1922200,4,2,0,2,0
2020-02-06,Santa Cruz,087,273765,0,0,0,0,0
2020-02-06,Shasta,089,179085,0,0,0,0,0
2020-02-06,Sierra,091,2930,0,0,0,0,0
2020-02-06,Siskiyou,093,43540,0,0,0,0,0
2020-02-06,Solano,095,438530,0,0,0,0,0
2020-02-06,Sonoma,097,501317,0,0,0,0,0
2020-02-06,Stanislaus,099,539301,0,0,0,0,0
2020-02-06,Sutter,101,95872,0,0,0,0,0
2020-02-06,Tehama,103,63373,0,0,0,0,0
2020-02-06,Trinity,105,12862,0,0,0,0,0
2020-02-06,Tulare,107,460477,2,0,0,0,0
2020-02-06,Tuolumne,109,53932,0,0,0,0,0
2020-02-06,Ventura,111,848112,1,0,0,0,0
2020-02-06,Yolo,113,214977,0,0,0,0,0
2020-02-06,Yuba,115,75493,0,0,0,0,0
2020-02-05,Alameda,001,1643700,3,0,0,0,0
2020-02-05,Alpine,003,1148,0,0,0,0,0
2020-02-05,Amador,005,37829,0,0,0,0,0
2020-02-05,Butte,007,227075,0,0,0,0,0
2020-02-05,Calaveras,009,45235,0,0,0,0,0
2020-02-05,Colusa,011,21464,0,0,0,0,0
2020-02-05,Contra Costa,013,1133247,2,0,0,0,0
2020-02-05,Del Norte,015,27424,0,0,0,0,0
2020-02-05,El Dorado,017,186661,0,0,0,0,0
2020-02-05,Fresno,019,978130,0,0,0,0,0
2020-02-05,Glenn,021,27897,0,0,0,0,0
2020-02-05,Humboldt,023,135768,0,0,0,0,0
2020-02-05,Imperial,025,180216,0,0,0,0,0
2020-02-05,Inyo,027,18085,0,0,0,0,0
2020-02-05,Kern,029,883053,1,0,0,0,0
2020-02-05,Kings,031,150075,0,0,0,0,0
2020-02-05,Lake,033,64148,0,0,0,0,0
2020-02-05,Lassen,035,31185,0,0,0,0,0
2020-02-05,Los Angeles,037,10098052,21,1,0,1,0
2020-02-05,Madera,039,155013,0,0,0,0,0
2020-02-05,Marin,041,260295,0,0,0,0,0
2020-02-05,Mariposa,043,17540,0,0,0,0,0
2020-02-05,Mendocino,045,87422,0,0,0,0,0
2020-02-05,Merced,047,269075,0,0,0,0,0
2020-02-05,Modoc,049,8938,0,0,0,0,0
2020-02-05,Mono,051,14174,0,0,0,0,0
2020-02-05,Monterey,053,433212,1,0,0,0,0
2020-02-05,Napa,055,140530,0,0,0,0,0
2020-02-05,Nevada,057,99092,0,0,0,0,0
2020-02-05,Orange,059,3164182,1,1,0,1,0
2020-02-05,Placer,061,380077,0,0,0,0,0
2020-02-05,Plumas,063,18699,0,0,0,0,0
2020-02-05,Riverside,065,2383286,4,0,0,0,0
2020-02-05,Sacramento,067,1510023,0,0,0,0,0
2020-02-05,San Benito,069,59416,0,2,0,2,0
2020-02-05,San Bernardino,071,2135413,4,0,0,0,0
2020-02-05,San Diego,073,3302833,0,0,0,0,0
2020-02-05,San Francisco,075,870044,1,0,0,0,0
2020-02-05,San Joaquin,077,732212,0,0,1,1,0
2020-02-05,San Luis Obispo,079,281455,0,0,0,0,0
2020-02-05,San Mateo,081,765935,1,0,0,0,0
2020-02-05,Santa Barbara,083,443738,0,0,0,0,0
2020-02-05,Santa Clara,085,1922200,2,2,0,2,0
2020-02-05,Santa Cruz,087,273765,0,0,0,0,0
2020-02-05,Shasta,089,179085,0,0,0,0,0
2020-02-05,Sierra,091,2930,0,0,0,0,0
2020-02-05,Siskiyou,093,43540,0,0,0,0,0
2020-02-05,Solano,095,438530,0,0,0,0,0
2020-02-05,Sonoma,097,501317,0,0,0,0,0
2020-02-05,Stanislaus,099,539301,0,0,0,0,0
2020-02-05,Sutter,101,95872,0,0,0,0,0
2020-02-05,Tehama,103,63373,0,0,0,0,0
2020-02-05,Trinity,105,12862,0,0,0,0,0
2020-02-05,Tulare,107,460477,2,0,0,0,0
2020-02-05,Tuolumne,109,53932,0,0,0,0,0
2020-02-05,Ventura,111,848112,0,0,0,0,0
2020-02-05,Yolo,113,214977,0,0,0,0,0
2020-02-05,Yuba,115,75493,0,0,0,0,0
2020-02-04,Alameda,001,1643700,3,0,0,0,0
2020-02-04,Alpine,003,1148,0,0,0,0,0
2020-02-04,Amador,005,37829,0,0,0,0,0
2020-02-04,Butte,007,227075,0,0,0,0,0
2020-02-04,Calaveras,009,45235,0,0,0,0,0
2020-02-04,Colusa,011,21464,0,0,0,0,0
2020-02-04,Contra Costa,013,1133247,2,0,0,0,0
2020-02-04,Del Norte,015,27424,0,0,0,0,0
2020-02-04,El Dorado,017,186661,0,0,0,0,0
2020-02-04,Fresno,019,978130,0,0,0,0,0
2020-02-04,Glenn,021,27897,0,0,0,0,0
2020-02-04,Humboldt,023,135768,0,0,0,0,0
2020-02-04,Imperial,025,180216,0,0,0,0,0
2020-02-04,Inyo,027,18085,0,0,0,0,0
2020-02-04,Kern,029,883053,0,0,0,0,0
2020-02-04,Kings,031,150075,0,0,0,0,0
2020-02-04,Lake,033,64148,0,0,0,0,0
2020-02-04,Lassen,035,31185,0,0,0,0,0
2020-02-04,Los Angeles,037,10098052,21,1,0,1,0
2020-02-04,Madera,039,155013,0,0,0,0,0
2020-02-04,Marin,041,260295,0,0,0,0,0
2020-02-04,Mariposa,043,17540,0,0,0,0,0
2020-02-04,Mendocino,045,87422,0,0,0,0,0
2020-02-04,Merced,047,269075,0,0,0,0,0
2020-02-04,Modoc,049,8938,0,0,0,0,0
2020-02-04,Mono,051,14174,0,0,0,0,0
2020-02-04,Monterey,053,433212,1,0,0,0,0
2020-02-04,Napa,055,140530,0,0,0,0,0
2020-02-04,Nevada,057,99092,0,0,0,0,0
2020-02-04,Orange,059,3164182,1,1,0,1,0
2020-02-04,Placer,061,380077,0,0,0,0,0
2020-02-04,Plumas,063,18699,0,0,0,0,0
2020-02-04,Riverside,065,2383286,4,0,0,0,0
2020-02-04,Sacramento,067,1510023,0,0,0,0,0
2020-02-04,San Benito,069,59416,0,2,0,2,0
2020-02-04,San Bernardino,071,2135413,3,0,0,0,0
2020-02-04,San Diego,073,3302833,0,0,0,0,0
2020-02-04,San Francisco,075,870044,1,0,0,0,0
2020-02-04,San Joaquin,077,732212,0,0,1,1,0
2020-02-04,San Luis Obispo,079,281455,0,0,0,0,0
2020-02-04,San Mateo,081,765935,0,0,0,0,0
2020-02-04,Santa Barbara,083,443738,0,0,0,0,0
2020-02-04,Santa Clara,085,1922200,2,2,0,2,0
2020-02-04,Santa Cruz,087,273765,0,0,0,0,0
2020-02-04,Shasta,089,179085,0,0,0,0,0
2020-02-04,Sierra,091,2930,0,0,0,0,0
2020-02-04,Siskiyou,093,43540,0,0,0,0,0
2020-02-04,Solano,095,438530,0,0,0,0,0
2020-02-04,Sonoma,097,501317,0,0,0,0,0
2020-02-04,Stanislaus,099,539301,0,0,0,0,0
2020-02-04,Sutter,101,95872,0,0,0,0,0
2020-02-04,Tehama,103,63373,0,0,0,0,0
2020-02-04,Trinity,105,12862,0,0,0,0,0
2020-02-04,Tulare,107,460477,2,0,0,0,0
2020-02-04,Tuolumne,109,53932,0,0,0,0,0
2020-02-04,Ventura,111,848112,0,0,0,0,0
2020-02-04,Yolo,113,214977,0,0,0,0,0
2020-02-04,Yuba,115,75493,0,0,0,0,0
2020-02-03,Alameda,001,1643700,3,0,0,0,0
2020-02-03,Alpine,003,1148,0,0,0,0,0
2020-02-03,Amador,005,37829,0,0,0,0,0
2020-02-03,Butte,007,227075,0,0,0,0,0
2020-02-03,Calaveras,009,45235,0,0,0,0,0
2020-02-03,Colusa,011,21464,0,0,0,0,0
2020-02-03,Contra Costa,013,1133247,2,0,0,0,0
2020-02-03,Del Norte,015,27424,0,0,0,0,0
2020-02-03,El Dorado,017,186661,0,0,0,0,0
2020-02-03,Fresno,019,978130,0,0,0,0,0
2020-02-03,Glenn,021,27897,0,0,0,0,0
2020-02-03,Humboldt,023,135768,0,0,0,0,0
2020-02-03,Imperial,025,180216,0,0,0,0,0
2020-02-03,Inyo,027,18085,0,0,0,0,0
2020-02-03,Kern,029,883053,0,0,0,0,0
2020-02-03,Kings,031,150075,0,0,0,0,0
2020-02-03,Lake,033,64148,0,0,0,0,0
2020-02-03,Lassen,035,31185,0,0,0,0,0
2020-02-03,Los Angeles,037,10098052,21,1,0,1,0
2020-02-03,Madera,039,155013,0,0,0,0,0
2020-02-03,Marin,041,260295,0,0,0,0,0
2020-02-03,Mariposa,043,17540,0,0,0,0,0
2020-02-03,Mendocino,045,87422,0,0,0,0,0
2020-02-03,Merced,047,269075,0,0,0,0,0
2020-02-03,Modoc,049,8938,0,0,0,0,0
2020-02-03,Mono,051,14174,0,0,0,0,0
2020-02-03,Monterey,053,433212,1,0,0,0,0
2020-02-03,Napa,055,140530,0,0,0,0,0
2020-02-03,Nevada,057,99092,0,0,0,0,0
2020-02-03,Orange,059,3164182,1,1,0,1,0
2020-02-03,Placer,061,380077,0,0,0,0,0
2020-02-03,Plumas,063,18699,0,0,0,0,0
2020-02-03,Riverside,065,2383286,4,0,0,0,0
2020-02-03,Sacramento,067,1510023,0,0,0,0,0
2020-02-03,San Benito,069,59416,0,2,0,2,0
2020-02-03,San Bernardino,071,2135413,3,0,0,0,0
2020-02-03,San Diego,073,3302833,0,0,0,0,0
2020-02-03,San Francisco,075,870044,1,0,0,0,0
2020-02-03,San Joaquin,077,732212,0,0,1,1,0
2020-02-03,San Luis Obispo,079,281455,0,0,0,0,0
2020-02-03,San Mateo,081,765935,0,0,0,0,0
2020-02-03,Santa Barbara,083,443738,0,0,0,0,0
2020-02-03,Santa Clara,085,1922200,2,2,0,2,0
2020-02-03,Santa Cruz,087,273765,0,0,0,0,0
2020-02-03,Shasta,089,179085,0,0,0,0,0
2020-02-03,Sierra,091,2930,0,0,0,0,0
2020-02-03,Siskiyou,093,43540,0,0,0,0,0
2020-02-03,Solano,095,438530,0,0,0,0,0
2020-02-03,Sonoma,097,501317,0,0,0,0,0
2020-02-03,Stanislaus,099,539301,0,0,0,0,0
2020-02-03,Sutter,101,95872,0,0,0,0,0
2020-02-03,Tehama,103,63373,0,0,0,0,0
2020-02-03,Trinity,105,12862,0,0,0,0,0
2020-02-03,Tulare,107,460477,2,0,0,0,0
2020-02-03,Tuolumne,109,53932,0,0,0,0,0
2020-02-03,Ventura,111,848112,0,0,0,0,0
2020-02-03,Yolo,113,214977,0,0,0,0,0
2020-02-03,Yuba,115,75493,0,0,0,0,0
2020-02-02,Alameda,001,1643700,3,0,0,0,0
2020-02-02,Alpine,003,1148,0,0,0,0,0
2020-02-02,Amador,005,37829,0,0,0,0,0
2020-02-02,Butte,007,227075,0,0,0,0,0
2020-02-02,Calaveras,009,45235,0,0,0,0,0
2020-02-02,Colusa,011,21464,0,0,0,0,0
2020-02-02,Contra Costa,013,1133247,1,0,0,0,0
2020-02-02,Del Norte,015,27424,0,0,0,0,0
2020-02-02,El Dorado,017,186661,0,0,0,0,0
2020-02-02,Fresno,019,978130,0,0,0,0,0
2020-02-02,Glenn,021,27897,0,0,0,0,0
2020-02-02,Humboldt,023,135768,0,0,0,0,0
2020-02-02,Imperial,025,180216,0,0,0,0,0
2020-02-02,Inyo,027,18085,0,0,0,0,0
2020-02-02,Kern,029,883053,0,0,0,0,0
2020-02-02,Kings,031,150075,0,0,0,0,0
2020-02-02,Lake,033,64148,0,0,0,0,0
2020-02-02,Lassen,035,31185,0,0,0,0,0
2020-02-02,Los Angeles,037,10098052,17,1,0,1,0
2020-02-02,Madera,039,155013,0,0,0,0,0
2020-02-02,Marin,041,260295,0,0,0,0,0
2020-02-02,Mariposa,043,17540,0,0,0,0,0
2020-02-02,Mendocino,045,87422,0,0,0,0,0
2020-02-02,Merced,047,269075,0,0,0,0,0
2020-02-02,Modoc,049,8938,0,0,0,0,0
2020-02-02,Mono,051,14174,0,0,0,0,0
2020-02-02,Monterey,053,433212,1,0,0,0,0
2020-02-02,Napa,055,140530,0,0,0,0,0
2020-02-02,Nevada,057,99092,0,0,0,0,0
2020-02-02,Orange,059,3164182,1,1,0,1,0
2020-02-02,Placer,061,380077,0,0,0,0,0
2020-02-02,Plumas,063,18699,0,0,0,0,0
2020-02-02,Riverside,065,2383286,3,0,0,0,0
2020-02-02,Sacramento,067,1510023,0,0,0,0,0
2020-02-02,San Benito,069,59416,0,2,0,2,0
2020-02-02,San Bernardino,071,2135413,2,0,0,0,0
2020-02-02,San Diego,073,3302833,0,0,0,0,0
2020-02-02,San Francisco,075,870044,1,0,0,0,0
2020-02-02,San Joaquin,077,732212,0,0,1,1,0
2020-02-02,San Luis Obispo,079,281455,0,0,0,0,0
2020-02-02,San Mateo,081,765935,0,0,0,0,0
2020-02-02,Santa Barbara,083,443738,0,0,0,0,0
2020-02-02,Santa Clara,085,1922200,2,2,0,2,0
2020-02-02,Santa Cruz,087,273765,0,0,0,0,0
2020-02-02,Shasta,089,179085,0,0,0,0,0
2020-02-02,Sierra,091,2930,0,0,0,0,0
2020-02-02,Siskiyou,093,43540,0,0,0,0,0
2020-02-02,Solano,095,438530,0,0,0,0,0
2020-02-02,Sonoma,097,501317,0,0,0,0,0
2020-02-02,Stanislaus,099,539301,0,0,0,0,0
2020-02-02,Sutter,101,95872,0,0,0,0,0
2020-02-02,Tehama,103,63373,0,0,0,0,0
2020-02-02,Trinity,105,12862,0,0,0,0,0
2020-02-02,Tulare,107,460477,2,0,0,0,0
2020-02-02,Tuolumne,109,53932,0,0,0,0,0
2020-02-02,Ventura,111,848112,0,0,0,0,0
2020-02-02,Yolo,113,214977,0,0,0,0,0
2020-02-02,Yuba,115,75493,0,0,0,0,0
2020-02-01,Alameda,001,1643700,3,0,0,0,0
2020-02-01,Alpine,003,1148,0,0,0,0,0
2020-02-01,Amador,005,37829,0,0,0,0,0
2020-02-01,Butte,007,227075,0,0,0,0,0
2020-02-01,Calaveras,009,45235,0,0,0,0,0
2020-02-01,Colusa,011,21464,0,0,0,0,0
2020-02-01,Contra Costa,013,1133247,0,0,0,0,0
2020-02-01,Del Norte,015,27424,0,0,0,0,0
2020-02-01,El Dorado,017,186661,0,0,0,0,0
2020-02-01,Fresno,019,978130,0,0,0,0,0
2020-02-01,Glenn,021,27897,0,0,0,0,0
2020-02-01,Humboldt,023,135768,0,0,0,0,0
2020-02-01,Imperial,025,180216,0,0,0,0,0
2020-02-01,Inyo,027,18085,0,0,0,0,0
2020-02-01,Kern,029,883053,0,0,0,0,0
2020-02-01,Kings,031,150075,0,0,0,0,0
2020-02-01,Lake,033,64148,0,0,0,0,0
2020-02-01,Lassen,035,31185,0,0,0,0,0
2020-02-01,Los Angeles,037,10098052,13,1,0,1,0
2020-02-01,Madera,039,155013,0,0,0,0,0
2020-02-01,Marin,041,260295,0,0,0,0,0
2020-02-01,Mariposa,043,17540,0,0,0,0,0
2020-02-01,Mendocino,045,87422,0,0,0,0,0
2020-02-01,Merced,047,269075,0,0,0,0,0
2020-02-01,Modoc,049,8938,0,0,0,0,0
2020-02-01,Mono,051,14174,0,0,0,0,0
2020-02-01,Monterey,053,433212,0,0,0,0,0
2020-02-01,Napa,055,140530,0,0,0,0,0
2020-02-01,Nevada,057,99092,0,0,0,0,0
2020-02-01,Orange,059,3164182,1,1,0,1,0
2020-02-01,Placer,061,380077,0,0,0,0,0
2020-02-01,Plumas,063,18699,0,0,0,0,0
2020-02-01,Riverside,065,2383286,2,0,0,0,0
2020-02-01,Sacramento,067,1510023,0,0,0,0,0
2020-02-01,San Benito,069,59416,0,0,0,0,0
2020-02-01,San Bernardino,071,2135413,1,0,0,0,0
2020-02-01,San Diego,073,3302833,0,0,0,0,0
2020-02-01,San Francisco,075,870044,1,0,0,0,0
2020-02-01,San Joaquin,077,732212,0,0,1,1,0
2020-02-01,San Luis Obispo,079,281455,0,0,0,0,0
2020-02-01,San Mateo,081,765935,0,0,0,0,0
2020-02-01,Santa Barbara,083,443738,0,0,0,0,0
2020-02-01,Santa Clara,085,1922200,2,1,0,1,0
2020-02-01,Santa Cruz,087,273765,0,0,0,0,0
2020-02-01,Shasta,089,179085,0,0,0,0,0
2020-02-01,Sierra,091,2930,0,0,0,0,0
2020-02-01,Siskiyou,093,43540,0,0,0,0,0
2020-02-01,Solano,095,438530,0,0,0,0,0
2020-02-01,Sonoma,097,501317,0,0,0,0,0
2020-02-01,Stanislaus,099,539301,0,0,0,0,0
2020-02-01,Sutter,101,95872,0,0,0,0,0
2020-02-01,Tehama,103,63373,0,0,0,0,0
2020-02-01,Trinity,105,12862,0,0,0,0,0
2020-02-01,Tulare,107,460477,1,0,0,0,0
2020-02-01,Tuolumne,109,53932,0,0,0,0,0
2020-02-01,Ventura,111,848112,0,0,0,0,0
2020-02-01,Yolo,113,214977,0,0,0,0,0
2020-02-01,Yuba,115,75493,0,0,0,0,0
