date,county,fips,population,confirmed_cases,reported_cases,probable_cases,reported_and_probable_cases,reported_deaths
2022-05-19,Alameda,001,1643700,275036,274996,15600,290596,1858
2022-05-19,Alpine,003,1148,126,126,1,127,0
2022-05-19,Amador,005,37829,8670,8628,675,9303,86
2022-05-19,Butte,007,227075,33615,33606,6894,40500,426
2022-05-19,Calaveras,009,45235,7426,7424,388,7812,120
2022-05-19,Colusa,011,21464,3467,3468,1083,4551,21
2022-05-19,Contra Costa,013,1133247,199760,199703,14489,214192,1305
2022-05-19,Del Norte,015,27424,6047,6045,221,6266,50
2022-05-19,El Dorado,017,186661,27513,27517,3339,30856,213
2022-05-19,Fresno,019,978130,234658,234657,24514,259171,2760
2022-05-19,Glenn,021,27897,5020,5020,1636,6656,48
2022-05-19,Humboldt,023,135768,17984,17984,3324,21308,146
2022-05-19,Imperial,025,180216,56016,56014,11078,67092,923
2022-05-19,Inyo,027,18085,4136,4135,552,4687,56
2022-05-19,Kern,029,883053,193768,193705,47194,240899,2334
2022-05-19,Kings,031,150075,52046,52038,3659,55697,447
2022-05-19,Lake,033,64148,10871,10867,925,11792,137
2022-05-19,Lassen,035,31185,9012,9011,898,9909,64
2022-05-19,Los Angeles,037,10098052,2791413,2791671,131282,2922953,31815
2022-05-19,Madera,039,155013,37769,37744,6277,44021,370
2022-05-19,Marin,041,260295,36392,36394,3522,39916,293
2022-05-19,Mariposa,043,17540,2491,2490,214,2704,30
2022-05-19,Mendocino,045,87422,13462,13461,3349,16810,124
2022-05-19,Merced,047,269075,62983,62969,9048,72017,823
2022-05-19,Modoc,049,8938,750,750,255,1005,8
2022-05-19,Mono,051,14174,3012,3012,156,3168,6
2022-05-19,Monterey,053,433212,81320,81224,14967,96191,735
2022-05-19,Napa,055,140530,27039,27034,1096,28130,143
2022-05-19,Nevada,057,99092,16404,16410,1282,17692,127
2022-05-19,Orange,059,3164182,562586,562531,44305,606836,7025
2022-05-19,Placer,061,380077,64824,64802,7697,72499,626
2022-05-19,Plumas,063,18699,3051,3052,374,3426,13
2022-05-19,Riverside,065,2383286,601839,601808,29196,631004,6476
2022-05-19,Sacramento,067,1510023,290001,289972,28734,318706,3027
2022-05-19,San Benito,069,59416,13234,13234,548,13782,98
2022-05-19,San Bernardino,071,2135413,575204,575194,25542,600736,7523
2022-05-19,San Diego,073,3302833,777405,777404,54868,832272,5282
2022-05-19,San Francisco,075,870044,138899,138922,9352,148274,871
2022-05-19,San Joaquin,077,732212,169783,169745,10949,180694,2237
2022-05-19,San Luis Obispo,079,281455,54002,54012,4207,58219,481
2022-05-19,San Mateo,081,765935,132637,132636,8128,140764,711
2022-05-19,Santa Barbara,083,443738,88805,88783,5013,93796,692
2022-05-19,Santa Clara,085,1922200,336507,336488,14116,350604,2301
2022-05-19,Santa Cruz,087,273765,51344,51333,2335,53668,263
2022-05-19,Shasta,089,179085,30969,30966,6222,37188,564
2022-05-19,Sierra,091,2930,276,276,53,329,4
2022-05-19,Siskiyou,093,43540,4502,4501,2818,7319,81
2022-05-19,Solano,095,438530,85122,85038,5948,90986,451
2022-05-19,Sonoma,097,501317,88887,88889,3351,92240,489
2022-05-19,Stanislaus,099,539301,119387,119396,17850,137246,1653
2022-05-19,Sutter,101,95872,20801,20809,2196,23005,226
2022-05-19,Tehama,103,63373,12157,12162,2665,14827,201
2022-05-19,Trinity,105,12862,1191,1191,299,1490,20
2022-05-19,Tulare,107,460477,107517,107485,29427,136912,1477
2022-05-19,Tuolumne,109,53932,12972,12977,597,13574,182
2022-05-19,Ventura,111,848112,178035,178024,10202,188226,1499
2022-05-19,Yolo,113,214977,38363,38377,3399,41776,319
2022-05-19,Yuba,115,75493,16183,16180,1297,17477,122
2022-05-18,Alameda,001,1643700,275036,272530,15600,288130,1859
2022-05-18,Alpine,003,1148,126,126,1,127,0
2022-05-18,Amador,005,37829,8670,8592,675,9267,86
2022-05-18,Butte,007,227075,33615,33486,6894,40380,426
2022-05-18,Calaveras,009,45235,7426,7400,388,7788,120
2022-05-18,Colusa,011,21464,3467,3467,1083,4550,21
2022-05-18,Contra Costa,013,1133247,199760,198207,14489,212696,1303
2022-05-18,Del Norte,015,27424,6047,6001,221,6222,50
2022-05-18,El Dorado,017,186661,27513,27388,3339,30727,212
2022-05-18,Fresno,019,978130,234658,234055,24514,258569,2759
2022-05-18,Glenn,021,27897,5020,5012,1636,6648,48
2022-05-18,Humboldt,023,135768,17984,17868,3324,21192,146
2022-05-18,Imperial,025,180216,56016,55915,11078,66993,918
2022-05-18,Inyo,027,18085,4136,4120,552,4672,56
2022-05-18,Kern,029,883053,193768,193338,47194,240532,2327
2022-05-18,Kings,031,150075,52046,51903,3659,55562,447
2022-05-18,Lake,033,64148,10871,10831,925,11756,137
2022-05-18,Lassen,035,31185,9012,8994,898,9892,65
2022-05-18,Los Angeles,037,10098052,2791413,2780354,131282,2911636,31789
2022-05-18,Madera,039,155013,37769,37644,6277,43921,365
2022-05-18,Marin,041,260295,36392,36024,3522,39546,293
2022-05-18,Mariposa,043,17540,2491,2481,214,2695,30
2022-05-18,Mendocino,045,87422,13462,13403,3349,16752,124
2022-05-18,Merced,047,269075,62983,62802,9048,71850,818
2022-05-18,Modoc,049,8938,750,748,255,1003,8
2022-05-18,Mono,051,14174,3012,3010,156,3166,6
2022-05-18,Monterey,053,433212,81320,80955,14967,95922,735
2022-05-18,Napa,055,140530,27039,26912,1096,28008,143
2022-05-18,Nevada,057,99092,16404,16361,1282,17643,127
2022-05-18,Orange,059,3164182,562586,560094,44305,604399,7021
2022-05-18,Placer,061,380077,64824,64432,7697,72129,626
2022-05-18,Plumas,063,18699,3051,3022,374,3396,13
2022-05-18,Riverside,065,2383286,601839,599947,29196,629143,6471
2022-05-18,Sacramento,067,1510023,290001,288335,28734,317069,3022
2022-05-18,San Benito,069,59416,13234,13186,548,13734,98
2022-05-18,San Bernardino,071,2135413,575204,573790,25542,599332,7455
2022-05-18,San Diego,073,3302833,777405,773934,54868,828802,5277
2022-05-18,San Francisco,075,870044,138899,137341,9352,146693,869
2022-05-18,San Joaquin,077,732212,169783,169045,10949,179994,2236
2022-05-18,San Luis Obispo,079,281455,54002,53756,4207,57963,478
2022-05-18,San Mateo,081,765935,132637,131330,8128,139458,709
2022-05-18,Santa Barbara,083,443738,88805,88317,5013,93330,693
2022-05-18,Santa Clara,085,1922200,336507,333230,14116,347346,2300
2022-05-18,Santa Cruz,087,273765,51344,51020,2335,53355,263
2022-05-18,Shasta,089,179085,30969,30899,6222,37121,558
2022-05-18,Sierra,091,2930,276,275,53,328,4
2022-05-18,Siskiyou,093,43540,4502,4495,2818,7313,81
2022-05-18,Solano,095,438530,85122,84476,5948,90424,451
2022-05-18,Sonoma,097,501317,88887,88195,3351,91546,489
2022-05-18,Stanislaus,099,539301,119387,119025,17850,136875,1645
2022-05-18,Sutter,101,95872,20801,20763,2196,22959,226
2022-05-18,Tehama,103,63373,12157,12133,2665,14798,201
2022-05-18,Trinity,105,12862,1191,1189,299,1488,20
2022-05-18,Tulare,107,460477,107517,107292,29427,136719,1477
2022-05-18,Tuolumne,109,53932,12972,12917,597,13514,182
2022-05-18,Ventura,111,848112,178035,177233,10202,187435,1497
2022-05-18,Yolo,113,214977,38363,38139,3399,41538,316
2022-05-18,Yuba,115,75493,16183,16109,1297,17406,122
2022-05-17,Alameda,001,1643700,274956,272530,15537,288067,1859
2022-05-17,Alpine,003,1148,126,126,1,127,0
2022-05-17,Amador,005,37829,8668,8592,675,9267,86
2022-05-17,Butte,007,227075,33609,33486,6881,40367,426
2022-05-17,Calaveras,009,45235,7422,7400,387,7787,120
2022-05-17,Colusa,011,21464,3467,3467,1083,4550,21
2022-05-17,Contra Costa,013,1133247,199708,198207,14464,212671,1303
2022-05-17,Del Norte,015,27424,6046,6001,220,6221,50
2022-05-17,El Dorado,017,186661,27502,27388,3335,30723,212
2022-05-17,Fresno,019,978130,234622,234055,24491,258546,2759
2022-05-17,Glenn,021,27897,5020,5012,1635,6647,48
2022-05-17,Humboldt,023,135768,17980,17868,3307,21175,146
2022-05-17,Imperial,025,180216,56005,55915,11063,66978,918
2022-05-17,Inyo,027,18085,4134,4120,546,4666,56
2022-05-17,Kern,029,883053,193757,193338,47180,240518,2327
2022-05-17,Kings,031,150075,52038,51903,3656,55559,447
2022-05-17,Lake,033,64148,10869,10831,924,11755,137
2022-05-17,Lassen,035,31185,9012,8994,897,9891,65
2022-05-17,Los Angeles,037,10098052,2791266,2780354,131261,2911615,31789
2022-05-17,Madera,039,155013,37762,37644,6271,43915,365
2022-05-17,Marin,041,260295,36354,36024,3483,39507,293
2022-05-17,Mariposa,043,17540,2491,2481,213,2694,30
2022-05-17,Mendocino,045,87422,13457,13403,3341,16744,124
2022-05-17,Merced,047,269075,62980,62802,9036,71838,818
2022-05-17,Modoc,049,8938,750,748,255,1003,8
2022-05-17,Mono,051,14174,3011,3010,153,3163,6
2022-05-17,Monterey,053,433212,81302,80955,14919,95874,735
2022-05-17,Napa,055,140530,27023,26912,1090,28002,143
2022-05-17,Nevada,057,99092,16400,16361,1281,17642,127
2022-05-17,Orange,059,3164182,562461,560094,44193,604287,7021
2022-05-17,Placer,061,380077,64804,64432,7682,72114,626
2022-05-17,Plumas,063,18699,3049,3022,374,3396,13
2022-05-17,Riverside,065,2383286,601781,599947,29152,629099,6471
2022-05-17,Sacramento,067,1510023,289936,288335,28622,316957,3022
2022-05-17,San Benito,069,59416,13232,13186,548,13734,98
2022-05-17,San Bernardino,071,2135413,575172,573790,25533,599323,7455
2022-05-17,San Diego,073,3302833,777161,773934,54810,828744,5277
2022-05-17,San Francisco,075,870044,138835,137341,9336,146677,869
2022-05-17,San Joaquin,077,732212,169739,169045,10910,179955,2236
2022-05-17,San Luis Obispo,079,281455,53983,53756,4188,57944,478
2022-05-17,San Mateo,081,765935,132591,131330,8089,139419,709
2022-05-17,Santa Barbara,083,443738,88763,88317,5002,93319,693
2022-05-17,Santa Clara,085,1922200,336416,333230,14048,347278,2300
2022-05-17,Santa Cruz,087,273765,51339,51020,2326,53346,263
2022-05-17,Shasta,089,179085,30968,30899,6218,37117,558
2022-05-17,Sierra,091,2930,276,275,53,328,4
2022-05-17,Siskiyou,093,43540,4502,4495,2815,7310,81
2022-05-17,Solano,095,438530,85110,84476,5926,90402,451
2022-05-17,Sonoma,097,501317,88866,88195,3316,91511,489
2022-05-17,Stanislaus,099,539301,119374,119025,17831,136856,1645
2022-05-17,Sutter,101,95872,20794,20763,2195,22958,226
2022-05-17,Tehama,103,63373,12157,12133,2663,14796,201
2022-05-17,Trinity,105,12862,1191,1189,298,1487,20
2022-05-17,Tulare,107,460477,107502,107292,29378,136670,1477
2022-05-17,Tuolumne,109,53932,12966,12917,596,13513,182
2022-05-17,Ventura,111,848112,178000,177233,10153,187386,1497
2022-05-17,Yolo,113,214977,38357,38139,3396,41535,316
2022-05-17,Yuba,115,75493,16174,16109,1296,17405,122
2022-05-16,Alameda,001,1643700,274382,272530,15455,287985,1859
2022-05-16,Alpine,003,1148,126,126,1,127,0
2022-05-16,Amador,005,37829,8662,8592,675,9267,86
2022-05-16,Butte,007,227075,33585,33486,6868,40354,426
2022-05-16,Calaveras,009,45235,7420,7400,385,7785,120
2022-05-16,Colusa,011,21464,3465,3467,1083,4550,21
2022-05-16,Contra Costa,013,1133247,199382,198207,14402,212609,1303
2022-05-16,Del Norte,015,27424,6038,6001,218,6219,50
2022-05-16,El Dorado,017,186661,27472,27388,3332,30720,212
2022-05-16,Fresno,019,978130,234479,234055,24471,258526,2759
2022-05-16,Glenn,021,27897,5019,5012,1633,6645,48
2022-05-16,Humboldt,023,135768,17959,17868,3290,21158,146
2022-05-16,Imperial,025,180216,55989,55915,11046,66961,918
2022-05-16,Inyo,027,18085,4131,4120,546,4666,56
2022-05-16,Kern,029,883053,193716,193338,47137,240475,2327
2022-05-16,Kings,031,150075,52013,51903,3655,55558,447
2022-05-16,Lake,033,64148,10865,10831,923,11754,137
2022-05-16,Lassen,035,31185,9008,8994,895,9889,65
2022-05-16,Los Angeles,037,10098052,2789564,2780354,131057,2911411,31789
2022-05-16,Madera,039,155013,37746,37644,6258,43902,365
2022-05-16,Marin,041,260295,36268,36024,3435,39459,293
2022-05-16,Mariposa,043,17540,2491,2481,213,2694,30
2022-05-16,Mendocino,045,87422,13450,13403,3330,16733,124
2022-05-16,Merced,047,269075,62964,62802,9006,71808,818
2022-05-16,Modoc,049,8938,750,748,255,1003,8
2022-05-16,Mono,051,14174,3011,3010,151,3161,6
2022-05-16,Monterey,053,433212,81259,80955,14871,95826,735
2022-05-16,Napa,055,140530,27003,26912,1089,28001,143
2022-05-16,Nevada,057,99092,16393,16361,1278,17639,127
2022-05-16,Orange,059,3164182,562142,560094,44060,604154,7021
2022-05-16,Placer,061,380077,64750,64432,7679,72111,626
2022-05-16,Plumas,063,18699,3043,3022,372,3394,13
2022-05-16,Riverside,065,2383286,601471,599947,29107,629054,6471
2022-05-16,Sacramento,067,1510023,289629,288335,28495,316830,3022
2022-05-16,San Benito,069,59416,13224,13186,543,13729,98
2022-05-16,San Bernardino,071,2135413,574951,573790,25507,599297,7455
2022-05-16,San Diego,073,3302833,776402,773934,54648,828582,5277
2022-05-16,San Francisco,075,870044,138364,137341,9303,146644,869
2022-05-16,San Joaquin,077,732212,169576,169045,10694,179739,2236
2022-05-16,San Luis Obispo,079,281455,53942,53756,4173,57929,478
2022-05-16,San Mateo,081,765935,132280,131330,8043,139373,709
2022-05-16,Santa Barbara,083,443738,88661,88317,4993,93310,693
2022-05-16,Santa Clara,085,1922200,335531,333230,13961,347191,2300
2022-05-16,Santa Cruz,087,273765,51310,51020,2317,53337,263
2022-05-16,Shasta,089,179085,30961,30899,6213,37112,558
2022-05-16,Sierra,091,2930,276,275,53,328,4
2022-05-16,Siskiyou,093,43540,4501,4495,2809,7304,81
2022-05-16,Solano,095,438530,84995,84476,5902,90378,451
2022-05-16,Sonoma,097,501317,88752,88195,3298,91493,489
2022-05-16,Stanislaus,099,539301,119314,119025,17799,136824,1645
2022-05-16,Sutter,101,95872,20788,20763,2193,22956,226
2022-05-16,Tehama,103,63373,12152,12133,2661,14794,201
2022-05-16,Trinity,105,12862,1190,1189,297,1486,20
2022-05-16,Tulare,107,460477,107459,107292,29316,136608,1477
2022-05-16,Tuolumne,109,53932,12955,12917,594,13511,182
2022-05-16,Ventura,111,848112,177881,177233,10105,187338,1497
2022-05-16,Yolo,113,214977,38306,38139,3393,41532,316
2022-05-16,Yuba,115,75493,16158,16109,1296,17405,122
2022-05-15,Alameda,001,1643700,273432,268944,15386,284330,1857
2022-05-15,Alpine,003,1148,126,125,1,126,0
2022-05-15,Amador,005,37829,8654,8574,675,9249,86
2022-05-15,Butte,007,227075,33534,33377,6849,40226,424
2022-05-15,Calaveras,009,45235,7405,7378,383,7761,120
2022-05-15,Colusa,011,21464,3465,3463,1083,4546,21
2022-05-15,Contra Costa,013,1133247,198726,195925,14338,210263,1301
2022-05-15,Del Norte,015,27424,6025,5919,218,6137,50
2022-05-15,El Dorado,017,186661,27425,27216,3322,30538,212
2022-05-15,Fresno,019,978130,234229,233305,24446,257751,2757
2022-05-15,Glenn,021,27897,5015,5004,1633,6637,48
2022-05-15,Humboldt,023,135768,17911,17633,3255,20888,146
2022-05-15,Imperial,025,180216,55964,55756,11026,66782,917
2022-05-15,Inyo,027,18085,4127,4114,541,4655,56
2022-05-15,Kern,029,883053,193601,192939,47090,240029,2314
2022-05-15,Kings,031,150075,51951,51779,3650,55429,447
2022-05-15,Lake,033,64148,10848,10790,921,11711,137
2022-05-15,Lassen,035,31185,8999,8987,894,9881,65
2022-05-15,Los Angeles,037,10098052,2785920,2768726,130765,2899491,31768
2022-05-15,Madera,039,155013,37706,37520,6242,43762,365
2022-05-15,Marin,041,260295,36144,35486,3406,38892,293
2022-05-15,Mariposa,043,17540,2489,2463,212,2675,30
2022-05-15,Mendocino,045,87422,13433,13349,3305,16654,124
2022-05-15,Merced,047,269075,62882,62627,8964,71591,818
2022-05-15,Modoc,049,8938,749,747,255,1002,8
2022-05-15,Mono,051,14174,3010,3002,150,3152,6
2022-05-15,Monterey,053,433212,81169,80620,14835,95455,735
2022-05-15,Napa,055,140530,26961,26698,1085,27783,143
2022-05-15,Nevada,057,99092,16370,16240,1276,17516,127
2022-05-15,Orange,059,3164182,561362,557134,43921,601055,7017
2022-05-15,Placer,061,380077,64608,63963,7663,71626,626
2022-05-15,Plumas,063,18699,3036,3006,372,3378,13
2022-05-15,Riverside,065,2383286,600976,597914,29047,626961,6471
2022-05-15,Sacramento,067,1510023,289038,286403,28346,314749,3022
2022-05-15,San Benito,069,59416,13202,13106,541,13647,98
2022-05-15,San Bernardino,071,2135413,574534,572057,25486,597543,7423
2022-05-15,San Diego,073,3302833,775054,770323,54478,824801,5271
2022-05-15,San Francisco,075,870044,137787,134916,9270,144186,866
2022-05-15,San Joaquin,077,732212,169353,168174,10552,178726,2236
2022-05-15,San Luis Obispo,079,281455,53830,53502,4133,57635,478
2022-05-15,San Mateo,081,765935,131837,129480,7984,137464,709
2022-05-15,Santa Barbara,083,443738,88459,87773,4966,92739,693
2022-05-15,Santa Clara,085,1922200,334404,328609,13886,342495,2297
2022-05-15,Santa Cruz,087,273765,51230,50268,2311,52579,263
2022-05-15,Shasta,089,179085,30930,30799,6208,37007,557
2022-05-15,Sierra,091,2930,276,275,53,328,4
2022-05-15,Siskiyou,093,43540,4500,4482,2806,7288,81
2022-05-15,Solano,095,438530,84720,83669,5869,89538,451
2022-05-15,Sonoma,097,501317,88448,87070,3272,90342,488
2022-05-15,Stanislaus,099,539301,119165,118586,17768,136354,1645
2022-05-15,Sutter,101,95872,20765,20690,2188,22878,226
2022-05-15,Tehama,103,63373,12138,12115,2659,14774,201
2022-05-15,Trinity,105,12862,1190,1188,297,1485,20
2022-05-15,Tulare,107,460477,107375,107077,29269,136346,1469
2022-05-15,Tuolumne,109,53932,12930,12851,592,13443,182
2022-05-15,Ventura,111,848112,177583,176317,10062,186379,1497
2022-05-15,Yolo,113,214977,38243,37737,3384,41121,316
2022-05-15,Yuba,115,75493,16124,16028,1289,17317,122
2022-05-14,Alameda,001,1643700,273156,268944,15375,284319,1857
2022-05-14,Alpine,003,1148,125,125,1,126,0
2022-05-14,Amador,005,37829,8653,8574,674,9248,86
2022-05-14,Butte,007,227075,33519,33377,6844,40221,424
2022-05-14,Calaveras,009,45235,7404,7378,383,7761,120
2022-05-14,Colusa,011,21464,3465,3463,1083,4546,21
2022-05-14,Contra Costa,013,1133247,198474,195925,14335,210260,1301
2022-05-14,Del Norte,015,27424,6019,5919,217,6136,50
2022-05-14,El Dorado,017,186661,27410,27216,3318,30534,212
2022-05-14,Fresno,019,978130,234170,233305,24444,257749,2757
2022-05-14,Glenn,021,27897,5015,5004,1631,6635,48
2022-05-14,Humboldt,023,135768,17896,17633,3253,20886,146
2022-05-14,Imperial,025,180216,55940,55756,11024,66780,917
2022-05-14,Inyo,027,18085,4125,4114,541,4655,56
2022-05-14,Kern,029,883053,193553,192939,47068,240007,2314
2022-05-14,Kings,031,150075,51929,51779,3649,55428,447
2022-05-14,Lake,033,64148,10842,10790,915,11705,137
2022-05-14,Lassen,035,31185,8997,8987,894,9881,65
2022-05-14,Los Angeles,037,10098052,2784579,2768726,130585,2899311,31768
2022-05-14,Madera,039,155013,37698,37520,6242,43762,365
2022-05-14,Marin,041,260295,36073,35486,3359,38845,293
2022-05-14,Mariposa,043,17540,2488,2463,212,2675,30
2022-05-14,Mendocino,045,87422,13426,13349,3303,16652,124
2022-05-14,Merced,047,269075,62864,62627,8963,71590,818
2022-05-14,Modoc,049,8938,748,747,255,1002,8
2022-05-14,Mono,051,14174,3010,3002,150,3152,6
2022-05-14,Monterey,053,433212,81145,80620,14798,95418,735
2022-05-14,Napa,055,140530,26955,26698,1082,27780,143
2022-05-14,Nevada,057,99092,16365,16240,1276,17516,127
2022-05-14,Orange,059,3164182,560966,557134,43836,600970,7017
2022-05-14,Placer,061,380077,64553,63963,7653,71616,626
2022-05-14,Plumas,063,18699,3035,3006,372,3378,13
2022-05-14,Riverside,065,2383286,600733,597914,29026,626940,6471
2022-05-14,Sacramento,067,1510023,288842,286403,28335,314738,3022
2022-05-14,San Benito,069,59416,13191,13106,540,13646,98
2022-05-14,San Bernardino,071,2135413,574370,572057,25477,597534,7423
2022-05-14,San Diego,073,3302833,774533,770323,54440,824763,5271
2022-05-14,San Francisco,075,870044,137570,134916,9252,144168,866
2022-05-14,San Joaquin,077,732212,169268,168174,10540,178714,2236
2022-05-14,San Luis Obispo,079,281455,53805,53502,4130,57632,478
2022-05-14,San Mateo,081,765935,131633,129480,7971,137451,709
2022-05-14,Santa Barbara,083,443738,88393,87773,4965,92738,693
2022-05-14,Santa Clara,085,1922200,333806,328609,13858,342467,2297
2022-05-14,Santa Cruz,087,273765,51198,50268,2307,52575,263
2022-05-14,Shasta,089,179085,30927,30799,6207,37006,557
2022-05-14,Sierra,091,2930,276,275,53,328,4
2022-05-14,Siskiyou,093,43540,4499,4482,2806,7288,81
2022-05-14,Solano,095,438530,84664,83669,5857,89526,451
2022-05-14,Sonoma,097,501317,88366,87070,3264,90334,488
2022-05-14,Stanislaus,099,539301,119104,118586,17759,136345,1645
2022-05-14,Sutter,101,95872,20759,20690,2188,22878,226
2022-05-14,Tehama,103,63373,12136,12115,2658,14773,201
2022-05-14,Trinity,105,12862,1190,1188,297,1485,20
2022-05-14,Tulare,107,460477,107350,107077,29247,136324,1469
2022-05-14,Tuolumne,109,53932,12928,12851,592,13443,182
2022-05-14,Ventura,111,848112,177482,176317,10049,186366,1497
2022-05-14,Yolo,113,214977,38223,37737,3382,41119,316
2022-05-14,Yuba,115,75493,16116,16028,1288,17316,122
2022-05-13,Alameda,001,1643700,272803,268944,15367,284311,1857
2022-05-13,Alpine,003,1148,125,125,1,126,0
2022-05-13,Amador,005,37829,8648,8574,674,9248,86
2022-05-13,Butte,007,227075,33503,33377,6841,40218,424
2022-05-13,Calaveras,009,45235,7403,7378,383,7761,120
2022-05-13,Colusa,011,21464,3465,3463,1083,4546,21
2022-05-13,Contra Costa,013,1133247,198206,195925,14318,210243,1301
2022-05-13,Del Norte,015,27424,6017,5919,217,6136,50
2022-05-13,El Dorado,017,186661,27392,27216,3317,30533,212
2022-05-13,Fresno,019,978130,234093,233305,24440,257745,2757
2022-05-13,Glenn,021,27897,5015,5004,1630,6634,48
2022-05-13,Humboldt,023,135768,17888,17633,3252,20885,146
2022-05-13,Imperial,025,180216,55927,55756,11023,66779,917
2022-05-13,Inyo,027,18085,4125,4114,540,4654,56
2022-05-13,Kern,029,883053,193493,192939,47043,239982,2314
2022-05-13,Kings,031,150075,51909,51779,3649,55428,447
2022-05-13,Lake,033,64148,10842,10790,915,11705,137
2022-05-13,Lassen,035,31185,8996,8987,894,9881,65
2022-05-13,Los Angeles,037,10098052,2783077,2768726,130442,2899168,31768
2022-05-13,Madera,039,155013,37683,37520,6239,43759,365
2022-05-13,Marin,041,260295,35996,35486,3313,38799,293
2022-05-13,Mariposa,043,17540,2488,2463,212,2675,30
2022-05-13,Mendocino,045,87422,13419,13349,3300,16649,124
2022-05-13,Merced,047,269075,62843,62627,8960,71587,818
2022-05-13,Modoc,049,8938,748,747,255,1002,8
2022-05-13,Mono,051,14174,3008,3002,149,3151,6
2022-05-13,Monterey,053,433212,81111,80620,14781,95401,735
2022-05-13,Napa,055,140530,26939,26698,1081,27779,143
2022-05-13,Nevada,057,99092,16360,16240,1275,17515,127
2022-05-13,Orange,059,3164182,560577,557134,43761,600895,7017
2022-05-13,Placer,061,380077,64499,63963,7650,71613,626
2022-05-13,Plumas,063,18699,3028,3006,372,3378,13
2022-05-13,Riverside,065,2383286,600464,597914,29001,626915,6471
2022-05-13,Sacramento,067,1510023,288563,286403,28323,314726,3022
2022-05-13,San Benito,069,59416,13187,13106,540,13646,98
2022-05-13,San Bernardino,071,2135413,574227,572057,25469,597526,7423
2022-05-13,San Diego,073,3302833,773965,770323,54394,824717,5271
2022-05-13,San Francisco,075,870044,137280,134916,9231,144147,866
2022-05-13,San Joaquin,077,732212,169203,168174,10530,178704,2236
2022-05-13,San Luis Obispo,079,281455,53771,53502,4128,57630,478
2022-05-13,San Mateo,081,765935,131413,129480,7955,137435,709
2022-05-13,Santa Barbara,083,443738,88333,87773,4962,92735,693
2022-05-13,Santa Clara,085,1922200,333169,328609,13836,342445,2297
2022-05-13,Santa Cruz,087,273765,51120,50268,2298,52566,263
2022-05-13,Shasta,089,179085,30926,30799,6207,37006,557
2022-05-13,Sierra,091,2930,275,275,50,325,4
2022-05-13,Siskiyou,093,43540,4498,4482,2805,7287,81
2022-05-13,Solano,095,438530,84560,83669,5849,89518,451
2022-05-13,Sonoma,097,501317,88233,87070,3256,90326,488
2022-05-13,Stanislaus,099,539301,119036,118586,17753,136339,1645
2022-05-13,Sutter,101,95872,20748,20690,2186,22876,226
2022-05-13,Tehama,103,63373,12134,12115,2658,14773,201
2022-05-13,Trinity,105,12862,1188,1188,297,1485,20
2022-05-13,Tulare,107,460477,107325,107077,29218,136295,1469
2022-05-13,Tuolumne,109,53932,12922,12851,592,13443,182
2022-05-13,Ventura,111,848112,177362,176317,10039,186356,1497
2022-05-13,Yolo,113,214977,38182,37737,3381,41118,316
2022-05-13,Yuba,115,75493,16103,16028,1285,17313,122
2022-05-12,Alameda,001,1643700,272115,268944,15312,284256,1857
2022-05-12,Alpine,003,1148,125,125,1,126,0
2022-05-12,Amador,005,37829,8642,8574,674,9248,86
2022-05-12,Butte,007,227075,33479,33377,6829,40206,424
2022-05-12,Calaveras,009,45235,7397,7378,383,7761,120
2022-05-12,Colusa,011,21464,3465,3463,1083,4546,21
2022-05-12,Contra Costa,013,1133247,197732,195925,14261,210186,1301
2022-05-12,Del Norte,015,27424,6003,5919,215,6134,50
2022-05-12,El Dorado,017,186661,27362,27216,3309,30525,212
2022-05-12,Fresno,019,978130,233966,233305,24428,257733,2757
2022-05-12,Glenn,021,27897,5011,5004,1630,6634,48
2022-05-12,Humboldt,023,135768,17853,17633,3239,20872,146
2022-05-12,Imperial,025,180216,55907,55756,11014,66770,917
2022-05-12,Inyo,027,18085,4121,4114,535,4649,56
2022-05-12,Kern,029,883053,193438,192939,46997,239936,2314
2022-05-12,Kings,031,150075,51890,51779,3647,55426,447
2022-05-12,Lake,033,64148,10828,10790,912,11702,137
2022-05-12,Lassen,035,31185,8995,8987,893,9880,65
2022-05-12,Los Angeles,037,10098052,2780209,2768726,130233,2898959,31768
2022-05-12,Madera,039,155013,37660,37520,6231,43751,365
2022-05-12,Marin,041,260295,35921,35486,3295,38781,293
2022-05-12,Mariposa,043,17540,2483,2463,212,2675,30
2022-05-12,Mendocino,045,87422,13403,13349,3289,16638,124
2022-05-12,Merced,047,269075,62818,62627,8946,71573,818
2022-05-12,Modoc,049,8938,748,747,255,1002,8
2022-05-12,Mono,051,14174,3007,3002,149,3151,6
2022-05-12,Monterey,053,433212,81067,80620,14748,95368,735
2022-05-12,Napa,055,140530,26902,26698,1080,27778,143
2022-05-12,Nevada,057,99092,16342,16240,1274,17514,127
2022-05-12,Orange,059,3164182,559961,557134,43657,600791,7017
2022-05-12,Placer,061,380077,64411,63963,7645,71608,626
2022-05-12,Plumas,063,18699,3024,3006,372,3378,13
2022-05-12,Riverside,065,2383286,600084,597914,28969,626883,6471
2022-05-12,Sacramento,067,1510023,288164,286403,28250,314653,3022
2022-05-12,San Benito,069,59416,13171,13106,538,13644,98
2022-05-12,San Bernardino,071,2135413,573939,572057,25451,597508,7423
2022-05-12,San Diego,073,3302833,773107,770323,54338,824661,5271
2022-05-12,San Francisco,075,870044,136958,134916,9188,144104,866
2022-05-12,San Joaquin,077,732212,169057,168174,10500,178674,2236
2022-05-12,San Luis Obispo,079,281455,53715,53502,4098,57600,478
2022-05-12,San Mateo,081,765935,131068,129480,7904,137384,709
2022-05-12,Santa Barbara,083,443738,88243,87773,4956,92729,693
2022-05-12,Santa Clara,085,1922200,332325,328609,13744,342353,2297
2022-05-12,Santa Cruz,087,273765,50982,50268,2295,52563,263
2022-05-12,Shasta,089,179085,30917,30799,6205,37004,557
2022-05-12,Sierra,091,2930,275,275,50,325,4
2022-05-12,Siskiyou,093,43540,4496,4482,2804,7286,81
2022-05-12,Solano,095,438530,84372,83669,5836,89505,451
2022-05-12,Sonoma,097,501317,88050,87070,3233,90303,488
2022-05-12,Stanislaus,099,539301,118948,118586,17728,136314,1645
2022-05-12,Sutter,101,95872,20735,20690,2185,22875,226
2022-05-12,Tehama,103,63373,12130,12115,2653,14768,201
2022-05-12,Trinity,105,12862,1188,1188,296,1484,20
2022-05-12,Tulare,107,460477,107290,107077,29164,136241,1469
2022-05-12,Tuolumne,109,53932,12903,12851,592,13443,182
2022-05-12,Ventura,111,848112,177169,176317,10007,186324,1497
2022-05-12,Yolo,113,214977,38116,37737,3375,41112,316
2022-05-12,Yuba,115,75493,16089,16028,1281,17309,122
2022-05-11,Alameda,001,1643700,271425,267982,15264,283246,1853
2022-05-11,Alpine,003,1148,125,125,1,126,0
2022-05-11,Amador,005,37829,8634,8564,674,9238,86
2022-05-11,Butte,007,227075,33445,33339,6826,40165,423
2022-05-11,Calaveras,009,45235,7391,7368,379,7747,120
2022-05-11,Colusa,011,21464,3464,3462,1083,4545,21
2022-05-11,Contra Costa,013,1133247,197271,195153,14218,209371,1302
2022-05-11,Del Norte,015,27424,5992,5911,215,6126,50
2022-05-11,El Dorado,017,186661,27333,27172,3306,30478,212
2022-05-11,Fresno,019,978130,233817,233021,24409,257430,2754
2022-05-11,Glenn,021,27897,5011,5001,1629,6630,48
2022-05-11,Humboldt,023,135768,17813,17585,3224,20809,146
2022-05-11,Imperial,025,180216,55886,55751,11006,66757,917
2022-05-11,Inyo,027,18085,4120,4093,534,4627,56
2022-05-11,Kern,029,883053,193363,192795,46956,239751,2292
2022-05-11,Kings,031,150075,51865,51752,3644,55396,447
2022-05-11,Lake,033,64148,10818,10786,911,11697,137
2022-05-11,Lassen,035,31185,8994,8984,892,9876,65
2022-05-11,Los Angeles,037,10098052,2777108,2761410,130013,2891423,31747
2022-05-11,Madera,039,155013,37631,37496,6221,43717,365
2022-05-11,Marin,041,260295,35832,35336,3255,38591,292
2022-05-11,Mariposa,043,17540,2477,2461,212,2673,30
2022-05-11,Mendocino,045,87422,13392,13320,3274,16594,124
2022-05-11,Merced,047,269075,62781,62567,8927,71494,818
2022-05-11,Modoc,049,8938,747,747,255,1002,8
2022-05-11,Mono,051,14174,3007,2999,148,3147,6
2022-05-11,Monterey,053,433212,81013,80534,14705,95239,733
2022-05-11,Napa,055,140530,26855,26660,1078,27738,143
2022-05-11,Nevada,057,99092,16329,16230,1271,17501,127
2022-05-11,Orange,059,3164182,559298,556265,43574,599839,7009
2022-05-11,Placer,061,380077,64326,63823,7640,71463,625
2022-05-11,Plumas,063,18699,3019,2998,372,3370,13
2022-05-11,Riverside,065,2383286,599701,597302,28930,626232,6468
2022-05-11,Sacramento,067,1510023,287768,285799,28200,313999,3020
2022-05-11,San Benito,069,59416,13150,13088,538,13626,98
2022-05-11,San Bernardino,071,2135413,573624,571372,25444,596816,7354
2022-05-11,San Diego,073,3302833,772166,768135,54258,822393,5257
2022-05-11,San Francisco,075,870044,136508,134027,9155,143182,864
2022-05-11,San Joaquin,077,732212,168895,167949,10447,178396,2233
2022-05-11,San Luis Obispo,079,281455,53670,53420,4081,57501,478
2022-05-11,San Mateo,081,765935,130708,128821,7872,136693,711
2022-05-11,Santa Barbara,083,443738,88133,87593,4945,92538,693
2022-05-11,Santa Clara,085,1922200,331425,327177,13692,340869,2294
2022-05-11,Santa Cruz,087,273765,50835,50031,2284,52315,263
2022-05-11,Shasta,089,179085,30887,30768,6201,36969,564
2022-05-11,Sierra,091,2930,275,275,50,325,4
2022-05-11,Siskiyou,093,43540,4494,4478,2804,7282,81
2022-05-11,Solano,095,438530,84198,83464,5822,89286,450
2022-05-11,Sonoma,097,501317,87861,86798,3220,90018,488
2022-05-11,Stanislaus,099,539301,118862,118445,17708,136153,1644
2022-05-11,Sutter,101,95872,20721,20668,2184,22852,225
2022-05-11,Tehama,103,63373,12130,12106,2652,14758,201
2022-05-11,Trinity,105,12862,1188,1188,296,1484,20
2022-05-11,Tulare,107,460477,107239,107068,29137,136205,1468
2022-05-11,Tuolumne,109,53932,12891,12829,591,13420,181
2022-05-11,Ventura,111,848112,176984,175955,9980,185935,1491
2022-05-11,Yolo,113,214977,38044,37654,3372,41026,316
2022-05-11,Yuba,115,75493,16070,15997,1272,17269,122
2022-05-10,Alameda,001,1643700,270715,267982,15214,283196,1853
2022-05-10,Alpine,003,1148,125,125,1,126,0
2022-05-10,Amador,005,37829,8633,8564,673,9237,86
2022-05-10,Butte,007,227075,33421,33339,6823,40162,423
2022-05-10,Calaveras,009,45235,7388,7368,377,7745,120
2022-05-10,Colusa,011,21464,3464,3462,1082,4544,21
2022-05-10,Contra Costa,013,1133247,196845,195153,14187,209340,1302
2022-05-10,Del Norte,015,27424,5939,5911,214,6125,50
2022-05-10,El Dorado,017,186661,27301,27172,3303,30475,212
2022-05-10,Fresno,019,978130,233681,233021,24384,257405,2754
2022-05-10,Glenn,021,27897,5009,5001,1629,6630,48
2022-05-10,Humboldt,023,135768,17783,17585,3217,20802,146
2022-05-10,Imperial,025,180216,55856,55751,10991,66742,917
2022-05-10,Inyo,027,18085,4118,4093,527,4620,56
2022-05-10,Kern,029,883053,193267,192795,46920,239715,2292
2022-05-10,Kings,031,150075,51833,51752,3644,55396,447
2022-05-10,Lake,033,64148,10813,10786,911,11697,137
2022-05-10,Lassen,035,31185,8989,8984,892,9876,65
2022-05-10,Los Angeles,037,10098052,2773955,2761410,129813,2891223,31747
2022-05-10,Madera,039,155013,37603,37496,6215,43711,365
2022-05-10,Marin,041,260295,35728,35336,3213,38549,292
2022-05-10,Mariposa,043,17540,2477,2461,212,2673,30
2022-05-10,Mendocino,045,87422,13386,13320,3262,16582,124
2022-05-10,Merced,047,269075,62738,62567,8908,71475,818
2022-05-10,Modoc,049,8938,747,747,255,1002,8
2022-05-10,Mono,051,14174,3004,2999,145,3144,6
2022-05-10,Monterey,053,433212,80952,80534,14672,95206,733
2022-05-10,Napa,055,140530,26825,26660,1076,27736,143
2022-05-10,Nevada,057,99092,16313,16230,1269,17499,127
2022-05-10,Orange,059,3164182,558589,556265,43481,599746,7009
2022-05-10,Placer,061,380077,64215,63823,7630,71453,625
2022-05-10,Plumas,063,18699,3011,2998,372,3370,13
2022-05-10,Riverside,065,2383286,599322,597302,28895,626197,6468
2022-05-10,Sacramento,067,1510023,287298,285799,28127,313926,3020
2022-05-10,San Benito,069,59416,13132,13088,533,13621,98
2022-05-10,San Bernardino,071,2135413,573318,571372,25421,596793,7354
2022-05-10,San Diego,073,3302833,771180,768135,54145,822280,5257
2022-05-10,San Francisco,075,870044,135994,134027,9126,143153,864
2022-05-10,San Joaquin,077,732212,168766,167949,10371,178320,2233
2022-05-10,San Luis Obispo,079,281455,53595,53420,4057,57477,478
2022-05-10,San Mateo,081,765935,130346,128821,7833,136654,711
2022-05-10,Santa Barbara,083,443738,88031,87593,4930,92523,693
2022-05-10,Santa Clara,085,1922200,330462,327177,13609,340786,2294
2022-05-10,Santa Cruz,087,273765,50712,50031,2276,52307,263
2022-05-10,Shasta,089,179085,30867,30768,6200,36968,564
2022-05-10,Sierra,091,2930,275,275,49,324,4
2022-05-10,Siskiyou,093,43540,4490,4478,2804,7282,81
2022-05-10,Solano,095,438530,84032,83464,5803,89267,450
2022-05-10,Sonoma,097,501317,87639,86798,3182,89980,488
2022-05-10,Stanislaus,099,539301,118774,118445,17694,136139,1644
2022-05-10,Sutter,101,95872,20705,20668,2181,22849,225
2022-05-10,Tehama,103,63373,12126,12106,2647,14753,201
2022-05-10,Trinity,105,12862,1188,1188,296,1484,20
2022-05-10,Tulare,107,460477,107206,107068,29106,136174,1468
2022-05-10,Tuolumne,109,53932,12879,12829,591,13420,181
2022-05-10,Ventura,111,848112,176790,175955,9953,185908,1491
2022-05-10,Yolo,113,214977,37979,37654,3363,41017,316
2022-05-10,Yuba,115,75493,16051,15997,1269,17266,122
2022-05-09,Alameda,001,1643700,270024,267982,15175,283157,1853
2022-05-09,Alpine,003,1148,125,125,1,126,0
2022-05-09,Amador,005,37829,8626,8564,673,9237,86
2022-05-09,Butte,007,227075,33394,33339,6816,40155,423
2022-05-09,Calaveras,009,45235,7383,7368,377,7745,120
2022-05-09,Colusa,011,21464,3463,3462,1079,4541,21
2022-05-09,Contra Costa,013,1133247,196406,195153,14131,209284,1302
2022-05-09,Del Norte,015,27424,5932,5911,213,6124,50
2022-05-09,El Dorado,017,186661,27269,27172,3296,30468,212
2022-05-09,Fresno,019,978130,233539,233021,24364,257385,2754
2022-05-09,Glenn,021,27897,5007,5001,1627,6628,48
2022-05-09,Humboldt,023,135768,17734,17585,3200,20785,146
2022-05-09,Imperial,025,180216,55823,55751,10979,66730,917
2022-05-09,Inyo,027,18085,4115,4093,524,4617,56
2022-05-09,Kern,029,883053,193171,192795,46871,239666,2292
2022-05-09,Kings,031,150075,51803,51752,3643,55395,447
2022-05-09,Lake,033,64148,10806,10786,910,11696,137
2022-05-09,Lassen,035,31185,8987,8984,892,9876,65
2022-05-09,Los Angeles,037,10098052,2770880,2761410,129603,2891013,31747
2022-05-09,Madera,039,155013,37577,37496,6205,43701,365
2022-05-09,Marin,041,260295,35620,35336,3175,38511,292
2022-05-09,Mariposa,043,17540,2474,2461,212,2673,30
2022-05-09,Mendocino,045,87422,13374,13320,3253,16573,124
2022-05-09,Merced,047,269075,62699,62567,8896,71463,818
2022-05-09,Modoc,049,8938,747,747,255,1002,8
2022-05-09,Mono,051,14174,3003,2999,141,3140,6
2022-05-09,Monterey,053,433212,80863,80534,14634,95168,733
2022-05-09,Napa,055,140530,26782,26660,1075,27735,143
2022-05-09,Nevada,057,99092,16288,16230,1264,17494,127
2022-05-09,Orange,059,3164182,557958,556265,43397,599662,7009
2022-05-09,Placer,061,380077,64162,63823,7620,71443,625
2022-05-09,Plumas,063,18699,3002,2998,372,3370,13
2022-05-09,Riverside,065,2383286,598877,597302,28859,626161,6468
2022-05-09,Sacramento,067,1510023,286907,285799,28039,313838,3020
2022-05-09,San Benito,069,59416,13114,13088,533,13621,98
2022-05-09,San Bernardino,071,2135413,573022,571372,25405,596777,7354
2022-05-09,San Diego,073,3302833,770237,768135,54031,822166,5257
2022-05-09,San Francisco,075,870044,135466,134027,9101,143128,864
2022-05-09,San Joaquin,077,732212,168598,167949,10348,178297,2233
2022-05-09,San Luis Obispo,079,281455,53544,53420,4039,57459,478
2022-05-09,San Mateo,081,765935,129942,128821,7802,136623,711
2022-05-09,Santa Barbara,083,443738,87911,87593,4920,92513,693
2022-05-09,Santa Clara,085,1922200,329352,327177,13546,340723,2294
2022-05-09,Santa Cruz,087,273765,50579,50031,2271,52302,263
2022-05-09,Shasta,089,179085,30854,30768,6198,36966,564
2022-05-09,Sierra,091,2930,275,275,49,324,4
2022-05-09,Siskiyou,093,43540,4488,4478,2803,7281,81
2022-05-09,Solano,095,438530,83886,83464,5788,89252,450
2022-05-09,Sonoma,097,501317,87396,86798,3158,89956,488
2022-05-09,Stanislaus,099,539301,118682,118445,17680,136125,1644
2022-05-09,Sutter,101,95872,20692,20668,2180,22848,225
2022-05-09,Tehama,103,63373,12124,12106,2645,14751,201
2022-05-09,Trinity,105,12862,1188,1188,296,1484,20
2022-05-09,Tulare,107,460477,107165,107068,29067,136135,1468
2022-05-09,Tuolumne,109,53932,12871,12829,591,13420,181
2022-05-09,Ventura,111,848112,176583,175955,9919,185874,1491
2022-05-09,Yolo,113,214977,37905,37654,3356,41010,316
2022-05-09,Yuba,115,75493,16044,15997,1267,17264,122
2022-05-08,Alameda,001,1643700,269198,265198,15109,280307,1855
2022-05-08,Alpine,003,1148,125,125,1,126,0
2022-05-08,Amador,005,37829,8614,8556,672,9228,86
2022-05-08,Butte,007,227075,33371,33269,6806,40075,421
2022-05-08,Calaveras,009,45235,7380,7353,376,7729,120
2022-05-08,Colusa,011,21464,3462,3459,1078,4537,21
2022-05-08,Contra Costa,013,1133247,195935,193961,14072,208033,1302
2022-05-08,Del Norte,015,27424,5917,5884,213,6097,50
2022-05-08,El Dorado,017,186661,27234,27081,3292,30373,210
2022-05-08,Fresno,019,978130,233379,232655,24346,257001,2754
2022-05-08,Glenn,021,27897,5005,4996,1627,6623,48
2022-05-08,Humboldt,023,135768,17686,17410,3173,20583,146
2022-05-08,Imperial,025,180216,55793,55683,10967,66650,917
2022-05-08,Inyo,027,18085,4108,4087,523,4610,56
2022-05-08,Kern,029,883053,193080,192590,46826,239416,2287
2022-05-08,Kings,031,150075,51788,51702,3643,55345,447
2022-05-08,Lake,033,64148,10800,10766,910,11676,137
2022-05-08,Lassen,035,31185,8983,8978,892,9870,65
2022-05-08,Los Angeles,037,10098052,2767626,2751478,129348,2880826,31738
2022-05-08,Madera,039,155013,37556,37420,6189,43609,365
2022-05-08,Marin,041,260295,35502,34934,3127,38061,292
2022-05-08,Mariposa,043,17540,2467,2438,212,2650,30
2022-05-08,Mendocino,045,87422,13358,13270,3226,16496,124
2022-05-08,Merced,047,269075,62654,62471,8870,71341,818
2022-05-08,Modoc,049,8938,747,745,255,1000,8
2022-05-08,Mono,051,14174,3002,2997,138,3135,6
2022-05-08,Monterey,053,433212,80778,80246,14558,94804,733
2022-05-08,Napa,055,140530,26744,26524,1072,27596,143
2022-05-08,Nevada,057,99092,16267,16171,1262,17433,127
2022-05-08,Orange,059,3164182,557305,554411,43287,597698,7007
2022-05-08,Placer,061,380077,64046,63577,7593,71170,625
2022-05-08,Plumas,063,18699,2999,2996,372,3368,13
2022-05-08,Riverside,065,2383286,598427,596022,28820,624842,6467
2022-05-08,Sacramento,067,1510023,286421,284564,27958,312522,3016
2022-05-08,San Benito,069,59416,13100,13047,530,13577,98
2022-05-08,San Bernardino,071,2135413,572617,570381,25372,595753,7306
2022-05-08,San Diego,073,3302833,769239,765377,53936,819313,5244
2022-05-08,San Francisco,075,870044,134832,132659,9068,141727,861
2022-05-08,San Joaquin,077,732212,168421,167568,10289,177857,2229
2022-05-08,San Luis Obispo,079,281455,53476,53273,4017,57290,477
2022-05-08,San Mateo,081,765935,129495,127615,7757,135372,709
2022-05-08,Santa Barbara,083,443738,87783,87305,4911,92216,692
2022-05-08,Santa Clara,085,1922200,328304,324946,13474,338420,2287
2022-05-08,Santa Cruz,087,273765,50405,49605,2267,51872,262
2022-05-08,Shasta,089,179085,30827,30721,6194,36915,563
2022-05-08,Sierra,091,2930,275,275,49,324,4
2022-05-08,Siskiyou,093,43540,4485,4470,2797,7267,81
2022-05-08,Solano,095,438530,83714,83038,5764,88802,450
2022-05-08,Sonoma,097,501317,87176,86150,3126,89276,488
2022-05-08,Stanislaus,099,539301,118579,118235,17657,135892,1643
2022-05-08,Sutter,101,95872,20671,20694,2176,22870,225
2022-05-08,Tehama,103,63373,12118,12098,2643,14741,201
2022-05-08,Trinity,105,12862,1187,1180,296,1476,20
2022-05-08,Tulare,107,460477,107130,106987,29029,136016,1468
2022-05-08,Tuolumne,109,53932,12857,12793,589,13382,181
2022-05-08,Ventura,111,848112,176359,175454,9870,185324,1491
2022-05-08,Yolo,113,214977,37842,37456,3342,40798,315
2022-05-08,Yuba,115,75493,16022,15964,1263,17227,122
2022-05-07,Alameda,001,1643700,268855,265198,15096,280294,1855
2022-05-07,Alpine,003,1148,125,125,1,126,0
2022-05-07,Amador,005,37829,8612,8556,672,9228,86
2022-05-07,Butte,007,227075,33363,33269,6800,40069,421
2022-05-07,Calaveras,009,45235,7374,7353,376,7729,120
2022-05-07,Colusa,011,21464,3462,3459,1078,4537,21
2022-05-07,Contra Costa,013,1133247,195712,193961,14061,208022,1302
2022-05-07,Del Norte,015,27424,5915,5884,213,6097,50
2022-05-07,El Dorado,017,186661,27219,27081,3291,30372,210
2022-05-07,Fresno,019,978130,233325,232655,24341,256996,2754
2022-05-07,Glenn,021,27897,5004,4996,1627,6623,48
2022-05-07,Humboldt,023,135768,17659,17410,3168,20578,146
2022-05-07,Imperial,025,180216,55770,55683,10959,66642,917
2022-05-07,Inyo,027,18085,4105,4087,523,4610,56
2022-05-07,Kern,029,883053,193048,192590,46806,239396,2287
2022-05-07,Kings,031,150075,51777,51702,3643,55345,447
2022-05-07,Lake,033,64148,10796,10766,910,11676,137
2022-05-07,Lassen,035,31185,8983,8978,892,9870,65
2022-05-07,Los Angeles,037,10098052,2766284,2751478,129198,2880676,31738
2022-05-07,Madera,039,155013,37551,37420,6189,43609,365
2022-05-07,Marin,041,260295,35433,34934,3095,38029,292
2022-05-07,Mariposa,043,17540,2464,2438,212,2650,30
2022-05-07,Mendocino,045,87422,13351,13270,3222,16492,124
2022-05-07,Merced,047,269075,62643,62471,8869,71340,818
2022-05-07,Modoc,049,8938,747,745,255,1000,8
2022-05-07,Mono,051,14174,3002,2997,138,3135,6
2022-05-07,Monterey,053,433212,80724,80246,14536,94782,733
2022-05-07,Napa,055,140530,26713,26524,1071,27595,143
2022-05-07,Nevada,057,99092,16257,16171,1257,17428,127
2022-05-07,Orange,059,3164182,556993,554411,43231,597642,7007
2022-05-07,Placer,061,380077,63984,63577,7590,71167,625
2022-05-07,Plumas,063,18699,2999,2996,372,3368,13
2022-05-07,Riverside,065,2383286,598196,596022,28789,624811,6467
2022-05-07,Sacramento,067,1510023,286241,284564,27944,312508,3016
2022-05-07,San Benito,069,59416,13091,13047,530,13577,98
2022-05-07,San Bernardino,071,2135413,572422,570381,25368,595749,7306
2022-05-07,San Diego,073,3302833,768776,765377,53912,819289,5244
2022-05-07,San Francisco,075,870044,134511,132659,9047,141706,861
2022-05-07,San Joaquin,077,732212,168321,167568,10281,177849,2229
2022-05-07,San Luis Obispo,079,281455,53462,53273,4007,57280,477
2022-05-07,San Mateo,081,765935,129223,127615,7744,135359,709
2022-05-07,Santa Barbara,083,443738,87707,87305,4909,92214,692
2022-05-07,Santa Clara,085,1922200,327708,324946,13454,338400,2287
2022-05-07,Santa Cruz,087,273765,50355,49605,2256,51861,262
2022-05-07,Shasta,089,179085,30818,30721,6194,36915,563
2022-05-07,Sierra,091,2930,275,275,49,324,4
2022-05-07,Siskiyou,093,43540,4483,4470,2796,7266,81
2022-05-07,Solano,095,438530,83658,83038,5758,88796,450
2022-05-07,Sonoma,097,501317,87064,86150,3116,89266,488
2022-05-07,Stanislaus,099,539301,118530,118235,17651,135886,1643
2022-05-07,Sutter,101,95872,20662,20694,2176,22870,225
2022-05-07,Tehama,103,63373,12117,12098,2642,14740,201
2022-05-07,Trinity,105,12862,1187,1180,296,1476,20
2022-05-07,Tulare,107,460477,107108,106987,29015,136002,1468
2022-05-07,Tuolumne,109,53932,12852,12793,589,13382,181
2022-05-07,Ventura,111,848112,176260,175454,9845,185299,1491
2022-05-07,Yolo,113,214977,37806,37456,3341,40797,315
2022-05-07,Yuba,115,75493,16013,15964,1261,17225,122
2022-05-06,Alameda,001,1643700,268497,265198,15081,280279,1855
2022-05-06,Alpine,003,1148,125,125,1,126,0
2022-05-06,Amador,005,37829,8612,8556,671,9227,86
2022-05-06,Butte,007,227075,33355,33269,6798,40067,421
2022-05-06,Calaveras,009,45235,7372,7353,376,7729,120
2022-05-06,Colusa,011,21464,3462,3459,1078,4537,21
2022-05-06,Contra Costa,013,1133247,195499,193961,14050,208011,1302
2022-05-06,Del Norte,015,27424,5906,5884,213,6097,50
2022-05-06,El Dorado,017,186661,27197,27081,3288,30369,210
2022-05-06,Fresno,019,978130,233252,232655,24333,256988,2754
2022-05-06,Glenn,021,27897,5004,4996,1627,6623,48
2022-05-06,Humboldt,023,135768,17632,17410,3166,20576,146
2022-05-06,Imperial,025,180216,55761,55683,10954,66637,917
2022-05-06,Inyo,027,18085,4096,4087,520,4607,56
2022-05-06,Kern,029,883053,193000,192590,46784,239374,2287
2022-05-06,Kings,031,150075,51769,51702,3643,55345,447
2022-05-06,Lake,033,64148,10794,10766,910,11676,137
2022-05-06,Lassen,035,31185,8983,8978,892,9870,65
2022-05-06,Los Angeles,037,10098052,2764623,2751478,129069,2880547,31738
2022-05-06,Madera,039,155013,37538,37420,6186,43606,365
2022-05-06,Marin,041,260295,35358,34934,3046,37980,292
2022-05-06,Mariposa,043,17540,2462,2438,212,2650,30
2022-05-06,Mendocino,045,87422,13339,13270,3220,16490,124
2022-05-06,Merced,047,269075,62624,62471,8868,71339,818
2022-05-06,Modoc,049,8938,747,745,255,1000,8
2022-05-06,Mono,051,14174,3001,2997,138,3135,6
2022-05-06,Monterey,053,433212,80683,80246,14508,94754,733
2022-05-06,Napa,055,140530,26697,26524,1071,27595,143
2022-05-06,Nevada,057,99092,16246,16171,1254,17425,127
2022-05-06,Orange,059,3164182,556660,554411,43162,597573,7007
2022-05-06,Placer,061,380077,63927,63577,7578,71155,625
2022-05-06,Plumas,063,18699,2999,2996,372,3368,13
2022-05-06,Riverside,065,2383286,597974,596022,28766,624788,6467
2022-05-06,Sacramento,067,1510023,285993,284564,27924,312488,3016
2022-05-06,San Benito,069,59416,13087,13047,530,13577,98
2022-05-06,San Bernardino,071,2135413,572246,570381,25363,595744,7306
2022-05-06,San Diego,073,3302833,768274,765377,53887,819264,5244
2022-05-06,San Francisco,075,870044,134193,132659,9020,141679,861
2022-05-06,San Joaquin,077,732212,168233,167568,10272,177840,2229
2022-05-06,San Luis Obispo,079,281455,53437,53273,4003,57276,477
2022-05-06,San Mateo,081,765935,129004,127615,7736,135351,709
2022-05-06,Santa Barbara,083,443738,87653,87305,4907,92212,692
2022-05-06,Santa Clara,085,1922200,327116,324946,13439,338385,2287
2022-05-06,Santa Cruz,087,273765,50292,49605,2253,51858,262
2022-05-06,Shasta,089,179085,30812,30721,6193,36914,563
2022-05-06,Sierra,091,2930,275,275,49,324,4
2022-05-06,Siskiyou,093,43540,4481,4470,2794,7264,81
2022-05-06,Solano,095,438530,83582,83038,5749,88787,450
2022-05-06,Sonoma,097,501317,86948,86150,3103,89253,488
2022-05-06,Stanislaus,099,539301,118476,118235,17645,135880,1643
2022-05-06,Sutter,101,95872,20656,20694,2176,22870,225
2022-05-06,Tehama,103,63373,12112,12098,2642,14740,201
2022-05-06,Trinity,105,12862,1186,1180,296,1476,20
2022-05-06,Tulare,107,460477,107091,106987,29005,135992,1468
2022-05-06,Tuolumne,109,53932,12844,12793,588,13381,181
2022-05-06,Ventura,111,848112,176145,175454,9819,185273,1491
2022-05-06,Yolo,113,214977,37769,37456,3338,40794,315
2022-05-06,Yuba,115,75493,16002,15964,1260,17224,122
2022-05-05,Alameda,001,1643700,267926,265198,15039,280237,1855
2022-05-05,Alpine,003,1148,125,125,1,126,0
2022-05-05,Amador,005,37829,8610,8556,670,9226,86
2022-05-05,Butte,007,227075,33337,33269,6793,40062,421
2022-05-05,Calaveras,009,45235,7369,7353,373,7726,120
2022-05-05,Colusa,011,21464,3462,3459,1075,4534,21
2022-05-05,Contra Costa,013,1133247,195130,193961,14011,207972,1302
2022-05-05,Del Norte,015,27424,5905,5884,213,6097,50
2022-05-05,El Dorado,017,186661,27174,27081,3283,30364,210
2022-05-05,Fresno,019,978130,233155,232655,24316,256971,2754
2022-05-05,Glenn,021,27897,5004,4996,1626,6622,48
2022-05-05,Humboldt,023,135768,17596,17410,3154,20564,146
2022-05-05,Imperial,025,180216,55753,55683,10943,66626,917
2022-05-05,Inyo,027,18085,4092,4087,519,4606,56
2022-05-05,Kern,029,883053,192947,192590,46748,239338,2287
2022-05-05,Kings,031,150075,51760,51702,3643,55345,447
2022-05-05,Lake,033,64148,10790,10766,910,11676,137
2022-05-05,Lassen,035,31185,8983,8978,892,9870,65
2022-05-05,Los Angeles,037,10098052,2762167,2751478,128867,2880345,31738
2022-05-05,Madera,039,155013,37521,37420,6181,43601,365
2022-05-05,Marin,041,260295,35248,34934,3023,37957,292
2022-05-05,Mariposa,043,17540,2461,2438,212,2650,30
2022-05-05,Mendocino,045,87422,13328,13270,3211,16481,124
2022-05-05,Merced,047,269075,62591,62471,8863,71334,818
2022-05-05,Modoc,049,8938,747,745,253,998,8
2022-05-05,Mono,051,14174,3001,2997,136,3133,6
2022-05-05,Monterey,053,433212,80629,80246,14480,94726,733
2022-05-05,Napa,055,140530,26667,26524,1070,27594,143
2022-05-05,Nevada,057,99092,16235,16171,1251,17422,127
2022-05-05,Orange,059,3164182,556161,554411,43100,597511,7007
2022-05-05,Placer,061,380077,63870,63577,7572,71149,625
2022-05-05,Plumas,063,18699,2997,2996,372,3368,13
2022-05-05,Riverside,065,2383286,597652,596022,28739,624761,6467
2022-05-05,Sacramento,067,1510023,285668,284564,27865,312429,3016
2022-05-05,San Benito,069,59416,13076,13047,530,13577,98
2022-05-05,San Bernardino,071,2135413,571959,570381,25348,595729,7306
2022-05-05,San Diego,073,3302833,767555,765377,53827,819204,5244
2022-05-05,San Francisco,075,870044,133796,132659,8986,141645,861
2022-05-05,San Joaquin,077,732212,168142,167568,10242,177810,2229
2022-05-05,San Luis Obispo,079,281455,53399,53273,3987,57260,477
2022-05-05,San Mateo,081,765935,128673,127615,7706,135321,709
2022-05-05,Santa Barbara,083,443738,87579,87305,4902,92207,692
2022-05-05,Santa Clara,085,1922200,326326,324946,13378,338324,2287
2022-05-05,Santa Cruz,087,273765,50195,49605,2249,51854,262
2022-05-05,Shasta,089,179085,30802,30721,6192,36913,563
2022-05-05,Sierra,091,2930,275,275,49,324,4
2022-05-05,Siskiyou,093,43540,4480,4470,2794,7264,81
2022-05-05,Solano,095,438530,83473,83038,5731,88769,450
2022-05-05,Sonoma,097,501317,86772,86150,3084,89234,488
2022-05-05,Stanislaus,099,539301,118419,118235,17630,135865,1643
2022-05-05,Sutter,101,95872,20654,20694,2175,22869,225
2022-05-05,Tehama,103,63373,12108,12098,2640,14738,201
2022-05-05,Trinity,105,12862,1186,1180,296,1476,20
2022-05-05,Tulare,107,460477,107060,106987,28986,135973,1468
2022-05-05,Tuolumne,109,53932,12826,12793,586,13379,181
2022-05-05,Ventura,111,848112,175969,175454,9777,185231,1491
2022-05-05,Yolo,113,214977,37705,37456,3327,40783,315
2022-05-05,Yuba,115,75493,15992,15964,1257,17221,122
2022-05-04,Alameda,001,1643700,267271,263736,15000,278736,1850
2022-05-04,Alpine,003,1148,125,124,1,125,0
2022-05-04,Amador,005,37829,8607,8546,669,9215,86
2022-05-04,Butte,007,227075,33319,33220,6786,40006,417
2022-05-04,Calaveras,009,45235,7364,7344,373,7717,120
2022-05-04,Colusa,011,21464,3461,3460,1075,4535,21
2022-05-04,Contra Costa,013,1133247,194782,193175,13961,207136,1302
2022-05-04,Del Norte,015,27424,5897,5866,213,6079,50
2022-05-04,El Dorado,017,186661,27150,27021,3276,30297,210
2022-05-04,Fresno,019,978130,233041,232332,24307,256639,2751
2022-05-04,Glenn,021,27897,5002,4995,1626,6621,48
2022-05-04,Humboldt,023,135768,17556,17316,3143,20459,146
2022-05-04,Imperial,025,180216,55731,55548,10932,66480,910
2022-05-04,Inyo,027,18085,4092,4085,516,4601,56
2022-05-04,Kern,029,883053,192893,192432,46716,239148,2281
2022-05-04,Kings,031,150075,51743,51663,3640,55303,447
2022-05-04,Lake,033,64148,10785,10758,910,11668,137
2022-05-04,Lassen,035,31185,8982,8972,890,9862,65
2022-05-04,Los Angeles,037,10098052,2759516,2744894,128691,2873585,31722
2022-05-04,Madera,039,155013,37500,37395,6172,43567,365
2022-05-04,Marin,041,260295,35162,34727,3001,37728,291
2022-05-04,Mariposa,043,17540,2455,2435,208,2643,30
2022-05-04,Mendocino,045,87422,13320,13247,3202,16449,123
2022-05-04,Merced,047,269075,62565,62419,8853,71272,818
2022-05-04,Modoc,049,8938,747,746,253,999,8
2022-05-04,Mono,051,14174,3001,2993,134,3127,6
2022-05-04,Monterey,053,433212,80566,80038,14461,94499,732
2022-05-04,Napa,055,140530,26630,26434,1066,27500,143
2022-05-04,Nevada,057,99092,16218,16136,1248,17384,127
2022-05-04,Orange,059,3164182,555578,553177,43025,596202,7006
2022-05-04,Placer,061,380077,63791,63410,7567,70977,625
2022-05-04,Plumas,063,18699,2996,2947,372,3319,13
2022-05-04,Riverside,065,2383286,597324,594981,28712,623693,6457
2022-05-04,Sacramento,067,1510023,285353,283939,27824,311763,3013
2022-05-04,San Benito,069,59416,13066,13019,529,13548,98
2022-05-04,San Bernardino,071,2135413,571713,569570,25335,594905,7240
2022-05-04,San Diego,073,3302833,766831,763453,53745,817198,5239
2022-05-04,San Francisco,075,870044,133393,131599,8967,140566,860
2022-05-04,San Joaquin,077,732212,168046,167280,10212,177492,2225
2022-05-04,San Luis Obispo,079,281455,53357,53156,3977,57133,477
2022-05-04,San Mateo,081,765935,128354,126800,7674,134474,710
2022-05-04,Santa Barbara,083,443738,87476,87058,4887,91945,688
2022-05-04,Santa Clara,085,1922200,325522,322805,13320,336125,2285
2022-05-04,Santa Cruz,087,273765,50080,49230,2246,51476,262
2022-05-04,Shasta,089,179085,30787,30681,6188,36869,556
2022-05-04,Sierra,091,2930,275,275,49,324,4
2022-05-04,Siskiyou,093,43540,4477,4463,2790,7253,81
2022-05-04,Solano,095,438530,83335,82796,5720,88516,449
2022-05-04,Sonoma,097,501317,86600,85694,3062,88756,488
2022-05-04,Stanislaus,099,539301,118359,118123,17620,135743,1643
2022-05-04,Sutter,101,95872,20644,20672,2173,22845,224
2022-05-04,Tehama,103,63373,12106,12090,2637,14727,201
2022-05-04,Trinity,105,12862,1186,1180,296,1476,20
2022-05-04,Tulare,107,460477,107044,106935,28968,135903,1464
2022-05-04,Tuolumne,109,53932,12819,12757,585,13342,181
2022-05-04,Ventura,111,848112,175810,175066,9744,184810,1486
2022-05-04,Yolo,113,214977,37660,37344,3320,40664,315
2022-05-04,Yuba,115,75493,15983,15940,1255,17195,122
2022-05-03,Alameda,001,1643700,266665,263736,14954,278690,1850
2022-05-03,Alpine,003,1148,125,124,1,125,0
2022-05-03,Amador,005,37829,8604,8546,669,9215,86
2022-05-03,Butte,007,227075,33303,33220,6782,40002,417
2022-05-03,Calaveras,009,45235,7359,7344,371,7715,120
2022-05-03,Colusa,011,21464,3460,3460,1075,4535,21
2022-05-03,Contra Costa,013,1133247,194395,193175,13932,207107,1302
2022-05-03,Del Norte,015,27424,5891,5866,211,6077,50
2022-05-03,El Dorado,017,186661,27128,27021,3272,30293,210
2022-05-03,Fresno,019,978130,232932,232332,24293,256625,2751
2022-05-03,Glenn,021,27897,5001,4995,1626,6621,48
2022-05-03,Humboldt,023,135768,17521,17316,3128,20444,146
2022-05-03,Imperial,025,180216,55710,55548,10924,66472,910
2022-05-03,Inyo,027,18085,4090,4085,516,4601,56
2022-05-03,Kern,029,883053,192814,192432,46683,239115,2281
2022-05-03,Kings,031,150075,51731,51663,3640,55303,447
2022-05-03,Lake,033,64148,10780,10758,910,11668,137
2022-05-03,Lassen,035,31185,8982,8972,890,9862,65
2022-05-03,Los Angeles,037,10098052,2756517,2744894,128462,2873356,31722
2022-05-03,Madera,039,155013,37471,37395,6167,43562,365
2022-05-03,Marin,041,260295,35058,34727,2979,37706,291
2022-05-03,Mariposa,043,17540,2447,2435,208,2643,30
2022-05-03,Mendocino,045,87422,13306,13247,3186,16433,123
2022-05-03,Merced,047,269075,62537,62419,8834,71253,818
2022-05-03,Modoc,049,8938,746,746,253,999,8
2022-05-03,Mono,051,14174,2998,2993,133,3126,6
2022-05-03,Monterey,053,433212,80513,80038,14428,94466,732
2022-05-03,Napa,055,140530,26594,26434,1059,27493,143
2022-05-03,Nevada,057,99092,16208,16136,1248,17384,127
2022-05-03,Orange,059,3164182,555050,553177,42946,596123,7006
2022-05-03,Placer,061,380077,63704,63410,7554,70964,625
2022-05-03,Plumas,063,18699,2993,2947,372,3319,13
2022-05-03,Riverside,065,2383286,596962,594981,28688,623669,6457
2022-05-03,Sacramento,067,1510023,285045,283939,27771,311710,3013
2022-05-03,San Benito,069,59416,13052,13019,529,13548,98
2022-05-03,San Bernardino,071,2135413,571455,569570,25322,594892,7240
2022-05-03,San Diego,073,3302833,766010,763453,53662,817115,5239
2022-05-03,San Francisco,075,870044,132926,131599,8934,140533,860
2022-05-03,San Joaquin,077,732212,167968,167280,10181,177461,2225
2022-05-03,San Luis Obispo,079,281455,53310,53156,3966,57122,477
2022-05-03,San Mateo,081,765935,128012,126800,7634,134434,710
2022-05-03,Santa Barbara,083,443738,87388,87058,4885,91943,688
2022-05-03,Santa Clara,085,1922200,324718,322805,13266,336071,2285
2022-05-03,Santa Cruz,087,273765,49990,49230,2241,51471,262
2022-05-03,Shasta,089,179085,30768,30681,6187,36868,556
2022-05-03,Sierra,091,2930,275,275,49,324,4
2022-05-03,Siskiyou,093,43540,4476,4463,2790,7253,81
2022-05-03,Solano,095,438530,83159,82796,5713,88509,449
2022-05-03,Sonoma,097,501317,86423,85694,3037,88731,488
2022-05-03,Stanislaus,099,539301,118310,118123,17610,135733,1643
2022-05-03,Sutter,101,95872,20639,20672,2171,22843,224
2022-05-03,Tehama,103,63373,12102,12090,2637,14727,201
2022-05-03,Trinity,105,12862,1186,1180,296,1476,20
2022-05-03,Tulare,107,460477,107017,106935,28952,135887,1464
2022-05-03,Tuolumne,109,53932,12805,12757,585,13342,181
2022-05-03,Ventura,111,848112,175642,175066,9705,184771,1486
2022-05-03,Yolo,113,214977,37608,37344,3318,40662,315
2022-05-03,Yuba,115,75493,15972,15940,1247,17187,122
2022-05-02,Alameda,001,1643700,266042,263736,14916,278652,1850
2022-05-02,Alpine,003,1148,125,124,1,125,0
2022-05-02,Amador,005,37829,8601,8546,666,9212,86
2022-05-02,Butte,007,227075,33281,33220,6781,40001,417
2022-05-02,Calaveras,009,45235,7358,7344,370,7714,120
2022-05-02,Colusa,011,21464,3460,3460,1075,4535,21
2022-05-02,Contra Costa,013,1133247,194036,193175,13895,207070,1302
2022-05-02,Del Norte,015,27424,5886,5866,205,6071,50
2022-05-02,El Dorado,017,186661,27105,27021,3268,30289,210
2022-05-02,Fresno,019,978130,232828,232332,24266,256598,2751
2022-05-02,Glenn,021,27897,4999,4995,1626,6621,48
2022-05-02,Humboldt,023,135768,17470,17316,3113,20429,146
2022-05-02,Imperial,025,180216,55697,55548,10918,66466,910
2022-05-02,Inyo,027,18085,4089,4085,514,4599,56
2022-05-02,Kern,029,883053,192734,192432,46655,239087,2281
2022-05-02,Kings,031,150075,51715,51663,3640,55303,447
2022-05-02,Lake,033,64148,10776,10758,910,11668,137
2022-05-02,Lassen,035,31185,8981,8972,890,9862,65
2022-05-02,Los Angeles,037,10098052,2753583,2744894,128263,2873157,31722
2022-05-02,Madera,039,155013,37454,37395,6160,43555,365
2022-05-02,Marin,041,260295,34938,34727,2956,37683,291
2022-05-02,Mariposa,043,17540,2442,2435,208,2643,30
2022-05-02,Mendocino,045,87422,13290,13247,3174,16421,123
2022-05-02,Merced,047,269075,62509,62419,8826,71245,818
2022-05-02,Modoc,049,8938,745,746,253,999,8
2022-05-02,Mono,051,14174,2996,2993,132,3125,6
2022-05-02,Monterey,053,433212,80435,80038,14392,94430,732
2022-05-02,Napa,055,140530,26560,26434,1057,27491,143
2022-05-02,Nevada,057,99092,16191,16136,1246,17382,127
2022-05-02,Orange,059,3164182,554505,553177,42856,596033,7006
2022-05-02,Placer,061,380077,63649,63410,7546,70956,625
2022-05-02,Plumas,063,18699,2993,2947,372,3319,13
2022-05-02,Riverside,065,2383286,596580,594981,28655,623636,6457
2022-05-02,Sacramento,067,1510023,284744,283939,27729,311668,3013
2022-05-02,San Benito,069,59416,13040,13019,529,13548,98
2022-05-02,San Bernardino,071,2135413,571177,569570,25305,594875,7240
2022-05-02,San Diego,073,3302833,765163,763453,53579,817032,5239
2022-05-02,San Francisco,075,870044,132480,131599,8903,140502,860
2022-05-02,San Joaquin,077,732212,167853,167280,10169,177449,2225
2022-05-02,San Luis Obispo,079,281455,53258,53156,3954,57110,477
2022-05-02,San Mateo,081,765935,127689,126800,7620,134420,710
2022-05-02,Santa Barbara,083,443738,87284,87058,4881,91939,688
2022-05-02,Santa Clara,085,1922200,323830,322805,13216,336021,2285
2022-05-02,Santa Cruz,087,273765,49865,49230,2237,51467,262
2022-05-02,Shasta,089,179085,30749,30681,6186,36867,556
2022-05-02,Sierra,091,2930,275,275,49,324,4
2022-05-02,Siskiyou,093,43540,4473,4463,2788,7251,81
2022-05-02,Solano,095,438530,83033,82796,5703,88499,449
2022-05-02,Sonoma,097,501317,86243,85694,3021,88715,488
2022-05-02,Stanislaus,099,539301,118235,118123,17596,135719,1643
2022-05-02,Sutter,101,95872,20632,20672,2170,22842,224
2022-05-02,Tehama,103,63373,12097,12090,2634,14724,201
2022-05-02,Trinity,105,12862,1185,1180,296,1476,20
2022-05-02,Tulare,107,460477,106992,106935,28933,135868,1464
2022-05-02,Tuolumne,109,53932,12800,12757,585,13342,181
2022-05-02,Ventura,111,848112,175480,175066,9675,184741,1486
2022-05-02,Yolo,113,214977,37560,37344,3312,40656,315
2022-05-02,Yuba,115,75493,15967,15940,1244,17184,122
2022-05-01,Alameda,001,1643700,265361,262027,14864,276891,1851
2022-05-01,Alpine,003,1148,125,124,1,125,0
2022-05-01,Amador,005,37829,8601,8533,666,9199,86
2022-05-01,Butte,007,227075,33253,33172,6774,39946,418
2022-05-01,Calaveras,009,45235,7354,7328,365,7693,120
2022-05-01,Colusa,011,21464,3460,3457,1075,4532,21
2022-05-01,Contra Costa,013,1133247,193674,192136,13834,205970,1301
2022-05-01,Del Norte,015,27424,5878,5841,205,6046,50
2022-05-01,El Dorado,017,186661,27075,26946,3264,30210,210
2022-05-01,Fresno,019,978130,232724,232067,24246,256313,2748
2022-05-01,Glenn,021,27897,4999,4995,1626,6621,48
2022-05-01,Humboldt,023,135768,17409,17194,3093,20287,145
2022-05-01,Imperial,025,180216,55674,55503,10913,66416,910
2022-05-01,Inyo,027,18085,4088,4084,513,4597,56
2022-05-01,Kern,029,883053,192675,192250,46609,238859,2265
2022-05-01,Kings,031,150075,51693,51640,3636,55276,447
2022-05-01,Lake,033,64148,10769,10742,908,11650,137
2022-05-01,Lassen,035,31185,8981,8966,890,9856,65
2022-05-01,Los Angeles,037,10098052,2750755,2736900,128041,2864941,31712
2022-05-01,Madera,039,155013,37436,37360,6150,43510,365
2022-05-01,Marin,041,260295,34852,34519,2923,37442,291
2022-05-01,Mariposa,043,17540,2441,2430,208,2638,30
2022-05-01,Mendocino,045,87422,13270,13219,3156,16375,123
2022-05-01,Merced,047,269075,62482,62357,8811,71168,818
2022-05-01,Modoc,049,8938,745,745,253,998,8
2022-05-01,Mono,051,14174,2993,2989,131,3120,6
2022-05-01,Monterey,053,433212,80352,79881,14352,94233,731
2022-05-01,Napa,055,140530,26517,26319,1053,27372,143
2022-05-01,Nevada,057,99092,16171,16100,1244,17344,127
2022-05-01,Orange,059,3164182,553946,551822,42759,594581,6998
2022-05-01,Placer,061,380077,63574,63273,7539,70812,625
2022-05-01,Plumas,063,18699,2992,2946,372,3318,13
2022-05-01,Riverside,065,2383286,596127,593965,28619,622584,6457
2022-05-01,Sacramento,067,1510023,284420,283048,27665,310713,3007
2022-05-01,San Benito,069,59416,13032,12988,527,13515,98
2022-05-01,San Bernardino,071,2135413,570864,568758,25291,594049,7191
2022-05-01,San Diego,073,3302833,764289,761253,53491,814744,5238
2022-05-01,San Francisco,075,870044,131998,130241,8873,139114,860
2022-05-01,San Joaquin,077,732212,167712,167028,10131,177159,2225
2022-05-01,San Luis Obispo,079,281455,53186,53040,3937,56977,477
2022-05-01,San Mateo,081,765935,127316,125807,7587,133394,705
2022-05-01,Santa Barbara,083,443738,87182,86768,4873,91641,688
2022-05-01,Santa Clara,085,1922200,322898,320709,13159,333868,2281
2022-05-01,Santa Cruz,087,273765,49713,48798,2230,51028,262
2022-05-01,Shasta,089,179085,30731,30649,6184,36833,554
2022-05-01,Sierra,091,2930,275,274,49,323,4
2022-05-01,Siskiyou,093,43540,4472,4458,2782,7240,81
2022-05-01,Solano,095,438530,82916,82459,5689,88148,449
2022-05-01,Sonoma,097,501317,86040,85290,2975,88265,488
2022-05-01,Stanislaus,099,539301,118178,117943,17580,135523,1643
2022-05-01,Sutter,101,95872,20623,20644,2164,22808,224
2022-05-01,Tehama,103,63373,12096,12078,2633,14711,202
2022-05-01,Trinity,105,12862,1185,1179,296,1475,20
2022-05-01,Tulare,107,460477,106960,106856,28911,135767,1458
2022-05-01,Tuolumne,109,53932,12782,12713,580,13293,181
2022-05-01,Ventura,111,848112,175310,174679,9630,184309,1486
2022-05-01,Yolo,113,214977,37522,37173,3300,40473,314
2022-05-01,Yuba,115,75493,15957,15917,1240,17157,121
2022-04-30,Alameda,001,1643700,264979,262027,14849,276876,1851
2022-04-30,Alpine,003,1148,125,124,1,125,0
2022-04-30,Amador,005,37829,8600,8533,666,9199,86
2022-04-30,Butte,007,227075,33248,33172,6769,39941,418
2022-04-30,Calaveras,009,45235,7350,7328,365,7693,120
2022-04-30,Colusa,011,21464,3459,3457,1075,4532,21
2022-04-30,Contra Costa,013,1133247,193438,192136,13825,205961,1301
2022-04-30,Del Norte,015,27424,5873,5841,205,6046,50
2022-04-30,El Dorado,017,186661,27058,26946,3260,30206,210
2022-04-30,Fresno,019,978130,232679,232067,24238,256305,2748
2022-04-30,Glenn,021,27897,4998,4995,1626,6621,48
2022-04-30,Humboldt,023,135768,17367,17194,3088,20282,145
2022-04-30,Imperial,025,180216,55661,55503,10911,66414,910
2022-04-30,Inyo,027,18085,4088,4084,513,4597,56
2022-04-30,Kern,029,883053,192641,192250,46590,238840,2265
2022-04-30,Kings,031,150075,51688,51640,3635,55275,447
2022-04-30,Lake,033,64148,10766,10742,908,11650,137
2022-04-30,Lassen,035,31185,8981,8966,890,9856,65
2022-04-30,Los Angeles,037,10098052,2749459,2736900,127879,2864779,31712
2022-04-30,Madera,039,155013,37425,37360,6149,43509,365
2022-04-30,Marin,041,260295,34809,34519,2891,37410,291
2022-04-30,Mariposa,043,17540,2439,2430,207,2637,30
2022-04-30,Mendocino,045,87422,13265,13219,3156,16375,123
2022-04-30,Merced,047,269075,62468,62357,8809,71166,818
2022-04-30,Modoc,049,8938,745,745,253,998,8
2022-04-30,Mono,051,14174,2993,2989,131,3120,6
2022-04-30,Monterey,053,433212,80286,79881,14332,94213,731
2022-04-30,Napa,055,140530,26495,26319,1052,27371,143
2022-04-30,Nevada,057,99092,16158,16100,1243,17343,127
2022-04-30,Orange,059,3164182,553690,551822,42719,594541,6998
2022-04-30,Placer,061,380077,63528,63273,7533,70806,625
2022-04-30,Plumas,063,18699,2989,2946,372,3318,13
2022-04-30,Riverside,065,2383286,595897,593965,28598,622563,6457
2022-04-30,Sacramento,067,1510023,284303,283048,27654,310702,3007
2022-04-30,San Benito,069,59416,13029,12988,527,13515,98
2022-04-30,San Bernardino,071,2135413,570697,568758,25280,594038,7191
2022-04-30,San Diego,073,3302833,763922,761253,53463,814716,5238
2022-04-30,San Francisco,075,870044,131722,130241,8848,139089,860
2022-04-30,San Joaquin,077,732212,167657,167028,10126,177154,2225
2022-04-30,San Luis Obispo,079,281455,53175,53040,3934,56974,477
2022-04-30,San Mateo,081,765935,127114,125807,7568,133375,705
2022-04-30,Santa Barbara,083,443738,87129,86768,4870,91638,688
2022-04-30,Santa Clara,085,1922200,322339,320709,13133,333842,2281
2022-04-30,Santa Cruz,087,273765,49668,48798,2230,51028,262
2022-04-30,Shasta,089,179085,30726,30649,6181,36830,554
2022-04-30,Sierra,091,2930,275,274,49,323,4
2022-04-30,Siskiyou,093,43540,4470,4458,2781,7239,81
2022-04-30,Solano,095,438530,82900,82459,5688,88147,449
2022-04-30,Sonoma,097,501317,85927,85290,2964,88254,488
2022-04-30,Stanislaus,099,539301,118151,117943,17574,135517,1643
2022-04-30,Sutter,101,95872,20618,20644,2164,22808,224
2022-04-30,Tehama,103,63373,12093,12078,2631,14709,202
2022-04-30,Trinity,105,12862,1185,1179,296,1475,20
2022-04-30,Tulare,107,460477,106942,106856,28898,135754,1458
2022-04-30,Tuolumne,109,53932,12774,12713,580,13293,181
2022-04-30,Ventura,111,848112,175228,174679,9600,184279,1486
2022-04-30,Yolo,113,214977,37482,37173,3300,40473,314
2022-04-30,Yuba,115,75493,15950,15917,1239,17156,121
2022-04-29,Alameda,001,1643700,264668,262027,14837,276864,1851
2022-04-29,Alpine,003,1148,124,124,1,125,0
2022-04-29,Amador,005,37829,8593,8533,666,9199,86
2022-04-29,Butte,007,227075,33244,33172,6763,39935,418
2022-04-29,Calaveras,009,45235,7348,7328,365,7693,120
2022-04-29,Colusa,011,21464,3458,3457,1075,4532,21
2022-04-29,Contra Costa,013,1133247,193251,192136,13813,205949,1301
2022-04-29,Del Norte,015,27424,5869,5841,205,6046,50
2022-04-29,El Dorado,017,186661,27047,26946,3258,30204,210
2022-04-29,Fresno,019,978130,232630,232067,24233,256300,2748
2022-04-29,Glenn,021,27897,4998,4995,1626,6621,48
2022-04-29,Humboldt,023,135768,17343,17194,3082,20276,145
2022-04-29,Imperial,025,180216,55645,55503,10910,66413,910
2022-04-29,Inyo,027,18085,4088,4084,511,4595,56
2022-04-29,Kern,029,883053,192614,192250,46578,238828,2265
2022-04-29,Kings,031,150075,51683,51640,3635,55275,447
2022-04-29,Lake,033,64148,10765,10742,908,11650,137
2022-04-29,Lassen,035,31185,8980,8966,890,9856,65
2022-04-29,Los Angeles,037,10098052,2748183,2736900,127740,2864640,31712
2022-04-29,Madera,039,155013,37415,37360,6149,43509,365
2022-04-29,Marin,041,260295,34744,34519,2871,37390,291
2022-04-29,Mariposa,043,17540,2437,2430,207,2637,30
2022-04-29,Mendocino,045,87422,13261,13219,3155,16374,123
2022-04-29,Merced,047,269075,62456,62357,8808,71165,818
2022-04-29,Modoc,049,8938,745,745,253,998,8
2022-04-29,Mono,051,14174,2993,2989,131,3120,6
2022-04-29,Monterey,053,433212,80252,79881,14315,94196,731
2022-04-29,Napa,055,140530,26467,26319,1051,27370,143
2022-04-29,Nevada,057,99092,16151,16100,1241,17341,127
2022-04-29,Orange,059,3164182,553430,551822,42671,594493,6998
2022-04-29,Placer,061,380077,63501,63273,7526,70799,625
2022-04-29,Plumas,063,18699,2988,2946,372,3318,13
2022-04-29,Riverside,065,2383286,595675,593965,28576,622541,6457
2022-04-29,Sacramento,067,1510023,284157,283048,27647,310695,3007
2022-04-29,San Benito,069,59416,13024,12988,527,13515,98
2022-04-29,San Bernardino,071,2135413,570535,568758,25272,594030,7191
2022-04-29,San Diego,073,3302833,763505,761253,53445,814698,5238
2022-04-29,San Francisco,075,870044,131500,130241,8827,139068,860
2022-04-29,San Joaquin,077,732212,167603,167028,10121,177149,2225
2022-04-29,San Luis Obispo,079,281455,53160,53040,3929,56969,477
2022-04-29,San Mateo,081,765935,126915,125807,7551,133358,705
2022-04-29,Santa Barbara,083,443738,87090,86768,4868,91636,688
2022-04-29,Santa Clara,085,1922200,321843,320709,13102,333811,2281
2022-04-29,Santa Cruz,087,273765,49612,48798,2226,51024,262
2022-04-29,Shasta,089,179085,30724,30649,6180,36829,554
2022-04-29,Sierra,091,2930,275,274,49,323,4
2022-04-29,Siskiyou,093,43540,4469,4458,2781,7239,81
2022-04-29,Solano,095,438530,82848,82459,5682,88141,449
2022-04-29,Sonoma,097,501317,85819,85290,2953,88243,488
2022-04-29,Stanislaus,099,539301,118130,117943,17569,135512,1643
2022-04-29,Sutter,101,95872,20612,20644,2163,22807,224
2022-04-29,Tehama,103,63373,12091,12078,2631,14709,202
2022-04-29,Trinity,105,12862,1185,1179,296,1475,20
2022-04-29,Tulare,107,460477,106924,106856,28882,135738,1458
2022-04-29,Tuolumne,109,53932,12767,12713,578,13291,181
2022-04-29,Ventura,111,848112,175154,174679,9576,184255,1486
2022-04-29,Yolo,113,214977,37454,37173,3297,40470,314
2022-04-29,Yuba,115,75493,15945,15917,1239,17156,121
2022-04-28,Alameda,001,1643700,264231,262027,14802,276829,1851
2022-04-28,Alpine,003,1148,124,124,1,125,0
2022-04-28,Amador,005,37829,8590,8533,666,9199,86
2022-04-28,Butte,007,227075,33235,33172,6759,39931,418
2022-04-28,Calaveras,009,45235,7344,7328,365,7693,120
2022-04-28,Colusa,011,21464,3457,3457,1075,4532,21
2022-04-28,Contra Costa,013,1133247,192997,192136,13780,205916,1301
2022-04-28,Del Norte,015,27424,5865,5841,205,6046,50
2022-04-28,El Dorado,017,186661,27025,26946,3256,30202,210
2022-04-28,Fresno,019,978130,232570,232067,24225,256292,2748
2022-04-28,Glenn,021,27897,4995,4995,1626,6621,48
2022-04-28,Humboldt,023,135768,17312,17194,3073,20267,145
2022-04-28,Imperial,025,180216,55632,55503,10906,66409,910
2022-04-28,Inyo,027,18085,4088,4084,511,4595,56
2022-04-28,Kern,029,883053,192573,192250,46561,238811,2265
2022-04-28,Kings,031,150075,51677,51640,3635,55275,447
2022-04-28,Lake,033,64148,10761,10742,908,11650,137
2022-04-28,Lassen,035,31185,8980,8966,890,9856,65
2022-04-28,Los Angeles,037,10098052,2746151,2736900,127566,2864466,31712
2022-04-28,Madera,039,155013,37409,37360,6145,43505,365
2022-04-28,Marin,041,260295,34694,34519,2855,37374,291
2022-04-28,Mariposa,043,17540,2437,2430,207,2637,30
2022-04-28,Mendocino,045,87422,13250,13219,3138,16357,123
2022-04-28,Merced,047,269075,62438,62357,8800,71157,818
2022-04-28,Modoc,049,8938,745,745,253,998,8
2022-04-28,Mono,051,14174,2991,2989,131,3120,6
2022-04-28,Monterey,053,433212,80215,79881,14290,94171,731
2022-04-28,Napa,055,140530,26437,26319,1048,27367,143
2022-04-28,Nevada,057,99092,16143,16100,1238,17338,127
2022-04-28,Orange,059,3164182,553072,551822,42606,594428,6998
2022-04-28,Placer,061,380077,63454,63273,7517,70790,625
2022-04-28,Plumas,063,18699,2987,2946,372,3318,13
2022-04-28,Riverside,065,2383286,595395,593965,28554,622519,6457
2022-04-28,Sacramento,067,1510023,283969,283048,27607,310655,3007
2022-04-28,San Benito,069,59416,13015,12988,525,13513,98
2022-04-28,San Bernardino,071,2135413,570336,568758,25265,594023,7191
2022-04-28,San Diego,073,3302833,762972,761253,53387,814640,5238
2022-04-28,San Francisco,075,870044,131205,130241,8794,139035,860
2022-04-28,San Joaquin,077,732212,167535,167028,10106,177134,2225
2022-04-28,San Luis Obispo,079,281455,53132,53040,3911,56951,477
2022-04-28,San Mateo,081,765935,126676,125807,7521,133328,705
2022-04-28,Santa Barbara,083,443738,87037,86768,4865,91633,688
2022-04-28,Santa Clara,085,1922200,321298,320709,13066,333775,2281
2022-04-28,Santa Cruz,087,273765,49514,48798,2223,51021,262
2022-04-28,Shasta,089,179085,30715,30649,6180,36829,554
2022-04-28,Sierra,091,2930,275,274,49,323,4
2022-04-28,Siskiyou,093,43540,4466,4458,2781,7239,81
2022-04-28,Solano,095,438530,82768,82459,5676,88135,449
2022-04-28,Sonoma,097,501317,85702,85290,2941,88231,488
2022-04-28,Stanislaus,099,539301,118088,117943,17561,135504,1643
2022-04-28,Sutter,101,95872,20602,20644,2160,22804,224
2022-04-28,Tehama,103,63373,12090,12078,2630,14708,202
2022-04-28,Trinity,105,12862,1185,1179,296,1475,20
2022-04-28,Tulare,107,460477,106904,106856,28870,135726,1458
2022-04-28,Tuolumne,109,53932,12756,12713,578,13291,181
2022-04-28,Ventura,111,848112,175066,174679,9541,184220,1486
2022-04-28,Yolo,113,214977,37426,37173,3292,40465,314
2022-04-28,Yuba,115,75493,15936,15917,1236,17153,121
2022-04-27,Alameda,001,1643700,263751,260871,14759,275630,1843
2022-04-27,Alpine,003,1148,124,124,1,125,0
2022-04-27,Amador,005,37829,8589,8518,666,9184,86
2022-04-27,Butte,007,227075,33223,33118,6754,39872,411
2022-04-27,Calaveras,009,45235,7341,7307,365,7672,119
2022-04-27,Colusa,011,21464,3456,3457,1075,4532,21
2022-04-27,Contra Costa,013,1133247,192733,191412,13749,205161,1300
2022-04-27,Del Norte,015,27424,5860,5833,205,6038,50
2022-04-27,El Dorado,017,186661,27014,26898,3252,30150,209
2022-04-27,Fresno,019,978130,232504,231951,24212,256163,2744
2022-04-27,Glenn,021,27897,4995,4993,1626,6619,48
2022-04-27,Humboldt,023,135768,17282,17138,3063,20201,145
2022-04-27,Imperial,025,180216,55614,55480,10902,66382,910
2022-04-27,Inyo,027,18085,4087,4080,510,4590,56
2022-04-27,Kern,029,883053,192532,192157,46539,238696,2271
2022-04-27,Kings,031,150075,51672,51617,3634,55251,444
2022-04-27,Lake,033,64148,10757,10732,908,11640,135
2022-04-27,Lassen,035,31185,8979,8965,890,9855,65
2022-04-27,Los Angeles,037,10098052,2743861,2731988,127384,2859372,31691
2022-04-27,Madera,039,155013,37400,37339,6144,43483,354
2022-04-27,Marin,041,260295,34635,34354,2840,37194,288
2022-04-27,Mariposa,043,17540,2435,2427,207,2634,30
2022-04-27,Mendocino,045,87422,13243,13188,3131,16319,123
2022-04-27,Merced,047,269075,62424,62315,8796,71111,815
2022-04-27,Modoc,049,8938,745,745,253,998,8
2022-04-27,Mono,051,14174,2991,2989,131,3120,6
2022-04-27,Monterey,053,433212,80172,79695,14250,93945,729
2022-04-27,Napa,055,140530,26405,26210,1044,27254,143
2022-04-27,Nevada,057,99092,16127,16080,1235,17315,127
2022-04-27,Orange,059,3164182,552699,550859,42546,593405,6991
2022-04-27,Placer,061,380077,63417,63154,7504,70658,623
2022-04-27,Plumas,063,18699,2986,2934,372,3306,13
2022-04-27,Riverside,065,2383286,595130,593397,28533,621930,6453
2022-04-27,Sacramento,067,1510023,283767,281802,27571,309373,3001
2022-04-27,San Benito,069,59416,13002,12989,524,13513,98
2022-04-27,San Bernardino,071,2135413,570134,568018,25254,593272,7105
2022-04-27,San Diego,073,3302833,762415,759873,53325,813198,5236
2022-04-27,San Francisco,075,870044,130853,129284,8769,138053,857
2022-04-27,San Joaquin,077,732212,167462,166848,10089,176937,2225
2022-04-27,San Luis Obispo,079,281455,53088,52911,3903,56814,476
2022-04-27,San Mateo,081,765935,126442,125018,7465,132483,702
2022-04-27,Santa Barbara,083,443738,86973,86557,4859,91416,685
2022-04-27,Santa Clara,085,1922200,320731,319077,13016,332093,2282
2022-04-27,Santa Cruz,087,273765,49433,48500,2217,50717,262
2022-04-27,Shasta,089,179085,30704,30633,6176,36809,554
2022-04-27,Sierra,091,2930,274,276,49,325,4
2022-04-27,Siskiyou,093,43540,4466,4455,2777,7232,81
2022-04-27,Solano,095,438530,82667,82220,5666,87886,448
2022-04-27,Sonoma,097,501317,85593,84983,2919,87902,487
2022-04-27,Stanislaus,099,539301,118045,117841,17550,135391,1643
2022-04-27,Sutter,101,95872,20598,20627,2156,22783,224
2022-04-27,Tehama,103,63373,12090,12073,2630,14703,201
2022-04-27,Trinity,105,12862,1185,1179,296,1475,20
2022-04-27,Tulare,107,460477,106887,106580,28859,135439,1453
2022-04-27,Tuolumne,109,53932,12739,12684,577,13261,181
2022-04-27,Ventura,111,848112,174966,174425,9527,183952,1480
2022-04-27,Yolo,113,214977,37384,37096,3286,40382,314
2022-04-27,Yuba,115,75493,15933,15902,1231,17133,121
2022-04-26,Alameda,001,1643700,263246,260871,14719,275590,1843
2022-04-26,Alpine,003,1148,124,124,1,125,0
2022-04-26,Amador,005,37829,8586,8518,666,9184,86
2022-04-26,Butte,007,227075,33204,33118,6748,39866,411
2022-04-26,Calaveras,009,45235,7337,7307,364,7671,119
2022-04-26,Colusa,011,21464,3456,3457,1075,4532,21
2022-04-26,Contra Costa,013,1133247,192478,191412,13719,205131,1300
2022-04-26,Del Norte,015,27424,5852,5833,205,6038,50
2022-04-26,El Dorado,017,186661,26993,26898,3249,30147,209
2022-04-26,Fresno,019,978130,232426,231951,24203,256154,2744
2022-04-26,Glenn,021,27897,4995,4993,1625,6618,48
2022-04-26,Humboldt,023,135768,17251,17138,3057,20195,145
2022-04-26,Imperial,025,180216,55593,55480,10895,66375,910
2022-04-26,Inyo,027,18085,4087,4080,510,4590,56
2022-04-26,Kern,029,883053,192483,192157,46517,238674,2271
2022-04-26,Kings,031,150075,51666,51617,3634,55251,444
2022-04-26,Lake,033,64148,10750,10732,908,11640,135
2022-04-26,Lassen,035,31185,8974,8965,890,9855,65
2022-04-26,Los Angeles,037,10098052,2741532,2731988,127210,2859198,31691
2022-04-26,Madera,039,155013,37392,37339,6140,43479,354
2022-04-26,Marin,041,260295,34580,34354,2821,37175,288
2022-04-26,Mariposa,043,17540,2435,2427,207,2634,30
2022-04-26,Mendocino,045,87422,13239,13188,3125,16313,123
2022-04-26,Merced,047,269075,62401,62315,8778,71093,815
2022-04-26,Modoc,049,8938,745,745,253,998,8
2022-04-26,Mono,051,14174,2991,2989,130,3119,6
2022-04-26,Monterey,053,433212,80120,79695,14208,93903,729
2022-04-26,Napa,055,140530,26377,26210,1040,27250,143
2022-04-26,Nevada,057,99092,16117,16080,1235,17315,127
2022-04-26,Orange,059,3164182,552293,550859,42486,593345,6991
2022-04-26,Placer,061,380077,63387,63154,7502,70656,623
2022-04-26,Plumas,063,18699,2986,2934,372,3306,13
2022-04-26,Riverside,065,2383286,594825,593397,28506,621903,6453
2022-04-26,Sacramento,067,1510023,283535,281802,27549,309351,3001
2022-04-26,San Benito,069,59416,12998,12989,523,13512,98
2022-04-26,San Bernardino,071,2135413,569926,568018,25238,593256,7105
2022-04-26,San Diego,073,3302833,761775,759873,53231,813104,5236
2022-04-26,San Francisco,075,870044,130457,129284,8747,138031,857
2022-04-26,San Joaquin,077,732212,167400,166848,10074,176922,2225
2022-04-26,San Luis Obispo,079,281455,53059,52911,3890,56801,476
2022-04-26,San Mateo,081,765935,126171,125018,7430,132448,702
2022-04-26,Santa Barbara,083,443738,86912,86557,4855,91412,685
2022-04-26,Santa Clara,085,1922200,320175,319077,12971,332048,2282
2022-04-26,Santa Cruz,087,273765,49333,48500,2214,50714,262
2022-04-26,Shasta,089,179085,30691,30633,6176,36809,554
2022-04-26,Sierra,091,2930,274,276,49,325,4
2022-04-26,Siskiyou,093,43540,4462,4455,2775,7230,81
2022-04-26,Solano,095,438530,82571,82220,5657,87877,448
2022-04-26,Sonoma,097,501317,85490,84983,2902,87885,487
2022-04-26,Stanislaus,099,539301,118008,117841,17539,135380,1643
2022-04-26,Sutter,101,95872,20588,20627,2156,22783,224
2022-04-26,Tehama,103,63373,12080,12073,2630,14703,201
2022-04-26,Trinity,105,12862,1185,1179,296,1475,20
2022-04-26,Tulare,107,460477,106860,106580,28844,135424,1453
2022-04-26,Tuolumne,109,53932,12721,12684,576,13260,181
2022-04-26,Ventura,111,848112,174856,174425,9503,183928,1480
2022-04-26,Yolo,113,214977,37343,37096,3278,40374,314
2022-04-26,Yuba,115,75493,15931,15902,1231,17133,121
2022-04-25,Alameda,001,1643700,262744,260871,14680,275551,1843
2022-04-25,Alpine,003,1148,124,124,1,125,0
2022-04-25,Amador,005,37829,8583,8518,666,9184,86
2022-04-25,Butte,007,227075,33191,33118,6739,39857,411
2022-04-25,Calaveras,009,45235,7334,7307,364,7671,119
2022-04-25,Colusa,011,21464,3456,3457,1075,4532,21
2022-04-25,Contra Costa,013,1133247,192216,191412,13686,205098,1300
2022-04-25,Del Norte,015,27424,5847,5833,203,6036,50
2022-04-25,El Dorado,017,186661,26971,26898,3247,30145,209
2022-04-25,Fresno,019,978130,232336,231951,24190,256141,2744
2022-04-25,Glenn,021,27897,4994,4993,1625,6618,48
2022-04-25,Humboldt,023,135768,17210,17138,3051,20189,145
2022-04-25,Imperial,025,180216,55573,55480,10890,66370,910
2022-04-25,Inyo,027,18085,4087,4080,510,4590,56
2022-04-25,Kern,029,883053,192437,192157,46497,238654,2271
2022-04-25,Kings,031,150075,51657,51617,3633,55250,444
2022-04-25,Lake,033,64148,10747,10732,907,11639,135
2022-04-25,Lassen,035,31185,8973,8965,890,9855,65
2022-04-25,Los Angeles,037,10098052,2739185,2731988,127050,2859038,31691
2022-04-25,Madera,039,155013,37379,37339,6137,43476,354
2022-04-25,Marin,041,260295,34516,34354,2798,37152,288
2022-04-25,Mariposa,043,17540,2435,2427,207,2634,30
2022-04-25,Mendocino,045,87422,13229,13188,3108,16296,123
2022-04-25,Merced,047,269075,62388,62315,8775,71090,815
2022-04-25,Modoc,049,8938,745,745,253,998,8
2022-04-25,Mono,051,14174,2990,2989,130,3119,6
2022-04-25,Monterey,053,433212,80081,79695,14182,93877,729
2022-04-25,Napa,055,140530,26336,26210,1038,27248,143
2022-04-25,Nevada,057,99092,16111,16080,1234,17314,127
2022-04-25,Orange,059,3164182,551892,550859,42422,593281,6991
2022-04-25,Placer,061,380077,63351,63154,7497,70651,623
2022-04-25,Plumas,063,18699,2984,2934,372,3306,13
2022-04-25,Riverside,065,2383286,594566,593397,28489,621886,6453
2022-04-25,Sacramento,067,1510023,283369,281802,27512,309314,3001
2022-04-25,San Benito,069,59416,12991,12989,522,13511,98
2022-04-25,San Bernardino,071,2135413,569705,568018,25226,593244,7105
2022-04-25,San Diego,073,3302833,761102,759873,53171,813044,5236
2022-04-25,San Francisco,075,870044,130095,129284,8729,138013,857
2022-04-25,San Joaquin,077,732212,167315,166848,10058,176906,2225
2022-04-25,San Luis Obispo,079,281455,53012,52911,3883,56794,476
2022-04-25,San Mateo,081,765935,125901,125018,7409,132427,702
2022-04-25,Santa Barbara,083,443738,86848,86557,4851,91408,685
2022-04-25,Santa Clara,085,1922200,319533,319077,12926,332003,2282
2022-04-25,Santa Cruz,087,273765,49193,48500,2205,50705,262
2022-04-25,Shasta,089,179085,30680,30633,6173,36806,554
2022-04-25,Sierra,091,2930,274,276,49,325,4
2022-04-25,Siskiyou,093,43540,4462,4455,2774,7229,81
2022-04-25,Solano,095,438530,82462,82220,5648,87868,448
2022-04-25,Sonoma,097,501317,85368,84983,2882,87865,487
2022-04-25,Stanislaus,099,539301,117962,117841,17532,135373,1643
2022-04-25,Sutter,101,95872,20585,20627,2156,22783,224
2022-04-25,Tehama,103,63373,12080,12073,2630,14703,201
2022-04-25,Trinity,105,12862,1184,1179,296,1475,20
2022-04-25,Tulare,107,460477,106837,106580,28831,135411,1453
2022-04-25,Tuolumne,109,53932,12710,12684,576,13260,181
2022-04-25,Ventura,111,848112,174746,174425,9483,183908,1480
2022-04-25,Yolo,113,214977,37299,37096,3273,40369,314
2022-04-25,Yuba,115,75493,15921,15902,1230,17132,121
2022-04-24,Alameda,001,1643700,262165,259619,14633,274252,1837
2022-04-24,Alpine,003,1148,124,124,1,125,0
2022-04-24,Amador,005,37829,8574,8509,665,9174,86
2022-04-24,Butte,007,227075,33169,33105,6732,39837,411
2022-04-24,Calaveras,009,45235,7326,7296,362,7658,119
2022-04-24,Colusa,011,21464,3455,3453,1075,4528,21
2022-04-24,Contra Costa,013,1133247,191907,190611,13652,204263,1298
2022-04-24,Del Norte,015,27424,5838,5827,201,6028,50
2022-04-24,El Dorado,017,186661,26953,26837,3245,30082,209
2022-04-24,Fresno,019,978130,232256,231751,24176,255927,2744
2022-04-24,Glenn,021,27897,4994,4989,1623,6612,48
2022-04-24,Humboldt,023,135768,17184,17033,3039,20072,145
2022-04-24,Imperial,025,180216,55558,55434,10881,66315,910
2022-04-24,Inyo,027,18085,4083,4079,509,4588,56
2022-04-24,Kern,029,883053,192388,192012,46481,238493,2267
2022-04-24,Kings,031,150075,51648,51588,3633,55221,444
2022-04-24,Lake,033,64148,10739,10720,904,11624,134
2022-04-24,Lassen,035,31185,8972,8966,890,9856,65
2022-04-24,Los Angeles,037,10098052,2736862,2725630,126904,2852534,31667
2022-04-24,Madera,039,155013,37365,37333,6132,43465,354
2022-04-24,Marin,041,260295,34464,34150,2763,36913,288
2022-04-24,Mariposa,043,17540,2432,2422,207,2629,30
2022-04-24,Mendocino,045,87422,13224,13158,3096,16254,122
2022-04-24,Merced,047,269075,62364,62286,8769,71055,815
2022-04-24,Modoc,049,8938,745,745,253,998,8
2022-04-24,Mono,051,14174,2989,2986,130,3116,6
2022-04-24,Monterey,053,433212,80029,79560,14150,93710,729
2022-04-24,Napa,055,140530,26301,26093,1037,27130,143
2022-04-24,Nevada,057,99092,16095,16052,1232,17284,127
2022-04-24,Orange,059,3164182,551466,549765,42358,592123,6989
2022-04-24,Placer,061,380077,63299,63037,7489,70526,622
2022-04-24,Plumas,063,18699,2982,2934,372,3306,13
2022-04-24,Riverside,065,2383286,594287,592683,28447,621130,6450
2022-04-24,Sacramento,067,1510023,283165,280551,27475,308026,2993
2022-04-24,San Benito,069,59416,12986,12966,522,13488,98
2022-04-24,San Bernardino,071,2135413,569475,566806,25202,592008,7047
2022-04-24,San Diego,073,3302833,760474,758311,53113,811424,5233
2022-04-24,San Francisco,075,870044,129649,128323,8704,137027,857
2022-04-24,San Joaquin,077,732212,167228,166626,10015,176641,2224
2022-04-24,San Luis Obispo,079,281455,52936,52826,3873,56699,476
2022-04-24,San Mateo,081,765935,125595,124106,7379,131485,703
2022-04-24,Santa Barbara,083,443738,86778,86376,4850,91226,685
2022-04-24,Santa Clara,085,1922200,318852,317487,12875,330362,2277
2022-04-24,Santa Cruz,087,273765,49080,48255,2201,50456,261
2022-04-24,Shasta,089,179085,30670,30607,6172,36779,557
2022-04-24,Sierra,091,2930,274,276,49,325,4
2022-04-24,Siskiyou,093,43540,4461,4453,2772,7225,81
2022-04-24,Solano,095,438530,82368,81982,5639,87621,448
2022-04-24,Sonoma,097,501317,85234,84581,2862,87443,486
2022-04-24,Stanislaus,099,539301,117910,117737,17527,135264,1632
2022-04-24,Sutter,101,95872,20574,20605,2153,22758,224
2022-04-24,Tehama,103,63373,12077,12064,2630,14694,201
2022-04-24,Trinity,105,12862,1184,1177,296,1473,20
2022-04-24,Tulare,107,460477,106814,106354,28820,135174,1446
2022-04-24,Tuolumne,109,53932,12698,12664,575,13239,181
2022-04-24,Ventura,111,848112,174633,174091,9466,183557,1479
2022-04-24,Yolo,113,214977,37267,36990,3270,40260,314
2022-04-24,Yuba,115,75493,15916,15888,1229,17117,121
2022-04-23,Alameda,001,1643700,261926,259619,14621,274240,1837
2022-04-23,Alpine,003,1148,124,124,1,125,0
2022-04-23,Amador,005,37829,8568,8509,665,9174,86
2022-04-23,Butte,007,227075,33160,33105,6729,39834,411
2022-04-23,Calaveras,009,45235,7318,7296,362,7658,119
2022-04-23,Colusa,011,21464,3455,3453,1075,4528,21
2022-04-23,Contra Costa,013,1133247,191754,190611,13641,204252,1298
2022-04-23,Del Norte,015,27424,5836,5827,200,6027,50
2022-04-23,El Dorado,017,186661,26943,26837,3244,30081,209
2022-04-23,Fresno,019,978130,232223,231751,24172,255923,2744
2022-04-23,Glenn,021,27897,4994,4989,1623,6612,48
2022-04-23,Humboldt,023,135768,17168,17033,3037,20070,145
2022-04-23,Imperial,025,180216,55549,55434,10879,66313,910
2022-04-23,Inyo,027,18085,4083,4079,508,4587,56
2022-04-23,Kern,029,883053,192363,192012,46466,238478,2267
2022-04-23,Kings,031,150075,51643,51588,3632,55220,444
2022-04-23,Lake,033,64148,10738,10720,904,11624,134
2022-04-23,Lassen,035,31185,8972,8966,890,9856,65
2022-04-23,Los Angeles,037,10098052,2735937,2725630,126809,2852439,31667
2022-04-23,Madera,039,155013,37358,37333,6131,43464,354
2022-04-23,Marin,041,260295,34429,34150,2717,36867,288
2022-04-23,Mariposa,043,17540,2432,2422,207,2629,30
2022-04-23,Mendocino,045,87422,13217,13158,3096,16254,122
2022-04-23,Merced,047,269075,62352,62286,8769,71055,815
2022-04-23,Modoc,049,8938,745,745,253,998,8
2022-04-23,Mono,051,14174,2989,2986,130,3116,6
2022-04-23,Monterey,053,433212,79961,79560,14136,93696,729
2022-04-23,Napa,055,140530,26280,26093,1035,27128,143
2022-04-23,Nevada,057,99092,16089,16052,1230,17282,127
2022-04-23,Orange,059,3164182,551249,549765,42306,592071,6989
2022-04-23,Placer,061,380077,63270,63037,7489,70526,622
2022-04-23,Plumas,063,18699,2982,2934,372,3306,13
2022-04-23,Riverside,065,2383286,594153,592683,28436,621119,6450
2022-04-23,Sacramento,067,1510023,283072,280551,27472,308023,2993
2022-04-23,San Benito,069,59416,12985,12966,522,13488,98
2022-04-23,San Bernardino,071,2135413,569363,566806,25196,592002,7047
2022-04-23,San Diego,073,3302833,760218,758311,53096,811407,5233
2022-04-23,San Francisco,075,870044,129445,128323,8680,137003,857
2022-04-23,San Joaquin,077,732212,167187,166626,10006,176632,2224
2022-04-23,San Luis Obispo,079,281455,52921,52826,3869,56695,476
2022-04-23,San Mateo,081,765935,125438,124106,7368,131474,703
2022-04-23,Santa Barbara,083,443738,86742,86376,4849,91225,685
2022-04-23,Santa Clara,085,1922200,318474,317487,12849,330336,2277
2022-04-23,Santa Cruz,087,273765,49031,48255,2200,50455,261
2022-04-23,Shasta,089,179085,30667,30607,6172,36779,557
2022-04-23,Sierra,091,2930,274,276,49,325,4
2022-04-23,Siskiyou,093,43540,4459,4453,2771,7224,81
2022-04-23,Solano,095,438530,82341,81982,5636,87618,448
2022-04-23,Sonoma,097,501317,85166,84581,2854,87435,486
2022-04-23,Stanislaus,099,539301,117876,117737,17524,135261,1632
2022-04-23,Sutter,101,95872,20568,20605,2153,22758,224
2022-04-23,Tehama,103,63373,12076,12064,2630,14694,201
2022-04-23,Trinity,105,12862,1184,1177,296,1473,20
2022-04-23,Tulare,107,460477,106806,106354,28810,135164,1446
2022-04-23,Tuolumne,109,53932,12694,12664,575,13239,181
2022-04-23,Ventura,111,848112,174573,174091,9459,183550,1479
2022-04-23,Yolo,113,214977,37243,36990,3266,40256,314
2022-04-23,Yuba,115,75493,15914,15888,1229,17117,121
2022-04-22,Alameda,001,1643700,261688,259619,14603,274222,1837
2022-04-22,Alpine,003,1148,124,124,1,125,0
2022-04-22,Amador,005,37829,8567,8509,663,9172,86
2022-04-22,Butte,007,227075,33154,33105,6727,39832,411
2022-04-22,Calaveras,009,45235,7317,7296,362,7658,119
2022-04-22,Colusa,011,21464,3455,3453,1075,4528,21
2022-04-22,Contra Costa,013,1133247,191625,190611,13626,204237,1298
2022-04-22,Del Norte,015,27424,5836,5827,200,6027,50
2022-04-22,El Dorado,017,186661,26929,26837,3239,30076,209
2022-04-22,Fresno,019,978130,232192,231751,24169,255920,2744
2022-04-22,Glenn,021,27897,4993,4989,1623,6612,48
2022-04-22,Humboldt,023,135768,17152,17033,3030,20063,145
2022-04-22,Imperial,025,180216,55544,55434,10879,66313,910
2022-04-22,Inyo,027,18085,4083,4079,507,4586,56
2022-04-22,Kern,029,883053,192342,192012,46463,238475,2267
2022-04-22,Kings,031,150075,51639,51588,3631,55219,444
2022-04-22,Lake,033,64148,10737,10720,904,11624,134
2022-04-22,Lassen,035,31185,8972,8966,890,9856,65
2022-04-22,Los Angeles,037,10098052,2734872,2725630,126747,2852377,31667
2022-04-22,Madera,039,155013,37353,37333,6131,43464,354
2022-04-22,Marin,041,260295,34390,34150,2706,36856,288
2022-04-22,Mariposa,043,17540,2431,2422,207,2629,30
2022-04-22,Mendocino,045,87422,13210,13158,3094,16252,122
2022-04-22,Merced,047,269075,62346,62286,8757,71043,815
2022-04-22,Modoc,049,8938,745,745,253,998,8
2022-04-22,Mono,051,14174,2989,2986,129,3115,6
2022-04-22,Monterey,053,433212,79926,79560,14122,93682,729
2022-04-22,Napa,055,140530,26263,26093,1033,27126,143
2022-04-22,Nevada,057,99092,16089,16052,1230,17282,127
2022-04-22,Orange,059,3164182,551063,549765,42256,592021,6989
2022-04-22,Placer,061,380077,63247,63037,7486,70523,622
2022-04-22,Plumas,063,18699,2982,2934,372,3306,13
2022-04-22,Riverside,065,2383286,594012,592683,28421,621104,6450
2022-04-22,Sacramento,067,1510023,282984,280551,27459,308010,2993
2022-04-22,San Benito,069,59416,12980,12966,522,13488,98
2022-04-22,San Bernardino,071,2135413,569251,566806,25188,591994,7047
2022-04-22,San Diego,073,3302833,759906,758311,53076,811387,5233
2022-04-22,San Francisco,075,870044,129280,128323,8653,136976,857
2022-04-22,San Joaquin,077,732212,167158,166626,10005,176631,2224
2022-04-22,San Luis Obispo,079,281455,52915,52826,3868,56694,476
2022-04-22,San Mateo,081,765935,125276,124106,7354,131460,703
2022-04-22,Santa Barbara,083,443738,86697,86376,4849,91225,685
2022-04-22,Santa Clara,085,1922200,318128,317487,12836,330323,2277
2022-04-22,Santa Cruz,087,273765,48993,48255,2200,50455,261
2022-04-22,Shasta,089,179085,30662,30607,6171,36778,557
2022-04-22,Sierra,091,2930,274,276,48,324,4
2022-04-22,Siskiyou,093,43540,4459,4453,2771,7224,81
2022-04-22,Solano,095,438530,82285,81982,5634,87616,448
2022-04-22,Sonoma,097,501317,85101,84581,2849,87430,486
2022-04-22,Stanislaus,099,539301,117854,117737,17520,135257,1632
2022-04-22,Sutter,101,95872,20562,20605,2153,22758,224
2022-04-22,Tehama,103,63373,12071,12064,2629,14693,201
2022-04-22,Trinity,105,12862,1184,1177,295,1472,20
2022-04-22,Tulare,107,460477,106796,106354,28801,135155,1446
2022-04-22,Tuolumne,109,53932,12687,12664,573,13237,181
2022-04-22,Ventura,111,848112,174498,174091,9447,183538,1479
2022-04-22,Yolo,113,214977,37224,36990,3263,40253,314
2022-04-22,Yuba,115,75493,15912,15888,1228,17116,121
2022-04-21,Alameda,001,1643700,261331,259619,14563,274182,1837
2022-04-21,Alpine,003,1148,124,124,1,125,0
2022-04-21,Amador,005,37829,8564,8509,663,9172,86
2022-04-21,Butte,007,227075,33147,33105,6720,39825,411
2022-04-21,Calaveras,009,45235,7314,7296,362,7658,119
2022-04-21,Colusa,011,21464,3454,3453,1075,4528,21
2022-04-21,Contra Costa,013,1133247,191429,190611,13603,204214,1298
2022-04-21,Del Norte,015,27424,5835,5827,200,6027,50
2022-04-21,El Dorado,017,186661,26914,26837,3238,30075,209
2022-04-21,Fresno,019,978130,232150,231751,24163,255914,2744
2022-04-21,Glenn,021,27897,4993,4989,1622,6611,48
2022-04-21,Humboldt,023,135768,17128,17033,3022,20055,145
2022-04-21,Imperial,025,180216,55535,55434,10879,66313,910
2022-04-21,Inyo,027,18085,4083,4079,507,4586,56
2022-04-21,Kern,029,883053,192308,192012,46446,238458,2267
2022-04-21,Kings,031,150075,51631,51588,3631,55219,444
2022-04-21,Lake,033,64148,10734,10720,903,11623,134
2022-04-21,Lassen,035,31185,8972,8966,890,9856,65
2022-04-21,Los Angeles,037,10098052,2733240,2725630,126639,2852269,31667
2022-04-21,Madera,039,155013,37350,37333,6130,43463,354
2022-04-21,Marin,041,260295,34343,34150,2697,36847,288
2022-04-21,Mariposa,043,17540,2430,2422,207,2629,30
2022-04-21,Mendocino,045,87422,13204,13158,3090,16248,122
2022-04-21,Merced,047,269075,62330,62286,8754,71040,815
2022-04-21,Modoc,049,8938,745,745,253,998,8
2022-04-21,Mono,051,14174,2988,2986,128,3114,6
2022-04-21,Monterey,053,433212,79899,79560,14110,93670,729
2022-04-21,Napa,055,140530,26232,26093,1032,27125,143
2022-04-21,Nevada,057,99092,16085,16052,1230,17282,127
2022-04-21,Orange,059,3164182,550806,549765,42217,591982,6989
2022-04-21,Placer,061,380077,63209,63037,7480,70517,622
2022-04-21,Plumas,063,18699,2982,2934,372,3306,13
2022-04-21,Riverside,065,2383286,593854,592683,28401,621084,6450
2022-04-21,Sacramento,067,1510023,282837,280551,27435,307986,2993
2022-04-21,San Benito,069,59416,12974,12966,522,13488,98
2022-04-21,San Bernardino,071,2135413,569059,566806,25178,591984,7047
2022-04-21,San Diego,073,3302833,759482,758311,53035,811346,5233
2022-04-21,San Francisco,075,870044,129056,128323,8626,136949,857
2022-04-21,San Joaquin,077,732212,167103,166626,10000,176626,2224
2022-04-21,San Luis Obispo,079,281455,52895,52826,3862,56688,476
2022-04-21,San Mateo,081,765935,125074,124106,7333,131439,703
2022-04-21,Santa Barbara,083,443738,86638,86376,4845,91221,685
2022-04-21,Santa Clara,085,1922200,317674,317487,12815,330302,2277
2022-04-21,Santa Cruz,087,273765,48948,48255,2197,50452,261
2022-04-21,Shasta,089,179085,30653,30607,6171,36778,557
2022-04-21,Sierra,091,2930,274,276,48,324,4
2022-04-21,Siskiyou,093,43540,4459,4453,2771,7224,81
2022-04-21,Solano,095,438530,82225,81982,5627,87609,448
2022-04-21,Sonoma,097,501317,84991,84581,2831,87412,486
2022-04-21,Stanislaus,099,539301,117815,117737,17512,135249,1632
2022-04-21,Sutter,101,95872,20553,20605,2152,22757,224
2022-04-21,Tehama,103,63373,12071,12064,2629,14693,201
2022-04-21,Trinity,105,12862,1184,1177,295,1472,20
2022-04-21,Tulare,107,460477,106788,106354,28797,135151,1446
2022-04-21,Tuolumne,109,53932,12682,12664,572,13236,181
2022-04-21,Ventura,111,848112,174413,174091,9442,183533,1479
2022-04-21,Yolo,113,214977,37203,36990,3263,40253,314
2022-04-21,Yuba,115,75493,15910,15888,1228,17116,121
2022-04-20,Alameda,001,1643700,260971,258734,14537,273271,1832
2022-04-20,Alpine,003,1148,124,124,1,125,0
2022-04-20,Amador,005,37829,8562,8494,663,9157,86
2022-04-20,Butte,007,227075,33139,33083,6712,39795,408
2022-04-20,Calaveras,009,45235,7308,7288,361,7649,119
2022-04-20,Colusa,011,21464,3454,3453,1075,4528,21
2022-04-20,Contra Costa,013,1133247,191199,190042,13579,203621,1299
2022-04-20,Del Norte,015,27424,5830,5814,200,6014,50
2022-04-20,El Dorado,017,186661,26899,26821,3234,30055,209
2022-04-20,Fresno,019,978130,232099,231568,24161,255729,2740
2022-04-20,Glenn,021,27897,4992,4988,1619,6607,48
2022-04-20,Humboldt,023,135768,17104,16976,3018,19994,145
2022-04-20,Imperial,025,180216,55529,55405,10876,66281,910
2022-04-20,Inyo,027,18085,4083,4075,506,4581,56
2022-04-20,Kern,029,883053,192270,191915,46429,238344,2262
2022-04-20,Kings,031,150075,51622,51571,3629,55200,445
2022-04-20,Lake,033,64148,10734,10711,903,11614,134
2022-04-20,Lassen,035,31185,8972,8951,890,9841,65
2022-04-20,Los Angeles,037,10098052,2731519,2721699,126527,2848226,31630
2022-04-20,Madera,039,155013,37347,37333,6127,43460,354
2022-04-20,Marin,041,260295,34302,33985,2673,36658,288
2022-04-20,Mariposa,043,17540,2428,2412,207,2619,30
2022-04-20,Mendocino,045,87422,13198,13128,3080,16208,122
2022-04-20,Merced,047,269075,62320,62322,8739,71061,813
2022-04-20,Modoc,049,8938,745,744,253,997,8
2022-04-20,Mono,051,14174,2987,2984,128,3112,6
2022-04-20,Monterey,053,433212,79852,79419,14090,93509,727
2022-04-20,Napa,055,140530,26199,26016,1029,27045,143
2022-04-20,Nevada,057,99092,16075,16034,1228,17262,127
2022-04-20,Orange,059,3164182,550478,549136,42168,591304,6963
2022-04-20,Placer,061,380077,63183,62928,7476,70404,619
2022-04-20,Plumas,063,18699,2982,2932,372,3304,13
2022-04-20,Riverside,065,2383286,593663,592224,28378,620602,6447
2022-04-20,Sacramento,067,1510023,282694,279326,27416,306742,2987
2022-04-20,San Benito,069,59416,12968,12971,522,13493,98
2022-04-20,San Bernardino,071,2135413,568851,565405,25159,590564,6977
2022-04-20,San Diego,073,3302833,759044,757138,52979,810117,5231
2022-04-20,San Francisco,075,870044,128752,127594,8606,136200,854
2022-04-20,San Joaquin,077,732212,167035,166531,9991,176522,2222
2022-04-20,San Luis Obispo,079,281455,52868,52740,3854,56594,476
2022-04-20,San Mateo,081,765935,124856,123279,7301,130580,701
2022-04-20,Santa Barbara,083,443738,86603,86214,4840,91054,685
2022-04-20,Santa Clara,085,1922200,317271,316355,12779,329134,2274
2022-04-20,Santa Cruz,087,273765,48884,47997,2193,50190,261
2022-04-20,Shasta,089,179085,30649,30590,6170,36760,554
2022-04-20,Sierra,091,2930,274,276,48,324,4
2022-04-20,Siskiyou,093,43540,4458,4446,2770,7216,80
2022-04-20,Solano,095,438530,82156,81841,5625,87466,447
2022-04-20,Sonoma,097,501317,84906,84429,2807,87236,485
2022-04-20,Stanislaus,099,539301,117781,117540,17502,135042,1630
2022-04-20,Sutter,101,95872,20546,20632,2152,22784,224
2022-04-20,Tehama,103,63373,12068,12061,2628,14689,199
2022-04-20,Trinity,105,12862,1184,1178,295,1473,20
2022-04-20,Tulare,107,460477,106782,105974,28786,134760,1439
2022-04-20,Tuolumne,109,53932,12677,12648,571,13219,180
2022-04-20,Ventura,111,848112,174328,173904,9433,183337,1475
2022-04-20,Yolo,113,214977,37174,36785,3257,40042,311
2022-04-20,Yuba,115,75493,15906,15868,1226,17094,121
2022-04-19,Alameda,001,1643700,260620,258734,14502,273236,1832
2022-04-19,Alpine,003,1148,124,124,1,125,0
2022-04-19,Amador,005,37829,8558,8494,661,9155,86
2022-04-19,Butte,007,227075,33133,33083,6709,39792,408
2022-04-19,Calaveras,009,45235,7305,7288,361,7649,119
2022-04-19,Colusa,011,21464,3454,3453,1075,4528,21
2022-04-19,Contra Costa,013,1133247,190955,190042,13565,203607,1299
2022-04-19,Del Norte,015,27424,5828,5814,198,6012,50
2022-04-19,El Dorado,017,186661,26884,26821,3231,30052,209
2022-04-19,Fresno,019,978130,232043,231568,24152,255720,2740
2022-04-19,Glenn,021,27897,4991,4988,1619,6607,48
2022-04-19,Humboldt,023,135768,17069,16976,3008,19984,145
2022-04-19,Imperial,025,180216,55522,55405,10872,66277,910
2022-04-19,Inyo,027,18085,4080,4075,506,4581,56
2022-04-19,Kern,029,883053,192234,191915,46417,238332,2262
2022-04-19,Kings,031,150075,51608,51571,3628,55199,445
2022-04-19,Lake,033,64148,10730,10711,903,11614,134
2022-04-19,Lassen,035,31185,8972,8951,890,9841,65
2022-04-19,Los Angeles,037,10098052,2729747,2721699,126400,2848099,31630
2022-04-19,Madera,039,155013,37344,37333,6126,43459,354
2022-04-19,Marin,041,260295,34251,33985,2657,36642,288
2022-04-19,Mariposa,043,17540,2428,2412,206,2618,30
2022-04-19,Mendocino,045,87422,13190,13128,3070,16198,122
2022-04-19,Merced,047,269075,62301,62322,8735,71057,813
2022-04-19,Modoc,049,8938,745,744,253,997,8
2022-04-19,Mono,051,14174,2986,2984,128,3112,6
2022-04-19,Monterey,053,433212,79830,79419,14077,93496,727
2022-04-19,Napa,055,140530,26177,26016,1021,27037,143
2022-04-19,Nevada,057,99092,16070,16034,1226,17260,127
2022-04-19,Orange,059,3164182,550198,549136,42124,591260,6963
2022-04-19,Placer,061,380077,63152,62928,7471,70399,619
2022-04-19,Plumas,063,18699,2982,2932,372,3304,13
2022-04-19,Riverside,065,2383286,593481,592224,28362,620586,6447
2022-04-19,Sacramento,067,1510023,282520,279326,27392,306718,2987
2022-04-19,San Benito,069,59416,12962,12971,522,13493,98
2022-04-19,San Bernardino,071,2135413,568634,565405,25136,590541,6977
2022-04-19,San Diego,073,3302833,758587,757138,52924,810062,5231
2022-04-19,San Francisco,075,870044,128416,127594,8588,136182,854
2022-04-19,San Joaquin,077,732212,166982,166531,9984,176515,2222
2022-04-19,San Luis Obispo,079,281455,52834,52740,3846,56586,476
2022-04-19,San Mateo,081,765935,124622,123279,7279,130558,701
2022-04-19,Santa Barbara,083,443738,86550,86214,4833,91047,685
2022-04-19,Santa Clara,085,1922200,316855,316355,12749,329104,2274
2022-04-19,Santa Cruz,087,273765,48830,47997,2191,50188,261
2022-04-19,Shasta,089,179085,30637,30590,6169,36759,554
2022-04-19,Sierra,091,2930,274,276,48,324,4
2022-04-19,Siskiyou,093,43540,4457,4446,2768,7214,80
2022-04-19,Solano,095,438530,82078,81841,5620,87461,447
2022-04-19,Sonoma,097,501317,84802,84429,2784,87213,485
2022-04-19,Stanislaus,099,539301,117755,117540,17498,135038,1630
2022-04-19,Sutter,101,95872,20546,20632,2152,22784,224
2022-04-19,Tehama,103,63373,12067,12061,2628,14689,199
2022-04-19,Trinity,105,12862,1183,1178,295,1473,20
2022-04-19,Tulare,107,460477,106765,105974,28780,134754,1439
2022-04-19,Tuolumne,109,53932,12675,12648,571,13219,180
2022-04-19,Ventura,111,848112,174235,173904,9423,183327,1475
2022-04-19,Yolo,113,214977,37142,36785,3255,40040,311
2022-04-19,Yuba,115,75493,15899,15868,1226,17094,121
2022-04-18,Alameda,001,1643700,260229,258734,14480,273214,1832
2022-04-18,Alpine,003,1148,124,124,1,125,0
2022-04-18,Amador,005,37829,8557,8494,660,9154,86
2022-04-18,Butte,007,227075,33130,33083,6703,39786,408
2022-04-18,Calaveras,009,45235,7301,7288,360,7648,119
2022-04-18,Colusa,011,21464,3453,3453,1075,4528,21
2022-04-18,Contra Costa,013,1133247,190722,190042,13543,203585,1299
2022-04-18,Del Norte,015,27424,5823,5814,198,6012,50
2022-04-18,El Dorado,017,186661,26867,26821,3228,30049,209
2022-04-18,Fresno,019,978130,231997,231568,24141,255709,2740
2022-04-18,Glenn,021,27897,4990,4988,1617,6605,48
2022-04-18,Humboldt,023,135768,17038,16976,3006,19982,145
2022-04-18,Imperial,025,180216,55510,55405,10870,66275,910
2022-04-18,Inyo,027,18085,4080,4075,506,4581,56
2022-04-18,Kern,029,883053,192190,191915,46404,238319,2262
2022-04-18,Kings,031,150075,51603,51571,3628,55199,445
2022-04-18,Lake,033,64148,10726,10711,903,11614,134
2022-04-18,Lassen,035,31185,8972,8951,890,9841,65
2022-04-18,Los Angeles,037,10098052,2727936,2721699,126286,2847985,31630
2022-04-18,Madera,039,155013,37336,37333,6125,43458,354
2022-04-18,Marin,041,260295,34187,33985,2633,36618,288
2022-04-18,Mariposa,043,17540,2426,2412,206,2618,30
2022-04-18,Mendocino,045,87422,13174,13128,3064,16192,122
2022-04-18,Merced,047,269075,62289,62322,8729,71051,813
2022-04-18,Modoc,049,8938,744,744,253,997,8
2022-04-18,Mono,051,14174,2985,2984,128,3112,6
2022-04-18,Monterey,053,433212,79755,79419,14061,93480,727
2022-04-18,Napa,055,140530,26141,26016,1020,27036,143
2022-04-18,Nevada,057,99092,16060,16034,1224,17258,127
2022-04-18,Orange,059,3164182,549912,549136,42090,591226,6963
2022-04-18,Placer,061,380077,63121,62928,7469,70397,619
2022-04-18,Plumas,063,18699,2982,2932,372,3304,13
2022-04-18,Riverside,065,2383286,593270,592224,28342,620566,6447
2022-04-18,Sacramento,067,1510023,282361,279326,27379,306705,2987
2022-04-18,San Benito,069,59416,12956,12971,522,13493,98
2022-04-18,San Bernardino,071,2135413,568421,565405,25113,590518,6977
2022-04-18,San Diego,073,3302833,758123,757138,52874,810012,5231
2022-04-18,San Francisco,075,870044,128094,127594,8575,136169,854
2022-04-18,San Joaquin,077,732212,166924,166531,9977,176508,2222
2022-04-18,San Luis Obispo,079,281455,52806,52740,3841,56581,476
2022-04-18,San Mateo,081,765935,124389,123279,7257,130536,701
2022-04-18,Santa Barbara,083,443738,86480,86214,4830,91044,685
2022-04-18,Santa Clara,085,1922200,316405,316355,12724,329079,2274
2022-04-18,Santa Cruz,087,273765,48725,47997,2186,50183,261
2022-04-18,Shasta,089,179085,30632,30590,6167,36757,554
2022-04-18,Sierra,091,2930,274,276,48,324,4
2022-04-18,Siskiyou,093,43540,4456,4446,2767,7213,80
2022-04-18,Solano,095,438530,82018,81841,5615,87456,447
2022-04-18,Sonoma,097,501317,84703,84429,2770,87199,485
2022-04-18,Stanislaus,099,539301,117724,117540,17494,135034,1630
2022-04-18,Sutter,101,95872,20544,20632,2149,22781,224
2022-04-18,Tehama,103,63373,12063,12061,2628,14689,199
2022-04-18,Trinity,105,12862,1183,1178,295,1473,20
2022-04-18,Tulare,107,460477,106750,105974,28769,134743,1439
2022-04-18,Tuolumne,109,53932,12667,12648,570,13218,180
2022-04-18,Ventura,111,848112,174141,173904,9416,183320,1475
2022-04-18,Yolo,113,214977,37099,36785,3255,40040,311
2022-04-18,Yuba,115,75493,15890,15868,1223,17091,121
2022-04-17,Alameda,001,1643700,259833,257897,14454,272351,1829
2022-04-17,Alpine,003,1148,124,124,1,125,0
2022-04-17,Amador,005,37829,8551,8491,658,9149,86
2022-04-17,Butte,007,227075,33127,33053,6700,39753,405
2022-04-17,Calaveras,009,45235,7297,7275,358,7633,119
2022-04-17,Colusa,011,21464,3452,3450,1075,4525,21
2022-04-17,Contra Costa,013,1133247,190487,189742,13507,203249,1298
2022-04-17,Del Norte,015,27424,5818,5809,198,6007,50
2022-04-17,El Dorado,017,186661,26855,26796,3227,30023,209
2022-04-17,Fresno,019,978130,231921,231455,24135,255590,2739
2022-04-17,Glenn,021,27897,4990,4991,1617,6608,48
2022-04-17,Humboldt,023,135768,17004,16929,3003,19932,143
2022-04-17,Imperial,025,180216,55502,55371,10868,66239,910
2022-04-17,Inyo,027,18085,4077,4075,506,4581,56
2022-04-17,Kern,029,883053,192155,191866,46389,238255,2258
2022-04-17,Kings,031,150075,51592,51544,3626,55170,445
2022-04-17,Lake,033,64148,10725,10702,903,11605,134
2022-04-17,Lassen,035,31185,8972,8950,890,9840,65
2022-04-17,Los Angeles,037,10098052,2725982,2717479,126167,2843646,31598
2022-04-17,Madera,039,155013,37330,37362,6125,43487,354
2022-04-17,Marin,041,260295,34119,33829,2603,36432,288
2022-04-17,Mariposa,043,17540,2418,2406,206,2612,30
2022-04-17,Mendocino,045,87422,13159,13107,3060,16167,122
2022-04-17,Merced,047,269075,62270,62295,8726,71021,813
2022-04-17,Modoc,049,8938,744,743,253,996,8
2022-04-17,Mono,051,14174,2985,2977,128,3105,6
2022-04-17,Monterey,053,433212,79724,79311,14040,93351,727
2022-04-17,Napa,055,140530,26100,25929,1014,26943,143
2022-04-17,Nevada,057,99092,16045,16014,1221,17235,123
2022-04-17,Orange,059,3164182,549547,548311,42039,590350,6945
2022-04-17,Placer,061,380077,63081,62882,7463,70345,618
2022-04-17,Plumas,063,18699,2982,2929,372,3301,13
2022-04-17,Riverside,065,2383286,593048,591772,28320,620092,6443
2022-04-17,Sacramento,067,1510023,282193,278523,27353,305876,2978
2022-04-17,San Benito,069,59416,12953,12926,521,13447,98
2022-04-17,San Bernardino,071,2135413,568183,564397,25097,589494,6948
2022-04-17,San Diego,073,3302833,757644,756165,52806,808971,5229
2022-04-17,San Francisco,075,870044,127778,126976,8559,135535,854
2022-04-17,San Joaquin,077,732212,166873,166645,9969,176614,2220
2022-04-17,San Luis Obispo,079,281455,52737,52698,3837,56535,476
2022-04-17,San Mateo,081,765935,124150,122652,7240,129892,699
2022-04-17,Santa Barbara,083,443738,86421,86030,4824,90854,684
2022-04-17,Santa Clara,085,1922200,315898,315296,12696,327992,2268
2022-04-17,Santa Cruz,087,273765,48602,47895,2183,50078,261
2022-04-17,Shasta,089,179085,30621,30578,6163,36741,554
2022-04-17,Sierra,091,2930,274,276,48,324,4
2022-04-17,Siskiyou,093,43540,4451,4444,2766,7210,80
2022-04-17,Solano,095,438530,81953,81781,5612,87393,447
2022-04-17,Sonoma,097,501317,84593,84172,2762,86934,485
2022-04-17,Stanislaus,099,539301,117693,117567,17487,135054,1619
2022-04-17,Sutter,101,95872,20538,20621,2148,22769,224
2022-04-17,Tehama,103,63373,12062,12061,2628,14689,199
2022-04-17,Trinity,105,12862,1182,1178,295,1473,20
2022-04-17,Tulare,107,460477,106736,105757,28760,134517,1428
2022-04-17,Tuolumne,109,53932,12661,12640,570,13210,180
2022-04-17,Ventura,111,848112,174046,173665,9404,183069,1474
2022-04-17,Yolo,113,214977,37070,36752,3253,40005,311
2022-04-17,Yuba,115,75493,15882,15857,1223,17080,121
2022-04-16,Alameda,001,1643700,259679,257897,14444,272341,1829
2022-04-16,Alpine,003,1148,124,124,1,125,0
2022-04-16,Amador,005,37829,8550,8491,658,9149,86
2022-04-16,Butte,007,227075,33124,33053,6698,39751,405
2022-04-16,Calaveras,009,45235,7296,7275,358,7633,119
2022-04-16,Colusa,011,21464,3452,3450,1075,4525,21
2022-04-16,Contra Costa,013,1133247,190398,189742,13501,203243,1298
2022-04-16,Del Norte,015,27424,5818,5809,198,6007,50
2022-04-16,El Dorado,017,186661,26844,26796,3227,30023,209
2022-04-16,Fresno,019,978130,231895,231455,24134,255589,2739
2022-04-16,Glenn,021,27897,4990,4991,1617,6608,48
2022-04-16,Humboldt,023,135768,16997,16929,2998,19927,143
2022-04-16,Imperial,025,180216,55496,55371,10867,66238,910
2022-04-16,Inyo,027,18085,4077,4075,506,4581,56
2022-04-16,Kern,029,883053,192145,191866,46376,238242,2258
2022-04-16,Kings,031,150075,51589,51544,3626,55170,445
2022-04-16,Lake,033,64148,10723,10702,903,11605,134
2022-04-16,Lassen,035,31185,8972,8950,890,9840,65
2022-04-16,Los Angeles,037,10098052,2725292,2717479,126117,2843596,31598
2022-04-16,Madera,039,155013,37329,37362,6125,43487,354
2022-04-16,Marin,041,260295,34082,33829,2577,36406,288
2022-04-16,Mariposa,043,17540,2417,2406,206,2612,30
2022-04-16,Mendocino,045,87422,13153,13107,3060,16167,122
2022-04-16,Merced,047,269075,62267,62295,8726,71021,813
2022-04-16,Modoc,049,8938,744,743,253,996,8
2022-04-16,Mono,051,14174,2985,2977,128,3105,6
2022-04-16,Monterey,053,433212,79708,79311,14031,93342,727
2022-04-16,Napa,055,140530,26077,25929,1011,26940,143
2022-04-16,Nevada,057,99092,16042,16014,1220,17234,123
2022-04-16,Orange,059,3164182,549432,548311,42010,590321,6945
2022-04-16,Placer,061,380077,63066,62882,7461,70343,618
2022-04-16,Plumas,063,18699,2980,2929,372,3301,13
2022-04-16,Riverside,065,2383286,592970,591772,28314,620086,6443
2022-04-16,Sacramento,067,1510023,282142,278523,27345,305868,2978
2022-04-16,San Benito,069,59416,12952,12926,521,13447,98
2022-04-16,San Bernardino,071,2135413,568085,564397,25093,589490,6948
2022-04-16,San Diego,073,3302833,757499,756165,52794,808959,5229
2022-04-16,San Francisco,075,870044,127622,126976,8550,135526,854
2022-04-16,San Joaquin,077,732212,166835,166645,9965,176610,2220
2022-04-16,San Luis Obispo,079,281455,52731,52698,3836,56534,476
2022-04-16,San Mateo,081,765935,124054,122652,7235,129887,699
2022-04-16,Santa Barbara,083,443738,86392,86030,4824,90854,684
2022-04-16,Santa Clara,085,1922200,315654,315296,12687,327983,2268
2022-04-16,Santa Cruz,087,273765,48575,47895,2183,50078,261
2022-04-16,Shasta,089,179085,30617,30578,6163,36741,554
2022-04-16,Sierra,091,2930,274,276,48,324,4
2022-04-16,Siskiyou,093,43540,4451,4444,2766,7210,80
2022-04-16,Solano,095,438530,81938,81781,5609,87390,447
2022-04-16,Sonoma,097,501317,84543,84172,2752,86924,485
2022-04-16,Stanislaus,099,539301,117673,117567,17482,135049,1619
2022-04-16,Sutter,101,95872,20535,20621,2148,22769,224
2022-04-16,Tehama,103,63373,12061,12061,2628,14689,199
2022-04-16,Trinity,105,12862,1182,1178,295,1473,20
2022-04-16,Tulare,107,460477,106725,105757,28757,134514,1428
2022-04-16,Tuolumne,109,53932,12660,12640,570,13210,180
2022-04-16,Ventura,111,848112,174019,173665,9401,183066,1474
2022-04-16,Yolo,113,214977,37061,36752,3252,40004,311
2022-04-16,Yuba,115,75493,15880,15857,1223,17080,121
2022-04-15,Alameda,001,1643700,259494,257897,14437,272334,1829
2022-04-15,Alpine,003,1148,124,124,1,125,0
2022-04-15,Amador,005,37829,8549,8491,657,9148,86
2022-04-15,Butte,007,227075,33122,33053,6695,39748,405
2022-04-15,Calaveras,009,45235,7294,7275,358,7633,119
2022-04-15,Colusa,011,21464,3452,3450,1075,4525,21
2022-04-15,Contra Costa,013,1133247,190281,189742,13497,203239,1298
2022-04-15,Del Norte,015,27424,5818,5809,198,6007,50
2022-04-15,El Dorado,017,186661,26830,26796,3226,30022,209
2022-04-15,Fresno,019,978130,231866,231455,24134,255589,2739
2022-04-15,Glenn,021,27897,4990,4991,1617,6608,48
2022-04-15,Humboldt,023,135768,16985,16929,2997,19926,143
2022-04-15,Imperial,025,180216,55494,55371,10867,66238,910
2022-04-15,Inyo,027,18085,4077,4075,505,4580,56
2022-04-15,Kern,029,883053,192131,191866,46368,238234,2258
2022-04-15,Kings,031,150075,51585,51544,3626,55170,445
2022-04-15,Lake,033,64148,10718,10702,903,11605,134
2022-04-15,Lassen,035,31185,8972,8950,890,9840,65
2022-04-15,Los Angeles,037,10098052,2724530,2717479,126049,2843528,31598
2022-04-15,Madera,039,155013,37327,37362,6125,43487,354
2022-04-15,Marin,041,260295,34048,33829,2556,36385,288
2022-04-15,Mariposa,043,17540,2416,2406,206,2612,30
2022-04-15,Mendocino,045,87422,13147,13107,3059,16166,122
2022-04-15,Merced,047,269075,62263,62295,8726,71021,813
2022-04-15,Modoc,049,8938,744,743,253,996,8
2022-04-15,Mono,051,14174,2981,2977,127,3104,6
2022-04-15,Monterey,053,433212,79683,79311,14025,93336,727
2022-04-15,Napa,055,140530,26060,25929,1009,26938,143
2022-04-15,Nevada,057,99092,16040,16014,1219,17233,123
2022-04-15,Orange,059,3164182,549311,548311,41980,590291,6945
2022-04-15,Placer,061,380077,63052,62882,7460,70342,618
2022-04-15,Plumas,063,18699,2980,2929,372,3301,13
2022-04-15,Riverside,065,2383286,592871,591772,28308,620080,6443
2022-04-15,Sacramento,067,1510023,282059,278523,27341,305864,2978
2022-04-15,San Benito,069,59416,12950,12926,520,13446,98
2022-04-15,San Bernardino,071,2135413,568004,564397,25090,589487,6948
2022-04-15,San Diego,073,3302833,757308,756165,52779,808944,5229
2022-04-15,San Francisco,075,870044,127471,126976,8537,135513,854
2022-04-15,San Joaquin,077,732212,166812,166645,9962,176607,2220
2022-04-15,San Luis Obispo,079,281455,52723,52698,3836,56534,476
2022-04-15,San Mateo,081,765935,123918,122652,7225,129877,699
2022-04-15,Santa Barbara,083,443738,86358,86030,4823,90853,684
2022-04-15,Santa Clara,085,1922200,315361,315296,12680,327976,2268
2022-04-15,Santa Cruz,087,273765,48545,47895,2182,50077,261
2022-04-15,Shasta,089,179085,30608,30578,6163,36741,554
2022-04-15,Sierra,091,2930,274,276,48,324,4
2022-04-15,Siskiyou,093,43540,4449,4444,2766,7210,80
2022-04-15,Solano,095,438530,81910,81781,5609,87390,447
2022-04-15,Sonoma,097,501317,84492,84172,2737,86909,485
2022-04-15,Stanislaus,099,539301,117654,117567,17480,135047,1619
2022-04-15,Sutter,101,95872,20532,20621,2148,22769,224
2022-04-15,Tehama,103,63373,12061,12061,2628,14689,199
2022-04-15,Trinity,105,12862,1182,1178,295,1473,20
2022-04-15,Tulare,107,460477,106719,105757,28751,134508,1428
2022-04-15,Tuolumne,109,53932,12658,12640,569,13209,180
2022-04-15,Ventura,111,848112,173990,173665,9394,183059,1474
2022-04-15,Yolo,113,214977,37051,36752,3252,40004,311
2022-04-15,Yuba,115,75493,15877,15857,1223,17080,121
2022-04-14,Alameda,001,1643700,259219,257897,14426,272323,1829
2022-04-14,Alpine,003,1148,124,124,1,125,0
2022-04-14,Amador,005,37829,8549,8491,657,9148,86
2022-04-14,Butte,007,227075,33117,33053,6689,39742,405
2022-04-14,Calaveras,009,45235,7293,7275,358,7633,119
2022-04-14,Colusa,011,21464,3452,3450,1075,4525,21
2022-04-14,Contra Costa,013,1133247,190120,189742,13487,203229,1298
2022-04-14,Del Norte,015,27424,5816,5809,198,6007,50
2022-04-14,El Dorado,017,186661,26827,26796,3224,30020,209
2022-04-14,Fresno,019,978130,231840,231455,24133,255588,2739
2022-04-14,Glenn,021,27897,4989,4991,1615,6606,48
2022-04-14,Humboldt,023,135768,16972,16929,2995,19924,143
2022-04-14,Imperial,025,180216,55484,55371,10867,66238,910
2022-04-14,Inyo,027,18085,4077,4075,504,4579,56
2022-04-14,Kern,029,883053,192111,191866,46360,238226,2258
2022-04-14,Kings,031,150075,51577,51544,3626,55170,445
2022-04-14,Lake,033,64148,10717,10702,903,11605,134
2022-04-14,Lassen,035,31185,8972,8950,889,9839,65
2022-04-14,Los Angeles,037,10098052,2723451,2717479,125957,2843436,31598
2022-04-14,Madera,039,155013,37325,37362,6125,43487,354
2022-04-14,Marin,041,260295,34012,33829,2529,36358,288
2022-04-14,Mariposa,043,17540,2415,2406,206,2612,30
2022-04-14,Mendocino,045,87422,13142,13107,3059,16166,122
2022-04-14,Merced,047,269075,62258,62295,8726,71021,813
2022-04-14,Modoc,049,8938,743,743,253,996,8
2022-04-14,Mono,051,14174,2981,2977,125,3102,6
2022-04-14,Monterey,053,433212,79658,79311,14019,93330,727
2022-04-14,Napa,055,140530,26037,25929,1008,26937,143
2022-04-14,Nevada,057,99092,16033,16014,1218,17232,123
2022-04-14,Orange,059,3164182,549124,548311,41952,590263,6945
2022-04-14,Placer,061,380077,63035,62882,7455,70337,618
2022-04-14,Plumas,063,18699,2980,2929,372,3301,13
2022-04-14,Riverside,065,2383286,592754,591772,28298,620070,6443
2022-04-14,Sacramento,067,1510023,281930,278523,27327,305850,2978
2022-04-14,San Benito,069,59416,12944,12926,520,13446,98
2022-04-14,San Bernardino,071,2135413,567828,564397,25084,589481,6948
2022-04-14,San Diego,073,3302833,757031,756165,52746,808911,5229
2022-04-14,San Francisco,075,870044,127264,126976,8525,135501,854
2022-04-14,San Joaquin,077,732212,166783,166645,9959,176604,2220
2022-04-14,San Luis Obispo,079,281455,52707,52698,3833,56531,476
2022-04-14,San Mateo,081,765935,123756,122652,7206,129858,699
2022-04-14,Santa Barbara,083,443738,86312,86030,4822,90852,684
2022-04-14,Santa Clara,085,1922200,315052,315296,12671,327967,2268
2022-04-14,Santa Cruz,087,273765,48513,47895,2181,50076,261
2022-04-14,Shasta,089,179085,30606,30578,6162,36740,554
2022-04-14,Sierra,091,2930,274,276,48,324,4
2022-04-14,Siskiyou,093,43540,4449,4444,2765,7209,80
2022-04-14,Solano,095,438530,81869,81781,5606,87387,447
2022-04-14,Sonoma,097,501317,84397,84172,2732,86904,485
2022-04-14,Stanislaus,099,539301,117634,117567,17477,135044,1619
2022-04-14,Sutter,101,95872,20530,20621,2139,22760,224
2022-04-14,Tehama,103,63373,12060,12061,2627,14688,199
2022-04-14,Trinity,105,12862,1182,1178,295,1473,20
2022-04-14,Tulare,107,460477,106705,105757,28747,134504,1428
2022-04-14,Tuolumne,109,53932,12654,12640,569,13209,180
2022-04-14,Ventura,111,848112,173939,173665,9387,183052,1474
2022-04-14,Yolo,113,214977,37040,36752,3248,40000,311
2022-04-14,Yuba,115,75493,15874,15857,1223,17080,121
2022-04-13,Alameda,001,1643700,258967,257440,14407,271847,1833
2022-04-13,Alpine,003,1148,124,124,1,125,0
2022-04-13,Amador,005,37829,8547,8490,657,9147,86
2022-04-13,Butte,007,227075,33109,33044,6689,39733,402
2022-04-13,Calaveras,009,45235,7292,7270,358,7628,119
2022-04-13,Colusa,011,21464,3452,3451,1075,4526,21
2022-04-13,Contra Costa,013,1133247,189992,189471,13473,202944,1298
2022-04-13,Del Norte,015,27424,5814,5812,198,6010,50
2022-04-13,El Dorado,017,186661,26823,26794,3224,30018,208
2022-04-13,Fresno,019,978130,231808,231325,24121,255446,2738
2022-04-13,Glenn,021,27897,4988,4989,1615,6604,48
2022-04-13,Humboldt,023,135768,16960,16922,2994,19916,143
2022-04-13,Imperial,025,180216,55472,55353,10862,66215,910
2022-04-13,Inyo,027,18085,4077,4074,501,4575,56
2022-04-13,Kern,029,883053,192088,191859,46354,238213,2249
2022-04-13,Kings,031,150075,51571,51535,3626,55161,443
2022-04-13,Lake,033,64148,10715,10695,903,11598,134
2022-04-13,Lassen,035,31185,8971,8949,889,9838,65
2022-04-13,Los Angeles,037,10098052,2722195,2715722,125883,2841605,31578
2022-04-13,Madera,039,155013,37322,37361,6124,43485,354
2022-04-13,Marin,041,260295,33973,33747,2499,36246,288
2022-04-13,Mariposa,043,17540,2409,2402,206,2608,29
2022-04-13,Mendocino,045,87422,13133,13101,3057,16158,120
2022-04-13,Merced,047,269075,62247,62276,8725,71001,811
2022-04-13,Modoc,049,8938,743,743,253,996,8
2022-04-13,Mono,051,14174,2979,2971,125,3096,6
2022-04-13,Monterey,053,433212,79644,79179,14009,93188,727
2022-04-13,Napa,055,140530,26021,25892,1005,26897,143
2022-04-13,Nevada,057,99092,16027,16002,1218,17220,123
2022-04-13,Orange,059,3164182,548924,547783,41925,589708,6935
2022-04-13,Placer,061,380077,63007,62851,7450,70301,615
2022-04-13,Plumas,063,18699,2979,2923,372,3295,13
2022-04-13,Riverside,065,2383286,592624,591659,28290,619949,6437
2022-04-13,Sacramento,067,1510023,281843,277866,27324,305190,2974
2022-04-13,San Benito,069,59416,12938,12927,520,13447,98
2022-04-13,San Bernardino,071,2135413,567686,563709,25076,588785,6905
2022-04-13,San Diego,073,3302833,756747,755584,52717,808301,5223
2022-04-13,San Francisco,075,870044,127092,126608,8509,135117,850
2022-04-13,San Joaquin,077,732212,166749,166654,9955,176609,2219
2022-04-13,San Luis Obispo,079,281455,52683,52660,3833,56493,476
2022-04-13,San Mateo,081,765935,123606,122167,7184,129351,699
2022-04-13,Santa Barbara,083,443738,86274,85938,4818,90756,684
2022-04-13,Santa Clara,085,1922200,314785,314863,12653,327516,2267
2022-04-13,Santa Cruz,087,273765,48459,47765,2180,49945,260
2022-04-13,Shasta,089,179085,30604,30569,6162,36731,551
2022-04-13,Sierra,091,2930,274,276,48,324,4
2022-04-13,Siskiyou,093,43540,4448,4444,2764,7208,80
2022-04-13,Solano,095,438530,81831,81843,5604,87447,448
2022-04-13,Sonoma,097,501317,84330,84033,2717,86750,485
2022-04-13,Stanislaus,099,539301,117617,117573,17474,135047,1577
2022-04-13,Sutter,101,95872,20526,20610,2139,22749,223
2022-04-13,Tehama,103,63373,12059,12062,2626,14688,200
2022-04-13,Trinity,105,12862,1182,1177,295,1472,20
2022-04-13,Tulare,107,460477,106698,105519,28742,134261,1426
2022-04-13,Tuolumne,109,53932,12648,12639,569,13208,180
2022-04-13,Ventura,111,848112,173882,173558,9383,182941,1474
2022-04-13,Yolo,113,214977,37019,36684,3246,39930,311
2022-04-13,Yuba,115,75493,15870,15851,1223,17074,121
2022-04-12,Alameda,001,1643700,258721,257440,14397,271837,1833
2022-04-12,Alpine,003,1148,124,124,1,125,0
2022-04-12,Amador,005,37829,8546,8490,657,9147,86
2022-04-12,Butte,007,227075,33097,33044,6684,39728,402
2022-04-12,Calaveras,009,45235,7288,7270,357,7627,119
2022-04-12,Colusa,011,21464,3452,3451,1075,4526,21
2022-04-12,Contra Costa,013,1133247,189827,189471,13459,202930,1298
2022-04-12,Del Norte,015,27424,5811,5812,198,6010,50
2022-04-12,El Dorado,017,186661,26811,26794,3224,30018,208
2022-04-12,Fresno,019,978130,231778,231325,24114,255439,2738
2022-04-12,Glenn,021,27897,4988,4989,1615,6604,48
2022-04-12,Humboldt,023,135768,16952,16922,2993,19915,143
2022-04-12,Imperial,025,180216,55467,55353,10854,66207,910
2022-04-12,Inyo,027,18085,4077,4074,500,4574,56
2022-04-12,Kern,029,883053,192069,191859,46345,238204,2249
2022-04-12,Kings,031,150075,51563,51535,3624,55159,443
2022-04-12,Lake,033,64148,10711,10695,902,11597,134
2022-04-12,Lassen,035,31185,8971,8949,889,9838,65
2022-04-12,Los Angeles,037,10098052,2720958,2715722,125783,2841505,31578
2022-04-12,Madera,039,155013,37321,37361,6124,43485,354
2022-04-12,Marin,041,260295,33928,33747,2472,36219,288
2022-04-12,Mariposa,043,17540,2409,2402,206,2608,29
2022-04-12,Mendocino,045,87422,13124,13101,3052,16153,120
2022-04-12,Merced,047,269075,62233,62276,8722,70998,811
2022-04-12,Modoc,049,8938,743,743,253,996,8
2022-04-12,Mono,051,14174,2979,2971,125,3096,6
2022-04-12,Monterey,053,433212,79620,79179,14003,93182,727
2022-04-12,Napa,055,140530,25998,25892,995,26887,143
2022-04-12,Nevada,057,99092,16024,16002,1217,17219,123
2022-04-12,Orange,059,3164182,548673,547783,41890,589673,6935
2022-04-12,Placer,061,380077,62984,62851,7444,70295,615
2022-04-12,Plumas,063,18699,2977,2923,372,3295,13
2022-04-12,Riverside,065,2383286,592479,591659,28268,619927,6437
2022-04-12,Sacramento,067,1510023,281724,277866,27322,305188,2974
2022-04-12,San Benito,069,59416,12934,12927,519,13446,98
2022-04-12,San Bernardino,071,2135413,567514,563709,25071,588780,6905
2022-04-12,San Diego,073,3302833,756418,755584,52678,808262,5223
2022-04-12,San Francisco,075,870044,126882,126608,8493,135101,850
2022-04-12,San Joaquin,077,732212,166718,166654,9953,176607,2219
2022-04-12,San Luis Obispo,079,281455,52650,52660,3828,56488,476
2022-04-12,San Mateo,081,765935,123447,122167,7157,129324,699
2022-04-12,Santa Barbara,083,443738,86227,85938,4815,90753,684
2022-04-12,Santa Clara,085,1922200,314484,314863,12645,327508,2267
2022-04-12,Santa Cruz,087,273765,48381,47765,2178,49943,260
2022-04-12,Shasta,089,179085,30604,30569,6161,36730,551
2022-04-12,Sierra,091,2930,274,276,48,324,4
2022-04-12,Siskiyou,093,43540,4448,4444,2762,7206,80
2022-04-12,Solano,095,438530,81794,81843,5602,87445,448
2022-04-12,Sonoma,097,501317,84272,84033,2711,86744,485
2022-04-12,Stanislaus,099,539301,117597,117573,17468,135041,1577
2022-04-12,Sutter,101,95872,20523,20610,2139,22749,223
2022-04-12,Tehama,103,63373,12057,12062,2626,14688,200
2022-04-12,Trinity,105,12862,1182,1177,295,1472,20
2022-04-12,Tulare,107,460477,106684,105519,28737,134256,1426
2022-04-12,Tuolumne,109,53932,12646,12639,567,13206,180
2022-04-12,Ventura,111,848112,173835,173558,9379,182937,1474
2022-04-12,Yolo,113,214977,37005,36684,3239,39923,311
2022-04-12,Yuba,115,75493,15865,15851,1223,17074,121
2022-04-11,Alameda,001,1643700,258424,256649,14380,271029,1826
2022-04-11,Alpine,003,1148,124,124,1,125,0
2022-04-11,Amador,005,37829,8545,8489,657,9146,86
2022-04-11,Butte,007,227075,33084,33031,6681,39712,399
2022-04-11,Calaveras,009,45235,7285,7260,357,7617,119
2022-04-11,Colusa,011,21464,3450,3449,1075,4524,21
2022-04-11,Contra Costa,013,1133247,189652,189154,13443,202597,1296
2022-04-11,Del Norte,015,27424,5810,5811,198,6009,50
2022-04-11,El Dorado,017,186661,26799,26757,3223,29980,207
2022-04-11,Fresno,019,978130,231758,231090,24113,255203,2731
2022-04-11,Glenn,021,27897,4987,4988,1614,6602,47
2022-04-11,Humboldt,023,135768,16936,16913,2993,19906,141
2022-04-11,Imperial,025,180216,55462,55267,10852,66119,910
2022-04-11,Inyo,027,18085,4077,4071,500,4571,56
2022-04-11,Kern,029,883053,192045,191542,46340,237882,2244
2022-04-11,Kings,031,150075,51559,51519,3624,55143,443
2022-04-11,Lake,033,64148,10710,10690,901,11591,134
2022-04-11,Lassen,035,31185,8971,8948,889,9837,65
2022-04-11,Los Angeles,037,10098052,2719716,2709735,125710,2835445,31509
2022-04-11,Madera,039,155013,37314,37356,6124,43480,354
2022-04-11,Marin,041,260295,33872,33648,2453,36101,288
2022-04-11,Mariposa,043,17540,2408,2394,206,2600,29
2022-04-11,Mendocino,045,87422,13120,13087,3050,16137,120
2022-04-11,Merced,047,269075,62223,62231,8720,70951,811
2022-04-11,Modoc,049,8938,743,743,253,996,8
2022-04-11,Mono,051,14174,2978,2967,124,3091,6
2022-04-11,Monterey,053,433212,79601,79103,13992,93095,727
2022-04-11,Napa,055,140530,25982,25824,993,26817,144
2022-04-11,Nevada,057,99092,16020,15976,1217,17193,123
2022-04-11,Orange,059,3164182,548469,546983,41855,588838,6912
2022-04-11,Placer,061,380077,62961,62831,7442,70273,616
2022-04-11,Plumas,063,18699,2975,2887,372,3259,13
2022-04-11,Riverside,065,2383286,592351,591268,28250,619518,6429
2022-04-11,Sacramento,067,1510023,281623,277125,27319,304444,2972
2022-04-11,San Benito,069,59416,12932,12917,519,13436,98
2022-04-11,San Bernardino,071,2135413,567360,562571,25061,587632,6892
2022-04-11,San Diego,073,3302833,756093,754281,52641,806922,5210
2022-04-11,San Francisco,075,870044,126653,125963,8478,134441,844
2022-04-11,San Joaquin,077,732212,166680,166547,9948,176495,2212
2022-04-11,San Luis Obispo,079,281455,52627,52609,3827,56436,476
2022-04-11,San Mateo,081,765935,123258,121514,7146,128660,698
2022-04-11,Santa Barbara,083,443738,86178,85754,4810,90564,680
2022-04-11,Santa Clara,085,1922200,314124,313965,12630,326595,2266
2022-04-11,Santa Cruz,087,273765,48285,47624,2169,49793,259
2022-04-11,Shasta,089,179085,30599,30586,6160,36746,549
2022-04-11,Sierra,091,2930,274,272,48,320,4
2022-04-11,Siskiyou,093,43540,4448,4444,2760,7204,80
2022-04-11,Solano,095,438530,81769,81886,5601,87487,448
2022-04-11,Sonoma,097,501317,84200,83600,2703,86303,485
2022-04-11,Stanislaus,099,539301,117563,117528,17460,134988,1578
2022-04-11,Sutter,101,95872,20520,20591,2139,22730,223
2022-04-11,Tehama,103,63373,12056,12059,2626,14685,201
2022-04-11,Trinity,105,12862,1182,1177,295,1472,20
2022-04-11,Tulare,107,460477,106673,105278,28729,134007,1415
2022-04-11,Tuolumne,109,53932,12643,12632,567,13199,180
2022-04-11,Ventura,111,848112,173777,173343,9378,182721,1467
2022-04-11,Yolo,113,214977,36986,36587,3236,39823,312
2022-04-11,Yuba,115,75493,15862,15848,1222,17070,121
2022-04-10,Alameda,001,1643700,258084,256649,14367,271016,1826
2022-04-10,Alpine,003,1148,124,124,1,125,0
2022-04-10,Amador,005,37829,8543,8489,657,9146,86
2022-04-10,Butte,007,227075,33080,33031,6678,39709,399
2022-04-10,Calaveras,009,45235,7282,7260,357,7617,119
2022-04-10,Colusa,011,21464,3449,3449,1075,4524,21
2022-04-10,Contra Costa,013,1133247,189486,189154,13426,202580,1296
2022-04-10,Del Norte,015,27424,5807,5811,198,6009,50
2022-04-10,El Dorado,017,186661,26792,26757,3221,29978,207
2022-04-10,Fresno,019,978130,231720,231090,24111,255201,2731
2022-04-10,Glenn,021,27897,4987,4988,1614,6602,47
2022-04-10,Humboldt,023,135768,16926,16913,2992,19905,141
2022-04-10,Imperial,025,180216,55459,55267,10848,66115,910
2022-04-10,Inyo,027,18085,4077,4071,498,4569,56
2022-04-10,Kern,029,883053,192026,191542,46335,237877,2244
2022-04-10,Kings,031,150075,51557,51519,3624,55143,443
2022-04-10,Lake,033,64148,10706,10690,899,11589,134
2022-04-10,Lassen,035,31185,8970,8948,889,9837,65
2022-04-10,Los Angeles,037,10098052,2718419,2709735,125618,2835353,31509
2022-04-10,Madera,039,155013,37309,37356,6123,43479,354
2022-04-10,Marin,041,260295,33832,33648,2425,36073,288
2022-04-10,Mariposa,043,17540,2406,2394,206,2600,29
2022-04-10,Mendocino,045,87422,13112,13087,3049,16136,120
2022-04-10,Merced,047,269075,62211,62231,8717,70948,811
2022-04-10,Modoc,049,8938,743,743,253,996,8
2022-04-10,Mono,051,14174,2973,2967,124,3091,6
2022-04-10,Monterey,053,433212,79586,79103,13982,93085,727
2022-04-10,Napa,055,140530,25960,25824,991,26815,144
2022-04-10,Nevada,057,99092,16003,15976,1217,17193,123
2022-04-10,Orange,059,3164182,548216,546983,41814,588797,6912
2022-04-10,Placer,061,380077,62930,62831,7441,70272,616
2022-04-10,Plumas,063,18699,2973,2887,372,3259,13
2022-04-10,Riverside,065,2383286,592214,591268,28238,619506,6429
2022-04-10,Sacramento,067,1510023,281524,277125,27308,304433,2972
2022-04-10,San Benito,069,59416,12929,12917,519,13436,98
2022-04-10,San Bernardino,071,2135413,567126,562571,25051,587622,6892
2022-04-10,San Diego,073,3302833,755770,754281,52597,806878,5210
2022-04-10,San Francisco,075,870044,126415,125963,8463,134426,844
2022-04-10,San Joaquin,077,732212,166629,166547,9941,176488,2212
2022-04-10,San Luis Obispo,079,281455,52593,52609,3824,56433,476
2022-04-10,San Mateo,081,765935,123088,121514,7134,128648,698
2022-04-10,Santa Barbara,083,443738,86094,85754,4801,90555,680
2022-04-10,Santa Clara,085,1922200,313777,313965,12616,326581,2266
2022-04-10,Santa Cruz,087,273765,48193,47624,2166,49790,259
2022-04-10,Shasta,089,179085,30592,30586,6160,36746,549
2022-04-10,Sierra,091,2930,274,272,48,320,4
2022-04-10,Siskiyou,093,43540,4448,4444,2758,7202,80
2022-04-10,Solano,095,438530,81720,81886,5597,87483,448
2022-04-10,Sonoma,097,501317,84099,83600,2699,86299,485
2022-04-10,Stanislaus,099,539301,117539,117528,17453,134981,1578
2022-04-10,Sutter,101,95872,20516,20591,2135,22726,223
2022-04-10,Tehama,103,63373,12054,12059,2626,14685,201
2022-04-10,Trinity,105,12862,1182,1177,295,1472,20
2022-04-10,Tulare,107,460477,106657,105278,28724,134002,1415
2022-04-10,Tuolumne,109,53932,12636,12632,567,13199,180
2022-04-10,Ventura,111,848112,173699,173343,9375,182718,1467
2022-04-10,Yolo,113,214977,36967,36587,3231,39818,312
2022-04-10,Yuba,115,75493,15861,15848,1222,17070,121
2022-04-09,Alameda,001,1643700,257911,256649,14362,271011,1826
2022-04-09,Alpine,003,1148,124,124,1,125,0
2022-04-09,Amador,005,37829,8543,8489,656,9145,86
2022-04-09,Butte,007,227075,33077,33031,6677,39708,399
2022-04-09,Calaveras,009,45235,7281,7260,357,7617,119
2022-04-09,Colusa,011,21464,3448,3449,1075,4524,21
2022-04-09,Contra Costa,013,1133247,189389,189154,13418,202572,1296
2022-04-09,Del Norte,015,27424,5806,5811,198,6009,50
2022-04-09,El Dorado,017,186661,26785,26757,3221,29978,207
2022-04-09,Fresno,019,978130,231699,231090,24111,255201,2731
2022-04-09,Glenn,021,27897,4987,4988,1614,6602,47
2022-04-09,Humboldt,023,135768,16919,16913,2992,19905,141
2022-04-09,Imperial,025,180216,55455,55267,10847,66114,910
2022-04-09,Inyo,027,18085,4077,4071,498,4569,56
2022-04-09,Kern,029,883053,192015,191542,46330,237872,2244
2022-04-09,Kings,031,150075,51551,51519,3624,55143,443
2022-04-09,Lake,033,64148,10704,10690,899,11589,134
2022-04-09,Lassen,035,31185,8970,8948,889,9837,65
2022-04-09,Los Angeles,037,10098052,2717750,2709735,125549,2835284,31509
2022-04-09,Madera,039,155013,37306,37356,6123,43479,354
2022-04-09,Marin,041,260295,33798,33648,2382,36030,288
2022-04-09,Mariposa,043,17540,2406,2394,206,2600,29
2022-04-09,Mendocino,045,87422,13111,13087,3049,16136,120
2022-04-09,Merced,047,269075,62194,62231,8715,70946,811
2022-04-09,Modoc,049,8938,743,743,253,996,8
2022-04-09,Mono,051,14174,2972,2967,124,3091,6
2022-04-09,Monterey,053,433212,79577,79103,13978,93081,727
2022-04-09,Napa,055,140530,25936,25824,991,26815,144
2022-04-09,Nevada,057,99092,16000,15976,1217,17193,123
2022-04-09,Orange,059,3164182,548093,546983,41793,588776,6912
2022-04-09,Placer,061,380077,62914,62831,7439,70270,616
2022-04-09,Plumas,063,18699,2973,2887,372,3259,13
2022-04-09,Riverside,065,2383286,592125,591268,28228,619496,6429
2022-04-09,Sacramento,067,1510023,281477,277125,27306,304431,2972
2022-04-09,San Benito,069,59416,12928,12917,519,13436,98
2022-04-09,San Bernardino,071,2135413,567063,562571,25046,587617,6892
2022-04-09,San Diego,073,3302833,755622,754281,52583,806864,5210
2022-04-09,San Francisco,075,870044,126294,125963,8457,134420,844
2022-04-09,San Joaquin,077,732212,166615,166547,9938,176485,2212
2022-04-09,San Luis Obispo,079,281455,52593,52609,3821,56430,476
2022-04-09,San Mateo,081,765935,122997,121514,7128,128642,698
2022-04-09,Santa Barbara,083,443738,86062,85754,4801,90555,680
2022-04-09,Santa Clara,085,1922200,313585,313965,12611,326576,2266
2022-04-09,Santa Cruz,087,273765,48160,47624,2164,49788,259
2022-04-09,Shasta,089,179085,30590,30586,6160,36746,549
2022-04-09,Sierra,091,2930,274,272,48,320,4
2022-04-09,Siskiyou,093,43540,4447,4444,2757,7201,80
2022-04-09,Solano,095,438530,81702,81886,5596,87482,448
2022-04-09,Sonoma,097,501317,84061,83600,2695,86295,485
2022-04-09,Stanislaus,099,539301,117528,117528,17451,134979,1578
2022-04-09,Sutter,101,95872,20515,20591,2135,22726,223
2022-04-09,Tehama,103,63373,12054,12059,2626,14685,201
2022-04-09,Trinity,105,12862,1182,1177,295,1472,20
2022-04-09,Tulare,107,460477,106654,105278,28722,134000,1415
2022-04-09,Tuolumne,109,53932,12634,12632,567,13199,180
2022-04-09,Ventura,111,848112,173664,173343,9372,182715,1467
2022-04-09,Yolo,113,214977,36950,36587,3231,39818,312
2022-04-09,Yuba,115,75493,15859,15848,1222,17070,121
2022-04-08,Alameda,001,1643700,257752,256649,14356,271005,1826
2022-04-08,Alpine,003,1148,124,124,1,125,0
2022-04-08,Amador,005,37829,8541,8489,655,9144,86
2022-04-08,Butte,007,227075,33071,33031,6674,39705,399
2022-04-08,Calaveras,009,45235,7279,7260,357,7617,119
2022-04-08,Colusa,011,21464,3448,3449,1075,4524,21
2022-04-08,Contra Costa,013,1133247,189313,189154,13408,202562,1296
2022-04-08,Del Norte,015,27424,5804,5811,198,6009,50
2022-04-08,El Dorado,017,186661,26783,26757,3221,29978,207
2022-04-08,Fresno,019,978130,231678,231090,24110,255200,2731
2022-04-08,Glenn,021,27897,4987,4988,1614,6602,47
2022-04-08,Humboldt,023,135768,16915,16913,2990,19903,141
2022-04-08,Imperial,025,180216,55451,55267,10847,66114,910
2022-04-08,Inyo,027,18085,4076,4071,497,4568,56
2022-04-08,Kern,029,883053,191997,191542,46329,237871,2244
2022-04-08,Kings,031,150075,51546,51519,3624,55143,443
2022-04-08,Lake,033,64148,10704,10690,899,11589,134
2022-04-08,Lassen,035,31185,8970,8948,889,9837,65
2022-04-08,Los Angeles,037,10098052,2717132,2709735,125495,2835230,31509
2022-04-08,Madera,039,155013,37304,37356,6122,43478,354
2022-04-08,Marin,041,260295,33780,33648,2366,36014,288
2022-04-08,Mariposa,043,17540,2406,2394,206,2600,29
2022-04-08,Mendocino,045,87422,13109,13087,3049,16136,120
2022-04-08,Merced,047,269075,62187,62231,8713,70944,811
2022-04-08,Modoc,049,8938,743,743,253,996,8
2022-04-08,Mono,051,14174,2971,2967,124,3091,6
2022-04-08,Monterey,053,433212,79567,79103,13977,93080,727
2022-04-08,Napa,055,140530,25924,25824,984,26808,144
2022-04-08,Nevada,057,99092,15997,15976,1216,17192,123
2022-04-08,Orange,059,3164182,547973,546983,41778,588761,6912
2022-04-08,Placer,061,380077,62896,62831,7437,70268,616
2022-04-08,Plumas,063,18699,2970,2887,372,3259,13
2022-04-08,Riverside,065,2383286,592046,591268,28225,619493,6429
2022-04-08,Sacramento,067,1510023,281430,277125,27304,304429,2972
2022-04-08,San Benito,069,59416,12928,12917,519,13436,98
2022-04-08,San Bernardino,071,2135413,567010,562571,25043,587614,6892
2022-04-08,San Diego,073,3302833,755454,754281,52575,806856,5210
2022-04-08,San Francisco,075,870044,126197,125963,8453,134416,844
2022-04-08,San Joaquin,077,732212,166598,166547,9936,176483,2212
2022-04-08,San Luis Obispo,079,281455,52588,52609,3821,56430,476
2022-04-08,San Mateo,081,765935,122892,121514,7123,128637,698
2022-04-08,Santa Barbara,083,443738,86041,85754,4801,90555,680
2022-04-08,Santa Clara,085,1922200,313405,313965,12604,326569,2266
2022-04-08,Santa Cruz,087,273765,48143,47624,2161,49785,259
2022-04-08,Shasta,089,179085,30587,30586,6160,36746,549
2022-04-08,Sierra,091,2930,274,272,48,320,4
2022-04-08,Siskiyou,093,43540,4447,4444,2757,7201,80
2022-04-08,Solano,095,438530,81683,81886,5595,87481,448
2022-04-08,Sonoma,097,501317,84010,83600,2690,86290,485
2022-04-08,Stanislaus,099,539301,117513,117528,17450,134978,1578
2022-04-08,Sutter,101,95872,20515,20591,2135,22726,223
2022-04-08,Tehama,103,63373,12054,12059,2626,14685,201
2022-04-08,Trinity,105,12862,1182,1177,295,1472,20
2022-04-08,Tulare,107,460477,106650,105278,28718,133996,1415
2022-04-08,Tuolumne,109,53932,12633,12632,567,13199,180
2022-04-08,Ventura,111,848112,173634,173343,9370,182713,1467
2022-04-08,Yolo,113,214977,36941,36587,3230,39817,312
2022-04-08,Yuba,115,75493,15858,15848,1222,17070,121
2022-04-07,Alameda,001,1643700,257553,256649,14348,270997,1826
2022-04-07,Alpine,003,1148,124,124,1,125,0
2022-04-07,Amador,005,37829,8540,8489,653,9142,86
2022-04-07,Butte,007,227075,33068,33031,6673,39704,399
2022-04-07,Calaveras,009,45235,7277,7260,357,7617,119
2022-04-07,Colusa,011,21464,3447,3449,1075,4524,21
2022-04-07,Contra Costa,013,1133247,189193,189154,13397,202551,1296
2022-04-07,Del Norte,015,27424,5803,5811,198,6009,50
2022-04-07,El Dorado,017,186661,26771,26757,3219,29976,207
2022-04-07,Fresno,019,978130,231652,231090,24108,255198,2731
2022-04-07,Glenn,021,27897,4985,4988,1613,6601,47
2022-04-07,Humboldt,023,135768,16908,16913,2988,19901,141
2022-04-07,Imperial,025,180216,55449,55267,10844,66111,910
2022-04-07,Inyo,027,18085,4076,4071,497,4568,56
2022-04-07,Kern,029,883053,191973,191542,46326,237868,2244
2022-04-07,Kings,031,150075,51538,51519,3624,55143,443
2022-04-07,Lake,033,64148,10700,10690,899,11589,134
2022-04-07,Lassen,035,31185,8970,8948,889,9837,65
2022-04-07,Los Angeles,037,10098052,2716227,2709735,125419,2835154,31509
2022-04-07,Madera,039,155013,37298,37356,6122,43478,354
2022-04-07,Marin,041,260295,33762,33648,2346,35994,288
2022-04-07,Mariposa,043,17540,2403,2394,205,2599,29
2022-04-07,Mendocino,045,87422,13105,13087,3048,16135,120
2022-04-07,Merced,047,269075,62178,62231,8709,70940,811
2022-04-07,Modoc,049,8938,743,743,253,996,8
2022-04-07,Mono,051,14174,2971,2967,123,3090,6
2022-04-07,Monterey,053,433212,79548,79103,13973,93076,727
2022-04-07,Napa,055,140530,25907,25824,980,26804,144
2022-04-07,Nevada,057,99092,15990,15976,1215,17191,123
2022-04-07,Orange,059,3164182,547817,546983,41748,588731,6912
2022-04-07,Placer,061,380077,62875,62831,7434,70265,616
2022-04-07,Plumas,063,18699,2970,2887,372,3259,13
2022-04-07,Riverside,065,2383286,591940,591268,28212,619480,6429
2022-04-07,Sacramento,067,1510023,281360,277125,27297,304422,2972
2022-04-07,San Benito,069,59416,12927,12917,519,13436,98
2022-04-07,San Bernardino,071,2135413,566848,562571,25031,587602,6892
2022-04-07,San Diego,073,3302833,755188,754281,52550,806831,5210
2022-04-07,San Francisco,075,870044,126041,125963,8437,134400,844
2022-04-07,San Joaquin,077,732212,166560,166547,9933,176480,2212
2022-04-07,San Luis Obispo,079,281455,52570,52609,3819,56428,476
2022-04-07,San Mateo,081,765935,122771,121514,7107,128621,698
2022-04-07,Santa Barbara,083,443738,85998,85754,4799,90553,680
2022-04-07,Santa Clara,085,1922200,313179,313965,12592,326557,2266
2022-04-07,Santa Cruz,087,273765,48123,47624,2157,49781,259
2022-04-07,Shasta,089,179085,30586,30586,6160,36746,549
2022-04-07,Sierra,091,2930,274,272,48,320,4
2022-04-07,Siskiyou,093,43540,4447,4444,2755,7199,80
2022-04-07,Solano,095,438530,81655,81886,5594,87480,448
2022-04-07,Sonoma,097,501317,83966,83600,2684,86284,485
2022-04-07,Stanislaus,099,539301,117491,117528,17446,134974,1578
2022-04-07,Sutter,101,95872,20512,20591,2134,22725,223
2022-04-07,Tehama,103,63373,12051,12059,2626,14685,201
2022-04-07,Trinity,105,12862,1182,1177,295,1472,20
2022-04-07,Tulare,107,460477,106644,105278,28716,133994,1415
2022-04-07,Tuolumne,109,53932,12631,12632,566,13198,180
2022-04-07,Ventura,111,848112,173605,173343,9368,182711,1467
2022-04-07,Yolo,113,214977,36928,36587,3230,39817,312
2022-04-07,Yuba,115,75493,15856,15848,1222,17070,121
2022-04-06,Alameda,001,1643700,257364,256143,14341,270484,1814
2022-04-06,Alpine,003,1148,124,124,1,125,0
2022-04-06,Amador,005,37829,8539,8488,653,9141,86
2022-04-06,Butte,007,227075,33063,32997,6671,39668,396
2022-04-06,Calaveras,009,45235,7275,7258,357,7615,120
2022-04-06,Colusa,011,21464,3447,3447,1075,4522,21
2022-04-06,Contra Costa,013,1133247,189125,188850,13383,202233,1296
2022-04-06,Del Norte,015,27424,5802,5809,198,6007,50
2022-04-06,El Dorado,017,186661,26768,26744,3219,29963,205
2022-04-06,Fresno,019,978130,231614,230942,24106,255048,2725
2022-04-06,Glenn,021,27897,4985,4986,1612,6598,47
2022-04-06,Humboldt,023,135768,16904,16904,2987,19891,140
2022-04-06,Imperial,025,180216,55441,55294,10844,66138,908
2022-04-06,Inyo,027,18085,4075,4068,495,4563,56
2022-04-06,Kern,029,883053,191951,191449,46323,237772,2234
2022-04-06,Kings,031,150075,51537,51491,3623,55114,443
2022-04-06,Lake,033,64148,10696,10679,899,11578,136
2022-04-06,Lassen,035,31185,8970,8945,889,9834,65
2022-04-06,Los Angeles,037,10098052,2715189,2707306,125356,2832662,31465
2022-04-06,Madera,039,155013,37293,37349,6122,43471,354
2022-04-06,Marin,041,260295,33742,33566,2338,35904,288
2022-04-06,Mariposa,043,17540,2402,2392,205,2597,29
2022-04-06,Mendocino,045,87422,13101,13074,3047,16121,119
2022-04-06,Merced,047,269075,62169,62195,8706,70901,810
2022-04-06,Modoc,049,8938,743,741,253,994,8
2022-04-06,Mono,051,14174,2970,2967,123,3090,6
2022-04-06,Monterey,053,433212,79534,79019,13963,92982,727
2022-04-06,Napa,055,140530,25888,25790,977,26767,143
2022-04-06,Nevada,057,99092,15988,15974,1215,17189,123
2022-04-06,Orange,059,3164182,547646,546491,41721,588212,6887
2022-04-06,Placer,061,380077,62869,62787,7433,70220,615
2022-04-06,Plumas,063,18699,2970,2850,372,3222,13
2022-04-06,Riverside,065,2383286,591843,590826,28207,619033,6424
2022-04-06,Sacramento,067,1510023,281279,276567,27293,303860,2953
2022-04-06,San Benito,069,59416,12926,12908,519,13427,98
2022-04-06,San Bernardino,071,2135413,566714,561648,25029,586677,6883
2022-04-06,San Diego,073,3302833,754892,753402,52514,805916,5192
2022-04-06,San Francisco,075,870044,125883,125536,8430,133966,843
2022-04-06,San Joaquin,077,732212,166529,166415,9930,176345,2207
2022-04-06,San Luis Obispo,079,281455,52548,52557,3817,56374,475
2022-04-06,San Mateo,081,765935,122662,121041,7095,128136,693
2022-04-06,Santa Barbara,083,443738,85959,85630,4795,90425,679
2022-04-06,Santa Clara,085,1922200,312977,313278,12569,325847,2265
2022-04-06,Santa Cruz,087,273765,48067,47446,2151,49597,259
2022-04-06,Shasta,089,179085,30585,30565,6160,36725,529
2022-04-06,Sierra,091,2930,274,272,48,320,4
2022-04-06,Siskiyou,093,43540,4447,4442,2755,7197,80
2022-04-06,Solano,095,438530,81622,81789,5589,87378,447
2022-04-06,Sonoma,097,501317,83902,83361,2677,86038,485
2022-04-06,Stanislaus,099,539301,117475,117534,17440,134974,1578
2022-04-06,Sutter,101,95872,20507,20581,2134,22715,222
2022-04-06,Tehama,103,63373,12051,12049,2626,14675,198
2022-04-06,Trinity,105,12862,1182,1173,295,1468,20
2022-04-06,Tulare,107,460477,106639,104826,28711,133537,1414
2022-04-06,Tuolumne,109,53932,12629,12621,566,13187,180
2022-04-06,Ventura,111,848112,173552,173179,9364,182543,1460
2022-04-06,Yolo,113,214977,36906,36393,3229,39622,314
2022-04-06,Yuba,115,75493,15852,15839,1222,17061,121
2022-04-05,Alameda,001,1643700,257141,256143,14332,270475,1814
2022-04-05,Alpine,003,1148,124,124,1,125,0
2022-04-05,Amador,005,37829,8537,8488,653,9141,86
2022-04-05,Butte,007,227075,33057,32997,6667,39664,396
2022-04-05,Calaveras,009,45235,7271,7258,357,7615,120
2022-04-05,Colusa,011,21464,3445,3447,1074,4521,21
2022-04-05,Contra Costa,013,1133247,189027,188850,13378,202228,1296
2022-04-05,Del Norte,015,27424,5800,5809,198,6007,50
2022-04-05,El Dorado,017,186661,26756,26744,3219,29963,205
2022-04-05,Fresno,019,978130,231582,230942,24099,255041,2725
2022-04-05,Glenn,021,27897,4985,4986,1611,6597,47
2022-04-05,Humboldt,023,135768,16898,16904,2987,19891,140
2022-04-05,Imperial,025,180216,55439,55294,10844,66138,908
2022-04-05,Inyo,027,18085,4074,4068,494,4562,56
2022-04-05,Kern,029,883053,191930,191449,46320,237769,2234
2022-04-05,Kings,031,150075,51534,51491,3623,55114,443
2022-04-05,Lake,033,64148,10693,10679,899,11578,136
2022-04-05,Lassen,035,31185,8970,8945,889,9834,65
2022-04-05,Los Angeles,037,10098052,2714139,2707306,125281,2832587,31465
2022-04-05,Madera,039,155013,37286,37349,6120,43469,354
2022-04-05,Marin,041,260295,33686,33566,2323,35889,288
2022-04-05,Mariposa,043,17540,2402,2392,205,2597,29
2022-04-05,Mendocino,045,87422,13095,13074,3046,16120,119
2022-04-05,Merced,047,269075,62158,62195,8699,70894,810
2022-04-05,Modoc,049,8938,743,741,253,994,8
2022-04-05,Mono,051,14174,2969,2967,123,3090,6
2022-04-05,Monterey,053,433212,79510,79019,13951,92970,727
2022-04-05,Napa,055,140530,25879,25790,972,26762,143
2022-04-05,Nevada,057,99092,15980,15974,1215,17189,123
2022-04-05,Orange,059,3164182,547462,546491,41692,588183,6887
2022-04-05,Placer,061,380077,62845,62787,7433,70220,615
2022-04-05,Plumas,063,18699,2970,2850,372,3222,13
2022-04-05,Riverside,065,2383286,591725,590826,28195,619021,6424
2022-04-05,Sacramento,067,1510023,281195,276567,27288,303855,2953
2022-04-05,San Benito,069,59416,12918,12908,519,13427,98
2022-04-05,San Bernardino,071,2135413,566580,561648,25017,586665,6883
2022-04-05,San Diego,073,3302833,754580,753402,52471,805873,5192
2022-04-05,San Francisco,075,870044,125679,125536,8422,133958,843
2022-04-05,San Joaquin,077,732212,166485,166415,9927,176342,2207
2022-04-05,San Luis Obispo,079,281455,52531,52557,3812,56369,475
2022-04-05,San Mateo,081,765935,122543,121041,7083,128124,693
2022-04-05,Santa Barbara,083,443738,85923,85630,4793,90423,679
2022-04-05,Santa Clara,085,1922200,312707,313278,12556,325834,2265
2022-04-05,Santa Cruz,087,273765,48000,47446,2148,49594,259
2022-04-05,Shasta,089,179085,30585,30565,6158,36723,529
2022-04-05,Sierra,091,2930,274,272,48,320,4
2022-04-05,Siskiyou,093,43540,4447,4442,2755,7197,80
2022-04-05,Solano,095,438530,81571,81789,5586,87375,447
2022-04-05,Sonoma,097,501317,83837,83361,2668,86029,485
2022-04-05,Stanislaus,099,539301,117462,117534,17431,134965,1578
2022-04-05,Sutter,101,95872,20503,20581,2133,22714,222
2022-04-05,Tehama,103,63373,12049,12049,2625,14674,198
2022-04-05,Trinity,105,12862,1182,1173,295,1468,20
2022-04-05,Tulare,107,460477,106628,104826,28708,133534,1414
2022-04-05,Tuolumne,109,53932,12627,12621,566,13187,180
2022-04-05,Ventura,111,848112,173497,173179,9358,182537,1460
2022-04-05,Yolo,113,214977,36891,36393,3226,39619,314
2022-04-05,Yuba,115,75493,15850,15839,1222,17061,121
2022-04-04,Alameda,001,1643700,256901,256143,14318,270461,1814
2022-04-04,Alpine,003,1148,124,124,1,125,0
2022-04-04,Amador,005,37829,8536,8488,652,9140,86
2022-04-04,Butte,007,227075,33052,32997,6664,39661,396
2022-04-04,Calaveras,009,45235,7271,7258,357,7615,120
2022-04-04,Colusa,011,21464,3444,3447,1074,4521,21
2022-04-04,Contra Costa,013,1133247,188926,188850,13374,202224,1296
2022-04-04,Del Norte,015,27424,5800,5809,198,6007,50
2022-04-04,El Dorado,017,186661,26751,26744,3218,29962,205
2022-04-04,Fresno,019,978130,231564,230942,24095,255037,2725
2022-04-04,Glenn,021,27897,4984,4986,1611,6597,47
2022-04-04,Humboldt,023,135768,16890,16904,2982,19886,140
2022-04-04,Imperial,025,180216,55435,55294,10844,66138,908
2022-04-04,Inyo,027,18085,4074,4068,492,4560,56
2022-04-04,Kern,029,883053,191907,191449,46314,237763,2234
2022-04-04,Kings,031,150075,51527,51491,3623,55114,443
2022-04-04,Lake,033,64148,10688,10679,899,11578,136
2022-04-04,Lassen,035,31185,8970,8945,889,9834,65
2022-04-04,Los Angeles,037,10098052,2713050,2707306,125235,2832541,31465
2022-04-04,Madera,039,155013,37282,37349,6120,43469,354
2022-04-04,Marin,041,260295,33668,33566,2314,35880,288
2022-04-04,Mariposa,043,17540,2401,2392,205,2597,29
2022-04-04,Mendocino,045,87422,13089,13074,3046,16120,119
2022-04-04,Merced,047,269075,62148,62195,8695,70890,810
2022-04-04,Modoc,049,8938,743,741,253,994,8
2022-04-04,Mono,051,14174,2969,2967,123,3090,6
2022-04-04,Monterey,053,433212,79494,79019,13945,92964,727
2022-04-04,Napa,055,140530,25861,25790,972,26762,143
2022-04-04,Nevada,057,99092,15976,15974,1215,17189,123
2022-04-04,Orange,059,3164182,547298,546491,41667,588158,6887
2022-04-04,Placer,061,380077,62834,62787,7432,70219,615
2022-04-04,Plumas,063,18699,2969,2850,372,3222,13
2022-04-04,Riverside,065,2383286,591631,590826,28183,619009,6424
2022-04-04,Sacramento,067,1510023,281098,276567,27278,303845,2953
2022-04-04,San Benito,069,59416,12915,12908,519,13427,98
2022-04-04,San Bernardino,071,2135413,566448,561648,25010,586658,6883
2022-04-04,San Diego,073,3302833,754260,753402,52437,805839,5192
2022-04-04,San Francisco,075,870044,125478,125536,8413,133949,843
2022-04-04,San Joaquin,077,732212,166458,166415,9924,176339,2207
2022-04-04,San Luis Obispo,079,281455,52508,52557,3810,56367,475
2022-04-04,San Mateo,081,765935,122403,121041,7069,128110,693
2022-04-04,Santa Barbara,083,443738,85878,85630,4792,90422,679
2022-04-04,Santa Clara,085,1922200,312436,313278,12544,325822,2265
2022-04-04,Santa Cruz,087,273765,47952,47446,2147,49593,259
2022-04-04,Shasta,089,179085,30582,30565,6157,36722,529
2022-04-04,Sierra,091,2930,274,272,48,320,4
2022-04-04,Siskiyou,093,43540,4447,4442,2755,7197,80
2022-04-04,Solano,095,438530,81531,81789,5583,87372,447
2022-04-04,Sonoma,097,501317,83784,83361,2661,86022,485
2022-04-04,Stanislaus,099,539301,117438,117534,17424,134958,1578
2022-04-04,Sutter,101,95872,20500,20581,2133,22714,222
2022-04-04,Tehama,103,63373,12047,12049,2625,14674,198
2022-04-04,Trinity,105,12862,1182,1173,295,1468,20
2022-04-04,Tulare,107,460477,106619,104826,28704,133530,1414
2022-04-04,Tuolumne,109,53932,12621,12621,566,13187,180
2022-04-04,Ventura,111,848112,173454,173179,9356,182535,1460
2022-04-04,Yolo,113,214977,36880,36393,3224,39617,314
2022-04-04,Yuba,115,75493,15848,15839,1222,17061,121
2022-04-03,Alameda,001,1643700,256629,255650,14317,269967,1813
2022-04-03,Alpine,003,1148,124,124,1,125,0
2022-04-03,Amador,005,37829,8536,8485,652,9137,86
2022-04-03,Butte,007,227075,33045,32981,6662,39643,396
2022-04-03,Calaveras,009,45235,7271,7254,357,7611,119
2022-04-03,Colusa,011,21464,3444,3445,1074,4519,21
2022-04-03,Contra Costa,013,1133247,188818,188658,13365,202023,1291
2022-04-03,Del Norte,015,27424,5800,5812,198,6010,50
2022-04-03,El Dorado,017,186661,26737,26732,3217,29949,200
2022-04-03,Fresno,019,978130,231531,230559,24092,254651,2722
2022-04-03,Glenn,021,27897,4984,4982,1611,6593,47
2022-04-03,Humboldt,023,135768,16885,16898,2982,19880,140
2022-04-03,Imperial,025,180216,55433,55266,10841,66107,908
2022-04-03,Inyo,027,18085,4072,4063,492,4555,56
2022-04-03,Kern,029,883053,191881,191384,46309,237693,2224
2022-04-03,Kings,031,150075,51521,51470,3621,55091,443
2022-04-03,Lake,033,64148,10686,10674,899,11573,136
2022-04-03,Lassen,035,31185,8969,8943,889,9832,65
2022-04-03,Los Angeles,037,10098052,2711857,2703576,125151,2828727,31410
2022-04-03,Madera,039,155013,37280,37333,6118,43451,354
2022-04-03,Marin,041,260295,33632,33493,2305,35798,287
2022-04-03,Mariposa,043,17540,2400,2391,205,2596,29
2022-04-03,Mendocino,045,87422,13083,13058,3044,16102,119
2022-04-03,Merced,047,269075,62133,62149,8691,70840,808
2022-04-03,Modoc,049,8938,742,741,253,994,8
2022-04-03,Mono,051,14174,2969,2967,123,3090,6
2022-04-03,Monterey,053,433212,79476,78964,13921,92885,726
2022-04-03,Napa,055,140530,25841,25757,971,26728,143
2022-04-03,Nevada,057,99092,15969,15962,1215,17177,123
2022-04-03,Orange,059,3164182,547097,546047,41641,587688,6880
2022-04-03,Placer,061,380077,62807,62740,7427,70167,614
2022-04-03,Plumas,063,18699,2968,2803,372,3175,14
2022-04-03,Riverside,065,2383286,591474,590563,28166,618729,6418
2022-04-03,Sacramento,067,1510023,281020,276218,27264,303482,2950
2022-04-03,San Benito,069,59416,12911,12901,519,13420,98
2022-04-03,San Bernardino,071,2135413,566299,561362,25005,586367,6865
2022-04-03,San Diego,073,3302833,753929,752281,52399,804680,5178
2022-04-03,San Francisco,075,870044,125249,125075,8407,133482,843
2022-04-03,San Joaquin,077,732212,166402,166336,9919,176255,2202
2022-04-03,San Luis Obispo,079,281455,52489,52512,3810,56322,475
2022-04-03,San Mateo,081,765935,122258,120717,7062,127779,693
2022-04-03,Santa Barbara,083,443738,85834,85611,4790,90401,678
2022-04-03,Santa Clara,085,1922200,312114,312517,12534,325051,2258
2022-04-03,Santa Cruz,087,273765,47897,47371,2145,49516,259
2022-04-03,Shasta,089,179085,30572,30556,6156,36712,530
2022-04-03,Sierra,091,2930,274,273,48,321,4
2022-04-03,Siskiyou,093,43540,4447,4439,2755,7194,80
2022-04-03,Solano,095,438530,81490,81848,5578,87426,446
2022-04-03,Sonoma,097,501317,83706,83235,2654,85889,485
2022-04-03,Stanislaus,099,539301,117406,117536,17419,134955,1581
2022-04-03,Sutter,101,95872,20497,20570,2133,22703,222
2022-04-03,Tehama,103,63373,12044,12046,2625,14671,198
2022-04-03,Trinity,105,12862,1182,1173,295,1468,20
2022-04-03,Tulare,107,460477,106612,104736,28695,133431,1410
2022-04-03,Tuolumne,109,53932,12620,12618,566,13184,180
2022-04-03,Ventura,111,848112,173403,173044,9353,182397,1460
2022-04-03,Yolo,113,214977,36862,36347,3222,39569,313
2022-04-03,Yuba,115,75493,15846,15835,1222,17057,120
2022-04-02,Alameda,001,1643700,256525,255650,14316,269966,1813
2022-04-02,Alpine,003,1148,124,124,1,125,0
2022-04-02,Amador,005,37829,8536,8485,652,9137,86
2022-04-02,Butte,007,227075,33041,32981,6662,39643,396
2022-04-02,Calaveras,009,45235,7271,7254,357,7611,119
2022-04-02,Colusa,011,21464,3444,3445,1074,4519,21
2022-04-02,Contra Costa,013,1133247,188762,188658,13362,202020,1291
2022-04-02,Del Norte,015,27424,5799,5812,198,6010,50
2022-04-02,El Dorado,017,186661,26734,26732,3217,29949,200
2022-04-02,Fresno,019,978130,231502,230559,24092,254651,2722
2022-04-02,Glenn,021,27897,4984,4982,1611,6593,47
2022-04-02,Humboldt,023,135768,16881,16898,2982,19880,140
2022-04-02,Imperial,025,180216,55429,55266,10841,66107,908
2022-04-02,Inyo,027,18085,4072,4063,492,4555,56
2022-04-02,Kern,029,883053,191867,191384,46305,237689,2224
2022-04-02,Kings,031,150075,51518,51470,3621,55091,443
2022-04-02,Lake,033,64148,10685,10674,899,11573,136
2022-04-02,Lassen,035,31185,8969,8943,889,9832,65
2022-04-02,Los Angeles,037,10098052,2711363,2703576,125111,2828687,31410
2022-04-02,Madera,039,155013,37277,37333,6118,43451,354
2022-04-02,Marin,041,260295,33608,33493,2297,35790,287
2022-04-02,Mariposa,043,17540,2399,2391,205,2596,29
2022-04-02,Mendocino,045,87422,13081,13058,3044,16102,119
2022-04-02,Merced,047,269075,62130,62149,8691,70840,808
2022-04-02,Modoc,049,8938,742,741,253,994,8
2022-04-02,Mono,051,14174,2969,2967,122,3089,6
2022-04-02,Monterey,053,433212,79463,78964,13916,92880,726
2022-04-02,Napa,055,140530,25827,25757,970,26727,143
2022-04-02,Nevada,057,99092,15966,15962,1214,17176,123
2022-04-02,Orange,059,3164182,546993,546047,41628,587675,6880
2022-04-02,Placer,061,380077,62797,62740,7425,70165,614
2022-04-02,Plumas,063,18699,2968,2803,372,3175,14
2022-04-02,Riverside,065,2383286,591399,590563,28161,618724,6418
2022-04-02,Sacramento,067,1510023,280984,276218,27263,303481,2950
2022-04-02,San Benito,069,59416,12910,12901,519,13420,98
2022-04-02,San Bernardino,071,2135413,566248,561362,25001,586363,6865
2022-04-02,San Diego,073,3302833,753803,752281,52390,804671,5178
2022-04-02,San Francisco,075,870044,125148,125075,8397,133472,843
2022-04-02,San Joaquin,077,732212,166382,166336,9917,176253,2202
2022-04-02,San Luis Obispo,079,281455,52484,52512,3810,56322,475
2022-04-02,San Mateo,081,765935,122165,120717,7053,127770,693
2022-04-02,Santa Barbara,083,443738,85815,85611,4789,90400,678
2022-04-02,Santa Clara,085,1922200,311951,312517,12530,325047,2258
2022-04-02,Santa Cruz,087,273765,47885,47371,2144,49515,259
2022-04-02,Shasta,089,179085,30571,30556,6156,36712,530
2022-04-02,Sierra,091,2930,274,273,48,321,4
2022-04-02,Siskiyou,093,43540,4446,4439,2754,7193,80
2022-04-02,Solano,095,438530,81475,81848,5578,87426,446
2022-04-02,Sonoma,097,501317,83658,83235,2648,85883,485
2022-04-02,Stanislaus,099,539301,117396,117536,17417,134953,1581
2022-04-02,Sutter,101,95872,20492,20570,2133,22703,222
2022-04-02,Tehama,103,63373,12044,12046,2625,14671,198
2022-04-02,Trinity,105,12862,1182,1173,295,1468,20
2022-04-02,Tulare,107,460477,106609,104736,28695,133431,1410
2022-04-02,Tuolumne,109,53932,12618,12618,566,13184,180
2022-04-02,Ventura,111,848112,173364,173044,9353,182397,1460
2022-04-02,Yolo,113,214977,36853,36347,3219,39566,313
2022-04-02,Yuba,115,75493,15845,15835,1222,17057,120
2022-04-01,Alameda,001,1643700,256411,255650,14312,269962,1813
2022-04-01,Alpine,003,1148,124,124,1,125,0
2022-04-01,Amador,005,37829,8536,8485,652,9137,86
2022-04-01,Butte,007,227075,33037,32981,6658,39639,396
2022-04-01,Calaveras,009,45235,7269,7254,357,7611,119
2022-04-01,Colusa,011,21464,3443,3445,1074,4519,21
2022-04-01,Contra Costa,013,1133247,188710,188658,13361,202019,1291
2022-04-01,Del Norte,015,27424,5797,5812,198,6010,50
2022-04-01,El Dorado,017,186661,26731,26732,3216,29948,200
2022-04-01,Fresno,019,978130,231476,230559,24090,254649,2722
2022-04-01,Glenn,021,27897,4984,4982,1611,6593,47
2022-04-01,Humboldt,023,135768,16879,16898,2982,19880,140
2022-04-01,Imperial,025,180216,55427,55266,10841,66107,908
2022-04-01,Inyo,027,18085,4070,4063,491,4554,56
2022-04-01,Kern,029,883053,191856,191384,46302,237686,2224
2022-04-01,Kings,031,150075,51515,51470,3621,55091,443
2022-04-01,Lake,033,64148,10683,10674,899,11573,136
2022-04-01,Lassen,035,31185,8968,8943,889,9832,65
2022-04-01,Los Angeles,037,10098052,2710866,2703576,125068,2828644,31410
2022-04-01,Madera,039,155013,37276,37333,6118,43451,354
2022-04-01,Marin,041,260295,33590,33493,2290,35783,287
2022-04-01,Mariposa,043,17540,2396,2391,205,2596,29
2022-04-01,Mendocino,045,87422,13078,13058,3044,16102,119
2022-04-01,Merced,047,269075,62122,62149,8689,70838,808
2022-04-01,Modoc,049,8938,742,741,253,994,8
2022-04-01,Mono,051,14174,2969,2967,122,3089,6
2022-04-01,Monterey,053,433212,79446,78964,13913,92877,726
2022-04-01,Napa,055,140530,25819,25757,970,26727,143
2022-04-01,Nevada,057,99092,15966,15962,1213,17175,123
2022-04-01,Orange,059,3164182,546885,546047,41618,587665,6880
2022-04-01,Placer,061,380077,62783,62740,7425,70165,614
2022-04-01,Plumas,063,18699,2968,2803,371,3174,14
2022-04-01,Riverside,065,2383286,591336,590563,28147,618710,6418
2022-04-01,Sacramento,067,1510023,280946,276218,27259,303477,2950
2022-04-01,San Benito,069,59416,12909,12901,519,13420,98
2022-04-01,San Bernardino,071,2135413,566193,561362,24997,586359,6865
2022-04-01,San Diego,073,3302833,753654,752281,52376,804657,5178
2022-04-01,San Francisco,075,870044,125039,125075,8390,133465,843
2022-04-01,San Joaquin,077,732212,166363,166336,9915,176251,2202
2022-04-01,San Luis Obispo,079,281455,52478,52512,3809,56321,475
2022-04-01,San Mateo,081,765935,122103,120717,7047,127764,693
2022-04-01,Santa Barbara,083,443738,85793,85611,4788,90399,678
2022-04-01,Santa Clara,085,1922200,311801,312517,12529,325046,2258
2022-04-01,Santa Cruz,087,273765,47869,47371,2142,49513,259
2022-04-01,Shasta,089,179085,30570,30556,6156,36712,530
2022-04-01,Sierra,091,2930,274,273,48,321,4
2022-04-01,Siskiyou,093,43540,4446,4439,2753,7192,80
2022-04-01,Solano,095,438530,81461,81848,5578,87426,446
2022-04-01,Sonoma,097,501317,83614,83235,2647,85882,485
2022-04-01,Stanislaus,099,539301,117385,117536,17414,134950,1581
2022-04-01,Sutter,101,95872,20492,20570,2133,22703,222
2022-04-01,Tehama,103,63373,12043,12046,2625,14671,198
2022-04-01,Trinity,105,12862,1182,1173,295,1468,20
2022-04-01,Tulare,107,460477,106604,104736,28691,133427,1410
2022-04-01,Tuolumne,109,53932,12617,12618,566,13184,180
2022-04-01,Ventura,111,848112,173333,173044,9349,182393,1460
2022-04-01,Yolo,113,214977,36843,36347,3218,39565,313
2022-04-01,Yuba,115,75493,15844,15835,1222,17057,120
2022-03-31,Alameda,001,1643700,256240,255650,14301,269951,1813
2022-03-31,Alpine,003,1148,124,124,1,125,0
2022-03-31,Amador,005,37829,8536,8485,652,9137,86
2022-03-31,Butte,007,227075,33033,32981,6655,39636,396
2022-03-31,Calaveras,009,45235,7266,7254,357,7611,119
2022-03-31,Colusa,011,21464,3442,3445,1074,4519,21
2022-03-31,Contra Costa,013,1133247,188618,188658,13355,202013,1291
2022-03-31,Del Norte,015,27424,5796,5812,198,6010,50
2022-03-31,El Dorado,017,186661,26723,26732,3216,29948,200
2022-03-31,Fresno,019,978130,231441,230559,24066,254625,2722
2022-03-31,Glenn,021,27897,4982,4982,1611,6593,47
2022-03-31,Humboldt,023,135768,16875,16898,2982,19880,140
2022-03-31,Imperial,025,180216,55424,55266,10840,66106,908
2022-03-31,Inyo,027,18085,4069,4063,488,4551,56
2022-03-31,Kern,029,883053,191841,191384,46293,237677,2224
2022-03-31,Kings,031,150075,51506,51470,3621,55091,443
2022-03-31,Lake,033,64148,10682,10674,898,11572,136
2022-03-31,Lassen,035,31185,8966,8943,889,9832,65
2022-03-31,Los Angeles,037,10098052,2710111,2703576,125016,2828592,31410
2022-03-31,Madera,039,155013,37273,37333,6118,43451,354
2022-03-31,Marin,041,260295,33565,33493,2278,35771,287
2022-03-31,Mariposa,043,17540,2395,2391,204,2595,29
2022-03-31,Mendocino,045,87422,13074,13058,3044,16102,119
2022-03-31,Merced,047,269075,62117,62149,8686,70835,808
2022-03-31,Modoc,049,8938,742,741,253,994,8
2022-03-31,Mono,051,14174,2969,2967,122,3089,6
2022-03-31,Monterey,053,433212,79428,78964,13901,92865,726
2022-03-31,Napa,055,140530,25810,25757,968,26725,143
2022-03-31,Nevada,057,99092,15959,15962,1212,17174,123
2022-03-31,Orange,059,3164182,546737,546047,41602,587649,6880
2022-03-31,Placer,061,380077,62759,62740,7423,70163,614
2022-03-31,Plumas,063,18699,2968,2803,370,3173,14
2022-03-31,Riverside,065,2383286,591228,590563,28143,618706,6418
2022-03-31,Sacramento,067,1510023,280874,276218,27251,303469,2950
2022-03-31,San Benito,069,59416,12908,12901,519,13420,98
2022-03-31,San Bernardino,071,2135413,566093,561362,24985,586347,6865
2022-03-31,San Diego,073,3302833,753408,752281,52350,804631,5178
2022-03-31,San Francisco,075,870044,124879,125075,8377,133452,843
2022-03-31,San Joaquin,077,732212,166329,166336,9901,176237,2202
2022-03-31,San Luis Obispo,079,281455,52464,52512,3808,56320,475
2022-03-31,San Mateo,081,765935,121992,120717,7045,127762,693
2022-03-31,Santa Barbara,083,443738,85765,85611,4787,90398,678
2022-03-31,Santa Clara,085,1922200,311575,312517,12514,325031,2258
2022-03-31,Santa Cruz,087,273765,47850,47371,2140,49511,259
2022-03-31,Shasta,089,179085,30564,30556,6156,36712,530
2022-03-31,Sierra,091,2930,271,273,48,321,4
2022-03-31,Siskiyou,093,43540,4444,4439,2753,7192,80
2022-03-31,Solano,095,438530,81434,81848,5575,87423,446
2022-03-31,Sonoma,097,501317,83570,83235,2641,85876,485
2022-03-31,Stanislaus,099,539301,117366,117536,17409,134945,1581
2022-03-31,Sutter,101,95872,20489,20570,2132,22702,222
2022-03-31,Tehama,103,63373,12043,12046,2624,14670,198
2022-03-31,Trinity,105,12862,1182,1173,295,1468,20
2022-03-31,Tulare,107,460477,106595,104736,28683,133419,1410
2022-03-31,Tuolumne,109,53932,12616,12618,566,13184,180
2022-03-31,Ventura,111,848112,173292,173044,9346,182390,1460
2022-03-31,Yolo,113,214977,36831,36347,3218,39565,313
2022-03-31,Yuba,115,75493,15844,15835,1218,17053,120
2022-03-30,Alameda,001,1643700,256107,255467,14294,269761,1812
2022-03-30,Alpine,003,1148,124,124,1,125,0
2022-03-30,Amador,005,37829,8536,8485,652,9137,86
2022-03-30,Butte,007,227075,33027,32968,6649,39617,396
2022-03-30,Calaveras,009,45235,7264,7253,356,7609,119
2022-03-30,Colusa,011,21464,3442,3445,1074,4519,21
2022-03-30,Contra Costa,013,1133247,188557,188496,13346,201842,1291
2022-03-30,Del Norte,015,27424,5794,5808,198,6006,50
2022-03-30,El Dorado,017,186661,26715,26722,3216,29938,200
2022-03-30,Fresno,019,978130,231430,230448,24060,254508,2720
2022-03-30,Glenn,021,27897,4981,4982,1611,6593,47
2022-03-30,Humboldt,023,135768,16872,16894,2982,19876,140
2022-03-30,Imperial,025,180216,55420,55252,10837,66089,908
2022-03-30,Inyo,027,18085,4068,4062,486,4548,56
2022-03-30,Kern,029,883053,191813,191363,46288,237651,2219
2022-03-30,Kings,031,150075,51500,51446,3619,55065,443
2022-03-30,Lake,033,64148,10680,10674,898,11572,136
2022-03-30,Lassen,035,31185,8966,8943,889,9832,65
2022-03-30,Los Angeles,037,10098052,2709295,2702536,124963,2827499,31384
2022-03-30,Madera,039,155013,37268,37330,6117,43447,354
2022-03-30,Marin,041,260295,33545,33453,2259,35712,287
2022-03-30,Mariposa,043,17540,2395,2390,204,2594,27
2022-03-30,Mendocino,045,87422,13070,13055,3041,16096,118
2022-03-30,Merced,047,269075,62110,62136,8680,70816,808
2022-03-30,Modoc,049,8938,742,739,253,992,8
2022-03-30,Mono,051,14174,2968,2967,122,3089,6
2022-03-30,Monterey,053,433212,79411,78911,13895,92806,726
2022-03-30,Napa,055,140530,25798,25745,967,26712,141
2022-03-30,Nevada,057,99092,15956,15960,1210,17170,123
2022-03-30,Orange,059,3164182,546585,545895,41579,587474,6876
2022-03-30,Placer,061,380077,62744,62705,7419,70124,614
2022-03-30,Plumas,063,18699,2968,2762,368,3130,13
2022-03-30,Riverside,065,2383286,591147,590437,28129,618566,6411
2022-03-30,Sacramento,067,1510023,280805,276081,27244,303325,2949
2022-03-30,San Benito,069,59416,12904,12898,519,13417,98
2022-03-30,San Bernardino,071,2135413,566010,561153,24980,586133,6863
2022-03-30,San Diego,073,3302833,753174,751684,52325,804009,5169
2022-03-30,San Francisco,075,870044,124770,124930,8366,133296,841
2022-03-30,San Joaquin,077,732212,166301,166299,9895,176194,2201
2022-03-30,San Luis Obispo,079,281455,52451,52484,3804,56288,475
2022-03-30,San Mateo,081,765935,121890,120548,7045,127593,693
2022-03-30,Santa Barbara,083,443738,85743,85488,4784,90272,677
2022-03-30,Santa Clara,085,1922200,311395,312253,12493,324746,2258
2022-03-30,Santa Cruz,087,273765,47793,47340,2140,49480,259
2022-03-30,Shasta,089,179085,30561,30555,6156,36711,530
2022-03-30,Sierra,091,2930,271,273,48,321,4
2022-03-30,Siskiyou,093,43540,4444,4439,2753,7192,80
2022-03-30,Solano,095,438530,81417,81816,5572,87388,443
2022-03-30,Sonoma,097,501317,83533,83163,2640,85803,485
2022-03-30,Stanislaus,099,539301,117354,117593,17406,134999,1559
2022-03-30,Sutter,101,95872,20484,20565,2132,22697,222
2022-03-30,Tehama,103,63373,12042,12045,2623,14668,198
2022-03-30,Trinity,105,12862,1181,1173,295,1468,20
2022-03-30,Tulare,107,460477,106589,104667,28677,133344,1410
2022-03-30,Tuolumne,109,53932,12614,12616,566,13182,180
2022-03-30,Ventura,111,848112,173251,172984,9338,182322,1460
2022-03-30,Yolo,113,214977,36824,36325,3215,39540,313
2022-03-30,Yuba,115,75493,15842,15830,1218,17048,120
2022-03-29,Alameda,001,1643700,255985,255261,14284,269545,1810
2022-03-29,Alpine,003,1148,124,124,1,125,0
2022-03-29,Amador,005,37829,8536,8483,652,9135,86
2022-03-29,Butte,007,227075,33025,32954,6648,39602,396
2022-03-29,Calaveras,009,45235,7263,7250,355,7605,119
2022-03-29,Colusa,011,21464,3442,3445,1074,4519,21
2022-03-29,Contra Costa,013,1133247,188469,188359,13339,201698,1290
2022-03-29,Del Norte,015,27424,5793,5806,197,6003,50
2022-03-29,El Dorado,017,186661,26711,26706,3216,29922,200
2022-03-29,Fresno,019,978130,231401,230256,24055,254311,2718
2022-03-29,Glenn,021,27897,4980,4983,1611,6594,47
2022-03-29,Humboldt,023,135768,16869,16892,2979,19871,140
2022-03-29,Imperial,025,180216,55404,55233,10836,66069,908
2022-03-29,Inyo,027,18085,4066,4062,485,4547,56
2022-03-29,Kern,029,883053,191781,191338,46281,237619,2220
2022-03-29,Kings,031,150075,51492,51416,3618,55034,443
2022-03-29,Lake,033,64148,10676,10674,898,11572,136
2022-03-29,Lassen,035,31185,8965,8943,889,9832,65
2022-03-29,Los Angeles,037,10098052,2708464,2702005,124916,2826921,31378
2022-03-29,Madera,039,155013,37259,37325,6115,43440,354
2022-03-29,Marin,041,260295,33525,33431,2254,35685,287
2022-03-29,Mariposa,043,17540,2395,2388,203,2591,23
2022-03-29,Mendocino,045,87422,13066,13053,3040,16093,119
2022-03-29,Merced,047,269075,62098,62123,8679,70802,806
2022-03-29,Modoc,049,8938,740,737,253,990,8
2022-03-29,Mono,051,14174,2968,2966,122,3088,5
2022-03-29,Monterey,053,433212,79399,78774,13887,92661,725
2022-03-29,Napa,055,140530,25791,25732,967,26699,141
2022-03-29,Nevada,057,99092,15948,15956,1210,17166,123
2022-03-29,Orange,059,3164182,546438,545832,41563,587395,6871
2022-03-29,Placer,061,380077,62726,62687,7414,70101,614
2022-03-29,Plumas,063,18699,2966,2761,368,3129,13
2022-03-29,Riverside,065,2383286,591046,590359,28121,618480,6403
2022-03-29,Sacramento,067,1510023,280740,276040,27231,303271,2946
2022-03-29,San Benito,069,59416,12902,12892,519,13411,97
2022-03-29,San Bernardino,071,2135413,565917,561026,24970,585996,6860
2022-03-29,San Diego,073,3302833,752927,751240,52303,803543,5159
2022-03-29,San Francisco,075,870044,124619,124789,8360,133149,840
2022-03-29,San Joaquin,077,732212,166264,166241,9887,176128,2198
2022-03-29,San Luis Obispo,079,281455,52435,52455,3800,56255,472
2022-03-29,San Mateo,081,765935,121797,120435,7042,127477,686
2022-03-29,Santa Barbara,083,443738,85721,85464,4784,90248,676
2022-03-29,Santa Clara,085,1922200,311150,312067,12476,324543,2259
2022-03-29,Santa Cruz,087,273765,47773,47323,2139,49462,259
2022-03-29,Shasta,089,179085,30554,30552,6153,36705,529
2022-03-29,Sierra,091,2930,271,273,48,321,4
2022-03-29,Siskiyou,093,43540,4444,4439,2752,7191,80
2022-03-29,Solano,095,438530,81398,81713,5569,87282,441
2022-03-29,Sonoma,097,501317,83499,83130,2634,85764,485
2022-03-29,Stanislaus,099,539301,117335,117683,17400,135083,1559
2022-03-29,Sutter,101,95872,20482,20556,2131,22687,221
2022-03-29,Tehama,103,63373,12040,12045,2623,14668,198
2022-03-29,Trinity,105,12862,1181,1173,295,1468,20
2022-03-29,Tulare,107,460477,106584,104622,28671,133293,1406
2022-03-29,Tuolumne,109,53932,12611,12615,566,13181,180
2022-03-29,Ventura,111,848112,173195,172946,9337,182283,1460
2022-03-29,Yolo,113,214977,36816,36296,3214,39510,313
2022-03-29,Yuba,115,75493,15838,15824,1217,17041,117
2022-03-28,Alameda,001,1643700,255831,255192,14274,269466,1808
2022-03-28,Alpine,003,1148,124,124,1,125,0
2022-03-28,Amador,005,37829,8535,8480,652,9132,86
2022-03-28,Butte,007,227075,33008,32947,6647,39594,392
2022-03-28,Calaveras,009,45235,7263,7247,355,7602,119
2022-03-28,Colusa,011,21464,3442,3445,1074,4519,21
2022-03-28,Contra Costa,013,1133247,188388,188305,13334,201639,1290
2022-03-28,Del Norte,015,27424,5791,5834,197,6031,50
2022-03-28,El Dorado,017,186661,26704,26703,3214,29917,200
2022-03-28,Fresno,019,978130,231375,230144,24038,254182,2717
2022-03-28,Glenn,021,27897,4980,4983,1611,6594,47
2022-03-28,Humboldt,023,135768,16868,16916,2979,19895,140
2022-03-28,Imperial,025,180216,55392,55245,10836,66081,909
2022-03-28,Inyo,027,18085,4065,4062,485,4547,56
2022-03-28,Kern,029,883053,191756,191333,46271,237604,2212
2022-03-28,Kings,031,150075,51479,51405,3618,55023,443
2022-03-28,Lake,033,64148,10674,10673,898,11571,136
2022-03-28,Lassen,035,31185,8965,8946,889,9835,63
2022-03-28,Los Angeles,037,10098052,2707574,2700997,124877,2825874,31349
2022-03-28,Madera,039,155013,37256,37324,6115,43439,354
2022-03-28,Marin,041,260295,33500,33391,2249,35640,287
2022-03-28,Mariposa,043,17540,2394,2388,203,2591,23
2022-03-28,Mendocino,045,87422,13064,13046,3039,16085,118
2022-03-28,Merced,047,269075,62089,62116,8674,70790,805
2022-03-28,Modoc,049,8938,739,736,253,989,7
2022-03-28,Mono,051,14174,2968,2966,122,3088,5
2022-03-28,Monterey,053,433212,79364,78784,13882,92666,724
2022-03-28,Napa,055,140530,25785,25723,966,26689,140
2022-03-28,Nevada,057,99092,15946,15969,1210,17179,123
2022-03-28,Orange,059,3164182,546305,545700,41535,587235,6860
2022-03-28,Placer,061,380077,62705,62687,7413,70100,613
2022-03-28,Plumas,063,18699,2965,2760,368,3128,13
2022-03-28,Riverside,065,2383286,590950,590298,28111,618409,6397
2022-03-28,Sacramento,067,1510023,280669,275889,27220,303109,2946
2022-03-28,San Benito,069,59416,12902,12889,519,13408,97
2022-03-28,San Bernardino,071,2135413,565834,560836,24957,585793,6858
2022-03-28,San Diego,073,3302833,752681,750659,52269,802928,5155
2022-03-28,San Francisco,075,870044,124478,124678,8349,133027,839
2022-03-28,San Joaquin,077,732212,166232,166247,9883,176130,2196
2022-03-28,San Luis Obispo,079,281455,52410,52434,3797,56231,470
2022-03-28,San Mateo,081,765935,121681,120337,7035,127372,686
2022-03-28,Santa Barbara,083,443738,85693,85442,4782,90224,675
2022-03-28,Santa Clara,085,1922200,310916,311953,12466,324419,2257
2022-03-28,Santa Cruz,087,273765,47740,47324,2139,49463,259
2022-03-28,Shasta,089,179085,30553,30550,6152,36702,527
2022-03-28,Sierra,091,2930,271,273,48,321,4
2022-03-28,Siskiyou,093,43540,4443,4438,2752,7190,80
2022-03-28,Solano,095,438530,81374,81704,5564,87268,441
2022-03-28,Sonoma,097,501317,83456,83105,2629,85734,485
2022-03-28,Stanislaus,099,539301,117324,117783,17395,135178,1562
2022-03-28,Sutter,101,95872,20477,20549,2131,22680,221
2022-03-28,Tehama,103,63373,12039,12041,2622,14663,200
2022-03-28,Trinity,105,12862,1181,1173,295,1468,20
2022-03-28,Tulare,107,460477,106571,104576,28664,133240,1404
2022-03-28,Tuolumne,109,53932,12611,12627,566,13193,180
2022-03-28,Ventura,111,848112,173155,172867,9336,182203,1455
2022-03-28,Yolo,113,214977,36806,36282,3212,39494,312
2022-03-28,Yuba,115,75493,15837,15821,1215,17036,117
2022-03-27,Alameda,001,1643700,255649,255132,14265,269397,1809
2022-03-27,Alpine,003,1148,124,124,1,125,0
2022-03-27,Amador,005,37829,8532,8480,652,9132,86
2022-03-27,Butte,007,227075,32995,32943,6640,39583,392
2022-03-27,Calaveras,009,45235,7261,7245,355,7600,119
2022-03-27,Colusa,011,21464,3442,3445,1073,4518,21
2022-03-27,Contra Costa,013,1133247,188274,188251,13318,201569,1290
2022-03-27,Del Norte,015,27424,5790,5836,197,6033,50
2022-03-27,El Dorado,017,186661,26690,26699,3211,29910,200
2022-03-27,Fresno,019,978130,231329,230049,24021,254070,2717
2022-03-27,Glenn,021,27897,4979,4983,1611,6594,47
2022-03-27,Humboldt,023,135768,16864,16920,2979,19899,140
2022-03-27,Imperial,025,180216,55380,55240,10833,66073,909
2022-03-27,Inyo,027,18085,4064,4062,483,4545,56
2022-03-27,Kern,029,883053,191718,191332,46265,237597,2213
2022-03-27,Kings,031,150075,51470,51400,3618,55018,443
2022-03-27,Lake,033,64148,10673,10672,897,11569,136
2022-03-27,Lassen,035,31185,8965,8946,889,9835,63
2022-03-27,Los Angeles,037,10098052,2706773,2700983,124829,2825812,31348
2022-03-27,Madera,039,155013,37252,37323,6113,43436,354
2022-03-27,Marin,041,260295,33463,33391,2239,35630,287
2022-03-27,Mariposa,043,17540,2394,2390,203,2593,23
2022-03-27,Mendocino,045,87422,13058,13046,3037,16083,118
2022-03-27,Merced,047,269075,62078,62110,8672,70782,805
2022-03-27,Modoc,049,8938,738,736,251,987,7
2022-03-27,Mono,051,14174,2968,2966,122,3088,5
2022-03-27,Monterey,053,433212,79343,78778,13870,92648,724
2022-03-27,Napa,055,140530,25771,25723,966,26689,140
2022-03-27,Nevada,057,99092,15942,15967,1208,17175,123
2022-03-27,Orange,059,3164182,546170,545644,41500,587144,6860
2022-03-27,Placer,061,380077,62686,62680,7413,70093,613
2022-03-27,Plumas,063,18699,2964,2760,366,3126,13
2022-03-27,Riverside,065,2383286,590864,590251,28100,618351,6395
2022-03-27,Sacramento,067,1510023,280587,275854,27213,303067,2941
2022-03-27,San Benito,069,59416,12897,12889,518,13407,97
2022-03-27,San Bernardino,071,2135413,565716,560853,24953,585806,6862
2022-03-27,San Diego,073,3302833,752427,750659,52246,802905,5155
2022-03-27,San Francisco,075,870044,124293,124619,8337,132956,839
2022-03-27,San Joaquin,077,732212,166195,166238,9880,176118,2196
2022-03-27,San Luis Obispo,079,281455,52389,52430,3795,56225,470
2022-03-27,San Mateo,081,765935,121572,120324,7029,127353,686
2022-03-27,Santa Barbara,083,443738,85658,85434,4780,90214,675
2022-03-27,Santa Clara,085,1922200,310706,311822,12458,324280,2257
2022-03-27,Santa Cruz,087,273765,47707,47321,2134,49455,259
2022-03-27,Shasta,089,179085,30548,30550,6150,36700,527
2022-03-27,Sierra,091,2930,271,273,48,321,4
2022-03-27,Siskiyou,093,43540,4443,4436,2751,7187,80
2022-03-27,Solano,095,438530,81339,81691,5561,87252,441
2022-03-27,Sonoma,097,501317,83400,83088,2625,85713,485
2022-03-27,Stanislaus,099,539301,117303,117778,17392,135170,1562
2022-03-27,Sutter,101,95872,20471,20545,2131,22676,221
2022-03-27,Tehama,103,63373,12039,12040,2622,14662,200
2022-03-27,Trinity,105,12862,1181,1173,295,1468,20
2022-03-27,Tulare,107,460477,106562,104582,28654,133236,1404
2022-03-27,Tuolumne,109,53932,12609,12628,566,13194,180
2022-03-27,Ventura,111,848112,173107,172831,9334,182165,1455
2022-03-27,Yolo,113,214977,36794,36232,3209,39441,312
2022-03-27,Yuba,115,75493,15834,15821,1208,17029,117
2022-03-26,Alameda,001,1643700,255571,254691,14263,268954,1803
2022-03-26,Alpine,003,1148,124,124,1,125,0
2022-03-26,Amador,005,37829,8532,8476,652,9128,86
2022-03-26,Butte,007,227075,32990,32929,6638,39567,391
2022-03-26,Calaveras,009,45235,7259,7240,355,7595,120
2022-03-26,Colusa,011,21464,3440,3445,1073,4518,21
2022-03-26,Contra Costa,013,1133247,188219,187990,13315,201305,1285
2022-03-26,Del Norte,015,27424,5788,5831,197,6028,50
2022-03-26,El Dorado,017,186661,26682,26674,3209,29883,200
2022-03-26,Fresno,019,978130,231306,229799,24020,253819,2710
2022-03-26,Glenn,021,27897,4979,4978,1611,6589,47
2022-03-26,Humboldt,023,135768,16860,16911,2979,19890,139
2022-03-26,Imperial,025,180216,55374,55230,10832,66062,913
2022-03-26,Inyo,027,18085,4064,4060,482,4542,56
2022-03-26,Kern,029,883053,191704,191288,46260,237548,2201
2022-03-26,Kings,031,150075,51469,51397,3618,55015,444
2022-03-26,Lake,033,64148,10673,10659,897,11556,136
2022-03-26,Lassen,035,31185,8965,8944,889,9833,63
2022-03-26,Los Angeles,037,10098052,2706327,2698028,124787,2822815,31291
2022-03-26,Madera,039,155013,37249,37321,6111,43432,354
2022-03-26,Marin,041,260295,33453,33317,2235,35552,287
2022-03-26,Mariposa,043,17540,2394,2386,203,2589,23
2022-03-26,Mendocino,045,87422,13055,13038,3037,16075,118
2022-03-26,Merced,047,269075,62072,62083,8670,70753,805
2022-03-26,Modoc,049,8938,738,736,251,987,7
2022-03-26,Mono,051,14174,2968,2966,122,3088,5
2022-03-26,Monterey,053,433212,79336,78688,13868,92556,724
2022-03-26,Napa,055,140530,25768,25701,966,26667,139
2022-03-26,Nevada,057,99092,15938,15960,1208,17168,123
2022-03-26,Orange,059,3164182,546093,545294,41489,586783,6853
2022-03-26,Placer,061,380077,62674,62634,7409,70043,613
2022-03-26,Plumas,063,18699,2964,2758,365,3123,13
2022-03-26,Riverside,065,2383286,590795,590060,28099,618159,6397
2022-03-26,Sacramento,067,1510023,280554,275529,27211,302740,2935
2022-03-26,San Benito,069,59416,12897,12885,518,13403,97
2022-03-26,San Bernardino,071,2135413,565663,560742,24949,585691,6840
2022-03-26,San Diego,073,3302833,752299,750170,52239,802409,5146
2022-03-26,San Francisco,075,870044,124187,124265,8328,132593,839
2022-03-26,San Joaquin,077,732212,166174,166079,9879,175958,2195
2022-03-26,San Luis Obispo,079,281455,52383,52369,3795,56164,469
2022-03-26,San Mateo,081,765935,121515,120165,7021,127186,684
2022-03-26,Santa Barbara,083,443738,85638,85477,4778,90255,674
2022-03-26,Santa Clara,085,1922200,310545,311189,12449,323638,2250
2022-03-26,Santa Cruz,087,273765,47696,47329,2134,49463,259
2022-03-26,Shasta,089,179085,30546,30542,6149,36691,527
2022-03-26,Sierra,091,2930,271,273,48,321,4
2022-03-26,Siskiyou,093,43540,4442,4433,2751,7184,80
2022-03-26,Solano,095,438530,81329,81659,5561,87220,441
2022-03-26,Sonoma,097,501317,83371,83113,2620,85733,485
2022-03-26,Stanislaus,099,539301,117296,117962,17391,135353,1565
2022-03-26,Sutter,101,95872,20469,20536,2131,22667,221
2022-03-26,Tehama,103,63373,12039,12036,2621,14657,195
2022-03-26,Trinity,105,12862,1181,1174,295,1469,20
2022-03-26,Tulare,107,460477,106555,104538,28653,133191,1400
2022-03-26,Tuolumne,109,53932,12607,12628,566,13194,180
2022-03-26,Ventura,111,848112,173067,172690,9330,182020,1455
2022-03-26,Yolo,113,214977,36789,36234,3209,39443,311
2022-03-26,Yuba,115,75493,15833,15807,1208,17015,117
2022-03-25,Alameda,001,1643700,255504,254691,14261,268952,1803
2022-03-25,Alpine,003,1148,124,124,1,125,0
2022-03-25,Amador,005,37829,8531,8476,652,9128,86
2022-03-25,Butte,007,227075,32984,32929,6637,39566,391
2022-03-25,Calaveras,009,45235,7258,7240,355,7595,120
2022-03-25,Colusa,011,21464,3440,3445,1073,4518,21
2022-03-25,Contra Costa,013,1133247,188172,187990,13311,201301,1285
2022-03-25,Del Norte,015,27424,5788,5831,197,6028,50
2022-03-25,El Dorado,017,186661,26678,26674,3209,29883,200
2022-03-25,Fresno,019,978130,231278,229799,24011,253810,2710
2022-03-25,Glenn,021,27897,4979,4978,1611,6589,47
2022-03-25,Humboldt,023,135768,16860,16911,2979,19890,139
2022-03-25,Imperial,025,180216,55369,55230,10831,66061,913
2022-03-25,Inyo,027,18085,4063,4060,482,4542,56
2022-03-25,Kern,029,883053,191694,191288,46259,237547,2201
2022-03-25,Kings,031,150075,51468,51397,3618,55015,444
2022-03-25,Lake,033,64148,10673,10659,897,11556,136
2022-03-25,Lassen,035,31185,8964,8944,889,9833,63
2022-03-25,Los Angeles,037,10098052,2705913,2698028,124755,2822783,31291
2022-03-25,Madera,039,155013,37247,37321,6110,43431,354
2022-03-25,Marin,041,260295,33438,33317,2226,35543,287
2022-03-25,Mariposa,043,17540,2394,2386,203,2589,23
2022-03-25,Mendocino,045,87422,13055,13038,3037,16075,118
2022-03-25,Merced,047,269075,62065,62083,8669,70752,805
2022-03-25,Modoc,049,8938,738,736,251,987,7
2022-03-25,Mono,051,14174,2967,2966,122,3088,5
2022-03-25,Monterey,053,433212,79326,78688,13865,92553,724
2022-03-25,Napa,055,140530,25761,25701,966,26667,139
2022-03-25,Nevada,057,99092,15937,15960,1208,17168,123
2022-03-25,Orange,059,3164182,546019,545294,41472,586766,6853
2022-03-25,Placer,061,380077,62668,62634,7406,70040,613
2022-03-25,Plumas,063,18699,2963,2758,365,3123,13
2022-03-25,Riverside,065,2383286,590733,590060,28088,618148,6397
2022-03-25,Sacramento,067,1510023,280513,275529,27209,302738,2935
2022-03-25,San Benito,069,59416,12897,12885,518,13403,97
2022-03-25,San Bernardino,071,2135413,565624,560742,24946,585688,6840
2022-03-25,San Diego,073,3302833,752174,750170,52229,802399,5146
2022-03-25,San Francisco,075,870044,124105,124265,8314,132579,839
2022-03-25,San Joaquin,077,732212,166160,166079,9876,175955,2195
2022-03-25,San Luis Obispo,079,281455,52380,52369,3794,56163,469
2022-03-25,San Mateo,081,765935,121461,120165,7021,127186,684
2022-03-25,Santa Barbara,083,443738,85623,85477,4776,90253,674
2022-03-25,Santa Clara,085,1922200,310390,311189,12445,323634,2250
2022-03-25,Santa Cruz,087,273765,47688,47329,2134,49463,259
2022-03-25,Shasta,089,179085,30544,30542,6148,36690,527
2022-03-25,Sierra,091,2930,271,273,48,321,4
2022-03-25,Siskiyou,093,43540,4440,4433,2749,7182,80
2022-03-25,Solano,095,438530,81315,81659,5559,87218,441
2022-03-25,Sonoma,097,501317,83335,83113,2620,85733,485
2022-03-25,Stanislaus,099,539301,117281,117962,17390,135352,1565
2022-03-25,Sutter,101,95872,20464,20536,2131,22667,221
2022-03-25,Tehama,103,63373,12037,12036,2621,14657,195
2022-03-25,Trinity,105,12862,1181,1174,295,1469,20
2022-03-25,Tulare,107,460477,106550,104538,28650,133188,1400
2022-03-25,Tuolumne,109,53932,12606,12628,566,13194,180
2022-03-25,Ventura,111,848112,173029,172690,9330,182020,1455
2022-03-25,Yolo,113,214977,36776,36234,3209,39443,311
2022-03-25,Yuba,115,75493,15828,15807,1207,17014,117
2022-03-24,Alameda,001,1643700,255387,254691,14245,268936,1803
2022-03-24,Alpine,003,1148,124,124,1,125,0
2022-03-24,Amador,005,37829,8531,8476,652,9128,86
2022-03-24,Butte,007,227075,32977,32929,6637,39566,391
2022-03-24,Calaveras,009,45235,7255,7240,355,7595,120
2022-03-24,Colusa,011,21464,3440,3445,1073,4518,21
2022-03-24,Contra Costa,013,1133247,188092,187990,13310,201300,1285
2022-03-24,Del Norte,015,27424,5785,5831,197,6028,50
2022-03-24,El Dorado,017,186661,26667,26674,3209,29883,200
2022-03-24,Fresno,019,978130,231236,229799,23999,253798,2710
2022-03-24,Glenn,021,27897,4978,4978,1611,6589,47
2022-03-24,Humboldt,023,135768,16855,16911,2977,19888,139
2022-03-24,Imperial,025,180216,55362,55230,10831,66061,913
2022-03-24,Inyo,027,18085,4062,4060,482,4542,56
2022-03-24,Kern,029,883053,191683,191288,46256,237544,2201
2022-03-24,Kings,031,150075,51459,51397,3616,55013,444
2022-03-24,Lake,033,64148,10672,10659,897,11556,136
2022-03-24,Lassen,035,31185,8963,8944,889,9833,63
2022-03-24,Los Angeles,037,10098052,2705347,2698028,124711,2822739,31291
2022-03-24,Madera,039,155013,37245,37321,6108,43429,354
2022-03-24,Marin,041,260295,33415,33317,2217,35534,287
2022-03-24,Mariposa,043,17540,2394,2386,203,2589,23
2022-03-24,Mendocino,045,87422,13050,13038,3034,16072,118
2022-03-24,Merced,047,269075,62059,62083,8668,70751,805
2022-03-24,Modoc,049,8938,738,736,251,987,7
2022-03-24,Mono,051,14174,2967,2966,122,3088,5
2022-03-24,Monterey,053,433212,79299,78688,13851,92539,724
2022-03-24,Napa,055,140530,25752,25701,966,26667,139
2022-03-24,Nevada,057,99092,15933,15960,1207,17167,123
2022-03-24,Orange,059,3164182,545917,545294,41455,586749,6853
2022-03-24,Placer,061,380077,62648,62634,7405,70039,613
2022-03-24,Plumas,063,18699,2963,2758,365,3123,13
2022-03-24,Riverside,065,2383286,590656,590060,28079,618139,6397
2022-03-24,Sacramento,067,1510023,280442,275529,27204,302733,2935
2022-03-24,San Benito,069,59416,12896,12885,517,13402,97
2022-03-24,San Bernardino,071,2135413,565543,560742,24942,585684,6840
2022-03-24,San Diego,073,3302833,751961,750170,52218,802388,5146
2022-03-24,San Francisco,075,870044,124026,124265,8308,132573,839
2022-03-24,San Joaquin,077,732212,166133,166079,9875,175954,2195
2022-03-24,San Luis Obispo,079,281455,52365,52369,3793,56162,469
2022-03-24,San Mateo,081,765935,121413,120165,7016,127181,684
2022-03-24,Santa Barbara,083,443738,85608,85477,4773,90250,674
2022-03-24,Santa Clara,085,1922200,310245,311189,12427,323616,2250
2022-03-24,Santa Cruz,087,273765,47671,47329,2133,49462,259
2022-03-24,Shasta,089,179085,30536,30542,6148,36690,527
2022-03-24,Sierra,091,2930,271,273,48,321,4
2022-03-24,Siskiyou,093,43540,4437,4433,2749,7182,80
2022-03-24,Solano,095,438530,81296,81659,5558,87217,441
2022-03-24,Sonoma,097,501317,83299,83113,2618,85731,485
2022-03-24,Stanislaus,099,539301,117273,117962,17387,135349,1565
2022-03-24,Sutter,101,95872,20459,20536,2131,22667,221
2022-03-24,Tehama,103,63373,12036,12036,2619,14655,195
2022-03-24,Trinity,105,12862,1181,1174,295,1469,20
2022-03-24,Tulare,107,460477,106540,104538,28644,133182,1400
2022-03-24,Tuolumne,109,53932,12604,12628,566,13194,180
2022-03-24,Ventura,111,848112,172986,172690,9329,182019,1455
2022-03-24,Yolo,113,214977,36769,36234,3205,39439,311
2022-03-24,Yuba,115,75493,15823,15807,1204,17011,117
2022-03-23,Alameda,001,1643700,255254,254559,14233,268792,1802
2022-03-23,Alpine,003,1148,124,124,1,125,0
2022-03-23,Amador,005,37829,8531,8475,652,9127,86
2022-03-23,Butte,007,227075,32964,32920,6636,39556,387
2022-03-23,Calaveras,009,45235,7250,7237,355,7592,120
2022-03-23,Colusa,011,21464,3439,3444,1073,4517,21
2022-03-23,Contra Costa,013,1133247,187994,187898,13298,201196,1279
2022-03-23,Del Norte,015,27424,5784,5830,196,6026,50
2022-03-23,El Dorado,017,186661,26661,26670,3209,29879,200
2022-03-23,Fresno,019,978130,231200,229656,23983,253639,2710
2022-03-23,Glenn,021,27897,4978,4975,1611,6586,47
2022-03-23,Humboldt,023,135768,16854,16908,2975,19883,139
2022-03-23,Imperial,025,180216,55357,55211,10830,66041,909
2022-03-23,Inyo,027,18085,4062,4060,482,4542,56
2022-03-23,Kern,029,883053,191666,191241,46251,237492,2196
2022-03-23,Kings,031,150075,51447,51384,3615,54999,442
2022-03-23,Lake,033,64148,10668,10658,896,11554,135
2022-03-23,Lassen,035,31185,8962,8944,888,9832,63
2022-03-23,Los Angeles,037,10098052,2704670,2697227,124679,2821906,31267
2022-03-23,Madera,039,155013,37240,37317,6104,43421,354
2022-03-23,Marin,041,260295,33390,33274,2212,35486,287
2022-03-23,Mariposa,043,17540,2392,2382,202,2584,11
2022-03-23,Mendocino,045,87422,13046,13033,3033,16066,118
2022-03-23,Merced,047,269075,62049,62056,8664,70720,805
2022-03-23,Modoc,049,8938,738,736,251,987,7
2022-03-23,Mono,051,14174,2967,2966,122,3088,5
2022-03-23,Monterey,053,433212,79281,78655,13826,92481,724
2022-03-23,Napa,055,140530,25739,25691,964,26655,139
2022-03-23,Nevada,057,99092,15931,15958,1207,17165,123
2022-03-23,Orange,059,3164182,545788,545158,41442,586600,6852
2022-03-23,Placer,061,380077,62629,62622,7403,70025,613
2022-03-23,Plumas,063,18699,2963,2747,365,3112,13
2022-03-23,Riverside,065,2383286,590582,589947,28074,618021,6388
2022-03-23,Sacramento,067,1510023,280380,275398,27197,302595,2934
2022-03-23,San Benito,069,59416,12895,12884,517,13401,97
2022-03-23,San Bernardino,071,2135413,565469,560550,24937,585487,6828
2022-03-23,San Diego,073,3302833,751763,749871,52195,802066,5143
2022-03-23,San Francisco,075,870044,123912,124110,8302,132412,838
2022-03-23,San Joaquin,077,732212,166097,166041,9868,175909,2187
2022-03-23,San Luis Obispo,079,281455,52348,52344,3787,56131,469
2022-03-23,San Mateo,081,765935,121330,120080,7006,127086,685
2022-03-23,Santa Barbara,083,443738,85589,85464,4772,90236,673
2022-03-23,Santa Clara,085,1922200,310084,310956,12416,323372,2250
2022-03-23,Santa Cruz,087,273765,47650,47314,2127,49441,259
2022-03-23,Shasta,089,179085,30532,30524,6147,36671,526
2022-03-23,Sierra,091,2930,271,273,48,321,4
2022-03-23,Siskiyou,093,43540,4436,4433,2749,7182,80
2022-03-23,Solano,095,438530,81262,81615,5557,87172,441
2022-03-23,Sonoma,097,501317,83266,83074,2615,85689,482
2022-03-23,Stanislaus,099,539301,117256,118041,17384,135425,1568
2022-03-23,Sutter,101,95872,20456,20532,2131,22663,218
2022-03-23,Tehama,103,63373,12034,12035,2619,14654,195
2022-03-23,Trinity,105,12862,1181,1174,295,1469,20
2022-03-23,Tulare,107,460477,106523,104489,28638,133127,1394
2022-03-23,Tuolumne,109,53932,12603,12629,566,13195,180
2022-03-23,Ventura,111,848112,172936,172647,9327,181974,1455
2022-03-23,Yolo,113,214977,36753,36197,3203,39400,308
2022-03-23,Yuba,115,75493,15817,15801,1203,17004,117
2022-03-22,Alameda,001,1643700,255135,254467,13857,268324,1802
2022-03-22,Alpine,003,1148,124,122,1,123,0
2022-03-22,Amador,005,37829,8530,8462,651,9113,86
2022-03-22,Butte,007,227075,32954,32907,6632,39539,387
2022-03-22,Calaveras,009,45235,7248,7237,355,7592,120
2022-03-22,Colusa,011,21464,3438,3445,1073,4518,21
2022-03-22,Contra Costa,013,1133247,187917,187813,13276,201089,1279
2022-03-22,Del Norte,015,27424,5779,5824,196,6020,50
2022-03-22,El Dorado,017,186661,26654,26661,3209,29870,200
2022-03-22,Fresno,019,978130,231152,229551,23975,253526,2708
2022-03-22,Glenn,021,27897,4975,4971,1611,6582,47
2022-03-22,Humboldt,023,135768,16851,16911,2975,19886,139
2022-03-22,Imperial,025,180216,55346,55170,10827,65997,908
2022-03-22,Inyo,027,18085,4062,4060,482,4542,56
2022-03-22,Kern,029,883053,191642,191213,46242,237455,2195
2022-03-22,Kings,031,150075,51435,51369,3614,54983,442
2022-03-22,Lake,033,64148,10666,10657,895,11552,135
2022-03-22,Lassen,035,31185,8962,8940,887,9827,63
2022-03-22,Los Angeles,037,10098052,2704008,2696746,124630,2821376,31250
2022-03-22,Madera,039,155013,37236,37304,6101,43405,354
2022-03-22,Marin,041,260295,33365,33253,2208,35461,287
2022-03-22,Mariposa,043,17540,2390,2382,202,2584,6
2022-03-22,Mendocino,045,87422,13041,13030,3031,16061,118
2022-03-22,Merced,047,269075,62039,62056,8660,70716,805
2022-03-22,Modoc,049,8938,738,735,251,986,7
2022-03-22,Mono,051,14174,2967,2963,122,3085,5
2022-03-22,Monterey,053,433212,79265,78614,13815,92429,724
2022-03-22,Napa,055,140530,25729,25688,963,26651,139
2022-03-22,Nevada,057,99092,15923,15950,1207,17157,123
2022-03-22,Orange,059,3164182,545643,545075,41423,586498,6843
2022-03-22,Placer,061,380077,62616,62604,7401,70005,610
2022-03-22,Plumas,063,18699,2962,2744,365,3109,13
2022-03-22,Riverside,065,2383286,590508,589816,28071,617887,6383
2022-03-22,Sacramento,067,1510023,280303,275374,27185,302559,2927
2022-03-22,San Benito,069,59416,12894,12884,516,13400,97
2022-03-22,San Bernardino,071,2135413,565387,560371,24917,585288,6811
2022-03-22,San Diego,073,3302833,751554,749647,52175,801822,5141
2022-03-22,San Francisco,075,870044,123804,123998,8296,132294,838
2022-03-22,San Joaquin,077,732212,166069,165992,9864,175856,2187
2022-03-22,San Luis Obispo,079,281455,52340,52257,3787,56044,465
2022-03-22,San Mateo,081,765935,121259,119975,7002,126977,686
2022-03-22,Santa Barbara,083,443738,85573,85457,4771,90228,672
2022-03-22,Santa Clara,085,1922200,309913,310787,12404,323191,2249
2022-03-22,Santa Cruz,087,273765,47631,47287,2126,49413,259
2022-03-22,Shasta,089,179085,30526,30528,6146,36674,525
2022-03-22,Sierra,091,2930,271,273,48,321,4
2022-03-22,Siskiyou,093,43540,4436,4429,2748,7177,80
2022-03-22,Solano,095,438530,81239,81587,5556,87143,440
2022-03-22,Sonoma,097,501317,83238,83042,2611,85653,482
2022-03-22,Stanislaus,099,539301,117239,118025,17381,135406,1568
2022-03-22,Sutter,101,95872,20455,20525,2127,22652,218
2022-03-22,Tehama,103,63373,12032,12034,2619,14653,162
2022-03-22,Trinity,105,12862,1181,1174,295,1469,20
2022-03-22,Tulare,107,460477,106511,104431,28629,133060,1391
2022-03-22,Tuolumne,109,53932,12603,12628,566,13194,180
2022-03-22,Ventura,111,848112,172888,172590,9325,181915,1455
2022-03-22,Yolo,113,214977,36736,36184,3202,39386,308
2022-03-22,Yuba,115,75493,15814,15795,1202,16997,117
2022-03-21,Alameda,001,1643700,254920,254354,13849,268203,1799
2022-03-21,Alpine,003,1148,124,122,1,123,0
2022-03-21,Amador,005,37829,8527,8461,650,9111,85
2022-03-21,Butte,007,227075,32943,32895,6628,39523,385
2022-03-21,Calaveras,009,45235,7247,7237,355,7592,119
2022-03-21,Colusa,011,21464,3438,3445,1073,4518,21
2022-03-21,Contra Costa,013,1133247,187853,187509,13259,200768,1276
2022-03-21,Del Norte,015,27424,5778,5824,196,6020,50
2022-03-21,El Dorado,017,186661,26642,26610,3208,29818,199
2022-03-21,Fresno,019,978130,231103,229374,23966,253340,2707
2022-03-21,Glenn,021,27897,4973,4972,1605,6577,46
2022-03-21,Humboldt,023,135768,16841,16912,2962,19874,139
2022-03-21,Imperial,025,180216,55332,55133,10826,65959,908
2022-03-21,Inyo,027,18085,4061,4060,482,4542,56
2022-03-21,Kern,029,883053,191608,191184,46236,237420,2187
2022-03-21,Kings,031,150075,51421,51366,3612,54978,441
2022-03-21,Lake,033,64148,10664,10655,895,11550,135
2022-03-21,Lassen,035,31185,8961,8939,887,9826,63
2022-03-21,Los Angeles,037,10098052,2703141,2694711,124580,2819291,31218
2022-03-21,Madera,039,155013,37230,37288,6097,43385,354
2022-03-21,Marin,041,260295,33321,33242,2203,35445,287
2022-03-21,Mariposa,043,17540,2389,2383,201,2584,6
2022-03-21,Mendocino,045,87422,13033,13028,3029,16057,118
2022-03-21,Merced,047,269075,62025,62048,8655,70703,803
2022-03-21,Modoc,049,8938,736,734,251,985,7
2022-03-21,Mono,051,14174,2967,2962,122,3084,5
2022-03-21,Monterey,053,433212,79217,78572,13801,92373,724
2022-03-21,Napa,055,140530,25721,25684,961,26645,138
2022-03-21,Nevada,057,99092,15919,15963,1206,17169,123
2022-03-21,Orange,059,3164182,545488,544943,41406,586349,6841
2022-03-21,Placer,061,380077,62597,62550,7400,69950,610
2022-03-21,Plumas,063,18699,2962,2744,365,3109,13
2022-03-21,Riverside,065,2383286,590426,589707,28065,617772,6376
2022-03-21,Sacramento,067,1510023,280212,275334,27171,302505,2925
2022-03-21,San Benito,069,59416,12888,12872,516,13388,97
2022-03-21,San Bernardino,071,2135413,565296,560210,24904,585114,6807
2022-03-21,San Diego,073,3302833,751321,748833,52154,800987,5138
2022-03-21,San Francisco,075,870044,123636,123912,8287,132199,835
2022-03-21,San Joaquin,077,732212,166043,165939,9861,175800,2185
2022-03-21,San Luis Obispo,079,281455,52315,52219,3782,56001,463
2022-03-21,San Mateo,081,765935,121099,119899,7000,126899,684
2022-03-21,Santa Barbara,083,443738,85557,85416,4769,90185,672
2022-03-21,Santa Clara,085,1922200,309645,310509,12401,322910,2245
2022-03-21,Santa Cruz,087,273765,47595,47267,2125,49392,259
2022-03-21,Shasta,089,179085,30520,30523,6144,36667,525
2022-03-21,Sierra,091,2930,271,273,48,321,4
2022-03-21,Siskiyou,093,43540,4436,4426,2748,7174,80
2022-03-21,Solano,095,438530,81211,81399,5556,86955,441
2022-03-21,Sonoma,097,501317,83200,82979,2606,85585,482
2022-03-21,Stanislaus,099,539301,117205,118144,17378,135522,1571
2022-03-21,Sutter,101,95872,20452,20523,2114,22637,218
2022-03-21,Tehama,103,63373,12028,12030,2619,14649,160
2022-03-21,Trinity,105,12862,1181,1174,295,1469,20
2022-03-21,Tulare,107,460477,106491,104350,28624,132974,1389
2022-03-21,Tuolumne,109,53932,12603,12620,566,13186,180
2022-03-21,Ventura,111,848112,172819,172537,9321,181858,1452
2022-03-21,Yolo,113,214977,36721,36141,3200,39341,307
2022-03-21,Yuba,115,75493,15811,15790,1201,16991,117
2022-03-20,Alameda,001,1643700,254780,254293,13838,268131,1801
2022-03-20,Alpine,003,1148,122,122,1,123,0
2022-03-20,Amador,005,37829,8524,8460,650,9110,85
2022-03-20,Butte,007,227075,32929,32892,6624,39516,385
2022-03-20,Calaveras,009,45235,7246,7233,352,7585,119
2022-03-20,Colusa,011,21464,3438,3446,1073,4519,21
2022-03-20,Contra Costa,013,1133247,187750,187467,13247,200714,1276
2022-03-20,Del Norte,015,27424,5775,5821,196,6017,50
2022-03-20,El Dorado,017,186661,26635,26608,3208,29816,199
2022-03-20,Fresno,019,978130,231026,229297,23959,253256,2707
2022-03-20,Glenn,021,27897,4972,4972,1605,6577,46
2022-03-20,Humboldt,023,135768,16839,16913,2960,19873,139
2022-03-20,Imperial,025,180216,55321,55133,10825,65958,908
2022-03-20,Inyo,027,18085,4061,4060,482,4542,56
2022-03-20,Kern,029,883053,191563,191170,46231,237401,2187
2022-03-20,Kings,031,150075,51409,51360,3612,54972,441
2022-03-20,Lake,033,64148,10660,10652,895,11547,135
2022-03-20,Lassen,035,31185,8959,8938,887,9825,63
2022-03-20,Los Angeles,037,10098052,2702349,2694698,124533,2819231,31219
2022-03-20,Madera,039,155013,37225,37284,6093,43377,354
2022-03-20,Marin,041,260295,33305,33232,2202,35434,275
2022-03-20,Mariposa,043,17540,2389,2383,201,2584,6
2022-03-20,Mendocino,045,87422,13026,13027,3024,16051,118
2022-03-20,Merced,047,269075,62014,62041,8649,70690,803
2022-03-20,Modoc,049,8938,736,734,251,985,7
2022-03-20,Mono,051,14174,2965,2962,122,3084,5
2022-03-20,Monterey,053,433212,79184,78566,13790,92356,723
2022-03-20,Napa,055,140530,25709,25682,960,26642,138
2022-03-20,Nevada,057,99092,15915,15964,1206,17170,123
2022-03-20,Orange,059,3164182,545366,544862,41387,586249,6841
2022-03-20,Placer,061,380077,62576,62525,7400,69925,610
2022-03-20,Plumas,063,18699,2962,2744,365,3109,13
2022-03-20,Riverside,065,2383286,590328,589657,28060,617717,6376
2022-03-20,Sacramento,067,1510023,280132,275317,27156,302473,2927
2022-03-20,San Benito,069,59416,12888,12869,515,13384,97
2022-03-20,San Bernardino,071,2135413,565216,560220,24895,585115,6805
2022-03-20,San Diego,073,3302833,751074,748833,52121,800954,5138
2022-03-20,San Francisco,075,870044,123485,123858,8274,132132,835
2022-03-20,San Joaquin,077,732212,166009,165927,9857,175784,2185
2022-03-20,San Luis Obispo,079,281455,52291,52217,3779,55996,463
2022-03-20,San Mateo,081,765935,121039,119901,6994,126895,684
2022-03-20,Santa Barbara,083,443738,85532,85412,4767,90179,672
2022-03-20,Santa Clara,085,1922200,309434,310412,12394,322806,2243
2022-03-20,Santa Cruz,087,273765,47568,47265,2124,49389,259
2022-03-20,Shasta,089,179085,30509,30522,6143,36665,525
2022-03-20,Sierra,091,2930,271,273,48,321,4
2022-03-20,Siskiyou,093,43540,4435,4426,2748,7174,80
2022-03-20,Solano,095,438530,81181,81393,5554,86947,441
2022-03-20,Sonoma,097,501317,83157,82965,2605,85570,481
2022-03-20,Stanislaus,099,539301,117179,118146,17374,135520,1572
2022-03-20,Sutter,101,95872,20445,20519,2104,22623,218
2022-03-20,Tehama,103,63373,12026,12030,2619,14649,160
2022-03-20,Trinity,105,12862,1181,1174,295,1469,20
2022-03-20,Tulare,107,460477,106469,104353,28609,132962,1389
2022-03-20,Tuolumne,109,53932,12598,12617,566,13183,180
2022-03-20,Ventura,111,848112,172766,172514,9316,181830,1451
2022-03-20,Yolo,113,214977,36701,36135,3199,39334,307
2022-03-20,Yuba,115,75493,15803,15787,1199,16986,117
2022-03-19,Alameda,001,1643700,254698,253936,13836,267772,1797
2022-03-19,Alpine,003,1148,122,122,1,123,0
2022-03-19,Amador,005,37829,8521,8456,650,9106,85
2022-03-19,Butte,007,227075,32922,32856,6624,39480,385
2022-03-19,Calaveras,009,45235,7245,7229,352,7581,119
2022-03-19,Colusa,011,21464,3436,3445,1073,4518,21
2022-03-19,Contra Costa,013,1133247,187714,187225,13246,200471,1276
2022-03-19,Del Norte,015,27424,5772,5815,196,6011,48
2022-03-19,El Dorado,017,186661,26631,26618,3208,29826,199
2022-03-19,Fresno,019,978130,231003,228965,23959,252924,2694
2022-03-19,Glenn,021,27897,4972,4971,1605,6576,44
2022-03-19,Humboldt,023,135768,16833,16901,2960,19861,138
2022-03-19,Imperial,025,180216,55320,55038,10824,65862,898
2022-03-19,Inyo,027,18085,4061,4061,482,4543,56
2022-03-19,Kern,029,883053,191550,190943,46223,237166,2184
2022-03-19,Kings,031,150075,51404,51334,3612,54946,441
2022-03-19,Lake,033,64148,10660,10641,895,11536,135
2022-03-19,Lassen,035,31185,8959,8925,887,9812,63
2022-03-19,Los Angeles,037,10098052,2701984,2686759,124499,2811258,31133
2022-03-19,Madera,039,155013,37225,37273,6093,43366,354
2022-03-19,Marin,041,260295,33287,33163,2198,35361,272
2022-03-19,Mariposa,043,17540,2388,2378,201,2579,6
2022-03-19,Mendocino,045,87422,13026,13012,3024,16036,117
2022-03-19,Merced,047,269075,62008,61985,8647,70632,800
2022-03-19,Modoc,049,8938,736,734,251,985,7
2022-03-19,Mono,051,14174,2965,2961,122,3083,5
2022-03-19,Monterey,053,433212,79171,78483,13783,92266,720
2022-03-19,Napa,055,140530,25706,25654,960,26614,138
2022-03-19,Nevada,057,99092,15913,15960,1206,17166,123
2022-03-19,Orange,059,3164182,545295,543907,41371,585278,6817
2022-03-19,Placer,061,380077,62561,62483,7400,69883,605
2022-03-19,Plumas,063,18699,2962,2724,365,3089,13
2022-03-19,Riverside,065,2383286,590276,589017,28052,617069,6359
2022-03-19,Sacramento,067,1510023,280092,274855,27152,302007,2913
2022-03-19,San Benito,069,59416,12887,12859,515,13374,97
2022-03-19,San Bernardino,071,2135413,565170,559935,24893,584828,6778
2022-03-19,San Diego,073,3302833,750971,747344,52109,799453,5133
2022-03-19,San Francisco,075,870044,123417,123587,8271,131858,833
2022-03-19,San Joaquin,077,732212,165983,165765,9854,175619,2181
2022-03-19,San Luis Obispo,079,281455,52285,52174,3779,55953,463
2022-03-19,San Mateo,081,765935,121003,119782,6993,126775,667
2022-03-19,Santa Barbara,083,443738,85518,85336,4766,90102,671
2022-03-19,Santa Clara,085,1922200,309314,309918,12386,322304,2225
2022-03-19,Santa Cruz,087,273765,47560,47203,2120,49323,256
2022-03-19,Shasta,089,179085,30505,30495,6143,36638,525
2022-03-19,Sierra,091,2930,271,273,48,321,4
2022-03-19,Siskiyou,093,43540,4434,4422,2748,7170,76
2022-03-19,Solano,095,438530,81172,81340,5551,86891,441
2022-03-19,Sonoma,097,501317,83139,82838,2602,85440,472
2022-03-19,Stanislaus,099,539301,117169,118138,17372,135510,1568
2022-03-19,Sutter,101,95872,20442,20503,2104,22607,218
2022-03-19,Tehama,103,63373,12026,12007,2619,14626,160
2022-03-19,Trinity,105,12862,1181,1173,295,1468,20
2022-03-19,Tulare,107,460477,106460,104290,28604,132894,1384
2022-03-19,Tuolumne,109,53932,12598,12617,566,13183,180
2022-03-19,Ventura,111,848112,172735,172380,9315,181695,1451
2022-03-19,Yolo,113,214977,36692,36086,3199,39285,306
2022-03-19,Yuba,115,75493,15799,15768,1198,16966,117
2022-03-18,Alameda,001,1643700,254638,253936,13832,267768,1797
2022-03-18,Alpine,003,1148,122,122,1,123,0
2022-03-18,Amador,005,37829,8521,8456,650,9106,85
2022-03-18,Butte,007,227075,32917,32856,6622,39478,385
2022-03-18,Calaveras,009,45235,7245,7229,352,7581,119
2022-03-18,Colusa,011,21464,3436,3445,1073,4518,21
2022-03-18,Contra Costa,013,1133247,187680,187225,13244,200469,1276
2022-03-18,Del Norte,015,27424,5770,5815,195,6010,48
2022-03-18,El Dorado,017,186661,26626,26618,3206,29824,199
2022-03-18,Fresno,019,978130,230970,228965,23959,252924,2694
2022-03-18,Glenn,021,27897,4972,4971,1605,6576,44
2022-03-18,Humboldt,023,135768,16830,16901,2959,19860,138
2022-03-18,Imperial,025,180216,55318,55038,10824,65862,898
2022-03-18,Inyo,027,18085,4061,4061,482,4543,56
2022-03-18,Kern,029,883053,191539,190943,46220,237163,2184
2022-03-18,Kings,031,150075,51398,51334,3612,54946,441
2022-03-18,Lake,033,64148,10658,10641,894,11535,135
2022-03-18,Lassen,035,31185,8958,8925,887,9812,63
2022-03-18,Los Angeles,037,10098052,2701637,2686759,124473,2811232,31133
2022-03-18,Madera,039,155013,37220,37273,6093,43366,354
2022-03-18,Marin,041,260295,33273,33163,2198,35361,272
2022-03-18,Mariposa,043,17540,2387,2378,201,2579,6
2022-03-18,Mendocino,045,87422,13021,13012,3024,16036,117
2022-03-18,Merced,047,269075,61998,61985,8647,70632,800
2022-03-18,Modoc,049,8938,736,734,251,985,7
2022-03-18,Mono,051,14174,2964,2961,122,3083,5
2022-03-18,Monterey,053,433212,79153,78483,13780,92263,720
2022-03-18,Napa,055,140530,25703,25654,960,26614,138
2022-03-18,Nevada,057,99092,15910,15960,1205,17165,123
2022-03-18,Orange,059,3164182,545227,543907,41362,585269,6817
2022-03-18,Placer,061,380077,62553,62483,7400,69883,605
2022-03-18,Plumas,063,18699,2962,2724,365,3089,13
2022-03-18,Riverside,065,2383286,590219,589017,28048,617065,6359
2022-03-18,Sacramento,067,1510023,280058,274855,27147,302002,2913
2022-03-18,San Benito,069,59416,12885,12859,515,13374,97
2022-03-18,San Bernardino,071,2135413,565131,559935,24891,584826,6778
2022-03-18,San Diego,073,3302833,750861,747344,52094,799438,5133
2022-03-18,San Francisco,075,870044,123337,123587,8264,131851,833
2022-03-18,San Joaquin,077,732212,165969,165765,9849,175614,2181
2022-03-18,San Luis Obispo,079,281455,52279,52174,3779,55953,463
2022-03-18,San Mateo,081,765935,120967,119782,6990,126772,667
2022-03-18,Santa Barbara,083,443738,85509,85336,4765,90101,671
2022-03-18,Santa Clara,085,1922200,309211,309918,12383,322301,2225
2022-03-18,Santa Cruz,087,273765,47548,47203,2119,49322,256
2022-03-18,Shasta,089,179085,30504,30495,6143,36638,525
2022-03-18,Sierra,091,2930,271,273,48,321,4
2022-03-18,Siskiyou,093,43540,4434,4422,2748,7170,76
2022-03-18,Solano,095,438530,81161,81340,5545,86885,441
2022-03-18,Sonoma,097,501317,83119,82838,2601,85439,472
2022-03-18,Stanislaus,099,539301,117156,118138,17372,135510,1568
2022-03-18,Sutter,101,95872,20439,20503,2104,22607,218
2022-03-18,Tehama,103,63373,12025,12007,2619,14626,160
2022-03-18,Trinity,105,12862,1181,1173,295,1468,20
2022-03-18,Tulare,107,460477,106454,104290,28598,132888,1384
2022-03-18,Tuolumne,109,53932,12597,12617,566,13183,180
2022-03-18,Ventura,111,848112,172715,172380,9310,181690,1451
2022-03-18,Yolo,113,214977,36681,36086,3199,39285,306
2022-03-18,Yuba,115,75493,15797,15768,1198,16966,117
2022-03-17,Alameda,001,1643700,254540,253936,13825,267761,1797
2022-03-17,Alpine,003,1148,122,122,1,123,0
2022-03-17,Amador,005,37829,8514,8456,650,9106,85
2022-03-17,Butte,007,227075,32903,32856,6620,39476,385
2022-03-17,Calaveras,009,45235,7242,7229,352,7581,119
2022-03-17,Colusa,011,21464,3436,3445,1073,4518,21
2022-03-17,Contra Costa,013,1133247,187616,187225,13234,200459,1276
2022-03-17,Del Norte,015,27424,5768,5815,195,6010,48
2022-03-17,El Dorado,017,186661,26619,26618,3206,29824,199
2022-03-17,Fresno,019,978130,230921,228965,23956,252921,2694
2022-03-17,Glenn,021,27897,4972,4971,1605,6576,44
2022-03-17,Humboldt,023,135768,16826,16901,2957,19858,138
2022-03-17,Imperial,025,180216,55307,55038,10824,65862,898
2022-03-17,Inyo,027,18085,4061,4061,482,4543,56
2022-03-17,Kern,029,883053,191509,190943,46217,237160,2184
2022-03-17,Kings,031,150075,51395,51334,3611,54945,441
2022-03-17,Lake,033,64148,10655,10641,894,11535,135
2022-03-17,Lassen,035,31185,8956,8925,887,9812,63
2022-03-17,Los Angeles,037,10098052,2700982,2686759,124436,2811195,31133
2022-03-17,Madera,039,155013,37216,37273,6092,43365,354
2022-03-17,Marin,041,260295,33261,33163,2197,35360,272
2022-03-17,Mariposa,043,17540,2387,2378,201,2579,6
2022-03-17,Mendocino,045,87422,13018,13012,3021,16033,117
2022-03-17,Merced,047,269075,61992,61985,8645,70630,800
2022-03-17,Modoc,049,8938,736,734,251,985,7
2022-03-17,Mono,051,14174,2964,2961,121,3082,5
2022-03-17,Monterey,053,433212,79131,78483,13774,92257,720
2022-03-17,Napa,055,140530,25698,25654,960,26614,138
2022-03-17,Nevada,057,99092,15907,15960,1205,17165,123
2022-03-17,Orange,059,3164182,545132,543907,41351,585258,6817
2022-03-17,Placer,061,380077,62537,62483,7398,69881,605
2022-03-17,Plumas,063,18699,2961,2724,365,3089,13
2022-03-17,Riverside,065,2383286,590140,589017,28041,617058,6359
2022-03-17,Sacramento,067,1510023,279992,274855,27139,301994,2913
2022-03-17,San Benito,069,59416,12884,12859,515,13374,97
2022-03-17,San Bernardino,071,2135413,565065,559935,24888,584823,6778
2022-03-17,San Diego,073,3302833,750684,747344,52080,799424,5133
2022-03-17,San Francisco,075,870044,123257,123587,8259,131846,833
2022-03-17,San Joaquin,077,732212,165946,165765,9847,175612,2181
2022-03-17,San Luis Obispo,079,281455,52265,52174,3777,55951,463
2022-03-17,San Mateo,081,765935,120921,119782,6986,126768,667
2022-03-17,Santa Barbara,083,443738,85493,85336,4765,90101,671
2022-03-17,Santa Clara,085,1922200,309091,309918,12378,322296,2225
2022-03-17,Santa Cruz,087,273765,47532,47203,2117,49320,256
2022-03-17,Shasta,089,179085,30501,30495,6141,36636,525
2022-03-17,Sierra,091,2930,271,273,48,321,4
2022-03-17,Siskiyou,093,43540,4433,4422,2748,7170,76
2022-03-17,Solano,095,438530,81132,81340,5542,86882,441
2022-03-17,Sonoma,097,501317,83089,82838,2599,85437,472
2022-03-17,Stanislaus,099,539301,117143,118138,17367,135505,1568
2022-03-17,Sutter,101,95872,20429,20503,2090,22593,218
2022-03-17,Tehama,103,63373,12025,12007,2618,14625,160
2022-03-17,Trinity,105,12862,1181,1173,295,1468,20
2022-03-17,Tulare,107,460477,106439,104290,28587,132877,1384
2022-03-17,Tuolumne,109,53932,12594,12617,565,13182,180
2022-03-17,Ventura,111,848112,172668,172380,9308,181688,1451
2022-03-17,Yolo,113,214977,36668,36086,3199,39285,306
2022-03-17,Yuba,115,75493,15795,15768,1197,16965,117
2022-03-16,Alameda,001,1643700,254441,253792,13821,267613,1794
2022-03-16,Alpine,003,1148,122,122,1,123,0
2022-03-16,Amador,005,37829,8506,8449,650,9099,85
2022-03-16,Butte,007,227075,32890,32837,6615,39452,385
2022-03-16,Calaveras,009,45235,7240,7229,352,7581,120
2022-03-16,Colusa,011,21464,3436,3445,1072,4517,22
2022-03-16,Contra Costa,013,1133247,187558,187100,13225,200325,1266
2022-03-16,Del Norte,015,27424,5767,5811,193,6004,48
2022-03-16,El Dorado,017,186661,26607,26602,3205,29807,199
2022-03-16,Fresno,019,978130,230873,228786,23945,252731,2689
2022-03-16,Glenn,021,27897,4972,4969,1604,6573,44
2022-03-16,Humboldt,023,135768,16823,16893,2957,19850,138
2022-03-16,Imperial,025,180216,55295,55002,10823,65825,897
2022-03-16,Inyo,027,18085,4060,4061,482,4543,56
2022-03-16,Kern,029,883053,191466,190835,46210,237045,2170
2022-03-16,Kings,031,150075,51380,51321,3611,54932,437
2022-03-16,Lake,033,64148,10653,10633,893,11526,133
2022-03-16,Lassen,035,31185,8953,8924,887,9811,62
2022-03-16,Los Angeles,037,10098052,2700352,2685789,124396,2810185,31102
2022-03-16,Madera,039,155013,37208,37262,6091,43353,354
2022-03-16,Marin,041,260295,33240,33136,2195,35331,272
2022-03-16,Mariposa,043,17540,2385,2376,201,2577,6
2022-03-16,Mendocino,045,87422,13015,13011,3020,16031,117
2022-03-16,Merced,047,269075,61976,61959,8639,70598,798
2022-03-16,Modoc,049,8938,735,734,251,985,7
2022-03-16,Mono,051,14174,2964,2960,121,3081,5
2022-03-16,Monterey,053,433212,79109,78416,13769,92185,720
2022-03-16,Napa,055,140530,25689,25638,959,26597,138
2022-03-16,Nevada,057,99092,15905,15960,1205,17165,123
2022-03-16,Orange,059,3164182,545010,543326,41327,584653,6791
2022-03-16,Placer,061,380077,62522,62435,7396,69831,605
2022-03-16,Plumas,063,18699,2961,2723,365,3088,13
2022-03-16,Riverside,065,2383286,590040,588761,28038,616799,6351
2022-03-16,Sacramento,067,1510023,279925,274709,27132,301841,2910
2022-03-16,San Benito,069,59416,12879,12854,515,13369,97
2022-03-16,San Bernardino,071,2135413,564984,559746,24881,584627,6775
2022-03-16,San Diego,073,3302833,750473,746970,52056,799026,5126
2022-03-16,San Francisco,075,870044,123157,123446,8251,131697,831
2022-03-16,San Joaquin,077,732212,165899,165703,9844,175547,2169
2022-03-16,San Luis Obispo,079,281455,52247,52132,3774,55906,462
2022-03-16,San Mateo,081,765935,120858,119680,6977,126657,660
2022-03-16,Santa Barbara,083,443738,85460,85322,4760,90082,670
2022-03-16,Santa Clara,085,1922200,308907,309689,12362,322051,2224
2022-03-16,Santa Cruz,087,273765,47503,47161,2117,49278,255
2022-03-16,Shasta,089,179085,30492,30489,6137,36626,527
2022-03-16,Sierra,091,2930,271,273,48,321,4
2022-03-16,Siskiyou,093,43540,4430,4419,2746,7165,76
2022-03-16,Solano,095,438530,81109,81277,5540,86817,440
2022-03-16,Sonoma,097,501317,83044,82791,2590,85381,472
2022-03-16,Stanislaus,099,539301,117117,118072,17365,135437,1567
2022-03-16,Sutter,101,95872,20427,20494,2089,22583,218
2022-03-16,Tehama,103,63373,12023,11999,2618,14617,160
2022-03-16,Trinity,105,12862,1181,1173,295,1468,20
2022-03-16,Tulare,107,460477,106424,104217,28581,132798,1377
2022-03-16,Tuolumne,109,53932,12589,12610,565,13175,180
2022-03-16,Ventura,111,848112,172628,172212,9304,181516,1451
2022-03-16,Yolo,113,214977,36646,36079,3197,39276,307
2022-03-16,Yuba,115,75493,15790,15758,1197,16955,117
2022-03-15,Alameda,001,1643700,254310,253694,13811,267505,1793
2022-03-15,Alpine,003,1148,122,122,1,123,0
2022-03-15,Amador,005,37829,8503,8448,650,9098,85
2022-03-15,Butte,007,227075,32877,32822,6613,39435,385
2022-03-15,Calaveras,009,45235,7238,7236,352,7588,118
2022-03-15,Colusa,011,21464,3436,3445,1072,4517,21
2022-03-15,Contra Costa,013,1133247,187478,187021,13216,200237,1265
2022-03-15,Del Norte,015,27424,5764,5806,190,5996,48
2022-03-15,El Dorado,017,186661,26604,26596,3204,29800,199
2022-03-15,Fresno,019,978130,230830,228631,23935,252566,2689
2022-03-15,Glenn,021,27897,4970,4966,1604,6570,44
2022-03-15,Humboldt,023,135768,16817,16889,2956,19845,138
2022-03-15,Imperial,025,180216,55285,54981,10819,65800,896
2022-03-15,Inyo,027,18085,4060,4062,481,4543,56
2022-03-15,Kern,029,883053,191437,190645,46200,236845,2168
2022-03-15,Kings,031,150075,51360,51317,3607,54924,437
2022-03-15,Lake,033,64148,10649,10631,893,11524,131
2022-03-15,Lassen,035,31185,8951,8926,886,9812,62
2022-03-15,Los Angeles,037,10098052,2699680,2685071,124336,2809407,31077
2022-03-15,Madera,039,155013,37198,37258,6090,43348,354
2022-03-15,Marin,041,260295,33217,33111,2194,35305,272
2022-03-15,Mariposa,043,17540,2383,2377,201,2578,6
2022-03-15,Mendocino,045,87422,13010,13005,3019,16024,117
2022-03-15,Merced,047,269075,61958,61916,8630,70546,798
2022-03-15,Modoc,049,8938,735,733,251,984,7
2022-03-15,Mono,051,14174,2964,2961,121,3082,5
2022-03-15,Monterey,053,433212,79078,78400,13761,92161,718
2022-03-15,Napa,055,140530,25681,25657,957,26614,138
2022-03-15,Nevada,057,99092,15903,15960,1203,17163,123
2022-03-15,Orange,059,3164182,544868,543197,41320,584517,6780
2022-03-15,Placer,061,380077,62504,62398,7392,69790,604
2022-03-15,Plumas,063,18699,2960,2722,365,3087,13
2022-03-15,Riverside,065,2383286,589939,588622,28030,616652,6333
2022-03-15,Sacramento,067,1510023,279843,274633,27125,301758,2907
2022-03-15,San Benito,069,59416,12875,12849,515,13364,95
2022-03-15,San Bernardino,071,2135413,564908,559605,24876,584481,6770
2022-03-15,San Diego,073,3302833,750224,746474,52034,798508,5116
2022-03-15,San Francisco,075,870044,123041,123526,8242,131768,831
2022-03-15,San Joaquin,077,732212,165855,165664,9838,175502,2161
2022-03-15,San Luis Obispo,079,281455,52237,52060,3770,55830,458
2022-03-15,San Mateo,081,765935,120807,119586,6971,126557,649
2022-03-15,Santa Barbara,083,443738,85435,85353,4756,90109,668
2022-03-15,Santa Clara,085,1922200,308746,309535,12350,321885,2224
2022-03-15,Santa Cruz,087,273765,47450,47117,2117,49234,255
2022-03-15,Shasta,089,179085,30483,30476,6134,36610,524
2022-03-15,Sierra,091,2930,271,273,48,321,4
2022-03-15,Siskiyou,093,43540,4430,4420,2746,7166,76
2022-03-15,Solano,095,438530,81074,81260,5539,86799,440
2022-03-15,Sonoma,097,501317,83001,82737,2590,85327,472
2022-03-15,Stanislaus,099,539301,117098,118085,17362,135447,1567
2022-03-15,Sutter,101,95872,20424,20480,2079,22559,217
2022-03-15,Tehama,103,63373,12020,11997,2617,14614,160
2022-03-15,Trinity,105,12862,1181,1173,295,1468,20
2022-03-15,Tulare,107,460477,106405,104153,28569,132722,1375
2022-03-15,Tuolumne,109,53932,12585,12602,565,13167,180
2022-03-15,Ventura,111,848112,172583,172150,9300,181450,1451
2022-03-15,Yolo,113,214977,36633,36079,3191,39270,308
2022-03-15,Yuba,115,75493,15781,15756,1197,16953,116
2022-03-14,Alameda,001,1643700,254193,253629,13807,267436,1791
2022-03-14,Alpine,003,1148,122,122,1,123,0
2022-03-14,Amador,005,37829,8498,8448,650,9098,85
2022-03-14,Butte,007,227075,32859,32812,6612,39424,385
2022-03-14,Calaveras,009,45235,7237,7245,352,7597,118
2022-03-14,Colusa,011,21464,3435,3445,1072,4517,21
2022-03-14,Contra Costa,013,1133247,187385,186969,13207,200176,1265
2022-03-14,Del Norte,015,27424,5758,5807,190,5997,48
2022-03-14,El Dorado,017,186661,26599,26570,3204,29774,199
2022-03-14,Fresno,019,978130,230756,228470,23926,252396,2682
2022-03-14,Glenn,021,27897,4968,4966,1603,6569,44
2022-03-14,Humboldt,023,135768,16810,16890,2954,19844,137
2022-03-14,Imperial,025,180216,55272,54933,10818,65751,897
2022-03-14,Inyo,027,18085,4060,4062,481,4543,56
2022-03-14,Kern,029,883053,191403,190526,46189,236715,2166
2022-03-14,Kings,031,150075,51342,51293,3606,54899,437
2022-03-14,Lake,033,64148,10646,10631,893,11524,131
2022-03-14,Lassen,035,31185,8951,8927,885,9812,62
2022-03-14,Los Angeles,037,10098052,2699057,2683369,124268,2807637,31034
2022-03-14,Madera,039,155013,37192,37255,6089,43344,354
2022-03-14,Marin,041,260295,33188,33099,2194,35293,272
2022-03-14,Mariposa,043,17540,2382,2376,201,2577,6
2022-03-14,Mendocino,045,87422,13004,12992,3012,16004,117
2022-03-14,Merced,047,269075,61940,61905,8628,70533,795
2022-03-14,Modoc,049,8938,734,731,251,982,7
2022-03-14,Mono,051,14174,2963,2961,121,3082,5
2022-03-14,Monterey,053,433212,79064,78376,13724,92100,718
2022-03-14,Napa,055,140530,25666,25649,957,26606,138
2022-03-14,Nevada,057,99092,15901,15954,1203,17157,123
2022-03-14,Orange,059,3164182,544728,543099,41312,584411,6775
2022-03-14,Placer,061,380077,62486,62389,7390,69779,601
2022-03-14,Plumas,063,18699,2960,2711,365,3076,13
2022-03-14,Riverside,065,2383286,589802,588531,28018,616549,6332
2022-03-14,Sacramento,067,1510023,279763,274682,27120,301802,2899
2022-03-14,San Benito,069,59416,12870,12846,514,13360,95
2022-03-14,San Bernardino,071,2135413,564822,559505,24870,584375,6767
2022-03-14,San Diego,073,3302833,749914,745515,52006,797521,5108
2022-03-14,San Francisco,075,870044,122951,123575,8236,131811,824
2022-03-14,San Joaquin,077,732212,165817,165662,9837,175499,2142
2022-03-14,San Luis Obispo,079,281455,52210,52046,3767,55813,458
2022-03-14,San Mateo,081,765935,120734,119564,6968,126532,649
2022-03-14,Santa Barbara,083,443738,85398,85396,4755,90151,667
2022-03-14,Santa Clara,085,1922200,308557,309600,12345,321945,2223
2022-03-14,Santa Cruz,087,273765,47412,47107,2114,49221,255
2022-03-14,Shasta,089,179085,30478,30462,6131,36593,520
2022-03-14,Sierra,091,2930,271,273,48,321,4
2022-03-14,Siskiyou,093,43540,4425,4419,2745,7164,76
2022-03-14,Solano,095,438530,81027,81233,5534,86767,440
2022-03-14,Sonoma,097,501317,82967,82731,2586,85317,473
2022-03-14,Stanislaus,099,539301,117060,118088,17359,135447,1567
2022-03-14,Sutter,101,95872,20417,20478,2079,22557,217
2022-03-14,Tehama,103,63373,12018,11996,2617,14613,160
2022-03-14,Trinity,105,12862,1181,1172,295,1467,20
2022-03-14,Tulare,107,460477,106374,104121,28560,132681,1365
2022-03-14,Tuolumne,109,53932,12584,12567,564,13131,180
2022-03-14,Ventura,111,848112,172530,172107,9298,181405,1442
2022-03-14,Yolo,113,214977,36617,36059,3189,39248,308
2022-03-14,Yuba,115,75493,15770,15748,1197,16945,116
2022-03-13,Alameda,001,1643700,254069,253547,13798,267345,1792
2022-03-13,Alpine,003,1148,122,122,1,123,0
2022-03-13,Amador,005,37829,8496,8444,650,9094,85
2022-03-13,Butte,007,227075,32840,32806,6608,39414,384
2022-03-13,Calaveras,009,45235,7232,7253,352,7605,118
2022-03-13,Colusa,011,21464,3435,3444,1070,4514,21
2022-03-13,Contra Costa,013,1133247,187292,186911,13192,200103,1265
2022-03-13,Del Norte,015,27424,5754,5808,190,5998,48
2022-03-13,El Dorado,017,186661,26594,26563,3203,29766,199
2022-03-13,Fresno,019,978130,230675,228421,23913,252334,2683
2022-03-13,Glenn,021,27897,4964,4966,1602,6568,44
2022-03-13,Humboldt,023,135768,16802,16883,2954,19837,137
2022-03-13,Imperial,025,180216,55262,54934,10816,65750,897
2022-03-13,Inyo,027,18085,4060,4062,480,4542,56
2022-03-13,Kern,029,883053,191349,190495,46175,236670,2166
2022-03-13,Kings,031,150075,51334,51273,3605,54878,437
2022-03-13,Lake,033,64148,10643,10626,893,11519,131
2022-03-13,Lassen,035,31185,8950,8929,884,9813,62
2022-03-13,Los Angeles,037,10098052,2698330,2683351,124224,2807575,31034
2022-03-13,Madera,039,155013,37184,37248,6089,43337,354
2022-03-13,Marin,041,260295,33163,33083,2192,35275,272
2022-03-13,Mariposa,043,17540,2380,2376,201,2577,6
2022-03-13,Mendocino,045,87422,12998,12987,3007,15994,117
2022-03-13,Merced,047,269075,61916,61895,8617,70512,795
2022-03-13,Modoc,049,8938,734,731,251,982,7
2022-03-13,Mono,051,14174,2963,2961,121,3082,5
2022-03-13,Monterey,053,433212,79028,78366,13674,92040,718
2022-03-13,Napa,055,140530,25651,25639,956,26595,138
2022-03-13,Nevada,057,99092,15894,15959,1203,17162,123
2022-03-13,Orange,059,3164182,544607,543036,41288,584324,6774
2022-03-13,Placer,061,380077,62459,62372,7387,69759,601
2022-03-13,Plumas,063,18699,2960,2711,365,3076,13
2022-03-13,Riverside,065,2383286,589667,588487,28012,616499,6332
2022-03-13,Sacramento,067,1510023,279662,274715,27108,301823,2899
2022-03-13,San Benito,069,59416,12864,12844,512,13356,95
2022-03-13,San Bernardino,071,2135413,564726,559450,24859,584309,6767
2022-03-13,San Diego,073,3302833,749564,745515,51972,797487,5108
2022-03-13,San Francisco,075,870044,122828,123622,8230,131852,824
2022-03-13,San Joaquin,077,732212,165769,165641,9835,175476,2142
2022-03-13,San Luis Obispo,079,281455,52180,52040,3764,55804,458
2022-03-13,San Mateo,081,765935,120656,119521,6959,126480,649
2022-03-13,Santa Barbara,083,443738,85357,85453,4753,90206,667
2022-03-13,Santa Clara,085,1922200,308387,309493,12335,321828,2225
2022-03-13,Santa Cruz,087,273765,47361,47087,2113,49200,255
2022-03-13,Shasta,089,179085,30461,30457,6129,36586,520
2022-03-13,Sierra,091,2930,271,273,48,321,4
2022-03-13,Siskiyou,093,43540,4425,4418,2745,7163,76
2022-03-13,Solano,095,438530,80992,81217,5530,86747,440
2022-03-13,Sonoma,097,501317,82930,82711,2581,85292,473
2022-03-13,Stanislaus,099,539301,117028,118075,17356,135431,1567
2022-03-13,Sutter,101,95872,20413,20474,2078,22552,217
2022-03-13,Tehama,103,63373,12017,11997,2616,14613,160
2022-03-13,Trinity,105,12862,1181,1172,295,1467,20
2022-03-13,Tulare,107,460477,106336,104119,28550,132669,1365
2022-03-13,Tuolumne,109,53932,12581,12565,564,13129,180
2022-03-13,Ventura,111,848112,172472,172080,9292,181372,1442
2022-03-13,Yolo,113,214977,36601,36019,3185,39204,308
2022-03-13,Yuba,115,75493,15765,15741,1197,16938,116
2022-03-12,Alameda,001,1643700,254004,253079,13793,266872,1783
2022-03-12,Alpine,003,1148,122,122,1,123,0
2022-03-12,Amador,005,37829,8492,8427,650,9077,84
2022-03-12,Butte,007,227075,32836,32774,6606,39380,380
2022-03-12,Calaveras,009,45235,7231,7253,352,7605,118
2022-03-12,Colusa,011,21464,3435,3440,1070,4510,21
2022-03-12,Contra Costa,013,1133247,187248,186618,13191,199809,1256
2022-03-12,Del Norte,015,27424,5753,5791,190,5981,48
2022-03-12,El Dorado,017,186661,26590,26538,3203,29741,199
2022-03-12,Fresno,019,978130,230652,228041,23913,251954,2653
2022-03-12,Glenn,021,27897,4964,4955,1602,6557,44
2022-03-12,Humboldt,023,135768,16798,16862,2953,19815,137
2022-03-12,Imperial,025,180216,55258,54837,10812,65649,896
2022-03-12,Inyo,027,18085,4060,4056,480,4536,56
2022-03-12,Kern,029,883053,191332,190330,46170,236500,2162
2022-03-12,Kings,031,150075,51328,51145,3605,54750,436
2022-03-12,Lake,033,64148,10640,10594,892,11486,131
2022-03-12,Lassen,035,31185,8949,8915,884,9799,62
2022-03-12,Los Angeles,037,10098052,2698008,2678858,124205,2803063,30901
2022-03-12,Madera,039,155013,37180,37223,6089,43312,354
2022-03-12,Marin,041,260295,33139,33015,2191,35206,272
2022-03-12,Mariposa,043,17540,2380,2372,201,2573,6
2022-03-12,Mendocino,045,87422,12994,12965,3007,15972,117
2022-03-12,Merced,047,269075,61911,61840,8616,70456,795
2022-03-12,Modoc,049,8938,734,730,251,981,7
2022-03-12,Mono,051,14174,2963,2960,120,3080,5
2022-03-12,Monterey,053,433212,79021,78285,13672,91957,716
2022-03-12,Napa,055,140530,25641,25584,955,26539,138
2022-03-12,Nevada,057,99092,15887,15947,1203,17150,123
2022-03-12,Orange,059,3164182,544542,542354,41279,583633,6718
2022-03-12,Placer,061,380077,62450,62282,7387,69669,598
2022-03-12,Plumas,063,18699,2960,2707,365,3072,13
2022-03-12,Riverside,065,2383286,589604,588022,28007,616029,6317
2022-03-12,Sacramento,067,1510023,279623,274519,27104,301623,2886
2022-03-12,San Benito,069,59416,12861,12868,512,13380,95
2022-03-12,San Bernardino,071,2135413,564684,559013,24858,583871,6734
2022-03-12,San Diego,073,3302833,749435,744386,51950,796336,5090
2022-03-12,San Francisco,075,870044,122764,123610,8224,131834,823
2022-03-12,San Joaquin,077,732212,165752,165516,9832,175348,2117
2022-03-12,San Luis Obispo,079,281455,52171,51947,3761,55708,457
2022-03-12,San Mateo,081,765935,120619,119288,6958,126246,641
2022-03-12,Santa Barbara,083,443738,85338,85421,4753,90174,664
2022-03-12,Santa Clara,085,1922200,308288,308989,12329,321318,2208
2022-03-12,Santa Cruz,087,273765,47348,46982,2112,49094,254
2022-03-12,Shasta,089,179085,30449,30419,6127,36546,517
2022-03-12,Sierra,091,2930,271,273,48,321,4
2022-03-12,Siskiyou,093,43540,4425,4405,2745,7150,75
2022-03-12,Solano,095,438530,80978,81058,5530,86588,436
2022-03-12,Sonoma,097,501317,82913,82622,2579,85201,473
2022-03-12,Stanislaus,099,539301,117014,117884,17355,135239,1564
2022-03-12,Sutter,101,95872,20411,20429,2078,22507,217
2022-03-12,Tehama,103,63373,12017,11983,2616,14599,159
2022-03-12,Trinity,105,12862,1180,1172,295,1467,20
2022-03-12,Tulare,107,460477,106330,103994,28545,132539,1358
2022-03-12,Tuolumne,109,53932,12580,12476,564,13040,180
2022-03-12,Ventura,111,848112,172447,171932,9290,181222,1442
2022-03-12,Yolo,113,214977,36594,35982,3183,39165,308
2022-03-12,Yuba,115,75493,15765,15722,1197,16919,116
2022-03-11,Alameda,001,1643700,253938,253079,13793,266872,1783
2022-03-11,Alpine,003,1148,122,122,1,123,0
2022-03-11,Amador,005,37829,8490,8427,650,9077,84
2022-03-11,Butte,007,227075,32832,32774,6605,39379,380
2022-03-11,Calaveras,009,45235,7231,7253,352,7605,118
2022-03-11,Colusa,011,21464,3435,3440,1070,4510,21
2022-03-11,Contra Costa,013,1133247,187200,186618,13189,199807,1256
2022-03-11,Del Norte,015,27424,5749,5791,190,5981,48
2022-03-11,El Dorado,017,186661,26586,26538,3203,29741,199
2022-03-11,Fresno,019,978130,230596,228041,23910,251951,2653
2022-03-11,Glenn,021,27897,4964,4955,1602,6557,44
2022-03-11,Humboldt,023,135768,16793,16862,2951,19813,137
2022-03-11,Imperial,025,180216,55251,54837,10811,65648,896
2022-03-11,Inyo,027,18085,4060,4056,480,4536,56
2022-03-11,Kern,029,883053,191311,190330,46165,236495,2162
2022-03-11,Kings,031,150075,51308,51145,3605,54750,436
2022-03-11,Lake,033,64148,10636,10594,892,11486,131
2022-03-11,Lassen,035,31185,8948,8915,884,9799,62
2022-03-11,Los Angeles,037,10098052,2697684,2678858,124180,2803038,30901
2022-03-11,Madera,039,155013,37175,37223,6089,43312,354
2022-03-11,Marin,041,260295,33123,33015,2190,35205,272
2022-03-11,Mariposa,043,17540,2380,2372,201,2573,6
2022-03-11,Mendocino,045,87422,12988,12965,3007,15972,117
2022-03-11,Merced,047,269075,61901,61840,8614,70454,795
2022-03-11,Modoc,049,8938,734,730,251,981,7
2022-03-11,Mono,051,14174,2962,2960,120,3080,5
2022-03-11,Monterey,053,433212,79008,78285,13666,91951,716
2022-03-11,Napa,055,140530,25631,25584,955,26539,138
2022-03-11,Nevada,057,99092,15884,15947,1203,17150,123
2022-03-11,Orange,059,3164182,544472,542354,41265,583619,6718
2022-03-11,Placer,061,380077,62440,62282,7386,69668,598
2022-03-11,Plumas,063,18699,2958,2707,365,3072,13
2022-03-11,Riverside,065,2383286,589530,588022,28003,616025,6317
2022-03-11,Sacramento,067,1510023,279556,274519,27101,301620,2886
2022-03-11,San Benito,069,59416,12860,12868,512,13380,95
2022-03-11,San Bernardino,071,2135413,564627,559013,24852,583865,6734
2022-03-11,San Diego,073,3302833,749268,744386,51936,796322,5090
2022-03-11,San Francisco,075,870044,122714,123610,8220,131830,823
2022-03-11,San Joaquin,077,732212,165719,165516,9829,175345,2117
2022-03-11,San Luis Obispo,079,281455,52163,51947,3760,55707,457
2022-03-11,San Mateo,081,765935,120570,119288,6955,126243,641
2022-03-11,Santa Barbara,083,443738,85318,85421,4752,90173,664
2022-03-11,Santa Clara,085,1922200,308187,308989,12325,321314,2208
2022-03-11,Santa Cruz,087,273765,47333,46982,2112,49094,254
2022-03-11,Shasta,089,179085,30443,30419,6124,36543,517
2022-03-11,Sierra,091,2930,271,273,48,321,4
2022-03-11,Siskiyou,093,43540,4423,4405,2743,7148,75
2022-03-11,Solano,095,438530,80964,81058,5529,86587,436
2022-03-11,Sonoma,097,501317,82888,82622,2577,85199,473
2022-03-11,Stanislaus,099,539301,117001,117884,17354,135238,1564
2022-03-11,Sutter,101,95872,20409,20429,2078,22507,217
2022-03-11,Tehama,103,63373,12015,11983,2616,14599,159
2022-03-11,Trinity,105,12862,1180,1172,295,1467,20
2022-03-11,Tulare,107,460477,106317,103994,28539,132533,1358
2022-03-11,Tuolumne,109,53932,12578,12476,564,13040,180
2022-03-11,Ventura,111,848112,172411,171932,9285,181217,1442
2022-03-11,Yolo,113,214977,36582,35982,3183,39165,308
2022-03-11,Yuba,115,75493,15762,15722,1197,16919,116
2022-03-10,Alameda,001,1643700,253826,253079,13786,266865,1783
2022-03-10,Alpine,003,1148,122,122,1,123,0
2022-03-10,Amador,005,37829,8489,8427,650,9077,84
2022-03-10,Butte,007,227075,32818,32774,6603,39377,380
2022-03-10,Calaveras,009,45235,7230,7253,351,7604,118
2022-03-10,Colusa,011,21464,3435,3440,1070,4510,21
2022-03-10,Contra Costa,013,1133247,187115,186618,13179,199797,1256
2022-03-10,Del Norte,015,27424,5740,5791,190,5981,48
2022-03-10,El Dorado,017,186661,26574,26538,3202,29740,199
2022-03-10,Fresno,019,978130,230522,228041,23901,251942,2653
2022-03-10,Glenn,021,27897,4962,4955,1602,6557,44
2022-03-10,Humboldt,023,135768,16784,16862,2950,19812,137
2022-03-10,Imperial,025,180216,55241,54837,10810,65647,896
2022-03-10,Inyo,027,18085,4059,4056,480,4536,56
2022-03-10,Kern,029,883053,191277,190330,46150,236480,2162
2022-03-10,Kings,031,150075,51278,51145,3604,54749,436
2022-03-10,Lake,033,64148,10626,10594,891,11485,131
2022-03-10,Lassen,035,31185,8948,8915,884,9799,62
2022-03-10,Los Angeles,037,10098052,2697132,2678858,124141,2802999,30901
2022-03-10,Madera,039,155013,37168,37223,6082,43305,354
2022-03-10,Marin,041,260295,33109,33015,2186,35201,272
2022-03-10,Mariposa,043,17540,2380,2372,201,2573,6
2022-03-10,Mendocino,045,87422,12984,12965,3007,15972,117
2022-03-10,Merced,047,269075,61884,61840,8608,70448,795
2022-03-10,Modoc,049,8938,733,730,251,981,7
2022-03-10,Mono,051,14174,2962,2960,120,3080,5
2022-03-10,Monterey,053,433212,78985,78285,13640,91925,716
2022-03-10,Napa,055,140530,25622,25584,954,26538,138
2022-03-10,Nevada,057,99092,15877,15947,1203,17150,123
2022-03-10,Orange,059,3164182,544349,542354,41248,583602,6718
2022-03-10,Placer,061,380077,62418,62282,7380,69662,598
2022-03-10,Plumas,063,18699,2957,2707,365,3072,13
2022-03-10,Riverside,065,2383286,589415,588022,27996,616018,6317
2022-03-10,Sacramento,067,1510023,279478,274519,27095,301614,2886
2022-03-10,San Benito,069,59416,12859,12868,511,13379,95
2022-03-10,San Bernardino,071,2135413,564554,559013,24844,583857,6734
2022-03-10,San Diego,073,3302833,749005,744386,51905,796291,5090
2022-03-10,San Francisco,075,870044,122647,123610,8213,131823,823
2022-03-10,San Joaquin,077,732212,165690,165516,9827,175343,2117
2022-03-10,San Luis Obispo,079,281455,52140,51947,3757,55704,457
2022-03-10,San Mateo,081,765935,120506,119288,6952,126240,641
2022-03-10,Santa Barbara,083,443738,85286,85421,4751,90172,664
2022-03-10,Santa Clara,085,1922200,308059,308989,12316,321305,2208
2022-03-10,Santa Cruz,087,273765,47300,46982,2112,49094,254
2022-03-10,Shasta,089,179085,30435,30419,6122,36541,517
2022-03-10,Sierra,091,2930,271,273,48,321,4
2022-03-10,Siskiyou,093,43540,4423,4405,2743,7148,75
2022-03-10,Solano,095,438530,80928,81058,5528,86586,436
2022-03-10,Sonoma,097,501317,82861,82622,2577,85199,473
2022-03-10,Stanislaus,099,539301,116963,117884,17352,135236,1564
2022-03-10,Sutter,101,95872,20404,20429,2078,22507,217
2022-03-10,Tehama,103,63373,12014,11983,2616,14599,159
2022-03-10,Trinity,105,12862,1180,1172,295,1467,20
2022-03-10,Tulare,107,460477,106297,103994,28533,132527,1358
2022-03-10,Tuolumne,109,53932,12575,12476,564,13040,180
2022-03-10,Ventura,111,848112,172370,171932,9282,181214,1442
2022-03-10,Yolo,113,214977,36568,35982,3182,39164,308
2022-03-10,Yuba,115,75493,15752,15722,1196,16918,116
2022-03-09,Alameda,001,1643700,253700,252893,13779,266672,1781
2022-03-09,Alpine,003,1148,122,125,1,126,0
2022-03-09,Amador,005,37829,8483,8409,650,9059,84
2022-03-09,Butte,007,227075,32809,32767,6598,39365,380
2022-03-09,Calaveras,009,45235,7228,7249,351,7600,117
2022-03-09,Colusa,011,21464,3434,3439,1070,4509,21
2022-03-09,Contra Costa,013,1133247,187022,186483,13163,199646,1256
2022-03-09,Del Norte,015,27424,5736,5765,190,5955,48
2022-03-09,El Dorado,017,186661,26569,26515,3202,29717,198
2022-03-09,Fresno,019,978130,230424,227885,23892,251777,2653
2022-03-09,Glenn,021,27897,4960,4953,1601,6554,44
2022-03-09,Humboldt,023,135768,16779,16854,2947,19801,137
2022-03-09,Imperial,025,180216,55234,54764,10808,65572,894
2022-03-09,Inyo,027,18085,4059,4056,480,4536,56
2022-03-09,Kern,029,883053,191227,190254,46137,236391,2159
2022-03-09,Kings,031,150075,51258,51122,3604,54726,435
2022-03-09,Lake,033,64148,10620,10586,891,11477,130
2022-03-09,Lassen,035,31185,8948,8901,884,9785,62
2022-03-09,Los Angeles,037,10098052,2696488,2677901,124101,2802002,30842
2022-03-09,Madera,039,155013,37161,37207,6081,43288,354
2022-03-09,Marin,041,260295,33091,32967,2186,35153,272
2022-03-09,Mariposa,043,17540,2377,2372,201,2573,6
2022-03-09,Mendocino,045,87422,12980,12957,3002,15959,117
2022-03-09,Merced,047,269075,61868,61792,8602,70394,792
2022-03-09,Modoc,049,8938,732,730,250,980,7
2022-03-09,Mono,051,14174,2962,2962,120,3082,5
2022-03-09,Monterey,053,433212,78961,78258,13593,91851,716
2022-03-09,Napa,055,140530,25601,25561,953,26514,138
2022-03-09,Nevada,057,99092,15868,15938,1202,17140,123
2022-03-09,Orange,059,3164182,544215,542278,41235,583513,6700
2022-03-09,Placer,061,380077,62395,62242,7376,69618,598
2022-03-09,Plumas,063,18699,2956,2708,365,3073,13
2022-03-09,Riverside,065,2383286,589318,587833,27986,615819,6305
2022-03-09,Sacramento,067,1510023,279394,274373,27078,301451,2877
2022-03-09,San Benito,069,59416,12856,12864,511,13375,95
2022-03-09,San Bernardino,071,2135413,564461,558795,24832,583627,6723
2022-03-09,San Diego,073,3302833,748728,743956,51878,795834,5083
2022-03-09,San Francisco,075,870044,122559,123676,8208,131884,812
2022-03-09,San Joaquin,077,732212,165651,165444,9821,175265,2113
2022-03-09,San Luis Obispo,079,281455,52121,51923,3754,55677,457
2022-03-09,San Mateo,081,765935,120448,119194,6940,126134,639
2022-03-09,Santa Barbara,083,443738,85269,85382,4749,90131,661
2022-03-09,Santa Clara,085,1922200,307929,308765,12305,321070,2206
2022-03-09,Santa Cruz,087,273765,47260,46917,2111,49028,254
2022-03-09,Shasta,089,179085,30413,30407,6121,36528,493
2022-03-09,Sierra,091,2930,271,273,48,321,4
2022-03-09,Siskiyou,093,43540,4421,4403,2742,7145,75
2022-03-09,Solano,095,438530,80892,80984,5526,86510,436
2022-03-09,Sonoma,097,501317,82828,82574,2575,85149,473
2022-03-09,Stanislaus,099,539301,116926,117827,17347,135174,1541
2022-03-09,Sutter,101,95872,20393,20409,2074,22483,217
2022-03-09,Tehama,103,63373,12010,11980,2616,14596,159
2022-03-09,Trinity,105,12862,1180,1174,295,1469,20
2022-03-09,Tulare,107,460477,106269,103932,28519,132451,1350
2022-03-09,Tuolumne,109,53932,12573,12444,564,13008,180
2022-03-09,Ventura,111,848112,172320,171852,9279,181131,1448
2022-03-09,Yolo,113,214977,36549,35973,3167,39140,308
2022-03-09,Yuba,115,75493,15747,15714,1195,16909,115
2022-03-08,Alameda,001,1643700,253545,252744,13767,266511,1769
2022-03-08,Alpine,003,1148,122,125,1,126,0
2022-03-08,Amador,005,37829,8469,8407,650,9057,84
2022-03-08,Butte,007,227075,32795,32759,6593,39352,380
2022-03-08,Calaveras,009,45235,7224,7245,351,7596,117
2022-03-08,Colusa,011,21464,3431,3439,1069,4508,21
2022-03-08,Contra Costa,013,1133247,186936,186396,13149,199545,1256
2022-03-08,Del Norte,015,27424,5731,5763,190,5953,48
2022-03-08,El Dorado,017,186661,26559,26503,3195,29698,197
2022-03-08,Fresno,019,978130,230324,227808,23884,251692,2653
2022-03-08,Glenn,021,27897,4959,4944,1600,6544,43
2022-03-08,Humboldt,023,135768,16767,16837,2934,19771,137
2022-03-08,Imperial,025,180216,55218,54721,10806,65527,890
2022-03-08,Inyo,027,18085,4056,4056,480,4536,56
2022-03-08,Kern,029,883053,191165,190208,46122,236330,2154
2022-03-08,Kings,031,150075,51216,51089,3601,54690,434
2022-03-08,Lake,033,64148,10609,10571,891,11462,130
2022-03-08,Lassen,035,31185,8947,8897,884,9781,62
2022-03-08,Los Angeles,037,10098052,2695796,2677166,124062,2801228,30803
2022-03-08,Madera,039,155013,37149,37185,6080,43265,354
2022-03-08,Marin,041,260295,33052,32943,2185,35128,272
2022-03-08,Mariposa,043,17540,2375,2371,201,2572,6
2022-03-08,Mendocino,045,87422,12976,12950,3001,15951,117
2022-03-08,Merced,047,269075,61848,61767,8591,70358,791
2022-03-08,Modoc,049,8938,731,729,250,979,7
2022-03-08,Mono,051,14174,2961,2961,120,3081,5
2022-03-08,Monterey,053,433212,78941,78247,13554,91801,711
2022-03-08,Napa,055,140530,25576,25528,952,26480,137
2022-03-08,Nevada,057,99092,15858,15939,1201,17140,122
2022-03-08,Orange,059,3164182,544065,542164,41214,583378,6692
2022-03-08,Placer,061,380077,62367,62221,7375,69596,594
2022-03-08,Plumas,063,18699,2956,2703,365,3068,13
2022-03-08,Riverside,065,2383286,589209,587686,27978,615664,6294
2022-03-08,Sacramento,067,1510023,279301,274276,27058,301334,2872
2022-03-08,San Benito,069,59416,12853,12855,511,13366,94
2022-03-08,San Bernardino,071,2135413,564370,558512,24822,583334,6715
2022-03-08,San Diego,073,3302833,748371,743604,51861,795465,5077
2022-03-08,San Francisco,075,870044,122469,123675,8203,131878,807
2022-03-08,San Joaquin,077,732212,165614,165381,9817,175198,2104
2022-03-08,San Luis Obispo,079,281455,52095,51900,3751,55651,451
2022-03-08,San Mateo,081,765935,120366,119103,6930,126033,638
2022-03-08,Santa Barbara,083,443738,85237,85363,4749,90112,659
2022-03-08,Santa Clara,085,1922200,307721,308528,12296,320824,2206
2022-03-08,Santa Cruz,087,273765,47224,46875,2110,48985,254
2022-03-08,Shasta,089,179085,30394,30372,6118,36490,493
2022-03-08,Sierra,091,2930,271,273,48,321,4
2022-03-08,Siskiyou,093,43540,4417,4404,2742,7146,74
2022-03-08,Solano,095,438530,80864,80924,5522,86446,434
2022-03-08,Sonoma,097,501317,82783,82571,2574,85145,473
2022-03-08,Stanislaus,099,539301,116882,117782,17338,135120,1541
2022-03-08,Sutter,101,95872,20384,20403,2074,22477,217
2022-03-08,Tehama,103,63373,12006,11972,2615,14587,158
2022-03-08,Trinity,105,12862,1180,1174,295,1469,20
2022-03-08,Tulare,107,460477,106229,103893,28507,132400,1334
2022-03-08,Tuolumne,109,53932,12568,12427,562,12989,180
2022-03-08,Ventura,111,848112,172257,171806,9272,181078,1447
2022-03-08,Yolo,113,214977,36524,35946,3166,39112,306
2022-03-08,Yuba,115,75493,15740,15705,1194,16899,115
2022-03-07,Alameda,001,1643700,253342,252578,13752,266330,1766
2022-03-07,Alpine,003,1148,122,125,1,126,0
2022-03-07,Amador,005,37829,8466,8368,650,9018,84
2022-03-07,Butte,007,227075,32780,32734,6590,39324,378
2022-03-07,Calaveras,009,45235,7220,7242,351,7593,116
2022-03-07,Colusa,011,21464,3429,3437,1069,4506,21
2022-03-07,Contra Costa,013,1133247,186838,186087,13125,199212,1256
2022-03-07,Del Norte,015,27424,5727,5758,190,5948,48
2022-03-07,El Dorado,017,186661,26552,26487,3194,29681,196
2022-03-07,Fresno,019,978130,230235,227670,23862,251532,2653
2022-03-07,Glenn,021,27897,4953,4939,1600,6539,43
2022-03-07,Humboldt,023,135768,16754,16829,2929,19758,137
2022-03-07,Imperial,025,180216,55195,54712,10801,65513,890
2022-03-07,Inyo,027,18085,4054,4054,480,4534,56
2022-03-07,Kern,029,883053,191104,190163,46097,236260,2152
2022-03-07,Kings,031,150075,51186,51065,3595,54660,433
2022-03-07,Lake,033,64148,10599,10562,890,11452,130
2022-03-07,Lassen,035,31185,8946,8896,884,9780,62
2022-03-07,Los Angeles,037,10098052,2694977,2675497,124022,2799519,30759
2022-03-07,Madera,039,155013,37139,37164,6077,43241,354
2022-03-07,Marin,041,260295,33014,32919,2182,35101,272
2022-03-07,Mariposa,043,17540,2374,2369,201,2570,6
2022-03-07,Mendocino,045,87422,12968,12940,3000,15940,117
2022-03-07,Merced,047,269075,61809,61751,8584,70335,791
2022-03-07,Modoc,049,8938,731,729,250,979,7
2022-03-07,Mono,051,14174,2961,2960,120,3080,5
2022-03-07,Monterey,053,433212,78906,78161,13505,91666,706
2022-03-07,Napa,055,140530,25546,25500,952,26452,136
2022-03-07,Nevada,057,99092,15851,15935,1195,17130,122
2022-03-07,Orange,059,3164182,543890,542028,41188,583216,6687
2022-03-07,Placer,061,380077,62338,62215,7373,69588,591
2022-03-07,Plumas,063,18699,2956,2702,365,3067,13
2022-03-07,Riverside,065,2383286,589076,587537,27970,615507,6279
2022-03-07,Sacramento,067,1510023,279198,274079,27045,301124,2866
2022-03-07,San Benito,069,59416,12847,12843,511,13354,94
2022-03-07,San Bernardino,071,2135413,564262,558265,24810,583075,6703
2022-03-07,San Diego,073,3302833,748026,742287,51818,794105,5068
2022-03-07,San Francisco,075,870044,122367,123655,8197,131852,807
2022-03-07,San Joaquin,077,732212,165561,165343,9809,175152,2091
2022-03-07,San Luis Obispo,079,281455,52054,51874,3746,55620,448
2022-03-07,San Mateo,081,765935,120291,119035,6923,125958,630
2022-03-07,Santa Barbara,083,443738,85199,85345,4748,90093,659
2022-03-07,Santa Clara,085,1922200,307534,308517,12290,320807,2202
2022-03-07,Santa Cruz,087,273765,47173,46823,2109,48932,254
2022-03-07,Shasta,089,179085,30381,30352,6115,36467,493
2022-03-07,Sierra,091,2930,271,273,48,321,4
2022-03-07,Siskiyou,093,43540,4413,4398,2741,7139,74
2022-03-07,Solano,095,438530,80807,80886,5520,86406,435
2022-03-07,Sonoma,097,501317,82740,82530,2573,85103,473
2022-03-07,Stanislaus,099,539301,116845,117713,17330,135043,1537
2022-03-07,Sutter,101,95872,20373,20400,2073,22473,217
2022-03-07,Tehama,103,63373,12000,11966,2612,14578,158
2022-03-07,Trinity,105,12862,1178,1173,295,1468,20
2022-03-07,Tulare,107,460477,106192,103834,28496,132330,1316
2022-03-07,Tuolumne,109,53932,12560,12408,561,12969,179
2022-03-07,Ventura,111,848112,172206,171886,9270,181156,1436
2022-03-07,Yolo,113,214977,36500,35934,3160,39094,306
2022-03-07,Yuba,115,75493,15734,15701,1193,16894,115
2022-03-06,Alameda,001,1643700,253157,252460,13743,266203,1766
2022-03-06,Alpine,003,1148,122,125,1,126,0
2022-03-06,Amador,005,37829,8463,8367,648,9015,84
2022-03-06,Butte,007,227075,32771,32714,6586,39300,376
2022-03-06,Calaveras,009,45235,7218,7236,350,7586,116
2022-03-06,Colusa,011,21464,3429,3435,1068,4503,21
2022-03-06,Contra Costa,013,1133247,186722,185974,13099,199073,1256
2022-03-06,Del Norte,015,27424,5712,5744,188,5932,48
2022-03-06,El Dorado,017,186661,26543,26478,3192,29670,196
2022-03-06,Fresno,019,978130,230091,227514,23851,251365,2653
2022-03-06,Glenn,021,27897,4948,4939,1600,6539,43
2022-03-06,Humboldt,023,135768,16742,16813,2926,19739,137
2022-03-06,Imperial,025,180216,55180,54719,10789,65508,890
2022-03-06,Inyo,027,18085,4051,4053,480,4533,56
2022-03-06,Kern,029,883053,191048,190088,46075,236163,2152
2022-03-06,Kings,031,150075,51117,51050,3592,54642,432
2022-03-06,Lake,033,64148,10585,10539,889,11428,130
2022-03-06,Lassen,035,31185,8933,8887,883,9770,62
2022-03-06,Los Angeles,037,10098052,2694040,2675456,123966,2799422,30759
2022-03-06,Madera,039,155013,37111,37135,6069,43204,354
2022-03-06,Marin,041,260295,32988,32879,2181,35060,272
2022-03-06,Mariposa,043,17540,2373,2365,200,2565,6
2022-03-06,Mendocino,045,87422,12956,12923,2996,15919,116
2022-03-06,Merced,047,269075,61777,61722,8567,70289,791
2022-03-06,Modoc,049,8938,731,729,250,979,7
2022-03-06,Mono,051,14174,2961,2959,120,3079,5
2022-03-06,Monterey,053,433212,78859,78154,13473,91627,706
2022-03-06,Napa,055,140530,25511,25457,950,26407,136
2022-03-06,Nevada,057,99092,15840,15924,1194,17118,122
2022-03-06,Orange,059,3164182,543731,541903,41140,583043,6688
2022-03-06,Placer,061,380077,62306,62185,7369,69554,591
2022-03-06,Plumas,063,18699,2951,2704,365,3069,13
2022-03-06,Riverside,065,2383286,588913,587388,27949,615337,6279
2022-03-06,Sacramento,067,1510023,279061,273935,27021,300956,2869
2022-03-06,San Benito,069,59416,12836,12835,510,13345,94
2022-03-06,San Bernardino,071,2135413,564135,558139,24795,582934,6701
2022-03-06,San Diego,073,3302833,747628,742287,51769,794056,5068
2022-03-06,San Francisco,075,870044,122243,123742,8194,131936,806
2022-03-06,San Joaquin,077,732212,165478,165252,9803,175055,2091
2022-03-06,San Luis Obispo,079,281455,52016,51828,3743,55571,448
2022-03-06,San Mateo,081,765935,120208,118916,6914,125830,630
2022-03-06,Santa Barbara,083,443738,85159,85317,4743,90060,659
2022-03-06,Santa Clara,085,1922200,307276,308250,12288,320538,2201
2022-03-06,Santa Cruz,087,273765,47120,46755,2108,48863,254
2022-03-06,Shasta,089,179085,30356,30332,6098,36430,493
2022-03-06,Sierra,091,2930,271,273,48,321,4
2022-03-06,Siskiyou,093,43540,4409,4398,2739,7137,74
2022-03-06,Solano,095,438530,80751,80833,5514,86347,435
2022-03-06,Sonoma,097,501317,82701,82458,2568,85026,473
2022-03-06,Stanislaus,099,539301,116794,117680,17320,135000,1536
2022-03-06,Sutter,101,95872,20362,20390,2069,22459,217
2022-03-06,Tehama,103,63373,11992,11963,2612,14575,158
2022-03-06,Trinity,105,12862,1178,1172,294,1466,20
2022-03-06,Tulare,107,460477,106129,103794,28481,132275,1316
2022-03-06,Tuolumne,109,53932,12555,12379,559,12938,179
2022-03-06,Ventura,111,848112,172137,171819,9268,181087,1436
2022-03-06,Yolo,113,214977,36476,35882,3156,39038,306
2022-03-06,Yuba,115,75493,15729,15694,1192,16886,115
2022-03-05,Alameda,001,1643700,253042,251988,13738,265726,1760
2022-03-05,Alpine,003,1148,122,125,1,126,0
2022-03-05,Amador,005,37829,8460,8344,648,8992,83
2022-03-05,Butte,007,227075,32764,32663,6581,39244,372
2022-03-05,Calaveras,009,45235,7215,7236,350,7586,116
2022-03-05,Colusa,011,21464,3429,3433,1068,4501,21
2022-03-05,Contra Costa,013,1133247,186662,185734,13094,198828,1235
2022-03-05,Del Norte,015,27424,5709,5725,188,5913,48
2022-03-05,El Dorado,017,186661,26536,26446,3189,29635,193
2022-03-05,Fresno,019,978130,230039,227154,23849,251003,2640
2022-03-05,Glenn,021,27897,4947,4927,1600,6527,43
2022-03-05,Humboldt,023,135768,16735,16781,2924,19705,136
2022-03-05,Imperial,025,180216,55170,54650,10787,65437,880
2022-03-05,Inyo,027,18085,4050,4043,479,4522,56
2022-03-05,Kern,029,883053,191016,189817,46057,235874,2141
2022-03-05,Kings,031,150075,51110,50926,3590,54516,431
2022-03-05,Lake,033,64148,10577,10512,888,11400,130
2022-03-05,Lassen,035,31185,8924,8818,883,9701,62
2022-03-05,Los Angeles,037,10098052,2693686,2671564,123928,2795492,30608
2022-03-05,Madera,039,155013,37097,37100,6069,43169,354
2022-03-05,Marin,041,260295,32976,32829,2181,35010,272
2022-03-05,Mariposa,043,17540,2373,2363,200,2563,6
2022-03-05,Mendocino,045,87422,12953,12845,2995,15840,113
2022-03-05,Merced,047,269075,61767,61653,8567,70220,789
2022-03-05,Modoc,049,8938,731,729,250,979,7
2022-03-05,Mono,051,14174,2961,2961,120,3081,5
2022-03-05,Monterey,053,433212,78840,78028,13466,91494,704
2022-03-05,Napa,055,140530,25493,25405,950,26355,134
2022-03-05,Nevada,057,99092,15836,15907,1194,17101,122
2022-03-05,Orange,059,3164182,543607,541463,41129,582592,6638
2022-03-05,Placer,061,380077,62292,62117,7362,69479,591
2022-03-05,Plumas,063,18699,2950,2701,365,3066,13
2022-03-05,Riverside,065,2383286,588822,586785,27945,614730,6239
2022-03-05,Sacramento,067,1510023,278999,273487,27016,300503,2847
2022-03-05,San Benito,069,59416,12834,12820,510,13330,94
2022-03-05,San Bernardino,071,2135413,564080,557421,24789,582210,6641
2022-03-05,San Diego,073,3302833,747430,740747,51758,792505,5045
2022-03-05,San Francisco,075,870044,122179,123537,8189,131726,798
2022-03-05,San Joaquin,077,732212,165437,165085,9795,174880,2069
2022-03-05,San Luis Obispo,079,281455,52008,51739,3741,55480,446
2022-03-05,San Mateo,081,765935,120152,118646,6911,125557,621
2022-03-05,Santa Barbara,083,443738,85144,85249,4743,89992,655
2022-03-05,Santa Clara,085,1922200,307158,307689,12285,319974,2195
2022-03-05,Santa Cruz,087,273765,47100,46622,2108,48730,253
2022-03-05,Shasta,089,179085,30344,30282,6097,36379,492
2022-03-05,Sierra,091,2930,271,273,47,320,4
2022-03-05,Siskiyou,093,43540,4408,4389,2738,7127,74
2022-03-05,Solano,095,438530,80734,80690,5514,86204,435
2022-03-05,Sonoma,097,501317,82678,82313,2568,84881,473
2022-03-05,Stanislaus,099,539301,116769,117501,17318,134819,1531
2022-03-05,Sutter,101,95872,20355,20346,2069,22415,217
2022-03-05,Tehama,103,63373,11990,11939,2612,14551,158
2022-03-05,Trinity,105,12862,1178,1170,292,1462,20
2022-03-05,Tulare,107,460477,106116,103534,28472,132006,1305
2022-03-05,Tuolumne,109,53932,12551,12325,558,12883,178
2022-03-05,Ventura,111,848112,172095,171666,9266,180932,1436
2022-03-05,Yolo,113,214977,36462,35856,3156,39012,306
2022-03-05,Yuba,115,75493,15721,15666,1192,16858,115
2022-03-04,Alameda,001,1643700,252952,251988,13730,265718,1760
2022-03-04,Alpine,003,1148,122,125,1,126,0
2022-03-04,Amador,005,37829,8459,8344,648,8992,83
2022-03-04,Butte,007,227075,32758,32663,6575,39238,372
2022-03-04,Calaveras,009,45235,7214,7236,350,7586,116
2022-03-04,Colusa,011,21464,3427,3433,1068,4501,21
2022-03-04,Contra Costa,013,1133247,186595,185734,13092,198826,1235
2022-03-04,Del Norte,015,27424,5699,5725,188,5913,48
2022-03-04,El Dorado,017,186661,26532,26446,3189,29635,193
2022-03-04,Fresno,019,978130,229976,227154,23842,250996,2640
2022-03-04,Glenn,021,27897,4946,4927,1600,6527,43
2022-03-04,Humboldt,023,135768,16732,16781,2924,19705,136
2022-03-04,Imperial,025,180216,55163,54650,10783,65433,880
2022-03-04,Inyo,027,18085,4050,4043,479,4522,56
2022-03-04,Kern,029,883053,190974,189817,46045,235862,2141
2022-03-04,Kings,031,150075,51097,50926,3590,54516,431
2022-03-04,Lake,033,64148,10576,10512,888,11400,130
2022-03-04,Lassen,035,31185,8922,8818,883,9701,62
2022-03-04,Los Angeles,037,10098052,2693193,2671564,123898,2795462,30608
2022-03-04,Madera,039,155013,37087,37100,6069,43169,354
2022-03-04,Marin,041,260295,32954,32829,2179,35008,272
2022-03-04,Mariposa,043,17540,2368,2363,200,2563,6
2022-03-04,Mendocino,045,87422,12947,12845,2995,15840,113
2022-03-04,Merced,047,269075,61755,61653,8565,70218,789
2022-03-04,Modoc,049,8938,731,729,250,979,7
2022-03-04,Mono,051,14174,2961,2961,120,3081,5
2022-03-04,Monterey,053,433212,78820,78028,13459,91487,704
2022-03-04,Napa,055,140530,25478,25405,949,26354,134
2022-03-04,Nevada,057,99092,15831,15907,1194,17101,122
2022-03-04,Orange,059,3164182,543487,541463,41110,582573,6638
2022-03-04,Placer,061,380077,62281,62117,7359,69476,591
2022-03-04,Plumas,063,18699,2950,2701,364,3065,13
2022-03-04,Riverside,065,2383286,588734,586785,27944,614729,6239
2022-03-04,Sacramento,067,1510023,278929,273487,27012,300499,2847
2022-03-04,San Benito,069,59416,12830,12820,510,13330,94
2022-03-04,San Bernardino,071,2135413,563999,557421,24788,582209,6641
2022-03-04,San Diego,073,3302833,747191,740747,51741,792488,5045
2022-03-04,San Francisco,075,870044,122120,123537,8182,131719,798
2022-03-04,San Joaquin,077,732212,165406,165085,9794,174879,2069
2022-03-04,San Luis Obispo,079,281455,52000,51739,3740,55479,446
2022-03-04,San Mateo,081,765935,120094,118646,6909,125555,621
2022-03-04,Santa Barbara,083,443738,85122,85249,4743,89992,655
2022-03-04,Santa Clara,085,1922200,307010,307689,12282,319971,2195
2022-03-04,Santa Cruz,087,273765,47078,46622,2108,48730,253
2022-03-04,Shasta,089,179085,30336,30282,6094,36376,492
2022-03-04,Sierra,091,2930,271,273,47,320,4
2022-03-04,Siskiyou,093,43540,4406,4389,2734,7123,74
2022-03-04,Solano,095,438530,80701,80690,5511,86201,435
2022-03-04,Sonoma,097,501317,82649,82313,2567,84880,473
2022-03-04,Stanislaus,099,539301,116750,117501,17316,134817,1531
2022-03-04,Sutter,101,95872,20351,20346,2069,22415,217
2022-03-04,Tehama,103,63373,11987,11939,2612,14551,158
2022-03-04,Trinity,105,12862,1178,1170,292,1462,20
2022-03-04,Tulare,107,460477,106098,103534,28467,132001,1305
2022-03-04,Tuolumne,109,53932,12546,12325,558,12883,178
2022-03-04,Ventura,111,848112,172049,171666,9263,180929,1436
2022-03-04,Yolo,113,214977,36445,35856,3156,39012,306
2022-03-04,Yuba,115,75493,15716,15666,1191,16857,115
2022-03-03,Alameda,001,1643700,252832,251988,13718,265706,1760
2022-03-03,Alpine,003,1148,122,125,1,126,0
2022-03-03,Amador,005,37829,8458,8344,648,8992,83
2022-03-03,Butte,007,227075,32741,32663,6569,39232,372
2022-03-03,Calaveras,009,45235,7201,7236,350,7586,116
2022-03-03,Colusa,011,21464,3427,3433,1068,4501,21
2022-03-03,Contra Costa,013,1133247,186521,185734,13078,198812,1235
2022-03-03,Del Norte,015,27424,5692,5725,188,5913,48
2022-03-03,El Dorado,017,186661,26515,26446,3188,29634,193
2022-03-03,Fresno,019,978130,229846,227154,23832,250986,2640
2022-03-03,Glenn,021,27897,4944,4927,1599,6526,43
2022-03-03,Humboldt,023,135768,16718,16781,2923,19704,136
2022-03-03,Imperial,025,180216,55147,54650,10781,65431,880
2022-03-03,Inyo,027,18085,4049,4043,479,4522,56
2022-03-03,Kern,029,883053,190906,189817,46026,235843,2141
2022-03-03,Kings,031,150075,51074,50926,3587,54513,431
2022-03-03,Lake,033,64148,10570,10512,886,11398,130
2022-03-03,Lassen,035,31185,8914,8818,883,9701,62
2022-03-03,Los Angeles,037,10098052,2692470,2671564,123857,2795421,30608
2022-03-03,Madera,039,155013,37070,37100,6064,43164,354
2022-03-03,Marin,041,260295,32928,32829,2179,35008,272
2022-03-03,Mariposa,043,17540,2367,2363,200,2563,6
2022-03-03,Mendocino,045,87422,12936,12845,2992,15837,113
2022-03-03,Merced,047,269075,61738,61653,8559,70212,789
2022-03-03,Modoc,049,8938,731,729,250,979,7
2022-03-03,Mono,051,14174,2960,2961,120,3081,5
2022-03-03,Monterey,053,433212,78792,78028,13441,91469,704
2022-03-03,Napa,055,140530,25455,25405,948,26353,134
2022-03-03,Nevada,057,99092,15826,15907,1189,17096,122
2022-03-03,Orange,059,3164182,543310,541463,41084,582547,6638
2022-03-03,Placer,061,380077,62259,62117,7355,69472,591
2022-03-03,Plumas,063,18699,2949,2701,364,3065,13
2022-03-03,Riverside,065,2383286,588602,586785,27939,614724,6239
2022-03-03,Sacramento,067,1510023,278817,273487,26994,300481,2847
2022-03-03,San Benito,069,59416,12827,12820,510,13330,94
2022-03-03,San Bernardino,071,2135413,563890,557421,24782,582203,6641
2022-03-03,San Diego,073,3302833,746843,740747,51723,792470,5045
2022-03-03,San Francisco,075,870044,122047,123537,8171,131708,798
2022-03-03,San Joaquin,077,732212,165333,165085,9791,174876,2069
2022-03-03,San Luis Obispo,079,281455,51945,51739,3732,55471,446
2022-03-03,San Mateo,081,765935,120019,118646,6899,125545,621
2022-03-03,Santa Barbara,083,443738,85102,85249,4734,89983,655
2022-03-03,Santa Clara,085,1922200,306829,307689,12268,319957,2195
2022-03-03,Santa Cruz,087,273765,47030,46622,2106,48728,253
2022-03-03,Shasta,089,179085,30319,30282,6090,36372,492
2022-03-03,Sierra,091,2930,271,273,47,320,4
2022-03-03,Siskiyou,093,43540,4403,4389,2734,7123,74
2022-03-03,Solano,095,438530,80652,80690,5509,86199,435
2022-03-03,Sonoma,097,501317,82601,82313,2562,84875,473
2022-03-03,Stanislaus,099,539301,116717,117501,17309,134810,1531
2022-03-03,Sutter,101,95872,20343,20346,2069,22415,217
2022-03-03,Tehama,103,63373,11983,11939,2612,14551,158
2022-03-03,Trinity,105,12862,1177,1170,292,1462,20
2022-03-03,Tulare,107,460477,106054,103534,28457,131991,1305
2022-03-03,Tuolumne,109,53932,12536,12325,558,12883,178
2022-03-03,Ventura,111,848112,171996,171666,9261,180927,1436
2022-03-03,Yolo,113,214977,36422,35856,3149,39005,306
2022-03-03,Yuba,115,75493,15710,15666,1186,16852,115
2022-03-02,Alameda,001,1643700,252652,251886,13701,265587,1759
2022-03-02,Alpine,003,1148,122,125,1,126,0
2022-03-02,Amador,005,37829,8446,8341,648,8989,83
2022-03-02,Butte,007,227075,32729,32636,6564,39200,372
2022-03-02,Calaveras,009,45235,7200,7225,350,7575,116
2022-03-02,Colusa,011,21464,3424,3428,1068,4496,21
2022-03-02,Contra Costa,013,1133247,186429,185589,13060,198649,1236
2022-03-02,Del Norte,015,27424,5685,5708,186,5894,47
2022-03-02,El Dorado,017,186661,26502,26433,3185,29618,192
2022-03-02,Fresno,019,978130,229713,226932,23821,250753,2629
2022-03-02,Glenn,021,27897,4944,4922,1598,6520,43
2022-03-02,Humboldt,023,135768,16708,16747,2916,19663,135
2022-03-02,Imperial,025,180216,55120,54629,10776,65405,878
2022-03-02,Inyo,027,18085,4047,4041,478,4519,56
2022-03-02,Kern,029,883053,190840,189656,46006,235662,2136
2022-03-02,Kings,031,150075,51048,50819,3584,54403,431
2022-03-02,Lake,033,64148,10556,10495,884,11379,130
2022-03-02,Lassen,035,31185,8911,8811,882,9693,62
2022-03-02,Los Angeles,037,10098052,2691585,2670287,123810,2794097,30535
2022-03-02,Madera,039,155013,37053,37077,6062,43139,354
2022-03-02,Marin,041,260295,32911,32794,2178,34972,272
2022-03-02,Mariposa,043,17540,2367,2359,200,2559,6
2022-03-02,Mendocino,045,87422,12923,12832,2987,15819,112
2022-03-02,Merced,047,269075,61711,61606,8549,70155,785
2022-03-02,Modoc,049,8938,731,729,250,979,7
2022-03-02,Mono,051,14174,2960,2961,120,3081,5
2022-03-02,Monterey,053,433212,78756,77963,13418,91381,703
2022-03-02,Napa,055,140530,25404,25382,947,26329,134
2022-03-02,Nevada,057,99092,15815,15920,1188,17108,122
2022-03-02,Orange,059,3164182,543105,541230,41057,582287,6623
2022-03-02,Placer,061,380077,62237,62066,7352,69418,589
2022-03-02,Plumas,063,18699,2949,2700,363,3063,13
2022-03-02,Riverside,065,2383286,588450,586513,27928,614441,6229
2022-03-02,Sacramento,067,1510023,278701,273291,26983,300274,2837
2022-03-02,San Benito,069,59416,12816,12814,510,13324,94
2022-03-02,San Bernardino,071,2135413,563781,557082,24776,581858,6619
2022-03-02,San Diego,073,3302833,746476,739803,51674,791477,5034
2022-03-02,San Francisco,075,870044,121954,123442,8169,131611,792
2022-03-02,San Joaquin,077,732212,165271,164968,9786,174754,2063
2022-03-02,San Luis Obispo,079,281455,51907,51686,3727,55413,446
2022-03-02,San Mateo,081,765935,119933,118518,6883,125401,617
2022-03-02,Santa Barbara,083,443738,85077,85183,4733,89916,655
2022-03-02,Santa Clara,085,1922200,306610,307354,12254,319608,2184
2022-03-02,Santa Cruz,087,273765,46961,46534,2105,48639,253
2022-03-02,Shasta,089,179085,30295,30253,6080,36333,490
2022-03-02,Sierra,091,2930,271,273,47,320,4
2022-03-02,Siskiyou,093,43540,4401,4384,2731,7115,74
2022-03-02,Solano,095,438530,80586,80626,5506,86132,433
2022-03-02,Sonoma,097,501317,82555,82208,2558,84766,473
2022-03-02,Stanislaus,099,539301,116681,117411,17281,134692,1519
2022-03-02,Sutter,101,95872,20321,20317,2051,22368,216
2022-03-02,Tehama,103,63373,11978,11930,2611,14541,158
2022-03-02,Trinity,105,12862,1175,1160,292,1452,20
2022-03-02,Tulare,107,460477,106012,103451,28440,131891,1302
2022-03-02,Tuolumne,109,53932,12531,12297,558,12855,179
2022-03-02,Ventura,111,848112,171943,171770,9257,181027,1427
2022-03-02,Yolo,113,214977,36404,35799,3143,38942,305
2022-03-02,Yuba,115,75493,15697,15653,1181,16834,115
2022-03-01,Alameda,001,1643700,252487,251830,13690,265520,1749
2022-03-01,Alpine,003,1148,122,125,1,126,0
2022-03-01,Amador,005,37829,8398,8334,646,8980,83
2022-03-01,Butte,007,227075,32705,32575,6560,39135,372
2022-03-01,Calaveras,009,45235,7197,7223,349,7572,116
2022-03-01,Colusa,011,21464,3423,3423,1068,4491,21
2022-03-01,Contra Costa,013,1133247,186318,185378,13046,198424,1231
2022-03-01,Del Norte,015,27424,5682,5701,184,5885,45
2022-03-01,El Dorado,017,186661,26484,26413,3183,29596,192
2022-03-01,Fresno,019,978130,229571,226594,23809,250403,2628
2022-03-01,Glenn,021,27897,4943,4919,1596,6515,40
2022-03-01,Humboldt,023,135768,16687,16727,2909,19636,135
2022-03-01,Imperial,025,180216,55102,54570,10770,65340,875
2022-03-01,Inyo,027,18085,4043,4041,477,4518,56
2022-03-01,Kern,029,883053,190765,189365,45982,235347,2120
2022-03-01,Kings,031,150075,51026,50763,3580,54343,427
2022-03-01,Lake,033,64148,10544,10471,882,11353,128
2022-03-01,Lassen,035,31185,8907,8801,882,9683,61
2022-03-01,Los Angeles,037,10098052,2690635,2669489,123752,2793241,30486
2022-03-01,Madera,039,155013,37033,37046,6055,43101,354
2022-03-01,Marin,041,260295,32886,32764,2176,34940,272
2022-03-01,Mariposa,043,17540,2366,2357,199,2556,6
2022-03-01,Mendocino,045,87422,12911,12818,2985,15803,112
2022-03-01,Merced,047,269075,61683,61549,8534,70083,781
2022-03-01,Modoc,049,8938,731,729,250,979,7
2022-03-01,Mono,051,14174,2959,2960,120,3080,6
2022-03-01,Monterey,053,433212,78730,77911,13406,91317,696
2022-03-01,Napa,055,140530,25371,25344,947,26291,134
2022-03-01,Nevada,057,99092,15807,15916,1185,17101,121
2022-03-01,Orange,059,3164182,542882,541054,41021,582075,6612
2022-03-01,Placer,061,380077,62210,62021,7346,69367,583
2022-03-01,Plumas,063,18699,2949,2694,363,3057,13
2022-03-01,Riverside,065,2383286,588283,586184,27927,614111,6198
2022-03-01,Sacramento,067,1510023,278570,273089,26969,300058,2831
2022-03-01,San Benito,069,59416,12812,12806,510,13316,94
2022-03-01,San Bernardino,071,2135413,563646,556743,24773,581516,6588
2022-03-01,San Diego,073,3302833,746036,739136,51633,790769,5029
2022-03-01,San Francisco,075,870044,121851,123481,8163,131644,792
2022-03-01,San Joaquin,077,732212,165204,164894,9781,174675,2062
2022-03-01,San Luis Obispo,079,281455,51871,51592,3723,55315,445
2022-03-01,San Mateo,081,765935,119857,118358,6876,125234,613
2022-03-01,Santa Barbara,083,443738,85038,85134,4729,89863,654
2022-03-01,Santa Clara,085,1922200,306362,306978,12242,319220,2190
2022-03-01,Santa Cruz,087,273765,46911,46471,2102,48573,253
2022-03-01,Shasta,089,179085,30265,30227,6077,36304,489
2022-03-01,Sierra,091,2930,271,274,47,321,5
2022-03-01,Siskiyou,093,43540,4397,4384,2726,7110,74
2022-03-01,Solano,095,438530,80523,80556,5503,86059,434
2022-03-01,Sonoma,097,501317,82485,82103,2552,84655,477
2022-03-01,Stanislaus,099,539301,116628,117308,17256,134564,1521
2022-03-01,Sutter,101,95872,20307,20288,2047,22335,217
2022-03-01,Tehama,103,63373,11971,11923,2608,14531,158
2022-03-01,Trinity,105,12862,1174,1159,292,1451,20
2022-03-01,Tulare,107,460477,105931,103371,28420,131791,1302
2022-03-01,Tuolumne,109,53932,12524,12276,556,12832,175
2022-03-01,Ventura,111,848112,171874,171672,9250,180922,1427
2022-03-01,Yolo,113,214977,36379,35801,3137,38938,299
2022-03-01,Yuba,115,75493,15689,15637,1181,16818,116
2022-02-28,Alameda,001,1643700,252270,251714,13676,265390,1742
2022-02-28,Alpine,003,1148,122,125,1,126,0
2022-02-28,Amador,005,37829,8392,8308,645,8953,83
2022-02-28,Butte,007,227075,32681,32550,6555,39105,368
2022-02-28,Calaveras,009,45235,7194,7220,348,7568,110
2022-02-28,Colusa,011,21464,3420,3422,1066,4488,21
2022-02-28,Contra Costa,013,1133247,186212,185272,13026,198298,1231
2022-02-28,Del Norte,015,27424,5678,5699,183,5882,45
2022-02-28,El Dorado,017,186661,26475,26409,3178,29587,191
2022-02-28,Fresno,019,978130,229374,226519,23787,250306,2622
2022-02-28,Glenn,021,27897,4939,4918,1596,6514,40
2022-02-28,Humboldt,023,135768,16672,16717,2905,19622,135
2022-02-28,Imperial,025,180216,55077,54517,10765,65282,875
2022-02-28,Inyo,027,18085,4043,4041,476,4517,56
2022-02-28,Kern,029,883053,190671,189245,45951,235196,2115
2022-02-28,Kings,031,150075,50987,50741,3579,54320,427
2022-02-28,Lake,033,64148,10533,10468,878,11346,128
2022-02-28,Lassen,035,31185,8850,8794,882,9676,55
2022-02-28,Los Angeles,037,10098052,2689453,2666804,123656,2790460,30410
2022-02-28,Madera,039,155013,37006,37023,6039,43062,354
2022-02-28,Marin,041,260295,32860,32775,2176,34951,272
2022-02-28,Mariposa,043,17540,2363,2354,197,2551,6
2022-02-28,Mendocino,045,87422,12903,12800,2977,15777,112
2022-02-28,Merced,047,269075,61639,61519,8516,70035,781
2022-02-28,Modoc,049,8938,731,727,250,977,7
2022-02-28,Mono,051,14174,2959,2961,120,3081,5
2022-02-28,Monterey,053,433212,78663,77865,13383,91248,693
2022-02-28,Napa,055,140530,25347,25317,947,26264,129
2022-02-28,Nevada,057,99092,15801,15908,1179,17087,121
2022-02-28,Orange,059,3164182,542627,540839,41007,581846,6605
2022-02-28,Placer,061,380077,62178,61976,7340,69316,577
2022-02-28,Plumas,063,18699,2949,2691,362,3053,13
2022-02-28,Riverside,065,2383286,588085,585891,27894,613785,6179
2022-02-28,Sacramento,067,1510023,278434,273038,26943,299981,2825
2022-02-28,San Benito,069,59416,12808,12798,510,13308,94
2022-02-28,San Bernardino,071,2135413,563450,556540,24759,581299,6576
2022-02-28,San Diego,073,3302833,745638,737760,51603,789363,5018
2022-02-28,San Francisco,075,870044,121692,123402,8155,131557,792
2022-02-28,San Joaquin,077,732212,165120,164833,9772,174605,2060
2022-02-28,San Luis Obispo,079,281455,51812,51565,3715,55280,440
2022-02-28,San Mateo,081,765935,119755,118301,6870,125171,611
2022-02-28,Santa Barbara,083,443738,84995,85076,4724,89800,653
2022-02-28,Santa Clara,085,1922200,306086,306930,12220,319150,2180
2022-02-28,Santa Cruz,087,273765,46840,46447,2101,48548,253
2022-02-28,Shasta,089,179085,30239,30213,6073,36286,488
2022-02-28,Sierra,091,2930,271,273,47,320,4
2022-02-28,Siskiyou,093,43540,4394,4382,2720,7102,74
2022-02-28,Solano,095,438530,80458,80544,5492,86036,430
2022-02-28,Sonoma,097,501317,82421,82058,2549,84607,477
2022-02-28,Stanislaus,099,539301,116561,117231,17240,134471,1521
2022-02-28,Sutter,101,95872,20294,20285,2044,22329,214
2022-02-28,Tehama,103,63373,11958,11917,2607,14524,158
2022-02-28,Trinity,105,12862,1174,1160,292,1452,20
2022-02-28,Tulare,107,460477,105881,103304,28402,131706,1300
2022-02-28,Tuolumne,109,53932,12513,12247,555,12802,175
2022-02-28,Ventura,111,848112,171790,171614,9249,180863,1423
2022-02-28,Yolo,113,214977,36342,35754,3130,38884,299
2022-02-28,Yuba,115,75493,15675,15625,1180,16805,115
2022-02-27,Alameda,001,1643700,251991,251624,13667,265291,1744
2022-02-27,Alpine,003,1148,122,125,1,126,0
2022-02-27,Amador,005,37829,8388,8305,642,8947,83
2022-02-27,Butte,007,227075,32644,32551,6543,39094,368
2022-02-27,Calaveras,009,45235,7187,7214,348,7562,110
2022-02-27,Colusa,011,21464,3419,3422,1066,4488,21
2022-02-27,Contra Costa,013,1133247,186084,185185,13006,198191,1230
2022-02-27,Del Norte,015,27424,5660,5691,181,5872,45
2022-02-27,El Dorado,017,186661,26456,26410,3176,29586,191
2022-02-27,Fresno,019,978130,229174,226397,23758,250155,2621
2022-02-27,Glenn,021,27897,4937,4915,1596,6511,40
2022-02-27,Humboldt,023,135768,16650,16713,2898,19611,135
2022-02-27,Imperial,025,180216,55028,54509,10747,65256,875
2022-02-27,Inyo,027,18085,4042,4041,472,4513,56
2022-02-27,Kern,029,883053,190550,189219,45911,235130,2115
2022-02-27,Kings,031,150075,50958,50733,3577,54310,428
2022-02-27,Lake,033,64148,10514,10463,878,11341,128
2022-02-27,Lassen,035,31185,8842,8786,882,9668,55
2022-02-27,Los Angeles,037,10098052,2688151,2666789,123572,2790361,30410
2022-02-27,Madera,039,155013,36980,37009,6031,43040,354
2022-02-27,Marin,041,260295,32822,32756,2174,34930,272
2022-02-27,Mariposa,043,17540,2360,2352,197,2549,6
2022-02-27,Mendocino,045,87422,12884,12798,2964,15762,112
2022-02-27,Merced,047,269075,61588,61491,8499,69990,779
2022-02-27,Modoc,049,8938,730,727,250,977,7
2022-02-27,Mono,051,14174,2958,2960,120,3080,5
2022-02-27,Monterey,053,433212,78603,77851,13358,91209,693
2022-02-27,Napa,055,140530,25308,25316,947,26263,129
2022-02-27,Nevada,057,99092,15793,15900,1175,17075,121
2022-02-27,Orange,059,3164182,542380,540659,40977,581636,6605
2022-02-27,Placer,061,380077,62136,61965,7336,69301,577
2022-02-27,Plumas,063,18699,2946,2691,362,3053,13
2022-02-27,Riverside,065,2383286,587844,585833,27868,613701,6179
2022-02-27,Sacramento,067,1510023,278249,272927,26911,299838,2822
2022-02-27,San Benito,069,59416,12801,12798,510,13308,94
2022-02-27,San Bernardino,071,2135413,563263,556457,24749,581206,6572
2022-02-27,San Diego,073,3302833,745150,737760,51562,789322,5018
2022-02-27,San Francisco,075,870044,121570,123327,8144,131471,791
2022-02-27,San Joaquin,077,732212,165013,164814,9768,174582,2060
2022-02-27,San Luis Obispo,079,281455,51720,51564,3708,55272,439
2022-02-27,San Mateo,081,765935,119640,118244,6865,125109,611
2022-02-27,Santa Barbara,083,443738,84955,85050,4720,89770,653
2022-02-27,Santa Clara,085,1922200,305797,306756,12190,318946,2180
2022-02-27,Santa Cruz,087,273765,46779,46411,2100,48511,253
2022-02-27,Shasta,089,179085,30207,30206,6067,36273,488
2022-02-27,Sierra,091,2930,271,273,47,320,4
2022-02-27,Siskiyou,093,43540,4389,4378,2707,7085,74
2022-02-27,Solano,095,438530,80382,80515,5481,85996,430
2022-02-27,Sonoma,097,501317,82339,82041,2543,84584,476
2022-02-27,Stanislaus,099,539301,116492,117200,17222,134422,1522
2022-02-27,Sutter,101,95872,20277,20280,2038,22318,214
2022-02-27,Tehama,103,63373,11946,11915,2606,14521,158
2022-02-27,Trinity,105,12862,1173,1158,292,1450,20
2022-02-27,Tulare,107,460477,105809,103270,28351,131621,1300
2022-02-27,Tuolumne,109,53932,12499,12243,554,12797,175
2022-02-27,Ventura,111,848112,171714,171660,9246,180906,1423
2022-02-27,Yolo,113,214977,36314,35744,3125,38869,299
2022-02-27,Yuba,115,75493,15664,15619,1178,16797,113
2022-02-26,Alameda,001,1643700,251882,250867,13662,264529,1716
2022-02-26,Alpine,003,1148,122,125,1,126,0
2022-02-26,Amador,005,37829,8385,8282,641,8923,83
2022-02-26,Butte,007,227075,32630,32466,6541,39007,368
2022-02-26,Calaveras,009,45235,7186,7192,348,7540,110
2022-02-26,Colusa,011,21464,3419,3414,1066,4480,21
2022-02-26,Contra Costa,013,1133247,186014,184686,12987,197673,1209
2022-02-26,Del Norte,015,27424,5655,5639,181,5820,45
2022-02-26,El Dorado,017,186661,26445,26355,3172,29527,191
2022-02-26,Fresno,019,978130,229084,225679,23758,249437,2597
2022-02-26,Glenn,021,27897,4935,4909,1595,6504,40
2022-02-26,Humboldt,023,135768,16625,16619,2897,19516,133
2022-02-26,Imperial,025,180216,55000,54367,10745,65112,871
2022-02-26,Inyo,027,18085,4041,4034,467,4501,56
2022-02-26,Kern,029,883053,190501,188584,45892,234476,2106
2022-02-26,Kings,031,150075,50945,50579,3577,54156,423
2022-02-26,Lake,033,64148,10508,10383,878,11261,128
2022-02-26,Lassen,035,31185,8841,8761,882,9643,55
2022-02-26,Los Angeles,037,10098052,2687590,2660973,123532,2784505,30202
2022-02-26,Madera,039,155013,36966,36933,6029,42962,330
2022-02-26,Marin,041,260295,32807,32651,2172,34823,267
2022-02-26,Mariposa,043,17540,2359,2332,197,2529,6
2022-02-26,Mendocino,045,87422,12878,12762,2964,15726,111
2022-02-26,Merced,047,269075,61567,61348,8498,69846,775
2022-02-26,Modoc,049,8938,730,726,250,976,7
2022-02-26,Mono,051,14174,2958,2959,119,3078,5
2022-02-26,Monterey,053,433212,78572,77610,13352,90962,692
2022-02-26,Napa,055,140530,25293,25221,946,26167,130
2022-02-26,Nevada,057,99092,15789,15850,1173,17023,121
2022-02-26,Orange,059,3164182,542270,539992,40960,580952,6540
2022-02-26,Placer,061,380077,62117,61803,7333,69136,573
2022-02-26,Plumas,063,18699,2946,2673,362,3035,13
2022-02-26,Riverside,065,2383286,587726,584835,27859,612694,6143
2022-02-26,Sacramento,067,1510023,278155,272339,26898,299237,2793
2022-02-26,San Benito,069,59416,12797,12770,510,13280,92
2022-02-26,San Bernardino,071,2135413,563176,555668,24744,580412,6505
2022-02-26,San Diego,073,3302833,744916,736049,51541,787590,5002
2022-02-26,San Francisco,075,870044,121501,123079,8136,131215,769
2022-02-26,San Joaquin,077,732212,164978,164418,9767,174185,2048
2022-02-26,San Luis Obispo,079,281455,51706,51358,3705,55063,438
2022-02-26,San Mateo,081,765935,119586,117860,6864,124724,603
2022-02-26,Santa Barbara,083,443738,84924,84830,4720,89550,652
2022-02-26,Santa Clara,085,1922200,305647,305895,12187,318082,2166
2022-02-26,Santa Cruz,087,273765,46757,46186,2100,48286,251
2022-02-26,Shasta,089,179085,30199,30108,6061,36169,485
2022-02-26,Sierra,091,2930,271,270,47,317,1
2022-02-26,Siskiyou,093,43540,4389,4359,2705,7064,72
2022-02-26,Solano,095,438530,80348,80225,5478,85703,428
2022-02-26,Sonoma,097,501317,82303,81702,2541,84243,432
2022-02-26,Stanislaus,099,539301,116454,116896,17217,134113,1503
2022-02-26,Sutter,101,95872,20268,20230,2038,22268,214
2022-02-26,Tehama,103,63373,11940,11878,2604,14482,158
2022-02-26,Trinity,105,12862,1172,1156,292,1448,20
2022-02-26,Tulare,107,460477,105773,102983,28336,131319,1295
2022-02-26,Tuolumne,109,53932,12497,12169,554,12723,175
2022-02-26,Ventura,111,848112,171681,171292,9244,180536,1411
2022-02-26,Yolo,113,214977,36293,35615,3122,38737,296
2022-02-26,Yuba,115,75493,15653,15587,1178,16765,113
2022-02-25,Alameda,001,1643700,251757,250867,13652,264519,1716
2022-02-25,Alpine,003,1148,122,125,1,126,0
2022-02-25,Amador,005,37829,8374,8282,641,8923,83
2022-02-25,Butte,007,227075,32618,32466,6539,39005,368
2022-02-25,Calaveras,009,45235,7184,7192,348,7540,110
2022-02-25,Colusa,011,21464,3419,3414,1066,4480,21
2022-02-25,Contra Costa,013,1133247,185928,184686,12965,197651,1209
2022-02-25,Del Norte,015,27424,5645,5639,181,5820,45
2022-02-25,El Dorado,017,186661,26436,26355,3172,29527,191
2022-02-25,Fresno,019,978130,228987,225679,23752,249431,2597
2022-02-25,Glenn,021,27897,4933,4909,1595,6504,40
2022-02-25,Humboldt,023,135768,16614,16619,2897,19516,133
2022-02-25,Imperial,025,180216,54982,54367,10744,65111,871
2022-02-25,Inyo,027,18085,4040,4034,467,4501,56
2022-02-25,Kern,029,883053,190434,188584,45879,234463,2106
2022-02-25,Kings,031,150075,50931,50579,3576,54155,423
2022-02-25,Lake,033,64148,10493,10383,878,11261,128
2022-02-25,Lassen,035,31185,8838,8761,882,9643,55
2022-02-25,Los Angeles,037,10098052,2686998,2660973,123502,2784475,30202
2022-02-25,Madera,039,155013,36946,36933,6028,42961,330
2022-02-25,Marin,041,260295,32793,32651,2172,34823,267
2022-02-25,Mariposa,043,17540,2356,2332,197,2529,6
2022-02-25,Mendocino,045,87422,12875,12762,2964,15726,111
2022-02-25,Merced,047,269075,61535,61348,8493,69841,775
2022-02-25,Modoc,049,8938,730,726,250,976,7
2022-02-25,Mono,051,14174,2957,2959,119,3078,5
2022-02-25,Monterey,053,433212,78545,77610,13346,90956,692
2022-02-25,Napa,055,140530,25284,25221,946,26167,130
2022-02-25,Nevada,057,99092,15778,15850,1170,17020,121
2022-02-25,Orange,059,3164182,542135,539992,40937,580929,6540
2022-02-25,Placer,061,380077,62101,61803,7327,69130,573
2022-02-25,Plumas,063,18699,2944,2673,361,3034,13
2022-02-25,Riverside,065,2383286,587568,584835,27847,612682,6143
2022-02-25,Sacramento,067,1510023,278056,272339,26893,299232,2793
2022-02-25,San Benito,069,59416,12795,12770,510,13280,92
2022-02-25,San Bernardino,071,2135413,563070,555668,24737,580405,6505
2022-02-25,San Diego,073,3302833,744616,736049,51522,787571,5002
2022-02-25,San Francisco,075,870044,121421,123079,8133,131212,769
2022-02-25,San Joaquin,077,732212,164938,164418,9762,174180,2048
2022-02-25,San Luis Obispo,079,281455,51702,51358,3696,55054,438
2022-02-25,San Mateo,081,765935,119525,117860,6860,124720,603
2022-02-25,Santa Barbara,083,443738,84889,84830,4720,89550,652
2022-02-25,Santa Clara,085,1922200,305463,305895,12184,318079,2166
2022-02-25,Santa Cruz,087,273765,46723,46186,2098,48284,251
2022-02-25,Shasta,089,179085,30189,30108,6059,36167,485
2022-02-25,Sierra,091,2930,271,270,47,317,1
2022-02-25,Siskiyou,093,43540,4389,4359,2704,7063,72
2022-02-25,Solano,095,438530,80319,80225,5477,85702,428
2022-02-25,Sonoma,097,501317,82253,81702,2539,84241,432
2022-02-25,Stanislaus,099,539301,116427,116896,17213,134109,1503
2022-02-25,Sutter,101,95872,20259,20230,2038,22268,214
2022-02-25,Tehama,103,63373,11938,11878,2604,14482,158
2022-02-25,Trinity,105,12862,1172,1156,292,1448,20
2022-02-25,Tulare,107,460477,105738,102983,28313,131296,1295
2022-02-25,Tuolumne,109,53932,12495,12169,554,12723,175
2022-02-25,Ventura,111,848112,171630,171292,9243,180535,1411
2022-02-25,Yolo,113,214977,36278,35615,3122,38737,296
2022-02-25,Yuba,115,75493,15645,15587,1178,16765,113
2022-02-24,Alameda,001,1643700,251551,250867,13643,264510,1716
2022-02-24,Alpine,003,1148,122,125,1,126,0
2022-02-24,Amador,005,37829,8369,8282,640,8922,83
2022-02-24,Butte,007,227075,32597,32466,6534,39000,368
2022-02-24,Calaveras,009,45235,7181,7192,346,7538,110
2022-02-24,Colusa,011,21464,3418,3414,1065,4479,21
2022-02-24,Contra Costa,013,1133247,185800,184686,12957,197643,1209
2022-02-24,Del Norte,015,27424,5630,5639,180,5819,45
2022-02-24,El Dorado,017,186661,26422,26355,3172,29527,191
2022-02-24,Fresno,019,978130,228790,225679,23737,249416,2597
2022-02-24,Glenn,021,27897,4931,4909,1594,6503,40
2022-02-24,Humboldt,023,135768,16596,16619,2896,19515,133
2022-02-24,Imperial,025,180216,54942,54367,10734,65101,871
2022-02-24,Inyo,027,18085,4039,4034,466,4500,56
2022-02-24,Kern,029,883053,190291,188584,45845,234429,2106
2022-02-24,Kings,031,150075,50901,50579,3571,54150,423
2022-02-24,Lake,033,64148,10474,10383,878,11261,128
2022-02-24,Lassen,035,31185,8834,8761,881,9642,55
2022-02-24,Los Angeles,037,10098052,2685844,2660973,123446,2784419,30202
2022-02-24,Madera,039,155013,36919,36933,6026,42959,330
2022-02-24,Marin,041,260295,32773,32651,2171,34822,267
2022-02-24,Mariposa,043,17540,2350,2332,196,2528,6
2022-02-24,Mendocino,045,87422,12868,12762,2960,15722,111
2022-02-24,Merced,047,269075,61505,61348,8484,69832,775
2022-02-24,Modoc,049,8938,729,726,250,976,7
2022-02-24,Mono,051,14174,2956,2959,119,3078,5
2022-02-24,Monterey,053,433212,78492,77610,13337,90947,692
2022-02-24,Napa,055,140530,25243,25221,942,26163,130
2022-02-24,Nevada,057,99092,15764,15850,1170,17020,121
2022-02-24,Orange,059,3164182,541886,539992,40903,580895,6540
2022-02-24,Placer,061,380077,62063,61803,7325,69128,573
2022-02-24,Plumas,063,18699,2939,2673,360,3033,13
2022-02-24,Riverside,065,2383286,587315,584835,27820,612655,6143
2022-02-24,Sacramento,067,1510023,277882,272339,26875,299214,2793
2022-02-24,San Benito,069,59416,12784,12770,509,13279,92
2022-02-24,San Bernardino,071,2135413,562878,555668,24725,580393,6505
2022-02-24,San Diego,073,3302833,744179,736049,51477,787526,5002
2022-02-24,San Francisco,075,870044,121298,123079,8126,131205,769
2022-02-24,San Joaquin,077,732212,164806,164418,9757,174175,2048
2022-02-24,San Luis Obispo,079,281455,51656,51358,3694,55052,438
2022-02-24,San Mateo,081,765935,119433,117860,6853,124713,603
2022-02-24,Santa Barbara,083,443738,84825,84830,4719,89549,652
2022-02-24,Santa Clara,085,1922200,305224,305895,12170,318065,2166
2022-02-24,Santa Cruz,087,273765,46641,46186,2096,48282,251
2022-02-24,Shasta,089,179085,30170,30108,6053,36161,485
2022-02-24,Sierra,091,2930,271,270,47,317,1
2022-02-24,Siskiyou,093,43540,4386,4359,2700,7059,72
2022-02-24,Solano,095,438530,80240,80225,5474,85699,428
2022-02-24,Sonoma,097,501317,82199,81702,2534,84236,432
2022-02-24,Stanislaus,099,539301,116349,116896,17203,134099,1503
2022-02-24,Sutter,101,95872,20245,20230,2022,22252,214
2022-02-24,Tehama,103,63373,11932,11878,2603,14481,158
2022-02-24,Trinity,105,12862,1170,1156,292,1448,20
2022-02-24,Tulare,107,460477,105682,102983,28280,131263,1295
2022-02-24,Tuolumne,109,53932,12484,12169,552,12721,175
2022-02-24,Ventura,111,848112,171551,171292,9240,180532,1411
2022-02-24,Yolo,113,214977,36253,35615,3120,38735,296
2022-02-24,Yuba,115,75493,15632,15587,1178,16765,113
2022-02-23,Alameda,001,1643700,251320,247686,13625,261311,1713
2022-02-23,Alpine,003,1148,122,125,1,126,0
2022-02-23,Amador,005,37829,8352,8274,640,8914,79
2022-02-23,Butte,007,227075,32569,32417,6531,38948,367
2022-02-23,Calaveras,009,45235,7171,7182,345,7527,107
2022-02-23,Colusa,011,21464,3414,3411,1065,4476,21
2022-02-23,Contra Costa,013,1133247,185654,184013,12942,196955,1209
2022-02-23,Del Norte,015,27424,5618,5625,179,5804,45
2022-02-23,El Dorado,017,186661,26406,26317,3168,29485,189
2022-02-23,Fresno,019,978130,228600,225308,23715,249023,2596
2022-02-23,Glenn,021,27897,4927,4909,1592,6501,40
2022-02-23,Humboldt,023,135768,16580,16601,2893,19494,132
2022-02-23,Imperial,025,180216,54904,54292,10720,65012,871
2022-02-23,Inyo,027,18085,4038,4031,463,4494,54
2022-02-23,Kern,029,883053,190184,188432,45795,234227,2106
2022-02-23,Kings,031,150075,50868,50416,3569,53985,423
2022-02-23,Lake,033,64148,10456,10368,877,11245,126
2022-02-23,Lassen,035,31185,8818,8749,881,9630,55
2022-02-23,Los Angeles,037,10098052,2684468,2659569,123400,2782969,30167
2022-02-23,Madera,039,155013,36887,36876,6016,42892,330
2022-02-23,Marin,041,260295,32750,32625,2170,34795,267
2022-02-23,Mariposa,043,17540,2345,2325,195,2520,6
2022-02-23,Mendocino,045,87422,12860,12747,2956,15703,111
2022-02-23,Merced,047,269075,61476,61295,8479,69774,772
2022-02-23,Modoc,049,8938,729,723,249,972,7
2022-02-23,Mono,051,14174,2955,2960,119,3079,5
2022-02-23,Monterey,053,433212,78453,77472,13314,90786,691
2022-02-23,Napa,055,140530,25220,25185,937,26122,128
2022-02-23,Nevada,057,99092,15758,15825,1167,16992,121
2022-02-23,Orange,059,3164182,541578,539631,40880,580511,6520
2022-02-23,Placer,061,380077,62016,61758,7317,69075,573
2022-02-23,Plumas,063,18699,2935,2663,360,3023,13
2022-02-23,Riverside,065,2383286,587022,584381,27783,612164,6119
2022-02-23,Sacramento,067,1510023,277721,272057,26852,298909,2796
2022-02-23,San Benito,069,59416,12777,12756,508,13264,92
2022-02-23,San Bernardino,071,2135413,562713,555238,24707,579945,6479
2022-02-23,San Diego,073,3302833,743657,735406,51436,786842,4988
2022-02-23,San Francisco,075,870044,121171,122127,8124,130251,769
2022-02-23,San Joaquin,077,732212,164714,164257,9752,174009,2042
2022-02-23,San Luis Obispo,079,281455,51608,51264,3692,54956,434
2022-02-23,San Mateo,081,765935,119341,117585,6844,124429,603
2022-02-23,Santa Barbara,083,443738,84765,84760,4715,89475,651
2022-02-23,Santa Clara,085,1922200,304968,305484,12161,317645,2157
2022-02-23,Santa Cruz,087,273765,46572,46059,2095,48154,251
2022-02-23,Shasta,089,179085,30143,30066,6050,36116,481
2022-02-23,Sierra,091,2930,271,270,47,317,1
2022-02-23,Siskiyou,093,43540,4383,4356,2698,7054,71
2022-02-23,Solano,095,438530,80148,80103,5472,85575,427
2022-02-23,Sonoma,097,501317,82145,81594,2532,84126,432
2022-02-23,Stanislaus,099,539301,116274,116789,17194,133983,1482
2022-02-23,Sutter,101,95872,20228,20194,2018,22212,213
2022-02-23,Tehama,103,63373,11922,11863,2603,14466,154
2022-02-23,Trinity,105,12862,1170,1156,292,1448,20
2022-02-23,Tulare,107,460477,105615,102812,28252,131064,1290
2022-02-23,Tuolumne,109,53932,12474,12158,551,12709,175
2022-02-23,Ventura,111,848112,171464,171163,9233,180396,1401
2022-02-23,Yolo,113,214977,36215,35590,3113,38703,296
2022-02-23,Yuba,115,75493,15629,15571,1176,16747,113
2022-02-22,Alameda,001,1643700,251075,247434,13610,261044,1706
2022-02-22,Alpine,003,1148,122,124,1,125,0
2022-02-22,Amador,005,37829,8342,8243,640,8883,79
2022-02-22,Butte,007,227075,32534,32359,6526,38885,366
2022-02-22,Calaveras,009,45235,7162,7178,345,7523,107
2022-02-22,Colusa,011,21464,3414,3402,1063,4465,21
2022-02-22,Contra Costa,013,1133247,185498,183812,12923,196735,1201
2022-02-22,Del Norte,015,27424,5610,5611,178,5789,45
2022-02-22,El Dorado,017,186661,26396,26289,3168,29457,189
2022-02-22,Fresno,019,978130,228369,225104,23685,248789,2592
2022-02-22,Glenn,021,27897,4926,4900,1591,6491,40
2022-02-22,Humboldt,023,135768,16559,16559,2889,19448,132
2022-02-22,Imperial,025,180216,54868,54227,10716,64943,864
2022-02-22,Inyo,027,18085,4037,4026,461,4487,54
2022-02-22,Kern,029,883053,190042,188237,45758,233995,2102
2022-02-22,Kings,031,150075,50805,50359,3566,53925,423
2022-02-22,Lake,033,64148,10445,10353,875,11228,126
2022-02-22,Lassen,035,31185,8814,8730,881,9611,55
2022-02-22,Los Angeles,037,10098052,2682998,2658230,123312,2781542,30129
2022-02-22,Madera,039,155013,36853,36833,6006,42839,330
2022-02-22,Marin,041,260295,32725,32591,2169,34760,267
2022-02-22,Mariposa,043,17540,2337,2322,195,2517,6
2022-02-22,Mendocino,045,87422,12846,12714,2946,15660,110
2022-02-22,Merced,047,269075,61416,61241,8472,69713,770
2022-02-22,Modoc,049,8938,726,720,249,969,6
2022-02-22,Mono,051,14174,2955,2961,119,3080,5
2022-02-22,Monterey,053,433212,78399,77359,13294,90653,690
2022-02-22,Napa,055,140530,25191,25151,936,26087,128
2022-02-22,Nevada,057,99092,15742,15815,1166,16981,121
2022-02-22,Orange,059,3164182,541289,539390,40847,580237,6502
2022-02-22,Placer,061,380077,61978,61709,7312,69021,572
2022-02-22,Plumas,063,18699,2929,2659,358,3017,13
2022-02-22,Riverside,065,2383286,586763,583969,27761,611730,6097
2022-02-22,Sacramento,067,1510023,277529,271789,26828,298617,2775
2022-02-22,San Benito,069,59416,12766,12742,507,13249,92
2022-02-22,San Bernardino,071,2135413,562514,554903,24688,579591,6451
2022-02-22,San Diego,073,3302833,743122,734536,51385,785921,4974
2022-02-22,San Francisco,075,870044,121042,121954,8120,130074,769
2022-02-22,San Joaquin,077,732212,164592,164111,9741,173852,2040
2022-02-22,San Luis Obispo,079,281455,51523,51193,3686,54879,431
2022-02-22,San Mateo,081,765935,119245,117418,6839,124257,603
2022-02-22,Santa Barbara,083,443738,84702,84701,4709,89410,650
2022-02-22,Santa Clara,085,1922200,304684,305045,12155,317200,2155
2022-02-22,Santa Cruz,087,273765,46507,45958,2095,48053,251
2022-02-22,Shasta,089,179085,30119,30024,6045,36069,479
2022-02-22,Sierra,091,2930,271,269,46,315,0
2022-02-22,Siskiyou,093,43540,4380,4350,2693,7043,70
2022-02-22,Solano,095,438530,80069,79968,5470,85438,425
2022-02-22,Sonoma,097,501317,82076,81412,2528,83940,431
2022-02-22,Stanislaus,099,539301,116193,116676,17176,133852,1475
2022-02-22,Sutter,101,95872,20212,20164,2015,22179,210
2022-02-22,Tehama,103,63373,11914,11852,2602,14454,152
2022-02-22,Trinity,105,12862,1170,1147,291,1438,20
2022-02-22,Tulare,107,460477,105505,102717,28216,130933,1287
2022-02-22,Tuolumne,109,53932,12454,12136,550,12686,175
2022-02-22,Ventura,111,848112,171379,171064,9227,180291,1401
2022-02-22,Yolo,113,214977,36178,35527,3107,38634,292
2022-02-22,Yuba,115,75493,15619,15550,1175,16725,110
2022-02-21,Alameda,001,1643700,250782,247434,13594,261028,1704
2022-02-21,Alpine,003,1148,122,124,1,125,0
2022-02-21,Amador,005,37829,8335,8246,640,8886,79
2022-02-21,Butte,007,227075,32493,32356,6503,38859,366
2022-02-21,Calaveras,009,45235,7154,7175,345,7520,107
2022-02-21,Colusa,011,21464,3412,3401,1061,4462,21
2022-02-21,Contra Costa,013,1133247,185268,183701,12909,196610,1201
2022-02-21,Del Norte,015,27424,5592,5601,177,5778,45
2022-02-21,El Dorado,017,186661,26367,26273,3163,29436,189
2022-02-21,Fresno,019,978130,228049,224923,23626,248549,2592
2022-02-21,Glenn,021,27897,4921,4897,1591,6488,40
2022-02-21,Humboldt,023,135768,16515,16548,2881,19429,132
2022-02-21,Imperial,025,180216,54809,54208,10699,64907,864
2022-02-21,Inyo,027,18085,4033,4023,461,4484,54
2022-02-21,Kern,029,883053,189848,188188,45705,233893,2102
2022-02-21,Kings,031,150075,50739,50188,3563,53751,422
2022-02-21,Lake,033,64148,10423,10334,873,11207,126
2022-02-21,Lassen,035,31185,8806,8705,876,9581,55
2022-02-21,Los Angeles,037,10098052,2681197,2656873,123213,2780086,30108
2022-02-21,Madera,039,155013,36813,36796,5985,42781,330
2022-02-21,Marin,041,260295,32701,32570,2169,34739,258
2022-02-21,Mariposa,043,17540,2334,2321,195,2516,6
2022-02-21,Mendocino,045,87422,12820,12706,2934,15640,110
2022-02-21,Merced,047,269075,61359,61209,8455,69664,770
2022-02-21,Modoc,049,8938,725,718,249,967,6
2022-02-21,Mono,051,14174,2954,2960,119,3079,5
2022-02-21,Monterey,053,433212,78305,77354,13252,90606,690
2022-02-21,Napa,055,140530,25150,25126,936,26062,128
2022-02-21,Nevada,057,99092,15730,15810,1163,16973,121
2022-02-21,Orange,059,3164182,540933,539068,40822,579890,6502
2022-02-21,Placer,061,380077,61924,61727,7308,69035,572
2022-02-21,Plumas,063,18699,2925,2657,353,3010,13
2022-02-21,Riverside,065,2383286,586390,583712,27712,611424,6097
2022-02-21,Sacramento,067,1510023,277267,271588,26795,298383,2769
2022-02-21,San Benito,069,59416,12753,12731,507,13238,92
2022-02-21,San Bernardino,071,2135413,562270,554662,24666,579328,6441
2022-02-21,San Diego,073,3302833,742490,732298,51313,783611,4974
2022-02-21,San Francisco,075,870044,120861,121865,8116,129981,769
2022-02-21,San Joaquin,077,732212,164444,164036,9730,173766,2040
2022-02-21,San Luis Obispo,079,281455,51431,51184,3679,54863,429
2022-02-21,San Mateo,081,765935,119153,117259,6831,124090,605
2022-02-21,Santa Barbara,083,443738,84626,84626,4701,89327,650
2022-02-21,Santa Clara,085,1922200,304341,304858,12149,317007,2158
2022-02-21,Santa Cruz,087,273765,46381,45941,2094,48035,251
2022-02-21,Shasta,089,179085,30072,30004,6037,36041,479
2022-02-21,Sierra,091,2930,271,269,46,315,0
2022-02-21,Siskiyou,093,43540,4368,4337,2688,7025,70
2022-02-21,Solano,095,438530,79974,79906,5464,85370,425
2022-02-21,Sonoma,097,501317,81960,81361,2522,83883,431
2022-02-21,Stanislaus,099,539301,116081,116597,17152,133749,1475
2022-02-21,Sutter,101,95872,20186,20152,2013,22165,210
2022-02-21,Tehama,103,63373,11901,11842,2601,14443,152
2022-02-21,Trinity,105,12862,1169,1147,291,1438,20
2022-02-21,Tulare,107,460477,105407,102614,28168,130782,1287
2022-02-21,Tuolumne,109,53932,12445,12126,547,12673,175
2022-02-21,Ventura,111,848112,171239,170939,9218,180157,1401
2022-02-21,Yolo,113,214977,36135,35518,3098,38616,292
2022-02-21,Yuba,115,75493,15599,15546,1166,16712,110
2022-02-20,Alameda,001,1643700,250557,246028,13584,259612,1700
2022-02-20,Alpine,003,1148,122,124,1,125,0
2022-02-20,Amador,005,37829,8324,8203,640,8843,79
2022-02-20,Butte,007,227075,32463,32173,6498,38671,364
2022-02-20,Calaveras,009,45235,7151,7136,344,7480,107
2022-02-20,Colusa,011,21464,3409,3389,1060,4449,21
2022-02-20,Contra Costa,013,1133247,185142,182797,12904,195701,1190
2022-02-20,Del Norte,015,27424,5577,5511,177,5688,45
2022-02-20,El Dorado,017,186661,26345,26101,3162,29263,189
2022-02-20,Fresno,019,978130,227857,223594,23613,247207,2544
2022-02-20,Glenn,021,27897,4918,4881,1591,6472,39
2022-02-20,Humboldt,023,135768,16503,16393,2877,19270,132
2022-02-20,Imperial,025,180216,54748,53967,10686,64653,862
2022-02-20,Inyo,027,18085,4032,4018,460,4478,52
2022-02-20,Kern,029,883053,189717,187158,45661,232819,2095
2022-02-20,Kings,031,150075,50711,49724,3559,53283,421
2022-02-20,Lake,033,64148,10390,10184,872,11056,126
2022-02-20,Lassen,035,31185,8794,8640,876,9516,55
2022-02-20,Los Angeles,037,10098052,2679868,2642878,123127,2766005,29842
2022-02-20,Madera,039,155013,36782,36526,5981,42507,330
2022-02-20,Marin,041,260295,32684,32441,2168,34609,258
2022-02-20,Mariposa,043,17540,2328,2310,193,2503,6
2022-02-20,Mendocino,045,87422,12810,12625,2931,15556,110
2022-02-20,Merced,047,269075,61331,60886,8453,69339,769
2022-02-20,Modoc,049,8938,724,714,249,963,6
2022-02-20,Mono,051,14174,2954,2956,119,3075,5
2022-02-20,Monterey,053,433212,78246,76765,13238,90003,682
2022-02-20,Napa,055,140530,25130,24970,934,25904,127
2022-02-20,Nevada,057,99092,15719,15715,1162,16877,121
2022-02-20,Orange,059,3164182,540613,538019,40787,578806,6416
2022-02-20,Placer,061,380077,61892,61417,7300,68717,560
2022-02-20,Plumas,063,18699,2921,2646,351,2997,13
2022-02-20,Riverside,065,2383286,586116,581788,27684,609472,6087
2022-02-20,Sacramento,067,1510023,277090,270080,26770,296850,2747
2022-02-20,San Benito,069,59416,12750,12665,507,13172,92
2022-02-20,San Bernardino,071,2135413,562062,553151,24648,577799,6400
2022-02-20,San Diego,073,3302833,741888,729549,51259,780808,4947
2022-02-20,San Francisco,075,870044,120721,121197,8106,129303,756
2022-02-20,San Joaquin,077,732212,164321,163083,9719,172802,2033
2022-02-20,San Luis Obispo,079,281455,51400,50823,3675,54498,424
2022-02-20,San Mateo,081,765935,119081,116648,6823,123471,598
2022-02-20,Santa Barbara,083,443738,84581,83988,4699,88687,642
2022-02-20,Santa Clara,085,1922200,304063,303077,12141,315218,2138
2022-02-20,Santa Cruz,087,273765,46315,45532,2091,47623,250
2022-02-20,Shasta,089,179085,30040,29847,6030,35877,479
2022-02-20,Sierra,091,2930,271,269,46,315,0
2022-02-20,Siskiyou,093,43540,4362,4307,2687,6994,70
2022-02-20,Solano,095,438530,79899,78914,5460,84374,424
2022-02-20,Sonoma,097,501317,81884,80843,2519,83362,431
2022-02-20,Stanislaus,099,539301,116014,115976,17135,133111,1454
2022-02-20,Sutter,101,95872,20173,20060,2010,22070,210
2022-02-20,Tehama,103,63373,11889,11760,2598,14358,152
2022-02-20,Trinity,105,12862,1168,1130,291,1421,20
2022-02-20,Tulare,107,460477,105316,101996,28141,130137,1286
2022-02-20,Tuolumne,109,53932,12423,12036,546,12582,175
2022-02-20,Ventura,111,848112,171141,170331,9213,179544,1384
2022-02-20,Yolo,113,214977,36109,35363,3095,38458,293
2022-02-20,Yuba,115,75493,15583,15449,1165,16614,112
2022-02-19,Alameda,001,1643700,250385,246028,13582,259610,1700
2022-02-19,Alpine,003,1148,122,124,1,125,0
2022-02-19,Amador,005,37829,8320,8203,640,8843,79
2022-02-19,Butte,007,227075,32439,32173,6495,38668,364
2022-02-19,Calaveras,009,45235,7151,7136,344,7480,107
2022-02-19,Colusa,011,21464,3408,3389,1058,4447,21
2022-02-19,Contra Costa,013,1133247,185045,182797,12903,195700,1190
2022-02-19,Del Norte,015,27424,5567,5511,176,5687,45
2022-02-19,El Dorado,017,186661,26329,26101,3160,29261,189
2022-02-19,Fresno,019,978130,227739,223594,23606,247200,2544
2022-02-19,Glenn,021,27897,4914,4881,1591,6472,39
2022-02-19,Humboldt,023,135768,16488,16393,2877,19270,132
2022-02-19,Imperial,025,180216,54732,53967,10680,64647,862
2022-02-19,Inyo,027,18085,4031,4018,459,4477,52
2022-02-19,Kern,029,883053,189618,187158,45636,232794,2095
2022-02-19,Kings,031,150075,50688,49724,3557,53281,421
2022-02-19,Lake,033,64148,10382,10184,872,11056,126
2022-02-19,Lassen,035,31185,8782,8640,875,9515,55
2022-02-19,Los Angeles,037,10098052,2679080,2642878,123086,2765964,29842
2022-02-19,Madera,039,155013,36760,36526,5980,42506,330
2022-02-19,Marin,041,260295,32661,32441,2167,34608,258
2022-02-19,Mariposa,043,17540,2325,2310,193,2503,6
2022-02-19,Mendocino,045,87422,12800,12625,2931,15556,110
2022-02-19,Merced,047,269075,61286,60886,8449,69335,769
2022-02-19,Modoc,049,8938,724,714,248,962,6
2022-02-19,Mono,051,14174,2953,2956,119,3075,5
2022-02-19,Monterey,053,433212,78157,76765,13227,89992,682
2022-02-19,Napa,055,140530,25120,24970,934,25904,127
2022-02-19,Nevada,057,99092,15711,15715,1162,16877,121
2022-02-19,Orange,059,3164182,540413,538019,40763,578782,6416
2022-02-19,Placer,061,380077,61845,61417,7299,68716,560
2022-02-19,Plumas,063,18699,2920,2646,351,2997,13
2022-02-19,Riverside,065,2383286,585937,581788,27671,609459,6087
2022-02-19,Sacramento,067,1510023,276951,270080,26759,296839,2747
2022-02-19,San Benito,069,59416,12737,12665,506,13171,92
2022-02-19,San Bernardino,071,2135413,561898,553151,24641,577792,6400
2022-02-19,San Diego,073,3302833,741531,729549,51217,780766,4947
2022-02-19,San Francisco,075,870044,120635,121197,8102,129299,756
2022-02-19,San Joaquin,077,732212,164245,163083,9708,172791,2033
2022-02-19,San Luis Obispo,079,281455,51388,50823,3671,54494,424
2022-02-19,San Mateo,081,765935,119041,116648,6821,123469,598
2022-02-19,Santa Barbara,083,443738,84512,83988,4698,88686,642
2022-02-19,Santa Clara,085,1922200,303869,303077,12139,315216,2138
2022-02-19,Santa Cruz,087,273765,46277,45532,2089,47621,250
2022-02-19,Shasta,089,179085,30026,29847,6027,35874,479
2022-02-19,Sierra,091,2930,271,269,46,315,0
2022-02-19,Siskiyou,093,43540,4360,4307,2687,6994,70
2022-02-19,Solano,095,438530,79857,78914,5459,84373,424
2022-02-19,Sonoma,097,501317,81839,80843,2519,83362,431
2022-02-19,Stanislaus,099,539301,115944,115976,17129,133105,1454
2022-02-19,Sutter,101,95872,20165,20060,2010,22070,210
2022-02-19,Tehama,103,63373,11882,11760,2598,14358,152
2022-02-19,Trinity,105,12862,1166,1130,291,1421,20
2022-02-19,Tulare,107,460477,105267,101996,28115,130111,1286
2022-02-19,Tuolumne,109,53932,12415,12036,546,12582,175
2022-02-19,Ventura,111,848112,171066,170331,9209,179540,1384
2022-02-19,Yolo,113,214977,36078,35363,3091,38454,293
2022-02-19,Yuba,115,75493,15574,15449,1165,16614,112
2022-02-18,Alameda,001,1643700,250220,246028,13574,259602,1700
2022-02-18,Alpine,003,1148,121,124,1,125,0
2022-02-18,Amador,005,37829,8312,8203,638,8841,79
2022-02-18,Butte,007,227075,32419,32173,6490,38663,364
2022-02-18,Calaveras,009,45235,7146,7136,343,7479,107
2022-02-18,Colusa,011,21464,3406,3389,1058,4447,21
2022-02-18,Contra Costa,013,1133247,184938,182797,12897,195694,1190
2022-02-18,Del Norte,015,27424,5556,5511,176,5687,45
2022-02-18,El Dorado,017,186661,26318,26101,3159,29260,189
2022-02-18,Fresno,019,978130,227552,223594,23595,247189,2544
2022-02-18,Glenn,021,27897,4913,4881,1590,6471,39
2022-02-18,Humboldt,023,135768,16471,16393,2872,19265,132
2022-02-18,Imperial,025,180216,54709,53967,10669,64636,862
2022-02-18,Inyo,027,18085,4030,4018,459,4477,52
2022-02-18,Kern,029,883053,189503,187158,45591,232749,2095
2022-02-18,Kings,031,150075,50600,49724,3557,53281,421
2022-02-18,Lake,033,64148,10365,10184,870,11054,126
2022-02-18,Lassen,035,31185,8762,8640,874,9514,55
2022-02-18,Los Angeles,037,10098052,2678105,2642878,123031,2765909,29842
2022-02-18,Madera,039,155013,36737,36526,5978,42504,330
2022-02-18,Marin,041,260295,32643,32441,2165,34606,258
2022-02-18,Mariposa,043,17540,2323,2310,193,2503,6
2022-02-18,Mendocino,045,87422,12789,12625,2931,15556,110
2022-02-18,Merced,047,269075,61242,60886,8439,69325,769
2022-02-18,Modoc,049,8938,724,714,248,962,6
2022-02-18,Mono,051,14174,2953,2956,119,3075,5
2022-02-18,Monterey,053,433212,78085,76765,13219,89984,682
2022-02-18,Napa,055,140530,25102,24970,934,25904,127
2022-02-18,Nevada,057,99092,15703,15715,1162,16877,121
2022-02-18,Orange,059,3164182,540176,538019,40724,578743,6416
2022-02-18,Placer,061,380077,61815,61417,7291,68708,560
2022-02-18,Plumas,063,18699,2917,2646,351,2997,13
2022-02-18,Riverside,065,2383286,585756,581788,27662,609450,6087
2022-02-18,Sacramento,067,1510023,276759,270080,26751,296831,2747
2022-02-18,San Benito,069,59416,12729,12665,506,13171,92
2022-02-18,San Bernardino,071,2135413,561715,553151,24636,577787,6400
2022-02-18,San Diego,073,3302833,741098,729549,51195,780744,4947
2022-02-18,San Francisco,075,870044,120547,121197,8094,129291,756
2022-02-18,San Joaquin,077,732212,164178,163083,9700,172783,2033
2022-02-18,San Luis Obispo,079,281455,51372,50823,3668,54491,424
2022-02-18,San Mateo,081,765935,118976,116648,6818,123466,598
2022-02-18,Santa Barbara,083,443738,84471,83988,4696,88684,642
2022-02-18,Santa Clara,085,1922200,303631,303077,12138,315215,2138
2022-02-18,Santa Cruz,087,273765,46243,45532,2088,47620,250
2022-02-18,Shasta,089,179085,30014,29847,6026,35873,479
2022-02-18,Sierra,091,2930,271,269,46,315,0
2022-02-18,Siskiyou,093,43540,4357,4307,2685,6992,70
2022-02-18,Solano,095,438530,79787,78914,5458,84372,424
2022-02-18,Sonoma,097,501317,81781,80843,2518,83361,431
2022-02-18,Stanislaus,099,539301,115894,115976,17115,133091,1454
2022-02-18,Sutter,101,95872,20154,20060,2010,22070,210
2022-02-18,Tehama,103,63373,11871,11760,2598,14358,152
2022-02-18,Trinity,105,12862,1165,1130,290,1420,20
2022-02-18,Tulare,107,460477,105225,101996,28071,130067,1286
2022-02-18,Tuolumne,109,53932,12409,12036,545,12581,175
2022-02-18,Ventura,111,848112,170975,170331,9205,179536,1384
2022-02-18,Yolo,113,214977,36050,35363,3089,38452,293
2022-02-18,Yuba,115,75493,15561,15449,1165,16614,112
2022-02-17,Alameda,001,1643700,249958,246028,13553,259581,1700
2022-02-17,Alpine,003,1148,121,124,1,125,0
2022-02-17,Amador,005,37829,8308,8203,636,8839,79
2022-02-17,Butte,007,227075,32381,32173,6485,38658,364
2022-02-17,Calaveras,009,45235,7137,7136,340,7476,107
2022-02-17,Colusa,011,21464,3403,3389,1058,4447,21
2022-02-17,Contra Costa,013,1133247,184744,182797,12863,195660,1190
2022-02-17,Del Norte,015,27424,5535,5511,176,5687,45
2022-02-17,El Dorado,017,186661,26293,26101,3149,29250,189
2022-02-17,Fresno,019,978130,227261,223594,23564,247158,2544
2022-02-17,Glenn,021,27897,4911,4881,1587,6468,39
2022-02-17,Humboldt,023,135768,16430,16393,2871,19264,132
2022-02-17,Imperial,025,180216,54635,53967,10652,64619,862
2022-02-17,Inyo,027,18085,4029,4018,458,4476,52
2022-02-17,Kern,029,883053,189350,187158,45541,232699,2095
2022-02-17,Kings,031,150075,50535,49724,3551,53275,421
2022-02-17,Lake,033,64148,10335,10184,866,11050,126
2022-02-17,Lassen,035,31185,8752,8640,872,9512,55
2022-02-17,Los Angeles,037,10098052,2676260,2642878,122950,2765828,29842
2022-02-17,Madera,039,155013,36694,36526,5972,42498,330
2022-02-17,Marin,041,260295,32617,32441,2163,34604,258
2022-02-17,Mariposa,043,17540,2320,2310,192,2502,6
2022-02-17,Mendocino,045,87422,12772,12625,2928,15553,110
2022-02-17,Merced,047,269075,61166,60886,8421,69307,769
2022-02-17,Modoc,049,8938,723,714,248,962,6
2022-02-17,Mono,051,14174,2951,2956,119,3075,5
2022-02-17,Monterey,053,433212,77973,76765,13177,89942,682
2022-02-17,Napa,055,140530,25071,24970,932,25902,127
2022-02-17,Nevada,057,99092,15691,15715,1161,16876,121
2022-02-17,Orange,059,3164182,539840,538019,40696,578715,6416
2022-02-17,Placer,061,380077,61774,61417,7283,68700,560
2022-02-17,Plumas,063,18699,2914,2646,351,2997,13
2022-02-17,Riverside,065,2383286,585368,581788,27635,609423,6087
2022-02-17,Sacramento,067,1510023,276471,270080,26703,296783,2747
2022-02-17,San Benito,069,59416,12718,12665,506,13171,92
2022-02-17,San Bernardino,071,2135413,561414,553151,24622,577773,6400
2022-02-17,San Diego,073,3302833,740480,729549,51149,780698,4947
2022-02-17,San Francisco,075,870044,120412,121197,8083,129280,756
2022-02-17,San Joaquin,077,732212,164016,163083,9686,172769,2033
2022-02-17,San Luis Obispo,079,281455,51267,50823,3660,54483,424
2022-02-17,San Mateo,081,765935,118882,116648,6809,123457,598
2022-02-17,Santa Barbara,083,443738,84369,83988,4688,88676,642
2022-02-17,Santa Clara,085,1922200,303269,303077,12123,315200,2138
2022-02-17,Santa Cruz,087,273765,46162,45532,2086,47618,250
2022-02-17,Shasta,089,179085,29986,29847,6023,35870,479
2022-02-17,Sierra,091,2930,271,269,46,315,0
2022-02-17,Siskiyou,093,43540,4348,4307,2681,6988,70
2022-02-17,Solano,095,438530,79706,78914,5451,84365,424
2022-02-17,Sonoma,097,501317,81714,80843,2511,83354,431
2022-02-17,Stanislaus,099,539301,115790,115976,17098,133074,1454
2022-02-17,Sutter,101,95872,20139,20060,2002,22062,210
2022-02-17,Tehama,103,63373,11862,11760,2597,14357,152
2022-02-17,Trinity,105,12862,1163,1130,288,1418,20
2022-02-17,Tulare,107,460477,105110,101996,28044,130040,1286
2022-02-17,Tuolumne,109,53932,12398,12036,545,12581,175
2022-02-17,Ventura,111,848112,170835,170331,9204,179535,1384
2022-02-17,Yolo,113,214977,36012,35363,3088,38451,293
2022-02-17,Yuba,115,75493,15546,15449,1165,16614,112
2022-02-16,Alameda,001,1643700,249642,245662,13514,259176,1691
2022-02-16,Alpine,003,1148,121,124,1,125,0
2022-02-16,Amador,005,37829,8290,8197,634,8831,77
2022-02-16,Butte,007,227075,32339,32095,6473,38568,363
2022-02-16,Calaveras,009,45235,7131,7129,337,7466,107
2022-02-16,Colusa,011,21464,3398,3384,1058,4442,21
2022-02-16,Contra Costa,013,1133247,184508,182423,12826,195249,1179
2022-02-16,Del Norte,015,27424,5513,5473,172,5645,45
2022-02-16,El Dorado,017,186661,26265,26061,3145,29206,189
2022-02-16,Fresno,019,978130,226899,223056,23514,246570,2542
2022-02-16,Glenn,021,27897,4907,4873,1582,6455,39
2022-02-16,Humboldt,023,135768,16405,16342,2860,19202,132
2022-02-16,Imperial,025,180216,54556,53901,10622,64523,861
2022-02-16,Inyo,027,18085,4025,4013,455,4468,52
2022-02-16,Kern,029,883053,189132,186740,45450,232190,2084
2022-02-16,Kings,031,150075,50482,49575,3542,53117,420
2022-02-16,Lake,033,64148,10308,10145,866,11011,125
2022-02-16,Lassen,035,31185,8719,8618,872,9490,55
2022-02-16,Los Angeles,037,10098052,2674152,2640005,122837,2762842,29749
2022-02-16,Madera,039,155013,36626,36382,5957,42339,330
2022-02-16,Marin,041,260295,32581,32381,2160,34541,257
2022-02-16,Mariposa,043,17540,2318,2305,192,2497,6
2022-02-16,Mendocino,045,87422,12750,12605,2918,15523,108
2022-02-16,Merced,047,269075,61100,60776,8388,69164,767
2022-02-16,Modoc,049,8938,723,711,244,955,6
2022-02-16,Mono,051,14174,2949,2953,119,3072,5
2022-02-16,Monterey,053,433212,77825,76624,13136,89760,682
2022-02-16,Napa,055,140530,25032,24897,929,25826,128
2022-02-16,Nevada,057,99092,15675,15677,1157,16834,121
2022-02-16,Orange,059,3164182,539437,537934,40651,578585,6392
2022-02-16,Placer,061,380077,61731,61278,7270,68548,556
2022-02-16,Plumas,063,18699,2911,2644,349,2993,13
2022-02-16,Riverside,065,2383286,584973,580828,27588,608416,6064
2022-02-16,Sacramento,067,1510023,276146,269416,26647,296063,2736
2022-02-16,San Benito,069,59416,12691,12644,506,13150,92
2022-02-16,San Bernardino,071,2135413,561139,552353,24597,576950,6379
2022-02-16,San Diego,073,3302833,739695,728610,51076,779686,4931
2022-02-16,San Francisco,075,870044,120240,120987,8078,129065,756
2022-02-16,San Joaquin,077,732212,163848,162752,9676,172428,2032
2022-02-16,San Luis Obispo,079,281455,51197,50704,3647,54351,425
2022-02-16,San Mateo,081,765935,118764,116438,6791,123229,595
2022-02-16,Santa Barbara,083,443738,84294,83968,4675,88643,642
2022-02-16,Santa Clara,085,1922200,302889,302439,12088,314527,2130
2022-02-16,Santa Cruz,087,273765,46072,45274,2084,47358,250
2022-02-16,Shasta,089,179085,29947,29767,6011,35778,477
2022-02-16,Sierra,091,2930,270,269,46,315,0
2022-02-16,Siskiyou,093,43540,4341,4302,2675,6977,71
2022-02-16,Solano,095,438530,79591,78742,5444,84186,422
2022-02-16,Sonoma,097,501317,81593,80642,2501,83143,431
2022-02-16,Stanislaus,099,539301,115673,115751,17067,132818,1443
2022-02-16,Sutter,101,95872,20122,20020,1999,22019,210
2022-02-16,Tehama,103,63373,11845,11738,2595,14333,152
2022-02-16,Trinity,105,12862,1163,1130,287,1417,20
2022-02-16,Tulare,107,460477,104986,101817,27991,129808,1281
2022-02-16,Tuolumne,109,53932,12386,11991,544,12535,171
2022-02-16,Ventura,111,848112,170699,170117,9196,179313,1372
2022-02-16,Yolo,113,214977,35961,35284,3085,38369,292
2022-02-16,Yuba,115,75493,15524,15405,1162,16567,110
2022-02-15,Alameda,001,1643700,249294,245265,13485,258750,1683
2022-02-15,Alpine,003,1148,121,124,1,125,0
2022-02-15,Amador,005,37829,8279,8183,633,8816,77
2022-02-15,Butte,007,227075,32290,32011,6459,38470,361
2022-02-15,Calaveras,009,45235,7122,7115,337,7452,106
2022-02-15,Colusa,011,21464,3390,3374,1057,4431,21
2022-02-15,Contra Costa,013,1133247,184251,182041,12794,194835,1179
2022-02-15,Del Norte,015,27424,5487,5439,170,5609,45
2022-02-15,El Dorado,017,186661,26246,25988,3140,29128,189
2022-02-15,Fresno,019,978130,226517,222673,23448,246121,2543
2022-02-15,Glenn,021,27897,4898,4862,1581,6443,39
2022-02-15,Humboldt,023,135768,16362,16297,2845,19142,132
2022-02-15,Imperial,025,180216,54492,53813,10607,64420,860
2022-02-15,Inyo,027,18085,4024,4009,454,4463,52
2022-02-15,Kern,029,883053,188914,186324,45359,231683,2072
2022-02-15,Kings,031,150075,50388,49473,3533,53006,418
2022-02-15,Lake,033,64148,10275,10112,860,10972,123
2022-02-15,Lassen,035,31185,8704,8587,870,9457,55
2022-02-15,Los Angeles,037,10098052,2671898,2638266,122701,2760967,29691
2022-02-15,Madera,039,155013,36561,36260,5936,42196,330
2022-02-15,Marin,041,260295,32539,32355,2158,34513,255
2022-02-15,Mariposa,043,17540,2317,2302,192,2494,6
2022-02-15,Mendocino,045,87422,12733,12580,2899,15479,108
2022-02-15,Merced,047,269075,61017,60674,8357,69031,763
2022-02-15,Modoc,049,8938,721,710,241,951,6
2022-02-15,Mono,051,14174,2948,2952,119,3071,5
2022-02-15,Monterey,053,433212,77699,75530,13076,88606,682
2022-02-15,Napa,055,140530,24982,24832,922,25754,127
2022-02-15,Nevada,057,99092,15648,15643,1156,16799,121
2022-02-15,Orange,059,3164182,538976,537478,40607,578085,6374
2022-02-15,Placer,061,380077,61670,61170,7259,68429,554
2022-02-15,Plumas,063,18699,2907,2638,349,2987,13
2022-02-15,Riverside,065,2383286,584480,579940,27528,607468,6049
2022-02-15,Sacramento,067,1510023,275761,268950,26567,295517,2721
2022-02-15,San Benito,069,59416,12672,12616,506,13122,91
2022-02-15,San Bernardino,071,2135413,560768,551803,24575,576378,6372
2022-02-15,San Diego,073,3302833,738707,727486,50985,778471,4914
2022-02-15,San Francisco,075,870044,120068,120759,8066,128825,756
2022-02-15,San Joaquin,077,732212,163631,162518,9662,172180,2021
2022-02-15,San Luis Obispo,079,281455,51096,50534,3632,54166,419
2022-02-15,San Mateo,081,765935,118628,116253,6769,123022,595
2022-02-15,Santa Barbara,083,443738,84156,83734,4661,88395,640
2022-02-15,Santa Clara,085,1922200,302397,301831,12049,313880,2130
2022-02-15,Santa Cruz,087,273765,45968,45171,2079,47250,250
2022-02-15,Shasta,089,179085,29898,29684,5997,35681,477
2022-02-15,Sierra,091,2930,270,269,46,315,0
2022-02-15,Siskiyou,093,43540,4334,4288,2668,6956,70
2022-02-15,Solano,095,438530,79458,78626,5437,84063,426
2022-02-15,Sonoma,097,501317,81473,80433,2495,82928,431
2022-02-15,Stanislaus,099,539301,115534,115549,17034,132583,1429
2022-02-15,Sutter,101,95872,20094,19980,1994,21974,208
2022-02-15,Tehama,103,63373,11828,11717,2593,14310,151
2022-02-15,Trinity,105,12862,1157,1125,284,1409,20
2022-02-15,Tulare,107,460477,104832,101645,27932,129577,1278
2022-02-15,Tuolumne,109,53932,12366,11945,542,12487,171
2022-02-15,Ventura,111,848112,170527,169942,9188,179130,1372
2022-02-15,Yolo,113,214977,35910,35241,3075,38316,289
2022-02-15,Yuba,115,75493,15495,15372,1157,16529,109
2022-02-14,Alameda,001,1643700,248856,244315,13452,257767,1677
2022-02-14,Alpine,003,1148,121,125,1,126,0
2022-02-14,Amador,005,37829,8264,8164,630,8794,77
2022-02-14,Butte,007,227075,32232,31946,6445,38391,360
2022-02-14,Calaveras,009,45235,7110,7097,335,7432,106
2022-02-14,Colusa,011,21464,3387,3367,1053,4420,21
2022-02-14,Contra Costa,013,1133247,183963,181753,12755,194508,1167
2022-02-14,Del Norte,015,27424,5465,5426,169,5595,45
2022-02-14,El Dorado,017,186661,26212,25915,3132,29047,188
2022-02-14,Fresno,019,978130,226029,222360,23358,245718,2538
2022-02-14,Glenn,021,27897,4892,4854,1581,6435,39
2022-02-14,Humboldt,023,135768,16321,16264,2820,19084,132
2022-02-14,Imperial,025,180216,54419,53765,10578,64343,860
2022-02-14,Inyo,027,18085,4023,4010,453,4463,52
2022-02-14,Kern,029,883053,188568,186037,45250,231287,2063
2022-02-14,Kings,031,150075,50284,49395,3524,52919,419
2022-02-14,Lake,033,64148,10240,10090,857,10947,123
2022-02-14,Lassen,035,31185,8693,8539,868,9407,55
2022-02-14,Los Angeles,037,10098052,2669302,2636064,122572,2758636,29650
2022-02-14,Madera,039,155013,36496,36194,5913,42107,330
2022-02-14,Marin,041,260295,32503,32304,2155,34459,255
2022-02-14,Mariposa,043,17540,2311,2295,192,2487,6
2022-02-14,Mendocino,045,87422,12706,12541,2867,15408,108
2022-02-14,Merced,047,269075,60927,60591,8312,68903,758
2022-02-14,Modoc,049,8938,716,707,241,948,6
2022-02-14,Mono,051,14174,2947,2954,119,3073,5
2022-02-14,Monterey,053,433212,77524,75407,12992,88399,678
2022-02-14,Napa,055,140530,24923,24776,922,25698,127
2022-02-14,Nevada,057,99092,15628,15629,1155,16784,121
2022-02-14,Orange,059,3164182,538470,536924,40541,577465,6355
2022-02-14,Placer,061,380077,61600,61123,7244,68367,554
2022-02-14,Plumas,063,18699,2905,2631,349,2980,13
2022-02-14,Riverside,065,2383286,583924,579174,27458,606632,5994
2022-02-14,Sacramento,067,1510023,275316,268547,26453,295000,2717
2022-02-14,San Benito,069,59416,12648,12598,505,13103,91
2022-02-14,San Bernardino,071,2135413,560336,551338,24555,575893,6372
2022-02-14,San Diego,073,3302833,737717,723902,50892,774794,4894
2022-02-14,San Francisco,075,870044,119878,120581,8056,128637,756
2022-02-14,San Joaquin,077,732212,163391,162363,9639,172002,2018
2022-02-14,San Luis Obispo,079,281455,50984,50465,3622,54087,416
2022-02-14,San Mateo,081,765935,118461,116129,6760,122889,592
2022-02-14,Santa Barbara,083,443738,84010,83697,4651,88348,636
2022-02-14,Santa Clara,085,1922200,301856,301319,12025,313344,2127
2022-02-14,Santa Cruz,087,273765,45804,45042,2075,47117,250
2022-02-14,Shasta,089,179085,29813,29595,5979,35574,474
2022-02-14,Sierra,091,2930,270,269,46,315,0
2022-02-14,Siskiyou,093,43540,4321,4278,2654,6932,69
2022-02-14,Solano,095,438530,79280,78533,5425,83958,427
2022-02-14,Sonoma,097,501317,81327,80336,2485,82821,431
2022-02-14,Stanislaus,099,539301,115357,115426,16990,132416,1406
2022-02-14,Sutter,101,95872,20065,19957,1988,21945,209
2022-02-14,Tehama,103,63373,11805,11686,2592,14278,151
2022-02-14,Trinity,105,12862,1154,1123,284,1407,20
2022-02-14,Tulare,107,460477,104625,101448,27831,129279,1276
2022-02-14,Tuolumne,109,53932,12335,11920,539,12459,170
2022-02-14,Ventura,111,848112,170349,169725,9176,178901,1361
2022-02-14,Yolo,113,214977,35852,35112,3065,38177,286
2022-02-14,Yuba,115,75493,15465,15375,1153,16528,108
2022-02-13,Alameda,001,1643700,248354,243681,13419,257100,1677
2022-02-13,Alpine,003,1148,121,125,1,126,0
2022-02-13,Amador,005,37829,8235,8146,627,8773,77
2022-02-13,Butte,007,227075,32158,31865,6421,38286,360
2022-02-13,Calaveras,009,45235,7102,7083,332,7415,106
2022-02-13,Colusa,011,21464,3383,3366,1051,4417,21
2022-02-13,Contra Costa,013,1133247,183596,181313,12690,194003,1159
2022-02-13,Del Norte,015,27424,5433,5379,169,5548,45
2022-02-13,El Dorado,017,186661,26176,25871,3123,28994,188
2022-02-13,Fresno,019,978130,225485,221686,23292,244978,2537
2022-02-13,Glenn,021,27897,4882,4847,1578,6425,39
2022-02-13,Humboldt,023,135768,16274,16210,2792,19002,132
2022-02-13,Imperial,025,180216,54320,53658,10540,64198,860
2022-02-13,Inyo,027,18085,4020,4006,451,4457,52
2022-02-13,Kern,029,883053,188322,185640,45163,230803,2063
2022-02-13,Kings,031,150075,50157,49243,3510,52753,416
2022-02-13,Lake,033,64148,10178,10042,849,10891,123
2022-02-13,Lassen,035,31185,8662,8503,866,9369,55
2022-02-13,Los Angeles,037,10098052,2666124,2631267,122427,2753694,29595
2022-02-13,Madera,039,155013,36378,36054,5884,41938,330
2022-02-13,Marin,041,260295,32432,32222,2148,34370,255
2022-02-13,Mariposa,043,17540,2305,2292,190,2482,6
2022-02-13,Mendocino,045,87422,12674,12521,2826,15347,108
2022-02-13,Merced,047,269075,60783,60460,8258,68718,758
2022-02-13,Modoc,049,8938,714,704,234,938,6
2022-02-13,Mono,051,14174,2945,2949,119,3068,5
2022-02-13,Monterey,053,433212,77316,75295,12917,88212,678
2022-02-13,Napa,055,140530,24845,24743,919,25662,127
2022-02-13,Nevada,057,99092,15593,15590,1148,16738,121
2022-02-13,Orange,059,3164182,537839,536134,40479,576613,6355
2022-02-13,Placer,061,380077,61523,61020,7220,68240,554
2022-02-13,Plumas,063,18699,2896,2626,346,2972,13
2022-02-13,Riverside,065,2383286,583326,578363,27413,605776,5995
2022-02-13,Sacramento,067,1510023,274805,267947,26320,294267,2699
2022-02-13,San Benito,069,59416,12615,12578,504,13082,91
2022-02-13,San Bernardino,071,2135413,559823,550632,24521,575153,6367
2022-02-13,San Diego,073,3302833,736547,723902,50784,774686,4894
2022-02-13,San Francisco,075,870044,119623,120295,8044,128339,756
2022-02-13,San Joaquin,077,732212,163079,162028,9610,171638,2018
2022-02-13,San Luis Obispo,079,281455,50839,50384,3614,53998,415
2022-02-13,San Mateo,081,765935,118238,115876,6735,122611,592
2022-02-13,Santa Barbara,083,443738,83845,83547,4643,88190,635
2022-02-13,Santa Clara,085,1922200,301208,300412,11988,312400,2114
2022-02-13,Santa Cruz,087,273765,45648,44887,2073,46960,240
2022-02-13,Shasta,089,179085,29731,29531,5954,35485,474
2022-02-13,Sierra,091,2930,270,269,46,315,0
2022-02-13,Siskiyou,093,43540,4314,4264,2638,6902,69
2022-02-13,Solano,095,438530,79124,78424,5400,83824,426
2022-02-13,Sonoma,097,501317,81158,80172,2473,82645,431
2022-02-13,Stanislaus,099,539301,115156,115156,16949,132105,1406
2022-02-13,Sutter,101,95872,20024,19900,1988,21888,209
2022-02-13,Tehama,103,63373,11777,11644,2587,14231,151
2022-02-13,Trinity,105,12862,1151,1120,281,1401,20
2022-02-13,Tulare,107,460477,104401,101135,27737,128872,1276
2022-02-13,Tuolumne,109,53932,12310,11891,534,12425,170
2022-02-13,Ventura,111,848112,170154,169422,9156,178578,1361
2022-02-13,Yolo,113,214977,35785,35057,3053,38110,286
2022-02-13,Yuba,115,75493,15431,15346,1151,16497,107
2022-02-12,Alameda,001,1643700,248134,242137,13405,255542,1668
2022-02-12,Alpine,003,1148,121,124,1,125,0
2022-02-12,Amador,005,37829,8229,8091,627,8718,76
2022-02-12,Butte,007,227075,32132,31601,6416,38017,360
2022-02-12,Calaveras,009,45235,7099,7022,331,7353,106
2022-02-12,Colusa,011,21464,3379,3345,1051,4396,21
2022-02-12,Contra Costa,013,1133247,183406,180270,12683,192953,1141
2022-02-12,Del Norte,015,27424,5413,5262,169,5431,45
2022-02-12,El Dorado,017,186661,26160,25692,3123,28815,188
2022-02-12,Fresno,019,978130,225271,219909,23276,243185,2509
2022-02-12,Glenn,021,27897,4881,4818,1577,6395,39
2022-02-12,Humboldt,023,135768,16251,16058,2788,18846,132
2022-02-12,Imperial,025,180216,54275,53304,10529,63833,860
2022-02-12,Inyo,027,18085,4018,3991,451,4442,52
2022-02-12,Kern,029,883053,188215,184639,45126,229765,2037
2022-02-12,Kings,031,150075,50117,48893,3503,52396,415
2022-02-12,Lake,033,64148,10157,9926,844,10770,123
2022-02-12,Lassen,035,31185,8639,8477,865,9342,55
2022-02-12,Los Angeles,037,10098052,2664981,2616426,122350,2738776,29364
2022-02-12,Madera,039,155013,36345,35710,5877,41587,330
2022-02-12,Marin,041,260295,32399,32048,2145,34193,255
2022-02-12,Mariposa,043,17540,2305,2286,190,2476,6
2022-02-12,Mendocino,045,87422,12658,12439,2826,15265,107
2022-02-12,Merced,047,269075,60731,60187,8253,68440,758
2022-02-12,Modoc,049,8938,714,697,234,931,6
2022-02-12,Mono,051,14174,2945,2939,119,3058,5
2022-02-12,Monterey,053,433212,77256,74842,12892,87734,672
2022-02-12,Napa,055,140530,24817,24530,919,25449,124
2022-02-12,Nevada,057,99092,15581,15499,1146,16645,119
2022-02-12,Orange,059,3164182,537550,534503,40442,574945,6305
2022-02-12,Placer,061,380077,61464,60636,7217,67853,554
2022-02-12,Plumas,063,18699,2895,2617,345,2962,13
2022-02-12,Riverside,065,2383286,582970,575566,27389,602955,5961
2022-02-12,Sacramento,067,1510023,274569,266347,26311,292658,2686
2022-02-12,San Benito,069,59416,12603,12526,504,13030,91
2022-02-12,San Bernardino,071,2135413,559590,548822,24508,573330,6360
2022-02-12,San Diego,073,3302833,736022,720287,50738,771025,4854
2022-02-12,San Francisco,075,870044,119502,119113,8033,127146,740
2022-02-12,San Joaquin,077,732212,162951,161234,9604,170838,2014
2022-02-12,San Luis Obispo,079,281455,50803,50064,3610,53674,416
2022-02-12,San Mateo,081,765935,118147,115235,6727,121962,589
2022-02-12,Santa Barbara,083,443738,83757,83390,4633,88023,631
2022-02-12,Santa Clara,085,1922200,300866,298176,11980,310156,2093
2022-02-12,Santa Cruz,087,273765,45612,44447,2071,46518,239
2022-02-12,Shasta,089,179085,29703,29370,5950,35320,473
2022-02-12,Sierra,091,2930,270,268,46,314,0
2022-02-12,Siskiyou,093,43540,4307,4231,2635,6866,68
2022-02-12,Solano,095,438530,79082,77865,5397,83262,424
2022-02-12,Sonoma,097,501317,81053,79533,2471,82004,431
2022-02-12,Stanislaus,099,539301,115031,114531,16937,131468,1406
2022-02-12,Sutter,101,95872,20009,19800,1988,21788,211
2022-02-12,Tehama,103,63373,11763,11580,2587,14167,151
2022-02-12,Trinity,105,12862,1150,1115,281,1396,20
2022-02-12,Tulare,107,460477,104303,100434,27698,128132,1273
2022-02-12,Tuolumne,109,53932,12292,11754,534,12288,125
2022-02-12,Ventura,111,848112,170046,168736,9151,177887,1340
2022-02-12,Yolo,113,214977,35744,34773,3050,37823,286
2022-02-12,Yuba,115,75493,15415,15242,1150,16392,107
2022-02-11,Alameda,001,1643700,247853,242137,13391,255528,1668
2022-02-11,Alpine,003,1148,121,124,1,125,0
2022-02-11,Amador,005,37829,8216,8091,627,8718,76
2022-02-11,Butte,007,227075,32088,31601,6405,38006,360
2022-02-11,Calaveras,009,45235,7096,7022,331,7353,106
2022-02-11,Colusa,011,21464,3377,3345,1050,4395,21
2022-02-11,Contra Costa,013,1133247,183202,180270,12663,192933,1141
2022-02-11,Del Norte,015,27424,5398,5262,168,5430,45
2022-02-11,El Dorado,017,186661,26140,25692,3122,28814,188
2022-02-11,Fresno,019,978130,224977,219909,23259,243168,2509
2022-02-11,Glenn,021,27897,4877,4818,1577,6395,39
2022-02-11,Humboldt,023,135768,16221,16058,2783,18841,132
2022-02-11,Imperial,025,180216,54245,53304,10518,63822,860
2022-02-11,Inyo,027,18085,4015,3991,446,4437,52
2022-02-11,Kern,029,883053,188053,184639,45072,229711,2037
2022-02-11,Kings,031,150075,50078,48893,3502,52395,415
2022-02-11,Lake,033,64148,10131,9926,842,10768,123
2022-02-11,Lassen,035,31185,8599,8477,865,9342,55
2022-02-11,Los Angeles,037,10098052,2663345,2616426,122261,2738687,29364
2022-02-11,Madera,039,155013,36303,35710,5872,41582,330
2022-02-11,Marin,041,260295,32366,32048,2142,34190,255
2022-02-11,Mariposa,043,17540,2300,2286,190,2476,6
2022-02-11,Mendocino,045,87422,12642,12439,2826,15265,107
2022-02-11,Merced,047,269075,60682,60187,8246,68433,758
2022-02-11,Modoc,049,8938,712,697,234,931,6
2022-02-11,Mono,051,14174,2944,2939,119,3058,5
2022-02-11,Monterey,053,433212,77137,74842,12878,87720,672
2022-02-11,Napa,055,140530,24789,24530,919,25449,124
2022-02-11,Nevada,057,99092,15566,15499,1143,16642,119
2022-02-11,Orange,059,3164182,537198,534503,40377,574880,6305
2022-02-11,Placer,061,380077,61412,60636,7215,67851,554
2022-02-11,Plumas,063,18699,2891,2617,343,2960,13
2022-02-11,Riverside,065,2383286,582547,575566,27373,602939,5961
2022-02-11,Sacramento,067,1510023,274305,266347,26299,292646,2686
2022-02-11,San Benito,069,59416,12598,12526,504,13030,91
2022-02-11,San Bernardino,071,2135413,559270,548822,24493,573315,6360
2022-02-11,San Diego,073,3302833,735304,720287,50681,770968,4854
2022-02-11,San Francisco,075,870044,119382,119113,8017,127130,740
2022-02-11,San Joaquin,077,732212,162782,161234,9592,170826,2014
2022-02-11,San Luis Obispo,079,281455,50766,50064,3606,53670,416
2022-02-11,San Mateo,081,765935,118030,115235,6718,121953,589
2022-02-11,Santa Barbara,083,443738,83673,83390,4632,88022,631
2022-02-11,Santa Clara,085,1922200,300444,298176,11961,310137,2093
2022-02-11,Santa Cruz,087,273765,45520,44447,2071,46518,239
2022-02-11,Shasta,089,179085,29672,29370,5942,35312,473
2022-02-11,Sierra,091,2930,269,268,45,313,0
2022-02-11,Siskiyou,093,43540,4296,4231,2629,6860,68
2022-02-11,Solano,095,438530,78957,77865,5392,83257,424
2022-02-11,Sonoma,097,501317,80964,79533,2466,81999,431
2022-02-11,Stanislaus,099,539301,114930,114531,16924,131455,1406
2022-02-11,Sutter,101,95872,19986,19800,1986,21786,211
2022-02-11,Tehama,103,63373,11750,11580,2586,14166,151
2022-02-11,Trinity,105,12862,1149,1115,280,1395,20
2022-02-11,Tulare,107,460477,104186,100434,27644,128078,1273
2022-02-11,Tuolumne,109,53932,12277,11754,532,12286,125
2022-02-11,Ventura,111,848112,169906,168736,9146,177882,1340
2022-02-11,Yolo,113,214977,35711,34773,3048,37821,286
2022-02-11,Yuba,115,75493,15399,15242,1149,16391,107
2022-02-10,Alameda,001,1643700,247319,242137,13345,255482,1668
2022-02-10,Alpine,003,1148,121,124,1,125,0
2022-02-10,Amador,005,37829,8205,8091,620,8711,76
2022-02-10,Butte,007,227075,32035,31601,6393,37994,360
2022-02-10,Calaveras,009,45235,7084,7022,329,7351,106
2022-02-10,Colusa,011,21464,3371,3345,1048,4393,21
2022-02-10,Contra Costa,013,1133247,182837,180270,12598,192868,1141
2022-02-10,Del Norte,015,27424,5368,5262,166,5428,45
2022-02-10,El Dorado,017,186661,26095,25692,3115,28807,188
2022-02-10,Fresno,019,978130,224387,219909,23170,243079,2509
2022-02-10,Glenn,021,27897,4872,4818,1575,6393,39
2022-02-10,Humboldt,023,135768,16171,16058,2761,18819,132
2022-02-10,Imperial,025,180216,54174,53304,10474,63778,860
2022-02-10,Inyo,027,18085,4011,3991,446,4437,52
2022-02-10,Kern,029,883053,187744,184639,44959,229598,2037
2022-02-10,Kings,031,150075,49966,48893,3491,52384,415
2022-02-10,Lake,033,64148,10100,9926,840,10766,123
2022-02-10,Lassen,035,31185,8585,8477,863,9340,55
2022-02-10,Los Angeles,037,10098052,2660181,2616426,122073,2738499,29364
2022-02-10,Madera,039,155013,36205,35710,5840,41550,330
2022-02-10,Marin,041,260295,32308,32048,2130,34178,255
2022-02-10,Mariposa,043,17540,2296,2286,189,2475,6
2022-02-10,Mendocino,045,87422,12620,12439,2802,15241,107
2022-02-10,Merced,047,269075,60554,60187,8191,68378,758
2022-02-10,Modoc,049,8938,711,697,233,930,6
2022-02-10,Mono,051,14174,2942,2939,118,3057,5
2022-02-10,Monterey,053,433212,76954,74842,12791,87633,672
2022-02-10,Napa,055,140530,24722,24530,917,25447,124
2022-02-10,Nevada,057,99092,15541,15499,1142,16641,119
2022-02-10,Orange,059,3164182,536546,534503,40308,574811,6305
2022-02-10,Placer,061,380077,61331,60636,7206,67842,554
2022-02-10,Plumas,063,18699,2888,2617,336,2953,13
2022-02-10,Riverside,065,2383286,581812,575566,27315,602881,5961
2022-02-10,Sacramento,067,1510023,273823,266347,26207,292554,2686
2022-02-10,San Benito,069,59416,12577,12526,502,13028,91
2022-02-10,San Bernardino,071,2135413,558719,548822,24461,573283,6360
2022-02-10,San Diego,073,3302833,734150,720287,50561,770848,4854
2022-02-10,San Francisco,075,870044,119169,119113,7999,127112,740
2022-02-10,San Joaquin,077,732212,162467,161234,9584,170818,2014
2022-02-10,San Luis Obispo,079,281455,50667,50064,3595,53659,416
2022-02-10,San Mateo,081,765935,117805,115235,6701,121936,589
2022-02-10,Santa Barbara,083,443738,83489,83390,4625,88015,631
2022-02-10,Santa Clara,085,1922200,299769,298176,11903,310079,2093
2022-02-10,Santa Cruz,087,273765,45375,44447,2070,46517,239
2022-02-10,Shasta,089,179085,29610,29370,5922,35292,473
2022-02-10,Sierra,091,2930,269,268,45,313,0
2022-02-10,Siskiyou,093,43540,4291,4231,2616,6847,68
2022-02-10,Solano,095,438530,78766,77865,5374,83239,424
2022-02-10,Sonoma,097,501317,80830,79533,2450,81983,431
2022-02-10,Stanislaus,099,539301,114750,114531,16880,131411,1406
2022-02-10,Sutter,101,95872,19947,19800,1971,21771,211
2022-02-10,Tehama,103,63373,11717,11580,2583,14163,151
2022-02-10,Trinity,105,12862,1146,1115,279,1394,20
2022-02-10,Tulare,107,460477,103983,100434,27563,127997,1273
2022-02-10,Tuolumne,109,53932,12255,11754,527,12281,125
2022-02-10,Ventura,111,848112,169626,168736,9131,177867,1340
2022-02-10,Yolo,113,214977,35632,34773,3042,37815,286
2022-02-10,Yuba,115,75493,15368,15242,1143,16385,107
2022-02-09,Alameda,001,1643700,246789,241141,13286,254427,1668
2022-02-09,Alpine,003,1148,120,124,1,125,0
2022-02-09,Amador,005,37829,8191,8069,615,8684,76
2022-02-09,Butte,007,227075,31942,31433,6377,37810,359
2022-02-09,Calaveras,009,45235,7066,7005,325,7330,106
2022-02-09,Colusa,011,21464,3368,3331,1047,4378,21
2022-02-09,Contra Costa,013,1133247,182484,179695,12551,192246,1132
2022-02-09,Del Norte,015,27424,5321,5204,165,5369,45
2022-02-09,El Dorado,017,186661,26058,25572,3104,28676,186
2022-02-09,Fresno,019,978130,223775,218989,23080,242069,2502
2022-02-09,Glenn,021,27897,4860,4804,1574,6378,39
2022-02-09,Humboldt,023,135768,16124,15929,2736,18665,131
2022-02-09,Imperial,025,180216,54070,53102,10401,63503,858
2022-02-09,Inyo,027,18085,4005,3989,445,4434,52
2022-02-09,Kern,029,883053,187366,184068,44844,228912,2021
2022-02-09,Kings,031,150075,49855,48718,3485,52203,410
2022-02-09,Lake,033,64148,10060,9880,835,10715,124
2022-02-09,Lassen,035,31185,8557,8459,862,9321,55
2022-02-09,Los Angeles,037,10098052,2656498,2611611,121937,2733548,29263
2022-02-09,Madera,039,155013,36107,35559,5807,41366,330
2022-02-09,Marin,041,260295,32257,31965,2123,34088,255
2022-02-09,Mariposa,043,17540,2293,2279,189,2468,6
2022-02-09,Mendocino,045,87422,12586,12378,2773,15151,107
2022-02-09,Merced,047,269075,60424,59952,8139,68091,755
2022-02-09,Modoc,049,8938,707,691,232,923,6
2022-02-09,Mono,051,14174,2940,2937,118,3055,5
2022-02-09,Monterey,053,433212,76754,74500,12700,87200,670
2022-02-09,Napa,055,140530,24677,24429,912,25341,123
2022-02-09,Nevada,057,99092,15521,15446,1140,16586,119
2022-02-09,Orange,059,3164182,535913,534316,40228,574544,6263
2022-02-09,Placer,061,380077,61234,60490,7186,67676,553
2022-02-09,Plumas,063,18699,2883,2609,332,2941,13
2022-02-09,Riverside,065,2383286,581071,573907,27268,601175,5911
2022-02-09,Sacramento,067,1510023,273250,265624,26087,291711,2673
2022-02-09,San Benito,069,59416,12553,12492,502,12994,91
2022-02-09,San Bernardino,071,2135413,558113,547768,24433,572201,6349
2022-02-09,San Diego,073,3302833,732778,717896,50453,768349,4832
2022-02-09,San Francisco,075,870044,118920,118550,7988,126538,731
2022-02-09,San Joaquin,077,732212,162164,160618,9574,170192,2014
2022-02-09,San Luis Obispo,079,281455,50522,49833,3590,53423,414
2022-02-09,San Mateo,081,765935,117616,114890,6660,121550,589
2022-02-09,Santa Barbara,083,443738,83310,82830,4619,87449,629
2022-02-09,Santa Clara,085,1922200,299049,297157,11845,309002,2090
2022-02-09,Santa Cruz,087,273765,45192,44200,2063,46263,239
2022-02-09,Shasta,089,179085,29540,29215,5901,35116,471
2022-02-09,Sierra,091,2930,268,268,44,312,0
2022-02-09,Siskiyou,093,43540,4277,4217,2610,6827,68
2022-02-09,Solano,095,438530,78575,77299,5362,82661,423
2022-02-09,Sonoma,097,501317,80656,79165,2443,81608,431
2022-02-09,Stanislaus,099,539301,114502,114039,16632,130671,1406
2022-02-09,Sutter,101,95872,19905,19758,1958,21716,207
2022-02-09,Tehama,103,63373,11690,11542,2579,14121,149
2022-02-09,Trinity,105,12862,1142,1110,278,1388,20
2022-02-09,Tulare,107,460477,103769,100049,27466,127515,1271
2022-02-09,Tuolumne,109,53932,12218,11702,524,12226,95
2022-02-09,Ventura,111,848112,169390,168253,9119,177372,1325
2022-02-09,Yolo,113,214977,35560,34588,3026,37614,285
2022-02-09,Yuba,115,75493,15337,15187,1131,16318,105
2022-02-08,Alameda,001,1643700,246158,240587,13212,253799,1651
2022-02-08,Alpine,003,1148,120,124,1,125,0
2022-02-08,Amador,005,37829,8183,8050,608,8658,76
2022-02-08,Butte,007,227075,31857,31353,6354,37707,359
2022-02-08,Calaveras,009,45235,7050,6981,323,7304,101
2022-02-08,Colusa,011,21464,3359,3320,1046,4366,21
2022-02-08,Contra Costa,013,1133247,182057,179078,12473,191551,1132
2022-02-08,Del Norte,015,27424,5295,5156,160,5316,44
2022-02-08,El Dorado,017,186661,26012,25446,3093,28539,186
2022-02-08,Fresno,019,978130,223040,218416,22974,241390,2502
2022-02-08,Glenn,021,27897,4843,4784,1570,6354,39
2022-02-08,Humboldt,023,135768,16064,15865,2703,18568,130
2022-02-08,Imperial,025,180216,53942,52977,10357,63334,855
2022-02-08,Inyo,027,18085,4000,3983,445,4428,52
2022-02-08,Kern,029,883053,187037,183519,44711,228230,2010
2022-02-08,Kings,031,150075,49704,48479,3473,51952,411
2022-02-08,Lake,033,64148,10030,9806,829,10635,125
2022-02-08,Lassen,035,31185,8548,8423,858,9281,55
2022-02-08,Los Angeles,037,10098052,2652189,2611204,121746,2732950,29259
2022-02-08,Madera,039,155013,36000,35381,5751,41132,330
2022-02-08,Marin,041,260295,32182,31878,2118,33996,255
2022-02-08,Mariposa,043,17540,2291,2266,181,2447,6
2022-02-08,Mendocino,045,87422,12553,12336,2742,15078,107
2022-02-08,Merced,047,269075,60316,59789,8080,67869,751
2022-02-08,Modoc,049,8938,703,684,232,916,6
2022-02-08,Mono,051,14174,2939,2932,118,3050,5
2022-02-08,Monterey,053,433212,76547,74316,12606,86922,670
2022-02-08,Napa,055,140530,24603,24346,905,25251,121
2022-02-08,Nevada,057,99092,15494,15383,1137,16520,117
2022-02-08,Orange,059,3164182,535227,533507,40140,573647,6205
2022-02-08,Placer,061,380077,61126,60301,7173,67474,553
2022-02-08,Plumas,063,18699,2872,2596,325,2921,13
2022-02-08,Riverside,065,2383286,580243,571892,27192,599084,5908
2022-02-08,Sacramento,067,1510023,272581,264479,25904,290383,2664
2022-02-08,San Benito,069,59416,12529,12434,500,12934,91
2022-02-08,San Bernardino,071,2135413,557424,544658,24388,569046,6335
2022-02-08,San Diego,073,3302833,731181,717896,50324,768220,4832
2022-02-08,San Francisco,075,870044,118608,117942,7979,125921,731
2022-02-08,San Joaquin,077,732212,161786,160147,9555,169702,2005
2022-02-08,San Luis Obispo,079,281455,50355,49556,3558,53114,410
2022-02-08,San Mateo,081,765935,117395,114541,6630,121171,589
2022-02-08,Santa Barbara,083,443738,83143,82461,4593,87054,627
2022-02-08,Santa Clara,085,1922200,298177,295679,11795,307474,2091
2022-02-08,Santa Cruz,087,273765,45040,43884,2058,45942,239
2022-02-08,Shasta,089,179085,29454,29084,5872,34956,470
2022-02-08,Sierra,091,2930,268,267,44,311,0
2022-02-08,Siskiyou,093,43540,4267,4191,2600,6791,68
2022-02-08,Solano,095,438530,78344,77031,5348,82379,421
2022-02-08,Sonoma,097,501317,80440,78798,2421,81219,431
2022-02-08,Stanislaus,099,539301,114248,113733,16556,130289,1406
2022-02-08,Sutter,101,95872,19866,19717,1946,21663,203
2022-02-08,Tehama,103,63373,11666,11491,2571,14062,149
2022-02-08,Trinity,105,12862,1136,1110,278,1388,20
2022-02-08,Tulare,107,460477,103484,99694,27330,127024,1267
2022-02-08,Tuolumne,109,53932,12195,11665,522,12187,92
2022-02-08,Ventura,111,848112,169156,167830,9103,176933,1325
2022-02-08,Yolo,113,214977,35478,34462,3012,37474,281
2022-02-08,Yuba,115,75493,15292,15126,1109,16235,107
2022-02-07,Alameda,001,1643700,245451,238678,13144,251822,1643
2022-02-07,Alpine,003,1148,120,124,1,125,0
2022-02-07,Amador,005,37829,8155,7980,600,8580,75
2022-02-07,Butte,007,227075,31770,31184,6328,37512,355
2022-02-07,Calaveras,009,45235,7028,6910,322,7232,100
2022-02-07,Colusa,011,21464,3349,3283,1040,4323,21
2022-02-07,Contra Costa,013,1133247,181600,177767,12401,190168,1130
2022-02-07,Del Norte,015,27424,5256,5093,155,5248,44
2022-02-07,El Dorado,017,186661,25950,25257,3081,28338,185
2022-02-07,Fresno,019,978130,222191,216495,22828,239323,2493
2022-02-07,Glenn,021,27897,4836,4762,1566,6328,39
2022-02-07,Humboldt,023,135768,15989,15764,2678,18442,129
2022-02-07,Imperial,025,180216,53831,52689,10289,62978,853
2022-02-07,Inyo,027,18085,3995,3976,439,4415,51
2022-02-07,Kern,029,883053,186568,182047,44540,226587,1998
2022-02-07,Kings,031,150075,49519,48147,3457,51604,403
2022-02-07,Lake,033,64148,9984,9519,821,10340,125
2022-02-07,Lassen,035,31185,8529,8362,852,9214,55
2022-02-07,Los Angeles,037,10098052,2647757,2607438,121534,2728972,29210
2022-02-07,Madera,039,155013,35875,35083,5700,40783,330
2022-02-07,Marin,041,260295,32116,31670,2107,33777,255
2022-02-07,Mariposa,043,17540,2286,2253,177,2430,6
2022-02-07,Mendocino,045,87422,12495,12237,2704,14941,107
2022-02-07,Merced,047,269075,60189,59472,7988,67460,748
2022-02-07,Modoc,049,8938,699,679,232,911,6
2022-02-07,Mono,051,14174,2937,2917,118,3035,5
2022-02-07,Monterey,053,433212,76296,69433,12497,81930,670
2022-02-07,Napa,055,140530,24517,23237,895,24132,120
2022-02-07,Nevada,057,99092,15460,15268,1131,16399,113
2022-02-07,Orange,059,3164182,534464,531442,40057,571499,6179
2022-02-07,Placer,061,380077,61002,59894,7158,67052,546
2022-02-07,Plumas,063,18699,2861,2573,316,2889,13
2022-02-07,Riverside,065,2383286,579304,568874,27105,595979,5868
2022-02-07,Sacramento,067,1510023,271904,262834,25711,288545,2631
2022-02-07,San Benito,069,59416,12491,12285,498,12783,90
2022-02-07,San Bernardino,071,2135413,556637,542846,24349,567195,6335
2022-02-07,San Diego,073,3302833,729437,716244,50141,766385,4811
2022-02-07,San Francisco,075,870044,118270,113945,7954,121899,727
2022-02-07,San Joaquin,077,732212,161405,159358,9535,168893,1998
2022-02-07,San Luis Obispo,079,281455,50187,48994,3537,52531,406
2022-02-07,San Mateo,081,765935,117111,107060,6601,113661,589
2022-02-07,Santa Barbara,083,443738,82956,81608,4578,86186,624
2022-02-07,Santa Clara,085,1922200,297226,293360,11747,305107,2085
2022-02-07,Santa Cruz,087,273765,44825,43244,2054,45298,239
2022-02-07,Shasta,089,179085,29365,28900,5845,34745,468
2022-02-07,Sierra,091,2930,268,265,44,309,0
2022-02-07,Siskiyou,093,43540,4256,4157,2584,6741,68
2022-02-07,Solano,095,438530,78087,73934,5322,79256,420
2022-02-07,Sonoma,097,501317,80183,78296,2410,80706,431
2022-02-07,Stanislaus,099,539301,113989,113029,16402,129431,1406
2022-02-07,Sutter,101,95872,19834,19599,1918,21517,203
2022-02-07,Tehama,103,63373,11625,11418,2563,13981,146
2022-02-07,Trinity,105,12862,1132,1109,275,1384,20
2022-02-07,Tulare,107,460477,103126,98774,27184,125958,1263
2022-02-07,Tuolumne,109,53932,12146,11578,518,12096,92
2022-02-07,Ventura,111,848112,168839,166904,9090,175994,1324
2022-02-07,Yolo,113,214977,35369,34007,2997,37004,281
2022-02-07,Yuba,115,75493,15246,14998,1102,16100,105
2022-02-06,Alameda,001,1643700,244548,237188,13061,250249,1643
2022-02-06,Alpine,003,1148,120,123,1,124,0
2022-02-06,Amador,005,37829,8126,7922,588,8510,73
2022-02-06,Butte,007,227075,31643,31021,6282,37303,355
2022-02-06,Calaveras,009,45235,7001,6870,317,7187,99
2022-02-06,Colusa,011,21464,3340,3282,1039,4321,21
2022-02-06,Contra Costa,013,1133247,180976,176863,12243,189106,1128
2022-02-06,Del Norte,015,27424,5200,5038,153,5191,44
2022-02-06,El Dorado,017,186661,25887,25165,3069,28234,185
2022-02-06,Fresno,019,978130,221349,214726,22568,237294,2489
2022-02-06,Glenn,021,27897,4823,4738,1556,6294,39
2022-02-06,Humboldt,023,135768,15902,15658,2638,18296,128
2022-02-06,Imperial,025,180216,53640,52396,10241,62637,853
2022-02-06,Inyo,027,18085,3993,3970,436,4406,51
2022-02-06,Kern,029,883053,186016,181188,44299,225487,1996
2022-02-06,Kings,031,150075,49297,47669,3431,51100,401
2022-02-06,Lake,033,64148,9916,9468,803,10271,125
2022-02-06,Lassen,035,31185,8510,8326,847,9173,55
2022-02-06,Los Angeles,037,10098052,2642235,2602620,121267,2723887,29180
2022-02-06,Madera,039,155013,35690,34901,5606,40507,330
2022-02-06,Marin,041,260295,32019,31488,2094,33582,255
2022-02-06,Mariposa,043,17540,2278,2244,166,2410,6
2022-02-06,Mendocino,045,87422,12452,12169,2634,14803,107
2022-02-06,Merced,047,269075,59970,59112,7826,66938,748
2022-02-06,Modoc,049,8938,694,675,231,906,6
2022-02-06,Mono,051,14174,2932,2901,116,3017,5
2022-02-06,Monterey,053,433212,75931,67912,12332,80244,670
2022-02-06,Napa,055,140530,24398,23230,887,24117,120
2022-02-06,Nevada,057,99092,15395,15192,1118,16310,113
2022-02-06,Orange,059,3164182,533513,527906,39955,567861,6171
2022-02-06,Placer,061,380077,60826,59507,7132,66639,544
2022-02-06,Plumas,063,18699,2847,2559,307,2866,13
2022-02-06,Riverside,065,2383286,578160,568276,27026,595302,5865
2022-02-06,Sacramento,067,1510023,271028,261353,25439,286792,2631
2022-02-06,San Benito,069,59416,12436,12186,490,12676,90
2022-02-06,San Bernardino,071,2135413,555674,541103,24279,565382,6334
2022-02-06,San Diego,073,3302833,727352,709938,49902,759840,4786
2022-02-06,San Francisco,075,870044,117888,113115,7927,121042,728
2022-02-06,San Joaquin,077,732212,160844,158510,9495,168005,1997
2022-02-06,San Luis Obispo,079,281455,49963,48843,3480,52323,405
2022-02-06,San Mateo,081,765935,116771,105556,6561,112117,587
2022-02-06,Santa Barbara,083,443738,82639,81118,4539,85657,623
2022-02-06,Santa Clara,085,1922200,296117,291732,11626,303358,2075
2022-02-06,Santa Cruz,087,273765,44511,42952,2039,44991,239
2022-02-06,Shasta,089,179085,29237,28762,5795,34557,468
2022-02-06,Sierra,091,2930,268,265,44,309,0
2022-02-06,Siskiyou,093,43540,4235,4118,2558,6676,68
2022-02-06,Solano,095,438530,77788,73475,5280,78755,419
2022-02-06,Sonoma,097,501317,79847,77887,2395,80282,431
2022-02-06,Stanislaus,099,539301,113591,112521,16258,128779,1406
2022-02-06,Sutter,101,95872,19790,19523,1875,21398,203
2022-02-06,Tehama,103,63373,11585,11366,2543,13909,146
2022-02-06,Trinity,105,12862,1131,1102,274,1376,20
2022-02-06,Tulare,107,460477,102683,98260,26979,125239,1262
2022-02-06,Tuolumne,109,53932,12095,11507,501,12008,92
2022-02-06,Ventura,111,848112,168463,166235,9079,175314,1323
2022-02-06,Yolo,113,214977,35229,33784,2981,36765,281
2022-02-06,Yuba,115,75493,15199,14917,1093,16010,104
2022-02-05,Alameda,001,1643700,244138,235698,13052,248750,1638
2022-02-05,Alpine,003,1148,120,124,1,125,0
2022-02-05,Amador,005,37829,8117,7855,585,8440,71
2022-02-05,Butte,007,227075,31590,30733,6268,37001,355
2022-02-05,Calaveras,009,45235,6985,6789,317,7106,99
2022-02-05,Colusa,011,21464,3333,3234,1037,4271,21
2022-02-05,Contra Costa,013,1133247,180707,175871,12227,188098,1115
2022-02-05,Del Norte,015,27424,5160,4978,151,5129,44
2022-02-05,El Dorado,017,186661,25857,24813,3067,27880,185
2022-02-05,Fresno,019,978130,221006,213539,22545,236084,2477
2022-02-05,Glenn,021,27897,4821,4691,1549,6240,39
2022-02-05,Humboldt,023,135768,15855,15514,2634,18148,127
2022-02-05,Imperial,025,180216,53579,52153,10228,62381,853
2022-02-05,Inyo,027,18085,3990,3948,436,4384,51
2022-02-05,Kern,029,883053,185808,180296,44194,224490,1987
2022-02-05,Kings,031,150075,49213,47538,3424,50962,402
2022-02-05,Lake,033,64148,9897,9289,796,10085,124
2022-02-05,Lassen,035,31185,8499,8288,845,9133,55
2022-02-05,Los Angeles,037,10098052,2640051,2572702,121140,2693842,28947
2022-02-05,Madera,039,155013,35637,34471,5594,40065,329
2022-02-05,Marin,041,260295,31972,31299,2090,33389,255
2022-02-05,Mariposa,043,17540,2277,2222,165,2387,6
2022-02-05,Mendocino,045,87422,12424,12066,2632,14698,107
2022-02-05,Merced,047,269075,59877,58908,7818,66726,744
2022-02-05,Modoc,049,8938,693,664,231,895,6
2022-02-05,Mono,051,14174,2931,2904,116,3020,5
2022-02-05,Monterey,053,433212,75815,67342,12288,79630,666
2022-02-05,Napa,055,140530,24343,22973,886,23859,118
2022-02-05,Nevada,057,99092,15374,15002,1113,16115,113
2022-02-05,Orange,059,3164182,533072,527516,39864,567380,6134
2022-02-05,Placer,061,380077,60701,59043,7118,66161,533
2022-02-05,Plumas,063,18699,2846,2550,306,2856,13
2022-02-05,Riverside,065,2383286,577561,563991,26955,590946,5827
2022-02-05,Sacramento,067,1510023,270632,259437,25401,284838,2610
2022-02-05,San Benito,069,59416,12391,12142,490,12632,90
2022-02-05,San Bernardino,071,2135413,555171,539312,24257,563569,6322
2022-02-05,San Diego,073,3302833,726483,703957,49829,753786,4735
2022-02-05,San Francisco,075,870044,117679,112481,7898,120379,720
2022-02-05,San Joaquin,077,732212,160658,157420,9484,166904,1989
2022-02-05,San Luis Obispo,079,281455,49926,48361,3478,51839,404
2022-02-05,San Mateo,081,765935,116584,104810,6553,111363,587
2022-02-05,Santa Barbara,083,443738,82478,80478,4527,85005,617
2022-02-05,Santa Clara,085,1922200,295465,289262,11610,300872,2067
2022-02-05,Santa Cruz,087,273765,44438,42553,2036,44589,239
2022-02-05,Shasta,089,179085,29195,28604,5785,34389,466
2022-02-05,Sierra,091,2930,268,262,44,306,0
2022-02-05,Siskiyou,093,43540,4228,4106,2545,6651,67
2022-02-05,Solano,095,438530,77713,73112,5272,78384,415
2022-02-05,Sonoma,097,501317,79683,77213,2391,79604,431
2022-02-05,Stanislaus,099,539301,113390,111783,16238,128021,1406
2022-02-05,Sutter,101,95872,19761,19406,1869,21275,203
2022-02-05,Tehama,103,63373,11566,11259,2536,13795,146
2022-02-05,Trinity,105,12862,1129,1085,274,1359,20
2022-02-05,Tulare,107,460477,102519,97414,26896,124310,1254
2022-02-05,Tuolumne,109,53932,12070,11409,498,11907,91
2022-02-05,Ventura,111,848112,168239,165532,9063,174595,1308
2022-02-05,Yolo,113,214977,35146,33614,2967,36581,281
2022-02-05,Yuba,115,75493,15169,14801,1085,15886,105
2022-02-04,Alameda,001,1643700,243653,235698,13042,248740,1638
2022-02-04,Alpine,003,1148,120,124,1,125,0
2022-02-04,Amador,005,37829,8101,7855,581,8436,71
2022-02-04,Butte,007,227075,31530,30733,6257,36990,355
2022-02-04,Calaveras,009,45235,6975,6789,315,7104,99
2022-02-04,Colusa,011,21464,3328,3234,1035,4269,21
2022-02-04,Contra Costa,013,1133247,180383,175871,12198,188069,1115
2022-02-04,Del Norte,015,27424,5140,4978,151,5129,44
2022-02-04,El Dorado,017,186661,25821,24813,3062,27875,185
2022-02-04,Fresno,019,978130,220526,213539,22511,236050,2477
2022-02-04,Glenn,021,27897,4812,4691,1546,6237,39
2022-02-04,Humboldt,023,135768,15830,15514,2631,18145,127
2022-02-04,Imperial,025,180216,53506,52153,10211,62364,853
2022-02-04,Inyo,027,18085,3987,3948,435,4383,51
2022-02-04,Kern,029,883053,185584,180296,44066,224362,1987
2022-02-04,Kings,031,150075,49137,47538,3417,50955,402
2022-02-04,Lake,033,64148,9875,9289,793,10082,124
2022-02-04,Lassen,035,31185,8476,8288,845,9133,55
2022-02-04,Los Angeles,037,10098052,2637418,2572702,121011,2693713,28947
2022-02-04,Madera,039,155013,35553,34471,5586,40057,329
2022-02-04,Marin,041,260295,31907,31299,2081,33380,255
2022-02-04,Mariposa,043,17540,2275,2222,163,2385,6
2022-02-04,Mendocino,045,87422,12393,12066,2630,14696,107
2022-02-04,Merced,047,269075,59798,58908,7808,66716,744
2022-02-04,Modoc,049,8938,693,664,231,895,6
2022-02-04,Mono,051,14174,2929,2904,116,3020,5
2022-02-04,Monterey,053,433212,75624,67342,12245,79587,666
2022-02-04,Napa,055,140530,24296,22973,882,23855,118
2022-02-04,Nevada,057,99092,15340,15002,1109,16111,113
2022-02-04,Orange,059,3164182,532522,527516,39807,567323,6134
2022-02-04,Placer,061,380077,60599,59043,7107,66150,533
2022-02-04,Plumas,063,18699,2840,2550,305,2855,13
2022-02-04,Riverside,065,2383286,576856,563991,26942,590933,5827
2022-02-04,Sacramento,067,1510023,270134,259437,25378,284815,2610
2022-02-04,San Benito,069,59416,12372,12142,488,12630,90
2022-02-04,San Bernardino,071,2135413,554597,539312,24235,563547,6322
2022-02-04,San Diego,073,3302833,725348,703957,49755,753712,4735
2022-02-04,San Francisco,075,870044,117436,112481,7873,120354,720
2022-02-04,San Joaquin,077,732212,160429,157420,9472,166892,1989
2022-02-04,San Luis Obispo,079,281455,49865,48361,3471,51832,404
2022-02-04,San Mateo,081,765935,116356,104810,6539,111349,587
2022-02-04,Santa Barbara,083,443738,82328,80478,4526,85004,617
2022-02-04,Santa Clara,085,1922200,294796,289262,11589,300851,2067
2022-02-04,Santa Cruz,087,273765,44233,42553,2032,44585,239
2022-02-04,Shasta,089,179085,29146,28604,5774,34378,466
2022-02-04,Sierra,091,2930,268,262,44,306,0
2022-02-04,Siskiyou,093,43540,4220,4106,2538,6644,67
2022-02-04,Solano,095,438530,77521,73112,5236,78348,415
2022-02-04,Sonoma,097,501317,79527,77213,2310,79523,431
2022-02-04,Stanislaus,099,539301,113208,111783,16211,127994,1406
2022-02-04,Sutter,101,95872,19737,19406,1862,21268,203
2022-02-04,Tehama,103,63373,11551,11259,2535,13794,146
2022-02-04,Trinity,105,12862,1128,1085,273,1358,20
2022-02-04,Tulare,107,460477,102333,97414,26813,124227,1254
2022-02-04,Tuolumne,109,53932,12057,11409,497,11906,91
2022-02-04,Ventura,111,848112,167970,165532,9055,174587,1308
2022-02-04,Yolo,113,214977,35055,33614,2960,36574,281
2022-02-04,Yuba,115,75493,15151,14801,1085,15886,105
2022-02-03,Alameda,001,1643700,242885,235698,12980,248678,1638
2022-02-03,Alpine,003,1148,120,124,1,125,0
2022-02-03,Amador,005,37829,8081,7855,576,8431,71
2022-02-03,Butte,007,227075,31421,30733,6229,36962,355
2022-02-03,Calaveras,009,45235,6944,6789,311,7100,99
2022-02-03,Colusa,011,21464,3315,3234,1033,4267,21
2022-02-03,Contra Costa,013,1133247,179788,175871,12097,187968,1115
2022-02-03,Del Norte,015,27424,5099,4978,148,5126,44
2022-02-03,El Dorado,017,186661,25748,24813,3056,27869,185
2022-02-03,Fresno,019,978130,219592,213539,22338,235877,2477
2022-02-03,Glenn,021,27897,4795,4691,1528,6219,39
2022-02-03,Humboldt,023,135768,15753,15514,2595,18109,127
2022-02-03,Imperial,025,180216,53364,52153,10160,62313,853
2022-02-03,Inyo,027,18085,3984,3948,431,4379,51
2022-02-03,Kern,029,883053,185120,180296,43849,224145,1987
2022-02-03,Kings,031,150075,48977,47538,3409,50947,402
2022-02-03,Lake,033,64148,9822,9289,787,10076,124
2022-02-03,Lassen,035,31185,8449,8288,844,9132,55
2022-02-03,Los Angeles,037,10098052,2631988,2572702,120742,2693444,28947
2022-02-03,Madera,039,155013,35414,34471,5540,40011,329
2022-02-03,Marin,041,260295,31811,31299,2076,33375,255
2022-02-03,Mariposa,043,17540,2263,2222,160,2382,6
2022-02-03,Mendocino,045,87422,12349,12066,2606,14672,107
2022-02-03,Merced,047,269075,59649,58908,7712,66620,744
2022-02-03,Modoc,049,8938,690,664,231,895,6
2022-02-03,Mono,051,14174,2924,2904,115,3019,5
2022-02-03,Monterey,053,433212,75337,67342,12045,79387,666
2022-02-03,Napa,055,140530,24163,22973,882,23855,118
2022-02-03,Nevada,057,99092,15299,15002,1098,16100,113
2022-02-03,Orange,059,3164182,531598,527516,39714,567230,6134
2022-02-03,Placer,061,380077,60397,59043,7084,66127,533
2022-02-03,Plumas,063,18699,2826,2550,301,2851,13
2022-02-03,Riverside,065,2383286,575658,563991,26871,590862,5827
2022-02-03,Sacramento,067,1510023,269180,259437,25184,284621,2610
2022-02-03,San Benito,069,59416,12345,12142,485,12627,90
2022-02-03,San Bernardino,071,2135413,553583,539312,24197,563509,6322
2022-02-03,San Diego,073,3302833,723337,703957,49593,753550,4735
2022-02-03,San Francisco,075,870044,117101,112481,7842,120323,720
2022-02-03,San Joaquin,077,732212,159947,157420,9443,166863,1989
2022-02-03,San Luis Obispo,079,281455,49666,48361,3454,51815,404
2022-02-03,San Mateo,081,765935,116005,104810,6505,111315,587
2022-02-03,Santa Barbara,083,443738,81970,80478,4497,84975,617
2022-02-03,Santa Clara,085,1922200,293632,289262,11478,300740,2067
2022-02-03,Santa Cruz,087,273765,43892,42553,2025,44578,239
2022-02-03,Shasta,089,179085,29039,28604,5746,34350,466
2022-02-03,Sierra,091,2930,268,262,44,306,0
2022-02-03,Siskiyou,093,43540,4205,4106,2521,6627,67
2022-02-03,Solano,095,438530,77192,73112,5218,78330,415
2022-02-03,Sonoma,097,501317,79230,77213,2303,79516,431
2022-02-03,Stanislaus,099,539301,112837,111783,16128,127911,1406
2022-02-03,Sutter,101,95872,19685,19406,1843,21249,203
2022-02-03,Tehama,103,63373,11520,11259,2527,13786,146
2022-02-03,Trinity,105,12862,1126,1085,272,1357,20
2022-02-03,Tulare,107,460477,101920,97414,26665,124079,1254
2022-02-03,Tuolumne,109,53932,12016,11409,486,11895,91
2022-02-03,Ventura,111,848112,167585,165532,9045,174577,1308
2022-02-03,Yolo,113,214977,34950,33614,2947,36561,281
2022-02-03,Yuba,115,75493,15100,14801,1069,15870,105
2022-02-02,Alameda,001,1643700,241943,234300,12876,247176,1632
2022-02-02,Alpine,003,1148,120,123,1,124,0
2022-02-02,Amador,005,37829,8051,7781,566,8347,71
2022-02-02,Butte,007,227075,31312,30550,6198,36748,355
2022-02-02,Calaveras,009,45235,6915,6753,307,7060,99
2022-02-02,Colusa,011,21464,3300,3211,1032,4243,21
2022-02-02,Contra Costa,013,1133247,179199,174876,12000,186876,1113
2022-02-02,Del Norte,015,27424,5059,4924,143,5067,44
2022-02-02,El Dorado,017,186661,25681,24690,3037,27727,185
2022-02-02,Fresno,019,978130,218576,211976,22206,234182,2463
2022-02-02,Glenn,021,27897,4771,4667,1518,6185,39
2022-02-02,Humboldt,023,135768,15692,15392,2556,17948,127
2022-02-02,Imperial,025,180216,53166,51875,10032,61907,853
2022-02-02,Inyo,027,18085,3978,3944,430,4374,51
2022-02-02,Kern,029,883053,184523,179386,43630,223016,1974
2022-02-02,Kings,031,150075,48788,47061,3383,50444,401
2022-02-02,Lake,033,64148,9763,9235,780,10015,120
2022-02-02,Lassen,035,31185,8431,8258,835,9093,55
2022-02-02,Los Angeles,037,10098052,2625769,2561902,120354,2682256,28850
2022-02-02,Madera,039,155013,35243,34265,5466,39731,329
2022-02-02,Marin,041,260295,31711,31149,2066,33215,255
2022-02-02,Mariposa,043,17540,2252,2215,156,2371,6
2022-02-02,Mendocino,045,87422,12296,11996,2566,14562,105
2022-02-02,Merced,047,269075,59475,58532,7626,66158,744
2022-02-02,Modoc,049,8938,684,662,231,893,6
2022-02-02,Mono,051,14174,2913,2887,115,3002,5
2022-02-02,Monterey,053,433212,74945,66852,11857,78709,666
2022-02-02,Napa,055,140530,24042,22859,868,23727,117
2022-02-02,Nevada,057,99092,15241,14895,1074,15969,112
2022-02-02,Orange,059,3164182,530542,524418,39620,564038,6127
2022-02-02,Placer,061,380077,60203,58654,7053,65707,533
2022-02-02,Plumas,063,18699,2810,2540,297,2837,12
2022-02-02,Riverside,065,2383286,574370,561220,26823,588043,5827
2022-02-02,Sacramento,067,1510023,268171,258078,24970,283048,2602
2022-02-02,San Benito,069,59416,12306,12058,481,12539,90
2022-02-02,San Bernardino,071,2135413,552572,537485,24131,561616,6317
2022-02-02,San Diego,073,3302833,721097,703957,49413,753370,4735
2022-02-02,San Francisco,075,870044,116732,112008,7826,119834,714
2022-02-02,San Joaquin,077,732212,159373,156537,9419,165956,1986
2022-02-02,San Luis Obispo,079,281455,49467,48119,3441,51560,403
2022-02-02,San Mateo,081,765935,115633,104201,6437,110638,587
2022-02-02,Santa Barbara,083,443738,81627,79979,4466,84445,612
2022-02-02,Santa Clara,085,1922200,292486,287443,11363,298806,2051
2022-02-02,Santa Cruz,087,273765,43602,42127,2014,44141,239
2022-02-02,Shasta,089,179085,28939,28429,5701,34130,465
2022-02-02,Sierra,091,2930,268,262,44,306,0
2022-02-02,Siskiyou,093,43540,4195,4078,2494,6572,67
2022-02-02,Solano,095,438530,76838,72711,5193,77904,414
2022-02-02,Sonoma,097,501317,78919,76681,2290,78971,431
2022-02-02,Stanislaus,099,539301,112440,111167,15996,127163,1403
2022-02-02,Sutter,101,95872,19622,19290,1814,21104,203
2022-02-02,Tehama,103,63373,11464,11193,2508,13701,146
2022-02-02,Trinity,105,12862,1123,1074,270,1344,20
2022-02-02,Tulare,107,460477,101528,96820,26490,123310,1249
2022-02-02,Tuolumne,109,53932,11940,11342,483,11825,91
2022-02-02,Ventura,111,848112,167186,164905,9026,173931,1292
2022-02-02,Yolo,113,214977,34832,33332,2925,36257,281
2022-02-02,Yuba,115,75493,15035,14720,1061,15781,104
2022-02-01,Alameda,001,1643700,240866,233782,12770,246552,1620
2022-02-01,Alpine,003,1148,120,123,1,124,0
2022-02-01,Amador,005,37829,8005,7783,560,8343,73
2022-02-01,Butte,007,227075,31174,30496,6159,36655,355
2022-02-01,Calaveras,009,45235,6878,6749,303,7052,98
2022-02-01,Colusa,011,21464,3282,3202,1010,4212,21
2022-02-01,Contra Costa,013,1133247,178469,174379,11857,186236,1115
2022-02-01,Del Norte,015,27424,5012,4907,140,5047,44
2022-02-01,El Dorado,017,186661,25622,24664,3020,27684,184
2022-02-01,Fresno,019,978130,217408,211352,22039,233391,2464
2022-02-01,Glenn,021,27897,4757,4649,1508,6157,39
2022-02-01,Humboldt,023,135768,15611,15354,2526,17880,127
2022-02-01,Imperial,025,180216,52950,51675,9965,61640,846
2022-02-01,Inyo,027,18085,3968,3928,427,4355,51
2022-02-01,Kern,029,883053,183879,178987,43383,222370,1967
2022-02-01,Kings,031,150075,48530,46959,3359,50318,400
2022-02-01,Lake,033,64148,9706,9211,773,9984,119
2022-02-01,Lassen,035,31185,8412,8231,830,9061,55
2022-02-01,Los Angeles,037,10098052,2618591,2548794,119973,2668767,28752
2022-02-01,Madera,039,155013,35020,34124,5386,39510,329
2022-02-01,Marin,041,260295,31589,31099,2050,33149,255
2022-02-01,Mariposa,043,17540,2245,2210,155,2365,6
2022-02-01,Mendocino,045,87422,12234,11978,2529,14507,105
2022-02-01,Merced,047,269075,59290,58362,7501,65863,743
2022-02-01,Modoc,049,8938,677,664,231,895,6
2022-02-01,Mono,051,14174,2907,2888,115,3003,5
2022-02-01,Monterey,053,433212,74524,66553,11655,78208,665
2022-02-01,Napa,055,140530,23944,22795,851,23646,116
2022-02-01,Nevada,057,99092,15178,14863,1061,15924,112
2022-02-01,Orange,059,3164182,529391,523741,39477,563218,6108
2022-02-01,Placer,061,380077,59959,58486,7013,65499,532
2022-02-01,Plumas,063,18699,2795,2526,294,2820,12
2022-02-01,Riverside,065,2383286,572985,560010,26774,586784,5825
2022-02-01,Sacramento,067,1510023,267125,257504,24692,282196,2593
2022-02-01,San Benito,069,59416,12240,12053,478,12531,90
2022-02-01,San Bernardino,071,2135413,551322,536591,24065,560656,6311
2022-02-01,San Diego,073,3302833,718575,701009,49196,750205,4710
2022-02-01,San Francisco,075,870044,116265,111606,7807,119413,713
2022-02-01,San Joaquin,077,732212,158845,156300,9396,165696,1987
2022-02-01,San Luis Obispo,079,281455,49237,47842,3379,51221,403
2022-02-01,San Mateo,081,765935,115164,103868,6395,110263,589
2022-02-01,Santa Barbara,083,443738,81184,79659,4430,84089,608
2022-02-01,Santa Clara,085,1922200,290964,286109,11257,297366,2070
2022-02-01,Santa Cruz,087,273765,43304,41782,1998,43780,239
2022-02-01,Shasta,089,179085,28814,28382,5648,34030,465
2022-02-01,Sierra,091,2930,266,262,44,306,0
2022-02-01,Siskiyou,093,43540,4181,4072,2467,6539,66
2022-02-01,Solano,095,438530,76565,72494,5177,77671,415
2022-02-01,Sonoma,097,501317,78560,76379,2266,78645,431
2022-02-01,Stanislaus,099,539301,112026,110925,15894,126819,1403
2022-02-01,Sutter,101,95872,19554,19256,1781,21037,202
2022-02-01,Tehama,103,63373,11407,11165,2494,13659,146
2022-02-01,Trinity,105,12862,1119,1073,270,1343,19
2022-02-01,Tulare,107,460477,101033,96467,26269,122736,1247
2022-02-01,Tuolumne,109,53932,11891,11318,474,11792,91
2022-02-01,Ventura,111,848112,166683,164721,9003,173724,1293
2022-02-01,Yolo,113,214977,34696,33257,2896,36153,275
2022-02-01,Yuba,115,75493,14974,14693,1054,15747,103
2022-01-31,Alameda,001,1643700,239521,232743,12652,245395,1607
2022-01-31,Alpine,003,1148,119,123,1,124,0
2022-01-31,Amador,005,37829,7951,7682,543,8225,73
2022-01-31,Butte,007,227075,31011,30371,6120,36491,354
2022-01-31,Calaveras,009,45235,6846,6700,292,6992,96
2022-01-31,Colusa,011,21464,3271,3187,1001,4188,21
2022-01-31,Contra Costa,013,1133247,177670,173466,11729,185195,1115
2022-01-31,Del Norte,015,27424,4979,4879,136,5015,43
2022-01-31,El Dorado,017,186661,25519,24545,2990,27535,184
2022-01-31,Fresno,019,978130,215922,210589,21832,232421,2464
2022-01-31,Glenn,021,27897,4721,4641,1496,6137,39
2022-01-31,Humboldt,023,135768,15523,15308,2493,17801,126
2022-01-31,Imperial,025,180216,52737,51472,9849,61321,846
2022-01-31,Inyo,027,18085,3957,3922,421,4343,50
2022-01-31,Kern,029,883053,183099,178375,43056,221431,1967
2022-01-31,Kings,031,150075,48172,46845,3325,50170,398
2022-01-31,Lake,033,64148,9634,9141,761,9902,119
2022-01-31,Lassen,035,31185,8383,8162,824,8986,55
2022-01-31,Los Angeles,037,10098052,2610339,2541189,119563,2660752,28718
2022-01-31,Madera,039,155013,34809,33886,5290,39176,329
2022-01-31,Marin,041,260295,31466,31023,2033,33056,253
2022-01-31,Mariposa,043,17540,2235,2203,146,2349,6
2022-01-31,Mendocino,045,87422,12168,11896,2486,14382,104
2022-01-31,Merced,047,269075,59012,58198,7308,65506,740
2022-01-31,Modoc,049,8938,674,661,231,892,6
2022-01-31,Mono,051,14174,2893,2889,115,3004,5
2022-01-31,Monterey,053,433212,74074,66117,11433,77550,661
2022-01-31,Napa,055,140530,23777,22707,834,23541,113
2022-01-31,Nevada,057,99092,15101,14813,1048,15861,112
2022-01-31,Orange,059,3164182,528065,522358,39341,561699,6098
2022-01-31,Placer,061,380077,59712,58252,6980,65232,523
2022-01-31,Plumas,063,18699,2782,2513,292,2805,12
2022-01-31,Riverside,065,2383286,571171,558166,26707,584873,5785
2022-01-31,Sacramento,067,1510023,265831,256594,24431,281025,2571
2022-01-31,San Benito,069,59416,12181,11976,477,12453,90
2022-01-31,San Bernardino,071,2135413,549692,535276,23977,559253,6302
2022-01-31,San Diego,073,3302833,715648,698571,48937,747508,4686
2022-01-31,San Francisco,075,870044,115855,111119,7773,118892,712
2022-01-31,San Joaquin,077,732212,158086,155736,9363,165099,1985
2022-01-31,San Luis Obispo,079,281455,48983,47656,3320,50976,395
2022-01-31,San Mateo,081,765935,114651,103313,6335,109648,589
2022-01-31,Santa Barbara,083,443738,80677,79267,4388,83655,606
2022-01-31,Santa Clara,085,1922200,289293,284562,11149,295711,2041
2022-01-31,Santa Cruz,087,273765,42925,41630,1991,43621,239
2022-01-31,Shasta,089,179085,28685,28190,5607,33797,462
2022-01-31,Sierra,091,2930,266,261,44,305,0
2022-01-31,Siskiyou,093,43540,4165,4054,2451,6505,66
2022-01-31,Solano,095,438530,75859,72258,5131,77389,414
2022-01-31,Sonoma,097,501317,78103,76199,2236,78435,431
2022-01-31,Stanislaus,099,539301,111497,110493,15724,126217,1403
2022-01-31,Sutter,101,95872,19474,19189,1728,20917,202
2022-01-31,Tehama,103,63373,11345,11112,2464,13576,145
2022-01-31,Trinity,105,12862,1114,1071,267,1338,19
2022-01-31,Tulare,107,460477,100388,96053,26009,122062,1245
2022-01-31,Tuolumne,109,53932,11799,11278,467,11745,91
2022-01-31,Ventura,111,848112,166147,164060,8979,173039,1286
2022-01-31,Yolo,113,214977,34543,33175,2871,36046,274
2022-01-31,Yuba,115,75493,14912,14652,1034,15686,103
2022-01-30,Alameda,001,1643700,237987,231838,12500,244338,1607
2022-01-30,Alpine,003,1148,119,123,1,124,0
2022-01-30,Amador,005,37829,7900,7644,519,8163,73
2022-01-30,Butte,007,227075,30810,30255,6055,36310,354
2022-01-30,Calaveras,009,45235,6792,6676,278,6954,96
2022-01-30,Colusa,011,21464,3250,3168,989,4157,21
2022-01-30,Contra Costa,013,1133247,176718,172902,11523,184425,1102
2022-01-30,Del Norte,015,27424,4938,4833,133,4966,43
2022-01-30,El Dorado,017,186661,25399,24491,2963,27454,184
2022-01-30,Fresno,019,978130,214356,209645,21570,231215,2463
2022-01-30,Glenn,021,27897,4690,4619,1486,6105,39
2022-01-30,Humboldt,023,135768,15410,15247,2436,17683,126
2022-01-30,Imperial,025,180216,52413,51415,9674,61089,846
2022-01-30,Inyo,027,18085,3940,3921,418,4339,50
2022-01-30,Kern,029,883053,182233,177924,42731,220655,1967
2022-01-30,Kings,031,150075,47820,46654,3266,49920,398
2022-01-30,Lake,033,64148,9545,9080,740,9820,119
2022-01-30,Lassen,035,31185,8361,8158,816,8974,55
2022-01-30,Los Angeles,037,10098052,2600200,2530739,119082,2649821,28678
2022-01-30,Madera,039,155013,34511,33752,5101,38853,329
2022-01-30,Marin,041,260295,31319,30875,2019,32894,253
2022-01-30,Mariposa,043,17540,2223,2177,140,2317,6
2022-01-30,Mendocino,045,87422,12095,11860,2380,14240,104
2022-01-30,Merced,047,269075,58646,58006,7013,65019,740
2022-01-30,Modoc,049,8938,671,661,231,892,6
2022-01-30,Mono,051,14174,2887,2888,115,3003,5
2022-01-30,Monterey,053,433212,73488,65996,11148,77144,661
2022-01-30,Napa,055,140530,23609,22588,817,23405,114
2022-01-30,Nevada,057,99092,15012,14741,1032,15773,112
2022-01-30,Orange,059,3164182,526431,521334,39193,560527,6098
2022-01-30,Placer,061,380077,59376,58030,6939,64969,523
2022-01-30,Plumas,063,18699,2757,2510,278,2788,12
2022-01-30,Riverside,065,2383286,569115,557088,26605,583693,5767
2022-01-30,Sacramento,067,1510023,264373,255715,23924,279639,2572
2022-01-30,San Benito,069,59416,12116,11945,472,12417,90
2022-01-30,San Bernardino,071,2135413,547967,534050,23867,557917,6302
2022-01-30,San Diego,073,3302833,712061,687145,48515,735660,4665
2022-01-30,San Francisco,075,870044,115308,110772,7738,118510,712
2022-01-30,San Joaquin,077,732212,157098,155165,9328,164493,1985
2022-01-30,San Luis Obispo,079,281455,48585,47599,3282,50881,394
2022-01-30,San Mateo,081,765935,114078,102979,6288,109267,589
2022-01-30,Santa Barbara,083,443738,79998,79072,4327,83399,606
2022-01-30,Santa Clara,085,1922200,287329,282846,11018,293864,2035
2022-01-30,Santa Cruz,087,273765,42465,41330,1981,43311,239
2022-01-30,Shasta,089,179085,28521,28105,5521,33626,462
2022-01-30,Sierra,091,2930,266,261,44,305,0
2022-01-30,Siskiyou,093,43540,4135,4039,2404,6443,66
2022-01-30,Solano,095,438530,75335,71857,5084,76941,414
2022-01-30,Sonoma,097,501317,77587,75890,2208,78098,431
2022-01-30,Stanislaus,099,539301,110839,110111,15523,125634,1403
2022-01-30,Sutter,101,95872,19381,19108,1631,20739,202
2022-01-30,Tehama,103,63373,11272,11071,2434,13505,145
2022-01-30,Trinity,105,12862,1108,1068,267,1335,19
2022-01-30,Tulare,107,460477,99635,95676,25713,121389,1245
2022-01-30,Tuolumne,109,53932,11691,11242,430,11672,91
2022-01-30,Ventura,111,848112,165565,163521,8948,172469,1286
2022-01-30,Yolo,113,214977,34340,33043,2837,35880,274
2022-01-30,Yuba,115,75493,14822,14584,1014,15598,103
2022-01-29,Alameda,001,1643700,237313,225602,12483,238085,1605
2022-01-29,Alpine,003,1148,119,123,1,124,0
2022-01-29,Amador,005,37829,7878,7505,516,8021,73
2022-01-29,Butte,007,227075,30725,29557,6031,35588,353
2022-01-29,Calaveras,009,45235,6773,6484,278,6762,96
2022-01-29,Colusa,011,21464,3244,3107,985,4092,21
2022-01-29,Contra Costa,013,1133247,176196,168003,11493,179496,1101
2022-01-29,Del Norte,015,27424,4920,4589,130,4719,43
2022-01-29,El Dorado,017,186661,25357,24008,2956,26964,184
2022-01-29,Fresno,019,978130,213898,202691,21528,224219,2457
2022-01-29,Glenn,021,27897,4683,4516,1479,5995,39
2022-01-29,Humboldt,023,135768,15363,14812,2429,17241,126
2022-01-29,Imperial,025,180216,52298,50153,9618,59771,845
2022-01-29,Inyo,027,18085,3938,3895,410,4305,50
2022-01-29,Kern,029,883053,181892,174456,42564,217020,1962
2022-01-29,Kings,031,150075,47702,45047,3259,48306,397
2022-01-29,Lake,033,64148,9512,8747,736,9483,119
2022-01-29,Lassen,035,31185,8343,7961,813,8774,55
2022-01-29,Los Angeles,037,10098052,2596283,2473332,118813,2592145,28467
2022-01-29,Madera,039,155013,34402,32753,5071,37824,329
2022-01-29,Marin,041,260295,31253,30137,2017,32154,253
2022-01-29,Mariposa,043,17540,2221,2117,138,2255,6
2022-01-29,Mendocino,045,87422,12071,11591,2364,13955,104
2022-01-29,Merced,047,269075,58540,56472,7008,63480,735
2022-01-29,Modoc,049,8938,671,654,231,885,6
2022-01-29,Mono,051,14174,2885,2860,115,2975,5
2022-01-29,Monterey,053,433212,73333,64090,11083,75173,658
2022-01-29,Napa,055,140530,23552,22121,815,22936,113
2022-01-29,Nevada,057,99092,14978,14337,1029,15366,112
2022-01-29,Orange,059,3164182,525724,511255,39086,550341,6038
2022-01-29,Placer,061,380077,59182,56562,6923,63485,523
2022-01-29,Plumas,063,18699,2747,2463,274,2737,12
2022-01-29,Riverside,065,2383286,568092,548121,26563,574684,5726
2022-01-29,Sacramento,067,1510023,263731,249130,23877,273007,2558
2022-01-29,San Benito,069,59416,12059,11670,471,12141,90
2022-01-29,San Bernardino,071,2135413,547221,525249,23822,549071,6297
2022-01-29,San Diego,073,3302833,710729,683027,48417,731444,4643
2022-01-29,San Francisco,075,870044,115033,108265,7690,115955,712
2022-01-29,San Joaquin,077,732212,156853,150849,9306,160155,1971
2022-01-29,San Luis Obispo,079,281455,48496,46374,3278,49652,391
2022-01-29,San Mateo,081,765935,113741,100306,6265,106571,586
2022-01-29,Santa Barbara,083,443738,79776,76546,4320,80866,604
2022-01-29,Santa Clara,085,1922200,286394,273879,10990,284869,2019
2022-01-29,Santa Cruz,087,273765,42333,39228,1979,41207,240
2022-01-29,Shasta,089,179085,28464,27504,5507,33011,452
2022-01-29,Sierra,091,2930,266,260,43,303,0
2022-01-29,Siskiyou,093,43540,4125,3987,2397,6384,66
2022-01-29,Solano,095,438530,75192,69862,5072,74934,407
2022-01-29,Sonoma,097,501317,77373,73439,2203,75642,427
2022-01-29,Stanislaus,099,539301,110590,107668,15476,123144,1403
2022-01-29,Sutter,101,95872,19332,18797,1614,20411,202
2022-01-29,Tehama,103,63373,11238,10880,2425,13305,145
2022-01-29,Trinity,105,12862,1105,1033,266,1299,19
2022-01-29,Tulare,107,460477,99380,93154,25635,118789,1237
2022-01-29,Tuolumne,109,53932,11666,10806,422,11228,91
2022-01-29,Ventura,111,848112,165234,160466,8930,169396,1271
2022-01-29,Yolo,113,214977,34230,32123,2821,34944,275
2022-01-29,Yuba,115,75493,14781,14295,1012,15307,103
2022-01-28,Alameda,001,1643700,236368,225602,12465,238067,1605
2022-01-28,Alpine,003,1148,119,123,1,124,0
2022-01-28,Amador,005,37829,7852,7505,515,8020,73
2022-01-28,Butte,007,227075,30649,29557,6012,35569,353
2022-01-28,Calaveras,009,45235,6755,6484,277,6761,96
2022-01-28,Colusa,011,21464,3239,3107,983,4090,21
2022-01-28,Contra Costa,013,1133247,175672,168003,11456,179459,1101
2022-01-28,Del Norte,015,27424,4896,4589,129,4718,43
2022-01-28,El Dorado,017,186661,25311,24008,2950,26958,184
2022-01-28,Fresno,019,978130,213029,202691,21470,224161,2457
2022-01-28,Glenn,021,27897,4670,4516,1477,5993,39
2022-01-28,Humboldt,023,135768,15327,14812,2419,17231,126
2022-01-28,Imperial,025,180216,52169,50153,9586,59739,845
2022-01-28,Inyo,027,18085,3934,3895,407,4302,50
2022-01-28,Kern,029,883053,181482,174456,42405,216861,1962
2022-01-28,Kings,031,150075,47571,45047,3249,48296,397
2022-01-28,Lake,033,64148,9480,8747,734,9481,119
2022-01-28,Lassen,035,31185,8274,7961,811,8772,55
2022-01-28,Los Angeles,037,10098052,2590539,2473332,118599,2591931,28467
2022-01-28,Madera,039,155013,34274,32753,5054,37807,329
2022-01-28,Marin,041,260295,31161,30137,1995,32132,253
2022-01-28,Mariposa,043,17540,2211,2117,136,2253,6
2022-01-28,Mendocino,045,87422,12027,11591,2362,13953,104
2022-01-28,Merced,047,269075,58442,56472,6993,63465,735
2022-01-28,Modoc,049,8938,670,654,231,885,6
2022-01-28,Mono,051,14174,2880,2860,114,2974,5
2022-01-28,Monterey,053,433212,73131,64090,11034,75124,658
2022-01-28,Napa,055,140530,23474,22121,813,22934,113
2022-01-28,Nevada,057,99092,14941,14337,1027,15364,112
2022-01-28,Orange,059,3164182,524653,511255,38996,550251,6038
2022-01-28,Placer,061,380077,58977,56562,6900,63462,523
2022-01-28,Plumas,063,18699,2739,2463,272,2735,12
2022-01-28,Riverside,065,2383286,566763,548121,26522,574643,5726
2022-01-28,Sacramento,067,1510023,262949,249130,23823,272953,2558
2022-01-28,San Benito,069,59416,12037,11670,466,12136,90
2022-01-28,San Bernardino,071,2135413,546181,525249,23784,549033,6297
2022-01-28,San Diego,073,3302833,708895,683027,48341,731368,4643
2022-01-28,San Francisco,075,870044,114678,108265,7641,115906,712
2022-01-28,San Joaquin,077,732212,156565,150849,9292,160141,1971
2022-01-28,San Luis Obispo,079,281455,48412,46374,3270,49644,391
2022-01-28,San Mateo,081,765935,113389,100306,6243,106549,586
2022-01-28,Santa Barbara,083,443738,79528,76546,4318,80864,604
2022-01-28,Santa Clara,085,1922200,285208,273879,10941,284820,2019
2022-01-28,Santa Cruz,087,273765,42140,39228,1966,41194,240
2022-01-28,Shasta,089,179085,28407,27504,5493,32997,452
2022-01-28,Sierra,091,2930,266,260,43,303,0
2022-01-28,Siskiyou,093,43540,4115,3987,2393,6380,66
2022-01-28,Solano,095,438530,74640,69862,5005,74867,407
2022-01-28,Sonoma,097,501317,77170,73439,2194,75633,427
2022-01-28,Stanislaus,099,539301,110317,107668,15434,123102,1403
2022-01-28,Sutter,101,95872,19288,18797,1612,20409,202
2022-01-28,Tehama,103,63373,11206,10880,2418,13298,145
2022-01-28,Trinity,105,12862,1096,1033,266,1299,19
2022-01-28,Tulare,107,460477,99101,93154,25525,118679,1237
2022-01-28,Tuolumne,109,53932,11633,10806,418,11224,91
2022-01-28,Ventura,111,848112,164780,160466,8909,169375,1271
2022-01-28,Yolo,113,214977,34126,32123,2814,34937,275
2022-01-28,Yuba,115,75493,14741,14295,1007,15302,103
2022-01-27,Alameda,001,1643700,234791,225602,12329,237931,1605
2022-01-27,Alpine,003,1148,119,123,1,124,0
2022-01-27,Amador,005,37829,7805,7505,503,8008,73
2022-01-27,Butte,007,227075,30497,29557,5960,35517,353
2022-01-27,Calaveras,009,45235,6730,6484,261,6745,96
2022-01-27,Colusa,011,21464,3224,3107,979,4086,21
2022-01-27,Contra Costa,013,1133247,174666,168003,11280,179283,1101
2022-01-27,Del Norte,015,27424,4852,4589,125,4714,43
2022-01-27,El Dorado,017,186661,25200,24008,2930,26938,184
2022-01-27,Fresno,019,978130,211401,202691,21251,223942,2457
2022-01-27,Glenn,021,27897,4639,4516,1469,5985,39
2022-01-27,Humboldt,023,135768,15238,14812,2382,17194,126
2022-01-27,Imperial,025,180216,51898,50153,9472,59625,845
2022-01-27,Inyo,027,18085,3927,3895,397,4292,50
2022-01-27,Kern,029,883053,180703,174456,42040,216496,1962
2022-01-27,Kings,031,150075,47226,45047,3210,48257,397
2022-01-27,Lake,033,64148,9427,8747,717,9464,119
2022-01-27,Lassen,035,31185,8231,7961,805,8766,55
2022-01-27,Los Angeles,037,10098052,2579386,2473332,118083,2591415,28467
2022-01-27,Madera,039,155013,34065,32753,4947,37700,329
2022-01-27,Marin,041,260295,30999,30137,1980,32117,253
2022-01-27,Mariposa,043,17540,2188,2117,133,2250,6
2022-01-27,Mendocino,045,87422,11976,11591,2313,13904,104
2022-01-27,Merced,047,269075,58182,56472,6827,63299,735
2022-01-27,Modoc,049,8938,668,654,230,884,6
2022-01-27,Mono,051,14174,2875,2860,114,2974,5
2022-01-27,Monterey,053,433212,72509,64090,10779,74869,658
2022-01-27,Napa,055,140530,23315,22121,785,22906,113
2022-01-27,Nevada,057,99092,14868,14337,999,15336,112
2022-01-27,Orange,059,3164182,522926,511255,38860,550115,6038
2022-01-27,Placer,061,380077,58659,56562,6846,63408,523
2022-01-27,Plumas,063,18699,2728,2463,260,2723,12
2022-01-27,Riverside,065,2383286,564586,548121,26452,574573,5726
2022-01-27,Sacramento,067,1510023,261672,249130,23491,272621,2558
2022-01-27,San Benito,069,59416,11981,11670,461,12131,90
2022-01-27,San Bernardino,071,2135413,544295,525249,23683,548932,6297
2022-01-27,San Diego,073,3302833,705521,683027,47989,731016,4643
2022-01-27,San Francisco,075,870044,114174,108265,7580,115845,712
2022-01-27,San Joaquin,077,732212,155708,150849,9223,160072,1971
2022-01-27,San Luis Obispo,079,281455,48140,46374,3232,49606,391
2022-01-27,San Mateo,081,765935,112805,100306,6174,106480,586
2022-01-27,Santa Barbara,083,443738,79048,76546,4262,80808,604
2022-01-27,Santa Clara,085,1922200,283142,273879,10793,284672,2019
2022-01-27,Santa Cruz,087,273765,41471,39228,1947,41175,240
2022-01-27,Shasta,089,179085,28274,27504,5444,32948,452
2022-01-27,Sierra,091,2930,265,260,42,302,0
2022-01-27,Siskiyou,093,43540,4094,3987,2356,6343,66
2022-01-27,Solano,095,438530,74002,69862,4956,74818,407
2022-01-27,Sonoma,097,501317,76704,73439,2180,75619,427
2022-01-27,Stanislaus,099,539301,109789,107668,15290,122958,1403
2022-01-27,Sutter,101,95872,19183,18797,1586,20383,202
2022-01-27,Tehama,103,63373,11154,10880,2402,13282,145
2022-01-27,Trinity,105,12862,1092,1033,265,1298,19
2022-01-27,Tulare,107,460477,98431,93154,25239,118393,1237
2022-01-27,Tuolumne,109,53932,11581,10806,409,11215,91
2022-01-27,Ventura,111,848112,164129,160466,8877,169343,1271
2022-01-27,Yolo,113,214977,33984,32123,2797,34920,275
2022-01-27,Yuba,115,75493,14662,14295,991,15286,103
2022-01-26,Alameda,001,1643700,232908,222680,12156,234836,1596
2022-01-26,Alpine,003,1148,119,123,1,124,0
2022-01-26,Amador,005,37829,7729,7427,488,7915,73
2022-01-26,Butte,007,227075,30297,29229,5905,35134,353
2022-01-26,Calaveras,009,45235,6692,6387,254,6641,96
2022-01-26,Colusa,011,21464,3208,3094,972,4066,21
2022-01-26,Contra Costa,013,1133247,173540,165972,11115,177087,1095
2022-01-26,Del Norte,015,27424,4795,4542,124,4666,43
2022-01-26,El Dorado,017,186661,25079,23819,2907,26726,181
2022-01-26,Fresno,019,978130,209550,199689,21031,220720,2452
2022-01-26,Glenn,021,27897,4606,4472,1464,5936,39
2022-01-26,Humboldt,023,135768,15139,14715,2337,17052,126
2022-01-26,Imperial,025,180216,51541,49477,9324,58801,839
2022-01-26,Inyo,027,18085,3924,3889,366,4255,50
2022-01-26,Kern,029,883053,179779,173052,41695,214747,1953
2022-01-26,Kings,031,150075,46822,44367,3180,47547,396
2022-01-26,Lake,033,64148,9346,8645,707,9352,119
2022-01-26,Lassen,035,31185,8195,7888,805,8693,55
2022-01-26,Los Angeles,037,10098052,2567153,2450620,117633,2568253,28382
2022-01-26,Madera,039,155013,33825,32323,4810,37133,329
2022-01-26,Marin,041,260295,30817,29813,1963,31776,253
2022-01-26,Mariposa,043,17540,2171,2108,126,2234,6
2022-01-26,Mendocino,045,87422,11929,11453,2262,13715,103
2022-01-26,Merced,047,269075,57816,56060,6650,62710,733
2022-01-26,Modoc,049,8938,667,652,229,881,6
2022-01-26,Mono,051,14174,2872,2852,114,2966,4
2022-01-26,Monterey,053,433212,71952,63264,10483,73747,659
2022-01-26,Napa,055,140530,23159,21864,774,22638,112
2022-01-26,Nevada,057,99092,14775,14128,988,15116,112
2022-01-26,Orange,059,3164182,520937,506419,38696,545115,6007
2022-01-26,Placer,061,380077,58324,55892,6782,62674,524
2022-01-26,Plumas,063,18699,2701,2425,258,2683,12
2022-01-26,Riverside,065,2383286,562061,543788,26333,570121,5701
2022-01-26,Sacramento,067,1510023,259974,246416,23149,269565,2559
2022-01-26,San Benito,069,59416,11910,11563,449,12012,90
2022-01-26,San Bernardino,071,2135413,542073,521699,23573,545272,6291
2022-01-26,San Diego,073,3302833,701304,676392,47630,724022,4622
2022-01-26,San Francisco,075,870044,113538,107174,7546,114720,704
2022-01-26,San Joaquin,077,732212,154719,148770,9170,157940,1971
2022-01-26,San Luis Obispo,079,281455,47837,45716,3205,48921,391
2022-01-26,San Mateo,081,765935,112138,99016,6045,105061,586
2022-01-26,Santa Barbara,083,443738,78519,75548,4201,79749,600
2022-01-26,Santa Clara,085,1922200,281046,270470,10617,281087,2015
2022-01-26,Santa Cruz,087,273765,40953,38298,1932,40230,239
2022-01-26,Shasta,089,179085,28126,27255,5397,32652,452
2022-01-26,Sierra,091,2930,264,260,41,301,0
2022-01-26,Siskiyou,093,43540,4078,3971,2331,6302,66
2022-01-26,Solano,095,438530,73307,69150,4888,74038,401
2022-01-26,Sonoma,097,501317,76145,72509,2145,74654,423
2022-01-26,Stanislaus,099,539301,109232,106582,15073,121655,1396
2022-01-26,Sutter,101,95872,19072,18670,1540,20210,202
2022-01-26,Tehama,103,63373,11100,10749,2385,13134,145
2022-01-26,Trinity,105,12862,1087,1008,265,1273,19
2022-01-26,Tulare,107,460477,97617,91904,24989,116893,1234
2022-01-26,Tuolumne,109,53932,11398,10699,398,11097,91
2022-01-26,Ventura,111,848112,163416,159077,8837,167914,1263
2022-01-26,Yolo,113,214977,33768,31913,2758,34671,275
2022-01-26,Yuba,115,75493,14577,14171,969,15140,103
2022-01-25,Alameda,001,1643700,231019,219753,11974,231727,1589
2022-01-25,Alpine,003,1148,119,122,1,123,0
2022-01-25,Amador,005,37829,7652,7352,477,7829,73
2022-01-25,Butte,007,227075,30088,28887,5832,34719,351
2022-01-25,Calaveras,009,45235,6634,6266,240,6506,95
2022-01-25,Colusa,011,21464,3188,3074,970,4044,21
2022-01-25,Contra Costa,013,1133247,172223,163792,10895,174687,1092
2022-01-25,Del Norte,015,27424,4725,4514,118,4632,43
2022-01-25,El Dorado,017,186661,24943,23339,2881,26220,179
2022-01-25,Fresno,019,978130,207409,198262,20744,219006,2434
2022-01-25,Glenn,021,27897,4574,4418,1448,5866,39
2022-01-25,Humboldt,023,135768,15047,14574,2311,16885,126
2022-01-25,Imperial,025,180216,51084,48913,9097,58010,832
2022-01-25,Inyo,027,18085,3909,3857,321,4178,50
2022-01-25,Kern,029,883053,178769,171695,41235,212930,1947
2022-01-25,Kings,031,150075,46348,43853,3134,46987,396
2022-01-25,Lake,033,64148,9267,8543,695,9238,118
2022-01-25,Lassen,035,31185,8164,7834,794,8628,55
2022-01-25,Los Angeles,037,10098052,2552215,2433516,116992,2550508,28293
2022-01-25,Madera,039,155013,33502,31794,4674,36468,329
2022-01-25,Marin,041,260295,30638,29589,1950,31539,253
2022-01-25,Mariposa,043,17540,2159,2069,120,2189,6
2022-01-25,Mendocino,045,87422,11809,11280,2159,13439,103
2022-01-25,Merced,047,269075,57440,55555,6506,62061,733
2022-01-25,Modoc,049,8938,665,652,229,881,6
2022-01-25,Mono,051,14174,2862,2826,113,2939,4
2022-01-25,Monterey,053,433212,71379,62498,10075,72573,654
2022-01-25,Napa,055,140530,22964,21668,738,22406,111
2022-01-25,Nevada,057,99092,14660,13944,964,14908,112
2022-01-25,Orange,059,3164182,518657,504274,38503,542777,5980
2022-01-25,Placer,061,380077,57923,55465,6709,62174,518
2022-01-25,Plumas,063,18699,2674,2397,254,2651,12
2022-01-25,Riverside,065,2383286,558970,540723,26165,566888,5686
2022-01-25,Sacramento,067,1510023,258025,244468,22604,267072,2545
2022-01-25,San Benito,069,59416,11810,11446,445,11891,88
2022-01-25,San Bernardino,071,2135413,539521,519150,23457,542607,6288
2022-01-25,San Diego,073,3302833,696293,670110,47178,717288,4604
2022-01-25,San Francisco,075,870044,112776,106254,7502,113756,703
2022-01-25,San Joaquin,077,732212,153731,147271,9105,156376,1972
2022-01-25,San Luis Obispo,079,281455,47475,45130,3157,48287,391
2022-01-25,San Mateo,081,765935,111306,98010,5934,103944,586
2022-01-25,Santa Barbara,083,443738,77850,74686,4119,78805,594
2022-01-25,Santa Clara,085,1922200,278435,268031,10412,278443,2006
2022-01-25,Santa Cruz,087,273765,40280,37850,1916,39766,237
2022-01-25,Shasta,089,179085,27963,27090,5330,32420,452
2022-01-25,Sierra,091,2930,264,260,37,297,0
2022-01-25,Siskiyou,093,43540,4054,3958,2296,6254,65
2022-01-25,Solano,095,438530,72740,68657,4831,73488,399
2022-01-25,Sonoma,097,501317,75452,71633,2105,73738,423
2022-01-25,Stanislaus,099,539301,108566,105965,14847,120812,1396
2022-01-25,Sutter,101,95872,18970,18508,1498,20006,200
2022-01-25,Tehama,103,63373,11037,10669,2359,13028,145
2022-01-25,Trinity,105,12862,1080,999,263,1262,19
2022-01-25,Tulare,107,460477,96743,91237,24638,115875,1229
2022-01-25,Tuolumne,109,53932,11218,10516,374,10890,91
2022-01-25,Ventura,111,848112,162562,157971,8791,166762,1263
2022-01-25,Yolo,113,214977,33508,31677,2711,34388,274
2022-01-25,Yuba,115,75493,14493,14038,941,14979,103
2022-01-24,Alameda,001,1643700,228572,216252,11704,227956,1581
2022-01-24,Alpine,003,1148,119,120,1,121,0
2022-01-24,Amador,005,37829,7601,7166,439,7605,73
2022-01-24,Butte,007,227075,29857,28607,5769,34376,350
2022-01-24,Calaveras,009,45235,6586,6172,226,6398,95
2022-01-24,Colusa,011,21464,3169,3052,954,4006,21
2022-01-24,Contra Costa,013,1133247,170738,162161,10675,172836,1092
2022-01-24,Del Norte,015,27424,4665,4460,118,4578,43
2022-01-24,El Dorado,017,186661,24777,23128,2851,25979,179
2022-01-24,Fresno,019,978130,205101,196092,20438,216530,2430
2022-01-24,Glenn,021,27897,4532,4367,1438,5805,39
2022-01-24,Humboldt,023,135768,14935,14416,2265,16681,126
2022-01-24,Imperial,025,180216,50545,48228,8809,57037,824
2022-01-24,Inyo,027,18085,3903,3805,296,4101,50
2022-01-24,Kern,029,883053,177456,169892,40757,210649,1946
2022-01-24,Kings,031,150075,45770,43260,3061,46321,396
2022-01-24,Lake,033,64148,9158,8423,680,9103,118
2022-01-24,Lassen,035,31185,8080,7732,775,8507,55
2022-01-24,Los Angeles,037,10098052,2535679,2391045,116214,2507259,28230
2022-01-24,Madera,039,155013,33063,31339,4488,35827,329
2022-01-24,Marin,041,260295,30409,29301,1913,31214,253
2022-01-24,Mariposa,043,17540,2134,2033,116,2149,6
2022-01-24,Mendocino,045,87422,11705,11002,2078,13080,103
2022-01-24,Merced,047,269075,56947,54970,6223,61193,730
2022-01-24,Modoc,049,8938,662,648,228,876,6
2022-01-24,Mono,051,14174,2852,2802,112,2914,4
2022-01-24,Monterey,053,433212,70517,61975,9712,71687,654
2022-01-24,Napa,055,140530,22784,21494,725,22219,111
2022-01-24,Nevada,057,99092,14532,13774,941,14715,112
2022-01-24,Orange,059,3164182,516078,501634,38241,539875,5969
2022-01-24,Placer,061,380077,57442,54933,6658,61591,518
2022-01-24,Plumas,063,18699,2643,2370,240,2610,12
2022-01-24,Riverside,065,2383286,555246,535962,25955,561917,5661
2022-01-24,Sacramento,067,1510023,255662,241522,22023,263545,2526
2022-01-24,San Benito,069,59416,11713,11331,432,11763,88
2022-01-24,San Bernardino,071,2135413,536595,515604,23294,538898,6285
2022-01-24,San Diego,073,3302833,690616,663580,46628,710208,4586
2022-01-24,San Francisco,075,870044,111814,105418,7406,112824,703
2022-01-24,San Joaquin,077,732212,152419,145984,9029,155013,1959
2022-01-24,San Luis Obispo,079,281455,47002,44616,3102,47718,387
2022-01-24,San Mateo,081,765935,110342,96968,5816,102784,586
2022-01-24,Santa Barbara,083,443738,77038,73866,4023,77889,591
2022-01-24,Santa Clara,085,1922200,275564,265341,10202,275543,2006
2022-01-24,Santa Cruz,087,273765,39481,37188,1894,39082,237
2022-01-24,Shasta,089,179085,27774,26871,5242,32113,452
2022-01-24,Sierra,091,2930,264,258,37,295,0
2022-01-24,Siskiyou,093,43540,4044,3934,2257,6191,64
2022-01-24,Solano,095,438530,72057,68094,4752,72846,400
2022-01-24,Sonoma,097,501317,74537,70733,2073,72806,423
2022-01-24,Stanislaus,099,539301,107814,104933,14572,119505,1395
2022-01-24,Sutter,101,95872,18855,18336,1409,19745,200
2022-01-24,Tehama,103,63373,10966,10567,2339,12906,145
2022-01-24,Trinity,105,12862,1071,978,261,1239,19
2022-01-24,Tulare,107,460477,95664,90089,24237,114326,1219
2022-01-24,Tuolumne,109,53932,11098,10374,365,10739,91
2022-01-24,Ventura,111,848112,161538,156551,8746,165297,1261
2022-01-24,Yolo,113,214977,33217,31480,2676,34156,273
2022-01-24,Yuba,115,75493,14386,13862,900,14762,103
2022-01-23,Alameda,001,1643700,225894,214003,11363,225366,1583
2022-01-23,Alpine,003,1148,119,120,1,121,0
2022-01-23,Amador,005,37829,7546,7090,399,7489,73
2022-01-23,Butte,007,227075,29565,28340,5662,34002,350
2022-01-23,Calaveras,009,45235,6521,6095,203,6298,95
2022-01-23,Colusa,011,21464,3143,3040,947,3987,21
2022-01-23,Contra Costa,013,1133247,168890,160798,10305,171103,1092
2022-01-23,Del Norte,015,27424,4599,4419,112,4531,43
2022-01-23,El Dorado,017,186661,24586,22925,2802,25727,179
2022-01-23,Fresno,019,978130,202629,193642,19967,213609,2430
2022-01-23,Glenn,021,27897,4481,4340,1414,5754,39
2022-01-23,Humboldt,023,135768,14816,14296,2183,16479,126
2022-01-23,Imperial,025,180216,49945,47935,8521,56456,824
2022-01-23,Inyo,027,18085,3876,3781,282,4063,50
2022-01-23,Kern,029,883053,176093,168585,40227,208812,1946
2022-01-23,Kings,031,150075,45134,42622,2957,45579,397
2022-01-23,Lake,033,64148,8988,8363,653,9016,118
2022-01-23,Lassen,035,31185,8029,7710,751,8461,55
2022-01-23,Los Angeles,037,10098052,2515358,2390590,115052,2505642,28231
2022-01-23,Madera,039,155013,32702,30962,4246,35208,329
2022-01-23,Marin,041,260295,30156,29025,1875,30900,253
2022-01-23,Mariposa,043,17540,2119,2011,113,2124,6
2022-01-23,Mendocino,045,87422,11580,10889,1951,12840,103
2022-01-23,Merced,047,269075,56397,54644,5775,60419,730
2022-01-23,Modoc,049,8938,660,645,225,870,6
2022-01-23,Mono,051,14174,2844,2788,110,2898,4
2022-01-23,Monterey,053,433212,69678,61522,9267,70789,654
2022-01-23,Napa,055,140530,22521,21281,712,21993,111
2022-01-23,Nevada,057,99092,14369,13629,913,14542,112
2022-01-23,Orange,059,3164182,512976,498968,37948,536916,5970
2022-01-23,Placer,061,380077,56870,54568,6568,61136,518
2022-01-23,Plumas,063,18699,2610,2368,211,2579,12
2022-01-23,Riverside,065,2383286,550802,532273,25648,557921,5661
2022-01-23,Sacramento,067,1510023,253020,239589,21053,260642,2530
2022-01-23,San Benito,069,59416,11590,11225,421,11646,88
2022-01-23,San Bernardino,071,2135413,533164,512657,23028,535685,6281
2022-01-23,San Diego,073,3302833,683961,640215,45827,686042,4566
2022-01-23,San Francisco,075,870044,110745,104485,7298,111783,704
2022-01-23,San Joaquin,077,732212,150799,144621,8949,153570,1959
2022-01-23,San Luis Obispo,079,281455,46309,44183,3023,47206,386
2022-01-23,San Mateo,081,765935,109223,95940,5668,101608,586
2022-01-23,Santa Barbara,083,443738,75912,73041,3897,76938,590
2022-01-23,Santa Clara,085,1922200,272259,261991,9874,271865,2005
2022-01-23,Santa Cruz,087,273765,38949,36547,1862,38409,237
2022-01-23,Shasta,089,179085,27476,26732,5120,31852,452
2022-01-23,Sierra,091,2930,263,252,37,289,0
2022-01-23,Siskiyou,093,43540,4018,3916,2199,6115,64
2022-01-23,Solano,095,438530,71261,67457,4656,72113,400
2022-01-23,Sonoma,097,501317,73579,69791,2018,71809,423
2022-01-23,Stanislaus,099,539301,106952,104067,14294,118361,1395
2022-01-23,Sutter,101,95872,18698,18175,1294,19469,200
2022-01-23,Tehama,103,63373,10867,10481,2307,12788,145
2022-01-23,Trinity,105,12862,1068,961,259,1220,19
2022-01-23,Tulare,107,460477,94401,89120,23791,112911,1219
2022-01-23,Tuolumne,109,53932,10907,10243,347,10590,91
2022-01-23,Ventura,111,848112,160355,155052,8672,163724,1261
2022-01-23,Yolo,113,214977,32840,30908,2634,33542,273
2022-01-23,Yuba,115,75493,14260,13762,845,14607,103
2022-01-22,Alameda,001,1643700,224800,203927,11329,215256,1575
2022-01-22,Alpine,003,1148,118,119,1,120,0
2022-01-22,Amador,005,37829,7514,6845,394,7239,73
2022-01-22,Butte,007,227075,29446,27232,5638,32870,350
2022-01-22,Calaveras,009,45235,6491,5835,202,6037,95
2022-01-22,Colusa,011,21464,3126,2954,944,3898,21
2022-01-22,Contra Costa,013,1133247,167964,154111,10275,164386,1091
2022-01-22,Del Norte,015,27424,4563,4269,108,4377,43
2022-01-22,El Dorado,017,186661,24516,22273,2792,25065,179
2022-01-22,Fresno,019,978130,201815,185292,19900,205192,2429
2022-01-22,Glenn,021,27897,4475,4174,1411,5585,39
2022-01-22,Humboldt,023,135768,14749,13628,2170,15798,125
2022-01-22,Imperial,025,180216,49753,45741,8460,54201,820
2022-01-22,Inyo,027,18085,3872,3706,258,3964,50
2022-01-22,Kern,029,883053,175469,162902,39922,202824,1946
2022-01-22,Kings,031,150075,44927,40580,2945,43525,396
2022-01-22,Lake,033,64148,8954,8056,645,8701,118
2022-01-22,Lassen,035,31185,7996,7545,744,8289,55
2022-01-22,Los Angeles,037,10098052,2507947,2286280,114543,2400823,28038
2022-01-22,Madera,039,155013,32584,29595,4231,33826,329
2022-01-22,Marin,041,260295,30030,27893,1870,29763,253
2022-01-22,Mariposa,043,17540,2115,1920,113,2033,6
2022-01-22,Mendocino,045,87422,11530,10395,1929,12324,103
2022-01-22,Merced,047,269075,56248,53025,5766,58791,727
2022-01-22,Modoc,049,8938,659,639,225,864,6
2022-01-22,Mono,051,14174,2843,2723,106,2829,4
2022-01-22,Monterey,053,433212,69471,59038,9224,68262,651
2022-01-22,Napa,055,140530,22426,20402,702,21104,111
2022-01-22,Nevada,057,99092,14301,12957,905,13862,112
2022-01-22,Orange,059,3164182,511373,480329,37699,518028,5946
2022-01-22,Placer,061,380077,56603,52557,6529,59086,512
2022-01-22,Plumas,063,18699,2593,2289,207,2496,12
2022-01-22,Riverside,065,2383286,548882,513567,25575,539142,5623
2022-01-22,Sacramento,067,1510023,251973,230206,20947,251153,2510
2022-01-22,San Benito,069,59416,11531,10743,416,11159,88
2022-01-22,San Bernardino,071,2135413,531676,495209,22942,518151,6267
2022-01-22,San Diego,073,3302833,681469,628904,45610,674514,4559
2022-01-22,San Francisco,075,870044,110089,100238,7149,107387,702
2022-01-22,San Joaquin,077,732212,150360,138264,8906,147170,1960
2022-01-22,San Luis Obispo,079,281455,46191,42154,3016,45170,385
2022-01-22,San Mateo,081,765935,108639,91440,5605,97045,585
2022-01-22,Santa Barbara,083,443738,75491,69555,3891,73446,589
2022-01-22,Santa Clara,085,1922200,270582,249205,9807,259012,1993
2022-01-22,Santa Cruz,087,273765,38768,33741,1855,35596,237
2022-01-22,Shasta,089,179085,27383,25919,5098,31017,450
2022-01-22,Sierra,091,2930,263,248,36,284,0
2022-01-22,Siskiyou,093,43540,4000,3845,2178,6023,62
2022-01-22,Solano,095,438530,71038,63882,4617,68499,391
2022-01-22,Sonoma,097,501317,73154,66013,2008,68021,422
2022-01-22,Stanislaus,099,539301,106497,100092,14203,114295,1393
2022-01-22,Sutter,101,95872,18630,17616,1281,18897,199
2022-01-22,Tehama,103,63373,10832,10171,2297,12468,142
2022-01-22,Trinity,105,12862,1066,925,259,1184,19
2022-01-22,Tulare,107,460477,94018,85223,23661,108884,1211
2022-01-22,Tuolumne,109,53932,10839,9731,341,10072,91
2022-01-22,Ventura,111,848112,159663,148742,8641,157383,1250
2022-01-22,Yolo,113,214977,32663,30061,2617,32678,273
2022-01-22,Yuba,115,75493,14170,13288,840,14128,103
2022-01-21,Alameda,001,1643700,223227,203927,11298,215225,1575
2022-01-21,Alpine,003,1148,118,119,1,120,0
2022-01-21,Amador,005,37829,7457,6845,391,7236,73
2022-01-21,Butte,007,227075,29317,27232,5596,32828,350
2022-01-21,Calaveras,009,45235,6446,5835,202,6037,95
2022-01-21,Colusa,011,21464,3119,2954,939,3893,21
2022-01-21,Contra Costa,013,1133247,166914,154111,10195,164306,1091
2022-01-21,Del Norte,015,27424,4522,4269,108,4377,43
2022-01-21,El Dorado,017,186661,24434,22273,2775,25048,179
2022-01-21,Fresno,019,978130,200572,185292,19804,205096,2429
2022-01-21,Glenn,021,27897,4456,4174,1406,5580,39
2022-01-21,Humboldt,023,135768,14680,13628,2151,15779,125
2022-01-21,Imperial,025,180216,49562,45741,8381,54122,820
2022-01-21,Inyo,027,18085,3859,3706,252,3958,50
2022-01-21,Kern,029,883053,174749,162902,39547,202449,1946
2022-01-21,Kings,031,150075,44730,40580,2937,43517,396
2022-01-21,Lake,033,64148,8897,8056,632,8688,118
2022-01-21,Lassen,035,31185,7944,7545,740,8285,55
2022-01-21,Los Angeles,037,10098052,2496646,2286280,114083,2400363,28038
2022-01-21,Madera,039,155013,32293,29595,4203,33798,329
2022-01-21,Marin,041,260295,29853,27893,1850,29743,253
2022-01-21,Mariposa,043,17540,2103,1920,112,2032,6
2022-01-21,Mendocino,045,87422,11449,10395,1926,12321,103
2022-01-21,Merced,047,269075,56089,53025,5762,58787,727
2022-01-21,Modoc,049,8938,658,639,225,864,6
2022-01-21,Mono,051,14174,2829,2723,103,2826,4
2022-01-21,Monterey,053,433212,69000,59038,9092,68130,651
2022-01-21,Napa,055,140530,22306,20402,694,21096,111
2022-01-21,Nevada,057,99092,14204,12957,901,13858,112
2022-01-21,Orange,059,3164182,509132,480329,37454,517783,5946
2022-01-21,Placer,061,380077,56210,52557,6466,59023,512
2022-01-21,Plumas,063,18699,2581,2289,202,2491,12
2022-01-21,Riverside,065,2383286,546227,513567,25496,539063,5623
2022-01-21,Sacramento,067,1510023,250525,230206,20844,251050,2510
2022-01-21,San Benito,069,59416,11496,10743,413,11156,88
2022-01-21,San Bernardino,071,2135413,529661,495209,22871,518080,6267
2022-01-21,San Diego,073,3302833,677272,628904,45436,674340,4559
2022-01-21,San Francisco,075,870044,109329,100238,7061,107299,702
2022-01-21,San Joaquin,077,732212,149765,138264,8845,147109,1960
2022-01-21,San Luis Obispo,079,281455,46065,42154,3013,45167,385
2022-01-21,San Mateo,081,765935,107966,91440,5564,97004,585
2022-01-21,Santa Barbara,083,443738,74990,69555,3881,73436,589
2022-01-21,Santa Clara,085,1922200,268758,249205,9699,258904,1993
2022-01-21,Santa Cruz,087,273765,38050,33741,1842,35583,237
2022-01-21,Shasta,089,179085,27295,25919,5051,30970,450
2022-01-21,Sierra,091,2930,261,248,35,283,0
2022-01-21,Siskiyou,093,43540,3992,3845,2160,6005,62
2022-01-21,Solano,095,438530,70627,63882,4535,68417,391
2022-01-21,Sonoma,097,501317,72629,66013,1998,68011,422
2022-01-21,Stanislaus,099,539301,105993,100092,14142,114234,1393
2022-01-21,Sutter,101,95872,18543,17616,1267,18883,199
2022-01-21,Tehama,103,63373,10796,10171,2295,12466,142
2022-01-21,Trinity,105,12862,1060,925,258,1183,19
2022-01-21,Tulare,107,460477,93540,85223,23496,108719,1211
2022-01-21,Tuolumne,109,53932,10756,9731,334,10065,91
2022-01-21,Ventura,111,848112,158854,148742,8612,157354,1250
2022-01-21,Yolo,113,214977,32498,30061,2594,32655,273
2022-01-21,Yuba,115,75493,14098,13288,833,14121,103
2022-01-20,Alameda,001,1643700,220161,203927,11053,214980,1575
2022-01-20,Alpine,003,1148,118,119,1,120,0
2022-01-20,Amador,005,37829,7392,6845,373,7218,73
2022-01-20,Butte,007,227075,29057,27232,5518,32750,350
2022-01-20,Calaveras,009,45235,6341,5835,193,6028,95
2022-01-20,Colusa,011,21464,3088,2954,927,3881,21
2022-01-20,Contra Costa,013,1133247,164951,154111,9927,164038,1091
2022-01-20,Del Norte,015,27424,4482,4269,105,4374,43
2022-01-20,El Dorado,017,186661,24231,22273,2732,25005,179
2022-01-20,Fresno,019,978130,197966,185292,19432,204724,2429
2022-01-20,Glenn,021,27897,4421,4174,1397,5571,39
2022-01-20,Humboldt,023,135768,14551,13628,2099,15727,125
2022-01-20,Imperial,025,180216,49041,45741,8202,53943,820
2022-01-20,Inyo,027,18085,3847,3706,241,3947,50
2022-01-20,Kern,029,883053,173219,162902,39000,201902,1946
2022-01-20,Kings,031,150075,44175,40580,2894,43474,396
2022-01-20,Lake,033,64148,8802,8056,604,8660,118
2022-01-20,Lassen,035,31185,7893,7545,725,8270,55
2022-01-20,Los Angeles,037,10098052,2471895,2286280,113101,2399381,28038
2022-01-20,Madera,039,155013,31904,29595,4077,33672,329
2022-01-20,Marin,041,260295,29558,27893,1813,29706,253
2022-01-20,Mariposa,043,17540,2076,1920,109,2029,6
2022-01-20,Mendocino,045,87422,11352,10395,1848,12243,103
2022-01-20,Merced,047,269075,55659,53025,5533,58558,727
2022-01-20,Modoc,049,8938,656,639,225,864,6
2022-01-20,Mono,051,14174,2821,2723,102,2825,4
2022-01-20,Monterey,053,433212,68234,59038,8673,67711,651
2022-01-20,Napa,055,140530,22040,20402,655,21057,111
2022-01-20,Nevada,057,99092,14057,12957,878,13835,112
2022-01-20,Orange,059,3164182,505184,480329,37082,517411,5946
2022-01-20,Placer,061,380077,55720,52557,6405,58962,512
2022-01-20,Plumas,063,18699,2554,2289,198,2487,12
2022-01-20,Riverside,065,2383286,541648,513567,25258,538825,5623
2022-01-20,Sacramento,067,1510023,248231,230206,20193,250399,2510
2022-01-20,San Benito,069,59416,11385,10743,400,11143,88
2022-01-20,San Bernardino,071,2135413,525526,495209,22587,517796,6267
2022-01-20,San Diego,073,3302833,670177,628904,44738,673642,4559
2022-01-20,San Francisco,075,870044,108176,100238,6920,107158,702
2022-01-20,San Joaquin,077,732212,148122,138264,8720,146984,1960
2022-01-20,San Luis Obispo,079,281455,45555,42154,2979,45133,385
2022-01-20,San Mateo,081,765935,106738,91440,5358,96798,585
2022-01-20,Santa Barbara,083,443738,74093,69555,3768,73323,589
2022-01-20,Santa Clara,085,1922200,265446,249205,9370,258575,1993
2022-01-20,Santa Cruz,087,273765,37163,33741,1819,35560,237
2022-01-20,Shasta,089,179085,27105,25919,4984,30903,450
2022-01-20,Sierra,091,2930,261,248,33,281,0
2022-01-20,Siskiyou,093,43540,3980,3845,2127,5972,62
2022-01-20,Solano,095,438530,69680,63882,4446,68328,391
2022-01-20,Sonoma,097,501317,71597,66013,1948,67961,422
2022-01-20,Stanislaus,099,539301,105041,100092,13937,114029,1393
2022-01-20,Sutter,101,95872,18378,17616,1238,18854,199
2022-01-20,Tehama,103,63373,10721,10171,2277,12448,142
2022-01-20,Trinity,105,12862,1046,925,257,1182,19
2022-01-20,Tulare,107,460477,92479,85223,23181,108404,1211
2022-01-20,Tuolumne,109,53932,10614,9731,322,10053,91
2022-01-20,Ventura,111,848112,157467,148742,8538,157280,1250
2022-01-20,Yolo,113,214977,32213,30061,2561,32622,273
2022-01-20,Yuba,115,75493,13991,13288,800,14088,103
2022-01-19,Alameda,001,1643700,216793,199739,10712,210451,1571
2022-01-19,Alpine,003,1148,117,119,1,120,0
2022-01-19,Amador,005,37829,7311,6789,331,7120,73
2022-01-19,Butte,007,227075,28753,26839,5443,32282,351
2022-01-19,Calaveras,009,45235,6250,5765,184,5949,95
2022-01-19,Colusa,011,21464,3063,2938,920,3858,21
2022-01-19,Contra Costa,013,1133247,162642,151543,9682,161225,1091
2022-01-19,Del Norte,015,27424,4443,4240,104,4344,43
2022-01-19,El Dorado,017,186661,23978,21953,2690,24643,177
2022-01-19,Fresno,019,978130,195058,181526,19098,200624,2430
2022-01-19,Glenn,021,27897,4370,4127,1387,5514,39
2022-01-19,Humboldt,023,135768,14392,13391,2046,15437,125
2022-01-19,Imperial,025,180216,48312,45156,7997,53153,820
2022-01-19,Inyo,027,18085,3824,3680,202,3882,49
2022-01-19,Kern,029,883053,171456,160747,38315,199062,1946
2022-01-19,Kings,031,150075,43477,40027,2815,42842,395
2022-01-19,Lake,033,64148,8676,7972,591,8563,118
2022-01-19,Lassen,035,31185,7835,7507,703,8210,55
2022-01-19,Los Angeles,037,10098052,2443483,2251718,111665,2363383,27934
2022-01-19,Madera,039,155013,31523,29021,3903,32924,329
2022-01-19,Marin,041,260295,29262,27375,1770,29145,251
2022-01-19,Mariposa,043,17540,2051,1896,103,1999,6
2022-01-19,Mendocino,045,87422,11180,10252,1754,12006,103
2022-01-19,Merced,047,269075,55116,52355,5177,57532,724
2022-01-19,Modoc,049,8938,654,635,224,859,6
2022-01-19,Mono,051,14174,2799,2677,100,2777,4
2022-01-19,Monterey,053,433212,67324,58426,8210,66636,651
2022-01-19,Napa,055,140530,21787,20090,628,20718,110
2022-01-19,Nevada,057,99092,13903,12703,848,13551,112
2022-01-19,Orange,059,3164182,500697,468460,36710,505170,5943
2022-01-19,Placer,061,380077,55151,51545,6334,57879,511
2022-01-19,Plumas,063,18699,2514,2239,191,2430,12
2022-01-19,Riverside,065,2383286,536116,503575,25017,528592,5604
2022-01-19,Sacramento,067,1510023,245341,226035,19452,245487,2512
2022-01-19,San Benito,069,59416,11244,10639,388,11027,88
2022-01-19,San Bernardino,071,2135413,520912,487846,22206,510052,6265
2022-01-19,San Diego,073,3302833,661399,614709,44012,658721,4553
2022-01-19,San Francisco,075,870044,106805,98652,6841,105493,694
2022-01-19,San Joaquin,077,732212,146226,135953,8590,144543,1959
2022-01-19,San Luis Obispo,079,281455,44957,41374,2913,44287,382
2022-01-19,San Mateo,081,765935,105318,89715,5091,94806,585
2022-01-19,Santa Barbara,083,443738,73093,68531,3667,72198,586
2022-01-19,Santa Clara,085,1922200,261714,244922,9007,253929,1991
2022-01-19,Santa Cruz,087,273765,35858,33026,1794,34820,237
2022-01-19,Shasta,089,179085,26839,25355,4912,30267,450
2022-01-19,Sierra,091,2930,261,245,32,277,0
2022-01-19,Siskiyou,093,43540,3956,3821,2071,5892,62
2022-01-19,Solano,095,438530,68838,63003,4318,67321,392
2022-01-19,Sonoma,097,501317,70491,64689,1903,66592,420
2022-01-19,Stanislaus,099,539301,103994,98952,13647,112599,1381
2022-01-19,Sutter,101,95872,18210,17436,1146,18582,199
2022-01-19,Tehama,103,63373,10608,10064,2228,12292,142
2022-01-19,Trinity,105,12862,1034,916,256,1172,19
2022-01-19,Tulare,107,460477,91180,83743,22692,106435,1200
2022-01-19,Tuolumne,109,53932,10457,9613,298,9911,91
2022-01-19,Ventura,111,848112,155953,144738,8466,153204,1234
2022-01-19,Yolo,113,214977,31847,29392,2525,31917,273
2022-01-19,Yuba,115,75493,13828,13114,787,13901,104
2022-01-18,Alameda,001,1643700,213431,195728,10392,206120,1566
2022-01-18,Alpine,003,1148,117,118,1,119,0
2022-01-18,Amador,005,37829,7173,6691,294,6985,73
2022-01-18,Butte,007,227075,28360,26514,5366,31880,347
2022-01-18,Calaveras,009,45235,6162,5684,169,5853,94
2022-01-18,Colusa,011,21464,3019,2903,915,3818,21
2022-01-18,Contra Costa,013,1133247,160635,149446,9309,158755,1085
2022-01-18,Del Norte,015,27424,4373,4229,99,4328,43
2022-01-18,El Dorado,017,186661,23596,21707,2644,24351,175
2022-01-18,Fresno,019,978130,191556,178922,18665,197587,2425
2022-01-18,Glenn,021,27897,4337,4070,1375,5445,39
2022-01-18,Humboldt,023,135768,14224,13218,1974,15192,125
2022-01-18,Imperial,025,180216,47617,44742,7810,52552,819
2022-01-18,Inyo,027,18085,3783,3654,191,3845,49
2022-01-18,Kern,029,883053,169431,158864,37551,196415,1943
2022-01-18,Kings,031,150075,42598,39440,2733,42173,392
2022-01-18,Lake,033,64148,8563,7919,571,8490,117
2022-01-18,Lassen,035,31185,7751,7461,664,8125,55
2022-01-18,Los Angeles,037,10098052,2410017,2227360,110226,2337586,27871
2022-01-18,Madera,039,155013,31001,28717,3708,32425,329
2022-01-18,Marin,041,260295,28960,27036,1727,28763,251
2022-01-18,Mariposa,043,17540,2026,1872,99,1971,6
2022-01-18,Mendocino,045,87422,11010,10114,1666,11780,103
2022-01-18,Merced,047,269075,54504,51746,4895,56641,718
2022-01-18,Modoc,049,8938,652,633,219,852,6
2022-01-18,Mono,051,14174,2778,2643,99,2742,4
2022-01-18,Monterey,053,433212,66548,57846,7726,65572,650
2022-01-18,Napa,055,140530,21454,19911,611,20522,109
2022-01-18,Nevada,057,99092,13720,12584,805,13389,111
2022-01-18,Orange,059,3164182,495348,461324,36198,497522,5938
2022-01-18,Placer,061,380077,54509,50983,6258,57241,508
2022-01-18,Plumas,063,18699,2476,2218,185,2403,12
2022-01-18,Riverside,065,2383286,530136,497278,24708,521986,5599
2022-01-18,Sacramento,067,1510023,242246,223745,18443,242188,2496
2022-01-18,San Benito,069,59416,11102,10520,374,10894,88
2022-01-18,San Bernardino,071,2135413,515593,483753,21775,505528,6258
2022-01-18,San Diego,073,3302833,651181,605137,42978,648115,4547
2022-01-18,San Francisco,075,870044,105341,96505,6725,103230,694
2022-01-18,San Joaquin,077,732212,144289,134365,8376,142741,1957
2022-01-18,San Luis Obispo,079,281455,44272,40848,2826,43674,381
2022-01-18,San Mateo,081,765935,103800,88225,4893,93118,585
2022-01-18,Santa Barbara,083,443738,71872,67216,3494,70710,581
2022-01-18,Santa Clara,085,1922200,257593,240281,8606,248887,1986
2022-01-18,Santa Cruz,087,273765,35208,32203,1759,33962,237
2022-01-18,Shasta,089,179085,26556,25162,4818,29980,448
2022-01-18,Sierra,091,2930,257,244,32,276,0
2022-01-18,Siskiyou,093,43540,3922,3799,2017,5816,62
2022-01-18,Solano,095,438530,67988,62204,4209,66413,391
2022-01-18,Sonoma,097,501317,69107,63714,1847,65561,419
2022-01-18,Stanislaus,099,539301,102775,98000,13297,111297,1379
2022-01-18,Sutter,101,95872,18019,17295,1073,18368,198
2022-01-18,Tehama,103,63373,10509,9975,2175,12150,142
2022-01-18,Trinity,105,12862,1021,907,255,1162,19
2022-01-18,Tulare,107,460477,89710,82667,22258,104925,1196
2022-01-18,Tuolumne,109,53932,10288,9528,286,9814,91
2022-01-18,Ventura,111,848112,154239,143384,8391,151775,1233
2022-01-18,Yolo,113,214977,31450,28786,2474,31260,270
2022-01-18,Yuba,115,75493,13667,12971,761,13732,101
2022-01-17,Alameda,001,1643700,208752,193276,9781,203057,1565
2022-01-17,Alpine,003,1148,116,118,0,118,0
2022-01-17,Amador,005,37829,7059,6640,236,6876,73
2022-01-17,Butte,007,227075,27984,26303,5261,31564,348
2022-01-17,Calaveras,009,45235,6030,5584,141,5725,94
2022-01-17,Colusa,011,21464,2996,2905,908,3813,21
2022-01-17,Contra Costa,013,1133247,157875,147993,8822,156815,1086
2022-01-17,Del Norte,015,27424,4322,4209,92,4301,43
2022-01-17,El Dorado,017,186661,23344,21540,2562,24102,175
2022-01-17,Fresno,019,978130,187851,176959,18155,195114,2426
2022-01-17,Glenn,021,27897,4284,4055,1361,5416,39
2022-01-17,Humboldt,023,135768,14018,13120,1807,14927,125
2022-01-17,Imperial,025,180216,46932,44412,7637,52049,821
2022-01-17,Inyo,027,18085,3761,3650,165,3815,49
2022-01-17,Kern,029,883053,166882,157645,36666,194311,1944
2022-01-17,Kings,031,150075,41465,39143,2611,41754,392
2022-01-17,Lake,033,64148,8414,7864,531,8395,117
2022-01-17,Lassen,035,31185,7648,7417,626,8043,55
2022-01-17,Los Angeles,037,10098052,2370803,2205740,108260,2314000,27832
2022-01-17,Madera,039,155013,30345,28568,3522,32090,329
2022-01-17,Marin,041,260295,28553,26633,1671,28304,251
2022-01-17,Mariposa,043,17540,2000,1862,93,1955,6
2022-01-17,Mendocino,045,87422,10786,10030,1524,11554,103
2022-01-17,Merced,047,269075,53825,51227,4332,55559,718
2022-01-17,Modoc,049,8938,648,630,219,849,6
2022-01-17,Mono,051,14174,2755,2642,98,2740,4
2022-01-17,Monterey,053,433212,65427,57318,7300,64618,647
2022-01-17,Napa,055,140530,21110,19647,588,20235,109
2022-01-17,Nevada,057,99092,13532,12414,767,13181,111
2022-01-17,Orange,059,3164182,489385,457418,35722,493140,5933
2022-01-17,Placer,061,380077,53774,50511,6112,56623,508
2022-01-17,Plumas,063,18699,2430,2205,153,2358,12
2022-01-17,Riverside,065,2383286,523323,491322,24250,515572,5600
2022-01-17,Sacramento,067,1510023,238169,221143,17065,238208,2497
2022-01-17,San Benito,069,59416,10935,10432,346,10778,88
2022-01-17,San Bernardino,071,2135413,509286,480243,21220,501463,6259
2022-01-17,San Diego,073,3302833,638979,569241,41778,611019,4545
2022-01-17,San Francisco,075,870044,103716,95292,6531,101823,694
2022-01-17,San Joaquin,077,732212,141449,133414,8199,141613,1958
2022-01-17,San Luis Obispo,079,281455,43442,40425,2724,43149,379
2022-01-17,San Mateo,081,765935,101830,87013,4635,91648,585
2022-01-17,Santa Barbara,083,443738,70549,66704,3293,69997,581
2022-01-17,Santa Clara,085,1922200,253100,237934,8165,246099,1985
2022-01-17,Santa Cruz,087,273765,34437,31714,1721,33435,237
2022-01-17,Shasta,089,179085,26266,25025,4696,29721,448
2022-01-17,Sierra,091,2930,256,242,32,274,0
2022-01-17,Siskiyou,093,43540,3883,3764,1937,5701,62
2022-01-17,Solano,095,438530,66950,61497,3947,65444,391
2022-01-17,Sonoma,097,501317,67597,62763,1783,64546,419
2022-01-17,Stanislaus,099,539301,101460,96951,12817,109768,1379
2022-01-17,Sutter,101,95872,17812,17159,934,18093,198
2022-01-17,Tehama,103,63373,10387,9912,2115,12027,142
2022-01-17,Trinity,105,12862,1008,906,251,1157,19
2022-01-17,Tulare,107,460477,87945,81741,21687,103428,1199
2022-01-17,Tuolumne,109,53932,10154,9416,252,9668,91
2022-01-17,Ventura,111,848112,152122,142070,8279,150349,1234
2022-01-17,Yolo,113,214977,30922,28638,2408,31046,270
2022-01-17,Yuba,115,75493,13469,12871,705,13576,101
2022-01-16,Alameda,001,1643700,205690,190691,9514,200205,1564
2022-01-16,Alpine,003,1148,116,118,0,118,0
2022-01-16,Amador,005,37829,6985,6618,228,6846,73
2022-01-16,Butte,007,227075,27647,26139,5212,31351,348
2022-01-16,Calaveras,009,45235,5929,5537,137,5674,94
2022-01-16,Colusa,011,21464,2979,2886,896,3782,21
2022-01-16,Contra Costa,013,1133247,155966,146307,8620,154927,1086
2022-01-16,Del Norte,015,27424,4279,4177,90,4267,43
2022-01-16,El Dorado,017,186661,23069,21303,2523,23826,175
2022-01-16,Fresno,019,978130,185139,174818,17797,192615,2425
2022-01-16,Glenn,021,27897,4229,4049,1339,5388,39
2022-01-16,Humboldt,023,135768,13871,13075,1788,14863,125
2022-01-16,Imperial,025,180216,46357,44035,7467,51502,821
2022-01-16,Inyo,027,18085,3724,3602,143,3745,49
2022-01-16,Kern,029,883053,165609,156655,35875,192530,1944
2022-01-16,Kings,031,150075,41093,38861,2582,41443,392
2022-01-16,Lake,033,64148,8310,7823,496,8319,117
2022-01-16,Lassen,035,31185,7605,7391,612,8003,55
2022-01-16,Los Angeles,037,10098052,2347595,2174403,106723,2281126,27805
2022-01-16,Madera,039,155013,29973,28313,3471,31784,329
2022-01-16,Marin,041,260295,28259,26292,1657,27949,251
2022-01-16,Mariposa,043,17540,1973,1851,88,1939,6
2022-01-16,Mendocino,045,87422,10640,9992,1407,11399,102
2022-01-16,Merced,047,269075,53237,50882,4310,55192,718
2022-01-16,Modoc,049,8938,645,629,219,848,6
2022-01-16,Mono,051,14174,2751,2614,96,2710,4
2022-01-16,Monterey,053,433212,64659,57012,7151,64163,647
2022-01-16,Napa,055,140530,20843,19521,577,20098,109
2022-01-16,Nevada,057,99092,13315,12307,748,13055,111
2022-01-16,Orange,059,3164182,483983,451962,35168,487130,5932
2022-01-16,Placer,061,380077,53061,50076,5999,56075,508
2022-01-16,Plumas,063,18699,2395,2204,143,2347,12
2022-01-16,Riverside,065,2383286,517820,485191,24023,509214,5600
2022-01-16,Sacramento,067,1510023,235202,218819,16323,235142,2491
2022-01-16,San Benito,069,59416,10777,10377,344,10721,88
2022-01-16,San Bernardino,071,2135413,505447,474425,20965,495390,6259
2022-01-16,San Diego,073,3302833,631383,569241,41340,610581,4545
2022-01-16,San Francisco,075,870044,102200,94139,6392,100531,694
2022-01-16,San Joaquin,077,732212,139667,132214,8092,140306,1958
2022-01-16,San Luis Obispo,079,281455,42785,40113,2684,42797,379
2022-01-16,San Mateo,081,765935,100304,85966,4540,90506,585
2022-01-16,Santa Barbara,083,443738,69522,66111,3253,69364,582
2022-01-16,Santa Clara,085,1922200,249437,234293,8012,242305,1984
2022-01-16,Santa Cruz,087,273765,33807,31469,1698,33167,237
2022-01-16,Shasta,089,179085,26020,24980,4628,29608,449
2022-01-16,Sierra,091,2930,252,238,31,269,0
2022-01-16,Siskiyou,093,43540,3856,3748,1897,5645,62
2022-01-16,Solano,095,438530,66276,60885,3815,64700,391
2022-01-16,Sonoma,097,501317,66522,61842,1763,63605,419
2022-01-16,Stanislaus,099,539301,100394,96370,12675,109045,1379
2022-01-16,Sutter,101,95872,17611,16996,911,17907,198
2022-01-16,Tehama,103,63373,10304,9868,2093,11961,142
2022-01-16,Trinity,105,12862,1003,889,249,1138,19
2022-01-16,Tulare,107,460477,86617,80867,21413,102280,1199
2022-01-16,Tuolumne,109,53932,10049,9369,243,9612,91
2022-01-16,Ventura,111,848112,150547,140715,8206,148921,1234
2022-01-16,Yolo,113,214977,30531,28481,2353,30834,270
2022-01-16,Yuba,115,75493,13293,12760,699,13459,101
2022-01-15,Alameda,001,1643700,204330,177768,9462,187230,1561
2022-01-15,Alpine,003,1148,116,117,0,117,0
2022-01-15,Amador,005,37829,6953,6434,214,6648,72
2022-01-15,Butte,007,227075,27494,25032,5163,30195,348
2022-01-15,Calaveras,009,45235,5897,5258,137,5395,93
2022-01-15,Colusa,011,21464,2966,2796,888,3684,21
2022-01-15,Contra Costa,013,1133247,154757,137643,8567,146210,1082
2022-01-15,Del Norte,015,27424,4265,4065,88,4153,43
2022-01-15,El Dorado,017,186661,22971,20434,2506,22940,175
2022-01-15,Fresno,019,978130,184209,167361,17710,185071,2415
2022-01-15,Glenn,021,27897,4222,3906,1332,5238,39
2022-01-15,Humboldt,023,135768,13768,12419,1772,14191,123
2022-01-15,Imperial,025,180216,46216,42508,7355,49863,817
2022-01-15,Inyo,027,18085,3714,3395,143,3538,49
2022-01-15,Kern,029,883053,164768,150085,35483,185568,1938
2022-01-15,Kings,031,150075,40844,37221,2570,39791,391
2022-01-15,Lake,033,64148,8271,7641,483,8124,117
2022-01-15,Lassen,035,31185,7564,7274,606,7880,55
2022-01-15,Los Angeles,037,10098052,2336041,2047927,105768,2153695,27641
2022-01-15,Madera,039,155013,29826,27294,3448,30742,329
2022-01-15,Marin,041,260295,28072,25248,1650,26898,251
2022-01-15,Mariposa,043,17540,1966,1762,88,1850,6
2022-01-15,Mendocino,045,87422,10567,9534,1402,10936,102
2022-01-15,Merced,047,269075,53072,48904,4299,53203,715
2022-01-15,Modoc,049,8938,643,628,219,847,6
2022-01-15,Mono,051,14174,2746,2508,95,2603,4
2022-01-15,Monterey,053,433212,64145,55315,7082,62397,647
2022-01-15,Napa,055,140530,20722,17648,572,18220,109
2022-01-15,Nevada,057,99092,13257,11773,734,12507,111
2022-01-15,Orange,059,3164182,481387,433141,34892,468033,5914
2022-01-15,Placer,061,380077,52777,47780,5965,53745,501
2022-01-15,Plumas,063,18699,2374,2158,137,2295,12
2022-01-15,Riverside,065,2383286,515139,466381,23888,490269,5578
2022-01-15,Sacramento,067,1510023,234042,208156,16220,224376,2491
2022-01-15,San Benito,069,59416,10678,9868,338,10206,87
2022-01-15,San Bernardino,071,2135413,503169,454395,20815,475210,6233
2022-01-15,San Diego,073,3302833,627591,559385,41084,600469,4540
2022-01-15,San Francisco,075,870044,101210,88004,6256,94260,692
2022-01-15,San Joaquin,077,732212,139105,125136,7999,133135,1954
2022-01-15,San Luis Obispo,079,281455,42596,38231,2671,40902,374
2022-01-15,San Mateo,081,765935,99348,80494,4499,84993,582
2022-01-15,Santa Barbara,083,443738,68923,62312,3242,65554,579
2022-01-15,Santa Clara,085,1922200,247234,218986,7893,226879,1974
2022-01-15,Santa Cruz,087,273765,33451,29414,1690,31104,235
2022-01-15,Shasta,089,179085,25931,24482,4596,29078,445
2022-01-15,Sierra,091,2930,251,232,30,262,0
2022-01-15,Siskiyou,093,43540,3844,3661,1886,5547,62
2022-01-15,Solano,095,438530,65997,58061,3764,61825,389
2022-01-15,Sonoma,097,501317,65938,58181,1757,59938,418
2022-01-15,Stanislaus,099,539301,99811,92986,12576,105562,1379
2022-01-15,Sutter,101,95872,17521,16345,901,17246,197
2022-01-15,Tehama,103,63373,10255,9572,2074,11646,141
2022-01-15,Trinity,105,12862,1000,872,249,1121,19
2022-01-15,Tulare,107,460477,86171,77769,21288,99057,1192
2022-01-15,Tuolumne,109,53932,9950,9042,238,9280,91
2022-01-15,Ventura,111,848112,149774,134736,8170,142906,1227
2022-01-15,Yolo,113,214977,30352,27311,2333,29644,270
2022-01-15,Yuba,115,75493,13231,12200,695,12895,101
2022-01-14,Alameda,001,1643700,202288,177768,9409,187177,1561
2022-01-14,Alpine,003,1148,116,117,0,117,0
2022-01-14,Amador,005,37829,6877,6434,205,6639,72
2022-01-14,Butte,007,227075,27310,25032,5135,30167,348
2022-01-14,Calaveras,009,45235,5860,5258,136,5394,93
2022-01-14,Colusa,011,21464,2957,2796,878,3674,21
2022-01-14,Contra Costa,013,1133247,153314,137643,8465,146108,1082
2022-01-14,Del Norte,015,27424,4240,4065,87,4152,43
2022-01-14,El Dorado,017,186661,22816,20434,2488,22922,175
2022-01-14,Fresno,019,978130,182556,167361,17634,184995,2415
2022-01-14,Glenn,021,27897,4200,3906,1323,5229,39
2022-01-14,Humboldt,023,135768,13663,12419,1739,14158,123
2022-01-14,Imperial,025,180216,46045,42508,7335,49843,817
2022-01-14,Inyo,027,18085,3689,3395,139,3534,49
2022-01-14,Kern,029,883053,163772,150085,35046,185131,1938
2022-01-14,Kings,031,150075,40594,37221,2561,39782,391
2022-01-14,Lake,033,64148,8215,7641,470,8111,117
2022-01-14,Lassen,035,31185,7534,7274,594,7868,55
2022-01-14,Los Angeles,037,10098052,2316701,2047927,104728,2152655,27641
2022-01-14,Madera,039,155013,29589,27294,3423,30717,329
2022-01-14,Marin,041,260295,27811,25248,1615,26863,251
2022-01-14,Mariposa,043,17540,1951,1762,88,1850,6
2022-01-14,Mendocino,045,87422,10456,9534,1389,10923,102
2022-01-14,Merced,047,269075,52892,48904,4279,53183,715
2022-01-14,Modoc,049,8938,642,628,219,847,6
2022-01-14,Mono,051,14174,2725,2508,93,2601,4
2022-01-14,Monterey,053,433212,63449,55315,6990,62305,647
2022-01-14,Napa,055,140530,20552,17648,566,18214,109
2022-01-14,Nevada,057,99092,13134,11773,721,12494,111
2022-01-14,Orange,059,3164182,477653,433141,34571,467712,5914
2022-01-14,Placer,061,380077,52342,47780,5879,53659,501
2022-01-14,Plumas,063,18699,2366,2158,130,2288,12
2022-01-14,Riverside,065,2383286,511615,466381,23745,490126,5578
2022-01-14,Sacramento,067,1510023,232093,208156,16063,224219,2491
2022-01-14,San Benito,069,59416,10626,9868,337,10205,87
2022-01-14,San Bernardino,071,2135413,500061,454395,20629,475024,6233
2022-01-14,San Diego,073,3302833,621941,559385,40779,600164,4540
2022-01-14,San Francisco,075,870044,100039,88004,6079,94083,692
2022-01-14,San Joaquin,077,732212,138261,125136,7935,133071,1954
2022-01-14,San Luis Obispo,079,281455,42430,38231,2648,40879,374
2022-01-14,San Mateo,081,765935,98122,80494,4470,84964,582
2022-01-14,Santa Barbara,083,443738,68406,62312,3232,65544,579
2022-01-14,Santa Clara,085,1922200,244659,218986,7786,226772,1974
2022-01-14,Santa Cruz,087,273765,33074,29414,1680,31094,235
2022-01-14,Shasta,089,179085,25816,24482,4562,29044,445
2022-01-14,Sierra,091,2930,249,232,28,260,0
2022-01-14,Siskiyou,093,43540,3833,3661,1873,5534,62
2022-01-14,Solano,095,438530,65154,58061,3674,61735,389
2022-01-14,Sonoma,097,501317,65404,58181,1730,59911,418
2022-01-14,Stanislaus,099,539301,99205,92986,12475,105461,1379
2022-01-14,Sutter,101,95872,17395,16345,892,17237,197
2022-01-14,Tehama,103,63373,10202,9572,2062,11634,141
2022-01-14,Trinity,105,12862,995,872,247,1119,19
2022-01-14,Tulare,107,460477,85639,77769,21114,98883,1192
2022-01-14,Tuolumne,109,53932,9827,9042,233,9275,91
2022-01-14,Ventura,111,848112,148669,134736,8112,142848,1227
2022-01-14,Yolo,113,214977,30116,27311,2300,29611,270
2022-01-14,Yuba,115,75493,13128,12200,690,12890,101
2022-01-13,Alameda,001,1643700,197971,177768,9049,186817,1561
2022-01-13,Alpine,003,1148,115,117,0,117,0
2022-01-13,Amador,005,37829,6817,6434,184,6618,72
2022-01-13,Butte,007,227075,27011,25032,5023,30055,348
2022-01-13,Calaveras,009,45235,5769,5258,132,5390,93
2022-01-13,Colusa,011,21464,2926,2796,868,3664,21
2022-01-13,Contra Costa,013,1133247,150788,137643,8004,145647,1082
2022-01-13,Del Norte,015,27424,4204,4065,86,4151,43
2022-01-13,El Dorado,017,186661,22569,20434,2443,22877,175
2022-01-13,Fresno,019,978130,179751,167361,17269,184630,2415
2022-01-13,Glenn,021,27897,4152,3906,1297,5203,39
2022-01-13,Humboldt,023,135768,13510,12419,1677,14096,123
2022-01-13,Imperial,025,180216,45498,42508,7112,49620,817
2022-01-13,Inyo,027,18085,3633,3395,122,3517,49
2022-01-13,Kern,029,883053,162181,150085,34448,184533,1938
2022-01-13,Kings,031,150075,40113,37221,2516,39737,391
2022-01-13,Lake,033,64148,8115,7641,449,8090,117
2022-01-13,Lassen,035,31185,7505,7274,578,7852,55
2022-01-13,Los Angeles,037,10098052,2280217,2047927,102937,2150864,27641
2022-01-13,Madera,039,155013,29128,27294,3329,30623,329
2022-01-13,Marin,041,260295,27465,25248,1571,26819,251
2022-01-13,Mariposa,043,17540,1928,1762,85,1847,6
2022-01-13,Mendocino,045,87422,10365,9534,1321,10855,102
2022-01-13,Merced,047,269075,52235,48904,4016,52920,715
2022-01-13,Modoc,049,8938,639,628,219,847,6
2022-01-13,Mono,051,14174,2702,2508,90,2598,4
2022-01-13,Monterey,053,433212,62511,55315,6702,62017,647
2022-01-13,Napa,055,140530,20255,17648,556,18204,109
2022-01-13,Nevada,057,99092,12946,11773,691,12464,111
2022-01-13,Orange,059,3164182,471201,433141,34115,467256,5914
2022-01-13,Placer,061,380077,51709,47780,5764,53544,501
2022-01-13,Plumas,063,18699,2346,2158,120,2278,12
2022-01-13,Riverside,065,2383286,505320,466381,23415,489796,5578
2022-01-13,Sacramento,067,1510023,228997,208156,15257,223413,2491
2022-01-13,San Benito,069,59416,10523,9868,329,10197,87
2022-01-13,San Bernardino,071,2135413,494373,454395,20157,474552,6233
2022-01-13,San Diego,073,3302833,613416,559385,39907,599292,4540
2022-01-13,San Francisco,075,870044,98303,88004,5881,93885,692
2022-01-13,San Joaquin,077,732212,136191,125136,7785,132921,1954
2022-01-13,San Luis Obispo,079,281455,41827,38231,2543,40774,374
2022-01-13,San Mateo,081,765935,96334,80494,4229,84723,582
2022-01-13,Santa Barbara,083,443738,67409,62312,3046,65358,579
2022-01-13,Santa Clara,085,1922200,240401,218986,7449,226435,1974
2022-01-13,Santa Cruz,087,273765,32259,29414,1658,31072,235
2022-01-13,Shasta,089,179085,25609,24482,4489,28971,445
2022-01-13,Sierra,091,2930,248,232,28,260,0
2022-01-13,Siskiyou,093,43540,3811,3661,1832,5493,62
2022-01-13,Solano,095,438530,64023,58061,3562,61623,389
2022-01-13,Sonoma,097,501317,64338,58181,1671,59852,418
2022-01-13,Stanislaus,099,539301,98091,92986,12205,105191,1379
2022-01-13,Sutter,101,95872,17199,16345,827,17172,197
2022-01-13,Tehama,103,63373,10104,9572,2013,11585,141
2022-01-13,Trinity,105,12862,987,872,247,1119,19
2022-01-13,Tulare,107,460477,84355,77769,20796,98565,1192
2022-01-13,Tuolumne,109,53932,9687,9042,215,9257,91
2022-01-13,Ventura,111,848112,146883,134736,8024,142760,1227
2022-01-13,Yolo,113,214977,29714,27311,2251,29562,270
2022-01-13,Yuba,115,75493,12992,12200,661,12861,101
2022-01-12,Alameda,001,1643700,193341,173001,8580,181581,1563
2022-01-12,Alpine,003,1148,115,117,0,117,0
2022-01-12,Amador,005,37829,6769,6354,170,6524,71
2022-01-12,Butte,007,227075,26685,24631,4935,29566,348
2022-01-12,Calaveras,009,45235,5690,5151,126,5277,93
2022-01-12,Colusa,011,21464,2886,2772,855,3627,21
2022-01-12,Contra Costa,013,1133247,148247,134579,7640,142219,1077
2022-01-12,Del Norte,015,27424,4177,4019,84,4103,43
2022-01-12,El Dorado,017,186661,22246,20092,2402,22494,175
2022-01-12,Fresno,019,978130,177016,165316,16847,182163,2413
2022-01-12,Glenn,021,27897,4099,3859,1275,5134,39
2022-01-12,Humboldt,023,135768,13338,12081,1595,13676,122
2022-01-12,Imperial,025,180216,44837,41985,6798,48783,814
2022-01-12,Inyo,027,18085,3587,3334,106,3440,49
2022-01-12,Kern,029,883053,160043,148435,33710,182145,1933
2022-01-12,Kings,031,150075,39478,36780,2474,39254,391
2022-01-12,Lake,033,64148,7999,7535,405,7940,117
2022-01-12,Lassen,035,31185,7462,7223,551,7774,55
2022-01-12,Los Angeles,037,10098052,2240506,2005065,100685,2105750,27601
2022-01-12,Madera,039,155013,28813,26952,3231,30183,329
2022-01-12,Marin,041,260295,26975,24704,1520,26224,251
2022-01-12,Mariposa,043,17540,1899,1725,83,1808,6
2022-01-12,Mendocino,045,87422,10201,9379,1221,10600,103
2022-01-12,Merced,047,269075,51534,48441,3741,52182,710
2022-01-12,Modoc,049,8938,637,627,219,846,6
2022-01-12,Mono,051,14174,2666,2466,86,2552,4
2022-01-12,Monterey,053,433212,61526,54524,6337,60861,647
2022-01-12,Napa,055,140530,19997,17347,533,17880,109
2022-01-12,Nevada,057,99092,12730,11552,642,12194,111
2022-01-12,Orange,059,3164182,464412,425737,33523,459260,5912
2022-01-12,Placer,061,380077,51053,47004,5651,52655,501
2022-01-12,Plumas,063,18699,2307,2135,109,2244,12
2022-01-12,Riverside,065,2383286,498111,458881,23069,481950,5565
2022-01-12,Sacramento,067,1510023,225411,204696,14359,219055,2479
2022-01-12,San Benito,069,59416,10392,9737,317,10054,87
2022-01-12,San Bernardino,071,2135413,488090,447869,19535,467404,6222
2022-01-12,San Diego,073,3302833,602911,551669,39049,590718,4529
2022-01-12,San Francisco,075,870044,96466,85700,5768,91468,691
2022-01-12,San Joaquin,077,732212,133905,122850,7657,130507,1948
2022-01-12,San Luis Obispo,079,281455,41096,37727,2460,40187,373
2022-01-12,San Mateo,081,765935,94300,78476,3851,82327,582
2022-01-12,Santa Barbara,083,443738,66265,60815,2941,63756,578
2022-01-12,Santa Clara,085,1922200,235910,213177,7066,220243,1971
2022-01-12,Santa Cruz,087,273765,31605,28463,1609,30072,235
2022-01-12,Shasta,089,179085,25392,24324,4423,28747,446
2022-01-12,Sierra,091,2930,247,228,28,256,0
2022-01-12,Siskiyou,093,43540,3784,3639,1785,5424,62
2022-01-12,Solano,095,438530,62977,57052,3441,60493,386
2022-01-12,Sonoma,097,501317,63052,56394,1587,57981,417
2022-01-12,Stanislaus,099,539301,96857,91738,11879,103617,1373
2022-01-12,Sutter,101,95872,17003,16135,794,16929,197
2022-01-12,Tehama,103,63373,10015,9475,1952,11427,141
2022-01-12,Trinity,105,12862,983,868,246,1114,19
2022-01-12,Tulare,107,460477,83217,76943,20384,97327,1192
2022-01-12,Tuolumne,109,53932,9556,8870,197,9067,91
2022-01-12,Ventura,111,848112,144972,132180,7945,140125,1220
2022-01-12,Yolo,113,214977,29315,26888,2176,29064,270
2022-01-12,Yuba,115,75493,12833,12015,634,12649,101
2022-01-11,Alameda,001,1643700,188817,169181,8179,177360,1561
2022-01-11,Alpine,003,1148,115,116,0,116,0
2022-01-11,Amador,005,37829,6685,6317,155,6472,71
2022-01-11,Butte,007,227075,26290,24479,4845,29324,347
2022-01-11,Calaveras,009,45235,5560,5083,112,5195,93
2022-01-11,Colusa,011,21464,2864,2766,841,3607,21
2022-01-11,Contra Costa,013,1133247,145276,132410,7156,139566,1077
2022-01-11,Del Norte,015,27424,4143,4006,82,4088,43
2022-01-11,El Dorado,017,186661,21899,19842,2330,22172,174
2022-01-11,Fresno,019,978130,173974,163509,16498,180007,2404
2022-01-11,Glenn,021,27897,4037,3844,1230,5074,39
2022-01-11,Humboldt,023,135768,13117,11960,1502,13462,122
2022-01-11,Imperial,025,180216,44231,41444,6591,48035,813
2022-01-11,Inyo,027,18085,3489,3278,99,3377,49
2022-01-11,Kern,029,883053,157756,146942,32878,179820,1929
2022-01-11,Kings,031,150075,38890,36524,2443,38967,389
2022-01-11,Lake,033,64148,7922,7494,389,7883,117
2022-01-11,Lassen,035,31185,7413,7210,537,7747,55
2022-01-11,Los Angeles,037,10098052,2198068,1966319,98455,2064774,27563
2022-01-11,Madera,039,155013,28399,26688,3151,29839,329
2022-01-11,Marin,041,260295,26619,24387,1475,25862,251
2022-01-11,Mariposa,043,17540,1877,1718,79,1797,6
2022-01-11,Mendocino,045,87422,10040,9301,1123,10424,102
2022-01-11,Merced,047,269075,50770,48068,3558,51626,708
2022-01-11,Modoc,049,8938,636,626,218,844,6
2022-01-11,Mono,051,14174,2623,2425,85,2510,4
2022-01-11,Monterey,053,433212,60482,53911,5982,59893,646
2022-01-11,Napa,055,140530,19556,17020,485,17505,109
2022-01-11,Nevada,057,99092,12504,11467,607,12074,110
2022-01-11,Orange,059,3164182,456733,417703,32886,450589,5909
2022-01-11,Placer,061,380077,50303,46459,5507,51966,500
2022-01-11,Plumas,063,18699,2272,2099,101,2200,12
2022-01-11,Riverside,065,2383286,490385,453766,22752,476518,5551
2022-01-11,Sacramento,067,1510023,221229,201058,13310,214368,2489
2022-01-11,San Benito,069,59416,10255,9624,304,9928,83
2022-01-11,San Bernardino,071,2135413,480438,442960,18928,461888,6198
2022-01-11,San Diego,073,3302833,590894,536954,37943,574897,4520
2022-01-11,San Francisco,075,870044,94266,83678,5607,89285,691
2022-01-11,San Joaquin,077,732212,131531,121139,7489,128628,1944
2022-01-11,San Luis Obispo,079,281455,40318,37183,2341,39524,372
2022-01-11,San Mateo,081,765935,92003,76756,3629,80385,582
2022-01-11,Santa Barbara,083,443738,64963,59758,2802,62560,578
2022-01-11,Santa Clara,085,1922200,230529,208425,6609,215034,1971
2022-01-11,Santa Cruz,087,273765,31097,27709,1558,29267,232
2022-01-11,Shasta,089,179085,25137,24132,4328,28460,446
2022-01-11,Sierra,091,2930,245,228,28,256,0
2022-01-11,Siskiyou,093,43540,3759,3621,1735,5356,62
2022-01-11,Solano,095,438530,61581,56349,3285,59634,388
2022-01-11,Sonoma,097,501317,61533,55411,1506,56917,416
2022-01-11,Stanislaus,099,539301,95493,90998,11525,102523,1372
2022-01-11,Sutter,101,95872,16802,15993,738,16731,197
2022-01-11,Tehama,103,63373,9883,9406,1904,11310,140
2022-01-11,Trinity,105,12862,971,858,244,1102,19
2022-01-11,Tulare,107,460477,81907,76267,19972,96239,1188
2022-01-11,Tuolumne,109,53932,9398,8811,190,9001,91
2022-01-11,Ventura,111,848112,142740,129548,7809,137357,1220
2022-01-11,Yolo,113,214977,28753,26482,2113,28595,270
2022-01-11,Yuba,115,75493,12659,11912,613,12525,101
2022-01-10,Alameda,001,1643700,183713,165657,7650,173307,1559
2022-01-10,Alpine,003,1148,115,116,0,116,0
2022-01-10,Amador,005,37829,6581,6279,139,6418,71
2022-01-10,Butte,007,227075,25948,24217,4755,28972,347
2022-01-10,Calaveras,009,45235,5461,5025,106,5131,93
2022-01-10,Colusa,011,21464,2836,2758,832,3590,21
2022-01-10,Contra Costa,013,1133247,142551,129951,6639,136590,1077
2022-01-10,Del Norte,015,27424,4120,3970,82,4052,43
2022-01-10,El Dorado,017,186661,21335,19606,2273,21879,172
2022-01-10,Fresno,019,978130,170925,161593,16098,177691,2404
2022-01-10,Glenn,021,27897,3978,3807,1216,5023,39
2022-01-10,Humboldt,023,135768,12873,11778,1369,13147,121
2022-01-10,Imperial,025,180216,43506,41080,6367,47447,811
2022-01-10,Inyo,027,18085,3434,3227,87,3314,49
2022-01-10,Kern,029,883053,155182,145744,32124,177868,1929
2022-01-10,Kings,031,150075,38266,36286,2407,38693,389
2022-01-10,Lake,033,64148,7833,7416,365,7781,117
2022-01-10,Lassen,035,31185,7376,7192,514,7706,55
2022-01-10,Los Angeles,037,10098052,2152534,1932475,95967,2028442,27546
2022-01-10,Madera,039,155013,27947,26501,3049,29550,328
2022-01-10,Marin,041,260295,26132,24023,1401,25424,251
2022-01-10,Mariposa,043,17540,1837,1684,73,1757,6
2022-01-10,Mendocino,045,87422,9867,9163,1035,10198,101
2022-01-10,Merced,047,269075,49967,47632,3270,50902,707
2022-01-10,Modoc,049,8938,635,622,216,838,6
2022-01-10,Mono,051,14174,2557,2415,80,2495,4
2022-01-10,Monterey,053,433212,59526,53485,5665,59150,645
2022-01-10,Napa,055,140530,19178,16775,470,17245,109
2022-01-10,Nevada,057,99092,12281,11300,569,11869,110
2022-01-10,Orange,059,3164182,448040,406170,32032,438202,5906
2022-01-10,Placer,061,380077,49452,45642,5345,50987,498
2022-01-10,Plumas,063,18699,2237,2086,99,2185,12
2022-01-10,Riverside,065,2383286,482132,445536,22298,467834,5546
2022-01-10,Sacramento,067,1510023,216716,198023,12239,210262,2474
2022-01-10,San Benito,069,59416,10083,9467,294,9761,83
2022-01-10,San Bernardino,071,2135413,472281,437207,18210,455417,6184
2022-01-10,San Diego,073,3302833,578183,530506,36805,567311,4500
2022-01-10,San Francisco,075,870044,92472,82209,5346,87555,690
2022-01-10,San Joaquin,077,732212,128860,119587,7216,126803,1927
2022-01-10,San Luis Obispo,079,281455,39504,36618,2243,38861,371
2022-01-10,San Mateo,081,765935,89358,75210,3371,78581,582
2022-01-10,Santa Barbara,083,443738,63703,58957,2612,61569,578
2022-01-10,Santa Clara,085,1922200,224750,203540,6126,209666,1971
2022-01-10,Santa Cruz,087,273765,30257,26906,1519,28425,232
2022-01-10,Shasta,089,179085,24938,23983,4250,28233,446
2022-01-10,Sierra,091,2930,242,223,28,251,0
2022-01-10,Siskiyou,093,43540,3726,3592,1691,5283,62
2022-01-10,Solano,095,438530,60542,55663,3076,58739,385
2022-01-10,Sonoma,097,501317,59986,54478,1459,55937,412
2022-01-10,Stanislaus,099,539301,94164,89997,11206,101203,1372
2022-01-10,Sutter,101,95872,16557,15823,691,16514,196
2022-01-10,Tehama,103,63373,9771,9360,1848,11208,140
2022-01-10,Trinity,105,12862,967,849,242,1091,19
2022-01-10,Tulare,107,460477,80407,75498,19557,95055,1186
2022-01-10,Tuolumne,109,53932,9272,8685,178,8863,91
2022-01-10,Ventura,111,848112,140136,126240,7665,133905,1217
2022-01-10,Yolo,113,214977,28157,26065,2059,28124,270
2022-01-10,Yuba,115,75493,12410,11776,578,12354,101
2022-01-09,Alameda,001,1643700,179221,162701,6969,169670,1561
2022-01-09,Alpine,003,1148,115,116,0,116,0
2022-01-09,Amador,005,37829,6494,6215,127,6342,71
2022-01-09,Butte,007,227075,25559,24018,4641,28659,347
2022-01-09,Calaveras,009,45235,5331,4976,97,5073,93
2022-01-09,Colusa,011,21464,2809,2750,809,3559,21
2022-01-09,Contra Costa,013,1133247,139700,128050,5982,134032,1077
2022-01-09,Del Norte,015,27424,4081,3950,78,4028,43
2022-01-09,El Dorado,017,186661,20974,19430,2207,21637,172
2022-01-09,Fresno,019,978130,168340,159989,15713,175702,2405
2022-01-09,Glenn,021,27897,3923,3797,1195,4992,39
2022-01-09,Humboldt,023,135768,12629,11582,1246,12828,121
2022-01-09,Imperial,025,180216,42663,40608,6097,46705,811
2022-01-09,Inyo,027,18085,3331,3149,78,3227,49
2022-01-09,Kern,029,883053,152721,144819,31375,176194,1927
2022-01-09,Kings,031,150075,37589,36041,2369,38410,389
2022-01-09,Lake,033,64148,7722,7393,320,7713,117
2022-01-09,Lassen,035,31185,7311,7172,485,7657,55
2022-01-09,Los Angeles,037,10098052,2104477,1887830,92958,1980788,27532
2022-01-09,Madera,039,155013,27565,26325,2948,29273,328
2022-01-09,Marin,041,260295,25682,23708,1310,25018,251
2022-01-09,Mariposa,043,17540,1787,1660,72,1732,6
2022-01-09,Mendocino,045,87422,9658,9097,923,10020,101
2022-01-09,Merced,047,269075,49098,47294,2998,50292,706
2022-01-09,Modoc,049,8938,633,619,216,835,6
2022-01-09,Mono,051,14174,2522,2390,73,2463,4
2022-01-09,Monterey,053,433212,58466,53251,5390,58641,645
2022-01-09,Napa,055,140530,18683,16614,454,17068,109
2022-01-09,Nevada,057,99092,12020,11152,507,11659,110
2022-01-09,Orange,059,3164182,438047,400563,31075,431638,5905
2022-01-09,Placer,061,380077,48473,45081,5194,50275,498
2022-01-09,Plumas,063,18699,2198,2081,79,2160,12
2022-01-09,Riverside,065,2383286,473158,440413,21750,462163,5546
2022-01-09,Sacramento,067,1510023,211909,195444,11089,206533,2475
2022-01-09,San Benito,069,59416,9897,9363,266,9629,83
2022-01-09,San Bernardino,071,2135413,464228,430257,17392,447649,6180
2022-01-09,San Diego,073,3302833,565026,478206,34952,513158,4500
2022-01-09,San Francisco,075,870044,90607,80463,5098,85561,690
2022-01-09,San Joaquin,077,732212,125782,118422,7048,125470,1927
2022-01-09,San Luis Obispo,079,281455,38696,36291,2135,38426,371
2022-01-09,San Mateo,081,765935,86847,73867,3040,76907,582
2022-01-09,Santa Barbara,083,443738,62016,58280,2349,60629,578
2022-01-09,Santa Clara,085,1922200,218698,199889,5581,205470,1976
2022-01-09,Santa Cruz,087,273765,29506,26513,1487,28000,232
2022-01-09,Shasta,089,179085,24704,23926,4162,28088,446
2022-01-09,Sierra,091,2930,239,223,26,249,0
2022-01-09,Siskiyou,093,43540,3698,3580,1630,5210,62
2022-01-09,Solano,095,438530,59385,54985,2789,57774,384
2022-01-09,Sonoma,097,501317,58310,53543,1420,54963,412
2022-01-09,Stanislaus,099,539301,92800,89248,10947,100195,1372
2022-01-09,Sutter,101,95872,16269,15695,609,16304,196
2022-01-09,Tehama,103,63373,9651,9306,1796,11102,140
2022-01-09,Trinity,105,12862,963,848,240,1088,19
2022-01-09,Tulare,107,460477,78986,75085,19163,94248,1186
2022-01-09,Tuolumne,109,53932,9116,8595,159,8754,91
2022-01-09,Ventura,111,848112,137079,124269,7432,131701,1217
2022-01-09,Yolo,113,214977,27549,25632,2013,27645,270
2022-01-09,Yuba,115,75493,12213,11666,547,12213,101
2022-01-08,Alameda,001,1643700,177332,148560,6822,155382,1558
2022-01-08,Alpine,003,1148,115,114,0,114,0
2022-01-08,Amador,005,37829,6461,6091,122,6213,71
2022-01-08,Butte,007,227075,25378,23429,4602,28031,347
2022-01-08,Calaveras,009,45235,5285,4823,93,4916,93
2022-01-08,Colusa,011,21464,2801,2713,806,3519,21
2022-01-08,Contra Costa,013,1133247,138196,119907,5903,125810,1077
2022-01-08,Del Norte,015,27424,4064,3902,78,3980,43
2022-01-08,El Dorado,017,186661,20793,18599,2173,20772,172
2022-01-08,Fresno,019,978130,167456,155394,15579,170973,2393
2022-01-08,Glenn,021,27897,3915,3732,1190,4922,39
2022-01-08,Humboldt,023,135768,12509,11149,1220,12369,121
2022-01-08,Imperial,025,180216,42476,39429,5951,45380,800
2022-01-08,Inyo,027,18085,3317,3020,75,3095,49
2022-01-08,Kern,029,883053,151585,140410,30941,171351,1921
2022-01-08,Kings,031,150075,37347,35275,2351,37626,390
2022-01-08,Lake,033,64148,7682,7209,312,7521,117
2022-01-08,Lassen,035,31185,7285,7127,469,7596,55
2022-01-08,Los Angeles,037,10098052,2086087,1765787,91207,1856994,27476
2022-01-08,Madera,039,155013,27397,25767,2911,28678,328
2022-01-08,Marin,041,260295,25397,22377,1299,23676,251
2022-01-08,Mariposa,043,17540,1777,1588,72,1660,6
2022-01-08,Mendocino,045,87422,9584,8792,921,9713,101
2022-01-08,Merced,047,269075,48926,46094,2978,49072,703
2022-01-08,Modoc,049,8938,633,610,216,826,6
2022-01-08,Mono,051,14174,2511,2240,68,2308,4
2022-01-08,Monterey,053,433212,58078,51721,5298,57019,644
2022-01-08,Napa,055,140530,18529,15819,428,16247,109
2022-01-08,Nevada,057,99092,11938,10765,494,11259,110
2022-01-08,Orange,059,3164182,434249,375124,30220,405344,5903
2022-01-08,Placer,061,380077,48033,43172,5152,48324,495
2022-01-08,Plumas,063,18699,2188,2053,74,2127,12
2022-01-08,Riverside,065,2383286,469641,422591,21476,444067,5535
2022-01-08,Sacramento,067,1510023,210476,185118,10924,196042,2470
2022-01-08,San Benito,069,59416,9734,9016,263,9279,83
2022-01-08,San Bernardino,071,2135413,460923,411724,16994,428718,6122
2022-01-08,San Diego,073,3302833,560127,472273,34410,506683,4495
2022-01-08,San Francisco,075,870044,89411,73660,4817,78477,690
2022-01-08,San Joaquin,077,732212,124817,112514,6950,119464,1916
2022-01-08,San Luis Obispo,079,281455,38495,34489,2092,36581,369
2022-01-08,San Mateo,081,765935,85465,67918,2953,70871,582
2022-01-08,Santa Barbara,083,443738,61321,54617,2315,56932,575
2022-01-08,Santa Clara,085,1922200,215664,183842,5373,189215,1966
2022-01-08,Santa Cruz,087,273765,29081,24678,1466,26144,230
2022-01-08,Shasta,089,179085,24616,23585,4130,27715,445
2022-01-08,Sierra,091,2930,235,215,25,240,0
2022-01-08,Siskiyou,093,43540,3686,3545,1616,5161,62
2022-01-08,Solano,095,438530,58977,52452,2720,55172,383
2022-01-08,Sonoma,097,501317,57788,50130,1386,51516,411
2022-01-08,Stanislaus,099,539301,92161,87049,10837,97886,1372
2022-01-08,Sutter,101,95872,16151,15261,596,15857,195
2022-01-08,Tehama,103,63373,9620,9109,1788,10897,140
2022-01-08,Trinity,105,12862,957,836,240,1076,19
2022-01-08,Tulare,107,460477,78593,73600,19025,92625,1185
2022-01-08,Tuolumne,109,53932,9009,8360,156,8516,91
2022-01-08,Ventura,111,848112,135911,117229,7299,124528,1216
2022-01-08,Yolo,113,214977,27256,24006,1984,25990,270
2022-01-08,Yuba,115,75493,12126,11277,544,11821,101
2022-01-07,Alameda,001,1643700,174644,148560,6709,155269,1558
2022-01-07,Alpine,003,1148,115,114,0,114,0
2022-01-07,Amador,005,37829,6412,6091,119,6210,71
2022-01-07,Butte,007,227075,25173,23429,4570,27999,347
2022-01-07,Calaveras,009,45235,5247,4823,93,4916,93
2022-01-07,Colusa,011,21464,2792,2713,795,3508,21
2022-01-07,Contra Costa,013,1133247,136329,119907,5781,125688,1077
2022-01-07,Del Norte,015,27424,4048,3902,77,3979,43
2022-01-07,El Dorado,017,186661,20631,18599,2159,20758,172
2022-01-07,Fresno,019,978130,166096,155394,15481,170875,2393
2022-01-07,Glenn,021,27897,3895,3732,1187,4919,39
2022-01-07,Humboldt,023,135768,12367,11149,1192,12341,121
2022-01-07,Imperial,025,180216,42317,39429,5866,45295,800
2022-01-07,Inyo,027,18085,3298,3020,73,3093,49
2022-01-07,Kern,029,883053,150615,140410,30496,170906,1921
2022-01-07,Kings,031,150075,37170,35275,2337,37612,390
2022-01-07,Lake,033,64148,7635,7209,286,7495,117
2022-01-07,Lassen,035,31185,7271,7127,466,7593,55
2022-01-07,Los Angeles,037,10098052,2054887,1765787,89737,1855524,27476
2022-01-07,Madera,039,155013,27216,25767,2876,28643,328
2022-01-07,Marin,041,260295,25017,22377,1281,23658,251
2022-01-07,Mariposa,043,17540,1761,1588,72,1660,6
2022-01-07,Mendocino,045,87422,9491,8792,920,9712,101
2022-01-07,Merced,047,269075,48761,46094,2954,49048,703
2022-01-07,Modoc,049,8938,632,610,216,826,6
2022-01-07,Mono,051,14174,2473,2240,62,2302,4
2022-01-07,Monterey,053,433212,57659,51721,5206,56927,644
2022-01-07,Napa,055,140530,18302,15819,407,16226,109
2022-01-07,Nevada,057,99092,11811,10765,473,11238,110
2022-01-07,Orange,059,3164182,429438,375124,29599,404723,5903
2022-01-07,Placer,061,380077,47528,43172,5104,48276,495
2022-01-07,Plumas,063,18699,2179,2053,73,2126,12
2022-01-07,Riverside,065,2383286,465813,422591,21246,443837,5535
2022-01-07,Sacramento,067,1510023,208199,185118,10764,195882,2470
2022-01-07,San Benito,069,59416,9689,9016,262,9278,83
2022-01-07,San Bernardino,071,2135413,457039,411724,16764,428488,6122
2022-01-07,San Diego,073,3302833,552991,472273,33863,506136,4495
2022-01-07,San Francisco,075,870044,87973,73660,4557,78217,690
2022-01-07,San Joaquin,077,732212,123864,112514,6888,119402,1916
2022-01-07,San Luis Obispo,079,281455,38280,34489,2037,36526,369
2022-01-07,San Mateo,081,765935,83999,67918,2894,70812,582
2022-01-07,Santa Barbara,083,443738,60621,54617,2293,56910,575
2022-01-07,Santa Clara,085,1922200,212419,183842,5263,189105,1966
2022-01-07,Santa Cruz,087,273765,28601,24678,1450,26128,230
2022-01-07,Shasta,089,179085,24522,23585,4096,27681,445
2022-01-07,Sierra,091,2930,232,215,25,240,0
2022-01-07,Siskiyou,093,43540,3676,3545,1604,5149,62
2022-01-07,Solano,095,438530,58296,52452,2678,55130,383
2022-01-07,Sonoma,097,501317,57185,50130,1298,51428,411
2022-01-07,Stanislaus,099,539301,91637,87049,10750,97799,1372
2022-01-07,Sutter,101,95872,16000,15261,583,15844,195
2022-01-07,Tehama,103,63373,9584,9109,1775,10884,140
2022-01-07,Trinity,105,12862,950,836,239,1075,19
2022-01-07,Tulare,107,460477,78159,73600,18878,92478,1185
2022-01-07,Tuolumne,109,53932,8921,8360,152,8512,91
2022-01-07,Ventura,111,848112,134286,117229,7170,124399,1216
2022-01-07,Yolo,113,214977,26883,24006,1965,25971,270
2022-01-07,Yuba,115,75493,12022,11277,539,11816,101
2022-01-06,Alameda,001,1643700,169280,148560,6295,154855,1558
2022-01-06,Alpine,003,1148,114,114,0,114,0
2022-01-06,Amador,005,37829,6360,6091,113,6204,71
2022-01-06,Butte,007,227075,24882,23429,4485,27914,347
2022-01-06,Calaveras,009,45235,5126,4823,91,4914,93
2022-01-06,Colusa,011,21464,2772,2713,786,3499,21
2022-01-06,Contra Costa,013,1133247,133464,119907,5365,125272,1077
2022-01-06,Del Norte,015,27424,4014,3902,75,3977,43
2022-01-06,El Dorado,017,186661,20298,18599,2119,20718,172
2022-01-06,Fresno,019,978130,163970,155394,15213,170607,2393
2022-01-06,Glenn,021,27897,3868,3732,1161,4893,39
2022-01-06,Humboldt,023,135768,12141,11149,1151,12300,121
2022-01-06,Imperial,025,180216,41732,39429,5663,45092,800
2022-01-06,Inyo,027,18085,3260,3020,73,3093,49
2022-01-06,Kern,029,883053,148944,140410,29819,170229,1921
2022-01-06,Kings,031,150075,36847,35275,2311,37586,390
2022-01-06,Lake,033,64148,7561,7209,274,7483,117
2022-01-06,Lassen,035,31185,7249,7127,460,7587,55
2022-01-06,Los Angeles,037,10098052,2000742,1765787,87366,1853153,27476
2022-01-06,Madera,039,155013,26910,25767,2819,28586,328
2022-01-06,Marin,041,260295,24617,22377,1248,23625,251
2022-01-06,Mariposa,043,17540,1742,1588,70,1658,6
2022-01-06,Mendocino,045,87422,9395,8792,879,9671,101
2022-01-06,Merced,047,269075,48212,46094,2817,48911,703
2022-01-06,Modoc,049,8938,631,610,216,826,6
2022-01-06,Mono,051,14174,2450,2240,59,2299,4
2022-01-06,Monterey,053,433212,56937,51721,4954,56675,644
2022-01-06,Napa,055,140530,17903,15819,398,16217,109
2022-01-06,Nevada,057,99092,11611,10765,461,11226,110
2022-01-06,Orange,059,3164182,419984,375124,28851,403975,5903
2022-01-06,Placer,061,380077,46784,43172,5016,48188,495
2022-01-06,Plumas,063,18699,2161,2053,65,2118,12
2022-01-06,Riverside,065,2383286,458336,422591,20951,443542,5535
2022-01-06,Sacramento,067,1510023,204133,185118,10001,195119,2470
2022-01-06,San Benito,069,59416,9589,9016,255,9271,83
2022-01-06,San Bernardino,071,2135413,449719,411724,16276,428000,6122
2022-01-06,San Diego,073,3302833,541341,472273,32864,505137,4495
2022-01-06,San Francisco,075,870044,85661,73660,4303,77963,690
2022-01-06,San Joaquin,077,732212,121704,112514,6803,119317,1916
2022-01-06,San Luis Obispo,079,281455,37580,34489,1966,36455,369
2022-01-06,San Mateo,081,765935,81581,67918,2713,70631,582
2022-01-06,Santa Barbara,083,443738,59453,54617,2231,56848,575
2022-01-06,Santa Clara,085,1922200,207522,183842,4872,188714,1966
2022-01-06,Santa Cruz,087,273765,28041,24678,1426,26104,230
2022-01-06,Shasta,089,179085,24377,23585,4046,27631,445
2022-01-06,Sierra,091,2930,229,215,25,240,0
2022-01-06,Siskiyou,093,43540,3660,3545,1558,5103,62
2022-01-06,Solano,095,438530,57282,52452,2503,54955,383
2022-01-06,Sonoma,097,501317,55796,50130,1265,51395,411
2022-01-06,Stanislaus,099,539301,90487,87049,10586,97635,1372
2022-01-06,Sutter,101,95872,15823,15261,554,15815,195
2022-01-06,Tehama,103,63373,9506,9109,1748,10857,140
2022-01-06,Trinity,105,12862,943,836,238,1074,19
2022-01-06,Tulare,107,460477,77451,73600,18703,92303,1185
2022-01-06,Tuolumne,109,53932,8812,8360,146,8506,91
2022-01-06,Ventura,111,848112,131592,117229,7013,124242,1216
2022-01-06,Yolo,113,214977,26328,24006,1921,25927,270
2022-01-06,Yuba,115,75493,11887,11277,522,11799,101
2022-01-05,Alameda,001,1643700,164115,144824,5865,150689,1548
2022-01-05,Alpine,003,1148,114,112,0,112,0
2022-01-05,Amador,005,37829,6316,6012,110,6122,70
2022-01-05,Butte,007,227075,24579,23134,4427,27561,343
2022-01-05,Calaveras,009,45235,5070,4758,89,4847,90
2022-01-05,Colusa,011,21464,2759,2704,775,3479,21
2022-01-05,Contra Costa,013,1133247,130458,117188,4916,122104,1071
2022-01-05,Del Norte,015,27424,3993,3862,73,3935,43
2022-01-05,El Dorado,017,186661,19913,18367,2089,20456,171
2022-01-05,Fresno,019,978130,161956,153033,14947,167980,2377
2022-01-05,Glenn,021,27897,3820,3700,1151,4851,39
2022-01-05,Humboldt,023,135768,11937,10938,1103,12041,120
2022-01-05,Imperial,025,180216,41103,38789,5508,44297,800
2022-01-05,Inyo,027,18085,3177,2939,69,3008,49
2022-01-05,Kern,029,883053,147165,138186,29242,167428,1913
2022-01-05,Kings,031,150075,36505,34893,2292,37185,387
2022-01-05,Lake,033,64148,7480,7129,258,7387,117
2022-01-05,Lassen,035,31185,7229,7077,452,7529,55
2022-01-05,Los Angeles,037,10098052,1944475,1729640,84965,1814605,27443
2022-01-05,Madera,039,155013,26670,25392,2728,28120,327
2022-01-05,Marin,041,260295,24272,21829,1195,23024,251
2022-01-05,Mariposa,043,17540,1716,1564,69,1633,6
2022-01-05,Mendocino,045,87422,9264,8625,844,9469,101
2022-01-05,Merced,047,269075,47636,45721,2685,48406,700
2022-01-05,Modoc,049,8938,628,603,216,819,6
2022-01-05,Mono,051,14174,2430,2201,55,2256,4
2022-01-05,Monterey,053,433212,56110,51241,4753,55994,639
2022-01-05,Napa,055,140530,17540,15494,366,15860,108
2022-01-05,Nevada,057,99092,11411,10624,444,11068,110
2022-01-05,Orange,059,3164182,409943,366139,27798,393937,5869
2022-01-05,Placer,061,380077,45902,42456,4920,47376,492
2022-01-05,Plumas,063,18699,2141,2020,63,2083,12
2022-01-05,Riverside,065,2383286,450876,415253,20595,435848,5502
2022-01-05,Sacramento,067,1510023,199353,181488,9013,190501,2455
2022-01-05,San Benito,069,59416,9396,8829,243,9072,83
2022-01-05,San Bernardino,071,2135413,441437,405323,15721,421044,6085
2022-01-05,San Diego,073,3302833,527740,466602,31886,498488,4495
2022-01-05,San Francisco,075,870044,83102,71405,4165,75570,686
2022-01-05,San Joaquin,077,732212,119174,110497,6723,117220,1903
2022-01-05,San Luis Obispo,079,281455,36783,34066,1889,35955,369
2022-01-05,San Mateo,081,765935,79418,66018,2514,68532,578
2022-01-05,Santa Barbara,083,443738,58148,53082,2151,55233,570
2022-01-05,Santa Clara,085,1922200,201763,178629,4455,183084,1961
2022-01-05,Santa Cruz,087,273765,27288,24394,1403,25797,229
2022-01-05,Shasta,089,179085,24220,23361,4017,27378,441
2022-01-05,Sierra,091,2930,226,210,23,233,0
2022-01-05,Siskiyou,093,43540,3650,3513,1529,5042,60
2022-01-05,Solano,095,438530,56236,51505,2367,53872,380
2022-01-05,Sonoma,097,501317,54533,49120,1103,50223,412
2022-01-05,Stanislaus,099,539301,89503,86248,10430,96678,1360
2022-01-05,Sutter,101,95872,15621,15117,514,15631,193
2022-01-05,Tehama,103,63373,9409,9011,1717,10728,140
2022-01-05,Trinity,105,12862,940,822,236,1058,19
2022-01-05,Tulare,107,460477,76671,72718,18527,91245,1173
2022-01-05,Tuolumne,109,53932,8719,8223,139,8362,90
2022-01-05,Ventura,111,848112,128838,114752,6806,121558,1211
2022-01-05,Yolo,113,214977,25717,23401,1878,25279,269
2022-01-05,Yuba,115,75493,11704,11138,496,11634,100
2022-01-04,Alameda,001,1643700,158545,143360,5452,148812,1532
2022-01-04,Alpine,003,1148,114,113,0,113,0
2022-01-04,Amador,005,37829,6249,6025,105,6130,71
2022-01-04,Butte,007,227075,24281,23094,4360,27454,346
2022-01-04,Calaveras,009,45235,4995,4767,86,4853,93
2022-01-04,Colusa,011,21464,2741,2689,768,3457,21
2022-01-04,Contra Costa,013,1133247,127403,116005,4555,120560,1075
2022-01-04,Del Norte,015,27424,3961,3882,70,3952,43
2022-01-04,El Dorado,017,186661,19553,18339,2067,20406,172
2022-01-04,Fresno,019,978130,159798,153244,14693,167937,2380
2022-01-04,Glenn,021,27897,3790,3705,1137,4842,39
2022-01-04,Humboldt,023,135768,11685,10865,1052,11917,120
2022-01-04,Imperial,025,180216,40502,38596,5243,43839,800
2022-01-04,Inyo,027,18085,3093,2870,68,2938,49
2022-01-04,Kern,029,883053,145237,138245,28655,166900,1916
2022-01-04,Kings,031,150075,36182,34931,2276,37207,388
2022-01-04,Lake,033,64148,7439,7152,248,7400,117
2022-01-04,Lassen,035,31185,7206,7111,448,7559,55
2022-01-04,Los Angeles,037,10098052,1884513,1705253,82622,1787875,27419
2022-01-04,Madera,039,155013,26327,25425,2659,28084,328
2022-01-04,Marin,041,260295,23788,21675,1136,22811,251
2022-01-04,Mariposa,043,17540,1680,1564,68,1632,6
2022-01-04,Mendocino,045,87422,9141,8636,820,9456,101
2022-01-04,Merced,047,269075,47025,45583,2556,48139,700
2022-01-04,Modoc,049,8938,625,611,216,827,6
2022-01-04,Mono,051,14174,2381,2190,45,2235,4
2022-01-04,Monterey,053,433212,55374,51176,4558,55734,643
2022-01-04,Napa,055,140530,17038,15370,336,15706,107
2022-01-04,Nevada,057,99092,11255,10608,432,11040,110
2022-01-04,Orange,059,3164182,399180,362051,26656,388707,5897
2022-01-04,Placer,061,380077,45068,42285,4802,47087,494
2022-01-04,Plumas,063,18699,2115,2014,61,2075,12
2022-01-04,Riverside,065,2383286,442349,413366,20245,433611,5504
2022-01-04,Sacramento,067,1510023,194394,181271,8257,189528,2453
2022-01-04,San Benito,069,59416,9208,8763,235,8998,79
2022-01-04,San Bernardino,071,2135413,432752,404409,15183,419592,6060
2022-01-04,San Diego,073,3302833,511338,458499,30926,489425,4487
2022-01-04,San Francisco,075,870044,80260,70666,4019,74685,688
2022-01-04,San Joaquin,077,732212,116764,110374,6588,116962,1911
2022-01-04,San Luis Obispo,079,281455,35974,33788,1801,35589,371
2022-01-04,San Mateo,081,765935,77105,65157,2324,67481,582
2022-01-04,Santa Barbara,083,443738,56624,52449,2073,54522,574
2022-01-04,Santa Clara,085,1922200,195798,176854,3986,180840,1964
2022-01-04,Santa Cruz,087,273765,26527,23904,1367,25271,228
2022-01-04,Shasta,089,179085,24077,23366,3963,27329,442
2022-01-04,Sierra,091,2930,225,214,22,236,0
2022-01-04,Siskiyou,093,43540,3634,3509,1510,5019,61
2022-01-04,Solano,095,438530,54935,51300,2170,53470,383
2022-01-04,Sonoma,097,501317,52823,48653,980,49633,410
2022-01-04,Stanislaus,099,539301,88447,86107,10273,96380,1361
2022-01-04,Sutter,101,95872,15468,15032,490,15522,193
2022-01-04,Tehama,103,63373,9332,9020,1694,10714,140
2022-01-04,Trinity,105,12862,935,833,232,1065,18
2022-01-04,Tulare,107,460477,75877,72893,18322,91215,1172
2022-01-04,Tuolumne,109,53932,8610,8235,134,8369,91
2022-01-04,Ventura,111,848112,125767,114079,6575,120654,1213
2022-01-04,Yolo,113,214977,25067,22938,1836,24774,270
2022-01-04,Yuba,115,75493,11524,11104,481,11585,101
2022-01-03,Alameda,001,1643700,152504,142090,5013,147103,1529
2022-01-03,Alpine,003,1148,113,113,0,113,0
2022-01-03,Amador,005,37829,6188,6004,100,6104,71
2022-01-03,Butte,007,227075,23986,22924,4308,27232,345
2022-01-03,Calaveras,009,45235,4936,4742,81,4823,93
2022-01-03,Colusa,011,21464,2732,2683,761,3444,21
2022-01-03,Contra Costa,013,1133247,124204,114966,3967,118933,1073
2022-01-03,Del Norte,015,27424,3941,3873,66,3939,43
2022-01-03,El Dorado,017,186661,19160,18183,2041,20224,172
2022-01-03,Fresno,019,978130,157816,152674,14489,167163,2379
2022-01-03,Glenn,021,27897,3761,3703,1102,4805,39
2022-01-03,Humboldt,023,135768,11474,10784,1004,11788,119
2022-01-03,Imperial,025,180216,39865,38411,5064,43475,800
2022-01-03,Inyo,027,18085,3024,2845,64,2909,49
2022-01-03,Kern,029,883053,143241,137773,28057,165830,1916
2022-01-03,Kings,031,150075,35861,34817,2247,37064,387
2022-01-03,Lake,033,64148,7337,7134,230,7364,117
2022-01-03,Lassen,035,31185,7188,7103,445,7548,55
2022-01-03,Los Angeles,037,10098052,1823735,1686203,79844,1766047,27394
2022-01-03,Madera,039,155013,26034,25323,2615,27938,320
2022-01-03,Marin,041,260295,23197,21532,1097,22629,251
2022-01-03,Mariposa,043,17540,1638,1559,68,1627,6
2022-01-03,Mendocino,045,87422,8993,8573,770,9343,101
2022-01-03,Merced,047,269075,46433,45459,2449,47908,696
2022-01-03,Modoc,049,8938,622,602,216,818,6
2022-01-03,Mono,051,14174,2302,2172,40,2212,4
2022-01-03,Monterey,053,433212,54546,51047,4353,55400,644
2022-01-03,Napa,055,140530,16530,15260,303,15563,107
2022-01-03,Nevada,057,99092,11090,10572,422,10994,110
2022-01-03,Orange,059,3164182,388005,358052,25459,383511,5894
2022-01-03,Placer,061,380077,44245,42054,4738,46792,489
2022-01-03,Plumas,063,18699,2095,2005,61,2066,12
2022-01-03,Riverside,065,2383286,433867,410155,19748,429903,5504
2022-01-03,Sacramento,067,1510023,189236,179992,7689,187681,2452
2022-01-03,San Benito,069,59416,9043,8688,228,8916,79
2022-01-03,San Bernardino,071,2135413,424306,401938,14722,416660,6056
2022-01-03,San Diego,073,3302833,495189,451154,29964,481118,4476
2022-01-03,San Francisco,075,870044,77466,69315,3770,73085,686
2022-01-03,San Joaquin,077,732212,114459,109757,6480,116237,1903
2022-01-03,San Luis Obispo,079,281455,35160,33667,1708,35375,367
2022-01-03,San Mateo,081,765935,74396,64470,2167,66637,582
2022-01-03,Santa Barbara,083,443738,55162,51912,1978,53890,571
2022-01-03,Santa Clara,085,1922200,189852,174215,3509,177724,1963
2022-01-03,Santa Cruz,087,273765,25716,23765,1334,25099,228
2022-01-03,Shasta,089,179085,23895,23301,3936,27237,440
2022-01-03,Sierra,091,2930,218,213,21,234,0
2022-01-03,Siskiyou,093,43540,3608,3500,1488,4988,61
2022-01-03,Solano,095,438530,53639,51030,1978,53008,380
2022-01-03,Sonoma,097,501317,51125,48391,882,49273,410
2022-01-03,Stanislaus,099,539301,87454,85793,10102,95895,1332
2022-01-03,Sutter,101,95872,15312,14973,469,15442,193
2022-01-03,Tehama,103,63373,9257,9005,1668,10673,140
2022-01-03,Trinity,105,12862,930,833,231,1064,18
2022-01-03,Tulare,107,460477,75175,72664,18099,90763,1167
2022-01-03,Tuolumne,109,53932,8472,8179,130,8309,91
2022-01-03,Ventura,111,848112,122593,112762,6341,119103,1211
2022-01-03,Yolo,113,214977,24385,22563,1773,24336,270
2022-01-03,Yuba,115,75493,11388,11037,462,11499,99
2022-01-02,Alameda,001,1643700,148082,133486,4526,138012,1528
2022-01-02,Alpine,003,1148,111,113,0,113,0
2022-01-02,Amador,005,37829,6122,5913,95,6008,70
2022-01-02,Butte,007,227075,23647,22469,4249,26718,341
2022-01-02,Calaveras,009,45235,4867,4668,73,4741,93
2022-01-02,Colusa,011,21464,2727,2659,750,3409,21
2022-01-02,Contra Costa,013,1133247,120635,109593,3524,113117,1073
2022-01-02,Del Norte,015,27424,3909,3841,64,3905,43
2022-01-02,El Dorado,017,186661,18824,17621,1989,19610,172
2022-01-02,Fresno,019,978130,156095,149927,14258,164185,2379
2022-01-02,Glenn,021,27897,3741,3663,1093,4756,39
2022-01-02,Humboldt,023,135768,11233,10381,926,11307,119
2022-01-02,Imperial,025,180216,39207,37672,4853,42525,800
2022-01-02,Inyo,027,18085,2954,2726,53,2779,49
2022-01-02,Kern,029,883053,141314,136123,27458,163581,1917
2022-01-02,Kings,031,150075,35538,34318,2212,36530,386
2022-01-02,Lake,033,64148,7266,7060,216,7276,117
2022-01-02,Lassen,035,31185,7172,7089,443,7532,55
2022-01-02,Los Angeles,037,10098052,1772614,1596123,76944,1673067,27371
2022-01-02,Madera,039,155013,25779,25002,2556,27558,320
2022-01-02,Marin,041,260295,22634,20475,1026,21501,249
2022-01-02,Mariposa,043,17540,1607,1509,66,1575,6
2022-01-02,Mendocino,045,87422,8869,8422,752,9174,101
2022-01-02,Merced,047,269075,45897,44769,2353,47122,694
2022-01-02,Modoc,049,8938,620,601,215,816,6
2022-01-02,Mono,051,14174,2274,2101,35,2136,4
2022-01-02,Monterey,053,433212,53922,50251,4141,54392,643
2022-01-02,Napa,055,140530,15988,14439,292,14731,107
2022-01-02,Nevada,057,99092,10906,10299,408,10707,110
2022-01-02,Orange,059,3164182,376997,339526,24305,363831,5890
2022-01-02,Placer,061,380077,43517,40857,4651,45508,489
2022-01-02,Plumas,063,18699,2080,1994,57,2051,12
2022-01-02,Riverside,065,2383286,425532,397124,19227,416351,5501
2022-01-02,Sacramento,067,1510023,185157,173562,6828,180390,2448
2022-01-02,San Benito,069,59416,8860,8320,213,8533,79
2022-01-02,San Bernardino,071,2135413,416628,386278,14170,400448,6051
2022-01-02,San Diego,073,3302833,480110,427087,28780,455867,4469
2022-01-02,San Francisco,075,870044,74535,64498,3531,68029,682
2022-01-02,San Joaquin,077,732212,112587,106640,6337,112977,1902
2022-01-02,San Luis Obispo,079,281455,34427,32342,1625,33967,365
2022-01-02,San Mateo,081,765935,71825,60504,1925,62429,581
2022-01-02,Santa Barbara,083,443738,53726,49555,1915,51470,568
2022-01-02,Santa Clara,085,1922200,183712,164547,3108,167655,1969
2022-01-02,Santa Cruz,087,273765,25044,22980,1301,24281,228
2022-01-02,Shasta,089,179085,23706,23161,3887,27048,435
2022-01-02,Sierra,091,2930,217,206,21,227,0
2022-01-02,Siskiyou,093,43540,3583,3474,1465,4939,61
2022-01-02,Solano,095,438530,52698,48957,1813,50770,379
2022-01-02,Sonoma,097,501317,49805,46040,844,46884,410
2022-01-02,Stanislaus,099,539301,86601,84367,9985,94352,1332
2022-01-02,Sutter,101,95872,15139,14741,450,15191,193
2022-01-02,Tehama,103,63373,9192,8944,1645,10589,139
2022-01-02,Trinity,105,12862,928,832,230,1062,17
2022-01-02,Tulare,107,460477,74514,71941,17904,89845,1160
2022-01-02,Tuolumne,109,53932,8366,8044,125,8169,91
2022-01-02,Ventura,111,848112,119670,107992,6122,114114,1211
2022-01-02,Yolo,113,214977,23712,21747,1703,23450,270
2022-01-02,Yuba,115,75493,11266,10844,445,11289,99
2022-01-01,Alameda,001,1643700,146289,133486,4273,137759,1528
2022-01-01,Alpine,003,1148,111,113,0,113,0
2022-01-01,Amador,005,37829,6087,5913,90,6003,70
2022-01-01,Butte,007,227075,23451,22469,4219,26688,341
2022-01-01,Calaveras,009,45235,4831,4668,71,4739,93
2022-01-01,Colusa,011,21464,2723,2659,739,3398,21
2022-01-01,Contra Costa,013,1133247,119270,109593,3396,112989,1073
2022-01-01,Del Norte,015,27424,3903,3841,64,3905,43
2022-01-01,El Dorado,017,186661,18677,17621,1974,19595,172
2022-01-01,Fresno,019,978130,155430,149927,14179,164106,2379
2022-01-01,Glenn,021,27897,3734,3663,1093,4756,39
2022-01-01,Humboldt,023,135768,11096,10381,905,11286,119
2022-01-01,Imperial,025,180216,39060,37672,4805,42477,800
2022-01-01,Inyo,027,18085,2925,2726,51,2777,49
2022-01-01,Kern,029,883053,140621,136123,27147,163270,1917
2022-01-01,Kings,031,150075,35398,34318,2185,36503,386
2022-01-01,Lake,033,64148,7227,7060,211,7271,117
2022-01-01,Lassen,035,31185,7166,7089,438,7527,55
2022-01-01,Los Angeles,037,10098052,1752509,1596123,74977,1671100,27371
2022-01-01,Madera,039,155013,25695,25002,2542,27544,320
2022-01-01,Marin,041,260295,22321,20475,985,21460,249
2022-01-01,Mariposa,043,17540,1596,1509,66,1575,6
2022-01-01,Mendocino,045,87422,8777,8422,746,9168,101
2022-01-01,Merced,047,269075,45765,44769,2343,47112,694
2022-01-01,Modoc,049,8938,617,601,215,816,6
2022-01-01,Mono,051,14174,2250,2101,30,2131,4
2022-01-01,Monterey,053,433212,53614,50251,4056,54307,643
2022-01-01,Napa,055,140530,15837,14439,277,14716,107
2022-01-01,Nevada,057,99092,10834,10299,401,10700,110
2022-01-01,Orange,059,3164182,372780,339526,23594,363120,5890
2022-01-01,Placer,061,380077,43219,40857,4586,45443,489
2022-01-01,Plumas,063,18699,2068,1994,57,2051,12
2022-01-01,Riverside,065,2383286,422043,397124,19023,416147,5501
2022-01-01,Sacramento,067,1510023,183884,173562,6559,180121,2448
2022-01-01,San Benito,069,59416,8770,8320,213,8533,79
2022-01-01,San Bernardino,071,2135413,413521,386278,13888,400166,6051
2022-01-01,San Diego,073,3302833,474175,427087,28264,455351,4469
2022-01-01,San Francisco,075,870044,73141,64498,3319,67817,682
2022-01-01,San Joaquin,077,732212,111889,106640,6263,112903,1902
2022-01-01,San Luis Obispo,079,281455,34226,32342,1615,33957,365
2022-01-01,San Mateo,081,765935,70360,60504,1774,62278,581
2022-01-01,Santa Barbara,083,443738,52989,49555,1879,51434,568
2022-01-01,Santa Clara,085,1922200,180681,164547,2911,167458,1969
2022-01-01,Santa Cruz,087,273765,24724,22980,1283,24263,228
2022-01-01,Shasta,089,179085,23625,23161,3869,27030,435
2022-01-01,Sierra,091,2930,216,206,21,227,0
2022-01-01,Siskiyou,093,43540,3580,3474,1455,4929,61
2022-01-01,Solano,095,438530,52432,48957,1756,50713,379
2022-01-01,Sonoma,097,501317,49412,46040,812,46852,410
2022-01-01,Stanislaus,099,539301,86197,84367,9919,94286,1332
2022-01-01,Sutter,101,95872,15063,14741,448,15189,193
2022-01-01,Tehama,103,63373,9160,8944,1633,10577,139
2022-01-01,Trinity,105,12862,925,832,230,1062,17
2022-01-01,Tulare,107,460477,74270,71941,17798,89739,1160
2022-01-01,Tuolumne,109,53932,8307,8044,122,8166,91
2022-01-01,Ventura,111,848112,118284,107992,5992,113984,1211
2022-01-01,Yolo,113,214977,23294,21747,1665,23412,270
2022-01-01,Yuba,115,75493,11201,10844,439,11283,99
2021-12-31,Alameda,001,1643700,145551,133486,4177,137663,1528
2021-12-31,Alpine,003,1148,111,113,0,113,0
2021-12-31,Amador,005,37829,6064,5913,89,6002,70
2021-12-31,Butte,007,227075,23347,22469,4189,26658,341
2021-12-31,Calaveras,009,45235,4800,4668,71,4739,93
2021-12-31,Colusa,011,21464,2714,2659,733,3392,21
2021-12-31,Contra Costa,013,1133247,118389,109593,3316,112909,1073
2021-12-31,Del Norte,015,27424,3894,3841,62,3903,43
2021-12-31,El Dorado,017,186661,18598,17621,1956,19577,172
2021-12-31,Fresno,019,978130,155126,149927,14158,164085,2379
2021-12-31,Glenn,021,27897,3733,3663,1091,4754,39
2021-12-31,Humboldt,023,135768,11010,10381,886,11267,119
2021-12-31,Imperial,025,180216,38930,37672,4789,42461,800
2021-12-31,Inyo,027,18085,2899,2726,51,2777,49
2021-12-31,Kern,029,883053,140116,136123,27009,163132,1917
2021-12-31,Kings,031,150075,35288,34318,2175,36493,386
2021-12-31,Lake,033,64148,7204,7060,206,7266,117
2021-12-31,Lassen,035,31185,7153,7089,438,7527,55
2021-12-31,Los Angeles,037,10098052,1741744,1596123,74216,1670339,27371
2021-12-31,Madera,039,155013,25627,25002,2525,27527,320
2021-12-31,Marin,041,260295,22166,20475,954,21429,249
2021-12-31,Mariposa,043,17540,1589,1509,65,1574,6
2021-12-31,Mendocino,045,87422,8744,8422,743,9165,101
2021-12-31,Merced,047,269075,45681,44769,2326,47095,694
2021-12-31,Modoc,049,8938,613,601,213,814,6
2021-12-31,Mono,051,14174,2237,2101,29,2130,4
2021-12-31,Monterey,053,433212,53488,50251,3990,54241,643
2021-12-31,Napa,055,140530,15725,14439,267,14706,107
2021-12-31,Nevada,057,99092,10768,10299,395,10694,110
2021-12-31,Orange,059,3164182,370271,339526,23169,362695,5890
2021-12-31,Placer,061,380077,42982,40857,4520,45377,489
2021-12-31,Plumas,063,18699,2063,1994,57,2051,12
2021-12-31,Riverside,065,2383286,420360,397124,18866,415990,5501
2021-12-31,Sacramento,067,1510023,183023,173562,6453,180015,2448
2021-12-31,San Benito,069,59416,8756,8320,212,8532,79
2021-12-31,San Bernardino,071,2135413,411331,386278,13700,399978,6051
2021-12-31,San Diego,073,3302833,470970,427087,27948,455035,4469
2021-12-31,San Francisco,075,870044,72221,64498,3263,67761,682
2021-12-31,San Joaquin,077,732212,111269,106640,6197,112837,1902
2021-12-31,San Luis Obispo,079,281455,34118,32342,1602,33944,365
2021-12-31,San Mateo,081,765935,69486,60504,1720,62224,581
2021-12-31,Santa Barbara,083,443738,52595,49555,1865,51420,568
2021-12-31,Santa Clara,085,1922200,178738,164547,2769,167316,1969
2021-12-31,Santa Cruz,087,273765,24489,22980,1261,24241,228
2021-12-31,Shasta,089,179085,23561,23161,3848,27009,435
2021-12-31,Sierra,091,2930,216,206,21,227,0
2021-12-31,Siskiyou,093,43540,3573,3474,1444,4918,61
2021-12-31,Solano,095,438530,52273,48957,1730,50687,379
2021-12-31,Sonoma,097,501317,49165,46040,799,46839,410
2021-12-31,Stanislaus,099,539301,85871,84367,9875,94242,1332
2021-12-31,Sutter,101,95872,15002,14741,442,15183,193
2021-12-31,Tehama,103,63373,9128,8944,1624,10568,139
2021-12-31,Trinity,105,12862,924,832,230,1062,17
2021-12-31,Tulare,107,460477,74069,71941,17710,89651,1160
2021-12-31,Tuolumne,109,53932,8263,8044,121,8165,91
2021-12-31,Ventura,111,848112,117311,107992,5910,113902,1211
2021-12-31,Yolo,113,214977,23074,21747,1642,23389,270
2021-12-31,Yuba,115,75493,11144,10844,433,11277,99
2021-12-30,Alameda,001,1643700,144307,133486,4046,137532,1528
2021-12-30,Alpine,003,1148,110,113,0,113,0
2021-12-30,Amador,005,37829,6045,5913,88,6001,70
2021-12-30,Butte,007,227075,23224,22469,4167,26636,341
2021-12-30,Calaveras,009,45235,4781,4668,71,4739,93
2021-12-30,Colusa,011,21464,2713,2659,731,3390,21
2021-12-30,Contra Costa,013,1133247,117297,109593,3204,112797,1073
2021-12-30,Del Norte,015,27424,3883,3841,61,3902,43
2021-12-30,El Dorado,017,186661,18493,17621,1935,19556,172
2021-12-30,Fresno,019,978130,154597,149927,14084,164011,2379
2021-12-30,Glenn,021,27897,3728,3663,1088,4751,39
2021-12-30,Humboldt,023,135768,10941,10381,874,11255,119
2021-12-30,Imperial,025,180216,38762,37672,4675,42347,800
2021-12-30,Inyo,027,18085,2881,2726,49,2775,49
2021-12-30,Kern,029,883053,139584,136123,26707,162830,1917
2021-12-30,Kings,031,150075,35169,34318,2160,36478,386
2021-12-30,Lake,033,64148,7190,7060,201,7261,117
2021-12-30,Lassen,035,31185,7147,7089,438,7527,55
2021-12-30,Los Angeles,037,10098052,1718441,1596123,72955,1669078,27371
2021-12-30,Madera,039,155013,25545,25002,2505,27507,320
2021-12-30,Marin,041,260295,21988,20475,930,21405,249
2021-12-30,Mariposa,043,17540,1583,1509,65,1574,6
2021-12-30,Mendocino,045,87422,8727,8422,732,9154,101
2021-12-30,Merced,047,269075,45579,44769,2312,47081,694
2021-12-30,Modoc,049,8938,612,601,213,814,6
2021-12-30,Mono,051,14174,2233,2101,28,2129,4
2021-12-30,Monterey,053,433212,53178,50251,3929,54180,643
2021-12-30,Napa,055,140530,15581,14439,258,14697,107
2021-12-30,Nevada,057,99092,10706,10299,387,10686,110
2021-12-30,Orange,059,3164182,365183,339526,22612,362138,5890
2021-12-30,Placer,061,380077,42705,40857,4472,45329,489
2021-12-30,Plumas,063,18699,2059,1994,56,2050,12
2021-12-30,Riverside,065,2383286,417090,397124,18710,415834,5501
2021-12-30,Sacramento,067,1510023,181766,173562,6305,179867,2448
2021-12-30,San Benito,069,59416,8711,8320,208,8528,79
2021-12-30,San Bernardino,071,2135413,408826,386278,13552,399830,6051
2021-12-30,San Diego,073,3302833,465812,427087,27443,454530,4469
2021-12-30,San Francisco,075,870044,71133,64498,3190,67688,682
2021-12-30,San Joaquin,077,732212,110676,106640,6154,112794,1902
2021-12-30,San Luis Obispo,079,281455,33998,32342,1588,33930,365
2021-12-30,San Mateo,081,765935,68439,60504,1588,62092,581
2021-12-30,Santa Barbara,083,443738,52115,49555,1845,51400,568
2021-12-30,Santa Clara,085,1922200,176462,164547,2645,167192,1969
2021-12-30,Santa Cruz,087,273765,24250,22980,1226,24206,228
2021-12-30,Shasta,089,179085,23510,23161,3842,27003,435
2021-12-30,Sierra,091,2930,216,206,21,227,0
2021-12-30,Siskiyou,093,43540,3564,3474,1442,4916,61
2021-12-30,Solano,095,438530,51924,48957,1683,50640,379
2021-12-30,Sonoma,097,501317,48831,46040,789,46829,410
2021-12-30,Stanislaus,099,539301,85556,84367,9826,94193,1332
2021-12-30,Sutter,101,95872,14940,14741,441,15182,193
2021-12-30,Tehama,103,63373,9100,8944,1618,10562,139
2021-12-30,Trinity,105,12862,921,832,230,1062,17
2021-12-30,Tulare,107,460477,73889,71941,17628,89569,1160
2021-12-30,Tuolumne,109,53932,8224,8044,120,8164,91
2021-12-30,Ventura,111,848112,116054,107992,5810,113802,1211
2021-12-30,Yolo,113,214977,22936,21747,1617,23364,270
2021-12-30,Yuba,115,75493,11097,10844,431,11275,99
2021-12-29,Alameda,001,1643700,141162,131586,3892,135478,1529
2021-12-29,Alpine,003,1148,110,113,0,113,0
2021-12-29,Amador,005,37829,6022,5905,85,5990,70
2021-12-29,Butte,007,227075,23082,22353,4131,26484,338
2021-12-29,Calaveras,009,45235,4753,4646,69,4715,93
2021-12-29,Colusa,011,21464,2703,2657,726,3383,21
2021-12-29,Contra Costa,013,1133247,115203,108165,3078,111243,1072
2021-12-29,Del Norte,015,27424,3869,3826,59,3885,43
2021-12-29,El Dorado,017,186661,18268,17489,1917,19406,172
2021-12-29,Fresno,019,978130,153466,149318,13969,163287,2364
2021-12-29,Glenn,021,27897,3718,3653,1086,4739,39
2021-12-29,Humboldt,023,135768,10833,10249,852,11101,119
2021-12-29,Imperial,025,180216,38525,37460,4606,42066,800
2021-12-29,Inyo,027,18085,2849,2703,49,2752,49
2021-12-29,Kern,029,883053,138782,135648,26318,161966,1913
2021-12-29,Kings,031,150075,35054,34216,2154,36370,386
2021-12-29,Lake,033,64148,7159,7048,199,7247,117
2021-12-29,Lassen,035,31185,7143,7085,437,7522,55
2021-12-29,Los Angeles,037,10098052,1688491,1576414,71229,1647643,27349
2021-12-29,Madera,039,155013,25441,24923,2494,27417,320
2021-12-29,Marin,041,260295,21632,20025,909,20934,249
2021-12-29,Mariposa,043,17540,1561,1507,65,1572,6
2021-12-29,Mendocino,045,87422,8668,8386,728,9114,99
2021-12-29,Merced,047,269075,45363,44548,2298,46846,693
2021-12-29,Modoc,049,8938,609,600,213,813,6
2021-12-29,Mono,051,14174,2209,2056,27,2083,4
2021-12-29,Monterey,053,433212,52766,50097,3824,53921,641
2021-12-29,Napa,055,140530,15256,14247,239,14486,107
2021-12-29,Nevada,057,99092,10614,10274,386,10660,110
2021-12-29,Orange,059,3164182,357666,334557,21934,356491,5887
2021-12-29,Placer,061,380077,42219,40545,4397,44942,489
2021-12-29,Plumas,063,18699,2047,1990,56,2046,12
2021-12-29,Riverside,065,2383286,411672,392989,18501,411490,5486
2021-12-29,Sacramento,067,1510023,179422,172145,6139,178284,2437
2021-12-29,San Benito,069,59416,8567,8239,207,8446,79
2021-12-29,San Bernardino,071,2135413,403535,382872,13341,396213,6049
2021-12-29,San Diego,073,3302833,454926,421045,26727,447772,4461
2021-12-29,San Francisco,075,870044,69435,63117,3118,66235,684
2021-12-29,San Joaquin,077,732212,109496,106063,6082,112145,1891
2021-12-29,San Luis Obispo,079,281455,33604,31936,1539,33475,365
2021-12-29,San Mateo,081,765935,66826,59478,1478,60956,581
2021-12-29,Santa Barbara,083,443738,51275,49003,1820,50823,568
2021-12-29,Santa Clara,085,1922200,173317,162008,2512,164520,1962
2021-12-29,Santa Cruz,087,273765,23972,22669,1194,23863,228
2021-12-29,Shasta,089,179085,23434,23083,3830,26913,435
2021-12-29,Sierra,091,2930,215,206,21,227,0
2021-12-29,Siskiyou,093,43540,3552,3472,1431,4903,61
2021-12-29,Solano,095,438530,51219,48562,1627,50189,379
2021-12-29,Sonoma,097,501317,48035,45479,766,46245,410
2021-12-29,Stanislaus,099,539301,85074,84083,9772,93855,1332
2021-12-29,Sutter,101,95872,14872,14688,439,15127,193
2021-12-29,Tehama,103,63373,9076,8914,1605,10519,138
2021-12-29,Trinity,105,12862,919,832,230,1062,17
2021-12-29,Tulare,107,460477,73597,71752,17511,89263,1160
2021-12-29,Tuolumne,109,53932,8171,8012,119,8131,91
2021-12-29,Ventura,111,848112,114114,106974,5630,112604,1207
2021-12-29,Yolo,113,214977,22697,21564,1586,23150,270
2021-12-29,Yuba,115,75493,11036,10808,427,11235,99
2021-12-28,Alameda,001,1643700,138075,130427,3731,134158,1522
2021-12-28,Alpine,003,1148,110,113,0,113,0
2021-12-28,Amador,005,37829,6002,5900,84,5984,70
2021-12-28,Butte,007,227075,22941,22285,4114,26399,338
2021-12-28,Calaveras,009,45235,4736,4641,68,4709,91
2021-12-28,Colusa,011,21464,2697,2653,724,3377,21
2021-12-28,Contra Costa,013,1133247,112904,107160,2960,110120,1072
2021-12-28,Del Norte,015,27424,3863,3815,59,3874,43
2021-12-28,El Dorado,017,186661,18043,17419,1906,19325,172
2021-12-28,Fresno,019,978130,152383,148987,13885,162872,2365
2021-12-28,Glenn,021,27897,3692,3639,1082,4721,39
2021-12-28,Humboldt,023,135768,10712,10198,827,11025,119
2021-12-28,Imperial,025,180216,38227,37223,4501,41724,800
2021-12-28,Inyo,027,18085,2791,2676,48,2724,48
2021-12-28,Kern,029,883053,138063,135346,25963,161309,1909
2021-12-28,Kings,031,150075,34917,34165,2139,36304,386
2021-12-28,Lake,033,64148,7140,7044,194,7238,116
2021-12-28,Lassen,035,31185,7135,7083,437,7520,55
2021-12-28,Los Angeles,037,10098052,1656266,1561791,69558,1631349,27323
2021-12-28,Madera,039,155013,25316,24865,2474,27339,320
2021-12-28,Marin,041,260295,21219,19739,879,20618,249
2021-12-28,Mariposa,043,17540,1550,1499,64,1563,6
2021-12-28,Mendocino,045,87422,8608,8366,720,9086,98
2021-12-28,Merced,047,269075,45124,44434,2288,46722,691
2021-12-28,Modoc,049,8938,609,599,212,811,6
2021-12-28,Mono,051,14174,2186,2045,25,2070,4
2021-12-28,Monterey,053,433212,52390,49973,3751,53724,639
2021-12-28,Napa,055,140530,14939,14131,212,14343,107
2021-12-28,Nevada,057,99092,10524,10250,383,10633,110
2021-12-28,Orange,059,3164182,350000,331279,21191,352470,5882
2021-12-28,Placer,061,380077,41747,40410,4327,44737,489
2021-12-28,Plumas,063,18699,2044,1989,56,2045,12
2021-12-28,Riverside,065,2383286,406429,390343,18254,408597,5470
2021-12-28,Sacramento,067,1510023,177139,171290,6005,177295,2426
2021-12-28,San Benito,069,59416,8424,8170,205,8375,79
2021-12-28,San Bernardino,071,2135413,397979,381316,13128,394444,6047
2021-12-28,San Diego,073,3302833,444176,417383,26181,443564,4450
2021-12-28,San Francisco,075,870044,67819,61745,3059,64804,682
2021-12-28,San Joaquin,077,732212,108441,105572,6037,111609,1884
2021-12-28,San Luis Obispo,079,281455,33145,31759,1523,33282,365
2021-12-28,San Mateo,081,765935,65316,58712,1389,60101,582
2021-12-28,Santa Barbara,083,443738,50629,48493,1800,50293,568
2021-12-28,Santa Clara,085,1922200,170180,160811,2416,163227,1962
2021-12-28,Santa Cruz,087,273765,23600,22513,1155,23668,228
2021-12-28,Shasta,089,179085,23362,23035,3825,26860,434
2021-12-28,Sierra,091,2930,212,206,21,227,0
2021-12-28,Siskiyou,093,43540,3543,3468,1426,4894,60
2021-12-28,Solano,095,438530,50302,48318,1573,49891,378
2021-12-28,Sonoma,097,501317,47174,45086,740,45826,410
2021-12-28,Stanislaus,099,539301,84595,83946,9720,93666,1331
2021-12-28,Sutter,101,95872,14822,14662,436,15098,193
2021-12-28,Tehama,103,63373,9059,8893,1603,10496,138
2021-12-28,Trinity,105,12862,917,831,229,1060,17
2021-12-28,Tulare,107,460477,73314,71630,17386,89016,1156
2021-12-28,Tuolumne,109,53932,8128,8006,119,8125,91
2021-12-28,Ventura,111,848112,112002,105883,5499,111382,1207
2021-12-28,Yolo,113,214977,22361,21320,1534,22854,270
2021-12-28,Yuba,115,75493,10981,10778,424,11202,99
2021-12-27,Alameda,001,1643700,135496,129910,3591,133501,1530
2021-12-27,Alpine,003,1148,110,113,0,113,0
2021-12-27,Amador,005,37829,5974,5891,84,5975,70
2021-12-27,Butte,007,227075,22808,22234,4091,26325,335
2021-12-27,Calaveras,009,45235,4712,4630,67,4697,91
2021-12-27,Colusa,011,21464,2686,2652,718,3370,21
2021-12-27,Contra Costa,013,1133247,110739,106692,2879,109571,1071
2021-12-27,Del Norte,015,27424,3854,3802,58,3860,43
2021-12-27,El Dorado,017,186661,17884,17361,1893,19254,172
2021-12-27,Fresno,019,978130,151421,148826,13804,162630,2364
2021-12-27,Glenn,021,27897,3684,3634,1076,4710,39
2021-12-27,Humboldt,023,135768,10597,10164,805,10969,119
2021-12-27,Imperial,025,180216,37986,37180,4401,41581,800
2021-12-27,Inyo,027,18085,2762,2662,46,2708,48
2021-12-27,Kern,029,883053,137415,135119,25660,160779,1907
2021-12-27,Kings,031,150075,34768,34126,2126,36252,382
2021-12-27,Lake,033,64148,7117,7037,184,7221,116
2021-12-27,Lassen,035,31185,7129,7080,437,7517,55
2021-12-27,Los Angeles,037,10098052,1619962,1554074,67792,1621866,27300
2021-12-27,Madera,039,155013,25200,24840,2455,27295,320
2021-12-27,Marin,041,260295,20831,19601,852,20453,249
2021-12-27,Mariposa,043,17540,1535,1495,64,1559,6
2021-12-27,Mendocino,045,87422,8541,8351,715,9066,98
2021-12-27,Merced,047,269075,44893,44383,2271,46654,690
2021-12-27,Modoc,049,8938,607,599,212,811,6
2021-12-27,Mono,051,14174,2123,2026,25,2051,4
2021-12-27,Monterey,053,433212,52087,49918,3699,53617,639
2021-12-27,Napa,055,140530,14670,14083,203,14286,107
2021-12-27,Nevada,057,99092,10455,10239,375,10614,110
2021-12-27,Orange,059,3164182,342533,329222,20384,349606,5875
2021-12-27,Placer,061,380077,41364,40263,4278,44541,489
2021-12-27,Plumas,063,18699,2042,1988,54,2042,12
2021-12-27,Riverside,065,2383286,401844,389096,17995,407091,5470
2021-12-27,Sacramento,067,1510023,175119,170858,5833,176691,2422
2021-12-27,San Benito,069,59416,8307,8133,201,8334,79
2021-12-27,San Bernardino,071,2135413,392261,380526,12930,393456,6047
2021-12-27,San Diego,073,3302833,433967,414968,25693,440661,4445
2021-12-27,San Francisco,075,870044,66080,60920,2994,63914,682
2021-12-27,San Joaquin,077,732212,107523,105413,5975,111388,1876
2021-12-27,San Luis Obispo,079,281455,32702,31671,1501,33172,365
2021-12-27,San Mateo,081,765935,63799,58397,1289,59686,581
2021-12-27,Santa Barbara,083,443738,49845,48209,1779,49988,568
2021-12-27,Santa Clara,085,1922200,167213,159904,2290,162194,1961
2021-12-27,Santa Cruz,087,273765,23311,22456,1137,23593,228
2021-12-27,Shasta,089,179085,23299,23015,3814,26829,432
2021-12-27,Sierra,091,2930,212,206,21,227,0
2021-12-27,Siskiyou,093,43540,3534,3466,1421,4887,60
2021-12-27,Solano,095,438530,49568,48172,1525,49697,378
2021-12-27,Sonoma,097,501317,46597,44990,721,45711,410
2021-12-27,Stanislaus,099,539301,84148,83833,9682,93515,1331
2021-12-27,Sutter,101,95872,14766,14642,431,15073,191
2021-12-27,Tehama,103,63373,9044,8887,1596,10483,136
2021-12-27,Trinity,105,12862,917,827,229,1056,17
2021-12-27,Tulare,107,460477,73049,71562,17289,88851,1146
2021-12-27,Tuolumne,109,53932,8091,7978,118,8096,91
2021-12-27,Ventura,111,848112,109913,105212,5363,110575,1206
2021-12-27,Yolo,113,214977,22066,21300,1499,22799,270
2021-12-27,Yuba,115,75493,10920,10759,423,11182,98
2021-12-26,Alameda,001,1643700,133461,127221,3517,130738,1525
2021-12-26,Alpine,003,1148,110,113,0,113,0
2021-12-26,Amador,005,37829,5958,5861,82,5943,70
2021-12-26,Butte,007,227075,22653,22087,4068,26155,330
2021-12-26,Calaveras,009,45235,4690,4591,67,4658,91
2021-12-26,Colusa,011,21464,2675,2647,712,3359,21
2021-12-26,Contra Costa,013,1133247,108980,105022,2780,107802,1071
2021-12-26,Del Norte,015,27424,3849,3795,58,3853,43
2021-12-26,El Dorado,017,186661,17728,17188,1884,19072,172
2021-12-26,Fresno,019,978130,150713,148027,13726,161753,2358
2021-12-26,Glenn,021,27897,3676,3611,1065,4676,39
2021-12-26,Humboldt,023,135768,10453,10052,782,10834,119
2021-12-26,Imperial,025,180216,37680,36878,4308,41186,800
2021-12-26,Inyo,027,18085,2738,2636,43,2679,47
2021-12-26,Kern,029,883053,136696,134591,25404,159995,1908
2021-12-26,Kings,031,150075,34616,34009,2120,36129,379
2021-12-26,Lake,033,64148,7095,7019,181,7200,116
2021-12-26,Lassen,035,31185,7123,7072,436,7508,55
2021-12-26,Los Angeles,037,10098052,1590121,1515469,65983,1581452,27257
2021-12-26,Madera,039,155013,25082,24741,2439,27180,320
2021-12-26,Marin,041,260295,20450,19085,792,19877,249
2021-12-26,Mariposa,043,17540,1529,1480,64,1544,6
2021-12-26,Mendocino,045,87422,8490,8314,713,9027,98
2021-12-26,Merced,047,269075,44642,44208,2260,46468,690
2021-12-26,Modoc,049,8938,606,597,210,807,6
2021-12-26,Mono,051,14174,2097,2000,25,2025,4
2021-12-26,Monterey,053,433212,51808,49709,3650,53359,638
2021-12-26,Napa,055,140530,14434,13809,198,14007,107
2021-12-26,Nevada,057,99092,10395,10153,368,10521,110
2021-12-26,Orange,059,3164182,336205,322991,19580,342571,5863
2021-12-26,Placer,061,380077,41018,39852,4207,44059,489
2021-12-26,Plumas,063,18699,2034,1987,53,2040,12
2021-12-26,Riverside,065,2383286,397662,384567,17825,402392,5470
2021-12-26,Sacramento,067,1510023,173396,169144,5683,174827,2418
2021-12-26,San Benito,069,59416,8218,7991,197,8188,79
2021-12-26,San Bernardino,071,2135413,387664,376052,12753,388805,6043
2021-12-26,San Diego,073,3302833,425006,406616,25205,431821,4442
2021-12-26,San Francisco,075,870044,64511,58229,2932,61161,682
2021-12-26,San Joaquin,077,732212,106707,104590,5922,110512,1872
2021-12-26,San Luis Obispo,079,281455,32263,31290,1483,32773,365
2021-12-26,San Mateo,081,765935,62398,56973,1241,58214,581
2021-12-26,Santa Barbara,083,443738,49170,47553,1749,49302,567
2021-12-26,Santa Clara,085,1922200,164520,156872,2157,159029,1967
2021-12-26,Santa Cruz,087,273765,23026,22176,1123,23299,228
2021-12-26,Shasta,089,179085,23216,22959,3802,26761,432
2021-12-26,Sierra,091,2930,212,202,21,223,0
2021-12-26,Siskiyou,093,43540,3526,3460,1412,4872,60
2021-12-26,Solano,095,438530,49065,47646,1487,49133,377
2021-12-26,Sonoma,097,501317,46101,44358,688,45046,408
2021-12-26,Stanislaus,099,539301,83776,83368,9646,93014,1331
2021-12-26,Sutter,101,95872,14702,14533,428,14961,191
2021-12-26,Tehama,103,63373,9011,8861,1593,10454,136
2021-12-26,Trinity,105,12862,917,826,228,1054,17
2021-12-26,Tulare,107,460477,72801,71292,17178,88470,1137
2021-12-26,Tuolumne,109,53932,8054,7919,118,8037,91
2021-12-26,Ventura,111,848112,108080,103498,5213,108711,1206
2021-12-26,Yolo,113,214977,21784,21084,1459,22543,270
2021-12-26,Yuba,115,75493,10869,10694,421,11115,98
2021-12-25,Alameda,001,1643700,132411,127221,3453,130674,1525
2021-12-25,Alpine,003,1148,110,113,0,113,0
2021-12-25,Amador,005,37829,5939,5861,82,5943,70
2021-12-25,Butte,007,227075,22557,22087,4052,26139,330
2021-12-25,Calaveras,009,45235,4661,4591,66,4657,91
2021-12-25,Colusa,011,21464,2670,2647,706,3353,21
2021-12-25,Contra Costa,013,1133247,108158,105022,2727,107749,1071
2021-12-25,Del Norte,015,27424,3842,3795,57,3852,43
2021-12-25,El Dorado,017,186661,17675,17188,1873,19061,172
2021-12-25,Fresno,019,978130,150402,148027,13678,161705,2358
2021-12-25,Glenn,021,27897,3666,3611,1060,4671,39
2021-12-25,Humboldt,023,135768,10375,10052,775,10827,119
2021-12-25,Imperial,025,180216,37560,36878,4285,41163,800
2021-12-25,Inyo,027,18085,2718,2636,43,2679,47
2021-12-25,Kern,029,883053,136349,134591,25279,159870,1908
2021-12-25,Kings,031,150075,34526,34009,2113,36122,379
2021-12-25,Lake,033,64148,7083,7019,179,7198,116
2021-12-25,Lassen,035,31185,7121,7072,436,7508,55
2021-12-25,Los Angeles,037,10098052,1577317,1515469,64648,1580117,27257
2021-12-25,Madera,039,155013,25034,24741,2433,27174,320
2021-12-25,Marin,041,260295,20110,19085,743,19828,249
2021-12-25,Mariposa,043,17540,1523,1480,64,1544,6
2021-12-25,Mendocino,045,87422,8452,8314,713,9027,98
2021-12-25,Merced,047,269075,44542,44208,2258,46466,690
2021-12-25,Modoc,049,8938,606,597,210,807,6
2021-12-25,Mono,051,14174,2080,2000,25,2025,4
2021-12-25,Monterey,053,433212,51639,49709,3615,53324,638
2021-12-25,Napa,055,140530,14319,13809,190,13999,107
2021-12-25,Nevada,057,99092,10366,10153,368,10521,110
2021-12-25,Orange,059,3164182,333337,322991,19005,341996,5863
2021-12-25,Placer,061,380077,40838,39852,4171,44023,489
2021-12-25,Plumas,063,18699,2032,1987,53,2040,12
2021-12-25,Riverside,065,2383286,395381,384567,17705,402272,5470
2021-12-25,Sacramento,067,1510023,172583,169144,5574,174718,2418
2021-12-25,San Benito,069,59416,8153,7991,197,8188,79
2021-12-25,San Bernardino,071,2135413,385510,376052,12613,388665,6043
2021-12-25,San Diego,073,3302833,420954,406616,24935,431551,4442
2021-12-25,San Francisco,075,870044,63488,58229,2896,61125,682
2021-12-25,San Joaquin,077,732212,106372,104590,5890,110480,1872
2021-12-25,San Luis Obispo,079,281455,32108,31290,1474,32764,365
2021-12-25,San Mateo,081,765935,61367,56973,1198,58171,581
2021-12-25,Santa Barbara,083,443738,48807,47553,1737,49290,567
2021-12-25,Santa Clara,085,1922200,163038,156872,2090,158962,1967
2021-12-25,Santa Cruz,087,273765,22867,22176,1117,23293,228
2021-12-25,Shasta,089,179085,23186,22959,3796,26755,432
2021-12-25,Sierra,091,2930,212,202,21,223,0
2021-12-25,Siskiyou,093,43540,3523,3460,1406,4866,60
2021-12-25,Solano,095,438530,48941,47646,1469,49115,377
2021-12-25,Sonoma,097,501317,45717,44358,662,45020,408
2021-12-25,Stanislaus,099,539301,83563,83368,9625,92993,1331
2021-12-25,Sutter,101,95872,14661,14533,426,14959,191
2021-12-25,Tehama,103,63373,8991,8861,1589,10450,136
2021-12-25,Trinity,105,12862,916,826,228,1054,17
2021-12-25,Tulare,107,460477,72665,71292,17098,88390,1137
2021-12-25,Tuolumne,109,53932,8023,7919,118,8037,91
2021-12-25,Ventura,111,848112,106910,103498,5104,108602,1206
2021-12-25,Yolo,113,214977,21672,21084,1437,22521,270
2021-12-25,Yuba,115,75493,10843,10694,420,11114,98
2021-12-24,Alameda,001,1643700,131807,127221,3435,130656,1525
2021-12-24,Alpine,003,1148,110,113,0,113,0
2021-12-24,Amador,005,37829,5931,5861,81,5942,70
2021-12-24,Butte,007,227075,22502,22087,4039,26126,330
2021-12-24,Calaveras,009,45235,4655,4591,66,4657,91
2021-12-24,Colusa,011,21464,2668,2647,705,3352,21
2021-12-24,Contra Costa,013,1133247,107840,105022,2695,107717,1071
2021-12-24,Del Norte,015,27424,3835,3795,57,3852,43
2021-12-24,El Dorado,017,186661,17623,17188,1868,19056,172
2021-12-24,Fresno,019,978130,150237,148027,13665,161692,2358
2021-12-24,Glenn,021,27897,3665,3611,1060,4671,39
2021-12-24,Humboldt,023,135768,10319,10052,769,10821,119
2021-12-24,Imperial,025,180216,37477,36878,4281,41159,800
2021-12-24,Inyo,027,18085,2698,2636,43,2679,47
2021-12-24,Kern,029,883053,136226,134591,25237,159828,1908
2021-12-24,Kings,031,150075,34459,34009,2112,36121,379
2021-12-24,Lake,033,64148,7079,7019,179,7198,116
2021-12-24,Lassen,035,31185,7118,7072,436,7508,55
2021-12-24,Los Angeles,037,10098052,1572468,1515469,64118,1579587,27257
2021-12-24,Madera,039,155013,25001,24741,2428,27169,320
2021-12-24,Marin,041,260295,19966,19085,712,19797,249
2021-12-24,Mariposa,043,17540,1521,1480,64,1544,6
2021-12-24,Mendocino,045,87422,8435,8314,713,9027,98
2021-12-24,Merced,047,269075,44492,44208,2256,46464,690
2021-12-24,Modoc,049,8938,606,597,210,807,6
2021-12-24,Mono,051,14174,2067,2000,25,2025,4
2021-12-24,Monterey,053,433212,51541,49709,3590,53299,638
2021-12-24,Napa,055,140530,14253,13809,186,13995,107
2021-12-24,Nevada,057,99092,10339,10153,366,10519,110
2021-12-24,Orange,059,3164182,332287,322991,18845,341836,5863
2021-12-24,Placer,061,380077,40720,39852,4155,44007,489
2021-12-24,Plumas,063,18699,2031,1987,53,2040,12
2021-12-24,Riverside,065,2383286,394392,384567,17615,402182,5470
2021-12-24,Sacramento,067,1510023,172270,169144,5538,174682,2418
2021-12-24,San Benito,069,59416,8144,7991,196,8187,79
2021-12-24,San Bernardino,071,2135413,384412,376052,12542,388594,6043
2021-12-24,San Diego,073,3302833,419851,406616,24807,431423,4442
2021-12-24,San Francisco,075,870044,62978,58229,2878,61107,682
2021-12-24,San Joaquin,077,732212,106179,104590,5883,110473,1872
2021-12-24,San Luis Obispo,079,281455,32046,31290,1464,32754,365
2021-12-24,San Mateo,081,765935,60935,56973,1175,58148,581
2021-12-24,Santa Barbara,083,443738,48602,47553,1730,49283,567
2021-12-24,Santa Clara,085,1922200,162217,156872,2056,158928,1967
2021-12-24,Santa Cruz,087,273765,22784,22176,1114,23290,228
2021-12-24,Shasta,089,179085,23154,22959,3792,26751,432
2021-12-24,Sierra,091,2930,211,202,21,223,0
2021-12-24,Siskiyou,093,43540,3518,3460,1402,4862,60
2021-12-24,Solano,095,438530,48889,47646,1467,49113,377
2021-12-24,Sonoma,097,501317,45553,44358,654,45012,408
2021-12-24,Stanislaus,099,539301,83451,83368,9612,92980,1331
2021-12-24,Sutter,101,95872,14641,14533,423,14956,191
2021-12-24,Tehama,103,63373,8982,8861,1586,10447,136
2021-12-24,Trinity,105,12862,914,826,228,1054,17
2021-12-24,Tulare,107,460477,72599,71292,17054,88346,1137
2021-12-24,Tuolumne,109,53932,7998,7919,118,8037,91
2021-12-24,Ventura,111,848112,106462,103498,5048,108546,1206
2021-12-24,Yolo,113,214977,21599,21084,1419,22503,270
2021-12-24,Yuba,115,75493,10820,10694,419,11113,98
2021-12-23,Alameda,001,1643700,131114,127221,3400,130621,1525
2021-12-23,Alpine,003,1148,110,113,0,113,0
2021-12-23,Amador,005,37829,5919,5861,79,5940,70
2021-12-23,Butte,007,227075,22452,22087,4027,26114,330
2021-12-23,Calaveras,009,45235,4644,4591,66,4657,91
2021-12-23,Colusa,011,21464,2662,2647,701,3348,21
2021-12-23,Contra Costa,013,1133247,107410,105022,2650,107672,1071
2021-12-23,Del Norte,015,27424,3832,3795,57,3852,43
2021-12-23,El Dorado,017,186661,17560,17188,1862,19050,172
2021-12-23,Fresno,019,978130,150032,148027,13643,161670,2358
2021-12-23,Glenn,021,27897,3661,3611,1060,4671,39
2021-12-23,Humboldt,023,135768,10266,10052,766,10818,119
2021-12-23,Imperial,025,180216,37404,36878,4252,41130,800
2021-12-23,Inyo,027,18085,2685,2636,43,2679,47
2021-12-23,Kern,029,883053,136074,134591,25139,159730,1908
2021-12-23,Kings,031,150075,34418,34009,2111,36120,379
2021-12-23,Lake,033,64148,7067,7019,177,7196,116
2021-12-23,Lassen,035,31185,7117,7072,436,7508,55
2021-12-23,Los Angeles,037,10098052,1562938,1515469,63013,1578482,27257
2021-12-23,Madera,039,155013,24969,24741,2423,27164,320
2021-12-23,Marin,041,260295,19832,19085,695,19780,249
2021-12-23,Mariposa,043,17540,1516,1480,64,1544,6
2021-12-23,Mendocino,045,87422,8426,8314,713,9027,98
2021-12-23,Merced,047,269075,44443,44208,2254,46462,690
2021-12-23,Modoc,049,8938,606,597,210,807,6
2021-12-23,Mono,051,14174,2046,2000,24,2024,4
2021-12-23,Monterey,053,433212,51423,49709,3569,53278,638
2021-12-23,Napa,055,140530,14172,13809,181,13990,107
2021-12-23,Nevada,057,99092,10316,10153,365,10518,110
2021-12-23,Orange,059,3164182,330603,322991,18512,341503,5863
2021-12-23,Placer,061,380077,40595,39852,4139,43991,489
2021-12-23,Plumas,063,18699,2031,1987,53,2040,12
2021-12-23,Riverside,065,2383286,393180,384567,17546,402113,5470
2021-12-23,Sacramento,067,1510023,171814,169144,5490,174634,2418
2021-12-23,San Benito,069,59416,8125,7991,194,8185,79
2021-12-23,San Bernardino,071,2135413,383269,376052,12438,388490,6043
2021-12-23,San Diego,073,3302833,418016,406616,24607,431223,4442
2021-12-23,San Francisco,075,870044,62252,58229,2850,61079,682
2021-12-23,San Joaquin,077,732212,105961,104590,5870,110460,1872
2021-12-23,San Luis Obispo,079,281455,31974,31290,1460,32750,365
2021-12-23,San Mateo,081,765935,60373,56973,1154,58127,581
2021-12-23,Santa Barbara,083,443738,48403,47553,1728,49281,567
2021-12-23,Santa Clara,085,1922200,161310,156872,1997,158869,1967
2021-12-23,Santa Cruz,087,273765,22668,22176,1102,23278,228
2021-12-23,Shasta,089,179085,23125,22959,3789,26748,432
2021-12-23,Sierra,091,2930,208,202,21,223,0
2021-12-23,Siskiyou,093,43540,3518,3460,1400,4860,60
2021-12-23,Solano,095,438530,48781,47646,1451,49097,377
2021-12-23,Sonoma,097,501317,45376,44358,651,45009,408
2021-12-23,Stanislaus,099,539301,83323,83368,9598,92966,1331
2021-12-23,Sutter,101,95872,14623,14533,422,14955,191
2021-12-23,Tehama,103,63373,8970,8861,1582,10443,136
2021-12-23,Trinity,105,12862,914,826,228,1054,17
2021-12-23,Tulare,107,460477,72523,71292,17009,88301,1137
2021-12-23,Tuolumne,109,53932,7980,7919,117,8036,91
2021-12-23,Ventura,111,848112,105927,103498,4981,108479,1206
2021-12-23,Yolo,113,214977,21527,21084,1401,22485,270
2021-12-23,Yuba,115,75493,10807,10694,419,11113,98
2021-12-22,Alameda,001,1643700,130199,126533,3316,129849,1522
2021-12-22,Alpine,003,1148,110,112,0,112,0
2021-12-22,Amador,005,37829,5906,5850,78,5928,70
2021-12-22,Butte,007,227075,22402,22070,4016,26086,330
2021-12-22,Calaveras,009,45235,4635,4580,66,4646,91
2021-12-22,Colusa,011,21464,2662,2645,698,3343,21
2021-12-22,Contra Costa,013,1133247,106770,104559,2607,107166,1070
2021-12-22,Del Norte,015,27424,3832,3794,57,3851,43
2021-12-22,El Dorado,017,186661,17499,17140,1853,18993,172
2021-12-22,Fresno,019,978130,149750,147838,13609,161447,2349
2021-12-22,Glenn,021,27897,3656,3604,1060,4664,39
2021-12-22,Humboldt,023,135768,10206,10022,761,10783,119
2021-12-22,Imperial,025,180216,37318,36755,4215,40970,798
2021-12-22,Inyo,027,18085,2667,2632,43,2675,47
2021-12-22,Kern,029,883053,135839,134433,25054,159487,1900
2021-12-22,Kings,031,150075,34368,33953,2104,36057,376
2021-12-22,Lake,033,64148,7060,7008,175,7183,116
2021-12-22,Lassen,035,31185,7112,7069,435,7504,55
2021-12-22,Los Angeles,037,10098052,1549421,1507110,61835,1568945,27234
2021-12-22,Madera,039,155013,24930,24702,2419,27121,320
2021-12-22,Marin,041,260295,19610,18927,672,19599,249
2021-12-22,Mariposa,043,17540,1509,1480,64,1544,6
2021-12-22,Mendocino,045,87422,8417,8299,713,9012,99
2021-12-22,Merced,047,269075,44372,44137,2252,46389,689
2021-12-22,Modoc,049,8938,606,595,210,805,6
2021-12-22,Mono,051,14174,2042,1979,24,2003,4
2021-12-22,Monterey,053,433212,51266,49650,3552,53202,639
2021-12-22,Napa,055,140530,14044,13746,171,13917,107
2021-12-22,Nevada,057,99092,10289,10101,360,10461,110
2021-12-22,Orange,059,3164182,328320,321765,18079,339844,5858
2021-12-22,Placer,061,380077,40413,39758,4102,43860,489
2021-12-22,Plumas,063,18699,2027,1986,53,2039,12
2021-12-22,Riverside,065,2383286,391364,383319,17431,400750,5472
2021-12-22,Sacramento,067,1510023,171158,168695,5420,174115,2422
2021-12-22,San Benito,069,59416,8073,7971,192,8163,79
2021-12-22,San Bernardino,071,2135413,381635,375044,12354,387398,6039
2021-12-22,San Diego,073,3302833,413906,404269,24279,428548,4434
2021-12-22,San Francisco,075,870044,61264,57520,2805,60325,682
2021-12-22,San Joaquin,077,732212,105690,104385,5856,110241,1870
2021-12-22,San Luis Obispo,079,281455,31833,31175,1440,32615,365
2021-12-22,San Mateo,081,765935,59690,56604,1125,57729,581
2021-12-22,Santa Barbara,083,443738,48147,47372,1712,49084,566
2021-12-22,Santa Clara,085,1922200,160193,156258,1956,158214,1954
2021-12-22,Santa Cruz,087,273765,22562,22075,1096,23171,228
2021-12-22,Shasta,089,179085,23097,22937,3784,26721,432
2021-12-22,Sierra,091,2930,208,202,21,223,0
2021-12-22,Siskiyou,093,43540,3515,3458,1397,4855,59
2021-12-22,Solano,095,438530,48551,47531,1437,48968,375
2021-12-22,Sonoma,097,501317,45098,44201,640,44841,408
2021-12-22,Stanislaus,099,539301,83181,83245,9583,92828,1331
2021-12-22,Sutter,101,95872,14588,14513,419,14932,191
2021-12-22,Tehama,103,63373,8957,8853,1579,10432,136
2021-12-22,Trinity,105,12862,914,826,228,1054,17
2021-12-22,Tulare,107,460477,72422,71226,16956,88182,1137
2021-12-22,Tuolumne,109,53932,7959,7903,117,8020,91
2021-12-22,Ventura,111,848112,105321,103089,4874,107963,1206
2021-12-22,Yolo,113,214977,21451,21012,1386,22398,270
2021-12-22,Yuba,115,75493,10790,10681,419,11100,98
2021-12-21,Alameda,001,1643700,129213,126007,3260,129267,1518
2021-12-21,Alpine,003,1148,110,112,0,112,0
2021-12-21,Amador,005,37829,5896,5845,78,5923,70
2021-12-21,Butte,007,227075,22340,22041,4003,26044,330
2021-12-21,Calaveras,009,45235,4622,4575,66,4641,91
2021-12-21,Colusa,011,21464,2660,2643,697,3340,21
2021-12-21,Contra Costa,013,1133247,106137,104255,2541,106796,1068
2021-12-21,Del Norte,015,27424,3831,3793,57,3850,43
2021-12-21,El Dorado,017,186661,17435,17098,1841,18939,172
2021-12-21,Fresno,019,978130,149464,147707,13574,161281,2341
2021-12-21,Glenn,021,27897,3642,3602,1060,4662,39
2021-12-21,Humboldt,023,135768,10141,9989,756,10745,118
2021-12-21,Imperial,025,180216,37220,36580,4173,40753,792
2021-12-21,Inyo,027,18085,2655,2627,43,2670,47
2021-12-21,Kern,029,883053,135630,134321,24948,159269,1892
2021-12-21,Kings,031,150075,34308,33914,2103,36017,376
2021-12-21,Lake,033,64148,7055,7004,173,7177,116
2021-12-21,Lassen,035,31185,7110,7069,435,7504,55
2021-12-21,Los Angeles,037,10098052,1535509,1501169,60798,1561967,27220
2021-12-21,Madera,039,155013,24894,24688,2412,27100,320
2021-12-21,Marin,041,260295,19439,18828,637,19465,249
2021-12-21,Mariposa,043,17540,1508,1480,63,1543,6
2021-12-21,Mendocino,045,87422,8401,8282,711,8993,97
2021-12-21,Merced,047,269075,44300,44096,2249,46345,688
2021-12-21,Modoc,049,8938,604,595,208,803,6
2021-12-21,Mono,051,14174,2022,1979,24,2003,4
2021-12-21,Monterey,053,433212,51175,49586,3535,53121,638
2021-12-21,Napa,055,140530,13943,13703,160,13863,107
2021-12-21,Nevada,057,99092,10260,10095,360,10455,110
2021-12-21,Orange,059,3164182,326195,320705,17625,338330,5855
2021-12-21,Placer,061,380077,40273,39649,4073,43722,487
2021-12-21,Plumas,063,18699,2027,1975,53,2028,12
2021-12-21,Riverside,065,2383286,389637,382415,17311,399726,5465
2021-12-21,Sacramento,067,1510023,170505,168422,5364,173786,2419
2021-12-21,San Benito,069,59416,8034,7950,190,8140,79
2021-12-21,San Bernardino,071,2135413,380034,374219,12246,386465,6026
2021-12-21,San Diego,073,3302833,410183,402386,23942,426328,4424
2021-12-21,San Francisco,075,870044,60315,56950,2771,59721,681
2021-12-21,San Joaquin,077,732212,105403,104238,5837,110075,1870
2021-12-21,San Luis Obispo,079,281455,31669,31103,1428,32531,365
2021-12-21,San Mateo,081,765935,59074,56381,1101,57482,581
2021-12-21,Santa Barbara,083,443738,47918,47194,1697,48891,564
2021-12-21,Santa Clara,085,1922200,159171,155769,1914,157683,1951
2021-12-21,Santa Cruz,087,273765,22445,22028,1085,23113,228
2021-12-21,Shasta,089,179085,23066,22920,3780,26700,429
2021-12-21,Sierra,091,2930,206,201,21,222,0
2021-12-21,Siskiyou,093,43540,3514,3455,1397,4852,59
2021-12-21,Solano,095,438530,48395,47474,1430,48904,372
2021-12-21,Sonoma,097,501317,44874,44051,630,44681,408
2021-12-21,Stanislaus,099,539301,83026,83167,9556,92723,1331
2021-12-21,Sutter,101,95872,14565,14492,418,14910,190
2021-12-21,Tehama,103,63373,8949,8849,1574,10423,136
2021-12-21,Trinity,105,12862,913,826,228,1054,17
2021-12-21,Tulare,107,460477,72330,71166,16914,88080,1137
2021-12-21,Tuolumne,109,53932,7935,7893,117,8010,91
2021-12-21,Ventura,111,848112,104703,102631,4761,107392,1205
2021-12-21,Yolo,113,214977,21342,20944,1382,22326,267
2021-12-21,Yuba,115,75493,10773,10668,419,11087,98
2021-12-20,Alameda,001,1643700,128288,125762,3192,128954,1515
2021-12-20,Alpine,003,1148,110,112,0,112,0
2021-12-20,Amador,005,37829,5882,5838,78,5916,70
2021-12-20,Butte,007,227075,22279,22030,3994,26024,329
2021-12-20,Calaveras,009,45235,4612,4569,66,4635,91
2021-12-20,Colusa,011,21464,2658,2644,697,3341,21
2021-12-20,Contra Costa,013,1133247,105599,104051,2494,106545,1068
2021-12-20,Del Norte,015,27424,3829,3792,57,3849,43
2021-12-20,El Dorado,017,186661,17373,17083,1832,18915,172
2021-12-20,Fresno,019,978130,149221,147605,13545,161150,2341
2021-12-20,Glenn,021,27897,3636,3597,1060,4657,39
2021-12-20,Humboldt,023,135768,10098,9973,752,10725,118
2021-12-20,Imperial,025,180216,37103,36532,4143,40675,792
2021-12-20,Inyo,027,18085,2652,2615,43,2658,47
2021-12-20,Kern,029,883053,135432,134203,24888,159091,1883
2021-12-20,Kings,031,150075,34266,33898,2102,36000,376
2021-12-20,Lake,033,64148,7050,6999,173,7172,116
2021-12-20,Lassen,035,31185,7108,7065,434,7499,55
2021-12-20,Los Angeles,037,10098052,1524011,1495251,60063,1555314,27188
2021-12-20,Madera,039,155013,24865,24668,2408,27076,313
2021-12-20,Marin,041,260295,19225,18747,619,19366,249
2021-12-20,Mariposa,043,17540,1499,1479,63,1542,6
2021-12-20,Mendocino,045,87422,8389,8264,709,8973,96
2021-12-20,Merced,047,269075,44243,44071,2244,46315,687
2021-12-20,Modoc,049,8938,604,595,205,800,6
2021-12-20,Mono,051,14174,2000,1973,24,1997,4
2021-12-20,Monterey,053,433212,51078,49556,3515,53071,636
2021-12-20,Napa,055,140530,13859,13672,150,13822,107
2021-12-20,Nevada,057,99092,10220,10079,359,10438,109
2021-12-20,Orange,059,3164182,324591,320235,17304,337539,5852
2021-12-20,Placer,061,380077,40145,39579,4043,43622,485
2021-12-20,Plumas,063,18699,2024,1971,51,2022,12
2021-12-20,Riverside,065,2383286,388189,381841,17221,399062,5452
2021-12-20,Sacramento,067,1510023,169934,168153,5321,173474,2414
2021-12-20,San Benito,069,59416,7990,7934,188,8122,79
2021-12-20,San Bernardino,071,2135413,378564,373881,12162,386043,6023
2021-12-20,San Diego,073,3302833,406945,401483,23700,425183,4412
2021-12-20,San Francisco,075,870044,59257,56661,2710,59371,681
2021-12-20,San Joaquin,077,732212,105161,104188,5828,110016,1865
2021-12-20,San Luis Obispo,079,281455,31556,31075,1420,32495,365
2021-12-20,San Mateo,081,765935,58527,56247,1082,57329,581
2021-12-20,Santa Barbara,083,443738,47709,47131,1692,48823,562
2021-12-20,Santa Clara,085,1922200,158213,155427,1865,157292,1950
2021-12-20,Santa Cruz,087,273765,22364,21989,1080,23069,227
2021-12-20,Shasta,089,179085,23046,22888,3775,26663,429
2021-12-20,Sierra,091,2930,205,201,21,222,0
2021-12-20,Siskiyou,093,43540,3513,3453,1395,4848,59
2021-12-20,Solano,095,438530,48266,47394,1422,48816,370
2021-12-20,Sonoma,097,501317,44684,43982,622,44604,408
2021-12-20,Stanislaus,099,539301,82902,83110,9530,92640,1331
2021-12-20,Sutter,101,95872,14542,14480,418,14898,190
2021-12-20,Tehama,103,63373,8941,8840,1571,10411,136
2021-12-20,Trinity,105,12862,913,826,228,1054,17
2021-12-20,Tulare,107,460477,72236,71124,16854,87978,1129
2021-12-20,Tuolumne,109,53932,7921,7867,113,7980,91
2021-12-20,Ventura,111,848112,104196,102452,4683,107135,1203
2021-12-20,Yolo,113,214977,21249,20903,1370,22273,267
2021-12-20,Yuba,115,75493,10757,10656,416,11072,97
2021-12-19,Alameda,001,1643700,127408,125464,3146,128610,1519
2021-12-19,Alpine,003,1148,110,112,0,112,0
2021-12-19,Amador,005,37829,5870,5832,77,5909,70
2021-12-19,Butte,007,227075,22227,22022,3988,26010,329
2021-12-19,Calaveras,009,45235,4596,4563,65,4628,91
2021-12-19,Colusa,011,21464,2658,2643,694,3337,21
2021-12-19,Contra Costa,013,1133247,105106,103906,2459,106365,1068
2021-12-19,Del Norte,015,27424,3825,3797,57,3854,43
2021-12-19,El Dorado,017,186661,17317,17067,1830,18897,172
2021-12-19,Fresno,019,978130,148979,147505,13519,161024,2341
2021-12-19,Glenn,021,27897,3632,3596,1059,4655,39
2021-12-19,Humboldt,023,135768,10057,9957,747,10704,118
2021-12-19,Imperial,025,180216,36974,36501,4099,40600,792
2021-12-19,Inyo,027,18085,2643,2613,43,2656,47
2021-12-19,Kern,029,883053,135234,134136,24817,158953,1883
2021-12-19,Kings,031,150075,34206,33874,2098,35972,378
2021-12-19,Lake,033,64148,7041,6999,170,7169,116
2021-12-19,Lassen,035,31185,7104,7065,434,7499,55
2021-12-19,Los Angeles,037,10098052,1515017,1495082,59450,1554532,27189
2021-12-19,Madera,039,155013,24840,24642,2402,27044,313
2021-12-19,Marin,041,260295,19049,18707,596,19303,249
2021-12-19,Mariposa,043,17540,1493,1475,63,1538,6
2021-12-19,Mendocino,045,87422,8372,8257,706,8963,96
2021-12-19,Merced,047,269075,44148,44045,2237,46282,687
2021-12-19,Modoc,049,8938,603,595,205,800,6
2021-12-19,Mono,051,14174,1989,1968,23,1991,4
2021-12-19,Monterey,053,433212,50976,49516,3493,53009,636
2021-12-19,Napa,055,140530,13786,13659,141,13800,107
2021-12-19,Nevada,057,99092,10184,10057,356,10413,109
2021-12-19,Orange,059,3164182,323188,319615,17075,336690,5852
2021-12-19,Placer,061,380077,40026,39525,4026,43551,485
2021-12-19,Plumas,063,18699,2021,1971,51,2022,12
2021-12-19,Riverside,065,2383286,386756,381305,17145,398450,5452
2021-12-19,Sacramento,067,1510023,169438,167933,5292,173225,2415
2021-12-19,San Benito,069,59416,7964,7929,187,8116,79
2021-12-19,San Bernardino,071,2135413,377275,373480,12121,385601,6023
2021-12-19,San Diego,073,3302833,404438,398197,23503,421700,4406
2021-12-19,San Francisco,075,870044,58387,56358,2654,59012,681
2021-12-19,San Joaquin,077,732212,104903,104125,5814,109939,1865
2021-12-19,San Luis Obispo,079,281455,31433,31035,1408,32443,366
2021-12-19,San Mateo,081,765935,58061,56132,1067,57199,581
2021-12-19,Santa Barbara,083,443738,47486,47070,1685,48755,562
2021-12-19,Santa Clara,085,1922200,157324,155049,1837,156886,1950
2021-12-19,Santa Cruz,087,273765,22265,21960,1075,23035,227
2021-12-19,Shasta,089,179085,23009,22875,3771,26646,429
2021-12-19,Sierra,091,2930,204,201,21,222,0
2021-12-19,Siskiyou,093,43540,3510,3452,1395,4847,59
2021-12-19,Solano,095,438530,48140,47341,1416,48757,370
2021-12-19,Sonoma,097,501317,44498,43944,620,44564,408
2021-12-19,Stanislaus,099,539301,82763,83040,9499,92539,1331
2021-12-19,Sutter,101,95872,14502,14475,417,14892,190
2021-12-19,Tehama,103,63373,8933,8840,1571,10411,136
2021-12-19,Trinity,105,12862,913,826,228,1054,17
2021-12-19,Tulare,107,460477,72142,71085,16812,87897,1129
2021-12-19,Tuolumne,109,53932,7904,7865,112,7977,91
2021-12-19,Ventura,111,848112,103616,102170,4618,106788,1203
2021-12-19,Yolo,113,214977,21170,20887,1350,22237,267
2021-12-19,Yuba,115,75493,10740,10646,414,11060,97
2021-12-18,Alameda,001,1643700,127001,124583,3121,127704,1512
2021-12-18,Alpine,003,1148,110,110,0,110,0
2021-12-18,Amador,005,37829,5863,5821,77,5898,69
2021-12-18,Butte,007,227075,22210,21956,3983,25939,328
2021-12-18,Calaveras,009,45235,4589,4534,65,4599,91
2021-12-18,Colusa,011,21464,2655,2635,692,3327,21
2021-12-18,Contra Costa,013,1133247,104890,103380,2445,105825,1065
2021-12-18,Del Norte,015,27424,3822,3791,57,3848,43
2021-12-18,El Dorado,017,186661,17289,16968,1827,18795,171
2021-12-18,Fresno,019,978130,148876,147038,13506,160544,2335
2021-12-18,Glenn,021,27897,3629,3590,1059,4649,39
2021-12-18,Humboldt,023,135768,10041,9889,747,10636,118
2021-12-18,Imperial,025,180216,36902,36280,4087,40367,790
2021-12-18,Inyo,027,18085,2637,2607,43,2650,47
2021-12-18,Kern,029,883053,135144,133754,24770,158524,1873
2021-12-18,Kings,031,150075,34174,33783,2094,35877,374
2021-12-18,Lake,033,64148,7040,6976,170,7146,115
2021-12-18,Lassen,035,31185,7102,7061,433,7494,55
2021-12-18,Los Angeles,037,10098052,1510928,1484840,59135,1543975,27135
2021-12-18,Madera,039,155013,24825,24575,2400,26975,313
2021-12-18,Marin,041,260295,18949,18537,584,19121,249
2021-12-18,Mariposa,043,17540,1492,1468,63,1531,6
2021-12-18,Mendocino,045,87422,8366,8219,706,8925,95
2021-12-18,Merced,047,269075,44114,43929,2236,46165,686
2021-12-18,Modoc,049,8938,601,595,205,800,6
2021-12-18,Mono,051,14174,1987,1956,23,1979,4
2021-12-18,Monterey,053,433212,50917,49343,3488,52831,635
2021-12-18,Napa,055,140530,13760,13581,139,13720,107
2021-12-18,Nevada,057,99092,10162,9991,354,10345,108
2021-12-18,Orange,059,3164182,322521,318149,16936,335085,5844
2021-12-18,Placer,061,380077,39918,39336,4012,43348,485
2021-12-18,Plumas,063,18699,2021,1964,51,2015,13
2021-12-18,Riverside,065,2383286,386061,379354,17104,396458,5439
2021-12-18,Sacramento,067,1510023,169183,167046,5272,172318,2404
2021-12-18,San Benito,069,59416,7949,7894,187,8081,79
2021-12-18,San Bernardino,071,2135413,376626,371658,12093,383751,6017
2021-12-18,San Diego,073,3302833,403483,397130,23451,420581,4399
2021-12-18,San Francisco,075,870044,57895,55562,2624,58186,679
2021-12-18,San Joaquin,077,732212,104816,103698,5804,109502,1858
2021-12-18,San Luis Obispo,079,281455,31390,30873,1402,32275,365
2021-12-18,San Mateo,081,765935,57820,55730,1062,56792,580
2021-12-18,Santa Barbara,083,443738,47390,46776,1683,48459,562
2021-12-18,Santa Clara,085,1922200,156863,154243,1824,156067,1946
2021-12-18,Santa Cruz,087,273765,22212,21805,1073,22878,225
2021-12-18,Shasta,089,179085,22988,22811,3771,26582,429
2021-12-18,Sierra,091,2930,204,199,21,220,0
2021-12-18,Siskiyou,093,43540,3508,3441,1394,4835,58
2021-12-18,Solano,095,438530,48094,47174,1414,48588,369
2021-12-18,Sonoma,097,501317,44387,43658,616,44274,407
2021-12-18,Stanislaus,099,539301,82681,82736,9488,92224,1330
2021-12-18,Sutter,101,95872,14484,14435,417,14852,190
2021-12-18,Tehama,103,63373,8927,8814,1570,10384,136
2021-12-18,Trinity,105,12862,913,823,228,1051,17
2021-12-18,Tulare,107,460477,72104,70922,16787,87709,1120
2021-12-18,Tuolumne,109,53932,7890,7834,112,7946,91
2021-12-18,Ventura,111,848112,103330,101612,4594,106206,1201
2021-12-18,Yolo,113,214977,21130,20793,1344,22137,267
2021-12-18,Yuba,115,75493,10727,10599,414,11013,96
2021-12-17,Alameda,001,1643700,126669,124583,3102,127685,1512
2021-12-17,Alpine,003,1148,110,110,0,110,0
2021-12-17,Amador,005,37829,5856,5821,77,5898,69
2021-12-17,Butte,007,227075,22190,21956,3977,25933,328
2021-12-17,Calaveras,009,45235,4585,4534,65,4599,91
2021-12-17,Colusa,011,21464,2654,2635,691,3326,21
2021-12-17,Contra Costa,013,1133247,104687,103380,2441,105821,1065
2021-12-17,Del Norte,015,27424,3821,3791,57,3848,43
2021-12-17,El Dorado,017,186661,17260,16968,1824,18792,171
2021-12-17,Fresno,019,978130,148772,147038,13506,160544,2335
2021-12-17,Glenn,021,27897,3622,3590,1059,4649,39
2021-12-17,Humboldt,023,135768,10021,9889,745,10634,118
2021-12-17,Imperial,025,180216,36839,36280,4069,40349,790
2021-12-17,Inyo,027,18085,2632,2607,43,2650,47
2021-12-17,Kern,029,883053,135053,133754,24728,158482,1873
2021-12-17,Kings,031,150075,34155,33783,2094,35877,374
2021-12-17,Lake,033,64148,7036,6976,170,7146,115
2021-12-17,Lassen,035,31185,7102,7061,432,7493,55
2021-12-17,Los Angeles,037,10098052,1506958,1484840,58890,1543730,27135
2021-12-17,Madera,039,155013,24809,24575,2395,26970,313
2021-12-17,Marin,041,260295,18873,18537,580,19117,249
2021-12-17,Mariposa,043,17540,1488,1468,63,1531,6
2021-12-17,Mendocino,045,87422,8355,8219,706,8925,95
2021-12-17,Merced,047,269075,44087,43929,2235,46164,686
2021-12-17,Modoc,049,8938,601,595,205,800,6
2021-12-17,Mono,051,14174,1984,1956,23,1979,4
2021-12-17,Monterey,053,433212,50859,49343,3483,52826,635
2021-12-17,Napa,055,140530,13733,13581,138,13719,107
2021-12-17,Nevada,057,99092,10151,9991,354,10345,108
2021-12-17,Orange,059,3164182,321958,318149,16868,335017,5844
2021-12-17,Placer,061,380077,39863,39336,4006,43342,485
2021-12-17,Plumas,063,18699,2020,1964,51,2015,13
2021-12-17,Riverside,065,2383286,385412,379354,17093,396447,5439
2021-12-17,Sacramento,067,1510023,168944,167046,5259,172305,2404
2021-12-17,San Benito,069,59416,7947,7894,187,8081,79
2021-12-17,San Bernardino,071,2135413,376086,371658,12076,383734,6017
2021-12-17,San Diego,073,3302833,402542,397130,23403,420533,4399
2021-12-17,San Francisco,075,870044,57569,55562,2594,58156,679
2021-12-17,San Joaquin,077,732212,104742,103698,5786,109484,1858
2021-12-17,San Luis Obispo,079,281455,31362,30873,1398,32271,365
2021-12-17,San Mateo,081,765935,57631,55730,1055,56785,580
2021-12-17,Santa Barbara,083,443738,47313,46776,1677,48453,562
2021-12-17,Santa Clara,085,1922200,156487,154243,1809,156052,1946
2021-12-17,Santa Cruz,087,273765,22166,21805,1070,22875,225
2021-12-17,Shasta,089,179085,22975,22811,3769,26580,429
2021-12-17,Sierra,091,2930,203,199,21,220,0
2021-12-17,Siskiyou,093,43540,3504,3441,1392,4833,58
2021-12-17,Solano,095,438530,48026,47174,1410,48584,369
2021-12-17,Sonoma,097,501317,44290,43658,613,44271,407
2021-12-17,Stanislaus,099,539301,82629,82736,9482,92218,1330
2021-12-17,Sutter,101,95872,14472,14435,415,14850,190
2021-12-17,Tehama,103,63373,8920,8814,1569,10383,136
2021-12-17,Trinity,105,12862,913,823,228,1051,17
2021-12-17,Tulare,107,460477,72062,70922,16756,87678,1120
2021-12-17,Tuolumne,109,53932,7878,7834,112,7946,91
2021-12-17,Ventura,111,848112,103080,101612,4582,106194,1201
2021-12-17,Yolo,113,214977,21096,20793,1338,22131,267
2021-12-17,Yuba,115,75493,10716,10599,411,11010,96
2021-12-16,Alameda,001,1643700,126295,124583,3088,127671,1512
2021-12-16,Alpine,003,1148,108,110,0,110,0
2021-12-16,Amador,005,37829,5848,5821,77,5898,69
2021-12-16,Butte,007,227075,22171,21956,3974,25930,328
2021-12-16,Calaveras,009,45235,4577,4534,65,4599,91
2021-12-16,Colusa,011,21464,2654,2635,691,3326,21
2021-12-16,Contra Costa,013,1133247,104463,103380,2428,105808,1065
2021-12-16,Del Norte,015,27424,3818,3791,57,3848,43
2021-12-16,El Dorado,017,186661,17225,16968,1819,18787,171
2021-12-16,Fresno,019,978130,148612,147038,13499,160537,2335
2021-12-16,Glenn,021,27897,3621,3590,1056,4646,39
2021-12-16,Humboldt,023,135768,9997,9889,735,10624,118
2021-12-16,Imperial,025,180216,36754,36280,4039,40319,790
2021-12-16,Inyo,027,18085,2628,2607,42,2649,47
2021-12-16,Kern,029,883053,134909,133754,24677,158431,1873
2021-12-16,Kings,031,150075,34131,33783,2093,35876,374
2021-12-16,Lake,033,64148,7032,6976,170,7146,115
2021-12-16,Lassen,035,31185,7099,7061,431,7492,55
2021-12-16,Los Angeles,037,10098052,1502726,1484840,58619,1543459,27135
2021-12-16,Madera,039,155013,24781,24575,2391,26966,313
2021-12-16,Marin,041,260295,18826,18537,572,19109,249
2021-12-16,Mariposa,043,17540,1486,1468,63,1531,6
2021-12-16,Mendocino,045,87422,8344,8219,701,8920,95
2021-12-16,Merced,047,269075,44048,43929,2234,46163,686
2021-12-16,Modoc,049,8938,601,595,205,800,6
2021-12-16,Mono,051,14174,1981,1956,23,1979,4
2021-12-16,Monterey,053,433212,50788,49343,3466,52809,635
2021-12-16,Napa,055,140530,13701,13581,138,13719,107
2021-12-16,Nevada,057,99092,10125,9991,354,10345,108
2021-12-16,Orange,059,3164182,321350,318149,16788,334937,5844
2021-12-16,Placer,061,380077,39786,39336,4001,43337,485
2021-12-16,Plumas,063,18699,2020,1964,51,2015,13
2021-12-16,Riverside,065,2383286,384606,379354,17079,396433,5439
2021-12-16,Sacramento,067,1510023,168658,167046,5234,172280,2404
2021-12-16,San Benito,069,59416,7940,7894,187,8081,79
2021-12-16,San Bernardino,071,2135413,375433,371658,12058,383716,6017
2021-12-16,San Diego,073,3302833,401358,397130,23337,420467,4399
2021-12-16,San Francisco,075,870044,57194,55562,2572,58134,679
2021-12-16,San Joaquin,077,732212,104619,103698,5779,109477,1858
2021-12-16,San Luis Obispo,079,281455,31292,30873,1392,32265,365
2021-12-16,San Mateo,081,765935,57431,55730,1052,56782,580
2021-12-16,Santa Barbara,083,443738,47191,46776,1673,48449,562
2021-12-16,Santa Clara,085,1922200,156155,154243,1799,156042,1946
2021-12-16,Santa Cruz,087,273765,22120,21805,1069,22874,225
2021-12-16,Shasta,089,179085,22945,22811,3767,26578,429
2021-12-16,Sierra,091,2930,203,199,21,220,0
2021-12-16,Siskiyou,093,43540,3503,3441,1388,4829,58
2021-12-16,Solano,095,438530,47958,47174,1403,48577,369
2021-12-16,Sonoma,097,501317,44192,43658,611,44269,407
2021-12-16,Stanislaus,099,539301,82542,82736,9468,92204,1330
2021-12-16,Sutter,101,95872,14458,14435,414,14849,190
2021-12-16,Tehama,103,63373,8913,8814,1568,10382,136
2021-12-16,Trinity,105,12862,913,823,228,1051,17
2021-12-16,Tulare,107,460477,72013,70922,16730,87652,1120
2021-12-16,Tuolumne,109,53932,7859,7834,112,7946,91
2021-12-16,Ventura,111,848112,102812,101612,4575,106187,1201
2021-12-16,Yolo,113,214977,21046,20793,1333,22126,267
2021-12-16,Yuba,115,75493,10701,10599,410,11009,96
2021-12-15,Alameda,001,1643700,125968,124342,3076,127418,1509
2021-12-15,Alpine,003,1148,108,109,0,109,0
2021-12-15,Amador,005,37829,5842,5810,77,5887,69
2021-12-15,Butte,007,227075,22149,21922,3973,25895,327
2021-12-15,Calaveras,009,45235,4571,4523,65,4588,89
2021-12-15,Colusa,011,21464,2653,2632,690,3322,21
2021-12-15,Contra Costa,013,1133247,104244,103236,2425,105661,1064
2021-12-15,Del Norte,015,27424,3817,3789,56,3845,43
2021-12-15,El Dorado,017,186661,17193,16936,1813,18749,171
2021-12-15,Fresno,019,978130,148483,146859,13484,160343,2319
2021-12-15,Glenn,021,27897,3621,3589,1056,4645,39
2021-12-15,Humboldt,023,135768,9977,9854,734,10588,118
2021-12-15,Imperial,025,180216,36675,36187,3995,40182,789
2021-12-15,Inyo,027,18085,2623,2606,42,2648,47
2021-12-15,Kern,029,883053,134770,133590,24630,158220,1866
2021-12-15,Kings,031,150075,34102,33716,2089,35805,374
2021-12-15,Lake,033,64148,7023,6968,169,7137,115
2021-12-15,Lassen,035,31185,7099,7062,431,7493,55
2021-12-15,Los Angeles,037,10098052,1498812,1482735,58422,1541157,27116
2021-12-15,Madera,039,155013,24762,24549,2385,26934,313
2021-12-15,Marin,041,260295,18768,18514,567,19081,249
2021-12-15,Mariposa,043,17540,1483,1463,63,1526,6
2021-12-15,Mendocino,045,87422,8339,8209,698,8907,95
2021-12-15,Merced,047,269075,44006,43890,2222,46112,685
2021-12-15,Modoc,049,8938,601,595,205,800,6
2021-12-15,Mono,051,14174,1977,1955,23,1978,4
2021-12-15,Monterey,053,433212,50733,49279,3448,52727,635
2021-12-15,Napa,055,140530,13672,13557,136,13693,107
2021-12-15,Nevada,057,99092,10104,9958,354,10312,107
2021-12-15,Orange,059,3164182,320770,317808,16746,334554,5838
2021-12-15,Placer,061,380077,39731,39264,3991,43255,485
2021-12-15,Plumas,063,18699,2016,1957,51,2008,12
2021-12-15,Riverside,065,2383286,383884,378769,17067,395836,5438
2021-12-15,Sacramento,067,1510023,168347,166793,5212,172005,2401
2021-12-15,San Benito,069,59416,7925,7877,187,8064,79
2021-12-15,San Bernardino,071,2135413,374893,371122,12026,383148,6013
2021-12-15,San Diego,073,3302833,400168,396546,23268,419814,4395
2021-12-15,San Francisco,075,870044,56876,55414,2554,57968,679
2021-12-15,San Joaquin,077,732212,104462,103579,5769,109348,1853
2021-12-15,San Luis Obispo,079,281455,31242,30784,1385,32169,365
2021-12-15,San Mateo,081,765935,57290,55657,1041,56698,580
2021-12-15,Santa Barbara,083,443738,47110,46681,1671,48352,562
2021-12-15,Santa Clara,085,1922200,155843,153928,1778,155706,1944
2021-12-15,Santa Cruz,087,273765,22080,21753,1062,22815,225
2021-12-15,Shasta,089,179085,22930,22778,3763,26541,427
2021-12-15,Sierra,091,2930,203,199,21,220,0
2021-12-15,Siskiyou,093,43540,3502,3434,1387,4821,58
2021-12-15,Solano,095,438530,47887,47098,1396,48494,367
2021-12-15,Sonoma,097,501317,44108,43580,606,44186,407
2021-12-15,Stanislaus,099,539301,82436,82628,9460,92088,1298
2021-12-15,Sutter,101,95872,14438,14428,413,14841,189
2021-12-15,Tehama,103,63373,8906,8806,1567,10373,136
2021-12-15,Trinity,105,12862,912,822,228,1050,17
2021-12-15,Tulare,107,460477,71961,70846,16701,87547,1120
2021-12-15,Tuolumne,109,53932,7850,7818,111,7929,91
2021-12-15,Ventura,111,848112,102597,101447,4569,106016,1199
2021-12-15,Yolo,113,214977,21018,20749,1328,22077,267
2021-12-15,Yuba,115,75493,10690,10587,409,10996,96
2021-12-14,Alameda,001,1643700,125640,124272,3064,127336,1506
2021-12-14,Alpine,003,1148,107,109,0,109,0
2021-12-14,Amador,005,37829,5836,5808,76,5884,69
2021-12-14,Butte,007,227075,22116,21901,3971,25872,326
2021-12-14,Calaveras,009,45235,4559,4517,65,4582,89
2021-12-14,Colusa,011,21464,2651,2628,690,3318,21
2021-12-14,Contra Costa,013,1133247,104060,103135,2421,105556,1064
2021-12-14,Del Norte,015,27424,3814,3788,56,3844,43
2021-12-14,El Dorado,017,186661,17159,16915,1811,18726,170
2021-12-14,Fresno,019,978130,148313,146756,13476,160232,2316
2021-12-14,Glenn,021,27897,3620,3589,1056,4645,39
2021-12-14,Humboldt,023,135768,9965,9836,726,10562,118
2021-12-14,Imperial,025,180216,36602,36049,3953,40002,789
2021-12-14,Inyo,027,18085,2623,2601,42,2643,46
2021-12-14,Kern,029,883053,134632,133498,24581,158079,1863
2021-12-14,Kings,031,150075,34065,33693,2086,35779,373
2021-12-14,Lake,033,64148,7014,6961,169,7130,115
2021-12-14,Lassen,035,31185,7098,7061,431,7492,55
2021-12-14,Los Angeles,037,10098052,1495150,1481131,58240,1539371,27099
2021-12-14,Madera,039,155013,24736,24535,2377,26912,313
2021-12-14,Marin,041,260295,18720,18491,565,19056,249
2021-12-14,Mariposa,043,17540,1480,1463,62,1525,6
2021-12-14,Mendocino,045,87422,8311,8206,696,8902,95
2021-12-14,Merced,047,269075,43960,43870,2220,46090,684
2021-12-14,Modoc,049,8938,600,595,205,800,6
2021-12-14,Mono,051,14174,1970,1955,23,1978,4
2021-12-14,Monterey,053,433212,50650,49237,3437,52674,635
2021-12-14,Napa,055,140530,13643,13528,136,13664,107
2021-12-14,Nevada,057,99092,10078,9956,353,10309,106
2021-12-14,Orange,059,3164182,320217,317465,16692,334157,5827
2021-12-14,Placer,061,380077,39654,39221,3986,43207,482
2021-12-14,Plumas,063,18699,2012,1950,49,1999,12
2021-12-14,Riverside,065,2383286,383192,378227,17050,395277,5427
2021-12-14,Sacramento,067,1510023,168037,166605,5189,171794,2394
2021-12-14,San Benito,069,59416,7906,7871,187,8058,79
2021-12-14,San Bernardino,071,2135413,374272,370604,11996,382600,6013
2021-12-14,San Diego,073,3302833,399029,395876,23217,419093,4393
2021-12-14,San Francisco,075,870044,56563,55278,2542,57820,679
2021-12-14,San Joaquin,077,732212,104317,103488,5751,109239,1848
2021-12-14,San Luis Obispo,079,281455,31182,30753,1381,32134,363
2021-12-14,San Mateo,081,765935,57127,55601,1034,56635,580
2021-12-14,Santa Barbara,083,443738,47010,46648,1666,48314,560
2021-12-14,Santa Clara,085,1922200,155520,153814,1765,155579,1945
2021-12-14,Santa Cruz,087,273765,22015,21737,1057,22794,225
2021-12-14,Shasta,089,179085,22903,22756,3762,26518,427
2021-12-14,Sierra,091,2930,201,199,21,220,0
2021-12-14,Siskiyou,093,43540,3497,3430,1386,4816,58
2021-12-14,Solano,095,438530,47840,47065,1390,48455,367
2021-12-14,Sonoma,097,501317,44026,43538,604,44142,407
2021-12-14,Stanislaus,099,539301,82351,82581,9446,92027,1293
2021-12-14,Sutter,101,95872,14426,14421,412,14833,189
2021-12-14,Tehama,103,63373,8902,8805,1567,10372,134
2021-12-14,Trinity,105,12862,912,821,228,1049,17
2021-12-14,Tulare,107,460477,71890,70803,16670,87473,1120
2021-12-14,Tuolumne,109,53932,7837,7815,111,7926,91
2021-12-14,Ventura,111,848112,102372,101343,4562,105905,1199
2021-12-14,Yolo,113,214977,20984,20734,1314,22048,267
2021-12-14,Yuba,115,75493,10673,10574,409,10983,92
2021-12-13,Alameda,001,1643700,125354,124174,3048,127222,1501
2021-12-13,Alpine,003,1148,107,109,0,109,0
2021-12-13,Amador,005,37829,5832,5797,76,5873,69
2021-12-13,Butte,007,227075,22092,21889,3967,25856,326
2021-12-13,Calaveras,009,45235,4552,4507,64,4571,89
2021-12-13,Colusa,011,21464,2649,2627,690,3317,21
2021-12-13,Contra Costa,013,1133247,103909,103041,2410,105451,1064
2021-12-13,Del Norte,015,27424,3810,3787,56,3843,42
2021-12-13,El Dorado,017,186661,17136,16896,1809,18705,170
2021-12-13,Fresno,019,978130,148161,146641,13466,160107,2312
2021-12-13,Glenn,021,27897,3615,3589,1054,4643,37
2021-12-13,Humboldt,023,135768,9936,9821,722,10543,118
2021-12-13,Imperial,025,180216,36518,35974,3932,39906,787
2021-12-13,Inyo,027,18085,2622,2592,42,2634,46
2021-12-13,Kern,029,883053,134505,133381,24528,157909,1863
2021-12-13,Kings,031,150075,34022,33680,2081,35761,372
2021-12-13,Lake,033,64148,7012,6958,167,7125,115
2021-12-13,Lassen,035,31185,7097,7057,431,7488,55
2021-12-13,Los Angeles,037,10098052,1492347,1480195,58073,1538268,27085
2021-12-13,Madera,039,155013,24708,24527,2372,26899,311
2021-12-13,Marin,041,260295,18660,18471,562,19033,249
2021-12-13,Mariposa,043,17540,1478,1462,62,1524,6
2021-12-13,Mendocino,045,87422,8298,8196,694,8890,95
2021-12-13,Merced,047,269075,43921,43848,2216,46064,682
2021-12-13,Modoc,049,8938,599,595,205,800,6
2021-12-13,Mono,051,14174,1963,1952,23,1975,4
2021-12-13,Monterey,053,433212,50598,49222,3417,52639,631
2021-12-13,Napa,055,140530,13630,13518,136,13654,107
2021-12-13,Nevada,057,99092,10059,9946,352,10298,106
2021-12-13,Orange,059,3164182,319747,317112,16638,333750,5824
2021-12-13,Placer,061,380077,39593,39168,3975,43143,481
2021-12-13,Plumas,063,18699,2008,1943,49,1992,12
2021-12-13,Riverside,065,2383286,382611,377728,17035,394763,5414
2021-12-13,Sacramento,067,1510023,167757,166439,5156,171595,2392
2021-12-13,San Benito,069,59416,7897,7856,187,8043,79
2021-12-13,San Bernardino,071,2135413,373700,370274,11989,382263,6011
2021-12-13,San Diego,073,3302833,398219,395266,23164,418430,4389
2021-12-13,San Francisco,075,870044,56292,55245,2529,57774,678
2021-12-13,San Joaquin,077,732212,104201,103449,5742,109191,1846
2021-12-13,San Luis Obispo,079,281455,31133,30746,1377,32123,363
2021-12-13,San Mateo,081,765935,56967,55569,1025,56594,580
2021-12-13,Santa Barbara,083,443738,46923,46608,1661,48269,560
2021-12-13,Santa Clara,085,1922200,155255,153672,1754,155426,1944
2021-12-13,Santa Cruz,087,273765,21960,21698,1054,22752,225
2021-12-13,Shasta,089,179085,22882,22731,3760,26491,426
2021-12-13,Sierra,091,2930,201,199,21,220,0
2021-12-13,Siskiyou,093,43540,3493,3426,1383,4809,57
2021-12-13,Solano,095,438530,47766,47045,1385,48430,365
2021-12-13,Sonoma,097,501317,43931,43492,602,44094,407
2021-12-13,Stanislaus,099,539301,82237,82507,9426,91933,1282
2021-12-13,Sutter,101,95872,14419,14408,412,14820,188
2021-12-13,Tehama,103,63373,8889,8800,1567,10367,134
2021-12-13,Trinity,105,12862,912,820,228,1048,17
2021-12-13,Tulare,107,460477,71833,70758,16646,87404,1114
2021-12-13,Tuolumne,109,53932,7826,7804,111,7915,91
2021-12-13,Ventura,111,848112,102148,101180,4551,105731,1197
2021-12-13,Yolo,113,214977,20934,20706,1309,22015,267
2021-12-13,Yuba,115,75493,10656,10570,409,10979,92
2021-12-12,Alameda,001,1643700,125069,124075,3035,127110,1503
2021-12-12,Alpine,003,1148,107,109,0,109,0
2021-12-12,Amador,005,37829,5824,5797,75,5872,69
2021-12-12,Butte,007,227075,22068,21874,3964,25838,326
2021-12-12,Calaveras,009,45235,4542,4501,64,4565,89
2021-12-12,Colusa,011,21464,2644,2627,687,3314,21
2021-12-12,Contra Costa,013,1133247,103721,102976,2408,105384,1065
2021-12-12,Del Norte,015,27424,3807,3793,56,3849,42
2021-12-12,El Dorado,017,186661,17100,16890,1801,18691,170
2021-12-12,Fresno,019,978130,147998,146518,13450,159968,2310
2021-12-12,Glenn,021,27897,3612,3589,1054,4643,37
2021-12-12,Humboldt,023,135768,9912,9804,715,10519,118
2021-12-12,Imperial,025,180216,36383,35926,3900,39826,787
2021-12-12,Inyo,027,18085,2617,2592,42,2634,46
2021-12-12,Kern,029,883053,134339,133314,24487,157801,1861
2021-12-12,Kings,031,150075,33971,33661,2079,35740,372
2021-12-12,Lake,033,64148,7005,6955,165,7120,115
2021-12-12,Lassen,035,31185,7096,7057,431,7488,55
2021-12-12,Los Angeles,037,10098052,1489418,1479054,57887,1536941,27074
2021-12-12,Madera,039,155013,24678,24493,2364,26857,311
2021-12-12,Marin,041,260295,18607,18451,558,19009,249
2021-12-12,Mariposa,043,17540,1477,1461,62,1523,6
2021-12-12,Mendocino,045,87422,8285,8190,693,8883,95
2021-12-12,Merced,047,269075,43887,43821,2209,46030,682
2021-12-12,Modoc,049,8938,599,595,204,799,6
2021-12-12,Mono,051,14174,1959,1947,23,1970,4
2021-12-12,Monterey,053,433212,50545,49192,3391,52583,631
2021-12-12,Napa,055,140530,13587,13508,134,13642,107
2021-12-12,Nevada,057,99092,10032,9938,351,10289,106
2021-12-12,Orange,059,3164182,319242,316918,16573,333491,5825
2021-12-12,Placer,061,380077,39528,39139,3969,43108,481
2021-12-12,Plumas,063,18699,2004,1942,47,1989,12
2021-12-12,Riverside,065,2383286,381935,377467,17009,394476,5414
2021-12-12,Sacramento,067,1510023,167491,166291,5135,171426,2392
2021-12-12,San Benito,069,59416,7877,7853,187,8040,79
2021-12-12,San Bernardino,071,2135413,373065,369977,11965,381942,6011
2021-12-12,San Diego,073,3302833,397319,393307,23126,416433,4378
2021-12-12,San Francisco,075,870044,56038,55180,2517,57697,678
2021-12-12,San Joaquin,077,732212,104062,103405,5732,109137,1846
2021-12-12,San Luis Obispo,079,281455,31080,30719,1375,32094,363
2021-12-12,San Mateo,081,765935,56852,55505,1021,56526,580
2021-12-12,Santa Barbara,083,443738,46848,46586,1659,48245,560
2021-12-12,Santa Clara,085,1922200,154976,153452,1740,155192,1945
2021-12-12,Santa Cruz,087,273765,21911,21671,1052,22723,225
2021-12-12,Shasta,089,179085,22854,22732,3759,26491,426
2021-12-12,Sierra,091,2930,201,199,21,220,0
2021-12-12,Siskiyou,093,43540,3493,3424,1383,4807,57
2021-12-12,Solano,095,438530,47700,47021,1380,48401,365
2021-12-12,Sonoma,097,501317,43838,43424,599,44023,407
2021-12-12,Stanislaus,099,539301,82139,82460,9415,91875,1282
2021-12-12,Sutter,101,95872,14408,14396,412,14808,189
2021-12-12,Tehama,103,63373,8878,8796,1565,10361,134
2021-12-12,Trinity,105,12862,910,820,228,1048,17
2021-12-12,Tulare,107,460477,71755,70733,16604,87337,1115
2021-12-12,Tuolumne,109,53932,7809,7794,111,7905,91
2021-12-12,Ventura,111,848112,101954,101105,4537,105642,1197
2021-12-12,Yolo,113,214977,20884,20685,1298,21983,267
2021-12-12,Yuba,115,75493,10642,10565,406,10971,92
2021-12-11,Alameda,001,1643700,124932,123572,3033,126605,1496
2021-12-11,Alpine,003,1148,107,109,0,109,0
2021-12-11,Amador,005,37829,5819,5787,75,5862,69
2021-12-11,Butte,007,227075,22054,21819,3963,25782,326
2021-12-11,Calaveras,009,45235,4534,4469,63,4532,89
2021-12-11,Colusa,011,21464,2640,2619,686,3305,21
2021-12-11,Contra Costa,013,1133247,103635,102618,2406,105024,1061
2021-12-11,Del Norte,015,27424,3807,3778,56,3834,42
2021-12-11,El Dorado,017,186661,17079,16796,1800,18596,170
2021-12-11,Fresno,019,978130,147911,145988,13441,159429,2294
2021-12-11,Glenn,021,27897,3611,3585,1054,4639,37
2021-12-11,Humboldt,023,135768,9895,9721,712,10433,118
2021-12-11,Imperial,025,180216,36324,35635,3890,39525,782
2021-12-11,Inyo,027,18085,2612,2576,42,2618,46
2021-12-11,Kern,029,883053,134270,132852,24452,157304,1854
2021-12-11,Kings,031,150075,33958,33530,2077,35607,371
2021-12-11,Lake,033,64148,7004,6932,163,7095,114
2021-12-11,Lassen,035,31185,7095,7049,431,7480,55
2021-12-11,Los Angeles,037,10098052,1488194,1474030,57795,1531825,27031
2021-12-11,Madera,039,155013,24672,24417,2363,26780,311
2021-12-11,Marin,041,260295,18573,18339,555,18894,249
2021-12-11,Mariposa,043,17540,1476,1450,62,1512,6
2021-12-11,Mendocino,045,87422,8278,8130,693,8823,95
2021-12-11,Merced,047,269075,43868,43690,2208,45898,681
2021-12-11,Modoc,049,8938,599,594,204,798,6
2021-12-11,Mono,051,14174,1955,1926,23,1949,4
2021-12-11,Monterey,053,433212,50517,49008,3388,52396,631
2021-12-11,Napa,055,140530,13570,13459,134,13593,107
2021-12-11,Nevada,057,99092,10018,9880,351,10231,106
2021-12-11,Orange,059,3164182,318989,315759,16545,332304,5805
2021-12-11,Placer,061,380077,39470,38959,3962,42921,481
2021-12-11,Plumas,063,18699,1998,1934,47,1981,12
2021-12-11,Riverside,065,2383286,381516,375649,16995,392644,5408
2021-12-11,Sacramento,067,1510023,167361,165530,5125,170655,2386
2021-12-11,San Benito,069,59416,7863,7808,187,7995,79
2021-12-11,San Bernardino,071,2135413,372706,368145,11956,380101,6007
2021-12-11,San Diego,073,3302833,396895,392274,23088,415362,4374
2021-12-11,San Francisco,075,870044,55885,54869,2512,57381,678
2021-12-11,San Joaquin,077,732212,104001,103013,5728,108741,1842
2021-12-11,San Luis Obispo,079,281455,31058,30567,1371,31938,362
2021-12-11,San Mateo,081,765935,56774,55284,1019,56303,580
2021-12-11,Santa Barbara,083,443738,46813,46309,1659,47968,559
2021-12-11,Santa Clara,085,1922200,154778,152846,1728,154574,1941
2021-12-11,Santa Cruz,087,273765,21887,21557,1052,22609,225
2021-12-11,Shasta,089,179085,22839,22660,3755,26415,419
2021-12-11,Sierra,091,2930,201,199,21,220,0
2021-12-11,Siskiyou,093,43540,3487,3418,1380,4798,57
2021-12-11,Solano,095,438530,47671,46891,1375,48266,365
2021-12-11,Sonoma,097,501317,43790,43227,599,43826,407
2021-12-11,Stanislaus,099,539301,82089,82133,9406,91539,1264
2021-12-11,Sutter,101,95872,14399,14354,412,14766,187
2021-12-11,Tehama,103,63373,8875,8776,1563,10339,134
2021-12-11,Trinity,105,12862,910,819,228,1047,17
2021-12-11,Tulare,107,460477,71712,70523,16594,87117,1103
2021-12-11,Tuolumne,109,53932,7800,7760,111,7871,91
2021-12-11,Ventura,111,848112,101879,100711,4530,105241,1195
2021-12-11,Yolo,113,214977,20865,20608,1294,21902,267
2021-12-11,Yuba,115,75493,10630,10519,405,10924,92
2021-12-10,Alameda,001,1643700,124806,123572,3026,126598,1496
2021-12-10,Alpine,003,1148,106,109,0,109,0
2021-12-10,Amador,005,37829,5812,5787,75,5862,69
2021-12-10,Butte,007,227075,22041,21819,3961,25780,326
2021-12-10,Calaveras,009,45235,4531,4469,63,4532,89
2021-12-10,Colusa,011,21464,2639,2619,686,3305,21
2021-12-10,Contra Costa,013,1133247,103539,102618,2405,105023,1061
2021-12-10,Del Norte,015,27424,3807,3778,56,3834,42
2021-12-10,El Dorado,017,186661,17066,16796,1800,18596,170
2021-12-10,Fresno,019,978130,147822,145988,13430,159418,2294
2021-12-10,Glenn,021,27897,3611,3585,1054,4639,37
2021-12-10,Humboldt,023,135768,9878,9721,710,10431,118
2021-12-10,Imperial,025,180216,36269,35635,3875,39510,782
2021-12-10,Inyo,027,18085,2609,2576,42,2618,46
2021-12-10,Kern,029,883053,134181,132852,24428,157280,1854
2021-12-10,Kings,031,150075,33943,33530,2075,35605,371
2021-12-10,Lake,033,64148,6997,6932,163,7095,114
2021-12-10,Lassen,035,31185,7094,7049,431,7480,55
2021-12-10,Los Angeles,037,10098052,1487091,1474030,57707,1531737,27031
2021-12-10,Madera,039,155013,24654,24417,2361,26778,311
2021-12-10,Marin,041,260295,18551,18339,555,18894,249
2021-12-10,Mariposa,043,17540,1473,1450,62,1512,6
2021-12-10,Mendocino,045,87422,8271,8130,692,8822,95
2021-12-10,Merced,047,269075,43850,43690,2206,45896,681
2021-12-10,Modoc,049,8938,599,594,204,798,6
2021-12-10,Mono,051,14174,1952,1926,23,1949,4
2021-12-10,Monterey,053,433212,50480,49008,3382,52390,631
2021-12-10,Napa,055,140530,13558,13459,133,13592,107
2021-12-10,Nevada,057,99092,10009,9880,351,10231,106
2021-12-10,Orange,059,3164182,318716,315759,16513,332272,5805
2021-12-10,Placer,061,380077,39427,38959,3959,42918,481
2021-12-10,Plumas,063,18699,1996,1934,47,1981,12
2021-12-10,Riverside,065,2383286,381109,375649,16984,392633,5408
2021-12-10,Sacramento,067,1510023,167207,165530,5123,170653,2386
2021-12-10,San Benito,069,59416,7859,7808,187,7995,79
2021-12-10,San Bernardino,071,2135413,372335,368145,11933,380078,6007
2021-12-10,San Diego,073,3302833,396414,392274,23074,415348,4374
2021-12-10,San Francisco,075,870044,55800,54869,2506,57375,678
2021-12-10,San Joaquin,077,732212,103946,103013,5724,108737,1842
2021-12-10,San Luis Obispo,079,281455,31048,30567,1368,31935,362
2021-12-10,San Mateo,081,765935,56717,55284,1016,56300,580
2021-12-10,Santa Barbara,083,443738,46777,46309,1658,47967,559
2021-12-10,Santa Clara,085,1922200,154607,152846,1715,154561,1941
2021-12-10,Santa Cruz,087,273765,21867,21557,1051,22608,225
2021-12-10,Shasta,089,179085,22828,22660,3752,26412,419
2021-12-10,Sierra,091,2930,201,199,21,220,0
2021-12-10,Siskiyou,093,43540,3480,3418,1380,4798,57
2021-12-10,Solano,095,438530,47629,46891,1371,48262,365
2021-12-10,Sonoma,097,501317,43756,43227,598,43825,407
2021-12-10,Stanislaus,099,539301,82023,82133,9400,91533,1264
2021-12-10,Sutter,101,95872,14391,14354,412,14766,187
2021-12-10,Tehama,103,63373,8873,8776,1561,10337,134
2021-12-10,Trinity,105,12862,910,819,228,1047,17
2021-12-10,Tulare,107,460477,71683,70523,16569,87092,1103
2021-12-10,Tuolumne,109,53932,7794,7760,111,7871,91
2021-12-10,Ventura,111,848112,101775,100711,4527,105238,1195
2021-12-10,Yolo,113,214977,20851,20608,1292,21900,267
2021-12-10,Yuba,115,75493,10618,10519,404,10923,92
2021-12-09,Alameda,001,1643700,124662,123572,3021,126593,1496
2021-12-09,Alpine,003,1148,106,109,0,109,0
2021-12-09,Amador,005,37829,5809,5787,74,5861,69
2021-12-09,Butte,007,227075,22020,21819,3958,25777,326
2021-12-09,Calaveras,009,45235,4522,4469,63,4532,89
2021-12-09,Colusa,011,21464,2637,2619,686,3305,21
2021-12-09,Contra Costa,013,1133247,103420,102618,2399,105017,1061
2021-12-09,Del Norte,015,27424,3806,3778,56,3834,42
2021-12-09,El Dorado,017,186661,17037,16796,1795,18591,170
2021-12-09,Fresno,019,978130,147674,145988,13419,159407,2294
2021-12-09,Glenn,021,27897,3611,3585,1054,4639,37
2021-12-09,Humboldt,023,135768,9855,9721,709,10430,118
2021-12-09,Imperial,025,180216,36199,35635,3845,39480,782
2021-12-09,Inyo,027,18085,2607,2576,42,2618,46
2021-12-09,Kern,029,883053,134055,132852,24395,157247,1854
2021-12-09,Kings,031,150075,33917,33530,2072,35602,371
2021-12-09,Lake,033,64148,6989,6932,163,7095,114
2021-12-09,Lassen,035,31185,7092,7049,431,7480,55
2021-12-09,Los Angeles,037,10098052,1485535,1474030,57620,1531650,27031
2021-12-09,Madera,039,155013,24629,24417,2358,26775,311
2021-12-09,Marin,041,260295,18538,18339,553,18892,249
2021-12-09,Mariposa,043,17540,1472,1450,62,1512,6
2021-12-09,Mendocino,045,87422,8258,8130,689,8819,95
2021-12-09,Merced,047,269075,43812,43690,2194,45884,681
2021-12-09,Modoc,049,8938,599,594,204,798,6
2021-12-09,Mono,051,14174,1948,1926,23,1949,4
2021-12-09,Monterey,053,433212,50433,49008,3371,52379,631
2021-12-09,Napa,055,140530,13538,13459,129,13588,107
2021-12-09,Nevada,057,99092,9990,9880,351,10231,106
2021-12-09,Orange,059,3164182,318383,315759,16474,332233,5805
2021-12-09,Placer,061,380077,39384,38959,3946,42905,481
2021-12-09,Plumas,063,18699,1988,1934,47,1981,12
2021-12-09,Riverside,065,2383286,380558,375649,16968,392617,5408
2021-12-09,Sacramento,067,1510023,166989,165530,5108,170638,2386
2021-12-09,San Benito,069,59416,7847,7808,186,7994,79
2021-12-09,San Bernardino,071,2135413,371830,368145,11911,380056,6007
2021-12-09,San Diego,073,3302833,395767,392274,23044,415318,4374
2021-12-09,San Francisco,075,870044,55715,54869,2499,57368,678
2021-12-09,San Joaquin,077,732212,103854,103013,5718,108731,1842
2021-12-09,San Luis Obispo,079,281455,31020,30567,1366,31933,362
2021-12-09,San Mateo,081,765935,56629,55284,1014,56298,580
2021-12-09,Santa Barbara,083,443738,46697,46309,1651,47960,559
2021-12-09,Santa Clara,085,1922200,154393,152846,1704,154550,1941
2021-12-09,Santa Cruz,087,273765,21839,21557,1051,22608,225
2021-12-09,Shasta,089,179085,22812,22660,3751,26411,419
2021-12-09,Sierra,091,2930,201,199,21,220,0
2021-12-09,Siskiyou,093,43540,3476,3418,1379,4797,57
2021-12-09,Solano,095,438530,47592,46891,1369,48260,365
2021-12-09,Sonoma,097,501317,43699,43227,597,43824,407
2021-12-09,Stanislaus,099,539301,81953,82133,9387,91520,1264
2021-12-09,Sutter,101,95872,14376,14354,412,14766,187
2021-12-09,Tehama,103,63373,8866,8776,1559,10335,134
2021-12-09,Trinity,105,12862,910,819,228,1047,17
2021-12-09,Tulare,107,460477,71626,70523,16540,87063,1103
2021-12-09,Tuolumne,109,53932,7783,7760,111,7871,91
2021-12-09,Ventura,111,848112,101630,100711,4515,105226,1195
2021-12-09,Yolo,113,214977,20828,20608,1284,21892,267
2021-12-09,Yuba,115,75493,10610,10519,401,10920,92
2021-12-08,Alameda,001,1643700,124513,123438,3011,126449,1496
2021-12-08,Alpine,003,1148,106,108,0,108,0
2021-12-08,Amador,005,37829,5804,5781,74,5855,69
2021-12-08,Butte,007,227075,22004,21780,3955,25735,326
2021-12-08,Calaveras,009,45235,4513,4455,63,4518,89
2021-12-08,Colusa,011,21464,2634,2619,685,3304,21
2021-12-08,Contra Costa,013,1133247,103290,102506,2398,104904,1058
2021-12-08,Del Norte,015,27424,3805,3767,56,3823,42
2021-12-08,El Dorado,017,186661,17005,16757,1795,18552,170
2021-12-08,Fresno,019,978130,147515,145830,13404,159234,2293
2021-12-08,Glenn,021,27897,3611,3584,1050,4634,37
2021-12-08,Humboldt,023,135768,9833,9704,707,10411,117
2021-12-08,Imperial,025,180216,36119,35537,3815,39352,782
2021-12-08,Inyo,027,18085,2604,2570,42,2612,46
2021-12-08,Kern,029,883053,133932,132709,24347,157056,1846
2021-12-08,Kings,031,150075,33882,33468,2071,35539,371
2021-12-08,Lake,033,64148,6983,6927,162,7089,114
2021-12-08,Lassen,035,31185,7090,7041,429,7470,55
2021-12-08,Los Angeles,037,10098052,1483988,1472410,57509,1529919,27018
2021-12-08,Madera,039,155013,24608,24396,2351,26747,311
2021-12-08,Marin,041,260295,18517,18305,550,18855,249
2021-12-08,Mariposa,043,17540,1469,1447,62,1509,6
2021-12-08,Mendocino,045,87422,8245,8118,688,8806,95
2021-12-08,Merced,047,269075,43780,43631,2186,45817,680
2021-12-08,Modoc,049,8938,599,594,204,798,6
2021-12-08,Mono,051,14174,1942,1924,23,1947,4
2021-12-08,Monterey,053,433212,50368,48957,3356,52313,631
2021-12-08,Napa,055,140530,13524,13421,129,13550,107
2021-12-08,Nevada,057,99092,9974,9862,351,10213,106
2021-12-08,Orange,059,3164182,318033,315421,16436,331857,5795
2021-12-08,Placer,061,380077,39332,38934,3941,42875,478
2021-12-08,Plumas,063,18699,1986,1924,47,1971,12
2021-12-08,Riverside,065,2383286,380042,375099,16945,392044,5404
2021-12-08,Sacramento,067,1510023,166734,165278,5080,170358,2373
2021-12-08,San Benito,069,59416,7838,7793,186,7979,79
2021-12-08,San Bernardino,071,2135413,371355,367516,11886,379402,6006
2021-12-08,San Diego,073,3302833,395112,391676,23012,414688,4369
2021-12-08,San Francisco,075,870044,55628,54792,2491,57283,677
2021-12-08,San Joaquin,077,732212,103753,102877,5708,108585,1841
2021-12-08,San Luis Obispo,079,281455,30972,30519,1361,31880,361
2021-12-08,San Mateo,081,765935,56561,55220,1008,56228,580
2021-12-08,Santa Barbara,083,443738,46642,46250,1648,47898,558
2021-12-08,Santa Clara,085,1922200,154231,152674,1693,154367,1937
2021-12-08,Santa Cruz,087,273765,21792,21505,1049,22554,224
2021-12-08,Shasta,089,179085,22792,22616,3745,26361,419
2021-12-08,Sierra,091,2930,201,199,21,220,0
2021-12-08,Siskiyou,093,43540,3475,3415,1377,4792,57
2021-12-08,Solano,095,438530,47562,46837,1368,48205,365
2021-12-08,Sonoma,097,501317,43636,43179,596,43775,405
2021-12-08,Stanislaus,099,539301,81870,82038,9376,91414,1264
2021-12-08,Sutter,101,95872,14360,14336,410,14746,187
2021-12-08,Tehama,103,63373,8857,8768,1559,10327,133
2021-12-08,Trinity,105,12862,910,818,228,1046,17
2021-12-08,Tulare,107,460477,71563,70472,16515,86987,1102
2021-12-08,Tuolumne,109,53932,7770,7749,111,7860,91
2021-12-08,Ventura,111,848112,101502,100647,4512,105159,1194
2021-12-08,Yolo,113,214977,20802,20575,1278,21853,267
2021-12-08,Yuba,115,75493,10596,10499,398,10897,92
2021-12-07,Alameda,001,1643700,124335,123325,3002,126327,1497
2021-12-07,Alpine,003,1148,106,108,0,108,0
2021-12-07,Amador,005,37829,5801,5778,73,5851,69
2021-12-07,Butte,007,227075,21980,21761,3950,25711,324
2021-12-07,Calaveras,009,45235,4497,4445,63,4508,88
2021-12-07,Colusa,011,21464,2632,2619,685,3304,21
2021-12-07,Contra Costa,013,1133247,103168,102421,2389,104810,1058
2021-12-07,Del Norte,015,27424,3804,3766,56,3822,42
2021-12-07,El Dorado,017,186661,16981,16742,1792,18534,170
2021-12-07,Fresno,019,978130,147368,145715,13388,159103,2289
2021-12-07,Glenn,021,27897,3610,3579,1050,4629,36
2021-12-07,Humboldt,023,135768,9808,9693,702,10395,117
2021-12-07,Imperial,025,180216,36041,35502,3794,39296,778
2021-12-07,Inyo,027,18085,2601,2567,42,2609,46
2021-12-07,Kern,029,883053,133772,132564,24294,156858,1838
2021-12-07,Kings,031,150075,33850,33441,2068,35509,372
2021-12-07,Lake,033,64148,6978,6925,162,7087,113
2021-12-07,Lassen,035,31185,7089,7040,428,7468,55
2021-12-07,Los Angeles,037,10098052,1482188,1470904,57405,1528309,27007
2021-12-07,Madera,039,155013,24585,24367,2344,26711,311
2021-12-07,Marin,041,260295,18483,18284,544,18828,249
2021-12-07,Mariposa,043,17540,1467,1446,62,1508,6
2021-12-07,Mendocino,045,87422,8226,8107,688,8795,95
2021-12-07,Merced,047,269075,43739,43600,2179,45779,675
2021-12-07,Modoc,049,8938,599,594,203,797,6
2021-12-07,Mono,051,14174,1940,1921,23,1944,4
2021-12-07,Monterey,053,433212,50285,48880,3339,52219,631
2021-12-07,Napa,055,140530,13506,13409,129,13538,107
2021-12-07,Nevada,057,99092,9960,9858,350,10208,105
2021-12-07,Orange,059,3164182,317699,315138,16387,331525,5784
2021-12-07,Placer,061,380077,39255,38860,3937,42797,474
2021-12-07,Plumas,063,18699,1982,1915,47,1962,12
2021-12-07,Riverside,065,2383286,379508,374552,16929,391481,5397
2021-12-07,Sacramento,067,1510023,166488,165148,5066,170214,2375
2021-12-07,San Benito,069,59416,7822,7776,186,7962,78
2021-12-07,San Bernardino,071,2135413,370782,366981,11868,378849,6007
2021-12-07,San Diego,073,3302833,394264,391110,22974,414084,4357
2021-12-07,San Francisco,075,870044,55518,54729,2486,57215,676
2021-12-07,San Joaquin,077,732212,103634,102797,5696,108493,1839
2021-12-07,San Luis Obispo,079,281455,30932,30495,1359,31854,361
2021-12-07,San Mateo,081,765935,56469,55163,1002,56165,580
2021-12-07,Santa Barbara,083,443738,46570,46205,1646,47851,556
2021-12-07,Santa Clara,085,1922200,154045,152465,1684,154149,1941
2021-12-07,Santa Cruz,087,273765,21745,21493,1049,22542,224
2021-12-07,Shasta,089,179085,22770,22594,3742,26336,418
2021-12-07,Sierra,091,2930,201,199,21,220,0
2021-12-07,Siskiyou,093,43540,3473,3412,1377,4789,57
2021-12-07,Solano,095,438530,47522,46812,1366,48178,365
2021-12-07,Sonoma,097,501317,43562,43154,595,43749,405
2021-12-07,Stanislaus,099,539301,81793,81980,9364,91344,1258
2021-12-07,Sutter,101,95872,14352,14322,409,14731,186
2021-12-07,Tehama,103,63373,8849,8765,1558,10323,133
2021-12-07,Trinity,105,12862,910,818,228,1046,17
2021-12-07,Tulare,107,460477,71507,70411,16486,86897,1103
2021-12-07,Tuolumne,109,53932,7762,7743,111,7854,91
2021-12-07,Ventura,111,848112,101405,100569,4502,105071,1194
2021-12-07,Yolo,113,214977,20776,20560,1275,21835,263
2021-12-07,Yuba,115,75493,10578,10491,397,10888,91
2021-12-06,Alameda,001,1643700,124168,123227,2999,126226,1496
2021-12-06,Alpine,003,1148,106,108,0,108,0
2021-12-06,Amador,005,37829,5794,5769,72,5841,67
2021-12-06,Butte,007,227075,21963,21732,3947,25679,321
2021-12-06,Calaveras,009,45235,4490,4443,63,4506,88
2021-12-06,Colusa,011,21464,2631,2615,681,3296,21
2021-12-06,Contra Costa,013,1133247,103048,102327,2385,104712,1058
2021-12-06,Del Norte,015,27424,3802,3744,56,3800,42
2021-12-06,El Dorado,017,186661,16956,16726,1790,18516,168
2021-12-06,Fresno,019,978130,147168,145539,13378,158917,2285
2021-12-06,Glenn,021,27897,3607,3577,1049,4626,36
2021-12-06,Humboldt,023,135768,9788,9671,695,10366,117
2021-12-06,Imperial,025,180216,35960,35453,3776,39229,778
2021-12-06,Inyo,027,18085,2595,2562,41,2603,46
2021-12-06,Kern,029,883053,133586,132366,24236,156602,1835
2021-12-06,Kings,031,150075,33817,33399,2063,35462,368
2021-12-06,Lake,033,64148,6974,6922,162,7084,113
2021-12-06,Lassen,035,31185,7084,7032,426,7458,51
2021-12-06,Los Angeles,037,10098052,1480514,1470059,57313,1527372,26993
2021-12-06,Madera,039,155013,24558,24334,2341,26675,307
2021-12-06,Marin,041,260295,18455,18252,542,18794,249
2021-12-06,Mariposa,043,17540,1464,1443,62,1505,6
2021-12-06,Mendocino,045,87422,8213,8079,684,8763,95
2021-12-06,Merced,047,269075,43699,43549,2169,45718,672
2021-12-06,Modoc,049,8938,599,593,203,796,6
2021-12-06,Mono,051,14174,1935,1913,23,1936,4
2021-12-06,Monterey,053,433212,50207,48831,3320,52151,626
2021-12-06,Napa,055,140530,13483,13387,127,13514,107
2021-12-06,Nevada,057,99092,9932,9847,349,10196,105
2021-12-06,Orange,059,3164182,317320,314859,16344,331203,5771
2021-12-06,Placer,061,380077,39197,38785,3932,42717,473
2021-12-06,Plumas,063,18699,1974,1913,47,1960,10
2021-12-06,Riverside,065,2383286,378988,374116,16915,391031,5388
2021-12-06,Sacramento,067,1510023,166210,164926,5045,169971,2367
2021-12-06,San Benito,069,59416,7806,7755,186,7941,78
2021-12-06,San Bernardino,071,2135413,370229,366606,11841,378447,5998
2021-12-06,San Diego,073,3302833,393414,390389,22929,413318,4352
2021-12-06,San Francisco,075,870044,55411,54659,2481,57140,674
2021-12-06,San Joaquin,077,732212,103507,102728,5689,108417,1837
2021-12-06,San Luis Obispo,079,281455,30894,30464,1357,31821,361
2021-12-06,San Mateo,081,765935,56395,55112,999,56111,580
2021-12-06,Santa Barbara,083,443738,46478,46146,1645,47791,556
2021-12-06,Santa Clara,085,1922200,153836,152310,1668,153978,1937
2021-12-06,Santa Cruz,087,273765,21710,21450,1046,22496,224
2021-12-06,Shasta,089,179085,22747,22556,3734,26290,416
2021-12-06,Sierra,091,2930,200,198,21,219,0
2021-12-06,Siskiyou,093,43540,3471,3409,1372,4781,57
2021-12-06,Solano,095,438530,47477,46748,1365,48113,360
2021-12-06,Sonoma,097,501317,43493,43114,587,43701,405
2021-12-06,Stanislaus,099,539301,81699,81889,9330,91219,1241
2021-12-06,Sutter,101,95872,14340,14319,409,14728,186
2021-12-06,Tehama,103,63373,8841,8760,1558,10318,133
2021-12-06,Trinity,105,12862,910,815,227,1042,17
2021-12-06,Tulare,107,460477,71430,70285,16447,86732,1101
2021-12-06,Tuolumne,109,53932,7748,7726,111,7837,91
2021-12-06,Ventura,111,848112,101303,100426,4494,104920,1194
2021-12-06,Yolo,113,214977,20752,20548,1274,21822,263
2021-12-06,Yuba,115,75493,10563,10480,392,10872,91
2021-12-05,Alameda,001,1643700,123984,123104,2991,126095,1496
2021-12-05,Alpine,003,1148,105,108,0,108,0
2021-12-05,Amador,005,37829,5791,5761,72,5833,67
2021-12-05,Butte,007,227075,21929,21720,3941,25661,320
2021-12-05,Calaveras,009,45235,4473,4434,63,4497,88
2021-12-05,Colusa,011,21464,2630,2615,680,3295,21
2021-12-05,Contra Costa,013,1133247,102917,102251,2375,104626,1058
2021-12-05,Del Norte,015,27424,3800,3751,56,3807,42
2021-12-05,El Dorado,017,186661,16919,16717,1784,18501,168
2021-12-05,Fresno,019,978130,146994,145452,13357,158809,2284
2021-12-05,Glenn,021,27897,3605,3577,1048,4625,36
2021-12-05,Humboldt,023,135768,9758,9662,692,10354,117
2021-12-05,Imperial,025,180216,35866,35422,3747,39169,778
2021-12-05,Inyo,027,18085,2588,2559,41,2600,46
2021-12-05,Kern,029,883053,133421,132286,24184,156470,1833
2021-12-05,Kings,031,150075,33753,33360,2063,35423,369
2021-12-05,Lake,033,64148,6969,6919,161,7080,113
2021-12-05,Lassen,035,31185,7082,7031,426,7457,51
2021-12-05,Los Angeles,037,10098052,1478661,1468937,57172,1526109,26991
2021-12-05,Madera,039,155013,24517,24311,2338,26649,307
2021-12-05,Marin,041,260295,18408,18216,534,18750,249
2021-12-05,Mariposa,043,17540,1461,1440,61,1501,6
2021-12-05,Mendocino,045,87422,8194,8069,678,8747,95
2021-12-05,Merced,047,269075,43654,43534,2160,45694,672
2021-12-05,Modoc,049,8938,599,593,203,796,6
2021-12-05,Mono,051,14174,1928,1907,23,1930,4
2021-12-05,Monterey,053,433212,50136,48813,3288,52101,626
2021-12-05,Napa,055,140530,13457,13382,124,13506,107
2021-12-05,Nevada,057,99092,9911,9827,349,10176,105
2021-12-05,Orange,059,3164182,316885,314560,16301,330861,5771
2021-12-05,Placer,061,380077,39139,38738,3923,42661,473
2021-12-05,Plumas,063,18699,1970,1913,46,1959,9
2021-12-05,Riverside,065,2383286,378330,373827,16885,390712,5388
2021-12-05,Sacramento,067,1510023,165902,164721,5027,169748,2367
2021-12-05,San Benito,069,59416,7789,7748,185,7933,78
2021-12-05,San Bernardino,071,2135413,369528,366282,11794,378076,5998
2021-12-05,San Diego,073,3302833,392615,387979,22880,410859,4351
2021-12-05,San Francisco,075,870044,55310,54603,2479,57082,674
2021-12-05,San Joaquin,077,732212,103366,102698,5684,108382,1837
2021-12-05,San Luis Obispo,079,281455,30824,30454,1354,31808,360
2021-12-05,San Mateo,081,765935,56306,55050,989,56039,580
2021-12-05,Santa Barbara,083,443738,46395,46097,1637,47734,555
2021-12-05,Santa Clara,085,1922200,153581,152114,1648,153762,1933
2021-12-05,Santa Cruz,087,273765,21660,21424,1046,22470,224
2021-12-05,Shasta,089,179085,22690,22550,3733,26283,416
2021-12-05,Sierra,091,2930,200,198,21,219,0
2021-12-05,Siskiyou,093,43540,3469,3409,1370,4779,57
2021-12-05,Solano,095,438530,47414,46715,1363,48078,360
2021-12-05,Sonoma,097,501317,43416,43038,582,43620,405
2021-12-05,Stanislaus,099,539301,81565,81847,9320,91167,1241
2021-12-05,Sutter,101,95872,14316,14303,404,14707,186
2021-12-05,Tehama,103,63373,8833,8755,1557,10312,133
2021-12-05,Trinity,105,12862,909,815,227,1042,17
2021-12-05,Tulare,107,460477,71349,70254,16399,86653,1102
2021-12-05,Tuolumne,109,53932,7735,7718,111,7829,91
2021-12-05,Ventura,111,848112,101167,100367,4481,104848,1194
2021-12-05,Yolo,113,214977,20710,20512,1272,21784,263
2021-12-05,Yuba,115,75493,10550,10467,385,10852,91
2021-12-04,Alameda,001,1643700,123870,122508,2987,125495,1494
2021-12-04,Alpine,003,1148,105,108,0,108,0
2021-12-04,Amador,005,37829,5788,5729,72,5801,67
2021-12-04,Butte,007,227075,21910,21638,3937,25575,318
2021-12-04,Calaveras,009,45235,4465,4392,62,4454,88
2021-12-04,Colusa,011,21464,2630,2600,678,3278,21
2021-12-04,Contra Costa,013,1133247,102845,101824,2369,104193,1056
2021-12-04,Del Norte,015,27424,3797,3726,56,3782,42
2021-12-04,El Dorado,017,186661,16910,16621,1783,18404,168
2021-12-04,Fresno,019,978130,146906,144734,13348,158082,2270
2021-12-04,Glenn,021,27897,3605,3559,1048,4607,36
2021-12-04,Humboldt,023,135768,9743,9596,688,10284,117
2021-12-04,Imperial,025,180216,35811,35206,3734,38940,776
2021-12-04,Inyo,027,18085,2583,2538,41,2579,46
2021-12-04,Kern,029,883053,133341,131771,24161,155932,1817
2021-12-04,Kings,031,150075,33729,33183,2062,35245,367
2021-12-04,Lake,033,64148,6960,6903,161,7064,113
2021-12-04,Lassen,035,31185,7081,7014,424,7438,51
2021-12-04,Los Angeles,037,10098052,1477786,1463270,57094,1520364,26952
2021-12-04,Madera,039,155013,24503,24188,2334,26522,307
2021-12-04,Marin,041,260295,18386,18075,533,18608,249
2021-12-04,Mariposa,043,17540,1457,1421,61,1482,6
2021-12-04,Mendocino,045,87422,8189,7981,678,8659,91
2021-12-04,Merced,047,269075,43627,43337,2158,45495,671
2021-12-04,Modoc,049,8938,599,591,203,794,6
2021-12-04,Mono,051,14174,1928,1883,23,1906,4
2021-12-04,Monterey,053,433212,50104,48682,3281,51963,626
2021-12-04,Napa,055,140530,13447,13327,123,13450,106
2021-12-04,Nevada,057,99092,9903,9752,349,10101,105
2021-12-04,Orange,059,3164182,316655,313112,16275,329387,5748
2021-12-04,Placer,061,380077,39099,38460,3917,42377,473
2021-12-04,Plumas,063,18699,1967,1903,46,1949,7
2021-12-04,Riverside,065,2383286,377971,371768,16879,388647,5381
2021-12-04,Sacramento,067,1510023,165759,163900,5019,168919,2365
2021-12-04,San Benito,069,59416,7763,7688,185,7873,78
2021-12-04,San Bernardino,071,2135413,369141,364154,11780,375934,5983
2021-12-04,San Diego,073,3302833,392136,386710,22850,409560,4350
2021-12-04,San Francisco,075,870044,55242,54286,2476,56762,674
2021-12-04,San Joaquin,077,732212,103312,102286,5682,107968,1835
2021-12-04,San Luis Obispo,079,281455,30803,30318,1350,31668,360
2021-12-04,San Mateo,081,765935,56256,54774,986,55760,579
2021-12-04,Santa Barbara,083,443738,46350,45774,1637,47411,555
2021-12-04,Santa Clara,085,1922200,153427,151275,1634,152909,1928
2021-12-04,Santa Cruz,087,273765,21634,21286,1045,22331,224
2021-12-04,Shasta,089,179085,22673,22418,3731,26149,414
2021-12-04,Sierra,091,2930,200,196,21,217,0
2021-12-04,Siskiyou,093,43540,3467,3398,1370,4768,57
2021-12-04,Solano,095,438530,47394,46529,1362,47891,360
2021-12-04,Sonoma,097,501317,43371,42778,579,43357,405
2021-12-04,Stanislaus,099,539301,81493,81462,9313,90775,1231
2021-12-04,Sutter,101,95872,14308,14258,403,14661,186
2021-12-04,Tehama,103,63373,8831,8742,1557,10299,131
2021-12-04,Trinity,105,12862,908,801,227,1028,17
2021-12-04,Tulare,107,460477,71312,70014,16371,86385,1100
2021-12-04,Tuolumne,109,53932,7730,7676,111,7787,91
2021-12-04,Ventura,111,848112,101076,99751,4477,104228,1192
2021-12-04,Yolo,113,214977,20687,20442,1269,21711,261
2021-12-04,Yuba,115,75493,10539,10418,384,10802,91
2021-12-03,Alameda,001,1643700,123777,122508,2977,125485,1494
2021-12-03,Alpine,003,1148,105,108,0,108,0
2021-12-03,Amador,005,37829,5783,5729,71,5800,67
2021-12-03,Butte,007,227075,21897,21638,3932,25570,318
2021-12-03,Calaveras,009,45235,4456,4392,62,4454,88
2021-12-03,Colusa,011,21464,2628,2600,678,3278,21
2021-12-03,Contra Costa,013,1133247,102772,101824,2364,104188,1056
2021-12-03,Del Norte,015,27424,3795,3726,56,3782,42
2021-12-03,El Dorado,017,186661,16881,16621,1781,18402,168
2021-12-03,Fresno,019,978130,146792,144734,13345,158079,2270
2021-12-03,Glenn,021,27897,3604,3559,1047,4606,36
2021-12-03,Humboldt,023,135768,9726,9596,686,10282,117
2021-12-03,Imperial,025,180216,35767,35206,3704,38910,776
2021-12-03,Inyo,027,18085,2576,2538,41,2579,46
2021-12-03,Kern,029,883053,133270,131771,24126,155897,1817
2021-12-03,Kings,031,150075,33701,33183,2062,35245,367
2021-12-03,Lake,033,64148,6960,6903,161,7064,113
2021-12-03,Lassen,035,31185,7079,7014,423,7437,51
2021-12-03,Los Angeles,037,10098052,1476840,1463270,57013,1520283,26952
2021-12-03,Madera,039,155013,24477,24188,2330,26518,307
2021-12-03,Marin,041,260295,18354,18075,529,18604,249
2021-12-03,Mariposa,043,17540,1455,1421,61,1482,6
2021-12-03,Mendocino,045,87422,8182,7981,678,8659,91
2021-12-03,Merced,047,269075,43604,43337,2155,45492,671
2021-12-03,Modoc,049,8938,599,591,203,794,6
2021-12-03,Mono,051,14174,1922,1883,23,1906,4
2021-12-03,Monterey,053,433212,50065,48682,3270,51952,626
2021-12-03,Napa,055,140530,13435,13327,123,13450,106
2021-12-03,Nevada,057,99092,9892,9752,349,10101,105
2021-12-03,Orange,059,3164182,316384,313112,16243,329355,5748
2021-12-03,Placer,061,380077,39062,38460,3910,42370,473
2021-12-03,Plumas,063,18699,1964,1903,46,1949,7
2021-12-03,Riverside,065,2383286,377580,371768,16873,388641,5381
2021-12-03,Sacramento,067,1510023,165579,163900,5005,168905,2365
2021-12-03,San Benito,069,59416,7756,7688,185,7873,78
2021-12-03,San Bernardino,071,2135413,368700,364154,11770,375924,5983
2021-12-03,San Diego,073,3302833,391661,386710,22826,409536,4350
2021-12-03,San Francisco,075,870044,55172,54286,2472,56758,674
2021-12-03,San Joaquin,077,732212,103255,102286,5681,107967,1835
2021-12-03,San Luis Obispo,079,281455,30777,30318,1347,31665,360
2021-12-03,San Mateo,081,765935,56192,54774,983,55757,579
2021-12-03,Santa Barbara,083,443738,46314,45774,1637,47411,555
2021-12-03,Santa Clara,085,1922200,153245,151275,1619,152894,1928
2021-12-03,Santa Cruz,087,273765,21607,21286,1045,22331,224
2021-12-03,Shasta,089,179085,22658,22418,3731,26149,414
2021-12-03,Sierra,091,2930,200,196,21,217,0
2021-12-03,Siskiyou,093,43540,3464,3398,1368,4766,57
2021-12-03,Solano,095,438530,47352,46529,1361,47890,360
2021-12-03,Sonoma,097,501317,43335,42778,577,43355,405
2021-12-03,Stanislaus,099,539301,81436,81462,9304,90766,1231
2021-12-03,Sutter,101,95872,14295,14258,401,14659,186
2021-12-03,Tehama,103,63373,8830,8742,1556,10298,131
2021-12-03,Trinity,105,12862,908,801,227,1028,17
2021-12-03,Tulare,107,460477,71273,70014,16338,86352,1100
2021-12-03,Tuolumne,109,53932,7721,7676,111,7787,91
2021-12-03,Ventura,111,848112,100989,99751,4470,104221,1192
2021-12-03,Yolo,113,214977,20670,20442,1268,21710,261
2021-12-03,Yuba,115,75493,10531,10418,384,10802,91
2021-12-02,Alameda,001,1643700,123622,122508,2969,125477,1494
2021-12-02,Alpine,003,1148,105,108,0,108,0
2021-12-02,Amador,005,37829,5778,5729,70,5799,67
2021-12-02,Butte,007,227075,21872,21638,3929,25567,318
2021-12-02,Calaveras,009,45235,4446,4392,61,4453,88
2021-12-02,Colusa,011,21464,2627,2600,678,3278,21
2021-12-02,Contra Costa,013,1133247,102657,101824,2360,104184,1056
2021-12-02,Del Norte,015,27424,3787,3726,56,3782,42
2021-12-02,El Dorado,017,186661,16860,16621,1779,18400,168
2021-12-02,Fresno,019,978130,146625,144734,13333,158067,2270
2021-12-02,Glenn,021,27897,3604,3559,1044,4603,36
2021-12-02,Humboldt,023,135768,9707,9596,684,10280,117
2021-12-02,Imperial,025,180216,35700,35206,3681,38887,776
2021-12-02,Inyo,027,18085,2571,2538,41,2579,46
2021-12-02,Kern,029,883053,133099,131771,24073,155844,1817
2021-12-02,Kings,031,150075,33646,33183,2060,35243,367
2021-12-02,Lake,033,64148,6956,6903,161,7064,113
2021-12-02,Lassen,035,31185,7075,7014,423,7437,51
2021-12-02,Los Angeles,037,10098052,1475315,1463270,56928,1520198,26952
2021-12-02,Madera,039,155013,24440,24188,2321,26509,307
2021-12-02,Marin,041,260295,18324,18075,525,18600,249
2021-12-02,Mariposa,043,17540,1453,1421,61,1482,6
2021-12-02,Mendocino,045,87422,8166,7981,677,8658,91
2021-12-02,Merced,047,269075,43558,43337,2150,45487,671
2021-12-02,Modoc,049,8938,598,591,203,794,6
2021-12-02,Mono,051,14174,1916,1883,23,1906,4
2021-12-02,Monterey,053,433212,49988,48682,3248,51930,626
2021-12-02,Napa,055,140530,13422,13327,123,13450,106
2021-12-02,Nevada,057,99092,9874,9752,348,10100,105
2021-12-02,Orange,059,3164182,316041,313112,16206,329318,5748
2021-12-02,Placer,061,380077,38997,38460,3905,42365,473
2021-12-02,Plumas,063,18699,1961,1903,46,1949,7
2021-12-02,Riverside,065,2383286,377053,371768,16863,388631,5381
2021-12-02,Sacramento,067,1510023,165349,163900,4995,168895,2365
2021-12-02,San Benito,069,59416,7736,7688,185,7873,78
2021-12-02,San Bernardino,071,2135413,368153,364154,11751,375905,5983
2021-12-02,San Diego,073,3302833,391016,386710,22771,409481,4350
2021-12-02,San Francisco,075,870044,55077,54286,2467,56753,674
2021-12-02,San Joaquin,077,732212,103141,102286,5676,107962,1835
2021-12-02,San Luis Obispo,079,281455,30743,30318,1340,31658,360
2021-12-02,San Mateo,081,765935,56111,54774,975,55749,579
2021-12-02,Santa Barbara,083,443738,46232,45774,1634,47408,555
2021-12-02,Santa Clara,085,1922200,152999,151275,1602,152877,1928
2021-12-02,Santa Cruz,087,273765,21556,21286,1044,22330,224
2021-12-02,Shasta,089,179085,22625,22418,3730,26148,414
2021-12-02,Sierra,091,2930,200,196,21,217,0
2021-12-02,Siskiyou,093,43540,3463,3398,1361,4759,57
2021-12-02,Solano,095,438530,47301,46529,1359,47888,360
2021-12-02,Sonoma,097,501317,43262,42778,577,43355,405
2021-12-02,Stanislaus,099,539301,81344,81462,9296,90758,1231
2021-12-02,Sutter,101,95872,14282,14258,398,14656,186
2021-12-02,Tehama,103,63373,8823,8742,1554,10296,131
2021-12-02,Trinity,105,12862,908,801,227,1028,17
2021-12-02,Tulare,107,460477,71186,70014,16286,86300,1100
2021-12-02,Tuolumne,109,53932,7706,7676,110,7786,91
2021-12-02,Ventura,111,848112,100863,99751,4468,104219,1192
2021-12-02,Yolo,113,214977,20646,20442,1264,21706,261
2021-12-02,Yuba,115,75493,10515,10418,381,10799,91
2021-12-01,Alameda,001,1643700,123471,122298,2959,125257,1492
2021-12-01,Alpine,003,1148,105,108,0,108,0
2021-12-01,Amador,005,37829,5771,5723,70,5793,67
2021-12-01,Butte,007,227075,21853,21600,3924,25524,318
2021-12-01,Calaveras,009,45235,4441,4371,61,4432,88
2021-12-01,Colusa,011,21464,2620,2595,675,3270,20
2021-12-01,Contra Costa,013,1133247,102549,101651,2349,104000,1048
2021-12-01,Del Norte,015,27424,3785,3722,56,3778,42
2021-12-01,El Dorado,017,186661,16839,16575,1777,18352,166
2021-12-01,Fresno,019,978130,146416,144507,13325,157832,2264
2021-12-01,Glenn,021,27897,3597,3556,1043,4599,36
2021-12-01,Humboldt,023,135768,9683,9573,679,10252,117
2021-12-01,Imperial,025,180216,35620,35085,3654,38739,776
2021-12-01,Inyo,027,18085,2567,2533,41,2574,46
2021-12-01,Kern,029,883053,132952,131580,24018,155598,1804
2021-12-01,Kings,031,150075,33597,33112,2059,35171,364
2021-12-01,Lake,033,64148,6948,6896,160,7056,112
2021-12-01,Lassen,035,31185,7069,7008,421,7429,51
2021-12-01,Los Angeles,037,10098052,1473714,1461394,56833,1518227,26928
2021-12-01,Madera,039,155013,24408,24134,2312,26446,307
2021-12-01,Marin,041,260295,18287,18038,519,18557,249
2021-12-01,Mariposa,043,17540,1449,1415,61,1476,6
2021-12-01,Mendocino,045,87422,8152,7966,672,8638,90
2021-12-01,Merced,047,269075,43502,43259,2129,45388,670
2021-12-01,Modoc,049,8938,598,576,203,779,5
2021-12-01,Mono,051,14174,1911,1876,23,1899,4
2021-12-01,Monterey,053,433212,49939,48611,3239,51850,626
2021-12-01,Napa,055,140530,13405,13319,120,13439,107
2021-12-01,Nevada,057,99092,9860,9706,348,10054,105
2021-12-01,Orange,059,3164182,315676,312772,16168,328940,5735
2021-12-01,Placer,061,380077,38941,38373,3899,42272,472
2021-12-01,Plumas,063,18699,1957,1893,46,1939,7
2021-12-01,Riverside,065,2383286,376529,371189,16846,388035,5369
2021-12-01,Sacramento,067,1510023,165136,163616,4976,168592,2360
2021-12-01,San Benito,069,59416,7722,7669,185,7854,78
2021-12-01,San Bernardino,071,2135413,367568,363368,11724,375092,5973
2021-12-01,San Diego,073,3302833,390217,386056,22716,408772,4346
2021-12-01,San Francisco,075,870044,54995,54199,2460,56659,672
2021-12-01,San Joaquin,077,732212,103033,102109,5675,107784,1834
2021-12-01,San Luis Obispo,079,281455,30701,30238,1336,31574,360
2021-12-01,San Mateo,081,765935,56030,54711,972,55683,579
2021-12-01,Santa Barbara,083,443738,46162,45681,1632,47313,554
2021-12-01,Santa Clara,085,1922200,152780,150961,1585,152546,1925
2021-12-01,Santa Cruz,087,273765,21526,21191,1043,22234,224
2021-12-01,Shasta,089,179085,22593,22375,3724,26099,410
2021-12-01,Sierra,091,2930,200,195,21,216,0
2021-12-01,Siskiyou,093,43540,3460,3391,1361,4752,55
2021-12-01,Solano,095,438530,47257,46485,1359,47844,360
2021-12-01,Sonoma,097,501317,43187,42713,576,43289,405
2021-12-01,Stanislaus,099,539301,81251,81330,9284,90614,1231
2021-12-01,Sutter,101,95872,14267,14229,397,14626,186
2021-12-01,Tehama,103,63373,8813,8728,1554,10282,130
2021-12-01,Trinity,105,12862,903,801,227,1028,17
2021-12-01,Tulare,107,460477,71110,69953,16246,86199,1098
2021-12-01,Tuolumne,109,53932,7698,7655,110,7765,91
2021-12-01,Ventura,111,848112,100757,99680,4457,104137,1191
2021-12-01,Yolo,113,214977,20618,20393,1264,21657,260
2021-12-01,Yuba,115,75493,10504,10401,380,10781,89
2021-11-30,Alameda,001,1643700,123300,122196,2950,125146,1489
2021-11-30,Alpine,003,1148,105,108,0,108,0
2021-11-30,Amador,005,37829,5763,5716,70,5786,66
2021-11-30,Butte,007,227075,21824,21565,3915,25480,318
2021-11-30,Calaveras,009,45235,4423,4360,61,4421,88
2021-11-30,Colusa,011,21464,2619,2592,675,3267,21
2021-11-30,Contra Costa,013,1133247,102411,101538,2342,103880,1046
2021-11-30,Del Norte,015,27424,3779,3718,56,3774,42
2021-11-30,El Dorado,017,186661,16811,16558,1771,18329,166
2021-11-30,Fresno,019,978130,146216,144384,13317,157701,2259
2021-11-30,Glenn,021,27897,3592,3555,1042,4597,36
2021-11-30,Humboldt,023,135768,9652,9539,673,10212,116
2021-11-30,Imperial,025,180216,35512,34999,3626,38625,773
2021-11-30,Inyo,027,18085,2558,2530,41,2571,46
2021-11-30,Kern,029,883053,132778,131451,23961,155412,1799
2021-11-30,Kings,031,150075,33545,33074,2055,35129,362
2021-11-30,Lake,033,64148,6943,6892,158,7050,110
2021-11-30,Lassen,035,31185,7065,7003,420,7423,51
2021-11-30,Los Angeles,037,10098052,1471912,1460177,56728,1516905,26913
2021-11-30,Madera,039,155013,24374,24108,2307,26415,307
2021-11-30,Marin,041,260295,18243,18010,517,18527,249
2021-11-30,Mariposa,043,17540,1443,1412,61,1473,6
2021-11-30,Mendocino,045,87422,8123,7960,666,8626,89
2021-11-30,Merced,047,269075,43432,43200,2121,45321,668
2021-11-30,Modoc,049,8938,597,576,203,779,5
2021-11-30,Mono,051,14174,1908,1873,23,1896,4
2021-11-30,Monterey,053,433212,49875,48581,3229,51810,626
2021-11-30,Napa,055,140530,13385,13308,120,13428,105
2021-11-30,Nevada,057,99092,9844,9699,347,10046,105
2021-11-30,Orange,059,3164182,315255,312451,16126,328577,5724
2021-11-30,Placer,061,380077,38838,38324,3891,42215,470
2021-11-30,Plumas,063,18699,1952,1887,45,1932,7
2021-11-30,Riverside,065,2383286,375843,370739,16821,387560,5358
2021-11-30,Sacramento,067,1510023,164855,163420,4954,168374,2353
2021-11-30,San Benito,069,59416,7700,7645,184,7829,78
2021-11-30,San Bernardino,071,2135413,366892,363006,11702,374708,5967
2021-11-30,San Diego,073,3302833,389291,385405,22669,408074,4340
2021-11-30,San Francisco,075,870044,54888,54147,2451,56598,672
2021-11-30,San Joaquin,077,732212,102907,101972,5667,107639,1834
2021-11-30,San Luis Obispo,079,281455,30676,30200,1333,31533,360
2021-11-30,San Mateo,081,765935,55925,54656,962,55618,579
2021-11-30,Santa Barbara,083,443738,46066,45628,1626,47254,553
2021-11-30,Santa Clara,085,1922200,152519,150799,1567,152366,1929
2021-11-30,Santa Cruz,087,273765,21468,21169,1039,22208,224
2021-11-30,Shasta,089,179085,22563,22347,3721,26068,401
2021-11-30,Sierra,091,2930,197,195,21,216,0
2021-11-30,Siskiyou,093,43540,3456,3385,1358,4743,55
2021-11-30,Solano,095,438530,47194,46434,1353,47787,358
2021-11-30,Sonoma,097,501317,43108,42663,574,43237,405
2021-11-30,Stanislaus,099,539301,81151,81276,9257,90533,1227
2021-11-30,Sutter,101,95872,14256,14210,394,14604,186
2021-11-30,Tehama,103,63373,8806,8727,1553,10280,130
2021-11-30,Trinity,105,12862,902,799,227,1026,17
2021-11-30,Tulare,107,460477,71024,69900,16196,86096,1099
2021-11-30,Tuolumne,109,53932,7683,7643,110,7753,91
2021-11-30,Ventura,111,848112,100604,99601,4445,104046,1191
2021-11-30,Yolo,113,214977,20576,20376,1258,21634,260
2021-11-30,Yuba,115,75493,10485,10398,375,10773,89
2021-11-29,Alameda,001,1643700,123143,122136,2941,125077,1489
2021-11-29,Alpine,003,1148,105,108,0,108,0
2021-11-29,Amador,005,37829,5756,5706,70,5776,66
2021-11-29,Butte,007,227075,21799,21544,3909,25453,314
2021-11-29,Calaveras,009,45235,4407,4353,61,4414,88
2021-11-29,Colusa,011,21464,2617,2585,672,3257,20
2021-11-29,Contra Costa,013,1133247,102263,101441,2334,103775,1046
2021-11-29,Del Norte,015,27424,3776,3704,56,3760,42
2021-11-29,El Dorado,017,186661,16793,16534,1766,18300,166
2021-11-29,Fresno,019,978130,146010,144282,13294,157576,2254
2021-11-29,Glenn,021,27897,3589,3555,1041,4596,36
2021-11-29,Humboldt,023,135768,9635,9514,666,10180,115
2021-11-29,Imperial,025,180216,35448,34960,3605,38565,773
2021-11-29,Inyo,027,18085,2553,2529,41,2570,46
2021-11-29,Kern,029,883053,132594,131362,23919,155281,1789
2021-11-29,Kings,031,150075,33493,33059,2051,35110,363
2021-11-29,Lake,033,64148,6931,6889,158,7047,110
2021-11-29,Lassen,035,31185,7062,7003,418,7421,51
2021-11-29,Los Angeles,037,10098052,1470050,1459446,56641,1516087,26889
2021-11-29,Madera,039,155013,24338,24069,2299,26368,307
2021-11-29,Marin,041,260295,18196,17980,512,18492,249
2021-11-29,Mariposa,043,17540,1435,1409,61,1470,6
2021-11-29,Mendocino,045,87422,8106,7954,662,8616,89
2021-11-29,Merced,047,269075,43358,43167,2113,45280,667
2021-11-29,Modoc,049,8938,596,569,203,772,5
2021-11-29,Mono,051,14174,1891,1859,23,1882,4
2021-11-29,Monterey,053,433212,49814,48548,3213,51761,626
2021-11-29,Napa,055,140530,13375,13304,120,13424,104
2021-11-29,Nevada,057,99092,9830,9689,347,10036,105
2021-11-29,Orange,059,3164182,314852,312203,16080,328283,5709
2021-11-29,Placer,061,380077,38773,38261,3886,42147,470
2021-11-29,Plumas,063,18699,1949,1884,45,1929,7
2021-11-29,Riverside,065,2383286,375307,370334,16810,387144,5358
2021-11-29,Sacramento,067,1510023,164606,163282,4921,168203,2342
2021-11-29,San Benito,069,59416,7681,7631,183,7814,77
2021-11-29,San Bernardino,071,2135413,366288,362694,11670,374364,5962
2021-11-29,San Diego,073,3302833,388400,384853,22635,407488,4335
2021-11-29,San Francisco,075,870044,54790,54125,2447,56572,669
2021-11-29,San Joaquin,077,732212,102768,101927,5660,107587,1834
2021-11-29,San Luis Obispo,079,281455,30642,30165,1329,31494,359
2021-11-29,San Mateo,081,765935,55822,54622,958,55580,579
2021-11-29,Santa Barbara,083,443738,45969,45576,1622,47198,549
2021-11-29,Santa Clara,085,1922200,152247,150620,1561,152181,1925
2021-11-29,Santa Cruz,087,273765,21431,21149,1038,22187,224
2021-11-29,Shasta,089,179085,22528,22315,3717,26032,399
2021-11-29,Sierra,091,2930,197,195,21,216,0
2021-11-29,Siskiyou,093,43540,3453,3374,1351,4725,55
2021-11-29,Solano,095,438530,47142,46412,1351,47763,357
2021-11-29,Sonoma,097,501317,43032,42624,571,43195,405
2021-11-29,Stanislaus,099,539301,81071,81227,9239,90466,1223
2021-11-29,Sutter,101,95872,14240,14204,391,14595,186
2021-11-29,Tehama,103,63373,8801,8720,1548,10268,130
2021-11-29,Trinity,105,12862,897,798,227,1025,17
2021-11-29,Tulare,107,460477,70945,69850,16162,86012,1096
2021-11-29,Tuolumne,109,53932,7670,7627,110,7737,90
2021-11-29,Ventura,111,848112,100484,99520,4435,103955,1190
2021-11-29,Yolo,113,214977,20532,20344,1255,21599,257
2021-11-29,Yuba,115,75493,10468,10395,374,10769,89
2021-11-28,Alameda,001,1643700,122923,122082,2935,125017,1491
2021-11-28,Alpine,003,1148,105,108,0,108,0
2021-11-28,Amador,005,37829,5746,5703,70,5773,66
2021-11-28,Butte,007,227075,21760,21530,3907,25437,313
2021-11-28,Calaveras,009,45235,4385,4350,61,4411,88
2021-11-28,Colusa,011,21464,2613,2586,671,3257,19
2021-11-28,Contra Costa,013,1133247,102090,101355,2324,103679,1046
2021-11-28,Del Norte,015,27424,3771,3703,56,3759,42
2021-11-28,El Dorado,017,186661,16752,16527,1765,18292,166
2021-11-28,Fresno,019,978130,145765,144164,13269,157433,2252
2021-11-28,Glenn,021,27897,3586,3547,1039,4586,36
2021-11-28,Humboldt,023,135768,9603,9499,662,10161,115
2021-11-28,Imperial,025,180216,35340,34929,3581,38510,773
2021-11-28,Inyo,027,18085,2546,2531,41,2572,46
2021-11-28,Kern,029,883053,132387,131279,23862,155141,1789
2021-11-28,Kings,031,150075,33419,33057,2044,35101,364
2021-11-28,Lake,033,64148,6921,6885,157,7042,110
2021-11-28,Lassen,035,31185,7054,7002,414,7416,51
2021-11-28,Los Angeles,037,10098052,1467875,1458646,56553,1515199,26878
2021-11-28,Madera,039,155013,24290,24055,2292,26347,307
2021-11-28,Marin,041,260295,18147,17962,508,18470,249
2021-11-28,Mariposa,043,17540,1431,1406,61,1467,6
2021-11-28,Mendocino,045,87422,8076,7943,657,8600,89
2021-11-28,Merced,047,269075,43292,43166,2098,45264,667
2021-11-28,Modoc,049,8938,595,569,203,772,5
2021-11-28,Mono,051,14174,1885,1841,23,1864,4
2021-11-28,Monterey,053,433212,49749,48537,3194,51731,626
2021-11-28,Napa,055,140530,13362,13303,120,13423,104
2021-11-28,Nevada,057,99092,9803,9684,346,10030,105
2021-11-28,Orange,059,3164182,314466,312028,16037,328065,5693
2021-11-28,Placer,061,380077,38692,38240,3867,42107,470
2021-11-28,Plumas,063,18699,1943,1884,44,1928,7
2021-11-28,Riverside,065,2383286,374647,370051,16788,386839,5358
2021-11-28,Sacramento,067,1510023,164250,163170,4898,168068,2335
2021-11-28,San Benito,069,59416,7662,7623,182,7805,77
2021-11-28,San Bernardino,071,2135413,365563,362407,11642,374049,5958
2021-11-28,San Diego,073,3302833,387509,383025,22571,405596,4325
2021-11-28,San Francisco,075,870044,54714,54082,2442,56524,669
2021-11-28,San Joaquin,077,732212,102587,101895,5643,107538,1834
2021-11-28,San Luis Obispo,079,281455,30578,30152,1325,31477,358
2021-11-28,San Mateo,081,765935,55728,54567,954,55521,579
2021-11-28,Santa Barbara,083,443738,45890,45551,1611,47162,549
2021-11-28,Santa Clara,085,1922200,151946,150436,1546,151982,1920
2021-11-28,Santa Cruz,087,273765,21360,21110,1037,22147,224
2021-11-28,Shasta,089,179085,22488,22316,3715,26031,400
2021-11-28,Sierra,091,2930,197,195,21,216,0
2021-11-28,Siskiyou,093,43540,3447,3372,1347,4719,55
2021-11-28,Solano,095,438530,47080,46385,1350,47735,356
2021-11-28,Sonoma,097,501317,42946,42583,568,43151,405
2021-11-28,Stanislaus,099,539301,80953,81181,9219,90400,1223
2021-11-28,Sutter,101,95872,14218,14192,385,14577,186
2021-11-28,Tehama,103,63373,8793,8720,1544,10264,130
2021-11-28,Trinity,105,12862,896,797,227,1024,17
2021-11-28,Tulare,107,460477,70848,69833,16109,85942,1095
2021-11-28,Tuolumne,109,53932,7649,7620,110,7730,90
2021-11-28,Ventura,111,848112,100328,99486,4424,103910,1190
2021-11-28,Yolo,113,214977,20489,20333,1254,21587,257
2021-11-28,Yuba,115,75493,10450,10391,372,10763,89
2021-11-27,Alameda,001,1643700,122826,121618,2932,124550,1477
2021-11-27,Alpine,003,1148,105,106,0,106,0
2021-11-27,Amador,005,37829,5745,5670,70,5740,66
2021-11-27,Butte,007,227075,21737,21384,3902,25286,309
2021-11-27,Calaveras,009,45235,4379,4294,61,4355,85
2021-11-27,Colusa,011,21464,2612,2568,669,3237,19
2021-11-27,Contra Costa,013,1133247,102005,100961,2323,103284,1045
2021-11-27,Del Norte,015,27424,3764,3661,56,3717,42
2021-11-27,El Dorado,017,186661,16717,16399,1764,18163,161
2021-11-27,Fresno,019,978130,145653,143386,13263,156649,2246
2021-11-27,Glenn,021,27897,3582,3532,1038,4570,36
2021-11-27,Humboldt,023,135768,9575,9399,660,10059,115
2021-11-27,Imperial,025,180216,35257,34611,3565,38176,769
2021-11-27,Inyo,027,18085,2543,2506,41,2547,45
2021-11-27,Kern,029,883053,132303,130245,23833,154078,1773
2021-11-27,Kings,031,150075,33396,32891,2041,34932,358
2021-11-27,Lake,033,64148,6918,6836,156,6992,110
2021-11-27,Lassen,035,31185,7052,6959,413,7372,47
2021-11-27,Los Angeles,037,10098052,1466866,1454495,56483,1510978,26817
2021-11-27,Madera,039,155013,24270,23880,2287,26167,296
2021-11-27,Marin,041,260295,18109,17857,503,18360,248
2021-11-27,Mariposa,043,17540,1429,1374,61,1435,6
2021-11-27,Mendocino,045,87422,8057,7871,657,8528,89
2021-11-27,Merced,047,269075,43257,42921,2095,45016,664
2021-11-27,Modoc,049,8938,593,551,203,754,5
2021-11-27,Mono,051,14174,1883,1810,23,1833,4
2021-11-27,Monterey,053,433212,49716,48400,3180,51580,625
2021-11-27,Napa,055,140530,13348,13256,120,13376,104
2021-11-27,Nevada,057,99092,9781,9584,345,9929,103
2021-11-27,Orange,059,3164182,314214,310809,16000,326809,5665
2021-11-27,Placer,061,380077,38631,38001,3861,41862,468
2021-11-27,Plumas,063,18699,1939,1860,44,1904,7
2021-11-27,Riverside,065,2383286,374289,367601,16781,384382,5306
2021-11-27,Sacramento,067,1510023,164093,162328,4895,167223,2335
2021-11-27,San Benito,069,59416,7645,7575,182,7757,77
2021-11-27,San Bernardino,071,2135413,365130,360033,11633,371666,5932
2021-11-27,San Diego,073,3302833,387007,382634,22545,405179,4319
2021-11-27,San Francisco,075,870044,54664,53830,2439,56269,669
2021-11-27,San Joaquin,077,732212,102520,101368,5640,107008,1833
2021-11-27,San Luis Obispo,079,281455,30543,29983,1321,31304,358
2021-11-27,San Mateo,081,765935,55671,54360,951,55311,577
2021-11-27,Santa Barbara,083,443738,45836,45318,1609,46927,548
2021-11-27,Santa Clara,085,1922200,151739,149700,1539,151239,1922
2021-11-27,Santa Cruz,087,273765,21320,20929,1034,21963,222
2021-11-27,Shasta,089,179085,22465,22151,3714,25865,396
2021-11-27,Sierra,091,2930,196,194,21,215,0
2021-11-27,Siskiyou,093,43540,3444,3336,1345,4681,54
2021-11-27,Solano,095,438530,47044,46163,1347,47510,356
2021-11-27,Sonoma,097,501317,42883,42368,568,42936,405
2021-11-27,Stanislaus,099,539301,80885,80782,9201,89983,1220
2021-11-27,Sutter,101,95872,14210,14127,384,14511,181
2021-11-27,Tehama,103,63373,8791,8675,1543,10218,129
2021-11-27,Trinity,105,12862,896,789,227,1016,17
2021-11-27,Tulare,107,460477,70796,69377,16093,85470,1082
2021-11-27,Tuolumne,109,53932,7636,7574,110,7684,90
2021-11-27,Ventura,111,848112,100255,99163,4417,103580,1188
2021-11-27,Yolo,113,214977,20468,20237,1245,21482,257
2021-11-27,Yuba,115,75493,10439,10335,372,10707,88
2021-11-26,Alameda,001,1643700,122714,121618,2930,124548,1477
2021-11-26,Alpine,003,1148,105,106,0,106,0
2021-11-26,Amador,005,37829,5741,5670,70,5740,66
2021-11-26,Butte,007,227075,21714,21384,3897,25281,309
2021-11-26,Calaveras,009,45235,4370,4294,61,4355,85
2021-11-26,Colusa,011,21464,2610,2568,668,3236,19
2021-11-26,Contra Costa,013,1133247,101918,100961,2319,103280,1045
2021-11-26,Del Norte,015,27424,3761,3661,56,3717,42
2021-11-26,El Dorado,017,186661,16700,16399,1761,18160,161
2021-11-26,Fresno,019,978130,145520,143386,13253,156639,2246
2021-11-26,Glenn,021,27897,3580,3532,1038,4570,36
2021-11-26,Humboldt,023,135768,9556,9399,656,10055,115
2021-11-26,Imperial,025,180216,35200,34611,3552,38163,769
2021-11-26,Inyo,027,18085,2543,2506,41,2547,45
2021-11-26,Kern,029,883053,132220,130245,23789,154034,1773
2021-11-26,Kings,031,150075,33372,32891,2039,34930,358
2021-11-26,Lake,033,64148,6916,6836,156,6992,110
2021-11-26,Lassen,035,31185,7046,6959,413,7372,47
2021-11-26,Los Angeles,037,10098052,1466015,1454495,56420,1510915,26817
2021-11-26,Madera,039,155013,24243,23880,2285,26165,296
2021-11-26,Marin,041,260295,18080,17857,503,18360,248
2021-11-26,Mariposa,043,17540,1423,1374,60,1434,6
2021-11-26,Mendocino,045,87422,8047,7871,657,8528,89
2021-11-26,Merced,047,269075,43227,42921,2090,45011,664
2021-11-26,Modoc,049,8938,591,551,203,754,5
2021-11-26,Mono,051,14174,1872,1810,23,1833,4
2021-11-26,Monterey,053,433212,49672,48400,3173,51573,625
2021-11-26,Napa,055,140530,13332,13256,120,13376,104
2021-11-26,Nevada,057,99092,9770,9584,345,9929,103
2021-11-26,Orange,059,3164182,313944,310809,15968,326777,5665
2021-11-26,Placer,061,380077,38586,38001,3853,41854,468
2021-11-26,Plumas,063,18699,1934,1860,44,1904,7
2021-11-26,Riverside,065,2383286,373888,367601,16774,384375,5306
2021-11-26,Sacramento,067,1510023,163981,162328,4890,167218,2335
2021-11-26,San Benito,069,59416,7637,7575,182,7757,77
2021-11-26,San Bernardino,071,2135413,364701,360033,11626,371659,5932
2021-11-26,San Diego,073,3302833,386450,382634,22533,405167,4319
2021-11-26,San Francisco,075,870044,54617,53830,2437,56267,669
2021-11-26,San Joaquin,077,732212,102463,101368,5639,107007,1833
2021-11-26,San Luis Obispo,079,281455,30501,29983,1318,31301,358
2021-11-26,San Mateo,081,765935,55608,54360,950,55310,577
2021-11-26,Santa Barbara,083,443738,45789,45318,1608,46926,548
2021-11-26,Santa Clara,085,1922200,151571,149700,1531,151231,1922
2021-11-26,Santa Cruz,087,273765,21280,20929,1034,21963,222
2021-11-26,Shasta,089,179085,22446,22151,3712,25863,396
2021-11-26,Sierra,091,2930,196,194,21,215,0
2021-11-26,Siskiyou,093,43540,3441,3336,1344,4680,54
2021-11-26,Solano,095,438530,47003,46163,1346,47509,356
2021-11-26,Sonoma,097,501317,42832,42368,566,42934,405
2021-11-26,Stanislaus,099,539301,80812,80782,9190,89972,1220
2021-11-26,Sutter,101,95872,14197,14127,383,14510,181
2021-11-26,Tehama,103,63373,8789,8675,1542,10217,129
2021-11-26,Trinity,105,12862,895,789,227,1016,17
2021-11-26,Tulare,107,460477,70750,69377,16061,85438,1082
2021-11-26,Tuolumne,109,53932,7626,7574,110,7684,90
2021-11-26,Ventura,111,848112,100175,99163,4412,103575,1188
2021-11-26,Yolo,113,214977,20449,20237,1237,21474,257
2021-11-26,Yuba,115,75493,10433,10335,372,10707,88
2021-11-25,Alameda,001,1643700,122606,121618,2925,124543,1477
2021-11-25,Alpine,003,1148,105,106,0,106,0
2021-11-25,Amador,005,37829,5733,5670,70,5740,66
2021-11-25,Butte,007,227075,21696,21384,3895,25279,309
2021-11-25,Calaveras,009,45235,4365,4294,61,4355,85
2021-11-25,Colusa,011,21464,2607,2568,666,3234,19
2021-11-25,Contra Costa,013,1133247,101814,100961,2315,103276,1045
2021-11-25,Del Norte,015,27424,3756,3661,56,3717,42
2021-11-25,El Dorado,017,186661,16681,16399,1760,18159,161
2021-11-25,Fresno,019,978130,145385,143386,13244,156630,2246
2021-11-25,Glenn,021,27897,3579,3532,1037,4569,36
2021-11-25,Humboldt,023,135768,9537,9399,653,10052,115
2021-11-25,Imperial,025,180216,35155,34611,3540,38151,769
2021-11-25,Inyo,027,18085,2541,2506,41,2547,45
2021-11-25,Kern,029,883053,132122,130245,23743,153988,1773
2021-11-25,Kings,031,150075,33344,32891,2038,34929,358
2021-11-25,Lake,033,64148,6909,6836,156,6992,110
2021-11-25,Lassen,035,31185,7044,6959,412,7371,47
2021-11-25,Los Angeles,037,10098052,1465031,1454495,56363,1510858,26817
2021-11-25,Madera,039,155013,24208,23880,2284,26164,296
2021-11-25,Marin,041,260295,18053,17857,498,18355,248
2021-11-25,Mariposa,043,17540,1420,1374,60,1434,6
2021-11-25,Mendocino,045,87422,8029,7871,657,8528,89
2021-11-25,Merced,047,269075,43188,42921,2084,45005,664
2021-11-25,Modoc,049,8938,590,551,203,754,5
2021-11-25,Mono,051,14174,1861,1810,23,1833,4
2021-11-25,Monterey,053,433212,49628,48400,3164,51564,625
2021-11-25,Napa,055,140530,13324,13256,120,13376,104
2021-11-25,Nevada,057,99092,9751,9584,342,9926,103
2021-11-25,Orange,059,3164182,313682,310809,15936,326745,5665
2021-11-25,Placer,061,380077,38540,38001,3847,41848,468
2021-11-25,Plumas,063,18699,1932,1860,44,1904,7
2021-11-25,Riverside,065,2383286,373474,367601,16767,384368,5306
2021-11-25,Sacramento,067,1510023,163802,162328,4884,167212,2335
2021-11-25,San Benito,069,59416,7630,7575,182,7757,77
2021-11-25,San Bernardino,071,2135413,364308,360033,11609,371642,5932
2021-11-25,San Diego,073,3302833,386003,382634,22514,405148,4319
2021-11-25,San Francisco,075,870044,54567,53830,2434,56264,669
2021-11-25,San Joaquin,077,732212,102379,101368,5635,107003,1833
2021-11-25,San Luis Obispo,079,281455,30471,29983,1316,31299,358
2021-11-25,San Mateo,081,765935,55559,54360,948,55308,577
2021-11-25,Santa Barbara,083,443738,45750,45318,1606,46924,548
2021-11-25,Santa Clara,085,1922200,151414,149700,1526,151226,1922
2021-11-25,Santa Cruz,087,273765,21247,20929,1034,21963,222
2021-11-25,Shasta,089,179085,22420,22151,3712,25863,396
2021-11-25,Sierra,091,2930,196,194,21,215,0
2021-11-25,Siskiyou,093,43540,3438,3336,1344,4680,54
2021-11-25,Solano,095,438530,46966,46163,1345,47508,356
2021-11-25,Sonoma,097,501317,42775,42368,562,42930,405
2021-11-25,Stanislaus,099,539301,80748,80782,9176,89958,1220
2021-11-25,Sutter,101,95872,14181,14127,382,14509,181
2021-11-25,Tehama,103,63373,8781,8675,1542,10217,129
2021-11-25,Trinity,105,12862,895,789,227,1016,17
2021-11-25,Tulare,107,460477,70683,69377,16034,85411,1082
2021-11-25,Tuolumne,109,53932,7614,7574,110,7684,90
2021-11-25,Ventura,111,848112,100108,99163,4409,103572,1188
2021-11-25,Yolo,113,214977,20419,20237,1232,21469,257
2021-11-25,Yuba,115,75493,10424,10335,371,10706,88
2021-11-24,Alameda,001,1643700,122542,121618,2921,124539,1477
2021-11-24,Alpine,003,1148,105,106,0,106,0
2021-11-24,Amador,005,37829,5723,5670,70,5740,66
2021-11-24,Butte,007,227075,21680,21384,3894,25278,309
2021-11-24,Calaveras,009,45235,4358,4294,61,4355,85
2021-11-24,Colusa,011,21464,2607,2568,665,3233,19
2021-11-24,Contra Costa,013,1133247,101777,100961,2312,103273,1045
2021-11-24,Del Norte,015,27424,3753,3661,56,3717,42
2021-11-24,El Dorado,017,186661,16669,16399,1759,18158,161
2021-11-24,Fresno,019,978130,145331,143386,13243,156629,2246
2021-11-24,Glenn,021,27897,3574,3532,1036,4568,36
2021-11-24,Humboldt,023,135768,9522,9399,653,10052,115
2021-11-24,Imperial,025,180216,35127,34611,3534,38145,769
2021-11-24,Inyo,027,18085,2538,2506,41,2547,45
2021-11-24,Kern,029,883053,132060,130245,23731,153976,1773
2021-11-24,Kings,031,150075,33330,32891,2037,34928,358
2021-11-24,Lake,033,64148,6905,6836,156,6992,110
2021-11-24,Lassen,035,31185,7044,6959,412,7371,47
2021-11-24,Los Angeles,037,10098052,1464540,1454495,56319,1510814,26817
2021-11-24,Madera,039,155013,24185,23880,2278,26158,296
2021-11-24,Marin,041,260295,18041,17857,496,18353,248
2021-11-24,Mariposa,043,17540,1420,1374,60,1434,6
2021-11-24,Mendocino,045,87422,8017,7871,657,8528,89
2021-11-24,Merced,047,269075,43156,42921,2081,45002,664
2021-11-24,Modoc,049,8938,590,551,203,754,5
2021-11-24,Mono,051,14174,1858,1810,23,1833,4
2021-11-24,Monterey,053,433212,49615,48400,3162,51562,625
2021-11-24,Napa,055,140530,13320,13256,120,13376,104
2021-11-24,Nevada,057,99092,9736,9584,342,9926,103
2021-11-24,Orange,059,3164182,313526,310809,15921,326730,5665
2021-11-24,Placer,061,380077,38507,38001,3845,41846,468
2021-11-24,Plumas,063,18699,1930,1860,44,1904,7
2021-11-24,Riverside,065,2383286,373294,367601,16761,384362,5306
2021-11-24,Sacramento,067,1510023,163729,162328,4884,167212,2335
2021-11-24,San Benito,069,59416,7628,7575,182,7757,77
2021-11-24,San Bernardino,071,2135413,364098,360033,11598,371631,5932
2021-11-24,San Diego,073,3302833,385746,382634,22501,405135,4319
2021-11-24,San Francisco,075,870044,54536,53830,2432,56262,669
2021-11-24,San Joaquin,077,732212,102338,101368,5632,107000,1833
2021-11-24,San Luis Obispo,079,281455,30452,29983,1316,31299,358
2021-11-24,San Mateo,081,765935,55529,54360,947,55307,577
2021-11-24,Santa Barbara,083,443738,45723,45318,1606,46924,548
2021-11-24,Santa Clara,085,1922200,151318,149700,1525,151225,1922
2021-11-24,Santa Cruz,087,273765,21224,20929,1033,21962,222
2021-11-24,Shasta,089,179085,22409,22151,3709,25860,396
2021-11-24,Sierra,091,2930,196,194,21,215,0
2021-11-24,Siskiyou,093,43540,3435,3336,1344,4680,54
2021-11-24,Solano,095,438530,46938,46163,1343,47506,356
2021-11-24,Sonoma,097,501317,42743,42368,560,42928,405
2021-11-24,Stanislaus,099,539301,80711,80782,9171,89953,1220
2021-11-24,Sutter,101,95872,14168,14127,380,14507,181
2021-11-24,Tehama,103,63373,8778,8675,1541,10216,129
2021-11-24,Trinity,105,12862,895,789,227,1016,17
2021-11-24,Tulare,107,460477,70659,69377,16015,85392,1082
2021-11-24,Tuolumne,109,53932,7610,7574,110,7684,90
2021-11-24,Ventura,111,848112,100073,99163,4405,103568,1188
2021-11-24,Yolo,113,214977,20411,20237,1231,21468,257
2021-11-24,Yuba,115,75493,10420,10335,370,10705,88
2021-11-23,Alameda,001,1643700,122423,121618,2914,124532,1477
2021-11-23,Alpine,003,1148,105,106,0,106,0
2021-11-23,Amador,005,37829,5716,5670,70,5740,66
2021-11-23,Butte,007,227075,21651,21384,3890,25274,309
2021-11-23,Calaveras,009,45235,4352,4294,60,4354,85
2021-11-23,Colusa,011,21464,2603,2568,663,3231,19
2021-11-23,Contra Costa,013,1133247,101670,100961,2310,103271,1045
2021-11-23,Del Norte,015,27424,3750,3661,56,3717,42
2021-11-23,El Dorado,017,186661,16637,16399,1756,18155,161
2021-11-23,Fresno,019,978130,145194,143386,13234,156620,2246
2021-11-23,Glenn,021,27897,3569,3532,1036,4568,36
2021-11-23,Humboldt,023,135768,9500,9399,650,10049,115
2021-11-23,Imperial,025,180216,35058,34611,3515,38126,769
2021-11-23,Inyo,027,18085,2534,2506,41,2547,45
2021-11-23,Kern,029,883053,131952,130245,23682,153927,1773
2021-11-23,Kings,031,150075,33289,32891,2036,34927,358
2021-11-23,Lake,033,64148,6900,6836,156,6992,110
2021-11-23,Lassen,035,31185,7040,6959,409,7368,47
2021-11-23,Los Angeles,037,10098052,1463518,1454495,56251,1510746,26817
2021-11-23,Madera,039,155013,24159,23880,2276,26156,296
2021-11-23,Marin,041,260295,18010,17857,492,18349,248
2021-11-23,Mariposa,043,17540,1417,1374,60,1434,6
2021-11-23,Mendocino,045,87422,7996,7871,654,8525,89
2021-11-23,Merced,047,269075,43118,42921,2080,45001,664
2021-11-23,Modoc,049,8938,588,551,203,754,5
2021-11-23,Mono,051,14174,1844,1810,23,1833,4
2021-11-23,Monterey,053,433212,49579,48400,3156,51556,625
2021-11-23,Napa,055,140530,13311,13256,120,13376,104
2021-11-23,Nevada,057,99092,9707,9584,341,9925,103
2021-11-23,Orange,059,3164182,313276,310809,15885,326694,5665
2021-11-23,Placer,061,380077,38448,38001,3828,41829,468
2021-11-23,Plumas,063,18699,1926,1860,44,1904,7
2021-11-23,Riverside,065,2383286,372911,367601,16748,384349,5306
2021-11-23,Sacramento,067,1510023,163542,162328,4873,167201,2335
2021-11-23,San Benito,069,59416,7619,7575,180,7755,77
2021-11-23,San Bernardino,071,2135413,363684,360033,11583,371616,5932
2021-11-23,San Diego,073,3302833,385255,382634,22478,405112,4319
2021-11-23,San Francisco,075,870044,54477,53830,2429,56259,669
2021-11-23,San Joaquin,077,732212,102229,101368,5621,106989,1833
2021-11-23,San Luis Obispo,079,281455,30417,29983,1313,31296,358
2021-11-23,San Mateo,081,765935,55480,54360,946,55306,577
2021-11-23,Santa Barbara,083,443738,45670,45318,1606,46924,548
2021-11-23,Santa Clara,085,1922200,151107,149700,1513,151213,1922
2021-11-23,Santa Cruz,087,273765,21186,20929,1033,21962,222
2021-11-23,Shasta,089,179085,22373,22151,3707,25858,396
2021-11-23,Sierra,091,2930,196,194,21,215,0
2021-11-23,Siskiyou,093,43540,3430,3336,1343,4679,54
2021-11-23,Solano,095,438530,46884,46163,1339,47502,356
2021-11-23,Sonoma,097,501317,42692,42368,557,42925,405
2021-11-23,Stanislaus,099,539301,80642,80782,9158,89940,1220
2021-11-23,Sutter,101,95872,14152,14127,379,14506,181
2021-11-23,Tehama,103,63373,8765,8675,1540,10215,129
2021-11-23,Trinity,105,12862,894,789,227,1016,17
2021-11-23,Tulare,107,460477,70612,69377,15985,85362,1082
2021-11-23,Tuolumne,109,53932,7598,7574,110,7684,90
2021-11-23,Ventura,111,848112,99990,99163,4399,103562,1188
2021-11-23,Yolo,113,214977,20390,20237,1223,21460,257
2021-11-23,Yuba,115,75493,10408,10335,370,10705,88
2021-11-22,Alameda,001,1643700,122311,121566,2911,124477,1475
2021-11-22,Alpine,003,1148,105,106,0,106,0
2021-11-22,Amador,005,37829,5703,5670,70,5740,66
2021-11-22,Butte,007,227075,21612,21363,3884,25247,305
2021-11-22,Calaveras,009,45235,4340,4294,60,4354,84
2021-11-22,Colusa,011,21464,2600,2565,663,3228,19
2021-11-22,Contra Costa,013,1133247,101582,100877,2305,103182,1045
2021-11-22,Del Norte,015,27424,3747,3659,56,3715,42
2021-11-22,El Dorado,017,186661,16614,16378,1753,18131,161
2021-11-22,Fresno,019,978130,145060,143290,13226,156516,2243
2021-11-22,Glenn,021,27897,3564,3530,1035,4565,36
2021-11-22,Humboldt,023,135768,9474,9389,645,10034,115
2021-11-22,Imperial,025,180216,34997,34562,3501,38063,766
2021-11-22,Inyo,027,18085,2528,2501,41,2542,44
2021-11-22,Kern,029,883053,131791,130091,23631,153722,1762
2021-11-22,Kings,031,150075,33253,32867,2031,34898,358
2021-11-22,Lake,033,64148,6895,6837,156,6993,110
2021-11-22,Lassen,035,31185,7038,6954,408,7362,47
2021-11-22,Los Angeles,037,10098052,1462448,1453945,56169,1510114,26800
2021-11-22,Madera,039,155013,24125,23872,2268,26140,296
2021-11-22,Marin,041,260295,17979,17842,490,18332,248
2021-11-22,Mariposa,043,17540,1413,1372,60,1432,6
2021-11-22,Mendocino,045,87422,7980,7859,653,8512,89
2021-11-22,Merced,047,269075,43067,42898,2069,44967,660
2021-11-22,Modoc,049,8938,587,551,203,754,5
2021-11-22,Mono,051,14174,1837,1809,23,1832,4
2021-11-22,Monterey,053,433212,49552,48374,3152,51526,611
2021-11-22,Napa,055,140530,13303,13255,119,13374,104
2021-11-22,Nevada,057,99092,9690,9575,339,9914,96
2021-11-22,Orange,059,3164182,313036,310654,15859,326513,5663
2021-11-22,Placer,061,380077,38403,37956,3820,41776,465
2021-11-22,Plumas,063,18699,1923,1858,44,1902,7
2021-11-22,Riverside,065,2383286,372474,367301,16739,384040,5283
2021-11-22,Sacramento,067,1510023,163350,162222,4864,167086,2328
2021-11-22,San Benito,069,59416,7599,7567,180,7747,77
2021-11-22,San Bernardino,071,2135413,363271,359851,11573,371424,5916
2021-11-22,San Diego,073,3302833,384759,382132,22454,404586,4317
2021-11-22,San Francisco,075,870044,54385,53778,2423,56201,669
2021-11-22,San Joaquin,077,732212,102104,101299,5616,106915,1833
2021-11-22,San Luis Obispo,079,281455,30391,29963,1310,31273,358
2021-11-22,San Mateo,081,765935,55423,54330,944,55274,577
2021-11-22,Santa Barbara,083,443738,45594,45279,1606,46885,546
2021-11-22,Santa Clara,085,1922200,150922,149541,1503,151044,1919
2021-11-22,Santa Cruz,087,273765,21145,20891,1033,21924,222
2021-11-22,Shasta,089,179085,22359,22116,3702,25818,393
2021-11-22,Sierra,091,2930,196,193,21,214,0
2021-11-22,Siskiyou,093,43540,3425,3336,1341,4677,54
2021-11-22,Solano,095,438530,46835,46153,1337,47490,356
2021-11-22,Sonoma,097,501317,42631,42344,556,42900,404
2021-11-22,Stanislaus,099,539301,80554,80718,9148,89866,1209
2021-11-22,Sutter,101,95872,14136,14125,377,14502,181
2021-11-22,Tehama,103,63373,8758,8669,1535,10204,127
2021-11-22,Trinity,105,12862,893,785,227,1012,17
2021-11-22,Tulare,107,460477,70550,69314,15948,85262,1075
2021-11-22,Tuolumne,109,53932,7583,7567,110,7677,90
2021-11-22,Ventura,111,848112,99924,99114,4396,103510,1186
2021-11-22,Yolo,113,214977,20367,20227,1221,21448,257
2021-11-22,Yuba,115,75493,10399,10332,369,10701,88
2021-11-21,Alameda,001,1643700,122180,121443,2907,124350,1475
2021-11-21,Alpine,003,1148,103,106,0,106,0
2021-11-21,Amador,005,37829,5698,5662,69,5731,66
2021-11-21,Butte,007,227075,21570,21342,3879,25221,306
2021-11-21,Calaveras,009,45235,4331,4287,60,4347,84
2021-11-21,Colusa,011,21464,2596,2562,662,3224,19
2021-11-21,Contra Costa,013,1133247,101480,100807,2299,103106,1045
2021-11-21,Del Norte,015,27424,3743,3659,56,3715,42
2021-11-21,El Dorado,017,186661,16587,16370,1747,18117,161
2021-11-21,Fresno,019,978130,144888,143203,13206,156409,2242
2021-11-21,Glenn,021,27897,3560,3529,1035,4564,36
2021-11-21,Humboldt,023,135768,9451,9378,644,10022,115
2021-11-21,Imperial,025,180216,34908,34527,3491,38018,766
2021-11-21,Inyo,027,18085,2521,2501,41,2542,44
2021-11-21,Kern,029,883053,131627,130020,23585,153605,1762
2021-11-21,Kings,031,150075,33215,32843,2027,34870,356
2021-11-21,Lake,033,64148,6888,6834,156,6990,110
2021-11-21,Lassen,035,31185,7029,6953,408,7361,47
2021-11-21,Los Angeles,037,10098052,1461379,1453181,56112,1509293,26793
2021-11-21,Madera,039,155013,24099,23856,2263,26119,296
2021-11-21,Marin,041,260295,17950,17829,487,18316,248
2021-11-21,Mariposa,043,17540,1412,1371,59,1430,6
2021-11-21,Mendocino,045,87422,7974,7846,650,8496,89
2021-11-21,Merced,047,269075,43012,42881,2065,44946,660
2021-11-21,Modoc,049,8938,583,551,203,754,5
2021-11-21,Mono,051,14174,1827,1799,22,1821,4
2021-11-21,Monterey,053,433212,49506,48358,3143,51501,611
2021-11-21,Napa,055,140530,13290,13250,119,13369,104
2021-11-21,Nevada,057,99092,9664,9556,338,9894,96
2021-11-21,Orange,059,3164182,312780,310477,15827,326304,5663
2021-11-21,Placer,061,380077,38321,37929,3819,41748,465
2021-11-21,Plumas,063,18699,1918,1858,44,1902,7
2021-11-21,Riverside,065,2383286,371982,367093,16731,383824,5283
2021-11-21,Sacramento,067,1510023,163134,162087,4854,166941,2327
2021-11-21,San Benito,069,59416,7585,7563,179,7742,77
2021-11-21,San Bernardino,071,2135413,362785,359621,11538,371159,5912
2021-11-21,San Diego,073,3302833,384221,380747,22429,403176,4317
2021-11-21,San Francisco,075,870044,54316,53741,2418,56159,669
2021-11-21,San Joaquin,077,732212,101999,101264,5603,106867,1833
2021-11-21,San Luis Obispo,079,281455,30353,29948,1310,31258,358
2021-11-21,San Mateo,081,765935,55371,54290,942,55232,577
2021-11-21,Santa Barbara,083,443738,45533,45237,1603,46840,546
2021-11-21,Santa Clara,085,1922200,150717,149387,1483,150870,1918
2021-11-21,Santa Cruz,087,273765,21101,20866,1031,21897,222
2021-11-21,Shasta,089,179085,22328,22112,3700,25812,393
2021-11-21,Sierra,091,2930,196,193,21,214,0
2021-11-21,Siskiyou,093,43540,3420,3333,1340,4673,54
2021-11-21,Solano,095,438530,46779,46122,1330,47452,356
2021-11-21,Sonoma,097,501317,42571,42298,555,42853,404
2021-11-21,Stanislaus,099,539301,80459,80687,9134,89821,1209
2021-11-21,Sutter,101,95872,14122,14111,377,14488,181
2021-11-21,Tehama,103,63373,8752,8669,1534,10203,127
2021-11-21,Trinity,105,12862,891,784,225,1009,17
2021-11-21,Tulare,107,460477,70466,69285,15909,85194,1075
2021-11-21,Tuolumne,109,53932,7575,7560,109,7669,90
2021-11-21,Ventura,111,848112,99833,99081,4392,103473,1186
2021-11-21,Yolo,113,214977,20339,20209,1218,21427,257
2021-11-21,Yuba,115,75493,10390,10326,369,10695,88
2021-11-20,Alameda,001,1643700,122087,121059,2900,123959,1473
2021-11-20,Alpine,003,1148,103,105,0,105,0
2021-11-20,Amador,005,37829,5692,5652,68,5720,66
2021-11-20,Butte,007,227075,21555,21265,3875,25140,300
2021-11-20,Calaveras,009,45235,4322,4268,60,4328,84
2021-11-20,Colusa,011,21464,2595,2549,661,3210,19
2021-11-20,Contra Costa,013,1133247,101403,100491,2295,102786,1043
2021-11-20,Del Norte,015,27424,3740,3637,56,3693,42
2021-11-20,El Dorado,017,186661,16565,16308,1745,18053,161
2021-11-20,Fresno,019,978130,144818,142579,13197,155776,2233
2021-11-20,Glenn,021,27897,3559,3526,1034,4560,35
2021-11-20,Humboldt,023,135768,9438,9302,642,9944,115
2021-11-20,Imperial,025,180216,34856,34312,3485,37797,766
2021-11-20,Inyo,027,18085,2520,2467,41,2508,44
2021-11-20,Kern,029,883053,131527,129488,23548,153036,1750
2021-11-20,Kings,031,150075,33205,32720,2027,34747,354
2021-11-20,Lake,033,64148,6885,6808,156,6964,110
2021-11-20,Lassen,035,31185,7028,6931,408,7339,47
2021-11-20,Los Angeles,037,10098052,1460760,1448963,56064,1505027,26741
2021-11-20,Madera,039,155013,24087,23720,2259,25979,296
2021-11-20,Marin,041,260295,17935,17774,487,18261,248
2021-11-20,Mariposa,043,17540,1411,1354,59,1413,6
2021-11-20,Mendocino,045,87422,7966,7773,650,8423,89
2021-11-20,Merced,047,269075,42986,42692,2065,44757,656
2021-11-20,Modoc,049,8938,582,550,203,753,5
2021-11-20,Mono,051,14174,1821,1767,22,1789,4
2021-11-20,Monterey,053,433212,49493,48260,3135,51395,609
2021-11-20,Napa,055,140530,13287,13184,119,13303,103
2021-11-20,Nevada,057,99092,9648,9480,338,9818,92
2021-11-20,Orange,059,3164182,312581,309672,15810,325482,5658
2021-11-20,Placer,061,380077,38281,37800,3814,41614,462
2021-11-20,Plumas,063,18699,1914,1841,44,1885,7
2021-11-20,Riverside,065,2383286,371709,365809,16719,382528,5265
2021-11-20,Sacramento,067,1510023,163029,161533,4850,166383,2316
2021-11-20,San Benito,069,59416,7581,7533,179,7712,77
2021-11-20,San Bernardino,071,2135413,362514,358322,11527,369849,5897
2021-11-20,San Diego,073,3302833,383888,380147,22403,402550,4311
2021-11-20,San Francisco,075,870044,54277,53525,2417,55942,669
2021-11-20,San Joaquin,077,732212,101949,100922,5598,106520,1832
2021-11-20,San Luis Obispo,079,281455,30339,29815,1309,31124,355
2021-11-20,San Mateo,081,765935,55337,54132,941,55073,577
2021-11-20,Santa Barbara,083,443738,45501,45074,1603,46677,544
2021-11-20,Santa Clara,085,1922200,150610,148829,1482,150311,1917
2021-11-20,Santa Cruz,087,273765,21083,20756,1031,21787,222
2021-11-20,Shasta,089,179085,22304,21968,3699,25667,383
2021-11-20,Sierra,091,2930,196,191,21,212,0
2021-11-20,Siskiyou,093,43540,3417,3313,1340,4653,54
2021-11-20,Solano,095,438530,46758,46006,1330,47336,356
2021-11-20,Sonoma,097,501317,42540,42151,555,42706,403
2021-11-20,Stanislaus,099,539301,80413,80412,9130,89542,1205
2021-11-20,Sutter,101,95872,14114,14074,377,14451,181
2021-11-20,Tehama,103,63373,8747,8648,1534,10182,125
2021-11-20,Trinity,105,12862,887,771,225,996,17
2021-11-20,Tulare,107,460477,70427,69074,15888,84962,1054
2021-11-20,Tuolumne,109,53932,7566,7511,109,7620,90
2021-11-20,Ventura,111,848112,99784,98893,4385,103278,1186
2021-11-20,Yolo,113,214977,20331,20139,1214,21353,257
2021-11-20,Yuba,115,75493,10384,10290,368,10658,88
2021-11-19,Alameda,001,1643700,122011,121059,2897,123956,1473
2021-11-19,Alpine,003,1148,103,105,0,105,0
2021-11-19,Amador,005,37829,5682,5652,68,5720,66
2021-11-19,Butte,007,227075,21532,21265,3868,25133,300
2021-11-19,Calaveras,009,45235,4315,4268,60,4328,84
2021-11-19,Colusa,011,21464,2593,2549,660,3209,19
2021-11-19,Contra Costa,013,1133247,101345,100491,2290,102781,1043
2021-11-19,Del Norte,015,27424,3735,3637,56,3693,42
2021-11-19,El Dorado,017,186661,16544,16308,1743,18051,161
2021-11-19,Fresno,019,978130,144700,142579,13188,155767,2233
2021-11-19,Glenn,021,27897,3558,3526,1033,4559,35
2021-11-19,Humboldt,023,135768,9425,9302,639,9941,115
2021-11-19,Imperial,025,180216,34819,34312,3478,37790,766
2021-11-19,Inyo,027,18085,2516,2467,41,2508,44
2021-11-19,Kern,029,883053,131423,129488,23505,152993,1750
2021-11-19,Kings,031,150075,33179,32720,2025,34745,354
2021-11-19,Lake,033,64148,6882,6808,156,6964,110
2021-11-19,Lassen,035,31185,7024,6931,407,7338,47
2021-11-19,Los Angeles,037,10098052,1460078,1448963,56008,1504971,26741
2021-11-19,Madera,039,155013,24066,23720,2254,25974,296
2021-11-19,Marin,041,260295,17916,17774,485,18259,248
2021-11-19,Mariposa,043,17540,1409,1354,59,1413,6
2021-11-19,Mendocino,045,87422,7946,7773,650,8423,89
2021-11-19,Merced,047,269075,42960,42692,2064,44756,656
2021-11-19,Modoc,049,8938,581,550,203,753,5
2021-11-19,Mono,051,14174,1810,1767,22,1789,4
2021-11-19,Monterey,053,433212,49471,48260,3135,51395,609
2021-11-19,Napa,055,140530,13277,13184,118,13302,103
2021-11-19,Nevada,057,99092,9635,9480,338,9818,92
2021-11-19,Orange,059,3164182,312428,309672,15785,325457,5658
2021-11-19,Placer,061,380077,38244,37800,3810,41610,462
2021-11-19,Plumas,063,18699,1910,1841,44,1885,7
2021-11-19,Riverside,065,2383286,371435,365809,16715,382524,5265
2021-11-19,Sacramento,067,1510023,162905,161533,4846,166379,2316
2021-11-19,San Benito,069,59416,7575,7533,177,7710,77
2021-11-19,San Bernardino,071,2135413,362192,358322,11518,369840,5897
2021-11-19,San Diego,073,3302833,383487,380147,22377,402524,4311
2021-11-19,San Francisco,075,870044,54239,53525,2417,55942,669
2021-11-19,San Joaquin,077,732212,101892,100922,5594,106516,1832
2021-11-19,San Luis Obispo,079,281455,30321,29815,1307,31122,355
2021-11-19,San Mateo,081,765935,55289,54132,937,55069,577
2021-11-19,Santa Barbara,083,443738,45464,45074,1603,46677,544
2021-11-19,Santa Clara,085,1922200,150461,148829,1479,150308,1917
2021-11-19,Santa Cruz,087,273765,21056,20756,1028,21784,222
2021-11-19,Shasta,089,179085,22292,21968,3698,25666,383
2021-11-19,Sierra,091,2930,196,191,21,212,0
2021-11-19,Siskiyou,093,43540,3414,3313,1340,4653,54
2021-11-19,Solano,095,438530,46728,46006,1326,47332,356
2021-11-19,Sonoma,097,501317,42507,42151,552,42703,403
2021-11-19,Stanislaus,099,539301,80356,80412,9120,89532,1205
2021-11-19,Sutter,101,95872,14112,14074,377,14451,181
2021-11-19,Tehama,103,63373,8744,8648,1534,10182,125
2021-11-19,Trinity,105,12862,885,771,225,996,17
2021-11-19,Tulare,107,460477,70386,69074,15861,84935,1054
2021-11-19,Tuolumne,109,53932,7555,7511,109,7620,90
2021-11-19,Ventura,111,848112,99719,98893,4381,103274,1186
2021-11-19,Yolo,113,214977,20320,20139,1212,21351,257
2021-11-19,Yuba,115,75493,10381,10290,368,10658,88
2021-11-18,Alameda,001,1643700,121887,121059,2890,123949,1473
2021-11-18,Alpine,003,1148,103,105,0,105,0
2021-11-18,Amador,005,37829,5680,5652,68,5720,66
2021-11-18,Butte,007,227075,21515,21265,3861,25126,300
2021-11-18,Calaveras,009,45235,4308,4268,59,4327,84
2021-11-18,Colusa,011,21464,2585,2549,660,3209,19
2021-11-18,Contra Costa,013,1133247,101243,100491,2282,102773,1043
2021-11-18,Del Norte,015,27424,3732,3637,56,3693,42
2021-11-18,El Dorado,017,186661,16525,16308,1740,18048,161
2021-11-18,Fresno,019,978130,144560,142579,13178,155757,2233
2021-11-18,Glenn,021,27897,3557,3526,1032,4558,35
2021-11-18,Humboldt,023,135768,9409,9302,634,9936,115
2021-11-18,Imperial,025,180216,34765,34312,3462,37774,766
2021-11-18,Inyo,027,18085,2508,2467,41,2508,44
2021-11-18,Kern,029,883053,131279,129488,23457,152945,1750
2021-11-18,Kings,031,150075,33142,32720,2022,34742,354
2021-11-18,Lake,033,64148,6877,6808,156,6964,110
2021-11-18,Lassen,035,31185,7021,6931,402,7333,47
2021-11-18,Los Angeles,037,10098052,1459087,1448963,55944,1504907,26741
2021-11-18,Madera,039,155013,24041,23720,2250,25970,296
2021-11-18,Marin,041,260295,17900,17774,481,18255,248
2021-11-18,Mariposa,043,17540,1406,1354,59,1413,6
2021-11-18,Mendocino,045,87422,7924,7773,641,8414,89
2021-11-18,Merced,047,269075,42904,42692,2062,44754,656
2021-11-18,Modoc,049,8938,569,550,203,753,5
2021-11-18,Mono,051,14174,1802,1767,22,1789,4
2021-11-18,Monterey,053,433212,49446,48260,3130,51390,609
2021-11-18,Napa,055,140530,13265,13184,117,13301,103
2021-11-18,Nevada,057,99092,9611,9480,338,9818,92
2021-11-18,Orange,059,3164182,312192,309672,15765,325437,5658
2021-11-18,Placer,061,380077,38201,37800,3799,41599,462
2021-11-18,Plumas,063,18699,1909,1841,44,1885,7
2021-11-18,Riverside,065,2383286,371063,365809,16702,382511,5265
2021-11-18,Sacramento,067,1510023,162678,161533,4831,166364,2316
2021-11-18,San Benito,069,59416,7565,7533,177,7710,77
2021-11-18,San Bernardino,071,2135413,361758,358322,11499,369821,5897
2021-11-18,San Diego,073,3302833,382981,380147,22361,402508,4311
2021-11-18,San Francisco,075,870044,54187,53525,2413,55938,669
2021-11-18,San Joaquin,077,732212,101799,100922,5585,106507,1832
2021-11-18,San Luis Obispo,079,281455,30291,29815,1306,31121,355
2021-11-18,San Mateo,081,765935,55230,54132,934,55066,577
2021-11-18,Santa Barbara,083,443738,45418,45074,1596,46670,544
2021-11-18,Santa Clara,085,1922200,150274,148829,1471,150300,1917
2021-11-18,Santa Cruz,087,273765,21005,20756,1027,21783,222
2021-11-18,Shasta,089,179085,22256,21968,3693,25661,383
2021-11-18,Sierra,091,2930,195,191,21,212,0
2021-11-18,Siskiyou,093,43540,3414,3313,1336,4649,54
2021-11-18,Solano,095,438530,46686,46006,1323,47329,356
2021-11-18,Sonoma,097,501317,42458,42151,550,42701,403
2021-11-18,Stanislaus,099,539301,80289,80412,9112,89524,1205
2021-11-18,Sutter,101,95872,14101,14074,376,14450,181
2021-11-18,Tehama,103,63373,8739,8648,1534,10182,125
2021-11-18,Trinity,105,12862,884,771,225,996,17
2021-11-18,Tulare,107,460477,70313,69074,15813,84887,1054
2021-11-18,Tuolumne,109,53932,7545,7511,109,7620,90
2021-11-18,Ventura,111,848112,99642,98893,4377,103270,1186
2021-11-18,Yolo,113,214977,20303,20139,1207,21346,257
2021-11-18,Yuba,115,75493,10375,10290,368,10658,88
2021-11-17,Alameda,001,1643700,121765,120913,2889,123802,1472
2021-11-17,Alpine,003,1148,103,105,0,105,0
2021-11-17,Amador,005,37829,5673,5646,68,5714,66
2021-11-17,Butte,007,227075,21489,21230,3858,25088,300
2021-11-17,Calaveras,009,45235,4301,4259,59,4318,84
2021-11-17,Colusa,011,21464,2582,2546,659,3205,19
2021-11-17,Contra Costa,013,1133247,101151,100387,2278,102665,1039
2021-11-17,Del Norte,015,27424,3729,3630,56,3686,42
2021-11-17,El Dorado,017,186661,16506,16269,1739,18008,161
2021-11-17,Fresno,019,978130,144377,142366,13165,155531,2230
2021-11-17,Glenn,021,27897,3555,3527,1031,4558,34
2021-11-17,Humboldt,023,135768,9398,9270,631,9901,115
2021-11-17,Imperial,025,180216,34709,34256,3440,37696,766
2021-11-17,Inyo,027,18085,2502,2457,41,2498,44
2021-11-17,Kern,029,883053,131106,129307,23415,152722,1743
2021-11-17,Kings,031,150075,33114,32669,2018,34687,352
2021-11-17,Lake,033,64148,6873,6795,155,6950,110
2021-11-17,Lassen,035,31185,7019,6918,402,7320,47
2021-11-17,Los Angeles,037,10098052,1457984,1447947,55878,1503825,26721
2021-11-17,Madera,039,155013,24007,23673,2248,25921,287
2021-11-17,Marin,041,260295,17880,17757,479,18236,248
2021-11-17,Mariposa,043,17540,1402,1353,59,1412,6
2021-11-17,Mendocino,045,87422,7916,7735,640,8375,89
2021-11-17,Merced,047,269075,42845,42612,2057,44669,654
2021-11-17,Modoc,049,8938,565,540,203,743,5
2021-11-17,Mono,051,14174,1798,1765,22,1787,5
2021-11-17,Monterey,053,433212,49398,48221,3119,51340,609
2021-11-17,Napa,055,140530,13241,13167,117,13284,103
2021-11-17,Nevada,057,99092,9598,9447,338,9785,92
2021-11-17,Orange,059,3164182,311944,309396,15731,325127,5651
2021-11-17,Placer,061,380077,38153,37725,3790,41515,460
2021-11-17,Plumas,063,18699,1904,1833,44,1877,7
2021-11-17,Riverside,065,2383286,370652,365406,16689,382095,5229
2021-11-17,Sacramento,067,1510023,162509,161269,4823,166092,2302
2021-11-17,San Benito,069,59416,7558,7524,177,7701,77
2021-11-17,San Bernardino,071,2135413,361395,357947,11483,369430,5893
2021-11-17,San Diego,073,3302833,382483,379769,22335,402104,4301
2021-11-17,San Francisco,075,870044,54132,53469,2410,55879,667
2021-11-17,San Joaquin,077,732212,101697,100764,5580,106344,1828
2021-11-17,San Luis Obispo,079,281455,30265,29731,1303,31034,354
2021-11-17,San Mateo,081,765935,55162,54092,931,55023,577
2021-11-17,Santa Barbara,083,443738,45380,45000,1596,46596,542
2021-11-17,Santa Clara,085,1922200,150110,148626,1463,150089,1915
2021-11-17,Santa Cruz,087,273765,20970,20700,1027,21727,222
2021-11-17,Shasta,089,179085,22223,21883,3691,25574,382
2021-11-17,Sierra,091,2930,194,189,21,210,0
2021-11-17,Siskiyou,093,43540,3410,3307,1333,4640,54
2021-11-17,Solano,095,438530,46653,45948,1322,47270,353
2021-11-17,Sonoma,097,501317,42412,42093,547,42640,403
2021-11-17,Stanislaus,099,539301,80201,80276,9102,89378,1199
2021-11-17,Sutter,101,95872,14087,14064,374,14438,181
2021-11-17,Tehama,103,63373,8729,8633,1531,10164,125
2021-11-17,Trinity,105,12862,883,765,225,990,17
2021-11-17,Tulare,107,460477,70240,68977,15786,84763,1047
2021-11-17,Tuolumne,109,53932,7528,7485,109,7594,90
2021-11-17,Ventura,111,848112,99580,98812,4371,103183,1183
2021-11-17,Yolo,113,214977,20284,20100,1203,21303,257
2021-11-17,Yuba,115,75493,10363,10275,364,10639,88
2021-11-16,Alameda,001,1643700,121653,120809,2885,123694,1467
2021-11-16,Alpine,003,1148,103,105,0,105,0
2021-11-16,Amador,005,37829,5667,5644,68,5712,66
2021-11-16,Butte,007,227075,21464,21208,3853,25061,297
2021-11-16,Calaveras,009,45235,4292,4249,59,4308,83
2021-11-16,Colusa,011,21464,2576,2538,659,3197,19
2021-11-16,Contra Costa,013,1133247,101029,100320,2275,102595,1038
2021-11-16,Del Norte,015,27424,3723,3630,56,3686,42
2021-11-16,El Dorado,017,186661,16481,16248,1737,17985,159
2021-11-16,Fresno,019,978130,144190,142200,13144,155344,2218
2021-11-16,Glenn,021,27897,3554,3527,1028,4555,34
2021-11-16,Humboldt,023,135768,9377,9252,627,9879,115
2021-11-16,Imperial,025,180216,34625,34177,3426,37603,766
2021-11-16,Inyo,027,18085,2495,2449,41,2490,42
2021-11-16,Kern,029,883053,130947,129136,23354,152490,1735
2021-11-16,Kings,031,150075,33064,32614,2011,34625,350
2021-11-16,Lake,033,64148,6868,6789,155,6944,110
2021-11-16,Lassen,035,31185,7009,6915,402,7317,47
2021-11-16,Los Angeles,037,10098052,1456812,1446815,55806,1502621,26703
2021-11-16,Madera,039,155013,23969,23642,2242,25884,287
2021-11-16,Marin,041,260295,17861,17736,478,18214,248
2021-11-16,Mariposa,043,17540,1394,1349,58,1407,6
2021-11-16,Mendocino,045,87422,7874,7723,636,8359,89
2021-11-16,Merced,047,269075,42808,42578,2050,44628,653
2021-11-16,Modoc,049,8938,564,539,202,741,5
2021-11-16,Mono,051,14174,1789,1767,22,1789,4
2021-11-16,Monterey,053,433212,49368,48195,3105,51300,609
2021-11-16,Napa,055,140530,13230,13151,117,13268,103
2021-11-16,Nevada,057,99092,9581,9435,337,9772,92
2021-11-16,Orange,059,3164182,311677,309170,15696,324866,5651
2021-11-16,Placer,061,380077,38111,37676,3784,41460,459
2021-11-16,Plumas,063,18699,1895,1832,44,1876,7
2021-11-16,Riverside,065,2383286,370230,365078,16667,381745,5208
2021-11-16,Sacramento,067,1510023,162330,161102,4810,165912,2299
2021-11-16,San Benito,069,59416,7544,7513,177,7690,77
2021-11-16,San Bernardino,071,2135413,360984,357528,11431,368959,5901
2021-11-16,San Diego,073,3302833,381926,379435,22308,401743,4287
2021-11-16,San Francisco,075,870044,54059,53415,2402,55817,667
2021-11-16,San Joaquin,077,732212,101557,100637,5564,106201,1807
2021-11-16,San Luis Obispo,079,281455,30234,29703,1300,31003,356
2021-11-16,San Mateo,081,765935,55100,54034,929,54963,577
2021-11-16,Santa Barbara,083,443738,45312,44932,1593,46525,539
2021-11-16,Santa Clara,085,1922200,149930,148452,1451,149903,1916
2021-11-16,Santa Cruz,087,273765,20925,20684,1025,21709,222
2021-11-16,Shasta,089,179085,22184,21853,3687,25540,379
2021-11-16,Sierra,091,2930,194,189,21,210,0
2021-11-16,Siskiyou,093,43540,3407,3304,1331,4635,54
2021-11-16,Solano,095,438530,46613,45908,1321,47229,351
2021-11-16,Sonoma,097,501317,42363,42056,546,42602,401
2021-11-16,Stanislaus,099,539301,80106,80214,9078,89292,1196
2021-11-16,Sutter,101,95872,14075,14058,373,14431,181
2021-11-16,Tehama,103,63373,8722,8621,1524,10145,125
2021-11-16,Trinity,105,12862,883,762,224,986,17
2021-11-16,Tulare,107,460477,70160,68881,15749,84630,1039
2021-11-16,Tuolumne,109,53932,7518,7478,109,7587,90
2021-11-16,Ventura,111,848112,99505,98731,4368,103099,1183
2021-11-16,Yolo,113,214977,20245,20077,1201,21278,257
2021-11-16,Yuba,115,75493,10355,10262,362,10624,85
2021-11-15,Alameda,001,1643700,121499,120731,2880,123611,1464
2021-11-15,Alpine,003,1148,103,105,0,105,0
2021-11-15,Amador,005,37829,5663,5637,68,5705,66
2021-11-15,Butte,007,227075,21439,21182,3849,25031,296
2021-11-15,Calaveras,009,45235,4278,4237,59,4296,83
2021-11-15,Colusa,011,21464,2569,2535,656,3191,19
2021-11-15,Contra Costa,013,1133247,100922,100251,2272,102523,1038
2021-11-15,Del Norte,015,27424,3718,3630,55,3685,42
2021-11-15,El Dorado,017,186661,16457,16236,1733,17969,159
2021-11-15,Fresno,019,978130,143966,142015,13123,155138,2210
2021-11-15,Glenn,021,27897,3552,3526,1028,4554,34
2021-11-15,Humboldt,023,135768,9354,9230,619,9849,115
2021-11-15,Imperial,025,180216,34552,34130,3410,37540,766
2021-11-15,Inyo,027,18085,2490,2442,41,2483,42
2021-11-15,Kern,029,883053,130738,128928,23283,152211,1730
2021-11-15,Kings,031,150075,33030,32584,2006,34590,348
2021-11-15,Lake,033,64148,6864,6784,155,6939,109
2021-11-15,Lassen,035,31185,6998,6915,400,7315,47
2021-11-15,Los Angeles,037,10098052,1455618,1446114,55740,1501854,26677
2021-11-15,Madera,039,155013,23930,23605,2231,25836,287
2021-11-15,Marin,041,260295,17844,17723,477,18200,248
2021-11-15,Mariposa,043,17540,1393,1347,56,1403,6
2021-11-15,Mendocino,045,87422,7854,7694,630,8324,89
2021-11-15,Merced,047,269075,42750,42552,2039,44591,648
2021-11-15,Modoc,049,8938,563,538,201,739,5
2021-11-15,Mono,051,14174,1784,1763,22,1785,4
2021-11-15,Monterey,053,433212,49336,48154,3099,51253,609
2021-11-15,Napa,055,140530,13222,13143,117,13260,103
2021-11-15,Nevada,057,99092,9552,9420,336,9756,92
2021-11-15,Orange,059,3164182,311400,308859,15672,324531,5646
2021-11-15,Placer,061,380077,38047,37610,3780,41390,452
2021-11-15,Plumas,063,18699,1888,1829,44,1873,7
2021-11-15,Riverside,065,2383286,369784,364750,16648,381398,5199
2021-11-15,Sacramento,067,1510023,162110,160937,4797,165734,2293
2021-11-15,San Benito,069,59416,7539,7511,176,7687,77
2021-11-15,San Bernardino,071,2135413,360568,357306,11411,368717,5898
2021-11-15,San Diego,073,3302833,381376,378845,22283,401128,4284
2021-11-15,San Francisco,075,870044,53991,53374,2399,55773,667
2021-11-15,San Joaquin,077,732212,101403,100587,5553,106140,1799
2021-11-15,San Luis Obispo,079,281455,30191,29669,1288,30957,351
2021-11-15,San Mateo,081,765935,55047,54010,926,54936,576
2021-11-15,Santa Barbara,083,443738,45256,44879,1587,46466,539
2021-11-15,Santa Clara,085,1922200,149712,148313,1444,149757,1914
2021-11-15,Santa Cruz,087,273765,20883,20630,1024,21654,223
2021-11-15,Shasta,089,179085,22138,21779,3682,25461,374
2021-11-15,Sierra,091,2930,194,189,21,210,0
2021-11-15,Siskiyou,093,43540,3400,3302,1329,4631,54
2021-11-15,Solano,095,438530,46574,45885,1316,47201,351
2021-11-15,Sonoma,097,501317,42312,42021,545,42566,401
2021-11-15,Stanislaus,099,539301,80021,80129,9064,89193,1174
2021-11-15,Sutter,101,95872,14062,14043,372,14415,181
2021-11-15,Tehama,103,63373,8716,8615,1523,10138,125
2021-11-15,Trinity,105,12862,881,757,222,979,17
2021-11-15,Tulare,107,460477,70073,68826,15703,84529,1039
2021-11-15,Tuolumne,109,53932,7507,7461,109,7570,90
2021-11-15,Ventura,111,848112,99421,98605,4363,102968,1183
2021-11-15,Yolo,113,214977,20215,20065,1196,21261,255
2021-11-15,Yuba,115,75493,10336,10254,358,10612,85
2021-11-14,Alameda,001,1643700,121323,120629,2876,123505,1461
2021-11-14,Alpine,003,1148,102,105,0,105,0
2021-11-14,Amador,005,37829,5656,5632,67,5699,66
2021-11-14,Butte,007,227075,21408,21146,3840,24986,296
2021-11-14,Calaveras,009,45235,4267,4222,59,4281,83
2021-11-14,Colusa,011,21464,2567,2532,653,3185,19
2021-11-14,Contra Costa,013,1133247,100814,100188,2270,102458,1038
2021-11-14,Del Norte,015,27424,3715,3629,55,3684,42
2021-11-14,El Dorado,017,186661,16416,16212,1728,17940,159
2021-11-14,Fresno,019,978130,143683,141869,13090,154959,2209
2021-11-14,Glenn,021,27897,3550,3521,1028,4549,34
2021-11-14,Humboldt,023,135768,9324,9215,609,9824,115
2021-11-14,Imperial,025,180216,34449,34078,3395,37473,766
2021-11-14,Inyo,027,18085,2478,2441,41,2482,42
2021-11-14,Kern,029,883053,130498,128842,23213,152055,1730
2021-11-14,Kings,031,150075,32973,32545,1999,34544,349
2021-11-14,Lake,033,64148,6856,6777,155,6932,109
2021-11-14,Lassen,035,31185,6988,6911,399,7310,47
2021-11-14,Los Angeles,037,10098052,1454256,1445284,55663,1500947,26667
2021-11-14,Madera,039,155013,23880,23566,2222,25788,287
2021-11-14,Marin,041,260295,17829,17712,477,18189,247
2021-11-14,Mariposa,043,17540,1383,1337,52,1389,6
2021-11-14,Mendocino,045,87422,7821,7684,625,8309,89
2021-11-14,Merced,047,269075,42660,42513,2033,44546,648
2021-11-14,Modoc,049,8938,561,538,201,739,5
2021-11-14,Mono,051,14174,1772,1760,22,1782,4
2021-11-14,Monterey,053,433212,49281,48135,3081,51216,609
2021-11-14,Napa,055,140530,13204,13132,117,13249,103
2021-11-14,Nevada,057,99092,9524,9408,336,9744,92
2021-11-14,Orange,059,3164182,311081,308699,15651,324350,5646
2021-11-14,Placer,061,380077,37966,37569,3770,41339,452
2021-11-14,Plumas,063,18699,1885,1829,43,1872,7
2021-11-14,Riverside,065,2383286,369286,364490,16631,381121,5199
2021-11-14,Sacramento,067,1510023,161872,160761,4780,165541,2295
2021-11-14,San Benito,069,59416,7528,7507,175,7682,77
2021-11-14,San Bernardino,071,2135413,359988,357014,11394,368408,5897
2021-11-14,San Diego,073,3302833,380770,377633,22252,399885,4280
2021-11-14,San Francisco,075,870044,53916,53338,2394,55732,667
2021-11-14,San Joaquin,077,732212,101275,100518,5548,106066,1799
2021-11-14,San Luis Obispo,079,281455,30109,29645,1284,30929,352
2021-11-14,San Mateo,081,765935,54994,53978,924,54902,576
2021-11-14,Santa Barbara,083,443738,45177,44842,1584,46426,539
2021-11-14,Santa Clara,085,1922200,149513,148152,1436,149588,1913
2021-11-14,Santa Cruz,087,273765,20829,20609,1022,21631,223
2021-11-14,Shasta,089,179085,22086,21771,3669,25440,373
2021-11-14,Sierra,091,2930,194,189,21,210,0
2021-11-14,Siskiyou,093,43540,3391,3302,1328,4630,54
2021-11-14,Solano,095,438530,46518,45860,1309,47169,351
2021-11-14,Sonoma,097,501317,42246,41974,543,42517,401
2021-11-14,Stanislaus,099,539301,79886,80076,9049,89125,1174
2021-11-14,Sutter,101,95872,14045,14031,367,14398,181
2021-11-14,Tehama,103,63373,8706,8607,1521,10128,125
2021-11-14,Trinity,105,12862,878,754,220,974,17
2021-11-14,Tulare,107,460477,69955,68772,15644,84416,1037
2021-11-14,Tuolumne,109,53932,7489,7439,108,7547,90
2021-11-14,Ventura,111,848112,99306,98550,4362,102912,1183
2021-11-14,Yolo,113,214977,20188,20040,1190,21230,255
2021-11-14,Yuba,115,75493,10329,10238,357,10595,85
2021-11-13,Alameda,001,1643700,121250,120407,2874,123281,1454
2021-11-13,Alpine,003,1148,102,105,0,105,0
2021-11-13,Amador,005,37829,5655,5614,67,5681,66
2021-11-13,Butte,007,227075,21388,21104,3837,24941,296
2021-11-13,Calaveras,009,45235,4256,4203,59,4262,83
2021-11-13,Colusa,011,21464,2565,2522,653,3175,19
2021-11-13,Contra Costa,013,1133247,100742,100004,2264,102268,1028
2021-11-13,Del Norte,015,27424,3715,3629,55,3684,42
2021-11-13,El Dorado,017,186661,16404,16163,1725,17888,159
2021-11-13,Fresno,019,978130,143576,141452,13076,154528,2205
2021-11-13,Glenn,021,27897,3550,3514,1027,4541,34
2021-11-13,Humboldt,023,135768,9309,9177,604,9781,115
2021-11-13,Imperial,025,180216,34398,33990,3378,37368,766
2021-11-13,Inyo,027,18085,2472,2436,41,2477,42
2021-11-13,Kern,029,883053,130397,128472,23169,151641,1719
2021-11-13,Kings,031,150075,32956,32452,1998,34450,347
2021-11-13,Lake,033,64148,6851,6769,155,6924,109
2021-11-13,Lassen,035,31185,6983,6897,399,7296,47
2021-11-13,Los Angeles,037,10098052,1453595,1443088,55621,1498709,26649
2021-11-13,Madera,039,155013,23850,23462,2217,25679,287
2021-11-13,Marin,041,260295,17816,17684,475,18159,247
2021-11-13,Mariposa,043,17540,1380,1323,52,1375,6
2021-11-13,Mendocino,045,87422,7802,7652,624,8276,89
2021-11-13,Merced,047,269075,42622,42411,2030,44441,644
2021-11-13,Modoc,049,8938,560,536,201,737,5
2021-11-13,Mono,051,14174,1768,1750,22,1772,4
2021-11-13,Monterey,053,433212,49255,48087,3079,51166,609
2021-11-13,Napa,055,140530,13196,13110,117,13227,103
2021-11-13,Nevada,057,99092,9504,9369,334,9703,92
2021-11-13,Orange,059,3164182,310915,308211,15623,323834,5641
2021-11-13,Placer,061,380077,37916,37453,3767,41220,445
2021-11-13,Plumas,063,18699,1882,1828,43,1871,8
2021-11-13,Riverside,065,2383286,368980,363801,16624,380425,5187
2021-11-13,Sacramento,067,1510023,161736,160397,4767,165164,2291
2021-11-13,San Benito,069,59416,7515,7491,174,7665,77
2021-11-13,San Bernardino,071,2135413,359736,356325,11387,367712,5873
2021-11-13,San Diego,073,3302833,380433,377633,22224,399857,4280
2021-11-13,San Francisco,075,870044,53884,53195,2393,55588,667
2021-11-13,San Joaquin,077,732212,101219,100263,5539,105802,1799
2021-11-13,San Luis Obispo,079,281455,30079,29589,1282,30871,351
2021-11-13,San Mateo,081,765935,54956,53853,923,54776,574
2021-11-13,Santa Barbara,083,443738,45144,44734,1584,46318,537
2021-11-13,Santa Clara,085,1922200,149395,147821,1431,149252,1905
2021-11-13,Santa Cruz,087,273765,20814,20565,1021,21586,223
2021-11-13,Shasta,089,179085,22055,21713,3665,25378,366
2021-11-13,Sierra,091,2930,193,188,21,209,0
2021-11-13,Siskiyou,093,43540,3382,3299,1327,4626,54
2021-11-13,Solano,095,438530,46489,45774,1305,47079,350
2021-11-13,Sonoma,097,501317,42212,41882,542,42424,399
2021-11-13,Stanislaus,099,539301,79810,79872,9035,88907,1174
2021-11-13,Sutter,101,95872,14035,14017,366,14383,181
2021-11-13,Tehama,103,63373,8700,8592,1517,10109,125
2021-11-13,Trinity,105,12862,877,749,220,969,17
2021-11-13,Tulare,107,460477,69889,68619,15621,84240,1033
2021-11-13,Tuolumne,109,53932,7472,7392,108,7500,90
2021-11-13,Ventura,111,848112,99248,98452,4359,102811,1183
2021-11-13,Yolo,113,214977,20174,20009,1185,21194,255
2021-11-13,Yuba,115,75493,10319,10218,355,10573,85
2021-11-12,Alameda,001,1643700,121167,120407,2871,123278,1454
2021-11-12,Alpine,003,1148,102,105,0,105,0
2021-11-12,Amador,005,37829,5649,5614,66,5680,66
2021-11-12,Butte,007,227075,21371,21104,3833,24937,296
2021-11-12,Calaveras,009,45235,4245,4203,59,4262,83
2021-11-12,Colusa,011,21464,2561,2522,652,3174,19
2021-11-12,Contra Costa,013,1133247,100687,100004,2263,102267,1028
2021-11-12,Del Norte,015,27424,3715,3629,55,3684,42
2021-11-12,El Dorado,017,186661,16385,16163,1724,17887,159
2021-11-12,Fresno,019,978130,143433,141452,13062,154514,2205
2021-11-12,Glenn,021,27897,3547,3514,1026,4540,34
2021-11-12,Humboldt,023,135768,9302,9177,602,9779,115
2021-11-12,Imperial,025,180216,34372,33990,3368,37358,766
2021-11-12,Inyo,027,18085,2468,2436,41,2477,42
2021-11-12,Kern,029,883053,130260,128472,23137,151609,1719
2021-11-12,Kings,031,150075,32930,32452,1996,34448,347
2021-11-12,Lake,033,64148,6847,6769,155,6924,109
2021-11-12,Lassen,035,31185,6979,6897,398,7295,47
2021-11-12,Los Angeles,037,10098052,1452867,1443088,55576,1498664,26649
2021-11-12,Madera,039,155013,23821,23462,2212,25674,287
2021-11-12,Marin,041,260295,17800,17684,474,18158,247
2021-11-12,Mariposa,043,17540,1373,1323,52,1375,6
2021-11-12,Mendocino,045,87422,7790,7652,621,8273,89
2021-11-12,Merced,047,269075,42593,42411,2028,44439,644
2021-11-12,Modoc,049,8938,559,536,201,737,5
2021-11-12,Mono,051,14174,1766,1750,22,1772,4
2021-11-12,Monterey,053,433212,49223,48087,3073,51160,609
2021-11-12,Napa,055,140530,13187,13110,117,13227,103
2021-11-12,Nevada,057,99092,9490,9369,333,9702,92
2021-11-12,Orange,059,3164182,310727,308211,15605,323816,5641
2021-11-12,Placer,061,380077,37876,37453,3764,41217,445
2021-11-12,Plumas,063,18699,1876,1828,43,1871,8
2021-11-12,Riverside,065,2383286,368713,363801,16620,380421,5187
2021-11-12,Sacramento,067,1510023,161577,160397,4762,165159,2291
2021-11-12,San Benito,069,59416,7515,7491,174,7665,77
2021-11-12,San Bernardino,071,2135413,359428,356325,11376,367701,5873
2021-11-12,San Diego,073,3302833,380058,377633,22202,399835,4280
2021-11-12,San Francisco,075,870044,53849,53195,2389,55584,667
2021-11-12,San Joaquin,077,732212,101174,100263,5533,105796,1799
2021-11-12,San Luis Obispo,079,281455,30050,29589,1281,30870,351
2021-11-12,San Mateo,081,765935,54906,53853,920,54773,574
2021-11-12,Santa Barbara,083,443738,45089,44734,1583,46317,537
2021-11-12,Santa Clara,085,1922200,149253,147821,1426,149247,1905
2021-11-12,Santa Cruz,087,273765,20787,20565,1019,21584,223
2021-11-12,Shasta,089,179085,22023,21713,3662,25375,366
2021-11-12,Sierra,091,2930,192,188,21,209,0
2021-11-12,Siskiyou,093,43540,3381,3299,1325,4624,54
2021-11-12,Solano,095,438530,46462,45774,1301,47075,350
2021-11-12,Sonoma,097,501317,42172,41882,542,42424,399
2021-11-12,Stanislaus,099,539301,79758,79872,9027,88899,1174
2021-11-12,Sutter,101,95872,14028,14017,366,14383,181
2021-11-12,Tehama,103,63373,8696,8592,1516,10108,125
2021-11-12,Trinity,105,12862,870,749,220,969,17
2021-11-12,Tulare,107,460477,69847,68619,15586,84205,1033
2021-11-12,Tuolumne,109,53932,7459,7392,107,7499,90
2021-11-12,Ventura,111,848112,99183,98452,4358,102810,1183
2021-11-12,Yolo,113,214977,20160,20009,1179,21188,255
2021-11-12,Yuba,115,75493,10310,10218,354,10572,85
2021-11-11,Alameda,001,1643700,121051,120147,2863,123010,1453
2021-11-11,Alpine,003,1148,102,105,0,105,0
2021-11-11,Amador,005,37829,5646,5603,65,5668,66
2021-11-11,Butte,007,227075,21328,21047,3828,24875,293
2021-11-11,Calaveras,009,45235,4227,4179,59,4238,83
2021-11-11,Colusa,011,21464,2553,2518,650,3168,19
2021-11-11,Contra Costa,013,1133247,100582,99808,2258,102066,1028
2021-11-11,Del Norte,015,27424,3713,3622,55,3677,42
2021-11-11,El Dorado,017,186661,16351,16085,1721,17806,159
2021-11-11,Fresno,019,978130,143228,140833,13028,153861,2202
2021-11-11,Glenn,021,27897,3545,3503,1026,4529,34
2021-11-11,Humboldt,023,135768,9279,9125,599,9724,115
2021-11-11,Imperial,025,180216,34303,33844,3346,37190,766
2021-11-11,Inyo,027,18085,2463,2428,41,2469,42
2021-11-11,Kern,029,883053,130076,128023,23073,151096,1709
2021-11-11,Kings,031,150075,32879,32318,1994,34312,345
2021-11-11,Lake,033,64148,6840,6745,155,6900,107
2021-11-11,Lassen,035,31185,6973,6875,398,7273,47
2021-11-11,Los Angeles,037,10098052,1451777,1440436,55517,1495953,26614
2021-11-11,Madera,039,155013,23774,23316,2204,25520,287
2021-11-11,Marin,041,260295,17790,17639,474,18113,247
2021-11-11,Mariposa,043,17540,1363,1317,52,1369,6
2021-11-11,Mendocino,045,87422,7775,7612,612,8224,89
2021-11-11,Merced,047,269075,42537,42292,2025,44317,643
2021-11-11,Modoc,049,8938,557,536,201,737,5
2021-11-11,Mono,051,14174,1762,1743,22,1765,4
2021-11-11,Monterey,053,433212,49188,48008,3061,51069,609
2021-11-11,Napa,055,140530,13179,13075,117,13192,103
2021-11-11,Nevada,057,99092,9468,9308,333,9641,92
2021-11-11,Orange,059,3164182,310453,307674,15567,323241,5633
2021-11-11,Placer,061,380077,37825,37333,3756,41089,440
2021-11-11,Plumas,063,18699,1872,1814,43,1857,7
2021-11-11,Riverside,065,2383286,368280,362930,16602,379532,5175
2021-11-11,Sacramento,067,1510023,161364,159962,4743,164705,2289
2021-11-11,San Benito,069,59416,7507,7473,174,7647,76
2021-11-11,San Bernardino,071,2135413,359000,355413,11363,366776,5849
2021-11-11,San Diego,073,3302833,379543,376428,22179,398607,4272
2021-11-11,San Francisco,075,870044,53790,53063,2387,55450,666
2021-11-11,San Joaquin,077,732212,101079,99937,5518,105455,1799
2021-11-11,San Luis Obispo,079,281455,29999,29532,1279,30811,351
2021-11-11,San Mateo,081,765935,54857,53722,915,54637,574
2021-11-11,Santa Barbara,083,443738,45031,44603,1580,46183,534
2021-11-11,Santa Clara,085,1922200,149071,147458,1420,148878,1901
2021-11-11,Santa Cruz,087,273765,20742,20479,1019,21498,222
2021-11-11,Shasta,089,179085,21976,21600,3660,25260,364
2021-11-11,Sierra,091,2930,191,186,21,207,0
2021-11-11,Siskiyou,093,43540,3375,3297,1324,4621,53
2021-11-11,Solano,095,438530,46425,45679,1300,46979,350
2021-11-11,Sonoma,097,501317,42135,41774,542,42316,395
2021-11-11,Stanislaus,099,539301,79675,79570,9012,88582,1166
2021-11-11,Sutter,101,95872,14014,13993,365,14358,181
2021-11-11,Tehama,103,63373,8684,8565,1514,10079,125
2021-11-11,Trinity,105,12862,869,748,220,968,17
2021-11-11,Tulare,107,460477,69754,68367,15550,83917,1028
2021-11-11,Tuolumne,109,53932,7446,7354,107,7461,90
2021-11-11,Ventura,111,848112,99105,98297,4351,102648,1182
2021-11-11,Yolo,113,214977,20133,19946,1177,21123,255
2021-11-11,Yuba,115,75493,10294,10191,354,10545,85
2021-11-10,Alameda,001,1643700,120942,120147,2853,123000,1453
2021-11-10,Alpine,003,1148,102,105,0,105,0
2021-11-10,Amador,005,37829,5640,5603,65,5668,66
2021-11-10,Butte,007,227075,21302,21047,3824,24871,293
2021-11-10,Calaveras,009,45235,4216,4179,59,4238,83
2021-11-10,Colusa,011,21464,2547,2518,650,3168,19
2021-11-10,Contra Costa,013,1133247,100499,99808,2254,102062,1028
2021-11-10,Del Norte,015,27424,3712,3622,55,3677,42
2021-11-10,El Dorado,017,186661,16335,16085,1720,17805,159
2021-11-10,Fresno,019,978130,143048,140833,13014,153847,2202
2021-11-10,Glenn,021,27897,3545,3503,1025,4528,34
2021-11-10,Humboldt,023,135768,9261,9125,599,9724,115
2021-11-10,Imperial,025,180216,34254,33844,3327,37171,766
2021-11-10,Inyo,027,18085,2456,2428,41,2469,42
2021-11-10,Kern,029,883053,129927,128023,23017,151040,1709
2021-11-10,Kings,031,150075,32846,32318,1992,34310,345
2021-11-10,Lake,033,64148,6830,6745,155,6900,107
2021-11-10,Lassen,035,31185,6968,6875,398,7273,47
2021-11-10,Los Angeles,037,10098052,1450826,1440436,55458,1495894,26614
2021-11-10,Madera,039,155013,23725,23316,2198,25514,287
2021-11-10,Marin,041,260295,17777,17639,472,18111,247
2021-11-10,Mariposa,043,17540,1357,1317,52,1369,6
2021-11-10,Mendocino,045,87422,7763,7612,611,8223,89
2021-11-10,Merced,047,269075,42502,42292,2023,44315,643
2021-11-10,Modoc,049,8938,556,536,200,736,5
2021-11-10,Mono,051,14174,1760,1743,22,1765,4
2021-11-10,Monterey,053,433212,49154,48008,3049,51057,609
2021-11-10,Napa,055,140530,13165,13075,116,13191,103
2021-11-10,Nevada,057,99092,9461,9308,331,9639,92
2021-11-10,Orange,059,3164182,310190,307674,15535,323209,5633
2021-11-10,Placer,061,380077,37779,37333,3749,41082,440
2021-11-10,Plumas,063,18699,1866,1814,42,1856,7
2021-11-10,Riverside,065,2383286,367899,362930,16596,379526,5175
2021-11-10,Sacramento,067,1510023,161209,159962,4733,164695,2289
2021-11-10,San Benito,069,59416,7499,7473,174,7647,76
2021-11-10,San Bernardino,071,2135413,358662,355413,11356,366769,5849
2021-11-10,San Diego,073,3302833,379127,376428,22157,398585,4272
2021-11-10,San Francisco,075,870044,53729,53063,2384,55447,666
2021-11-10,San Joaquin,077,732212,100972,99937,5512,105449,1799
2021-11-10,San Luis Obispo,079,281455,29968,29532,1278,30810,351
2021-11-10,San Mateo,081,765935,54803,53722,914,54636,574
2021-11-10,Santa Barbara,083,443738,44993,44603,1579,46182,534
2021-11-10,Santa Clara,085,1922200,148924,147458,1414,148872,1901
2021-11-10,Santa Cruz,087,273765,20715,20479,1018,21497,222
2021-11-10,Shasta,089,179085,21940,21600,3658,25258,364
2021-11-10,Sierra,091,2930,190,186,21,207,0
2021-11-10,Siskiyou,093,43540,3373,3297,1324,4621,53
2021-11-10,Solano,095,438530,46395,45679,1298,46977,350
2021-11-10,Sonoma,097,501317,42084,41774,542,42316,395
2021-11-10,Stanislaus,099,539301,79574,79570,8996,88566,1166
2021-11-10,Sutter,101,95872,14006,13993,365,14358,181
2021-11-10,Tehama,103,63373,8672,8565,1508,10073,125
2021-11-10,Trinity,105,12862,865,748,219,967,17
2021-11-10,Tulare,107,460477,69694,68367,15509,83876,1028
2021-11-10,Tuolumne,109,53932,7422,7354,107,7461,90
2021-11-10,Ventura,111,848112,99034,98297,4351,102648,1182
2021-11-10,Yolo,113,214977,20114,19946,1176,21122,255
2021-11-10,Yuba,115,75493,10285,10191,354,10545,85
2021-11-09,Alameda,001,1643700,120805,120051,2843,122894,1450
2021-11-09,Alpine,003,1148,102,105,0,105,0
2021-11-09,Amador,005,37829,5636,5596,65,5661,66
2021-11-09,Butte,007,227075,21281,21022,3821,24843,291
2021-11-09,Calaveras,009,45235,4212,4174,59,4233,84
2021-11-09,Colusa,011,21464,2542,2517,649,3166,19
2021-11-09,Contra Costa,013,1133247,100404,99732,2246,101978,1028
2021-11-09,Del Norte,015,27424,3711,3620,55,3675,42
2021-11-09,El Dorado,017,186661,16297,16073,1715,17788,160
2021-11-09,Fresno,019,978130,142805,140666,12999,153665,2188
2021-11-09,Glenn,021,27897,3540,3499,1025,4524,34
2021-11-09,Humboldt,023,135768,9240,9112,594,9706,115
2021-11-09,Imperial,025,180216,34202,33751,3313,37064,766
2021-11-09,Inyo,027,18085,2452,2404,41,2445,42
2021-11-09,Kern,029,883053,129683,127901,22954,150855,1694
2021-11-09,Kings,031,150075,32779,32279,1988,34267,344
2021-11-09,Lake,033,64148,6821,6743,155,6898,106
2021-11-09,Lassen,035,31185,6956,6846,398,7244,47
2021-11-09,Los Angeles,037,10098052,1449579,1439125,55395,1494520,26581
2021-11-09,Madera,039,155013,23675,23285,2189,25474,287
2021-11-09,Marin,041,260295,17758,17630,470,18100,247
2021-11-09,Mariposa,043,17540,1349,1317,51,1368,5
2021-11-09,Mendocino,045,87422,7740,7598,605,8203,85
2021-11-09,Merced,047,269075,42461,42251,2017,44268,613
2021-11-09,Modoc,049,8938,555,536,198,734,5
2021-11-09,Mono,051,14174,1755,1738,22,1760,4
2021-11-09,Monterey,053,433212,49118,47975,3025,51000,609
2021-11-09,Napa,055,140530,13147,13051,116,13167,103
2021-11-09,Nevada,057,99092,9442,9288,331,9619,92
2021-11-09,Orange,059,3164182,309905,307412,15507,322919,5621
2021-11-09,Placer,061,380077,37725,37291,3732,41023,440
2021-11-09,Plumas,063,18699,1864,1802,42,1844,7
2021-11-09,Riverside,065,2383286,367434,362557,16581,379138,5160
2021-11-09,Sacramento,067,1510023,160968,159856,4723,164579,2286
2021-11-09,San Benito,069,59416,7489,7471,173,7644,76
2021-11-09,San Bernardino,071,2135413,358215,354972,11339,366311,5839
2021-11-09,San Diego,073,3302833,378620,375997,22131,398128,4272
2021-11-09,San Francisco,075,870044,53656,52996,2378,55374,666
2021-11-09,San Joaquin,077,732212,100796,99848,5499,105347,1794
2021-11-09,San Luis Obispo,079,281455,29925,29488,1277,30765,350
2021-11-09,San Mateo,081,765935,54756,53697,904,54601,574
2021-11-09,Santa Barbara,083,443738,44926,44579,1572,46151,533
2021-11-09,Santa Clara,085,1922200,148718,147281,1407,148688,1901
2021-11-09,Santa Cruz,087,273765,20681,20463,1017,21480,222
2021-11-09,Shasta,089,179085,21885,21558,3653,25211,364
2021-11-09,Sierra,091,2930,190,186,21,207,0
2021-11-09,Siskiyou,093,43540,3371,3295,1322,4617,52
2021-11-09,Solano,095,438530,46340,45639,1297,46936,350
2021-11-09,Sonoma,097,501317,42027,41727,540,42267,395
2021-11-09,Stanislaus,099,539301,79468,79505,8979,88484,1165
2021-11-09,Sutter,101,95872,13991,13988,363,14351,180
2021-11-09,Tehama,103,63373,8654,8555,1506,10061,125
2021-11-09,Trinity,105,12862,864,746,219,965,17
2021-11-09,Tulare,107,460477,69588,68298,15469,83767,1024
2021-11-09,Tuolumne,109,53932,7402,7347,107,7454,90
2021-11-09,Ventura,111,848112,98955,98202,4346,102548,1182
2021-11-09,Yolo,113,214977,20090,19931,1172,21103,255
2021-11-09,Yuba,115,75493,10268,10175,348,10523,85
2021-11-08,Alameda,001,1643700,120662,119983,2837,122820,1447
2021-11-08,Alpine,003,1148,102,105,0,105,0
2021-11-08,Amador,005,37829,5630,5590,65,5655,66
2021-11-08,Butte,007,227075,21253,21000,3813,24813,288
2021-11-08,Calaveras,009,45235,4204,4166,59,4225,82
2021-11-08,Colusa,011,21464,2541,2514,648,3162,19
2021-11-08,Contra Costa,013,1133247,100301,99669,2242,101911,1028
2021-11-08,Del Norte,015,27424,3707,3619,55,3674,42
2021-11-08,El Dorado,017,186661,16278,16055,1710,17765,156
2021-11-08,Fresno,019,978130,142504,140466,12977,153443,2179
2021-11-08,Glenn,021,27897,3537,3496,1021,4517,34
2021-11-08,Humboldt,023,135768,9213,9095,584,9679,109
2021-11-08,Imperial,025,180216,34122,33690,3295,36985,766
2021-11-08,Inyo,027,18085,2445,2398,41,2439,41
2021-11-08,Kern,029,883053,129447,127722,22871,150593,1692
2021-11-08,Kings,031,150075,32733,32248,1987,34235,344
2021-11-08,Lake,033,64148,6815,6737,155,6892,106
2021-11-08,Lassen,035,31185,6949,6830,396,7226,46
2021-11-08,Los Angeles,037,10098052,1448238,1438322,55335,1493657,26575
2021-11-08,Madera,039,155013,23626,23253,2178,25431,287
2021-11-08,Marin,041,260295,17741,17617,467,18084,247
2021-11-08,Mariposa,043,17540,1341,1316,50,1366,5
2021-11-08,Mendocino,045,87422,7727,7581,599,8180,85
2021-11-08,Merced,047,269075,42392,42224,2007,44231,607
2021-11-08,Modoc,049,8938,554,529,198,727,5
2021-11-08,Mono,051,14174,1751,1739,22,1761,4
2021-11-08,Monterey,053,433212,49077,47942,3004,50946,602
2021-11-08,Napa,055,140530,13133,13045,116,13161,103
2021-11-08,Nevada,057,99092,9423,9278,329,9607,92
2021-11-08,Orange,059,3164182,309632,307156,15476,322632,5616
2021-11-08,Placer,061,380077,37672,37250,3729,40979,439
2021-11-08,Plumas,063,18699,1863,1788,41,1829,7
2021-11-08,Riverside,065,2383286,366979,362201,16567,378768,5152
2021-11-08,Sacramento,067,1510023,160752,159735,4703,164438,2275
2021-11-08,San Benito,069,59416,7487,7461,173,7634,75
2021-11-08,San Bernardino,071,2135413,357708,354741,11321,366062,5836
2021-11-08,San Diego,073,3302833,378031,375557,22084,397641,4259
2021-11-08,San Francisco,075,870044,53603,52942,2372,55314,666
2021-11-08,San Joaquin,077,732212,100682,99736,5497,105233,1794
2021-11-08,San Luis Obispo,079,281455,29873,29464,1272,30736,350
2021-11-08,San Mateo,081,765935,54682,53658,899,54557,574
2021-11-08,Santa Barbara,083,443738,44872,44548,1571,46119,532
2021-11-08,Santa Clara,085,1922200,148490,147183,1401,148584,1899
2021-11-08,Santa Cruz,087,273765,20652,20435,1017,21452,222
2021-11-08,Shasta,089,179085,21838,21504,3647,25151,354
2021-11-08,Sierra,091,2930,190,183,21,204,0
2021-11-08,Siskiyou,093,43540,3367,3290,1311,4601,50
2021-11-08,Solano,095,438530,46299,45613,1293,46906,350
2021-11-08,Sonoma,097,501317,41959,41669,538,42207,395
2021-11-08,Stanislaus,099,539301,79316,79417,8965,88382,1150
2021-11-08,Sutter,101,95872,13983,13976,359,14335,180
2021-11-08,Tehama,103,63373,8645,8534,1506,10040,123
2021-11-08,Trinity,105,12862,864,743,218,961,13
2021-11-08,Tulare,107,460477,69471,68199,15431,83630,1020
2021-11-08,Tuolumne,109,53932,7383,7328,106,7434,90
2021-11-08,Ventura,111,848112,98862,98144,4344,102488,1182
2021-11-08,Yolo,113,214977,20052,19916,1167,21083,255
2021-11-08,Yuba,115,75493,10257,10172,345,10517,83
2021-11-07,Alameda,001,1643700,120505,119902,2831,122733,1444
2021-11-07,Alpine,003,1148,102,105,0,105,0
2021-11-07,Amador,005,37829,5622,5580,63,5643,66
2021-11-07,Butte,007,227075,21214,20969,3804,24773,288
2021-11-07,Calaveras,009,45235,4177,4158,58,4216,82
2021-11-07,Colusa,011,21464,2535,2511,646,3157,19
2021-11-07,Contra Costa,013,1133247,100189,99596,2233,101829,1028
2021-11-07,Del Norte,015,27424,3705,3617,55,3672,42
2021-11-07,El Dorado,017,186661,16241,16040,1707,17747,156
2021-11-07,Fresno,019,978130,142161,140263,12949,153212,2179
2021-11-07,Glenn,021,27897,3530,3493,1020,4513,34
2021-11-07,Humboldt,023,135768,9188,9074,580,9654,109
2021-11-07,Imperial,025,180216,34049,33674,3276,36950,766
2021-11-07,Inyo,027,18085,2432,2394,41,2435,41
2021-11-07,Kern,029,883053,129174,127583,22779,150362,1692
2021-11-07,Kings,031,150075,32643,32221,1984,34205,343
2021-11-07,Lake,033,64148,6799,6734,154,6888,106
2021-11-07,Lassen,035,31185,6940,6819,392,7211,46
2021-11-07,Los Angeles,037,10098052,1446747,1437314,55258,1492572,26573
2021-11-07,Madera,039,155013,23581,23225,2170,25395,287
2021-11-07,Marin,041,260295,17721,17594,466,18060,247
2021-11-07,Mariposa,043,17540,1339,1306,50,1356,5
2021-11-07,Mendocino,045,87422,7699,7567,595,8162,85
2021-11-07,Merced,047,269075,42313,42186,1976,44162,607
2021-11-07,Modoc,049,8938,551,528,197,725,5
2021-11-07,Mono,051,14174,1745,1739,22,1761,4
2021-11-07,Monterey,053,433212,49025,47924,2999,50923,602
2021-11-07,Napa,055,140530,13112,13041,116,13157,103
2021-11-07,Nevada,057,99092,9375,9254,329,9583,92
2021-11-07,Orange,059,3164182,309307,306954,15437,322391,5616
2021-11-07,Placer,061,380077,37596,37202,3714,40916,439
2021-11-07,Plumas,063,18699,1856,1787,40,1827,7
2021-11-07,Riverside,065,2383286,366444,361960,16547,378507,5152
2021-11-07,Sacramento,067,1510023,160520,159549,4686,164235,2277
2021-11-07,San Benito,069,59416,7474,7460,173,7633,75
2021-11-07,San Bernardino,071,2135413,357200,354488,11298,365786,5832
2021-11-07,San Diego,073,3302833,377443,375165,22051,397216,4250
2021-11-07,San Francisco,075,870044,53519,52868,2366,55234,666
2021-11-07,San Joaquin,077,732212,100497,99696,5491,105187,1794
2021-11-07,San Luis Obispo,079,281455,29822,29454,1268,30722,350
2021-11-07,San Mateo,081,765935,54623,53600,897,54497,574
2021-11-07,Santa Barbara,083,443738,44809,44501,1570,46071,532
2021-11-07,Santa Clara,085,1922200,148286,147054,1388,148442,1898
2021-11-07,Santa Cruz,087,273765,20594,20397,1016,21413,222
2021-11-07,Shasta,089,179085,21790,21479,3641,25120,354
2021-11-07,Sierra,091,2930,188,183,21,204,0
2021-11-07,Siskiyou,093,43540,3361,3289,1309,4598,51
2021-11-07,Solano,095,438530,46244,45582,1286,46868,350
2021-11-07,Sonoma,097,501317,41909,41630,537,42167,395
2021-11-07,Stanislaus,099,539301,79161,79351,8945,88296,1150
2021-11-07,Sutter,101,95872,13970,13964,356,14320,180
2021-11-07,Tehama,103,63373,8621,8528,1504,10032,121
2021-11-07,Trinity,105,12862,863,742,217,959,13
2021-11-07,Tulare,107,460477,69318,68145,15388,83533,1020
2021-11-07,Tuolumne,109,53932,7365,7300,104,7404,90
2021-11-07,Ventura,111,848112,98770,98085,4342,102427,1182
2021-11-07,Yolo,113,214977,20031,19899,1162,21061,255
2021-11-07,Yuba,115,75493,10240,10162,340,10502,83
2021-11-06,Alameda,001,1643700,120442,119499,2828,122327,1436
2021-11-06,Alpine,003,1148,102,105,0,105,0
2021-11-06,Amador,005,37829,5616,5557,63,5620,66
2021-11-06,Butte,007,227075,21194,20796,3800,24596,288
2021-11-06,Calaveras,009,45235,4169,4105,58,4163,82
2021-11-06,Colusa,011,21464,2534,2501,645,3146,19
2021-11-06,Contra Costa,013,1133247,100134,99282,2231,101513,1025
2021-11-06,Del Norte,015,27424,3702,3607,55,3662,42
2021-11-06,El Dorado,017,186661,16224,15958,1707,17665,156
2021-11-06,Fresno,019,978130,142042,139249,12944,152193,2170
2021-11-06,Glenn,021,27897,3527,3479,1020,4499,33
2021-11-06,Humboldt,023,135768,9176,8972,576,9548,109
2021-11-06,Imperial,025,180216,34003,33471,3270,36741,766
2021-11-06,Inyo,027,18085,2426,2353,41,2394,41
2021-11-06,Kern,029,883053,129041,126848,22726,149574,1684
2021-11-06,Kings,031,150075,32610,32018,1979,33997,342
2021-11-06,Lake,033,64148,6797,6695,154,6849,106
2021-11-06,Lassen,035,31185,6935,6796,391,7187,46
2021-11-06,Los Angeles,037,10098052,1445972,1433081,55215,1488296,26533
2021-11-06,Madera,039,155013,23545,22994,2160,25154,287
2021-11-06,Marin,041,260295,17702,17520,463,17983,247
2021-11-06,Mariposa,043,17540,1337,1282,50,1332,5
2021-11-06,Mendocino,045,87422,7677,7486,595,8081,85
2021-11-06,Merced,047,269075,42289,41958,1968,43926,604
2021-11-06,Modoc,049,8938,550,523,197,720,5
2021-11-06,Mono,051,14174,1743,1725,22,1747,4
2021-11-06,Monterey,053,433212,48993,47830,2989,50819,602
2021-11-06,Napa,055,140530,13102,12950,116,13066,103
2021-11-06,Nevada,057,99092,9353,9169,328,9497,91
2021-11-06,Orange,059,3164182,309100,306049,15411,321460,5611
2021-11-06,Placer,061,380077,37555,36967,3711,40678,438
2021-11-06,Plumas,063,18699,1852,1755,39,1794,7
2021-11-06,Riverside,065,2383286,366126,360584,16538,377122,5138
2021-11-06,Sacramento,067,1510023,160427,158766,4681,163447,2263
2021-11-06,San Benito,069,59416,7467,7429,173,7602,75
2021-11-06,San Bernardino,071,2135413,356929,353142,11294,364436,5813
2021-11-06,San Diego,073,3302833,377095,373423,22033,395456,4246
2021-11-06,San Francisco,075,870044,53466,52556,2363,54919,666
2021-11-06,San Joaquin,077,732212,100440,99372,5490,104862,1782
2021-11-06,San Luis Obispo,079,281455,29794,29335,1264,30599,350
2021-11-06,San Mateo,081,765935,54589,53442,896,54338,574
2021-11-06,Santa Barbara,083,443738,44773,44301,1569,45870,532
2021-11-06,Santa Clara,085,1922200,148141,146519,1383,147902,1894
2021-11-06,Santa Cruz,087,273765,20575,20311,1014,21325,222
2021-11-06,Shasta,089,179085,21771,21281,3636,24917,349
2021-11-06,Sierra,091,2930,188,181,21,202,0
2021-11-06,Siskiyou,093,43540,3361,3279,1307,4586,48
2021-11-06,Solano,095,438530,46214,45465,1285,46750,350
2021-11-06,Sonoma,097,501317,41859,41398,536,41934,395
2021-11-06,Stanislaus,099,539301,79093,78902,8937,87839,1193
2021-11-06,Sutter,101,95872,13966,13908,355,14263,180
2021-11-06,Tehama,103,63373,8610,8474,1502,9976,120
2021-11-06,Trinity,105,12862,860,732,217,949,11
2021-11-06,Tulare,107,460477,69268,67767,15359,83126,1010
2021-11-06,Tuolumne,109,53932,7352,7245,104,7349,90
2021-11-06,Ventura,111,848112,98704,97770,4337,102107,1180
2021-11-06,Yolo,113,214977,20014,19827,1158,20985,255
2021-11-06,Yuba,115,75493,10226,10107,340,10447,83
2021-11-05,Alameda,001,1643700,120359,119499,2826,122325,1436
2021-11-05,Alpine,003,1148,102,105,0,105,0
2021-11-05,Amador,005,37829,5611,5557,63,5620,66
2021-11-05,Butte,007,227075,21181,20796,3799,24595,288
2021-11-05,Calaveras,009,45235,4164,4105,58,4163,82
2021-11-05,Colusa,011,21464,2534,2501,644,3145,19
2021-11-05,Contra Costa,013,1133247,100069,99282,2229,101511,1025
2021-11-05,Del Norte,015,27424,3700,3607,55,3662,42
2021-11-05,El Dorado,017,186661,16206,15958,1701,17659,156
2021-11-05,Fresno,019,978130,141864,139249,12933,152182,2170
2021-11-05,Glenn,021,27897,3527,3479,1019,4498,33
2021-11-05,Humboldt,023,135768,9162,8972,576,9548,109
2021-11-05,Imperial,025,180216,33968,33471,3267,36738,766
2021-11-05,Inyo,027,18085,2418,2353,41,2394,41
2021-11-05,Kern,029,883053,128914,126848,22670,149518,1684
2021-11-05,Kings,031,150075,32586,32018,1978,33996,342
2021-11-05,Lake,033,64148,6791,6695,154,6849,106
2021-11-05,Lassen,035,31185,6931,6796,390,7186,46
2021-11-05,Los Angeles,037,10098052,1445153,1433081,55177,1488258,26533
2021-11-05,Madera,039,155013,23507,22994,2159,25153,287
2021-11-05,Marin,041,260295,17680,17520,462,17982,247
2021-11-05,Mariposa,043,17540,1334,1282,49,1331,5
2021-11-05,Mendocino,045,87422,7666,7486,594,8080,85
2021-11-05,Merced,047,269075,42263,41958,1959,43917,604
2021-11-05,Modoc,049,8938,550,523,197,720,5
2021-11-05,Mono,051,14174,1742,1725,22,1747,4
2021-11-05,Monterey,053,433212,48963,47830,2987,50817,602
2021-11-05,Napa,055,140530,13080,12950,116,13066,103
2021-11-05,Nevada,057,99092,9340,9169,328,9497,91
2021-11-05,Orange,059,3164182,308902,306049,15389,321438,5611
2021-11-05,Placer,061,380077,37528,36967,3701,40668,438
2021-11-05,Plumas,063,18699,1844,1755,39,1794,7
2021-11-05,Riverside,065,2383286,365785,360584,16528,377112,5138
2021-11-05,Sacramento,067,1510023,160305,158766,4675,163441,2263
2021-11-05,San Benito,069,59416,7465,7429,172,7601,75
2021-11-05,San Bernardino,071,2135413,356598,353142,11283,364425,5813
2021-11-05,San Diego,073,3302833,376730,373423,22021,395444,4246
2021-11-05,San Francisco,075,870044,53415,52556,2360,54916,666
2021-11-05,San Joaquin,077,732212,100387,99372,5481,104853,1782
2021-11-05,San Luis Obispo,079,281455,29771,29335,1264,30599,350
2021-11-05,San Mateo,081,765935,54547,53442,894,54336,574
2021-11-05,Santa Barbara,083,443738,44728,44301,1568,45869,532
2021-11-05,Santa Clara,085,1922200,148003,146519,1382,147901,1894
2021-11-05,Santa Cruz,087,273765,20551,20311,1013,21324,222
2021-11-05,Shasta,089,179085,21739,21281,3631,24912,349
2021-11-05,Sierra,091,2930,188,181,21,202,0
2021-11-05,Siskiyou,093,43540,3356,3279,1306,4585,48
2021-11-05,Solano,095,438530,46169,45465,1282,46747,350
2021-11-05,Sonoma,097,501317,41819,41398,536,41934,395
2021-11-05,Stanislaus,099,539301,79035,78902,8925,87827,1193
2021-11-05,Sutter,101,95872,13958,13908,354,14262,180
2021-11-05,Tehama,103,63373,8603,8474,1501,9975,120
2021-11-05,Trinity,105,12862,860,732,217,949,11
2021-11-05,Tulare,107,460477,69195,67767,15323,83090,1010
2021-11-05,Tuolumne,109,53932,7335,7245,103,7348,90
2021-11-05,Ventura,111,848112,98664,97770,4334,102104,1180
2021-11-05,Yolo,113,214977,20003,19827,1157,20984,255
2021-11-05,Yuba,115,75493,10213,10107,338,10445,83
2021-11-04,Alameda,001,1643700,120242,119499,2820,122319,1436
2021-11-04,Alpine,003,1148,102,105,0,105,0
2021-11-04,Amador,005,37829,5603,5557,63,5620,66
2021-11-04,Butte,007,227075,21139,20796,3789,24585,288
2021-11-04,Calaveras,009,45235,4150,4105,56,4161,82
2021-11-04,Colusa,011,21464,2528,2501,643,3144,19
2021-11-04,Contra Costa,013,1133247,99977,99282,2224,101506,1025
2021-11-04,Del Norte,015,27424,3697,3607,55,3662,42
2021-11-04,El Dorado,017,186661,16180,15958,1697,17655,156
2021-11-04,Fresno,019,978130,141582,139249,12923,152172,2170
2021-11-04,Glenn,021,27897,3522,3479,1018,4497,33
2021-11-04,Humboldt,023,135768,9137,8972,573,9545,109
2021-11-04,Imperial,025,180216,33910,33471,3258,36729,766
2021-11-04,Inyo,027,18085,2410,2353,41,2394,41
2021-11-04,Kern,029,883053,128682,126848,22602,149450,1684
2021-11-04,Kings,031,150075,32507,32018,1968,33986,342
2021-11-04,Lake,033,64148,6781,6695,152,6847,106
2021-11-04,Lassen,035,31185,6921,6796,385,7181,46
2021-11-04,Los Angeles,037,10098052,1443856,1433081,55093,1488174,26533
2021-11-04,Madera,039,155013,23452,22994,2148,25142,287
2021-11-04,Marin,041,260295,17668,17520,460,17980,247
2021-11-04,Mariposa,043,17540,1327,1282,49,1331,5
2021-11-04,Mendocino,045,87422,7653,7486,588,8074,85
2021-11-04,Merced,047,269075,42208,41958,1955,43913,604
2021-11-04,Modoc,049,8938,549,523,197,720,5
2021-11-04,Mono,051,14174,1737,1725,22,1747,4
2021-11-04,Monterey,053,433212,48918,47830,2971,50801,602
2021-11-04,Napa,055,140530,13059,12950,116,13066,103
2021-11-04,Nevada,057,99092,9309,9169,327,9496,91
2021-11-04,Orange,059,3164182,308654,306049,15370,321419,5611
2021-11-04,Placer,061,380077,37457,36967,3692,40659,438
2021-11-04,Plumas,063,18699,1836,1755,35,1790,7
2021-11-04,Riverside,065,2383286,365389,360584,16519,377103,5138
2021-11-04,Sacramento,067,1510023,160071,158766,4654,163420,2263
2021-11-04,San Benito,069,59416,7459,7429,172,7601,75
2021-11-04,San Bernardino,071,2135413,356163,353142,11275,364417,5813
2021-11-04,San Diego,073,3302833,376249,373423,22000,395423,4246
2021-11-04,San Francisco,075,870044,53334,52556,2356,54912,666
2021-11-04,San Joaquin,077,732212,100279,99372,5469,104841,1782
2021-11-04,San Luis Obispo,079,281455,29747,29335,1258,30593,350
2021-11-04,San Mateo,081,765935,54488,53442,888,54330,574
2021-11-04,Santa Barbara,083,443738,44672,44301,1568,45869,532
2021-11-04,Santa Clara,085,1922200,147849,146519,1378,147897,1894
2021-11-04,Santa Cruz,087,273765,20516,20311,1013,21324,222
2021-11-04,Shasta,089,179085,21681,21281,3625,24906,349
2021-11-04,Sierra,091,2930,186,181,21,202,0
2021-11-04,Siskiyou,093,43540,3353,3279,1299,4578,48
2021-11-04,Solano,095,438530,46127,45465,1281,46746,350
2021-11-04,Sonoma,097,501317,41759,41398,536,41934,395
2021-11-04,Stanislaus,099,539301,78897,78902,8919,87821,1193
2021-11-04,Sutter,101,95872,13947,13908,352,14260,180
2021-11-04,Tehama,103,63373,8594,8474,1497,9971,120
2021-11-04,Trinity,105,12862,859,732,217,949,11
2021-11-04,Tulare,107,460477,69079,67767,15277,83044,1010
2021-11-04,Tuolumne,109,53932,7313,7245,101,7346,90
2021-11-04,Ventura,111,848112,98576,97770,4331,102101,1180
2021-11-04,Yolo,113,214977,19978,19827,1151,20978,255
2021-11-04,Yuba,115,75493,10199,10107,336,10443,83
2021-11-03,Alameda,001,1643700,120101,119356,2816,122172,1428
2021-11-03,Alpine,003,1148,102,105,0,105,0
2021-11-03,Amador,005,37829,5597,5545,62,5607,66
2021-11-03,Butte,007,227075,21094,20769,3780,24549,284
2021-11-03,Calaveras,009,45235,4132,4087,55,4142,82
2021-11-03,Colusa,011,21464,2522,2499,643,3142,20
2021-11-03,Contra Costa,013,1133247,99877,99168,2219,101387,1025
2021-11-03,Del Norte,015,27424,3695,3600,54,3654,42
2021-11-03,El Dorado,017,186661,16154,15915,1694,17609,156
2021-11-03,Fresno,019,978130,141218,138873,12899,151772,2166
2021-11-03,Glenn,021,27897,3518,3470,1018,4488,33
2021-11-03,Humboldt,023,135768,9120,8949,568,9517,109
2021-11-03,Imperial,025,180216,33839,33402,3248,36650,766
2021-11-03,Inyo,027,18085,2389,2344,41,2385,41
2021-11-03,Kern,029,883053,128422,126523,22500,149023,1681
2021-11-03,Kings,031,150075,32452,31923,1961,33884,341
2021-11-03,Lake,033,64148,6765,6685,152,6837,106
2021-11-03,Lassen,035,31185,6905,6782,380,7162,46
2021-11-03,Los Angeles,037,10098052,1442507,1431209,55008,1486217,26517
2021-11-03,Madera,039,155013,23385,22893,2139,25032,287
2021-11-03,Marin,041,260295,17647,17491,456,17947,247
2021-11-03,Mariposa,043,17540,1317,1276,49,1325,5
2021-11-03,Mendocino,045,87422,7637,7457,580,8037,84
2021-11-03,Merced,047,269075,42147,41849,1945,43794,597
2021-11-03,Modoc,049,8938,549,521,195,716,5
2021-11-03,Mono,051,14174,1733,1719,22,1741,4
2021-11-03,Monterey,053,433212,48869,47794,2958,50752,601
2021-11-03,Napa,055,140530,13047,12937,115,13052,103
2021-11-03,Nevada,057,99092,9282,9131,326,9457,91
2021-11-03,Orange,059,3164182,308343,305661,15337,320998,5607
2021-11-03,Placer,061,380077,37387,36868,3687,40555,438
2021-11-03,Plumas,063,18699,1825,1739,34,1773,7
2021-11-03,Riverside,065,2383286,364931,360060,16515,376575,5131
2021-11-03,Sacramento,067,1510023,159847,158311,4643,162954,2259
2021-11-03,San Benito,069,59416,7451,7419,172,7591,75
2021-11-03,San Bernardino,071,2135413,355689,352225,11255,363480,5813
2021-11-03,San Diego,073,3302833,375738,372951,21977,394928,4241
2021-11-03,San Francisco,075,870044,53241,52493,2351,54844,663
2021-11-03,San Joaquin,077,732212,100167,99188,5458,104646,1776
2021-11-03,San Luis Obispo,079,281455,29705,29276,1252,30528,348
2021-11-03,San Mateo,081,765935,54424,53396,882,54278,571
2021-11-03,Santa Barbara,083,443738,44615,44220,1565,45785,531
2021-11-03,Santa Clara,085,1922200,147679,146259,1371,147630,1897
2021-11-03,Santa Cruz,087,273765,20481,20275,1013,21288,222
2021-11-03,Shasta,089,179085,21623,21215,3618,24833,346
2021-11-03,Sierra,091,2930,184,180,21,201,0
2021-11-03,Siskiyou,093,43540,3349,3276,1297,4573,46
2021-11-03,Solano,095,438530,46100,45411,1279,46690,351
2021-11-03,Sonoma,097,501317,41682,41326,534,41860,395
2021-11-03,Stanislaus,099,539301,78766,78736,8903,87639,1193
2021-11-03,Sutter,101,95872,13934,13876,350,14226,179
2021-11-03,Tehama,103,63373,8582,8438,1497,9935,118
2021-11-03,Trinity,105,12862,858,730,217,947,11
2021-11-03,Tulare,107,460477,68951,67588,15234,82822,1007
2021-11-03,Tuolumne,109,53932,7296,7218,99,7317,90
2021-11-03,Ventura,111,848112,98467,97682,4327,102009,1178
2021-11-03,Yolo,113,214977,19960,19758,1143,20901,250
2021-11-03,Yuba,115,75493,10187,10092,336,10428,83
2021-11-02,Alameda,001,1643700,119955,119241,2810,122051,1425
2021-11-02,Alpine,003,1148,101,105,0,105,0
2021-11-02,Amador,005,37829,5592,5535,62,5597,66
2021-11-02,Butte,007,227075,21050,20744,3769,24513,282
2021-11-02,Calaveras,009,45235,4109,4075,55,4130,82
2021-11-02,Colusa,011,21464,2517,2497,642,3139,19
2021-11-02,Contra Costa,013,1133247,99774,99080,2207,101287,1025
2021-11-02,Del Norte,015,27424,3693,3596,54,3650,42
2021-11-02,El Dorado,017,186661,16125,15883,1694,17577,154
2021-11-02,Fresno,019,978130,140897,138644,12868,151512,2158
2021-11-02,Glenn,021,27897,3510,3469,1015,4484,33
2021-11-02,Humboldt,023,135768,9078,8937,567,9504,109
2021-11-02,Imperial,025,180216,33766,33371,3236,36607,766
2021-11-02,Inyo,027,18085,2382,2324,41,2365,41
2021-11-02,Kern,029,883053,128167,126311,22378,148689,1665
2021-11-02,Kings,031,150075,32393,31896,1956,33852,339
2021-11-02,Lake,033,64148,6760,6681,151,6832,106
2021-11-02,Lassen,035,31185,6893,6777,377,7154,45
2021-11-02,Los Angeles,037,10098052,1441053,1429601,54932,1484533,26496
2021-11-02,Madera,039,155013,23304,22837,2128,24965,287
2021-11-02,Marin,041,260295,17619,17482,456,17938,247
2021-11-02,Mariposa,043,17540,1306,1270,48,1318,5
2021-11-02,Mendocino,045,87422,7613,7447,568,8015,84
2021-11-02,Merced,047,269075,42080,41785,1937,43722,596
2021-11-02,Modoc,049,8938,546,520,194,714,5
2021-11-02,Mono,051,14174,1729,1718,22,1740,4
2021-11-02,Monterey,053,433212,48818,47775,2940,50715,599
2021-11-02,Napa,055,140530,13029,12930,115,13045,104
2021-11-02,Nevada,057,99092,9252,9122,325,9447,91
2021-11-02,Orange,059,3164182,308027,305369,15290,320659,5600
2021-11-02,Placer,061,380077,37315,36817,3672,40489,438
2021-11-02,Plumas,063,18699,1814,1721,34,1755,7
2021-11-02,Riverside,065,2383286,364479,359586,16495,376081,5116
2021-11-02,Sacramento,067,1510023,159591,158112,4620,162732,2250
2021-11-02,San Benito,069,59416,7435,7407,172,7579,75
2021-11-02,San Bernardino,071,2135413,355215,351832,11202,363034,5813
2021-11-02,San Diego,073,3302833,375143,372440,21947,394387,4232
2021-11-02,San Francisco,075,870044,53122,52450,2347,54797,663
2021-11-02,San Joaquin,077,732212,100032,99076,5447,104523,1772
2021-11-02,San Luis Obispo,079,281455,29672,29224,1248,30472,348
2021-11-02,San Mateo,081,765935,54352,53351,879,54230,571
2021-11-02,Santa Barbara,083,443738,44559,44177,1562,45739,531
2021-11-02,Santa Clara,085,1922200,147485,146115,1364,147479,1896
2021-11-02,Santa Cruz,087,273765,20448,20266,1012,21278,222
2021-11-02,Shasta,089,179085,21549,21127,3608,24735,344
2021-11-02,Sierra,091,2930,184,180,20,200,0
2021-11-02,Siskiyou,093,43540,3347,3272,1294,4566,46
2021-11-02,Solano,095,438530,46060,45378,1273,46651,350
2021-11-02,Sonoma,097,501317,41601,41288,533,41821,395
2021-11-02,Stanislaus,099,539301,78611,78629,8883,87512,1193
2021-11-02,Sutter,101,95872,13913,13868,350,14218,179
2021-11-02,Tehama,103,63373,8566,8422,1494,9916,116
2021-11-02,Trinity,105,12862,858,729,217,946,11
2021-11-02,Tulare,107,460477,68826,67502,15185,82687,1002
2021-11-02,Tuolumne,109,53932,7275,7204,97,7301,90
2021-11-02,Ventura,111,848112,98362,97574,4323,101897,1178
2021-11-02,Yolo,113,214977,19929,19736,1141,20877,250
2021-11-02,Yuba,115,75493,10164,10080,334,10414,83
2021-11-01,Alameda,001,1643700,119815,119159,2807,121966,1421
2021-11-01,Alpine,003,1148,101,105,0,105,0
2021-11-01,Amador,005,37829,5590,5532,62,5594,64
2021-11-01,Butte,007,227075,21000,20710,3764,24474,281
2021-11-01,Calaveras,009,45235,4099,4059,54,4113,82
2021-11-01,Colusa,011,21464,2515,2494,639,3133,19
2021-11-01,Contra Costa,013,1133247,99649,99011,2199,101210,1025
2021-11-01,Del Norte,015,27424,3691,3594,54,3648,42
2021-11-01,El Dorado,017,186661,16101,15858,1688,17546,154
2021-11-01,Fresno,019,978130,140521,138421,12831,151252,2149
2021-11-01,Glenn,021,27897,3503,3461,1013,4474,33
2021-11-01,Humboldt,023,135768,9050,8929,563,9492,108
2021-11-01,Imperial,025,180216,33715,33342,3227,36569,766
2021-11-01,Inyo,027,18085,2370,2307,41,2348,41
2021-11-01,Kern,029,883053,127867,126092,22263,148355,1660
2021-11-01,Kings,031,150075,32340,31866,1953,33819,337
2021-11-01,Lake,033,64148,6749,6676,150,6826,106
2021-11-01,Lassen,035,31185,6878,6775,374,7149,42
2021-11-01,Los Angeles,037,10098052,1439664,1428891,54840,1483731,26483
2021-11-01,Madera,039,155013,23225,22801,2123,24924,283
2021-11-01,Marin,041,260295,17599,17460,455,17915,247
2021-11-01,Mariposa,043,17540,1298,1266,47,1313,5
2021-11-01,Mendocino,045,87422,7580,7422,550,7972,84
2021-11-01,Merced,047,269075,41990,41740,1935,43675,594
2021-11-01,Modoc,049,8938,541,520,192,712,5
2021-11-01,Mono,051,14174,1725,1714,22,1736,3
2021-11-01,Monterey,053,433212,48775,47756,2928,50684,597
2021-11-01,Napa,055,140530,13002,12916,114,13030,101
2021-11-01,Nevada,057,99092,9229,9108,324,9432,91
2021-11-01,Orange,059,3164182,307685,305192,15247,320439,5596
2021-11-01,Placer,061,380077,37232,36747,3660,40407,435
2021-11-01,Plumas,063,18699,1795,1719,34,1753,7
2021-11-01,Riverside,065,2383286,363977,359263,16473,375736,5115
2021-11-01,Sacramento,067,1510023,159319,157893,4596,162489,2239
2021-11-01,San Benito,069,59416,7425,7406,171,7577,73
2021-11-01,San Bernardino,071,2135413,354727,351620,11181,362801,5815
2021-11-01,San Diego,073,3302833,374558,372043,21929,393972,4232
2021-11-01,San Francisco,075,870044,53036,52418,2340,54758,661
2021-11-01,San Joaquin,077,732212,99869,98969,5440,104409,1772
2021-11-01,San Luis Obispo,079,281455,29628,29199,1243,30442,343
2021-11-01,San Mateo,081,765935,54286,53314,875,54189,571
2021-11-01,Santa Barbara,083,443738,44492,44146,1558,45704,529
2021-11-01,Santa Clara,085,1922200,147288,145978,1359,147337,1907
2021-11-01,Santa Cruz,087,273765,20413,20238,1012,21250,221
2021-11-01,Shasta,089,179085,21496,21104,3601,24705,338
2021-11-01,Sierra,091,2930,184,180,20,200,0
2021-11-01,Siskiyou,093,43540,3340,3272,1289,4561,46
2021-11-01,Solano,095,438530,46006,45358,1273,46631,350
2021-11-01,Sonoma,097,501317,41528,41234,532,41766,395
2021-11-01,Stanislaus,099,539301,78482,78534,8868,87402,1193
2021-11-01,Sutter,101,95872,13889,13852,348,14200,179
2021-11-01,Tehama,103,63373,8538,8412,1491,9903,116
2021-11-01,Trinity,105,12862,856,727,217,944,11
2021-11-01,Tulare,107,460477,68682,67388,15132,82520,1002
2021-11-01,Tuolumne,109,53932,7259,7175,96,7271,90
2021-11-01,Ventura,111,848112,98272,97507,4321,101828,1178
2021-11-01,Yolo,113,214977,19909,19708,1134,20842,250
2021-11-01,Yuba,115,75493,10146,10066,332,10398,83
2021-10-31,Alameda,001,1643700,119670,119071,2804,121875,1419
2021-10-31,Alpine,003,1148,101,105,0,105,0
2021-10-31,Amador,005,37829,5579,5518,62,5580,64
2021-10-31,Butte,007,227075,20939,20689,3755,24444,281
2021-10-31,Calaveras,009,45235,4081,4052,53,4105,82
2021-10-31,Colusa,011,21464,2513,2493,636,3129,18
2021-10-31,Contra Costa,013,1133247,99521,98936,2196,101132,1025
2021-10-31,Del Norte,015,27424,3685,3591,54,3645,42
2021-10-31,El Dorado,017,186661,16055,15841,1685,17526,154
2021-10-31,Fresno,019,978130,140114,138165,12794,150959,2147
2021-10-31,Glenn,021,27897,3498,3459,1013,4472,33
2021-10-31,Humboldt,023,135768,9002,8919,557,9476,108
2021-10-31,Imperial,025,180216,33640,33334,3215,36549,766
2021-10-31,Inyo,027,18085,2351,2309,41,2350,41
2021-10-31,Kern,029,883053,127498,125917,22138,148055,1666
2021-10-31,Kings,031,150075,32254,31814,1941,33755,338
2021-10-31,Lake,033,64148,6738,6665,148,6813,106
2021-10-31,Lassen,035,31185,6863,6768,369,7137,42
2021-10-31,Los Angeles,037,10098052,1438117,1427933,54755,1482688,26474
2021-10-31,Madera,039,155013,23130,22744,2110,24854,283
2021-10-31,Marin,041,260295,17571,17443,454,17897,247
2021-10-31,Mariposa,043,17540,1292,1257,46,1303,5
2021-10-31,Mendocino,045,87422,7539,7403,533,7936,84
2021-10-31,Merced,047,269075,41896,41699,1915,43614,589
2021-10-31,Modoc,049,8938,535,517,189,706,5
2021-10-31,Mono,051,14174,1721,1711,22,1733,3
2021-10-31,Monterey,053,433212,48734,47744,2910,50654,596
2021-10-31,Napa,055,140530,12985,12906,112,13018,101
2021-10-31,Nevada,057,99092,9192,9084,319,9403,91
2021-10-31,Orange,059,3164182,307336,305032,15164,320196,5596
2021-10-31,Placer,061,380077,37135,36698,3646,40344,435
2021-10-31,Plumas,063,18699,1777,1716,34,1750,7
2021-10-31,Riverside,065,2383286,363398,359005,16459,375464,5104
2021-10-31,Sacramento,067,1510023,158967,157667,4581,162248,2243
2021-10-31,San Benito,069,59416,7416,7397,169,7566,73
2021-10-31,San Bernardino,071,2135413,354195,351411,11167,362578,5810
2021-10-31,San Diego,073,3302833,373984,371603,21898,393501,4218
2021-10-31,San Francisco,075,870044,52928,52370,2334,54704,661
2021-10-31,San Joaquin,077,732212,99705,98893,5426,104319,1772
2021-10-31,San Luis Obispo,079,281455,29574,29176,1242,30418,343
2021-10-31,San Mateo,081,765935,54227,53284,873,54157,571
2021-10-31,Santa Barbara,083,443738,44422,44113,1553,45666,529
2021-10-31,Santa Clara,085,1922200,147073,145829,1345,147174,1908
2021-10-31,Santa Cruz,087,273765,20378,20218,1011,21229,221
2021-10-31,Shasta,089,179085,21413,21086,3589,24675,338
2021-10-31,Sierra,091,2930,184,180,20,200,0
2021-10-31,Siskiyou,093,43540,3334,3271,1288,4559,46
2021-10-31,Solano,095,438530,45958,45310,1266,46576,350
2021-10-31,Sonoma,097,501317,41458,41183,529,41712,395
2021-10-31,Stanislaus,099,539301,78292,78426,8853,87279,1193
2021-10-31,Sutter,101,95872,13870,13838,345,14183,179
2021-10-31,Tehama,103,63373,8507,8391,1487,9878,116
2021-10-31,Trinity,105,12862,856,724,217,941,11
2021-10-31,Tulare,107,460477,68488,67310,15041,82351,1002
2021-10-31,Tuolumne,109,53932,7230,7141,95,7236,90
2021-10-31,Ventura,111,848112,98151,97460,4316,101776,1178
2021-10-31,Yolo,113,214977,19865,19662,1128,20790,250
2021-10-31,Yuba,115,75493,10128,10051,322,10373,83
2021-10-30,Alameda,001,1643700,119610,118632,2801,121433,1419
2021-10-30,Alpine,003,1148,101,105,0,105,0
2021-10-30,Amador,005,37829,5570,5480,61,5541,64
2021-10-30,Butte,007,227075,20924,20516,3749,24265,277
2021-10-30,Calaveras,009,45235,4074,3992,53,4045,82
2021-10-30,Colusa,011,21464,2513,2484,635,3119,19
2021-10-30,Contra Costa,013,1133247,99458,98562,2195,100757,1024
2021-10-30,Del Norte,015,27424,3682,3574,54,3628,42
2021-10-30,El Dorado,017,186661,16039,15752,1680,17432,154
2021-10-30,Fresno,019,978130,139969,136901,12782,149683,2131
2021-10-30,Glenn,021,27897,3494,3442,1013,4455,33
2021-10-30,Humboldt,023,135768,8987,8871,555,9426,105
2021-10-30,Imperial,025,180216,33595,33156,3211,36367,766
2021-10-30,Inyo,027,18085,2348,2249,41,2290,41
2021-10-30,Kern,029,883053,127344,124892,22067,146959,1653
2021-10-30,Kings,031,150075,32220,31578,1937,33515,337
2021-10-30,Lake,033,64148,6733,6610,148,6758,106
2021-10-30,Lassen,035,31185,6857,6719,367,7086,42
2021-10-30,Los Angeles,037,10098052,1437392,1424257,54702,1478959,26625
2021-10-30,Madera,039,155013,23086,22524,2105,24629,283
2021-10-30,Marin,041,260295,17556,17380,452,17832,247
2021-10-30,Mariposa,043,17540,1289,1228,46,1274,5
2021-10-30,Mendocino,045,87422,7516,7338,531,7869,84
2021-10-30,Merced,047,269075,41857,41428,1913,43341,586
2021-10-30,Modoc,049,8938,533,513,188,701,5
2021-10-30,Mono,051,14174,1721,1684,22,1706,3
2021-10-30,Monterey,053,433212,48717,47649,2904,50553,588
2021-10-30,Napa,055,140530,12971,12863,111,12974,101
2021-10-30,Nevada,057,99092,9173,9015,319,9334,91
2021-10-30,Orange,059,3164182,307157,304120,15142,319262,5588
2021-10-30,Placer,061,380077,37089,36400,3640,40040,434
2021-10-30,Plumas,063,18699,1772,1695,34,1729,7
2021-10-30,Riverside,065,2383286,363098,357645,16450,374095,5088
2021-10-30,Sacramento,067,1510023,158808,157125,4572,161697,2233
2021-10-30,San Benito,069,59416,7409,7362,169,7531,71
2021-10-30,San Bernardino,071,2135413,353918,350076,11153,361229,5777
2021-10-30,San Diego,073,3302833,373610,370006,21876,391882,4213
2021-10-30,San Francisco,075,870044,52899,52161,2332,54493,661
2021-10-30,San Joaquin,077,732212,99649,98314,5425,103739,1768
2021-10-30,San Luis Obispo,079,281455,29542,29053,1239,30292,341
2021-10-30,San Mateo,081,765935,54188,53083,873,53956,571
2021-10-30,Santa Barbara,083,443738,44387,43972,1552,45524,528
2021-10-30,Santa Clara,085,1922200,146968,145262,1341,146603,1903
2021-10-30,Santa Cruz,087,273765,20360,20134,1009,21143,221
2021-10-30,Shasta,089,179085,21369,20878,3583,24461,332
2021-10-30,Sierra,091,2930,184,175,20,195,0
2021-10-30,Siskiyou,093,43540,3333,3257,1285,4542,46
2021-10-30,Solano,095,438530,45937,45146,1264,46410,346
2021-10-30,Sonoma,097,501317,41419,40924,529,41453,393
2021-10-30,Stanislaus,099,539301,78222,77871,8846,86717,1191
2021-10-30,Sutter,101,95872,13857,13773,345,14118,178
2021-10-30,Tehama,103,63373,8496,8307,1482,9789,114
2021-10-30,Trinity,105,12862,854,708,216,924,11
2021-10-30,Tulare,107,460477,68417,66745,14994,81739,995
2021-10-30,Tuolumne,109,53932,7206,7050,94,7144,90
2021-10-30,Ventura,111,848112,98102,97182,4313,101495,1174
2021-10-30,Yolo,113,214977,19846,19568,1126,20694,250
2021-10-30,Yuba,115,75493,10117,9969,322,10291,82
2021-10-29,Alameda,001,1643700,119531,118632,2796,121428,1419
2021-10-29,Alpine,003,1148,101,105,0,105,0
2021-10-29,Amador,005,37829,5559,5480,61,5541,64
2021-10-29,Butte,007,227075,20900,20516,3739,24255,277
2021-10-29,Calaveras,009,45235,4067,3992,53,4045,82
2021-10-29,Colusa,011,21464,2513,2484,633,3117,19
2021-10-29,Contra Costa,013,1133247,99391,98562,2193,100755,1024
2021-10-29,Del Norte,015,27424,3675,3574,54,3628,42
2021-10-29,El Dorado,017,186661,16025,15752,1680,17432,154
2021-10-29,Fresno,019,978130,139754,136901,12767,149668,2131
2021-10-29,Glenn,021,27897,3493,3442,1012,4454,33
2021-10-29,Humboldt,023,135768,8982,8871,554,9425,105
2021-10-29,Imperial,025,180216,33568,33156,3208,36364,766
2021-10-29,Inyo,027,18085,2345,2249,41,2290,41
2021-10-29,Kern,029,883053,127167,124892,21977,146869,1653
2021-10-29,Kings,031,150075,32186,31578,1935,33513,337
2021-10-29,Lake,033,64148,6724,6610,145,6755,106
2021-10-29,Lassen,035,31185,6848,6719,364,7083,42
2021-10-29,Los Angeles,037,10098052,1436546,1424257,54658,1478915,26625
2021-10-29,Madera,039,155013,23034,22524,2100,24624,283
2021-10-29,Marin,041,260295,17540,17380,451,17831,247
2021-10-29,Mariposa,043,17540,1285,1228,46,1274,5
2021-10-29,Mendocino,045,87422,7508,7338,531,7869,84
2021-10-29,Merced,047,269075,41807,41428,1907,43335,586
2021-10-29,Modoc,049,8938,531,513,187,700,5
2021-10-29,Mono,051,14174,1719,1684,22,1706,3
2021-10-29,Monterey,053,433212,48694,47649,2904,50553,588
2021-10-29,Napa,055,140530,12950,12863,111,12974,101
2021-10-29,Nevada,057,99092,9161,9015,319,9334,91
2021-10-29,Orange,059,3164182,306932,304120,15122,319242,5588
2021-10-29,Placer,061,380077,37053,36400,3629,40029,434
2021-10-29,Plumas,063,18699,1766,1695,34,1729,7
2021-10-29,Riverside,065,2383286,362764,357645,16445,374090,5088
2021-10-29,Sacramento,067,1510023,158619,157125,4563,161688,2233
2021-10-29,San Benito,069,59416,7406,7362,169,7531,71
2021-10-29,San Bernardino,071,2135413,353620,350076,11144,361220,5777
2021-10-29,San Diego,073,3302833,373234,370006,21848,391854,4213
2021-10-29,San Francisco,075,870044,52839,52161,2326,54487,661
2021-10-29,San Joaquin,077,732212,99592,98314,5420,103734,1768
2021-10-29,San Luis Obispo,079,281455,29516,29053,1237,30290,341
2021-10-29,San Mateo,081,765935,54145,53083,871,53954,571
2021-10-29,Santa Barbara,083,443738,44347,43972,1549,45521,528
2021-10-29,Santa Clara,085,1922200,146853,145262,1334,146596,1903
2021-10-29,Santa Cruz,087,273765,20353,20134,1008,21142,221
2021-10-29,Shasta,089,179085,21330,20878,3577,24455,332
2021-10-29,Sierra,091,2930,182,175,20,195,0
2021-10-29,Siskiyou,093,43540,3333,3257,1284,4541,46
2021-10-29,Solano,095,438530,45900,45146,1263,46409,346
2021-10-29,Sonoma,097,501317,41398,40924,529,41453,393
2021-10-29,Stanislaus,099,539301,78136,77871,8835,86706,1191
2021-10-29,Sutter,101,95872,13838,13773,345,14118,178
2021-10-29,Tehama,103,63373,8483,8307,1481,9788,114
2021-10-29,Trinity,105,12862,853,708,216,924,11
2021-10-29,Tulare,107,460477,68312,66745,14949,81694,995
2021-10-29,Tuolumne,109,53932,7193,7050,94,7144,90
2021-10-29,Ventura,111,848112,98047,97182,4309,101491,1174
2021-10-29,Yolo,113,214977,19828,19568,1121,20689,250
2021-10-29,Yuba,115,75493,10109,9969,318,10287,82
2021-10-28,Alameda,001,1643700,119407,118632,2789,121421,1419
2021-10-28,Alpine,003,1148,101,105,0,105,0
2021-10-28,Amador,005,37829,5546,5480,61,5541,64
2021-10-28,Butte,007,227075,20857,20516,3730,24246,277
2021-10-28,Calaveras,009,45235,4054,3992,53,4045,82
2021-10-28,Colusa,011,21464,2510,2484,632,3116,19
2021-10-28,Contra Costa,013,1133247,99261,98562,2188,100750,1024
2021-10-28,Del Norte,015,27424,3674,3574,54,3628,42
2021-10-28,El Dorado,017,186661,15999,15752,1677,17429,154
2021-10-28,Fresno,019,978130,139421,136901,12734,149635,2131
2021-10-28,Glenn,021,27897,3490,3442,1010,4452,33
2021-10-28,Humboldt,023,135768,8966,8871,549,9420,105
2021-10-28,Imperial,025,180216,33503,33156,3202,36358,766
2021-10-28,Inyo,027,18085,2328,2249,41,2290,41
2021-10-28,Kern,029,883053,126920,124892,21863,146755,1653
2021-10-28,Kings,031,150075,32117,31578,1930,33508,337
2021-10-28,Lake,033,64148,6714,6610,145,6755,106
2021-10-28,Lassen,035,31185,6838,6719,360,7079,42
2021-10-28,Los Angeles,037,10098052,1435405,1424257,54585,1478842,26625
2021-10-28,Madera,039,155013,22980,22524,2089,24613,283
2021-10-28,Marin,041,260295,17522,17380,450,17830,247
2021-10-28,Mariposa,043,17540,1281,1228,46,1274,5
2021-10-28,Mendocino,045,87422,7495,7338,520,7858,84
2021-10-28,Merced,047,269075,41722,41428,1895,43323,586
2021-10-28,Modoc,049,8938,530,513,187,700,5
2021-10-28,Mono,051,14174,1713,1684,22,1706,3
2021-10-28,Monterey,053,433212,48663,47649,2887,50536,588
2021-10-28,Napa,055,140530,12941,12863,110,12973,101
2021-10-28,Nevada,057,99092,9143,9015,319,9334,91
2021-10-28,Orange,059,3164182,306645,304120,15057,319177,5588
2021-10-28,Placer,061,380077,36974,36400,3620,40020,434
2021-10-28,Plumas,063,18699,1758,1695,34,1729,7
2021-10-28,Riverside,065,2383286,362326,357645,16421,374066,5088
2021-10-28,Sacramento,067,1510023,158353,157125,4551,161676,2233
2021-10-28,San Benito,069,59416,7398,7362,169,7531,71
2021-10-28,San Bernardino,071,2135413,353203,350076,11122,361198,5777
2021-10-28,San Diego,073,3302833,372761,370006,21825,391831,4213
2021-10-28,San Francisco,075,870044,52793,52161,2319,54480,661
2021-10-28,San Joaquin,077,732212,99464,98314,5419,103733,1768
2021-10-28,San Luis Obispo,079,281455,29487,29053,1234,30287,341
2021-10-28,San Mateo,081,765935,54100,53083,869,53952,571
2021-10-28,Santa Barbara,083,443738,44308,43972,1547,45519,528
2021-10-28,Santa Clara,085,1922200,146695,145262,1329,146591,1903
2021-10-28,Santa Cruz,087,273765,20329,20134,1008,21142,221
2021-10-28,Shasta,089,179085,21255,20878,3570,24448,332
2021-10-28,Sierra,091,2930,181,175,20,195,0
2021-10-28,Siskiyou,093,43540,3332,3257,1284,4541,46
2021-10-28,Solano,095,438530,45861,45146,1262,46408,346
2021-10-28,Sonoma,097,501317,41330,40924,528,41452,393
2021-10-28,Stanislaus,099,539301,77984,77871,8819,86690,1191
2021-10-28,Sutter,101,95872,13825,13773,341,14114,178
2021-10-28,Tehama,103,63373,8446,8307,1478,9785,114
2021-10-28,Trinity,105,12862,850,708,216,924,11
2021-10-28,Tulare,107,460477,68173,66745,14892,81637,995
2021-10-28,Tuolumne,109,53932,7162,7050,94,7144,90
2021-10-28,Ventura,111,848112,97962,97182,4306,101488,1174
2021-10-28,Yolo,113,214977,19790,19568,1116,20684,250
2021-10-28,Yuba,115,75493,10080,9969,315,10284,82
2021-10-27,Alameda,001,1643700,119285,118487,2787,121274,1414
2021-10-27,Alpine,003,1148,101,105,0,105,0
2021-10-27,Amador,005,37829,5534,5470,60,5530,64
2021-10-27,Butte,007,227075,20813,20446,3716,24162,274
2021-10-27,Calaveras,009,45235,4036,3970,52,4022,82
2021-10-27,Colusa,011,21464,2509,2480,631,3111,18
2021-10-27,Contra Costa,013,1133247,99153,98442,2176,100618,1018
2021-10-27,Del Norte,015,27424,3667,3571,53,3624,42
2021-10-27,El Dorado,017,186661,15968,15723,1672,17395,154
2021-10-27,Fresno,019,978130,139039,136447,12700,149147,2128
2021-10-27,Glenn,021,27897,3488,3435,1009,4444,33
2021-10-27,Humboldt,023,135768,8946,8851,547,9398,105
2021-10-27,Imperial,025,180216,33464,33068,3197,36265,766
2021-10-27,Inyo,027,18085,2308,2236,41,2277,41
2021-10-27,Kern,029,883053,126651,124557,21763,146320,1647
2021-10-27,Kings,031,150075,32051,31437,1924,33361,335
2021-10-27,Lake,033,64148,6688,6589,145,6734,105
2021-10-27,Lassen,035,31185,6824,6706,358,7064,42
2021-10-27,Los Angeles,037,10098052,1434173,1422615,54526,1477141,26604
2021-10-27,Madera,039,155013,22894,22413,2065,24478,283
2021-10-27,Marin,041,260295,17507,17362,450,17812,247
2021-10-27,Mariposa,043,17540,1268,1228,46,1274,5
2021-10-27,Mendocino,045,87422,7481,7321,513,7834,84
2021-10-27,Merced,047,269075,41624,41310,1881,43191,583
2021-10-27,Modoc,049,8938,526,513,187,700,5
2021-10-27,Mono,051,14174,1710,1682,22,1704,3
2021-10-27,Monterey,053,433212,48626,47610,2866,50476,588
2021-10-27,Napa,055,140530,12926,12856,109,12965,101
2021-10-27,Nevada,057,99092,9126,8987,318,9305,90
2021-10-27,Orange,059,3164182,306324,303825,15006,318831,5584
2021-10-27,Placer,061,380077,36908,36296,3613,39909,434
2021-10-27,Plumas,063,18699,1750,1686,34,1720,7
2021-10-27,Riverside,065,2383286,361896,357152,16413,373565,5081
2021-10-27,Sacramento,067,1510023,158085,156830,4530,161360,2230
2021-10-27,San Benito,069,59416,7392,7337,169,7506,71
2021-10-27,San Bernardino,071,2135413,352780,349624,11100,360724,5770
2021-10-27,San Diego,073,3302833,372185,369579,21801,391380,4207
2021-10-27,San Francisco,075,870044,52742,52108,2315,54423,655
2021-10-27,San Joaquin,077,732212,99306,98168,5404,103572,1753
2021-10-27,San Luis Obispo,079,281455,29448,29002,1232,30234,341
2021-10-27,San Mateo,081,765935,54045,53032,861,53893,571
2021-10-27,Santa Barbara,083,443738,44255,43901,1544,45445,527
2021-10-27,Santa Clara,085,1922200,146518,145081,1321,146402,1902
2021-10-27,Santa Cruz,087,273765,20302,20091,1006,21097,221
2021-10-27,Shasta,089,179085,21179,20813,3562,24375,331
2021-10-27,Sierra,091,2930,180,176,20,196,0
2021-10-27,Siskiyou,093,43540,3329,3256,1280,4536,46
2021-10-27,Solano,095,438530,45816,45089,1254,46343,346
2021-10-27,Sonoma,097,501317,41254,40829,526,41355,393
2021-10-27,Stanislaus,099,539301,77824,77687,8805,86492,1191
2021-10-27,Sutter,101,95872,13811,13754,341,14095,177
2021-10-27,Tehama,103,63373,8424,8265,1476,9741,113
2021-10-27,Trinity,105,12862,850,706,215,921,11
2021-10-27,Tulare,107,460477,68019,66568,14834,81402,991
2021-10-27,Tuolumne,109,53932,7135,7009,93,7102,90
2021-10-27,Ventura,111,848112,97870,97108,4301,101409,1172
2021-10-27,Yolo,113,214977,19761,19517,1109,20626,250
2021-10-27,Yuba,115,75493,10059,9945,313,10258,82
2021-10-26,Alameda,001,1643700,119150,118360,2785,121145,1407
2021-10-26,Alpine,003,1148,101,105,0,105,0
2021-10-26,Amador,005,37829,5526,5465,59,5524,64
2021-10-26,Butte,007,227075,20754,20387,3699,24086,274
2021-10-26,Calaveras,009,45235,4025,3966,52,4018,81
2021-10-26,Colusa,011,21464,2507,2478,630,3108,18
2021-10-26,Contra Costa,013,1133247,99031,98352,2165,100517,1017
2021-10-26,Del Norte,015,27424,3662,3563,53,3616,42
2021-10-26,El Dorado,017,186661,15940,15690,1663,17353,153
2021-10-26,Fresno,019,978130,138590,136211,12656,148867,2122
2021-10-26,Glenn,021,27897,3473,3431,1006,4437,33
2021-10-26,Humboldt,023,135768,8928,8830,541,9371,105
2021-10-26,Imperial,025,180216,33399,33012,3192,36204,766
2021-10-26,Inyo,027,18085,2293,2200,41,2241,41
2021-10-26,Kern,029,883053,126308,124351,21643,145994,1645
2021-10-26,Kings,031,150075,31984,31382,1917,33299,336
2021-10-26,Lake,033,64148,6678,6584,143,6727,105
2021-10-26,Lassen,035,31185,6804,6689,356,7045,42
2021-10-26,Los Angeles,037,10098052,1432825,1421795,54456,1476251,26599
2021-10-26,Madera,039,155013,22804,22363,2054,24417,283
2021-10-26,Marin,041,260295,17490,17354,449,17803,244
2021-10-26,Mariposa,043,17540,1263,1225,45,1270,5
2021-10-26,Mendocino,045,87422,7452,7308,496,7804,83
2021-10-26,Merced,047,269075,41546,41267,1873,43140,583
2021-10-26,Modoc,049,8938,526,513,187,700,5
2021-10-26,Mono,051,14174,1705,1680,22,1702,3
2021-10-26,Monterey,053,433212,48587,47572,2855,50427,588
2021-10-26,Napa,055,140530,12914,12849,109,12958,101
2021-10-26,Nevada,057,99092,9095,8971,317,9288,90
2021-10-26,Orange,059,3164182,306054,303533,14967,318500,5580
2021-10-26,Placer,061,380077,36810,36245,3607,39852,434
2021-10-26,Plumas,063,18699,1741,1645,34,1679,7
2021-10-26,Riverside,065,2383286,361406,356775,16403,373178,5068
2021-10-26,Sacramento,067,1510023,157784,156643,4513,161156,2228
2021-10-26,San Benito,069,59416,7369,7325,169,7494,71
2021-10-26,San Bernardino,071,2135413,352358,349346,11085,360431,5764
2021-10-26,San Diego,073,3302833,371666,369043,21771,390814,4198
2021-10-26,San Francisco,075,870044,52667,52063,2312,54375,655
2021-10-26,San Joaquin,077,732212,99127,98036,5389,103425,1748
2021-10-26,San Luis Obispo,079,281455,29409,28928,1226,30154,337
2021-10-26,San Mateo,081,765935,53973,52974,858,53832,571
2021-10-26,Santa Barbara,083,443738,44209,43835,1543,45378,525
2021-10-26,Santa Clara,085,1922200,146319,144932,1315,146247,1903
2021-10-26,Santa Cruz,087,273765,20271,20067,1005,21072,221
2021-10-26,Shasta,089,179085,21119,20725,3544,24269,330
2021-10-26,Sierra,091,2930,180,169,20,189,0
2021-10-26,Siskiyou,093,43540,3323,3254,1278,4532,46
2021-10-26,Solano,095,438530,45760,45044,1253,46297,344
2021-10-26,Sonoma,097,501317,41172,40794,524,41318,393
2021-10-26,Stanislaus,099,539301,77650,77552,8780,86332,1157
2021-10-26,Sutter,101,95872,13782,13739,340,14079,176
2021-10-26,Tehama,103,63373,8396,8247,1470,9717,112
2021-10-26,Trinity,105,12862,846,705,215,920,11
2021-10-26,Tulare,107,460477,67859,66476,14773,81249,991
2021-10-26,Tuolumne,109,53932,7109,6995,91,7086,90
2021-10-26,Ventura,111,848112,97761,97014,4297,101311,1170
2021-10-26,Yolo,113,214977,19733,19490,1106,20596,248
2021-10-26,Yuba,115,75493,10041,9927,308,10235,82
2021-10-25,Alameda,001,1643700,119004,118319,2783,121102,1404
2021-10-25,Alpine,003,1148,101,105,0,105,0
2021-10-25,Amador,005,37829,5512,5455,59,5514,64
2021-10-25,Butte,007,227075,20680,20331,3691,24022,273
2021-10-25,Calaveras,009,45235,3995,3942,51,3993,82
2021-10-25,Colusa,011,21464,2505,2471,628,3099,18
2021-10-25,Contra Costa,013,1133247,98914,98267,2160,100427,1017
2021-10-25,Del Norte,015,27424,3655,3562,53,3615,42
2021-10-25,El Dorado,017,186661,15905,15663,1661,17324,149
2021-10-25,Fresno,019,978130,138155,135974,12617,148591,2112
2021-10-25,Glenn,021,27897,3470,3421,1005,4426,33
2021-10-25,Humboldt,023,135768,8905,8825,536,9361,105
2021-10-25,Imperial,025,180216,33338,32968,3181,36149,766
2021-10-25,Inyo,027,18085,2275,2183,41,2224,41
2021-10-25,Kern,029,883053,125956,124078,21504,145582,1649
2021-10-25,Kings,031,150075,31895,31329,1908,33237,335
2021-10-25,Lake,033,64148,6665,6571,143,6714,105
2021-10-25,Lassen,035,31185,6793,6688,354,7042,42
2021-10-25,Los Angeles,037,10098052,1431453,1421061,54389,1475450,26579
2021-10-25,Madera,039,155013,22750,22325,2047,24372,281
2021-10-25,Marin,041,260295,17468,17334,447,17781,244
2021-10-25,Mariposa,043,17540,1249,1220,45,1265,5
2021-10-25,Mendocino,045,87422,7422,7296,492,7788,82
2021-10-25,Merced,047,269075,41478,41207,1846,43053,583
2021-10-25,Modoc,049,8938,524,512,185,697,5
2021-10-25,Mono,051,14174,1697,1677,22,1699,3
2021-10-25,Monterey,053,433212,48554,47547,2853,50400,587
2021-10-25,Napa,055,140530,12901,12841,109,12950,100
2021-10-25,Nevada,057,99092,9069,8958,317,9275,90
2021-10-25,Orange,059,3164182,305756,303279,14929,318208,5574
2021-10-25,Placer,061,380077,36703,36153,3597,39750,431
2021-10-25,Plumas,063,18699,1729,1641,34,1675,7
2021-10-25,Riverside,065,2383286,360979,356381,16388,372769,5056
2021-10-25,Sacramento,067,1510023,157479,156516,4487,161003,2235
2021-10-25,San Benito,069,59416,7355,7314,168,7482,71
2021-10-25,San Bernardino,071,2135413,351862,349075,11073,360148,5748
2021-10-25,San Diego,073,3302833,371079,368386,21743,390129,4196
2021-10-25,San Francisco,075,870044,52594,52041,2305,54346,649
2021-10-25,San Joaquin,077,732212,98925,97980,5380,103360,1740
2021-10-25,San Luis Obispo,079,281455,29361,28907,1221,30128,336
2021-10-25,San Mateo,081,765935,53913,52927,854,53781,571
2021-10-25,Santa Barbara,083,443738,44150,43775,1543,45318,525
2021-10-25,Santa Clara,085,1922200,146129,144895,1310,146205,1901
2021-10-25,Santa Cruz,087,273765,20242,20053,1004,21057,221
2021-10-25,Shasta,089,179085,21047,20666,3537,24203,326
2021-10-25,Sierra,091,2930,180,168,20,188,0
2021-10-25,Siskiyou,093,43540,3319,3248,1273,4521,46
2021-10-25,Solano,095,438530,45699,45022,1251,46273,344
2021-10-25,Sonoma,097,501317,41099,40746,522,41268,393
2021-10-25,Stanislaus,099,539301,77457,77452,8751,86203,1145
2021-10-25,Sutter,101,95872,13769,13721,337,14058,176
2021-10-25,Tehama,103,63373,8369,8224,1466,9690,111
2021-10-25,Trinity,105,12862,841,699,214,913,11
2021-10-25,Tulare,107,460477,67664,66357,14711,81068,986
2021-10-25,Tuolumne,109,53932,7075,6952,89,7041,90
2021-10-25,Ventura,111,848112,97670,96932,4294,101226,1167
2021-10-25,Yolo,113,214977,19684,19457,1102,20559,248
2021-10-25,Yuba,115,75493,10025,9924,304,10228,82
2021-10-24,Alameda,001,1643700,118872,117816,2778,120594,1397
2021-10-24,Alpine,003,1148,101,105,0,105,0
2021-10-24,Amador,005,37829,5507,5412,59,5471,64
2021-10-24,Butte,007,227075,20609,20101,3679,23780,273
2021-10-24,Calaveras,009,45235,3976,3865,50,3915,81
2021-10-24,Colusa,011,21464,2501,2458,625,3083,18
2021-10-24,Contra Costa,013,1133247,98796,97855,2151,100006,1008
2021-10-24,Del Norte,015,27424,3651,3540,53,3593,42
2021-10-24,El Dorado,017,186661,15869,15540,1657,17197,149
2021-10-24,Fresno,019,978130,137719,134466,12568,147034,2094
2021-10-24,Glenn,021,27897,3463,3399,1003,4402,33
2021-10-24,Humboldt,023,135768,8892,8753,530,9283,105
2021-10-24,Imperial,025,180216,33260,32777,3174,35951,766
2021-10-24,Inyo,027,18085,2243,2108,41,2149,41
2021-10-24,Kern,029,883053,125622,122939,21386,144325,1636
2021-10-24,Kings,031,150075,31766,30942,1892,32834,325
2021-10-24,Lake,033,64148,6642,6501,142,6643,105
2021-10-24,Lassen,035,31185,6776,6632,353,6985,27
2021-10-24,Los Angeles,037,10098052,1430006,1415919,54321,1470240,26527
2021-10-24,Madera,039,155013,22673,22062,2034,24096,281
2021-10-24,Marin,041,260295,17452,17264,446,17710,244
2021-10-24,Mariposa,043,17540,1246,1184,45,1229,5
2021-10-24,Mendocino,045,87422,7398,7220,481,7701,82
2021-10-24,Merced,047,269075,41357,40808,1840,42648,581
2021-10-24,Modoc,049,8938,523,507,185,692,5
2021-10-24,Mono,051,14174,1692,1655,22,1677,3
2021-10-24,Monterey,053,433212,48506,47456,2842,50298,586
2021-10-24,Napa,055,140530,12890,12789,109,12898,100
2021-10-24,Nevada,057,99092,9046,8861,314,9175,90
2021-10-24,Orange,059,3164182,305406,302237,14891,317128,5546
2021-10-24,Placer,061,380077,36599,35822,3583,39405,426
2021-10-24,Plumas,063,18699,1719,1623,33,1656,7
2021-10-24,Riverside,065,2383286,360505,354688,16368,371056,5041
2021-10-24,Sacramento,067,1510023,157136,155125,4464,159589,2232
2021-10-24,San Benito,069,59416,7335,7280,168,7448,71
2021-10-24,San Bernardino,071,2135413,351313,347681,11062,358743,5688
2021-10-24,San Diego,073,3302833,370476,366085,21712,387797,4183
2021-10-24,San Francisco,075,870044,52531,51820,2299,54119,649
2021-10-24,San Joaquin,077,732212,98752,97440,5374,102814,1721
2021-10-24,San Luis Obispo,079,281455,29300,28755,1214,29969,333
2021-10-24,San Mateo,081,765935,53841,52719,854,53573,571
2021-10-24,Santa Barbara,083,443738,44083,43552,1541,45093,523
2021-10-24,Santa Clara,085,1922200,145938,144276,1300,145576,1897
2021-10-24,Santa Cruz,087,273765,20204,19967,1003,20970,221
2021-10-24,Shasta,089,179085,20947,20386,3531,23917,321
2021-10-24,Sierra,091,2930,180,168,20,188,0
2021-10-24,Siskiyou,093,43540,3312,3231,1269,4500,46
2021-10-24,Solano,095,438530,45649,44861,1246,46107,341
2021-10-24,Sonoma,097,501317,41016,40476,522,40998,393
2021-10-24,Stanislaus,099,539301,77264,76812,8739,85551,1145
2021-10-24,Sutter,101,95872,13742,13616,329,13945,175
2021-10-24,Tehama,103,63373,8321,8105,1454,9559,110
2021-10-24,Trinity,105,12862,837,696,211,907,11
2021-10-24,Tulare,107,460477,67492,65585,14637,80222,978
2021-10-24,Tuolumne,109,53932,7035,6840,87,6927,90
2021-10-24,Ventura,111,848112,97563,96664,4293,100957,1167
2021-10-24,Yolo,113,214977,19637,19280,1099,20379,248
2021-10-24,Yuba,115,75493,10000,9838,303,10141,82
2021-10-23,Alameda,001,1643700,118783,117816,2773,120589,1397
2021-10-23,Alpine,003,1148,101,105,0,105,0
2021-10-23,Amador,005,37829,5500,5412,59,5471,64
2021-10-23,Butte,007,227075,20574,20101,3670,23771,273
2021-10-23,Calaveras,009,45235,3969,3865,49,3914,81
2021-10-23,Colusa,011,21464,2499,2458,624,3082,18
2021-10-23,Contra Costa,013,1133247,98744,97855,2147,100002,1008
2021-10-23,Del Norte,015,27424,3649,3540,53,3593,42
2021-10-23,El Dorado,017,186661,15843,15540,1655,17195,149
2021-10-23,Fresno,019,978130,137541,134466,12554,147020,2094
2021-10-23,Glenn,021,27897,3461,3399,1002,4401,33
2021-10-23,Humboldt,023,135768,8878,8753,525,9278,105
2021-10-23,Imperial,025,180216,33213,32777,3170,35947,766
2021-10-23,Inyo,027,18085,2232,2108,41,2149,41
2021-10-23,Kern,029,883053,125462,122939,21298,144237,1636
2021-10-23,Kings,031,150075,31720,30942,1890,32832,325
2021-10-23,Lake,033,64148,6637,6501,142,6643,105
2021-10-23,Lassen,035,31185,6773,6632,351,6983,27
2021-10-23,Los Angeles,037,10098052,1429330,1415919,54266,1470185,26527
2021-10-23,Madera,039,155013,22624,22062,2026,24088,281
2021-10-23,Marin,041,260295,17435,17264,445,17709,244
2021-10-23,Mariposa,043,17540,1243,1184,44,1228,5
2021-10-23,Mendocino,045,87422,7391,7220,480,7700,82
2021-10-23,Merced,047,269075,41316,40808,1835,42643,581
2021-10-23,Modoc,049,8938,521,507,185,692,5
2021-10-23,Mono,051,14174,1686,1655,22,1677,3
2021-10-23,Monterey,053,433212,48489,47456,2838,50294,586
2021-10-23,Napa,055,140530,12885,12789,109,12898,100
2021-10-23,Nevada,057,99092,9035,8861,312,9173,90
2021-10-23,Orange,059,3164182,305219,302237,14875,317112,5546
2021-10-23,Placer,061,380077,36537,35822,3577,39399,426
2021-10-23,Plumas,063,18699,1718,1623,33,1656,7
2021-10-23,Riverside,065,2383286,360184,354688,16361,371049,5041
2021-10-23,Sacramento,067,1510023,157007,155125,4455,159580,2232
2021-10-23,San Benito,069,59416,7325,7280,168,7448,71
2021-10-23,San Bernardino,071,2135413,351045,347681,11055,358736,5688
2021-10-23,San Diego,073,3302833,370118,366085,21681,387766,4183
2021-10-23,San Francisco,075,870044,52496,51820,2298,54118,649
2021-10-23,San Joaquin,077,732212,98684,97440,5365,102805,1721
2021-10-23,San Luis Obispo,079,281455,29263,28755,1212,29967,333
2021-10-23,San Mateo,081,765935,53803,52719,853,53572,571
2021-10-23,Santa Barbara,083,443738,44052,43552,1539,45091,523
2021-10-23,Santa Clara,085,1922200,145830,144276,1296,145572,1897
2021-10-23,Santa Cruz,087,273765,20192,19967,1003,20970,221
2021-10-23,Shasta,089,179085,20911,20386,3519,23905,321
2021-10-23,Sierra,091,2930,179,168,20,188,0
2021-10-23,Siskiyou,093,43540,3310,3231,1269,4500,46
2021-10-23,Solano,095,438530,45624,44861,1243,46104,341
2021-10-23,Sonoma,097,501317,40976,40476,522,40998,393
2021-10-23,Stanislaus,099,539301,77175,76812,8719,85531,1145
2021-10-23,Sutter,101,95872,13736,13616,328,13944,175
2021-10-23,Tehama,103,63373,8309,8105,1453,9558,110
2021-10-23,Trinity,105,12862,836,696,211,907,11
2021-10-23,Tulare,107,460477,67404,65585,14577,80162,978
2021-10-23,Tuolumne,109,53932,7014,6840,87,6927,90
2021-10-23,Ventura,111,848112,97502,96664,4293,100957,1167
2021-10-23,Yolo,113,214977,19620,19280,1096,20376,248
2021-10-23,Yuba,115,75493,9992,9838,303,10141,82
2021-10-22,Alameda,001,1643700,118699,117816,2770,120586,1397
2021-10-22,Alpine,003,1148,101,105,0,105,0
2021-10-22,Amador,005,37829,5489,5412,59,5471,64
2021-10-22,Butte,007,227075,20542,20101,3666,23767,273
2021-10-22,Calaveras,009,45235,3961,3865,49,3914,81
2021-10-22,Colusa,011,21464,2496,2458,624,3082,18
2021-10-22,Contra Costa,013,1133247,98653,97855,2145,100000,1008
2021-10-22,Del Norte,015,27424,3645,3540,53,3593,42
2021-10-22,El Dorado,017,186661,15830,15540,1653,17193,149
2021-10-22,Fresno,019,978130,137326,134466,12532,146998,2094
2021-10-22,Glenn,021,27897,3451,3399,1002,4401,33
2021-10-22,Humboldt,023,135768,8864,8753,524,9277,105
2021-10-22,Imperial,025,180216,33170,32777,3170,35947,766
2021-10-22,Inyo,027,18085,2219,2108,41,2149,41
2021-10-22,Kern,029,883053,125275,122939,21225,144164,1636
2021-10-22,Kings,031,150075,31685,30942,1889,32831,325
2021-10-22,Lake,033,64148,6627,6501,142,6643,105
2021-10-22,Lassen,035,31185,6766,6632,348,6980,27
2021-10-22,Los Angeles,037,10098052,1428576,1415919,54206,1470125,26527
2021-10-22,Madera,039,155013,22575,22062,2013,24075,281
2021-10-22,Marin,041,260295,17423,17264,445,17709,244
2021-10-22,Mariposa,043,17540,1240,1184,44,1228,5
2021-10-22,Mendocino,045,87422,7377,7220,479,7699,82
2021-10-22,Merced,047,269075,41279,40808,1828,42636,581
2021-10-22,Modoc,049,8938,521,507,185,692,5
2021-10-22,Mono,051,14174,1684,1655,22,1677,3
2021-10-22,Monterey,053,433212,48456,47456,2836,50292,586
2021-10-22,Napa,055,140530,12879,12789,109,12898,100
2021-10-22,Nevada,057,99092,9018,8861,311,9172,90
2021-10-22,Orange,059,3164182,305003,302237,14844,317081,5546
2021-10-22,Placer,061,380077,36509,35822,3568,39390,426
2021-10-22,Plumas,063,18699,1712,1623,33,1656,7
2021-10-22,Riverside,065,2383286,359873,354688,16356,371044,5041
2021-10-22,Sacramento,067,1510023,156821,155125,4445,159570,2232
2021-10-22,San Benito,069,59416,7320,7280,168,7448,71
2021-10-22,San Bernardino,071,2135413,350715,347681,11041,358722,5688
2021-10-22,San Diego,073,3302833,369705,366085,21663,387748,4183
2021-10-22,San Francisco,075,870044,52461,51820,2291,54111,649
2021-10-22,San Joaquin,077,732212,98625,97440,5362,102802,1721
2021-10-22,San Luis Obispo,079,281455,29233,28755,1212,29967,333
2021-10-22,San Mateo,081,765935,53753,52719,846,53565,571
2021-10-22,Santa Barbara,083,443738,44011,43552,1539,45091,523
2021-10-22,Santa Clara,085,1922200,145674,144276,1289,145565,1897
2021-10-22,Santa Cruz,087,273765,20170,19967,1003,20970,221
2021-10-22,Shasta,089,179085,20879,20386,3516,23902,321
2021-10-22,Sierra,091,2930,178,168,19,187,0
2021-10-22,Siskiyou,093,43540,3308,3231,1266,4497,46
2021-10-22,Solano,095,438530,45589,44861,1239,46100,341
2021-10-22,Sonoma,097,501317,40919,40476,522,40998,393
2021-10-22,Stanislaus,099,539301,77072,76812,8701,85513,1145
2021-10-22,Sutter,101,95872,13721,13616,328,13944,175
2021-10-22,Tehama,103,63373,8287,8105,1448,9553,110
2021-10-22,Trinity,105,12862,835,696,211,907,11
2021-10-22,Tulare,107,460477,67318,65585,14523,80108,978
2021-10-22,Tuolumne,109,53932,6979,6840,87,6927,90
2021-10-22,Ventura,111,848112,97449,96664,4287,100951,1167
2021-10-22,Yolo,113,214977,19593,19280,1094,20374,248
2021-10-22,Yuba,115,75493,9978,9838,301,10139,82
2021-10-21,Alameda,001,1643700,118583,117816,2765,120581,1397
2021-10-21,Alpine,003,1148,101,105,0,105,0
2021-10-21,Amador,005,37829,5481,5412,59,5471,64
2021-10-21,Butte,007,227075,20458,20101,3653,23754,273
2021-10-21,Calaveras,009,45235,3942,3865,49,3914,81
2021-10-21,Colusa,011,21464,2492,2458,620,3078,18
2021-10-21,Contra Costa,013,1133247,98538,97855,2139,99994,1008
2021-10-21,Del Norte,015,27424,3639,3540,52,3592,42
2021-10-21,El Dorado,017,186661,15802,15540,1646,17186,149
2021-10-21,Fresno,019,978130,136976,134466,12489,146955,2094
2021-10-21,Glenn,021,27897,3447,3399,999,4398,33
2021-10-21,Humboldt,023,135768,8850,8753,520,9273,105
2021-10-21,Imperial,025,180216,33115,32777,3166,35943,766
2021-10-21,Inyo,027,18085,2197,2108,41,2149,41
2021-10-21,Kern,029,883053,125027,122939,21114,144053,1636
2021-10-21,Kings,031,150075,31587,30942,1883,32825,325
2021-10-21,Lake,033,64148,6613,6501,141,6642,105
2021-10-21,Lassen,035,31185,6753,6632,344,6976,27
2021-10-21,Los Angeles,037,10098052,1427459,1415919,54155,1470074,26527
2021-10-21,Madera,039,155013,22517,22062,2003,24065,281
2021-10-21,Marin,041,260295,17405,17264,445,17709,244
2021-10-21,Mariposa,043,17540,1234,1184,43,1227,5
2021-10-21,Mendocino,045,87422,7359,7220,471,7691,82
2021-10-21,Merced,047,269075,41181,40808,1817,42625,581
2021-10-21,Modoc,049,8938,521,507,185,692,5
2021-10-21,Mono,051,14174,1675,1655,22,1677,3
2021-10-21,Monterey,053,433212,48422,47456,2824,50280,586
2021-10-21,Napa,055,140530,12867,12789,109,12898,100
2021-10-21,Nevada,057,99092,8993,8861,311,9172,90
2021-10-21,Orange,059,3164182,304730,302237,14808,317045,5546
2021-10-21,Placer,061,380077,36420,35822,3555,39377,426
2021-10-21,Plumas,063,18699,1698,1623,33,1656,7
2021-10-21,Riverside,065,2383286,359428,354688,16345,371033,5041
2021-10-21,Sacramento,067,1510023,156502,155125,4420,159545,2232
2021-10-21,San Benito,069,59416,7313,7280,166,7446,71
2021-10-21,San Bernardino,071,2135413,350337,347681,11006,358687,5688
2021-10-21,San Diego,073,3302833,369180,366085,21633,387718,4183
2021-10-21,San Francisco,075,870044,52406,51820,2290,54110,649
2021-10-21,San Joaquin,077,732212,98486,97440,5355,102795,1721
2021-10-21,San Luis Obispo,079,281455,29191,28755,1210,29965,333
2021-10-21,San Mateo,081,765935,53706,52719,845,53564,571
2021-10-21,Santa Barbara,083,443738,43945,43552,1537,45089,523
2021-10-21,Santa Clara,085,1922200,145502,144276,1285,145561,1897
2021-10-21,Santa Cruz,087,273765,20146,19967,1001,20968,221
2021-10-21,Shasta,089,179085,20817,20386,3501,23887,321
2021-10-21,Sierra,091,2930,177,168,18,186,0
2021-10-21,Siskiyou,093,43540,3303,3231,1264,4495,46
2021-10-21,Solano,095,438530,45537,44861,1237,46098,341
2021-10-21,Sonoma,097,501317,40850,40476,520,40996,393
2021-10-21,Stanislaus,099,539301,76903,76812,8690,85502,1145
2021-10-21,Sutter,101,95872,13693,13616,324,13940,175
2021-10-21,Tehama,103,63373,8260,8105,1441,9546,110
2021-10-21,Trinity,105,12862,833,696,211,907,11
2021-10-21,Tulare,107,460477,67128,65585,14452,80037,978
2021-10-21,Tuolumne,109,53932,6941,6840,86,6926,90
2021-10-21,Ventura,111,848112,97358,96664,4285,100949,1167
2021-10-21,Yolo,113,214977,19546,19280,1092,20372,248
2021-10-21,Yuba,115,75493,9954,9838,300,10138,82
2021-10-20,Alameda,001,1643700,118461,117654,2764,120418,1390
2021-10-20,Alpine,003,1148,101,103,0,103,0
2021-10-20,Amador,005,37829,5473,5379,59,5438,64
2021-10-20,Butte,007,227075,20404,20021,3638,23659,270
2021-10-20,Calaveras,009,45235,3922,3844,48,3892,81
2021-10-20,Colusa,011,21464,2488,2454,618,3072,18
2021-10-20,Contra Costa,013,1133247,98422,97721,2135,99856,1008
2021-10-20,Del Norte,015,27424,3635,3536,52,3588,42
2021-10-20,El Dorado,017,186661,15772,15502,1643,17145,149
2021-10-20,Fresno,019,978130,136574,134025,12452,146477,2084
2021-10-20,Glenn,021,27897,3439,3382,998,4380,33
2021-10-20,Humboldt,023,135768,8828,8727,518,9245,105
2021-10-20,Imperial,025,180216,33041,32705,3158,35863,766
2021-10-20,Inyo,027,18085,2177,2077,40,2117,40
2021-10-20,Kern,029,883053,124733,122630,20993,143623,1623
2021-10-20,Kings,031,150075,31510,30805,1873,32678,322
2021-10-20,Lake,033,64148,6591,6475,140,6615,104
2021-10-20,Lassen,035,31185,6738,6622,344,6966,27
2021-10-20,Los Angeles,037,10098052,1426341,1414931,54082,1469013,26506
2021-10-20,Madera,039,155013,22447,21983,1994,23977,281
2021-10-20,Marin,041,260295,17384,17250,443,17693,244
2021-10-20,Mariposa,043,17540,1227,1174,43,1217,5
2021-10-20,Mendocino,045,87422,7331,7189,468,7657,82
2021-10-20,Merced,047,269075,41100,40685,1800,42485,581
2021-10-20,Modoc,049,8938,521,504,185,689,5
2021-10-20,Mono,051,14174,1675,1653,22,1675,3
2021-10-20,Monterey,053,433212,48390,47430,2815,50245,587
2021-10-20,Napa,055,140530,12853,12773,108,12881,100
2021-10-20,Nevada,057,99092,8965,8836,311,9147,90
2021-10-20,Orange,059,3164182,304445,301957,14786,316743,5534
2021-10-20,Placer,061,380077,36330,35729,3546,39275,425
2021-10-20,Plumas,063,18699,1691,1604,33,1637,7
2021-10-20,Riverside,065,2383286,358984,354311,16328,370639,5030
2021-10-20,Sacramento,067,1510023,156201,154822,4396,159218,2222
2021-10-20,San Benito,069,59416,7310,7275,164,7439,71
2021-10-20,San Bernardino,071,2135413,349933,347217,10974,358191,5663
2021-10-20,San Diego,073,3302833,368664,365698,21614,387312,4178
2021-10-20,San Francisco,075,870044,52357,51755,2289,54044,646
2021-10-20,San Joaquin,077,732212,98341,97246,5347,102593,1721
2021-10-20,San Luis Obispo,079,281455,29146,28727,1206,29933,332
2021-10-20,San Mateo,081,765935,53635,52663,837,53500,571
2021-10-20,Santa Barbara,083,443738,43882,43489,1536,45025,523
2021-10-20,Santa Clara,085,1922200,145366,144124,1280,145404,1896
2021-10-20,Santa Cruz,087,273765,20133,19951,1001,20952,219
2021-10-20,Shasta,089,179085,20756,20313,3474,23787,320
2021-10-20,Sierra,091,2930,177,168,18,186,0
2021-10-20,Siskiyou,093,43540,3303,3224,1258,4482,46
2021-10-20,Solano,095,438530,45505,44819,1235,46054,341
2021-10-20,Sonoma,097,501317,40803,40404,520,40924,393
2021-10-20,Stanislaus,099,539301,76753,76631,8671,85302,1145
2021-10-20,Sutter,101,95872,13669,13592,318,13910,175
2021-10-20,Tehama,103,63373,8229,8081,1430,9511,110
2021-10-20,Trinity,105,12862,833,693,210,903,11
2021-10-20,Tulare,107,460477,66954,65413,14406,79819,967
2021-10-20,Tuolumne,109,53932,6918,6803,86,6889,89
2021-10-20,Ventura,111,848112,97276,96610,4281,100891,1166
2021-10-20,Yolo,113,214977,19502,19236,1089,20325,248
2021-10-20,Yuba,115,75493,9937,9808,297,10105,82
2021-10-19,Alameda,001,1643700,118339,117542,2758,120300,1383
2021-10-19,Alpine,003,1148,101,103,0,103,0
2021-10-19,Amador,005,37829,5457,5367,59,5426,64
2021-10-19,Butte,007,227075,20351,19974,3630,23604,268
2021-10-19,Calaveras,009,45235,3905,3826,47,3873,80
2021-10-19,Colusa,011,21464,2485,2447,616,3063,18
2021-10-19,Contra Costa,013,1133247,98331,97613,2130,99743,1004
2021-10-19,Del Norte,015,27424,3628,3531,52,3583,42
2021-10-19,El Dorado,017,186661,15747,15478,1638,17116,149
2021-10-19,Fresno,019,978130,136209,133813,12403,146216,2073
2021-10-19,Glenn,021,27897,3436,3380,996,4376,33
2021-10-19,Humboldt,023,135768,8804,8714,512,9226,105
2021-10-19,Imperial,025,180216,32975,32632,3154,35786,764
2021-10-19,Inyo,027,18085,2146,2045,40,2085,40
2021-10-19,Kern,029,883053,124416,122391,20869,143260,1613
2021-10-19,Kings,031,150075,31415,30757,1866,32623,322
2021-10-19,Lake,033,64148,6587,6465,140,6605,104
2021-10-19,Lassen,035,31185,6732,6612,340,6952,27
2021-10-19,Los Angeles,037,10098052,1425098,1413882,54005,1467887,26473
2021-10-19,Madera,039,155013,22384,21950,1986,23936,281
2021-10-19,Marin,041,260295,17370,17241,440,17681,244
2021-10-19,Mariposa,043,17540,1221,1171,41,1212,5
2021-10-19,Mendocino,045,87422,7316,7172,465,7637,82
2021-10-19,Merced,047,269075,40985,40628,1779,42407,580
2021-10-19,Modoc,049,8938,519,502,185,687,5
2021-10-19,Mono,051,14174,1671,1651,22,1673,3
2021-10-19,Monterey,053,433212,48353,47412,2804,50216,583
2021-10-19,Napa,055,140530,12846,12769,108,12877,100
2021-10-19,Nevada,057,99092,8944,8829,310,9139,90
2021-10-19,Orange,059,3164182,304188,301700,14753,316453,5527
2021-10-19,Placer,061,380077,36209,35663,3531,39194,422
2021-10-19,Plumas,063,18699,1673,1586,33,1619,8
2021-10-19,Riverside,065,2383286,358562,353891,16320,370211,5020
2021-10-19,Sacramento,067,1510023,155895,154570,4370,158940,2227
2021-10-19,San Benito,069,59416,7294,7264,164,7428,71
2021-10-19,San Bernardino,071,2135413,349533,346814,10944,357758,5627
2021-10-19,San Diego,073,3302833,368070,365285,21583,386868,4170
2021-10-19,San Francisco,075,870044,52294,51704,2287,53991,645
2021-10-19,San Joaquin,077,732212,98174,97105,5336,102441,1721
2021-10-19,San Luis Obispo,079,281455,29098,28670,1203,29873,332
2021-10-19,San Mateo,081,765935,53577,52617,835,53452,571
2021-10-19,Santa Barbara,083,443738,43815,43413,1534,44947,522
2021-10-19,Santa Clara,085,1922200,145193,143989,1272,145261,1898
2021-10-19,Santa Cruz,087,273765,20109,19895,999,20894,218
2021-10-19,Shasta,089,179085,20679,20209,3466,23675,319
2021-10-19,Sierra,091,2930,174,168,18,186,0
2021-10-19,Siskiyou,093,43540,3299,3216,1253,4469,46
2021-10-19,Solano,095,438530,45463,44782,1229,46011,341
2021-10-19,Sonoma,097,501317,40729,40379,519,40898,392
2021-10-19,Stanislaus,099,539301,76611,76526,8659,85185,1145
2021-10-19,Sutter,101,95872,13645,13569,317,13886,174
2021-10-19,Tehama,103,63373,8199,8057,1414,9471,108
2021-10-19,Trinity,105,12862,826,691,210,901,11
2021-10-19,Tulare,107,460477,66767,65253,14337,79590,958
2021-10-19,Tuolumne,109,53932,6889,6782,85,6867,89
2021-10-19,Ventura,111,848112,97200,96539,4276,100815,1166
2021-10-19,Yolo,113,214977,19457,19206,1084,20290,248
2021-10-19,Yuba,115,75493,9919,9796,296,10092,82
2021-10-18,Alameda,001,1643700,118202,117506,2749,120255,1381
2021-10-18,Alpine,003,1148,101,103,0,103,0
2021-10-18,Amador,005,37829,5446,5345,59,5404,64
2021-10-18,Butte,007,227075,20300,19921,3622,23543,265
2021-10-18,Calaveras,009,45235,3880,3819,46,3865,80
2021-10-18,Colusa,011,21464,2484,2444,614,3058,18
2021-10-18,Contra Costa,013,1133247,98219,97585,2126,99711,995
2021-10-18,Del Norte,015,27424,3621,3529,52,3581,41
2021-10-18,El Dorado,017,186661,15716,15452,1636,17088,149
2021-10-18,Fresno,019,978130,135806,133688,12360,146048,2063
2021-10-18,Glenn,021,27897,3432,3370,992,4362,32
2021-10-18,Humboldt,023,135768,8785,8699,504,9203,104
2021-10-18,Imperial,025,180216,32884,32558,3154,35712,764
2021-10-18,Inyo,027,18085,2128,2020,40,2060,40
2021-10-18,Kern,029,883053,124117,122231,20774,143005,1605
2021-10-18,Kings,031,150075,31300,30698,1853,32551,320
2021-10-18,Lake,033,64148,6568,6455,136,6591,104
2021-10-18,Lassen,035,31185,6712,6607,337,6944,26
2021-10-18,Los Angeles,037,10098052,1423855,1413291,53928,1467219,26446
2021-10-18,Madera,039,155013,22330,21909,1973,23882,277
2021-10-18,Marin,041,260295,17350,17232,437,17669,244
2021-10-18,Mariposa,043,17540,1213,1160,41,1201,5
2021-10-18,Mendocino,045,87422,7297,7156,457,7613,82
2021-10-18,Merced,047,269075,40862,40573,1768,42341,579
2021-10-18,Modoc,049,8938,519,498,185,683,5
2021-10-18,Mono,051,14174,1665,1648,21,1669,3
2021-10-18,Monterey,053,433212,48331,47389,2799,50188,583
2021-10-18,Napa,055,140530,12831,12762,108,12870,100
2021-10-18,Nevada,057,99092,8925,8816,310,9126,90
2021-10-18,Orange,059,3164182,303849,301573,14719,316292,5524
2021-10-18,Placer,061,380077,36132,35598,3527,39125,420
2021-10-18,Plumas,063,18699,1665,1579,33,1612,6
2021-10-18,Riverside,065,2383286,358147,353699,16306,370005,5008
2021-10-18,Sacramento,067,1510023,155590,154428,4337,158765,2203
2021-10-18,San Benito,069,59416,7282,7253,164,7417,71
2021-10-18,San Bernardino,071,2135413,349111,346742,10930,357672,5606
2021-10-18,San Diego,073,3302833,367504,364948,21545,386493,4169
2021-10-18,San Francisco,075,870044,52231,51671,2281,53952,644
2021-10-18,San Joaquin,077,732212,98009,97041,5326,102367,1721
2021-10-18,San Luis Obispo,079,281455,29059,28644,1200,29844,331
2021-10-18,San Mateo,081,765935,53512,52594,834,53428,571
2021-10-18,Santa Barbara,083,443738,43756,43386,1532,44918,522
2021-10-18,Santa Clara,085,1922200,145038,143891,1263,145154,1895
2021-10-18,Santa Cruz,087,273765,20095,19876,997,20873,218
2021-10-18,Shasta,089,179085,20599,20146,3455,23601,313
2021-10-18,Sierra,091,2930,174,166,18,184,0
2021-10-18,Siskiyou,093,43540,3296,3210,1245,4455,42
2021-10-18,Solano,095,438530,45419,44758,1226,45984,339
2021-10-18,Sonoma,097,501317,40665,40349,516,40865,392
2021-10-18,Stanislaus,099,539301,76447,76466,8646,85112,1145
2021-10-18,Sutter,101,95872,13611,13557,315,13872,172
2021-10-18,Tehama,103,63373,8164,8042,1402,9444,107
2021-10-18,Trinity,105,12862,825,688,210,898,11
2021-10-18,Tulare,107,460477,66591,65171,14271,79442,958
2021-10-18,Tuolumne,109,53932,6860,6755,85,6840,89
2021-10-18,Ventura,111,848112,97105,96506,4273,100779,1165
2021-10-18,Yolo,113,214977,19419,19197,1081,20278,248
2021-10-18,Yuba,115,75493,9892,9782,294,10076,82
2021-10-17,Alameda,001,1643700,118050,117423,2744,120167,1376
2021-10-17,Alpine,003,1148,101,103,0,103,0
2021-10-17,Amador,005,37829,5423,5341,58,5399,64
2021-10-17,Butte,007,227075,20215,19897,3613,23510,265
2021-10-17,Calaveras,009,45235,3864,3805,46,3851,80
2021-10-17,Colusa,011,21464,2479,2442,607,3049,18
2021-10-17,Contra Costa,013,1133247,98096,97485,2115,99600,995
2021-10-17,Del Norte,015,27424,3616,3526,52,3578,41
2021-10-17,El Dorado,017,186661,15658,15438,1629,17067,149
2021-10-17,Fresno,019,978130,135338,133429,12319,145748,2063
2021-10-17,Glenn,021,27897,3422,3364,987,4351,32
2021-10-17,Humboldt,023,135768,8765,8690,501,9191,104
2021-10-17,Imperial,025,180216,32801,32520,3147,35667,764
2021-10-17,Inyo,027,18085,2100,2000,40,2040,40
2021-10-17,Kern,029,883053,123767,122085,20674,142759,1603
2021-10-17,Kings,031,150075,31187,30636,1844,32480,315
2021-10-17,Lake,033,64148,6552,6437,136,6573,104
2021-10-17,Lassen,035,31185,6700,6605,333,6938,26
2021-10-17,Los Angeles,037,10098052,1422518,1412371,53852,1466223,26443
2021-10-17,Madera,039,155013,22268,21869,1962,23831,277
2021-10-17,Marin,041,260295,17328,17211,437,17648,243
2021-10-17,Mariposa,043,17540,1206,1150,41,1191,5
2021-10-17,Mendocino,045,87422,7268,7148,451,7599,82
2021-10-17,Merced,047,269075,40736,40531,1752,42283,579
2021-10-17,Modoc,049,8938,516,498,183,681,5
2021-10-17,Mono,051,14174,1663,1640,20,1660,3
2021-10-17,Monterey,053,433212,48290,47369,2789,50158,583
2021-10-17,Napa,055,140530,12816,12753,105,12858,100
2021-10-17,Nevada,057,99092,8908,8794,309,9103,90
2021-10-17,Orange,059,3164182,303534,301414,14686,316100,5524
2021-10-17,Placer,061,380077,36033,35559,3512,39071,420
2021-10-17,Plumas,063,18699,1641,1571,32,1603,6
2021-10-17,Riverside,065,2383286,357663,353500,16292,369792,5008
2021-10-17,Sacramento,067,1510023,155188,154080,4319,158399,2213
2021-10-17,San Benito,069,59416,7273,7250,163,7413,71
2021-10-17,San Bernardino,071,2135413,348682,346524,10910,357434,5597
2021-10-17,San Diego,073,3302833,366896,364675,21517,386192,4163
2021-10-17,San Francisco,075,870044,52159,51625,2271,53896,644
2021-10-17,San Joaquin,077,732212,97836,96950,5317,102267,1721
2021-10-17,San Luis Obispo,079,281455,29007,28604,1192,29796,331
2021-10-17,San Mateo,081,765935,53460,52541,830,53371,571
2021-10-17,Santa Barbara,083,443738,43693,43344,1531,44875,522
2021-10-17,Santa Clara,085,1922200,144862,143768,1254,145022,1895
2021-10-17,Santa Cruz,087,273765,20067,19861,995,20856,218
2021-10-17,Shasta,089,179085,20509,20116,3445,23561,312
2021-10-17,Sierra,091,2930,172,165,18,183,0
2021-10-17,Siskiyou,093,43540,3288,3204,1242,4446,42
2021-10-17,Solano,095,438530,45362,44722,1225,45947,340
2021-10-17,Sonoma,097,501317,40589,40306,515,40821,392
2021-10-17,Stanislaus,099,539301,76249,76354,8631,84985,1145
2021-10-17,Sutter,101,95872,13594,13543,313,13856,172
2021-10-17,Tehama,103,63373,8132,8015,1385,9400,107
2021-10-17,Trinity,105,12862,822,686,209,895,11
2021-10-17,Tulare,107,460477,66406,65057,14197,79254,958
2021-10-17,Tuolumne,109,53932,6826,6735,84,6819,89
2021-10-17,Ventura,111,848112,97005,96458,4270,100728,1165
2021-10-17,Yolo,113,214977,19377,19171,1072,20243,248
2021-10-17,Yuba,115,75493,9866,9771,292,10063,82
2021-10-16,Alameda,001,1643700,117959,117027,2743,119770,1365
2021-10-16,Alpine,003,1148,100,102,0,102,0
2021-10-16,Amador,005,37829,5416,5310,58,5368,64
2021-10-16,Butte,007,227075,20184,19612,3606,23218,260
2021-10-16,Calaveras,009,45235,3857,3771,46,3817,80
2021-10-16,Colusa,011,21464,2475,2431,604,3035,18
2021-10-16,Contra Costa,013,1133247,98005,97107,2108,99215,982
2021-10-16,Del Norte,015,27424,3613,3516,52,3568,41
2021-10-16,El Dorado,017,186661,15637,15315,1627,16942,149
2021-10-16,Fresno,019,978130,135185,132433,12302,144735,2051
2021-10-16,Glenn,021,27897,3416,3331,987,4318,26
2021-10-16,Humboldt,023,135768,8753,8621,496,9117,104
2021-10-16,Imperial,025,180216,32786,32368,3145,35513,764
2021-10-16,Inyo,027,18085,2086,1932,40,1972,39
2021-10-16,Kern,029,883053,123612,121354,20591,141945,1590
2021-10-16,Kings,031,150075,31141,30418,1841,32259,314
2021-10-16,Lake,033,64148,6541,6378,136,6514,104
2021-10-16,Lassen,035,31185,6691,6559,328,6887,26
2021-10-16,Los Angeles,037,10098052,1421868,1409418,53797,1463215,26398
2021-10-16,Madera,039,155013,22224,21707,1958,23665,277
2021-10-16,Marin,041,260295,17318,17148,437,17585,243
2021-10-16,Mariposa,043,17540,1203,1096,41,1137,5
2021-10-16,Mendocino,045,87422,7257,7099,451,7550,82
2021-10-16,Merced,047,269075,40704,40265,1750,42015,577
2021-10-16,Modoc,049,8938,513,492,183,675,5
2021-10-16,Mono,051,14174,1659,1628,20,1648,3
2021-10-16,Monterey,053,433212,48273,47293,2781,50074,582
2021-10-16,Napa,055,140530,12805,12706,105,12811,100
2021-10-16,Nevada,057,99092,8888,8739,309,9048,90
2021-10-16,Orange,059,3164182,303358,300722,14661,315383,5509
2021-10-16,Placer,061,380077,35949,35343,3506,38849,412
2021-10-16,Plumas,063,18699,1636,1542,31,1573,6
2021-10-16,Riverside,065,2383286,357394,352435,16280,368715,4990
2021-10-16,Sacramento,067,1510023,154989,153264,4315,157579,2192
2021-10-16,San Benito,069,59416,7260,7210,162,7372,71
2021-10-16,San Bernardino,071,2135413,348475,345418,10902,356320,5566
2021-10-16,San Diego,073,3302833,366573,363109,21501,384610,4151
2021-10-16,San Francisco,075,870044,52112,51436,2267,53703,645
2021-10-16,San Joaquin,077,732212,97764,96507,5314,101821,1708
2021-10-16,San Luis Obispo,079,281455,28981,28460,1191,29651,329
2021-10-16,San Mateo,081,765935,53411,52399,829,53228,569
2021-10-16,Santa Barbara,083,443738,43657,43175,1530,44705,521
2021-10-16,Santa Clara,085,1922200,144762,143282,1246,144528,1890
2021-10-16,Santa Cruz,087,273765,20052,19794,994,20788,218
2021-10-16,Shasta,089,179085,20459,19932,3434,23366,309
2021-10-16,Sierra,091,2930,170,160,18,178,0
2021-10-16,Siskiyou,093,43540,3286,3173,1235,4408,42
2021-10-16,Solano,095,438530,45336,44585,1221,45806,334
2021-10-16,Sonoma,097,501317,40549,40195,515,40710,390
2021-10-16,Stanislaus,099,539301,76163,75868,8621,84489,1142
2021-10-16,Sutter,101,95872,13575,13471,312,13783,169
2021-10-16,Tehama,103,63373,8119,7907,1380,9287,104
2021-10-16,Trinity,105,12862,822,679,209,888,11
2021-10-16,Tulare,107,460477,66268,64489,14164,78653,951
2021-10-16,Tuolumne,109,53932,6794,6666,84,6750,89
2021-10-16,Ventura,111,848112,96973,96181,4265,100446,1164
2021-10-16,Yolo,113,214977,19350,19078,1066,20144,247
2021-10-16,Yuba,115,75493,9842,9705,289,9994,82
2021-10-15,Alameda,001,1643700,117886,117027,2739,119766,1365
2021-10-15,Alpine,003,1148,100,102,0,102,0
2021-10-15,Amador,005,37829,5392,5310,58,5368,64
2021-10-15,Butte,007,227075,20147,19612,3599,23211,260
2021-10-15,Calaveras,009,45235,3851,3771,46,3817,80
2021-10-15,Colusa,011,21464,2473,2431,601,3032,18
2021-10-15,Contra Costa,013,1133247,97923,97107,2104,99211,982
2021-10-15,Del Norte,015,27424,3611,3516,52,3568,41
2021-10-15,El Dorado,017,186661,15617,15315,1622,16937,149
2021-10-15,Fresno,019,978130,134931,132433,12293,144726,2051
2021-10-15,Glenn,021,27897,3410,3331,986,4317,26
2021-10-15,Humboldt,023,135768,8744,8621,494,9115,104
2021-10-15,Imperial,025,180216,32739,32368,3141,35509,764
2021-10-15,Inyo,027,18085,2068,1932,40,1972,39
2021-10-15,Kern,029,883053,123476,121354,20516,141870,1590
2021-10-15,Kings,031,150075,31086,30418,1837,32255,314
2021-10-15,Lake,033,64148,6532,6378,136,6514,104
2021-10-15,Lassen,035,31185,6679,6559,327,6886,26
2021-10-15,Los Angeles,037,10098052,1421177,1409418,53748,1463166,26398
2021-10-15,Madera,039,155013,22180,21707,1950,23657,277
2021-10-15,Marin,041,260295,17307,17148,437,17585,243
2021-10-15,Mariposa,043,17540,1195,1096,41,1137,5
2021-10-15,Mendocino,045,87422,7242,7099,451,7550,82
2021-10-15,Merced,047,269075,40674,40265,1747,42012,577
2021-10-15,Modoc,049,8938,512,492,183,675,5
2021-10-15,Mono,051,14174,1656,1628,20,1648,3
2021-10-15,Monterey,053,433212,48251,47293,2779,50072,582
2021-10-15,Napa,055,140530,12801,12706,105,12811,100
2021-10-15,Nevada,057,99092,8873,8739,309,9048,90
2021-10-15,Orange,059,3164182,303190,300722,14642,315364,5509
2021-10-15,Placer,061,380077,35895,35343,3500,38843,412
2021-10-15,Plumas,063,18699,1628,1542,31,1573,6
2021-10-15,Riverside,065,2383286,357152,352435,16275,368710,4990
2021-10-15,Sacramento,067,1510023,154804,153264,4305,157569,2192
2021-10-15,San Benito,069,59416,7257,7210,162,7372,71
2021-10-15,San Bernardino,071,2135413,348239,345418,10900,356318,5566
2021-10-15,San Diego,073,3302833,366209,363109,21476,384585,4151
2021-10-15,San Francisco,075,870044,52072,51436,2260,53696,645
2021-10-15,San Joaquin,077,732212,97686,96507,5307,101814,1708
2021-10-15,San Luis Obispo,079,281455,28960,28460,1189,29649,329
2021-10-15,San Mateo,081,765935,53367,52399,828,53227,569
2021-10-15,Santa Barbara,083,443738,43619,43175,1530,44705,521
2021-10-15,Santa Clara,085,1922200,144640,143282,1238,144520,1890
2021-10-15,Santa Cruz,087,273765,20041,19794,994,20788,218
2021-10-15,Shasta,089,179085,20402,19932,3426,23358,309
2021-10-15,Sierra,091,2930,170,160,18,178,0
2021-10-15,Siskiyou,093,43540,3285,3173,1232,4405,42
2021-10-15,Solano,095,438530,45310,44585,1221,45806,334
2021-10-15,Sonoma,097,501317,40515,40195,514,40709,390
2021-10-15,Stanislaus,099,539301,76083,75868,8605,84473,1142
2021-10-15,Sutter,101,95872,13558,13471,310,13781,169
2021-10-15,Tehama,103,63373,8098,7907,1374,9281,104
2021-10-15,Trinity,105,12862,822,679,209,888,11
2021-10-15,Tulare,107,460477,66189,64489,14127,78616,951
2021-10-15,Tuolumne,109,53932,6771,6666,82,6748,89
2021-10-15,Ventura,111,848112,96931,96181,4262,100443,1164
2021-10-15,Yolo,113,214977,19335,19078,1062,20140,247
2021-10-15,Yuba,115,75493,9832,9705,288,9993,82
2021-10-14,Alameda,001,1643700,117775,117027,2734,119761,1365
2021-10-14,Alpine,003,1148,100,102,0,102,0
2021-10-14,Amador,005,37829,5381,5310,58,5368,64
2021-10-14,Butte,007,227075,20095,19612,3594,23206,260
2021-10-14,Calaveras,009,45235,3838,3771,45,3816,80
2021-10-14,Colusa,011,21464,2471,2431,599,3030,18
2021-10-14,Contra Costa,013,1133247,97788,97107,2096,99203,982
2021-10-14,Del Norte,015,27424,3605,3516,52,3568,41
2021-10-14,El Dorado,017,186661,15578,15315,1619,16934,149
2021-10-14,Fresno,019,978130,134636,132433,12261,144694,2051
2021-10-14,Glenn,021,27897,3405,3331,985,4316,26
2021-10-14,Humboldt,023,135768,8727,8621,491,9112,104
2021-10-14,Imperial,025,180216,32676,32368,3134,35502,764
2021-10-14,Inyo,027,18085,2049,1932,40,1972,39
2021-10-14,Kern,029,883053,123206,121354,20416,141770,1590
2021-10-14,Kings,031,150075,31021,30418,1829,32247,314
2021-10-14,Lake,033,64148,6511,6378,135,6513,104
2021-10-14,Lassen,035,31185,6673,6559,326,6885,26
2021-10-14,Los Angeles,037,10098052,1420195,1409418,53696,1463114,26398
2021-10-14,Madera,039,155013,22115,21707,1944,23651,277
2021-10-14,Marin,041,260295,17302,17148,435,17583,243
2021-10-14,Mariposa,043,17540,1182,1096,40,1136,5
2021-10-14,Mendocino,045,87422,7228,7099,449,7548,82
2021-10-14,Merced,047,269075,40586,40265,1733,41998,577
2021-10-14,Modoc,049,8938,512,492,183,675,5
2021-10-14,Mono,051,14174,1649,1628,20,1648,3
2021-10-14,Monterey,053,433212,48225,47293,2774,50067,582
2021-10-14,Napa,055,140530,12786,12706,105,12811,100
2021-10-14,Nevada,057,99092,8846,8739,307,9046,90
2021-10-14,Orange,059,3164182,302981,300722,14625,315347,5509
2021-10-14,Placer,061,380077,35828,35343,3486,38829,412
2021-10-14,Plumas,063,18699,1613,1542,31,1573,6
2021-10-14,Riverside,065,2383286,356755,352435,16264,368699,4990
2021-10-14,Sacramento,067,1510023,154553,153264,4283,157547,2192
2021-10-14,San Benito,069,59416,7246,7210,162,7372,71
2021-10-14,San Bernardino,071,2135413,347882,345418,10894,356312,5566
2021-10-14,San Diego,073,3302833,365761,363109,21449,384558,4151
2021-10-14,San Francisco,075,870044,52016,51436,2256,53692,645
2021-10-14,San Joaquin,077,732212,97557,96507,5298,101805,1708
2021-10-14,San Luis Obispo,079,281455,28916,28460,1185,29645,329
2021-10-14,San Mateo,081,765935,53319,52399,827,53226,569
2021-10-14,Santa Barbara,083,443738,43563,43175,1525,44700,521
2021-10-14,Santa Clara,085,1922200,144499,143282,1232,144514,1890
2021-10-14,Santa Cruz,087,273765,20018,19794,994,20788,218
2021-10-14,Shasta,089,179085,20345,19932,3414,23346,309
2021-10-14,Sierra,091,2930,169,160,18,178,0
2021-10-14,Siskiyou,093,43540,3282,3173,1224,4397,42
2021-10-14,Solano,095,438530,45260,44585,1213,45798,334
2021-10-14,Sonoma,097,501317,40464,40195,511,40706,390
2021-10-14,Stanislaus,099,539301,75937,75868,8592,84460,1142
2021-10-14,Sutter,101,95872,13538,13471,309,13780,169
2021-10-14,Tehama,103,63373,8067,7907,1367,9274,104
2021-10-14,Trinity,105,12862,821,679,208,887,11
2021-10-14,Tulare,107,460477,66005,64489,14079,78568,951
2021-10-14,Tuolumne,109,53932,6740,6666,81,6747,89
2021-10-14,Ventura,111,848112,96863,96181,4256,100437,1164
2021-10-14,Yolo,113,214977,19302,19078,1055,20133,247
2021-10-14,Yuba,115,75493,9818,9705,279,9984,82
2021-10-13,Alameda,001,1643700,117668,116914,2729,119643,1360
2021-10-13,Alpine,003,1148,100,102,0,102,0
2021-10-13,Amador,005,37829,5367,5305,58,5363,63
2021-10-13,Butte,007,227075,20021,19546,3590,23136,257
2021-10-13,Calaveras,009,45235,3817,3756,43,3799,79
2021-10-13,Colusa,011,21464,2464,2430,595,3025,18
2021-10-13,Contra Costa,013,1133247,97672,96975,2095,99070,969
2021-10-13,Del Norte,015,27424,3600,3512,52,3564,39
2021-10-13,El Dorado,017,186661,15554,15302,1614,16916,149
2021-10-13,Fresno,019,978130,134302,132055,12228,144283,2048
2021-10-13,Glenn,021,27897,3400,3327,981,4308,26
2021-10-13,Humboldt,023,135768,8716,8604,487,9091,102
2021-10-13,Imperial,025,180216,32616,32317,3131,35448,762
2021-10-13,Inyo,027,18085,2012,1907,40,1947,39
2021-10-13,Kern,029,883053,122962,120956,20321,141277,1586
2021-10-13,Kings,031,150075,30940,30246,1822,32068,312
2021-10-13,Lake,033,64148,6491,6371,135,6506,103
2021-10-13,Lassen,035,31185,6662,6535,320,6855,25
2021-10-13,Los Angeles,037,10098052,1419139,1408384,53639,1462023,26379
2021-10-13,Madera,039,155013,22062,21609,1930,23539,277
2021-10-13,Marin,041,260295,17278,17137,434,17571,243
2021-10-13,Mariposa,043,17540,1168,1090,40,1130,5
2021-10-13,Mendocino,045,87422,7212,7088,441,7529,82
2021-10-13,Merced,047,269075,40501,40164,1722,41886,577
2021-10-13,Modoc,049,8938,510,490,181,671,5
2021-10-13,Mono,051,14174,1649,1612,20,1632,3
2021-10-13,Monterey,053,433212,48206,47273,2767,50040,582
2021-10-13,Napa,055,140530,12775,12695,103,12798,100
2021-10-13,Nevada,057,99092,8824,8725,307,9032,90
2021-10-13,Orange,059,3164182,302773,300468,14609,315077,5503
2021-10-13,Placer,061,380077,35761,35254,3477,38731,412
2021-10-13,Plumas,063,18699,1599,1514,31,1545,6
2021-10-13,Riverside,065,2383286,356425,352044,16251,368295,4978
2021-10-13,Sacramento,067,1510023,154303,153141,4261,157402,2182
2021-10-13,San Benito,069,59416,7240,7196,161,7357,71
2021-10-13,San Bernardino,071,2135413,347557,344951,10878,355829,5562
2021-10-13,San Diego,073,3302833,365325,362564,21427,383991,4141
2021-10-13,San Francisco,075,870044,51974,51379,2252,53631,644
2021-10-13,San Joaquin,077,732212,97414,96343,5293,101636,1696
2021-10-13,San Luis Obispo,079,281455,28878,28397,1182,29579,330
2021-10-13,San Mateo,081,765935,53268,52352,823,53175,569
2021-10-13,Santa Barbara,083,443738,43511,43109,1525,44634,518
2021-10-13,Santa Clara,085,1922200,144361,143064,1231,144295,1886
2021-10-13,Santa Cruz,087,273765,19992,19763,993,20756,217
2021-10-13,Shasta,089,179085,20275,19802,3393,23195,307
2021-10-13,Sierra,091,2930,169,155,18,173,0
2021-10-13,Siskiyou,093,43540,3274,3173,1223,4396,42
2021-10-13,Solano,095,438530,45221,44558,1210,45768,334
2021-10-13,Sonoma,097,501317,40408,40122,511,40633,390
2021-10-13,Stanislaus,099,539301,75796,75698,8582,84280,1136
2021-10-13,Sutter,101,95872,13508,13458,307,13765,169
2021-10-13,Tehama,103,63373,8029,7849,1361,9210,103
2021-10-13,Trinity,105,12862,818,677,208,885,11
2021-10-13,Tulare,107,460477,65825,64297,14023,78320,945
2021-10-13,Tuolumne,109,53932,6726,6644,80,6724,89
2021-10-13,Ventura,111,848112,96789,96099,4250,100349,1162
2021-10-13,Yolo,113,214977,19273,19023,1053,20076,247
2021-10-13,Yuba,115,75493,9793,9690,265,9955,80
2021-10-12,Alameda,001,1643700,117563,116813,2724,119537,1357
2021-10-12,Alpine,003,1148,100,102,0,102,0
2021-10-12,Amador,005,37829,5356,5301,58,5359,63
2021-10-12,Butte,007,227075,19951,19506,3578,23084,256
2021-10-12,Calaveras,009,45235,3802,3750,43,3793,75
2021-10-12,Colusa,011,21464,2461,2428,593,3021,18
2021-10-12,Contra Costa,013,1133247,97557,96894,2086,98980,960
2021-10-12,Del Norte,015,27424,3594,3511,52,3563,39
2021-10-12,El Dorado,017,186661,15520,15287,1612,16899,148
2021-10-12,Fresno,019,978130,133939,131848,12197,144045,2042
2021-10-12,Glenn,021,27897,3385,3321,980,4301,26
2021-10-12,Humboldt,023,135768,8689,8587,481,9068,102
2021-10-12,Imperial,025,180216,32564,32267,3129,35396,762
2021-10-12,Inyo,027,18085,1980,1889,40,1929,39
2021-10-12,Kern,029,883053,122675,120826,20210,141036,1580
2021-10-12,Kings,031,150075,30866,30200,1811,32011,312
2021-10-12,Lake,033,64148,6476,6372,133,6505,97
2021-10-12,Lassen,035,31185,6652,6526,319,6845,25
2021-10-12,Los Angeles,037,10098052,1418072,1407462,53591,1461053,26362
2021-10-12,Madera,039,155013,21991,21574,1917,23491,277
2021-10-12,Marin,041,260295,17255,17126,434,17560,242
2021-10-12,Mariposa,043,17540,1154,1088,40,1128,5
2021-10-12,Mendocino,045,87422,7183,7077,438,7515,82
2021-10-12,Merced,047,269075,40422,40113,1716,41829,567
2021-10-12,Modoc,049,8938,505,485,180,665,5
2021-10-12,Mono,051,14174,1647,1608,20,1628,3
2021-10-12,Monterey,053,433212,48175,47254,2759,50013,582
2021-10-12,Napa,055,140530,12761,12671,103,12774,97
2021-10-12,Nevada,057,99092,8812,8720,306,9026,89
2021-10-12,Orange,059,3164182,302519,300256,14583,314839,5499
2021-10-12,Placer,061,380077,35698,35214,3469,38683,404
2021-10-12,Plumas,063,18699,1585,1488,30,1518,6
2021-10-12,Riverside,065,2383286,356098,351771,16237,368008,4973
2021-10-12,Sacramento,067,1510023,153999,152935,4236,157171,2170
2021-10-12,San Benito,069,59416,7226,7193,161,7354,71
2021-10-12,San Bernardino,071,2135413,347243,344788,10869,355657,5563
2021-10-12,San Diego,073,3302833,364802,362256,21398,383654,4137
2021-10-12,San Francisco,075,870044,51911,51301,2251,53552,643
2021-10-12,San Joaquin,077,732212,97277,96237,5288,101525,1690
2021-10-12,San Luis Obispo,079,281455,28831,28379,1181,29560,327
2021-10-12,San Mateo,081,765935,53218,52328,822,53150,569
2021-10-12,Santa Barbara,083,443738,43450,43076,1525,44601,515
2021-10-12,Santa Clara,085,1922200,144207,142954,1229,144183,1882
2021-10-12,Santa Cruz,087,273765,19967,19757,993,20750,218
2021-10-12,Shasta,089,179085,20201,19731,3372,23103,304
2021-10-12,Sierra,091,2930,169,153,18,171,0
2021-10-12,Siskiyou,093,43540,3263,3166,1217,4383,42
2021-10-12,Solano,095,438530,45179,44516,1205,45721,329
2021-10-12,Sonoma,097,501317,40367,40105,510,40615,390
2021-10-12,Stanislaus,099,539301,75644,75589,8569,84158,1126
2021-10-12,Sutter,101,95872,13485,13436,303,13739,168
2021-10-12,Tehama,103,63373,7996,7820,1357,9177,103
2021-10-12,Trinity,105,12862,815,676,208,884,11
2021-10-12,Tulare,107,460477,65640,64216,13966,78182,944
2021-10-12,Tuolumne,109,53932,6709,6637,79,6716,89
2021-10-12,Ventura,111,848112,96688,96022,4245,100267,1160
2021-10-12,Yolo,113,214977,19246,18987,1045,20032,247
2021-10-12,Yuba,115,75493,9778,9676,261,9937,70
2021-10-11,Alameda,001,1643700,117421,116759,2723,119482,1358
2021-10-11,Alpine,003,1148,100,102,0,102,0
2021-10-11,Amador,005,37829,5344,5286,58,5344,62
2021-10-11,Butte,007,227075,19892,19452,3573,23025,253
2021-10-11,Calaveras,009,45235,3781,3750,43,3793,75
2021-10-11,Colusa,011,21464,2457,2427,585,3012,18
2021-10-11,Contra Costa,013,1133247,97421,96832,2081,98913,960
2021-10-11,Del Norte,015,27424,3591,3510,48,3558,39
2021-10-11,El Dorado,017,186661,15491,15273,1608,16881,146
2021-10-11,Fresno,019,978130,133609,131703,12162,143865,2036
2021-10-11,Glenn,021,27897,3368,3308,977,4285,26
2021-10-11,Humboldt,023,135768,8664,8571,474,9045,101
2021-10-11,Imperial,025,180216,32514,32207,3123,35330,762
2021-10-11,Inyo,027,18085,1957,1862,39,1901,39
2021-10-11,Kern,029,883053,122439,120684,20114,140798,1575
2021-10-11,Kings,031,150075,30777,30180,1801,31981,309
2021-10-11,Lake,033,64148,6460,6361,129,6490,97
2021-10-11,Lassen,035,31185,6632,6499,316,6815,25
2021-10-11,Los Angeles,037,10098052,1417024,1406826,53540,1460366,26346
2021-10-11,Madera,039,155013,21934,21555,1900,23455,272
2021-10-11,Marin,041,260295,17237,17121,430,17551,242
2021-10-11,Mariposa,043,17540,1124,1083,39,1122,5
2021-10-11,Mendocino,045,87422,7167,7064,434,7498,82
2021-10-11,Merced,047,269075,40306,40064,1691,41755,566
2021-10-11,Modoc,049,8938,502,482,177,659,5
2021-10-11,Mono,051,14174,1637,1604,20,1624,3
2021-10-11,Monterey,053,433212,48146,47241,2752,49993,580
2021-10-11,Napa,055,140530,12738,12654,101,12755,96
2021-10-11,Nevada,057,99092,8792,8716,305,9021,90
2021-10-11,Orange,059,3164182,302291,299941,14553,314494,5499
2021-10-11,Placer,061,380077,35629,35173,3452,38625,404
2021-10-11,Plumas,063,18699,1567,1469,28,1497,6
2021-10-11,Riverside,065,2383286,355754,351444,16232,367676,4973
2021-10-11,Sacramento,067,1510023,153709,152681,4205,156886,2169
2021-10-11,San Benito,069,59416,7205,7184,159,7343,71
2021-10-11,San Bernardino,071,2135413,346855,344594,10861,355455,5549
2021-10-11,San Diego,073,3302833,364281,361712,21366,383078,4124
2021-10-11,San Francisco,075,870044,51840,51275,2247,53522,643
2021-10-11,San Joaquin,077,732212,97123,96152,5277,101429,1681
2021-10-11,San Luis Obispo,079,281455,28784,28355,1176,29531,327
2021-10-11,San Mateo,081,765935,53170,52298,821,53119,569
2021-10-11,Santa Barbara,083,443738,43403,43018,1524,44542,515
2021-10-11,Santa Clara,085,1922200,144045,142836,1225,144061,1882
2021-10-11,Santa Cruz,087,273765,19943,19745,992,20737,217
2021-10-11,Shasta,089,179085,20122,19662,3356,23018,295
2021-10-11,Sierra,091,2930,166,147,17,164,0
2021-10-11,Siskiyou,093,43540,3256,3159,1213,4372,42
2021-10-11,Solano,095,438530,45130,44474,1202,45676,329
2021-10-11,Sonoma,097,501317,40322,40067,510,40577,390
2021-10-11,Stanislaus,099,539301,75472,75478,8548,84026,1118
2021-10-11,Sutter,101,95872,13466,13427,301,13728,165
2021-10-11,Tehama,103,63373,7955,7795,1348,9143,102
2021-10-11,Trinity,105,12862,809,675,207,882,11
2021-10-11,Tulare,107,460477,65460,64094,13899,77993,942
2021-10-11,Tuolumne,109,53932,6671,6602,79,6681,89
2021-10-11,Ventura,111,848112,96591,95876,4238,100114,1160
2021-10-11,Yolo,113,214977,19200,18977,1042,20019,247
2021-10-11,Yuba,115,75493,9761,9657,249,9906,69
2021-10-10,Alameda,001,1643700,117301,116679,2719,119398,1358
2021-10-10,Alpine,003,1148,100,102,0,102,0
2021-10-10,Amador,005,37829,5330,5278,58,5336,62
2021-10-10,Butte,007,227075,19828,19430,3559,22989,253
2021-10-10,Calaveras,009,45235,3769,3747,43,3790,75
2021-10-10,Colusa,011,21464,2456,2425,584,3009,18
2021-10-10,Contra Costa,013,1133247,97322,96760,2075,98835,960
2021-10-10,Del Norte,015,27424,3587,3507,48,3555,39
2021-10-10,El Dorado,017,186661,15461,15250,1602,16852,146
2021-10-10,Fresno,019,978130,133279,131434,12130,143564,2035
2021-10-10,Glenn,021,27897,3364,3297,975,4272,26
2021-10-10,Humboldt,023,135768,8642,8554,470,9024,101
2021-10-10,Imperial,025,180216,32440,32167,3122,35289,762
2021-10-10,Inyo,027,18085,1936,1857,39,1896,39
2021-10-10,Kern,029,883053,122113,120552,20010,140562,1573
2021-10-10,Kings,031,150075,30688,30122,1791,31913,308
2021-10-10,Lake,033,64148,6444,6349,128,6477,97
2021-10-10,Lassen,035,31185,6612,6495,315,6810,26
2021-10-10,Los Angeles,037,10098052,1415836,1406034,53465,1459499,26338
2021-10-10,Madera,039,155013,21888,21486,1891,23377,272
2021-10-10,Marin,041,260295,17220,17112,430,17542,242
2021-10-10,Mariposa,043,17540,1121,1074,39,1113,5
2021-10-10,Mendocino,045,87422,7152,7060,426,7486,81
2021-10-10,Merced,047,269075,40221,40036,1673,41709,566
2021-10-10,Modoc,049,8938,502,482,177,659,5
2021-10-10,Mono,051,14174,1636,1596,20,1616,3
2021-10-10,Monterey,053,433212,48116,47228,2751,49979,580
2021-10-10,Napa,055,140530,12715,12641,101,12742,96
2021-10-10,Nevada,057,99092,8780,8689,305,8994,90
2021-10-10,Orange,059,3164182,302029,299787,14525,314312,5499
2021-10-10,Placer,061,380077,35536,35128,3440,38568,404
2021-10-10,Plumas,063,18699,1551,1468,26,1494,6
2021-10-10,Riverside,065,2383286,355381,351248,16213,367461,4973
2021-10-10,Sacramento,067,1510023,153444,152405,4188,156593,2178
2021-10-10,San Benito,069,59416,7200,7180,158,7338,71
2021-10-10,San Bernardino,071,2135413,346549,344423,10853,355276,5551
2021-10-10,San Diego,073,3302833,363755,361038,21319,382357,4113
2021-10-10,San Francisco,075,870044,51793,51216,2244,53460,643
2021-10-10,San Joaquin,077,732212,96952,96084,5260,101344,1681
2021-10-10,San Luis Obispo,079,281455,28740,28343,1176,29519,326
2021-10-10,San Mateo,081,765935,53128,52273,820,53093,569
2021-10-10,Santa Barbara,083,443738,43356,42987,1523,44510,515
2021-10-10,Santa Clara,085,1922200,143880,142768,1218,143986,1881
2021-10-10,Santa Cruz,087,273765,19923,19727,992,20719,217
2021-10-10,Shasta,089,179085,20034,19635,3347,22982,296
2021-10-10,Sierra,091,2930,164,147,17,164,0
2021-10-10,Siskiyou,093,43540,3242,3155,1206,4361,42
2021-10-10,Solano,095,438530,45074,44431,1202,45633,329
2021-10-10,Sonoma,097,501317,40270,40027,510,40537,390
2021-10-10,Stanislaus,099,539301,75295,75403,8534,83937,1118
2021-10-10,Sutter,101,95872,13442,13412,296,13708,165
2021-10-10,Tehama,103,63373,7917,7764,1339,9103,102
2021-10-10,Trinity,105,12862,808,669,206,875,11
2021-10-10,Tulare,107,460477,65288,63930,13848,77778,940
2021-10-10,Tuolumne,109,53932,6647,6580,78,6658,89
2021-10-10,Ventura,111,848112,96502,95829,4238,100067,1160
2021-10-10,Yolo,113,214977,19168,18952,1037,19989,247
2021-10-10,Yuba,115,75493,9745,9641,244,9885,69
2021-10-09,Alameda,001,1643700,117202,116253,2717,118970,1356
2021-10-09,Alpine,003,1148,99,102,0,102,0
2021-10-09,Amador,005,37829,5328,5237,57,5294,62
2021-10-09,Butte,007,227075,19797,19277,3556,22833,250
2021-10-09,Calaveras,009,45235,3765,3716,43,3759,75
2021-10-09,Colusa,011,21464,2452,2419,583,3002,18
2021-10-09,Contra Costa,013,1133247,97251,96378,2069,98447,958
2021-10-09,Del Norte,015,27424,3586,3495,48,3543,39
2021-10-09,El Dorado,017,186661,15443,15153,1599,16752,144
2021-10-09,Fresno,019,978130,133147,130508,12111,142619,2018
2021-10-09,Glenn,021,27897,3360,3277,973,4250,26
2021-10-09,Humboldt,023,135768,8628,8448,468,8916,97
2021-10-09,Imperial,025,180216,32406,31989,3120,35109,760
2021-10-09,Inyo,027,18085,1927,1808,39,1847,39
2021-10-09,Kern,029,883053,121974,119795,19983,139778,1559
2021-10-09,Kings,031,150075,30639,29894,1789,31683,308
2021-10-09,Lake,033,64148,6425,6283,127,6410,97
2021-10-09,Lassen,035,31185,6607,6442,314,6756,25
2021-10-09,Los Angeles,037,10098052,1415247,1402810,53426,1456236,26280
2021-10-09,Madera,039,155013,21855,21313,1877,23190,271
2021-10-09,Marin,041,260295,17215,17049,428,17477,242
2021-10-09,Mariposa,043,17540,1114,1042,38,1080,5
2021-10-09,Mendocino,045,87422,7145,7011,425,7436,82
2021-10-09,Merced,047,269075,40179,39784,1673,41457,565
2021-10-09,Modoc,049,8938,500,477,176,653,5
2021-10-09,Mono,051,14174,1633,1577,20,1597,3
2021-10-09,Monterey,053,433212,48104,47168,2748,49916,577
2021-10-09,Napa,055,140530,12711,12586,101,12687,96
2021-10-09,Nevada,057,99092,8769,8613,304,8917,90
2021-10-09,Orange,059,3164182,301848,299089,14506,313595,5457
2021-10-09,Placer,061,380077,35498,34877,3433,38310,393
2021-10-09,Plumas,063,18699,1540,1418,26,1444,6
2021-10-09,Riverside,065,2383286,355130,350082,16196,366278,4965
2021-10-09,Sacramento,067,1510023,153234,151566,4175,155741,2160
2021-10-09,San Benito,069,59416,7192,7123,158,7281,71
2021-10-09,San Bernardino,071,2135413,346365,343452,10849,354301,5556
2021-10-09,San Diego,073,3302833,363440,359909,21314,381223,4111
2021-10-09,San Francisco,075,870044,51745,50960,2237,53197,643
2021-10-09,San Joaquin,077,732212,96886,95606,5255,100861,1669
2021-10-09,San Luis Obispo,079,281455,28723,28197,1174,29371,324
2021-10-09,San Mateo,081,765935,53097,52121,819,52940,569
2021-10-09,Santa Barbara,083,443738,43329,42735,1523,44258,514
2021-10-09,Santa Clara,085,1922200,143757,142298,1212,143510,1873
2021-10-09,Santa Cruz,087,273765,19913,19635,991,20626,217
2021-10-09,Shasta,089,179085,19984,19437,3342,22779,290
2021-10-09,Sierra,091,2930,161,141,17,158,0
2021-10-09,Siskiyou,093,43540,3241,3124,1205,4329,42
2021-10-09,Solano,095,438530,45057,44265,1201,45466,329
2021-10-09,Sonoma,097,501317,40226,39848,509,40357,387
2021-10-09,Stanislaus,099,539301,75205,74899,8524,83423,1114
2021-10-09,Sutter,101,95872,13433,13314,294,13608,165
2021-10-09,Tehama,103,63373,7906,7670,1334,9004,99
2021-10-09,Trinity,105,12862,807,660,206,866,11
2021-10-09,Tulare,107,460477,65180,63398,13826,77224,932
2021-10-09,Tuolumne,109,53932,6628,6521,78,6599,89
2021-10-09,Ventura,111,848112,96448,95542,4235,99777,1158
2021-10-09,Yolo,113,214977,19146,18850,1034,19884,247
2021-10-09,Yuba,115,75493,9733,9551,242,9793,69
2021-10-08,Alameda,001,1643700,117121,116253,2714,118967,1356
2021-10-08,Alpine,003,1148,99,102,0,102,0
2021-10-08,Amador,005,37829,5315,5237,57,5294,62
2021-10-08,Butte,007,227075,19768,19277,3552,22829,250
2021-10-08,Calaveras,009,45235,3760,3716,43,3759,75
2021-10-08,Colusa,011,21464,2450,2419,583,3002,18
2021-10-08,Contra Costa,013,1133247,97207,96378,2064,98442,958
2021-10-08,Del Norte,015,27424,3585,3495,48,3543,39
2021-10-08,El Dorado,017,186661,15423,15153,1595,16748,144
2021-10-08,Fresno,019,978130,132950,130508,12088,142596,2018
2021-10-08,Glenn,021,27897,3352,3277,971,4248,26
2021-10-08,Humboldt,023,135768,8617,8448,465,8913,97
2021-10-08,Imperial,025,180216,32376,31989,3116,35105,760
2021-10-08,Inyo,027,18085,1909,1808,39,1847,39
2021-10-08,Kern,029,883053,121837,119795,19941,139736,1559
2021-10-08,Kings,031,150075,30545,29894,1788,31682,308
2021-10-08,Lake,033,64148,6417,6283,127,6410,97
2021-10-08,Lassen,035,31185,6593,6442,311,6753,25
2021-10-08,Los Angeles,037,10098052,1414586,1402810,53389,1456199,26280
2021-10-08,Madera,039,155013,21796,21313,1870,23183,271
2021-10-08,Marin,041,260295,17204,17049,427,17476,242
2021-10-08,Mariposa,043,17540,1107,1042,36,1078,5
2021-10-08,Mendocino,045,87422,7132,7011,425,7436,82
2021-10-08,Merced,047,269075,40147,39784,1670,41454,565
2021-10-08,Modoc,049,8938,498,477,176,653,5
2021-10-08,Mono,051,14174,1630,1577,20,1597,3
2021-10-08,Monterey,053,433212,48077,47168,2746,49914,577
2021-10-08,Napa,055,140530,12695,12586,101,12687,96
2021-10-08,Nevada,057,99092,8756,8613,304,8917,90
2021-10-08,Orange,059,3164182,301701,299089,14486,313575,5457
2021-10-08,Placer,061,380077,35460,34877,3425,38302,393
2021-10-08,Plumas,063,18699,1528,1418,26,1444,6
2021-10-08,Riverside,065,2383286,354861,350082,16185,366267,4965
2021-10-08,Sacramento,067,1510023,153069,151566,4161,155727,2160
2021-10-08,San Benito,069,59416,7188,7123,156,7279,71
2021-10-08,San Bernardino,071,2135413,346157,343452,10841,354293,5556
2021-10-08,San Diego,073,3302833,363105,359909,21296,381205,4111
2021-10-08,San Francisco,075,870044,51698,50960,2228,53188,643
2021-10-08,San Joaquin,077,732212,96818,95606,5249,100855,1669
2021-10-08,San Luis Obispo,079,281455,28696,28197,1173,29370,324
2021-10-08,San Mateo,081,765935,53069,52121,819,52940,569
2021-10-08,Santa Barbara,083,443738,43294,42735,1522,44257,514
2021-10-08,Santa Clara,085,1922200,143644,142298,1207,143505,1873
2021-10-08,Santa Cruz,087,273765,19898,19635,991,20626,217
2021-10-08,Shasta,089,179085,19942,19437,3336,22773,290
2021-10-08,Sierra,091,2930,159,141,15,156,0
2021-10-08,Siskiyou,093,43540,3233,3124,1204,4328,42
2021-10-08,Solano,095,438530,45018,44265,1200,45465,329
2021-10-08,Sonoma,097,501317,40190,39848,509,40357,387
2021-10-08,Stanislaus,099,539301,75136,74899,8515,83414,1114
2021-10-08,Sutter,101,95872,13419,13314,292,13606,165
2021-10-08,Tehama,103,63373,7889,7670,1332,9002,99
2021-10-08,Trinity,105,12862,806,660,206,866,11
2021-10-08,Tulare,107,460477,65062,63398,13794,77192,932
2021-10-08,Tuolumne,109,53932,6605,6521,78,6599,89
2021-10-08,Ventura,111,848112,96397,95542,4229,99771,1158
2021-10-08,Yolo,113,214977,19133,18850,1030,19880,247
2021-10-08,Yuba,115,75493,9713,9551,241,9792,69
2021-10-07,Alameda,001,1643700,117000,116253,2713,118966,1356
2021-10-07,Alpine,003,1148,99,102,0,102,0
2021-10-07,Amador,005,37829,5308,5237,57,5294,62
2021-10-07,Butte,007,227075,19719,19277,3541,22818,250
2021-10-07,Calaveras,009,45235,3748,3716,43,3759,75
2021-10-07,Colusa,011,21464,2447,2419,577,2996,18
2021-10-07,Contra Costa,013,1133247,97084,96378,2060,98438,958
2021-10-07,Del Norte,015,27424,3582,3495,48,3543,39
2021-10-07,El Dorado,017,186661,15387,15153,1591,16744,144
2021-10-07,Fresno,019,978130,132675,130508,12064,142572,2018
2021-10-07,Glenn,021,27897,3345,3277,969,4246,26
2021-10-07,Humboldt,023,135768,8591,8448,462,8910,97
2021-10-07,Imperial,025,180216,32304,31989,3103,35092,760
2021-10-07,Inyo,027,18085,1890,1808,39,1847,39
2021-10-07,Kern,029,883053,121606,119795,19875,139670,1559
2021-10-07,Kings,031,150075,30480,29894,1782,31676,308
2021-10-07,Lake,033,64148,6406,6283,127,6410,97
2021-10-07,Lassen,035,31185,6575,6442,309,6751,25
2021-10-07,Los Angeles,037,10098052,1413628,1402810,53344,1456154,26280
2021-10-07,Madera,039,155013,21723,21313,1856,23169,271
2021-10-07,Marin,041,260295,17186,17049,427,17476,242
2021-10-07,Mariposa,043,17540,1099,1042,36,1078,5
2021-10-07,Mendocino,045,87422,7122,7011,421,7432,82
2021-10-07,Merced,047,269075,40080,39784,1653,41437,565
2021-10-07,Modoc,049,8938,495,477,175,652,5
2021-10-07,Mono,051,14174,1621,1577,20,1597,3
2021-10-07,Monterey,053,433212,48052,47168,2737,49905,577
2021-10-07,Napa,055,140530,12680,12586,101,12687,96
2021-10-07,Nevada,057,99092,8728,8613,304,8917,90
2021-10-07,Orange,059,3164182,301475,299089,14472,313561,5457
2021-10-07,Placer,061,380077,35398,34877,3418,38295,393
2021-10-07,Plumas,063,18699,1511,1418,26,1444,6
2021-10-07,Riverside,065,2383286,354528,350082,16173,366255,4965
2021-10-07,Sacramento,067,1510023,152787,151566,4134,155700,2160
2021-10-07,San Benito,069,59416,7172,7123,154,7277,71
2021-10-07,San Bernardino,071,2135413,345886,343452,10834,354286,5556
2021-10-07,San Diego,073,3302833,362693,359909,21275,381184,4111
2021-10-07,San Francisco,075,870044,51628,50960,2225,53185,643
2021-10-07,San Joaquin,077,732212,96664,95606,5241,100847,1669
2021-10-07,San Luis Obispo,079,281455,28645,28197,1171,29368,324
2021-10-07,San Mateo,081,765935,53029,52121,817,52938,569
2021-10-07,Santa Barbara,083,443738,43226,42735,1516,44251,514
2021-10-07,Santa Clara,085,1922200,143493,142298,1201,143499,1873
2021-10-07,Santa Cruz,087,273765,19878,19635,990,20625,217
2021-10-07,Shasta,089,179085,19853,19437,3321,22758,290
2021-10-07,Sierra,091,2930,158,141,15,156,0
2021-10-07,Siskiyou,093,43540,3229,3124,1199,4323,42
2021-10-07,Solano,095,438530,44973,44265,1196,45461,329
2021-10-07,Sonoma,097,501317,40153,39848,507,40355,387
2021-10-07,Stanislaus,099,539301,74973,74899,8490,83389,1114
2021-10-07,Sutter,101,95872,13397,13314,289,13603,165
2021-10-07,Tehama,103,63373,7856,7670,1326,8996,99
2021-10-07,Trinity,105,12862,804,660,206,866,11
2021-10-07,Tulare,107,460477,64896,63398,13756,77154,932
2021-10-07,Tuolumne,109,53932,6583,6521,78,6599,89
2021-10-07,Ventura,111,848112,96324,95542,4226,99768,1158
2021-10-07,Yolo,113,214977,19100,18850,1025,19875,247
2021-10-07,Yuba,115,75493,9687,9551,234,9785,69
2021-10-06,Alameda,001,1643700,116864,116058,2707,118765,1353
2021-10-06,Alpine,003,1148,99,102,0,102,0
2021-10-06,Amador,005,37829,5305,5205,57,5262,62
2021-10-06,Butte,007,227075,19656,19208,3534,22742,247
2021-10-06,Calaveras,009,45235,3739,3669,43,3712,75
2021-10-06,Colusa,011,21464,2445,2414,570,2984,18
2021-10-06,Contra Costa,013,1133247,96957,96184,2056,98240,953
2021-10-06,Del Norte,015,27424,3579,3490,45,3535,39
2021-10-06,El Dorado,017,186661,15362,15078,1588,16666,140
2021-10-06,Fresno,019,978130,132385,130074,12039,142113,2008
2021-10-06,Glenn,021,27897,3336,3270,967,4237,26
2021-10-06,Humboldt,023,135768,8576,8416,455,8871,94
2021-10-06,Imperial,025,180216,32251,31930,3092,35022,760
2021-10-06,Inyo,027,18085,1875,1806,39,1845,39
2021-10-06,Kern,029,883053,121349,119491,19782,139273,1552
2021-10-06,Kings,031,150075,30414,29785,1774,31559,308
2021-10-06,Lake,033,64148,6392,6271,127,6398,97
2021-10-06,Lassen,035,31185,6559,6429,308,6737,25
2021-10-06,Los Angeles,037,10098052,1412668,1401675,53296,1454971,26252
2021-10-06,Madera,039,155013,21668,21230,1846,23076,269
2021-10-06,Marin,041,260295,17177,17042,424,17466,242
2021-10-06,Mariposa,043,17540,1092,1036,36,1072,5
2021-10-06,Mendocino,045,87422,7113,6986,419,7405,81
2021-10-06,Merced,047,269075,40005,39666,1641,41307,563
2021-10-06,Modoc,049,8938,495,477,173,650,5
2021-10-06,Mono,051,14174,1609,1568,20,1588,3
2021-10-06,Monterey,053,433212,48019,47136,2732,49868,577
2021-10-06,Napa,055,140530,12656,12552,100,12652,96
2021-10-06,Nevada,057,99092,8712,8582,303,8885,90
2021-10-06,Orange,059,3164182,301237,298785,14459,313244,5448
2021-10-06,Placer,061,380077,35347,34764,3412,38176,390
2021-10-06,Plumas,063,18699,1488,1383,26,1409,6
2021-10-06,Riverside,065,2383286,354172,349645,16152,365797,4953
2021-10-06,Sacramento,067,1510023,152534,151164,4103,155267,2141
2021-10-06,San Benito,069,59416,7157,7108,154,7262,69
2021-10-06,San Bernardino,071,2135413,345594,343022,10827,353849,5551
2021-10-06,San Diego,073,3302833,362194,359564,21247,380811,4104
2021-10-06,San Francisco,075,870044,51565,50894,2222,53116,641
2021-10-06,San Joaquin,077,732212,96530,95418,5229,100647,1658
2021-10-06,San Luis Obispo,079,281455,28595,28170,1165,29335,323
2021-10-06,San Mateo,081,765935,52979,52056,812,52868,569
2021-10-06,Santa Barbara,083,443738,43143,42687,1514,44201,513
2021-10-06,Santa Clara,085,1922200,143342,142124,1196,143320,1872
2021-10-06,Santa Cruz,087,273765,19849,19604,988,20592,217
2021-10-06,Shasta,089,179085,19778,19325,3308,22633,287
2021-10-06,Sierra,091,2930,156,138,15,153,0
2021-10-06,Siskiyou,093,43540,3219,3116,1192,4308,42
2021-10-06,Solano,095,438530,44939,44185,1195,45380,328
2021-10-06,Sonoma,097,501317,40103,39787,506,40293,383
2021-10-06,Stanislaus,099,539301,74831,74699,8477,83176,1114
2021-10-06,Sutter,101,95872,13376,13284,287,13571,164
2021-10-06,Tehama,103,63373,7820,7629,1319,8948,99
2021-10-06,Trinity,105,12862,801,656,206,862,11
2021-10-06,Tulare,107,460477,64716,63198,13696,76894,926
2021-10-06,Tuolumne,109,53932,6558,6486,78,6564,89
2021-10-06,Ventura,111,848112,96233,95449,4218,99667,1158
2021-10-06,Yolo,113,214977,19068,18815,1020,19835,247
2021-10-06,Yuba,115,75493,9663,9520,233,9753,69
2021-10-05,Alameda,001,1643700,116717,115968,2702,118670,1350
2021-10-05,Alpine,003,1148,99,102,0,102,0
2021-10-05,Amador,005,37829,5284,5194,56,5250,61
2021-10-05,Butte,007,227075,19608,19137,3524,22661,246
2021-10-05,Calaveras,009,45235,3723,3657,43,3700,73
2021-10-05,Colusa,011,21464,2438,2414,569,2983,18
2021-10-05,Contra Costa,013,1133247,96841,96108,2050,98158,941
2021-10-05,Del Norte,015,27424,3577,3485,44,3529,39
2021-10-05,El Dorado,017,186661,15323,15052,1585,16637,140
2021-10-05,Fresno,019,978130,132045,129957,12002,141959,1987
2021-10-05,Glenn,021,27897,3326,3270,964,4234,26
2021-10-05,Humboldt,023,135768,8545,8398,451,8849,94
2021-10-05,Imperial,025,180216,32203,31909,3087,34996,759
2021-10-05,Inyo,027,18085,1858,1800,39,1839,39
2021-10-05,Kern,029,883053,121084,119260,19680,138940,1540
2021-10-05,Kings,031,150075,30339,29749,1768,31517,301
2021-10-05,Lake,033,64148,6371,6264,126,6390,97
2021-10-05,Lassen,035,31185,6540,6417,306,6723,25
2021-10-05,Los Angeles,037,10098052,1411524,1400300,53243,1453543,26223
2021-10-05,Madera,039,155013,21610,21183,1833,23016,269
2021-10-05,Marin,041,260295,17165,17024,424,17448,242
2021-10-05,Mariposa,043,17540,1073,1033,33,1066,5
2021-10-05,Mendocino,045,87422,7097,6972,412,7384,79
2021-10-05,Merced,047,269075,39939,39608,1633,41241,562
2021-10-05,Modoc,049,8938,491,475,172,647,5
2021-10-05,Mono,051,14174,1601,1565,20,1585,3
2021-10-05,Monterey,053,433212,48002,47087,2722,49809,573
2021-10-05,Napa,055,140530,12632,12533,100,12633,96
2021-10-05,Nevada,057,99092,8682,8576,303,8879,90
2021-10-05,Orange,059,3164182,300960,298589,14427,313016,5441
2021-10-05,Placer,061,380077,35267,34728,3405,38133,382
2021-10-05,Plumas,063,18699,1463,1357,26,1383,6
2021-10-05,Riverside,065,2383286,353812,349365,16137,365502,4942
2021-10-05,Sacramento,067,1510023,152261,151111,4075,155186,2126
2021-10-05,San Benito,069,59416,7139,7103,152,7255,69
2021-10-05,San Bernardino,071,2135413,345265,342711,10820,353531,5557
2021-10-05,San Diego,073,3302833,361610,359194,21220,380414,4092
2021-10-05,San Francisco,075,870044,51468,50826,2219,53045,641
2021-10-05,San Joaquin,077,732212,96377,95276,5202,100478,1651
2021-10-05,San Luis Obispo,079,281455,28551,28113,1163,29276,324
2021-10-05,San Mateo,081,765935,52933,52008,812,52820,569
2021-10-05,Santa Barbara,083,443738,43065,42595,1510,44105,511
2021-10-05,Santa Clara,085,1922200,143184,141971,1189,143160,1873
2021-10-05,Santa Cruz,087,273765,19807,19582,988,20570,216
2021-10-05,Shasta,089,179085,19704,19285,3295,22580,286
2021-10-05,Sierra,091,2930,152,136,15,151,0
2021-10-05,Siskiyou,093,43540,3205,3107,1192,4299,42
2021-10-05,Solano,095,438530,44868,44149,1193,45342,325
2021-10-05,Sonoma,097,501317,40048,39756,501,40257,383
2021-10-05,Stanislaus,099,539301,74669,74599,8460,83059,1114
2021-10-05,Sutter,101,95872,13348,13270,286,13556,164
2021-10-05,Tehama,103,63373,7790,7607,1310,8917,98
2021-10-05,Trinity,105,12862,798,655,206,861,11
2021-10-05,Tulare,107,460477,64509,63093,13642,76735,920
2021-10-05,Tuolumne,109,53932,6543,6473,77,6550,89
2021-10-05,Ventura,111,848112,96127,95351,4217,99568,1155
2021-10-05,Yolo,113,214977,19032,18782,1014,19796,245
2021-10-05,Yuba,115,75493,9631,9504,230,9734,69
2021-10-04,Alameda,001,1643700,116553,115845,2699,118544,1347
2021-10-04,Alpine,003,1148,99,102,0,102,0
2021-10-04,Amador,005,37829,5274,5163,55,5218,61
2021-10-04,Butte,007,227075,19531,19081,3512,22593,245
2021-10-04,Calaveras,009,45235,3714,3641,43,3684,73
2021-10-04,Colusa,011,21464,2437,2414,567,2981,18
2021-10-04,Contra Costa,013,1133247,96700,95958,2045,98003,937
2021-10-04,Del Norte,015,27424,3575,3485,40,3525,39
2021-10-04,El Dorado,017,186661,15276,15031,1578,16609,138
2021-10-04,Fresno,019,978130,131735,129665,11972,141637,1978
2021-10-04,Glenn,021,27897,3319,3270,961,4231,26
2021-10-04,Humboldt,023,135768,8513,8355,443,8798,94
2021-10-04,Imperial,025,180216,32154,31866,3080,34946,757
2021-10-04,Inyo,027,18085,1846,1792,36,1828,39
2021-10-04,Kern,029,883053,120793,118984,19559,138543,1531
2021-10-04,Kings,031,150075,30246,29702,1765,31467,303
2021-10-04,Lake,033,64148,6358,6248,126,6374,97
2021-10-04,Lassen,035,31185,6523,6405,306,6711,25
2021-10-04,Los Angeles,037,10098052,1410409,1399604,53183,1452787,26186
2021-10-04,Madera,039,155013,21546,21126,1821,22947,266
2021-10-04,Marin,041,260295,17149,17008,423,17431,242
2021-10-04,Mariposa,043,17540,1061,1024,33,1057,5
2021-10-04,Mendocino,045,87422,7079,6947,409,7356,79
2021-10-04,Merced,047,269075,39824,39565,1617,41182,558
2021-10-04,Modoc,049,8938,488,473,172,645,5
2021-10-04,Mono,051,14174,1594,1561,20,1581,3
2021-10-04,Monterey,053,433212,47981,47058,2715,49773,571
2021-10-04,Napa,055,140530,12608,12506,100,12606,96
2021-10-04,Nevada,057,99092,8662,8563,303,8866,90
2021-10-04,Orange,059,3164182,300664,298165,14395,312560,5438
2021-10-04,Placer,061,380077,35185,34630,3377,38007,379
2021-10-04,Plumas,063,18699,1441,1329,26,1355,6
2021-10-04,Riverside,065,2383286,353432,348828,16127,364955,4923
2021-10-04,Sacramento,067,1510023,151937,150887,4048,154935,2115
2021-10-04,San Benito,069,59416,7126,7099,152,7251,69
2021-10-04,San Bernardino,071,2135413,344905,342418,10808,353226,5551
2021-10-04,San Diego,073,3302833,361031,358525,21189,379714,4090
2021-10-04,San Francisco,075,870044,51373,50798,2215,53013,638
2021-10-04,San Joaquin,077,732212,96180,95198,5182,100380,1649
2021-10-04,San Luis Obispo,079,281455,28506,28090,1157,29247,323
2021-10-04,San Mateo,081,765935,52873,51958,811,52769,569
2021-10-04,Santa Barbara,083,443738,42980,42585,1509,44094,511
2021-10-04,Santa Clara,085,1922200,143040,141840,1183,143023,1869
2021-10-04,Santa Cruz,087,273765,19778,19559,987,20546,216
2021-10-04,Shasta,089,179085,19597,19170,3281,22451,279
2021-10-04,Sierra,091,2930,145,136,14,150,0
2021-10-04,Siskiyou,093,43540,3196,3103,1177,4280,42
2021-10-04,Solano,095,438530,44809,44092,1189,45281,322
2021-10-04,Sonoma,097,501317,39982,39720,501,40221,381
2021-10-04,Stanislaus,099,539301,74517,74444,8441,82885,1106
2021-10-04,Sutter,101,95872,13319,13261,285,13546,164
2021-10-04,Tehama,103,63373,7749,7585,1304,8889,95
2021-10-04,Trinity,105,12862,797,649,205,854,11
2021-10-04,Tulare,107,460477,64318,62957,13574,76531,920
2021-10-04,Tuolumne,109,53932,6517,6442,77,6519,89
2021-10-04,Ventura,111,848112,96035,95170,4211,99381,1153
2021-10-04,Yolo,113,214977,18988,18761,1009,19770,242
2021-10-04,Yuba,115,75493,9592,9481,228,9709,68
2021-10-03,Alameda,001,1643700,116413,115751,2689,118440,1349
2021-10-03,Alpine,003,1148,99,102,0,102,0
2021-10-03,Amador,005,37829,5256,5160,53,5213,61
2021-10-03,Butte,007,227075,19458,19066,3496,22562,245
2021-10-03,Calaveras,009,45235,3697,3632,43,3675,73
2021-10-03,Colusa,011,21464,2436,2413,564,2977,18
2021-10-03,Contra Costa,013,1133247,96568,95890,2038,97928,937
2021-10-03,Del Norte,015,27424,3569,3483,39,3522,39
2021-10-03,El Dorado,017,186661,15218,15014,1571,16585,139
2021-10-03,Fresno,019,978130,131354,129365,11930,141295,1978
2021-10-03,Glenn,021,27897,3312,3266,953,4219,26
2021-10-03,Humboldt,023,135768,8468,8352,439,8791,94
2021-10-03,Imperial,025,180216,32087,31844,3072,34916,757
2021-10-03,Inyo,027,18085,1825,1788,36,1824,39
2021-10-03,Kern,029,883053,120488,118851,19437,138288,1535
2021-10-03,Kings,031,150075,30145,29623,1758,31381,300
2021-10-03,Lake,033,64148,6332,6239,126,6365,97
2021-10-03,Lassen,035,31185,6501,6400,304,6704,25
2021-10-03,Los Angeles,037,10098052,1409139,1398790,53128,1451918,26179
2021-10-03,Madera,039,155013,21474,21066,1811,22877,266
2021-10-03,Marin,041,260295,17126,16995,418,17413,242
2021-10-03,Mariposa,043,17540,1054,1011,33,1044,5
2021-10-03,Mendocino,045,87422,7059,6939,400,7339,79
2021-10-03,Merced,047,269075,39717,39516,1597,41113,558
2021-10-03,Modoc,049,8938,487,472,171,643,5
2021-10-03,Mono,051,14174,1590,1554,20,1574,3
2021-10-03,Monterey,053,433212,47956,47049,2704,49753,571
2021-10-03,Napa,055,140530,12580,12489,98,12587,96
2021-10-03,Nevada,057,99092,8627,8545,303,8848,90
2021-10-03,Orange,059,3164182,300382,298027,14375,312402,5447
2021-10-03,Placer,061,380077,35046,34596,3360,37956,379
2021-10-03,Plumas,063,18699,1413,1328,26,1354,6
2021-10-03,Riverside,065,2383286,353001,348593,16107,364700,4924
2021-10-03,Sacramento,067,1510023,151647,150664,4019,154683,2120
2021-10-03,San Benito,069,59416,7117,7095,152,7247,69
2021-10-03,San Bernardino,071,2135413,344496,342302,10801,353103,5555
2021-10-03,San Diego,073,3302833,360435,358153,21157,379310,4081
2021-10-03,San Francisco,075,870044,51285,50733,2212,52945,638
2021-10-03,San Joaquin,077,732212,95991,95133,5174,100307,1649
2021-10-03,San Luis Obispo,079,281455,28439,28065,1152,29217,325
2021-10-03,San Mateo,081,765935,52806,51923,810,52733,569
2021-10-03,Santa Barbara,083,443738,42884,42550,1501,44051,511
2021-10-03,Santa Clara,085,1922200,142870,141737,1175,142912,1869
2021-10-03,Santa Cruz,087,273765,19738,19548,985,20533,216
2021-10-03,Shasta,089,179085,19492,19132,3252,22384,279
2021-10-03,Sierra,091,2930,142,136,14,150,0
2021-10-03,Siskiyou,093,43540,3183,3096,1166,4262,42
2021-10-03,Solano,095,438530,44745,44051,1186,45237,322
2021-10-03,Sonoma,097,501317,39916,39679,501,40180,381
2021-10-03,Stanislaus,099,539301,74330,74366,8423,82789,1106
2021-10-03,Sutter,101,95872,13304,13248,281,13529,164
2021-10-03,Tehama,103,63373,7706,7564,1299,8863,94
2021-10-03,Trinity,105,12862,793,647,203,850,11
2021-10-03,Tulare,107,460477,64116,62860,13499,76359,924
2021-10-03,Tuolumne,109,53932,6488,6430,75,6505,89
2021-10-03,Ventura,111,848112,95930,95108,4208,99316,1153
2021-10-03,Yolo,113,214977,18959,18720,1002,19722,242
2021-10-03,Yuba,115,75493,9573,9462,227,9689,68
2021-10-02,Alameda,001,1643700,116306,115185,2685,117870,1343
2021-10-02,Alpine,003,1148,99,102,0,102,0
2021-10-02,Amador,005,37829,5247,5105,53,5158,61
2021-10-02,Butte,007,227075,19427,18911,3489,22400,243
2021-10-02,Calaveras,009,45235,3690,3585,43,3628,72
2021-10-02,Colusa,011,21464,2435,2403,562,2965,18
2021-10-02,Contra Costa,013,1133247,96497,95369,2034,97403,933
2021-10-02,Del Norte,015,27424,3564,3468,39,3507,39
2021-10-02,El Dorado,017,186661,15192,14887,1570,16457,136
2021-10-02,Fresno,019,978130,131183,128450,11917,140367,1964
2021-10-02,Glenn,021,27897,3307,3234,953,4187,26
2021-10-02,Humboldt,023,135768,8449,8244,439,8683,94
2021-10-02,Imperial,025,180216,32052,31674,3069,34743,757
2021-10-02,Inyo,027,18085,1816,1746,36,1782,39
2021-10-02,Kern,029,883053,120355,117962,19355,137317,1524
2021-10-02,Kings,031,150075,30096,29339,1754,31093,301
2021-10-02,Lake,033,64148,6323,6191,126,6317,97
2021-10-02,Lassen,035,31185,6496,6360,304,6664,25
2021-10-02,Los Angeles,037,10098052,1408532,1395070,53091,1448161,26126
2021-10-02,Madera,039,155013,21449,20931,1802,22733,266
2021-10-02,Marin,041,260295,17121,16936,415,17351,242
2021-10-02,Mariposa,043,17540,1052,967,33,1000,5
2021-10-02,Mendocino,045,87422,7049,6869,400,7269,78
2021-10-02,Merced,047,269075,39690,39196,1593,40789,552
2021-10-02,Modoc,049,8938,485,468,171,639,5
2021-10-02,Mono,051,14174,1588,1540,20,1560,3
2021-10-02,Monterey,053,433212,47901,46964,2703,49667,571
2021-10-02,Napa,055,140530,12569,12433,98,12531,96
2021-10-02,Nevada,057,99092,8616,8474,302,8776,87
2021-10-02,Orange,059,3164182,300217,297307,14355,311662,5435
2021-10-02,Placer,061,380077,34980,34377,3351,37728,381
2021-10-02,Plumas,063,18699,1402,1298,26,1324,6
2021-10-02,Riverside,065,2383286,352760,347227,16096,363323,4895
2021-10-02,Sacramento,067,1510023,151473,149897,4011,153908,2099
2021-10-02,San Benito,069,59416,7110,7055,152,7207,69
2021-10-02,San Bernardino,071,2135413,344313,341212,10751,351963,5540
2021-10-02,San Diego,073,3302833,360113,356454,21135,377589,4078
2021-10-02,San Francisco,075,870044,51236,50393,2207,52600,634
2021-10-02,San Joaquin,077,732212,95926,94599,5168,99767,1646
2021-10-02,San Luis Obispo,079,281455,28415,27915,1152,29067,323
2021-10-02,San Mateo,081,765935,52765,51767,806,52573,573
2021-10-02,Santa Barbara,083,443738,42844,42423,1501,43924,508
2021-10-02,Santa Clara,085,1922200,142756,141231,1171,142402,1862
2021-10-02,Santa Cruz,087,273765,19721,19461,984,20445,214
2021-10-02,Shasta,089,179085,19446,18912,3246,22158,270
2021-10-02,Sierra,091,2930,141,131,14,145,0
2021-10-02,Siskiyou,093,43540,3182,3053,1163,4216,42
2021-10-02,Solano,095,438530,44700,43800,1185,44985,321
2021-10-02,Sonoma,097,501317,39882,39497,500,39997,382
2021-10-02,Stanislaus,099,539301,74244,73859,8410,82269,1099
2021-10-02,Sutter,101,95872,13295,13160,280,13440,160
2021-10-02,Tehama,103,63373,7691,7453,1299,8752,93
2021-10-02,Trinity,105,12862,790,625,203,828,10
2021-10-02,Tulare,107,460477,64042,62247,13472,75719,908
2021-10-02,Tuolumne,109,53932,6474,6369,75,6444,89
2021-10-02,Ventura,111,848112,95858,94854,4203,99057,1148
2021-10-02,Yolo,113,214977,18934,18640,998,19638,242
2021-10-02,Yuba,115,75493,9554,9370,226,9596,66
2021-10-01,Alameda,001,1643700,116229,115185,2679,117864,1343
2021-10-01,Alpine,003,1148,99,102,0,102,0
2021-10-01,Amador,005,37829,5227,5105,53,5158,61
2021-10-01,Butte,007,227075,19386,18911,3483,22394,243
2021-10-01,Calaveras,009,45235,3680,3585,43,3628,72
2021-10-01,Colusa,011,21464,2433,2403,562,2965,18
2021-10-01,Contra Costa,013,1133247,96400,95369,2030,97399,933
2021-10-01,Del Norte,015,27424,3561,3468,38,3506,39
2021-10-01,El Dorado,017,186661,15175,14887,1566,16453,136
2021-10-01,Fresno,019,978130,130995,128450,11907,140357,1964
2021-10-01,Glenn,021,27897,3305,3234,952,4186,26
2021-10-01,Humboldt,023,135768,8432,8244,439,8683,94
2021-10-01,Imperial,025,180216,32034,31674,3060,34734,757
2021-10-01,Inyo,027,18085,1807,1746,36,1782,39
2021-10-01,Kern,029,883053,120202,117962,19297,137259,1524
2021-10-01,Kings,031,150075,30062,29339,1748,31087,301
2021-10-01,Lake,033,64148,6313,6191,126,6317,97
2021-10-01,Lassen,035,31185,6485,6360,303,6663,25
2021-10-01,Los Angeles,037,10098052,1407771,1395070,53046,1448116,26126
2021-10-01,Madera,039,155013,21399,20931,1793,22724,266
2021-10-01,Marin,041,260295,17106,16936,414,17350,242
2021-10-01,Mariposa,043,17540,1045,967,33,1000,5
2021-10-01,Mendocino,045,87422,7037,6869,400,7269,78
2021-10-01,Merced,047,269075,39646,39196,1584,40780,552
2021-10-01,Modoc,049,8938,484,468,171,639,5
2021-10-01,Mono,051,14174,1585,1540,20,1560,3
2021-10-01,Monterey,053,433212,47880,46964,2700,49664,571
2021-10-01,Napa,055,140530,12559,12433,97,12530,96
2021-10-01,Nevada,057,99092,8602,8474,301,8775,87
2021-10-01,Orange,059,3164182,300033,297307,14335,311642,5435
2021-10-01,Placer,061,380077,34946,34377,3347,37724,381
2021-10-01,Plumas,063,18699,1393,1298,26,1324,6
2021-10-01,Riverside,065,2383286,352467,347227,16088,363315,4895
2021-10-01,Sacramento,067,1510023,151320,149897,4000,153897,2099
2021-10-01,San Benito,069,59416,7108,7055,150,7205,69
2021-10-01,San Bernardino,071,2135413,344113,341212,10748,351960,5540
2021-10-01,San Diego,073,3302833,359746,356454,21114,377568,4078
2021-10-01,San Francisco,075,870044,51195,50393,2205,52598,634
2021-10-01,San Joaquin,077,732212,95856,94599,5164,99763,1646
2021-10-01,San Luis Obispo,079,281455,28391,27915,1149,29064,323
2021-10-01,San Mateo,081,765935,52725,51767,803,52570,573
2021-10-01,Santa Barbara,083,443738,42808,42423,1501,43924,508
2021-10-01,Santa Clara,085,1922200,142663,141231,1166,142397,1862
2021-10-01,Santa Cruz,087,273765,19701,19461,983,20444,214
2021-10-01,Shasta,089,179085,19392,18912,3238,22150,270
2021-10-01,Sierra,091,2930,141,131,14,145,0
2021-10-01,Siskiyou,093,43540,3181,3053,1160,4213,42
2021-10-01,Solano,095,438530,44648,43800,1179,44979,321
2021-10-01,Sonoma,097,501317,39850,39497,499,39996,382
2021-10-01,Stanislaus,099,539301,74160,73859,8399,82258,1099
2021-10-01,Sutter,101,95872,13279,13160,278,13438,160
2021-10-01,Tehama,103,63373,7679,7453,1297,8750,93
2021-10-01,Trinity,105,12862,788,625,203,828,10
2021-10-01,Tulare,107,460477,63939,62247,13437,75684,908
2021-10-01,Tuolumne,109,53932,6457,6369,75,6444,89
2021-10-01,Ventura,111,848112,95791,94854,4198,99052,1148
2021-10-01,Yolo,113,214977,18910,18640,994,19634,242
2021-10-01,Yuba,115,75493,9532,9370,226,9596,66
2021-09-30,Alameda,001,1643700,116082,115185,2676,117861,1343
2021-09-30,Alpine,003,1148,99,102,0,102,0
2021-09-30,Amador,005,37829,5215,5105,53,5158,61
2021-09-30,Butte,007,227075,19337,18911,3474,22385,243
2021-09-30,Calaveras,009,45235,3666,3585,43,3628,72
2021-09-30,Colusa,011,21464,2430,2403,561,2964,18
2021-09-30,Contra Costa,013,1133247,96295,95369,2024,97393,933
2021-09-30,Del Norte,015,27424,3557,3468,35,3503,39
2021-09-30,El Dorado,017,186661,15149,14887,1558,16445,136
2021-09-30,Fresno,019,978130,130719,128450,11873,140323,1964
2021-09-30,Glenn,021,27897,3295,3234,950,4184,26
2021-09-30,Humboldt,023,135768,8400,8244,433,8677,94
2021-09-30,Imperial,025,180216,31982,31674,3058,34732,757
2021-09-30,Inyo,027,18085,1797,1746,36,1782,39
2021-09-30,Kern,029,883053,119958,117962,19215,137177,1524
2021-09-30,Kings,031,150075,29972,29339,1744,31083,301
2021-09-30,Lake,033,64148,6295,6191,126,6317,97
2021-09-30,Lassen,035,31185,6471,6360,303,6663,25
2021-09-30,Los Angeles,037,10098052,1406565,1395070,52986,1448056,26126
2021-09-30,Madera,039,155013,21316,20931,1778,22709,266
2021-09-30,Marin,041,260295,17086,16936,413,17349,242
2021-09-30,Mariposa,043,17540,1023,967,33,1000,5
2021-09-30,Mendocino,045,87422,7028,6869,391,7260,78
2021-09-30,Merced,047,269075,39549,39196,1580,40776,552
2021-09-30,Modoc,049,8938,484,468,170,638,5
2021-09-30,Mono,051,14174,1577,1540,20,1560,3
2021-09-30,Monterey,053,433212,47850,46964,2688,49652,571
2021-09-30,Napa,055,140530,12539,12433,97,12530,96
2021-09-30,Nevada,057,99092,8585,8474,300,8774,87
2021-09-30,Orange,059,3164182,299761,297307,14296,311603,5435
2021-09-30,Placer,061,380077,34893,34377,3327,37704,381
2021-09-30,Plumas,063,18699,1375,1298,26,1324,6
2021-09-30,Riverside,065,2383286,352034,347227,16067,363294,4895
2021-09-30,Sacramento,067,1510023,151060,149897,3974,153871,2099
2021-09-30,San Benito,069,59416,7102,7055,150,7205,69
2021-09-30,San Bernardino,071,2135413,343802,341212,10734,351946,5540
2021-09-30,San Diego,073,3302833,359252,356454,21088,377542,4078
2021-09-30,San Francisco,075,870044,51118,50393,2201,52594,634
2021-09-30,San Joaquin,077,732212,95726,94599,5156,99755,1646
2021-09-30,San Luis Obispo,079,281455,28343,27915,1145,29060,323
2021-09-30,San Mateo,081,765935,52676,51767,800,52567,573
2021-09-30,Santa Barbara,083,443738,42751,42423,1500,43923,508
2021-09-30,Santa Clara,085,1922200,142512,141231,1163,142394,1862
2021-09-30,Santa Cruz,087,273765,19661,19461,982,20443,214
2021-09-30,Shasta,089,179085,19330,18912,3223,22135,270
2021-09-30,Sierra,091,2930,140,131,14,145,0
2021-09-30,Siskiyou,093,43540,3173,3053,1155,4208,42
2021-09-30,Solano,095,438530,44594,43800,1176,44976,321
2021-09-30,Sonoma,097,501317,39801,39497,499,39996,382
2021-09-30,Stanislaus,099,539301,74000,73859,8380,82239,1099
2021-09-30,Sutter,101,95872,13258,13160,278,13438,160
2021-09-30,Tehama,103,63373,7642,7453,1285,8738,93
2021-09-30,Trinity,105,12862,784,625,203,828,10
2021-09-30,Tulare,107,460477,63763,62247,13379,75626,908
2021-09-30,Tuolumne,109,53932,6434,6369,75,6444,89
2021-09-30,Ventura,111,848112,95686,94854,4191,99045,1148
2021-09-30,Yolo,113,214977,18871,18640,991,19631,242
2021-09-30,Yuba,115,75493,9509,9370,225,9595,66
2021-09-29,Alameda,001,1643700,115936,114998,2673,117671,1339
2021-09-29,Alpine,003,1148,99,101,0,101,0
2021-09-29,Amador,005,37829,5193,5058,53,5111,61
2021-09-29,Butte,007,227075,19283,18835,3467,22302,242
2021-09-29,Calaveras,009,45235,3649,3553,42,3595,72
2021-09-29,Colusa,011,21464,2428,2401,561,2962,18
2021-09-29,Contra Costa,013,1133247,96181,95213,2016,97229,929
2021-09-29,Del Norte,015,27424,3551,3467,35,3502,39
2021-09-29,El Dorado,017,186661,15115,14834,1551,16385,136
2021-09-29,Fresno,019,978130,130419,128068,11852,139920,1957
2021-09-29,Glenn,021,27897,3290,3213,948,4161,26
2021-09-29,Humboldt,023,135768,8376,8203,432,8635,94
2021-09-29,Imperial,025,180216,31915,31600,3053,34653,757
2021-09-29,Inyo,027,18085,1787,1740,35,1775,39
2021-09-29,Kern,029,883053,119723,117605,19139,136744,1513
2021-09-29,Kings,031,150075,29890,29195,1729,30924,299
2021-09-29,Lake,033,64148,6275,6164,126,6290,97
2021-09-29,Lassen,035,31185,6457,6347,303,6650,25
2021-09-29,Los Angeles,037,10098052,1405353,1393617,52914,1446531,26098
2021-09-29,Madera,039,155013,21271,20818,1762,22580,266
2021-09-29,Marin,041,260295,17068,16921,411,17332,242
2021-09-29,Mariposa,043,17540,1008,963,33,996,5
2021-09-29,Mendocino,045,87422,7016,6821,383,7204,78
2021-09-29,Merced,047,269075,39455,39026,1569,40595,552
2021-09-29,Modoc,049,8938,482,468,170,638,5
2021-09-29,Mono,051,14174,1575,1527,20,1547,3
2021-09-29,Monterey,053,433212,47812,46917,2674,49591,571
2021-09-29,Napa,055,140530,12519,12416,93,12509,96
2021-09-29,Nevada,057,99092,8572,8434,300,8734,87
2021-09-29,Orange,059,3164182,299492,296936,14260,311196,5429
2021-09-29,Placer,061,380077,34829,34271,3304,37575,379
2021-09-29,Plumas,063,18699,1356,1289,26,1315,6
2021-09-29,Riverside,065,2383286,351600,346558,16054,362612,4886
2021-09-29,Sacramento,067,1510023,150809,149686,3964,153650,2099
2021-09-29,San Benito,069,59416,7091,7039,150,7189,69
2021-09-29,San Bernardino,071,2135413,343481,340672,10720,351392,5539
2021-09-29,San Diego,073,3302833,358750,355899,21058,376957,4066
2021-09-29,San Francisco,075,870044,51033,50286,2197,52483,629
2021-09-29,San Joaquin,077,732212,95568,94356,5134,99490,1645
2021-09-29,San Luis Obispo,079,281455,28297,27800,1139,28939,323
2021-09-29,San Mateo,081,765935,52616,51673,798,52471,573
2021-09-29,Santa Barbara,083,443738,42679,42328,1497,43825,507
2021-09-29,Santa Clara,085,1922200,142377,141036,1157,142193,1861
2021-09-29,Santa Cruz,087,273765,19643,19425,981,20406,214
2021-09-29,Shasta,089,179085,19264,18805,3211,22016,271
2021-09-29,Sierra,091,2930,136,130,14,144,0
2021-09-29,Siskiyou,093,43540,3160,3043,1148,4191,42
2021-09-29,Solano,095,438530,44538,43724,1169,44893,321
2021-09-29,Sonoma,097,501317,39740,39426,497,39923,370
2021-09-29,Stanislaus,099,539301,73868,73634,8369,82003,1096
2021-09-29,Sutter,101,95872,13231,13135,275,13410,155
2021-09-29,Tehama,103,63373,7612,7409,1270,8679,88
2021-09-29,Trinity,105,12862,780,616,203,819,10
2021-09-29,Tulare,107,460477,63591,62046,13320,75366,908
2021-09-29,Tuolumne,109,53932,6417,6336,75,6411,89
2021-09-29,Ventura,111,848112,95596,94753,4187,98940,1144
2021-09-29,Yolo,113,214977,18838,18587,986,19573,239
2021-09-29,Yuba,115,75493,9478,9351,221,9572,66
2021-09-28,Alameda,001,1643700,115779,114869,2667,117536,1333
2021-09-28,Alpine,003,1148,99,101,0,101,0
2021-09-28,Amador,005,37829,5171,5049,53,5102,61
2021-09-28,Butte,007,227075,19232,18764,3454,22218,241
2021-09-28,Calaveras,009,45235,3629,3530,42,3572,72
2021-09-28,Colusa,011,21464,2425,2399,559,2958,18
2021-09-28,Contra Costa,013,1133247,96040,95115,2011,97126,929
2021-09-28,Del Norte,015,27424,3548,3462,35,3497,39
2021-09-28,El Dorado,017,186661,15068,14793,1547,16340,133
2021-09-28,Fresno,019,978130,130074,127877,11818,139695,1948
2021-09-28,Glenn,021,27897,3285,3205,947,4152,26
2021-09-28,Humboldt,023,135768,8335,8159,429,8588,91
2021-09-28,Imperial,025,180216,31870,31543,3049,34592,757
2021-09-28,Inyo,027,18085,1773,1708,34,1742,39
2021-09-28,Kern,029,883053,119454,117420,19044,136464,1506
2021-09-28,Kings,031,150075,29788,29141,1721,30862,295
2021-09-28,Lake,033,64148,6260,6155,126,6281,95
2021-09-28,Lassen,035,31185,6451,6340,299,6639,25
2021-09-28,Los Angeles,037,10098052,1404057,1392445,52845,1445290,26068
2021-09-28,Madera,039,155013,21217,20764,1746,22510,266
2021-09-28,Marin,041,260295,17049,16887,409,17296,242
2021-09-28,Mariposa,043,17540,1003,952,33,985,5
2021-09-28,Mendocino,045,87422,6994,6804,381,7185,78
2021-09-28,Merced,047,269075,39368,38953,1556,40509,551
2021-09-28,Modoc,049,8938,481,467,170,637,5
2021-09-28,Mono,051,14174,1565,1527,20,1547,3
2021-09-28,Monterey,053,433212,47775,46859,2665,49524,571
2021-09-28,Napa,055,140530,12502,12388,92,12480,96
2021-09-28,Nevada,057,99092,8549,8409,299,8708,84
2021-09-28,Orange,059,3164182,299240,296596,14232,310828,5421
2021-09-28,Placer,061,380077,34764,34187,3286,37473,370
2021-09-28,Plumas,063,18699,1347,1276,26,1302,6
2021-09-28,Riverside,065,2383286,351141,346096,16033,362129,4874
2021-09-28,Sacramento,067,1510023,150518,149310,3942,153252,2086
2021-09-28,San Benito,069,59416,7074,7028,149,7177,69
2021-09-28,San Bernardino,071,2135413,343133,340342,10703,351045,5540
2021-09-28,San Diego,073,3302833,358190,355373,21026,376399,4054
2021-09-28,San Francisco,075,870044,50932,50234,2196,52430,627
2021-09-28,San Joaquin,077,732212,95414,94194,5121,99315,1639
2021-09-28,San Luis Obispo,079,281455,28263,27755,1134,28889,321
2021-09-28,San Mateo,081,765935,52571,51620,797,52417,571
2021-09-28,Santa Barbara,083,443738,42606,42226,1496,43722,506
2021-09-28,Santa Clara,085,1922200,142216,140886,1148,142034,1858
2021-09-28,Santa Cruz,087,273765,19602,19324,980,20304,214
2021-09-28,Shasta,089,179085,19203,18701,3197,21898,267
2021-09-28,Sierra,091,2930,135,130,13,143,0
2021-09-28,Siskiyou,093,43540,3148,3032,1145,4177,42
2021-09-28,Solano,095,438530,44465,43652,1166,44818,316
2021-09-28,Sonoma,097,501317,39693,39395,496,39891,370
2021-09-28,Stanislaus,099,539301,73696,73528,8357,81885,1094
2021-09-28,Sutter,101,95872,13212,13102,271,13373,155
2021-09-28,Tehama,103,63373,7594,7382,1255,8637,88
2021-09-28,Trinity,105,12862,777,613,203,816,10
2021-09-28,Tulare,107,460477,63432,61916,13261,75177,905
2021-09-28,Tuolumne,109,53932,6391,6308,75,6383,89
2021-09-28,Ventura,111,848112,95470,94632,4184,98816,1143
2021-09-28,Yolo,113,214977,18812,18564,983,19547,239
2021-09-28,Yuba,115,75493,9459,9323,220,9543,66
2021-09-27,Alameda,001,1643700,115586,114731,2658,117389,1327
2021-09-27,Alpine,003,1148,99,101,0,101,0
2021-09-27,Amador,005,37829,5157,5017,53,5070,59
2021-09-27,Butte,007,227075,19175,18687,3438,22125,239
2021-09-27,Calaveras,009,45235,3609,3514,41,3555,70
2021-09-27,Colusa,011,21464,2424,2393,558,2951,18
2021-09-27,Contra Costa,013,1133247,95909,94979,2002,96981,924
2021-09-27,Del Norte,015,27424,3546,3468,33,3501,37
2021-09-27,El Dorado,017,186661,15029,14764,1540,16304,132
2021-09-27,Fresno,019,978130,129753,127475,11784,139259,1942
2021-09-27,Glenn,021,27897,3272,3189,943,4132,26
2021-09-27,Humboldt,023,135768,8295,8118,429,8547,91
2021-09-27,Imperial,025,180216,31807,31491,3042,34533,756
2021-09-27,Inyo,027,18085,1761,1698,34,1732,39
2021-09-27,Kern,029,883053,119179,117064,18946,136010,1503
2021-09-27,Kings,031,150075,29690,28998,1709,30707,297
2021-09-27,Lake,033,64148,6240,6126,124,6250,95
2021-09-27,Lassen,035,31185,6436,6327,295,6622,25
2021-09-27,Los Angeles,037,10098052,1402720,1391538,52776,1444314,26040
2021-09-27,Madera,039,155013,21152,20691,1738,22429,262
2021-09-27,Marin,041,260295,17027,16861,408,17269,242
2021-09-27,Mariposa,043,17540,993,931,33,964,5
2021-09-27,Mendocino,045,87422,6968,6761,374,7135,74
2021-09-27,Merced,047,269075,39268,38840,1550,40390,548
2021-09-27,Modoc,049,8938,480,465,168,633,5
2021-09-27,Mono,051,14174,1553,1525,20,1545,3
2021-09-27,Monterey,053,433212,47732,46811,2653,49464,571
2021-09-27,Napa,055,140530,12478,12354,91,12445,95
2021-09-27,Nevada,057,99092,8525,8379,296,8675,84
2021-09-27,Orange,059,3164182,298935,296334,14201,310535,5409
2021-09-27,Placer,061,380077,34677,34087,3281,37368,370
2021-09-27,Plumas,063,18699,1337,1269,26,1295,6
2021-09-27,Riverside,065,2383286,350699,345529,16023,361552,4864
2021-09-27,Sacramento,067,1510023,150200,149096,3920,153016,2076
2021-09-27,San Benito,069,59416,7057,7017,149,7166,67
2021-09-27,San Bernardino,071,2135413,342718,339952,10678,350630,5544
2021-09-27,San Diego,073,3302833,357532,354755,21001,375756,4054
2021-09-27,San Francisco,075,870044,50848,50157,2192,52349,622
2021-09-27,San Joaquin,077,732212,95230,94085,5118,99203,1633
2021-09-27,San Luis Obispo,079,281455,28208,27674,1131,28805,320
2021-09-27,San Mateo,081,765935,52495,51552,797,52349,571
2021-09-27,Santa Barbara,083,443738,42539,42012,1492,43504,505
2021-09-27,Santa Clara,085,1922200,142034,140802,1138,141940,1853
2021-09-27,Santa Cruz,087,273765,19578,19292,979,20271,214
2021-09-27,Shasta,089,179085,19122,18599,3170,21769,267
2021-09-27,Sierra,091,2930,135,128,13,141,0
2021-09-27,Siskiyou,093,43540,3136,3015,1140,4155,42
2021-09-27,Solano,095,438530,44390,43582,1160,44742,314
2021-09-27,Sonoma,097,501317,39640,39347,496,39843,370
2021-09-27,Stanislaus,099,539301,73542,73370,8337,81707,1091
2021-09-27,Sutter,101,95872,13181,13082,268,13350,155
2021-09-27,Tehama,103,63373,7553,7345,1246,8591,88
2021-09-27,Trinity,105,12862,766,605,202,807,9
2021-09-27,Tulare,107,460477,63232,61708,13190,74898,904
2021-09-27,Tuolumne,109,53932,6370,6264,75,6339,89
2021-09-27,Ventura,111,848112,95345,94477,4180,98657,1138
2021-09-27,Yolo,113,214977,18779,18524,982,19506,239
2021-09-27,Yuba,115,75493,9422,9292,216,9508,64
2021-09-26,Alameda,001,1643700,115390,114601,2651,117252,1326
2021-09-26,Alpine,003,1148,99,101,0,101,0
2021-09-26,Amador,005,37829,5125,5001,52,5053,59
2021-09-26,Butte,007,227075,19099,18634,3421,22055,238
2021-09-26,Calaveras,009,45235,3587,3505,41,3546,70
2021-09-26,Colusa,011,21464,2419,2392,556,2948,18
2021-09-26,Contra Costa,013,1133247,95734,94877,1989,96866,924
2021-09-26,Del Norte,015,27424,3541,3466,32,3498,37
2021-09-26,El Dorado,017,186661,14987,14738,1532,16270,132
2021-09-26,Fresno,019,978130,129395,127235,11738,138973,1939
2021-09-26,Glenn,021,27897,3264,3182,939,4121,26
2021-09-26,Humboldt,023,135768,8260,8098,428,8526,91
2021-09-26,Imperial,025,180216,31746,31462,3041,34503,756
2021-09-26,Inyo,027,18085,1746,1685,34,1719,39
2021-09-26,Kern,029,883053,118841,116927,18836,135763,1502
2021-09-26,Kings,031,150075,29589,28930,1698,30628,293
2021-09-26,Lake,033,64148,6223,6113,124,6237,95
2021-09-26,Lassen,035,31185,6426,6319,290,6609,25
2021-09-26,Los Angeles,037,10098052,1401231,1390577,52705,1443282,26035
2021-09-26,Madera,039,155013,21078,20629,1719,22348,262
2021-09-26,Marin,041,260295,17004,16860,408,17268,242
2021-09-26,Mariposa,043,17540,987,929,33,962,5
2021-09-26,Mendocino,045,87422,6934,6744,359,7103,74
2021-09-26,Merced,047,269075,39107,38717,1542,40259,548
2021-09-26,Modoc,049,8938,480,465,167,632,5
2021-09-26,Mono,051,14174,1549,1516,20,1536,3
2021-09-26,Monterey,053,433212,47685,46792,2639,49431,571
2021-09-26,Napa,055,140530,12454,12340,90,12430,95
2021-09-26,Nevada,057,99092,8494,8356,291,8647,84
2021-09-26,Orange,059,3164182,298596,296085,14168,310253,5409
2021-09-26,Placer,061,380077,34583,34043,3271,37314,370
2021-09-26,Plumas,063,18699,1319,1268,26,1294,6
2021-09-26,Riverside,065,2383286,350167,345257,16009,361266,4864
2021-09-26,Sacramento,067,1510023,149796,148745,3901,152646,2071
2021-09-26,San Benito,069,59416,7040,7012,148,7160,67
2021-09-26,San Bernardino,071,2135413,342261,339771,10663,350434,5545
2021-09-26,San Diego,073,3302833,356889,354414,20960,375374,4051
2021-09-26,San Francisco,075,870044,50722,50092,2183,52275,622
2021-09-26,San Joaquin,077,732212,95027,93935,5104,99039,1633
2021-09-26,San Luis Obispo,079,281455,28134,27624,1126,28750,319
2021-09-26,San Mateo,081,765935,52426,51496,795,52291,571
2021-09-26,Santa Barbara,083,443738,42452,41946,1489,43435,505
2021-09-26,Santa Clara,085,1922200,141834,140667,1134,141801,1852
2021-09-26,Santa Cruz,087,273765,19553,19279,979,20258,214
2021-09-26,Shasta,089,179085,19013,18566,3147,21713,266
2021-09-26,Sierra,091,2930,135,128,13,141,0
2021-09-26,Siskiyou,093,43540,3122,2998,1130,4128,42
2021-09-26,Solano,095,438530,44323,43537,1159,44696,314
2021-09-26,Sonoma,097,501317,39581,39302,496,39798,370
2021-09-26,Stanislaus,099,539301,73342,73243,8309,81552,1091
2021-09-26,Sutter,101,95872,13144,13045,267,13312,155
2021-09-26,Tehama,103,63373,7495,7323,1235,8558,88
2021-09-26,Trinity,105,12862,763,591,202,793,9
2021-09-26,Tulare,107,460477,63011,61560,13112,74672,904
2021-09-26,Tuolumne,109,53932,6342,6236,73,6309,89
2021-09-26,Ventura,111,848112,95231,94391,4173,98564,1138
2021-09-26,Yolo,113,214977,18742,18496,974,19470,239
2021-09-26,Yuba,115,75493,9395,9275,216,9491,64
2021-09-25,Alameda,001,1643700,115310,114014,2648,116662,1324
2021-09-25,Alpine,003,1148,99,101,0,101,0
2021-09-25,Amador,005,37829,5111,4934,52,4986,59
2021-09-25,Butte,007,227075,19070,18396,3412,21808,236
2021-09-25,Calaveras,009,45235,3584,3461,41,3502,70
2021-09-25,Colusa,011,21464,2416,2387,554,2941,16
2021-09-25,Contra Costa,013,1133247,95663,94337,1985,96322,924
2021-09-25,Del Norte,015,27424,3540,3404,32,3436,35
2021-09-25,El Dorado,017,186661,14964,14641,1528,16169,130
2021-09-25,Fresno,019,978130,129250,126299,11722,138021,1927
2021-09-25,Glenn,021,27897,3259,3144,938,4082,25
2021-09-25,Humboldt,023,135768,8241,8014,426,8440,88
2021-09-25,Imperial,025,180216,31719,31280,3041,34321,755
2021-09-25,Inyo,027,18085,1738,1657,34,1691,39
2021-09-25,Kern,029,883053,118686,116021,18768,134789,1485
2021-09-25,Kings,031,150075,29538,28636,1695,30331,293
2021-09-25,Lake,033,64148,6218,6046,122,6168,92
2021-09-25,Lassen,035,31185,6414,6248,289,6537,25
2021-09-25,Los Angeles,037,10098052,1400516,1386417,52664,1439081,25964
2021-09-25,Madera,039,155013,21053,20432,1713,22145,262
2021-09-25,Marin,041,260295,16995,16802,406,17208,242
2021-09-25,Mariposa,043,17540,982,906,33,939,5
2021-09-25,Mendocino,045,87422,6915,6657,358,7015,74
2021-09-25,Merced,047,269075,39061,38393,1540,39933,546
2021-09-25,Modoc,049,8938,480,460,167,627,5
2021-09-25,Mono,051,14174,1546,1501,20,1521,3
2021-09-25,Monterey,053,433212,47655,46653,2637,49290,567
2021-09-25,Napa,055,140530,12434,12266,90,12356,95
2021-09-25,Nevada,057,99092,8477,8285,291,8576,84
2021-09-25,Orange,059,3164182,298423,294514,14150,308664,5374
2021-09-25,Placer,061,380077,34519,33764,3268,37032,367
2021-09-25,Plumas,063,18699,1315,1238,26,1264,6
2021-09-25,Riverside,065,2383286,349844,343463,16001,359464,4843
2021-09-25,Sacramento,067,1510023,149620,147728,3892,151620,2049
2021-09-25,San Benito,069,59416,7035,6965,148,7113,67
2021-09-25,San Bernardino,071,2135413,342027,338413,10649,349062,5540
2021-09-25,San Diego,073,3302833,356539,352017,20934,372951,4039
2021-09-25,San Francisco,075,870044,50678,49840,2182,52022,615
2021-09-25,San Joaquin,077,732212,94941,93273,5102,98375,1628
2021-09-25,San Luis Obispo,079,281455,28096,27447,1122,28569,318
2021-09-25,San Mateo,081,765935,52362,51266,793,52059,568
2021-09-25,Santa Barbara,083,443738,42394,41728,1489,43217,505
2021-09-25,Santa Clara,085,1922200,141728,140023,1132,141155,1844
2021-09-25,Santa Cruz,087,273765,19537,19200,977,20177,214
2021-09-25,Shasta,089,179085,18962,18256,3138,21394,262
2021-09-25,Sierra,091,2930,134,127,13,140,0
2021-09-25,Siskiyou,093,43540,3115,2956,1120,4076,41
2021-09-25,Solano,095,438530,44282,43331,1156,44487,312
2021-09-25,Sonoma,097,501317,39540,39112,496,39608,369
2021-09-25,Stanislaus,099,539301,73232,72628,8295,80923,1091
2021-09-25,Sutter,101,95872,13126,12976,264,13240,154
2021-09-25,Tehama,103,63373,7480,7200,1233,8433,86
2021-09-25,Trinity,105,12862,763,576,202,778,9
2021-09-25,Tulare,107,460477,62929,60909,13068,73977,898
2021-09-25,Tuolumne,109,53932,6330,6168,73,6241,89
2021-09-25,Ventura,111,848112,95164,94059,4169,98228,1129
2021-09-25,Yolo,113,214977,18720,18393,973,19366,239
2021-09-25,Yuba,115,75493,9375,9191,216,9407,61
2021-09-24,Alameda,001,1643700,115206,114014,2644,116658,1324
2021-09-24,Alpine,003,1148,99,101,0,101,0
2021-09-24,Amador,005,37829,5081,4934,52,4986,59
2021-09-24,Butte,007,227075,19018,18396,3403,21799,236
2021-09-24,Calaveras,009,45235,3577,3461,40,3501,70
2021-09-24,Colusa,011,21464,2413,2387,553,2940,16
2021-09-24,Contra Costa,013,1133247,95553,94337,1981,96318,924
2021-09-24,Del Norte,015,27424,3537,3404,32,3436,35
2021-09-24,El Dorado,017,186661,14946,14641,1524,16165,130
2021-09-24,Fresno,019,978130,129052,126299,11710,138009,1927
2021-09-24,Glenn,021,27897,3251,3144,938,4082,25
2021-09-24,Humboldt,023,135768,8222,8014,423,8437,88
2021-09-24,Imperial,025,180216,31681,31280,3039,34319,755
2021-09-24,Inyo,027,18085,1729,1657,34,1691,39
2021-09-24,Kern,029,883053,118550,116021,18702,134723,1485
2021-09-24,Kings,031,150075,29497,28636,1690,30326,293
2021-09-24,Lake,033,64148,6210,6046,122,6168,92
2021-09-24,Lassen,035,31185,6406,6248,288,6536,25
2021-09-24,Los Angeles,037,10098052,1399634,1386417,52622,1439039,25964
2021-09-24,Madera,039,155013,21022,20432,1704,22136,262
2021-09-24,Marin,041,260295,16981,16802,405,17207,242
2021-09-24,Mariposa,043,17540,970,906,33,939,5
2021-09-24,Mendocino,045,87422,6902,6657,358,7015,74
2021-09-24,Merced,047,269075,39017,38393,1540,39933,546
2021-09-24,Modoc,049,8938,480,460,166,626,5
2021-09-24,Mono,051,14174,1541,1501,20,1521,3
2021-09-24,Monterey,053,433212,47634,46653,2629,49282,567
2021-09-24,Napa,055,140530,12415,12266,90,12356,95
2021-09-24,Nevada,057,99092,8463,8285,288,8573,84
2021-09-24,Orange,059,3164182,298215,294514,14132,308646,5374
2021-09-24,Placer,061,380077,34464,33764,3255,37019,367
2021-09-24,Plumas,063,18699,1311,1238,26,1264,6
2021-09-24,Riverside,065,2383286,349510,343463,15992,359455,4843
2021-09-24,Sacramento,067,1510023,149436,147728,3888,151616,2049
2021-09-24,San Benito,069,59416,7029,6965,148,7113,67
2021-09-24,San Bernardino,071,2135413,341760,338413,10639,349052,5540
2021-09-24,San Diego,073,3302833,356185,352017,20919,372936,4039
2021-09-24,San Francisco,075,870044,50614,49840,2174,52014,615
2021-09-24,San Joaquin,077,732212,94828,93273,5100,98373,1628
2021-09-24,San Luis Obispo,079,281455,28065,27447,1117,28564,318
2021-09-24,San Mateo,081,765935,52302,51266,792,52058,568
2021-09-24,Santa Barbara,083,443738,42354,41728,1488,43216,505
2021-09-24,Santa Clara,085,1922200,141616,140023,1131,141154,1844
2021-09-24,Santa Cruz,087,273765,19514,19200,976,20176,214
2021-09-24,Shasta,089,179085,18908,18256,3124,21380,262
2021-09-24,Sierra,091,2930,133,127,13,140,0
2021-09-24,Siskiyou,093,43540,3106,2956,1114,4070,41
2021-09-24,Solano,095,438530,44245,43331,1154,44485,312
2021-09-24,Sonoma,097,501317,39507,39112,496,39608,369
2021-09-24,Stanislaus,099,539301,73116,72628,8280,80908,1091
2021-09-24,Sutter,101,95872,13107,12976,263,13239,154
2021-09-24,Tehama,103,63373,7468,7200,1228,8428,86
2021-09-24,Trinity,105,12862,760,576,202,778,9
2021-09-24,Tulare,107,460477,62838,60909,13026,73935,898
2021-09-24,Tuolumne,109,53932,6301,6168,73,6241,89
2021-09-24,Ventura,111,848112,95086,94059,4162,98221,1129
2021-09-24,Yolo,113,214977,18688,18393,970,19363,239
2021-09-24,Yuba,115,75493,9356,9191,216,9407,61
2021-09-23,Alameda,001,1643700,115047,114014,2638,116652,1324
2021-09-23,Alpine,003,1148,99,101,0,101,0
2021-09-23,Amador,005,37829,5068,4934,52,4986,59
2021-09-23,Butte,007,227075,18956,18396,3379,21775,236
2021-09-23,Calaveras,009,45235,3556,3461,40,3501,70
2021-09-23,Colusa,011,21464,2411,2387,550,2937,16
2021-09-23,Contra Costa,013,1133247,95412,94337,1974,96311,924
2021-09-23,Del Norte,015,27424,3528,3404,31,3435,35
2021-09-23,El Dorado,017,186661,14920,14641,1518,16159,130
2021-09-23,Fresno,019,978130,128755,126299,11691,137990,1927
2021-09-23,Glenn,021,27897,3237,3144,935,4079,25
2021-09-23,Humboldt,023,135768,8197,8014,421,8435,88
2021-09-23,Imperial,025,180216,31645,31280,3039,34319,755
2021-09-23,Inyo,027,18085,1715,1657,34,1691,39
2021-09-23,Kern,029,883053,118292,116021,18621,134642,1485
2021-09-23,Kings,031,150075,29393,28636,1681,30317,293
2021-09-23,Lake,033,64148,6200,6046,122,6168,92
2021-09-23,Lassen,035,31185,6397,6248,283,6531,25
2021-09-23,Los Angeles,037,10098052,1398438,1386417,52557,1438974,25964
2021-09-23,Madera,039,155013,20940,20432,1700,22132,262
2021-09-23,Marin,041,260295,16966,16802,402,17204,242
2021-09-23,Mariposa,043,17540,957,906,33,939,5
2021-09-23,Mendocino,045,87422,6880,6657,353,7010,74
2021-09-23,Merced,047,269075,38914,38393,1533,39926,546
2021-09-23,Modoc,049,8938,479,460,166,626,5
2021-09-23,Mono,051,14174,1538,1501,20,1521,3
2021-09-23,Monterey,053,433212,47585,46653,2617,49270,567
2021-09-23,Napa,055,140530,12398,12266,90,12356,95
2021-09-23,Nevada,057,99092,8436,8285,288,8573,84
2021-09-23,Orange,059,3164182,297918,294514,14108,308622,5374
2021-09-23,Placer,061,380077,34388,33764,3248,37012,367
2021-09-23,Plumas,063,18699,1294,1238,25,1263,6
2021-09-23,Riverside,065,2383286,349057,343463,15985,359448,4843
2021-09-23,Sacramento,067,1510023,149106,147728,3868,151596,2049
2021-09-23,San Benito,069,59416,7018,6965,148,7113,67
2021-09-23,San Bernardino,071,2135413,341397,338413,10624,349037,5540
2021-09-23,San Diego,073,3302833,355721,352017,20880,372897,4039
2021-09-23,San Francisco,075,870044,50541,49840,2172,52012,615
2021-09-23,San Joaquin,077,732212,94655,93273,5085,98358,1628
2021-09-23,San Luis Obispo,079,281455,28022,27447,1115,28562,318
2021-09-23,San Mateo,081,765935,52227,51266,791,52057,568
2021-09-23,Santa Barbara,083,443738,42276,41728,1485,43213,505
2021-09-23,Santa Clara,085,1922200,141465,140023,1124,141147,1844
2021-09-23,Santa Cruz,087,273765,19483,19200,976,20176,214
2021-09-23,Shasta,089,179085,18828,18256,3107,21363,262
2021-09-23,Sierra,091,2930,133,127,13,140,0
2021-09-23,Siskiyou,093,43540,3102,2956,1103,4059,41
2021-09-23,Solano,095,438530,44177,43331,1151,44482,312
2021-09-23,Sonoma,097,501317,39448,39112,493,39605,369
2021-09-23,Stanislaus,099,539301,72960,72628,8248,80876,1091
2021-09-23,Sutter,101,95872,13078,12976,263,13239,154
2021-09-23,Tehama,103,63373,7427,7200,1223,8423,86
2021-09-23,Trinity,105,12862,746,576,201,777,9
2021-09-23,Tulare,107,460477,62661,60909,12972,73881,898
2021-09-23,Tuolumne,109,53932,6276,6168,72,6240,89
2021-09-23,Ventura,111,848112,94983,94059,4155,98214,1129
2021-09-23,Yolo,113,214977,18657,18393,965,19358,239
2021-09-23,Yuba,115,75493,9328,9191,215,9406,61
2021-09-22,Alameda,001,1643700,114889,113862,2634,116496,1322
2021-09-22,Alpine,003,1148,99,100,0,100,0
2021-09-22,Amador,005,37829,5052,4915,52,4967,59
2021-09-22,Butte,007,227075,18896,18337,3364,21701,235
2021-09-22,Calaveras,009,45235,3540,3448,40,3488,70
2021-09-22,Colusa,011,21464,2406,2384,549,2933,16
2021-09-22,Contra Costa,013,1133247,95228,94209,1965,96174,924
2021-09-22,Del Norte,015,27424,3517,3386,30,3416,35
2021-09-22,El Dorado,017,186661,14884,14605,1511,16116,127
2021-09-22,Fresno,019,978130,128498,126006,11676,137682,1908
2021-09-22,Glenn,021,27897,3230,3138,934,4072,25
2021-09-22,Humboldt,023,135768,8175,7998,413,8411,80
2021-09-22,Imperial,025,180216,31593,31243,3032,34275,755
2021-09-22,Inyo,027,18085,1705,1651,34,1685,39
2021-09-22,Kern,029,883053,118051,115757,18499,134256,1477
2021-09-22,Kings,031,150075,29308,28589,1675,30264,292
2021-09-22,Lake,033,64148,6188,6035,122,6157,93
2021-09-22,Lassen,035,31185,6377,6209,279,6488,25
2021-09-22,Los Angeles,037,10098052,1397114,1384719,52502,1437221,25930
2021-09-22,Madera,039,155013,20883,20382,1690,22072,262
2021-09-22,Marin,041,260295,16956,16782,399,17181,242
2021-09-22,Mariposa,043,17540,951,901,33,934,5
2021-09-22,Mendocino,045,87422,6853,6624,347,6971,70
2021-09-22,Merced,047,269075,38781,38305,1531,39836,541
2021-09-22,Modoc,049,8938,476,458,166,624,5
2021-09-22,Mono,051,14174,1529,1496,19,1515,3
2021-09-22,Monterey,053,433212,47534,46615,2610,49225,566
2021-09-22,Napa,055,140530,12375,12248,89,12337,95
2021-09-22,Nevada,057,99092,8413,8273,285,8558,84
2021-09-22,Orange,059,3164182,297642,294214,14091,308305,5366
2021-09-22,Placer,061,380077,34300,33661,3235,36896,367
2021-09-22,Plumas,063,18699,1282,1230,25,1255,6
2021-09-22,Riverside,065,2383286,348522,342946,15960,358906,4830
2021-09-22,Sacramento,067,1510023,148794,147533,3837,151370,2043
2021-09-22,San Benito,069,59416,7007,6961,146,7107,67
2021-09-22,San Bernardino,071,2135413,341002,337938,10615,348553,5528
2021-09-22,San Diego,073,3302833,355262,351132,20856,371988,4027
2021-09-22,San Francisco,075,870044,50456,49734,2167,51901,610
2021-09-22,San Joaquin,077,732212,94423,93010,5059,98069,1626
2021-09-22,San Luis Obispo,079,281455,27974,27398,1112,28510,315
2021-09-22,San Mateo,081,765935,52154,51197,787,51984,568
2021-09-22,Santa Barbara,083,443738,42213,41678,1484,43162,504
2021-09-22,Santa Clara,085,1922200,141301,139803,1117,140920,1844
2021-09-22,Santa Cruz,087,273765,19445,19177,976,20153,214
2021-09-22,Shasta,089,179085,18738,18153,3095,21248,260
2021-09-22,Sierra,091,2930,133,127,13,140,0
2021-09-22,Siskiyou,093,43540,3085,2947,1093,4040,41
2021-09-22,Solano,095,438530,44112,43269,1150,44419,312
2021-09-22,Sonoma,097,501317,39395,39063,492,39555,369
2021-09-22,Stanislaus,099,539301,72795,72355,8229,80584,1091
2021-09-22,Sutter,101,95872,13058,12960,260,13220,153
2021-09-22,Tehama,103,63373,7400,7173,1220,8393,86
2021-09-22,Trinity,105,12862,745,572,201,773,9
2021-09-22,Tulare,107,460477,62452,60776,12902,73678,896
2021-09-22,Tuolumne,109,53932,6255,6155,71,6226,89
2021-09-22,Ventura,111,848112,94878,93978,4149,98127,1122
2021-09-22,Yolo,113,214977,18618,18342,958,19300,239
2021-09-22,Yuba,115,75493,9299,9169,210,9379,61
2021-09-21,Alameda,001,1643700,114735,113765,2634,116399,1321
2021-09-21,Alpine,003,1148,99,100,0,100,0
2021-09-21,Amador,005,37829,5030,4897,52,4949,59
2021-09-21,Butte,007,227075,18800,18229,3327,21556,232
2021-09-21,Calaveras,009,45235,3523,3437,40,3477,70
2021-09-21,Colusa,011,21464,2403,2378,548,2926,16
2021-09-21,Contra Costa,013,1133247,95034,94101,1951,96052,924
2021-09-21,Del Norte,015,27424,3504,3378,30,3408,34
2021-09-21,El Dorado,017,186661,14854,14578,1504,16082,127
2021-09-21,Fresno,019,978130,128147,125789,11650,137439,1892
2021-09-21,Glenn,021,27897,3223,3134,930,4064,25
2021-09-21,Humboldt,023,135768,8143,7955,408,8363,80
2021-09-21,Imperial,025,180216,31536,31185,3030,34215,755
2021-09-21,Inyo,027,18085,1695,1646,34,1680,39
2021-09-21,Kern,029,883053,117759,115534,18385,133919,1467
2021-09-21,Kings,031,150075,29220,28545,1667,30212,291
2021-09-21,Lake,033,64148,6165,6013,122,6135,90
2021-09-21,Lassen,035,31185,6359,6159,275,6434,25
2021-09-21,Los Angeles,037,10098052,1395657,1383277,52445,1435722,25893
2021-09-21,Madera,039,155013,20823,20317,1680,21997,262
2021-09-21,Marin,041,260295,16941,16748,398,17146,242
2021-09-21,Mariposa,043,17540,946,894,32,926,5
2021-09-21,Mendocino,045,87422,6815,6580,336,6916,68
2021-09-21,Merced,047,269075,38659,38225,1527,39752,539
2021-09-21,Modoc,049,8938,473,458,166,624,5
2021-09-21,Mono,051,14174,1527,1495,18,1513,3
2021-09-21,Monterey,053,433212,47465,46583,2598,49181,565
2021-09-21,Napa,055,140530,12354,12238,89,12327,95
2021-09-21,Nevada,057,99092,8386,8259,276,8535,84
2021-09-21,Orange,059,3164182,297311,293898,14061,307959,5357
2021-09-21,Placer,061,380077,34199,33609,3224,36833,365
2021-09-21,Plumas,063,18699,1275,1225,25,1250,5
2021-09-21,Riverside,065,2383286,347962,342460,15936,358396,4817
2021-09-21,Sacramento,067,1510023,148412,147378,3809,151187,2027
2021-09-21,San Benito,069,59416,6996,6950,145,7095,67
2021-09-21,San Bernardino,071,2135413,340564,337387,10598,347985,5520
2021-09-21,San Diego,073,3302833,354646,350265,20830,371095,4021
2021-09-21,San Francisco,075,870044,50360,49653,2163,51816,609
2021-09-21,San Joaquin,077,732212,94189,92762,5048,97810,1621
2021-09-21,San Luis Obispo,079,281455,27915,27318,1108,28426,314
2021-09-21,San Mateo,081,765935,52084,51136,787,51923,568
2021-09-21,Santa Barbara,083,443738,42144,41644,1480,43124,503
2021-09-21,Santa Clara,085,1922200,141084,139657,1113,140770,1843
2021-09-21,Santa Cruz,087,273765,19415,19140,975,20115,212
2021-09-21,Shasta,089,179085,18610,18027,3071,21098,258
2021-09-21,Sierra,091,2930,133,127,13,140,0
2021-09-21,Siskiyou,093,43540,3071,2927,1079,4006,36
2021-09-21,Solano,095,438530,44036,43220,1150,44370,311
2021-09-21,Sonoma,097,501317,39342,39042,492,39534,369
2021-09-21,Stanislaus,099,539301,72611,72211,8207,80418,1091
2021-09-21,Sutter,101,95872,13035,12930,257,13187,153
2021-09-21,Tehama,103,63373,7354,7151,1216,8367,85
2021-09-21,Trinity,105,12862,734,572,199,771,9
2021-09-21,Tulare,107,460477,62238,60607,12841,73448,896
2021-09-21,Tuolumne,109,53932,6223,6139,71,6210,89
2021-09-21,Ventura,111,848112,94773,93818,4141,97959,1120
2021-09-21,Yolo,113,214977,18582,18313,954,19267,239
2021-09-21,Yuba,115,75493,9271,9135,210,9345,61
2021-09-20,Alameda,001,1643700,114551,113637,2630,116267,1320
2021-09-20,Alpine,003,1148,99,100,0,100,0
2021-09-20,Amador,005,37829,5012,4883,51,4934,59
2021-09-20,Butte,007,227075,18718,18135,3311,21446,231
2021-09-20,Calaveras,009,45235,3501,3395,39,3434,66
2021-09-20,Colusa,011,21464,2401,2376,545,2921,16
2021-09-20,Contra Costa,013,1133247,94884,93919,1945,95864,924
2021-09-20,Del Norte,015,27424,3496,3374,29,3403,34
2021-09-20,El Dorado,017,186661,14821,14545,1492,16037,127
2021-09-20,Fresno,019,978130,127734,125287,11622,136909,1889
2021-09-20,Glenn,021,27897,3212,3112,927,4039,25
2021-09-20,Humboldt,023,135768,8107,7938,403,8341,80
2021-09-20,Imperial,025,180216,31453,31146,3029,34175,755
2021-09-20,Inyo,027,18085,1687,1641,33,1674,39
2021-09-20,Kern,029,883053,117420,115271,18253,133524,1459
2021-09-20,Kings,031,150075,29133,28471,1661,30132,285
2021-09-20,Lake,033,64148,6150,5984,121,6105,87
2021-09-20,Lassen,035,31185,6329,6132,275,6407,25
2021-09-20,Los Angeles,037,10098052,1394136,1382206,52364,1434570,25858
2021-09-20,Madera,039,155013,20770,20203,1673,21876,257
2021-09-20,Marin,041,260295,16916,16732,396,17128,242
2021-09-20,Mariposa,043,17540,935,887,32,919,5
2021-09-20,Mendocino,045,87422,6781,6568,330,6898,67
2021-09-20,Merced,047,269075,38548,38144,1516,39660,536
2021-09-20,Modoc,049,8938,472,457,164,621,5
2021-09-20,Mono,051,14174,1521,1480,18,1498,3
2021-09-20,Monterey,053,433212,47423,46506,2580,49086,565
2021-09-20,Napa,055,140530,12329,12209,88,12297,95
2021-09-20,Nevada,057,99092,8366,8228,274,8502,84
2021-09-20,Orange,059,3164182,296968,293642,14034,307676,5354
2021-09-20,Placer,061,380077,34108,33531,3209,36740,364
2021-09-20,Plumas,063,18699,1270,1211,25,1236,5
2021-09-20,Riverside,065,2383286,347462,341961,15923,357884,4802
2021-09-20,Sacramento,067,1510023,148038,147016,3775,150791,2016
2021-09-20,San Benito,069,59416,6987,6947,144,7091,67
2021-09-20,San Bernardino,071,2135413,340168,337059,10582,347641,5507
2021-09-20,San Diego,073,3302833,353969,349579,20793,370372,4009
2021-09-20,San Francisco,075,870044,50253,49559,2162,51721,605
2021-09-20,San Joaquin,077,732212,93946,92614,5035,97649,1615
2021-09-20,San Luis Obispo,079,281455,27839,27259,1100,28359,313
2021-09-20,San Mateo,081,765935,51997,51100,784,51884,567
2021-09-20,Santa Barbara,083,443738,42045,41589,1476,43065,500
2021-09-20,Santa Clara,085,1922200,140883,139578,1111,140689,1841
2021-09-20,Santa Cruz,087,273765,19383,19121,975,20096,211
2021-09-20,Shasta,089,179085,18511,17893,3040,20933,258
2021-09-20,Sierra,091,2930,131,126,13,139,0
2021-09-20,Siskiyou,093,43540,3049,2902,1066,3968,35
2021-09-20,Solano,095,438530,43968,43152,1142,44294,312
2021-09-20,Sonoma,097,501317,39296,38991,492,39483,369
2021-09-20,Stanislaus,099,539301,72412,72031,8188,80219,1091
2021-09-20,Sutter,101,95872,12999,12896,252,13148,153
2021-09-20,Tehama,103,63373,7322,7121,1204,8325,84
2021-09-20,Trinity,105,12862,728,568,198,766,7
2021-09-20,Tulare,107,460477,62036,60302,12785,73087,896
2021-09-20,Tuolumne,109,53932,6197,6113,71,6184,89
2021-09-20,Ventura,111,848112,94660,93700,4134,97834,1120
2021-09-20,Yolo,113,214977,18536,18287,952,19239,239
2021-09-20,Yuba,115,75493,9235,9107,208,9315,61
2021-09-19,Alameda,001,1643700,114334,113446,2625,116071,1320
2021-09-19,Alpine,003,1148,99,100,0,100,0
2021-09-19,Amador,005,37829,4972,4875,50,4925,59
2021-09-19,Butte,007,227075,18625,18063,3284,21347,230
2021-09-19,Calaveras,009,45235,3477,3390,36,3426,66
2021-09-19,Colusa,011,21464,2399,2375,543,2918,16
2021-09-19,Contra Costa,013,1133247,94699,93788,1935,95723,924
2021-09-19,Del Norte,015,27424,3470,3344,28,3372,34
2021-09-19,El Dorado,017,186661,14768,14512,1486,15998,127
2021-09-19,Fresno,019,978130,127328,124985,11577,136562,1888
2021-09-19,Glenn,021,27897,3203,3102,924,4026,25
2021-09-19,Humboldt,023,135768,8062,7914,401,8315,80
2021-09-19,Imperial,025,180216,31384,31122,3026,34148,755
2021-09-19,Inyo,027,18085,1678,1639,33,1672,39
2021-09-19,Kern,029,883053,117108,115074,18147,133221,1459
2021-09-19,Kings,031,150075,29005,28416,1652,30068,284
2021-09-19,Lake,033,64148,6119,5962,121,6083,87
2021-09-19,Lassen,035,31185,6309,6129,269,6398,25
2021-09-19,Los Angeles,037,10098052,1392161,1381200,52265,1433465,25852
2021-09-19,Madera,039,155013,20691,20161,1662,21823,257
2021-09-19,Marin,041,260295,16887,16711,394,17105,242
2021-09-19,Mariposa,043,17540,927,881,32,913,5
2021-09-19,Mendocino,045,87422,6736,6538,324,6862,67
2021-09-19,Merced,047,269075,38391,38068,1507,39575,535
2021-09-19,Modoc,049,8938,469,457,162,619,5
2021-09-19,Mono,051,14174,1516,1480,18,1498,3
2021-09-19,Monterey,053,433212,47368,46486,2577,49063,565
2021-09-19,Napa,055,140530,12308,12190,86,12276,95
2021-09-19,Nevada,057,99092,8338,8203,272,8475,84
2021-09-19,Orange,059,3164182,296600,293258,14012,307270,5354
2021-09-19,Placer,061,380077,33995,33406,3191,36597,364
2021-09-19,Plumas,063,18699,1262,1211,25,1236,5
2021-09-19,Riverside,065,2383286,346869,341566,15914,357480,4804
2021-09-19,Sacramento,067,1510023,147678,146603,3729,150332,2012
2021-09-19,San Benito,069,59416,6968,6942,144,7086,67
2021-09-19,San Bernardino,071,2135413,339677,336688,10571,347259,5506
2021-09-19,San Diego,073,3302833,353255,349225,20756,369981,4006
2021-09-19,San Francisco,075,870044,50145,49458,2153,51611,605
2021-09-19,San Joaquin,077,732212,93649,92467,5024,97491,1615
2021-09-19,San Luis Obispo,079,281455,27738,27208,1091,28299,313
2021-09-19,San Mateo,081,765935,51899,51028,783,51811,567
2021-09-19,Santa Barbara,083,443738,41939,41512,1476,42988,500
2021-09-19,Santa Clara,085,1922200,140697,139410,1106,140516,1841
2021-09-19,Santa Cruz,087,273765,19344,19096,975,20071,211
2021-09-19,Shasta,089,179085,18397,17813,3004,20817,258
2021-09-19,Sierra,091,2930,130,126,13,139,0
2021-09-19,Siskiyou,093,43540,3023,2882,1057,3939,35
2021-09-19,Solano,095,438530,43879,43056,1137,44193,312
2021-09-19,Sonoma,097,501317,39224,38956,488,39444,369
2021-09-19,Stanislaus,099,539301,72168,71830,8163,79993,1091
2021-09-19,Sutter,101,95872,12972,12868,245,13113,153
2021-09-19,Tehama,103,63373,7268,7081,1195,8276,84
2021-09-19,Trinity,105,12862,717,562,196,758,7
2021-09-19,Tulare,107,460477,61775,60160,12692,72852,896
2021-09-19,Tuolumne,109,53932,6155,6097,71,6168,89
2021-09-19,Ventura,111,848112,94498,93491,4125,97616,1120
2021-09-19,Yolo,113,214977,18487,18238,946,19184,239
2021-09-19,Yuba,115,75493,9209,9087,207,9294,61
2021-09-18,Alameda,001,1643700,114234,113300,2624,115924,1320
2021-09-18,Alpine,003,1148,99,100,0,100,0
2021-09-18,Amador,005,37829,4962,4850,50,4900,59
2021-09-18,Butte,007,227075,18588,17961,3270,21231,230
2021-09-18,Calaveras,009,45235,3472,3361,35,3396,66
2021-09-18,Colusa,011,21464,2399,2373,542,2915,16
2021-09-18,Contra Costa,013,1133247,94610,93656,1931,95587,924
2021-09-18,Del Norte,015,27424,3462,3326,26,3352,34
2021-09-18,El Dorado,017,186661,14745,14472,1483,15955,127
2021-09-18,Fresno,019,978130,127186,124771,11559,136330,1889
2021-09-18,Glenn,021,27897,3194,3086,921,4007,25
2021-09-18,Humboldt,023,135768,8048,7881,400,8281,80
2021-09-18,Imperial,025,180216,31360,31096,3025,34121,755
2021-09-18,Inyo,027,18085,1672,1636,33,1669,39
2021-09-18,Kern,029,883053,116953,114781,18083,132864,1459
2021-09-18,Kings,031,150075,28957,28330,1647,29977,285
2021-09-18,Lake,033,64148,6102,5936,121,6057,87
2021-09-18,Lassen,035,31185,6299,6121,267,6388,25
2021-09-18,Los Angeles,037,10098052,1391402,1379880,52214,1432094,25849
2021-09-18,Madera,039,155013,20647,20126,1652,21778,257
2021-09-18,Marin,041,260295,16870,16685,393,17078,242
2021-09-18,Mariposa,043,17540,924,871,32,903,5
2021-09-18,Mendocino,045,87422,6715,6523,324,6847,67
2021-09-18,Merced,047,269075,38354,37977,1501,39478,535
2021-09-18,Modoc,049,8938,469,457,161,618,5
2021-09-18,Mono,051,14174,1513,1480,18,1498,3
2021-09-18,Monterey,053,433212,47330,46466,2574,49040,565
2021-09-18,Napa,055,140530,12296,12168,86,12254,95
2021-09-18,Nevada,057,99092,8321,8183,272,8455,84
2021-09-18,Orange,059,3164182,296406,293005,13998,307003,5354
2021-09-18,Placer,061,380077,33923,33309,3188,36497,364
2021-09-18,Plumas,063,18699,1261,1204,25,1229,5
2021-09-18,Riverside,065,2383286,346484,341136,15899,357035,4802
2021-09-18,Sacramento,067,1510023,147496,146162,3720,149882,2016
2021-09-18,San Benito,069,59416,6963,6937,144,7081,67
2021-09-18,San Bernardino,071,2135413,339404,336380,10558,346938,5501
2021-09-18,San Diego,073,3302833,352857,348848,20743,369591,4006
2021-09-18,San Francisco,075,870044,50082,49359,2148,51507,605
2021-09-18,San Joaquin,077,732212,93538,92242,5012,97254,1615
2021-09-18,San Luis Obispo,079,281455,27701,27181,1088,28269,313
2021-09-18,San Mateo,081,765935,51848,50961,781,51742,567
2021-09-18,Santa Barbara,083,443738,41874,41465,1476,42941,500
2021-09-18,Santa Clara,085,1922200,140577,139233,1103,140336,1841
2021-09-18,Santa Cruz,087,273765,19324,19079,975,20054,211
2021-09-18,Shasta,089,179085,18334,17777,2987,20764,258
2021-09-18,Sierra,091,2930,129,125,13,138,0
2021-09-18,Siskiyou,093,43540,3020,2875,1051,3926,35
2021-09-18,Solano,095,438530,43839,42966,1134,44100,312
2021-09-18,Sonoma,097,501317,39189,38891,486,39377,369
2021-09-18,Stanislaus,099,539301,72022,71587,8138,79725,1091
2021-09-18,Sutter,101,95872,12958,12829,245,13074,153
2021-09-18,Tehama,103,63373,7254,7055,1188,8243,84
2021-09-18,Trinity,105,12862,715,561,196,757,7
2021-09-18,Tulare,107,460477,61699,60003,12640,72643,896
2021-09-18,Tuolumne,109,53932,6140,6069,71,6140,89
2021-09-18,Ventura,111,848112,94430,93424,4120,97544,1120
2021-09-18,Yolo,113,214977,18460,18213,941,19154,239
2021-09-18,Yuba,115,75493,9195,9061,206,9267,61
2021-09-17,Alameda,001,1643700,114109,113070,2622,115692,1320
2021-09-17,Alpine,003,1148,99,99,0,99,0
2021-09-17,Amador,005,37829,4946,4835,49,4884,58
2021-09-17,Butte,007,227075,18536,17870,3261,21131,230
2021-09-17,Calaveras,009,45235,3460,3338,34,3372,66
2021-09-17,Colusa,011,21464,2398,2369,537,2906,16
2021-09-17,Contra Costa,013,1133247,94508,93485,1928,95413,924
2021-09-17,Del Norte,015,27424,3457,3311,24,3335,34
2021-09-17,El Dorado,017,186661,14726,14421,1481,15902,127
2021-09-17,Fresno,019,978130,126967,124296,11543,135839,1882
2021-09-17,Glenn,021,27897,3177,3072,917,3989,25
2021-09-17,Humboldt,023,135768,8027,7850,400,8250,80
2021-09-17,Imperial,025,180216,31334,31031,3024,34055,755
2021-09-17,Inyo,027,18085,1664,1634,33,1667,39
2021-09-17,Kern,029,883053,116762,114303,17986,132289,1456
2021-09-17,Kings,031,150075,28892,28240,1645,29885,281
2021-09-17,Lake,033,64148,6089,5915,121,6036,87
2021-09-17,Lassen,035,31185,6284,6080,265,6345,25
2021-09-17,Los Angeles,037,10098052,1390425,1377905,52147,1430052,25820
2021-09-17,Madera,039,155013,20596,20040,1640,21680,257
2021-09-17,Marin,041,260295,16857,16658,391,17049,242
2021-09-17,Mariposa,043,17540,922,869,32,901,5
2021-09-17,Mendocino,045,87422,6696,6498,324,6822,67
2021-09-17,Merced,047,269075,38307,37803,1499,39302,533
2021-09-17,Modoc,049,8938,469,456,161,617,5
2021-09-17,Mono,051,14174,1509,1457,18,1475,3
2021-09-17,Monterey,053,433212,47307,46421,2573,48994,564
2021-09-17,Napa,055,140530,12275,12153,86,12239,95
2021-09-17,Nevada,057,99092,8306,8157,272,8429,84
2021-09-17,Orange,059,3164182,296186,292685,13980,306665,5346
2021-09-17,Placer,061,380077,33862,33188,3178,36366,362
2021-09-17,Plumas,063,18699,1252,1192,24,1216,5
2021-09-17,Riverside,065,2383286,346084,340445,15888,356333,4792
2021-09-17,Sacramento,067,1510023,147297,145985,3709,149694,1999
2021-09-17,San Benito,069,59416,6960,6929,144,7073,67
2021-09-17,San Bernardino,071,2135413,339048,335810,10551,346361,5488
2021-09-17,San Diego,073,3302833,352422,348098,20726,368824,4002
2021-09-17,San Francisco,075,870044,50030,49249,2143,51392,605
2021-09-17,San Joaquin,077,732212,93400,91977,5001,96978,1610
2021-09-17,San Luis Obispo,079,281455,27667,27102,1077,28179,311
2021-09-17,San Mateo,081,765935,51795,50854,780,51634,564
2021-09-17,Santa Barbara,083,443738,41811,41354,1475,42829,498
2021-09-17,Santa Clara,085,1922200,140428,138939,1101,140040,1838
2021-09-17,Santa Cruz,087,273765,19300,19039,975,20014,211
2021-09-17,Shasta,089,179085,18263,17617,2974,20591,254
2021-09-17,Sierra,091,2930,129,124,13,137,0
2021-09-17,Siskiyou,093,43540,3005,2852,1051,3903,35
2021-09-17,Solano,095,438530,43776,42898,1130,44028,312
2021-09-17,Sonoma,097,501317,39152,38808,485,39293,369
2021-09-17,Stanislaus,099,539301,71915,71408,8120,79528,1091
2021-09-17,Sutter,101,95872,12942,12799,242,13041,153
2021-09-17,Tehama,103,63373,7230,7020,1176,8196,84
2021-09-17,Trinity,105,12862,710,556,195,751,7
2021-09-17,Tulare,107,460477,61584,59689,12606,72295,895
2021-09-17,Tuolumne,109,53932,6121,6047,71,6118,89
2021-09-17,Ventura,111,848112,94318,93273,4118,97391,1116
2021-09-17,Yolo,113,214977,18429,18177,937,19114,239
2021-09-17,Yuba,115,75493,9168,9019,205,9224,61
2021-09-16,Alameda,001,1643700,113933,112770,2619,115389,1318
2021-09-16,Alpine,003,1148,99,99,0,99,0
2021-09-16,Amador,005,37829,4926,4819,49,4868,58
2021-09-16,Butte,007,227075,18462,17750,3245,20995,230
2021-09-16,Calaveras,009,45235,3428,3313,34,3347,66
2021-09-16,Colusa,011,21464,2396,2363,535,2898,16
2021-09-16,Contra Costa,013,1133247,94336,93213,1920,95133,917
2021-09-16,Del Norte,015,27424,3439,3285,24,3309,34
2021-09-16,El Dorado,017,186661,14686,14372,1473,15845,127
2021-09-16,Fresno,019,978130,126610,123853,11500,135353,1868
2021-09-16,Glenn,021,27897,3167,3068,915,3983,24
2021-09-16,Humboldt,023,135768,7993,7809,390,8199,80
2021-09-16,Imperial,025,180216,31291,30966,3016,33982,753
2021-09-16,Inyo,027,18085,1662,1623,33,1656,39
2021-09-16,Kern,029,883053,116491,113828,17918,131746,1448
2021-09-16,Kings,031,150075,28806,28114,1636,29750,280
2021-09-16,Lake,033,64148,6065,5890,118,6008,87
2021-09-16,Lassen,035,31185,6249,6028,260,6288,25
2021-09-16,Los Angeles,037,10098052,1389035,1376277,52082,1428359,25796
2021-09-16,Madera,039,155013,20518,19974,1634,21608,257
2021-09-16,Marin,041,260295,16830,16625,390,17015,242
2021-09-16,Mariposa,043,17540,916,849,32,881,6
2021-09-16,Mendocino,045,87422,6658,6445,313,6758,67
2021-09-16,Merced,047,269075,38200,37675,1496,39171,532
2021-09-16,Modoc,049,8938,467,455,161,616,5
2021-09-16,Mono,051,14174,1503,1449,18,1467,3
2021-09-16,Monterey,053,433212,47253,46342,2567,48909,562
2021-09-16,Napa,055,140530,12250,12115,82,12197,95
2021-09-16,Nevada,057,99092,8279,8121,271,8392,84
2021-09-16,Orange,059,3164182,295840,292183,13960,306143,5340
2021-09-16,Placer,061,380077,33766,33037,3158,36195,354
2021-09-16,Plumas,063,18699,1244,1178,24,1202,5
2021-09-16,Riverside,065,2383286,345553,339770,15874,355644,4786
2021-09-16,Sacramento,067,1510023,146941,145754,3677,149431,1996
2021-09-16,San Benito,069,59416,6947,6913,143,7056,67
2021-09-16,San Bernardino,071,2135413,338620,335129,10544,345673,5474
2021-09-16,San Diego,073,3302833,351798,347472,20687,368159,3994
2021-09-16,San Francisco,075,870044,49944,49133,2134,51267,605
2021-09-16,San Joaquin,077,732212,93162,91650,4956,96606,1608
2021-09-16,San Luis Obispo,079,281455,27594,27044,1073,28117,310
2021-09-16,San Mateo,081,765935,51718,50773,778,51551,564
2021-09-16,Santa Barbara,083,443738,41745,41272,1472,42744,497
2021-09-16,Santa Clara,085,1922200,140272,138685,1097,139782,1835
2021-09-16,Santa Cruz,087,273765,19273,19011,975,19986,211
2021-09-16,Shasta,089,179085,18138,17438,2940,20378,251
2021-09-16,Sierra,091,2930,129,123,13,136,0
2021-09-16,Siskiyou,093,43540,2985,2819,1044,3863,35
2021-09-16,Solano,095,438530,43704,42792,1121,43913,312
2021-09-16,Sonoma,097,501317,39089,38707,484,39191,369
2021-09-16,Stanislaus,099,539301,71682,71105,8103,79208,1091
2021-09-16,Sutter,101,95872,12898,12729,236,12965,152
2021-09-16,Tehama,103,63373,7191,6953,1165,8118,83
2021-09-16,Trinity,105,12862,707,547,194,741,7
2021-09-16,Tulare,107,460477,61362,59459,12531,71990,894
2021-09-16,Tuolumne,109,53932,6101,5999,70,6069,89
2021-09-16,Ventura,111,848112,94178,93087,4114,97201,1110
2021-09-16,Yolo,113,214977,18397,18135,935,19070,239
2021-09-16,Yuba,115,75493,9134,8981,202,9183,61
2021-09-15,Alameda,001,1643700,113767,112498,2611,115109,1317
2021-09-15,Alpine,003,1148,99,99,0,99,0
2021-09-15,Amador,005,37829,4918,4792,49,4841,58
2021-09-15,Butte,007,227075,18363,17664,3227,20891,228
2021-09-15,Calaveras,009,45235,3399,3293,32,3325,66
2021-09-15,Colusa,011,21464,2394,2352,532,2884,16
2021-09-15,Contra Costa,013,1133247,94156,92989,1908,94897,913
2021-09-15,Del Norte,015,27424,3426,3271,22,3293,34
2021-09-15,El Dorado,017,186661,14660,14309,1465,15774,127
2021-09-15,Fresno,019,978130,126230,123370,11442,134812,1867
2021-09-15,Glenn,021,27897,3155,3051,910,3961,20
2021-09-15,Humboldt,023,135768,7958,7754,385,8139,52
2021-09-15,Imperial,025,180216,31236,30891,3011,33902,753
2021-09-15,Inyo,027,18085,1658,1614,33,1647,39
2021-09-15,Kern,029,883053,116144,113546,17819,131365,1434
2021-09-15,Kings,031,150075,28727,27991,1627,29618,279
2021-09-15,Lake,033,64148,6033,5852,117,5969,85
2021-09-15,Lassen,035,31185,6189,6018,255,6273,25
2021-09-15,Los Angeles,037,10098052,1387534,1374307,52013,1426320,25767
2021-09-15,Madera,039,155013,20443,19880,1626,21506,257
2021-09-15,Marin,041,260295,16795,16592,385,16977,242
2021-09-15,Mariposa,043,17540,904,843,32,875,5
2021-09-15,Mendocino,045,87422,6628,6399,308,6707,66
2021-09-15,Merced,047,269075,38092,37508,1494,39002,529
2021-09-15,Modoc,049,8938,467,454,161,615,5
2021-09-15,Mono,051,14174,1497,1445,18,1463,3
2021-09-15,Monterey,053,433212,47183,46317,2555,48872,562
2021-09-15,Napa,055,140530,12229,12082,82,12164,95
2021-09-15,Nevada,057,99092,8257,8081,268,8349,84
2021-09-15,Orange,059,3164182,295518,291834,13941,305775,5328
2021-09-15,Placer,061,380077,33654,32860,3137,35997,352
2021-09-15,Plumas,063,18699,1239,1164,23,1187,5
2021-09-15,Riverside,065,2383286,344970,339077,15850,354927,4769
2021-09-15,Sacramento,067,1510023,146514,145202,3646,148848,1981
2021-09-15,San Benito,069,59416,6944,6902,143,7045,67
2021-09-15,San Bernardino,071,2135413,338159,334556,10530,345086,5470
2021-09-15,San Diego,073,3302833,351171,346933,20659,367592,3983
2021-09-15,San Francisco,075,870044,49833,48999,2129,51128,605
2021-09-15,San Joaquin,077,732212,92886,91322,4914,96236,1607
2021-09-15,San Luis Obispo,079,281455,27511,26943,1067,28010,306
2021-09-15,San Mateo,081,765935,51636,50691,775,51466,564
2021-09-15,Santa Barbara,083,443738,41642,41077,1467,42544,497
2021-09-15,Santa Clara,085,1922200,140099,138410,1092,139502,1833
2021-09-15,Santa Cruz,087,273765,19235,18984,973,19957,210
2021-09-15,Shasta,089,179085,18027,17317,2919,20236,250
2021-09-15,Sierra,091,2930,129,123,13,136,0
2021-09-15,Siskiyou,093,43540,2965,2804,1014,3818,35
2021-09-15,Solano,095,438530,43632,42682,1116,43798,312
2021-09-15,Sonoma,097,501317,39031,38629,483,39112,369
2021-09-15,Stanislaus,099,539301,71458,70852,8081,78933,1091
2021-09-15,Sutter,101,95872,12865,12699,231,12930,151
2021-09-15,Tehama,103,63373,7150,6894,1156,8050,79
2021-09-15,Trinity,105,12862,705,541,192,733,7
2021-09-15,Tulare,107,460477,61103,59149,12470,71619,890
2021-09-15,Tuolumne,109,53932,6075,5969,70,6039,89
2021-09-15,Ventura,111,848112,94035,92960,4107,97067,1109
2021-09-15,Yolo,113,214977,18363,18064,927,18991,239
2021-09-15,Yuba,115,75493,9100,8953,202,9155,61
2021-09-14,Alameda,001,1643700,113560,112329,2606,114935,1316
2021-09-14,Alpine,003,1148,99,98,0,98,0
2021-09-14,Amador,005,37829,4898,4790,49,4839,57
2021-09-14,Butte,007,227075,18228,17516,3204,20720,226
2021-09-14,Calaveras,009,45235,3379,3280,29,3309,66
2021-09-14,Colusa,011,21464,2390,2344,528,2872,16
2021-09-14,Contra Costa,013,1133247,93958,92822,1900,94722,908
2021-09-14,Del Norte,015,27424,3410,3252,21,3273,32
2021-09-14,El Dorado,017,186661,14607,14247,1457,15704,123
2021-09-14,Fresno,019,978130,125755,123151,11389,134540,1856
2021-09-14,Glenn,021,27897,3138,3045,906,3951,20
2021-09-14,Humboldt,023,135768,7924,7717,380,8097,52
2021-09-14,Imperial,025,180216,31186,30845,3008,33853,752
2021-09-14,Inyo,027,18085,1649,1605,32,1637,39
2021-09-14,Kern,029,883053,115761,113250,17693,130943,1428
2021-09-14,Kings,031,150075,28651,27955,1619,29574,278
2021-09-14,Lake,033,64148,6001,5845,117,5962,83
2021-09-14,Lassen,035,31185,6175,5977,250,6227,25
2021-09-14,Los Angeles,037,10098052,1385696,1372831,51929,1424760,25729
2021-09-14,Madera,039,155013,20361,19800,1615,21415,254
2021-09-14,Marin,041,260295,16767,16584,383,16967,242
2021-09-14,Mariposa,043,17540,893,834,31,865,5
2021-09-14,Mendocino,045,87422,6592,6372,296,6668,65
2021-09-14,Merced,047,269075,37942,37430,1490,38920,526
2021-09-14,Modoc,049,8938,466,453,161,614,5
2021-09-14,Mono,051,14174,1493,1440,18,1458,4
2021-09-14,Monterey,053,433212,47142,46224,2543,48767,558
2021-09-14,Napa,055,140530,12196,12070,81,12151,91
2021-09-14,Nevada,057,99092,8223,8056,268,8324,83
2021-09-14,Orange,059,3164182,295125,291423,13917,305340,5319
2021-09-14,Placer,061,380077,33522,32735,3117,35852,350
2021-09-14,Plumas,063,18699,1224,1148,23,1171,5
2021-09-14,Riverside,065,2383286,344330,338534,15819,354353,4748
2021-09-14,Sacramento,067,1510023,146129,145051,3598,148649,1977
2021-09-14,San Benito,069,59416,6934,6887,143,7030,64
2021-09-14,San Bernardino,071,2135413,337663,333968,10504,344472,5465
2021-09-14,San Diego,073,3302833,350505,346204,20608,366812,3966
2021-09-14,San Francisco,075,870044,49699,48998,2127,51125,603
2021-09-14,San Joaquin,077,732212,92647,91128,4904,96032,1596
2021-09-14,San Luis Obispo,079,281455,27438,26845,1062,27907,304
2021-09-14,San Mateo,081,765935,51537,50602,772,51374,564
2021-09-14,Santa Barbara,083,443738,41546,40783,1458,42241,495
2021-09-14,Santa Clara,085,1922200,139864,138321,1089,139410,1828
2021-09-14,Santa Cruz,087,273765,19195,18965,971,19936,210
2021-09-14,Shasta,089,179085,17896,17152,2898,20050,246
2021-09-14,Sierra,091,2930,129,123,13,136,0
2021-09-14,Siskiyou,093,43540,2941,2756,997,3753,35
2021-09-14,Solano,095,438530,43549,42599,1113,43712,307
2021-09-14,Sonoma,097,501317,38962,38595,479,39074,369
2021-09-14,Stanislaus,099,539301,71199,70697,8053,78750,1091
2021-09-14,Sutter,101,95872,12823,12670,224,12894,149
2021-09-14,Tehama,103,63373,7096,6859,1148,8007,80
2021-09-14,Trinity,105,12862,699,538,191,729,7
2021-09-14,Tulare,107,460477,60850,58961,12398,71359,888
2021-09-14,Tuolumne,109,53932,6054,5951,68,6019,89
2021-09-14,Ventura,111,848112,93850,92841,4090,96931,1107
2021-09-14,Yolo,113,214977,18319,18039,922,18961,239
2021-09-14,Yuba,115,75493,9064,8928,202,9130,61
2021-09-13,Alameda,001,1643700,113346,112159,2601,114760,1309
2021-09-13,Alpine,003,1148,98,98,0,98,0
2021-09-13,Amador,005,37829,4880,4761,49,4810,56
2021-09-13,Butte,007,227075,18103,17393,3177,20570,225
2021-09-13,Calaveras,009,45235,3353,3253,28,3281,65
2021-09-13,Colusa,011,21464,2381,2346,524,2870,16
2021-09-13,Contra Costa,013,1133247,93712,92658,1895,94553,908
2021-09-13,Del Norte,015,27424,3374,3232,21,3253,28
2021-09-13,El Dorado,017,186661,14546,14194,1449,15643,119
2021-09-13,Fresno,019,978130,125288,122650,11322,133972,1853
2021-09-13,Glenn,021,27897,3124,3026,899,3925,20
2021-09-13,Humboldt,023,135768,7892,7659,377,8036,52
2021-09-13,Imperial,025,180216,31133,30802,3005,33807,751
2021-09-13,Inyo,027,18085,1642,1602,32,1634,39
2021-09-13,Kern,029,883053,115378,112930,17570,130500,1424
2021-09-13,Kings,031,150075,28541,27858,1607,29465,275
2021-09-13,Lake,033,64148,5979,5809,117,5926,82
2021-09-13,Lassen,035,31185,6140,5953,249,6202,25
2021-09-13,Los Angeles,037,10098052,1383831,1371423,51861,1423284,25703
2021-09-13,Madera,039,155013,20291,19735,1600,21335,252
2021-09-13,Marin,041,260295,16731,16557,382,16939,242
2021-09-13,Mariposa,043,17540,879,825,31,856,5
2021-09-13,Mendocino,045,87422,6557,6323,287,6610,61
2021-09-13,Merced,047,269075,37791,37291,1485,38776,521
2021-09-13,Modoc,049,8938,465,451,161,612,5
2021-09-13,Mono,051,14174,1487,1435,18,1453,3
2021-09-13,Monterey,053,433212,47051,46188,2530,48718,558
2021-09-13,Napa,055,140530,12178,12039,81,12120,91
2021-09-13,Nevada,057,99092,8197,8021,266,8287,83
2021-09-13,Orange,059,3164182,294693,291128,13896,305024,5312
2021-09-13,Placer,061,380077,33357,32617,3100,35717,343
2021-09-13,Plumas,063,18699,1215,1142,23,1165,5
2021-09-13,Riverside,065,2383286,343685,337876,15801,353677,4731
2021-09-13,Sacramento,067,1510023,145642,144537,3564,148101,1956
2021-09-13,San Benito,069,59416,6919,6867,142,7009,64
2021-09-13,San Bernardino,071,2135413,337171,333613,10479,344092,5441
2021-09-13,San Diego,073,3302833,349716,345647,20556,366203,3961
2021-09-13,San Francisco,075,870044,49570,48914,2121,51035,603
2021-09-13,San Joaquin,077,732212,92363,90966,4886,95852,1581
2021-09-13,San Luis Obispo,079,281455,27341,26805,1059,27864,300
2021-09-13,San Mateo,081,765935,51447,50525,767,51292,564
2021-09-13,Santa Barbara,083,443738,41427,40661,1451,42112,494
2021-09-13,Santa Clara,085,1922200,139616,138152,1084,139236,1820
2021-09-13,Santa Cruz,087,273765,19155,18917,970,19887,210
2021-09-13,Shasta,089,179085,17766,17033,2857,19890,243
2021-09-13,Sierra,091,2930,129,123,13,136,0
2021-09-13,Siskiyou,093,43540,2926,2745,985,3730,35
2021-09-13,Solano,095,438530,43445,42501,1110,43611,306
2021-09-13,Sonoma,097,501317,38895,38513,476,38989,368
2021-09-13,Stanislaus,099,539301,70945,70477,8017,78494,1091
2021-09-13,Sutter,101,95872,12765,12624,220,12844,145
2021-09-13,Tehama,103,63373,7033,6803,1136,7939,79
2021-09-13,Trinity,105,12862,697,533,189,722,7
2021-09-13,Tulare,107,460477,60566,58768,12337,71105,887
2021-09-13,Tuolumne,109,53932,6023,5909,68,5977,89
2021-09-13,Ventura,111,848112,93688,92679,4082,96761,1107
2021-09-13,Yolo,113,214977,18274,17974,917,18891,239
2021-09-13,Yuba,115,75493,9019,8884,201,9085,61
2021-09-12,Alameda,001,1643700,113083,111961,2598,114559,1309
2021-09-12,Alpine,003,1148,98,98,0,98,0
2021-09-12,Amador,005,37829,4859,4752,49,4801,56
2021-09-12,Butte,007,227075,17958,17257,3133,20390,221
2021-09-12,Calaveras,009,45235,3323,3236,24,3260,65
2021-09-12,Colusa,011,21464,2378,2344,523,2867,16
2021-09-12,Contra Costa,013,1133247,93444,92498,1883,94381,908
2021-09-12,Del Norte,015,27424,3339,3200,21,3221,28
2021-09-12,El Dorado,017,186661,14473,14167,1433,15600,119
2021-09-12,Fresno,019,978130,124768,122407,11265,133672,1853
2021-09-12,Glenn,021,27897,3107,3016,894,3910,20
2021-09-12,Humboldt,023,135768,7822,7636,366,8002,52
2021-09-12,Imperial,025,180216,31070,30790,3000,33790,751
2021-09-12,Inyo,027,18085,1632,1596,30,1626,39
2021-09-12,Kern,029,883053,114966,112602,17411,130013,1424
2021-09-12,Kings,031,150075,28430,27764,1590,29354,274
2021-09-12,Lake,033,64148,5940,5781,115,5896,82
2021-09-12,Lassen,035,31185,6103,5943,239,6182,25
2021-09-12,Los Angeles,037,10098052,1381771,1365968,51785,1417753,25630
2021-09-12,Madera,039,155013,20204,19691,1587,21278,252
2021-09-12,Marin,041,260295,16708,16526,382,16908,242
2021-09-12,Mariposa,043,17540,868,811,29,840,5
2021-09-12,Mendocino,045,87422,6516,6283,278,6561,61
2021-09-12,Merced,047,269075,37619,37172,1474,38646,521
2021-09-12,Modoc,049,8938,465,451,160,611,5
2021-09-12,Mono,051,14174,1480,1431,18,1449,3
2021-09-12,Monterey,053,433212,46952,46167,2520,48687,558
2021-09-12,Napa,055,140530,12148,12011,81,12092,91
2021-09-12,Nevada,057,99092,8157,7987,265,8252,83
2021-09-12,Orange,059,3164182,294229,290718,13875,304593,5312
2021-09-12,Placer,061,380077,33208,32520,3076,35596,343
2021-09-12,Plumas,063,18699,1196,1138,23,1161,5
2021-09-12,Riverside,065,2383286,343002,337332,15767,353099,4731
2021-09-12,Sacramento,067,1510023,145134,144030,3524,147554,1959
2021-09-12,San Benito,069,59416,6900,6852,141,6993,64
2021-09-12,San Bernardino,071,2135413,336556,333049,10466,343515,5439
2021-09-12,San Diego,073,3302833,348896,345058,20480,365538,3942
2021-09-12,San Francisco,075,870044,49459,48819,2114,50933,603
2021-09-12,San Joaquin,077,732212,92034,90730,4878,95608,1581
2021-09-12,San Luis Obispo,079,281455,27222,26729,1046,27775,299
2021-09-12,San Mateo,081,765935,51339,50432,763,51195,564
2021-09-12,Santa Barbara,083,443738,41315,40600,1444,42044,494
2021-09-12,Santa Clara,085,1922200,139361,137899,1081,138980,1820
2021-09-12,Santa Cruz,087,273765,19122,18892,969,19861,210
2021-09-12,Shasta,089,179085,17601,16957,2798,19755,243
2021-09-12,Sierra,091,2930,129,123,13,136,0
2021-09-12,Siskiyou,093,43540,2898,2730,970,3700,35
2021-09-12,Solano,095,438530,43339,42409,1105,43514,306
2021-09-12,Sonoma,097,501317,38816,38456,474,38930,368
2021-09-12,Stanislaus,099,539301,70645,70184,7978,78162,1091
2021-09-12,Sutter,101,95872,12723,12589,214,12803,145
2021-09-12,Tehama,103,63373,6969,6732,1124,7856,79
2021-09-12,Trinity,105,12862,693,529,187,716,7
2021-09-12,Tulare,107,460477,60212,58582,12277,70859,887
2021-09-12,Tuolumne,109,53932,5990,5888,68,5956,89
2021-09-12,Ventura,111,848112,93561,92496,4076,96572,1107
2021-09-12,Yolo,113,214977,18208,17943,909,18852,239
2021-09-12,Yuba,115,75493,8984,8842,201,9043,61
2021-09-11,Alameda,001,1643700,112958,111715,2596,114311,1309
2021-09-11,Alpine,003,1148,98,98,0,98,0
2021-09-11,Amador,005,37829,4846,4728,48,4776,56
2021-09-11,Butte,007,227075,17876,17218,3106,20324,221
2021-09-11,Calaveras,009,45235,3315,3208,23,3231,65
2021-09-11,Colusa,011,21464,2377,2338,520,2858,16
2021-09-11,Contra Costa,013,1133247,93325,92269,1878,94147,908
2021-09-11,Del Norte,015,27424,3323,3184,21,3205,28
2021-09-11,El Dorado,017,186661,14454,14117,1427,15544,119
2021-09-11,Fresno,019,978130,124588,122224,11240,133464,1853
2021-09-11,Glenn,021,27897,3097,3007,891,3898,20
2021-09-11,Humboldt,023,135768,7800,7615,363,7978,52
2021-09-11,Imperial,025,180216,31045,30760,2996,33756,751
2021-09-11,Inyo,027,18085,1629,1590,30,1620,39
2021-09-11,Kern,029,883053,114716,112205,17295,129500,1424
2021-09-11,Kings,031,150075,28381,27631,1584,29215,275
2021-09-11,Lake,033,64148,5919,5761,115,5876,82
2021-09-11,Lassen,035,31185,6088,5930,235,6165,25
2021-09-11,Los Angeles,037,10098052,1380805,1365831,51720,1417551,25630
2021-09-11,Madera,039,155013,20151,19648,1582,21230,252
2021-09-11,Marin,041,260295,16680,16496,381,16877,242
2021-09-11,Mariposa,043,17540,863,799,29,828,5
2021-09-11,Mendocino,045,87422,6492,6257,278,6535,61
2021-09-11,Merced,047,269075,37565,37042,1471,38513,521
2021-09-11,Modoc,049,8938,465,449,160,609,5
2021-09-11,Mono,051,14174,1474,1431,18,1449,3
2021-09-11,Monterey,053,433212,46915,46140,2517,48657,558
2021-09-11,Napa,055,140530,12125,11991,81,12072,91
2021-09-11,Nevada,057,99092,8142,7967,265,8232,83
2021-09-11,Orange,059,3164182,293927,290429,13858,304287,5306
2021-09-11,Placer,061,380077,33125,32414,3065,35479,344
2021-09-11,Plumas,063,18699,1191,1112,23,1135,5
2021-09-11,Riverside,065,2383286,342563,336585,15753,352338,4731
2021-09-11,Sacramento,067,1510023,144833,143557,3512,147069,1955
2021-09-11,San Benito,069,59416,6887,6844,141,6985,64
2021-09-11,San Bernardino,071,2135413,336214,332512,10452,342964,5430
2021-09-11,San Diego,073,3302833,348406,344355,20456,364811,3942
2021-09-11,San Francisco,075,870044,49404,48660,2109,50769,603
2021-09-11,San Joaquin,077,732212,91889,90482,4871,95353,1581
2021-09-11,San Luis Obispo,079,281455,27176,26651,1045,27696,299
2021-09-11,San Mateo,081,765935,51267,50341,763,51104,564
2021-09-11,Santa Barbara,083,443738,41242,40451,1444,41895,494
2021-09-11,Santa Clara,085,1922200,139211,137659,1078,138737,1820
2021-09-11,Santa Cruz,087,273765,19093,18865,969,19834,210
2021-09-11,Shasta,089,179085,17508,16877,2778,19655,243
2021-09-11,Sierra,091,2930,129,123,13,136,0
2021-09-11,Siskiyou,093,43540,2881,2717,967,3684,35
2021-09-11,Solano,095,438530,43288,42344,1102,43446,306
2021-09-11,Sonoma,097,501317,38769,38399,472,38871,368
2021-09-11,Stanislaus,099,539301,70520,69974,7964,77938,1091
2021-09-11,Sutter,101,95872,12697,12538,211,12749,145
2021-09-11,Tehama,103,63373,6948,6703,1116,7819,79
2021-09-11,Trinity,105,12862,686,526,187,713,7
2021-09-11,Tulare,107,460477,60101,58321,12230,70551,889
2021-09-11,Tuolumne,109,53932,5971,5879,65,5944,89
2021-09-11,Ventura,111,848112,93479,92328,4071,96399,1107
2021-09-11,Yolo,113,214977,18185,17906,904,18810,239
2021-09-11,Yuba,115,75493,8959,8813,201,9014,61
2021-09-10,Alameda,001,1643700,112767,111386,2595,113981,1306
2021-09-10,Alpine,003,1148,97,97,0,97,0
2021-09-10,Amador,005,37829,4834,4706,48,4754,56
2021-09-10,Butte,007,227075,17801,17051,3091,20142,222
2021-09-10,Calaveras,009,45235,3306,3183,23,3206,65
2021-09-10,Colusa,011,21464,2373,2327,517,2844,16
2021-09-10,Contra Costa,013,1133247,93202,92024,1876,93900,908
2021-09-10,Del Norte,015,27424,3308,3128,20,3148,28
2021-09-10,El Dorado,017,186661,14423,14051,1423,15474,119
2021-09-10,Fresno,019,978130,124265,121659,11210,132869,1846
2021-09-10,Glenn,021,27897,3090,2977,890,3867,20
2021-09-10,Humboldt,023,135768,7768,7543,359,7902,52
2021-09-10,Imperial,025,180216,31022,30716,2994,33710,751
2021-09-10,Inyo,027,18085,1625,1590,30,1620,39
2021-09-10,Kern,029,883053,114462,111832,17179,129011,1419
2021-09-10,Kings,031,150075,28307,27473,1575,29048,274
2021-09-10,Lake,033,64148,5903,5713,113,5826,79
2021-09-10,Lassen,035,31185,6080,5914,232,6146,25
2021-09-10,Los Angeles,037,10098052,1379596,1365709,51653,1417362,25630
2021-09-10,Madera,039,155013,20105,19520,1575,21095,252
2021-09-10,Marin,041,260295,16660,16458,378,16836,242
2021-09-10,Mariposa,043,17540,858,795,29,824,5
2021-09-10,Mendocino,045,87422,6460,6184,277,6461,61
2021-09-10,Merced,047,269075,37513,36884,1470,38354,521
2021-09-10,Modoc,049,8938,465,448,160,608,5
2021-09-10,Mono,051,14174,1469,1422,18,1440,3
2021-09-10,Monterey,053,433212,46871,46084,2515,48599,557
2021-09-10,Napa,055,140530,12100,11948,81,12029,90
2021-09-10,Nevada,057,99092,8124,7932,264,8196,83
2021-09-10,Orange,059,3164182,293619,290022,13849,303871,5302
2021-09-10,Placer,061,380077,33023,32264,3052,35316,343
2021-09-10,Plumas,063,18699,1183,1111,23,1134,5
2021-09-10,Riverside,065,2383286,342090,335988,15746,351734,4720
2021-09-10,Sacramento,067,1510023,144490,143244,3504,146748,1950
2021-09-10,San Benito,069,59416,6883,6824,141,6965,64
2021-09-10,San Bernardino,071,2135413,335795,331894,10442,342336,5422
2021-09-10,San Diego,073,3302833,347841,343173,20419,363592,3941
2021-09-10,San Francisco,075,870044,49325,48518,2102,50620,602
2021-09-10,San Joaquin,077,732212,91710,90208,4865,95073,1573
2021-09-10,San Luis Obispo,079,281455,27143,26526,1043,27569,299
2021-09-10,San Mateo,081,765935,51200,50251,762,51013,564
2021-09-10,Santa Barbara,083,443738,41189,40321,1441,41762,492
2021-09-10,Santa Clara,085,1922200,139027,137337,1077,138414,1817
2021-09-10,Santa Cruz,087,273765,19074,18785,968,19753,210
2021-09-10,Shasta,089,179085,17414,16667,2750,19417,242
2021-09-10,Sierra,091,2930,129,117,13,130,0
2021-09-10,Siskiyou,093,43540,2869,2702,963,3665,35
2021-09-10,Solano,095,438530,43214,42230,1095,43325,305
2021-09-10,Sonoma,097,501317,38711,38271,471,38742,368
2021-09-10,Stanislaus,099,539301,70364,69617,7940,77557,1091
2021-09-10,Sutter,101,95872,12663,12468,211,12679,145
2021-09-10,Tehama,103,63373,6915,6652,1110,7762,77
2021-09-10,Trinity,105,12862,682,524,187,711,7
2021-09-10,Tulare,107,460477,59953,57930,12183,70113,883
2021-09-10,Tuolumne,109,53932,5953,5842,64,5906,89
2021-09-10,Ventura,111,848112,93382,92145,4067,96212,1104
2021-09-10,Yolo,113,214977,18160,17825,899,18724,239
2021-09-10,Yuba,115,75493,8940,8760,200,8960,62
2021-09-09,Alameda,001,1643700,112548,111014,2591,113605,1306
2021-09-09,Alpine,003,1148,97,94,0,94,0
2021-09-09,Amador,005,37829,4813,4698,47,4745,56
2021-09-09,Butte,007,227075,17655,16874,3065,19939,221
2021-09-09,Calaveras,009,45235,3272,3165,23,3188,65
2021-09-09,Colusa,011,21464,2366,2321,516,2837,16
2021-09-09,Contra Costa,013,1133247,92992,91687,1871,93558,904
2021-09-09,Del Norte,015,27424,3285,3102,20,3122,28
2021-09-09,El Dorado,017,186661,14366,13970,1413,15383,119
2021-09-09,Fresno,019,978130,123789,121040,11163,132203,1838
2021-09-09,Glenn,021,27897,3078,2947,886,3833,20
2021-09-09,Humboldt,023,135768,7718,7471,353,7824,52
2021-09-09,Imperial,025,180216,30984,30661,2991,33652,751
2021-09-09,Inyo,027,18085,1618,1586,30,1616,39
2021-09-09,Kern,029,883053,114114,111390,17022,128412,1414
2021-09-09,Kings,031,150075,28206,27282,1564,28846,273
2021-09-09,Lake,033,64148,5879,5638,111,5749,79
2021-09-09,Lassen,035,31185,6030,5860,226,6086,25
2021-09-09,Los Angeles,037,10098052,1377731,1363735,51578,1415313,25583
2021-09-09,Madera,039,155013,20032,19401,1562,20963,252
2021-09-09,Marin,041,260295,16637,16416,375,16791,242
2021-09-09,Mariposa,043,17540,845,779,28,807,5
2021-09-09,Mendocino,045,87422,6426,6089,268,6357,61
2021-09-09,Merced,047,269075,37359,36634,1457,38091,516
2021-09-09,Modoc,049,8938,465,448,160,608,5
2021-09-09,Mono,051,14174,1459,1420,18,1438,3
2021-09-09,Monterey,053,433212,46817,45991,2504,48495,556
2021-09-09,Napa,055,140530,12068,11878,81,11959,90
2021-09-09,Nevada,057,99092,8086,7855,264,8119,82
2021-09-09,Orange,059,3164182,293209,289109,13818,302927,5299
2021-09-09,Placer,061,380077,32905,32048,3037,35085,342
2021-09-09,Plumas,063,18699,1173,1098,22,1120,5
2021-09-09,Riverside,065,2383286,341451,334774,15728,350502,4701
2021-09-09,Sacramento,067,1510023,144010,142728,3458,146186,1929
2021-09-09,San Benito,069,59416,6873,6820,140,6960,64
2021-09-09,San Bernardino,071,2135413,335231,331040,10430,341470,5417
2021-09-09,San Diego,073,3302833,347116,342149,20362,362511,3929
2021-09-09,San Francisco,075,870044,49211,48404,2093,50497,597
2021-09-09,San Joaquin,077,732212,91435,89874,4847,94721,1570
2021-09-09,San Luis Obispo,079,281455,27061,26472,1040,27512,296
2021-09-09,San Mateo,081,765935,51078,50143,759,50902,561
2021-09-09,Santa Barbara,083,443738,41083,40180,1437,41617,490
2021-09-09,Santa Clara,085,1922200,138804,137017,1072,138089,1816
2021-09-09,Santa Cruz,087,273765,19028,18728,968,19696,210
2021-09-09,Shasta,089,179085,17268,16401,2708,19109,238
2021-09-09,Sierra,091,2930,129,115,13,128,0
2021-09-09,Siskiyou,093,43540,2846,2683,949,3632,35
2021-09-09,Solano,095,438530,43098,42081,1091,43172,303
2021-09-09,Sonoma,097,501317,38643,38171,470,38641,360
2021-09-09,Stanislaus,099,539301,70085,69178,7907,77085,1074
2021-09-09,Sutter,101,95872,12608,12396,209,12605,144
2021-09-09,Tehama,103,63373,6861,6554,1105,7659,75
2021-09-09,Trinity,105,12862,676,523,185,708,6
2021-09-09,Tulare,107,460477,59711,57564,12123,69687,879
2021-09-09,Tuolumne,109,53932,5925,5802,63,5865,89
2021-09-09,Ventura,111,848112,93237,91610,4058,95668,1098
2021-09-09,Yolo,113,214977,18102,17724,896,18620,239
2021-09-09,Yuba,115,75493,8895,8707,197,8904,55
2021-09-08,Alameda,001,1643700,112300,110781,2588,113369,1305
2021-09-08,Alpine,003,1148,97,94,0,94,0
2021-09-08,Amador,005,37829,4801,4693,47,4740,56
2021-09-08,Butte,007,227075,17521,16775,3047,19822,220
2021-09-08,Calaveras,009,45235,3254,3157,23,3180,63
2021-09-08,Colusa,011,21464,2364,2308,516,2824,16
2021-09-08,Contra Costa,013,1133247,92713,91471,1866,93337,900
2021-09-08,Del Norte,015,27424,3262,3085,20,3105,25
2021-09-08,El Dorado,017,186661,14286,13928,1392,15320,119
2021-09-08,Fresno,019,978130,123291,120644,11097,131741,1831
2021-09-08,Glenn,021,27897,3063,2942,877,3819,20
2021-09-08,Humboldt,023,135768,7674,7438,345,7783,52
2021-09-08,Imperial,025,180216,30951,30609,2978,33587,751
2021-09-08,Inyo,027,18085,1607,1580,30,1610,39
2021-09-08,Kern,029,883053,113716,110933,16882,127815,1409
2021-09-08,Kings,031,150075,28077,27235,1549,28784,267
2021-09-08,Lake,033,64148,5849,5618,109,5727,79
2021-09-08,Lassen,035,31185,6012,5848,219,6067,25
2021-09-08,Los Angeles,037,10098052,1375662,1362029,51489,1413518,25533
2021-09-08,Madera,039,155013,19972,19352,1548,20900,252
2021-09-08,Marin,041,260295,16609,16386,374,16760,242
2021-09-08,Mariposa,043,17540,833,777,27,804,5
2021-09-08,Mendocino,045,87422,6382,6069,259,6328,61
2021-09-08,Merced,047,269075,37198,36500,1445,37945,516
2021-09-08,Modoc,049,8938,465,448,160,608,5
2021-09-08,Mono,051,14174,1453,1418,18,1436,3
2021-09-08,Monterey,053,433212,46768,45959,2498,48457,554
2021-09-08,Napa,055,140530,12033,11842,79,11921,90
2021-09-08,Nevada,057,99092,8051,7843,263,8106,82
2021-09-08,Orange,059,3164182,292801,288511,13794,302305,5290
2021-09-08,Placer,061,380077,32768,31852,3020,34872,337
2021-09-08,Plumas,063,18699,1166,1072,22,1094,5
2021-09-08,Riverside,065,2383286,340692,334037,15703,349740,4683
2021-09-08,Sacramento,067,1510023,143531,142448,3409,145857,1921
2021-09-08,San Benito,069,59416,6855,6800,140,6940,64
2021-09-08,San Bernardino,071,2135413,334627,330279,10414,340693,5411
2021-09-08,San Diego,073,3302833,346191,341437,20311,361748,3926
2021-09-08,San Francisco,075,870044,49073,48263,2089,50352,589
2021-09-08,San Joaquin,077,732212,91156,89631,4823,94454,1561
2021-09-08,San Luis Obispo,079,281455,26967,26303,1035,27338,294
2021-09-08,San Mateo,081,765935,50974,50051,759,50810,561
2021-09-08,Santa Barbara,083,443738,40971,40000,1433,41433,490
2021-09-08,Santa Clara,085,1922200,138571,136836,1068,137904,1810
2021-09-08,Santa Cruz,087,273765,18991,18699,968,19667,210
2021-09-08,Shasta,089,179085,17113,16227,2661,18888,234
2021-09-08,Sierra,091,2930,129,113,13,126,0
2021-09-08,Siskiyou,093,43540,2813,2643,938,3581,35
2021-09-08,Solano,095,438530,43006,41971,1088,43059,302
2021-09-08,Sonoma,097,501317,38559,38075,469,38544,360
2021-09-08,Stanislaus,099,539301,69854,68945,7868,76813,1074
2021-09-08,Sutter,101,95872,12543,12349,206,12555,144
2021-09-08,Tehama,103,63373,6794,6520,1088,7608,75
2021-09-08,Trinity,105,12862,673,520,181,701,6
2021-09-08,Tulare,107,460477,59387,57425,12067,69492,876
2021-09-08,Tuolumne,109,53932,5893,5783,61,5844,89
2021-09-08,Ventura,111,848112,93085,91345,4040,95385,1096
2021-09-08,Yolo,113,214977,18020,17680,891,18571,239
2021-09-08,Yuba,115,75493,8853,8675,195,8870,55
2021-09-07,Alameda,001,1643700,111999,110550,2581,113131,1301
2021-09-07,Alpine,003,1148,96,94,0,94,0
2021-09-07,Amador,005,37829,4774,4679,47,4726,53
2021-09-07,Butte,007,227075,17365,16723,3011,19734,220
2021-09-07,Calaveras,009,45235,3214,3140,21,3161,63
2021-09-07,Colusa,011,21464,2354,2306,514,2820,16
2021-09-07,Contra Costa,013,1133247,92450,91167,1860,93027,891
2021-09-07,Del Norte,015,27424,3248,3081,20,3101,24
2021-09-07,El Dorado,017,186661,14214,13892,1377,15269,119
2021-09-07,Fresno,019,978130,122732,120268,11000,131268,1828
2021-09-07,Glenn,021,27897,3051,2937,871,3808,20
2021-09-07,Humboldt,023,135768,7614,7397,328,7725,52
2021-09-07,Imperial,025,180216,30911,30584,2970,33554,751
2021-09-07,Inyo,027,18085,1601,1579,29,1608,39
2021-09-07,Kern,029,883053,113284,110674,16721,127395,1408
2021-09-07,Kings,031,150075,27953,27169,1531,28700,267
2021-09-07,Lake,033,64148,5806,5597,101,5698,78
2021-09-07,Lassen,035,31185,5994,5842,213,6055,21
2021-09-07,Los Angeles,037,10098052,1373428,1360407,51397,1411804,25486
2021-09-07,Madera,039,155013,19885,19316,1540,20856,249
2021-09-07,Marin,041,260295,16570,16363,374,16737,242
2021-09-07,Mariposa,043,17540,817,771,27,798,5
2021-09-07,Mendocino,045,87422,6322,6036,249,6285,61
2021-09-07,Merced,047,269075,37024,36400,1439,37839,513
2021-09-07,Modoc,049,8938,463,449,160,609,5
2021-09-07,Mono,051,14174,1444,1416,18,1434,3
2021-09-07,Monterey,053,433212,46685,45911,2486,48397,543
2021-09-07,Napa,055,140530,11992,11814,79,11893,90
2021-09-07,Nevada,057,99092,8024,7829,263,8092,82
2021-09-07,Orange,059,3164182,292372,288225,13763,301988,5274
2021-09-07,Placer,061,380077,32615,31710,2992,34702,337
2021-09-07,Plumas,063,18699,1151,1071,22,1093,5
2021-09-07,Riverside,065,2383286,339905,333390,15684,349074,4666
2021-09-07,Sacramento,067,1510023,142991,142364,3363,145727,1905
2021-09-07,San Benito,069,59416,6837,6786,140,6926,64
2021-09-07,San Bernardino,071,2135413,333880,329962,10390,340352,5407
2021-09-07,San Diego,073,3302833,345188,340709,20245,360954,3922
2021-09-07,San Francisco,075,870044,48933,48175,2084,50259,589
2021-09-07,San Joaquin,077,732212,90821,89468,4809,94277,1548
2021-09-07,San Luis Obispo,079,281455,26849,26253,1026,27279,287
2021-09-07,San Mateo,081,765935,50881,49913,758,50671,561
2021-09-07,Santa Barbara,083,443738,40845,39957,1428,41385,489
2021-09-07,Santa Clara,085,1922200,138283,136631,1063,137694,1807
2021-09-07,Santa Cruz,087,273765,18942,18669,966,19635,210
2021-09-07,Shasta,089,179085,16957,16096,2608,18704,226
2021-09-07,Sierra,091,2930,129,111,13,124,0
2021-09-07,Siskiyou,093,43540,2787,2607,921,3528,34
2021-09-07,Solano,095,438530,42876,41862,1084,42946,300
2021-09-07,Sonoma,097,501317,38475,38013,467,38480,358
2021-09-07,Stanislaus,099,539301,69581,68831,7840,76671,1074
2021-09-07,Sutter,101,95872,12469,12310,200,12510,138
2021-09-07,Tehama,103,63373,6742,6482,1068,7550,74
2021-09-07,Trinity,105,12862,667,517,181,698,6
2021-09-07,Tulare,107,460477,59037,57228,11988,69216,874
2021-09-07,Tuolumne,109,53932,5856,5759,61,5820,88
2021-09-07,Ventura,111,848112,92874,91246,4030,95276,1093
2021-09-07,Yolo,113,214977,17951,17653,886,18539,235
2021-09-07,Yuba,115,75493,8810,8642,190,8832,55
2021-09-06,Alameda,001,1643700,111685,110357,2573,112930,1301
2021-09-06,Alpine,003,1148,94,94,0,94,0
2021-09-06,Amador,005,37829,4758,4648,46,4694,53
2021-09-06,Butte,007,227075,17173,16588,2968,19556,218
2021-09-06,Calaveras,009,45235,3192,3122,21,3143,63
2021-09-06,Colusa,011,21464,2347,2306,510,2816,16
2021-09-06,Contra Costa,013,1133247,92155,90971,1850,92821,891
2021-09-06,Del Norte,015,27424,3207,3037,19,3056,24
2021-09-06,El Dorado,017,186661,14145,13848,1361,15209,119
2021-09-06,Fresno,019,978130,122158,119738,10925,130663,1828
2021-09-06,Glenn,021,27897,3022,2912,863,3775,20
2021-09-06,Humboldt,023,135768,7538,7320,310,7630,52
2021-09-06,Imperial,025,180216,30848,30576,2964,33540,751
2021-09-06,Inyo,027,18085,1592,1578,17,1595,39
2021-09-06,Kern,029,883053,112772,110347,16533,126880,1408
2021-09-06,Kings,031,150075,27810,27094,1516,28610,264
2021-09-06,Lake,033,64148,5742,5548,94,5642,78
2021-09-06,Lassen,035,31185,5968,5822,203,6025,21
2021-09-06,Los Angeles,037,10098052,1371050,1359348,51280,1410628,25477
2021-09-06,Madera,039,155013,19782,19191,1517,20708,249
2021-09-06,Marin,041,260295,16530,16356,374,16730,242
2021-09-06,Mariposa,043,17540,805,764,27,791,5
2021-09-06,Mendocino,045,87422,6252,5984,236,6220,61
2021-09-06,Merced,047,269075,36810,36300,1425,37725,513
2021-09-06,Modoc,049,8938,460,449,160,609,5
2021-09-06,Mono,051,14174,1440,1416,18,1434,3
2021-09-06,Monterey,053,433212,46591,45833,2469,48302,541
2021-09-06,Napa,055,140530,11949,11792,78,11870,90
2021-09-06,Nevada,057,99092,7976,7748,261,8009,82
2021-09-06,Orange,059,3164182,291878,287948,13710,301658,5274
2021-09-06,Placer,061,380077,32438,31595,2954,34549,337
2021-09-06,Plumas,063,18699,1130,1068,19,1087,5
2021-09-06,Riverside,065,2383286,339090,333052,15664,348716,4666
2021-09-06,Sacramento,067,1510023,142350,141730,3295,145025,1905
2021-09-06,San Benito,069,59416,6814,6777,137,6914,64
2021-09-06,San Bernardino,071,2135413,332997,329693,10359,340052,5398
2021-09-06,San Diego,073,3302833,344178,340222,20148,360370,3922
2021-09-06,San Francisco,075,870044,48799,48120,2077,50197,589
2021-09-06,San Joaquin,077,732212,90475,89293,4783,94076,1548
2021-09-06,San Luis Obispo,079,281455,26720,26183,1022,27205,286
2021-09-06,San Mateo,081,765935,50752,49859,756,50615,561
2021-09-06,Santa Barbara,083,443738,40715,39876,1419,41295,489
2021-09-06,Santa Clara,085,1922200,137992,136458,1061,137519,1807
2021-09-06,Santa Cruz,087,273765,18893,18615,963,19578,210
2021-09-06,Shasta,089,179085,16776,15985,2553,18538,226
2021-09-06,Sierra,091,2930,129,109,13,122,0
2021-09-06,Siskiyou,093,43540,2743,2595,887,3482,34
2021-09-06,Solano,095,438530,42728,41774,1077,42851,300
2021-09-06,Sonoma,097,501317,38354,37929,466,38395,358
2021-09-06,Stanislaus,099,539301,69240,68596,7796,76392,1074
2021-09-06,Sutter,101,95872,12407,12238,191,12429,138
2021-09-06,Tehama,103,63373,6680,6413,1041,7454,74
2021-09-06,Trinity,105,12862,664,515,179,694,6
2021-09-06,Tulare,107,460477,58678,57068,11908,68976,874
2021-09-06,Tuolumne,109,53932,5820,5697,61,5758,88
2021-09-06,Ventura,111,848112,92697,91132,4018,95150,1093
2021-09-06,Yolo,113,214977,17867,17576,880,18456,235
2021-09-06,Yuba,115,75493,8760,8584,186,8770,55
2021-09-05,Alameda,001,1643700,111494,110173,2570,112743,1301
2021-09-05,Alpine,003,1148,94,94,0,94,0
2021-09-05,Amador,005,37829,4746,4642,46,4688,53
2021-09-05,Butte,007,227075,17083,16504,2940,19444,218
2021-09-05,Calaveras,009,45235,3186,3106,21,3127,63
2021-09-05,Colusa,011,21464,2339,2305,508,2813,16
2021-09-05,Contra Costa,013,1133247,91970,90862,1845,92707,891
2021-09-05,Del Norte,015,27424,3187,3023,19,3042,24
2021-09-05,El Dorado,017,186661,14116,13827,1347,15174,119
2021-09-05,Fresno,019,978130,121859,119384,10883,130267,1828
2021-09-05,Glenn,021,27897,3008,2899,861,3760,20
2021-09-05,Humboldt,023,135768,7505,7312,307,7619,52
2021-09-05,Imperial,025,180216,30819,30548,2962,33510,751
2021-09-05,Inyo,027,18085,1589,1572,17,1589,39
2021-09-05,Kern,029,883053,112472,110073,16374,126447,1408
2021-09-05,Kings,031,150075,27733,26989,1512,28501,264
2021-09-05,Lake,033,64148,5722,5525,94,5619,78
2021-09-05,Lassen,035,31185,5946,5820,199,6019,21
2021-09-05,Los Angeles,037,10098052,1369758,1357748,51208,1408956,25465
2021-09-05,Madera,039,155013,19741,19155,1506,20661,249
2021-09-05,Marin,041,260295,16511,16342,373,16715,242
2021-09-05,Mariposa,043,17540,801,761,27,788,5
2021-09-05,Mendocino,045,87422,6218,5965,236,6201,61
2021-09-05,Merced,047,269075,36735,36243,1423,37666,513
2021-09-05,Modoc,049,8938,460,447,160,607,5
2021-09-05,Mono,051,14174,1440,1416,18,1434,3
2021-09-05,Monterey,053,433212,46562,45795,2460,48255,540
2021-09-05,Napa,055,140530,11924,11770,78,11848,90
2021-09-05,Nevada,057,99092,7954,7722,260,7982,82
2021-09-05,Orange,059,3164182,291590,287614,13693,301307,5274
2021-09-05,Placer,061,380077,32310,31487,2940,34427,337
2021-09-05,Plumas,063,18699,1123,1067,19,1086,5
2021-09-05,Riverside,065,2383286,338635,332604,15652,348256,4654
2021-09-05,Sacramento,067,1510023,141912,141276,3277,144553,1905
2021-09-05,San Benito,069,59416,6813,6764,137,6901,64
2021-09-05,San Bernardino,071,2135413,332616,329062,10344,339406,5392
2021-09-05,San Diego,073,3302833,343624,339427,20107,359534,3914
2021-09-05,San Francisco,075,870044,48721,48035,2072,50107,589
2021-09-05,San Joaquin,077,732212,90309,89121,4766,93887,1548
2021-09-05,San Luis Obispo,079,281455,26671,26098,1021,27119,285
2021-09-05,San Mateo,081,765935,50684,49809,752,50561,561
2021-09-05,Santa Barbara,083,443738,40648,39762,1417,41179,489
2021-09-05,Santa Clara,085,1922200,137782,136146,1059,137205,1807
2021-09-05,Santa Cruz,087,273765,18873,18588,961,19549,210
2021-09-05,Shasta,089,179085,16693,15960,2527,18487,226
2021-09-05,Sierra,091,2930,128,109,13,122,0
2021-09-05,Siskiyou,093,43540,2726,2585,873,3458,34
2021-09-05,Solano,095,438530,42633,41687,1072,42759,300
2021-09-05,Sonoma,097,501317,38269,37881,465,38346,358
2021-09-05,Stanislaus,099,539301,69101,68434,7771,76205,1074
2021-09-05,Sutter,101,95872,12377,12179,185,12364,138
2021-09-05,Tehama,103,63373,6654,6400,1035,7435,74
2021-09-05,Trinity,105,12862,658,505,178,683,6
2021-09-05,Tulare,107,460477,58509,56915,11864,68779,874
2021-09-05,Tuolumne,109,53932,5808,5688,61,5749,88
2021-09-05,Ventura,111,848112,92561,91004,4014,95018,1093
2021-09-05,Yolo,113,214977,17830,17557,874,18431,235
2021-09-05,Yuba,115,75493,8733,8521,184,8705,55
2021-09-04,Alameda,001,1643700,111370,109944,2563,112507,1301
2021-09-04,Alpine,003,1148,94,94,0,94,0
2021-09-04,Amador,005,37829,4728,4637,45,4682,53
2021-09-04,Butte,007,227075,17025,16403,2925,19328,218
2021-09-04,Calaveras,009,45235,3174,3087,20,3107,63
2021-09-04,Colusa,011,21464,2337,2301,508,2809,16
2021-09-04,Contra Costa,013,1133247,91853,90623,1842,92465,891
2021-09-04,Del Norte,015,27424,3176,2984,19,3003,24
2021-09-04,El Dorado,017,186661,14090,13782,1339,15121,119
2021-09-04,Fresno,019,978130,121663,119033,10862,129895,1828
2021-09-04,Glenn,021,27897,2998,2878,855,3733,20
2021-09-04,Humboldt,023,135768,7474,7298,301,7599,52
2021-09-04,Imperial,025,180216,30796,30526,2960,33486,751
2021-09-04,Inyo,027,18085,1587,1571,17,1588,39
2021-09-04,Kern,029,883053,112228,109751,16243,125994,1408
2021-09-04,Kings,031,150075,27646,26896,1506,28402,263
2021-09-04,Lake,033,64148,5704,5507,94,5601,78
2021-09-04,Lassen,035,31185,5931,5814,191,6005,21
2021-09-04,Los Angeles,037,10098052,1368809,1355634,51150,1406784,25454
2021-09-04,Madera,039,155013,19708,19112,1499,20611,249
2021-09-04,Marin,041,260295,16495,16319,372,16691,242
2021-09-04,Mariposa,043,17540,796,759,27,786,5
2021-09-04,Mendocino,045,87422,6182,5933,236,6169,61
2021-09-04,Merced,047,269075,36691,36083,1418,37501,513
2021-09-04,Modoc,049,8938,460,447,160,607,5
2021-09-04,Mono,051,14174,1437,1417,18,1435,3
2021-09-04,Monterey,053,433212,46531,45756,2456,48212,540
2021-09-04,Napa,055,140530,11899,11760,76,11836,90
2021-09-04,Nevada,057,99092,7939,7691,259,7950,82
2021-09-04,Orange,059,3164182,291327,287244,13672,300916,5274
2021-09-04,Placer,061,380077,32206,31374,2923,34297,337
2021-09-04,Plumas,063,18699,1115,1067,19,1086,5
2021-09-04,Riverside,065,2383286,338165,331958,15640,347598,4654
2021-09-04,Sacramento,067,1510023,141619,140735,3269,144004,1896
2021-09-04,San Benito,069,59416,6804,6758,137,6895,64
2021-09-04,San Bernardino,071,2135413,332284,328425,10330,338755,5393
2021-09-04,San Diego,073,3302833,343190,338748,20085,358833,3914
2021-09-04,San Francisco,075,870044,48646,47937,2063,50000,589
2021-09-04,San Joaquin,077,732212,90193,88846,4758,93604,1548
2021-09-04,San Luis Obispo,079,281455,26639,26020,1021,27041,285
2021-09-04,San Mateo,081,765935,50630,49721,752,50473,560
2021-09-04,Santa Barbara,083,443738,40582,39667,1415,41082,489
2021-09-04,Santa Clara,085,1922200,137596,135845,1056,136901,1806
2021-09-04,Santa Cruz,087,273765,18855,18579,957,19536,210
2021-09-04,Shasta,089,179085,16616,15924,2501,18425,226
2021-09-04,Sierra,091,2930,126,108,13,121,0
2021-09-04,Siskiyou,093,43540,2700,2563,862,3425,34
2021-09-04,Solano,095,438530,42560,41614,1070,42684,300
2021-09-04,Sonoma,097,501317,38236,37809,465,38274,358
2021-09-04,Stanislaus,099,539301,68953,68210,7746,75956,1074
2021-09-04,Sutter,101,95872,12336,12137,184,12321,138
2021-09-04,Tehama,103,63373,6629,6367,1017,7384,74
2021-09-04,Trinity,105,12862,656,497,178,675,6
2021-09-04,Tulare,107,460477,58401,56719,11821,68540,874
2021-09-04,Tuolumne,109,53932,5790,5667,59,5726,88
2021-09-04,Ventura,111,848112,92426,90904,4011,94915,1090
2021-09-04,Yolo,113,214977,17794,17522,870,18392,235
2021-09-04,Yuba,115,75493,8704,8475,183,8658,55
2021-09-03,Alameda,001,1643700,111215,109636,2560,112196,1301
2021-09-03,Alpine,003,1148,94,94,0,94,0
2021-09-03,Amador,005,37829,4706,4614,45,4659,53
2021-09-03,Butte,007,227075,16935,16259,2899,19158,215
2021-09-03,Calaveras,009,45235,3164,3069,20,3089,63
2021-09-03,Colusa,011,21464,2332,2295,507,2802,16
2021-09-03,Contra Costa,013,1133247,91701,90299,1839,92138,886
2021-09-03,Del Norte,015,27424,3148,2943,18,2961,24
2021-09-03,El Dorado,017,186661,14057,13710,1335,15045,119
2021-09-03,Fresno,019,978130,121328,118508,10840,129348,1822
2021-09-03,Glenn,021,27897,2989,2867,848,3715,20
2021-09-03,Humboldt,023,135768,7449,7194,296,7490,52
2021-09-03,Imperial,025,180216,30773,30475,2955,33430,751
2021-09-03,Inyo,027,18085,1582,1567,17,1584,39
2021-09-03,Kern,029,883053,112012,109296,16132,125428,1407
2021-09-03,Kings,031,150075,27562,26753,1503,28256,263
2021-09-03,Lake,033,64148,5684,5479,92,5571,78
2021-09-03,Lassen,035,31185,5914,5789,186,5975,21
2021-09-03,Los Angeles,037,10098052,1367477,1351185,51083,1402268,25384
2021-09-03,Madera,039,155013,19623,19021,1493,20514,247
2021-09-03,Marin,041,260295,16473,16293,371,16664,242
2021-09-03,Mariposa,043,17540,789,753,25,778,5
2021-09-03,Mendocino,045,87422,6147,5891,236,6127,61
2021-09-03,Merced,047,269075,36637,35941,1409,37350,512
2021-09-03,Modoc,049,8938,460,445,160,605,5
2021-09-03,Mono,051,14174,1436,1410,18,1428,3
2021-09-03,Monterey,053,433212,46493,45707,2452,48159,540
2021-09-03,Napa,055,140530,11878,11733,76,11809,89
2021-09-03,Nevada,057,99092,7905,7632,259,7891,82
2021-09-03,Orange,059,3164182,291009,286818,13645,300463,5253
2021-09-03,Placer,061,380077,32099,31238,2899,34137,335
2021-09-03,Plumas,063,18699,1104,1057,19,1076,5
2021-09-03,Riverside,065,2383286,337633,331011,15624,346635,4653
2021-09-03,Sacramento,067,1510023,141250,139982,3250,143232,1886
2021-09-03,San Benito,069,59416,6798,6746,137,6883,64
2021-09-03,San Bernardino,071,2135413,331870,327599,10319,337918,5381
2021-09-03,San Diego,073,3302833,342570,337627,20052,357679,3911
2021-09-03,San Francisco,075,870044,48570,47822,2057,49879,589
2021-09-03,San Joaquin,077,732212,90040,88366,4750,93116,1540
2021-09-03,San Luis Obispo,079,281455,26563,25917,1019,26936,283
2021-09-03,San Mateo,081,765935,50535,49617,750,50367,560
2021-09-03,Santa Barbara,083,443738,40515,39507,1412,40919,489
2021-09-03,Santa Clara,085,1922200,137394,135522,1052,136574,1801
2021-09-03,Santa Cruz,087,273765,18830,18532,957,19489,210
2021-09-03,Shasta,089,179085,16541,15778,2477,18255,226
2021-09-03,Sierra,091,2930,124,105,13,118,0
2021-09-03,Siskiyou,093,43540,2688,2529,849,3378,34
2021-09-03,Solano,095,438530,42464,41457,1067,42524,300
2021-09-03,Sonoma,097,501317,38173,37699,465,38164,358
2021-09-03,Stanislaus,099,539301,68779,67887,7720,75607,1074
2021-09-03,Sutter,101,95872,12297,12073,183,12256,139
2021-09-03,Tehama,103,63373,6590,6334,1010,7344,72
2021-09-03,Trinity,105,12862,654,490,173,663,6
2021-09-03,Tulare,107,460477,58274,56401,11768,68169,872
2021-09-03,Tuolumne,109,53932,5748,5630,59,5689,88
2021-09-03,Ventura,111,848112,92292,90742,4007,94749,1088
2021-09-03,Yolo,113,214977,17771,17446,864,18310,235
2021-09-03,Yuba,115,75493,8673,8412,183,8595,55
2021-09-02,Alameda,001,1643700,110956,109377,2557,111934,1301
2021-09-02,Alpine,003,1148,93,92,0,92,0
2021-09-02,Amador,005,37829,4690,4606,45,4651,53
2021-09-02,Butte,007,227075,16809,16154,2880,19034,215
2021-09-02,Calaveras,009,45235,3151,3042,20,3062,62
2021-09-02,Colusa,011,21464,2328,2290,507,2797,16
2021-09-02,Contra Costa,013,1133247,91518,90038,1828,91866,886
2021-09-02,Del Norte,015,27424,3117,2891,18,2909,24
2021-09-02,El Dorado,017,186661,13997,13641,1310,14951,119
2021-09-02,Fresno,019,978130,120840,117974,10785,128759,1804
2021-09-02,Glenn,021,27897,2973,2855,842,3697,20
2021-09-02,Humboldt,023,135768,7402,7141,285,7426,52
2021-09-02,Imperial,025,180216,30729,30449,2950,33399,751
2021-09-02,Inyo,027,18085,1577,1564,16,1580,39
2021-09-02,Kern,029,883053,111600,108930,15988,124918,1404
2021-09-02,Kings,031,150075,27469,26638,1493,28131,263
2021-09-02,Lake,033,64148,5654,5432,88,5520,78
2021-09-02,Lassen,035,31185,5900,5747,179,5926,21
2021-09-02,Los Angeles,037,10098052,1365617,1351105,50986,1402091,25382
2021-09-02,Madera,039,155013,19532,18937,1474,20411,247
2021-09-02,Marin,041,260295,16460,16244,369,16613,242
2021-09-02,Mariposa,043,17540,782,745,22,767,5
2021-09-02,Mendocino,045,87422,6105,5848,233,6081,61
2021-09-02,Merced,047,269075,36474,35820,1402,37222,508
2021-09-02,Modoc,049,8938,460,437,160,597,5
2021-09-02,Mono,051,14174,1436,1409,18,1427,3
2021-09-02,Monterey,053,433212,46427,45648,2437,48085,539
2021-09-02,Napa,055,140530,11849,11684,76,11760,88
2021-09-02,Nevada,057,99092,7853,7575,258,7833,82
2021-09-02,Orange,059,3164182,290548,286326,13611,299937,5240
2021-09-02,Placer,061,380077,31961,31067,2870,33937,330
2021-09-02,Plumas,063,18699,1093,1045,18,1063,5
2021-09-02,Riverside,065,2383286,336918,330190,15599,345789,4644
2021-09-02,Sacramento,067,1510023,140666,139274,3211,142485,1882
2021-09-02,San Benito,069,59416,6793,6734,136,6870,64
2021-09-02,San Bernardino,071,2135413,331264,326940,10246,337186,5369
2021-09-02,San Diego,073,3302833,341604,336382,19999,356381,3909
2021-09-02,San Francisco,075,870044,48462,47674,2053,49727,587
2021-09-02,San Joaquin,077,732212,89756,88056,4726,92782,1540
2021-09-02,San Luis Obispo,079,281455,26478,25851,1014,26865,283
2021-09-02,San Mateo,081,765935,50436,49490,747,50237,558
2021-09-02,Santa Barbara,083,443738,40425,39386,1399,40785,486
2021-09-02,Santa Clara,085,1922200,137093,135216,1046,136262,1799
2021-09-02,Santa Cruz,087,273765,18796,18473,954,19427,210
2021-09-02,Shasta,089,179085,16403,15670,2448,18118,224
2021-09-02,Sierra,091,2930,124,105,13,118,0
2021-09-02,Siskiyou,093,43540,2667,2513,821,3334,34
2021-09-02,Solano,095,438530,42358,41293,1064,42357,294
2021-09-02,Sonoma,097,501317,38092,37558,465,38023,352
2021-09-02,Stanislaus,099,539301,68537,67576,7698,75274,1074
2021-09-02,Sutter,101,95872,12228,11995,179,12174,138
2021-09-02,Tehama,103,63373,6531,6265,991,7256,72
2021-09-02,Trinity,105,12862,650,484,171,655,6
2021-09-02,Tulare,107,460477,58044,56105,11715,67820,872
2021-09-02,Tuolumne,109,53932,5692,5578,59,5637,88
2021-09-02,Ventura,111,848112,92109,90610,4002,94612,1084
2021-09-02,Yolo,113,214977,17702,17357,853,18210,235
2021-09-02,Yuba,115,75493,8613,8363,183,8546,55
2021-09-01,Alameda,001,1643700,110688,109075,2551,111626,1299
2021-09-01,Alpine,003,1148,93,92,0,92,0
2021-09-01,Amador,005,37829,4674,4599,44,4643,53
2021-09-01,Butte,007,227075,16696,16046,2855,18901,215
2021-09-01,Calaveras,009,45235,3139,3023,20,3043,59
2021-09-01,Colusa,011,21464,2323,2281,506,2787,16
2021-09-01,Contra Costa,013,1133247,91282,89834,1821,91655,877
2021-09-01,Del Norte,015,27424,3084,2860,18,2878,24
2021-09-01,El Dorado,017,186661,13941,13577,1282,14859,119
2021-09-01,Fresno,019,978130,120349,117492,10715,128207,1800
2021-09-01,Glenn,021,27897,2948,2846,834,3680,20
2021-09-01,Humboldt,023,135768,7355,7090,278,7368,52
2021-09-01,Imperial,025,180216,30692,30393,2945,33338,750
2021-09-01,Inyo,027,18085,1573,1561,15,1576,39
2021-09-01,Kern,029,883053,111169,108449,15846,124295,1400
2021-09-01,Kings,031,150075,27356,26443,1482,27925,263
2021-09-01,Lake,033,64148,5612,5396,83,5479,77
2021-09-01,Lassen,035,31185,5878,5731,175,5906,21
2021-09-01,Los Angeles,037,10098052,1363353,1348589,50881,1399470,25341
2021-09-01,Madera,039,155013,19454,18852,1459,20311,247
2021-09-01,Marin,041,260295,16438,16224,364,16588,240
2021-09-01,Mariposa,043,17540,774,735,22,757,5
2021-09-01,Mendocino,045,87422,6062,5821,228,6049,59
2021-09-01,Merced,047,269075,36297,35686,1392,37078,500
2021-09-01,Modoc,049,8938,454,436,158,594,5
2021-09-01,Mono,051,14174,1436,1400,18,1418,3
2021-09-01,Monterey,053,433212,46347,45590,2422,48012,539
2021-09-01,Napa,055,140530,11816,11653,76,11729,88
2021-09-01,Nevada,057,99092,7800,7508,257,7765,82
2021-09-01,Orange,059,3164182,290075,285840,13573,299413,5233
2021-09-01,Placer,061,380077,31806,30902,2856,33758,330
2021-09-01,Plumas,063,18699,1085,1033,18,1051,5
2021-09-01,Riverside,065,2383286,336102,329388,15569,344957,4634
2021-09-01,Sacramento,067,1510023,140057,138499,3165,141664,1875
2021-09-01,San Benito,069,59416,6776,6716,136,6852,64
2021-09-01,San Bernardino,071,2135413,330613,326250,10217,336467,5364
2021-09-01,San Diego,073,3302833,340574,335302,19943,355245,3908
2021-09-01,San Francisco,075,870044,48353,47538,2046,49584,584
2021-09-01,San Joaquin,077,732212,89434,87640,4703,92343,1540
2021-09-01,San Luis Obispo,079,281455,26382,25691,1009,26700,283
2021-09-01,San Mateo,081,765935,50316,49394,741,50135,558
2021-09-01,Santa Barbara,083,443738,40308,39263,1383,40646,483
2021-09-01,Santa Clara,085,1922200,136825,134855,1039,135894,1796
2021-09-01,Santa Cruz,087,273765,18749,18453,952,19405,210
2021-09-01,Shasta,089,179085,16271,15552,2407,17959,221
2021-09-01,Sierra,091,2930,123,98,13,111,0
2021-09-01,Siskiyou,093,43540,2637,2482,801,3283,34
2021-09-01,Solano,095,438530,42207,41194,1058,42252,293
2021-09-01,Sonoma,097,501317,37997,37454,464,37918,352
2021-09-01,Stanislaus,099,539301,68250,67287,7667,74954,1075
2021-09-01,Sutter,101,95872,12164,11945,172,12117,136
2021-09-01,Tehama,103,63373,6497,6228,974,7202,72
2021-09-01,Trinity,105,12862,649,482,168,650,5
2021-09-01,Tulare,107,460477,57761,55768,11678,67446,870
2021-09-01,Tuolumne,109,53932,5653,5553,59,5612,88
2021-09-01,Ventura,111,848112,91894,90471,3986,94457,1089
2021-09-01,Yolo,113,214977,17646,17264,847,18111,235
2021-09-01,Yuba,115,75493,8551,8308,183,8491,55
2021-08-31,Alameda,001,1643700,110395,108837,2544,111381,1297
2021-08-31,Alpine,003,1148,91,92,0,92,0
2021-08-31,Amador,005,37829,4653,4555,44,4599,53
2021-08-31,Butte,007,227075,16554,15896,2814,18710,216
2021-08-31,Calaveras,009,45235,3099,3008,20,3028,59
2021-08-31,Colusa,011,21464,2321,2275,504,2779,16
2021-08-31,Contra Costa,013,1133247,90987,89546,1809,91355,871
2021-08-31,Del Norte,015,27424,3048,2830,18,2848,19
2021-08-31,El Dorado,017,186661,13871,13539,1264,14803,119
2021-08-31,Fresno,019,978130,119774,117155,10636,127791,1801
2021-08-31,Glenn,021,27897,2932,2829,823,3652,20
2021-08-31,Humboldt,023,135768,7280,7030,265,7295,52
2021-08-31,Imperial,025,180216,30655,30348,2937,33285,750
2021-08-31,Inyo,027,18085,1569,1550,15,1565,39
2021-08-31,Kern,029,883053,110667,108151,15667,123818,1393
2021-08-31,Kings,031,150075,27214,26405,1468,27873,260
2021-08-31,Lake,033,64148,5568,5359,80,5439,74
2021-08-31,Lassen,035,31185,5852,5702,172,5874,21
2021-08-31,Los Angeles,037,10098052,1360764,1346686,50801,1397487,25303
2021-08-31,Madera,039,155013,19364,18811,1441,20252,247
2021-08-31,Marin,041,260295,16409,16215,361,16576,240
2021-08-31,Mariposa,043,17540,766,732,22,754,5
2021-08-31,Mendocino,045,87422,6020,5777,226,6003,59
2021-08-31,Merced,047,269075,36127,35512,1387,36899,498
2021-08-31,Modoc,049,8938,453,436,158,594,5
2021-08-31,Mono,051,14174,1424,1398,18,1416,3
2021-08-31,Monterey,053,433212,46263,45550,2409,47959,539
2021-08-31,Napa,055,140530,11769,11618,76,11694,88
2021-08-31,Nevada,057,99092,7733,7460,257,7717,82
2021-08-31,Orange,059,3164182,289476,285310,13539,298849,5229
2021-08-31,Placer,061,380077,31617,30745,2818,33563,325
2021-08-31,Plumas,063,18699,1081,1018,17,1035,5
2021-08-31,Riverside,065,2383286,335128,328556,15536,344092,4627
2021-08-31,Sacramento,067,1510023,139372,137879,3133,141012,1863
2021-08-31,San Benito,069,59416,6764,6694,134,6828,64
2021-08-31,San Bernardino,071,2135413,329866,325446,10197,335643,5350
2021-08-31,San Diego,073,3302833,339315,334377,19885,354262,3888
2021-08-31,San Francisco,075,870044,48203,47440,2035,49475,581
2021-08-31,San Joaquin,077,732212,88989,87365,4688,92053,1540
2021-08-31,San Luis Obispo,079,281455,26259,25518,1005,26523,282
2021-08-31,San Mateo,081,765935,50204,49299,741,50040,556
2021-08-31,Santa Barbara,083,443738,40157,39091,1377,40468,481
2021-08-31,Santa Clara,085,1922200,136475,134637,1032,135669,1793
2021-08-31,Santa Cruz,087,273765,18710,18419,949,19368,210
2021-08-31,Shasta,089,179085,16119,15368,2380,17748,220
2021-08-31,Sierra,091,2930,120,95,13,108,0
2021-08-31,Siskiyou,093,43540,2617,2435,785,3220,33
2021-08-31,Solano,095,438530,42068,41067,1051,42118,289
2021-08-31,Sonoma,097,501317,37901,37379,462,37841,352
2021-08-31,Stanislaus,099,539301,67895,67004,7632,74636,1075
2021-08-31,Sutter,101,95872,12099,11901,168,12069,136
2021-08-31,Tehama,103,63373,6437,6169,943,7112,72
2021-08-31,Trinity,105,12862,643,480,168,648,3
2021-08-31,Tulare,107,460477,57428,55567,11606,67173,870
2021-08-31,Tuolumne,109,53932,5617,5516,59,5575,88
2021-08-31,Ventura,111,848112,91675,90292,3974,94266,1081
2021-08-31,Yolo,113,214977,17565,17205,838,18043,234
2021-08-31,Yuba,115,75493,8497,8253,183,8436,54
2021-08-30,Alameda,001,1643700,110071,107734,2533,110267,1296
2021-08-30,Alpine,003,1148,91,92,0,92,0
2021-08-30,Amador,005,37829,4642,4507,44,4551,53
2021-08-30,Butte,007,227075,16403,15719,2781,18500,214
2021-08-30,Calaveras,009,45235,3084,2975,20,2995,59
2021-08-30,Colusa,011,21464,2312,2271,501,2772,16
2021-08-30,Contra Costa,013,1133247,90728,87679,1799,89478,872
2021-08-30,Del Norte,015,27424,3006,2796,17,2813,11
2021-08-30,El Dorado,017,186661,13802,13217,1247,14464,119
2021-08-30,Fresno,019,978130,119201,115867,10564,126431,1790
2021-08-30,Glenn,021,27897,2921,2804,817,3621,20
2021-08-30,Humboldt,023,135768,7226,6930,259,7189,52
2021-08-30,Imperial,025,180216,30617,30311,2932,33243,750
2021-08-30,Inyo,027,18085,1564,1544,15,1559,39
2021-08-30,Kern,029,883053,110188,107615,15502,123117,1389
2021-08-30,Kings,031,150075,27098,26236,1453,27689,259
2021-08-30,Lake,033,64148,5533,5323,77,5400,74
2021-08-30,Lassen,035,31185,5830,5667,166,5833,21
2021-08-30,Los Angeles,037,10098052,1358304,1344949,50715,1395664,25269
2021-08-30,Madera,039,155013,19282,18622,1421,20043,247
2021-08-30,Marin,041,260295,16378,16160,361,16521,240
2021-08-30,Mariposa,043,17540,760,715,21,736,5
2021-08-30,Mendocino,045,87422,5986,5721,222,5943,55
2021-08-30,Merced,047,269075,35999,35335,1383,36718,497
2021-08-30,Modoc,049,8938,451,436,157,593,5
2021-08-30,Mono,051,14174,1423,1390,18,1408,3
2021-08-30,Monterey,053,433212,46201,45463,2392,47855,539
2021-08-30,Napa,055,140530,11720,11579,74,11653,87
2021-08-30,Nevada,057,99092,7674,7356,254,7610,82
2021-08-30,Orange,059,3164182,288894,284750,13490,298240,5223
2021-08-30,Placer,061,380077,31452,29825,2795,32620,319
2021-08-30,Plumas,063,18699,1064,998,17,1015,5
2021-08-30,Riverside,065,2383286,334231,327593,15505,343098,4623
2021-08-30,Sacramento,067,1510023,138715,134571,3087,137658,1847
2021-08-30,San Benito,069,59416,6755,6663,134,6797,64
2021-08-30,San Bernardino,071,2135413,329189,324870,10167,335037,5348
2021-08-30,San Diego,073,3302833,338044,333011,19805,352816,3885
2021-08-30,San Francisco,075,870044,48064,46966,2021,48987,581
2021-08-30,San Joaquin,077,732212,88658,86203,4667,90870,1528
2021-08-30,San Luis Obispo,079,281455,26134,25422,998,26420,280
2021-08-30,San Mateo,081,765935,50078,48839,735,49574,554
2021-08-30,Santa Barbara,083,443738,40006,38998,1372,40370,481
2021-08-30,Santa Clara,085,1922200,136154,133281,1025,134306,1789
2021-08-30,Santa Cruz,087,273765,18656,18326,945,19271,210
2021-08-30,Shasta,089,179085,15990,15238,2338,17576,217
2021-08-30,Sierra,091,2930,118,91,13,104,0
2021-08-30,Siskiyou,093,43540,2604,2411,774,3185,33
2021-08-30,Solano,095,438530,41907,39986,1047,41033,290
2021-08-30,Sonoma,097,501317,37795,36764,462,37226,352
2021-08-30,Stanislaus,099,539301,67556,66173,7601,73774,1074
2021-08-30,Sutter,101,95872,12029,11791,161,11952,136
2021-08-30,Tehama,103,63373,6358,6085,919,7004,71
2021-08-30,Trinity,105,12862,632,468,165,633,3
2021-08-30,Tulare,107,460477,57116,55140,11530,66670,870
2021-08-30,Tuolumne,109,53932,5571,5492,59,5551,74
2021-08-30,Ventura,111,848112,91459,90149,3962,94111,1082
2021-08-30,Yolo,113,214977,17503,17071,834,17905,231
2021-08-30,Yuba,115,75493,8423,8129,182,8311,54
2021-08-29,Alameda,001,1643700,109728,107494,2521,110015,1296
2021-08-29,Alpine,003,1148,91,92,0,92,0
2021-08-29,Amador,005,37829,4628,4501,44,4545,53
2021-08-29,Butte,007,227075,16233,15602,2744,18346,214
2021-08-29,Calaveras,009,45235,3051,2970,20,2990,59
2021-08-29,Colusa,011,21464,2305,2260,495,2755,16
2021-08-29,Contra Costa,013,1133247,90431,87439,1794,89233,872
2021-08-29,Del Norte,015,27424,2963,2752,17,2769,11
2021-08-29,El Dorado,017,186661,13747,13166,1236,14402,119
2021-08-29,Fresno,019,978130,118604,115502,10494,125996,1790
2021-08-29,Glenn,021,27897,2903,2778,810,3588,20
2021-08-29,Humboldt,023,135768,7182,6922,244,7166,52
2021-08-29,Imperial,025,180216,30556,30293,2921,33214,750
2021-08-29,Inyo,027,18085,1554,1543,14,1557,39
2021-08-29,Kern,029,883053,109737,107324,15332,122656,1389
2021-08-29,Kings,031,150075,26945,26143,1438,27581,259
2021-08-29,Lake,033,64148,5493,5293,67,5360,74
2021-08-29,Lassen,035,31185,5807,5666,162,5828,21
2021-08-29,Los Angeles,037,10098052,1355545,1342541,50603,1393144,25263
2021-08-29,Madera,039,155013,19195,18594,1405,19999,247
2021-08-29,Marin,041,260295,16347,16134,359,16493,240
2021-08-29,Mariposa,043,17540,754,709,19,728,5
2021-08-29,Mendocino,045,87422,5928,5689,209,5898,55
2021-08-29,Merced,047,269075,35760,35250,1371,36621,497
2021-08-29,Modoc,049,8938,448,436,157,593,5
2021-08-29,Mono,051,14174,1416,1387,18,1405,3
2021-08-29,Monterey,053,433212,46095,45424,2368,47792,539
2021-08-29,Napa,055,140530,11689,11552,74,11626,87
2021-08-29,Nevada,057,99092,7617,7294,253,7547,82
2021-08-29,Orange,059,3164182,288267,284432,13447,297879,5223
2021-08-29,Placer,061,380077,31279,29674,2754,32428,319
2021-08-29,Plumas,063,18699,1053,996,17,1013,5
2021-08-29,Riverside,065,2383286,333374,326987,15484,342471,4623
2021-08-29,Sacramento,067,1510023,137962,133981,3038,137019,1843
2021-08-29,San Benito,069,59416,6730,6646,134,6780,64
2021-08-29,San Bernardino,071,2135413,328402,324266,10133,334399,5347
2021-08-29,San Diego,073,3302833,336938,332014,19709,351723,3880
2021-08-29,San Francisco,075,870044,47929,46885,2009,48894,581
2021-08-29,San Joaquin,077,732212,88211,85922,4646,90568,1528
2021-08-29,San Luis Obispo,079,281455,25936,25288,990,26278,280
2021-08-29,San Mateo,081,765935,49965,48737,730,49467,554
2021-08-29,Santa Barbara,083,443738,39840,38900,1368,40268,481
2021-08-29,Santa Clara,085,1922200,135801,132979,1019,133998,1789
2021-08-29,Santa Cruz,087,273765,18608,18285,943,19228,210
2021-08-29,Shasta,089,179085,15836,15198,2311,17509,217
2021-08-29,Sierra,091,2930,116,91,13,104,0
2021-08-29,Siskiyou,093,43540,2557,2407,754,3161,33
2021-08-29,Solano,095,438530,41753,39887,1040,40927,290
2021-08-29,Sonoma,097,501317,37659,36650,458,37108,352
2021-08-29,Stanislaus,099,539301,67211,65956,7565,73521,1074
2021-08-29,Sutter,101,95872,11970,11719,154,11873,136
2021-08-29,Tehama,103,63373,6287,6040,896,6936,71
2021-08-29,Trinity,105,12862,629,468,161,629,3
2021-08-29,Tulare,107,460477,56783,54974,11446,66420,870
2021-08-29,Tuolumne,109,53932,5546,5478,58,5536,74
2021-08-29,Ventura,111,848112,91201,90114,3953,94067,1082
2021-08-29,Yolo,113,214977,17404,17015,822,17837,231
2021-08-29,Yuba,115,75493,8359,8042,182,8224,54
2021-08-28,Alameda,001,1643700,109561,107007,2512,109519,1296
2021-08-28,Alpine,003,1148,91,92,0,92,0
2021-08-28,Amador,005,37829,4609,4484,43,4527,53
2021-08-28,Butte,007,227075,16174,15487,2716,18203,214
2021-08-28,Calaveras,009,45235,3041,2926,20,2946,59
2021-08-28,Colusa,011,21464,2301,2252,493,2745,16
2021-08-28,Contra Costa,013,1133247,90219,86938,1791,88729,872
2021-08-28,Del Norte,015,27424,2936,2734,16,2750,11
2021-08-28,El Dorado,017,186661,13707,13089,1230,14319,119
2021-08-28,Fresno,019,978130,118363,115079,10463,125542,1792
2021-08-28,Glenn,021,27897,2894,2773,803,3576,20
2021-08-28,Humboldt,023,135768,7147,6887,239,7126,52
2021-08-28,Imperial,025,180216,30529,30260,2918,33178,750
2021-08-28,Inyo,027,18085,1552,1539,14,1553,39
2021-08-28,Kern,029,883053,109499,107012,15190,122202,1389
2021-08-28,Kings,031,150075,26878,26059,1435,27494,257
2021-08-28,Lake,033,64148,5470,5267,63,5330,74
2021-08-28,Lassen,035,31185,5792,5665,161,5826,21
2021-08-28,Los Angeles,037,10098052,1354336,1337097,50530,1387627,25234
2021-08-28,Madera,039,155013,19144,18553,1391,19944,247
2021-08-28,Marin,041,260295,16332,16106,359,16465,240
2021-08-28,Mariposa,043,17540,752,704,19,723,5
2021-08-28,Mendocino,045,87422,5903,5658,209,5867,55
2021-08-28,Merced,047,269075,35708,35108,1368,36476,497
2021-08-28,Modoc,049,8938,448,436,156,592,5
2021-08-28,Mono,051,14174,1413,1385,18,1403,3
2021-08-28,Monterey,053,433212,46053,45394,2363,47757,539
2021-08-28,Napa,055,140530,11666,11512,73,11585,88
2021-08-28,Nevada,057,99092,7593,7238,251,7489,82
2021-08-28,Orange,059,3164182,287909,283953,13398,297351,5222
2021-08-28,Placer,061,380077,31170,29428,2741,32169,319
2021-08-28,Plumas,063,18699,1046,991,17,1008,5
2021-08-28,Riverside,065,2383286,332786,326222,15474,341696,4623
2021-08-28,Sacramento,067,1510023,137570,132985,3022,136007,1844
2021-08-28,San Benito,069,59416,6723,6636,134,6770,64
2021-08-28,San Bernardino,071,2135413,327954,323672,10125,333797,5348
2021-08-28,San Diego,073,3302833,336354,331330,19673,351003,3880
2021-08-28,San Francisco,075,870044,47857,46654,2002,48656,581
2021-08-28,San Joaquin,077,732212,88042,85481,4637,90118,1527
2021-08-28,San Luis Obispo,079,281455,25869,25138,985,26123,280
2021-08-28,San Mateo,081,765935,49891,48575,726,49301,554
2021-08-28,Santa Barbara,083,443738,39769,38780,1367,40147,481
2021-08-28,Santa Clara,085,1922200,135594,132488,1017,133505,1789
2021-08-28,Santa Cruz,087,273765,18592,18240,940,19180,210
2021-08-28,Shasta,089,179085,15733,15147,2292,17439,217
2021-08-28,Sierra,091,2930,112,91,13,104,0
2021-08-28,Siskiyou,093,43540,2549,2402,743,3145,33
2021-08-28,Solano,095,438530,41704,39610,1039,40649,290
2021-08-28,Sonoma,097,501317,37586,36466,456,36922,352
2021-08-28,Stanislaus,099,539301,67053,65670,7548,73218,1074
2021-08-28,Sutter,101,95872,11949,11669,153,11822,136
2021-08-28,Tehama,103,63373,6262,6004,883,6887,71
2021-08-28,Trinity,105,12862,625,463,160,623,3
2021-08-28,Tulare,107,460477,56653,54746,11404,66150,870
2021-08-28,Tuolumne,109,53932,5530,5469,58,5527,74
2021-08-28,Ventura,111,848112,91083,89934,3951,93885,1081
2021-08-28,Yolo,113,214977,17368,16907,815,17722,231
2021-08-28,Yuba,115,75493,8328,7985,181,8166,55
2021-08-27,Alameda,001,1643700,109353,106622,2509,109131,1296
2021-08-27,Alpine,003,1148,91,92,0,92,0
2021-08-27,Amador,005,37829,4593,4458,42,4500,53
2021-08-27,Butte,007,227075,16094,15277,2697,17974,214
2021-08-27,Calaveras,009,45235,3027,2903,20,2923,59
2021-08-27,Colusa,011,21464,2295,2240,491,2731,16
2021-08-27,Contra Costa,013,1133247,90021,86386,1788,88174,872
2021-08-27,Del Norte,015,27424,2904,2695,16,2711,11
2021-08-27,El Dorado,017,186661,13668,12968,1226,14194,119
2021-08-27,Fresno,019,978130,117929,114481,10439,124920,1774
2021-08-27,Glenn,021,27897,2876,2754,794,3548,20
2021-08-27,Humboldt,023,135768,7114,6782,236,7018,52
2021-08-27,Imperial,025,180216,30509,30201,2915,33116,750
2021-08-27,Inyo,027,18085,1551,1529,14,1543,39
2021-08-27,Kern,029,883053,109205,106570,15080,121650,1385
2021-08-27,Kings,031,150075,26799,25957,1433,27390,257
2021-08-27,Lake,033,64148,5445,5228,62,5290,74
2021-08-27,Lassen,035,31185,5776,5646,156,5802,21
2021-08-27,Los Angeles,037,10098052,1352812,1337006,50463,1387469,25230
2021-08-27,Madera,039,155013,19088,18476,1378,19854,247
2021-08-27,Marin,041,260295,16316,16055,357,16412,240
2021-08-27,Mariposa,043,17540,746,690,19,709,5
2021-08-27,Mendocino,045,87422,5872,5602,208,5810,55
2021-08-27,Merced,047,269075,35654,34906,1359,36265,495
2021-08-27,Modoc,049,8938,448,434,156,590,5
2021-08-27,Mono,051,14174,1408,1385,18,1403,3
2021-08-27,Monterey,053,433212,46004,45337,2355,47692,539
2021-08-27,Napa,055,140530,11632,11460,73,11533,87
2021-08-27,Nevada,057,99092,7553,7169,249,7418,82
2021-08-27,Orange,059,3164182,287548,283407,13359,296766,5206
2021-08-27,Placer,061,380077,31040,29157,2721,31878,320
2021-08-27,Plumas,063,18699,1040,984,17,1001,5
2021-08-27,Riverside,065,2383286,332268,325379,15459,340838,4622
2021-08-27,Sacramento,067,1510023,137135,131921,3009,134930,1838
2021-08-27,San Benito,069,59416,6717,6622,134,6756,64
2021-08-27,San Bernardino,071,2135413,327430,322893,10107,333000,5342
2021-08-27,San Diego,073,3302833,335573,330162,19619,349781,3877
2021-08-27,San Francisco,075,870044,47781,46456,1984,48440,581
2021-08-27,San Joaquin,077,732212,87859,84949,4618,89567,1524
2021-08-27,San Luis Obispo,079,281455,25821,24952,982,25934,280
2021-08-27,San Mateo,081,765935,49816,48424,722,49146,553
2021-08-27,Santa Barbara,083,443738,39677,38675,1365,40040,480
2021-08-27,Santa Clara,085,1922200,135364,132011,1014,133025,1783
2021-08-27,Santa Cruz,087,273765,18553,18163,936,19099,210
2021-08-27,Shasta,089,179085,15653,14996,2276,17272,217
2021-08-27,Sierra,091,2930,111,91,13,104,0
2021-08-27,Siskiyou,093,43540,2534,2358,729,3087,33
2021-08-27,Solano,095,438530,41590,39347,1035,40382,287
2021-08-27,Sonoma,097,501317,37514,36326,455,36781,342
2021-08-27,Stanislaus,099,539301,66843,65167,7510,72677,1061
2021-08-27,Sutter,101,95872,11903,11590,151,11741,135
2021-08-27,Tehama,103,63373,6229,5964,868,6832,71
2021-08-27,Trinity,105,12862,625,458,159,617,3
2021-08-27,Tulare,107,460477,56518,54443,11359,65802,870
2021-08-27,Tuolumne,109,53932,5498,5438,58,5496,74
2021-08-27,Ventura,111,848112,90954,89774,3947,93721,1076
2021-08-27,Yolo,113,214977,17325,16805,810,17615,231
2021-08-27,Yuba,115,75493,8271,7926,181,8107,54
2021-08-26,Alameda,001,1643700,109074,106146,2500,108646,1296
2021-08-26,Alpine,003,1148,91,92,0,92,0
2021-08-26,Amador,005,37829,4578,4442,41,4483,53
2021-08-26,Butte,007,227075,15961,15159,2662,17821,214
2021-08-26,Calaveras,009,45235,3016,2873,20,2893,59
2021-08-26,Colusa,011,21464,2288,2234,487,2721,16
2021-08-26,Contra Costa,013,1133247,89662,85808,1782,87590,866
2021-08-26,Del Norte,015,27424,2868,2625,16,2641,8
2021-08-26,El Dorado,017,186661,13599,12863,1212,14075,118
2021-08-26,Fresno,019,978130,117425,113854,10385,124239,1770
2021-08-26,Glenn,021,27897,2858,2740,785,3525,20
2021-08-26,Humboldt,023,135768,7056,6695,226,6921,53
2021-08-26,Imperial,025,180216,30460,30121,2907,33028,748
2021-08-26,Inyo,027,18085,1541,1521,13,1534,39
2021-08-26,Kern,029,883053,108777,106051,14937,120988,1380
2021-08-26,Kings,031,150075,26676,25838,1425,27263,260
2021-08-26,Lake,033,64148,5399,5196,59,5255,74
2021-08-26,Lassen,035,31185,5764,5626,154,5780,21
2021-08-26,Los Angeles,037,10098052,1350542,1334372,50367,1384739,25199
2021-08-26,Madera,039,155013,19018,18393,1365,19758,247
2021-08-26,Marin,041,260295,16287,15983,354,16337,240
2021-08-26,Mariposa,043,17540,736,677,19,696,5
2021-08-26,Mendocino,045,87422,5834,5533,203,5736,55
2021-08-26,Merced,047,269075,35487,34755,1338,36093,495
2021-08-26,Modoc,049,8938,448,433,156,589,5
2021-08-26,Mono,051,14174,1404,1385,18,1403,3
2021-08-26,Monterey,053,433212,45931,45265,2344,47609,539
2021-08-26,Napa,055,140530,11610,11394,72,11466,87
2021-08-26,Nevada,057,99092,7494,7086,246,7332,80
2021-08-26,Orange,059,3164182,287056,282814,13336,296150,5200
2021-08-26,Placer,061,380077,30871,28898,2695,31593,319
2021-08-26,Plumas,063,18699,1033,971,16,987,5
2021-08-26,Riverside,065,2383286,331476,324486,15438,339924,4615
2021-08-26,Sacramento,067,1510023,136602,130977,2968,133945,1827
2021-08-26,San Benito,069,59416,6707,6604,134,6738,64
2021-08-26,San Bernardino,071,2135413,326771,322100,10083,332183,5339
2021-08-26,San Diego,073,3302833,334547,328276,19553,347829,3869
2021-08-26,San Francisco,075,870044,47654,46288,1979,48267,581
2021-08-26,San Joaquin,077,732212,87481,84429,4595,89024,1513
2021-08-26,San Luis Obispo,079,281455,25672,24831,975,25806,278
2021-08-26,San Mateo,081,765935,49688,48263,720,48983,553
2021-08-26,Santa Barbara,083,443738,39593,38566,1364,39930,479
2021-08-26,Santa Clara,085,1922200,135038,131443,1010,132453,1782
2021-08-26,Santa Cruz,087,273765,18493,18072,934,19006,210
2021-08-26,Shasta,089,179085,15531,14891,2249,17140,217
2021-08-26,Sierra,091,2930,109,90,13,103,0
2021-08-26,Siskiyou,093,43540,2512,2342,715,3057,33
2021-08-26,Solano,095,438530,41441,39027,1027,40054,286
2021-08-26,Sonoma,097,501317,37425,36102,455,36557,337
2021-08-26,Stanislaus,099,539301,66546,64785,7469,72254,1061
2021-08-26,Sutter,101,95872,11843,11499,148,11647,135
2021-08-26,Tehama,103,63373,6171,5913,855,6768,68
2021-08-26,Trinity,105,12862,620,450,157,607,3
2021-08-26,Tulare,107,460477,56261,54157,11313,65470,870
2021-08-26,Tuolumne,109,53932,5478,5387,58,5445,74
2021-08-26,Ventura,111,848112,90768,89595,3938,93533,1080
2021-08-26,Yolo,113,214977,17260,16727,799,17526,231
2021-08-26,Yuba,115,75493,8198,7834,179,8013,54
2021-08-25,Alameda,001,1643700,108752,105636,2493,108129,1296
2021-08-25,Alpine,003,1148,91,92,0,92,0
2021-08-25,Amador,005,37829,4563,4415,41,4456,53
2021-08-25,Butte,007,227075,15855,15039,2620,17659,214
2021-08-25,Calaveras,009,45235,2997,2851,20,2871,59
2021-08-25,Colusa,011,21464,2281,2227,478,2705,16
2021-08-25,Contra Costa,013,1133247,89278,85322,1776,87098,863
2021-08-25,Del Norte,015,27424,2823,2573,16,2589,8
2021-08-25,El Dorado,017,186661,13540,12787,1196,13983,118
2021-08-25,Fresno,019,978130,116884,113384,10343,123727,1761
2021-08-25,Glenn,021,27897,2840,2728,770,3498,20
2021-08-25,Humboldt,023,135768,6987,6653,216,6869,52
2021-08-25,Imperial,025,180216,30423,30085,2901,32986,748
2021-08-25,Inyo,027,18085,1537,1518,13,1531,39
2021-08-25,Kern,029,883053,108346,105687,14781,120468,1379
2021-08-25,Kings,031,150075,26569,25676,1418,27094,258
2021-08-25,Lake,033,64148,5369,5163,56,5219,74
2021-08-25,Lassen,035,31185,5747,5583,153,5736,21
2021-08-25,Los Angeles,037,10098052,1347939,1331400,50269,1381669,25170
2021-08-25,Madera,039,155013,18954,18311,1342,19653,247
2021-08-25,Marin,041,260295,16265,15938,348,16286,240
2021-08-25,Mariposa,043,17540,730,676,19,695,5
2021-08-25,Mendocino,045,87422,5799,5486,197,5683,53
2021-08-25,Merced,047,269075,35355,34600,1325,35925,492
2021-08-25,Modoc,049,8938,448,433,156,589,5
2021-08-25,Mono,051,14174,1400,1382,18,1400,3
2021-08-25,Monterey,053,433212,45857,45196,2329,47525,539
2021-08-25,Napa,055,140530,11576,11348,71,11419,87
2021-08-25,Nevada,057,99092,7428,7000,245,7245,77
2021-08-25,Orange,059,3164182,286530,282061,13302,295363,5193
2021-08-25,Placer,061,380077,30695,28740,2662,31402,319
2021-08-25,Plumas,063,18699,1018,962,16,978,5
2021-08-25,Riverside,065,2383286,330631,323548,15416,338964,4610
2021-08-25,Sacramento,067,1510023,135922,130046,2929,132975,1827
2021-08-25,San Benito,069,59416,6686,6587,133,6720,64
2021-08-25,San Bernardino,071,2135413,326077,321228,10062,331290,5337
2021-08-25,San Diego,073,3302833,333279,327166,19468,346634,3859
2021-08-25,San Francisco,075,870044,47505,46107,1974,48081,578
2021-08-25,San Joaquin,077,732212,87096,84002,4579,88581,1510
2021-08-25,San Luis Obispo,079,281455,25480,24607,971,25578,276
2021-08-25,San Mateo,081,765935,49565,48153,717,48870,553
2021-08-25,Santa Barbara,083,443738,39464,38450,1364,39814,479
2021-08-25,Santa Clara,085,1922200,134669,130995,1007,132002,1783
2021-08-25,Santa Cruz,087,273765,18433,17987,931,18918,210
2021-08-25,Shasta,089,179085,15402,14752,2217,16969,217
2021-08-25,Sierra,091,2930,106,90,13,103,0
2021-08-25,Siskiyou,093,43540,2467,2322,696,3018,33
2021-08-25,Solano,095,438530,41270,38848,1015,39863,286
2021-08-25,Sonoma,097,501317,37301,35986,452,36438,336
2021-08-25,Stanislaus,099,539301,66265,64441,7437,71878,1061
2021-08-25,Sutter,101,95872,11775,11451,144,11595,134
2021-08-25,Tehama,103,63373,6112,5861,838,6699,68
2021-08-25,Trinity,105,12862,614,450,156,606,3
2021-08-25,Tulare,107,460477,55976,53877,11242,65119,866
2021-08-25,Tuolumne,109,53932,5452,5354,58,5412,74
2021-08-25,Ventura,111,848112,90584,89379,3924,93303,1068
2021-08-25,Yolo,113,214977,17195,16667,789,17456,231
2021-08-25,Yuba,115,75493,8132,7771,178,7949,54
2021-08-24,Alameda,001,1643700,108430,105319,2482,107801,1296
2021-08-24,Alpine,003,1148,91,92,0,92,0
2021-08-24,Amador,005,37829,4544,4380,41,4421,50
2021-08-24,Butte,007,227075,15700,14964,2586,17550,214
2021-08-24,Calaveras,009,45235,2958,2811,20,2831,59
2021-08-24,Colusa,011,21464,2273,2221,473,2694,16
2021-08-24,Contra Costa,013,1133247,88915,84963,1770,86733,857
2021-08-24,Del Norte,015,27424,2796,2543,16,2559,8
2021-08-24,El Dorado,017,186661,13463,12732,1180,13912,118
2021-08-24,Fresno,019,978130,116278,113024,10279,123303,1761
2021-08-24,Glenn,021,27897,2824,2717,763,3480,20
2021-08-24,Humboldt,023,135768,6924,6585,203,6788,52
2021-08-24,Imperial,025,180216,30362,30045,2895,32940,748
2021-08-24,Inyo,027,18085,1532,1512,13,1525,39
2021-08-24,Kern,029,883053,107882,105399,14613,120012,1375
2021-08-24,Kings,031,150075,26448,25629,1402,27031,258
2021-08-24,Lake,033,64148,5334,5135,56,5191,72
2021-08-24,Lassen,035,31185,5731,5576,151,5727,21
2021-08-24,Los Angeles,037,10098052,1345074,1328777,50159,1378936,25135
2021-08-24,Madera,039,155013,18878,18251,1325,19576,247
2021-08-24,Marin,041,260295,16229,15900,344,16244,240
2021-08-24,Mariposa,043,17540,723,670,19,689,5
2021-08-24,Mendocino,045,87422,5756,5416,190,5606,52
2021-08-24,Merced,047,269075,35187,34490,1314,35804,491
2021-08-24,Modoc,049,8938,448,432,156,588,5
2021-08-24,Mono,051,14174,1398,1382,18,1400,3
2021-08-24,Monterey,053,433212,45791,45126,2311,47437,539
2021-08-24,Napa,055,140530,11543,11299,70,11369,85
2021-08-24,Nevada,057,99092,7358,6981,243,7224,77
2021-08-24,Orange,059,3164182,285931,281461,13276,294737,5187
2021-08-24,Placer,061,380077,30492,28618,2623,31241,318
2021-08-24,Plumas,063,18699,1008,953,16,969,5
2021-08-24,Riverside,065,2383286,329758,322620,15385,338005,4605
2021-08-24,Sacramento,067,1510023,135238,129542,2881,132423,1812
2021-08-24,San Benito,069,59416,6673,6576,133,6709,64
2021-08-24,San Bernardino,071,2135413,325323,320300,10032,330332,5328
2021-08-24,San Diego,073,3302833,331834,325823,19361,345184,3851
2021-08-24,San Francisco,075,870044,47330,46010,1963,47973,574
2021-08-24,San Joaquin,077,732212,86656,83684,4541,88225,1508
2021-08-24,San Luis Obispo,079,281455,25302,24443,960,25403,274
2021-08-24,San Mateo,081,765935,49416,48050,715,48765,553
2021-08-24,Santa Barbara,083,443738,39333,38307,1363,39670,478
2021-08-24,Santa Clara,085,1922200,134245,130763,1003,131766,1779
2021-08-24,Santa Cruz,087,273765,18358,17928,925,18853,209
2021-08-24,Shasta,089,179085,15294,14664,2185,16849,217
2021-08-24,Sierra,091,2930,103,90,13,103,0
2021-08-24,Siskiyou,093,43540,2445,2294,681,2975,33
2021-08-24,Solano,095,438530,41061,38724,1003,39727,283
2021-08-24,Sonoma,097,501317,37172,35849,450,36299,336
2021-08-24,Stanislaus,099,539301,65938,64195,7383,71578,1058
2021-08-24,Sutter,101,95872,11708,11384,141,11525,134
2021-08-24,Tehama,103,63373,6066,5826,824,6650,67
2021-08-24,Trinity,105,12862,603,446,148,594,3
2021-08-24,Tulare,107,460477,55624,53702,11152,64854,856
2021-08-24,Tuolumne,109,53932,5421,5287,58,5345,74
2021-08-24,Ventura,111,848112,90400,89167,3913,93080,1068
2021-08-24,Yolo,113,214977,17119,16492,776,17268,231
2021-08-24,Yuba,115,75493,8049,7723,176,7899,54
2021-08-23,Alameda,001,1643700,108016,104922,2469,107391,1294
2021-08-23,Alpine,003,1148,91,91,0,91,0
2021-08-23,Amador,005,37829,4530,4369,41,4410,50
2021-08-23,Butte,007,227075,15555,14847,2551,17398,211
2021-08-23,Calaveras,009,45235,2930,2803,20,2823,59
2021-08-23,Colusa,011,21464,2269,2206,470,2676,16
2021-08-23,Contra Costa,013,1133247,88536,84651,1763,86414,857
2021-08-23,Del Norte,015,27424,2750,2499,16,2515,8
2021-08-23,El Dorado,017,186661,13360,12684,1158,13842,118
2021-08-23,Fresno,019,978130,115717,112445,10229,122674,1759
2021-08-23,Glenn,021,27897,2808,2696,753,3449,20
2021-08-23,Humboldt,023,135768,6851,6498,188,6686,52
2021-08-23,Imperial,025,180216,30311,30011,2892,32903,748
2021-08-23,Inyo,027,18085,1525,1509,13,1522,39
2021-08-23,Kern,029,883053,107427,104995,14458,119453,1375
2021-08-23,Kings,031,150075,26317,25465,1396,26861,257
2021-08-23,Lake,033,64148,5294,5099,54,5153,69
2021-08-23,Lassen,035,31185,5719,5562,151,5713,21
2021-08-23,Los Angeles,037,10098052,1342108,1326412,50027,1376439,25096
2021-08-23,Madera,039,155013,18792,18155,1310,19465,246
2021-08-23,Marin,041,260295,16181,15856,340,16196,240
2021-08-23,Mariposa,043,17540,712,645,19,664,5
2021-08-23,Mendocino,045,87422,5689,5374,183,5557,51
2021-08-23,Merced,047,269075,35005,34322,1309,35631,488
2021-08-23,Modoc,049,8938,445,431,155,586,6
2021-08-23,Mono,051,14174,1394,1384,18,1402,3
2021-08-23,Monterey,053,433212,45691,45047,2300,47347,538
2021-08-23,Napa,055,140530,11505,11257,70,11327,85
2021-08-23,Nevada,057,99092,7277,6930,241,7171,77
2021-08-23,Orange,059,3164182,285297,280891,13241,294132,5181
2021-08-23,Placer,061,380077,30292,28540,2585,31125,314
2021-08-23,Plumas,063,18699,1000,934,16,950,5
2021-08-23,Riverside,065,2383286,328845,321650,15359,337009,4598
2021-08-23,Sacramento,067,1510023,134451,128969,2814,131783,1807
2021-08-23,San Benito,069,59416,6655,6562,131,6693,64
2021-08-23,San Bernardino,071,2135413,324519,319577,9993,329570,5324
2021-08-23,San Diego,073,3302833,330393,324536,19245,343781,3848
2021-08-23,San Francisco,075,870044,47175,45945,1954,47899,573
2021-08-23,San Joaquin,077,732212,86223,83466,4508,87974,1499
2021-08-23,San Luis Obispo,079,281455,25120,24317,958,25275,274
2021-08-23,San Mateo,081,765935,49278,47935,712,48647,553
2021-08-23,Santa Barbara,083,443738,39154,38181,1361,39542,478
2021-08-23,Santa Clara,085,1922200,133845,130489,999,131488,1778
2021-08-23,Santa Cruz,087,273765,18301,17871,923,18794,209
2021-08-23,Shasta,089,179085,15168,14537,2146,16683,216
2021-08-23,Sierra,091,2930,103,90,13,103,0
2021-08-23,Siskiyou,093,43540,2424,2274,660,2934,33
2021-08-23,Solano,095,438530,40908,38612,994,39606,283
2021-08-23,Sonoma,097,501317,37052,35769,449,36218,336
2021-08-23,Stanislaus,099,539301,65605,63922,7344,71266,1058
2021-08-23,Sutter,101,95872,11619,11314,133,11447,133
2021-08-23,Tehama,103,63373,6012,5805,806,6611,67
2021-08-23,Trinity,105,12862,600,435,145,580,3
2021-08-23,Tulare,107,460477,55317,53370,11080,64450,856
2021-08-23,Tuolumne,109,53932,5379,5240,58,5298,73
2021-08-23,Ventura,111,848112,90181,88960,3901,92861,1063
2021-08-23,Yolo,113,214977,17031,16445,761,17206,226
2021-08-23,Yuba,115,75493,7978,7653,174,7827,54
2021-08-22,Alameda,001,1643700,107567,104539,2441,106980,1294
2021-08-22,Alpine,003,1148,91,91,0,91,0
2021-08-22,Amador,005,37829,4500,4349,41,4390,50
2021-08-22,Butte,007,227075,15416,14791,2515,17306,211
2021-08-22,Calaveras,009,45235,2893,2771,20,2791,59
2021-08-22,Colusa,011,21464,2262,2201,464,2665,16
2021-08-22,Contra Costa,013,1133247,87995,84371,1750,86121,857
2021-08-22,Del Norte,015,27424,2690,2455,16,2471,8
2021-08-22,El Dorado,017,186661,13256,12629,1138,13767,118
2021-08-22,Fresno,019,978130,115117,112057,10160,122217,1759
2021-08-22,Glenn,021,27897,2780,2678,740,3418,20
2021-08-22,Humboldt,023,135768,6773,6483,170,6653,52
2021-08-22,Imperial,025,180216,30253,29993,2887,32880,748
2021-08-22,Inyo,027,18085,1519,1505,13,1518,39
2021-08-22,Kern,029,883053,106902,104691,14304,118995,1375
2021-08-22,Kings,031,150075,26159,25391,1379,26770,257
2021-08-22,Lake,033,64148,5248,5069,51,5120,69
2021-08-22,Lassen,035,31185,5687,5556,147,5703,21
2021-08-22,Los Angeles,037,10098052,1338800,1324151,49892,1374043,25089
2021-08-22,Madera,039,155013,18673,18120,1295,19415,246
2021-08-22,Marin,041,260295,16129,15822,332,16154,240
2021-08-22,Mariposa,043,17540,702,638,17,655,5
2021-08-22,Mendocino,045,87422,5630,5336,183,5519,51
2021-08-22,Merced,047,269075,34802,34234,1296,35530,488
2021-08-22,Modoc,049,8938,443,431,155,586,6
2021-08-22,Mono,051,14174,1392,1378,18,1396,3
2021-08-22,Monterey,053,433212,45592,45017,2286,47303,538
2021-08-22,Napa,055,140530,11460,11231,70,11301,85
2021-08-22,Nevada,057,99092,7203,6864,239,7103,77
2021-08-22,Orange,059,3164182,284604,280390,13196,293586,5181
2021-08-22,Placer,061,380077,30083,28395,2549,30944,314
2021-08-22,Plumas,063,18699,981,923,15,938,5
2021-08-22,Riverside,065,2383286,327824,320836,15310,336146,4594
2021-08-22,Sacramento,067,1510023,133675,128231,2774,131005,1802
2021-08-22,San Benito,069,59416,6638,6550,131,6681,64
2021-08-22,San Bernardino,071,2135413,323552,318839,9958,328797,5324
2021-08-22,San Diego,073,3302833,329071,323591,19140,342731,3848
2021-08-22,San Francisco,075,870044,47009,45831,1944,47775,573
2021-08-22,San Joaquin,077,732212,85765,83121,4473,87594,1498
2021-08-22,San Luis Obispo,079,281455,24914,24250,951,25201,274
2021-08-22,San Mateo,081,765935,49102,47821,707,48528,553
2021-08-22,Santa Barbara,083,443738,38973,38099,1353,39452,478
2021-08-22,Santa Clara,085,1922200,133428,130189,992,131181,1778
2021-08-22,Santa Cruz,087,273765,18243,17823,918,18741,209
2021-08-22,Shasta,089,179085,15031,14478,2110,16588,216
2021-08-22,Sierra,091,2930,103,87,13,100,0
2021-08-22,Siskiyou,093,43540,2395,2261,642,2903,33
2021-08-22,Solano,095,438530,40709,38489,981,39470,283
2021-08-22,Sonoma,097,501317,36896,35676,446,36122,336
2021-08-22,Stanislaus,099,539301,65254,63683,7254,70937,1058
2021-08-22,Sutter,101,95872,11537,11251,129,11380,133
2021-08-22,Tehama,103,63373,5966,5791,787,6578,67
2021-08-22,Trinity,105,12862,593,433,143,576,3
2021-08-22,Tulare,107,460477,54998,53220,10995,64215,856
2021-08-22,Tuolumne,109,53932,5336,5214,58,5272,73
2021-08-22,Ventura,111,848112,89972,88791,3884,92675,1063
2021-08-22,Yolo,113,214977,16929,16374,752,17126,226
2021-08-22,Yuba,115,75493,7905,7626,173,7799,54
2021-08-21,Alameda,001,1643700,107362,104281,2434,106715,1294
2021-08-21,Alpine,003,1148,91,91,0,91,0
2021-08-21,Amador,005,37829,4490,4338,39,4377,50
2021-08-21,Butte,007,227075,15348,14714,2494,17208,211
2021-08-21,Calaveras,009,45235,2877,2744,20,2764,59
2021-08-21,Colusa,011,21464,2256,2192,460,2652,16
2021-08-21,Contra Costa,013,1133247,87736,84136,1742,85878,857
2021-08-21,Del Norte,015,27424,2667,2409,16,2425,8
2021-08-21,El Dorado,017,186661,13212,12590,1134,13724,118
2021-08-21,Fresno,019,978130,114917,111765,10147,121912,1759
2021-08-21,Glenn,021,27897,2767,2654,732,3386,20
2021-08-21,Humboldt,023,135768,6735,6446,164,6610,52
2021-08-21,Imperial,025,180216,30210,29976,2884,32860,748
2021-08-21,Inyo,027,18085,1516,1500,13,1513,39
2021-08-21,Kern,029,883053,106646,104443,14180,118623,1375
2021-08-21,Kings,031,150075,26088,25313,1374,26687,257
2021-08-21,Lake,033,64148,5228,5055,49,5104,69
2021-08-21,Lassen,035,31185,5673,5553,147,5700,21
2021-08-21,Los Angeles,037,10098052,1337500,1321308,49798,1371106,25080
2021-08-21,Madera,039,155013,18635,18067,1289,19356,246
2021-08-21,Marin,041,260295,16095,15775,330,16105,240
2021-08-21,Mariposa,043,17540,692,634,17,651,5
2021-08-21,Mendocino,045,87422,5584,5307,182,5489,51
2021-08-21,Merced,047,269075,34697,34148,1291,35439,488
2021-08-21,Modoc,049,8938,443,430,155,585,6
2021-08-21,Mono,051,14174,1392,1378,18,1396,3
2021-08-21,Monterey,053,433212,45545,44969,2279,47248,538
2021-08-21,Napa,055,140530,11425,11211,70,11281,85
2021-08-21,Nevada,057,99092,7159,6810,237,7047,77
2021-08-21,Orange,059,3164182,284152,279855,13162,293017,5181
2021-08-21,Placer,061,380077,29945,28289,2524,30813,314
2021-08-21,Plumas,063,18699,977,916,14,930,5
2021-08-21,Riverside,065,2383286,327243,320086,15297,335383,4594
2021-08-21,Sacramento,067,1510023,133180,127751,2762,130513,1809
2021-08-21,San Benito,069,59416,6628,6542,130,6672,64
2021-08-21,San Bernardino,071,2135413,323100,318293,9937,328230,5324
2021-08-21,San Diego,073,3302833,328415,322620,19091,341711,3848
2021-08-21,San Francisco,075,870044,46907,45637,1937,47574,573
2021-08-21,San Joaquin,077,732212,85548,82825,4459,87284,1498
2021-08-21,San Luis Obispo,079,281455,24856,24169,951,25120,273
2021-08-21,San Mateo,081,765935,49007,47685,707,48392,553
2021-08-21,Santa Barbara,083,443738,38891,37951,1349,39300,478
2021-08-21,Santa Clara,085,1922200,133163,129911,988,130899,1778
2021-08-21,Santa Cruz,087,273765,18206,17763,913,18676,209
2021-08-21,Shasta,089,179085,14957,14417,2096,16513,217
2021-08-21,Sierra,091,2930,98,85,13,98,0
2021-08-21,Siskiyou,093,43540,2381,2246,631,2877,33
2021-08-21,Solano,095,438530,40598,38423,971,39394,281
2021-08-21,Sonoma,097,501317,36809,35582,445,36027,336
2021-08-21,Stanislaus,099,539301,65072,63512,7236,70748,1058
2021-08-21,Sutter,101,95872,11492,11204,127,11331,133
2021-08-21,Tehama,103,63373,5941,5757,780,6537,67
2021-08-21,Trinity,105,12862,588,431,141,572,3
2021-08-21,Tulare,107,460477,54855,53045,10951,63996,857
2021-08-21,Tuolumne,109,53932,5305,5193,58,5251,73
2021-08-21,Ventura,111,848112,89828,88558,3869,92427,1063
2021-08-21,Yolo,113,214977,16882,16322,746,17068,226
2021-08-21,Yuba,115,75493,7859,7580,172,7752,54
2021-08-20,Alameda,001,1643700,107122,103812,2426,106238,1294
2021-08-20,Alpine,003,1148,91,91,0,91,0
2021-08-20,Amador,005,37829,4464,4323,39,4362,50
2021-08-20,Butte,007,227075,15275,14617,2473,17090,211
2021-08-20,Calaveras,009,45235,2856,2717,20,2737,59
2021-08-20,Colusa,011,21464,2251,2178,458,2636,16
2021-08-20,Contra Costa,013,1133247,87460,83721,1735,85456,857
2021-08-20,Del Norte,015,27424,2635,2316,16,2332,8
2021-08-20,El Dorado,017,186661,13174,12495,1126,13621,118
2021-08-20,Fresno,019,978130,114561,111315,10113,121428,1759
2021-08-20,Glenn,021,27897,2760,2642,722,3364,20
2021-08-20,Humboldt,023,135768,6683,6349,159,6508,52
2021-08-20,Imperial,025,180216,30187,29934,2884,32818,747
2021-08-20,Inyo,027,18085,1510,1495,13,1508,39
2021-08-20,Kern,029,883053,106362,104048,14052,118100,1373
2021-08-20,Kings,031,150075,26022,25241,1372,26613,256
2021-08-20,Lake,033,64148,5213,5024,46,5070,69
2021-08-20,Lassen,035,31185,5653,5539,147,5686,21
2021-08-20,Los Angeles,037,10098052,1335623,1317541,49696,1367237,25049
2021-08-20,Madera,039,155013,18586,18018,1274,19292,246
2021-08-20,Marin,041,260295,16077,15727,326,16053,240
2021-08-20,Mariposa,043,17540,687,630,17,647,5
2021-08-20,Mendocino,045,87422,5538,5241,181,5422,51
2021-08-20,Merced,047,269075,34633,34035,1281,35316,486
2021-08-20,Modoc,049,8938,443,429,155,584,6
2021-08-20,Mono,051,14174,1391,1368,18,1386,3
2021-08-20,Monterey,053,433212,45507,44890,2272,47162,538
2021-08-20,Napa,055,140530,11393,11152,70,11222,83
2021-08-20,Nevada,057,99092,7117,6753,231,6984,77
2021-08-20,Orange,059,3164182,283707,279193,13141,292334,5179
2021-08-20,Placer,061,380077,29850,28156,2495,30651,313
2021-08-20,Plumas,063,18699,967,908,14,922,5
2021-08-20,Riverside,065,2383286,326547,319072,15266,334338,4594
2021-08-20,Sacramento,067,1510023,132705,127226,2745,129971,1797
2021-08-20,San Benito,069,59416,6614,6508,130,6638,64
2021-08-20,San Bernardino,071,2135413,322487,317372,9908,327280,5322
2021-08-20,San Diego,073,3302833,327506,321102,19021,340123,3846
2021-08-20,San Francisco,075,870044,46810,45432,1922,47354,573
2021-08-20,San Joaquin,077,732212,85318,82419,4441,86860,1496
2021-08-20,San Luis Obispo,079,281455,24778,23986,947,24933,273
2021-08-20,San Mateo,081,765935,48894,47561,704,48265,551
2021-08-20,Santa Barbara,083,443738,38806,37794,1344,39138,477
2021-08-20,Santa Clara,085,1922200,132880,129510,983,130493,1774
2021-08-20,Santa Cruz,087,273765,18166,17701,910,18611,209
2021-08-20,Shasta,089,179085,14878,14277,2077,16354,215
2021-08-20,Sierra,091,2930,97,83,13,96,0
2021-08-20,Siskiyou,093,43540,2365,2226,626,2852,33
2021-08-20,Solano,095,438530,40458,38214,960,39174,277
2021-08-20,Sonoma,097,501317,36741,35416,444,35860,336
2021-08-20,Stanislaus,099,539301,64883,63219,7212,70431,1047
2021-08-20,Sutter,101,95872,11436,11136,126,11262,133
2021-08-20,Tehama,103,63373,5925,5730,768,6498,66
2021-08-20,Trinity,105,12862,588,422,140,562,3
2021-08-20,Tulare,107,460477,54725,52855,10908,63763,856
2021-08-20,Tuolumne,109,53932,5281,5153,57,5210,73
2021-08-20,Ventura,111,848112,89661,88285,3866,92151,1061
2021-08-20,Yolo,113,214977,16828,16236,740,16976,225
2021-08-20,Yuba,115,75493,7818,7523,172,7695,54
2021-08-19,Alameda,001,1643700,106671,103276,2404,105680,1294
2021-08-19,Alpine,003,1148,91,91,0,91,0
2021-08-19,Amador,005,37829,4457,4317,39,4356,50
2021-08-19,Butte,007,227075,15141,14518,2444,16962,211
2021-08-19,Calaveras,009,45235,2836,2673,20,2693,59
2021-08-19,Colusa,011,21464,2242,2167,453,2620,16
2021-08-19,Contra Costa,013,1133247,87022,83296,1721,85017,852
2021-08-19,Del Norte,015,27424,2585,2257,16,2273,8
2021-08-19,El Dorado,017,186661,13089,12410,1106,13516,118
2021-08-19,Fresno,019,978130,114122,110947,10059,121006,1759
2021-08-19,Glenn,021,27897,2742,2629,715,3344,20
2021-08-19,Humboldt,023,135768,6622,6246,153,6399,52
2021-08-19,Imperial,025,180216,30141,29865,2879,32744,747
2021-08-19,Inyo,027,18085,1503,1494,13,1507,39
2021-08-19,Kern,029,883053,105966,103731,13911,117642,1371
2021-08-19,Kings,031,150075,25891,25128,1360,26488,256
2021-08-19,Lake,033,64148,5183,4991,42,5033,69
2021-08-19,Lassen,035,31185,5635,5520,146,5666,21
2021-08-19,Los Angeles,037,10098052,1332643,1314453,49553,1364006,25020
2021-08-19,Madera,039,155013,18524,17947,1259,19206,246
2021-08-19,Marin,041,260295,16044,15672,323,15995,240
2021-08-19,Mariposa,043,17540,672,618,17,635,5
2021-08-19,Mendocino,045,87422,5505,5167,178,5345,51
2021-08-19,Merced,047,269075,34498,33851,1268,35119,486
2021-08-19,Modoc,049,8938,443,427,155,582,6
2021-08-19,Mono,051,14174,1387,1349,18,1367,3
2021-08-19,Monterey,053,433212,45434,44821,2262,47083,538
2021-08-19,Napa,055,140530,11341,11104,70,11174,83
2021-08-19,Nevada,057,99092,7053,6695,229,6924,77
2021-08-19,Orange,059,3164182,283072,278562,13090,291652,5172
2021-08-19,Placer,061,380077,29670,27953,2477,30430,313
2021-08-19,Plumas,063,18699,954,896,14,910,5
2021-08-19,Riverside,065,2383286,325519,318056,15237,333293,4589
2021-08-19,Sacramento,067,1510023,132001,126720,2710,129430,1801
2021-08-19,San Benito,069,59416,6596,6493,128,6621,64
2021-08-19,San Bernardino,071,2135413,321665,316398,9885,326283,5318
2021-08-19,San Diego,073,3302833,326255,319582,18924,338506,3839
2021-08-19,San Francisco,075,870044,46647,45220,1909,47129,571
2021-08-19,San Joaquin,077,732212,84873,82047,4390,86437,1491
2021-08-19,San Luis Obispo,079,281455,24640,23878,940,24818,271
2021-08-19,San Mateo,081,765935,48762,47431,702,48133,551
2021-08-19,Santa Barbara,083,443738,38661,37693,1341,39034,477
2021-08-19,Santa Clara,085,1922200,132490,129133,976,130109,1774
2021-08-19,Santa Cruz,087,273765,18103,17644,903,18547,209
2021-08-19,Shasta,089,179085,14754,14200,2054,16254,214
2021-08-19,Sierra,091,2930,93,83,13,96,0
2021-08-19,Siskiyou,093,43540,2350,2218,614,2832,33
2021-08-19,Solano,095,438530,40300,38025,948,38973,273
2021-08-19,Sonoma,097,501317,36653,35233,443,35676,336
2021-08-19,Stanislaus,099,539301,64541,62928,7168,70096,1047
2021-08-19,Sutter,101,95872,11351,11057,125,11182,133
2021-08-19,Tehama,103,63373,5889,5683,741,6424,66
2021-08-19,Trinity,105,12862,584,414,138,552,3
2021-08-19,Tulare,107,460477,54493,52685,10844,63529,856
2021-08-19,Tuolumne,109,53932,5245,5112,56,5168,64
2021-08-19,Ventura,111,848112,89458,88073,3851,91924,1060
2021-08-19,Yolo,113,214977,16743,16153,732,16885,225
2021-08-19,Yuba,115,75493,7765,7458,171,7629,51
2021-08-18,Alameda,001,1643700,106257,102696,2382,105078,1294
2021-08-18,Alpine,003,1148,90,91,0,91,0
2021-08-18,Amador,005,37829,4440,4279,38,4317,50
2021-08-18,Butte,007,227075,15031,14426,2418,16844,208
2021-08-18,Calaveras,009,45235,2799,2643,19,2662,59
2021-08-18,Colusa,011,21464,2234,2160,449,2609,16
2021-08-18,Contra Costa,013,1133247,86522,82767,1715,84482,851
2021-08-18,Del Norte,015,27424,2528,2219,16,2235,8
2021-08-18,El Dorado,017,186661,12999,12306,1092,13398,118
2021-08-18,Fresno,019,978130,113668,110523,9996,120519,1759
2021-08-18,Glenn,021,27897,2710,2623,707,3330,20
2021-08-18,Humboldt,023,135768,6551,6195,148,6343,52
2021-08-18,Imperial,025,180216,30108,29821,2877,32698,746
2021-08-18,Inyo,027,18085,1500,1494,13,1507,39
2021-08-18,Kern,029,883053,105619,103440,13816,117256,1370
2021-08-18,Kings,031,150075,25782,24984,1352,26336,256
2021-08-18,Lake,033,64148,5142,4957,41,4998,69
2021-08-18,Lassen,035,31185,5616,5506,145,5651,21
2021-08-18,Los Angeles,037,10098052,1329495,1311477,49419,1360896,24984
2021-08-18,Madera,039,155013,18464,17871,1246,19117,246
2021-08-18,Marin,041,260295,16006,15610,320,15930,240
2021-08-18,Mariposa,043,17540,659,615,16,631,5
2021-08-18,Mendocino,045,87422,5454,5129,176,5305,51
2021-08-18,Merced,047,269075,34333,33708,1257,34965,484
2021-08-18,Modoc,049,8938,443,427,154,581,6
2021-08-18,Mono,051,14174,1384,1344,18,1362,3
2021-08-18,Monterey,053,433212,45350,44735,2245,46980,532
2021-08-18,Napa,055,140530,11302,11060,69,11129,83
2021-08-18,Nevada,057,99092,6987,6633,229,6862,76
2021-08-18,Orange,059,3164182,282435,277795,13035,290830,5168
2021-08-18,Placer,061,380077,29444,27741,2449,30190,312
2021-08-18,Plumas,063,18699,945,874,14,888,5
2021-08-18,Riverside,065,2383286,324519,317107,15203,332310,4585
2021-08-18,Sacramento,067,1510023,131241,125599,2678,128277,1781
2021-08-18,San Benito,069,59416,6585,6481,127,6608,64
2021-08-18,San Bernardino,071,2135413,320864,315477,9866,325343,5304
2021-08-18,San Diego,073,3302833,324914,318152,18858,337010,3834
2021-08-18,San Francisco,075,870044,46444,44957,1899,46856,568
2021-08-18,San Joaquin,077,732212,84420,81601,4359,85960,1491
2021-08-18,San Luis Obispo,079,281455,24490,23726,927,24653,270
2021-08-18,San Mateo,081,765935,48597,47255,701,47956,551
2021-08-18,Santa Barbara,083,443738,38530,37599,1335,38934,475
2021-08-18,Santa Clara,085,1922200,132127,128563,973,129536,1773
2021-08-18,Santa Cruz,087,273765,18048,17566,899,18465,209
2021-08-18,Shasta,089,179085,14655,14087,2035,16122,213
2021-08-18,Sierra,091,2930,92,83,13,96,0
2021-08-18,Siskiyou,093,43540,2321,2204,602,2806,33
2021-08-18,Solano,095,438530,40094,37812,933,38745,271
2021-08-18,Sonoma,097,501317,36509,35063,442,35505,333
2021-08-18,Stanislaus,099,539301,64210,62613,7124,69737,1047
2021-08-18,Sutter,101,95872,11279,11004,120,11124,130
2021-08-18,Tehama,103,63373,5854,5653,731,6384,66
2021-08-18,Trinity,105,12862,577,409,135,544,3
2021-08-18,Tulare,107,460477,54253,52486,10775,63261,856
2021-08-18,Tuolumne,109,53932,5209,5081,54,5135,64
2021-08-18,Ventura,111,848112,89226,87835,3841,91676,1055
2021-08-18,Yolo,113,214977,16660,16047,713,16760,225
2021-08-18,Yuba,115,75493,7700,7391,171,7562,51
2021-08-17,Alameda,001,1643700,105857,102379,2367,104746,1290
2021-08-17,Alpine,003,1148,90,91,0,91,0
2021-08-17,Amador,005,37829,4411,4266,38,4304,50
2021-08-17,Butte,007,227075,14924,14357,2384,16741,206
2021-08-17,Calaveras,009,45235,2765,2624,19,2643,59
2021-08-17,Colusa,011,21464,2225,2156,445,2601,16
2021-08-17,Contra Costa,013,1133247,86076,82482,1704,84186,848
2021-08-17,Del Norte,015,27424,2474,2188,16,2204,8
2021-08-17,El Dorado,017,186661,12911,12242,1078,13320,118
2021-08-17,Fresno,019,978130,113184,110263,9931,120194,1755
2021-08-17,Glenn,021,27897,2696,2608,698,3306,20
2021-08-17,Humboldt,023,135768,6471,6155,146,6301,52
2021-08-17,Imperial,025,180216,30057,29768,2873,32641,746
2021-08-17,Inyo,027,18085,1497,1492,13,1505,39
2021-08-17,Kern,029,883053,105225,103048,13692,116740,1367
2021-08-17,Kings,031,150075,25676,24930,1341,26271,254
2021-08-17,Lake,033,64148,5099,4930,35,4965,68
2021-08-17,Lassen,035,31185,5599,5499,143,5642,21
2021-08-17,Los Angeles,037,10098052,1325942,1307999,49288,1357287,24952
2021-08-17,Madera,039,155013,18390,17838,1226,19064,246
2021-08-17,Marin,041,260295,15950,15570,320,15890,240
2021-08-17,Mariposa,043,17540,651,609,15,624,5
2021-08-17,Mendocino,045,87422,5399,5097,176,5273,51
2021-08-17,Merced,047,269075,34183,33508,1247,34755,482
2021-08-17,Modoc,049,8938,440,424,152,576,6
2021-08-17,Mono,051,14174,1379,1341,18,1359,3
2021-08-17,Monterey,053,433212,45266,44672,2235,46907,528
2021-08-17,Napa,055,140530,11261,11007,68,11075,83
2021-08-17,Nevada,057,99092,6912,6605,227,6832,75
2021-08-17,Orange,059,3164182,281788,277121,12999,290120,5164
2021-08-17,Placer,061,380077,29229,27634,2420,30054,312
2021-08-17,Plumas,063,18699,933,860,14,874,5
2021-08-17,Riverside,065,2383286,323507,316051,15160,331211,4582
2021-08-17,Sacramento,067,1510023,130448,125151,2635,127786,1774
2021-08-17,San Benito,069,59416,6566,6470,127,6597,64
2021-08-17,San Bernardino,071,2135413,319927,314402,9826,324228,5302
2021-08-17,San Diego,073,3302833,323303,317058,18760,335818,3824
2021-08-17,San Francisco,075,870044,46244,44820,1893,46713,567
2021-08-17,San Joaquin,077,732212,83951,81300,4326,85626,1489
2021-08-17,San Luis Obispo,079,281455,24334,23556,924,24480,268
2021-08-17,San Mateo,081,765935,48442,47127,696,47823,551
2021-08-17,Santa Barbara,083,443738,38371,37478,1328,38806,475
2021-08-17,Santa Clara,085,1922200,131724,128354,966,129320,1773
2021-08-17,Santa Cruz,087,273765,17963,17528,898,18426,209
2021-08-17,Shasta,089,179085,14524,14012,2016,16028,214
2021-08-17,Sierra,091,2930,91,82,13,95,0
2021-08-17,Siskiyou,093,43540,2305,2183,589,2772,33
2021-08-17,Solano,095,438530,39865,37662,920,38582,269
2021-08-17,Sonoma,097,501317,36361,34943,438,35381,333
2021-08-17,Stanislaus,099,539301,63871,62385,7064,69449,1047
2021-08-17,Sutter,101,95872,11207,10973,120,11093,130
2021-08-17,Tehama,103,63373,5820,5612,709,6321,66
2021-08-17,Trinity,105,12862,572,406,132,538,3
2021-08-17,Tulare,107,460477,53985,52362,10709,63071,856
2021-08-17,Tuolumne,109,53932,5166,5042,53,5095,64
2021-08-17,Ventura,111,848112,88988,87601,3820,91421,1053
2021-08-17,Yolo,113,214977,16571,15975,699,16674,225
2021-08-17,Yuba,115,75493,7629,7355,171,7526,51
2021-08-16,Alameda,001,1643700,105354,102052,2358,104410,1287
2021-08-16,Alpine,003,1148,90,91,0,91,0
2021-08-16,Amador,005,37829,4401,4235,38,4273,50
2021-08-16,Butte,007,227075,14806,14283,2350,16633,206
2021-08-16,Calaveras,009,45235,2705,2609,18,2627,57
2021-08-16,Colusa,011,21464,2214,2147,441,2588,16
2021-08-16,Contra Costa,013,1133247,85533,82070,1694,83764,848
2021-08-16,Del Norte,015,27424,2397,2125,16,2141,8
2021-08-16,El Dorado,017,186661,12809,12139,1065,13204,118
2021-08-16,Fresno,019,978130,112686,109623,9879,119502,1753
2021-08-16,Glenn,021,27897,2677,2593,692,3285,20
2021-08-16,Humboldt,023,135768,6400,6064,125,6189,52
2021-08-16,Imperial,025,180216,30016,29737,2858,32595,746
2021-08-16,Inyo,027,18085,1494,1490,13,1503,39
2021-08-16,Kern,029,883053,104850,102690,13576,116266,1367
2021-08-16,Kings,031,150075,25573,24817,1331,26148,254
2021-08-16,Lake,033,64148,5072,4898,34,4932,68
2021-08-16,Lassen,035,31185,5583,5481,135,5616,21
2021-08-16,Los Angeles,037,10098052,1322562,1305330,49142,1354472,24923
2021-08-16,Madera,039,155013,18315,17756,1205,18961,246
2021-08-16,Marin,041,260295,15891,15497,319,15816,239
2021-08-16,Mariposa,043,17540,634,597,15,612,5
2021-08-16,Mendocino,045,87422,5343,5037,174,5211,49
2021-08-16,Merced,047,269075,33982,33364,1234,34598,481
2021-08-16,Modoc,049,8938,438,421,151,572,5
2021-08-16,Mono,051,14174,1374,1339,18,1357,3
2021-08-16,Monterey,053,433212,45187,44595,2223,46818,527
2021-08-16,Napa,055,140530,11232,10946,68,11014,83
2021-08-16,Nevada,057,99092,6857,6535,226,6761,74
2021-08-16,Orange,059,3164182,280994,275985,12954,288939,5161
2021-08-16,Placer,061,380077,29046,27384,2387,29771,306
2021-08-16,Plumas,063,18699,922,851,14,865,5
2021-08-16,Riverside,065,2383286,322416,314774,15123,329897,4582
2021-08-16,Sacramento,067,1510023,129638,124554,2592,127146,1762
2021-08-16,San Benito,069,59416,6542,6452,127,6579,64
2021-08-16,San Bernardino,071,2135413,318964,313617,9799,323416,5301
2021-08-16,San Diego,073,3302833,321706,315348,18620,333968,3824
2021-08-16,San Francisco,075,870044,46040,44681,1885,46566,567
2021-08-16,San Joaquin,077,732212,83448,81087,4299,85386,1488
2021-08-16,San Luis Obispo,079,281455,24184,23452,916,24368,265
2021-08-16,San Mateo,081,765935,48259,47024,689,47713,548
2021-08-16,Santa Barbara,083,443738,38200,37358,1323,38681,475
2021-08-16,Santa Clara,085,1922200,131260,127978,962,128940,1773
2021-08-16,Santa Cruz,087,273765,17899,17491,892,18383,209
2021-08-16,Shasta,089,179085,14435,13862,2000,15862,211
2021-08-16,Sierra,091,2930,88,82,13,95,0
2021-08-16,Siskiyou,093,43540,2288,2169,569,2738,33
2021-08-16,Solano,095,438530,39584,37436,906,38342,263
2021-08-16,Sonoma,097,501317,36193,34844,436,35280,333
2021-08-16,Stanislaus,099,539301,63532,62033,7012,69045,1039
2021-08-16,Sutter,101,95872,11138,10902,119,11021,130
2021-08-16,Tehama,103,63373,5757,5565,704,6269,66
2021-08-16,Trinity,105,12862,566,400,131,531,3
2021-08-16,Tulare,107,460477,53742,52162,10639,62801,856
2021-08-16,Tuolumne,109,53932,5127,4984,52,5036,64
2021-08-16,Ventura,111,848112,88743,86954,3802,90756,1052
2021-08-16,Yolo,113,214977,16470,15922,691,16613,225
2021-08-16,Yuba,115,75493,7545,7314,170,7484,51
2021-08-15,Alameda,001,1643700,104858,101660,2341,104001,1287
2021-08-15,Alpine,003,1148,90,91,0,91,0
2021-08-15,Amador,005,37829,4373,4231,38,4269,49
2021-08-15,Butte,007,227075,14682,14263,2327,16590,206
2021-08-15,Calaveras,009,45235,2662,2599,18,2617,57
2021-08-15,Colusa,011,21464,2202,2140,431,2571,16
2021-08-15,Contra Costa,013,1133247,85051,81781,1679,83460,848
2021-08-15,Del Norte,015,27424,2330,2060,16,2076,8
2021-08-15,El Dorado,017,186661,12674,12057,1048,13105,118
2021-08-15,Fresno,019,978130,112207,109382,9813,119195,1753
2021-08-15,Glenn,021,27897,2654,2592,680,3272,20
2021-08-15,Humboldt,023,135768,6326,6024,119,6143,52
2021-08-15,Imperial,025,180216,29950,29711,2854,32565,746
2021-08-15,Inyo,027,18085,1493,1489,13,1502,39
2021-08-15,Kern,029,883053,104406,102524,13463,115987,1367
2021-08-15,Kings,031,150075,25428,24736,1321,26057,254
2021-08-15,Lake,033,64148,5013,4886,33,4919,68
2021-08-15,Lassen,035,31185,5566,5482,134,5616,21
2021-08-15,Los Angeles,037,10098052,1319029,1302882,48970,1351852,24918
2021-08-15,Madera,039,155013,18227,17714,1189,18903,246
2021-08-15,Marin,041,260295,15832,15461,317,15778,239
2021-08-15,Mariposa,043,17540,627,591,14,605,5
2021-08-15,Mendocino,045,87422,5287,5022,168,5190,49
2021-08-15,Merced,047,269075,33737,33305,1223,34528,481
2021-08-15,Modoc,049,8938,436,421,151,572,5
2021-08-15,Mono,051,14174,1370,1334,18,1352,3
2021-08-15,Monterey,053,433212,45065,44567,2201,46768,527
2021-08-15,Napa,055,140530,11177,10919,68,10987,83
2021-08-15,Nevada,057,99092,6772,6486,226,6712,74
2021-08-15,Orange,059,3164182,280223,275447,12913,288360,5161
2021-08-15,Placer,061,380077,28824,27220,2339,29559,306
2021-08-15,Plumas,063,18699,910,850,14,864,5
2021-08-15,Riverside,065,2383286,321277,314133,15096,329229,4582
2021-08-15,Sacramento,067,1510023,128821,123924,2560,126484,1761
2021-08-15,San Benito,069,59416,6524,6446,126,6572,64
2021-08-15,San Bernardino,071,2135413,317889,313120,9767,322887,5301
2021-08-15,San Diego,073,3302833,320236,314247,18493,332740,3824
2021-08-15,San Francisco,075,870044,45816,44531,1868,46399,567
2021-08-15,San Joaquin,077,732212,82960,80832,4260,85092,1488
2021-08-15,San Luis Obispo,079,281455,23987,23404,906,24310,265
2021-08-15,San Mateo,081,765935,48071,46897,683,47580,548
2021-08-15,Santa Barbara,083,443738,38028,37276,1316,38592,475
2021-08-15,Santa Clara,085,1922200,130827,127715,956,128671,1773
2021-08-15,Santa Cruz,087,273765,17829,17440,885,18325,209
2021-08-15,Shasta,089,179085,14332,13835,1975,15810,211
2021-08-15,Sierra,091,2930,87,82,12,94,0
2021-08-15,Siskiyou,093,43540,2267,2169,555,2724,33
2021-08-15,Solano,095,438530,39328,37320,895,38215,263
2021-08-15,Sonoma,097,501317,35997,34706,428,35134,333
2021-08-15,Stanislaus,099,539301,63164,61795,6935,68730,1039
2021-08-15,Sutter,101,95872,11047,10863,119,10982,130
2021-08-15,Tehama,103,63373,5708,5550,698,6248,66
2021-08-15,Trinity,105,12862,562,400,130,530,3
2021-08-15,Tulare,107,460477,53485,52046,10579,62625,856
2021-08-15,Tuolumne,109,53932,5089,4934,50,4984,64
2021-08-15,Ventura,111,848112,88438,86797,3788,90585,1052
2021-08-15,Yolo,113,214977,16374,15873,681,16554,225
2021-08-15,Yuba,115,75493,7468,7265,169,7434,51
2021-08-14,Alameda,001,1643700,104641,101305,2337,103642,1287
2021-08-14,Alpine,003,1148,90,91,0,91,0
2021-08-14,Amador,005,37829,4355,4206,38,4244,49
2021-08-14,Butte,007,227075,14646,14192,2311,16503,206
2021-08-14,Calaveras,009,45235,2655,2579,18,2597,57
2021-08-14,Colusa,011,21464,2191,2134,427,2561,16
2021-08-14,Contra Costa,013,1133247,84803,81458,1671,83129,848
2021-08-14,Del Norte,015,27424,2303,2015,16,2031,8
2021-08-14,El Dorado,017,186661,12638,12019,1040,13059,118
2021-08-14,Fresno,019,978130,112046,109056,9783,118839,1753
2021-08-14,Glenn,021,27897,2643,2583,677,3260,20
2021-08-14,Humboldt,023,135768,6273,5998,115,6113,52
2021-08-14,Imperial,025,180216,29923,29671,2854,32525,746
2021-08-14,Inyo,027,18085,1491,1487,13,1500,39
2021-08-14,Kern,029,883053,104211,102306,13367,115673,1367
2021-08-14,Kings,031,150075,25330,24647,1312,25959,254
2021-08-14,Lake,033,64148,4996,4850,32,4882,68
2021-08-14,Lassen,035,31185,5559,5475,133,5608,21
2021-08-14,Los Angeles,037,10098052,1317256,1299346,48830,1348176,24911
2021-08-14,Madera,039,155013,18180,17691,1184,18875,246
2021-08-14,Marin,041,260295,15798,15441,317,15758,239
2021-08-14,Mariposa,043,17540,623,584,14,598,5
2021-08-14,Mendocino,045,87422,5251,4977,165,5142,49
2021-08-14,Merced,047,269075,33673,33234,1217,34451,481
2021-08-14,Modoc,049,8938,436,421,151,572,5
2021-08-14,Mono,051,14174,1365,1332,18,1350,3
2021-08-14,Monterey,053,433212,45020,44514,2198,46712,527
2021-08-14,Napa,055,140530,11147,10878,67,10945,83
2021-08-14,Nevada,057,99092,6737,6419,225,6644,74
2021-08-14,Orange,059,3164182,279789,274732,12885,287617,5161
2021-08-14,Placer,061,380077,28678,27115,2315,29430,306
2021-08-14,Plumas,063,18699,900,849,14,863,5
2021-08-14,Riverside,065,2383286,320561,313264,15075,328339,4582
2021-08-14,Sacramento,067,1510023,128327,123438,2542,125980,1758
2021-08-14,San Benito,069,59416,6511,6428,126,6554,64
2021-08-14,San Bernardino,071,2135413,317340,312142,9746,321888,5301
2021-08-14,San Diego,073,3302833,319565,313589,18425,332014,3824
2021-08-14,San Francisco,075,870044,45687,44353,1849,46202,567
2021-08-14,San Joaquin,077,732212,82744,80585,4245,84830,1488
2021-08-14,San Luis Obispo,079,281455,23926,23328,903,24231,265
2021-08-14,San Mateo,081,765935,47952,46792,679,47471,548
2021-08-14,Santa Barbara,083,443738,37934,37118,1313,38431,475
2021-08-14,Santa Clara,085,1922200,130548,127432,953,128385,1772
2021-08-14,Santa Cruz,087,273765,17790,17384,884,18268,209
2021-08-14,Shasta,089,179085,14257,13813,1954,15767,211
2021-08-14,Sierra,091,2930,86,81,12,93,0
2021-08-14,Siskiyou,093,43540,2257,2160,545,2705,33
2021-08-14,Solano,095,438530,39241,37237,883,38120,263
2021-08-14,Sonoma,097,501317,35874,34606,426,35032,333
2021-08-14,Stanislaus,099,539301,62990,61564,6890,68454,1039
2021-08-14,Sutter,101,95872,11002,10808,118,10926,130
2021-08-14,Tehama,103,63373,5684,5530,694,6224,66
2021-08-14,Trinity,105,12862,556,399,130,529,3
2021-08-14,Tulare,107,460477,53349,51951,10533,62484,856
2021-08-14,Tuolumne,109,53932,5054,4924,50,4974,64
2021-08-14,Ventura,111,848112,88282,86569,3768,90337,1052
2021-08-14,Yolo,113,214977,16329,15815,671,16486,225
2021-08-14,Yuba,115,75493,7419,7223,169,7392,51
2021-08-13,Alameda,001,1643700,104342,100930,2329,103259,1284
2021-08-13,Alpine,003,1148,90,91,0,91,0
2021-08-13,Amador,005,37829,4327,4169,38,4207,49
2021-08-13,Butte,007,227075,14576,14100,2295,16395,206
2021-08-13,Calaveras,009,45235,2648,2564,18,2582,57
2021-08-13,Colusa,011,21464,2184,2123,422,2545,16
2021-08-13,Contra Costa,013,1133247,84491,81046,1663,82709,848
2021-08-13,Del Norte,015,27424,2262,1973,16,1989,8
2021-08-13,El Dorado,017,186661,12598,11951,1028,12979,118
2021-08-13,Fresno,019,978130,111754,108638,9759,118397,1753
2021-08-13,Glenn,021,27897,2632,2574,673,3247,20
2021-08-13,Humboldt,023,135768,6226,5882,112,5994,52
2021-08-13,Imperial,025,180216,29896,29654,2853,32507,745
2021-08-13,Inyo,027,18085,1490,1484,13,1497,39
2021-08-13,Kern,029,883053,104002,102029,13258,115287,1364
2021-08-13,Kings,031,150075,25245,24531,1305,25836,253
2021-08-13,Lake,033,64148,4973,4811,31,4842,68
2021-08-13,Lassen,035,31185,5551,5455,132,5587,21
2021-08-13,Los Angeles,037,10098052,1314937,1295406,48692,1344098,24891
2021-08-13,Madera,039,155013,18131,17614,1175,18789,246
2021-08-13,Marin,041,260295,15767,15380,317,15697,239
2021-08-13,Mariposa,043,17540,617,577,14,591,5
2021-08-13,Mendocino,045,87422,5198,4924,163,5087,49
2021-08-13,Merced,047,269075,33626,33111,1211,34322,480
2021-08-13,Modoc,049,8938,435,421,150,571,5
2021-08-13,Mono,051,14174,1362,1331,18,1349,3
2021-08-13,Monterey,053,433212,44960,44450,2196,46646,527
2021-08-13,Napa,055,140530,11111,10830,67,10897,83
2021-08-13,Nevada,057,99092,6696,6356,224,6580,74
2021-08-13,Orange,059,3164182,279294,274004,12836,286840,5159
2021-08-13,Placer,061,380077,28578,26987,2288,29275,306
2021-08-13,Plumas,063,18699,886,842,14,856,5
2021-08-13,Riverside,065,2383286,319823,312408,15050,327458,4581
2021-08-13,Sacramento,067,1510023,127857,122868,2515,125383,1758
2021-08-13,San Benito,069,59416,6505,6422,124,6546,64
2021-08-13,San Bernardino,071,2135413,316672,311378,9727,321105,5301
2021-08-13,San Diego,073,3302833,318519,312293,18346,330639,3821
2021-08-13,San Francisco,075,870044,45551,44196,1826,46022,567
2021-08-13,San Joaquin,077,732212,82527,80232,4229,84461,1481
2021-08-13,San Luis Obispo,079,281455,23863,23226,900,24126,265
2021-08-13,San Mateo,081,765935,47833,46660,678,47338,548
2021-08-13,Santa Barbara,083,443738,37849,37023,1309,38332,474
2021-08-13,Santa Clara,085,1922200,130261,126958,947,127905,1769
2021-08-13,Santa Cruz,087,273765,17750,17332,877,18209,209
2021-08-13,Shasta,089,179085,14194,13698,1940,15638,211
2021-08-13,Sierra,091,2930,85,81,12,93,0
2021-08-13,Siskiyou,093,43540,2248,2147,541,2688,33
2021-08-13,Solano,095,438530,39107,37104,875,37979,264
2021-08-13,Sonoma,097,501317,35769,34464,426,34890,333
2021-08-13,Stanislaus,099,539301,62820,61294,6847,68141,1039
2021-08-13,Sutter,101,95872,10958,10751,117,10868,130
2021-08-13,Tehama,103,63373,5660,5496,692,6188,66
2021-08-13,Trinity,105,12862,552,392,130,522,3
2021-08-13,Tulare,107,460477,53245,51770,10458,62228,856
2021-08-13,Tuolumne,109,53932,5021,4899,49,4948,64
2021-08-13,Ventura,111,848112,88124,86368,3755,90123,1052
2021-08-13,Yolo,113,214977,16275,15761,661,16422,225
2021-08-13,Yuba,115,75493,7381,7184,169,7353,51
2021-08-12,Alameda,001,1643700,103850,100472,2316,102788,1284
2021-08-12,Alpine,003,1148,90,91,0,91,0
2021-08-12,Amador,005,37829,4297,4161,37,4198,49
2021-08-12,Butte,007,227075,14506,14006,2277,16283,206
2021-08-12,Calaveras,009,45235,2633,2531,18,2549,57
2021-08-12,Colusa,011,21464,2179,2111,421,2532,17
2021-08-12,Contra Costa,013,1133247,84009,80738,1648,82386,846
2021-08-12,Del Norte,015,27424,2190,1923,16,1939,8
2021-08-12,El Dorado,017,186661,12485,11880,1020,12900,118
2021-08-12,Fresno,019,978130,111332,108193,9691,117884,1753
2021-08-12,Glenn,021,27897,2624,2559,661,3220,20
2021-08-12,Humboldt,023,135768,6157,5845,108,5953,52
2021-08-12,Imperial,025,180216,29840,29585,2847,32432,745
2021-08-12,Inyo,027,18085,1488,1483,13,1496,39
2021-08-12,Kern,029,883053,103713,101698,13178,114876,1364
2021-08-12,Kings,031,150075,25145,24423,1296,25719,252
2021-08-12,Lake,033,64148,4947,4774,31,4805,68
2021-08-12,Lassen,035,31185,5529,5428,131,5559,21
2021-08-12,Los Angeles,037,10098052,1311750,1291875,48557,1340432,24874
2021-08-12,Madera,039,155013,18067,17564,1163,18727,246
2021-08-12,Marin,041,260295,15718,15277,314,15591,239
2021-08-12,Mariposa,043,17540,608,568,13,581,5
2021-08-12,Mendocino,045,87422,5168,4873,157,5030,49
2021-08-12,Merced,047,269075,33502,32960,1204,34164,480
2021-08-12,Modoc,049,8938,434,423,150,573,5
2021-08-12,Mono,051,14174,1357,1325,18,1343,3
2021-08-12,Monterey,053,433212,44884,44383,2179,46562,527
2021-08-12,Napa,055,140530,11062,10780,66,10846,83
2021-08-12,Nevada,057,99092,6635,6283,224,6507,74
2021-08-12,Orange,059,3164182,278615,273167,12778,285945,5158
2021-08-12,Placer,061,380077,28380,26856,2265,29121,306
2021-08-12,Plumas,063,18699,878,829,14,843,5
2021-08-12,Riverside,065,2383286,318813,311304,15017,326321,4575
2021-08-12,Sacramento,067,1510023,127086,122222,2485,124707,1758
2021-08-12,San Benito,069,59416,6488,6398,122,6520,64
2021-08-12,San Bernardino,071,2135413,315798,310420,9698,320118,5297
2021-08-12,San Diego,073,3302833,317150,310596,18257,328853,3821
2021-08-12,San Francisco,075,870044,45344,43774,1813,45587,564
2021-08-12,San Joaquin,077,732212,82131,79945,4206,84151,1479
2021-08-12,San Luis Obispo,079,281455,23763,23101,886,23987,264
2021-08-12,San Mateo,081,765935,47689,46435,675,47110,548
2021-08-12,Santa Barbara,083,443738,37712,36881,1301,38182,473
2021-08-12,Santa Clara,085,1922200,129812,126614,941,127555,1769
2021-08-12,Santa Cruz,087,273765,17686,17261,876,18137,209
2021-08-12,Shasta,089,179085,14108,13621,1913,15534,211
2021-08-12,Sierra,091,2930,85,81,12,93,0
2021-08-12,Siskiyou,093,43540,2241,2134,531,2665,33
2021-08-12,Solano,095,438530,38878,36980,866,37846,262
2021-08-12,Sonoma,097,501317,35621,34299,423,34722,333
2021-08-12,Stanislaus,099,539301,62556,61026,6788,67814,1039
2021-08-12,Sutter,101,95872,10897,10695,115,10810,130
2021-08-12,Tehama,103,63373,5630,5462,683,6145,66
2021-08-12,Trinity,105,12862,548,386,129,515,3
2021-08-12,Tulare,107,460477,53099,51632,10409,62041,856
2021-08-12,Tuolumne,109,53932,4974,4845,47,4892,64
2021-08-12,Ventura,111,848112,87886,86106,3731,89837,1052
2021-08-12,Yolo,113,214977,16203,15686,648,16334,224
2021-08-12,Yuba,115,75493,7333,7128,168,7296,51
2021-08-11,Alameda,001,1643700,103332,100040,2312,102352,1281
2021-08-11,Alpine,003,1148,90,91,0,91,0
2021-08-11,Amador,005,37829,4273,4127,37,4164,49
2021-08-11,Butte,007,227075,14406,13905,2252,16157,206
2021-08-11,Calaveras,009,45235,2611,2505,18,2523,57
2021-08-11,Colusa,011,21464,2169,2101,419,2520,16
2021-08-11,Contra Costa,013,1133247,83509,80275,1630,81905,843
2021-08-11,Del Norte,015,27424,2131,1893,16,1909,8
2021-08-11,El Dorado,017,186661,12373,11799,1008,12807,119
2021-08-11,Fresno,019,978130,110878,107773,9644,117417,1751
2021-08-11,Glenn,021,27897,2615,2547,651,3198,20
2021-08-11,Humboldt,023,135768,6110,5765,107,5872,52
2021-08-11,Imperial,025,180216,29797,29565,2843,32408,745
2021-08-11,Inyo,027,18085,1488,1483,13,1496,39
2021-08-11,Kern,029,883053,103399,101448,13068,114516,1363
2021-08-11,Kings,031,150075,25032,24304,1287,25591,250
2021-08-11,Lake,033,64148,4910,4713,30,4743,68
2021-08-11,Lassen,035,31185,5520,5408,129,5537,21
2021-08-11,Los Angeles,037,10098052,1308428,1288238,48368,1336606,24851
2021-08-11,Madera,039,155013,18017,17511,1152,18663,245
2021-08-11,Marin,041,260295,15669,15235,314,15549,239
2021-08-11,Mariposa,043,17540,598,554,12,566,5
2021-08-11,Mendocino,045,87422,5099,4796,148,4944,49
2021-08-11,Merced,047,269075,33369,32802,1200,34002,479
2021-08-11,Modoc,049,8938,434,421,150,571,5
2021-08-11,Mono,051,14174,1352,1320,18,1338,3
2021-08-11,Monterey,053,433212,44785,44314,2161,46475,527
2021-08-11,Napa,055,140530,11021,10732,66,10798,83
2021-08-11,Nevada,057,99092,6581,6172,221,6393,74
2021-08-11,Orange,059,3164182,277758,272212,12731,284943,5155
2021-08-11,Placer,061,380077,28168,26687,2239,28926,305
2021-08-11,Plumas,063,18699,868,824,14,838,5
2021-08-11,Riverside,065,2383286,317820,310265,14982,325247,4570
2021-08-11,Sacramento,067,1510023,126293,121603,2446,124049,1757
2021-08-11,San Benito,069,59416,6475,6381,122,6503,64
2021-08-11,San Bernardino,071,2135413,314905,309498,9676,319174,5296
2021-08-11,San Diego,073,3302833,315680,309406,18153,327559,3818
2021-08-11,San Francisco,075,870044,45120,43555,1805,45360,564
2021-08-11,San Joaquin,077,732212,81724,79641,4178,83819,1478
2021-08-11,San Luis Obispo,079,281455,23659,22920,879,23799,264
2021-08-11,San Mateo,081,765935,47521,46300,672,46972,548
2021-08-11,Santa Barbara,083,443738,37548,36699,1292,37991,472
2021-08-11,Santa Clara,085,1922200,129331,126301,933,127234,1769
2021-08-11,Santa Cruz,087,273765,17621,17191,873,18064,209
2021-08-11,Shasta,089,179085,14034,13546,1897,15443,211
2021-08-11,Sierra,091,2930,84,81,12,93,0
2021-08-11,Siskiyou,093,43540,2227,2124,524,2648,33
2021-08-11,Solano,095,438530,38643,36862,852,37714,262
2021-08-11,Sonoma,097,501317,35442,34188,418,34606,333
2021-08-11,Stanislaus,099,539301,62226,60767,6758,67525,1037
2021-08-11,Sutter,101,95872,10825,10628,115,10743,130
2021-08-11,Tehama,103,63373,5600,5410,666,6076,66
2021-08-11,Trinity,105,12862,546,385,129,514,3
2021-08-11,Tulare,107,460477,52931,51464,10364,61828,854
2021-08-11,Tuolumne,109,53932,4942,4794,47,4841,64
2021-08-11,Ventura,111,848112,87634,85863,3710,89573,1051
2021-08-11,Yolo,113,214977,16128,15593,632,16225,218
2021-08-11,Yuba,115,75493,7274,7063,167,7230,53
2021-08-10,Alameda,001,1643700,102852,99771,2304,102075,1281
2021-08-10,Alpine,003,1148,90,91,0,91,0
2021-08-10,Amador,005,37829,4257,4093,37,4130,49
2021-08-10,Butte,007,227075,14323,13853,2231,16084,205
2021-08-10,Calaveras,009,45235,2586,2491,16,2507,57
2021-08-10,Colusa,011,21464,2156,2088,410,2498,16
2021-08-10,Contra Costa,013,1133247,82965,80018,1620,81638,840
2021-08-10,Del Norte,015,27424,2087,1870,16,1886,8
2021-08-10,El Dorado,017,186661,12273,11734,998,12732,117
2021-08-10,Fresno,019,978130,110421,107616,9588,117204,1747
2021-08-10,Glenn,021,27897,2602,2538,641,3179,20
2021-08-10,Humboldt,023,135768,6056,5718,104,5822,52
2021-08-10,Imperial,025,180216,29762,29522,2837,32359,745
2021-08-10,Inyo,027,18085,1488,1482,13,1495,39
2021-08-10,Kern,029,883053,103070,101254,12972,114226,1359
2021-08-10,Kings,031,150075,24906,24252,1271,25523,251
2021-08-10,Lake,033,64148,4869,4700,30,4730,67
2021-08-10,Lassen,035,31185,5502,5401,129,5530,21
2021-08-10,Los Angeles,037,10098052,1304677,1285140,48196,1333336,24821
2021-08-10,Madera,039,155013,17944,17481,1142,18623,245
2021-08-10,Marin,041,260295,15622,15194,314,15508,239
2021-08-10,Mariposa,043,17540,585,550,12,562,5
2021-08-10,Mendocino,045,87422,5054,4775,144,4919,49
2021-08-10,Merced,047,269075,33222,32721,1191,33912,477
2021-08-10,Modoc,049,8938,433,421,150,571,5
2021-08-10,Mono,051,14174,1347,1320,18,1338,3
2021-08-10,Monterey,053,433212,44723,44259,2146,46405,527
2021-08-10,Napa,055,140530,10965,10703,65,10768,83
2021-08-10,Nevada,057,99092,6516,6151,220,6371,73
2021-08-10,Orange,059,3164182,276879,271688,12683,284371,5155
2021-08-10,Placer,061,380077,27949,26561,2197,28758,305
2021-08-10,Plumas,063,18699,859,816,14,830,5
2021-08-10,Riverside,065,2383286,316705,309529,14956,324485,4564
2021-08-10,Sacramento,067,1510023,125440,121159,2416,123575,1755
2021-08-10,San Benito,069,59416,6461,6371,122,6493,64
2021-08-10,San Bernardino,071,2135413,313982,308672,9658,318330,5295
2021-08-10,San Diego,073,3302833,314038,308288,18061,326349,3815
2021-08-10,San Francisco,075,870044,44867,43389,1790,45179,564
2021-08-10,San Joaquin,077,732212,81326,79391,4161,83552,1478
2021-08-10,San Luis Obispo,079,281455,23533,22776,877,23653,264
2021-08-10,San Mateo,081,765935,47349,46184,670,46854,548
2021-08-10,Santa Barbara,083,443738,37383,36574,1285,37859,472
2021-08-10,Santa Clara,085,1922200,128868,126019,926,126945,1770
2021-08-10,Santa Cruz,087,273765,17538,17142,871,18013,209
2021-08-10,Shasta,089,179085,13956,13461,1873,15334,211
2021-08-10,Sierra,091,2930,84,76,12,88,0
2021-08-10,Siskiyou,093,43540,2218,2088,517,2605,33
2021-08-10,Solano,095,438530,38397,36767,841,37608,262
2021-08-10,Sonoma,097,501317,35297,34054,415,34469,333
2021-08-10,Stanislaus,099,539301,61881,60605,6721,67326,1037
2021-08-10,Sutter,101,95872,10760,10569,115,10684,130
2021-08-10,Tehama,103,63373,5571,5392,661,6053,66
2021-08-10,Trinity,105,12862,546,384,129,513,3
2021-08-10,Tulare,107,460477,52766,51390,10312,61702,854
2021-08-10,Tuolumne,109,53932,4913,4780,45,4825,64
2021-08-10,Ventura,111,848112,87344,85714,3689,89403,1051
2021-08-10,Yolo,113,214977,16041,15568,622,16190,218
2021-08-10,Yuba,115,75493,7224,7028,167,7195,50
2021-08-09,Alameda,001,1643700,102293,99496,2300,101796,1276
2021-08-09,Alpine,003,1148,90,91,0,91,0
2021-08-09,Amador,005,37829,4231,4078,37,4115,48
2021-08-09,Butte,007,227075,14224,13813,2203,16016,205
2021-08-09,Calaveras,009,45235,2560,2472,16,2488,57
2021-08-09,Colusa,011,21464,2146,2075,402,2477,16
2021-08-09,Contra Costa,013,1133247,82421,79740,1608,81348,840
2021-08-09,Del Norte,015,27424,2019,1848,16,1864,8
2021-08-09,El Dorado,017,186661,12165,11672,984,12656,117
2021-08-09,Fresno,019,978130,109927,107310,9549,116859,1747
2021-08-09,Glenn,021,27897,2591,2532,629,3161,20
2021-08-09,Humboldt,023,135768,5965,5632,102,5734,52
2021-08-09,Imperial,025,180216,29717,29512,2833,32345,745
2021-08-09,Inyo,027,18085,1488,1481,13,1494,39
2021-08-09,Kern,029,883053,102758,101069,12886,113955,1359
2021-08-09,Kings,031,150075,24798,24155,1256,25411,250
2021-08-09,Lake,033,64148,4834,4670,28,4698,66
2021-08-09,Lassen,035,31185,5480,5393,128,5521,21
2021-08-09,Los Angeles,037,10098052,1300665,1282891,47988,1330879,24798
2021-08-09,Madera,039,155013,17885,17429,1122,18551,245
2021-08-09,Marin,041,260295,15569,15154,313,15467,239
2021-08-09,Mariposa,043,17540,572,545,12,557,5
2021-08-09,Mendocino,045,87422,5003,4732,136,4868,49
2021-08-09,Merced,047,269075,33076,32666,1184,33850,477
2021-08-09,Modoc,049,8938,433,419,150,569,5
2021-08-09,Mono,051,14174,1344,1337,18,1355,3
2021-08-09,Monterey,053,433212,44650,44190,2130,46320,527
2021-08-09,Napa,055,140530,10918,10679,65,10744,83
2021-08-09,Nevada,057,99092,6445,6088,219,6307,73
2021-08-09,Orange,059,3164182,275842,271036,12631,283667,5153
2021-08-09,Placer,061,380077,27726,26457,2166,28623,305
2021-08-09,Plumas,063,18699,842,803,14,817,5
2021-08-09,Riverside,065,2383286,315629,308678,14936,323614,4562
2021-08-09,Sacramento,067,1510023,124605,120812,2391,123203,1748
2021-08-09,San Benito,069,59416,6441,6359,120,6479,63
2021-08-09,San Bernardino,071,2135413,312998,308038,9634,317672,5295
2021-08-09,San Diego,073,3302833,312379,306855,17962,324817,3811
2021-08-09,San Francisco,075,870044,44621,43261,1772,45033,564
2021-08-09,San Joaquin,077,732212,80943,79198,4143,83341,1469
2021-08-09,San Luis Obispo,079,281455,23394,22695,868,23563,264
2021-08-09,San Mateo,081,765935,47177,46040,666,46706,548
2021-08-09,Santa Barbara,083,443738,37199,36474,1277,37751,470
2021-08-09,Santa Clara,085,1922200,128365,125791,917,126708,2187
2021-08-09,Santa Cruz,087,273765,17476,17082,871,17953,209
2021-08-09,Shasta,089,179085,13839,13397,1862,15259,210
2021-08-09,Sierra,091,2930,83,75,12,87,0
2021-08-09,Siskiyou,093,43540,2206,2047,501,2548,32
2021-08-09,Solano,095,438530,38121,36653,839,37492,262
2021-08-09,Sonoma,097,501317,35116,33933,413,34346,333
2021-08-09,Stanislaus,099,539301,61604,60410,6670,67080,1037
2021-08-09,Sutter,101,95872,10711,10525,112,10637,129
2021-08-09,Tehama,103,63373,5528,5373,659,6032,66
2021-08-09,Trinity,105,12862,544,378,127,505,3
2021-08-09,Tulare,107,460477,52605,51274,10247,61521,854
2021-08-09,Tuolumne,109,53932,4871,4745,45,4790,64
2021-08-09,Ventura,111,848112,87072,85514,3678,89192,1047
2021-08-09,Yolo,113,214977,15963,15521,601,16122,218
2021-08-09,Yuba,115,75493,7165,6994,167,7161,50
2021-08-08,Alameda,001,1643700,101739,99135,2294,101429,1276
2021-08-08,Alpine,003,1148,90,91,0,91,0
2021-08-08,Amador,005,37829,4197,4057,36,4093,48
2021-08-08,Butte,007,227075,14142,13791,2185,15976,205
2021-08-08,Calaveras,009,45235,2529,2462,16,2478,57
2021-08-08,Colusa,011,21464,2129,2070,395,2465,16
2021-08-08,Contra Costa,013,1133247,81897,79454,1601,81055,840
2021-08-08,Del Norte,015,27424,1973,1810,16,1826,8
2021-08-08,El Dorado,017,186661,12045,11631,973,12604,117
2021-08-08,Fresno,019,978130,109484,107078,9511,116589,1747
2021-08-08,Glenn,021,27897,2583,2527,622,3149,20
2021-08-08,Humboldt,023,135768,5877,5571,102,5673,52
2021-08-08,Imperial,025,180216,29693,29485,2823,32308,745
2021-08-08,Inyo,027,18085,1488,1481,13,1494,39
2021-08-08,Kern,029,883053,102438,100909,12774,113683,1359
2021-08-08,Kings,031,150075,24684,24095,1247,25342,250
2021-08-08,Lake,033,64148,4784,4636,27,4663,66
2021-08-08,Lassen,035,31185,5465,5391,127,5518,21
2021-08-08,Los Angeles,037,10098052,1296413,1279982,47801,1327783,24793
2021-08-08,Madera,039,155013,17806,17398,1105,18503,245
2021-08-08,Marin,041,260295,15516,15124,311,15435,239
2021-08-08,Mariposa,043,17540,568,538,12,550,5
2021-08-08,Mendocino,045,87422,4941,4702,123,4825,49
2021-08-08,Merced,047,269075,32929,32634,1175,33809,477
2021-08-08,Modoc,049,8938,432,419,149,568,5
2021-08-08,Mono,051,14174,1340,1336,18,1354,3
2021-08-08,Monterey,053,433212,44580,44171,2119,46290,527
2021-08-08,Napa,055,140530,10882,10668,65,10733,83
2021-08-08,Nevada,057,99092,6361,6009,217,6226,73
2021-08-08,Orange,059,3164182,274929,270532,12592,283124,5153
2021-08-08,Placer,061,380077,27517,26332,2125,28457,305
2021-08-08,Plumas,063,18699,833,803,14,817,5
2021-08-08,Riverside,065,2383286,314508,308042,14912,322954,4562
2021-08-08,Sacramento,067,1510023,123777,120109,2379,122488,1744
2021-08-08,San Benito,069,59416,6424,6350,119,6469,63
2021-08-08,San Bernardino,071,2135413,311853,307378,9604,316982,5295
2021-08-08,San Diego,073,3302833,311038,305983,17864,323847,3811
2021-08-08,San Francisco,075,870044,44361,43098,1749,44847,564
2021-08-08,San Joaquin,077,732212,80493,79002,4127,83129,1469
2021-08-08,San Luis Obispo,079,281455,23220,22668,860,23528,263
2021-08-08,San Mateo,081,765935,46987,45927,663,46590,548
2021-08-08,Santa Barbara,083,443738,37022,36417,1270,37687,470
2021-08-08,Santa Clara,085,1922200,127914,125553,912,126465,2187
2021-08-08,Santa Cruz,087,273765,17405,17035,866,17901,209
2021-08-08,Shasta,089,179085,13753,13381,1851,15232,210
2021-08-08,Sierra,091,2930,83,74,12,86,0
2021-08-08,Siskiyou,093,43540,2190,2041,496,2537,32
2021-08-08,Solano,095,438530,37869,36551,835,37386,262
2021-08-08,Sonoma,097,501317,34872,33805,412,34217,333
2021-08-08,Stanislaus,099,539301,61281,60269,6625,66894,1037
2021-08-08,Sutter,101,95872,10651,10481,111,10592,129
2021-08-08,Tehama,103,63373,5490,5359,656,6015,66
2021-08-08,Trinity,105,12862,539,378,127,505,3
2021-08-08,Tulare,107,460477,52426,51220,10187,61407,854
2021-08-08,Tuolumne,109,53932,4832,4731,45,4776,64
2021-08-08,Ventura,111,848112,86781,85382,3668,89050,1047
2021-08-08,Yolo,113,214977,15871,15477,594,16071,218
2021-08-08,Yuba,115,75493,7126,6967,167,7134,50
2021-08-07,Alameda,001,1643700,101485,98812,2288,101100,1276
2021-08-07,Alpine,003,1148,90,91,0,91,0
2021-08-07,Amador,005,37829,4180,4041,35,4076,48
2021-08-07,Butte,007,227075,14090,13714,2173,15887,205
2021-08-07,Calaveras,009,45235,2518,2446,16,2462,57
2021-08-07,Colusa,011,21464,2124,2067,386,2453,16
2021-08-07,Contra Costa,013,1133247,81601,79168,1598,80766,840
2021-08-07,Del Norte,015,27424,1941,1791,16,1807,8
2021-08-07,El Dorado,017,186661,11996,11575,966,12541,117
2021-08-07,Fresno,019,978130,109280,106861,9484,116345,1747
2021-08-07,Glenn,021,27897,2575,2515,621,3136,20
2021-08-07,Humboldt,023,135768,5827,5510,99,5609,52
2021-08-07,Imperial,025,180216,29674,29470,2823,32293,745
2021-08-07,Inyo,027,18085,1486,1476,13,1489,39
2021-08-07,Kern,029,883053,102280,100693,12719,113412,1359
2021-08-07,Kings,031,150075,24624,24048,1241,25289,250
2021-08-07,Lake,033,64148,4763,4613,27,4640,66
2021-08-07,Lassen,035,31185,5461,5386,127,5513,21
2021-08-07,Los Angeles,037,10098052,1294387,1276853,47649,1324502,24786
2021-08-07,Madera,039,155013,17771,17366,1100,18466,245
2021-08-07,Marin,041,260295,15482,15085,310,15395,239
2021-08-07,Mariposa,043,17540,565,530,12,542,5
2021-08-07,Mendocino,045,87422,4905,4690,121,4811,49
2021-08-07,Merced,047,269075,32865,32569,1172,33741,477
2021-08-07,Modoc,049,8938,432,419,149,568,5
2021-08-07,Mono,051,14174,1337,1329,18,1347,3
2021-08-07,Monterey,053,433212,44528,44124,2114,46238,527
2021-08-07,Napa,055,140530,10861,10658,64,10722,83
2021-08-07,Nevada,057,99092,6311,5967,215,6182,73
2021-08-07,Orange,059,3164182,274336,269900,12561,282461,5153
2021-08-07,Placer,061,380077,27329,26244,2117,28361,305
2021-08-07,Plumas,063,18699,828,801,14,815,5
2021-08-07,Riverside,065,2383286,313836,307326,14905,322231,4562
2021-08-07,Sacramento,067,1510023,123276,119636,2375,122011,1744
2021-08-07,San Benito,069,59416,6414,6332,119,6451,63
2021-08-07,San Bernardino,071,2135413,311265,306663,9587,316250,5295
2021-08-07,San Diego,073,3302833,310284,304974,17829,322803,3811
2021-08-07,San Francisco,075,870044,44190,42926,1731,44657,564
2021-08-07,San Joaquin,077,732212,80329,78769,4113,82882,1469
2021-08-07,San Luis Obispo,079,281455,23151,22579,859,23438,263
2021-08-07,San Mateo,081,765935,46860,45804,661,46465,548
2021-08-07,Santa Barbara,083,443738,36926,36303,1264,37567,470
2021-08-07,Santa Clara,085,1922200,127643,125196,907,126103,2188
2021-08-07,Santa Cruz,087,273765,17362,16994,864,17858,209
2021-08-07,Shasta,089,179085,13698,13361,1843,15204,210
2021-08-07,Sierra,091,2930,83,74,12,86,0
2021-08-07,Siskiyou,093,43540,2178,2039,494,2533,32
2021-08-07,Solano,095,438530,37753,36458,827,37285,262
2021-08-07,Sonoma,097,501317,34750,33716,412,34128,333
2021-08-07,Stanislaus,099,539301,61113,60093,6595,66688,1037
2021-08-07,Sutter,101,95872,10614,10447,111,10558,129
2021-08-07,Tehama,103,63373,5480,5343,651,5994,66
2021-08-07,Trinity,105,12862,535,377,126,503,3
2021-08-07,Tulare,107,460477,52339,51133,10149,61282,854
2021-08-07,Tuolumne,109,53932,4802,4721,45,4766,64
2021-08-07,Ventura,111,848112,86601,85232,3653,88885,1047
2021-08-07,Yolo,113,214977,15827,15423,587,16010,218
2021-08-07,Yuba,115,75493,7101,6937,165,7102,50
2021-08-06,Alameda,001,1643700,101155,98487,2280,100767,1275
2021-08-06,Alpine,003,1148,90,91,0,91,0
2021-08-06,Amador,005,37829,4159,4002,35,4037,48
2021-08-06,Butte,007,227075,14040,13626,2158,15784,205
2021-08-06,Calaveras,009,45235,2506,2419,16,2435,57
2021-08-06,Colusa,011,21464,2117,2045,380,2425,16
2021-08-06,Contra Costa,013,1133247,81306,78796,1592,80388,840
2021-08-06,Del Norte,015,27424,1914,1755,15,1770,8
2021-08-06,El Dorado,017,186661,11947,11498,954,12452,117
2021-08-06,Fresno,019,978130,109016,106542,9457,115999,1747
2021-08-06,Glenn,021,27897,2560,2504,618,3122,20
2021-08-06,Humboldt,023,135768,5776,5421,96,5517,52
2021-08-06,Imperial,025,180216,29663,29404,2819,32223,745
2021-08-06,Inyo,027,18085,1483,1471,13,1484,39
2021-08-06,Kern,029,883053,102103,100427,12634,113061,1359
2021-08-06,Kings,031,150075,24569,23974,1237,25211,250
2021-08-06,Lake,033,64148,4740,4557,27,4584,66
2021-08-06,Lassen,035,31185,5439,5368,127,5495,21
2021-08-06,Los Angeles,037,10098052,1291902,1273081,47496,1320577,24772
2021-08-06,Madera,039,155013,17732,17324,1091,18415,245
2021-08-06,Marin,041,260295,15449,15051,310,15361,239
2021-08-06,Mariposa,043,17540,556,511,12,523,5
2021-08-06,Mendocino,045,87422,4863,4649,120,4769,49
2021-08-06,Merced,047,269075,32805,32456,1169,33625,477
2021-08-06,Modoc,049,8938,432,419,149,568,5
2021-08-06,Mono,051,14174,1336,1328,18,1346,3
2021-08-06,Monterey,053,433212,44460,44058,2101,46159,527
2021-08-06,Napa,055,140530,10834,10620,64,10684,83
2021-08-06,Nevada,057,99092,6255,5874,215,6089,73
2021-08-06,Orange,059,3164182,273771,269077,12544,281621,5151
2021-08-06,Placer,061,380077,27206,26086,2095,28181,305
2021-08-06,Plumas,063,18699,819,795,14,809,5
2021-08-06,Riverside,065,2383286,313126,306304,14894,321198,4562
2021-08-06,Sacramento,067,1510023,122788,119169,2355,121524,1740
2021-08-06,San Benito,069,59416,6397,6315,119,6434,63
2021-08-06,San Bernardino,071,2135413,310565,305806,9579,315385,5286
2021-08-06,San Diego,073,3302833,309244,303691,17780,321471,3810
2021-08-06,San Francisco,075,870044,44033,42659,1713,44372,565
2021-08-06,San Joaquin,077,732212,80180,78405,4101,82506,1469
2021-08-06,San Luis Obispo,079,281455,23083,22472,854,23326,263
2021-08-06,San Mateo,081,765935,46707,45665,656,46321,548
2021-08-06,Santa Barbara,083,443738,36837,36208,1260,37468,470
2021-08-06,Santa Clara,085,1922200,127352,124767,901,125668,2185
2021-08-06,Santa Cruz,087,273765,17318,16924,860,17784,207
2021-08-06,Shasta,089,179085,13632,13284,1837,15121,210
2021-08-06,Sierra,091,2930,83,73,12,85,0
2021-08-06,Siskiyou,093,43540,2168,2030,490,2520,32
2021-08-06,Solano,095,438530,37643,36351,818,37169,262
2021-08-06,Sonoma,097,501317,34664,33594,411,34005,333
2021-08-06,Stanislaus,099,539301,60975,59854,6574,66428,1037
2021-08-06,Sutter,101,95872,10571,10391,111,10502,128
2021-08-06,Tehama,103,63373,5456,5325,650,5975,66
2021-08-06,Trinity,105,12862,534,371,125,496,3
2021-08-06,Tulare,107,460477,52238,51018,10102,61120,854
2021-08-06,Tuolumne,109,53932,4775,4674,45,4719,64
2021-08-06,Ventura,111,848112,86430,85046,3641,88687,1047
2021-08-06,Yolo,113,214977,15774,15299,582,15881,218
2021-08-06,Yuba,115,75493,7078,6904,165,7069,50
2021-08-05,Alameda,001,1643700,100668,98052,2275,100327,1275
2021-08-05,Alpine,003,1148,90,91,0,91,0
2021-08-05,Amador,005,37829,4139,3992,35,4027,48
2021-08-05,Butte,007,227075,13979,13564,2135,15699,206
2021-08-05,Calaveras,009,45235,2486,2397,16,2413,57
2021-08-05,Colusa,011,21464,2105,2036,376,2412,16
2021-08-05,Contra Costa,013,1133247,80879,78514,1585,80099,840
2021-08-05,Del Norte,015,27424,1887,1731,15,1746,8
2021-08-05,El Dorado,017,186661,11863,11408,943,12351,117
2021-08-05,Fresno,019,978130,108645,106219,9419,115638,1747
2021-08-05,Glenn,021,27897,2554,2494,615,3109,20
2021-08-05,Humboldt,023,135768,5702,5328,95,5423,52
2021-08-05,Imperial,025,180216,29632,29383,2815,32198,745
2021-08-05,Inyo,027,18085,1479,1468,13,1481,38
2021-08-05,Kern,029,883053,101881,100091,12549,112640,1358
2021-08-05,Kings,031,150075,24485,23906,1231,25137,249
2021-08-05,Lake,033,64148,4701,4490,25,4515,66
2021-08-05,Lassen,035,31185,5431,5344,127,5471,21
2021-08-05,Los Angeles,037,10098052,1288682,1269445,47361,1316806,24756
2021-08-05,Madera,039,155013,17691,17301,1083,18384,245
2021-08-05,Marin,041,260295,15405,15005,306,15311,239
2021-08-05,Mariposa,043,17540,545,504,11,515,5
2021-08-05,Mendocino,045,87422,4820,4597,111,4708,49
2021-08-05,Merced,047,269075,32738,32381,1158,33539,477
2021-08-05,Modoc,049,8938,431,418,149,567,5
2021-08-05,Mono,051,14174,1328,1309,18,1327,3
2021-08-05,Monterey,053,433212,44403,43992,2083,46075,527
2021-08-05,Napa,055,140530,10798,10591,62,10653,83
2021-08-05,Nevada,057,99092,6173,5778,212,5990,73
2021-08-05,Orange,059,3164182,272990,268329,12519,280848,5149
2021-08-05,Placer,061,380077,27005,25965,2068,28033,305
2021-08-05,Plumas,063,18699,810,787,14,801,5
2021-08-05,Riverside,065,2383286,312209,305415,14867,320282,4562
2021-08-05,Sacramento,067,1510023,122078,118590,2342,120932,1739
2021-08-05,San Benito,069,59416,6379,6305,119,6424,63
2021-08-05,San Bernardino,071,2135413,309730,304956,9558,314514,5284
2021-08-05,San Diego,073,3302833,307971,302220,17698,319918,3806
2021-08-05,San Francisco,075,870044,43823,42301,1704,44005,564
2021-08-05,San Joaquin,077,732212,79819,78151,4083,82234,1468
2021-08-05,San Luis Obispo,079,281455,22968,22362,848,23210,263
2021-08-05,San Mateo,081,765935,46534,45554,654,46208,548
2021-08-05,Santa Barbara,083,443738,36730,36112,1257,37369,470
2021-08-05,Santa Clara,085,1922200,127019,124490,901,125391,2185
2021-08-05,Santa Cruz,087,273765,17274,16867,857,17724,207
2021-08-05,Shasta,089,179085,13574,13217,1829,15046,210
2021-08-05,Sierra,091,2930,78,73,12,85,0
2021-08-05,Siskiyou,093,43540,2147,2024,480,2504,32
2021-08-05,Solano,095,438530,37462,36250,811,37061,262
2021-08-05,Sonoma,097,501317,34529,33455,410,33865,330
2021-08-05,Stanislaus,099,539301,60758,59692,6535,66227,1037
2021-08-05,Sutter,101,95872,10516,10349,111,10460,127
2021-08-05,Tehama,103,63373,5438,5305,646,5951,66
2021-08-05,Trinity,105,12862,528,367,125,492,3
2021-08-05,Tulare,107,460477,52121,50889,10045,60934,854
2021-08-05,Tuolumne,109,53932,4745,4619,45,4664,64
2021-08-05,Ventura,111,848112,86179,84837,3627,88464,1047
2021-08-05,Yolo,113,214977,15707,15250,572,15822,218
2021-08-05,Yuba,115,75493,7035,6872,163,7035,50
2021-08-04,Alameda,001,1643700,100167,97477,2264,99741,1274
2021-08-04,Alpine,003,1148,90,91,0,91,0
2021-08-04,Amador,005,37829,4109,3962,34,3996,48
2021-08-04,Butte,007,227075,13911,13509,2118,15627,205
2021-08-04,Calaveras,009,45235,2461,2374,16,2390,57
2021-08-04,Colusa,011,21464,2093,2025,370,2395,16
2021-08-04,Contra Costa,013,1133247,80363,77966,1580,79546,840
2021-08-04,Del Norte,015,27424,1864,1701,15,1716,8
2021-08-04,El Dorado,017,186661,11784,11319,932,12251,117
2021-08-04,Fresno,019,978130,108277,105899,9378,115277,1747
2021-08-04,Glenn,021,27897,2546,2487,613,3100,20
2021-08-04,Humboldt,023,135768,5626,5271,94,5365,52
2021-08-04,Imperial,025,180216,29584,29375,2813,32188,745
2021-08-04,Inyo,027,18085,1478,1465,13,1478,38
2021-08-04,Kern,029,883053,101631,99868,12464,112332,1358
2021-08-04,Kings,031,150075,24413,23840,1223,25063,250
2021-08-04,Lake,033,64148,4671,4423,20,4443,65
2021-08-04,Lassen,035,31185,5423,5340,127,5467,21
2021-08-04,Los Angeles,037,10098052,1285196,1265788,47198,1312986,24737
2021-08-04,Madera,039,155013,17656,17251,1076,18327,245
2021-08-04,Marin,041,260295,15358,14950,304,15254,239
2021-08-04,Mariposa,043,17540,530,497,11,508,5
2021-08-04,Mendocino,045,87422,4796,4560,107,4667,49
2021-08-04,Merced,047,269075,32600,32274,1153,33427,476
2021-08-04,Modoc,049,8938,431,416,149,565,5
2021-08-04,Mono,051,14174,1324,1307,18,1325,3
2021-08-04,Monterey,053,433212,44338,43926,2072,45998,526
2021-08-04,Napa,055,140530,10761,10544,62,10606,82
2021-08-04,Nevada,057,99092,6109,5702,211,5913,73
2021-08-04,Orange,059,3164182,272117,267199,12482,279681,5146
2021-08-04,Placer,061,380077,26788,25688,2048,27736,305
2021-08-04,Plumas,063,18699,804,784,14,798,5
2021-08-04,Riverside,065,2383286,311284,304272,14841,319113,4562
2021-08-04,Sacramento,067,1510023,121320,117882,2316,120198,1736
2021-08-04,San Benito,069,59416,6364,6300,119,6419,63
2021-08-04,San Bernardino,071,2135413,308874,304164,9541,313705,5285
2021-08-04,San Diego,073,3302833,306457,301100,17632,318732,3805
2021-08-04,San Francisco,075,870044,43569,41913,1691,43604,562
2021-08-04,San Joaquin,077,732212,79462,77846,4071,81917,1466
2021-08-04,San Luis Obispo,079,281455,22860,22245,842,23087,262
2021-08-04,San Mateo,081,765935,46362,45392,653,46045,548
2021-08-04,Santa Barbara,083,443738,36601,36013,1249,37262,470
2021-08-04,Santa Clara,085,1922200,126628,124127,894,125021,2183
2021-08-04,Santa Cruz,087,273765,17212,16820,850,17670,208
2021-08-04,Shasta,089,179085,13523,13134,1818,14952,211
2021-08-04,Sierra,091,2930,78,73,12,85,0
2021-08-04,Siskiyou,093,43540,2127,2010,475,2485,32
2021-08-04,Solano,095,438530,37262,36025,802,36827,262
2021-08-04,Sonoma,097,501317,34357,33311,408,33719,330
2021-08-04,Stanislaus,099,539301,60535,59396,6497,65893,1037
2021-08-04,Sutter,101,95872,10479,10294,111,10405,127
2021-08-04,Tehama,103,63373,5412,5281,641,5922,66
2021-08-04,Trinity,105,12862,526,362,122,484,3
2021-08-04,Tulare,107,460477,52011,50797,10001,60798,855
2021-08-04,Tuolumne,109,53932,4720,4584,45,4629,64
2021-08-04,Ventura,111,848112,85921,84406,3605,88011,1047
2021-08-04,Yolo,113,214977,15627,15189,559,15748,215
2021-08-04,Yuba,115,75493,6995,6827,161,6988,50
2021-08-03,Alameda,001,1643700,99719,97275,2259,99534,1270
2021-08-03,Alpine,003,1148,90,91,0,91,0
2021-08-03,Amador,005,37829,4073,3953,34,3987,48
2021-08-03,Butte,007,227075,13843,13468,2103,15571,205
2021-08-03,Calaveras,009,45235,2439,2356,16,2372,57
2021-08-03,Colusa,011,21464,2080,2023,364,2387,16
2021-08-03,Contra Costa,013,1133247,79881,77739,1573,79312,836
2021-08-03,Del Norte,015,27424,1832,1691,14,1705,8
2021-08-03,El Dorado,017,186661,11694,11255,922,12177,117
2021-08-03,Fresno,019,978130,107915,105732,9346,115078,1746
2021-08-03,Glenn,021,27897,2539,2481,607,3088,20
2021-08-03,Humboldt,023,135768,5561,5199,89,5288,52
2021-08-03,Imperial,025,180216,29562,29333,2806,32139,745
2021-08-03,Inyo,027,18085,1475,1459,13,1472,38
2021-08-03,Kern,029,883053,101369,99708,12385,112093,1358
2021-08-03,Kings,031,150075,24325,23780,1216,24996,249
2021-08-03,Lake,033,64148,4615,4408,16,4424,66
2021-08-03,Lassen,035,31185,5413,5341,127,5468,21
2021-08-03,Los Angeles,037,10098052,1281458,1262678,47018,1309696,24721
2021-08-03,Madera,039,155013,17615,17220,1061,18281,245
2021-08-03,Marin,041,260295,15309,14906,301,15207,243
2021-08-03,Mariposa,043,17540,519,495,11,506,5
2021-08-03,Mendocino,045,87422,4747,4546,106,4652,49
2021-08-03,Merced,047,269075,32517,32197,1151,33348,476
2021-08-03,Modoc,049,8938,431,416,149,565,5
2021-08-03,Mono,051,14174,1319,1303,18,1321,3
2021-08-03,Monterey,053,433212,44274,43872,2059,45931,525
2021-08-03,Napa,055,140530,10718,10527,61,10588,82
2021-08-03,Nevada,057,99092,6028,5685,210,5895,73
2021-08-03,Orange,059,3164182,271378,266649,12452,279101,5146
2021-08-03,Placer,061,380077,26587,25624,2023,27647,305
2021-08-03,Plumas,063,18699,797,779,14,793,5
2021-08-03,Riverside,065,2383286,310360,303499,14814,318313,4562
2021-08-03,Sacramento,067,1510023,120575,117591,2295,119886,1732
2021-08-03,San Benito,069,59416,6348,6284,118,6402,63
2021-08-03,San Bernardino,071,2135413,307953,303386,9521,312907,5265
2021-08-03,San Diego,073,3302833,305022,300189,17522,317711,3803
2021-08-03,San Francisco,075,870044,43287,41758,1671,43429,562
2021-08-03,San Joaquin,077,732212,79113,77615,4050,81665,1461
2021-08-03,San Luis Obispo,079,281455,22720,22166,835,23001,264
2021-08-03,San Mateo,081,765935,46169,45255,648,45903,548
2021-08-03,Santa Barbara,083,443738,36482,35912,1243,37155,469
2021-08-03,Santa Clara,085,1922200,126207,123914,888,124802,2183
2021-08-03,Santa Cruz,087,273765,17146,16778,847,17625,207
2021-08-03,Shasta,089,179085,13449,13091,1807,14898,211
2021-08-03,Sierra,091,2930,78,72,12,84,0
2021-08-03,Siskiyou,093,43540,2116,1998,470,2468,32
2021-08-03,Solano,095,438530,37042,35953,790,36743,261
2021-08-03,Sonoma,097,501317,34176,33243,407,33650,330
2021-08-03,Stanislaus,099,539301,60314,59282,6478,65760,1037
2021-08-03,Sutter,101,95872,10439,10263,110,10373,127
2021-08-03,Tehama,103,63373,5387,5269,636,5905,66
2021-08-03,Trinity,105,12862,523,361,119,480,3
2021-08-03,Tulare,107,460477,51916,50729,9955,60684,854
2021-08-03,Tuolumne,109,53932,4685,4563,45,4608,64
2021-08-03,Ventura,111,848112,85677,84270,3584,87854,1046
2021-08-03,Yolo,113,214977,15535,15149,545,15694,215
2021-08-03,Yuba,115,75493,6958,6781,159,6940,50
2021-08-02,Alameda,001,1643700,99162,96954,2254,99208,1270
2021-08-02,Alpine,003,1148,90,91,0,91,0
2021-08-02,Amador,005,37829,4053,3927,34,3961,48
2021-08-02,Butte,007,227075,13763,13442,2084,15526,205
2021-08-02,Calaveras,009,45235,2413,2347,16,2363,57
2021-08-02,Colusa,011,21464,2068,2019,361,2380,16
2021-08-02,Contra Costa,013,1133247,79371,77516,1559,79075,836
2021-08-02,Del Norte,015,27424,1802,1653,14,1667,8
2021-08-02,El Dorado,017,186661,11590,11226,908,12134,116
2021-08-02,Fresno,019,978130,107569,105471,9308,114779,1744
2021-08-02,Glenn,021,27897,2531,2477,604,3081,20
2021-08-02,Humboldt,023,135768,5478,5161,87,5248,52
2021-08-02,Imperial,025,180216,29529,29302,2803,32105,743
2021-08-02,Inyo,027,18085,1469,1455,13,1468,38
2021-08-02,Kern,029,883053,101114,99556,12292,111848,1357
2021-08-02,Kings,031,150075,24255,23722,1210,24932,249
2021-08-02,Lake,033,64148,4572,4375,16,4391,66
2021-08-02,Lassen,035,31185,5390,5338,125,5463,21
2021-08-02,Los Angeles,037,10098052,1277738,1260807,46808,1307615,24705
2021-08-02,Madera,039,155013,17571,17158,1048,18206,245
2021-08-02,Marin,041,260295,15266,14859,299,15158,239
2021-08-02,Mariposa,043,17540,510,490,11,501,5
2021-08-02,Mendocino,045,87422,4707,4512,103,4615,49
2021-08-02,Merced,047,269075,32419,32163,1144,33307,474
2021-08-02,Modoc,049,8938,431,415,149,564,5
2021-08-02,Mono,051,14174,1312,1296,18,1314,3
2021-08-02,Monterey,053,433212,44214,43842,2051,45893,525
2021-08-02,Napa,055,140530,10675,10490,58,10548,82
2021-08-02,Nevada,057,99092,5957,5611,209,5820,73
2021-08-02,Orange,059,3164182,270464,266050,12406,278456,5146
2021-08-02,Placer,061,380077,26440,25516,1989,27505,306
2021-08-02,Plumas,063,18699,790,762,14,776,5
2021-08-02,Riverside,065,2383286,309422,302756,14799,317555,4562
2021-08-02,Sacramento,067,1510023,119878,117183,2274,119457,1728
2021-08-02,San Benito,069,59416,6329,6276,117,6393,63
2021-08-02,San Bernardino,071,2135413,307076,303000,9489,312489,5253
2021-08-02,San Diego,073,3302833,303542,299021,17442,316463,3798
2021-08-02,San Francisco,075,870044,43000,41553,1647,43200,562
2021-08-02,San Joaquin,077,732212,78770,77447,4023,81470,1461
2021-08-02,San Luis Obispo,079,281455,22626,22093,828,22921,261
2021-08-02,San Mateo,081,765935,45993,45154,635,45789,548
2021-08-02,Santa Barbara,083,443738,36343,35851,1237,37088,469
2021-08-02,Santa Clara,085,1922200,125737,123655,880,124535,2183
2021-08-02,Santa Cruz,087,273765,17088,16746,843,17589,207
2021-08-02,Shasta,089,179085,13386,13049,1793,14842,212
2021-08-02,Sierra,091,2930,78,71,12,83,0
2021-08-02,Siskiyou,093,43540,2105,1992,456,2448,31
2021-08-02,Solano,095,438530,36794,35852,777,36629,260
2021-08-02,Sonoma,097,501317,33950,33132,402,33534,330
2021-08-02,Stanislaus,099,539301,60095,59160,6450,65610,1037
2021-08-02,Sutter,101,95872,10393,10220,110,10330,127
2021-08-02,Tehama,103,63373,5363,5260,632,5892,66
2021-08-02,Trinity,105,12862,518,359,118,477,3
2021-08-02,Tulare,107,460477,51814,50640,9881,60521,854
2021-08-02,Tuolumne,109,53932,4618,4524,45,4569,64
2021-08-02,Ventura,111,848112,85492,84143,3561,87704,1044
2021-08-02,Yolo,113,214977,15437,15072,527,15599,215
2021-08-02,Yuba,115,75493,6916,6743,156,6899,50
2021-08-01,Alameda,001,1643700,98625,96775,2248,99023,1270
2021-08-01,Alpine,003,1148,90,91,0,91,0
2021-08-01,Amador,005,37829,4015,3923,34,3957,48
2021-08-01,Butte,007,227075,13682,13406,2067,15473,205
2021-08-01,Calaveras,009,45235,2389,2341,16,2357,57
2021-08-01,Colusa,011,21464,2057,2014,359,2373,16
2021-08-01,Contra Costa,013,1133247,78936,77360,1551,78911,836
2021-08-01,Del Norte,015,27424,1770,1642,14,1656,8
2021-08-01,El Dorado,017,186661,11489,11189,898,12087,116
2021-08-01,Fresno,019,978130,107243,105339,9261,114600,1744
2021-08-01,Glenn,021,27897,2525,2476,601,3077,20
2021-08-01,Humboldt,023,135768,5401,5118,83,5201,52
2021-08-01,Imperial,025,180216,29494,29297,2798,32095,743
2021-08-01,Inyo,027,18085,1467,1454,13,1467,38
2021-08-01,Kern,029,883053,100836,99396,12218,111614,1357
2021-08-01,Kings,031,150075,24168,23700,1205,24905,249
2021-08-01,Lake,033,64148,4493,4356,16,4372,66
2021-08-01,Lassen,035,31185,5377,5336,123,5459,21
2021-08-01,Los Angeles,037,10098052,1274051,1258461,46584,1305045,24700
2021-08-01,Madera,039,155013,17514,17146,1043,18189,245
2021-08-01,Marin,041,260295,15189,14844,298,15142,239
2021-08-01,Mariposa,043,17540,503,482,11,493,5
2021-08-01,Mendocino,045,87422,4661,4476,99,4575,49
2021-08-01,Merced,047,269075,32327,32144,1138,33282,474
2021-08-01,Modoc,049,8938,429,413,149,562,5
2021-08-01,Mono,051,14174,1309,1294,18,1312,3
2021-08-01,Monterey,053,433212,44167,43808,2038,45846,525
2021-08-01,Napa,055,140530,10627,10473,56,10529,82
2021-08-01,Nevada,057,99092,5870,5561,208,5769,73
2021-08-01,Orange,059,3164182,269651,265467,12363,277830,5146
2021-08-01,Placer,061,380077,26225,25464,1959,27423,306
2021-08-01,Plumas,063,18699,784,761,14,775,5
2021-08-01,Riverside,065,2383286,308489,302256,14781,317037,4562
2021-08-01,Sacramento,067,1510023,119142,116923,2258,119181,1727
2021-08-01,San Benito,069,59416,6312,6271,117,6388,63
2021-08-01,San Bernardino,071,2135413,306142,302542,9478,312020,5248
2021-08-01,San Diego,073,3302833,302356,298002,17377,315379,3798
2021-08-01,San Francisco,075,870044,42662,41432,1634,43066,562
2021-08-01,San Joaquin,077,732212,78404,77338,3996,81334,1461
2021-08-01,San Luis Obispo,079,281455,22523,22083,823,22906,261
2021-08-01,San Mateo,081,765935,45811,45036,627,45663,548
2021-08-01,Santa Barbara,083,443738,36219,35809,1233,37042,469
2021-08-01,Santa Clara,085,1922200,125325,123511,872,124383,2183
2021-08-01,Santa Cruz,087,273765,17009,16709,836,17545,207
2021-08-01,Shasta,089,179085,13315,13036,1784,14820,212
2021-08-01,Sierra,091,2930,76,71,12,83,0
2021-08-01,Siskiyou,093,43540,2099,1989,450,2439,31
2021-08-01,Solano,095,438530,36559,35800,768,36568,260
2021-08-01,Sonoma,097,501317,33758,33076,399,33475,330
2021-08-01,Stanislaus,099,539301,59858,59078,6418,65496,1037
2021-08-01,Sutter,101,95872,10338,10198,107,10305,127
2021-08-01,Tehama,103,63373,5346,5252,628,5880,66
2021-08-01,Trinity,105,12862,515,359,117,476,3
2021-08-01,Tulare,107,460477,51657,50600,9818,60418,854
2021-08-01,Tuolumne,109,53932,4580,4489,45,4534,64
2021-08-01,Ventura,111,848112,85262,84040,3546,87586,1044
2021-08-01,Yolo,113,214977,15365,15042,518,15560,215
2021-08-01,Yuba,115,75493,6879,6721,155,6876,50
2021-07-31,Alameda,001,1643700,98297,95279,2242,97521,1265
2021-07-31,Alpine,003,1148,90,89,0,89,0
2021-07-31,Amador,005,37829,3995,3877,34,3911,48
2021-07-31,Butte,007,227075,13649,13235,2047,15282,205
2021-07-31,Calaveras,009,45235,2380,2294,16,2310,57
2021-07-31,Colusa,011,21464,2051,2006,357,2363,16
2021-07-31,Contra Costa,013,1133247,78657,75866,1549,77415,832
2021-07-31,Del Norte,015,27424,1744,1576,14,1590,8
2021-07-31,El Dorado,017,186661,11436,11017,892,11909,116
2021-07-31,Fresno,019,978130,107084,104639,9247,113886,1744
2021-07-31,Glenn,021,27897,2520,2465,596,3061,20
2021-07-31,Humboldt,023,135768,5346,4978,82,5060,52
2021-07-31,Imperial,025,180216,29477,29164,2795,31959,743
2021-07-31,Inyo,027,18085,1464,1442,13,1455,38
2021-07-31,Kern,029,883053,100671,98903,12159,111062,1357
2021-07-31,Kings,031,150075,24115,23548,1200,24748,248
2021-07-31,Lake,033,64148,4468,4238,16,4254,66
2021-07-31,Lassen,035,31185,5370,5320,123,5443,21
2021-07-31,Los Angeles,037,10098052,1271855,1248545,46437,1294982,24691
2021-07-31,Madera,039,155013,17481,17058,1037,18095,245
2021-07-31,Marin,041,260295,15145,14701,297,14998,239
2021-07-31,Mariposa,043,17540,494,470,11,481,5
2021-07-31,Mendocino,045,87422,4636,4400,96,4496,49
2021-07-31,Merced,047,269075,32279,31959,1133,33092,474
2021-07-31,Modoc,049,8938,429,413,149,562,5
2021-07-31,Mono,051,14174,1307,1287,18,1305,3
2021-07-31,Monterey,053,433212,44128,43720,2028,45748,525
2021-07-31,Napa,055,140530,10607,10401,55,10456,82
2021-07-31,Nevada,057,99092,5831,5373,207,5580,72
2021-07-31,Orange,059,3164182,269077,263446,12344,275790,5144
2021-07-31,Placer,061,380077,26092,25104,1952,27056,306
2021-07-31,Plumas,063,18699,781,743,14,757,5
2021-07-31,Riverside,065,2383286,307873,300315,14771,315086,4554
2021-07-31,Sacramento,067,1510023,118730,115259,2252,117511,1720
2021-07-31,San Benito,069,59416,6301,6251,117,6368,63
2021-07-31,San Bernardino,071,2135413,305570,300726,9475,310201,5240
2021-07-31,San Diego,073,3302833,301683,295054,17331,312385,3798
2021-07-31,San Francisco,075,870044,42435,40412,1614,42026,562
2021-07-31,San Joaquin,077,732212,78239,76575,3983,80558,1443
2021-07-31,San Luis Obispo,079,281455,22469,21922,821,22743,260
2021-07-31,San Mateo,081,765935,45654,44622,622,45244,548
2021-07-31,Santa Barbara,083,443738,36138,35531,1232,36763,467
2021-07-31,Santa Clara,085,1922200,125070,122614,870,123484,2099
2021-07-31,Santa Cruz,087,273765,16970,16576,835,17411,207
2021-07-31,Shasta,089,179085,13278,12918,1776,14694,212
2021-07-31,Sierra,091,2930,76,68,12,80,0
2021-07-31,Siskiyou,093,43540,2090,1976,444,2420,31
2021-07-31,Solano,095,438530,36458,35340,760,36100,263
2021-07-31,Sonoma,097,501317,33632,32601,399,33000,329
2021-07-31,Stanislaus,099,539301,59699,58586,6395,64981,1035
2021-07-31,Sutter,101,95872,10304,10068,106,10174,127
2021-07-31,Tehama,103,63373,5331,5216,625,5841,66
2021-07-31,Trinity,105,12862,514,354,116,470,3
2021-07-31,Tulare,107,460477,51568,50409,9765,60174,854
2021-07-31,Tuolumne,109,53932,4541,4362,45,4407,64
2021-07-31,Ventura,111,848112,85101,83509,3529,87038,1044
2021-07-31,Yolo,113,214977,15317,14863,507,15370,215
2021-07-31,Yuba,115,75493,6856,6615,151,6766,50
2021-07-30,Alameda,001,1643700,97965,95279,2238,97517,1265
2021-07-30,Alpine,003,1148,90,89,0,89,0
2021-07-30,Amador,005,37829,3972,3877,34,3911,48
2021-07-30,Butte,007,227075,13594,13235,2034,15269,205
2021-07-30,Calaveras,009,45235,2370,2294,16,2310,57
2021-07-30,Colusa,011,21464,2047,2006,355,2361,16
2021-07-30,Contra Costa,013,1133247,78413,75866,1545,77411,832
2021-07-30,Del Norte,015,27424,1726,1576,14,1590,8
2021-07-30,El Dorado,017,186661,11403,11017,886,11903,116
2021-07-30,Fresno,019,978130,106890,104639,9235,113874,1744
2021-07-30,Glenn,021,27897,2515,2465,595,3060,20
2021-07-30,Humboldt,023,135768,5282,4978,79,5057,52
2021-07-30,Imperial,025,180216,29463,29164,2792,31956,743
2021-07-30,Inyo,027,18085,1463,1442,13,1455,38
2021-07-30,Kern,029,883053,100546,98903,12112,111015,1357
2021-07-30,Kings,031,150075,24075,23548,1196,24744,248
2021-07-30,Lake,033,64148,4440,4238,16,4254,66
2021-07-30,Lassen,035,31185,5366,5320,123,5443,21
2021-07-30,Los Angeles,037,10098052,1269534,1248545,46286,1294831,24691
2021-07-30,Madera,039,155013,17439,17058,1034,18092,245
2021-07-30,Marin,041,260295,15111,14701,297,14998,239
2021-07-30,Mariposa,043,17540,490,470,11,481,5
2021-07-30,Mendocino,045,87422,4606,4400,95,4495,49
2021-07-30,Merced,047,269075,32238,31959,1129,33088,474
2021-07-30,Modoc,049,8938,427,413,149,562,5
2021-07-30,Mono,051,14174,1302,1287,18,1305,3
2021-07-30,Monterey,053,433212,44094,43720,2019,45739,525
2021-07-30,Napa,055,140530,10585,10401,54,10455,82
2021-07-30,Nevada,057,99092,5774,5373,207,5580,72
2021-07-30,Orange,059,3164182,268451,263446,12318,275764,5144
2021-07-30,Placer,061,380077,26003,25104,1934,27038,306
2021-07-30,Plumas,063,18699,776,743,14,757,5
2021-07-30,Riverside,065,2383286,307235,300315,14761,315076,4554
2021-07-30,Sacramento,067,1510023,118279,115259,2248,117507,1720
2021-07-30,San Benito,069,59416,6294,6251,117,6368,63
2021-07-30,San Bernardino,071,2135413,305056,300726,9469,310195,5240
2021-07-30,San Diego,073,3302833,300910,295054,17273,312327,3798
2021-07-30,San Francisco,075,870044,42222,40412,1599,42011,562
2021-07-30,San Joaquin,077,732212,78085,76575,3978,80553,1443
2021-07-30,San Luis Obispo,079,281455,22431,21922,817,22739,260
2021-07-30,San Mateo,081,765935,45529,44622,609,45231,548
2021-07-30,Santa Barbara,083,443738,36069,35531,1226,36757,467
2021-07-30,Santa Clara,085,1922200,124846,122614,868,123482,2099
2021-07-30,Santa Cruz,087,273765,16944,16576,833,17409,207
2021-07-30,Shasta,089,179085,13232,12918,1776,14694,212
2021-07-30,Sierra,091,2930,75,68,12,80,0
2021-07-30,Siskiyou,093,43540,2081,1976,443,2419,31
2021-07-30,Solano,095,438530,36367,35340,744,36084,263
2021-07-30,Sonoma,097,501317,33537,32601,399,33000,329
2021-07-30,Stanislaus,099,539301,59555,58586,6375,64961,1035
2021-07-30,Sutter,101,95872,10269,10068,106,10174,127
2021-07-30,Tehama,103,63373,5320,5216,625,5841,66
2021-07-30,Trinity,105,12862,514,354,116,470,3
2021-07-30,Tulare,107,460477,51525,50409,9730,60139,854
2021-07-30,Tuolumne,109,53932,4523,4362,45,4407,64
2021-07-30,Ventura,111,848112,84937,83509,3514,87023,1044
2021-07-30,Yolo,113,214977,15256,14863,503,15366,215
2021-07-30,Yuba,115,75493,6820,6615,150,6765,50
2021-07-29,Alameda,001,1643700,97545,95279,2232,97511,1265
2021-07-29,Alpine,003,1148,90,89,0,89,0
2021-07-29,Amador,005,37829,3953,3877,34,3911,48
2021-07-29,Butte,007,227075,13547,13235,2026,15261,205
2021-07-29,Calaveras,009,45235,2356,2294,16,2310,57
2021-07-29,Colusa,011,21464,2040,2006,355,2361,16
2021-07-29,Contra Costa,013,1133247,77974,75866,1541,77407,832
2021-07-29,Del Norte,015,27424,1702,1576,14,1590,8
2021-07-29,El Dorado,017,186661,11339,11017,874,11891,116
2021-07-29,Fresno,019,978130,106625,104639,9207,113846,1744
2021-07-29,Glenn,021,27897,2505,2465,594,3059,20
2021-07-29,Humboldt,023,135768,5222,4978,77,5055,52
2021-07-29,Imperial,025,180216,29417,29164,2790,31954,743
2021-07-29,Inyo,027,18085,1459,1442,13,1455,38
2021-07-29,Kern,029,883053,100340,98903,12034,110937,1357
2021-07-29,Kings,031,150075,24029,23548,1192,24740,248
2021-07-29,Lake,033,64148,4405,4238,16,4254,66
2021-07-29,Lassen,035,31185,5358,5320,120,5440,21
2021-07-29,Los Angeles,037,10098052,1266444,1248545,46100,1294645,24691
2021-07-29,Madera,039,155013,17392,17058,1030,18088,245
2021-07-29,Marin,041,260295,15068,14701,297,14998,239
2021-07-29,Mariposa,043,17540,486,470,11,481,5
2021-07-29,Mendocino,045,87422,4583,4400,93,4493,49
2021-07-29,Merced,047,269075,32183,31959,1129,33088,474
2021-07-29,Modoc,049,8938,427,413,149,562,5
2021-07-29,Mono,051,14174,1300,1287,18,1305,3
2021-07-29,Monterey,053,433212,44045,43720,2009,45729,525
2021-07-29,Napa,055,140530,10553,10401,52,10453,82
2021-07-29,Nevada,057,99092,5722,5373,206,5579,72
2021-07-29,Orange,059,3164182,267739,263446,12286,275732,5144
2021-07-29,Placer,061,380077,25880,25104,1919,27023,306
2021-07-29,Plumas,063,18699,768,743,14,757,5
2021-07-29,Riverside,065,2383286,306530,300315,14737,315052,4554
2021-07-29,Sacramento,067,1510023,117724,115259,2235,117494,1720
2021-07-29,San Benito,069,59416,6283,6251,117,6368,63
2021-07-29,San Bernardino,071,2135413,304417,300726,9459,310185,5240
2021-07-29,San Diego,073,3302833,299852,295054,17205,312259,3798
2021-07-29,San Francisco,075,870044,41975,40412,1578,41990,562
2021-07-29,San Joaquin,077,732212,77829,76575,3970,80545,1443
2021-07-29,San Luis Obispo,079,281455,22377,21922,815,22737,260
2021-07-29,San Mateo,081,765935,45402,44622,599,45221,548
2021-07-29,Santa Barbara,083,443738,35983,35531,1225,36756,467
2021-07-29,Santa Clara,085,1922200,124549,122614,865,123479,2099
2021-07-29,Santa Cruz,087,273765,16891,16576,831,17407,207
2021-07-29,Shasta,089,179085,13178,12918,1767,14685,212
2021-07-29,Sierra,091,2930,75,68,12,80,0
2021-07-29,Siskiyou,093,43540,2076,1976,441,2417,31
2021-07-29,Solano,095,438530,36207,35340,734,36074,263
2021-07-29,Sonoma,097,501317,33363,32601,397,32998,329
2021-07-29,Stanislaus,099,539301,59383,58586,6360,64946,1035
2021-07-29,Sutter,101,95872,10223,10068,105,10173,127
2021-07-29,Tehama,103,63373,5308,5216,619,5835,66
2021-07-29,Trinity,105,12862,512,354,115,469,3
2021-07-29,Tulare,107,460477,51435,50409,9690,60099,854
2021-07-29,Tuolumne,109,53932,4483,4362,44,4406,64
2021-07-29,Ventura,111,848112,84771,83509,3507,87016,1044
2021-07-29,Yolo,113,214977,15188,14863,489,15352,215
2021-07-29,Yuba,115,75493,6771,6615,147,6762,50
2021-07-28,Alameda,001,1643700,97079,94965,2225,97190,1262
2021-07-28,Alpine,003,1148,90,89,0,89,0
2021-07-28,Amador,005,37829,3939,3870,34,3904,48
2021-07-28,Butte,007,227075,13490,13184,2013,15197,205
2021-07-28,Calaveras,009,45235,2336,2289,16,2305,57
2021-07-28,Colusa,011,21464,2037,2001,354,2355,16
2021-07-28,Contra Costa,013,1133247,77487,75487,1533,77020,832
2021-07-28,Del Norte,015,27424,1669,1545,14,1559,8
2021-07-28,El Dorado,017,186661,11290,10967,864,11831,116
2021-07-28,Fresno,019,978130,106377,104458,9186,113644,1744
2021-07-28,Glenn,021,27897,2502,2464,591,3055,20
2021-07-28,Humboldt,023,135768,5171,4946,76,5022,52
2021-07-28,Imperial,025,180216,29370,29096,2790,31886,743
2021-07-28,Inyo,027,18085,1453,1439,12,1451,38
2021-07-28,Kern,029,883053,100184,98781,11987,110768,1352
2021-07-28,Kings,031,150075,23965,23503,1182,24685,248
2021-07-28,Lake,033,64148,4359,4191,15,4206,65
2021-07-28,Lassen,035,31185,5350,5318,120,5438,21
2021-07-28,Los Angeles,037,10098052,1263280,1245485,45913,1291398,24673
2021-07-28,Madera,039,155013,17351,17024,1024,18048,245
2021-07-28,Marin,041,260295,15013,14652,297,14949,239
2021-07-28,Mariposa,043,17540,479,469,11,480,5
2021-07-28,Mendocino,045,87422,4555,4377,93,4470,49
2021-07-28,Merced,047,269075,32127,31886,1125,33011,474
2021-07-28,Modoc,049,8938,425,413,149,562,5
2021-07-28,Mono,051,14174,1299,1286,18,1304,3
2021-07-28,Monterey,053,433212,43998,43668,1999,45667,524
2021-07-28,Napa,055,140530,10513,10376,50,10426,82
2021-07-28,Nevada,057,99092,5668,5320,206,5526,72
2021-07-28,Orange,059,3164182,266946,262735,12256,274991,5143
2021-07-28,Placer,061,380077,25733,24978,1903,26881,306
2021-07-28,Plumas,063,18699,763,754,14,768,5
2021-07-28,Riverside,065,2383286,305762,299611,14718,314329,4554
2021-07-28,Sacramento,067,1510023,117073,114665,2215,116880,1714
2021-07-28,San Benito,069,59416,6272,6236,117,6353,63
2021-07-28,San Bernardino,071,2135413,303796,300121,9447,309568,5236
2021-07-28,San Diego,073,3302833,298571,294176,17139,311315,3798
2021-07-28,San Francisco,075,870044,41672,40144,1552,41696,561
2021-07-28,San Joaquin,077,732212,77578,76312,3940,80252,1443
2021-07-28,San Luis Obispo,079,281455,22318,21865,814,22679,260
2021-07-28,San Mateo,081,765935,45252,44477,590,45067,547
2021-07-28,Santa Barbara,083,443738,35908,35431,1220,36651,467
2021-07-28,Santa Clara,085,1922200,124288,122345,863,123208,2099
2021-07-28,Santa Cruz,087,273765,16853,16551,830,17381,207
2021-07-28,Shasta,089,179085,13134,12882,1757,14639,212
2021-07-28,Sierra,091,2930,71,67,12,79,0
2021-07-28,Siskiyou,093,43540,2067,1971,438,2409,31
2021-07-28,Solano,095,438530,36033,35204,727,35931,262
2021-07-28,Sonoma,097,501317,33220,32434,394,32828,328
2021-07-28,Stanislaus,099,539301,59186,58427,6344,64771,1035
2021-07-28,Sutter,101,95872,10191,10033,104,10137,126
2021-07-28,Tehama,103,63373,5296,5209,616,5825,66
2021-07-28,Trinity,105,12862,511,352,115,467,3
2021-07-28,Tulare,107,460477,51347,50363,9643,60006,854
2021-07-28,Tuolumne,109,53932,4444,4313,44,4357,64
2021-07-28,Ventura,111,848112,84575,83360,3491,86851,1043
2021-07-28,Yolo,113,214977,15116,14801,480,15281,215
2021-07-28,Yuba,115,75493,6738,6591,146,6737,51
2021-07-27,Alameda,001,1643700,96676,94682,2216,96898,1256
2021-07-27,Alpine,003,1148,90,89,0,89,0
2021-07-27,Amador,005,37829,3923,3861,34,3895,48
2021-07-27,Butte,007,227075,13442,13127,2002,15129,205
2021-07-27,Calaveras,009,45235,2326,2280,16,2296,57
2021-07-27,Colusa,011,21464,2028,1999,353,2352,16
2021-07-27,Contra Costa,013,1133247,77002,75227,1529,76756,830
2021-07-27,Del Norte,015,27424,1649,1538,14,1552,8
2021-07-27,El Dorado,017,186661,11230,10941,854,11795,116
2021-07-27,Fresno,019,978130,106084,104288,9162,113450,1746
2021-07-27,Glenn,021,27897,2494,2460,589,3049,20
2021-07-27,Humboldt,023,135768,5117,4925,75,5000,52
2021-07-27,Imperial,025,180216,29325,29048,2789,31837,743
2021-07-27,Inyo,027,18085,1451,1430,12,1442,38
2021-07-27,Kern,029,883053,100014,98724,11931,110655,1352
2021-07-27,Kings,031,150075,23908,23463,1172,24635,248
2021-07-27,Lake,033,64148,4320,4157,15,4172,65
2021-07-27,Lassen,035,31185,5344,5315,120,5435,21
2021-07-27,Los Angeles,037,10098052,1259824,1243336,45701,1289037,24658
2021-07-27,Madera,039,155013,17298,16998,1018,18016,245
2021-07-27,Marin,041,260295,14965,14631,294,14925,239
2021-07-27,Mariposa,043,17540,476,468,11,479,5
2021-07-27,Mendocino,045,87422,4532,4371,93,4464,49
2021-07-27,Merced,047,269075,32060,31825,1122,32947,473
2021-07-27,Modoc,049,8938,424,413,149,562,5
2021-07-27,Mono,051,14174,1295,1288,18,1306,3
2021-07-27,Monterey,053,433212,43958,43646,1988,45634,523
2021-07-27,Napa,055,140530,10483,10354,50,10404,82
2021-07-27,Nevada,057,99092,5591,5305,204,5509,72
2021-07-27,Orange,059,3164182,266202,262193,12231,274424,5143
2021-07-27,Placer,061,380077,25574,24916,1877,26793,306
2021-07-27,Plumas,063,18699,760,752,14,766,5
2021-07-27,Riverside,065,2383286,305033,299160,14699,313859,4554
2021-07-27,Sacramento,067,1510023,116470,114413,2206,116619,1710
2021-07-27,San Benito,069,59416,6263,6229,117,6346,63
2021-07-27,San Bernardino,071,2135413,303107,299593,9425,309018,5236
2021-07-27,San Diego,073,3302833,297480,293408,17065,310473,3798
2021-07-27,San Francisco,075,870044,41314,39939,1534,41473,561
2021-07-27,San Joaquin,077,732212,77315,76166,3920,80086,1442
2021-07-27,San Luis Obispo,079,281455,22263,21803,805,22608,260
2021-07-27,San Mateo,081,765935,45100,44378,587,44965,547
2021-07-27,Santa Barbara,083,443738,35813,35355,1218,36573,467
2021-07-27,Santa Clara,085,1922200,123994,122154,861,123015,2099
2021-07-27,Santa Cruz,087,273765,16807,16523,829,17352,207
2021-07-27,Shasta,089,179085,13084,12846,1744,14590,212
2021-07-27,Sierra,091,2930,71,65,12,77,0
2021-07-27,Siskiyou,093,43540,2062,1964,435,2399,31
2021-07-27,Solano,095,438530,35901,35093,717,35810,261
2021-07-27,Sonoma,097,501317,33076,32367,392,32759,328
2021-07-27,Stanislaus,099,539301,59016,58333,6316,64649,1033
2021-07-27,Sutter,101,95872,10150,9998,104,10102,115
2021-07-27,Tehama,103,63373,5275,5192,614,5806,66
2021-07-27,Trinity,105,12862,510,351,115,466,3
2021-07-27,Tulare,107,460477,51281,50324,9612,59936,854
2021-07-27,Tuolumne,109,53932,4392,4282,44,4326,64
2021-07-27,Ventura,111,848112,84367,83189,3479,86668,1043
2021-07-27,Yolo,113,214977,15042,14759,475,15234,215
2021-07-27,Yuba,115,75493,6716,6564,144,6708,51
2021-07-26,Alameda,001,1643700,96233,94436,2210,96646,1259
2021-07-26,Alpine,003,1148,90,89,0,89,0
2021-07-26,Amador,005,37829,3913,3854,34,3888,48
2021-07-26,Butte,007,227075,13387,13082,1991,15073,203
2021-07-26,Calaveras,009,45235,2320,2276,16,2292,57
2021-07-26,Colusa,011,21464,2021,1996,351,2347,16
2021-07-26,Contra Costa,013,1133247,76506,74854,1522,76376,830
2021-07-26,Del Norte,015,27424,1628,1530,14,1544,8
2021-07-26,El Dorado,017,186661,11166,10899,851,11750,116
2021-07-26,Fresno,019,978130,105880,104143,9138,113281,1742
2021-07-26,Glenn,021,27897,2492,2461,588,3049,20
2021-07-26,Humboldt,023,135768,5078,4906,73,4979,52
2021-07-26,Imperial,025,180216,29285,29034,2789,31823,743
2021-07-26,Inyo,027,18085,1446,1429,12,1441,38
2021-07-26,Kern,029,883053,99848,98633,11866,110499,1351
2021-07-26,Kings,031,150075,23859,23426,1168,24594,247
2021-07-26,Lake,033,64148,4299,4133,15,4148,65
2021-07-26,Lassen,035,31185,5340,5314,120,5434,21
2021-07-26,Los Angeles,037,10098052,1256488,1241527,45528,1287055,24647
2021-07-26,Madera,039,155013,17270,16971,1011,17982,245
2021-07-26,Marin,041,260295,14908,14579,293,14872,239
2021-07-26,Mariposa,043,17540,475,467,11,478,5
2021-07-26,Mendocino,045,87422,4511,4354,93,4447,49
2021-07-26,Merced,047,269075,31969,31774,1118,32892,473
2021-07-26,Modoc,049,8938,424,413,149,562,5
2021-07-26,Mono,051,14174,1294,1286,18,1304,3
2021-07-26,Monterey,053,433212,43915,43595,1975,45570,521
2021-07-26,Napa,055,140530,10460,10332,50,10382,82
2021-07-26,Nevada,057,99092,5505,5280,204,5484,72
2021-07-26,Orange,059,3164182,265563,261803,12210,274013,5142
2021-07-26,Placer,061,380077,25438,24842,1856,26698,304
2021-07-26,Plumas,063,18699,756,750,14,764,5
2021-07-26,Riverside,065,2383286,304340,298626,14685,313311,4553
2021-07-26,Sacramento,067,1510023,115871,113986,2190,116176,1705
2021-07-26,San Benito,069,59416,6257,6222,117,6339,63
2021-07-26,San Bernardino,071,2135413,302492,299238,9413,308651,5237
2021-07-26,San Diego,073,3302833,296369,292688,16987,309675,3793
2021-07-26,San Francisco,075,870044,40953,39800,1508,41308,561
2021-07-26,San Joaquin,077,732212,77080,76033,3916,79949,1440
2021-07-26,San Luis Obispo,079,281455,22214,21752,802,22554,260
2021-07-26,San Mateo,081,765935,44952,44297,578,44875,547
2021-07-26,Santa Barbara,083,443738,35740,35311,1206,36517,467
2021-07-26,Santa Clara,085,1922200,123685,121978,852,122830,2099
2021-07-26,Santa Cruz,087,273765,16767,16493,826,17319,207
2021-07-26,Shasta,089,179085,13035,12819,1731,14550,211
2021-07-26,Sierra,091,2930,70,65,12,77,0
2021-07-26,Siskiyou,093,43540,2059,1962,433,2395,31
2021-07-26,Solano,095,438530,35746,34990,709,35699,259
2021-07-26,Sonoma,097,501317,32940,32283,390,32673,328
2021-07-26,Stanislaus,099,539301,58871,58219,6296,64515,1033
2021-07-26,Sutter,101,95872,10110,9963,101,10064,115
2021-07-26,Tehama,103,63373,5265,5183,610,5793,66
2021-07-26,Trinity,105,12862,510,351,114,465,3
2021-07-26,Tulare,107,460477,51215,50265,9581,59846,854
2021-07-26,Tuolumne,109,53932,4361,4271,44,4315,64
2021-07-26,Ventura,111,848112,84194,83072,3464,86536,1041
2021-07-26,Yolo,113,214977,14981,14727,463,15190,215
2021-07-26,Yuba,115,75493,6682,6538,142,6680,51
2021-07-25,Alameda,001,1643700,95740,94146,2204,96350,1259
2021-07-25,Alpine,003,1148,88,89,0,89,0
2021-07-25,Amador,005,37829,3898,3848,34,3882,48
2021-07-25,Butte,007,227075,13348,13074,1981,15055,203
2021-07-25,Calaveras,009,45235,2311,2275,16,2291,57
2021-07-25,Colusa,011,21464,2012,1996,347,2343,16
2021-07-25,Contra Costa,013,1133247,76021,74634,1508,76142,830
2021-07-25,Del Norte,015,27424,1607,1526,14,1540,8
2021-07-25,El Dorado,017,186661,11109,10878,848,11726,116
2021-07-25,Fresno,019,978130,105639,104019,9122,113141,1742
2021-07-25,Glenn,021,27897,2483,2461,586,3047,20
2021-07-25,Humboldt,023,135768,5019,4892,72,4964,52
2021-07-25,Imperial,025,180216,29248,29037,2789,31826,743
2021-07-25,Inyo,027,18085,1441,1427,12,1439,38
2021-07-25,Kern,029,883053,99676,98503,11795,110298,1351
2021-07-25,Kings,031,150075,23805,23396,1164,24560,247
2021-07-25,Lake,033,64148,4246,4109,14,4123,65
2021-07-25,Lassen,035,31185,5335,5314,120,5434,21
2021-07-25,Los Angeles,037,10098052,1253077,1239596,45330,1284926,24643
2021-07-25,Madera,039,155013,17233,16947,1004,17951,245
2021-07-25,Marin,041,260295,14858,14558,290,14848,239
2021-07-25,Mariposa,043,17540,472,465,11,476,5
2021-07-25,Mendocino,045,87422,4482,4335,91,4426,49
2021-07-25,Merced,047,269075,31896,31760,1116,32876,473
2021-07-25,Modoc,049,8938,424,413,149,562,5
2021-07-25,Mono,051,14174,1291,1286,18,1304,3
2021-07-25,Monterey,053,433212,43877,43590,1967,45557,521
2021-07-25,Napa,055,140530,10424,10316,49,10365,82
2021-07-25,Nevada,057,99092,5440,5256,201,5457,72
2021-07-25,Orange,059,3164182,264855,261351,12187,273538,5142
2021-07-25,Placer,061,380077,25316,24755,1835,26590,304
2021-07-25,Plumas,063,18699,754,750,14,764,5
2021-07-25,Riverside,065,2383286,303576,298181,14667,312848,4553
2021-07-25,Sacramento,067,1510023,115321,113611,2174,115785,1704
2021-07-25,San Benito,069,59416,6250,6217,117,6334,63
2021-07-25,San Bernardino,071,2135413,301832,298982,9407,308389,5237
2021-07-25,San Diego,073,3302833,295304,290626,16915,307541,3793
2021-07-25,San Francisco,075,870044,40603,39663,1482,41145,561
2021-07-25,San Joaquin,077,732212,76825,75926,3897,79823,1440
2021-07-25,San Luis Obispo,079,281455,22141,21741,799,22540,260
2021-07-25,San Mateo,081,765935,44789,44189,572,44761,547
2021-07-25,Santa Barbara,083,443738,35660,35261,1203,36464,467
2021-07-25,Santa Clara,085,1922200,123355,121800,847,122647,2099
2021-07-25,Santa Cruz,087,273765,16720,16474,825,17299,207
2021-07-25,Shasta,089,179085,12988,12815,1726,14541,211
2021-07-25,Sierra,091,2930,70,65,12,77,0
2021-07-25,Siskiyou,093,43540,2051,1963,430,2393,31
2021-07-25,Solano,095,438530,35554,34863,706,35569,259
2021-07-25,Sonoma,097,501317,32815,32202,387,32589,328
2021-07-25,Stanislaus,099,539301,58705,58154,6291,64445,1033
2021-07-25,Sutter,101,95872,10057,9937,99,10036,115
2021-07-25,Tehama,103,63373,5249,5181,609,5790,66
2021-07-25,Trinity,105,12862,508,351,112,463,3
2021-07-25,Tulare,107,460477,51140,50221,9543,59764,854
2021-07-25,Tuolumne,109,53932,4309,4267,44,4311,64
2021-07-25,Ventura,111,848112,83980,82986,3441,86427,1041
2021-07-25,Yolo,113,214977,14920,14693,449,15142,215
2021-07-25,Yuba,115,75493,6649,6519,142,6661,51
2021-07-24,Alameda,001,1643700,95464,93170,2200,95370,1259
2021-07-24,Alpine,003,1148,88,89,0,89,0
2021-07-24,Amador,005,37829,3889,3816,34,3850,48
2021-07-24,Butte,007,227075,13319,12982,1979,14961,203
2021-07-24,Calaveras,009,45235,2306,2267,16,2283,57
2021-07-24,Colusa,011,21464,2011,1992,345,2337,16
2021-07-24,Contra Costa,013,1133247,75793,73682,1505,75187,830
2021-07-24,Del Norte,015,27424,1596,1497,14,1511,8
2021-07-24,El Dorado,017,186661,11075,10773,845,11618,116
2021-07-24,Fresno,019,978130,105521,103637,9112,112749,1736
2021-07-24,Glenn,021,27897,2481,2457,586,3043,20
2021-07-24,Humboldt,023,135768,4984,4780,71,4851,52
2021-07-24,Imperial,025,180216,29228,28996,2789,31785,742
2021-07-24,Inyo,027,18085,1438,1424,12,1436,38
2021-07-24,Kern,029,883053,99598,98261,11773,110034,1350
2021-07-24,Kings,031,150075,23774,23304,1161,24465,246
2021-07-24,Lake,033,64148,4223,3963,14,3977,64
2021-07-24,Lassen,035,31185,5334,5311,120,5431,21
2021-07-24,Los Angeles,037,10098052,1251301,1232164,45197,1277361,24623
2021-07-24,Madera,039,155013,17209,16885,1002,17887,245
2021-07-24,Marin,041,260295,14819,14454,290,14744,238
2021-07-24,Mariposa,043,17540,472,453,11,464,5
2021-07-24,Mendocino,045,87422,4457,4293,91,4384,49
2021-07-24,Merced,047,269075,31874,31661,1115,32776,473
2021-07-24,Modoc,049,8938,424,413,149,562,5
2021-07-24,Mono,051,14174,1289,1284,18,1302,3
2021-07-24,Monterey,053,433212,43852,43525,1960,45485,521
2021-07-24,Napa,055,140530,10408,10230,49,10279,81
2021-07-24,Nevada,057,99092,5408,5183,201,5384,72
2021-07-24,Orange,059,3164182,264390,259973,12175,272148,5141
2021-07-24,Placer,061,380077,25233,24530,1830,26360,303
2021-07-24,Plumas,063,18699,753,737,14,751,4
2021-07-24,Riverside,065,2383286,303108,296912,14657,311569,4552
2021-07-24,Sacramento,067,1510023,115006,112438,2170,114608,1698
2021-07-24,San Benito,069,59416,6246,6200,116,6316,63
2021-07-24,San Bernardino,071,2135413,301441,297899,9398,307297,5236
2021-07-24,San Diego,073,3302833,294838,289368,16887,306255,3788
2021-07-24,San Francisco,075,870044,40429,38954,1466,40420,561
2021-07-24,San Joaquin,077,732212,76697,75461,3886,79347,1436
2021-07-24,San Luis Obispo,079,281455,22110,21616,797,22413,260
2021-07-24,San Mateo,081,765935,44672,43880,566,44446,542
2021-07-24,Santa Barbara,083,443738,35601,35071,1199,36270,465
2021-07-24,Santa Clara,085,1922200,123143,121092,846,121938,2099
2021-07-24,Santa Cruz,087,273765,16697,16416,825,17241,207
2021-07-24,Shasta,089,179085,12960,12759,1723,14482,211
2021-07-24,Sierra,091,2930,69,64,12,76,0
2021-07-24,Siskiyou,093,43540,2051,1951,430,2381,31
2021-07-24,Solano,095,438530,35462,34499,697,35196,259
2021-07-24,Sonoma,097,501317,32690,31928,385,32313,327
2021-07-24,Stanislaus,099,539301,58613,57879,6281,64160,1030
2021-07-24,Sutter,101,95872,10030,9890,99,9989,115
2021-07-24,Tehama,103,63373,5242,5166,607,5773,65
2021-07-24,Trinity,105,12862,508,345,112,457,3
2021-07-24,Tulare,107,460477,51097,50104,9525,59629,854
2021-07-24,Tuolumne,109,53932,4283,4216,44,4260,64
2021-07-24,Ventura,111,848112,83853,82687,3424,86111,1041
2021-07-24,Yolo,113,214977,14882,14557,446,15003,214
2021-07-24,Yuba,115,75493,6630,6449,142,6591,51
2021-07-23,Alameda,001,1643700,95213,93170,2195,95365,1259
2021-07-23,Alpine,003,1148,88,89,0,89,0
2021-07-23,Amador,005,37829,3882,3816,34,3850,48
2021-07-23,Butte,007,227075,13290,12982,1971,14953,203
2021-07-23,Calaveras,009,45235,2296,2267,16,2283,57
2021-07-23,Colusa,011,21464,2010,1992,345,2337,16
2021-07-23,Contra Costa,013,1133247,75533,73682,1495,75177,830
2021-07-23,Del Norte,015,27424,1588,1497,14,1511,8
2021-07-23,El Dorado,017,186661,11046,10773,841,11614,116
2021-07-23,Fresno,019,978130,105389,103637,9102,112739,1736
2021-07-23,Glenn,021,27897,2479,2457,583,3040,20
2021-07-23,Humboldt,023,135768,4962,4780,68,4848,52
2021-07-23,Imperial,025,180216,29216,28996,2789,31785,742
2021-07-23,Inyo,027,18085,1435,1424,12,1436,38
2021-07-23,Kern,029,883053,99516,98261,11747,110008,1350
2021-07-23,Kings,031,150075,23743,23304,1158,24462,246
2021-07-23,Lake,033,64148,4194,3963,14,3977,64
2021-07-23,Lassen,035,31185,5332,5311,120,5431,21
2021-07-23,Los Angeles,037,10098052,1249368,1232164,45085,1277249,24623
2021-07-23,Madera,039,155013,17179,16885,997,17882,245
2021-07-23,Marin,041,260295,14782,14454,288,14742,238
2021-07-23,Mariposa,043,17540,469,453,11,464,5
2021-07-23,Mendocino,045,87422,4444,4293,91,4384,49
2021-07-23,Merced,047,269075,31849,31661,1115,32776,473
2021-07-23,Modoc,049,8938,424,413,149,562,5
2021-07-23,Mono,051,14174,1288,1284,18,1302,3
2021-07-23,Monterey,053,433212,43826,43525,1960,45485,521
2021-07-23,Napa,055,140530,10387,10230,49,10279,81
2021-07-23,Nevada,057,99092,5364,5183,201,5384,72
2021-07-23,Orange,059,3164182,263940,259973,12152,272125,5141
2021-07-23,Placer,061,380077,25153,24530,1814,26344,303
2021-07-23,Plumas,063,18699,751,737,14,751,4
2021-07-23,Riverside,065,2383286,302642,296912,14645,311557,4552
2021-07-23,Sacramento,067,1510023,114652,112438,2168,114606,1698
2021-07-23,San Benito,069,59416,6240,6200,116,6316,63
2021-07-23,San Bernardino,071,2135413,301061,297899,9389,307288,5236
2021-07-23,San Diego,073,3302833,294231,289368,16840,306208,3788
2021-07-23,San Francisco,075,870044,40242,38954,1453,40407,561
2021-07-23,San Joaquin,077,732212,76593,75461,3871,79332,1436
2021-07-23,San Luis Obispo,079,281455,22071,21616,797,22413,260
2021-07-23,San Mateo,081,765935,44568,43880,561,44441,542
2021-07-23,Santa Barbara,083,443738,35536,35071,1198,36269,465
2021-07-23,Santa Clara,085,1922200,122924,121092,843,121935,2099
2021-07-23,Santa Cruz,087,273765,16672,16416,825,17241,207
2021-07-23,Shasta,089,179085,12933,12759,1720,14479,211
2021-07-23,Sierra,091,2930,69,64,12,76,0
2021-07-23,Siskiyou,093,43540,2049,1951,430,2381,31
2021-07-23,Solano,095,438530,35370,34499,693,35192,259
2021-07-23,Sonoma,097,501317,32595,31928,384,32312,327
2021-07-23,Stanislaus,099,539301,58537,57879,6272,64151,1030
2021-07-23,Sutter,101,95872,10001,9890,99,9989,115
2021-07-23,Tehama,103,63373,5233,5166,607,5773,65
2021-07-23,Trinity,105,12862,507,345,111,456,3
2021-07-23,Tulare,107,460477,51050,50104,9500,59604,854
2021-07-23,Tuolumne,109,53932,4261,4216,44,4260,64
2021-07-23,Ventura,111,848112,83691,82687,3406,86093,1041
2021-07-23,Yolo,113,214977,14845,14557,439,14996,214
2021-07-23,Yuba,115,75493,6604,6449,141,6590,51
2021-07-22,Alameda,001,1643700,94859,93170,2190,95360,1259
2021-07-22,Alpine,003,1148,88,89,0,89,0
2021-07-22,Amador,005,37829,3873,3816,34,3850,48
2021-07-22,Butte,007,227075,13256,12982,1962,14944,203
2021-07-22,Calaveras,009,45235,2286,2267,16,2283,57
2021-07-22,Colusa,011,21464,2008,1992,342,2334,16
2021-07-22,Contra Costa,013,1133247,75194,73682,1490,75172,830
2021-07-22,Del Norte,015,27424,1571,1497,14,1511,8
2021-07-22,El Dorado,017,186661,11011,10773,833,11606,116
2021-07-22,Fresno,019,978130,105260,103637,9092,112729,1736
2021-07-22,Glenn,021,27897,2475,2457,583,3040,20
2021-07-22,Humboldt,023,135768,4931,4780,66,4846,52
2021-07-22,Imperial,025,180216,29186,28996,2789,31785,742
2021-07-22,Inyo,027,18085,1433,1424,12,1436,38
2021-07-22,Kern,029,883053,99401,98261,11706,109967,1350
2021-07-22,Kings,031,150075,23704,23304,1156,24460,246
2021-07-22,Lake,033,64148,4143,3963,14,3977,64
2021-07-22,Lassen,035,31185,5329,5311,120,5431,21
2021-07-22,Los Angeles,037,10098052,1246946,1232164,44898,1277062,24623
2021-07-22,Madera,039,155013,17144,16885,995,17880,245
2021-07-22,Marin,041,260295,14741,14454,287,14741,238
2021-07-22,Mariposa,043,17540,462,453,11,464,5
2021-07-22,Mendocino,045,87422,4431,4293,90,4383,49
2021-07-22,Merced,047,269075,31807,31661,1113,32774,473
2021-07-22,Modoc,049,8938,424,413,149,562,5
2021-07-22,Mono,051,14174,1287,1284,18,1302,3
2021-07-22,Monterey,053,433212,43798,43525,1954,45479,521
2021-07-22,Napa,055,140530,10369,10230,49,10279,81
2021-07-22,Nevada,057,99092,5338,5183,200,5383,72
2021-07-22,Orange,059,3164182,263387,259973,12143,272116,5141
2021-07-22,Placer,061,380077,25059,24530,1803,26333,303
2021-07-22,Plumas,063,18699,750,737,14,751,4
2021-07-22,Riverside,065,2383286,302133,296912,14624,311536,4552
2021-07-22,Sacramento,067,1510023,114214,112438,2159,114597,1698
2021-07-22,San Benito,069,59416,6232,6200,116,6316,63
2021-07-22,San Bernardino,071,2135413,300658,297899,9373,307272,5236
2021-07-22,San Diego,073,3302833,293501,289368,16782,306150,3788
2021-07-22,San Francisco,075,870044,40029,38954,1441,40395,561
2021-07-22,San Joaquin,077,732212,76450,75461,3858,79319,1436
2021-07-22,San Luis Obispo,079,281455,22034,21616,793,22409,260
2021-07-22,San Mateo,081,765935,44456,43880,556,44436,542
2021-07-22,Santa Barbara,083,443738,35470,35071,1196,36267,465
2021-07-22,Santa Clara,085,1922200,122682,121092,840,121932,2099
2021-07-22,Santa Cruz,087,273765,16635,16416,824,17240,207
2021-07-22,Shasta,089,179085,12909,12759,1716,14475,211
2021-07-22,Sierra,091,2930,67,64,12,76,0
2021-07-22,Siskiyou,093,43540,2046,1951,430,2381,31
2021-07-22,Solano,095,438530,35224,34499,686,35185,259
2021-07-22,Sonoma,097,501317,32485,31928,382,32310,327
2021-07-22,Stanislaus,099,539301,58409,57879,6260,64139,1030
2021-07-22,Sutter,101,95872,9980,9890,99,9989,115
2021-07-22,Tehama,103,63373,5227,5166,607,5773,65
2021-07-22,Trinity,105,12862,507,345,111,456,3
2021-07-22,Tulare,107,460477,51007,50104,9472,59576,854
2021-07-22,Tuolumne,109,53932,4249,4216,44,4260,64
2021-07-22,Ventura,111,848112,83557,82687,3393,86080,1041
2021-07-22,Yolo,113,214977,14807,14557,438,14995,214
2021-07-22,Yuba,115,75493,6573,6449,138,6587,51
2021-07-21,Alameda,001,1643700,94540,92840,2186,95026,1256
2021-07-21,Alpine,003,1148,88,89,0,89,0
2021-07-21,Amador,005,37829,3860,3813,34,3847,48
2021-07-21,Butte,007,227075,13215,12939,1957,14896,203
2021-07-21,Calaveras,009,45235,2282,2257,16,2273,57
2021-07-21,Colusa,011,21464,2004,1988,341,2329,16
2021-07-21,Contra Costa,013,1133247,74930,73320,1481,74801,827
2021-07-21,Del Norte,015,27424,1561,1492,14,1506,8
2021-07-21,El Dorado,017,186661,10975,10742,829,11571,116
2021-07-21,Fresno,019,978130,105112,103504,9083,112587,1736
2021-07-21,Glenn,021,27897,2473,2455,582,3037,20
2021-07-21,Humboldt,023,135768,4899,4763,64,4827,52
2021-07-21,Imperial,025,180216,29174,28964,2786,31750,742
2021-07-21,Inyo,027,18085,1433,1423,12,1435,38
2021-07-21,Kern,029,883053,99283,98152,11665,109817,1350
2021-07-21,Kings,031,150075,23676,23270,1152,24422,246
2021-07-21,Lake,033,64148,4077,3896,14,3910,64
2021-07-21,Lassen,035,31185,5326,5310,120,5430,21
2021-07-21,Los Angeles,037,10098052,1244439,1229598,44760,1274358,24609
2021-07-21,Madera,039,155013,17120,16858,992,17850,245
2021-07-21,Marin,041,260295,14692,14427,287,14714,238
2021-07-21,Mariposa,043,17540,458,449,11,460,5
2021-07-21,Mendocino,045,87422,4413,4274,90,4364,49
2021-07-21,Merced,047,269075,31768,31607,1109,32716,473
2021-07-21,Modoc,049,8938,424,413,149,562,5
2021-07-21,Mono,051,14174,1284,1282,18,1300,3
2021-07-21,Monterey,053,433212,43768,43502,1950,45452,515
2021-07-21,Napa,055,140530,10343,10209,49,10258,81
2021-07-21,Nevada,057,99092,5303,5152,200,5352,72
2021-07-21,Orange,059,3164182,262834,259615,12112,271727,5139
2021-07-21,Placer,061,380077,24950,24441,1792,26233,303
2021-07-21,Plumas,063,18699,750,736,14,750,4
2021-07-21,Riverside,065,2383286,301620,296419,14607,311026,4552
2021-07-21,Sacramento,067,1510023,113792,112043,2148,114191,1696
2021-07-21,San Benito,069,59416,6222,6196,116,6312,63
2021-07-21,San Bernardino,071,2135413,300207,297519,9365,306884,5230
2021-07-21,San Diego,073,3302833,292650,288682,16719,305401,3787
2021-07-21,San Francisco,075,870044,39804,38699,1436,40135,559
2021-07-21,San Joaquin,077,732212,76261,75288,3846,79134,1434
2021-07-21,San Luis Obispo,079,281455,21997,21579,790,22369,260
2021-07-21,San Mateo,081,765935,44364,43755,552,44307,542
2021-07-21,Santa Barbara,083,443738,35411,34998,1180,36178,465
2021-07-21,Santa Clara,085,1922200,122472,120838,838,121676,2099
2021-07-21,Santa Cruz,087,273765,16601,16407,824,17231,207
2021-07-21,Shasta,089,179085,12876,12751,1713,14464,211
2021-07-21,Sierra,091,2930,67,64,12,76,0
2021-07-21,Siskiyou,093,43540,2044,1943,428,2371,31
2021-07-21,Solano,095,438530,35066,34374,681,35055,258
2021-07-21,Sonoma,097,501317,32369,31789,382,32171,327
2021-07-21,Stanislaus,099,539301,58306,57774,6250,64024,1028
2021-07-21,Sutter,101,95872,9956,9862,99,9961,113
2021-07-21,Tehama,103,63373,5223,5161,607,5768,65
2021-07-21,Trinity,105,12862,505,345,110,455,3
2021-07-21,Tulare,107,460477,50947,50066,9446,59512,854
2021-07-21,Tuolumne,109,53932,4212,4156,44,4200,64
2021-07-21,Ventura,111,848112,83435,82573,3381,85954,1041
2021-07-21,Yolo,113,214977,14765,14525,437,14962,213
2021-07-21,Yuba,115,75493,6545,6425,138,6563,52
2021-07-20,Alameda,001,1643700,94166,92625,2172,94797,1256
2021-07-20,Alpine,003,1148,88,89,0,89,0
2021-07-20,Amador,005,37829,3849,3807,34,3841,48
2021-07-20,Butte,007,227075,13178,12916,1952,14868,203
2021-07-20,Calaveras,009,45235,2279,2249,16,2265,57
2021-07-20,Colusa,011,21464,2004,1985,341,2326,16
2021-07-20,Contra Costa,013,1133247,74646,73143,1463,74606,825
2021-07-20,Del Norte,015,27424,1551,1490,14,1504,8
2021-07-20,El Dorado,017,186661,10935,10727,825,11552,116
2021-07-20,Fresno,019,978130,104976,103438,9064,112502,1736
2021-07-20,Glenn,021,27897,2473,2453,582,3035,20
2021-07-20,Humboldt,023,135768,4854,4735,62,4797,52
2021-07-20,Imperial,025,180216,29154,28933,2786,31719,742
2021-07-20,Inyo,027,18085,1429,1420,12,1432,36
2021-07-20,Kern,029,883053,99171,98082,11637,109719,1350
2021-07-20,Kings,031,150075,23635,23254,1148,24402,246
2021-07-20,Lake,033,64148,4052,3871,14,3885,64
2021-07-20,Lassen,035,31185,5326,5306,120,5426,21
2021-07-20,Los Angeles,037,10098052,1241649,1227404,44591,1271995,24603
2021-07-20,Madera,039,155013,17099,16856,988,17844,245
2021-07-20,Marin,041,260295,14656,14396,284,14680,234
2021-07-20,Mariposa,043,17540,456,448,11,459,5
2021-07-20,Mendocino,045,87422,4396,4259,90,4349,49
2021-07-20,Merced,047,269075,31729,31578,1102,32680,473
2021-07-20,Modoc,049,8938,424,413,149,562,5
2021-07-20,Mono,051,14174,1280,1281,18,1299,3
2021-07-20,Monterey,053,433212,43737,43481,1947,45428,515
2021-07-20,Napa,055,140530,10320,10191,49,10240,81
2021-07-20,Nevada,057,99092,5284,5148,199,5347,72
2021-07-20,Orange,059,3164182,262277,259303,12080,271383,5139
2021-07-20,Placer,061,380077,24858,24408,1769,26177,303
2021-07-20,Plumas,063,18699,748,736,14,750,4
2021-07-20,Riverside,065,2383286,301085,296118,14593,310711,4543
2021-07-20,Sacramento,067,1510023,113352,111796,2118,113914,1695
2021-07-20,San Benito,069,59416,6215,6196,116,6312,63
2021-07-20,San Bernardino,071,2135413,299796,297222,9340,306562,5231
2021-07-20,San Diego,073,3302833,291724,288209,16623,304832,3786
2021-07-20,San Francisco,075,870044,39545,38536,1425,39961,558
2021-07-20,San Joaquin,077,732212,76089,75198,3833,79031,1433
2021-07-20,San Luis Obispo,079,281455,21951,21556,789,22345,259
2021-07-20,San Mateo,081,765935,44245,43670,551,44221,542
2021-07-20,Santa Barbara,083,443738,35341,34935,1174,36109,462
2021-07-20,Santa Clara,085,1922200,122215,120704,835,121539,2098
2021-07-20,Santa Cruz,087,273765,16572,16399,824,17223,207
2021-07-20,Shasta,089,179085,12850,12734,1709,14443,211
2021-07-20,Sierra,091,2930,67,64,12,76,0
2021-07-20,Siskiyou,093,43540,2040,1931,427,2358,31
2021-07-20,Solano,095,438530,34931,34337,674,35011,258
2021-07-20,Sonoma,097,501317,32250,31763,381,32144,326
2021-07-20,Stanislaus,099,539301,58192,57706,6244,63950,1028
2021-07-20,Sutter,101,95872,9929,9854,96,9950,114
2021-07-20,Tehama,103,63373,5221,5153,607,5760,65
2021-07-20,Trinity,105,12862,503,344,109,453,3
2021-07-20,Tulare,107,460477,50905,50047,9429,59476,854
2021-07-20,Tuolumne,109,53932,4193,4156,44,4200,64
2021-07-20,Ventura,111,848112,83282,82504,3364,85868,1041
2021-07-20,Yolo,113,214977,14700,14495,434,14929,213
2021-07-20,Yuba,115,75493,6520,6393,135,6528,52
2021-07-19,Alameda,001,1643700,93793,92357,2156,94513,1256
2021-07-19,Alpine,003,1148,88,89,0,89,0
2021-07-19,Amador,005,37829,3845,3802,34,3836,48
2021-07-19,Butte,007,227075,13134,12901,1946,14847,202
2021-07-19,Calaveras,009,45235,2275,2245,16,2261,57
2021-07-19,Colusa,011,21464,2002,1981,340,2321,16
2021-07-19,Contra Costa,013,1133247,74333,72935,1443,74378,825
2021-07-19,Del Norte,015,27424,1538,1484,14,1498,8
2021-07-19,El Dorado,017,186661,10905,10703,817,11520,114
2021-07-19,Fresno,019,978130,104846,103350,9051,112401,1731
2021-07-19,Glenn,021,27897,2473,2452,581,3033,20
2021-07-19,Humboldt,023,135768,4824,4719,60,4779,52
2021-07-19,Imperial,025,180216,29127,28888,2785,31673,742
2021-07-19,Inyo,027,18085,1428,1417,12,1429,36
2021-07-19,Kern,029,883053,99057,97999,11603,109602,1349
2021-07-19,Kings,031,150075,23605,23221,1142,24363,246
2021-07-19,Lake,033,64148,4016,3848,14,3862,64
2021-07-19,Lassen,035,31185,5325,5305,120,5425,21
2021-07-19,Los Angeles,037,10098052,1239050,1225946,44395,1270341,24600
2021-07-19,Madera,039,155013,17076,16846,985,17831,244
2021-07-19,Marin,041,260295,14621,14369,281,14650,234
2021-07-19,Mariposa,043,17540,450,447,11,458,5
2021-07-19,Mendocino,045,87422,4378,4251,90,4341,49
2021-07-19,Merced,047,269075,31665,31565,1095,32660,472
2021-07-19,Modoc,049,8938,423,413,149,562,5
2021-07-19,Mono,051,14174,1278,1280,18,1298,3
2021-07-19,Monterey,053,433212,43713,43436,1946,45382,515
2021-07-19,Napa,055,140530,10295,10180,47,10227,81
2021-07-19,Nevada,057,99092,5256,5133,198,5331,72
2021-07-19,Orange,059,3164182,261754,258927,12048,270975,5138
2021-07-19,Placer,061,380077,24759,24359,1747,26106,303
2021-07-19,Plumas,063,18699,748,730,14,744,4
2021-07-19,Riverside,065,2383286,300595,295736,14555,310291,4543
2021-07-19,Sacramento,067,1510023,112988,111470,2094,113564,1696
2021-07-19,San Benito,069,59416,6212,6193,116,6309,63
2021-07-19,San Bernardino,071,2135413,299423,296929,9322,306251,5235
2021-07-19,San Diego,073,3302833,290827,287695,16518,304213,3786
2021-07-19,San Francisco,075,870044,39273,38463,1412,39875,560
2021-07-19,San Joaquin,077,732212,75924,75086,3827,78913,1431
2021-07-19,San Luis Obispo,079,281455,21906,21531,785,22316,259
2021-07-19,San Mateo,081,765935,44103,43563,542,44105,542
2021-07-19,Santa Barbara,083,443738,35269,34904,1172,36076,461
2021-07-19,Santa Clara,085,1922200,121957,120554,834,121388,2098
2021-07-19,Santa Cruz,087,273765,16556,16387,824,17211,207
2021-07-19,Shasta,089,179085,12832,12723,1707,14430,209
2021-07-19,Sierra,091,2930,66,64,12,76,0
2021-07-19,Siskiyou,093,43540,2035,1927,425,2352,31
2021-07-19,Solano,095,438530,34756,34262,663,34925,261
2021-07-19,Sonoma,097,501317,32129,31713,380,32093,325
2021-07-19,Stanislaus,099,539301,58091,57644,6234,63878,1027
2021-07-19,Sutter,101,95872,9913,9834,96,9930,114
2021-07-19,Tehama,103,63373,5215,5152,605,5757,65
2021-07-19,Trinity,105,12862,503,344,108,452,3
2021-07-19,Tulare,107,460477,50859,49994,9412,59406,855
2021-07-19,Tuolumne,109,53932,4183,4151,44,4195,64
2021-07-19,Ventura,111,848112,83186,82409,3342,85751,1041
2021-07-19,Yolo,113,214977,14668,14439,432,14871,213
2021-07-19,Yuba,115,75493,6496,6370,135,6505,52
2021-07-18,Alameda,001,1643700,93437,92162,2143,94305,1256
2021-07-18,Alpine,003,1148,88,89,0,89,0
2021-07-18,Amador,005,37829,3834,3799,34,3833,48
2021-07-18,Butte,007,227075,13091,12888,1941,14829,202
2021-07-18,Calaveras,009,45235,2272,2243,16,2259,57
2021-07-18,Colusa,011,21464,2002,1981,339,2320,16
2021-07-18,Contra Costa,013,1133247,74017,72849,1425,74274,825
2021-07-18,Del Norte,015,27424,1529,1482,14,1496,8
2021-07-18,El Dorado,017,186661,10867,10687,809,11496,114
2021-07-18,Fresno,019,978130,104692,103298,9033,112331,1731
2021-07-18,Glenn,021,27897,2472,2452,580,3032,20
2021-07-18,Humboldt,023,135768,4788,4714,60,4774,52
2021-07-18,Imperial,025,180216,29090,28877,2784,31661,742
2021-07-18,Inyo,027,18085,1424,1417,12,1429,36
2021-07-18,Kern,029,883053,98931,97963,11561,109524,1349
2021-07-18,Kings,031,150075,23584,23203,1138,24341,246
2021-07-18,Lake,033,64148,3980,3825,14,3839,64
2021-07-18,Lassen,035,31185,5325,5305,120,5425,21
2021-07-18,Los Angeles,037,10098052,1236362,1224691,44202,1268893,24598
2021-07-18,Madera,039,155013,17051,16838,981,17819,244
2021-07-18,Marin,041,260295,14585,14358,279,14637,234
2021-07-18,Mariposa,043,17540,449,447,11,458,5
2021-07-18,Mendocino,045,87422,4357,4246,90,4336,49
2021-07-18,Merced,047,269075,31634,31537,1093,32630,471
2021-07-18,Modoc,049,8938,423,413,149,562,5
2021-07-18,Mono,051,14174,1277,1280,18,1298,3
2021-07-18,Monterey,053,433212,43695,43422,1937,45359,515
2021-07-18,Napa,055,140530,10278,10174,44,10218,81
2021-07-18,Nevada,057,99092,5230,5124,198,5322,72
2021-07-18,Orange,059,3164182,261269,258724,12018,270742,5138
2021-07-18,Placer,061,380077,24692,24313,1720,26033,303
2021-07-18,Plumas,063,18699,748,730,14,744,4
2021-07-18,Riverside,065,2383286,300103,295522,14513,310035,4543
2021-07-18,Sacramento,067,1510023,112556,111255,2062,113317,1696
2021-07-18,San Benito,069,59416,6204,6191,116,6307,63
2021-07-18,San Bernardino,071,2135413,298949,296739,9307,306046,5233
2021-07-18,San Diego,073,3302833,290008,286287,16436,302723,3786
2021-07-18,San Francisco,075,870044,39039,38367,1401,39768,560
2021-07-18,San Joaquin,077,732212,75747,74997,3814,78811,1431
2021-07-18,San Luis Obispo,079,281455,21871,21527,782,22309,259
2021-07-18,San Mateo,081,765935,43990,43506,536,44042,542
2021-07-18,Santa Barbara,083,443738,35204,34880,1170,36050,461
2021-07-18,Santa Clara,085,1922200,121743,120438,827,121265,2098
2021-07-18,Santa Cruz,087,273765,16524,16372,823,17195,207
2021-07-18,Shasta,089,179085,12807,12714,1703,14417,209
2021-07-18,Sierra,091,2930,66,64,12,76,0
2021-07-18,Siskiyou,093,43540,2029,1927,420,2347,31
2021-07-18,Solano,095,438530,34628,34215,659,34874,261
2021-07-18,Sonoma,097,501317,32024,31675,379,32054,325
2021-07-18,Stanislaus,099,539301,57980,57600,6209,63809,1028
2021-07-18,Sutter,101,95872,9881,9826,96,9922,114
2021-07-18,Tehama,103,63373,5212,5150,604,5754,65
2021-07-18,Trinity,105,12862,503,344,108,452,3
2021-07-18,Tulare,107,460477,50806,49985,9389,59374,855
2021-07-18,Tuolumne,109,53932,4165,4149,44,4193,64
2021-07-18,Ventura,111,848112,83072,82361,3318,85679,1041
2021-07-18,Yolo,113,214977,14609,14425,426,14851,213
2021-07-18,Yuba,115,75493,6455,6357,135,6492,52
2021-07-17,Alameda,001,1643700,93220,91346,2131,93477,1255
2021-07-17,Alpine,003,1148,88,89,0,89,0
2021-07-17,Amador,005,37829,3825,3785,34,3819,48
2021-07-17,Butte,007,227075,13077,12824,1936,14760,202
2021-07-17,Calaveras,009,45235,2266,2237,16,2253,57
2021-07-17,Colusa,011,21464,1999,1976,339,2315,16
2021-07-17,Contra Costa,013,1133247,73835,72254,1412,73666,824
2021-07-17,Del Norte,015,27424,1521,1475,14,1489,8
2021-07-17,El Dorado,017,186661,10840,10622,805,11427,114
2021-07-17,Fresno,019,978130,104619,103055,9019,112074,1730
2021-07-17,Glenn,021,27897,2471,2451,580,3031,20
2021-07-17,Humboldt,023,135768,4775,4654,59,4713,52
2021-07-17,Imperial,025,180216,29074,28840,2784,31624,742
2021-07-17,Inyo,027,18085,1424,1416,12,1428,36
2021-07-17,Kern,029,883053,98874,97796,11524,109320,1348
2021-07-17,Kings,031,150075,23564,23163,1137,24300,246
2021-07-17,Lake,033,64148,3955,3760,14,3774,64
2021-07-17,Lassen,035,31185,5325,5302,120,5422,21
2021-07-17,Los Angeles,037,10098052,1234839,1219733,44057,1263790,24582
2021-07-17,Madera,039,155013,17043,16804,981,17785,240
2021-07-17,Marin,041,260295,14567,14297,277,14574,234
2021-07-17,Mariposa,043,17540,449,445,11,456,5
2021-07-17,Mendocino,045,87422,4345,4209,90,4299,49
2021-07-17,Merced,047,269075,31613,31451,1089,32540,471
2021-07-17,Modoc,049,8938,423,412,149,561,5
2021-07-17,Mono,051,14174,1275,1277,18,1295,3
2021-07-17,Monterey,053,433212,43672,43367,1932,45299,515
2021-07-17,Napa,055,140530,10262,10129,44,10173,81
2021-07-17,Nevada,057,99092,5215,5066,198,5264,72
2021-07-17,Orange,059,3164182,260962,257805,11979,269784,5136
2021-07-17,Placer,061,380077,24625,24169,1706,25875,303
2021-07-17,Plumas,063,18699,743,721,14,735,4
2021-07-17,Riverside,065,2383286,299796,294751,14481,309232,4542
2021-07-17,Sacramento,067,1510023,112321,110432,2040,112472,1694
2021-07-17,San Benito,069,59416,6198,6181,116,6297,63
2021-07-17,San Bernardino,071,2135413,298713,296048,9288,305336,5218
2021-07-17,San Diego,073,3302833,289600,285698,16369,302067,3786
2021-07-17,San Francisco,075,870044,38917,37978,1397,39375,560
2021-07-17,San Joaquin,077,732212,75660,74695,3808,78503,1430
2021-07-17,San Luis Obispo,079,281455,21844,21462,782,22244,258
2021-07-17,San Mateo,081,765935,43919,43324,535,43859,542
2021-07-17,Santa Barbara,083,443738,35163,34769,1167,35936,461
2021-07-17,Santa Clara,085,1922200,121571,119980,824,120804,2097
2021-07-17,Santa Cruz,087,273765,16517,16337,823,17160,207
2021-07-17,Shasta,089,179085,12792,12683,1698,14381,210
2021-07-17,Sierra,091,2930,66,62,12,74,0
2021-07-17,Siskiyou,093,43540,2024,1922,417,2339,29
2021-07-17,Solano,095,438530,34563,34015,651,34666,263
2021-07-17,Sonoma,097,501317,31956,31536,378,31914,322
2021-07-17,Stanislaus,099,539301,57903,57400,6195,63595,1028
2021-07-17,Sutter,101,95872,9871,9778,96,9874,114
2021-07-17,Tehama,103,63373,5209,5145,604,5749,64
2021-07-17,Trinity,105,12862,502,341,108,449,3
2021-07-17,Tulare,107,460477,50785,49937,9377,59314,854
2021-07-17,Tuolumne,109,53932,4155,4131,44,4175,64
2021-07-17,Ventura,111,848112,83003,82125,3307,85432,1041
2021-07-17,Yolo,113,214977,14577,14356,419,14775,213
2021-07-17,Yuba,115,75493,6444,6309,135,6444,52
2021-07-16,Alameda,001,1643700,92980,91346,2119,93465,1255
2021-07-16,Alpine,003,1148,88,89,0,89,0
2021-07-16,Amador,005,37829,3822,3785,34,3819,48
2021-07-16,Butte,007,227075,13052,12824,1933,14757,202
2021-07-16,Calaveras,009,45235,2265,2237,16,2253,57
2021-07-16,Colusa,011,21464,1997,1976,338,2314,16
2021-07-16,Contra Costa,013,1133247,73647,72254,1408,73662,824
2021-07-16,Del Norte,015,27424,1519,1475,14,1489,8
2021-07-16,El Dorado,017,186661,10821,10622,804,11426,114
2021-07-16,Fresno,019,978130,104567,103055,8999,112054,1730
2021-07-16,Glenn,021,27897,2471,2451,580,3031,20
2021-07-16,Humboldt,023,135768,4753,4654,59,4713,52
2021-07-16,Imperial,025,180216,29062,28840,2784,31624,742
2021-07-16,Inyo,027,18085,1422,1416,12,1428,36
2021-07-16,Kern,029,883053,98812,97796,11484,109280,1348
2021-07-16,Kings,031,150075,23539,23163,1135,24298,246
2021-07-16,Lake,033,64148,3928,3760,14,3774,64
2021-07-16,Lassen,035,31185,5324,5302,120,5422,21
2021-07-16,Los Angeles,037,10098052,1233340,1219733,43910,1263643,24582
2021-07-16,Madera,039,155013,17025,16804,981,17785,240
2021-07-16,Marin,041,260295,14543,14297,274,14571,234
2021-07-16,Mariposa,043,17540,449,445,11,456,5
2021-07-16,Mendocino,045,87422,4336,4209,89,4298,49
2021-07-16,Merced,047,269075,31591,31451,1087,32538,471
2021-07-16,Modoc,049,8938,423,412,149,561,5
2021-07-16,Mono,051,14174,1274,1277,18,1295,3
2021-07-16,Monterey,053,433212,43650,43367,1931,45298,515
2021-07-16,Napa,055,140530,10238,10129,43,10172,81
2021-07-16,Nevada,057,99092,5205,5066,198,5264,72
2021-07-16,Orange,059,3164182,260690,257805,11939,269744,5136
2021-07-16,Placer,061,380077,24572,24169,1701,25870,303
2021-07-16,Plumas,063,18699,742,721,14,735,4
2021-07-16,Riverside,065,2383286,299520,294751,14455,309206,4542
2021-07-16,Sacramento,067,1510023,112104,110432,2027,112459,1694
2021-07-16,San Benito,069,59416,6196,6181,116,6297,63
2021-07-16,San Bernardino,071,2135413,298435,296048,9271,305319,5218
2021-07-16,San Diego,073,3302833,289157,285698,16322,302020,3786
2021-07-16,San Francisco,075,870044,38800,37978,1392,39370,560
2021-07-16,San Joaquin,077,732212,75565,74695,3805,78500,1430
2021-07-16,San Luis Obispo,079,281455,21827,21462,782,22244,258
2021-07-16,San Mateo,081,765935,43866,43324,534,43858,542
2021-07-16,Santa Barbara,083,443738,35125,34769,1167,35936,461
2021-07-16,Santa Clara,085,1922200,121424,119980,816,120796,2097
2021-07-16,Santa Cruz,087,273765,16504,16337,823,17160,207
2021-07-16,Shasta,089,179085,12782,12683,1697,14380,210
2021-07-16,Sierra,091,2930,66,62,12,74,0
2021-07-16,Siskiyou,093,43540,2022,1922,415,2337,29
2021-07-16,Solano,095,438530,34496,34015,643,34658,263
2021-07-16,Sonoma,097,501317,31904,31536,375,31911,322
2021-07-16,Stanislaus,099,539301,57853,57400,6185,63585,1028
2021-07-16,Sutter,101,95872,9859,9778,96,9874,114
2021-07-16,Tehama,103,63373,5207,5145,604,5749,64
2021-07-16,Trinity,105,12862,502,341,107,448,3
2021-07-16,Tulare,107,460477,50761,49937,9367,59304,854
2021-07-16,Tuolumne,109,53932,4149,4131,44,4175,64
2021-07-16,Ventura,111,848112,82938,82125,3300,85425,1041
2021-07-16,Yolo,113,214977,14551,14356,415,14771,213
2021-07-16,Yuba,115,75493,6422,6309,134,6443,52
2021-07-15,Alameda,001,1643700,92684,91346,2109,93455,1255
2021-07-15,Alpine,003,1148,88,89,0,89,0
2021-07-15,Amador,005,37829,3819,3785,34,3819,48
2021-07-15,Butte,007,227075,13026,12824,1931,14755,202
2021-07-15,Calaveras,009,45235,2262,2237,16,2253,57
2021-07-15,Colusa,011,21464,1996,1976,337,2313,16
2021-07-15,Contra Costa,013,1133247,73434,72254,1401,73655,824
2021-07-15,Del Norte,015,27424,1516,1475,14,1489,8
2021-07-15,El Dorado,017,186661,10794,10622,802,11424,114
2021-07-15,Fresno,019,978130,104470,103055,8979,112034,1730
2021-07-15,Glenn,021,27897,2471,2451,580,3031,20
2021-07-15,Humboldt,023,135768,4735,4654,58,4712,52
2021-07-15,Imperial,025,180216,29039,28840,2784,31624,742
2021-07-15,Inyo,027,18085,1422,1416,12,1428,36
2021-07-15,Kern,029,883053,98742,97796,11456,109252,1348
2021-07-15,Kings,031,150075,23501,23163,1132,24295,246
2021-07-15,Lake,033,64148,3889,3760,14,3774,64
2021-07-15,Lassen,035,31185,5323,5302,120,5422,21
2021-07-15,Los Angeles,037,10098052,1231364,1219733,43748,1263481,24582
2021-07-15,Madera,039,155013,17003,16804,977,17781,240
2021-07-15,Marin,041,260295,14518,14297,274,14571,234
2021-07-15,Mariposa,043,17540,449,445,11,456,5
2021-07-15,Mendocino,045,87422,4328,4209,88,4297,49
2021-07-15,Merced,047,269075,31561,31451,1087,32538,471
2021-07-15,Modoc,049,8938,423,412,149,561,5
2021-07-15,Mono,051,14174,1274,1277,18,1295,3
2021-07-15,Monterey,053,433212,43621,43367,1928,45295,515
2021-07-15,Napa,055,140530,10213,10129,42,10171,81
2021-07-15,Nevada,057,99092,5188,5066,197,5263,72
2021-07-15,Orange,059,3164182,260339,257805,11908,269713,5136
2021-07-15,Placer,061,380077,24512,24169,1684,25853,303
2021-07-15,Plumas,063,18699,741,721,14,735,4
2021-07-15,Riverside,065,2383286,299198,294751,14440,309191,4542
2021-07-15,Sacramento,067,1510023,111800,110432,2010,112442,1694
2021-07-15,San Benito,069,59416,6194,6181,116,6297,63
2021-07-15,San Bernardino,071,2135413,298130,296048,9256,305304,5218
2021-07-15,San Diego,073,3302833,288519,285698,16244,301942,3786
2021-07-15,San Francisco,075,870044,38648,37978,1384,39362,560
2021-07-15,San Joaquin,077,732212,75448,74695,3800,78495,1430
2021-07-15,San Luis Obispo,079,281455,21795,21462,782,22244,258
2021-07-15,San Mateo,081,765935,43762,43324,529,43853,542
2021-07-15,Santa Barbara,083,443738,35069,34769,1166,35935,461
2021-07-15,Santa Clara,085,1922200,121302,119980,813,120793,2097
2021-07-15,Santa Cruz,087,273765,16491,16337,823,17160,207
2021-07-15,Shasta,089,179085,12774,12683,1693,14376,210
2021-07-15,Sierra,091,2930,66,62,12,74,0
2021-07-15,Siskiyou,093,43540,2021,1922,415,2337,29
2021-07-15,Solano,095,438530,34421,34015,637,34652,263
2021-07-15,Sonoma,097,501317,31843,31536,375,31911,322
2021-07-15,Stanislaus,099,539301,57785,57400,6172,63572,1028
2021-07-15,Sutter,101,95872,9839,9778,95,9873,114
2021-07-15,Tehama,103,63373,5201,5145,603,5748,64
2021-07-15,Trinity,105,12862,502,341,107,448,3
2021-07-15,Tulare,107,460477,50741,49937,9350,59287,854
2021-07-15,Tuolumne,109,53932,4137,4131,44,4175,64
2021-07-15,Ventura,111,848112,82861,82125,3295,85420,1041
2021-07-15,Yolo,113,214977,14524,14356,414,14770,213
2021-07-15,Yuba,115,75493,6407,6309,133,6442,52
2021-07-14,Alameda,001,1643700,92422,91092,2091,93183,1255
2021-07-14,Alpine,003,1148,88,89,0,89,0
2021-07-14,Amador,005,37829,3811,3784,34,3818,48
2021-07-14,Butte,007,227075,12999,12813,1924,14737,202
2021-07-14,Calaveras,009,45235,2255,2234,16,2250,57
2021-07-14,Colusa,011,21464,1993,1974,337,2311,16
2021-07-14,Contra Costa,013,1133247,73208,72091,1389,73480,823
2021-07-14,Del Norte,015,27424,1515,1472,14,1486,8
2021-07-14,El Dorado,017,186661,10768,10598,799,11397,114
2021-07-14,Fresno,019,978130,104390,102966,8968,111934,1728
2021-07-14,Glenn,021,27897,2471,2449,580,3029,20
2021-07-14,Humboldt,023,135768,4712,4644,56,4700,52
2021-07-14,Imperial,025,180216,29010,28822,2784,31606,742
2021-07-14,Inyo,027,18085,1421,1415,12,1427,36
2021-07-14,Kern,029,883053,98678,97736,11431,109167,1346
2021-07-14,Kings,031,150075,23488,23142,1132,24274,246
2021-07-14,Lake,033,64148,3856,3739,14,3753,63
2021-07-14,Lassen,035,31185,5322,5298,120,5418,21
2021-07-14,Los Angeles,037,10098052,1229354,1218265,43604,1261869,24578
2021-07-14,Madera,039,155013,16991,16786,975,17761,240
2021-07-14,Marin,041,260295,14484,14269,272,14541,233
2021-07-14,Mariposa,043,17540,447,445,11,456,5
2021-07-14,Mendocino,045,87422,4315,4193,88,4281,49
2021-07-14,Merced,047,269075,31524,31412,1083,32495,471
2021-07-14,Modoc,049,8938,423,412,149,561,4
2021-07-14,Mono,051,14174,1274,1278,18,1296,3
2021-07-14,Monterey,053,433212,43597,43347,1926,45273,504
2021-07-14,Napa,055,140530,10191,10121,42,10163,81
2021-07-14,Nevada,057,99092,5168,5058,197,5255,72
2021-07-14,Orange,059,3164182,260022,257558,11878,269436,5137
2021-07-14,Placer,061,380077,24459,24125,1672,25797,303
2021-07-14,Plumas,063,18699,734,719,14,733,4
2021-07-14,Riverside,065,2383286,298873,294511,14424,308935,4542
2021-07-14,Sacramento,067,1510023,111472,110193,1986,112179,1688
2021-07-14,San Benito,069,59416,6191,6177,116,6293,63
2021-07-14,San Bernardino,071,2135413,297830,295820,9241,305061,5193
2021-07-14,San Diego,073,3302833,287947,285269,16164,301433,3786
2021-07-14,San Francisco,075,870044,38509,37836,1378,39214,559
2021-07-14,San Joaquin,077,732212,75356,74599,3791,78390,1416
2021-07-14,San Luis Obispo,079,281455,21773,21444,780,22224,258
2021-07-14,San Mateo,081,765935,43663,43249,525,43774,542
2021-07-14,Santa Barbara,083,443738,35027,34719,1164,35883,461
2021-07-14,Santa Clara,085,1922200,121152,119844,810,120654,2098
2021-07-14,Santa Cruz,087,273765,16479,16326,823,17149,207
2021-07-14,Shasta,089,179085,12754,12669,1690,14359,209
2021-07-14,Sierra,091,2930,66,62,12,74,0
2021-07-14,Siskiyou,093,43540,2014,1922,412,2334,29
2021-07-14,Solano,095,438530,34348,33948,637,34585,268
2021-07-14,Sonoma,097,501317,31791,31470,375,31845,322
2021-07-14,Stanislaus,099,539301,57710,57340,6160,63500,1028
2021-07-14,Sutter,101,95872,9817,9766,95,9861,114
2021-07-14,Tehama,103,63373,5199,5142,603,5745,64
2021-07-14,Trinity,105,12862,502,341,107,448,3
2021-07-14,Tulare,107,460477,50724,49908,9336,59244,853
2021-07-14,Tuolumne,109,53932,4134,4128,43,4171,64
2021-07-14,Ventura,111,848112,82767,82041,3284,85325,1040
2021-07-14,Yolo,113,214977,14491,14332,411,14743,213
2021-07-14,Yuba,115,75493,6389,6294,133,6427,52
2021-07-13,Alameda,001,1643700,92157,90874,2081,92955,1255
2021-07-13,Alpine,003,1148,88,89,0,89,0
2021-07-13,Amador,005,37829,3804,3783,34,3817,48
2021-07-13,Butte,007,227075,12985,12802,1923,14725,202
2021-07-13,Calaveras,009,45235,2251,2230,16,2246,57
2021-07-13,Colusa,011,21464,1991,1972,333,2305,16
2021-07-13,Contra Costa,013,1133247,72982,71963,1380,73343,823
2021-07-13,Del Norte,015,27424,1511,1471,14,1485,8
2021-07-13,El Dorado,017,186661,10750,10581,796,11377,114
2021-07-13,Fresno,019,978130,104314,102909,8958,111867,1727
2021-07-13,Glenn,021,27897,2469,2448,580,3028,20
2021-07-13,Humboldt,023,135768,4697,4634,56,4690,51
2021-07-13,Imperial,025,180216,28999,28792,2784,31576,741
2021-07-13,Inyo,027,18085,1420,1415,12,1427,36
2021-07-13,Kern,029,883053,98589,97698,11392,109090,1346
2021-07-13,Kings,031,150075,23470,23132,1132,24264,246
2021-07-13,Lake,033,64148,3829,3719,13,3732,63
2021-07-13,Lassen,035,31185,5320,5292,120,5412,21
2021-07-13,Los Angeles,037,10098052,1227506,1217184,43434,1260618,24569
2021-07-13,Madera,039,155013,16981,16773,971,17744,240
2021-07-13,Marin,041,260295,14455,14254,271,14525,233
2021-07-13,Mariposa,043,17540,446,443,11,454,5
2021-07-13,Mendocino,045,87422,4308,4185,88,4273,49
2021-07-13,Merced,047,269075,31503,31379,1080,32459,471
2021-07-13,Modoc,049,8938,423,411,149,560,4
2021-07-13,Mono,051,14174,1273,1277,18,1295,3
2021-07-13,Monterey,053,433212,43579,43333,1922,45255,504
2021-07-13,Napa,055,140530,10170,10118,42,10160,81
2021-07-13,Nevada,057,99092,5143,5053,197,5250,72
2021-07-13,Orange,059,3164182,259692,257339,11849,269188,5136
2021-07-13,Placer,061,380077,24413,24091,1659,25750,303
2021-07-13,Plumas,063,18699,733,716,14,730,4
2021-07-13,Riverside,065,2383286,298550,294302,14397,308699,4541
2021-07-13,Sacramento,067,1510023,111162,109990,1963,111953,1687
2021-07-13,San Benito,069,59416,6189,6173,116,6289,63
2021-07-13,San Bernardino,071,2135413,297554,295596,9219,304815,5183
2021-07-13,San Diego,073,3302833,287398,284997,16086,301083,3785
2021-07-13,San Francisco,075,870044,38365,37725,1372,39097,559
2021-07-13,San Joaquin,077,732212,75240,74500,3788,78288,1417
2021-07-13,San Luis Obispo,079,281455,21747,21423,777,22200,258
2021-07-13,San Mateo,081,765935,43594,43180,524,43704,542
2021-07-13,Santa Barbara,083,443738,34978,34679,1161,35840,461
2021-07-13,Santa Clara,085,1922200,120999,119727,806,120533,2098
2021-07-13,Santa Cruz,087,273765,16470,16315,821,17136,207
2021-07-13,Shasta,089,179085,12741,12659,1683,14342,209
2021-07-13,Sierra,091,2930,66,62,12,74,0
2021-07-13,Siskiyou,093,43540,2013,1916,410,2326,29
2021-07-13,Solano,095,438530,34283,33918,631,34549,268
2021-07-13,Sonoma,097,501317,31732,31431,375,31806,322
2021-07-13,Stanislaus,099,539301,57640,57282,6145,63427,1028
2021-07-13,Sutter,101,95872,9799,9752,94,9846,114
2021-07-13,Tehama,103,63373,5192,5144,603,5747,64
2021-07-13,Trinity,105,12862,502,341,106,447,3
2021-07-13,Tulare,107,460477,50699,49891,9320,59211,853
2021-07-13,Tuolumne,109,53932,4126,4122,42,4164,64
2021-07-13,Ventura,111,848112,82682,81982,3259,85241,1040
2021-07-13,Yolo,113,214977,14463,14320,404,14724,213
2021-07-13,Yuba,115,75493,6372,6279,133,6412,52
2021-07-12,Alameda,001,1643700,91897,90720,2074,92794,1254
2021-07-12,Alpine,003,1148,88,89,0,89,0
2021-07-12,Amador,005,37829,3797,3781,34,3815,47
2021-07-12,Butte,007,227075,12965,12796,1921,14717,202
2021-07-12,Calaveras,009,45235,2249,2228,16,2244,57
2021-07-12,Colusa,011,21464,1987,1971,332,2303,16
2021-07-12,Contra Costa,013,1133247,72781,71833,1375,73208,823
2021-07-12,Del Norte,015,27424,1508,1469,14,1483,8
2021-07-12,El Dorado,017,186661,10722,10569,794,11363,114
2021-07-12,Fresno,019,978130,104220,102853,8945,111798,1728
2021-07-12,Glenn,021,27897,2469,2446,580,3026,20
2021-07-12,Humboldt,023,135768,4681,4621,56,4677,51
2021-07-12,Imperial,025,180216,28969,28789,2784,31573,741
2021-07-12,Inyo,027,18085,1420,1415,12,1427,36
2021-07-12,Kern,029,883053,98520,97660,11367,109027,1346
2021-07-12,Kings,031,150075,23450,23124,1130,24254,246
2021-07-12,Lake,033,64148,3808,3706,13,3719,63
2021-07-12,Lassen,035,31185,5319,5292,120,5412,21
2021-07-12,Los Angeles,037,10098052,1225718,1216230,43296,1259526,24559
2021-07-12,Madera,039,155013,16970,16772,971,17743,240
2021-07-12,Marin,041,260295,14430,14238,270,14508,233
2021-07-12,Mariposa,043,17540,446,442,11,453,5
2021-07-12,Mendocino,045,87422,4297,4175,88,4263,49
2021-07-12,Merced,047,269075,31472,31374,1079,32453,471
2021-07-12,Modoc,049,8938,422,411,149,560,4
2021-07-12,Mono,051,14174,1271,1275,18,1293,3
2021-07-12,Monterey,053,433212,43558,43315,1918,45233,504
2021-07-12,Napa,055,140530,10152,10104,41,10145,81
2021-07-12,Nevada,057,99092,5120,5046,197,5243,72
2021-07-12,Orange,059,3164182,259339,257171,11824,268995,5136
2021-07-12,Placer,061,380077,24362,24052,1653,25705,302
2021-07-12,Plumas,063,18699,733,716,14,730,4
2021-07-12,Riverside,065,2383286,298242,294108,14367,308475,4541
2021-07-12,Sacramento,067,1510023,110947,109849,1937,111786,1685
2021-07-12,San Benito,069,59416,6186,6166,116,6282,63
2021-07-12,San Bernardino,071,2135413,297283,295447,9205,304652,5171
2021-07-12,San Diego,073,3302833,286929,284648,16010,300658,3785
2021-07-12,San Francisco,075,870044,38218,37656,1369,39025,559
2021-07-12,San Joaquin,077,732212,75146,74424,3778,78202,1415
2021-07-12,San Luis Obispo,079,281455,21728,21408,776,22184,258
2021-07-12,San Mateo,081,765935,43501,43138,517,43655,542
2021-07-12,Santa Barbara,083,443738,34935,34664,1159,35823,461
2021-07-12,Santa Clara,085,1922200,120834,119634,803,120437,2098
2021-07-12,Santa Cruz,087,273765,16445,16310,820,17130,207
2021-07-12,Shasta,089,179085,12734,12648,1680,14328,208
2021-07-12,Sierra,091,2930,66,62,12,74,0
2021-07-12,Siskiyou,093,43540,2008,1916,405,2321,29
2021-07-12,Solano,095,438530,34193,33859,622,34481,268
2021-07-12,Sonoma,097,501317,31684,31377,374,31751,322
2021-07-12,Stanislaus,099,539301,57571,57243,6138,63381,1028
2021-07-12,Sutter,101,95872,9782,9736,93,9829,114
2021-07-12,Tehama,103,63373,5187,5138,602,5740,63
2021-07-12,Trinity,105,12862,498,340,104,444,3
2021-07-12,Tulare,107,460477,50671,49882,9307,59189,853
2021-07-12,Tuolumne,109,53932,4122,4116,42,4158,64
2021-07-12,Ventura,111,848112,82581,81919,3238,85157,1040
2021-07-12,Yolo,113,214977,14435,14303,400,14703,213
2021-07-12,Yuba,115,75493,6357,6266,133,6399,52
2021-07-11,Alameda,001,1643700,91567,90597,2061,92658,1254
2021-07-11,Alpine,003,1148,88,89,0,89,0
2021-07-11,Amador,005,37829,3795,3779,34,3813,47
2021-07-11,Butte,007,227075,12943,12794,1915,14709,202
2021-07-11,Calaveras,009,45235,2247,2226,15,2241,57
2021-07-11,Colusa,011,21464,1986,1971,331,2302,16
2021-07-11,Contra Costa,013,1133247,72571,71744,1368,73112,823
2021-07-11,Del Norte,015,27424,1504,1467,13,1480,8
2021-07-11,El Dorado,017,186661,10693,10554,792,11346,114
2021-07-11,Fresno,019,978130,104125,102813,8925,111738,1728
2021-07-11,Glenn,021,27897,2468,2446,580,3026,20
2021-07-11,Humboldt,023,135768,4668,4611,55,4666,51
2021-07-11,Imperial,025,180216,28951,28787,2783,31570,741
2021-07-11,Inyo,027,18085,1418,1415,12,1427,36
2021-07-11,Kern,029,883053,98447,97637,11351,108988,1346
2021-07-11,Kings,031,150075,23419,23116,1127,24243,246
2021-07-11,Lake,033,64148,3777,3699,13,3712,63
2021-07-11,Lassen,035,31185,5316,5291,120,5411,21
2021-07-11,Los Angeles,037,10098052,1223969,1215182,43138,1258320,24558
2021-07-11,Madera,039,155013,16951,16766,970,17736,240
2021-07-11,Marin,041,260295,14404,14231,270,14501,233
2021-07-11,Mariposa,043,17540,445,442,11,453,5
2021-07-11,Mendocino,045,87422,4277,4167,88,4255,49
2021-07-11,Merced,047,269075,31448,31366,1074,32440,471
2021-07-11,Modoc,049,8938,421,411,149,560,4
2021-07-11,Mono,051,14174,1271,1275,18,1293,3
2021-07-11,Monterey,053,433212,43539,43307,1914,45221,504
2021-07-11,Napa,055,140530,10148,10100,41,10141,81
2021-07-11,Nevada,057,99092,5109,5035,196,5231,72
2021-07-11,Orange,059,3164182,259026,257009,11795,268804,5136
2021-07-11,Placer,061,380077,24305,24017,1641,25658,302
2021-07-11,Plumas,063,18699,733,716,14,730,4
2021-07-11,Riverside,065,2383286,297978,293969,14349,308318,4541
2021-07-11,Sacramento,067,1510023,110668,109696,1927,111623,1685
2021-07-11,San Benito,069,59416,6181,6163,116,6279,63
2021-07-11,San Bernardino,071,2135413,296978,295342,9180,304522,5167
2021-07-11,San Diego,073,3302833,286515,283819,15924,299743,3784
2021-07-11,San Francisco,075,870044,38089,37596,1363,38959,559
2021-07-11,San Joaquin,077,732212,75029,74376,3761,78137,1415
2021-07-11,San Luis Obispo,079,281455,21695,21403,775,22178,258
2021-07-11,San Mateo,081,765935,43422,43107,510,43617,542
2021-07-11,Santa Barbara,083,443738,34888,34646,1159,35805,461
2021-07-11,Santa Clara,085,1922200,120680,119549,802,120351,2098
2021-07-11,Santa Cruz,087,273765,16429,16303,820,17123,207
2021-07-11,Shasta,089,179085,12717,12647,1678,14325,208
2021-07-11,Sierra,091,2930,66,62,12,74,0
2021-07-11,Siskiyou,093,43540,2004,1915,403,2318,29
2021-07-11,Solano,095,438530,34111,33837,618,34455,268
2021-07-11,Sonoma,097,501317,31602,31352,374,31726,322
2021-07-11,Stanislaus,099,539301,57506,57230,6127,63357,1028
2021-07-11,Sutter,101,95872,9768,9728,93,9821,114
2021-07-11,Tehama,103,63373,5184,5138,602,5740,63
2021-07-11,Trinity,105,12862,497,340,104,444,3
2021-07-11,Tulare,107,460477,50646,49877,9288,59165,853
2021-07-11,Tuolumne,109,53932,4116,4116,42,4158,64
2021-07-11,Ventura,111,848112,82508,81875,3218,85093,1040
2021-07-11,Yolo,113,214977,14409,14285,394,14679,213
2021-07-11,Yuba,115,75493,6346,6260,133,6393,52
2021-07-10,Alameda,001,1643700,91416,90090,2057,92147,1252
2021-07-10,Alpine,003,1148,88,89,0,89,0
2021-07-10,Amador,005,37829,3789,3773,34,3807,47
2021-07-10,Butte,007,227075,12932,12764,1912,14676,202
2021-07-10,Calaveras,009,45235,2246,2214,15,2229,57
2021-07-10,Colusa,011,21464,1984,1969,331,2300,16
2021-07-10,Contra Costa,013,1133247,72471,71376,1367,72743,821
2021-07-10,Del Norte,015,27424,1502,1451,13,1464,8
2021-07-10,El Dorado,017,186661,10677,10508,788,11296,114
2021-07-10,Fresno,019,978130,104092,102675,8918,111593,1730
2021-07-10,Glenn,021,27897,2465,2440,579,3019,20
2021-07-10,Humboldt,023,135768,4659,4574,55,4629,51
2021-07-10,Imperial,025,180216,28938,28729,2783,31512,741
2021-07-10,Inyo,027,18085,1417,1415,12,1427,36
2021-07-10,Kern,029,883053,98407,97538,11334,108872,1346
2021-07-10,Kings,031,150075,23412,23090,1126,24216,246
2021-07-10,Lake,033,64148,3760,3667,13,3680,63
2021-07-10,Lassen,035,31185,5316,5290,120,5410,21
2021-07-10,Los Angeles,037,10098052,1222947,1212043,43035,1255078,24542
2021-07-10,Madera,039,155013,16945,16744,967,17711,241
2021-07-10,Marin,041,260295,14390,14194,270,14464,233
2021-07-10,Mariposa,043,17540,445,442,11,453,5
2021-07-10,Mendocino,045,87422,4270,4153,87,4240,49
2021-07-10,Merced,047,269075,31435,31328,1074,32402,470
2021-07-10,Modoc,049,8938,421,410,149,559,4
2021-07-10,Mono,051,14174,1271,1275,18,1293,3
2021-07-10,Monterey,053,433212,43525,43251,1912,45163,499
2021-07-10,Napa,055,140530,10136,10077,41,10118,81
2021-07-10,Nevada,057,99092,5100,5000,196,5196,72
2021-07-10,Orange,059,3164182,258848,256438,11779,268217,5135
2021-07-10,Placer,061,380077,24276,23916,1631,25547,302
2021-07-10,Plumas,063,18699,732,717,14,731,4
2021-07-10,Riverside,065,2383286,297788,293474,14335,307809,4541
2021-07-10,Sacramento,067,1510023,110519,109091,1922,111013,1682
2021-07-10,San Benito,069,59416,6176,6141,116,6257,63
2021-07-10,San Bernardino,071,2135413,296790,294932,9168,304100,5117
2021-07-10,San Diego,073,3302833,286226,283577,15871,299448,3783
2021-07-10,San Francisco,075,870044,38006,37338,1360,38698,559
2021-07-10,San Joaquin,077,732212,74972,74150,3755,77905,1412
2021-07-10,San Luis Obispo,079,281455,21684,21375,774,22149,258
2021-07-10,San Mateo,081,765935,43370,42948,508,43456,542
2021-07-10,Santa Barbara,083,443738,34861,34595,1159,35754,460
2021-07-10,Santa Clara,085,1922200,120577,119330,799,120129,2094
2021-07-10,Santa Cruz,087,273765,16422,16286,820,17106,207
2021-07-10,Shasta,089,179085,12704,12623,1673,14296,206
2021-07-10,Sierra,091,2930,66,61,12,73,0
2021-07-10,Siskiyou,093,43540,2002,1909,400,2309,29
2021-07-10,Solano,095,438530,34069,33678,612,34290,268
2021-07-10,Sonoma,097,501317,31551,31231,374,31605,317
2021-07-10,Stanislaus,099,539301,57470,57104,6117,63221,1026
2021-07-10,Sutter,101,95872,9756,9692,93,9785,114
2021-07-10,Tehama,103,63373,5181,5131,602,5733,63
2021-07-10,Trinity,105,12862,497,341,104,445,3
2021-07-10,Tulare,107,460477,50636,49850,9282,59132,853
2021-07-10,Tuolumne,109,53932,4114,4114,42,4156,64
2021-07-10,Ventura,111,848112,82463,81713,3200,84913,1039
2021-07-10,Yolo,113,214977,14388,14250,391,14641,213
2021-07-10,Yuba,115,75493,6336,6238,133,6371,52
2021-07-09,Alameda,001,1643700,91256,90090,2052,92142,1252
2021-07-09,Alpine,003,1148,88,89,0,89,0
2021-07-09,Amador,005,37829,3788,3773,34,3807,47
2021-07-09,Butte,007,227075,12921,12764,1910,14674,202
2021-07-09,Calaveras,009,45235,2244,2214,15,2229,57
2021-07-09,Colusa,011,21464,1983,1969,331,2300,16
2021-07-09,Contra Costa,013,1133247,72346,71376,1365,72741,821
2021-07-09,Del Norte,015,27424,1497,1451,13,1464,8
2021-07-09,El Dorado,017,186661,10662,10508,787,11295,114
2021-07-09,Fresno,019,978130,104036,102675,8911,111586,1730
2021-07-09,Glenn,021,27897,2464,2440,577,3017,20
2021-07-09,Humboldt,023,135768,4640,4574,55,4629,51
2021-07-09,Imperial,025,180216,28930,28729,2782,31511,741
2021-07-09,Inyo,027,18085,1416,1415,12,1427,36
2021-07-09,Kern,029,883053,98369,97538,11322,108860,1346
2021-07-09,Kings,031,150075,23401,23090,1125,24215,246
2021-07-09,Lake,033,64148,3746,3667,13,3680,63
2021-07-09,Lassen,035,31185,5314,5290,119,5409,21
2021-07-09,Los Angeles,037,10098052,1221943,1212043,42962,1255005,24542
2021-07-09,Madera,039,155013,16935,16744,966,17710,241
2021-07-09,Marin,041,260295,14369,14194,269,14463,233
2021-07-09,Mariposa,043,17540,445,442,11,453,5
2021-07-09,Mendocino,045,87422,4263,4153,87,4240,49
2021-07-09,Merced,047,269075,31420,31328,1074,32402,470
2021-07-09,Modoc,049,8938,421,410,149,559,4
2021-07-09,Mono,051,14174,1271,1275,18,1293,3
2021-07-09,Monterey,053,433212,43516,43251,1912,45163,499
2021-07-09,Napa,055,140530,10129,10077,41,10118,81
2021-07-09,Nevada,057,99092,5091,5000,196,5196,72
2021-07-09,Orange,059,3164182,258643,256438,11765,268203,5135
2021-07-09,Placer,061,380077,24254,23916,1625,25541,302
2021-07-09,Plumas,063,18699,730,717,14,731,4
2021-07-09,Riverside,065,2383286,297602,293474,14322,307796,4541
2021-07-09,Sacramento,067,1510023,110365,109091,1913,111004,1682
2021-07-09,San Benito,069,59416,6174,6141,116,6257,63
2021-07-09,San Bernardino,071,2135413,296638,294932,9161,304093,5117
2021-07-09,San Diego,073,3302833,285937,283577,15823,299400,3783
2021-07-09,San Francisco,075,870044,37926,37338,1353,38691,559
2021-07-09,San Joaquin,077,732212,74898,74150,3748,77898,1412
2021-07-09,San Luis Obispo,079,281455,21672,21375,774,22149,258
2021-07-09,San Mateo,081,765935,43326,42948,504,43452,542
2021-07-09,Santa Barbara,083,443738,34840,34595,1158,35753,460
2021-07-09,Santa Clara,085,1922200,120467,119330,799,120129,2094
2021-07-09,Santa Cruz,087,273765,16419,16286,820,17106,207
2021-07-09,Shasta,089,179085,12698,12623,1668,14291,206
2021-07-09,Sierra,091,2930,66,61,12,73,0
2021-07-09,Siskiyou,093,43540,2000,1909,399,2308,29
2021-07-09,Solano,095,438530,34033,33678,608,34286,268
2021-07-09,Sonoma,097,501317,31515,31231,374,31605,317
2021-07-09,Stanislaus,099,539301,57441,57104,6115,63219,1026
2021-07-09,Sutter,101,95872,9747,9692,93,9785,114
2021-07-09,Tehama,103,63373,5179,5131,602,5733,63
2021-07-09,Trinity,105,12862,496,341,101,442,3
2021-07-09,Tulare,107,460477,50623,49850,9276,59126,853
2021-07-09,Tuolumne,109,53932,4110,4114,42,4156,64
2021-07-09,Ventura,111,848112,82408,81713,3191,84904,1039
2021-07-09,Yolo,113,214977,14373,14250,387,14637,213
2021-07-09,Yuba,115,75493,6323,6238,133,6371,52
2021-07-08,Alameda,001,1643700,91049,90090,2049,92139,1252
2021-07-08,Alpine,003,1148,88,89,0,89,0
2021-07-08,Amador,005,37829,3786,3773,34,3807,47
2021-07-08,Butte,007,227075,12908,12764,1907,14671,202
2021-07-08,Calaveras,009,45235,2241,2214,14,2228,57
2021-07-08,Colusa,011,21464,1983,1969,331,2300,16
2021-07-08,Contra Costa,013,1133247,72218,71376,1360,72736,821
2021-07-08,Del Norte,015,27424,1495,1451,13,1464,8
2021-07-08,El Dorado,017,186661,10645,10508,782,11290,114
2021-07-08,Fresno,019,978130,103974,102675,8900,111575,1730
2021-07-08,Glenn,021,27897,2464,2440,577,3017,20
2021-07-08,Humboldt,023,135768,4624,4574,54,4628,51
2021-07-08,Imperial,025,180216,28918,28729,2781,31510,741
2021-07-08,Inyo,027,18085,1416,1415,12,1427,36
2021-07-08,Kern,029,883053,98321,97538,11307,108845,1346
2021-07-08,Kings,031,150075,23392,23090,1125,24215,246
2021-07-08,Lake,033,64148,3732,3667,13,3680,63
2021-07-08,Lassen,035,31185,5311,5290,119,5409,21
2021-07-08,Los Angeles,037,10098052,1220729,1212043,42866,1254909,24542
2021-07-08,Madera,039,155013,16919,16744,966,17710,241
2021-07-08,Marin,041,260295,14355,14194,269,14463,233
2021-07-08,Mariposa,043,17540,444,442,11,453,5
2021-07-08,Mendocino,045,87422,4260,4153,87,4240,49
2021-07-08,Merced,047,269075,31406,31328,1072,32400,470
2021-07-08,Modoc,049,8938,421,410,149,559,4
2021-07-08,Mono,051,14174,1271,1275,18,1293,3
2021-07-08,Monterey,053,433212,43496,43251,1906,45157,499
2021-07-08,Napa,055,140530,10125,10077,41,10118,81
2021-07-08,Nevada,057,99092,5085,5000,196,5196,72
2021-07-08,Orange,059,3164182,258448,256438,11743,268181,5135
2021-07-08,Placer,061,380077,24215,23916,1617,25533,302
2021-07-08,Plumas,063,18699,729,717,14,731,4
2021-07-08,Riverside,065,2383286,297401,293474,14306,307780,4541
2021-07-08,Sacramento,067,1510023,110143,109091,1906,110997,1682
2021-07-08,San Benito,069,59416,6171,6141,116,6257,63
2021-07-08,San Bernardino,071,2135413,296462,294932,9152,304084,5117
2021-07-08,San Diego,073,3302833,285610,283577,15775,299352,3783
2021-07-08,San Francisco,075,870044,37846,37338,1349,38687,559
2021-07-08,San Joaquin,077,732212,74810,74150,3735,77885,1412
2021-07-08,San Luis Obispo,079,281455,21660,21375,771,22146,258
2021-07-08,San Mateo,081,765935,43275,42948,503,43451,542
2021-07-08,Santa Barbara,083,443738,34813,34595,1156,35751,460
2021-07-08,Santa Clara,085,1922200,120374,119330,798,120128,2094
2021-07-08,Santa Cruz,087,273765,16413,16286,820,17106,207
2021-07-08,Shasta,089,179085,12692,12623,1664,14287,206
2021-07-08,Sierra,091,2930,66,61,12,73,0
2021-07-08,Siskiyou,093,43540,1995,1909,396,2305,29
2021-07-08,Solano,095,438530,33978,33678,602,34280,268
2021-07-08,Sonoma,097,501317,31484,31231,373,31604,317
2021-07-08,Stanislaus,099,539301,57415,57104,6111,63215,1026
2021-07-08,Sutter,101,95872,9733,9692,91,9783,114
2021-07-08,Tehama,103,63373,5176,5131,601,5732,63
2021-07-08,Trinity,105,12862,496,341,101,442,3
2021-07-08,Tulare,107,460477,50605,49850,9268,59118,853
2021-07-08,Tuolumne,109,53932,4108,4114,42,4156,64
2021-07-08,Ventura,111,848112,82344,81713,3175,84888,1039
2021-07-08,Yolo,113,214977,14354,14250,385,14635,213
2021-07-08,Yuba,115,75493,6315,6238,133,6371,52
2021-07-07,Alameda,001,1643700,90864,89995,2043,92038,1253
2021-07-07,Alpine,003,1148,88,89,0,89,0
2021-07-07,Amador,005,37829,3781,3770,34,3804,47
2021-07-07,Butte,007,227075,12895,12750,1902,14652,202
2021-07-07,Calaveras,009,45235,2234,2212,14,2226,57
2021-07-07,Colusa,011,21464,1979,1969,331,2300,16
2021-07-07,Contra Costa,013,1133247,72071,71308,1358,72666,821
2021-07-07,Del Norte,015,27424,1490,1446,13,1459,8
2021-07-07,El Dorado,017,186661,10625,10494,780,11274,114
2021-07-07,Fresno,019,978130,103924,102639,8893,111532,1729
2021-07-07,Glenn,021,27897,2464,2441,577,3018,20
2021-07-07,Humboldt,023,135768,4610,4566,54,4620,51
2021-07-07,Imperial,025,180216,28911,28701,2781,31482,740
2021-07-07,Inyo,027,18085,1415,1415,12,1427,36
2021-07-07,Kern,029,883053,98277,97507,11292,108799,1348
2021-07-07,Kings,031,150075,23379,23085,1122,24207,245
2021-07-07,Lake,033,64148,3713,3660,13,3673,63
2021-07-07,Lassen,035,31185,5311,5286,119,5405,21
2021-07-07,Los Angeles,037,10098052,1219549,1211316,42761,1254077,24531
2021-07-07,Madera,039,155013,16908,16733,964,17697,241
2021-07-07,Marin,041,260295,14336,14183,268,14451,233
2021-07-07,Mariposa,043,17540,442,442,11,453,5
2021-07-07,Mendocino,045,87422,4251,4145,87,4232,49
2021-07-07,Merced,047,269075,31391,31317,1072,32389,470
2021-07-07,Modoc,049,8938,421,410,149,559,4
2021-07-07,Mono,051,14174,1270,1274,18,1292,3
2021-07-07,Monterey,053,433212,43471,43233,1904,45137,494
2021-07-07,Napa,055,140530,10114,10078,41,10119,81
2021-07-07,Nevada,057,99092,5078,4996,196,5192,72
2021-07-07,Orange,059,3164182,258222,256301,11721,268022,5132
2021-07-07,Placer,061,380077,24179,23901,1607,25508,302
2021-07-07,Plumas,063,18699,729,710,14,724,4
2021-07-07,Riverside,065,2383286,297186,293331,14296,307627,4538
2021-07-07,Sacramento,067,1510023,109952,108954,1898,110852,1682
2021-07-07,San Benito,069,59416,6166,6137,116,6253,63
2021-07-07,San Bernardino,071,2135413,296294,294787,9145,303932,5087
2021-07-07,San Diego,073,3302833,285290,283377,15735,299112,3782
2021-07-07,San Francisco,075,870044,37754,37284,1346,38630,558
2021-07-07,San Joaquin,077,732212,74734,74095,3719,77814,1410
2021-07-07,San Luis Obispo,079,281455,21651,21360,769,22129,258
2021-07-07,San Mateo,081,765935,43220,42908,500,43408,542
2021-07-07,Santa Barbara,083,443738,34787,34582,1156,35738,460
2021-07-07,Santa Clara,085,1922200,120276,119250,797,120047,2094
2021-07-07,Santa Cruz,087,273765,16404,16279,819,17098,207
2021-07-07,Shasta,089,179085,12684,12613,1661,14274,206
2021-07-07,Sierra,091,2930,66,60,12,72,0
2021-07-07,Siskiyou,093,43540,1989,1908,392,2300,29
2021-07-07,Solano,095,438530,33929,33659,595,34254,268
2021-07-07,Sonoma,097,501317,31438,31172,373,31545,316
2021-07-07,Stanislaus,099,539301,57383,57102,6106,63208,1028
2021-07-07,Sutter,101,95872,9723,9683,91,9774,114
2021-07-07,Tehama,103,63373,5175,5129,601,5730,63
2021-07-07,Trinity,105,12862,496,341,101,442,3
2021-07-07,Tulare,107,460477,50601,49835,9259,59094,853
2021-07-07,Tuolumne,109,53932,4104,4115,41,4156,64
2021-07-07,Ventura,111,848112,82300,81608,3161,84769,1036
2021-07-07,Yolo,113,214977,14344,14236,382,14618,213
2021-07-07,Yuba,115,75493,6299,6233,133,6366,51
2021-07-06,Alameda,001,1643700,90666,89918,2035,91953,1253
2021-07-06,Alpine,003,1148,88,89,0,89,0
2021-07-06,Amador,005,37829,3780,3768,33,3801,47
2021-07-06,Butte,007,227075,12882,12744,1899,14643,201
2021-07-06,Calaveras,009,45235,2234,2211,14,2225,55
2021-07-06,Colusa,011,21464,1978,1967,328,2295,16
2021-07-06,Contra Costa,013,1133247,71943,71262,1355,72617,820
2021-07-06,Del Norte,015,27424,1486,1445,13,1458,8
2021-07-06,El Dorado,017,186661,10607,10484,779,11263,113
2021-07-06,Fresno,019,978130,103872,102616,8881,111497,1727
2021-07-06,Glenn,021,27897,2463,2438,577,3015,20
2021-07-06,Humboldt,023,135768,4596,4565,53,4618,49
2021-07-06,Imperial,025,180216,28896,28693,2779,31472,739
2021-07-06,Inyo,027,18085,1415,1412,12,1424,36
2021-07-06,Kern,029,883053,98235,97491,11281,108772,1346
2021-07-06,Kings,031,150075,23371,23077,1121,24198,245
2021-07-06,Lake,033,64148,3703,3659,13,3672,63
2021-07-06,Lassen,035,31185,5310,5288,118,5406,21
2021-07-06,Los Angeles,037,10098052,1218330,1210965,42662,1253627,24525
2021-07-06,Madera,039,155013,16896,16730,964,17694,241
2021-07-06,Marin,041,260295,14322,14181,268,14449,233
2021-07-06,Mariposa,043,17540,442,442,11,453,5
2021-07-06,Mendocino,045,87422,4244,4143,87,4230,49
2021-07-06,Merced,047,269075,31374,31317,1071,32388,470
2021-07-06,Modoc,049,8938,421,411,149,560,4
2021-07-06,Mono,051,14174,1269,1274,18,1292,3
2021-07-06,Monterey,053,433212,43448,43224,1903,45127,494
2021-07-06,Napa,055,140530,10103,10081,41,10122,81
2021-07-06,Nevada,057,99092,5069,4988,196,5184,72
2021-07-06,Orange,059,3164182,257978,256227,11704,267931,5129
2021-07-06,Placer,061,380077,24138,23876,1601,25477,302
2021-07-06,Plumas,063,18699,728,708,14,722,4
2021-07-06,Riverside,065,2383286,296984,293227,14278,307505,4539
2021-07-06,Sacramento,067,1510023,109741,108850,1890,110740,1679
2021-07-06,San Benito,069,59416,6162,6137,116,6253,63
2021-07-06,San Bernardino,071,2135413,296115,294712,9132,303844,5056
2021-07-06,San Diego,073,3302833,284933,283278,15676,298954,3782
2021-07-06,San Francisco,075,870044,37637,37251,1345,38596,558
2021-07-06,San Joaquin,077,732212,74664,74019,3707,77726,1410
2021-07-06,San Luis Obispo,079,281455,21634,21354,768,22122,257
2021-07-06,San Mateo,081,765935,43145,42895,500,43395,541
2021-07-06,Santa Barbara,083,443738,34768,34572,1154,35726,460
2021-07-06,Santa Clara,085,1922200,120158,119194,794,119988,2095
2021-07-06,Santa Cruz,087,273765,16399,16274,818,17092,207
2021-07-06,Shasta,089,179085,12674,12606,1659,14265,205
2021-07-06,Sierra,091,2930,65,60,12,72,0
2021-07-06,Siskiyou,093,43540,1986,1905,388,2293,29
2021-07-06,Solano,095,438530,33878,33619,592,34211,268
2021-07-06,Sonoma,097,501317,31375,31130,372,31502,316
2021-07-06,Stanislaus,099,539301,57336,57120,6095,63215,1029
2021-07-06,Sutter,101,95872,9714,9674,90,9764,114
2021-07-06,Tehama,103,63373,5172,5126,600,5726,63
2021-07-06,Trinity,105,12862,496,341,101,442,3
2021-07-06,Tulare,107,460477,50586,49826,9248,59074,853
2021-07-06,Tuolumne,109,53932,4102,4113,41,4154,64
2021-07-06,Ventura,111,848112,82260,81534,3135,84669,1033
2021-07-06,Yolo,113,214977,14322,14227,379,14606,213
2021-07-06,Yuba,115,75493,6288,6231,133,6364,51
2021-07-05,Alameda,001,1643700,90488,89892,2030,91922,1253
2021-07-05,Alpine,003,1148,88,89,0,89,0
2021-07-05,Amador,005,37829,3778,3768,33,3801,47
2021-07-05,Butte,007,227075,12874,12740,1889,14629,201
2021-07-05,Calaveras,009,45235,2232,2211,14,2225,55
2021-07-05,Colusa,011,21464,1976,1966,327,2293,16
2021-07-05,Contra Costa,013,1133247,71815,71235,1355,72590,820
2021-07-05,Del Norte,015,27424,1482,1446,13,1459,8
2021-07-05,El Dorado,017,186661,10582,10481,779,11260,113
2021-07-05,Fresno,019,978130,103813,102592,8866,111458,1727
2021-07-05,Glenn,021,27897,2460,2438,576,3014,20
2021-07-05,Humboldt,023,135768,4582,4563,53,4616,49
2021-07-05,Imperial,025,180216,28877,28689,2779,31468,739
2021-07-05,Inyo,027,18085,1415,1412,12,1424,36
2021-07-05,Kern,029,883053,98188,97479,11260,108739,1346
2021-07-05,Kings,031,150075,23363,23065,1118,24183,245
2021-07-05,Lake,033,64148,3685,3645,13,3658,63
2021-07-05,Lassen,035,31185,5307,5288,117,5405,21
2021-07-05,Los Angeles,037,10098052,1217139,1210653,42559,1253212,24522
2021-07-05,Madera,039,155013,16885,16722,963,17685,241
2021-07-05,Marin,041,260295,14301,14178,268,14446,233
2021-07-05,Mariposa,043,17540,442,441,11,452,5
2021-07-05,Mendocino,045,87422,4239,4139,86,4225,49
2021-07-05,Merced,047,269075,31354,31312,1071,32383,470
2021-07-05,Modoc,049,8938,421,410,149,559,4
2021-07-05,Mono,051,14174,1269,1273,18,1291,3
2021-07-05,Monterey,053,433212,43428,43218,1898,45116,494
2021-07-05,Napa,055,140530,10097,10074,41,10115,81
2021-07-05,Nevada,057,99092,5051,4980,195,5175,72
2021-07-05,Orange,059,3164182,257777,256173,11686,267859,5129
2021-07-05,Placer,061,380077,24091,23867,1593,25460,302
2021-07-05,Plumas,063,18699,727,708,14,722,4
2021-07-05,Riverside,065,2383286,296792,293193,14266,307459,4539
2021-07-05,Sacramento,067,1510023,109558,108758,1881,110639,1679
2021-07-05,San Benito,069,59416,6155,6137,116,6253,63
2021-07-05,San Bernardino,071,2135413,295953,294647,9125,303772,5037
2021-07-05,San Diego,073,3302833,284570,282834,15632,298466,3782
2021-07-05,San Francisco,075,870044,37551,37237,1340,38577,558
2021-07-05,San Joaquin,077,732212,74594,73999,3702,77701,1410
2021-07-05,San Luis Obispo,079,281455,21621,21351,767,22118,257
2021-07-05,San Mateo,081,765935,43093,42876,497,43373,541
2021-07-05,Santa Barbara,083,443738,34748,34569,1154,35723,460
2021-07-05,Santa Clara,085,1922200,120052,119184,792,119976,2095
2021-07-05,Santa Cruz,087,273765,16390,16273,817,17090,208
2021-07-05,Shasta,089,179085,12665,12603,1657,14260,205
2021-07-05,Sierra,091,2930,65,60,12,72,0
2021-07-05,Siskiyou,093,43540,1984,1904,387,2291,29
2021-07-05,Solano,095,438530,33808,33612,586,34198,268
2021-07-05,Sonoma,097,501317,31322,31116,372,31488,316
2021-07-05,Stanislaus,099,539301,57306,57109,6084,63193,1029
2021-07-05,Sutter,101,95872,9702,9667,90,9757,114
2021-07-05,Tehama,103,63373,5171,5125,600,5725,63
2021-07-05,Trinity,105,12862,495,341,100,441,3
2021-07-05,Tulare,107,460477,50568,49818,9245,59063,853
2021-07-05,Tuolumne,109,53932,4098,4112,41,4153,64
2021-07-05,Ventura,111,848112,82209,81519,3116,84635,1033
2021-07-05,Yolo,113,214977,14303,14225,371,14596,213
2021-07-05,Yuba,115,75493,6280,6223,133,6356,51
2021-07-04,Alameda,001,1643700,90323,89683,2027,91710,1253
2021-07-04,Alpine,003,1148,88,89,0,89,0
2021-07-04,Amador,005,37829,3777,3758,33,3791,46
2021-07-04,Butte,007,227075,12864,12684,1889,14573,201
2021-07-04,Calaveras,009,45235,2228,2200,14,2214,55
2021-07-04,Colusa,011,21464,1976,1969,327,2296,15
2021-07-04,Contra Costa,013,1133247,71709,70941,1350,72291,818
2021-07-04,Del Norte,015,27424,1479,1439,13,1452,8
2021-07-04,El Dorado,017,186661,10573,10433,778,11211,113
2021-07-04,Fresno,019,978130,103767,102512,8849,111361,1727
2021-07-04,Glenn,021,27897,2458,2442,575,3017,20
2021-07-04,Humboldt,023,135768,4574,4530,53,4583,49
2021-07-04,Imperial,025,180216,28871,28661,2779,31440,739
2021-07-04,Inyo,027,18085,1415,1412,12,1424,35
2021-07-04,Kern,029,883053,98169,97421,11251,108672,1347
2021-07-04,Kings,031,150075,23355,23051,1118,24169,245
2021-07-04,Lake,033,64148,3675,3623,13,3636,62
2021-07-04,Lassen,035,31185,5306,5277,117,5394,20
2021-07-04,Los Angeles,037,10098052,1216281,1208705,42472,1251177,24506
2021-07-04,Madera,039,155013,16873,16696,961,17657,240
2021-07-04,Marin,041,260295,14286,14143,268,14411,233
2021-07-04,Mariposa,043,17540,442,441,11,452,5
2021-07-04,Mendocino,045,87422,4229,4122,86,4208,49
2021-07-04,Merced,047,269075,31343,31297,1071,32368,469
2021-07-04,Modoc,049,8938,421,410,149,559,4
2021-07-04,Mono,051,14174,1269,1275,18,1293,3
2021-07-04,Monterey,053,433212,43412,43212,1897,45109,492
2021-07-04,Napa,055,140530,10089,10045,40,10085,81
2021-07-04,Nevada,057,99092,5041,4966,195,5161,72
2021-07-04,Orange,059,3164182,257602,255823,11665,267488,5126
2021-07-04,Placer,061,380077,24054,23764,1586,25350,299
2021-07-04,Plumas,063,18699,727,707,14,721,4
2021-07-04,Riverside,065,2383286,296632,293260,14260,307520,4536
2021-07-04,Sacramento,067,1510023,109388,108257,1875,110132,1676
2021-07-04,San Benito,069,59416,6148,6108,116,6224,63
2021-07-04,San Bernardino,071,2135413,295786,294294,9118,303412,5003
2021-07-04,San Diego,073,3302833,284346,282692,15594,298286,3780
2021-07-04,San Francisco,075,870044,37493,37107,1334,38441,558
2021-07-04,San Joaquin,077,732212,74528,73841,3694,77535,1409
2021-07-04,San Luis Obispo,079,281455,21615,21330,766,22096,256
2021-07-04,San Mateo,081,765935,43059,42691,497,43188,541
2021-07-04,Santa Barbara,083,443738,34725,34526,1153,35679,456
2021-07-04,Santa Clara,085,1922200,119962,118966,791,119757,2090
2021-07-04,Santa Cruz,087,273765,16379,16254,817,17071,208
2021-07-04,Shasta,089,179085,12661,12582,1656,14238,204
2021-07-04,Sierra,091,2930,64,60,12,72,0
2021-07-04,Siskiyou,093,43540,1980,1899,386,2285,29
2021-07-04,Solano,095,438530,33767,33486,584,34070,268
2021-07-04,Sonoma,097,501317,31292,31000,371,31371,316
2021-07-04,Stanislaus,099,539301,57291,57018,6078,63096,1018
2021-07-04,Sutter,101,95872,9691,9644,90,9734,114
2021-07-04,Tehama,103,63373,5167,5124,600,5724,63
2021-07-04,Trinity,105,12862,494,341,100,441,3
2021-07-04,Tulare,107,460477,50558,49789,9242,59031,853
2021-07-04,Tuolumne,109,53932,4090,4113,41,4154,64
2021-07-04,Ventura,111,848112,82151,81425,3105,84530,1033
2021-07-04,Yolo,113,214977,14283,14188,368,14556,213
2021-07-04,Yuba,115,75493,6272,6197,133,6330,51
2021-07-03,Alameda,001,1643700,90234,89683,2019,91702,1253
2021-07-03,Alpine,003,1148,88,89,0,89,0
2021-07-03,Amador,005,37829,3777,3758,33,3791,46
2021-07-03,Butte,007,227075,12860,12684,1888,14572,201
2021-07-03,Calaveras,009,45235,2226,2200,14,2214,55
2021-07-03,Colusa,011,21464,1975,1969,327,2296,15
2021-07-03,Contra Costa,013,1133247,71650,70941,1347,72288,818
2021-07-03,Del Norte,015,27424,1476,1439,13,1452,8
2021-07-03,El Dorado,017,186661,10566,10433,776,11209,113
2021-07-03,Fresno,019,978130,103743,102512,8840,111352,1727
2021-07-03,Glenn,021,27897,2458,2442,575,3017,20
2021-07-03,Humboldt,023,135768,4569,4530,53,4583,49
2021-07-03,Imperial,025,180216,28861,28661,2779,31440,739
2021-07-03,Inyo,027,18085,1415,1412,12,1424,35
2021-07-03,Kern,029,883053,98149,97421,11243,108664,1347
2021-07-03,Kings,031,150075,23355,23051,1117,24168,245
2021-07-03,Lake,033,64148,3665,3623,13,3636,62
2021-07-03,Lassen,035,31185,5305,5277,117,5394,20
2021-07-03,Los Angeles,037,10098052,1215853,1208705,42441,1251146,24506
2021-07-03,Madera,039,155013,16864,16696,958,17654,240
2021-07-03,Marin,041,260295,14282,14143,268,14411,233
2021-07-03,Mariposa,043,17540,442,441,11,452,5
2021-07-03,Mendocino,045,87422,4228,4122,86,4208,49
2021-07-03,Merced,047,269075,31330,31297,1070,32367,469
2021-07-03,Modoc,049,8938,420,410,149,559,4
2021-07-03,Mono,051,14174,1268,1275,18,1293,3
2021-07-03,Monterey,053,433212,43400,43212,1894,45106,492
2021-07-03,Napa,055,140530,10084,10045,40,10085,81
2021-07-03,Nevada,057,99092,5027,4966,195,5161,72
2021-07-03,Orange,059,3164182,257518,255823,11658,267481,5126
2021-07-03,Placer,061,380077,24035,23764,1583,25347,299
2021-07-03,Plumas,063,18699,727,707,14,721,4
2021-07-03,Riverside,065,2383286,296540,293260,14256,307516,4536
2021-07-03,Sacramento,067,1510023,109314,108257,1872,110129,1676
2021-07-03,San Benito,069,59416,6141,6108,116,6224,63
2021-07-03,San Bernardino,071,2135413,295696,294294,9115,303409,5003
2021-07-03,San Diego,073,3302833,284215,282692,15575,298267,3780
2021-07-03,San Francisco,075,870044,37452,37107,1331,38438,558
2021-07-03,San Joaquin,077,732212,74492,73841,3689,77530,1409
2021-07-03,San Luis Obispo,079,281455,21603,21330,766,22096,256
2021-07-03,San Mateo,081,765935,43034,42691,496,43187,541
2021-07-03,Santa Barbara,083,443738,34716,34526,1152,35678,456
2021-07-03,Santa Clara,085,1922200,119915,118966,791,119757,2090
2021-07-03,Santa Cruz,087,273765,16372,16254,817,17071,208
2021-07-03,Shasta,089,179085,12657,12582,1654,14236,204
2021-07-03,Sierra,091,2930,64,60,12,72,0
2021-07-03,Siskiyou,093,43540,1979,1899,385,2284,29
2021-07-03,Solano,095,438530,33723,33486,584,34070,268
2021-07-03,Sonoma,097,501317,31258,31000,371,31371,316
2021-07-03,Stanislaus,099,539301,57280,57018,6070,63088,1018
2021-07-03,Sutter,101,95872,9681,9644,90,9734,114
2021-07-03,Tehama,103,63373,5165,5124,600,5724,63
2021-07-03,Trinity,105,12862,494,341,100,441,3
2021-07-03,Tulare,107,460477,50552,49789,9236,59025,853
2021-07-03,Tuolumne,109,53932,4089,4113,41,4154,64
2021-07-03,Ventura,111,848112,82121,81425,3097,84522,1033
2021-07-03,Yolo,113,214977,14273,14188,365,14553,213
2021-07-03,Yuba,115,75493,6266,6197,133,6330,51
2021-07-02,Alameda,001,1643700,90152,89683,2018,91701,1253
2021-07-02,Alpine,003,1148,88,89,0,89,0
2021-07-02,Amador,005,37829,3775,3758,33,3791,46
2021-07-02,Butte,007,227075,12853,12684,1888,14572,201
2021-07-02,Calaveras,009,45235,2224,2200,14,2214,55
2021-07-02,Colusa,011,21464,1974,1969,326,2295,15
2021-07-02,Contra Costa,013,1133247,71580,70941,1343,72284,818
2021-07-02,Del Norte,015,27424,1476,1439,13,1452,8
2021-07-02,El Dorado,017,186661,10558,10433,776,11209,113
2021-07-02,Fresno,019,978130,103714,102512,8834,111346,1727
2021-07-02,Glenn,021,27897,2457,2442,574,3016,20
2021-07-02,Humboldt,023,135768,4566,4530,52,4582,49
2021-07-02,Imperial,025,180216,28855,28661,2778,31439,739
2021-07-02,Inyo,027,18085,1415,1412,12,1424,35
2021-07-02,Kern,029,883053,98131,97421,11234,108655,1347
2021-07-02,Kings,031,150075,23345,23051,1117,24168,245
2021-07-02,Lake,033,64148,3659,3623,13,3636,62
2021-07-02,Lassen,035,31185,5305,5277,117,5394,20
2021-07-02,Los Angeles,037,10098052,1215379,1208705,42402,1251107,24506
2021-07-02,Madera,039,155013,16855,16696,957,17653,240
2021-07-02,Marin,041,260295,14278,14143,268,14411,233
2021-07-02,Mariposa,043,17540,442,441,11,452,5
2021-07-02,Mendocino,045,87422,4224,4122,85,4207,49
2021-07-02,Merced,047,269075,31321,31297,1070,32367,469
2021-07-02,Modoc,049,8938,420,410,149,559,4
2021-07-02,Mono,051,14174,1267,1275,18,1293,3
2021-07-02,Monterey,053,433212,43392,43212,1893,45105,492
2021-07-02,Napa,055,140530,10079,10045,40,10085,81
2021-07-02,Nevada,057,99092,5018,4966,195,5161,72
2021-07-02,Orange,059,3164182,257407,255823,11651,267474,5126
2021-07-02,Placer,061,380077,24018,23764,1576,25340,299
2021-07-02,Plumas,063,18699,727,707,14,721,4
2021-07-02,Riverside,065,2383286,296443,293260,14251,307511,4536
2021-07-02,Sacramento,067,1510023,109236,108257,1871,110128,1676
2021-07-02,San Benito,069,59416,6138,6108,116,6224,63
2021-07-02,San Bernardino,071,2135413,295609,294294,9113,303407,5003
2021-07-02,San Diego,073,3302833,284070,282692,15549,298241,3780
2021-07-02,San Francisco,075,870044,37403,37107,1329,38436,558
2021-07-02,San Joaquin,077,732212,74459,73841,3683,77524,1409
2021-07-02,San Luis Obispo,079,281455,21597,21330,765,22095,256
2021-07-02,San Mateo,081,765935,42998,42691,496,43187,541
2021-07-02,Santa Barbara,083,443738,34706,34526,1152,35678,456
2021-07-02,Santa Clara,085,1922200,119837,118966,791,119757,2090
2021-07-02,Santa Cruz,087,273765,16368,16254,817,17071,208
2021-07-02,Shasta,089,179085,12653,12582,1654,14236,204
2021-07-02,Sierra,091,2930,63,60,12,72,0
2021-07-02,Siskiyou,093,43540,1976,1899,384,2283,29
2021-07-02,Solano,095,438530,33698,33486,584,34070,268
2021-07-02,Sonoma,097,501317,31235,31000,371,31371,316
2021-07-02,Stanislaus,099,539301,57265,57018,6069,63087,1018
2021-07-02,Sutter,101,95872,9677,9644,90,9734,114
2021-07-02,Tehama,103,63373,5163,5124,598,5722,63
2021-07-02,Trinity,105,12862,494,341,100,441,3
2021-07-02,Tulare,107,460477,50542,49789,9228,59017,853
2021-07-02,Tuolumne,109,53932,4086,4113,41,4154,64
2021-07-02,Ventura,111,848112,82078,81425,3089,84514,1033
2021-07-02,Yolo,113,214977,14257,14188,363,14551,213
2021-07-02,Yuba,115,75493,6258,6197,133,6330,51
2021-07-01,Alameda,001,1643700,90052,89683,2016,91699,1253
2021-07-01,Alpine,003,1148,88,89,0,89,0
2021-07-01,Amador,005,37829,3774,3758,33,3791,46
2021-07-01,Butte,007,227075,12841,12684,1886,14570,201
2021-07-01,Calaveras,009,45235,2222,2200,14,2214,55
2021-07-01,Colusa,011,21464,1974,1969,324,2293,15
2021-07-01,Contra Costa,013,1133247,71508,70941,1343,72284,818
2021-07-01,Del Norte,015,27424,1475,1439,13,1452,8
2021-07-01,El Dorado,017,186661,10546,10433,776,11209,113
2021-07-01,Fresno,019,978130,103675,102512,8829,111341,1727
2021-07-01,Glenn,021,27897,2457,2442,574,3016,20
2021-07-01,Humboldt,023,135768,4564,4530,52,4582,49
2021-07-01,Imperial,025,180216,28838,28661,2778,31439,739
2021-07-01,Inyo,027,18085,1415,1412,12,1424,35
2021-07-01,Kern,029,883053,98105,97421,11224,108645,1347
2021-07-01,Kings,031,150075,23331,23051,1117,24168,245
2021-07-01,Lake,033,64148,3656,3623,13,3636,62
2021-07-01,Lassen,035,31185,5303,5277,117,5394,20
2021-07-01,Los Angeles,037,10098052,1214781,1208705,42346,1251051,24506
2021-07-01,Madera,039,155013,16846,16696,956,17652,240
2021-07-01,Marin,041,260295,14274,14143,268,14411,233
2021-07-01,Mariposa,043,17540,442,441,11,452,5
2021-07-01,Mendocino,045,87422,4220,4122,84,4206,49
2021-07-01,Merced,047,269075,31315,31297,1070,32367,469
2021-07-01,Modoc,049,8938,420,410,149,559,4
2021-07-01,Mono,051,14174,1266,1275,18,1293,3
2021-07-01,Monterey,053,433212,43384,43212,1889,45101,492
2021-07-01,Napa,055,140530,10072,10045,40,10085,81
2021-07-01,Nevada,057,99092,5013,4966,195,5161,72
2021-07-01,Orange,059,3164182,257286,255823,11632,267455,5126
2021-07-01,Placer,061,380077,23999,23764,1573,25337,299
2021-07-01,Plumas,063,18699,724,707,12,719,4
2021-07-01,Riverside,065,2383286,296334,293260,14243,307503,4536
2021-07-01,Sacramento,067,1510023,109110,108257,1864,110121,1676
2021-07-01,San Benito,069,59416,6134,6108,116,6224,63
2021-07-01,San Bernardino,071,2135413,295489,294294,9108,303402,5003
2021-07-01,San Diego,073,3302833,283892,282692,15512,298204,3780
2021-07-01,San Francisco,075,870044,37367,37107,1327,38434,558
2021-07-01,San Joaquin,077,732212,74408,73841,3679,77520,1409
2021-07-01,San Luis Obispo,079,281455,21582,21330,764,22094,256
2021-07-01,San Mateo,081,765935,42970,42691,495,43186,541
2021-07-01,Santa Barbara,083,443738,34693,34526,1152,35678,456
2021-07-01,Santa Clara,085,1922200,119788,118966,791,119757,2090
2021-07-01,Santa Cruz,087,273765,16363,16254,817,17071,208
2021-07-01,Shasta,089,179085,12645,12582,1653,14235,204
2021-07-01,Sierra,091,2930,63,60,12,72,0
2021-07-01,Siskiyou,093,43540,1976,1899,384,2283,29
2021-07-01,Solano,095,438530,33657,33486,583,34069,268
2021-07-01,Sonoma,097,501317,31191,31000,371,31371,316
2021-07-01,Stanislaus,099,539301,57248,57018,6065,63083,1018
2021-07-01,Sutter,101,95872,9668,9644,90,9734,114
2021-07-01,Tehama,103,63373,5163,5124,597,5721,63
2021-07-01,Trinity,105,12862,494,341,100,441,3
2021-07-01,Tulare,107,460477,50533,49789,9221,59010,853
2021-07-01,Tuolumne,109,53932,4079,4113,41,4154,64
2021-07-01,Ventura,111,848112,82047,81425,3078,84503,1033
2021-07-01,Yolo,113,214977,14242,14188,361,14549,213
2021-07-01,Yuba,115,75493,6251,6197,133,6330,51
2021-06-30,Alameda,001,1643700,89973,89597,2011,91608,1256
2021-06-30,Alpine,003,1148,88,89,0,89,0
2021-06-30,Amador,005,37829,3772,3756,33,3789,46
2021-06-30,Butte,007,227075,12834,12676,1877,14553,201
2021-06-30,Calaveras,009,45235,2216,2198,14,2212,55
2021-06-30,Colusa,011,21464,1972,1967,321,2288,15
2021-06-30,Contra Costa,013,1133247,71443,70869,1340,72209,818
2021-06-30,Del Norte,015,27424,1470,1435,13,1448,8
2021-06-30,El Dorado,017,186661,10527,10420,776,11196,113
2021-06-30,Fresno,019,978130,103638,102490,8826,111316,1727
2021-06-30,Glenn,021,27897,2455,2440,574,3014,20
2021-06-30,Humboldt,023,135768,4548,4522,50,4572,49
2021-06-30,Imperial,025,180216,28830,28651,2778,31429,739
2021-06-30,Inyo,027,18085,1415,1409,12,1421,35
2021-06-30,Kern,029,883053,98064,97267,11212,108479,1348
2021-06-30,Kings,031,150075,23326,23038,1116,24154,245
2021-06-30,Lake,033,64148,3643,3601,13,3614,56
2021-06-30,Lassen,035,31185,5298,5269,117,5386,20
2021-06-30,Los Angeles,037,10098052,1214109,1208246,42301,1250547,24499
2021-06-30,Madera,039,155013,16838,16688,954,17642,240
2021-06-30,Marin,041,260295,14265,14133,267,14400,232
2021-06-30,Mariposa,043,17540,441,441,11,452,5
2021-06-30,Mendocino,045,87422,4210,4115,84,4199,49
2021-06-30,Merced,047,269075,31305,31286,1070,32356,469
2021-06-30,Modoc,049,8938,420,410,149,559,4
2021-06-30,Mono,051,14174,1266,1275,18,1293,3
2021-06-30,Monterey,053,433212,43379,43209,1887,45096,492
2021-06-30,Napa,055,140530,10064,10039,40,10079,81
2021-06-30,Nevada,057,99092,5002,4958,195,5153,72
2021-06-30,Orange,059,3164182,257159,255764,11621,267385,5125
2021-06-30,Placer,061,380077,23975,23721,1570,25291,299
2021-06-30,Plumas,063,18699,724,705,12,717,4
2021-06-30,Riverside,065,2383286,296220,293280,14233,307513,4535
2021-06-30,Sacramento,067,1510023,108971,108137,1860,109997,1676
2021-06-30,San Benito,069,59416,6130,6105,116,6221,63
2021-06-30,San Bernardino,071,2135413,295330,294211,9103,303314,4975
2021-06-30,San Diego,073,3302833,283756,282583,15484,298067,3780
2021-06-30,San Francisco,075,870044,37318,37065,1322,38387,558
2021-06-30,San Joaquin,077,732212,74346,73777,3678,77455,1409
2021-06-30,San Luis Obispo,079,281455,21569,21326,763,22089,256
2021-06-30,San Mateo,081,765935,42933,42599,494,43093,537
2021-06-30,Santa Barbara,083,443738,34677,34521,1152,35673,456
2021-06-30,Santa Clara,085,1922200,119741,118930,788,119718,2090
2021-06-30,Santa Cruz,087,273765,16357,16250,817,17067,208
2021-06-30,Shasta,089,179085,12639,12564,1653,14217,204
2021-06-30,Sierra,091,2930,63,60,12,72,0
2021-06-30,Siskiyou,093,43540,1974,1900,381,2281,29
2021-06-30,Solano,095,438530,33618,33453,581,34034,268
2021-06-30,Sonoma,097,501317,31161,30947,371,31318,316
2021-06-30,Stanislaus,099,539301,57231,56997,6064,63061,1018
2021-06-30,Sutter,101,95872,9658,9638,90,9728,114
2021-06-30,Tehama,103,63373,5161,5124,597,5721,63
2021-06-30,Trinity,105,12862,494,341,100,441,3
2021-06-30,Tulare,107,460477,50522,49764,9210,58974,853
2021-06-30,Tuolumne,109,53932,4076,4112,41,4153,64
2021-06-30,Ventura,111,848112,82004,81392,3073,84465,1032
2021-06-30,Yolo,113,214977,14236,14178,358,14536,213
2021-06-30,Yuba,115,75493,6244,6191,133,6324,51
2021-06-29,Alameda,001,1643700,89866,89519,2010,91529,1257
2021-06-29,Alpine,003,1148,88,89,0,89,0
2021-06-29,Amador,005,37829,3768,3754,33,3787,46
2021-06-29,Butte,007,227075,12826,12669,1877,14546,201
2021-06-29,Calaveras,009,45235,2210,2198,14,2212,55
2021-06-29,Colusa,011,21464,1970,1967,321,2288,15
2021-06-29,Contra Costa,013,1133247,71369,70775,1339,72114,817
2021-06-29,Del Norte,015,27424,1469,1435,13,1448,8
2021-06-29,El Dorado,017,186661,10514,10403,772,11175,113
2021-06-29,Fresno,019,978130,103605,102464,8823,111287,1725
2021-06-29,Glenn,021,27897,2454,2439,574,3013,20
2021-06-29,Humboldt,023,135768,4544,4514,49,4563,49
2021-06-29,Imperial,025,180216,28821,28645,2777,31422,737
2021-06-29,Inyo,027,18085,1415,1408,12,1420,35
2021-06-29,Kern,029,883053,98043,97173,11206,108379,1347
2021-06-29,Kings,031,150075,23317,23035,1115,24150,245
2021-06-29,Lake,033,64148,3637,3594,13,3607,56
2021-06-29,Lassen,035,31185,5291,5268,117,5385,20
2021-06-29,Los Angeles,037,10098052,1213500,1207895,42270,1250165,24498
2021-06-29,Madera,039,155013,16834,16680,953,17633,240
2021-06-29,Marin,041,260295,14253,14127,267,14394,232
2021-06-29,Mariposa,043,17540,441,441,11,452,5
2021-06-29,Mendocino,045,87422,4206,4107,83,4190,49
2021-06-29,Merced,047,269075,31293,31277,1070,32347,469
2021-06-29,Modoc,049,8938,419,408,149,557,3
2021-06-29,Mono,051,14174,1266,1275,18,1293,3
2021-06-29,Monterey,053,433212,43369,43196,1885,45081,471
2021-06-29,Napa,055,140530,10058,10033,40,10073,81
2021-06-29,Nevada,057,99092,4995,4952,195,5147,72
2021-06-29,Orange,059,3164182,257059,255686,11606,267292,5124
2021-06-29,Placer,061,380077,23955,23693,1568,25261,299
2021-06-29,Plumas,063,18699,724,704,12,716,4
2021-06-29,Riverside,065,2383286,296121,292962,14226,307188,4524
2021-06-29,Sacramento,067,1510023,108819,108067,1857,109924,1677
2021-06-29,San Benito,069,59416,6119,6099,116,6215,63
2021-06-29,San Bernardino,071,2135413,295218,294118,9101,303219,4940
2021-06-29,San Diego,073,3302833,283600,282499,15457,297956,3780
2021-06-29,San Francisco,075,870044,37280,37041,1319,38360,558
2021-06-29,San Joaquin,077,732212,74298,73724,3675,77399,1409
2021-06-29,San Luis Obispo,079,281455,21559,21324,762,22086,256
2021-06-29,San Mateo,081,765935,42899,42540,494,43034,540
2021-06-29,Santa Barbara,083,443738,34667,34507,1151,35658,455
2021-06-29,Santa Clara,085,1922200,119687,118893,787,119680,2090
2021-06-29,Santa Cruz,087,273765,16351,16249,817,17066,208
2021-06-29,Shasta,089,179085,12627,12564,1652,14216,204
2021-06-29,Sierra,091,2930,63,59,12,71,0
2021-06-29,Siskiyou,093,43540,1971,1897,377,2274,29
2021-06-29,Solano,095,438530,33585,33440,579,34019,268
2021-06-29,Sonoma,097,501317,31119,30950,369,31319,316
2021-06-29,Stanislaus,099,539301,57210,56980,6057,63037,1018
2021-06-29,Sutter,101,95872,9647,9634,90,9724,114
2021-06-29,Tehama,103,63373,5161,5124,597,5721,63
2021-06-29,Trinity,105,12862,494,341,100,441,3
2021-06-29,Tulare,107,460477,50509,49751,9205,58956,852
2021-06-29,Tuolumne,109,53932,4074,4111,41,4152,64
2021-06-29,Ventura,111,848112,81966,81363,3067,84430,1032
2021-06-29,Yolo,113,214977,14224,14171,357,14528,213
2021-06-29,Yuba,115,75493,6234,6188,133,6321,51
2021-06-28,Alameda,001,1643700,89773,89638,2007,91645,1259
2021-06-28,Alpine,003,1148,88,89,0,89,0
2021-06-28,Amador,005,37829,3767,3753,33,3786,46
2021-06-28,Butte,007,227075,12817,12697,1875,14572,198
2021-06-28,Calaveras,009,45235,2207,2203,14,2217,55
2021-06-28,Colusa,011,21464,1968,1974,321,2295,15
2021-06-28,Contra Costa,013,1133247,71295,70807,1337,72144,816
2021-06-28,Del Norte,015,27424,1469,1436,13,1449,8
2021-06-28,El Dorado,017,186661,10504,10422,768,11190,115
2021-06-28,Fresno,019,978130,103574,103121,8821,111942,1727
2021-06-28,Glenn,021,27897,2454,2439,574,3013,20
2021-06-28,Humboldt,023,135768,4537,4520,48,4568,49
2021-06-28,Imperial,025,180216,28813,28981,2776,31757,741
2021-06-28,Inyo,027,18085,1412,1407,12,1419,35
2021-06-28,Kern,029,883053,98024,97252,11201,108453,1348
2021-06-28,Kings,031,150075,23311,23134,1115,24249,246
2021-06-28,Lake,033,64148,3629,3591,13,3604,56
2021-06-28,Lassen,035,31185,5289,5268,117,5385,20
2021-06-28,Los Angeles,037,10098052,1212981,1207714,42235,1249949,24496
2021-06-28,Madera,039,155013,16823,16683,952,17635,240
2021-06-28,Marin,041,260295,14238,14186,267,14453,232
2021-06-28,Mariposa,043,17540,441,440,11,451,5
2021-06-28,Mendocino,045,87422,4197,4102,82,4184,49
2021-06-28,Merced,047,269075,31281,31277,1070,32347,469
2021-06-28,Modoc,049,8938,419,411,148,559,3
2021-06-28,Mono,051,14174,1266,1276,18,1294,3
2021-06-28,Monterey,053,433212,43365,43202,1884,45086,462
2021-06-28,Napa,055,140530,10049,10050,39,10089,81
2021-06-28,Nevada,057,99092,4991,4951,195,5146,72
2021-06-28,Orange,059,3164182,256969,255755,11592,267347,5123
2021-06-28,Placer,061,380077,23935,23756,1564,25320,299
2021-06-28,Plumas,063,18699,722,704,12,716,4
2021-06-28,Riverside,065,2383286,295995,292647,14213,306860,4507
2021-06-28,Sacramento,067,1510023,108687,108342,1852,110194,1675
2021-06-28,San Benito,069,59416,6117,6101,116,6217,63
2021-06-28,San Bernardino,071,2135413,295117,294151,9096,303247,4928
2021-06-28,San Diego,073,3302833,283436,282417,15428,297845,3780
2021-06-28,San Francisco,075,870044,37244,37372,1317,38689,559
2021-06-28,San Joaquin,077,732212,74251,73973,3671,77644,1411
2021-06-28,San Luis Obispo,079,281455,21555,21340,761,22101,256
2021-06-28,San Mateo,081,765935,42865,42927,493,43420,540
2021-06-28,Santa Barbara,083,443738,34660,34534,1149,35683,455
2021-06-28,Santa Clara,085,1922200,119623,120377,786,121163,2103
2021-06-28,Santa Cruz,087,273765,16346,16245,817,17062,208
2021-06-28,Shasta,089,179085,12623,12642,1650,14292,203
2021-06-28,Sierra,091,2930,63,58,12,70,0
2021-06-28,Siskiyou,093,43540,1970,1896,377,2273,29
2021-06-28,Solano,095,438530,33549,33524,577,34101,267
2021-06-28,Sonoma,097,501317,31082,31137,368,31505,315
2021-06-28,Stanislaus,099,539301,57192,57047,6053,63100,1018
2021-06-28,Sutter,101,95872,9643,9682,90,9772,114
2021-06-28,Tehama,103,63373,5159,5122,597,5719,63
2021-06-28,Trinity,105,12862,494,341,100,441,3
2021-06-28,Tulare,107,460477,50499,49751,9201,58952,850
2021-06-28,Tuolumne,109,53932,4067,4121,41,4162,64
2021-06-28,Ventura,111,848112,81909,81393,3062,84455,1032
2021-06-28,Yolo,113,214977,14215,14199,354,14553,213
2021-06-28,Yuba,115,75493,6229,6207,133,6340,51
2021-06-27,Alameda,001,1643700,89687,89611,2002,91613,1259
2021-06-27,Alpine,003,1148,88,89,0,89,0
2021-06-27,Amador,005,37829,3766,3752,33,3785,46
2021-06-27,Butte,007,227075,12808,12696,1874,14570,198
2021-06-27,Calaveras,009,45235,2206,2203,14,2217,55
2021-06-27,Colusa,011,21464,1968,1974,321,2295,15
2021-06-27,Contra Costa,013,1133247,71209,70762,1333,72095,816
2021-06-27,Del Norte,015,27424,1466,1436,13,1449,8
2021-06-27,El Dorado,017,186661,10492,10418,765,11183,115
2021-06-27,Fresno,019,978130,103545,103110,8819,111929,1727
2021-06-27,Glenn,021,27897,2453,2439,573,3012,20
2021-06-27,Humboldt,023,135768,4525,4513,45,4558,49
2021-06-27,Imperial,025,180216,28799,28987,2776,31763,741
2021-06-27,Inyo,027,18085,1412,1407,12,1419,35
2021-06-27,Kern,029,883053,97998,97249,11194,108443,1348
2021-06-27,Kings,031,150075,23301,23132,1115,24247,246
2021-06-27,Lake,033,64148,3622,3581,13,3594,56
2021-06-27,Lassen,035,31185,5288,5265,117,5382,20
2021-06-27,Los Angeles,037,10098052,1212436,1207461,42194,1249655,24493
2021-06-27,Madera,039,155013,16815,16680,952,17632,240
2021-06-27,Marin,041,260295,14229,14182,267,14449,232
2021-06-27,Mariposa,043,17540,441,440,11,451,5
2021-06-27,Mendocino,045,87422,4190,4100,82,4182,49
2021-06-27,Merced,047,269075,31269,31266,1070,32336,469
2021-06-27,Modoc,049,8938,419,411,148,559,3
2021-06-27,Mono,051,14174,1266,1279,18,1297,3
2021-06-27,Monterey,053,433212,43352,43199,1884,45083,462
2021-06-27,Napa,055,140530,10043,10046,39,10085,81
2021-06-27,Nevada,057,99092,4985,4946,195,5141,72
2021-06-27,Orange,059,3164182,256855,255710,11581,267291,5123
2021-06-27,Placer,061,380077,23902,23731,1561,25292,299
2021-06-27,Plumas,063,18699,722,704,12,716,4
2021-06-27,Riverside,065,2383286,295893,292641,14206,306847,4507
2021-06-27,Sacramento,067,1510023,108552,108279,1848,110127,1675
2021-06-27,San Benito,069,59416,6111,6101,116,6217,63
2021-06-27,San Bernardino,071,2135413,295004,294115,9094,303209,4927
2021-06-27,San Diego,073,3302833,283296,282359,15402,297761,3780
2021-06-27,San Francisco,075,870044,37207,37360,1316,38676,559
2021-06-27,San Joaquin,077,732212,74215,73960,3669,77629,1411
2021-06-27,San Luis Obispo,079,281455,21548,21340,760,22100,256
2021-06-27,San Mateo,081,765935,42836,42925,490,43415,539
2021-06-27,Santa Barbara,083,443738,34646,34533,1147,35680,455
2021-06-27,Santa Clara,085,1922200,119572,120352,785,121137,2103
2021-06-27,Santa Cruz,087,273765,16337,16241,817,17058,208
2021-06-27,Shasta,089,179085,12617,12640,1649,14289,203
2021-06-27,Sierra,091,2930,63,58,12,70,0
2021-06-27,Siskiyou,093,43540,1968,1896,376,2272,29
2021-06-27,Solano,095,438530,33521,33516,577,34093,267
2021-06-27,Sonoma,097,501317,31044,31129,368,31497,315
2021-06-27,Stanislaus,099,539301,57152,57021,6050,63071,1018
2021-06-27,Sutter,101,95872,9637,9678,90,9768,114
2021-06-27,Tehama,103,63373,5155,5122,597,5719,63
2021-06-27,Trinity,105,12862,494,341,99,440,3
2021-06-27,Tulare,107,460477,50486,49749,9194,58943,850
2021-06-27,Tuolumne,109,53932,4065,4121,41,4162,64
2021-06-27,Ventura,111,848112,81875,81361,3053,84414,1032
2021-06-27,Yolo,113,214977,14200,14194,350,14544,213
2021-06-27,Yuba,115,75493,6223,6205,133,6338,51
2021-06-26,Alameda,001,1643700,89630,89560,2000,91560,1259
2021-06-26,Alpine,003,1148,88,89,0,89,0
2021-06-26,Amador,005,37829,3766,3748,33,3781,46
2021-06-26,Butte,007,227075,12804,12693,1871,14564,198
2021-06-26,Calaveras,009,45235,2204,2202,14,2216,55
2021-06-26,Colusa,011,21464,1968,1973,321,2294,15
2021-06-26,Contra Costa,013,1133247,71166,70712,1332,72044,816
2021-06-26,Del Norte,015,27424,1465,1432,13,1445,8
2021-06-26,El Dorado,017,186661,10484,10414,764,11178,115
2021-06-26,Fresno,019,978130,103525,103091,8817,111908,1727
2021-06-26,Glenn,021,27897,2451,2441,573,3014,20
2021-06-26,Humboldt,023,135768,4522,4509,45,4554,49
2021-06-26,Imperial,025,180216,28795,28970,2776,31746,741
2021-06-26,Inyo,027,18085,1412,1407,12,1419,35
2021-06-26,Kern,029,883053,97972,97239,11185,108424,1348
2021-06-26,Kings,031,150075,23297,23128,1114,24242,246
2021-06-26,Lake,033,64148,3611,3576,13,3589,56
2021-06-26,Lassen,035,31185,5285,5263,117,5380,20
2021-06-26,Los Angeles,037,10098052,1212130,1207198,42161,1249359,24490
2021-06-26,Madera,039,155013,16808,16679,951,17630,240
2021-06-26,Marin,041,260295,14220,14180,267,14447,232
2021-06-26,Mariposa,043,17540,441,440,11,451,5
2021-06-26,Mendocino,045,87422,4188,4096,82,4178,49
2021-06-26,Merced,047,269075,31263,31259,1069,32328,469
2021-06-26,Modoc,049,8938,419,411,148,559,3
2021-06-26,Mono,051,14174,1266,1279,18,1297,3
2021-06-26,Monterey,053,433212,43349,43192,1884,45076,462
2021-06-26,Napa,055,140530,10037,10043,39,10082,81
2021-06-26,Nevada,057,99092,4980,4939,195,5134,72
2021-06-26,Orange,059,3164182,256776,255640,11574,267214,5123
2021-06-26,Placer,061,380077,23888,23702,1559,25261,299
2021-06-26,Plumas,063,18699,722,704,12,716,4
2021-06-26,Riverside,065,2383286,295835,292480,14200,306680,4505
2021-06-26,Sacramento,067,1510023,108481,108179,1846,110025,1675
2021-06-26,San Benito,069,59416,6107,6100,116,6216,63
2021-06-26,San Bernardino,071,2135413,294909,294034,9089,303123,4928
2021-06-26,San Diego,073,3302833,283211,282263,15384,297647,3780
2021-06-26,San Francisco,075,870044,37175,37348,1315,38663,559
2021-06-26,San Joaquin,077,732212,74186,73928,3668,77596,1411
2021-06-26,San Luis Obispo,079,281455,21547,21330,759,22089,256
2021-06-26,San Mateo,081,765935,42816,42898,490,43388,539
2021-06-26,Santa Barbara,083,443738,34637,34525,1147,35672,455
2021-06-26,Santa Clara,085,1922200,119539,120321,785,121106,2103
2021-06-26,Santa Cruz,087,273765,16334,16239,817,17056,208
2021-06-26,Shasta,089,179085,12613,12635,1645,14280,203
2021-06-26,Sierra,091,2930,63,58,12,70,0
2021-06-26,Siskiyou,093,43540,1967,1896,375,2271,29
2021-06-26,Solano,095,438530,33503,33489,575,34064,267
2021-06-26,Sonoma,097,501317,31018,31088,368,31456,315
2021-06-26,Stanislaus,099,539301,57136,57006,6048,63054,1018
2021-06-26,Sutter,101,95872,9636,9669,90,9759,114
2021-06-26,Tehama,103,63373,5155,5119,597,5716,63
2021-06-26,Trinity,105,12862,494,341,99,440,3
2021-06-26,Tulare,107,460477,50480,49745,9194,58939,850
2021-06-26,Tuolumne,109,53932,4065,4121,41,4162,64
2021-06-26,Ventura,111,848112,81851,81352,3052,84404,1032
2021-06-26,Yolo,113,214977,14192,14184,350,14534,213
2021-06-26,Yuba,115,75493,6220,6200,133,6333,51
2021-06-25,Alameda,001,1643700,89564,89453,1997,91450,1271
2021-06-25,Alpine,003,1148,88,89,0,89,0
2021-06-25,Amador,005,37829,3765,3746,33,3779,46
2021-06-25,Butte,007,227075,12799,12682,1868,14550,198
2021-06-25,Calaveras,009,45235,2203,2201,14,2215,55
2021-06-25,Colusa,011,21464,1968,1972,321,2293,15
2021-06-25,Contra Costa,013,1133247,71130,70659,1332,71991,815
2021-06-25,Del Norte,015,27424,1465,1426,13,1439,8
2021-06-25,El Dorado,017,186661,10476,10406,761,11167,115
2021-06-25,Fresno,019,978130,103507,103073,8813,111886,1727
2021-06-25,Glenn,021,27897,2451,2441,573,3014,20
2021-06-25,Humboldt,023,135768,4516,4503,43,4546,49
2021-06-25,Imperial,025,180216,28792,28968,2776,31744,740
2021-06-25,Inyo,027,18085,1411,1406,12,1418,35
2021-06-25,Kern,029,883053,97953,97182,11181,108363,1347
2021-06-25,Kings,031,150075,23291,23118,1114,24232,246
2021-06-25,Lake,033,64148,3605,3571,13,3584,56
2021-06-25,Lassen,035,31185,5284,5259,117,5376,20
2021-06-25,Los Angeles,037,10098052,1211849,1206909,42144,1249053,24483
2021-06-25,Madera,039,155013,16805,16670,951,17621,240
2021-06-25,Marin,041,260295,14217,14179,267,14446,232
2021-06-25,Mariposa,043,17540,441,440,11,451,5
2021-06-25,Mendocino,045,87422,4185,4089,82,4171,49
2021-06-25,Merced,047,269075,31255,31256,1069,32325,467
2021-06-25,Modoc,049,8938,419,411,148,559,3
2021-06-25,Mono,051,14174,1266,1279,18,1297,3
2021-06-25,Monterey,053,433212,43344,43184,1883,45067,462
2021-06-25,Napa,055,140530,10032,10037,39,10076,81
2021-06-25,Nevada,057,99092,4977,4932,195,5127,72
2021-06-25,Orange,059,3164182,256705,255574,11572,267146,5119
2021-06-25,Placer,061,380077,23869,23672,1558,25230,299
2021-06-25,Plumas,063,18699,722,702,11,713,4
2021-06-25,Riverside,065,2383286,295767,291663,14193,305856,4490
2021-06-25,Sacramento,067,1510023,108409,108034,1843,109877,1673
2021-06-25,San Benito,069,59416,6103,6098,116,6214,63
2021-06-25,San Bernardino,071,2135413,294854,293941,9087,303028,4911
2021-06-25,San Diego,073,3302833,283151,282157,15371,297528,3779
2021-06-25,San Francisco,075,870044,37152,37338,1314,38652,559
2021-06-25,San Joaquin,077,732212,74153,73860,3666,77526,1410
2021-06-25,San Luis Obispo,079,281455,21544,21325,758,22083,256
2021-06-25,San Mateo,081,765935,42798,42849,490,43339,537
2021-06-25,Santa Barbara,083,443738,34628,34518,1146,35664,454
2021-06-25,Santa Clara,085,1922200,119519,120272,785,121057,2103
2021-06-25,Santa Cruz,087,273765,16331,16230,815,17045,208
2021-06-25,Shasta,089,179085,12603,12633,1644,14277,202
2021-06-25,Sierra,091,2930,63,58,12,70,0
2021-06-25,Siskiyou,093,43540,1966,1894,375,2269,29
2021-06-25,Solano,095,438530,33483,33449,575,34024,267
2021-06-25,Sonoma,097,501317,30995,31043,368,31411,314
2021-06-25,Stanislaus,099,539301,57120,56973,6041,63014,1018
2021-06-25,Sutter,101,95872,9629,9664,90,9754,114
2021-06-25,Tehama,103,63373,5154,5119,597,5716,63
2021-06-25,Trinity,105,12862,494,338,99,437,3
2021-06-25,Tulare,107,460477,50473,49731,9191,58922,850
2021-06-25,Tuolumne,109,53932,4064,4121,41,4162,64
2021-06-25,Ventura,111,848112,81822,81342,3046,84388,1032
2021-06-25,Yolo,113,214977,14186,14172,350,14522,213
2021-06-25,Yuba,115,75493,6216,6195,133,6328,51
2021-06-24,Alameda,001,1643700,89493,89358,1994,91352,1268
2021-06-24,Alpine,003,1148,88,89,0,89,0
2021-06-24,Amador,005,37829,3761,3745,33,3778,46
2021-06-24,Butte,007,227075,12793,12673,1866,14539,198
2021-06-24,Calaveras,009,45235,2200,2202,14,2216,55
2021-06-24,Colusa,011,21464,1967,1972,321,2293,15
2021-06-24,Contra Costa,013,1133247,71071,70590,1332,71922,813
2021-06-24,Del Norte,015,27424,1464,1421,13,1434,8
2021-06-24,El Dorado,017,186661,10469,10402,761,11163,115
2021-06-24,Fresno,019,978130,103487,103061,8810,111871,1727
2021-06-24,Glenn,021,27897,2450,2439,573,3012,20
2021-06-24,Humboldt,023,135768,4511,4493,43,4536,49
2021-06-24,Imperial,025,180216,28789,28981,2776,31757,740
2021-06-24,Inyo,027,18085,1410,1406,12,1418,35
2021-06-24,Kern,029,883053,97934,97129,11168,108297,1346
2021-06-24,Kings,031,150075,23287,23114,1112,24226,246
2021-06-24,Lake,033,64148,3599,3571,13,3584,56
2021-06-24,Lassen,035,31185,5283,5258,117,5375,20
2021-06-24,Los Angeles,037,10098052,1211525,1206590,42121,1248711,24480
2021-06-24,Madera,039,155013,16794,16662,950,17612,240
2021-06-24,Marin,041,260295,14213,14180,267,14447,232
2021-06-24,Mariposa,043,17540,441,440,11,451,5
2021-06-24,Mendocino,045,87422,4177,4085,82,4167,49
2021-06-24,Merced,047,269075,31245,31248,1068,32316,466
2021-06-24,Modoc,049,8938,419,411,148,559,3
2021-06-24,Mono,051,14174,1266,1276,18,1294,3
2021-06-24,Monterey,053,433212,43337,43180,1883,45063,451
2021-06-24,Napa,055,140530,10030,10036,39,10075,80
2021-06-24,Nevada,057,99092,4975,4927,195,5122,72
2021-06-24,Orange,059,3164182,256641,255520,11564,267084,5117
2021-06-24,Placer,061,380077,23844,23659,1556,25215,299
2021-06-24,Plumas,063,18699,721,702,11,713,4
2021-06-24,Riverside,065,2383286,295687,291067,14182,305249,4473
2021-06-24,Sacramento,067,1510023,108321,107965,1841,109806,1672
2021-06-24,San Benito,069,59416,6100,6098,116,6214,63
2021-06-24,San Bernardino,071,2135413,294785,293895,9082,302977,4898
2021-06-24,San Diego,073,3302833,283047,282053,15358,297411,3778
2021-06-24,San Francisco,075,870044,37130,37320,1312,38632,559
2021-06-24,San Joaquin,077,732212,74105,73814,3666,77480,1408
2021-06-24,San Luis Obispo,079,281455,21538,21326,758,22084,256
2021-06-24,San Mateo,081,765935,42772,42814,489,43303,542
2021-06-24,Santa Barbara,083,443738,34622,34512,1145,35657,454
2021-06-24,Santa Clara,085,1922200,119488,120274,784,121058,2103
2021-06-24,Santa Cruz,087,273765,16330,16227,815,17042,208
2021-06-24,Shasta,089,179085,12598,12629,1640,14269,202
2021-06-24,Sierra,091,2930,63,58,12,70,0
2021-06-24,Siskiyou,093,43540,1966,1892,375,2267,28
2021-06-24,Solano,095,438530,33460,33432,573,34005,267
2021-06-24,Sonoma,097,501317,30966,31020,368,31388,314
2021-06-24,Stanislaus,099,539301,57094,56946,6041,62987,1018
2021-06-24,Sutter,101,95872,9622,9660,90,9750,113
2021-06-24,Tehama,103,63373,5151,5115,597,5712,63
2021-06-24,Trinity,105,12862,493,338,99,437,3
2021-06-24,Tulare,107,460477,50462,49730,9189,58919,850
2021-06-24,Tuolumne,109,53932,4062,4120,41,4161,64
2021-06-24,Ventura,111,848112,81794,81332,3045,84377,1032
2021-06-24,Yolo,113,214977,14177,14169,347,14516,213
2021-06-24,Yuba,115,75493,6211,6195,133,6328,51
2021-06-23,Alameda,001,1643700,89420,89338,1993,91331,1266
2021-06-23,Alpine,003,1148,88,88,0,88,0
2021-06-23,Amador,005,37829,3759,3743,33,3776,46
2021-06-23,Butte,007,227075,12786,12666,1866,14532,198
2021-06-23,Calaveras,009,45235,2199,2199,14,2213,55
2021-06-23,Colusa,011,21464,1966,1972,321,2293,15
2021-06-23,Contra Costa,013,1133247,71006,70526,1331,71857,813
2021-06-23,Del Norte,015,27424,1460,1418,13,1431,8
2021-06-23,El Dorado,017,186661,10460,10395,758,11153,115
2021-06-23,Fresno,019,978130,103458,103020,8808,111828,1724
2021-06-23,Glenn,021,27897,2450,2437,572,3009,20
2021-06-23,Humboldt,023,135768,4502,4490,43,4533,48
2021-06-23,Imperial,025,180216,28782,28908,2776,31684,740
2021-06-23,Inyo,027,18085,1410,1406,12,1418,35
2021-06-23,Kern,029,883053,97906,97078,11155,108233,1345
2021-06-23,Kings,031,150075,23280,23105,1110,24215,245
2021-06-23,Lake,033,64148,3590,3566,13,3579,53
2021-06-23,Lassen,035,31185,5280,5257,117,5374,20
2021-06-23,Los Angeles,037,10098052,1211188,1206358,42111,1248469,24472
2021-06-23,Madera,039,155013,16787,16660,950,17610,240
2021-06-23,Marin,041,260295,14207,14177,267,14444,230
2021-06-23,Mariposa,043,17540,441,439,11,450,5
2021-06-23,Mendocino,045,87422,4173,4078,82,4160,49
2021-06-23,Merced,047,269075,31236,31260,1068,32328,465
2021-06-23,Modoc,049,8938,417,407,148,555,3
2021-06-23,Mono,051,14174,1266,1279,18,1297,3
2021-06-23,Monterey,053,433212,43328,43166,1883,45049,439
2021-06-23,Napa,055,140530,10021,10032,39,10071,80
2021-06-23,Nevada,057,99092,4972,4924,195,5119,72
2021-06-23,Orange,059,3164182,256575,255479,11556,267035,5116
2021-06-23,Placer,061,380077,23815,23630,1551,25181,299
2021-06-23,Plumas,063,18699,720,701,11,712,4
2021-06-23,Riverside,065,2383286,295604,290343,14180,304523,4462
2021-06-23,Sacramento,067,1510023,108229,107868,1836,109704,1671
2021-06-23,San Benito,069,59416,6096,6097,116,6213,63
2021-06-23,San Bernardino,071,2135413,294706,293816,9077,302893,4886
2021-06-23,San Diego,073,3302833,282947,281937,15337,297274,3777
2021-06-23,San Francisco,075,870044,37106,37304,1310,38614,559
2021-06-23,San Joaquin,077,732212,74066,73764,3664,77428,1405
2021-06-23,San Luis Obispo,079,281455,21534,21323,757,22080,257
2021-06-23,San Mateo,081,765935,42756,42756,489,43245,542
2021-06-23,Santa Barbara,083,443738,34612,34505,1145,35650,454
2021-06-23,Santa Clara,085,1922200,119459,120233,784,121017,2098
2021-06-23,Santa Cruz,087,273765,16326,16215,815,17030,209
2021-06-23,Shasta,089,179085,12591,12604,1638,14242,202
2021-06-23,Sierra,091,2930,63,57,12,69,0
2021-06-23,Siskiyou,093,43540,1964,1892,375,2267,28
2021-06-23,Solano,095,438530,33416,33408,573,33981,267
2021-06-23,Sonoma,097,501317,30926,30959,366,31325,314
2021-06-23,Stanislaus,099,539301,57064,56926,6040,62966,1017
2021-06-23,Sutter,101,95872,9616,9653,90,9743,113
2021-06-23,Tehama,103,63373,5151,5119,596,5715,63
2021-06-23,Trinity,105,12862,493,338,99,437,3
2021-06-23,Tulare,107,460477,50455,49711,9185,58896,850
2021-06-23,Tuolumne,109,53932,4059,4120,41,4161,64
2021-06-23,Ventura,111,848112,81771,81312,3042,84354,1032
2021-06-23,Yolo,113,214977,14167,14161,347,14508,212
2021-06-23,Yuba,115,75493,6208,6190,133,6323,51
2021-06-22,Alameda,001,1643700,89353,89308,1993,91301,1263
2021-06-22,Alpine,003,1148,88,88,0,88,0
2021-06-22,Amador,005,37829,3756,3743,33,3776,46
2021-06-22,Butte,007,227075,12782,12662,1863,14525,198
2021-06-22,Calaveras,009,45235,2198,2198,14,2212,55
2021-06-22,Colusa,011,21464,1965,1971,321,2292,15
2021-06-22,Contra Costa,013,1133247,70950,70480,1330,71810,813
2021-06-22,Del Norte,015,27424,1457,1417,13,1430,8
2021-06-22,El Dorado,017,186661,10455,10380,757,11137,113
2021-06-22,Fresno,019,978130,103439,102996,8804,111800,1724
2021-06-22,Glenn,021,27897,2449,2435,570,3005,19
2021-06-22,Humboldt,023,135768,4492,4483,43,4526,42
2021-06-22,Imperial,025,180216,28777,28880,2776,31656,740
2021-06-22,Inyo,027,18085,1410,1405,12,1417,35
2021-06-22,Kern,029,883053,97893,97013,11151,108164,1342
2021-06-22,Kings,031,150075,23272,23098,1109,24207,245
2021-06-22,Lake,033,64148,3588,3564,13,3577,45
2021-06-22,Lassen,035,31185,5275,5254,117,5371,20
2021-06-22,Los Angeles,037,10098052,1210874,1206146,42099,1248245,24461
2021-06-22,Madera,039,155013,16782,16652,950,17602,240
2021-06-22,Marin,041,260295,14205,14174,267,14441,230
2021-06-22,Mariposa,043,17540,441,439,11,450,5
2021-06-22,Mendocino,045,87422,4167,4072,82,4154,49
2021-06-22,Merced,047,269075,31225,31267,1068,32335,464
2021-06-22,Modoc,049,8938,415,405,147,552,3
2021-06-22,Mono,051,14174,1266,1277,18,1295,3
2021-06-22,Monterey,053,433212,43325,43162,1882,45044,427
2021-06-22,Napa,055,140530,10017,10029,39,10068,80
2021-06-22,Nevada,057,99092,4966,4923,195,5118,72
2021-06-22,Orange,059,3164182,256506,255452,11545,266997,5114
2021-06-22,Placer,061,380077,23793,23603,1551,25154,299
2021-06-22,Plumas,063,18699,720,697,11,708,4
2021-06-22,Riverside,065,2383286,295543,289839,14176,304015,4456
2021-06-22,Sacramento,067,1510023,108128,107801,1831,109632,1670
2021-06-22,San Benito,069,59416,6095,6098,116,6214,63
2021-06-22,San Bernardino,071,2135413,294631,293770,9071,302841,4873
2021-06-22,San Diego,073,3302833,282843,281867,15314,297181,3771
2021-06-22,San Francisco,075,870044,37092,37287,1310,38597,556
2021-06-22,San Joaquin,077,732212,74036,73723,3662,77385,1405
2021-06-22,San Luis Obispo,079,281455,21531,21321,756,22077,257
2021-06-22,San Mateo,081,765935,42742,42725,484,43209,542
2021-06-22,Santa Barbara,083,443738,34601,34500,1144,35644,454
2021-06-22,Santa Clara,085,1922200,119427,120194,784,120978,2095
2021-06-22,Santa Cruz,087,273765,16321,16218,815,17033,209
2021-06-22,Shasta,089,179085,12580,12616,1635,14251,202
2021-06-22,Sierra,091,2930,62,57,12,69,0
2021-06-22,Siskiyou,093,43540,1964,1892,375,2267,28
2021-06-22,Solano,095,438530,33398,33397,572,33969,267
2021-06-22,Sonoma,097,501317,30886,30933,366,31299,314
2021-06-22,Stanislaus,099,539301,57048,56915,6038,62953,1017
2021-06-22,Sutter,101,95872,9609,9649,90,9739,113
2021-06-22,Tehama,103,63373,5149,5118,595,5713,63
2021-06-22,Trinity,105,12862,491,337,99,436,3
2021-06-22,Tulare,107,460477,50446,49706,9180,58886,850
2021-06-22,Tuolumne,109,53932,4057,4119,41,4160,64
2021-06-22,Ventura,111,848112,81757,81300,3041,84341,1032
2021-06-22,Yolo,113,214977,14162,14157,345,14502,212
2021-06-22,Yuba,115,75493,6204,6181,133,6314,51
2021-06-21,Alameda,001,1643700,89296,89281,1992,91273,1262
2021-06-21,Alpine,003,1148,88,88,0,88,0
2021-06-21,Amador,005,37829,3750,3742,33,3775,46
2021-06-21,Butte,007,227075,12776,12668,1861,14529,195
2021-06-21,Calaveras,009,45235,2196,2194,14,2208,55
2021-06-21,Colusa,011,21464,1964,1970,320,2290,15
2021-06-21,Contra Costa,013,1133247,70879,70439,1328,71767,813
2021-06-21,Del Norte,015,27424,1453,1416,13,1429,8
2021-06-21,El Dorado,017,186661,10449,10375,756,11131,113
2021-06-21,Fresno,019,978130,103419,102971,8801,111772,1724
2021-06-21,Glenn,021,27897,2448,2433,570,3003,19
2021-06-21,Humboldt,023,135768,4483,4478,42,4520,42
2021-06-21,Imperial,025,180216,28773,28855,2776,31631,740
2021-06-21,Inyo,027,18085,1409,1405,12,1417,35
2021-06-21,Kern,029,883053,97864,96995,11142,108137,1342
2021-06-21,Kings,031,150075,23265,23091,1106,24197,245
2021-06-21,Lake,033,64148,3582,3563,13,3576,45
2021-06-21,Lassen,035,31185,5273,5233,117,5350,19
2021-06-21,Los Angeles,037,10098052,1210582,1205994,42078,1248072,24459
2021-06-21,Madera,039,155013,16773,16647,950,17597,240
2021-06-21,Marin,041,260295,14201,14173,267,14440,230
2021-06-21,Mariposa,043,17540,441,439,11,450,5
2021-06-21,Mendocino,045,87422,4164,4085,82,4167,49
2021-06-21,Merced,047,269075,31215,31264,1067,32331,465
2021-06-21,Modoc,049,8938,415,405,147,552,3
2021-06-21,Mono,051,14174,1266,1277,18,1295,3
2021-06-21,Monterey,053,433212,43322,43157,1882,45039,427
2021-06-21,Napa,055,140530,10012,10028,39,10067,80
2021-06-21,Nevada,057,99092,4962,4921,195,5116,72
2021-06-21,Orange,059,3164182,256433,255400,11538,266938,5113
2021-06-21,Placer,061,380077,23769,23577,1551,25128,298
2021-06-21,Plumas,063,18699,718,697,11,708,4
2021-06-21,Riverside,065,2383286,295467,289797,14171,303968,4456
2021-06-21,Sacramento,067,1510023,108016,107757,1830,109587,1669
2021-06-21,San Benito,069,59416,6091,6098,116,6214,63
2021-06-21,San Bernardino,071,2135413,294544,293736,9067,302803,4850
2021-06-21,San Diego,073,3302833,282738,281811,15294,297105,3771
2021-06-21,San Francisco,075,870044,37076,37275,1309,38584,556
2021-06-21,San Joaquin,077,732212,73995,73687,3661,77348,1405
2021-06-21,San Luis Obispo,079,281455,21522,21316,756,22072,257
2021-06-21,San Mateo,081,765935,42726,42685,483,43168,542
2021-06-21,Santa Barbara,083,443738,34596,34492,1144,35636,455
2021-06-21,Santa Clara,085,1922200,119394,120192,783,120975,2093
2021-06-21,Santa Cruz,087,273765,16319,16212,815,17027,208
2021-06-21,Shasta,089,179085,12567,12617,1632,14249,201
2021-06-21,Sierra,091,2930,62,57,12,69,0
2021-06-21,Siskiyou,093,43540,1964,1892,375,2267,27
2021-06-21,Solano,095,438530,33375,33383,571,33954,266
2021-06-21,Sonoma,097,501317,30863,30912,366,31278,314
2021-06-21,Stanislaus,099,539301,57018,56891,6033,62924,1017
2021-06-21,Sutter,101,95872,9606,9649,90,9739,113
2021-06-21,Tehama,103,63373,5149,5115,594,5709,63
2021-06-21,Trinity,105,12862,491,337,99,436,3
2021-06-21,Tulare,107,460477,50435,49689,9176,58865,849
2021-06-21,Tuolumne,109,53932,4053,4119,41,4160,63
2021-06-21,Ventura,111,848112,81729,81291,3037,84328,1031
2021-06-21,Yolo,113,214977,14156,14165,345,14510,212
2021-06-21,Yuba,115,75493,6203,6172,133,6305,51
2021-06-20,Alameda,001,1643700,89231,89255,1991,91246,1263
2021-06-20,Alpine,003,1148,88,88,0,88,0
2021-06-20,Amador,005,37829,3747,3740,33,3773,46
2021-06-20,Butte,007,227075,12769,12668,1860,14528,194
2021-06-20,Calaveras,009,45235,2195,2193,14,2207,55
2021-06-20,Colusa,011,21464,1964,1970,320,2290,15
2021-06-20,Contra Costa,013,1133247,70822,70401,1326,71727,813
2021-06-20,Del Norte,015,27424,1449,1416,13,1429,8
2021-06-20,El Dorado,017,186661,10435,10372,753,11125,113
2021-06-20,Fresno,019,978130,103378,102947,8798,111745,1724
2021-06-20,Glenn,021,27897,2448,2434,570,3004,19
2021-06-20,Humboldt,023,135768,4477,4472,42,4514,42
2021-06-20,Imperial,025,180216,28764,28855,2776,31631,740
2021-06-20,Inyo,027,18085,1408,1405,12,1417,35
2021-06-20,Kern,029,883053,97843,96985,11131,108116,1342
2021-06-20,Kings,031,150075,23260,23088,1104,24192,245
2021-06-20,Lake,033,64148,3580,3563,13,3576,45
2021-06-20,Lassen,035,31185,5270,5230,117,5347,19
2021-06-20,Los Angeles,037,10098052,1210283,1205874,42070,1247944,24456
2021-06-20,Madera,039,155013,16765,16638,948,17586,240
2021-06-20,Marin,041,260295,14198,14166,267,14433,230
2021-06-20,Mariposa,043,17540,439,439,11,450,5
2021-06-20,Mendocino,045,87422,4157,4080,82,4162,49
2021-06-20,Merced,047,269075,31202,31265,1067,32332,465
2021-06-20,Modoc,049,8938,415,405,147,552,3
2021-06-20,Mono,051,14174,1266,1275,18,1293,3
2021-06-20,Monterey,053,433212,43313,43156,1881,45037,427
2021-06-20,Napa,055,140530,10005,10026,38,10064,80
2021-06-20,Nevada,057,99092,4955,4919,195,5114,72
2021-06-20,Orange,059,3164182,256369,255377,11527,266904,5113
2021-06-20,Placer,061,380077,23735,23562,1547,25109,298
2021-06-20,Plumas,063,18699,717,697,11,708,4
2021-06-20,Riverside,065,2383286,295388,289770,14160,303930,4456
2021-06-20,Sacramento,067,1510023,107905,107700,1827,109527,1669
2021-06-20,San Benito,069,59416,6091,6098,116,6214,63
2021-06-20,San Bernardino,071,2135413,294444,293713,9063,302776,4845
2021-06-20,San Diego,073,3302833,282632,281750,15272,297022,3771
2021-06-20,San Francisco,075,870044,37053,37269,1309,38578,556
2021-06-20,San Joaquin,077,732212,73950,73676,3652,77328,1405
2021-06-20,San Luis Obispo,079,281455,21520,21313,756,22069,257
2021-06-20,San Mateo,081,765935,42697,42681,483,43164,542
2021-06-20,Santa Barbara,083,443738,34587,34487,1144,35631,455
2021-06-20,Santa Clara,085,1922200,119359,120163,783,120946,2093
2021-06-20,Santa Cruz,087,273765,16313,16210,815,17025,208
2021-06-20,Shasta,089,179085,12562,12617,1630,14247,201
2021-06-20,Sierra,091,2930,62,57,12,69,0
2021-06-20,Siskiyou,093,43540,1963,1891,375,2266,27
2021-06-20,Solano,095,438530,33353,33361,569,33930,266
2021-06-20,Sonoma,097,501317,30816,30884,363,31247,314
2021-06-20,Stanislaus,099,539301,56987,56868,6032,62900,1017
2021-06-20,Sutter,101,95872,9603,9645,90,9735,113
2021-06-20,Tehama,103,63373,5145,5115,594,5709,63
2021-06-20,Trinity,105,12862,491,337,99,436,3
2021-06-20,Tulare,107,460477,50426,49685,9174,58859,849
2021-06-20,Tuolumne,109,53932,4050,4117,41,4158,63
2021-06-20,Ventura,111,848112,81713,81282,3035,84317,1031
2021-06-20,Yolo,113,214977,14149,14160,345,14505,212
2021-06-20,Yuba,115,75493,6196,6167,133,6300,51
2021-06-19,Alameda,001,1643700,89196,89202,1991,91193,1263
2021-06-19,Alpine,003,1148,88,88,0,88,0
2021-06-19,Amador,005,37829,3745,3739,33,3772,46
2021-06-19,Butte,007,227075,12765,12659,1860,14519,194
2021-06-19,Calaveras,009,45235,2195,2192,14,2206,55
2021-06-19,Colusa,011,21464,1964,1969,320,2289,15
2021-06-19,Contra Costa,013,1133247,70791,70334,1325,71659,813
2021-06-19,Del Norte,015,27424,1448,1416,13,1429,8
2021-06-19,El Dorado,017,186661,10434,10363,752,11115,113
2021-06-19,Fresno,019,978130,103365,102922,8795,111717,1724
2021-06-19,Glenn,021,27897,2447,2434,569,3003,19
2021-06-19,Humboldt,023,135768,4466,4463,42,4505,42
2021-06-19,Imperial,025,180216,28763,28813,2776,31589,740
2021-06-19,Inyo,027,18085,1408,1405,12,1417,35
2021-06-19,Kern,029,883053,97827,96966,11127,108093,1342
2021-06-19,Kings,031,150075,23257,23086,1104,24190,245
2021-06-19,Lake,033,64148,3576,3563,13,3576,45
2021-06-19,Lassen,035,31185,5269,5225,117,5342,19
2021-06-19,Los Angeles,037,10098052,1210083,1205602,42055,1247657,24454
2021-06-19,Madera,039,155013,16763,16632,948,17580,240
2021-06-19,Marin,041,260295,14190,14152,267,14419,230
2021-06-19,Mariposa,043,17540,439,439,11,450,5
2021-06-19,Mendocino,045,87422,4151,4077,82,4159,49
2021-06-19,Merced,047,269075,31200,31256,1067,32323,465
2021-06-19,Modoc,049,8938,414,402,147,549,3
2021-06-19,Mono,051,14174,1266,1275,18,1293,3
2021-06-19,Monterey,053,433212,43307,43153,1881,45034,427
2021-06-19,Napa,055,140530,10001,10025,38,10063,80
2021-06-19,Nevada,057,99092,4950,4910,195,5105,72
2021-06-19,Orange,059,3164182,256322,255329,11524,266853,5112
2021-06-19,Placer,061,380077,23719,23537,1544,25081,298
2021-06-19,Plumas,063,18699,716,697,11,708,4
2021-06-19,Riverside,065,2383286,295342,289720,14160,303880,4456
2021-06-19,Sacramento,067,1510023,107859,107631,1824,109455,1669
2021-06-19,San Benito,069,59416,6090,6098,116,6214,63
2021-06-19,San Bernardino,071,2135413,294400,293673,9060,302733,4844
2021-06-19,San Diego,073,3302833,282572,281682,15258,296940,3771
2021-06-19,San Francisco,075,870044,37040,37256,1309,38565,556
2021-06-19,San Joaquin,077,732212,73934,73652,3648,77300,1405
2021-06-19,San Luis Obispo,079,281455,21518,21308,756,22064,257
2021-06-19,San Mateo,081,765935,42679,42646,481,43127,542
2021-06-19,Santa Barbara,083,443738,34585,34472,1144,35616,455
2021-06-19,Santa Clara,085,1922200,119336,120110,782,120892,2093
2021-06-19,Santa Cruz,087,273765,16308,16206,815,17021,208
2021-06-19,Shasta,089,179085,12560,12615,1629,14244,201
2021-06-19,Sierra,091,2930,62,57,12,69,0
2021-06-19,Siskiyou,093,43540,1963,1891,374,2265,27
2021-06-19,Solano,095,438530,33343,33341,568,33909,266
2021-06-19,Sonoma,097,501317,30775,30841,362,31203,314
2021-06-19,Stanislaus,099,539301,56968,56847,6029,62876,1017
2021-06-19,Sutter,101,95872,9600,9645,90,9735,113
2021-06-19,Tehama,103,63373,5144,5115,594,5709,63
2021-06-19,Trinity,105,12862,491,337,99,436,3
2021-06-19,Tulare,107,460477,50419,49681,9169,58850,849
2021-06-19,Tuolumne,109,53932,4050,4117,41,4158,63
2021-06-19,Ventura,111,848112,81700,81270,3034,84304,1031
2021-06-19,Yolo,113,214977,14145,14156,344,14500,212
2021-06-19,Yuba,115,75493,6195,6157,133,6290,51
2021-06-18,Alameda,001,1643700,89159,89123,1991,91114,1263
2021-06-18,Alpine,003,1148,88,88,0,88,0
2021-06-18,Amador,005,37829,3745,3739,33,3772,46
2021-06-18,Butte,007,227075,12762,12653,1857,14510,194
2021-06-18,Calaveras,009,45235,2195,2191,14,2205,55
2021-06-18,Colusa,011,21464,1963,1969,320,2289,15
2021-06-18,Contra Costa,013,1133247,70749,70271,1323,71594,813
2021-06-18,Del Norte,015,27424,1448,1415,13,1428,8
2021-06-18,El Dorado,017,186661,10431,10348,750,11098,113
2021-06-18,Fresno,019,978130,103349,102894,8793,111687,1722
2021-06-18,Glenn,021,27897,2446,2430,569,2999,19
2021-06-18,Humboldt,023,135768,4458,4450,42,4492,42
2021-06-18,Imperial,025,180216,28761,28809,2776,31585,740
2021-06-18,Inyo,027,18085,1408,1405,12,1417,35
2021-06-18,Kern,029,883053,97816,96948,11121,108069,1341
2021-06-18,Kings,031,150075,23252,23082,1104,24186,245
2021-06-18,Lake,033,64148,3572,3563,13,3576,45
2021-06-18,Lassen,035,31185,5268,5224,117,5341,19
2021-06-18,Los Angeles,037,10098052,1209926,1205472,42038,1247510,24451
2021-06-18,Madera,039,155013,16757,16625,948,17573,241
2021-06-18,Marin,041,260295,14187,14147,267,14414,230
2021-06-18,Mariposa,043,17540,439,439,11,450,5
2021-06-18,Mendocino,045,87422,4146,4068,82,4150,49
2021-06-18,Merced,047,269075,31198,31262,1067,32329,464
2021-06-18,Modoc,049,8938,414,402,147,549,3
2021-06-18,Mono,051,14174,1265,1275,17,1292,3
2021-06-18,Monterey,053,433212,43304,43148,1881,45029,427
2021-06-18,Napa,055,140530,9997,10021,38,10059,80
2021-06-18,Nevada,057,99092,4942,4903,195,5098,72
2021-06-18,Orange,059,3164182,256285,255274,11521,266795,5108
2021-06-18,Placer,061,380077,23711,23500,1541,25041,298
2021-06-18,Plumas,063,18699,716,697,11,708,4
2021-06-18,Riverside,065,2383286,295294,289676,14159,303835,4457
2021-06-18,Sacramento,067,1510023,107811,107570,1824,109394,1669
2021-06-18,San Benito,069,59416,6089,6097,116,6213,63
2021-06-18,San Bernardino,071,2135413,294355,293629,9056,302685,4826
2021-06-18,San Diego,073,3302833,282496,281608,15247,296855,3771
2021-06-18,San Francisco,075,870044,37031,37246,1309,38555,556
2021-06-18,San Joaquin,077,732212,73916,73623,3646,77269,1403
2021-06-18,San Luis Obispo,079,281455,21514,21301,755,22056,257
2021-06-18,San Mateo,081,765935,42668,42630,480,43110,542
2021-06-18,Santa Barbara,083,443738,34575,34469,1144,35613,455
2021-06-18,Santa Clara,085,1922200,119315,120081,780,120861,2093
2021-06-18,Santa Cruz,087,273765,16304,16202,815,17017,208
2021-06-18,Shasta,089,179085,12556,12607,1627,14234,201
2021-06-18,Sierra,091,2930,61,57,12,69,0
2021-06-18,Siskiyou,093,43540,1963,1890,374,2264,27
2021-06-18,Solano,095,438530,33329,33323,568,33891,266
2021-06-18,Sonoma,097,501317,30757,30816,361,31177,313
2021-06-18,Stanislaus,099,539301,56953,56803,6027,62830,1012
2021-06-18,Sutter,101,95872,9597,9643,90,9733,113
2021-06-18,Tehama,103,63373,5142,5114,594,5708,63
2021-06-18,Trinity,105,12862,491,337,98,435,3
2021-06-18,Tulare,107,460477,50417,49664,9162,58826,849
2021-06-18,Tuolumne,109,53932,4048,4116,41,4157,63
2021-06-18,Ventura,111,848112,81690,81256,3028,84284,1031
2021-06-18,Yolo,113,214977,14142,14148,342,14490,212
2021-06-18,Yuba,115,75493,6189,6150,133,6283,51
2021-06-17,Alameda,001,1643700,89112,89087,1991,91078,1262
2021-06-17,Alpine,003,1148,88,88,0,88,0
2021-06-17,Amador,005,37829,3743,3731,33,3764,46
2021-06-17,Butte,007,227075,12752,12644,1856,14500,194
2021-06-17,Calaveras,009,45235,2194,2189,14,2203,55
2021-06-17,Colusa,011,21464,1962,1969,320,2289,15
2021-06-17,Contra Costa,013,1133247,70710,70190,1319,71509,810
2021-06-17,Del Norte,015,27424,1446,1413,13,1426,8
2021-06-17,El Dorado,017,186661,10421,10341,750,11091,113
2021-06-17,Fresno,019,978130,103323,102867,8789,111656,1722
2021-06-17,Glenn,021,27897,2446,2430,569,2999,19
2021-06-17,Humboldt,023,135768,4449,4438,42,4480,42
2021-06-17,Imperial,025,180216,28753,28801,2776,31577,741
2021-06-17,Inyo,027,18085,1408,1405,12,1417,35
2021-06-17,Kern,029,883053,97801,96840,11115,107955,1340
2021-06-17,Kings,031,150075,23248,23078,1103,24181,245
2021-06-17,Lake,033,64148,3569,3563,9,3572,45
2021-06-17,Lassen,035,31185,5264,5223,117,5340,19
2021-06-17,Los Angeles,037,10098052,1209714,1205301,42009,1247310,24444
2021-06-17,Madera,039,155013,16752,16618,948,17566,241
2021-06-17,Marin,041,260295,14187,14141,267,14408,229
2021-06-17,Mariposa,043,17540,439,439,11,450,5
2021-06-17,Mendocino,045,87422,4139,4054,82,4136,49
2021-06-17,Merced,047,269075,31193,31262,1067,32329,464
2021-06-17,Modoc,049,8938,413,401,147,548,3
2021-06-17,Mono,051,14174,1264,1275,17,1292,3
2021-06-17,Monterey,053,433212,43296,43140,1881,45021,416
2021-06-17,Napa,055,140530,9997,10014,38,10052,80
2021-06-17,Nevada,057,99092,4938,4898,195,5093,72
2021-06-17,Orange,059,3164182,256239,255240,11510,266750,5109
2021-06-17,Placer,061,380077,23695,23461,1539,25000,298
2021-06-17,Plumas,063,18699,715,697,11,708,4
2021-06-17,Riverside,065,2383286,295240,289627,14157,303784,4458
2021-06-17,Sacramento,067,1510023,107747,107492,1822,109314,1666
2021-06-17,San Benito,069,59416,6089,6097,116,6213,63
2021-06-17,San Bernardino,071,2135413,294314,293560,9056,302616,4811
2021-06-17,San Diego,073,3302833,282420,281531,15233,296764,3771
2021-06-17,San Francisco,075,870044,37020,37243,1308,38551,556
2021-06-17,San Joaquin,077,732212,73893,73560,3641,77201,1403
2021-06-17,San Luis Obispo,079,281455,21512,21297,755,22052,257
2021-06-17,San Mateo,081,765935,42662,42615,480,43095,542
2021-06-17,Santa Barbara,083,443738,34569,34466,1144,35610,453
2021-06-17,Santa Clara,085,1922200,119290,120032,779,120811,2093
2021-06-17,Santa Cruz,087,273765,16300,16197,815,17012,208
2021-06-17,Shasta,089,179085,12548,12597,1627,14224,201
2021-06-17,Sierra,091,2930,61,56,12,68,0
2021-06-17,Siskiyou,093,43540,1962,1889,374,2263,27
2021-06-17,Solano,095,438530,33308,33296,567,33863,266
2021-06-17,Sonoma,097,501317,30726,30793,361,31154,323
2021-06-17,Stanislaus,099,539301,56922,56752,6022,62774,1012
2021-06-17,Sutter,101,95872,9594,9629,90,9719,113
2021-06-17,Tehama,103,63373,5141,5112,592,5704,63
2021-06-17,Trinity,105,12862,490,337,98,435,3
2021-06-17,Tulare,107,460477,50412,49649,9154,58803,849
2021-06-17,Tuolumne,109,53932,4047,4116,41,4157,63
2021-06-17,Ventura,111,848112,81681,81248,3025,84273,1030
2021-06-17,Yolo,113,214977,14134,14141,342,14483,212
2021-06-17,Yuba,115,75493,6180,6140,133,6273,51
2021-06-16,Alameda,001,1643700,89063,89045,1990,91035,1265
2021-06-16,Alpine,003,1148,88,88,0,88,0
2021-06-16,Amador,005,37829,3742,3730,33,3763,46
2021-06-16,Butte,007,227075,12750,12635,1854,14489,194
2021-06-16,Calaveras,009,45235,2192,2188,14,2202,55
2021-06-16,Colusa,011,21464,1962,1967,320,2287,15
2021-06-16,Contra Costa,013,1133247,70658,70136,1318,71454,810
2021-06-16,Del Norte,015,27424,1443,1413,13,1426,8
2021-06-16,El Dorado,017,186661,10415,10334,749,11083,113
2021-06-16,Fresno,019,978130,103293,102842,8785,111627,1722
2021-06-16,Glenn,021,27897,2446,2430,569,2999,19
2021-06-16,Humboldt,023,135768,4440,4427,41,4468,42
2021-06-16,Imperial,025,180216,28750,28796,2776,31572,741
2021-06-16,Inyo,027,18085,1407,1405,12,1417,35
2021-06-16,Kern,029,883053,97779,96789,11108,107897,1339
2021-06-16,Kings,031,150075,23247,23072,1102,24174,245
2021-06-16,Lake,033,64148,3569,3562,9,3571,45
2021-06-16,Lassen,035,31185,5261,5216,117,5333,19
2021-06-16,Los Angeles,037,10098052,1209491,1205102,41998,1247100,24439
2021-06-16,Madera,039,155013,16748,16603,948,17551,240
2021-06-16,Marin,041,260295,14185,14137,267,14404,229
2021-06-16,Mariposa,043,17540,439,437,11,448,5
2021-06-16,Mendocino,045,87422,4131,4041,82,4123,49
2021-06-16,Merced,047,269075,31185,31250,1067,32317,463
2021-06-16,Modoc,049,8938,412,383,146,529,3
2021-06-16,Mono,051,14174,1264,1275,17,1292,3
2021-06-16,Monterey,053,433212,43293,43122,1881,45003,416
2021-06-16,Napa,055,140530,9993,10011,38,10049,80
2021-06-16,Nevada,057,99092,4933,4894,195,5089,72
2021-06-16,Orange,059,3164182,256185,255188,11502,266690,5109
2021-06-16,Placer,061,380077,23685,23425,1535,24960,298
2021-06-16,Plumas,063,18699,715,697,11,708,4
2021-06-16,Riverside,065,2383286,295179,289539,14155,303694,4457
2021-06-16,Sacramento,067,1510023,107677,107422,1818,109240,1665
2021-06-16,San Benito,069,59416,6089,6090,116,6206,63
2021-06-16,San Bernardino,071,2135413,294265,293499,9054,302553,4797
2021-06-16,San Diego,073,3302833,282341,281423,15220,296643,3770
2021-06-16,San Francisco,075,870044,37007,37222,1306,38528,555
2021-06-16,San Joaquin,077,732212,73854,73530,3637,77167,1399
2021-06-16,San Luis Obispo,079,281455,21507,21294,755,22049,257
2021-06-16,San Mateo,081,765935,42646,42601,480,43081,542
2021-06-16,Santa Barbara,083,443738,34563,34459,1144,35603,460
2021-06-16,Santa Clara,085,1922200,119258,119982,779,120761,2087
2021-06-16,Santa Cruz,087,273765,16297,16187,815,17002,208
2021-06-16,Shasta,089,179085,12543,12592,1626,14218,200
2021-06-16,Sierra,091,2930,61,56,12,68,0
2021-06-16,Siskiyou,093,43540,1961,1886,374,2260,26
2021-06-16,Solano,095,438530,33280,33276,567,33843,266
2021-06-16,Sonoma,097,501317,30690,30741,361,31102,323
2021-06-16,Stanislaus,099,539301,56891,56738,6020,62758,984
2021-06-16,Sutter,101,95872,9590,9620,90,9710,113
2021-06-16,Tehama,103,63373,5139,5106,592,5698,63
2021-06-16,Trinity,105,12862,489,332,98,430,3
2021-06-16,Tulare,107,460477,50407,49578,9150,58728,849
2021-06-16,Tuolumne,109,53932,4047,4110,41,4151,63
2021-06-16,Ventura,111,848112,81667,81229,3023,84252,1029
2021-06-16,Yolo,113,214977,14125,14135,341,14476,212
2021-06-16,Yuba,115,75493,6170,6134,133,6267,51
2021-06-15,Alameda,001,1643700,89020,89008,1990,90998,1262
2021-06-15,Alpine,003,1148,88,88,0,88,0
2021-06-15,Amador,005,37829,3739,3723,33,3756,46
2021-06-15,Butte,007,227075,12742,12620,1853,14473,194
2021-06-15,Calaveras,009,45235,2191,2188,14,2202,55
2021-06-15,Colusa,011,21464,1962,1967,318,2285,15
2021-06-15,Contra Costa,013,1133247,70596,70101,1318,71419,810
2021-06-15,Del Norte,015,27424,1442,1411,13,1424,8
2021-06-15,El Dorado,017,186661,10406,10330,749,11079,113
2021-06-15,Fresno,019,978130,103261,102828,8784,111612,1722
2021-06-15,Glenn,021,27897,2445,2426,569,2995,19
2021-06-15,Humboldt,023,135768,4431,4414,40,4454,42
2021-06-15,Imperial,025,180216,28744,28789,2776,31565,741
2021-06-15,Inyo,027,18085,1407,1405,12,1417,35
2021-06-15,Kern,029,883053,97751,96782,11100,107882,1338
2021-06-15,Kings,031,150075,23241,23070,1100,24170,245
2021-06-15,Lake,033,64148,3568,3559,9,3568,45
2021-06-15,Lassen,035,31185,5260,5211,117,5328,19
2021-06-15,Los Angeles,037,10098052,1209259,1204926,41990,1246916,24435
2021-06-15,Madera,039,155013,16741,16600,947,17547,240
2021-06-15,Marin,041,260295,14177,14135,267,14402,229
2021-06-15,Mariposa,043,17540,439,437,11,448,5
2021-06-15,Mendocino,045,87422,4124,4034,82,4116,49
2021-06-15,Merced,047,269075,31179,31244,1067,32311,461
2021-06-15,Modoc,049,8938,411,383,146,529,3
2021-06-15,Mono,051,14174,1264,1275,17,1292,3
2021-06-15,Monterey,053,433212,43287,43118,1881,44999,416
2021-06-15,Napa,055,140530,9991,10010,38,10048,80
2021-06-15,Nevada,057,99092,4930,4888,195,5083,72
2021-06-15,Orange,059,3164182,256144,255127,11493,266620,5105
2021-06-15,Placer,061,380077,23663,23396,1534,24930,298
2021-06-15,Plumas,063,18699,714,697,11,708,4
2021-06-15,Riverside,065,2383286,295119,289508,14151,303659,4455
2021-06-15,Sacramento,067,1510023,107602,107370,1812,109182,1662
2021-06-15,San Benito,069,59416,6088,6089,116,6205,63
2021-06-15,San Bernardino,071,2135413,294215,293463,9048,302511,4790
2021-06-15,San Diego,073,3302833,282257,281375,15205,296580,3770
2021-06-15,San Francisco,075,870044,36998,37210,1305,38515,555
2021-06-15,San Joaquin,077,732212,73814,73494,3632,77126,1399
2021-06-15,San Luis Obispo,079,281455,21502,21293,754,22047,257
2021-06-15,San Mateo,081,765935,42632,42593,480,43073,543
2021-06-15,Santa Barbara,083,443738,34558,34451,1144,35595,460
2021-06-15,Santa Clara,085,1922200,119220,119963,779,120742,2086
2021-06-15,Santa Cruz,087,273765,16291,16180,814,16994,208
2021-06-15,Shasta,089,179085,12537,12583,1626,14209,201
2021-06-15,Sierra,091,2930,60,55,12,67,0
2021-06-15,Siskiyou,093,43540,1960,1887,374,2261,26
2021-06-15,Solano,095,438530,33261,33264,567,33831,266
2021-06-15,Sonoma,097,501317,30651,30707,360,31067,323
2021-06-15,Stanislaus,099,539301,56863,56724,6017,62741,979
2021-06-15,Sutter,101,95872,9581,9616,90,9706,113
2021-06-15,Tehama,103,63373,5137,5102,592,5694,63
2021-06-15,Trinity,105,12862,488,332,97,429,3
2021-06-15,Tulare,107,460477,50400,49561,9147,58708,848
2021-06-15,Tuolumne,109,53932,4047,4111,41,4152,63
2021-06-15,Ventura,111,848112,81656,81215,3020,84235,1029
2021-06-15,Yolo,113,214977,14121,14127,339,14466,212
2021-06-15,Yuba,115,75493,6159,6130,133,6263,51
2021-06-14,Alameda,001,1643700,88971,88966,1990,90956,1264
2021-06-14,Alpine,003,1148,88,88,0,88,0
2021-06-14,Amador,005,37829,3738,3722,33,3755,46
2021-06-14,Butte,007,227075,12731,12613,1849,14462,194
2021-06-14,Calaveras,009,45235,2190,2190,14,2204,55
2021-06-14,Colusa,011,21464,1961,1966,318,2284,15
2021-06-14,Contra Costa,013,1133247,70543,70069,1316,71385,810
2021-06-14,Del Norte,015,27424,1442,1411,13,1424,8
2021-06-14,El Dorado,017,186661,10397,10327,748,11075,113
2021-06-14,Fresno,019,978130,103239,102812,8782,111594,1719
2021-06-14,Glenn,021,27897,2445,2426,569,2995,19
2021-06-14,Humboldt,023,135768,4423,4407,39,4446,42
2021-06-14,Imperial,025,180216,28732,28836,2776,31612,741
2021-06-14,Inyo,027,18085,1406,1405,12,1417,35
2021-06-14,Kern,029,883053,97731,96760,11090,107850,1337
2021-06-14,Kings,031,150075,23238,23071,1099,24170,245
2021-06-14,Lake,033,64148,3567,3557,9,3566,45
2021-06-14,Lassen,035,31185,5257,5209,116,5325,19
2021-06-14,Los Angeles,037,10098052,1209024,1204748,41980,1246728,24434
2021-06-14,Madera,039,155013,16735,16597,946,17543,240
2021-06-14,Marin,041,260295,14175,14133,267,14400,229
2021-06-14,Mariposa,043,17540,438,437,11,448,5
2021-06-14,Mendocino,045,87422,4118,4028,82,4110,49
2021-06-14,Merced,047,269075,31170,31241,1066,32307,461
2021-06-14,Modoc,049,8938,402,382,144,526,3
2021-06-14,Mono,051,14174,1264,1275,17,1292,3
2021-06-14,Monterey,053,433212,43284,43110,1881,44991,415
2021-06-14,Napa,055,140530,9987,10000,38,10038,80
2021-06-14,Nevada,057,99092,4923,4885,195,5080,72
2021-06-14,Orange,059,3164182,256106,255069,11489,266558,5103
2021-06-14,Placer,061,380077,23638,23379,1533,24912,298
2021-06-14,Plumas,063,18699,714,696,11,707,4
2021-06-14,Riverside,065,2383286,295065,289476,14151,303627,4453
2021-06-14,Sacramento,067,1510023,107548,107334,1807,109141,1661
2021-06-14,San Benito,069,59416,6088,6087,116,6203,63
2021-06-14,San Bernardino,071,2135413,294159,293446,9044,302490,4790
2021-06-14,San Diego,073,3302833,282151,281314,15185,296499,3770
2021-06-14,San Francisco,075,870044,36985,37206,1305,38511,555
2021-06-14,San Joaquin,077,732212,73785,73453,3632,77085,1398
2021-06-14,San Luis Obispo,079,281455,21500,21302,754,22056,256
2021-06-14,San Mateo,081,765935,42619,42619,479,43098,543
2021-06-14,Santa Barbara,083,443738,34555,34449,1144,35593,460
2021-06-14,Santa Clara,085,1922200,119189,119957,778,120735,2085
2021-06-14,Santa Cruz,087,273765,16288,16175,814,16989,208
2021-06-14,Shasta,089,179085,12526,12561,1623,14184,201
2021-06-14,Sierra,091,2930,59,55,12,67,0
2021-06-14,Siskiyou,093,43540,1960,1886,374,2260,26
2021-06-14,Solano,095,438530,33244,33243,566,33809,266
2021-06-14,Sonoma,097,501317,30619,30679,359,31038,323
2021-06-14,Stanislaus,099,539301,56827,56689,6014,62703,975
2021-06-14,Sutter,101,95872,9578,9607,90,9697,112
2021-06-14,Tehama,103,63373,5135,5102,592,5694,63
2021-06-14,Trinity,105,12862,488,332,97,429,3
2021-06-14,Tulare,107,460477,50395,49538,9144,58682,848
2021-06-14,Tuolumne,109,53932,4044,4108,41,4149,63
2021-06-14,Ventura,111,848112,81646,81209,3020,84229,1028
2021-06-14,Yolo,113,214977,14113,14123,339,14462,212
2021-06-14,Yuba,115,75493,6152,6127,133,6260,50
2021-06-13,Alameda,001,1643700,88914,88947,1989,90936,1264
2021-06-13,Alpine,003,1148,87,88,0,88,0
2021-06-13,Amador,005,37829,3734,3721,33,3754,46
2021-06-13,Butte,007,227075,12720,12586,1846,14432,194
2021-06-13,Calaveras,009,45235,2190,2189,14,2203,55
2021-06-13,Colusa,011,21464,1961,1965,317,2282,15
2021-06-13,Contra Costa,013,1133247,70489,70040,1314,71354,810
2021-06-13,Del Norte,015,27424,1440,1412,13,1425,8
2021-06-13,El Dorado,017,186661,10388,10324,748,11072,113
2021-06-13,Fresno,019,978130,103208,102795,8777,111572,1719
2021-06-13,Glenn,021,27897,2444,2425,567,2992,19
2021-06-13,Humboldt,023,135768,4410,4401,39,4440,42
2021-06-13,Imperial,025,180216,28723,28800,2776,31576,741
2021-06-13,Inyo,027,18085,1406,1405,12,1417,35
2021-06-13,Kern,029,883053,97707,96743,11078,107821,1337
2021-06-13,Kings,031,150075,23233,23069,1098,24167,245
2021-06-13,Lake,033,64148,3567,3556,9,3565,45
2021-06-13,Lassen,035,31185,5252,5209,116,5325,19
2021-06-13,Los Angeles,037,10098052,1208761,1204614,41967,1246581,24433
2021-06-13,Madera,039,155013,16721,16590,946,17536,240
2021-06-13,Marin,041,260295,14169,14126,267,14393,229
2021-06-13,Mariposa,043,17540,438,434,11,445,5
2021-06-13,Mendocino,045,87422,4111,4026,82,4108,49
2021-06-13,Merced,047,269075,31164,31240,1065,32305,461
2021-06-13,Modoc,049,8938,400,382,142,524,3
2021-06-13,Mono,051,14174,1264,1275,17,1292,3
2021-06-13,Monterey,053,433212,43276,43108,1881,44989,415
2021-06-13,Napa,055,140530,9981,9995,38,10033,80
2021-06-13,Nevada,057,99092,4918,4883,195,5078,72
2021-06-13,Orange,059,3164182,256051,255043,11487,266530,5103
2021-06-13,Placer,061,380077,23612,23365,1531,24896,295
2021-06-13,Plumas,063,18699,713,696,11,707,4
2021-06-13,Riverside,065,2383286,294998,289447,14148,303595,4453
2021-06-13,Sacramento,067,1510023,107472,107289,1804,109093,1658
2021-06-13,San Benito,069,59416,6088,6086,116,6202,63
2021-06-13,San Bernardino,071,2135413,294108,293416,9039,302455,4788
2021-06-13,San Diego,073,3302833,282072,281268,15169,296437,3770
2021-06-13,San Francisco,075,870044,36972,37197,1305,38502,555
2021-06-13,San Joaquin,077,732212,73749,73438,3630,77068,1398
2021-06-13,San Luis Obispo,079,281455,21494,21298,753,22051,256
2021-06-13,San Mateo,081,765935,42606,42611,479,43090,542
2021-06-13,Santa Barbara,083,443738,34544,34449,1143,35592,460
2021-06-13,Santa Clara,085,1922200,119165,119946,778,120724,2085
2021-06-13,Santa Cruz,087,273765,16281,16172,814,16986,208
2021-06-13,Shasta,089,179085,12517,12560,1622,14182,201
2021-06-13,Sierra,091,2930,59,55,12,67,0
2021-06-13,Siskiyou,093,43540,1959,1885,374,2259,26
2021-06-13,Solano,095,438530,33223,33234,566,33800,266
2021-06-13,Sonoma,097,501317,30584,30663,357,31020,323
2021-06-13,Stanislaus,099,539301,56801,56671,6011,62682,975
2021-06-13,Sutter,101,95872,9571,9603,90,9693,112
2021-06-13,Tehama,103,63373,5133,5100,592,5692,63
2021-06-13,Trinity,105,12862,487,332,97,429,3
2021-06-13,Tulare,107,460477,50386,49537,9139,58676,848
2021-06-13,Tuolumne,109,53932,4042,4107,40,4147,63
2021-06-13,Ventura,111,848112,81632,81201,3020,84221,1028
2021-06-13,Yolo,113,214977,14104,14120,337,14457,212
2021-06-13,Yuba,115,75493,6145,6125,133,6258,50
2021-06-12,Alameda,001,1643700,88887,88901,1989,90890,1271
2021-06-12,Alpine,003,1148,87,88,0,88,0
2021-06-12,Amador,005,37829,3733,3721,33,3754,46
2021-06-12,Butte,007,227075,12716,12576,1846,14422,194
2021-06-12,Calaveras,009,45235,2190,2189,14,2203,55
2021-06-12,Colusa,011,21464,1961,1965,317,2282,15
2021-06-12,Contra Costa,013,1133247,70458,69989,1311,71300,810
2021-06-12,Del Norte,015,27424,1440,1412,13,1425,8
2021-06-12,El Dorado,017,186661,10383,10320,747,11067,113
2021-06-12,Fresno,019,978130,103198,102783,8776,111559,1720
2021-06-12,Glenn,021,27897,2442,2425,567,2992,19
2021-06-12,Humboldt,023,135768,4402,4396,39,4435,42
2021-06-12,Imperial,025,180216,28720,28799,2776,31575,741
2021-06-12,Inyo,027,18085,1406,1405,12,1417,35
2021-06-12,Kern,029,883053,97692,96731,11074,107805,1337
2021-06-12,Kings,031,150075,23231,23067,1098,24165,245
2021-06-12,Lake,033,64148,3566,3552,9,3561,45
2021-06-12,Lassen,035,31185,5252,5208,116,5324,19
2021-06-12,Los Angeles,037,10098052,1208623,1204439,41961,1246400,24434
2021-06-12,Madera,039,155013,16717,16586,946,17532,240
2021-06-12,Marin,041,260295,14166,14121,267,14388,229
2021-06-12,Mariposa,043,17540,438,434,11,445,5
2021-06-12,Mendocino,045,87422,4108,4024,82,4106,49
2021-06-12,Merced,047,269075,31161,31236,1065,32301,461
2021-06-12,Modoc,049,8938,399,382,142,524,3
2021-06-12,Mono,051,14174,1264,1275,17,1292,3
2021-06-12,Monterey,053,433212,43270,43103,1881,44984,415
2021-06-12,Napa,055,140530,9977,9986,38,10024,80
2021-06-12,Nevada,057,99092,4912,4878,195,5073,72
2021-06-12,Orange,059,3164182,256018,255004,11485,266489,5103
2021-06-12,Placer,061,380077,23593,23345,1531,24876,295
2021-06-12,Plumas,063,18699,713,696,11,707,4
2021-06-12,Riverside,065,2383286,294956,289413,14145,303558,4453
2021-06-12,Sacramento,067,1510023,107412,107199,1801,109000,1658
2021-06-12,San Benito,069,59416,6086,6083,116,6199,63
2021-06-12,San Bernardino,071,2135413,294074,293375,9037,302412,4788
2021-06-12,San Diego,073,3302833,282015,281203,15160,296363,3770
2021-06-12,San Francisco,075,870044,36962,37189,1305,38494,555
2021-06-12,San Joaquin,077,732212,73730,73413,3629,77042,1398
2021-06-12,San Luis Obispo,079,281455,21491,21293,753,22046,256
2021-06-12,San Mateo,081,765935,42601,42604,479,43083,542
2021-06-12,Santa Barbara,083,443738,34539,34450,1143,35593,460
2021-06-12,Santa Clara,085,1922200,119125,119894,778,120672,2085
2021-06-12,Santa Cruz,087,273765,16273,16170,814,16984,208
2021-06-12,Shasta,089,179085,12514,12556,1621,14177,201
2021-06-12,Sierra,091,2930,59,55,12,67,0
2021-06-12,Siskiyou,093,43540,1958,1884,374,2258,25
2021-06-12,Solano,095,438530,33214,33219,566,33785,266
2021-06-12,Sonoma,097,501317,30555,30647,357,31004,323
2021-06-12,Stanislaus,099,539301,56784,56649,6010,62659,974
2021-06-12,Sutter,101,95872,9567,9603,90,9693,112
2021-06-12,Tehama,103,63373,5133,5099,591,5690,63
2021-06-12,Trinity,105,12862,487,332,97,429,3
2021-06-12,Tulare,107,460477,50381,49533,9132,58665,848
2021-06-12,Tuolumne,109,53932,4041,4105,40,4145,63
2021-06-12,Ventura,111,848112,81620,81197,3020,84217,1028
2021-06-12,Yolo,113,214977,14101,14118,336,14454,212
2021-06-12,Yuba,115,75493,6140,6120,133,6253,50
2021-06-11,Alameda,001,1643700,88859,88844,1989,90833,1278
2021-06-11,Alpine,003,1148,87,88,0,88,0
2021-06-11,Amador,005,37829,3732,3710,33,3743,46
2021-06-11,Butte,007,227075,12712,12576,1844,14420,194
2021-06-11,Calaveras,009,45235,2190,2188,14,2202,55
2021-06-11,Colusa,011,21464,1960,1964,317,2281,15
2021-06-11,Contra Costa,013,1133247,70425,69940,1309,71249,808
2021-06-11,Del Norte,015,27424,1440,1409,13,1422,8
2021-06-11,El Dorado,017,186661,10380,10316,747,11063,113
2021-06-11,Fresno,019,978130,103179,102770,8775,111545,1720
2021-06-11,Glenn,021,27897,2442,2425,567,2992,19
2021-06-11,Humboldt,023,135768,4398,4389,39,4428,42
2021-06-11,Imperial,025,180216,28715,28793,2776,31569,741
2021-06-11,Inyo,027,18085,1406,1405,12,1417,35
2021-06-11,Kern,029,883053,97680,96718,11071,107789,1340
2021-06-11,Kings,031,150075,23227,23069,1097,24166,245
2021-06-11,Lake,033,64148,3565,3550,9,3559,45
2021-06-11,Lassen,035,31185,5251,5204,116,5320,18
2021-06-11,Los Angeles,037,10098052,1208476,1204259,41946,1246205,24434
2021-06-11,Madera,039,155013,16714,16582,946,17528,240
2021-06-11,Marin,041,260295,14163,14116,267,14383,229
2021-06-11,Mariposa,043,17540,438,434,11,445,5
2021-06-11,Mendocino,045,87422,4105,4022,82,4104,49
2021-06-11,Merced,047,269075,31156,31231,1065,32296,461
2021-06-11,Modoc,049,8938,399,382,141,523,3
2021-06-11,Mono,051,14174,1264,1274,17,1291,3
2021-06-11,Monterey,053,433212,43266,43097,1881,44978,415
2021-06-11,Napa,055,140530,9974,9977,38,10015,80
2021-06-11,Nevada,057,99092,4910,4873,195,5068,72
2021-06-11,Orange,059,3164182,255984,254975,11482,266457,5101
2021-06-11,Placer,061,380077,23588,23330,1531,24861,294
2021-06-11,Plumas,063,18699,713,696,11,707,4
2021-06-11,Riverside,065,2383286,294918,289376,14140,303516,4451
2021-06-11,Sacramento,067,1510023,107352,107119,1800,108919,1659
2021-06-11,San Benito,069,59416,6085,6082,116,6198,63
2021-06-11,San Bernardino,071,2135413,294039,293335,9033,302368,4788
2021-06-11,San Diego,073,3302833,281975,281144,15153,296297,3768
2021-06-11,San Francisco,075,870044,36957,37177,1305,38482,555
2021-06-11,San Joaquin,077,732212,73713,73347,3626,76973,1397
2021-06-11,San Luis Obispo,079,281455,21490,21288,753,22041,256
2021-06-11,San Mateo,081,765935,42587,42585,479,43064,542
2021-06-11,Santa Barbara,083,443738,34536,34438,1143,35581,460
2021-06-11,Santa Clara,085,1922200,119105,119860,778,120638,2083
2021-06-11,Santa Cruz,087,273765,16265,16164,814,16978,208
2021-06-11,Shasta,089,179085,12506,12550,1619,14169,201
2021-06-11,Sierra,091,2930,59,55,12,67,0
2021-06-11,Siskiyou,093,43540,1957,1882,374,2256,25
2021-06-11,Solano,095,438530,33194,33179,565,33744,266
2021-06-11,Sonoma,097,501317,30537,30624,357,30981,323
2021-06-11,Stanislaus,099,539301,56759,56617,6006,62623,974
2021-06-11,Sutter,101,95872,9564,9600,89,9689,112
2021-06-11,Tehama,103,63373,5132,5099,591,5690,63
2021-06-11,Trinity,105,12862,487,331,97,428,3
2021-06-11,Tulare,107,460477,50375,49516,9131,58647,848
2021-06-11,Tuolumne,109,53932,4038,4104,40,4144,63
2021-06-11,Ventura,111,848112,81610,81189,3020,84209,1026
2021-06-11,Yolo,113,214977,14094,14111,332,14443,212
2021-06-11,Yuba,115,75493,6136,6113,133,6246,50
2021-06-10,Alameda,001,1643700,88815,88806,1988,90794,1275
2021-06-10,Alpine,003,1148,87,88,0,88,0
2021-06-10,Amador,005,37829,3728,3709,33,3742,46
2021-06-10,Butte,007,227075,12695,12565,1844,14409,194
2021-06-10,Calaveras,009,45235,2189,2188,14,2202,55
2021-06-10,Colusa,011,21464,1958,1964,317,2281,15
2021-06-10,Contra Costa,013,1133247,70371,69876,1309,71185,807
2021-06-10,Del Norte,015,27424,1440,1405,13,1418,8
2021-06-10,El Dorado,017,186661,10373,10314,743,11057,113
2021-06-10,Fresno,019,978130,103153,102724,8774,111498,1717
2021-06-10,Glenn,021,27897,2442,2425,567,2992,19
2021-06-10,Humboldt,023,135768,4390,4384,39,4423,42
2021-06-10,Imperial,025,180216,28709,28779,2776,31555,739
2021-06-10,Inyo,027,18085,1406,1405,12,1417,35
2021-06-10,Kern,029,883053,97666,96706,11066,107772,1336
2021-06-10,Kings,031,150075,23226,23067,1097,24164,245
2021-06-10,Lake,033,64148,3560,3550,9,3559,45
2021-06-10,Lassen,035,31185,5249,5201,116,5317,18
2021-06-10,Los Angeles,037,10098052,1208311,1204110,41929,1246039,24440
2021-06-10,Madera,039,155013,16707,16581,945,17526,240
2021-06-10,Marin,041,260295,14160,14118,267,14385,229
2021-06-10,Mariposa,043,17540,436,434,11,445,5
2021-06-10,Mendocino,045,87422,4100,4016,82,4098,48
2021-06-10,Merced,047,269075,31148,31231,1062,32293,461
2021-06-10,Modoc,049,8938,398,381,141,522,3
2021-06-10,Mono,051,14174,1263,1274,17,1291,3
2021-06-10,Monterey,053,433212,43260,43090,1881,44971,415
2021-06-10,Napa,055,140530,9973,9974,38,10012,80
2021-06-10,Nevada,057,99092,4905,4866,195,5061,72
2021-06-10,Orange,059,3164182,255954,254950,11475,266425,5097
2021-06-10,Placer,061,380077,23575,23296,1531,24827,293
2021-06-10,Plumas,063,18699,713,696,11,707,4
2021-06-10,Riverside,065,2383286,294876,289335,14135,303470,4450
2021-06-10,Sacramento,067,1510023,107290,107049,1800,108849,1658
2021-06-10,San Benito,069,59416,6085,6079,116,6195,63
2021-06-10,San Bernardino,071,2135413,293998,293281,9030,302311,4782
2021-06-10,San Diego,073,3302833,281917,281052,15136,296188,3766
2021-06-10,San Francisco,075,870044,36947,37159,1303,38462,552
2021-06-10,San Joaquin,077,732212,73679,73276,3625,76901,1393
2021-06-10,San Luis Obispo,079,281455,21487,21280,753,22033,256
2021-06-10,San Mateo,081,765935,42580,42562,479,43041,666
2021-06-10,Santa Barbara,083,443738,34532,34434,1143,35577,460
2021-06-10,Santa Clara,085,1922200,119070,119832,777,120609,2075
2021-06-10,Santa Cruz,087,273765,16264,16159,814,16973,208
2021-06-10,Shasta,089,179085,12496,12536,1618,14154,201
2021-06-10,Sierra,091,2930,58,55,12,67,0
2021-06-10,Siskiyou,093,43540,1957,1881,374,2255,25
2021-06-10,Solano,095,438530,33177,33150,564,33714,265
2021-06-10,Sonoma,097,501317,30502,30571,355,30926,323
2021-06-10,Stanislaus,099,539301,56738,56588,6002,62590,974
2021-06-10,Sutter,101,95872,9557,9594,89,9683,112
2021-06-10,Tehama,103,63373,5132,5096,591,5687,63
2021-06-10,Trinity,105,12862,487,331,97,428,3
2021-06-10,Tulare,107,460477,50367,49503,9131,58634,848
2021-06-10,Tuolumne,109,53932,4038,4100,40,4140,63
2021-06-10,Ventura,111,848112,81599,81172,3019,84191,1026
2021-06-10,Yolo,113,214977,14091,14107,332,14439,212
2021-06-10,Yuba,115,75493,6132,6112,133,6245,50
2021-06-09,Alameda,001,1643700,88772,88762,1987,90749,1271
2021-06-09,Alpine,003,1148,87,88,0,88,0
2021-06-09,Amador,005,37829,3724,3706,33,3739,46
2021-06-09,Butte,007,227075,12689,12555,1842,14397,194
2021-06-09,Calaveras,009,45235,2187,2184,14,2198,55
2021-06-09,Colusa,011,21464,1958,1962,316,2278,15
2021-06-09,Contra Costa,013,1133247,70334,69829,1308,71137,803
2021-06-09,Del Norte,015,27424,1436,1403,13,1416,8
2021-06-09,El Dorado,017,186661,10370,10312,742,11054,113
2021-06-09,Fresno,019,978130,103133,102690,8770,111460,1717
2021-06-09,Glenn,021,27897,2441,2424,567,2991,19
2021-06-09,Humboldt,023,135768,4385,4379,38,4417,42
2021-06-09,Imperial,025,180216,28706,28754,2776,31530,739
2021-06-09,Inyo,027,18085,1406,1405,12,1417,35
2021-06-09,Kern,029,883053,97652,96697,11057,107754,1328
2021-06-09,Kings,031,150075,23224,23061,1097,24158,245
2021-06-09,Lake,033,64148,3557,3541,9,3550,45
2021-06-09,Lassen,035,31185,5248,5200,116,5316,18
2021-06-09,Los Angeles,037,10098052,1208126,1203955,41916,1245871,24432
2021-06-09,Madera,039,155013,16702,16580,945,17525,240
2021-06-09,Marin,041,260295,14155,14114,267,14381,229
2021-06-09,Mariposa,043,17540,436,434,11,445,5
2021-06-09,Mendocino,045,87422,4094,4008,82,4090,47
2021-06-09,Merced,047,269075,31144,31225,1062,32287,461
2021-06-09,Modoc,049,8938,396,377,140,517,3
2021-06-09,Mono,051,14174,1263,1274,17,1291,3
2021-06-09,Monterey,053,433212,43253,43082,1881,44963,415
2021-06-09,Napa,055,140530,9967,9971,38,10009,80
2021-06-09,Nevada,057,99092,4895,4863,194,5057,72
2021-06-09,Orange,059,3164182,255910,254893,11471,266364,5080
2021-06-09,Placer,061,380077,23556,23237,1531,24768,293
2021-06-09,Plumas,063,18699,712,697,11,708,4
2021-06-09,Riverside,065,2383286,294830,289299,14133,303432,4450
2021-06-09,Sacramento,067,1510023,107228,106971,1797,108768,1657
2021-06-09,San Benito,069,59416,6081,6078,116,6194,63
2021-06-09,San Bernardino,071,2135413,293956,293222,9030,302252,4782
2021-06-09,San Diego,073,3302833,281853,280941,15124,296065,3765
2021-06-09,San Francisco,075,870044,36934,37143,1302,38445,552
2021-06-09,San Joaquin,077,732212,73653,73232,3624,76856,1392
2021-06-09,San Luis Obispo,079,281455,21486,21259,753,22012,256
2021-06-09,San Mateo,081,765935,42564,42502,477,42979,666
2021-06-09,Santa Barbara,083,443738,34521,34422,1143,35565,460
2021-06-09,Santa Clara,085,1922200,119032,119793,776,120569,2068
2021-06-09,Santa Cruz,087,273765,16261,16155,814,16969,208
2021-06-09,Shasta,089,179085,12486,12521,1616,14137,201
2021-06-09,Sierra,091,2930,57,55,12,67,0
2021-06-09,Siskiyou,093,43540,1956,1871,374,2245,25
2021-06-09,Solano,095,438530,33161,33137,563,33700,264
2021-06-09,Sonoma,097,501317,30480,30540,355,30895,323
2021-06-09,Stanislaus,099,539301,56718,56560,5999,62559,974
2021-06-09,Sutter,101,95872,9548,9586,88,9674,111
2021-06-09,Tehama,103,63373,5131,5093,591,5684,63
2021-06-09,Trinity,105,12862,486,331,97,428,3
2021-06-09,Tulare,107,460477,50363,49496,9129,58625,847
2021-06-09,Tuolumne,109,53932,4035,4100,40,4140,63
2021-06-09,Ventura,111,848112,81589,81154,3018,84172,1026
2021-06-09,Yolo,113,214977,14089,14102,331,14433,212
2021-06-09,Yuba,115,75493,6128,6109,133,6242,50
2021-06-08,Alameda,001,1643700,88724,88731,1987,90718,1267
2021-06-08,Alpine,003,1148,87,88,0,88,0
2021-06-08,Amador,005,37829,3723,3704,33,3737,46
2021-06-08,Butte,007,227075,12683,12540,1840,14380,194
2021-06-08,Calaveras,009,45235,2186,2181,14,2195,55
2021-06-08,Colusa,011,21464,1958,1961,316,2277,15
2021-06-08,Contra Costa,013,1133247,70286,69762,1307,71069,803
2021-06-08,Del Norte,015,27424,1434,1402,13,1415,8
2021-06-08,El Dorado,017,186661,10365,10306,740,11046,113
2021-06-08,Fresno,019,978130,103108,102680,8768,111448,1717
2021-06-08,Glenn,021,27897,2440,2423,567,2990,19
2021-06-08,Humboldt,023,135768,4380,4363,38,4401,42
2021-06-08,Imperial,025,180216,28697,28752,2776,31528,738
2021-06-08,Inyo,027,18085,1406,1405,12,1417,35
2021-06-08,Kern,029,883053,97633,96671,11050,107721,1325
2021-06-08,Kings,031,150075,23223,23036,1097,24133,245
2021-06-08,Lake,033,64148,3556,3540,9,3549,45
2021-06-08,Lassen,035,31185,5248,5200,116,5316,18
2021-06-08,Los Angeles,037,10098052,1207929,1203794,41904,1245698,24426
2021-06-08,Madera,039,155013,16696,16579,944,17523,240
2021-06-08,Marin,041,260295,14153,14111,266,14377,229
2021-06-08,Mariposa,043,17540,436,434,11,445,5
2021-06-08,Mendocino,045,87422,4087,4002,82,4084,47
2021-06-08,Merced,047,269075,31136,31225,1062,32287,461
2021-06-08,Modoc,049,8938,390,377,139,516,3
2021-06-08,Mono,051,14174,1263,1274,17,1291,3
2021-06-08,Monterey,053,433212,43247,43078,1880,44958,415
2021-06-08,Napa,055,140530,9963,9962,38,10000,80
2021-06-08,Nevada,057,99092,4890,4861,194,5055,72
2021-06-08,Orange,059,3164182,255868,254852,11464,266316,5078
2021-06-08,Placer,061,380077,23538,23209,1527,24736,293
2021-06-08,Plumas,063,18699,712,692,11,703,4
2021-06-08,Riverside,065,2383286,294794,289268,14125,303393,4452
2021-06-08,Sacramento,067,1510023,107166,106901,1794,108695,1654
2021-06-08,San Benito,069,59416,6079,6076,116,6192,63
2021-06-08,San Bernardino,071,2135413,293907,293186,9026,302212,4778
2021-06-08,San Diego,073,3302833,281790,280879,15115,295994,3764
2021-06-08,San Francisco,075,870044,36919,37134,1301,38435,552
2021-06-08,San Joaquin,077,732212,73609,73186,3619,76805,1390
2021-06-08,San Luis Obispo,079,281455,21480,21251,752,22003,255
2021-06-08,San Mateo,081,765935,42551,42488,477,42965,663
2021-06-08,Santa Barbara,083,443738,34517,34418,1143,35561,459
2021-06-08,Santa Clara,085,1922200,119011,119770,775,120545,2068
2021-06-08,Santa Cruz,087,273765,16258,16160,814,16974,208
2021-06-08,Shasta,089,179085,12471,12498,1616,14114,201
2021-06-08,Sierra,091,2930,57,55,12,67,0
2021-06-08,Siskiyou,093,43540,1954,1870,372,2242,21
2021-06-08,Solano,095,438530,33140,33130,563,33693,259
2021-06-08,Sonoma,097,501317,30453,30523,353,30876,323
2021-06-08,Stanislaus,099,539301,56691,56548,5997,62545,973
2021-06-08,Sutter,101,95872,9545,9581,88,9669,111
2021-06-08,Tehama,103,63373,5128,5093,591,5684,63
2021-06-08,Trinity,105,12862,486,330,96,426,3
2021-06-08,Tulare,107,460477,50351,49485,9124,58609,847
2021-06-08,Tuolumne,109,53932,4032,4099,40,4139,63
2021-06-08,Ventura,111,848112,81573,81142,3017,84159,1026
2021-06-08,Yolo,113,214977,14084,14099,330,14429,212
2021-06-08,Yuba,115,75493,6126,6103,133,6236,50
2021-06-07,Alameda,001,1643700,88667,88688,1987,90675,1267
2021-06-07,Alpine,003,1148,87,88,0,88,0
2021-06-07,Amador,005,37829,3713,3697,33,3730,46
2021-06-07,Butte,007,227075,12676,12533,1839,14372,194
2021-06-07,Calaveras,009,45235,2185,2181,14,2195,55
2021-06-07,Colusa,011,21464,1957,1960,316,2276,15
2021-06-07,Contra Costa,013,1133247,70229,69718,1306,71024,817
2021-06-07,Del Norte,015,27424,1434,1401,13,1414,8
2021-06-07,El Dorado,017,186661,10360,10305,740,11045,113
2021-06-07,Fresno,019,978130,103077,102659,8760,111419,1717
2021-06-07,Glenn,021,27897,2440,2423,567,2990,19
2021-06-07,Humboldt,023,135768,4372,4354,38,4392,42
2021-06-07,Imperial,025,180216,28695,28754,2776,31530,738
2021-06-07,Inyo,027,18085,1406,1404,12,1416,35
2021-06-07,Kern,029,883053,97617,96645,11043,107688,1324
2021-06-07,Kings,031,150075,23219,23023,1097,24120,244
2021-06-07,Lake,033,64148,3554,3540,9,3549,45
2021-06-07,Lassen,035,31185,5243,5198,116,5314,18
2021-06-07,Los Angeles,037,10098052,1207705,1203664,41889,1245553,24413
2021-06-07,Madera,039,155013,16689,16572,944,17516,240
2021-06-07,Marin,041,260295,14149,14108,265,14373,229
2021-06-07,Mariposa,043,17540,436,434,11,445,5
2021-06-07,Mendocino,045,87422,4081,3998,82,4080,47
2021-06-07,Merced,047,269075,31124,31212,1061,32273,459
2021-06-07,Modoc,049,8938,389,375,136,511,3
2021-06-07,Mono,051,14174,1263,1275,17,1292,3
2021-06-07,Monterey,053,433212,43240,43077,1880,44957,415
2021-06-07,Napa,055,140530,9955,9962,38,10000,80
2021-06-07,Nevada,057,99092,4888,4860,194,5054,72
2021-06-07,Orange,059,3164182,255828,254808,11456,266264,5073
2021-06-07,Placer,061,380077,23519,23176,1525,24701,293
2021-06-07,Plumas,063,18699,712,692,11,703,4
2021-06-07,Riverside,065,2383286,294751,289232,14121,303353,4451
2021-06-07,Sacramento,067,1510023,107090,106841,1791,108632,1655
2021-06-07,San Benito,069,59416,6078,6074,116,6190,63
2021-06-07,San Bernardino,071,2135413,293869,293129,9025,302154,4775
2021-06-07,San Diego,073,3302833,281708,280808,15102,295910,3764
2021-06-07,San Francisco,075,870044,36903,37122,1301,38423,552
2021-06-07,San Joaquin,077,732212,73564,73130,3612,76742,1388
2021-06-07,San Luis Obispo,079,281455,21467,21252,752,22004,255
2021-06-07,San Mateo,081,765935,42535,42479,477,42956,664
2021-06-07,Santa Barbara,083,443738,34511,34407,1143,35550,459
2021-06-07,Santa Clara,085,1922200,118979,119743,775,120518,2066
2021-06-07,Santa Cruz,087,273765,16257,16159,814,16973,208
2021-06-07,Shasta,089,179085,12457,12483,1611,14094,200
2021-06-07,Sierra,091,2930,57,55,12,67,0
2021-06-07,Siskiyou,093,43540,1954,1869,372,2241,21
2021-06-07,Solano,095,438530,33118,33124,562,33686,258
2021-06-07,Sonoma,097,501317,30417,30504,352,30856,323
2021-06-07,Stanislaus,099,539301,56658,56521,5995,62516,972
2021-06-07,Sutter,101,95872,9541,9571,88,9659,111
2021-06-07,Tehama,103,63373,5124,5092,589,5681,63
2021-06-07,Trinity,105,12862,486,329,96,425,3
2021-06-07,Tulare,107,460477,50345,49471,9124,58595,847
2021-06-07,Tuolumne,109,53932,4031,4098,40,4138,63
2021-06-07,Ventura,111,848112,81556,81137,3016,84153,1025
2021-06-07,Yolo,113,214977,14079,14097,329,14426,211
2021-06-07,Yuba,115,75493,6124,6099,130,6229,49
2021-06-06,Alameda,001,1643700,88629,88636,1986,90622,1267
2021-06-06,Alpine,003,1148,87,88,0,88,0
2021-06-06,Amador,005,37829,3710,3696,33,3729,46
2021-06-06,Butte,007,227075,12665,12527,1838,14365,194
2021-06-06,Calaveras,009,45235,2184,2181,14,2195,55
2021-06-06,Colusa,011,21464,1955,1959,316,2275,15
2021-06-06,Contra Costa,013,1133247,70164,69659,1304,70963,817
2021-06-06,Del Norte,015,27424,1429,1401,13,1414,8
2021-06-06,El Dorado,017,186661,10353,10294,740,11034,113
2021-06-06,Fresno,019,978130,103044,102642,8757,111399,1717
2021-06-06,Glenn,021,27897,2439,2423,567,2990,19
2021-06-06,Humboldt,023,135768,4361,4353,38,4391,42
2021-06-06,Imperial,025,180216,28689,28762,2776,31538,738
2021-06-06,Inyo,027,18085,1405,1404,12,1416,35
2021-06-06,Kern,029,883053,97599,96623,11036,107659,1324
2021-06-06,Kings,031,150075,23213,23021,1097,24118,244
2021-06-06,Lake,033,64148,3554,3535,9,3544,45
2021-06-06,Lassen,035,31185,5241,5191,116,5307,18
2021-06-06,Los Angeles,037,10098052,1207505,1203539,41874,1245413,24410
2021-06-06,Madera,039,155013,16682,16567,944,17511,240
2021-06-06,Marin,041,260295,14143,14106,264,14370,229
2021-06-06,Mariposa,043,17540,435,435,11,446,5
2021-06-06,Mendocino,045,87422,4077,3993,82,4075,47
2021-06-06,Merced,047,269075,31118,31215,1060,32275,459
2021-06-06,Modoc,049,8938,389,375,135,510,3
2021-06-06,Mono,051,14174,1263,1275,17,1292,3
2021-06-06,Monterey,053,433212,43235,43078,1880,44958,415
2021-06-06,Napa,055,140530,9949,9963,38,10001,80
2021-06-06,Nevada,057,99092,4881,4854,193,5047,72
2021-06-06,Orange,059,3164182,255792,254782,11451,266233,5073
2021-06-06,Placer,061,380077,23494,23156,1522,24678,293
2021-06-06,Plumas,063,18699,712,692,11,703,4
2021-06-06,Riverside,065,2383286,294712,289201,14115,303316,4451
2021-06-06,Sacramento,067,1510023,107004,106749,1790,108539,1655
2021-06-06,San Benito,069,59416,6072,6074,116,6190,63
2021-06-06,San Bernardino,071,2135413,293812,293117,9016,302133,4773
2021-06-06,San Diego,073,3302833,281628,280743,15085,295828,3764
2021-06-06,San Francisco,075,870044,36890,37118,1299,38417,552
2021-06-06,San Joaquin,077,732212,73532,73105,3608,76713,1388
2021-06-06,San Luis Obispo,079,281455,21464,21246,752,21998,255
2021-06-06,San Mateo,081,765935,42518,42457,477,42934,664
2021-06-06,Santa Barbara,083,443738,34507,34403,1142,35545,459
2021-06-06,Santa Clara,085,1922200,118957,119711,775,120486,2066
2021-06-06,Santa Cruz,087,273765,16256,16158,814,16972,208
2021-06-06,Shasta,089,179085,12442,12478,1608,14086,200
2021-06-06,Sierra,091,2930,57,55,12,67,0
2021-06-06,Siskiyou,093,43540,1951,1869,372,2241,21
2021-06-06,Solano,095,438530,33091,33093,562,33655,258
2021-06-06,Sonoma,097,501317,30386,30478,351,30829,323
2021-06-06,Stanislaus,099,539301,56622,56486,5992,62478,972
2021-06-06,Sutter,101,95872,9534,9567,88,9655,111
2021-06-06,Tehama,103,63373,5114,5092,587,5679,63
2021-06-06,Trinity,105,12862,486,328,96,424,3
2021-06-06,Tulare,107,460477,50337,49466,9119,58585,847
2021-06-06,Tuolumne,109,53932,4029,4097,40,4137,63
2021-06-06,Ventura,111,848112,81545,81130,3013,84143,1025
2021-06-06,Yolo,113,214977,14071,14089,328,14417,210
2021-06-06,Yuba,115,75493,6116,6096,130,6226,49
2021-06-05,Alameda,001,1643700,88596,88612,1986,90598,1268
2021-06-05,Alpine,003,1148,87,88,0,88,0
2021-06-05,Amador,005,37829,3710,3694,33,3727,46
2021-06-05,Butte,007,227075,12659,12514,1837,14351,194
2021-06-05,Calaveras,009,45235,2184,2181,14,2195,55
2021-06-05,Colusa,011,21464,1955,1959,316,2275,15
2021-06-05,Contra Costa,013,1133247,70135,69601,1304,70905,817
2021-06-05,Del Norte,015,27424,1429,1400,13,1413,8
2021-06-05,El Dorado,017,186661,10351,10288,739,11027,113
2021-06-05,Fresno,019,978130,103035,102626,8757,111383,1717
2021-06-05,Glenn,021,27897,2438,2423,567,2990,19
2021-06-05,Humboldt,023,135768,4356,4346,38,4384,42
2021-06-05,Imperial,025,180216,28686,28764,2776,31540,738
2021-06-05,Inyo,027,18085,1405,1405,12,1417,35
2021-06-05,Kern,029,883053,97586,96597,11032,107629,1324
2021-06-05,Kings,031,150075,23210,23017,1097,24114,244
2021-06-05,Lake,033,64148,3551,3534,9,3543,45
2021-06-05,Lassen,035,31185,5240,5191,116,5307,18
2021-06-05,Los Angeles,037,10098052,1207378,1203338,41863,1245201,24411
2021-06-05,Madera,039,155013,16678,16563,944,17507,240
2021-06-05,Marin,041,260295,14141,14101,264,14365,229
2021-06-05,Mariposa,043,17540,435,435,11,446,5
2021-06-05,Mendocino,045,87422,4074,3989,82,4071,47
2021-06-05,Merced,047,269075,31116,31212,1059,32271,459
2021-06-05,Modoc,049,8938,389,375,134,509,3
2021-06-05,Mono,051,14174,1263,1274,17,1291,3
2021-06-05,Monterey,053,433212,43231,43071,1879,44950,415
2021-06-05,Napa,055,140530,9944,9960,38,9998,80
2021-06-05,Nevada,057,99092,4879,4849,193,5042,72
2021-06-05,Orange,059,3164182,255768,254752,11448,266200,5069
2021-06-05,Placer,061,380077,23478,23133,1522,24655,293
2021-06-05,Plumas,063,18699,712,692,11,703,4
2021-06-05,Riverside,065,2383286,294677,289157,14111,303268,4451
2021-06-05,Sacramento,067,1510023,106952,106688,1788,108476,1655
2021-06-05,San Benito,069,59416,6070,6074,116,6190,63
2021-06-05,San Bernardino,071,2135413,293779,293081,9014,302095,4772
2021-06-05,San Diego,073,3302833,281587,280676,15072,295748,3764
2021-06-05,San Francisco,075,870044,36881,37111,1299,38410,552
2021-06-05,San Joaquin,077,732212,73516,73078,3602,76680,1388
2021-06-05,San Luis Obispo,079,281455,21461,21236,752,21988,255
2021-06-05,San Mateo,081,765935,42508,42433,477,42910,664
2021-06-05,Santa Barbara,083,443738,34504,34399,1141,35540,459
2021-06-05,Santa Clara,085,1922200,118935,119676,773,120449,2066
2021-06-05,Santa Cruz,087,273765,16256,16154,814,16968,208
2021-06-05,Shasta,089,179085,12432,12472,1607,14079,200
2021-06-05,Sierra,091,2930,57,55,12,67,0
2021-06-05,Siskiyou,093,43540,1951,1867,372,2239,21
2021-06-05,Solano,095,438530,33076,33074,562,33636,257
2021-06-05,Sonoma,097,501317,30359,30450,349,30799,323
2021-06-05,Stanislaus,099,539301,56614,56463,5990,62453,973
2021-06-05,Sutter,101,95872,9531,9559,88,9647,111
2021-06-05,Tehama,103,63373,5113,5092,586,5678,63
2021-06-05,Trinity,105,12862,486,328,96,424,3
2021-06-05,Tulare,107,460477,50331,49463,9119,58582,847
2021-06-05,Tuolumne,109,53932,4027,4098,40,4138,63
2021-06-05,Ventura,111,848112,81536,81119,3011,84130,1025
2021-06-05,Yolo,113,214977,14069,14088,328,14416,210
2021-06-05,Yuba,115,75493,6115,6087,130,6217,49
2021-06-04,Alameda,001,1643700,88569,88585,1983,90568,1263
2021-06-04,Alpine,003,1148,87,88,0,88,0
2021-06-04,Amador,005,37829,3710,3690,33,3723,46
2021-06-04,Butte,007,227075,12648,12494,1834,14328,193
2021-06-04,Calaveras,009,45235,2184,2179,14,2193,55
2021-06-04,Colusa,011,21464,1955,1959,316,2275,15
2021-06-04,Contra Costa,013,1133247,70100,69540,1301,70841,816
2021-06-04,Del Norte,015,27424,1429,1398,13,1411,8
2021-06-04,El Dorado,017,186661,10347,10284,737,11021,112
2021-06-04,Fresno,019,978130,103019,102601,8757,111358,1712
2021-06-04,Glenn,021,27897,2438,2423,566,2989,19
2021-06-04,Humboldt,023,135768,4351,4327,38,4365,42
2021-06-04,Imperial,025,180216,28682,28753,2776,31529,738
2021-06-04,Inyo,027,18085,1405,1404,12,1416,35
2021-06-04,Kern,029,883053,97568,96573,11030,107603,1327
2021-06-04,Kings,031,150075,23209,23002,1097,24099,244
2021-06-04,Lake,033,64148,3549,3528,9,3537,45
2021-06-04,Lassen,035,31185,5240,5180,116,5296,18
2021-06-04,Los Angeles,037,10098052,1207254,1203106,41854,1244960,24400
2021-06-04,Madera,039,155013,16676,16557,944,17501,240
2021-06-04,Marin,041,260295,14140,14099,263,14362,229
2021-06-04,Mariposa,043,17540,435,435,11,446,5
2021-06-04,Mendocino,045,87422,4065,3983,82,4065,47
2021-06-04,Merced,047,269075,31111,31204,1058,32262,459
2021-06-04,Modoc,049,8938,387,375,134,509,3
2021-06-04,Mono,051,14174,1263,1275,17,1292,3
2021-06-04,Monterey,053,433212,43227,43068,1879,44947,415
2021-06-04,Napa,055,140530,9940,9958,38,9996,80
2021-06-04,Nevada,057,99092,4875,4844,193,5037,72
2021-06-04,Orange,059,3164182,255731,254730,11445,266175,5059
2021-06-04,Placer,061,380077,23462,23110,1521,24631,293
2021-06-04,Plumas,063,18699,712,691,11,702,4
2021-06-04,Riverside,065,2383286,294651,289098,14107,303205,4452
2021-06-04,Sacramento,067,1510023,106898,106616,1787,108403,1654
2021-06-04,San Benito,069,59416,6068,6073,116,6189,63
2021-06-04,San Bernardino,071,2135413,293756,293056,9012,302068,4768
2021-06-04,San Diego,073,3302833,281544,280556,15065,295621,3763
2021-06-04,San Francisco,075,870044,36876,37079,1298,38377,551
2021-06-04,San Joaquin,077,732212,73497,73039,3600,76639,1388
2021-06-04,San Luis Obispo,079,281455,21458,21234,751,21985,255
2021-06-04,San Mateo,081,765935,42496,42413,477,42890,478
2021-06-04,Santa Barbara,083,443738,34498,34402,1140,35542,459
2021-06-04,Santa Clara,085,1922200,118905,119619,773,120392,2065
2021-06-04,Santa Cruz,087,273765,16253,16150,814,16964,207
2021-06-04,Shasta,089,179085,12426,12458,1602,14060,200
2021-06-04,Sierra,091,2930,57,55,12,67,0
2021-06-04,Siskiyou,093,43540,1950,1865,372,2237,21
2021-06-04,Solano,095,438530,33065,33058,562,33620,256
2021-06-04,Sonoma,097,501317,30338,30411,349,30760,323
2021-06-04,Stanislaus,099,539301,56599,56442,5988,62430,973
2021-06-04,Sutter,101,95872,9526,9554,88,9642,111
2021-06-04,Tehama,103,63373,5108,5090,586,5676,63
2021-06-04,Trinity,105,12862,486,328,96,424,3
2021-06-04,Tulare,107,460477,50322,49452,9117,58569,847
2021-06-04,Tuolumne,109,53932,4026,4095,40,4135,63
2021-06-04,Ventura,111,848112,81529,81104,3009,84113,1023
2021-06-04,Yolo,113,214977,14067,14083,328,14411,210
2021-06-04,Yuba,115,75493,6112,6084,130,6214,49
2021-06-03,Alameda,001,1643700,88531,88555,1980,90535,1257
2021-06-03,Alpine,003,1148,87,88,0,88,0
2021-06-03,Amador,005,37829,3702,3688,33,3721,46
2021-06-03,Butte,007,227075,12644,12478,1833,14311,193
2021-06-03,Calaveras,009,45235,2184,2179,14,2193,55
2021-06-03,Colusa,011,21464,1955,1957,316,2273,15
2021-06-03,Contra Costa,013,1133247,70046,69500,1296,70796,816
2021-06-03,Del Norte,015,27424,1427,1397,13,1410,8
2021-06-03,El Dorado,017,186661,10341,10284,734,11018,112
2021-06-03,Fresno,019,978130,103002,102566,8757,111323,1709
2021-06-03,Glenn,021,27897,2438,2421,566,2987,19
2021-06-03,Humboldt,023,135768,4343,4314,38,4352,42
2021-06-03,Imperial,025,180216,28671,28737,2776,31513,738
2021-06-03,Inyo,027,18085,1405,1404,12,1416,35
2021-06-03,Kern,029,883053,97541,96507,11016,107523,1326
2021-06-03,Kings,031,150075,23205,22982,1097,24079,244
2021-06-03,Lake,033,64148,3547,3526,9,3535,45
2021-06-03,Lassen,035,31185,5231,5177,116,5293,12
2021-06-03,Los Angeles,037,10098052,1207079,1202923,41846,1244769,24386
2021-06-03,Madera,039,155013,16669,16554,944,17498,240
2021-06-03,Marin,041,260295,14135,14095,263,14358,230
2021-06-03,Mariposa,043,17540,435,435,11,446,5
2021-06-03,Mendocino,045,87422,4058,3978,82,4060,47
2021-06-03,Merced,047,269075,31108,31199,1058,32257,459
2021-06-03,Modoc,049,8938,386,376,133,509,3
2021-06-03,Mono,051,14174,1263,1275,17,1292,3
2021-06-03,Monterey,053,433212,43224,43063,1879,44942,415
2021-06-03,Napa,055,140530,9933,9957,38,9995,81
2021-06-03,Nevada,057,99092,4871,4837,193,5030,72
2021-06-03,Orange,059,3164182,255703,254676,11435,266111,5056
2021-06-03,Placer,061,380077,23453,23100,1520,24620,293
2021-06-03,Plumas,063,18699,712,691,11,702,4
2021-06-03,Riverside,065,2383286,294596,289035,14103,303138,4447
2021-06-03,Sacramento,067,1510023,106819,106526,1785,108311,1654
2021-06-03,San Benito,069,59416,6068,6073,116,6189,63
2021-06-03,San Bernardino,071,2135413,293724,293021,9012,302033,4762
2021-06-03,San Diego,073,3302833,281480,280430,15055,295485,3761
2021-06-03,San Francisco,075,870044,36870,37072,1298,38370,551
2021-06-03,San Joaquin,077,732212,73469,72989,3596,76585,1388
2021-06-03,San Luis Obispo,079,281455,21453,21224,751,21975,255
2021-06-03,San Mateo,081,765935,42483,42396,477,42873,467
2021-06-03,Santa Barbara,083,443738,34495,34391,1140,35531,459
2021-06-03,Santa Clara,085,1922200,118883,119592,771,120363,2058
2021-06-03,Santa Cruz,087,273765,16251,16144,814,16958,207
2021-06-03,Shasta,089,179085,12411,12441,1599,14040,199
2021-06-03,Sierra,091,2930,57,55,12,67,0
2021-06-03,Siskiyou,093,43540,1950,1862,371,2233,21
2021-06-03,Solano,095,438530,33051,33019,562,33581,256
2021-06-03,Sonoma,097,501317,30316,30383,348,30731,322
2021-06-03,Stanislaus,099,539301,56581,56401,5982,62383,973
2021-06-03,Sutter,101,95872,9517,9539,88,9627,111
2021-06-03,Tehama,103,63373,5108,5087,586,5673,63
2021-06-03,Trinity,105,12862,486,328,96,424,3
2021-06-03,Tulare,107,460477,50319,49442,9113,58555,848
2021-06-03,Tuolumne,109,53932,4024,4095,40,4135,63
2021-06-03,Ventura,111,848112,81517,81078,3007,84085,1023
2021-06-03,Yolo,113,214977,14063,14078,325,14403,210
2021-06-03,Yuba,115,75493,6105,6077,130,6207,49
2021-06-02,Alameda,001,1643700,88486,88525,1978,90503,1254
2021-06-02,Alpine,003,1148,87,88,0,88,0
2021-06-02,Amador,005,37829,3700,3687,33,3720,46
2021-06-02,Butte,007,227075,12624,12432,1830,14262,193
2021-06-02,Calaveras,009,45235,2181,2174,14,2188,55
2021-06-02,Colusa,011,21464,1954,1957,316,2273,15
2021-06-02,Contra Costa,013,1133247,69995,69455,1294,70749,814
2021-06-02,Del Norte,015,27424,1425,1395,13,1408,8
2021-06-02,El Dorado,017,186661,10337,10275,734,11009,110
2021-06-02,Fresno,019,978130,102978,102547,8754,111301,1707
2021-06-02,Glenn,021,27897,2438,2421,566,2987,19
2021-06-02,Humboldt,023,135768,4328,4302,38,4340,42
2021-06-02,Imperial,025,180216,28665,28737,2775,31512,738
2021-06-02,Inyo,027,18085,1404,1403,12,1415,35
2021-06-02,Kern,029,883053,97514,96481,11009,107490,1326
2021-06-02,Kings,031,150075,23203,22981,1097,24078,244
2021-06-02,Lake,033,64148,3542,3522,9,3531,45
2021-06-02,Lassen,035,31185,5230,5177,116,5293,6
2021-06-02,Los Angeles,037,10098052,1206875,1202760,41837,1244597,24375
2021-06-02,Madera,039,155013,16661,16550,944,17494,240
2021-06-02,Marin,041,260295,14133,14091,262,14353,229
2021-06-02,Mariposa,043,17540,435,434,11,445,5
2021-06-02,Mendocino,045,87422,4052,3970,82,4052,47
2021-06-02,Merced,047,269075,31095,31195,1057,32252,458
2021-06-02,Modoc,049,8938,385,375,132,507,3
2021-06-02,Mono,051,14174,1263,1275,17,1292,3
2021-06-02,Monterey,053,433212,43222,43056,1879,44935,380
2021-06-02,Napa,055,140530,9932,9953,38,9991,82
2021-06-02,Nevada,057,99092,4868,4833,193,5026,72
2021-06-02,Orange,059,3164182,255654,254637,11428,266065,5055
2021-06-02,Placer,061,380077,23432,23058,1518,24576,293
2021-06-02,Plumas,063,18699,712,690,11,701,4
2021-06-02,Riverside,065,2383286,294538,289012,14093,303105,4445
2021-06-02,Sacramento,067,1510023,106754,106435,1779,108214,1649
2021-06-02,San Benito,069,59416,6067,6073,116,6189,63
2021-06-02,San Bernardino,071,2135413,293676,293004,9007,302011,4760
2021-06-02,San Diego,073,3302833,281400,280347,15034,295381,3760
2021-06-02,San Francisco,075,870044,36850,37050,1297,38347,550
2021-06-02,San Joaquin,077,732212,73438,72893,3593,76486,1387
2021-06-02,San Luis Obispo,079,281455,21446,21214,750,21964,255
2021-06-02,San Mateo,081,765935,42473,42383,476,42859,464
2021-06-02,Santa Barbara,083,443738,34488,34381,1140,35521,456
2021-06-02,Santa Clara,085,1922200,118855,119553,770,120323,2058
2021-06-02,Santa Cruz,087,273765,16248,16144,814,16958,207
2021-06-02,Shasta,089,179085,12393,12426,1594,14020,199
2021-06-02,Sierra,091,2930,57,55,12,67,0
2021-06-02,Siskiyou,093,43540,1950,1861,369,2230,21
2021-06-02,Solano,095,438530,33039,33007,561,33568,256
2021-06-02,Sonoma,097,501317,30297,30359,343,30702,322
2021-06-02,Stanislaus,099,539301,56563,56377,5977,62354,973
2021-06-02,Sutter,101,95872,9514,9533,88,9621,111
2021-06-02,Tehama,103,63373,5105,5081,586,5667,63
2021-06-02,Trinity,105,12862,484,328,96,424,3
2021-06-02,Tulare,107,460477,50310,49434,9109,58543,846
2021-06-02,Tuolumne,109,53932,4023,4095,40,4135,63
2021-06-02,Ventura,111,848112,81492,81033,3007,84040,1020
2021-06-02,Yolo,113,214977,14060,14074,324,14398,210
2021-06-02,Yuba,115,75493,6099,6072,130,6202,48
2021-06-01,Alameda,001,1643700,88451,88472,1976,90448,1253
2021-06-01,Alpine,003,1148,87,88,0,88,0
2021-06-01,Amador,005,37829,3698,3687,33,3720,46
2021-06-01,Butte,007,227075,12610,12427,1829,14256,193
2021-06-01,Calaveras,009,45235,2179,2173,14,2187,55
2021-06-01,Colusa,011,21464,1953,1955,315,2270,15
2021-06-01,Contra Costa,013,1133247,69937,69404,1294,70698,813
2021-06-01,Del Norte,015,27424,1424,1394,13,1407,8
2021-06-01,El Dorado,017,186661,10331,10271,734,11005,110
2021-06-01,Fresno,019,978130,102954,102534,8751,111285,1706
2021-06-01,Glenn,021,27897,2438,2422,566,2988,18
2021-06-01,Humboldt,023,135768,4318,4299,38,4337,42
2021-06-01,Imperial,025,180216,28661,28722,2773,31495,736
2021-06-01,Inyo,027,18085,1404,1403,12,1415,35
2021-06-01,Kern,029,883053,97487,96477,11001,107478,1319
2021-06-01,Kings,031,150075,23199,22977,1097,24074,244
2021-06-01,Lake,033,64148,3541,3523,9,3532,45
2021-06-01,Lassen,035,31185,5223,5172,116,5288,6
2021-06-01,Los Angeles,037,10098052,1206640,1202673,41823,1244496,24367
2021-06-01,Madera,039,155013,16652,16549,943,17492,240
2021-06-01,Marin,041,260295,14131,14081,262,14343,229
2021-06-01,Mariposa,043,17540,435,431,11,442,5
2021-06-01,Mendocino,045,87422,4045,3966,82,4048,47
2021-06-01,Merced,047,269075,31085,31195,1057,32252,456
2021-06-01,Modoc,049,8938,383,375,132,507,3
2021-06-01,Mono,051,14174,1263,1275,17,1292,3
2021-06-01,Monterey,053,433212,43216,43051,1879,44930,379
2021-06-01,Napa,055,140530,9930,9949,38,9987,82
2021-06-01,Nevada,057,99092,4863,4825,193,5018,72
2021-06-01,Orange,059,3164182,255618,254603,11420,266023,5051
2021-06-01,Placer,061,380077,23402,23021,1516,24537,293
2021-06-01,Plumas,063,18699,711,690,11,701,4
2021-06-01,Riverside,065,2383286,294485,288996,14087,303083,4442
2021-06-01,Sacramento,067,1510023,106682,106330,1777,108107,1644
2021-06-01,San Benito,069,59416,6066,6073,115,6188,63
2021-06-01,San Bernardino,071,2135413,293651,292990,9006,301996,4758
2021-06-01,San Diego,073,3302833,281296,280305,15017,295322,3756
2021-06-01,San Francisco,075,870044,36834,37031,1297,38328,550
2021-06-01,San Joaquin,077,732212,73406,72858,3591,76449,1383
2021-06-01,San Luis Obispo,079,281455,21441,21217,750,21967,256
2021-06-01,San Mateo,081,765935,42457,42383,475,42858,462
2021-06-01,Santa Barbara,083,443738,34484,34374,1140,35514,456
2021-06-01,Santa Clara,085,1922200,118827,119528,770,120298,2057
2021-06-01,Santa Cruz,087,273765,16244,16143,813,16956,207
2021-06-01,Shasta,089,179085,12384,12409,1589,13998,199
2021-06-01,Sierra,091,2930,57,55,12,67,0
2021-06-01,Siskiyou,093,43540,1943,1860,368,2228,21
2021-06-01,Solano,095,438530,33014,32974,560,33534,256
2021-06-01,Sonoma,097,501317,30258,30324,342,30666,322
2021-06-01,Stanislaus,099,539301,56547,56348,5975,62323,973
2021-06-01,Sutter,101,95872,9507,9528,88,9616,111
2021-06-01,Tehama,103,63373,5103,5079,586,5665,63
2021-06-01,Trinity,105,12862,483,328,95,423,3
2021-06-01,Tulare,107,460477,50302,49419,9105,58524,845
2021-06-01,Tuolumne,109,53932,4023,4094,40,4134,63
2021-06-01,Ventura,111,848112,81476,81018,3006,84024,1021
2021-06-01,Yolo,113,214977,14054,14067,324,14391,210
2021-06-01,Yuba,115,75493,6095,6067,130,6197,48
2021-05-31,Alameda,001,1643700,88414,88458,1972,90430,1253
2021-05-31,Alpine,003,1148,87,88,0,88,0
2021-05-31,Amador,005,37829,3692,3687,33,3720,46
2021-05-31,Butte,007,227075,12597,12429,1829,14258,193
2021-05-31,Calaveras,009,45235,2178,2171,14,2185,55
2021-05-31,Colusa,011,21464,1953,1956,314,2270,15
2021-05-31,Contra Costa,013,1133247,69900,69390,1292,70682,813
2021-05-31,Del Norte,015,27424,1421,1394,13,1407,8
2021-05-31,El Dorado,017,186661,10325,10271,732,11003,110
2021-05-31,Fresno,019,978130,102917,102507,8751,111258,1706
2021-05-31,Glenn,021,27897,2437,2422,565,2987,18
2021-05-31,Humboldt,023,135768,4306,4295,38,4333,42
2021-05-31,Imperial,025,180216,28655,28732,2770,31502,736
2021-05-31,Inyo,027,18085,1403,1403,12,1415,35
2021-05-31,Kern,029,883053,97451,96457,10992,107449,1319
2021-05-31,Kings,031,150075,23195,22977,1097,24074,244
2021-05-31,Lake,033,64148,3536,3523,9,3532,45
2021-05-31,Lassen,035,31185,5221,5172,115,5287,6
2021-05-31,Los Angeles,037,10098052,1206398,1202567,41815,1244382,24364
2021-05-31,Madera,039,155013,16651,16543,942,17485,240
2021-05-31,Marin,041,260295,14129,14080,262,14342,229
2021-05-31,Mariposa,043,17540,435,430,11,441,5
2021-05-31,Mendocino,045,87422,4035,3961,82,4043,47
2021-05-31,Merced,047,269075,31080,31194,1057,32251,456
2021-05-31,Modoc,049,8938,382,374,132,506,3
2021-05-31,Mono,051,14174,1263,1275,17,1292,3
2021-05-31,Monterey,053,433212,43212,43051,1879,44930,379
2021-05-31,Napa,055,140530,9923,9948,38,9986,82
2021-05-31,Nevada,057,99092,4853,4823,192,5015,72
2021-05-31,Orange,059,3164182,255590,254572,11412,265984,5051
2021-05-31,Placer,061,380077,23375,23019,1512,24531,293
2021-05-31,Plumas,063,18699,710,690,11,701,4
2021-05-31,Riverside,065,2383286,294428,288970,14075,303045,4442
2021-05-31,Sacramento,067,1510023,106585,106278,1771,108049,1644
2021-05-31,San Benito,069,59416,6066,6072,115,6187,63
2021-05-31,San Bernardino,071,2135413,293602,292973,9005,301978,4758
2021-05-31,San Diego,073,3302833,281192,280254,15005,295259,3756
2021-05-31,San Francisco,075,870044,36819,37022,1296,38318,550
2021-05-31,San Joaquin,077,732212,73357,72856,3585,76441,1383
2021-05-31,San Luis Obispo,079,281455,21433,21215,750,21965,256
2021-05-31,San Mateo,081,765935,42441,42389,475,42864,442
2021-05-31,Santa Barbara,083,443738,34471,34369,1138,35507,456
2021-05-31,Santa Clara,085,1922200,118783,119515,770,120285,2057
2021-05-31,Santa Cruz,087,273765,16241,16139,813,16952,207
2021-05-31,Shasta,089,179085,12368,12408,1586,13994,199
2021-05-31,Sierra,091,2930,57,55,12,67,0
2021-05-31,Siskiyou,093,43540,1942,1856,367,2223,21
2021-05-31,Solano,095,438530,32964,32973,560,33533,256
2021-05-31,Sonoma,097,501317,30215,30314,342,30656,322
2021-05-31,Stanislaus,099,539301,56506,56335,5972,62307,973
2021-05-31,Sutter,101,95872,9488,9523,88,9611,111
2021-05-31,Tehama,103,63373,5100,5076,585,5661,63
2021-05-31,Trinity,105,12862,483,328,95,423,3
2021-05-31,Tulare,107,460477,50291,49404,9100,58504,845
2021-05-31,Tuolumne,109,53932,4021,4095,40,4135,63
2021-05-31,Ventura,111,848112,81461,81017,3003,84020,1021
2021-05-31,Yolo,113,214977,14050,14064,324,14388,210
2021-05-31,Yuba,115,75493,6089,6063,127,6190,48
2021-05-30,Alameda,001,1643700,88391,88429,1972,90401,1253
2021-05-30,Alpine,003,1148,87,88,0,88,0
2021-05-30,Amador,005,37829,3688,3685,33,3718,46
2021-05-30,Butte,007,227075,12587,12427,1827,14254,190
2021-05-30,Calaveras,009,45235,2174,2166,14,2180,55
2021-05-30,Colusa,011,21464,1953,1954,314,2268,15
2021-05-30,Contra Costa,013,1133247,69866,69381,1290,70671,813
2021-05-30,Del Norte,015,27424,1420,1393,13,1406,8
2021-05-30,El Dorado,017,186661,10322,10271,732,11003,110
2021-05-30,Fresno,019,978130,102900,102499,8747,111246,1706
2021-05-30,Glenn,021,27897,2437,2422,564,2986,18
2021-05-30,Humboldt,023,135768,4298,4291,38,4329,42
2021-05-30,Imperial,025,180216,28650,28732,2769,31501,736
2021-05-30,Inyo,027,18085,1403,1403,12,1415,35
2021-05-30,Kern,029,883053,97435,96443,10989,107432,1319
2021-05-30,Kings,031,150075,23194,22974,1096,24070,244
2021-05-30,Lake,033,64148,3536,3517,9,3526,45
2021-05-30,Lassen,035,31185,5219,5171,115,5286,6
2021-05-30,Los Angeles,037,10098052,1206289,1202425,41808,1244233,24360
2021-05-30,Madera,039,155013,16647,16538,942,17480,240
2021-05-30,Marin,041,260295,14125,14083,261,14344,229
2021-05-30,Mariposa,043,17540,435,430,11,441,5
2021-05-30,Mendocino,045,87422,4028,3955,82,4037,47
2021-05-30,Merced,047,269075,31076,31189,1056,32245,456
2021-05-30,Modoc,049,8938,382,374,132,506,3
2021-05-30,Mono,051,14174,1263,1275,17,1292,3
2021-05-30,Monterey,053,433212,43209,43049,1879,44928,379
2021-05-30,Napa,055,140530,9922,9948,38,9986,82
2021-05-30,Nevada,057,99092,4847,4818,192,5010,72
2021-05-30,Orange,059,3164182,255567,254559,11411,265970,5051
2021-05-30,Placer,061,380077,23369,23016,1512,24528,293
2021-05-30,Plumas,063,18699,708,690,11,701,4
2021-05-30,Riverside,065,2383286,294407,288961,14073,303034,4442
2021-05-30,Sacramento,067,1510023,106540,106252,1769,108021,1644
2021-05-30,San Benito,069,59416,6066,6072,115,6187,63
2021-05-30,San Bernardino,071,2135413,293576,292981,9004,301985,4758
2021-05-30,San Diego,073,3302833,281136,280209,15000,295209,3756
2021-05-30,San Francisco,075,870044,36800,37016,1296,38312,550
2021-05-30,San Joaquin,077,732212,73340,72853,3584,76437,1383
2021-05-30,San Luis Obispo,079,281455,21424,21211,749,21960,256
2021-05-30,San Mateo,081,765935,42433,42386,475,42861,439
2021-05-30,Santa Barbara,083,443738,34467,34369,1138,35507,456
2021-05-30,Santa Clara,085,1922200,118761,119510,766,120276,2057
2021-05-30,Santa Cruz,087,273765,16239,16140,813,16953,207
2021-05-30,Shasta,089,179085,12366,12408,1583,13991,199
2021-05-30,Sierra,091,2930,57,55,12,67,0
2021-05-30,Siskiyou,093,43540,1942,1856,367,2223,21
2021-05-30,Solano,095,438530,32953,32952,559,33511,256
2021-05-30,Sonoma,097,501317,30198,30310,341,30651,322
2021-05-30,Stanislaus,099,539301,56495,56323,5971,62294,973
2021-05-30,Sutter,101,95872,9487,9519,87,9606,111
2021-05-30,Tehama,103,63373,5100,5073,585,5658,63
2021-05-30,Trinity,105,12862,483,328,95,423,3
2021-05-30,Tulare,107,460477,50284,49397,9091,58488,845
2021-05-30,Tuolumne,109,53932,4021,4094,40,4134,63
2021-05-30,Ventura,111,848112,81457,81012,3002,84014,1021
2021-05-30,Yolo,113,214977,14045,14059,323,14382,210
2021-05-30,Yuba,115,75493,6082,6063,126,6189,48
2021-05-29,Alameda,001,1643700,88368,88433,1970,90403,1253
2021-05-29,Alpine,003,1148,87,88,0,88,0
2021-05-29,Amador,005,37829,3687,3683,33,3716,46
2021-05-29,Butte,007,227075,12581,12425,1827,14252,190
2021-05-29,Calaveras,009,45235,2173,2166,14,2180,55
2021-05-29,Colusa,011,21464,1950,1954,314,2268,15
2021-05-29,Contra Costa,013,1133247,69833,69351,1290,70641,813
2021-05-29,Del Norte,015,27424,1420,1391,13,1404,8
2021-05-29,El Dorado,017,186661,10321,10269,730,10999,110
2021-05-29,Fresno,019,978130,102888,102470,8744,111214,1706
2021-05-29,Glenn,021,27897,2437,2422,563,2985,18
2021-05-29,Humboldt,023,135768,4292,4283,38,4321,42
2021-05-29,Imperial,025,180216,28647,28729,2768,31497,736
2021-05-29,Inyo,027,18085,1403,1404,12,1416,35
2021-05-29,Kern,029,883053,97424,96424,10976,107400,1319
2021-05-29,Kings,031,150075,23193,22970,1095,24065,244
2021-05-29,Lake,033,64148,3536,3515,9,3524,45
2021-05-29,Lassen,035,31185,5219,5171,115,5286,6
2021-05-29,Los Angeles,037,10098052,1206166,1202264,41804,1244068,24359
2021-05-29,Madera,039,155013,16645,16535,942,17477,240
2021-05-29,Marin,041,260295,14121,14071,260,14331,229
2021-05-29,Mariposa,043,17540,434,428,11,439,5
2021-05-29,Mendocino,045,87422,4022,3952,82,4034,47
2021-05-29,Merced,047,269075,31064,31187,1056,32243,456
2021-05-29,Modoc,049,8938,382,374,132,506,3
2021-05-29,Mono,051,14174,1263,1275,17,1292,3
2021-05-29,Monterey,053,433212,43207,43042,1879,44921,379
2021-05-29,Napa,055,140530,9919,9948,38,9986,82
2021-05-29,Nevada,057,99092,4846,4816,192,5008,72
2021-05-29,Orange,059,3164182,255545,254537,11401,265938,5049
2021-05-29,Placer,061,380077,23354,23009,1511,24520,293
2021-05-29,Plumas,063,18699,708,689,11,700,4
2021-05-29,Riverside,065,2383286,294387,288908,14072,302980,4442
2021-05-29,Sacramento,067,1510023,106510,106218,1768,107986,1643
2021-05-29,San Benito,069,59416,6065,6072,115,6187,63
2021-05-29,San Bernardino,071,2135413,293544,292961,9003,301964,4757
2021-05-29,San Diego,073,3302833,281077,280151,14995,295146,3756
2021-05-29,San Francisco,075,870044,36791,37008,1296,38304,550
2021-05-29,San Joaquin,077,732212,73324,72827,3582,76409,1383
2021-05-29,San Luis Obispo,079,281455,21422,21201,749,21950,256
2021-05-29,San Mateo,081,765935,42425,42375,474,42849,439
2021-05-29,Santa Barbara,083,443738,34463,34367,1138,35505,456
2021-05-29,Santa Clara,085,1922200,118737,119498,765,120263,2056
2021-05-29,Santa Cruz,087,273765,16238,16137,813,16950,207
2021-05-29,Shasta,089,179085,12358,12401,1582,13983,199
2021-05-29,Sierra,091,2930,57,55,12,67,0
2021-05-29,Siskiyou,093,43540,1937,1856,367,2223,21
2021-05-29,Solano,095,438530,32944,32917,559,33476,256
2021-05-29,Sonoma,097,501317,30175,30298,340,30638,322
2021-05-29,Stanislaus,099,539301,56477,56305,5969,62274,974
2021-05-29,Sutter,101,95872,9483,9516,87,9603,111
2021-05-29,Tehama,103,63373,5099,5070,585,5655,63
2021-05-29,Trinity,105,12862,483,328,95,423,3
2021-05-29,Tulare,107,460477,50274,49392,9087,58479,845
2021-05-29,Tuolumne,109,53932,4021,4093,40,4133,63
2021-05-29,Ventura,111,848112,81449,81008,3002,84010,1021
2021-05-29,Yolo,113,214977,14044,14055,323,14378,210
2021-05-29,Yuba,115,75493,6082,6059,126,6185,48
2021-05-28,Alameda,001,1643700,88344,88391,1966,90357,1261
2021-05-28,Alpine,003,1148,87,88,0,88,0
2021-05-28,Amador,005,37829,3687,3680,33,3713,46
2021-05-28,Butte,007,227075,12578,12407,1826,14233,190
2021-05-28,Calaveras,009,45235,2172,2165,14,2179,55
2021-05-28,Colusa,011,21464,1950,1954,312,2266,15
2021-05-28,Contra Costa,013,1133247,69797,69290,1289,70579,813
2021-05-28,Del Norte,015,27424,1419,1390,13,1403,8
2021-05-28,El Dorado,017,186661,10318,10265,730,10995,110
2021-05-28,Fresno,019,978130,102873,102437,8744,111181,1705
2021-05-28,Glenn,021,27897,2437,2419,563,2982,18
2021-05-28,Humboldt,023,135768,4285,4265,38,4303,42
2021-05-28,Imperial,025,180216,28644,28722,2768,31490,736
2021-05-28,Inyo,027,18085,1403,1404,12,1416,35
2021-05-28,Kern,029,883053,97407,96396,10968,107364,1320
2021-05-28,Kings,031,150075,23191,22962,1095,24057,244
2021-05-28,Lake,033,64148,3534,3515,9,3524,45
2021-05-28,Lassen,035,31185,5219,5169,115,5284,6
2021-05-28,Los Angeles,037,10098052,1206056,1202103,41793,1243896,24357
2021-05-28,Madera,039,155013,16643,16530,942,17472,240
2021-05-28,Marin,041,260295,14120,14063,259,14322,229
2021-05-28,Mariposa,043,17540,434,428,11,439,5
2021-05-28,Mendocino,045,87422,4017,3947,82,4029,47
2021-05-28,Merced,047,269075,31061,31176,1056,32232,455
2021-05-28,Modoc,049,8938,382,374,132,506,3
2021-05-28,Mono,051,14174,1263,1274,17,1291,3
2021-05-28,Monterey,053,433212,43206,43036,1879,44915,379
2021-05-28,Napa,055,140530,9919,9941,38,9979,82
2021-05-28,Nevada,057,99092,4844,4813,192,5005,71
2021-05-28,Orange,059,3164182,255525,254494,11399,265893,5047
2021-05-28,Placer,061,380077,23344,22987,1509,24496,293
2021-05-28,Plumas,063,18699,706,688,11,699,4
2021-05-28,Riverside,065,2383286,294365,288872,14070,302942,4442
2021-05-28,Sacramento,067,1510023,106454,106131,1766,107897,1642
2021-05-28,San Benito,069,59416,6065,6074,115,6189,63
2021-05-28,San Bernardino,071,2135413,293521,292905,9003,301908,4757
2021-05-28,San Diego,073,3302833,281014,280043,14984,295027,3756
2021-05-28,San Francisco,075,870044,36785,36987,1296,38283,546
2021-05-28,San Joaquin,077,732212,73294,72793,3580,76373,1383
2021-05-28,San Luis Obispo,079,281455,21417,21190,747,21937,256
2021-05-28,San Mateo,081,765935,42419,42364,474,42838,439
2021-05-28,Santa Barbara,083,443738,34462,34371,1138,35509,455
2021-05-28,Santa Clara,085,1922200,118713,119462,765,120227,2056
2021-05-28,Santa Cruz,087,273765,16237,16129,813,16942,207
2021-05-28,Shasta,089,179085,12349,12383,1580,13963,198
2021-05-28,Sierra,091,2930,57,54,12,66,0
2021-05-28,Siskiyou,093,43540,1935,1850,367,2217,19
2021-05-28,Solano,095,438530,32929,32892,559,33451,256
2021-05-28,Sonoma,097,501317,30156,30270,340,30610,321
2021-05-28,Stanislaus,099,539301,56459,56278,5966,62244,974
2021-05-28,Sutter,101,95872,9479,9511,87,9598,111
2021-05-28,Tehama,103,63373,5093,5064,585,5649,63
2021-05-28,Trinity,105,12862,483,328,95,423,3
2021-05-28,Tulare,107,460477,50269,49375,9078,58453,846
2021-05-28,Tuolumne,109,53932,4021,4090,40,4130,63
2021-05-28,Ventura,111,848112,81438,80985,3001,83986,1021
2021-05-28,Yolo,113,214977,14041,14050,322,14372,210
2021-05-28,Yuba,115,75493,6080,6050,125,6175,48
2021-05-27,Alameda,001,1643700,88309,88342,1965,90307,1274
2021-05-27,Alpine,003,1148,87,88,0,88,0
2021-05-27,Amador,005,37829,3684,3680,33,3713,46
2021-05-27,Butte,007,227075,12573,12401,1825,14226,190
2021-05-27,Calaveras,009,45235,2171,2163,14,2177,55
2021-05-27,Colusa,011,21464,1947,1952,312,2264,15
2021-05-27,Contra Costa,013,1133247,69755,69245,1287,70532,813
2021-05-27,Del Norte,015,27424,1419,1388,13,1401,8
2021-05-27,El Dorado,017,186661,10317,10248,730,10978,112
2021-05-27,Fresno,019,978130,102856,102413,8741,111154,1704
2021-05-27,Glenn,021,27897,2437,2415,563,2978,18
2021-05-27,Humboldt,023,135768,4277,4260,38,4298,42
2021-05-27,Imperial,025,180216,28633,28728,2768,31496,736
2021-05-27,Inyo,027,18085,1403,1404,12,1416,35
2021-05-27,Kern,029,883053,97391,96364,10960,107324,1322
2021-05-27,Kings,031,150075,23188,22953,1095,24048,245
2021-05-27,Lake,033,64148,3529,3509,9,3518,45
2021-05-27,Lassen,035,31185,5218,5170,114,5284,6
2021-05-27,Los Angeles,037,10098052,1205893,1201927,41777,1243704,24348
2021-05-27,Madera,039,155013,16634,16527,942,17469,240
2021-05-27,Marin,041,260295,14116,14061,259,14320,229
2021-05-27,Mariposa,043,17540,432,427,11,438,5
2021-05-27,Mendocino,045,87422,4011,3945,82,4027,47
2021-05-27,Merced,047,269075,31049,31161,1056,32217,455
2021-05-27,Modoc,049,8938,381,374,132,506,3
2021-05-27,Mono,051,14174,1263,1276,17,1293,3
2021-05-27,Monterey,053,433212,43200,43032,1879,44911,379
2021-05-27,Napa,055,140530,9918,9934,38,9972,82
2021-05-27,Nevada,057,99092,4840,4807,190,4997,71
2021-05-27,Orange,059,3164182,255488,254438,11395,265833,5059
2021-05-27,Placer,061,380077,23335,22966,1509,24475,293
2021-05-27,Plumas,063,18699,706,687,11,698,4
2021-05-27,Riverside,065,2383286,294329,288835,14065,302900,4443
2021-05-27,Sacramento,067,1510023,106379,106015,1764,107779,1642
2021-05-27,San Benito,069,59416,6064,6074,115,6189,63
2021-05-27,San Bernardino,071,2135413,293485,292755,9001,301756,4756
2021-05-27,San Diego,073,3302833,280940,279960,14970,294930,3756
2021-05-27,San Francisco,075,870044,36779,36980,1293,38273,546
2021-05-27,San Joaquin,077,732212,73262,72714,3576,76290,1388
2021-05-27,San Luis Obispo,079,281455,21412,21171,747,21918,256
2021-05-27,San Mateo,081,765935,42410,42345,474,42819,436
2021-05-27,Santa Barbara,083,443738,34457,34355,1138,35493,456
2021-05-27,Santa Clara,085,1922200,118692,119452,765,120217,2053
2021-05-27,Santa Cruz,087,273765,16235,16134,813,16947,207
2021-05-27,Shasta,089,179085,12338,12380,1580,13960,202
2021-05-27,Sierra,091,2930,57,54,12,66,0
2021-05-27,Siskiyou,093,43540,1932,1846,367,2213,18
2021-05-27,Solano,095,438530,32888,32855,558,33413,257
2021-05-27,Sonoma,097,501317,30129,30253,336,30589,321
2021-05-27,Stanislaus,099,539301,56434,56207,5965,62172,974
2021-05-27,Sutter,101,95872,9475,9501,87,9588,111
2021-05-27,Tehama,103,63373,5090,5064,584,5648,63
2021-05-27,Trinity,105,12862,483,328,95,423,3
2021-05-27,Tulare,107,460477,50255,49366,9069,58435,840
2021-05-27,Tuolumne,109,53932,4020,4090,40,4130,66
2021-05-27,Ventura,111,848112,81425,80965,2998,83963,1023
2021-05-27,Yolo,113,214977,14038,14036,322,14358,213
2021-05-27,Yuba,115,75493,6075,6040,124,6164,48
2021-05-26,Alameda,001,1643700,88280,88297,1965,90262,1266
2021-05-26,Alpine,003,1148,87,88,0,88,0
2021-05-26,Amador,005,37829,3684,3679,33,3712,46
2021-05-26,Butte,007,227075,12564,12332,1824,14156,190
2021-05-26,Calaveras,009,45235,2170,2154,14,2168,55
2021-05-26,Colusa,011,21464,1946,1952,312,2264,15
2021-05-26,Contra Costa,013,1133247,69718,69210,1287,70497,812
2021-05-26,Del Norte,015,27424,1419,1386,12,1398,8
2021-05-26,El Dorado,017,186661,10313,10242,729,10971,112
2021-05-26,Fresno,019,978130,102824,102374,8736,111110,1702
2021-05-26,Glenn,021,27897,2436,2415,563,2978,18
2021-05-26,Humboldt,023,135768,4272,4246,38,4284,42
2021-05-26,Imperial,025,180216,28628,28712,2766,31478,734
2021-05-26,Inyo,027,18085,1403,1403,12,1415,36
2021-05-26,Kern,029,883053,97366,96343,10953,107296,1320
2021-05-26,Kings,031,150075,23184,22950,1094,24044,245
2021-05-26,Lake,033,64148,3528,3508,9,3517,45
2021-05-26,Lassen,035,31185,5217,5164,114,5278,6
2021-05-26,Los Angeles,037,10098052,1205727,1198100,41760,1239860,24221
2021-05-26,Madera,039,155013,16631,16520,942,17462,240
2021-05-26,Marin,041,260295,14113,14061,258,14319,227
2021-05-26,Mariposa,043,17540,432,427,11,438,5
2021-05-26,Mendocino,045,87422,4005,3938,82,4020,47
2021-05-26,Merced,047,269075,31040,31139,1056,32195,455
2021-05-26,Modoc,049,8938,381,371,131,502,3
2021-05-26,Mono,051,14174,1263,1274,17,1291,3
2021-05-26,Monterey,053,433212,43194,43018,1878,44896,379
2021-05-26,Napa,055,140530,9911,9932,36,9968,82
2021-05-26,Nevada,057,99092,4835,4803,190,4993,70
2021-05-26,Orange,059,3164182,255452,254368,11392,265760,5058
2021-05-26,Placer,061,380077,23311,22940,1509,24449,293
2021-05-26,Plumas,063,18699,705,685,11,696,4
2021-05-26,Riverside,065,2383286,294283,288782,14058,302840,4443
2021-05-26,Sacramento,067,1510023,106293,105919,1760,107679,1637
2021-05-26,San Benito,069,59416,6064,6074,115,6189,63
2021-05-26,San Bernardino,071,2135413,293449,292662,9000,301662,4755
2021-05-26,San Diego,073,3302833,280865,279859,14960,294819,3755
2021-05-26,San Francisco,075,870044,36767,36954,1293,38247,546
2021-05-26,San Joaquin,077,732212,73220,72681,3573,76254,1388
2021-05-26,San Luis Obispo,079,281455,21406,21163,747,21910,256
2021-05-26,San Mateo,081,765935,42401,42331,474,42805,436
2021-05-26,Santa Barbara,083,443738,34448,34348,1138,35486,459
2021-05-26,Santa Clara,085,1922200,118665,119421,764,120185,2031
2021-05-26,Santa Cruz,087,273765,16234,16139,813,16952,207
2021-05-26,Shasta,089,179085,12324,12357,1577,13934,202
2021-05-26,Sierra,091,2930,57,54,12,66,0
2021-05-26,Siskiyou,093,43540,1930,1847,365,2212,18
2021-05-26,Solano,095,438530,32852,32831,558,33389,257
2021-05-26,Sonoma,097,501317,30102,30230,336,30566,321
2021-05-26,Stanislaus,099,539301,56412,56193,5963,62156,974
2021-05-26,Sutter,101,95872,9470,9495,87,9582,112
2021-05-26,Tehama,103,63373,5089,5054,581,5635,63
2021-05-26,Trinity,105,12862,483,328,95,423,3
2021-05-26,Tulare,107,460477,50248,49352,9065,58417,839
2021-05-26,Tuolumne,109,53932,4016,4088,39,4127,66
2021-05-26,Ventura,111,848112,81402,80944,2996,83940,1023
2021-05-26,Yolo,113,214977,14035,14025,322,14347,213
2021-05-26,Yuba,115,75493,6070,6036,124,6160,49
2021-05-25,Alameda,001,1643700,88250,88237,1965,90202,1263
2021-05-25,Alpine,003,1148,87,88,0,88,0
2021-05-25,Amador,005,37829,3679,3676,33,3709,46
2021-05-25,Butte,007,227075,12553,12295,1823,14118,189
2021-05-25,Calaveras,009,45235,2168,2148,14,2162,55
2021-05-25,Colusa,011,21464,1945,1949,312,2261,15
2021-05-25,Contra Costa,013,1133247,69666,69167,1282,70449,809
2021-05-25,Del Norte,015,27424,1419,1385,12,1397,8
2021-05-25,El Dorado,017,186661,10306,10240,728,10968,112
2021-05-25,Fresno,019,978130,102802,102329,8734,111063,1701
2021-05-25,Glenn,021,27897,2435,2414,562,2976,17
2021-05-25,Humboldt,023,135768,4265,4231,36,4267,42
2021-05-25,Imperial,025,180216,28621,28586,2766,31352,735
2021-05-25,Inyo,027,18085,1403,1402,12,1414,36
2021-05-25,Kern,029,883053,97335,96319,10939,107258,1319
2021-05-25,Kings,031,150075,23177,22944,1094,24038,245
2021-05-25,Lake,033,64148,3527,3508,9,3517,44
2021-05-25,Lassen,035,31185,5213,5164,114,5278,6
2021-05-25,Los Angeles,037,10098052,1205548,1197940,41741,1239681,24212
2021-05-25,Madera,039,155013,16626,16519,941,17460,240
2021-05-25,Marin,041,260295,14107,14053,258,14311,227
2021-05-25,Mariposa,043,17540,431,427,11,438,5
2021-05-25,Mendocino,045,87422,4000,3928,82,4010,47
2021-05-25,Merced,047,269075,31019,31132,1056,32188,455
2021-05-25,Modoc,049,8938,380,367,131,498,3
2021-05-25,Mono,051,14174,1263,1274,17,1291,3
2021-05-25,Monterey,053,433212,43190,43012,1877,44889,379
2021-05-25,Napa,055,140530,9909,9926,36,9962,82
2021-05-25,Nevada,057,99092,4829,4795,190,4985,70
2021-05-25,Orange,059,3164182,255423,254321,11391,265712,5057
2021-05-25,Placer,061,380077,23300,22920,1507,24427,292
2021-05-25,Plumas,063,18699,705,684,11,695,4
2021-05-25,Riverside,065,2383286,294244,288725,14055,302780,4443
2021-05-25,Sacramento,067,1510023,106212,105828,1756,107584,1633
2021-05-25,San Benito,069,59416,6064,6073,115,6188,63
2021-05-25,San Bernardino,071,2135413,293389,292485,8998,301483,4755
2021-05-25,San Diego,073,3302833,280783,279786,14955,294741,3753
2021-05-25,San Francisco,075,870044,36744,36939,1293,38232,546
2021-05-25,San Joaquin,077,732212,73178,72628,3570,76198,1387
2021-05-25,San Luis Obispo,079,281455,21403,21153,747,21900,256
2021-05-25,San Mateo,081,765935,42391,42268,474,42742,435
2021-05-25,Santa Barbara,083,443738,34445,34337,1138,35475,459
2021-05-25,Santa Clara,085,1922200,118641,119393,763,120156,2032
2021-05-25,Santa Cruz,087,273765,16229,16141,813,16954,207
2021-05-25,Shasta,089,179085,12315,12328,1575,13903,202
2021-05-25,Sierra,091,2930,56,54,12,66,0
2021-05-25,Siskiyou,093,43540,1929,1845,364,2209,18
2021-05-25,Solano,095,438530,32833,32817,557,33374,256
2021-05-25,Sonoma,097,501317,30073,30207,335,30542,321
2021-05-25,Stanislaus,099,539301,56376,56168,5960,62128,974
2021-05-25,Sutter,101,95872,9466,9495,87,9582,112
2021-05-25,Tehama,103,63373,5086,5048,580,5628,63
2021-05-25,Trinity,105,12862,483,328,94,422,3
2021-05-25,Tulare,107,460477,50238,49326,9057,58383,838
2021-05-25,Tuolumne,109,53932,4016,4084,39,4123,66
2021-05-25,Ventura,111,848112,81384,80905,2996,83901,1022
2021-05-25,Yolo,113,214977,14027,14018,320,14338,213
2021-05-25,Yuba,115,75493,6063,6028,124,6152,49
2021-05-24,Alameda,001,1643700,88208,88182,1964,90146,1263
2021-05-24,Alpine,003,1148,87,88,0,88,0
2021-05-24,Amador,005,37829,3677,3675,33,3708,46
2021-05-24,Butte,007,227075,12540,12279,1820,14099,189
2021-05-24,Calaveras,009,45235,2166,2146,14,2160,54
2021-05-24,Colusa,011,21464,1945,1949,312,2261,15
2021-05-24,Contra Costa,013,1133247,69625,69107,1278,70385,809
2021-05-24,Del Norte,015,27424,1418,1384,12,1396,8
2021-05-24,El Dorado,017,186661,10296,10227,727,10954,112
2021-05-24,Fresno,019,978130,102760,102289,8733,111022,1698
2021-05-24,Glenn,021,27897,2435,2413,562,2975,17
2021-05-24,Humboldt,023,135768,4258,4225,36,4261,42
2021-05-24,Imperial,025,180216,28619,28575,2766,31341,735
2021-05-24,Inyo,027,18085,1403,1402,12,1414,36
2021-05-24,Kern,029,883053,97308,96296,10934,107230,1319
2021-05-24,Kings,031,150075,23173,22940,1094,24034,246
2021-05-24,Lake,033,64148,3525,3506,9,3515,43
2021-05-24,Lassen,035,31185,5209,5163,114,5277,6
2021-05-24,Los Angeles,037,10098052,1205374,1197782,41726,1239508,24201
2021-05-24,Madera,039,155013,16622,16513,940,17453,239
2021-05-24,Marin,041,260295,14105,14051,258,14309,227
2021-05-24,Mariposa,043,17540,430,427,11,438,5
2021-05-24,Mendocino,045,87422,3998,3919,82,4001,47
2021-05-24,Merced,047,269075,31009,31128,1055,32183,455
2021-05-24,Modoc,049,8938,380,366,130,496,3
2021-05-24,Mono,051,14174,1263,1270,17,1287,3
2021-05-24,Monterey,053,433212,43185,43005,1876,44881,379
2021-05-24,Napa,055,140530,9909,9924,36,9960,82
2021-05-24,Nevada,057,99092,4826,4790,190,4980,70
2021-05-24,Orange,059,3164182,255389,254287,11381,265668,5056
2021-05-24,Placer,061,380077,23281,22895,1506,24401,292
2021-05-24,Plumas,063,18699,704,683,11,694,4
2021-05-24,Riverside,065,2383286,294187,288669,14045,302714,4442
2021-05-24,Sacramento,067,1510023,106097,105716,1755,107471,1632
2021-05-24,San Benito,069,59416,6064,6072,115,6187,63
2021-05-24,San Bernardino,071,2135413,293349,292343,8997,301340,4747
2021-05-24,San Diego,073,3302833,280675,279715,14945,294660,3749
2021-05-24,San Francisco,075,870044,36724,36934,1291,38225,547
2021-05-24,San Joaquin,077,732212,73146,72586,3569,76155,1371
2021-05-24,San Luis Obispo,079,281455,21385,21146,746,21892,256
2021-05-24,San Mateo,081,765935,42381,42249,474,42723,433
2021-05-24,Santa Barbara,083,443738,34440,34322,1138,35460,459
2021-05-24,Santa Clara,085,1922200,118609,119358,763,120121,2030
2021-05-24,Santa Cruz,087,273765,16223,16135,813,16948,207
2021-05-24,Shasta,089,179085,12298,12315,1572,13887,201
2021-05-24,Sierra,091,2930,56,54,12,66,0
2021-05-24,Siskiyou,093,43540,1926,1840,364,2204,17
2021-05-24,Solano,095,438530,32808,32792,556,33348,254
2021-05-24,Sonoma,097,501317,30058,30187,335,30522,321
2021-05-24,Stanislaus,099,539301,56342,56128,5956,62084,974
2021-05-24,Sutter,101,95872,9460,9486,87,9573,113
2021-05-24,Tehama,103,63373,5083,5043,578,5621,63
2021-05-24,Trinity,105,12862,483,328,94,422,3
2021-05-24,Tulare,107,460477,50231,49318,9053,58371,838
2021-05-24,Tuolumne,109,53932,4016,4083,39,4122,65
2021-05-24,Ventura,111,848112,81371,80876,2994,83870,1022
2021-05-24,Yolo,113,214977,14010,14012,318,14330,213
2021-05-24,Yuba,115,75493,6054,6022,124,6146,49
2021-05-23,Alameda,001,1643700,88144,88157,1961,90118,1263
2021-05-23,Alpine,003,1148,87,88,0,88,0
2021-05-23,Amador,005,37829,3676,3673,33,3706,46
2021-05-23,Butte,007,227075,12526,12271,1819,14090,189
2021-05-23,Calaveras,009,45235,2158,2144,14,2158,54
2021-05-23,Colusa,011,21464,1945,1949,310,2259,15
2021-05-23,Contra Costa,013,1133247,69581,69075,1276,70351,809
2021-05-23,Del Norte,015,27424,1414,1383,12,1395,8
2021-05-23,El Dorado,017,186661,10290,10222,727,10949,112
2021-05-23,Fresno,019,978130,102715,102270,8728,110998,1698
2021-05-23,Glenn,021,27897,2433,2413,562,2975,17
2021-05-23,Humboldt,023,135768,4241,4216,36,4252,42
2021-05-23,Imperial,025,180216,28613,28569,2765,31334,735
2021-05-23,Inyo,027,18085,1403,1402,12,1414,36
2021-05-23,Kern,029,883053,97284,96282,10926,107208,1319
2021-05-23,Kings,031,150075,23160,22939,1092,24031,246
2021-05-23,Lake,033,64148,3522,3504,9,3513,43
2021-05-23,Lassen,035,31185,5205,5163,113,5276,6
2021-05-23,Los Angeles,037,10098052,1205187,1197633,41714,1239347,24197
2021-05-23,Madera,039,155013,16616,16504,940,17444,239
2021-05-23,Marin,041,260295,14096,14048,257,14305,227
2021-05-23,Mariposa,043,17540,430,427,11,438,5
2021-05-23,Mendocino,045,87422,3992,3913,81,3994,47
2021-05-23,Merced,047,269075,30999,31118,1055,32173,455
2021-05-23,Modoc,049,8938,376,366,130,496,3
2021-05-23,Mono,051,14174,1262,1270,17,1287,3
2021-05-23,Monterey,053,433212,43175,43003,1876,44879,379
2021-05-23,Napa,055,140530,9905,9923,36,9959,82
2021-05-23,Nevada,057,99092,4816,4790,190,4980,70
2021-05-23,Orange,059,3164182,255351,254277,11375,265652,5050
2021-05-23,Placer,061,380077,23261,22888,1506,24394,292
2021-05-23,Plumas,063,18699,703,683,11,694,4
2021-05-23,Riverside,065,2383286,294119,288641,14041,302682,4442
2021-05-23,Sacramento,067,1510023,105981,105663,1752,107415,1632
2021-05-23,San Benito,069,59416,6063,6072,115,6187,63
2021-05-23,San Bernardino,071,2135413,293298,292327,8996,301323,4747
2021-05-23,San Diego,073,3302833,280585,279690,14934,294624,3751
2021-05-23,San Francisco,075,870044,36713,36927,1290,38217,547
2021-05-23,San Joaquin,077,732212,73097,72571,3566,76137,1371
2021-05-23,San Luis Obispo,079,281455,21375,21141,745,21886,256
2021-05-23,San Mateo,081,765935,42364,42248,474,42722,433
2021-05-23,Santa Barbara,083,443738,34433,34319,1138,35457,459
2021-05-23,Santa Clara,085,1922200,118585,119333,763,120096,2030
2021-05-23,Santa Cruz,087,273765,16220,16130,813,16943,207
2021-05-23,Shasta,089,179085,12281,12313,1568,13881,201
2021-05-23,Sierra,091,2930,56,54,12,66,0
2021-05-23,Siskiyou,093,43540,1921,1826,357,2183,17
2021-05-23,Solano,095,438530,32790,32780,555,33335,254
2021-05-23,Sonoma,097,501317,30029,30168,334,30502,321
2021-05-23,Stanislaus,099,539301,56294,56104,5953,62057,974
2021-05-23,Sutter,101,95872,9451,9479,87,9566,113
2021-05-23,Tehama,103,63373,5076,5041,576,5617,63
2021-05-23,Trinity,105,12862,483,328,94,422,3
2021-05-23,Tulare,107,460477,50217,49310,9049,58359,838
2021-05-23,Tuolumne,109,53932,4013,4081,39,4120,65
2021-05-23,Ventura,111,848112,81341,80872,2993,83865,1022
2021-05-23,Yolo,113,214977,13998,14004,315,14319,213
2021-05-23,Yuba,115,75493,6049,6017,124,6141,49
2021-05-22,Alameda,001,1643700,88117,88101,1961,90062,1263
2021-05-22,Alpine,003,1148,87,88,0,88,0
2021-05-22,Amador,005,37829,3675,3672,33,3705,46
2021-05-22,Butte,007,227075,12514,12265,1818,14083,189
2021-05-22,Calaveras,009,45235,2154,2141,14,2155,54
2021-05-22,Colusa,011,21464,1941,1949,309,2258,15
2021-05-22,Contra Costa,013,1133247,69548,69004,1275,70279,809
2021-05-22,Del Norte,015,27424,1413,1381,12,1393,8
2021-05-22,El Dorado,017,186661,10285,10215,727,10942,112
2021-05-22,Fresno,019,978130,102701,102238,8726,110964,1698
2021-05-22,Glenn,021,27897,2433,2412,562,2974,17
2021-05-22,Humboldt,023,135768,4232,4194,35,4229,42
2021-05-22,Imperial,025,180216,28604,28574,2765,31339,735
2021-05-22,Inyo,027,18085,1403,1402,12,1414,36
2021-05-22,Kern,029,883053,97272,96260,10919,107179,1319
2021-05-22,Kings,031,150075,23160,22936,1092,24028,246
2021-05-22,Lake,033,64148,3519,3502,9,3511,43
2021-05-22,Lassen,035,31185,5205,5163,113,5276,6
2021-05-22,Los Angeles,037,10098052,1205081,1197454,41705,1239159,24192
2021-05-22,Madera,039,155013,16613,16503,940,17443,239
2021-05-22,Marin,041,260295,14093,14043,257,14300,227
2021-05-22,Mariposa,043,17540,430,427,11,438,5
2021-05-22,Mendocino,045,87422,3986,3908,81,3989,47
2021-05-22,Merced,047,269075,30989,31099,1055,32154,455
2021-05-22,Modoc,049,8938,376,366,130,496,3
2021-05-22,Mono,051,14174,1260,1270,17,1287,3
2021-05-22,Monterey,053,433212,43169,42998,1876,44874,379
2021-05-22,Napa,055,140530,9903,9918,36,9954,82
2021-05-22,Nevada,057,99092,4809,4787,189,4976,70
2021-05-22,Orange,059,3164182,255330,254238,11369,265607,5048
2021-05-22,Placer,061,380077,23247,22865,1505,24370,292
2021-05-22,Plumas,063,18699,702,683,11,694,4
2021-05-22,Riverside,065,2383286,294087,288580,14040,302620,4442
2021-05-22,Sacramento,067,1510023,105906,105551,1749,107300,1632
2021-05-22,San Benito,069,59416,6063,6071,115,6186,63
2021-05-22,San Bernardino,071,2135413,293273,292292,8996,301288,4747
2021-05-22,San Diego,073,3302833,280526,279614,14926,294540,3751
2021-05-22,San Francisco,075,870044,36703,36906,1288,38194,547
2021-05-22,San Joaquin,077,732212,73075,72528,3563,76091,1371
2021-05-22,San Luis Obispo,079,281455,21367,21134,744,21878,256
2021-05-22,San Mateo,081,765935,42354,42218,474,42692,433
2021-05-22,Santa Barbara,083,443738,34429,34313,1137,35450,459
2021-05-22,Santa Clara,085,1922200,118561,119292,763,120055,2030
2021-05-22,Santa Cruz,087,273765,16220,16125,813,16938,207
2021-05-22,Shasta,089,179085,12274,12307,1565,13872,201
2021-05-22,Sierra,091,2930,56,54,12,66,0
2021-05-22,Siskiyou,093,43540,1920,1824,356,2180,17
2021-05-22,Solano,095,438530,32777,32753,555,33308,254
2021-05-22,Sonoma,097,501317,30017,30154,334,30488,321
2021-05-22,Stanislaus,099,539301,56271,56069,5951,62020,974
2021-05-22,Sutter,101,95872,9446,9476,87,9563,113
2021-05-22,Tehama,103,63373,5075,5036,576,5612,63
2021-05-22,Trinity,105,12862,483,328,94,422,3
2021-05-22,Tulare,107,460477,50211,49299,9044,58343,838
2021-05-22,Tuolumne,109,53932,4013,4078,39,4117,65
2021-05-22,Ventura,111,848112,81337,80859,2993,83852,1022
2021-05-22,Yolo,113,214977,13996,13997,315,14312,213
2021-05-22,Yuba,115,75493,6046,6010,124,6134,49
2021-05-21,Alameda,001,1643700,88091,88041,1960,90001,1263
2021-05-21,Alpine,003,1148,87,88,0,88,0
2021-05-21,Amador,005,37829,3672,3672,33,3705,46
2021-05-21,Butte,007,227075,12508,12236,1816,14052,188
2021-05-21,Calaveras,009,45235,2152,2138,14,2152,54
2021-05-21,Colusa,011,21464,1941,1947,309,2256,15
2021-05-21,Contra Costa,013,1133247,69505,68965,1274,70239,810
2021-05-21,Del Norte,015,27424,1412,1376,12,1388,8
2021-05-21,El Dorado,017,186661,10281,10204,727,10931,112
2021-05-21,Fresno,019,978130,102673,102189,8724,110913,1698
2021-05-21,Glenn,021,27897,2432,2408,562,2970,17
2021-05-21,Humboldt,023,135768,4225,4175,35,4210,42
2021-05-21,Imperial,025,180216,28597,28572,2764,31336,732
2021-05-21,Inyo,027,18085,1403,1402,12,1414,36
2021-05-21,Kern,029,883053,97258,96233,10912,107145,1318
2021-05-21,Kings,031,150075,23160,22927,1092,24019,246
2021-05-21,Lake,033,64148,3517,3500,9,3509,43
2021-05-21,Lassen,035,31185,5204,5161,113,5274,6
2021-05-21,Los Angeles,037,10098052,1204970,1197263,41696,1238959,24180
2021-05-21,Madera,039,155013,16612,16500,939,17439,238
2021-05-21,Marin,041,260295,14088,14042,257,14299,227
2021-05-21,Mariposa,043,17540,429,427,11,438,5
2021-05-21,Mendocino,045,87422,3980,3897,81,3978,47
2021-05-21,Merced,047,269075,30981,31076,1055,32131,455
2021-05-21,Modoc,049,8938,376,365,130,495,3
2021-05-21,Mono,051,14174,1260,1269,17,1286,3
2021-05-21,Monterey,053,433212,43167,42995,1876,44871,379
2021-05-21,Napa,055,140530,9899,9913,36,9949,82
2021-05-21,Nevada,057,99092,4808,4779,189,4968,70
2021-05-21,Orange,059,3164182,255311,254171,11367,265538,5042
2021-05-21,Placer,061,380077,23238,22853,1505,24358,292
2021-05-21,Plumas,063,18699,702,683,10,693,4
2021-05-21,Riverside,065,2383286,294060,288499,14033,302532,4442
2021-05-21,Sacramento,067,1510023,105839,105476,1746,107222,1632
2021-05-21,San Benito,069,59416,6063,6068,115,6183,63
2021-05-21,San Bernardino,071,2135413,293241,292205,8993,301198,4744
2021-05-21,San Diego,073,3302833,280453,279554,14916,294470,3748
2021-05-21,San Francisco,075,870044,36698,36879,1288,38167,546
2021-05-21,San Joaquin,077,732212,73055,72467,3561,76028,1371
2021-05-21,San Luis Obispo,079,281455,21361,21128,741,21869,256
2021-05-21,San Mateo,081,765935,42341,42163,473,42636,432
2021-05-21,Santa Barbara,083,443738,34424,34302,1137,35439,459
2021-05-21,Santa Clara,085,1922200,118534,119247,763,120010,2029
2021-05-21,Santa Cruz,087,273765,16216,16120,813,16933,207
2021-05-21,Shasta,089,179085,12257,12289,1563,13852,201
2021-05-21,Sierra,091,2930,56,54,12,66,0
2021-05-21,Siskiyou,093,43540,1919,1815,356,2171,16
2021-05-21,Solano,095,438530,32762,32742,555,33297,254
2021-05-21,Sonoma,097,501317,30004,30126,334,30460,321
2021-05-21,Stanislaus,099,539301,56242,56036,5949,61985,975
2021-05-21,Sutter,101,95872,9444,9470,87,9557,113
2021-05-21,Tehama,103,63373,5069,5030,576,5606,63
2021-05-21,Trinity,105,12862,483,329,93,422,3
2021-05-21,Tulare,107,460477,50206,49271,9042,58313,838
2021-05-21,Tuolumne,109,53932,4011,4079,39,4118,65
2021-05-21,Ventura,111,848112,81329,80821,2990,83811,1021
2021-05-21,Yolo,113,214977,13990,13983,315,14298,213
2021-05-21,Yuba,115,75493,6040,6006,124,6130,49
2021-05-20,Alameda,001,1643700,88047,87975,1959,89934,1264
2021-05-20,Alpine,003,1148,87,88,0,88,0
2021-05-20,Amador,005,37829,3671,3671,33,3704,46
2021-05-20,Butte,007,227075,12501,12220,1813,14033,188
2021-05-20,Calaveras,009,45235,2148,2138,14,2152,54
2021-05-20,Colusa,011,21464,1940,1946,307,2253,15
2021-05-20,Contra Costa,013,1133247,69460,68913,1272,70185,809
2021-05-20,Del Norte,015,27424,1412,1373,12,1385,8
2021-05-20,El Dorado,017,186661,10271,10188,727,10915,112
2021-05-20,Fresno,019,978130,102651,102135,8722,110857,1696
2021-05-20,Glenn,021,27897,2429,2406,562,2968,17
2021-05-20,Humboldt,023,135768,4208,4162,34,4196,42
2021-05-20,Imperial,025,180216,28592,28551,2764,31315,732
2021-05-20,Inyo,027,18085,1403,1402,12,1414,36
2021-05-20,Kern,029,883053,97237,96204,10905,107109,1317
2021-05-20,Kings,031,150075,23158,22922,1092,24014,246
2021-05-20,Lake,033,64148,3514,3500,9,3509,43
2021-05-20,Lassen,035,31185,5202,5160,112,5272,6
2021-05-20,Los Angeles,037,10098052,1204814,1197073,41687,1238760,24168
2021-05-20,Madera,039,155013,16606,16499,937,17436,238
2021-05-20,Marin,041,260295,14084,14036,256,14292,227
2021-05-20,Mariposa,043,17540,429,426,11,437,5
2021-05-20,Mendocino,045,87422,3973,3897,81,3978,47
2021-05-20,Merced,047,269075,30968,31046,1054,32100,454
2021-05-20,Modoc,049,8938,376,365,130,495,3
2021-05-20,Mono,051,14174,1259,1269,17,1286,3
2021-05-20,Monterey,053,433212,43161,42984,1875,44859,379
2021-05-20,Napa,055,140530,9896,9913,36,9949,82
2021-05-20,Nevada,057,99092,4807,4775,189,4964,70
2021-05-20,Orange,059,3164182,255268,254127,11364,265491,5038
2021-05-20,Placer,061,380077,23225,22823,1504,24327,292
2021-05-20,Plumas,063,18699,700,682,10,692,4
2021-05-20,Riverside,065,2383286,294012,288453,14028,302481,4442
2021-05-20,Sacramento,067,1510023,105743,105414,1743,107157,1629
2021-05-20,San Benito,069,59416,6062,6067,115,6182,63
2021-05-20,San Bernardino,071,2135413,293195,292153,8992,301145,4728
2021-05-20,San Diego,073,3302833,280365,279490,14904,294394,3749
2021-05-20,San Francisco,075,870044,36689,36860,1288,38148,546
2021-05-20,San Joaquin,077,732212,73017,72388,3559,75947,1371
2021-05-20,San Luis Obispo,079,281455,21349,21095,739,21834,256
2021-05-20,San Mateo,081,765935,42327,42152,471,42623,432
2021-05-20,Santa Barbara,083,443738,34420,34293,1137,35430,459
2021-05-20,Santa Clara,085,1922200,118513,119222,763,119985,2029
2021-05-20,Santa Cruz,087,273765,16211,16119,813,16932,207
2021-05-20,Shasta,089,179085,12244,12266,1560,13826,200
2021-05-20,Sierra,091,2930,56,54,12,66,0
2021-05-20,Siskiyou,093,43540,1912,1811,355,2166,16
2021-05-20,Solano,095,438530,32747,32725,555,33280,253
2021-05-20,Sonoma,097,501317,29987,30107,333,30440,321
2021-05-20,Stanislaus,099,539301,56217,55979,5947,61926,970
2021-05-20,Sutter,101,95872,9440,9467,87,9554,113
2021-05-20,Tehama,103,63373,5067,5029,576,5605,63
2021-05-20,Trinity,105,12862,483,329,92,421,3
2021-05-20,Tulare,107,460477,50195,49217,9039,58256,837
2021-05-20,Tuolumne,109,53932,4010,4077,39,4116,65
2021-05-20,Ventura,111,848112,81318,80800,2990,83790,1019
2021-05-20,Yolo,113,214977,13985,13973,315,14288,211
2021-05-20,Yuba,115,75493,6031,6002,124,6126,49
2021-05-19,Alameda,001,1643700,88007,87889,1957,89846,1260
2021-05-19,Alpine,003,1148,87,88,0,88,0
2021-05-19,Amador,005,37829,3671,3669,33,3702,46
2021-05-19,Butte,007,227075,12491,12198,1813,14011,188
2021-05-19,Calaveras,009,45235,2144,2132,14,2146,54
2021-05-19,Colusa,011,21464,1940,1945,305,2250,15
2021-05-19,Contra Costa,013,1133247,69413,68836,1272,70108,808
2021-05-19,Del Norte,015,27424,1410,1371,12,1383,8
2021-05-19,El Dorado,017,186661,10266,10179,726,10905,112
2021-05-19,Fresno,019,978130,102621,102085,8719,110804,1693
2021-05-19,Glenn,021,27897,2429,2404,562,2966,17
2021-05-19,Humboldt,023,135768,4198,4143,34,4177,42
2021-05-19,Imperial,025,180216,28583,28550,2764,31314,732
2021-05-19,Inyo,027,18085,1403,1402,12,1414,36
2021-05-19,Kern,029,883053,97208,96173,10897,107070,1316
2021-05-19,Kings,031,150075,23152,22919,1092,24011,246
2021-05-19,Lake,033,64148,3514,3497,9,3506,43
2021-05-19,Lassen,035,31185,5201,5157,112,5269,6
2021-05-19,Los Angeles,037,10098052,1204621,1196856,41672,1238528,24143
2021-05-19,Madera,039,155013,16603,16496,937,17433,238
2021-05-19,Marin,041,260295,14080,14033,254,14287,227
2021-05-19,Mariposa,043,17540,429,425,11,436,5
2021-05-19,Mendocino,045,87422,3969,3886,81,3967,47
2021-05-19,Merced,047,269075,30952,31044,1054,32098,452
2021-05-19,Modoc,049,8938,376,364,127,491,3
2021-05-19,Mono,051,14174,1259,1266,17,1283,3
2021-05-19,Monterey,053,433212,43156,42973,1874,44847,379
2021-05-19,Napa,055,140530,9893,9906,36,9942,82
2021-05-19,Nevada,057,99092,4805,4769,189,4958,70
2021-05-19,Orange,059,3164182,255231,254087,11354,265441,5035
2021-05-19,Placer,061,380077,23206,22784,1499,24283,291
2021-05-19,Plumas,063,18699,700,682,10,692,4
2021-05-19,Riverside,065,2383286,293965,288398,14026,302424,4442
2021-05-19,Sacramento,067,1510023,105666,105225,1742,106967,1629
2021-05-19,San Benito,069,59416,6061,6064,115,6179,63
2021-05-19,San Bernardino,071,2135413,293151,292078,8989,301067,4725
2021-05-19,San Diego,073,3302833,280280,279345,14883,294228,3746
2021-05-19,San Francisco,075,870044,36676,36835,1287,38122,546
2021-05-19,San Joaquin,077,732212,72974,72338,3554,75892,1369
2021-05-19,San Luis Obispo,079,281455,21341,21085,738,21823,256
2021-05-19,San Mateo,081,765935,42320,42126,471,42597,429
2021-05-19,Santa Barbara,083,443738,34412,34292,1137,35429,459
2021-05-19,Santa Clara,085,1922200,118473,119176,762,119938,2015
2021-05-19,Santa Cruz,087,273765,16207,16121,812,16933,207
2021-05-19,Shasta,089,179085,12226,12233,1557,13790,200
2021-05-19,Sierra,091,2930,56,54,12,66,0
2021-05-19,Siskiyou,093,43540,1909,1803,354,2157,16
2021-05-19,Solano,095,438530,32720,32678,553,33231,253
2021-05-19,Sonoma,097,501317,29972,30080,333,30413,321
2021-05-19,Stanislaus,099,539301,56199,55912,5942,61854,967
2021-05-19,Sutter,101,95872,9433,9459,86,9545,113
2021-05-19,Tehama,103,63373,5058,5026,570,5596,63
2021-05-19,Trinity,105,12862,483,329,92,421,3
2021-05-19,Tulare,107,460477,50182,49163,9034,58197,837
2021-05-19,Tuolumne,109,53932,4010,4074,39,4113,64
2021-05-19,Ventura,111,848112,81303,80747,2989,83736,1019
2021-05-19,Yolo,113,214977,13978,13961,314,14275,211
2021-05-19,Yuba,115,75493,6027,5993,124,6117,49
2021-05-18,Alameda,001,1643700,87933,87816,1957,89773,1254
2021-05-18,Alpine,003,1148,87,88,0,88,0
2021-05-18,Amador,005,37829,3671,3669,33,3702,46
2021-05-18,Butte,007,227075,12478,12164,1810,13974,191
2021-05-18,Calaveras,009,45235,2140,2131,14,2145,54
2021-05-18,Colusa,011,21464,1940,1943,305,2248,14
2021-05-18,Contra Costa,013,1133247,69356,68750,1271,70021,808
2021-05-18,Del Norte,015,27424,1407,1371,12,1383,8
2021-05-18,El Dorado,017,186661,10255,10169,725,10894,112
2021-05-18,Fresno,019,978130,102585,102056,8716,110772,1690
2021-05-18,Glenn,021,27897,2423,2403,561,2964,17
2021-05-18,Humboldt,023,135768,4180,4132,34,4166,42
2021-05-18,Imperial,025,180216,28577,28538,2762,31300,730
2021-05-18,Inyo,027,18085,1403,1401,12,1413,36
2021-05-18,Kern,029,883053,97174,96128,10883,107011,1315
2021-05-18,Kings,031,150075,23146,22916,1092,24008,247
2021-05-18,Lake,033,64148,3512,3495,9,3504,43
2021-05-18,Lassen,035,31185,5200,5157,111,5268,6
2021-05-18,Los Angeles,037,10098052,1204442,1196668,41661,1238329,24133
2021-05-18,Madera,039,155013,16593,16491,936,17427,238
2021-05-18,Marin,041,260295,14077,14026,254,14280,227
2021-05-18,Mariposa,043,17540,429,424,11,435,5
2021-05-18,Mendocino,045,87422,3958,3877,80,3957,47
2021-05-18,Merced,047,269075,30933,31036,1054,32090,452
2021-05-18,Modoc,049,8938,375,364,126,490,3
2021-05-18,Mono,051,14174,1258,1265,17,1282,3
2021-05-18,Monterey,053,433212,43150,43001,1874,44875,379
2021-05-18,Napa,055,140530,9893,9905,36,9941,82
2021-05-18,Nevada,057,99092,4798,4762,189,4951,70
2021-05-18,Orange,059,3164182,255190,254041,11344,265385,5031
2021-05-18,Placer,061,380077,23173,22726,1495,24221,291
2021-05-18,Plumas,063,18699,700,682,10,692,4
2021-05-18,Riverside,065,2383286,293910,288354,14019,302373,4438
2021-05-18,Sacramento,067,1510023,105564,105083,1740,106823,1629
2021-05-18,San Benito,069,59416,6060,6065,115,6180,63
2021-05-18,San Bernardino,071,2135413,293093,292014,8984,300998,4722
2021-05-18,San Diego,073,3302833,280172,279254,14874,294128,3742
2021-05-18,San Francisco,075,870044,36656,36818,1287,38105,546
2021-05-18,San Joaquin,077,732212,72927,72282,3550,75832,1368
2021-05-18,San Luis Obispo,079,281455,21331,21080,736,21816,256
2021-05-18,San Mateo,081,765935,42308,42099,470,42569,428
2021-05-18,Santa Barbara,083,443738,34403,34278,1137,35415,459
2021-05-18,Santa Clara,085,1922200,118446,119171,762,119933,2014
2021-05-18,Santa Cruz,087,273765,16199,16137,812,16949,207
2021-05-18,Shasta,089,179085,12208,12197,1551,13748,200
2021-05-18,Sierra,091,2930,56,54,12,66,0
2021-05-18,Siskiyou,093,43540,1908,1799,354,2153,16
2021-05-18,Solano,095,438530,32695,32644,553,33197,253
2021-05-18,Sonoma,097,501317,29952,30054,332,30386,321
2021-05-18,Stanislaus,099,539301,56163,55860,5942,61802,959
2021-05-18,Sutter,101,95872,9425,9453,86,9539,113
2021-05-18,Tehama,103,63373,5052,5020,567,5587,63
2021-05-18,Trinity,105,12862,483,329,91,420,3
2021-05-18,Tulare,107,460477,50174,49142,9029,58171,836
2021-05-18,Tuolumne,109,53932,4008,4073,39,4112,64
2021-05-18,Ventura,111,848112,81287,80726,2986,83712,1017
2021-05-18,Yolo,113,214977,13971,13951,313,14264,211
2021-05-18,Yuba,115,75493,6023,5989,123,6112,49
2021-05-17,Alameda,001,1643700,87880,87766,1954,89720,1253
2021-05-17,Alpine,003,1148,87,88,0,88,0
2021-05-17,Amador,005,37829,3668,3668,33,3701,46
2021-05-17,Butte,007,227075,12470,12144,1810,13954,192
2021-05-17,Calaveras,009,45235,2140,2131,14,2145,53
2021-05-17,Colusa,011,21464,1940,1943,305,2248,14
2021-05-17,Contra Costa,013,1133247,69301,68720,1270,69990,805
2021-05-17,Del Norte,015,27424,1402,1369,12,1381,8
2021-05-17,El Dorado,017,186661,10238,10163,725,10888,112
2021-05-17,Fresno,019,978130,102541,102013,8708,110721,1690
2021-05-17,Glenn,021,27897,2423,2401,561,2962,17
2021-05-17,Humboldt,023,135768,4169,4112,34,4146,42
2021-05-17,Imperial,025,180216,28571,28533,2760,31293,729
2021-05-17,Inyo,027,18085,1403,1401,12,1413,36
2021-05-17,Kern,029,883053,97145,96095,10866,106961,1315
2021-05-17,Kings,031,150075,23143,22918,1092,24010,246
2021-05-17,Lake,033,64148,3507,3489,9,3498,43
2021-05-17,Lassen,035,31185,5197,5156,110,5266,6
2021-05-17,Los Angeles,037,10098052,1204266,1196556,41656,1238212,24123
2021-05-17,Madera,039,155013,16586,16486,936,17422,238
2021-05-17,Marin,041,260295,14071,14021,254,14275,227
2021-05-17,Mariposa,043,17540,428,423,11,434,5
2021-05-17,Mendocino,045,87422,3949,3868,80,3948,46
2021-05-17,Merced,047,269075,30918,31031,1054,32085,450
2021-05-17,Modoc,049,8938,374,362,126,488,3
2021-05-17,Mono,051,14174,1254,1265,17,1282,3
2021-05-17,Monterey,053,433212,43143,42995,1874,44869,379
2021-05-17,Napa,055,140530,9892,9894,36,9930,82
2021-05-17,Nevada,057,99092,4794,4761,188,4949,70
2021-05-17,Orange,059,3164182,255143,253993,11337,265330,5031
2021-05-17,Placer,061,380077,23147,22706,1488,24194,289
2021-05-17,Plumas,063,18699,700,682,10,692,4
2021-05-17,Riverside,065,2383286,293841,288304,14015,302319,4433
2021-05-17,Sacramento,067,1510023,105456,105035,1738,106773,1629
2021-05-17,San Benito,069,59416,6057,6067,115,6182,63
2021-05-17,San Bernardino,071,2135413,293044,291989,8976,300965,4724
2021-05-17,San Diego,073,3302833,280040,279146,14852,293998,3742
2021-05-17,San Francisco,075,870044,36644,36816,1285,38101,546
2021-05-17,San Joaquin,077,732212,72889,72234,3547,75781,1359
2021-05-17,San Luis Obispo,079,281455,21322,21079,734,21813,256
2021-05-17,San Mateo,081,765935,42280,42083,470,42553,428
2021-05-17,Santa Barbara,083,443738,34396,34275,1137,35412,459
2021-05-17,Santa Clara,085,1922200,118409,119116,760,119876,2015
2021-05-17,Santa Cruz,087,273765,16196,16151,812,16963,206
2021-05-17,Shasta,089,179085,12186,12163,1550,13713,200
2021-05-17,Sierra,091,2930,56,54,12,66,0
2021-05-17,Siskiyou,093,43540,1899,1795,351,2146,15
2021-05-17,Solano,095,438530,32677,32627,552,33179,253
2021-05-17,Sonoma,097,501317,29929,30043,331,30374,321
2021-05-17,Stanislaus,099,539301,56118,55839,5935,61774,951
2021-05-17,Sutter,101,95872,9418,9447,86,9533,113
2021-05-17,Tehama,103,63373,5048,5016,566,5582,63
2021-05-17,Trinity,105,12862,483,328,91,419,3
2021-05-17,Tulare,107,460477,50152,49107,9023,58130,836
2021-05-17,Tuolumne,109,53932,4008,4071,39,4110,64
2021-05-17,Ventura,111,848112,81267,80699,2986,83685,1017
2021-05-17,Yolo,113,214977,13964,13941,313,14254,211
2021-05-17,Yuba,115,75493,6015,5987,123,6110,49
2021-05-16,Alameda,001,1643700,87816,87743,1954,89697,1253
2021-05-16,Alpine,003,1148,87,88,0,88,0
2021-05-16,Amador,005,37829,3667,3667,33,3700,46
2021-05-16,Butte,007,227075,12456,12140,1810,13950,192
2021-05-16,Calaveras,009,45235,2138,2129,14,2143,53
2021-05-16,Colusa,011,21464,1938,1943,305,2248,14
2021-05-16,Contra Costa,013,1133247,69233,68694,1267,69961,805
2021-05-16,Del Norte,015,27424,1399,1365,12,1377,8
2021-05-16,El Dorado,017,186661,10222,10159,724,10883,112
2021-05-16,Fresno,019,978130,102497,101987,8702,110689,1690
2021-05-16,Glenn,021,27897,2423,2401,560,2961,17
2021-05-16,Humboldt,023,135768,4154,4104,34,4138,42
2021-05-16,Imperial,025,180216,28560,28516,2759,31275,729
2021-05-16,Inyo,027,18085,1403,1401,12,1413,36
2021-05-16,Kern,029,883053,97112,96083,10846,106929,1315
2021-05-16,Kings,031,150075,23139,22918,1089,24007,246
2021-05-16,Lake,033,64148,3504,3489,9,3498,43
2021-05-16,Lassen,035,31185,5196,5156,110,5266,6
2021-05-16,Los Angeles,037,10098052,1204043,1196397,41640,1238037,24120
2021-05-16,Madera,039,155013,16581,16483,933,17416,238
2021-05-16,Marin,041,260295,14068,14015,254,14269,227
2021-05-16,Mariposa,043,17540,428,423,11,434,5
2021-05-16,Mendocino,045,87422,3939,3863,80,3943,46
2021-05-16,Merced,047,269075,30897,31023,1052,32075,450
2021-05-16,Modoc,049,8938,374,362,126,488,3
2021-05-16,Mono,051,14174,1254,1265,17,1282,3
2021-05-16,Monterey,053,433212,43138,42991,1874,44865,379
2021-05-16,Napa,055,140530,9889,9891,36,9927,82
2021-05-16,Nevada,057,99092,4790,4755,188,4943,70
2021-05-16,Orange,059,3164182,255111,253962,11334,265296,5031
2021-05-16,Placer,061,380077,23115,22696,1482,24178,289
2021-05-16,Plumas,063,18699,699,682,10,692,4
2021-05-16,Riverside,065,2383286,293765,288259,14007,302266,4433
2021-05-16,Sacramento,067,1510023,105342,105013,1736,106749,1628
2021-05-16,San Benito,069,59416,6056,6067,114,6181,63
2021-05-16,San Bernardino,071,2135413,292972,291940,8974,300914,4724
2021-05-16,San Diego,073,3302833,279922,279099,14839,293938,3742
2021-05-16,San Francisco,075,870044,36621,36808,1284,38092,546
2021-05-16,San Joaquin,077,732212,72840,72218,3542,75760,1359
2021-05-16,San Luis Obispo,079,281455,21314,21072,732,21804,256
2021-05-16,San Mateo,081,765935,42269,42063,469,42532,428
2021-05-16,Santa Barbara,083,443738,34389,34270,1137,35407,459
2021-05-16,Santa Clara,085,1922200,118380,119098,759,119857,2015
2021-05-16,Santa Cruz,087,273765,16194,16143,812,16955,206
2021-05-16,Shasta,089,179085,12170,12156,1546,13702,200
2021-05-16,Sierra,091,2930,56,54,12,66,0
2021-05-16,Siskiyou,093,43540,1895,1790,350,2140,15
2021-05-16,Solano,095,438530,32644,32619,550,33169,253
2021-05-16,Sonoma,097,501317,29910,30033,331,30364,321
2021-05-16,Stanislaus,099,539301,56069,55814,5923,61737,951
2021-05-16,Sutter,101,95872,9411,9445,86,9531,113
2021-05-16,Tehama,103,63373,5044,5013,565,5578,63
2021-05-16,Trinity,105,12862,483,328,91,419,3
2021-05-16,Tulare,107,460477,50135,49091,9020,58111,837
2021-05-16,Tuolumne,109,53932,4004,4070,39,4109,64
2021-05-16,Ventura,111,848112,81236,80689,2986,83675,1017
2021-05-16,Yolo,113,214977,13949,13938,313,14251,211
2021-05-16,Yuba,115,75493,6012,5987,123,6110,49
2021-05-15,Alameda,001,1643700,87790,87677,1953,89630,1252
2021-05-15,Alpine,003,1148,87,88,0,88,0
2021-05-15,Amador,005,37829,3667,3666,33,3699,46
2021-05-15,Butte,007,227075,12449,12095,1809,13904,192
2021-05-15,Calaveras,009,45235,2137,2126,14,2140,53
2021-05-15,Colusa,011,21464,1938,1941,303,2244,14
2021-05-15,Contra Costa,013,1133247,69187,68658,1267,69925,805
2021-05-15,Del Norte,015,27424,1394,1359,12,1371,8
2021-05-15,El Dorado,017,186661,10210,10156,723,10879,112
2021-05-15,Fresno,019,978130,102460,101957,8699,110656,1690
2021-05-15,Glenn,021,27897,2423,2400,560,2960,17
2021-05-15,Humboldt,023,135768,4144,4080,34,4114,42
2021-05-15,Imperial,025,180216,28557,28504,2758,31262,729
2021-05-15,Inyo,027,18085,1403,1402,12,1414,36
2021-05-15,Kern,029,883053,97098,96061,10831,106892,1315
2021-05-15,Kings,031,150075,23138,22913,1089,24002,246
2021-05-15,Lake,033,64148,3503,3485,9,3494,43
2021-05-15,Lassen,035,31185,5193,5156,109,5265,6
2021-05-15,Los Angeles,037,10098052,1203919,1196255,41627,1237882,24115
2021-05-15,Madera,039,155013,16578,16482,933,17415,238
2021-05-15,Marin,041,260295,14064,14012,254,14266,227
2021-05-15,Mariposa,043,17540,428,423,11,434,5
2021-05-15,Mendocino,045,87422,3936,3861,80,3941,46
2021-05-15,Merced,047,269075,30876,31012,1052,32064,450
2021-05-15,Modoc,049,8938,374,362,126,488,3
2021-05-15,Mono,051,14174,1254,1265,17,1282,3
2021-05-15,Monterey,053,433212,43134,42982,1874,44856,379
2021-05-15,Napa,055,140530,9886,9887,36,9923,82
2021-05-15,Nevada,057,99092,4789,4755,188,4943,70
2021-05-15,Orange,059,3164182,255084,253919,11327,265246,5030
2021-05-15,Placer,061,380077,23094,22688,1482,24170,289
2021-05-15,Plumas,063,18699,699,681,10,691,4
2021-05-15,Riverside,065,2383286,293723,288203,14002,302205,4433
2021-05-15,Sacramento,067,1510023,105270,104929,1733,106662,1628
2021-05-15,San Benito,069,59416,6056,6066,114,6180,63
2021-05-15,San Bernardino,071,2135413,292930,291892,8972,300864,4724
2021-05-15,San Diego,073,3302833,279851,278991,14824,293815,3737
2021-05-15,San Francisco,075,870044,36605,36795,1282,38077,546
2021-05-15,San Joaquin,077,732212,72814,72197,3540,75737,1359
2021-05-15,San Luis Obispo,079,281455,21311,21061,731,21792,256
2021-05-15,San Mateo,081,765935,42253,42059,469,42528,428
2021-05-15,Santa Barbara,083,443738,34381,34259,1137,35396,459
2021-05-15,Santa Clara,085,1922200,118359,119060,759,119819,2016
2021-05-15,Santa Cruz,087,273765,16190,16137,812,16949,206
2021-05-15,Shasta,089,179085,12158,12152,1543,13695,200
2021-05-15,Sierra,091,2930,56,54,12,66,0
2021-05-15,Siskiyou,093,43540,1889,1788,348,2136,15
2021-05-15,Solano,095,438530,32635,32604,549,33153,253
2021-05-15,Sonoma,097,501317,29891,30020,331,30351,321
2021-05-15,Stanislaus,099,539301,56040,55795,5916,61711,952
2021-05-15,Sutter,101,95872,9409,9436,86,9522,113
2021-05-15,Tehama,103,63373,5040,5012,564,5576,63
2021-05-15,Trinity,105,12862,483,328,91,419,3
2021-05-15,Tulare,107,460477,50125,49080,9016,58096,837
2021-05-15,Tuolumne,109,53932,4002,4064,39,4103,63
2021-05-15,Ventura,111,848112,81225,80662,2986,83648,1017
2021-05-15,Yolo,113,214977,13942,13932,312,14244,211
2021-05-15,Yuba,115,75493,6009,5979,122,6101,49
2021-05-14,Alameda,001,1643700,87756,87621,1950,89571,1249
2021-05-14,Alpine,003,1148,87,88,0,88,0
2021-05-14,Amador,005,37829,3667,3665,33,3698,46
2021-05-14,Butte,007,227075,12440,12076,1806,13882,192
2021-05-14,Calaveras,009,45235,2133,2121,14,2135,53
2021-05-14,Colusa,011,21464,1937,1940,302,2242,14
2021-05-14,Contra Costa,013,1133247,69145,68589,1265,69854,806
2021-05-14,Del Norte,015,27424,1394,1355,12,1367,8
2021-05-14,El Dorado,017,186661,10203,10143,722,10865,113
2021-05-14,Fresno,019,978130,102431,101917,8693,110610,1688
2021-05-14,Glenn,021,27897,2422,2398,560,2958,17
2021-05-14,Humboldt,023,135768,4137,4050,34,4084,37
2021-05-14,Imperial,025,180216,28550,28485,2757,31242,728
2021-05-14,Inyo,027,18085,1403,1400,12,1412,36
2021-05-14,Kern,029,883053,97068,96033,10822,106855,1311
2021-05-14,Kings,031,150075,23137,22910,1089,23999,246
2021-05-14,Lake,033,64148,3499,3483,9,3492,43
2021-05-14,Lassen,035,31185,5193,5154,109,5263,6
2021-05-14,Los Angeles,037,10098052,1203785,1196038,41622,1237660,24101
2021-05-14,Madera,039,155013,16575,16474,933,17407,238
2021-05-14,Marin,041,260295,14060,14010,254,14264,227
2021-05-14,Mariposa,043,17540,428,422,11,433,5
2021-05-14,Mendocino,045,87422,3934,3855,80,3935,46
2021-05-14,Merced,047,269075,30866,31010,1052,32062,450
2021-05-14,Modoc,049,8938,374,362,126,488,3
2021-05-14,Mono,051,14174,1253,1265,17,1282,3
2021-05-14,Monterey,053,433212,43129,42973,1874,44847,380
2021-05-14,Napa,055,140530,9883,9883,36,9919,82
2021-05-14,Nevada,057,99092,4784,4745,188,4933,70
2021-05-14,Orange,059,3164182,255050,253855,11320,265175,5028
2021-05-14,Placer,061,380077,23075,22660,1476,24136,287
2021-05-14,Plumas,063,18699,698,680,10,690,4
2021-05-14,Riverside,065,2383286,293673,288140,13999,302139,4433
2021-05-14,Sacramento,067,1510023,105181,104828,1732,106560,1627
2021-05-14,San Benito,069,59416,6056,6064,114,6178,63
2021-05-14,San Bernardino,071,2135413,292882,291834,8972,300806,4721
2021-05-14,San Diego,073,3302833,279778,278853,14813,293666,3732
2021-05-14,San Francisco,075,870044,36596,36771,1278,38049,545
2021-05-14,San Joaquin,077,732212,72782,72160,3533,75693,1359
2021-05-14,San Luis Obispo,079,281455,21307,21051,731,21782,256
2021-05-14,San Mateo,081,765935,42242,42041,469,42510,428
2021-05-14,Santa Barbara,083,443738,34371,34243,1137,35380,456
2021-05-14,Santa Clara,085,1922200,118330,119006,759,119765,2014
2021-05-14,Santa Cruz,087,273765,16185,16130,812,16942,207
2021-05-14,Shasta,089,179085,12152,12130,1538,13668,200
2021-05-14,Sierra,091,2930,56,54,12,66,0
2021-05-14,Siskiyou,093,43540,1882,1779,347,2126,14
2021-05-14,Solano,095,438530,32615,32585,548,33133,252
2021-05-14,Sonoma,097,501317,29872,30007,331,30338,321
2021-05-14,Stanislaus,099,539301,56007,55752,5910,61662,950
2021-05-14,Sutter,101,95872,9400,9433,84,9517,113
2021-05-14,Tehama,103,63373,5033,5005,564,5569,63
2021-05-14,Trinity,105,12862,483,328,91,419,3
2021-05-14,Tulare,107,460477,50108,49060,9011,58071,836
2021-05-14,Tuolumne,109,53932,4002,4060,39,4099,63
2021-05-14,Ventura,111,848112,81211,80628,2986,83614,1014
2021-05-14,Yolo,113,214977,13937,13922,308,14230,210
2021-05-14,Yuba,115,75493,6005,5970,122,6092,47
2021-05-13,Alameda,001,1643700,87713,87557,1949,89506,1250
2021-05-13,Alpine,003,1148,87,88,0,88,0
2021-05-13,Amador,005,37829,3667,3662,33,3695,46
2021-05-13,Butte,007,227075,12425,12051,1805,13856,196
2021-05-13,Calaveras,009,45235,2133,2120,14,2134,53
2021-05-13,Colusa,011,21464,1936,1939,298,2237,14
2021-05-13,Contra Costa,013,1133247,69096,68522,1264,69786,806
2021-05-13,Del Norte,015,27424,1392,1354,12,1366,8
2021-05-13,El Dorado,017,186661,10200,10133,722,10855,112
2021-05-13,Fresno,019,978130,102402,101862,8692,110554,1687
2021-05-13,Glenn,021,27897,2421,2395,560,2955,17
2021-05-13,Humboldt,023,135768,4119,4027,34,4061,37
2021-05-13,Imperial,025,180216,28535,28468,2755,31223,729
2021-05-13,Inyo,027,18085,1403,1400,12,1412,36
2021-05-13,Kern,029,883053,97044,95996,10804,106800,1311
2021-05-13,Kings,031,150075,23136,22904,1089,23993,246
2021-05-13,Lake,033,64148,3498,3479,9,3488,43
2021-05-13,Lassen,035,31185,5193,5152,108,5260,6
2021-05-13,Los Angeles,037,10098052,1203597,1195504,41607,1237111,24083
2021-05-13,Madera,039,155013,16567,16467,933,17400,238
2021-05-13,Marin,041,260295,14055,14004,252,14256,227
2021-05-13,Mariposa,043,17540,428,422,11,433,5
2021-05-13,Mendocino,045,87422,3930,3846,80,3926,46
2021-05-13,Merced,047,269075,30859,30989,1051,32040,450
2021-05-13,Modoc,049,8938,374,362,126,488,3
2021-05-13,Mono,051,14174,1253,1265,17,1282,3
2021-05-13,Monterey,053,433212,43114,42966,1874,44840,380
2021-05-13,Napa,055,140530,9876,9877,36,9913,82
2021-05-13,Nevada,057,99092,4780,4743,187,4930,70
2021-05-13,Orange,059,3164182,255005,253778,11318,265096,5026
2021-05-13,Placer,061,380077,23051,22668,1469,24137,288
2021-05-13,Plumas,063,18699,698,680,10,690,4
2021-05-13,Riverside,065,2383286,293607,288067,13994,302061,4433
2021-05-13,Sacramento,067,1510023,105095,104711,1730,106441,1626
2021-05-13,San Benito,069,59416,6054,6062,114,6176,63
2021-05-13,San Bernardino,071,2135413,292816,291765,8972,300737,4722
2021-05-13,San Diego,073,3302833,279664,278592,14796,293388,3729
2021-05-13,San Francisco,075,870044,36572,36741,1276,38017,544
2021-05-13,San Joaquin,077,732212,72740,72096,3529,75625,1357
2021-05-13,San Luis Obispo,079,281455,21292,21043,730,21773,255
2021-05-13,San Mateo,081,765935,42225,42059,469,42528,426
2021-05-13,Santa Barbara,083,443738,34359,34242,1137,35379,456
2021-05-13,Santa Clara,085,1922200,118303,118952,759,119711,2013
2021-05-13,Santa Cruz,087,273765,16179,16129,812,16941,208
2021-05-13,Shasta,089,179085,12132,12111,1534,13645,200
2021-05-13,Sierra,091,2930,56,54,12,66,0
2021-05-13,Siskiyou,093,43540,1875,1769,344,2113,14
2021-05-13,Solano,095,438530,32602,32548,546,33094,252
2021-05-13,Sonoma,097,501317,29847,29991,331,30322,321
2021-05-13,Stanislaus,099,539301,55970,55678,5904,61582,949
2021-05-13,Sutter,101,95872,9395,9431,83,9514,112
2021-05-13,Tehama,103,63373,5028,4997,564,5561,63
2021-05-13,Trinity,105,12862,482,327,90,417,3
2021-05-13,Tulare,107,460477,50082,49032,9003,58035,837
2021-05-13,Tuolumne,109,53932,4001,4059,39,4098,63
2021-05-13,Ventura,111,848112,81181,80615,2985,83600,1012
2021-05-13,Yolo,113,214977,13928,13914,306,14220,210
2021-05-13,Yuba,115,75493,5996,5962,122,6084,47
2021-05-12,Alameda,001,1643700,87680,87482,1947,89429,1261
2021-05-12,Alpine,003,1148,87,88,0,88,0
2021-05-12,Amador,005,37829,3667,3658,33,3691,46
2021-05-12,Butte,007,227075,12415,12026,1805,13831,199
2021-05-12,Calaveras,009,45235,2130,2119,14,2133,53
2021-05-12,Colusa,011,21464,1934,1939,297,2236,14
2021-05-12,Contra Costa,013,1133247,69037,68462,1258,69720,805
2021-05-12,Del Norte,015,27424,1390,1352,12,1364,8
2021-05-12,El Dorado,017,186661,10191,10123,722,10845,112
2021-05-12,Fresno,019,978130,102353,101838,8681,110519,1688
2021-05-12,Glenn,021,27897,2418,2391,560,2951,17
2021-05-12,Humboldt,023,135768,4091,3982,34,4016,37
2021-05-12,Imperial,025,180216,28517,28443,2752,31195,726
2021-05-12,Inyo,027,18085,1403,1400,12,1412,36
2021-05-12,Kern,029,883053,97008,95955,10797,106752,1310
2021-05-12,Kings,031,150075,23134,22896,1089,23985,246
2021-05-12,Lake,033,64148,3496,3476,9,3485,43
2021-05-12,Lassen,035,31185,5191,5151,108,5259,6
2021-05-12,Los Angeles,037,10098052,1203415,1195318,41590,1236908,24067
2021-05-12,Madera,039,155013,16560,16462,932,17394,238
2021-05-12,Marin,041,260295,14050,13997,252,14249,227
2021-05-12,Mariposa,043,17540,428,422,11,433,5
2021-05-12,Mendocino,045,87422,3920,3836,80,3916,46
2021-05-12,Merced,047,269075,30843,30941,1051,31992,450
2021-05-12,Modoc,049,8938,373,362,126,488,3
2021-05-12,Mono,051,14174,1253,1265,17,1282,3
2021-05-12,Monterey,053,433212,43102,42950,1873,44823,380
2021-05-12,Napa,055,140530,9870,9870,36,9906,82
2021-05-12,Nevada,057,99092,4776,4738,187,4925,70
2021-05-12,Orange,059,3164182,254954,253587,11315,264902,5024
2021-05-12,Placer,061,380077,23033,22652,1462,24114,288
2021-05-12,Plumas,063,18699,698,681,10,691,4
2021-05-12,Riverside,065,2383286,293537,287830,13990,301820,4431
2021-05-12,Sacramento,067,1510023,104999,104592,1728,106320,1621
2021-05-12,San Benito,069,59416,6054,6062,114,6176,63
2021-05-12,San Bernardino,071,2135413,292768,291505,8967,300472,4715
2021-05-12,San Diego,073,3302833,279560,278402,14775,293177,3729
2021-05-12,San Francisco,075,870044,36552,36720,1275,37995,544
2021-05-12,San Joaquin,077,732212,72686,72043,3525,75568,1356
2021-05-12,San Luis Obispo,079,281455,21282,21021,730,21751,255
2021-05-12,San Mateo,081,765935,42216,42038,467,42505,426
2021-05-12,Santa Barbara,083,443738,34351,34218,1137,35355,456
2021-05-12,Santa Clara,085,1922200,118260,118897,759,119656,2005
2021-05-12,Santa Cruz,087,273765,16173,16123,812,16935,207
2021-05-12,Shasta,089,179085,12112,12092,1532,13624,200
2021-05-12,Sierra,091,2930,56,54,12,66,0
2021-05-12,Siskiyou,093,43540,1871,1760,343,2103,13
2021-05-12,Solano,095,438530,32578,32519,546,33065,252
2021-05-12,Sonoma,097,501317,29835,29976,331,30307,320
2021-05-12,Stanislaus,099,539301,55930,55632,5897,61529,919
2021-05-12,Sutter,101,95872,9392,9427,83,9510,112
2021-05-12,Tehama,103,63373,5023,4989,564,5553,62
2021-05-12,Trinity,105,12862,482,327,90,417,3
2021-05-12,Tulare,107,460477,50066,49001,8995,57996,838
2021-05-12,Tuolumne,109,53932,4000,4056,39,4095,63
2021-05-12,Ventura,111,848112,81162,80577,2985,83562,1010
2021-05-12,Yolo,113,214977,13921,13910,305,14215,210
2021-05-12,Yuba,115,75493,5993,5956,122,6078,47
2021-05-11,Alameda,001,1643700,87615,87413,1943,89356,1290
2021-05-11,Alpine,003,1148,87,88,0,88,0
2021-05-11,Amador,005,37829,3665,3657,33,3690,46
2021-05-11,Butte,007,227075,12400,12008,1802,13810,199
2021-05-11,Calaveras,009,45235,2130,2118,14,2132,52
2021-05-11,Colusa,011,21464,1933,1939,297,2236,14
2021-05-11,Contra Costa,013,1133247,68977,68406,1257,69663,806
2021-05-11,Del Norte,015,27424,1388,1347,12,1359,8
2021-05-11,El Dorado,017,186661,10185,10108,721,10829,112
2021-05-11,Fresno,019,978130,102307,101792,8676,110468,1686
2021-05-11,Glenn,021,27897,2417,2387,559,2946,17
2021-05-11,Humboldt,023,135768,4070,3964,33,3997,37
2021-05-11,Imperial,025,180216,28509,28413,2748,31161,722
2021-05-11,Inyo,027,18085,1402,1402,12,1414,36
2021-05-11,Kern,029,883053,96980,95938,10784,106722,1310
2021-05-11,Kings,031,150075,23126,22887,1089,23976,246
2021-05-11,Lake,033,64148,3496,3473,9,3482,43
2021-05-11,Lassen,035,31185,5189,5148,108,5256,6
2021-05-11,Los Angeles,037,10098052,1203175,1195100,41574,1236674,24048
2021-05-11,Madera,039,155013,16556,16459,931,17390,238
2021-05-11,Marin,041,260295,14043,13987,252,14239,227
2021-05-11,Mariposa,043,17540,428,421,11,432,5
2021-05-11,Mendocino,045,87422,3912,3821,80,3901,46
2021-05-11,Merced,047,269075,30834,30893,1051,31944,449
2021-05-11,Modoc,049,8938,373,362,125,487,3
2021-05-11,Mono,051,14174,1253,1265,17,1282,3
2021-05-11,Monterey,053,433212,43094,42934,1872,44806,380
2021-05-11,Napa,055,140530,9863,9870,36,9906,81
2021-05-11,Nevada,057,99092,4772,4737,187,4924,70
2021-05-11,Orange,059,3164182,254891,253545,11307,264852,5017
2021-05-11,Placer,061,380077,23011,22615,1458,24073,287
2021-05-11,Plumas,063,18699,696,679,10,689,4
2021-05-11,Riverside,065,2383286,293475,287757,13985,301742,4429
2021-05-11,Sacramento,067,1510023,104900,104496,1725,106221,1616
2021-05-11,San Benito,069,59416,6051,6058,114,6172,63
2021-05-11,San Bernardino,071,2135413,292708,291421,8965,300386,4707
2021-05-11,San Diego,073,3302833,279425,278308,14756,293064,3725
2021-05-11,San Francisco,075,870044,36532,36707,1275,37982,543
2021-05-11,San Joaquin,077,732212,72638,71999,3522,75521,1356
2021-05-11,San Luis Obispo,079,281455,21275,21008,728,21736,255
2021-05-11,San Mateo,081,765935,42197,41985,466,42451,425
2021-05-11,Santa Barbara,083,443738,34341,34207,1137,35344,456
2021-05-11,Santa Clara,085,1922200,118213,118857,758,119615,2005
2021-05-11,Santa Cruz,087,273765,16169,16113,812,16925,206
2021-05-11,Shasta,089,179085,12089,12050,1526,13576,200
2021-05-11,Sierra,091,2930,56,54,12,66,0
2021-05-11,Siskiyou,093,43540,1861,1756,341,2097,13
2021-05-11,Solano,095,438530,32560,32499,544,33043,250
2021-05-11,Sonoma,097,501317,29820,29966,331,30297,318
2021-05-11,Stanislaus,099,539301,55883,55589,5893,61482,909
2021-05-11,Sutter,101,95872,9385,9417,83,9500,112
2021-05-11,Tehama,103,63373,5019,4985,563,5548,62
2021-05-11,Trinity,105,12862,482,327,89,416,3
2021-05-11,Tulare,107,460477,50039,48974,8981,57955,837
2021-05-11,Tuolumne,109,53932,3999,4056,39,4095,63
2021-05-11,Ventura,111,848112,81138,80544,2982,83526,1008
2021-05-11,Yolo,113,214977,13908,13902,302,14204,210
2021-05-11,Yuba,115,75493,5984,5950,122,6072,46
2021-05-10,Alameda,001,1643700,87545,87366,1942,89308,1284
2021-05-10,Alpine,003,1148,87,88,0,88,0
2021-05-10,Amador,005,37829,3664,3657,33,3690,46
2021-05-10,Butte,007,227075,12384,11993,1798,13791,199
2021-05-10,Calaveras,009,45235,2123,2118,14,2132,52
2021-05-10,Colusa,011,21464,1933,1939,297,2236,14
2021-05-10,Contra Costa,013,1133247,68913,68357,1257,69614,806
2021-05-10,Del Norte,015,27424,1385,1339,12,1351,8
2021-05-10,El Dorado,017,186661,10171,10093,721,10814,113
2021-05-10,Fresno,019,978130,102275,101755,8669,110424,1682
2021-05-10,Glenn,021,27897,2416,2384,557,2941,17
2021-05-10,Humboldt,023,135768,4040,3961,33,3994,36
2021-05-10,Imperial,025,180216,28495,28397,2744,31141,722
2021-05-10,Inyo,027,18085,1402,1401,12,1413,36
2021-05-10,Kern,029,883053,96937,95920,10770,106690,1310
2021-05-10,Kings,031,150075,23115,22884,1088,23972,246
2021-05-10,Lake,033,64148,3488,3471,9,3480,43
2021-05-10,Lassen,035,31185,5185,5148,108,5256,5
2021-05-10,Los Angeles,037,10098052,1202912,1194976,41557,1236533,24030
2021-05-10,Madera,039,155013,16546,16450,931,17381,238
2021-05-10,Marin,041,260295,14040,13981,252,14233,228
2021-05-10,Mariposa,043,17540,427,420,11,431,5
2021-05-10,Mendocino,045,87422,3906,3818,80,3898,46
2021-05-10,Merced,047,269075,30823,30880,1051,31931,448
2021-05-10,Modoc,049,8938,373,361,125,486,3
2021-05-10,Mono,051,14174,1253,1265,17,1282,3
2021-05-10,Monterey,053,433212,43088,42927,1867,44794,380
2021-05-10,Napa,055,140530,9861,9860,36,9896,81
2021-05-10,Nevada,057,99092,4765,4735,187,4922,70
2021-05-10,Orange,059,3164182,254838,253484,11301,264785,5008
2021-05-10,Placer,061,380077,22989,22590,1455,24045,286
2021-05-10,Plumas,063,18699,695,679,10,689,4
2021-05-10,Riverside,065,2383286,293406,287689,13979,301668,4427
2021-05-10,Sacramento,067,1510023,104787,104378,1720,106098,1613
2021-05-10,San Benito,069,59416,6050,6058,114,6172,63
2021-05-10,San Bernardino,071,2135413,292656,291360,8964,300324,4707
2021-05-10,San Diego,073,3302833,279261,278183,14729,292912,3725
2021-05-10,San Francisco,075,870044,36513,36683,1275,37958,543
2021-05-10,San Joaquin,077,732212,72601,71954,3507,75461,1356
2021-05-10,San Luis Obispo,079,281455,21257,20993,727,21720,256
2021-05-10,San Mateo,081,765935,42179,41926,466,42392,424
2021-05-10,Santa Barbara,083,443738,34333,34201,1137,35338,456
2021-05-10,Santa Clara,085,1922200,118154,118822,758,119580,2003
2021-05-10,Santa Cruz,087,273765,16164,16114,812,16926,206
2021-05-10,Shasta,089,179085,12075,12036,1522,13558,200
2021-05-10,Sierra,091,2930,56,54,12,66,0
2021-05-10,Siskiyou,093,43540,1851,1752,339,2091,13
2021-05-10,Solano,095,438530,32540,32466,542,33008,250
2021-05-10,Sonoma,097,501317,29805,29955,330,30285,318
2021-05-10,Stanislaus,099,539301,55809,55541,5887,61428,898
2021-05-10,Sutter,101,95872,9379,9412,83,9495,111
2021-05-10,Tehama,103,63373,5015,4980,563,5543,62
2021-05-10,Trinity,105,12862,482,327,87,414,3
2021-05-10,Tulare,107,460477,50015,48956,8975,57931,837
2021-05-10,Tuolumne,109,53932,3995,4054,38,4092,63
2021-05-10,Ventura,111,848112,81122,80501,2980,83481,1008
2021-05-10,Yolo,113,214977,13896,13898,300,14198,209
2021-05-10,Yuba,115,75493,5982,5942,122,6064,46
2021-05-09,Alameda,001,1643700,87474,87292,1939,89231,1284
2021-05-09,Alpine,003,1148,87,88,0,88,0
2021-05-09,Amador,005,37829,3662,3655,33,3688,46
2021-05-09,Butte,007,227075,12366,11985,1794,13779,199
2021-05-09,Calaveras,009,45235,2122,2116,14,2130,52
2021-05-09,Colusa,011,21464,1932,1940,297,2237,14
2021-05-09,Contra Costa,013,1133247,68850,68302,1255,69557,806
2021-05-09,Del Norte,015,27424,1378,1338,12,1350,8
2021-05-09,El Dorado,017,186661,10157,10089,718,10807,113
2021-05-09,Fresno,019,978130,102237,101729,8660,110389,1682
2021-05-09,Glenn,021,27897,2409,2382,554,2936,17
2021-05-09,Humboldt,023,135768,4020,3950,33,3983,36
2021-05-09,Imperial,025,180216,28472,28388,2736,31124,722
2021-05-09,Inyo,027,18085,1402,1401,11,1412,36
2021-05-09,Kern,029,883053,96909,95903,10760,106663,1310
2021-05-09,Kings,031,150075,23106,22878,1088,23966,246
2021-05-09,Lake,033,64148,3484,3471,9,3480,43
2021-05-09,Lassen,035,31185,5183,5147,108,5255,5
2021-05-09,Los Angeles,037,10098052,1202651,1194820,41541,1236361,24026
2021-05-09,Madera,039,155013,16537,16444,925,17369,238
2021-05-09,Marin,041,260295,14029,13979,251,14230,228
2021-05-09,Mariposa,043,17540,424,420,11,431,5
2021-05-09,Mendocino,045,87422,3896,3814,80,3894,46
2021-05-09,Merced,047,269075,30800,30883,1051,31934,448
2021-05-09,Modoc,049,8938,373,360,125,485,3
2021-05-09,Mono,051,14174,1253,1264,17,1281,3
2021-05-09,Monterey,053,433212,43070,42918,1867,44785,380
2021-05-09,Napa,055,140530,9850,9857,36,9893,81
2021-05-09,Nevada,057,99092,4758,4727,187,4914,70
2021-05-09,Orange,059,3164182,254784,253451,11293,264744,5008
2021-05-09,Placer,061,380077,22963,22566,1452,24018,286
2021-05-09,Plumas,063,18699,694,679,10,689,4
2021-05-09,Riverside,065,2383286,293326,287644,13973,301617,4427
2021-05-09,Sacramento,067,1510023,104638,104309,1714,106023,1612
2021-05-09,San Benito,069,59416,6048,6056,114,6170,63
2021-05-09,San Bernardino,071,2135413,292573,291337,8958,300295,4707
2021-05-09,San Diego,073,3302833,279094,277950,14707,292657,3725
2021-05-09,San Francisco,075,870044,36487,36669,1273,37942,543
2021-05-09,San Joaquin,077,732212,72555,71927,3506,75433,1356
2021-05-09,San Luis Obispo,079,281455,21246,20999,727,21726,256
2021-05-09,San Mateo,081,765935,42150,41903,466,42369,424
2021-05-09,Santa Barbara,083,443738,34320,34196,1136,35332,456
2021-05-09,Santa Clara,085,1922200,118100,118798,757,119555,2003
2021-05-09,Santa Cruz,087,273765,16158,16094,812,16906,206
2021-05-09,Shasta,089,179085,12045,12034,1517,13551,200
2021-05-09,Sierra,091,2930,56,54,12,66,0
2021-05-09,Siskiyou,093,43540,1844,1741,336,2077,13
2021-05-09,Solano,095,438530,32501,32434,539,32973,250
2021-05-09,Sonoma,097,501317,29791,29953,329,30282,318
2021-05-09,Stanislaus,099,539301,55743,55511,5883,61394,898
2021-05-09,Sutter,101,95872,9373,9413,83,9496,111
2021-05-09,Tehama,103,63373,5010,4979,563,5542,62
2021-05-09,Trinity,105,12862,482,327,87,414,3
2021-05-09,Tulare,107,460477,49988,48948,8970,57918,837
2021-05-09,Tuolumne,109,53932,3993,4053,38,4091,63
2021-05-09,Ventura,111,848112,81107,80487,2979,83466,1008
2021-05-09,Yolo,113,214977,13886,13897,299,14196,209
2021-05-09,Yuba,115,75493,5976,5934,122,6056,46
2021-05-08,Alameda,001,1643700,87432,87213,1935,89148,1284
2021-05-08,Alpine,003,1148,87,88,0,88,0
2021-05-08,Amador,005,37829,3660,3652,33,3685,46
2021-05-08,Butte,007,227075,12354,11962,1793,13755,199
2021-05-08,Calaveras,009,45235,2121,2114,14,2128,52
2021-05-08,Colusa,011,21464,1932,1939,297,2236,14
2021-05-08,Contra Costa,013,1133247,68817,68223,1253,69476,803
2021-05-08,Del Norte,015,27424,1375,1335,12,1347,8
2021-05-08,El Dorado,017,186661,10143,10079,718,10797,113
2021-05-08,Fresno,019,978130,102201,101676,8655,110331,1682
2021-05-08,Glenn,021,27897,2407,2382,552,2934,17
2021-05-08,Humboldt,023,135768,4004,3939,33,3972,36
2021-05-08,Imperial,025,180216,28464,28373,2736,31109,721
2021-05-08,Inyo,027,18085,1402,1402,11,1413,36
2021-05-08,Kern,029,883053,96884,95880,10747,106627,1310
2021-05-08,Kings,031,150075,23103,22872,1087,23959,246
2021-05-08,Lake,033,64148,3483,3470,9,3479,43
2021-05-08,Lassen,035,31185,5182,5145,108,5253,5
2021-05-08,Los Angeles,037,10098052,1202500,1194584,41525,1236109,24022
2021-05-08,Madera,039,155013,16533,16442,925,17367,238
2021-05-08,Marin,041,260295,14026,13974,250,14224,228
2021-05-08,Mariposa,043,17540,424,420,11,431,5
2021-05-08,Mendocino,045,87422,3891,3810,79,3889,46
2021-05-08,Merced,047,269075,30791,30876,1051,31927,448
2021-05-08,Modoc,049,8938,373,360,124,484,3
2021-05-08,Mono,051,14174,1253,1262,17,1279,3
2021-05-08,Monterey,053,433212,43065,42914,1866,44780,380
2021-05-08,Napa,055,140530,9843,9853,36,9889,81
2021-05-08,Nevada,057,99092,4755,4716,187,4903,70
2021-05-08,Orange,059,3164182,254750,253412,11290,264702,5006
2021-05-08,Placer,061,380077,22945,22547,1450,23997,286
2021-05-08,Plumas,063,18699,693,679,10,689,4
2021-05-08,Riverside,065,2383286,293283,287574,13971,301545,4427
2021-05-08,Sacramento,067,1510023,104553,104208,1711,105919,1610
2021-05-08,San Benito,069,59416,6047,6048,114,6162,63
2021-05-08,San Bernardino,071,2135413,292530,291296,8958,300254,4707
2021-05-08,San Diego,073,3302833,279010,277760,14689,292449,3725
2021-05-08,San Francisco,075,870044,36464,36642,1273,37915,543
2021-05-08,San Joaquin,077,732212,72526,71869,3497,75366,1356
2021-05-08,San Luis Obispo,079,281455,21235,20992,727,21719,256
2021-05-08,San Mateo,081,765935,42139,41871,466,42337,424
2021-05-08,Santa Barbara,083,443738,34307,34185,1136,35321,456
2021-05-08,Santa Clara,085,1922200,118069,118751,757,119508,2003
2021-05-08,Santa Cruz,087,273765,16155,16089,812,16901,206
2021-05-08,Shasta,089,179085,12035,12030,1513,13543,200
2021-05-08,Sierra,091,2930,56,54,12,66,0
2021-05-08,Siskiyou,093,43540,1843,1741,332,2073,13
2021-05-08,Solano,095,438530,32477,32395,537,32932,249
2021-05-08,Sonoma,097,501317,29778,29942,329,30271,318
2021-05-08,Stanislaus,099,539301,55712,55467,5879,61346,898
2021-05-08,Sutter,101,95872,9370,9413,83,9496,111
2021-05-08,Tehama,103,63373,5008,4977,563,5540,62
2021-05-08,Trinity,105,12862,482,327,87,414,3
2021-05-08,Tulare,107,460477,49974,48929,8960,57889,837
2021-05-08,Tuolumne,109,53932,3992,4050,38,4088,63
2021-05-08,Ventura,111,848112,81096,80481,2976,83457,1008
2021-05-08,Yolo,113,214977,13883,13894,298,14192,209
2021-05-08,Yuba,115,75493,5968,5928,122,6050,46
2021-05-07,Alameda,001,1643700,87378,87128,1934,89062,1280
2021-05-07,Alpine,003,1148,87,88,0,88,0
2021-05-07,Amador,005,37829,3657,3651,33,3684,46
2021-05-07,Butte,007,227075,12333,11943,1790,13733,199
2021-05-07,Calaveras,009,45235,2119,2114,14,2128,52
2021-05-07,Colusa,011,21464,1932,1937,297,2234,14
2021-05-07,Contra Costa,013,1133247,68770,68156,1251,69407,804
2021-05-07,Del Norte,015,27424,1370,1329,12,1341,8
2021-05-07,El Dorado,017,186661,10130,10065,716,10781,112
2021-05-07,Fresno,019,978130,102168,101625,8654,110279,1684
2021-05-07,Glenn,021,27897,2404,2381,551,2932,17
2021-05-07,Humboldt,023,135768,3989,3919,33,3952,36
2021-05-07,Imperial,025,180216,28456,28352,2736,31088,721
2021-05-07,Inyo,027,18085,1402,1402,11,1413,36
2021-05-07,Kern,029,883053,96871,95839,10735,106574,1308
2021-05-07,Kings,031,150075,23102,22857,1086,23943,246
2021-05-07,Lake,033,64148,3481,3467,9,3476,43
2021-05-07,Lassen,035,31185,5181,5144,107,5251,5
2021-05-07,Los Angeles,037,10098052,1202322,1194294,41517,1235811,24008
2021-05-07,Madera,039,155013,16528,16439,924,17363,238
2021-05-07,Marin,041,260295,14022,13968,250,14218,228
2021-05-07,Mariposa,043,17540,423,419,11,430,5
2021-05-07,Mendocino,045,87422,3885,3805,79,3884,46
2021-05-07,Merced,047,269075,30788,30862,1051,31913,446
2021-05-07,Modoc,049,8938,373,360,124,484,3
2021-05-07,Mono,051,14174,1252,1261,17,1278,3
2021-05-07,Monterey,053,433212,43059,42909,1864,44773,380
2021-05-07,Napa,055,140530,9842,9849,36,9885,81
2021-05-07,Nevada,057,99092,4751,4704,187,4891,70
2021-05-07,Orange,059,3164182,254710,253338,11281,264619,5000
2021-05-07,Placer,061,380077,22925,22524,1448,23972,286
2021-05-07,Plumas,063,18699,693,678,10,688,4
2021-05-07,Riverside,065,2383286,293225,287479,13970,301449,4426
2021-05-07,Sacramento,067,1510023,104481,104068,1706,105774,1609
2021-05-07,San Benito,069,59416,6046,6048,114,6162,63
2021-05-07,San Bernardino,071,2135413,292488,291185,8953,300138,4697
2021-05-07,San Diego,073,3302833,278924,277534,14673,292207,3718
2021-05-07,San Francisco,075,870044,36451,36616,1272,37888,543
2021-05-07,San Joaquin,077,732212,72486,71804,3495,75299,1351
2021-05-07,San Luis Obispo,079,281455,21228,20979,727,21706,256
2021-05-07,San Mateo,081,765935,42123,41844,466,42310,424
2021-05-07,Santa Barbara,083,443738,34297,34166,1136,35302,453
2021-05-07,Santa Clara,085,1922200,118036,118691,756,119447,2002
2021-05-07,Santa Cruz,087,273765,16152,16074,812,16886,206
2021-05-07,Shasta,089,179085,12013,12005,1511,13516,200
2021-05-07,Sierra,091,2930,56,54,12,66,0
2021-05-07,Siskiyou,093,43540,1840,1723,332,2055,13
2021-05-07,Solano,095,438530,32449,32352,535,32887,249
2021-05-07,Sonoma,097,501317,29760,29925,327,30252,318
2021-05-07,Stanislaus,099,539301,55671,55407,5874,61281,896
2021-05-07,Sutter,101,95872,9370,9407,82,9489,111
2021-05-07,Tehama,103,63373,5001,4974,563,5537,57
2021-05-07,Trinity,105,12862,482,327,87,414,3
2021-05-07,Tulare,107,460477,49957,48913,8955,57868,837
2021-05-07,Tuolumne,109,53932,3990,4048,38,4086,63
2021-05-07,Ventura,111,848112,81072,80444,2976,83420,1008
2021-05-07,Yolo,113,214977,13877,13875,297,14172,209
2021-05-07,Yuba,115,75493,5958,5910,122,6032,46
2021-05-06,Alameda,001,1643700,87301,87028,1931,88959,1278
2021-05-06,Alpine,003,1148,87,88,0,88,0
2021-05-06,Amador,005,37829,3655,3650,33,3683,46
2021-05-06,Butte,007,227075,12313,11929,1785,13714,198
2021-05-06,Calaveras,009,45235,2118,2111,14,2125,52
2021-05-06,Colusa,011,21464,1932,1935,297,2232,14
2021-05-06,Contra Costa,013,1133247,68715,68076,1248,69324,802
2021-05-06,Del Norte,015,27424,1362,1324,12,1336,6
2021-05-06,El Dorado,017,186661,10123,10048,716,10764,112
2021-05-06,Fresno,019,978130,102124,101536,8650,110186,1680
2021-05-06,Glenn,021,27897,2403,2380,550,2930,17
2021-05-06,Humboldt,023,135768,3964,3898,33,3931,36
2021-05-06,Imperial,025,180216,28445,28311,2735,31046,720
2021-05-06,Inyo,027,18085,1402,1401,11,1412,36
2021-05-06,Kern,029,883053,96846,95801,10718,106519,1307
2021-05-06,Kings,031,150075,23095,22848,1085,23933,246
2021-05-06,Lake,033,64148,3480,3465,9,3474,43
2021-05-06,Lassen,035,31185,5180,5143,107,5250,1
2021-05-06,Los Angeles,037,10098052,1202081,1193954,41500,1235454,23991
2021-05-06,Madera,039,155013,16520,16430,924,17354,238
2021-05-06,Marin,041,260295,14018,13956,250,14206,228
2021-05-06,Mariposa,043,17540,422,419,11,430,5
2021-05-06,Mendocino,045,87422,3874,3802,79,3881,46
2021-05-06,Merced,047,269075,30773,30863,1050,31913,444
2021-05-06,Modoc,049,8938,373,360,124,484,3
2021-05-06,Mono,051,14174,1250,1261,17,1278,3
2021-05-06,Monterey,053,433212,43044,42899,1864,44763,379
2021-05-06,Napa,055,140530,9836,9843,36,9879,81
2021-05-06,Nevada,057,99092,4750,4687,187,4874,70
2021-05-06,Orange,059,3164182,254642,253286,11275,264561,4991
2021-05-06,Placer,061,380077,22903,22493,1448,23941,286
2021-05-06,Plumas,063,18699,693,678,10,688,4
2021-05-06,Riverside,065,2383286,293152,287399,13965,301364,4422
2021-05-06,Sacramento,067,1510023,104364,103956,1703,105659,1609
2021-05-06,San Benito,069,59416,6045,6045,114,6159,63
2021-05-06,San Bernardino,071,2135413,292418,291085,8952,300037,4683
2021-05-06,San Diego,073,3302833,278797,277324,14650,291974,3716
2021-05-06,San Francisco,075,870044,36436,36599,1272,37871,543
2021-05-06,San Joaquin,077,732212,72431,71729,3492,75221,1350
2021-05-06,San Luis Obispo,079,281455,21216,20965,725,21690,256
2021-05-06,San Mateo,081,765935,42104,41802,465,42267,424
2021-05-06,Santa Barbara,083,443738,34284,34152,1136,35288,453
2021-05-06,Santa Clara,085,1922200,117995,118591,756,119347,2001
2021-05-06,Santa Cruz,087,273765,16145,16050,812,16862,206
2021-05-06,Shasta,089,179085,11991,11983,1505,13488,199
2021-05-06,Sierra,091,2930,56,54,12,66,0
2021-05-06,Siskiyou,093,43540,1830,1711,331,2042,12
2021-05-06,Solano,095,438530,32423,32320,527,32847,249
2021-05-06,Sonoma,097,501317,29752,29911,327,30238,318
2021-05-06,Stanislaus,099,539301,55615,55323,5869,61192,834
2021-05-06,Sutter,101,95872,9364,9396,82,9478,111
2021-05-06,Tehama,103,63373,4996,4970,563,5533,53
2021-05-06,Trinity,105,12862,482,327,87,414,3
2021-05-06,Tulare,107,460477,49932,48890,8940,57830,836
2021-05-06,Tuolumne,109,53932,3986,4047,38,4085,63
2021-05-06,Ventura,111,848112,81041,80411,2973,83384,1005
2021-05-06,Yolo,113,214977,13870,13871,293,14164,209
2021-05-06,Yuba,115,75493,5946,5901,122,6023,46
2021-05-05,Alameda,001,1643700,87239,86950,1929,88879,1278
2021-05-05,Alpine,003,1148,87,88,0,88,0
2021-05-05,Amador,005,37829,3652,3650,33,3683,46
2021-05-05,Butte,007,227075,12295,11907,1782,13689,198
2021-05-05,Calaveras,009,45235,2114,2103,14,2117,52
2021-05-05,Colusa,011,21464,1931,1933,297,2230,14
2021-05-05,Contra Costa,013,1133247,68650,67997,1244,69241,803
2021-05-05,Del Norte,015,27424,1359,1317,12,1329,6
2021-05-05,El Dorado,017,186661,10112,10020,715,10735,111
2021-05-05,Fresno,019,978130,102075,101491,8641,110132,1680
2021-05-05,Glenn,021,27897,2400,2380,549,2929,17
2021-05-05,Humboldt,023,135768,3945,3886,32,3918,36
2021-05-05,Imperial,025,180216,28404,28295,2728,31023,720
2021-05-05,Inyo,027,18085,1401,1401,11,1412,36
2021-05-05,Kern,029,883053,96802,95753,10714,106467,1304
2021-05-05,Kings,031,150075,23089,22840,1084,23924,246
2021-05-05,Lake,033,64148,3477,3458,9,3467,43
2021-05-05,Lassen,035,31185,5180,5143,106,5249,1
2021-05-05,Los Angeles,037,10098052,1201810,1193608,41486,1235094,23977
2021-05-05,Madera,039,155013,16518,16423,924,17347,235
2021-05-05,Marin,041,260295,14010,13950,249,14199,228
2021-05-05,Mariposa,043,17540,422,418,11,429,5
2021-05-05,Mendocino,045,87422,3870,3799,79,3878,46
2021-05-05,Merced,047,269075,30752,30844,1050,31894,444
2021-05-05,Modoc,049,8938,372,361,123,484,3
2021-05-05,Mono,051,14174,1250,1260,17,1277,3
2021-05-05,Monterey,053,433212,43030,42870,1861,44731,379
2021-05-05,Napa,055,140530,9830,9833,36,9869,81
2021-05-05,Nevada,057,99092,4747,4666,187,4853,70
2021-05-05,Orange,059,3164182,254584,253237,11270,264507,4978
2021-05-05,Placer,061,380077,22871,22362,1444,23806,287
2021-05-05,Plumas,063,18699,693,677,10,687,4
2021-05-05,Riverside,065,2383286,293057,287353,13955,301308,4414
2021-05-05,Sacramento,067,1510023,104276,103476,1698,105174,1607
2021-05-05,San Benito,069,59416,6036,6046,114,6160,63
2021-05-05,San Bernardino,071,2135413,292343,291008,8948,299956,4677
2021-05-05,San Diego,073,3302833,278660,277098,14631,291729,3716
2021-05-05,San Francisco,075,870044,36422,36577,1271,37848,543
2021-05-05,San Joaquin,077,732212,72378,71638,3489,75127,1345
2021-05-05,San Luis Obispo,079,281455,21208,20958,725,21683,256
2021-05-05,San Mateo,081,765935,42074,41755,464,42219,415
2021-05-05,Santa Barbara,083,443738,34269,34139,1135,35274,453
2021-05-05,Santa Clara,085,1922200,117965,118482,752,119234,1992
2021-05-05,Santa Cruz,087,273765,16139,16013,812,16825,207
2021-05-05,Shasta,089,179085,11975,11939,1501,13440,200
2021-05-05,Sierra,091,2930,56,54,12,66,0
2021-05-05,Siskiyou,093,43540,1813,1706,323,2029,11
2021-05-05,Solano,095,438530,32388,32250,525,32775,249
2021-05-05,Sonoma,097,501317,29739,29879,327,30206,318
2021-05-05,Stanislaus,099,539301,55558,55231,5867,61098,807
2021-05-05,Sutter,101,95872,9358,9387,82,9469,111
2021-05-05,Tehama,103,63373,4992,4968,563,5531,53
2021-05-05,Trinity,105,12862,482,326,87,413,3
2021-05-05,Tulare,107,460477,49908,48875,8933,57808,835
2021-05-05,Tuolumne,109,53932,3983,4040,38,4078,63
2021-05-05,Ventura,111,848112,81013,80372,2969,83341,1005
2021-05-05,Yolo,113,214977,13866,13846,291,14137,209
2021-05-05,Yuba,115,75493,5936,5895,121,6016,44
2021-05-04,Alameda,001,1643700,87147,86894,1929,88823,1277
2021-05-04,Alpine,003,1148,87,88,0,88,0
2021-05-04,Amador,005,37829,3652,3650,33,3683,46
2021-05-04,Butte,007,227075,12271,11883,1781,13664,198
2021-05-04,Calaveras,009,45235,2109,2100,14,2114,52
2021-05-04,Colusa,011,21464,1930,1933,297,2230,14
2021-05-04,Contra Costa,013,1133247,68569,67931,1242,69173,799
2021-05-04,Del Norte,015,27424,1359,1314,12,1326,6
2021-05-04,El Dorado,017,186661,10101,10009,711,10720,110
2021-05-04,Fresno,019,978130,102020,101451,8634,110085,1677
2021-05-04,Glenn,021,27897,2397,2379,546,2925,17
2021-05-04,Humboldt,023,135768,3919,3877,32,3909,36
2021-05-04,Imperial,025,180216,28384,28276,2724,31000,720
2021-05-04,Inyo,027,18085,1401,1399,11,1410,36
2021-05-04,Kern,029,883053,96766,95720,10696,106416,1301
2021-05-04,Kings,031,150075,23075,22822,1081,23903,246
2021-05-04,Lake,033,64148,3476,3454,9,3463,43
2021-05-04,Lassen,035,31185,5179,5142,106,5248,1
2021-05-04,Los Angeles,037,10098052,1201522,1193453,41474,1234927,23957
2021-05-04,Madera,039,155013,16517,16418,924,17342,235
2021-05-04,Marin,041,260295,14002,13935,249,14184,228
2021-05-04,Mariposa,043,17540,422,418,11,429,5
2021-05-04,Mendocino,045,87422,3865,3794,79,3873,46
2021-05-04,Merced,047,269075,30735,30829,1050,31879,444
2021-05-04,Modoc,049,8938,371,360,122,482,3
2021-05-04,Mono,051,14174,1250,1260,17,1277,3
2021-05-04,Monterey,053,433212,43018,42845,1860,44705,380
2021-05-04,Napa,055,140530,9821,9824,36,9860,81
2021-05-04,Nevada,057,99092,4740,4656,187,4843,70
2021-05-04,Orange,059,3164182,254516,253177,11260,264437,4977
2021-05-04,Placer,061,380077,22842,22326,1441,23767,287
2021-05-04,Plumas,063,18699,692,675,10,685,4
2021-05-04,Riverside,065,2383286,292973,287285,13948,301233,4411
2021-05-04,Sacramento,067,1510023,104147,103383,1693,105076,1604
2021-05-04,San Benito,069,59416,6035,6039,114,6153,63
2021-05-04,San Bernardino,071,2135413,292266,290934,8941,299875,4668
2021-05-04,San Diego,073,3302833,278493,276879,14614,291493,3713
2021-05-04,San Francisco,075,870044,36404,36550,1271,37821,541
2021-05-04,San Joaquin,077,732212,72317,71582,3484,75066,1342
2021-05-04,San Luis Obispo,079,281455,21202,20923,723,21646,255
2021-05-04,San Mateo,081,765935,42048,41708,464,42172,415
2021-05-04,Santa Barbara,083,443738,34253,34131,1134,35265,453
2021-05-04,Santa Clara,085,1922200,117902,118431,751,119182,1988
2021-05-04,Santa Cruz,087,273765,16133,16005,812,16817,207
2021-05-04,Shasta,089,179085,11955,11923,1495,13418,198
2021-05-04,Sierra,091,2930,56,54,12,66,0
2021-05-04,Siskiyou,093,43540,1806,1694,321,2015,11
2021-05-04,Solano,095,438530,32347,32220,523,32743,249
2021-05-04,Sonoma,097,501317,29719,29867,326,30193,318
2021-05-04,Stanislaus,099,539301,55502,55165,5864,61029,807
2021-05-04,Sutter,101,95872,9353,9375,82,9457,111
2021-05-04,Tehama,103,63373,4989,4959,562,5521,53
2021-05-04,Trinity,105,12862,482,326,87,413,3
2021-05-04,Tulare,107,460477,49881,48857,8924,57781,835
2021-05-04,Tuolumne,109,53932,3981,4041,38,4079,61
2021-05-04,Ventura,111,848112,80984,80351,2967,83318,1005
2021-05-04,Yolo,113,214977,13853,13820,289,14109,208
2021-05-04,Yuba,115,75493,5930,5891,121,6012,44
2021-05-03,Alameda,001,1643700,87071,86845,1923,88768,1272
2021-05-03,Alpine,003,1148,87,88,0,88,0
2021-05-03,Amador,005,37829,3652,3651,33,3684,46
2021-05-03,Butte,007,227075,12261,11864,1778,13642,198
2021-05-03,Calaveras,009,45235,2108,2099,14,2113,50
2021-05-03,Colusa,011,21464,1929,1931,295,2226,14
2021-05-03,Contra Costa,013,1133247,68510,67895,1238,69133,799
2021-05-03,Del Norte,015,27424,1354,1306,11,1317,6
2021-05-03,El Dorado,017,186661,10083,9984,706,10690,110
2021-05-03,Fresno,019,978130,101964,101405,8623,110028,1678
2021-05-03,Glenn,021,27897,2397,2375,545,2920,17
2021-05-03,Humboldt,023,135768,3904,3865,32,3897,36
2021-05-03,Imperial,025,180216,28362,28280,2721,31001,720
2021-05-03,Inyo,027,18085,1400,1398,11,1409,36
2021-05-03,Kern,029,883053,96729,95693,10684,106377,1299
2021-05-03,Kings,031,150075,23066,22821,1081,23902,246
2021-05-03,Lake,033,64148,3474,3446,9,3455,43
2021-05-03,Lassen,035,31185,5178,5142,106,5248,1
2021-05-03,Los Angeles,037,10098052,1201253,1193261,41448,1234709,23942
2021-05-03,Madera,039,155013,16512,16414,923,17337,235
2021-05-03,Marin,041,260295,13996,13927,249,14176,228
2021-05-03,Mariposa,043,17540,422,418,11,429,5
2021-05-03,Mendocino,045,87422,3858,3792,79,3871,46
2021-05-03,Merced,047,269075,30724,30814,1048,31862,444
2021-05-03,Modoc,049,8938,371,360,122,482,3
2021-05-03,Mono,051,14174,1250,1259,17,1276,3
2021-05-03,Monterey,053,433212,43006,42837,1858,44695,380
2021-05-03,Napa,055,140530,9816,9815,36,9851,81
2021-05-03,Nevada,057,99092,4732,4650,187,4837,70
2021-05-03,Orange,059,3164182,254457,253107,11251,264358,4968
2021-05-03,Placer,061,380077,22811,22289,1435,23724,287
2021-05-03,Plumas,063,18699,691,675,10,685,4
2021-05-03,Riverside,065,2383286,292899,287233,13947,301180,4412
2021-05-03,Sacramento,067,1510023,103994,103303,1683,104986,1602
2021-05-03,San Benito,069,59416,6034,6038,114,6152,63
2021-05-03,San Bernardino,071,2135413,292198,290886,8938,299824,4659
2021-05-03,San Diego,073,3302833,278330,276693,14589,291282,3712
2021-05-03,San Francisco,075,870044,36378,36538,1271,37809,541
2021-05-03,San Joaquin,077,732212,72267,71504,3481,74985,1325
2021-05-03,San Luis Obispo,079,281455,21186,20915,720,21635,254
2021-05-03,San Mateo,081,765935,42025,41689,463,42152,413
2021-05-03,Santa Barbara,083,443738,34241,34119,1134,35253,453
2021-05-03,Santa Clara,085,1922200,117848,118373,750,119123,1988
2021-05-03,Santa Cruz,087,273765,16130,16000,812,16812,207
2021-05-03,Shasta,089,179085,11932,11890,1490,13380,197
2021-05-03,Sierra,091,2930,56,54,12,66,0
2021-05-03,Siskiyou,093,43540,1800,1683,315,1998,11
2021-05-03,Solano,095,438530,32306,32201,522,32723,249
2021-05-03,Sonoma,097,501317,29707,29855,323,30178,318
2021-05-03,Stanislaus,099,539301,55436,55116,5855,60971,774
2021-05-03,Sutter,101,95872,9341,9370,82,9452,111
2021-05-03,Tehama,103,63373,4981,4952,562,5514,53
2021-05-03,Trinity,105,12862,482,326,87,413,3
2021-05-03,Tulare,107,460477,49864,48844,8914,57758,835
2021-05-03,Tuolumne,109,53932,3980,4038,38,4076,61
2021-05-03,Ventura,111,848112,80962,80291,2967,83258,1005
2021-05-03,Yolo,113,214977,13840,13809,287,14096,208
2021-05-03,Yuba,115,75493,5925,5880,121,6001,44
2021-05-02,Alameda,001,1643700,86986,86784,1922,88706,1272
2021-05-02,Alpine,003,1148,87,88,0,88,0
2021-05-02,Amador,005,37829,3652,3650,33,3683,46
2021-05-02,Butte,007,227075,12237,11859,1775,13634,198
2021-05-02,Calaveras,009,45235,2104,2098,14,2112,50
2021-05-02,Colusa,011,21464,1928,1931,294,2225,14
2021-05-02,Contra Costa,013,1133247,68425,67843,1236,69079,800
2021-05-02,Del Norte,015,27424,1347,1305,11,1316,6
2021-05-02,El Dorado,017,186661,10068,9962,705,10667,110
2021-05-02,Fresno,019,978130,101892,101372,8612,109984,1678
2021-05-02,Glenn,021,27897,2396,2374,543,2917,17
2021-05-02,Humboldt,023,135768,3892,3858,31,3889,36
2021-05-02,Imperial,025,180216,28328,28275,2712,30987,721
2021-05-02,Inyo,027,18085,1398,1398,11,1409,36
2021-05-02,Kern,029,883053,96671,95668,10677,106345,1299
2021-05-02,Kings,031,150075,23048,22816,1080,23896,246
2021-05-02,Lake,033,64148,3472,3443,9,3452,43
2021-05-02,Lassen,035,31185,5177,5142,105,5247,1
2021-05-02,Los Angeles,037,10098052,1200903,1193056,41425,1234481,23943
2021-05-02,Madera,039,155013,16506,16410,923,17333,235
2021-05-02,Marin,041,260295,13986,13917,249,14166,228
2021-05-02,Mariposa,043,17540,422,419,11,430,5
2021-05-02,Mendocino,045,87422,3853,3787,79,3866,46
2021-05-02,Merced,047,269075,30704,30793,1044,31837,444
2021-05-02,Modoc,049,8938,370,360,122,482,3
2021-05-02,Mono,051,14174,1249,1259,17,1276,3
2021-05-02,Monterey,053,433212,42992,42837,1857,44694,380
2021-05-02,Napa,055,140530,9812,9805,36,9841,81
2021-05-02,Nevada,057,99092,4716,4635,187,4822,70
2021-05-02,Orange,059,3164182,254383,253025,11237,264262,4968
2021-05-02,Placer,061,380077,22782,22264,1432,23696,287
2021-05-02,Plumas,063,18699,691,675,10,685,4
2021-05-02,Riverside,065,2383286,292799,287197,13937,301134,4412
2021-05-02,Sacramento,067,1510023,103854,103153,1676,104829,1602
2021-05-02,San Benito,069,59416,6029,6037,114,6151,63
2021-05-02,San Bernardino,071,2135413,292099,290859,8936,299795,4655
2021-05-02,San Diego,073,3302833,278134,276521,14562,291083,3712
2021-05-02,San Francisco,075,870044,36352,36522,1271,37793,541
2021-05-02,San Joaquin,077,732212,72203,71447,3474,74921,1325
2021-05-02,San Luis Obispo,079,281455,21165,20910,719,21629,254
2021-05-02,San Mateo,081,765935,42009,41656,462,42118,412
2021-05-02,Santa Barbara,083,443738,34227,34106,1134,35240,453
2021-05-02,Santa Clara,085,1922200,117774,118321,750,119071,1988
2021-05-02,Santa Cruz,087,273765,16125,15995,811,16806,207
2021-05-02,Shasta,089,179085,11916,11885,1482,13367,197
2021-05-02,Sierra,091,2930,56,54,12,66,0
2021-05-02,Siskiyou,093,43540,1789,1661,314,1975,11
2021-05-02,Solano,095,438530,32267,32151,518,32669,249
2021-05-02,Sonoma,097,501317,29685,29842,323,30165,318
2021-05-02,Stanislaus,099,539301,55362,55057,5848,60905,774
2021-05-02,Sutter,101,95872,9335,9363,82,9445,111
2021-05-02,Tehama,103,63373,4976,4950,560,5510,53
2021-05-02,Trinity,105,12862,482,326,87,413,3
2021-05-02,Tulare,107,460477,49846,48834,8906,57740,835
2021-05-02,Tuolumne,109,53932,3977,4038,38,4076,61
2021-05-02,Ventura,111,848112,80925,80284,2966,83250,1005
2021-05-02,Yolo,113,214977,13828,13799,286,14085,208
2021-05-02,Yuba,115,75493,5915,5879,121,6000,44
2021-05-01,Alameda,001,1643700,86943,86704,1919,88623,1270
2021-05-01,Alpine,003,1148,87,88,0,88,0
2021-05-01,Amador,005,37829,3652,3650,33,3683,46
2021-05-01,Butte,007,227075,12223,11845,1770,13615,198
2021-05-01,Calaveras,009,45235,2102,2096,14,2110,50
2021-05-01,Colusa,011,21464,1927,1931,294,2225,14
2021-05-01,Contra Costa,013,1133247,68373,67779,1233,69012,800
2021-05-01,Del Norte,015,27424,1346,1292,11,1303,6
2021-05-01,El Dorado,017,186661,10054,9944,703,10647,110
2021-05-01,Fresno,019,978130,101847,101326,8606,109932,1678
2021-05-01,Glenn,021,27897,2393,2369,542,2911,17
2021-05-01,Humboldt,023,135768,3878,3845,31,3876,36
2021-05-01,Imperial,025,180216,28321,28262,2712,30974,721
2021-05-01,Inyo,027,18085,1398,1397,11,1408,36
2021-05-01,Kern,029,883053,96644,95645,10666,106311,1299
2021-05-01,Kings,031,150075,23045,22797,1079,23876,246
2021-05-01,Lake,033,64148,3470,3441,9,3450,43
2021-05-01,Lassen,035,31185,5175,5142,105,5247,1
2021-05-01,Los Angeles,037,10098052,1200734,1192781,41410,1234191,23946
2021-05-01,Madera,039,155013,16502,16408,923,17331,235
2021-05-01,Marin,041,260295,13979,13902,249,14151,228
2021-05-01,Mariposa,043,17540,422,418,11,429,5
2021-05-01,Mendocino,045,87422,3851,3782,79,3861,46
2021-05-01,Merced,047,269075,30687,30771,1043,31814,444
2021-05-01,Modoc,049,8938,370,361,122,483,3
2021-05-01,Mono,051,14174,1249,1258,17,1275,3
2021-05-01,Monterey,053,433212,42986,42828,1857,44685,379
2021-05-01,Napa,055,140530,9809,9800,36,9836,81
2021-05-01,Nevada,057,99092,4711,4625,187,4812,70
2021-05-01,Orange,059,3164182,254340,252969,11226,264195,4964
2021-05-01,Placer,061,380077,22756,22240,1430,23670,287
2021-05-01,Plumas,063,18699,690,675,10,685,4
2021-05-01,Riverside,065,2383286,292760,287129,13935,301064,4412
2021-05-01,Sacramento,067,1510023,103773,103043,1675,104718,1602
2021-05-01,San Benito,069,59416,6026,6030,114,6144,63
2021-05-01,San Bernardino,071,2135413,292056,290802,8934,299736,4652
2021-05-01,San Diego,073,3302833,278010,276367,14541,290908,3706
2021-05-01,San Francisco,075,870044,36337,36496,1271,37767,541
2021-05-01,San Joaquin,077,732212,72154,71389,3472,74861,1325
2021-05-01,San Luis Obispo,079,281455,21160,20896,719,21615,254
2021-05-01,San Mateo,081,765935,41980,41617,461,42078,411
2021-05-01,Santa Barbara,083,443738,34222,34085,1133,35218,453
2021-05-01,Santa Clara,085,1922200,117722,118265,748,119013,1988
2021-05-01,Santa Cruz,087,273765,16122,15984,811,16795,207
2021-05-01,Shasta,089,179085,11896,11878,1474,13352,197
2021-05-01,Sierra,091,2930,56,53,12,65,0
2021-05-01,Siskiyou,093,43540,1781,1653,313,1966,11
2021-05-01,Solano,095,438530,32237,32124,510,32634,249
2021-05-01,Sonoma,097,501317,29682,29835,323,30158,318
2021-05-01,Stanislaus,099,539301,55327,55005,5842,60847,774
2021-05-01,Sutter,101,95872,9332,9358,82,9440,110
2021-05-01,Tehama,103,63373,4975,4950,559,5509,53
2021-05-01,Trinity,105,12862,482,326,86,412,3
2021-05-01,Tulare,107,460477,49839,48818,8900,57718,835
2021-05-01,Tuolumne,109,53932,3971,4035,38,4073,61
2021-05-01,Ventura,111,848112,80907,80268,2966,83234,1005
2021-05-01,Yolo,113,214977,13821,13784,284,14068,208
2021-05-01,Yuba,115,75493,5913,5875,121,5996,44
2021-04-30,Alameda,001,1643700,86882,86602,1916,88518,1268
2021-04-30,Alpine,003,1148,87,88,0,88,0
2021-04-30,Amador,005,37829,3650,3650,33,3683,46
2021-04-30,Butte,007,227075,12204,11812,1766,13578,197
2021-04-30,Calaveras,009,45235,2101,2087,14,2101,50
2021-04-30,Colusa,011,21464,1927,1931,293,2224,14
2021-04-30,Contra Costa,013,1133247,68325,67684,1230,68914,800
2021-04-30,Del Norte,015,27424,1334,1276,11,1287,6
2021-04-30,El Dorado,017,186661,10040,9906,703,10609,110
2021-04-30,Fresno,019,978130,101801,101263,8602,109865,1670
2021-04-30,Glenn,021,27897,2392,2369,542,2911,17
2021-04-30,Humboldt,023,135768,3865,3834,31,3865,36
2021-04-30,Imperial,025,180216,28312,28244,2709,30953,721
2021-04-30,Inyo,027,18085,1398,1397,11,1408,36
2021-04-30,Kern,029,883053,96627,95605,10662,106267,1298
2021-04-30,Kings,031,150075,23042,22793,1078,23871,246
2021-04-30,Lake,033,64148,3466,3440,9,3449,43
2021-04-30,Lassen,035,31185,5174,5140,105,5245,1
2021-04-30,Los Angeles,037,10098052,1200523,1192393,41397,1233790,23919
2021-04-30,Madera,039,155013,16496,16395,923,17318,235
2021-04-30,Marin,041,260295,13971,13895,247,14142,228
2021-04-30,Mariposa,043,17540,422,417,11,428,5
2021-04-30,Mendocino,045,87422,3847,3777,79,3856,46
2021-04-30,Merced,047,269075,30674,30740,1042,31782,444
2021-04-30,Modoc,049,8938,369,360,122,482,3
2021-04-30,Mono,051,14174,1249,1258,17,1275,3
2021-04-30,Monterey,053,433212,42972,42810,1856,44666,379
2021-04-30,Napa,055,140530,9805,9792,36,9828,81
2021-04-30,Nevada,057,99092,4703,4608,187,4795,70
2021-04-30,Orange,059,3164182,254283,252883,11220,264103,4956
2021-04-30,Placer,061,380077,22737,22190,1426,23616,287
2021-04-30,Plumas,063,18699,690,677,10,687,4
2021-04-30,Riverside,065,2383286,292702,287030,13928,300958,4412
2021-04-30,Sacramento,067,1510023,103672,102864,1671,104535,1596
2021-04-30,San Benito,069,59416,6022,6024,113,6137,63
2021-04-30,San Bernardino,071,2135413,291995,290704,8933,299637,4640
2021-04-30,San Diego,073,3302833,277914,276157,14530,290687,3702
2021-04-30,San Francisco,075,870044,36326,36453,1270,37723,538
2021-04-30,San Joaquin,077,732212,72102,71311,3469,74780,1306
2021-04-30,San Luis Obispo,079,281455,21154,20884,719,21603,255
2021-04-30,San Mateo,081,765935,41965,41583,460,42043,380
2021-04-30,Santa Barbara,083,443738,34209,34061,1133,35194,451
2021-04-30,Santa Clara,085,1922200,117664,118170,744,118914,1988
2021-04-30,Santa Cruz,087,273765,16117,15975,811,16786,207
2021-04-30,Shasta,089,179085,11875,11848,1471,13319,197
2021-04-30,Sierra,091,2930,56,53,12,65,0
2021-04-30,Siskiyou,093,43540,1770,1628,310,1938,11
2021-04-30,Solano,095,438530,32205,32050,507,32557,249
2021-04-30,Sonoma,097,501317,29672,29816,321,30137,318
2021-04-30,Stanislaus,099,539301,55276,54938,5839,60777,774
2021-04-30,Sutter,101,95872,9330,9353,82,9435,110
2021-04-30,Tehama,103,63373,4972,4944,559,5503,53
2021-04-30,Trinity,105,12862,482,326,86,412,3
2021-04-30,Tulare,107,460477,49829,48797,8884,57681,836
2021-04-30,Tuolumne,109,53932,3970,4033,38,4071,61
2021-04-30,Ventura,111,848112,80867,80232,2961,83193,1004
2021-04-30,Yolo,113,214977,13809,13756,284,14040,208
2021-04-30,Yuba,115,75493,5905,5870,121,5991,44
2021-04-29,Alameda,001,1643700,86816,86490,1915,88405,1263
2021-04-29,Alpine,003,1148,87,88,0,88,0
2021-04-29,Amador,005,37829,3650,3649,33,3682,46
2021-04-29,Butte,007,227075,12189,11787,1764,13551,196
2021-04-29,Calaveras,009,45235,2098,2082,14,2096,50
2021-04-29,Colusa,011,21464,1927,1929,293,2222,14
2021-04-29,Contra Costa,013,1133247,68270,67606,1227,68833,795
2021-04-29,Del Norte,015,27424,1330,1271,11,1282,6
2021-04-29,El Dorado,017,186661,10020,9884,700,10584,107
2021-04-29,Fresno,019,978130,101747,101189,8591,109780,1667
2021-04-29,Glenn,021,27897,2389,2369,542,2911,17
2021-04-29,Humboldt,023,135768,3851,3815,31,3846,36
2021-04-29,Imperial,025,180216,28300,28235,2708,30943,720
2021-04-29,Inyo,027,18085,1398,1396,11,1407,36
2021-04-29,Kern,029,883053,96594,95547,10658,106205,1295
2021-04-29,Kings,031,150075,23032,22777,1073,23850,245
2021-04-29,Lake,033,64148,3458,3438,9,3447,43
2021-04-29,Lassen,035,31185,5174,5140,105,5245,1
2021-04-29,Los Angeles,037,10098052,1200245,1192068,41377,1233445,23899
2021-04-29,Madera,039,155013,16491,16383,922,17305,235
2021-04-29,Marin,041,260295,13967,13884,239,14123,228
2021-04-29,Mariposa,043,17540,421,416,11,427,5
2021-04-29,Mendocino,045,87422,3841,3774,79,3853,46
2021-04-29,Merced,047,269075,30655,30706,1041,31747,444
2021-04-29,Modoc,049,8938,369,360,122,482,3
2021-04-29,Mono,051,14174,1246,1259,17,1276,3
2021-04-29,Monterey,053,433212,42955,42797,1855,44652,379
2021-04-29,Napa,055,140530,9791,9789,36,9825,81
2021-04-29,Nevada,057,99092,4692,4590,187,4777,70
2021-04-29,Orange,059,3164182,254213,252823,11205,264028,4934
2021-04-29,Placer,061,380077,22712,22161,1424,23585,286
2021-04-29,Plumas,063,18699,689,676,10,686,4
2021-04-29,Riverside,065,2383286,292634,286947,13925,300872,4409
2021-04-29,Sacramento,067,1510023,103539,102686,1661,104347,1593
2021-04-29,San Benito,069,59416,6021,6023,113,6136,63
2021-04-29,San Bernardino,071,2135413,291923,290606,8928,299534,4609
2021-04-29,San Diego,073,3302833,277763,275961,14513,290474,3700
2021-04-29,San Francisco,075,870044,36300,36412,1270,37682,537
2021-04-29,San Joaquin,077,732212,72036,71225,3464,74689,1301
2021-04-29,San Luis Obispo,079,281455,21143,20876,719,21595,255
2021-04-29,San Mateo,081,765935,41937,41538,459,41997,358
2021-04-29,Santa Barbara,083,443738,34193,34039,1131,35170,448
2021-04-29,Santa Clara,085,1922200,117609,118082,741,118823,1984
2021-04-29,Santa Cruz,087,273765,16111,15961,811,16772,205
2021-04-29,Shasta,089,179085,11844,11836,1463,13299,193
2021-04-29,Sierra,091,2930,56,53,12,65,0
2021-04-29,Siskiyou,093,43540,1761,1615,307,1922,11
2021-04-29,Solano,095,438530,32164,32002,503,32505,248
2021-04-29,Sonoma,097,501317,29657,29785,318,30103,318
2021-04-29,Stanislaus,099,539301,55209,54836,5834,60670,774
2021-04-29,Sutter,101,95872,9323,9346,82,9428,110
2021-04-29,Tehama,103,63373,4964,4939,559,5498,53
2021-04-29,Trinity,105,12862,482,326,86,412,3
2021-04-29,Tulare,107,460477,49811,48785,8872,57657,832
2021-04-29,Tuolumne,109,53932,3969,4030,38,4068,58
2021-04-29,Ventura,111,848112,80833,80188,2959,83147,1002
2021-04-29,Yolo,113,214977,13789,13745,283,14028,205
2021-04-29,Yuba,115,75493,5895,5865,121,5986,44
2021-04-28,Alameda,001,1643700,86744,86390,1911,88301,1260
2021-04-28,Alpine,003,1148,87,88,0,88,0
2021-04-28,Amador,005,37829,3650,3646,33,3679,46
2021-04-28,Butte,007,227075,12169,11762,1759,13521,196
2021-04-28,Calaveras,009,45235,2094,2078,13,2091,50
2021-04-28,Colusa,011,21464,1924,1927,292,2219,14
2021-04-28,Contra Costa,013,1133247,68210,67539,1226,68765,795
2021-04-28,Del Norte,015,27424,1322,1267,11,1278,6
2021-04-28,El Dorado,017,186661,9995,9873,700,10573,107
2021-04-28,Fresno,019,978130,101700,101161,8581,109742,1666
2021-04-28,Glenn,021,27897,2386,2368,542,2910,17
2021-04-28,Humboldt,023,135768,3835,3796,31,3827,36
2021-04-28,Imperial,025,180216,28286,28177,2707,30884,720
2021-04-28,Inyo,027,18085,1398,1396,10,1406,36
2021-04-28,Kern,029,883053,96565,95494,10649,106143,1295
2021-04-28,Kings,031,150075,23020,22767,1071,23838,245
2021-04-28,Lake,033,64148,3455,3433,9,3442,43
2021-04-28,Lassen,035,31185,5174,5138,105,5243,1
2021-04-28,Los Angeles,037,10098052,1199946,1191729,41351,1233080,23858
2021-04-28,Madera,039,155013,16487,16372,922,17294,235
2021-04-28,Marin,041,260295,13956,13866,239,14105,227
2021-04-28,Mariposa,043,17540,418,415,11,426,5
2021-04-28,Mendocino,045,87422,3835,3770,77,3847,46
2021-04-28,Merced,047,269075,30637,30649,1041,31690,443
2021-04-28,Modoc,049,8938,369,360,122,482,3
2021-04-28,Mono,051,14174,1246,1258,17,1275,3
2021-04-28,Monterey,053,433212,42950,42776,1855,44631,379
2021-04-28,Napa,055,140530,9780,9777,36,9813,81
2021-04-28,Nevada,057,99092,4672,4570,187,4757,70
2021-04-28,Orange,059,3164182,254133,252747,11192,263939,4931
2021-04-28,Placer,061,380077,22685,22115,1423,23538,285
2021-04-28,Plumas,063,18699,689,676,10,686,4
2021-04-28,Riverside,065,2383286,292578,286868,13919,300787,4407
2021-04-28,Sacramento,067,1510023,103417,102613,1657,104270,1591
2021-04-28,San Benito,069,59416,6019,6021,113,6134,63
2021-04-28,San Bernardino,071,2135413,291844,290548,8918,299466,4582
2021-04-28,San Diego,073,3302833,277609,275821,14499,290320,3698
2021-04-28,San Francisco,075,870044,36270,36382,1269,37651,534
2021-04-28,San Joaquin,077,732212,71956,71171,3456,74627,1301
2021-04-28,San Luis Obispo,079,281455,21135,20851,719,21570,255
2021-04-28,San Mateo,081,765935,41912,41498,457,41955,358
2021-04-28,Santa Barbara,083,443738,34179,34003,1131,35134,448
2021-04-28,Santa Clara,085,1922200,117540,117997,739,118736,1969
2021-04-28,Santa Cruz,087,273765,16107,15943,810,16753,205
2021-04-28,Shasta,089,179085,11828,11815,1456,13271,192
2021-04-28,Sierra,091,2930,56,51,12,63,0
2021-04-28,Siskiyou,093,43540,1748,1603,304,1907,11
2021-04-28,Solano,095,438530,32132,31982,498,32480,248
2021-04-28,Sonoma,097,501317,29643,29773,314,30087,318
2021-04-28,Stanislaus,099,539301,55154,54745,5831,60576,774
2021-04-28,Sutter,101,95872,9318,9343,82,9425,110
2021-04-28,Tehama,103,63373,4959,4930,558,5488,53
2021-04-28,Trinity,105,12862,482,326,86,412,3
2021-04-28,Tulare,107,460477,49793,48754,8857,57611,832
2021-04-28,Tuolumne,109,53932,3966,4029,38,4067,58
2021-04-28,Ventura,111,848112,80798,80172,2957,83129,1000
2021-04-28,Yolo,113,214977,13775,13721,282,14003,205
2021-04-28,Yuba,115,75493,5889,5857,121,5978,44
2021-04-27,Alameda,001,1643700,86653,86301,1905,88206,1260
2021-04-27,Alpine,003,1148,87,88,0,88,0
2021-04-27,Amador,005,37829,3650,3645,33,3678,46
2021-04-27,Butte,007,227075,12144,11738,1753,13491,196
2021-04-27,Calaveras,009,45235,2092,2076,13,2089,50
2021-04-27,Colusa,011,21464,1923,1926,292,2218,14
2021-04-27,Contra Costa,013,1133247,68141,67470,1222,68692,791
2021-04-27,Del Norte,015,27424,1310,1266,11,1277,6
2021-04-27,El Dorado,017,186661,9966,9866,697,10563,106
2021-04-27,Fresno,019,978130,101635,101138,8571,109709,1663
2021-04-27,Glenn,021,27897,2386,2368,542,2910,17
2021-04-27,Humboldt,023,135768,3823,3780,31,3811,35
2021-04-27,Imperial,025,180216,28270,28149,2701,30850,720
2021-04-27,Inyo,027,18085,1398,1396,10,1406,36
2021-04-27,Kern,029,883053,96508,95466,10638,106104,1295
2021-04-27,Kings,031,150075,23005,22759,1069,23828,244
2021-04-27,Lake,033,64148,3454,3431,9,3440,43
2021-04-27,Lassen,035,31185,5174,5137,105,5242,1
2021-04-27,Los Angeles,037,10098052,1199622,1191504,41321,1232825,23825
2021-04-27,Madera,039,155013,16480,16365,922,17287,235
2021-04-27,Marin,041,260295,13934,13855,239,14094,227
2021-04-27,Mariposa,043,17540,417,413,11,424,5
2021-04-27,Mendocino,045,87422,3831,3765,77,3842,46
2021-04-27,Merced,047,269075,30596,30620,1041,31661,443
2021-04-27,Modoc,049,8938,368,360,122,482,3
2021-04-27,Mono,051,14174,1246,1257,17,1274,3
2021-04-27,Monterey,053,433212,42932,42752,1852,44604,379
2021-04-27,Napa,055,140530,9773,9774,34,9808,81
2021-04-27,Nevada,057,99092,4657,4557,187,4744,70
2021-04-27,Orange,059,3164182,254064,252667,11187,263854,4925
2021-04-27,Placer,061,380077,22656,22050,1419,23469,285
2021-04-27,Plumas,063,18699,688,675,10,685,4
2021-04-27,Riverside,065,2383286,292502,286820,13915,300735,4405
2021-04-27,Sacramento,067,1510023,103288,102595,1647,104242,1589
2021-04-27,San Benito,069,59416,6014,6016,113,6129,63
2021-04-27,San Bernardino,071,2135413,291776,290461,8913,299374,4575
2021-04-27,San Diego,073,3302833,277452,275685,14479,290164,3692
2021-04-27,San Francisco,075,870044,36242,36358,1268,37626,533
2021-04-27,San Joaquin,077,732212,71903,71104,3450,74554,1301
2021-04-27,San Luis Obispo,079,281455,21128,20841,719,21560,255
2021-04-27,San Mateo,081,765935,41877,41474,456,41930,358
2021-04-27,Santa Barbara,083,443738,34155,33973,1130,35103,448
2021-04-27,Santa Clara,085,1922200,117490,117945,738,118683,1969
2021-04-27,Santa Cruz,087,273765,16100,15905,809,16714,205
2021-04-27,Shasta,089,179085,11800,11802,1449,13251,192
2021-04-27,Sierra,091,2930,56,51,12,63,0
2021-04-27,Siskiyou,093,43540,1733,1597,303,1900,11
2021-04-27,Solano,095,438530,32084,31964,497,32461,248
2021-04-27,Sonoma,097,501317,29625,29761,313,30074,318
2021-04-27,Stanislaus,099,539301,55084,54695,5823,60518,752
2021-04-27,Sutter,101,95872,9313,9342,82,9424,110
2021-04-27,Tehama,103,63373,4956,4922,554,5476,53
2021-04-27,Trinity,105,12862,482,326,86,412,3
2021-04-27,Tulare,107,460477,49777,48744,8848,57592,832
2021-04-27,Tuolumne,109,53932,3963,4028,38,4066,58
2021-04-27,Ventura,111,848112,80769,80152,2955,83107,1000
2021-04-27,Yolo,113,214977,13762,13697,280,13977,205
2021-04-27,Yuba,115,75493,5889,5853,121,5974,44
2021-04-26,Alameda,001,1643700,86559,86230,1902,88132,1256
2021-04-26,Alpine,003,1148,87,88,0,88,0
2021-04-26,Amador,005,37829,3649,3645,33,3678,46
2021-04-26,Butte,007,227075,12120,11720,1749,13469,196
2021-04-26,Calaveras,009,45235,2086,2074,13,2087,50
2021-04-26,Colusa,011,21464,1923,1925,291,2216,14
2021-04-26,Contra Costa,013,1133247,68074,67392,1218,68610,789
2021-04-26,Del Norte,015,27424,1301,1263,11,1274,6
2021-04-26,El Dorado,017,186661,9945,9849,696,10545,106
2021-04-26,Fresno,019,978130,101580,101099,8557,109656,1662
2021-04-26,Glenn,021,27897,2384,2367,542,2909,17
2021-04-26,Humboldt,023,135768,3813,3764,30,3794,35
2021-04-26,Imperial,025,180216,28257,28148,2698,30846,720
2021-04-26,Inyo,027,18085,1397,1396,10,1406,36
2021-04-26,Kern,029,883053,96481,95429,10632,106061,1295
2021-04-26,Kings,031,150075,23002,22756,1066,23822,244
2021-04-26,Lake,033,64148,3449,3428,9,3437,43
2021-04-26,Lassen,035,31185,5174,5138,105,5243,1
2021-04-26,Los Angeles,037,10098052,1199292,1191253,41302,1232555,23802
2021-04-26,Madera,039,155013,16468,16353,921,17274,231
2021-04-26,Marin,041,260295,13919,13849,239,14088,227
2021-04-26,Mariposa,043,17540,416,410,11,421,5
2021-04-26,Mendocino,045,87422,3829,3757,76,3833,46
2021-04-26,Merced,047,269075,30579,30611,1038,31649,443
2021-04-26,Modoc,049,8938,368,360,122,482,3
2021-04-26,Mono,051,14174,1246,1258,17,1275,3
2021-04-26,Monterey,053,433212,42916,42740,1851,44591,379
2021-04-26,Napa,055,140530,9761,9769,34,9803,79
2021-04-26,Nevada,057,99092,4636,4548,187,4735,70
2021-04-26,Orange,059,3164182,253980,252592,11176,263768,4919
2021-04-26,Placer,061,380077,22628,22032,1414,23446,285
2021-04-26,Plumas,063,18699,688,670,10,680,4
2021-04-26,Riverside,065,2383286,292440,286724,13907,300631,4401
2021-04-26,Sacramento,067,1510023,103116,102459,1634,104093,1587
2021-04-26,San Benito,069,59416,6012,6013,113,6126,63
2021-04-26,San Bernardino,071,2135413,291725,290394,8912,299306,4572
2021-04-26,San Diego,073,3302833,277277,275541,14451,289992,3692
2021-04-26,San Francisco,075,870044,36214,36330,1267,37597,532
2021-04-26,San Joaquin,077,732212,71837,71050,3442,74492,1301
2021-04-26,San Luis Obispo,079,281455,21120,20830,718,21548,255
2021-04-26,San Mateo,081,765935,41847,41457,456,41913,357
2021-04-26,Santa Barbara,083,443738,34124,33948,1130,35078,448
2021-04-26,Santa Clara,085,1922200,117390,117874,735,118609,1968
2021-04-26,Santa Cruz,087,273765,16091,15877,809,16686,205
2021-04-26,Shasta,089,179085,11783,11787,1443,13230,192
2021-04-26,Sierra,091,2930,55,51,12,63,0
2021-04-26,Siskiyou,093,43540,1723,1592,300,1892,11
2021-04-26,Solano,095,438530,32039,31913,495,32408,247
2021-04-26,Sonoma,097,501317,29602,29755,311,30066,318
2021-04-26,Stanislaus,099,539301,54994,54638,5817,60455,744
2021-04-26,Sutter,101,95872,9308,9328,82,9410,110
2021-04-26,Tehama,103,63373,4951,4920,551,5471,53
2021-04-26,Trinity,105,12862,482,326,86,412,3
2021-04-26,Tulare,107,460477,49757,48735,8839,57574,831
2021-04-26,Tuolumne,109,53932,3962,4024,38,4062,58
2021-04-26,Ventura,111,848112,80744,80137,2952,83089,999
2021-04-26,Yolo,113,214977,13742,13684,277,13961,205
2021-04-26,Yuba,115,75493,5887,5851,121,5972,44
2021-04-25,Alameda,001,1643700,86456,86162,1895,88057,1256
2021-04-25,Alpine,003,1148,87,87,0,87,0
2021-04-25,Amador,005,37829,3648,3643,33,3676,46
2021-04-25,Butte,007,227075,12091,11709,1742,13451,196
2021-04-25,Calaveras,009,45235,2081,2072,12,2084,50
2021-04-25,Colusa,011,21464,1922,1924,291,2215,14
2021-04-25,Contra Costa,013,1133247,67982,67316,1217,68533,789
2021-04-25,Del Norte,015,27424,1295,1259,11,1270,6
2021-04-25,El Dorado,017,186661,9929,9837,694,10531,106
2021-04-25,Fresno,019,978130,101521,101061,8545,109606,1662
2021-04-25,Glenn,021,27897,2384,2366,542,2908,17
2021-04-25,Humboldt,023,135768,3800,3751,30,3781,35
2021-04-25,Imperial,025,180216,28231,28136,2695,30831,720
2021-04-25,Inyo,027,18085,1397,1396,10,1406,36
2021-04-25,Kern,029,883053,96415,95398,10619,106017,1295
2021-04-25,Kings,031,150075,22988,22755,1064,23819,244
2021-04-25,Lake,033,64148,3447,3427,9,3436,43
2021-04-25,Lassen,035,31185,5172,5138,105,5243,1
2021-04-25,Los Angeles,037,10098052,1198957,1190970,41281,1232251,23799
2021-04-25,Madera,039,155013,16456,16346,921,17267,231
2021-04-25,Marin,041,260295,13910,13852,239,14091,227
2021-04-25,Mariposa,043,17540,416,410,11,421,5
2021-04-25,Mendocino,045,87422,3822,3757,76,3833,46
2021-04-25,Merced,047,269075,30545,30586,1037,31623,443
2021-04-25,Modoc,049,8938,368,360,122,482,3
2021-04-25,Mono,051,14174,1246,1257,17,1274,3
2021-04-25,Monterey,053,433212,42903,42737,1849,44586,379
2021-04-25,Napa,055,140530,9756,9762,34,9796,79
2021-04-25,Nevada,057,99092,4624,4536,187,4723,70
2021-04-25,Orange,059,3164182,253904,252531,11169,263700,4919
2021-04-25,Placer,061,380077,22582,22011,1406,23417,285
2021-04-25,Plumas,063,18699,687,670,10,680,4
2021-04-25,Riverside,065,2383286,292346,286651,13901,300552,4401
2021-04-25,Sacramento,067,1510023,102948,102319,1624,103943,1587
2021-04-25,San Benito,069,59416,6010,6014,112,6126,63
2021-04-25,San Bernardino,071,2135413,291650,290357,8904,299261,4571
2021-04-25,San Diego,073,3302833,277064,275412,14418,289830,3692
2021-04-25,San Francisco,075,870044,36183,36310,1267,37577,532
2021-04-25,San Joaquin,077,732212,71742,70987,3432,74419,1301
2021-04-25,San Luis Obispo,079,281455,21101,20820,716,21536,255
2021-04-25,San Mateo,081,765935,41812,41465,455,41920,356
2021-04-25,Santa Barbara,083,443738,34098,33931,1130,35061,448
2021-04-25,Santa Clara,085,1922200,117311,117778,733,118511,1968
2021-04-25,Santa Cruz,087,273765,16085,15868,807,16675,205
2021-04-25,Shasta,089,179085,11760,11784,1438,13222,192
2021-04-25,Sierra,091,2930,55,51,12,63,0
2021-04-25,Siskiyou,093,43540,1712,1580,298,1878,11
2021-04-25,Solano,095,438530,31992,31864,487,32351,247
2021-04-25,Sonoma,097,501317,29584,29756,311,30067,318
2021-04-25,Stanislaus,099,539301,54898,54543,5809,60352,744
2021-04-25,Sutter,101,95872,9302,9326,82,9408,110
2021-04-25,Tehama,103,63373,4947,4916,549,5465,53
2021-04-25,Trinity,105,12862,482,326,86,412,3
2021-04-25,Tulare,107,460477,49741,48728,8825,57553,831
2021-04-25,Tuolumne,109,53932,3960,4022,38,4060,58
2021-04-25,Ventura,111,848112,80720,80110,2952,83062,999
2021-04-25,Yolo,113,214977,13718,13667,275,13942,205
2021-04-25,Yuba,115,75493,5884,5849,120,5969,44
2021-04-24,Alameda,001,1643700,86402,86016,1893,87909,1257
2021-04-24,Alpine,003,1148,87,86,0,86,0
2021-04-24,Amador,005,37829,3647,3640,33,3673,46
2021-04-24,Butte,007,227075,12075,11678,1740,13418,196
2021-04-24,Calaveras,009,45235,2077,2067,12,2079,50
2021-04-24,Colusa,011,21464,1921,1921,291,2212,14
2021-04-24,Contra Costa,013,1133247,67912,67222,1215,68437,789
2021-04-24,Del Norte,015,27424,1290,1255,11,1266,6
2021-04-24,El Dorado,017,186661,9918,9814,693,10507,106
2021-04-24,Fresno,019,978130,101490,100991,8539,109530,1662
2021-04-24,Glenn,021,27897,2384,2363,542,2905,17
2021-04-24,Humboldt,023,135768,3786,3722,30,3752,35
2021-04-24,Imperial,025,180216,28224,28124,2694,30818,720
2021-04-24,Inyo,027,18085,1396,1396,10,1406,36
2021-04-24,Kern,029,883053,96396,95365,10609,105974,1295
2021-04-24,Kings,031,150075,22985,22749,1064,23813,244
2021-04-24,Lake,033,64148,3446,3426,9,3435,43
2021-04-24,Lassen,035,31185,5171,5137,105,5242,1
2021-04-24,Los Angeles,037,10098052,1198728,1190603,41265,1231868,23802
2021-04-24,Madera,039,155013,16453,16338,921,17259,231
2021-04-24,Marin,041,260295,13902,13847,239,14086,227
2021-04-24,Mariposa,043,17540,416,409,11,420,5
2021-04-24,Mendocino,045,87422,3820,3754,74,3828,46
2021-04-24,Merced,047,269075,30525,30559,1037,31596,443
2021-04-24,Modoc,049,8938,368,360,122,482,3
2021-04-24,Mono,051,14174,1246,1256,17,1273,3
2021-04-24,Monterey,053,433212,42891,42727,1848,44575,379
2021-04-24,Napa,055,140530,9750,9756,34,9790,79
2021-04-24,Nevada,057,99092,4617,4522,187,4709,70
2021-04-24,Orange,059,3164182,253860,252441,11163,263604,4910
2021-04-24,Placer,061,380077,22569,21983,1405,23388,285
2021-04-24,Plumas,063,18699,686,670,10,680,4
2021-04-24,Riverside,065,2383286,292278,286552,13897,300449,4400
2021-04-24,Sacramento,067,1510023,102865,102179,1617,103796,1587
2021-04-24,San Benito,069,59416,6008,6007,112,6119,63
2021-04-24,San Bernardino,071,2135413,291601,290264,8903,299167,4568
2021-04-24,San Diego,073,3302833,276960,275252,14398,289650,3688
2021-04-24,San Francisco,075,870044,36154,36285,1263,37548,532
2021-04-24,San Joaquin,077,732212,71699,70911,3429,74340,1301
2021-04-24,San Luis Obispo,079,281455,21091,20797,715,21512,255
2021-04-24,San Mateo,081,765935,41799,41424,453,41877,355
2021-04-24,Santa Barbara,083,443738,34083,33911,1129,35040,448
2021-04-24,Santa Clara,085,1922200,117256,117674,731,118405,1968
2021-04-24,Santa Cruz,087,273765,16077,15840,807,16647,205
2021-04-24,Shasta,089,179085,11742,11770,1435,13205,192
2021-04-24,Sierra,091,2930,55,51,12,63,0
2021-04-24,Siskiyou,093,43540,1702,1574,297,1871,11
2021-04-24,Solano,095,438530,31969,31821,484,32305,247
2021-04-24,Sonoma,097,501317,29582,29739,311,30050,318
2021-04-24,Stanislaus,099,539301,54849,54455,5806,60261,744
2021-04-24,Sutter,101,95872,9299,9316,82,9398,110
2021-04-24,Tehama,103,63373,4942,4907,549,5456,53
2021-04-24,Trinity,105,12862,482,326,86,412,3
2021-04-24,Tulare,107,460477,49730,48705,8815,57520,830
2021-04-24,Tuolumne,109,53932,3956,4020,38,4058,58
2021-04-24,Ventura,111,848112,80707,80097,2950,83047,999
2021-04-24,Yolo,113,214977,13707,13653,275,13928,205
2021-04-24,Yuba,115,75493,5882,5837,120,5957,44
2021-04-23,Alameda,001,1643700,86328,85935,1890,87825,1256
2021-04-23,Alpine,003,1148,86,86,0,86,0
2021-04-23,Amador,005,37829,3646,3637,33,3670,46
2021-04-23,Butte,007,227075,12054,11672,1735,13407,196
2021-04-23,Calaveras,009,45235,2074,2064,12,2076,50
2021-04-23,Colusa,011,21464,1920,1921,291,2212,14
2021-04-23,Contra Costa,013,1133247,67858,67164,1213,68377,785
2021-04-23,Del Norte,015,27424,1289,1254,11,1265,6
2021-04-23,El Dorado,017,186661,9901,9788,690,10478,106
2021-04-23,Fresno,019,978130,101449,100928,8533,109461,1662
2021-04-23,Glenn,021,27897,2384,2361,541,2902,17
2021-04-23,Humboldt,023,135768,3776,3698,30,3728,35
2021-04-23,Imperial,025,180216,28209,28108,2693,30801,720
2021-04-23,Inyo,027,18085,1396,1395,10,1405,36
2021-04-23,Kern,029,883053,96371,95330,10603,105933,1295
2021-04-23,Kings,031,150075,22982,22735,1064,23799,244
2021-04-23,Lake,033,64148,3444,3425,9,3434,43
2021-04-23,Lassen,035,31185,5171,5141,105,5246,1
2021-04-23,Los Angeles,037,10098052,1198464,1190264,41239,1231503,23785
2021-04-23,Madera,039,155013,16444,16328,921,17249,231
2021-04-23,Marin,041,260295,13897,13838,239,14077,227
2021-04-23,Mariposa,043,17540,415,405,11,416,5
2021-04-23,Mendocino,045,87422,3818,3745,73,3818,46
2021-04-23,Merced,047,269075,30508,30530,1036,31566,443
2021-04-23,Modoc,049,8938,368,360,122,482,3
2021-04-23,Mono,051,14174,1244,1256,17,1273,3
2021-04-23,Monterey,053,433212,42885,42722,1848,44570,377
2021-04-23,Napa,055,140530,9745,9752,34,9786,79
2021-04-23,Nevada,057,99092,4608,4510,187,4697,70
2021-04-23,Orange,059,3164182,253816,252399,11156,263555,4904
2021-04-23,Placer,061,380077,22546,21959,1404,23363,282
2021-04-23,Plumas,063,18699,685,670,10,680,4
2021-04-23,Riverside,065,2383286,292219,286456,13892,300348,4399
2021-04-23,Sacramento,067,1510023,102778,102041,1614,103655,1586
2021-04-23,San Benito,069,59416,6006,6005,112,6117,63
2021-04-23,San Bernardino,071,2135413,291550,290189,8902,299091,4568
2021-04-23,San Diego,073,3302833,276822,275097,14375,289472,3684
2021-04-23,San Francisco,075,870044,36138,36252,1262,37514,532
2021-04-23,San Joaquin,077,732212,71643,70840,3426,74266,1295
2021-04-23,San Luis Obispo,079,281455,21082,20781,714,21495,255
2021-04-23,San Mateo,081,765935,41772,41386,453,41839,355
2021-04-23,Santa Barbara,083,443738,34073,33895,1127,35022,447
2021-04-23,Santa Clara,085,1922200,117194,117593,730,118323,1965
2021-04-23,Santa Cruz,087,273765,16070,15802,807,16609,205
2021-04-23,Shasta,089,179085,11735,11759,1434,13193,192
2021-04-23,Sierra,091,2930,55,51,12,63,0
2021-04-23,Siskiyou,093,43540,1690,1567,296,1863,11
2021-04-23,Solano,095,438530,31937,31784,480,32264,247
2021-04-23,Sonoma,097,501317,29568,29727,311,30038,318
2021-04-23,Stanislaus,099,539301,54786,54391,5798,60189,744
2021-04-23,Sutter,101,95872,9297,9312,82,9394,110
2021-04-23,Tehama,103,63373,4939,4906,549,5455,53
2021-04-23,Trinity,105,12862,482,326,86,412,3
2021-04-23,Tulare,107,460477,49713,48694,8807,57501,829
2021-04-23,Tuolumne,109,53932,3955,4020,38,4058,58
2021-04-23,Ventura,111,848112,80688,80095,2950,83045,996
2021-04-23,Yolo,113,214977,13696,13647,274,13921,205
2021-04-23,Yuba,115,75493,5879,5828,120,5948,44
2021-04-22,Alameda,001,1643700,86239,85829,1889,87718,1253
2021-04-22,Alpine,003,1148,86,86,0,86,0
2021-04-22,Amador,005,37829,3645,3633,33,3666,46
2021-04-22,Butte,007,227075,12040,11656,1732,13388,196
2021-04-22,Calaveras,009,45235,2072,2059,12,2071,50
2021-04-22,Colusa,011,21464,1918,1920,289,2209,14
2021-04-22,Contra Costa,013,1133247,67786,67029,1208,68237,782
2021-04-22,Del Norte,015,27424,1284,1252,11,1263,6
2021-04-22,El Dorado,017,186661,9890,9773,687,10460,106
2021-04-22,Fresno,019,978130,101404,100864,8522,109386,1657
2021-04-22,Glenn,021,27897,2383,2361,541,2902,17
2021-04-22,Humboldt,023,135768,3767,3680,30,3710,35
2021-04-22,Imperial,025,180216,28188,28096,2690,30786,720
2021-04-22,Inyo,027,18085,1395,1394,10,1404,36
2021-04-22,Kern,029,883053,96328,95292,10586,105878,1299
2021-04-22,Kings,031,150075,22972,22725,1064,23789,243
2021-04-22,Lake,033,64148,3442,3423,9,3432,43
2021-04-22,Lassen,035,31185,5171,5155,105,5260,1
2021-04-22,Los Angeles,037,10098052,1198144,1189878,41217,1231095,23762
2021-04-22,Madera,039,155013,16425,16316,921,17237,231
2021-04-22,Marin,041,260295,13889,13832,239,14071,227
2021-04-22,Mariposa,043,17540,414,403,11,414,5
2021-04-22,Mendocino,045,87422,3812,3729,73,3802,46
2021-04-22,Merced,047,269075,30473,30490,1035,31525,443
2021-04-22,Modoc,049,8938,368,360,122,482,3
2021-04-22,Mono,051,14174,1244,1254,17,1271,3
2021-04-22,Monterey,053,433212,42878,42708,1846,44554,377
2021-04-22,Napa,055,140530,9735,9734,34,9768,79
2021-04-22,Nevada,057,99092,4598,4504,185,4689,70
2021-04-22,Orange,059,3164182,253743,252307,11144,263451,4898
2021-04-22,Placer,061,380077,22514,21916,1400,23316,282
2021-04-22,Plumas,063,18699,684,670,10,680,4
2021-04-22,Riverside,065,2383286,292120,286362,13883,300245,4398
2021-04-22,Sacramento,067,1510023,102629,101870,1605,103475,1585
2021-04-22,San Benito,069,59416,6002,5998,112,6110,63
2021-04-22,San Bernardino,071,2135413,291479,290125,8893,299018,4571
2021-04-22,San Diego,073,3302833,276656,275913,14353,290266,3684
2021-04-22,San Francisco,075,870044,36115,36218,1259,37477,532
2021-04-22,San Joaquin,077,732212,71584,70751,3419,74170,1295
2021-04-22,San Luis Obispo,079,281455,21068,20761,714,21475,255
2021-04-22,San Mateo,081,765935,41745,41345,451,41796,355
2021-04-22,Santa Barbara,083,443738,34050,33870,1126,34996,446
2021-04-22,Santa Clara,085,1922200,117106,117457,726,118183,1954
2021-04-22,Santa Cruz,087,273765,16067,15737,806,16543,205
2021-04-22,Shasta,089,179085,11720,11738,1432,13170,192
2021-04-22,Sierra,091,2930,55,51,12,63,0
2021-04-22,Siskiyou,093,43540,1686,1564,295,1859,11
2021-04-22,Solano,095,438530,31891,31731,477,32208,247
2021-04-22,Sonoma,097,501317,29553,29705,307,30012,318
2021-04-22,Stanislaus,099,539301,54713,54313,5792,60105,744
2021-04-22,Sutter,101,95872,9293,9302,82,9384,110
2021-04-22,Tehama,103,63373,4933,4896,545,5441,53
2021-04-22,Trinity,105,12862,482,326,86,412,3
2021-04-22,Tulare,107,460477,49693,48669,8798,57467,828
2021-04-22,Tuolumne,109,53932,3951,4020,38,4058,58
2021-04-22,Ventura,111,848112,80662,80073,2948,83021,996
2021-04-22,Yolo,113,214977,13675,13616,274,13890,205
2021-04-22,Yuba,115,75493,5869,5825,120,5945,44
2021-04-21,Alameda,001,1643700,86160,85762,1887,87649,1249
2021-04-21,Alpine,003,1148,86,86,0,86,0
2021-04-21,Amador,005,37829,3642,3632,33,3665,46
2021-04-21,Butte,007,227075,12020,11643,1730,13373,196
2021-04-21,Calaveras,009,45235,2062,2057,12,2069,50
2021-04-21,Colusa,011,21464,1916,1920,288,2208,14
2021-04-21,Contra Costa,013,1133247,67720,66981,1207,68188,782
2021-04-21,Del Norte,015,27424,1280,1252,11,1263,6
2021-04-21,El Dorado,017,186661,9873,9760,684,10444,106
2021-04-21,Fresno,019,978130,101348,100838,8516,109354,1654
2021-04-21,Glenn,021,27897,2382,2361,541,2902,17
2021-04-21,Humboldt,023,135768,3748,3642,30,3672,35
2021-04-21,Imperial,025,180216,28176,28052,2689,30741,719
2021-04-21,Inyo,027,18085,1395,1392,10,1402,36
2021-04-21,Kern,029,883053,96282,95257,10576,105833,1297
2021-04-21,Kings,031,150075,22965,22713,1063,23776,243
2021-04-21,Lake,033,64148,3439,3421,9,3430,43
2021-04-21,Lassen,035,31185,5170,5156,105,5261,1
2021-04-21,Los Angeles,037,10098052,1197804,1189530,41197,1230727,23729
2021-04-21,Madera,039,155013,16420,16309,921,17230,231
2021-04-21,Marin,041,260295,13874,13822,239,14061,227
2021-04-21,Mariposa,043,17540,413,402,11,413,5
2021-04-21,Mendocino,045,87422,3810,3729,73,3802,46
2021-04-21,Merced,047,269075,30453,30471,1033,31504,442
2021-04-21,Modoc,049,8938,368,360,122,482,3
2021-04-21,Mono,051,14174,1244,1254,17,1271,3
2021-04-21,Monterey,053,433212,42863,42699,1844,44543,377
2021-04-21,Napa,055,140530,9729,9727,34,9761,79
2021-04-21,Nevada,057,99092,4584,4499,185,4684,70
2021-04-21,Orange,059,3164182,253667,252243,11131,263374,4889
2021-04-21,Placer,061,380077,22483,21896,1395,23291,282
2021-04-21,Plumas,063,18699,684,670,10,680,4
2021-04-21,Riverside,065,2383286,292026,286299,13876,300175,4388
2021-04-21,Sacramento,067,1510023,102500,101803,1599,103402,1579
2021-04-21,San Benito,069,59416,5999,5998,112,6110,63
2021-04-21,San Bernardino,071,2135413,291404,290049,8891,298940,4572
2021-04-21,San Diego,073,3302833,276447,275632,14315,289947,3681
2021-04-21,San Francisco,075,870044,36095,36194,1258,37452,529
2021-04-21,San Joaquin,077,732212,71529,70687,3409,74096,1295
2021-04-21,San Luis Obispo,079,281455,21053,20724,713,21437,255
2021-04-21,San Mateo,081,765935,41713,41318,450,41768,355
2021-04-21,Santa Barbara,083,443738,34031,33830,1125,34955,445
2021-04-21,Santa Clara,085,1922200,117028,117318,720,118038,1946
2021-04-21,Santa Cruz,087,273765,16058,15698,806,16504,204
2021-04-21,Shasta,089,179085,11701,11722,1430,13152,192
2021-04-21,Sierra,091,2930,55,51,12,63,0
2021-04-21,Siskiyou,093,43540,1679,1557,295,1852,11
2021-04-21,Solano,095,438530,31852,31712,476,32188,244
2021-04-21,Sonoma,097,501317,29541,29697,305,30002,318
2021-04-21,Stanislaus,099,539301,54652,54290,5786,60076,742
2021-04-21,Sutter,101,95872,9285,9297,82,9379,110
2021-04-21,Tehama,103,63373,4926,4893,544,5437,53
2021-04-21,Trinity,105,12862,482,326,86,412,3
2021-04-21,Tulare,107,460477,49678,48653,8785,57438,828
2021-04-21,Tuolumne,109,53932,3948,4019,38,4057,58
2021-04-21,Ventura,111,848112,80630,80039,2945,82984,996
2021-04-21,Yolo,113,214977,13655,13606,273,13879,200
2021-04-21,Yuba,115,75493,5862,5822,119,5941,44
2021-04-20,Alameda,001,1643700,86065,85652,1885,87537,1248
2021-04-20,Alpine,003,1148,85,85,0,85,0
2021-04-20,Amador,005,37829,3641,3631,33,3664,46
2021-04-20,Butte,007,227075,12001,11619,1728,13347,196
2021-04-20,Calaveras,009,45235,2061,2053,12,2065,50
2021-04-20,Colusa,011,21464,1916,1915,287,2202,14
2021-04-20,Contra Costa,013,1133247,67636,66889,1204,68093,782
2021-04-20,Del Norte,015,27424,1279,1250,11,1261,6
2021-04-20,El Dorado,017,186661,9845,9743,682,10425,106
2021-04-20,Fresno,019,978130,101290,100768,8506,109274,1650
2021-04-20,Glenn,021,27897,2380,2359,540,2899,17
2021-04-20,Humboldt,023,135768,3730,3612,30,3642,35
2021-04-20,Imperial,025,180216,28157,28024,2685,30709,719
2021-04-20,Inyo,027,18085,1395,1393,10,1403,36
2021-04-20,Kern,029,883053,96246,95223,10559,105782,1295
2021-04-20,Kings,031,150075,22959,22693,1060,23753,243
2021-04-20,Lake,033,64148,3437,3418,9,3427,43
2021-04-20,Lassen,035,31185,5170,5155,105,5260,1
2021-04-20,Los Angeles,037,10098052,1197457,1189256,41167,1230423,23694
2021-04-20,Madera,039,155013,16414,16301,921,17222,231
2021-04-20,Marin,041,260295,13860,13807,239,14046,227
2021-04-20,Mariposa,043,17540,412,402,11,413,5
2021-04-20,Mendocino,045,87422,3809,3726,73,3799,46
2021-04-20,Merced,047,269075,30426,30439,1032,31471,441
2021-04-20,Modoc,049,8938,368,359,122,481,3
2021-04-20,Mono,051,14174,1243,1254,17,1271,3
2021-04-20,Monterey,053,433212,42852,42663,1841,44504,363
2021-04-20,Napa,055,140530,9725,9711,34,9745,79
2021-04-20,Nevada,057,99092,4566,4485,185,4670,70
2021-04-20,Orange,059,3164182,253577,252134,11119,263253,4887
2021-04-20,Placer,061,380077,22449,21846,1391,23237,282
2021-04-20,Plumas,063,18699,683,670,10,680,4
2021-04-20,Riverside,065,2383286,291929,286194,13871,300065,4388
2021-04-20,Sacramento,067,1510023,102362,101629,1591,103220,1574
2021-04-20,San Benito,069,59416,5996,5988,112,6100,63
2021-04-20,San Bernardino,071,2135413,291324,289905,8889,298794,4569
2021-04-20,San Diego,073,3302833,276216,275369,14282,289651,3674
2021-04-20,San Francisco,075,870044,36076,36117,1257,37374,529
2021-04-20,San Joaquin,077,732212,71456,70590,3400,73990,1289
2021-04-20,San Luis Obispo,079,281455,21030,20691,705,21396,254
2021-04-20,San Mateo,081,765935,41682,41251,450,41701,355
2021-04-20,Santa Barbara,083,443738,34012,33803,1125,34928,445
2021-04-20,Santa Clara,085,1922200,116930,117228,716,117944,1944
2021-04-20,Santa Cruz,087,273765,16046,15647,806,16453,204
2021-04-20,Shasta,089,179085,11685,11677,1427,13104,189
2021-04-20,Sierra,091,2930,55,51,12,63,0
2021-04-20,Siskiyou,093,43540,1671,1551,294,1845,10
2021-04-20,Solano,095,438530,31797,31673,472,32145,243
2021-04-20,Sonoma,097,501317,29532,29676,303,29979,311
2021-04-20,Stanislaus,099,539301,54587,54236,5773,60009,735
2021-04-20,Sutter,101,95872,9281,9279,82,9361,109
2021-04-20,Tehama,103,63373,4921,4887,543,5430,52
2021-04-20,Trinity,105,12862,482,326,86,412,3
2021-04-20,Tulare,107,460477,49655,48650,8777,57427,831
2021-04-20,Tuolumne,109,53932,3948,4014,38,4052,58
2021-04-20,Ventura,111,848112,80602,80018,2943,82961,995
2021-04-20,Yolo,113,214977,13635,13581,272,13853,200
2021-04-20,Yuba,115,75493,5852,5814,119,5933,44
2021-04-19,Alameda,001,1643700,85945,85583,1882,87465,1247
2021-04-19,Alpine,003,1148,85,85,0,85,0
2021-04-19,Amador,005,37829,3640,3629,33,3662,46
2021-04-19,Butte,007,227075,11983,11601,1723,13324,196
2021-04-19,Calaveras,009,45235,2059,2050,12,2062,50
2021-04-19,Colusa,011,21464,1916,1913,286,2199,14
2021-04-19,Contra Costa,013,1133247,67558,66833,1202,68035,782
2021-04-19,Del Norte,015,27424,1277,1247,11,1258,6
2021-04-19,El Dorado,017,186661,9829,9726,677,10403,106
2021-04-19,Fresno,019,978130,101222,100702,8494,109196,1646
2021-04-19,Glenn,021,27897,2380,2358,539,2897,17
2021-04-19,Humboldt,023,135768,3710,3602,28,3630,35
2021-04-19,Imperial,025,180216,28136,27995,2685,30680,719
2021-04-19,Inyo,027,18085,1395,1392,10,1402,36
2021-04-19,Kern,029,883053,96216,95162,10544,105706,1290
2021-04-19,Kings,031,150075,22943,22688,1060,23748,243
2021-04-19,Lake,033,64148,3436,3416,9,3425,43
2021-04-19,Lassen,035,31185,5169,5156,105,5261,1
2021-04-19,Los Angeles,037,10098052,1197080,1188945,41142,1230087,23666
2021-04-19,Madera,039,155013,16403,16289,920,17209,231
2021-04-19,Marin,041,260295,13849,13804,238,14042,226
2021-04-19,Mariposa,043,17540,411,401,11,412,5
2021-04-19,Mendocino,045,87422,3807,3722,73,3795,46
2021-04-19,Merced,047,269075,30397,30422,1031,31453,441
2021-04-19,Modoc,049,8938,368,359,122,481,3
2021-04-19,Mono,051,14174,1242,1254,17,1271,3
2021-04-19,Monterey,053,433212,42839,42642,1836,44478,356
2021-04-19,Napa,055,140530,9717,9680,34,9714,79
2021-04-19,Nevada,057,99092,4550,4477,185,4662,70
2021-04-19,Orange,059,3164182,253459,252013,11104,263117,4883
2021-04-19,Placer,061,380077,22426,21814,1387,23201,282
2021-04-19,Plumas,063,18699,683,665,10,675,4
2021-04-19,Riverside,065,2383286,291833,286087,13861,299948,4371
2021-04-19,Sacramento,067,1510023,102227,101482,1581,103063,1572
2021-04-19,San Benito,069,59416,5988,5989,112,6101,63
2021-04-19,San Bernardino,071,2135413,291238,289738,8883,298621,4561
2021-04-19,San Diego,073,3302833,275968,275113,14249,289362,3674
2021-04-19,San Francisco,075,870044,36040,36094,1254,37348,529
2021-04-19,San Joaquin,077,732212,71376,70514,3393,73907,1289
2021-04-19,San Luis Obispo,079,281455,21004,20669,699,21368,254
2021-04-19,San Mateo,081,765935,41649,41226,449,41675,355
2021-04-19,Santa Barbara,083,443738,33998,33786,1125,34911,446
2021-04-19,Santa Clara,085,1922200,116819,117099,712,117811,1944
2021-04-19,Santa Cruz,087,273765,16034,15600,806,16406,204
2021-04-19,Shasta,089,179085,11670,11662,1419,13081,189
2021-04-19,Sierra,091,2930,55,51,12,63,0
2021-04-19,Siskiyou,093,43540,1661,1544,294,1838,10
2021-04-19,Solano,095,438530,31758,31643,467,32110,239
2021-04-19,Sonoma,097,501317,29513,29667,303,29970,311
2021-04-19,Stanislaus,099,539301,54511,54179,5769,59948,728
2021-04-19,Sutter,101,95872,9270,9269,82,9351,109
2021-04-19,Tehama,103,63373,4915,4878,543,5421,52
2021-04-19,Trinity,105,12862,482,326,85,411,3
2021-04-19,Tulare,107,460477,49639,48630,8764,57394,831
2021-04-19,Tuolumne,109,53932,3947,4010,38,4048,58
2021-04-19,Ventura,111,848112,80576,80000,2941,82941,996
2021-04-19,Yolo,113,214977,13623,13572,269,13841,200
2021-04-19,Yuba,115,75493,5845,5804,118,5922,44
2021-04-18,Alameda,001,1643700,85831,85481,1874,87355,1247
2021-04-18,Alpine,003,1148,85,85,0,85,0
2021-04-18,Amador,005,37829,3637,3627,33,3660,46
2021-04-18,Butte,007,227075,11965,11591,1718,13309,196
2021-04-18,Calaveras,009,45235,2053,2047,12,2059,50
2021-04-18,Colusa,011,21464,1912,1912,285,2197,14
2021-04-18,Contra Costa,013,1133247,67455,66750,1198,67948,782
2021-04-18,Del Norte,015,27424,1277,1240,11,1251,6
2021-04-18,El Dorado,017,186661,9806,9710,675,10385,106
2021-04-18,Fresno,019,978130,101164,100621,8488,109109,1646
2021-04-18,Glenn,021,27897,2375,2358,539,2897,17
2021-04-18,Humboldt,023,135768,3682,3590,28,3618,35
2021-04-18,Imperial,025,180216,28121,27991,2680,30671,719
2021-04-18,Inyo,027,18085,1394,1392,10,1402,36
2021-04-18,Kern,029,883053,96180,95129,10528,105657,1290
2021-04-18,Kings,031,150075,22934,22685,1060,23745,243
2021-04-18,Lake,033,64148,3435,3413,9,3422,43
2021-04-18,Lassen,035,31185,5166,5156,105,5261,1
2021-04-18,Los Angeles,037,10098052,1196619,1188620,41119,1229739,23648
2021-04-18,Madera,039,155013,16392,16277,919,17196,231
2021-04-18,Marin,041,260295,13842,13801,237,14038,226
2021-04-18,Mariposa,043,17540,410,400,10,410,5
2021-04-18,Mendocino,045,87422,3804,3722,73,3795,46
2021-04-18,Merced,047,269075,30360,30405,1029,31434,441
2021-04-18,Modoc,049,8938,368,359,122,481,3
2021-04-18,Mono,051,14174,1242,1254,17,1271,3
2021-04-18,Monterey,053,433212,42827,42638,1835,44473,356
2021-04-18,Napa,055,140530,9701,9674,34,9708,79
2021-04-18,Nevada,057,99092,4535,4464,185,4649,70
2021-04-18,Orange,059,3164182,253345,251940,11096,263036,4883
2021-04-18,Placer,061,380077,22383,21783,1381,23164,282
2021-04-18,Plumas,063,18699,682,665,10,675,4
2021-04-18,Riverside,065,2383286,291743,286043,13857,299900,4371
2021-04-18,Sacramento,067,1510023,102052,101354,1575,102929,1572
2021-04-18,San Benito,069,59416,5986,5989,112,6101,63
2021-04-18,San Bernardino,071,2135413,291145,289691,8874,298565,4556
2021-04-18,San Diego,073,3302833,275689,274961,14214,289175,3674
2021-04-18,San Francisco,075,870044,36003,36073,1250,37323,525
2021-04-18,San Joaquin,077,732212,71295,70466,3384,73850,1289
2021-04-18,San Luis Obispo,079,281455,20982,20656,693,21349,254
2021-04-18,San Mateo,081,765935,41620,41201,448,41649,352
2021-04-18,Santa Barbara,083,443738,33963,33769,1124,34893,446
2021-04-18,Santa Clara,085,1922200,116651,116996,706,117702,1944
2021-04-18,Santa Cruz,087,273765,16024,15580,805,16385,204
2021-04-18,Shasta,089,179085,11649,11658,1416,13074,189
2021-04-18,Sierra,091,2930,55,51,12,63,0
2021-04-18,Siskiyou,093,43540,1650,1538,293,1831,10
2021-04-18,Solano,095,438530,31708,31606,466,32072,239
2021-04-18,Sonoma,097,501317,29497,29660,301,29961,311
2021-04-18,Stanislaus,099,539301,54429,54132,5762,59894,728
2021-04-18,Sutter,101,95872,9256,9261,82,9343,109
2021-04-18,Tehama,103,63373,4906,4877,542,5419,52
2021-04-18,Trinity,105,12862,482,326,85,411,3
2021-04-18,Tulare,107,460477,49627,48618,8758,57376,829
2021-04-18,Tuolumne,109,53932,3946,4008,37,4045,58
2021-04-18,Ventura,111,848112,80545,79984,2937,82921,996
2021-04-18,Yolo,113,214977,13611,13562,267,13829,200
2021-04-18,Yuba,115,75493,5838,5804,118,5922,44
2021-04-17,Alameda,001,1643700,85758,85367,1870,87237,1247
2021-04-17,Alpine,003,1148,85,85,0,85,0
2021-04-17,Amador,005,37829,3635,3625,33,3658,46
2021-04-17,Butte,007,227075,11945,11573,1714,13287,196
2021-04-17,Calaveras,009,45235,2051,2045,12,2057,50
2021-04-17,Colusa,011,21464,1912,1912,285,2197,14
2021-04-17,Contra Costa,013,1133247,67407,66657,1190,67847,782
2021-04-17,Del Norte,015,27424,1277,1238,11,1249,6
2021-04-17,El Dorado,017,186661,9791,9692,672,10364,106
2021-04-17,Fresno,019,978130,101131,100562,8483,109045,1646
2021-04-17,Glenn,021,27897,2375,2357,539,2896,17
2021-04-17,Humboldt,023,135768,3658,3579,28,3607,35
2021-04-17,Imperial,025,180216,28110,27987,2679,30666,719
2021-04-17,Inyo,027,18085,1391,1392,10,1402,36
2021-04-17,Kern,029,883053,96162,95102,10524,105626,1290
2021-04-17,Kings,031,150075,22929,22678,1059,23737,243
2021-04-17,Lake,033,64148,3434,3409,9,3418,43
2021-04-17,Lassen,035,31185,5166,5154,105,5259,1
2021-04-17,Los Angeles,037,10098052,1196363,1188262,41086,1229348,23653
2021-04-17,Madera,039,155013,16388,16260,918,17178,231
2021-04-17,Marin,041,260295,13838,13797,237,14034,226
2021-04-17,Mariposa,043,17540,409,398,10,408,5
2021-04-17,Mendocino,045,87422,3801,3721,73,3794,46
2021-04-17,Merced,047,269075,30344,30392,1028,31420,441
2021-04-17,Modoc,049,8938,368,357,122,479,3
2021-04-17,Mono,051,14174,1242,1253,17,1270,3
2021-04-17,Monterey,053,433212,42818,42630,1833,44463,356
2021-04-17,Napa,055,140530,9697,9666,34,9700,79
2021-04-17,Nevada,057,99092,4527,4457,185,4642,70
2021-04-17,Orange,059,3164182,253276,251873,11084,262957,4878
2021-04-17,Placer,061,380077,22360,21736,1376,23112,282
2021-04-17,Plumas,063,18699,681,666,10,676,4
2021-04-17,Riverside,065,2383286,291674,285963,13849,299812,4371
2021-04-17,Sacramento,067,1510023,101942,101172,1564,102736,1572
2021-04-17,San Benito,069,59416,5980,5986,112,6098,63
2021-04-17,San Bernardino,071,2135413,291090,289624,8871,298495,4555
2021-04-17,San Diego,073,3302833,275542,274812,14180,288992,3674
2021-04-17,San Francisco,075,870044,35981,36032,1247,37279,523
2021-04-17,San Joaquin,077,732212,71255,70372,3374,73746,1288
2021-04-17,San Luis Obispo,079,281455,20969,20642,690,21332,254
2021-04-17,San Mateo,081,765935,41597,41157,448,41605,352
2021-04-17,Santa Barbara,083,443738,33932,33738,1122,34860,446
2021-04-17,Santa Clara,085,1922200,116559,116887,704,117591,1944
2021-04-17,Santa Cruz,087,273765,16018,15571,805,16376,204
2021-04-17,Shasta,089,179085,11634,11647,1415,13062,189
2021-04-17,Sierra,091,2930,55,51,12,63,0
2021-04-17,Siskiyou,093,43540,1645,1539,290,1829,10
2021-04-17,Solano,095,438530,31677,31541,463,32004,239
2021-04-17,Sonoma,097,501317,29490,29637,301,29938,311
2021-04-17,Stanislaus,099,539301,54392,54058,5757,59815,728
2021-04-17,Sutter,101,95872,9250,9252,82,9334,109
2021-04-17,Tehama,103,63373,4900,4875,541,5416,52
2021-04-17,Trinity,105,12862,482,326,85,411,3
2021-04-17,Tulare,107,460477,49615,48603,8754,57357,829
2021-04-17,Tuolumne,109,53932,3944,4005,37,4042,58
2021-04-17,Ventura,111,848112,80524,79964,2937,82901,996
2021-04-17,Yolo,113,214977,13601,13580,267,13847,200
2021-04-17,Yuba,115,75493,5833,5802,117,5919,44
2021-04-16,Alameda,001,1643700,85679,85243,1868,87111,1245
2021-04-16,Alpine,003,1148,85,85,0,85,0
2021-04-16,Amador,005,37829,3630,3621,33,3654,46
2021-04-16,Butte,007,227075,11933,11549,1712,13261,196
2021-04-16,Calaveras,009,45235,2049,2042,12,2054,50
2021-04-16,Colusa,011,21464,1910,1911,285,2196,14
2021-04-16,Contra Costa,013,1133247,67353,66569,1187,67756,782
2021-04-16,Del Norte,015,27424,1276,1237,11,1248,6
2021-04-16,El Dorado,017,186661,9771,9665,668,10333,106
2021-04-16,Fresno,019,978130,101081,100500,8477,108977,1643
2021-04-16,Glenn,021,27897,2375,2355,539,2894,17
2021-04-16,Humboldt,023,135768,3637,3570,27,3597,35
2021-04-16,Imperial,025,180216,28100,27962,2679,30641,719
2021-04-16,Inyo,027,18085,1391,1392,10,1402,36
2021-04-16,Kern,029,883053,96133,95066,10521,105587,1288
2021-04-16,Kings,031,150075,22925,22667,1058,23725,243
2021-04-16,Lake,033,64148,3428,3406,9,3415,43
2021-04-16,Lassen,035,31185,5165,5155,105,5260,1
2021-04-16,Los Angeles,037,10098052,1196062,1187818,41050,1228868,23627
2021-04-16,Madera,039,155013,16382,16250,917,17167,231
2021-04-16,Marin,041,260295,13835,13788,237,14025,226
2021-04-16,Mariposa,043,17540,408,396,9,405,5
2021-04-16,Mendocino,045,87422,3799,3719,73,3792,46
2021-04-16,Merced,047,269075,30329,30355,1028,31383,438
2021-04-16,Modoc,049,8938,368,355,122,477,3
2021-04-16,Mono,051,14174,1242,1253,17,1270,3
2021-04-16,Monterey,053,433212,42807,42620,1830,44450,351
2021-04-16,Napa,055,140530,9689,9653,34,9687,79
2021-04-16,Nevada,057,99092,4518,4443,185,4628,70
2021-04-16,Orange,059,3164182,253212,251770,11075,262845,4873
2021-04-16,Placer,061,380077,22333,21680,1371,23051,282
2021-04-16,Plumas,063,18699,680,665,10,675,4
2021-04-16,Riverside,065,2383286,291597,285818,13847,299665,4369
2021-04-16,Sacramento,067,1510023,101845,100993,1559,102552,1572
2021-04-16,San Benito,069,59416,5978,5982,112,6094,63
2021-04-16,San Bernardino,071,2135413,291043,289424,8870,298294,4550
2021-04-16,San Diego,073,3302833,275388,274567,14162,288729,3662
2021-04-16,San Francisco,075,870044,35955,35993,1243,37236,517
2021-04-16,San Joaquin,077,732212,71188,70280,3366,73646,1288
2021-04-16,San Luis Obispo,079,281455,20957,20623,689,21312,253
2021-04-16,San Mateo,081,765935,41568,41107,447,41554,352
2021-04-16,Santa Barbara,083,443738,33914,33703,1122,34825,446
2021-04-16,Santa Clara,085,1922200,116459,116693,701,117394,1941
2021-04-16,Santa Cruz,087,273765,16016,15539,805,16344,204
2021-04-16,Shasta,089,179085,11622,11623,1413,13036,189
2021-04-16,Sierra,091,2930,55,51,12,63,0
2021-04-16,Siskiyou,093,43540,1641,1530,288,1818,10
2021-04-16,Solano,095,438530,31638,31470,460,31930,239
2021-04-16,Sonoma,097,501317,29479,29617,301,29918,311
2021-04-16,Stanislaus,099,539301,54344,53983,5755,59738,728
2021-04-16,Sutter,101,95872,9244,9247,82,9329,109
2021-04-16,Tehama,103,63373,4899,4866,541,5407,52
2021-04-16,Trinity,105,12862,482,326,85,411,3
2021-04-16,Tulare,107,460477,49603,48583,8750,57333,830
2021-04-16,Tuolumne,109,53932,3941,4005,37,4042,58
2021-04-16,Ventura,111,848112,80499,79942,2932,82874,994
2021-04-16,Yolo,113,214977,13588,13559,265,13824,198
2021-04-16,Yuba,115,75493,5830,5795,116,5911,44
2021-04-15,Alameda,001,1643700,85572,85089,1866,86955,1246
2021-04-15,Alpine,003,1148,85,85,0,85,0
2021-04-15,Amador,005,37829,3629,3616,33,3649,46
2021-04-15,Butte,007,227075,11918,11529,1708,13237,196
2021-04-15,Calaveras,009,45235,2049,2039,12,2051,50
2021-04-15,Colusa,011,21464,1908,1909,284,2193,14
2021-04-15,Contra Costa,013,1133247,67279,66480,1183,67663,781
2021-04-15,Del Norte,015,27424,1269,1235,11,1246,6
2021-04-15,El Dorado,017,186661,9758,9639,666,10305,106
2021-04-15,Fresno,019,978130,101019,100431,8471,108902,1642
2021-04-15,Glenn,021,27897,2375,2354,539,2893,17
2021-04-15,Humboldt,023,135768,3616,3561,27,3588,35
2021-04-15,Imperial,025,180216,28072,27920,2676,30596,718
2021-04-15,Inyo,027,18085,1391,1393,10,1403,36
2021-04-15,Kern,029,883053,96100,94989,10507,105496,1289
2021-04-15,Kings,031,150075,22911,22648,1058,23706,242
2021-04-15,Lake,033,64148,3427,3399,9,3408,43
2021-04-15,Lassen,035,31185,5164,5152,105,5257,1
2021-04-15,Los Angeles,037,10098052,1195660,1187274,41014,1228288,23598
2021-04-15,Madera,039,155013,16367,16234,917,17151,231
2021-04-15,Marin,041,260295,13831,13783,236,14019,226
2021-04-15,Mariposa,043,17540,406,395,9,404,5
2021-04-15,Mendocino,045,87422,3798,3714,73,3787,46
2021-04-15,Merced,047,269075,30303,30325,1027,31352,437
2021-04-15,Modoc,049,8938,368,355,122,477,3
2021-04-15,Mono,051,14174,1241,1253,17,1270,3
2021-04-15,Monterey,053,433212,42797,42604,1828,44432,347
2021-04-15,Napa,055,140530,9681,9645,34,9679,79
2021-04-15,Nevada,057,99092,4506,4434,184,4618,70
2021-04-15,Orange,059,3164182,253117,251679,11062,262741,4857
2021-04-15,Placer,061,380077,22302,21614,1364,22978,281
2021-04-15,Plumas,063,18699,678,665,10,675,4
2021-04-15,Riverside,065,2383286,291493,285698,13840,299538,4363
2021-04-15,Sacramento,067,1510023,101715,100782,1545,102327,1570
2021-04-15,San Benito,069,59416,5975,5969,111,6080,63
2021-04-15,San Bernardino,071,2135413,290954,289288,8863,298151,4544
2021-04-15,San Diego,073,3302833,275142,274250,14103,288353,3653
2021-04-15,San Francisco,075,870044,35936,35947,1241,37188,510
2021-04-15,San Joaquin,077,732212,71107,70189,3358,73547,1288
2021-04-15,San Luis Obispo,079,281455,20941,20591,686,21277,253
2021-04-15,San Mateo,081,765935,41529,41050,446,41496,352
2021-04-15,Santa Barbara,083,443738,33896,33672,1118,34790,446
2021-04-15,Santa Clara,085,1922200,116353,116602,697,117299,1927
2021-04-15,Santa Cruz,087,273765,16006,15509,805,16314,203
2021-04-15,Shasta,089,179085,11608,11597,1409,13006,191
2021-04-15,Sierra,091,2930,55,51,12,63,0
2021-04-15,Siskiyou,093,43540,1635,1524,287,1811,10
2021-04-15,Solano,095,438530,31600,31394,459,31853,239
2021-04-15,Sonoma,097,501317,29465,29587,301,29888,311
2021-04-15,Stanislaus,099,539301,54290,53918,5746,59664,728
2021-04-15,Sutter,101,95872,9237,9237,82,9319,109
2021-04-15,Tehama,103,63373,4898,4854,540,5394,52
2021-04-15,Trinity,105,12862,482,326,85,411,3
2021-04-15,Tulare,107,460477,49582,48556,8750,57306,829
2021-04-15,Tuolumne,109,53932,3941,4003,37,4040,57
2021-04-15,Ventura,111,848112,80480,79917,2930,82847,989
2021-04-15,Yolo,113,214977,13569,13547,263,13810,198
2021-04-15,Yuba,115,75493,5827,5788,116,5904,44
2021-04-14,Alameda,001,1643700,85475,85009,1865,86874,1247
2021-04-14,Alpine,003,1148,85,85,0,85,0
2021-04-14,Amador,005,37829,3628,3613,33,3646,46
2021-04-14,Butte,007,227075,11905,11513,1707,13220,196
2021-04-14,Calaveras,009,45235,2048,2037,12,2049,50
2021-04-14,Colusa,011,21464,1908,1905,284,2189,14
2021-04-14,Contra Costa,013,1133247,67193,66400,1177,67577,781
2021-04-14,Del Norte,015,27424,1269,1228,11,1239,6
2021-04-14,El Dorado,017,186661,9743,9625,661,10286,106
2021-04-14,Fresno,019,978130,100962,100376,8458,108834,1640
2021-04-14,Glenn,021,27897,2375,2353,539,2892,17
2021-04-14,Humboldt,023,135768,3594,3551,26,3577,35
2021-04-14,Imperial,025,180216,28050,27907,2674,30581,718
2021-04-14,Inyo,027,18085,1391,1392,10,1402,36
2021-04-14,Kern,029,883053,96075,94947,10500,105447,1287
2021-04-14,Kings,031,150075,22902,22641,1056,23697,243
2021-04-14,Lake,033,64148,3422,3396,9,3405,43
2021-04-14,Lassen,035,31185,5163,5151,105,5256,1
2021-04-14,Los Angeles,037,10098052,1195262,1186821,40969,1227790,23579
2021-04-14,Madera,039,155013,16358,16218,917,17135,231
2021-04-14,Marin,041,260295,13829,13768,235,14003,226
2021-04-14,Mariposa,043,17540,405,394,9,403,5
2021-04-14,Mendocino,045,87422,3793,3711,73,3784,46
2021-04-14,Merced,047,269075,30287,30296,1025,31321,436
2021-04-14,Modoc,049,8938,368,355,122,477,3
2021-04-14,Mono,051,14174,1240,1252,17,1269,3
2021-04-14,Monterey,053,433212,42781,42595,1824,44419,347
2021-04-14,Napa,055,140530,9670,9643,34,9677,79
2021-04-14,Nevada,057,99092,4499,4421,184,4605,70
2021-04-14,Orange,059,3164182,253012,251568,11042,262610,4849
2021-04-14,Placer,061,380077,22269,21575,1363,22938,280
2021-04-14,Plumas,063,18699,678,665,10,675,4
2021-04-14,Riverside,065,2383286,291383,285583,13834,299417,4358
2021-04-14,Sacramento,067,1510023,101540,100645,1531,102176,1570
2021-04-14,San Benito,069,59416,5973,5960,111,6071,62
2021-04-14,San Bernardino,071,2135413,290887,289078,8860,297938,4523
2021-04-14,San Diego,073,3302833,274932,273969,14074,288043,3648
2021-04-14,San Francisco,075,870044,35898,35898,1240,37138,510
2021-04-14,San Joaquin,077,732212,71037,70095,3352,73447,1288
2021-04-14,San Luis Obispo,079,281455,20918,20561,676,21237,253
2021-04-14,San Mateo,081,765935,41489,40982,443,41425,352
2021-04-14,Santa Barbara,083,443738,33867,33650,1118,34768,445
2021-04-14,Santa Clara,085,1922200,116236,116488,694,117182,1922
2021-04-14,Santa Cruz,087,273765,15996,15481,805,16286,203
2021-04-14,Shasta,089,179085,11582,11581,1407,12988,190
2021-04-14,Sierra,091,2930,55,51,12,63,0
2021-04-14,Siskiyou,093,43540,1627,1518,286,1804,10
2021-04-14,Solano,095,438530,31547,31357,452,31809,239
2021-04-14,Sonoma,097,501317,29457,29572,299,29871,311
2021-04-14,Stanislaus,099,539301,54219,53836,5737,59573,727
2021-04-14,Sutter,101,95872,9229,9230,82,9312,106
2021-04-14,Tehama,103,63373,4892,4853,539,5392,52
2021-04-14,Trinity,105,12862,482,326,85,411,3
2021-04-14,Tulare,107,460477,49556,48527,8747,57274,827
2021-04-14,Tuolumne,109,53932,3940,3997,37,4034,57
2021-04-14,Ventura,111,848112,80444,79891,2928,82819,986
2021-04-14,Yolo,113,214977,13553,13530,261,13791,198
2021-04-14,Yuba,115,75493,5825,5778,116,5894,44
2021-04-13,Alameda,001,1643700,85369,84921,1862,86783,1239
2021-04-13,Alpine,003,1148,85,85,0,85,0
2021-04-13,Amador,005,37829,3625,3609,33,3642,46
2021-04-13,Butte,007,227075,11887,11497,1704,13201,196
2021-04-13,Calaveras,009,45235,2045,2035,12,2047,50
2021-04-13,Colusa,011,21464,1906,1905,282,2187,14
2021-04-13,Contra Costa,013,1133247,67104,66304,1177,67481,778
2021-04-13,Del Norte,015,27424,1264,1221,11,1232,6
2021-04-13,El Dorado,017,186661,9717,9609,658,10267,106
2021-04-13,Fresno,019,978130,100880,100357,8452,108809,1636
2021-04-13,Glenn,021,27897,2374,2351,539,2890,17
2021-04-13,Humboldt,023,135768,3577,3540,26,3566,35
2021-04-13,Imperial,025,180216,28031,27887,2666,30553,718
2021-04-13,Inyo,027,18085,1391,1391,10,1401,36
2021-04-13,Kern,029,883053,96031,94908,10488,105396,1285
2021-04-13,Kings,031,150075,22886,22636,1055,23691,243
2021-04-13,Lake,033,64148,3419,3390,9,3399,43
2021-04-13,Lassen,035,31185,5162,5147,105,5252,1
2021-04-13,Los Angeles,037,10098052,1194806,1186482,40927,1227409,23526
2021-04-13,Madera,039,155013,16348,16207,915,17122,231
2021-04-13,Marin,041,260295,13821,13760,234,13994,224
2021-04-13,Mariposa,043,17540,404,394,6,400,5
2021-04-13,Mendocino,045,87422,3787,3702,73,3775,46
2021-04-13,Merced,047,269075,30257,30276,1022,31298,435
2021-04-13,Modoc,049,8938,368,355,122,477,3
2021-04-13,Mono,051,14174,1240,1251,17,1268,3
2021-04-13,Monterey,053,433212,42770,42577,1824,44401,347
2021-04-13,Napa,055,140530,9660,9627,34,9661,79
2021-04-13,Nevada,057,99092,4487,4415,184,4599,69
2021-04-13,Orange,059,3164182,252917,251491,11024,262515,4836
2021-04-13,Placer,061,380077,22232,21534,1360,22894,280
2021-04-13,Plumas,063,18699,677,665,10,675,4
2021-04-13,Riverside,065,2383286,291264,285505,13828,299333,4348
2021-04-13,Sacramento,067,1510023,101365,100551,1526,102077,1569
2021-04-13,San Benito,069,59416,5970,5946,111,6057,62
2021-04-13,San Bernardino,071,2135413,290771,288929,8854,297783,4521
2021-04-13,San Diego,073,3302833,274678,273709,14039,287748,3623
2021-04-13,San Francisco,075,870044,35862,35869,1236,37105,506
2021-04-13,San Joaquin,077,732212,70929,70034,3344,73378,1288
2021-04-13,San Luis Obispo,079,281455,20891,20536,666,21202,253
2021-04-13,San Mateo,081,765935,41444,40955,443,41398,353
2021-04-13,Santa Barbara,083,443738,33844,33613,1115,34728,444
2021-04-13,Santa Clara,085,1922200,116107,116363,693,117056,1923
2021-04-13,Santa Cruz,087,273765,15989,15449,805,16254,203
2021-04-13,Shasta,089,179085,11562,11536,1404,12940,189
2021-04-13,Sierra,091,2930,55,51,12,63,0
2021-04-13,Siskiyou,093,43540,1619,1511,281,1792,10
2021-04-13,Solano,095,438530,31498,31335,448,31783,239
2021-04-13,Sonoma,097,501317,29449,29544,298,29842,311
2021-04-13,Stanislaus,099,539301,54146,53797,5728,59525,722
2021-04-13,Sutter,101,95872,9225,9226,82,9308,106
2021-04-13,Tehama,103,63373,4885,4850,536,5386,52
2021-04-13,Trinity,105,12862,482,326,85,411,3
2021-04-13,Tulare,107,460477,49543,48511,8744,57255,825
2021-04-13,Tuolumne,109,53932,3938,3995,37,4032,57
2021-04-13,Ventura,111,848112,80412,79854,2926,82780,986
2021-04-13,Yolo,113,214977,13541,13516,260,13776,198
2021-04-13,Yuba,115,75493,5816,5776,116,5892,44
2021-04-12,Alameda,001,1643700,85267,84817,1861,86678,1238
2021-04-12,Alpine,003,1148,85,85,0,85,0
2021-04-12,Amador,005,37829,3624,3607,33,3640,46
2021-04-12,Butte,007,227075,11872,11488,1700,13188,193
2021-04-12,Calaveras,009,45235,2042,2033,12,2045,50
2021-04-12,Colusa,011,21464,1904,1904,280,2184,14
2021-04-12,Contra Costa,013,1133247,67023,66176,1177,67353,777
2021-04-12,Del Norte,015,27424,1261,1216,11,1227,6
2021-04-12,El Dorado,017,186661,9700,9588,656,10244,106
2021-04-12,Fresno,019,978130,100819,100277,8428,108705,1633
2021-04-12,Glenn,021,27897,2373,2349,539,2888,17
2021-04-12,Humboldt,023,135768,3563,3533,25,3558,35
2021-04-12,Imperial,025,180216,28001,27851,2661,30512,717
2021-04-12,Inyo,027,18085,1391,1390,10,1400,36
2021-04-12,Kern,029,883053,95994,94861,10477,105338,1283
2021-04-12,Kings,031,150075,22878,22621,1054,23675,241
2021-04-12,Lake,033,64148,3415,3380,9,3389,43
2021-04-12,Lassen,035,31185,5161,5147,105,5252,1
2021-04-12,Los Angeles,037,10098052,1194302,1186145,40888,1227033,23505
2021-04-12,Madera,039,155013,16336,16174,913,17087,231
2021-04-12,Marin,041,260295,13808,13751,232,13983,224
2021-04-12,Mariposa,043,17540,403,394,6,400,5
2021-04-12,Mendocino,045,87422,3786,3699,73,3772,46
2021-04-12,Merced,047,269075,30226,30261,1019,31280,435
2021-04-12,Modoc,049,8938,366,352,122,474,3
2021-04-12,Mono,051,14174,1240,1251,17,1268,3
2021-04-12,Monterey,053,433212,42756,42555,1822,44377,346
2021-04-12,Napa,055,140530,9646,9603,34,9637,80
2021-04-12,Nevada,057,99092,4476,4408,184,4592,69
2021-04-12,Orange,059,3164182,252831,251350,11002,262352,4826
2021-04-12,Placer,061,380077,22181,21475,1357,22832,278
2021-04-12,Plumas,063,18699,675,666,10,676,4
2021-04-12,Riverside,065,2383286,291153,285361,13822,299183,4336
2021-04-12,Sacramento,067,1510023,101191,100394,1521,101915,1566
2021-04-12,San Benito,069,59416,5962,5942,110,6052,62
2021-04-12,San Bernardino,071,2135413,290664,288736,8842,297578,4493
2021-04-12,San Diego,073,3302833,274417,273431,14010,287441,3621
2021-04-12,San Francisco,075,870044,35828,35841,1235,37076,506
2021-04-12,San Joaquin,077,732212,70857,69968,3337,73305,1288
2021-04-12,San Luis Obispo,079,281455,20846,20515,653,21168,253
2021-04-12,San Mateo,081,765935,41402,40920,439,41359,353
2021-04-12,Santa Barbara,083,443738,33813,33606,1115,34721,444
2021-04-12,Santa Clara,085,1922200,115979,116252,691,116943,1923
2021-04-12,Santa Cruz,087,273765,15969,15406,805,16211,203
2021-04-12,Shasta,089,179085,11545,11509,1400,12909,189
2021-04-12,Sierra,091,2930,55,51,12,63,0
2021-04-12,Siskiyou,093,43540,1608,1511,278,1789,7
2021-04-12,Solano,095,438530,31456,31305,445,31750,238
2021-04-12,Sonoma,097,501317,29421,29500,298,29798,310
2021-04-12,Stanislaus,099,539301,54080,53722,5721,59443,707
2021-04-12,Sutter,101,95872,9214,9221,82,9303,106
2021-04-12,Tehama,103,63373,4876,4834,532,5366,52
2021-04-12,Trinity,105,12862,482,324,85,409,3
2021-04-12,Tulare,107,460477,49523,48495,8734,57229,824
2021-04-12,Tuolumne,109,53932,3934,3993,37,4030,57
2021-04-12,Ventura,111,848112,80379,79818,2924,82742,985
2021-04-12,Yolo,113,214977,13527,13510,259,13769,198
2021-04-12,Yuba,115,75493,5810,5773,116,5889,43
2021-04-11,Alameda,001,1643700,85130,84756,1855,86611,1238
2021-04-11,Alpine,003,1148,85,85,0,85,0
2021-04-11,Amador,005,37829,3622,3605,33,3638,46
2021-04-11,Butte,007,227075,11838,11487,1696,13183,193
2021-04-11,Calaveras,009,45235,2038,2036,12,2048,50
2021-04-11,Colusa,011,21464,1903,1904,279,2183,14
2021-04-11,Contra Costa,013,1133247,66914,66107,1175,67282,777
2021-04-11,Del Norte,015,27424,1255,1214,11,1225,6
2021-04-11,El Dorado,017,186661,9686,9575,653,10228,106
2021-04-11,Fresno,019,978130,100751,100230,8418,108648,1633
2021-04-11,Glenn,021,27897,2368,2348,539,2887,17
2021-04-11,Humboldt,023,135768,3553,3523,25,3548,35
2021-04-11,Imperial,025,180216,27977,27841,2659,30500,717
2021-04-11,Inyo,027,18085,1391,1390,10,1400,36
2021-04-11,Kern,029,883053,95933,94830,10469,105299,1283
2021-04-11,Kings,031,150075,22869,22618,1051,23669,241
2021-04-11,Lake,033,64148,3411,3377,9,3386,43
2021-04-11,Lassen,035,31185,5157,5147,105,5252,1
2021-04-11,Los Angeles,037,10098052,1193790,1185757,40846,1226603,23503
2021-04-11,Madera,039,155013,16317,16166,912,17078,231
2021-04-11,Marin,041,260295,13801,13741,231,13972,226
2021-04-11,Mariposa,043,17540,403,394,6,400,5
2021-04-11,Mendocino,045,87422,3784,3696,73,3769,46
2021-04-11,Merced,047,269075,30188,30249,1018,31267,435
2021-04-11,Modoc,049,8938,365,352,120,472,3
2021-04-11,Mono,051,14174,1239,1250,17,1267,3
2021-04-11,Monterey,053,433212,42749,42547,1815,44362,346
2021-04-11,Napa,055,140530,9635,9592,34,9626,80
2021-04-11,Nevada,057,99092,4462,4394,184,4578,69
2021-04-11,Orange,059,3164182,252704,251233,10991,262224,4826
2021-04-11,Placer,061,380077,22124,21458,1352,22810,278
2021-04-11,Plumas,063,18699,675,666,10,676,4
2021-04-11,Riverside,065,2383286,291020,285269,13812,299081,4336
2021-04-11,Sacramento,067,1510023,101020,100296,1509,101805,1566
2021-04-11,San Benito,069,59416,5954,5941,109,6050,62
2021-04-11,San Bernardino,071,2135413,290556,288686,8836,297522,4492
2021-04-11,San Diego,073,3302833,274119,273287,13951,287238,3621
2021-04-11,San Francisco,075,870044,35792,35815,1232,37047,498
2021-04-11,San Joaquin,077,732212,70771,69939,3326,73265,1288
2021-04-11,San Luis Obispo,079,281455,20820,20501,650,21151,253
2021-04-11,San Mateo,081,765935,41344,40901,438,41339,353
2021-04-11,Santa Barbara,083,443738,33778,33591,1114,34705,444
2021-04-11,Santa Clara,085,1922200,115843,116161,688,116849,1923
2021-04-11,Santa Cruz,087,273765,15957,15382,805,16187,203
2021-04-11,Shasta,089,179085,11501,11504,1399,12903,189
2021-04-11,Sierra,091,2930,55,51,12,63,0
2021-04-11,Siskiyou,093,43540,1601,1509,275,1784,7
2021-04-11,Solano,095,438530,31403,31268,441,31709,238
2021-04-11,Sonoma,097,501317,29395,29496,294,29790,310
2021-04-11,Stanislaus,099,539301,53997,53683,5712,59395,707
2021-04-11,Sutter,101,95872,9205,9222,82,9304,106
2021-04-11,Tehama,103,63373,4873,4832,530,5362,52
2021-04-11,Trinity,105,12862,482,324,85,409,3
2021-04-11,Tulare,107,460477,49509,48479,8727,57206,824
2021-04-11,Tuolumne,109,53932,3932,3993,37,4030,57
2021-04-11,Ventura,111,848112,80331,79800,2918,82718,985
2021-04-11,Yolo,113,214977,13507,13496,257,13753,198
2021-04-11,Yuba,115,75493,5800,5768,116,5884,43
2021-04-10,Alameda,001,1643700,85066,84626,1855,86481,1238
2021-04-10,Alpine,003,1148,85,85,0,85,0
2021-04-10,Amador,005,37829,3620,3603,33,3636,46
2021-04-10,Butte,007,227075,11827,11482,1695,13177,193
2021-04-10,Calaveras,009,45235,2036,2032,12,2044,50
2021-04-10,Colusa,011,21464,1903,1902,279,2181,14
2021-04-10,Contra Costa,013,1133247,66853,66001,1172,67173,778
2021-04-10,Del Norte,015,27424,1252,1212,11,1223,6
2021-04-10,El Dorado,017,186661,9674,9549,650,10199,106
2021-04-10,Fresno,019,978130,100718,100135,8411,108546,1633
2021-04-10,Glenn,021,27897,2368,2343,539,2882,17
2021-04-10,Humboldt,023,135768,3543,3508,25,3533,35
2021-04-10,Imperial,025,180216,27963,27816,2659,30475,717
2021-04-10,Inyo,027,18085,1391,1387,10,1397,36
2021-04-10,Kern,029,883053,95919,94802,10463,105265,1284
2021-04-10,Kings,031,150075,22865,22614,1049,23663,241
2021-04-10,Lake,033,64148,3406,3368,9,3377,43
2021-04-10,Lassen,035,31185,5157,5146,104,5250,1
2021-04-10,Los Angeles,037,10098052,1193516,1185246,40828,1226074,23493
2021-04-10,Madera,039,155013,16309,16143,911,17054,231
2021-04-10,Marin,041,260295,13796,13731,231,13962,226
2021-04-10,Mariposa,043,17540,400,393,6,399,5
2021-04-10,Mendocino,045,87422,3782,3696,73,3769,46
2021-04-10,Merced,047,269075,30168,30225,1017,31242,435
2021-04-10,Modoc,049,8938,365,352,120,472,3
2021-04-10,Mono,051,14174,1239,1249,17,1266,3
2021-04-10,Monterey,053,433212,42738,42527,1814,44341,346
2021-04-10,Napa,055,140530,9628,9569,34,9603,79
2021-04-10,Nevada,057,99092,4455,4379,184,4563,69
2021-04-10,Orange,059,3164182,252611,251139,10984,262123,4818
2021-04-10,Placer,061,380077,22093,21402,1346,22748,278
2021-04-10,Plumas,063,18699,675,666,10,676,4
2021-04-10,Riverside,065,2383286,290940,285082,13804,298886,4336
2021-04-10,Sacramento,067,1510023,100917,100048,1507,101555,1566
2021-04-10,San Benito,069,59416,5943,5932,108,6040,62
2021-04-10,San Bernardino,071,2135413,290492,288590,8829,297419,4489
2021-04-10,San Diego,073,3302833,273903,273058,13931,286989,3613
2021-04-10,San Francisco,075,870044,35762,35774,1229,37003,498
2021-04-10,San Joaquin,077,732212,70736,69852,3316,73168,1288
2021-04-10,San Luis Obispo,079,281455,20804,20461,649,21110,253
2021-04-10,San Mateo,081,765935,41311,40878,438,41316,350
2021-04-10,Santa Barbara,083,443738,33750,33541,1112,34653,444
2021-04-10,Santa Clara,085,1922200,115747,116015,687,116702,1923
2021-04-10,Santa Cruz,087,273765,15951,15360,805,16165,203
2021-04-10,Shasta,089,179085,11492,11492,1396,12888,189
2021-04-10,Sierra,091,2930,55,51,12,63,0
2021-04-10,Siskiyou,093,43540,1598,1512,275,1787,7
2021-04-10,Solano,095,438530,31369,31218,437,31655,238
2021-04-10,Sonoma,097,501317,29380,29469,294,29763,310
2021-04-10,Stanislaus,099,539301,53962,53596,5706,59302,707
2021-04-10,Sutter,101,95872,9203,9214,82,9296,106
2021-04-10,Tehama,103,63373,4871,4820,528,5348,52
2021-04-10,Trinity,105,12862,482,324,85,409,3
2021-04-10,Tulare,107,460477,49500,48470,8721,57191,824
2021-04-10,Tuolumne,109,53932,3929,3991,37,4028,57
2021-04-10,Ventura,111,848112,80303,79758,2916,82674,985
2021-04-10,Yolo,113,214977,13499,13494,256,13750,198
2021-04-10,Yuba,115,75493,5797,5757,115,5872,43
2021-04-09,Alameda,001,1643700,84999,84404,1847,86251,1237
2021-04-09,Alpine,003,1148,85,85,0,85,0
2021-04-09,Amador,005,37829,3619,3600,33,3633,46
2021-04-09,Butte,007,227075,11817,11454,1694,13148,193
2021-04-09,Calaveras,009,45235,2035,2028,12,2040,50
2021-04-09,Colusa,011,21464,1903,1898,279,2177,14
2021-04-09,Contra Costa,013,1133247,66760,65857,1166,67023,777
2021-04-09,Del Norte,015,27424,1251,1207,11,1218,6
2021-04-09,El Dorado,017,186661,9651,9528,646,10174,106
2021-04-09,Fresno,019,978130,100684,100027,8406,108433,1630
2021-04-09,Glenn,021,27897,2368,2337,539,2876,17
2021-04-09,Humboldt,023,135768,3534,3496,25,3521,35
2021-04-09,Imperial,025,180216,27948,27764,2657,30421,717
2021-04-09,Inyo,027,18085,1390,1386,10,1396,36
2021-04-09,Kern,029,883053,95881,94675,10461,105136,1282
2021-04-09,Kings,031,150075,22856,22595,1046,23641,242
2021-04-09,Lake,033,64148,3402,3362,9,3371,43
2021-04-09,Lassen,035,31185,5157,5140,104,5244,1
2021-04-09,Los Angeles,037,10098052,1193146,1184501,40799,1225300,23458
2021-04-09,Madera,039,155013,16306,16118,911,17029,231
2021-04-09,Marin,041,260295,13789,13721,231,13952,226
2021-04-09,Mariposa,043,17540,400,393,6,399,5
2021-04-09,Mendocino,045,87422,3780,3693,73,3766,46
2021-04-09,Merced,047,269075,30139,30179,1016,31195,435
2021-04-09,Modoc,049,8938,364,352,120,472,3
2021-04-09,Mono,051,14174,1239,1247,17,1264,3
2021-04-09,Monterey,053,433212,42729,42481,1810,44291,344
2021-04-09,Napa,055,140530,9609,9574,34,9608,80
2021-04-09,Nevada,057,99092,4447,4373,184,4557,69
2021-04-09,Orange,059,3164182,252537,250852,10979,261831,4813
2021-04-09,Placer,061,380077,22062,21327,1338,22665,278
2021-04-09,Plumas,063,18699,674,666,10,676,4
2021-04-09,Riverside,065,2383286,290857,284562,13798,298360,4325
2021-04-09,Sacramento,067,1510023,100762,99722,1501,101223,1564
2021-04-09,San Benito,069,59416,5938,5925,107,6032,62
2021-04-09,San Bernardino,071,2135413,290423,288000,8826,296826,4467
2021-04-09,San Diego,073,3302833,273705,272697,13889,286586,3600
2021-04-09,San Francisco,075,870044,35721,35716,1224,36940,497
2021-04-09,San Joaquin,077,732212,70672,69675,3304,72979,1281
2021-04-09,San Luis Obispo,079,281455,20789,20427,649,21076,252
2021-04-09,San Mateo,081,765935,41275,40800,437,41237,350
2021-04-09,Santa Barbara,083,443738,33727,33424,1109,34533,444
2021-04-09,Santa Clara,085,1922200,115663,115749,685,116434,1923
2021-04-09,Santa Cruz,087,273765,15946,15331,805,16136,203
2021-04-09,Shasta,089,179085,11482,11478,1393,12871,188
2021-04-09,Sierra,091,2930,55,51,12,63,0
2021-04-09,Siskiyou,093,43540,1595,1510,274,1784,7
2021-04-09,Solano,095,438530,31336,31166,432,31598,238
2021-04-09,Sonoma,097,501317,29367,29433,294,29727,310
2021-04-09,Stanislaus,099,539301,53907,53504,5697,59201,705
2021-04-09,Sutter,101,95872,9196,9201,82,9283,106
2021-04-09,Tehama,103,63373,4865,4806,528,5334,52
2021-04-09,Trinity,105,12862,481,324,85,409,3
2021-04-09,Tulare,107,460477,49496,48430,8715,57145,824
2021-04-09,Tuolumne,109,53932,3928,3986,37,4023,57
2021-04-09,Ventura,111,848112,80275,79698,2916,82614,987
2021-04-09,Yolo,113,214977,13488,13478,254,13732,198
2021-04-09,Yuba,115,75493,5790,5754,115,5869,43
2021-04-08,Alameda,001,1643700,84893,84213,1844,86057,1232
2021-04-08,Alpine,003,1148,85,85,0,85,0
2021-04-08,Amador,005,37829,3615,3595,33,3628,46
2021-04-08,Butte,007,227075,11806,11414,1693,13107,193
2021-04-08,Calaveras,009,45235,2033,2027,12,2039,50
2021-04-08,Colusa,011,21464,1902,1897,279,2176,14
2021-04-08,Contra Costa,013,1133247,66650,65706,1163,66869,775
2021-04-08,Del Norte,015,27424,1245,1201,11,1212,6
2021-04-08,El Dorado,017,186661,9635,9513,641,10154,106
2021-04-08,Fresno,019,978130,100621,99935,8399,108334,1627
2021-04-08,Glenn,021,27897,2367,2337,539,2876,17
2021-04-08,Humboldt,023,135768,3524,3486,25,3511,35
2021-04-08,Imperial,025,180216,27920,27744,2653,30397,713
2021-04-08,Inyo,027,18085,1389,1386,10,1396,36
2021-04-08,Kern,029,883053,95835,94493,10448,104941,1281
2021-04-08,Kings,031,150075,22849,22589,1044,23633,243
2021-04-08,Lake,033,64148,3395,3360,9,3369,43
2021-04-08,Lassen,035,31185,5156,5136,104,5240,1
2021-04-08,Los Angeles,037,10098052,1192649,1184443,40761,1225204,23416
2021-04-08,Madera,039,155013,16294,16103,911,17014,231
2021-04-08,Marin,041,260295,13782,13704,231,13935,226
2021-04-08,Mariposa,043,17540,399,393,6,399,5
2021-04-08,Mendocino,045,87422,3778,3690,73,3763,45
2021-04-08,Merced,047,269075,30117,30163,1016,31179,430
2021-04-08,Modoc,049,8938,364,352,120,472,3
2021-04-08,Mono,051,14174,1237,1247,17,1264,3
2021-04-08,Monterey,053,433212,42707,42437,1805,44242,342
2021-04-08,Napa,055,140530,9592,9569,34,9603,80
2021-04-08,Nevada,057,99092,4436,4367,184,4551,69
2021-04-08,Orange,059,3164182,252427,250529,10964,261493,4797
2021-04-08,Placer,061,380077,22020,21258,1329,22587,277
2021-04-08,Plumas,063,18699,674,665,10,675,4
2021-04-08,Riverside,065,2383286,290743,283853,13793,297646,4296
2021-04-08,Sacramento,067,1510023,100622,99319,1490,100809,1561
2021-04-08,San Benito,069,59416,5935,5914,105,6019,62
2021-04-08,San Bernardino,071,2135413,290325,287190,8823,296013,4445
2021-04-08,San Diego,073,3302833,273475,272495,13853,286348,3592
2021-04-08,San Francisco,075,870044,35698,35657,1223,36880,494
2021-04-08,San Joaquin,077,732212,70600,69479,3298,72777,1279
2021-04-08,San Luis Obispo,079,281455,20770,20402,647,21049,252
2021-04-08,San Mateo,081,765935,41235,40749,437,41186,350
2021-04-08,Santa Barbara,083,443738,33703,33309,1108,34417,444
2021-04-08,Santa Clara,085,1922200,115557,115487,684,116171,1905
2021-04-08,Santa Cruz,087,273765,15939,15296,805,16101,203
2021-04-08,Shasta,089,179085,11472,11466,1389,12855,186
2021-04-08,Sierra,091,2930,55,51,12,63,0
2021-04-08,Siskiyou,093,43540,1592,1511,274,1785,7
2021-04-08,Solano,095,438530,31287,31120,432,31552,238
2021-04-08,Sonoma,097,501317,29347,29410,293,29703,310
2021-04-08,Stanislaus,099,539301,53829,53401,5687,59088,706
2021-04-08,Sutter,101,95872,9192,9195,82,9277,106
2021-04-08,Tehama,103,63373,4861,4802,528,5330,52
2021-04-08,Trinity,105,12862,481,324,85,409,3
2021-04-08,Tulare,107,460477,49483,48409,8705,57114,821
2021-04-08,Tuolumne,109,53932,3928,3986,37,4023,57
2021-04-08,Ventura,111,848112,80238,79626,2912,82538,986
2021-04-08,Yolo,113,214977,13479,13468,253,13721,198
2021-04-08,Yuba,115,75493,5786,5743,115,5858,43
2021-04-07,Alameda,001,1643700,84809,84130,1842,85972,1224
2021-04-07,Alpine,003,1148,85,85,0,85,0
2021-04-07,Amador,005,37829,3612,3590,33,3623,46
2021-04-07,Butte,007,227075,11802,11405,1690,13095,193
2021-04-07,Calaveras,009,45235,2032,2022,12,2034,50
2021-04-07,Colusa,011,21464,1898,1894,278,2172,14
2021-04-07,Contra Costa,013,1133247,66564,65619,1162,66781,775
2021-04-07,Del Norte,015,27424,1243,1198,11,1209,6
2021-04-07,El Dorado,017,186661,9614,9500,636,10136,106
2021-04-07,Fresno,019,978130,100556,99865,8388,108253,1627
2021-04-07,Glenn,021,27897,2365,2337,538,2875,17
2021-04-07,Humboldt,023,135768,3511,3484,25,3509,35
2021-04-07,Imperial,025,180216,27896,27704,2647,30351,713
2021-04-07,Inyo,027,18085,1388,1386,10,1396,36
2021-04-07,Kern,029,883053,95799,94456,10433,104889,1275
2021-04-07,Kings,031,150075,22847,22589,1044,23633,243
2021-04-07,Lake,033,64148,3393,3358,9,3367,43
2021-04-07,Lassen,035,31185,5156,5137,104,5241,1
2021-04-07,Los Angeles,037,10098052,1192213,1183862,40739,1224601,23372
2021-04-07,Madera,039,155013,16275,16090,910,17000,231
2021-04-07,Marin,041,260295,13771,13688,229,13917,225
2021-04-07,Mariposa,043,17540,398,391,6,397,5
2021-04-07,Mendocino,045,87422,3777,3691,73,3764,45
2021-04-07,Merced,047,269075,30094,30132,1011,31143,430
2021-04-07,Modoc,049,8938,364,351,120,471,3
2021-04-07,Mono,051,14174,1237,1246,17,1263,3
2021-04-07,Monterey,053,433212,42689,42427,1804,44231,341
2021-04-07,Napa,055,140530,9578,9556,34,9590,80
2021-04-07,Nevada,057,99092,4430,4364,184,4548,69
2021-04-07,Orange,059,3164182,252303,250378,10941,261319,4778
2021-04-07,Placer,061,380077,21975,21227,1321,22548,276
2021-04-07,Plumas,063,18699,674,665,10,675,4
2021-04-07,Riverside,065,2383286,290623,283749,13783,297532,4285
2021-04-07,Sacramento,067,1510023,100454,99202,1484,100686,1544
2021-04-07,San Benito,069,59416,5930,5912,104,6016,62
2021-04-07,San Bernardino,071,2135413,290207,286978,8818,295796,4433
2021-04-07,San Diego,073,3302833,273249,272195,13824,286019,3588
2021-04-07,San Francisco,075,870044,35658,35618,1219,36837,493
2021-04-07,San Joaquin,077,732212,70530,69375,3293,72668,1278
2021-04-07,San Luis Obispo,079,281455,20744,20373,644,21017,252
2021-04-07,San Mateo,081,765935,41191,40693,437,41130,350
2021-04-07,Santa Barbara,083,443738,33677,33289,1105,34394,444
2021-04-07,Santa Clara,085,1922200,115425,115311,682,115993,1900
2021-04-07,Santa Cruz,087,273765,15928,15275,805,16080,203
2021-04-07,Shasta,089,179085,11460,11456,1384,12840,184
2021-04-07,Sierra,091,2930,55,51,12,63,0
2021-04-07,Siskiyou,093,43540,1586,1512,273,1785,7
2021-04-07,Solano,095,438530,31236,31097,431,31528,238
2021-04-07,Sonoma,097,501317,29329,29394,292,29686,310
2021-04-07,Stanislaus,099,539301,53760,53344,5677,59021,686
2021-04-07,Sutter,101,95872,9189,9188,82,9270,106
2021-04-07,Tehama,103,63373,4853,4802,526,5328,52
2021-04-07,Trinity,105,12862,481,322,85,407,3
2021-04-07,Tulare,107,460477,49468,48386,8694,57080,820
2021-04-07,Tuolumne,109,53932,3926,3982,37,4019,57
2021-04-07,Ventura,111,848112,80204,79595,2910,82505,986
2021-04-07,Yolo,113,214977,13464,13450,251,13701,198
2021-04-07,Yuba,115,75493,5782,5737,115,5852,43
2021-04-06,Alameda,001,1643700,84696,84091,1838,85929,1223
2021-04-06,Alpine,003,1148,85,85,0,85,0
2021-04-06,Amador,005,37829,3611,3587,33,3620,45
2021-04-06,Butte,007,227075,11787,11396,1688,13084,193
2021-04-06,Calaveras,009,45235,2028,2021,12,2033,50
2021-04-06,Colusa,011,21464,1896,1894,276,2170,14
2021-04-06,Contra Costa,013,1133247,66486,65575,1161,66736,774
2021-04-06,Del Norte,015,27424,1238,1197,11,1208,6
2021-04-06,El Dorado,017,186661,9584,9489,634,10123,106
2021-04-06,Fresno,019,978130,100492,99814,8382,108196,1626
2021-04-06,Glenn,021,27897,2364,2335,537,2872,17
2021-04-06,Humboldt,023,135768,3502,3477,25,3502,35
2021-04-06,Imperial,025,180216,27862,27661,2637,30298,713
2021-04-06,Inyo,027,18085,1388,1379,10,1389,36
2021-04-06,Kern,029,883053,95755,94422,10427,104849,1259
2021-04-06,Kings,031,150075,22841,22587,1044,23631,240
2021-04-06,Lake,033,64148,3390,3358,9,3367,43
2021-04-06,Lassen,035,31185,5154,5137,104,5241,1
2021-04-06,Los Angeles,037,10098052,1191701,1183499,40699,1224198,23323
2021-04-06,Madera,039,155013,16255,16085,905,16990,230
2021-04-06,Marin,041,260295,13762,13675,225,13900,224
2021-04-06,Mariposa,043,17540,398,390,6,396,5
2021-04-06,Mendocino,045,87422,3775,3686,73,3759,45
2021-04-06,Merced,047,269075,30065,30100,1006,31106,430
2021-04-06,Modoc,049,8938,363,351,120,471,3
2021-04-06,Mono,051,14174,1237,1246,17,1263,3
2021-04-06,Monterey,053,433212,42680,42412,1803,44215,341
2021-04-06,Napa,055,140530,9559,9509,34,9543,78
2021-04-06,Nevada,057,99092,4420,4356,182,4538,69
2021-04-06,Orange,059,3164182,252194,250304,10927,261231,4771
2021-04-06,Placer,061,380077,21927,21184,1319,22503,276
2021-04-06,Plumas,063,18699,674,665,10,675,4
2021-04-06,Riverside,065,2383286,290442,283622,13772,297394,4264
2021-04-06,Sacramento,067,1510023,100245,99110,1478,100588,1537
2021-04-06,San Benito,069,59416,5921,5907,104,6011,62
2021-04-06,San Bernardino,071,2135413,290093,286792,8808,295600,4428
2021-04-06,San Diego,073,3302833,272987,271867,13796,285663,3585
2021-04-06,San Francisco,075,870044,35615,35572,1219,36791,488
2021-04-06,San Joaquin,077,732212,70447,69316,3281,72597,1278
2021-04-06,San Luis Obispo,079,281455,20722,20350,641,20991,252
2021-04-06,San Mateo,081,765935,41143,40649,436,41085,350
2021-04-06,Santa Barbara,083,443738,33659,33257,1104,34361,443
2021-04-06,Santa Clara,085,1922200,115254,115184,681,115865,1900
2021-04-06,Santa Cruz,087,273765,15918,15252,805,16057,203
2021-04-06,Shasta,089,179085,11439,11443,1382,12825,184
2021-04-06,Sierra,091,2930,55,51,12,63,0
2021-04-06,Siskiyou,093,43540,1582,1510,272,1782,7
2021-04-06,Solano,095,438530,31189,31078,430,31508,237
2021-04-06,Sonoma,097,501317,29304,29386,290,29676,311
2021-04-06,Stanislaus,099,539301,53703,53304,5671,58975,686
2021-04-06,Sutter,101,95872,9179,9179,82,9261,106
2021-04-06,Tehama,103,63373,4844,4798,526,5324,52
2021-04-06,Trinity,105,12862,481,321,85,406,3
2021-04-06,Tulare,107,460477,49425,48372,8690,57062,819
2021-04-06,Tuolumne,109,53932,3926,3981,37,4018,57
2021-04-06,Ventura,111,848112,80167,79556,2908,82464,983
2021-04-06,Yolo,113,214977,13451,13443,250,13693,198
2021-04-06,Yuba,115,75493,5778,5733,114,5847,43
2021-04-05,Alameda,001,1643700,84580,84007,1834,85841,1219
2021-04-05,Alpine,003,1148,85,85,0,85,0
2021-04-05,Amador,005,37829,3608,3584,33,3617,45
2021-04-05,Butte,007,227075,11772,11384,1687,13071,193
2021-04-05,Calaveras,009,45235,2026,2019,12,2031,50
2021-04-05,Colusa,011,21464,1896,1894,275,2169,14
2021-04-05,Contra Costa,013,1133247,66420,65457,1159,66616,774
2021-04-05,Del Norte,015,27424,1236,1189,11,1200,6
2021-04-05,El Dorado,017,186661,9569,9463,634,10097,106
2021-04-05,Fresno,019,978130,100404,99755,8374,108129,1622
2021-04-05,Glenn,021,27897,2363,2335,537,2872,17
2021-04-05,Humboldt,023,135768,3493,3475,25,3500,35
2021-04-05,Imperial,025,180216,27830,27604,2632,30236,710
2021-04-05,Inyo,027,18085,1385,1377,10,1387,36
2021-04-05,Kern,029,883053,95700,94401,10402,104803,1249
2021-04-05,Kings,031,150075,22837,22580,1044,23624,239
2021-04-05,Lake,033,64148,3382,3359,9,3368,43
2021-04-05,Lassen,035,31185,5154,5138,103,5241,1
2021-04-05,Los Angeles,037,10098052,1191166,1183200,40649,1223849,23302
2021-04-05,Madera,039,155013,16241,16065,904,16969,230
2021-04-05,Marin,041,260295,13748,13666,221,13887,221
2021-04-05,Mariposa,043,17540,398,390,6,396,5
2021-04-05,Mendocino,045,87422,3773,3687,73,3760,45
2021-04-05,Merced,047,269075,30039,30068,1004,31072,427
2021-04-05,Modoc,049,8938,361,346,120,466,3
2021-04-05,Mono,051,14174,1237,1246,17,1263,3
2021-04-05,Monterey,053,433212,42667,42396,1799,44195,341
2021-04-05,Napa,055,140530,9536,9492,34,9526,78
2021-04-05,Nevada,057,99092,4409,4346,182,4528,69
2021-04-05,Orange,059,3164182,252079,250177,10903,261080,4759
2021-04-05,Placer,061,380077,21881,21133,1312,22445,276
2021-04-05,Plumas,063,18699,674,666,10,676,4
2021-04-05,Riverside,065,2383286,290305,283549,13760,297309,4237
2021-04-05,Sacramento,067,1510023,100083,98908,1470,100378,1533
2021-04-05,San Benito,069,59416,5915,5904,104,6008,61
2021-04-05,San Bernardino,071,2135413,289983,286597,8805,295402,4425
2021-04-05,San Diego,073,3302833,272738,271655,13755,285410,3583
2021-04-05,San Francisco,075,870044,35584,35538,1219,36757,488
2021-04-05,San Joaquin,077,732212,70358,69214,3272,72486,1268
2021-04-05,San Luis Obispo,079,281455,20685,20333,641,20974,252
2021-04-05,San Mateo,081,765935,41100,40609,435,41044,350
2021-04-05,Santa Barbara,083,443738,33624,33235,1104,34339,443
2021-04-05,Santa Clara,085,1922200,115087,115091,678,115769,1893
2021-04-05,Santa Cruz,087,273765,15911,15228,805,16033,201
2021-04-05,Shasta,089,179085,11418,11435,1379,12814,184
2021-04-05,Sierra,091,2930,55,50,12,62,0
2021-04-05,Siskiyou,093,43540,1579,1509,270,1779,7
2021-04-05,Solano,095,438530,31148,31026,428,31454,237
2021-04-05,Sonoma,097,501317,29272,29361,288,29649,311
2021-04-05,Stanislaus,099,539301,53623,53238,5668,58906,686
2021-04-05,Sutter,101,95872,9172,9169,82,9251,106
2021-04-05,Tehama,103,63373,4838,4794,526,5320,52
2021-04-05,Trinity,105,12862,480,321,85,406,3
2021-04-05,Tulare,107,460477,49413,48356,8683,57039,818
2021-04-05,Tuolumne,109,53932,3925,3980,37,4017,57
2021-04-05,Ventura,111,848112,80136,79549,2905,82454,983
2021-04-05,Yolo,113,214977,13437,13427,249,13676,198
2021-04-05,Yuba,115,75493,5773,5728,113,5841,43
2021-04-04,Alameda,001,1643700,84462,83951,1830,85781,1219
2021-04-04,Alpine,003,1148,85,85,0,85,0
2021-04-04,Amador,005,37829,3602,3582,33,3615,45
2021-04-04,Butte,007,227075,11757,11375,1686,13061,193
2021-04-04,Calaveras,009,45235,2022,2020,12,2032,50
2021-04-04,Colusa,011,21464,1895,1893,275,2168,14
2021-04-04,Contra Costa,013,1133247,66314,65408,1154,66562,774
2021-04-04,Del Norte,015,27424,1228,1186,11,1197,6
2021-04-04,El Dorado,017,186661,9550,9455,630,10085,106
2021-04-04,Fresno,019,978130,100330,99702,8361,108063,1622
2021-04-04,Glenn,021,27897,2360,2335,536,2871,17
2021-04-04,Humboldt,023,135768,3482,3472,25,3497,35
2021-04-04,Imperial,025,180216,27774,27588,2630,30218,710
2021-04-04,Inyo,027,18085,1381,1377,10,1387,36
2021-04-04,Kern,029,883053,95656,94388,10381,104769,1247
2021-04-04,Kings,031,150075,22835,22580,1043,23623,239
2021-04-04,Lake,033,64148,3376,3355,8,3363,43
2021-04-04,Lassen,035,31185,5152,5138,103,5241,1
2021-04-04,Los Angeles,037,10098052,1190622,1182872,40604,1223476,23301
2021-04-04,Madera,039,155013,16215,16052,900,16952,230
2021-04-04,Marin,041,260295,13735,13663,220,13883,221
2021-04-04,Mariposa,043,17540,398,390,6,396,5
2021-04-04,Mendocino,045,87422,3770,3684,73,3757,45
2021-04-04,Merced,047,269075,29996,30048,1001,31049,427
2021-04-04,Modoc,049,8938,361,346,120,466,3
2021-04-04,Mono,051,14174,1236,1245,17,1262,3
2021-04-04,Monterey,053,433212,42650,42391,1798,44189,341
2021-04-04,Napa,055,140530,9524,9486,34,9520,78
2021-04-04,Nevada,057,99092,4397,4337,182,4519,69
2021-04-04,Orange,059,3164182,251945,250117,10887,261004,4759
2021-04-04,Placer,061,380077,21835,21104,1294,22398,276
2021-04-04,Plumas,063,18699,674,666,10,676,4
2021-04-04,Riverside,065,2383286,290179,283537,13756,297293,4237
2021-04-04,Sacramento,067,1510023,99884,98821,1461,100282,1531
2021-04-04,San Benito,069,59416,5905,5901,100,6001,61
2021-04-04,San Bernardino,071,2135413,289843,286561,8797,295358,4423
2021-04-04,San Diego,073,3302833,272426,271528,13714,285242,3583
2021-04-04,San Francisco,075,870044,35530,35525,1216,36741,488
2021-04-04,San Joaquin,077,732212,70257,69147,3260,72407,1268
2021-04-04,San Luis Obispo,079,281455,20653,20328,633,20961,252
2021-04-04,San Mateo,081,765935,41057,40587,432,41019,350
2021-04-04,Santa Barbara,083,443738,33588,33213,1104,34317,443
2021-04-04,Santa Clara,085,1922200,114921,114976,671,115647,1893
2021-04-04,Santa Cruz,087,273765,15902,15219,805,16024,201
2021-04-04,Shasta,089,179085,11392,11433,1378,12811,184
2021-04-04,Sierra,091,2930,55,50,12,62,0
2021-04-04,Siskiyou,093,43540,1576,1509,266,1775,7
2021-04-04,Solano,095,438530,31101,31002,426,31428,237
2021-04-04,Sonoma,097,501317,29240,29340,286,29626,311
2021-04-04,Stanislaus,099,539301,53530,53181,5660,58841,686
2021-04-04,Sutter,101,95872,9165,9164,82,9246,106
2021-04-04,Tehama,103,63373,4826,4792,525,5317,52
2021-04-04,Trinity,105,12862,478,321,85,406,3
2021-04-04,Tulare,107,460477,49397,48343,8675,57018,818
2021-04-04,Tuolumne,109,53932,3917,3980,37,4017,57
2021-04-04,Ventura,111,848112,80093,79526,2903,82429,983
2021-04-04,Yolo,113,214977,13416,13425,248,13673,198
2021-04-04,Yuba,115,75493,5766,5722,113,5835,43
2021-04-03,Alameda,001,1643700,84395,83861,1828,85689,1218
2021-04-03,Alpine,003,1148,85,85,0,85,0
2021-04-03,Amador,005,37829,3599,3577,33,3610,45
2021-04-03,Butte,007,227075,11753,11359,1682,13041,193
2021-04-03,Calaveras,009,45235,2020,2019,12,2031,50
2021-04-03,Colusa,011,21464,1895,1891,275,2166,14
2021-04-03,Contra Costa,013,1133247,66242,65338,1154,66492,774
2021-04-03,Del Norte,015,27424,1223,1183,11,1194,6
2021-04-03,El Dorado,017,186661,9541,9448,629,10077,106
2021-04-03,Fresno,019,978130,100273,99602,8355,107957,1622
2021-04-03,Glenn,021,27897,2359,2334,535,2869,17
2021-04-03,Humboldt,023,135768,3480,3467,25,3492,35
2021-04-03,Imperial,025,180216,27758,27572,2627,30199,710
2021-04-03,Inyo,027,18085,1380,1376,10,1386,36
2021-04-03,Kern,029,883053,95630,94369,10365,104734,1243
2021-04-03,Kings,031,150075,22833,22580,1043,23623,239
2021-04-03,Lake,033,64148,3375,3350,8,3358,43
2021-04-03,Lassen,035,31185,5151,5136,103,5239,1
2021-04-03,Los Angeles,037,10098052,1190319,1182402,40587,1222989,23301
2021-04-03,Madera,039,155013,16206,16051,898,16949,230
2021-04-03,Marin,041,260295,13727,13658,219,13877,221
2021-04-03,Mariposa,043,17540,398,390,5,395,5
2021-04-03,Mendocino,045,87422,3769,3684,73,3757,45
2021-04-03,Merced,047,269075,29981,30031,1001,31032,427
2021-04-03,Modoc,049,8938,361,346,120,466,3
2021-04-03,Mono,051,14174,1236,1245,17,1262,3
2021-04-03,Monterey,053,433212,42637,42376,1796,44172,341
2021-04-03,Napa,055,140530,9515,9473,34,9507,78
2021-04-03,Nevada,057,99092,4393,4323,182,4505,69
2021-04-03,Orange,059,3164182,251865,249982,10869,260851,4755
2021-04-03,Placer,061,380077,21804,21060,1290,22350,276
2021-04-03,Plumas,063,18699,674,666,10,676,4
2021-04-03,Riverside,065,2383286,290101,283423,13753,297176,4237
2021-04-03,Sacramento,067,1510023,99776,98660,1455,100115,1531
2021-04-03,San Benito,069,59416,5902,5893,99,5992,61
2021-04-03,San Bernardino,071,2135413,289778,286473,8791,295264,4422
2021-04-03,San Diego,073,3302833,272257,271335,13697,285032,3571
2021-04-03,San Francisco,075,870044,35511,35488,1214,36702,489
2021-04-03,San Joaquin,077,732212,70216,69100,3244,72344,1268
2021-04-03,San Luis Obispo,079,281455,20634,20301,633,20934,252
2021-04-03,San Mateo,081,765935,41032,40560,432,40992,350
2021-04-03,Santa Barbara,083,443738,33562,33172,1103,34275,443
2021-04-03,Santa Clara,085,1922200,114813,114865,669,115534,1893
2021-04-03,Santa Cruz,087,273765,15895,15205,805,16010,201
2021-04-03,Shasta,089,179085,11384,11418,1378,12796,184
2021-04-03,Sierra,091,2930,55,50,12,62,0
2021-04-03,Siskiyou,093,43540,1575,1509,266,1775,7
2021-04-03,Solano,095,438530,31080,30970,423,31393,237
2021-04-03,Sonoma,097,501317,29224,29315,285,29600,311
2021-04-03,Stanislaus,099,539301,53495,53137,5654,58791,686
2021-04-03,Sutter,101,95872,9159,9158,82,9240,106
2021-04-03,Tehama,103,63373,4818,4788,525,5313,52
2021-04-03,Trinity,105,12862,478,321,85,406,3
2021-04-03,Tulare,107,460477,49387,48327,8671,56998,818
2021-04-03,Tuolumne,109,53932,3917,3980,37,4017,57
2021-04-03,Ventura,111,848112,80072,79489,2901,82390,983
2021-04-03,Yolo,113,214977,13410,13414,248,13662,198
2021-04-03,Yuba,115,75493,5760,5716,113,5829,43
2021-04-02,Alameda,001,1643700,84321,83776,1825,85601,1217
2021-04-02,Alpine,003,1148,85,85,0,85,0
2021-04-02,Amador,005,37829,3595,3573,32,3605,45
2021-04-02,Butte,007,227075,11745,11350,1682,13032,193
2021-04-02,Calaveras,009,45235,2018,2010,12,2022,50
2021-04-02,Colusa,011,21464,1895,1891,275,2166,14
2021-04-02,Contra Costa,013,1133247,66178,65299,1153,66452,774
2021-04-02,Del Norte,015,27424,1220,1174,11,1185,6
2021-04-02,El Dorado,017,186661,9528,9437,626,10063,106
2021-04-02,Fresno,019,978130,100219,99551,8344,107895,1620
2021-04-02,Glenn,021,27897,2359,2331,535,2866,17
2021-04-02,Humboldt,023,135768,3476,3465,25,3490,35
2021-04-02,Imperial,025,180216,27745,27553,2621,30174,710
2021-04-02,Inyo,027,18085,1380,1377,10,1387,36
2021-04-02,Kern,029,883053,95612,94348,10362,104710,1233
2021-04-02,Kings,031,150075,22833,22571,1040,23611,239
2021-04-02,Lake,033,64148,3373,3348,8,3356,43
2021-04-02,Lassen,035,31185,5151,5134,103,5237,1
2021-04-02,Los Angeles,037,10098052,1190010,1181682,40564,1222246,23264
2021-04-02,Madera,039,155013,16197,16036,897,16933,230
2021-04-02,Marin,041,260295,13719,13649,219,13868,221
2021-04-02,Mariposa,043,17540,396,390,5,395,5
2021-04-02,Mendocino,045,87422,3766,3682,73,3755,45
2021-04-02,Merced,047,269075,29956,29998,1001,30999,426
2021-04-02,Modoc,049,8938,358,346,120,466,3
2021-04-02,Mono,051,14174,1236,1246,17,1263,3
2021-04-02,Monterey,053,433212,42627,42359,1793,44152,341
2021-04-02,Napa,055,140530,9500,9453,34,9487,78
2021-04-02,Nevada,057,99092,4389,4323,182,4505,69
2021-04-02,Orange,059,3164182,251769,249891,10856,260747,4748
2021-04-02,Placer,061,380077,21768,21035,1284,22319,275
2021-04-02,Plumas,063,18699,674,666,10,676,4
2021-04-02,Riverside,065,2383286,290015,283328,13744,297072,4213
2021-04-02,Sacramento,067,1510023,99669,98648,1448,100096,1527
2021-04-02,San Benito,069,59416,5900,5888,97,5985,61
2021-04-02,San Bernardino,071,2135413,289705,286308,8787,295095,4417
2021-04-02,San Diego,073,3302833,272071,271036,13671,284707,3568
2021-04-02,San Francisco,075,870044,35476,35451,1212,36663,488
2021-04-02,San Joaquin,077,732212,70151,68996,3229,72225,1268
2021-04-02,San Luis Obispo,079,281455,20617,20271,632,20903,252
2021-04-02,San Mateo,081,765935,40990,40514,432,40946,350
2021-04-02,Santa Barbara,083,443738,33534,33145,1103,34248,443
2021-04-02,Santa Clara,085,1922200,114702,114777,667,115444,1882
2021-04-02,Santa Cruz,087,273765,15887,15216,805,16021,202
2021-04-02,Shasta,089,179085,11379,11377,1370,12747,181
2021-04-02,Sierra,091,2930,55,50,12,62,0
2021-04-02,Siskiyou,093,43540,1575,1508,265,1773,7
2021-04-02,Solano,095,438530,31051,30951,420,31371,237
2021-04-02,Sonoma,097,501317,29203,29288,284,29572,311
2021-04-02,Stanislaus,099,539301,53450,53073,5648,58721,687
2021-04-02,Sutter,101,95872,9151,9131,82,9213,106
2021-04-02,Tehama,103,63373,4811,4775,524,5299,52
2021-04-02,Trinity,105,12862,478,320,85,405,3
2021-04-02,Tulare,107,460477,49381,48306,8665,56971,818
2021-04-02,Tuolumne,109,53932,3914,3980,37,4017,57
2021-04-02,Ventura,111,848112,80044,79434,2899,82333,982
2021-04-02,Yolo,113,214977,13400,13381,248,13629,197
2021-04-02,Yuba,115,75493,5756,5709,113,5822,44
2021-04-01,Alameda,001,1643700,84242,83574,1820,85394,1216
2021-04-01,Alpine,003,1148,85,85,0,85,0
2021-04-01,Amador,005,37829,3591,3558,32,3590,45
2021-04-01,Butte,007,227075,11727,11328,1680,13008,193
2021-04-01,Calaveras,009,45235,2014,2006,12,2018,50
2021-04-01,Colusa,011,21464,1892,1890,275,2165,14
2021-04-01,Contra Costa,013,1133247,66118,65176,1151,66327,771
2021-04-01,Del Norte,015,27424,1215,1138,11,1149,6
2021-04-01,El Dorado,017,186661,9519,9393,622,10015,106
2021-04-01,Fresno,019,978130,100166,99317,8336,107653,1616
2021-04-01,Glenn,021,27897,2359,2322,534,2856,17
2021-04-01,Humboldt,023,135768,3472,3464,25,3489,35
2021-04-01,Imperial,025,180216,27715,27520,2615,30135,710
2021-04-01,Inyo,027,18085,1379,1374,10,1384,36
2021-04-01,Kern,029,883053,95576,94244,10350,104594,1233
2021-04-01,Kings,031,150075,22826,22560,1039,23599,239
2021-04-01,Lake,033,64148,3368,3337,8,3345,43
2021-04-01,Lassen,035,31185,5150,5132,103,5235,1
2021-04-01,Los Angeles,037,10098052,1189518,1181101,40535,1221636,23220
2021-04-01,Madera,039,155013,16181,16023,897,16920,230
2021-04-01,Marin,041,260295,13709,13635,219,13854,221
2021-04-01,Mariposa,043,17540,394,389,5,394,5
2021-04-01,Mendocino,045,87422,3766,3680,73,3753,45
2021-04-01,Merced,047,269075,29923,29820,1001,30821,425
2021-04-01,Modoc,049,8938,357,346,120,466,3
2021-04-01,Mono,051,14174,1236,1245,17,1262,3
2021-04-01,Monterey,053,433212,42619,42324,1791,44115,339
2021-04-01,Napa,055,140530,9488,9410,34,9444,78
2021-04-01,Nevada,057,99092,4379,4288,181,4469,68
2021-04-01,Orange,059,3164182,251649,249617,10839,260456,4742
2021-04-01,Placer,061,380077,21729,20909,1272,22181,274
2021-04-01,Plumas,063,18699,674,664,10,674,4
2021-04-01,Riverside,065,2383286,289910,283128,13741,296869,4193
2021-04-01,Sacramento,067,1510023,99525,97952,1434,99386,1521
2021-04-01,San Benito,069,59416,5892,5878,96,5974,61
2021-04-01,San Bernardino,071,2135413,289588,286086,8778,294864,4404
2021-04-01,San Diego,073,3302833,271847,270540,13641,284181,3555
2021-04-01,San Francisco,075,870044,35455,35386,1209,36595,488
2021-04-01,San Joaquin,077,732212,70069,68802,3221,72023,1262
2021-04-01,San Luis Obispo,079,281455,20588,20235,631,20866,252
2021-04-01,San Mateo,081,765935,40949,40454,432,40886,350
2021-04-01,Santa Barbara,083,443738,33487,33096,1098,34194,443
2021-04-01,Santa Clara,085,1922200,114589,114606,666,115272,1874
2021-04-01,Santa Cruz,087,273765,15872,15271,805,16076,202
2021-04-01,Shasta,089,179085,11364,11355,1365,12720,181
2021-04-01,Sierra,091,2930,55,50,12,62,0
2021-04-01,Siskiyou,093,43540,1573,1507,264,1771,7
2021-04-01,Solano,095,438530,31018,30850,417,31267,237
2021-04-01,Sonoma,097,501317,29172,29241,277,29518,311
2021-04-01,Stanislaus,099,539301,53387,52825,5642,58467,687
2021-04-01,Sutter,101,95872,9139,9105,82,9187,106
2021-04-01,Tehama,103,63373,4805,4764,521,5285,52
2021-04-01,Trinity,105,12862,478,319,85,404,3
2021-04-01,Tulare,107,460477,49358,48279,8655,56934,817
2021-04-01,Tuolumne,109,53932,3912,3978,37,4015,57
2021-04-01,Ventura,111,848112,80020,79369,2898,82267,977
2021-04-01,Yolo,113,214977,13387,13342,248,13590,197
2021-04-01,Yuba,115,75493,5751,5694,113,5807,44
2021-03-31,Alameda,001,1643700,84161,83475,1815,85290,1215
2021-03-31,Alpine,003,1148,85,85,0,85,0
2021-03-31,Amador,005,37829,3588,3556,32,3588,45
2021-03-31,Butte,007,227075,11717,11321,1677,12998,193
2021-03-31,Calaveras,009,45235,2012,2005,12,2017,50
2021-03-31,Colusa,011,21464,1892,1890,275,2165,14
2021-03-31,Contra Costa,013,1133247,66033,65109,1150,66259,769
2021-03-31,Del Norte,015,27424,1206,1129,11,1140,6
2021-03-31,El Dorado,017,186661,9502,9390,622,10012,106
2021-03-31,Fresno,019,978130,100073,99240,8319,107559,1616
2021-03-31,Glenn,021,27897,2355,2318,532,2850,17
2021-03-31,Humboldt,023,135768,3466,3460,25,3485,35
2021-03-31,Imperial,025,180216,27695,27506,2614,30120,710
2021-03-31,Inyo,027,18085,1376,1373,9,1382,35
2021-03-31,Kern,029,883053,95533,94205,10341,104546,1229
2021-03-31,Kings,031,150075,22823,22540,1039,23579,239
2021-03-31,Lake,033,64148,3364,3332,8,3340,43
2021-03-31,Lassen,035,31185,5146,5132,103,5235,1
2021-03-31,Los Angeles,037,10098052,1189050,1180538,40495,1221033,23171
2021-03-31,Madera,039,155013,16167,16015,896,16911,229
2021-03-31,Marin,041,260295,13698,13624,219,13843,221
2021-03-31,Mariposa,043,17540,394,389,5,394,5
2021-03-31,Mendocino,045,87422,3760,3675,73,3748,45
2021-03-31,Merced,047,269075,29894,29780,1001,30781,423
2021-03-31,Modoc,049,8938,357,346,120,466,3
2021-03-31,Mono,051,14174,1236,1245,17,1262,3
2021-03-31,Monterey,053,433212,42602,42309,1789,44098,338
2021-03-31,Napa,055,140530,9470,9401,34,9435,78
2021-03-31,Nevada,057,99092,4373,4283,181,4464,68
2021-03-31,Orange,059,3164182,251538,249518,10824,260342,4731
2021-03-31,Placer,061,380077,21679,20885,1265,22150,271
2021-03-31,Plumas,063,18699,673,663,10,673,4
2021-03-31,Riverside,065,2383286,289808,283006,13731,296737,4171
2021-03-31,Sacramento,067,1510023,99350,97760,1427,99187,1519
2021-03-31,San Benito,069,59416,5882,5875,96,5971,61
2021-03-31,San Bernardino,071,2135413,289493,285916,8775,294691,4356
2021-03-31,San Diego,073,3302833,271616,270288,13606,283894,3555
2021-03-31,San Francisco,075,870044,35410,35347,1208,36555,474
2021-03-31,San Joaquin,077,732212,69980,68685,3205,71890,1259
2021-03-31,San Luis Obispo,079,281455,20567,20215,630,20845,251
2021-03-31,San Mateo,081,765935,40919,40423,432,40855,350
2021-03-31,Santa Barbara,083,443738,33455,33052,1096,34148,443
2021-03-31,Santa Clara,085,1922200,114462,114499,666,115165,1874
2021-03-31,Santa Cruz,087,273765,15859,15295,804,16099,201
2021-03-31,Shasta,089,179085,11352,11327,1357,12684,179
2021-03-31,Sierra,091,2930,55,50,12,62,0
2021-03-31,Siskiyou,093,43540,1572,1505,264,1769,7
2021-03-31,Solano,095,438530,30972,30824,416,31240,235
2021-03-31,Sonoma,097,501317,29145,29216,277,29493,311
2021-03-31,Stanislaus,099,539301,53319,52782,5630,58412,687
2021-03-31,Sutter,101,95872,9128,9111,82,9193,106
2021-03-31,Tehama,103,63373,4800,4762,519,5281,52
2021-03-31,Trinity,105,12862,478,319,85,404,3
2021-03-31,Tulare,107,460477,49338,48261,8639,56900,816
2021-03-31,Tuolumne,109,53932,3911,3976,37,4013,57
2021-03-31,Ventura,111,848112,79988,79326,2894,82220,969
2021-03-31,Yolo,113,214977,13370,13359,247,13606,197
2021-03-31,Yuba,115,75493,5744,5686,113,5799,44
2021-03-30,Alameda,001,1643700,84061,83395,1812,85207,1211
2021-03-30,Alpine,003,1148,85,85,0,85,0
2021-03-30,Amador,005,37829,3585,3551,32,3583,45
2021-03-30,Butte,007,227075,11705,11296,1674,12970,193
2021-03-30,Calaveras,009,45235,2008,1997,12,2009,50
2021-03-30,Colusa,011,21464,1891,1890,274,2164,14
2021-03-30,Contra Costa,013,1133247,65944,65041,1148,66189,767
2021-03-30,Del Norte,015,27424,1198,1118,10,1128,6
2021-03-30,El Dorado,017,186661,9483,9381,619,10000,105
2021-03-30,Fresno,019,978130,100008,99156,8306,107462,1609
2021-03-30,Glenn,021,27897,2355,2310,531,2841,17
2021-03-30,Humboldt,023,135768,3464,3461,25,3486,35
2021-03-30,Imperial,025,180216,27666,27471,2612,30083,706
2021-03-30,Inyo,027,18085,1376,1374,9,1383,35
2021-03-30,Kern,029,883053,95491,94151,10332,104483,1221
2021-03-30,Kings,031,150075,22819,22530,1037,23567,238
2021-03-30,Lake,033,64148,3358,3330,8,3338,43
2021-03-30,Lassen,035,31185,5146,5132,103,5235,1
2021-03-30,Los Angeles,037,10098052,1188553,1180044,40473,1220517,23136
2021-03-30,Madera,039,155013,16157,16003,892,16895,229
2021-03-30,Marin,041,260295,13689,13611,211,13822,221
2021-03-30,Mariposa,043,17540,394,388,5,393,5
2021-03-30,Mendocino,045,87422,3758,3670,73,3743,45
2021-03-30,Merced,047,269075,29857,29731,1001,30732,423
2021-03-30,Modoc,049,8938,356,346,120,466,3
2021-03-30,Mono,051,14174,1235,1245,17,1262,3
2021-03-30,Monterey,053,433212,42576,42308,1787,44095,338
2021-03-30,Napa,055,140530,9455,9391,34,9425,78
2021-03-30,Nevada,057,99092,4361,4266,180,4446,68
2021-03-30,Orange,059,3164182,251409,249412,10797,260209,4727
2021-03-30,Placer,061,380077,21639,20866,1259,22125,271
2021-03-30,Plumas,063,18699,673,661,10,671,4
2021-03-30,Riverside,065,2383286,289683,282930,13722,296652,4154
2021-03-30,Sacramento,067,1510023,99213,97718,1423,99141,1516
2021-03-30,San Benito,069,59416,5876,5870,96,5966,61
2021-03-30,San Bernardino,071,2135413,289385,285758,8766,294524,4343
2021-03-30,San Diego,073,3302833,271377,269998,13568,283566,3555
2021-03-30,San Francisco,075,870044,35360,35325,1207,36532,474
2021-03-30,San Joaquin,077,732212,69892,68613,3195,71808,1232
2021-03-30,San Luis Obispo,079,281455,20547,20194,630,20824,251
2021-03-30,San Mateo,081,765935,40874,40377,432,40809,349
2021-03-30,Santa Barbara,083,443738,33430,33016,1096,34112,441
2021-03-30,Santa Clara,085,1922200,114339,114413,665,115078,1873
2021-03-30,Santa Cruz,087,273765,15853,15278,804,16082,201
2021-03-30,Shasta,089,179085,11344,11316,1356,12672,184
2021-03-30,Sierra,091,2930,55,50,12,62,0
2021-03-30,Siskiyou,093,43540,1571,1501,264,1765,7
2021-03-30,Solano,095,438530,30942,30802,415,31217,232
2021-03-30,Sonoma,097,501317,29113,29198,277,29475,311
2021-03-30,Stanislaus,099,539301,53241,52690,5622,58312,677
2021-03-30,Sutter,101,95872,9124,9107,81,9188,106
2021-03-30,Tehama,103,63373,4791,4748,518,5266,52
2021-03-30,Trinity,105,12862,478,316,85,401,3
2021-03-30,Tulare,107,460477,49323,48249,8630,56879,815
2021-03-30,Tuolumne,109,53932,3906,3972,37,4009,57
2021-03-30,Ventura,111,848112,79944,79282,2891,82173,958
2021-03-30,Yolo,113,214977,13357,13353,247,13600,195
2021-03-30,Yuba,115,75493,5733,5679,107,5786,42
2021-03-29,Alameda,001,1643700,83959,83338,1810,85148,1211
2021-03-29,Alpine,003,1148,85,85,0,85,0
2021-03-29,Amador,005,37829,3579,3549,32,3581,45
2021-03-29,Butte,007,227075,11696,11291,1671,12962,191
2021-03-29,Calaveras,009,45235,2006,1998,12,2010,50
2021-03-29,Colusa,011,21464,1891,1889,273,2162,14
2021-03-29,Contra Costa,013,1133247,65875,64971,1147,66118,767
2021-03-29,Del Norte,015,27424,1193,1116,9,1125,6
2021-03-29,El Dorado,017,186661,9463,9374,613,9987,105
2021-03-29,Fresno,019,978130,99925,99085,8291,107376,1606
2021-03-29,Glenn,021,27897,2348,2310,531,2841,17
2021-03-29,Humboldt,023,135768,3459,3459,25,3484,34
2021-03-29,Imperial,025,180216,27645,27442,2610,30052,704
2021-03-29,Inyo,027,18085,1376,1372,9,1381,35
2021-03-29,Kern,029,883053,95444,94098,10312,104410,1220
2021-03-29,Kings,031,150075,22807,22522,1036,23558,238
2021-03-29,Lake,033,64148,3355,3325,8,3333,43
2021-03-29,Lassen,035,31185,5146,5131,103,5234,1
2021-03-29,Los Angeles,037,10098052,1188059,1179736,40432,1220168,23108
2021-03-29,Madera,039,155013,16137,15987,890,16877,210
2021-03-29,Marin,041,260295,13677,13600,207,13807,220
2021-03-29,Mariposa,043,17540,393,388,5,393,5
2021-03-29,Mendocino,045,87422,3755,3667,73,3740,45
2021-03-29,Merced,047,269075,29833,29699,1001,30700,422
2021-03-29,Modoc,049,8938,355,344,120,464,3
2021-03-29,Mono,051,14174,1234,1243,17,1260,3
2021-03-29,Monterey,053,433212,42560,42305,1782,44087,337
2021-03-29,Napa,055,140530,9439,9379,34,9413,78
2021-03-29,Nevada,057,99092,4354,4258,180,4438,68
2021-03-29,Orange,059,3164182,251297,249295,10785,260080,4713
2021-03-29,Placer,061,380077,21604,20827,1252,22079,267
2021-03-29,Plumas,063,18699,672,660,10,670,4
2021-03-29,Riverside,065,2383286,289580,282867,13721,296588,4133
2021-03-29,Sacramento,067,1510023,99019,97577,1415,98992,1514
2021-03-29,San Benito,069,59416,5869,5865,96,5961,61
2021-03-29,San Bernardino,071,2135413,289288,285615,8762,294377,4335
2021-03-29,San Diego,073,3302833,271111,269771,13542,283313,3547
2021-03-29,San Francisco,075,870044,35325,35291,1204,36495,474
2021-03-29,San Joaquin,077,732212,69806,68537,3182,71719,1211
2021-03-29,San Luis Obispo,079,281455,20512,20176,629,20805,250
2021-03-29,San Mateo,081,765935,40832,40357,431,40788,348
2021-03-29,Santa Barbara,083,443738,33396,32983,1095,34078,439
2021-03-29,Santa Clara,085,1922200,114231,114335,660,114995,1871
2021-03-29,Santa Cruz,087,273765,15842,15249,803,16052,201
2021-03-29,Shasta,089,179085,11326,11313,1354,12667,183
2021-03-29,Sierra,091,2930,55,50,12,62,0
2021-03-29,Siskiyou,093,43540,1569,1497,263,1760,6
2021-03-29,Solano,095,438530,30903,30762,413,31175,232
2021-03-29,Sonoma,097,501317,29090,29184,274,29458,310
2021-03-29,Stanislaus,099,539301,53158,52614,5614,58228,677
2021-03-29,Sutter,101,95872,9117,9105,81,9186,106
2021-03-29,Tehama,103,63373,4783,4742,517,5259,52
2021-03-29,Trinity,105,12862,478,314,85,399,3
2021-03-29,Tulare,107,460477,49295,48226,8619,56845,815
2021-03-29,Tuolumne,109,53932,3904,3969,37,4006,57
2021-03-29,Ventura,111,848112,79902,79252,2891,82143,956
2021-03-29,Yolo,113,214977,13338,13346,247,13593,195
2021-03-29,Yuba,115,75493,5726,5671,106,5777,42
2021-03-28,Alameda,001,1643700,83838,83239,1808,85047,1212
2021-03-28,Alpine,003,1148,85,85,0,85,0
2021-03-28,Amador,005,37829,3575,3541,32,3573,45
2021-03-28,Butte,007,227075,11683,11285,1669,12954,191
2021-03-28,Calaveras,009,45235,2004,1995,12,2007,50
2021-03-28,Colusa,011,21464,1890,1889,273,2162,14
2021-03-28,Contra Costa,013,1133247,65801,64878,1143,66021,767
2021-03-28,Del Norte,015,27424,1186,1107,7,1114,6
2021-03-28,El Dorado,017,186661,9448,9371,611,9982,105
2021-03-28,Fresno,019,978130,99843,99004,8279,107283,1606
2021-03-28,Glenn,021,27897,2344,2309,529,2838,17
2021-03-28,Humboldt,023,135768,3456,3452,24,3476,34
2021-03-28,Imperial,025,180216,27618,27426,2607,30033,704
2021-03-28,Inyo,027,18085,1375,1372,9,1381,35
2021-03-28,Kern,029,883053,95399,94084,10301,104385,1219
2021-03-28,Kings,031,150075,22802,22514,1033,23547,238
2021-03-28,Lake,033,64148,3350,3320,8,3328,43
2021-03-28,Lassen,035,31185,5146,5131,102,5233,1
2021-03-28,Los Angeles,037,10098052,1187508,1179316,40374,1219690,23101
2021-03-28,Madera,039,155013,16122,15973,889,16862,210
2021-03-28,Marin,041,260295,13664,13594,205,13799,221
2021-03-28,Mariposa,043,17540,393,388,5,393,5
2021-03-28,Mendocino,045,87422,3753,3666,73,3739,45
2021-03-28,Merced,047,269075,29776,29679,1001,30680,422
2021-03-28,Modoc,049,8938,355,344,120,464,3
2021-03-28,Mono,051,14174,1233,1242,17,1259,3
2021-03-28,Monterey,053,433212,42537,42294,1778,44072,337
2021-03-28,Napa,055,140530,9425,9368,34,9402,78
2021-03-28,Nevada,057,99092,4340,4239,180,4419,68
2021-03-28,Orange,059,3164182,251142,249238,10775,260013,4713
2021-03-28,Placer,061,380077,21560,20796,1246,22042,267
2021-03-28,Plumas,063,18699,670,657,10,667,4
2021-03-28,Riverside,065,2383286,289466,282811,13712,296523,4132
2021-03-28,Sacramento,067,1510023,98845,97425,1409,98834,1514
2021-03-28,San Benito,069,59416,5864,5862,96,5958,61
2021-03-28,San Bernardino,071,2135413,289169,285570,8753,294323,4332
2021-03-28,San Diego,073,3302833,270835,269476,13513,282989,3547
2021-03-28,San Francisco,075,870044,35279,35286,1200,36486,474
2021-03-28,San Joaquin,077,732212,69681,68459,3163,71622,1211
2021-03-28,San Luis Obispo,079,281455,20477,20172,626,20798,250
2021-03-28,San Mateo,081,765935,40787,40305,431,40736,348
2021-03-28,Santa Barbara,083,443738,33354,32953,1094,34047,439
2021-03-28,Santa Clara,085,1922200,114131,114232,656,114888,1871
2021-03-28,Santa Cruz,087,273765,15827,15238,802,16040,201
2021-03-28,Shasta,089,179085,11300,11308,1343,12651,183
2021-03-28,Sierra,091,2930,55,50,12,62,0
2021-03-28,Siskiyou,093,43540,1569,1497,262,1759,6
2021-03-28,Solano,095,438530,30866,30719,411,31130,232
2021-03-28,Sonoma,097,501317,29054,29161,272,29433,310
2021-03-28,Stanislaus,099,539301,53070,52567,5599,58166,678
2021-03-28,Sutter,101,95872,9108,9094,81,9175,106
2021-03-28,Tehama,103,63373,4773,4740,515,5255,52
2021-03-28,Trinity,105,12862,476,314,84,398,3
2021-03-28,Tulare,107,460477,49266,48218,8613,56831,815
2021-03-28,Tuolumne,109,53932,3901,3969,36,4005,57
2021-03-28,Ventura,111,848112,79851,79222,2886,82108,956
2021-03-28,Yolo,113,214977,13321,13325,246,13571,194
2021-03-28,Yuba,115,75493,5722,5662,106,5768,42
2021-03-27,Alameda,001,1643700,83767,83169,1804,84973,1211
2021-03-27,Alpine,003,1148,85,85,0,85,0
2021-03-27,Amador,005,37829,3570,3538,32,3570,45
2021-03-27,Butte,007,227075,11676,11278,1668,12946,191
2021-03-27,Calaveras,009,45235,2001,1992,12,2004,50
2021-03-27,Colusa,011,21464,1890,1889,273,2162,14
2021-03-27,Contra Costa,013,1133247,65731,64804,1140,65944,767
2021-03-27,Del Norte,015,27424,1176,1104,7,1111,6
2021-03-27,El Dorado,017,186661,9434,9367,611,9978,105
2021-03-27,Fresno,019,978130,99790,98901,8273,107174,1606
2021-03-27,Glenn,021,27897,2343,2308,529,2837,17
2021-03-27,Humboldt,023,135768,3451,3442,24,3466,34
2021-03-27,Imperial,025,180216,27606,27406,2604,30010,704
2021-03-27,Inyo,027,18085,1373,1372,9,1381,35
2021-03-27,Kern,029,883053,95379,94041,10289,104330,1217
2021-03-27,Kings,031,150075,22799,22502,1033,23535,238
2021-03-27,Lake,033,64148,3348,3317,8,3325,43
2021-03-27,Lassen,035,31185,5146,5129,102,5231,1
2021-03-27,Los Angeles,037,10098052,1187193,1178831,40347,1219178,23103
2021-03-27,Madera,039,155013,16115,15968,887,16855,210
2021-03-27,Marin,041,260295,13659,13579,205,13784,222
2021-03-27,Mariposa,043,17540,393,386,5,391,5
2021-03-27,Mendocino,045,87422,3751,3666,73,3739,45
2021-03-27,Merced,047,269075,29743,29647,999,30646,422
2021-03-27,Modoc,049,8938,355,344,120,464,3
2021-03-27,Mono,051,14174,1231,1241,17,1258,3
2021-03-27,Monterey,053,433212,42527,42271,1778,44049,337
2021-03-27,Napa,055,140530,9413,9360,34,9394,78
2021-03-27,Nevada,057,99092,4330,4231,180,4411,68
2021-03-27,Orange,059,3164182,251049,249160,10759,259919,4698
2021-03-27,Placer,061,380077,21540,20717,1239,21956,267
2021-03-27,Plumas,063,18699,669,655,10,665,4
2021-03-27,Riverside,065,2383286,289404,282707,13704,296411,4132
2021-03-27,Sacramento,067,1510023,98755,97247,1407,98654,1513
2021-03-27,San Benito,069,59416,5862,5862,94,5956,61
2021-03-27,San Bernardino,071,2135413,289106,285480,8751,294231,4325
2021-03-27,San Diego,073,3302833,270664,269271,13491,282762,3540
2021-03-27,San Francisco,075,870044,35256,35244,1198,36442,474
2021-03-27,San Joaquin,077,732212,69621,68365,3155,71520,1211
2021-03-27,San Luis Obispo,079,281455,20466,20153,623,20776,250
2021-03-27,San Mateo,081,765935,40764,40264,431,40695,348
2021-03-27,Santa Barbara,083,443738,33331,32921,1094,34015,439
2021-03-27,Santa Clara,085,1922200,114035,114124,654,114778,1871
2021-03-27,Santa Cruz,087,273765,15821,15215,802,16017,201
2021-03-27,Shasta,089,179085,11289,11288,1341,12629,183
2021-03-27,Sierra,091,2930,55,50,12,62,0
2021-03-27,Siskiyou,093,43540,1569,1497,262,1759,6
2021-03-27,Solano,095,438530,30838,30669,410,31079,232
2021-03-27,Sonoma,097,501317,29039,29133,270,29403,310
2021-03-27,Stanislaus,099,539301,53005,52497,5591,58088,678
2021-03-27,Sutter,101,95872,9101,9093,81,9174,106
2021-03-27,Tehama,103,63373,4767,4738,513,5251,52
2021-03-27,Trinity,105,12862,476,313,84,397,3
2021-03-27,Tulare,107,460477,49250,48203,8605,56808,813
2021-03-27,Tuolumne,109,53932,3898,3968,36,4004,57
2021-03-27,Ventura,111,848112,79824,79184,2884,82068,956
2021-03-27,Yolo,113,214977,13316,13317,245,13562,194
2021-03-27,Yuba,115,75493,5720,5657,106,5763,42
2021-03-26,Alameda,001,1643700,83705,83043,1802,84845,1208
2021-03-26,Alpine,003,1148,85,85,0,85,0
2021-03-26,Amador,005,37829,3565,3532,32,3564,45
2021-03-26,Butte,007,227075,11666,11278,1668,12946,191
2021-03-26,Calaveras,009,45235,1999,1989,12,2001,50
2021-03-26,Colusa,011,21464,1890,1889,273,2162,14
2021-03-26,Contra Costa,013,1133247,65671,64699,1137,65836,761
2021-03-26,Del Norte,015,27424,1173,1101,7,1108,6
2021-03-26,El Dorado,017,186661,9429,9353,611,9964,105
2021-03-26,Fresno,019,978130,99728,98731,8263,106994,1601
2021-03-26,Glenn,021,27897,2343,2307,528,2835,17
2021-03-26,Humboldt,023,135768,3449,3431,24,3455,34
2021-03-26,Imperial,025,180216,27582,27374,2604,29978,701
2021-03-26,Inyo,027,18085,1372,1369,9,1378,35
2021-03-26,Kern,029,883053,95353,93949,10283,104232,1211
2021-03-26,Kings,031,150075,22791,22493,1031,23524,239
2021-03-26,Lake,033,64148,3347,3314,8,3322,43
2021-03-26,Lassen,035,31185,5145,5131,102,5233,1
2021-03-26,Los Angeles,037,10098052,1186856,1178213,40334,1218547,23080
2021-03-26,Madera,039,155013,16105,15952,887,16839,210
2021-03-26,Marin,041,260295,13653,13553,200,13753,221
2021-03-26,Mariposa,043,17540,393,386,5,391,5
2021-03-26,Mendocino,045,87422,3750,3664,73,3737,45
2021-03-26,Merced,047,269075,29720,29613,997,30610,419
2021-03-26,Modoc,049,8938,355,344,120,464,3
2021-03-26,Mono,051,14174,1230,1236,17,1253,3
2021-03-26,Monterey,053,433212,42514,42241,1774,44015,338
2021-03-26,Napa,055,140530,9403,9349,34,9383,78
2021-03-26,Nevada,057,99092,4310,4222,180,4402,83
2021-03-26,Orange,059,3164182,250986,248995,10745,259740,4671
2021-03-26,Placer,061,380077,21514,20679,1238,21917,259
2021-03-26,Plumas,063,18699,668,654,10,664,4
2021-03-26,Riverside,065,2383286,289326,282602,13698,296300,4109
2021-03-26,Sacramento,067,1510023,98655,97040,1402,98442,1509
2021-03-26,San Benito,069,59416,5859,5855,94,5949,61
2021-03-26,San Bernardino,071,2135413,289050,285313,8749,294062,4288
2021-03-26,San Diego,073,3302833,270486,269045,13465,282510,3525
2021-03-26,San Francisco,075,870044,35230,35186,1198,36384,472
2021-03-26,San Joaquin,077,732212,69558,68249,3151,71400,1202
2021-03-26,San Luis Obispo,079,281455,20453,20118,623,20741,250
2021-03-26,San Mateo,081,765935,40729,40199,431,40630,348
2021-03-26,Santa Barbara,083,443738,33301,32895,1093,33988,439
2021-03-26,Santa Clara,085,1922200,113937,113959,653,114612,1868
2021-03-26,Santa Cruz,087,273765,15806,15199,801,16000,201
2021-03-26,Shasta,089,179085,11280,11276,1335,12611,182
2021-03-26,Sierra,091,2930,55,50,12,62,0
2021-03-26,Siskiyou,093,43540,1569,1493,261,1754,6
2021-03-26,Solano,095,438530,30813,30640,410,31050,205
2021-03-26,Sonoma,097,501317,29023,29101,267,29368,310
2021-03-26,Stanislaus,099,539301,52937,52420,5587,58007,678
2021-03-26,Sutter,101,95872,9098,9082,81,9163,104
2021-03-26,Tehama,103,63373,4766,4722,512,5234,51
2021-03-26,Trinity,105,12862,476,311,84,395,3
2021-03-26,Tulare,107,460477,49235,48179,8597,56776,813
2021-03-26,Tuolumne,109,53932,3897,3965,36,4001,57
2021-03-26,Ventura,111,848112,79790,79122,2882,82004,953
2021-03-26,Yolo,113,214977,13309,13299,243,13542,194
2021-03-26,Yuba,115,75493,5710,5653,106,5759,42
2021-03-25,Alameda,001,1643700,83610,82945,1800,84745,1206
2021-03-25,Alpine,003,1148,85,84,0,84,0
2021-03-25,Amador,005,37829,3563,3530,32,3562,45
2021-03-25,Butte,007,227075,11656,11270,1668,12938,188
2021-03-25,Calaveras,009,45235,1998,1982,12,1994,50
2021-03-25,Colusa,011,21464,1890,1888,273,2161,14
2021-03-25,Contra Costa,013,1133247,65604,64606,1133,65739,757
2021-03-25,Del Norte,015,27424,1167,1095,7,1102,6
2021-03-25,El Dorado,017,186661,9419,9331,611,9942,105
2021-03-25,Fresno,019,978130,99610,98602,8250,106852,1593
2021-03-25,Glenn,021,27897,2342,2302,527,2829,17
2021-03-25,Humboldt,023,135768,3444,3423,24,3447,34
2021-03-25,Imperial,025,180216,27566,27352,2603,29955,699
2021-03-25,Inyo,027,18085,1372,1369,9,1378,35
2021-03-25,Kern,029,883053,95321,93857,10278,104135,1206
2021-03-25,Kings,031,150075,22781,22472,1031,23503,237
2021-03-25,Lake,033,64148,3342,3312,8,3320,43
2021-03-25,Lassen,035,31185,5145,5129,102,5231,1
2021-03-25,Los Angeles,037,10098052,1186423,1177490,40299,1217789,23051
2021-03-25,Madera,039,155013,16086,15937,885,16822,210
2021-03-25,Marin,041,260295,13643,13538,197,13735,219
2021-03-25,Mariposa,043,17540,393,386,5,391,5
2021-03-25,Mendocino,045,87422,3749,3664,73,3737,45
2021-03-25,Merced,047,269075,29686,29576,989,30565,416
2021-03-25,Modoc,049,8938,355,343,120,463,3
2021-03-25,Mono,051,14174,1230,1235,17,1252,3
2021-03-25,Monterey,053,433212,42493,42220,1769,43989,336
2021-03-25,Napa,055,140530,9384,9321,34,9355,78
2021-03-25,Nevada,057,99092,4292,4202,178,4380,84
2021-03-25,Orange,059,3164182,250870,248871,10725,259596,4655
2021-03-25,Placer,061,380077,21473,20639,1231,21870,252
2021-03-25,Plumas,063,18699,668,654,10,664,4
2021-03-25,Riverside,065,2383286,289229,282492,13687,296179,4078
2021-03-25,Sacramento,067,1510023,98510,96823,1399,98222,1505
2021-03-25,San Benito,069,59416,5856,5850,94,5944,61
2021-03-25,San Bernardino,071,2135413,288969,285134,8744,293878,4222
2021-03-25,San Diego,073,3302833,270258,268623,13434,282057,3520
2021-03-25,San Francisco,075,870044,35191,35154,1196,36350,468
2021-03-25,San Joaquin,077,732212,69461,68089,3112,71201,1196
2021-03-25,San Luis Obispo,079,281455,20435,20076,623,20699,250
2021-03-25,San Mateo,081,765935,40689,40147,431,40578,348
2021-03-25,Santa Barbara,083,443738,33274,32857,1093,33950,439
2021-03-25,Santa Clara,085,1922200,113833,113877,651,114528,1868
2021-03-25,Santa Cruz,087,273765,15785,15170,801,15971,201
2021-03-25,Shasta,089,179085,11263,11262,1332,12594,181
2021-03-25,Sierra,091,2930,55,50,12,62,0
2021-03-25,Siskiyou,093,43540,1567,1491,260,1751,6
2021-03-25,Solano,095,438530,30752,30583,408,30991,193
2021-03-25,Sonoma,097,501317,28988,29060,263,29323,310
2021-03-25,Stanislaus,099,539301,52870,52321,5580,57901,678
2021-03-25,Sutter,101,95872,9089,9069,81,9150,104
2021-03-25,Tehama,103,63373,4764,4719,511,5230,52
2021-03-25,Trinity,105,12862,476,310,84,394,3
2021-03-25,Tulare,107,460477,49208,48148,8584,56732,811
2021-03-25,Tuolumne,109,53932,3896,3962,36,3998,57
2021-03-25,Ventura,111,848112,79749,79045,2878,81923,952
2021-03-25,Yolo,113,214977,13303,13287,243,13530,194
2021-03-25,Yuba,115,75493,5704,5647,100,5747,42
2021-03-24,Alameda,001,1643700,83516,82871,1797,84668,1199
2021-03-24,Alpine,003,1148,85,84,0,84,0
2021-03-24,Amador,005,37829,3557,3529,32,3561,45
2021-03-24,Butte,007,227075,11646,11252,1664,12916,187
2021-03-24,Calaveras,009,45235,1995,1975,12,1987,50
2021-03-24,Colusa,011,21464,1890,1886,273,2159,14
2021-03-24,Contra Costa,013,1133247,65524,64539,1132,65671,755
2021-03-24,Del Norte,015,27424,1162,1087,7,1094,6
2021-03-24,El Dorado,017,186661,9413,9319,610,9929,105
2021-03-24,Fresno,019,978130,99520,98437,8235,106672,1585
2021-03-24,Glenn,021,27897,2341,2297,526,2823,17
2021-03-24,Humboldt,023,135768,3441,3414,24,3438,34
2021-03-24,Imperial,025,180216,27557,27325,2603,29928,699
2021-03-24,Inyo,027,18085,1372,1368,9,1377,35
2021-03-24,Kern,029,883053,95273,93800,10269,104069,1198
2021-03-24,Kings,031,150075,22766,22456,1029,23485,237
2021-03-24,Lake,033,64148,3338,3307,8,3315,43
2021-03-24,Lassen,035,31185,5143,5130,101,5231,1
2021-03-24,Los Angeles,037,10098052,1185944,1177015,40265,1217280,22993
2021-03-24,Madera,039,155013,16077,15918,884,16802,210
2021-03-24,Marin,041,260295,13629,13526,195,13721,219
2021-03-24,Mariposa,043,17540,393,384,5,389,5
2021-03-24,Mendocino,045,87422,3746,3660,73,3733,45
2021-03-24,Merced,047,269075,29645,29525,989,30514,415
2021-03-24,Modoc,049,8938,354,341,120,461,3
2021-03-24,Mono,051,14174,1229,1243,17,1260,3
2021-03-24,Monterey,053,433212,42471,42201,1766,43967,335
2021-03-24,Napa,055,140530,9364,9310,34,9344,78
2021-03-24,Nevada,057,99092,4278,4191,177,4368,85
2021-03-24,Orange,059,3164182,250756,248775,10707,259482,4638
2021-03-24,Placer,061,380077,21443,20606,1223,21829,250
2021-03-24,Plumas,063,18699,666,652,10,662,4
2021-03-24,Riverside,065,2383286,289145,282410,13684,296094,4058
2021-03-24,Sacramento,067,1510023,98335,96628,1387,98015,1500
2021-03-24,San Benito,069,59416,5855,5847,94,5941,61
2021-03-24,San Bernardino,071,2135413,288883,284983,8742,293725,4170
2021-03-24,San Diego,073,3302833,270044,268413,13406,281819,3509
2021-03-24,San Francisco,075,870044,35163,35103,1193,36296,462
2021-03-24,San Joaquin,077,732212,69390,67978,3100,71078,1196
2021-03-24,San Luis Obispo,079,281455,20405,20021,622,20643,250
2021-03-24,San Mateo,081,765935,40639,40083,431,40514,348
2021-03-24,Santa Barbara,083,443738,33246,32810,1093,33903,438
2021-03-24,Santa Clara,085,1922200,113717,113757,648,114405,1851
2021-03-24,Santa Cruz,087,273765,15771,15138,800,15938,202
2021-03-24,Shasta,089,179085,11244,11243,1330,12573,181
2021-03-24,Sierra,091,2930,55,50,12,62,0
2021-03-24,Siskiyou,093,43540,1565,1490,260,1750,6
2021-03-24,Solano,095,438530,30715,30552,407,30959,178
2021-03-24,Sonoma,097,501317,28968,29034,259,29293,310
2021-03-24,Stanislaus,099,539301,52794,52259,5571,57830,677
2021-03-24,Sutter,101,95872,9073,9049,81,9130,104
2021-03-24,Tehama,103,63373,4758,4719,510,5229,49
2021-03-24,Trinity,105,12862,475,310,84,394,3
2021-03-24,Tulare,107,460477,49197,48109,8571,56680,808
2021-03-24,Tuolumne,109,53932,3895,3961,36,3997,57
2021-03-24,Ventura,111,848112,79697,78993,2871,81864,944
2021-03-24,Yolo,113,214977,13291,13269,243,13512,194
2021-03-24,Yuba,115,75493,5698,5634,97,5731,42
2021-03-23,Alameda,001,1643700,83414,82799,1793,84592,1190
2021-03-23,Alpine,003,1148,85,84,0,84,0
2021-03-23,Amador,005,37829,3551,3524,32,3556,45
2021-03-23,Butte,007,227075,11634,11227,1663,12890,187
2021-03-23,Calaveras,009,45235,1993,1971,12,1983,50
2021-03-23,Colusa,011,21464,1888,1885,272,2157,14
2021-03-23,Contra Costa,013,1133247,65425,64491,1131,65622,750
2021-03-23,Del Norte,015,27424,1157,1082,7,1089,6
2021-03-23,El Dorado,017,186661,9403,9318,608,9926,105
2021-03-23,Fresno,019,978130,99407,98362,8209,106571,1575
2021-03-23,Glenn,021,27897,2336,2293,524,2817,17
2021-03-23,Humboldt,023,135768,3432,3405,24,3429,34
2021-03-23,Imperial,025,180216,27549,27320,2603,29923,699
2021-03-23,Inyo,027,18085,1370,1364,9,1373,35
2021-03-23,Kern,029,883053,95166,93728,10262,103990,1191
2021-03-23,Kings,031,150075,22755,22439,1027,23466,237
2021-03-23,Lake,033,64148,3336,3294,8,3302,43
2021-03-23,Lassen,035,31185,5143,5130,101,5231,1
2021-03-23,Los Angeles,037,10098052,1185424,1176572,40227,1216799,22904
2021-03-23,Madera,039,155013,16061,15908,883,16791,210
2021-03-23,Marin,041,260295,13606,13514,193,13707,221
2021-03-23,Mariposa,043,17540,392,384,5,389,5
2021-03-23,Mendocino,045,87422,3744,3652,73,3725,45
2021-03-23,Merced,047,269075,29612,29485,989,30474,415
2021-03-23,Modoc,049,8938,353,342,120,462,3
2021-03-23,Mono,051,14174,1228,1263,17,1280,3
2021-03-23,Monterey,053,433212,42460,42180,1764,43944,335
2021-03-23,Napa,055,140530,9339,9299,34,9333,78
2021-03-23,Nevada,057,99092,4259,4179,176,4355,89
2021-03-23,Orange,059,3164182,250630,248661,10689,259350,4626
2021-03-23,Placer,061,380077,21408,20567,1219,21786,248
2021-03-23,Plumas,063,18699,666,652,10,662,4
2021-03-23,Riverside,065,2383286,289045,282317,13677,295994,4035
2021-03-23,Sacramento,067,1510023,98143,96521,1381,97902,1496
2021-03-23,San Benito,069,59416,5850,5845,93,5938,61
2021-03-23,San Bernardino,071,2135413,288799,284875,8734,293609,4134
2021-03-23,San Diego,073,3302833,269799,268156,13374,281530,3498
2021-03-23,San Francisco,075,870044,35105,35071,1187,36258,462
2021-03-23,San Joaquin,077,732212,69294,67903,3082,70985,1182
2021-03-23,San Luis Obispo,079,281455,20364,20009,621,20630,250
2021-03-23,San Mateo,081,765935,40583,40032,430,40462,348
2021-03-23,Santa Barbara,083,443738,33208,32771,1092,33863,438
2021-03-23,Santa Clara,085,1922200,113601,113645,645,114290,1848
2021-03-23,Santa Cruz,087,273765,15756,15106,800,15906,201
2021-03-23,Shasta,089,179085,11231,11234,1329,12563,175
2021-03-23,Sierra,091,2930,55,50,12,62,0
2021-03-23,Siskiyou,093,43540,1560,1485,258,1743,6
2021-03-23,Solano,095,438530,30674,30524,406,30930,178
2021-03-23,Sonoma,097,501317,28931,29020,258,29278,310
2021-03-23,Stanislaus,099,539301,52695,52148,5563,57711,677
2021-03-23,Sutter,101,95872,9065,9039,81,9120,104
2021-03-23,Tehama,103,63373,4749,4707,509,5216,46
2021-03-23,Trinity,105,12862,475,310,84,394,3
2021-03-23,Tulare,107,460477,49170,48095,8555,56650,808
2021-03-23,Tuolumne,109,53932,3892,3957,36,3993,57
2021-03-23,Ventura,111,848112,79636,78930,2868,81798,932
2021-03-23,Yolo,113,214977,13280,13255,243,13498,194
2021-03-23,Yuba,115,75493,5693,5628,97,5725,42
2021-03-22,Alameda,001,1643700,83321,82748,1787,84535,1189
2021-03-22,Alpine,003,1148,84,83,0,83,0
2021-03-22,Amador,005,37829,3543,3522,32,3554,44
2021-03-22,Butte,007,227075,11625,11211,1661,12872,185
2021-03-22,Calaveras,009,45235,1989,1963,12,1975,49
2021-03-22,Colusa,011,21464,1886,1885,272,2157,13
2021-03-22,Contra Costa,013,1133247,65330,64432,1129,65561,740
2021-03-22,Del Norte,015,27424,1151,1082,7,1089,6
2021-03-22,El Dorado,017,186661,9387,9310,605,9915,105
2021-03-22,Fresno,019,978130,99309,98276,8196,106472,1556
2021-03-22,Glenn,021,27897,2328,2291,524,2815,17
2021-03-22,Humboldt,023,135768,3427,3403,24,3427,34
2021-03-22,Imperial,025,180216,27534,27302,2599,29901,699
2021-03-22,Inyo,027,18085,1367,1363,9,1372,35
2021-03-22,Kern,029,883053,95095,93675,10245,103920,1178
2021-03-22,Kings,031,150075,22742,22433,1022,23455,236
2021-03-22,Lake,033,64148,3335,3290,8,3298,43
2021-03-22,Lassen,035,31185,5141,5129,101,5230,1
2021-03-22,Los Angeles,037,10098052,1184911,1176205,40195,1216400,22843
2021-03-22,Madera,039,155013,16046,15904,883,16787,210
2021-03-22,Marin,041,260295,13597,13501,192,13693,221
2021-03-22,Mariposa,043,17540,391,381,5,386,5
2021-03-22,Mendocino,045,87422,3742,3653,73,3726,45
2021-03-22,Merced,047,269075,29569,29468,986,30454,413
2021-03-22,Modoc,049,8938,351,342,120,462,3
2021-03-22,Mono,051,14174,1223,1263,17,1280,3
2021-03-22,Monterey,053,433212,42444,42161,1762,43923,335
2021-03-22,Napa,055,140530,9328,9288,34,9322,77
2021-03-22,Nevada,057,99092,4248,4174,172,4346,89
2021-03-22,Orange,059,3164182,250479,248517,10655,259172,4599
2021-03-22,Placer,061,380077,21373,20543,1214,21757,242
2021-03-22,Plumas,063,18699,666,652,10,662,4
2021-03-22,Riverside,065,2383286,288945,282242,13666,295908,4009
2021-03-22,Sacramento,067,1510023,97965,96385,1372,97757,1493
2021-03-22,San Benito,069,59416,5847,5844,92,5936,61
2021-03-22,San Bernardino,071,2135413,288711,284771,8722,293493,4107
2021-03-22,San Diego,073,3302833,269587,267913,13354,281267,3494
2021-03-22,San Francisco,075,870044,35063,35040,1183,36223,462
2021-03-22,San Joaquin,077,732212,69202,67815,3064,70879,1182
2021-03-22,San Luis Obispo,079,281455,20340,20000,620,20620,250
2021-03-22,San Mateo,081,765935,40532,40024,429,40453,348
2021-03-22,Santa Barbara,083,443738,33164,32756,1090,33846,437
2021-03-22,Santa Clara,085,1922200,113481,113575,645,114220,1845
2021-03-22,Santa Cruz,087,273765,15744,15077,799,15876,201
2021-03-22,Shasta,089,179085,11217,11218,1328,12546,150
2021-03-22,Sierra,091,2930,55,50,12,62,0
2021-03-22,Siskiyou,093,43540,1559,1487,257,1744,5
2021-03-22,Solano,095,438530,30634,30490,402,30892,171
2021-03-22,Sonoma,097,501317,28902,29010,254,29264,310
2021-03-22,Stanislaus,099,539301,52611,52083,5558,57641,677
2021-03-22,Sutter,101,95872,9052,9024,81,9105,104
2021-03-22,Tehama,103,63373,4741,4704,509,5213,45
2021-03-22,Trinity,105,12862,475,310,84,394,3
2021-03-22,Tulare,107,460477,49155,48074,8535,56609,807
2021-03-22,Tuolumne,109,53932,3889,3954,36,3990,57
2021-03-22,Ventura,111,848112,79590,78890,2865,81755,927
2021-03-22,Yolo,113,214977,13268,13243,242,13485,190
2021-03-22,Yuba,115,75493,5682,5627,95,5722,42
2021-03-21,Alameda,001,1643700,83229,82684,1784,84468,1187
2021-03-21,Alpine,003,1148,84,83,0,83,0
2021-03-21,Amador,005,37829,3539,3519,32,3551,44
2021-03-21,Butte,007,227075,11609,11208,1656,12864,185
2021-03-21,Calaveras,009,45235,1983,1962,12,1974,49
2021-03-21,Colusa,011,21464,1886,1885,272,2157,13
2021-03-21,Contra Costa,013,1133247,65248,64382,1125,65507,740
2021-03-21,Del Norte,015,27424,1136,1076,7,1083,6
2021-03-21,El Dorado,017,186661,9377,9302,600,9902,105
2021-03-21,Fresno,019,978130,99195,98211,8172,106383,1556
2021-03-21,Glenn,021,27897,2325,2288,523,2811,17
2021-03-21,Humboldt,023,135768,3422,3402,24,3426,34
2021-03-21,Imperial,025,180216,27517,27267,2594,29861,699
2021-03-21,Inyo,027,18085,1367,1363,9,1372,35
2021-03-21,Kern,029,883053,95029,93649,10236,103885,1170
2021-03-21,Kings,031,150075,22725,22422,1022,23444,236
2021-03-21,Lake,033,64148,3331,3286,8,3294,43
2021-03-21,Lassen,035,31185,5141,5129,101,5230,1
2021-03-21,Los Angeles,037,10098052,1184377,1175684,40148,1215832,22834
2021-03-21,Madera,039,155013,16026,15895,881,16776,210
2021-03-21,Marin,041,260295,13581,13495,191,13686,220
2021-03-21,Mariposa,043,17540,391,381,5,386,5
2021-03-21,Mendocino,045,87422,3739,3651,73,3724,45
2021-03-21,Merced,047,269075,29509,29446,980,30426,413
2021-03-21,Modoc,049,8938,351,341,120,461,3
2021-03-21,Mono,051,14174,1218,1263,17,1280,3
2021-03-21,Monterey,053,433212,42419,42153,1759,43912,335
2021-03-21,Napa,055,140530,9308,9282,34,9316,77
2021-03-21,Nevada,057,99092,4235,4169,172,4341,89
2021-03-21,Orange,059,3164182,250345,248442,10629,259071,4598
2021-03-21,Placer,061,380077,21337,20520,1206,21726,242
2021-03-21,Plumas,063,18699,666,653,10,663,4
2021-03-21,Riverside,065,2383286,288838,282187,13655,295842,4009
2021-03-21,Sacramento,067,1510023,97771,96269,1365,97634,1489
2021-03-21,San Benito,069,59416,5841,5842,92,5934,61
2021-03-21,San Bernardino,071,2135413,288621,284732,8716,293448,4094
2021-03-21,San Diego,073,3302833,269327,267724,13328,281052,3494
2021-03-21,San Francisco,075,870044,35016,35012,1176,36188,460
2021-03-21,San Joaquin,077,732212,69080,67729,3046,70775,1182
2021-03-21,San Luis Obispo,079,281455,20308,19979,618,20597,250
2021-03-21,San Mateo,081,765935,40487,39988,428,40416,344
2021-03-21,Santa Barbara,083,443738,33125,32743,1089,33832,437
2021-03-21,Santa Clara,085,1922200,113352,113487,642,114129,1840
2021-03-21,Santa Cruz,087,273765,15737,15064,799,15863,199
2021-03-21,Shasta,089,179085,11197,11215,1327,12542,150
2021-03-21,Sierra,091,2930,55,50,12,62,0
2021-03-21,Siskiyou,093,43540,1559,1486,256,1742,5
2021-03-21,Solano,095,438530,30594,30474,399,30873,171
2021-03-21,Sonoma,097,501317,28873,28986,253,29239,310
2021-03-21,Stanislaus,099,539301,52521,52014,5556,57570,677
2021-03-21,Sutter,101,95872,9039,9021,81,9102,104
2021-03-21,Tehama,103,63373,4737,4701,509,5210,45
2021-03-21,Trinity,105,12862,473,310,84,394,3
2021-03-21,Tulare,107,460477,49139,48060,8523,56583,807
2021-03-21,Tuolumne,109,53932,3887,3953,36,3989,57
2021-03-21,Ventura,111,848112,79527,78863,2860,81723,927
2021-03-21,Yolo,113,214977,13247,13235,242,13477,190
2021-03-21,Yuba,115,75493,5672,5624,95,5719,42
2021-03-20,Alameda,001,1643700,83161,82614,1782,84396,1178
2021-03-20,Alpine,003,1148,84,83,0,83,0
2021-03-20,Amador,005,37829,3537,3518,32,3550,44
2021-03-20,Butte,007,227075,11603,11199,1654,12853,185
2021-03-20,Calaveras,009,45235,1979,1961,12,1973,49
2021-03-20,Colusa,011,21464,1886,1883,272,2155,12
2021-03-20,Contra Costa,013,1133247,65188,64313,1125,65438,713
2021-03-20,Del Norte,015,27424,1135,1075,7,1082,6
2021-03-20,El Dorado,017,186661,9371,9290,600,9890,105
2021-03-20,Fresno,019,978130,99135,98112,8165,106277,1532
2021-03-20,Glenn,021,27897,2324,2288,521,2809,17
2021-03-20,Humboldt,023,135768,3415,3399,24,3423,33
2021-03-20,Imperial,025,180216,27511,27239,2592,29831,695
2021-03-20,Inyo,027,18085,1367,1362,9,1371,35
2021-03-20,Kern,029,883053,95000,93606,10232,103838,1155
2021-03-20,Kings,031,150075,22720,22415,1021,23436,236
2021-03-20,Lake,033,64148,3327,3280,8,3288,43
2021-03-20,Lassen,035,31185,5141,5128,101,5229,1
2021-03-20,Los Angeles,037,10098052,1184075,1175290,40124,1215414,22810
2021-03-20,Madera,039,155013,16018,15891,880,16771,210
2021-03-20,Marin,041,260295,13569,13470,187,13657,220
2021-03-20,Mariposa,043,17540,390,381,5,386,5
2021-03-20,Mendocino,045,87422,3738,3639,73,3712,43
2021-03-20,Merced,047,269075,29478,29411,977,30388,412
2021-03-20,Modoc,049,8938,350,341,120,461,3
2021-03-20,Mono,051,14174,1218,1256,17,1273,3
2021-03-20,Monterey,053,433212,42410,42146,1758,43904,334
2021-03-20,Napa,055,140530,9300,9274,34,9308,77
2021-03-20,Nevada,057,99092,4224,4164,171,4335,89
2021-03-20,Orange,059,3164182,250264,248348,10617,258965,4522
2021-03-20,Placer,061,380077,21314,20505,1204,21709,242
2021-03-20,Plumas,063,18699,663,652,10,662,4
2021-03-20,Riverside,065,2383286,288763,282081,13651,295732,4000
2021-03-20,Sacramento,067,1510023,97660,96126,1362,97488,1488
2021-03-20,San Benito,069,59416,5837,5840,92,5932,61
2021-03-20,San Bernardino,071,2135413,288556,284690,8712,293402,3965
2021-03-20,San Diego,073,3302833,269156,267532,13321,280853,3493
2021-03-20,San Francisco,075,870044,34993,34968,1169,36137,453
2021-03-20,San Joaquin,077,732212,69039,67662,3039,70701,1161
2021-03-20,San Luis Obispo,079,281455,20292,19951,612,20563,250
2021-03-20,San Mateo,081,765935,40453,39958,427,40385,344
2021-03-20,Santa Barbara,083,443738,33100,32723,1088,33811,434
2021-03-20,Santa Clara,085,1922200,113260,113384,641,114025,1799
2021-03-20,Santa Cruz,087,273765,15721,15053,799,15852,199
2021-03-20,Shasta,089,179085,11191,11211,1327,12538,147
2021-03-20,Sierra,091,2930,55,50,12,62,0
2021-03-20,Siskiyou,093,43540,1559,1483,256,1739,5
2021-03-20,Solano,095,438530,30564,30439,399,30838,170
2021-03-20,Sonoma,097,501317,28858,28962,253,29215,309
2021-03-20,Stanislaus,099,539301,52465,51925,5549,57474,673
2021-03-20,Sutter,101,95872,9031,9014,81,9095,103
2021-03-20,Tehama,103,63373,4732,4696,507,5203,33
2021-03-20,Trinity,105,12862,472,310,84,394,3
2021-03-20,Tulare,107,460477,49124,48030,8506,56536,804
2021-03-20,Tuolumne,109,53932,3884,3950,36,3986,57
2021-03-20,Ventura,111,848112,79492,78818,2858,81676,922
2021-03-20,Yolo,113,214977,13243,13226,242,13468,190
2021-03-20,Yuba,115,75493,5669,5621,94,5715,42
2021-03-19,Alameda,001,1643700,83089,82499,1781,84280,1187
2021-03-19,Alpine,003,1148,83,82,0,82,0
2021-03-19,Amador,005,37829,3534,3515,32,3547,44
2021-03-19,Butte,007,227075,11595,11191,1651,12842,185
2021-03-19,Calaveras,009,45235,1978,1957,12,1969,49
2021-03-19,Colusa,011,21464,1885,1883,272,2155,12
2021-03-19,Contra Costa,013,1133247,65129,64195,1122,65317,737
2021-03-19,Del Norte,015,27424,1129,1071,5,1076,6
2021-03-19,El Dorado,017,186661,9362,9274,600,9874,105
2021-03-19,Fresno,019,978130,99051,97969,8151,106120,1527
2021-03-19,Glenn,021,27897,2324,2282,521,2803,17
2021-03-19,Humboldt,023,135768,3406,3388,24,3412,33
2021-03-19,Imperial,025,180216,27499,27218,2588,29806,695
2021-03-19,Inyo,027,18085,1365,1356,9,1365,35
2021-03-19,Kern,029,883053,94967,93534,10219,103753,1152
2021-03-19,Kings,031,150075,22711,22369,1018,23387,235
2021-03-19,Lake,033,64148,3321,3262,8,3270,43
2021-03-19,Lassen,035,31185,5141,5126,101,5227,1
2021-03-19,Los Angeles,037,10098052,1183740,1174818,40107,1214925,22752
2021-03-19,Madera,039,155013,16011,15877,879,16756,210
2021-03-19,Marin,041,260295,13557,13441,187,13628,220
2021-03-19,Mariposa,043,17540,389,380,5,385,5
2021-03-19,Mendocino,045,87422,3737,3639,73,3712,45
2021-03-19,Merced,047,269075,29451,29376,974,30350,412
2021-03-19,Modoc,049,8938,350,341,120,461,3
2021-03-19,Mono,051,14174,1216,1244,17,1261,3
2021-03-19,Monterey,053,433212,42401,42125,1756,43881,335
2021-03-19,Napa,055,140530,9288,9256,34,9290,77
2021-03-19,Nevada,057,99092,4213,4156,171,4327,88
2021-03-19,Orange,059,3164182,250164,248146,10607,258753,4501
2021-03-19,Placer,061,380077,21296,20451,1202,21653,242
2021-03-19,Plumas,063,18699,663,650,10,660,4
2021-03-19,Riverside,065,2383286,288680,281937,13646,295583,3989
2021-03-19,Sacramento,067,1510023,97557,95934,1359,97293,1486
2021-03-19,San Benito,069,59416,5837,5845,92,5937,61
2021-03-19,San Bernardino,071,2135413,288483,284501,8710,293211,4017
2021-03-19,San Diego,073,3302833,269021,267173,13311,280484,3491
2021-03-19,San Francisco,075,870044,34948,34936,1166,36102,461
2021-03-19,San Joaquin,077,732212,68969,67515,3025,70540,1180
2021-03-19,San Luis Obispo,079,281455,20272,19913,610,20523,249
2021-03-19,San Mateo,081,765935,40429,39893,427,40320,344
2021-03-19,Santa Barbara,083,443738,33070,32685,1087,33772,435
2021-03-19,Santa Clara,085,1922200,113185,113232,640,113872,1797
2021-03-19,Santa Cruz,087,273765,15714,15026,799,15825,199
2021-03-19,Shasta,089,179085,11184,11104,1325,12429,103
2021-03-19,Sierra,091,2930,54,49,12,61,0
2021-03-19,Siskiyou,093,43540,1559,1480,255,1735,5
2021-03-19,Solano,095,438530,30534,30395,397,30792,172
2021-03-19,Sonoma,097,501317,28837,28932,251,29183,292
2021-03-19,Stanislaus,099,539301,52407,51755,5546,57301,679
2021-03-19,Sutter,101,95872,9029,9005,81,9086,103
2021-03-19,Tehama,103,63373,4725,4685,507,5192,33
2021-03-19,Trinity,105,12862,472,310,84,394,3
2021-03-19,Tulare,107,460477,49101,47989,8483,56472,805
2021-03-19,Tuolumne,109,53932,3881,3946,36,3982,57
2021-03-19,Ventura,111,848112,79459,78753,2854,81607,920
2021-03-19,Yolo,113,214977,13235,13197,242,13439,189
2021-03-19,Yuba,115,75493,5666,5615,93,5708,42
2021-03-18,Alameda,001,1643700,83009,82419,1778,84197,1189
2021-03-18,Alpine,003,1148,83,82,0,82,0
2021-03-18,Amador,005,37829,3530,3513,32,3545,44
2021-03-18,Butte,007,227075,11584,11179,1649,12828,185
2021-03-18,Calaveras,009,45235,1976,1954,12,1966,49
2021-03-18,Colusa,011,21464,1885,1882,272,2154,12
2021-03-18,Contra Costa,013,1133247,65056,64103,1119,65222,739
2021-03-18,Del Norte,015,27424,1120,1059,5,1064,6
2021-03-18,El Dorado,017,186661,9349,9261,599,9860,105
2021-03-18,Fresno,019,978130,98954,97856,8136,105992,1527
2021-03-18,Glenn,021,27897,2320,2275,520,2795,17
2021-03-18,Humboldt,023,135768,3398,3381,24,3405,34
2021-03-18,Imperial,025,180216,27484,27190,2583,29773,695
2021-03-18,Inyo,027,18085,1362,1354,9,1363,35
2021-03-18,Kern,029,883053,94910,93458,10205,103663,1158
2021-03-18,Kings,031,150075,22704,22354,1017,23371,235
2021-03-18,Lake,033,64148,3318,3260,8,3268,43
2021-03-18,Lassen,035,31185,5140,5126,101,5227,1
2021-03-18,Los Angeles,037,10098052,1183307,1174205,40078,1214283,22689
2021-03-18,Madera,039,155013,15999,15860,876,16736,211
2021-03-18,Marin,041,260295,13539,13435,186,13621,219
2021-03-18,Mariposa,043,17540,387,380,5,385,5
2021-03-18,Mendocino,045,87422,3727,3630,73,3703,45
2021-03-18,Merced,047,269075,29416,29317,974,30291,410
2021-03-18,Modoc,049,8938,350,341,120,461,3
2021-03-18,Mono,051,14174,1212,1215,16,1231,3
2021-03-18,Monterey,053,433212,42389,42105,1756,43861,335
2021-03-18,Napa,055,140530,9279,9243,34,9277,77
2021-03-18,Nevada,057,99092,4206,4154,171,4325,74
2021-03-18,Orange,059,3164182,250061,248050,10594,258644,4514
2021-03-18,Placer,061,380077,21264,20421,1199,21620,243
2021-03-18,Plumas,063,18699,661,648,10,658,4
2021-03-18,Riverside,065,2383286,288599,281789,13639,295428,3957
2021-03-18,Sacramento,067,1510023,97409,95819,1355,97174,1481
2021-03-18,San Benito,069,59416,5835,5842,92,5934,61
2021-03-18,San Bernardino,071,2135413,288402,284294,8680,292974,4076
2021-03-18,San Diego,073,3302833,268868,266752,13301,280053,3478
2021-03-18,San Francisco,075,870044,34909,34904,1165,36069,461
2021-03-18,San Joaquin,077,732212,68869,67301,3013,70314,1169
2021-03-18,San Luis Obispo,079,281455,20243,19894,609,20503,249
2021-03-18,San Mateo,081,765935,40388,39874,427,40301,344
2021-03-18,Santa Barbara,083,443738,33029,32640,1087,33727,434
2021-03-18,Santa Clara,085,1922200,113068,113119,636,113755,1808
2021-03-18,Santa Cruz,087,273765,15704,14998,799,15797,198
2021-03-18,Shasta,089,179085,11170,11059,1323,12382,100
2021-03-18,Sierra,091,2930,54,49,12,61,0
2021-03-18,Siskiyou,093,43540,1556,1480,254,1734,5
2021-03-18,Solano,095,438530,30492,30352,394,30746,172
2021-03-18,Sonoma,097,501317,28816,28915,249,29164,292
2021-03-18,Stanislaus,099,539301,52336,51615,5542,57157,682
2021-03-18,Sutter,101,95872,9017,8999,81,9080,103
2021-03-18,Tehama,103,63373,4719,4683,506,5189,35
2021-03-18,Trinity,105,12862,472,310,84,394,3
2021-03-18,Tulare,107,460477,49082,47964,8468,56432,805
2021-03-18,Tuolumne,109,53932,3880,3942,36,3978,57
2021-03-18,Ventura,111,848112,79399,78697,2854,81551,918
2021-03-18,Yolo,113,214977,13222,13183,242,13425,191
2021-03-18,Yuba,115,75493,5662,5612,93,5705,42
2021-03-17,Alameda,001,1643700,82933,82353,1773,84126,1185
2021-03-17,Alpine,003,1148,83,82,0,82,0
2021-03-17,Amador,005,37829,3528,3511,32,3543,44
2021-03-17,Butte,007,227075,11575,11170,1647,12817,185
2021-03-17,Calaveras,009,45235,1973,1946,12,1958,49
2021-03-17,Colusa,011,21464,1884,1882,272,2154,12
2021-03-17,Contra Costa,013,1133247,64987,64026,1118,65144,737
2021-03-17,Del Norte,015,27424,1116,1053,5,1058,6
2021-03-17,El Dorado,017,186661,9339,9252,599,9851,105
2021-03-17,Fresno,019,978130,98843,97727,8118,105845,1507
2021-03-17,Glenn,021,27897,2313,2269,519,2788,17
2021-03-17,Humboldt,023,135768,3390,3365,24,3389,33
2021-03-17,Imperial,025,180216,27467,27168,2580,29748,691
2021-03-17,Inyo,027,18085,1360,1351,9,1360,35
2021-03-17,Kern,029,883053,94854,93392,10192,103584,1149
2021-03-17,Kings,031,150075,22688,22336,1016,23352,233
2021-03-17,Lake,033,64148,3311,3251,8,3259,43
2021-03-17,Lassen,035,31185,5139,5125,101,5226,1
2021-03-17,Los Angeles,037,10098052,1182854,1173416,40045,1213461,22602
2021-03-17,Madera,039,155013,15992,15835,876,16711,214
2021-03-17,Marin,041,260295,13522,13428,185,13613,218
2021-03-17,Mariposa,043,17540,387,379,5,384,5
2021-03-17,Mendocino,045,87422,3723,3625,73,3698,44
2021-03-17,Merced,047,269075,29388,29250,970,30220,408
2021-03-17,Modoc,049,8938,350,341,120,461,3
2021-03-17,Mono,051,14174,1210,1212,16,1228,3
2021-03-17,Monterey,053,433212,42371,42061,1753,43814,334
2021-03-17,Napa,055,140530,9264,9219,34,9253,76
2021-03-17,Nevada,057,99092,4196,4145,171,4316,74
2021-03-17,Orange,059,3164182,249942,247943,10566,258509,4502
2021-03-17,Placer,061,380077,21237,20369,1197,21566,243
2021-03-17,Plumas,063,18699,660,645,10,655,4
2021-03-17,Riverside,065,2383286,288483,281649,13631,295280,3925
2021-03-17,Sacramento,067,1510023,97281,95650,1350,97000,1477
2021-03-17,San Benito,069,59416,5832,5841,92,5933,61
2021-03-17,San Bernardino,071,2135413,288285,284170,8675,292845,4049
2021-03-17,San Diego,073,3302833,268657,266313,13283,279596,3470
2021-03-17,San Francisco,075,870044,34874,34873,1164,36037,457
2021-03-17,San Joaquin,077,732212,68784,67093,2997,70090,1164
2021-03-17,San Luis Obispo,079,281455,20220,19858,605,20463,249
2021-03-17,San Mateo,081,765935,40358,39838,426,40264,344
2021-03-17,Santa Barbara,083,443738,33007,32585,1086,33671,433
2021-03-17,Santa Clara,085,1922200,112975,112983,635,113618,1805
2021-03-17,Santa Cruz,087,273765,15696,14967,799,15766,199
2021-03-17,Shasta,089,179085,11165,11045,1320,12365,100
2021-03-17,Sierra,091,2930,54,49,12,61,0
2021-03-17,Siskiyou,093,43540,1555,1479,252,1731,5
2021-03-17,Solano,095,438530,30466,30320,392,30712,171
2021-03-17,Sonoma,097,501317,28792,28877,248,29125,292
2021-03-17,Stanislaus,099,539301,52261,51524,5535,57059,682
2021-03-17,Sutter,101,95872,9007,8982,81,9063,103
2021-03-17,Tehama,103,63373,4714,4670,506,5176,34
2021-03-17,Trinity,105,12862,472,308,84,392,3
2021-03-17,Tulare,107,460477,49062,47929,8458,56387,805
2021-03-17,Tuolumne,109,53932,3877,3938,36,3974,57
2021-03-17,Ventura,111,848112,79343,78648,2851,81499,916
2021-03-17,Yolo,113,214977,13205,13169,242,13411,190
2021-03-17,Yuba,115,75493,5659,5603,93,5696,42
2021-03-16,Alameda,001,1643700,82821,82259,1771,84030,1177
2021-03-16,Alpine,003,1148,83,82,0,82,0
2021-03-16,Amador,005,37829,3526,3510,32,3542,44
2021-03-16,Butte,007,227075,11563,11154,1646,12800,184
2021-03-16,Calaveras,009,45235,1968,1945,12,1957,49
2021-03-16,Colusa,011,21464,1883,1882,272,2154,12
2021-03-16,Contra Costa,013,1133247,64904,63951,1115,65066,736
2021-03-16,Del Norte,015,27424,1108,1048,5,1053,6
2021-03-16,El Dorado,017,186661,9324,9249,599,9848,105
2021-03-16,Fresno,019,978130,98705,97638,8096,105734,1498
2021-03-16,Glenn,021,27897,2305,2267,515,2782,17
2021-03-16,Humboldt,023,135768,3386,3351,24,3375,33
2021-03-16,Imperial,025,180216,27456,27143,2577,29720,689
2021-03-16,Inyo,027,18085,1359,1346,9,1355,35
2021-03-16,Kern,029,883053,94788,93340,10177,103517,1144
2021-03-16,Kings,031,150075,22652,22320,1015,23335,233
2021-03-16,Lake,033,64148,3303,3246,8,3254,43
2021-03-16,Lassen,035,31185,5138,5126,101,5227,1
2021-03-16,Los Angeles,037,10098052,1182321,1172676,40007,1212683,22527
2021-03-16,Madera,039,155013,15976,15822,874,16696,214
2021-03-16,Marin,041,260295,13504,13419,185,13604,218
2021-03-16,Mariposa,043,17540,384,379,5,384,5
2021-03-16,Mendocino,045,87422,3718,3623,73,3696,44
2021-03-16,Merced,047,269075,29335,29198,969,30167,407
2021-03-16,Modoc,049,8938,350,341,120,461,3
2021-03-16,Mono,051,14174,1209,1207,16,1223,3
2021-03-16,Monterey,053,433212,42352,42023,1753,43776,334
2021-03-16,Napa,055,140530,9254,9209,34,9243,75
2021-03-16,Nevada,057,99092,4187,4132,170,4302,67
2021-03-16,Orange,059,3164182,249803,247843,10547,258390,4479
2021-03-16,Placer,061,380077,21204,20339,1193,21532,240
2021-03-16,Plumas,063,18699,659,643,10,653,4
2021-03-16,Riverside,065,2383286,288369,281540,13618,295158,3893
2021-03-16,Sacramento,067,1510023,97138,95522,1346,96868,1466
2021-03-16,San Benito,069,59416,5827,5831,92,5923,61
2021-03-16,San Bernardino,071,2135413,288155,283980,8668,292648,4032
2021-03-16,San Diego,073,3302833,268425,265903,13270,279173,3462
2021-03-16,San Francisco,075,870044,34845,34833,1159,35992,456
2021-03-16,San Joaquin,077,732212,68682,66856,2984,69840,1163
2021-03-16,San Luis Obispo,079,281455,20190,19832,603,20435,248
2021-03-16,San Mateo,081,765935,40324,39806,424,40230,344
2021-03-16,Santa Barbara,083,443738,32975,32556,1085,33641,433
2021-03-16,Santa Clara,085,1922200,112857,112845,632,113477,1797
2021-03-16,Santa Cruz,087,273765,15690,14926,799,15725,199
2021-03-16,Shasta,089,179085,11149,11035,1317,12352,100
2021-03-16,Sierra,091,2930,53,49,12,61,0
2021-03-16,Siskiyou,093,43540,1552,1477,252,1729,5
2021-03-16,Solano,095,438530,30432,30298,390,30688,171
2021-03-16,Sonoma,097,501317,28759,28850,246,29096,291
2021-03-16,Stanislaus,099,539301,52181,51410,5528,56938,683
2021-03-16,Sutter,101,95872,8999,8970,81,9051,102
2021-03-16,Tehama,103,63373,4711,4660,505,5165,34
2021-03-16,Trinity,105,12862,472,308,83,391,3
2021-03-16,Tulare,107,460477,49014,47895,8450,56345,803
2021-03-16,Tuolumne,109,53932,3874,3938,36,3974,57
2021-03-16,Ventura,111,848112,79277,78671,2844,81515,916
2021-03-16,Yolo,113,214977,13190,13162,242,13404,190
2021-03-16,Yuba,115,75493,5656,5596,92,5688,42
2021-03-15,Alameda,001,1643700,82732,82159,1771,83930,1167
2021-03-15,Alpine,003,1148,83,82,0,82,0
2021-03-15,Amador,005,37829,3525,3506,32,3538,44
2021-03-15,Butte,007,227075,11550,11141,1642,12783,185
2021-03-15,Calaveras,009,45235,1967,1941,12,1953,49
2021-03-15,Colusa,011,21464,1883,1883,272,2155,12
2021-03-15,Contra Costa,013,1133247,64842,63847,1114,64961,732
2021-03-15,Del Norte,015,27424,1105,1048,5,1053,6
2021-03-15,El Dorado,017,186661,9318,9235,598,9833,103
2021-03-15,Fresno,019,978130,98578,97520,8081,105601,1496
2021-03-15,Glenn,021,27897,2300,2261,512,2773,15
2021-03-15,Humboldt,023,135768,3380,3337,24,3361,32
2021-03-15,Imperial,025,180216,27436,27122,2574,29696,684
2021-03-15,Inyo,027,18085,1359,1346,9,1355,35
2021-03-15,Kern,029,883053,94728,93266,10170,103436,1141
2021-03-15,Kings,031,150075,22635,22294,1009,23303,233
2021-03-15,Lake,033,64148,3291,3237,8,3245,43
2021-03-15,Lassen,035,31185,5138,5125,101,5226,1
2021-03-15,Los Angeles,037,10098052,1181752,1172445,39972,1212417,22477
2021-03-15,Madera,039,155013,15965,15806,872,16678,214
2021-03-15,Marin,041,260295,13498,13408,184,13592,218
2021-03-15,Mariposa,043,17540,384,376,5,381,5
2021-03-15,Mendocino,045,87422,3714,3615,73,3688,44
2021-03-15,Merced,047,269075,29297,29169,967,30136,407
2021-03-15,Modoc,049,8938,350,340,120,460,3
2021-03-15,Mono,051,14174,1208,1206,16,1222,3
2021-03-15,Monterey,053,433212,42324,42011,1750,43761,333
2021-03-15,Napa,055,140530,9243,9196,34,9230,75
2021-03-15,Nevada,057,99092,4182,4123,169,4292,66
2021-03-15,Orange,059,3164182,249690,247697,10526,258223,4481
2021-03-15,Placer,061,380077,21181,20308,1193,21501,238
2021-03-15,Plumas,063,18699,659,642,10,652,4
2021-03-15,Riverside,065,2383286,288217,281367,13608,294975,3856
2021-03-15,Sacramento,067,1510023,96985,95414,1340,96754,1463
2021-03-15,San Benito,069,59416,5824,5831,92,5923,61
2021-03-15,San Bernardino,071,2135413,288063,283815,8660,292475,4004
2021-03-15,San Diego,073,3302833,268176,265646,13254,278900,3452
2021-03-15,San Francisco,075,870044,34810,34820,1155,35975,456
2021-03-15,San Joaquin,077,732212,68578,66622,2971,69593,1140
2021-03-15,San Luis Obispo,079,281455,20159,19813,599,20412,247
2021-03-15,San Mateo,081,765935,40270,39765,424,40189,344
2021-03-15,Santa Barbara,083,443738,32952,32529,1082,33611,431
2021-03-15,Santa Clara,085,1922200,112756,112729,630,113359,1798
2021-03-15,Santa Cruz,087,273765,15684,14899,797,15696,200
2021-03-15,Shasta,089,179085,11133,11019,1312,12331,92
2021-03-15,Sierra,091,2930,53,49,12,61,0
2021-03-15,Siskiyou,093,43540,1552,1475,252,1727,5
2021-03-15,Solano,095,438530,30403,30258,389,30647,171
2021-03-15,Sonoma,097,501317,28741,28814,243,29057,285
2021-03-15,Stanislaus,099,539301,52103,51357,5521,56878,683
2021-03-15,Sutter,101,95872,8993,8962,81,9043,102
2021-03-15,Tehama,103,63373,4696,4650,504,5154,34
2021-03-15,Trinity,105,12862,472,308,83,391,3
2021-03-15,Tulare,107,460477,48984,47857,8435,56292,800
2021-03-15,Tuolumne,109,53932,3872,3937,35,3972,57
2021-03-15,Ventura,111,848112,79221,78626,2843,81469,910
2021-03-15,Yolo,113,214977,13171,13131,240,13371,190
2021-03-15,Yuba,115,75493,5651,5585,91,5676,42
2021-03-14,Alameda,001,1643700,82649,82116,1768,83884,1168
2021-03-14,Alpine,003,1148,83,82,0,82,0
2021-03-14,Amador,005,37829,3520,3504,32,3536,44
2021-03-14,Butte,007,227075,11537,11140,1638,12778,185
2021-03-14,Calaveras,009,45235,1963,1939,12,1951,49
2021-03-14,Colusa,011,21464,1883,1883,272,2155,12
2021-03-14,Contra Costa,013,1133247,64737,63808,1113,64921,731
2021-03-14,Del Norte,015,27424,1091,1048,5,1053,6
2021-03-14,El Dorado,017,186661,9308,9231,598,9829,103
2021-03-14,Fresno,019,978130,98470,97461,8063,105524,1496
2021-03-14,Glenn,021,27897,2295,2260,509,2769,15
2021-03-14,Humboldt,023,135768,3366,3335,24,3359,32
2021-03-14,Imperial,025,180216,27421,27122,2569,29691,685
2021-03-14,Inyo,027,18085,1355,1346,9,1355,35
2021-03-14,Kern,029,883053,94645,93252,10152,103404,1141
2021-03-14,Kings,031,150075,22616,22292,1007,23299,232
2021-03-14,Lake,033,64148,3286,3237,8,3245,43
2021-03-14,Lassen,035,31185,5136,5125,101,5226,1
2021-03-14,Los Angeles,037,10098052,1181183,1172100,39936,1212036,22476
2021-03-14,Madera,039,155013,15940,15804,872,16676,214
2021-03-14,Marin,041,260295,13482,13405,182,13587,218
2021-03-14,Mariposa,043,17540,382,376,5,381,5
2021-03-14,Mendocino,045,87422,3709,3613,73,3686,44
2021-03-14,Merced,047,269075,29229,29149,963,30112,407
2021-03-14,Modoc,049,8938,350,340,120,460,3
2021-03-14,Mono,051,14174,1202,1206,16,1222,3
2021-03-14,Monterey,053,433212,42300,42007,1746,43753,333
2021-03-14,Napa,055,140530,9225,9194,34,9228,75
2021-03-14,Nevada,057,99092,4176,4122,167,4289,66
2021-03-14,Orange,059,3164182,249556,247656,10506,258162,4460
2021-03-14,Placer,061,380077,21146,20288,1185,21473,238
2021-03-14,Plumas,063,18699,657,642,10,652,4
2021-03-14,Riverside,065,2383286,288059,281332,13600,294932,3845
2021-03-14,Sacramento,067,1510023,96807,95343,1335,96678,1462
2021-03-14,San Benito,069,59416,5815,5829,92,5921,61
2021-03-14,San Bernardino,071,2135413,287939,283791,8649,292440,3996
2021-03-14,San Diego,073,3302833,267941,265468,13241,278709,3452
2021-03-14,San Francisco,075,870044,34771,34810,1152,35962,455
2021-03-14,San Joaquin,077,732212,68450,66563,2954,69517,1140
2021-03-14,San Luis Obispo,079,281455,20130,19806,597,20403,247
2021-03-14,San Mateo,081,765935,40231,39744,424,40168,342
2021-03-14,Santa Barbara,083,443738,32908,32514,1080,33594,431
2021-03-14,Santa Clara,085,1922200,112628,112648,629,113277,1796
2021-03-14,Santa Cruz,087,273765,15667,14887,795,15682,200
2021-03-14,Shasta,089,179085,11117,11019,1305,12324,92
2021-03-14,Sierra,091,2930,53,49,12,61,0
2021-03-14,Siskiyou,093,43540,1549,1473,252,1725,5
2021-03-14,Solano,095,438530,30371,30230,384,30614,171
2021-03-14,Sonoma,097,501317,28706,28798,239,29037,284
2021-03-14,Stanislaus,099,539301,51983,51306,5513,56819,690
2021-03-14,Sutter,101,95872,8977,8958,81,9039,102
2021-03-14,Tehama,103,63373,4689,4650,503,5153,34
2021-03-14,Trinity,105,12862,471,308,82,390,3
2021-03-14,Tulare,107,460477,48951,47845,8414,56259,800
2021-03-14,Tuolumne,109,53932,3870,3937,35,3972,57
2021-03-14,Ventura,111,848112,79173,78611,2837,81448,910
2021-03-14,Yolo,113,214977,13149,13128,236,13364,189
2021-03-14,Yuba,115,75493,5641,5583,91,5674,42
2021-03-13,Alameda,001,1643700,82589,82010,1768,83778,1168
2021-03-13,Alpine,003,1148,83,82,0,82,0
2021-03-13,Amador,005,37829,3517,3504,32,3536,44
2021-03-13,Butte,007,227075,11528,11131,1637,12768,185
2021-03-13,Calaveras,009,45235,1962,1939,12,1951,49
2021-03-13,Colusa,011,21464,1883,1882,272,2154,12
2021-03-13,Contra Costa,013,1133247,64676,63689,1113,64802,731
2021-03-13,Del Norte,015,27424,1087,1041,5,1046,6
2021-03-13,El Dorado,017,186661,9300,9221,598,9819,103
2021-03-13,Fresno,019,978130,98411,97324,8043,105367,1495
2021-03-13,Glenn,021,27897,2294,2260,508,2768,15
2021-03-13,Humboldt,023,135768,3359,3325,24,3349,32
2021-03-13,Imperial,025,180216,27415,27099,2565,29664,677
2021-03-13,Inyo,027,18085,1354,1344,9,1353,35
2021-03-13,Kern,029,883053,94606,93197,10146,103343,1140
2021-03-13,Kings,031,150075,22600,22265,1006,23271,232
2021-03-13,Lake,033,64148,3279,3234,7,3241,43
2021-03-13,Lassen,035,31185,5136,5125,101,5226,1
2021-03-13,Los Angeles,037,10098052,1180867,1171505,39893,1211398,22451
2021-03-13,Madera,039,155013,15928,15780,872,16652,214
2021-03-13,Marin,041,260295,13476,13391,180,13571,218
2021-03-13,Mariposa,043,17540,381,376,5,381,5
2021-03-13,Mendocino,045,87422,3705,3611,73,3684,44
2021-03-13,Merced,047,269075,29198,29106,963,30069,406
2021-03-13,Modoc,049,8938,350,340,119,459,3
2021-03-13,Mono,051,14174,1202,1207,16,1223,3
2021-03-13,Monterey,053,433212,42290,41989,1744,43733,332
2021-03-13,Napa,055,140530,9219,9190,34,9224,75
2021-03-13,Nevada,057,99092,4169,4111,166,4277,66
2021-03-13,Orange,059,3164182,249475,247514,10490,258004,4423
2021-03-13,Placer,061,380077,21125,20238,1182,21420,239
2021-03-13,Plumas,063,18699,655,642,10,652,4
2021-03-13,Riverside,065,2383286,287967,281191,13592,294783,3848
2021-03-13,Sacramento,067,1510023,96721,95192,1333,96525,1461
2021-03-13,San Benito,069,59416,5812,5823,92,5915,61
2021-03-13,San Bernardino,071,2135413,287884,283727,8643,292370,3972
2021-03-13,San Diego,073,3302833,267786,265270,13227,278497,3444
2021-03-13,San Francisco,075,870044,34754,34784,1143,35927,455
2021-03-13,San Joaquin,077,732212,68394,66480,2932,69412,1141
2021-03-13,San Luis Obispo,079,281455,20112,19789,596,20385,247
2021-03-13,San Mateo,081,765935,40204,39689,423,40112,341
2021-03-13,Santa Barbara,083,443738,32883,32486,1079,33565,431
2021-03-13,Santa Clara,085,1922200,112543,112531,628,113159,1790
2021-03-13,Santa Cruz,087,273765,15660,14875,795,15670,199
2021-03-13,Shasta,089,179085,11109,11021,1302,12323,108
2021-03-13,Sierra,091,2930,52,49,12,61,0
2021-03-13,Siskiyou,093,43540,1547,1470,252,1722,5
2021-03-13,Solano,095,438530,30354,30198,384,30582,171
2021-03-13,Sonoma,097,501317,28686,28762,235,28997,285
2021-03-13,Stanislaus,099,539301,51932,51257,5508,56765,695
2021-03-13,Sutter,101,95872,8970,8948,81,9029,102
2021-03-13,Tehama,103,63373,4687,4647,503,5150,33
2021-03-13,Trinity,105,12862,471,306,82,388,3
2021-03-13,Tulare,107,460477,48925,47818,8406,56224,798
2021-03-13,Tuolumne,109,53932,3867,3937,35,3972,57
2021-03-13,Ventura,111,848112,79121,78693,2837,81530,906
2021-03-13,Yolo,113,214977,13141,13087,235,13322,189
2021-03-13,Yuba,115,75493,5640,5577,91,5668,42
2021-03-12,Alameda,001,1643700,82512,81898,1767,83665,1164
2021-03-12,Alpine,003,1148,83,82,0,82,0
2021-03-12,Amador,005,37829,3514,3503,32,3535,44
2021-03-12,Butte,007,227075,11518,11126,1635,12761,184
2021-03-12,Calaveras,009,45235,1962,1916,12,1928,49
2021-03-12,Colusa,011,21464,1883,1883,272,2155,12
2021-03-12,Contra Costa,013,1133247,64600,63583,1113,64696,728
2021-03-12,Del Norte,015,27424,1081,1033,5,1038,6
2021-03-12,El Dorado,017,186661,9291,9219,598,9817,103
2021-03-12,Fresno,019,978130,98314,97185,8032,105217,1489
2021-03-12,Glenn,021,27897,2293,2258,507,2765,15
2021-03-12,Humboldt,023,135768,3354,3315,24,3339,32
2021-03-12,Imperial,025,180216,27404,27071,2563,29634,677
2021-03-12,Inyo,027,18085,1352,1339,9,1348,35
2021-03-12,Kern,029,883053,94572,93142,10130,103272,1132
2021-03-12,Kings,031,150075,22581,22233,1006,23239,232
2021-03-12,Lake,033,64148,3273,3226,6,3232,43
2021-03-12,Lassen,035,31185,5136,5125,100,5225,1
2021-03-12,Los Angeles,037,10098052,1180468,1170860,39876,1210736,22409
2021-03-12,Madera,039,155013,15916,15761,869,16630,214
2021-03-12,Marin,041,260295,13469,13375,180,13555,218
2021-03-12,Mariposa,043,17540,379,376,5,381,5
2021-03-12,Mendocino,045,87422,3702,3605,73,3678,43
2021-03-12,Merced,047,269075,29167,29064,963,30027,403
2021-03-12,Modoc,049,8938,350,340,119,459,3
2021-03-12,Mono,051,14174,1201,1206,16,1222,3
2021-03-12,Monterey,053,433212,42276,41964,1739,43703,329
2021-03-12,Napa,055,140530,9210,9180,34,9214,75
2021-03-12,Nevada,057,99092,4159,4101,166,4267,66
2021-03-12,Orange,059,3164182,249382,247388,10479,257867,4401
2021-03-12,Placer,061,380077,21092,20210,1177,21387,239
2021-03-12,Plumas,063,18699,654,641,10,651,4
2021-03-12,Riverside,065,2383286,287868,281037,13584,294621,3854
2021-03-12,Sacramento,067,1510023,96597,95061,1326,96387,1460
2021-03-12,San Benito,069,59416,5809,5817,92,5909,61
2021-03-12,San Bernardino,071,2135413,287827,283558,8638,292196,3917
2021-03-12,San Diego,073,3302833,267623,264886,13219,278105,3434
2021-03-12,San Francisco,075,870044,34733,34758,1140,35898,452
2021-03-12,San Joaquin,077,732212,68323,66482,2923,69405,1144
2021-03-12,San Luis Obispo,079,281455,20098,19769,594,20363,247
2021-03-12,San Mateo,081,765935,40168,39638,421,40059,341
2021-03-12,Santa Barbara,083,443738,32860,32457,1076,33533,429
2021-03-12,Santa Clara,085,1922200,112448,112396,627,113023,1766
2021-03-12,Santa Cruz,087,273765,15648,14846,793,15639,195
2021-03-12,Shasta,089,179085,11100,11143,1300,12443,153
2021-03-12,Sierra,091,2930,52,49,12,61,0
2021-03-12,Siskiyou,093,43540,1547,1468,251,1719,5
2021-03-12,Solano,095,438530,30335,30180,383,30563,171
2021-03-12,Sonoma,097,501317,28659,28714,235,28949,285
2021-03-12,Stanislaus,099,539301,51874,51146,5501,56647,701
2021-03-12,Sutter,101,95872,8964,8940,81,9021,101
2021-03-12,Tehama,103,63373,4683,4638,502,5140,33
2021-03-12,Trinity,105,12862,470,306,81,387,3
2021-03-12,Tulare,107,460477,48900,47772,8400,56172,798
2021-03-12,Tuolumne,109,53932,3866,3936,35,3971,57
2021-03-12,Ventura,111,848112,79075,78698,2833,81531,899
2021-03-12,Yolo,113,214977,13131,13061,228,13289,189
2021-03-12,Yuba,115,75493,5633,5563,90,5653,42
2021-03-11,Alameda,001,1643700,82420,81809,1762,83571,1164
2021-03-11,Alpine,003,1148,83,78,0,78,0
2021-03-11,Amador,005,37829,3513,3498,32,3530,42
2021-03-11,Butte,007,227075,11507,11110,1633,12743,185
2021-03-11,Calaveras,009,45235,1959,1915,12,1927,49
2021-03-11,Colusa,011,21464,1883,1883,272,2155,12
2021-03-11,Contra Costa,013,1133247,64527,63469,1111,64580,728
2021-03-11,Del Norte,015,27424,1076,1027,5,1032,6
2021-03-11,El Dorado,017,186661,9277,9211,598,9809,101
2021-03-11,Fresno,019,978130,98198,97026,8003,105029,1481
2021-03-11,Glenn,021,27897,2290,2255,507,2762,15
2021-03-11,Humboldt,023,135768,3337,3302,24,3326,32
2021-03-11,Imperial,025,180216,27397,27045,2559,29604,675
2021-03-11,Inyo,027,18085,1347,1335,9,1344,35
2021-03-11,Kern,029,883053,94516,93052,10091,103143,1121
2021-03-11,Kings,031,150075,22566,22183,1003,23186,230
2021-03-11,Lake,033,64148,3269,3214,6,3220,42
2021-03-11,Lassen,035,31185,5135,5124,100,5224,1
2021-03-11,Los Angeles,037,10098052,1179936,1170111,39844,1209955,22316
2021-03-11,Madera,039,155013,15905,15725,867,16592,214
2021-03-11,Marin,041,260295,13457,13356,179,13535,217
2021-03-11,Mariposa,043,17540,379,376,5,381,5
2021-03-11,Mendocino,045,87422,3695,3604,73,3677,42
2021-03-11,Merced,047,269075,29119,29001,962,29963,401
2021-03-11,Modoc,049,8938,350,340,119,459,3
2021-03-11,Mono,051,14174,1200,1206,16,1222,3
2021-03-11,Monterey,053,433212,42253,41936,1733,43669,329
2021-03-11,Napa,055,140530,9197,9173,34,9207,75
2021-03-11,Nevada,057,99092,4147,4085,164,4249,66
2021-03-11,Orange,059,3164182,249244,247217,10461,257678,4373
2021-03-11,Placer,061,380077,21050,20178,1173,21351,239
2021-03-11,Plumas,063,18699,653,640,10,650,4
2021-03-11,Riverside,065,2383286,287698,280881,13571,294452,3842
2021-03-11,Sacramento,067,1510023,96456,94912,1323,96235,1455
2021-03-11,San Benito,069,59416,5806,5816,92,5908,61
2021-03-11,San Bernardino,071,2135413,287729,283312,8632,291944,3869
2021-03-11,San Diego,073,3302833,267459,264524,13203,277727,3422
2021-03-11,San Francisco,075,870044,34697,34722,1134,35856,452
2021-03-11,San Joaquin,077,732212,68211,66522,2915,69437,1157
2021-03-11,San Luis Obispo,079,281455,20073,19748,593,20341,247
2021-03-11,San Mateo,081,765935,40131,39590,420,40010,341
2021-03-11,Santa Barbara,083,443738,32832,32408,1071,33479,430
2021-03-11,Santa Clara,085,1922200,112319,112246,624,112870,1765
2021-03-11,Santa Cruz,087,273765,15636,14812,792,15604,193
2021-03-11,Shasta,089,179085,11090,11139,1295,12434,158
2021-03-11,Sierra,091,2930,52,48,12,60,0
2021-03-11,Siskiyou,093,43540,1544,1466,250,1716,5
2021-03-11,Solano,095,438530,30307,30138,382,30520,171
2021-03-11,Sonoma,097,501317,28630,28677,235,28912,285
2021-03-11,Stanislaus,099,539301,51789,51038,5493,56531,707
2021-03-11,Sutter,101,95872,8958,8933,81,9014,101
2021-03-11,Tehama,103,63373,4675,4632,502,5134,33
2021-03-11,Trinity,105,12862,469,304,80,384,3
2021-03-11,Tulare,107,460477,48863,47709,8389,56098,797
2021-03-11,Tuolumne,109,53932,3864,3934,35,3969,57
2021-03-11,Ventura,111,848112,79025,78697,2829,81526,889
2021-03-11,Yolo,113,214977,13114,13041,226,13267,190
2021-03-11,Yuba,115,75493,5629,5553,90,5643,42
2021-03-10,Alameda,001,1643700,82313,81701,1757,83458,1160
2021-03-10,Alpine,003,1148,82,78,0,78,0
2021-03-10,Amador,005,37829,3511,3496,32,3528,42
2021-03-10,Butte,007,227075,11497,11096,1633,12729,185
2021-03-10,Calaveras,009,45235,1953,1913,12,1925,48
2021-03-10,Colusa,011,21464,1883,1882,272,2154,12
2021-03-10,Contra Costa,013,1133247,64428,63372,1107,64479,725
2021-03-10,Del Norte,015,27424,1074,1020,5,1025,5
2021-03-10,El Dorado,017,186661,9264,9203,598,9801,100
2021-03-10,Fresno,019,978130,98091,96866,7987,104853,1471
2021-03-10,Glenn,021,27897,2287,2253,505,2758,15
2021-03-10,Humboldt,023,135768,3327,3296,23,3319,32
2021-03-10,Imperial,025,180216,27382,27051,2559,29610,675
2021-03-10,Inyo,027,18085,1347,1328,9,1337,35
2021-03-10,Kern,029,883053,94450,92965,10070,103035,1102
2021-03-10,Kings,031,150075,22547,22166,1001,23167,226
2021-03-10,Lake,033,64148,3259,3207,6,3213,42
2021-03-10,Lassen,035,31185,5135,5120,100,5220,1
2021-03-10,Los Angeles,037,10098052,1179389,1169079,39817,1208896,22199
2021-03-10,Madera,039,155013,15884,15705,864,16569,212
2021-03-10,Marin,041,260295,13447,13348,178,13526,216
2021-03-10,Mariposa,043,17540,379,376,5,381,5
2021-03-10,Mendocino,045,87422,3690,3602,73,3675,42
2021-03-10,Merced,047,269075,29081,28927,959,29886,401
2021-03-10,Modoc,049,8938,349,338,119,457,3
2021-03-10,Mono,051,14174,1196,1204,16,1220,3
2021-03-10,Monterey,053,433212,42231,41920,1729,43649,329
2021-03-10,Napa,055,140530,9188,9165,34,9199,75
2021-03-10,Nevada,057,99092,4143,4074,164,4238,66
2021-03-10,Orange,059,3164182,249096,247075,10446,257521,4342
2021-03-10,Placer,061,380077,21016,20144,1167,21311,239
2021-03-10,Plumas,063,18699,652,639,10,649,4
2021-03-10,Riverside,065,2383286,287557,280708,13557,294265,3822
2021-03-10,Sacramento,067,1510023,96326,94796,1317,96113,1452
2021-03-10,San Benito,069,59416,5797,5811,92,5903,61
2021-03-10,San Bernardino,071,2135413,287637,283140,8626,291766,3841
2021-03-10,San Diego,073,3302833,267237,264094,13191,277285,3413
2021-03-10,San Francisco,075,870044,34662,34688,1126,35814,450
2021-03-10,San Joaquin,077,732212,68109,66483,2898,69381,1156
2021-03-10,San Luis Obispo,079,281455,20049,19710,589,20299,247
2021-03-10,San Mateo,081,765935,40107,39571,420,39991,338
2021-03-10,Santa Barbara,083,443738,32805,32356,1068,33424,429
2021-03-10,Santa Clara,085,1922200,112210,112103,620,112723,1759
2021-03-10,Santa Cruz,087,273765,15621,14790,791,15581,192
2021-03-10,Shasta,089,179085,11080,11125,1292,12417,155
2021-03-10,Sierra,091,2930,52,48,12,60,0
2021-03-10,Siskiyou,093,43540,1542,1458,250,1708,5
2021-03-10,Solano,095,438530,30277,30111,381,30492,170
2021-03-10,Sonoma,097,501317,28595,28638,234,28872,286
2021-03-10,Stanislaus,099,539301,51702,50968,5474,56442,706
2021-03-10,Sutter,101,95872,8947,8918,81,8999,101
2021-03-10,Tehama,103,63373,4664,4623,501,5124,33
2021-03-10,Trinity,105,12862,469,304,80,384,3
2021-03-10,Tulare,107,460477,48815,47659,8371,56030,793
2021-03-10,Tuolumne,109,53932,3863,3931,35,3966,57
2021-03-10,Ventura,111,848112,78948,78609,2827,81436,878
2021-03-10,Yolo,113,214977,13091,13021,225,13246,189
2021-03-10,Yuba,115,75493,5616,5545,89,5634,42
2021-03-09,Alameda,001,1643700,82228,81618,1757,83375,1151
2021-03-09,Alpine,003,1148,82,78,0,78,0
2021-03-09,Amador,005,37829,3509,3494,32,3526,42
2021-03-09,Butte,007,227075,11484,11092,1632,12724,185
2021-03-09,Calaveras,009,45235,1951,1913,12,1925,48
2021-03-09,Colusa,011,21464,1883,1880,272,2152,11
2021-03-09,Contra Costa,013,1133247,64337,63314,1105,64419,723
2021-03-09,Del Norte,015,27424,1066,1017,5,1022,5
2021-03-09,El Dorado,017,186661,9256,9198,598,9796,98
2021-03-09,Fresno,019,978130,97972,96744,7960,104704,1463
2021-03-09,Glenn,021,27897,2283,2251,503,2754,15
2021-03-09,Humboldt,023,135768,3315,3288,22,3310,32
2021-03-09,Imperial,025,180216,27372,27045,2555,29600,675
2021-03-09,Inyo,027,18085,1345,1324,9,1333,35
2021-03-09,Kern,029,883053,94371,92924,10052,102976,1088
2021-03-09,Kings,031,150075,22522,22143,999,23142,226
2021-03-09,Lake,033,64148,3253,3202,6,3208,42
2021-03-09,Lassen,035,31185,5135,5120,100,5220,1
2021-03-09,Los Angeles,037,10098052,1178791,1167967,39783,1207750,22080
2021-03-09,Madera,039,155013,15873,15701,862,16563,211
2021-03-09,Marin,041,260295,13429,13335,176,13511,214
2021-03-09,Mariposa,043,17540,379,376,5,381,5
2021-03-09,Mendocino,045,87422,3686,3595,73,3668,42
2021-03-09,Merced,047,269075,29021,28876,956,29832,399
2021-03-09,Modoc,049,8938,349,338,118,456,3
2021-03-09,Mono,051,14174,1195,1203,16,1219,3
2021-03-09,Monterey,053,433212,42212,41894,1721,43615,329
2021-03-09,Napa,055,140530,9174,9155,34,9189,75
2021-03-09,Nevada,057,99092,4135,4062,164,4226,66
2021-03-09,Orange,059,3164182,248954,246989,10426,257415,4310
2021-03-09,Placer,061,380077,20974,20122,1162,21284,239
2021-03-09,Plumas,063,18699,649,639,10,649,4
2021-03-09,Riverside,065,2383286,287422,280562,13553,294115,3821
2021-03-09,Sacramento,067,1510023,96158,94720,1311,96031,1442
2021-03-09,San Benito,069,59416,5793,5800,92,5892,61
2021-03-09,San Bernardino,071,2135413,287523,282971,8620,291591,3823
2021-03-09,San Diego,073,3302833,267005,263745,13170,276915,3405
2021-03-09,San Francisco,075,870044,34631,34654,1122,35776,450
2021-03-09,San Joaquin,077,732212,67981,66383,2888,69271,1150
2021-03-09,San Luis Obispo,079,281455,20031,19672,582,20254,245
2021-03-09,San Mateo,081,765935,40060,39535,418,39953,336
2021-03-09,Santa Barbara,083,443738,32764,32314,1066,33380,428
2021-03-09,Santa Clara,085,1922200,112099,111963,615,112578,1756
2021-03-09,Santa Cruz,087,273765,15599,14764,790,15554,188
2021-03-09,Shasta,089,179085,11073,11113,1287,12400,155
2021-03-09,Sierra,091,2930,52,48,12,60,0
2021-03-09,Siskiyou,093,43540,1538,1447,248,1695,5
2021-03-09,Solano,095,438530,30241,30090,379,30469,169
2021-03-09,Sonoma,097,501317,28545,28601,231,28832,284
2021-03-09,Stanislaus,099,539301,51604,50884,5465,56349,703
2021-03-09,Sutter,101,95872,8934,8914,81,8995,101
2021-03-09,Tehama,103,63373,4659,4620,501,5121,33
2021-03-09,Trinity,105,12862,469,304,80,384,3
2021-03-09,Tulare,107,460477,48788,47637,8350,55987,792
2021-03-09,Tuolumne,109,53932,3861,3929,35,3964,56
2021-03-09,Ventura,111,848112,78885,78526,2825,81351,863
2021-03-09,Yolo,113,214977,13079,13015,224,13239,189
2021-03-09,Yuba,115,75493,5609,5539,89,5628,42
2021-03-08,Alameda,001,1643700,82117,81543,1756,83299,1142
2021-03-08,Alpine,003,1148,82,78,0,78,0
2021-03-08,Amador,005,37829,3506,3490,32,3522,42
2021-03-08,Butte,007,227075,11471,11082,1631,12713,185
2021-03-08,Calaveras,009,45235,1947,1909,12,1921,48
2021-03-08,Colusa,011,21464,1883,1877,272,2149,11
2021-03-08,Contra Costa,013,1133247,64241,63240,1105,64345,719
2021-03-08,Del Norte,015,27424,1061,1012,5,1017,5
2021-03-08,El Dorado,017,186661,9253,9188,597,9785,97
2021-03-08,Fresno,019,978130,97873,96665,7939,104604,1442
2021-03-08,Glenn,021,27897,2282,2249,503,2752,15
2021-03-08,Humboldt,023,135768,3301,3278,22,3300,31
2021-03-08,Imperial,025,180216,27364,27033,2552,29585,663
2021-03-08,Inyo,027,18085,1343,1320,9,1329,35
2021-03-08,Kern,029,883053,94304,92857,10032,102889,1087
2021-03-08,Kings,031,150075,22501,22130,997,23127,226
2021-03-08,Lake,033,64148,3241,3195,6,3201,42
2021-03-08,Lassen,035,31185,5135,5119,100,5219,1
2021-03-08,Los Angeles,037,10098052,1178173,1163409,39751,1203160,21868
2021-03-08,Madera,039,155013,15863,15691,860,16551,211
2021-03-08,Marin,041,260295,13409,13328,174,13502,214
2021-03-08,Mariposa,043,17540,379,376,5,381,5
2021-03-08,Mendocino,045,87422,3684,3590,72,3662,42
2021-03-08,Merced,047,269075,28961,28841,955,29796,398
2021-03-08,Modoc,049,8938,349,338,118,456,3
2021-03-08,Mono,051,14174,1194,1200,16,1216,3
2021-03-08,Monterey,053,433212,42191,41863,1720,43583,328
2021-03-08,Napa,055,140530,9171,9146,34,9180,75
2021-03-08,Nevada,057,99092,4127,4059,164,4223,66
2021-03-08,Orange,059,3164182,248780,246900,10394,257294,4243
2021-03-08,Placer,061,380077,20939,20102,1151,21253,239
2021-03-08,Plumas,063,18699,648,635,10,645,4
2021-03-08,Riverside,065,2383286,287270,280463,13543,294006,3783
2021-03-08,Sacramento,067,1510023,95988,94654,1306,95960,1438
2021-03-08,San Benito,069,59416,5790,5797,92,5889,61
2021-03-08,San Bernardino,071,2135413,287413,282894,8613,291507,3811
2021-03-08,San Diego,073,3302833,266764,263272,13155,276427,3390
2021-03-08,San Francisco,075,870044,34605,34634,1118,35752,446
2021-03-08,San Joaquin,077,732212,67864,66307,2879,69186,1139
2021-03-08,San Luis Obispo,079,281455,19988,19656,579,20235,245
2021-03-08,San Mateo,081,765935,40011,39492,416,39908,335
2021-03-08,Santa Barbara,083,443738,32732,32293,1066,33359,427
2021-03-08,Santa Clara,085,1922200,111971,111882,613,112495,1756
2021-03-08,Santa Cruz,087,273765,15579,14729,790,15519,188
2021-03-08,Shasta,089,179085,11065,11088,1282,12370,155
2021-03-08,Sierra,091,2930,52,48,12,60,0
2021-03-08,Siskiyou,093,43540,1537,1440,248,1688,5
2021-03-08,Solano,095,438530,30201,30068,377,30445,169
2021-03-08,Sonoma,097,501317,28501,28571,230,28801,284
2021-03-08,Stanislaus,099,539301,51525,50825,5460,56285,690
2021-03-08,Sutter,101,95872,8931,8905,81,8986,100
2021-03-08,Tehama,103,63373,4655,4615,501,5116,33
2021-03-08,Trinity,105,12862,468,302,80,382,3
2021-03-08,Tulare,107,460477,48747,47587,8325,55912,791
2021-03-08,Tuolumne,109,53932,3860,3921,35,3956,56
2021-03-08,Ventura,111,848112,78812,78526,2817,81343,852
2021-03-08,Yolo,113,214977,13056,13000,223,13223,189
2021-03-08,Yuba,115,75493,5599,5530,89,5619,42
2021-03-07,Alameda,001,1643700,81997,81413,1755,83168,1145
2021-03-07,Alpine,003,1148,82,78,0,78,0
2021-03-07,Amador,005,37829,3503,3489,32,3521,42
2021-03-07,Butte,007,227075,11455,11075,1630,12705,185
2021-03-07,Calaveras,009,45235,1943,1906,12,1918,48
2021-03-07,Colusa,011,21464,1883,1876,272,2148,11
2021-03-07,Contra Costa,013,1133247,64142,63148,1103,64251,719
2021-03-07,Del Norte,015,27424,1056,1010,5,1015,5
2021-03-07,El Dorado,017,186661,9250,9184,596,9780,97
2021-03-07,Fresno,019,978130,97695,96549,7917,104466,1442
2021-03-07,Glenn,021,27897,2280,2244,503,2747,15
2021-03-07,Humboldt,023,135768,3291,3274,22,3296,31
2021-03-07,Imperial,025,180216,27355,27019,2550,29569,658
2021-03-07,Inyo,027,18085,1340,1320,9,1329,35
2021-03-07,Kern,029,883053,94217,92746,10002,102748,1086
2021-03-07,Kings,031,150075,22479,22103,997,23100,224
2021-03-07,Lake,033,64148,3235,3192,6,3198,42
2021-03-07,Lassen,035,31185,5134,5119,100,5219,1
2021-03-07,Los Angeles,037,10098052,1177449,1162749,39714,1202463,21857
2021-03-07,Madera,039,155013,15844,15675,860,16535,211
2021-03-07,Marin,041,260295,13401,13313,172,13485,214
2021-03-07,Mariposa,043,17540,378,376,5,381,5
2021-03-07,Mendocino,045,87422,3680,3581,72,3653,42
2021-03-07,Merced,047,269075,28887,28829,951,29780,399
2021-03-07,Modoc,049,8938,349,338,118,456,3
2021-03-07,Mono,051,14174,1192,1199,16,1215,3
2021-03-07,Monterey,053,433212,42170,41858,1717,43575,328
2021-03-07,Napa,055,140530,9161,9137,34,9171,75
2021-03-07,Nevada,057,99092,4113,4052,163,4215,66
2021-03-07,Orange,059,3164182,248589,246771,10366,257137,4218
2021-03-07,Placer,061,380077,20898,20070,1147,21217,239
2021-03-07,Plumas,063,18699,647,635,10,645,4
2021-03-07,Riverside,065,2383286,287121,280379,13534,293913,3779
2021-03-07,Sacramento,067,1510023,95811,94513,1299,95812,1437
2021-03-07,San Benito,069,59416,5783,5795,92,5887,61
2021-03-07,San Bernardino,071,2135413,287262,282860,8608,291468,3810
2021-03-07,San Diego,073,3302833,266483,262965,13131,276096,3390
2021-03-07,San Francisco,075,870044,34571,34594,1113,35707,445
2021-03-07,San Joaquin,077,732212,67728,66252,2865,69117,1139
2021-03-07,San Luis Obispo,079,281455,19951,19614,577,20191,245
2021-03-07,San Mateo,081,765935,39971,39436,413,39849,329
2021-03-07,Santa Barbara,083,443738,32685,32218,1065,33283,425
2021-03-07,Santa Clara,085,1922200,111826,111745,609,112354,1752
2021-03-07,Santa Cruz,087,273765,15557,14715,789,15504,189
2021-03-07,Shasta,089,179085,11052,11083,1274,12357,156
2021-03-07,Sierra,091,2930,51,48,12,60,0
2021-03-07,Siskiyou,093,43540,1536,1435,244,1679,5
2021-03-07,Solano,095,438530,30164,30027,377,30404,169
2021-03-07,Sonoma,097,501317,28452,28533,228,28761,284
2021-03-07,Stanislaus,099,539301,51393,50783,5443,56226,699
2021-03-07,Sutter,101,95872,8921,8900,81,8981,100
2021-03-07,Tehama,103,63373,4647,4614,500,5114,33
2021-03-07,Trinity,105,12862,468,302,80,382,3
2021-03-07,Tulare,107,460477,48688,47569,8294,55863,790
2021-03-07,Tuolumne,109,53932,3859,3922,34,3956,56
2021-03-07,Ventura,111,848112,78720,78487,2815,81302,851
2021-03-07,Yolo,113,214977,13037,12988,223,13211,189
2021-03-07,Yuba,115,75493,5594,5516,89,5605,42
2021-03-06,Alameda,001,1643700,81940,81310,1754,83064,1143
2021-03-06,Alpine,003,1148,82,78,0,78,0
2021-03-06,Amador,005,37829,3499,3487,32,3519,42
2021-03-06,Butte,007,227075,11450,11065,1629,12694,185
2021-03-06,Calaveras,009,45235,1939,1904,12,1916,48
2021-03-06,Colusa,011,21464,1881,1874,272,2146,11
2021-03-06,Contra Costa,013,1133247,64081,63040,1099,64139,719
2021-03-06,Del Norte,015,27424,1051,1000,5,1005,5
2021-03-06,El Dorado,017,186661,9246,9166,596,9762,97
2021-03-06,Fresno,019,978130,97600,96366,7906,104272,1440
2021-03-06,Glenn,021,27897,2280,2241,503,2744,15
2021-03-06,Humboldt,023,135768,3281,3260,22,3282,31
2021-03-06,Imperial,025,180216,27350,27009,2545,29554,658
2021-03-06,Inyo,027,18085,1337,1312,9,1321,35
2021-03-06,Kern,029,883053,94171,92684,9982,102666,1082
2021-03-06,Kings,031,150075,22464,22094,997,23091,224
2021-03-06,Lake,033,64148,3233,3189,6,3195,42
2021-03-06,Lassen,035,31185,5134,5119,100,5219,1
2021-03-06,Los Angeles,037,10098052,1177011,1161745,39684,1201429,21843
2021-03-06,Madera,039,155013,15835,15646,858,16504,211
2021-03-06,Marin,041,260295,13392,13289,172,13461,213
2021-03-06,Mariposa,043,17540,378,376,5,381,5
2021-03-06,Mendocino,045,87422,3678,3579,72,3651,42
2021-03-06,Merced,047,269075,28845,28771,951,29722,399
2021-03-06,Modoc,049,8938,348,338,118,456,3
2021-03-06,Mono,051,14174,1191,1198,16,1214,3
2021-03-06,Monterey,053,433212,42165,41838,1714,43552,327
2021-03-06,Napa,055,140530,9153,9129,34,9163,75
2021-03-06,Nevada,057,99092,4107,4044,163,4207,66
2021-03-06,Orange,059,3164182,248496,246634,10352,256986,4165
2021-03-06,Placer,061,380077,20875,20030,1145,21175,239
2021-03-06,Plumas,063,18699,647,634,10,644,4
2021-03-06,Riverside,065,2383286,287028,280225,13526,293751,3781
2021-03-06,Sacramento,067,1510023,95723,94332,1290,95622,1436
2021-03-06,San Benito,069,59416,5778,5793,92,5885,61
2021-03-06,San Bernardino,071,2135413,287178,282737,8606,291343,3791
2021-03-06,San Diego,073,3302833,266296,262778,13114,275892,3385
2021-03-06,San Francisco,075,870044,34540,34560,1109,35669,435
2021-03-06,San Joaquin,077,732212,67654,66162,2855,69017,1138
2021-03-06,San Luis Obispo,079,281455,19931,19592,575,20167,245
2021-03-06,San Mateo,081,765935,39946,39384,413,39797,329
2021-03-06,Santa Barbara,083,443738,32654,32176,1064,33240,424
2021-03-06,Santa Clara,085,1922200,111731,111570,606,112176,1749
2021-03-06,Santa Cruz,087,273765,15546,14701,789,15490,188
2021-03-06,Shasta,089,179085,11043,11076,1272,12348,158
2021-03-06,Sierra,091,2930,51,48,12,60,0
2021-03-06,Siskiyou,093,43540,1534,1432,244,1676,5
2021-03-06,Solano,095,438530,30135,30000,376,30376,169
2021-03-06,Sonoma,097,501317,28429,28484,226,28710,284
2021-03-06,Stanislaus,099,539301,51323,50691,5437,56128,711
2021-03-06,Sutter,101,95872,8915,8887,81,8968,100
2021-03-06,Tehama,103,63373,4645,4610,497,5107,33
2021-03-06,Trinity,105,12862,468,302,80,382,3
2021-03-06,Tulare,107,460477,48656,47515,8265,55780,789
2021-03-06,Tuolumne,109,53932,3857,3920,34,3954,56
2021-03-06,Ventura,111,848112,78664,78439,2814,81253,848
2021-03-06,Yolo,113,214977,13031,12951,223,13174,189
2021-03-06,Yuba,115,75493,5585,5504,89,5593,42
2021-03-05,Alameda,001,1643700,81854,81215,1752,82967,1141
2021-03-05,Alpine,003,1148,82,78,0,78,0
2021-03-05,Amador,005,37829,3498,3484,32,3516,42
2021-03-05,Butte,007,227075,11439,11050,1628,12678,185
2021-03-05,Calaveras,009,45235,1936,1902,12,1914,48
2021-03-05,Colusa,011,21464,1881,1874,272,2146,11
2021-03-05,Contra Costa,013,1133247,64001,62886,1096,63982,711
2021-03-05,Del Norte,015,27424,1047,995,5,1000,5
2021-03-05,El Dorado,017,186661,9241,9150,595,9745,97
2021-03-05,Fresno,019,978130,97492,96184,7887,104071,1432
2021-03-05,Glenn,021,27897,2277,2241,502,2743,15
2021-03-05,Humboldt,023,135768,3274,3234,22,3256,31
2021-03-05,Imperial,025,180216,27340,26970,2536,29506,651
2021-03-05,Inyo,027,18085,1333,1309,9,1318,35
2021-03-05,Kern,029,883053,94131,92601,9969,102570,1076
2021-03-05,Kings,031,150075,22446,22063,996,23059,224
2021-03-05,Lake,033,64148,3231,3185,6,3191,42
2021-03-05,Lassen,035,31185,5134,5117,98,5215,1
2021-03-05,Los Angeles,037,10098052,1176521,1160688,39653,1200341,21745
2021-03-05,Madera,039,155013,15825,15624,856,16480,211
2021-03-05,Marin,041,260295,13380,13275,171,13446,215
2021-03-05,Mariposa,043,17540,378,375,5,380,4
2021-03-05,Mendocino,045,87422,3675,3577,72,3649,42
2021-03-05,Merced,047,269075,28812,28734,950,29684,399
2021-03-05,Modoc,049,8938,348,337,118,455,3
2021-03-05,Mono,051,14174,1190,1197,16,1213,3
2021-03-05,Monterey,053,433212,42152,41802,1714,43516,325
2021-03-05,Napa,055,140530,9145,9109,34,9143,75
2021-03-05,Nevada,057,99092,4103,4033,163,4196,66
2021-03-05,Orange,059,3164182,248383,246489,10339,256828,4108
2021-03-05,Placer,061,380077,20849,19973,1141,21114,239
2021-03-05,Plumas,063,18699,647,635,10,645,4
2021-03-05,Riverside,065,2383286,286916,280075,13521,293596,3781
2021-03-05,Sacramento,067,1510023,95627,94182,1283,95465,1430
2021-03-05,San Benito,069,59416,5775,5790,92,5882,61
2021-03-05,San Bernardino,071,2135413,287085,282640,8602,291242,3774
2021-03-05,San Diego,073,3302833,266063,262357,13097,275454,3371
2021-03-05,San Francisco,075,870044,34500,34526,1105,35631,430
2021-03-05,San Joaquin,077,732212,67574,66041,2846,68887,1133
2021-03-05,San Luis Obispo,079,281455,19910,19557,573,20130,244
2021-03-05,San Mateo,081,765935,39914,39305,413,39718,326
2021-03-05,Santa Barbara,083,443738,32617,32139,1059,33198,424
2021-03-05,Santa Clara,085,1922200,111636,111384,606,111990,1745
2021-03-05,Santa Cruz,087,273765,15535,14694,789,15483,188
2021-03-05,Shasta,089,179085,11031,11062,1266,12328,148
2021-03-05,Sierra,091,2930,51,48,12,60,0
2021-03-05,Siskiyou,093,43540,1529,1429,243,1672,5
2021-03-05,Solano,095,438530,30118,29951,374,30325,168
2021-03-05,Sonoma,097,501317,28403,28417,226,28643,279
2021-03-05,Stanislaus,099,539301,51272,50606,5427,56033,721
2021-03-05,Sutter,101,95872,8908,8876,81,8957,100
2021-03-05,Tehama,103,63373,4636,4606,497,5103,33
2021-03-05,Trinity,105,12862,468,302,80,382,3
2021-03-05,Tulare,107,460477,48627,47469,8246,55715,789
2021-03-05,Tuolumne,109,53932,3855,3917,34,3951,56
2021-03-05,Ventura,111,848112,78597,78368,2813,81181,839
2021-03-05,Yolo,113,214977,13019,12920,222,13142,188
2021-03-05,Yuba,115,75493,5573,5496,89,5585,42
2021-03-04,Alameda,001,1643700,81743,81115,1752,82867,1136
2021-03-04,Alpine,003,1148,82,78,0,78,0
2021-03-04,Amador,005,37829,3497,3480,32,3512,42
2021-03-04,Butte,007,227075,11432,11033,1627,12660,185
2021-03-04,Calaveras,009,45235,1935,1896,12,1908,48
2021-03-04,Colusa,011,21464,1879,1873,267,2140,11
2021-03-04,Contra Costa,013,1133247,63901,62789,1094,63883,708
2021-03-04,Del Norte,015,27424,1039,989,5,994,5
2021-03-04,El Dorado,017,186661,9226,9133,595,9728,97
2021-03-04,Fresno,019,978130,97328,96023,7867,103890,1422
2021-03-04,Glenn,021,27897,2270,2236,501,2737,15
2021-03-04,Humboldt,023,135768,3260,3212,22,3234,31
2021-03-04,Imperial,025,180216,27327,26946,2533,29479,646
2021-03-04,Inyo,027,18085,1330,1300,9,1309,35
2021-03-04,Kern,029,883053,94042,92525,9950,102475,1070
2021-03-04,Kings,031,150075,22420,22025,993,23018,224
2021-03-04,Lake,033,64148,3223,3181,6,3187,42
2021-03-04,Lassen,035,31185,5134,5116,98,5214,1
2021-03-04,Los Angeles,037,10098052,1175911,1159405,39604,1199009,21610
2021-03-04,Madera,039,155013,15790,15596,853,16449,208
2021-03-04,Marin,041,260295,13364,13240,168,13408,215
2021-03-04,Mariposa,043,17540,378,376,5,381,4
2021-03-04,Mendocino,045,87422,3672,3569,72,3641,42
2021-03-04,Merced,047,269075,28761,28671,948,29619,396
2021-03-04,Modoc,049,8938,347,336,118,454,3
2021-03-04,Mono,051,14174,1190,1197,16,1213,3
2021-03-04,Monterey,053,433212,42132,41771,1712,43483,325
2021-03-04,Napa,055,140530,9137,9094,34,9128,74
2021-03-04,Nevada,057,99092,4093,4020,163,4183,66
2021-03-04,Orange,059,3164182,248226,246354,10322,256676,4096
2021-03-04,Placer,061,380077,20817,19900,1135,21035,239
2021-03-04,Plumas,063,18699,647,634,10,644,4
2021-03-04,Riverside,065,2383286,286786,279871,13508,293379,3766
2021-03-04,Sacramento,067,1510023,95492,93982,1280,95262,1426
2021-03-04,San Benito,069,59416,5775,5781,92,5873,61
2021-03-04,San Bernardino,071,2135413,286955,282407,8598,291005,3757
2021-03-04,San Diego,073,3302833,265803,261858,13053,274911,3359
2021-03-04,San Francisco,075,870044,34465,34480,1102,35582,426
2021-03-04,San Joaquin,077,732212,67480,65931,2836,68767,1129
2021-03-04,San Luis Obispo,079,281455,19873,19520,571,20091,243
2021-03-04,San Mateo,081,765935,39870,39225,412,39637,322
2021-03-04,Santa Barbara,083,443738,32580,32090,1058,33148,423
2021-03-04,Santa Clara,085,1922200,111502,111194,604,111798,1723
2021-03-04,Santa Cruz,087,273765,15516,14669,789,15458,186
2021-03-04,Shasta,089,179085,11028,11050,1257,12307,150
2021-03-04,Sierra,091,2930,51,48,12,60,0
2021-03-04,Siskiyou,093,43540,1522,1427,243,1670,5
2021-03-04,Solano,095,438530,30091,29905,373,30278,168
2021-03-04,Sonoma,097,501317,28348,28379,225,28604,279
2021-03-04,Stanislaus,099,539301,51185,50521,5419,55940,731
2021-03-04,Sutter,101,95872,8896,8849,81,8930,100
2021-03-04,Tehama,103,63373,4629,4604,497,5101,33
2021-03-04,Trinity,105,12862,468,302,80,382,3
2021-03-04,Tulare,107,460477,48582,47398,8221,55619,784
2021-03-04,Tuolumne,109,53932,3849,3916,34,3950,56
2021-03-04,Ventura,111,848112,78507,78184,2810,80994,831
2021-03-04,Yolo,113,214977,12998,12895,222,13117,189
2021-03-04,Yuba,115,75493,5561,5483,89,5572,41
2021-03-03,Alameda,001,1643700,81621,80972,1751,82723,1127
2021-03-03,Alpine,003,1148,82,77,0,77,0
2021-03-03,Amador,005,37829,3495,3478,31,3509,42
2021-03-03,Butte,007,227075,11424,11014,1626,12640,184
2021-03-03,Calaveras,009,45235,1934,1893,12,1905,48
2021-03-03,Colusa,011,21464,1878,1873,267,2140,11
2021-03-03,Contra Costa,013,1133247,63802,62668,1091,63759,708
2021-03-03,Del Norte,015,27424,1036,988,5,993,5
2021-03-03,El Dorado,017,186661,9216,9121,595,9716,97
2021-03-03,Fresno,019,978130,97184,95893,7849,103742,1415
2021-03-03,Glenn,021,27897,2270,2233,501,2734,15
2021-03-03,Humboldt,023,135768,3249,3196,22,3218,30
2021-03-03,Imperial,025,180216,27311,26939,2529,29468,640
2021-03-03,Inyo,027,18085,1322,1294,9,1303,35
2021-03-03,Kern,029,883053,93966,92434,9933,102367,1063
2021-03-03,Kings,031,150075,22404,22009,992,23001,223
2021-03-03,Lake,033,64148,3216,3175,6,3181,40
2021-03-03,Lassen,035,31185,5134,5115,98,5213,1
2021-03-03,Los Angeles,037,10098052,1175271,1157911,39563,1197474,21500
2021-03-03,Madera,039,155013,15771,15553,847,16400,203
2021-03-03,Marin,041,260295,13350,13216,168,13384,214
2021-03-03,Mariposa,043,17540,377,376,5,381,4
2021-03-03,Mendocino,045,87422,3664,3564,72,3636,42
2021-03-03,Merced,047,269075,28709,28625,948,29573,393
2021-03-03,Modoc,049,8938,347,333,117,450,3
2021-03-03,Mono,051,14174,1190,1191,16,1207,3
2021-03-03,Monterey,053,433212,42100,41731,1709,43440,325
2021-03-03,Napa,055,140530,9129,9090,34,9124,72
2021-03-03,Nevada,057,99092,4083,4009,163,4172,66
2021-03-03,Orange,059,3164182,248081,246120,10307,256427,4072
2021-03-03,Placer,061,380077,20791,19851,1132,20983,239
2021-03-03,Plumas,063,18699,646,631,10,641,4
2021-03-03,Riverside,065,2383286,286653,279626,13502,293128,3735
2021-03-03,Sacramento,067,1510023,95331,93819,1272,95091,1419
2021-03-03,San Benito,069,59416,5774,5774,92,5866,61
2021-03-03,San Bernardino,071,2135413,286813,282138,8591,290729,3664
2021-03-03,San Diego,073,3302833,265539,261350,13022,274372,3342
2021-03-03,San Francisco,075,870044,34433,34443,1099,35542,426
2021-03-03,San Joaquin,077,732212,67368,65855,2829,68684,1115
2021-03-03,San Luis Obispo,079,281455,19847,19479,568,20047,241
2021-03-03,San Mateo,081,765935,39824,39189,411,39600,319
2021-03-03,Santa Barbara,083,443738,32542,32027,1058,33085,421
2021-03-03,Santa Clara,085,1922200,111348,110991,602,111593,1720
2021-03-03,Santa Cruz,087,273765,15505,14645,789,15434,185
2021-03-03,Shasta,089,179085,11018,11023,1250,12273,150
2021-03-03,Sierra,091,2930,51,48,12,60,0
2021-03-03,Siskiyou,093,43540,1520,1424,243,1667,5
2021-03-03,Solano,095,438530,30055,29866,372,30238,167
2021-03-03,Sonoma,097,501317,28309,28307,224,28531,279
2021-03-03,Stanislaus,099,539301,51107,50438,5412,55850,730
2021-03-03,Sutter,101,95872,8888,8840,81,8921,99
2021-03-03,Tehama,103,63373,4627,4601,497,5098,32
2021-03-03,Trinity,105,12862,468,302,80,382,3
2021-03-03,Tulare,107,460477,48531,47348,8190,55538,778
2021-03-03,Tuolumne,109,53932,3847,3914,33,3947,56
2021-03-03,Ventura,111,848112,78423,78057,2805,80862,822
2021-03-03,Yolo,113,214977,12985,12890,222,13112,189
2021-03-03,Yuba,115,75493,5548,5479,89,5568,41
2021-03-02,Alameda,001,1643700,81500,80904,1749,82653,1116
2021-03-02,Alpine,003,1148,82,77,0,77,0
2021-03-02,Amador,005,37829,3493,3474,31,3505,42
2021-03-02,Butte,007,227075,11414,11007,1623,12630,182
2021-03-02,Calaveras,009,45235,1926,1890,12,1902,48
2021-03-02,Colusa,011,21464,1878,1872,266,2138,11
2021-03-02,Contra Costa,013,1133247,63691,62557,1087,63644,694
2021-03-02,Del Norte,015,27424,1029,983,5,988,5
2021-03-02,El Dorado,017,186661,9208,9116,595,9711,98
2021-03-02,Fresno,019,978130,97038,95785,7823,103608,1410
2021-03-02,Glenn,021,27897,2264,2232,500,2732,15
2021-03-02,Humboldt,023,135768,3230,3184,22,3206,30
2021-03-02,Imperial,025,180216,27301,26926,2527,29453,637
2021-03-02,Inyo,027,18085,1318,1292,9,1301,35
2021-03-02,Kern,029,883053,93860,92313,9906,102219,1046
2021-03-02,Kings,031,150075,22352,21999,989,22988,217
2021-03-02,Lake,033,64148,3210,3169,6,3175,40
2021-03-02,Lassen,035,31185,5129,5115,97,5212,1
2021-03-02,Los Angeles,037,10098052,1174636,1156826,39517,1196343,21395
2021-03-02,Madera,039,155013,15751,15523,844,16367,194
2021-03-02,Marin,041,260295,13327,13186,167,13353,214
2021-03-02,Mariposa,043,17540,377,376,5,381,4
2021-03-02,Mendocino,045,87422,3661,3562,71,3633,41
2021-03-02,Merced,047,269075,28652,28598,948,29546,389
2021-03-02,Modoc,049,8938,347,332,117,449,3
2021-03-02,Mono,051,14174,1189,1191,16,1207,3
2021-03-02,Monterey,053,433212,42073,41716,1709,43425,325
2021-03-02,Napa,055,140530,9117,9080,34,9114,71
2021-03-02,Nevada,057,99092,4074,3983,162,4145,66
2021-03-02,Orange,059,3164182,247935,246004,10289,256293,4037
2021-03-02,Placer,061,380077,20738,19828,1129,20957,239
2021-03-02,Plumas,063,18699,643,628,10,638,4
2021-03-02,Riverside,065,2383286,286480,279486,13494,292980,3721
2021-03-02,Sacramento,067,1510023,95164,93690,1271,94961,1411
2021-03-02,San Benito,069,59416,5767,5770,92,5862,60
2021-03-02,San Bernardino,071,2135413,286679,281919,8585,290504,3604
2021-03-02,San Diego,073,3302833,265295,260998,13000,273998,3317
2021-03-02,San Francisco,075,870044,34393,34387,1095,35482,424
2021-03-02,San Joaquin,077,732212,67260,65769,2811,68580,1111
2021-03-02,San Luis Obispo,079,281455,19815,19452,568,20020,241
2021-03-02,San Mateo,081,765935,39772,39148,410,39558,317
2021-03-02,Santa Barbara,083,443738,32493,31964,1054,33018,416
2021-03-02,Santa Clara,085,1922200,111169,110832,601,111433,1706
2021-03-02,Santa Cruz,087,273765,15491,14611,787,15398,185
2021-03-02,Shasta,089,179085,11004,11012,1239,12251,149
2021-03-02,Sierra,091,2930,51,48,12,60,0
2021-03-02,Siskiyou,093,43540,1516,1412,241,1653,5
2021-03-02,Solano,095,438530,30022,29827,370,30197,167
2021-03-02,Sonoma,097,501317,28254,28261,224,28485,279
2021-03-02,Stanislaus,099,539301,51020,50359,5400,55759,724
2021-03-02,Sutter,101,95872,8879,8832,81,8913,99
2021-03-02,Tehama,103,63373,4623,4597,496,5093,32
2021-03-02,Trinity,105,12862,468,301,80,381,3
2021-03-02,Tulare,107,460477,48468,47326,8170,55496,783
2021-03-02,Tuolumne,109,53932,3843,3908,33,3941,53
2021-03-02,Ventura,111,848112,78330,77952,2801,80753,780
2021-03-02,Yolo,113,214977,12969,12867,222,13089,189
2021-03-02,Yuba,115,75493,5540,5475,89,5564,41
2021-03-01,Alameda,001,1643700,81373,80805,1747,82552,1105
2021-03-01,Alpine,003,1148,80,77,0,77,0
2021-03-01,Amador,005,37829,3490,3469,31,3500,42
2021-03-01,Butte,007,227075,11399,10981,1618,12599,180
2021-03-01,Calaveras,009,45235,1921,1885,12,1897,46
2021-03-01,Colusa,011,21464,1877,1871,266,2137,11
2021-03-01,Contra Costa,013,1133247,63581,62458,1086,63544,694
2021-03-01,Del Norte,015,27424,1024,982,5,987,5
2021-03-01,El Dorado,017,186661,9184,9085,595,9680,98
2021-03-01,Fresno,019,978130,96900,95677,7800,103477,1405
2021-03-01,Glenn,021,27897,2259,2232,499,2731,15
2021-03-01,Humboldt,023,135768,3211,3179,22,3201,30
2021-03-01,Imperial,025,180216,27291,26913,2519,29432,636
2021-03-01,Inyo,027,18085,1315,1285,9,1294,35
2021-03-01,Kern,029,883053,93771,92219,9880,102099,1041
2021-03-01,Kings,031,150075,22335,21988,983,22971,217
2021-03-01,Lake,033,64148,3205,3164,6,3170,40
2021-03-01,Lassen,035,31185,5127,5111,97,5208,1
2021-03-01,Los Angeles,037,10098052,1173978,1155984,39475,1195459,21293
2021-03-01,Madera,039,155013,15722,15505,833,16338,194
2021-03-01,Marin,041,260295,13299,13161,166,13327,214
2021-03-01,Mariposa,043,17540,377,375,5,380,4
2021-03-01,Mendocino,045,87422,3654,3561,71,3632,41
2021-03-01,Merced,047,269075,28607,28575,944,29519,385
2021-03-01,Modoc,049,8938,344,331,116,447,3
2021-03-01,Mono,051,14174,1188,1192,16,1208,3
2021-03-01,Monterey,053,433212,42048,41697,1707,43404,324
2021-03-01,Napa,055,140530,9108,9056,34,9090,70
2021-03-01,Nevada,057,99092,4055,3979,162,4141,66
2021-03-01,Orange,059,3164182,247740,245852,10274,256126,3976
2021-03-01,Placer,061,380077,20699,19803,1126,20929,239
2021-03-01,Plumas,063,18699,643,628,10,638,4
2021-03-01,Riverside,065,2383286,286263,279323,13487,292810,3680
2021-03-01,Sacramento,067,1510023,95019,93546,1269,94815,1401
2021-03-01,San Benito,069,59416,5762,5772,92,5864,57
2021-03-01,San Bernardino,071,2135413,286536,281685,8581,290266,3603
2021-03-01,San Diego,073,3302833,264977,260622,12967,273589,3303
2021-03-01,San Francisco,075,870044,34349,34318,1087,35405,424
2021-03-01,San Joaquin,077,732212,67151,65699,2800,68499,1097
2021-03-01,San Luis Obispo,079,281455,19793,19429,566,19995,239
2021-03-01,San Mateo,081,765935,39720,39096,409,39505,314
2021-03-01,Santa Barbara,083,443738,32450,31909,1053,32962,413
2021-03-01,Santa Clara,085,1922200,111010,110684,598,111282,1704
2021-03-01,Santa Cruz,087,273765,15472,14575,786,15361,185
2021-03-01,Shasta,089,179085,10992,10990,1236,12226,149
2021-03-01,Sierra,091,2930,51,48,12,60,0
2021-03-01,Siskiyou,093,43540,1512,1408,239,1647,5
2021-03-01,Solano,095,438530,29979,29779,369,30148,166
2021-03-01,Sonoma,097,501317,28206,28222,222,28444,278
2021-03-01,Stanislaus,099,539301,50944,50293,5394,55687,722
2021-03-01,Sutter,101,95872,8868,8825,81,8906,99
2021-03-01,Tehama,103,63373,4617,4595,496,5091,32
2021-03-01,Trinity,105,12862,468,298,79,377,3
2021-03-01,Tulare,107,460477,48430,47275,8137,55412,781
2021-03-01,Tuolumne,109,53932,3840,3907,33,3940,53
2021-03-01,Ventura,111,848112,78249,77849,2799,80648,775
2021-03-01,Yolo,113,214977,12952,12854,220,13074,188
2021-03-01,Yuba,115,75493,5528,5466,89,5555,41
2021-02-28,Alameda,001,1643700,81252,80727,1745,82472,1105
2021-02-28,Alpine,003,1148,80,77,0,77,0
2021-02-28,Amador,005,37829,3485,3466,30,3496,42
2021-02-28,Butte,007,227075,11384,10970,1618,12588,180
2021-02-28,Calaveras,009,45235,1917,1881,12,1893,46
2021-02-28,Colusa,011,21464,1877,1871,265,2136,11
2021-02-28,Contra Costa,013,1133247,63454,62386,1081,63467,694
2021-02-28,Del Norte,015,27424,1022,981,5,986,5
2021-02-28,El Dorado,017,186661,9173,9082,595,9677,98
2021-02-28,Fresno,019,978130,96718,95548,7766,103314,1405
2021-02-28,Glenn,021,27897,2257,2230,497,2727,15
2021-02-28,Humboldt,023,135768,3188,3179,22,3201,30
2021-02-28,Imperial,025,180216,27265,26909,2515,29424,636
2021-02-28,Inyo,027,18085,1310,1282,9,1291,35
2021-02-28,Kern,029,883053,93656,92169,9859,102028,1012
2021-02-28,Kings,031,150075,22314,21967,982,22949,217
2021-02-28,Lake,033,64148,3200,3164,6,3170,40
2021-02-28,Lassen,035,31185,5126,5106,97,5203,1
2021-02-28,Los Angeles,037,10098052,1173191,1155141,39413,1194554,21261
2021-02-28,Madera,039,155013,15680,15496,830,16326,199
2021-02-28,Marin,041,260295,13276,13152,164,13316,214
2021-02-28,Mariposa,043,17540,377,374,5,379,4
2021-02-28,Mendocino,045,87422,3648,3558,71,3629,41
2021-02-28,Merced,047,269075,28544,28546,943,29489,384
2021-02-28,Modoc,049,8938,344,331,116,447,3
2021-02-28,Mono,051,14174,1185,1192,16,1208,3
2021-02-28,Monterey,053,433212,42016,41683,1705,43388,323
2021-02-28,Napa,055,140530,9089,9053,34,9087,70
2021-02-28,Nevada,057,99092,4042,3972,162,4134,66
2021-02-28,Orange,059,3164182,247542,245706,10267,255973,3970
2021-02-28,Placer,061,380077,20653,19775,1124,20899,239
2021-02-28,Plumas,063,18699,643,628,10,638,4
2021-02-28,Riverside,065,2383286,286030,279214,13476,292690,3661
2021-02-28,Sacramento,067,1510023,94835,93463,1264,94727,1398
2021-02-28,San Benito,069,59416,5751,5772,92,5864,57
2021-02-28,San Bernardino,071,2135413,286395,281620,8569,290189,3595
2021-02-28,San Diego,073,3302833,264680,260353,12933,273286,3303
2021-02-28,San Francisco,075,870044,34307,34291,1081,35372,417
2021-02-28,San Joaquin,077,732212,67043,65662,2791,68453,1097
2021-02-28,San Luis Obispo,079,281455,19757,19422,564,19986,237
2021-02-28,San Mateo,081,765935,39667,39059,408,39467,314
2021-02-28,Santa Barbara,083,443738,32397,31877,1053,32930,413
2021-02-28,Santa Clara,085,1922200,110811,110556,595,111151,1704
2021-02-28,Santa Cruz,087,273765,15443,14571,783,15354,185
2021-02-28,Shasta,089,179085,10971,10990,1232,12222,149
2021-02-28,Sierra,091,2930,51,48,12,60,0
2021-02-28,Siskiyou,093,43540,1504,1408,239,1647,5
2021-02-28,Solano,095,438530,29924,29758,363,30121,166
2021-02-28,Sonoma,097,501317,28143,28193,221,28414,279
2021-02-28,Stanislaus,099,539301,50854,50228,5381,55609,728
2021-02-28,Sutter,101,95872,8853,8825,81,8906,99
2021-02-28,Tehama,103,63373,4611,4590,496,5086,32
2021-02-28,Trinity,105,12862,468,298,79,377,3
2021-02-28,Tulare,107,460477,48368,47258,8106,55364,780
2021-02-28,Tuolumne,109,53932,3835,3905,33,3938,53
2021-02-28,Ventura,111,848112,78137,77749,2796,80545,775
2021-02-28,Yolo,113,214977,12929,12851,220,13071,188
2021-02-28,Yuba,115,75493,5518,5461,89,5550,41
2021-02-27,Alameda,001,1643700,81180,80565,1743,82308,1108
2021-02-27,Alpine,003,1148,80,77,0,77,0
2021-02-27,Amador,005,37829,3483,3463,30,3493,42
2021-02-27,Butte,007,227075,11372,10962,1618,12580,180
2021-02-27,Calaveras,009,45235,1912,1875,12,1887,46
2021-02-27,Colusa,011,21464,1876,1869,265,2134,11
2021-02-27,Contra Costa,013,1133247,63384,62248,1078,63326,693
2021-02-27,Del Norte,015,27424,1020,978,5,983,5
2021-02-27,El Dorado,017,186661,9169,9072,595,9667,98
2021-02-27,Fresno,019,978130,96641,95393,7755,103148,1400
2021-02-27,Glenn,021,27897,2256,2225,496,2721,15
2021-02-27,Humboldt,023,135768,3182,3167,22,3189,30
2021-02-27,Imperial,025,180216,27257,26903,2513,29416,633
2021-02-27,Inyo,027,18085,1307,1275,9,1284,35
2021-02-27,Kern,029,883053,93595,92053,9844,101897,996
2021-02-27,Kings,031,150075,22304,21955,979,22934,216
2021-02-27,Lake,033,64148,3197,3156,6,3162,40
2021-02-27,Lassen,035,31185,5126,5106,97,5203,1
2021-02-27,Los Angeles,037,10098052,1172694,1154275,39386,1193661,21158
2021-02-27,Madera,039,155013,15663,15467,829,16296,199
2021-02-27,Marin,041,260295,13252,13134,164,13298,214
2021-02-27,Mariposa,043,17540,377,374,5,379,4
2021-02-27,Mendocino,045,87422,3645,3555,71,3626,41
2021-02-27,Merced,047,269075,28502,28501,935,29436,384
2021-02-27,Modoc,049,8938,344,331,115,446,3
2021-02-27,Mono,051,14174,1183,1191,16,1207,3
2021-02-27,Monterey,053,433212,42007,41665,1704,43369,322
2021-02-27,Napa,055,140530,9078,9038,34,9072,71
2021-02-27,Nevada,057,99092,4036,3960,162,4122,66
2021-02-27,Orange,059,3164182,247415,245542,10256,255798,3960
2021-02-27,Placer,061,380077,20617,19726,1121,20847,239
2021-02-27,Plumas,063,18699,643,628,10,638,4
2021-02-27,Riverside,065,2383286,285920,279048,13466,292514,3663
2021-02-27,Sacramento,067,1510023,94752,93281,1254,94535,1396
2021-02-27,San Benito,069,59416,5750,5767,91,5858,57
2021-02-27,San Bernardino,071,2135413,286316,281471,8562,290033,3527
2021-02-27,San Diego,073,3302833,264490,260091,12895,272986,3284
2021-02-27,San Francisco,075,870044,34273,34260,1078,35338,413
2021-02-27,San Joaquin,077,732212,66997,65578,2789,68367,1100
2021-02-27,San Luis Obispo,079,281455,19736,19411,563,19974,237
2021-02-27,San Mateo,081,765935,39626,38998,407,39405,313
2021-02-27,Santa Barbara,083,443738,32363,31805,1052,32857,411
2021-02-27,Santa Clara,085,1922200,110663,110361,593,110954,1703
2021-02-27,Santa Cruz,087,273765,15434,14552,782,15334,185
2021-02-27,Shasta,089,179085,10965,10985,1228,12213,149
2021-02-27,Sierra,091,2930,51,48,12,60,0
2021-02-27,Siskiyou,093,43540,1502,1407,238,1645,5
2021-02-27,Solano,095,438530,29896,29718,362,30080,165
2021-02-27,Sonoma,097,501317,28099,28141,215,28356,281
2021-02-27,Stanislaus,099,539301,50799,50147,5371,55518,733
2021-02-27,Sutter,101,95872,8848,8820,81,8901,99
2021-02-27,Tehama,103,63373,4607,4584,495,5079,32
2021-02-27,Trinity,105,12862,468,298,79,377,3
2021-02-27,Tulare,107,460477,48331,47209,8080,55289,770
2021-02-27,Tuolumne,109,53932,3832,3899,33,3932,53
2021-02-27,Ventura,111,848112,78064,77623,2793,80416,771
2021-02-27,Yolo,113,214977,12917,12834,220,13054,188
2021-02-27,Yuba,115,75493,5515,5450,89,5539,39
2021-02-26,Alameda,001,1643700,81085,80387,1738,82125,1106
2021-02-26,Alpine,003,1148,80,77,0,77,0
2021-02-26,Amador,005,37829,3477,3457,30,3487,42
2021-02-26,Butte,007,227075,11362,10941,1618,12559,180
2021-02-26,Calaveras,009,45235,1910,1873,12,1885,46
2021-02-26,Colusa,011,21464,1876,1865,265,2130,11
2021-02-26,Contra Costa,013,1133247,63301,62114,1078,63192,685
2021-02-26,Del Norte,015,27424,1016,968,5,973,5
2021-02-26,El Dorado,017,186661,9164,9038,593,9631,98
2021-02-26,Fresno,019,978130,96539,95202,7747,102949,1391
2021-02-26,Glenn,021,27897,2253,2220,496,2716,15
2021-02-26,Humboldt,023,135768,3176,3152,22,3174,30
2021-02-26,Imperial,025,180216,27250,26888,2511,29399,631
2021-02-26,Inyo,027,18085,1305,1271,9,1280,34
2021-02-26,Kern,029,883053,93516,91884,9828,101712,997
2021-02-26,Kings,031,150075,22288,21917,976,22893,216
2021-02-26,Lake,033,64148,3192,3153,6,3159,40
2021-02-26,Lassen,035,31185,5126,5102,97,5199,1
2021-02-26,Los Angeles,037,10098052,1172119,1153131,39322,1192453,21070
2021-02-26,Madera,039,155013,15647,15436,827,16263,199
2021-02-26,Marin,041,260295,13239,13091,164,13255,214
2021-02-26,Mariposa,043,17540,377,375,5,380,4
2021-02-26,Mendocino,045,87422,3640,3549,71,3620,41
2021-02-26,Merced,047,269075,28468,28455,934,29389,382
2021-02-26,Modoc,049,8938,343,330,115,445,3
2021-02-26,Mono,051,14174,1181,1191,16,1207,3
2021-02-26,Monterey,053,433212,41981,41607,1703,43310,322
2021-02-26,Napa,055,140530,9072,9014,34,9048,70
2021-02-26,Nevada,057,99092,4025,3952,162,4114,66
2021-02-26,Orange,059,3164182,247276,245278,10246,255524,3918
2021-02-26,Placer,061,380077,20591,19712,1115,20827,239
2021-02-26,Plumas,063,18699,643,628,10,638,4
2021-02-26,Riverside,065,2383286,285776,278772,13460,292232,3653
2021-02-26,Sacramento,067,1510023,94629,93180,1251,94431,1390
2021-02-26,San Benito,069,59416,5749,5759,91,5850,57
2021-02-26,San Bernardino,071,2135413,286216,281132,8560,289692,3461
2021-02-26,San Diego,073,3302833,264262,259641,12874,272515,3271
2021-02-26,San Francisco,075,870044,34243,34213,1074,35287,413
2021-02-26,San Joaquin,077,732212,66916,65492,2783,68275,1070
2021-02-26,San Luis Obispo,079,281455,19720,19359,561,19920,234
2021-02-26,San Mateo,081,765935,39580,38922,407,39329,313
2021-02-26,Santa Barbara,083,443738,32319,31724,1051,32775,410
2021-02-26,Santa Clara,085,1922200,110531,110168,591,110759,1700
2021-02-26,Santa Cruz,087,273765,15422,14528,781,15309,185
2021-02-26,Shasta,089,179085,10958,10972,1219,12191,149
2021-02-26,Sierra,091,2930,51,47,12,59,0
2021-02-26,Siskiyou,093,43540,1502,1401,237,1638,5
2021-02-26,Solano,095,438530,29862,29651,361,30012,165
2021-02-26,Sonoma,097,501317,28070,28063,214,28277,280
2021-02-26,Stanislaus,099,539301,50743,50054,5363,55417,737
2021-02-26,Sutter,101,95872,8839,8806,81,8887,99
2021-02-26,Tehama,103,63373,4605,4581,495,5076,32
2021-02-26,Trinity,105,12862,467,298,79,377,3
2021-02-26,Tulare,107,460477,48296,47135,8049,55184,770
2021-02-26,Tuolumne,109,53932,3831,3896,33,3929,53
2021-02-26,Ventura,111,848112,77964,77534,2789,80323,765
2021-02-26,Yolo,113,214977,12910,12816,220,13036,188
2021-02-26,Yuba,115,75493,5510,5438,89,5527,39
2021-02-25,Alameda,001,1643700,80963,80181,1737,81918,1093
2021-02-25,Alpine,003,1148,80,77,0,77,0
2021-02-25,Amador,005,37829,3474,3448,30,3478,41
2021-02-25,Butte,007,227075,11341,10922,1613,12535,178
2021-02-25,Calaveras,009,45235,1902,1868,12,1880,46
2021-02-25,Colusa,011,21464,1873,1863,264,2127,11
2021-02-25,Contra Costa,013,1133247,63199,61910,1078,62988,686
2021-02-25,Del Norte,015,27424,1006,966,5,971,5
2021-02-25,El Dorado,017,186661,9148,9012,593,9605,98
2021-02-25,Fresno,019,978130,96395,95015,7724,102739,1377
2021-02-25,Glenn,021,27897,2250,2219,495,2714,15
2021-02-25,Humboldt,023,135768,3169,3129,22,3151,30
2021-02-25,Imperial,025,180216,27243,26855,2507,29362,628
2021-02-25,Inyo,027,18085,1299,1264,9,1273,33
2021-02-25,Kern,029,883053,93400,91735,9803,101538,992
2021-02-25,Kings,031,150075,22279,21900,973,22873,216
2021-02-25,Lake,033,64148,3183,3141,6,3147,40
2021-02-25,Lassen,035,31185,5125,5097,96,5193,1
2021-02-25,Los Angeles,037,10098052,1171375,1151846,39264,1191110,20931
2021-02-25,Madera,039,155013,15612,15414,823,16237,194
2021-02-25,Marin,041,260295,13216,13067,164,13231,214
2021-02-25,Mariposa,043,17540,377,375,5,380,4
2021-02-25,Mendocino,045,87422,3635,3542,71,3613,41
2021-02-25,Merced,047,269075,28419,28383,932,29315,382
2021-02-25,Modoc,049,8938,343,329,115,444,3
2021-02-25,Mono,051,14174,1180,1190,16,1206,3
2021-02-25,Monterey,053,433212,41956,41564,1698,43262,321
2021-02-25,Napa,055,140530,9046,8998,34,9032,70
2021-02-25,Nevada,057,99092,4008,3940,161,4101,66
2021-02-25,Orange,059,3164182,247103,245000,10236,255236,3882
2021-02-25,Placer,061,380077,20552,19661,1113,20774,239
2021-02-25,Plumas,063,18699,643,626,10,636,4
2021-02-25,Riverside,065,2383286,285588,278544,13439,291983,3646
2021-02-25,Sacramento,067,1510023,94471,92961,1239,94200,1386
2021-02-25,San Benito,069,59416,5744,5752,91,5843,58
2021-02-25,San Bernardino,071,2135413,286081,280946,8552,289498,3409
2021-02-25,San Diego,073,3302833,263968,258979,12844,271823,3260
2021-02-25,San Francisco,075,870044,34200,34138,1071,35209,408
2021-02-25,San Joaquin,077,732212,66832,65389,2771,68160,1047
2021-02-25,San Luis Obispo,079,281455,19699,19335,559,19894,234
2021-02-25,San Mateo,081,765935,39533,38872,407,39279,300
2021-02-25,Santa Barbara,083,443738,32242,31631,1050,32681,408
2021-02-25,Santa Clara,085,1922200,110366,109923,590,110513,1677
2021-02-25,Santa Cruz,087,273765,15403,14492,780,15272,185
2021-02-25,Shasta,089,179085,10946,10947,1214,12161,148
2021-02-25,Sierra,091,2930,51,47,12,59,0
2021-02-25,Siskiyou,093,43540,1497,1390,234,1624,4
2021-02-25,Solano,095,438530,29830,29616,361,29977,161
2021-02-25,Sonoma,097,501317,28016,28004,211,28215,278
2021-02-25,Stanislaus,099,539301,50652,49964,5353,55317,738
2021-02-25,Sutter,101,95872,8825,8789,80,8869,99
2021-02-25,Tehama,103,63373,4602,4578,493,5071,32
2021-02-25,Trinity,105,12862,467,297,79,376,3
2021-02-25,Tulare,107,460477,48246,47052,8023,55075,765
2021-02-25,Tuolumne,109,53932,3828,3894,33,3927,53
2021-02-25,Ventura,111,848112,77856,77395,2783,80178,751
2021-02-25,Yolo,113,214977,12893,12787,220,13007,188
2021-02-25,Yuba,115,75493,5503,5429,89,5518,39
2021-02-24,Alameda,001,1643700,80842,80070,1733,81803,1082
2021-02-24,Alpine,003,1148,79,77,0,77,0
2021-02-24,Amador,005,37829,3469,3444,30,3474,41
2021-02-24,Butte,007,227075,11328,10915,1609,12524,178
2021-02-24,Calaveras,009,45235,1898,1864,12,1876,31
2021-02-24,Colusa,011,21464,1871,1863,264,2127,11
2021-02-24,Contra Costa,013,1133247,63091,61776,1078,62854,663
2021-02-24,Del Norte,015,27424,1005,960,4,964,5
2021-02-24,El Dorado,017,186661,9136,8993,593,9586,98
2021-02-24,Fresno,019,978130,96247,94794,7708,102502,1369
2021-02-24,Glenn,021,27897,2249,2210,495,2705,14
2021-02-24,Humboldt,023,135768,3157,3123,22,3145,29
2021-02-24,Imperial,025,180216,27230,26843,2502,29345,596
2021-02-24,Inyo,027,18085,1294,1253,9,1262,32
2021-02-24,Kern,029,883053,93267,91525,9787,101312,992
2021-02-24,Kings,031,150075,22254,21871,971,22842,216
2021-02-24,Lake,033,64148,3176,3134,6,3140,40
2021-02-24,Lassen,035,31185,5121,5095,95,5190,1
2021-02-24,Los Angeles,037,10098052,1170613,1150322,39220,1189542,20817
2021-02-24,Madera,039,155013,15585,15390,823,16213,194
2021-02-24,Marin,041,260295,13193,13044,163,13207,214
2021-02-24,Mariposa,043,17540,377,374,5,379,4
2021-02-24,Mendocino,045,87422,3628,3540,71,3611,41
2021-02-24,Merced,047,269075,28381,28295,927,29222,383
2021-02-24,Modoc,049,8938,342,329,115,444,3
2021-02-24,Mono,051,14174,1178,1189,16,1205,3
2021-02-24,Monterey,053,433212,41931,41495,1696,43191,320
2021-02-24,Napa,055,140530,9029,8976,33,9009,70
2021-02-24,Nevada,057,99092,3998,3927,161,4088,66
2021-02-24,Orange,059,3164182,246886,244743,10223,254966,3835
2021-02-24,Placer,061,380077,20513,19648,1107,20755,239
2021-02-24,Plumas,063,18699,641,626,10,636,4
2021-02-24,Riverside,065,2383286,285360,278293,13430,291723,3603
2021-02-24,Sacramento,067,1510023,94317,92742,1234,93976,1375
2021-02-24,San Benito,069,59416,5743,5743,91,5834,57
2021-02-24,San Bernardino,071,2135413,285929,280583,8548,289131,3360
2021-02-24,San Diego,073,3302833,263673,258460,12828,271288,3230
2021-02-24,San Francisco,075,870044,34154,34061,1068,35129,406
2021-02-24,San Joaquin,077,732212,66722,65274,2769,68043,1019
2021-02-24,San Luis Obispo,079,281455,19676,19309,557,19866,233
2021-02-24,San Mateo,081,765935,39496,38763,407,39170,300
2021-02-24,Santa Barbara,083,443738,32190,31563,1047,32610,405
2021-02-24,Santa Clara,085,1922200,110218,109671,589,110260,1674
2021-02-24,Santa Cruz,087,273765,15382,14458,780,15238,185
2021-02-24,Shasta,089,179085,10932,10922,1211,12133,148
2021-02-24,Sierra,091,2930,51,47,12,59,0
2021-02-24,Siskiyou,093,43540,1490,1385,230,1615,4
2021-02-24,Solano,095,438530,29790,29577,359,29936,158
2021-02-24,Sonoma,097,501317,27952,27954,207,28161,278
2021-02-24,Stanislaus,099,539301,50581,49851,5345,55196,732
2021-02-24,Sutter,101,95872,8815,8778,80,8858,99
2021-02-24,Tehama,103,63373,4600,4566,493,5059,31
2021-02-24,Trinity,105,12862,467,294,78,372,3
2021-02-24,Tulare,107,460477,48190,46976,7995,54971,759
2021-02-24,Tuolumne,109,53932,3825,3887,33,3920,53
2021-02-24,Ventura,111,848112,77748,77238,2782,80020,718
2021-02-24,Yolo,113,214977,12880,12760,216,12976,188
2021-02-24,Yuba,115,75493,5492,5425,87,5512,39
2021-02-23,Alameda,001,1643700,80704,79948,1731,81679,1070
2021-02-23,Alpine,003,1148,78,77,0,77,0
2021-02-23,Amador,005,37829,3467,3440,30,3470,41
2021-02-23,Butte,007,227075,11312,10887,1606,12493,176
2021-02-23,Calaveras,009,45235,1897,1863,12,1875,21
2021-02-23,Colusa,011,21464,1868,1862,264,2126,11
2021-02-23,Contra Costa,013,1133247,62957,61613,1075,62688,661
2021-02-23,Del Norte,015,27424,1003,953,4,957,3
2021-02-23,El Dorado,017,186661,9123,8969,593,9562,96
2021-02-23,Fresno,019,978130,96086,94741,7694,102435,1356
2021-02-23,Glenn,021,27897,2247,2209,495,2704,14
2021-02-23,Humboldt,023,135768,3140,3108,22,3130,29
2021-02-23,Imperial,025,180216,27210,26816,2497,29313,591
2021-02-23,Inyo,027,18085,1290,1250,9,1259,32
2021-02-23,Kern,029,883053,93128,91390,9758,101148,982
2021-02-23,Kings,031,150075,22239,21839,967,22806,216
2021-02-23,Lake,033,64148,3168,3121,6,3127,40
2021-02-23,Lassen,035,31185,5118,5092,95,5187,1
2021-02-23,Los Angeles,037,10098052,1169743,1148965,39166,1188131,19887
2021-02-23,Madera,039,155013,15571,15352,817,16169,193
2021-02-23,Marin,041,260295,13173,13015,162,13177,214
2021-02-23,Mariposa,043,17540,377,374,5,379,4
2021-02-23,Mendocino,045,87422,3626,3540,70,3610,41
2021-02-23,Merced,047,269075,28301,28209,920,29129,381
2021-02-23,Modoc,049,8938,341,328,114,442,3
2021-02-23,Mono,051,14174,1178,1189,16,1205,3
2021-02-23,Monterey,053,433212,41891,41439,1691,43130,317
2021-02-23,Napa,055,140530,9017,8967,33,9000,70
2021-02-23,Nevada,057,99092,3990,3912,161,4073,66
2021-02-23,Orange,059,3164182,246688,244566,10204,254770,3843
2021-02-23,Placer,061,380077,20488,19608,1103,20711,238
2021-02-23,Plumas,063,18699,640,626,10,636,4
2021-02-23,Riverside,065,2383286,285123,278075,13415,291490,3599
2021-02-23,Sacramento,067,1510023,94160,92632,1228,93860,1370
2021-02-23,San Benito,069,59416,5737,5731,90,5821,57
2021-02-23,San Bernardino,071,2135413,285739,280279,8543,288822,3283
2021-02-23,San Diego,073,3302833,263296,257802,12798,270600,3218
2021-02-23,San Francisco,075,870044,34106,33994,1067,35061,405
2021-02-23,San Joaquin,077,732212,66622,65141,2762,67903,1004
2021-02-23,San Luis Obispo,079,281455,19647,19233,556,19789,230
2021-02-23,San Mateo,081,765935,39435,38662,407,39069,299
2021-02-23,Santa Barbara,083,443738,32135,31483,1045,32528,402
2021-02-23,Santa Clara,085,1922200,110021,109449,586,110035,1661
2021-02-23,Santa Cruz,087,273765,15353,14435,778,15213,178
2021-02-23,Shasta,089,179085,10920,10903,1207,12110,146
2021-02-23,Sierra,091,2930,51,47,12,59,0
2021-02-23,Siskiyou,093,43540,1485,1380,228,1608,4
2021-02-23,Solano,095,438530,29750,29545,356,29901,154
2021-02-23,Sonoma,097,501317,27909,27882,204,28086,278
2021-02-23,Stanislaus,099,539301,50503,49749,5329,55078,722
2021-02-23,Sutter,101,95872,8802,8766,80,8846,98
2021-02-23,Tehama,103,63373,4594,4556,492,5048,30
2021-02-23,Trinity,105,12862,467,292,77,369,3
2021-02-23,Tulare,107,460477,48112,46937,7961,54898,757
2021-02-23,Tuolumne,109,53932,3821,3864,33,3897,53
2021-02-23,Ventura,111,848112,77632,77093,2773,79866,689
2021-02-23,Yolo,113,214977,12851,12729,216,12945,188
2021-02-23,Yuba,115,75493,5479,5417,86,5503,38
2021-02-22,Alameda,001,1643700,80553,79796,1727,81523,1062
2021-02-22,Alpine,003,1148,78,77,0,77,0
2021-02-22,Amador,005,37829,3462,3438,30,3468,39
2021-02-22,Butte,007,227075,11299,10855,1601,12456,176
2021-02-22,Calaveras,009,45235,1895,1862,12,1874,21
2021-02-22,Colusa,011,21464,1868,1860,264,2124,11
2021-02-22,Contra Costa,013,1133247,62828,61478,1074,62552,661
2021-02-22,Del Norte,015,27424,1002,948,4,952,3
2021-02-22,El Dorado,017,186661,9106,8940,593,9533,96
2021-02-22,Fresno,019,978130,95924,94584,7677,102261,1351
2021-02-22,Glenn,021,27897,2242,2207,493,2700,14
2021-02-22,Humboldt,023,135768,3128,3095,22,3117,29
2021-02-22,Imperial,025,180216,27188,26778,2490,29268,590
2021-02-22,Inyo,027,18085,1285,1248,9,1257,32
2021-02-22,Kern,029,883053,93011,91201,9736,100937,982
2021-02-22,Kings,031,150075,22216,21801,964,22765,214
2021-02-22,Lake,033,64148,3162,3107,6,3113,40
2021-02-22,Lassen,035,31185,5118,5088,94,5182,1
2021-02-22,Los Angeles,037,10098052,1168871,1147541,39109,1186650,19730
2021-02-22,Madera,039,155013,15546,15325,813,16138,193
2021-02-22,Marin,041,260295,13148,12991,159,13150,213
2021-02-22,Mariposa,043,17540,376,374,5,379,4
2021-02-22,Mendocino,045,87422,3620,3535,70,3605,41
2021-02-22,Merced,047,269075,28238,28166,917,29083,379
2021-02-22,Modoc,049,8938,341,329,114,443,3
2021-02-22,Mono,051,14174,1174,1189,16,1205,3
2021-02-22,Monterey,053,433212,41846,41397,1685,43082,311
2021-02-22,Napa,055,140530,8990,8950,33,8983,69
2021-02-22,Nevada,057,99092,3981,3900,159,4059,66
2021-02-22,Orange,059,3164182,246452,244118,10186,254304,3843
2021-02-22,Placer,061,380077,20451,19587,1095,20682,238
2021-02-22,Plumas,063,18699,640,625,10,635,4
2021-02-22,Riverside,065,2383286,284860,277730,13407,291137,3567
2021-02-22,Sacramento,067,1510023,93993,92476,1217,93693,1359
2021-02-22,San Benito,069,59416,5735,5723,90,5813,57
2021-02-22,San Bernardino,071,2135413,285560,279984,8530,288514,3259
2021-02-22,San Diego,073,3302833,262886,257348,12765,270113,3189
2021-02-22,San Francisco,075,870044,34046,33947,1062,35009,405
2021-02-22,San Joaquin,077,732212,66526,65060,2749,67809,1001
2021-02-22,San Luis Obispo,079,281455,19610,19198,554,19752,229
2021-02-22,San Mateo,081,765935,39378,38542,404,38946,282
2021-02-22,Santa Barbara,083,443738,32069,31421,1042,32463,399
2021-02-22,Santa Clara,085,1922200,109812,109213,575,109788,1655
2021-02-22,Santa Cruz,087,273765,15327,14417,778,15195,176
2021-02-22,Shasta,089,179085,10905,10872,1202,12074,145
2021-02-22,Sierra,091,2930,51,47,12,59,0
2021-02-22,Siskiyou,093,43540,1479,1373,227,1600,4
2021-02-22,Solano,095,438530,29711,29508,355,29863,150
2021-02-22,Sonoma,097,501317,27864,27845,203,28048,278
2021-02-22,Stanislaus,099,539301,50402,49630,5311,54941,722
2021-02-22,Sutter,101,95872,8794,8698,80,8778,98
2021-02-22,Tehama,103,63373,4590,4550,491,5041,30
2021-02-22,Trinity,105,12862,467,287,76,363,3
2021-02-22,Tulare,107,460477,48050,46879,7929,54808,751
2021-02-22,Tuolumne,109,53932,3817,3856,33,3889,53
2021-02-22,Ventura,111,848112,77504,76947,2768,79715,677
2021-02-22,Yolo,113,214977,12824,12689,216,12905,183
2021-02-22,Yuba,115,75493,5476,5404,85,5489,38
2021-02-21,Alameda,001,1643700,80361,79649,1722,81371,1061
2021-02-21,Alpine,003,1148,78,77,0,77,0
2021-02-21,Amador,005,37829,3454,3435,30,3465,39
2021-02-21,Butte,007,227075,11281,10855,1599,12454,176
2021-02-21,Calaveras,009,45235,1894,1860,12,1872,21
2021-02-21,Colusa,011,21464,1867,1860,260,2120,11
2021-02-21,Contra Costa,013,1133247,62672,61364,1071,62435,661
2021-02-21,Del Norte,015,27424,996,942,4,946,3
2021-02-21,El Dorado,017,186661,9088,8927,592,9519,96
2021-02-21,Fresno,019,978130,95782,94374,7659,102033,1349
2021-02-21,Glenn,021,27897,2240,2201,491,2692,14
2021-02-21,Humboldt,023,135768,3116,3096,22,3118,29
2021-02-21,Imperial,025,180216,27174,26779,2488,29267,590
2021-02-21,Inyo,027,18085,1279,1232,9,1241,32
2021-02-21,Kern,029,883053,92886,91141,9698,100839,980
2021-02-21,Kings,031,150075,22180,21784,962,22746,213
2021-02-21,Lake,033,64148,3154,3100,6,3106,40
2021-02-21,Lassen,035,31185,5110,5077,94,5171,1
2021-02-21,Los Angeles,037,10098052,1167835,1146756,39061,1185817,19711
2021-02-21,Madera,039,155013,15513,15298,810,16108,192
2021-02-21,Marin,041,260295,13119,12968,159,13127,212
2021-02-21,Mariposa,043,17540,376,373,5,378,4
2021-02-21,Mendocino,045,87422,3615,3535,70,3605,41
2021-02-21,Merced,047,269075,28164,28106,901,29007,379
2021-02-21,Modoc,049,8938,338,329,114,443,3
2021-02-21,Mono,051,14174,1174,1189,16,1205,3
2021-02-21,Monterey,053,433212,41790,41373,1678,43051,309
2021-02-21,Napa,055,140530,8976,8929,33,8962,69
2021-02-21,Nevada,057,99092,3968,3895,159,4054,66
2021-02-21,Orange,059,3164182,246155,243985,10169,254154,3801
2021-02-21,Placer,061,380077,20415,19553,1091,20644,238
2021-02-21,Plumas,063,18699,640,625,10,635,4
2021-02-21,Riverside,065,2383286,284626,277555,13394,290949,3564
2021-02-21,Sacramento,067,1510023,93783,92288,1204,93492,1354
2021-02-21,San Benito,069,59416,5725,5716,87,5803,57
2021-02-21,San Bernardino,071,2135413,285335,279870,8516,288386,3247
2021-02-21,San Diego,073,3302833,262452,257027,12719,269746,3190
2021-02-21,San Francisco,075,870044,33982,33891,1058,34949,405
2021-02-21,San Joaquin,077,732212,66386,64997,2737,67734,1001
2021-02-21,San Luis Obispo,079,281455,19577,19178,552,19730,229
2021-02-21,San Mateo,081,765935,39316,38448,400,38848,282
2021-02-21,Santa Barbara,083,443738,32007,31374,1039,32413,399
2021-02-21,Santa Clara,085,1922200,109586,108992,566,109558,1654
2021-02-21,Santa Cruz,087,273765,15304,14401,777,15178,176
2021-02-21,Shasta,089,179085,10891,10867,1197,12064,145
2021-02-21,Sierra,091,2930,51,47,12,59,0
2021-02-21,Siskiyou,093,43540,1473,1371,227,1598,4
2021-02-21,Solano,095,438530,29656,29471,354,29825,150
2021-02-21,Sonoma,097,501317,27800,27793,196,27989,278
2021-02-21,Stanislaus,099,539301,50289,49527,5297,54824,726
2021-02-21,Sutter,101,95872,8777,8687,79,8766,97
2021-02-21,Tehama,103,63373,4581,4547,491,5038,30
2021-02-21,Trinity,105,12862,465,286,76,362,3
2021-02-21,Tulare,107,460477,47982,46830,7894,54724,749
2021-02-21,Tuolumne,109,53932,3803,3828,33,3861,53
2021-02-21,Ventura,111,848112,77355,76862,2754,79616,677
2021-02-21,Yolo,113,214977,12793,12670,216,12886,183
2021-02-21,Yuba,115,75493,5468,5396,84,5480,38
2021-02-20,Alameda,001,1643700,80270,79496,1717,81213,1055
2021-02-20,Alpine,003,1148,78,77,0,77,0
2021-02-20,Amador,005,37829,3452,3432,30,3462,39
2021-02-20,Butte,007,227075,11273,10838,1598,12436,176
2021-02-20,Calaveras,009,45235,1893,1858,12,1870,21
2021-02-20,Colusa,011,21464,1866,1858,260,2118,11
2021-02-20,Contra Costa,013,1133247,62588,61205,1069,62274,663
2021-02-20,Del Norte,015,27424,992,937,4,941,3
2021-02-20,El Dorado,017,186661,9078,8911,592,9503,96
2021-02-20,Fresno,019,978130,95698,94234,7639,101873,1341
2021-02-20,Glenn,021,27897,2236,2199,490,2689,14
2021-02-20,Humboldt,023,135768,3108,3073,22,3095,29
2021-02-20,Imperial,025,180216,27164,26771,2488,29259,590
2021-02-20,Inyo,027,18085,1275,1226,9,1235,32
2021-02-20,Kern,029,883053,92815,91025,9666,100691,968
2021-02-20,Kings,031,150075,22162,21773,961,22734,212
2021-02-20,Lake,033,64148,3147,3089,6,3095,40
2021-02-20,Lassen,035,31185,5108,5067,94,5161,1
2021-02-20,Los Angeles,037,10098052,1167269,1145594,39017,1184611,19630
2021-02-20,Madera,039,155013,15493,15274,809,16083,191
2021-02-20,Marin,041,260295,13098,12945,157,13102,211
2021-02-20,Mariposa,043,17540,376,372,5,377,4
2021-02-20,Mendocino,045,87422,3613,3533,70,3603,40
2021-02-20,Merced,047,269075,28121,28066,898,28964,379
2021-02-20,Modoc,049,8938,338,328,114,442,3
2021-02-20,Mono,051,14174,1173,1187,16,1203,3
2021-02-20,Monterey,053,433212,41768,41313,1676,42989,309
2021-02-20,Napa,055,140530,8967,8910,33,8943,69
2021-02-20,Nevada,057,99092,3958,3887,158,4045,66
2021-02-20,Orange,059,3164182,245985,243761,10155,253916,3755
2021-02-20,Placer,061,380077,20374,19509,1087,20596,236
2021-02-20,Plumas,063,18699,640,626,10,636,4
2021-02-20,Riverside,065,2383286,284472,277267,13385,290652,3559
2021-02-20,Sacramento,067,1510023,93660,92057,1202,93259,1352
2021-02-20,San Benito,069,59416,5714,5709,87,5796,57
2021-02-20,San Bernardino,071,2135413,285233,279608,8511,288119,3203
2021-02-20,San Diego,073,3302833,262210,256510,12690,269200,3188
2021-02-20,San Francisco,075,870044,33940,33820,1049,34869,399
2021-02-20,San Joaquin,077,732212,66316,64916,2732,67648,1001
2021-02-20,San Luis Obispo,079,281455,19553,19138,551,19689,229
2021-02-20,San Mateo,081,765935,39272,38371,399,38770,282
2021-02-20,Santa Barbara,083,443738,31973,31289,1038,32327,396
2021-02-20,Santa Clara,085,1922200,109408,108728,563,109291,1649
2021-02-20,Santa Cruz,087,273765,15293,14378,775,15153,176
2021-02-20,Shasta,089,179085,10877,10850,1192,12042,146
2021-02-20,Sierra,091,2930,51,47,12,59,0
2021-02-20,Siskiyou,093,43540,1470,1366,227,1593,4
2021-02-20,Solano,095,438530,29642,29440,352,29792,150
2021-02-20,Sonoma,097,501317,27771,27703,194,27897,278
2021-02-20,Stanislaus,099,539301,50238,49445,5283,54728,733
2021-02-20,Sutter,101,95872,8771,8681,79,8760,97
2021-02-20,Tehama,103,63373,4577,4545,491,5036,30
2021-02-20,Trinity,105,12862,464,285,75,360,3
2021-02-20,Tulare,107,460477,47946,46769,7872,54641,739
2021-02-20,Tuolumne,109,53932,3798,3823,33,3856,53
2021-02-20,Ventura,111,848112,77260,76757,2751,79508,671
2021-02-20,Yolo,113,214977,12779,12639,215,12854,183
2021-02-20,Yuba,115,75493,5465,5386,84,5470,38
2021-02-19,Alameda,001,1643700,80169,79318,1713,81031,1047
2021-02-19,Alpine,003,1148,78,77,0,77,0
2021-02-19,Amador,005,37829,3448,3427,30,3457,39
2021-02-19,Butte,007,227075,11259,10823,1591,12414,176
2021-02-19,Calaveras,009,45235,1892,1856,12,1868,21
2021-02-19,Colusa,011,21464,1866,1858,260,2118,11
2021-02-19,Contra Costa,013,1133247,62476,61017,1066,62083,651
2021-02-19,Del Norte,015,27424,987,932,4,936,2
2021-02-19,El Dorado,017,186661,9069,8882,591,9473,96
2021-02-19,Fresno,019,978130,95567,93973,7623,101596,1330
2021-02-19,Glenn,021,27897,2231,2199,489,2688,14
2021-02-19,Humboldt,023,135768,3096,3037,22,3059,29
2021-02-19,Imperial,025,180216,27158,26751,2485,29236,589
2021-02-19,Inyo,027,18085,1270,1212,9,1221,32
2021-02-19,Kern,029,883053,92746,90807,9625,100432,963
2021-02-19,Kings,031,150075,22148,21724,959,22683,211
2021-02-19,Lake,033,64148,3141,3078,6,3084,40
2021-02-19,Lassen,035,31185,5107,5057,94,5151,1
2021-02-19,Los Angeles,037,10098052,1166521,1143828,38976,1182804,19498
2021-02-19,Madera,039,155013,15476,15222,807,16029,188
2021-02-19,Marin,041,260295,13080,12919,156,13075,210
2021-02-19,Mariposa,043,17540,376,371,5,376,4
2021-02-19,Mendocino,045,87422,3611,3526,70,3596,39
2021-02-19,Merced,047,269075,28091,27985,895,28880,376
2021-02-19,Modoc,049,8938,338,328,114,442,3
2021-02-19,Mono,051,14174,1173,1186,16,1202,3
2021-02-19,Monterey,053,433212,41741,41209,1672,42881,309
2021-02-19,Napa,055,140530,8954,8899,33,8932,69
2021-02-19,Nevada,057,99092,3952,3863,158,4021,66
2021-02-19,Orange,059,3164182,245809,243397,10142,253539,3715
2021-02-19,Placer,061,380077,20352,19457,1087,20544,236
2021-02-19,Plumas,063,18699,638,624,10,634,4
2021-02-19,Riverside,065,2383286,284303,276941,13368,290309,3541
2021-02-19,Sacramento,067,1510023,93539,91815,1198,93013,1351
2021-02-19,San Benito,069,59416,5709,5699,87,5786,57
2021-02-19,San Bernardino,071,2135413,285097,279209,8506,287715,3117
2021-02-19,San Diego,073,3302833,261919,255799,12667,268466,3169
2021-02-19,San Francisco,075,870044,33892,33746,1043,34789,387
2021-02-19,San Joaquin,077,732212,66240,64774,2723,67497,988
2021-02-19,San Luis Obispo,079,281455,19522,19061,549,19610,230
2021-02-19,San Mateo,081,765935,39214,38256,397,38653,282
2021-02-19,Santa Barbara,083,443738,31909,31204,1037,32241,392
2021-02-19,Santa Clara,085,1922200,109196,108400,561,108961,1634
2021-02-19,Santa Cruz,087,273765,15278,14354,775,15129,176
2021-02-19,Shasta,089,179085,10866,10833,1189,12022,140
2021-02-19,Sierra,091,2930,51,47,12,59,0
2021-02-19,Siskiyou,093,43540,1466,1363,225,1588,4
2021-02-19,Solano,095,438530,29617,29383,351,29734,150
2021-02-19,Sonoma,097,501317,27724,27595,192,27787,280
2021-02-19,Stanislaus,099,539301,50177,49282,5267,54549,739
2021-02-19,Sutter,101,95872,8761,8665,79,8744,96
2021-02-19,Tehama,103,63373,4575,4535,491,5026,30
2021-02-19,Trinity,105,12862,462,282,73,355,3
2021-02-19,Tulare,107,460477,47901,46662,7847,54509,736
2021-02-19,Tuolumne,109,53932,3791,3817,33,3850,52
2021-02-19,Ventura,111,848112,77181,76582,2748,79330,667
2021-02-19,Yolo,113,214977,12763,12606,215,12821,183
2021-02-19,Yuba,115,75493,5455,5376,84,5460,38
2021-02-18,Alameda,001,1643700,80035,79111,1705,80816,1012
2021-02-18,Alpine,003,1148,78,77,0,77,0
2021-02-18,Amador,005,37829,3444,3417,29,3446,38
2021-02-18,Butte,007,227075,11241,10791,1589,12380,175
2021-02-18,Calaveras,009,45235,1887,1873,12,1885,21
2021-02-18,Colusa,011,21464,1864,1856,258,2114,11
2021-02-18,Contra Costa,013,1133247,62361,60868,1064,61932,640
2021-02-18,Del Norte,015,27424,982,929,4,933,2
2021-02-18,El Dorado,017,186661,9054,8850,590,9440,94
2021-02-18,Fresno,019,978130,95397,93734,7598,101332,1323
2021-02-18,Glenn,021,27897,2225,2195,489,2684,14
2021-02-18,Humboldt,023,135768,3084,3023,22,3045,29
2021-02-18,Imperial,025,180216,27132,26731,2478,29209,591
2021-02-18,Inyo,027,18085,1266,1213,8,1221,32
2021-02-18,Kern,029,883053,92592,90655,9595,100250,961
2021-02-18,Kings,031,150075,22124,21648,958,22606,211
2021-02-18,Lake,033,64148,3136,3066,6,3072,40
2021-02-18,Lassen,035,31185,5098,5052,94,5146,1
2021-02-18,Los Angeles,037,10098052,1165563,1141930,38911,1180841,19358
2021-02-18,Madera,039,155013,15454,15175,802,15977,188
2021-02-18,Marin,041,260295,13067,12895,155,13050,209
2021-02-18,Mariposa,043,17540,375,369,5,374,4
2021-02-18,Mendocino,045,87422,3608,3519,69,3588,39
2021-02-18,Merced,047,269075,28042,27870,889,28759,372
2021-02-18,Modoc,049,8938,336,327,113,440,3
2021-02-18,Mono,051,14174,1173,1182,16,1198,3
2021-02-18,Monterey,053,433212,41683,41091,1663,42754,307
2021-02-18,Napa,055,140530,8937,8877,33,8910,68
2021-02-18,Nevada,057,99092,3943,3836,157,3993,66
2021-02-18,Orange,059,3164182,245586,243098,10125,253223,3673
2021-02-18,Placer,061,380077,20325,19429,1086,20515,232
2021-02-18,Plumas,063,18699,638,624,10,634,4
2021-02-18,Riverside,065,2383286,284015,276595,13347,289942,3510
2021-02-18,Sacramento,067,1510023,93377,91476,1192,92668,1334
2021-02-18,San Benito,069,59416,5706,5697,86,5783,58
2021-02-18,San Bernardino,071,2135413,284887,278887,8492,287379,3066
2021-02-18,San Diego,073,3302833,261565,254987,12644,267631,3135
2021-02-18,San Francisco,075,870044,33834,33650,1040,34690,386
2021-02-18,San Joaquin,077,732212,66157,64634,2713,67347,982
2021-02-18,San Luis Obispo,079,281455,19480,18987,546,19533,230
2021-02-18,San Mateo,081,765935,39152,38185,393,38578,282
2021-02-18,Santa Barbara,083,443738,31831,31054,1030,32084,387
2021-02-18,Santa Clara,085,1922200,108971,108210,558,108768,1605
2021-02-18,Santa Cruz,087,273765,15252,14314,775,15089,176
2021-02-18,Shasta,089,179085,10848,10811,1186,11997,139
2021-02-18,Sierra,091,2930,50,47,12,59,0
2021-02-18,Siskiyou,093,43540,1461,1359,224,1583,4
2021-02-18,Solano,095,438530,29591,29349,350,29699,150
2021-02-18,Sonoma,097,501317,27656,27512,191,27703,281
2021-02-18,Stanislaus,099,539301,50076,49150,5250,54400,738
2021-02-18,Sutter,101,95872,8753,8654,79,8733,96
2021-02-18,Tehama,103,63373,4572,4528,491,5019,30
2021-02-18,Trinity,105,12862,461,282,73,355,3
2021-02-18,Tulare,107,460477,47838,46591,7807,54398,728
2021-02-18,Tuolumne,109,53932,3754,3811,33,3844,52
2021-02-18,Ventura,111,848112,77049,76442,2740,79182,659
2021-02-18,Yolo,113,214977,12737,12549,212,12761,183
2021-02-18,Yuba,115,75493,5438,5358,84,5442,38
2021-02-17,Alameda,001,1643700,79874,78895,1703,80598,1002
2021-02-17,Alpine,003,1148,78,77,0,77,0
2021-02-17,Amador,005,37829,3440,3415,29,3444,38
2021-02-17,Butte,007,227075,11223,10770,1585,12355,174
2021-02-17,Calaveras,009,45235,1887,1876,12,1888,21
2021-02-17,Colusa,011,21464,1861,1854,258,2112,10
2021-02-17,Contra Costa,013,1133247,62223,60723,1061,61784,635
2021-02-17,Del Norte,015,27424,975,920,4,924,2
2021-02-17,El Dorado,017,186661,9043,8847,590,9437,94
2021-02-17,Fresno,019,978130,95258,93555,7571,101126,1307
2021-02-17,Glenn,021,27897,2224,2189,488,2677,14
2021-02-17,Humboldt,023,135768,3069,3006,22,3028,29
2021-02-17,Imperial,025,180216,27118,26726,2474,29200,580
2021-02-17,Inyo,027,18085,1258,1197,8,1205,32
2021-02-17,Kern,029,883053,92474,90454,9550,100004,962
2021-02-17,Kings,031,150075,22086,21617,954,22571,211
2021-02-17,Lake,033,64148,3126,3057,2,3059,38
2021-02-17,Lassen,035,31185,5093,5052,93,5145,1
2021-02-17,Los Angeles,037,10098052,1164511,1139786,38847,1178633,19213
2021-02-17,Madera,039,155013,15429,15135,793,15928,177
2021-02-17,Marin,041,260295,13042,12881,155,13036,207
2021-02-17,Mariposa,043,17540,375,368,4,372,4
2021-02-17,Mendocino,045,87422,3606,3494,68,3562,39
2021-02-17,Merced,047,269075,27987,27824,880,28704,372
2021-02-17,Modoc,049,8938,336,327,113,440,3
2021-02-17,Mono,051,14174,1173,1180,16,1196,3
2021-02-17,Monterey,053,433212,41628,41014,1651,42665,304
2021-02-17,Napa,055,140530,8923,8865,33,8898,68
2021-02-17,Nevada,057,99092,3924,3822,154,3976,52
2021-02-17,Orange,059,3164182,245323,242716,10092,252808,3626
2021-02-17,Placer,061,380077,20292,19405,1082,20487,230
2021-02-17,Plumas,063,18699,637,623,10,633,4
2021-02-17,Riverside,065,2383286,283727,276289,13326,289615,3491
2021-02-17,Sacramento,067,1510023,93218,91309,1185,92494,1326
2021-02-17,San Benito,069,59416,5700,5661,86,5747,57
2021-02-17,San Bernardino,071,2135413,284683,278461,8473,286934,3020
2021-02-17,San Diego,073,3302833,261187,254177,12623,266800,3099
2021-02-17,San Francisco,075,870044,33758,33558,1035,34593,379
2021-02-17,San Joaquin,077,732212,66051,64556,2707,67263,979
2021-02-17,San Luis Obispo,079,281455,19435,18964,546,19510,230
2021-02-17,San Mateo,081,765935,39087,38124,392,38516,282
2021-02-17,Santa Barbara,083,443738,31763,30927,1029,31956,384
2021-02-17,Santa Clara,085,1922200,108739,107949,556,108505,1592
2021-02-17,Santa Cruz,087,273765,15219,14268,772,15040,174
2021-02-17,Shasta,089,179085,10828,10770,1185,11955,139
2021-02-17,Sierra,091,2930,50,47,12,59,0
2021-02-17,Siskiyou,093,43540,1455,1352,221,1573,4
2021-02-17,Solano,095,438530,29534,29288,350,29638,149
2021-02-17,Sonoma,097,501317,27584,27408,186,27594,281
2021-02-17,Stanislaus,099,539301,49965,49050,5234,54284,730
2021-02-17,Sutter,101,95872,8743,8681,79,8760,95
2021-02-17,Tehama,103,63373,4569,4511,491,5002,30
2021-02-17,Trinity,105,12862,461,277,71,348,3
2021-02-17,Tulare,107,460477,47773,46495,7781,54276,726
2021-02-17,Tuolumne,109,53932,3745,3806,33,3839,49
2021-02-17,Ventura,111,848112,76927,76234,2734,78968,646
2021-02-17,Yolo,113,214977,12718,12506,210,12716,182
2021-02-17,Yuba,115,75493,5429,5345,84,5429,38
2021-02-16,Alameda,001,1643700,79704,78756,1700,80456,997
2021-02-16,Alpine,003,1148,78,76,0,76,0
2021-02-16,Amador,005,37829,3433,3413,29,3442,39
2021-02-16,Butte,007,227075,11197,10748,1582,12330,164
2021-02-16,Calaveras,009,45235,1885,1872,12,1884,21
2021-02-16,Colusa,011,21464,1858,1852,256,2108,10
2021-02-16,Contra Costa,013,1133247,62072,60564,1056,61620,631
2021-02-16,Del Norte,015,27424,967,913,4,917,2
2021-02-16,El Dorado,017,186661,9033,8836,589,9425,94
2021-02-16,Fresno,019,978130,95093,93363,7541,100904,1293
2021-02-16,Glenn,021,27897,2220,2189,484,2673,14
2021-02-16,Humboldt,023,135768,3046,2994,21,3015,29
2021-02-16,Imperial,025,180216,27105,26711,2470,29181,580
2021-02-16,Inyo,027,18085,1250,1191,8,1199,32
2021-02-16,Kern,029,883053,92342,90267,9520,99787,959
2021-02-16,Kings,031,150075,22040,21583,950,22533,206
2021-02-16,Lake,033,64148,3119,3041,2,3043,38
2021-02-16,Lassen,035,31185,5081,5047,93,5140,1
2021-02-16,Los Angeles,037,10098052,1163257,1138262,38786,1177048,19044
2021-02-16,Madera,039,155013,15391,15120,788,15908,172
2021-02-16,Marin,041,260295,13014,12832,155,12987,205
2021-02-16,Mariposa,043,17540,375,367,4,371,4
2021-02-16,Mendocino,045,87422,3602,3489,68,3557,39
2021-02-16,Merced,047,269075,27906,27724,874,28598,368
2021-02-16,Modoc,049,8938,336,326,113,439,3
2021-02-16,Mono,051,14174,1173,1180,16,1196,3
2021-02-16,Monterey,053,433212,41552,40962,1642,42604,303
2021-02-16,Napa,055,140530,8910,8854,33,8887,66
2021-02-16,Nevada,057,99092,3911,3774,153,3927,47
2021-02-16,Orange,059,3164182,245001,242382,10076,252458,3612
2021-02-16,Placer,061,380077,20259,19367,1079,20446,230
2021-02-16,Plumas,063,18699,637,619,10,629,4
2021-02-16,Riverside,065,2383286,283423,275954,13303,289257,3471
2021-02-16,Sacramento,067,1510023,92964,91246,1179,92425,1305
2021-02-16,San Benito,069,59416,5692,5659,85,5744,56
2021-02-16,San Bernardino,071,2135413,284461,277947,8462,286409,2978
2021-02-16,San Diego,073,3302833,260722,253638,12584,266222,3042
2021-02-16,San Francisco,075,870044,33687,33491,1030,34521,373
2021-02-16,San Joaquin,077,732212,65921,64448,2704,67152,979
2021-02-16,San Luis Obispo,079,281455,19390,18925,543,19468,229
2021-02-16,San Mateo,081,765935,39028,38041,390,38431,277
2021-02-16,Santa Barbara,083,443738,31689,30865,1026,31891,378
2021-02-16,Santa Clara,085,1922200,108487,107754,553,108307,1591
2021-02-16,Santa Cruz,087,273765,15199,14256,771,15027,174
2021-02-16,Shasta,089,179085,10813,10736,1183,11919,139
2021-02-16,Sierra,091,2930,50,47,12,59,0
2021-02-16,Siskiyou,093,43540,1451,1351,221,1572,4
2021-02-16,Solano,095,438530,29496,29246,349,29595,148
2021-02-16,Sonoma,097,501317,27525,27380,180,27560,279
2021-02-16,Stanislaus,099,539301,49841,48927,5220,54147,716
2021-02-16,Sutter,101,95872,8720,8671,79,8750,95
2021-02-16,Tehama,103,63373,4560,4501,489,4990,30
2021-02-16,Trinity,105,12862,457,275,71,346,3
2021-02-16,Tulare,107,460477,47709,46444,7737,54181,716
2021-02-16,Tuolumne,109,53932,3743,3796,33,3829,49
2021-02-16,Ventura,111,848112,76785,76043,2730,78773,631
2021-02-16,Yolo,113,214977,12689,12457,210,12667,175
2021-02-16,Yuba,115,75493,5422,5332,83,5415,38
2021-02-15,Alameda,001,1643700,79507,78647,1689,80336,996
2021-02-15,Alpine,003,1148,78,76,0,76,0
2021-02-15,Amador,005,37829,3429,3409,29,3438,39
2021-02-15,Butte,007,227075,11179,10723,1578,12301,155
2021-02-15,Calaveras,009,45235,1881,1871,12,1883,21
2021-02-15,Colusa,011,21464,1858,1849,252,2101,10
2021-02-15,Contra Costa,013,1133247,61900,60444,1050,61494,631
2021-02-15,Del Norte,015,27424,963,913,4,917,2
2021-02-15,El Dorado,017,186661,9016,8816,589,9405,94
2021-02-15,Fresno,019,978130,94894,93231,7502,100733,1288
2021-02-15,Glenn,021,27897,2218,2185,483,2668,14
2021-02-15,Humboldt,023,135768,3039,2997,21,3018,29
2021-02-15,Imperial,025,180216,27085,26700,2467,29167,580
2021-02-15,Inyo,027,18085,1231,1184,8,1192,32
2021-02-15,Kern,029,883053,92198,90181,9488,99669,959
2021-02-15,Kings,031,150075,21995,21574,946,22520,205
2021-02-15,Lake,033,64148,3105,3030,1,3031,38
2021-02-15,Lassen,035,31185,5079,5047,92,5139,1
2021-02-15,Los Angeles,037,10098052,1161867,1137164,38723,1175887,18925
2021-02-15,Madera,039,155013,15360,15108,786,15894,106
2021-02-15,Marin,041,260295,12993,12810,152,12962,203
2021-02-15,Mariposa,043,17540,373,367,4,371,4
2021-02-15,Mendocino,045,87422,3590,3481,68,3549,39
2021-02-15,Merced,047,269075,27832,27656,866,28522,368
2021-02-15,Modoc,049,8938,336,326,113,439,3
2021-02-15,Mono,051,14174,1170,1178,16,1194,3
2021-02-15,Monterey,053,433212,41488,40911,1629,42540,302
2021-02-15,Napa,055,140530,8896,8837,33,8870,57
2021-02-15,Nevada,057,99092,3894,3767,152,3919,47
2021-02-15,Orange,059,3164182,244681,242176,10048,252224,3586
2021-02-15,Placer,061,380077,20233,19361,1078,20439,230
2021-02-15,Plumas,063,18699,637,620,10,630,4
2021-02-15,Riverside,065,2383286,283069,275771,13284,289055,3468
2021-02-15,Sacramento,067,1510023,92637,91091,1174,92265,1304
2021-02-15,San Benito,069,59416,5686,5649,85,5734,56
2021-02-15,San Bernardino,071,2135413,284211,277869,8454,286323,2945
2021-02-15,San Diego,073,3302833,260208,252940,12553,265493,3037
2021-02-15,San Francisco,075,870044,33614,33454,1024,34478,373
2021-02-15,San Joaquin,077,732212,65757,64382,2697,67079,979
2021-02-15,San Luis Obispo,079,281455,19337,18891,541,19432,227
2021-02-15,San Mateo,081,765935,38949,37969,387,38356,277
2021-02-15,Santa Barbara,083,443738,31586,30810,1023,31833,378
2021-02-15,Santa Clara,085,1922200,108257,107630,551,108181,1588
2021-02-15,Santa Cruz,087,273765,15167,14239,768,15007,175
2021-02-15,Shasta,089,179085,10793,10730,1178,11908,139
2021-02-15,Sierra,091,2930,50,47,12,59,0
2021-02-15,Siskiyou,093,43540,1443,1345,220,1565,4
2021-02-15,Solano,095,438530,29441,29225,349,29574,148
2021-02-15,Sonoma,097,501317,27441,27359,176,27535,276
2021-02-15,Stanislaus,099,539301,49714,48808,5207,54015,716
2021-02-15,Sutter,101,95872,8705,8652,79,8731,95
2021-02-15,Tehama,103,63373,4551,4492,488,4980,30
2021-02-15,Trinity,105,12862,456,274,71,345,3
2021-02-15,Tulare,107,460477,47638,46344,7698,54042,715
2021-02-15,Tuolumne,109,53932,3733,3794,33,3827,49
2021-02-15,Ventura,111,848112,76630,75889,2727,78616,629
2021-02-15,Yolo,113,214977,12654,12412,204,12616,175
2021-02-15,Yuba,115,75493,5405,5320,82,5402,38
2021-02-14,Alameda,001,1643700,79356,78442,1688,80130,995
2021-02-14,Alpine,003,1148,78,76,0,76,0
2021-02-14,Amador,005,37829,3424,3398,29,3427,39
2021-02-14,Butte,007,227075,11155,10717,1575,12292,155
2021-02-14,Calaveras,009,45235,1877,1866,12,1878,21
2021-02-14,Colusa,011,21464,1854,1845,249,2094,10
2021-02-14,Contra Costa,013,1133247,61750,60272,1047,61319,631
2021-02-14,Del Norte,015,27424,959,911,4,915,2
2021-02-14,El Dorado,017,186661,8985,8790,588,9378,94
2021-02-14,Fresno,019,978130,94723,93065,7479,100544,1287
2021-02-14,Glenn,021,27897,2215,2184,483,2667,14
2021-02-14,Humboldt,023,135768,3026,2992,21,3013,29
2021-02-14,Imperial,025,180216,27078,26696,2466,29162,580
2021-02-14,Inyo,027,18085,1225,1177,8,1185,32
2021-02-14,Kern,029,883053,92038,90038,9435,99473,959
2021-02-14,Kings,031,150075,21969,21538,944,22482,205
2021-02-14,Lake,033,64148,3094,3030,1,3031,38
2021-02-14,Lassen,035,31185,5075,5037,92,5129,1
2021-02-14,Los Angeles,037,10098052,1160524,1135450,38638,1174088,18898
2021-02-14,Madera,039,155013,15328,15089,782,15871,106
2021-02-14,Marin,041,260295,12969,12784,152,12936,201
2021-02-14,Mariposa,043,17540,373,365,4,369,4
2021-02-14,Mendocino,045,87422,3584,3475,68,3543,39
2021-02-14,Merced,047,269075,27750,27601,861,28462,368
2021-02-14,Modoc,049,8938,336,326,113,439,3
2021-02-14,Mono,051,14174,1169,1180,16,1196,3
2021-02-14,Monterey,053,433212,41437,40842,1624,42466,302
2021-02-14,Napa,055,140530,8876,8826,33,8859,57
2021-02-14,Nevada,057,99092,3878,3761,152,3913,47
2021-02-14,Orange,059,3164182,244367,241859,10029,251888,3564
2021-02-14,Placer,061,380077,20194,19313,1073,20386,230
2021-02-14,Plumas,063,18699,636,620,10,630,4
2021-02-14,Riverside,065,2383286,282737,275518,13265,288783,3471
2021-02-14,Sacramento,067,1510023,92430,90856,1170,92026,1304
2021-02-14,San Benito,069,59416,5677,5641,84,5725,56
2021-02-14,San Bernardino,071,2135413,283905,277664,8434,286098,2929
2021-02-14,San Diego,073,3302833,259716,252247,12506,264753,3037
2021-02-14,San Francisco,075,870044,33540,33374,1016,34390,372
2021-02-14,San Joaquin,077,732212,65659,64243,2683,66926,979
2021-02-14,San Luis Obispo,079,281455,19299,18868,538,19406,225
2021-02-14,San Mateo,081,765935,38864,37859,387,38246,277
2021-02-14,Santa Barbara,083,443738,31494,30744,1019,31763,377
2021-02-14,Santa Clara,085,1922200,108058,107412,547,107959,1582
2021-02-14,Santa Cruz,087,273765,15139,14225,763,14988,175
2021-02-14,Shasta,089,179085,10761,10720,1173,11893,139
2021-02-14,Sierra,091,2930,50,47,12,59,0
2021-02-14,Siskiyou,093,43540,1439,1340,220,1560,4
2021-02-14,Solano,095,438530,29399,29150,346,29496,148
2021-02-14,Sonoma,097,501317,27366,27266,174,27440,276
2021-02-14,Stanislaus,099,539301,49604,48672,5192,53864,716
2021-02-14,Sutter,101,95872,8682,8642,79,8721,95
2021-02-14,Tehama,103,63373,4545,4490,485,4975,30
2021-02-14,Trinity,105,12862,456,272,71,343,3
2021-02-14,Tulare,107,460477,47553,46263,7649,53912,715
2021-02-14,Tuolumne,109,53932,3732,3764,33,3797,49
2021-02-14,Ventura,111,848112,76461,75742,2716,78458,629
2021-02-14,Yolo,113,214977,12625,12399,203,12602,175
2021-02-14,Yuba,115,75493,5395,5314,82,5396,38
2021-02-13,Alameda,001,1643700,79234,78246,1685,79931,995
2021-02-13,Alpine,003,1148,78,76,0,76,0
2021-02-13,Amador,005,37829,3421,3387,29,3416,38
2021-02-13,Butte,007,227075,11139,10699,1573,12272,155
2021-02-13,Calaveras,009,45235,1874,1863,12,1875,21
2021-02-13,Colusa,011,21464,1854,1837,249,2086,10
2021-02-13,Contra Costa,013,1133247,61629,60100,1047,61147,629
2021-02-13,Del Norte,015,27424,957,908,4,912,2
2021-02-13,El Dorado,017,186661,8973,8758,587,9345,93
2021-02-13,Fresno,019,978130,94609,92807,7457,100264,1287
2021-02-13,Glenn,021,27897,2214,2182,481,2663,14
2021-02-13,Humboldt,023,135768,3013,2974,20,2994,29
2021-02-13,Imperial,025,180216,27071,26680,2464,29144,580
2021-02-13,Inyo,027,18085,1221,1168,8,1176,32
2021-02-13,Kern,029,883053,91949,89915,9409,99324,957
2021-02-13,Kings,031,150075,21954,21513,942,22455,205
2021-02-13,Lake,033,64148,3085,3025,1,3026,37
2021-02-13,Lassen,035,31185,5072,5028,92,5120,1
2021-02-13,Los Angeles,037,10098052,1159665,1133752,38591,1172343,18822
2021-02-13,Madera,039,155013,15319,15053,778,15831,106
2021-02-13,Marin,041,260295,12945,12757,152,12909,201
2021-02-13,Mariposa,043,17540,373,365,4,369,4
2021-02-13,Mendocino,045,87422,3574,3466,68,3534,38
2021-02-13,Merced,047,269075,27706,27541,858,28399,368
2021-02-13,Modoc,049,8938,336,325,113,438,3
2021-02-13,Mono,051,14174,1169,1176,16,1192,3
2021-02-13,Monterey,053,433212,41405,40731,1623,42354,301
2021-02-13,Napa,055,140530,8867,8809,33,8842,57
2021-02-13,Nevada,057,99092,3869,3742,151,3893,47
2021-02-13,Orange,059,3164182,244161,241545,10010,251555,3520
2021-02-13,Placer,061,380077,20174,19214,1073,20287,230
2021-02-13,Plumas,063,18699,636,616,10,626,4
2021-02-13,Riverside,065,2383286,282509,275276,13256,288532,3462
2021-02-13,Sacramento,067,1510023,92263,90401,1167,91568,1302
2021-02-13,San Benito,069,59416,5660,5633,84,5717,56
2021-02-13,San Bernardino,071,2135413,283753,277405,8422,285827,2899
2021-02-13,San Diego,073,3302833,259384,251679,12494,264173,3009
2021-02-13,San Francisco,075,870044,33490,33291,1006,34297,364
2021-02-13,San Joaquin,077,732212,65590,64105,2673,66778,977
2021-02-13,San Luis Obispo,079,281455,19271,18803,532,19335,225
2021-02-13,San Mateo,081,765935,38811,37745,387,38132,277
2021-02-13,Santa Barbara,083,443738,31442,30594,1017,31611,374
2021-02-13,Santa Clara,085,1922200,107869,107125,543,107668,1570
2021-02-13,Santa Cruz,087,273765,15112,14198,762,14960,173
2021-02-13,Shasta,089,179085,10748,10713,1168,11881,139
2021-02-13,Sierra,091,2930,50,47,12,59,0
2021-02-13,Siskiyou,093,43540,1436,1336,220,1556,4
2021-02-13,Solano,095,438530,29363,29084,346,29430,148
2021-02-13,Sonoma,097,501317,27318,27157,172,27329,276
2021-02-13,Stanislaus,099,539301,49533,48568,5186,53754,697
2021-02-13,Sutter,101,95872,8670,8626,79,8705,94
2021-02-13,Tehama,103,63373,4534,4484,484,4968,30
2021-02-13,Trinity,105,12862,455,272,70,342,3
2021-02-13,Tulare,107,460477,47502,46162,7618,53780,709
2021-02-13,Tuolumne,109,53932,3731,3752,33,3785,49
2021-02-13,Ventura,111,848112,76321,75481,2710,78191,618
2021-02-13,Yolo,113,214977,12612,12374,202,12576,175
2021-02-13,Yuba,115,75493,5387,5289,82,5371,38
2021-02-12,Alameda,001,1643700,79087,77958,1679,79637,974
2021-02-12,Alpine,003,1148,78,76,0,76,0
2021-02-12,Amador,005,37829,3417,3381,29,3410,38
2021-02-12,Butte,007,227075,11126,10655,1566,12221,155
2021-02-12,Calaveras,009,45235,1871,1860,12,1872,21
2021-02-12,Colusa,011,21464,1854,1836,249,2085,10
2021-02-12,Contra Costa,013,1133247,61477,59878,1043,60921,620
2021-02-12,Del Norte,015,27424,947,901,4,905,2
2021-02-12,El Dorado,017,186661,8957,8725,584,9309,92
2021-02-12,Fresno,019,978130,94455,92520,7437,99957,1273
2021-02-12,Glenn,021,27897,2211,2175,481,2656,14
2021-02-12,Humboldt,023,135768,3005,2961,20,2981,29
2021-02-12,Imperial,025,180216,27063,26646,2461,29107,585
2021-02-12,Inyo,027,18085,1215,1156,8,1164,32
2021-02-12,Kern,029,883053,91835,89532,9375,98907,949
2021-02-12,Kings,031,150075,21922,21462,937,22399,202
2021-02-12,Lake,033,64148,3080,3012,1,3013,36
2021-02-12,Lassen,035,31185,5070,5015,92,5107,1
2021-02-12,Los Angeles,037,10098052,1158459,1131185,38522,1169707,18637
2021-02-12,Madera,039,155013,15292,15022,775,15797,106
2021-02-12,Marin,041,260295,12919,12720,152,12872,200
2021-02-12,Mariposa,043,17540,372,365,4,369,4
2021-02-12,Mendocino,045,87422,3572,3447,68,3515,38
2021-02-12,Merced,047,269075,27655,27453,855,28308,367
2021-02-12,Modoc,049,8938,336,324,113,437,3
2021-02-12,Mono,051,14174,1168,1172,16,1188,3
2021-02-12,Monterey,053,433212,41357,40633,1614,42247,297
2021-02-12,Napa,055,140530,8855,8785,33,8818,55
2021-02-12,Nevada,057,99092,3864,3728,151,3879,47
2021-02-12,Orange,059,3164182,243922,241075,9995,251070,3505
2021-02-12,Placer,061,380077,20132,19174,1068,20242,230
2021-02-12,Plumas,063,18699,635,614,10,624,4
2021-02-12,Riverside,065,2383286,282231,274792,13239,288031,3438
2021-02-12,Sacramento,067,1510023,92061,90252,1166,91418,1295
2021-02-12,San Benito,069,59416,5644,5622,83,5705,56
2021-02-12,San Bernardino,071,2135413,283563,276890,8411,285301,2827
2021-02-12,San Diego,073,3302833,258998,250788,12468,263256,2979
2021-02-12,San Francisco,075,870044,33430,33179,1002,34181,359
2021-02-12,San Joaquin,077,732212,65495,63966,2665,66631,975
2021-02-12,San Luis Obispo,079,281455,19230,18687,531,19218,224
2021-02-12,San Mateo,081,765935,38739,37560,387,37947,254
2021-02-12,Santa Barbara,083,443738,31371,30454,1012,31466,372
2021-02-12,Santa Clara,085,1922200,107697,106759,540,107299,1543
2021-02-12,Santa Cruz,087,273765,15092,14147,762,14909,170
2021-02-12,Shasta,089,179085,10730,10693,1158,11851,142
2021-02-12,Sierra,091,2930,49,45,12,57,0
2021-02-12,Siskiyou,093,43540,1432,1324,217,1541,4
2021-02-12,Solano,095,438530,29331,28996,343,29339,147
2021-02-12,Sonoma,097,501317,27263,27064,168,27232,275
2021-02-12,Stanislaus,099,539301,49445,48418,5164,53582,697
2021-02-12,Sutter,101,95872,8657,8609,79,8688,93
2021-02-12,Tehama,103,63373,4527,4470,483,4953,27
2021-02-12,Trinity,105,12862,455,269,70,339,3
2021-02-12,Tulare,107,460477,47424,46016,7591,53607,710
2021-02-12,Tuolumne,109,53932,3728,3736,32,3768,49
2021-02-12,Ventura,111,848112,76151,75210,2704,77914,605
2021-02-12,Yolo,113,214977,12591,12340,202,12542,175
2021-02-12,Yuba,115,75493,5379,5274,82,5356,38
2021-02-11,Alameda,001,1643700,78860,77564,1674,79238,960
2021-02-11,Alpine,003,1148,77,76,0,76,0
2021-02-11,Amador,005,37829,3413,3368,29,3397,35
2021-02-11,Butte,007,227075,11103,10624,1565,12189,155
2021-02-11,Calaveras,009,45235,1868,1856,12,1868,21
2021-02-11,Colusa,011,21464,1849,1823,247,2070,10
2021-02-11,Contra Costa,013,1133247,61310,59633,1039,60672,605
2021-02-11,Del Norte,015,27424,942,894,4,898,2
2021-02-11,El Dorado,017,186661,8936,8698,584,9282,92
2021-02-11,Fresno,019,978130,94302,92168,7412,99580,1255
2021-02-11,Glenn,021,27897,2206,2166,480,2646,14
2021-02-11,Humboldt,023,135768,2992,2954,19,2973,29
2021-02-11,Imperial,025,180216,27039,26545,2459,29004,578
2021-02-11,Inyo,027,18085,1206,1144,8,1152,32
2021-02-11,Kern,029,883053,91644,89224,9332,98556,941
2021-02-11,Kings,031,150075,21892,21373,934,22307,202
2021-02-11,Lake,033,64148,3070,3002,1,3003,36
2021-02-11,Lassen,035,31185,5059,5004,89,5093,1
2021-02-11,Los Angeles,037,10098052,1156828,1128437,38453,1166890,18500
2021-02-11,Madera,039,155013,15271,14984,773,15757,106
2021-02-11,Marin,041,260295,12882,12682,152,12834,200
2021-02-11,Mariposa,043,17540,372,361,4,365,4
2021-02-11,Mendocino,045,87422,3565,3420,68,3488,38
2021-02-11,Merced,047,269075,27589,27325,851,28176,363
2021-02-11,Modoc,049,8938,335,317,113,430,3
2021-02-11,Mono,051,14174,1164,1173,16,1189,3
2021-02-11,Monterey,053,433212,41251,40469,1608,42077,295
2021-02-11,Napa,055,140530,8834,8777,33,8810,55
2021-02-11,Nevada,057,99092,3848,3720,151,3871,47
2021-02-11,Orange,059,3164182,243556,240590,9972,250562,3476
2021-02-11,Placer,061,380077,20092,19118,1067,20185,224
2021-02-11,Plumas,063,18699,634,592,10,602,4
2021-02-11,Riverside,065,2383286,281865,274313,13224,287537,3394
2021-02-11,Sacramento,067,1510023,91818,89988,1160,91148,1286
2021-02-11,San Benito,069,59416,5635,5609,83,5692,56
2021-02-11,San Bernardino,071,2135413,283264,276349,8397,284746,2774
2021-02-11,San Diego,073,3302833,258445,249971,12434,262405,2955
2021-02-11,San Francisco,075,870044,33346,33076,993,34069,356
2021-02-11,San Joaquin,077,732212,65326,63719,2655,66374,971
2021-02-11,San Luis Obispo,079,281455,19165,18615,527,19142,219
2021-02-11,San Mateo,081,765935,38649,37439,385,37824,253
2021-02-11,Santa Barbara,083,443738,31274,30375,1007,31382,370
2021-02-11,Santa Clara,085,1922200,107437,106392,534,106926,1507
2021-02-11,Santa Cruz,087,273765,15069,14088,757,14845,165
2021-02-11,Shasta,089,179085,10706,10672,1154,11826,140
2021-02-11,Sierra,091,2930,49,45,12,57,0
2021-02-11,Siskiyou,093,43540,1417,1320,217,1537,4
2021-02-11,Solano,095,438530,29278,28885,343,29228,138
2021-02-11,Sonoma,097,501317,27178,26971,165,27136,272
2021-02-11,Stanislaus,099,539301,49300,48205,5152,53357,697
2021-02-11,Sutter,101,95872,8643,8590,78,8668,93
2021-02-11,Tehama,103,63373,4521,4463,483,4946,26
2021-02-11,Trinity,105,12862,455,269,70,339,3
2021-02-11,Tulare,107,460477,47329,45897,7550,53447,706
2021-02-11,Tuolumne,109,53932,3691,3716,32,3748,48
2021-02-11,Ventura,111,848112,75949,74959,2695,77654,590
2021-02-11,Yolo,113,214977,12567,12303,200,12503,173
2021-02-11,Yuba,115,75493,5365,5261,81,5342,38
2021-02-10,Alameda,001,1643700,78657,77344,1673,79017,944
2021-02-10,Alpine,003,1148,77,76,0,76,0
2021-02-10,Amador,005,37829,3401,3348,29,3377,35
2021-02-10,Butte,007,227075,11075,10594,1564,12158,155
2021-02-10,Calaveras,009,45235,1866,1850,12,1862,21
2021-02-10,Colusa,011,21464,1842,1815,245,2060,10
2021-02-10,Contra Costa,013,1133247,61135,59488,1037,60525,590
2021-02-10,Del Norte,015,27424,936,888,4,892,2
2021-02-10,El Dorado,017,186661,8905,8682,580,9262,87
2021-02-10,Fresno,019,978130,94127,91876,7386,99262,1247
2021-02-10,Glenn,021,27897,2202,2160,478,2638,14
2021-02-10,Humboldt,023,135768,2984,2924,19,2943,29
2021-02-10,Imperial,025,180216,27001,26522,2456,28978,578
2021-02-10,Inyo,027,18085,1194,1138,8,1146,30
2021-02-10,Kern,029,883053,91438,88933,9278,98211,926
2021-02-10,Kings,031,150075,21849,21294,932,22226,197
2021-02-10,Lake,033,64148,3057,2975,1,2976,36
2021-02-10,Lassen,035,31185,5055,4993,89,5082,1
2021-02-10,Los Angeles,037,10098052,1155081,1125437,38324,1163761,18338
2021-02-10,Madera,039,155013,15232,14925,771,15696,105
2021-02-10,Marin,041,260295,12845,12651,152,12803,199
2021-02-10,Mariposa,043,17540,370,360,4,364,4
2021-02-10,Mendocino,045,87422,3550,3395,68,3463,38
2021-02-10,Merced,047,269075,27506,27246,840,28086,359
2021-02-10,Modoc,049,8938,334,315,111,426,3
2021-02-10,Mono,051,14174,1159,1170,16,1186,3
2021-02-10,Monterey,053,433212,41174,40366,1593,41959,288
2021-02-10,Napa,055,140530,8815,8769,33,8802,55
2021-02-10,Nevada,057,99092,3833,3693,149,3842,47
2021-02-10,Orange,059,3164182,243139,239974,9941,249915,3439
2021-02-10,Placer,061,380077,20053,19062,1062,20124,220
2021-02-10,Plumas,063,18699,631,589,10,599,2
2021-02-10,Riverside,065,2383286,281438,273721,13214,286935,3374
2021-02-10,Sacramento,067,1510023,91567,89653,1156,90809,1275
2021-02-10,San Benito,069,59416,5621,5591,83,5674,55
2021-02-10,San Bernardino,071,2135413,282908,275616,8381,283997,2696
2021-02-10,San Diego,073,3302833,257863,248858,12396,261254,2904
2021-02-10,San Francisco,075,870044,33263,32955,990,33945,351
2021-02-10,San Joaquin,077,732212,65184,63484,2641,66125,954
2021-02-10,San Luis Obispo,079,281455,19086,18549,525,19074,216
2021-02-10,San Mateo,081,765935,38559,37323,385,37708,245
2021-02-10,Santa Barbara,083,443738,31183,30216,1002,31218,359
2021-02-10,Santa Clara,085,1922200,107197,106048,531,106579,1489
2021-02-10,Santa Cruz,087,273765,15033,14007,755,14762,165
2021-02-10,Shasta,089,179085,10683,10645,1151,11796,142
2021-02-10,Sierra,091,2930,49,45,12,57,0
2021-02-10,Siskiyou,093,43540,1412,1314,216,1530,4
2021-02-10,Solano,095,438530,29203,28835,341,29176,137
2021-02-10,Sonoma,097,501317,27083,26881,163,27044,271
2021-02-10,Stanislaus,099,539301,49181,48016,5136,53152,696
2021-02-10,Sutter,101,95872,8626,8571,78,8649,93
2021-02-10,Tehama,103,63373,4513,4445,483,4928,23
2021-02-10,Trinity,105,12862,452,268,70,338,3
2021-02-10,Tulare,107,460477,47212,45782,7511,53293,696
2021-02-10,Tuolumne,109,53932,3683,3691,32,3723,48
2021-02-10,Ventura,111,848112,75721,74651,2678,77329,580
2021-02-10,Yolo,113,214977,12543,12276,199,12475,174
2021-02-10,Yuba,115,75493,5347,5241,81,5322,38
2021-02-09,Alameda,001,1643700,78393,77018,1669,78687,936
2021-02-09,Alpine,003,1148,77,76,0,76,0
2021-02-09,Amador,005,37829,3393,3347,29,3376,35
2021-02-09,Butte,007,227075,11049,10563,1561,12124,153
2021-02-09,Calaveras,009,45235,1862,1847,12,1859,21
2021-02-09,Colusa,011,21464,1833,1812,240,2052,10
2021-02-09,Contra Costa,013,1133247,60945,59307,1031,60338,583
2021-02-09,Del Norte,015,27424,930,886,4,890,2
2021-02-09,El Dorado,017,186661,8878,8663,579,9242,87
2021-02-09,Fresno,019,978130,93885,91730,7358,99088,1211
2021-02-09,Glenn,021,27897,2198,2156,478,2634,14
2021-02-09,Humboldt,023,135768,2976,2904,19,2923,29
2021-02-09,Imperial,025,180216,26970,26509,2453,28962,568
2021-02-09,Inyo,027,18085,1186,1137,8,1145,30
2021-02-09,Kern,029,883053,91186,88684,9232,97916,920
2021-02-09,Kings,031,150075,21807,21275,930,22205,196
2021-02-09,Lake,033,64148,3046,2955,1,2956,36
2021-02-09,Lassen,035,31185,5048,4983,89,5072,1
2021-02-09,Los Angeles,037,10098052,1153110,1122745,38239,1160984,18198
2021-02-09,Madera,039,155013,15212,14912,768,15680,105
2021-02-09,Marin,041,260295,12812,12623,151,12774,197
2021-02-09,Mariposa,043,17540,368,355,4,359,4
2021-02-09,Mendocino,045,87422,3532,3369,68,3437,38
2021-02-09,Merced,047,269075,27408,27166,835,28001,354
2021-02-09,Modoc,049,8938,333,316,111,427,3
2021-02-09,Mono,051,14174,1158,1167,16,1183,3
2021-02-09,Monterey,053,433212,41066,40279,1580,41859,285
2021-02-09,Napa,055,140530,8802,8749,33,8782,55
2021-02-09,Nevada,057,99092,3817,3687,149,3836,44
2021-02-09,Orange,059,3164182,242727,239169,9910,249079,3406
2021-02-09,Placer,061,380077,19988,19008,1055,20063,220
2021-02-09,Plumas,063,18699,631,584,10,594,2
2021-02-09,Riverside,065,2383286,280944,273465,13197,286662,3334
2021-02-09,Sacramento,067,1510023,91256,89378,1155,90533,1265
2021-02-09,San Benito,069,59416,5609,5566,82,5648,54
2021-02-09,San Bernardino,071,2135413,282534,274998,8368,283366,2613
2021-02-09,San Diego,073,3302833,257205,248048,12353,260401,2853
2021-02-09,San Francisco,075,870044,33184,32782,980,33762,349
2021-02-09,San Joaquin,077,732212,65010,63341,2636,65977,937
2021-02-09,San Luis Obispo,079,281455,19027,18489,524,19013,216
2021-02-09,San Mateo,081,765935,38428,37227,384,37611,235
2021-02-09,Santa Barbara,083,443738,31071,30118,996,31114,351
2021-02-09,Santa Clara,085,1922200,106891,105762,528,106290,1463
2021-02-09,Santa Cruz,087,273765,14983,13958,750,14708,162
2021-02-09,Shasta,089,179085,10655,10595,1149,11744,139
2021-02-09,Sierra,091,2930,49,44,12,56,0
2021-02-09,Siskiyou,093,43540,1404,1306,214,1520,4
2021-02-09,Solano,095,438530,29124,28769,338,29107,131
2021-02-09,Sonoma,097,501317,26993,26826,161,26987,267
2021-02-09,Stanislaus,099,539301,49021,47906,5120,53026,679
2021-02-09,Sutter,101,95872,8610,8541,78,8619,92
2021-02-09,Tehama,103,63373,4506,4416,482,4898,22
2021-02-09,Trinity,105,12862,452,266,70,336,3
2021-02-09,Tulare,107,460477,47078,45704,7457,53161,686
2021-02-09,Tuolumne,109,53932,3664,3673,32,3705,48
2021-02-09,Ventura,111,848112,75469,74333,2670,77003,567
2021-02-09,Yolo,113,214977,12501,12220,199,12419,174
2021-02-09,Yuba,115,75493,5338,5235,81,5316,35
2021-02-08,Alameda,001,1643700,78129,76735,1664,78399,924
2021-02-08,Alpine,003,1148,77,73,0,73,0
2021-02-08,Amador,005,37829,3386,3344,28,3372,33
2021-02-08,Butte,007,227075,11027,10524,1557,12081,152
2021-02-08,Calaveras,009,45235,1861,1840,12,1852,21
2021-02-08,Colusa,011,21464,1825,1802,236,2038,10
2021-02-08,Contra Costa,013,1133247,60734,59039,1029,60068,567
2021-02-08,Del Norte,015,27424,927,885,4,889,2
2021-02-08,El Dorado,017,186661,8847,8627,577,9204,86
2021-02-08,Fresno,019,978130,93672,91430,7332,98762,1207
2021-02-08,Glenn,021,27897,2194,2148,476,2624,14
2021-02-08,Humboldt,023,135768,2968,2902,19,2921,29
2021-02-08,Imperial,025,180216,26948,26526,2451,28977,567
2021-02-08,Inyo,027,18085,1173,1126,8,1134,30
2021-02-08,Kern,029,883053,90969,88380,9172,97552,920
2021-02-08,Kings,031,150075,21745,21232,927,22159,195
2021-02-08,Lake,033,64148,3027,2949,1,2950,36
2021-02-08,Lassen,035,31185,5035,4976,89,5065,1
2021-02-08,Los Angeles,037,10098052,1151014,1120179,38117,1158296,17977
2021-02-08,Madera,039,155013,15176,14887,761,15648,93
2021-02-08,Marin,041,260295,12782,12591,151,12742,194
2021-02-08,Mariposa,043,17540,368,355,4,359,4
2021-02-08,Mendocino,045,87422,3518,3355,68,3423,38
2021-02-08,Merced,047,269075,27324,27082,830,27912,346
2021-02-08,Modoc,049,8938,331,318,111,429,3
2021-02-08,Mono,051,14174,1158,1165,16,1181,3
2021-02-08,Monterey,053,433212,40946,40186,1561,41747,283
2021-02-08,Napa,055,140530,8787,8719,33,8752,55
2021-02-08,Nevada,057,99092,3805,3671,149,3820,44
2021-02-08,Orange,059,3164182,242260,238715,9887,248602,3361
2021-02-08,Placer,061,380077,19946,18944,1049,19993,211
2021-02-08,Plumas,063,18699,630,584,10,594,2
2021-02-08,Riverside,065,2383286,280375,272904,13171,286075,3301
2021-02-08,Sacramento,067,1510023,90970,89267,1152,90419,1247
2021-02-08,San Benito,069,59416,5604,5553,81,5634,52
2021-02-08,San Bernardino,071,2135413,282131,274661,8362,283023,2587
2021-02-08,San Diego,073,3302833,256462,247259,12312,259571,2821
2021-02-08,San Francisco,075,870044,33090,32679,972,33651,348
2021-02-08,San Joaquin,077,732212,64848,63148,2626,65774,929
2021-02-08,San Luis Obispo,079,281455,18970,18421,519,18940,214
2021-02-08,San Mateo,081,765935,38319,37084,384,37468,232
2021-02-08,Santa Barbara,083,443738,30956,29978,989,30967,340
2021-02-08,Santa Clara,085,1922200,106567,105413,520,105933,1456
2021-02-08,Santa Cruz,087,273765,14944,13921,744,14665,161
2021-02-08,Shasta,089,179085,10628,10574,1143,11717,137
2021-02-08,Sierra,091,2930,49,44,12,56,0
2021-02-08,Siskiyou,093,43540,1401,1303,214,1517,4
2021-02-08,Solano,095,438530,29058,28644,336,28980,130
2021-02-08,Sonoma,097,501317,26902,26760,160,26920,259
2021-02-08,Stanislaus,099,539301,48866,47704,5092,52796,679
2021-02-08,Sutter,101,95872,8591,8526,78,8604,92
2021-02-08,Tehama,103,63373,4495,4403,479,4882,22
2021-02-08,Trinity,105,12862,450,266,70,336,3
2021-02-08,Tulare,107,460477,46970,45617,7417,53034,673
2021-02-08,Tuolumne,109,53932,3656,3647,32,3679,48
2021-02-08,Ventura,111,848112,75212,74068,2664,76732,565
2021-02-08,Yolo,113,214977,12469,12169,198,12367,162
2021-02-08,Yuba,115,75493,5322,5215,81,5296,35
2021-02-07,Alameda,001,1643700,77827,76500,1656,78156,924
2021-02-07,Alpine,003,1148,74,72,0,72,0
2021-02-07,Amador,005,37829,3365,3343,28,3371,33
2021-02-07,Butte,007,227075,10994,10513,1549,12062,152
2021-02-07,Calaveras,009,45235,1857,1837,12,1849,21
2021-02-07,Colusa,011,21464,1814,1795,234,2029,10
2021-02-07,Contra Costa,013,1133247,60489,58836,1024,59860,566
2021-02-07,Del Norte,015,27424,923,881,4,885,2
2021-02-07,El Dorado,017,186661,8818,8596,575,9171,86
2021-02-07,Fresno,019,978130,93442,91184,7294,98478,1207
2021-02-07,Glenn,021,27897,2190,2141,471,2612,14
2021-02-07,Humboldt,023,135768,2947,2895,19,2914,28
2021-02-07,Imperial,025,180216,26921,26518,2446,28964,567
2021-02-07,Inyo,027,18085,1162,1124,8,1132,27
2021-02-07,Kern,029,883053,90722,88146,9114,97260,920
2021-02-07,Kings,031,150075,21684,21180,924,22104,192
2021-02-07,Lake,033,64148,3012,2940,1,2941,36
2021-02-07,Lassen,035,31185,5024,4973,89,5062,1
2021-02-07,Los Angeles,037,10098052,1148256,1117551,37988,1155539,17889
2021-02-07,Madera,039,155013,15142,14850,757,15607,93
2021-02-07,Marin,041,260295,12749,12571,149,12720,194
2021-02-07,Mariposa,043,17540,367,355,4,359,4
2021-02-07,Mendocino,045,87422,3501,3348,68,3416,38
2021-02-07,Merced,047,269075,27212,26977,818,27795,346
2021-02-07,Modoc,049,8938,331,317,107,424,3
2021-02-07,Mono,051,14174,1155,1165,16,1181,3
2021-02-07,Monterey,053,433212,40810,40113,1542,41655,283
2021-02-07,Napa,055,140530,8764,8701,33,8734,55
2021-02-07,Nevada,057,99092,3794,3643,149,3792,44
2021-02-07,Orange,059,3164182,241661,238155,9854,248009,3336
2021-02-07,Placer,061,380077,19899,18903,1036,19939,211
2021-02-07,Plumas,063,18699,630,584,10,594,2
2021-02-07,Riverside,065,2383286,279847,272301,13150,285451,3267
2021-02-07,Sacramento,067,1510023,90638,88919,1145,90064,1246
2021-02-07,San Benito,069,59416,5585,5548,80,5628,52
2021-02-07,San Bernardino,071,2135413,281536,274316,8337,282653,2587
2021-02-07,San Diego,073,3302833,255676,246561,12248,258809,2821
2021-02-07,San Francisco,075,870044,32970,32609,960,33569,348
2021-02-07,San Joaquin,077,732212,64574,63051,2611,65662,929
2021-02-07,San Luis Obispo,079,281455,18898,18349,512,18861,214
2021-02-07,San Mateo,081,765935,38185,36984,382,37366,232
2021-02-07,Santa Barbara,083,443738,30816,29815,978,30793,340
2021-02-07,Santa Clara,085,1922200,106228,105118,510,105628,1450
2021-02-07,Santa Cruz,087,273765,14890,13887,739,14626,161
2021-02-07,Shasta,089,179085,10608,10570,1135,11705,137
2021-02-07,Sierra,091,2930,49,43,12,55,0
2021-02-07,Siskiyou,093,43540,1394,1295,212,1507,4
2021-02-07,Solano,095,438530,28947,28567,335,28902,130
2021-02-07,Sonoma,097,501317,26795,26684,156,26840,257
2021-02-07,Stanislaus,099,539301,48675,47551,5060,52611,679
2021-02-07,Sutter,101,95872,8563,8515,78,8593,92
2021-02-07,Tehama,103,63373,4479,4396,478,4874,22
2021-02-07,Trinity,105,12862,447,264,68,332,3
2021-02-07,Tulare,107,460477,46848,45520,7339,52859,671
2021-02-07,Tuolumne,109,53932,3632,3619,31,3650,48
2021-02-07,Ventura,111,848112,74901,73759,2652,76411,561
2021-02-07,Yolo,113,214977,12424,12135,198,12333,162
2021-02-07,Yuba,115,75493,5307,5198,79,5277,35
2021-02-06,Alameda,001,1643700,77673,76170,1645,77815,922
2021-02-06,Alpine,003,1148,74,72,0,72,0
2021-02-06,Amador,005,37829,3359,3306,28,3334,33
2021-02-06,Butte,007,227075,10977,10480,1545,12025,150
2021-02-06,Calaveras,009,45235,1855,1832,12,1844,21
2021-02-06,Colusa,011,21464,1812,1791,233,2024,10
2021-02-06,Contra Costa,013,1133247,60342,58567,1018,59585,566
2021-02-06,Del Norte,015,27424,919,879,4,883,2
2021-02-06,El Dorado,017,186661,8811,8575,571,9146,86
2021-02-06,Fresno,019,978130,93329,90944,7273,98217,1207
2021-02-06,Glenn,021,27897,2188,2136,470,2606,14
2021-02-06,Humboldt,023,135768,2936,2880,19,2899,28
2021-02-06,Imperial,025,180216,26909,26514,2445,28959,567
2021-02-06,Inyo,027,18085,1159,1113,8,1121,27
2021-02-06,Kern,029,883053,90568,87919,9068,96987,912
2021-02-06,Kings,031,150075,21654,21156,924,22080,190
2021-02-06,Lake,033,64148,3007,2920,1,2921,34
2021-02-06,Lassen,035,31185,5020,4964,88,5052,1
2021-02-06,Los Angeles,037,10098052,1146901,1114718,37890,1152608,17793
2021-02-06,Madera,039,155013,15121,14807,755,15562,93
2021-02-06,Marin,041,260295,12729,12531,149,12680,194
2021-02-06,Mariposa,043,17540,366,355,3,358,4
2021-02-06,Mendocino,045,87422,3483,3316,67,3383,38
2021-02-06,Merced,047,269075,27126,26881,810,27691,346
2021-02-06,Modoc,049,8938,331,313,107,420,3
2021-02-06,Mono,051,14174,1154,1159,16,1175,3
2021-02-06,Monterey,053,433212,40752,39995,1534,41529,282
2021-02-06,Napa,055,140530,8751,8639,33,8672,55
2021-02-06,Nevada,057,99092,3782,3624,149,3773,43
2021-02-06,Orange,059,3164182,241297,237391,9820,247211,3293
2021-02-06,Placer,061,380077,19862,18836,1033,19869,211
2021-02-06,Plumas,063,18699,630,584,10,594,2
2021-02-06,Riverside,065,2383286,279478,271741,13131,284872,3243
2021-02-06,Sacramento,067,1510023,90421,88532,1135,89667,1237
2021-02-06,San Benito,069,59416,5567,5516,80,5596,52
2021-02-06,San Bernardino,071,2135413,281226,273718,8314,282032,2564
2021-02-06,San Diego,073,3302833,255180,245331,12213,257544,2812
2021-02-06,San Francisco,075,870044,32896,32437,950,33387,346
2021-02-06,San Joaquin,077,732212,64495,62840,2600,65440,906
2021-02-06,San Luis Obispo,079,281455,18856,18284,508,18792,214
2021-02-06,San Mateo,081,765935,38117,36824,379,37203,232
2021-02-06,Santa Barbara,083,443738,30740,29645,976,30621,337
2021-02-06,Santa Clara,085,1922200,106006,104639,505,105144,1439
2021-02-06,Santa Cruz,087,273765,14859,13845,735,14580,161
2021-02-06,Shasta,089,179085,10597,10561,1133,11694,137
2021-02-06,Sierra,091,2930,49,43,12,55,0
2021-02-06,Siskiyou,093,43540,1391,1289,211,1500,4
2021-02-06,Solano,095,438530,28911,28446,334,28780,129
2021-02-06,Sonoma,097,501317,26758,26564,154,26718,257
2021-02-06,Stanislaus,099,539301,48579,47325,5044,52369,679
2021-02-06,Sutter,101,95872,8555,8485,78,8563,92
2021-02-06,Tehama,103,63373,4470,4380,477,4857,22
2021-02-06,Trinity,105,12862,447,263,68,331,3
2021-02-06,Tulare,107,460477,46780,45349,7292,52641,664
2021-02-06,Tuolumne,109,53932,3625,3612,31,3643,48
2021-02-06,Ventura,111,848112,74721,73431,2646,76077,552
2021-02-06,Yolo,113,214977,12401,12061,198,12259,161
2021-02-06,Yuba,115,75493,5297,5177,78,5255,35
2021-02-05,Alameda,001,1643700,77445,75716,1643,77359,916
2021-02-05,Alpine,003,1148,74,72,0,72,0
2021-02-05,Amador,005,37829,3354,3299,27,3326,33
2021-02-05,Butte,007,227075,10958,10421,1538,11959,150
2021-02-05,Calaveras,009,45235,1851,1818,12,1830,21
2021-02-05,Colusa,011,21464,1808,1785,233,2018,10
2021-02-05,Contra Costa,013,1133247,60181,58195,1016,59211,560
2021-02-05,Del Norte,015,27424,918,874,4,878,2
2021-02-05,El Dorado,017,186661,8791,8527,569,9096,86
2021-02-05,Fresno,019,978130,93127,90513,7252,97765,1194
2021-02-05,Glenn,021,27897,2185,2122,464,2586,14
2021-02-05,Humboldt,023,135768,2926,2857,19,2876,28
2021-02-05,Imperial,025,180216,26890,26474,2444,28918,557
2021-02-05,Inyo,027,18085,1155,1104,8,1112,27
2021-02-05,Kern,029,883053,90399,87470,9001,96471,906
2021-02-05,Kings,031,150075,21616,21021,921,21942,190
2021-02-05,Lake,033,64148,2995,2906,1,2907,33
2021-02-05,Lassen,035,31185,5016,4936,88,5024,1
2021-02-05,Los Angeles,037,10098052,1144802,1110384,37757,1148141,17608
2021-02-05,Madera,039,155013,15087,14752,750,15502,95
2021-02-05,Marin,041,260295,12694,12479,149,12628,193
2021-02-05,Mariposa,043,17540,366,352,3,355,4
2021-02-05,Mendocino,045,87422,3469,3272,67,3339,38
2021-02-05,Merced,047,269075,27066,26760,809,27569,345
2021-02-05,Modoc,049,8938,331,312,107,419,3
2021-02-05,Mono,051,14174,1153,1157,16,1173,3
2021-02-05,Monterey,053,433212,40685,39840,1523,41363,281
2021-02-05,Napa,055,140530,8737,8598,33,8631,55
2021-02-05,Nevada,057,99092,3779,3607,149,3756,43
2021-02-05,Orange,059,3164182,240870,236335,9793,246128,3260
2021-02-05,Placer,061,380077,19826,18756,1031,19787,211
2021-02-05,Plumas,063,18699,628,578,10,588,2
2021-02-05,Riverside,065,2383286,279064,270666,13112,283778,3235
2021-02-05,Sacramento,067,1510023,90241,87992,1128,89120,1231
2021-02-05,San Benito,069,59416,5556,5502,80,5582,51
2021-02-05,San Bernardino,071,2135413,280882,272938,8296,281234,2495
2021-02-05,San Diego,073,3302833,254604,244066,12178,256244,2777
2021-02-05,San Francisco,075,870044,32806,32229,939,33168,337
2021-02-05,San Joaquin,077,732212,64346,62565,2592,65157,902
2021-02-05,San Luis Obispo,079,281455,18795,18152,504,18656,213
2021-02-05,San Mateo,081,765935,38034,36582,378,36960,227
2021-02-05,Santa Barbara,083,443738,30643,29455,963,30418,334
2021-02-05,Santa Clara,085,1922200,105758,104112,503,104615,1421
2021-02-05,Santa Cruz,087,273765,14838,13776,733,14509,161
2021-02-05,Shasta,089,179085,10581,10507,1126,11633,136
2021-02-05,Sierra,091,2930,49,42,12,54,0
2021-02-05,Siskiyou,093,43540,1384,1276,209,1485,4
2021-02-05,Solano,095,438530,28861,28283,334,28617,127
2021-02-05,Sonoma,097,501317,26689,26423,151,26574,252
2021-02-05,Stanislaus,099,539301,48434,47024,5026,52050,678
2021-02-05,Sutter,101,95872,8535,8443,78,8521,92
2021-02-05,Tehama,103,63373,4461,4355,476,4831,22
2021-02-05,Trinity,105,12862,446,260,68,328,3
2021-02-05,Tulare,107,460477,46704,45138,7242,52380,663
2021-02-05,Tuolumne,109,53932,3599,3595,31,3626,45
2021-02-05,Ventura,111,848112,74476,72953,2634,75587,546
2021-02-05,Yolo,113,214977,12382,12025,193,12218,162
2021-02-05,Yuba,115,75493,5280,5145,78,5223,35
2021-02-04,Alameda,001,1643700,77160,75422,1637,77059,899
2021-02-04,Alpine,003,1148,73,72,0,72,0
2021-02-04,Amador,005,37829,3351,3288,27,3315,33
2021-02-04,Butte,007,227075,10925,10386,1530,11916,147
2021-02-04,Calaveras,009,45235,1849,1808,12,1820,21
2021-02-04,Colusa,011,21464,1804,1777,231,2008,10
2021-02-04,Contra Costa,013,1133247,59993,57991,1012,59003,550
2021-02-04,Del Norte,015,27424,912,870,4,874,2
2021-02-04,El Dorado,017,186661,8765,8490,566,9056,86
2021-02-04,Fresno,019,978130,92912,90126,7225,97351,1114
2021-02-04,Glenn,021,27897,2180,2102,463,2565,14
2021-02-04,Humboldt,023,135768,2916,2827,19,2846,28
2021-02-04,Imperial,025,180216,26844,26411,2442,28853,556
2021-02-04,Inyo,027,18085,1143,1084,8,1092,27
2021-02-04,Kern,029,883053,90125,87156,8923,96079,898
2021-02-04,Kings,031,150075,21565,20918,914,21832,187
2021-02-04,Lake,033,64148,2983,2882,1,2883,34
2021-02-04,Lassen,035,31185,5013,4927,88,5015,1
2021-02-04,Los Angeles,037,10098052,1142002,1106323,37630,1143953,17396
2021-02-04,Madera,039,155013,15057,14706,747,15453,95
2021-02-04,Marin,041,260295,12658,12431,149,12580,192
2021-02-04,Mariposa,043,17540,366,348,3,351,4
2021-02-04,Mendocino,045,87422,3451,3240,65,3305,38
2021-02-04,Merced,047,269075,26972,26629,806,27435,345
2021-02-04,Modoc,049,8938,331,309,107,416,3
2021-02-04,Mono,051,14174,1151,1153,16,1169,3
2021-02-04,Monterey,053,433212,40574,39619,1506,41125,279
2021-02-04,Napa,055,140530,8708,8573,33,8606,55
2021-02-04,Nevada,057,99092,3759,3590,148,3738,37
2021-02-04,Orange,059,3164182,240226,235677,9751,245428,3238
2021-02-04,Placer,061,380077,19766,18711,1022,19733,210
2021-02-04,Plumas,063,18699,625,562,10,572,2
2021-02-04,Riverside,065,2383286,278300,269851,13073,282924,3230
2021-02-04,Sacramento,067,1510023,89940,87658,1118,88776,1222
2021-02-04,San Benito,069,59416,5542,5488,79,5567,51
2021-02-04,San Bernardino,071,2135413,280333,272223,8276,280499,2409
2021-02-04,San Diego,073,3302833,253816,242613,12112,254725,2738
2021-02-04,San Francisco,075,870044,32692,32116,930,33046,326
2021-02-04,San Joaquin,077,732212,64121,62374,2584,64958,883
2021-02-04,San Luis Obispo,079,281455,18728,18058,502,18560,211
2021-02-04,San Mateo,081,765935,37913,36437,375,36812,226
2021-02-04,Santa Barbara,083,443738,30508,29344,946,30290,322
2021-02-04,Santa Clara,085,1922200,105415,103781,500,104281,1404
2021-02-04,Santa Cruz,087,273765,14805,13713,725,14438,156
2021-02-04,Shasta,089,179085,10555,10466,1121,11587,131
2021-02-04,Sierra,091,2930,49,42,12,54,0
2021-02-04,Siskiyou,093,43540,1375,1273,209,1482,4
2021-02-04,Solano,095,438530,28758,28192,332,28524,120
2021-02-04,Sonoma,097,501317,26607,26276,147,26423,249
2021-02-04,Stanislaus,099,539301,48272,46822,5007,51829,678
2021-02-04,Sutter,101,95872,8515,8401,78,8479,92
2021-02-04,Tehama,103,63373,4444,4327,475,4802,21
2021-02-04,Trinity,105,12862,445,260,67,327,3
2021-02-04,Tulare,107,460477,46577,44983,7180,52163,656
2021-02-04,Tuolumne,109,53932,3559,3585,31,3616,45
2021-02-04,Ventura,111,848112,74144,72595,2621,75216,537
2021-02-04,Yolo,113,214977,12348,11982,192,12174,161
2021-02-04,Yuba,115,75493,5254,5135,78,5213,34
2021-02-03,Alameda,001,1643700,76835,74968,1633,76601,880
2021-02-03,Alpine,003,1148,73,72,0,72,0
2021-02-03,Amador,005,37829,3347,3281,27,3308,33
2021-02-03,Butte,007,227075,10894,10355,1523,11878,144
2021-02-03,Calaveras,009,45235,1834,1799,11,1810,21
2021-02-03,Colusa,011,21464,1799,1773,230,2003,10
2021-02-03,Contra Costa,013,1133247,59753,57762,1000,58762,537
2021-02-03,Del Norte,015,27424,907,869,4,873,2
2021-02-03,El Dorado,017,186661,8744,8428,565,8993,86
2021-02-03,Fresno,019,978130,92691,89748,7186,96934,1015
2021-02-03,Glenn,021,27897,2170,2098,462,2560,14
2021-02-03,Humboldt,023,135768,2906,2800,19,2819,27
2021-02-03,Imperial,025,180216,26808,26363,2436,28799,547
2021-02-03,Inyo,027,18085,1133,1071,8,1079,27
2021-02-03,Kern,029,883053,89882,86771,8882,95653,877
2021-02-03,Kings,031,150075,21504,20831,912,21743,172
2021-02-03,Lake,033,64148,2965,2869,1,2870,33
2021-02-03,Lassen,035,31185,5001,4910,88,4998,1
2021-02-03,Los Angeles,037,10098052,1138920,1101890,37505,1139395,17163
2021-02-03,Madera,039,155013,15018,14605,745,15350,94
2021-02-03,Marin,041,260295,12623,12406,149,12555,190
2021-02-03,Mariposa,043,17540,365,347,3,350,4
2021-02-03,Mendocino,045,87422,3425,3236,64,3300,38
2021-02-03,Merced,047,269075,26857,26520,801,27321,343
2021-02-03,Modoc,049,8938,330,308,107,415,3
2021-02-03,Mono,051,14174,1144,1146,16,1162,3
2021-02-03,Monterey,053,433212,40447,39500,1489,40989,279
2021-02-03,Napa,055,140530,8673,8534,33,8567,54
2021-02-03,Nevada,057,99092,3745,3572,148,3720,35
2021-02-03,Orange,059,3164182,239483,234738,9719,244457,3189
2021-02-03,Placer,061,380077,19711,18646,1020,19666,210
2021-02-03,Plumas,063,18699,625,559,10,569,2
2021-02-03,Riverside,065,2383286,277559,269019,13042,282061,3195
2021-02-03,Sacramento,067,1510023,89617,87415,1114,88529,1212
2021-02-03,San Benito,069,59416,5524,5463,76,5539,51
2021-02-03,San Bernardino,071,2135413,279846,271477,8253,279730,2308
2021-02-03,San Diego,073,3302833,252914,241015,12066,253081,2683
2021-02-03,San Francisco,075,870044,32562,31983,925,32908,325
2021-02-03,San Joaquin,077,732212,63893,61976,2574,64550,880
2021-02-03,San Luis Obispo,079,281455,18650,17922,499,18421,206
2021-02-03,San Mateo,081,765935,37775,36227,371,36598,225
2021-02-03,Santa Barbara,083,443738,30359,29121,936,30057,315
2021-02-03,Santa Clara,085,1922200,105099,103278,498,103776,1364
2021-02-03,Santa Cruz,087,273765,14750,13611,719,14330,154
2021-02-03,Shasta,089,179085,10512,10422,1116,11538,130
2021-02-03,Sierra,091,2930,49,42,12,54,0
2021-02-03,Siskiyou,093,43540,1364,1268,208,1476,4
2021-02-03,Solano,095,438530,28636,28057,332,28389,119
2021-02-03,Sonoma,097,501317,26523,26155,146,26301,248
2021-02-03,Stanislaus,099,539301,48096,46598,4988,51586,662
2021-02-03,Sutter,101,95872,8490,8379,78,8457,90
2021-02-03,Tehama,103,63373,4426,4309,472,4781,21
2021-02-03,Trinity,105,12862,445,260,66,326,3
2021-02-03,Tulare,107,460477,46406,44838,7124,51962,640
2021-02-03,Tuolumne,109,53932,3548,3568,31,3599,45
2021-02-03,Ventura,111,848112,73807,72124,2611,74735,526
2021-02-03,Yolo,113,214977,12323,11933,191,12124,161
2021-02-03,Yuba,115,75493,5236,5124,78,5202,34
2021-02-02,Alameda,001,1643700,76490,74642,1621,76263,869
2021-02-02,Alpine,003,1148,73,72,0,72,0
2021-02-02,Amador,005,37829,3316,3275,27,3302,33
2021-02-02,Butte,007,227075,10868,10307,1514,11821,141
2021-02-02,Calaveras,009,45235,1825,1786,11,1797,21
2021-02-02,Colusa,011,21464,1791,1769,225,1994,9
2021-02-02,Contra Costa,013,1133247,59473,57551,996,58547,536
2021-02-02,Del Norte,015,27424,901,868,4,872,2
2021-02-02,El Dorado,017,186661,8704,8405,565,8970,84
2021-02-02,Fresno,019,978130,92390,89542,7150,96692,1009
2021-02-02,Glenn,021,27897,2158,2090,459,2549,14
2021-02-02,Humboldt,023,135768,2894,2784,19,2803,25
2021-02-02,Imperial,025,180216,26755,26317,2430,28747,535
2021-02-02,Inyo,027,18085,1130,1074,8,1082,27
2021-02-02,Kern,029,883053,89579,86485,8806,95291,867
2021-02-02,Kings,031,150075,21426,20785,904,21689,172
2021-02-02,Lake,033,64148,2945,2857,1,2858,33
2021-02-02,Lassen,035,31185,4994,4908,88,4996,1
2021-02-02,Los Angeles,037,10098052,1135537,1097573,37341,1134914,16913
2021-02-02,Madera,039,155013,14967,14595,740,15335,94
2021-02-02,Marin,041,260295,12594,12367,149,12516,189
2021-02-02,Mariposa,043,17540,362,345,3,348,4
2021-02-02,Mendocino,045,87422,3392,3210,64,3274,38
2021-02-02,Merced,047,269075,26760,26427,794,27221,340
2021-02-02,Modoc,049,8938,325,306,107,413,3
2021-02-02,Mono,051,14174,1142,1147,16,1163,3
2021-02-02,Monterey,053,433212,40312,39371,1475,40846,278
2021-02-02,Napa,055,140530,8644,8505,33,8538,53
2021-02-02,Nevada,057,99092,3730,3548,148,3696,20
2021-02-02,Orange,059,3164182,238681,233783,9684,243467,3152
2021-02-02,Placer,061,380077,19653,18615,1016,19631,205
2021-02-02,Plumas,063,18699,625,560,10,570,2
2021-02-02,Riverside,065,2383286,276700,267901,13008,280909,3169
2021-02-02,Sacramento,067,1510023,89327,87107,1103,88210,1202
2021-02-02,San Benito,069,59416,5510,5444,75,5519,50
2021-02-02,San Bernardino,071,2135413,279166,270486,8223,278709,2244
2021-02-02,San Diego,073,3302833,251875,240047,11979,252026,2629
2021-02-02,San Francisco,075,870044,32408,31788,915,32703,324
2021-02-02,San Joaquin,077,732212,63672,61708,2560,64268,878
2021-02-02,San Luis Obispo,079,281455,18556,17811,497,18308,201
2021-02-02,San Mateo,081,765935,37611,36004,365,36369,225
2021-02-02,Santa Barbara,083,443738,30188,28951,929,29880,304
2021-02-02,Santa Clara,085,1922200,104633,102872,493,103365,1349
2021-02-02,Santa Cruz,087,273765,14691,13572,715,14287,150
2021-02-02,Shasta,089,179085,10486,10371,1106,11477,128
2021-02-02,Sierra,091,2930,49,42,12,54,0
2021-02-02,Siskiyou,093,43540,1357,1252,205,1457,4
2021-02-02,Solano,095,438530,28540,27963,328,28291,118
2021-02-02,Sonoma,097,501317,26407,26054,146,26200,247
2021-02-02,Stanislaus,099,539301,47876,46306,4956,51262,641
2021-02-02,Sutter,101,95872,8467,8340,78,8418,89
2021-02-02,Tehama,103,63373,4412,4289,471,4760,21
2021-02-02,Trinity,105,12862,445,260,66,326,3
2021-02-02,Tulare,107,460477,46250,44720,7058,51778,625
2021-02-02,Tuolumne,109,53932,3536,3548,31,3579,39
2021-02-02,Ventura,111,848112,73389,71557,2601,74158,514
2021-02-02,Yolo,113,214977,12278,11886,184,12070,158
2021-02-02,Yuba,115,75493,5218,5111,77,5188,34
2021-02-01,Alameda,001,1643700,76133,74374,1616,75990,858
2021-02-01,Alpine,003,1148,73,72,0,72,0
2021-02-01,Amador,005,37829,3305,3234,27,3261,32
2021-02-01,Butte,007,227075,10824,10263,1510,11773,141
2021-02-01,Calaveras,009,45235,1818,1785,11,1796,21
2021-02-01,Colusa,011,21464,1786,1763,216,1979,9
2021-02-01,Contra Costa,013,1133247,59229,57324,995,58319,531
2021-02-01,Del Norte,015,27424,897,865,4,869,2
2021-02-01,El Dorado,017,186661,8665,8337,565,8902,83
2021-02-01,Fresno,019,978130,92058,89272,7115,96387,994
2021-02-01,Glenn,021,27897,2142,2086,451,2537,14
2021-02-01,Humboldt,023,135768,2873,2773,18,2791,25
2021-02-01,Imperial,025,180216,26711,26224,2428,28652,530
2021-02-01,Inyo,027,18085,1120,1072,8,1080,27
2021-02-01,Kern,029,883053,89182,86170,8737,94907,862
2021-02-01,Kings,031,150075,21335,20746,896,21642,172
2021-02-01,Lake,033,64148,2929,2843,1,2844,33
2021-02-01,Lassen,035,31185,4974,4907,88,4995,1
2021-02-01,Los Angeles,037,10098052,1131715,1094341,37171,1131512,16695
2021-02-01,Madera,039,155013,14932,14572,737,15309,94
2021-02-01,Marin,041,260295,12555,12341,148,12489,188
2021-02-01,Mariposa,043,17540,360,344,3,347,4
2021-02-01,Mendocino,045,87422,3359,3192,64,3256,37
2021-02-01,Merced,047,269075,26636,26282,785,27067,337
2021-02-01,Modoc,049,8938,319,303,103,406,1
2021-02-01,Mono,051,14174,1139,1145,16,1161,3
2021-02-01,Monterey,053,433212,40128,39196,1453,40649,278
2021-02-01,Napa,055,140530,8612,8449,33,8482,52
2021-02-01,Nevada,057,99092,3713,3535,147,3682,20
2021-02-01,Orange,059,3164182,237768,233155,9638,242793,3100
2021-02-01,Placer,061,380077,19587,18574,1009,19583,204
2021-02-01,Plumas,063,18699,623,554,10,564,2
2021-02-01,Riverside,065,2383286,275763,267025,12971,279996,3092
2021-02-01,Sacramento,067,1510023,88926,86856,1092,87948,1193
2021-02-01,San Benito,069,59416,5492,5432,75,5507,48
2021-02-01,San Bernardino,071,2135413,278471,270012,8183,278195,2172
2021-02-01,San Diego,073,3302833,250651,239121,11903,251024,2619
2021-02-01,San Francisco,075,870044,32273,31703,903,32606,324
2021-02-01,San Joaquin,077,732212,63466,61542,2549,64091,877
2021-02-01,San Luis Obispo,079,281455,18436,17690,490,18180,199
2021-02-01,San Mateo,081,765935,37462,35843,365,36208,220
2021-02-01,Santa Barbara,083,443738,30019,28837,921,29758,297
2021-02-01,Santa Clara,085,1922200,104216,102462,492,102954,1343
2021-02-01,Santa Cruz,087,273765,14638,13524,713,14237,149
2021-02-01,Shasta,089,179085,10461,10329,1100,11429,112
2021-02-01,Sierra,091,2930,49,42,12,54,0
2021-02-01,Siskiyou,093,43540,1350,1238,202,1440,4
2021-02-01,Solano,095,438530,28435,27844,327,28171,117
2021-02-01,Sonoma,097,501317,26319,26011,145,26156,243
2021-02-01,Stanislaus,099,539301,47619,46112,4928,51040,642
2021-02-01,Sutter,101,95872,8428,8313,78,8391,89
2021-02-01,Tehama,103,63373,4386,4263,471,4734,21
2021-02-01,Trinity,105,12862,443,260,66,326,3
2021-02-01,Tulare,107,460477,46105,44569,6977,51546,618
2021-02-01,Tuolumne,109,53932,3528,3534,31,3565,39
2021-02-01,Ventura,111,848112,72984,71104,2584,73688,502
2021-02-01,Yolo,113,214977,12231,11824,176,12000,151
2021-02-01,Yuba,115,75493,5204,5084,76,5160,33
2021-01-31,Alameda,001,1643700,75705,73979,1608,75587,857
2021-01-31,Alpine,003,1148,73,72,0,72,0
2021-01-31,Amador,005,37829,3295,3212,25,3237,32
2021-01-31,Butte,007,227075,10779,10215,1500,11715,140
2021-01-31,Calaveras,009,45235,1798,1778,11,1789,21
2021-01-31,Colusa,011,21464,1780,1754,211,1965,9
2021-01-31,Contra Costa,013,1133247,58897,57079,995,58074,531
2021-01-31,Del Norte,015,27424,895,865,4,869,2
2021-01-31,El Dorado,017,186661,8629,8317,563,8880,83
2021-01-31,Fresno,019,978130,91746,88852,7061,95913,994
2021-01-31,Glenn,021,27897,2131,2083,450,2533,14
2021-01-31,Humboldt,023,135768,2857,2767,18,2785,25
2021-01-31,Imperial,025,180216,26639,26206,2419,28625,530
2021-01-31,Inyo,027,18085,1107,1072,8,1080,27
2021-01-31,Kern,029,883053,88686,85872,8651,94523,861
2021-01-31,Kings,031,150075,21250,20709,884,21593,172
2021-01-31,Lake,033,64148,2908,2826,1,2827,33
2021-01-31,Lassen,035,31185,4958,4900,88,4988,1
2021-01-31,Los Angeles,037,10098052,1127089,1090304,36967,1127271,16609
2021-01-31,Madera,039,155013,14878,14496,729,15225,94
2021-01-31,Marin,041,260295,12508,12297,144,12441,185
2021-01-31,Mariposa,043,17540,358,344,3,347,4
2021-01-31,Mendocino,045,87422,3336,3181,63,3244,37
2021-01-31,Merced,047,269075,26492,26222,780,27002,337
2021-01-31,Modoc,049,8938,316,304,101,405,1
2021-01-31,Mono,051,14174,1136,1146,16,1162,3
2021-01-31,Monterey,053,433212,39949,39035,1426,40461,278
2021-01-31,Napa,055,140530,8570,8404,33,8437,52
2021-01-31,Nevada,057,99092,3691,3518,145,3663,20
2021-01-31,Orange,059,3164182,236751,232347,9597,241944,3053
2021-01-31,Placer,061,380077,19510,18506,998,19504,204
2021-01-31,Plumas,063,18699,622,554,10,564,2
2021-01-31,Riverside,065,2383286,274746,266145,12924,279069,3074
2021-01-31,Sacramento,067,1510023,88483,86560,1078,87638,1186
2021-01-31,San Benito,069,59416,5470,5425,73,5498,48
2021-01-31,San Bernardino,071,2135413,277441,269533,8152,277685,2156
2021-01-31,San Diego,073,3302833,249338,238039,11789,249828,2619
2021-01-31,San Francisco,075,870044,32082,31563,892,32455,323
2021-01-31,San Joaquin,077,732212,63065,61379,2540,63919,877
2021-01-31,San Luis Obispo,079,281455,18302,17615,485,18100,199
2021-01-31,San Mateo,081,765935,37272,35659,362,36021,219
2021-01-31,Santa Barbara,083,443738,29775,28570,912,29482,297
2021-01-31,Santa Clara,085,1922200,103667,101986,483,102469,1330
2021-01-31,Santa Cruz,087,273765,14543,13469,699,14168,149
2021-01-31,Shasta,089,179085,10416,10313,1091,11404,112
2021-01-31,Sierra,091,2930,48,43,12,55,0
2021-01-31,Siskiyou,093,43540,1340,1238,202,1440,4
2021-01-31,Solano,095,438530,28305,27678,325,28003,118
2021-01-31,Sonoma,097,501317,26216,25925,144,26069,243
2021-01-31,Stanislaus,099,539301,47335,45971,4895,50866,642
2021-01-31,Sutter,101,95872,8383,8289,78,8367,89
2021-01-31,Tehama,103,63373,4364,4256,470,4726,21
2021-01-31,Trinity,105,12862,441,260,66,326,3
2021-01-31,Tulare,107,460477,45937,44440,6896,51336,618
2021-01-31,Tuolumne,109,53932,3490,3519,31,3550,39
2021-01-31,Ventura,111,848112,72389,70635,2571,73206,502
2021-01-31,Yolo,113,214977,12169,11771,170,11941,151
2021-01-31,Yuba,115,75493,5184,5071,76,5147,33
2021-01-30,Alameda,001,1643700,75499,73622,1603,75225,850
2021-01-30,Alpine,003,1148,73,72,0,72,0
2021-01-30,Amador,005,37829,3291,3181,25,3206,32
2021-01-30,Butte,007,227075,10745,10177,1491,11668,139
2021-01-30,Calaveras,009,45235,1785,1763,11,1774,21
2021-01-30,Colusa,011,21464,1778,1748,211,1959,9
2021-01-30,Contra Costa,013,1133247,58714,56763,991,57754,531
2021-01-30,Del Norte,015,27424,894,865,4,869,2
2021-01-30,El Dorado,017,186661,8609,8299,562,8861,83
2021-01-30,Fresno,019,978130,91566,88476,7041,95517,964
2021-01-30,Glenn,021,27897,2128,2074,448,2522,14
2021-01-30,Humboldt,023,135768,2846,2742,18,2760,24
2021-01-30,Imperial,025,180216,26615,26160,2417,28577,530
2021-01-30,Inyo,027,18085,1103,1068,8,1076,27
2021-01-30,Kern,029,883053,88485,85572,8585,94157,848
2021-01-30,Kings,031,150075,21179,20605,879,21484,169
2021-01-30,Lake,033,64148,2902,2809,1,2810,33
2021-01-30,Lassen,035,31185,4954,4890,88,4978,1
2021-01-30,Los Angeles,037,10098052,1124690,1084763,36824,1121587,16484
2021-01-30,Madera,039,155013,14836,14443,724,15167,94
2021-01-30,Marin,041,260295,12480,12225,143,12368,185
2021-01-30,Mariposa,043,17540,356,344,3,347,4
2021-01-30,Mendocino,045,87422,3322,3153,62,3215,36
2021-01-30,Merced,047,269075,26418,26078,778,26856,335
2021-01-30,Modoc,049,8938,316,303,101,404,1
2021-01-30,Mono,051,14174,1136,1143,16,1159,3
2021-01-30,Monterey,053,433212,39889,38847,1423,40270,277
2021-01-30,Napa,055,140530,8554,8342,33,8375,52
2021-01-30,Nevada,057,99092,3672,3499,145,3644,20
2021-01-30,Orange,059,3164182,236206,231358,9560,240918,3013
2021-01-30,Placer,061,380077,19457,18430,992,19422,205
2021-01-30,Plumas,063,18699,620,554,10,564,2
2021-01-30,Riverside,065,2383286,274148,265137,12893,278030,3061
2021-01-30,Sacramento,067,1510023,88291,86388,1073,87461,1184
2021-01-30,San Benito,069,59416,5452,5401,72,5473,48
2021-01-30,San Bernardino,071,2135413,277017,268660,8133,276793,2122
2021-01-30,San Diego,073,3302833,248573,236765,11744,248509,2603
2021-01-30,San Francisco,075,870044,31981,31427,889,32316,316
2021-01-30,San Joaquin,077,732212,62933,61120,2531,63651,864
2021-01-30,San Luis Obispo,079,281455,18222,17522,483,18005,198
2021-01-30,San Mateo,081,765935,37133,35451,361,35812,219
2021-01-30,Santa Barbara,083,443738,29633,28342,910,29252,296
2021-01-30,Santa Clara,085,1922200,103320,101471,480,101951,1307
2021-01-30,Santa Cruz,087,273765,14503,13383,698,14081,149
2021-01-30,Shasta,089,179085,10397,10283,1088,11371,112
2021-01-30,Sierra,091,2930,48,43,12,55,0
2021-01-30,Siskiyou,093,43540,1337,1236,201,1437,4
2021-01-30,Solano,095,438530,28222,27511,323,27834,118
2021-01-30,Sonoma,097,501317,26168,25810,141,25951,243
2021-01-30,Stanislaus,099,539301,47205,45697,4868,50565,642
2021-01-30,Sutter,101,95872,8367,8226,78,8304,87
2021-01-30,Tehama,103,63373,4351,4229,469,4698,21
2021-01-30,Trinity,105,12862,441,259,66,325,3
2021-01-30,Tulare,107,460477,45801,44203,6859,51062,615
2021-01-30,Tuolumne,109,53932,3486,3508,31,3539,36
2021-01-30,Ventura,111,848112,72076,69931,2557,72488,493
2021-01-30,Yolo,113,214977,12155,11698,169,11867,151
2021-01-30,Yuba,115,75493,5174,5042,75,5117,33
2021-01-29,Alameda,001,1643700,75232,73210,1596,74806,841
2021-01-29,Alpine,003,1148,73,72,0,72,0
2021-01-29,Amador,005,37829,3279,3134,24,3158,32
2021-01-29,Butte,007,227075,10713,10122,1481,11603,138
2021-01-29,Calaveras,009,45235,1774,1757,11,1768,21
2021-01-29,Colusa,011,21464,1774,1734,210,1944,8
2021-01-29,Contra Costa,013,1133247,58543,56318,989,57307,529
2021-01-29,Del Norte,015,27424,893,865,4,869,2
2021-01-29,El Dorado,017,186661,8592,8231,561,8792,83
2021-01-29,Fresno,019,978130,91351,87936,7003,94939,962
2021-01-29,Glenn,021,27897,2123,2061,447,2508,14
2021-01-29,Humboldt,023,135768,2833,2707,18,2725,24
2021-01-29,Imperial,025,180216,26600,26045,2414,28459,521
2021-01-29,Inyo,027,18085,1091,1048,8,1056,27
2021-01-29,Kern,029,883053,88258,85044,8533,93577,836
2021-01-29,Kings,031,150075,21140,20466,874,21340,169
2021-01-29,Lake,033,64148,2893,2792,1,2793,32
2021-01-29,Lassen,035,31185,4951,4874,88,4962,1
2021-01-29,Los Angeles,037,10098052,1121201,1078329,36670,1114999,16190
2021-01-29,Madera,039,155013,14785,14377,724,15101,94
2021-01-29,Marin,041,260295,12435,12145,142,12287,185
2021-01-29,Mariposa,043,17540,355,342,3,345,4
2021-01-29,Mendocino,045,87422,3313,3131,61,3192,36
2021-01-29,Merced,047,269075,26344,25865,773,26638,334
2021-01-29,Modoc,049,8938,315,297,101,398,1
2021-01-29,Mono,051,14174,1134,1139,16,1155,3
2021-01-29,Monterey,053,433212,39774,38539,1415,39954,277
2021-01-29,Napa,055,140530,8523,8276,33,8309,52
2021-01-29,Nevada,057,99092,3663,3487,144,3631,20
2021-01-29,Orange,059,3164182,235529,229917,9522,239439,2967
2021-01-29,Placer,061,380077,19404,18367,988,19355,203
2021-01-29,Plumas,063,18699,619,548,10,558,2
2021-01-29,Riverside,065,2383286,273346,263504,12860,276364,3008
2021-01-29,Sacramento,067,1510023,88036,86320,1069,87389,1169
2021-01-29,San Benito,069,59416,5444,5386,72,5458,48
2021-01-29,San Bernardino,071,2135413,276503,267490,8093,275583,2095
2021-01-29,San Diego,073,3302833,247631,234637,11666,246303,2571
2021-01-29,San Francisco,075,870044,31842,31294,881,32175,307
2021-01-29,San Joaquin,077,732212,62788,60899,2517,63416,858
2021-01-29,San Luis Obispo,079,281455,18162,17440,478,17918,193
2021-01-29,San Mateo,081,765935,36999,35223,358,35581,218
2021-01-29,Santa Barbara,083,443738,29499,28105,904,29009,291
2021-01-29,Santa Clara,085,1922200,102957,101010,478,101488,1273
2021-01-29,Santa Cruz,087,273765,14450,13311,695,14006,148
2021-01-29,Shasta,089,179085,10380,10220,1084,11304,112
2021-01-29,Sierra,091,2930,48,43,12,55,0
2021-01-29,Siskiyou,093,43540,1336,1227,201,1428,4
2021-01-29,Solano,095,438530,28139,27352,321,27673,116
2021-01-29,Sonoma,097,501317,26112,25710,140,25850,243
2021-01-29,Stanislaus,099,539301,47062,45466,4846,50312,642
2021-01-29,Sutter,101,95872,8348,8181,78,8259,87
2021-01-29,Tehama,103,63373,4339,4191,467,4658,20
2021-01-29,Trinity,105,12862,441,260,66,326,3
2021-01-29,Tulare,107,460477,45694,43925,6820,50745,606
2021-01-29,Tuolumne,109,53932,3476,3483,31,3514,36
2021-01-29,Ventura,111,848112,71652,69511,2543,72054,484
2021-01-29,Yolo,113,214977,12117,11612,168,11780,151
2021-01-29,Yuba,115,75493,5158,5018,75,5093,32
2021-01-28,Alameda,001,1643700,74807,72758,1588,74346,833
2021-01-28,Alpine,003,1148,73,72,0,72,0
2021-01-28,Amador,005,37829,3242,3124,24,3148,31
2021-01-28,Butte,007,227075,10672,10037,1470,11507,138
2021-01-28,Calaveras,009,45235,1761,1747,10,1757,21
2021-01-28,Colusa,011,21464,1767,1731,206,1937,8
2021-01-28,Contra Costa,013,1133247,58300,55999,979,56978,525
2021-01-28,Del Norte,015,27424,892,862,4,866,2
2021-01-28,El Dorado,017,186661,8578,8198,556,8754,79
2021-01-28,Fresno,019,978130,91062,87401,6953,94354,949
2021-01-28,Glenn,021,27897,2118,2043,440,2483,14
2021-01-28,Humboldt,023,135768,2816,2686,18,2704,24
2021-01-28,Imperial,025,180216,26556,25984,2407,28391,517
2021-01-28,Inyo,027,18085,1086,1039,8,1047,27
2021-01-28,Kern,029,883053,87929,84708,8449,93157,817
2021-01-28,Kings,031,150075,21080,20328,870,21198,167
2021-01-28,Lake,033,64148,2878,2772,1,2773,32
2021-01-28,Lassen,035,31185,4945,4865,88,4953,1
2021-01-28,Los Angeles,037,10098052,1117292,1072412,36481,1108893,15967
2021-01-28,Madera,039,155013,14729,14301,720,15021,94
2021-01-28,Marin,041,260295,12382,12079,141,12220,183
2021-01-28,Mariposa,043,17540,355,334,3,337,4
2021-01-28,Mendocino,045,87422,3296,3110,61,3171,36
2021-01-28,Merced,047,269075,26222,25620,761,26381,328
2021-01-28,Modoc,049,8938,314,297,101,398,0
2021-01-28,Mono,051,14174,1132,1131,16,1147,3
2021-01-28,Monterey,053,433212,39581,38312,1396,39708,274
2021-01-28,Napa,055,140530,8476,8233,33,8266,50
2021-01-28,Nevada,057,99092,3648,3452,143,3595,19
2021-01-28,Orange,059,3164182,234549,228636,9492,238128,2860
2021-01-28,Placer,061,380077,19343,18246,985,19231,198
2021-01-28,Plumas,063,18699,618,547,10,557,2
2021-01-28,Riverside,065,2383286,272566,262342,12812,275154,2981
2021-01-28,Sacramento,067,1510023,87674,85698,1058,86756,1149
2021-01-28,San Benito,069,59416,5426,5344,71,5415,47
2021-01-28,San Bernardino,071,2135413,275801,266456,8072,274528,2057
2021-01-28,San Diego,073,3302833,246479,232967,11577,244544,2534
2021-01-28,San Francisco,075,870044,31705,31193,865,32058,290
2021-01-28,San Joaquin,077,732212,62521,60627,2502,63129,854
2021-01-28,San Luis Obispo,079,281455,18062,17279,476,17755,189
2021-01-28,San Mateo,081,765935,36830,34931,342,35273,218
2021-01-28,Santa Barbara,083,443738,29275,27674,891,28565,284
2021-01-28,Santa Clara,085,1922200,102490,100470,476,100946,1219
2021-01-28,Santa Cruz,087,273765,14361,13188,689,13877,145
2021-01-28,Shasta,089,179085,10346,10176,1076,11252,110
2021-01-28,Sierra,091,2930,48,43,12,55,0
2021-01-28,Siskiyou,093,43540,1329,1218,199,1417,4
2021-01-28,Solano,095,438530,27978,27163,320,27483,114
2021-01-28,Sonoma,097,501317,26021,25564,140,25704,236
2021-01-28,Stanislaus,099,539301,46853,45162,4826,49988,640
2021-01-28,Sutter,101,95872,8301,8136,78,8214,85
2021-01-28,Tehama,103,63373,4316,4163,464,4627,20
2021-01-28,Trinity,105,12862,439,260,66,326,3
2021-01-28,Tulare,107,460477,45537,43742,6742,50484,595
2021-01-28,Tuolumne,109,53932,3462,3472,31,3503,32
2021-01-28,Ventura,111,848112,71139,68896,2526,71422,475
2021-01-28,Yolo,113,214977,12075,11500,163,11663,151
2021-01-28,Yuba,115,75493,5142,4994,74,5068,32
2021-01-27,Alameda,001,1643700,74387,72188,1580,73768,815
2021-01-27,Alpine,003,1148,73,72,0,72,0
2021-01-27,Amador,005,37829,3226,3116,24,3140,31
2021-01-27,Butte,007,227075,10633,9988,1457,11445,138
2021-01-27,Calaveras,009,45235,1752,1737,10,1747,21
2021-01-27,Colusa,011,21464,1761,1724,204,1928,8
2021-01-27,Contra Costa,013,1133247,58001,55578,976,56554,507
2021-01-27,Del Norte,015,27424,891,859,4,863,2
2021-01-27,El Dorado,017,186661,8552,8141,555,8696,76
2021-01-27,Fresno,019,978130,90771,86886,6911,93797,938
2021-01-27,Glenn,021,27897,2114,2042,439,2481,14
2021-01-27,Humboldt,023,135768,2794,2630,18,2648,24
2021-01-27,Imperial,025,180216,26502,25861,2392,28253,504
2021-01-27,Inyo,027,18085,1082,1023,8,1031,27
2021-01-27,Kern,029,883053,87618,84244,8379,92623,809
2021-01-27,Kings,031,150075,20974,20211,862,21073,167
2021-01-27,Lake,033,64148,2858,2750,1,2751,32
2021-01-27,Lassen,035,31185,4939,4851,88,4939,1
2021-01-27,Los Angeles,037,10098052,1112485,1066569,36270,1102839,15757
2021-01-27,Madera,039,155013,14688,14194,715,14909,86
2021-01-27,Marin,041,260295,12345,12028,140,12168,180
2021-01-27,Mariposa,043,17540,355,333,3,336,4
2021-01-27,Mendocino,045,87422,3276,3095,61,3156,36
2021-01-27,Merced,047,269075,26063,25439,750,26189,315
2021-01-27,Modoc,049,8938,314,297,98,395,0
2021-01-27,Mono,051,14174,1130,1131,16,1147,3
2021-01-27,Monterey,053,433212,39373,38139,1377,39516,268
2021-01-27,Napa,055,140530,8403,8187,33,8220,46
2021-01-27,Nevada,057,99092,3626,3431,143,3574,18
2021-01-27,Orange,059,3164182,233429,227110,9438,236548,2832
2021-01-27,Placer,061,380077,19271,18106,974,19080,198
2021-01-27,Plumas,063,18699,618,544,10,554,2
2021-01-27,Riverside,065,2383286,271369,260796,12760,273556,2931
2021-01-27,Sacramento,067,1510023,87314,85428,1047,86475,1142
2021-01-27,San Benito,069,59416,5411,5284,71,5355,47
2021-01-27,San Bernardino,071,2135413,274951,265153,8041,273194,2019
2021-01-27,San Diego,073,3302833,245150,231478,11472,242950,2465
2021-01-27,San Francisco,075,870044,31561,31082,858,31940,287
2021-01-27,San Joaquin,077,732212,62251,60131,2479,62610,853
2021-01-27,San Luis Obispo,079,281455,17955,17119,472,17591,188
2021-01-27,San Mateo,081,765935,36675,34619,339,34958,216
2021-01-27,Santa Barbara,083,443738,29098,27435,885,28320,282
2021-01-27,Santa Clara,085,1922200,102086,99732,472,100204,1184
2021-01-27,Santa Cruz,087,273765,14291,13111,686,13797,143
2021-01-27,Shasta,089,179085,10312,10106,1070,11176,105
2021-01-27,Sierra,091,2930,48,44,12,56,0
2021-01-27,Siskiyou,093,43540,1324,1214,196,1410,4
2021-01-27,Solano,095,438530,27800,26982,313,27295,112
2021-01-27,Sonoma,097,501317,25922,25361,136,25497,237
2021-01-27,Stanislaus,099,539301,46670,44874,4800,49674,624
2021-01-27,Sutter,101,95872,8257,8093,77,8170,83
2021-01-27,Tehama,103,63373,4296,4133,460,4593,20
2021-01-27,Trinity,105,12862,439,260,66,326,3
2021-01-27,Tulare,107,460477,45350,43462,6671,50133,583
2021-01-27,Tuolumne,109,53932,3452,3464,31,3495,32
2021-01-27,Ventura,111,848112,70666,68291,2501,70792,468
2021-01-27,Yolo,113,214977,12028,11427,159,11586,151
2021-01-27,Yuba,115,75493,5126,4968,74,5042,32
2021-01-26,Alameda,001,1643700,74015,71851,1563,73414,789
2021-01-26,Alpine,003,1148,73,72,0,72,0
2021-01-26,Amador,005,37829,3215,3113,24,3137,31
2021-01-26,Butte,007,227075,10591,9943,1451,11394,136
2021-01-26,Calaveras,009,45235,1742,1723,10,1733,21
2021-01-26,Colusa,011,21464,1754,1719,201,1920,8
2021-01-26,Contra Costa,013,1133247,57722,55337,968,56305,491
2021-01-26,Del Norte,015,27424,890,856,4,860,2
2021-01-26,El Dorado,017,186661,8526,8115,552,8667,71
2021-01-26,Fresno,019,978130,90413,86673,6867,93540,923
2021-01-26,Glenn,021,27897,2104,2034,434,2468,13
2021-01-26,Humboldt,023,135768,2773,2612,17,2629,24
2021-01-26,Imperial,025,180216,26429,25812,2379,28191,498
2021-01-26,Inyo,027,18085,1075,1018,8,1026,27
2021-01-26,Kern,029,883053,87195,83868,8302,92170,790
2021-01-26,Kings,031,150075,20915,20156,857,21013,159
2021-01-26,Lake,033,64148,2849,2748,1,2749,32
2021-01-26,Lassen,035,31185,4933,4844,88,4932,1
2021-01-26,Los Angeles,037,10098052,1107202,1060492,36064,1096556,15458
2021-01-26,Madera,039,155013,14631,14130,709,14839,86
2021-01-26,Marin,041,260295,12300,11993,138,12131,179
2021-01-26,Mariposa,043,17540,353,332,3,335,3
2021-01-26,Mendocino,045,87422,3250,3076,60,3136,36
2021-01-26,Merced,047,269075,25923,25359,742,26101,309
2021-01-26,Modoc,049,8938,307,291,97,388,0
2021-01-26,Mono,051,14174,1128,1120,16,1136,3
2021-01-26,Monterey,053,433212,39179,37963,1357,39320,255
2021-01-26,Napa,055,140530,8346,8145,33,8178,43
2021-01-26,Nevada,057,99092,3619,3410,142,3552,18
2021-01-26,Orange,059,3164182,232307,225987,9393,235380,2760
2021-01-26,Placer,061,380077,19195,18016,972,18988,193
2021-01-26,Plumas,063,18699,616,536,10,546,2
2021-01-26,Riverside,065,2383286,270002,259399,12696,272095,2898
2021-01-26,Sacramento,067,1510023,86956,85062,1040,86102,1127
2021-01-26,San Benito,069,59416,5397,5251,70,5321,45
2021-01-26,San Bernardino,071,2135413,273949,263736,7997,271733,1970
2021-01-26,San Diego,073,3302833,243655,230063,11370,241433,2421
2021-01-26,San Francisco,075,870044,31429,30874,839,31713,286
2021-01-26,San Joaquin,077,732212,61997,59889,2463,62352,847
2021-01-26,San Luis Obispo,079,281455,17874,17016,469,17485,186
2021-01-26,San Mateo,081,765935,36481,34441,328,34769,213
2021-01-26,Santa Barbara,083,443738,28924,27321,873,28194,273
2021-01-26,Santa Clara,085,1922200,101607,99215,469,99684,1171
2021-01-26,Santa Cruz,087,273765,14225,13045,680,13725,134
2021-01-26,Shasta,089,179085,10277,10036,1062,11098,103
2021-01-26,Sierra,091,2930,48,43,12,55,0
2021-01-26,Siskiyou,093,43540,1309,1208,194,1402,4
2021-01-26,Solano,095,438530,27644,26858,307,27165,110
2021-01-26,Sonoma,097,501317,25804,25273,134,25407,236
2021-01-26,Stanislaus,099,539301,46488,44703,4758,49461,599
2021-01-26,Sutter,101,95872,8214,8067,77,8144,83
2021-01-26,Tehama,103,63373,4263,4115,460,4575,20
2021-01-26,Trinity,105,12862,439,260,66,326,3
2021-01-26,Tulare,107,460477,45147,43394,6601,49995,579
2021-01-26,Tuolumne,109,53932,3442,3451,31,3482,30
2021-01-26,Ventura,111,848112,70133,67526,2475,70001,448
2021-01-26,Yolo,113,214977,11983,11361,156,11517,148
2021-01-26,Yuba,115,75493,5101,4944,72,5016,31
2021-01-25,Alameda,001,1643700,73586,71255,1553,72808,780
2021-01-25,Alpine,003,1148,73,72,0,72,0
2021-01-25,Amador,005,37829,3175,3074,24,3098,30
2021-01-25,Butte,007,227075,10524,9865,1443,11308,133
2021-01-25,Calaveras,009,45235,1727,1713,10,1723,21
2021-01-25,Colusa,011,21464,1742,1709,197,1906,8
2021-01-25,Contra Costa,013,1133247,57365,54989,961,55950,488
2021-01-25,Del Norte,015,27424,889,855,4,859,2
2021-01-25,El Dorado,017,186661,8501,8060,552,8612,66
2021-01-25,Fresno,019,978130,90042,86336,6835,93171,913
2021-01-25,Glenn,021,27897,2095,2028,434,2462,13
2021-01-25,Humboldt,023,135768,2739,2587,17,2604,24
2021-01-25,Imperial,025,180216,26380,25745,2371,28116,491
2021-01-25,Inyo,027,18085,1069,1015,8,1023,27
2021-01-25,Kern,029,883053,86808,83401,8216,91617,787
2021-01-25,Kings,031,150075,20795,20067,853,20920,159
2021-01-25,Lake,033,64148,2830,2729,1,2730,32
2021-01-25,Lassen,035,31185,4906,4835,88,4923,1
2021-01-25,Los Angeles,037,10098052,1101246,1055181,35835,1091016,15163
2021-01-25,Madera,039,155013,14577,14068,704,14772,86
2021-01-25,Marin,041,260295,12248,11923,134,12057,177
2021-01-25,Mariposa,043,17540,350,331,3,334,3
2021-01-25,Mendocino,045,87422,3239,3054,60,3114,35
2021-01-25,Merced,047,269075,25784,25181,733,25914,305
2021-01-25,Modoc,049,8938,306,288,93,381,0
2021-01-25,Mono,051,14174,1125,1114,15,1129,3
2021-01-25,Monterey,053,433212,38926,37726,1338,39064,255
2021-01-25,Napa,055,140530,8312,8057,32,8089,43
2021-01-25,Nevada,057,99092,3605,3365,142,3507,18
2021-01-25,Orange,059,3164182,231097,225105,9347,234452,2696
2021-01-25,Placer,061,380077,19108,17936,957,18893,193
2021-01-25,Plumas,063,18699,613,533,10,543,2
2021-01-25,Riverside,065,2383286,268263,258082,12640,270722,2789
2021-01-25,Sacramento,067,1510023,86515,84653,1032,85685,1118
2021-01-25,San Benito,069,59416,5361,5238,69,5307,43
2021-01-25,San Bernardino,071,2135413,273004,263174,7961,271135,1947
2021-01-25,San Diego,073,3302833,242041,228630,11298,239928,2375
2021-01-25,San Francisco,075,870044,31279,30734,816,31550,288
2021-01-25,San Joaquin,077,732212,61703,59291,2438,61729,838
2021-01-25,San Luis Obispo,079,281455,17740,16868,464,17332,179
2021-01-25,San Mateo,081,765935,36247,34187,322,34509,213
2021-01-25,Santa Barbara,083,443738,28689,27065,863,27928,269
2021-01-25,Santa Clara,085,1922200,101037,98647,461,99108,1143
2021-01-25,Santa Cruz,087,273765,14138,12973,675,13648,133
2021-01-25,Shasta,089,179085,10236,9991,1051,11042,103
2021-01-25,Sierra,091,2930,48,42,12,54,0
2021-01-25,Siskiyou,093,43540,1301,1205,191,1396,4
2021-01-25,Solano,095,438530,27476,26648,306,26954,109
2021-01-25,Sonoma,097,501317,25697,25160,132,25292,233
2021-01-25,Stanislaus,099,539301,46242,44293,4715,49008,599
2021-01-25,Sutter,101,95872,8171,8023,77,8100,83
2021-01-25,Tehama,103,63373,4236,4082,456,4538,20
2021-01-25,Trinity,105,12862,439,262,66,328,3
2021-01-25,Tulare,107,460477,44931,43124,6496,49620,578
2021-01-25,Tuolumne,109,53932,3433,3422,31,3453,29
2021-01-25,Ventura,111,848112,69499,66910,2458,69368,439
2021-01-25,Yolo,113,214977,11897,11276,155,11431,140
2021-01-25,Yuba,115,75493,5079,4900,70,4970,31
2021-01-24,Alameda,001,1643700,73081,70823,1542,72365,780
2021-01-24,Alpine,003,1148,73,72,0,72,0
2021-01-24,Amador,005,37829,3142,3054,24,3078,30
2021-01-24,Butte,007,227075,10440,9820,1426,11246,133
2021-01-24,Calaveras,009,45235,1714,1704,10,1714,21
2021-01-24,Colusa,011,21464,1731,1689,191,1880,8
2021-01-24,Contra Costa,013,1133247,56977,54694,948,55642,488
2021-01-24,Del Norte,015,27424,885,855,4,859,2
2021-01-24,El Dorado,017,186661,8466,8003,548,8551,66
2021-01-24,Fresno,019,978130,89605,85808,6796,92604,911
2021-01-24,Glenn,021,27897,2087,2026,433,2459,13
2021-01-24,Humboldt,023,135768,2700,2562,17,2579,24
2021-01-24,Imperial,025,180216,26285,25707,2347,28054,488
2021-01-24,Inyo,027,18085,1053,1007,8,1015,27
2021-01-24,Kern,029,883053,86371,83125,8108,91233,785
2021-01-24,Kings,031,150075,20667,19988,837,20825,159
2021-01-24,Lake,033,64148,2812,2724,0,2724,32
2021-01-24,Lassen,035,31185,4895,4828,85,4913,1
2021-01-24,Los Angeles,037,10098052,1094843,1048757,35522,1084279,15119
2021-01-24,Madera,039,155013,14487,14000,698,14698,86
2021-01-24,Marin,041,260295,12181,11872,132,12004,177
2021-01-24,Mariposa,043,17540,346,322,3,325,3
2021-01-24,Mendocino,045,87422,3218,3037,59,3096,33
2021-01-24,Merced,047,269075,25573,25047,723,25770,305
2021-01-24,Modoc,049,8938,306,285,93,378,0
2021-01-24,Mono,051,14174,1118,1113,15,1128,3
2021-01-24,Monterey,053,433212,38654,37527,1304,38831,254
2021-01-24,Napa,055,140530,8270,8005,32,8037,43
2021-01-24,Nevada,057,99092,3563,3349,140,3489,18
2021-01-24,Orange,059,3164182,229668,223853,9277,233130,2632
2021-01-24,Placer,061,380077,18993,17839,937,18776,193
2021-01-24,Plumas,063,18699,610,532,10,542,2
2021-01-24,Riverside,065,2383286,266622,256767,12563,269330,2761
2021-01-24,Sacramento,067,1510023,85961,84110,1024,85134,1112
2021-01-24,San Benito,069,59416,5319,5223,66,5289,43
2021-01-24,San Bernardino,071,2135413,271677,262370,7907,270277,1935
2021-01-24,San Diego,073,3302833,240347,227193,11167,238360,2375
2021-01-24,San Francisco,075,870044,31091,30559,794,31353,275
2021-01-24,San Joaquin,077,732212,61275,59021,2422,61443,838
2021-01-24,San Luis Obispo,079,281455,17616,16758,462,17220,179
2021-01-24,San Mateo,081,765935,36002,33956,317,34273,213
2021-01-24,Santa Barbara,083,443738,28373,26735,853,27588,269
2021-01-24,Santa Clara,085,1922200,100388,98103,456,98559,1109
2021-01-24,Santa Cruz,087,273765,14052,12905,667,13572,133
2021-01-24,Shasta,089,179085,10165,9978,1042,11020,103
2021-01-24,Sierra,091,2930,47,42,12,54,0
2021-01-24,Siskiyou,093,43540,1294,1195,191,1386,4
2021-01-24,Solano,095,438530,27287,26515,302,26817,109
2021-01-24,Sonoma,097,501317,25534,25045,131,25176,233
2021-01-24,Stanislaus,099,539301,45933,44031,4653,48684,599
2021-01-24,Sutter,101,95872,8107,7980,77,8057,83
2021-01-24,Tehama,103,63373,4196,4062,451,4513,20
2021-01-24,Trinity,105,12862,439,262,66,328,3
2021-01-24,Tulare,107,460477,44712,43006,6403,49409,577
2021-01-24,Tuolumne,109,53932,3423,3416,31,3447,29
2021-01-24,Ventura,111,848112,68788,66347,2434,68781,439
2021-01-24,Yolo,113,214977,11813,11210,151,11361,140
2021-01-24,Yuba,115,75493,5039,4875,69,4944,31
2021-01-23,Alameda,001,1643700,72832,70080,1535,71615,780
2021-01-23,Alpine,003,1148,73,72,0,72,0
2021-01-23,Amador,005,37829,3139,3049,24,3073,30
2021-01-23,Butte,007,227075,10411,9757,1423,11180,133
2021-01-23,Calaveras,009,45235,1711,1695,10,1705,21
2021-01-23,Colusa,011,21464,1727,1672,190,1862,8
2021-01-23,Contra Costa,013,1133247,56764,54162,941,55103,487
2021-01-23,Del Norte,015,27424,884,855,4,859,2
2021-01-23,El Dorado,017,186661,8450,7984,546,8530,66
2021-01-23,Fresno,019,978130,89420,85274,6767,92041,910
2021-01-23,Glenn,021,27897,2084,2015,429,2444,13
2021-01-23,Humboldt,023,135768,2681,2493,16,2509,23
2021-01-23,Imperial,025,180216,26251,25581,2337,27918,487
2021-01-23,Inyo,027,18085,1044,987,8,995,27
2021-01-23,Kern,029,883053,86127,82602,8040,90642,783
2021-01-23,Kings,031,150075,20623,19904,835,20739,159
2021-01-23,Lake,033,64148,2804,2673,0,2673,32
2021-01-23,Lassen,035,31185,4894,4816,82,4898,1
2021-01-23,Los Angeles,037,10098052,1091616,1040961,35359,1076320,15034
2021-01-23,Madera,039,155013,14451,13858,695,14553,86
2021-01-23,Marin,041,260295,12125,11796,130,11926,177
2021-01-23,Mariposa,043,17540,346,323,3,326,3
2021-01-23,Mendocino,045,87422,3204,2991,59,3050,32
2021-01-23,Merced,047,269075,25481,24787,708,25495,303
2021-01-23,Modoc,049,8938,306,285,93,378,0
2021-01-23,Mono,051,14174,1116,1111,15,1126,3
2021-01-23,Monterey,053,433212,38571,37165,1299,38464,253
2021-01-23,Napa,055,140530,8245,7893,32,7925,43
2021-01-23,Nevada,057,99092,3552,3332,139,3471,18
2021-01-23,Orange,059,3164182,228900,221722,9237,230959,2618
2021-01-23,Placer,061,380077,18942,17617,932,18549,193
2021-01-23,Plumas,063,18699,609,528,10,538,2
2021-01-23,Riverside,065,2383286,265721,253636,12511,266147,2733
2021-01-23,Sacramento,067,1510023,85732,83408,1021,84429,1108
2021-01-23,San Benito,069,59416,5295,5166,65,5231,43
2021-01-23,San Bernardino,071,2135413,271128,260381,7875,268256,1922
2021-01-23,San Diego,073,3302833,239286,225556,11095,236651,2344
2021-01-23,San Francisco,075,870044,30987,30308,765,31073,268
2021-01-23,San Joaquin,077,732212,61149,58164,2412,60576,836
2021-01-23,San Luis Obispo,079,281455,17552,16652,459,17111,176
2021-01-23,San Mateo,081,765935,35826,33696,306,34002,213
2021-01-23,Santa Barbara,083,443738,28189,26234,844,27078,264
2021-01-23,Santa Clara,085,1922200,100032,97189,455,97644,1086
2021-01-23,Santa Cruz,087,273765,13994,12771,664,13435,127
2021-01-23,Shasta,089,179085,10136,9951,1041,10992,103
2021-01-23,Sierra,091,2930,47,41,12,53,0
2021-01-23,Siskiyou,093,43540,1284,1190,190,1380,4
2021-01-23,Solano,095,438530,27194,26261,300,26561,107
2021-01-23,Sonoma,097,501317,25454,24790,131,24921,232
2021-01-23,Stanislaus,099,539301,45766,43723,4622,48345,599
2021-01-23,Sutter,101,95872,8089,7943,76,8019,80
2021-01-23,Tehama,103,63373,4177,4006,450,4456,20
2021-01-23,Trinity,105,12862,439,262,66,328,3
2021-01-23,Tulare,107,460477,44559,42661,6343,49004,575
2021-01-23,Tuolumne,109,53932,3416,3407,31,3438,29
2021-01-23,Ventura,111,848112,68338,65581,2411,67992,438
2021-01-23,Yolo,113,214977,11771,11087,147,11234,141
2021-01-23,Yuba,115,75493,5027,4831,68,4899,30
2021-01-22,Alameda,001,1643700,72511,69693,1529,71222,751
2021-01-22,Alpine,003,1148,73,71,0,71,0
2021-01-22,Amador,005,37829,3134,3042,24,3066,30
2021-01-22,Butte,007,227075,10366,9711,1410,11121,133
2021-01-22,Calaveras,009,45235,1702,1672,10,1682,21
2021-01-22,Colusa,011,21464,1725,1668,190,1858,7
2021-01-22,Contra Costa,013,1133247,56529,53887,935,54822,485
2021-01-22,Del Norte,015,27424,883,852,4,856,2
2021-01-22,El Dorado,017,186661,8416,7877,543,8420,64
2021-01-22,Fresno,019,978130,89079,84744,6739,91483,892
2021-01-22,Glenn,021,27897,2079,1985,423,2408,13
2021-01-22,Humboldt,023,135768,2657,2452,16,2468,23
2021-01-22,Imperial,025,180216,26216,25562,2322,27884,474
2021-01-22,Inyo,027,18085,1033,961,8,969,26
2021-01-22,Kern,029,883053,85830,82101,7964,90065,771
2021-01-22,Kings,031,150075,20547,19760,831,20591,159
2021-01-22,Lake,033,64148,2792,2681,0,2681,32
2021-01-22,Lassen,035,31185,4885,4765,81,4846,1
2021-01-22,Los Angeles,037,10098052,1087153,1031177,35168,1066345,14777
2021-01-22,Madera,039,155013,14391,13781,694,14475,86
2021-01-22,Marin,041,260295,12088,11769,128,11897,177
2021-01-22,Mariposa,043,17540,346,323,3,326,3
2021-01-22,Mendocino,045,87422,3179,2994,58,3052,32
2021-01-22,Merced,047,269075,25358,24616,700,25316,290
2021-01-22,Modoc,049,8938,306,285,93,378,0
2021-01-22,Mono,051,14174,1116,1108,15,1123,3
2021-01-22,Monterey,053,433212,38419,36909,1294,38203,253
2021-01-22,Napa,055,140530,8199,7828,32,7860,40
2021-01-22,Nevada,057,99092,3527,3296,138,3434,18
2021-01-22,Orange,059,3164182,227946,220384,9190,229574,2542
2021-01-22,Placer,061,380077,18885,17636,917,18553,193
2021-01-22,Plumas,063,18699,607,522,10,532,2
2021-01-22,Riverside,065,2383286,264574,252440,12443,264883,2710
2021-01-22,Sacramento,067,1510023,85402,82861,1013,83874,1094
2021-01-22,San Benito,069,59416,5269,5143,65,5208,43
2021-01-22,San Bernardino,071,2135413,270307,259121,7842,266963,1849
2021-01-22,San Diego,073,3302833,238046,222576,11030,233606,2301
2021-01-22,San Francisco,075,870044,30874,30027,748,30775,266
2021-01-22,San Joaquin,077,732212,60968,58485,2399,60884,812
2021-01-22,San Luis Obispo,079,281455,17463,16336,456,16792,172
2021-01-22,San Mateo,081,765935,35604,33401,303,33704,211
2021-01-22,Santa Barbara,083,443738,27988,25989,833,26822,256
2021-01-22,Santa Clara,085,1922200,99594,96435,452,96887,1062
2021-01-22,Santa Cruz,087,273765,13936,12687,660,13347,123
2021-01-22,Shasta,089,179085,10116,9866,1039,10905,103
2021-01-22,Sierra,091,2930,47,40,12,52,0
2021-01-22,Siskiyou,093,43540,1280,1182,188,1370,4
2021-01-22,Solano,095,438530,27104,26048,298,26346,107
2021-01-22,Sonoma,097,501317,25369,24659,131,24790,232
2021-01-22,Stanislaus,099,539301,45600,43489,4596,48085,599
2021-01-22,Sutter,101,95872,8064,7878,76,7954,80
2021-01-22,Tehama,103,63373,4160,3993,448,4441,19
2021-01-22,Trinity,105,12862,438,263,66,329,3
2021-01-22,Tulare,107,460477,44379,42307,6273,48580,573
2021-01-22,Tuolumne,109,53932,3388,3379,31,3410,29
2021-01-22,Ventura,111,848112,67832,64404,2393,66797,426
2021-01-22,Yolo,113,214977,11737,11014,140,11154,141
2021-01-22,Yuba,115,75493,5003,4789,66,4855,29
2021-01-21,Alameda,001,1643700,72075,69314,1512,70826,739
2021-01-21,Alpine,003,1148,73,71,0,71,0
2021-01-21,Amador,005,37829,3112,3038,24,3062,29
2021-01-21,Butte,007,227075,10301,9643,1404,11047,130
2021-01-21,Calaveras,009,45235,1693,1647,10,1657,21
2021-01-21,Colusa,011,21464,1718,1662,187,1849,7
2021-01-21,Contra Costa,013,1133247,56115,53595,921,54516,478
2021-01-21,Del Norte,015,27424,881,850,3,853,2
2021-01-21,El Dorado,017,186661,8367,7823,540,8363,58
2021-01-21,Fresno,019,978130,88674,84137,6699,90836,889
2021-01-21,Glenn,021,27897,2071,1964,418,2382,13
2021-01-21,Humboldt,023,135768,2634,2423,16,2439,23
2021-01-21,Imperial,025,180216,26125,25509,2308,27817,463
2021-01-21,Inyo,027,18085,1024,946,8,954,26
2021-01-21,Kern,029,883053,85417,81328,7848,89176,769
2021-01-21,Kings,031,150075,20476,19633,813,20446,158
2021-01-21,Lake,033,64148,2776,2669,0,2669,32
2021-01-21,Lassen,035,31185,4878,4763,81,4844,1
2021-01-21,Los Angeles,037,10098052,1080492,1023055,34847,1057902,14537
2021-01-21,Madera,039,155013,14323,13664,686,14350,86
2021-01-21,Marin,041,260295,12032,11732,126,11858,173
2021-01-21,Mariposa,043,17540,342,322,3,325,3
2021-01-21,Mendocino,045,87422,3156,2967,56,3023,32
2021-01-21,Merced,047,269075,25203,24426,693,25119,245
2021-01-21,Modoc,049,8938,303,284,92,376,0
2021-01-21,Mono,051,14174,1111,1104,15,1119,3
2021-01-21,Monterey,053,433212,38138,36149,1284,37433,253
2021-01-21,Napa,055,140530,8135,7774,32,7806,40
2021-01-21,Nevada,057,99092,3498,3274,137,3411,18
2021-01-21,Orange,059,3164182,226568,218867,9135,228002,2540
2021-01-21,Placer,061,380077,18806,17553,913,18466,190
2021-01-21,Plumas,063,18699,603,518,10,528,2
2021-01-21,Riverside,065,2383286,262852,251007,12363,263370,2676
2021-01-21,Sacramento,067,1510023,84923,82303,992,83295,1084
2021-01-21,San Benito,069,59416,5238,5100,60,5160,43
2021-01-21,San Bernardino,071,2135413,268963,257754,7777,265531,1832
2021-01-21,San Diego,073,3302833,236271,219729,10923,230652,2222
2021-01-21,San Francisco,075,870044,30697,29801,714,30515,266
2021-01-21,San Joaquin,077,732212,60659,58270,2379,60649,806
2021-01-21,San Luis Obispo,079,281455,17377,16153,448,16601,169
2021-01-21,San Mateo,081,765935,35358,33156,290,33446,210
2021-01-21,Santa Barbara,083,443738,27700,25654,820,26474,253
2021-01-21,Santa Clara,085,1922200,98968,96028,445,96473,1062
2021-01-21,Santa Cruz,087,273765,13851,12548,650,13198,119
2021-01-21,Shasta,089,179085,10073,9795,1024,10819,98
2021-01-21,Sierra,091,2930,47,40,12,52,0
2021-01-21,Siskiyou,093,43540,1277,1178,185,1363,4
2021-01-21,Solano,095,438530,26924,25885,294,26179,106
2021-01-21,Sonoma,097,501317,25231,24440,129,24569,230
2021-01-21,Stanislaus,099,539301,45302,43223,4552,47775,599
2021-01-21,Sutter,101,95872,8030,7822,76,7898,80
2021-01-21,Tehama,103,63373,4122,3938,448,4386,19
2021-01-21,Trinity,105,12862,438,261,66,327,3
2021-01-21,Tulare,107,460477,44168,42082,6197,48279,569
2021-01-21,Tuolumne,109,53932,3378,3365,30,3395,29
2021-01-21,Ventura,111,848112,67138,63995,2372,66367,420
2021-01-21,Yolo,113,214977,11647,10940,132,11072,141
2021-01-21,Yuba,115,75493,4971,4757,65,4822,29
2021-01-20,Alameda,001,1643700,71597,68785,1498,70283,702
2021-01-20,Alpine,003,1148,73,71,0,71,0
2021-01-20,Amador,005,37829,3081,3036,24,3060,29
2021-01-20,Butte,007,227075,10245,9582,1393,10975,130
2021-01-20,Calaveras,009,45235,1671,1637,9,1646,21
2021-01-20,Colusa,011,21464,1701,1630,182,1812,7
2021-01-20,Contra Costa,013,1133247,55659,53108,914,54022,461
2021-01-20,Del Norte,015,27424,880,848,3,851,2
2021-01-20,El Dorado,017,186661,8317,7785,537,8322,53
2021-01-20,Fresno,019,978130,88254,83591,6646,90237,872
2021-01-20,Glenn,021,27897,2052,1955,416,2371,13
2021-01-20,Humboldt,023,135768,2591,2390,16,2406,22
2021-01-20,Imperial,025,180216,26053,25380,2273,27653,461
2021-01-20,Inyo,027,18085,1014,901,8,909,26
2021-01-20,Kern,029,883053,84968,80701,7740,88441,754
2021-01-20,Kings,031,150075,20386,19522,805,20327,146
2021-01-20,Lake,033,64148,2755,2646,0,2646,31
2021-01-20,Lassen,035,31185,4870,4758,79,4837,1
2021-01-20,Los Angeles,037,10098052,1072996,1015608,34559,1050167,14299
2021-01-20,Madera,039,155013,14259,13585,681,14266,86
2021-01-20,Marin,041,260295,11978,11684,124,11808,171
2021-01-20,Mariposa,043,17540,340,322,3,325,3
2021-01-20,Mendocino,045,87422,3141,2957,56,3013,32
2021-01-20,Merced,047,269075,25030,24220,671,24891,243
2021-01-20,Modoc,049,8938,302,282,92,374,0
2021-01-20,Mono,051,14174,1104,1105,14,1119,3
2021-01-20,Monterey,053,433212,37826,35960,1264,37224,249
2021-01-20,Napa,055,140530,8066,7731,31,7762,40
2021-01-20,Nevada,057,99092,3466,3238,137,3375,18
2021-01-20,Orange,059,3164182,225032,216893,9074,225967,2500
2021-01-20,Placer,061,380077,18713,17455,895,18350,186
2021-01-20,Plumas,063,18699,601,512,10,522,2
2021-01-20,Riverside,065,2383286,260806,248686,12276,260962,2615
2021-01-20,Sacramento,067,1510023,84363,81687,982,82669,1072
2021-01-20,San Benito,069,59416,5207,5036,59,5095,35
2021-01-20,San Bernardino,071,2135413,267608,255921,7730,263651,1801
2021-01-20,San Diego,073,3302833,234416,218553,10819,229372,2174
2021-01-20,San Francisco,075,870044,30509,29665,694,30359,262
2021-01-20,San Joaquin,077,732212,60254,58025,2370,60395,783
2021-01-20,San Luis Obispo,079,281455,17196,15936,439,16375,164
2021-01-20,San Mateo,081,765935,35131,32929,289,33218,210
2021-01-20,Santa Barbara,083,443738,27383,25312,808,26120,248
2021-01-20,Santa Clara,085,1922200,98286,94995,443,95438,1040
2021-01-20,Santa Cruz,087,273765,13744,12460,637,13097,107
2021-01-20,Shasta,089,179085,10021,9697,1014,10711,98
2021-01-20,Sierra,091,2930,47,40,12,52,0
2021-01-20,Siskiyou,093,43540,1270,1163,184,1347,4
2021-01-20,Solano,095,438530,26731,25659,290,25949,106
2021-01-20,Sonoma,097,501317,25094,24262,127,24389,223
2021-01-20,Stanislaus,099,539301,45021,42955,4514,47469,585
2021-01-20,Sutter,101,95872,7979,7772,74,7846,80
2021-01-20,Tehama,103,63373,4096,3892,446,4338,19
2021-01-20,Trinity,105,12862,438,260,66,326,3
2021-01-20,Tulare,107,460477,43910,41799,6104,47903,559
2021-01-20,Tuolumne,109,53932,3364,3355,29,3384,29
2021-01-20,Ventura,111,848112,66178,63413,2343,65756,395
2021-01-20,Yolo,113,214977,11579,10852,129,10981,141
2021-01-20,Yuba,115,75493,4944,4729,65,4794,29
2021-01-19,Alameda,001,1643700,70953,68434,1489,69923,680
2021-01-19,Alpine,003,1148,73,71,0,71,0
2021-01-19,Amador,005,37829,3072,3024,24,3048,28
2021-01-19,Butte,007,227075,10181,9528,1378,10906,129
2021-01-19,Calaveras,009,45235,1656,1621,8,1629,21
2021-01-19,Colusa,011,21464,1679,1617,178,1795,7
2021-01-19,Contra Costa,013,1133247,55162,52730,903,53633,448
2021-01-19,Del Norte,015,27424,878,843,3,846,2
2021-01-19,El Dorado,017,186661,8257,7743,529,8272,47
2021-01-19,Fresno,019,978130,87731,83200,6594,89794,857
2021-01-19,Glenn,021,27897,2040,1948,411,2359,13
2021-01-19,Humboldt,023,135768,2567,2359,13,2372,22
2021-01-19,Imperial,025,180216,25972,25333,2257,27590,452
2021-01-19,Inyo,027,18085,1007,891,8,899,26
2021-01-19,Kern,029,883053,84379,80272,7632,87904,742
2021-01-19,Kings,031,150075,20247,19375,794,20169,143
2021-01-19,Lake,033,64148,2740,2625,0,2625,31
2021-01-19,Lassen,035,31185,4863,4753,79,4832,1
2021-01-19,Los Angeles,037,10098052,1064321,1010375,34288,1044663,14014
2021-01-19,Madera,039,155013,14143,13528,674,14202,86
2021-01-19,Marin,041,260295,11921,11654,120,11774,169
2021-01-19,Mariposa,043,17540,340,322,3,325,3
2021-01-19,Mendocino,045,87422,3124,2930,56,2986,32
2021-01-19,Merced,047,269075,24818,24108,662,24770,242
2021-01-19,Modoc,049,8938,301,281,92,373,0
2021-01-19,Mono,051,14174,1103,1106,14,1120,3
2021-01-19,Monterey,053,433212,37523,35840,1243,37083,248
2021-01-19,Napa,055,140530,8007,7672,31,7703,38
2021-01-19,Nevada,057,99092,3448,3216,135,3351,18
2021-01-19,Orange,059,3164182,223293,215244,9005,224249,2468
2021-01-19,Placer,061,380077,18615,17348,885,18233,182
2021-01-19,Plumas,063,18699,594,509,10,519,2
2021-01-19,Riverside,065,2383286,258719,246248,12197,258445,2585
2021-01-19,Sacramento,067,1510023,83826,81183,962,82145,1053
2021-01-19,San Benito,069,59416,5161,4988,58,5046,35
2021-01-19,San Bernardino,071,2135413,265872,253651,7672,261323,1777
2021-01-19,San Diego,073,3302833,231993,216833,10721,227554,2109
2021-01-19,San Francisco,075,870044,30290,29502,663,30165,261
2021-01-19,San Joaquin,077,732212,59870,57655,2357,60012,782
2021-01-19,San Luis Obispo,079,281455,16932,15855,436,16291,161
2021-01-19,San Mateo,081,765935,34846,32730,278,33008,208
2021-01-19,Santa Barbara,083,443738,26999,24991,792,25783,236
2021-01-19,Santa Clara,085,1922200,97511,94483,441,94924,1010
2021-01-19,Santa Cruz,087,273765,13627,12410,629,13039,106
2021-01-19,Shasta,089,179085,9985,9614,1004,10618,93
2021-01-19,Sierra,091,2930,47,40,10,50,0
2021-01-19,Siskiyou,093,43540,1262,1149,183,1332,4
2021-01-19,Solano,095,438530,26484,25520,289,25809,106
2021-01-19,Sonoma,097,501317,24914,24133,125,24258,223
2021-01-19,Stanislaus,099,539301,44673,42723,4469,47192,561
2021-01-19,Sutter,101,95872,7929,7709,68,7777,80
2021-01-19,Tehama,103,63373,4063,3876,444,4320,19
2021-01-19,Trinity,105,12862,437,260,66,326,3
2021-01-19,Tulare,107,460477,43632,41559,6008,47567,549
2021-01-19,Tuolumne,109,53932,3337,3328,29,3357,29
2021-01-19,Ventura,111,848112,65499,62656,2316,64972,383
2021-01-19,Yolo,113,214977,11492,10789,128,10917,134
2021-01-19,Yuba,115,75493,4911,4695,64,4759,29
2021-01-18,Alameda,001,1643700,70321,67938,1471,69409,680
2021-01-18,Alpine,003,1148,73,71,0,71,0
2021-01-18,Amador,005,37829,3058,3016,24,3040,28
2021-01-18,Butte,007,227075,10096,9474,1367,10841,129
2021-01-18,Calaveras,009,45235,1635,1617,7,1624,21
2021-01-18,Colusa,011,21464,1662,1608,177,1785,7
2021-01-18,Contra Costa,013,1133247,54646,52323,895,53218,448
2021-01-18,Del Norte,015,27424,877,840,3,843,2
2021-01-18,El Dorado,017,186661,8188,7707,527,8234,47
2021-01-18,Fresno,019,978130,87119,82485,6527,89012,857
2021-01-18,Glenn,021,27897,2023,1935,407,2342,13
2021-01-18,Humboldt,023,135768,2529,2343,13,2356,22
2021-01-18,Imperial,025,180216,25903,25317,2232,27549,452
2021-01-18,Inyo,027,18085,995,872,8,880,26
2021-01-18,Kern,029,883053,83741,79930,7541,87471,740
2021-01-18,Kings,031,150075,20077,19267,782,20049,141
2021-01-18,Lake,033,64148,2723,2591,0,2591,30
2021-01-18,Lassen,035,31185,4827,4749,78,4827,1
2021-01-18,Los Angeles,037,10098052,1054825,1002614,33995,1036609,13828
2021-01-18,Madera,039,155013,14030,13443,666,14109,85
2021-01-18,Marin,041,260295,11874,11607,118,11725,165
2021-01-18,Mariposa,043,17540,337,320,2,322,3
2021-01-18,Mendocino,045,87422,3101,2919,56,2975,31
2021-01-18,Merced,047,269075,24573,23927,646,24573,242
2021-01-18,Modoc,049,8938,298,281,89,370,0
2021-01-18,Mono,051,14174,1100,1101,14,1115,3
2021-01-18,Monterey,053,433212,37080,35549,1229,36778,247
2021-01-18,Napa,055,140530,7933,7601,31,7632,38
2021-01-18,Nevada,057,99092,3410,3199,134,3333,17
2021-01-18,Orange,059,3164182,221390,213866,8949,222815,2405
2021-01-18,Placer,061,380077,18499,17263,876,18139,182
2021-01-18,Plumas,063,18699,590,506,10,516,2
2021-01-18,Riverside,065,2383286,256404,244151,12103,256254,2568
2021-01-18,Sacramento,067,1510023,83156,80546,946,81492,1046
2021-01-18,San Benito,069,59416,5111,4963,56,5019,35
2021-01-18,San Bernardino,071,2135413,264109,252808,7613,260421,1775
2021-01-18,San Diego,073,3302833,229345,214335,10592,224927,2103
2021-01-18,San Francisco,075,870044,30084,29321,639,29960,259
2021-01-18,San Joaquin,077,732212,59352,57405,2335,59740,782
2021-01-18,San Luis Obispo,079,281455,16745,15742,426,16168,158
2021-01-18,San Mateo,081,765935,34533,32515,259,32774,208
2021-01-18,Santa Barbara,083,443738,26620,24638,778,25416,235
2021-01-18,Santa Clara,085,1922200,96619,93688,437,94125,992
2021-01-18,Santa Cruz,087,273765,13494,12298,616,12914,106
2021-01-18,Shasta,089,179085,9946,9600,994,10594,92
2021-01-18,Sierra,091,2930,46,40,10,50,0
2021-01-18,Siskiyou,093,43540,1250,1144,182,1326,4
2021-01-18,Solano,095,438530,26207,25344,284,25628,105
2021-01-18,Sonoma,097,501317,24646,24068,124,24192,223
2021-01-18,Stanislaus,099,539301,44317,42413,4413,46826,562
2021-01-18,Sutter,101,95872,7872,7680,66,7746,78
2021-01-18,Tehama,103,63373,4019,3854,437,4291,19
2021-01-18,Trinity,105,12862,437,260,66,326,3
2021-01-18,Tulare,107,460477,43343,41196,5897,47093,549
2021-01-18,Tuolumne,109,53932,3314,3318,28,3346,28
2021-01-18,Ventura,111,848112,65069,61859,2293,64152,379
2021-01-18,Yolo,113,214977,11363,10620,125,10745,134
2021-01-18,Yuba,115,75493,4883,4671,62,4733,29
2021-01-17,Alameda,001,1643700,69756,67375,1453,68828,676
2021-01-17,Alpine,003,1148,73,71,0,71,0
2021-01-17,Amador,005,37829,3051,3001,24,3025,28
2021-01-17,Butte,007,227075,10021,9411,1343,10754,129
2021-01-17,Calaveras,009,45235,1622,1608,7,1615,21
2021-01-17,Colusa,011,21464,1648,1588,173,1761,7
2021-01-17,Contra Costa,013,1133247,54156,51932,885,52817,447
2021-01-17,Del Norte,015,27424,877,838,3,841,2
2021-01-17,El Dorado,017,186661,8132,7659,515,8174,47
2021-01-17,Fresno,019,978130,86566,82039,6451,88490,857
2021-01-17,Glenn,021,27897,2013,1924,401,2325,9
2021-01-17,Humboldt,023,135768,2492,2322,11,2333,22
2021-01-17,Imperial,025,180216,25833,25253,2188,27441,451
2021-01-17,Inyo,027,18085,989,864,8,872,26
2021-01-17,Kern,029,883053,83193,79489,7454,86943,738
2021-01-17,Kings,031,150075,19941,19201,768,19969,131
2021-01-17,Lake,033,64148,2707,2572,0,2572,30
2021-01-17,Lassen,035,31185,4819,4740,77,4817,1
2021-01-17,Los Angeles,037,10098052,1048177,993028,33593,1026621,13741
2021-01-17,Madera,039,155013,13938,13328,661,13989,85
2021-01-17,Marin,041,260295,11821,11552,116,11668,164
2021-01-17,Mariposa,043,17540,337,319,2,321,3
2021-01-17,Mendocino,045,87422,3073,2912,55,2967,31
2021-01-17,Merced,047,269075,24361,23800,628,24428,242
2021-01-17,Modoc,049,8938,297,279,89,368,0
2021-01-17,Mono,051,14174,1093,1091,13,1104,3
2021-01-17,Monterey,053,433212,36837,35340,1203,36543,244
2021-01-17,Napa,055,140530,7877,7521,31,7552,38
2021-01-17,Nevada,057,99092,3385,3176,132,3308,17
2021-01-17,Orange,059,3164182,219385,212389,8874,221263,2359
2021-01-17,Placer,061,380077,18394,17194,861,18055,181
2021-01-17,Plumas,063,18699,589,505,9,514,2
2021-01-17,Riverside,065,2383286,254294,242206,11985,254191,2534
2021-01-17,Sacramento,067,1510023,82555,80154,934,81088,1045
2021-01-17,San Benito,069,59416,5073,4941,56,4997,35
2021-01-17,San Bernardino,071,2135413,261986,251487,7525,259012,1775
2021-01-17,San Diego,073,3302833,227151,211785,10485,222270,2103
2021-01-17,San Francisco,075,870044,29898,29139,601,29740,255
2021-01-17,San Joaquin,077,732212,58994,57094,2320,59414,780
2021-01-17,San Luis Obispo,079,281455,16623,15658,417,16075,157
2021-01-17,San Mateo,081,765935,34281,32186,236,32422,208
2021-01-17,Santa Barbara,083,443738,26160,24401,765,25166,235
2021-01-17,Santa Clara,085,1922200,95871,92752,434,93186,976
2021-01-17,Santa Cruz,087,273765,13382,12196,613,12809,106
2021-01-17,Shasta,089,179085,9888,9588,986,10574,92
2021-01-17,Sierra,091,2930,46,38,9,47,0
2021-01-17,Siskiyou,093,43540,1243,1136,179,1315,4
2021-01-17,Solano,095,438530,25978,25216,282,25498,105
2021-01-17,Sonoma,097,501317,24472,23871,124,23995,223
2021-01-17,Stanislaus,099,539301,43996,42221,4349,46570,562
2021-01-17,Sutter,101,95872,7809,7604,65,7669,77
2021-01-17,Tehama,103,63373,3988,3837,433,4270,18
2021-01-17,Trinity,105,12862,437,261,66,327,3
2021-01-17,Tulare,107,460477,43051,41016,5781,46797,549
2021-01-17,Tuolumne,109,53932,3297,3287,28,3315,27
2021-01-17,Ventura,111,848112,64221,61257,2245,63502,376
2021-01-17,Yolo,113,214977,11264,10519,123,10642,134
2021-01-17,Yuba,115,75493,4833,4640,59,4699,28
2021-01-16,Alameda,001,1643700,69434,66583,1440,68023,673
2021-01-16,Alpine,003,1148,73,71,0,71,0
2021-01-16,Amador,005,37829,3048,2986,24,3010,28
2021-01-16,Butte,007,227075,9988,9359,1323,10682,129
2021-01-16,Calaveras,009,45235,1609,1596,7,1603,21
2021-01-16,Colusa,011,21464,1636,1578,173,1751,7
2021-01-16,Contra Costa,013,1133247,53892,51363,878,52241,443
2021-01-16,Del Norte,015,27424,872,833,3,836,2
2021-01-16,El Dorado,017,186661,8110,7575,514,8089,47
2021-01-16,Fresno,019,978130,86292,81294,6396,87690,846
2021-01-16,Glenn,021,27897,2009,1894,398,2292,9
2021-01-16,Humboldt,023,135768,2472,2294,9,2303,22
2021-01-16,Imperial,025,180216,25798,25140,2181,27321,451
2021-01-16,Inyo,027,18085,985,845,8,853,25
2021-01-16,Kern,029,883053,82826,78865,7400,86265,733
2021-01-16,Kings,031,150075,19885,19072,765,19837,131
2021-01-16,Lake,033,64148,2696,2504,0,2504,30
2021-01-16,Lassen,035,31185,4807,4719,77,4796,1
2021-01-16,Los Angeles,037,10098052,1044097,982684,33352,1016036,13654
2021-01-16,Madera,039,155013,13871,13193,657,13850,85
2021-01-16,Marin,041,260295,11778,11482,116,11598,164
2021-01-16,Mariposa,043,17540,336,317,2,319,3
2021-01-16,Mendocino,045,87422,3059,2890,52,2942,31
2021-01-16,Merced,047,269075,24273,23478,614,24092,242
2021-01-16,Modoc,049,8938,297,278,89,367,0
2021-01-16,Mono,051,14174,1091,1079,13,1092,3
2021-01-16,Monterey,053,433212,36726,34972,1185,36157,243
2021-01-16,Napa,055,140530,7838,7356,31,7387,39
2021-01-16,Nevada,057,99092,3352,3144,132,3276,17
2021-01-16,Orange,059,3164182,218350,210111,8817,218928,2312
2021-01-16,Placer,061,380077,18330,16995,859,17854,177
2021-01-16,Plumas,063,18699,587,502,9,511,2
2021-01-16,Riverside,065,2383286,252937,239412,11869,251281,2506
2021-01-16,Sacramento,067,1510023,82179,79122,917,80039,1033
2021-01-16,San Benito,069,59416,5041,4875,56,4931,35
2021-01-16,San Bernardino,071,2135413,261198,249401,7458,256859,1755
2021-01-16,San Diego,073,3302833,225853,209895,10388,220283,2065
2021-01-16,San Francisco,075,870044,29770,28853,570,29423,244
2021-01-16,San Joaquin,077,732212,58747,56642,2289,58931,776
2021-01-16,San Luis Obispo,079,281455,16522,15466,415,15881,152
2021-01-16,San Mateo,081,765935,34117,31805,230,32035,208
2021-01-16,Santa Barbara,083,443738,25960,24088,761,24849,229
2021-01-16,Santa Clara,085,1922200,95403,91584,427,92011,954
2021-01-16,Santa Cruz,087,273765,13323,12026,611,12637,106
2021-01-16,Shasta,089,179085,9855,9547,982,10529,92
2021-01-16,Sierra,091,2930,45,38,9,47,0
2021-01-16,Siskiyou,093,43540,1238,1124,179,1303,4
2021-01-16,Solano,095,438530,25869,24732,277,25009,103
2021-01-16,Sonoma,097,501317,24381,23607,123,23730,223
2021-01-16,Stanislaus,099,539301,43809,41809,4298,46107,562
2021-01-16,Sutter,101,95872,7777,7560,65,7625,76
2021-01-16,Tehama,103,63373,3974,3783,433,4216,18
2021-01-16,Trinity,105,12862,437,261,66,327,3
2021-01-16,Tulare,107,460477,42871,40655,5708,46363,542
2021-01-16,Tuolumne,109,53932,3289,3269,28,3297,27
2021-01-16,Ventura,111,848112,63669,60368,2215,62583,369
2021-01-16,Yolo,113,214977,11215,10406,122,10528,134
2021-01-16,Yuba,115,75493,4802,4602,59,4661,27
2021-01-15,Alameda,001,1643700,69007,65416,1429,66845,672
2021-01-15,Alpine,003,1148,73,71,0,71,0
2021-01-15,Amador,005,37829,3041,2953,24,2977,28
2021-01-15,Butte,007,227075,9947,9233,1308,10541,129
2021-01-15,Calaveras,009,45235,1602,1538,7,1545,21
2021-01-15,Colusa,011,21464,1625,1541,168,1709,7
2021-01-15,Contra Costa,013,1133247,53562,50408,871,51279,428
2021-01-15,Del Norte,015,27424,868,828,2,830,2
2021-01-15,El Dorado,017,186661,8061,7439,505,7944,47
2021-01-15,Fresno,019,978130,85755,79950,6360,86310,832
2021-01-15,Glenn,021,27897,2005,1824,395,2219,9
2021-01-15,Humboldt,023,135768,2445,2218,8,2226,22
2021-01-15,Imperial,025,180216,25764,24944,2175,27119,446
2021-01-15,Inyo,027,18085,967,814,8,822,25
2021-01-15,Kern,029,883053,82411,77873,7335,85208,719
2021-01-15,Kings,031,150075,19776,18661,759,19420,131
2021-01-15,Lake,033,64148,2670,2434,0,2434,28
2021-01-15,Lassen,035,31185,4796,4693,75,4768,1
2021-01-15,Los Angeles,037,10098052,1037053,968979,33061,1002040,13404
2021-01-15,Madera,039,155013,13786,12883,654,13537,85
2021-01-15,Marin,041,260295,11727,11310,116,11426,160
2021-01-15,Mariposa,043,17540,334,307,2,309,3
2021-01-15,Mendocino,045,87422,3048,2835,52,2887,31
2021-01-15,Merced,047,269075,24160,23060,610,23670,239
2021-01-15,Modoc,049,8938,297,278,87,365,0
2021-01-15,Mono,051,14174,1088,1057,13,1070,3
2021-01-15,Monterey,053,433212,36510,34460,1125,35585,243
2021-01-15,Napa,055,140530,7776,7231,31,7262,38
2021-01-15,Nevada,057,99092,3339,3099,129,3228,17
2021-01-15,Orange,059,3164182,216993,207129,8765,215894,2254
2021-01-15,Placer,061,380077,18226,16712,850,17562,173
2021-01-15,Plumas,063,18699,584,499,9,508,2
2021-01-15,Riverside,065,2383286,251072,235235,11790,247025,2458
2021-01-15,Sacramento,067,1510023,81758,80279,909,81188,1023
2021-01-15,San Benito,069,59416,5002,4766,54,4820,35
2021-01-15,San Bernardino,071,2135413,260030,246182,7400,253582,1726
2021-01-15,San Diego,073,3302833,224104,206868,10323,217191,2037
2021-01-15,San Francisco,075,870044,29596,28574,550,29124,242
2021-01-15,San Joaquin,077,732212,58513,55885,2275,58160,748
2021-01-15,San Luis Obispo,079,281455,16389,15129,410,15539,148
2021-01-15,San Mateo,081,765935,33872,31291,226,31517,208
2021-01-15,Santa Barbara,083,443738,25676,23487,757,24244,226
2021-01-15,Santa Clara,085,1922200,94751,90103,422,90525,942
2021-01-15,Santa Cruz,087,273765,13214,11776,597,12373,105
2021-01-15,Shasta,089,179085,9816,9459,975,10434,91
2021-01-15,Sierra,091,2930,44,36,7,43,0
2021-01-15,Siskiyou,093,43540,1234,1119,178,1297,4
2021-01-15,Solano,095,438530,25719,24222,274,24496,103
2021-01-15,Sonoma,097,501317,24250,23204,122,23326,222
2021-01-15,Stanislaus,099,539301,43559,41178,4256,45434,562
2021-01-15,Sutter,101,95872,7730,7484,64,7548,75
2021-01-15,Tehama,103,63373,3952,3714,432,4146,17
2021-01-15,Trinity,105,12862,437,262,66,328,3
2021-01-15,Tulare,107,460477,42626,39951,5623,45574,535
2021-01-15,Tuolumne,109,53932,3273,3231,28,3259,27
2021-01-15,Ventura,111,848112,62925,59061,2182,61243,353
2021-01-15,Yolo,113,214977,11159,10240,121,10361,134
2021-01-15,Yuba,115,75493,4781,4549,59,4608,27
2021-01-14,Alameda,001,1643700,68377,64364,1413,65777,686
2021-01-14,Alpine,003,1148,73,71,0,71,0
2021-01-14,Amador,005,37829,3035,2940,24,2964,28
2021-01-14,Butte,007,227075,9861,9127,1286,10413,129
2021-01-14,Calaveras,009,45235,1585,1513,7,1520,21
2021-01-14,Colusa,011,21464,1610,1535,161,1696,7
2021-01-14,Contra Costa,013,1133247,53007,49545,857,50402,415
2021-01-14,Del Norte,015,27424,862,821,2,823,2
2021-01-14,El Dorado,017,186661,7987,7321,497,7818,45
2021-01-14,Fresno,019,978130,85122,79033,6280,85313,814
2021-01-14,Glenn,021,27897,1993,1798,390,2188,9
2021-01-14,Humboldt,023,135768,2402,2169,8,2177,22
2021-01-14,Imperial,025,180216,25655,24882,2140,27022,447
2021-01-14,Inyo,027,18085,960,790,8,798,25
2021-01-14,Kern,029,883053,81739,77070,7234,84304,705
2021-01-14,Kings,031,150075,19646,18405,755,19160,108
2021-01-14,Lake,033,64148,2627,2378,0,2378,27
2021-01-14,Lassen,035,31185,4786,4673,73,4746,1
2021-01-14,Los Angeles,037,10098052,1027038,954652,32680,987332,13147
2021-01-14,Madera,039,155013,13672,12742,643,13385,85
2021-01-14,Marin,041,260295,11653,11155,115,11270,159
2021-01-14,Mariposa,043,17540,331,302,2,304,3
2021-01-14,Mendocino,045,87422,3034,2801,50,2851,31
2021-01-14,Merced,047,269075,23933,22780,600,23380,239
2021-01-14,Modoc,049,8938,297,273,87,360,0
2021-01-14,Mono,051,14174,1080,1020,13,1033,3
2021-01-14,Monterey,053,433212,36089,34105,1103,35208,242
2021-01-14,Napa,055,140530,7691,7117,31,7148,38
2021-01-14,Nevada,057,99092,3312,3075,127,3202,17
2021-01-14,Orange,059,3164182,215060,204442,8679,213121,2162
2021-01-14,Placer,061,380077,18064,16488,843,17331,169
2021-01-14,Plumas,063,18699,576,496,9,505,2
2021-01-14,Riverside,065,2383286,248425,231684,11690,243374,2357
2021-01-14,Sacramento,067,1510023,81119,79137,885,80022,1007
2021-01-14,San Benito,069,59416,4966,4678,53,4731,35
2021-01-14,San Bernardino,071,2135413,258064,243379,7330,250709,1750
2021-01-14,San Diego,073,3302833,221710,204173,10203,214376,2005
2021-01-14,San Francisco,075,870044,29351,28200,502,28702,238
2021-01-14,San Joaquin,077,732212,57997,55058,2261,57319,739
2021-01-14,San Luis Obispo,079,281455,16227,14851,401,15252,146
2021-01-14,San Mateo,081,765935,33503,30694,217,30911,208
2021-01-14,Santa Barbara,083,443738,25256,23126,739,23865,219
2021-01-14,Santa Clara,085,1922200,93817,88505,415,88920,910
2021-01-14,Santa Cruz,087,273765,13067,11583,581,12164,109
2021-01-14,Shasta,089,179085,9767,9334,959,10293,90
2021-01-14,Sierra,091,2930,44,35,6,41,0
2021-01-14,Siskiyou,093,43540,1222,1108,175,1283,3
2021-01-14,Solano,095,438530,25460,23782,270,24052,103
2021-01-14,Sonoma,097,501317,24010,22910,122,23032,202
2021-01-14,Stanislaus,099,539301,43233,40597,4215,44812,574
2021-01-14,Sutter,101,95872,7671,7416,61,7477,74
2021-01-14,Tehama,103,63373,3924,3664,428,4092,17
2021-01-14,Trinity,105,12862,437,261,65,326,3
2021-01-14,Tulare,107,460477,42242,39565,5514,45079,533
2021-01-14,Tuolumne,109,53932,3252,3215,28,3243,28
2021-01-14,Ventura,111,848112,62053,57941,2145,60086,347
2021-01-14,Yolo,113,214977,11050,10097,115,10212,135
2021-01-14,Yuba,115,75493,4749,4496,59,4555,27
2021-01-13,Alameda,001,1643700,67597,63568,1397,64965,690
2021-01-13,Alpine,003,1148,73,71,0,71,0
2021-01-13,Amador,005,37829,3021,2914,24,2938,26
2021-01-13,Butte,007,227075,9779,9013,1271,10284,126
2021-01-13,Calaveras,009,45235,1563,1493,7,1500,21
2021-01-13,Colusa,011,21464,1598,1524,154,1678,7
2021-01-13,Contra Costa,013,1133247,52427,48877,845,49722,403
2021-01-13,Del Norte,015,27424,858,820,2,822,2
2021-01-13,El Dorado,017,186661,7894,7247,489,7736,43
2021-01-13,Fresno,019,978130,84403,78278,6238,84516,804
2021-01-13,Glenn,021,27897,1977,1792,381,2173,9
2021-01-13,Humboldt,023,135768,2369,2114,8,2122,22
2021-01-13,Imperial,025,180216,25531,24717,2107,26824,463
2021-01-13,Inyo,027,18085,948,785,8,793,25
2021-01-13,Kern,029,883053,81078,76049,7144,83193,704
2021-01-13,Kings,031,150075,19479,18121,733,18854,108
2021-01-13,Lake,033,64148,2583,2305,0,2305,27
2021-01-13,Lassen,035,31185,4779,4663,72,4735,1
2021-01-13,Los Angeles,037,10098052,1016251,937985,32269,970254,12873
2021-01-13,Madera,039,155013,13546,12570,638,13208,85
2021-01-13,Marin,041,260295,11597,11039,115,11154,161
2021-01-13,Mariposa,043,17540,329,304,2,306,3
2021-01-13,Mendocino,045,87422,3014,2790,50,2840,31
2021-01-13,Merced,047,269075,23694,22497,586,23083,241
2021-01-13,Modoc,049,8938,296,274,84,358,0
2021-01-13,Mono,051,14174,1076,1017,13,1030,3
2021-01-13,Monterey,053,433212,35665,33748,1079,34827,241
2021-01-13,Napa,055,140530,7577,7028,31,7059,36
2021-01-13,Nevada,057,99092,3288,3037,124,3161,17
2021-01-13,Orange,059,3164182,212971,201158,8610,209768,2172
2021-01-13,Placer,061,380077,17937,16272,829,17101,172
2021-01-13,Plumas,063,18699,574,490,9,499,2
2021-01-13,Riverside,065,2383286,245277,228192,11572,239764,2278
2021-01-13,Sacramento,067,1510023,80459,78268,878,79146,996
2021-01-13,San Benito,069,59416,4909,4583,52,4635,35
2021-01-13,San Bernardino,071,2135413,255691,240191,7258,247449,1759
2021-01-13,San Diego,073,3302833,219096,201578,10100,211678,1952
2021-01-13,San Francisco,075,870044,29112,27863,480,28343,238
2021-01-13,San Joaquin,077,732212,57374,54373,2231,56604,738
2021-01-13,San Luis Obispo,079,281455,16072,14625,390,15015,140
2021-01-13,San Mateo,081,765935,33163,30195,215,30410,207
2021-01-13,Santa Barbara,083,443738,24814,22714,723,23437,216
2021-01-13,Santa Clara,085,1922200,92839,87187,412,87599,911
2021-01-13,Santa Cruz,087,273765,12894,11423,567,11990,110
2021-01-13,Shasta,089,179085,9703,9180,945,10125,93
2021-01-13,Sierra,091,2930,44,33,6,39,0
2021-01-13,Siskiyou,093,43540,1216,1102,171,1273,3
2021-01-13,Solano,095,438530,25175,23503,268,23771,105
2021-01-13,Sonoma,097,501317,23760,22610,121,22731,206
2021-01-13,Stanislaus,099,539301,42841,40167,4162,44329,574
2021-01-13,Sutter,101,95872,7625,7350,60,7410,73
2021-01-13,Tehama,103,63373,3874,3589,423,4012,17
2021-01-13,Trinity,105,12862,437,260,65,325,3
2021-01-13,Tulare,107,460477,41834,39129,5410,44539,522
2021-01-13,Tuolumne,109,53932,3238,3196,28,3224,28
2021-01-13,Ventura,111,848112,61041,56453,2105,58558,338
2021-01-13,Yolo,113,214977,10949,9933,111,10044,135
2021-01-13,Yuba,115,75493,4707,4448,56,4504,27
2021-01-12,Alameda,001,1643700,66759,62642,1379,64021,677
2021-01-12,Alpine,003,1148,73,71,0,71,0
2021-01-12,Amador,005,37829,3004,2897,24,2921,26
2021-01-12,Butte,007,227075,9691,8883,1255,10138,124
2021-01-12,Calaveras,009,45235,1526,1475,7,1482,21
2021-01-12,Colusa,011,21464,1586,1510,150,1660,7
2021-01-12,Contra Costa,013,1133247,51785,48242,831,49073,399
2021-01-12,Del Norte,015,27424,853,816,2,818,2
2021-01-12,El Dorado,017,186661,7811,7156,478,7634,41
2021-01-12,Fresno,019,978130,83531,77651,6169,83820,796
2021-01-12,Glenn,021,27897,1952,1781,377,2158,9
2021-01-12,Humboldt,023,135768,2315,2077,7,2084,22
2021-01-12,Imperial,025,180216,25441,24566,2066,26632,457
2021-01-12,Inyo,027,18085,931,773,8,781,25
2021-01-12,Kern,029,883053,80371,75320,7048,82368,689
2021-01-12,Kings,031,150075,19267,18072,723,18795,108
2021-01-12,Lake,033,64148,2536,2260,0,2260,27
2021-01-12,Lassen,035,31185,4757,4659,70,4729,1
2021-01-12,Los Angeles,037,10098052,1004600,926295,31856,958151,12610
2021-01-12,Madera,039,155013,13406,12485,629,13114,85
2021-01-12,Marin,041,260295,11488,10960,115,11075,157
2021-01-12,Mariposa,043,17540,326,302,2,304,3
2021-01-12,Mendocino,045,87422,2994,2762,46,2808,31
2021-01-12,Merced,047,269075,23443,22172,564,22736,239
2021-01-12,Modoc,049,8938,294,274,84,358,0
2021-01-12,Mono,051,14174,1066,1008,13,1021,3
2021-01-12,Monterey,053,433212,35174,33381,1062,34443,240
2021-01-12,Napa,055,140530,7494,6936,31,6967,36
2021-01-12,Nevada,057,99092,3260,3014,122,3136,17
2021-01-12,Orange,059,3164182,210680,198260,8523,206783,2142
2021-01-12,Placer,061,380077,17767,16087,823,16910,163
2021-01-12,Plumas,063,18699,568,483,9,492,2
2021-01-12,Riverside,065,2383286,242143,225580,11433,237013,2266
2021-01-12,Sacramento,067,1510023,79731,77201,870,78071,985
2021-01-12,San Benito,069,59416,4841,4515,52,4567,35
2021-01-12,San Bernardino,071,2135413,253127,237008,7189,244197,1739
2021-01-12,San Diego,073,3302833,216181,198317,9984,208301,1898
2021-01-12,San Francisco,075,870044,28837,27531,447,27978,238
2021-01-12,San Joaquin,077,732212,56734,53630,2204,55834,725
2021-01-12,San Luis Obispo,079,281455,15826,14367,381,14748,132
2021-01-12,San Mateo,081,765935,32772,29747,203,29950,206
2021-01-12,Santa Barbara,083,443738,24391,22182,703,22885,209
2021-01-12,Santa Clara,085,1922200,91765,86075,404,86479,904
2021-01-12,Santa Cruz,087,273765,12679,11267,551,11818,110
2021-01-12,Shasta,089,179085,9630,9086,932,10018,84
2021-01-12,Sierra,091,2930,43,33,6,39,0
2021-01-12,Siskiyou,093,43540,1206,1091,164,1255,3
2021-01-12,Solano,095,438530,24872,23160,263,23423,102
2021-01-12,Sonoma,097,501317,23455,22403,121,22524,205
2021-01-12,Stanislaus,099,539301,42401,39615,4126,43741,571
2021-01-12,Sutter,101,95872,7562,7276,59,7335,73
2021-01-12,Tehama,103,63373,3836,3567,418,3985,17
2021-01-12,Trinity,105,12862,437,258,65,323,3
2021-01-12,Tulare,107,460477,41376,38797,5294,44091,509
2021-01-12,Tuolumne,109,53932,3205,3178,28,3206,28
2021-01-12,Ventura,111,848112,60069,55342,2072,57414,324
2021-01-12,Yolo,113,214977,10813,9857,101,9958,133
2021-01-12,Yuba,115,75493,4665,4389,56,4445,27
2021-01-11,Alameda,001,1643700,65889,61949,1362,63311,652
2021-01-11,Alpine,003,1148,73,70,0,70,0
2021-01-11,Amador,005,37829,2990,2867,24,2891,24
2021-01-11,Butte,007,227075,9578,8757,1237,9994,119
2021-01-11,Calaveras,009,45235,1507,1460,7,1467,21
2021-01-11,Colusa,011,21464,1568,1494,145,1639,7
2021-01-11,Contra Costa,013,1133247,51105,47728,822,48550,398
2021-01-11,Del Norte,015,27424,849,810,2,812,2
2021-01-11,El Dorado,017,186661,7717,6987,470,7457,36
2021-01-11,Fresno,019,978130,82651,76581,6092,82673,775
2021-01-11,Glenn,021,27897,1925,1763,371,2134,9
2021-01-11,Humboldt,023,135768,2276,2069,7,2076,22
2021-01-11,Imperial,025,180216,25326,24418,2030,26448,453
2021-01-11,Inyo,027,18085,913,763,8,771,25
2021-01-11,Kern,029,883053,79511,74489,6949,81438,682
2021-01-11,Kings,031,150075,19004,17909,715,18624,108
2021-01-11,Lake,033,64148,2484,2205,0,2205,26
2021-01-11,Lassen,035,31185,4734,4647,69,4716,1
2021-01-11,Los Angeles,037,10098052,991382,914434,31384,945818,12304
2021-01-11,Madera,039,155013,13272,12366,618,12984,85
2021-01-11,Marin,041,260295,11391,10814,112,10926,156
2021-01-11,Mariposa,043,17540,319,296,2,298,3
2021-01-11,Mendocino,045,87422,2966,2728,46,2774,31
2021-01-11,Merced,047,269075,23120,21884,549,22433,238
2021-01-11,Modoc,049,8938,293,271,83,354,0
2021-01-11,Mono,051,14174,1060,1006,13,1019,3
2021-01-11,Monterey,053,433212,34635,32858,999,33857,239
2021-01-11,Napa,055,140530,7392,6822,31,6853,36
2021-01-11,Nevada,057,99092,3232,2980,122,3102,17
2021-01-11,Orange,059,3164182,208098,196340,8422,204762,2113
2021-01-11,Placer,061,380077,17587,15919,813,16732,163
2021-01-11,Plumas,063,18699,564,477,9,486,2
2021-01-11,Riverside,065,2383286,238630,222907,11286,234193,2222
2021-01-11,Sacramento,067,1510023,78800,76009,854,76863,974
2021-01-11,San Benito,069,59416,4767,4482,45,4527,34
2021-01-11,San Bernardino,071,2135413,250326,235543,7090,242633,1739
2021-01-11,San Diego,073,3302833,212912,194793,9824,204617,1857
2021-01-11,San Francisco,075,870044,28561,27264,426,27690,238
2021-01-11,San Joaquin,077,732212,56122,53002,2174,55176,725
2021-01-11,San Luis Obispo,079,281455,15455,14213,373,14586,126
2021-01-11,San Mateo,081,765935,32328,29355,191,29546,206
2021-01-11,Santa Barbara,083,443738,23941,21740,691,22431,200
2021-01-11,Santa Clara,085,1922200,90560,84851,395,85246,877
2021-01-11,Santa Cruz,087,273765,12499,11093,527,11620,106
2021-01-11,Shasta,089,179085,9532,8977,919,9896,81
2021-01-11,Sierra,091,2930,41,33,6,39,0
2021-01-11,Siskiyou,093,43540,1197,1087,162,1249,3
2021-01-11,Solano,095,438530,24552,22893,258,23151,101
2021-01-11,Sonoma,097,501317,23209,22191,121,22312,205
2021-01-11,Stanislaus,099,539301,41910,39149,4076,43225,571
2021-01-11,Sutter,101,95872,7503,7204,58,7262,71
2021-01-11,Tehama,103,63373,3773,3524,396,3920,17
2021-01-11,Trinity,105,12862,437,256,65,321,2
2021-01-11,Tulare,107,460477,40961,38380,5215,43595,497
2021-01-11,Tuolumne,109,53932,3194,3165,28,3193,27
2021-01-11,Ventura,111,848112,58933,54202,2049,56251,320
2021-01-11,Yolo,113,214977,10605,9699,99,9798,129
2021-01-11,Yuba,115,75493,4627,4349,49,4398,27
2021-01-10,Alameda,001,1643700,64886,61111,1334,62445,650
2021-01-10,Alpine,003,1148,73,70,0,70,0
2021-01-10,Amador,005,37829,2966,2861,24,2885,24
2021-01-10,Butte,007,227075,9457,8665,1211,9876,119
2021-01-10,Calaveras,009,45235,1483,1449,7,1456,21
2021-01-10,Colusa,011,21464,1544,1478,143,1621,7
2021-01-10,Contra Costa,013,1133247,50321,47109,804,47913,398
2021-01-10,Del Norte,015,27424,846,809,2,811,2
2021-01-10,El Dorado,017,186661,7630,6904,452,7356,36
2021-01-10,Fresno,019,978130,81840,75621,5969,81590,775
2021-01-10,Glenn,021,27897,1906,1746,363,2109,9
2021-01-10,Humboldt,023,135768,2215,2049,7,2056,22
2021-01-10,Imperial,025,180216,25165,24233,1979,26212,453
2021-01-10,Inyo,027,18085,885,748,8,756,25
2021-01-10,Kern,029,883053,78679,73712,6816,80528,679
2021-01-10,Kings,031,150075,18785,17812,708,18520,108
2021-01-10,Lake,033,64148,2431,2174,0,2174,26
2021-01-10,Lassen,035,31185,4712,4642,69,4711,1
2021-01-10,Los Angeles,037,10098052,976779,901783,30757,932540,12170
2021-01-10,Madera,039,155013,13083,12179,603,12782,85
2021-01-10,Marin,041,260295,11270,10737,111,10848,155
2021-01-10,Mariposa,043,17540,319,291,2,293,3
2021-01-10,Mendocino,045,87422,2935,2706,42,2748,31
2021-01-10,Merced,047,269075,22846,21691,537,22228,238
2021-01-10,Modoc,049,8938,293,271,81,352,0
2021-01-10,Mono,051,14174,1042,965,13,978,3
2021-01-10,Monterey,053,433212,34195,32571,966,33537,237
2021-01-10,Napa,055,140530,7288,6687,29,6716,36
2021-01-10,Nevada,057,99092,3213,2959,118,3077,17
2021-01-10,Orange,059,3164182,205334,193766,8298,202064,2104
2021-01-10,Placer,061,380077,17400,15779,793,16572,163
2021-01-10,Plumas,063,18699,554,477,9,486,2
2021-01-10,Riverside,065,2383286,235260,219486,11098,230584,2216
2021-01-10,Sacramento,067,1510023,77839,75394,826,76220,965
2021-01-10,San Benito,069,59416,4668,4434,44,4478,34
2021-01-10,San Bernardino,071,2135413,246793,232171,6986,239157,1736
2021-01-10,San Diego,073,3302833,209245,191886,9657,201543,1857
2021-01-10,San Francisco,075,870044,28176,27054,395,27449,238
2021-01-10,San Joaquin,077,732212,55263,52535,2140,54675,725
2021-01-10,San Luis Obispo,079,281455,15126,13968,361,14329,122
2021-01-10,San Mateo,081,765935,31836,28972,177,29149,206
2021-01-10,Santa Barbara,083,443738,23383,21290,676,21966,200
2021-01-10,Santa Clara,085,1922200,89387,83779,386,84165,858
2021-01-10,Santa Cruz,087,273765,12286,10951,506,11457,106
2021-01-10,Shasta,089,179085,9420,8936,904,9840,81
2021-01-10,Sierra,091,2930,40,32,6,38,0
2021-01-10,Siskiyou,093,43540,1191,1075,159,1234,3
2021-01-10,Solano,095,438530,24149,22621,255,22876,101
2021-01-10,Sonoma,097,501317,22933,21925,120,22045,204
2021-01-10,Stanislaus,099,539301,41337,38809,3997,42806,571
2021-01-10,Sutter,101,95872,7442,7133,55,7188,71
2021-01-10,Tehama,103,63373,3700,3504,383,3887,17
2021-01-10,Trinity,105,12862,437,253,63,316,2
2021-01-10,Tulare,107,460477,40545,38012,5093,43105,497
2021-01-10,Tuolumne,109,53932,3160,3143,27,3170,27
2021-01-10,Ventura,111,848112,57663,53095,2005,55100,319
2021-01-10,Yolo,113,214977,10452,9610,98,9708,129
2021-01-10,Yuba,115,75493,4575,4300,46,4346,27
2021-01-09,Alameda,001,1643700,64351,60125,1318,61443,649
2021-01-09,Alpine,003,1148,73,70,0,70,0
2021-01-09,Amador,005,37829,2959,2809,24,2833,24
2021-01-09,Butte,007,227075,9378,8552,1187,9739,118
2021-01-09,Calaveras,009,45235,1474,1425,7,1432,21
2021-01-09,Colusa,011,21464,1538,1468,142,1610,7
2021-01-09,Contra Costa,013,1133247,49969,46406,789,47195,393
2021-01-09,Del Norte,015,27424,844,802,2,804,2
2021-01-09,El Dorado,017,186661,7598,6800,449,7249,36
2021-01-09,Fresno,019,978130,81431,74816,5929,80745,773
2021-01-09,Glenn,021,27897,1891,1707,360,2067,9
2021-01-09,Humboldt,023,135768,2197,2026,7,2033,22
2021-01-09,Imperial,025,180216,25097,24028,1965,25993,448
2021-01-09,Inyo,027,18085,875,734,8,742,25
2021-01-09,Kern,029,883053,78211,73015,6739,79754,677
2021-01-09,Kings,031,150075,18690,17679,704,18383,108
2021-01-09,Lake,033,64148,2396,2144,0,2144,26
2021-01-09,Lassen,035,31185,4700,4613,68,4681,1
2021-01-09,Los Angeles,037,10098052,971209,887949,30316,918265,12011
2021-01-09,Madera,039,155013,12992,12063,598,12661,85
2021-01-09,Marin,041,260295,11209,10634,110,10744,154
2021-01-09,Mariposa,043,17540,316,287,2,289,3
2021-01-09,Mendocino,045,87422,2917,2664,42,2706,31
2021-01-09,Merced,047,269075,22704,21357,528,21885,237
2021-01-09,Modoc,049,8938,293,271,80,351,0
2021-01-09,Mono,051,14174,1037,964,13,977,3
2021-01-09,Monterey,053,433212,34044,31948,956,32904,235
2021-01-09,Napa,055,140530,7218,6594,26,6620,36
2021-01-09,Nevada,057,99092,3191,2932,115,3047,17
2021-01-09,Orange,059,3164182,203826,191004,8205,199209,2034
2021-01-09,Placer,061,380077,17292,15609,791,16400,162
2021-01-09,Plumas,063,18699,552,477,9,486,2
2021-01-09,Riverside,065,2383286,233505,216076,10961,227037,2201
2021-01-09,Sacramento,067,1510023,77306,74482,821,75303,953
2021-01-09,San Benito,069,59416,4617,4335,44,4379,34
2021-01-09,San Bernardino,071,2135413,245607,228857,6917,235774,1714
2021-01-09,San Diego,073,3302833,207552,188598,9537,198135,1824
2021-01-09,San Francisco,075,870044,28002,26708,352,27060,235
2021-01-09,San Joaquin,077,732212,54914,51927,2120,54047,724
2021-01-09,San Luis Obispo,079,281455,15002,13647,350,13997,121
2021-01-09,San Mateo,081,765935,31537,28512,170,28682,205
2021-01-09,Santa Barbara,083,443738,23170,20971,671,21642,197
2021-01-09,Santa Clara,085,1922200,88548,82269,374,82643,808
2021-01-09,Santa Cruz,087,273765,12190,10717,500,11217,107
2021-01-09,Shasta,089,179085,9387,8893,900,9793,81
2021-01-09,Sierra,091,2930,38,32,6,38,0
2021-01-09,Siskiyou,093,43540,1187,1062,155,1217,3
2021-01-09,Solano,095,438530,23991,22226,254,22480,101
2021-01-09,Sonoma,097,501317,22811,21393,120,21513,202
2021-01-09,Stanislaus,099,539301,41046,38403,3962,42365,567
2021-01-09,Sutter,101,95872,7406,7072,54,7126,69
2021-01-09,Tehama,103,63373,3668,3451,372,3823,15
2021-01-09,Trinity,105,12862,437,252,63,315,2
2021-01-09,Tulare,107,460477,40291,37684,5027,42711,496
2021-01-09,Tuolumne,109,53932,3152,3117,26,3143,26
2021-01-09,Ventura,111,848112,56834,51988,1979,53967,306
2021-01-09,Yolo,113,214977,10380,9524,95,9619,129
2021-01-09,Yuba,115,75493,4545,4265,46,4311,27
2021-01-08,Alameda,001,1643700,63789,59172,1309,60481,646
2021-01-08,Alpine,003,1148,73,70,0,70,0
2021-01-08,Amador,005,37829,2952,2792,24,2816,24
2021-01-08,Butte,007,227075,9318,8430,1173,9603,115
2021-01-08,Calaveras,009,45235,1460,1385,7,1392,21
2021-01-08,Colusa,011,21464,1525,1448,141,1589,7
2021-01-08,Contra Costa,013,1133247,49442,45667,785,46452,381
2021-01-08,Del Norte,015,27424,842,795,2,797,2
2021-01-08,El Dorado,017,186661,7528,6690,437,7127,36
2021-01-08,Fresno,019,978130,80616,73689,5868,79557,771
2021-01-08,Glenn,021,27897,1876,1680,355,2035,9
2021-01-08,Humboldt,023,135768,2173,1988,7,1995,22
2021-01-08,Imperial,025,180216,25031,23751,1950,25701,446
2021-01-08,Inyo,027,18085,861,682,8,690,24
2021-01-08,Kern,029,883053,77648,71978,6665,78643,674
2021-01-08,Kings,031,150075,18562,17441,699,18140,108
2021-01-08,Lake,033,64148,2371,2098,0,2098,26
2021-01-08,Lassen,035,31185,4692,4598,66,4664,1
2021-01-08,Los Angeles,037,10098052,960411,871188,29886,901074,11796
2021-01-08,Madera,039,155013,12841,11846,589,12435,85
2021-01-08,Marin,041,260295,11116,10531,109,10640,153
2021-01-08,Mariposa,043,17540,315,273,2,275,3
2021-01-08,Mendocino,045,87422,2898,2634,39,2673,31
2021-01-08,Merced,047,269075,22509,20862,523,21385,236
2021-01-08,Modoc,049,8938,293,266,80,346,0
2021-01-08,Mono,051,14174,1027,951,13,964,3
2021-01-08,Monterey,053,433212,33790,31543,945,32488,224
2021-01-08,Napa,055,140530,7148,6544,26,6570,32
2021-01-08,Nevada,057,99092,3169,2888,115,3003,17
2021-01-08,Orange,059,3164182,201834,186608,8118,194726,1991
2021-01-08,Placer,061,380077,17161,15401,784,16185,161
2021-01-08,Plumas,063,18699,546,465,9,474,2
2021-01-08,Riverside,065,2383286,231102,212122,10830,222952,2184
2021-01-08,Sacramento,067,1510023,76733,73245,815,74060,939
2021-01-08,San Benito,069,59416,4580,4225,43,4268,33
2021-01-08,San Bernardino,071,2135413,243728,224267,6847,231114,1703
2021-01-08,San Diego,073,3302833,205015,185060,9443,194503,1771
2021-01-08,San Francisco,075,870044,27754,26378,329,26707,207
2021-01-08,San Joaquin,077,732212,54578,50990,2091,53081,710
2021-01-08,San Luis Obispo,079,281455,14869,13286,338,13624,119
2021-01-08,San Mateo,081,765935,31187,28072,167,28239,204
2021-01-08,Santa Barbara,083,443738,22884,20461,666,21127,189
2021-01-08,Santa Clara,085,1922200,87541,80561,371,80932,789
2021-01-08,Santa Cruz,087,273765,12049,10486,492,10978,106
2021-01-08,Shasta,089,179085,9337,8772,885,9657,81
2021-01-08,Sierra,091,2930,38,31,6,37,0
2021-01-08,Siskiyou,093,43540,1184,1027,154,1181,3
2021-01-08,Solano,095,438530,23820,21832,251,22083,100
2021-01-08,Sonoma,097,501317,22669,21178,120,21298,201
2021-01-08,Stanislaus,099,539301,40748,37858,3927,41785,566
2021-01-08,Sutter,101,95872,7356,6982,54,7036,68
2021-01-08,Tehama,103,63373,3645,3406,368,3774,15
2021-01-08,Trinity,105,12862,437,247,63,310,2
2021-01-08,Tulare,107,460477,40019,36946,4926,41872,491
2021-01-08,Tuolumne,109,53932,3144,3099,26,3125,19
2021-01-08,Ventura,111,848112,55968,50553,1955,52508,294
2021-01-08,Yolo,113,214977,10292,9391,91,9482,129
2021-01-08,Yuba,115,75493,4503,4195,45,4240,26
2021-01-07,Alameda,001,1643700,62930,57921,1282,59203,632
2021-01-07,Alpine,003,1148,71,70,0,70,0
2021-01-07,Amador,005,37829,2939,2740,23,2763,24
2021-01-07,Butte,007,227075,9221,8278,1152,9430,112
2021-01-07,Calaveras,009,45235,1443,1342,6,1348,21
2021-01-07,Colusa,011,21464,1513,1420,134,1554,7
2021-01-07,Contra Costa,013,1133247,48666,44756,769,45525,376
2021-01-07,Del Norte,015,27424,840,791,2,793,2
2021-01-07,El Dorado,017,186661,7427,6545,425,6970,36
2021-01-07,Fresno,019,978130,79660,72557,5769,78326,765
2021-01-07,Glenn,021,27897,1858,1639,345,1984,9
2021-01-07,Humboldt,023,135768,2146,1954,7,1961,22
2021-01-07,Imperial,025,180216,24841,23608,1897,25505,431
2021-01-07,Inyo,027,18085,848,656,8,664,20
2021-01-07,Kern,029,883053,76786,70953,6514,77467,660
2021-01-07,Kings,031,150075,18434,17238,690,17928,108
2021-01-07,Lake,033,64148,2317,2054,0,2054,26
2021-01-07,Lassen,035,31185,4687,4581,64,4645,1
2021-01-07,Los Angeles,037,10098052,945505,853187,29344,882531,11480
2021-01-07,Madera,039,155013,12684,11644,578,12222,76
2021-01-07,Marin,041,260295,11027,10364,107,10471,153
2021-01-07,Mariposa,043,17540,313,264,2,266,3
2021-01-07,Mendocino,045,87422,2843,2585,34,2619,30
2021-01-07,Merced,047,269075,22188,20510,507,21017,234
2021-01-07,Modoc,049,8938,293,265,80,345,0
2021-01-07,Mono,051,14174,1016,905,13,918,3
2021-01-07,Monterey,053,433212,33285,30903,921,31824,222
2021-01-07,Napa,055,140530,7038,6408,26,6434,32
2021-01-07,Nevada,057,99092,3135,2847,110,2957,17
2021-01-07,Orange,059,3164182,198991,181922,8020,189942,1974
2021-01-07,Placer,061,380077,16982,15155,755,15910,144
2021-01-07,Plumas,063,18699,544,454,9,463,2
2021-01-07,Riverside,065,2383286,227638,208177,10674,218851,2156
2021-01-07,Sacramento,067,1510023,75825,72342,794,73136,919
2021-01-07,San Benito,069,59416,4519,4112,39,4151,33
2021-01-07,San Bernardino,071,2135413,240267,219691,6765,226456,1666
2021-01-07,San Diego,073,3302833,201709,180510,9264,189774,1738
2021-01-07,San Francisco,075,870044,27425,25885,314,26199,202
2021-01-07,San Joaquin,077,732212,53896,50156,2061,52217,689
2021-01-07,San Luis Obispo,079,281455,14630,12810,325,13135,118
2021-01-07,San Mateo,081,765935,30678,27494,163,27657,201
2021-01-07,Santa Barbara,083,443738,22457,19931,655,20586,187
2021-01-07,Santa Clara,085,1922200,86368,78808,368,79176,775
2021-01-07,Santa Cruz,087,273765,11840,10228,485,10713,104
2021-01-07,Shasta,089,179085,9249,8612,877,9489,81
2021-01-07,Sierra,091,2930,38,31,6,37,0
2021-01-07,Siskiyou,093,43540,1179,1010,152,1162,3
2021-01-07,Solano,095,438530,23428,21384,247,21631,100
2021-01-07,Sonoma,097,501317,22408,20857,119,20976,200
2021-01-07,Stanislaus,099,539301,40331,37296,3874,41170,553
2021-01-07,Sutter,101,95872,7297,6890,53,6943,65
2021-01-07,Tehama,103,63373,3621,3330,360,3690,15
2021-01-07,Trinity,105,12862,437,247,63,310,2
2021-01-07,Tulare,107,460477,39618,36397,4792,41189,482
2021-01-07,Tuolumne,109,53932,3124,3068,25,3093,14
2021-01-07,Ventura,111,848112,54807,49083,1927,51010,288
2021-01-07,Yolo,113,214977,10152,9207,89,9296,128
2021-01-07,Yuba,115,75493,4461,4128,45,4173,25
2021-01-06,Alameda,001,1643700,62076,57081,1253,58334,616
2021-01-06,Alpine,003,1148,71,70,0,70,0
2021-01-06,Amador,005,37829,2918,2717,22,2739,24
2021-01-06,Butte,007,227075,9106,8147,1132,9279,110
2021-01-06,Calaveras,009,45235,1420,1321,6,1327,21
2021-01-06,Colusa,011,21464,1492,1385,129,1514,7
2021-01-06,Contra Costa,013,1133247,47873,44054,753,44807,358
2021-01-06,Del Norte,015,27424,834,780,2,782,2
2021-01-06,El Dorado,017,186661,7315,6397,412,6809,35
2021-01-06,Fresno,019,978130,78817,71404,5667,77071,752
2021-01-06,Glenn,021,27897,1832,1622,340,1962,9
2021-01-06,Humboldt,023,135768,2120,1912,7,1919,22
2021-01-06,Imperial,025,180216,24596,23400,1855,25255,431
2021-01-06,Inyo,027,18085,832,630,8,638,20
2021-01-06,Kern,029,883053,75842,69893,6383,76276,646
2021-01-06,Kings,031,150075,18236,17019,670,17689,108
2021-01-06,Lake,033,64148,2280,2033,0,2033,26
2021-01-06,Lassen,035,31185,4675,4560,60,4620,1
2021-01-06,Los Angeles,037,10098052,929562,835052,28644,863696,11285
2021-01-06,Madera,039,155013,12548,11407,572,11979,67
2021-01-06,Marin,041,260295,10899,10282,106,10388,153
2021-01-06,Mariposa,043,17540,310,259,2,261,3
2021-01-06,Mendocino,045,87422,2813,2561,34,2595,30
2021-01-06,Merced,047,269075,21851,20258,491,20749,232
2021-01-06,Modoc,049,8938,293,263,80,343,0
2021-01-06,Mono,051,14174,985,905,13,918,3
2021-01-06,Monterey,053,433212,32685,30387,889,31276,222
2021-01-06,Napa,055,140530,6908,6342,26,6368,32
2021-01-06,Nevada,057,99092,3115,2805,109,2914,15
2021-01-06,Orange,059,3164182,195539,177686,7879,185565,1935
2021-01-06,Placer,061,380077,16794,14940,737,15677,134
2021-01-06,Plumas,063,18699,536,445,9,454,2
2021-01-06,Riverside,065,2383286,223616,203714,10488,214202,2121
2021-01-06,Sacramento,067,1510023,74801,71572,777,72349,909
2021-01-06,San Benito,069,59416,4443,4031,38,4069,32
2021-01-06,San Bernardino,071,2135413,236551,215286,6657,221943,1634
2021-01-06,San Diego,073,3302833,198211,176660,9093,185753,1691
2021-01-06,San Francisco,075,870044,27055,25424,306,25730,199
2021-01-06,San Joaquin,077,732212,53140,49286,2020,51306,673
2021-01-06,San Luis Obispo,079,281455,14237,12305,318,12623,115
2021-01-06,San Mateo,081,765935,30253,27050,160,27210,200
2021-01-06,Santa Barbara,083,443738,21968,19453,646,20099,177
2021-01-06,Santa Clara,085,1922200,84997,77485,361,77846,746
2021-01-06,Santa Cruz,087,273765,11621,9954,467,10421,97
2021-01-06,Shasta,089,179085,9178,8482,870,9352,78
2021-01-06,Sierra,091,2930,37,31,6,37,0
2021-01-06,Siskiyou,093,43540,1167,998,148,1146,3
2021-01-06,Solano,095,438530,23045,21102,244,21346,99
2021-01-06,Sonoma,097,501317,22101,20558,119,20677,196
2021-01-06,Stanislaus,099,539301,39764,36751,3815,40566,553
2021-01-06,Sutter,101,95872,7216,6839,52,6891,59
2021-01-06,Tehama,103,63373,3593,3306,354,3660,15
2021-01-06,Trinity,105,12862,437,246,63,309,2
2021-01-06,Tulare,107,460477,39065,35882,4695,40577,465
2021-01-06,Tuolumne,109,53932,3104,3008,25,3033,14
2021-01-06,Ventura,111,848112,53564,47428,1903,49331,280
2021-01-06,Yolo,113,214977,9989,9083,86,9169,127
2021-01-06,Yuba,115,75493,4412,4097,45,4142,25
2021-01-05,Alameda,001,1643700,60960,56432,1219,57651,602
2021-01-05,Alpine,003,1148,71,70,0,70,0
2021-01-05,Amador,005,37829,2878,2695,22,2717,24
2021-01-05,Butte,007,227075,8965,8008,1104,9112,107
2021-01-05,Calaveras,009,45235,1374,1292,6,1298,21
2021-01-05,Colusa,011,21464,1467,1376,123,1499,7
2021-01-05,Contra Costa,013,1133247,46998,43442,741,44183,353
2021-01-05,Del Norte,015,27424,827,770,2,772,2
2021-01-05,El Dorado,017,186661,7197,6270,391,6661,32
2021-01-05,Fresno,019,978130,77595,70971,5573,76544,741
2021-01-05,Glenn,021,27897,1809,1608,324,1932,9
2021-01-05,Humboldt,023,135768,2084,1884,7,1891,22
2021-01-05,Imperial,025,180216,24423,23165,1811,24976,421
2021-01-05,Inyo,027,18085,818,627,8,635,20
2021-01-05,Kern,029,883053,74764,68257,6244,74501,624
2021-01-05,Kings,031,150075,18037,16860,647,17507,108
2021-01-05,Lake,033,64148,2233,2015,0,2015,25
2021-01-05,Lassen,035,31185,4660,4554,56,4610,1
2021-01-05,Los Angeles,037,10098052,910834,823783,27968,851751,11028
2021-01-05,Madera,039,155013,12372,11359,559,11918,67
2021-01-05,Marin,041,260295,10746,10214,105,10319,151
2021-01-05,Mariposa,043,17540,304,257,2,259,3
2021-01-05,Mendocino,045,87422,2777,2501,34,2535,30
2021-01-05,Merced,047,269075,21500,20051,479,20530,230
2021-01-05,Modoc,049,8938,293,254,80,334,0
2021-01-05,Mono,051,14174,979,896,13,909,3
2021-01-05,Monterey,053,433212,32136,30045,856,30901,213
2021-01-05,Napa,055,140530,6821,6264,26,6290,29
2021-01-05,Nevada,057,99092,3087,2781,107,2888,15
2021-01-05,Orange,059,3164182,191903,174869,7684,182553,1918
2021-01-05,Placer,061,380077,16571,14723,714,15437,133
2021-01-05,Plumas,063,18699,529,428,9,437,2
2021-01-05,Riverside,065,2383286,219490,200439,10313,210752,2069
2021-01-05,Sacramento,067,1510023,73872,70677,751,71428,888
2021-01-05,San Benito,069,59416,4341,3961,36,3997,28
2021-01-05,San Bernardino,071,2135413,232608,212522,6542,219064,1615
2021-01-05,San Diego,073,3302833,194072,172845,8878,181723,1654
2021-01-05,San Francisco,075,870044,26688,24989,288,25277,196
2021-01-05,San Joaquin,077,732212,52267,48969,1973,50942,663
2021-01-05,San Luis Obispo,079,281455,13838,12027,308,12335,106
2021-01-05,San Mateo,081,765935,29771,26486,158,26644,198
2021-01-05,Santa Barbara,083,443738,21522,19063,637,19700,172
2021-01-05,Santa Clara,085,1922200,83466,76355,348,76703,729
2021-01-05,Santa Cruz,087,273765,11348,9753,443,10196,93
2021-01-05,Shasta,089,179085,9071,8345,852,9197,73
2021-01-05,Sierra,091,2930,37,31,6,37,0
2021-01-05,Siskiyou,093,43540,1155,985,146,1131,3
2021-01-05,Solano,095,438530,22637,20860,239,21099,97
2021-01-05,Sonoma,097,501317,21741,20247,118,20365,194
2021-01-05,Stanislaus,099,539301,39218,36363,3764,40127,553
2021-01-05,Sutter,101,95872,7119,6769,51,6820,59
2021-01-05,Tehama,103,63373,3537,3255,349,3604,9
2021-01-05,Trinity,105,12862,437,246,63,309,2
2021-01-05,Tulare,107,460477,38452,35585,4550,40135,455
2021-01-05,Tuolumne,109,53932,3080,2996,20,3016,13
2021-01-05,Ventura,111,848112,52318,46456,1881,48337,264
2021-01-05,Yolo,113,214977,9815,8980,85,9065,127
2021-01-05,Yuba,115,75493,4353,4053,44,4097,21
2021-01-04,Alameda,001,1643700,59733,55899,1185,57084,583
2021-01-04,Alpine,003,1148,71,68,0,68,0
2021-01-04,Amador,005,37829,2838,2596,22,2618,24
2021-01-04,Butte,007,227075,8806,7893,1083,8976,105
2021-01-04,Calaveras,009,45235,1333,1276,5,1281,21
2021-01-04,Colusa,011,21464,1442,1368,109,1477,7
2021-01-04,Contra Costa,013,1133247,46137,43019,715,43734,353
2021-01-04,Del Norte,015,27424,817,770,2,772,2
2021-01-04,El Dorado,017,186661,7063,6152,375,6527,27
2021-01-04,Fresno,019,978130,76325,69871,5475,75346,726
2021-01-04,Glenn,021,27897,1776,1590,319,1909,9
2021-01-04,Humboldt,023,135768,2048,1845,7,1852,22
2021-01-04,Imperial,025,180216,24271,23035,1758,24793,420
2021-01-04,Inyo,027,18085,791,623,8,631,20
2021-01-04,Kern,029,883053,73680,67418,6047,73465,623
2021-01-04,Kings,031,150075,17760,16801,622,17423,108
2021-01-04,Lake,033,64148,2194,1984,0,1984,25
2021-01-04,Lassen,035,31185,4638,4550,55,4605,1
2021-01-04,Los Angeles,037,10098052,890723,813022,27094,840116,10790
2021-01-04,Madera,039,155013,12152,11204,537,11741,67
2021-01-04,Marin,041,260295,10609,10115,102,10217,151
2021-01-04,Mariposa,043,17540,298,253,2,255,3
2021-01-04,Mendocino,045,87422,2737,2460,30,2490,28
2021-01-04,Merced,047,269075,21085,19804,460,20264,230
2021-01-04,Modoc,049,8938,277,250,78,328,0
2021-01-04,Mono,051,14174,968,895,13,908,3
2021-01-04,Monterey,053,433212,31516,29659,834,30493,212
2021-01-04,Napa,055,140530,6680,6187,26,6213,29
2021-01-04,Nevada,057,99092,3049,2765,104,2869,15
2021-01-04,Orange,059,3164182,188014,172458,7557,180015,1918
2021-01-04,Placer,061,380077,16312,14622,701,15323,133
2021-01-04,Plumas,063,18699,519,419,9,428,1
2021-01-04,Riverside,065,2383286,214936,196809,10122,206931,2066
2021-01-04,Sacramento,067,1510023,72819,70164,741,70905,870
2021-01-04,San Benito,069,59416,4228,3914,36,3950,28
2021-01-04,San Bernardino,071,2135413,228354,210868,6391,217259,1615
2021-01-04,San Diego,073,3302833,189498,171031,8682,179713,1598
2021-01-04,San Francisco,075,870044,26300,24753,282,25035,191
2021-01-04,San Joaquin,077,732212,51368,48644,1930,50574,661
2021-01-04,San Luis Obispo,079,281455,13352,11945,300,12245,96
2021-01-04,San Mateo,081,765935,29207,26150,153,26303,198
2021-01-04,Santa Barbara,083,443738,20999,18735,606,19341,165
2021-01-04,Santa Clara,085,1922200,81713,75297,340,75637,727
2021-01-04,Santa Cruz,087,273765,11060,9680,426,10106,85
2021-01-04,Shasta,089,179085,8966,8224,835,9059,72
2021-01-04,Sierra,091,2930,36,30,6,36,0
2021-01-04,Siskiyou,093,43540,1138,980,143,1123,3
2021-01-04,Solano,095,438530,22137,20588,232,20820,97
2021-01-04,Sonoma,097,501317,21403,20210,117,20327,194
2021-01-04,Stanislaus,099,539301,38655,36141,3707,39848,553
2021-01-04,Sutter,101,95872,7023,6712,50,6762,56
2021-01-04,Tehama,103,63373,3464,3190,344,3534,9
2021-01-04,Trinity,105,12862,434,245,63,308,2
2021-01-04,Tulare,107,460477,37893,35060,4447,39507,455
2021-01-04,Tuolumne,109,53932,3055,2987,20,3007,13
2021-01-04,Ventura,111,848112,50816,45014,1861,46875,255
2021-01-04,Yolo,113,214977,9621,8834,79,8913,121
2021-01-04,Yuba,115,75493,4295,4023,44,4067,21
2021-01-03,Alameda,001,1643700,58476,55082,1158,56240,580
2021-01-03,Alpine,003,1148,69,68,0,68,0
2021-01-03,Amador,005,37829,2774,2565,22,2587,24
2021-01-03,Butte,007,227075,8613,7837,1037,8874,105
2021-01-03,Calaveras,009,45235,1296,1249,3,1252,21
2021-01-03,Colusa,011,21464,1413,1337,103,1440,7
2021-01-03,Contra Costa,013,1133247,45248,42432,690,43122,352
2021-01-03,Del Norte,015,27424,805,768,2,770,2
2021-01-03,El Dorado,017,186661,6935,6034,358,6392,27
2021-01-03,Fresno,019,978130,75175,69326,5356,74682,719
2021-01-03,Glenn,021,27897,1750,1581,313,1894,9
2021-01-03,Humboldt,023,135768,2011,1833,7,1840,21
2021-01-03,Imperial,025,180216,24023,22951,1680,24631,419
2021-01-03,Inyo,027,18085,774,615,8,623,20
2021-01-03,Kern,029,883053,72420,66895,5869,72764,609
2021-01-03,Kings,031,150075,17484,16593,592,17185,108
2021-01-03,Lake,033,64148,2141,1976,0,1976,24
2021-01-03,Lassen,035,31185,4605,4531,54,4585,1
2021-01-03,Los Angeles,037,10098052,868695,792168,26021,818189,10633
2021-01-03,Madera,039,155013,11929,11152,514,11666,67
2021-01-03,Marin,041,260295,10458,10034,97,10131,150
2021-01-03,Mariposa,043,17540,291,248,2,250,3
2021-01-03,Mendocino,045,87422,2697,2445,29,2474,24
2021-01-03,Merced,047,269075,20617,19600,433,20033,230
2021-01-03,Modoc,049,8938,273,245,77,322,0
2021-01-03,Mono,051,14174,943,893,13,906,3
2021-01-03,Monterey,053,433212,30923,29357,799,30156,191
2021-01-03,Napa,055,140530,6579,6094,26,6120,29
2021-01-03,Nevada,057,99092,2988,2742,101,2843,15
2021-01-03,Orange,059,3164182,183823,169881,7363,177244,1919
2021-01-03,Placer,061,380077,16063,14319,677,14996,133
2021-01-03,Plumas,063,18699,506,416,9,425,1
2021-01-03,Riverside,065,2383286,210059,195048,9876,204924,2005
2021-01-03,Sacramento,067,1510023,71612,68558,720,69278,859
2021-01-03,San Benito,069,59416,4131,3882,35,3917,28
2021-01-03,San Bernardino,071,2135413,223037,208294,6218,214512,1592
2021-01-03,San Diego,073,3302833,184238,168018,8453,176471,1592
2021-01-03,San Francisco,075,870044,25804,24588,264,24852,193
2021-01-03,San Joaquin,077,732212,50249,47899,1873,49772,661
2021-01-03,San Luis Obispo,079,281455,12882,11636,291,11927,95
2021-01-03,San Mateo,081,765935,28612,25770,146,25916,196
2021-01-03,Santa Barbara,083,443738,20266,18267,589,18856,164
2021-01-03,Santa Clara,085,1922200,80126,74534,334,74868,720
2021-01-03,Santa Cruz,087,273765,10756,9528,411,9939,84
2021-01-03,Shasta,089,179085,8840,8192,795,8987,72
2021-01-03,Sierra,091,2930,36,30,6,36,0
2021-01-03,Siskiyou,093,43540,1105,976,134,1110,3
2021-01-03,Solano,095,438530,21608,20105,226,20331,97
2021-01-03,Sonoma,097,501317,21015,19982,113,20095,193
2021-01-03,Stanislaus,099,539301,37948,35762,3622,39384,553
2021-01-03,Sutter,101,95872,6926,6664,49,6713,53
2021-01-03,Tehama,103,63373,3407,3176,337,3513,9
2021-01-03,Trinity,105,12862,429,243,61,304,2
2021-01-03,Tulare,107,460477,37330,34747,4299,39046,455
2021-01-03,Tuolumne,109,53932,2995,2978,17,2995,13
2021-01-03,Ventura,111,848112,48992,43748,1843,45591,254
2021-01-03,Yolo,113,214977,9465,8674,75,8749,121
2021-01-03,Yuba,115,75493,4241,3966,43,4009,20
2021-01-02,Alameda,001,1643700,57845,54518,1127,55645,581
2021-01-02,Alpine,003,1148,69,68,0,68,0
2021-01-02,Amador,005,37829,2755,2540,22,2562,24
2021-01-02,Butte,007,227075,8507,7750,1015,8765,105
2021-01-02,Calaveras,009,45235,1276,1230,3,1233,21
2021-01-02,Colusa,011,21464,1403,1332,102,1434,7
2021-01-02,Contra Costa,013,1133247,44715,41993,679,42672,352
2021-01-02,Del Norte,015,27424,803,764,2,766,2
2021-01-02,El Dorado,017,186661,6880,5959,354,6313,27
2021-01-02,Fresno,019,978130,74631,68740,5242,73982,717
2021-01-02,Glenn,021,27897,1733,1546,312,1858,9
2021-01-02,Humboldt,023,135768,1984,1815,7,1822,21
2021-01-02,Imperial,025,180216,23937,22867,1644,24511,420
2021-01-02,Inyo,027,18085,761,609,8,617,20
2021-01-02,Kern,029,883053,71700,66457,5757,72214,610
2021-01-02,Kings,031,150075,17390,16515,588,17103,108
2021-01-02,Lake,033,64148,2105,1925,0,1925,24
2021-01-02,Lassen,035,31185,4594,4457,53,4510,1
2021-01-02,Los Angeles,037,10098052,860332,791892,25320,817212,10633
2021-01-02,Madera,039,155013,11818,11039,502,11541,67
2021-01-02,Marin,041,260295,10412,9924,94,10018,151
2021-01-02,Mariposa,043,17540,284,243,2,245,3
2021-01-02,Mendocino,045,87422,2654,2428,28,2456,24
2021-01-02,Merced,047,269075,20475,19395,416,19811,230
2021-01-02,Modoc,049,8938,272,245,77,322,0
2021-01-02,Mono,051,14174,932,884,13,897,3
2021-01-02,Monterey,053,433212,30710,28991,787,29778,191
2021-01-02,Napa,055,140530,6520,5994,26,6020,29
2021-01-02,Nevada,057,99092,2959,2706,97,2803,15
2021-01-02,Orange,059,3164182,181615,168457,7214,175671,1918
2021-01-02,Placer,061,380077,15890,14182,668,14850,133
2021-01-02,Plumas,063,18699,503,413,9,422,1
2021-01-02,Riverside,065,2383286,207417,192069,9650,201719,2008
2021-01-02,Sacramento,067,1510023,70978,67810,703,68513,858
2021-01-02,San Benito,069,59416,4048,3829,35,3864,28
2021-01-02,San Bernardino,071,2135413,221382,206939,6093,213032,1597
2021-01-02,San Diego,073,3302833,181639,164498,8256,172754,1592
2021-01-02,San Francisco,075,870044,25543,24414,257,24671,194
2021-01-02,San Joaquin,077,732212,49868,47310,1844,49154,662
2021-01-02,San Luis Obispo,079,281455,12746,11467,285,11752,95
2021-01-02,San Mateo,081,765935,28276,25483,138,25621,196
2021-01-02,Santa Barbara,083,443738,19977,18135,586,18721,164
2021-01-02,Santa Clara,085,1922200,78942,73662,328,73990,720
2021-01-02,Santa Cruz,087,273765,10601,9340,402,9742,85
2021-01-02,Shasta,089,179085,8774,8154,784,8938,72
2021-01-02,Sierra,091,2930,36,28,6,34,0
2021-01-02,Siskiyou,093,43540,1094,949,132,1081,3
2021-01-02,Solano,095,438530,21408,19805,216,20021,97
2021-01-02,Sonoma,097,501317,20846,19761,113,19874,194
2021-01-02,Stanislaus,099,539301,37615,35431,3557,38988,553
2021-01-02,Sutter,101,95872,6874,6621,49,6670,53
2021-01-02,Tehama,103,63373,3380,3146,333,3479,9
2021-01-02,Trinity,105,12862,426,243,61,304,2
2021-01-02,Tulare,107,460477,37011,34479,4224,38703,455
2021-01-02,Tuolumne,109,53932,2981,2942,15,2957,13
2021-01-02,Ventura,111,848112,47837,43397,1808,45205,254
2021-01-02,Yolo,113,214977,9367,8571,73,8644,122
2021-01-02,Yuba,115,75493,4202,3930,42,3972,21
2021-01-01,Alameda,001,1643700,57178,53518,1113,54631,579
2021-01-01,Alpine,003,1148,69,68,0,68,0
2021-01-01,Amador,005,37829,2729,2513,20,2533,24
2021-01-01,Butte,007,227075,8405,7589,993,8582,105
2021-01-01,Calaveras,009,45235,1261,1186,3,1189,21
2021-01-01,Colusa,011,21464,1394,1314,100,1414,7
2021-01-01,Contra Costa,013,1133247,44234,41412,660,42072,351
2021-01-01,Del Norte,015,27424,796,758,2,760,2
2021-01-01,El Dorado,017,186661,6788,5832,346,6178,27
2021-01-01,Fresno,019,978130,73558,67484,5156,72640,717
2021-01-01,Glenn,021,27897,1716,1520,303,1823,9
2021-01-01,Humboldt,023,135768,1945,1783,7,1790,21
2021-01-01,Imperial,025,180216,23847,22715,1593,24308,418
2021-01-01,Inyo,027,18085,737,606,8,614,20
2021-01-01,Kern,029,883053,70873,65571,5649,71220,609
2021-01-01,Kings,031,150075,17207,16358,581,16939,108
2021-01-01,Lake,033,64148,2072,1888,0,1888,24
2021-01-01,Lassen,035,31185,4588,4377,53,4430,1
2021-01-01,Los Angeles,037,10098052,846135,775578,24626,800204,10515
2021-01-01,Madera,039,155013,11658,10752,493,11245,66
2021-01-01,Marin,041,260295,10305,9821,93,9914,148
2021-01-01,Mariposa,043,17540,276,236,2,238,3
2021-01-01,Mendocino,045,87422,2600,2400,28,2428,24
2021-01-01,Merced,047,269075,20291,19118,400,19518,229
2021-01-01,Modoc,049,8938,272,241,77,318,0
2021-01-01,Mono,051,14174,914,884,12,896,3
2021-01-01,Monterey,053,433212,30470,28465,778,29243,191
2021-01-01,Napa,055,140530,6434,5899,26,5925,28
2021-01-01,Nevada,057,99092,2935,2663,97,2760,15
2021-01-01,Orange,059,3164182,178817,165440,7070,172510,1893
2021-01-01,Placer,061,380077,15700,13987,652,14639,133
2021-01-01,Plumas,063,18699,498,412,9,421,1
2021-01-01,Riverside,065,2383286,204229,188674,9392,198066,1990
2021-01-01,Sacramento,067,1510023,70380,66956,686,67642,848
2021-01-01,San Benito,069,59416,4010,3773,35,3808,28
2021-01-01,San Bernardino,071,2135413,218540,203651,5961,209612,1590
2021-01-01,San Diego,073,3302833,178566,160071,8077,168148,1592
2021-01-01,San Francisco,075,870044,25267,24145,246,24391,187
2021-01-01,San Joaquin,077,732212,49576,46640,1798,48438,657
2021-01-01,San Luis Obispo,079,281455,12518,11160,277,11437,94
2021-01-01,San Mateo,081,765935,27828,25041,134,25175,194
2021-01-01,Santa Barbara,083,443738,19657,17759,576,18335,164
2021-01-01,Santa Clara,085,1922200,77657,71904,322,72226,680
2021-01-01,Santa Cruz,087,273765,10421,9146,392,9538,84
2021-01-01,Shasta,089,179085,8693,8102,767,8869,72
2021-01-01,Sierra,091,2930,36,26,6,32,0
2021-01-01,Siskiyou,093,43540,1080,944,127,1071,3
2021-01-01,Solano,095,438530,21193,19393,214,19607,97
2021-01-01,Sonoma,097,501317,20650,19513,113,19626,189
2021-01-01,Stanislaus,099,539301,37327,34978,3494,38472,553
2021-01-01,Sutter,101,95872,6817,6553,48,6601,52
2021-01-01,Tehama,103,63373,3322,3079,326,3405,9
2021-01-01,Trinity,105,12862,426,243,61,304,2
2021-01-01,Tulare,107,460477,36601,33994,4129,38123,454
2021-01-01,Tuolumne,109,53932,2965,2909,15,2924,13
2021-01-01,Ventura,111,848112,46344,42026,1781,43807,253
2021-01-01,Yolo,113,214977,9256,8461,70,8531,120
2021-01-01,Yuba,115,75493,4148,3845,41,3886,19
2020-12-31,Alameda,001,1643700,56624,52475,1082,53557,579
2020-12-31,Alpine,003,1148,69,66,0,66,0
2020-12-31,Amador,005,37829,2715,2493,20,2513,24
2020-12-31,Butte,007,227075,8330,7405,974,8379,105
2020-12-31,Calaveras,009,45235,1250,1161,3,1164,21
2020-12-31,Colusa,011,21464,1386,1301,97,1398,7
2020-12-31,Contra Costa,013,1133247,43845,40512,645,41157,336
2020-12-31,Del Norte,015,27424,795,748,2,750,2
2020-12-31,El Dorado,017,186661,6736,5662,337,5999,26
2020-12-31,Fresno,019,978130,73124,66442,5093,71535,711
2020-12-31,Glenn,021,27897,1689,1484,295,1779,9
2020-12-31,Humboldt,023,135768,1928,1713,7,1720,21
2020-12-31,Imperial,025,180216,23776,22494,1577,24071,417
2020-12-31,Inyo,027,18085,729,591,8,599,20
2020-12-31,Kern,029,883053,70401,64904,5557,70461,609
2020-12-31,Kings,031,150075,17132,16077,573,16650,108
2020-12-31,Lake,033,64148,2057,1848,0,1848,23
2020-12-31,Lassen,035,31185,4582,4340,52,4392,1
2020-12-31,Los Angeles,037,10098052,840803,755844,24162,780006,10320
2020-12-31,Madera,039,155013,11585,10609,485,11094,64
2020-12-31,Marin,041,260295,10262,9731,92,9823,148
2020-12-31,Mariposa,043,17540,274,217,2,219,3
2020-12-31,Mendocino,045,87422,2585,2367,24,2391,24
2020-12-31,Merced,047,269075,20201,18808,390,19198,226
2020-12-31,Modoc,049,8938,272,238,77,315,0
2020-12-31,Mono,051,14174,906,868,12,880,3
2020-12-31,Monterey,053,433212,30241,27720,766,28486,188
2020-12-31,Napa,055,140530,6371,5801,26,5827,28
2020-12-31,Nevada,057,99092,2912,2619,95,2714,15
2020-12-31,Orange,059,3164182,176930,161586,6937,168523,1866
2020-12-31,Placer,061,380077,15544,13708,649,14357,126
2020-12-31,Plumas,063,18699,493,401,8,409,1
2020-12-31,Riverside,065,2383286,202554,184193,9259,193452,1958
2020-12-31,Sacramento,067,1510023,69850,65817,676,66493,830
2020-12-31,San Benito,069,59416,3986,3673,35,3708,28
2020-12-31,San Bernardino,071,2135413,216905,199115,5891,205006,1586
2020-12-31,San Diego,073,3302833,176803,155593,7978,163571,1534
2020-12-31,San Francisco,075,870044,25036,23740,239,23979,183
2020-12-31,San Joaquin,077,732212,49257,45764,1759,47523,646
2020-12-31,San Luis Obispo,079,281455,12404,10846,277,11123,89
2020-12-31,San Mateo,081,765935,27498,24570,128,24698,192
2020-12-31,Santa Barbara,083,443738,19413,17434,569,18003,161
2020-12-31,Santa Clara,085,1922200,76851,70032,317,70349,665
2020-12-31,Santa Cruz,087,273765,10303,8909,380,9289,84
2020-12-31,Shasta,089,179085,8627,7996,757,8753,69
2020-12-31,Sierra,091,2930,36,26,6,32,0
2020-12-31,Siskiyou,093,43540,1064,940,124,1064,3
2020-12-31,Solano,095,438530,20962,18942,213,19155,97
2020-12-31,Sonoma,097,501317,20529,19129,112,19241,188
2020-12-31,Stanislaus,099,539301,37019,34398,3446,37844,552
2020-12-31,Sutter,101,95872,6786,6432,48,6480,51
2020-12-31,Tehama,103,63373,3287,3036,325,3361,9
2020-12-31,Trinity,105,12862,425,241,61,302,2
2020-12-31,Tulare,107,460477,36427,33412,4066,37478,446
2020-12-31,Tuolumne,109,53932,2956,2902,15,2917,12
2020-12-31,Ventura,111,848112,45833,40854,1764,42618,251
2020-12-31,Yolo,113,214977,9169,8295,69,8364,117
2020-12-31,Yuba,115,75493,4107,3799,40,3839,18
2020-12-30,Alameda,001,1643700,55857,50158,1029,51187,573
2020-12-30,Alpine,003,1148,69,66,0,66,0
2020-12-30,Amador,005,37829,2695,2418,19,2437,24
2020-12-30,Butte,007,227075,8168,7140,954,8094,103
2020-12-30,Calaveras,009,45235,1225,1135,3,1138,21
2020-12-30,Colusa,011,21464,1370,1289,91,1380,7
2020-12-30,Contra Costa,013,1133247,43261,39601,633,40234,337
2020-12-30,Del Norte,015,27424,790,726,2,728,2
2020-12-30,El Dorado,017,186661,6635,5595,327,5922,27
2020-12-30,Fresno,019,978130,72278,65566,4940,70506,711
2020-12-30,Glenn,021,27897,1658,1471,282,1753,9
2020-12-30,Humboldt,023,135768,1894,1654,7,1661,22
2020-12-30,Imperial,025,180216,23607,22098,1500,23598,412
2020-12-30,Inyo,027,18085,722,572,8,580,20
2020-12-30,Kern,029,883053,69673,63292,5413,68705,604
2020-12-30,Kings,031,150075,17013,15862,565,16427,108
2020-12-30,Lake,033,64148,2035,1731,0,1731,23
2020-12-30,Lassen,035,31185,4573,4300,52,4352,1
2020-12-30,Los Angeles,037,10098052,829900,741907,23470,765377,10046
2020-12-30,Madera,039,155013,11475,10249,474,10723,65
2020-12-30,Marin,041,260295,10172,9569,85,9654,148
2020-12-30,Mariposa,043,17540,270,214,2,216,3
2020-12-30,Mendocino,045,87422,2567,2291,21,2312,24
2020-12-30,Merced,047,269075,19910,18519,380,18899,225
2020-12-30,Modoc,049,8938,269,234,77,311,0
2020-12-30,Mono,051,14174,903,868,12,880,3
2020-12-30,Monterey,053,433212,29611,26977,744,27721,186
2020-12-30,Napa,055,140530,6265,5754,26,5780,28
2020-12-30,Nevada,057,99092,2877,2595,93,2688,15
2020-12-30,Orange,059,3164182,174272,153951,6747,160698,1863
2020-12-30,Placer,061,380077,15313,13540,637,14177,127
2020-12-30,Plumas,063,18699,488,397,8,405,1
2020-12-30,Riverside,065,2383286,199605,176402,9074,185476,1919
2020-12-30,Sacramento,067,1510023,68977,64119,659,64778,847
2020-12-30,San Benito,069,59416,3905,3464,31,3495,29
2020-12-30,San Bernardino,071,2135413,214336,192648,5805,198453,1591
2020-12-30,San Diego,073,3302833,173170,152510,7803,160313,1472
2020-12-30,San Francisco,075,870044,24743,23099,234,23333,182
2020-12-30,San Joaquin,077,732212,48564,44465,1717,46182,634
2020-12-30,San Luis Obispo,079,281455,12136,10542,269,10811,89
2020-12-30,San Mateo,081,765935,27070,24150,124,24274,190
2020-12-30,Santa Barbara,083,443738,19011,16895,547,17442,161
2020-12-30,Santa Clara,085,1922200,75599,67218,313,67531,661
2020-12-30,Santa Cruz,087,273765,10107,8787,371,9158,86
2020-12-30,Shasta,089,179085,8513,7818,743,8561,69
2020-12-30,Sierra,091,2930,36,25,6,31,0
2020-12-30,Siskiyou,093,43540,1057,913,115,1028,3
2020-12-30,Solano,095,438530,20570,18300,210,18510,96
2020-12-30,Sonoma,097,501317,20272,18947,112,19059,191
2020-12-30,Stanislaus,099,539301,36554,33730,3371,37101,526
2020-12-30,Sutter,101,95872,6725,6328,46,6374,51
2020-12-30,Tehama,103,63373,3243,2969,321,3290,9
2020-12-30,Trinity,105,12862,424,231,60,291,2
2020-12-30,Tulare,107,460477,35877,32413,4001,36414,430
2020-12-30,Tuolumne,109,53932,2946,2772,13,2785,12
2020-12-30,Ventura,111,848112,44545,39039,1740,40779,251
2020-12-30,Yolo,113,214977,9061,8067,67,8134,117
2020-12-30,Yuba,115,75493,4036,3612,40,3652,18
2020-12-29,Alameda,001,1643700,54796,50946,993,51939,552
2020-12-29,Alpine,003,1148,69,65,0,65,0
2020-12-29,Amador,005,37829,2643,2388,18,2406,23
2020-12-29,Butte,007,227075,7995,7178,930,8108,98
2020-12-29,Calaveras,009,45235,1180,1111,2,1113,21
2020-12-29,Colusa,011,21464,1349,1272,86,1358,7
2020-12-29,Contra Costa,013,1133247,42462,39225,602,39827,325
2020-12-29,Del Norte,015,27424,783,724,2,726,2
2020-12-29,El Dorado,017,186661,6506,5551,314,5865,22
2020-12-29,Fresno,019,978130,70902,65149,4785,69934,688
2020-12-29,Glenn,021,27897,1624,1454,275,1729,9
2020-12-29,Humboldt,023,135768,1847,1616,7,1623,19
2020-12-29,Imperial,025,180216,23394,22105,1415,23520,407
2020-12-29,Inyo,027,18085,705,571,8,579,19
2020-12-29,Kern,029,883053,68507,63096,5241,68337,589
2020-12-29,Kings,031,150075,16844,15777,553,16330,108
2020-12-29,Lake,033,64148,2004,1805,0,1805,22
2020-12-29,Lassen,035,31185,4558,4288,52,4340,1
2020-12-29,Los Angeles,037,10098052,809714,731907,22605,754512,9786
2020-12-29,Madera,039,155013,11161,10251,459,10710,64
2020-12-29,Marin,041,260295,10020,9595,82,9677,146
2020-12-29,Mariposa,043,17540,262,212,2,214,3
2020-12-29,Mendocino,045,87422,2524,2249,20,2269,24
2020-12-29,Merced,047,269075,19560,18464,364,18828,221
2020-12-29,Modoc,049,8938,266,232,77,309,0
2020-12-29,Mono,051,14174,894,868,12,880,3
2020-12-29,Monterey,053,433212,28961,26894,717,27611,185
2020-12-29,Napa,055,140530,6147,5663,26,5689,28
2020-12-29,Nevada,057,99092,2829,2550,92,2642,15
2020-12-29,Orange,059,3164182,170477,154411,6579,160990,1839
2020-12-29,Placer,061,380077,15101,13392,615,14007,126
2020-12-29,Plumas,063,18699,479,395,8,403,1
2020-12-29,Riverside,065,2383286,195003,177624,8820,186444,1904
2020-12-29,Sacramento,067,1510023,67926,65078,645,65723,820
2020-12-29,San Benito,069,59416,3786,3474,30,3504,25
2020-12-29,San Bernardino,071,2135413,209511,190476,5668,196144,1557
2020-12-29,San Diego,073,3302833,168947,150062,7572,157634,1435
2020-12-29,San Francisco,075,870044,24404,22996,226,23222,178
2020-12-29,San Joaquin,077,732212,47642,44699,1662,46361,622
2020-12-29,San Luis Obispo,079,281455,11840,10387,261,10648,80
2020-12-29,San Mateo,081,765935,26527,23773,112,23885,189
2020-12-29,Santa Barbara,083,443738,18542,16797,521,17318,155
2020-12-29,Santa Clara,085,1922200,74051,67581,310,67891,621
2020-12-29,Santa Cruz,087,273765,9838,8492,362,8854,84
2020-12-29,Shasta,089,179085,8409,7782,728,8510,65
2020-12-29,Sierra,091,2930,34,24,5,29,0
2020-12-29,Siskiyou,093,43540,1042,926,113,1039,3
2020-12-29,Solano,095,438530,20188,18412,205,18617,96
2020-12-29,Sonoma,097,501317,19938,18790,110,18900,187
2020-12-29,Stanislaus,099,539301,36079,33775,3301,37076,508
2020-12-29,Sutter,101,95872,6658,6302,46,6348,50
2020-12-29,Tehama,103,63373,3175,2962,309,3271,9
2020-12-29,Trinity,105,12862,423,241,60,301,2
2020-12-29,Tulare,107,460477,35217,32545,3869,36414,419
2020-12-29,Tuolumne,109,53932,2905,2797,13,2810,12
2020-12-29,Ventura,111,848112,43290,38669,1714,40383,235
2020-12-29,Yolo,113,214977,8932,8124,65,8189,111
2020-12-29,Yuba,115,75493,3954,3723,40,3763,18
2020-12-28,Alameda,001,1643700,53768,50405,973,51378,551
2020-12-28,Alpine,003,1148,68,65,0,65,0
2020-12-28,Amador,005,37829,2573,2255,18,2273,23
2020-12-28,Butte,007,227075,7828,7053,899,7952,86
2020-12-28,Calaveras,009,45235,1157,1102,2,1104,21
2020-12-28,Colusa,011,21464,1324,1255,74,1329,7
2020-12-28,Contra Costa,013,1133247,41523,38872,575,39447,324
2020-12-28,Del Norte,015,27424,773,718,2,720,2
2020-12-28,El Dorado,017,186661,6350,5441,302,5743,18
2020-12-28,Fresno,019,978130,69632,64274,4634,68908,679
2020-12-28,Glenn,021,27897,1590,1435,263,1698,9
2020-12-28,Humboldt,023,135768,1812,1579,7,1586,19
2020-12-28,Imperial,025,180216,23134,22003,1342,23345,405
2020-12-28,Inyo,027,18085,698,569,8,577,19
2020-12-28,Kern,029,883053,67439,62392,5037,67429,579
2020-12-28,Kings,031,150075,16627,15733,536,16269,108
2020-12-28,Lake,033,64148,1963,1785,0,1785,22
2020-12-28,Lassen,035,31185,4451,4284,51,4335,1
2020-12-28,Los Angeles,037,10098052,787369,720699,21795,742494,9544
2020-12-28,Madera,039,155013,10987,10123,436,10559,64
2020-12-28,Marin,041,260295,9912,9546,76,9622,145
2020-12-28,Mariposa,043,17540,238,211,2,213,3
2020-12-28,Mendocino,045,87422,2489,2214,20,2234,23
2020-12-28,Merced,047,269075,19239,18245,345,18590,213
2020-12-28,Modoc,049,8938,261,220,76,296,0
2020-12-28,Mono,051,14174,890,848,12,860,3
2020-12-28,Monterey,053,433212,28111,26529,706,27235,182
2020-12-28,Napa,055,140530,6038,5576,26,5602,26
2020-12-28,Nevada,057,99092,2781,2532,88,2620,15
2020-12-28,Orange,059,3164182,166373,152089,6402,158491,1839
2020-12-28,Placer,061,380077,14762,13234,588,13822,126
2020-12-28,Plumas,063,18699,475,391,8,399,0
2020-12-28,Riverside,065,2383286,190103,174029,8530,182559,1855
2020-12-28,Sacramento,067,1510023,66688,64322,621,64943,813
2020-12-28,San Benito,069,59416,3717,3429,29,3458,24
2020-12-28,San Bernardino,071,2135413,204420,188919,5551,194470,1552
2020-12-28,San Diego,073,3302833,164204,147528,7390,154918,1404
2020-12-28,San Francisco,075,870044,24044,22726,221,22947,178
2020-12-28,San Joaquin,077,732212,46709,44172,1630,45802,618
2020-12-28,San Luis Obispo,079,281455,11488,10260,257,10517,76
2020-12-28,San Mateo,081,765935,26052,23467,108,23575,189
2020-12-28,Santa Barbara,083,443738,18074,16579,509,17088,155
2020-12-28,Santa Clara,085,1922200,72564,66418,303,66721,619
2020-12-28,Santa Cruz,087,273765,9570,8310,352,8662,81
2020-12-28,Shasta,089,179085,8292,7688,715,8403,65
2020-12-28,Sierra,091,2930,32,24,4,28,0
2020-12-28,Siskiyou,093,43540,1026,915,108,1023,3
2020-12-28,Solano,095,438530,19616,18171,199,18370,96
2020-12-28,Sonoma,097,501317,19591,18667,108,18775,185
2020-12-28,Stanislaus,099,539301,35530,33473,3237,36710,507
2020-12-28,Sutter,101,95872,6578,6253,46,6299,49
2020-12-28,Tehama,103,63373,3123,2934,302,3236,9
2020-12-28,Trinity,105,12862,421,240,60,300,2
2020-12-28,Tulare,107,460477,34533,32010,3762,35772,404
2020-12-28,Tuolumne,109,53932,2888,2777,13,2790,12
2020-12-28,Ventura,111,848112,41621,37151,1667,38818,230
2020-12-28,Yolo,113,214977,8777,8031,64,8095,111
2020-12-28,Yuba,115,75493,3893,3679,39,3718,18
2020-12-27,Alameda,001,1643700,52529,49764,946,50710,551
2020-12-27,Alpine,003,1148,66,65,0,65,0
2020-12-27,Amador,005,37829,2452,2218,18,2236,23
2020-12-27,Butte,007,227075,7673,7016,860,7876,86
2020-12-27,Calaveras,009,45235,1110,1097,2,1099,21
2020-12-27,Colusa,011,21464,1299,1253,71,1324,7
2020-12-27,Contra Costa,013,1133247,40588,38428,546,38974,324
2020-12-27,Del Norte,015,27424,750,712,2,714,2
2020-12-27,El Dorado,017,186661,6136,5388,279,5667,18
2020-12-27,Fresno,019,978130,68383,63811,4428,68239,679
2020-12-27,Glenn,021,27897,1562,1434,249,1683,9
2020-12-27,Humboldt,023,135768,1768,1575,7,1582,17
2020-12-27,Imperial,025,180216,22836,21934,1229,23163,405
2020-12-27,Inyo,027,18085,676,565,7,572,18
2020-12-27,Kern,029,883053,66158,61914,4864,66778,568
2020-12-27,Kings,031,150075,16391,15593,502,16095,108
2020-12-27,Lake,033,64148,1907,1769,0,1769,22
2020-12-27,Lassen,035,31185,4374,4230,44,4274,1
2020-12-27,Los Angeles,037,10098052,765876,707260,20903,728163,9476
2020-12-27,Madera,039,155013,10729,10005,426,10431,64
2020-12-27,Marin,041,260295,9789,9477,71,9548,144
2020-12-27,Mariposa,043,17540,231,208,2,210,3
2020-12-27,Mendocino,045,87422,2442,2209,20,2229,23
2020-12-27,Merced,047,269075,18871,18075,329,18404,213
2020-12-27,Modoc,049,8938,252,221,72,293,0
2020-12-27,Mono,051,14174,877,849,12,861,3
2020-12-27,Monterey,053,433212,27552,26322,689,27011,181
2020-12-27,Napa,055,140530,5904,5496,26,5522,26
2020-12-27,Nevada,057,99092,2745,2519,88,2607,15
2020-12-27,Orange,059,3164182,161976,149276,6214,155490,1839
2020-12-27,Placer,061,380077,14466,13017,556,13573,126
2020-12-27,Plumas,063,18699,469,390,8,398,0
2020-12-27,Riverside,065,2383286,185187,171995,8224,180219,1836
2020-12-27,Sacramento,067,1510023,65480,63416,599,64015,811
2020-12-27,San Benito,069,59416,3631,3394,29,3423,24
2020-12-27,San Bernardino,071,2135413,199342,186776,5414,192190,1551
2020-12-27,San Diego,073,3302833,159797,145777,7203,152980,1402
2020-12-27,San Francisco,075,870044,23697,22514,212,22726,178
2020-12-27,San Joaquin,077,732212,45671,43529,1580,45109,618
2020-12-27,San Luis Obispo,079,281455,11080,10154,252,10406,76
2020-12-27,San Mateo,081,765935,25487,23136,104,23240,187
2020-12-27,Santa Barbara,083,443738,17546,16364,482,16846,155
2020-12-27,Santa Clara,085,1922200,70942,65288,298,65586,619
2020-12-27,Santa Cruz,087,273765,9305,8234,343,8577,81
2020-12-27,Shasta,089,179085,8165,7671,693,8364,65
2020-12-27,Sierra,091,2930,32,24,3,27,0
2020-12-27,Siskiyou,093,43540,1016,914,103,1017,3
2020-12-27,Solano,095,438530,19121,17840,193,18033,96
2020-12-27,Sonoma,097,501317,19299,18487,107,18594,185
2020-12-27,Stanislaus,099,539301,34910,33076,3141,36217,506
2020-12-27,Sutter,101,95872,6497,6218,44,6262,48
2020-12-27,Tehama,103,63373,3054,2922,286,3208,9
2020-12-27,Trinity,105,12862,414,240,58,298,2
2020-12-27,Tulare,107,460477,33937,31864,3643,35507,400
2020-12-27,Tuolumne,109,53932,2783,2750,11,2761,12
2020-12-27,Ventura,111,848112,40558,36661,1614,38275,230
2020-12-27,Yolo,113,214977,8586,7919,60,7979,111
2020-12-27,Yuba,115,75493,3829,3665,37,3702,18
2020-12-26,Alameda,001,1643700,51918,49084,933,50017,551
2020-12-26,Alpine,003,1148,66,65,0,65,0
2020-12-26,Amador,005,37829,2438,2189,18,2207,23
2020-12-26,Butte,007,227075,7578,6968,835,7803,86
2020-12-26,Calaveras,009,45235,1104,1084,2,1086,21
2020-12-26,Colusa,011,21464,1289,1240,71,1311,7
2020-12-26,Contra Costa,013,1133247,40124,38008,532,38540,324
2020-12-26,Del Norte,015,27424,744,709,2,711,2
2020-12-26,El Dorado,017,186661,6081,5279,275,5554,18
2020-12-26,Fresno,019,978130,67913,63080,4365,67445,679
2020-12-26,Glenn,021,27897,1541,1413,243,1656,9
2020-12-26,Humboldt,023,135768,1730,1545,7,1552,17
2020-12-26,Imperial,025,180216,22743,21734,1177,22911,405
2020-12-26,Inyo,027,18085,663,554,7,561,18
2020-12-26,Kern,029,883053,65486,61174,4715,65889,564
2020-12-26,Kings,031,150075,16273,15517,498,16015,108
2020-12-26,Lake,033,64148,1865,1710,0,1710,22
2020-12-26,Lassen,035,31185,4353,3981,44,4025,1
2020-12-26,Los Angeles,037,10098052,757322,694149,20396,714545,9424
2020-12-26,Madera,039,155013,10652,9908,414,10322,64
2020-12-26,Marin,041,260295,9754,9413,70,9483,143
2020-12-26,Mariposa,043,17540,230,206,2,208,3
2020-12-26,Mendocino,045,87422,2396,2194,20,2214,23
2020-12-26,Merced,047,269075,18712,17890,324,18214,213
2020-12-26,Modoc,049,8938,249,222,72,294,0
2020-12-26,Mono,051,14174,871,850,12,862,3
2020-12-26,Monterey,053,433212,27415,26010,680,26690,182
2020-12-26,Napa,055,140530,5846,5427,26,5453,26
2020-12-26,Nevada,057,99092,2717,2480,88,2568,15
2020-12-26,Orange,059,3164182,159771,147304,6121,153425,1838
2020-12-26,Placer,061,380077,14296,12816,541,13357,122
2020-12-26,Plumas,063,18699,466,381,8,389,0
2020-12-26,Riverside,065,2383286,182702,169360,8063,177423,1834
2020-12-26,Sacramento,067,1510023,64857,62435,589,63024,807
2020-12-26,San Benito,069,59416,3558,3330,29,3359,24
2020-12-26,San Bernardino,071,2135413,197673,185111,5332,190443,1551
2020-12-26,San Diego,073,3302833,157272,142644,7056,149700,1402
2020-12-26,San Francisco,075,870044,23461,22319,212,22531,177
2020-12-26,San Joaquin,077,732212,45286,42887,1531,44418,618
2020-12-26,San Luis Obispo,079,281455,10993,9945,247,10192,76
2020-12-26,San Mateo,081,765935,25148,22908,99,23007,187
2020-12-26,Santa Barbara,083,443738,17307,16159,476,16635,155
2020-12-26,Santa Clara,085,1922200,69872,64185,296,64481,618
2020-12-26,Santa Cruz,087,273765,9179,8113,334,8447,81
2020-12-26,Shasta,089,179085,8106,7641,680,8321,65
2020-12-26,Sierra,091,2930,32,24,3,27,0
2020-12-26,Siskiyou,093,43540,1009,909,99,1008,2
2020-12-26,Solano,095,438530,18876,17528,193,17721,96
2020-12-26,Sonoma,097,501317,19096,18261,105,18366,184
2020-12-26,Stanislaus,099,539301,34612,32678,3089,35767,505
2020-12-26,Sutter,101,95872,6438,6121,44,6165,48
2020-12-26,Tehama,103,63373,3025,2884,280,3164,9
2020-12-26,Trinity,105,12862,412,237,57,294,2
2020-12-26,Tulare,107,460477,33635,31665,3587,35252,398
2020-12-26,Tuolumne,109,53932,2772,2703,11,2714,12
2020-12-26,Ventura,111,848112,39593,36064,1583,37647,230
2020-12-26,Yolo,113,214977,8483,7785,57,7842,111
2020-12-26,Yuba,115,75493,3801,3599,37,3636,18
2020-12-25,Alameda,001,1643700,51348,48365,918,49283,542
2020-12-25,Alpine,003,1148,66,64,0,64,0
2020-12-25,Amador,005,37829,2395,2172,18,2190,23
2020-12-25,Butte,007,227075,7479,6873,816,7689,85
2020-12-25,Calaveras,009,45235,1101,1062,2,1064,21
2020-12-25,Colusa,011,21464,1277,1219,70,1289,7
2020-12-25,Contra Costa,013,1133247,39652,37480,506,37986,324
2020-12-25,Del Norte,015,27424,741,692,2,694,2
2020-12-25,El Dorado,017,186661,6016,5170,262,5432,16
2020-12-25,Fresno,019,978130,67049,62251,4283,66534,679
2020-12-25,Glenn,021,27897,1525,1390,236,1626,9
2020-12-25,Humboldt,023,135768,1690,1532,7,1539,16
2020-12-25,Imperial,025,180216,22648,21646,1166,22812,405
2020-12-25,Inyo,027,18085,654,546,7,553,18
2020-12-25,Kern,029,883053,64757,60417,4568,64985,562
2020-12-25,Kings,031,150075,16162,15460,494,15954,108
2020-12-25,Lake,033,64148,1845,1669,0,1669,20
2020-12-25,Lassen,035,31185,4338,3926,44,3970,1
2020-12-25,Los Angeles,037,10098052,743675,665600,19719,685319,9292
2020-12-25,Madera,039,155013,10484,9770,407,10177,64
2020-12-25,Marin,041,260295,9705,9375,67,9442,143
2020-12-25,Mariposa,043,17540,224,203,2,205,3
2020-12-25,Mendocino,045,87422,2353,2176,20,2196,23
2020-12-25,Merced,047,269075,18551,17726,316,18042,213
2020-12-25,Modoc,049,8938,248,221,72,293,0
2020-12-25,Mono,051,14174,869,843,12,855,3
2020-12-25,Monterey,053,433212,27139,25788,671,26459,182
2020-12-25,Napa,055,140530,5769,5351,26,5377,26
2020-12-25,Nevada,057,99092,2691,2458,86,2544,15
2020-12-25,Orange,059,3164182,157093,144542,5929,150471,1814
2020-12-25,Placer,061,380077,14110,12660,519,13179,122
2020-12-25,Plumas,063,18699,459,381,8,389,0
2020-12-25,Riverside,065,2383286,179416,166690,7747,174437,1825
2020-12-25,Sacramento,067,1510023,64163,61630,563,62193,796
2020-12-25,San Benito,069,59416,3518,3281,27,3308,24
2020-12-25,San Bernardino,071,2135413,195043,181812,5216,187028,1546
2020-12-25,San Diego,073,3302833,154792,139958,6878,146836,1402
2020-12-25,San Francisco,075,870044,23185,22130,207,22337,175
2020-12-25,San Joaquin,077,732212,44978,42089,1476,43565,614
2020-12-25,San Luis Obispo,079,281455,10810,9749,240,9989,76
2020-12-25,San Mateo,081,765935,24826,22568,97,22665,187
2020-12-25,Santa Barbara,083,443738,17083,15936,469,16405,155
2020-12-25,Santa Clara,085,1922200,68757,63173,287,63460,612
2020-12-25,Santa Cruz,087,273765,9035,8018,312,8330,81
2020-12-25,Shasta,089,179085,8032,7612,657,8269,65
2020-12-25,Sierra,091,2930,32,24,3,27,0
2020-12-25,Siskiyou,093,43540,1003,905,96,1001,2
2020-12-25,Solano,095,438530,18704,17280,191,17471,96
2020-12-25,Sonoma,097,501317,18921,18035,103,18138,184
2020-12-25,Stanislaus,099,539301,34310,32290,3038,35328,498
2020-12-25,Sutter,101,95872,6379,6051,43,6094,47
2020-12-25,Tehama,103,63373,2976,2839,267,3106,9
2020-12-25,Trinity,105,12862,408,236,57,293,2
2020-12-25,Tulare,107,460477,33245,31323,3522,34845,398
2020-12-25,Tuolumne,109,53932,2753,2674,11,2685,12
2020-12-25,Ventura,111,848112,38437,35514,1535,37049,230
2020-12-25,Yolo,113,214977,8387,7700,55,7755,111
2020-12-25,Yuba,115,75493,3765,3549,36,3585,17
2020-12-24,Alameda,001,1643700,50999,47527,898,48425,541
2020-12-24,Alpine,003,1148,66,64,0,64,0
2020-12-24,Amador,005,37829,2383,2145,18,2163,23
2020-12-24,Butte,007,227075,7440,6716,801,7517,84
2020-12-24,Calaveras,009,45235,1098,1032,2,1034,21
2020-12-24,Colusa,011,21464,1272,1188,68,1256,7
2020-12-24,Contra Costa,013,1133247,39408,36623,495,37118,311
2020-12-24,Del Norte,015,27424,741,678,2,680,2
2020-12-24,El Dorado,017,186661,5990,5042,254,5296,16
2020-12-24,Fresno,019,978130,66826,61435,4269,65704,663
2020-12-24,Glenn,021,27897,1514,1363,228,1591,9
2020-12-24,Humboldt,023,135768,1667,1516,7,1523,16
2020-12-24,Imperial,025,180216,22598,21545,1157,22702,402
2020-12-24,Inyo,027,18085,652,532,7,539,17
2020-12-24,Kern,029,883053,64470,59601,4555,64156,556
2020-12-24,Kings,031,150075,16122,15211,493,15704,108
2020-12-24,Lake,033,64148,1830,1629,0,1629,20
2020-12-24,Lassen,035,31185,4325,3894,44,3938,1
2020-12-24,Los Angeles,037,10098052,739504,664840,19461,684301,9288
2020-12-24,Madera,039,155013,10444,9547,400,9947,63
2020-12-24,Marin,041,260295,9671,9287,67,9354,143
2020-12-24,Mariposa,043,17540,220,197,2,199,3
2020-12-24,Mendocino,045,87422,2342,2150,20,2170,23
2020-12-24,Merced,047,269075,18480,17485,312,17797,212
2020-12-24,Modoc,049,8938,248,220,71,291,0
2020-12-24,Mono,051,14174,867,817,12,829,3
2020-12-24,Monterey,053,433212,27027,25131,664,25795,180
2020-12-24,Napa,055,140530,5714,5265,26,5291,26
2020-12-24,Nevada,057,99092,2667,2429,86,2515,15
2020-12-24,Orange,059,3164182,155612,141205,5878,147083,1775
2020-12-24,Placer,061,380077,14021,12457,512,12969,121
2020-12-24,Plumas,063,18699,456,376,8,384,0
2020-12-24,Riverside,065,2383286,178481,162435,7707,170142,1816
2020-12-24,Sacramento,067,1510023,63888,60596,561,61157,788
2020-12-24,San Benito,069,59416,3487,3183,27,3210,24
2020-12-24,San Bernardino,071,2135413,194001,176866,5182,182048,1533
2020-12-24,San Diego,073,3302833,153708,136952,6846,143798,1382
2020-12-24,San Francisco,075,870044,23017,21830,204,22034,175
2020-12-24,San Joaquin,077,732212,44814,41324,1458,42782,611
2020-12-24,San Luis Obispo,079,281455,10741,9504,238,9742,77
2020-12-24,San Mateo,081,765935,24630,22093,97,22190,186
2020-12-24,Santa Barbara,083,443738,16978,15644,461,16105,153
2020-12-24,Santa Clara,085,1922200,68150,61742,280,62022,591
2020-12-24,Santa Cruz,087,273765,8964,7856,300,8156,82
2020-12-24,Shasta,089,179085,7991,7540,640,8180,65
2020-12-24,Sierra,091,2930,29,23,1,24,0
2020-12-24,Siskiyou,093,43540,998,900,90,990,2
2020-12-24,Solano,095,438530,18563,16872,186,17058,96
2020-12-24,Sonoma,097,501317,18821,17710,103,17813,183
2020-12-24,Stanislaus,099,539301,34106,31848,3012,34860,498
2020-12-24,Sutter,101,95872,6338,5960,42,6002,47
2020-12-24,Tehama,103,63373,2958,2779,265,3044,9
2020-12-24,Trinity,105,12862,407,235,57,292,2
2020-12-24,Tulare,107,460477,33126,30827,3496,34323,390
2020-12-24,Tuolumne,109,53932,2745,2653,11,2664,12
2020-12-24,Ventura,111,848112,38157,34400,1528,35928,224
2020-12-24,Yolo,113,214977,8345,7566,55,7621,113
2020-12-24,Yuba,115,75493,3740,3483,36,3519,16
2020-12-23,Alameda,001,1643700,50424,46753,871,47624,537
2020-12-23,Alpine,003,1148,66,64,0,64,0
2020-12-23,Amador,005,37829,2314,2108,17,2125,23
2020-12-23,Butte,007,227075,7351,6588,775,7363,84
2020-12-23,Calaveras,009,45235,1090,1002,1,1003,21
2020-12-23,Colusa,011,21464,1261,1167,67,1234,7
2020-12-23,Contra Costa,013,1133247,39008,36190,482,36672,311
2020-12-23,Del Norte,015,27424,734,670,2,672,2
2020-12-23,El Dorado,017,186661,5915,4967,246,5213,14
2020-12-23,Fresno,019,978130,66216,60488,4204,64692,654
2020-12-23,Glenn,021,27897,1500,1349,224,1573,9
2020-12-23,Humboldt,023,135768,1642,1458,7,1465,16
2020-12-23,Imperial,025,180216,22503,21323,1128,22451,399
2020-12-23,Inyo,027,18085,640,517,7,524,17
2020-12-23,Kern,029,883053,63953,58656,4461,63117,549
2020-12-23,Kings,031,150075,16044,14923,490,15413,105
2020-12-23,Lake,033,64148,1816,1595,0,1595,20
2020-12-23,Lassen,035,31185,4315,3865,41,3906,1
2020-12-23,Los Angeles,037,10098052,730446,651958,18929,670887,9146
2020-12-23,Madera,039,155013,10285,9371,386,9757,63
2020-12-23,Marin,041,260295,9613,9199,64,9263,142
2020-12-23,Mariposa,043,17540,218,194,2,196,3
2020-12-23,Mendocino,045,87422,2330,2121,20,2141,23
2020-12-23,Merced,047,269075,18324,17250,304,17554,203
2020-12-23,Modoc,049,8938,244,197,70,267,0
2020-12-23,Mono,051,14174,864,814,12,826,3
2020-12-23,Monterey,053,433212,26727,24856,657,25513,176
2020-12-23,Napa,055,140530,5646,5172,26,5198,25
2020-12-23,Nevada,057,99092,2622,2406,85,2491,15
2020-12-23,Orange,059,3164182,153161,138050,5711,143761,1771
2020-12-23,Placer,061,380077,13811,12213,504,12717,111
2020-12-23,Plumas,063,18699,449,369,8,377,0
2020-12-23,Riverside,065,2383286,176210,158110,7549,165659,1790
2020-12-23,Sacramento,067,1510023,63238,59661,548,60209,779
2020-12-23,San Benito,069,59416,3433,3073,25,3098,24
2020-12-23,San Bernardino,071,2135413,191958,172888,5113,178001,1509
2020-12-23,San Diego,073,3302833,151282,134695,6709,141404,1350
2020-12-23,San Francisco,075,870044,22795,21498,201,21699,174
2020-12-23,San Joaquin,077,732212,44289,35664,1416,37080,602
2020-12-23,San Luis Obispo,079,281455,10599,9267,233,9500,74
2020-12-23,San Mateo,081,765935,24328,21780,95,21875,186
2020-12-23,Santa Barbara,083,443738,16770,15399,435,15834,152
2020-12-23,Santa Clara,085,1922200,67239,60455,275,60730,579
2020-12-23,Santa Cruz,087,273765,8804,7637,282,7919,75
2020-12-23,Shasta,089,179085,7919,7487,634,8121,66
2020-12-23,Sierra,091,2930,27,23,1,24,0
2020-12-23,Siskiyou,093,43540,977,891,89,980,2
2020-12-23,Solano,095,438530,18355,16626,182,16808,95
2020-12-23,Sonoma,097,501317,18617,17397,103,17500,182
2020-12-23,Stanislaus,099,539301,33752,31492,2959,34451,499
2020-12-23,Sutter,101,95872,6272,5871,42,5913,46
2020-12-23,Tehama,103,63373,2940,2737,258,2995,9
2020-12-23,Trinity,105,12862,407,234,56,290,2
2020-12-23,Tulare,107,460477,32834,30315,3457,33772,385
2020-12-23,Tuolumne,109,53932,2706,2540,11,2551,12
2020-12-23,Ventura,111,848112,37760,33377,1499,34876,216
2020-12-23,Yolo,113,214977,8267,7508,55,7563,112
2020-12-23,Yuba,115,75493,3687,3438,36,3474,14
2020-12-22,Alameda,001,1643700,49540,45751,840,46591,534
2020-12-22,Alpine,003,1148,66,64,0,64,0
2020-12-22,Amador,005,37829,2303,1839,17,1856,23
2020-12-22,Butte,007,227075,7223,6467,760,7227,85
2020-12-22,Calaveras,009,45235,1063,988,0,988,21
2020-12-22,Colusa,011,21464,1238,1150,64,1214,7
2020-12-22,Contra Costa,013,1133247,38381,35681,470,36151,301
2020-12-22,Del Norte,015,27424,727,666,2,668,2
2020-12-22,El Dorado,017,186661,5792,4885,234,5119,12
2020-12-22,Fresno,019,978130,65182,59640,4098,63738,640
2020-12-22,Glenn,021,27897,1477,1337,213,1550,9
2020-12-22,Humboldt,023,135768,1609,1440,7,1447,16
2020-12-22,Imperial,025,180216,22316,21128,1084,22212,398
2020-12-22,Inyo,027,18085,620,506,7,513,17
2020-12-22,Kern,029,883053,63001,57816,4324,62140,547
2020-12-22,Kings,031,150075,15902,14855,484,15339,102
2020-12-22,Lake,033,64148,1791,1569,0,1569,20
2020-12-22,Lassen,035,31185,4173,3848,39,3887,1
2020-12-22,Los Angeles,037,10098052,713191,635931,18243,654174,9013
2020-12-22,Madera,039,155013,10167,9187,370,9557,63
2020-12-22,Marin,041,260295,9549,9115,63,9178,142
2020-12-22,Mariposa,043,17540,215,194,2,196,3
2020-12-22,Mendocino,045,87422,2297,2092,20,2112,23
2020-12-22,Merced,047,269075,18078,17012,299,17311,201
2020-12-22,Modoc,049,8938,236,182,69,251,0
2020-12-22,Mono,051,14174,858,786,12,798,3
2020-12-22,Monterey,053,433212,26057,24152,636,24788,176
2020-12-22,Napa,055,140530,5557,5059,26,5085,23
2020-12-22,Nevada,057,99092,2594,2367,84,2451,14
2020-12-22,Orange,059,3164182,149819,134850,5538,140388,1774
2020-12-22,Placer,061,380077,13567,11943,484,12427,105
2020-12-22,Plumas,063,18699,443,360,8,368,0
2020-12-22,Riverside,065,2383286,172398,155059,7280,162339,1777
2020-12-22,Sacramento,067,1510023,62310,57966,529,58495,772
2020-12-22,San Benito,069,59416,3355,2998,25,3023,24
2020-12-22,San Bernardino,071,2135413,187374,169266,4965,174231,1500
2020-12-22,San Diego,073,3302833,147923,132097,6547,138644,1311
2020-12-22,San Francisco,075,870044,22525,21232,197,21429,174
2020-12-22,San Joaquin,077,732212,43530,39423,1367,40790,592
2020-12-22,San Luis Obispo,079,281455,10254,9174,228,9402,69
2020-12-22,San Mateo,081,765935,24002,21382,79,21461,186
2020-12-22,Santa Barbara,083,443738,16505,15189,425,15614,150
2020-12-22,Santa Clara,085,1922200,66071,59192,267,59459,569
2020-12-22,Santa Cruz,087,273765,8625,7471,256,7727,72
2020-12-22,Shasta,089,179085,7840,7371,617,7988,64
2020-12-22,Sierra,091,2930,27,23,0,23,0
2020-12-22,Siskiyou,093,43540,971,880,88,968,2
2020-12-22,Solano,095,438530,17952,16229,179,16408,95
2020-12-22,Sonoma,097,501317,18297,17216,103,17319,180
2020-12-22,Stanislaus,099,539301,33368,30914,2887,33801,499
2020-12-22,Sutter,101,95872,6213,5791,41,5832,46
2020-12-22,Tehama,103,63373,2890,2688,252,2940,9
2020-12-22,Trinity,105,12862,406,231,56,287,2
2020-12-22,Tulare,107,460477,32369,30025,3390,33415,377
2020-12-22,Tuolumne,109,53932,2655,2526,11,2537,12
2020-12-22,Ventura,111,848112,36995,32488,1456,33944,213
2020-12-22,Yolo,113,214977,8154,7388,54,7442,113
2020-12-22,Yuba,115,75493,3636,3379,36,3415,14
2020-12-21,Alameda,001,1643700,48640,44756,813,45569,518
2020-12-21,Alpine,003,1148,65,64,0,64,0
2020-12-21,Amador,005,37829,2226,1815,17,1832,23
2020-12-21,Butte,007,227075,7068,6335,736,7071,81
2020-12-21,Calaveras,009,45235,1033,963,0,963,21
2020-12-21,Colusa,011,21464,1211,1135,59,1194,7
2020-12-21,Contra Costa,013,1133247,37629,35207,433,35640,300
2020-12-21,Del Norte,015,27424,712,660,2,662,2
2020-12-21,El Dorado,017,186661,5645,4805,221,5026,10
2020-12-21,Fresno,019,978130,64030,58568,3955,62523,634
2020-12-21,Glenn,021,27897,1445,1323,205,1528,9
2020-12-21,Humboldt,023,135768,1586,1419,7,1426,16
2020-12-21,Imperial,025,180216,22047,20994,1041,22035,395
2020-12-21,Inyo,027,18085,599,482,7,489,17
2020-12-21,Kern,029,883053,62111,56836,4187,61023,541
2020-12-21,Kings,031,150075,15652,14760,469,15229,100
2020-12-21,Lake,033,64148,1737,1538,0,1538,20
2020-12-21,Lassen,035,31185,4013,3798,37,3835,1
2020-12-21,Los Angeles,037,10098052,694110,624129,17564,641693,8918
2020-12-21,Madera,039,155013,9973,9069,350,9419,63
2020-12-21,Marin,041,260295,9480,9035,63,9098,142
2020-12-21,Mariposa,043,17540,210,186,2,188,3
2020-12-21,Mendocino,045,87422,2266,2066,20,2086,23
2020-12-21,Merced,047,269075,17828,16710,283,16993,198
2020-12-21,Modoc,049,8938,222,181,68,249,0
2020-12-21,Mono,051,14174,846,781,12,793,3
2020-12-21,Monterey,053,433212,25525,23673,622,24295,174
2020-12-21,Napa,055,140530,5470,4952,26,4978,23
2020-12-21,Nevada,057,99092,2561,2337,84,2421,13
2020-12-21,Orange,059,3164182,146407,130444,5384,135828,1772
2020-12-21,Placer,061,380077,13335,11715,465,12180,105
2020-12-21,Plumas,063,18699,439,353,8,361,0
2020-12-21,Riverside,065,2383286,168171,151713,6955,158668,1743
2020-12-21,Sacramento,067,1510023,61289,57064,512,57576,759
2020-12-21,San Benito,069,59416,3287,2921,25,2946,22
2020-12-21,San Bernardino,071,2135413,182584,165086,4800,169886,1476
2020-12-21,San Diego,073,3302833,144472,129716,6383,136099,1284
2020-12-21,San Francisco,075,870044,22239,21086,195,21281,174
2020-12-21,San Joaquin,077,732212,42734,38811,1316,40127,586
2020-12-21,San Luis Obispo,079,281455,10065,9006,223,9229,64
2020-12-21,San Mateo,081,765935,23597,21035,76,21111,185
2020-12-21,Santa Barbara,083,443738,16231,14988,420,15408,149
2020-12-21,Santa Clara,085,1922200,64877,57699,255,57954,570
2020-12-21,Santa Cruz,087,273765,8413,7315,243,7558,69
2020-12-21,Shasta,089,179085,7775,7299,607,7906,64
2020-12-21,Sierra,091,2930,24,23,0,23,0
2020-12-21,Siskiyou,093,43540,964,878,87,965,2
2020-12-21,Solano,095,438530,17482,15878,174,16052,95
2020-12-21,Sonoma,097,501317,18024,17075,99,17174,176
2020-12-21,Stanislaus,099,539301,32910,30437,2812,33249,499
2020-12-21,Sutter,101,95872,6118,5708,41,5749,46
2020-12-21,Tehama,103,63373,2825,2656,243,2899,9
2020-12-21,Trinity,105,12862,404,226,54,280,2
2020-12-21,Tulare,107,460477,31870,29482,3301,32783,373
2020-12-21,Tuolumne,109,53932,2630,2423,9,2432,12
2020-12-21,Ventura,111,848112,35915,31759,1419,33178,212
2020-12-21,Yolo,113,214977,8009,7266,50,7316,109
2020-12-21,Yuba,115,75493,3577,3329,36,3365,14
2020-12-20,Alameda,001,1643700,47760,44004,790,44794,516
2020-12-20,Alpine,003,1148,65,64,0,64,0
2020-12-20,Amador,005,37829,2168,1771,17,1788,23
2020-12-20,Butte,007,227075,6923,6228,700,6928,81
2020-12-20,Calaveras,009,45235,1009,926,0,926,21
2020-12-20,Colusa,011,21464,1183,1121,53,1174,7
2020-12-20,Contra Costa,013,1133247,37043,34798,416,35214,301
2020-12-20,Del Norte,015,27424,690,652,2,654,2
2020-12-20,El Dorado,017,186661,5520,4697,212,4909,10
2020-12-20,Fresno,019,978130,63039,57616,3818,61434,634
2020-12-20,Glenn,021,27897,1436,1295,198,1493,9
2020-12-20,Humboldt,023,135768,1549,1386,6,1392,15
2020-12-20,Imperial,025,180216,21805,20882,937,21819,395
2020-12-20,Inyo,027,18085,584,476,7,483,17
2020-12-20,Kern,029,883053,61013,55983,4032,60015,540
2020-12-20,Kings,031,150075,15432,14629,452,15081,100
2020-12-20,Lake,033,64148,1691,1463,0,1463,20
2020-12-20,Lassen,035,31185,3959,3669,35,3704,1
2020-12-20,Los Angeles,037,10098052,676027,612975,16824,629799,8862
2020-12-20,Madera,039,155013,9763,8871,341,9212,63
2020-12-20,Marin,041,260295,9382,8948,60,9008,142
2020-12-20,Mariposa,043,17540,209,179,2,181,3
2020-12-20,Mendocino,045,87422,2241,2033,20,2053,23
2020-12-20,Merced,047,269075,17512,16435,276,16711,198
2020-12-20,Modoc,049,8938,222,181,66,247,0
2020-12-20,Mono,051,14174,828,774,12,786,3
2020-12-20,Monterey,053,433212,25042,23250,581,23831,173
2020-12-20,Napa,055,140530,5349,4865,24,4889,23
2020-12-20,Nevada,057,99092,2515,2289,78,2367,13
2020-12-20,Orange,059,3164182,142903,128780,5235,134015,1763
2020-12-20,Placer,061,380077,13110,11496,446,11942,105
2020-12-20,Plumas,063,18699,431,347,8,355,0
2020-12-20,Riverside,065,2383286,163966,148714,6663,155377,1742
2020-12-20,Sacramento,067,1510023,60288,56017,492,56509,755
2020-12-20,San Benito,069,59416,3215,2885,24,2909,21
2020-12-20,San Bernardino,071,2135413,177595,162810,4642,167452,1458
2020-12-20,San Diego,073,3302833,140754,126465,6213,132678,1280
2020-12-20,San Francisco,075,870044,21924,20937,192,21129,174
2020-12-20,San Joaquin,077,732212,41892,38268,1255,39523,587
2020-12-20,San Luis Obispo,079,281455,9773,8881,217,9098,63
2020-12-20,San Mateo,081,765935,23163,20764,72,20836,185
2020-12-20,Santa Barbara,083,443738,15909,14817,400,15217,148
2020-12-20,Santa Clara,085,1922200,63467,56860,249,57109,566
2020-12-20,Santa Cruz,087,273765,8205,7178,230,7408,69
2020-12-20,Shasta,089,179085,7661,7256,593,7849,64
2020-12-20,Sierra,091,2930,24,22,0,22,0
2020-12-20,Siskiyou,093,43540,954,870,86,956,2
2020-12-20,Solano,095,438530,17104,15533,163,15696,95
2020-12-20,Sonoma,097,501317,17748,16802,98,16900,175
2020-12-20,Stanislaus,099,539301,32383,29995,2710,32705,498
2020-12-20,Sutter,101,95872,6031,5601,41,5642,43
2020-12-20,Tehama,103,63373,2775,2602,224,2826,9
2020-12-20,Trinity,105,12862,396,221,53,274,2
2020-12-20,Tulare,107,460477,31353,29078,3205,32283,373
2020-12-20,Tuolumne,109,53932,2520,2152,8,2160,12
2020-12-20,Ventura,111,848112,35213,31335,1386,32721,210
2020-12-20,Yolo,113,214977,7857,7121,47,7168,109
2020-12-20,Yuba,115,75493,3530,3254,34,3288,12
2020-12-19,Alameda,001,1643700,47313,43109,783,43892,516
2020-12-19,Alpine,003,1148,65,64,0,64,0
2020-12-19,Amador,005,37829,2144,1754,17,1771,23
2020-12-19,Butte,007,227075,6823,6118,677,6795,81
2020-12-19,Calaveras,009,45235,992,900,0,900,21
2020-12-19,Colusa,011,21464,1175,1096,50,1146,7
2020-12-19,Contra Costa,013,1133247,36729,34321,402,34723,301
2020-12-19,Del Norte,015,27424,688,641,1,642,2
2020-12-19,El Dorado,017,186661,5453,4588,204,4792,10
2020-12-19,Fresno,019,978130,62714,55428,3749,59177,634
2020-12-19,Glenn,021,27897,1401,1286,197,1483,9
2020-12-19,Humboldt,023,135768,1532,1357,6,1363,15
2020-12-19,Imperial,025,180216,21713,20711,891,21602,395
2020-12-19,Inyo,027,18085,577,475,7,482,17
2020-12-19,Kern,029,883053,60528,55118,3925,59043,540
2020-12-19,Kings,031,150075,15353,14474,450,14924,100
2020-12-19,Lake,033,64148,1656,1438,0,1438,20
2020-12-19,Lassen,035,31185,3931,3595,35,3630,1
2020-12-19,Los Angeles,037,10098052,668926,599888,16288,616176,8804
2020-12-19,Madera,039,155013,9671,8717,329,9046,63
2020-12-19,Marin,041,260295,9342,8864,60,8924,142
2020-12-19,Mariposa,043,17540,207,177,2,179,3
2020-12-19,Mendocino,045,87422,2216,2008,20,2028,23
2020-12-19,Merced,047,269075,17373,16230,268,16498,198
2020-12-19,Modoc,049,8938,219,181,66,247,0
2020-12-19,Mono,051,14174,821,766,12,778,3
2020-12-19,Monterey,053,433212,24927,22799,575,23374,172
2020-12-19,Napa,055,140530,5287,4772,24,4796,23
2020-12-19,Nevada,057,99092,2493,2260,78,2338,13
2020-12-19,Orange,059,3164182,140982,125574,5084,130658,1733
2020-12-19,Placer,061,380077,12955,11246,440,11686,105
2020-12-19,Plumas,063,18699,428,343,8,351,0
2020-12-19,Riverside,065,2383286,161979,146703,6427,153130,1737
2020-12-19,Sacramento,067,1510023,59756,55169,478,55647,746
2020-12-19,San Benito,069,59416,3169,2820,23,2843,21
2020-12-19,San Bernardino,071,2135413,176026,159883,4535,164418,1433
2020-12-19,San Diego,073,3302833,138987,122972,6074,129046,1280
2020-12-19,San Francisco,075,870044,21773,20643,192,20835,174
2020-12-19,San Joaquin,077,732212,41490,37340,1205,38545,586
2020-12-19,San Luis Obispo,079,281455,9702,8788,214,9002,63
2020-12-19,San Mateo,081,765935,22953,20393,65,20458,182
2020-12-19,Santa Barbara,083,443738,15753,14667,394,15061,148
2020-12-19,Santa Clara,085,1922200,62656,55540,245,55785,558
2020-12-19,Santa Cruz,087,273765,8101,7054,225,7279,68
2020-12-19,Shasta,089,179085,7609,7221,581,7802,63
2020-12-19,Sierra,091,2930,24,23,0,23,0
2020-12-19,Siskiyou,093,43540,950,853,85,938,2
2020-12-19,Solano,095,438530,16938,15204,159,15363,95
2020-12-19,Sonoma,097,501317,17639,16553,98,16651,175
2020-12-19,Stanislaus,099,539301,32064,29555,2637,32192,498
2020-12-19,Sutter,101,95872,5974,5506,41,5547,41
2020-12-19,Tehama,103,63373,2725,2574,222,2796,9
2020-12-19,Trinity,105,12862,395,219,53,272,2
2020-12-19,Tulare,107,460477,31131,28734,3139,31873,375
2020-12-19,Tuolumne,109,53932,2507,2107,8,2115,12
2020-12-19,Ventura,111,848112,34932,30843,1356,32199,209
2020-12-19,Yolo,113,214977,7788,7025,46,7071,109
2020-12-19,Yuba,115,75493,3498,3168,34,3202,11
2020-12-18,Alameda,001,1643700,46777,42196,766,42962,515
2020-12-18,Alpine,003,1148,65,64,0,64,0
2020-12-18,Amador,005,37829,2127,1727,15,1742,20
2020-12-18,Butte,007,227075,6738,5891,651,6542,81
2020-12-18,Calaveras,009,45235,982,870,0,870,21
2020-12-18,Colusa,011,21464,1166,1068,50,1118,7
2020-12-18,Contra Costa,013,1133247,36445,33610,390,34000,300
2020-12-18,Del Norte,015,27424,683,627,0,627,2
2020-12-18,El Dorado,017,186661,5391,4494,195,4689,10
2020-12-18,Fresno,019,978130,61887,52643,3685,56328,613
2020-12-18,Glenn,021,27897,1384,1264,192,1456,9
2020-12-18,Humboldt,023,135768,1517,1331,6,1337,15
2020-12-18,Imperial,025,180216,21635,20430,844,21274,393
2020-12-18,Inyo,027,18085,557,454,7,461,17
2020-12-18,Kern,029,883053,59867,54220,3840,58060,533
2020-12-18,Kings,031,150075,15227,14284,444,14728,98
2020-12-18,Lake,033,64148,1645,1397,0,1397,20
2020-12-18,Lassen,035,31185,3923,3486,35,3521,1
2020-12-18,Los Angeles,037,10098052,656787,586413,15787,602200,8744
2020-12-18,Madera,039,155013,9569,8609,324,8933,63
2020-12-18,Marin,041,260295,9258,8799,60,8859,142
2020-12-18,Mariposa,043,17540,204,176,2,178,3
2020-12-18,Mendocino,045,87422,2198,1977,20,1997,24
2020-12-18,Merced,047,269075,17292,15956,265,16221,195
2020-12-18,Modoc,049,8938,219,179,66,245,0
2020-12-18,Mono,051,14174,813,731,12,743,3
2020-12-18,Monterey,053,433212,24633,22336,569,22905,165
2020-12-18,Napa,055,140530,5238,4688,24,4712,23
2020-12-18,Nevada,057,99092,2476,2220,77,2297,13
2020-12-18,Orange,059,3164182,138547,121681,4935,126616,1725
2020-12-18,Placer,061,380077,12784,10995,431,11426,104
2020-12-18,Plumas,063,18699,422,336,8,344,0
2020-12-18,Riverside,065,2383286,159139,142375,6158,148533,1733
2020-12-18,Sacramento,067,1510023,59130,53980,462,54442,736
2020-12-18,San Benito,069,59416,3120,2744,23,2767,21
2020-12-18,San Bernardino,071,2135413,173727,154272,4401,158673,1430
2020-12-18,San Diego,073,3302833,136809,120463,5935,126398,1253
2020-12-18,San Francisco,075,870044,21606,20315,186,20501,173
2020-12-18,San Joaquin,077,732212,41131,36484,1174,37658,559
2020-12-18,San Luis Obispo,079,281455,9604,8598,209,8807,62
2020-12-18,San Mateo,081,765935,22640,19971,61,20032,182
2020-12-18,Santa Barbara,083,443738,15612,14361,381,14742,148
2020-12-18,Santa Clara,085,1922200,61783,53992,236,54228,539
2020-12-18,Santa Cruz,087,273765,7985,6838,217,7055,68
2020-12-18,Shasta,089,179085,7571,7114,570,7684,62
2020-12-18,Sierra,091,2930,24,23,0,23,0
2020-12-18,Siskiyou,093,43540,948,840,85,925,2
2020-12-18,Solano,095,438530,16785,14667,155,14822,95
2020-12-18,Sonoma,097,501317,17520,16261,98,16359,173
2020-12-18,Stanislaus,099,539301,31790,28967,2601,31568,490
2020-12-18,Sutter,101,95872,5890,5399,41,5440,39
2020-12-18,Tehama,103,63373,2710,2523,212,2735,9
2020-12-18,Trinity,105,12862,394,215,53,268,2
2020-12-18,Tulare,107,460477,30854,28322,3060,31382,370
2020-12-18,Tuolumne,109,53932,2496,2067,8,2075,12
2020-12-18,Ventura,111,848112,34428,29907,1313,31220,209
2020-12-18,Yolo,113,214977,7720,6901,45,6946,109
2020-12-18,Yuba,115,75493,3440,3097,34,3131,11
2020-12-17,Alameda,001,1643700,45968,41548,733,42281,508
2020-12-17,Alpine,003,1148,65,64,0,64,0
2020-12-17,Amador,005,37829,2079,1703,13,1716,19
2020-12-17,Butte,007,227075,6612,5746,633,6379,78
2020-12-17,Calaveras,009,45235,959,848,0,848,21
2020-12-17,Colusa,011,21464,1155,1053,48,1101,7
2020-12-17,Contra Costa,013,1133247,35921,33006,356,33362,293
2020-12-17,Del Norte,015,27424,678,583,0,583,1
2020-12-17,El Dorado,017,186661,5246,4327,183,4510,9
2020-12-17,Fresno,019,978130,61024,49918,3559,53477,597
2020-12-17,Glenn,021,27897,1360,1244,185,1429,9
2020-12-17,Humboldt,023,135768,1484,1322,6,1328,14
2020-12-17,Imperial,025,180216,21470,20208,775,20983,391
2020-12-17,Inyo,027,18085,539,450,6,456,16
2020-12-17,Kern,029,883053,58910,53683,3707,57390,526
2020-12-17,Kings,031,150075,15124,14057,429,14486,98
2020-12-17,Lake,033,64148,1620,1374,0,1374,20
2020-12-17,Lassen,035,31185,3887,3417,35,3452,1
2020-12-17,Los Angeles,037,10098052,641132,571093,15234,586327,8657
2020-12-17,Madera,039,155013,9452,8465,320,8785,62
2020-12-17,Marin,041,260295,9194,8721,58,8779,142
2020-12-17,Mariposa,043,17540,200,172,2,174,3
2020-12-17,Mendocino,045,87422,2164,1942,20,1962,23
2020-12-17,Merced,047,269075,17028,15648,257,15905,192
2020-12-17,Modoc,049,8938,216,179,66,245,0
2020-12-17,Mono,051,14174,800,718,12,730,3
2020-12-17,Monterey,053,433212,24114,21951,554,22505,163
2020-12-17,Napa,055,140530,5126,4612,24,4636,23
2020-12-17,Nevada,057,99092,2435,2173,74,2247,13
2020-12-17,Orange,059,3164182,135166,118367,4799,123166,1725
2020-12-17,Placer,061,380077,12510,10756,417,11173,99
2020-12-17,Plumas,063,18699,413,324,8,332,0
2020-12-17,Riverside,065,2383286,155253,139325,5943,145268,1696
2020-12-17,Sacramento,067,1510023,58223,53189,440,53629,721
2020-12-17,San Benito,069,59416,3051,2645,22,2667,20
2020-12-17,San Bernardino,071,2135413,169788,149838,4284,154122,1425
2020-12-17,San Diego,073,3302833,134008,116852,5779,122631,1239
2020-12-17,San Francisco,075,870044,21319,19939,181,20120,170
2020-12-17,San Joaquin,077,732212,40404,35894,1138,37032,554
2020-12-17,San Luis Obispo,079,281455,9484,8365,207,8572,59
2020-12-17,San Mateo,081,765935,22270,19647,61,19708,181
2020-12-17,Santa Barbara,083,443738,15379,14207,374,14581,147
2020-12-17,Santa Clara,085,1922200,60616,52559,230,52789,527
2020-12-17,Santa Cruz,087,273765,7830,6687,204,6891,64
2020-12-17,Shasta,089,179085,7494,7000,551,7551,62
2020-12-17,Sierra,091,2930,23,23,0,23,0
2020-12-17,Siskiyou,093,43540,941,827,84,911,2
2020-12-17,Solano,095,438530,16479,14361,153,14514,96
2020-12-17,Sonoma,097,501317,17248,15993,97,16090,171
2020-12-17,Stanislaus,099,539301,31365,28582,2542,31124,489
2020-12-17,Sutter,101,95872,5791,5309,40,5349,39
2020-12-17,Tehama,103,63373,2662,2480,206,2686,9
2020-12-17,Trinity,105,12862,389,213,53,266,2
2020-12-17,Tulare,107,460477,30460,27852,2982,30834,358
2020-12-17,Tuolumne,109,53932,2205,1992,8,2000,11
2020-12-17,Ventura,111,848112,33818,29404,1276,30680,208
2020-12-17,Yolo,113,214977,7595,6800,44,6844,105
2020-12-17,Yuba,115,75493,3381,3035,32,3067,12
2020-12-16,Alameda,001,1643700,45115,40751,708,41459,497
2020-12-16,Alpine,003,1148,65,64,0,64,0
2020-12-16,Amador,005,37829,2032,1693,12,1705,19
2020-12-16,Butte,007,227075,6423,5659,605,6264,76
2020-12-16,Calaveras,009,45235,924,821,0,821,21
2020-12-16,Colusa,011,21464,1142,1038,44,1082,7
2020-12-16,Contra Costa,013,1133247,35364,32429,336,32765,293
2020-12-16,Del Norte,015,27424,676,575,0,575,1
2020-12-16,El Dorado,017,186661,5125,4237,174,4411,9
2020-12-16,Fresno,019,978130,60066,49173,3463,52636,584
2020-12-16,Glenn,021,27897,1342,1236,174,1410,9
2020-12-16,Humboldt,023,135768,1452,1308,5,1313,12
2020-12-16,Imperial,025,180216,21287,19980,709,20689,388
2020-12-16,Inyo,027,18085,526,444,6,450,16
2020-12-16,Kern,029,883053,58033,52896,3575,56471,522
2020-12-16,Kings,031,150075,14944,13734,412,14146,99
2020-12-16,Lake,033,64148,1580,1363,0,1363,20
2020-12-16,Lassen,035,31185,3854,3396,34,3430,1
2020-12-16,Los Angeles,037,10098052,624610,557907,14545,572452,8561
2020-12-16,Madera,039,155013,9327,8278,312,8590,62
2020-12-16,Marin,041,260295,9123,8641,58,8699,142
2020-12-16,Mariposa,043,17540,197,175,2,177,3
2020-12-16,Mendocino,045,87422,2129,1929,20,1949,23
2020-12-16,Merced,047,269075,16742,15443,253,15696,190
2020-12-16,Modoc,049,8938,213,178,66,244,0
2020-12-16,Mono,051,14174,781,702,12,714,3
2020-12-16,Monterey,053,433212,23555,21107,543,21650,163
2020-12-16,Napa,055,140530,5029,4544,24,4568,23
2020-12-16,Nevada,057,99092,2399,2149,72,2221,13
2020-12-16,Orange,059,3164182,131689,115260,4632,119892,1712
2020-12-16,Placer,061,380077,12273,10554,396,10950,96
2020-12-16,Plumas,063,18699,404,319,8,327,0
2020-12-16,Riverside,065,2383286,151128,135751,5694,141445,1664
2020-12-16,Sacramento,067,1510023,57249,52166,415,52581,715
2020-12-16,San Benito,069,59416,2960,2582,22,2604,20
2020-12-16,San Bernardino,071,2135413,165181,143565,4149,147714,1403
2020-12-16,San Diego,073,3302833,130904,114248,5625,119873,1217
2020-12-16,San Francisco,075,870044,21060,19624,181,19805,170
2020-12-16,San Joaquin,077,732212,39578,35010,1098,36108,547
2020-12-16,San Luis Obispo,079,281455,9289,8252,198,8450,58
2020-12-16,San Mateo,081,765935,21944,19292,57,19349,179
2020-12-16,Santa Barbara,083,443738,15128,13966,362,14328,144
2020-12-16,Santa Clara,085,1922200,59373,51502,227,51729,523
2020-12-16,Santa Cruz,087,273765,7646,6536,193,6729,63
2020-12-16,Shasta,089,179085,7421,6914,529,7443,62
2020-12-16,Sierra,091,2930,23,23,0,23,0
2020-12-16,Siskiyou,093,43540,933,818,84,902,2
2020-12-16,Solano,095,438530,16012,14157,149,14306,96
2020-12-16,Sonoma,097,501317,16992,15768,97,15865,170
2020-12-16,Stanislaus,099,539301,30864,28279,2469,30748,489
2020-12-16,Sutter,101,95872,5711,5223,40,5263,39
2020-12-16,Tehama,103,63373,2629,2441,181,2622,9
2020-12-16,Trinity,105,12862,383,212,53,265,2
2020-12-16,Tulare,107,460477,30037,27500,2882,30382,352
2020-12-16,Tuolumne,109,53932,2162,1941,8,1949,11
2020-12-16,Ventura,111,848112,33044,28566,1233,29799,203
2020-12-16,Yolo,113,214977,7467,6649,43,6692,103
2020-12-16,Yuba,115,75493,3295,2980,31,3011,11
2020-12-15,Alameda,001,1643700,44259,40026,686,40712,492
2020-12-15,Alpine,003,1148,65,64,0,64,0
2020-12-15,Amador,005,37829,1919,1669,10,1679,19
2020-12-15,Butte,007,227075,6285,5565,576,6141,75
2020-12-15,Calaveras,009,45235,892,799,0,799,21
2020-12-15,Colusa,011,21464,1129,1026,43,1069,7
2020-12-15,Contra Costa,013,1133247,34706,31423,322,31745,281
2020-12-15,Del Norte,015,27424,665,564,0,564,1
2020-12-15,El Dorado,017,186661,5017,4113,160,4273,9
2020-12-15,Fresno,019,978130,58693,47316,3329,50645,574
2020-12-15,Glenn,021,27897,1329,1207,158,1365,9
2020-12-15,Humboldt,023,135768,1432,1276,5,1281,12
2020-12-15,Imperial,025,180216,21064,19756,630,20386,380
2020-12-15,Inyo,027,18085,513,394,6,400,16
2020-12-15,Kern,029,883053,57021,52002,3472,55474,511
2020-12-15,Kings,031,150075,14780,13652,393,14045,97
2020-12-15,Lake,033,64148,1555,1341,0,1341,21
2020-12-15,Lassen,035,31185,3682,3378,33,3411,1
2020-12-15,Los Angeles,037,10098052,608235,536258,13899,550157,8429
2020-12-15,Madera,039,155013,9173,8118,305,8423,60
2020-12-15,Marin,041,260295,9015,8528,56,8584,141
2020-12-15,Mariposa,043,17540,193,171,2,173,3
2020-12-15,Mendocino,045,87422,2102,1883,20,1903,24
2020-12-15,Merced,047,269075,16444,15120,249,15369,190
2020-12-15,Modoc,049,8938,211,179,66,245,0
2020-12-15,Mono,051,14174,765,702,12,714,3
2020-12-15,Monterey,053,433212,22957,19905,482,20387,161
2020-12-15,Napa,055,140530,4926,4440,24,4464,23
2020-12-15,Nevada,057,99092,2366,2117,70,2187,11
2020-12-15,Orange,059,3164182,128034,112893,4479,117372,1689
2020-12-15,Placer,061,380077,12039,10301,374,10675,95
2020-12-15,Plumas,063,18699,399,313,8,321,0
2020-12-15,Riverside,065,2383286,147070,131822,5415,137237,1624
2020-12-15,Sacramento,067,1510023,56231,51076,402,51478,703
2020-12-15,San Benito,069,59416,2881,2520,21,2541,19
2020-12-15,San Bernardino,071,2135413,160722,137548,3998,141546,1351
2020-12-15,San Diego,073,3302833,127338,111441,5462,116903,1194
2020-12-15,San Francisco,075,870044,20750,19283,178,19461,171
2020-12-15,San Joaquin,077,732212,38654,33849,1061,34910,537
2020-12-15,San Luis Obispo,079,281455,9180,8074,195,8269,55
2020-12-15,San Mateo,081,765935,21534,18907,55,18962,178
2020-12-15,Santa Barbara,083,443738,14901,13782,354,14136,144
2020-12-15,Santa Clara,085,1922200,57938,50311,224,50535,505
2020-12-15,Santa Cruz,087,273765,7461,6361,179,6540,59
2020-12-15,Shasta,089,179085,7362,6794,504,7298,54
2020-12-15,Sierra,091,2930,23,23,0,23,0
2020-12-15,Siskiyou,093,43540,924,812,83,895,2
2020-12-15,Solano,095,438530,15662,13796,149,13945,95
2020-12-15,Sonoma,097,501317,16771,15406,97,15503,167
2020-12-15,Stanislaus,099,539301,30351,27823,2388,30211,485
2020-12-15,Sutter,101,95872,5613,5080,39,5119,36
2020-12-15,Tehama,103,63373,2591,2392,175,2567,9
2020-12-15,Trinity,105,12862,375,213,51,264,1
2020-12-15,Tulare,107,460477,29548,27026,2792,29818,342
2020-12-15,Tuolumne,109,53932,2132,1874,8,1882,8
2020-12-15,Ventura,111,848112,32422,27936,1186,29122,201
2020-12-15,Yolo,113,214977,7344,6531,41,6572,104
2020-12-15,Yuba,115,75493,3201,2891,30,2921,11
2020-12-14,Alameda,001,1643700,43360,39252,667,39919,487
2020-12-14,Alpine,003,1148,65,63,0,63,0
2020-12-14,Amador,005,37829,1847,1609,10,1619,19
2020-12-14,Butte,007,227075,6117,5202,559,5761,75
2020-12-14,Calaveras,009,45235,854,718,0,718,21
2020-12-14,Colusa,011,21464,1105,949,42,991,7
2020-12-14,Contra Costa,013,1133247,34007,30594,308,30902,281
2020-12-14,Del Norte,015,27424,659,560,0,560,1
2020-12-14,El Dorado,017,186661,4861,4018,144,4162,9
2020-12-14,Fresno,019,978130,57669,44726,3149,47875,560
2020-12-14,Glenn,021,27897,1303,1186,150,1336,9
2020-12-14,Humboldt,023,135768,1419,1256,5,1261,9
2020-12-14,Imperial,025,180216,20826,19608,552,20160,379
2020-12-14,Inyo,027,18085,499,382,6,388,16
2020-12-14,Kern,029,883053,55984,50538,3351,53889,510
2020-12-14,Kings,031,150075,14595,13491,366,13857,97
2020-12-14,Lake,033,64148,1506,1301,0,1301,21
2020-12-14,Lassen,035,31185,3584,2905,30,2935,1
2020-12-14,Los Angeles,037,10098052,590612,524668,13254,537922,8340
2020-12-14,Madera,039,155013,8906,8011,296,8307,60
2020-12-14,Marin,041,260295,8932,8475,55,8530,141
2020-12-14,Mariposa,043,17540,192,171,2,173,3
2020-12-14,Mendocino,045,87422,2081,1845,20,1865,24
2020-12-14,Merced,047,269075,16036,14572,235,14807,189
2020-12-14,Modoc,049,8938,205,180,64,244,0
2020-12-14,Mono,051,14174,757,685,12,697,3
2020-12-14,Monterey,053,433212,22435,19154,476,19630,155
2020-12-14,Napa,055,140530,4833,4289,24,4313,22
2020-12-14,Nevada,057,99092,2327,2070,67,2137,11
2020-12-14,Orange,059,3164182,124144,108602,4343,112945,1688
2020-12-14,Placer,061,380077,11758,9551,363,9914,95
2020-12-14,Plumas,063,18699,387,309,8,317,0
2020-12-14,Riverside,065,2383286,142940,123715,5153,128868,1588
2020-12-14,Sacramento,067,1510023,55125,50304,377,50681,691
2020-12-14,San Benito,069,59416,2815,2467,20,2487,19
2020-12-14,San Bernardino,071,2135413,156276,129151,3870,133021,1347
2020-12-14,San Diego,073,3302833,123602,109578,5277,114855,1162
2020-12-14,San Francisco,075,870044,20373,18904,176,19080,171
2020-12-14,San Joaquin,077,732212,37810,32522,1015,33537,534
2020-12-14,San Luis Obispo,079,281455,8934,7791,191,7982,52
2020-12-14,San Mateo,081,765935,21036,18361,52,18413,178
2020-12-14,Santa Barbara,083,443738,14628,13587,346,13933,144
2020-12-14,Santa Clara,085,1922200,56377,49180,212,49392,502
2020-12-14,Santa Cruz,087,273765,7275,6049,164,6213,54
2020-12-14,Shasta,089,179085,7273,6665,485,7150,54
2020-12-14,Sierra,091,2930,23,21,0,21,0
2020-12-14,Siskiyou,093,43540,901,764,77,841,2
2020-12-14,Solano,095,438530,15300,13352,148,13500,93
2020-12-14,Sonoma,097,501317,16464,14807,96,14903,167
2020-12-14,Stanislaus,099,539301,29817,27311,2339,29650,485
2020-12-14,Sutter,101,95872,5509,5001,32,5033,35
2020-12-14,Tehama,103,63373,2548,2344,172,2516,9
2020-12-14,Trinity,105,12862,371,205,49,254,1
2020-12-14,Tulare,107,460477,29075,25735,2701,28436,341
2020-12-14,Tuolumne,109,53932,2079,1647,8,1655,8
2020-12-14,Ventura,111,848112,31499,27436,1127,28563,202
2020-12-14,Yolo,113,214977,7183,6389,40,6429,95
2020-12-14,Yuba,115,75493,3139,2851,30,2881,11
2020-12-13,Alameda,001,1643700,42163,38064,642,38706,486
2020-12-13,Alpine,003,1148,65,63,0,63,0
2020-12-13,Amador,005,37829,1791,1457,9,1466,19
2020-12-13,Butte,007,227075,5969,5103,518,5621,75
2020-12-13,Calaveras,009,45235,818,710,0,710,21
2020-12-13,Colusa,011,21464,1089,945,39,984,7
2020-12-13,Contra Costa,013,1133247,33279,29667,302,29969,281
2020-12-13,Del Norte,015,27424,606,542,0,542,1
2020-12-13,El Dorado,017,186661,4760,3770,133,3903,9
2020-12-13,Fresno,019,978130,56562,44114,2990,47104,559
2020-12-13,Glenn,021,27897,1290,1171,139,1310,9
2020-12-13,Humboldt,023,135768,1396,1238,4,1242,9
2020-12-13,Imperial,025,180216,20535,19472,429,19901,379
2020-12-13,Inyo,027,18085,478,380,6,386,16
2020-12-13,Kern,029,883053,54953,49051,3197,52248,510
2020-12-13,Kings,031,150075,14315,13357,348,13705,97
2020-12-13,Lake,033,64148,1463,1271,0,1271,21
2020-12-13,Lassen,035,31185,3477,2867,25,2892,1
2020-12-13,Los Angeles,037,10098052,573002,517472,12547,530019,8294
2020-12-13,Madera,039,155013,8724,7909,282,8191,60
2020-12-13,Marin,041,260295,8812,8409,55,8464,141
2020-12-13,Mariposa,043,17540,188,167,2,169,3
2020-12-13,Mendocino,045,87422,2047,1793,20,1813,24
2020-12-13,Merced,047,269075,15685,14384,232,14616,189
2020-12-13,Modoc,049,8938,192,179,58,237,0
2020-12-13,Mono,051,14174,741,675,12,687,3
2020-12-13,Monterey,053,433212,22013,18913,462,19375,153
2020-12-13,Napa,055,140530,4727,4194,24,4218,22
2020-12-13,Nevada,057,99092,2279,2030,65,2095,11
2020-12-13,Orange,059,3164182,120212,104768,4169,108937,1688
2020-12-13,Placer,061,380077,11443,9405,345,9750,95
2020-12-13,Plumas,063,18699,381,291,8,299,0
2020-12-13,Riverside,065,2383286,138810,119691,4890,124581,1581
2020-12-13,Sacramento,067,1510023,53856,49480,348,49828,682
2020-12-13,San Benito,069,59416,2745,2408,19,2427,19
2020-12-13,San Bernardino,071,2135413,151377,126718,3708,130426,1333
2020-12-13,San Diego,073,3302833,120002,107372,5108,112480,1162
2020-12-13,San Francisco,075,870044,20028,18686,167,18853,167
2020-12-13,San Joaquin,077,732212,37006,32170,975,33145,534
2020-12-13,San Luis Obispo,079,281455,8744,7625,183,7808,52
2020-12-13,San Mateo,081,765935,20545,18090,46,18136,177
2020-12-13,Santa Barbara,083,443738,14358,13249,331,13580,144
2020-12-13,Santa Clara,085,1922200,54949,47920,203,48123,499
2020-12-13,Santa Cruz,087,273765,7026,5986,153,6139,54
2020-12-13,Shasta,089,179085,7199,6647,459,7106,54
2020-12-13,Sierra,091,2930,23,21,0,21,0
2020-12-13,Siskiyou,093,43540,889,762,72,834,2
2020-12-13,Solano,095,438530,14862,13276,145,13421,93
2020-12-13,Sonoma,097,501317,16150,14495,95,14590,167
2020-12-13,Stanislaus,099,539301,29252,26569,2277,28846,485
2020-12-13,Sutter,101,95872,5382,4798,28,4826,34
2020-12-13,Tehama,103,63373,2503,2325,157,2482,9
2020-12-13,Trinity,105,12862,365,204,49,253,1
2020-12-13,Tulare,107,460477,28585,25496,2614,28110,340
2020-12-13,Tuolumne,109,53932,2017,1611,8,1619,8
2020-12-13,Ventura,111,848112,30496,26588,1064,27652,202
2020-12-13,Yolo,113,214977,7000,6265,34,6299,95
2020-12-13,Yuba,115,75493,3074,2754,27,2781,11
2020-12-12,Alameda,001,1643700,41719,37027,622,37649,486
2020-12-12,Alpine,003,1148,65,63,0,63,0
2020-12-12,Amador,005,37829,1763,1236,8,1244,19
2020-12-12,Butte,007,227075,5896,4972,506,5478,73
2020-12-12,Calaveras,009,45235,808,708,0,708,21
2020-12-12,Colusa,011,21464,1069,945,37,982,7
2020-12-12,Contra Costa,013,1133247,32935,29506,293,29799,281
2020-12-12,Del Norte,015,27424,598,529,0,529,1
2020-12-12,El Dorado,017,186661,4685,3706,116,3822,9
2020-12-12,Fresno,019,978130,56211,43756,2930,46686,559
2020-12-12,Glenn,021,27897,1282,1143,135,1278,8
2020-12-12,Humboldt,023,135768,1377,1208,4,1212,9
2020-12-12,Imperial,025,180216,20449,18947,371,19318,379
2020-12-12,Inyo,027,18085,474,380,6,386,16
2020-12-12,Kern,029,883053,54433,48194,3109,51303,507
2020-12-12,Kings,031,150075,14226,13205,344,13549,96
2020-12-12,Lake,033,64148,1447,1232,0,1232,21
2020-12-12,Lassen,035,31185,3454,2866,22,2888,1
2020-12-12,Los Angeles,037,10098052,566202,504317,12039,516356,8269
2020-12-12,Madera,039,155013,8597,7765,279,8044,59
2020-12-12,Marin,041,260295,8758,8363,54,8417,141
2020-12-12,Mariposa,043,17540,187,164,2,166,3
2020-12-12,Mendocino,045,87422,2011,1771,20,1791,24
2020-12-12,Merced,047,269075,15594,14181,228,14409,188
2020-12-12,Modoc,049,8938,191,169,55,224,0
2020-12-12,Mono,051,14174,734,640,12,652,3
2020-12-12,Monterey,053,433212,21902,18596,433,19029,151
2020-12-12,Napa,055,140530,4682,4113,24,4137,22
2020-12-12,Nevada,057,99092,2261,1981,63,2044,10
2020-12-12,Orange,059,3164182,118328,100468,4021,104489,1674
2020-12-12,Placer,061,380077,11278,9390,340,9730,95
2020-12-12,Plumas,063,18699,375,291,8,299,0
2020-12-12,Riverside,065,2383286,136753,118335,4685,123020,1579
2020-12-12,Sacramento,067,1510023,53272,48319,335,48654,673
2020-12-12,San Benito,069,59416,2689,2355,19,2374,19
2020-12-12,San Bernardino,071,2135413,149747,125741,3606,129347,1321
2020-12-12,San Diego,073,3302833,118381,104958,5011,109969,1151
2020-12-12,San Francisco,075,870044,19838,18413,163,18576,167
2020-12-12,San Joaquin,077,732212,36679,32200,944,33144,534
2020-12-12,San Luis Obispo,079,281455,8645,7462,177,7639,50
2020-12-12,San Mateo,081,765935,20324,17574,45,17619,177
2020-12-12,Santa Barbara,083,443738,14206,13174,323,13497,144
2020-12-12,Santa Clara,085,1922200,53999,45892,200,46092,498
2020-12-12,Santa Cruz,087,273765,6928,5905,144,6049,54
2020-12-12,Shasta,089,179085,7165,6551,441,6992,54
2020-12-12,Sierra,091,2930,23,21,0,21,0
2020-12-12,Siskiyou,093,43540,887,762,69,831,2
2020-12-12,Solano,095,438530,14664,12748,138,12886,93
2020-12-12,Sonoma,097,501317,16029,14466,95,14561,166
2020-12-12,Stanislaus,099,539301,28951,26246,2225,28471,483
2020-12-12,Sutter,101,95872,5320,4717,28,4745,32
2020-12-12,Tehama,103,63373,2485,2252,151,2403,9
2020-12-12,Trinity,105,12862,363,204,47,251,1
2020-12-12,Tulare,107,460477,28326,25333,2556,27889,341
2020-12-12,Tuolumne,109,53932,1974,1536,8,1544,8
2020-12-12,Ventura,111,848112,30052,25955,1031,26986,202
2020-12-12,Yolo,113,214977,6918,6116,32,6148,95
2020-12-12,Yuba,115,75493,3047,2692,26,2718,10
2020-12-11,Alameda,001,1643700,41152,36281,610,36891,482
2020-12-11,Alpine,003,1148,65,63,0,63,0
2020-12-11,Amador,005,37829,1747,1213,8,1221,19
2020-12-11,Butte,007,227075,5823,4941,488,5429,73
2020-12-11,Calaveras,009,45235,792,697,0,697,21
2020-12-11,Colusa,011,21464,1059,923,35,958,7
2020-12-11,Contra Costa,013,1133247,32512,29036,289,29325,282
2020-12-11,Del Norte,015,27424,592,505,0,505,1
2020-12-11,El Dorado,017,186661,4604,3669,101,3770,9
2020-12-11,Fresno,019,978130,55199,43071,2864,45935,550
2020-12-11,Glenn,021,27897,1266,1135,130,1265,8
2020-12-11,Humboldt,023,135768,1359,1190,4,1194,9
2020-12-11,Imperial,025,180216,20360,18599,327,18926,377
2020-12-11,Inyo,027,18085,462,372,6,378,16
2020-12-11,Kern,029,883053,53755,47664,3047,50711,502
2020-12-11,Kings,031,150075,14082,13118,340,13458,94
2020-12-11,Lake,033,64148,1434,1205,0,1205,21
2020-12-11,Lassen,035,31185,3442,2790,21,2811,1
2020-12-11,Los Angeles,037,10098052,554399,493592,11627,505219,8198
2020-12-11,Madera,039,155013,8506,7648,269,7917,59
2020-12-11,Marin,041,260295,8664,8317,53,8370,141
2020-12-11,Mariposa,043,17540,186,164,2,166,3
2020-12-11,Mendocino,045,87422,1987,1769,20,1789,24
2020-12-11,Merced,047,269075,15474,14038,220,14258,186
2020-12-11,Modoc,049,8938,191,168,54,222,0
2020-12-11,Mono,051,14174,724,631,12,643,3
2020-12-11,Monterey,053,433212,21601,18421,428,18849,150
2020-12-11,Napa,055,140530,4627,4054,24,4078,22
2020-12-11,Nevada,057,99092,2244,1959,60,2019,10
2020-12-11,Orange,059,3164182,116018,98357,3919,102276,1656
2020-12-11,Placer,061,380077,11116,8904,324,9228,93
2020-12-11,Plumas,063,18699,367,286,8,294,0
2020-12-11,Riverside,065,2383286,133685,115329,4465,119794,1573
2020-12-11,Sacramento,067,1510023,52610,47468,327,47795,669
2020-12-11,San Benito,069,59416,2638,2319,19,2338,19
2020-12-11,San Bernardino,071,2135413,147056,123092,3490,126582,1313
2020-12-11,San Diego,073,3302833,116421,102468,4928,107396,1137
2020-12-11,San Francisco,075,870044,19608,18246,162,18408,165
2020-12-11,San Joaquin,077,732212,36333,32044,916,32960,534
2020-12-11,San Luis Obispo,079,281455,8484,7415,175,7590,49
2020-12-11,San Mateo,081,765935,20053,17240,34,17274,177
2020-12-11,Santa Barbara,083,443738,14063,12997,315,13312,144
2020-12-11,Santa Clara,085,1922200,52995,45101,191,45292,494
2020-12-11,Santa Cruz,087,273765,6815,5764,135,5899,50
2020-12-11,Shasta,089,179085,7120,6459,434,6893,54
2020-12-11,Sierra,091,2930,23,19,0,19,0
2020-12-11,Siskiyou,093,43540,880,753,66,819,2
2020-12-11,Solano,095,438530,14478,12554,134,12688,92
2020-12-11,Sonoma,097,501317,15862,14298,93,14391,166
2020-12-11,Stanislaus,099,539301,28683,25928,2182,28110,464
2020-12-11,Sutter,101,95872,5257,4600,27,4627,30
2020-12-11,Tehama,103,63373,2454,2232,147,2379,9
2020-12-11,Trinity,105,12862,360,204,47,251,1
2020-12-11,Tulare,107,460477,27966,24953,2509,27462,338
2020-12-11,Tuolumne,109,53932,1960,1510,8,1518,8
2020-12-11,Ventura,111,848112,29446,24999,1009,26008,202
2020-12-11,Yolo,113,214977,6812,6006,31,6037,95
2020-12-11,Yuba,115,75493,2987,2649,25,2674,10
2020-12-10,Alameda,001,1643700,40382,35686,588,36274,477
2020-12-10,Alpine,003,1148,65,63,0,63,0
2020-12-10,Amador,005,37829,1690,1191,8,1199,18
2020-12-10,Butte,007,227075,5707,4863,461,5324,72
2020-12-10,Calaveras,009,45235,774,684,0,684,21
2020-12-10,Colusa,011,21464,1036,909,32,941,7
2020-12-10,Contra Costa,013,1133247,31831,28413,283,28696,276
2020-12-10,Del Norte,015,27424,582,501,0,501,1
2020-12-10,El Dorado,017,186661,4486,3557,96,3653,9
2020-12-10,Fresno,019,978130,54220,42461,2721,45182,540
2020-12-10,Glenn,021,27897,1246,1126,121,1247,8
2020-12-10,Humboldt,023,135768,1339,1140,4,1144,9
2020-12-10,Imperial,025,180216,20144,18333,250,18583,370
2020-12-10,Inyo,027,18085,441,365,6,371,15
2020-12-10,Kern,029,883053,52771,47176,2881,50057,499
2020-12-10,Kings,031,150075,13924,12993,334,13327,92
2020-12-10,Lake,033,64148,1393,1167,0,1167,21
2020-12-10,Lassen,035,31185,3420,2764,17,2781,0
2020-12-10,Los Angeles,037,10098052,540432,480354,11090,491444,8149
2020-12-10,Madera,039,155013,8400,7445,254,7699,59
2020-12-10,Marin,041,260295,8611,8245,52,8297,140
2020-12-10,Mariposa,043,17540,185,160,2,162,3
2020-12-10,Mendocino,045,87422,1961,1748,17,1765,24
2020-12-10,Merced,047,269075,15228,13756,217,13973,186
2020-12-10,Modoc,049,8938,186,165,52,217,0
2020-12-10,Mono,051,14174,719,601,12,613,3
2020-12-10,Monterey,053,433212,21120,18266,418,18684,145
2020-12-10,Napa,055,140530,4541,3974,23,3997,22
2020-12-10,Nevada,057,99092,2208,1919,60,1979,10
2020-12-10,Orange,059,3164182,112921,95297,3757,99054,1651
2020-12-10,Placer,061,380077,10863,8906,306,9212,90
2020-12-10,Plumas,063,18699,356,281,8,289,0
2020-12-10,Riverside,065,2383286,129998,112794,4196,116990,1552
2020-12-10,Sacramento,067,1510023,51711,46471,306,46777,664
2020-12-10,San Benito,069,59416,2578,2268,18,2286,19
2020-12-10,San Bernardino,071,2135413,142823,120186,3316,123502,1306
2020-12-10,San Diego,073,3302833,113896,99601,4779,104380,1114
2020-12-10,San Francisco,075,870044,19296,17945,154,18099,164
2020-12-10,San Joaquin,077,732212,35698,31228,886,32114,534
2020-12-10,San Luis Obispo,079,281455,8321,7245,164,7409,49
2020-12-10,San Mateo,081,765935,19608,16701,24,16725,177
2020-12-10,Santa Barbara,083,443738,13884,12788,306,13094,143
2020-12-10,Santa Clara,085,1922200,51858,43939,176,44115,491
2020-12-10,Santa Cruz,087,273765,6648,5645,122,5767,48
2020-12-10,Shasta,089,179085,7052,6312,409,6721,53
2020-12-10,Sierra,091,2930,23,18,0,18,0
2020-12-10,Siskiyou,093,43540,870,712,65,777,2
2020-12-10,Solano,095,438530,14111,12017,128,12145,90
2020-12-10,Sonoma,097,501317,15607,14282,91,14373,167
2020-12-10,Stanislaus,099,539301,28220,25582,2113,27695,464
2020-12-10,Sutter,101,95872,5127,4528,25,4553,27
2020-12-10,Tehama,103,63373,2410,2190,137,2327,9
2020-12-10,Trinity,105,12862,356,202,45,247,1
2020-12-10,Tulare,107,460477,27510,24506,2443,26949,337
2020-12-10,Tuolumne,109,53932,1718,1451,8,1459,8
2020-12-10,Ventura,111,848112,28595,24075,965,25040,202
2020-12-10,Yolo,113,214977,6692,5896,30,5926,95
2020-12-10,Yuba,115,75493,2923,2604,24,2628,10
2020-12-09,Alameda,001,1643700,39541,35047,565,35612,470
2020-12-09,Alpine,003,1148,65,58,0,58,0
2020-12-09,Amador,005,37829,1647,1121,8,1129,19
2020-12-09,Butte,007,227075,5564,4733,441,5174,70
2020-12-09,Calaveras,009,45235,747,670,0,670,21
2020-12-09,Colusa,011,21464,1021,896,31,927,7
2020-12-09,Contra Costa,013,1133247,31125,28308,272,28580,273
2020-12-09,Del Norte,015,27424,569,481,0,481,2
2020-12-09,El Dorado,017,186661,4351,3449,88,3537,8
2020-12-09,Fresno,019,978130,53218,41954,2567,44521,533
2020-12-09,Glenn,021,27897,1232,1107,115,1222,8
2020-12-09,Humboldt,023,135768,1307,1086,4,1090,10
2020-12-09,Imperial,025,180216,19890,17757,214,17971,368
2020-12-09,Inyo,027,18085,428,356,6,362,15
2020-12-09,Kern,029,883053,51612,46379,2739,49118,494
2020-12-09,Kings,031,150075,13779,12716,326,13042,92
2020-12-09,Lake,033,64148,1366,1158,0,1158,20
2020-12-09,Lassen,035,31185,3351,2331,15,2346,0
2020-12-09,Los Angeles,037,10098052,526955,467971,10538,478509,8075
2020-12-09,Madera,039,155013,8287,7216,251,7467,59
2020-12-09,Marin,041,260295,8549,8182,51,8233,138
2020-12-09,Mariposa,043,17540,183,154,2,156,3
2020-12-09,Mendocino,045,87422,1935,1703,16,1719,24
2020-12-09,Merced,047,269075,14987,13588,210,13798,183
2020-12-09,Modoc,049,8938,181,146,43,189,0
2020-12-09,Mono,051,14174,707,601,12,613,3
2020-12-09,Monterey,053,433212,20719,17891,410,18301,143
2020-12-09,Napa,055,140530,4455,3858,22,3880,21
2020-12-09,Nevada,057,99092,2155,1864,60,1924,10
2020-12-09,Orange,059,3164182,109831,93763,3583,97346,1629
2020-12-09,Placer,061,380077,10601,8588,292,8880,85
2020-12-09,Plumas,063,18699,348,271,8,279,0
2020-12-09,Riverside,065,2383286,126300,110376,3989,114365,1543
2020-12-09,Sacramento,067,1510023,50648,45284,279,45563,659
2020-12-09,San Benito,069,59416,2505,2217,16,2233,19
2020-12-09,San Bernardino,071,2135413,138542,114516,3123,117639,1305
2020-12-09,San Diego,073,3302833,110916,97551,4640,102191,1103
2020-12-09,San Francisco,075,870044,18995,17628,153,17781,163
2020-12-09,San Joaquin,077,732212,34879,30539,861,31400,531
2020-12-09,San Luis Obispo,079,281455,8102,7105,156,7261,47
2020-12-09,San Mateo,081,765935,19157,16422,23,16445,175
2020-12-09,Santa Barbara,083,443738,13684,12630,296,12926,142
2020-12-09,Santa Clara,085,1922200,50709,42912,160,43072,489
2020-12-09,Santa Cruz,087,273765,6489,5527,107,5634,47
2020-12-09,Shasta,089,179085,6987,6105,395,6500,52
2020-12-09,Sierra,091,2930,23,18,0,18,0
2020-12-09,Siskiyou,093,43540,859,713,64,777,2
2020-12-09,Solano,095,438530,13763,11862,120,11982,90
2020-12-09,Sonoma,097,501317,15351,13994,88,14082,164
2020-12-09,Stanislaus,099,539301,27722,25157,2052,27209,463
2020-12-09,Sutter,101,95872,5009,4418,21,4439,24
2020-12-09,Tehama,103,63373,2374,2102,133,2235,9
2020-12-09,Trinity,105,12862,348,199,42,241,0
2020-12-09,Tulare,107,460477,26914,24124,2365,26489,334
2020-12-09,Tuolumne,109,53932,1685,1319,8,1327,8
2020-12-09,Ventura,111,848112,27732,23830,923,24753,201
2020-12-09,Yolo,113,214977,6567,5760,28,5788,95
2020-12-09,Yuba,115,75493,2855,2513,23,2536,10
2020-12-08,Alameda,001,1643700,38643,34373,549,34922,469
2020-12-08,Alpine,003,1148,64,53,0,53,0
2020-12-08,Amador,005,37829,1361,1043,8,1051,17
2020-12-08,Butte,007,227075,5406,4651,400,5051,70
2020-12-08,Calaveras,009,45235,723,657,0,657,21
2020-12-08,Colusa,011,21464,1005,875,30,905,6
2020-12-08,Contra Costa,013,1133247,30422,27926,255,28181,270
2020-12-08,Del Norte,015,27424,553,465,0,465,2
2020-12-08,El Dorado,017,186661,4227,3296,75,3371,8
2020-12-08,Fresno,019,978130,51955,41574,2411,43985,529
2020-12-08,Glenn,021,27897,1212,1094,107,1201,8
2020-12-08,Humboldt,023,135768,1281,1059,4,1063,10
2020-12-08,Imperial,025,180216,19374,17568,206,17774,363
2020-12-08,Inyo,027,18085,405,333,6,339,15
2020-12-08,Kern,029,883053,50318,45116,2582,47698,487
2020-12-08,Kings,031,150075,13625,12623,317,12940,90
2020-12-08,Lake,033,64148,1324,1127,0,1127,20
2020-12-08,Lassen,035,31185,3195,2165,15,2180,0
2020-12-08,Los Angeles,037,10098052,514267,459738,10054,469792,8004
2020-12-08,Madera,039,155013,8156,7082,238,7320,59
2020-12-08,Marin,041,260295,8469,8099,50,8149,137
2020-12-08,Mariposa,043,17540,179,150,2,152,2
2020-12-08,Mendocino,045,87422,1893,1666,16,1682,23
2020-12-08,Merced,047,269075,14675,13380,209,13589,181
2020-12-08,Modoc,049,8938,173,138,40,178,0
2020-12-08,Mono,051,14174,693,597,12,609,3
2020-12-08,Monterey,053,433212,20145,17752,403,18155,134
2020-12-08,Napa,055,140530,4368,3778,21,3799,22
2020-12-08,Nevada,057,99092,2101,1809,57,1866,11
2020-12-08,Orange,059,3164182,106610,91406,3418,94824,1629
2020-12-08,Placer,061,380077,10333,8224,287,8511,82
2020-12-08,Plumas,063,18699,338,258,8,266,0
2020-12-08,Riverside,065,2383286,122937,107620,3809,111429,1514
2020-12-08,Sacramento,067,1510023,49583,44635,264,44899,649
2020-12-08,San Benito,069,59416,2452,2180,16,2196,18
2020-12-08,San Bernardino,071,2135413,134192,110676,2997,113673,1301
2020-12-08,San Diego,073,3302833,107545,95447,4483,99930,1088
2020-12-08,San Francisco,075,870044,18685,17384,151,17535,162
2020-12-08,San Joaquin,077,732212,33984,30225,828,31053,530
2020-12-08,San Luis Obispo,079,281455,7973,6903,145,7048,45
2020-12-08,San Mateo,081,765935,18757,16305,23,16328,175
2020-12-08,Santa Barbara,083,443738,13500,12516,287,12803,141
2020-12-08,Santa Clara,085,1922200,49404,41309,151,41460,484
2020-12-08,Santa Cruz,087,273765,6311,5374,105,5479,45
2020-12-08,Shasta,089,179085,6878,5946,387,6333,50
2020-12-08,Sierra,091,2930,22,18,0,18,0
2020-12-08,Siskiyou,093,43540,845,704,62,766,2
2020-12-08,Solano,095,438530,13361,11669,118,11787,89
2020-12-08,Sonoma,097,501317,15092,13601,87,13688,164
2020-12-08,Stanislaus,099,539301,27232,24793,1987,26780,461
2020-12-08,Sutter,101,95872,4914,4342,20,4362,24
2020-12-08,Tehama,103,63373,2294,2057,125,2182,9
2020-12-08,Trinity,105,12862,339,198,41,239,0
2020-12-08,Tulare,107,460477,26309,23607,2304,25911,330
2020-12-08,Tuolumne,109,53932,1661,1264,8,1272,7
2020-12-08,Ventura,111,848112,27069,23665,880,24545,195
2020-12-08,Yolo,113,214977,6436,5560,28,5588,90
2020-12-08,Yuba,115,75493,2778,2477,23,2500,10
2020-12-07,Alameda,001,1643700,37777,33887,513,34400,466
2020-12-07,Alpine,003,1148,63,53,0,53,0
2020-12-07,Amador,005,37829,1286,993,7,1000,17
2020-12-07,Butte,007,227075,5271,4604,378,4982,67
2020-12-07,Calaveras,009,45235,691,606,0,606,21
2020-12-07,Colusa,011,21464,980,825,27,852,6
2020-12-07,Contra Costa,013,1133247,29808,27307,242,27549,270
2020-12-07,Del Norte,015,27424,541,424,0,424,2
2020-12-07,El Dorado,017,186661,4048,3275,68,3343,8
2020-12-07,Fresno,019,978130,50480,41098,2288,43386,526
2020-12-07,Glenn,021,27897,1193,1085,101,1186,8
2020-12-07,Humboldt,023,135768,1246,1023,4,1027,9
2020-12-07,Imperial,025,180216,18953,17234,194,17428,364
2020-12-07,Inyo,027,18085,390,333,6,339,15
2020-12-07,Kern,029,883053,49293,44409,2446,46855,486
2020-12-07,Kings,031,150075,13482,12412,307,12719,90
2020-12-07,Lake,033,64148,1297,1090,0,1090,20
2020-12-07,Lassen,035,31185,3098,2167,15,2182,0
2020-12-07,Los Angeles,037,10098052,500604,451052,9614,460666,7937
2020-12-07,Madera,039,155013,7891,6935,233,7168,59
2020-12-07,Marin,041,260295,8411,8049,49,8098,136
2020-12-07,Mariposa,043,17540,176,146,2,148,2
2020-12-07,Mendocino,045,87422,1857,1638,14,1652,23
2020-12-07,Merced,047,269075,14316,13250,199,13449,179
2020-12-07,Modoc,049,8938,166,128,37,165,0
2020-12-07,Mono,051,14174,680,590,12,602,3
2020-12-07,Monterey,053,433212,19664,17746,391,18137,132
2020-12-07,Napa,055,140530,4277,3684,21,3705,21
2020-12-07,Nevada,057,99092,2052,1777,56,1833,11
2020-12-07,Orange,059,3164182,103348,89793,3298,93091,1628
2020-12-07,Placer,061,380077,10006,7911,273,8184,82
2020-12-07,Plumas,063,18699,326,256,5,261,0
2020-12-07,Riverside,065,2383286,119738,102363,3626,105989,1491
2020-12-07,Sacramento,067,1510023,48488,43419,247,43666,638
2020-12-07,San Benito,069,59416,2401,2165,15,2180,18
2020-12-07,San Bernardino,071,2135413,130242,108161,2878,111039,1295
2020-12-07,San Diego,073,3302833,104756,94171,4302,98473,1062
2020-12-07,San Francisco,075,870044,18394,17220,144,17364,161
2020-12-07,San Joaquin,077,732212,33109,28188,801,28989,530
2020-12-07,San Luis Obispo,079,281455,7791,6782,138,6920,45
2020-12-07,San Mateo,081,765935,18316,16029,22,16051,175
2020-12-07,Santa Barbara,083,443738,13259,12362,277,12639,141
2020-12-07,Santa Clara,085,1922200,48017,40621,142,40763,484
2020-12-07,Santa Cruz,087,273765,6146,5152,99,5251,41
2020-12-07,Shasta,089,179085,6755,5742,372,6114,50
2020-12-07,Sierra,091,2930,20,18,0,18,0
2020-12-07,Siskiyou,093,43540,818,652,62,714,2
2020-12-07,Solano,095,438530,13021,11354,114,11468,89
2020-12-07,Sonoma,097,501317,14808,13376,87,13463,164
2020-12-07,Stanislaus,099,539301,26674,24479,1935,26414,454
2020-12-07,Sutter,101,95872,4773,4106,20,4126,24
2020-12-07,Tehama,103,63373,2240,2030,120,2150,9
2020-12-07,Trinity,105,12862,335,194,41,235,0
2020-12-07,Tulare,107,460477,25774,22760,2247,25007,328
2020-12-07,Tuolumne,109,53932,1576,1256,7,1263,7
2020-12-07,Ventura,111,848112,26482,23354,844,24198,191
2020-12-07,Yolo,113,214977,6272,5537,27,5564,90
2020-12-07,Yuba,115,75493,2710,2428,21,2449,10
2020-12-06,Alameda,001,1643700,36787,33477,493,33970,465
2020-12-06,Alpine,003,1148,59,53,0,53,0
2020-12-06,Amador,005,37829,1223,952,6,958,17
2020-12-06,Butte,007,227075,5118,4527,345,4872,67
2020-12-06,Calaveras,009,45235,672,606,0,606,21
2020-12-06,Colusa,011,21464,963,824,23,847,6
2020-12-06,Contra Costa,013,1133247,29202,26566,235,26801,270
2020-12-06,Del Norte,015,27424,486,414,0,414,2
2020-12-06,El Dorado,017,186661,3911,3086,63,3149,8
2020-12-06,Fresno,019,978130,49524,40869,2172,43041,526
2020-12-06,Glenn,021,27897,1183,1067,97,1164,8
2020-12-06,Humboldt,023,135768,1221,1004,4,1008,9
2020-12-06,Imperial,025,180216,18641,16922,185,17107,364
2020-12-06,Inyo,027,18085,377,333,6,339,15
2020-12-06,Kern,029,883053,48304,43899,2276,46175,486
2020-12-06,Kings,031,150075,13210,12056,290,12346,90
2020-12-06,Lake,033,64148,1259,1075,0,1075,20
2020-12-06,Lassen,035,31185,2993,2168,13,2181,0
2020-12-06,Los Angeles,037,10098052,487017,443230,9168,452398,7910
2020-12-06,Madera,039,155013,7719,6826,224,7050,59
2020-12-06,Marin,041,260295,8330,8013,47,8060,136
2020-12-06,Mariposa,043,17540,175,144,2,146,2
2020-12-06,Mendocino,045,87422,1817,1614,14,1628,23
2020-12-06,Merced,047,269075,13981,12928,190,13118,179
2020-12-06,Modoc,049,8938,153,125,29,154,0
2020-12-06,Mono,051,14174,658,586,10,596,3
2020-12-06,Monterey,053,433212,19045,17426,381,17807,130
2020-12-06,Napa,055,140530,4165,3644,21,3665,21
2020-12-06,Nevada,057,99092,1993,1710,53,1763,10
2020-12-06,Orange,059,3164182,100280,87737,3168,90905,1627
2020-12-06,Placer,061,380077,9725,7837,252,8089,82
2020-12-06,Plumas,063,18699,313,254,4,258,0
2020-12-06,Riverside,065,2383286,116644,100088,3402,103490,1482
2020-12-06,Sacramento,067,1510023,47248,42808,231,43039,638
2020-12-06,San Benito,069,59416,2364,2135,15,2150,18
2020-12-06,San Bernardino,071,2135413,126095,106927,2721,109648,1286
2020-12-06,San Diego,073,3302833,101724,92173,4148,96321,1062
2020-12-06,San Francisco,075,870044,18072,17107,137,17244,161
2020-12-06,San Joaquin,077,732212,32275,28188,772,28960,530
2020-12-06,San Luis Obispo,079,281455,7625,6723,133,6856,45
2020-12-06,San Mateo,081,765935,17811,15855,19,15874,175
2020-12-06,Santa Barbara,083,443738,13027,12252,268,12520,141
2020-12-06,Santa Clara,085,1922200,46642,39112,136,39248,482
2020-12-06,Santa Cruz,087,273765,5972,5069,93,5162,40
2020-12-06,Shasta,089,179085,6614,5743,351,6094,49
2020-12-06,Sierra,091,2930,20,17,0,17,0
2020-12-06,Siskiyou,093,43540,800,652,60,712,2
2020-12-06,Solano,095,438530,12734,11354,104,11458,88
2020-12-06,Sonoma,097,501317,14519,13238,86,13324,164
2020-12-06,Stanislaus,099,539301,26121,24036,1871,25907,454
2020-12-06,Sutter,101,95872,4657,4009,19,4028,21
2020-12-06,Tehama,103,63373,2181,1982,111,2093,9
2020-12-06,Trinity,105,12862,328,181,39,220,0
2020-12-06,Tulare,107,460477,25248,22756,2178,24934,327
2020-12-06,Tuolumne,109,53932,1480,1210,7,1217,7
2020-12-06,Ventura,111,848112,25940,23035,817,23852,191
2020-12-06,Yolo,113,214977,6111,5465,22,5487,90
2020-12-06,Yuba,115,75493,2666,2340,20,2360,10
2020-12-05,Alameda,001,1643700,36428,32781,482,33263,465
2020-12-05,Alpine,003,1148,58,53,0,53,0
2020-12-05,Amador,005,37829,1199,847,6,853,17
2020-12-05,Butte,007,227075,5050,4455,326,4781,66
2020-12-05,Calaveras,009,45235,660,606,0,606,21
2020-12-05,Colusa,011,21464,945,825,20,845,6
2020-12-05,Contra Costa,013,1133247,28910,26217,228,26445,270
2020-12-05,Del Norte,015,27424,480,408,0,408,2
2020-12-05,El Dorado,017,186661,3846,3061,58,3119,8
2020-12-05,Fresno,019,978130,49205,40568,2117,42685,525
2020-12-05,Glenn,021,27897,1170,1056,91,1147,8
2020-12-05,Humboldt,023,135768,1188,979,4,983,9
2020-12-05,Imperial,025,180216,18474,16544,183,16727,362
2020-12-05,Inyo,027,18085,372,332,6,338,15
2020-12-05,Kern,029,883053,47840,43332,2191,45523,484
2020-12-05,Kings,031,150075,13129,11898,287,12185,90
2020-12-05,Lake,033,64148,1233,1069,0,1069,20
2020-12-05,Lassen,035,31185,2802,2168,11,2179,0
2020-12-05,Los Angeles,037,10098052,481218,433120,8850,441970,7888
2020-12-05,Madera,039,155013,7626,6619,217,6836,59
2020-12-05,Marin,041,260295,8303,7961,47,8008,136
2020-12-05,Mariposa,043,17540,170,143,2,145,2
2020-12-05,Mendocino,045,87422,1778,1585,14,1599,23
2020-12-05,Merced,047,269075,13874,12747,179,12926,180
2020-12-05,Modoc,049,8938,153,118,28,146,0
2020-12-05,Mono,051,14174,653,554,10,564,3
2020-12-05,Monterey,053,433212,18899,17077,377,17454,127
2020-12-05,Napa,055,140530,4094,3565,21,3586,21
2020-12-05,Nevada,057,99092,1978,1642,51,1693,10
2020-12-05,Orange,059,3164182,98821,85735,3072,88807,1612
2020-12-05,Placer,061,380077,9605,7811,243,8054,78
2020-12-05,Plumas,063,18699,306,246,1,247,0
2020-12-05,Riverside,065,2383286,115032,98612,3224,101836,1477
2020-12-05,Sacramento,067,1510023,46580,41878,216,42094,625
2020-12-05,San Benito,069,59416,2320,2073,15,2088,18
2020-12-05,San Bernardino,071,2135413,124572,105382,2592,107974,1283
2020-12-05,San Diego,073,3302833,100372,90470,4067,94537,1055
2020-12-05,San Francisco,075,870044,17888,16786,133,16919,161
2020-12-05,San Joaquin,077,732212,32011,28105,739,28844,523
2020-12-05,San Luis Obispo,079,281455,7558,6623,130,6753,44
2020-12-05,San Mateo,081,765935,17553,15512,19,15531,175
2020-12-05,Santa Barbara,083,443738,12927,12107,262,12369,141
2020-12-05,Santa Clara,085,1922200,45902,38339,131,38470,474
2020-12-05,Santa Cruz,087,273765,5898,4997,91,5088,40
2020-12-05,Shasta,089,179085,6553,5653,340,5993,49
2020-12-05,Sierra,091,2930,20,17,0,17,0
2020-12-05,Siskiyou,093,43540,792,649,59,708,2
2020-12-05,Solano,095,438530,12565,11351,102,11453,87
2020-12-05,Sonoma,097,501317,14423,13137,86,13223,164
2020-12-05,Stanislaus,099,539301,25808,23662,1836,25498,454
2020-12-05,Sutter,101,95872,4592,3937,19,3956,20
2020-12-05,Tehama,103,63373,2165,1926,109,2035,9
2020-12-05,Trinity,105,12862,327,177,39,216,0
2020-12-05,Tulare,107,460477,25032,22660,2120,24780,324
2020-12-05,Tuolumne,109,53932,1423,1180,7,1187,7
2020-12-05,Ventura,111,848112,25569,22710,803,23513,191
2020-12-05,Yolo,113,214977,6034,5351,21,5372,90
2020-12-05,Yuba,115,75493,2629,2275,20,2295,10
2020-12-04,Alameda,001,1643700,35881,31871,469,32340,465
2020-12-04,Alpine,003,1148,58,53,0,53,0
2020-12-04,Amador,005,37829,1185,766,3,769,16
2020-12-04,Butte,007,227075,4978,4336,305,4641,65
2020-12-04,Calaveras,009,45235,655,585,0,585,21
2020-12-04,Colusa,011,21464,931,790,18,808,6
2020-12-04,Contra Costa,013,1133247,28565,25705,216,25921,264
2020-12-04,Del Norte,015,27424,469,401,0,401,2
2020-12-04,El Dorado,017,186661,3758,2933,55,2988,7
2020-12-04,Fresno,019,978130,48496,40108,2049,42157,522
2020-12-04,Glenn,021,27897,1164,1017,83,1100,8
2020-12-04,Humboldt,023,135768,1170,960,4,964,9
2020-12-04,Imperial,025,180216,18232,16484,183,16667,362
2020-12-04,Inyo,027,18085,364,324,6,330,15
2020-12-04,Kern,029,883053,47289,42497,2088,44585,485
2020-12-04,Kings,031,150075,13036,11767,281,12048,88
2020-12-04,Lake,033,64148,1205,1018,0,1018,20
2020-12-04,Lassen,035,31185,2795,2167,10,2177,0
2020-12-04,Los Angeles,037,10098052,472601,424164,8551,432715,7845
2020-12-04,Madera,039,155013,7535,6479,214,6693,58
2020-12-04,Marin,041,260295,8252,7896,44,7940,136
2020-12-04,Mariposa,043,17540,170,136,2,138,2
2020-12-04,Mendocino,045,87422,1759,1563,13,1576,23
2020-12-04,Merced,047,269075,13759,12474,171,12645,177
2020-12-04,Modoc,049,8938,153,115,28,143,0
2020-12-04,Mono,051,14174,648,549,10,559,3
2020-12-04,Monterey,053,433212,18689,16737,368,17105,127
2020-12-04,Napa,055,140530,4040,3432,21,3453,19
2020-12-04,Nevada,057,99092,1953,1560,48,1608,10
2020-12-04,Orange,059,3164182,96900,83738,3007,86745,1597
2020-12-04,Placer,061,380077,9481,7461,229,7690,76
2020-12-04,Plumas,063,18699,299,232,0,232,0
2020-12-04,Riverside,065,2383286,112833,95255,3067,98322,1475
2020-12-04,Sacramento,067,1510023,45815,41061,199,41260,618
2020-12-04,San Benito,069,59416,2287,2006,15,2021,17
2020-12-04,San Bernardino,071,2135413,122298,102418,2484,104902,1290
2020-12-04,San Diego,073,3302833,98888,88183,3980,92163,1047
2020-12-04,San Francisco,075,870044,17697,16499,133,16632,161
2020-12-04,San Joaquin,077,732212,31573,27806,702,28508,522
2020-12-04,San Luis Obispo,079,281455,7473,6473,127,6600,42
2020-12-04,San Mateo,081,765935,17265,15112,18,15130,173
2020-12-04,Santa Barbara,083,443738,12821,11947,255,12202,141
2020-12-04,Santa Clara,085,1922200,44980,37465,125,37590,468
2020-12-04,Santa Cruz,087,273765,5811,4985,89,5074,32
2020-12-04,Shasta,089,179085,6465,5439,330,5769,49
2020-12-04,Sierra,091,2930,19,17,0,17,0
2020-12-04,Siskiyou,093,43540,785,639,56,695,2
2020-12-04,Solano,095,438530,12419,11037,99,11136,87
2020-12-04,Sonoma,097,501317,14275,12962,85,13047,164
2020-12-04,Stanislaus,099,539301,25538,23206,1791,24997,448
2020-12-04,Sutter,101,95872,4520,3791,14,3805,20
2020-12-04,Tehama,103,63373,2125,1876,104,1980,9
2020-12-04,Trinity,105,12862,325,172,39,211,0
2020-12-04,Tulare,107,460477,24749,22273,2048,24321,322
2020-12-04,Tuolumne,109,53932,1392,1134,7,1141,7
2020-12-04,Ventura,111,848112,25192,22024,786,22810,189
2020-12-04,Yolo,113,214977,5960,5294,20,5314,87
2020-12-04,Yuba,115,75493,2586,2225,19,2244,10
2020-12-03,Alameda,001,1643700,35115,31184,450,31634,465
2020-12-03,Alpine,003,1148,57,53,0,53,0
2020-12-03,Amador,005,37829,1134,653,3,656,16
2020-12-03,Butte,007,227075,4882,4305,286,4591,65
2020-12-03,Calaveras,009,45235,636,572,0,572,21
2020-12-03,Colusa,011,21464,918,774,17,791,6
2020-12-03,Contra Costa,013,1133247,28065,25464,209,25673,265
2020-12-03,Del Norte,015,27424,465,388,0,388,2
2020-12-03,El Dorado,017,186661,3632,2740,53,2793,6
2020-12-03,Fresno,019,978130,47743,39680,1977,41657,516
2020-12-03,Glenn,021,27897,1146,997,75,1072,8
2020-12-03,Humboldt,023,135768,1140,923,4,927,9
2020-12-03,Imperial,025,180216,18026,16436,171,16607,359
2020-12-03,Inyo,027,18085,361,321,6,327,15
2020-12-03,Kern,029,883053,46443,42062,1987,44049,483
2020-12-03,Kings,031,150075,12936,11658,269,11927,87
2020-12-03,Lake,033,64148,1190,991,0,991,20
2020-12-03,Lassen,035,31185,2755,2128,9,2137,0
2020-12-03,Los Angeles,037,10098052,462506,415805,8189,423994,7787
2020-12-03,Madera,039,155013,7412,6398,209,6607,58
2020-12-03,Marin,041,260295,8192,7861,40,7901,136
2020-12-03,Mariposa,043,17540,166,132,2,134,2
2020-12-03,Mendocino,045,87422,1742,1547,10,1557,23
2020-12-03,Merced,047,269075,13514,12310,163,12473,177
2020-12-03,Modoc,049,8938,151,114,28,142,0
2020-12-03,Mono,051,14174,626,527,10,537,3
2020-12-03,Monterey,053,433212,18227,16218,357,16575,125
2020-12-03,Napa,055,140530,3926,3360,21,3381,19
2020-12-03,Nevada,057,99092,1875,1472,47,1519,10
2020-12-03,Orange,059,3164182,94366,82187,2937,85124,1591
2020-12-03,Placer,061,380077,9280,7270,213,7483,73
2020-12-03,Plumas,063,18699,284,223,0,223,0
2020-12-03,Riverside,065,2383286,110069,92489,2905,95394,1461
2020-12-03,Sacramento,067,1510023,44756,40280,185,40465,614
2020-12-03,San Benito,069,59416,2241,1967,15,1982,16
2020-12-03,San Bernardino,071,2135413,118971,100787,2400,103187,1283
2020-12-03,San Diego,073,3302833,97073,86144,3862,90006,1040
2020-12-03,San Francisco,075,870044,17475,16236,132,16368,161
2020-12-03,San Joaquin,077,732212,30849,27239,657,27896,522
2020-12-03,San Luis Obispo,079,281455,7305,6388,126,6514,42
2020-12-03,San Mateo,081,765935,16912,14909,18,14927,173
2020-12-03,Santa Barbara,083,443738,12692,11829,249,12078,141
2020-12-03,Santa Clara,085,1922200,43784,36621,119,36740,465
2020-12-03,Santa Cruz,087,273765,5668,4850,85,4935,28
2020-12-03,Shasta,089,179085,6356,5330,323,5653,48
2020-12-03,Sierra,091,2930,19,17,0,17,0
2020-12-03,Siskiyou,093,43540,770,629,53,682,2
2020-12-03,Solano,095,438530,12205,10857,96,10953,87
2020-12-03,Sonoma,097,501317,14032,12772,84,12856,164
2020-12-03,Stanislaus,099,539301,25129,22821,1743,24564,447
2020-12-03,Sutter,101,95872,4436,3727,14,3741,20
2020-12-03,Tehama,103,63373,2073,1832,97,1929,9
2020-12-03,Trinity,105,12862,322,166,39,205,0
2020-12-03,Tulare,107,460477,24350,21993,1955,23948,321
2020-12-03,Tuolumne,109,53932,1350,1105,7,1112,7
2020-12-03,Ventura,111,848112,24489,21555,773,22328,187
2020-12-03,Yolo,113,214977,5822,5069,20,5089,87
2020-12-03,Yuba,115,75493,2516,2182,18,2200,10
2020-12-02,Alameda,001,1643700,34489,30697,440,31137,463
2020-12-02,Alpine,003,1148,56,52,0,52,0
2020-12-02,Amador,005,37829,1062,585,3,588,16
2020-12-02,Butte,007,227075,4759,4243,276,4519,65
2020-12-02,Calaveras,009,45235,620,553,0,553,21
2020-12-02,Colusa,011,21464,902,756,16,772,6
2020-12-02,Contra Costa,013,1133247,27606,25147,197,25344,264
2020-12-02,Del Norte,015,27424,451,384,0,384,2
2020-12-02,El Dorado,017,186661,3530,2638,49,2687,5
2020-12-02,Fresno,019,978130,46987,39324,1876,41200,507
2020-12-02,Glenn,021,27897,1129,995,67,1062,7
2020-12-02,Humboldt,023,135768,1114,899,4,903,9
2020-12-02,Imperial,025,180216,17604,16360,163,16523,356
2020-12-02,Inyo,027,18085,354,314,6,320,15
2020-12-02,Kern,029,883053,45546,41660,1890,43550,479
2020-12-02,Kings,031,150075,12583,11531,255,11786,86
2020-12-02,Lake,033,64148,1159,971,0,971,20
2020-12-02,Lassen,035,31185,2696,2115,9,2124,0
2020-12-02,Los Angeles,037,10098052,452457,408289,7851,416140,7739
2020-12-02,Madera,039,155013,7288,6370,203,6573,57
2020-12-02,Marin,041,260295,8145,7819,38,7857,136
2020-12-02,Mariposa,043,17540,163,131,2,133,2
2020-12-02,Mendocino,045,87422,1709,1524,10,1534,23
2020-12-02,Merced,047,269075,13271,12168,155,12323,173
2020-12-02,Modoc,049,8938,148,113,28,141,0
2020-12-02,Mono,051,14174,617,520,10,530,3
2020-12-02,Monterey,053,433212,17747,16064,318,16382,121
2020-12-02,Napa,055,140530,3823,3298,20,3318,19
2020-12-02,Nevada,057,99092,1813,1430,46,1476,9
2020-12-02,Orange,059,3164182,92169,81046,2857,83903,1569
2020-12-02,Placer,061,380077,9048,6941,199,7140,73
2020-12-02,Plumas,063,18699,271,218,0,218,0
2020-12-02,Riverside,065,2383286,107349,90089,2724,92813,1451
2020-12-02,Sacramento,067,1510023,43716,39334,174,39508,597
2020-12-02,San Benito,069,59416,2176,1921,15,1936,16
2020-12-02,San Bernardino,071,2135413,115399,98567,2292,100859,1240
2020-12-02,San Diego,073,3302833,95157,84640,3747,88387,1035
2020-12-02,San Francisco,075,870044,17239,16058,130,16188,157
2020-12-02,San Joaquin,077,732212,30228,26740,633,27373,519
2020-12-02,San Luis Obispo,079,281455,7206,6324,124,6448,42
2020-12-02,San Mateo,081,765935,16549,14757,17,14774,170
2020-12-02,Santa Barbara,083,443738,12541,11705,237,11942,140
2020-12-02,Santa Clara,085,1922200,42669,35878,119,35997,458
2020-12-02,Santa Cruz,087,273765,5536,4766,82,4848,27
2020-12-02,Shasta,089,179085,6233,5188,306,5494,47
2020-12-02,Sierra,091,2930,19,17,0,17,0
2020-12-02,Siskiyou,093,43540,754,624,51,675,1
2020-12-02,Solano,095,438530,11959,10701,92,10793,87
2020-12-02,Sonoma,097,501317,13793,12635,83,12718,163
2020-12-02,Stanislaus,099,539301,24628,22615,1688,24303,448
2020-12-02,Sutter,101,95872,4276,3604,14,3618,18
2020-12-02,Tehama,103,63373,2030,1800,82,1882,9
2020-12-02,Trinity,105,12862,312,165,38,203,0
2020-12-02,Tulare,107,460477,23970,21789,1876,23665,321
2020-12-02,Tuolumne,109,53932,1309,1076,7,1083,7
2020-12-02,Ventura,111,848112,24078,21208,755,21963,186
2020-12-02,Yolo,113,214977,5713,5053,19,5072,87
2020-12-02,Yuba,115,75493,2439,2119,17,2136,10
2020-12-01,Alameda,001,1643700,33799,30252,428,30680,460
2020-12-01,Alpine,003,1148,56,41,0,41,0
2020-12-01,Amador,005,37829,915,575,2,577,16
2020-12-01,Butte,007,227075,4653,4177,262,4439,65
2020-12-01,Calaveras,009,45235,602,544,0,544,21
2020-12-01,Colusa,011,21464,885,747,16,763,6
2020-12-01,Contra Costa,013,1133247,27034,24788,189,24977,264
2020-12-01,Del Norte,015,27424,423,357,0,357,2
2020-12-01,El Dorado,017,186661,3385,2542,44,2586,4
2020-12-01,Fresno,019,978130,46085,39004,1798,40802,505
2020-12-01,Glenn,021,27897,1108,989,62,1051,7
2020-12-01,Humboldt,023,135768,1084,886,4,890,9
2020-12-01,Imperial,025,180216,17288,16278,160,16438,356
2020-12-01,Inyo,027,18085,347,304,6,310,15
2020-12-01,Kern,029,883053,44743,41345,1759,43104,478
2020-12-01,Kings,031,150075,12268,11415,241,11656,86
2020-12-01,Lake,033,64148,1141,969,0,969,19
2020-12-01,Lassen,035,31185,2530,2047,8,2055,0
2020-12-01,Los Angeles,037,10098052,442091,403266,7527,410793,7704
2020-12-01,Madera,039,155013,7171,6270,193,6463,57
2020-12-01,Marin,041,260295,8075,7787,37,7824,136
2020-12-01,Mariposa,043,17540,158,128,2,130,2
2020-12-01,Mendocino,045,87422,1675,1497,10,1507,23
2020-12-01,Merced,047,269075,13028,12032,146,12178,172
2020-12-01,Modoc,049,8938,143,113,24,137,0
2020-12-01,Mono,051,14174,604,520,10,530,3
2020-12-01,Monterey,053,433212,17240,15835,307,16142,121
2020-12-01,Napa,055,140530,3739,3124,19,3143,19
2020-12-01,Nevada,057,99092,1751,1411,45,1456,9
2020-12-01,Orange,059,3164182,90070,79468,2769,82237,1567
2020-12-01,Placer,061,380077,8724,6794,192,6986,72
2020-12-01,Plumas,063,18699,259,201,0,201,0
2020-12-01,Riverside,065,2383286,104540,88530,2562,91092,1448
2020-12-01,Sacramento,067,1510023,42668,38966,170,39136,589
2020-12-01,San Benito,069,59416,2121,1888,15,1903,15
2020-12-01,San Bernardino,071,2135413,111924,95854,2168,98022,1220
2020-12-01,San Diego,073,3302833,92900,83423,3637,87060,1019
2020-12-01,San Francisco,075,870044,16956,15797,126,15923,157
2020-12-01,San Joaquin,077,732212,29428,26432,611,27043,514
2020-12-01,San Luis Obispo,079,281455,7064,6264,119,6383,40
2020-12-01,San Mateo,081,765935,16224,14495,17,14512,170
2020-12-01,Santa Barbara,083,443738,12402,11611,227,11838,140
2020-12-01,Santa Clara,085,1922200,41412,35397,113,35510,452
2020-12-01,Santa Cruz,087,273765,5378,4638,74,4712,27
2020-12-01,Shasta,089,179085,6108,5077,286,5363,47
2020-12-01,Sierra,091,2930,19,17,0,17,0
2020-12-01,Siskiyou,093,43540,740,608,47,655,1
2020-12-01,Solano,095,438530,11699,10604,87,10691,87
2020-12-01,Sonoma,097,501317,13588,12491,80,12571,163
2020-12-01,Stanislaus,099,539301,24171,22351,1631,23982,447
2020-12-01,Sutter,101,95872,4134,3538,14,3552,17
2020-12-01,Tehama,103,63373,1965,1773,72,1845,9
2020-12-01,Trinity,105,12862,298,165,32,197,0
2020-12-01,Tulare,107,460477,23515,21645,1807,23452,319
2020-12-01,Tuolumne,109,53932,1273,1052,5,1057,7
2020-12-01,Ventura,111,848112,23465,20604,733,21337,186
2020-12-01,Yolo,113,214977,5573,4928,19,4947,86
2020-12-01,Yuba,115,75493,2373,2088,16,2104,10
2020-11-30,Alameda,001,1643700,32981,29972,411,30383,457
2020-11-30,Alpine,003,1148,54,41,0,41,0
2020-11-30,Amador,005,37829,874,559,2,561,16
2020-11-30,Butte,007,227075,4535,4148,246,4394,65
2020-11-30,Calaveras,009,45235,580,478,0,478,21
2020-11-30,Colusa,011,21464,858,737,12,749,6
2020-11-30,Contra Costa,013,1133247,26451,24365,185,24550,264
2020-11-30,Del Norte,015,27424,400,339,0,339,2
2020-11-30,El Dorado,017,186661,3211,2488,39,2527,4
2020-11-30,Fresno,019,978130,44974,38712,1684,40396,500
2020-11-30,Glenn,021,27897,1085,954,57,1011,5
2020-11-30,Humboldt,023,135768,1037,870,4,874,9
2020-11-30,Imperial,025,180216,17033,16212,139,16351,356
2020-11-30,Inyo,027,18085,342,304,5,309,15
2020-11-30,Kern,029,883053,43980,40941,1623,42564,473
2020-11-30,Kings,031,150075,12120,11346,226,11572,85
2020-11-30,Lake,033,64148,1109,939,0,939,18
2020-11-30,Lassen,035,31185,2437,1793,8,1801,0
2020-11-30,Los Angeles,037,10098052,431425,396202,7195,403397,7658
2020-11-30,Madera,039,155013,7005,6210,179,6389,57
2020-11-30,Marin,041,260295,8032,7764,36,7800,136
2020-11-30,Mariposa,043,17540,151,123,2,125,2
2020-11-30,Mendocino,045,87422,1647,1482,10,1492,23
2020-11-30,Merced,047,269075,12753,11913,135,12048,172
2020-11-30,Modoc,049,8938,133,113,24,137,0
2020-11-30,Mono,051,14174,582,519,10,529,3
2020-11-30,Monterey,053,433212,16809,15837,299,16136,119
2020-11-30,Napa,055,140530,3639,3091,19,3110,18
2020-11-30,Nevada,057,99092,1665,1347,42,1389,9
2020-11-30,Orange,059,3164182,87959,78711,2673,81384,1568
2020-11-30,Placer,061,380077,8428,6575,179,6754,72
2020-11-30,Plumas,063,18699,248,192,0,192,0
2020-11-30,Riverside,065,2383286,101546,87722,2415,90137,1446
2020-11-30,Sacramento,067,1510023,41588,37834,161,37995,586
2020-11-30,San Benito,069,59416,2074,1875,14,1889,15
2020-11-30,San Bernardino,071,2135413,108194,92704,2056,94760,1220
2020-11-30,San Diego,073,3302833,90537,82045,3510,85555,997
2020-11-30,San Francisco,075,870044,16656,15638,123,15761,157
2020-11-30,San Joaquin,077,732212,28722,25742,585,26327,509
2020-11-30,San Luis Obispo,079,281455,6930,6224,117,6341,36
2020-11-30,San Mateo,081,765935,15864,14276,17,14293,170
2020-11-30,Santa Barbara,083,443738,12224,11572,219,11791,140
2020-11-30,Santa Clara,085,1922200,40204,35019,112,35131,451
2020-11-30,Santa Cruz,087,273765,5240,4558,70,4628,26
2020-11-30,Shasta,089,179085,5963,4933,257,5190,44
2020-11-30,Sierra,091,2930,19,16,0,16,0
2020-11-30,Siskiyou,093,43540,731,605,43,648,1
2020-11-30,Solano,095,438530,11437,10392,82,10474,87
2020-11-30,Sonoma,097,501317,13343,12232,76,12308,163
2020-11-30,Stanislaus,099,539301,23709,22110,1587,23697,446
2020-11-30,Sutter,101,95872,3977,3430,13,3443,16
2020-11-30,Tehama,103,63373,1918,1724,65,1789,9
2020-11-30,Trinity,105,12862,292,162,32,194,0
2020-11-30,Tulare,107,460477,23128,20833,1712,22545,319
2020-11-30,Tuolumne,109,53932,1229,1027,5,1032,7
2020-11-30,Ventura,111,848112,22709,20308,717,21025,180
2020-11-30,Yolo,113,214977,5461,4894,19,4913,81
2020-11-30,Yuba,115,75493,2312,2028,14,2042,10
2020-11-29,Alameda,001,1643700,32196,29918,388,30306,457
2020-11-29,Alpine,003,1148,51,41,0,41,0
2020-11-29,Amador,005,37829,723,548,2,550,16
2020-11-29,Butte,007,227075,4433,4008,229,4237,65
2020-11-29,Calaveras,009,45235,548,478,0,478,21
2020-11-29,Colusa,011,21464,829,723,8,731,6
2020-11-29,Contra Costa,013,1133247,25949,24165,179,24344,264
2020-11-29,Del Norte,015,27424,394,339,0,339,2
2020-11-29,El Dorado,017,186661,3080,2447,38,2485,4
2020-11-29,Fresno,019,978130,44022,38568,1612,40180,500
2020-11-29,Glenn,021,27897,1062,951,55,1006,4
2020-11-29,Humboldt,023,135768,1008,856,4,860,9
2020-11-29,Imperial,025,180216,16805,16138,111,16249,356
2020-11-29,Inyo,027,18085,327,289,5,294,15
2020-11-29,Kern,029,883053,43217,40596,1475,42071,473
2020-11-29,Kings,031,150075,11969,11247,208,11455,85
2020-11-29,Lake,033,64148,1085,927,0,927,18
2020-11-29,Lassen,035,31185,2334,1793,8,1801,0
2020-11-29,Los Angeles,037,10098052,421021,391162,6896,398058,7642
2020-11-29,Madera,039,155013,6862,6184,173,6357,57
2020-11-29,Marin,041,260295,7966,7739,33,7772,135
2020-11-29,Mariposa,043,17540,147,123,2,125,2
2020-11-29,Mendocino,045,87422,1613,1473,10,1483,23
2020-11-29,Merced,047,269075,12514,11773,126,11899,172
2020-11-29,Modoc,049,8938,129,105,22,127,0
2020-11-29,Mono,051,14174,559,515,9,524,3
2020-11-29,Monterey,053,433212,16497,15621,292,15913,119
2020-11-29,Napa,055,140530,3534,3090,18,3108,18
2020-11-29,Nevada,057,99092,1584,1311,40,1351,9
2020-11-29,Orange,059,3164182,85940,78057,2626,80683,1567
2020-11-29,Placer,061,380077,8131,6535,167,6702,72
2020-11-29,Plumas,063,18699,243,191,0,191,0
2020-11-29,Riverside,065,2383286,99153,87383,2262,89645,1442
2020-11-29,Sacramento,067,1510023,40510,37415,152,37567,585
2020-11-29,San Benito,069,59416,2030,1860,14,1874,15
2020-11-29,San Bernardino,071,2135413,104841,92052,1940,93992,1223
2020-11-29,San Diego,073,3302833,88126,81086,3357,84443,997
2020-11-29,San Francisco,075,870044,16375,15571,116,15687,153
2020-11-29,San Joaquin,077,732212,27979,25740,579,26319,509
2020-11-29,San Luis Obispo,079,281455,6807,6145,117,6262,36
2020-11-29,San Mateo,081,765935,15531,14177,17,14194,169
2020-11-29,Santa Barbara,083,443738,12069,11520,215,11735,140
2020-11-29,Santa Clara,085,1922200,38999,34234,106,34340,451
2020-11-29,Santa Cruz,087,273765,5081,4490,68,4558,26
2020-11-29,Shasta,089,179085,5791,4935,229,5164,43
2020-11-29,Sierra,091,2930,19,16,0,16,0
2020-11-29,Siskiyou,093,43540,708,590,41,631,1
2020-11-29,Solano,095,438530,11205,10393,78,10471,87
2020-11-29,Sonoma,097,501317,13091,12052,72,12124,163
2020-11-29,Stanislaus,099,539301,23213,21701,1553,23254,446
2020-11-29,Sutter,101,95872,3862,3297,13,3310,16
2020-11-29,Tehama,103,63373,1868,1710,49,1759,9
2020-11-29,Trinity,105,12862,289,159,30,189,0
2020-11-29,Tulare,107,460477,22759,20793,1636,22429,319
2020-11-29,Tuolumne,109,53932,1192,988,5,993,7
2020-11-29,Ventura,111,848112,22024,19952,704,20656,179
2020-11-29,Yolo,113,214977,5323,4830,18,4848,80
2020-11-29,Yuba,115,75493,2256,1959,14,1973,10
2020-11-28,Alameda,001,1643700,31886,29368,383,29751,456
2020-11-28,Alpine,003,1148,51,41,0,41,0
2020-11-28,Amador,005,37829,646,536,2,538,16
2020-11-28,Butte,007,227075,4375,3894,225,4119,65
2020-11-28,Calaveras,009,45235,544,478,0,478,21
2020-11-28,Colusa,011,21464,820,711,6,717,6
2020-11-28,Contra Costa,013,1133247,25616,23798,175,23973,264
2020-11-28,Del Norte,015,27424,384,328,0,328,2
2020-11-28,El Dorado,017,186661,3012,2415,32,2447,4
2020-11-28,Fresno,019,978130,43675,38288,1573,39861,500
2020-11-28,Glenn,021,27897,1051,925,51,976,4
2020-11-28,Humboldt,023,135768,973,844,4,848,9
2020-11-28,Imperial,025,180216,16740,16019,109,16128,356
2020-11-28,Inyo,027,18085,319,289,5,294,15
2020-11-28,Kern,029,883053,42854,40255,1387,41642,473
2020-11-28,Kings,031,150075,11904,11070,201,11271,85
2020-11-28,Lake,033,64148,1070,920,0,920,18
2020-11-28,Lassen,035,31185,2267,1714,8,1722,0
2020-11-28,Los Angeles,037,10098052,416105,386194,6738,392932,7625
2020-11-28,Madera,039,155013,6760,6119,166,6285,57
2020-11-28,Marin,041,260295,7936,7696,29,7725,135
2020-11-28,Mariposa,043,17540,144,120,2,122,2
2020-11-28,Mendocino,045,87422,1582,1458,10,1468,22
2020-11-28,Merced,047,269075,12416,11688,120,11808,172
2020-11-28,Modoc,049,8938,126,103,22,125,0
2020-11-28,Mono,051,14174,553,505,9,514,3
2020-11-28,Monterey,053,433212,16331,15328,288,15616,118
2020-11-28,Napa,055,140530,3482,3033,18,3051,18
2020-11-28,Nevada,057,99092,1556,1272,38,1310,9
2020-11-28,Orange,059,3164182,84842,76882,2579,79461,1568
2020-11-28,Placer,061,380077,7970,6497,164,6661,70
2020-11-28,Plumas,063,18699,236,188,0,188,0
2020-11-28,Riverside,065,2383286,97743,86854,2160,89014,1440
2020-11-28,Sacramento,067,1510023,39932,36905,148,37053,580
2020-11-28,San Benito,069,59416,1983,1835,14,1849,15
2020-11-28,San Bernardino,071,2135413,103442,91183,1842,93025,1224
2020-11-28,San Diego,073,3302833,86872,80020,3273,83293,997
2020-11-28,San Francisco,075,870044,16199,15450,108,15558,153
2020-11-28,San Joaquin,077,732212,27780,25742,564,26306,509
2020-11-28,San Luis Obispo,079,281455,6737,6106,113,6219,36
2020-11-28,San Mateo,081,765935,15340,14040,17,14057,169
2020-11-28,Santa Barbara,083,443738,11967,11481,210,11691,140
2020-11-28,Santa Clara,085,1922200,38256,33701,104,33805,449
2020-11-28,Santa Cruz,087,273765,5004,4426,68,4494,26
2020-11-28,Shasta,089,179085,5714,4882,222,5104,43
2020-11-28,Sierra,091,2930,19,16,0,16,0
2020-11-28,Siskiyou,093,43540,698,558,38,596,1
2020-11-28,Solano,095,438530,11086,10252,76,10328,87
2020-11-28,Sonoma,097,501317,12987,12008,63,12071,162
2020-11-28,Stanislaus,099,539301,22974,21574,1518,23092,446
2020-11-28,Sutter,101,95872,3778,3244,13,3257,15
2020-11-28,Tehama,103,63373,1851,1678,44,1722,9
2020-11-28,Trinity,105,12862,286,157,28,185,0
2020-11-28,Tulare,107,460477,22562,20701,1594,22295,319
2020-11-28,Tuolumne,109,53932,1170,976,5,981,7
2020-11-28,Ventura,111,848112,21726,19510,694,20204,179
2020-11-28,Yolo,113,214977,5249,4739,16,4755,80
2020-11-28,Yuba,115,75493,2203,1912,14,1926,10
2020-11-27,Alameda,001,1643700,31447,29064,372,29436,450
2020-11-27,Alpine,003,1148,51,41,0,41,0
2020-11-27,Amador,005,37829,599,498,1,499,16
2020-11-27,Butte,007,227075,4334,3894,219,4113,65
2020-11-27,Calaveras,009,45235,535,478,0,478,21
2020-11-27,Colusa,011,21464,803,694,4,698,6
2020-11-27,Contra Costa,013,1133247,25356,23463,169,23632,264
2020-11-27,Del Norte,015,27424,378,307,0,307,2
2020-11-27,El Dorado,017,186661,2941,2238,29,2267,4
2020-11-27,Fresno,019,978130,43269,37994,1515,39509,500
2020-11-27,Glenn,021,27897,1038,891,46,937,4
2020-11-27,Humboldt,023,135768,954,795,3,798,9
2020-11-27,Imperial,025,180216,16672,15960,100,16060,356
2020-11-27,Inyo,027,18085,313,289,5,294,15
2020-11-27,Kern,029,883053,42430,39707,1317,41024,473
2020-11-27,Kings,031,150075,11818,10667,183,10850,85
2020-11-27,Lake,033,64148,1034,909,0,909,18
2020-11-27,Lassen,035,31185,2255,1714,8,1722,0
2020-11-27,Los Angeles,037,10098052,409599,382740,6582,389322,7606
2020-11-27,Madera,039,155013,6688,6050,160,6210,57
2020-11-27,Marin,041,260295,7893,7660,29,7689,135
2020-11-27,Mariposa,043,17540,142,118,2,120,2
2020-11-27,Mendocino,045,87422,1568,1387,9,1396,22
2020-11-27,Merced,047,269075,12310,11550,113,11663,172
2020-11-27,Modoc,049,8938,125,100,22,122,0
2020-11-27,Mono,051,14174,549,498,9,507,3
2020-11-27,Monterey,053,433212,16163,14753,288,15041,113
2020-11-27,Napa,055,140530,3442,2988,18,3006,18
2020-11-27,Nevada,057,99092,1526,1184,36,1220,9
2020-11-27,Orange,059,3164182,83553,75151,2540,77691,1568
2020-11-27,Placer,061,380077,7809,6283,154,6437,68
2020-11-27,Plumas,063,18699,233,188,0,188,0
2020-11-27,Riverside,065,2383286,96132,85769,2007,87776,1440
2020-11-27,Sacramento,067,1510023,39310,36579,144,36723,579
2020-11-27,San Benito,069,59416,1949,1805,13,1818,15
2020-11-27,San Bernardino,071,2135413,101932,90254,1761,92015,1224
2020-11-27,San Diego,073,3302833,85678,78161,3184,81345,996
2020-11-27,San Francisco,075,870044,16043,15377,106,15483,153
2020-11-27,San Joaquin,077,732212,27559,25741,544,26285,509
2020-11-27,San Luis Obispo,079,281455,6654,6039,110,6149,36
2020-11-27,San Mateo,081,765935,15137,13872,16,13888,169
2020-11-27,Santa Barbara,083,443738,11874,11340,207,11547,140
2020-11-27,Santa Clara,085,1922200,37580,32935,97,33032,449
2020-11-27,Santa Cruz,087,273765,4933,4358,66,4424,26
2020-11-27,Shasta,089,179085,5637,4710,209,4919,43
2020-11-27,Sierra,091,2930,18,16,0,16,0
2020-11-27,Siskiyou,093,43540,683,554,35,589,1
2020-11-27,Solano,095,438530,10967,10044,73,10117,87
2020-11-27,Sonoma,097,501317,12854,11924,61,11985,162
2020-11-27,Stanislaus,099,539301,22746,21185,1488,22673,446
2020-11-27,Sutter,101,95872,3712,3101,13,3114,15
2020-11-27,Tehama,103,63373,1822,1649,40,1689,9
2020-11-27,Trinity,105,12862,282,151,28,179,0
2020-11-27,Tulare,107,460477,22374,20634,1537,22171,319
2020-11-27,Tuolumne,109,53932,1138,881,5,886,7
2020-11-27,Ventura,111,848112,21402,19379,672,20051,179
2020-11-27,Yolo,113,214977,5200,4737,16,4753,79
2020-11-27,Yuba,115,75493,2174,1864,13,1877,10
2020-11-26,Alameda,001,1643700,31036,28797,354,29151,447
2020-11-26,Alpine,003,1148,51,41,0,41,0
2020-11-26,Amador,005,37829,591,488,1,489,16
2020-11-26,Butte,007,227075,4271,3894,213,4107,65
2020-11-26,Calaveras,009,45235,507,478,0,478,21
2020-11-26,Colusa,011,21464,789,694,4,698,6
2020-11-26,Contra Costa,013,1133247,25022,23468,163,23631,264
2020-11-26,Del Norte,015,27424,367,307,0,307,2
2020-11-26,El Dorado,017,186661,2860,2217,27,2244,4
2020-11-26,Fresno,019,978130,42863,37724,1470,39194,500
2020-11-26,Glenn,021,27897,1022,892,44,936,4
2020-11-26,Humboldt,023,135768,931,795,2,797,9
2020-11-26,Imperial,025,180216,16562,15722,96,15818,355
2020-11-26,Inyo,027,18085,312,289,5,294,15
2020-11-26,Kern,029,883053,41980,39123,1255,40378,471
2020-11-26,Kings,031,150075,11763,10475,171,10646,85
2020-11-26,Lake,033,64148,1021,890,0,890,18
2020-11-26,Lassen,035,31185,2240,1714,8,1722,0
2020-11-26,Los Angeles,037,10098052,404444,378340,6346,384686,7581
2020-11-26,Madera,039,155013,6613,6003,154,6157,57
2020-11-26,Marin,041,260295,7856,7610,29,7639,135
2020-11-26,Mariposa,043,17540,137,116,2,118,2
2020-11-26,Mendocino,045,87422,1554,1387,7,1394,22
2020-11-26,Merced,047,269075,12162,11440,111,11551,172
2020-11-26,Modoc,049,8938,123,100,22,122,0
2020-11-26,Mono,051,14174,541,485,9,494,2
2020-11-26,Monterey,053,433212,15927,14750,280,15030,113
2020-11-26,Napa,055,140530,3378,2988,18,3006,18
2020-11-26,Nevada,057,99092,1480,1184,36,1220,9
2020-11-26,Orange,059,3164182,82165,74264,2478,76742,1563
2020-11-26,Placer,061,380077,7647,6278,145,6423,68
2020-11-26,Plumas,063,18699,225,188,0,188,0
2020-11-26,Riverside,065,2383286,94528,85774,1883,87657,1440
2020-11-26,Sacramento,067,1510023,38668,35854,136,35990,580
2020-11-26,San Benito,069,59416,1922,1769,13,1782,15
2020-11-26,San Bernardino,071,2135413,100284,89727,1669,91396,1223
2020-11-26,San Diego,073,3302833,84068,76359,3080,79439,996
2020-11-26,San Francisco,075,870044,15906,15156,103,15259,153
2020-11-26,San Joaquin,077,732212,27303,25738,532,26270,509
2020-11-26,San Luis Obispo,079,281455,6561,5964,107,6071,36
2020-11-26,San Mateo,081,765935,14948,13715,15,13730,169
2020-11-26,Santa Barbara,083,443738,11793,11277,206,11483,139
2020-11-26,Santa Clara,085,1922200,36938,32411,89,32500,446
2020-11-26,Santa Cruz,087,273765,4802,4269,60,4329,26
2020-11-26,Shasta,089,179085,5554,4712,198,4910,43
2020-11-26,Sierra,091,2930,18,15,0,15,0
2020-11-26,Siskiyou,093,43540,673,526,34,560,1
2020-11-26,Solano,095,438530,10824,9941,71,10012,87
2020-11-26,Sonoma,097,501317,12706,11922,59,11981,162
2020-11-26,Stanislaus,099,539301,22513,21186,1447,22633,445
2020-11-26,Sutter,101,95872,3618,3101,12,3113,15
2020-11-26,Tehama,103,63373,1780,1612,37,1649,9
2020-11-26,Trinity,105,12862,278,139,28,167,0
2020-11-26,Tulare,107,460477,22135,20649,1473,22122,319
2020-11-26,Tuolumne,109,53932,1110,871,5,876,7
2020-11-26,Ventura,111,848112,20906,19058,658,19716,179
2020-11-26,Yolo,113,214977,5113,4566,16,4582,76
2020-11-26,Yuba,115,75493,2114,1865,11,1876,10
2020-11-25,Alameda,001,1643700,30821,28378,346,28724,447
2020-11-25,Alpine,003,1148,51,41,0,41,0
2020-11-25,Amador,005,37829,581,484,1,485,16
2020-11-25,Butte,007,227075,4240,3848,210,4058,64
2020-11-25,Calaveras,009,45235,504,475,0,475,21
2020-11-25,Colusa,011,21464,772,693,4,697,6
2020-11-25,Contra Costa,013,1133247,24867,23307,162,23469,263
2020-11-25,Del Norte,015,27424,366,304,0,304,2
2020-11-25,El Dorado,017,186661,2824,2154,27,2181,4
2020-11-25,Fresno,019,978130,42630,37349,1448,38797,494
2020-11-25,Glenn,021,27897,1005,891,42,933,4
2020-11-25,Humboldt,023,135768,923,777,2,779,9
2020-11-25,Imperial,025,180216,16492,15640,94,15734,355
2020-11-25,Inyo,027,18085,310,289,5,294,15
2020-11-25,Kern,029,883053,41824,38878,1236,40114,467
2020-11-25,Kings,031,150075,11728,10417,167,10584,85
2020-11-25,Lake,033,64148,1004,878,0,878,18
2020-11-25,Lassen,035,31185,2197,1701,8,1709,0
2020-11-25,Los Angeles,037,10098052,401414,373919,6243,380162,7545
2020-11-25,Madera,039,155013,6591,5989,151,6140,57
2020-11-25,Marin,041,260295,7829,7601,28,7629,135
2020-11-25,Mariposa,043,17540,136,114,2,116,2
2020-11-25,Mendocino,045,87422,1535,1373,7,1380,22
2020-11-25,Merced,047,269075,12104,11346,111,11457,172
2020-11-25,Modoc,049,8938,123,96,22,118,0
2020-11-25,Mono,051,14174,536,487,9,496,2
2020-11-25,Monterey,053,433212,15810,14695,278,14973,113
2020-11-25,Napa,055,140530,3345,2945,18,2963,17
2020-11-25,Nevada,057,99092,1462,1170,34,1204,9
2020-11-25,Orange,059,3164182,81410,73014,2458,75472,1551
2020-11-25,Placer,061,380077,7570,6221,144,6365,68
2020-11-25,Plumas,063,18699,220,183,0,183,0
2020-11-25,Riverside,065,2383286,93984,85077,1865,86942,1438
2020-11-25,Sacramento,067,1510023,38332,35687,133,35820,574
2020-11-25,San Benito,069,59416,1899,1764,13,1777,15
2020-11-25,San Bernardino,071,2135413,99444,88469,1641,90110,1225
2020-11-25,San Diego,073,3302833,83411,75307,3044,78351,988
2020-11-25,San Francisco,075,870044,15801,15053,101,15154,153
2020-11-25,San Joaquin,077,732212,27176,25556,520,26076,515
2020-11-25,San Luis Obispo,079,281455,6518,5913,106,6019,34
2020-11-25,San Mateo,081,765935,14833,13614,15,13629,170
2020-11-25,Santa Barbara,083,443738,11743,11183,206,11389,138
2020-11-25,Santa Clara,085,1922200,36492,32032,88,32120,442
2020-11-25,Santa Cruz,087,273765,4750,4202,59,4261,25
2020-11-25,Shasta,089,179085,5508,4588,191,4779,43
2020-11-25,Sierra,091,2930,18,15,0,15,0
2020-11-25,Siskiyou,093,43540,666,499,34,533,1
2020-11-25,Solano,095,438530,10719,9832,70,9902,87
2020-11-25,Sonoma,097,501317,12643,11775,58,11833,162
2020-11-25,Stanislaus,099,539301,22382,21022,1420,22442,445
2020-11-25,Sutter,101,95872,3574,3064,12,3076,14
2020-11-25,Tehama,103,63373,1768,1587,32,1619,9
2020-11-25,Trinity,105,12862,276,135,28,163,0
2020-11-25,Tulare,107,460477,22045,20528,1442,21970,318
2020-11-25,Tuolumne,109,53932,1093,842,5,847,7
2020-11-25,Ventura,111,848112,20811,18914,652,19566,179
2020-11-25,Yolo,113,214977,5077,4527,16,4543,76
2020-11-25,Yuba,115,75493,2088,1840,11,1851,10
2020-11-24,Alameda,001,1643700,30342,28030,335,28365,444
2020-11-24,Alpine,003,1148,51,41,0,41,0
2020-11-24,Amador,005,37829,556,470,1,471,16
2020-11-24,Butte,007,227075,4155,3798,202,4000,63
2020-11-24,Calaveras,009,45235,497,466,0,466,21
2020-11-24,Colusa,011,21464,754,682,4,686,6
2020-11-24,Contra Costa,013,1133247,24514,23072,156,23228,259
2020-11-24,Del Norte,015,27424,357,298,0,298,2
2020-11-24,El Dorado,017,186661,2719,2005,26,2031,4
2020-11-24,Fresno,019,978130,42227,37021,1372,38393,493
2020-11-24,Glenn,021,27897,987,883,38,921,4
2020-11-24,Humboldt,023,135768,904,774,2,776,9
2020-11-24,Imperial,025,180216,16389,15600,89,15689,355
2020-11-24,Inyo,027,18085,309,282,5,287,15
2020-11-24,Kern,029,883053,41350,38551,1158,39709,465
2020-11-24,Kings,031,150075,11461,10338,154,10492,85
2020-11-24,Lake,033,64148,988,872,0,872,18
2020-11-24,Lassen,035,31185,2174,1657,8,1665,0
2020-11-24,Los Angeles,037,10098052,395104,370008,6006,376014,7501
2020-11-24,Madera,039,155013,6506,5881,145,6026,57
2020-11-24,Marin,041,260295,7782,7591,28,7619,135
2020-11-24,Mariposa,043,17540,126,114,1,115,2
2020-11-24,Mendocino,045,87422,1513,1346,6,1352,22
2020-11-24,Merced,047,269075,11915,11268,105,11373,171
2020-11-24,Modoc,049,8938,119,91,22,113,0
2020-11-24,Mono,051,14174,532,483,9,492,2
2020-11-24,Monterey,053,433212,15549,14354,266,14620,113
2020-11-24,Napa,055,140530,3279,2904,18,2922,17
2020-11-24,Nevada,057,99092,1398,1156,32,1188,9
2020-11-24,Orange,059,3164182,79967,71975,2377,74352,1547
2020-11-24,Placer,061,380077,7389,6147,137,6284,67
2020-11-24,Plumas,063,18699,217,180,0,180,0
2020-11-24,Riverside,065,2383286,92225,83685,1736,85421,1420
2020-11-24,Sacramento,067,1510023,37651,35097,126,35223,568
2020-11-24,San Benito,069,59416,1867,1740,12,1752,15
2020-11-24,San Bernardino,071,2135413,97107,86645,1540,88185,1226
2020-11-24,San Diego,073,3302833,82001,74363,2973,77336,984
2020-11-24,San Francisco,075,870044,15606,14874,97,14971,153
2020-11-24,San Joaquin,077,732212,26860,25318,492,25810,517
2020-11-24,San Luis Obispo,079,281455,6455,5805,105,5910,34
2020-11-24,San Mateo,081,765935,14624,13558,14,13572,170
2020-11-24,Santa Barbara,083,443738,11637,11154,204,11358,138
2020-11-24,Santa Clara,085,1922200,35701,31564,84,31648,438
2020-11-24,Santa Cruz,087,273765,4637,4132,58,4190,25
2020-11-24,Shasta,089,179085,5408,4410,172,4582,43
2020-11-24,Sierra,091,2930,18,15,0,15,0
2020-11-24,Siskiyou,093,43540,648,473,31,504,1
2020-11-24,Solano,095,438530,10548,9716,69,9785,86
2020-11-24,Sonoma,097,501317,12463,11644,55,11699,162
2020-11-24,Stanislaus,099,539301,22140,20830,1377,22207,438
2020-11-24,Sutter,101,95872,3468,2974,12,2986,14
2020-11-24,Tehama,103,63373,1718,1565,27,1592,9
2020-11-24,Trinity,105,12862,269,129,27,156,0
2020-11-24,Tulare,107,460477,21796,20319,1378,21697,315
2020-11-24,Tuolumne,109,53932,1064,832,5,837,7
2020-11-24,Ventura,111,848112,20429,18637,642,19279,179
2020-11-24,Yolo,113,214977,4993,4420,16,4436,76
2020-11-24,Yuba,115,75493,2037,1804,9,1813,10
2020-11-23,Alameda,001,1643700,29926,27718,323,28041,444
2020-11-23,Alpine,003,1148,49,41,0,41,0
2020-11-23,Amador,005,37829,515,457,1,458,16
2020-11-23,Butte,007,227075,4091,3765,196,3961,61
2020-11-23,Calaveras,009,45235,480,434,0,434,21
2020-11-23,Colusa,011,21464,740,662,4,666,6
2020-11-23,Contra Costa,013,1133247,24242,22674,151,22825,260
2020-11-23,Del Norte,015,27424,335,296,0,296,2
2020-11-23,El Dorado,017,186661,2599,2005,25,2030,4
2020-11-23,Fresno,019,978130,41778,36688,1310,37998,488
2020-11-23,Glenn,021,27897,961,853,38,891,4
2020-11-23,Humboldt,023,135768,891,746,2,748,9
2020-11-23,Imperial,025,180216,16219,15104,84,15188,355
2020-11-23,Inyo,027,18085,301,279,5,284,15
2020-11-23,Kern,029,883053,40837,38245,1095,39340,463
2020-11-23,Kings,031,150075,11041,10204,147,10351,85
2020-11-23,Lake,033,64148,965,840,0,840,18
2020-11-23,Lassen,035,31185,2094,1271,7,1278,0
2020-11-23,Los Angeles,037,10098052,389007,366374,5757,372131,7447
2020-11-23,Madera,039,155013,6380,5787,141,5928,56
2020-11-23,Marin,041,260295,7740,7543,28,7571,135
2020-11-23,Mariposa,043,17540,125,97,1,98,2
2020-11-23,Mendocino,045,87422,1483,1330,6,1336,22
2020-11-23,Merced,047,269075,11727,11148,102,11250,169
2020-11-23,Modoc,049,8938,105,91,21,112,0
2020-11-23,Mono,051,14174,519,480,9,489,2
2020-11-23,Monterey,053,433212,15270,14265,260,14525,112
2020-11-23,Napa,055,140530,3213,2811,17,2828,17
2020-11-23,Nevada,057,99092,1309,1087,32,1119,9
2020-11-23,Orange,059,3164182,78564,71074,2331,73405,1546
2020-11-23,Placer,061,380077,7187,5999,136,6135,66
2020-11-23,Plumas,063,18699,213,172,0,172,0
2020-11-23,Riverside,065,2383286,90446,82175,1671,83846,1415
2020-11-23,Sacramento,067,1510023,37081,34141,119,34260,556
2020-11-23,San Benito,069,59416,1839,1729,11,1740,15
2020-11-23,San Bernardino,071,2135413,95000,84387,1477,85864,1224
2020-11-23,San Diego,073,3302833,80539,72817,2885,75702,968
2020-11-23,San Francisco,075,870044,15448,14646,95,14741,153
2020-11-23,San Joaquin,077,732212,26511,24622,488,25110,517
2020-11-23,San Luis Obispo,079,281455,6373,5772,103,5875,34
2020-11-23,San Mateo,081,765935,14432,13364,14,13378,170
2020-11-23,Santa Barbara,083,443738,11530,10944,200,11144,137
2020-11-23,Santa Clara,085,1922200,35051,31064,81,31145,435
2020-11-23,Santa Cruz,087,273765,4527,4003,54,4057,25
2020-11-23,Shasta,089,179085,5290,4100,160,4260,43
2020-11-23,Sierra,091,2930,17,15,0,15,0
2020-11-23,Siskiyou,093,43540,621,460,30,490,0
2020-11-23,Solano,095,438530,10391,9394,66,9460,86
2020-11-23,Sonoma,097,501317,12290,11507,51,11558,160
2020-11-23,Stanislaus,099,539301,21847,20487,1344,21831,436
2020-11-23,Sutter,101,95872,3331,2840,11,2851,14
2020-11-23,Tehama,103,63373,1670,1526,24,1550,9
2020-11-23,Trinity,105,12862,260,120,25,145,0
2020-11-23,Tulare,107,460477,21502,19818,1312,21130,315
2020-11-23,Tuolumne,109,53932,1024,774,5,779,7
2020-11-23,Ventura,111,848112,20054,18480,629,19109,179
2020-11-23,Yolo,113,214977,4913,4265,15,4280,75
2020-11-23,Yuba,115,75493,1970,1702,9,1711,10
2020-11-22,Alameda,001,1643700,29489,27472,312,27784,444
2020-11-22,Alpine,003,1148,46,41,0,41,0
2020-11-22,Amador,005,37829,503,450,1,451,16
2020-11-22,Butte,007,227075,4040,3712,189,3901,61
2020-11-22,Calaveras,009,45235,468,434,0,434,21
2020-11-22,Colusa,011,21464,722,642,3,645,6
2020-11-22,Contra Costa,013,1133247,23937,22407,146,22553,260
2020-11-22,Del Norte,015,27424,311,271,0,271,2
2020-11-22,El Dorado,017,186661,2489,1917,22,1939,4
2020-11-22,Fresno,019,978130,41295,36315,1255,37570,488
2020-11-22,Glenn,021,27897,939,832,34,866,4
2020-11-22,Humboldt,023,135768,875,729,2,731,9
2020-11-22,Imperial,025,180216,16014,15109,39,15148,355
2020-11-22,Inyo,027,18085,295,279,5,284,15
2020-11-22,Kern,029,883053,40258,37904,1061,38965,463
2020-11-22,Kings,031,150075,10940,10035,138,10173,85
2020-11-22,Lake,033,64148,943,834,0,834,18
2020-11-22,Lassen,035,31185,1929,1211,6,1217,0
2020-11-22,Los Angeles,037,10098052,382728,360341,5508,365849,7438
2020-11-22,Madera,039,155013,6300,5745,130,5875,56
2020-11-22,Marin,041,260295,7705,7506,27,7533,135
2020-11-22,Mariposa,043,17540,124,95,1,96,2
2020-11-22,Mendocino,045,87422,1459,1285,5,1290,22
2020-11-22,Merced,047,269075,11578,10939,102,11041,169
2020-11-22,Modoc,049,8938,104,87,19,106,0
2020-11-22,Mono,051,14174,504,481,9,490,2
2020-11-22,Monterey,053,433212,15028,13887,254,14141,111
2020-11-22,Napa,055,140530,3132,2778,17,2795,17
2020-11-22,Nevada,057,99092,1251,1052,32,1084,9
2020-11-22,Orange,059,3164182,77151,69913,2292,72205,1546
2020-11-22,Placer,061,380077,6960,5880,126,6006,66
2020-11-22,Plumas,063,18699,200,172,0,172,0
2020-11-22,Riverside,065,2383286,88851,81565,1610,83175,1409
2020-11-22,Sacramento,067,1510023,36349,33421,106,33527,555
2020-11-22,San Benito,069,59416,1810,1704,11,1715,15
2020-11-22,San Bernardino,071,2135413,92657,83505,1407,84912,1224
2020-11-22,San Diego,073,3302833,78802,71649,2810,74459,968
2020-11-22,San Francisco,075,870044,15277,14515,94,14609,153
2020-11-22,San Joaquin,077,732212,26212,24619,476,25095,517
2020-11-22,San Luis Obispo,079,281455,6265,5664,102,5766,34
2020-11-22,San Mateo,081,765935,14226,13228,14,13242,170
2020-11-22,Santa Barbara,083,443738,11395,10946,195,11141,137
2020-11-22,Santa Clara,085,1922200,34373,30633,79,30712,434
2020-11-22,Santa Cruz,087,273765,4445,3896,47,3943,25
2020-11-22,Shasta,089,179085,5134,4100,142,4242,43
2020-11-22,Sierra,091,2930,17,13,0,13,0
2020-11-22,Siskiyou,093,43540,589,411,30,441,0
2020-11-22,Solano,095,438530,10220,9363,62,9425,86
2020-11-22,Sonoma,097,501317,12132,11415,49,11464,159
2020-11-22,Stanislaus,099,539301,21520,20223,1314,21537,436
2020-11-22,Sutter,101,95872,3214,2677,11,2688,13
2020-11-22,Tehama,103,63373,1637,1457,19,1476,9
2020-11-22,Trinity,105,12862,254,114,25,139,0
2020-11-22,Tulare,107,460477,21250,19818,1242,21060,314
2020-11-22,Tuolumne,109,53932,998,689,5,694,7
2020-11-22,Ventura,111,848112,19693,18105,615,18720,179
2020-11-22,Yolo,113,214977,4813,4206,15,4221,75
2020-11-22,Yuba,115,75493,1917,1672,9,1681,10
2020-11-21,Alameda,001,1643700,29302,27424,310,27734,444
2020-11-21,Alpine,003,1148,46,41,0,41,0
2020-11-21,Amador,005,37829,489,450,1,451,16
2020-11-21,Butte,007,227075,3992,3664,186,3850,61
2020-11-21,Calaveras,009,45235,462,434,0,434,21
2020-11-21,Colusa,011,21464,713,642,3,645,6
2020-11-21,Contra Costa,013,1133247,23784,22338,144,22482,260
2020-11-21,Del Norte,015,27424,306,271,0,271,2
2020-11-21,El Dorado,017,186661,2440,1900,21,1921,4
2020-11-21,Fresno,019,978130,41039,35973,1221,37194,482
2020-11-21,Glenn,021,27897,934,829,32,861,4
2020-11-21,Humboldt,023,135768,865,728,2,730,9
2020-11-21,Imperial,025,180216,15937,15053,39,15092,355
2020-11-21,Inyo,027,18085,293,283,5,288,15
2020-11-21,Kern,029,883053,40002,37403,1026,38429,463
2020-11-21,Kings,031,150075,10892,10019,134,10153,85
2020-11-21,Lake,033,64148,930,832,0,832,18
2020-11-21,Lassen,035,31185,1862,1211,6,1217,0
2020-11-21,Los Angeles,037,10098052,379548,357754,5362,363116,7428
2020-11-21,Madera,039,155013,6263,5706,130,5836,56
2020-11-21,Marin,041,260295,7682,7488,26,7514,134
2020-11-21,Mariposa,043,17540,124,92,1,93,2
2020-11-21,Mendocino,045,87422,1428,1282,5,1287,22
2020-11-21,Merced,047,269075,11517,10849,101,10950,169
2020-11-21,Modoc,049,8938,100,87,18,105,0
2020-11-21,Mono,051,14174,499,469,9,478,2
2020-11-21,Monterey,053,433212,14930,13886,249,14135,110
2020-11-21,Napa,055,140530,3098,2757,17,2774,17
2020-11-21,Nevada,057,99092,1239,1018,31,1049,9
2020-11-21,Orange,059,3164182,76349,69021,2262,71283,1543
2020-11-21,Placer,061,380077,6846,5778,123,5901,65
2020-11-21,Plumas,063,18699,195,172,0,172,0
2020-11-21,Riverside,065,2383286,88074,80676,1564,82240,1407
2020-11-21,Sacramento,067,1510023,35953,33133,98,33231,548
2020-11-21,San Benito,069,59416,1791,1691,11,1702,15
2020-11-21,San Bernardino,071,2135413,91781,83206,1331,84537,1222
2020-11-21,San Diego,073,3302833,78023,70711,2755,73466,966
2020-11-21,San Francisco,075,870044,15174,14445,93,14538,153
2020-11-21,San Joaquin,077,732212,26079,24620,461,25081,517
2020-11-21,San Luis Obispo,079,281455,6212,5618,99,5717,34
2020-11-21,San Mateo,081,765935,14124,13138,14,13152,170
2020-11-21,Santa Barbara,083,443738,11343,10922,192,11114,137
2020-11-21,Santa Clara,085,1922200,33989,30377,76,30453,433
2020-11-21,Santa Cruz,087,273765,4388,3898,47,3945,25
2020-11-21,Shasta,089,179085,5060,4095,139,4234,42
2020-11-21,Sierra,091,2930,17,13,0,13,0
2020-11-21,Siskiyou,093,43540,573,403,30,433,0
2020-11-21,Solano,095,438530,10130,9290,59,9349,86
2020-11-21,Sonoma,097,501317,12057,11394,47,11441,158
2020-11-21,Stanislaus,099,539301,21377,20111,1289,21400,435
2020-11-21,Sutter,101,95872,3154,2615,10,2625,13
2020-11-21,Tehama,103,63373,1617,1435,18,1453,9
2020-11-21,Trinity,105,12862,251,110,24,134,0
2020-11-21,Tulare,107,460477,21124,19752,1208,20960,313
2020-11-21,Tuolumne,109,53932,979,690,5,695,7
2020-11-21,Ventura,111,848112,19529,18040,605,18645,177
2020-11-21,Yolo,113,214977,4739,4147,14,4161,75
2020-11-21,Yuba,115,75493,1885,1643,9,1652,10
2020-11-20,Alameda,001,1643700,29086,27221,303,27524,444
2020-11-20,Alpine,003,1148,46,20,0,20,0
2020-11-20,Amador,005,37829,485,446,1,447,16
2020-11-20,Butte,007,227075,3960,3618,182,3800,60
2020-11-20,Calaveras,009,45235,450,424,0,424,21
2020-11-20,Colusa,011,21464,705,631,2,633,6
2020-11-20,Contra Costa,013,1133247,23598,22116,140,22256,260
2020-11-20,Del Norte,015,27424,302,264,0,264,2
2020-11-20,El Dorado,017,186661,2344,1868,19,1887,4
2020-11-20,Fresno,019,978130,40745,35635,1191,36826,480
2020-11-20,Glenn,021,27897,922,826,30,856,4
2020-11-20,Humboldt,023,135768,856,714,1,715,9
2020-11-20,Imperial,025,180216,15875,14864,35,14899,353
2020-11-20,Inyo,027,18085,291,262,5,267,15
2020-11-20,Kern,029,883053,39709,37143,1000,38143,462
2020-11-20,Kings,031,150075,10844,9903,133,10036,85
2020-11-20,Lake,033,64148,921,820,0,820,18
2020-11-20,Lassen,035,31185,1777,1212,5,1217,0
2020-11-20,Los Angeles,037,10098052,375664,353554,5199,358753,7398
2020-11-20,Madera,039,155013,6170,5635,129,5764,54
2020-11-20,Marin,041,260295,7658,7467,25,7492,134
2020-11-20,Mariposa,043,17540,116,89,1,90,2
2020-11-20,Mendocino,045,87422,1408,1269,5,1274,22
2020-11-20,Merced,047,269075,11431,10729,101,10830,167
2020-11-20,Modoc,049,8938,100,83,18,101,0
2020-11-20,Mono,051,14174,497,469,9,478,2
2020-11-20,Monterey,053,433212,14805,13738,240,13978,110
2020-11-20,Napa,055,140530,3068,2718,17,2735,17
2020-11-20,Nevada,057,99092,1221,990,30,1020,9
2020-11-20,Orange,059,3164182,75512,68212,2224,70436,1532
2020-11-20,Placer,061,380077,6711,5687,108,5795,66
2020-11-20,Plumas,063,18699,193,163,0,163,0
2020-11-20,Riverside,065,2383286,87063,79613,1501,81114,1405
2020-11-20,Sacramento,067,1510023,35577,32832,91,32923,549
2020-11-20,San Benito,069,59416,1779,1668,11,1679,15
2020-11-20,San Bernardino,071,2135413,90415,81203,1250,82453,1220
2020-11-20,San Diego,073,3302833,77025,69233,2673,71906,960
2020-11-20,San Francisco,075,870044,15070,14327,92,14419,153
2020-11-20,San Joaquin,077,732212,25926,24460,448,24908,515
2020-11-20,San Luis Obispo,079,281455,6156,5524,96,5620,34
2020-11-20,San Mateo,081,765935,13991,12980,13,12993,169
2020-11-20,Santa Barbara,083,443738,11287,10825,186,11011,136
2020-11-20,Santa Clara,085,1922200,33567,30002,71,30073,431
2020-11-20,Santa Cruz,087,273765,4322,3815,47,3862,25
2020-11-20,Shasta,089,179085,4987,3861,134,3995,42
2020-11-20,Sierra,091,2930,17,12,0,12,0
2020-11-20,Siskiyou,093,43540,560,387,29,416,0
2020-11-20,Solano,095,438530,10038,9216,57,9273,85
2020-11-20,Sonoma,097,501317,11973,11316,46,11362,158
2020-11-20,Stanislaus,099,539301,21222,19889,1263,21152,433
2020-11-20,Sutter,101,95872,3104,2580,10,2590,13
2020-11-20,Tehama,103,63373,1602,1410,15,1425,9
2020-11-20,Trinity,105,12862,250,102,24,126,0
2020-11-20,Tulare,107,460477,20991,19568,1169,20737,311
2020-11-20,Tuolumne,109,53932,940,662,5,667,7
2020-11-20,Ventura,111,848112,19361,17741,577,18318,175
2020-11-20,Yolo,113,214977,4661,4081,13,4094,74
2020-11-20,Yuba,115,75493,1857,1611,9,1620,10
2020-11-19,Alameda,001,1643700,28740,26971,295,27266,441
2020-11-19,Alpine,003,1148,43,20,0,20,0
2020-11-19,Amador,005,37829,481,436,1,437,16
2020-11-19,Butte,007,227075,3911,3576,175,3751,60
2020-11-19,Calaveras,009,45235,440,417,0,417,21
2020-11-19,Colusa,011,21464,687,621,2,623,6
2020-11-19,Contra Costa,013,1133247,23326,21886,137,22023,259
2020-11-19,Del Norte,015,27424,294,251,0,251,2
2020-11-19,El Dorado,017,186661,2270,1825,18,1843,4
2020-11-19,Fresno,019,978130,40295,35278,1134,36412,478
2020-11-19,Glenn,021,27897,900,806,29,835,4
2020-11-19,Humboldt,023,135768,836,693,1,694,9
2020-11-19,Imperial,025,180216,15666,14507,35,14542,349
2020-11-19,Inyo,027,18085,289,262,5,267,15
2020-11-19,Kern,029,883053,39288,36779,958,37737,459
2020-11-19,Kings,031,150075,10696,9763,125,9888,85
2020-11-19,Lake,033,64148,907,809,0,809,18
2020-11-19,Lassen,035,31185,1660,1201,3,1204,0
2020-11-19,Los Angeles,037,10098052,370641,349493,5029,354522,7365
2020-11-19,Madera,039,155013,6098,5540,121,5661,54
2020-11-19,Marin,041,260295,7627,7451,25,7476,134
2020-11-19,Mariposa,043,17540,109,88,0,88,2
2020-11-19,Mendocino,045,87422,1387,1237,5,1242,23
2020-11-19,Merced,047,269075,11290,10634,95,10729,167
2020-11-19,Modoc,049,8938,97,82,18,100,0
2020-11-19,Mono,051,14174,489,468,9,477,2
2020-11-19,Monterey,053,433212,14590,13369,228,13597,108
2020-11-19,Napa,055,140530,3014,2641,17,2658,17
2020-11-19,Nevada,057,99092,1180,945,29,974,9
2020-11-19,Orange,059,3164182,74249,66998,2179,69177,1530
2020-11-19,Placer,061,380077,6520,5612,107,5719,65
2020-11-19,Plumas,063,18699,188,158,0,158,0
2020-11-19,Riverside,065,2383286,85578,78535,1430,79965,1402
2020-11-19,Sacramento,067,1510023,35063,32367,89,32456,546
2020-11-19,San Benito,069,59416,1756,1643,11,1654,15
2020-11-19,San Bernardino,071,2135413,88518,79244,1170,80414,1215
2020-11-19,San Diego,073,3302833,75775,68142,2569,70711,952
2020-11-19,San Francisco,075,870044,14913,14178,86,14264,153
2020-11-19,San Joaquin,077,732212,25606,24270,437,24707,516
2020-11-19,San Luis Obispo,079,281455,6079,5410,92,5502,34
2020-11-19,San Mateo,081,765935,13853,12714,13,12727,169
2020-11-19,Santa Barbara,083,443738,11207,10741,183,10924,136
2020-11-19,Santa Clara,085,1922200,33009,29630,70,29700,424
2020-11-19,Santa Cruz,087,273765,4232,3679,45,3724,25
2020-11-19,Shasta,089,179085,4849,3685,124,3809,42
2020-11-19,Sierra,091,2930,17,11,0,11,0
2020-11-19,Siskiyou,093,43540,535,360,28,388,0
2020-11-19,Solano,095,438530,9901,9093,53,9146,84
2020-11-19,Sonoma,097,501317,11803,11205,44,11249,156
2020-11-19,Stanislaus,099,539301,20982,19736,1221,20957,433
2020-11-19,Sutter,101,95872,3005,2509,10,2519,13
2020-11-19,Tehama,103,63373,1569,1373,12,1385,9
2020-11-19,Trinity,105,12862,244,97,24,121,0
2020-11-19,Tulare,107,460477,20769,19384,1104,20488,304
2020-11-19,Tuolumne,109,53932,907,602,5,607,7
2020-11-19,Ventura,111,848112,19008,17300,564,17864,174
2020-11-19,Yolo,113,214977,4566,3973,13,3986,72
2020-11-19,Yuba,115,75493,1817,1568,9,1577,10
2020-11-18,Alameda,001,1643700,28477,26610,290,26900,440
2020-11-18,Alpine,003,1148,42,16,0,16,0
2020-11-18,Amador,005,37829,476,430,1,431,16
2020-11-18,Butte,007,227075,3858,3537,162,3699,59
2020-11-18,Calaveras,009,45235,436,409,0,409,21
2020-11-18,Colusa,011,21464,674,611,2,613,6
2020-11-18,Contra Costa,013,1133247,23059,21685,133,21818,258
2020-11-18,Del Norte,015,27424,281,240,0,240,2
2020-11-18,El Dorado,017,186661,2182,1799,17,1816,4
2020-11-18,Fresno,019,978130,39855,34997,1083,36080,474
2020-11-18,Glenn,021,27897,883,803,27,830,4
2020-11-18,Humboldt,023,135768,822,690,1,691,9
2020-11-18,Imperial,025,180216,15444,14428,35,14463,348
2020-11-18,Inyo,027,18085,287,262,5,267,15
2020-11-18,Kern,029,883053,38899,36537,908,37445,456
2020-11-18,Kings,031,150075,10548,9696,122,9818,85
2020-11-18,Lake,033,64148,894,802,0,802,18
2020-11-18,Lassen,035,31185,1560,1124,3,1127,0
2020-11-18,Los Angeles,037,10098052,365775,344675,4844,349519,7338
2020-11-18,Madera,039,155013,6011,5519,109,5628,54
2020-11-18,Marin,041,260295,7603,7435,25,7460,134
2020-11-18,Mariposa,043,17540,106,88,0,88,2
2020-11-18,Mendocino,045,87422,1367,1237,5,1242,23
2020-11-18,Merced,047,269075,11174,10536,94,10630,166
2020-11-18,Modoc,049,8938,94,77,18,95,0
2020-11-18,Mono,051,14174,484,468,9,477,2
2020-11-18,Monterey,053,433212,14395,13340,214,13554,108
2020-11-18,Napa,055,140530,2968,2607,17,2624,17
2020-11-18,Nevada,057,99092,1140,933,27,960,9
2020-11-18,Orange,059,3164182,73151,66381,2154,68535,1521
2020-11-18,Placer,061,380077,6342,5543,102,5645,64
2020-11-18,Plumas,063,18699,183,143,0,143,0
2020-11-18,Riverside,065,2383286,84113,77739,1327,79066,1387
2020-11-18,Sacramento,067,1510023,34438,31816,81,31897,541
2020-11-18,San Benito,069,59416,1731,1632,10,1642,15
2020-11-18,San Bernardino,071,2135413,86759,77400,1090,78490,1206
2020-11-18,San Diego,073,3302833,74481,67243,2509,69752,945
2020-11-18,San Francisco,075,870044,14769,14057,84,14141,153
2020-11-18,San Joaquin,077,732212,25340,24146,422,24568,517
2020-11-18,San Luis Obispo,079,281455,6003,5322,91,5413,34
2020-11-18,San Mateo,081,765935,13700,12631,12,12643,169
2020-11-18,Santa Barbara,083,443738,11128,10684,176,10860,136
2020-11-18,Santa Clara,085,1922200,32544,29285,65,29350,421
2020-11-18,Santa Cruz,087,273765,4140,3618,43,3661,25
2020-11-18,Shasta,089,179085,4715,3547,120,3667,42
2020-11-18,Sierra,091,2930,17,11,0,11,0
2020-11-18,Siskiyou,093,43540,503,351,27,378,0
2020-11-18,Solano,095,438530,9769,8994,51,9045,84
2020-11-18,Sonoma,097,501317,11696,11129,41,11170,155
2020-11-18,Stanislaus,099,539301,20739,19609,1196,20805,431
2020-11-18,Sutter,101,95872,2887,2442,10,2452,13
2020-11-18,Tehama,103,63373,1531,1338,12,1350,8
2020-11-18,Trinity,105,12862,230,95,23,118,0
2020-11-18,Tulare,107,460477,20559,19286,1053,20339,306
2020-11-18,Tuolumne,109,53932,872,590,5,595,7
2020-11-18,Ventura,111,848112,18683,17169,549,17718,173
2020-11-18,Yolo,113,214977,4492,3929,13,3942,71
2020-11-18,Yuba,115,75493,1763,1540,9,1549,10
2020-11-17,Alameda,001,1643700,28150,26425,280,26705,439
2020-11-17,Alpine,003,1148,40,12,0,12,0
2020-11-17,Amador,005,37829,465,423,1,424,16
2020-11-17,Butte,007,227075,3816,3500,152,3652,59
2020-11-17,Calaveras,009,45235,421,405,0,405,21
2020-11-17,Colusa,011,21464,663,606,1,607,6
2020-11-17,Contra Costa,013,1133247,22786,21557,128,21685,256
2020-11-17,Del Norte,015,27424,275,233,0,233,2
2020-11-17,El Dorado,017,186661,2123,1758,17,1775,4
2020-11-17,Fresno,019,978130,39257,34765,1024,35789,472
2020-11-17,Glenn,021,27897,872,795,26,821,4
2020-11-17,Humboldt,023,135768,800,685,1,686,9
2020-11-17,Imperial,025,180216,15208,14204,33,14237,346
2020-11-17,Inyo,027,18085,286,263,5,268,15
2020-11-17,Kern,029,883053,38449,36164,855,37019,455
2020-11-17,Kings,031,150075,10475,9653,115,9768,85
2020-11-17,Lake,033,64148,874,792,0,792,18
2020-11-17,Lassen,035,31185,1481,1124,3,1127,0
2020-11-17,Los Angeles,037,10098052,360831,340933,4680,345613,7302
2020-11-17,Madera,039,155013,5922,5485,102,5587,54
2020-11-17,Marin,041,260295,7571,7404,24,7428,134
2020-11-17,Mariposa,043,17540,103,87,0,87,2
2020-11-17,Mendocino,045,87422,1346,1216,5,1221,23
2020-11-17,Merced,047,269075,11030,10457,87,10544,162
2020-11-17,Modoc,049,8938,88,71,17,88,0
2020-11-17,Mono,051,14174,479,459,9,468,2
2020-11-17,Monterey,053,433212,14166,13220,204,13424,108
2020-11-17,Napa,055,140530,2914,2568,17,2585,17
2020-11-17,Nevada,057,99092,1099,918,26,944,9
2020-11-17,Orange,059,3164182,72000,65757,2127,67884,1519
2020-11-17,Placer,061,380077,6180,5435,96,5531,63
2020-11-17,Plumas,063,18699,175,142,0,142,0
2020-11-17,Riverside,065,2383286,82726,77079,1236,78315,1379
2020-11-17,Sacramento,067,1510023,33839,31341,77,31418,538
2020-11-17,San Benito,069,59416,1715,1611,4,1615,15
2020-11-17,San Bernardino,071,2135413,84946,76134,1000,77134,1188
2020-11-17,San Diego,073,3302833,73228,66321,2453,68774,933
2020-11-17,San Francisco,075,870044,14603,13952,83,14035,153
2020-11-17,San Joaquin,077,732212,25068,23997,402,24399,516
2020-11-17,San Luis Obispo,079,281455,5907,5235,91,5326,34
2020-11-17,San Mateo,081,765935,13538,12491,11,12502,169
2020-11-17,Santa Barbara,083,443738,11043,10597,171,10768,136
2020-11-17,Santa Clara,085,1922200,31997,29013,64,29077,419
2020-11-17,Santa Cruz,087,273765,4055,3548,40,3588,25
2020-11-17,Shasta,089,179085,4557,3457,108,3565,40
2020-11-17,Sierra,091,2930,15,11,0,11,0
2020-11-17,Siskiyou,093,43540,455,333,26,359,0
2020-11-17,Solano,095,438530,9624,8905,50,8955,84
2020-11-17,Sonoma,097,501317,11562,11084,40,11124,155
2020-11-17,Stanislaus,099,539301,20515,19466,1168,20634,425
2020-11-17,Sutter,101,95872,2804,2370,9,2379,12
2020-11-17,Tehama,103,63373,1480,1290,12,1302,7
2020-11-17,Trinity,105,12862,213,83,23,106,0
2020-11-17,Tulare,107,460477,20328,19176,991,20167,305
2020-11-17,Tuolumne,109,53932,834,568,5,573,7
2020-11-17,Ventura,111,848112,18411,16797,531,17328,173
2020-11-17,Yolo,113,214977,4315,3887,12,3899,70
2020-11-17,Yuba,115,75493,1715,1519,9,1528,10
2020-11-16,Alameda,001,1643700,27803,26063,275,26338,436
2020-11-16,Alpine,003,1148,37,12,0,12,0
2020-11-16,Amador,005,37829,457,414,1,415,16
2020-11-16,Butte,007,227075,3777,3490,144,3634,58
2020-11-16,Calaveras,009,45235,413,402,0,402,21
2020-11-16,Colusa,011,21464,654,601,1,602,6
2020-11-16,Contra Costa,013,1133247,22519,21386,123,21509,256
2020-11-16,Del Norte,015,27424,268,225,0,225,2
2020-11-16,El Dorado,017,186661,2063,1694,15,1709,4
2020-11-16,Fresno,019,978130,38767,34593,970,35563,471
2020-11-16,Glenn,021,27897,860,786,25,811,4
2020-11-16,Humboldt,023,135768,784,660,1,661,9
2020-11-16,Imperial,025,180216,14960,14111,33,14144,346
2020-11-16,Inyo,027,18085,283,263,5,268,15
2020-11-16,Kern,029,883053,38055,36049,812,36861,455
2020-11-16,Kings,031,150075,10208,9569,111,9680,85
2020-11-16,Lake,033,64148,862,784,0,784,18
2020-11-16,Lassen,035,31185,1300,1124,3,1127,0
2020-11-16,Los Angeles,037,10098052,356085,338778,4506,343284,7277
2020-11-16,Madera,039,155013,5835,5433,96,5529,54
2020-11-16,Marin,041,260295,7542,7359,24,7383,134
2020-11-16,Mariposa,043,17540,100,86,0,86,2
2020-11-16,Mendocino,045,87422,1321,1209,5,1214,23
2020-11-16,Merced,047,269075,10892,10399,84,10483,162
2020-11-16,Modoc,049,8938,86,71,17,88,0
2020-11-16,Mono,051,14174,477,453,9,462,2
2020-11-16,Monterey,053,433212,13920,13089,194,13283,107
2020-11-16,Napa,055,140530,2838,2536,17,2553,17
2020-11-16,Nevada,057,99092,1056,889,24,913,9
2020-11-16,Orange,059,3164182,70902,65396,2113,67509,1519
2020-11-16,Placer,061,380077,6060,5387,87,5474,63
2020-11-16,Plumas,063,18699,168,127,0,127,0
2020-11-16,Riverside,065,2383286,81351,76449,1171,77620,1379
2020-11-16,Sacramento,067,1510023,33201,30954,70,31024,534
2020-11-16,San Benito,069,59416,1697,1603,3,1606,15
2020-11-16,San Bernardino,071,2135413,83118,74401,931,75332,1186
2020-11-16,San Diego,073,3302833,71917,65603,2381,67984,926
2020-11-16,San Francisco,075,870044,14444,13847,80,13927,153
2020-11-16,San Joaquin,077,732212,24780,23515,393,23908,513
2020-11-16,San Luis Obispo,079,281455,5804,5161,86,5247,34
2020-11-16,San Mateo,081,765935,13378,12398,11,12409,169
2020-11-16,Santa Barbara,083,443738,10978,10565,167,10732,135
2020-11-16,Santa Clara,085,1922200,31431,28673,63,28736,419
2020-11-16,Santa Cruz,087,273765,3982,3520,40,3560,25
2020-11-16,Shasta,089,179085,4409,3284,103,3387,37
2020-11-16,Sierra,091,2930,15,11,0,11,0
2020-11-16,Siskiyou,093,43540,428,294,26,320,0
2020-11-16,Solano,095,438530,9425,8827,50,8877,84
2020-11-16,Sonoma,097,501317,11471,10961,39,11000,155
2020-11-16,Stanislaus,099,539301,20279,19333,1141,20474,425
2020-11-16,Sutter,101,95872,2698,2322,9,2331,12
2020-11-16,Tehama,103,63373,1435,1261,8,1269,7
2020-11-16,Trinity,105,12862,201,67,23,90,0
2020-11-16,Tulare,107,460477,20149,18891,937,19828,305
2020-11-16,Tuolumne,109,53932,798,543,5,548,7
2020-11-16,Ventura,111,848112,18073,16691,523,17214,172
2020-11-16,Yolo,113,214977,4219,3858,12,3870,70
2020-11-16,Yuba,115,75493,1679,1500,8,1508,10
2020-11-15,Alameda,001,1643700,27485,25879,269,26148,436
2020-11-15,Alpine,003,1148,35,12,0,12,0
2020-11-15,Amador,005,37829,445,409,1,410,16
2020-11-15,Butte,007,227075,3723,3452,135,3587,58
2020-11-15,Calaveras,009,45235,399,386,0,386,21
2020-11-15,Colusa,011,21464,645,601,1,602,6
2020-11-15,Contra Costa,013,1133247,22220,21179,122,21301,256
2020-11-15,Del Norte,015,27424,253,224,0,224,2
2020-11-15,El Dorado,017,186661,2001,1683,14,1697,4
2020-11-15,Fresno,019,978130,38253,34297,932,35229,471
2020-11-15,Glenn,021,27897,848,783,24,807,4
2020-11-15,Humboldt,023,135768,755,653,1,654,9
2020-11-15,Imperial,025,180216,14723,13940,33,13973,346
2020-11-15,Inyo,027,18085,273,263,5,268,15
2020-11-15,Kern,029,883053,37650,35911,777,36688,455
2020-11-15,Kings,031,150075,10015,9533,107,9640,85
2020-11-15,Lake,033,64148,853,777,0,777,17
2020-11-15,Lassen,035,31185,1253,1124,3,1127,0
2020-11-15,Los Angeles,037,10098052,351042,336035,4334,340369,7271
2020-11-15,Madera,039,155013,5738,5391,90,5481,54
2020-11-15,Marin,041,260295,7516,7347,24,7371,133
2020-11-15,Mariposa,043,17540,97,86,0,86,2
2020-11-15,Mendocino,045,87422,1302,1197,5,1202,22
2020-11-15,Merced,047,269075,10759,10350,84,10434,162
2020-11-15,Modoc,049,8938,85,68,17,85,0
2020-11-15,Mono,051,14174,475,453,9,462,2
2020-11-15,Monterey,053,433212,13723,12999,181,13180,107
2020-11-15,Napa,055,140530,2779,2509,15,2524,17
2020-11-15,Nevada,057,99092,1001,859,24,883,9
2020-11-15,Orange,059,3164182,69861,65008,2097,67105,1519
2020-11-15,Placer,061,380077,5905,5330,79,5409,63
2020-11-15,Plumas,063,18699,162,127,0,127,0
2020-11-15,Riverside,065,2383286,80027,75531,1112,76643,1374
2020-11-15,Sacramento,067,1510023,32575,30601,65,30666,534
2020-11-15,San Benito,069,59416,1672,1589,2,1591,15
2020-11-15,San Bernardino,071,2135413,80966,73769,856,74625,1185
2020-11-15,San Diego,073,3302833,70416,64770,2324,67094,926
2020-11-15,San Francisco,075,870044,14268,13757,79,13836,153
2020-11-15,San Joaquin,077,732212,24570,23516,377,23893,513
2020-11-15,San Luis Obispo,079,281455,5681,5120,84,5204,34
2020-11-15,San Mateo,081,765935,13201,12348,11,12359,169
2020-11-15,Santa Barbara,083,443738,10883,10516,165,10681,135
2020-11-15,Santa Clara,085,1922200,30977,28289,62,28351,418
2020-11-15,Santa Cruz,087,273765,3844,3439,39,3478,25
2020-11-15,Shasta,089,179085,4236,3290,94,3384,37
2020-11-15,Sierra,091,2930,15,11,0,11,0
2020-11-15,Siskiyou,093,43540,409,294,26,320,0
2020-11-15,Solano,095,438530,9264,8713,47,8760,84
2020-11-15,Sonoma,097,501317,11351,10833,38,10871,154
2020-11-15,Stanislaus,099,539301,20007,19228,1116,20344,425
2020-11-15,Sutter,101,95872,2608,2230,9,2239,12
2020-11-15,Tehama,103,63373,1384,1222,7,1229,7
2020-11-15,Trinity,105,12862,191,67,21,88,0
2020-11-15,Tulare,107,460477,19932,18891,884,19775,305
2020-11-15,Tuolumne,109,53932,756,486,5,491,7
2020-11-15,Ventura,111,848112,17799,16564,515,17079,172
2020-11-15,Yolo,113,214977,4116,3819,11,3830,67
2020-11-15,Yuba,115,75493,1638,1470,7,1477,10
2020-11-14,Alameda,001,1643700,27218,25714,267,25981,435
2020-11-14,Alpine,003,1148,35,12,0,12,0
2020-11-14,Amador,005,37829,436,404,0,404,16
2020-11-14,Butte,007,227075,3687,3434,121,3555,58
2020-11-14,Calaveras,009,45235,398,386,0,386,21
2020-11-14,Colusa,011,21464,633,601,1,602,6
2020-11-14,Contra Costa,013,1133247,22081,20975,115,21090,256
2020-11-14,Del Norte,015,27424,247,219,0,219,2
2020-11-14,El Dorado,017,186661,1957,1648,14,1662,4
2020-11-14,Fresno,019,978130,38003,33969,895,34864,471
2020-11-14,Glenn,021,27897,839,772,21,793,3
2020-11-14,Humboldt,023,135768,740,643,1,644,9
2020-11-14,Imperial,025,180216,14630,13932,32,13964,346
2020-11-14,Inyo,027,18085,272,263,5,268,15
2020-11-14,Kern,029,883053,37441,35626,758,36384,454
2020-11-14,Kings,031,150075,9980,9490,104,9594,85
2020-11-14,Lake,033,64148,844,773,0,773,17
2020-11-14,Lassen,035,31185,1239,833,3,836,0
2020-11-14,Los Angeles,037,10098052,348334,333021,4225,337246,7269
2020-11-14,Madera,039,155013,5708,5371,88,5459,54
2020-11-14,Marin,041,260295,7500,7325,24,7349,133
2020-11-14,Mariposa,043,17540,96,86,0,86,2
2020-11-14,Mendocino,045,87422,1286,1181,5,1186,22
2020-11-14,Merced,047,269075,10703,10286,82,10368,161
2020-11-14,Modoc,049,8938,84,64,16,80,0
2020-11-14,Mono,051,14174,475,453,9,462,2
2020-11-14,Monterey,053,433212,13627,12854,171,13025,105
2020-11-14,Napa,055,140530,2745,2473,15,2488,17
2020-11-14,Nevada,057,99092,985,835,24,859,9
2020-11-14,Orange,059,3164182,69240,64340,2086,66426,1517
2020-11-14,Placer,061,380077,5829,5215,73,5288,63
2020-11-14,Plumas,063,18699,157,128,0,128,0
2020-11-14,Riverside,065,2383286,79286,74910,1073,75983,1373
2020-11-14,Sacramento,067,1510023,32249,30298,65,30363,532
2020-11-14,San Benito,069,59416,1657,1573,2,1575,15
2020-11-14,San Bernardino,071,2135413,80032,72868,824,73692,1184
2020-11-14,San Diego,073,3302833,69651,63715,2272,65987,926
2020-11-14,San Francisco,075,870044,14180,13661,78,13739,153
2020-11-14,San Joaquin,077,732212,24479,23516,369,23885,511
2020-11-14,San Luis Obispo,079,281455,5617,5073,79,5152,34
2020-11-14,San Mateo,081,765935,13093,12293,11,12304,169
2020-11-14,Santa Barbara,083,443738,10829,10482,163,10645,135
2020-11-14,Santa Clara,085,1922200,30692,27962,60,28022,416
2020-11-14,Santa Cruz,087,273765,3789,3402,39,3441,25
2020-11-14,Shasta,089,179085,4155,3195,92,3287,37
2020-11-14,Sierra,091,2930,15,11,0,11,0
2020-11-14,Siskiyou,093,43540,396,292,26,318,0
2020-11-14,Solano,095,438530,9184,8655,46,8701,84
2020-11-14,Sonoma,097,501317,11298,10769,38,10807,154
2020-11-14,Stanislaus,099,539301,19864,19068,1094,20162,424
2020-11-14,Sutter,101,95872,2563,2182,9,2191,12
2020-11-14,Tehama,103,63373,1363,1206,6,1212,7
2020-11-14,Trinity,105,12862,186,67,21,88,0
2020-11-14,Tulare,107,460477,19837,18853,856,19709,305
2020-11-14,Tuolumne,109,53932,728,448,5,453,7
2020-11-14,Ventura,111,848112,17653,16297,504,16801,172
2020-11-14,Yolo,113,214977,4073,3765,9,3774,65
2020-11-14,Yuba,115,75493,1609,1453,7,1460,10
2020-11-13,Alameda,001,1643700,27002,25515,262,25777,434
2020-11-13,Alpine,003,1148,35,12,0,12,0
2020-11-13,Amador,005,37829,433,397,0,397,16
2020-11-13,Butte,007,227075,3663,3402,112,3514,58
2020-11-13,Calaveras,009,45235,394,378,0,378,21
2020-11-13,Colusa,011,21464,625,598,1,599,6
2020-11-13,Contra Costa,013,1133247,21908,20799,115,20914,256
2020-11-13,Del Norte,015,27424,244,208,0,208,2
2020-11-13,El Dorado,017,186661,1912,1611,13,1624,4
2020-11-13,Fresno,019,978130,37756,33693,881,34574,470
2020-11-13,Glenn,021,27897,825,755,17,772,3
2020-11-13,Humboldt,023,135768,725,638,1,639,9
2020-11-13,Imperial,025,180216,14560,13790,31,13821,341
2020-11-13,Inyo,027,18085,271,262,5,267,15
2020-11-13,Kern,029,883053,37239,35431,741,36172,453
2020-11-13,Kings,031,150075,9921,9428,103,9531,85
2020-11-13,Lake,033,64148,838,770,0,770,17
2020-11-13,Lassen,035,31185,1230,832,3,835,0
2020-11-13,Los Angeles,037,10098052,345208,329364,4118,333482,7248
2020-11-13,Madera,039,155013,5668,5340,87,5427,54
2020-11-13,Marin,041,260295,7487,7307,23,7330,133
2020-11-13,Mariposa,043,17540,94,86,0,86,2
2020-11-13,Mendocino,045,87422,1274,1173,5,1178,22
2020-11-13,Merced,047,269075,10647,10185,79,10264,159
2020-11-13,Modoc,049,8938,84,63,14,77,0
2020-11-13,Mono,051,14174,475,448,8,456,2
2020-11-13,Monterey,053,433212,13431,12681,159,12840,104
2020-11-13,Napa,055,140530,2706,2440,15,2455,17
2020-11-13,Nevada,057,99092,966,798,24,822,9
2020-11-13,Orange,059,3164182,68641,63804,2066,65870,1514
2020-11-13,Placer,061,380077,5724,5122,67,5189,63
2020-11-13,Plumas,063,18699,151,125,0,125,0
2020-11-13,Riverside,065,2383286,78547,74138,1044,75182,1372
2020-11-13,Sacramento,067,1510023,31931,29787,60,29847,524
2020-11-13,San Benito,069,59416,1645,1553,1,1554,15
2020-11-13,San Bernardino,071,2135413,78984,71895,803,72698,1184
2020-11-13,San Diego,073,3302833,68804,62978,2234,65212,921
2020-11-13,San Francisco,075,870044,14087,13516,76,13592,146
2020-11-13,San Joaquin,077,732212,24384,23314,363,23677,510
2020-11-13,San Luis Obispo,079,281455,5550,4960,76,5036,34
2020-11-13,San Mateo,081,765935,12999,12182,11,12193,169
2020-11-13,Santa Barbara,083,443738,10777,10405,161,10566,134
2020-11-13,Santa Clara,085,1922200,30365,27609,58,27667,415
2020-11-13,Santa Cruz,087,273765,3716,3343,39,3382,25
2020-11-13,Shasta,089,179085,4071,2983,88,3071,37
2020-11-13,Sierra,091,2930,15,11,0,11,0
2020-11-13,Siskiyou,093,43540,391,280,25,305,0
2020-11-13,Solano,095,438530,9093,8525,46,8571,84
2020-11-13,Sonoma,097,501317,11237,10685,36,10721,151
2020-11-13,Stanislaus,099,539301,19739,18936,1066,20002,422
2020-11-13,Sutter,101,95872,2517,2121,8,2129,12
2020-11-13,Tehama,103,63373,1335,1167,6,1173,7
2020-11-13,Trinity,105,12862,184,64,21,85,0
2020-11-13,Tulare,107,460477,19713,18714,815,19529,305
2020-11-13,Tuolumne,109,53932,695,427,5,432,7
2020-11-13,Ventura,111,848112,17507,16172,490,16662,171
2020-11-13,Yolo,113,214977,4022,3716,9,3725,65
2020-11-13,Yuba,115,75493,1582,1435,7,1442,10
2020-11-12,Alameda,001,1643700,26735,25345,262,25607,432
2020-11-12,Alpine,003,1148,34,12,0,12,0
2020-11-12,Amador,005,37829,432,392,0,392,16
2020-11-12,Butte,007,227075,3614,3347,109,3456,58
2020-11-12,Calaveras,009,45235,389,373,0,373,21
2020-11-12,Colusa,011,21464,620,591,1,592,6
2020-11-12,Contra Costa,013,1133247,21701,20619,113,20732,255
2020-11-12,Del Norte,015,27424,237,203,0,203,2
2020-11-12,El Dorado,017,186661,1866,1573,9,1582,4
2020-11-12,Fresno,019,978130,37407,33459,839,34298,468
2020-11-12,Glenn,021,27897,806,727,17,744,3
2020-11-12,Humboldt,023,135768,712,625,1,626,9
2020-11-12,Imperial,025,180216,14395,13619,31,13650,341
2020-11-12,Inyo,027,18085,270,255,5,260,15
2020-11-12,Kern,029,883053,36975,35207,726,35933,451
2020-11-12,Kings,031,150075,9854,9335,102,9437,85
2020-11-12,Lake,033,64148,829,764,0,764,17
2020-11-12,Lassen,035,31185,1161,832,2,834,0
2020-11-12,Los Angeles,037,10098052,341467,327001,4017,331018,7223
2020-11-12,Madera,039,155013,5633,5273,82,5355,54
2020-11-12,Marin,041,260295,7458,7268,23,7291,133
2020-11-12,Mariposa,043,17540,92,84,0,84,2
2020-11-12,Mendocino,045,87422,1255,1142,5,1147,22
2020-11-12,Merced,047,269075,10533,10107,76,10183,158
2020-11-12,Modoc,049,8938,84,63,14,77,0
2020-11-12,Mono,051,14174,474,442,8,450,2
2020-11-12,Monterey,053,433212,13310,12489,145,12634,100
2020-11-12,Napa,055,140530,2644,2398,15,2413,16
2020-11-12,Nevada,057,99092,943,780,23,803,9
2020-11-12,Orange,059,3164182,67896,63232,2047,65279,1514
2020-11-12,Placer,061,380077,5614,5044,58,5102,62
2020-11-12,Plumas,063,18699,147,121,0,121,0
2020-11-12,Riverside,065,2383286,77615,73381,1001,74382,1362
2020-11-12,Sacramento,067,1510023,31440,29459,53,29512,520
2020-11-12,San Benito,069,59416,1625,1525,1,1526,15
2020-11-12,San Bernardino,071,2135413,77618,70758,764,71522,1183
2020-11-12,San Diego,073,3302833,67824,62336,2183,64519,918
2020-11-12,San Francisco,075,870044,13989,13289,75,13364,146
2020-11-12,San Joaquin,077,732212,24191,23002,342,23344,509
2020-11-12,San Luis Obispo,079,281455,5486,4898,75,4973,33
2020-11-12,San Mateo,081,765935,12874,12086,10,12096,169
2020-11-12,Santa Barbara,083,443738,10715,10325,156,10481,134
2020-11-12,Santa Clara,085,1922200,29989,27261,57,27318,414
2020-11-12,Santa Cruz,087,273765,3633,3317,37,3354,25
2020-11-12,Shasta,089,179085,3934,2825,77,2902,37
2020-11-12,Sierra,091,2930,15,11,0,11,0
2020-11-12,Siskiyou,093,43540,374,275,20,295,0
2020-11-12,Solano,095,438530,8993,8417,45,8462,85
2020-11-12,Sonoma,097,501317,11135,10602,35,10637,151
2020-11-12,Stanislaus,099,539301,19570,18787,1037,19824,422
2020-11-12,Sutter,101,95872,2434,2075,7,2082,12
2020-11-12,Tehama,103,63373,1308,1117,6,1123,7
2020-11-12,Trinity,105,12862,176,62,20,82,0
2020-11-12,Tulare,107,460477,19601,18545,777,19322,305
2020-11-12,Tuolumne,109,53932,656,353,5,358,7
2020-11-12,Ventura,111,848112,17257,16013,484,16497,158
2020-11-12,Yolo,113,214977,3978,3646,9,3655,63
2020-11-12,Yuba,115,75493,1547,1410,7,1417,10
2020-11-11,Alameda,001,1643700,26492,25140,260,25400,429
2020-11-11,Alpine,003,1148,29,12,0,12,0
2020-11-11,Amador,005,37829,425,389,0,389,16
2020-11-11,Butte,007,227075,3588,3348,96,3444,58
2020-11-11,Calaveras,009,45235,379,373,0,373,21
2020-11-11,Colusa,011,21464,614,591,1,592,6
2020-11-11,Contra Costa,013,1133247,21483,20452,111,20563,255
2020-11-11,Del Norte,015,27424,230,203,0,203,2
2020-11-11,El Dorado,017,186661,1820,1564,8,1572,4
2020-11-11,Fresno,019,978130,37088,33287,804,34091,468
2020-11-11,Glenn,021,27897,790,722,16,738,3
2020-11-11,Humboldt,023,135768,698,623,1,624,9
2020-11-11,Imperial,025,180216,14225,13623,29,13652,340
2020-11-11,Inyo,027,18085,268,255,5,260,15
2020-11-11,Kern,029,883053,36700,35014,709,35723,449
2020-11-11,Kings,031,150075,9748,9263,99,9362,85
2020-11-11,Lake,033,64148,819,763,0,763,17
2020-11-11,Lassen,035,31185,1136,831,2,833,0
2020-11-11,Los Angeles,037,10098052,338102,324567,3933,328500,7220
2020-11-11,Madera,039,155013,5598,5248,80,5328,54
2020-11-11,Marin,041,260295,7435,7268,23,7291,133
2020-11-11,Mariposa,043,17540,92,84,0,84,2
2020-11-11,Mendocino,045,87422,1243,1142,5,1147,22
2020-11-11,Merced,047,269075,10462,10074,74,10148,157
2020-11-11,Modoc,049,8938,80,62,13,75,0
2020-11-11,Mono,051,14174,472,443,8,451,2
2020-11-11,Monterey,053,433212,13166,12417,141,12558,100
2020-11-11,Napa,055,140530,2595,2365,12,2377,15
2020-11-11,Nevada,057,99092,901,741,23,764,9
2020-11-11,Orange,059,3164182,67257,62929,2024,64953,1506
2020-11-11,Placer,061,380077,5530,4981,50,5031,60
2020-11-11,Plumas,063,18699,145,111,0,111,0
2020-11-11,Riverside,065,2383286,76711,72953,955,73908,1361
2020-11-11,Sacramento,067,1510023,30983,28968,51,29019,520
2020-11-11,San Benito,069,59416,1611,1512,1,1513,15
2020-11-11,San Bernardino,071,2135413,76331,70374,737,71111,1182
2020-11-11,San Diego,073,3302833,66889,61746,2122,63868,918
2020-11-11,San Francisco,075,870044,13881,13287,74,13361,146
2020-11-11,San Joaquin,077,732212,24031,23001,336,23337,509
2020-11-11,San Luis Obispo,079,281455,5410,4832,72,4904,33
2020-11-11,San Mateo,081,765935,12759,12008,10,12018,169
2020-11-11,Santa Barbara,083,443738,10649,10278,156,10434,134
2020-11-11,Santa Clara,085,1922200,29636,27075,56,27131,413
2020-11-11,Santa Cruz,087,273765,3565,3247,37,3284,25
2020-11-11,Shasta,089,179085,3810,2766,67,2833,36
2020-11-11,Sierra,091,2930,13,11,0,11,0
2020-11-11,Siskiyou,093,43540,343,261,17,278,0
2020-11-11,Solano,095,438530,8875,8353,43,8396,85
2020-11-11,Sonoma,097,501317,11061,10498,35,10533,150
2020-11-11,Stanislaus,099,539301,19433,18671,1007,19678,422
2020-11-11,Sutter,101,95872,2386,2049,6,2055,12
2020-11-11,Tehama,103,63373,1266,1105,5,1110,7
2020-11-11,Trinity,105,12862,165,62,20,82,0
2020-11-11,Tulare,107,460477,19470,18500,746,19246,305
2020-11-11,Tuolumne,109,53932,600,354,4,358,7
2020-11-11,Ventura,111,848112,17042,15801,471,16272,158
2020-11-11,Yolo,113,214977,3927,3606,9,3615,63
2020-11-11,Yuba,115,75493,1532,1400,7,1407,10
2020-11-10,Alameda,001,1643700,26262,25008,257,25265,424
2020-11-10,Alpine,003,1148,29,9,0,9,0
2020-11-10,Amador,005,37829,419,384,0,384,16
2020-11-10,Butte,007,227075,3552,3327,92,3419,58
2020-11-10,Calaveras,009,45235,374,367,0,367,21
2020-11-10,Colusa,011,21464,606,590,1,591,6
2020-11-10,Contra Costa,013,1133247,21276,20326,109,20435,255
2020-11-10,Del Norte,015,27424,224,196,0,196,2
2020-11-10,El Dorado,017,186661,1759,1551,8,1559,4
2020-11-10,Fresno,019,978130,36818,33024,766,33790,465
2020-11-10,Glenn,021,27897,782,719,12,731,3
2020-11-10,Humboldt,023,135768,681,610,1,611,9
2020-11-10,Imperial,025,180216,14096,13570,29,13599,338
2020-11-10,Inyo,027,18085,267,252,5,257,14
2020-11-10,Kern,029,883053,36423,34858,690,35548,448
2020-11-10,Kings,031,150075,9701,9236,92,9328,85
2020-11-10,Lake,033,64148,809,762,0,762,16
2020-11-10,Lassen,035,31185,1121,830,2,832,0
2020-11-10,Los Angeles,037,10098052,334850,322569,3819,326388,7205
2020-11-10,Madera,039,155013,5556,5229,74,5303,54
2020-11-10,Marin,041,260295,7416,7259,23,7282,133
2020-11-10,Mariposa,043,17540,90,84,0,84,2
2020-11-10,Mendocino,045,87422,1235,1137,5,1142,22
2020-11-10,Merced,047,269075,10400,9992,68,10060,157
2020-11-10,Modoc,049,8938,78,61,13,74,0
2020-11-10,Mono,051,14174,470,443,8,451,2
2020-11-10,Monterey,053,433212,13031,12335,133,12468,100
2020-11-10,Napa,055,140530,2557,2341,10,2351,15
2020-11-10,Nevada,057,99092,885,734,23,757,9
2020-11-10,Orange,059,3164182,66706,62597,2014,64611,1504
2020-11-10,Placer,061,380077,5450,4902,49,4951,60
2020-11-10,Plumas,063,18699,141,108,0,108,0
2020-11-10,Riverside,065,2383286,76069,72316,928,73244,1359
2020-11-10,Sacramento,067,1510023,30576,28677,48,28725,519
2020-11-10,San Benito,069,59416,1596,1508,1,1509,15
2020-11-10,San Bernardino,071,2135413,75161,69666,704,70370,1182
2020-11-10,San Diego,073,3302833,65998,61085,2085,63170,915
2020-11-10,San Francisco,075,870044,13764,13210,74,13284,146
2020-11-10,San Joaquin,077,732212,23866,22865,329,23194,508
2020-11-10,San Luis Obispo,079,281455,5347,4780,69,4849,33
2020-11-10,San Mateo,081,765935,12658,11939,10,11949,169
2020-11-10,Santa Barbara,083,443738,10582,10252,152,10404,134
2020-11-10,Santa Clara,085,1922200,29292,26917,55,26972,409
2020-11-10,Santa Cruz,087,273765,3501,3221,37,3258,25
2020-11-10,Shasta,089,179085,3667,2686,59,2745,36
2020-11-10,Sierra,091,2930,12,10,0,10,0
2020-11-10,Siskiyou,093,43540,326,263,16,279,0
2020-11-10,Solano,095,438530,8777,8299,43,8342,85
2020-11-10,Sonoma,097,501317,10974,10414,35,10449,150
2020-11-10,Stanislaus,099,539301,19299,18592,983,19575,420
2020-11-10,Sutter,101,95872,2291,2035,5,2040,12
2020-11-10,Tehama,103,63373,1240,1099,4,1103,7
2020-11-10,Trinity,105,12862,156,62,18,80,0
2020-11-10,Tulare,107,460477,19355,18430,722,19152,305
2020-11-10,Tuolumne,109,53932,552,353,4,357,7
2020-11-10,Ventura,111,848112,16859,15625,469,16094,158
2020-11-10,Yolo,113,214977,3866,3573,9,3582,63
2020-11-10,Yuba,115,75493,1509,1392,7,1399,10
2020-11-09,Alameda,001,1643700,26013,24899,253,25152,424
2020-11-09,Alpine,003,1148,27,6,0,6,0
2020-11-09,Amador,005,37829,410,380,0,380,16
2020-11-09,Butte,007,227075,3507,3301,83,3384,57
2020-11-09,Calaveras,009,45235,370,360,0,360,21
2020-11-09,Colusa,011,21464,600,583,1,584,6
2020-11-09,Contra Costa,013,1133247,21103,20193,107,20300,255
2020-11-09,Del Norte,015,27424,218,195,0,195,2
2020-11-09,El Dorado,017,186661,1718,1515,8,1523,4
2020-11-09,Fresno,019,978130,36507,32755,726,33481,465
2020-11-09,Glenn,021,27897,776,714,9,723,3
2020-11-09,Humboldt,023,135768,668,607,1,608,9
2020-11-09,Imperial,025,180216,13979,13508,28,13536,338
2020-11-09,Inyo,027,18085,267,252,5,257,14
2020-11-09,Kern,029,883053,36192,34764,654,35418,448
2020-11-09,Kings,031,150075,9631,9141,90,9231,84
2020-11-09,Lake,033,64148,800,755,0,755,16
2020-11-09,Lassen,035,31185,1025,799,2,801,0
2020-11-09,Los Angeles,037,10098052,331753,320370,3744,324114,7180
2020-11-09,Madera,039,155013,5510,5209,71,5280,54
2020-11-09,Marin,041,260295,7390,7237,22,7259,131
2020-11-09,Mariposa,043,17540,90,84,0,84,2
2020-11-09,Mendocino,045,87422,1223,1132,5,1137,22
2020-11-09,Merced,047,269075,10297,9922,65,9987,157
2020-11-09,Modoc,049,8938,74,54,12,66,0
2020-11-09,Mono,051,14174,467,352,8,360,2
2020-11-09,Monterey,053,433212,12884,12148,125,12273,98
2020-11-09,Napa,055,140530,2514,2309,10,2319,15
2020-11-09,Nevada,057,99092,848,729,22,751,9
2020-11-09,Orange,059,3164182,66065,62335,2002,64337,1501
2020-11-09,Placer,061,380077,5365,4843,37,4880,60
2020-11-09,Plumas,063,18699,134,102,0,102,0
2020-11-09,Riverside,065,2383286,75285,72059,894,72953,1346
2020-11-09,Sacramento,067,1510023,30105,28200,48,28248,516
2020-11-09,San Benito,069,59416,1587,1506,1,1507,15
2020-11-09,San Bernardino,071,2135413,74107,69015,662,69677,1182
2020-11-09,San Diego,073,3302833,65143,60572,2045,62617,908
2020-11-09,San Francisco,075,870044,13644,12984,71,13055,146
2020-11-09,San Joaquin,077,732212,23701,22512,324,22836,505
2020-11-09,San Luis Obispo,079,281455,5260,4746,67,4813,32
2020-11-09,San Mateo,081,765935,12551,11857,10,11867,169
2020-11-09,Santa Barbara,083,443738,10525,10214,146,10360,134
2020-11-09,Santa Clara,085,1922200,28897,26693,55,26748,409
2020-11-09,Santa Cruz,087,273765,3443,3194,37,3231,25
2020-11-09,Shasta,089,179085,3513,2581,50,2631,36
2020-11-09,Sierra,091,2930,10,10,0,10,0
2020-11-09,Siskiyou,093,43540,315,257,14,271,0
2020-11-09,Solano,095,438530,8661,8254,42,8296,85
2020-11-09,Sonoma,097,501317,10866,10310,35,10345,150
2020-11-09,Stanislaus,099,539301,19146,18482,966,19448,418
2020-11-09,Sutter,101,95872,2224,2010,4,2014,12
2020-11-09,Tehama,103,63373,1204,1071,3,1074,7
2020-11-09,Trinity,105,12862,149,46,18,64,0
2020-11-09,Tulare,107,460477,19235,18272,690,18962,304
2020-11-09,Tuolumne,109,53932,498,346,4,350,7
2020-11-09,Ventura,111,848112,16657,15568,466,16034,156
2020-11-09,Yolo,113,214977,3806,3522,9,3531,62
2020-11-09,Yuba,115,75493,1476,1380,7,1387,10
2020-11-08,Alameda,001,1643700,25783,24731,253,24984,424
2020-11-08,Alpine,003,1148,24,6,0,6,0
2020-11-08,Amador,005,37829,403,376,0,376,16
2020-11-08,Butte,007,227075,3469,3285,76,3361,57
2020-11-08,Calaveras,009,45235,368,360,0,360,21
2020-11-08,Colusa,011,21464,597,583,1,584,6
2020-11-08,Contra Costa,013,1133247,20933,20031,105,20136,254
2020-11-08,Del Norte,015,27424,210,195,0,195,2
2020-11-08,El Dorado,017,186661,1680,1502,8,1510,4
2020-11-08,Fresno,019,978130,36171,32619,688,33307,465
2020-11-08,Glenn,021,27897,770,707,8,715,3
2020-11-08,Humboldt,023,135768,652,605,1,606,9
2020-11-08,Imperial,025,180216,13863,13428,28,13456,338
2020-11-08,Inyo,027,18085,263,252,5,257,14
2020-11-08,Kern,029,883053,35973,34644,637,35281,448
2020-11-08,Kings,031,150075,9498,9026,87,9113,84
2020-11-08,Lake,033,64148,792,754,0,754,16
2020-11-08,Lassen,035,31185,877,799,2,801,0
2020-11-08,Los Angeles,037,10098052,328626,318960,3676,322636,7176
2020-11-08,Madera,039,155013,5441,5196,68,5264,54
2020-11-08,Marin,041,260295,7370,7227,22,7249,131
2020-11-08,Mariposa,043,17540,90,83,0,83,2
2020-11-08,Mendocino,045,87422,1214,1129,5,1134,22
2020-11-08,Merced,047,269075,10222,9885,63,9948,157
2020-11-08,Modoc,049,8938,70,54,12,66,0
2020-11-08,Mono,051,14174,461,352,8,360,2
2020-11-08,Monterey,053,433212,12739,12122,114,12236,98
2020-11-08,Napa,055,140530,2474,2274,10,2284,15
2020-11-08,Nevada,057,99092,832,715,22,737,9
2020-11-08,Orange,059,3164182,65476,62034,1988,64022,1501
2020-11-08,Placer,061,380077,5262,4800,32,4832,60
2020-11-08,Plumas,063,18699,129,102,0,102,0
2020-11-08,Riverside,065,2383286,74630,71442,852,72294,1345
2020-11-08,Sacramento,067,1510023,29545,28059,45,28104,515
2020-11-08,San Benito,069,59416,1572,1496,1,1497,15
2020-11-08,San Bernardino,071,2135413,72854,68412,623,69035,1182
2020-11-08,San Diego,073,3302833,64298,60199,2001,62200,908
2020-11-08,San Francisco,075,870044,13513,12985,66,13051,146
2020-11-08,San Joaquin,077,732212,23507,22514,320,22834,505
2020-11-08,San Luis Obispo,079,281455,5194,4698,62,4760,32
2020-11-08,San Mateo,081,765935,12432,11783,10,11793,169
2020-11-08,Santa Barbara,083,443738,10455,10180,144,10324,134
2020-11-08,Santa Clara,085,1922200,28523,26442,54,26496,410
2020-11-08,Santa Cruz,087,273765,3386,3134,37,3171,25
2020-11-08,Shasta,089,179085,3377,2582,44,2626,36
2020-11-08,Sierra,091,2930,10,7,0,7,0
2020-11-08,Siskiyou,093,43540,303,246,13,259,0
2020-11-08,Solano,095,438530,8540,8132,41,8173,85
2020-11-08,Sonoma,097,501317,10759,10229,35,10264,149
2020-11-08,Stanislaus,099,539301,18971,18413,945,19358,418
2020-11-08,Sutter,101,95872,2166,1980,4,1984,12
2020-11-08,Tehama,103,63373,1180,1054,3,1057,7
2020-11-08,Trinity,105,12862,146,46,17,63,0
2020-11-08,Tulare,107,460477,19092,18272,660,18932,304
2020-11-08,Tuolumne,109,53932,471,341,4,345,7
2020-11-08,Ventura,111,848112,16462,15504,458,15962,156
2020-11-08,Yolo,113,214977,3745,3492,9,3501,61
2020-11-08,Yuba,115,75493,1455,1369,7,1376,10
2020-11-07,Alameda,001,1643700,25673,24578,251,24829,424
2020-11-07,Alpine,003,1148,24,6,0,6,0
2020-11-07,Amador,005,37829,400,375,0,375,16
2020-11-07,Butte,007,227075,3457,3277,71,3348,57
2020-11-07,Calaveras,009,45235,366,360,0,360,21
2020-11-07,Colusa,011,21464,597,583,1,584,6
2020-11-07,Contra Costa,013,1133247,20832,19943,104,20047,254
2020-11-07,Del Norte,015,27424,206,194,0,194,2
2020-11-07,El Dorado,017,186661,1655,1495,7,1502,4
2020-11-07,Fresno,019,978130,36017,32497,665,33162,465
2020-11-07,Glenn,021,27897,762,707,8,715,3
2020-11-07,Humboldt,023,135768,641,590,1,591,9
2020-11-07,Imperial,025,180216,13805,13388,27,13415,338
2020-11-07,Inyo,027,18085,261,252,5,257,14
2020-11-07,Kern,029,883053,35818,34513,627,35140,448
2020-11-07,Kings,031,150075,9465,9005,81,9086,84
2020-11-07,Lake,033,64148,788,751,0,751,16
2020-11-07,Lassen,035,31185,861,799,2,801,0
2020-11-07,Los Angeles,037,10098052,327118,316756,3608,320364,7174
2020-11-07,Madera,039,155013,5419,5177,66,5243,54
2020-11-07,Marin,041,260295,7359,7215,22,7237,131
2020-11-07,Mariposa,043,17540,90,81,0,81,2
2020-11-07,Mendocino,045,87422,1203,1118,5,1123,22
2020-11-07,Merced,047,269075,10190,9855,59,9914,157
2020-11-07,Modoc,049,8938,70,51,12,63,0
2020-11-07,Mono,051,14174,458,352,8,360,2
2020-11-07,Monterey,053,433212,12670,12030,110,12140,98
2020-11-07,Napa,055,140530,2444,2260,9,2269,15
2020-11-07,Nevada,057,99092,815,710,22,732,9
2020-11-07,Orange,059,3164182,65189,62038,1982,64020,1505
2020-11-07,Placer,061,380077,5199,4745,32,4777,60
2020-11-07,Plumas,063,18699,127,94,0,94,0
2020-11-07,Riverside,065,2383286,74235,71153,824,71977,1345
2020-11-07,Sacramento,067,1510023,29294,27773,45,27818,515
2020-11-07,San Benito,069,59416,1560,1489,1,1490,15
2020-11-07,San Bernardino,071,2135413,72339,67935,612,68547,1182
2020-11-07,San Diego,073,3302833,63786,59682,1969,61651,909
2020-11-07,San Francisco,075,870044,13452,12980,65,13045,146
2020-11-07,San Joaquin,077,732212,23398,22517,314,22831,505
2020-11-07,San Luis Obispo,079,281455,5145,4668,59,4727,32
2020-11-07,San Mateo,081,765935,12369,11711,10,11721,169
2020-11-07,Santa Barbara,083,443738,10413,10157,142,10299,134
2020-11-07,Santa Clara,085,1922200,28318,26244,53,26297,410
2020-11-07,Santa Cruz,087,273765,3348,3130,37,3167,25
2020-11-07,Shasta,089,179085,3310,2547,42,2589,36
2020-11-07,Sierra,091,2930,10,7,0,7,0
2020-11-07,Siskiyou,093,43540,299,241,13,254,0
2020-11-07,Solano,095,438530,8488,8066,41,8107,85
2020-11-07,Sonoma,097,501317,10713,10200,35,10235,149
2020-11-07,Stanislaus,099,539301,18862,18386,928,19314,418
2020-11-07,Sutter,101,95872,2126,1973,4,1977,12
2020-11-07,Tehama,103,63373,1156,1043,3,1046,7
2020-11-07,Trinity,105,12862,146,42,16,58,0
2020-11-07,Tulare,107,460477,19036,18229,643,18872,304
2020-11-07,Tuolumne,109,53932,460,327,4,331,7
2020-11-07,Ventura,111,848112,16402,15364,453,15817,156
2020-11-07,Yolo,113,214977,3714,3486,9,3495,61
2020-11-07,Yuba,115,75493,1440,1349,7,1356,10
2020-11-06,Alameda,001,1643700,25541,24389,249,24638,420
2020-11-06,Alpine,003,1148,24,6,0,6,0
2020-11-06,Amador,005,37829,398,369,0,369,16
2020-11-06,Butte,007,227075,3432,3254,63,3317,57
2020-11-06,Calaveras,009,45235,365,359,0,359,21
2020-11-06,Colusa,011,21464,595,580,1,581,6
2020-11-06,Contra Costa,013,1133247,20683,19744,104,19848,252
2020-11-06,Del Norte,015,27424,203,194,0,194,2
2020-11-06,El Dorado,017,186661,1629,1475,7,1482,4
2020-11-06,Fresno,019,978130,35829,32278,649,32927,460
2020-11-06,Glenn,021,27897,756,707,7,714,3
2020-11-06,Humboldt,023,135768,638,587,1,588,9
2020-11-06,Imperial,025,180216,13752,13230,27,13257,338
2020-11-06,Inyo,027,18085,259,246,5,251,14
2020-11-06,Kern,029,883053,35653,34360,609,34969,443
2020-11-06,Kings,031,150075,9441,8883,79,8962,83
2020-11-06,Lake,033,64148,787,741,0,741,16
2020-11-06,Lassen,035,31185,853,794,2,796,0
2020-11-06,Los Angeles,037,10098052,325145,314356,3555,317911,7160
2020-11-06,Madera,039,155013,5403,5136,65,5201,54
2020-11-06,Marin,041,260295,7338,7184,22,7206,131
2020-11-06,Mariposa,043,17540,89,79,0,79,2
2020-11-06,Mendocino,045,87422,1198,1113,5,1118,22
2020-11-06,Merced,047,269075,10150,9778,56,9834,157
2020-11-06,Modoc,049,8938,70,48,12,60,0
2020-11-06,Mono,051,14174,452,308,8,316,1
2020-11-06,Monterey,053,433212,12553,11914,109,12023,96
2020-11-06,Napa,055,140530,2419,2189,9,2198,15
2020-11-06,Nevada,057,99092,802,692,21,713,9
2020-11-06,Orange,059,3164182,64886,61049,1972,63021,1494
2020-11-06,Placer,061,380077,5126,4680,32,4712,60
2020-11-06,Plumas,063,18699,122,90,0,90,0
2020-11-06,Riverside,065,2383286,73785,70409,783,71192,1341
2020-11-06,Sacramento,067,1510023,29002,27489,43,27532,514
2020-11-06,San Benito,069,59416,1551,1479,1,1480,15
2020-11-06,San Bernardino,071,2135413,71742,66740,591,67331,1179
2020-11-06,San Diego,073,3302833,63262,59143,1937,61080,907
2020-11-06,San Francisco,075,870044,13382,12825,64,12889,146
2020-11-06,San Joaquin,077,732212,23313,22424,304,22728,502
2020-11-06,San Luis Obispo,079,281455,5080,4531,53,4584,32
2020-11-06,San Mateo,081,765935,12294,11587,10,11597,168
2020-11-06,Santa Barbara,083,443738,10377,10118,137,10255,133
2020-11-06,Santa Clara,085,1922200,28076,25831,53,25884,402
2020-11-06,Santa Cruz,087,273765,3311,3063,37,3100,25
2020-11-06,Shasta,089,179085,3237,2475,41,2516,35
2020-11-06,Sierra,091,2930,9,7,0,7,0
2020-11-06,Siskiyou,093,43540,286,237,12,249,0
2020-11-06,Solano,095,438530,8423,7959,41,8000,85
2020-11-06,Sonoma,097,501317,10663,10142,35,10177,149
2020-11-06,Stanislaus,099,539301,18775,18250,919,19169,417
2020-11-06,Sutter,101,95872,2099,1937,2,1939,12
2020-11-06,Tehama,103,63373,1135,1024,3,1027,6
2020-11-06,Trinity,105,12862,143,41,16,57,0
2020-11-06,Tulare,107,460477,18972,18136,618,18754,300
2020-11-06,Tuolumne,109,53932,439,316,4,320,5
2020-11-06,Ventura,111,848112,16316,15222,450,15672,154
2020-11-06,Yolo,113,214977,3685,3420,9,3429,62
2020-11-06,Yuba,115,75493,1427,1335,7,1342,10
2020-11-05,Alameda,001,1643700,25363,24270,249,24519,420
2020-11-05,Alpine,003,1148,24,6,0,6,0
2020-11-05,Amador,005,37829,395,363,0,363,16
2020-11-05,Butte,007,227075,3409,3239,57,3296,57
2020-11-05,Calaveras,009,45235,358,333,0,333,19
2020-11-05,Colusa,011,21464,591,574,1,575,6
2020-11-05,Contra Costa,013,1133247,20501,19656,102,19758,252
2020-11-05,Del Norte,015,27424,201,192,0,192,2
2020-11-05,El Dorado,017,186661,1605,1466,7,1473,4
2020-11-05,Fresno,019,978130,35586,32056,624,32680,460
2020-11-05,Glenn,021,27897,736,702,7,709,3
2020-11-05,Humboldt,023,135768,627,581,1,582,9
2020-11-05,Imperial,025,180216,13660,13178,26,13204,337
2020-11-05,Inyo,027,18085,259,247,5,252,14
2020-11-05,Kern,029,883053,35451,34232,595,34827,443
2020-11-05,Kings,031,150075,9286,8846,76,8922,83
2020-11-05,Lake,033,64148,783,739,0,739,16
2020-11-05,Lassen,035,31185,822,782,2,784,0
2020-11-05,Los Angeles,037,10098052,322789,312381,3502,315883,7146
2020-11-05,Madera,039,155013,5364,5129,62,5191,54
2020-11-05,Marin,041,260295,7316,7171,22,7193,131
2020-11-05,Mariposa,043,17540,88,79,0,79,2
2020-11-05,Mendocino,045,87422,1186,1112,5,1117,22
2020-11-05,Merced,047,269075,10091,9753,51,9804,155
2020-11-05,Modoc,049,8938,69,47,11,58,0
2020-11-05,Mono,051,14174,450,307,8,315,1
2020-11-05,Monterey,053,433212,12445,11784,105,11889,96
2020-11-05,Napa,055,140530,2392,2158,9,2167,15
2020-11-05,Nevada,057,99092,780,687,20,707,9
2020-11-05,Orange,059,3164182,64439,60740,1962,62702,1484
2020-11-05,Placer,061,380077,5057,4627,27,4654,60
2020-11-05,Plumas,063,18699,114,90,0,90,0
2020-11-05,Riverside,065,2383286,73074,70094,725,70819,1338
2020-11-05,Sacramento,067,1510023,28621,27232,42,27274,512
2020-11-05,San Benito,069,59416,1536,1477,1,1478,15
2020-11-05,San Bernardino,071,2135413,70913,66407,578,66985,1174
2020-11-05,San Diego,073,3302833,62636,58659,1911,60570,904
2020-11-05,San Francisco,075,870044,13270,12726,63,12789,146
2020-11-05,San Joaquin,077,732212,23149,22318,300,22618,502
2020-11-05,San Luis Obispo,079,281455,5013,4459,51,4510,32
2020-11-05,San Mateo,081,765935,12200,11535,10,11545,168
2020-11-05,Santa Barbara,083,443738,10333,10080,134,10214,133
2020-11-05,Santa Clara,085,1922200,27809,25651,53,25704,402
2020-11-05,Santa Cruz,087,273765,3273,3023,37,3060,25
2020-11-05,Shasta,089,179085,3147,2401,40,2441,34
2020-11-05,Sierra,091,2930,9,6,0,6,0
2020-11-05,Siskiyou,093,43540,275,228,12,240,0
2020-11-05,Solano,095,438530,8340,7842,41,7883,85
2020-11-05,Sonoma,097,501317,10551,10064,34,10098,145
2020-11-05,Stanislaus,099,539301,18661,18194,906,19100,417
2020-11-05,Sutter,101,95872,2067,1925,2,1927,12
2020-11-05,Tehama,103,63373,1113,1015,2,1017,6
2020-11-05,Trinity,105,12862,127,41,15,56,0
2020-11-05,Tulare,107,460477,18884,18049,592,18641,301
2020-11-05,Tuolumne,109,53932,410,312,4,316,5
2020-11-05,Ventura,111,848112,16150,15113,439,15552,155
2020-11-05,Yolo,113,214977,3635,3391,9,3400,61
2020-11-05,Yuba,115,75493,1409,1322,7,1329,10
2020-11-04,Alameda,001,1643700,25186,24172,247,24419,418
2020-11-04,Alpine,003,1148,20,5,0,5,0
2020-11-04,Amador,005,37829,392,362,0,362,16
2020-11-04,Butte,007,227075,3383,3218,54,3272,57
2020-11-04,Calaveras,009,45235,355,290,0,290,19
2020-11-04,Colusa,011,21464,589,571,1,572,6
2020-11-04,Contra Costa,013,1133247,20334,19472,99,19571,251
2020-11-04,Del Norte,015,27424,197,188,0,188,2
2020-11-04,El Dorado,017,186661,1590,1448,4,1452,4
2020-11-04,Fresno,019,978130,35353,31952,596,32548,457
2020-11-04,Glenn,021,27897,732,701,6,707,3
2020-11-04,Humboldt,023,135768,618,571,1,572,9
2020-11-04,Imperial,025,180216,13562,13087,26,13113,335
2020-11-04,Inyo,027,18085,258,247,5,252,14
2020-11-04,Kern,029,883053,35296,34027,584,34611,439
2020-11-04,Kings,031,150075,9252,8817,74,8891,83
2020-11-04,Lake,033,64148,776,735,0,735,16
2020-11-04,Lassen,035,31185,817,781,2,783,0
2020-11-04,Los Angeles,037,10098052,320479,310456,3422,313878,7124
2020-11-04,Madera,039,155013,5344,5083,58,5141,54
2020-11-04,Marin,041,260295,7304,7157,22,7179,131
2020-11-04,Mariposa,043,17540,88,79,0,79,2
2020-11-04,Mendocino,045,87422,1168,1089,5,1094,22
2020-11-04,Merced,047,269075,10041,9717,49,9766,153
2020-11-04,Modoc,049,8938,59,47,11,58,0
2020-11-04,Mono,051,14174,447,237,7,244,1
2020-11-04,Monterey,053,433212,12241,11743,99,11842,96
2020-11-04,Napa,055,140530,2338,2133,9,2142,15
2020-11-04,Nevada,057,99092,761,675,20,695,9
2020-11-04,Orange,059,3164182,64005,60463,1939,62402,1483
2020-11-04,Placer,061,380077,4978,4526,24,4550,60
2020-11-04,Plumas,063,18699,112,88,0,88,0
2020-11-04,Riverside,065,2383286,72457,69562,666,70228,1335
2020-11-04,Sacramento,067,1510023,28270,27005,41,27046,510
2020-11-04,San Benito,069,59416,1521,1464,1,1465,15
2020-11-04,San Bernardino,071,2135413,70114,65891,555,66446,1169
2020-11-04,San Diego,073,3302833,61990,58126,1885,60011,904
2020-11-04,San Francisco,075,870044,13186,12649,60,12709,146
2020-11-04,San Joaquin,077,732212,23012,22197,287,22484,500
2020-11-04,San Luis Obispo,079,281455,4946,4389,49,4438,32
2020-11-04,San Mateo,081,765935,12105,11456,10,11466,168
2020-11-04,Santa Barbara,083,443738,10295,10026,133,10159,132
2020-11-04,Santa Clara,085,1922200,27546,25487,53,25540,393
2020-11-04,Santa Cruz,087,273765,3236,2997,37,3034,25
2020-11-04,Shasta,089,179085,3016,2321,35,2356,34
2020-11-04,Sierra,091,2930,9,6,0,6,0
2020-11-04,Siskiyou,093,43540,266,222,12,234,0
2020-11-04,Solano,095,438530,8241,7733,41,7774,85
2020-11-04,Sonoma,097,501317,10457,9965,34,9999,142
2020-11-04,Stanislaus,099,539301,18544,18114,891,19005,416
2020-11-04,Sutter,101,95872,2033,1916,2,1918,12
2020-11-04,Tehama,103,63373,1088,997,2,999,6
2020-11-04,Trinity,105,12862,123,37,15,52,0
2020-11-04,Tulare,107,460477,18775,17952,564,18516,298
2020-11-04,Tuolumne,109,53932,388,310,4,314,5
2020-11-04,Ventura,111,848112,16009,14936,436,15372,155
2020-11-04,Yolo,113,214977,3594,3361,9,3370,62
2020-11-04,Yuba,115,75493,1388,1312,7,1319,10
2020-11-03,Alameda,001,1643700,25002,24055,245,24300,418
2020-11-03,Alpine,003,1148,19,4,0,4,0
2020-11-03,Amador,005,37829,387,361,0,361,16
2020-11-03,Butte,007,227075,3359,3211,49,3260,57
2020-11-03,Calaveras,009,45235,351,287,0,287,19
2020-11-03,Colusa,011,21464,584,572,1,573,6
2020-11-03,Contra Costa,013,1133247,20179,19416,99,19515,250
2020-11-03,Del Norte,015,27424,196,187,0,187,2
2020-11-03,El Dorado,017,186661,1568,1445,3,1448,4
2020-11-03,Fresno,019,978130,35083,31856,573,32429,457
2020-11-03,Glenn,021,27897,726,698,6,704,3
2020-11-03,Humboldt,023,135768,612,570,1,571,8
2020-11-03,Imperial,025,180216,13473,13044,25,13069,335
2020-11-03,Inyo,027,18085,257,244,5,249,14
2020-11-03,Kern,029,883053,35105,33957,573,34530,439
2020-11-03,Kings,031,150075,9089,8783,69,8852,83
2020-11-03,Lake,033,64148,766,732,0,732,16
2020-11-03,Lassen,035,31185,808,782,2,784,0
2020-11-03,Los Angeles,037,10098052,318023,308812,3354,312166,7104
2020-11-03,Madera,039,155013,5307,5058,57,5115,54
2020-11-03,Marin,041,260295,7284,7147,21,7168,131
2020-11-03,Mariposa,043,17540,87,79,0,79,2
2020-11-03,Mendocino,045,87422,1153,1084,5,1089,22
2020-11-03,Merced,047,269075,9988,9713,48,9761,153
2020-11-03,Modoc,049,8938,57,47,9,56,0
2020-11-03,Mono,051,14174,443,210,7,217,1
2020-11-03,Monterey,053,433212,12172,11703,92,11795,94
2020-11-03,Napa,055,140530,2302,2130,9,2139,15
2020-11-03,Nevada,057,99092,741,670,19,689,9
2020-11-03,Orange,059,3164182,63575,60283,1928,62211,1477
2020-11-03,Placer,061,380077,4904,4514,24,4538,60
2020-11-03,Plumas,063,18699,109,86,0,86,0
2020-11-03,Riverside,065,2383286,71838,69300,641,69941,1325
2020-11-03,Sacramento,067,1510023,27890,26841,40,26881,510
2020-11-03,San Benito,069,59416,1511,1463,1,1464,15
2020-11-03,San Bernardino,071,2135413,69302,65320,547,65867,1159
2020-11-03,San Diego,073,3302833,61314,57722,1841,59563,901
2020-11-03,San Francisco,075,870044,13063,12585,60,12645,146
2020-11-03,San Joaquin,077,732212,22877,22109,281,22390,500
2020-11-03,San Luis Obispo,079,281455,4862,4371,47,4418,32
2020-11-03,San Mateo,081,765935,12010,11406,10,11416,162
2020-11-03,Santa Barbara,083,443738,10241,10008,128,10136,132
2020-11-03,Santa Clara,085,1922200,27274,25386,52,25438,393
2020-11-03,Santa Cruz,087,273765,3186,2980,36,3016,25
2020-11-03,Shasta,089,179085,2922,2288,28,2316,33
2020-11-03,Sierra,091,2930,7,6,0,6,0
2020-11-03,Siskiyou,093,43540,262,219,11,230,0
2020-11-03,Solano,095,438530,8158,7691,41,7732,85
2020-11-03,Sonoma,097,501317,10355,9906,34,9940,142
2020-11-03,Stanislaus,099,539301,18423,18080,880,18960,416
2020-11-03,Sutter,101,95872,2000,1914,2,1916,12
2020-11-03,Tehama,103,63373,1067,988,2,990,6
2020-11-03,Trinity,105,12862,116,36,14,50,0
2020-11-03,Tulare,107,460477,18669,17890,539,18429,297
2020-11-03,Tuolumne,109,53932,365,302,4,306,5
2020-11-03,Ventura,111,848112,15882,14816,429,15245,155
2020-11-03,Yolo,113,214977,3543,3343,9,3352,61
2020-11-03,Yuba,115,75493,1375,1295,7,1302,10
2020-11-02,Alameda,001,1643700,24806,23991,242,24233,419
2020-11-02,Alpine,003,1148,16,4,0,4,0
2020-11-02,Amador,005,37829,379,357,0,357,16
2020-11-02,Butte,007,227075,3339,3198,46,3244,57
2020-11-02,Calaveras,009,45235,351,282,0,282,18
2020-11-02,Colusa,011,21464,579,571,1,572,6
2020-11-02,Contra Costa,013,1133247,20025,19339,98,19437,250
2020-11-02,Del Norte,015,27424,193,175,0,175,2
2020-11-02,El Dorado,017,186661,1544,1405,3,1408,4
2020-11-02,Fresno,019,978130,34814,31738,556,32294,451
2020-11-02,Glenn,021,27897,720,692,5,697,3
2020-11-02,Humboldt,023,135768,603,569,1,570,8
2020-11-02,Imperial,025,180216,13393,13004,24,13028,334
2020-11-02,Inyo,027,18085,254,243,5,248,14
2020-11-02,Kern,029,883053,34947,33834,563,34397,437
2020-11-02,Kings,031,150075,9059,8654,66,8720,82
2020-11-02,Lake,033,64148,760,728,0,728,17
2020-11-02,Lassen,035,31185,800,782,2,784,0
2020-11-02,Los Angeles,037,10098052,315679,307620,3277,310897,7079
2020-11-02,Madera,039,155013,5276,5033,56,5089,54
2020-11-02,Marin,041,260295,7266,7132,20,7152,125
2020-11-02,Mariposa,043,17540,87,79,0,79,2
2020-11-02,Mendocino,045,87422,1139,1076,5,1081,21
2020-11-02,Merced,047,269075,9926,9664,42,9706,152
2020-11-02,Modoc,049,8938,54,45,5,50,0
2020-11-02,Mono,051,14174,441,211,7,218,1
2020-11-02,Monterey,053,433212,12065,11602,89,11691,93
2020-11-02,Napa,055,140530,2260,2081,9,2090,15
2020-11-02,Nevada,057,99092,725,656,19,675,9
2020-11-02,Orange,059,3164182,63170,59996,1912,61908,1474
2020-11-02,Placer,061,380077,4836,4461,22,4483,60
2020-11-02,Plumas,063,18699,101,86,0,86,0
2020-11-02,Riverside,065,2383286,71207,68833,600,69433,1321
2020-11-02,Sacramento,067,1510023,27548,26676,38,26714,508
2020-11-02,San Benito,069,59416,1499,1459,1,1460,15
2020-11-02,San Bernardino,071,2135413,68447,64629,536,65165,1157
2020-11-02,San Diego,073,3302833,60591,57429,1796,59225,891
2020-11-02,San Francisco,075,870044,12966,12436,59,12495,145
2020-11-02,San Joaquin,077,732212,22737,21919,273,22192,500
2020-11-02,San Luis Obispo,079,281455,4762,4303,44,4347,31
2020-11-02,San Mateo,081,765935,11901,11328,10,11338,161
2020-11-02,Santa Barbara,083,443738,10200,9985,123,10108,130
2020-11-02,Santa Clara,085,1922200,26984,25222,52,25274,387
2020-11-02,Santa Cruz,087,273765,3144,2943,36,2979,25
2020-11-02,Shasta,089,179085,2819,2174,24,2198,33
2020-11-02,Sierra,091,2930,7,6,0,6,0
2020-11-02,Siskiyou,093,43540,252,216,11,227,0
2020-11-02,Solano,095,438530,8040,7665,41,7706,84
2020-11-02,Sonoma,097,501317,10273,9796,33,9829,140
2020-11-02,Stanislaus,099,539301,18327,18005,871,18876,412
2020-11-02,Sutter,101,95872,1976,1895,2,1897,12
2020-11-02,Tehama,103,63373,1044,971,2,973,6
2020-11-02,Trinity,105,12862,110,30,14,44,0
2020-11-02,Tulare,107,460477,18576,17774,518,18292,299
2020-11-02,Tuolumne,109,53932,344,302,4,306,5
2020-11-02,Ventura,111,848112,15741,14767,415,15182,156
2020-11-02,Yolo,113,214977,3494,3318,9,3327,61
2020-11-02,Yuba,115,75493,1362,1280,7,1287,10
2020-11-01,Alameda,001,1643700,24643,23892,240,24132,419
2020-11-01,Alpine,003,1148,10,4,0,4,0
2020-11-01,Amador,005,37829,376,352,0,352,16
2020-11-01,Butte,007,227075,3315,3185,45,3230,57
2020-11-01,Calaveras,009,45235,350,282,0,282,18
2020-11-01,Colusa,011,21464,577,567,1,568,6
2020-11-01,Contra Costa,013,1133247,19851,19246,97,19343,250
2020-11-01,Del Norte,015,27424,189,175,0,175,2
2020-11-01,El Dorado,017,186661,1528,1394,3,1397,4
2020-11-01,Fresno,019,978130,34557,31613,536,32149,451
2020-11-01,Glenn,021,27897,711,688,3,691,3
2020-11-01,Humboldt,023,135768,595,568,1,569,8
2020-11-01,Imperial,025,180216,13302,12969,22,12991,334
2020-11-01,Inyo,027,18085,252,241,5,246,14
2020-11-01,Kern,029,883053,34766,33760,468,34228,437
2020-11-01,Kings,031,150075,9021,8641,65,8706,82
2020-11-01,Lake,033,64148,754,727,0,727,17
2020-11-01,Lassen,035,31185,800,782,2,784,0
2020-11-01,Los Angeles,037,10098052,313113,306217,3184,309401,7077
2020-11-01,Madera,039,155013,5228,5019,54,5073,54
2020-11-01,Marin,041,260295,7249,7124,20,7144,125
2020-11-01,Mariposa,043,17540,83,79,0,79,2
2020-11-01,Mendocino,045,87422,1126,1074,5,1079,21
2020-11-01,Merced,047,269075,9865,9626,42,9668,152
2020-11-01,Modoc,049,8938,53,45,5,50,0
2020-11-01,Mono,051,14174,412,211,6,217,1
2020-11-01,Monterey,053,433212,11957,11587,86,11673,93
2020-11-01,Napa,055,140530,2226,2067,9,2076,15
2020-11-01,Nevada,057,99092,709,646,18,664,9
2020-11-01,Orange,059,3164182,62768,59733,1885,61618,1475
2020-11-01,Placer,061,380077,4770,4422,21,4443,58
2020-11-01,Plumas,063,18699,96,86,0,86,0
2020-11-01,Riverside,065,2383286,70577,68493,564,69057,1319
2020-11-01,Sacramento,067,1510023,27226,26442,38,26480,508
2020-11-01,San Benito,069,59416,1484,1451,1,1452,15
2020-11-01,San Bernardino,071,2135413,67605,64339,515,64854,1157
2020-11-01,San Diego,073,3302833,59903,57122,1756,58878,891
2020-11-01,San Francisco,075,870044,12843,12436,54,12490,145
2020-11-01,San Joaquin,077,732212,22609,21919,267,22186,500
2020-11-01,San Luis Obispo,079,281455,4682,4303,43,4346,31
2020-11-01,San Mateo,081,765935,11820,11280,10,11290,160
2020-11-01,Santa Barbara,083,443738,10149,9969,107,10076,130
2020-11-01,Santa Clara,085,1922200,26704,25090,52,25142,386
2020-11-01,Santa Cruz,087,273765,3091,2921,36,2957,25
2020-11-01,Shasta,089,179085,2684,2172,23,2195,33
2020-11-01,Sierra,091,2930,7,6,0,6,0
2020-11-01,Siskiyou,093,43540,247,205,11,216,0
2020-11-01,Solano,095,438530,7950,7591,41,7632,84
2020-11-01,Sonoma,097,501317,10181,9688,33,9721,140
2020-11-01,Stanislaus,099,539301,18226,17961,851,18812,412
2020-11-01,Sutter,101,95872,1950,1888,1,1889,12
2020-11-01,Tehama,103,63373,1027,965,2,967,5
2020-11-01,Trinity,105,12862,108,30,13,43,0
2020-11-01,Tulare,107,460477,18464,17774,487,18261,299
2020-11-01,Tuolumne,109,53932,322,295,4,299,5
2020-11-01,Ventura,111,848112,15592,14686,384,15070,156
2020-11-01,Yolo,113,214977,3446,3303,9,3312,60
2020-11-01,Yuba,115,75493,1345,1273,7,1280,10
2020-10-31,Alameda,001,1643700,24527,23780,236,24016,416
2020-10-31,Alpine,003,1148,10,4,0,4,0
2020-10-31,Amador,005,37829,372,347,0,347,16
2020-10-31,Butte,007,227075,3302,3172,43,3215,57
2020-10-31,Calaveras,009,45235,350,280,0,280,18
2020-10-31,Colusa,011,21464,575,555,1,556,6
2020-10-31,Contra Costa,013,1133247,19745,19161,97,19258,249
2020-10-31,Del Norte,015,27424,188,175,0,175,2
2020-10-31,El Dorado,017,186661,1519,1390,3,1393,4
2020-10-31,Fresno,019,978130,34420,31558,533,32091,451
2020-10-31,Glenn,021,27897,709,678,3,681,3
2020-10-31,Humboldt,023,135768,592,561,1,562,8
2020-10-31,Imperial,025,180216,13260,12912,22,12934,334
2020-10-31,Inyo,027,18085,251,241,5,246,14
2020-10-31,Kern,029,883053,34663,33666,458,34124,437
2020-10-31,Kings,031,150075,9000,8612,64,8676,82
2020-10-31,Lake,033,64148,750,724,0,724,16
2020-10-31,Lassen,035,31185,795,782,2,784,0
2020-10-31,Los Angeles,037,10098052,311739,304704,3141,307845,7073
2020-10-31,Madera,039,155013,5210,5013,51,5064,54
2020-10-31,Marin,041,260295,7233,7112,20,7132,125
2020-10-31,Mariposa,043,17540,83,79,0,79,2
2020-10-31,Mendocino,045,87422,1118,1066,5,1071,21
2020-10-31,Merced,047,269075,9832,9597,41,9638,151
2020-10-31,Modoc,049,8938,52,34,4,38,0
2020-10-31,Mono,051,14174,263,194,5,199,1
2020-10-31,Monterey,053,433212,11889,11539,82,11621,93
2020-10-31,Napa,055,140530,2207,2040,9,2049,15
2020-10-31,Nevada,057,99092,691,644,18,662,9
2020-10-31,Orange,059,3164182,62510,59488,1867,61355,1473
2020-10-31,Placer,061,380077,4720,4374,20,4394,58
2020-10-31,Plumas,063,18699,95,85,0,85,0
2020-10-31,Riverside,065,2383286,70220,68178,541,68719,1319
2020-10-31,Sacramento,067,1510023,27027,26316,36,26352,507
2020-10-31,San Benito,069,59416,1477,1448,1,1449,15
2020-10-31,San Bernardino,071,2135413,67180,64016,505,64521,1157
2020-10-31,San Diego,073,3302833,59450,56769,1728,58497,891
2020-10-31,San Francisco,075,870044,12769,12438,53,12491,145
2020-10-31,San Joaquin,077,732212,22534,21918,258,22176,500
2020-10-31,San Luis Obispo,079,281455,4613,4285,40,4325,31
2020-10-31,San Mateo,081,765935,11768,11253,10,11263,160
2020-10-31,Santa Barbara,083,443738,10120,9957,99,10056,130
2020-10-31,Santa Clara,085,1922200,26535,24957,52,25009,379
2020-10-31,Santa Cruz,087,273765,3056,2895,35,2930,25
2020-10-31,Shasta,089,179085,2630,2122,22,2144,33
2020-10-31,Sierra,091,2930,7,6,0,6,0
2020-10-31,Siskiyou,093,43540,245,200,11,211,0
2020-10-31,Solano,095,438530,7886,7545,41,7586,84
2020-10-31,Sonoma,097,501317,10128,9648,33,9681,140
2020-10-31,Stanislaus,099,539301,18163,17920,835,18755,412
2020-10-31,Sutter,101,95872,1941,1876,1,1877,12
2020-10-31,Tehama,103,63373,1017,953,2,955,5
2020-10-31,Trinity,105,12862,105,30,13,43,0
2020-10-31,Tulare,107,460477,18415,17758,479,18237,299
2020-10-31,Tuolumne,109,53932,315,290,4,294,5
2020-10-31,Ventura,111,848112,15508,14635,366,15001,155
2020-10-31,Yolo,113,214977,3411,3290,9,3299,60
2020-10-31,Yuba,115,75493,1329,1260,6,1266,10
2020-10-30,Alameda,001,1643700,24447,23676,234,23910,401
2020-10-30,Alpine,003,1148,10,4,0,4,0
2020-10-30,Amador,005,37829,372,344,0,344,16
2020-10-30,Butte,007,227075,3297,3160,43,3203,57
2020-10-30,Calaveras,009,45235,349,279,0,279,18
2020-10-30,Colusa,011,21464,573,554,1,555,6
2020-10-30,Contra Costa,013,1133247,19673,19074,97,19171,249
2020-10-30,Del Norte,015,27424,187,175,0,175,2
2020-10-30,El Dorado,017,186661,1506,1386,3,1389,4
2020-10-30,Fresno,019,978130,34298,31409,524,31933,446
2020-10-30,Glenn,021,27897,703,674,2,676,3
2020-10-30,Humboldt,023,135768,591,561,1,562,7
2020-10-30,Imperial,025,180216,13219,12853,22,12875,334
2020-10-30,Inyo,027,18085,250,241,5,246,14
2020-10-30,Kern,029,883053,34570,33583,457,34040,437
2020-10-30,Kings,031,150075,8990,8564,62,8626,82
2020-10-30,Lake,033,64148,750,720,0,720,16
2020-10-30,Lassen,035,31185,789,777,2,779,0
2020-10-30,Los Angeles,037,10098052,310303,303425,3106,306531,7060
2020-10-30,Madera,039,155013,5198,4991,49,5040,54
2020-10-30,Marin,041,260295,7213,7097,20,7117,125
2020-10-30,Mariposa,043,17540,83,78,0,78,2
2020-10-30,Mendocino,045,87422,1116,1062,5,1067,21
2020-10-30,Merced,047,269075,9800,9539,41,9580,150
2020-10-30,Modoc,049,8938,51,34,3,37,0
2020-10-30,Mono,051,14174,262,193,5,198,1
2020-10-30,Monterey,053,433212,11826,11491,77,11568,92
2020-10-30,Napa,055,140530,2189,2028,9,2037,15
2020-10-30,Nevada,057,99092,685,634,18,652,9
2020-10-30,Orange,059,3164182,62268,59334,1855,61189,1469
2020-10-30,Placer,061,380077,4673,4335,20,4355,58
2020-10-30,Plumas,063,18699,92,80,0,80,0
2020-10-30,Riverside,065,2383286,69880,67752,521,68273,1317
2020-10-30,Sacramento,067,1510023,26879,26147,36,26183,505
2020-10-30,San Benito,069,59416,1471,1440,1,1441,15
2020-10-30,San Bernardino,071,2135413,66764,63512,502,64014,1156
2020-10-30,San Diego,073,3302833,59045,56387,1706,58093,888
2020-10-30,San Francisco,075,870044,12714,12384,53,12437,145
2020-10-30,San Joaquin,077,732212,22467,21849,252,22101,500
2020-10-30,San Luis Obispo,079,281455,4570,4256,40,4296,31
2020-10-30,San Mateo,081,765935,11709,11207,10,11217,159
2020-10-30,Santa Barbara,083,443738,10097,9937,99,10036,128
2020-10-30,Santa Clara,085,1922200,26386,24811,52,24863,378
2020-10-30,Santa Cruz,087,273765,3038,2874,35,2909,25
2020-10-30,Shasta,089,179085,2586,2048,21,2069,32
2020-10-30,Sierra,091,2930,7,6,0,6,0
2020-10-30,Siskiyou,093,43540,245,192,11,203,0
2020-10-30,Solano,095,438530,7825,7497,41,7538,84
2020-10-30,Sonoma,097,501317,10053,9602,33,9635,140
2020-10-30,Stanislaus,099,539301,18115,17861,819,18680,410
2020-10-30,Sutter,101,95872,1928,1860,1,1861,12
2020-10-30,Tehama,103,63373,1013,932,2,934,5
2020-10-30,Trinity,105,12862,105,29,13,42,0
2020-10-30,Tulare,107,460477,18370,17682,464,18146,299
2020-10-30,Tuolumne,109,53932,308,286,4,290,4
2020-10-30,Ventura,111,848112,15435,14578,354,14932,154
2020-10-30,Yolo,113,214977,3394,3263,9,3272,60
2020-10-30,Yuba,115,75493,1321,1256,6,1262,10
2020-10-29,Alameda,001,1643700,24283,23530,233,23763,401
2020-10-29,Alpine,003,1148,7,4,0,4,0
2020-10-29,Amador,005,37829,368,338,0,338,16
2020-10-29,Butte,007,227075,3279,3143,42,3185,57
2020-10-29,Calaveras,009,45235,347,278,0,278,13
2020-10-29,Colusa,011,21464,569,552,1,553,6
2020-10-29,Contra Costa,013,1133247,19574,18933,96,19029,249
2020-10-29,Del Norte,015,27424,185,174,0,174,2
2020-10-29,El Dorado,017,186661,1484,1370,3,1373,4
2020-10-29,Fresno,019,978130,34141,31321,517,31838,445
2020-10-29,Glenn,021,27897,701,673,2,675,3
2020-10-29,Humboldt,023,135768,586,559,1,560,7
2020-10-29,Imperial,025,180216,13175,12769,22,12791,334
2020-10-29,Inyo,027,18085,248,238,5,243,14
2020-10-29,Kern,029,883053,34469,33460,453,33913,437
2020-10-29,Kings,031,150075,8836,8502,61,8563,82
2020-10-29,Lake,033,64148,747,702,0,702,16
2020-10-29,Lassen,035,31185,788,772,2,774,0
2020-10-29,Los Angeles,037,10098052,308674,302246,3060,305306,7046
2020-10-29,Madera,039,155013,5168,4970,47,5017,53
2020-10-29,Marin,041,260295,7199,7083,20,7103,125
2020-10-29,Mariposa,043,17540,81,78,0,78,2
2020-10-29,Mendocino,045,87422,1110,1058,5,1063,21
2020-10-29,Merced,047,269075,9748,9496,41,9537,150
2020-10-29,Modoc,049,8938,49,31,3,34,0
2020-10-29,Mono,051,14174,255,176,5,181,1
2020-10-29,Monterey,053,433212,11745,11425,75,11500,92
2020-10-29,Napa,055,140530,2165,2009,9,2018,15
2020-10-29,Nevada,057,99092,678,632,18,650,9
2020-10-29,Orange,059,3164182,62000,59046,1835,60881,1464
2020-10-29,Placer,061,380077,4628,4270,18,4288,58
2020-10-29,Plumas,063,18699,90,69,0,69,0
2020-10-29,Riverside,065,2383286,69503,67268,491,67759,1304
2020-10-29,Sacramento,067,1510023,26666,25978,35,26013,507
2020-10-29,San Benito,069,59416,1466,1431,1,1432,15
2020-10-29,San Bernardino,071,2135413,66196,62968,492,63460,1150
2020-10-29,San Diego,073,3302833,58579,55916,1677,57593,885
2020-10-29,San Francisco,075,870044,12635,12312,53,12365,145
2020-10-29,San Joaquin,077,732212,22383,21736,240,21976,498
2020-10-29,San Luis Obispo,079,281455,4540,4223,39,4262,31
2020-10-29,San Mateo,081,765935,11663,11145,10,11155,157
2020-10-29,Santa Barbara,083,443738,10064,9902,97,9999,128
2020-10-29,Santa Clara,085,1922200,26234,24614,52,24666,377
2020-10-29,Santa Cruz,087,273765,3013,2850,35,2885,24
2020-10-29,Shasta,089,179085,2523,2008,21,2029,32
2020-10-29,Sierra,091,2930,6,6,0,6,0
2020-10-29,Siskiyou,093,43540,229,185,11,196,0
2020-10-29,Solano,095,438530,7763,7453,41,7494,78
2020-10-29,Sonoma,097,501317,9989,9533,33,9566,140
2020-10-29,Stanislaus,099,539301,18062,17790,798,18588,410
2020-10-29,Sutter,101,95872,1920,1852,1,1853,12
2020-10-29,Tehama,103,63373,995,925,2,927,5
2020-10-29,Trinity,105,12862,100,28,12,40,0
2020-10-29,Tulare,107,460477,18292,17627,445,18072,299
2020-10-29,Tuolumne,109,53932,303,279,4,283,4
2020-10-29,Ventura,111,848112,15344,14486,350,14836,154
2020-10-29,Yolo,113,214977,3365,3246,9,3255,60
2020-10-29,Yuba,115,75493,1310,1248,6,1254,10
2020-10-28,Alameda,001,1643700,24183,23468,232,23700,400
2020-10-28,Alpine,003,1148,6,4,0,4,0
2020-10-28,Amador,005,37829,365,337,0,337,16
2020-10-28,Butte,007,227075,3263,3134,39,3173,56
2020-10-28,Calaveras,009,45235,346,278,0,278,13
2020-10-28,Colusa,011,21464,566,551,1,552,6
2020-10-28,Contra Costa,013,1133247,19487,18828,95,18923,246
2020-10-28,Del Norte,015,27424,182,173,0,173,2
2020-10-28,El Dorado,017,186661,1472,1363,3,1366,4
2020-10-28,Fresno,019,978130,34019,31195,511,31706,444
2020-10-28,Glenn,021,27897,697,673,2,675,3
2020-10-28,Humboldt,023,135768,582,559,1,560,7
2020-10-28,Imperial,025,180216,13126,12730,22,12752,333
2020-10-28,Inyo,027,18085,248,238,5,243,14
2020-10-28,Kern,029,883053,34367,33424,434,33858,436
2020-10-28,Kings,031,150075,8814,8486,60,8546,82
2020-10-28,Lake,033,64148,744,700,0,700,15
2020-10-28,Lassen,035,31185,784,771,2,773,0
2020-10-28,Los Angeles,037,10098052,307215,300726,3018,303744,7031
2020-10-28,Madera,039,155013,5151,4954,46,5000,53
2020-10-28,Marin,041,260295,7188,7079,20,7099,126
2020-10-28,Mariposa,043,17540,81,78,0,78,2
2020-10-28,Mendocino,045,87422,1109,1037,5,1042,20
2020-10-28,Merced,047,269075,9722,9480,40,9520,150
2020-10-28,Modoc,049,8938,48,31,2,33,0
2020-10-28,Mono,051,14174,237,176,5,181,1
2020-10-28,Monterey,053,433212,11687,11330,73,11403,89
2020-10-28,Napa,055,140530,2139,1998,8,2006,15
2020-10-28,Nevada,057,99092,670,629,18,647,9
2020-10-28,Orange,059,3164182,61736,58801,1819,60620,1459
2020-10-28,Placer,061,380077,4572,4236,18,4254,57
2020-10-28,Plumas,063,18699,89,67,0,67,0
2020-10-28,Riverside,065,2383286,69105,67003,467,67470,1302
2020-10-28,Sacramento,067,1510023,26470,25838,34,25872,506
2020-10-28,San Benito,069,59416,1458,1429,1,1430,15
2020-10-28,San Bernardino,071,2135413,65736,62778,483,63261,1154
2020-10-28,San Diego,073,3302833,58196,55556,1648,57204,881
2020-10-28,San Francisco,075,870044,12577,12261,52,12313,145
2020-10-28,San Joaquin,077,732212,22299,21707,229,21936,498
2020-10-28,San Luis Obispo,079,281455,4496,4197,36,4233,31
2020-10-28,San Mateo,081,765935,11596,11101,10,11111,157
2020-10-28,Santa Barbara,083,443738,10040,9872,95,9967,127
2020-10-28,Santa Clara,085,1922200,26090,24503,52,24555,375
2020-10-28,Santa Cruz,087,273765,2982,2836,35,2871,24
2020-10-28,Shasta,089,179085,2443,1996,20,2016,31
2020-10-28,Sierra,091,2930,6,6,0,6,0
2020-10-28,Siskiyou,093,43540,226,182,10,192,0
2020-10-28,Solano,095,438530,7704,7362,41,7403,77
2020-10-28,Sonoma,097,501317,9899,9457,28,9485,140
2020-10-28,Stanislaus,099,539301,17997,17765,788,18553,409
2020-10-28,Sutter,101,95872,1911,1840,1,1841,12
2020-10-28,Tehama,103,63373,984,921,2,923,5
2020-10-28,Trinity,105,12862,93,28,11,39,0
2020-10-28,Tulare,107,460477,18235,17569,429,17998,297
2020-10-28,Tuolumne,109,53932,300,277,4,281,4
2020-10-28,Ventura,111,848112,15271,14409,341,14750,153
2020-10-28,Yolo,113,214977,3341,3230,9,3239,60
2020-10-28,Yuba,115,75493,1298,1245,6,1251,10
2020-10-27,Alameda,001,1643700,24067,23365,230,23595,400
2020-10-27,Alpine,003,1148,6,3,0,3,0
2020-10-27,Amador,005,37829,362,335,0,335,16
2020-10-27,Butte,007,227075,3247,3107,36,3143,56
2020-10-27,Calaveras,009,45235,344,277,0,277,13
2020-10-27,Colusa,011,21464,561,549,1,550,6
2020-10-27,Contra Costa,013,1133247,19382,18766,95,18861,246
2020-10-27,Del Norte,015,27424,179,173,0,173,2
2020-10-27,El Dorado,017,186661,1459,1351,3,1354,4
2020-10-27,Fresno,019,978130,33900,31096,506,31602,442
2020-10-27,Glenn,021,27897,695,667,1,668,3
2020-10-27,Humboldt,023,135768,579,559,1,560,7
2020-10-27,Imperial,025,180216,13077,12680,21,12701,333
2020-10-27,Inyo,027,18085,248,231,5,236,14
2020-10-27,Kern,029,883053,34250,33328,430,33758,436
2020-10-27,Kings,031,150075,8783,8411,60,8471,83
2020-10-27,Lake,033,64148,741,700,0,700,15
2020-10-27,Lassen,035,31185,782,764,2,766,0
2020-10-27,Los Angeles,037,10098052,305831,299438,2989,302427,7008
2020-10-27,Madera,039,155013,5121,4942,45,4987,53
2020-10-27,Marin,041,260295,7172,7070,20,7090,126
2020-10-27,Mariposa,043,17540,80,78,0,78,2
2020-10-27,Mendocino,045,87422,1103,1033,4,1037,20
2020-10-27,Merced,047,269075,9681,9449,40,9489,150
2020-10-27,Modoc,049,8938,46,31,2,33,0
2020-10-27,Mono,051,14174,223,169,5,174,1
2020-10-27,Monterey,053,433212,11631,11261,71,11332,88
2020-10-27,Napa,055,140530,2123,1979,8,1987,15
2020-10-27,Nevada,057,99092,664,622,18,640,8
2020-10-27,Orange,059,3164182,61464,58550,1803,60353,1448
2020-10-27,Placer,061,380077,4523,4197,16,4213,57
2020-10-27,Plumas,063,18699,86,63,0,63,0
2020-10-27,Riverside,065,2383286,68752,66699,422,67121,1299
2020-10-27,Sacramento,067,1510023,26283,25701,33,25734,501
2020-10-27,San Benito,069,59416,1453,1428,1,1429,15
2020-10-27,San Bernardino,071,2135413,65274,62357,470,62827,1154
2020-10-27,San Diego,073,3302833,57723,55226,1625,56851,877
2020-10-27,San Francisco,075,870044,12502,12218,51,12269,140
2020-10-27,San Joaquin,077,732212,22208,21637,220,21857,496
2020-10-27,San Luis Obispo,079,281455,4469,4148,32,4180,31
2020-10-27,San Mateo,081,765935,11547,11074,10,11084,156
2020-10-27,Santa Barbara,083,443738,10010,9874,94,9968,125
2020-10-27,Santa Clara,085,1922200,25948,24368,52,24420,367
2020-10-27,Santa Cruz,087,273765,2952,2815,34,2849,24
2020-10-27,Shasta,089,179085,2357,1962,20,1982,29
2020-10-27,Sierra,091,2930,6,6,0,6,0
2020-10-27,Siskiyou,093,43540,217,181,10,191,0
2020-10-27,Solano,095,438530,7635,7298,41,7339,77
2020-10-27,Sonoma,097,501317,9832,9389,28,9417,140
2020-10-27,Stanislaus,099,539301,17929,17720,781,18501,408
2020-10-27,Sutter,101,95872,1898,1832,1,1833,12
2020-10-27,Tehama,103,63373,970,913,2,915,5
2020-10-27,Trinity,105,12862,90,28,11,39,0
2020-10-27,Tulare,107,460477,18172,17520,406,17926,296
2020-10-27,Tuolumne,109,53932,296,275,4,279,4
2020-10-27,Ventura,111,848112,15188,14347,334,14681,153
2020-10-27,Yolo,113,214977,3327,3216,9,3225,58
2020-10-27,Yuba,115,75493,1285,1235,6,1241,10
2020-10-26,Alameda,001,1643700,23954,23284,229,23513,398
2020-10-26,Alpine,003,1148,4,3,0,3,0
2020-10-26,Amador,005,37829,358,331,0,331,16
2020-10-26,Butte,007,227075,3236,3095,34,3129,56
2020-10-26,Calaveras,009,45235,340,274,0,274,13
2020-10-26,Colusa,011,21464,559,548,1,549,6
2020-10-26,Contra Costa,013,1133247,19286,18718,94,18812,245
2020-10-26,Del Norte,015,27424,179,171,0,171,2
2020-10-26,El Dorado,017,186661,1445,1336,3,1339,4
2020-10-26,Fresno,019,978130,33787,30969,499,31468,441
2020-10-26,Glenn,021,27897,688,660,1,661,3
2020-10-26,Humboldt,023,135768,571,554,1,555,7
2020-10-26,Imperial,025,180216,13023,12654,18,12672,333
2020-10-26,Inyo,027,18085,248,226,5,231,14
2020-10-26,Kern,029,883053,34166,33233,425,33658,432
2020-10-26,Kings,031,150075,8761,8264,58,8322,82
2020-10-26,Lake,033,64148,739,697,0,697,15
2020-10-26,Lassen,035,31185,779,764,2,766,0
2020-10-26,Los Angeles,037,10098052,304403,297961,2947,300908,6979
2020-10-26,Madera,039,155013,5100,4922,44,4966,53
2020-10-26,Marin,041,260295,7166,7064,19,7083,104
2020-10-26,Mariposa,043,17540,80,77,0,77,2
2020-10-26,Mendocino,045,87422,1095,1026,4,1030,20
2020-10-26,Merced,047,269075,9634,9375,39,9414,150
2020-10-26,Modoc,049,8938,44,28,0,28,0
2020-10-26,Mono,051,14174,217,167,5,172,1
2020-10-26,Monterey,053,433212,11581,11207,67,11274,87
2020-10-26,Napa,055,140530,2091,1966,8,1974,14
2020-10-26,Nevada,057,99092,657,618,18,636,8
2020-10-26,Orange,059,3164182,61261,58377,1784,60161,1442
2020-10-26,Placer,061,380077,4481,4161,15,4176,57
2020-10-26,Plumas,063,18699,84,63,0,63,0
2020-10-26,Riverside,065,2383286,68300,66475,396,66871,1294
2020-10-26,Sacramento,067,1510023,26101,25555,31,25586,496
2020-10-26,San Benito,069,59416,1445,1424,1,1425,15
2020-10-26,San Bernardino,071,2135413,64804,61871,467,62338,1153
2020-10-26,San Diego,073,3302833,57330,54957,1587,56544,870
2020-10-26,San Francisco,075,870044,12442,12072,51,12123,138
2020-10-26,San Joaquin,077,732212,22125,21459,214,21673,495
2020-10-26,San Luis Obispo,079,281455,4444,4133,32,4165,31
2020-10-26,San Mateo,081,765935,11503,11037,10,11047,156
2020-10-26,Santa Barbara,083,443738,9987,9827,94,9921,122
2020-10-26,Santa Clara,085,1922200,25758,24258,51,24309,365
2020-10-26,Santa Cruz,087,273765,2926,2808,34,2842,24
2020-10-26,Shasta,089,179085,2303,1889,20,1909,29
2020-10-26,Sierra,091,2930,6,6,0,6,0
2020-10-26,Siskiyou,093,43540,209,179,10,189,0
2020-10-26,Solano,095,438530,7555,7271,41,7312,62
2020-10-26,Sonoma,097,501317,9753,9315,28,9343,140
2020-10-26,Stanislaus,099,539301,17879,17666,771,18437,400
2020-10-26,Sutter,101,95872,1890,1817,1,1818,12
2020-10-26,Tehama,103,63373,950,892,2,894,5
2020-10-26,Trinity,105,12862,89,26,11,37,0
2020-10-26,Tulare,107,460477,18095,17432,383,17815,296
2020-10-26,Tuolumne,109,53932,287,271,4,275,4
2020-10-26,Ventura,111,848112,15118,14330,331,14661,154
2020-10-26,Yolo,113,214977,3308,3206,9,3215,58
2020-10-26,Yuba,115,75493,1269,1226,6,1232,10
2020-10-25,Alameda,001,1643700,23848,23192,229,23421,398
2020-10-25,Alpine,003,1148,3,3,0,3,0
2020-10-25,Amador,005,37829,347,330,0,330,16
2020-10-25,Butte,007,227075,3217,3087,34,3121,56
2020-10-25,Calaveras,009,45235,339,274,0,274,13
2020-10-25,Colusa,011,21464,555,548,1,549,6
2020-10-25,Contra Costa,013,1133247,19185,18640,94,18734,245
2020-10-25,Del Norte,015,27424,175,171,0,171,2
2020-10-25,El Dorado,017,186661,1430,1328,3,1331,4
2020-10-25,Fresno,019,978130,33653,30858,486,31344,441
2020-10-25,Glenn,021,27897,685,652,1,653,3
2020-10-25,Humboldt,023,135768,568,554,1,555,7
2020-10-25,Imperial,025,180216,12973,12572,18,12590,333
2020-10-25,Inyo,027,18085,245,226,5,231,14
2020-10-25,Kern,029,883053,34059,33185,421,33606,432
2020-10-25,Kings,031,150075,8728,8246,56,8302,82
2020-10-25,Lake,033,64148,722,695,0,695,15
2020-10-25,Lassen,035,31185,776,764,2,766,0
2020-10-25,Los Angeles,037,10098052,302841,297110,2910,300020,6973
2020-10-25,Madera,039,155013,5070,4909,39,4948,53
2020-10-25,Marin,041,260295,7156,7052,19,7071,102
2020-10-25,Mariposa,043,17540,80,77,0,77,2
2020-10-25,Mendocino,045,87422,1088,1024,4,1028,20
2020-10-25,Merced,047,269075,9569,9352,37,9389,150
2020-10-25,Modoc,049,8938,39,28,0,28,0
2020-10-25,Mono,051,14174,209,167,5,172,1
2020-10-25,Monterey,053,433212,11498,11182,62,11244,87
2020-10-25,Napa,055,140530,2061,1962,8,1970,14
2020-10-25,Nevada,057,99092,649,616,18,634,8
2020-10-25,Orange,059,3164182,60973,58185,1775,59960,1443
2020-10-25,Placer,061,380077,4429,4140,15,4155,57
2020-10-25,Plumas,063,18699,84,63,0,63,0
2020-10-25,Riverside,065,2383286,67848,66192,380,66572,1289
2020-10-25,Sacramento,067,1510023,25885,25445,28,25473,496
2020-10-25,San Benito,069,59416,1438,1423,1,1424,15
2020-10-25,San Bernardino,071,2135413,64263,61551,455,62006,1153
2020-10-25,San Diego,073,3302833,56867,54599,1555,56154,870
2020-10-25,San Francisco,075,870044,12369,12072,51,12123,137
2020-10-25,San Joaquin,077,732212,22017,21459,206,21665,495
2020-10-25,San Luis Obispo,079,281455,4402,4126,30,4156,31
2020-10-25,San Mateo,081,765935,11458,10987,10,10997,156
2020-10-25,Santa Barbara,083,443738,9967,9814,94,9908,122
2020-10-25,Santa Clara,085,1922200,25570,24087,51,24138,365
2020-10-25,Santa Cruz,087,273765,2899,2789,34,2823,24
2020-10-25,Shasta,089,179085,2239,1889,20,1909,29
2020-10-25,Sierra,091,2930,6,6,0,6,0
2020-10-25,Siskiyou,093,43540,206,176,10,186,0
2020-10-25,Solano,095,438530,7477,7197,41,7238,60
2020-10-25,Sonoma,097,501317,9660,9235,27,9262,140
2020-10-25,Stanislaus,099,539301,17822,17641,761,18402,400
2020-10-25,Sutter,101,95872,1872,1811,1,1812,12
2020-10-25,Tehama,103,63373,933,880,2,882,5
2020-10-25,Trinity,105,12862,85,26,11,37,0
2020-10-25,Tulare,107,460477,18022,17431,373,17804,296
2020-10-25,Tuolumne,109,53932,282,271,4,275,4
2020-10-25,Ventura,111,848112,15025,14300,325,14625,154
2020-10-25,Yolo,113,214977,3287,3190,9,3199,58
2020-10-25,Yuba,115,75493,1261,1219,6,1225,10
2020-10-24,Alameda,001,1643700,23777,23099,226,23325,398
2020-10-24,Alpine,003,1148,3,3,0,3,0
2020-10-24,Amador,005,37829,346,328,0,328,16
2020-10-24,Butte,007,227075,3208,3078,34,3112,56
2020-10-24,Calaveras,009,45235,337,274,0,274,13
2020-10-24,Colusa,011,21464,550,548,1,549,6
2020-10-24,Contra Costa,013,1133247,19118,18567,94,18661,244
2020-10-24,Del Norte,015,27424,174,171,0,171,2
2020-10-24,El Dorado,017,186661,1414,1317,3,1320,4
2020-10-24,Fresno,019,978130,33592,30752,481,31233,441
2020-10-24,Glenn,021,27897,682,650,1,651,3
2020-10-24,Humboldt,023,135768,566,553,1,554,7
2020-10-24,Imperial,025,180216,12946,12469,18,12487,333
2020-10-24,Inyo,027,18085,245,226,5,231,14
2020-10-24,Kern,029,883053,34001,33105,415,33520,432
2020-10-24,Kings,031,150075,8718,8228,55,8283,82
2020-10-24,Lake,033,64148,717,696,0,696,15
2020-10-24,Lassen,035,31185,775,764,2,766,0
2020-10-24,Los Angeles,037,10098052,302022,296323,2888,299211,6969
2020-10-24,Madera,039,155013,5057,4898,38,4936,53
2020-10-24,Marin,041,260295,7147,7042,19,7061,102
2020-10-24,Mariposa,043,17540,80,77,0,77,2
2020-10-24,Mendocino,045,87422,1076,1022,4,1026,20
2020-10-24,Merced,047,269075,9545,9351,37,9388,150
2020-10-24,Modoc,049,8938,38,28,0,28,0
2020-10-24,Mono,051,14174,195,167,5,172,1
2020-10-24,Monterey,053,433212,11429,11153,61,11214,87
2020-10-24,Napa,055,140530,2044,1957,8,1965,14
2020-10-24,Nevada,057,99092,645,608,18,626,8
2020-10-24,Orange,059,3164182,60818,57928,1765,59693,1441
2020-10-24,Placer,061,380077,4398,4093,15,4108,57
2020-10-24,Plumas,063,18699,78,63,0,63,0
2020-10-24,Riverside,065,2383286,67640,65902,365,66267,1288
2020-10-24,Sacramento,067,1510023,25804,25372,28,25400,496
2020-10-24,San Benito,069,59416,1433,1417,1,1418,15
2020-10-24,San Bernardino,071,2135413,64023,61351,446,61797,1153
2020-10-24,San Diego,073,3302833,56590,54330,1542,55872,868
2020-10-24,San Francisco,075,870044,12311,12073,50,12123,137
2020-10-24,San Joaquin,077,732212,21965,21458,201,21659,495
2020-10-24,San Luis Obispo,079,281455,4377,4119,29,4148,31
2020-10-24,San Mateo,081,765935,11419,10942,10,10952,155
2020-10-24,Santa Barbara,083,443738,9950,9781,94,9875,122
2020-10-24,Santa Clara,085,1922200,25483,23978,51,24029,365
2020-10-24,Santa Cruz,087,273765,2880,2775,34,2809,24
2020-10-24,Shasta,089,179085,2194,1878,20,1898,29
2020-10-24,Sierra,091,2930,6,6,0,6,0
2020-10-24,Siskiyou,093,43540,205,174,10,184,0
2020-10-24,Solano,095,438530,7424,7189,41,7230,60
2020-10-24,Sonoma,097,501317,9626,9179,27,9206,140
2020-10-24,Stanislaus,099,539301,17778,17574,745,18319,400
2020-10-24,Sutter,101,95872,1863,1804,1,1805,12
2020-10-24,Tehama,103,63373,925,872,2,874,5
2020-10-24,Trinity,105,12862,85,25,11,36,0
2020-10-24,Tulare,107,460477,17999,17406,362,17768,295
2020-10-24,Tuolumne,109,53932,279,269,4,273,4
2020-10-24,Ventura,111,848112,14972,14240,324,14564,154
2020-10-24,Yolo,113,214977,3275,3164,9,3173,57
2020-10-24,Yuba,115,75493,1258,1210,6,1216,10
2020-10-23,Alameda,001,1643700,23704,23047,224,23271,393
2020-10-23,Alpine,003,1148,3,3,0,3,0
2020-10-23,Amador,005,37829,345,324,0,324,16
2020-10-23,Butte,007,227075,3199,3059,34,3093,55
2020-10-23,Calaveras,009,45235,336,273,0,273,13
2020-10-23,Colusa,011,21464,550,547,1,548,6
2020-10-23,Contra Costa,013,1133247,19048,18483,93,18576,244
2020-10-23,Del Norte,015,27424,174,171,0,171,2
2020-10-23,El Dorado,017,186661,1405,1310,3,1313,4
2020-10-23,Fresno,019,978130,33525,30590,477,31067,441
2020-10-23,Glenn,021,27897,679,644,1,645,3
2020-10-23,Humboldt,023,135768,564,553,1,554,7
2020-10-23,Imperial,025,180216,12915,12398,17,12415,333
2020-10-23,Inyo,027,18085,244,226,5,231,14
2020-10-23,Kern,029,883053,33933,33077,410,33487,431
2020-10-23,Kings,031,150075,8709,8218,55,8273,82
2020-10-23,Lake,033,64148,715,689,0,689,15
2020-10-23,Lassen,035,31185,774,764,2,766,0
2020-10-23,Los Angeles,037,10098052,300940,294287,2860,297147,6956
2020-10-23,Madera,039,155013,5052,4888,38,4926,53
2020-10-23,Marin,041,260295,7134,7029,19,7048,102
2020-10-23,Mariposa,043,17540,80,77,0,77,2
2020-10-23,Mendocino,045,87422,1073,1019,4,1023,20
2020-10-23,Merced,047,269075,9531,9327,37,9364,149
2020-10-23,Modoc,049,8938,38,28,0,28,0
2020-10-23,Mono,051,14174,194,159,5,164,1
2020-10-23,Monterey,053,433212,11382,11099,57,11156,86
2020-10-23,Napa,055,140530,2036,1942,8,1950,14
2020-10-23,Nevada,057,99092,642,604,18,622,8
2020-10-23,Orange,059,3164182,60648,57595,1750,59345,1430
2020-10-23,Placer,061,380077,4351,4073,15,4088,57
2020-10-23,Plumas,063,18699,75,63,0,63,0
2020-10-23,Riverside,065,2383286,67401,65512,357,65869,1279
2020-10-23,Sacramento,067,1510023,25698,25224,28,25252,496
2020-10-23,San Benito,069,59416,1431,1412,1,1413,15
2020-10-23,San Bernardino,071,2135413,63736,60854,432,61286,1150
2020-10-23,San Diego,073,3302833,56284,53944,1515,55459,867
2020-10-23,San Francisco,075,870044,12280,12015,50,12065,137
2020-10-23,San Joaquin,077,732212,21909,21361,195,21556,495
2020-10-23,San Luis Obispo,079,281455,4351,4102,29,4131,31
2020-10-23,San Mateo,081,765935,11370,10872,10,10882,155
2020-10-23,Santa Barbara,083,443738,9934,9751,94,9845,121
2020-10-23,Santa Clara,085,1922200,25381,23822,51,23873,364
2020-10-23,Santa Cruz,087,273765,2866,2757,34,2791,24
2020-10-23,Shasta,089,179085,2157,1846,19,1865,29
2020-10-23,Sierra,091,2930,6,6,0,6,0
2020-10-23,Siskiyou,093,43540,201,172,10,182,0
2020-10-23,Solano,095,438530,7393,7174,41,7215,59
2020-10-23,Sonoma,097,501317,9569,9112,27,9139,139
2020-10-23,Stanislaus,099,539301,17741,17496,738,18234,395
2020-10-23,Sutter,101,95872,1856,1797,1,1798,12
2020-10-23,Tehama,103,63373,916,862,2,864,5
2020-10-23,Trinity,105,12862,85,26,11,37,0
2020-10-23,Tulare,107,460477,17954,17334,350,17684,295
2020-10-23,Tuolumne,109,53932,277,254,4,258,4
2020-10-23,Ventura,111,848112,14943,14192,324,14516,155
2020-10-23,Yolo,113,214977,3263,3140,9,3149,57
2020-10-23,Yuba,115,75493,1254,1206,6,1212,10
2020-10-22,Alameda,001,1643700,23602,22915,224,23139,393
2020-10-22,Alpine,003,1148,3,3,0,3,0
2020-10-22,Amador,005,37829,341,317,0,317,16
2020-10-22,Butte,007,227075,3189,3046,32,3078,55
2020-10-22,Calaveras,009,45235,333,273,0,273,13
2020-10-22,Colusa,011,21464,550,547,1,548,6
2020-10-22,Contra Costa,013,1133247,18976,18393,93,18486,243
2020-10-22,Del Norte,015,27424,173,168,0,168,2
2020-10-22,El Dorado,017,186661,1395,1308,3,1311,4
2020-10-22,Fresno,019,978130,33415,30471,469,30940,438
2020-10-22,Glenn,021,27897,672,643,1,644,3
2020-10-22,Humboldt,023,135768,562,548,1,549,7
2020-10-22,Imperial,025,180216,12862,12311,17,12328,333
2020-10-22,Inyo,027,18085,241,220,5,225,14
2020-10-22,Kern,029,883053,33852,32991,407,33398,431
2020-10-22,Kings,031,150075,8458,8201,55,8256,82
2020-10-22,Lake,033,64148,711,678,0,678,15
2020-10-22,Lassen,035,31185,771,764,2,766,0
2020-10-22,Los Angeles,037,10098052,299565,291599,2801,294400,6935
2020-10-22,Madera,039,155013,5031,4847,38,4885,52
2020-10-22,Marin,041,260295,7127,7014,19,7033,102
2020-10-22,Mariposa,043,17540,80,77,0,77,2
2020-10-22,Mendocino,045,87422,1068,1016,4,1020,20
2020-10-22,Merced,047,269075,9503,9323,37,9360,149
2020-10-22,Modoc,049,8938,34,26,0,26,0
2020-10-22,Mono,051,14174,189,156,5,161,1
2020-10-22,Monterey,053,433212,11323,11059,54,11113,84
2020-10-22,Napa,055,140530,2021,1928,8,1936,14
2020-10-22,Nevada,057,99092,636,600,18,618,8
2020-10-22,Orange,059,3164182,60433,57418,1733,59151,1422
2020-10-22,Placer,061,380077,4302,4036,15,4051,57
2020-10-22,Plumas,063,18699,72,62,0,62,0
2020-10-22,Riverside,065,2383286,67065,65104,337,65441,1279
2020-10-22,Sacramento,067,1510023,25558,25054,28,25082,492
2020-10-22,San Benito,069,59416,1427,1403,1,1404,15
2020-10-22,San Bernardino,071,2135413,63335,60402,417,60819,1149
2020-10-22,San Diego,073,3302833,55897,53514,1496,55010,866
2020-10-22,San Francisco,075,870044,12222,11991,48,12039,137
2020-10-22,San Joaquin,077,732212,21836,21282,189,21471,495
2020-10-22,San Luis Obispo,079,281455,4335,4081,29,4110,31
2020-10-22,San Mateo,081,765935,11314,10796,10,10806,155
2020-10-22,Santa Barbara,083,443738,9900,9710,92,9802,120
2020-10-22,Santa Clara,085,1922200,25227,23621,51,23672,363
2020-10-22,Santa Cruz,087,273765,2848,2738,33,2771,24
2020-10-22,Shasta,089,179085,2111,1799,19,1818,29
2020-10-22,Sierra,091,2930,6,6,0,6,0
2020-10-22,Siskiyou,093,43540,201,169,10,179,0
2020-10-22,Solano,095,438530,7347,7116,41,7157,59
2020-10-22,Sonoma,097,501317,9503,9052,26,9078,139
2020-10-22,Stanislaus,099,539301,17687,17440,726,18166,395
2020-10-22,Sutter,101,95872,1842,1794,1,1795,12
2020-10-22,Tehama,103,63373,905,852,2,854,5
2020-10-22,Trinity,105,12862,84,26,11,37,0
2020-10-22,Tulare,107,460477,17888,17265,337,17602,293
2020-10-22,Tuolumne,109,53932,275,252,4,256,4
2020-10-22,Ventura,111,848112,14896,14124,322,14446,154
2020-10-22,Yolo,113,214977,3251,3116,9,3125,58
2020-10-22,Yuba,115,75493,1247,1199,5,1204,10
2020-10-21,Alameda,001,1643700,23514,22853,222,23075,392
2020-10-21,Alpine,003,1148,3,3,0,3,0
2020-10-21,Amador,005,37829,336,313,0,313,16
2020-10-21,Butte,007,227075,3177,3041,32,3073,55
2020-10-21,Calaveras,009,45235,332,272,0,272,13
2020-10-21,Colusa,011,21464,550,546,1,547,6
2020-10-21,Contra Costa,013,1133247,18902,18299,93,18392,243
2020-10-21,Del Norte,015,27424,173,169,0,169,2
2020-10-21,El Dorado,017,186661,1383,1305,2,1307,4
2020-10-21,Fresno,019,978130,33319,30328,464,30792,433
2020-10-21,Glenn,021,27897,667,640,1,641,3
2020-10-21,Humboldt,023,135768,561,548,1,549,7
2020-10-21,Imperial,025,180216,12805,12210,17,12227,331
2020-10-21,Inyo,027,18085,237,220,5,225,14
2020-10-21,Kern,029,883053,33777,32956,406,33362,430
2020-10-21,Kings,031,150075,8431,8186,55,8241,80
2020-10-21,Lake,033,64148,710,676,0,676,15
2020-10-21,Lassen,035,31185,770,764,2,766,0
2020-10-21,Los Angeles,037,10098052,298225,288096,2759,290855,6923
2020-10-21,Madera,039,155013,5006,4831,38,4869,52
2020-10-21,Marin,041,260295,7118,7002,19,7021,102
2020-10-21,Mariposa,043,17540,80,77,0,77,2
2020-10-21,Mendocino,045,87422,1066,1011,4,1015,21
2020-10-21,Merced,047,269075,9479,9319,35,9354,149
2020-10-21,Modoc,049,8938,33,26,0,26,0
2020-10-21,Mono,051,14174,187,156,5,161,1
2020-10-21,Monterey,053,433212,11285,11005,53,11058,83
2020-10-21,Napa,055,140530,2006,1918,8,1926,13
2020-10-21,Nevada,057,99092,630,597,18,615,8
2020-10-21,Orange,059,3164182,60220,57189,1724,58913,1409
2020-10-21,Placer,061,380077,4265,4007,15,4022,56
2020-10-21,Plumas,063,18699,69,58,0,58,0
2020-10-21,Riverside,065,2383286,66769,64778,313,65091,1278
2020-10-21,Sacramento,067,1510023,25365,24908,28,24936,490
2020-10-21,San Benito,069,59416,1426,1401,1,1402,14
2020-10-21,San Bernardino,071,2135413,62926,59948,410,60358,1141
2020-10-21,San Diego,073,3302833,55545,53279,1468,54747,863
2020-10-21,San Francisco,075,870044,12173,11976,47,12023,137
2020-10-21,San Joaquin,077,732212,21760,21201,183,21384,495
2020-10-21,San Luis Obispo,079,281455,4320,4055,27,4082,31
2020-10-21,San Mateo,081,765935,11265,10730,10,10740,155
2020-10-21,Santa Barbara,083,443738,9882,9681,91,9772,121
2020-10-21,Santa Clara,085,1922200,25101,23537,51,23588,361
2020-10-21,Santa Cruz,087,273765,2825,2729,33,2762,24
2020-10-21,Shasta,089,179085,2075,1777,19,1796,27
2020-10-21,Sierra,091,2930,6,6,0,6,0
2020-10-21,Siskiyou,093,43540,197,169,10,179,0
2020-10-21,Solano,095,438530,7301,7088,41,7129,59
2020-10-21,Sonoma,097,501317,9423,8987,26,9013,138
2020-10-21,Stanislaus,099,539301,17637,17419,718,18137,392
2020-10-21,Sutter,101,95872,1828,1786,1,1787,12
2020-10-21,Tehama,103,63373,889,824,2,826,5
2020-10-21,Trinity,105,12862,78,25,10,35,0
2020-10-21,Tulare,107,460477,17850,17204,323,17527,292
2020-10-21,Tuolumne,109,53932,274,251,4,255,4
2020-10-21,Ventura,111,848112,14833,14050,319,14369,153
2020-10-21,Yolo,113,214977,3232,3095,9,3104,58
2020-10-21,Yuba,115,75493,1238,1194,5,1199,10
2020-10-20,Alameda,001,1643700,23411,22750,218,22968,391
2020-10-20,Alpine,003,1148,3,3,0,3,0
2020-10-20,Amador,005,37829,335,313,0,313,16
2020-10-20,Butte,007,227075,3165,3027,32,3059,56
2020-10-20,Calaveras,009,45235,331,273,0,273,13
2020-10-20,Colusa,011,21464,547,546,1,547,6
2020-10-20,Contra Costa,013,1133247,18810,18246,93,18339,241
2020-10-20,Del Norte,015,27424,172,169,0,169,2
2020-10-20,El Dorado,017,186661,1377,1295,2,1297,4
2020-10-20,Fresno,019,978130,33216,30220,458,30678,431
2020-10-20,Glenn,021,27897,662,638,1,639,3
2020-10-20,Humboldt,023,135768,557,545,1,546,7
2020-10-20,Imperial,025,180216,12736,12114,17,12131,330
2020-10-20,Inyo,027,18085,237,218,5,223,14
2020-10-20,Kern,029,883053,33702,32889,393,33282,429
2020-10-20,Kings,031,150075,8413,8178,54,8232,80
2020-10-20,Lake,033,64148,708,675,0,675,15
2020-10-20,Lassen,035,31185,769,757,2,759,0
2020-10-20,Los Angeles,037,10098052,296734,287727,2708,290435,6891
2020-10-20,Madera,039,155013,4989,4823,38,4861,52
2020-10-20,Marin,041,260295,7103,6994,19,7013,101
2020-10-20,Mariposa,043,17540,79,77,0,77,2
2020-10-20,Mendocino,045,87422,1064,1004,4,1008,21
2020-10-20,Merced,047,269075,9457,9323,35,9358,149
2020-10-20,Modoc,049,8938,32,26,0,26,0
2020-10-20,Mono,051,14174,187,156,5,161,1
2020-10-20,Monterey,053,433212,11242,10942,50,10992,81
2020-10-20,Napa,055,140530,1987,1912,8,1920,13
2020-10-20,Nevada,057,99092,620,596,18,614,8
2020-10-20,Orange,059,3164182,59956,56914,1714,58628,1397
2020-10-20,Placer,061,380077,4227,3997,15,4012,56
2020-10-20,Plumas,063,18699,66,53,0,53,0
2020-10-20,Riverside,065,2383286,66389,64452,301,64753,1275
2020-10-20,Sacramento,067,1510023,25237,24767,27,24794,485
2020-10-20,San Benito,069,59416,1423,1398,1,1399,14
2020-10-20,San Bernardino,071,2135413,62544,59571,408,59979,1109
2020-10-20,San Diego,073,3302833,55209,53004,1448,54452,857
2020-10-20,San Francisco,075,870044,12126,12013,46,12059,126
2020-10-20,San Joaquin,077,732212,21681,21173,173,21346,490
2020-10-20,San Luis Obispo,079,281455,4302,4043,26,4069,31
2020-10-20,San Mateo,081,765935,11218,10659,10,10669,155
2020-10-20,Santa Barbara,083,443738,9853,9664,89,9753,121
2020-10-20,Santa Clara,085,1922200,24964,23406,51,23457,358
2020-10-20,Santa Cruz,087,273765,2802,2710,33,2743,23
2020-10-20,Shasta,089,179085,2052,1747,19,1766,20
2020-10-20,Sierra,091,2930,6,6,0,6,0
2020-10-20,Siskiyou,093,43540,189,168,10,178,0
2020-10-20,Solano,095,438530,7252,7044,41,7085,57
2020-10-20,Sonoma,097,501317,9360,8904,24,8928,135
2020-10-20,Stanislaus,099,539301,17583,17367,714,18081,393
2020-10-20,Sutter,101,95872,1819,1783,1,1784,12
2020-10-20,Tehama,103,63373,874,813,2,815,5
2020-10-20,Trinity,105,12862,77,25,10,35,0
2020-10-20,Tulare,107,460477,17783,17156,318,17474,289
2020-10-20,Tuolumne,109,53932,272,250,4,254,4
2020-10-20,Ventura,111,848112,14769,13980,317,14297,152
2020-10-20,Yolo,113,214977,3209,3083,9,3092,56
2020-10-20,Yuba,115,75493,1228,1191,5,1196,10
2020-10-19,Alameda,001,1643700,23300,22647,217,22864,392
2020-10-19,Alpine,003,1148,3,3,0,3,0
2020-10-19,Amador,005,37829,329,313,0,313,16
2020-10-19,Butte,007,227075,3154,3026,32,3058,55
2020-10-19,Calaveras,009,45235,330,268,0,268,13
2020-10-19,Colusa,011,21464,547,544,1,545,6
2020-10-19,Contra Costa,013,1133247,18712,18173,93,18266,239
2020-10-19,Del Norte,015,27424,169,167,0,167,2
2020-10-19,El Dorado,017,186661,1356,1287,2,1289,4
2020-10-19,Fresno,019,978130,33107,30152,452,30604,431
2020-10-19,Glenn,021,27897,657,635,0,635,3
2020-10-19,Humboldt,023,135768,557,543,1,544,7
2020-10-19,Imperial,025,180216,12682,12036,16,12052,330
2020-10-19,Inyo,027,18085,236,218,5,223,14
2020-10-19,Kern,029,883053,33626,32840,390,33230,428
2020-10-19,Kings,031,150075,8395,8173,54,8227,80
2020-10-19,Lake,033,64148,705,673,0,673,15
2020-10-19,Lassen,035,31185,768,757,2,759,0
2020-10-19,Los Angeles,037,10098052,295247,287119,2670,289789,6858
2020-10-19,Madera,039,155013,4974,4787,38,4825,52
2020-10-19,Marin,041,260295,7085,6981,19,7000,100
2020-10-19,Mariposa,043,17540,79,77,0,77,2
2020-10-19,Mendocino,045,87422,1059,1001,4,1005,21
2020-10-19,Merced,047,269075,9432,9305,31,9336,148
2020-10-19,Modoc,049,8938,31,26,0,26,0
2020-10-19,Mono,051,14174,182,156,5,161,1
2020-10-19,Monterey,053,433212,11181,10907,50,10957,80
2020-10-19,Napa,055,140530,1975,1892,8,1900,12
2020-10-19,Nevada,057,99092,617,590,18,608,8
2020-10-19,Orange,059,3164182,59672,56652,1699,58351,1396
2020-10-19,Placer,061,380077,4178,3962,15,3977,49
2020-10-19,Plumas,063,18699,64,52,0,52,0
2020-10-19,Riverside,065,2383286,65958,64016,285,64301,1272
2020-10-19,Sacramento,067,1510023,25098,24542,27,24569,483
2020-10-19,San Benito,069,59416,1416,1395,1,1396,14
2020-10-19,San Bernardino,071,2135413,62093,59265,396,59661,1100
2020-10-19,San Diego,073,3302833,54823,52739,1423,54162,853
2020-10-19,San Francisco,075,870044,12082,11879,46,11925,126
2020-10-19,San Joaquin,077,732212,21606,20930,165,21095,489
2020-10-19,San Luis Obispo,079,281455,4286,4016,26,4042,31
2020-10-19,San Mateo,081,765935,11172,10568,10,10578,154
2020-10-19,Santa Barbara,083,443738,9818,9632,89,9721,121
2020-10-19,Santa Clara,085,1922200,24814,23301,51,23352,352
2020-10-19,Santa Cruz,087,273765,2785,2705,33,2738,19
2020-10-19,Shasta,089,179085,2008,1709,18,1727,20
2020-10-19,Sierra,091,2930,6,6,0,6,0
2020-10-19,Siskiyou,093,43540,182,167,10,177,0
2020-10-19,Solano,095,438530,7211,7003,41,7044,57
2020-10-19,Sonoma,097,501317,9273,8830,24,8854,135
2020-10-19,Stanislaus,099,539301,17532,17342,704,18046,390
2020-10-19,Sutter,101,95872,1814,1773,1,1774,12
2020-10-19,Tehama,103,63373,871,793,2,795,5
2020-10-19,Trinity,105,12862,75,23,10,33,0
2020-10-19,Tulare,107,460477,17733,17047,311,17358,291
2020-10-19,Tuolumne,109,53932,270,247,4,251,4
2020-10-19,Ventura,111,848112,14703,13930,314,14244,152
2020-10-19,Yolo,113,214977,3196,3069,9,3078,56
2020-10-19,Yuba,115,75493,1221,1183,5,1188,10
2020-10-18,Alameda,001,1643700,23196,22546,216,22762,392
2020-10-18,Alpine,003,1148,3,3,0,3,0
2020-10-18,Amador,005,37829,317,313,0,313,16
2020-10-18,Butte,007,227075,3141,3019,32,3051,55
2020-10-18,Calaveras,009,45235,329,267,0,267,13
2020-10-18,Colusa,011,21464,545,544,1,545,6
2020-10-18,Contra Costa,013,1133247,18613,18120,93,18213,237
2020-10-18,Del Norte,015,27424,169,167,0,167,2
2020-10-18,El Dorado,017,186661,1347,1283,2,1285,4
2020-10-18,Fresno,019,978130,32978,30051,444,30495,430
2020-10-18,Glenn,021,27897,655,634,0,634,3
2020-10-18,Humboldt,023,135768,554,540,1,541,7
2020-10-18,Imperial,025,180216,12620,11987,15,12002,330
2020-10-18,Inyo,027,18085,233,215,5,220,14
2020-10-18,Kern,029,883053,33553,32799,383,33182,428
2020-10-18,Kings,031,150075,8380,8159,54,8213,80
2020-10-18,Lake,033,64148,698,670,0,670,15
2020-10-18,Lassen,035,31185,768,757,2,759,0
2020-10-18,Los Angeles,037,10098052,293539,286187,2627,288814,6857
2020-10-18,Madera,039,155013,4949,4770,37,4807,52
2020-10-18,Marin,041,260295,7064,6969,19,6988,99
2020-10-18,Mariposa,043,17540,79,77,0,77,2
2020-10-18,Mendocino,045,87422,1057,988,4,992,21
2020-10-18,Merced,047,269075,9397,9292,31,9323,148
2020-10-18,Modoc,049,8938,30,26,0,26,0
2020-10-18,Mono,051,14174,177,155,5,160,1
2020-10-18,Monterey,053,433212,11128,10872,50,10922,80
2020-10-18,Napa,055,140530,1962,1882,8,1890,12
2020-10-18,Nevada,057,99092,611,582,18,600,8
2020-10-18,Orange,059,3164182,59375,56394,1683,58077,1396
2020-10-18,Placer,061,380077,4130,3938,15,3953,49
2020-10-18,Plumas,063,18699,62,52,0,52,0
2020-10-18,Riverside,065,2383286,65645,63765,264,64029,1270
2020-10-18,Sacramento,067,1510023,24942,24425,27,24452,482
2020-10-18,San Benito,069,59416,1409,1395,1,1396,14
2020-10-18,San Bernardino,071,2135413,61593,58893,388,59281,1098
2020-10-18,San Diego,073,3302833,54434,52359,1402,53761,853
2020-10-18,San Francisco,075,870044,12043,11878,46,11924,126
2020-10-18,San Joaquin,077,732212,21523,20931,152,21083,489
2020-10-18,San Luis Obispo,079,281455,4255,4009,24,4033,31
2020-10-18,San Mateo,081,765935,11113,10503,10,10513,154
2020-10-18,Santa Barbara,083,443738,9779,9608,88,9696,121
2020-10-18,Santa Clara,085,1922200,24641,23169,51,23220,352
2020-10-18,Santa Cruz,087,273765,2771,2692,33,2725,19
2020-10-18,Shasta,089,179085,1983,1708,18,1726,20
2020-10-18,Sierra,091,2930,6,6,0,6,0
2020-10-18,Siskiyou,093,43540,182,167,10,177,0
2020-10-18,Solano,095,438530,7164,6962,41,7003,57
2020-10-18,Sonoma,097,501317,9196,8781,23,8804,134
2020-10-18,Stanislaus,099,539301,17476,17290,695,17985,390
2020-10-18,Sutter,101,95872,1805,1764,1,1765,12
2020-10-18,Tehama,103,63373,839,774,2,776,5
2020-10-18,Trinity,105,12862,75,20,10,30,0
2020-10-18,Tulare,107,460477,17639,17048,302,17350,290
2020-10-18,Tuolumne,109,53932,265,245,4,249,4
2020-10-18,Ventura,111,848112,14623,13901,313,14214,151
2020-10-18,Yolo,113,214977,3157,3059,9,3068,55
2020-10-18,Yuba,115,75493,1210,1176,5,1181,10
2020-10-17,Alameda,001,1643700,23150,22394,214,22608,398
2020-10-17,Alpine,003,1148,3,3,0,3,0
2020-10-17,Amador,005,37829,315,309,0,309,16
2020-10-17,Butte,007,227075,3133,3012,30,3042,55
2020-10-17,Calaveras,009,45235,329,267,0,267,13
2020-10-17,Colusa,011,21464,544,544,1,545,6
2020-10-17,Contra Costa,013,1133247,18560,18005,93,18098,237
2020-10-17,Del Norte,015,27424,169,167,0,167,2
2020-10-17,El Dorado,017,186661,1343,1277,2,1279,4
2020-10-17,Fresno,019,978130,32924,29911,442,30353,430
2020-10-17,Glenn,021,27897,652,633,0,633,3
2020-10-17,Humboldt,023,135768,551,535,1,536,7
2020-10-17,Imperial,025,180216,12592,11962,15,11977,330
2020-10-17,Inyo,027,18085,228,212,5,217,14
2020-10-17,Kern,029,883053,33502,32710,380,33090,428
2020-10-17,Kings,031,150075,8374,8151,53,8204,80
2020-10-17,Lake,033,64148,695,663,0,663,15
2020-10-17,Lassen,035,31185,768,757,2,759,0
2020-10-17,Los Angeles,037,10098052,292786,285858,2600,288458,6844
2020-10-17,Madera,039,155013,4943,4759,37,4796,53
2020-10-17,Marin,041,260295,7061,6958,19,6977,99
2020-10-17,Mariposa,043,17540,78,77,0,77,2
2020-10-17,Mendocino,045,87422,1050,977,4,981,21
2020-10-17,Merced,047,269075,9383,9275,31,9306,148
2020-10-17,Modoc,049,8938,30,26,0,26,0
2020-10-17,Mono,051,14174,176,155,5,160,1
2020-10-17,Monterey,053,433212,11088,10807,49,10856,80
2020-10-17,Napa,055,140530,1953,1866,8,1874,12
2020-10-17,Nevada,057,99092,610,580,18,598,8
2020-10-17,Orange,059,3164182,59233,56197,1676,57873,1396
2020-10-17,Placer,061,380077,4103,3898,15,3913,49
2020-10-17,Plumas,063,18699,62,52,0,52,0
2020-10-17,Riverside,065,2383286,65447,63171,254,63425,1270
2020-10-17,Sacramento,067,1510023,24858,24304,27,24331,482
2020-10-17,San Benito,069,59416,1405,1389,1,1390,14
2020-10-17,San Bernardino,071,2135413,61322,58415,381,58796,1097
2020-10-17,San Diego,073,3302833,54209,51986,1391,53377,853
2020-10-17,San Francisco,075,870044,12015,11877,45,11922,126
2020-10-17,San Joaquin,077,732212,21469,20932,146,21078,489
2020-10-17,San Luis Obispo,079,281455,4240,3979,24,4003,31
2020-10-17,San Mateo,081,765935,11085,10423,10,10433,153
2020-10-17,Santa Barbara,083,443738,9760,9588,86,9674,121
2020-10-17,Santa Clara,085,1922200,24552,22997,51,23048,349
2020-10-17,Santa Cruz,087,273765,2757,2680,33,2713,19
2020-10-17,Shasta,089,179085,1957,1679,18,1697,20
2020-10-17,Sierra,091,2930,6,6,0,6,0
2020-10-17,Siskiyou,093,43540,181,167,10,177,0
2020-10-17,Solano,095,438530,7138,6929,41,6970,57
2020-10-17,Sonoma,097,501317,9153,8725,23,8748,134
2020-10-17,Stanislaus,099,539301,17436,17232,686,17918,390
2020-10-17,Sutter,101,95872,1803,1762,1,1763,12
2020-10-17,Tehama,103,63373,823,764,2,766,5
2020-10-17,Trinity,105,12862,75,20,10,30,0
2020-10-17,Tulare,107,460477,17609,16995,293,17288,290
2020-10-17,Tuolumne,109,53932,265,241,4,245,4
2020-10-17,Ventura,111,848112,14578,13845,310,14155,151
2020-10-17,Yolo,113,214977,3142,3045,8,3053,55
2020-10-17,Yuba,115,75493,1205,1164,5,1169,10
2020-10-16,Alameda,001,1643700,23096,22315,214,22529,397
2020-10-16,Alpine,003,1148,3,3,0,3,0
2020-10-16,Amador,005,37829,315,309,0,309,16
2020-10-16,Butte,007,227075,3122,3004,30,3034,54
2020-10-16,Calaveras,009,45235,329,267,0,267,13
2020-10-16,Colusa,011,21464,543,544,1,545,6
2020-10-16,Contra Costa,013,1133247,18507,17956,93,18049,237
2020-10-16,Del Norte,015,27424,169,166,0,166,2
2020-10-16,El Dorado,017,186661,1337,1273,2,1275,4
2020-10-16,Fresno,019,978130,32848,29796,441,30237,427
2020-10-16,Glenn,021,27897,647,632,0,632,3
2020-10-16,Humboldt,023,135768,551,533,1,534,7
2020-10-16,Imperial,025,180216,12552,11885,15,11900,330
2020-10-16,Inyo,027,18085,224,212,5,217,14
2020-10-16,Kern,029,883053,33459,32660,378,33038,428
2020-10-16,Kings,031,150075,8365,8146,52,8198,80
2020-10-16,Lake,033,64148,693,644,0,644,14
2020-10-16,Lassen,035,31185,768,757,2,759,0
2020-10-16,Los Angeles,037,10098052,291724,284988,2579,287567,6835
2020-10-16,Madera,039,155013,4931,4736,36,4772,53
2020-10-16,Marin,041,260295,7051,6933,19,6952,99
2020-10-16,Mariposa,043,17540,78,76,0,76,2
2020-10-16,Mendocino,045,87422,1043,974,4,978,21
2020-10-16,Merced,047,269075,9366,9246,31,9277,148
2020-10-16,Modoc,049,8938,30,26,0,26,0
2020-10-16,Mono,051,14174,174,155,5,160,1
2020-10-16,Monterey,053,433212,11053,10727,49,10776,79
2020-10-16,Napa,055,140530,1944,1855,8,1863,12
2020-10-16,Nevada,057,99092,608,579,18,597,8
2020-10-16,Orange,059,3164182,59055,56091,1670,57761,1388
2020-10-16,Placer,061,380077,4083,3864,15,3879,49
2020-10-16,Plumas,063,18699,61,52,0,52,0
2020-10-16,Riverside,065,2383286,65221,62986,253,63239,1267
2020-10-16,Sacramento,067,1510023,24764,24144,27,24171,479
2020-10-16,San Benito,069,59416,1402,1388,1,1389,14
2020-10-16,San Bernardino,071,2135413,61053,58233,381,58614,1069
2020-10-16,San Diego,073,3302833,53967,51785,1377,53162,850
2020-10-16,San Francisco,075,870044,11993,11840,44,11884,126
2020-10-16,San Joaquin,077,732212,21424,20910,145,21055,489
2020-10-16,San Luis Obispo,079,281455,4224,3952,24,3976,32
2020-10-16,San Mateo,081,765935,11059,10405,10,10415,153
2020-10-16,Santa Barbara,083,443738,9741,9549,86,9635,119
2020-10-16,Santa Clara,085,1922200,24465,22920,51,22971,345
2020-10-16,Santa Cruz,087,273765,2744,2666,33,2699,20
2020-10-16,Shasta,089,179085,1935,1660,18,1678,20
2020-10-16,Sierra,091,2930,6,6,0,6,0
2020-10-16,Siskiyou,093,43540,179,167,10,177,0
2020-10-16,Solano,095,438530,7115,6879,41,6920,55
2020-10-16,Sonoma,097,501317,9097,8652,23,8675,133
2020-10-16,Stanislaus,099,539301,17402,17201,678,17879,366
2020-10-16,Sutter,101,95872,1795,1756,1,1757,12
2020-10-16,Tehama,103,63373,822,737,2,739,3
2020-10-16,Trinity,105,12862,75,20,10,30,0
2020-10-16,Tulare,107,460477,17577,16965,285,17250,290
2020-10-16,Tuolumne,109,53932,263,237,4,241,4
2020-10-16,Ventura,111,848112,14535,13805,305,14110,152
2020-10-16,Yolo,113,214977,3133,3030,8,3038,55
2020-10-16,Yuba,115,75493,1205,1155,5,1160,10
2020-10-15,Alameda,001,1643700,23028,22267,213,22480,390
2020-10-15,Alpine,003,1148,3,3,0,3,0
2020-10-15,Amador,005,37829,315,309,0,309,16
2020-10-15,Butte,007,227075,3110,3000,29,3029,54
2020-10-15,Calaveras,009,45235,328,267,0,267,13
2020-10-15,Colusa,011,21464,542,543,1,544,6
2020-10-15,Contra Costa,013,1133247,18440,17893,92,17985,237
2020-10-15,Del Norte,015,27424,169,164,0,164,2
2020-10-15,El Dorado,017,186661,1332,1265,2,1267,4
2020-10-15,Fresno,019,978130,32751,29727,438,30165,425
2020-10-15,Glenn,021,27897,642,632,0,632,3
2020-10-15,Humboldt,023,135768,547,531,1,532,7
2020-10-15,Imperial,025,180216,12511,11820,14,11834,330
2020-10-15,Inyo,027,18085,224,210,5,215,14
2020-10-15,Kern,029,883053,33378,32593,375,32968,427
2020-10-15,Kings,031,150075,8350,8134,52,8186,80
2020-10-15,Lake,033,64148,691,642,0,642,14
2020-10-15,Lassen,035,31185,767,752,2,754,0
2020-10-15,Los Angeles,037,10098052,290439,284019,2545,286564,6807
2020-10-15,Madera,039,155013,4919,4723,35,4758,50
2020-10-15,Marin,041,260295,7043,6912,19,6931,99
2020-10-15,Mariposa,043,17540,78,76,0,76,2
2020-10-15,Mendocino,045,87422,1037,963,4,967,21
2020-10-15,Merced,047,269075,9339,9213,31,9244,147
2020-10-15,Modoc,049,8938,30,26,0,26,0
2020-10-15,Mono,051,14174,174,155,5,160,1
2020-10-15,Monterey,053,433212,10986,10677,48,10725,79
2020-10-15,Napa,055,140530,1931,1842,8,1850,12
2020-10-15,Nevada,057,99092,604,575,18,593,8
2020-10-15,Orange,059,3164182,58839,55952,1658,57610,1379
2020-10-15,Placer,061,380077,4054,3848,15,3863,48
2020-10-15,Plumas,063,18699,58,52,0,52,0
2020-10-15,Riverside,065,2383286,64889,62819,250,63069,1266
2020-10-15,Sacramento,067,1510023,24648,24068,27,24095,474
2020-10-15,San Benito,069,59416,1399,1384,1,1385,14
2020-10-15,San Bernardino,071,2135413,60714,58068,378,58446,1067
2020-10-15,San Diego,073,3302833,53683,51472,1361,52833,847
2020-10-15,San Francisco,075,870044,11965,11808,41,11849,126
2020-10-15,San Joaquin,077,732212,21351,20880,139,21019,487
2020-10-15,San Luis Obispo,079,281455,4207,3934,24,3958,32
2020-10-15,San Mateo,081,765935,11019,10340,10,10350,152
2020-10-15,Santa Barbara,083,443738,9717,9526,85,9611,117
2020-10-15,Santa Clara,085,1922200,24349,22808,51,22859,343
2020-10-15,Santa Cruz,087,273765,2730,2656,33,2689,13
2020-10-15,Shasta,089,179085,1924,1635,18,1653,20
2020-10-15,Sierra,091,2930,6,6,0,6,0
2020-10-15,Siskiyou,093,43540,175,166,10,176,0
2020-10-15,Solano,095,438530,7076,6830,41,6871,55
2020-10-15,Sonoma,097,501317,9005,8571,23,8594,133
2020-10-15,Stanislaus,099,539301,17364,17151,664,17815,366
2020-10-15,Sutter,101,95872,1792,1752,1,1753,12
2020-10-15,Tehama,103,63373,795,726,2,728,3
2020-10-15,Trinity,105,12862,75,20,10,30,0
2020-10-15,Tulare,107,460477,17517,16918,270,17188,289
2020-10-15,Tuolumne,109,53932,261,236,4,240,4
2020-10-15,Ventura,111,848112,14479,13750,300,14050,152
2020-10-15,Yolo,113,214977,3113,3014,8,3022,55
2020-10-15,Yuba,115,75493,1198,1151,5,1156,10
2020-10-14,Alameda,001,1643700,22929,22227,212,22439,398
2020-10-14,Alpine,003,1148,3,3,0,3,0
2020-10-14,Amador,005,37829,313,308,0,308,16
2020-10-14,Butte,007,227075,3102,2995,29,3024,54
2020-10-14,Calaveras,009,45235,328,266,0,266,12
2020-10-14,Colusa,011,21464,542,543,1,544,6
2020-10-14,Contra Costa,013,1133247,18383,17820,90,17910,236
2020-10-14,Del Norte,015,27424,168,163,0,163,2
2020-10-14,El Dorado,017,186661,1326,1264,2,1266,4
2020-10-14,Fresno,019,978130,32636,29650,432,30082,424
2020-10-14,Glenn,021,27897,641,629,0,629,3
2020-10-14,Humboldt,023,135768,544,531,1,532,7
2020-10-14,Imperial,025,180216,12474,11765,12,11777,330
2020-10-14,Inyo,027,18085,223,209,4,213,14
2020-10-14,Kern,029,883053,33303,32528,373,32901,425
2020-10-14,Kings,031,150075,8332,8118,52,8170,80
2020-10-14,Lake,033,64148,690,642,0,642,14
2020-10-14,Lassen,035,31185,765,752,2,754,0
2020-10-14,Los Angeles,037,10098052,289126,282918,2501,285419,6786
2020-10-14,Madera,039,155013,4904,4713,34,4747,50
2020-10-14,Marin,041,260295,7037,6907,19,6926,99
2020-10-14,Mariposa,043,17540,77,76,0,76,2
2020-10-14,Mendocino,045,87422,1031,955,4,959,21
2020-10-14,Merced,047,269075,9314,9201,29,9230,147
2020-10-14,Modoc,049,8938,30,27,0,27,0
2020-10-14,Mono,051,14174,174,155,5,160,1
2020-10-14,Monterey,053,433212,10935,10616,48,10664,78
2020-10-14,Napa,055,140530,1914,1837,8,1845,12
2020-10-14,Nevada,057,99092,602,573,18,591,7
2020-10-14,Orange,059,3164182,58625,55756,1649,57405,1348
2020-10-14,Placer,061,380077,4031,3829,15,3844,48
2020-10-14,Plumas,063,18699,54,52,0,52,0
2020-10-14,Riverside,065,2383286,64606,62607,249,62856,1261
2020-10-14,Sacramento,067,1510023,24504,24013,27,24040,472
2020-10-14,San Benito,069,59416,1397,1381,0,1381,14
2020-10-14,San Bernardino,071,2135413,60387,57774,374,58148,1063
2020-10-14,San Diego,073,3302833,53364,51329,1337,52666,844
2020-10-14,San Francisco,075,870044,11933,11783,40,11823,123
2020-10-14,San Joaquin,077,732212,21272,20845,125,20970,487
2020-10-14,San Luis Obispo,079,281455,4184,3901,23,3924,32
2020-10-14,San Mateo,081,765935,10968,10309,10,10319,132
2020-10-14,Santa Barbara,083,443738,9683,9509,85,9594,117
2020-10-14,Santa Clara,085,1922200,24200,22735,51,22786,343
2020-10-14,Santa Cruz,087,273765,2720,2618,33,2651,13
2020-10-14,Shasta,089,179085,1886,1553,18,1571,20
2020-10-14,Sierra,091,2930,6,6,0,6,0
2020-10-14,Siskiyou,093,43540,175,166,10,176,0
2020-10-14,Solano,095,438530,7020,6786,41,6827,55
2020-10-14,Sonoma,097,501317,8952,8514,23,8537,133
2020-10-14,Stanislaus,099,539301,17319,17105,661,17766,365
2020-10-14,Sutter,101,95872,1783,1747,1,1748,12
2020-10-14,Tehama,103,63373,784,721,2,723,3
2020-10-14,Trinity,105,12862,74,20,10,30,0
2020-10-14,Tulare,107,460477,17455,16863,257,17120,287
2020-10-14,Tuolumne,109,53932,260,236,4,240,4
2020-10-14,Ventura,111,848112,14426,13697,296,13993,152
2020-10-14,Yolo,113,214977,3095,3007,7,3014,55
2020-10-14,Yuba,115,75493,1190,1147,5,1152,10
2020-10-13,Alameda,001,1643700,22824,22185,210,22395,389
2020-10-13,Alpine,003,1148,3,3,0,3,0
2020-10-13,Amador,005,37829,311,306,0,306,16
2020-10-13,Butte,007,227075,3093,2992,29,3021,54
2020-10-13,Calaveras,009,45235,324,262,0,262,12
2020-10-13,Colusa,011,21464,542,541,1,542,6
2020-10-13,Contra Costa,013,1133247,18325,17783,90,17873,234
2020-10-13,Del Norte,015,27424,168,163,0,163,2
2020-10-13,El Dorado,017,186661,1317,1262,2,1264,4
2020-10-13,Fresno,019,978130,32514,29579,428,30007,424
2020-10-13,Glenn,021,27897,640,629,0,629,3
2020-10-13,Humboldt,023,135768,542,523,1,524,7
2020-10-13,Imperial,025,180216,12439,11727,11,11738,327
2020-10-13,Inyo,027,18085,220,207,4,211,14
2020-10-13,Kern,029,883053,33228,32497,371,32868,419
2020-10-13,Kings,031,150075,8323,8111,52,8163,80
2020-10-13,Lake,033,64148,687,639,0,639,12
2020-10-13,Lassen,035,31185,763,752,2,754,0
2020-10-13,Los Angeles,037,10098052,287848,281716,2458,284174,6767
2020-10-13,Madera,039,155013,4886,4700,34,4734,50
2020-10-13,Marin,041,260295,7015,6900,18,6918,97
2020-10-13,Mariposa,043,17540,77,76,0,76,2
2020-10-13,Mendocino,045,87422,1022,950,4,954,21
2020-10-13,Merced,047,269075,9297,9181,29,9210,146
2020-10-13,Modoc,049,8938,29,28,0,28,0
2020-10-13,Mono,051,14174,174,155,4,159,1
2020-10-13,Monterey,053,433212,10874,10574,47,10621,78
2020-10-13,Napa,055,140530,1905,1825,8,1833,12
2020-10-13,Nevada,057,99092,595,572,18,590,7
2020-10-13,Orange,059,3164182,58412,55515,1636,57151,1326
2020-10-13,Placer,061,380077,3993,3825,15,3840,48
2020-10-13,Plumas,063,18699,52,51,0,51,0
2020-10-13,Riverside,065,2383286,64286,62279,247,62526,1254
2020-10-13,Sacramento,067,1510023,24427,23930,27,23957,466
2020-10-13,San Benito,069,59416,1389,1380,0,1380,14
2020-10-13,San Bernardino,071,2135413,60048,57411,372,57783,1061
2020-10-13,San Diego,073,3302833,53071,51026,1320,52346,840
2020-10-13,San Francisco,075,870044,11898,11659,40,11699,122
2020-10-13,San Joaquin,077,732212,21211,20822,121,20943,481
2020-10-13,San Luis Obispo,079,281455,4168,3892,22,3914,32
2020-10-13,San Mateo,081,765935,10925,10286,10,10296,130
2020-10-13,Santa Barbara,083,443738,9652,9489,85,9574,117
2020-10-13,Santa Clara,085,1922200,24073,22678,51,22729,343
2020-10-13,Santa Cruz,087,273765,2702,2603,33,2636,13
2020-10-13,Shasta,089,179085,1862,1606,18,1624,20
2020-10-13,Sierra,091,2930,6,6,0,6,0
2020-10-13,Siskiyou,093,43540,174,163,10,173,0
2020-10-13,Solano,095,438530,6985,6761,41,6802,55
2020-10-13,Sonoma,097,501317,8869,8456,23,8479,133
2020-10-13,Stanislaus,099,539301,17274,17082,656,17738,362
2020-10-13,Sutter,101,95872,1774,1748,1,1749,12
2020-10-13,Tehama,103,63373,776,717,2,719,3
2020-10-13,Trinity,105,12862,70,19,9,28,0
2020-10-13,Tulare,107,460477,17396,16822,249,17071,286
2020-10-13,Tuolumne,109,53932,258,235,4,239,4
2020-10-13,Ventura,111,848112,14371,13645,292,13937,151
2020-10-13,Yolo,113,214977,3087,2983,6,2989,55
2020-10-13,Yuba,115,75493,1185,1143,5,1148,10
2020-10-12,Alameda,001,1643700,22744,22126,209,22335,389
2020-10-12,Alpine,003,1148,3,3,0,3,0
2020-10-12,Amador,005,37829,310,305,0,305,16
2020-10-12,Butte,007,227075,3087,2975,29,3004,54
2020-10-12,Calaveras,009,45235,324,262,0,262,12
2020-10-12,Colusa,011,21464,542,541,1,542,6
2020-10-12,Contra Costa,013,1133247,18250,17728,90,17818,233
2020-10-12,Del Norte,015,27424,168,161,0,161,2
2020-10-12,El Dorado,017,186661,1314,1254,2,1256,4
2020-10-12,Fresno,019,978130,32381,29523,424,29947,421
2020-10-12,Glenn,021,27897,639,626,0,626,3
2020-10-12,Humboldt,023,135768,539,522,1,523,7
2020-10-12,Imperial,025,180216,12400,11689,11,11700,328
2020-10-12,Inyo,027,18085,217,201,4,205,14
2020-10-12,Kern,029,883053,33135,32425,368,32793,419
2020-10-12,Kings,031,150075,8317,8106,51,8157,80
2020-10-12,Lake,033,64148,681,633,0,633,12
2020-10-12,Lassen,035,31185,763,752,2,754,0
2020-10-12,Los Angeles,037,10098052,286630,280961,2431,283392,6747
2020-10-12,Madera,039,155013,4867,4689,34,4723,50
2020-10-12,Marin,041,260295,6998,6886,18,6904,97
2020-10-12,Mariposa,043,17540,77,76,0,76,2
2020-10-12,Mendocino,045,87422,1016,947,4,951,21
2020-10-12,Merced,047,269075,9276,9141,29,9170,146
2020-10-12,Modoc,049,8938,29,27,0,27,0
2020-10-12,Mono,051,14174,174,154,4,158,1
2020-10-12,Monterey,053,433212,10808,10473,47,10520,77
2020-10-12,Napa,055,140530,1897,1819,8,1827,11
2020-10-12,Nevada,057,99092,591,570,18,588,7
2020-10-12,Orange,059,3164182,58182,55373,1626,56999,1326
2020-10-12,Placer,061,380077,3961,3808,14,3822,48
2020-10-12,Plumas,063,18699,52,51,0,51,0
2020-10-12,Riverside,065,2383286,63975,62279,243,62522,1254
2020-10-12,Sacramento,067,1510023,24321,23807,27,23834,466
2020-10-12,San Benito,069,59416,1386,1376,0,1376,13
2020-10-12,San Bernardino,071,2135413,59673,57235,371,57606,1061
2020-10-12,San Diego,073,3302833,52781,50748,1293,52041,826
2020-10-12,San Francisco,075,870044,11866,11659,40,11699,122
2020-10-12,San Joaquin,077,732212,21148,20701,115,20816,480
2020-10-12,San Luis Obispo,079,281455,4140,3874,22,3896,32
2020-10-12,San Mateo,081,765935,10877,10262,10,10272,130
2020-10-12,Santa Barbara,083,443738,9614,9462,85,9547,117
2020-10-12,Santa Clara,085,1922200,23957,22578,51,22629,343
2020-10-12,Santa Cruz,087,273765,2685,2590,33,2623,13
2020-10-12,Shasta,089,179085,1837,1515,18,1533,20
2020-10-12,Sierra,091,2930,6,6,0,6,0
2020-10-12,Siskiyou,093,43540,173,162,10,172,0
2020-10-12,Solano,095,438530,6946,6742,41,6783,55
2020-10-12,Sonoma,097,501317,8798,8377,23,8400,133
2020-10-12,Stanislaus,099,539301,17225,17051,647,17698,361
2020-10-12,Sutter,101,95872,1766,1741,1,1742,12
2020-10-12,Tehama,103,63373,760,708,2,710,3
2020-10-12,Trinity,105,12862,69,19,9,28,0
2020-10-12,Tulare,107,460477,17344,16742,242,16984,286
2020-10-12,Tuolumne,109,53932,253,234,4,238,4
2020-10-12,Ventura,111,848112,14309,13617,288,13905,151
2020-10-12,Yolo,113,214977,3072,2964,6,2970,55
2020-10-12,Yuba,115,75493,1174,1141,5,1146,10
2020-10-11,Alameda,001,1643700,22654,22057,205,22262,392
2020-10-11,Alpine,003,1148,3,3,0,3,0
2020-10-11,Amador,005,37829,308,305,0,305,16
2020-10-11,Butte,007,227075,3079,2967,28,2995,54
2020-10-11,Calaveras,009,45235,322,262,0,262,12
2020-10-11,Colusa,011,21464,540,541,1,542,6
2020-10-11,Contra Costa,013,1133247,18166,17678,90,17768,233
2020-10-11,Del Norte,015,27424,166,161,0,161,2
2020-10-11,El Dorado,017,186661,1305,1242,2,1244,4
2020-10-11,Fresno,019,978130,32243,29419,416,29835,421
2020-10-11,Glenn,021,27897,637,625,0,625,3
2020-10-11,Humboldt,023,135768,538,521,1,522,7
2020-10-11,Imperial,025,180216,12340,11614,11,11625,328
2020-10-11,Inyo,027,18085,213,201,4,205,14
2020-10-11,Kern,029,883053,33048,32399,361,32760,418
2020-10-11,Kings,031,150075,8300,8094,50,8144,80
2020-10-11,Lake,033,64148,668,631,0,631,12
2020-10-11,Lassen,035,31185,762,752,2,754,0
2020-10-11,Los Angeles,037,10098052,285190,280190,2390,282580,6745
2020-10-11,Madera,039,155013,4839,4680,33,4713,50
2020-10-11,Marin,041,260295,6989,6870,18,6888,97
2020-10-11,Mariposa,043,17540,77,76,0,76,2
2020-10-11,Mendocino,045,87422,1009,944,4,948,21
2020-10-11,Merced,047,269075,9258,9124,29,9153,146
2020-10-11,Modoc,049,8938,29,27,0,27,0
2020-10-11,Mono,051,14174,174,154,4,158,1
2020-10-11,Monterey,053,433212,10757,10445,45,10490,77
2020-10-11,Napa,055,140530,1881,1811,8,1819,11
2020-10-11,Nevada,057,99092,589,569,18,587,7
2020-10-11,Orange,059,3164182,57952,55202,1620,56822,1326
2020-10-11,Placer,061,380077,3940,3787,14,3801,48
2020-10-11,Plumas,063,18699,52,51,0,51,0
2020-10-11,Riverside,065,2383286,63686,62112,239,62351,1254
2020-10-11,Sacramento,067,1510023,24178,23778,27,23805,466
2020-10-11,San Benito,069,59416,1385,1374,0,1374,13
2020-10-11,San Bernardino,071,2135413,59219,56997,369,57366,1061
2020-10-11,San Diego,073,3302833,52431,50553,1271,51824,826
2020-10-11,San Francisco,075,870044,11823,11659,40,11699,122
2020-10-11,San Joaquin,077,732212,21073,20700,105,20805,480
2020-10-11,San Luis Obispo,079,281455,4123,3874,21,3895,32
2020-10-11,San Mateo,081,765935,10845,10240,10,10250,130
2020-10-11,Santa Barbara,083,443738,9583,9440,84,9524,117
2020-10-11,Santa Clara,085,1922200,23814,22487,50,22537,336
2020-10-11,Santa Cruz,087,273765,2671,2578,33,2611,13
2020-10-11,Shasta,089,179085,1807,1515,17,1532,20
2020-10-11,Sierra,091,2930,6,6,0,6,0
2020-10-11,Siskiyou,093,43540,172,162,10,172,0
2020-10-11,Solano,095,438530,6892,6685,41,6726,53
2020-10-11,Sonoma,097,501317,8741,8319,23,8342,133
2020-10-11,Stanislaus,099,539301,17161,17007,631,17638,360
2020-10-11,Sutter,101,95872,1763,1742,1,1743,12
2020-10-11,Tehama,103,63373,736,702,2,704,3
2020-10-11,Trinity,105,12862,69,19,9,28,0
2020-10-11,Tulare,107,460477,17280,16741,234,16975,286
2020-10-11,Tuolumne,109,53932,248,234,4,238,4
2020-10-11,Ventura,111,848112,14248,13604,283,13887,151
2020-10-11,Yolo,113,214977,3042,2952,6,2958,55
2020-10-11,Yuba,115,75493,1162,1137,5,1142,10
2020-10-10,Alameda,001,1643700,22604,21979,204,22183,398
2020-10-10,Alpine,003,1148,3,3,0,3,0
2020-10-10,Amador,005,37829,307,304,0,304,16
2020-10-10,Butte,007,227075,3074,2962,27,2989,54
2020-10-10,Calaveras,009,45235,321,262,0,262,12
2020-10-10,Colusa,011,21464,540,541,1,542,6
2020-10-10,Contra Costa,013,1133247,18130,17566,89,17655,233
2020-10-10,Del Norte,015,27424,166,161,0,161,2
2020-10-10,El Dorado,017,186661,1303,1240,2,1242,4
2020-10-10,Fresno,019,978130,32179,29286,414,29700,421
2020-10-10,Glenn,021,27897,637,623,0,623,3
2020-10-10,Humboldt,023,135768,535,518,1,519,7
2020-10-10,Imperial,025,180216,12325,11591,11,11602,327
2020-10-10,Inyo,027,18085,210,201,4,205,14
2020-10-10,Kern,029,883053,33011,32338,361,32699,418
2020-10-10,Kings,031,150075,8296,8078,50,8128,80
2020-10-10,Lake,033,64148,667,630,0,630,11
2020-10-10,Lassen,035,31185,762,752,2,754,0
2020-10-10,Los Angeles,037,10098052,284470,279213,2356,281569,6743
2020-10-10,Madera,039,155013,4826,4662,33,4695,50
2020-10-10,Marin,041,260295,6980,6852,18,6870,97
2020-10-10,Mariposa,043,17540,77,76,0,76,2
2020-10-10,Mendocino,045,87422,1002,935,4,939,21
2020-10-10,Merced,047,269075,9252,9105,28,9133,146
2020-10-10,Modoc,049,8938,29,27,0,27,0
2020-10-10,Mono,051,14174,174,154,4,158,1
2020-10-10,Monterey,053,433212,10724,10410,45,10455,75
2020-10-10,Napa,055,140530,1874,1804,8,1812,11
2020-10-10,Nevada,057,99092,586,564,18,582,6
2020-10-10,Orange,059,3164182,57831,54965,1615,56580,1324
2020-10-10,Placer,061,380077,3923,3757,14,3771,48
2020-10-10,Plumas,063,18699,52,51,0,51,0
2020-10-10,Riverside,065,2383286,63482,61845,237,62082,1254
2020-10-10,Sacramento,067,1510023,24111,23689,27,23716,466
2020-10-10,San Benito,069,59416,1383,1370,0,1370,13
2020-10-10,San Bernardino,071,2135413,59056,56683,367,57050,1061
2020-10-10,San Diego,073,3302833,52201,50145,1253,51398,825
2020-10-10,San Francisco,075,870044,11802,11663,40,11703,122
2020-10-10,San Joaquin,077,732212,21045,20700,101,20801,481
2020-10-10,San Luis Obispo,079,281455,4103,3832,21,3853,32
2020-10-10,San Mateo,081,765935,10808,10218,10,10228,130
2020-10-10,Santa Barbara,083,443738,9572,9417,84,9501,116
2020-10-10,Santa Clara,085,1922200,23723,22354,50,22404,330
2020-10-10,Santa Cruz,087,273765,2657,2572,33,2605,13
2020-10-10,Shasta,089,179085,1790,1473,17,1490,20
2020-10-10,Sierra,091,2930,6,6,0,6,0
2020-10-10,Siskiyou,093,43540,172,161,10,171,0
2020-10-10,Solano,095,438530,6866,6655,41,6696,53
2020-10-10,Sonoma,097,501317,8721,8235,23,8258,133
2020-10-10,Stanislaus,099,539301,17126,16960,623,17583,360
2020-10-10,Sutter,101,95872,1760,1735,1,1736,12
2020-10-10,Tehama,103,63373,729,693,2,695,3
2020-10-10,Trinity,105,12862,69,19,9,28,0
2020-10-10,Tulare,107,460477,17245,16709,229,16938,286
2020-10-10,Tuolumne,109,53932,248,233,4,237,4
2020-10-10,Ventura,111,848112,14223,13520,283,13803,151
2020-10-10,Yolo,113,214977,3033,2939,6,2945,55
2020-10-10,Yuba,115,75493,1160,1134,5,1139,10
2020-10-09,Alameda,001,1643700,22556,21924,204,22128,399
2020-10-09,Alpine,003,1148,3,3,0,3,0
2020-10-09,Amador,005,37829,307,303,0,303,16
2020-10-09,Butte,007,227075,3071,2956,27,2983,51
2020-10-09,Calaveras,009,45235,319,262,0,262,11
2020-10-09,Colusa,011,21464,540,541,1,542,6
2020-10-09,Contra Costa,013,1133247,18080,17487,89,17576,229
2020-10-09,Del Norte,015,27424,165,161,0,161,2
2020-10-09,El Dorado,017,186661,1299,1234,2,1236,4
2020-10-09,Fresno,019,978130,32106,29208,412,29620,417
2020-10-09,Glenn,021,27897,632,617,0,617,3
2020-10-09,Humboldt,023,135768,533,516,1,517,7
2020-10-09,Imperial,025,180216,12298,11516,11,11527,330
2020-10-09,Inyo,027,18085,207,200,4,204,14
2020-10-09,Kern,029,883053,32968,32237,359,32596,417
2020-10-09,Kings,031,150075,8289,7993,48,8041,80
2020-10-09,Lake,033,64148,657,610,0,610,11
2020-10-09,Lassen,035,31185,762,751,2,753,0
2020-10-09,Los Angeles,037,10098052,283336,278039,2331,280370,6715
2020-10-09,Madera,039,155013,4816,4646,33,4679,50
2020-10-09,Marin,041,260295,6966,6838,18,6856,96
2020-10-09,Mariposa,043,17540,77,76,0,76,2
2020-10-09,Mendocino,045,87422,992,933,4,937,20
2020-10-09,Merced,047,269075,9238,9095,28,9123,145
2020-10-09,Modoc,049,8938,29,27,0,27,0
2020-10-09,Mono,051,14174,174,154,4,158,1
2020-10-09,Monterey,053,433212,10690,10369,45,10414,75
2020-10-09,Napa,055,140530,1864,1795,8,1803,11
2020-10-09,Nevada,057,99092,581,561,18,579,6
2020-10-09,Orange,059,3164182,57659,54746,1610,56356,1305
2020-10-09,Placer,061,380077,3909,3737,14,3751,48
2020-10-09,Plumas,063,18699,52,50,0,50,0
2020-10-09,Riverside,065,2383286,63246,61529,236,61765,1252
2020-10-09,Sacramento,067,1510023,24041,23606,27,23633,457
2020-10-09,San Benito,069,59416,1378,1367,0,1367,13
2020-10-09,San Bernardino,071,2135413,58816,56434,365,56799,1057
2020-10-09,San Diego,073,3302833,51925,49825,1242,51067,821
2020-10-09,San Francisco,075,870044,11772,11620,40,11660,120
2020-10-09,San Joaquin,077,732212,21015,20648,92,20740,481
2020-10-09,San Luis Obispo,079,281455,4084,3810,21,3831,32
2020-10-09,San Mateo,081,765935,10780,10140,10,10150,130
2020-10-09,Santa Barbara,083,443738,9544,9396,84,9480,116
2020-10-09,Santa Clara,085,1922200,23621,22251,49,22300,328
2020-10-09,Santa Cruz,087,273765,2648,2555,33,2588,13
2020-10-09,Shasta,089,179085,1764,1353,16,1369,20
2020-10-09,Sierra,091,2930,6,6,0,6,0
2020-10-09,Siskiyou,093,43540,170,156,10,166,0
2020-10-09,Solano,095,438530,6827,6614,41,6655,53
2020-10-09,Sonoma,097,501317,8667,8133,23,8156,133
2020-10-09,Stanislaus,099,539301,17102,16904,614,17518,362
2020-10-09,Sutter,101,95872,1756,1732,1,1733,12
2020-10-09,Tehama,103,63373,723,682,2,684,3
2020-10-09,Trinity,105,12862,69,25,9,34,0
2020-10-09,Tulare,107,460477,17205,16644,220,16864,286
2020-10-09,Tuolumne,109,53932,245,230,4,234,4
2020-10-09,Ventura,111,848112,14187,13469,280,13749,151
2020-10-09,Yolo,113,214977,3026,2928,6,2934,55
2020-10-09,Yuba,115,75493,1159,1129,5,1134,10
2020-10-08,Alameda,001,1643700,22475,21826,203,22029,395
2020-10-08,Alpine,003,1148,3,3,0,3,0
2020-10-08,Amador,005,37829,306,302,0,302,16
2020-10-08,Butte,007,227075,3061,2935,27,2962,51
2020-10-08,Calaveras,009,45235,318,262,0,262,11
2020-10-08,Colusa,011,21464,540,539,1,540,6
2020-10-08,Contra Costa,013,1133247,18020,17418,88,17506,228
2020-10-08,Del Norte,015,27424,165,151,0,151,2
2020-10-08,El Dorado,017,186661,1298,1230,2,1232,4
2020-10-08,Fresno,019,978130,32001,29111,412,29523,416
2020-10-08,Glenn,021,27897,629,616,0,616,3
2020-10-08,Humboldt,023,135768,529,515,1,516,7
2020-10-08,Imperial,025,180216,12259,11405,11,11416,330
2020-10-08,Inyo,027,18085,204,199,4,203,14
2020-10-08,Kern,029,883053,32910,32169,354,32523,411
2020-10-08,Kings,031,150075,8283,7968,48,8016,80
2020-10-08,Lake,033,64148,652,604,0,604,11
2020-10-08,Lassen,035,31185,757,751,2,753,0
2020-10-08,Los Angeles,037,10098052,282136,276763,2291,279054,6699
2020-10-08,Madera,039,155013,4797,4637,33,4670,50
2020-10-08,Marin,041,260295,6952,6810,18,6828,96
2020-10-08,Mariposa,043,17540,77,76,0,76,2
2020-10-08,Mendocino,045,87422,987,930,4,934,20
2020-10-08,Merced,047,269075,9218,9069,28,9097,144
2020-10-08,Modoc,049,8938,29,27,0,27,0
2020-10-08,Mono,051,14174,174,153,4,157,1
2020-10-08,Monterey,053,433212,10623,10343,45,10388,75
2020-10-08,Napa,055,140530,1849,1779,8,1787,11
2020-10-08,Nevada,057,99092,578,556,18,574,6
2020-10-08,Orange,059,3164182,57466,54523,1599,56122,1293
2020-10-08,Placer,061,380077,3891,3715,14,3729,48
2020-10-08,Plumas,063,18699,52,50,0,50,0
2020-10-08,Riverside,065,2383286,62977,61105,234,61339,1244
2020-10-08,Sacramento,067,1510023,23933,23482,27,23509,454
2020-10-08,San Benito,069,59416,1373,1367,0,1367,13
2020-10-08,San Bernardino,071,2135413,58450,56152,364,56516,1048
2020-10-08,San Diego,073,3302833,51645,49468,1210,50678,819
2020-10-08,San Francisco,075,870044,11734,11608,40,11648,115
2020-10-08,San Joaquin,077,732212,20963,20576,87,20663,478
2020-10-08,San Luis Obispo,079,281455,4068,3785,21,3806,32
2020-10-08,San Mateo,081,765935,10748,10044,10,10054,130
2020-10-08,Santa Barbara,083,443738,9516,9374,84,9458,116
2020-10-08,Santa Clara,085,1922200,23519,22095,49,22144,323
2020-10-08,Santa Cruz,087,273765,2636,2535,33,2568,13
2020-10-08,Shasta,089,179085,1730,1305,16,1321,20
2020-10-08,Sierra,091,2930,6,6,0,6,0
2020-10-08,Siskiyou,093,43540,170,156,10,166,0
2020-10-08,Solano,095,438530,6803,6556,41,6597,53
2020-10-08,Sonoma,097,501317,8601,8063,23,8086,132
2020-10-08,Stanislaus,099,539301,17056,16821,606,17427,360
2020-10-08,Sutter,101,95872,1756,1725,1,1726,12
2020-10-08,Tehama,103,63373,714,676,2,678,3
2020-10-08,Trinity,105,12862,68,25,9,34,0
2020-10-08,Tulare,107,460477,17144,16573,211,16784,283
2020-10-08,Tuolumne,109,53932,244,230,4,234,4
2020-10-08,Ventura,111,848112,14139,13399,278,13677,151
2020-10-08,Yolo,113,214977,3009,2914,6,2920,55
2020-10-08,Yuba,115,75493,1154,1126,5,1131,10
2020-10-07,Alameda,001,1643700,22398,21736,203,21939,395
2020-10-07,Alpine,003,1148,3,3,0,3,0
2020-10-07,Amador,005,37829,306,302,0,302,16
2020-10-07,Butte,007,227075,3049,2927,27,2954,47
2020-10-07,Calaveras,009,45235,316,262,0,262,11
2020-10-07,Colusa,011,21464,539,539,0,539,6
2020-10-07,Contra Costa,013,1133247,17950,17346,87,17433,225
2020-10-07,Del Norte,015,27424,164,149,0,149,2
2020-10-07,El Dorado,017,186661,1290,1219,2,1221,4
2020-10-07,Fresno,019,978130,31880,29069,407,29476,413
2020-10-07,Glenn,021,27897,629,615,0,615,3
2020-10-07,Humboldt,023,135768,526,512,1,513,7
2020-10-07,Imperial,025,180216,12222,11289,10,11299,330
2020-10-07,Inyo,027,18085,204,199,4,203,14
2020-10-07,Kern,029,883053,32837,32068,353,32421,410
2020-10-07,Kings,031,150075,8268,7948,48,7996,80
2020-10-07,Lake,033,64148,651,599,0,599,11
2020-10-07,Lassen,035,31185,757,751,2,753,0
2020-10-07,Los Angeles,037,10098052,280955,275559,2257,277816,6681
2020-10-07,Madera,039,155013,4777,4618,33,4651,50
2020-10-07,Marin,041,260295,6925,6790,18,6808,95
2020-10-07,Mariposa,043,17540,77,75,0,75,2
2020-10-07,Mendocino,045,87422,981,927,4,931,19
2020-10-07,Merced,047,269075,9181,9045,27,9072,144
2020-10-07,Modoc,049,8938,29,27,0,27,0
2020-10-07,Mono,051,14174,173,153,3,156,1
2020-10-07,Monterey,053,433212,10564,10272,45,10317,75
2020-10-07,Napa,055,140530,1836,1774,8,1782,11
2020-10-07,Nevada,057,99092,574,552,18,570,6
2020-10-07,Orange,059,3164182,57248,54332,1589,55921,1277
2020-10-07,Placer,061,380077,3875,3693,14,3707,48
2020-10-07,Plumas,063,18699,52,50,0,50,0
2020-10-07,Riverside,065,2383286,62630,60857,230,61087,1241
2020-10-07,Sacramento,067,1510023,23836,23380,27,23407,452
2020-10-07,San Benito,069,59416,1370,1363,0,1363,13
2020-10-07,San Bernardino,071,2135413,58101,55738,363,56101,1043
2020-10-07,San Diego,073,3302833,51329,49177,1186,50363,813
2020-10-07,San Francisco,075,870044,11699,11551,40,11591,115
2020-10-07,San Joaquin,077,732212,20911,20527,80,20607,478
2020-10-07,San Luis Obispo,079,281455,4038,3749,21,3770,32
2020-10-07,San Mateo,081,765935,10705,9980,10,9990,130
2020-10-07,Santa Barbara,083,443738,9490,9350,83,9433,116
2020-10-07,Santa Clara,085,1922200,23391,21993,49,22042,320
2020-10-07,Santa Cruz,087,273765,2624,2518,33,2551,14
2020-10-07,Shasta,089,179085,1687,1268,16,1284,20
2020-10-07,Sierra,091,2930,6,6,0,6,0
2020-10-07,Siskiyou,093,43540,168,154,10,164,0
2020-10-07,Solano,095,438530,6768,6526,41,6567,53
2020-10-07,Sonoma,097,501317,8526,7993,22,8015,130
2020-10-07,Stanislaus,099,539301,17021,16786,600,17386,357
2020-10-07,Sutter,101,95872,1753,1723,1,1724,12
2020-10-07,Tehama,103,63373,705,666,2,668,3
2020-10-07,Trinity,105,12862,64,25,8,33,0
2020-10-07,Tulare,107,460477,17101,16483,202,16685,282
2020-10-07,Tuolumne,109,53932,244,227,4,231,3
2020-10-07,Ventura,111,848112,14089,13333,272,13605,150
2020-10-07,Yolo,113,214977,2983,2904,6,2910,55
2020-10-07,Yuba,115,75493,1148,1120,5,1125,10
2020-10-06,Alameda,001,1643700,22307,21698,201,21899,385
2020-10-06,Alpine,003,1148,3,3,0,3,0
2020-10-06,Amador,005,37829,304,301,0,301,16
2020-10-06,Butte,007,227075,3042,2925,27,2952,47
2020-10-06,Calaveras,009,45235,316,261,0,261,11
2020-10-06,Colusa,011,21464,538,538,0,538,6
2020-10-06,Contra Costa,013,1133247,17871,17295,87,17382,219
2020-10-06,Del Norte,015,27424,164,144,0,144,2
2020-10-06,El Dorado,017,186661,1286,1211,2,1213,4
2020-10-06,Fresno,019,978130,31736,29022,404,29426,412
2020-10-06,Glenn,021,27897,626,604,0,604,3
2020-10-06,Humboldt,023,135768,523,508,1,509,7
2020-10-06,Imperial,025,180216,12184,11196,10,11206,327
2020-10-06,Inyo,027,18085,202,198,4,202,14
2020-10-06,Kern,029,883053,32760,32006,351,32357,407
2020-10-06,Kings,031,150075,8252,7943,48,7991,81
2020-10-06,Lake,033,64148,645,596,0,596,11
2020-10-06,Lassen,035,31185,757,743,2,745,0
2020-10-06,Los Angeles,037,10098052,279719,274115,2207,276322,6657
2020-10-06,Madera,039,155013,4765,4608,33,4641,50
2020-10-06,Marin,041,260295,6910,6766,18,6784,91
2020-10-06,Mariposa,043,17540,77,75,0,75,2
2020-10-06,Mendocino,045,87422,974,920,4,924,19
2020-10-06,Merced,047,269075,9145,9034,26,9060,143
2020-10-06,Modoc,049,8938,29,26,0,26,0
2020-10-06,Mono,051,14174,173,153,3,156,1
2020-10-06,Monterey,053,433212,10508,10235,43,10278,72
2020-10-06,Napa,055,140530,1830,1770,8,1778,11
2020-10-06,Nevada,057,99092,571,551,18,569,6
2020-10-06,Orange,059,3164182,57033,54203,1580,55783,1273
2020-10-06,Placer,061,380077,3853,3680,14,3694,48
2020-10-06,Plumas,063,18699,52,49,0,49,0
2020-10-06,Riverside,065,2383286,62365,60593,227,60820,1238
2020-10-06,Sacramento,067,1510023,23749,23322,27,23349,442
2020-10-06,San Benito,069,59416,1369,1358,0,1358,12
2020-10-06,San Bernardino,071,2135413,57784,55416,359,55775,1040
2020-10-06,San Diego,073,3302833,50992,48823,1169,49992,806
2020-10-06,San Francisco,075,870044,11673,11513,39,11552,115
2020-10-06,San Joaquin,077,732212,20871,20481,77,20558,477
2020-10-06,San Luis Obispo,079,281455,4004,3723,21,3744,32
2020-10-06,San Mateo,081,765935,10672,9934,10,9944,129
2020-10-06,Santa Barbara,083,443738,9461,9331,82,9413,116
2020-10-06,Santa Clara,085,1922200,23296,21914,49,21963,320
2020-10-06,Santa Cruz,087,273765,2602,2510,33,2543,12
2020-10-06,Shasta,089,179085,1647,1242,16,1258,18
2020-10-06,Sierra,091,2930,6,6,0,6,0
2020-10-06,Siskiyou,093,43540,168,154,10,164,0
2020-10-06,Solano,095,438530,6722,6506,41,6547,52
2020-10-06,Sonoma,097,501317,8433,7895,22,7917,130
2020-10-06,Stanislaus,099,539301,16976,16759,594,17353,354
2020-10-06,Sutter,101,95872,1751,1722,1,1723,12
2020-10-06,Tehama,103,63373,696,660,2,662,3
2020-10-06,Trinity,105,12862,64,25,8,33,0
2020-10-06,Tulare,107,460477,17059,16456,194,16650,280
2020-10-06,Tuolumne,109,53932,243,227,4,231,2
2020-10-06,Ventura,111,848112,14022,13242,267,13509,150
2020-10-06,Yolo,113,214977,2969,2899,6,2905,56
2020-10-06,Yuba,115,75493,1147,1114,5,1119,10
2020-10-05,Alameda,001,1643700,22219,21637,198,21835,383
2020-10-05,Alpine,003,1148,3,2,0,2,0
2020-10-05,Amador,005,37829,304,299,0,299,16
2020-10-05,Butte,007,227075,3032,2910,27,2937,46
2020-10-05,Calaveras,009,45235,316,259,0,259,11
2020-10-05,Colusa,011,21464,538,537,0,537,6
2020-10-05,Contra Costa,013,1133247,17794,17250,87,17337,216
2020-10-05,Del Norte,015,27424,161,142,0,142,2
2020-10-05,El Dorado,017,186661,1282,1202,2,1204,4
2020-10-05,Fresno,019,978130,31619,29136,404,29540,408
2020-10-05,Glenn,021,27897,624,603,0,603,3
2020-10-05,Humboldt,023,135768,522,506,1,507,6
2020-10-05,Imperial,025,180216,12144,11169,10,11179,327
2020-10-05,Inyo,027,18085,202,197,4,201,14
2020-10-05,Kern,029,883053,32681,31933,347,32280,404
2020-10-05,Kings,031,150075,8155,7932,48,7980,80
2020-10-05,Lake,033,64148,641,592,0,592,10
2020-10-05,Lassen,035,31185,756,743,2,745,0
2020-10-05,Los Angeles,037,10098052,278632,273200,2165,275365,6632
2020-10-05,Madera,039,155013,4757,4598,31,4629,50
2020-10-05,Marin,041,260295,6893,6751,18,6769,91
2020-10-05,Mariposa,043,17540,77,75,0,75,2
2020-10-05,Mendocino,045,87422,966,913,4,917,19
2020-10-05,Merced,047,269075,9126,9021,25,9046,143
2020-10-05,Modoc,049,8938,29,26,0,26,0
2020-10-05,Mono,051,14174,173,152,3,155,1
2020-10-05,Monterey,053,433212,10461,10187,43,10230,72
2020-10-05,Napa,055,140530,1819,1760,8,1768,11
2020-10-05,Nevada,057,99092,568,550,17,567,6
2020-10-05,Orange,059,3164182,56817,54103,1567,55670,1271
2020-10-05,Placer,061,380077,3827,3670,14,3684,46
2020-10-05,Plumas,063,18699,51,49,0,49,0
2020-10-05,Riverside,065,2383286,62045,60454,223,60677,1232
2020-10-05,Sacramento,067,1510023,23645,23207,27,23234,438
2020-10-05,San Benito,069,59416,1366,1356,0,1356,12
2020-10-05,San Bernardino,071,2135413,57476,55100,358,55458,1031
2020-10-05,San Diego,073,3302833,50656,48662,1145,49807,803
2020-10-05,San Francisco,075,870044,11634,11476,36,11512,110
2020-10-05,San Joaquin,077,732212,20800,20319,74,20393,476
2020-10-05,San Luis Obispo,079,281455,3977,3710,21,3731,32
2020-10-05,San Mateo,081,765935,10645,9896,10,9906,128
2020-10-05,Santa Barbara,083,443738,9439,9309,82,9391,116
2020-10-05,Santa Clara,085,1922200,23179,21861,49,21910,319
2020-10-05,Santa Cruz,087,273765,2590,2492,33,2525,9
2020-10-05,Shasta,089,179085,1615,1158,16,1174,18
2020-10-05,Sierra,091,2930,6,6,0,6,0
2020-10-05,Siskiyou,093,43540,168,153,10,163,0
2020-10-05,Solano,095,438530,6683,6475,41,6516,52
2020-10-05,Sonoma,097,501317,8341,7817,22,7839,130
2020-10-05,Stanislaus,099,539301,16941,16730,587,17317,351
2020-10-05,Sutter,101,95872,1743,1719,1,1720,12
2020-10-05,Tehama,103,63373,688,642,2,644,3
2020-10-05,Trinity,105,12862,62,22,8,30,0
2020-10-05,Tulare,107,460477,17000,16343,189,16532,278
2020-10-05,Tuolumne,109,53932,240,226,4,230,2
2020-10-05,Ventura,111,848112,13953,13224,247,13471,149
2020-10-05,Yolo,113,214977,2950,2889,6,2895,56
2020-10-05,Yuba,115,75493,1134,1108,5,1113,9
2020-10-04,Alameda,001,1643700,22123,21597,198,21795,383
2020-10-04,Alpine,003,1148,3,2,0,2,0
2020-10-04,Amador,005,37829,302,297,0,297,16
2020-10-04,Butte,007,227075,3018,2903,27,2930,46
2020-10-04,Calaveras,009,45235,316,259,0,259,11
2020-10-04,Colusa,011,21464,537,537,0,537,6
2020-10-04,Contra Costa,013,1133247,17729,17192,87,17279,214
2020-10-04,Del Norte,015,27424,157,142,0,142,2
2020-10-04,El Dorado,017,186661,1278,1196,2,1198,4
2020-10-04,Fresno,019,978130,31496,29065,404,29469,408
2020-10-04,Glenn,021,27897,622,601,0,601,3
2020-10-04,Humboldt,023,135768,521,506,1,507,6
2020-10-04,Imperial,025,180216,12105,11127,10,11137,327
2020-10-04,Inyo,027,18085,199,195,4,199,14
2020-10-04,Kern,029,883053,32607,31906,344,32250,404
2020-10-04,Kings,031,150075,8140,7919,48,7967,80
2020-10-04,Lake,033,64148,627,589,0,589,10
2020-10-04,Lassen,035,31185,756,743,2,745,0
2020-10-04,Los Angeles,037,10098052,277243,272822,2117,274939,6625
2020-10-04,Madera,039,155013,4741,4587,31,4618,50
2020-10-04,Marin,041,260295,6873,6741,18,6759,91
2020-10-04,Mariposa,043,17540,77,75,0,75,2
2020-10-04,Mendocino,045,87422,953,905,4,909,18
2020-10-04,Merced,047,269075,9101,9006,25,9031,140
2020-10-04,Modoc,049,8938,29,26,0,26,0
2020-10-04,Mono,051,14174,172,152,2,154,1
2020-10-04,Monterey,053,433212,10420,10141,42,10183,72
2020-10-04,Napa,055,140530,1807,1759,8,1767,11
2020-10-04,Nevada,057,99092,564,547,16,563,6
2020-10-04,Orange,059,3164182,56581,53966,1558,55524,1270
2020-10-04,Placer,061,380077,3806,3664,14,3678,46
2020-10-04,Plumas,063,18699,51,49,0,49,0
2020-10-04,Riverside,065,2383286,61759,60251,219,60470,1226
2020-10-04,Sacramento,067,1510023,23532,23162,27,23189,438
2020-10-04,San Benito,069,59416,1366,1355,0,1355,12
2020-10-04,San Bernardino,071,2135413,57029,55100,356,55456,1031
2020-10-04,San Diego,073,3302833,50289,48438,1120,49558,803
2020-10-04,San Francisco,075,870044,11602,11474,34,11508,110
2020-10-04,San Joaquin,077,732212,20723,20320,68,20388,476
2020-10-04,San Luis Obispo,079,281455,3952,3688,21,3709,31
2020-10-04,San Mateo,081,765935,10585,9858,10,9868,128
2020-10-04,Santa Barbara,083,443738,9413,9276,80,9356,116
2020-10-04,Santa Clara,085,1922200,23042,21780,49,21829,316
2020-10-04,Santa Cruz,087,273765,2574,2483,33,2516,9
2020-10-04,Shasta,089,179085,1517,1158,15,1173,18
2020-10-04,Sierra,091,2930,6,6,0,6,0
2020-10-04,Siskiyou,093,43540,168,153,10,163,0
2020-10-04,Solano,095,438530,6632,6445,41,6486,52
2020-10-04,Sonoma,097,501317,8253,7794,22,7816,129
2020-10-04,Stanislaus,099,539301,16891,16711,578,17289,351
2020-10-04,Sutter,101,95872,1740,1711,1,1712,11
2020-10-04,Tehama,103,63373,673,637,2,639,3
2020-10-04,Trinity,105,12862,61,21,8,29,0
2020-10-04,Tulare,107,460477,16923,16343,178,16521,278
2020-10-04,Tuolumne,109,53932,238,226,4,230,2
2020-10-04,Ventura,111,848112,13871,13197,230,13427,149
2020-10-04,Yolo,113,214977,2939,2875,6,2881,56
2020-10-04,Yuba,115,75493,1130,1103,5,1108,9
2020-10-03,Alameda,001,1643700,22077,21510,197,21707,386
2020-10-03,Alpine,003,1148,3,2,0,2,0
2020-10-03,Amador,005,37829,301,296,0,296,16
2020-10-03,Butte,007,227075,3012,2894,27,2921,46
2020-10-03,Calaveras,009,45235,316,259,0,259,11
2020-10-03,Colusa,011,21464,536,537,0,537,6
2020-10-03,Contra Costa,013,1133247,17679,17087,85,17172,213
2020-10-03,Del Norte,015,27424,153,142,0,142,2
2020-10-03,El Dorado,017,186661,1271,1188,2,1190,4
2020-10-03,Fresno,019,978130,31436,28975,403,29378,408
2020-10-03,Glenn,021,27897,620,601,0,601,3
2020-10-03,Humboldt,023,135768,520,504,1,505,6
2020-10-03,Imperial,025,180216,12082,11090,10,11100,327
2020-10-03,Inyo,027,18085,199,194,4,198,14
2020-10-03,Kern,029,883053,32557,31864,341,32205,403
2020-10-03,Kings,031,150075,8136,7887,48,7935,80
2020-10-03,Lake,033,64148,617,588,0,588,10
2020-10-03,Lassen,035,31185,756,743,2,745,0
2020-10-03,Los Angeles,037,10098052,276538,271869,2088,273957,6620
2020-10-03,Madera,039,155013,4724,4565,31,4596,50
2020-10-03,Marin,041,260295,6867,6728,18,6746,91
2020-10-03,Mariposa,043,17540,77,75,0,75,2
2020-10-03,Mendocino,045,87422,951,898,4,902,18
2020-10-03,Merced,047,269075,9088,8986,25,9011,139
2020-10-03,Modoc,049,8938,29,26,0,26,0
2020-10-03,Mono,051,14174,171,152,2,154,1
2020-10-03,Monterey,053,433212,10386,10092,39,10131,72
2020-10-03,Napa,055,140530,1803,1752,8,1760,11
2020-10-03,Nevada,057,99092,563,544,16,560,6
2020-10-03,Orange,059,3164182,56464,53573,1553,55126,1268
2020-10-03,Placer,061,380077,3795,3648,14,3662,47
2020-10-03,Plumas,063,18699,51,48,0,48,0
2020-10-03,Riverside,065,2383286,61607,59991,217,60208,1226
2020-10-03,Sacramento,067,1510023,23481,23076,27,23103,437
2020-10-03,San Benito,069,59416,1366,1351,0,1351,12
2020-10-03,San Bernardino,071,2135413,56856,55004,353,55357,1031
2020-10-03,San Diego,073,3302833,50058,48202,1103,49305,798
2020-10-03,San Francisco,075,870044,11577,11475,32,11507,110
2020-10-03,San Joaquin,077,732212,20697,20322,68,20390,476
2020-10-03,San Luis Obispo,079,281455,3928,3670,21,3691,31
2020-10-03,San Mateo,081,765935,10559,9822,9,9831,128
2020-10-03,Santa Barbara,083,443738,9400,9256,80,9336,116
2020-10-03,Santa Clara,085,1922200,22962,21672,49,21721,309
2020-10-03,Santa Cruz,087,273765,2566,2476,33,2509,9
2020-10-03,Shasta,089,179085,1489,1117,14,1131,18
2020-10-03,Sierra,091,2930,6,6,0,6,0
2020-10-03,Siskiyou,093,43540,168,152,10,162,0
2020-10-03,Solano,095,438530,6606,6419,41,6460,52
2020-10-03,Sonoma,097,501317,8210,7747,22,7769,129
2020-10-03,Stanislaus,099,539301,16858,16645,574,17219,351
2020-10-03,Sutter,101,95872,1736,1705,1,1706,11
2020-10-03,Tehama,103,63373,667,630,2,632,3
2020-10-03,Trinity,105,12862,61,15,8,23,0
2020-10-03,Tulare,107,460477,16879,16322,174,16496,278
2020-10-03,Tuolumne,109,53932,237,224,4,228,2
2020-10-03,Ventura,111,848112,13832,13150,226,13376,148
2020-10-03,Yolo,113,214977,2932,2863,6,2869,56
2020-10-03,Yuba,115,75493,1122,1097,5,1102,8
2020-10-02,Alameda,001,1643700,22022,21404,196,21600,382
2020-10-02,Alpine,003,1148,3,2,0,2,0
2020-10-02,Amador,005,37829,300,296,0,296,16
2020-10-02,Butte,007,227075,3002,2879,27,2906,46
2020-10-02,Calaveras,009,45235,315,259,0,259,11
2020-10-02,Colusa,011,21464,535,537,0,537,6
2020-10-02,Contra Costa,013,1133247,17636,17002,84,17086,213
2020-10-02,Del Norte,015,27424,152,141,0,141,2
2020-10-02,El Dorado,017,186661,1264,1168,2,1170,4
2020-10-02,Fresno,019,978130,31353,28855,403,29258,403
2020-10-02,Glenn,021,27897,615,594,0,594,3
2020-10-02,Humboldt,023,135768,519,503,1,504,6
2020-10-02,Imperial,025,180216,12060,11024,10,11034,327
2020-10-02,Inyo,027,18085,197,191,4,195,14
2020-10-02,Kern,029,883053,32505,31790,339,32129,399
2020-10-02,Kings,031,150075,8127,7716,48,7764,79
2020-10-02,Lake,033,64148,611,579,0,579,10
2020-10-02,Lassen,035,31185,756,742,2,744,0
2020-10-02,Los Angeles,037,10098052,275636,270935,2061,272996,6602
2020-10-02,Madera,039,155013,4715,4537,31,4568,49
2020-10-02,Marin,041,260295,6850,6717,18,6735,91
2020-10-02,Mariposa,043,17540,77,75,0,75,2
2020-10-02,Mendocino,045,87422,946,883,4,887,18
2020-10-02,Merced,047,269075,9078,8961,25,8986,139
2020-10-02,Modoc,049,8938,29,26,0,26,0
2020-10-02,Mono,051,14174,171,150,2,152,1
2020-10-02,Monterey,053,433212,10352,9997,39,10036,71
2020-10-02,Napa,055,140530,1797,1737,8,1745,11
2020-10-02,Nevada,057,99092,560,543,16,559,6
2020-10-02,Orange,059,3164182,56333,53299,1546,54845,1262
2020-10-02,Placer,061,380077,3775,3612,14,3626,46
2020-10-02,Plumas,063,18699,51,48,0,48,0
2020-10-02,Riverside,065,2383286,61386,59673,214,59887,1223
2020-10-02,Sacramento,067,1510023,23416,22818,27,22845,436
2020-10-02,San Benito,069,59416,1362,1347,0,1347,12
2020-10-02,San Bernardino,071,2135413,56668,54613,353,54966,1028
2020-10-02,San Diego,073,3302833,49805,47793,1088,48881,794
2020-10-02,San Francisco,075,870044,11554,11398,32,11430,110
2020-10-02,San Joaquin,077,732212,20663,20235,67,20302,474
2020-10-02,San Luis Obispo,079,281455,3905,3654,21,3675,31
2020-10-02,San Mateo,081,765935,10518,9745,9,9754,128
2020-10-02,Santa Barbara,083,443738,9377,9234,80,9314,116
2020-10-02,Santa Clara,085,1922200,22876,21545,48,21593,305
2020-10-02,Santa Cruz,087,273765,2549,2463,33,2496,9
2020-10-02,Shasta,089,179085,1454,1046,14,1060,18
2020-10-02,Sierra,091,2930,6,6,0,6,0
2020-10-02,Siskiyou,093,43540,168,151,10,161,0
2020-10-02,Solano,095,438530,6576,6385,41,6426,52
2020-10-02,Sonoma,097,501317,8153,7662,22,7684,125
2020-10-02,Stanislaus,099,539301,16817,16609,565,17174,349
2020-10-02,Sutter,101,95872,1735,1693,1,1694,11
2020-10-02,Tehama,103,63373,662,619,2,621,3
2020-10-02,Trinity,105,12862,61,15,8,23,0
2020-10-02,Tulare,107,460477,16838,16245,167,16412,278
2020-10-02,Tuolumne,109,53932,235,225,4,229,2
2020-10-02,Ventura,111,848112,13793,13120,221,13341,146
2020-10-02,Yolo,113,214977,2927,2845,6,2851,55
2020-10-02,Yuba,115,75493,1120,1090,5,1095,8
2020-10-01,Alameda,001,1643700,21961,21349,192,21541,383
2020-10-01,Alpine,003,1148,3,2,0,2,0
2020-10-01,Amador,005,37829,300,294,0,294,16
2020-10-01,Butte,007,227075,2994,2865,27,2892,45
2020-10-01,Calaveras,009,45235,315,257,0,257,11
2020-10-01,Colusa,011,21464,535,536,0,536,6
2020-10-01,Contra Costa,013,1133247,17573,16898,84,16982,211
2020-10-01,Del Norte,015,27424,147,140,0,140,2
2020-10-01,El Dorado,017,186661,1260,1162,1,1163,4
2020-10-01,Fresno,019,978130,31272,28796,401,29197,397
2020-10-01,Glenn,021,27897,611,593,0,593,3
2020-10-01,Humboldt,023,135768,519,499,1,500,6
2020-10-01,Imperial,025,180216,12017,10928,10,10938,325
2020-10-01,Inyo,027,18085,197,191,4,195,14
2020-10-01,Kern,029,883053,32442,31678,334,32012,399
2020-10-01,Kings,031,150075,8116,7688,45,7733,79
2020-10-01,Lake,033,64148,605,572,0,572,11
2020-10-01,Lassen,035,31185,753,742,2,744,0
2020-10-01,Los Angeles,037,10098052,274594,271513,2027,273540,6621
2020-10-01,Madera,039,155013,4692,4508,31,4539,48
2020-10-01,Marin,041,260295,6836,6710,18,6728,92
2020-10-01,Mariposa,043,17540,77,76,0,76,2
2020-10-01,Mendocino,045,87422,941,874,4,878,19
2020-10-01,Merced,047,269075,9050,8942,25,8967,138
2020-10-01,Modoc,049,8938,29,26,0,26,0
2020-10-01,Mono,051,14174,169,150,2,152,1
2020-10-01,Monterey,053,433212,10276,9958,39,9997,71
2020-10-01,Napa,055,140530,1789,1729,8,1737,11
2020-10-01,Nevada,057,99092,559,543,16,559,6
2020-10-01,Orange,059,3164182,56168,53088,1533,54621,1257
2020-10-01,Placer,061,380077,3748,3599,14,3613,45
2020-10-01,Plumas,063,18699,51,48,0,48,0
2020-10-01,Riverside,065,2383286,61134,59293,208,59501,1223
2020-10-01,Sacramento,067,1510023,23304,22714,26,22740,433
2020-10-01,San Benito,069,59416,1360,1346,0,1346,12
2020-10-01,San Bernardino,071,2135413,56374,54350,350,54700,1021
2020-10-01,San Diego,073,3302833,49523,47487,1068,48555,792
2020-10-01,San Francisco,075,870044,11523,11284,30,11314,110
2020-10-01,San Joaquin,077,732212,20616,20204,64,20268,471
2020-10-01,San Luis Obispo,079,281455,3878,3625,21,3646,31
2020-10-01,San Mateo,081,765935,10473,9681,9,9690,128
2020-10-01,Santa Barbara,083,443738,9337,9215,80,9295,118
2020-10-01,Santa Clara,085,1922200,22775,21398,48,21446,305
2020-10-01,Santa Cruz,087,273765,2534,2418,33,2451,10
2020-10-01,Shasta,089,179085,1403,991,14,1005,18
2020-10-01,Sierra,091,2930,6,6,0,6,0
2020-10-01,Siskiyou,093,43540,165,150,10,160,0
2020-10-01,Solano,095,438530,6538,6352,41,6393,52
2020-10-01,Sonoma,097,501317,8086,7569,22,7591,125
2020-10-01,Stanislaus,099,539301,16784,16555,559,17114,346
2020-10-01,Sutter,101,95872,1730,1684,1,1685,11
2020-10-01,Tehama,103,63373,652,606,2,608,3
2020-10-01,Trinity,105,12862,61,15,8,23,0
2020-10-01,Tulare,107,460477,16763,16182,164,16346,275
2020-10-01,Tuolumne,109,53932,235,223,4,227,2
2020-10-01,Ventura,111,848112,13741,13057,207,13264,146
2020-10-01,Yolo,113,214977,2909,2833,6,2839,55
2020-10-01,Yuba,115,75493,1116,1082,5,1087,8
2020-09-30,Alameda,001,1643700,21882,21271,189,21460,380
2020-09-30,Alpine,003,1148,3,2,0,2,0
2020-09-30,Amador,005,37829,300,294,0,294,16
2020-09-30,Butte,007,227075,2986,2858,27,2885,44
2020-09-30,Calaveras,009,45235,314,258,0,258,11
2020-09-30,Colusa,011,21464,534,534,0,534,6
2020-09-30,Contra Costa,013,1133247,17505,16819,84,16903,211
2020-09-30,Del Norte,015,27424,146,140,0,140,2
2020-09-30,El Dorado,017,186661,1248,1157,1,1158,4
2020-09-30,Fresno,019,978130,31181,28706,398,29104,395
2020-09-30,Glenn,021,27897,606,592,0,592,3
2020-09-30,Humboldt,023,135768,517,497,1,498,6
2020-09-30,Imperial,025,180216,11992,10868,10,10878,287
2020-09-30,Inyo,027,18085,196,189,4,193,14
2020-09-30,Kern,029,883053,32367,31601,333,31934,398
2020-09-30,Kings,031,150075,8087,7685,45,7730,79
2020-09-30,Lake,033,64148,599,567,0,567,10
2020-09-30,Lassen,035,31185,750,742,2,744,0
2020-09-30,Los Angeles,037,10098052,273369,270260,1994,272254,6568
2020-09-30,Madera,039,155013,4683,4477,31,4508,47
2020-09-30,Marin,041,260295,6812,6700,17,6717,91
2020-09-30,Mariposa,043,17540,77,76,0,76,2
2020-09-30,Mendocino,045,87422,935,867,4,871,17
2020-09-30,Merced,047,269075,9030,8926,25,8951,136
2020-09-30,Modoc,049,8938,29,26,0,26,0
2020-09-30,Mono,051,14174,169,150,2,152,1
2020-09-30,Monterey,053,433212,10226,9898,38,9936,70
2020-09-30,Napa,055,140530,1775,1728,8,1736,11
2020-09-30,Nevada,057,99092,557,540,16,556,6
2020-09-30,Orange,059,3164182,55977,52916,1517,54433,1251
2020-09-30,Placer,061,380077,3727,3585,14,3599,43
2020-09-30,Plumas,063,18699,51,48,0,48,0
2020-09-30,Riverside,065,2383286,60779,59074,204,59278,1220
2020-09-30,Sacramento,067,1510023,23200,22613,26,22639,429
2020-09-30,San Benito,069,59416,1357,1342,0,1342,12
2020-09-30,San Bernardino,071,2135413,56094,53988,348,54336,1018
2020-09-30,San Diego,073,3302833,49219,47182,1047,48229,783
2020-09-30,San Francisco,075,870044,11493,11247,30,11277,106
2020-09-30,San Joaquin,077,732212,20533,20150,62,20212,461
2020-09-30,San Luis Obispo,079,281455,3853,3597,21,3618,31
2020-09-30,San Mateo,081,765935,10431,9634,9,9643,128
2020-09-30,Santa Barbara,083,443738,9311,9186,80,9266,115
2020-09-30,Santa Clara,085,1922200,22670,21318,48,21366,302
2020-09-30,Santa Cruz,087,273765,2521,2405,33,2438,10
2020-09-30,Shasta,089,179085,1347,976,13,989,17
2020-09-30,Sierra,091,2930,6,6,0,6,0
2020-09-30,Siskiyou,093,43540,163,150,10,160,0
2020-09-30,Solano,095,438530,6496,6315,41,6356,51
2020-09-30,Sonoma,097,501317,7997,7494,22,7516,125
2020-09-30,Stanislaus,099,539301,16737,16531,553,17084,343
2020-09-30,Sutter,101,95872,1714,1680,1,1681,10
2020-09-30,Tehama,103,63373,646,594,2,596,3
2020-09-30,Trinity,105,12862,58,15,8,23,0
2020-09-30,Tulare,107,460477,16697,16117,157,16274,274
2020-09-30,Tuolumne,109,53932,233,224,4,228,2
2020-09-30,Ventura,111,848112,13706,12968,191,13159,145
2020-09-30,Yolo,113,214977,2896,2822,6,2828,55
2020-09-30,Yuba,115,75493,1113,1075,5,1080,8
2020-09-29,Alameda,001,1643700,21805,21241,185,21426,374
2020-09-29,Alpine,003,1148,3,2,0,2,0
2020-09-29,Amador,005,37829,298,294,0,294,16
2020-09-29,Butte,007,227075,2972,2848,27,2875,44
2020-09-29,Calaveras,009,45235,312,261,0,261,11
2020-09-29,Colusa,011,21464,534,534,0,534,6
2020-09-29,Contra Costa,013,1133247,17450,16716,82,16798,209
2020-09-29,Del Norte,015,27424,142,142,0,142,2
2020-09-29,El Dorado,017,186661,1239,1151,1,1152,4
2020-09-29,Fresno,019,978130,31086,28621,397,29018,394
2020-09-29,Glenn,021,27897,602,589,0,589,3
2020-09-29,Humboldt,023,135768,515,497,1,498,6
2020-09-29,Imperial,025,180216,11958,10811,10,10821,283
2020-09-29,Inyo,027,18085,195,188,4,192,14
2020-09-29,Kern,029,883053,32312,31534,332,31866,397
2020-09-29,Kings,031,150075,8031,7681,45,7726,78
2020-09-29,Lake,033,64148,597,566,0,566,11
2020-09-29,Lassen,035,31185,750,741,2,743,0
2020-09-29,Los Angeles,037,10098052,272154,269246,1965,271211,6545
2020-09-29,Madera,039,155013,4659,4453,31,4484,47
2020-09-29,Marin,041,260295,6791,6692,17,6709,91
2020-09-29,Mariposa,043,17540,77,74,0,74,2
2020-09-29,Mendocino,045,87422,925,854,4,858,17
2020-09-29,Merced,047,269075,9017,8892,23,8915,136
2020-09-29,Modoc,049,8938,29,26,0,26,0
2020-09-29,Mono,051,14174,169,149,2,151,1
2020-09-29,Monterey,053,433212,10171,9826,36,9862,70
2020-09-29,Napa,055,140530,1772,1727,8,1735,11
2020-09-29,Nevada,057,99092,552,539,16,555,6
2020-09-29,Orange,059,3164182,55791,52755,1506,54261,1231
2020-09-29,Placer,061,380077,3705,3570,14,3584,42
2020-09-29,Plumas,063,18699,51,48,0,48,0
2020-09-29,Riverside,065,2383286,60449,58863,197,59060,1208
2020-09-29,Sacramento,067,1510023,23079,22547,26,22573,425
2020-09-29,San Benito,069,59416,1352,1341,0,1341,12
2020-09-29,San Bernardino,071,2135413,55783,53753,347,54100,1012
2020-09-29,San Diego,073,3302833,48942,46987,1024,48011,781
2020-09-29,San Francisco,075,870044,11457,11142,30,11172,104
2020-09-29,San Joaquin,077,732212,20467,20094,60,20154,454
2020-09-29,San Luis Obispo,079,281455,3831,3581,21,3602,31
2020-09-29,San Mateo,081,765935,10384,9619,9,9628,127
2020-09-29,Santa Barbara,083,443738,9291,9149,79,9228,114
2020-09-29,Santa Clara,085,1922200,22534,21233,47,21280,302
2020-09-29,Santa Cruz,087,273765,2506,2383,32,2415,10
2020-09-29,Shasta,089,179085,1286,943,13,956,17
2020-09-29,Sierra,091,2930,6,6,0,6,0
2020-09-29,Siskiyou,093,43540,157,150,10,160,0
2020-09-29,Solano,095,438530,6462,6303,41,6344,51
2020-09-29,Sonoma,097,501317,7925,7426,22,7448,125
2020-09-29,Stanislaus,099,539301,16707,16505,547,17052,341
2020-09-29,Sutter,101,95872,1708,1677,1,1678,10
2020-09-29,Tehama,103,63373,628,585,2,587,2
2020-09-29,Trinity,105,12862,56,16,8,24,0
2020-09-29,Tulare,107,460477,16633,16055,150,16205,270
2020-09-29,Tuolumne,109,53932,233,224,4,228,2
2020-09-29,Ventura,111,848112,13649,12875,188,13063,145
2020-09-29,Yolo,113,214977,2883,2818,6,2824,55
2020-09-29,Yuba,115,75493,1111,1071,5,1076,8
2020-09-28,Alameda,001,1643700,21718,21133,185,21318,370
2020-09-28,Alpine,003,1148,3,2,0,2,0
2020-09-28,Amador,005,37829,296,294,0,294,16
2020-09-28,Butte,007,227075,2957,2837,27,2864,44
2020-09-28,Calaveras,009,45235,312,257,0,257,11
2020-09-28,Colusa,011,21464,533,531,0,531,6
2020-09-28,Contra Costa,013,1133247,17385,16653,82,16735,195
2020-09-28,Del Norte,015,27424,142,138,0,138,2
2020-09-28,El Dorado,017,186661,1232,1144,1,1145,4
2020-09-28,Fresno,019,978130,31004,28517,389,28906,389
2020-09-28,Glenn,021,27897,600,585,0,585,3
2020-09-28,Humboldt,023,135768,509,495,1,496,6
2020-09-28,Imperial,025,180216,11923,10777,10,10787,283
2020-09-28,Inyo,027,18085,194,188,4,192,14
2020-09-28,Kern,029,883053,32247,31481,328,31809,395
2020-09-28,Kings,031,150075,7890,7661,43,7704,78
2020-09-28,Lake,033,64148,593,559,0,559,10
2020-09-28,Lassen,035,31185,749,737,2,739,0
2020-09-28,Los Angeles,037,10098052,271048,268404,1935,270339,6508
2020-09-28,Madera,039,155013,4638,4438,31,4469,47
2020-09-28,Marin,041,260295,6775,6676,17,6693,91
2020-09-28,Mariposa,043,17540,77,74,0,74,2
2020-09-28,Mendocino,045,87422,910,850,4,854,17
2020-09-28,Merced,047,269075,8989,8869,23,8892,136
2020-09-28,Modoc,049,8938,29,26,0,26,0
2020-09-28,Mono,051,14174,169,148,2,150,1
2020-09-28,Monterey,053,433212,10106,9780,34,9814,69
2020-09-28,Napa,055,140530,1760,1705,8,1713,11
2020-09-28,Nevada,057,99092,544,538,16,554,6
2020-09-28,Orange,059,3164182,55585,52633,1497,54130,1196
2020-09-28,Placer,061,380077,3684,3572,14,3586,42
2020-09-28,Plumas,063,18699,50,48,0,48,0
2020-09-28,Riverside,065,2383286,60151,58570,188,58758,1198
2020-09-28,Sacramento,067,1510023,22932,22392,26,22418,423
2020-09-28,San Benito,069,59416,1349,1336,0,1336,11
2020-09-28,San Bernardino,071,2135413,55434,53501,347,53848,988
2020-09-28,San Diego,073,3302833,48624,46736,1004,47740,776
2020-09-28,San Francisco,075,870044,11423,11114,30,11144,100
2020-09-28,San Joaquin,077,732212,20418,19982,59,20041,448
2020-09-28,San Luis Obispo,079,281455,3810,3567,21,3588,31
2020-09-28,San Mateo,081,765935,10333,9582,9,9591,127
2020-09-28,Santa Barbara,083,443738,9273,9121,79,9200,114
2020-09-28,Santa Clara,085,1922200,22417,21180,47,21227,271
2020-09-28,Santa Cruz,087,273765,2496,2359,32,2391,9
2020-09-28,Shasta,089,179085,1232,883,10,893,17
2020-09-28,Sierra,091,2930,6,6,0,6,0
2020-09-28,Siskiyou,093,43540,157,149,10,159,0
2020-09-28,Solano,095,438530,6426,6254,41,6295,51
2020-09-28,Sonoma,097,501317,7849,7369,22,7391,125
2020-09-28,Stanislaus,099,539301,16667,16467,540,17007,336
2020-09-28,Sutter,101,95872,1701,1676,1,1677,10
2020-09-28,Tehama,103,63373,620,579,2,581,2
2020-09-28,Trinity,105,12862,56,16,8,24,0
2020-09-28,Tulare,107,460477,16580,15918,145,16063,270
2020-09-28,Tuolumne,109,53932,233,225,4,229,2
2020-09-28,Ventura,111,848112,13571,12812,181,12993,139
2020-09-28,Yolo,113,214977,2866,2809,6,2815,55
2020-09-28,Yuba,115,75493,1108,1062,5,1067,7
2020-09-27,Alameda,001,1643700,21637,21077,181,21258,370
2020-09-27,Alpine,003,1148,3,2,0,2,0
2020-09-27,Amador,005,37829,296,291,0,291,16
2020-09-27,Butte,007,227075,2945,2833,27,2860,44
2020-09-27,Calaveras,009,45235,311,257,0,257,11
2020-09-27,Colusa,011,21464,532,531,0,531,6
2020-09-27,Contra Costa,013,1133247,17283,16596,81,16677,195
2020-09-27,Del Norte,015,27424,142,138,0,138,2
2020-09-27,El Dorado,017,186661,1217,1130,1,1131,4
2020-09-27,Fresno,019,978130,30898,28441,389,28830,389
2020-09-27,Glenn,021,27897,596,576,0,576,3
2020-09-27,Humboldt,023,135768,507,492,1,493,6
2020-09-27,Imperial,025,180216,11889,10743,10,10753,283
2020-09-27,Inyo,027,18085,192,188,4,192,14
2020-09-27,Kern,029,883053,32128,31462,325,31787,395
2020-09-27,Kings,031,150075,7870,7641,43,7684,78
2020-09-27,Lake,033,64148,589,555,0,555,10
2020-09-27,Lassen,035,31185,749,737,2,739,0
2020-09-27,Los Angeles,037,10098052,269872,267754,1914,269668,6507
2020-09-27,Madera,039,155013,4609,4416,31,4447,47
2020-09-27,Marin,041,260295,6765,6663,17,6680,91
2020-09-27,Mariposa,043,17540,77,74,0,74,2
2020-09-27,Mendocino,045,87422,904,846,4,850,17
2020-09-27,Merced,047,269075,8955,8853,23,8876,136
2020-09-27,Modoc,049,8938,29,26,0,26,0
2020-09-27,Mono,051,14174,169,148,2,150,1
2020-09-27,Monterey,053,433212,10046,9724,33,9757,69
2020-09-27,Napa,055,140530,1755,1690,8,1698,11
2020-09-27,Nevada,057,99092,543,537,16,553,6
2020-09-27,Orange,059,3164182,55310,52458,1488,53946,1195
2020-09-27,Placer,061,380077,3671,3562,14,3576,42
2020-09-27,Plumas,063,18699,50,48,0,48,0
2020-09-27,Riverside,065,2383286,59855,58509,180,58689,1191
2020-09-27,Sacramento,067,1510023,22834,22356,26,22382,422
2020-09-27,San Benito,069,59416,1349,1331,0,1331,11
2020-09-27,San Bernardino,071,2135413,54998,53127,347,53474,988
2020-09-27,San Diego,073,3302833,48280,46612,987,47599,776
2020-09-27,San Francisco,075,870044,11371,11114,30,11144,100
2020-09-27,San Joaquin,077,732212,20358,19981,59,20040,448
2020-09-27,San Luis Obispo,079,281455,3789,3562,21,3583,31
2020-09-27,San Mateo,081,765935,10265,9566,9,9575,127
2020-09-27,Santa Barbara,083,443738,9252,9090,78,9168,114
2020-09-27,Santa Clara,085,1922200,22308,21091,47,21138,271
2020-09-27,Santa Cruz,087,273765,2474,2359,32,2391,9
2020-09-27,Shasta,089,179085,1189,883,9,892,17
2020-09-27,Sierra,091,2930,6,6,0,6,0
2020-09-27,Siskiyou,093,43540,156,149,10,159,0
2020-09-27,Solano,095,438530,6391,6211,41,6252,51
2020-09-27,Sonoma,097,501317,7768,7336,22,7358,124
2020-09-27,Stanislaus,099,539301,16616,16448,534,16982,336
2020-09-27,Sutter,101,95872,1694,1672,1,1673,10
2020-09-27,Tehama,103,63373,603,573,2,575,2
2020-09-27,Trinity,105,12862,56,16,8,24,0
2020-09-27,Tulare,107,460477,16502,15918,136,16054,270
2020-09-27,Tuolumne,109,53932,232,224,4,228,2
2020-09-27,Ventura,111,848112,13482,12775,172,12947,139
2020-09-27,Yolo,113,214977,2852,2796,6,2802,55
2020-09-27,Yuba,115,75493,1098,1059,5,1064,7
2020-09-26,Alameda,001,1643700,21579,21019,180,21199,370
2020-09-26,Alpine,003,1148,3,2,0,2,0
2020-09-26,Amador,005,37829,295,291,0,291,16
2020-09-26,Butte,007,227075,2937,2827,27,2854,44
2020-09-26,Calaveras,009,45235,311,257,0,257,11
2020-09-26,Colusa,011,21464,532,529,0,529,6
2020-09-26,Contra Costa,013,1133247,17240,16508,81,16589,194
2020-09-26,Del Norte,015,27424,142,138,0,138,2
2020-09-26,El Dorado,017,186661,1212,1127,1,1128,4
2020-09-26,Fresno,019,978130,30831,28336,389,28725,389
2020-09-26,Glenn,021,27897,596,576,0,576,3
2020-09-26,Humboldt,023,135768,507,491,1,492,6
2020-09-26,Imperial,025,180216,11872,10721,10,10731,283
2020-09-26,Inyo,027,18085,191,187,4,191,14
2020-09-26,Kern,029,883053,32077,31410,325,31735,394
2020-09-26,Kings,031,150075,7858,7537,43,7580,78
2020-09-26,Lake,033,64148,586,549,0,549,10
2020-09-26,Lassen,035,31185,749,737,2,739,0
2020-09-26,Los Angeles,037,10098052,269237,266931,1900,268831,6497
2020-09-26,Madera,039,155013,4593,4410,31,4441,47
2020-09-26,Marin,041,260295,6752,6641,17,6658,91
2020-09-26,Mariposa,043,17540,76,74,0,74,2
2020-09-26,Mendocino,045,87422,899,836,4,840,17
2020-09-26,Merced,047,269075,8943,8841,22,8863,136
2020-09-26,Modoc,049,8938,29,26,0,26,0
2020-09-26,Mono,051,14174,169,148,2,150,1
2020-09-26,Monterey,053,433212,10019,9651,33,9684,68
2020-09-26,Napa,055,140530,1753,1681,8,1689,11
2020-09-26,Nevada,057,99092,543,534,16,550,6
2020-09-26,Orange,059,3164182,55170,52203,1482,53685,1194
2020-09-26,Placer,061,380077,3658,3551,14,3565,42
2020-09-26,Plumas,063,18699,49,48,0,48,0
2020-09-26,Riverside,065,2383286,59720,58076,178,58254,1190
2020-09-26,Sacramento,067,1510023,22778,22269,26,22295,421
2020-09-26,San Benito,069,59416,1347,1325,0,1325,11
2020-09-26,San Bernardino,071,2135413,54865,53122,347,53469,988
2020-09-26,San Diego,073,3302833,48075,46333,973,47306,775
2020-09-26,San Francisco,075,870044,11343,11113,30,11143,100
2020-09-26,San Joaquin,077,732212,20323,19982,57,20039,449
2020-09-26,San Luis Obispo,079,281455,3773,3546,21,3567,31
2020-09-26,San Mateo,081,765935,10231,9509,9,9518,127
2020-09-26,Santa Barbara,083,443738,9241,9061,78,9139,114
2020-09-26,Santa Clara,085,1922200,22237,20967,46,21013,270
2020-09-26,Santa Cruz,087,273765,2466,2336,32,2368,9
2020-09-26,Shasta,089,179085,1139,856,8,864,17
2020-09-26,Sierra,091,2930,6,6,0,6,0
2020-09-26,Siskiyou,093,43540,155,149,10,159,0
2020-09-26,Solano,095,438530,6372,6209,41,6250,51
2020-09-26,Sonoma,097,501317,7743,7285,21,7306,124
2020-09-26,Stanislaus,099,539301,16591,16421,525,16946,336
2020-09-26,Sutter,101,95872,1689,1662,1,1663,10
2020-09-26,Tehama,103,63373,591,560,2,562,2
2020-09-26,Trinity,105,12862,54,16,8,24,0
2020-09-26,Tulare,107,460477,16476,15881,134,16015,270
2020-09-26,Tuolumne,109,53932,232,223,4,227,2
2020-09-26,Ventura,111,848112,13447,12729,171,12900,137
2020-09-26,Yolo,113,214977,2850,2789,6,2795,55
2020-09-26,Yuba,115,75493,1094,1056,5,1061,7
2020-09-25,Alameda,001,1643700,21525,20911,180,21091,367
2020-09-25,Alpine,003,1148,3,2,0,2,0
2020-09-25,Amador,005,37829,295,289,0,289,16
2020-09-25,Butte,007,227075,2932,2819,27,2846,43
2020-09-25,Calaveras,009,45235,311,257,0,257,11
2020-09-25,Colusa,011,21464,532,528,0,528,6
2020-09-25,Contra Costa,013,1133247,17181,16401,81,16482,194
2020-09-25,Del Norte,015,27424,142,138,0,138,2
2020-09-25,El Dorado,017,186661,1208,1104,1,1105,4
2020-09-25,Fresno,019,978130,30771,28199,388,28587,385
2020-09-25,Glenn,021,27897,594,570,0,570,3
2020-09-25,Humboldt,023,135768,506,489,1,490,5
2020-09-25,Imperial,025,180216,11854,10681,10,10691,283
2020-09-25,Inyo,027,18085,189,187,4,191,14
2020-09-25,Kern,029,883053,32024,31333,323,31656,393
2020-09-25,Kings,031,150075,7853,7450,43,7493,77
2020-09-25,Lake,033,64148,585,539,0,539,9
2020-09-25,Lassen,035,31185,749,737,2,739,0
2020-09-25,Los Angeles,037,10098052,268448,265713,1886,267599,6483
2020-09-25,Madera,039,155013,4574,4369,31,4400,48
2020-09-25,Marin,041,260295,6749,6622,17,6639,90
2020-09-25,Mariposa,043,17540,76,74,0,74,2
2020-09-25,Mendocino,045,87422,884,819,3,822,17
2020-09-25,Merced,047,269075,8927,8830,22,8852,135
2020-09-25,Modoc,049,8938,29,26,0,26,0
2020-09-25,Mono,051,14174,169,149,2,151,1
2020-09-25,Monterey,053,433212,9967,9581,33,9614,68
2020-09-25,Napa,055,140530,1751,1669,8,1677,11
2020-09-25,Nevada,057,99092,541,529,16,545,6
2020-09-25,Orange,059,3164182,55043,52031,1474,53505,1184
2020-09-25,Placer,061,380077,3647,3527,14,3541,41
2020-09-25,Plumas,063,18699,49,48,0,48,0
2020-09-25,Riverside,065,2383286,59544,57783,173,57956,1183
2020-09-25,Sacramento,067,1510023,22701,22132,26,22158,418
2020-09-25,San Benito,069,59416,1346,1318,0,1318,11
2020-09-25,San Bernardino,071,2135413,54711,52814,347,53161,987
2020-09-25,San Diego,073,3302833,47873,46003,957,46960,775
2020-09-25,San Francisco,075,870044,11309,11066,29,11095,100
2020-09-25,San Joaquin,077,732212,20271,19909,57,19966,449
2020-09-25,San Luis Obispo,079,281455,3761,3512,21,3533,31
2020-09-25,San Mateo,081,765935,10195,9447,9,9456,127
2020-09-25,Santa Barbara,083,443738,9217,9026,78,9104,114
2020-09-25,Santa Clara,085,1922200,22173,20812,45,20857,265
2020-09-25,Santa Cruz,087,273765,2454,2309,31,2340,9
2020-09-25,Shasta,089,179085,1105,806,8,814,16
2020-09-25,Sierra,091,2930,6,6,0,6,0
2020-09-25,Siskiyou,093,43540,155,149,10,159,0
2020-09-25,Solano,095,438530,6356,6179,41,6220,50
2020-09-25,Sonoma,097,501317,7703,7202,21,7223,124
2020-09-25,Stanislaus,099,539301,16573,16381,523,16904,326
2020-09-25,Sutter,101,95872,1686,1655,1,1656,10
2020-09-25,Tehama,103,63373,583,546,2,548,2
2020-09-25,Trinity,105,12862,54,15,8,23,0
2020-09-25,Tulare,107,460477,16436,15815,132,15947,267
2020-09-25,Tuolumne,109,53932,232,223,4,227,2
2020-09-25,Ventura,111,848112,13404,12664,168,12832,137
2020-09-25,Yolo,113,214977,2842,2784,6,2790,55
2020-09-25,Yuba,115,75493,1089,1049,5,1054,5
2020-09-24,Alameda,001,1643700,21450,20838,177,21015,364
2020-09-24,Alpine,003,1148,3,2,0,2,0
2020-09-24,Amador,005,37829,295,288,0,288,16
2020-09-24,Butte,007,227075,2921,2803,27,2830,43
2020-09-24,Calaveras,009,45235,311,258,0,258,11
2020-09-24,Colusa,011,21464,532,523,0,523,6
2020-09-24,Contra Costa,013,1133247,17099,16252,81,16333,192
2020-09-24,Del Norte,015,27424,138,137,0,137,2
2020-09-24,El Dorado,017,186661,1199,1093,1,1094,4
2020-09-24,Fresno,019,978130,30665,28106,384,28490,375
2020-09-24,Glenn,021,27897,590,567,0,567,3
2020-09-24,Humboldt,023,135768,503,482,1,483,5
2020-09-24,Imperial,025,180216,11830,10622,10,10632,283
2020-09-24,Inyo,027,18085,189,187,4,191,13
2020-09-24,Kern,029,883053,31961,31273,321,31594,388
2020-09-24,Kings,031,150075,7837,7428,43,7471,76
2020-09-24,Lake,033,64148,576,531,0,531,9
2020-09-24,Lassen,035,31185,748,737,2,739,0
2020-09-24,Los Angeles,037,10098052,267406,264374,1868,266242,6452
2020-09-24,Madera,039,155013,4555,4344,31,4375,48
2020-09-24,Marin,041,260295,6721,6588,17,6605,85
2020-09-24,Mariposa,043,17540,76,74,0,74,2
2020-09-24,Mendocino,045,87422,880,810,3,813,17
2020-09-24,Merced,047,269075,8898,8813,21,8834,135
2020-09-24,Modoc,049,8938,29,24,0,24,0
2020-09-24,Mono,051,14174,169,149,2,151,1
2020-09-24,Monterey,053,433212,9901,9544,31,9575,67
2020-09-24,Napa,055,140530,1739,1661,8,1669,11
2020-09-24,Nevada,057,99092,540,527,16,543,6
2020-09-24,Orange,059,3164182,54835,51749,1456,53205,1164
2020-09-24,Placer,061,380077,3632,3514,14,3528,41
2020-09-24,Plumas,063,18699,49,48,0,48,0
2020-09-24,Riverside,065,2383286,59278,57491,167,57658,1172
2020-09-24,Sacramento,067,1510023,22575,21985,25,22010,417
2020-09-24,San Benito,069,59416,1344,1308,0,1308,11
2020-09-24,San Bernardino,071,2135413,54375,52455,346,52801,988
2020-09-24,San Diego,073,3302833,47604,45598,942,46540,773
2020-09-24,San Francisco,075,870044,11262,10992,29,11021,99
2020-09-24,San Joaquin,077,732212,20233,19851,55,19906,444
2020-09-24,San Luis Obispo,079,281455,3745,3480,21,3501,31
2020-09-24,San Mateo,081,765935,10147,9376,9,9385,127
2020-09-24,Santa Barbara,083,443738,9164,8988,77,9065,114
2020-09-24,Santa Clara,085,1922200,22085,20689,45,20734,262
2020-09-24,Santa Cruz,087,273765,2434,2300,29,2329,9
2020-09-24,Shasta,089,179085,1068,773,5,778,14
2020-09-24,Sierra,091,2930,6,6,0,6,0
2020-09-24,Siskiyou,093,43540,155,149,10,159,0
2020-09-24,Solano,095,438530,6323,6137,41,6178,49
2020-09-24,Sonoma,097,501317,7622,7163,21,7184,122
2020-09-24,Stanislaus,099,539301,16536,16326,518,16844,326
2020-09-24,Sutter,101,95872,1683,1646,1,1647,10
2020-09-24,Tehama,103,63373,580,540,2,542,2
2020-09-24,Trinity,105,12862,54,15,8,23,0
2020-09-24,Tulare,107,460477,16371,15754,131,15885,267
2020-09-24,Tuolumne,109,53932,232,224,4,228,2
2020-09-24,Ventura,111,848112,13322,12617,167,12784,138
2020-09-24,Yolo,113,214977,2835,2776,6,2782,55
2020-09-24,Yuba,115,75493,1084,1042,5,1047,5
2020-09-23,Alameda,001,1643700,21382,20718,175,20893,361
2020-09-23,Alpine,003,1148,3,2,0,2,0
2020-09-23,Amador,005,37829,294,288,0,288,16
2020-09-23,Butte,007,227075,2913,2790,27,2817,43
2020-09-23,Calaveras,009,45235,310,258,0,258,11
2020-09-23,Colusa,011,21464,531,521,0,521,6
2020-09-23,Contra Costa,013,1133247,17036,16167,80,16247,192
2020-09-23,Del Norte,015,27424,136,137,0,137,2
2020-09-23,El Dorado,017,186661,1185,1088,1,1089,4
2020-09-23,Fresno,019,978130,30570,28019,382,28401,371
2020-09-23,Glenn,021,27897,583,561,0,561,3
2020-09-23,Humboldt,023,135768,499,477,1,478,5
2020-09-23,Imperial,025,180216,11804,10587,10,10597,284
2020-09-23,Inyo,027,18085,188,177,4,181,13
2020-09-23,Kern,029,883053,31917,31172,319,31491,387
2020-09-23,Kings,031,150075,7815,7406,43,7449,76
2020-09-23,Lake,033,64148,571,519,0,519,9
2020-09-23,Lassen,035,31185,748,736,2,738,0
2020-09-23,Los Angeles,037,10098052,266390,263318,1839,265157,6421
2020-09-23,Madera,039,155013,4540,4311,31,4342,48
2020-09-23,Marin,041,260295,6702,6567,17,6584,85
2020-09-23,Mariposa,043,17540,76,74,0,74,2
2020-09-23,Mendocino,045,87422,879,801,2,803,17
2020-09-23,Merced,047,269075,8877,8785,19,8804,134
2020-09-23,Modoc,049,8938,29,24,0,24,0
2020-09-23,Mono,051,14174,169,149,2,151,1
2020-09-23,Monterey,053,433212,9832,9452,30,9482,67
2020-09-23,Napa,055,140530,1730,1653,8,1661,11
2020-09-23,Nevada,057,99092,539,523,16,539,6
2020-09-23,Orange,059,3164182,54608,51658,1448,53106,1155
2020-09-23,Placer,061,380077,3620,3506,14,3520,41
2020-09-23,Plumas,063,18699,49,48,0,48,0
2020-09-23,Riverside,065,2383286,58972,57257,164,57421,1165
2020-09-23,Sacramento,067,1510023,22498,21821,25,21846,415
2020-09-23,San Benito,069,59416,1338,1305,0,1305,10
2020-09-23,San Bernardino,071,2135413,54081,52132,344,52476,973
2020-09-23,San Diego,073,3302833,47328,45427,923,46350,767
2020-09-23,San Francisco,075,870044,11213,10926,29,10955,95
2020-09-23,San Joaquin,077,732212,20180,19785,55,19840,439
2020-09-23,San Luis Obispo,079,281455,3727,3447,21,3468,31
2020-09-23,San Mateo,081,765935,10107,9351,9,9360,127
2020-09-23,Santa Barbara,083,443738,9135,8952,77,9029,112
2020-09-23,Santa Clara,085,1922200,21974,20575,42,20617,260
2020-09-23,Santa Cruz,087,273765,2415,2283,29,2312,9
2020-09-23,Shasta,089,179085,1029,756,4,760,14
2020-09-23,Sierra,091,2930,6,6,0,6,0
2020-09-23,Siskiyou,093,43540,155,149,10,159,0
2020-09-23,Solano,095,438530,6298,6123,41,6164,50
2020-09-23,Sonoma,097,501317,7546,7091,21,7112,122
2020-09-23,Stanislaus,099,539301,16506,16271,515,16786,317
2020-09-23,Sutter,101,95872,1679,1646,1,1647,10
2020-09-23,Tehama,103,63373,574,533,2,535,2
2020-09-23,Trinity,105,12862,53,15,8,23,0
2020-09-23,Tulare,107,460477,16306,15664,130,15794,266
2020-09-23,Tuolumne,109,53932,232,223,4,227,2
2020-09-23,Ventura,111,848112,13266,12591,164,12755,137
2020-09-23,Yolo,113,214977,2817,2766,6,2772,55
2020-09-23,Yuba,115,75493,1082,1038,5,1043,5
2020-09-22,Alameda,001,1643700,21302,20607,173,20780,355
2020-09-22,Alpine,003,1148,2,2,0,2,0
2020-09-22,Amador,005,37829,293,287,0,287,16
2020-09-22,Butte,007,227075,2908,2776,27,2803,43
2020-09-22,Calaveras,009,45235,310,258,0,258,11
2020-09-22,Colusa,011,21464,529,518,0,518,6
2020-09-22,Contra Costa,013,1133247,16946,16090,80,16170,190
2020-09-22,Del Norte,015,27424,136,137,0,137,2
2020-09-22,El Dorado,017,186661,1166,1076,1,1077,4
2020-09-22,Fresno,019,978130,30475,27944,379,28323,369
2020-09-22,Glenn,021,27897,580,560,0,560,3
2020-09-22,Humboldt,023,135768,498,476,1,477,5
2020-09-22,Imperial,025,180216,11775,10529,10,10539,284
2020-09-22,Inyo,027,18085,188,177,4,181,13
2020-09-22,Kern,029,883053,31849,31110,312,31422,383
2020-09-22,Kings,031,150075,7758,7395,42,7437,76
2020-09-22,Lake,033,64148,563,516,0,516,9
2020-09-22,Lassen,035,31185,747,736,2,738,0
2020-09-22,Los Angeles,037,10098052,265325,262117,1813,263930,6394
2020-09-22,Madera,039,155013,4524,4303,31,4334,47
2020-09-22,Marin,041,260295,6688,6561,17,6578,84
2020-09-22,Mariposa,043,17540,76,74,0,74,2
2020-09-22,Mendocino,045,87422,859,794,1,795,18
2020-09-22,Merced,047,269075,8847,8769,19,8788,132
2020-09-22,Modoc,049,8938,29,24,0,24,0
2020-09-22,Mono,051,14174,168,149,2,151,1
2020-09-22,Monterey,053,433212,9774,9393,30,9423,67
2020-09-22,Napa,055,140530,1713,1652,8,1660,11
2020-09-22,Nevada,057,99092,539,523,16,539,6
2020-09-22,Orange,059,3164182,54358,51528,1439,52967,1132
2020-09-22,Placer,061,380077,3608,3492,14,3506,40
2020-09-22,Plumas,063,18699,49,48,0,48,0
2020-09-22,Riverside,065,2383286,58488,57066,160,57226,1162
2020-09-22,Sacramento,067,1510023,22378,21745,25,21770,410
2020-09-22,San Benito,069,59416,1333,1305,0,1305,10
2020-09-22,San Bernardino,071,2135413,53807,51899,344,52243,971
2020-09-22,San Diego,073,3302833,47021,45149,904,46053,765
2020-09-22,San Francisco,075,870044,11169,10893,28,10921,95
2020-09-22,San Joaquin,077,732212,20133,19755,54,19809,426
2020-09-22,San Luis Obispo,079,281455,3705,3420,21,3441,31
2020-09-22,San Mateo,081,765935,10069,9291,9,9300,127
2020-09-22,Santa Barbara,083,443738,9105,8927,76,9003,111
2020-09-22,Santa Clara,085,1922200,21855,20514,42,20556,253
2020-09-22,Santa Cruz,087,273765,2392,2264,29,2293,8
2020-09-22,Shasta,089,179085,994,723,4,727,14
2020-09-22,Sierra,091,2930,6,6,0,6,0
2020-09-22,Siskiyou,093,43540,155,149,10,159,0
2020-09-22,Solano,095,438530,6267,6107,41,6148,48
2020-09-22,Sonoma,097,501317,7467,7068,20,7088,117
2020-09-22,Stanislaus,099,539301,16483,16231,508,16739,316
2020-09-22,Sutter,101,95872,1673,1638,1,1639,10
2020-09-22,Tehama,103,63373,566,529,2,531,2
2020-09-22,Trinity,105,12862,53,15,8,23,0
2020-09-22,Tulare,107,460477,16239,15616,126,15742,263
2020-09-22,Tuolumne,109,53932,231,224,4,228,1
2020-09-22,Ventura,111,848112,13214,12507,160,12667,136
2020-09-22,Yolo,113,214977,2810,2763,6,2769,54
2020-09-22,Yuba,115,75493,1073,1035,5,1040,5
2020-09-21,Alameda,001,1643700,21223,20501,172,20673,343
2020-09-21,Alpine,003,1148,2,2,0,2,0
2020-09-21,Amador,005,37829,291,286,0,286,16
2020-09-21,Butte,007,227075,2894,2769,27,2796,41
2020-09-21,Calaveras,009,45235,308,256,0,256,10
2020-09-21,Colusa,011,21464,528,517,0,517,6
2020-09-21,Contra Costa,013,1133247,16859,16008,80,16088,189
2020-09-21,Del Norte,015,27424,136,132,0,132,2
2020-09-21,El Dorado,017,186661,1157,1074,1,1075,4
2020-09-21,Fresno,019,978130,30373,27843,372,28215,362
2020-09-21,Glenn,021,27897,576,556,0,556,3
2020-09-21,Humboldt,023,135768,494,473,1,474,5
2020-09-21,Imperial,025,180216,11744,10521,10,10531,284
2020-09-21,Inyo,027,18085,187,177,4,181,12
2020-09-21,Kern,029,883053,31777,31031,310,31341,379
2020-09-21,Kings,031,150075,7645,7297,41,7338,76
2020-09-21,Lake,033,64148,558,508,0,508,8
2020-09-21,Lassen,035,31185,745,735,2,737,0
2020-09-21,Los Angeles,037,10098052,264238,261418,1768,263186,6360
2020-09-21,Madera,039,155013,4513,4275,30,4305,47
2020-09-21,Marin,041,260295,6677,6538,16,6554,84
2020-09-21,Mariposa,043,17540,75,74,0,74,2
2020-09-21,Mendocino,045,87422,844,778,0,778,18
2020-09-21,Merced,047,269075,8828,8749,17,8766,128
2020-09-21,Modoc,049,8938,29,22,0,22,0
2020-09-21,Mono,051,14174,168,147,2,149,1
2020-09-21,Monterey,053,433212,9710,9331,27,9358,66
2020-09-21,Napa,055,140530,1702,1641,8,1649,11
2020-09-21,Nevada,057,99092,537,515,16,531,6
2020-09-21,Orange,059,3164182,54136,51363,1432,52795,1110
2020-09-21,Placer,061,380077,3598,3473,14,3487,40
2020-09-21,Plumas,063,18699,49,47,0,47,0
2020-09-21,Riverside,065,2383286,58216,57001,153,57154,1153
2020-09-21,Sacramento,067,1510023,22197,21568,25,21593,404
2020-09-21,San Benito,069,59416,1331,1298,0,1298,10
2020-09-21,San Bernardino,071,2135413,53521,51654,344,51998,970
2020-09-21,San Diego,073,3302833,46737,44927,883,45810,760
2020-09-21,San Francisco,075,870044,11121,10743,28,10771,95
2020-09-21,San Joaquin,077,732212,20075,19579,54,19633,423
2020-09-21,San Luis Obispo,079,281455,3679,3406,21,3427,27
2020-09-21,San Mateo,081,765935,10017,9239,9,9248,127
2020-09-21,Santa Barbara,083,443738,9077,8911,76,8987,110
2020-09-21,Santa Clara,085,1922200,21754,20432,42,20474,252
2020-09-21,Santa Cruz,087,273765,2375,2257,27,2284,8
2020-09-21,Shasta,089,179085,944,696,4,700,14
2020-09-21,Sierra,091,2930,6,6,0,6,0
2020-09-21,Siskiyou,093,43540,155,146,10,156,0
2020-09-21,Solano,095,438530,6243,6019,41,6060,46
2020-09-21,Sonoma,097,501317,7391,7017,20,7037,117
2020-09-21,Stanislaus,099,539301,16453,16186,508,16694,310
2020-09-21,Sutter,101,95872,1666,1634,1,1635,10
2020-09-21,Tehama,103,63373,547,513,2,515,2
2020-09-21,Trinity,105,12862,53,15,8,23,0
2020-09-21,Tulare,107,460477,16165,15528,117,15645,260
2020-09-21,Tuolumne,109,53932,231,221,4,225,1
2020-09-21,Ventura,111,848112,13130,12477,154,12631,133
2020-09-21,Yolo,113,214977,2804,2752,6,2758,54
2020-09-21,Yuba,115,75493,1069,1033,5,1038,1
2020-09-20,Alameda,001,1643700,21123,20425,169,20594,343
2020-09-20,Alpine,003,1148,2,2,0,2,0
2020-09-20,Amador,005,37829,290,286,0,286,16
2020-09-20,Butte,007,227075,2882,2764,27,2791,39
2020-09-20,Calaveras,009,45235,304,256,0,256,10
2020-09-20,Colusa,011,21464,526,510,0,510,6
2020-09-20,Contra Costa,013,1133247,16725,15917,79,15996,189
2020-09-20,Del Norte,015,27424,134,132,0,132,2
2020-09-20,El Dorado,017,186661,1142,1073,1,1074,4
2020-09-20,Fresno,019,978130,30259,27769,367,28136,362
2020-09-20,Glenn,021,27897,572,550,0,550,3
2020-09-20,Humboldt,023,135768,494,472,1,473,5
2020-09-20,Imperial,025,180216,11717,10496,9,10505,284
2020-09-20,Inyo,027,18085,187,177,4,181,12
2020-09-20,Kern,029,883053,31694,30992,307,31299,379
2020-09-20,Kings,031,150075,7598,7159,40,7199,76
2020-09-20,Lake,033,64148,546,492,0,492,8
2020-09-20,Lassen,035,31185,745,735,2,737,0
2020-09-20,Los Angeles,037,10098052,263008,260770,1743,262513,6347
2020-09-20,Madera,039,155013,4493,4257,30,4287,47
2020-09-20,Marin,041,260295,6651,6533,16,6549,83
2020-09-20,Mariposa,043,17540,75,74,0,74,2
2020-09-20,Mendocino,045,87422,832,765,0,765,18
2020-09-20,Merced,047,269075,8801,8745,17,8762,128
2020-09-20,Modoc,049,8938,27,22,0,22,0
2020-09-20,Mono,051,14174,167,147,2,149,1
2020-09-20,Monterey,053,433212,9632,9312,27,9339,65
2020-09-20,Napa,055,140530,1693,1626,8,1634,11
2020-09-20,Nevada,057,99092,534,511,16,527,6
2020-09-20,Orange,059,3164182,53895,51233,1422,52655,1110
2020-09-20,Placer,061,380077,3583,3452,14,3466,40
2020-09-20,Plumas,063,18699,49,47,0,47,0
2020-09-20,Riverside,065,2383286,58015,56783,147,56930,1147
2020-09-20,Sacramento,067,1510023,22010,21394,24,21418,401
2020-09-20,San Benito,069,59416,1320,1291,0,1291,9
2020-09-20,San Bernardino,071,2135413,53201,51559,342,51901,970
2020-09-20,San Diego,073,3302833,46364,44579,854,45433,760
2020-09-20,San Francisco,075,870044,11067,10743,28,10771,95
2020-09-20,San Joaquin,077,732212,20010,19578,47,19625,423
2020-09-20,San Luis Obispo,079,281455,3651,3393,21,3414,27
2020-09-20,San Mateo,081,765935,9950,9198,9,9207,127
2020-09-20,Santa Barbara,083,443738,9041,8880,75,8955,110
2020-09-20,Santa Clara,085,1922200,21633,20330,41,20371,252
2020-09-20,Santa Cruz,087,273765,2355,2199,27,2226,8
2020-09-20,Shasta,089,179085,903,696,3,699,14
2020-09-20,Sierra,091,2930,6,6,0,6,0
2020-09-20,Siskiyou,093,43540,155,146,10,156,0
2020-09-20,Solano,095,438530,6199,6020,41,6061,46
2020-09-20,Sonoma,097,501317,7287,6954,20,6974,117
2020-09-20,Stanislaus,099,539301,16422,16159,501,16660,310
2020-09-20,Sutter,101,95872,1660,1624,1,1625,10
2020-09-20,Tehama,103,63373,534,509,2,511,2
2020-09-20,Trinity,105,12862,53,15,8,23,0
2020-09-20,Tulare,107,460477,16079,15528,111,15639,260
2020-09-20,Tuolumne,109,53932,231,221,4,225,1
2020-09-20,Ventura,111,848112,13064,12406,150,12556,133
2020-09-20,Yolo,113,214977,2796,2745,6,2751,54
2020-09-20,Yuba,115,75493,1062,1029,5,1034,1
2020-09-19,Alameda,001,1643700,21072,20349,166,20515,343
2020-09-19,Alpine,003,1148,2,2,0,2,0
2020-09-19,Amador,005,37829,290,285,0,285,16
2020-09-19,Butte,007,227075,2876,2748,27,2775,38
2020-09-19,Calaveras,009,45235,304,256,0,256,10
2020-09-19,Colusa,011,21464,526,507,0,507,6
2020-09-19,Contra Costa,013,1133247,16662,15783,79,15862,186
2020-09-19,Del Norte,015,27424,133,132,0,132,2
2020-09-19,El Dorado,017,186661,1136,1068,0,1068,4
2020-09-19,Fresno,019,978130,30186,27668,367,28035,362
2020-09-19,Glenn,021,27897,569,547,0,547,3
2020-09-19,Humboldt,023,135768,493,471,1,472,5
2020-09-19,Imperial,025,180216,11702,10496,9,10505,284
2020-09-19,Inyo,027,18085,187,177,4,181,12
2020-09-19,Kern,029,883053,31640,30886,304,31190,379
2020-09-19,Kings,031,150075,7592,7130,40,7170,76
2020-09-19,Lake,033,64148,546,465,0,465,8
2020-09-19,Lassen,035,31185,745,731,2,733,0
2020-09-19,Los Angeles,037,10098052,262382,259801,1729,261530,6325
2020-09-19,Madera,039,155013,4470,4237,30,4267,47
2020-09-19,Marin,041,260295,6644,6513,15,6528,81
2020-09-19,Mariposa,043,17540,75,74,0,74,2
2020-09-19,Mendocino,045,87422,829,750,0,750,18
2020-09-19,Merced,047,269075,8790,8717,16,8733,128
2020-09-19,Modoc,049,8938,27,22,0,22,0
2020-09-19,Mono,051,14174,167,147,2,149,1
2020-09-19,Monterey,053,433212,9590,9237,27,9264,65
2020-09-19,Napa,055,140530,1685,1614,8,1622,11
2020-09-19,Nevada,057,99092,532,505,16,521,6
2020-09-19,Orange,059,3164182,53766,50999,1415,52414,1105
2020-09-19,Placer,061,380077,3574,3412,14,3426,40
2020-09-19,Plumas,063,18699,49,47,0,47,0
2020-09-19,Riverside,065,2383286,57888,56562,146,56708,1147
2020-09-19,Sacramento,067,1510023,21956,21297,24,21321,396
2020-09-19,San Benito,069,59416,1316,1276,0,1276,9
2020-09-19,San Bernardino,071,2135413,53045,51353,339,51692,971
2020-09-19,San Diego,073,3302833,46136,44295,831,45126,773
2020-09-19,San Francisco,075,870044,11034,10741,28,10769,95
2020-09-19,San Joaquin,077,732212,19973,19580,47,19627,424
2020-09-19,San Luis Obispo,079,281455,3630,3369,21,3390,27
2020-09-19,San Mateo,081,765935,9919,9158,9,9167,127
2020-09-19,Santa Barbara,083,443738,9021,8862,75,8937,106
2020-09-19,Santa Clara,085,1922200,21544,20170,41,20211,251
2020-09-19,Santa Cruz,087,273765,2341,2198,26,2224,8
2020-09-19,Shasta,089,179085,876,687,3,690,14
2020-09-19,Sierra,091,2930,6,6,0,6,0
2020-09-19,Siskiyou,093,43540,155,146,10,156,0
2020-09-19,Solano,095,438530,6183,5998,41,6039,46
2020-09-19,Sonoma,097,501317,7254,6905,20,6925,117
2020-09-19,Stanislaus,099,539301,16382,16109,494,16603,313
2020-09-19,Sutter,101,95872,1659,1602,1,1603,10
2020-09-19,Tehama,103,63373,529,498,2,500,2
2020-09-19,Trinity,105,12862,53,15,8,23,0
2020-09-19,Tulare,107,460477,16030,15485,108,15593,260
2020-09-19,Tuolumne,109,53932,231,217,4,221,1
2020-09-19,Ventura,111,848112,13032,12328,150,12478,133
2020-09-19,Yolo,113,214977,2788,2739,6,2745,54
2020-09-19,Yuba,115,75493,1055,1023,5,1028,1
2020-09-18,Alameda,001,1643700,21007,20222,160,20382,341
2020-09-18,Alpine,003,1148,2,2,0,2,0
2020-09-18,Amador,005,37829,290,285,0,285,16
2020-09-18,Butte,007,227075,2874,2738,27,2765,37
2020-09-18,Calaveras,009,45235,304,255,0,255,9
2020-09-18,Colusa,011,21464,526,504,0,504,6
2020-09-18,Contra Costa,013,1133247,16577,15667,79,15746,185
2020-09-18,Del Norte,015,27424,133,131,0,131,2
2020-09-18,El Dorado,017,186661,1123,1063,0,1063,4
2020-09-18,Fresno,019,978130,30121,27560,367,27927,359
2020-09-18,Glenn,021,27897,566,541,0,541,3
2020-09-18,Humboldt,023,135768,490,470,1,471,5
2020-09-18,Imperial,025,180216,11687,10460,9,10469,283
2020-09-18,Inyo,027,18085,187,177,4,181,12
2020-09-18,Kern,029,883053,31582,30742,301,31043,373
2020-09-18,Kings,031,150075,7582,7062,40,7102,74
2020-09-18,Lake,033,64148,540,458,0,458,8
2020-09-18,Lassen,035,31185,744,731,2,733,0
2020-09-18,Los Angeles,037,10098052,261621,258488,1711,260199,6324
2020-09-18,Madera,039,155013,4458,4211,30,4241,45
2020-09-18,Marin,041,260295,6629,6475,15,6490,81
2020-09-18,Mariposa,043,17540,75,74,0,74,2
2020-09-18,Mendocino,045,87422,821,739,0,739,18
2020-09-18,Merced,047,269075,8778,8691,15,8706,127
2020-09-18,Modoc,049,8938,27,22,0,22,0
2020-09-18,Mono,051,14174,165,147,2,149,1
2020-09-18,Monterey,053,433212,9548,9183,27,9210,64
2020-09-18,Napa,055,140530,1679,1604,8,1612,11
2020-09-18,Nevada,057,99092,529,504,16,520,6
2020-09-18,Orange,059,3164182,53619,50733,1403,52136,1107
2020-09-18,Placer,061,380077,3563,3389,14,3403,40
2020-09-18,Plumas,063,18699,49,45,0,45,0
2020-09-18,Riverside,065,2383286,57766,56248,142,56390,1143
2020-09-18,Sacramento,067,1510023,21873,21105,24,21129,391
2020-09-18,San Benito,069,59416,1308,1257,0,1257,8
2020-09-18,San Bernardino,071,2135413,52900,51106,336,51442,970
2020-09-18,San Diego,073,3302833,45886,44009,826,44835,757
2020-09-18,San Francisco,075,870044,10996,10644,27,10671,95
2020-09-18,San Joaquin,077,732212,19929,19531,46,19577,423
2020-09-18,San Luis Obispo,079,281455,3606,3328,21,3349,27
2020-09-18,San Mateo,081,765935,9879,9062,9,9071,127
2020-09-18,Santa Barbara,083,443738,9000,8824,75,8899,107
2020-09-18,Santa Clara,085,1922200,21446,20058,41,20099,252
2020-09-18,Santa Cruz,087,273765,2320,2180,25,2205,8
2020-09-18,Shasta,089,179085,841,668,3,671,14
2020-09-18,Sierra,091,2930,6,6,0,6,0
2020-09-18,Siskiyou,093,43540,154,146,10,156,0
2020-09-18,Solano,095,438530,6167,5961,41,6002,46
2020-09-18,Sonoma,097,501317,7206,6856,20,6876,114
2020-09-18,Stanislaus,099,539301,16354,16042,488,16530,277
2020-09-18,Sutter,101,95872,1652,1586,1,1587,10
2020-09-18,Tehama,103,63373,529,490,2,492,2
2020-09-18,Trinity,105,12862,53,15,7,22,0
2020-09-18,Tulare,107,460477,15997,15435,104,15539,259
2020-09-18,Tuolumne,109,53932,230,216,4,220,1
2020-09-18,Ventura,111,848112,12971,12236,146,12382,133
2020-09-18,Yolo,113,214977,2782,2732,6,2738,54
2020-09-18,Yuba,115,75493,1051,1020,5,1025,1
2020-09-17,Alameda,001,1643700,20908,20146,160,20306,339
2020-09-17,Alpine,003,1148,2,2,0,2,0
2020-09-17,Amador,005,37829,288,284,0,284,16
2020-09-17,Butte,007,227075,2856,2720,27,2747,38
2020-09-17,Calaveras,009,45235,304,254,0,254,9
2020-09-17,Colusa,011,21464,524,499,0,499,6
2020-09-17,Contra Costa,013,1133247,16488,15576,79,15655,184
2020-09-17,Del Norte,015,27424,133,131,0,131,2
2020-09-17,El Dorado,017,186661,1114,1057,0,1057,4
2020-09-17,Fresno,019,978130,30011,27487,362,27849,355
2020-09-17,Glenn,021,27897,565,541,0,541,3
2020-09-17,Humboldt,023,135768,484,466,1,467,5
2020-09-17,Imperial,025,180216,11670,10436,9,10445,281
2020-09-17,Inyo,027,18085,187,176,4,180,12
2020-09-17,Kern,029,883053,31521,30627,294,30921,372
2020-09-17,Kings,031,150075,7511,7015,40,7055,72
2020-09-17,Lake,033,64148,530,433,0,433,8
2020-09-17,Lassen,035,31185,742,731,2,733,0
2020-09-17,Los Angeles,037,10098052,260679,257246,1696,258942,6318
2020-09-17,Madera,039,155013,4424,4152,30,4182,45
2020-09-17,Marin,041,260295,6608,6457,15,6472,81
2020-09-17,Mariposa,043,17540,75,74,0,74,2
2020-09-17,Mendocino,045,87422,810,737,0,737,18
2020-09-17,Merced,047,269075,8759,8671,15,8686,119
2020-09-17,Modoc,049,8938,27,22,0,22,0
2020-09-17,Mono,051,14174,165,147,2,149,1
2020-09-17,Monterey,053,433212,9486,9113,26,9139,62
2020-09-17,Napa,055,140530,1668,1592,8,1600,11
2020-09-17,Nevada,057,99092,527,494,16,510,6
2020-09-17,Orange,059,3164182,53437,50537,1391,51928,1098
2020-09-17,Placer,061,380077,3542,3368,14,3382,40
2020-09-17,Plumas,063,18699,49,45,0,45,0
2020-09-17,Riverside,065,2383286,57540,56007,141,56148,1134
2020-09-17,Sacramento,067,1510023,21638,20895,24,20919,385
2020-09-17,San Benito,069,59416,1305,1252,0,1252,8
2020-09-17,San Bernardino,071,2135413,52698,50770,336,51106,904
2020-09-17,San Diego,073,3302833,45606,43621,814,44435,754
2020-09-17,San Francisco,075,870044,10901,10564,27,10591,95
2020-09-17,San Joaquin,077,732212,19870,19439,46,19485,416
2020-09-17,San Luis Obispo,079,281455,3576,3299,21,3320,27
2020-09-17,San Mateo,081,765935,9837,8984,9,8993,127
2020-09-17,Santa Barbara,083,443738,8976,8779,75,8854,107
2020-09-17,Santa Clara,085,1922200,21329,19825,41,19866,254
2020-09-17,Santa Cruz,087,273765,2304,2155,25,2180,7
2020-09-17,Shasta,089,179085,802,660,3,663,12
2020-09-17,Sierra,091,2930,6,6,0,6,0
2020-09-17,Siskiyou,093,43540,154,146,10,156,0
2020-09-17,Solano,095,438530,6144,5915,41,5956,44
2020-09-17,Sonoma,097,501317,7142,6754,20,6774,114
2020-09-17,Stanislaus,099,539301,16321,15984,484,16468,277
2020-09-17,Sutter,101,95872,1647,1572,1,1573,10
2020-09-17,Tehama,103,63373,515,487,2,489,2
2020-09-17,Trinity,105,12862,53,15,7,22,0
2020-09-17,Tulare,107,460477,15944,15344,102,15446,258
2020-09-17,Tuolumne,109,53932,229,214,4,218,1
2020-09-17,Ventura,111,848112,12884,12167,142,12309,130
2020-09-17,Yolo,113,214977,2773,2724,6,2730,53
2020-09-17,Yuba,115,75493,1047,1015,5,1020,1
2020-09-16,Alameda,001,1643700,20810,20009,158,20167,333
2020-09-16,Alpine,003,1148,2,2,0,2,0
2020-09-16,Amador,005,37829,288,284,0,284,16
2020-09-16,Butte,007,227075,2846,2704,26,2730,38
2020-09-16,Calaveras,009,45235,304,254,0,254,9
2020-09-16,Colusa,011,21464,522,497,0,497,6
2020-09-16,Contra Costa,013,1133247,16402,15473,79,15552,183
2020-09-16,Del Norte,015,27424,133,131,0,131,2
2020-09-16,El Dorado,017,186661,1106,1049,0,1049,4
2020-09-16,Fresno,019,978130,29904,27381,360,27741,343
2020-09-16,Glenn,021,27897,563,539,0,539,3
2020-09-16,Humboldt,023,135768,483,455,1,456,4
2020-09-16,Imperial,025,180216,11647,10401,9,10410,277
2020-09-16,Inyo,027,18085,186,176,4,180,12
2020-09-16,Kern,029,883053,31461,30570,293,30863,371
2020-09-16,Kings,031,150075,7486,7002,37,7039,71
2020-09-16,Lake,033,64148,519,417,0,417,6
2020-09-16,Lassen,035,31185,741,730,2,732,0
2020-09-16,Los Angeles,037,10098052,259700,256101,1678,257779,6299
2020-09-16,Madera,039,155013,4401,4138,30,4168,45
2020-09-16,Marin,041,260295,6580,6430,15,6445,77
2020-09-16,Mariposa,043,17540,75,74,0,74,2
2020-09-16,Mendocino,045,87422,801,727,0,727,18
2020-09-16,Merced,047,269075,8738,8646,15,8661,118
2020-09-16,Modoc,049,8938,27,22,0,22,0
2020-09-16,Mono,051,14174,165,147,2,149,1
2020-09-16,Monterey,053,433212,9432,8997,26,9023,62
2020-09-16,Napa,055,140530,1654,1587,8,1595,11
2020-09-16,Nevada,057,99092,522,495,15,510,6
2020-09-16,Orange,059,3164182,53236,50414,1382,51796,1096
2020-09-16,Placer,061,380077,3524,3351,14,3365,39
2020-09-16,Plumas,063,18699,49,45,0,45,0
2020-09-16,Riverside,065,2383286,57346,55811,133,55944,1127
2020-09-16,Sacramento,067,1510023,21542,20610,24,20634,377
2020-09-16,San Benito,069,59416,1297,1244,0,1244,8
2020-09-16,San Bernardino,071,2135413,52473,50509,335,50844,907
2020-09-16,San Diego,073,3302833,45314,43447,793,44240,748
2020-09-16,San Francisco,075,870044,10854,10502,27,10529,90
2020-09-16,San Joaquin,077,732212,19816,19377,45,19422,409
2020-09-16,San Luis Obispo,079,281455,3545,3285,21,3306,28
2020-09-16,San Mateo,081,765935,9772,8944,9,8953,127
2020-09-16,Santa Barbara,083,443738,8943,8764,75,8839,107
2020-09-16,Santa Clara,085,1922200,21210,19684,41,19725,253
2020-09-16,Santa Cruz,087,273765,2263,2089,24,2113,7
2020-09-16,Shasta,089,179085,776,635,3,638,11
2020-09-16,Sierra,091,2930,6,6,0,6,0
2020-09-16,Siskiyou,093,43540,153,145,10,155,0
2020-09-16,Solano,095,438530,6114,5899,41,5940,44
2020-09-16,Sonoma,097,501317,7081,6731,20,6751,104
2020-09-16,Stanislaus,099,539301,16273,15897,476,16373,263
2020-09-16,Sutter,101,95872,1634,1567,1,1568,10
2020-09-16,Tehama,103,63373,507,485,2,487,2
2020-09-16,Trinity,105,12862,53,15,7,22,0
2020-09-16,Tulare,107,460477,15900,15314,95,15409,258
2020-09-16,Tuolumne,109,53932,228,210,4,214,1
2020-09-16,Ventura,111,848112,12813,12073,140,12213,130
2020-09-16,Yolo,113,214977,2766,2709,6,2715,53
2020-09-16,Yuba,115,75493,1045,1000,5,1005,1
2020-09-15,Alameda,001,1643700,20703,19931,155,20086,327
2020-09-15,Alpine,003,1148,2,2,0,2,0
2020-09-15,Amador,005,37829,287,282,0,282,16
2020-09-15,Butte,007,227075,2833,2695,24,2719,38
2020-09-15,Calaveras,009,45235,304,248,0,248,5
2020-09-15,Colusa,011,21464,516,497,0,497,6
2020-09-15,Contra Costa,013,1133247,16299,15423,78,15501,180
2020-09-15,Del Norte,015,27424,133,129,0,129,2
2020-09-15,El Dorado,017,186661,1101,1046,0,1046,4
2020-09-15,Fresno,019,978130,29797,27312,355,27667,343
2020-09-15,Glenn,021,27897,562,531,0,531,3
2020-09-15,Humboldt,023,135768,481,456,1,457,4
2020-09-15,Imperial,025,180216,11622,10376,9,10385,277
2020-09-15,Inyo,027,18085,186,176,4,180,12
2020-09-15,Kern,029,883053,31348,30429,290,30719,368
2020-09-15,Kings,031,150075,7328,6977,37,7014,70
2020-09-15,Lake,033,64148,505,416,0,416,4
2020-09-15,Lassen,035,31185,737,719,2,721,0
2020-09-15,Los Angeles,037,10098052,258590,255048,1656,256704,6269
2020-09-15,Madera,039,155013,4382,4122,30,4152,45
2020-09-15,Marin,041,260295,6549,6423,15,6438,77
2020-09-15,Mariposa,043,17540,75,74,0,74,2
2020-09-15,Mendocino,045,87422,783,724,0,724,18
2020-09-15,Merced,047,269075,8708,8633,15,8648,114
2020-09-15,Modoc,049,8938,26,21,0,21,0
2020-09-15,Mono,051,14174,165,147,2,149,1
2020-09-15,Monterey,053,433212,9383,8943,26,8969,62
2020-09-15,Napa,055,140530,1640,1580,8,1588,11
2020-09-15,Nevada,057,99092,517,494,15,509,6
2020-09-15,Orange,059,3164182,53054,50294,1367,51661,1088
2020-09-15,Placer,061,380077,3500,3331,14,3345,38
2020-09-15,Plumas,063,18699,49,44,0,44,0
2020-09-15,Riverside,065,2383286,57052,55569,123,55692,1118
2020-09-15,Sacramento,067,1510023,21399,20487,24,20511,372
2020-09-15,San Benito,069,59416,1290,1237,0,1237,7
2020-09-15,San Bernardino,071,2135413,52257,50333,334,50667,904
2020-09-15,San Diego,073,3302833,44995,43183,773,43956,742
2020-09-15,San Francisco,075,870044,10796,10414,27,10441,90
2020-09-15,San Joaquin,077,732212,19764,19313,45,19358,401
2020-09-15,San Luis Obispo,079,281455,3525,3262,21,3283,28
2020-09-15,San Mateo,081,765935,9702,8895,9,8904,127
2020-09-15,Santa Barbara,083,443738,8918,8724,74,8798,104
2020-09-15,Santa Clara,085,1922200,21074,19610,41,19651,252
2020-09-15,Santa Cruz,087,273765,2237,2079,23,2102,7
2020-09-15,Shasta,089,179085,764,627,3,630,11
2020-09-15,Sierra,091,2930,6,6,0,6,0
2020-09-15,Siskiyou,093,43540,153,143,10,153,0
2020-09-15,Solano,095,438530,6080,5878,41,5919,45
2020-09-15,Sonoma,097,501317,7042,6701,20,6721,104
2020-09-15,Stanislaus,099,539301,16225,15880,474,16354,260
2020-09-15,Sutter,101,95872,1623,1556,1,1557,10
2020-09-15,Tehama,103,63373,495,484,2,486,2
2020-09-15,Trinity,105,12862,53,15,7,22,0
2020-09-15,Tulare,107,460477,15823,15203,93,15296,254
2020-09-15,Tuolumne,109,53932,228,209,4,213,1
2020-09-15,Ventura,111,848112,12760,11932,139,12071,128
2020-09-15,Yolo,113,214977,2762,2708,6,2714,53
2020-09-15,Yuba,115,75493,1039,991,4,995,1
2020-09-14,Alameda,001,1643700,20576,19851,154,20005,306
2020-09-14,Alpine,003,1148,2,2,0,2,0
2020-09-14,Amador,005,37829,285,281,0,281,16
2020-09-14,Butte,007,227075,2816,2642,24,2666,37
2020-09-14,Calaveras,009,45235,304,244,0,244,3
2020-09-14,Colusa,011,21464,515,486,0,486,6
2020-09-14,Contra Costa,013,1133247,16175,15354,77,15431,174
2020-09-14,Del Norte,015,27424,130,116,0,116,2
2020-09-14,El Dorado,017,186661,1097,1039,0,1039,3
2020-09-14,Fresno,019,978130,29712,27232,352,27584,344
2020-09-14,Glenn,021,27897,554,521,0,521,3
2020-09-14,Humboldt,023,135768,478,437,1,438,4
2020-09-14,Imperial,025,180216,11602,10340,9,10349,273
2020-09-14,Inyo,027,18085,186,176,4,180,12
2020-09-14,Kern,029,883053,31260,30344,289,30633,368
2020-09-14,Kings,031,150075,7246,6950,37,6987,70
2020-09-14,Lake,033,64148,485,407,0,407,4
2020-09-14,Lassen,035,31185,737,719,2,721,0
2020-09-14,Los Angeles,037,10098052,257563,254622,1631,256253,6226
2020-09-14,Madera,039,155013,4368,4104,30,4134,45
2020-09-14,Marin,041,260295,6528,6409,15,6424,70
2020-09-14,Mariposa,043,17540,75,74,0,74,2
2020-09-14,Mendocino,045,87422,766,710,0,710,17
2020-09-14,Merced,047,269075,8689,8593,15,8608,112
2020-09-14,Modoc,049,8938,26,21,0,21,0
2020-09-14,Mono,051,14174,165,147,2,149,1
2020-09-14,Monterey,053,433212,9312,8845,25,8870,61
2020-09-14,Napa,055,140530,1623,1576,8,1584,11
2020-09-14,Nevada,057,99092,512,489,15,504,6
2020-09-14,Orange,059,3164182,52893,50149,1351,51500,1079
2020-09-14,Placer,061,380077,3479,3302,14,3316,38
2020-09-14,Plumas,063,18699,48,42,0,42,0
2020-09-14,Riverside,065,2383286,56833,55488,118,55606,1113
2020-09-14,Sacramento,067,1510023,21204,20377,23,20400,367
2020-09-14,San Benito,069,59416,1275,1233,0,1233,7
2020-09-14,San Bernardino,071,2135413,52032,50163,333,50496,895
2020-09-14,San Diego,073,3302833,44684,42889,753,43642,734
2020-09-14,San Francisco,075,870044,10729,10255,25,10280,90
2020-09-14,San Joaquin,077,732212,19690,19111,44,19155,397
2020-09-14,San Luis Obispo,079,281455,3500,3248,21,3269,25
2020-09-14,San Mateo,081,765935,9640,8847,9,8856,127
2020-09-14,Santa Barbara,083,443738,8892,8692,74,8766,104
2020-09-14,Santa Clara,085,1922200,20885,19545,41,19586,247
2020-09-14,Santa Cruz,087,273765,2216,2016,22,2038,7
2020-09-14,Shasta,089,179085,741,584,3,587,10
2020-09-14,Sierra,091,2930,6,6,0,6,0
2020-09-14,Siskiyou,093,43540,152,143,10,153,0
2020-09-14,Solano,095,438530,6045,5834,41,5875,44
2020-09-14,Sonoma,097,501317,6979,6630,20,6650,102
2020-09-14,Stanislaus,099,539301,16180,15812,471,16283,253
2020-09-14,Sutter,101,95872,1612,1549,1,1550,10
2020-09-14,Tehama,103,63373,493,475,2,477,1
2020-09-14,Trinity,105,12862,52,14,7,21,0
2020-09-14,Tulare,107,460477,15753,15096,87,15183,254
2020-09-14,Tuolumne,109,53932,227,208,4,212,1
2020-09-14,Ventura,111,848112,12658,11903,136,12039,125
2020-09-14,Yolo,113,214977,2751,2687,6,2693,53
2020-09-14,Yuba,115,75493,1031,977,4,981,1
2020-09-13,Alameda,001,1643700,20470,19815,151,19966,306
2020-09-13,Alpine,003,1148,2,2,0,2,0
2020-09-13,Amador,005,37829,282,279,0,279,16
2020-09-13,Butte,007,227075,2794,2640,24,2664,37
2020-09-13,Calaveras,009,45235,303,246,0,246,3
2020-09-13,Colusa,011,21464,511,486,0,486,6
2020-09-13,Contra Costa,013,1133247,16066,15284,77,15361,172
2020-09-13,Del Norte,015,27424,127,116,0,116,1
2020-09-13,El Dorado,017,186661,1092,1035,0,1035,2
2020-09-13,Fresno,019,978130,29604,27196,343,27539,345
2020-09-13,Glenn,021,27897,550,517,0,517,3
2020-09-13,Humboldt,023,135768,478,434,1,435,4
2020-09-13,Imperial,025,180216,11565,10304,8,10312,273
2020-09-13,Inyo,027,18085,186,176,4,180,12
2020-09-13,Kern,029,883053,31167,30277,282,30559,368
2020-09-13,Kings,031,150075,7227,6937,37,6974,70
2020-09-13,Lake,033,64148,466,397,0,397,4
2020-09-13,Lassen,035,31185,734,719,2,721,0
2020-09-13,Los Angeles,037,10098052,256414,253950,1615,255565,6203
2020-09-13,Madera,039,155013,4311,4090,30,4120,45
2020-09-13,Marin,041,260295,6507,6395,15,6410,70
2020-09-13,Mariposa,043,17540,75,74,0,74,2
2020-09-13,Mendocino,045,87422,759,707,0,707,17
2020-09-13,Merced,047,269075,8655,8575,14,8589,112
2020-09-13,Modoc,049,8938,26,21,0,21,0
2020-09-13,Mono,051,14174,165,147,2,149,1
2020-09-13,Monterey,053,433212,9230,8826,24,8850,61
2020-09-13,Napa,055,140530,1616,1563,8,1571,11
2020-09-13,Nevada,057,99092,504,486,15,501,6
2020-09-13,Orange,059,3164182,52677,50061,1344,51405,1075
2020-09-13,Placer,061,380077,3449,3291,14,3305,38
2020-09-13,Plumas,063,18699,48,42,0,42,0
2020-09-13,Riverside,065,2383286,56626,55235,107,55342,1108
2020-09-13,Sacramento,067,1510023,20858,20279,23,20302,367
2020-09-13,San Benito,069,59416,1267,1217,0,1217,7
2020-09-13,San Bernardino,071,2135413,51746,49968,331,50299,895
2020-09-13,San Diego,073,3302833,44358,42681,719,43400,734
2020-09-13,San Francisco,075,870044,10651,10254,25,10279,90
2020-09-13,San Joaquin,077,732212,19618,19110,43,19153,396
2020-09-13,San Luis Obispo,079,281455,3463,3240,21,3261,24
2020-09-13,San Mateo,081,765935,9579,8811,9,8820,127
2020-09-13,Santa Barbara,083,443738,8855,8690,74,8764,104
2020-09-13,Santa Clara,085,1922200,20749,19456,40,19496,245
2020-09-13,Santa Cruz,087,273765,2183,2016,20,2036,7
2020-09-13,Shasta,089,179085,729,583,3,586,10
2020-09-13,Sierra,091,2930,6,6,0,6,0
2020-09-13,Siskiyou,093,43540,152,143,9,152,0
2020-09-13,Solano,095,438530,5999,5810,41,5851,43
2020-09-13,Sonoma,097,501317,6914,6592,20,6612,95
2020-09-13,Stanislaus,099,539301,16117,15759,459,16218,253
2020-09-13,Sutter,101,95872,1600,1539,1,1540,10
2020-09-13,Tehama,103,63373,489,476,2,478,1
2020-09-13,Trinity,105,12862,52,14,7,21,0
2020-09-13,Tulare,107,460477,15682,15098,86,15184,254
2020-09-13,Tuolumne,109,53932,224,208,4,212,1
2020-09-13,Ventura,111,848112,12550,11855,135,11990,123
2020-09-13,Yolo,113,214977,2739,2675,6,2681,53
2020-09-13,Yuba,115,75493,1026,967,4,971,1
2020-09-12,Alameda,001,1643700,20411,19758,151,19909,307
2020-09-12,Alpine,003,1148,2,2,0,2,0
2020-09-12,Amador,005,37829,281,278,0,278,16
2020-09-12,Butte,007,227075,2787,2629,23,2652,37
2020-09-12,Calaveras,009,45235,301,246,0,246,3
2020-09-12,Colusa,011,21464,507,486,0,486,6
2020-09-12,Contra Costa,013,1133247,15990,15135,76,15211,174
2020-09-12,Del Norte,015,27424,126,116,0,116,1
2020-09-12,El Dorado,017,186661,1085,1034,0,1034,2
2020-09-12,Fresno,019,978130,29533,27076,343,27419,345
2020-09-12,Glenn,021,27897,549,517,0,517,3
2020-09-12,Humboldt,023,135768,477,430,1,431,4
2020-09-12,Imperial,025,180216,11553,10305,8,10313,273
2020-09-12,Inyo,027,18085,186,177,4,181,12
2020-09-12,Kern,029,883053,31101,30202,282,30484,368
2020-09-12,Kings,031,150075,7217,6895,37,6932,70
2020-09-12,Lake,033,64148,460,393,0,393,4
2020-09-12,Lassen,035,31185,734,719,2,721,0
2020-09-12,Los Angeles,037,10098052,255855,253156,1594,254750,6193
2020-09-12,Madera,039,155013,4300,4058,30,4088,43
2020-09-12,Marin,041,260295,6498,6393,15,6408,69
2020-09-12,Mariposa,043,17540,75,72,0,72,2
2020-09-12,Mendocino,045,87422,756,700,0,700,17
2020-09-12,Merced,047,269075,8646,8533,14,8547,112
2020-09-12,Modoc,049,8938,25,21,0,21,0
2020-09-12,Mono,051,14174,165,147,2,149,1
2020-09-12,Monterey,053,433212,9194,8743,24,8767,61
2020-09-12,Napa,055,140530,1613,1556,8,1564,11
2020-09-12,Nevada,057,99092,503,482,15,497,6
2020-09-12,Orange,059,3164182,52562,49895,1341,51236,1078
2020-09-12,Placer,061,380077,3432,3280,14,3294,38
2020-09-12,Plumas,063,18699,48,42,0,42,0
2020-09-12,Riverside,065,2383286,56497,55058,103,55161,1108
2020-09-12,Sacramento,067,1510023,20789,20184,23,20207,367
2020-09-12,San Benito,069,59416,1264,1208,0,1208,7
2020-09-12,San Bernardino,071,2135413,51655,49945,329,50274,896
2020-09-12,San Diego,073,3302833,44163,42416,710,43126,747
2020-09-12,San Francisco,075,870044,10606,10257,25,10282,90
2020-09-12,San Joaquin,077,732212,19590,19108,43,19151,396
2020-09-12,San Luis Obispo,079,281455,3436,3220,21,3241,24
2020-09-12,San Mateo,081,765935,9534,8759,9,8768,127
2020-09-12,Santa Barbara,083,443738,8841,8642,74,8716,104
2020-09-12,Santa Clara,085,1922200,20665,19330,40,19370,237
2020-09-12,Santa Cruz,087,273765,2171,2016,20,2036,7
2020-09-12,Shasta,089,179085,717,569,3,572,10
2020-09-12,Sierra,091,2930,6,6,0,6,0
2020-09-12,Siskiyou,093,43540,152,141,9,150,0
2020-09-12,Solano,095,438530,5975,5772,41,5813,43
2020-09-12,Sonoma,097,501317,6890,6531,20,6551,95
2020-09-12,Stanislaus,099,539301,16085,15675,456,16131,253
2020-09-12,Sutter,101,95872,1594,1529,1,1530,10
2020-09-12,Tehama,103,63373,486,471,2,473,1
2020-09-12,Trinity,105,12862,52,15,7,22,0
2020-09-12,Tulare,107,460477,15636,15018,85,15103,254
2020-09-12,Tuolumne,109,53932,224,208,4,212,1
2020-09-12,Ventura,111,848112,12499,11759,133,11892,123
2020-09-12,Yolo,113,214977,2732,2646,6,2652,53
2020-09-12,Yuba,115,75493,1022,963,4,967,1
2020-09-11,Alameda,001,1643700,20356,19625,150,19775,298
2020-09-11,Alpine,003,1148,2,2,0,2,0
2020-09-11,Amador,005,37829,281,277,0,277,16
2020-09-11,Butte,007,227075,2776,2605,23,2628,37
2020-09-11,Calaveras,009,45235,300,242,0,242,1
2020-09-11,Colusa,011,21464,506,484,0,484,6
2020-09-11,Contra Costa,013,1133247,15938,15001,73,15074,173
2020-09-11,Del Norte,015,27424,126,115,0,115,1
2020-09-11,El Dorado,017,186661,1082,1024,0,1024,2
2020-09-11,Fresno,019,978130,29453,26917,342,27259,344
2020-09-11,Glenn,021,27897,544,515,0,515,3
2020-09-11,Humboldt,023,135768,475,426,1,427,4
2020-09-11,Imperial,025,180216,11535,10286,8,10294,273
2020-09-11,Inyo,027,18085,186,176,4,180,12
2020-09-11,Kern,029,883053,31033,30059,281,30340,365
2020-09-11,Kings,031,150075,7200,6770,37,6807,70
2020-09-11,Lake,033,64148,453,382,0,382,4
2020-09-11,Lassen,035,31185,734,719,2,721,0
2020-09-11,Los Angeles,037,10098052,255174,252057,1583,253640,6172
2020-09-11,Madera,039,155013,4281,4018,30,4048,43
2020-09-11,Marin,041,260295,6495,6364,15,6379,69
2020-09-11,Mariposa,043,17540,75,72,0,72,2
2020-09-11,Mendocino,045,87422,745,700,0,700,17
2020-09-11,Merced,047,269075,8625,8489,14,8503,109
2020-09-11,Modoc,049,8938,25,21,0,21,0
2020-09-11,Mono,051,14174,165,145,2,147,1
2020-09-11,Monterey,053,433212,9146,8595,24,8619,61
2020-09-11,Napa,055,140530,1602,1543,8,1551,11
2020-09-11,Nevada,057,99092,496,483,15,498,6
2020-09-11,Orange,059,3164182,52433,49755,1329,51084,1068
2020-09-11,Placer,061,380077,3417,3254,14,3268,37
2020-09-11,Plumas,063,18699,48,42,0,42,0
2020-09-11,Riverside,065,2383286,56362,54717,100,54817,1099
2020-09-11,Sacramento,067,1510023,20704,20012,23,20035,358
2020-09-11,San Benito,069,59416,1254,1202,0,1202,7
2020-09-11,San Bernardino,071,2135413,51556,49682,329,50011,871
2020-09-11,San Diego,073,3302833,43943,41971,704,42675,730
2020-09-11,San Francisco,075,870044,10558,10133,24,10157,89
2020-09-11,San Joaquin,077,732212,19542,19019,43,19062,391
2020-09-11,San Luis Obispo,079,281455,3418,3190,21,3211,24
2020-09-11,San Mateo,081,765935,9492,8611,9,8620,127
2020-09-11,Santa Barbara,083,443738,8808,8592,73,8665,103
2020-09-11,Santa Clara,085,1922200,20576,19065,40,19105,234
2020-09-11,Santa Cruz,087,273765,2154,1997,20,2017,7
2020-09-11,Shasta,089,179085,707,568,3,571,10
2020-09-11,Sierra,091,2930,6,6,0,6,0
2020-09-11,Siskiyou,093,43540,151,139,9,148,0
2020-09-11,Solano,095,438530,5958,5742,41,5783,42
2020-09-11,Sonoma,097,501317,6845,6469,20,6489,91
2020-09-11,Stanislaus,099,539301,16047,15613,453,16066,253
2020-09-11,Sutter,101,95872,1584,1505,1,1506,11
2020-09-11,Tehama,103,63373,483,466,2,468,1
2020-09-11,Trinity,105,12862,52,16,7,23,0
2020-09-11,Tulare,107,460477,15605,14932,83,15015,251
2020-09-11,Tuolumne,109,53932,224,208,4,212,1
2020-09-11,Ventura,111,848112,12445,11700,131,11831,123
2020-09-11,Yolo,113,214977,2721,2632,6,2638,53
2020-09-11,Yuba,115,75493,1014,946,4,950,1
2020-09-10,Alameda,001,1643700,20282,19509,150,19659,292
2020-09-10,Alpine,003,1148,2,2,0,2,0
2020-09-10,Amador,005,37829,280,277,0,277,16
2020-09-10,Butte,007,227075,2759,2590,23,2613,37
2020-09-10,Calaveras,009,45235,300,244,0,244,1
2020-09-10,Colusa,011,21464,504,482,0,482,6
2020-09-10,Contra Costa,013,1133247,15868,14909,73,14982,172
2020-09-10,Del Norte,015,27424,125,112,0,112,1
2020-09-10,El Dorado,017,186661,1079,1020,0,1020,2
2020-09-10,Fresno,019,978130,29331,26783,342,27125,338
2020-09-10,Glenn,021,27897,534,511,0,511,3
2020-09-10,Humboldt,023,135768,464,422,1,423,4
2020-09-10,Imperial,025,180216,11519,10251,8,10259,270
2020-09-10,Inyo,027,18085,185,176,4,180,11
2020-09-10,Kern,029,883053,30951,29988,277,30265,363
2020-09-10,Kings,031,150075,7170,6739,37,6776,70
2020-09-10,Lake,033,64148,446,377,0,377,4
2020-09-10,Lassen,035,31185,733,716,2,718,0
2020-09-10,Los Angeles,037,10098052,254195,251003,1562,252565,6132
2020-09-10,Madera,039,155013,4263,3979,30,4009,43
2020-09-10,Marin,041,260295,6483,6344,15,6359,68
2020-09-10,Mariposa,043,17540,75,72,0,72,2
2020-09-10,Mendocino,045,87422,735,697,0,697,16
2020-09-10,Merced,047,269075,8579,8461,14,8475,109
2020-09-10,Modoc,049,8938,25,21,0,21,0
2020-09-10,Mono,051,14174,165,145,2,147,1
2020-09-10,Monterey,053,433212,9076,8570,24,8594,59
2020-09-10,Napa,055,140530,1596,1536,8,1544,11
2020-09-10,Nevada,057,99092,492,478,15,493,6
2020-09-10,Orange,059,3164182,52270,49617,1323,50940,1057
2020-09-10,Placer,061,380077,3397,3233,14,3247,37
2020-09-10,Plumas,063,18699,48,42,0,42,0
2020-09-10,Riverside,065,2383286,56043,54417,97,54514,1091
2020-09-10,Sacramento,067,1510023,20582,19618,22,19640,354
2020-09-10,San Benito,069,59416,1248,1201,0,1201,5
2020-09-10,San Bernardino,071,2135413,51367,49467,327,49794,867
2020-09-10,San Diego,073,3302833,43677,41610,677,42287,725
2020-09-10,San Francisco,075,870044,10481,10082,24,10106,89
2020-09-10,San Joaquin,077,732212,19489,18854,43,18897,389
2020-09-10,San Luis Obispo,079,281455,3404,3161,20,3181,24
2020-09-10,San Mateo,081,765935,9446,8529,9,8538,125
2020-09-10,Santa Barbara,083,443738,8763,8552,73,8625,100
2020-09-10,Santa Clara,085,1922200,20462,18870,40,18910,231
2020-09-10,Santa Cruz,087,273765,2139,1986,18,2004,7
2020-09-10,Shasta,089,179085,696,566,3,569,10
2020-09-10,Sierra,091,2930,6,6,0,6,0
2020-09-10,Siskiyou,093,43540,151,137,9,146,0
2020-09-10,Solano,095,438530,5918,5696,41,5737,42
2020-09-10,Sonoma,097,501317,6796,6424,20,6444,91
2020-09-10,Stanislaus,099,539301,15993,15509,448,15957,243
2020-09-10,Sutter,101,95872,1572,1494,1,1495,11
2020-09-10,Tehama,103,63373,476,466,2,468,1
2020-09-10,Trinity,105,12862,52,15,7,22,0
2020-09-10,Tulare,107,460477,15550,14860,80,14940,250
2020-09-10,Tuolumne,109,53932,223,205,4,209,1
2020-09-10,Ventura,111,848112,12351,11600,124,11724,122
2020-09-10,Yolo,113,214977,2716,2612,6,2618,53
2020-09-10,Yuba,115,75493,1008,941,4,945,1
2020-09-09,Alameda,001,1643700,20203,19399,149,19548,289
2020-09-09,Alpine,003,1148,2,2,0,2,0
2020-09-09,Amador,005,37829,279,276,0,276,16
2020-09-09,Butte,007,227075,2742,2561,23,2584,37
2020-09-09,Calaveras,009,45235,300,242,0,242,1
2020-09-09,Colusa,011,21464,499,479,0,479,6
2020-09-09,Contra Costa,013,1133247,15782,14816,73,14889,171
2020-09-09,Del Norte,015,27424,121,109,0,109,1
2020-09-09,El Dorado,017,186661,1076,1020,0,1020,2
2020-09-09,Fresno,019,978130,29228,26724,337,27061,329
2020-09-09,Glenn,021,27897,531,508,0,508,3
2020-09-09,Humboldt,023,135768,462,420,1,421,4
2020-09-09,Imperial,025,180216,11498,10233,8,10241,268
2020-09-09,Inyo,027,18085,184,173,4,177,2
2020-09-09,Kern,029,883053,30853,29925,274,30199,355
2020-09-09,Kings,031,150075,7152,6721,37,6758,72
2020-09-09,Lake,033,64148,438,371,0,371,4
2020-09-09,Lassen,035,31185,732,714,2,716,0
2020-09-09,Los Angeles,037,10098052,253321,249876,1544,251420,6091
2020-09-09,Madera,039,155013,4237,3926,30,3956,43
2020-09-09,Marin,041,260295,6464,6321,15,6336,68
2020-09-09,Mariposa,043,17540,74,72,0,72,2
2020-09-09,Mendocino,045,87422,727,695,0,695,16
2020-09-09,Merced,047,269075,8555,8441,14,8455,107
2020-09-09,Modoc,049,8938,24,20,0,20,0
2020-09-09,Mono,051,14174,165,145,2,147,1
2020-09-09,Monterey,053,433212,9004,8527,24,8551,59
2020-09-09,Napa,055,140530,1586,1531,8,1539,11
2020-09-09,Nevada,057,99092,488,476,15,491,6
2020-09-09,Orange,059,3164182,52090,49394,1315,50709,1054
2020-09-09,Placer,061,380077,3377,3222,14,3236,36
2020-09-09,Plumas,063,18699,46,42,0,42,0
2020-09-09,Riverside,065,2383286,55813,54320,94,54414,1081
2020-09-09,Sacramento,067,1510023,20476,19474,21,19495,347
2020-09-09,San Benito,069,59416,1244,1199,0,1199,5
2020-09-09,San Bernardino,071,2135413,51169,49264,326,49590,866
2020-09-09,San Diego,073,3302833,43388,41326,665,41991,721
2020-09-09,San Francisco,075,870044,10431,9996,23,10019,86
2020-09-09,San Joaquin,077,732212,19425,18799,42,18841,388
2020-09-09,San Luis Obispo,079,281455,3386,3131,20,3151,24
2020-09-09,San Mateo,081,765935,9385,8478,9,8487,125
2020-09-09,Santa Barbara,083,443738,8720,8528,73,8601,97
2020-09-09,Santa Clara,085,1922200,20330,18759,40,18799,228
2020-09-09,Santa Cruz,087,273765,2116,1967,18,1985,7
2020-09-09,Shasta,089,179085,684,562,3,565,10
2020-09-09,Sierra,091,2930,6,6,0,6,0
2020-09-09,Siskiyou,093,43540,149,137,9,146,0
2020-09-09,Solano,095,438530,5886,5680,41,5721,36
2020-09-09,Sonoma,097,501317,6729,6397,20,6417,92
2020-09-09,Stanislaus,099,539301,15954,15469,437,15906,243
2020-09-09,Sutter,101,95872,1564,1487,1,1488,11
2020-09-09,Tehama,103,63373,473,462,2,464,1
2020-09-09,Trinity,105,12862,52,14,7,21,0
2020-09-09,Tulare,107,460477,15501,14787,75,14862,249
2020-09-09,Tuolumne,109,53932,222,204,3,207,1
2020-09-09,Ventura,111,848112,12260,11497,121,11618,121
2020-09-09,Yolo,113,214977,2705,2604,6,2610,53
2020-09-09,Yuba,115,75493,1003,936,4,940,1
2020-09-08,Alameda,001,1643700,20095,19293,149,19442,288
2020-09-08,Alpine,003,1148,2,2,0,2,0
2020-09-08,Amador,005,37829,279,276,0,276,16
2020-09-08,Butte,007,227075,2724,2453,23,2476,36
2020-09-08,Calaveras,009,45235,298,233,0,233,1
2020-09-08,Colusa,011,21464,497,475,0,475,6
2020-09-08,Contra Costa,013,1133247,15654,14740,70,14810,171
2020-09-08,Del Norte,015,27424,121,109,0,109,2
2020-09-08,El Dorado,017,186661,1073,1011,0,1011,2
2020-09-08,Fresno,019,978130,29108,26640,333,26973,329
2020-09-08,Glenn,021,27897,527,492,0,492,3
2020-09-08,Humboldt,023,135768,460,420,1,421,4
2020-09-08,Imperial,025,180216,11482,10198,8,10206,267
2020-09-08,Inyo,027,18085,184,169,4,173,2
2020-09-08,Kern,029,883053,30767,29850,272,30122,351
2020-09-08,Kings,031,150075,7114,6658,37,6695,72
2020-09-08,Lake,033,64148,428,370,0,370,4
2020-09-08,Lassen,035,31185,732,710,2,712,0
2020-09-08,Los Angeles,037,10098052,252392,249217,1516,250733,6034
2020-09-08,Madera,039,155013,4213,3904,30,3934,43
2020-09-08,Marin,041,260295,6433,6313,15,6328,68
2020-09-08,Mariposa,043,17540,74,72,0,72,2
2020-09-08,Mendocino,045,87422,720,690,0,690,16
2020-09-08,Merced,047,269075,8532,8381,14,8395,104
2020-09-08,Modoc,049,8938,24,20,0,20,0
2020-09-08,Mono,051,14174,165,145,2,147,1
2020-09-08,Monterey,053,433212,8919,8491,24,8515,59
2020-09-08,Napa,055,140530,1582,1518,8,1526,11
2020-09-08,Nevada,057,99092,488,470,15,485,6
2020-09-08,Orange,059,3164182,51949,49214,1311,50525,1044
2020-09-08,Placer,061,380077,3363,3205,14,3219,36
2020-09-08,Plumas,063,18699,46,42,0,42,0
2020-09-08,Riverside,065,2383286,55599,54168,91,54259,1069
2020-09-08,Sacramento,067,1510023,20241,19411,20,19431,347
2020-09-08,San Benito,069,59416,1237,1188,0,1188,5
2020-09-08,San Bernardino,071,2135413,50979,49034,325,49359,856
2020-09-08,San Diego,073,3302833,43072,41079,653,41732,709
2020-09-08,San Francisco,075,870044,10358,9821,23,9844,86
2020-09-08,San Joaquin,077,732212,19347,18550,42,18592,388
2020-09-08,San Luis Obispo,079,281455,3371,3120,20,3140,23
2020-09-08,San Mateo,081,765935,9309,8460,9,8469,125
2020-09-08,Santa Barbara,083,443738,8686,8488,72,8560,96
2020-09-08,Santa Clara,085,1922200,20154,18645,40,18685,228
2020-09-08,Santa Cruz,087,273765,2088,1903,18,1921,7
2020-09-08,Shasta,089,179085,676,556,3,559,10
2020-09-08,Sierra,091,2930,6,6,0,6,0
2020-09-08,Siskiyou,093,43540,147,136,9,145,0
2020-09-08,Solano,095,438530,5849,5654,41,5695,36
2020-09-08,Sonoma,097,501317,6660,6356,20,6376,92
2020-09-08,Stanislaus,099,539301,15890,15415,425,15840,238
2020-09-08,Sutter,101,95872,1548,1473,1,1474,11
2020-09-08,Tehama,103,63373,469,458,2,460,1
2020-09-08,Trinity,105,12862,51,13,7,20,0
2020-09-08,Tulare,107,460477,15421,14635,74,14709,249
2020-09-08,Tuolumne,109,53932,221,197,3,200,1
2020-09-08,Ventura,111,848112,12191,11475,118,11593,118
2020-09-08,Yolo,113,214977,2695,2580,6,2586,53
2020-09-08,Yuba,115,75493,991,923,4,927,1
2020-09-07,Alameda,001,1643700,19973,19188,143,19331,281
2020-09-07,Alpine,003,1148,2,2,0,2,0
2020-09-07,Amador,005,37829,279,276,0,276,16
2020-09-07,Butte,007,227075,2691,2450,22,2472,30
2020-09-07,Calaveras,009,45235,288,234,0,234,1
2020-09-07,Colusa,011,21464,496,475,0,475,6
2020-09-07,Contra Costa,013,1133247,15541,14637,67,14704,172
2020-09-07,Del Norte,015,27424,121,109,0,109,2
2020-09-07,El Dorado,017,186661,1062,1011,0,1011,2
2020-09-07,Fresno,019,978130,29014,26565,330,26895,329
2020-09-07,Glenn,021,27897,522,488,0,488,3
2020-09-07,Humboldt,023,135768,451,416,1,417,4
2020-09-07,Imperial,025,180216,11451,10199,8,10207,267
2020-09-07,Inyo,027,18085,184,169,4,173,2
2020-09-07,Kern,029,883053,30646,29790,267,30057,348
2020-09-07,Kings,031,150075,6989,6630,37,6667,72
2020-09-07,Lake,033,64148,405,367,0,367,2
2020-09-07,Lassen,035,31185,732,709,2,711,0
2020-09-07,Los Angeles,037,10098052,251346,248804,1494,250298,6030
2020-09-07,Madera,039,155013,4182,3889,29,3918,43
2020-09-07,Marin,041,260295,6403,6296,15,6311,67
2020-09-07,Mariposa,043,17540,74,72,0,72,2
2020-09-07,Mendocino,045,87422,712,687,0,687,16
2020-09-07,Merced,047,269075,8485,8381,14,8395,104
2020-09-07,Modoc,049,8938,23,20,0,20,0
2020-09-07,Mono,051,14174,165,145,2,147,1
2020-09-07,Monterey,053,433212,8840,8463,24,8487,57
2020-09-07,Napa,055,140530,1570,1514,8,1522,11
2020-09-07,Nevada,057,99092,486,469,15,484,6
2020-09-07,Orange,059,3164182,51775,49132,1307,50439,1042
2020-09-07,Placer,061,380077,3333,3188,13,3201,36
2020-09-07,Plumas,063,18699,45,42,0,42,0
2020-09-07,Riverside,065,2383286,55324,54178,85,54263,1069
2020-09-07,Sacramento,067,1510023,19998,19292,19,19311,345
2020-09-07,San Benito,069,59416,1231,1180,0,1180,4
2020-09-07,San Bernardino,071,2135413,50751,49043,323,49366,821
2020-09-07,San Diego,073,3302833,42672,40868,626,41494,708
2020-09-07,San Francisco,075,870044,10307,9813,22,9835,85
2020-09-07,San Joaquin,077,732212,19266,18552,40,18592,386
2020-09-07,San Luis Obispo,079,281455,3334,3116,20,3136,23
2020-09-07,San Mateo,081,765935,9227,8409,9,8418,125
2020-09-07,Santa Barbara,083,443738,8642,8479,72,8551,95
2020-09-07,Santa Clara,085,1922200,19996,18596,39,18635,226
2020-09-07,Santa Cruz,087,273765,2060,1902,18,1920,7
2020-09-07,Shasta,089,179085,666,556,3,559,10
2020-09-07,Sierra,091,2930,6,6,0,6,0
2020-09-07,Siskiyou,093,43540,146,133,9,142,0
2020-09-07,Solano,095,438530,5784,5640,41,5681,36
2020-09-07,Sonoma,097,501317,6593,6268,20,6288,85
2020-09-07,Stanislaus,099,539301,15825,15343,413,15756,236
2020-09-07,Sutter,101,95872,1531,1468,1,1469,11
2020-09-07,Tehama,103,63373,466,453,2,455,1
2020-09-07,Trinity,105,12862,51,13,7,20,0
2020-09-07,Tulare,107,460477,15315,14637,72,14709,249
2020-09-07,Tuolumne,109,53932,220,196,3,199,1
2020-09-07,Ventura,111,848112,12096,11463,115,11578,118
2020-09-07,Yolo,113,214977,2678,2565,5,2570,53
2020-09-07,Yuba,115,75493,975,923,3,926,1
2020-09-06,Alameda,001,1643700,19915,19029,141,19170,281
2020-09-06,Alpine,003,1148,2,2,0,2,0
2020-09-06,Amador,005,37829,277,275,0,275,16
2020-09-06,Butte,007,227075,2682,2446,22,2468,30
2020-09-06,Calaveras,009,45235,288,235,0,235,1
2020-09-06,Colusa,011,21464,492,475,0,475,6
2020-09-06,Contra Costa,013,1133247,15461,14565,66,14631,171
2020-09-06,Del Norte,015,27424,121,109,0,109,2
2020-09-06,El Dorado,017,186661,1060,1008,0,1008,2
2020-09-06,Fresno,019,978130,28950,26471,328,26799,329
2020-09-06,Glenn,021,27897,516,474,0,474,3
2020-09-06,Humboldt,023,135768,448,404,1,405,4
2020-09-06,Imperial,025,180216,11434,10152,8,10160,267
2020-09-06,Inyo,027,18085,184,169,4,173,2
2020-09-06,Kern,029,883053,30590,29699,263,29962,348
2020-09-06,Kings,031,150075,6969,6561,36,6597,72
2020-09-06,Lake,033,64148,402,362,0,362,2
2020-09-06,Lassen,035,31185,732,709,2,711,0
2020-09-06,Los Angeles,037,10098052,250714,248316,1480,249796,6004
2020-09-06,Madera,039,155013,4138,3867,29,3896,42
2020-09-06,Marin,041,260295,6391,6276,15,6291,67
2020-09-06,Mariposa,043,17540,74,72,0,72,2
2020-09-06,Mendocino,045,87422,711,672,0,672,16
2020-09-06,Merced,047,269075,8465,8327,14,8341,104
2020-09-06,Modoc,049,8938,23,20,0,20,0
2020-09-06,Mono,051,14174,164,145,2,147,1
2020-09-06,Monterey,053,433212,8800,8403,23,8426,56
2020-09-06,Napa,055,140530,1566,1501,6,1507,11
2020-09-06,Nevada,057,99092,486,467,14,481,6
2020-09-06,Orange,059,3164182,51662,48931,1303,50234,1042
2020-09-06,Placer,061,380077,3316,3169,13,3182,36
2020-09-06,Plumas,063,18699,44,42,0,42,0
2020-09-06,Riverside,065,2383286,55208,53970,83,54053,1069
2020-09-06,Sacramento,067,1510023,19903,19128,19,19147,340
2020-09-06,San Benito,069,59416,1229,1178,0,1178,4
2020-09-06,San Bernardino,071,2135413,50642,48923,323,49246,823
2020-09-06,San Diego,073,3302833,42424,40652,620,41272,707
2020-09-06,San Francisco,075,870044,10233,9813,22,9835,85
2020-09-06,San Joaquin,077,732212,19217,18558,40,18598,386
2020-09-06,San Luis Obispo,079,281455,3323,3101,20,3121,23
2020-09-06,San Mateo,081,765935,9174,8387,9,8396,125
2020-09-06,Santa Barbara,083,443738,8613,8434,72,8506,95
2020-09-06,Santa Clara,085,1922200,19895,18495,39,18534,207
2020-09-06,Santa Cruz,087,273765,2053,1902,18,1920,7
2020-09-06,Shasta,089,179085,660,550,3,553,10
2020-09-06,Sierra,091,2930,6,6,0,6,0
2020-09-06,Siskiyou,093,43540,146,132,9,141,0
2020-09-06,Solano,095,438530,5758,5619,41,5660,37
2020-09-06,Sonoma,097,501317,6564,6212,20,6232,85
2020-09-06,Stanislaus,099,539301,15781,15288,409,15697,236
2020-09-06,Sutter,101,95872,1518,1451,1,1452,11
2020-09-06,Tehama,103,63373,465,455,2,457,1
2020-09-06,Trinity,105,12862,50,13,7,20,0
2020-09-06,Tulare,107,460477,15272,14636,71,14707,249
2020-09-06,Tuolumne,109,53932,217,194,3,197,1
2020-09-06,Ventura,111,848112,12051,11315,115,11430,118
2020-09-06,Yolo,113,214977,2664,2556,5,2561,53
2020-09-06,Yuba,115,75493,966,913,3,916,1
2020-09-05,Alameda,001,1643700,19868,18973,139,19112,279
2020-09-05,Alpine,003,1148,2,2,0,2,0
2020-09-05,Amador,005,37829,277,274,0,274,16
2020-09-05,Butte,007,227075,2666,2406,21,2427,30
2020-09-05,Calaveras,009,45235,288,237,0,237,1
2020-09-05,Colusa,011,21464,488,472,0,472,6
2020-09-05,Contra Costa,013,1133247,15384,14456,64,14520,173
2020-09-05,Del Norte,015,27424,121,109,0,109,2
2020-09-05,El Dorado,017,186661,1060,1007,0,1007,2
2020-09-05,Fresno,019,978130,28882,26325,328,26653,331
2020-09-05,Glenn,021,27897,515,474,0,474,3
2020-09-05,Humboldt,023,135768,446,402,1,403,4
2020-09-05,Imperial,025,180216,11417,10151,8,10159,268
2020-09-05,Inyo,027,18085,184,169,4,173,2
2020-09-05,Kern,029,883053,30530,29645,259,29904,347
2020-09-05,Kings,031,150075,6960,6518,36,6554,66
2020-09-05,Lake,033,64148,399,359,0,359,2
2020-09-05,Lassen,035,31185,732,709,2,711,0
2020-09-05,Los Angeles,037,10098052,250179,247572,1468,249040,6001
2020-09-05,Madera,039,155013,4097,3851,29,3880,42
2020-09-05,Marin,041,260295,6384,6259,15,6274,66
2020-09-05,Mariposa,043,17540,74,72,0,72,2
2020-09-05,Mendocino,045,87422,710,658,0,658,16
2020-09-05,Merced,047,269075,8433,8297,12,8309,104
2020-09-05,Modoc,049,8938,23,19,0,19,0
2020-09-05,Mono,051,14174,164,145,2,147,1
2020-09-05,Monterey,053,433212,8770,8301,23,8324,56
2020-09-05,Napa,055,140530,1560,1484,6,1490,11
2020-09-05,Nevada,057,99092,483,461,14,475,6
2020-09-05,Orange,059,3164182,51560,48726,1298,50024,1039
2020-09-05,Placer,061,380077,3306,3141,13,3154,35
2020-09-05,Plumas,063,18699,44,42,0,42,0
2020-09-05,Riverside,065,2383286,55102,53780,83,53863,1066
2020-09-05,Sacramento,067,1510023,19812,18955,19,18974,339
2020-09-05,San Benito,069,59416,1227,1153,0,1153,4
2020-09-05,San Bernardino,071,2135413,50567,48800,322,49122,825
2020-09-05,San Diego,073,3302833,42231,40344,608,40952,717
2020-09-05,San Francisco,075,870044,10200,9812,21,9833,85
2020-09-05,San Joaquin,077,732212,19189,18557,40,18597,386
2020-09-05,San Luis Obispo,079,281455,3313,3083,20,3103,23
2020-09-05,San Mateo,081,765935,9129,8352,9,8361,124
2020-09-05,Santa Barbara,083,443738,8597,8404,72,8476,96
2020-09-05,Santa Clara,085,1922200,19811,18311,39,18350,207
2020-09-05,Santa Cruz,087,273765,2045,1904,18,1922,7
2020-09-05,Shasta,089,179085,659,544,3,547,10
2020-09-05,Sierra,091,2930,6,6,0,6,0
2020-09-05,Siskiyou,093,43540,145,131,9,140,0
2020-09-05,Solano,095,438530,5746,5579,41,5620,37
2020-09-05,Sonoma,097,501317,6531,6149,20,6169,85
2020-09-05,Stanislaus,099,539301,15733,15198,405,15603,236
2020-09-05,Sutter,101,95872,1511,1445,1,1446,11
2020-09-05,Tehama,103,63373,464,447,2,449,1
2020-09-05,Trinity,105,12862,50,13,7,20,0
2020-09-05,Tulare,107,460477,15215,14576,69,14645,249
2020-09-05,Tuolumne,109,53932,217,194,3,197,1
2020-09-05,Ventura,111,848112,12008,11254,115,11369,118
2020-09-05,Yolo,113,214977,2654,2534,5,2539,53
2020-09-05,Yuba,115,75493,960,902,3,905,1
2020-09-04,Alameda,001,1643700,19800,18843,137,18980,276
2020-09-04,Alpine,003,1148,2,2,0,2,0
2020-09-04,Amador,005,37829,276,274,0,274,16
2020-09-04,Butte,007,227075,2643,2325,21,2346,28
2020-09-04,Calaveras,009,45235,286,237,0,237,1
2020-09-04,Colusa,011,21464,486,467,0,467,6
2020-09-04,Contra Costa,013,1133247,15304,14355,63,14418,164
2020-09-04,Del Norte,015,27424,121,109,0,109,2
2020-09-04,El Dorado,017,186661,1056,992,0,992,2
2020-09-04,Fresno,019,978130,28777,26147,327,26474,321
2020-09-04,Glenn,021,27897,507,463,0,463,3
2020-09-04,Humboldt,023,135768,441,390,1,391,4
2020-09-04,Imperial,025,180216,11408,10136,8,10144,267
2020-09-04,Inyo,027,18085,184,169,4,173,2
2020-09-04,Kern,029,883053,30462,29526,256,29782,345
2020-09-04,Kings,031,150075,6947,6259,36,6295,66
2020-09-04,Lake,033,64148,399,347,0,347,2
2020-09-04,Lassen,035,31185,732,708,2,710,0
2020-09-04,Los Angeles,037,10098052,249613,246396,1448,247844,5977
2020-09-04,Madera,039,155013,4084,3838,29,3867,42
2020-09-04,Marin,041,260295,6372,6251,15,6266,66
2020-09-04,Mariposa,043,17540,74,72,0,72,2
2020-09-04,Mendocino,045,87422,708,646,0,646,16
2020-09-04,Merced,047,269075,8413,8214,12,8226,104
2020-09-04,Modoc,049,8938,23,15,0,15,0
2020-09-04,Mono,051,14174,164,145,2,147,1
2020-09-04,Monterey,053,433212,8725,8208,23,8231,56
2020-09-04,Napa,055,140530,1551,1475,6,1481,11
2020-09-04,Nevada,057,99092,480,455,14,469,6
2020-09-04,Orange,059,3164182,51436,48488,1291,49779,1031
2020-09-04,Placer,061,380077,3294,3101,13,3114,35
2020-09-04,Plumas,063,18699,44,42,0,42,0
2020-09-04,Riverside,065,2383286,54989,53606,78,53684,1066
2020-09-04,Sacramento,067,1510023,19724,18765,19,18784,337
2020-09-04,San Benito,069,59416,1218,1137,0,1137,4
2020-09-04,San Bernardino,071,2135413,50474,48497,320,48817,800
2020-09-04,San Diego,073,3302833,42001,39901,599,40500,701
2020-09-04,San Francisco,075,870044,10160,9694,20,9714,85
2020-09-04,San Joaquin,077,732212,19135,18438,40,18478,376
2020-09-04,San Luis Obispo,079,281455,3298,3049,19,3068,21
2020-09-04,San Mateo,081,765935,9085,8275,9,8284,122
2020-09-04,Santa Barbara,083,443738,8567,8340,72,8412,96
2020-09-04,Santa Clara,085,1922200,19703,18074,39,18113,209
2020-09-04,Santa Cruz,087,273765,2028,1896,17,1913,7
2020-09-04,Shasta,089,179085,656,536,3,539,10
2020-09-04,Sierra,091,2930,6,6,0,6,0
2020-09-04,Siskiyou,093,43540,145,129,9,138,0
2020-09-04,Solano,095,438530,5733,5552,41,5593,37
2020-09-04,Sonoma,097,501317,6466,6050,20,6070,85
2020-09-04,Stanislaus,099,539301,15699,15074,396,15470,233
2020-09-04,Sutter,101,95872,1495,1425,1,1426,11
2020-09-04,Tehama,103,63373,460,442,2,444,1
2020-09-04,Trinity,105,12862,50,13,7,20,0
2020-09-04,Tulare,107,460477,15187,14501,65,14566,247
2020-09-04,Tuolumne,109,53932,217,193,3,196,1
2020-09-04,Ventura,111,848112,11966,11171,115,11286,114
2020-09-04,Yolo,113,214977,2640,2495,5,2500,53
2020-09-04,Yuba,115,75493,955,884,3,887,1
2020-09-03,Alameda,001,1643700,19697,18687,137,18824,275
2020-09-03,Alpine,003,1148,2,2,0,2,0
2020-09-03,Amador,005,37829,276,274,0,274,16
2020-09-03,Butte,007,227075,2598,2274,21,2295,27
2020-09-03,Calaveras,009,45235,285,238,0,238,1
2020-09-03,Colusa,011,21464,484,464,0,464,6
2020-09-03,Contra Costa,013,1133247,15197,14206,60,14266,159
2020-09-03,Del Norte,015,27424,118,109,0,109,2
2020-09-03,El Dorado,017,186661,1052,983,0,983,2
2020-09-03,Fresno,019,978130,28658,25978,322,26300,313
2020-09-03,Glenn,021,27897,503,460,0,460,3
2020-09-03,Humboldt,023,135768,436,390,1,391,4
2020-09-03,Imperial,025,180216,11387,10083,8,10091,255
2020-09-03,Inyo,027,18085,182,171,4,175,3
2020-09-03,Kern,029,883053,30370,29426,242,29668,340
2020-09-03,Kings,031,150075,6867,6200,36,6236,64
2020-09-03,Lake,033,64148,390,347,0,347,2
2020-09-03,Lassen,035,31185,732,707,2,709,0
2020-09-03,Los Angeles,037,10098052,248752,245026,1427,246453,5931
2020-09-03,Madera,039,155013,4065,3780,29,3809,43
2020-09-03,Marin,041,260295,6353,6175,15,6190,66
2020-09-03,Mariposa,043,17540,74,71,0,71,2
2020-09-03,Mendocino,045,87422,699,638,0,638,16
2020-09-03,Merced,047,269075,8371,8136,12,8148,105
2020-09-03,Modoc,049,8938,23,14,0,14,0
2020-09-03,Mono,051,14174,163,144,2,146,1
2020-09-03,Monterey,053,433212,8671,8128,23,8151,56
2020-09-03,Napa,055,140530,1544,1466,6,1472,10
2020-09-03,Nevada,057,99092,477,453,14,467,6
2020-09-03,Orange,059,3164182,51249,48226,1276,49502,1009
2020-09-03,Placer,061,380077,3276,3069,13,3082,34
2020-09-03,Plumas,063,18699,44,39,0,39,0
2020-09-03,Riverside,065,2383286,54809,53341,74,53415,1052
2020-09-03,Sacramento,067,1510023,19596,18553,18,18571,328
2020-09-03,San Benito,069,59416,1207,1121,0,1121,4
2020-09-03,San Bernardino,071,2135413,50308,48165,319,48484,800
2020-09-03,San Diego,073,3302833,41687,39448,583,40031,700
2020-09-03,San Francisco,075,870044,10094,9636,18,9654,84
2020-09-03,San Joaquin,077,732212,19058,18331,40,18371,371
2020-09-03,San Luis Obispo,079,281455,3281,3023,19,3042,21
2020-09-03,San Mateo,081,765935,9011,8211,9,8220,122
2020-09-03,Santa Barbara,083,443738,8519,8277,72,8349,96
2020-09-03,Santa Clara,085,1922200,19523,17879,39,17918,208
2020-09-03,Santa Cruz,087,273765,2013,1870,17,1887,7
2020-09-03,Shasta,089,179085,651,535,3,538,10
2020-09-03,Sierra,091,2930,6,6,0,6,0
2020-09-03,Siskiyou,093,43540,145,128,9,137,0
2020-09-03,Solano,095,438530,5713,5499,40,5539,36
2020-09-03,Sonoma,097,501317,6405,5997,20,6017,62
2020-09-03,Stanislaus,099,539301,15647,14985,392,15377,217
2020-09-03,Sutter,101,95872,1485,1412,1,1413,11
2020-09-03,Tehama,103,63373,456,436,2,438,1
2020-09-03,Trinity,105,12862,48,13,7,20,0
2020-09-03,Tulare,107,460477,15121,14408,64,14472,244
2020-09-03,Tuolumne,109,53932,217,193,3,196,1
2020-09-03,Ventura,111,848112,11848,11109,112,11221,112
2020-09-03,Yolo,113,214977,2624,2475,5,2480,53
2020-09-03,Yuba,115,75493,948,867,3,870,1
2020-09-02,Alameda,001,1643700,19577,18522,134,18656,260
2020-09-02,Alpine,003,1148,2,2,0,2,0
2020-09-02,Amador,005,37829,276,245,0,245,14
2020-09-02,Butte,007,227075,2552,2241,21,2262,27
2020-09-02,Calaveras,009,45235,284,235,0,235,1
2020-09-02,Colusa,011,21464,480,460,0,460,6
2020-09-02,Contra Costa,013,1133247,15108,14097,58,14155,159
2020-09-02,Del Norte,015,27424,117,109,0,109,2
2020-09-02,El Dorado,017,186661,1048,975,0,975,2
2020-09-02,Fresno,019,978130,28510,25785,319,26104,292
2020-09-02,Glenn,021,27897,498,457,0,457,3
2020-09-02,Humboldt,023,135768,433,381,1,382,4
2020-09-02,Imperial,025,180216,11371,9832,8,9840,255
2020-09-02,Inyo,027,18085,182,171,4,175,3
2020-09-02,Kern,029,883053,30278,29288,236,29524,335
2020-09-02,Kings,031,150075,6782,6142,36,6178,64
2020-09-02,Lake,033,64148,386,342,0,342,2
2020-09-02,Lassen,035,31185,730,706,2,708,0
2020-09-02,Los Angeles,037,10098052,247821,243999,1399,245398,5887
2020-09-02,Madera,039,155013,4045,3735,29,3764,41
2020-09-02,Marin,041,260295,6338,6131,15,6146,66
2020-09-02,Mariposa,043,17540,74,71,0,71,2
2020-09-02,Mendocino,045,87422,689,636,0,636,15
2020-09-02,Merced,047,269075,8340,8097,11,8108,103
2020-09-02,Modoc,049,8938,22,11,0,11,0
2020-09-02,Mono,051,14174,163,145,2,147,1
2020-09-02,Monterey,053,433212,8607,8070,23,8093,56
2020-09-02,Napa,055,140530,1532,1454,6,1460,10
2020-09-02,Nevada,057,99092,471,452,13,465,6
2020-09-02,Orange,059,3164182,51068,47871,1266,49137,994
2020-09-02,Placer,061,380077,3251,3047,12,3059,33
2020-09-02,Plumas,063,18699,44,39,0,39,0
2020-09-02,Riverside,065,2383286,54607,52923,71,52994,1032
2020-09-02,Sacramento,067,1510023,19363,18355,17,18372,316
2020-09-02,San Benito,069,59416,1194,1107,0,1107,4
2020-09-02,San Bernardino,071,2135413,50145,47766,316,48082,794
2020-09-02,San Diego,073,3302833,41367,39123,569,39692,695
2020-09-02,San Francisco,075,870044,10025,9587,18,9605,84
2020-09-02,San Joaquin,077,732212,18977,18194,39,18233,352
2020-09-02,San Luis Obispo,079,281455,3255,3002,18,3020,21
2020-09-02,San Mateo,081,765935,8954,8148,9,8157,122
2020-09-02,Santa Barbara,083,443738,8464,8206,71,8277,94
2020-09-02,Santa Clara,085,1922200,19369,17673,39,17712,206
2020-09-02,Santa Cruz,087,273765,1990,1850,17,1867,7
2020-09-02,Shasta,089,179085,650,531,3,534,10
2020-09-02,Sierra,091,2930,6,6,0,6,0
2020-09-02,Siskiyou,093,43540,144,127,9,136,0
2020-09-02,Solano,095,438530,5685,5463,40,5503,36
2020-09-02,Sonoma,097,501317,6343,5846,20,5866,62
2020-09-02,Stanislaus,099,539301,15577,14854,385,15239,220
2020-09-02,Sutter,101,95872,1470,1401,1,1402,10
2020-09-02,Tehama,103,63373,453,429,2,431,1
2020-09-02,Trinity,105,12862,48,13,7,20,0
2020-09-02,Tulare,107,460477,15054,14298,63,14361,244
2020-09-02,Tuolumne,109,53932,217,190,3,193,1
2020-09-02,Ventura,111,848112,11761,11031,111,11142,111
2020-09-02,Yolo,113,214977,2603,2449,5,2454,54
2020-09-02,Yuba,115,75493,941,856,3,859,1
2020-09-01,Alameda,001,1643700,19438,18382,131,18513,248
2020-09-01,Alpine,003,1148,2,2,0,2,0
2020-09-01,Amador,005,37829,275,244,0,244,13
2020-09-01,Butte,007,227075,2495,2146,21,2167,26
2020-09-01,Calaveras,009,45235,276,228,0,228,1
2020-09-01,Colusa,011,21464,476,454,0,454,6
2020-09-01,Contra Costa,013,1133247,15014,13998,56,14054,158
2020-09-01,Del Norte,015,27424,116,108,0,108,2
2020-09-01,El Dorado,017,186661,1040,972,0,972,2
2020-09-01,Fresno,019,978130,28363,25542,316,25858,290
2020-09-01,Glenn,021,27897,491,449,0,449,3
2020-09-01,Humboldt,023,135768,427,378,1,379,4
2020-09-01,Imperial,025,180216,11345,9782,8,9790,250
2020-09-01,Inyo,027,18085,182,171,4,175,3
2020-09-01,Kern,029,883053,30187,29162,231,29393,332
2020-09-01,Kings,031,150075,6751,6088,36,6124,62
2020-09-01,Lake,033,64148,383,341,0,341,2
2020-09-01,Lassen,035,31185,727,706,2,708,0
2020-09-01,Los Angeles,037,10098052,246730,242633,1375,244008,5832
2020-09-01,Madera,039,155013,4016,3703,28,3731,41
2020-09-01,Marin,041,260295,6323,6102,15,6117,67
2020-09-01,Mariposa,043,17540,73,72,0,72,2
2020-09-01,Mendocino,045,87422,674,626,0,626,15
2020-09-01,Merced,047,269075,8287,8046,10,8056,103
2020-09-01,Modoc,049,8938,20,10,0,10,0
2020-09-01,Mono,051,14174,163,145,2,147,1
2020-09-01,Monterey,053,433212,8500,7926,23,7949,56
2020-09-01,Napa,055,140530,1517,1446,6,1452,10
2020-09-01,Nevada,057,99092,465,450,13,463,6
2020-09-01,Orange,059,3164182,50904,47671,1247,48918,976
2020-09-01,Placer,061,380077,3229,3013,12,3025,33
2020-09-01,Plumas,063,18699,44,39,0,39,0
2020-09-01,Riverside,065,2383286,54389,52785,70,52855,1027
2020-09-01,Sacramento,067,1510023,19179,18217,16,18233,305
2020-09-01,San Benito,069,59416,1182,1089,0,1089,4
2020-09-01,San Bernardino,071,2135413,49938,47371,315,47686,786
2020-09-01,San Diego,073,3302833,41009,38873,531,39404,688
2020-09-01,San Francisco,075,870044,9956,9492,18,9510,83
2020-09-01,San Joaquin,077,732212,18895,17915,38,17953,341
2020-09-01,San Luis Obispo,079,281455,3229,2970,18,2988,21
2020-09-01,San Mateo,081,765935,8874,8132,9,8141,122
2020-09-01,Santa Barbara,083,443738,8414,8142,70,8212,93
2020-09-01,Santa Clara,085,1922200,19190,17319,39,17358,204
2020-09-01,Santa Cruz,087,273765,1966,1752,17,1769,7
2020-09-01,Shasta,089,179085,642,527,3,530,9
2020-09-01,Sierra,091,2930,6,6,0,6,0
2020-09-01,Siskiyou,093,43540,141,128,8,136,0
2020-09-01,Solano,095,438530,5659,5438,40,5478,34
2020-09-01,Sonoma,097,501317,6253,5733,20,5753,60
2020-09-01,Stanislaus,099,539301,15501,14784,375,15159,212
2020-09-01,Sutter,101,95872,1459,1389,1,1390,10
2020-09-01,Tehama,103,63373,449,422,2,424,1
2020-09-01,Trinity,105,12862,47,13,6,19,0
2020-09-01,Tulare,107,460477,14971,14156,63,14219,241
2020-09-01,Tuolumne,109,53932,211,183,3,186,1
2020-09-01,Ventura,111,848112,11683,10899,106,11005,108
2020-09-01,Yolo,113,214977,2587,2440,5,2445,51
2020-09-01,Yuba,115,75493,932,841,3,844,1
2020-08-31,Alameda,001,1643700,19293,18148,131,18279,248
2020-08-31,Alpine,003,1148,2,2,0,2,0
2020-08-31,Amador,005,37829,275,243,0,243,13
2020-08-31,Butte,007,227075,2431,2069,21,2090,26
2020-08-31,Calaveras,009,45235,271,212,0,212,1
2020-08-31,Colusa,011,21464,475,443,0,443,6
2020-08-31,Contra Costa,013,1133247,14887,13902,53,13955,153
2020-08-31,Del Norte,015,27424,116,108,0,108,2
2020-08-31,El Dorado,017,186661,1033,965,0,965,2
2020-08-31,Fresno,019,978130,28142,25185,310,25495,290
2020-08-31,Glenn,021,27897,479,437,0,437,3
2020-08-31,Humboldt,023,135768,425,374,1,375,4
2020-08-31,Imperial,025,180216,11314,9759,8,9767,250
2020-08-31,Inyo,027,18085,181,160,4,164,3
2020-08-31,Kern,029,883053,30089,29067,230,29297,318
2020-08-31,Kings,031,150075,6483,6037,36,6073,62
2020-08-31,Lake,033,64148,367,341,0,341,2
2020-08-31,Lassen,035,31185,724,706,2,708,0
2020-08-31,Los Angeles,037,10098052,245629,241793,1347,243140,5787
2020-08-31,Madera,039,155013,3993,3662,27,3689,35
2020-08-31,Marin,041,260295,6287,6074,15,6089,67
2020-08-31,Mariposa,043,17540,73,69,0,69,2
2020-08-31,Mendocino,045,87422,662,618,0,618,15
2020-08-31,Merced,047,269075,8225,7991,10,8001,79
2020-08-31,Modoc,049,8938,18,10,0,10,0
2020-08-31,Mono,051,14174,163,145,2,147,1
2020-08-31,Monterey,053,433212,8393,7839,23,7862,56
2020-08-31,Napa,055,140530,1509,1434,6,1440,10
2020-08-31,Nevada,057,99092,463,447,13,460,6
2020-08-31,Orange,059,3164182,50704,47392,1219,48611,965
2020-08-31,Placer,061,380077,3180,2989,12,3001,33
2020-08-31,Plumas,063,18699,43,39,0,39,0
2020-08-31,Riverside,065,2383286,54167,52508,68,52576,1020
2020-08-31,Sacramento,067,1510023,18942,17999,16,18015,303
2020-08-31,San Benito,069,59416,1166,1080,0,1080,4
2020-08-31,San Bernardino,071,2135413,49726,47370,314,47684,755
2020-08-31,San Diego,073,3302833,40642,38606,498,39104,682
2020-08-31,San Francisco,075,870044,9877,9293,15,9308,83
2020-08-31,San Joaquin,077,732212,18808,17807,37,17844,338
2020-08-31,San Luis Obispo,079,281455,3206,2951,17,2968,21
2020-08-31,San Mateo,081,765935,8804,8065,9,8074,122
2020-08-31,Santa Barbara,083,443738,8368,8124,70,8194,94
2020-08-31,Santa Clara,085,1922200,19001,17211,39,17250,202
2020-08-31,Santa Cruz,087,273765,1941,1742,17,1759,7
2020-08-31,Shasta,089,179085,637,528,3,531,9
2020-08-31,Sierra,091,2930,6,6,0,6,0
2020-08-31,Siskiyou,093,43540,140,127,8,135,0
2020-08-31,Solano,095,438530,5627,5302,39,5341,34
2020-08-31,Sonoma,097,501317,6178,5650,20,5670,60
2020-08-31,Stanislaus,099,539301,15426,14685,366,15051,213
2020-08-31,Sutter,101,95872,1444,1365,1,1366,10
2020-08-31,Tehama,103,63373,446,421,2,423,1
2020-08-31,Trinity,105,12862,47,13,6,19,0
2020-08-31,Tulare,107,460477,14884,13985,61,14046,237
2020-08-31,Tuolumne,109,53932,211,178,3,181,1
2020-08-31,Ventura,111,848112,11595,10866,105,10971,108
2020-08-31,Yolo,113,214977,2569,2423,5,2428,51
2020-08-31,Yuba,115,75493,918,830,3,833,1
2020-08-30,Alameda,001,1643700,19169,18099,129,18228,248
2020-08-30,Alpine,003,1148,2,2,0,2,0
2020-08-30,Amador,005,37829,274,240,0,240,13
2020-08-30,Butte,007,227075,2350,1988,21,2009,26
2020-08-30,Calaveras,009,45235,262,211,0,211,1
2020-08-30,Colusa,011,21464,474,440,0,440,6
2020-08-30,Contra Costa,013,1133247,14749,13780,53,13833,150
2020-08-30,Del Norte,015,27424,115,108,0,108,2
2020-08-30,El Dorado,017,186661,1023,962,0,962,2
2020-08-30,Fresno,019,978130,28016,24963,309,25272,291
2020-08-30,Glenn,021,27897,472,437,0,437,3
2020-08-30,Humboldt,023,135768,414,362,1,363,4
2020-08-30,Imperial,025,180216,11296,9703,8,9711,250
2020-08-30,Inyo,027,18085,181,160,4,164,3
2020-08-30,Kern,029,883053,29996,28987,230,29217,317
2020-08-30,Kings,031,150075,6437,6000,36,6036,62
2020-08-30,Lake,033,64148,362,334,0,334,2
2020-08-30,Lassen,035,31185,722,706,2,708,0
2020-08-30,Los Angeles,037,10098052,244493,240775,1314,242089,5772
2020-08-30,Madera,039,155013,3964,3626,27,3653,33
2020-08-30,Marin,041,260295,6257,6060,15,6075,66
2020-08-30,Mariposa,043,17540,73,69,0,69,2
2020-08-30,Mendocino,045,87422,656,611,0,611,13
2020-08-30,Merced,047,269075,8150,7960,10,7970,79
2020-08-30,Modoc,049,8938,13,10,0,10,0
2020-08-30,Mono,051,14174,163,145,2,147,1
2020-08-30,Monterey,053,433212,8309,7816,23,7839,54
2020-08-30,Napa,055,140530,1497,1423,6,1429,10
2020-08-30,Nevada,057,99092,460,445,13,458,6
2020-08-30,Orange,059,3164182,50508,47283,1205,48488,965
2020-08-30,Placer,061,380077,3147,2961,12,2973,32
2020-08-30,Plumas,063,18699,42,39,0,39,0
2020-08-30,Riverside,065,2383286,53988,52227,66,52293,1017
2020-08-30,Sacramento,067,1510023,18764,17751,16,17767,300
2020-08-30,San Benito,069,59416,1156,1071,0,1071,4
2020-08-30,San Bernardino,071,2135413,49469,47201,314,47515,755
2020-08-30,San Diego,073,3302833,40244,38302,477,38779,682
2020-08-30,San Francisco,075,870044,9779,9294,12,9306,83
2020-08-30,San Joaquin,077,732212,18691,17637,36,17673,338
2020-08-30,San Luis Obispo,079,281455,3181,2934,17,2951,21
2020-08-30,San Mateo,081,765935,8727,8013,8,8021,122
2020-08-30,Santa Barbara,083,443738,8308,8088,70,8158,93
2020-08-30,Santa Clara,085,1922200,18825,17045,39,17084,202
2020-08-30,Santa Cruz,087,273765,1915,1743,17,1760,7
2020-08-30,Shasta,089,179085,634,525,3,528,9
2020-08-30,Sierra,091,2930,6,6,0,6,0
2020-08-30,Siskiyou,093,43540,138,125,8,133,0
2020-08-30,Solano,095,438530,5583,5303,39,5342,34
2020-08-30,Sonoma,097,501317,6120,5590,20,5610,60
2020-08-30,Stanislaus,099,539301,15355,14580,357,14937,209
2020-08-30,Sutter,101,95872,1422,1351,1,1352,10
2020-08-30,Tehama,103,63373,437,419,2,421,1
2020-08-30,Trinity,105,12862,47,13,6,19,0
2020-08-30,Tulare,107,460477,14789,13985,60,14045,236
2020-08-30,Tuolumne,109,53932,207,178,3,181,1
2020-08-30,Ventura,111,848112,11482,10775,100,10875,108
2020-08-30,Yolo,113,214977,2541,2391,4,2395,51
2020-08-30,Yuba,115,75493,904,832,3,835,1
2020-08-29,Alameda,001,1643700,19102,17888,129,18017,250
2020-08-29,Alpine,003,1148,2,2,0,2,0
2020-08-29,Amador,005,37829,274,239,0,239,13
2020-08-29,Butte,007,227075,2319,1948,21,1969,26
2020-08-29,Calaveras,009,45235,258,211,0,211,1
2020-08-29,Colusa,011,21464,471,440,0,440,6
2020-08-29,Contra Costa,013,1133247,14676,13663,52,13715,159
2020-08-29,Del Norte,015,27424,115,108,0,108,1
2020-08-29,El Dorado,017,186661,1020,958,0,958,2
2020-08-29,Fresno,019,978130,27961,24821,309,25130,291
2020-08-29,Glenn,021,27897,466,437,0,437,3
2020-08-29,Humboldt,023,135768,411,363,1,364,4
2020-08-29,Imperial,025,180216,11281,9698,8,9706,250
2020-08-29,Inyo,027,18085,181,160,4,164,3
2020-08-29,Kern,029,883053,29955,28947,229,29176,317
2020-08-29,Kings,031,150075,6422,5906,36,5942,62
2020-08-29,Lake,033,64148,361,329,0,329,2
2020-08-29,Lassen,035,31185,722,706,2,708,0
2020-08-29,Los Angeles,037,10098052,243863,239815,1301,241116,5762
2020-08-29,Madera,039,155013,3955,3605,26,3631,33
2020-08-29,Marin,041,260295,6245,6007,15,6022,64
2020-08-29,Mariposa,043,17540,73,69,0,69,2
2020-08-29,Mendocino,045,87422,651,596,0,596,13
2020-08-29,Merced,047,269075,8120,7867,10,7877,79
2020-08-29,Modoc,049,8938,13,9,0,9,0
2020-08-29,Mono,051,14174,163,145,2,147,1
2020-08-29,Monterey,053,433212,8264,7680,23,7703,53
2020-08-29,Napa,055,140530,1494,1413,6,1419,10
2020-08-29,Nevada,057,99092,460,442,13,455,5
2020-08-29,Orange,059,3164182,50398,47007,1195,48202,960
2020-08-29,Placer,061,380077,3130,2935,12,2947,32
2020-08-29,Plumas,063,18699,41,39,0,39,0
2020-08-29,Riverside,065,2383286,53876,51918,64,51982,1016
2020-08-29,Sacramento,067,1510023,18692,17588,16,17604,291
2020-08-29,San Benito,069,59416,1147,1045,0,1045,4
2020-08-29,San Bernardino,071,2135413,49354,46849,314,47163,755
2020-08-29,San Diego,073,3302833,39978,38049,459,38508,694
2020-08-29,San Francisco,075,870044,9751,9291,11,9302,83
2020-08-29,San Joaquin,077,732212,18647,17493,36,17529,335
2020-08-29,San Luis Obispo,079,281455,3156,2917,17,2934,21
2020-08-29,San Mateo,081,765935,8685,7928,8,7936,122
2020-08-29,Santa Barbara,083,443738,8282,8052,69,8121,93
2020-08-29,Santa Clara,085,1922200,18728,16898,38,16936,202
2020-08-29,Santa Cruz,087,273765,1903,1746,17,1763,7
2020-08-29,Shasta,089,179085,626,522,3,525,9
2020-08-29,Sierra,091,2930,6,6,0,6,0
2020-08-29,Siskiyou,093,43540,138,121,8,129,0
2020-08-29,Solano,095,438530,5562,5303,39,5342,34
2020-08-29,Sonoma,097,501317,6085,5537,20,5557,60
2020-08-29,Stanislaus,099,539301,15306,14479,347,14826,208
2020-08-29,Sutter,101,95872,1417,1333,1,1334,9
2020-08-29,Tehama,103,63373,436,417,2,419,1
2020-08-29,Trinity,105,12862,46,11,6,17,0
2020-08-29,Tulare,107,460477,14751,13890,59,13949,236
2020-08-29,Tuolumne,109,53932,207,178,3,181,1
2020-08-29,Ventura,111,848112,11440,10705,100,10805,108
2020-08-29,Yolo,113,214977,2523,2357,4,2361,51
2020-08-29,Yuba,115,75493,895,822,3,825,1
2020-08-28,Alameda,001,1643700,19019,17729,128,17857,237
2020-08-28,Alpine,003,1148,2,2,0,2,0
2020-08-28,Amador,005,37829,274,234,0,234,13
2020-08-28,Butte,007,227075,2289,1886,21,1907,25
2020-08-28,Calaveras,009,45235,256,207,0,207,1
2020-08-28,Colusa,011,21464,470,441,0,441,6
2020-08-28,Contra Costa,013,1133247,14605,13522,51,13573,158
2020-08-28,Del Norte,015,27424,115,107,0,107,1
2020-08-28,El Dorado,017,186661,1014,949,0,949,2
2020-08-28,Fresno,019,978130,27827,24612,309,24921,282
2020-08-28,Glenn,021,27897,459,429,0,429,3
2020-08-28,Humboldt,023,135768,407,362,1,363,4
2020-08-28,Imperial,025,180216,11267,9656,8,9664,241
2020-08-28,Inyo,027,18085,180,160,4,164,2
2020-08-28,Kern,029,883053,29907,28744,229,28973,306
2020-08-28,Kings,031,150075,6415,5829,35,5864,62
2020-08-28,Lake,033,64148,356,320,0,320,2
2020-08-28,Lassen,035,31185,722,704,2,706,0
2020-08-28,Los Angeles,037,10098052,243053,238544,1276,239820,5740
2020-08-28,Madera,039,155013,3936,3552,26,3578,33
2020-08-28,Marin,041,260295,6223,5991,15,6006,63
2020-08-28,Mariposa,043,17540,73,67,0,67,2
2020-08-28,Mendocino,045,87422,646,588,0,588,11
2020-08-28,Merced,047,269075,8090,7803,10,7813,77
2020-08-28,Modoc,049,8938,13,6,0,6,0
2020-08-28,Mono,051,14174,163,145,2,147,1
2020-08-28,Monterey,053,433212,8207,7591,23,7614,53
2020-08-28,Napa,055,140530,1486,1403,5,1408,10
2020-08-28,Nevada,057,99092,459,438,13,451,5
2020-08-28,Orange,059,3164182,50298,46696,1180,47876,942
2020-08-28,Placer,061,380077,3119,2891,12,2903,32
2020-08-28,Plumas,063,18699,41,39,0,39,0
2020-08-28,Riverside,065,2383286,53745,51510,60,51570,1008
2020-08-28,Sacramento,067,1510023,18595,17119,16,17135,283
2020-08-28,San Benito,069,59416,1131,1016,0,1016,3
2020-08-28,San Bernardino,071,2135413,49236,46553,310,46863,754
2020-08-28,San Diego,073,3302833,39748,37786,444,38230,676
2020-08-28,San Francisco,075,870044,9699,9135,11,9146,83
2020-08-28,San Joaquin,077,732212,18594,17114,35,17149,314
2020-08-28,San Luis Obispo,079,281455,3139,2849,17,2866,20
2020-08-28,San Mateo,081,765935,8638,7783,8,7791,121
2020-08-28,Santa Barbara,083,443738,8250,8001,69,8070,92
2020-08-28,Santa Clara,085,1922200,18597,16696,38,16734,201
2020-08-28,Santa Cruz,087,273765,1891,1747,17,1764,7
2020-08-28,Shasta,089,179085,622,516,3,519,9
2020-08-28,Sierra,091,2930,6,6,0,6,0
2020-08-28,Siskiyou,093,43540,136,119,8,127,0
2020-08-28,Solano,095,438530,5543,5219,39,5258,34
2020-08-28,Sonoma,097,501317,6050,5425,19,5444,58
2020-08-28,Stanislaus,099,539301,15264,14176,343,14519,190
2020-08-28,Sutter,101,95872,1407,1308,1,1309,9
2020-08-28,Tehama,103,63373,431,410,2,412,1
2020-08-28,Trinity,105,12862,46,11,6,17,0
2020-08-28,Tulare,107,460477,14705,13776,59,13835,236
2020-08-28,Tuolumne,109,53932,207,176,3,179,1
2020-08-28,Ventura,111,848112,11404,10606,98,10704,103
2020-08-28,Yolo,113,214977,2514,2323,4,2327,51
2020-08-28,Yuba,115,75493,886,810,3,813,1
2020-08-27,Alameda,001,1643700,18874,17584,125,17709,234
2020-08-27,Alpine,003,1148,2,2,0,2,0
2020-08-27,Amador,005,37829,273,233,0,233,13
2020-08-27,Butte,007,227075,2223,1803,20,1823,25
2020-08-27,Calaveras,009,45235,250,204,0,204,1
2020-08-27,Colusa,011,21464,468,438,0,438,6
2020-08-27,Contra Costa,013,1133247,14504,13379,50,13429,158
2020-08-27,Del Norte,015,27424,115,107,0,107,1
2020-08-27,El Dorado,017,186661,1010,942,0,942,2
2020-08-27,Fresno,019,978130,27644,24367,304,24671,272
2020-08-27,Glenn,021,27897,451,429,0,429,3
2020-08-27,Humboldt,023,135768,399,358,1,359,4
2020-08-27,Imperial,025,180216,11240,9608,8,9616,235
2020-08-27,Inyo,027,18085,180,157,3,160,2
2020-08-27,Kern,029,883053,29835,28635,220,28855,294
2020-08-27,Kings,031,150075,6393,5759,35,5794,62
2020-08-27,Lake,033,64148,354,314,0,314,2
2020-08-27,Lassen,035,31185,722,703,2,705,0
2020-08-27,Los Angeles,037,10098052,242051,237103,1260,238363,5704
2020-08-27,Madera,039,155013,3910,3465,26,3491,33
2020-08-27,Marin,041,260295,6199,5929,15,5944,62
2020-08-27,Mariposa,043,17540,73,67,0,67,2
2020-08-27,Mendocino,045,87422,637,581,0,581,10
2020-08-27,Merced,047,269075,8046,7765,10,7775,75
2020-08-27,Modoc,049,8938,11,5,0,5,0
2020-08-27,Mono,051,14174,163,145,2,147,1
2020-08-27,Monterey,053,433212,8113,7501,23,7524,52
2020-08-27,Napa,055,140530,1480,1397,5,1402,10
2020-08-27,Nevada,057,99092,456,435,13,448,5
2020-08-27,Orange,059,3164182,50141,46449,1169,47618,935
2020-08-27,Placer,061,380077,3088,2869,12,2881,32
2020-08-27,Plumas,063,18699,40,39,0,39,0
2020-08-27,Riverside,065,2383286,53536,51306,57,51363,999
2020-08-27,Sacramento,067,1510023,18397,16875,16,16891,281
2020-08-27,San Benito,069,59416,1115,987,0,987,3
2020-08-27,San Bernardino,071,2135413,49010,46345,304,46649,751
2020-08-27,San Diego,073,3302833,39477,37501,424,37925,673
2020-08-27,San Francisco,075,870044,9633,9014,11,9025,83
2020-08-27,San Joaquin,077,732212,18514,16989,35,17024,314
2020-08-27,San Luis Obispo,079,281455,3114,2808,17,2825,20
2020-08-27,San Mateo,081,765935,8529,7728,8,7736,121
2020-08-27,Santa Barbara,083,443738,8212,7934,69,8003,92
2020-08-27,Santa Clara,085,1922200,18414,16495,38,16533,199
2020-08-27,Santa Cruz,087,273765,1874,1734,17,1751,7
2020-08-27,Shasta,089,179085,616,512,3,515,9
2020-08-27,Sierra,091,2930,6,6,0,6,0
2020-08-27,Siskiyou,093,43540,136,118,8,126,0
2020-08-27,Solano,095,438530,5505,5167,39,5206,34
2020-08-27,Sonoma,097,501317,5938,5357,19,5376,58
2020-08-27,Stanislaus,099,539301,15183,14080,340,14420,186
2020-08-27,Sutter,101,95872,1387,1296,1,1297,9
2020-08-27,Tehama,103,63373,427,398,2,400,1
2020-08-27,Trinity,105,12862,46,11,6,17,0
2020-08-27,Tulare,107,460477,14613,13666,58,13724,231
2020-08-27,Tuolumne,109,53932,202,174,3,177,1
2020-08-27,Ventura,111,848112,11341,10483,94,10577,102
2020-08-27,Yolo,113,214977,2490,2293,4,2297,51
2020-08-27,Yuba,115,75493,875,807,3,810,1
2020-08-26,Alameda,001,1643700,18712,17373,125,17498,233
2020-08-26,Alpine,003,1148,2,2,0,2,0
2020-08-26,Amador,005,37829,273,229,0,229,13
2020-08-26,Butte,007,227075,2155,1765,18,1783,25
2020-08-26,Calaveras,009,45235,243,201,0,201,1
2020-08-26,Colusa,011,21464,462,433,0,433,5
2020-08-26,Contra Costa,013,1133247,14367,13248,50,13298,157
2020-08-26,Del Norte,015,27424,114,86,0,86,1
2020-08-26,El Dorado,017,186661,1008,938,0,938,2
2020-08-26,Fresno,019,978130,27496,24071,302,24373,255
2020-08-26,Glenn,021,27897,449,429,0,429,3
2020-08-26,Humboldt,023,135768,387,357,1,358,4
2020-08-26,Imperial,025,180216,11218,9453,8,9461,227
2020-08-26,Inyo,027,18085,177,157,3,160,2
2020-08-26,Kern,029,883053,29696,28507,217,28724,286
2020-08-26,Kings,031,150075,6372,5720,35,5755,62
2020-08-26,Lake,033,64148,349,308,0,308,2
2020-08-26,Lassen,035,31185,722,702,2,704,0
2020-08-26,Los Angeles,037,10098052,241038,235499,1229,236728,5665
2020-08-26,Madera,039,155013,3881,3458,26,3484,32
2020-08-26,Marin,041,260295,6182,5887,15,5902,56
2020-08-26,Mariposa,043,17540,73,68,0,68,2
2020-08-26,Mendocino,045,87422,626,581,0,581,10
2020-08-26,Merced,047,269075,8013,7720,10,7730,74
2020-08-26,Modoc,049,8938,8,5,0,5,0
2020-08-26,Mono,051,14174,163,141,2,143,1
2020-08-26,Monterey,053,433212,8020,7439,23,7462,51
2020-08-26,Napa,055,140530,1467,1382,5,1387,10
2020-08-26,Nevada,057,99092,453,432,13,445,2
2020-08-26,Orange,059,3164182,49957,46157,1154,47311,905
2020-08-26,Placer,061,380077,3066,2846,10,2856,32
2020-08-26,Plumas,063,18699,39,39,0,39,0
2020-08-26,Riverside,065,2383286,53294,51138,57,51195,987
2020-08-26,Sacramento,067,1510023,18234,16708,16,16724,271
2020-08-26,San Benito,069,59416,1100,978,0,978,3
2020-08-26,San Bernardino,071,2135413,48802,45840,300,46140,743
2020-08-26,San Diego,073,3302833,39139,37224,397,37621,668
2020-08-26,San Francisco,075,870044,9558,8938,11,8949,81
2020-08-26,San Joaquin,077,732212,18425,16845,34,16879,309
2020-08-26,San Luis Obispo,079,281455,3086,2761,17,2778,20
2020-08-26,San Mateo,081,765935,8462,7655,8,7663,121
2020-08-26,Santa Barbara,083,443738,8178,7904,69,7973,90
2020-08-26,Santa Clara,085,1922200,18238,16283,38,16321,198
2020-08-26,Santa Cruz,087,273765,1863,1726,17,1743,7
2020-08-26,Shasta,089,179085,611,511,3,514,9
2020-08-26,Sierra,091,2930,6,6,0,6,0
2020-08-26,Siskiyou,093,43540,133,109,8,117,0
2020-08-26,Solano,095,438530,5481,5131,38,5169,34
2020-08-26,Sonoma,097,501317,5865,5283,19,5302,58
2020-08-26,Stanislaus,099,539301,15106,13964,334,14298,186
2020-08-26,Sutter,101,95872,1369,1275,1,1276,9
2020-08-26,Tehama,103,63373,424,396,2,398,1
2020-08-26,Trinity,105,12862,45,10,6,16,0
2020-08-26,Tulare,107,460477,14546,13568,58,13626,232
2020-08-26,Tuolumne,109,53932,201,172,3,175,1
2020-08-26,Ventura,111,848112,11269,10412,87,10499,100
2020-08-26,Yolo,113,214977,2468,2279,4,2283,49
2020-08-26,Yuba,115,75493,860,779,3,782,1
2020-08-25,Alameda,001,1643700,18555,17278,125,17403,232
2020-08-25,Alpine,003,1148,2,2,0,2,0
2020-08-25,Amador,005,37829,273,227,0,227,13
2020-08-25,Butte,007,227075,2088,1718,18,1736,24
2020-08-25,Calaveras,009,45235,241,196,0,196,1
2020-08-25,Colusa,011,21464,455,430,0,430,5
2020-08-25,Contra Costa,013,1133247,14229,13181,49,13230,156
2020-08-25,Del Norte,015,27424,113,83,0,83,1
2020-08-25,El Dorado,017,186661,1005,928,0,928,2
2020-08-25,Fresno,019,978130,27308,23932,301,24233,250
2020-08-25,Glenn,021,27897,446,429,0,429,3
2020-08-25,Humboldt,023,135768,382,342,1,343,4
2020-08-25,Imperial,025,180216,11190,9381,8,9389,217
2020-08-25,Inyo,027,18085,175,144,3,147,1
2020-08-25,Kern,029,883053,29559,28416,217,28633,285
2020-08-25,Kings,031,150075,6215,5702,35,5737,59
2020-08-25,Lake,033,64148,344,304,0,304,2
2020-08-25,Lassen,035,31185,721,692,2,694,0
2020-08-25,Los Angeles,037,10098052,239743,233961,1179,235140,5612
2020-08-25,Madera,039,155013,3866,3446,25,3471,32
2020-08-25,Marin,041,260295,6144,5860,15,5875,56
2020-08-25,Mariposa,043,17540,73,67,0,67,2
2020-08-25,Mendocino,045,87422,618,571,0,571,10
2020-08-25,Merced,047,269075,7947,7693,9,7702,69
2020-08-25,Modoc,049,8938,8,5,0,5,0
2020-08-25,Mono,051,14174,163,129,2,131,1
2020-08-25,Monterey,053,433212,7940,7333,23,7356,51
2020-08-25,Napa,055,140530,1460,1374,5,1379,10
2020-08-25,Nevada,057,99092,449,430,13,443,2
2020-08-25,Orange,059,3164182,49763,45737,1138,46875,902
2020-08-25,Placer,061,380077,3047,2829,7,2836,31
2020-08-25,Plumas,063,18699,39,39,0,39,0
2020-08-25,Riverside,065,2383286,53062,50889,57,50946,981
2020-08-25,Sacramento,067,1510023,18081,16601,16,16617,265
2020-08-25,San Benito,069,59416,1084,973,0,973,3
2020-08-25,San Bernardino,071,2135413,48568,45544,297,45841,727
2020-08-25,San Diego,073,3302833,38860,36996,375,37371,665
2020-08-25,San Francisco,075,870044,9480,8848,11,8859,81
2020-08-25,San Joaquin,077,732212,18298,16795,34,16829,306
2020-08-25,San Luis Obispo,079,281455,3027,2731,16,2747,20
2020-08-25,San Mateo,081,765935,8402,7636,8,7644,120
2020-08-25,Santa Barbara,083,443738,8126,7854,69,7923,90
2020-08-25,Santa Clara,085,1922200,18066,16199,38,16237,194
2020-08-25,Santa Cruz,087,273765,1844,1708,17,1725,7
2020-08-25,Shasta,089,179085,607,511,3,514,9
2020-08-25,Sierra,091,2930,6,6,0,6,0
2020-08-25,Siskiyou,093,43540,132,109,8,117,0
2020-08-25,Solano,095,438530,5420,5114,38,5152,34
2020-08-25,Sonoma,097,501317,5779,5148,19,5167,56
2020-08-25,Stanislaus,099,539301,14998,13886,323,14209,182
2020-08-25,Sutter,101,95872,1352,1259,1,1260,9
2020-08-25,Tehama,103,63373,421,394,2,396,1
2020-08-25,Trinity,105,12862,44,10,6,16,0
2020-08-25,Tulare,107,460477,14443,13514,57,13571,224
2020-08-25,Tuolumne,109,53932,199,172,3,175,1
2020-08-25,Ventura,111,848112,11184,10313,82,10395,99
2020-08-25,Yolo,113,214977,2455,2254,4,2258,50
2020-08-25,Yuba,115,75493,850,775,3,778,1
2020-08-24,Alameda,001,1643700,18360,16913,124,17037,231
2020-08-24,Alpine,003,1148,2,2,0,2,0
2020-08-24,Amador,005,37829,271,227,0,227,13
2020-08-24,Butte,007,227075,2004,1649,18,1667,23
2020-08-24,Calaveras,009,45235,231,187,0,187,1
2020-08-24,Colusa,011,21464,451,425,0,425,5
2020-08-24,Contra Costa,013,1133247,14114,12906,47,12953,153
2020-08-24,Del Norte,015,27424,113,80,0,80,1
2020-08-24,El Dorado,017,186661,997,908,0,908,2
2020-08-24,Fresno,019,978130,27120,23618,294,23912,235
2020-08-24,Glenn,021,27897,444,421,0,421,2
2020-08-24,Humboldt,023,135768,378,340,1,341,4
2020-08-24,Imperial,025,180216,11157,9323,8,9331,210
2020-08-24,Inyo,027,18085,171,144,3,147,2
2020-08-24,Kern,029,883053,29461,28157,211,28368,277
2020-08-24,Kings,031,150075,6127,5652,35,5687,60
2020-08-24,Lake,033,64148,329,302,0,302,2
2020-08-24,Lassen,035,31185,721,693,2,695,0
2020-08-24,Los Angeles,037,10098052,238380,233036,1160,234196,5562
2020-08-24,Madera,039,155013,3839,3418,25,3443,32
2020-08-24,Marin,041,260295,6081,5834,15,5849,56
2020-08-24,Mariposa,043,17540,71,66,0,66,2
2020-08-24,Mendocino,045,87422,603,550,0,550,10
2020-08-24,Merced,047,269075,7869,7605,9,7614,69
2020-08-24,Modoc,049,8938,8,5,0,5,0
2020-08-24,Mono,051,14174,163,129,2,131,1
2020-08-24,Monterey,053,433212,7831,7212,22,7234,50
2020-08-24,Napa,055,140530,1447,1358,5,1363,10
2020-08-24,Nevada,057,99092,444,423,13,436,2
2020-08-24,Orange,059,3164182,49570,45536,1128,46664,887
2020-08-24,Placer,061,380077,3001,2793,7,2800,31
2020-08-24,Plumas,063,18699,39,37,0,37,0
2020-08-24,Riverside,065,2383286,52784,50496,57,50553,975
2020-08-24,Sacramento,067,1510023,17884,16318,16,16334,249
2020-08-24,San Benito,069,59416,1063,961,0,961,3
2020-08-24,San Bernardino,071,2135413,48305,45199,295,45494,720
2020-08-24,San Diego,073,3302833,38572,36729,347,37076,660
2020-08-24,San Francisco,075,870044,9397,8621,10,8631,81
2020-08-24,San Joaquin,077,732212,18157,16565,33,16598,305
2020-08-24,San Luis Obispo,079,281455,2999,2705,16,2721,20
2020-08-24,San Mateo,081,765935,8335,7502,8,7510,120
2020-08-24,Santa Barbara,083,443738,8085,7784,69,7853,90
2020-08-24,Santa Clara,085,1922200,17861,16049,38,16087,192
2020-08-24,Santa Cruz,087,273765,1824,1627,16,1643,6
2020-08-24,Shasta,089,179085,605,505,3,508,9
2020-08-24,Sierra,091,2930,6,6,0,6,0
2020-08-24,Siskiyou,093,43540,128,107,8,115,0
2020-08-24,Solano,095,438530,5371,4979,36,5015,32
2020-08-24,Sonoma,097,501317,5677,5071,19,5090,56
2020-08-24,Stanislaus,099,539301,14900,13521,309,13830,171
2020-08-24,Sutter,101,95872,1333,1219,1,1220,9
2020-08-24,Tehama,103,63373,416,388,2,390,1
2020-08-24,Trinity,105,12862,44,10,6,16,0
2020-08-24,Tulare,107,460477,14336,13360,56,13416,223
2020-08-24,Tuolumne,109,53932,198,170,3,173,1
2020-08-24,Ventura,111,848112,11104,10261,78,10339,99
2020-08-24,Yolo,113,214977,2421,2239,4,2243,47
2020-08-24,Yuba,115,75493,833,750,3,753,1
2020-08-23,Alameda,001,1643700,18137,16786,123,16909,231
2020-08-23,Alpine,003,1148,2,2,0,2,0
2020-08-23,Amador,005,37829,268,227,0,227,13
2020-08-23,Butte,007,227075,1890,1637,18,1655,23
2020-08-23,Calaveras,009,45235,221,187,0,187,1
2020-08-23,Colusa,011,21464,444,424,0,424,5
2020-08-23,Contra Costa,013,1133247,13954,12642,47,12689,153
2020-08-23,Del Norte,015,27424,113,80,0,80,1
2020-08-23,El Dorado,017,186661,984,901,0,901,2
2020-08-23,Fresno,019,978130,26915,23414,290,23704,235
2020-08-23,Glenn,021,27897,437,421,0,421,2
2020-08-23,Humboldt,023,135768,376,341,1,342,4
2020-08-23,Imperial,025,180216,11128,9243,8,9251,210
2020-08-23,Inyo,027,18085,168,144,3,147,2
2020-08-23,Kern,029,883053,29312,28028,206,28234,277
2020-08-23,Kings,031,150075,6084,5628,35,5663,60
2020-08-23,Lake,033,64148,325,299,0,299,2
2020-08-23,Lassen,035,31185,720,693,2,695,0
2020-08-23,Los Angeles,037,10098052,236785,231833,1090,232923,5549
2020-08-23,Madera,039,155013,3807,3401,24,3425,32
2020-08-23,Marin,041,260295,6042,5807,14,5821,50
2020-08-23,Mariposa,043,17540,71,66,0,66,2
2020-08-23,Mendocino,045,87422,599,550,0,550,10
2020-08-23,Merced,047,269075,7800,7574,8,7582,69
2020-08-23,Modoc,049,8938,7,5,0,5,0
2020-08-23,Mono,051,14174,163,129,2,131,1
2020-08-23,Monterey,053,433212,7741,7173,22,7195,50
2020-08-23,Napa,055,140530,1435,1348,5,1353,10
2020-08-23,Nevada,057,99092,439,421,13,434,2
2020-08-23,Orange,059,3164182,49332,45267,1117,46384,887
2020-08-23,Placer,061,380077,2962,2772,7,2779,31
2020-08-23,Plumas,063,18699,39,37,0,37,0
2020-08-23,Riverside,065,2383286,52514,50293,55,50348,955
2020-08-23,Sacramento,067,1510023,17660,16084,15,16099,243
2020-08-23,San Benito,069,59416,1050,938,0,938,3
2020-08-23,San Bernardino,071,2135413,48036,45010,285,45295,719
2020-08-23,San Diego,073,3302833,38251,36542,320,36862,660
2020-08-23,San Francisco,075,870044,9302,8564,9,8573,80
2020-08-23,San Joaquin,077,732212,18024,16069,32,16101,305
2020-08-23,San Luis Obispo,079,281455,2957,2679,16,2695,20
2020-08-23,San Mateo,081,765935,8240,7450,8,7458,120
2020-08-23,Santa Barbara,083,443738,8017,7725,69,7794,90
2020-08-23,Santa Clara,085,1922200,17666,15912,36,15948,191
2020-08-23,Santa Cruz,087,273765,1798,1627,16,1643,6
2020-08-23,Shasta,089,179085,600,501,3,504,9
2020-08-23,Sierra,091,2930,6,6,0,6,0
2020-08-23,Siskiyou,093,43540,123,107,8,115,0
2020-08-23,Solano,095,438530,5313,4977,34,5011,32
2020-08-23,Sonoma,097,501317,5589,5018,19,5037,56
2020-08-23,Stanislaus,099,539301,14765,13483,286,13769,171
2020-08-23,Sutter,101,95872,1311,1203,1,1204,9
2020-08-23,Tehama,103,63373,406,381,2,383,1
2020-08-23,Trinity,105,12862,44,10,6,16,0
2020-08-23,Tulare,107,460477,14204,13303,53,13356,223
2020-08-23,Tuolumne,109,53932,195,164,3,167,1
2020-08-23,Ventura,111,848112,11003,10126,74,10200,99
2020-08-23,Yolo,113,214977,2393,2210,4,2214,47
2020-08-23,Yuba,115,75493,812,750,3,753,1
2020-08-22,Alameda,001,1643700,18043,16648,122,16770,231
2020-08-22,Alpine,003,1148,2,2,0,2,0
2020-08-22,Amador,005,37829,267,224,0,224,13
2020-08-22,Butte,007,227075,1839,1618,18,1636,22
2020-08-22,Calaveras,009,45235,218,187,0,187,1
2020-08-22,Colusa,011,21464,440,419,0,419,5
2020-08-22,Contra Costa,013,1133247,13867,12522,47,12569,153
2020-08-22,Del Norte,015,27424,112,80,0,80,1
2020-08-22,El Dorado,017,186661,982,900,0,900,2
2020-08-22,Fresno,019,978130,26818,23197,289,23486,235
2020-08-22,Glenn,021,27897,436,421,0,421,2
2020-08-22,Humboldt,023,135768,366,334,1,335,4
2020-08-22,Imperial,025,180216,11120,9244,8,9252,210
2020-08-22,Inyo,027,18085,168,144,3,147,1
2020-08-22,Kern,029,883053,29258,27807,206,28013,277
2020-08-22,Kings,031,150075,6075,5447,35,5482,60
2020-08-22,Lake,033,64148,323,291,0,291,2
2020-08-22,Lassen,035,31185,720,693,2,695,0
2020-08-22,Los Angeles,037,10098052,236126,230858,1072,231930,5540
2020-08-22,Madera,039,155013,3788,3330,24,3354,32
2020-08-22,Marin,041,260295,6030,5789,14,5803,49
2020-08-22,Mariposa,043,17540,71,66,0,66,2
2020-08-22,Mendocino,045,87422,596,529,0,529,10
2020-08-22,Merced,047,269075,7772,7493,8,7501,69
2020-08-22,Modoc,049,8938,7,5,0,5,0
2020-08-22,Mono,051,14174,163,129,2,131,1
2020-08-22,Monterey,053,433212,7693,7081,22,7103,50
2020-08-22,Napa,055,140530,1430,1328,5,1333,11
2020-08-22,Nevada,057,99092,439,411,13,424,2
2020-08-22,Orange,059,3164182,49191,45131,1111,46242,885
2020-08-22,Placer,061,380077,2948,2734,7,2741,30
2020-08-22,Plumas,063,18699,39,37,0,37,0
2020-08-22,Riverside,065,2383286,52366,49944,54,49998,953
2020-08-22,Sacramento,067,1510023,17548,15516,15,15531,239
2020-08-22,San Benito,069,59416,1034,912,0,912,3
2020-08-22,San Bernardino,071,2135413,47907,44803,281,45084,719
2020-08-22,San Diego,073,3302833,38069,36205,309,36514,673
2020-08-22,San Francisco,075,870044,9242,8568,9,8577,80
2020-08-22,San Joaquin,077,732212,17968,16068,32,16100,305
2020-08-22,San Luis Obispo,079,281455,2931,2660,16,2676,20
2020-08-22,San Mateo,081,765935,8193,7361,8,7369,120
2020-08-22,Santa Barbara,083,443738,7991,7685,69,7754,90
2020-08-22,Santa Clara,085,1922200,17558,15590,36,15626,190
2020-08-22,Santa Cruz,087,273765,1782,1628,15,1643,6
2020-08-22,Shasta,089,179085,598,493,3,496,9
2020-08-22,Sierra,091,2930,6,6,0,6,0
2020-08-22,Siskiyou,093,43540,123,106,8,114,0
2020-08-22,Solano,095,438530,5283,4944,33,4977,32
2020-08-22,Sonoma,097,501317,5543,4891,19,4910,57
2020-08-22,Stanislaus,099,539301,14715,13380,269,13649,170
2020-08-22,Sutter,101,95872,1304,1189,1,1190,8
2020-08-22,Tehama,103,63373,405,368,2,370,1
2020-08-22,Trinity,105,12862,44,8,6,14,0
2020-08-22,Tulare,107,460477,14137,13196,53,13249,222
2020-08-22,Tuolumne,109,53932,193,162,3,165,1
2020-08-22,Ventura,111,848112,10948,9959,72,10031,99
2020-08-22,Yolo,113,214977,2377,2188,4,2192,47
2020-08-22,Yuba,115,75493,800,738,3,741,1
2020-08-21,Alameda,001,1643700,17951,16413,122,16535,232
2020-08-21,Alpine,003,1148,2,2,0,2,0
2020-08-21,Amador,005,37829,266,223,0,223,11
2020-08-21,Butte,007,227075,1800,1582,18,1600,19
2020-08-21,Calaveras,009,45235,218,182,0,182,1
2020-08-21,Colusa,011,21464,438,418,0,418,5
2020-08-21,Contra Costa,013,1133247,13778,12333,46,12379,149
2020-08-21,Del Norte,015,27424,112,78,0,78,1
2020-08-21,El Dorado,017,186661,978,885,0,885,2
2020-08-21,Fresno,019,978130,26648,22840,288,23128,232
2020-08-21,Glenn,021,27897,432,418,0,418,2
2020-08-21,Humboldt,023,135768,363,331,1,332,4
2020-08-21,Imperial,025,180216,11104,9166,8,9174,204
2020-08-21,Inyo,027,18085,168,144,3,147,1
2020-08-21,Kern,029,883053,29199,27567,204,27771,269
2020-08-21,Kings,031,150075,6053,5391,35,5426,60
2020-08-21,Lake,033,64148,321,281,0,281,2
2020-08-21,Lassen,035,31185,720,693,2,695,0
2020-08-21,Los Angeles,037,10098052,235252,229235,1052,230287,5494
2020-08-21,Madera,039,155013,3758,3271,24,3295,31
2020-08-21,Marin,041,260295,6010,5762,14,5776,49
2020-08-21,Mariposa,043,17540,71,66,0,66,2
2020-08-21,Mendocino,045,87422,586,505,0,505,10
2020-08-21,Merced,047,269075,7743,7357,8,7365,69
2020-08-21,Modoc,049,8938,7,5,0,5,0
2020-08-21,Mono,051,14174,163,128,2,130,1
2020-08-21,Monterey,053,433212,7621,6974,22,6996,49
2020-08-21,Napa,055,140530,1421,1317,5,1322,10
2020-08-21,Nevada,057,99092,438,406,13,419,2
2020-08-21,Orange,059,3164182,49050,44625,1102,45727,875
2020-08-21,Placer,061,380077,2932,2698,6,2704,30
2020-08-21,Plumas,063,18699,39,36,0,36,0
2020-08-21,Riverside,065,2383286,52171,49409,54,49463,932
2020-08-21,Sacramento,067,1510023,17425,15247,15,15262,237
2020-08-21,San Benito,069,59416,1024,891,0,891,3
2020-08-21,San Bernardino,071,2135413,47787,44249,277,44526,668
2020-08-21,San Diego,073,3302833,37865,35914,292,36206,652
2020-08-21,San Francisco,075,870044,9192,8375,9,8384,80
2020-08-21,San Joaquin,077,732212,17885,15888,30,15918,301
2020-08-21,San Luis Obispo,079,281455,2908,2640,16,2656,19
2020-08-21,San Mateo,081,765935,8135,7253,8,7261,120
2020-08-21,Santa Barbara,083,443738,7950,7645,69,7714,86
2020-08-21,Santa Clara,085,1922200,17406,15399,36,15435,190
2020-08-21,Santa Cruz,087,273765,1770,1617,15,1632,6
2020-08-21,Shasta,089,179085,598,486,3,489,9
2020-08-21,Sierra,091,2930,6,6,0,6,0
2020-08-21,Siskiyou,093,43540,123,103,6,109,0
2020-08-21,Solano,095,438530,5260,4891,32,4923,32
2020-08-21,Sonoma,097,501317,5473,4816,19,4835,57
2020-08-21,Stanislaus,099,539301,14646,13282,254,13536,161
2020-08-21,Sutter,101,95872,1291,1173,1,1174,8
2020-08-21,Tehama,103,63373,403,357,2,359,1
2020-08-21,Trinity,105,12862,44,8,6,14,0
2020-08-21,Tulare,107,460477,14065,13002,52,13054,217
2020-08-21,Tuolumne,109,53932,185,161,3,164,1
2020-08-21,Ventura,111,848112,10883,9865,70,9935,98
2020-08-21,Yolo,113,214977,2361,2164,4,2168,46
2020-08-21,Yuba,115,75493,796,717,3,720,1
2020-08-20,Alameda,001,1643700,17792,16174,122,16296,229
2020-08-20,Alpine,003,1148,2,2,0,2,0
2020-08-20,Amador,005,37829,264,222,0,222,11
2020-08-20,Butte,007,227075,1749,1549,18,1567,18
2020-08-20,Calaveras,009,45235,215,179,0,179,1
2020-08-20,Colusa,011,21464,436,415,0,415,5
2020-08-20,Contra Costa,013,1133247,13650,12108,45,12153,144
2020-08-20,Del Norte,015,27424,112,78,0,78,1
2020-08-20,El Dorado,017,186661,974,881,0,881,2
2020-08-20,Fresno,019,978130,26466,22535,283,22818,228
2020-08-20,Glenn,021,27897,427,414,0,414,2
2020-08-20,Humboldt,023,135768,358,318,1,319,4
2020-08-20,Imperial,025,180216,11085,9086,8,9094,196
2020-08-20,Inyo,027,18085,167,144,3,147,1
2020-08-20,Kern,029,883053,29031,27337,193,27530,267
2020-08-20,Kings,031,150075,6013,5347,34,5381,59
2020-08-20,Lake,033,64148,316,280,0,280,2
2020-08-20,Lassen,035,31185,719,693,2,695,0
2020-08-20,Los Angeles,037,10098052,234028,227492,1033,228525,5445
2020-08-20,Madera,039,155013,3732,3197,24,3221,31
2020-08-20,Marin,041,260295,5992,5745,14,5759,47
2020-08-20,Mariposa,043,17540,71,67,0,67,2
2020-08-20,Mendocino,045,87422,575,497,0,497,10
2020-08-20,Merced,047,269075,7668,7173,8,7181,68
2020-08-20,Modoc,049,8938,7,5,0,5,0
2020-08-20,Mono,051,14174,163,128,2,130,1
2020-08-20,Monterey,053,433212,7550,6892,22,6914,47
2020-08-20,Napa,055,140530,1413,1306,5,1311,10
2020-08-20,Nevada,057,99092,437,401,13,414,2
2020-08-20,Orange,059,3164182,48823,44299,1091,45390,849
2020-08-20,Placer,061,380077,2916,2681,6,2687,30
2020-08-20,Plumas,063,18699,39,36,0,36,0
2020-08-20,Riverside,065,2383286,51952,48953,53,49006,927
2020-08-20,Sacramento,067,1510023,17183,14992,15,15007,231
2020-08-20,San Benito,069,59416,1011,866,0,866,3
2020-08-20,San Bernardino,071,2135413,47531,43627,273,43900,665
2020-08-20,San Diego,073,3302833,37645,35610,274,35884,644
2020-08-20,San Francisco,075,870044,9106,8262,9,8271,72
2020-08-20,San Joaquin,077,732212,17792,15778,30,15808,297
2020-08-20,San Luis Obispo,079,281455,2888,2590,16,2606,19
2020-08-20,San Mateo,081,765935,8070,7188,8,7196,120
2020-08-20,Santa Barbara,083,443738,7912,7571,69,7640,81
2020-08-20,Santa Clara,085,1922200,17233,15162,36,15198,190
2020-08-20,Santa Cruz,087,273765,1757,1581,15,1596,6
2020-08-20,Shasta,089,179085,597,478,3,481,9
2020-08-20,Sierra,091,2930,6,6,0,6,0
2020-08-20,Siskiyou,093,43540,122,102,1,103,0
2020-08-20,Solano,095,438530,5216,4843,32,4875,31
2020-08-20,Sonoma,097,501317,5401,4737,19,4756,54
2020-08-20,Stanislaus,099,539301,14550,13120,245,13365,161
2020-08-20,Sutter,101,95872,1267,1158,1,1159,8
2020-08-20,Tehama,103,63373,397,350,2,352,1
2020-08-20,Trinity,105,12862,44,8,6,14,0
2020-08-20,Tulare,107,460477,13957,12907,51,12958,217
2020-08-20,Tuolumne,109,53932,181,159,3,162,1
2020-08-20,Ventura,111,848112,10770,9744,69,9813,93
2020-08-20,Yolo,113,214977,2339,2150,4,2154,47
2020-08-20,Yuba,115,75493,779,709,3,712,1
2020-08-19,Alameda,001,1643700,17633,15874,121,15995,226
2020-08-19,Alpine,003,1148,2,2,0,2,0
2020-08-19,Amador,005,37829,263,219,0,219,9
2020-08-19,Butte,007,227075,1706,1517,18,1535,16
2020-08-19,Calaveras,009,45235,212,177,0,177,1
2020-08-19,Colusa,011,21464,435,415,0,415,5
2020-08-19,Contra Costa,013,1133247,13538,11895,43,11938,142
2020-08-19,Del Norte,015,27424,112,78,0,78,1
2020-08-19,El Dorado,017,186661,968,870,0,870,2
2020-08-19,Fresno,019,978130,26277,22167,274,22441,221
2020-08-19,Glenn,021,27897,425,414,0,414,2
2020-08-19,Humboldt,023,135768,355,316,1,317,4
2020-08-19,Imperial,025,180216,11057,9041,8,9049,192
2020-08-19,Inyo,027,18085,165,140,3,143,1
2020-08-19,Kern,029,883053,28914,27142,189,27331,263
2020-08-19,Kings,031,150075,5840,5301,32,5333,59
2020-08-19,Lake,033,64148,313,277,0,277,2
2020-08-19,Lassen,035,31185,711,693,2,695,0
2020-08-19,Los Angeles,037,10098052,232754,226006,993,226999,5399
2020-08-19,Madera,039,155013,3698,3158,22,3180,30
2020-08-19,Marin,041,260295,5968,5723,13,5736,46
2020-08-19,Mariposa,043,17540,71,64,0,64,2
2020-08-19,Mendocino,045,87422,559,495,0,495,8
2020-08-19,Merced,047,269075,7541,7082,5,7087,66
2020-08-19,Modoc,049,8938,7,5,0,5,0
2020-08-19,Mono,051,14174,163,128,2,130,1
2020-08-19,Monterey,053,433212,7450,6693,22,6715,45
2020-08-19,Napa,055,140530,1408,1293,5,1298,10
2020-08-19,Nevada,057,99092,430,398,13,411,2
2020-08-19,Orange,059,3164182,48618,43938,1088,45026,829
2020-08-19,Placer,061,380077,2894,2659,6,2665,28
2020-08-19,Plumas,063,18699,39,36,0,36,0
2020-08-19,Riverside,065,2383286,51703,48741,53,48794,922
2020-08-19,Sacramento,067,1510023,17002,14764,15,14779,229
2020-08-19,San Benito,069,59416,994,853,0,853,3
2020-08-19,San Bernardino,071,2135413,47233,43224,267,43491,661
2020-08-19,San Diego,073,3302833,37396,35378,259,35637,638
2020-08-19,San Francisco,075,870044,9041,8236,9,8245,72
2020-08-19,San Joaquin,077,732212,17666,15677,29,15706,296
2020-08-19,San Luis Obispo,079,281455,2848,2553,16,2569,19
2020-08-19,San Mateo,081,765935,8001,7146,8,7154,119
2020-08-19,Santa Barbara,083,443738,7863,7499,69,7568,80
2020-08-19,Santa Clara,085,1922200,17087,14994,36,15030,189
2020-08-19,Santa Cruz,087,273765,1731,1554,15,1569,6
2020-08-19,Shasta,089,179085,593,475,3,478,9
2020-08-19,Sierra,091,2930,6,6,0,6,0
2020-08-19,Siskiyou,093,43540,121,103,1,104,0
2020-08-19,Solano,095,438530,5175,4807,32,4839,31
2020-08-19,Sonoma,097,501317,5322,4614,19,4633,54
2020-08-19,Stanislaus,099,539301,14447,13084,223,13307,160
2020-08-19,Sutter,101,95872,1233,1146,1,1147,8
2020-08-19,Tehama,103,63373,391,342,2,344,1
2020-08-19,Trinity,105,12862,43,8,6,14,0
2020-08-19,Tulare,107,460477,13859,12756,51,12807,217
2020-08-19,Tuolumne,109,53932,178,159,3,162,1
2020-08-19,Ventura,111,848112,10678,9587,67,9654,91
2020-08-19,Yolo,113,214977,2317,2126,4,2130,47
2020-08-19,Yuba,115,75493,767,701,3,704,1
2020-08-18,Alameda,001,1643700,17456,15627,119,15746,223
2020-08-18,Alpine,003,1148,2,2,0,2,0
2020-08-18,Amador,005,37829,262,215,0,215,9
2020-08-18,Butte,007,227075,1673,1491,18,1509,16
2020-08-18,Calaveras,009,45235,208,174,0,174,1
2020-08-18,Colusa,011,21464,434,415,0,415,5
2020-08-18,Contra Costa,013,1133247,13418,11689,41,11730,141
2020-08-18,Del Norte,015,27424,111,78,0,78,0
2020-08-18,El Dorado,017,186661,963,866,0,866,2
2020-08-18,Fresno,019,978130,26056,21798,268,22066,212
2020-08-18,Glenn,021,27897,425,407,0,407,2
2020-08-18,Humboldt,023,135768,353,315,1,316,4
2020-08-18,Imperial,025,180216,11023,8968,8,8976,189
2020-08-18,Inyo,027,18085,164,140,3,143,1
2020-08-18,Kern,029,883053,28761,26978,185,27163,263
2020-08-18,Kings,031,150075,5805,5269,31,5300,58
2020-08-18,Lake,033,64148,310,274,0,274,2
2020-08-18,Lassen,035,31185,711,693,2,695,0
2020-08-18,Los Angeles,037,10098052,231495,224218,956,225174,5339
2020-08-18,Madera,039,155013,3670,3125,22,3147,28
2020-08-18,Marin,041,260295,5938,5708,13,5721,47
2020-08-18,Mariposa,043,17540,71,61,0,61,2
2020-08-18,Mendocino,045,87422,550,468,0,468,8
2020-08-18,Merced,047,269075,7493,6940,5,6945,66
2020-08-18,Modoc,049,8938,7,5,0,5,0
2020-08-18,Mono,051,14174,162,129,2,131,1
2020-08-18,Monterey,053,433212,7358,6691,21,6712,44
2020-08-18,Napa,055,140530,1405,1274,5,1279,10
2020-08-18,Nevada,057,99092,423,389,13,402,2
2020-08-18,Orange,059,3164182,48393,43659,1073,44732,809
2020-08-18,Placer,061,380077,2868,2644,5,2649,28
2020-08-18,Plumas,063,18699,39,34,0,34,0
2020-08-18,Riverside,065,2383286,51372,48447,53,48500,917
2020-08-18,Sacramento,067,1510023,16772,14610,14,14624,222
2020-08-18,San Benito,069,59416,974,836,0,836,3
2020-08-18,San Bernardino,071,2135413,46951,42827,261,43088,648
2020-08-18,San Diego,073,3302833,37103,35164,227,35391,633
2020-08-18,San Francisco,075,870044,8955,8016,9,8025,72
2020-08-18,San Joaquin,077,732212,17550,15509,28,15537,290
2020-08-18,San Luis Obispo,079,281455,2823,2535,15,2550,18
2020-08-18,San Mateo,081,765935,7939,7074,8,7082,119
2020-08-18,Santa Barbara,083,443738,7821,7472,69,7541,81
2020-08-18,Santa Clara,085,1922200,16914,14786,35,14821,184
2020-08-18,Santa Cruz,087,273765,1718,1509,15,1524,6
2020-08-18,Shasta,089,179085,589,468,3,471,9
2020-08-18,Sierra,091,2930,6,6,0,6,0
2020-08-18,Siskiyou,093,43540,120,103,1,104,0
2020-08-18,Solano,095,438530,5148,4700,32,4732,31
2020-08-18,Sonoma,097,501317,5253,4506,19,4525,48
2020-08-18,Stanislaus,099,539301,14349,12935,207,13142,149
2020-08-18,Sutter,101,95872,1214,1126,1,1127,8
2020-08-18,Tehama,103,63373,381,333,2,335,1
2020-08-18,Trinity,105,12862,41,8,6,14,0
2020-08-18,Tulare,107,460477,13728,12637,48,12685,212
2020-08-18,Tuolumne,109,53932,175,159,3,162,1
2020-08-18,Ventura,111,848112,10588,9536,62,9598,89
2020-08-18,Yolo,113,214977,2295,2102,4,2106,47
2020-08-18,Yuba,115,75493,759,679,3,682,1
2020-08-17,Alameda,001,1643700,17262,15454,118,15572,221
2020-08-17,Alpine,003,1148,2,2,0,2,0
2020-08-17,Amador,005,37829,262,215,0,215,9
2020-08-17,Butte,007,227075,1628,1463,18,1481,15
2020-08-17,Calaveras,009,45235,204,167,0,167,1
2020-08-17,Colusa,011,21464,431,408,0,408,5
2020-08-17,Contra Costa,013,1133247,13281,11442,41,11483,141
2020-08-17,Del Norte,015,27424,107,77,0,77,0
2020-08-17,El Dorado,017,186661,960,846,0,846,2
2020-08-17,Fresno,019,978130,25848,21316,261,21577,211
2020-08-17,Glenn,021,27897,424,402,0,402,2
2020-08-17,Humboldt,023,135768,349,302,1,303,4
2020-08-17,Imperial,025,180216,10982,8897,8,8905,188
2020-08-17,Inyo,027,18085,156,124,3,127,1
2020-08-17,Kern,029,883053,28614,26773,174,26947,249
2020-08-17,Kings,031,150075,5767,5249,31,5280,58
2020-08-17,Lake,033,64148,305,270,0,270,2
2020-08-17,Lassen,035,31185,711,666,2,668,0
2020-08-17,Los Angeles,037,10098052,229979,223418,909,224327,5282
2020-08-17,Madera,039,155013,3627,3050,21,3071,26
2020-08-17,Marin,041,260295,5915,5683,12,5695,46
2020-08-17,Mariposa,043,17540,71,61,0,61,2
2020-08-17,Mendocino,045,87422,532,454,0,454,8
2020-08-17,Merced,047,269075,7398,6814,5,6819,66
2020-08-17,Modoc,049,8938,7,5,0,5,0
2020-08-17,Mono,051,14174,162,126,2,128,1
2020-08-17,Monterey,053,433212,7258,6553,21,6574,44
2020-08-17,Napa,055,140530,1384,1255,5,1260,10
2020-08-17,Nevada,057,99092,418,383,13,396,2
2020-08-17,Orange,059,3164182,48183,43621,1060,44681,804
2020-08-17,Placer,061,380077,2843,2609,5,2614,28
2020-08-17,Plumas,063,18699,39,33,0,33,0
2020-08-17,Riverside,065,2383286,51040,48062,51,48113,916
2020-08-17,Sacramento,067,1510023,16552,14333,14,14347,219
2020-08-17,San Benito,069,59416,959,822,0,822,2
2020-08-17,San Bernardino,071,2135413,46606,42005,253,42258,604
2020-08-17,San Diego,073,3302833,36837,34962,213,35175,626
2020-08-17,San Francisco,075,870044,8884,7600,9,7609,72
2020-08-17,San Joaquin,077,732212,17387,15323,27,15350,280
2020-08-17,San Luis Obispo,079,281455,2790,2527,15,2542,18
2020-08-17,San Mateo,081,765935,7882,6987,7,6994,118
2020-08-17,Santa Barbara,083,443738,7779,7438,69,7507,80
2020-08-17,Santa Clara,085,1922200,16693,14546,35,14581,183
2020-08-17,Santa Cruz,087,273765,1702,1453,14,1467,6
2020-08-17,Shasta,089,179085,583,467,3,470,9
2020-08-17,Sierra,091,2930,6,6,0,6,0
2020-08-17,Siskiyou,093,43540,119,103,0,103,0
2020-08-17,Solano,095,438530,5091,4479,32,4511,31
2020-08-17,Sonoma,097,501317,5165,4402,17,4419,48
2020-08-17,Stanislaus,099,539301,14224,12745,200,12945,148
2020-08-17,Sutter,101,95872,1198,1071,1,1072,8
2020-08-17,Tehama,103,63373,372,324,2,326,1
2020-08-17,Trinity,105,12862,41,8,6,14,0
2020-08-17,Tulare,107,460477,13615,12487,47,12534,210
2020-08-17,Tuolumne,109,53932,172,157,3,160,1
2020-08-17,Ventura,111,848112,10465,9490,57,9547,89
2020-08-17,Yolo,113,214977,2268,2083,4,2087,47
2020-08-17,Yuba,115,75493,744,647,3,650,1
2020-08-16,Alameda,001,1643700,16971,15338,118,15456,221
2020-08-16,Alpine,003,1148,2,2,0,2,0
2020-08-16,Amador,005,37829,259,215,0,215,9
2020-08-16,Butte,007,227075,1590,1432,18,1450,15
2020-08-16,Calaveras,009,45235,197,167,0,167,1
2020-08-16,Colusa,011,21464,429,407,0,407,5
2020-08-16,Contra Costa,013,1133247,13095,11255,41,11296,140
2020-08-16,Del Norte,015,27424,103,77,0,77,0
2020-08-16,El Dorado,017,186661,948,843,0,843,2
2020-08-16,Fresno,019,978130,25627,21010,256,21266,211
2020-08-16,Glenn,021,27897,422,400,0,400,2
2020-08-16,Humboldt,023,135768,347,301,1,302,4
2020-08-16,Imperial,025,180216,10938,8883,8,8891,188
2020-08-16,Inyo,027,18085,149,125,2,127,1
2020-08-16,Kern,029,883053,28415,26520,166,26686,249
2020-08-16,Kings,031,150075,5736,5146,31,5177,58
2020-08-16,Lake,033,64148,301,269,0,269,2
2020-08-16,Lassen,035,31185,711,666,2,668,0
2020-08-16,Los Angeles,037,10098052,228409,222236,879,223115,5263
2020-08-16,Madera,039,155013,3582,3013,21,3034,26
2020-08-16,Marin,041,260295,5889,5664,12,5676,46
2020-08-16,Mariposa,043,17540,71,61,0,61,2
2020-08-16,Mendocino,045,87422,524,451,0,451,8
2020-08-16,Merced,047,269075,7316,6744,5,6749,66
2020-08-16,Modoc,049,8938,7,5,0,5,0
2020-08-16,Mono,051,14174,162,126,2,128,1
2020-08-16,Monterey,053,433212,7160,6516,20,6536,44
2020-08-16,Napa,055,140530,1366,1241,3,1244,10
2020-08-16,Nevada,057,99092,409,379,13,392,2
2020-08-16,Orange,059,3164182,47934,43303,1049,44352,803
2020-08-16,Placer,061,380077,2814,2583,4,2587,28
2020-08-16,Plumas,063,18699,39,33,0,33,0
2020-08-16,Riverside,065,2383286,50709,47669,50,47719,910
2020-08-16,Sacramento,067,1510023,16312,14210,14,14224,219
2020-08-16,San Benito,069,59416,930,815,0,815,2
2020-08-16,San Bernardino,071,2135413,46182,41724,245,41969,603
2020-08-16,San Diego,073,3302833,36573,34680,198,34878,626
2020-08-16,San Francisco,075,870044,8797,7602,9,7611,72
2020-08-16,San Joaquin,077,732212,17184,15288,27,15315,280
2020-08-16,San Luis Obispo,079,281455,2761,2494,15,2509,17
2020-08-16,San Mateo,081,765935,7807,6942,7,6949,118
2020-08-16,Santa Barbara,083,443738,7730,7368,69,7437,79
2020-08-16,Santa Clara,085,1922200,16495,14329,35,14364,183
2020-08-16,Santa Cruz,087,273765,1675,1449,13,1462,6
2020-08-16,Shasta,089,179085,576,465,3,468,9
2020-08-16,Sierra,091,2930,6,6,0,6,0
2020-08-16,Siskiyou,093,43540,118,102,0,102,0
2020-08-16,Solano,095,438530,5031,4479,32,4511,31
2020-08-16,Sonoma,097,501317,5061,4329,17,4346,46
2020-08-16,Stanislaus,099,539301,14066,12668,190,12858,148
2020-08-16,Sutter,101,95872,1180,1071,1,1072,8
2020-08-16,Tehama,103,63373,362,318,2,320,1
2020-08-16,Trinity,105,12862,38,8,6,14,0
2020-08-16,Tulare,107,460477,13483,12334,44,12378,211
2020-08-16,Tuolumne,109,53932,172,156,3,159,1
2020-08-16,Ventura,111,848112,10356,9408,52,9460,89
2020-08-16,Yolo,113,214977,2249,2057,4,2061,47
2020-08-16,Yuba,115,75493,735,647,2,649,1
2020-08-15,Alameda,001,1643700,16894,15165,118,15283,221
2020-08-15,Alpine,003,1148,2,2,0,2,0
2020-08-15,Amador,005,37829,259,210,0,210,9
2020-08-15,Butte,007,227075,1568,1409,18,1427,15
2020-08-15,Calaveras,009,45235,195,167,0,167,1
2020-08-15,Colusa,011,21464,428,401,0,401,5
2020-08-15,Contra Costa,013,1133247,12999,11106,41,11147,138
2020-08-15,Del Norte,015,27424,103,77,0,77,0
2020-08-15,El Dorado,017,186661,943,838,0,838,2
2020-08-15,Fresno,019,978130,25511,20603,254,20857,211
2020-08-15,Glenn,021,27897,422,398,0,398,2
2020-08-15,Humboldt,023,135768,346,301,1,302,4
2020-08-15,Imperial,025,180216,10918,8794,8,8802,188
2020-08-15,Inyo,027,18085,149,123,2,125,1
2020-08-15,Kern,029,883053,28327,26338,166,26504,249
2020-08-15,Kings,031,150075,5718,5039,31,5070,56
2020-08-15,Lake,033,64148,299,268,0,268,2
2020-08-15,Lassen,035,31185,711,666,2,668,0
2020-08-15,Los Angeles,037,10098052,227659,221043,869,221912,5252
2020-08-15,Madera,039,155013,3532,2950,21,2971,26
2020-08-15,Marin,041,260295,5882,5628,12,5640,46
2020-08-15,Mariposa,043,17540,71,61,0,61,2
2020-08-15,Mendocino,045,87422,520,444,0,444,8
2020-08-15,Merced,047,269075,7282,6656,5,6661,66
2020-08-15,Modoc,049,8938,7,5,0,5,0
2020-08-15,Mono,051,14174,162,126,2,128,1
2020-08-15,Monterey,053,433212,7115,6162,20,6182,44
2020-08-15,Napa,055,140530,1356,1232,3,1235,10
2020-08-15,Nevada,057,99092,409,376,13,389,2
2020-08-15,Orange,059,3164182,47821,42811,1038,43849,801
2020-08-15,Placer,061,380077,2793,2551,4,2555,27
2020-08-15,Plumas,063,18699,39,33,0,33,0
2020-08-15,Riverside,065,2383286,50558,46720,50,46770,910
2020-08-15,Sacramento,067,1510023,16202,14018,14,14032,219
2020-08-15,San Benito,069,59416,917,805,0,805,2
2020-08-15,San Bernardino,071,2135413,46030,41231,243,41474,602
2020-08-15,San Diego,073,3302833,36407,34346,184,34530,639
2020-08-15,San Francisco,075,870044,8733,7601,9,7610,69
2020-08-15,San Joaquin,077,732212,17111,15113,27,15140,280
2020-08-15,San Luis Obispo,079,281455,2744,2461,15,2476,17
2020-08-15,San Mateo,081,765935,7770,6860,7,6867,118
2020-08-15,Santa Barbara,083,443738,7702,7338,69,7407,79
2020-08-15,Santa Clara,085,1922200,16399,14105,35,14140,183
2020-08-15,Santa Cruz,087,273765,1654,1449,13,1462,6
2020-08-15,Shasta,089,179085,573,458,3,461,9
2020-08-15,Sierra,091,2930,6,6,0,6,0
2020-08-15,Siskiyou,093,43540,117,100,0,100,0
2020-08-15,Solano,095,438530,5009,4477,32,4509,31
2020-08-15,Sonoma,097,501317,5006,4134,17,4151,45
2020-08-15,Stanislaus,099,539301,14002,12541,189,12730,149
2020-08-15,Sutter,101,95872,1169,1046,1,1047,8
2020-08-15,Tehama,103,63373,361,312,2,314,1
2020-08-15,Trinity,105,12862,36,6,6,12,0
2020-08-15,Tulare,107,460477,13445,12262,44,12306,211
2020-08-15,Tuolumne,109,53932,172,155,3,158,1
2020-08-15,Ventura,111,848112,10297,9379,50,9429,89
2020-08-15,Yolo,113,214977,2237,2031,4,2035,46
2020-08-15,Yuba,115,75493,731,623,2,625,1
2020-08-14,Alameda,001,1643700,16755,14909,118,15027,221
2020-08-14,Alpine,003,1148,2,2,0,2,0
2020-08-14,Amador,005,37829,259,209,0,209,9
2020-08-14,Butte,007,227075,1559,1384,18,1402,15
2020-08-14,Calaveras,009,45235,191,165,0,165,1
2020-08-14,Colusa,011,21464,426,399,0,399,5
2020-08-14,Contra Costa,013,1133247,12887,10893,41,10934,137
2020-08-14,Del Norte,015,27424,103,76,0,76,0
2020-08-14,El Dorado,017,186661,935,827,0,827,2
2020-08-14,Fresno,019,978130,25377,19900,254,20154,208
2020-08-14,Glenn,021,27897,420,395,0,395,2
2020-08-14,Humboldt,023,135768,340,294,1,295,4
2020-08-14,Imperial,025,180216,10894,8756,8,8764,185
2020-08-14,Inyo,027,18085,148,115,2,117,1
2020-08-14,Kern,029,883053,28223,25893,165,26058,249
2020-08-14,Kings,031,150075,5704,4953,31,4984,56
2020-08-14,Lake,033,64148,290,267,0,267,2
2020-08-14,Lassen,035,31185,711,665,2,667,0
2020-08-14,Los Angeles,037,10098052,226492,219083,852,219935,5222
2020-08-14,Madera,039,155013,3502,2876,21,2897,26
2020-08-14,Marin,041,260295,5871,5601,12,5613,46
2020-08-14,Mariposa,043,17540,70,61,0,61,2
2020-08-14,Mendocino,045,87422,511,432,0,432,8
2020-08-14,Merced,047,269075,7252,6466,5,6471,67
2020-08-14,Modoc,049,8938,7,5,0,5,0
2020-08-14,Mono,051,14174,162,126,2,128,1
2020-08-14,Monterey,053,433212,7064,6121,20,6141,41
2020-08-14,Napa,055,140530,1346,1230,3,1233,10
2020-08-14,Nevada,057,99092,405,377,13,390,2
2020-08-14,Orange,059,3164182,47671,42399,1025,43424,798
2020-08-14,Placer,061,380077,2774,2546,4,2550,26
2020-08-14,Plumas,063,18699,38,33,0,33,0
2020-08-14,Riverside,065,2383286,50329,46456,50,46506,891
2020-08-14,Sacramento,067,1510023,16052,13645,14,13659,212
2020-08-14,San Benito,069,59416,900,783,0,783,2
2020-08-14,San Bernardino,071,2135413,45843,40442,240,40682,594
2020-08-14,San Diego,073,3302833,36213,34067,177,34244,622
2020-08-14,San Francisco,075,870044,8674,7467,9,7476,69
2020-08-14,San Joaquin,077,732212,17011,14925,27,14952,276
2020-08-14,San Luis Obispo,079,281455,2729,2422,15,2437,17
2020-08-14,San Mateo,081,765935,7711,6655,7,6662,118
2020-08-14,Santa Barbara,083,443738,7652,7302,69,7371,77
2020-08-14,Santa Clara,085,1922200,16233,13785,34,13819,183
2020-08-14,Santa Cruz,087,273765,1632,1418,12,1430,6
2020-08-14,Shasta,089,179085,568,446,3,449,9
2020-08-14,Sierra,091,2930,6,5,0,5,0
2020-08-14,Siskiyou,093,43540,117,98,0,98,0
2020-08-14,Solano,095,438530,4988,4421,32,4453,31
2020-08-14,Sonoma,097,501317,4946,4087,14,4101,45
2020-08-14,Stanislaus,099,539301,13924,12379,185,12564,140
2020-08-14,Sutter,101,95872,1161,1039,1,1040,8
2020-08-14,Tehama,103,63373,357,305,2,307,1
2020-08-14,Trinity,105,12862,36,6,6,12,0
2020-08-14,Tulare,107,460477,13368,12009,44,12053,211
2020-08-14,Tuolumne,109,53932,171,155,3,158,1
2020-08-14,Ventura,111,848112,10222,9313,50,9363,89
2020-08-14,Yolo,113,214977,2223,1991,4,1995,45
2020-08-14,Yuba,115,75493,715,606,2,608,1
2020-08-13,Alameda,001,1643700,16478,14385,118,14503,218
2020-08-13,Alpine,003,1148,2,2,0,2,0
2020-08-13,Amador,005,37829,259,198,0,198,8
2020-08-13,Butte,007,227075,1534,1345,18,1363,15
2020-08-13,Calaveras,009,45235,189,162,0,162,1
2020-08-13,Colusa,011,21464,426,395,0,395,5
2020-08-13,Contra Costa,013,1133247,12733,10545,40,10585,136
2020-08-13,Del Norte,015,27424,102,74,0,74,0
2020-08-13,El Dorado,017,186661,930,803,0,803,2
2020-08-13,Fresno,019,978130,25150,19157,248,19405,201
2020-08-13,Glenn,021,27897,416,392,0,392,1
2020-08-13,Humboldt,023,135768,332,281,1,282,4
2020-08-13,Imperial,025,180216,10863,8640,8,8648,170
2020-08-13,Inyo,027,18085,144,97,2,99,1
2020-08-13,Kern,029,883053,28056,25472,162,25634,242
2020-08-13,Kings,031,150075,5669,4824,31,4855,52
2020-08-13,Lake,033,64148,285,263,0,263,2
2020-08-13,Lassen,035,31185,711,652,2,654,0
2020-08-13,Los Angeles,037,10098052,225116,216497,831,217328,5179
2020-08-13,Madera,039,155013,3458,2675,20,2695,25
2020-08-13,Marin,041,260295,5855,5503,12,5515,44
2020-08-13,Mariposa,043,17540,69,61,0,61,2
2020-08-13,Mendocino,045,87422,506,401,0,401,8
2020-08-13,Merced,047,269075,7135,5945,5,5950,63
2020-08-13,Modoc,049,8938,7,5,0,5,0
2020-08-13,Mono,051,14174,162,124,2,126,1
2020-08-13,Monterey,053,433212,6981,5925,20,5945,38
2020-08-13,Napa,055,140530,1337,1179,3,1182,10
2020-08-13,Nevada,057,99092,401,362,13,375,1
2020-08-13,Orange,059,3164182,47432,42019,1013,43032,773
2020-08-13,Placer,061,380077,2751,2460,4,2464,26
2020-08-13,Plumas,063,18699,38,32,0,32,0
2020-08-13,Riverside,065,2383286,50033,45327,50,45377,885
2020-08-13,Sacramento,067,1510023,15850,13237,14,13251,197
2020-08-13,San Benito,069,59416,871,757,0,757,2
2020-08-13,San Bernardino,071,2135413,45448,39395,234,39629,591
2020-08-13,San Diego,073,3302833,35977,33661,159,33820,627
2020-08-13,San Francisco,075,870044,8580,7277,9,7286,69
2020-08-13,San Joaquin,077,732212,16856,14537,26,14563,261
2020-08-13,San Luis Obispo,079,281455,2707,2283,15,2298,16
2020-08-13,San Mateo,081,765935,7649,6503,7,6510,117
2020-08-13,Santa Barbara,083,443738,7607,7129,68,7197,74
2020-08-13,Santa Clara,085,1922200,16010,13257,34,13291,182
2020-08-13,Santa Cruz,087,273765,1607,1383,12,1395,6
2020-08-13,Shasta,089,179085,563,428,3,431,9
2020-08-13,Sierra,091,2930,6,5,0,5,0
2020-08-13,Siskiyou,093,43540,117,95,0,95,0
2020-08-13,Solano,095,438530,4951,4305,32,4337,31
2020-08-13,Sonoma,097,501317,4872,3902,14,3916,45
2020-08-13,Stanislaus,099,539301,13794,11953,169,12122,136
2020-08-13,Sutter,101,95872,1139,992,1,993,8
2020-08-13,Tehama,103,63373,348,302,2,304,1
2020-08-13,Trinity,105,12862,35,6,6,12,0
2020-08-13,Tulare,107,460477,13224,11692,41,11733,210
2020-08-13,Tuolumne,109,53932,170,152,3,155,1
2020-08-13,Ventura,111,848112,10133,9114,50,9164,90
2020-08-13,Yolo,113,214977,2196,1938,4,1942,44
2020-08-13,Yuba,115,75493,699,568,2,570,1
2020-08-12,Alameda,001,1643700,16265,14214,118,14332,215
2020-08-12,Alpine,003,1148,2,2,0,2,0
2020-08-12,Amador,005,37829,256,197,0,197,8
2020-08-12,Butte,007,227075,1506,1317,18,1335,15
2020-08-12,Calaveras,009,45235,186,157,0,157,1
2020-08-12,Colusa,011,21464,421,394,0,394,5
2020-08-12,Contra Costa,013,1133247,12588,10304,39,10343,134
2020-08-12,Del Norte,015,27424,101,74,0,74,0
2020-08-12,El Dorado,017,186661,912,794,0,794,2
2020-08-12,Fresno,019,978130,24920,18690,242,18932,194
2020-08-12,Glenn,021,27897,413,388,0,388,1
2020-08-12,Humboldt,023,135768,325,281,1,282,4
2020-08-12,Imperial,025,180216,10840,8566,8,8574,167
2020-08-12,Inyo,027,18085,127,97,2,99,1
2020-08-12,Kern,029,883053,27864,25191,160,25351,232
2020-08-12,Kings,031,150075,5630,4736,31,4767,50
2020-08-12,Lake,033,64148,283,253,0,253,2
2020-08-12,Lassen,035,31185,710,651,2,653,0
2020-08-12,Los Angeles,037,10098052,223716,214542,815,215357,5119
2020-08-12,Madera,039,155013,3424,2681,18,2699,23
2020-08-12,Marin,041,260295,5833,5423,12,5435,44
2020-08-12,Mariposa,043,17540,69,61,0,61,2
2020-08-12,Mendocino,045,87422,487,386,0,386,9
2020-08-12,Merced,047,269075,7073,5777,5,5782,66
2020-08-12,Modoc,049,8938,7,5,0,5,0
2020-08-12,Mono,051,14174,161,124,2,126,1
2020-08-12,Monterey,053,433212,6877,5919,20,5939,38
2020-08-12,Napa,055,140530,1327,1161,3,1164,10
2020-08-12,Nevada,057,99092,396,357,13,370,1
2020-08-12,Orange,059,3164182,47181,41576,989,42565,754
2020-08-12,Placer,061,380077,2719,2417,4,2421,25
2020-08-12,Plumas,063,18699,38,31,0,31,0
2020-08-12,Riverside,065,2383286,49685,44747,50,44797,867
2020-08-12,Sacramento,067,1510023,15638,12528,14,12542,189
2020-08-12,San Benito,069,59416,858,751,0,751,2
2020-08-12,San Bernardino,071,2135413,45105,38811,225,39036,589
2020-08-12,San Diego,073,3302833,35768,33395,139,33534,608
2020-08-12,San Francisco,075,870044,8497,7194,9,7203,66
2020-08-12,San Joaquin,077,732212,16710,14154,26,14180,253
2020-08-12,San Luis Obispo,079,281455,2682,2263,15,2278,15
2020-08-12,San Mateo,081,765935,7570,6427,7,6434,117
2020-08-12,Santa Barbara,083,443738,7547,7049,66,7115,74
2020-08-12,Santa Clara,085,1922200,15834,13002,34,13036,182
2020-08-12,Santa Cruz,087,273765,1578,1382,11,1393,6
2020-08-12,Shasta,089,179085,559,417,3,420,9
2020-08-12,Sierra,091,2930,5,4,0,4,0
2020-08-12,Siskiyou,093,43540,116,90,0,90,0
2020-08-12,Solano,095,438530,4906,4258,32,4290,31
2020-08-12,Sonoma,097,501317,4798,3847,14,3861,47
2020-08-12,Stanislaus,099,539301,13655,11682,161,11843,136
2020-08-12,Sutter,101,95872,1115,987,1,988,7
2020-08-12,Tehama,103,63373,338,289,2,291,1
2020-08-12,Trinity,105,12862,34,6,6,12,0
2020-08-12,Tulare,107,460477,13096,11460,41,11501,211
2020-08-12,Tuolumne,109,53932,169,150,3,153,1
2020-08-12,Ventura,111,848112,10046,9005,50,9055,87
2020-08-12,Yolo,113,214977,2172,1921,4,1925,44
2020-08-12,Yuba,115,75493,677,549,1,550,1
2020-08-11,Alameda,001,1643700,16004,13960,115,14075,204
2020-08-11,Alpine,003,1148,2,2,0,2,0
2020-08-11,Amador,005,37829,250,187,0,187,3
2020-08-11,Butte,007,227075,1479,1296,18,1314,15
2020-08-11,Calaveras,009,45235,184,161,0,161,1
2020-08-11,Colusa,011,21464,416,390,0,390,5
2020-08-11,Contra Costa,013,1133247,12399,10012,37,10049,131
2020-08-11,Del Norte,015,27424,100,73,0,73,0
2020-08-11,El Dorado,017,186661,905,786,0,786,2
2020-08-11,Fresno,019,978130,24598,18344,239,18583,187
2020-08-11,Glenn,021,27897,411,380,0,380,1
2020-08-11,Humboldt,023,135768,320,283,1,284,4
2020-08-11,Imperial,025,180216,10785,8518,8,8526,165
2020-08-11,Inyo,027,18085,122,97,2,99,1
2020-08-11,Kern,029,883053,27529,25042,158,25200,230
2020-08-11,Kings,031,150075,5439,4696,31,4727,50
2020-08-11,Lake,033,64148,280,243,0,243,2
2020-08-11,Lassen,035,31185,704,605,2,607,0
2020-08-11,Los Angeles,037,10098052,222216,212421,790,213211,5065
2020-08-11,Madera,039,155013,3370,2673,18,2691,22
2020-08-11,Marin,041,260295,5805,5287,11,5298,44
2020-08-11,Mariposa,043,17540,68,60,0,60,2
2020-08-11,Mendocino,045,87422,477,385,0,385,9
2020-08-11,Merced,047,269075,6978,5322,4,5326,65
2020-08-11,Modoc,049,8938,7,5,0,5,0
2020-08-11,Mono,051,14174,161,124,2,126,1
2020-08-11,Monterey,053,433212,6769,5624,20,5644,36
2020-08-11,Napa,055,140530,1316,1143,2,1145,11
2020-08-11,Nevada,057,99092,393,358,13,371,1
2020-08-11,Orange,059,3164182,46961,41205,967,42172,742
2020-08-11,Placer,061,380077,2687,2393,4,2397,24
2020-08-11,Plumas,063,18699,38,31,0,31,0
2020-08-11,Riverside,065,2383286,49328,44237,50,44287,836
2020-08-11,Sacramento,067,1510023,15347,12298,14,12312,182
2020-08-11,San Benito,069,59416,846,750,0,750,2
2020-08-11,San Bernardino,071,2135413,44764,38467,218,38685,584
2020-08-11,San Diego,073,3302833,35501,33159,120,33279,602
2020-08-11,San Francisco,075,870044,8401,6988,9,6997,66
2020-08-11,San Joaquin,077,732212,16532,13997,21,14018,251
2020-08-11,San Luis Obispo,079,281455,2625,2234,15,2249,15
2020-08-11,San Mateo,081,765935,7496,6339,7,6346,117
2020-08-11,Santa Barbara,083,443738,7498,6942,66,7008,70
2020-08-11,Santa Clara,085,1922200,15612,12920,34,12954,183
2020-08-11,Santa Cruz,087,273765,1555,1352,11,1363,4
2020-08-11,Shasta,089,179085,555,416,3,419,9
2020-08-11,Sierra,091,2930,5,4,0,4,0
2020-08-11,Siskiyou,093,43540,116,90,0,90,0
2020-08-11,Solano,095,438530,4858,4206,31,4237,31
2020-08-11,Sonoma,097,501317,4704,3752,14,3766,45
2020-08-11,Stanislaus,099,539301,13551,11592,149,11741,128
2020-08-11,Sutter,101,95872,1093,964,1,965,7
2020-08-11,Tehama,103,63373,334,289,2,291,1
2020-08-11,Trinity,105,12862,34,5,6,11,0
2020-08-11,Tulare,107,460477,12971,11392,40,11432,201
2020-08-11,Tuolumne,109,53932,164,146,3,149,1
2020-08-11,Ventura,111,848112,9978,8953,49,9002,88
2020-08-11,Yolo,113,214977,2150,1912,4,1916,44
2020-08-11,Yuba,115,75493,666,540,1,541,1
2020-08-10,Alameda,001,1643700,15764,13420,114,13534,203
2020-08-10,Alpine,003,1148,2,2,0,2,0
2020-08-10,Amador,005,37829,249,172,0,172,2
2020-08-10,Butte,007,227075,1455,1174,16,1190,15
2020-08-10,Calaveras,009,45235,174,121,0,121,1
2020-08-10,Colusa,011,21464,414,387,0,387,4
2020-08-10,Contra Costa,013,1133247,12246,9454,35,9489,130
2020-08-10,Del Norte,015,27424,98,69,0,69,0
2020-08-10,El Dorado,017,186661,893,771,0,771,2
2020-08-10,Fresno,019,978130,24317,17978,238,18216,183
2020-08-10,Glenn,021,27897,408,381,0,381,1
2020-08-10,Humboldt,023,135768,314,277,1,278,4
2020-08-10,Imperial,025,180216,10741,8465,8,8473,165
2020-08-10,Inyo,027,18085,122,97,2,99,1
2020-08-10,Kern,029,883053,27303,24499,157,24656,215
2020-08-10,Kings,031,150075,5333,4588,31,4619,50
2020-08-10,Lake,033,64148,273,239,0,239,2
2020-08-10,Lassen,035,31185,704,588,2,590,0
2020-08-10,Los Angeles,037,10098052,220641,211035,772,211807,5003
2020-08-10,Madera,039,155013,3337,2365,17,2382,22
2020-08-10,Marin,041,260295,5760,5242,10,5252,44
2020-08-10,Mariposa,043,17540,68,57,0,57,2
2020-08-10,Mendocino,045,87422,453,364,0,364,1
2020-08-10,Merced,047,269075,6897,4913,4,4917,51
2020-08-10,Modoc,049,8938,7,5,0,5,0
2020-08-10,Mono,051,14174,161,123,2,125,1
2020-08-10,Monterey,053,433212,6659,5358,20,5378,34
2020-08-10,Napa,055,140530,1298,1084,2,1086,8
2020-08-10,Nevada,057,99092,385,356,13,369,1
2020-08-10,Orange,059,3164182,46691,40445,949,41394,721
2020-08-10,Placer,061,380077,2648,2298,4,2302,21
2020-08-10,Plumas,063,18699,38,27,0,27,0
2020-08-10,Riverside,065,2383286,48944,43296,49,43345,830
2020-08-10,Sacramento,067,1510023,15036,12059,14,12073,168
2020-08-10,San Benito,069,59416,833,743,0,743,2
2020-08-10,San Bernardino,071,2135413,44387,37367,209,37576,579
2020-08-10,San Diego,073,3302833,35235,32977,104,33081,594
2020-08-10,San Francisco,075,870044,8311,6816,8,6824,66
2020-08-10,San Joaquin,077,732212,16350,13308,21,13329,240
2020-08-10,San Luis Obispo,079,281455,2526,2208,14,2222,15
2020-08-10,San Mateo,081,765935,7419,6222,7,6229,117
2020-08-10,Santa Barbara,083,443738,7443,6869,66,6935,66
2020-08-10,Santa Clara,085,1922200,15352,12615,33,12648,182
2020-08-10,Santa Cruz,087,273765,1535,1239,10,1249,4
2020-08-10,Shasta,089,179085,551,384,3,387,9
2020-08-10,Sierra,091,2930,5,3,0,3,0
2020-08-10,Siskiyou,093,43540,113,88,0,88,0
2020-08-10,Solano,095,438530,4798,4101,31,4132,31
2020-08-10,Sonoma,097,501317,4535,3640,10,3650,42
2020-08-10,Stanislaus,099,539301,13369,10855,132,10987,106
2020-08-10,Sutter,101,95872,1068,865,1,866,7
2020-08-10,Tehama,103,63373,327,282,2,284,1
2020-08-10,Trinity,105,12862,31,5,6,11,0
2020-08-10,Tulare,107,460477,12798,10750,38,10788,194
2020-08-10,Tuolumne,109,53932,164,143,2,145,1
2020-08-10,Ventura,111,848112,9894,8851,48,8899,85
2020-08-10,Yolo,113,214977,2127,1840,4,1844,45
2020-08-10,Yuba,115,75493,649,527,1,528,1
2020-08-09,Alameda,001,1643700,15484,13241,112,13353,203
2020-08-09,Alpine,003,1148,2,2,0,2,0
2020-08-09,Amador,005,37829,244,153,0,153,2
2020-08-09,Butte,007,227075,1411,1155,16,1171,15
2020-08-09,Calaveras,009,45235,169,122,0,122,1
2020-08-09,Colusa,011,21464,410,371,0,371,4
2020-08-09,Contra Costa,013,1133247,12018,9214,34,9248,130
2020-08-09,Del Norte,015,27424,98,69,0,69,0
2020-08-09,El Dorado,017,186661,885,748,0,748,2
2020-08-09,Fresno,019,978130,24008,17846,234,18080,183
2020-08-09,Glenn,021,27897,406,354,0,354,1
2020-08-09,Humboldt,023,135768,308,279,1,280,4
2020-08-09,Imperial,025,180216,10698,8310,7,8317,165
2020-08-09,Inyo,027,18085,117,86,1,87,1
2020-08-09,Kern,029,883053,27047,23680,157,23837,215
2020-08-09,Kings,031,150075,5290,4446,30,4476,50
2020-08-09,Lake,033,64148,266,225,0,225,2
2020-08-09,Lassen,035,31185,698,589,2,591,0
2020-08-09,Los Angeles,037,10098052,218581,208810,750,209560,4984
2020-08-09,Madera,039,155013,3278,2322,13,2335,22
2020-08-09,Marin,041,260295,5717,5204,10,5214,44
2020-08-09,Mariposa,043,17540,66,56,0,56,2
2020-08-09,Mendocino,045,87422,443,283,0,283,1
2020-08-09,Merced,047,269075,6800,4735,3,4738,51
2020-08-09,Modoc,049,8938,7,4,0,4,0
2020-08-09,Mono,051,14174,160,113,2,115,1
2020-08-09,Monterey,053,433212,6535,5199,20,5219,34
2020-08-09,Napa,055,140530,1279,1062,2,1064,8
2020-08-09,Nevada,057,99092,377,332,13,345,1
2020-08-09,Orange,059,3164182,46392,39244,934,40178,722
2020-08-09,Placer,061,380077,2619,2211,4,2215,20
2020-08-09,Plumas,063,18699,38,27,0,27,0
2020-08-09,Riverside,065,2383286,48598,41894,49,41943,828
2020-08-09,Sacramento,067,1510023,14756,11301,14,11315,167
2020-08-09,San Benito,069,59416,814,687,0,687,2
2020-08-09,San Bernardino,071,2135413,43912,36092,209,36301,579
2020-08-09,San Diego,073,3302833,34944,32749,93,32842,594
2020-08-09,San Francisco,075,870044,8196,6820,8,6828,66
2020-08-09,San Joaquin,077,732212,16146,12933,20,12953,240
2020-08-09,San Luis Obispo,079,281455,2490,2124,14,2138,15
2020-08-09,San Mateo,081,765935,7324,6094,7,6101,117
2020-08-09,Santa Barbara,083,443738,7355,6669,66,6735,66
2020-08-09,Santa Clara,085,1922200,15082,11878,33,11911,181
2020-08-09,Santa Cruz,087,273765,1511,1246,10,1256,4
2020-08-09,Shasta,089,179085,547,361,3,364,9
2020-08-09,Sierra,091,2930,5,3,0,3,0
2020-08-09,Siskiyou,093,43540,112,74,0,74,0
2020-08-09,Solano,095,438530,4745,3954,30,3984,31
2020-08-09,Sonoma,097,501317,4399,3531,8,3539,41
2020-08-09,Stanislaus,099,539301,13161,10264,119,10383,106
2020-08-09,Sutter,101,95872,1034,857,1,858,7
2020-08-09,Tehama,103,63373,319,265,2,267,1
2020-08-09,Trinity,105,12862,31,5,6,11,0
2020-08-09,Tulare,107,460477,12606,10630,35,10665,194
2020-08-09,Tuolumne,109,53932,161,143,2,145,1
2020-08-09,Ventura,111,848112,9746,8633,47,8680,85
2020-08-09,Yolo,113,214977,2096,1765,4,1769,44
2020-08-09,Yuba,115,75493,629,442,1,443,1
2020-08-08,Alameda,001,1643700,15374,13087,112,13199,204
2020-08-08,Alpine,003,1148,2,2,0,2,0
2020-08-08,Amador,005,37829,244,139,0,139,2
2020-08-08,Butte,007,227075,1393,1140,16,1156,15
2020-08-08,Calaveras,009,45235,168,122,0,122,1
2020-08-08,Colusa,011,21464,409,368,0,368,4
2020-08-08,Contra Costa,013,1133247,11909,9104,34,9138,129
2020-08-08,Del Norte,015,27424,97,69,0,69,0
2020-08-08,El Dorado,017,186661,878,734,0,734,2
2020-08-08,Fresno,019,978130,23871,17538,232,17770,183
2020-08-08,Glenn,021,27897,406,344,0,344,1
2020-08-08,Humboldt,023,135768,305,277,1,278,4
2020-08-08,Imperial,025,180216,10683,8213,7,8220,165
2020-08-08,Inyo,027,18085,113,86,1,87,1
2020-08-08,Kern,029,883053,26933,22803,157,22960,215
2020-08-08,Kings,031,150075,5276,4367,30,4397,49
2020-08-08,Lake,033,64148,264,221,0,221,2
2020-08-08,Lassen,035,31185,698,589,2,591,0
2020-08-08,Los Angeles,037,10098052,217696,206971,739,207710,4974
2020-08-08,Madera,039,155013,3247,2275,13,2288,22
2020-08-08,Marin,041,260295,5697,5118,10,5128,44
2020-08-08,Mariposa,043,17540,65,55,0,55,2
2020-08-08,Mendocino,045,87422,441,264,0,264,1
2020-08-08,Merced,047,269075,6760,4570,3,4573,51
2020-08-08,Modoc,049,8938,7,4,0,4,0
2020-08-08,Mono,051,14174,160,113,2,115,1
2020-08-08,Monterey,053,433212,6477,5101,20,5121,33
2020-08-08,Napa,055,140530,1271,1062,2,1064,8
2020-08-08,Nevada,057,99092,375,325,13,338,1
2020-08-08,Orange,059,3164182,46262,38688,925,39613,718
2020-08-08,Placer,061,380077,2602,2153,4,2157,20
2020-08-08,Plumas,063,18699,38,27,0,27,0
2020-08-08,Riverside,065,2383286,48394,41412,49,41461,823
2020-08-08,Sacramento,067,1510023,14627,11144,14,11158,166
2020-08-08,San Benito,069,59416,806,684,0,684,2
2020-08-08,San Bernardino,071,2135413,43716,35691,208,35899,531
2020-08-08,San Diego,073,3302833,34755,32332,84,32416,593
2020-08-08,San Francisco,075,870044,8130,6820,8,6828,66
2020-08-08,San Joaquin,077,732212,16065,12559,19,12578,240
2020-08-08,San Luis Obispo,079,281455,2467,2081,14,2095,15
2020-08-08,San Mateo,081,765935,7266,6021,7,6028,117
2020-08-08,Santa Barbara,083,443738,7317,6598,66,6664,66
2020-08-08,Santa Clara,085,1922200,14930,11615,33,11648,181
2020-08-08,Santa Cruz,087,273765,1497,1247,10,1257,4
2020-08-08,Shasta,089,179085,545,343,3,346,9
2020-08-08,Sierra,091,2930,5,3,0,3,0
2020-08-08,Siskiyou,093,43540,112,73,0,73,0
2020-08-08,Solano,095,438530,4724,3889,29,3918,31
2020-08-08,Sonoma,097,501317,4368,3399,8,3407,41
2020-08-08,Stanislaus,099,539301,13086,9963,114,10077,105
2020-08-08,Sutter,101,95872,1024,830,1,831,7
2020-08-08,Tehama,103,63373,318,251,2,253,1
2020-08-08,Trinity,105,12862,31,5,6,11,0
2020-08-08,Tulare,107,460477,12530,10505,35,10540,192
2020-08-08,Tuolumne,109,53932,161,143,2,145,1
2020-08-08,Ventura,111,848112,9691,8462,46,8508,85
2020-08-08,Yolo,113,214977,2083,1725,4,1729,44
2020-08-08,Yuba,115,75493,620,430,1,431,1
2020-08-07,Alameda,001,1643700,15263,12805,112,12917,204
2020-08-07,Alpine,003,1148,2,2,0,2,0
2020-08-07,Amador,005,37829,242,125,0,125,2
2020-08-07,Butte,007,227075,1375,1092,16,1108,13
2020-08-07,Calaveras,009,45235,168,119,0,119,1
2020-08-07,Colusa,011,21464,408,358,0,358,4
2020-08-07,Contra Costa,013,1133247,11761,8810,34,8844,126
2020-08-07,Del Norte,015,27424,97,69,0,69,0
2020-08-07,El Dorado,017,186661,873,724,0,724,2
2020-08-07,Fresno,019,978130,23711,17290,232,17522,171
2020-08-07,Glenn,021,27897,405,339,0,339,1
2020-08-07,Humboldt,023,135768,301,274,1,275,4
2020-08-07,Imperial,025,180216,10658,8085,7,8092,164
2020-08-07,Inyo,027,18085,112,81,1,82,1
2020-08-07,Kern,029,883053,26807,22143,154,22297,206
2020-08-07,Kings,031,150075,5259,4315,30,4345,48
2020-08-07,Lake,033,64148,262,215,0,215,1
2020-08-07,Lassen,035,31185,697,588,2,590,0
2020-08-07,Los Angeles,037,10098052,216230,204406,727,205133,4924
2020-08-07,Madera,039,155013,3215,2245,13,2258,20
2020-08-07,Marin,041,260295,5668,5094,10,5104,43
2020-08-07,Mariposa,043,17540,65,53,0,53,2
2020-08-07,Mendocino,045,87422,427,262,0,262,1
2020-08-07,Merced,047,269075,6717,4358,3,4361,30
2020-08-07,Modoc,049,8938,7,4,0,4,0
2020-08-07,Mono,051,14174,160,112,2,114,1
2020-08-07,Monterey,053,433212,6402,5041,20,5061,33
2020-08-07,Napa,055,140530,1266,1055,2,1057,8
2020-08-07,Nevada,057,99092,372,324,13,337,1
2020-08-07,Orange,059,3164182,46050,38459,908,39367,701
2020-08-07,Placer,061,380077,2584,2078,4,2082,20
2020-08-07,Plumas,063,18699,38,25,0,25,0
2020-08-07,Riverside,065,2383286,48131,40902,48,40950,810
2020-08-07,Sacramento,067,1510023,14482,10798,14,10812,160
2020-08-07,San Benito,069,59416,800,647,0,647,2
2020-08-07,San Bernardino,071,2135413,43469,35200,207,35407,524
2020-08-07,San Diego,073,3302833,34570,31781,81,31862,586
2020-08-07,San Francisco,075,870044,8052,6765,8,6773,66
2020-08-07,San Joaquin,077,732212,15980,12392,19,12411,223
2020-08-07,San Luis Obispo,079,281455,2436,2050,14,2064,14
2020-08-07,San Mateo,081,765935,7206,5948,7,5955,117
2020-08-07,Santa Barbara,083,443738,7266,6509,66,6575,66
2020-08-07,Santa Clara,085,1922200,14731,11409,33,11442,180
2020-08-07,Santa Cruz,087,273765,1479,1234,10,1244,5
2020-08-07,Shasta,089,179085,540,342,3,345,9
2020-08-07,Sierra,091,2930,5,3,0,3,0
2020-08-07,Siskiyou,093,43540,109,73,0,73,0
2020-08-07,Solano,095,438530,4692,3844,28,3872,31
2020-08-07,Sonoma,097,501317,4304,3329,8,3337,34
2020-08-07,Stanislaus,099,539301,12964,9665,104,9769,98
2020-08-07,Sutter,101,95872,1020,807,1,808,6
2020-08-07,Tehama,103,63373,314,246,2,248,1
2020-08-07,Trinity,105,12862,30,5,6,11,0
2020-08-07,Tulare,107,460477,12453,10292,35,10327,195
2020-08-07,Tuolumne,109,53932,160,136,2,138,1
2020-08-07,Ventura,111,848112,9631,8356,44,8400,84
2020-08-07,Yolo,113,214977,2056,1689,4,1693,37
2020-08-07,Yuba,115,75493,615,413,1,414,1
2020-08-06,Alameda,001,1643700,15041,12474,111,12585,200
2020-08-06,Alpine,003,1148,2,2,0,2,0
2020-08-06,Amador,005,37829,228,125,0,125,0
2020-08-06,Butte,007,227075,1356,1060,16,1076,13
2020-08-06,Calaveras,009,45235,166,117,0,117,1
2020-08-06,Colusa,011,21464,405,358,0,358,3
2020-08-06,Contra Costa,013,1133247,11567,8583,33,8616,124
2020-08-06,Del Norte,015,27424,97,69,0,69,0
2020-08-06,El Dorado,017,186661,862,703,0,703,1
2020-08-06,Fresno,019,978130,23413,17031,225,17256,161
2020-08-06,Glenn,021,27897,400,332,0,332,1
2020-08-06,Humboldt,023,135768,296,266,1,267,4
2020-08-06,Imperial,025,180216,10615,8064,7,8071,163
2020-08-06,Inyo,027,18085,104,83,1,84,1
2020-08-06,Kern,029,883053,26571,21843,153,21996,197
2020-08-06,Kings,031,150075,5197,4264,29,4293,47
2020-08-06,Lake,033,64148,259,209,0,209,1
2020-08-06,Lassen,035,31185,695,588,2,590,0
2020-08-06,Los Angeles,037,10098052,214160,201372,711,202083,4874
2020-08-06,Madera,039,155013,3167,2240,12,2252,19
2020-08-06,Marin,041,260295,5636,5058,10,5068,43
2020-08-06,Mariposa,043,17540,64,52,0,52,2
2020-08-06,Mendocino,045,87422,413,260,0,260,1
2020-08-06,Merced,047,269075,6616,4235,3,4238,30
2020-08-06,Modoc,049,8938,7,4,0,4,0
2020-08-06,Mono,051,14174,159,111,2,113,1
2020-08-06,Monterey,053,433212,6293,5001,19,5020,33
2020-08-06,Napa,055,140530,1252,1032,2,1034,8
2020-08-06,Nevada,057,99092,367,321,13,334,1
2020-08-06,Orange,059,3164182,45758,38399,903,39302,694
2020-08-06,Placer,061,380077,2558,2045,4,2049,20
2020-08-06,Plumas,063,18699,37,25,0,25,0
2020-08-06,Riverside,065,2383286,47736,40269,48,40317,781
2020-08-06,Sacramento,067,1510023,14253,10548,14,10562,153
2020-08-06,San Benito,069,59416,792,626,0,626,2
2020-08-06,San Bernardino,071,2135413,43064,34819,205,35024,516
2020-08-06,San Diego,073,3302833,34303,31129,74,31203,583
2020-08-06,San Francisco,075,870044,7959,6737,7,6744,60
2020-08-06,San Joaquin,077,732212,15820,12269,19,12288,203
2020-08-06,San Luis Obispo,079,281455,2412,2000,13,2013,13
2020-08-06,San Mateo,081,765935,7106,5885,7,5892,117
2020-08-06,Santa Barbara,083,443738,7206,6620,66,6686,65
2020-08-06,Santa Clara,085,1922200,14502,11280,33,11313,178
2020-08-06,Santa Cruz,087,273765,1458,1215,10,1225,4
2020-08-06,Shasta,089,179085,531,343,3,346,9
2020-08-06,Sierra,091,2930,5,3,0,3,0
2020-08-06,Siskiyou,093,43540,109,73,0,73,0
2020-08-06,Solano,095,438530,4649,3784,28,3812,29
2020-08-06,Sonoma,097,501317,4240,3259,8,3267,33
2020-08-06,Stanislaus,099,539301,12814,9566,88,9654,98
2020-08-06,Sutter,101,95872,989,797,1,798,6
2020-08-06,Tehama,103,63373,311,242,2,244,1
2020-08-06,Trinity,105,12862,27,5,6,11,0
2020-08-06,Tulare,107,460477,12294,10169,35,10204,195
2020-08-06,Tuolumne,109,53932,159,136,2,138,1
2020-08-06,Ventura,111,848112,9516,8245,41,8286,80
2020-08-06,Yolo,113,214977,2032,1662,4,1666,36
2020-08-06,Yuba,115,75493,606,407,0,407,1
2020-08-05,Alameda,001,1643700,14827,12140,111,12251,193
2020-08-05,Alpine,003,1148,2,2,0,2,0
2020-08-05,Amador,005,37829,218,123,0,123,0
2020-08-05,Butte,007,227075,1322,1038,15,1053,13
2020-08-05,Calaveras,009,45235,163,116,0,116,1
2020-08-05,Colusa,011,21464,401,354,0,354,3
2020-08-05,Contra Costa,013,1133247,11398,8362,33,8395,122
2020-08-05,Del Norte,015,27424,96,69,0,69,0
2020-08-05,El Dorado,017,186661,854,692,0,692,1
2020-08-05,Fresno,019,978130,23169,16625,220,16845,159
2020-08-05,Glenn,021,27897,397,330,0,330,1
2020-08-05,Humboldt,023,135768,294,249,1,250,4
2020-08-05,Imperial,025,180216,10580,8036,7,8043,163
2020-08-05,Inyo,027,18085,102,62,1,63,1
2020-08-05,Kern,029,883053,26383,21540,148,21688,194
2020-08-05,Kings,031,150075,5152,4192,27,4219,47
2020-08-05,Lake,033,64148,252,209,0,209,1
2020-08-05,Lassen,035,31185,648,557,2,559,0
2020-08-05,Los Angeles,037,10098052,212243,198355,691,199046,4832
2020-08-05,Madera,039,155013,3125,2172,12,2184,19
2020-08-05,Marin,041,260295,5604,5036,10,5046,43
2020-08-05,Mariposa,043,17540,64,52,0,52,2
2020-08-05,Mendocino,045,87422,401,248,0,248,1
2020-08-05,Merced,047,269075,6481,4119,3,4122,30
2020-08-05,Modoc,049,8938,7,3,0,3,0
2020-08-05,Mono,051,14174,159,104,2,106,1
2020-08-05,Monterey,053,433212,6178,4936,19,4955,32
2020-08-05,Napa,055,140530,1240,1020,2,1022,8
2020-08-05,Nevada,057,99092,358,327,13,340,2
2020-08-05,Orange,059,3164182,45449,37907,895,38802,663
2020-08-05,Placer,061,380077,2517,1989,4,1993,18
2020-08-05,Plumas,063,18699,36,25,0,25,0
2020-08-05,Riverside,065,2383286,47344,39454,46,39500,761
2020-08-05,Sacramento,067,1510023,14034,10261,13,10274,151
2020-08-05,San Benito,069,59416,783,613,0,613,2
2020-08-05,San Bernardino,071,2135413,42602,34442,200,34642,504
2020-08-05,San Diego,073,3302833,34079,30866,58,30924,578
2020-08-05,San Francisco,075,870044,7866,6701,7,6708,60
2020-08-05,San Joaquin,077,732212,15657,12148,19,12167,199
2020-08-05,San Luis Obispo,079,281455,2388,1928,13,1941,13
2020-08-05,San Mateo,081,765935,7010,5695,7,5702,116
2020-08-05,Santa Barbara,083,443738,7146,6597,66,6663,63
2020-08-05,Santa Clara,085,1922200,14268,11074,33,11107,176
2020-08-05,Santa Cruz,087,273765,1438,1192,8,1200,4
2020-08-05,Shasta,089,179085,525,338,3,341,9
2020-08-05,Sierra,091,2930,5,3,0,3,0
2020-08-05,Siskiyou,093,43540,105,72,0,72,0
2020-08-05,Solano,095,438530,4598,3750,27,3777,29
2020-08-05,Sonoma,097,501317,4157,3173,8,3181,33
2020-08-05,Stanislaus,099,539301,12655,9408,83,9491,97
2020-08-05,Sutter,101,95872,978,780,1,781,6
2020-08-05,Tehama,103,63373,308,231,2,233,1
2020-08-05,Trinity,105,12862,27,5,6,11,0
2020-08-05,Tulare,107,460477,12154,9924,35,9959,192
2020-08-05,Tuolumne,109,53932,159,137,2,139,0
2020-08-05,Ventura,111,848112,9400,8162,37,8199,75
2020-08-05,Yolo,113,214977,2004,1634,4,1638,36
2020-08-05,Yuba,115,75493,589,400,0,400,1
2020-08-04,Alameda,001,1643700,14610,11983,110,12093,192
2020-08-04,Alpine,003,1148,2,2,0,2,0
2020-08-04,Amador,005,37829,203,123,0,123,0
2020-08-04,Butte,007,227075,1298,1011,15,1026,10
2020-08-04,Calaveras,009,45235,159,116,0,116,1
2020-08-04,Colusa,011,21464,396,354,0,354,3
2020-08-04,Contra Costa,013,1133247,11231,8210,33,8243,122
2020-08-04,Del Norte,015,27424,94,69,0,69,0
2020-08-04,El Dorado,017,186661,844,668,0,668,1
2020-08-04,Fresno,019,978130,22885,16272,213,16485,154
2020-08-04,Glenn,021,27897,396,325,0,325,1
2020-08-04,Humboldt,023,135768,284,241,1,242,4
2020-08-04,Imperial,025,180216,10543,7974,7,7981,163
2020-08-04,Inyo,027,18085,88,59,1,60,1
2020-08-04,Kern,029,883053,26100,21403,148,21551,190
2020-08-04,Kings,031,150075,5087,4163,27,4190,47
2020-08-04,Lake,033,64148,252,206,0,206,1
2020-08-04,Lassen,035,31185,645,556,2,558,0
2020-08-04,Los Angeles,037,10098052,210315,196014,660,196674,4764
2020-08-04,Madera,039,155013,3082,2161,8,2169,19
2020-08-04,Marin,041,260295,5573,5020,9,5029,43
2020-08-04,Mariposa,043,17540,64,51,0,51,2
2020-08-04,Mendocino,045,87422,376,248,0,248,1
2020-08-04,Merced,047,269075,6367,4085,3,4088,30
2020-08-04,Modoc,049,8938,7,3,0,3,0
2020-08-04,Mono,051,14174,158,104,1,105,1
2020-08-04,Monterey,053,433212,6064,4892,19,4911,32
2020-08-04,Napa,055,140530,1227,994,0,994,8
2020-08-04,Nevada,057,99092,357,322,13,335,2
2020-08-04,Orange,059,3164182,45073,37844,889,38733,659
2020-08-04,Placer,061,380077,2480,1964,4,1968,17
2020-08-04,Plumas,063,18699,36,25,0,25,0
2020-08-04,Riverside,065,2383286,46959,38991,45,39036,743
2020-08-04,Sacramento,067,1510023,13816,10205,13,10218,146
2020-08-04,San Benito,069,59416,767,608,0,608,2
2020-08-04,San Bernardino,071,2135413,42052,34215,195,34410,495
2020-08-04,San Diego,073,3302833,33786,30518,46,30564,568
2020-08-04,San Francisco,075,870044,7778,6568,7,6575,60
2020-08-04,San Joaquin,077,732212,15528,12087,16,12103,189
2020-08-04,San Luis Obispo,079,281455,2358,1886,13,1899,13
2020-08-04,San Mateo,081,765935,6904,5690,7,5697,116
2020-08-04,Santa Barbara,083,443738,7086,6591,66,6657,61
2020-08-04,Santa Clara,085,1922200,13967,10986,32,11018,175
2020-08-04,Santa Cruz,087,273765,1419,1202,8,1210,4
2020-08-04,Shasta,089,179085,519,335,3,338,9
2020-08-04,Sierra,091,2930,5,1,0,1,0
2020-08-04,Siskiyou,093,43540,103,71,0,71,0
2020-08-04,Solano,095,438530,4527,3690,27,3717,29
2020-08-04,Sonoma,097,501317,4090,3108,8,3116,33
2020-08-04,Stanislaus,099,539301,12487,9359,75,9434,97
2020-08-04,Sutter,101,95872,964,761,1,762,6
2020-08-04,Tehama,103,63373,301,226,2,228,1
2020-08-04,Trinity,105,12862,27,5,6,11,0
2020-08-04,Tulare,107,460477,11974,9866,35,9901,192
2020-08-04,Tuolumne,109,53932,158,127,2,129,0
2020-08-04,Ventura,111,848112,9286,8134,35,8169,75
2020-08-04,Yolo,113,214977,1978,1626,4,1630,37
2020-08-04,Yuba,115,75493,574,398,0,398,1
2020-08-03,Alameda,001,1643700,14426,11817,106,11923,189
2020-08-03,Alpine,003,1148,2,2,0,2,0
2020-08-03,Amador,005,37829,199,119,0,119,0
2020-08-03,Butte,007,227075,1252,989,14,1003,9
2020-08-03,Calaveras,009,45235,156,117,0,117,1
2020-08-03,Colusa,011,21464,392,336,0,336,2
2020-08-03,Contra Costa,013,1133247,11034,8069,30,8099,120
2020-08-03,Del Norte,015,27424,90,68,0,68,0
2020-08-03,El Dorado,017,186661,833,645,0,645,1
2020-08-03,Fresno,019,978130,22591,15945,207,16152,151
2020-08-03,Glenn,021,27897,389,316,0,316,1
2020-08-03,Humboldt,023,135768,277,234,1,235,4
2020-08-03,Imperial,025,180216,10488,7953,7,7960,161
2020-08-03,Inyo,027,18085,85,57,1,58,1
2020-08-03,Kern,029,883053,25733,21285,141,21426,176
2020-08-03,Kings,031,150075,4975,4107,26,4133,47
2020-08-03,Lake,033,64148,245,201,0,201,1
2020-08-03,Lassen,035,31185,645,555,2,557,0
2020-08-03,Los Angeles,037,10098052,208285,194103,629,194732,4706
2020-08-03,Madera,039,155013,3033,2143,7,2150,18
2020-08-03,Marin,041,260295,5526,5001,9,5010,43
2020-08-03,Mariposa,043,17540,63,52,0,52,2
2020-08-03,Mendocino,045,87422,353,248,0,248,1
2020-08-03,Merced,047,269075,6245,4028,3,4031,29
2020-08-03,Modoc,049,8938,7,2,0,2,0
2020-08-03,Mono,051,14174,158,104,1,105,1
2020-08-03,Monterey,053,433212,5913,4806,16,4822,28
2020-08-03,Napa,055,140530,1213,973,0,973,8
2020-08-03,Nevada,057,99092,352,315,13,328,2
2020-08-03,Orange,059,3164182,44679,37705,879,38584,651
2020-08-03,Placer,061,380077,2425,1947,3,1950,16
2020-08-03,Plumas,063,18699,36,25,0,25,0
2020-08-03,Riverside,065,2383286,46491,38642,45,38687,740
2020-08-03,Sacramento,067,1510023,13621,10143,13,10156,142
2020-08-03,San Benito,069,59416,755,603,0,603,2
2020-08-03,San Bernardino,071,2135413,41525,33979,189,34168,444
2020-08-03,San Diego,073,3302833,33472,30228,36,30264,565
2020-08-03,San Francisco,075,870044,7684,6319,7,6326,60
2020-08-03,San Joaquin,077,732212,15331,12007,15,12022,189
2020-08-03,San Luis Obispo,079,281455,2316,1863,10,1873,14
2020-08-03,San Mateo,081,765935,6823,5661,7,5668,115
2020-08-03,Santa Barbara,083,443738,7042,6580,66,6646,59
2020-08-03,Santa Clara,085,1922200,13691,10747,32,10779,172
2020-08-03,Santa Cruz,087,273765,1399,1154,8,1162,4
2020-08-03,Shasta,089,179085,512,322,3,325,9
2020-08-03,Sierra,091,2930,5,1,0,1,0
2020-08-03,Siskiyou,093,43540,99,67,0,67,0
2020-08-03,Solano,095,438530,4458,3610,26,3636,29
2020-08-03,Sonoma,097,501317,3989,3079,7,3086,33
2020-08-03,Stanislaus,099,539301,12278,9308,67,9375,96
2020-08-03,Sutter,101,95872,940,713,1,714,6
2020-08-03,Tehama,103,63373,293,225,2,227,1
2020-08-03,Trinity,105,12862,27,5,6,11,0
2020-08-03,Tulare,107,460477,11790,9703,35,9738,188
2020-08-03,Tuolumne,109,53932,158,123,2,125,0
2020-08-03,Ventura,111,848112,9195,8084,32,8116,74
2020-08-03,Yolo,113,214977,1943,1598,3,1601,37
2020-08-03,Yuba,115,75493,550,393,0,393,1
2020-08-02,Alameda,001,1643700,14180,11696,94,11790,188
2020-08-02,Alpine,003,1148,2,2,0,2,0
2020-08-02,Amador,005,37829,194,117,0,117,0
2020-08-02,Butte,007,227075,1217,987,14,1001,9
2020-08-02,Calaveras,009,45235,153,116,0,116,1
2020-08-02,Colusa,011,21464,387,335,0,335,2
2020-08-02,Contra Costa,013,1133247,10795,7995,30,8025,118
2020-08-02,Del Norte,015,27424,89,68,0,68,0
2020-08-02,El Dorado,017,186661,823,643,0,643,1
2020-08-02,Fresno,019,978130,22316,15759,201,15960,151
2020-08-02,Glenn,021,27897,388,315,0,315,1
2020-08-02,Humboldt,023,135768,272,232,1,233,4
2020-08-02,Imperial,025,180216,10425,7919,7,7926,157
2020-08-02,Inyo,027,18085,84,45,1,46,1
2020-08-02,Kern,029,883053,25435,21162,139,21301,176
2020-08-02,Kings,031,150075,4913,3964,25,3989,47
2020-08-02,Lake,033,64148,240,201,0,201,1
2020-08-02,Lassen,035,31185,645,555,2,557,0
2020-08-02,Los Angeles,037,10098052,206200,192480,611,193091,4698
2020-08-02,Madera,039,155013,2967,2123,5,2128,18
2020-08-02,Marin,041,260295,5491,4985,9,4994,43
2020-08-02,Mariposa,043,17540,61,52,0,52,2
2020-08-02,Mendocino,045,87422,343,247,0,247,1
2020-08-02,Merced,047,269075,6103,4011,3,4014,29
2020-08-02,Modoc,049,8938,7,2,0,2,0
2020-08-02,Mono,051,14174,151,104,1,105,1
2020-08-02,Monterey,053,433212,5787,4698,16,4714,28
2020-08-02,Napa,055,140530,1198,956,0,956,8
2020-08-02,Nevada,057,99092,349,314,13,327,2
2020-08-02,Orange,059,3164182,44298,37266,868,38134,651
2020-08-02,Placer,061,380077,2386,1920,3,1923,15
2020-08-02,Plumas,063,18699,36,25,0,25,0
2020-08-02,Riverside,065,2383286,46058,38507,44,38551,735
2020-08-02,Sacramento,067,1510023,13342,10099,13,10112,142
2020-08-02,San Benito,069,59416,741,599,0,599,2
2020-08-02,San Bernardino,071,2135413,40923,33643,185,33828,443
2020-08-02,San Diego,073,3302833,33132,29885,27,29912,565
2020-08-02,San Francisco,075,870044,7566,6297,7,6304,60
2020-08-02,San Joaquin,077,732212,15045,11937,13,11950,189
2020-08-02,San Luis Obispo,079,281455,2253,1821,10,1831,14
2020-08-02,San Mateo,081,765935,6708,5618,7,5625,115
2020-08-02,Santa Barbara,083,443738,6952,6532,66,6598,59
2020-08-02,Santa Clara,085,1922200,13473,10577,32,10609,172
2020-08-02,Santa Cruz,087,273765,1379,1162,8,1170,4
2020-08-02,Shasta,089,179085,508,318,3,321,9
2020-08-02,Sierra,091,2930,4,1,0,1,0
2020-08-02,Siskiyou,093,43540,99,65,0,65,0
2020-08-02,Solano,095,438530,4399,3609,26,3635,29
2020-08-02,Sonoma,097,501317,3905,3005,7,3012,33
2020-08-02,Stanislaus,099,539301,12063,9277,62,9339,96
2020-08-02,Sutter,101,95872,905,714,1,715,6
2020-08-02,Tehama,103,63373,287,222,2,224,1
2020-08-02,Trinity,105,12862,27,5,6,11,0
2020-08-02,Tulare,107,460477,11581,9593,35,9628,188
2020-08-02,Tuolumne,109,53932,155,123,2,125,0
2020-08-02,Ventura,111,848112,9048,8014,32,8046,73
2020-08-02,Yolo,113,214977,1918,1588,3,1591,37
2020-08-02,Yuba,115,75493,530,393,0,393,1
2020-08-01,Alameda,001,1643700,14068,11590,94,11684,188
2020-08-01,Alpine,003,1148,2,2,0,2,0
2020-08-01,Amador,005,37829,190,109,0,109,0
2020-08-01,Butte,007,227075,1203,976,14,990,9
2020-08-01,Calaveras,009,45235,149,116,0,116,1
2020-08-01,Colusa,011,21464,386,327,0,327,2
2020-08-01,Contra Costa,013,1133247,10662,7867,29,7896,116
2020-08-01,Del Norte,015,27424,89,68,0,68,0
2020-08-01,El Dorado,017,186661,820,637,0,637,1
2020-08-01,Fresno,019,978130,22179,15448,201,15649,149
2020-08-01,Glenn,021,27897,387,311,0,311,1
2020-08-01,Humboldt,023,135768,271,232,1,233,4
2020-08-01,Imperial,025,180216,10389,7919,7,7926,156
2020-08-01,Inyo,027,18085,82,45,1,46,1
2020-08-01,Kern,029,883053,25277,20796,135,20931,176
2020-08-01,Kings,031,150075,4887,3948,25,3973,47
2020-08-01,Lake,033,64148,238,194,0,194,1
2020-08-01,Lassen,035,31185,644,555,2,557,0
2020-08-01,Los Angeles,037,10098052,205307,191023,584,191607,4674
2020-08-01,Madera,039,155013,2928,2103,5,2108,18
2020-08-01,Marin,041,260295,5476,4945,9,4954,43
2020-08-01,Mariposa,043,17540,61,50,0,50,2
2020-08-01,Mendocino,045,87422,336,243,0,243,1
2020-08-01,Merced,047,269075,6055,3972,3,3975,29
2020-08-01,Modoc,049,8938,7,2,0,2,0
2020-08-01,Mono,051,14174,150,104,1,105,1
2020-08-01,Monterey,053,433212,5720,4611,15,4626,28
2020-08-01,Napa,055,140530,1189,923,0,923,8
2020-08-01,Nevada,057,99092,345,305,13,318,2
2020-08-01,Orange,059,3164182,44071,36703,862,37565,648
2020-08-01,Placer,061,380077,2352,1891,3,1894,14
2020-08-01,Plumas,063,18699,35,25,0,25,0
2020-08-01,Riverside,065,2383286,45846,38216,42,38258,704
2020-08-01,Sacramento,067,1510023,13191,10044,13,10057,141
2020-08-01,San Benito,069,59416,730,579,0,579,2
2020-08-01,San Bernardino,071,2135413,40687,32947,184,33131,440
2020-08-01,San Diego,073,3302833,32915,29579,19,29598,565
2020-08-01,San Francisco,075,870044,7504,6296,7,6303,60
2020-08-01,San Joaquin,077,732212,14972,11807,12,11819,189
2020-08-01,San Luis Obispo,079,281455,2224,1798,10,1808,13
2020-08-01,San Mateo,081,765935,6654,5520,7,5527,115
2020-08-01,Santa Barbara,083,443738,6912,6465,66,6531,59
2020-08-01,Santa Clara,085,1922200,13322,10281,31,10312,171
2020-08-01,Santa Cruz,087,273765,1363,1164,8,1172,4
2020-08-01,Shasta,089,179085,503,312,3,315,9
2020-08-01,Sierra,091,2930,3,1,0,1,0
2020-08-01,Siskiyou,093,43540,99,64,0,64,0
2020-08-01,Solano,095,438530,4365,3591,25,3616,29
2020-08-01,Sonoma,097,501317,3859,2890,7,2897,29
2020-08-01,Stanislaus,099,539301,11945,9221,54,9275,96
2020-08-01,Sutter,101,95872,901,714,1,715,6
2020-08-01,Tehama,103,63373,284,220,2,222,1
2020-08-01,Trinity,105,12862,27,5,6,11,0
2020-08-01,Tulare,107,460477,11513,9520,35,9555,188
2020-08-01,Tuolumne,109,53932,155,123,2,125,0
2020-08-01,Ventura,111,848112,9002,7819,32,7851,73
2020-08-01,Yolo,113,214977,1908,1557,3,1560,37
2020-08-01,Yuba,115,75493,525,387,0,387,1
2020-07-31,Alameda,001,1643700,13937,11441,94,11535,187
2020-07-31,Alpine,003,1148,2,2,0,2,0
2020-07-31,Amador,005,37829,189,98,0,98,0
2020-07-31,Butte,007,227075,1180,925,14,939,7
2020-07-31,Calaveras,009,45235,149,112,0,112,1
2020-07-31,Colusa,011,21464,376,319,0,319,2
2020-07-31,Contra Costa,013,1133247,10514,7697,28,7725,113
2020-07-31,Del Norte,015,27424,88,68,0,68,0
2020-07-31,El Dorado,017,186661,809,616,0,616,1
2020-07-31,Fresno,019,978130,21959,15083,201,15284,133
2020-07-31,Glenn,021,27897,380,304,0,304,1
2020-07-31,Humboldt,023,135768,264,229,1,230,4
2020-07-31,Imperial,025,180216,10357,7886,7,7893,155
2020-07-31,Inyo,027,18085,72,45,1,46,1
2020-07-31,Kern,029,883053,25036,20061,131,20192,173
2020-07-31,Kings,031,150075,4859,3807,25,3832,45
2020-07-31,Lake,033,64148,237,191,0,191,1
2020-07-31,Lassen,035,31185,639,544,2,546,0
2020-07-31,Los Angeles,037,10098052,203707,188688,571,189259,4628
2020-07-31,Madera,039,155013,2881,2036,5,2041,19
2020-07-31,Marin,041,260295,5432,4885,6,4891,43
2020-07-31,Mariposa,043,17540,61,49,0,49,2
2020-07-31,Mendocino,045,87422,321,232,0,232,1
2020-07-31,Merced,047,269075,5972,3789,3,3792,30
2020-07-31,Modoc,049,8938,6,0,0,0,0
2020-07-31,Mono,051,14174,149,104,1,105,1
2020-07-31,Monterey,053,433212,5628,4493,15,4508,24
2020-07-31,Napa,055,140530,1177,897,0,897,7
2020-07-31,Nevada,057,99092,343,302,13,315,2
2020-07-31,Orange,059,3164182,43772,36196,847,37043,620
2020-07-31,Placer,061,380077,2327,1853,3,1856,14
2020-07-31,Plumas,063,18699,34,25,0,25,0
2020-07-31,Riverside,065,2383286,45456,37612,41,37653,694
2020-07-31,Sacramento,067,1510023,13013,9872,13,9885,132
2020-07-31,San Benito,069,59416,722,567,0,567,2
2020-07-31,San Bernardino,071,2135413,40357,32332,183,32515,434
2020-07-31,San Diego,073,3302833,32681,29050,11,29061,561
2020-07-31,San Francisco,075,870044,7405,6126,7,6133,60
2020-07-31,San Joaquin,077,732212,14832,11561,12,11573,177
2020-07-31,San Luis Obispo,079,281455,2155,1746,10,1756,12
2020-07-31,San Mateo,081,765935,6582,5416,7,5423,115
2020-07-31,Santa Barbara,083,443738,6845,6375,66,6441,58
2020-07-31,Santa Clara,085,1922200,13101,9863,31,9894,171
2020-07-31,Santa Cruz,087,273765,1340,1118,8,1126,4
2020-07-31,Shasta,089,179085,493,305,3,308,9
2020-07-31,Sierra,091,2930,3,1,0,1,0
2020-07-31,Siskiyou,093,43540,97,61,0,61,0
2020-07-31,Solano,095,438530,4318,3510,24,3534,29
2020-07-31,Sonoma,097,501317,3801,2745,7,2752,27
2020-07-31,Stanislaus,099,539301,11838,9061,49,9110,94
2020-07-31,Sutter,101,95872,896,714,1,715,6
2020-07-31,Tehama,103,63373,281,213,2,215,1
2020-07-31,Trinity,105,12862,27,5,6,11,0
2020-07-31,Tulare,107,460477,11392,9365,35,9400,184
2020-07-31,Tuolumne,109,53932,155,120,2,122,0
2020-07-31,Ventura,111,848112,8927,7521,32,7553,71
2020-07-31,Yolo,113,214977,1882,1522,3,1525,38
2020-07-31,Yuba,115,75493,516,369,0,369,1
2020-07-30,Alameda,001,1643700,13734,11303,54,11357,185
2020-07-30,Alpine,003,1148,2,2,0,2,0
2020-07-30,Amador,005,37829,171,97,0,97,0
2020-07-30,Butte,007,227075,1164,915,14,929,7
2020-07-30,Calaveras,009,45235,145,111,0,111,1
2020-07-30,Colusa,011,21464,373,315,0,315,2
2020-07-30,Contra Costa,013,1133247,10329,7615,27,7642,112
2020-07-30,Del Norte,015,27424,88,68,0,68,0
2020-07-30,El Dorado,017,186661,802,608,0,608,1
2020-07-30,Fresno,019,978130,21623,14793,195,14988,133
2020-07-30,Glenn,021,27897,373,297,0,297,1
2020-07-30,Humboldt,023,135768,262,228,1,229,4
2020-07-30,Imperial,025,180216,10298,7849,7,7856,151
2020-07-30,Inyo,027,18085,68,44,1,45,1
2020-07-30,Kern,029,883053,24743,19552,127,19679,171
2020-07-30,Kings,031,150075,4755,3785,25,3810,43
2020-07-30,Lake,033,64148,231,181,0,181,1
2020-07-30,Lassen,035,31185,636,544,2,546,0
2020-07-30,Los Angeles,037,10098052,201678,186177,539,186716,4564
2020-07-30,Madera,039,155013,2811,2007,5,2012,18
2020-07-30,Marin,041,260295,5390,4835,5,4840,39
2020-07-30,Mariposa,043,17540,61,49,0,49,1
2020-07-30,Mendocino,045,87422,314,232,0,232,1
2020-07-30,Merced,047,269075,5807,3695,3,3698,30
2020-07-30,Modoc,049,8938,6,0,0,0,0
2020-07-30,Mono,051,14174,148,104,1,105,1
2020-07-30,Monterey,053,433212,5516,4352,15,4367,24
2020-07-30,Napa,055,140530,1160,874,0,874,7
2020-07-30,Nevada,057,99092,338,292,13,305,2
2020-07-30,Orange,059,3164182,43357,36105,822,36927,607
2020-07-30,Placer,061,380077,2276,1821,3,1824,14
2020-07-30,Plumas,063,18699,33,25,0,25,0
2020-07-30,Riverside,065,2383286,44915,37308,41,37349,685
2020-07-30,Sacramento,067,1510023,12794,9704,13,9717,126
2020-07-30,San Benito,069,59416,709,558,0,558,2
2020-07-30,San Bernardino,071,2135413,39834,32010,183,32193,427
2020-07-30,San Diego,073,3302833,32334,28670,9,28679,558
2020-07-30,San Francisco,075,870044,7305,6107,7,6114,59
2020-07-30,San Joaquin,077,732212,14638,11435,12,11447,161
2020-07-30,San Luis Obispo,079,281455,2119,1703,10,1713,12
2020-07-30,San Mateo,081,765935,6487,5369,7,5376,115
2020-07-30,Santa Barbara,083,443738,6765,6273,66,6339,52
2020-07-30,Santa Clara,085,1922200,12865,9708,30,9738,170
2020-07-30,Santa Cruz,087,273765,1312,1087,8,1095,4
2020-07-30,Shasta,089,179085,489,306,3,309,8
2020-07-30,Sierra,091,2930,3,1,0,1,0
2020-07-30,Siskiyou,093,43540,96,60,0,60,0
2020-07-30,Solano,095,438530,4267,3463,24,3487,29
2020-07-30,Sonoma,097,501317,3729,2684,7,2691,25
2020-07-30,Stanislaus,099,539301,11625,8890,41,8931,94
2020-07-30,Sutter,101,95872,877,698,1,699,6
2020-07-30,Tehama,103,63373,278,208,2,210,1
2020-07-30,Trinity,105,12862,26,4,6,10,0
2020-07-30,Tulare,107,460477,11263,9167,35,9202,177
2020-07-30,Tuolumne,109,53932,154,119,2,121,0
2020-07-30,Ventura,111,848112,8815,7304,30,7334,69
2020-07-30,Yolo,113,214977,1862,1511,3,1514,37
2020-07-30,Yuba,115,75493,503,362,0,362,1
2020-07-29,Alameda,001,1643700,13515,11177,49,11226,180
2020-07-29,Alpine,003,1148,2,2,0,2,0
2020-07-29,Amador,005,37829,163,80,0,80,0
2020-07-29,Butte,007,227075,1138,889,12,901,7
2020-07-29,Calaveras,009,45235,139,107,0,107,1
2020-07-29,Colusa,011,21464,369,302,0,302,2
2020-07-29,Contra Costa,013,1133247,10125,7520,27,7547,108
2020-07-29,Del Norte,015,27424,88,68,0,68,0
2020-07-29,El Dorado,017,186661,792,588,0,588,1
2020-07-29,Fresno,019,978130,21331,14312,195,14507,125
2020-07-29,Glenn,021,27897,366,294,0,294,1
2020-07-29,Humboldt,023,135768,259,221,1,222,4
2020-07-29,Imperial,025,180216,10250,7825,7,7832,147
2020-07-29,Inyo,027,18085,63,44,1,45,1
2020-07-29,Kern,029,883053,24405,19073,124,19197,162
2020-07-29,Kings,031,150075,4707,3755,25,3780,43
2020-07-29,Lake,033,64148,229,179,0,179,1
2020-07-29,Lassen,035,31185,621,513,2,515,0
2020-07-29,Los Angeles,037,10098052,199653,183600,522,184122,4523
2020-07-29,Madera,039,155013,2757,1941,5,1946,18
2020-07-29,Marin,041,260295,5352,4747,5,4752,34
2020-07-29,Mariposa,043,17540,60,47,0,47,1
2020-07-29,Mendocino,045,87422,306,228,0,228,0
2020-07-29,Merced,047,269075,5667,3605,3,3608,25
2020-07-29,Modoc,049,8938,5,0,0,0,0
2020-07-29,Mono,051,14174,145,102,1,103,1
2020-07-29,Monterey,053,433212,5417,4252,15,4267,24
2020-07-29,Napa,055,140530,1132,866,0,866,7
2020-07-29,Nevada,057,99092,334,288,13,301,1
2020-07-29,Orange,059,3164182,42923,35339,810,36149,589
2020-07-29,Placer,061,380077,2244,1798,3,1801,14
2020-07-29,Plumas,063,18699,33,25,0,25,0
2020-07-29,Riverside,065,2383286,44323,36968,41,37009,678
2020-07-29,Sacramento,067,1510023,12548,9538,13,9551,122
2020-07-29,San Benito,069,59416,694,537,0,537,2
2020-07-29,San Bernardino,071,2135413,39345,31168,172,31340,417
2020-07-29,San Diego,073,3302833,32009,28289,8,28297,552
2020-07-29,San Francisco,075,870044,7211,6041,7,6048,56
2020-07-29,San Joaquin,077,732212,14390,11249,9,11258,154
2020-07-29,San Luis Obispo,079,281455,2098,1673,10,1683,11
2020-07-29,San Mateo,081,765935,6399,5305,7,5312,114
2020-07-29,Santa Barbara,083,443738,6698,6215,66,6281,31
2020-07-29,Santa Clara,085,1922200,12658,9567,30,9597,165
2020-07-29,Santa Cruz,087,273765,1288,1051,8,1059,4
2020-07-29,Shasta,089,179085,477,297,3,300,8
2020-07-29,Sierra,091,2930,2,1,0,1,0
2020-07-29,Siskiyou,093,43540,94,58,0,58,0
2020-07-29,Solano,095,438530,4213,3380,24,3404,29
2020-07-29,Sonoma,097,501317,3652,2598,7,2605,26
2020-07-29,Stanislaus,099,539301,11404,8745,35,8780,94
2020-07-29,Sutter,101,95872,849,678,1,679,6
2020-07-29,Tehama,103,63373,274,206,2,208,1
2020-07-29,Trinity,105,12862,26,4,6,10,0
2020-07-29,Tulare,107,460477,11092,9028,35,9063,156
2020-07-29,Tuolumne,109,53932,154,118,2,120,0
2020-07-29,Ventura,111,848112,8710,7161,30,7191,68
2020-07-29,Yolo,113,214977,1836,1488,3,1491,36
2020-07-29,Yuba,115,75493,487,350,0,350,1
2020-07-28,Alameda,001,1643700,13287,10875,48,10923,180
2020-07-28,Alpine,003,1148,2,2,0,2,0
2020-07-28,Amador,005,37829,153,77,0,77,0
2020-07-28,Butte,007,227075,1103,857,12,869,7
2020-07-28,Calaveras,009,45235,138,105,0,105,1
2020-07-28,Colusa,011,21464,363,290,0,290,2
2020-07-28,Contra Costa,013,1133247,9903,7426,27,7453,107
2020-07-28,Del Norte,015,27424,87,68,0,68,0
2020-07-28,El Dorado,017,186661,777,558,0,558,1
2020-07-28,Fresno,019,978130,20995,13933,189,14122,125
2020-07-28,Glenn,021,27897,364,289,0,289,1
2020-07-28,Humboldt,023,135768,258,218,1,219,4
2020-07-28,Imperial,025,180216,10214,7804,7,7811,145
2020-07-28,Inyo,027,18085,61,43,1,44,1
2020-07-28,Kern,029,883053,24042,18834,118,18952,155
2020-07-28,Kings,031,150075,4661,3721,25,3746,41
2020-07-28,Lake,033,64148,225,179,0,179,1
2020-07-28,Lassen,035,31185,615,508,2,510,0
2020-07-28,Los Angeles,037,10098052,197424,179107,499,179606,4435
2020-07-28,Madera,039,155013,2691,1889,5,1894,18
2020-07-28,Marin,041,260295,5283,4698,5,4703,23
2020-07-28,Mariposa,043,17540,58,45,0,45,1
2020-07-28,Mendocino,045,87422,295,222,0,222,0
2020-07-28,Merced,047,269075,5522,3446,3,3449,23
2020-07-28,Modoc,049,8938,4,0,0,0,0
2020-07-28,Mono,051,14174,144,102,1,103,1
2020-07-28,Monterey,053,433212,5296,4047,15,4062,22
2020-07-28,Napa,055,140530,1110,824,0,824,6
2020-07-28,Nevada,057,99092,329,278,13,291,1
2020-07-28,Orange,059,3164182,42465,34832,797,35629,582
2020-07-28,Placer,061,380077,2209,1759,3,1762,14
2020-07-28,Plumas,063,18699,33,22,0,22,0
2020-07-28,Riverside,065,2383286,43721,36458,41,36499,668
2020-07-28,Sacramento,067,1510023,12289,9429,12,9441,117
2020-07-28,San Benito,069,59416,684,503,0,503,2
2020-07-28,San Bernardino,071,2135413,38821,30493,168,30661,412
2020-07-28,San Diego,073,3302833,31659,28007,6,28013,547
2020-07-28,San Francisco,075,870044,7098,5888,7,5895,56
2020-07-28,San Joaquin,077,732212,14107,10958,7,10965,141
2020-07-28,San Luis Obispo,079,281455,2065,1636,10,1646,9
2020-07-28,San Mateo,081,765935,6325,5171,7,5178,114
2020-07-28,Santa Barbara,083,443738,6635,6110,64,6174,31
2020-07-28,Santa Clara,085,1922200,12423,9307,30,9337,165
2020-07-28,Santa Cruz,087,273765,1261,1018,8,1026,4
2020-07-28,Shasta,089,179085,465,275,3,278,8
2020-07-28,Sierra,091,2930,2,1,0,1,0
2020-07-28,Siskiyou,093,43540,90,57,0,57,0
2020-07-28,Solano,095,438530,4166,3292,23,3315,29
2020-07-28,Sonoma,097,501317,3578,2553,7,2560,20
2020-07-28,Stanislaus,099,539301,11182,8492,27,8519,92
2020-07-28,Sutter,101,95872,812,653,0,653,2
2020-07-28,Tehama,103,63373,269,199,2,201,1
2020-07-28,Trinity,105,12862,26,3,6,9,0
2020-07-28,Tulare,107,460477,10905,8787,35,8822,96
2020-07-28,Tuolumne,109,53932,153,116,2,118,0
2020-07-28,Ventura,111,848112,8584,7045,29,7074,68
2020-07-28,Yolo,113,214977,1808,1459,3,1462,36
2020-07-28,Yuba,115,75493,470,333,0,333,1
2020-07-27,Alameda,001,1643700,13060,10645,45,10690,176
2020-07-27,Alpine,003,1148,2,2,0,2,0
2020-07-27,Amador,005,37829,148,72,0,72,0
2020-07-27,Butte,007,227075,1076,843,12,855,7
2020-07-27,Calaveras,009,45235,134,103,0,103,1
2020-07-27,Colusa,011,21464,356,271,0,271,2
2020-07-27,Contra Costa,013,1133247,9681,7256,27,7283,104
2020-07-27,Del Norte,015,27424,86,67,0,67,0
2020-07-27,El Dorado,017,186661,765,548,0,548,1
2020-07-27,Fresno,019,978130,20648,13485,183,13668,117
2020-07-27,Glenn,021,27897,362,277,0,277,1
2020-07-27,Humboldt,023,135768,253,218,1,219,4
2020-07-27,Imperial,025,180216,10164,7789,7,7796,144
2020-07-27,Inyo,027,18085,61,43,1,44,1
2020-07-27,Kern,029,883053,23540,17994,112,18106,148
2020-07-27,Kings,031,150075,4412,3685,25,3710,39
2020-07-27,Lake,033,64148,221,176,0,176,1
2020-07-27,Lassen,035,31185,615,503,2,505,0
2020-07-27,Los Angeles,037,10098052,195003,176351,481,176832,4379
2020-07-27,Madera,039,155013,2626,1793,5,1798,17
2020-07-27,Marin,041,260295,5195,4669,5,4674,22
2020-07-27,Mariposa,043,17540,58,43,0,43,1
2020-07-27,Mendocino,045,87422,282,209,0,209,0
2020-07-27,Merced,047,269075,5382,3292,3,3295,23
2020-07-27,Modoc,049,8938,3,0,0,0,0
2020-07-27,Mono,051,14174,140,99,1,100,1
2020-07-27,Monterey,053,433212,5106,3960,15,3975,21
2020-07-27,Napa,055,140530,1095,769,0,769,6
2020-07-27,Nevada,057,99092,325,268,13,281,1
2020-07-27,Orange,059,3164182,42025,34649,781,35430,566
2020-07-27,Placer,061,380077,2159,1679,3,1682,12
2020-07-27,Plumas,063,18699,33,22,0,22,0
2020-07-27,Riverside,065,2383286,43041,35822,41,35863,667
2020-07-27,Sacramento,067,1510023,11996,9091,12,9103,114
2020-07-27,San Benito,069,59416,669,498,0,498,2
2020-07-27,San Bernardino,071,2135413,38229,29928,158,30086,401
2020-07-27,San Diego,073,3302833,31285,27509,5,27514,533
2020-07-27,San Francisco,075,870044,7011,5825,7,5832,55
2020-07-27,San Joaquin,077,732212,13818,10728,7,10735,129
2020-07-27,San Luis Obispo,079,281455,2020,1612,10,1622,9
2020-07-27,San Mateo,081,765935,6216,5108,7,5115,113
2020-07-27,Santa Barbara,083,443738,6556,6026,62,6088,30
2020-07-27,Santa Clara,085,1922200,12154,9157,29,9186,166
2020-07-27,Santa Cruz,087,273765,1238,984,8,992,4
2020-07-27,Shasta,089,179085,458,275,3,278,8
2020-07-27,Sierra,091,2930,2,1,0,1,0
2020-07-27,Siskiyou,093,43540,88,54,0,54,0
2020-07-27,Solano,095,438530,4099,3198,22,3220,29
2020-07-27,Sonoma,097,501317,3487,2504,7,2511,20
2020-07-27,Stanislaus,099,539301,10955,8288,19,8307,84
2020-07-27,Sutter,101,95872,786,620,0,620,2
2020-07-27,Tehama,103,63373,261,192,2,194,1
2020-07-27,Trinity,105,12862,26,3,6,9,0
2020-07-27,Tulare,107,460477,10687,8462,35,8497,172
2020-07-27,Tuolumne,109,53932,150,115,2,117,0
2020-07-27,Ventura,111,848112,8456,6998,28,7026,68
2020-07-27,Yolo,113,214977,1763,1439,3,1442,33
2020-07-27,Yuba,115,75493,450,328,0,328,1
2020-07-26,Alameda,001,1643700,12822,10489,44,10533,176
2020-07-26,Alpine,003,1148,2,2,0,2,0
2020-07-26,Amador,005,37829,142,67,0,67,0
2020-07-26,Butte,007,227075,1039,822,12,834,5
2020-07-26,Calaveras,009,45235,131,103,0,103,1
2020-07-26,Colusa,011,21464,347,270,0,270,2
2020-07-26,Contra Costa,013,1133247,9444,7095,27,7122,104
2020-07-26,Del Norte,015,27424,84,67,0,67,0
2020-07-26,El Dorado,017,186661,747,539,0,539,1
2020-07-26,Fresno,019,978130,20257,13209,175,13384,117
2020-07-26,Glenn,021,27897,354,265,0,265,1
2020-07-26,Humboldt,023,135768,247,214,1,215,4
2020-07-26,Imperial,025,180216,10091,7781,7,7788,144
2020-07-26,Inyo,027,18085,56,43,1,44,1
2020-07-26,Kern,029,883053,23016,17394,109,17503,148
2020-07-26,Kings,031,150075,4353,3591,25,3616,39
2020-07-26,Lake,033,64148,213,174,0,174,1
2020-07-26,Lassen,035,31185,574,503,2,505,0
2020-07-26,Los Angeles,037,10098052,192436,174322,463,174785,4364
2020-07-26,Madera,039,155013,2539,1744,5,1749,17
2020-07-26,Marin,041,260295,5149,4595,5,4600,22
2020-07-26,Mariposa,043,17540,56,43,0,43,1
2020-07-26,Mendocino,045,87422,273,206,0,206,0
2020-07-26,Merced,047,269075,5202,3251,2,3253,23
2020-07-26,Modoc,049,8938,3,0,0,0,0
2020-07-26,Mono,051,14174,136,82,1,83,1
2020-07-26,Monterey,053,433212,4940,3901,15,3916,21
2020-07-26,Napa,055,140530,1076,769,0,769,6
2020-07-26,Nevada,057,99092,322,261,13,274,1
2020-07-26,Orange,059,3164182,41500,34352,749,35101,564
2020-07-26,Placer,061,380077,2095,1628,3,1631,12
2020-07-26,Plumas,063,18699,33,22,0,22,0
2020-07-26,Riverside,065,2383286,42480,35636,41,35677,665
2020-07-26,Sacramento,067,1510023,11691,8972,12,8984,114
2020-07-26,San Benito,069,59416,657,495,0,495,2
2020-07-26,San Bernardino,071,2135413,37590,29545,149,29694,400
2020-07-26,San Diego,073,3302833,30889,26986,4,26990,533
2020-07-26,San Francisco,075,870044,6903,5823,7,5830,55
2020-07-26,San Joaquin,077,732212,13525,10637,7,10644,129
2020-07-26,San Luis Obispo,079,281455,1977,1565,10,1575,8
2020-07-26,San Mateo,081,765935,6110,5078,7,5085,113
2020-07-26,Santa Barbara,083,443738,6455,5939,62,6001,30
2020-07-26,Santa Clara,085,1922200,11925,8986,29,9015,166
2020-07-26,Santa Cruz,087,273765,1211,970,8,978,4
2020-07-26,Shasta,089,179085,451,265,3,268,8
2020-07-26,Sierra,091,2930,2,1,0,1,0
2020-07-26,Siskiyou,093,43540,86,54,0,54,0
2020-07-26,Solano,095,438530,4019,3197,20,3217,29
2020-07-26,Sonoma,097,501317,3398,2503,6,2509,20
2020-07-26,Stanislaus,099,539301,10694,8228,18,8246,84
2020-07-26,Sutter,101,95872,772,612,0,612,2
2020-07-26,Tehama,103,63373,254,175,2,177,1
2020-07-26,Trinity,105,12862,26,3,6,9,0
2020-07-26,Tulare,107,460477,10480,8392,35,8427,172
2020-07-26,Tuolumne,109,53932,145,113,2,115,0
2020-07-26,Ventura,111,848112,8249,6844,28,6872,67
2020-07-26,Yolo,113,214977,1732,1408,3,1411,33
2020-07-26,Yuba,115,75493,431,313,0,313,1
2020-07-25,Alameda,001,1643700,12725,10361,42,10403,176
2020-07-25,Alpine,003,1148,2,2,0,2,0
2020-07-25,Amador,005,37829,139,67,0,67,0
2020-07-25,Butte,007,227075,1030,810,12,822,5
2020-07-25,Calaveras,009,45235,127,103,0,103,1
2020-07-25,Colusa,011,21464,340,265,0,265,2
2020-07-25,Contra Costa,013,1133247,9299,6920,27,6947,104
2020-07-25,Del Norte,015,27424,84,67,0,67,0
2020-07-25,El Dorado,017,186661,736,528,0,528,1
2020-07-25,Fresno,019,978130,20071,12866,175,13041,117
2020-07-25,Glenn,021,27897,352,260,0,260,1
2020-07-25,Humboldt,023,135768,244,212,1,213,4
2020-07-25,Imperial,025,180216,10065,7727,7,7734,144
2020-07-25,Inyo,027,18085,55,43,1,44,1
2020-07-25,Kern,029,883053,22798,16910,108,17018,148
2020-07-25,Kings,031,150075,4336,3516,25,3541,39
2020-07-25,Lake,033,64148,211,173,0,173,1
2020-07-25,Lassen,035,31185,574,503,2,505,0
2020-07-25,Los Angeles,037,10098052,191306,172611,456,173067,4357
2020-07-25,Madera,039,155013,2507,1724,5,1729,17
2020-07-25,Marin,041,260295,5133,4562,5,4567,22
2020-07-25,Mariposa,043,17540,55,43,0,43,1
2020-07-25,Mendocino,045,87422,267,190,0,190,0
2020-07-25,Merced,047,269075,5123,3176,2,3178,23
2020-07-25,Modoc,049,8938,3,0,0,0,0
2020-07-25,Mono,051,14174,136,82,1,83,1
2020-07-25,Monterey,053,433212,4863,3805,15,3820,21
2020-07-25,Napa,055,140530,1063,746,0,746,6
2020-07-25,Nevada,057,99092,320,257,13,270,1
2020-07-25,Orange,059,3164182,41280,33978,728,34706,561
2020-07-25,Placer,061,380077,2079,1596,3,1599,12
2020-07-25,Plumas,063,18699,33,22,0,22,0
2020-07-25,Riverside,065,2383286,42211,34921,41,34962,655
2020-07-25,Sacramento,067,1510023,11545,8674,12,8686,113
2020-07-25,San Benito,069,59416,641,492,0,492,2
2020-07-25,San Bernardino,071,2135413,37312,29265,146,29411,394
2020-07-25,San Diego,073,3302833,30628,26703,3,26706,533
2020-07-25,San Francisco,075,870044,6845,5644,7,5651,55
2020-07-25,San Joaquin,077,732212,13399,10347,6,10353,129
2020-07-25,San Luis Obispo,079,281455,1957,1530,9,1539,8
2020-07-25,San Mateo,081,765935,6047,5023,7,5030,113
2020-07-25,Santa Barbara,083,443738,6420,5880,62,5942,30
2020-07-25,Santa Clara,085,1922200,11791,8767,29,8796,166
2020-07-25,Santa Cruz,087,273765,1194,939,8,947,4
2020-07-25,Shasta,089,179085,446,263,1,264,8
2020-07-25,Sierra,091,2930,2,1,0,1,0
2020-07-25,Siskiyou,093,43540,84,54,0,54,0
2020-07-25,Solano,095,438530,3979,3107,18,3125,29
2020-07-25,Sonoma,097,501317,3359,2412,6,2418,20
2020-07-25,Stanislaus,099,539301,10591,7994,15,8009,84
2020-07-25,Sutter,101,95872,753,603,0,603,2
2020-07-25,Tehama,103,63373,253,169,2,171,1
2020-07-25,Trinity,105,12862,26,3,6,9,0
2020-07-25,Tulare,107,460477,10380,8310,35,8345,172
2020-07-25,Tuolumne,109,53932,144,99,2,101,0
2020-07-25,Ventura,111,848112,8176,6662,28,6690,62
2020-07-25,Yolo,113,214977,1717,1357,3,1360,35
2020-07-25,Yuba,115,75493,425,312,0,312,1
2020-07-24,Alameda,001,1643700,12583,10216,39,10255,176
2020-07-24,Alpine,003,1148,2,2,0,2,0
2020-07-24,Amador,005,37829,137,66,0,66,0
2020-07-24,Butte,007,227075,1018,751,12,763,5
2020-07-24,Calaveras,009,45235,123,102,0,102,0
2020-07-24,Colusa,011,21464,337,255,0,255,2
2020-07-24,Contra Costa,013,1133247,9153,6814,27,6841,100
2020-07-24,Del Norte,015,27424,84,66,0,66,0
2020-07-24,El Dorado,017,186661,714,516,0,516,1
2020-07-24,Fresno,019,978130,19845,12564,175,12739,115
2020-07-24,Glenn,021,27897,349,251,0,251,1
2020-07-24,Humboldt,023,135768,241,210,1,211,4
2020-07-24,Imperial,025,180216,10043,7686,7,7693,141
2020-07-24,Inyo,027,18085,55,41,1,42,1
2020-07-24,Kern,029,883053,22557,16124,108,16232,143
2020-07-24,Kings,031,150075,4306,3471,25,3496,39
2020-07-24,Lake,033,64148,209,167,0,167,1
2020-07-24,Lassen,035,31185,574,503,2,505,0
2020-07-24,Los Angeles,037,10098052,189287,169078,445,169523,4302
2020-07-24,Madera,039,155013,2474,1679,5,1684,16
2020-07-24,Marin,041,260295,5106,4517,5,4522,22
2020-07-24,Mariposa,043,17540,55,41,0,41,1
2020-07-24,Mendocino,045,87422,260,188,0,188,0
2020-07-24,Merced,047,269075,5038,3100,2,3102,23
2020-07-24,Modoc,049,8938,3,0,0,0,0
2020-07-24,Mono,051,14174,135,82,1,83,1
2020-07-24,Monterey,053,433212,4791,3748,15,3763,21
2020-07-24,Napa,055,140530,1050,741,0,741,6
2020-07-24,Nevada,057,99092,317,255,13,268,1
2020-07-24,Orange,059,3164182,40993,33530,712,34242,557
2020-07-24,Placer,061,380077,2048,1551,3,1554,12
2020-07-24,Plumas,063,18699,33,22,0,22,0
2020-07-24,Riverside,065,2383286,41788,34513,40,34553,631
2020-07-24,Sacramento,067,1510023,11357,8570,12,8582,110
2020-07-24,San Benito,069,59416,634,485,0,485,2
2020-07-24,San Bernardino,071,2135413,36939,28990,141,29131,386
2020-07-24,San Diego,073,3302833,30328,26100,3,26103,524
2020-07-24,San Francisco,075,870044,6751,5611,7,5618,55
2020-07-24,San Joaquin,077,732212,13250,10190,6,10196,118
2020-07-24,San Luis Obispo,079,281455,1933,1476,9,1485,8
2020-07-24,San Mateo,081,765935,5984,4954,7,4961,112
2020-07-24,Santa Barbara,083,443738,6367,5776,60,5836,30
2020-07-24,Santa Clara,085,1922200,11626,8658,29,8687,165
2020-07-24,Santa Cruz,087,273765,1174,930,8,938,4
2020-07-24,Shasta,089,179085,438,262,1,263,8
2020-07-24,Sierra,091,2930,2,1,0,1,0
2020-07-24,Siskiyou,093,43540,84,53,0,53,0
2020-07-24,Solano,095,438530,3943,3062,15,3077,29
2020-07-24,Sonoma,097,501317,3307,2345,6,2351,20
2020-07-24,Stanislaus,099,539301,10419,7861,12,7873,82
2020-07-24,Sutter,101,95872,742,593,0,593,2
2020-07-24,Tehama,103,63373,245,170,2,172,1
2020-07-24,Trinity,105,12862,25,3,6,9,0
2020-07-24,Tulare,107,460477,10286,8167,33,8200,167
2020-07-24,Tuolumne,109,53932,138,99,2,101,0
2020-07-24,Ventura,111,848112,8091,6553,28,6581,60
2020-07-24,Yolo,113,214977,1703,1329,3,1332,35
2020-07-24,Yuba,115,75493,410,307,0,307,1
2020-07-23,Alameda,001,1643700,12342,9924,39,9963,171
2020-07-23,Alpine,003,1148,2,2,0,2,0
2020-07-23,Amador,005,37829,120,61,0,61,0
2020-07-23,Butte,007,227075,1003,726,11,737,5
2020-07-23,Calaveras,009,45235,116,102,0,102,0
2020-07-23,Colusa,011,21464,329,242,0,242,2
2020-07-23,Contra Costa,013,1133247,8953,6619,25,6644,98
2020-07-23,Del Norte,015,27424,84,66,0,66,0
2020-07-23,El Dorado,017,186661,703,491,0,491,1
2020-07-23,Fresno,019,978130,19489,12164,172,12336,112
2020-07-23,Glenn,021,27897,344,246,0,246,1
2020-07-23,Humboldt,023,135768,240,208,1,209,4
2020-07-23,Imperial,025,180216,9993,7604,7,7611,138
2020-07-23,Inyo,027,18085,53,38,1,39,1
2020-07-23,Kern,029,883053,22150,14491,104,14595,128
2020-07-23,Kings,031,150075,4194,3371,25,3396,39
2020-07-23,Lake,033,64148,200,160,0,160,1
2020-07-23,Lassen,035,31185,571,503,2,505,0
2020-07-23,Los Angeles,037,10098052,186742,167198,418,167616,4265
2020-07-23,Madera,039,155013,2408,1659,4,1663,13
2020-07-23,Marin,041,260295,5054,4423,5,4428,22
2020-07-23,Mariposa,043,17540,55,40,0,40,1
2020-07-23,Mendocino,045,87422,250,178,0,178,0
2020-07-23,Merced,047,269075,4881,2972,2,2974,22
2020-07-23,Modoc,049,8938,3,0,0,0,0
2020-07-23,Mono,051,14174,131,82,1,83,1
2020-07-23,Monterey,053,433212,4673,3655,15,3670,21
2020-07-23,Napa,055,140530,1026,713,0,713,5
2020-07-23,Nevada,057,99092,314,247,13,260,1
2020-07-23,Orange,059,3164182,40496,32863,682,33545,544
2020-07-23,Placer,061,380077,2005,1519,3,1522,12
2020-07-23,Plumas,063,18699,32,21,0,21,0
2020-07-23,Riverside,065,2383286,41183,33833,40,33873,630
2020-07-23,Sacramento,067,1510023,11124,8222,12,8234,108
2020-07-23,San Benito,069,59416,619,478,0,478,2
2020-07-23,San Bernardino,071,2135413,36419,28121,135,28256,369
2020-07-23,San Diego,073,3302833,29954,25109,3,25112,505
2020-07-23,San Francisco,075,870044,6650,5543,7,5550,55
2020-07-23,San Joaquin,077,732212,13031,9861,6,9867,111
2020-07-23,San Luis Obispo,079,281455,1904,1438,9,1447,7
2020-07-23,San Mateo,081,765935,5879,4895,7,4902,113
2020-07-23,Santa Barbara,083,443738,6294,5628,60,5688,30
2020-07-23,Santa Clara,085,1922200,11408,8458,29,8487,165
2020-07-23,Santa Cruz,087,273765,1138,887,8,895,3
2020-07-23,Shasta,089,179085,427,254,1,255,9
2020-07-23,Sierra,091,2930,2,1,0,1,0
2020-07-23,Siskiyou,093,43540,82,53,0,53,0
2020-07-23,Solano,095,438530,3879,2962,13,2975,29
2020-07-23,Sonoma,097,501317,3231,2289,6,2295,18
2020-07-23,Stanislaus,099,539301,10177,7603,12,7615,71
2020-07-23,Sutter,101,95872,709,570,0,570,2
2020-07-23,Tehama,103,63373,239,158,2,160,1
2020-07-23,Trinity,105,12862,24,3,6,9,0
2020-07-23,Tulare,107,460477,10097,7898,33,7931,168
2020-07-23,Tuolumne,109,53932,138,93,2,95,0
2020-07-23,Ventura,111,848112,7967,6303,28,6331,56
2020-07-23,Yolo,113,214977,1684,1279,3,1282,35
2020-07-23,Yuba,115,75493,390,297,0,297,1
2020-07-22,Alameda,001,1643700,12123,9678,38,9716,169
2020-07-22,Alpine,003,1148,2,2,0,2,0
2020-07-22,Amador,005,37829,118,58,0,58,0
2020-07-22,Butte,007,227075,967,694,11,705,5
2020-07-22,Calaveras,009,45235,116,98,0,98,0
2020-07-22,Colusa,011,21464,322,236,0,236,0
2020-07-22,Contra Costa,013,1133247,8727,6401,25,6426,98
2020-07-22,Del Norte,015,27424,84,66,0,66,0
2020-07-22,El Dorado,017,186661,690,466,0,466,1
2020-07-22,Fresno,019,978130,19126,11756,166,11922,110
2020-07-22,Glenn,021,27897,338,236,0,236,1
2020-07-22,Humboldt,023,135768,238,201,1,202,4
2020-07-22,Imperial,025,180216,9933,7533,7,7540,134
2020-07-22,Inyo,027,18085,49,38,1,39,1
2020-07-22,Kern,029,883053,21718,13513,97,13610,127
2020-07-22,Kings,031,150075,4138,3271,25,3296,38
2020-07-22,Lake,033,64148,197,160,0,160,1
2020-07-22,Lassen,035,31185,568,500,2,502,0
2020-07-22,Los Angeles,037,10098052,184094,165242,395,165637,4218
2020-07-22,Madera,039,155013,2333,1578,4,1582,10
2020-07-22,Marin,041,260295,4998,4373,5,4378,23
2020-07-22,Mariposa,043,17540,55,38,0,38,1
2020-07-22,Mendocino,045,87422,243,166,0,166,0
2020-07-22,Merced,047,269075,4754,2828,2,2830,15
2020-07-22,Modoc,049,8938,3,0,0,0,0
2020-07-22,Mono,051,14174,128,82,1,83,1
2020-07-22,Monterey,053,433212,4572,3533,15,3548,20
2020-07-22,Napa,055,140530,1004,687,0,687,5
2020-07-22,Nevada,057,99092,308,239,12,251,1
2020-07-22,Orange,059,3164182,39997,32047,673,32720,522
2020-07-22,Placer,061,380077,1949,1469,3,1472,12
2020-07-22,Plumas,063,18699,31,20,0,20,0
2020-07-22,Riverside,065,2383286,40547,33093,40,33133,612
2020-07-22,Sacramento,067,1510023,10862,8028,11,8039,106
2020-07-22,San Benito,069,59416,605,465,0,465,2
2020-07-22,San Bernardino,071,2135413,35897,26820,124,26944,348
2020-07-22,San Diego,073,3302833,29566,25109,2,25111,505
2020-07-22,San Francisco,075,870044,6546,5473,6,5479,53
2020-07-22,San Joaquin,077,732212,12755,9628,6,9634,102
2020-07-22,San Luis Obispo,079,281455,1858,1373,9,1382,7
2020-07-22,San Mateo,081,765935,5790,4796,7,4803,112
2020-07-22,Santa Barbara,083,443738,6210,5508,58,5566,29
2020-07-22,Santa Clara,085,1922200,11162,8266,29,8295,166
2020-07-22,Santa Cruz,087,273765,1115,866,8,874,3
2020-07-22,Shasta,089,179085,417,246,1,247,9
2020-07-22,Sierra,091,2930,1,1,0,1,0
2020-07-22,Siskiyou,093,43540,81,52,0,52,0
2020-07-22,Solano,095,438530,3818,2839,12,2851,29
2020-07-22,Sonoma,097,501317,3154,2255,6,2261,17
2020-07-22,Stanislaus,099,539301,10006,7401,12,7413,71
2020-07-22,Sutter,101,95872,685,551,0,551,2
2020-07-22,Tehama,103,63373,231,155,2,157,1
2020-07-22,Trinity,105,12862,23,3,6,9,0
2020-07-22,Tulare,107,460477,9864,7640,33,7673,167
2020-07-22,Tuolumne,109,53932,134,91,2,93,0
2020-07-22,Ventura,111,848112,7839,6223,26,6249,56
2020-07-22,Yolo,113,214977,1641,1233,3,1236,34
2020-07-22,Yuba,115,75493,375,288,0,288,1
2020-07-21,Alameda,001,1643700,11909,9390,38,9428,166
2020-07-21,Alpine,003,1148,2,2,0,2,0
2020-07-21,Amador,005,37829,113,55,0,55,0
2020-07-21,Butte,007,227075,922,659,10,669,5
2020-07-21,Calaveras,009,45235,110,96,0,96,0
2020-07-21,Colusa,011,21464,298,227,0,227,0
2020-07-21,Contra Costa,013,1133247,8485,6210,25,6235,98
2020-07-21,Del Norte,015,27424,84,66,0,66,0
2020-07-21,El Dorado,017,186661,682,440,0,440,1
2020-07-21,Fresno,019,978130,18727,11412,160,11572,107
2020-07-21,Glenn,021,27897,331,229,0,229,1
2020-07-21,Humboldt,023,135768,236,198,1,199,4
2020-07-21,Imperial,025,180216,9884,7458,7,7465,128
2020-07-21,Inyo,027,18085,48,38,1,39,1
2020-07-21,Kern,029,883053,21296,11998,91,12089,119
2020-07-21,Kings,031,150075,4073,3187,24,3211,38
2020-07-21,Lake,033,64148,197,157,0,157,1
2020-07-21,Lassen,035,31185,566,474,2,476,0
2020-07-21,Los Angeles,037,10098052,181110,162205,372,162577,4159
2020-07-21,Madera,039,155013,2268,1508,3,1511,10
2020-07-21,Marin,041,260295,4926,4318,5,4323,21
2020-07-21,Mariposa,043,17540,54,37,0,37,1
2020-07-21,Mendocino,045,87422,232,160,0,160,0
2020-07-21,Merced,047,269075,4575,2725,2,2727,15
2020-07-21,Modoc,049,8938,3,0,0,0,0
2020-07-21,Mono,051,14174,124,79,1,80,1
2020-07-21,Monterey,053,433212,4440,3404,14,3418,20
2020-07-21,Napa,055,140530,977,660,0,660,5
2020-07-21,Nevada,057,99092,306,228,10,238,1
2020-07-21,Orange,059,3164182,39500,31356,641,31997,515
2020-07-21,Placer,061,380077,1908,1413,3,1416,11
2020-07-21,Plumas,063,18699,31,19,0,19,0
2020-07-21,Riverside,065,2383286,39845,32231,40,32271,583
2020-07-21,Sacramento,067,1510023,10590,7789,10,7799,102
2020-07-21,San Benito,069,59416,594,444,0,444,2
2020-07-21,San Bernardino,071,2135413,35248,25323,117,25440,343
2020-07-21,San Diego,073,3302833,29117,24522,2,24524,487
2020-07-21,San Francisco,075,870044,6437,5377,6,5383,53
2020-07-21,San Joaquin,077,732212,12426,9150,6,9156,99
2020-07-21,San Luis Obispo,079,281455,1809,1338,9,1347,7
2020-07-21,San Mateo,081,765935,5698,4733,7,4740,111
2020-07-21,Santa Barbara,083,443738,6130,5422,57,5479,29
2020-07-21,Santa Clara,085,1922200,10899,7989,29,8018,164
2020-07-21,Santa Cruz,087,273765,1082,835,8,843,3
2020-07-21,Shasta,089,179085,409,241,1,242,9
2020-07-21,Sierra,091,2930,1,1,0,1,0
2020-07-21,Siskiyou,093,43540,81,48,0,48,0
2020-07-21,Solano,095,438530,3745,2727,12,2739,27
2020-07-21,Sonoma,097,501317,3097,2200,6,2206,17
2020-07-21,Stanislaus,099,539301,9743,6984,12,6996,69
2020-07-21,Sutter,101,95872,669,533,0,533,2
2020-07-21,Tehama,103,63373,221,150,2,152,1
2020-07-21,Trinity,105,12862,23,2,6,8,0
2020-07-21,Tulare,107,460477,9662,7447,33,7480,167
2020-07-21,Tuolumne,109,53932,132,75,2,77,0
2020-07-21,Ventura,111,848112,7707,6131,26,6157,55
2020-07-21,Yolo,113,214977,1587,1204,3,1207,34
2020-07-21,Yuba,115,75493,369,269,0,269,1
2020-07-20,Alameda,001,1643700,11655,9244,37,9281,162
2020-07-20,Alpine,003,1148,2,2,0,2,0
2020-07-20,Amador,005,37829,110,53,0,53,0
2020-07-20,Butte,007,227075,885,586,10,596,4
2020-07-20,Calaveras,009,45235,107,90,0,90,0
2020-07-20,Colusa,011,21464,287,217,0,217,0
2020-07-20,Contra Costa,013,1133247,8277,5823,25,5848,97
2020-07-20,Del Norte,015,27424,84,61,0,61,0
2020-07-20,El Dorado,017,186661,659,407,0,407,0
2020-07-20,Fresno,019,978130,18286,10891,159,11050,106
2020-07-20,Glenn,021,27897,323,225,0,225,1
2020-07-20,Humboldt,023,135768,229,194,1,195,4
2020-07-20,Imperial,025,180216,9844,7337,7,7344,124
2020-07-20,Inyo,027,18085,46,38,1,39,1
2020-07-20,Kern,029,883053,20786,10908,87,10995,118
2020-07-20,Kings,031,150075,4023,3093,24,3117,37
2020-07-20,Lake,033,64148,194,147,0,147,1
2020-07-20,Lassen,035,31185,564,474,2,476,0
2020-07-20,Los Angeles,037,10098052,178151,159202,345,159547,4108
2020-07-20,Madera,039,155013,2193,1433,3,1436,10
2020-07-20,Marin,041,260295,4844,4255,5,4260,21
2020-07-20,Mariposa,043,17540,53,36,0,36,1
2020-07-20,Mendocino,045,87422,219,153,0,153,0
2020-07-20,Merced,047,269075,4405,2584,2,2586,15
2020-07-20,Modoc,049,8938,3,0,0,0,0
2020-07-20,Mono,051,14174,118,78,1,79,1
2020-07-20,Monterey,053,433212,4334,3205,14,3219,19
2020-07-20,Napa,055,140530,942,632,0,632,5
2020-07-20,Nevada,057,99092,298,218,10,228,1
2020-07-20,Orange,059,3164182,38890,30337,611,30948,507
2020-07-20,Placer,061,380077,1856,1364,3,1367,11
2020-07-20,Plumas,063,18699,30,17,0,17,0
2020-07-20,Riverside,065,2383286,39014,31163,40,31203,581
2020-07-20,Sacramento,067,1510023,10262,7369,10,7379,99
2020-07-20,San Benito,069,59416,576,433,0,433,2
2020-07-20,San Bernardino,071,2135413,34437,24226,113,24339,338
2020-07-20,San Diego,073,3302833,28675,24137,2,24139,478
2020-07-20,San Francisco,075,870044,6316,5090,6,5096,53
2020-07-20,San Joaquin,077,732212,12070,8583,6,8589,97
2020-07-20,San Luis Obispo,079,281455,1767,1282,9,1291,6
2020-07-20,San Mateo,081,765935,5597,4609,7,4616,111
2020-07-20,Santa Barbara,083,443738,6020,5266,55,5321,29
2020-07-20,Santa Clara,085,1922200,10670,7711,28,7739,164
2020-07-20,Santa Cruz,087,273765,1050,758,8,766,3
2020-07-20,Shasta,089,179085,394,233,1,234,9
2020-07-20,Sierra,091,2930,1,1,0,1,0
2020-07-20,Siskiyou,093,43540,77,42,0,42,0
2020-07-20,Solano,095,438530,3662,2537,12,2549,26
2020-07-20,Sonoma,097,501317,2989,2148,6,2154,17
2020-07-20,Stanislaus,099,539301,9460,6835,12,6847,58
2020-07-20,Sutter,101,95872,636,507,0,507,2
2020-07-20,Tehama,103,63373,211,146,2,148,1
2020-07-20,Trinity,105,12862,23,2,6,8,0
2020-07-20,Tulare,107,460477,9428,6974,33,7007,166
2020-07-20,Tuolumne,109,53932,131,75,2,77,0
2020-07-20,Ventura,111,848112,7573,5912,26,5938,52
2020-07-20,Yolo,113,214977,1547,1155,3,1158,30
2020-07-20,Yuba,115,75493,349,258,0,258,1
2020-07-19,Alameda,001,1643700,11416,9227,31,9258,162
2020-07-19,Alpine,003,1148,2,2,0,2,0
2020-07-19,Amador,005,37829,103,51,0,51,0
2020-07-19,Butte,007,227075,860,555,10,565,4
2020-07-19,Calaveras,009,45235,105,89,0,89,0
2020-07-19,Colusa,011,21464,279,187,0,187,0
2020-07-19,Contra Costa,013,1133247,7986,5691,23,5714,95
2020-07-19,Del Norte,015,27424,83,61,0,61,0
2020-07-19,El Dorado,017,186661,641,385,0,385,0
2020-07-19,Fresno,019,978130,17762,10639,147,10786,106
2020-07-19,Glenn,021,27897,309,215,0,215,0
2020-07-19,Humboldt,023,135768,221,195,1,196,4
2020-07-19,Imperial,025,180216,9753,7280,7,7287,124
2020-07-19,Inyo,027,18085,42,38,1,39,1
2020-07-19,Kern,029,883053,20169,10094,80,10174,115
2020-07-19,Kings,031,150075,3937,3035,24,3059,37
2020-07-19,Lake,033,64148,189,144,0,144,1
2020-07-19,Lassen,035,31185,545,474,2,476,0
2020-07-19,Los Angeles,037,10098052,174709,156039,322,156361,4100
2020-07-19,Madera,039,155013,2116,1301,3,1304,10
2020-07-19,Marin,041,260295,4789,4172,5,4177,21
2020-07-19,Mariposa,043,17540,49,35,0,35,1
2020-07-19,Mendocino,045,87422,214,137,0,137,0
2020-07-19,Merced,047,269075,4198,2460,2,2462,15
2020-07-19,Modoc,049,8938,3,0,0,0,0
2020-07-19,Mono,051,14174,107,63,1,64,1
2020-07-19,Monterey,053,433212,4214,3079,14,3093,18
2020-07-19,Napa,055,140530,913,612,0,612,5
2020-07-19,Nevada,057,99092,292,210,10,220,1
2020-07-19,Orange,059,3164182,38326,29941,598,30539,505
2020-07-19,Placer,061,380077,1808,1246,3,1249,11
2020-07-19,Plumas,063,18699,30,17,0,17,0
2020-07-19,Riverside,065,2383286,38309,30340,40,30380,581
2020-07-19,Sacramento,067,1510023,9870,6985,10,6995,97
2020-07-19,San Benito,069,59416,560,412,0,412,2
2020-07-19,San Bernardino,071,2135413,33663,23928,101,24029,337
2020-07-19,San Diego,073,3302833,28174,23684,2,23686,478
2020-07-19,San Francisco,075,870044,6169,5094,6,5100,52
2020-07-19,San Joaquin,077,732212,11664,8308,6,8314,93
2020-07-19,San Luis Obispo,079,281455,1723,1262,8,1270,6
2020-07-19,San Mateo,081,765935,5491,4522,7,4529,110
2020-07-19,Santa Barbara,083,443738,5918,5145,52,5197,29
2020-07-19,Santa Clara,085,1922200,10426,7403,28,7431,164
2020-07-19,Santa Cruz,087,273765,1006,753,8,761,3
2020-07-19,Shasta,089,179085,381,218,1,219,9
2020-07-19,Sierra,091,2930,1,1,0,1,0
2020-07-19,Siskiyou,093,43540,75,42,0,42,0
2020-07-19,Solano,095,438530,3557,2551,12,2563,26
2020-07-19,Sonoma,097,501317,2889,2074,6,2080,17
2020-07-19,Stanislaus,099,539301,9164,6508,12,6520,58
2020-07-19,Sutter,101,95872,605,480,0,480,2
2020-07-19,Tehama,103,63373,207,138,2,140,1
2020-07-19,Trinity,105,12862,23,2,6,8,0
2020-07-19,Tulare,107,460477,9180,6856,33,6889,166
2020-07-19,Tuolumne,109,53932,126,75,2,77,0
2020-07-19,Ventura,111,848112,7383,5706,26,5732,52
2020-07-19,Yolo,113,214977,1507,1127,3,1130,30
2020-07-19,Yuba,115,75493,329,240,0,240,1
2020-07-18,Alameda,001,1643700,11279,9089,30,9119,162
2020-07-18,Alpine,003,1148,2,2,0,2,0
2020-07-18,Amador,005,37829,99,49,0,49,0
2020-07-18,Butte,007,227075,851,551,10,561,4
2020-07-18,Calaveras,009,45235,101,89,0,89,0
2020-07-18,Colusa,011,21464,274,182,0,182,0
2020-07-18,Contra Costa,013,1133247,7852,5617,23,5640,95
2020-07-18,Del Norte,015,27424,83,61,0,61,0
2020-07-18,El Dorado,017,186661,638,385,0,385,0
2020-07-18,Fresno,019,978130,17513,10381,145,10526,106
2020-07-18,Glenn,021,27897,303,212,0,212,0
2020-07-18,Humboldt,023,135768,218,189,1,190,4
2020-07-18,Imperial,025,180216,9722,7268,7,7275,124
2020-07-18,Inyo,027,18085,42,38,1,39,1
2020-07-18,Kern,029,883053,19866,9250,77,9327,114
2020-07-18,Kings,031,150075,3897,2996,23,3019,37
2020-07-18,Lake,033,64148,186,142,0,142,1
2020-07-18,Lassen,035,31185,544,474,2,476,0
2020-07-18,Los Angeles,037,10098052,173265,153265,311,153576,4088
2020-07-18,Madera,039,155013,2070,1260,3,1263,9
2020-07-18,Marin,041,260295,4760,4089,5,4094,21
2020-07-18,Mariposa,043,17540,49,35,0,35,1
2020-07-18,Mendocino,045,87422,208,137,0,137,0
2020-07-18,Merced,047,269075,4079,2424,2,2426,15
2020-07-18,Modoc,049,8938,3,0,0,0,0
2020-07-18,Mono,051,14174,105,54,1,55,1
2020-07-18,Monterey,053,433212,4146,3020,14,3034,17
2020-07-18,Napa,055,140530,902,609,0,609,5
2020-07-18,Nevada,057,99092,288,204,9,213,1
2020-07-18,Orange,059,3164182,38007,29603,577,30180,493
2020-07-18,Placer,061,380077,1785,1233,3,1236,11
2020-07-18,Plumas,063,18699,30,17,0,17,0
2020-07-18,Riverside,065,2383286,37955,30245,39,30284,581
2020-07-18,Sacramento,067,1510023,9625,6739,10,6749,95
2020-07-18,San Benito,069,59416,545,407,0,407,2
2020-07-18,San Bernardino,071,2135413,33203,23680,94,23774,336
2020-07-18,San Diego,073,3302833,27871,23116,2,23118,478
2020-07-18,San Francisco,075,870044,6067,5051,6,5057,52
2020-07-18,San Joaquin,077,732212,11451,8118,6,8124,93
2020-07-18,San Luis Obispo,079,281455,1688,1234,8,1242,6
2020-07-18,San Mateo,081,765935,5431,4488,7,4495,110
2020-07-18,Santa Barbara,083,443738,5858,5110,50,5160,29
2020-07-18,Santa Clara,085,1922200,10276,7255,27,7282,164
2020-07-18,Santa Cruz,087,273765,989,751,8,759,3
2020-07-18,Shasta,089,179085,372,216,1,217,9
2020-07-18,Sierra,091,2930,1,1,0,1,0
2020-07-18,Siskiyou,093,43540,71,42,0,42,0
2020-07-18,Solano,095,438530,3516,2503,12,2515,26
2020-07-18,Sonoma,097,501317,2838,2019,6,2025,15
2020-07-18,Stanislaus,099,539301,9029,6344,12,6356,58
2020-07-18,Sutter,101,95872,599,473,0,473,2
2020-07-18,Tehama,103,63373,202,136,2,138,1
2020-07-18,Trinity,105,12862,23,2,6,8,0
2020-07-18,Tulare,107,460477,9089,6810,32,6842,167
2020-07-18,Tuolumne,109,53932,123,75,2,77,0
2020-07-18,Ventura,111,848112,7301,5630,26,5656,52
2020-07-18,Yolo,113,214977,1479,1077,3,1080,30
2020-07-18,Yuba,115,75493,318,237,0,237,1
2020-07-17,Alameda,001,1643700,11138,8893,29,8922,160
2020-07-17,Alpine,003,1148,2,1,0,1,0
2020-07-17,Amador,005,37829,97,48,0,48,0
2020-07-17,Butte,007,227075,837,497,10,507,4
2020-07-17,Calaveras,009,45235,99,86,0,86,0
2020-07-17,Colusa,011,21464,272,146,0,146,0
2020-07-17,Contra Costa,013,1133247,7704,5483,23,5506,93
2020-07-17,Del Norte,015,27424,82,60,0,60,0
2020-07-17,El Dorado,017,186661,622,368,0,368,0
2020-07-17,Fresno,019,978130,17215,9954,145,10099,104
2020-07-17,Glenn,021,27897,296,203,0,203,0
2020-07-17,Humboldt,023,135768,217,185,1,186,4
2020-07-17,Imperial,025,180216,9700,7193,7,7200,120
2020-07-17,Inyo,027,18085,42,38,1,39,1
2020-07-17,Kern,029,883053,19546,8291,76,8367,113
2020-07-17,Kings,031,150075,3858,2978,23,3001,37
2020-07-17,Lake,033,64148,184,139,0,139,1
2020-07-17,Lassen,035,31185,525,391,2,393,0
2020-07-17,Los Angeles,037,10098052,170893,150481,299,150780,4052
2020-07-17,Madera,039,155013,2026,1214,3,1217,9
2020-07-17,Marin,041,260295,4723,3839,5,3844,21
2020-07-17,Mariposa,043,17540,47,35,0,35,1
2020-07-17,Mendocino,045,87422,200,126,0,126,0
2020-07-17,Merced,047,269075,4004,2328,2,2330,12
2020-07-17,Modoc,049,8938,2,0,0,0,0
2020-07-17,Mono,051,14174,100,54,1,55,1
2020-07-17,Monterey,053,433212,4017,2922,14,2936,18
2020-07-17,Napa,055,140530,888,598,0,598,5
2020-07-17,Nevada,057,99092,281,200,9,209,1
2020-07-17,Orange,059,3164182,37544,28962,544,29506,485
2020-07-17,Placer,061,380077,1756,1207,3,1210,11
2020-07-17,Plumas,063,18699,27,16,0,16,0
2020-07-17,Riverside,065,2383286,37356,29639,39,29678,580
2020-07-17,Sacramento,067,1510023,9381,6563,10,6573,95
2020-07-17,San Benito,069,59416,530,399,0,399,2
2020-07-17,San Bernardino,071,2135413,32683,23057,91,23148,322
2020-07-17,San Diego,073,3302833,27483,22491,2,22493,472
2020-07-17,San Francisco,075,870044,5973,4967,6,4973,52
2020-07-17,San Joaquin,077,732212,11207,7925,6,7931,86
2020-07-17,San Luis Obispo,079,281455,1651,1190,8,1198,6
2020-07-17,San Mateo,081,765935,5334,4407,7,4414,110
2020-07-17,Santa Barbara,083,443738,5786,5001,49,5050,29
2020-07-17,Santa Clara,085,1922200,10058,7080,27,7107,164
2020-07-17,Santa Cruz,087,273765,967,716,8,724,3
2020-07-17,Shasta,089,179085,360,213,1,214,8
2020-07-17,Sierra,091,2930,1,1,0,1,0
2020-07-17,Siskiyou,093,43540,70,40,0,40,0
2020-07-17,Solano,095,438530,3467,2452,12,2464,26
2020-07-17,Sonoma,097,501317,2790,1982,6,1988,15
2020-07-17,Stanislaus,099,539301,8854,6220,12,6232,56
2020-07-17,Sutter,101,95872,586,458,0,458,2
2020-07-17,Tehama,103,63373,198,128,2,130,1
2020-07-17,Trinity,105,12862,23,2,6,8,0
2020-07-17,Tulare,107,460477,8953,6671,32,6703,166
2020-07-17,Tuolumne,109,53932,122,73,2,75,0
2020-07-17,Ventura,111,848112,7217,5451,26,5477,51
2020-07-17,Yolo,113,214977,1455,1055,3,1058,30
2020-07-17,Yuba,115,75493,308,231,0,231,1
2020-07-16,Alameda,001,1643700,10904,8719,24,8743,153
2020-07-16,Alpine,003,1148,2,1,0,1,0
2020-07-16,Amador,005,37829,94,46,0,46,0
2020-07-16,Butte,007,227075,800,465,9,474,4
2020-07-16,Calaveras,009,45235,97,82,0,82,0
2020-07-16,Colusa,011,21464,263,140,0,140,0
2020-07-16,Contra Costa,013,1133247,7492,5338,17,5355,91
2020-07-16,Del Norte,015,27424,82,60,0,60,0
2020-07-16,El Dorado,017,186661,605,357,0,357,0
2020-07-16,Fresno,019,978130,16704,9481,136,9617,101
2020-07-16,Glenn,021,27897,287,190,0,190,0
2020-07-16,Humboldt,023,135768,215,184,1,185,4
2020-07-16,Imperial,025,180216,9606,7148,7,7155,113
2020-07-16,Inyo,027,18085,42,38,1,39,1
2020-07-16,Kern,029,883053,19024,7435,74,7509,112
2020-07-16,Kings,031,150075,3691,2937,23,2960,37
2020-07-16,Lake,033,64148,179,128,0,128,1
2020-07-16,Lassen,035,31185,524,355,2,357,0
2020-07-16,Los Angeles,037,10098052,167675,147759,274,148033,3994
2020-07-16,Madera,039,155013,1962,1192,3,1195,8
2020-07-16,Marin,041,260295,4651,3546,5,3551,21
2020-07-16,Mariposa,043,17540,45,34,0,34,1
2020-07-16,Mendocino,045,87422,195,121,0,121,0
2020-07-16,Merced,047,269075,3842,2228,2,2230,12
2020-07-16,Modoc,049,8938,1,0,0,0,0
2020-07-16,Mono,051,14174,97,53,1,54,1
2020-07-16,Monterey,053,433212,3913,2857,13,2870,18
2020-07-16,Napa,055,140530,859,581,0,581,5
2020-07-16,Nevada,057,99092,278,191,9,200,1
2020-07-16,Orange,059,3164182,36843,28525,508,29033,471
2020-07-16,Placer,061,380077,1708,1168,3,1171,11
2020-07-16,Plumas,063,18699,25,16,0,16,0
2020-07-16,Riverside,065,2383286,36611,28904,37,28941,577
2020-07-16,Sacramento,067,1510023,9068,6440,9,6449,91
2020-07-16,San Benito,069,59416,513,389,0,389,2
2020-07-16,San Bernardino,071,2135413,31822,22355,73,22428,321
2020-07-16,San Diego,073,3302833,26996,21857,2,21859,465
2020-07-16,San Francisco,075,870044,5832,4838,6,4844,52
2020-07-16,San Joaquin,077,732212,10844,7713,6,7719,82
2020-07-16,San Luis Obispo,079,281455,1607,1146,8,1154,6
2020-07-16,San Mateo,081,765935,5230,4336,7,4343,110
2020-07-16,Santa Barbara,083,443738,5691,4872,48,4920,28
2020-07-16,Santa Clara,085,1922200,9778,6990,25,7015,164
2020-07-16,Santa Cruz,087,273765,926,698,8,706,3
2020-07-16,Shasta,089,179085,345,208,1,209,7
2020-07-16,Sierra,091,2930,1,1,0,1,0
2020-07-16,Siskiyou,093,43540,67,39,0,39,0
2020-07-16,Solano,095,438530,3373,2372,12,2384,25
2020-07-16,Sonoma,097,501317,2700,1954,6,1960,14
2020-07-16,Stanislaus,099,539301,8571,6077,11,6088,56
2020-07-16,Sutter,101,95872,570,444,0,444,2
2020-07-16,Tehama,103,63373,188,126,2,128,1
2020-07-16,Trinity,105,12862,23,2,5,7,0
2020-07-16,Tulare,107,460477,8737,6467,31,6498,163
2020-07-16,Tuolumne,109,53932,117,71,2,73,0
2020-07-16,Ventura,111,848112,7055,5231,26,5257,50
2020-07-16,Yolo,113,214977,1413,1034,3,1037,29
2020-07-16,Yuba,115,75493,290,221,0,221,1
2020-07-15,Alameda,001,1643700,10699,8615,19,8634,153
2020-07-15,Alpine,003,1148,2,1,0,1,0
2020-07-15,Amador,005,37829,73,44,0,44,0
2020-07-15,Butte,007,227075,758,420,9,429,4
2020-07-15,Calaveras,009,45235,97,75,0,75,0
2020-07-15,Colusa,011,21464,258,135,0,135,0
2020-07-15,Contra Costa,013,1133247,7261,5246,17,5263,90
2020-07-15,Del Norte,015,27424,81,60,0,60,0
2020-07-15,El Dorado,017,186661,581,339,0,339,0
2020-07-15,Fresno,019,978130,16230,9124,129,9253,101
2020-07-15,Glenn,021,27897,278,184,0,184,0
2020-07-15,Humboldt,023,135768,213,181,1,182,4
2020-07-15,Imperial,025,180216,9539,7110,7,7117,110
2020-07-15,Inyo,027,18085,42,36,1,37,1
2020-07-15,Kern,029,883053,18404,7155,71,7226,108
2020-07-15,Kings,031,150075,3630,2906,23,2929,37
2020-07-15,Lake,033,64148,177,122,0,122,1
2020-07-15,Lassen,035,31185,520,319,2,321,0
2020-07-15,Los Angeles,037,10098052,164211,143343,259,143602,3946
2020-07-15,Madera,039,155013,1893,1147,3,1150,4
2020-07-15,Marin,041,260295,4596,3458,5,3463,21
2020-07-15,Mariposa,043,17540,45,34,0,34,1
2020-07-15,Mendocino,045,87422,192,119,0,119,0
2020-07-15,Merced,047,269075,3693,2156,2,2158,12
2020-07-15,Modoc,049,8938,1,0,0,0,0
2020-07-15,Mono,051,14174,95,52,1,53,1
2020-07-15,Monterey,053,433212,3801,2780,13,2793,18
2020-07-15,Napa,055,140530,833,573,0,573,5
2020-07-15,Nevada,057,99092,274,185,7,192,1
2020-07-15,Orange,059,3164182,36043,27718,474,28192,454
2020-07-15,Placer,061,380077,1650,1145,3,1148,11
2020-07-15,Plumas,063,18699,25,16,0,16,0
2020-07-15,Riverside,065,2383286,35828,28492,35,28527,568
2020-07-15,Sacramento,067,1510023,8687,6217,9,6226,91
2020-07-15,San Benito,069,59416,504,388,0,388,2
2020-07-15,San Bernardino,071,2135413,31033,21508,57,21565,317
2020-07-15,San Diego,073,3302833,26529,21448,2,21450,448
2020-07-15,San Francisco,075,870044,5718,4757,6,4763,50
2020-07-15,San Joaquin,077,732212,10412,7381,5,7386,75
2020-07-15,San Luis Obispo,079,281455,1564,1097,8,1105,6
2020-07-15,San Mateo,081,765935,5117,4258,7,4265,109
2020-07-15,Santa Barbara,083,443738,5577,4733,48,4781,28
2020-07-15,Santa Clara,085,1922200,9474,6900,25,6925,164
2020-07-15,Santa Cruz,087,273765,890,660,7,667,3
2020-07-15,Shasta,089,179085,336,193,1,194,7
2020-07-15,Sierra,091,2930,1,1,0,1,0
2020-07-15,Siskiyou,093,43540,66,38,0,38,0
2020-07-15,Solano,095,438530,3278,2343,12,2355,25
2020-07-15,Sonoma,097,501317,2602,1920,6,1926,14
2020-07-15,Stanislaus,099,539301,8274,5777,11,5788,56
2020-07-15,Sutter,101,95872,544,433,0,433,2
2020-07-15,Tehama,103,63373,180,126,2,128,1
2020-07-15,Trinity,105,12862,22,2,5,7,0
2020-07-15,Tulare,107,460477,8526,6320,30,6350,156
2020-07-15,Tuolumne,109,53932,110,68,2,70,0
2020-07-15,Ventura,111,848112,6878,5087,26,5113,50
2020-07-15,Yolo,113,214977,1380,1002,3,1005,27
2020-07-15,Yuba,115,75493,278,221,0,221,1
2020-07-14,Alameda,001,1643700,10357,8388,13,8401,151
2020-07-14,Alpine,003,1148,2,1,0,1,0
2020-07-14,Amador,005,37829,69,44,0,44,0
2020-07-14,Butte,007,227075,712,382,9,391,4
2020-07-14,Calaveras,009,45235,95,74,0,74,0
2020-07-14,Colusa,011,21464,248,128,0,128,0
2020-07-14,Contra Costa,013,1133247,7024,5110,15,5125,90
2020-07-14,Del Norte,015,27424,80,60,0,60,0
2020-07-14,El Dorado,017,186661,566,324,0,324,0
2020-07-14,Fresno,019,978130,15810,8941,124,9065,98
2020-07-14,Glenn,021,27897,268,177,0,177,0
2020-07-14,Humboldt,023,135768,210,175,1,176,4
2020-07-14,Imperial,025,180216,9411,7095,7,7102,109
2020-07-14,Inyo,027,18085,42,35,1,36,1
2020-07-14,Kern,029,883053,17645,6979,58,7037,107
2020-07-14,Kings,031,150075,3563,2867,22,2889,37
2020-07-14,Lake,033,64148,171,120,0,120,1
2020-07-14,Lassen,035,31185,503,263,2,265,0
2020-07-14,Los Angeles,037,10098052,161078,140632,229,140861,3900
2020-07-14,Madera,039,155013,1819,1118,3,1121,4
2020-07-14,Marin,041,260295,4482,3451,5,3456,21
2020-07-14,Mariposa,043,17540,41,32,0,32,1
2020-07-14,Mendocino,045,87422,184,110,0,110,0
2020-07-14,Merced,047,269075,3514,2084,2,2086,12
2020-07-14,Modoc,049,8938,1,0,0,0,0
2020-07-14,Mono,051,14174,85,48,1,49,1
2020-07-14,Monterey,053,433212,3687,2724,13,2737,18
2020-07-14,Napa,055,140530,777,557,0,557,4
2020-07-14,Nevada,057,99092,257,180,6,186,1
2020-07-14,Orange,059,3164182,35163,26915,427,27342,432
2020-07-14,Placer,061,380077,1592,1122,3,1125,11
2020-07-14,Plumas,063,18699,24,14,0,14,0
2020-07-14,Riverside,065,2383286,35071,27850,34,27884,547
2020-07-14,Sacramento,067,1510023,8333,5978,9,5987,87
2020-07-14,San Benito,069,59416,485,360,0,360,2
2020-07-14,San Bernardino,071,2135413,30182,20489,47,20536,316
2020-07-14,San Diego,073,3302833,25909,20887,2,20889,436
2020-07-14,San Francisco,075,870044,5568,4659,5,4664,50
2020-07-14,San Joaquin,077,732212,9984,7143,5,7148,75
2020-07-14,San Luis Obispo,079,281455,1526,1060,8,1068,5
2020-07-14,San Mateo,081,765935,5024,4173,7,4180,108
2020-07-14,Santa Barbara,083,443738,5453,4641,46,4687,28
2020-07-14,Santa Clara,085,1922200,9146,6686,22,6708,164
2020-07-14,Santa Cruz,087,273765,851,639,7,646,3
2020-07-14,Shasta,089,179085,327,190,1,191,7
2020-07-14,Sierra,091,2930,1,1,0,1,0
2020-07-14,Siskiyou,093,43540,65,38,0,38,0
2020-07-14,Solano,095,438530,3178,2266,10,2276,25
2020-07-14,Sonoma,097,501317,2509,1866,6,1872,14
2020-07-14,Stanislaus,099,539301,7900,5631,10,5641,53
2020-07-14,Sutter,101,95872,525,405,0,405,2
2020-07-14,Tehama,103,63373,168,123,2,125,1
2020-07-14,Trinity,105,12862,21,2,5,7,0
2020-07-14,Tulare,107,460477,8280,6199,30,6229,156
2020-07-14,Tuolumne,109,53932,105,68,2,70,0
2020-07-14,Ventura,111,848112,6717,4950,26,4976,50
2020-07-14,Yolo,113,214977,1332,966,3,969,27
2020-07-14,Yuba,115,75493,261,210,0,210,1
2020-07-13,Alameda,001,1643700,10048,8115,13,8128,148
2020-07-13,Alpine,003,1148,2,1,0,1,0
2020-07-13,Amador,005,37829,65,42,0,42,0
2020-07-13,Butte,007,227075,676,354,9,363,4
2020-07-13,Calaveras,009,45235,87,63,0,63,0
2020-07-13,Colusa,011,21464,242,116,0,116,0
2020-07-13,Contra Costa,013,1133247,6752,4882,13,4895,88
2020-07-13,Del Norte,015,27424,74,59,0,59,0
2020-07-13,El Dorado,017,186661,535,298,0,298,0
2020-07-13,Fresno,019,978130,15379,8666,119,8785,95
2020-07-13,Glenn,021,27897,261,168,0,168,0
2020-07-13,Humboldt,023,135768,205,174,1,175,4
2020-07-13,Imperial,025,180216,9326,7052,7,7059,109
2020-07-13,Inyo,027,18085,41,35,1,36,1
2020-07-13,Kern,029,883053,16960,6808,53,6861,107
2020-07-13,Kings,031,150075,3512,2824,22,2846,37
2020-07-13,Lake,033,64148,166,118,0,118,1
2020-07-13,Lassen,035,31185,498,237,2,239,0
2020-07-13,Los Angeles,037,10098052,157846,136368,215,136583,3829
2020-07-13,Madera,039,155013,1750,1059,3,1062,4
2020-07-13,Marin,041,260295,4378,3402,5,3407,21
2020-07-13,Mariposa,043,17540,40,31,0,31,1
2020-07-13,Mendocino,045,87422,180,87,0,87,0
2020-07-13,Merced,047,269075,3365,2007,2,2009,12
2020-07-13,Modoc,049,8938,1,0,0,0,0
2020-07-13,Mono,051,14174,81,47,0,47,1
2020-07-13,Monterey,053,433212,3564,2613,10,2623,18
2020-07-13,Napa,055,140530,741,534,0,534,4
2020-07-13,Nevada,057,99092,243,172,6,178,1
2020-07-13,Orange,059,3164182,34298,25978,394,26372,423
2020-07-13,Placer,061,380077,1547,1096,3,1099,11
2020-07-13,Plumas,063,18699,22,14,0,14,0
2020-07-13,Riverside,065,2383286,34146,27136,32,27168,545
2020-07-13,Sacramento,067,1510023,8036,5747,9,5756,85
2020-07-13,San Benito,069,59416,472,343,0,343,2
2020-07-13,San Bernardino,071,2135413,29304,19610,41,19651,313
2020-07-13,San Diego,073,3302833,25342,20348,2,20350,422
2020-07-13,San Francisco,075,870044,5440,4534,4,4538,50
2020-07-13,San Joaquin,077,732212,9568,6927,5,6932,71
2020-07-13,San Luis Obispo,079,281455,1495,989,8,997,5
2020-07-13,San Mateo,081,765935,4893,4057,7,4064,108
2020-07-13,Santa Barbara,083,443738,5339,4441,45,4486,28
2020-07-13,Santa Clara,085,1922200,8823,6488,21,6509,164
2020-07-13,Santa Cruz,087,273765,813,574,7,581,3
2020-07-13,Shasta,089,179085,316,185,1,186,6
2020-07-13,Sierra,091,2930,1,1,0,1,0
2020-07-13,Siskiyou,093,43540,61,37,0,37,0
2020-07-13,Solano,095,438530,3066,2046,10,2056,23
2020-07-13,Sonoma,097,501317,2398,1818,6,1824,14
2020-07-13,Stanislaus,099,539301,7597,5324,9,5333,53
2020-07-13,Sutter,101,95872,487,379,0,379,2
2020-07-13,Tehama,103,63373,155,112,2,114,1
2020-07-13,Trinity,105,12862,21,2,5,7,0
2020-07-13,Tulare,107,460477,8019,5930,28,5958,147
2020-07-13,Tuolumne,109,53932,97,56,2,58,0
2020-07-13,Ventura,111,848112,6527,4800,23,4823,50
2020-07-13,Yolo,113,214977,1286,941,3,944,27
2020-07-13,Yuba,115,75493,246,194,0,194,1
2020-07-12,Alameda,001,1643700,9777,8056,13,8069,148
2020-07-12,Alpine,003,1148,2,1,0,1,0
2020-07-12,Amador,005,37829,55,40,0,40,0
2020-07-12,Butte,007,227075,626,341,8,349,4
2020-07-12,Calaveras,009,45235,87,62,0,62,0
2020-07-12,Colusa,011,21464,208,116,0,116,0
2020-07-12,Contra Costa,013,1133247,6481,4708,11,4719,88
2020-07-12,Del Norte,015,27424,63,59,0,59,0
2020-07-12,El Dorado,017,186661,513,290,0,290,0
2020-07-12,Fresno,019,978130,14953,8407,114,8521,95
2020-07-12,Glenn,021,27897,248,166,0,166,0
2020-07-12,Humboldt,023,135768,201,174,1,175,4
2020-07-12,Imperial,025,180216,9208,6999,7,7006,109
2020-07-12,Inyo,027,18085,39,35,1,36,1
2020-07-12,Kern,029,883053,16216,6662,50,6712,105
2020-07-12,Kings,031,150075,3450,2779,22,2801,34
2020-07-12,Lake,033,64148,157,114,0,114,1
2020-07-12,Lassen,035,31185,491,237,2,239,0
2020-07-12,Los Angeles,037,10098052,154429,133830,186,134016,3816
2020-07-12,Madera,039,155013,1695,1025,3,1028,4
2020-07-12,Marin,041,260295,4301,3358,5,3363,21
2020-07-12,Mariposa,043,17540,39,31,0,31,1
2020-07-12,Mendocino,045,87422,161,88,0,88,0
2020-07-12,Merced,047,269075,3235,1908,2,1910,12
2020-07-12,Modoc,049,8938,1,0,0,0,0
2020-07-12,Mono,051,14174,71,45,0,45,1
2020-07-12,Monterey,053,433212,3449,2521,10,2531,18
2020-07-12,Napa,055,140530,709,519,0,519,4
2020-07-12,Nevada,057,99092,233,166,6,172,1
2020-07-12,Orange,059,3164182,33423,25399,385,25784,422
2020-07-12,Placer,061,380077,1491,1058,3,1061,11
2020-07-12,Plumas,063,18699,21,14,0,14,0
2020-07-12,Riverside,065,2383286,33387,26404,32,26436,542
2020-07-12,Sacramento,067,1510023,7724,5515,7,5522,85
2020-07-12,San Benito,069,59416,457,324,0,324,2
2020-07-12,San Bernardino,071,2135413,28392,19042,36,19078,312
2020-07-12,San Diego,073,3302833,24712,19929,2,19931,422
2020-07-12,San Francisco,075,870044,5290,4535,4,4539,50
2020-07-12,San Joaquin,077,732212,9206,6703,5,6708,71
2020-07-12,San Luis Obispo,079,281455,1448,972,7,979,5
2020-07-12,San Mateo,081,765935,4775,3988,7,3995,108
2020-07-12,Santa Barbara,083,443738,5209,4353,44,4397,28
2020-07-12,Santa Clara,085,1922200,8585,6252,20,6272,164
2020-07-12,Santa Cruz,087,273765,771,573,5,578,3
2020-07-12,Shasta,089,179085,310,173,1,174,6
2020-07-12,Sierra,091,2930,1,1,0,1,0
2020-07-12,Siskiyou,093,43540,59,36,0,36,0
2020-07-12,Solano,095,438530,2941,2037,10,2047,23
2020-07-12,Sonoma,097,501317,2304,1743,6,1749,13
2020-07-12,Stanislaus,099,539301,7293,5177,9,5186,53
2020-07-12,Sutter,101,95872,469,362,0,362,2
2020-07-12,Tehama,103,63373,148,111,2,113,1
2020-07-12,Trinity,105,12862,21,2,5,7,0
2020-07-12,Tulare,107,460477,7764,5864,27,5891,146
2020-07-12,Tuolumne,109,53932,89,52,2,54,0
2020-07-12,Ventura,111,848112,6311,4724,22,4746,50
2020-07-12,Yolo,113,214977,1245,889,3,892,27
2020-07-12,Yuba,115,75493,235,188,0,188,1
2020-07-11,Alameda,001,1643700,9675,7845,13,7858,148
2020-07-11,Alpine,003,1148,2,1,0,1,0
2020-07-11,Amador,005,37829,51,37,0,37,0
2020-07-11,Butte,007,227075,610,325,8,333,4
2020-07-11,Calaveras,009,45235,84,62,0,62,0
2020-07-11,Colusa,011,21464,203,110,0,110,0
2020-07-11,Contra Costa,013,1133247,6365,4650,11,4661,87
2020-07-11,Del Norte,015,27424,63,59,0,59,0
2020-07-11,El Dorado,017,186661,502,283,0,283,0
2020-07-11,Fresno,019,978130,14693,8086,112,8198,95
2020-07-11,Glenn,021,27897,240,161,0,161,0
2020-07-11,Humboldt,023,135768,200,174,1,175,4
2020-07-11,Imperial,025,180216,9169,6884,7,6891,109
2020-07-11,Inyo,027,18085,39,35,1,36,1
2020-07-11,Kern,029,883053,15859,6509,49,6558,103
2020-07-11,Kings,031,150075,3423,2753,22,2775,33
2020-07-11,Lake,033,64148,156,110,0,110,1
2020-07-11,Lassen,035,31185,490,237,2,239,0
2020-07-11,Los Angeles,037,10098052,152712,130479,176,130655,3802
2020-07-11,Madera,039,155013,1654,988,3,991,4
2020-07-11,Marin,041,260295,4273,3191,5,3196,21
2020-07-11,Mariposa,043,17540,39,31,0,31,1
2020-07-11,Mendocino,045,87422,157,88,0,88,0
2020-07-11,Merced,047,269075,3154,1851,2,1853,12
2020-07-11,Modoc,049,8938,1,0,0,0,0
2020-07-11,Mono,051,14174,68,45,0,45,1
2020-07-11,Monterey,053,433212,3360,2376,9,2385,18
2020-07-11,Napa,055,140530,697,509,0,509,4
2020-07-11,Nevada,057,99092,224,163,5,168,1
2020-07-11,Orange,059,3164182,33046,24430,371,24801,422
2020-07-11,Placer,061,380077,1456,1029,3,1032,11
2020-07-11,Plumas,063,18699,21,12,0,12,0
2020-07-11,Riverside,065,2383286,32996,25994,32,26026,538
2020-07-11,Sacramento,067,1510023,7550,5367,7,5374,84
2020-07-11,San Benito,069,59416,442,314,0,314,2
2020-07-11,San Bernardino,071,2135413,27955,18907,34,18941,310
2020-07-11,San Diego,073,3302833,24321,19371,2,19373,422
2020-07-11,San Francisco,075,870044,5194,4430,3,4433,50
2020-07-11,San Joaquin,077,732212,9028,6518,5,6523,72
2020-07-11,San Luis Obispo,079,281455,1400,930,7,937,4
2020-07-11,San Mateo,081,765935,4707,3956,7,3963,108
2020-07-11,Santa Barbara,083,443738,5140,4283,43,4326,28
2020-07-11,Santa Clara,085,1922200,8426,5959,20,5979,164
2020-07-11,Santa Cruz,087,273765,740,571,5,576,3
2020-07-11,Shasta,089,179085,303,168,1,169,6
2020-07-11,Sierra,091,2930,1,1,0,1,0
2020-07-11,Siskiyou,093,43540,59,36,0,36,0
2020-07-11,Solano,095,438530,2900,2034,10,2044,23
2020-07-11,Sonoma,097,501317,2266,1690,6,1696,13
2020-07-11,Stanislaus,099,539301,7152,4911,9,4920,51
2020-07-11,Sutter,101,95872,453,352,0,352,2
2020-07-11,Tehama,103,63373,146,111,2,113,1
2020-07-11,Trinity,105,12862,21,2,5,7,0
2020-07-11,Tulare,107,460477,7658,5780,27,5807,149
2020-07-11,Tuolumne,109,53932,87,50,2,52,0
2020-07-11,Ventura,111,848112,6215,4545,21,4566,49
2020-07-11,Yolo,113,214977,1216,833,3,836,27
2020-07-11,Yuba,115,75493,225,175,0,175,1
2020-07-10,Alameda,001,1643700,9518,7551,13,7564,147
2020-07-10,Alpine,003,1148,2,1,0,1,0
2020-07-10,Amador,005,37829,47,37,0,37,0
2020-07-10,Butte,007,227075,599,318,8,326,4
2020-07-10,Calaveras,009,45235,84,61,0,61,0
2020-07-10,Colusa,011,21464,197,103,0,103,0
2020-07-10,Contra Costa,013,1133247,6222,4482,11,4493,86
2020-07-10,Del Norte,015,27424,63,57,0,57,0
2020-07-10,El Dorado,017,186661,484,266,0,266,0
2020-07-10,Fresno,019,978130,14361,7760,109,7869,93
2020-07-10,Glenn,021,27897,235,157,0,157,0
2020-07-10,Humboldt,023,135768,199,168,1,169,4
2020-07-10,Imperial,025,180216,9124,6878,6,6884,98
2020-07-10,Inyo,027,18085,39,35,1,36,1
2020-07-10,Kern,029,883053,15426,6344,48,6392,102
2020-07-10,Kings,031,150075,3387,2707,22,2729,33
2020-07-10,Lake,033,64148,149,104,0,104,1
2020-07-10,Lassen,035,31185,489,235,2,237,0
2020-07-10,Los Angeles,037,10098052,150294,127503,170,127673,3750
2020-07-10,Madera,039,155013,1608,914,3,917,4
2020-07-10,Marin,041,260295,4210,3101,5,3106,21
2020-07-10,Mariposa,043,17540,38,31,0,31,1
2020-07-10,Mendocino,045,87422,149,88,0,88,0
2020-07-10,Merced,047,269075,3075,1802,2,1804,12
2020-07-10,Modoc,049,8938,1,0,0,0,0
2020-07-10,Mono,051,14174,67,45,0,45,1
2020-07-10,Monterey,053,433212,3281,2285,9,2294,18
2020-07-10,Napa,055,140530,686,496,0,496,4
2020-07-10,Nevada,057,99092,219,161,5,166,1
2020-07-10,Orange,059,3164182,32459,23692,368,24060,416
2020-07-10,Placer,061,380077,1414,1002,3,1005,11
2020-07-10,Plumas,063,18699,19,12,0,12,0
2020-07-10,Riverside,065,2383286,32479,25481,32,25513,533
2020-07-10,Sacramento,067,1510023,7295,5181,7,5188,81
2020-07-10,San Benito,069,59416,433,302,0,302,2
2020-07-10,San Bernardino,071,2135413,27430,18242,31,18273,308
2020-07-10,San Diego,073,3302833,23937,18862,2,18864,420
2020-07-10,San Francisco,075,870044,5103,4305,3,4308,50
2020-07-10,San Joaquin,077,732212,8795,6225,5,6230,67
2020-07-10,San Luis Obispo,079,281455,1362,891,7,898,4
2020-07-10,San Mateo,081,765935,4642,3844,7,3851,107
2020-07-10,Santa Barbara,083,443738,5043,4177,42,4219,28
2020-07-10,Santa Clara,085,1922200,8202,5819,20,5839,164
2020-07-10,Santa Cruz,087,273765,713,540,5,545,3
2020-07-10,Shasta,089,179085,299,158,1,159,6
2020-07-10,Sierra,091,2930,1,1,0,1,0
2020-07-10,Siskiyou,093,43540,59,31,0,31,0
2020-07-10,Solano,095,438530,2853,1950,10,1960,23
2020-07-10,Sonoma,097,501317,2219,1606,5,1611,13
2020-07-10,Stanislaus,099,539301,6982,4781,9,4790,46
2020-07-10,Sutter,101,95872,446,338,0,338,2
2020-07-10,Tehama,103,63373,145,107,2,109,1
2020-07-10,Trinity,105,12862,21,2,5,7,0
2020-07-10,Tulare,107,460477,7521,5677,27,5704,150
2020-07-10,Tuolumne,109,53932,86,49,2,51,0
2020-07-10,Ventura,111,848112,6101,4416,21,4437,48
2020-07-10,Yolo,113,214977,1192,794,3,797,27
2020-07-10,Yuba,115,75493,211,164,0,164,1
2020-07-09,Alameda,001,1643700,9282,7433,13,7446,146
2020-07-09,Alpine,003,1148,2,1,0,1,0
2020-07-09,Amador,005,37829,44,36,0,36,0
2020-07-09,Butte,007,227075,567,295,8,303,4
2020-07-09,Calaveras,009,45235,83,59,0,59,0
2020-07-09,Colusa,011,21464,189,97,0,97,0
2020-07-09,Contra Costa,013,1133247,5979,4388,11,4399,86
2020-07-09,Del Norte,015,27424,63,57,0,57,0
2020-07-09,El Dorado,017,186661,459,255,0,255,0
2020-07-09,Fresno,019,978130,13907,7385,106,7491,90
2020-07-09,Glenn,021,27897,225,150,0,150,0
2020-07-09,Humboldt,023,135768,196,166,1,167,4
2020-07-09,Imperial,025,180216,9028,6778,6,6784,87
2020-07-09,Inyo,027,18085,37,35,1,36,1
2020-07-09,Kern,029,883053,14781,6100,46,6146,95
2020-07-09,Kings,031,150075,3323,2686,21,2707,33
2020-07-09,Lake,033,64148,146,99,0,99,1
2020-07-09,Lassen,035,31185,433,221,2,223,0
2020-07-09,Los Angeles,037,10098052,147036,125062,146,125208,3698
2020-07-09,Madera,039,155013,1531,850,3,853,4
2020-07-09,Marin,041,260295,4058,2975,4,2979,20
2020-07-09,Mariposa,043,17540,38,32,0,32,1
2020-07-09,Mendocino,045,87422,145,88,0,88,0
2020-07-09,Merced,047,269075,2942,1728,2,1730,11
2020-07-09,Modoc,049,8938,1,0,0,0,0
2020-07-09,Mono,051,14174,63,45,0,45,1
2020-07-09,Monterey,053,433212,3156,2223,9,2232,17
2020-07-09,Napa,055,140530,669,468,0,468,4
2020-07-09,Nevada,057,99092,213,156,5,161,1
2020-07-09,Orange,059,3164182,31488,22960,350,23310,407
2020-07-09,Placer,061,380077,1372,982,3,985,11
2020-07-09,Plumas,063,18699,19,12,0,12,0
2020-07-09,Riverside,065,2383286,31586,24980,31,25011,529
2020-07-09,Sacramento,067,1510023,6968,4950,7,4957,81
2020-07-09,San Benito,069,59416,417,295,0,295,2
2020-07-09,San Bernardino,071,2135413,26557,17339,25,17364,307
2020-07-09,San Diego,073,3302833,23345,18404,2,18406,415
2020-07-09,San Francisco,075,870044,4971,4143,3,4146,50
2020-07-09,San Joaquin,077,732212,8436,6004,5,6009,66
2020-07-09,San Luis Obispo,079,281455,1322,869,7,876,3
2020-07-09,San Mateo,081,765935,4515,3792,7,3799,106
2020-07-09,Santa Barbara,083,443738,4911,4068,42,4110,28
2020-07-09,Santa Clara,085,1922200,7945,5638,19,5657,164
2020-07-09,Santa Cruz,087,273765,686,526,5,531,3
2020-07-09,Shasta,089,179085,293,155,1,156,5
2020-07-09,Sierra,091,2930,1,1,0,1,0
2020-07-09,Siskiyou,093,43540,55,31,0,31,0
2020-07-09,Solano,095,438530,2755,1892,10,1902,23
2020-07-09,Sonoma,097,501317,2133,1584,5,1589,13
2020-07-09,Stanislaus,099,539301,6666,4633,8,4641,46
2020-07-09,Sutter,101,95872,429,321,0,321,2
2020-07-09,Tehama,103,63373,140,102,2,104,1
2020-07-09,Trinity,105,12862,21,2,5,7,0
2020-07-09,Tulare,107,460477,7302,5501,26,5527,146
2020-07-09,Tuolumne,109,53932,85,47,2,49,0
2020-07-09,Ventura,111,848112,5933,4278,21,4299,47
2020-07-09,Yolo,113,214977,1145,764,3,767,27
2020-07-09,Yuba,115,75493,194,152,0,152,1
2020-07-08,Alameda,001,1643700,8990,7335,13,7348,142
2020-07-08,Alpine,003,1148,2,1,0,1,0
2020-07-08,Amador,005,37829,41,35,0,35,0
2020-07-08,Butte,007,227075,530,281,8,289,3
2020-07-08,Calaveras,009,45235,78,58,0,58,0
2020-07-08,Colusa,011,21464,176,90,0,90,0
2020-07-08,Contra Costa,013,1133247,5733,4268,9,4277,84
2020-07-08,Del Norte,015,27424,61,57,0,57,0
2020-07-08,El Dorado,017,186661,438,248,0,248,0
2020-07-08,Fresno,019,978130,13490,7102,98,7200,86
2020-07-08,Glenn,021,27897,214,146,0,146,0
2020-07-08,Humboldt,023,135768,193,162,1,163,4
2020-07-08,Imperial,025,180216,8941,6727,6,6733,76
2020-07-08,Inyo,027,18085,37,35,1,36,1
2020-07-08,Kern,029,883053,14203,5873,44,5917,91
2020-07-08,Kings,031,150075,3263,2629,18,2647,33
2020-07-08,Lake,033,64148,139,97,0,97,1
2020-07-08,Lassen,035,31185,337,221,2,223,0
2020-07-08,Los Angeles,037,10098052,143836,123462,119,123581,3650
2020-07-08,Madera,039,155013,1461,828,3,831,4
2020-07-08,Marin,041,260295,3959,2756,4,2760,17
2020-07-08,Mariposa,043,17540,38,31,0,31,1
2020-07-08,Mendocino,045,87422,132,84,0,84,0
2020-07-08,Merced,047,269075,2822,1578,2,1580,11
2020-07-08,Modoc,049,8938,1,0,0,0,0
2020-07-08,Mono,051,14174,60,45,0,45,1
2020-07-08,Monterey,053,433212,3038,2182,8,2190,17
2020-07-08,Napa,055,140530,647,468,0,468,4
2020-07-08,Nevada,057,99092,204,156,5,161,1
2020-07-08,Orange,059,3164182,30536,22088,345,22433,378
2020-07-08,Placer,061,380077,1325,948,3,951,11
2020-07-08,Plumas,063,18699,19,12,0,12,0
2020-07-08,Riverside,065,2383286,30622,24042,30,24072,508
2020-07-08,Sacramento,067,1510023,6680,4799,7,4806,80
2020-07-08,San Benito,069,59416,401,282,0,282,2
2020-07-08,San Bernardino,071,2135413,25703,16510,21,16531,296
2020-07-08,San Diego,073,3302833,22775,17844,2,17846,406
2020-07-08,San Francisco,075,870044,4882,4093,3,4096,50
2020-07-08,San Joaquin,077,732212,8093,5759,5,5764,61
2020-07-08,San Luis Obispo,079,281455,1270,825,7,832,2
2020-07-08,San Mateo,081,765935,4394,3733,7,3740,106
2020-07-08,Santa Barbara,083,443738,4792,3985,42,4027,28
2020-07-08,Santa Clara,085,1922200,7712,5510,19,5529,164
2020-07-08,Santa Cruz,087,273765,653,509,4,513,3
2020-07-08,Shasta,089,179085,284,148,1,149,6
2020-07-08,Sierra,091,2930,1,1,0,1,0
2020-07-08,Siskiyou,093,43540,55,31,0,31,0
2020-07-08,Solano,095,438530,2639,1821,10,1831,23
2020-07-08,Sonoma,097,501317,2058,1495,5,1500,9
2020-07-08,Stanislaus,099,539301,6366,4344,8,4352,46
2020-07-08,Sutter,101,95872,404,298,0,298,2
2020-07-08,Tehama,103,63373,134,100,2,102,1
2020-07-08,Trinity,105,12862,20,2,5,7,0
2020-07-08,Tulare,107,460477,7110,5307,21,5328,138
2020-07-08,Tuolumne,109,53932,81,42,2,44,0
2020-07-08,Ventura,111,848112,5768,4139,21,4160,47
2020-07-08,Yolo,113,214977,1101,727,3,730,26
2020-07-08,Yuba,115,75493,181,145,0,145,1
2020-07-07,Alameda,001,1643700,8670,7097,12,7109,141
2020-07-07,Alpine,003,1148,2,1,0,1,0
2020-07-07,Amador,005,37829,41,33,0,33,0
2020-07-07,Butte,007,227075,487,269,8,277,3
2020-07-07,Calaveras,009,45235,76,58,0,58,0
2020-07-07,Colusa,011,21464,143,84,0,84,0
2020-07-07,Contra Costa,013,1133247,5497,4131,8,4139,84
2020-07-07,Del Norte,015,27424,61,57,0,57,0
2020-07-07,El Dorado,017,186661,418,244,0,244,0
2020-07-07,Fresno,019,978130,13037,6738,98,6836,84
2020-07-07,Glenn,021,27897,205,145,0,145,0
2020-07-07,Humboldt,023,135768,190,150,1,151,4
2020-07-07,Imperial,025,180216,8842,6678,6,6684,51
2020-07-07,Inyo,027,18085,36,32,1,33,1
2020-07-07,Kern,029,883053,13504,5645,40,5685,88
2020-07-07,Kings,031,150075,3200,2623,16,2639,33
2020-07-07,Lake,033,64148,129,94,0,94,1
2020-07-07,Lassen,035,31185,266,219,2,221,0
2020-07-07,Los Angeles,037,10098052,140270,121026,111,121137,3588
2020-07-07,Madera,039,155013,1417,794,3,797,4
2020-07-07,Marin,041,260295,3870,2627,4,2631,17
2020-07-07,Mariposa,043,17540,38,31,0,31,1
2020-07-07,Mendocino,045,87422,124,82,0,82,0
2020-07-07,Merced,047,269075,2648,1531,2,1533,10
2020-07-07,Modoc,049,8938,1,0,0,0,0
2020-07-07,Mono,051,14174,59,42,0,42,1
2020-07-07,Monterey,053,433212,2895,2166,8,2174,17
2020-07-07,Napa,055,140530,628,459,0,459,4
2020-07-07,Nevada,057,99092,198,150,5,155,1
2020-07-07,Orange,059,3164182,29525,21741,331,22072,373
2020-07-07,Placer,061,380077,1284,930,3,933,11
2020-07-07,Plumas,063,18699,17,12,0,12,0
2020-07-07,Riverside,065,2383286,29607,23279,30,23309,499
2020-07-07,Sacramento,067,1510023,6336,4592,7,4599,76
2020-07-07,San Benito,069,59416,383,274,0,274,2
2020-07-07,San Bernardino,071,2135413,24832,16004,19,16023,277
2020-07-07,San Diego,073,3302833,22056,17580,2,17582,399
2020-07-07,San Francisco,075,870044,4789,4045,2,4047,50
2020-07-07,San Joaquin,077,732212,7751,5547,5,5552,59
2020-07-07,San Luis Obispo,079,281455,1209,795,7,802,2
2020-07-07,San Mateo,081,765935,4279,3691,7,3698,106
2020-07-07,Santa Barbara,083,443738,4664,3866,41,3907,27
2020-07-07,Santa Clara,085,1922200,7443,5438,19,5457,164
2020-07-07,Santa Cruz,087,273765,619,502,3,505,2
2020-07-07,Shasta,089,179085,271,144,1,145,6
2020-07-07,Sierra,091,2930,1,1,0,1,0
2020-07-07,Siskiyou,093,43540,54,30,0,30,0
2020-07-07,Solano,095,438530,2528,1776,9,1785,22
2020-07-07,Sonoma,097,501317,1988,1473,5,1478,8
2020-07-07,Stanislaus,099,539301,6027,4101,8,4109,46
2020-07-07,Sutter,101,95872,378,273,0,273,2
2020-07-07,Tehama,103,63373,125,95,2,97,1
2020-07-07,Trinity,105,12862,20,2,5,7,0
2020-07-07,Tulare,107,460477,6930,5189,19,5208,137
2020-07-07,Tuolumne,109,53932,75,40,2,42,0
2020-07-07,Ventura,111,848112,5599,3992,19,4011,46
2020-07-07,Yolo,113,214977,1034,706,3,709,26
2020-07-07,Yuba,115,75493,161,138,0,138,1
2020-07-06,Alameda,001,1643700,8432,6970,12,6982,141
2020-07-06,Alpine,003,1148,1,1,0,1,0
2020-07-06,Amador,005,37829,39,33,0,33,0
2020-07-06,Butte,007,227075,431,257,8,265,2
2020-07-06,Calaveras,009,45235,73,45,0,45,0
2020-07-06,Colusa,011,21464,134,80,0,80,0
2020-07-06,Contra Costa,013,1133247,5266,3901,7,3908,83
2020-07-06,Del Norte,015,27424,60,57,0,57,0
2020-07-06,El Dorado,017,186661,403,232,0,232,0
2020-07-06,Fresno,019,978130,12569,6364,92,6456,82
2020-07-06,Glenn,021,27897,197,129,0,129,0
2020-07-06,Humboldt,023,135768,188,148,1,149,3
2020-07-06,Imperial,025,180216,8723,6443,6,6449,47
2020-07-06,Inyo,027,18085,36,32,1,33,1
2020-07-06,Kern,029,883053,12698,5491,39,5530,82
2020-07-06,Kings,031,150075,3149,2583,11,2594,33
2020-07-06,Lake,033,64148,122,93,0,93,1
2020-07-06,Lassen,035,31185,264,219,2,221,0
2020-07-06,Los Angeles,037,10098052,136669,116707,97,116804,3541
2020-07-06,Madera,039,155013,1347,734,3,737,4
2020-07-06,Marin,041,260295,3630,2136,4,2140,17
2020-07-06,Mariposa,043,17540,36,31,0,31,1
2020-07-06,Mendocino,045,87422,107,72,0,72,0
2020-07-06,Merced,047,269075,2497,1396,2,1398,10
2020-07-06,Modoc,049,8938,1,0,0,0,0
2020-07-06,Mono,051,14174,58,40,0,40,1
2020-07-06,Monterey,053,433212,2805,2078,8,2086,15
2020-07-06,Napa,055,140530,610,454,0,454,4
2020-07-06,Nevada,057,99092,192,146,5,151,1
2020-07-06,Orange,059,3164182,28463,20167,294,20461,372
2020-07-06,Placer,061,380077,1222,904,3,907,11
2020-07-06,Plumas,063,18699,17,11,0,11,0
2020-07-06,Riverside,065,2383286,28553,22485,29,22514,477
2020-07-06,Sacramento,067,1510023,5985,4420,7,4427,71
2020-07-06,San Benito,069,59416,368,264,0,264,2
2020-07-06,San Bernardino,071,2135413,23978,15346,16,15362,272
2020-07-06,San Diego,073,3302833,21324,17002,2,17004,387
2020-07-06,San Francisco,075,870044,4668,3861,2,3863,50
2020-07-06,San Joaquin,077,732212,7381,5104,5,5109,57
2020-07-06,San Luis Obispo,079,281455,1151,751,7,758,2
2020-07-06,San Mateo,081,765935,4187,3650,6,3656,106
2020-07-06,Santa Barbara,083,443738,4527,3763,40,3803,27
2020-07-06,Santa Clara,085,1922200,7172,5369,19,5388,165
2020-07-06,Santa Cruz,087,273765,597,466,2,468,2
2020-07-06,Shasta,089,179085,261,143,1,144,6
2020-07-06,Sierra,091,2930,1,1,0,1,0
2020-07-06,Siskiyou,093,43540,50,30,0,30,0
2020-07-06,Solano,095,438530,2395,1668,9,1677,22
2020-07-06,Sonoma,097,501317,1924,1369,5,1374,8
2020-07-06,Stanislaus,099,539301,5625,3983,8,3991,46
2020-07-06,Sutter,101,95872,351,250,0,250,2
2020-07-06,Tehama,103,63373,122,95,2,97,1
2020-07-06,Trinity,105,12862,19,2,5,7,0
2020-07-06,Tulare,107,460477,6725,5039,17,5056,136
2020-07-06,Tuolumne,109,53932,72,30,2,32,0
2020-07-06,Ventura,111,848112,5406,3912,19,3931,44
2020-07-06,Yolo,113,214977,978,685,3,688,26
2020-07-06,Yuba,115,75493,147,124,0,124,1
2020-07-05,Alameda,001,1643700,8180,6861,12,6873,141
2020-07-05,Alpine,003,1148,1,1,0,1,0
2020-07-05,Amador,005,37829,37,31,0,31,0
2020-07-05,Butte,007,227075,396,248,8,256,2
2020-07-05,Calaveras,009,45235,69,45,0,45,0
2020-07-05,Colusa,011,21464,124,79,0,79,0
2020-07-05,Contra Costa,013,1133247,5026,3665,6,3671,80
2020-07-05,Del Norte,015,27424,60,57,0,57,0
2020-07-05,El Dorado,017,186661,385,227,0,227,0
2020-07-05,Fresno,019,978130,12003,6186,91,6277,82
2020-07-05,Glenn,021,27897,194,129,0,129,0
2020-07-05,Humboldt,023,135768,184,147,1,148,3
2020-07-05,Imperial,025,180216,8589,6441,6,6447,47
2020-07-05,Inyo,027,18085,35,32,1,33,1
2020-07-05,Kern,029,883053,11989,5351,39,5390,82
2020-07-05,Kings,031,150075,3066,2546,10,2556,31
2020-07-05,Lake,033,64148,122,92,0,92,1
2020-07-05,Lassen,035,31185,258,219,2,221,0
2020-07-05,Los Angeles,037,10098052,133448,115133,91,115224,3495
2020-07-05,Madera,039,155013,1269,564,3,567,4
2020-07-05,Marin,041,260295,3447,2080,4,2084,17
2020-07-05,Mariposa,043,17540,36,31,0,31,1
2020-07-05,Mendocino,045,87422,104,72,0,72,0
2020-07-05,Merced,047,269075,2352,1340,2,1342,10
2020-07-05,Modoc,049,8938,1,0,0,0,0
2020-07-05,Mono,051,14174,54,39,0,39,1
2020-07-05,Monterey,053,433212,2702,1994,8,2002,15
2020-07-05,Napa,055,140530,580,450,0,450,4
2020-07-05,Nevada,057,99092,186,141,5,146,1
2020-07-05,Orange,059,3164182,27522,19430,281,19711,372
2020-07-05,Placer,061,380077,1165,855,3,858,11
2020-07-05,Plumas,063,18699,16,11,0,11,0
2020-07-05,Riverside,065,2383286,27696,21511,29,21540,474
2020-07-05,Sacramento,067,1510023,5670,4265,6,4271,71
2020-07-05,San Benito,069,59416,349,258,0,258,2
2020-07-05,San Bernardino,071,2135413,23101,15026,16,15042,270
2020-07-05,San Diego,073,3302833,20633,16728,2,16730,387
2020-07-05,San Francisco,075,870044,4550,3861,2,3863,50
2020-07-05,San Joaquin,077,732212,7062,5015,5,5020,57
2020-07-05,San Luis Obispo,079,281455,1072,730,7,737,2
2020-07-05,San Mateo,081,765935,4076,3575,6,3581,106
2020-07-05,Santa Barbara,083,443738,4380,3671,37,3708,27
2020-07-05,Santa Clara,085,1922200,6880,5237,19,5256,162
2020-07-05,Santa Cruz,087,273765,579,467,0,467,2
2020-07-05,Shasta,089,179085,255,138,1,139,6
2020-07-05,Sierra,091,2930,1,1,0,1,0
2020-07-05,Siskiyou,093,43540,46,30,0,30,0
2020-07-05,Solano,095,438530,2275,1547,9,1556,22
2020-07-05,Sonoma,097,501317,1843,1369,5,1374,8
2020-07-05,Stanislaus,099,539301,5294,3777,7,3784,45
2020-07-05,Sutter,101,95872,323,241,0,241,2
2020-07-05,Tehama,103,63373,120,95,2,97,1
2020-07-05,Trinity,105,12862,19,2,5,7,0
2020-07-05,Tulare,107,460477,6466,4981,15,4996,135
2020-07-05,Tuolumne,109,53932,67,30,2,32,0
2020-07-05,Ventura,111,848112,5203,3866,19,3885,44
2020-07-05,Yolo,113,214977,938,644,3,647,26
2020-07-05,Yuba,115,75493,137,115,0,115,1
2020-07-04,Alameda,001,1643700,8068,6737,12,6749,141
2020-07-04,Alpine,003,1148,1,1,0,1,0
2020-07-04,Amador,005,37829,36,31,0,31,0
2020-07-04,Butte,007,227075,378,224,8,232,2
2020-07-04,Calaveras,009,45235,69,45,0,45,0
2020-07-04,Colusa,011,21464,123,76,0,76,0
2020-07-04,Contra Costa,013,1133247,4878,3583,6,3589,80
2020-07-04,Del Norte,015,27424,60,50,0,50,0
2020-07-04,El Dorado,017,186661,366,211,0,211,0
2020-07-04,Fresno,019,978130,11686,5999,89,6088,82
2020-07-04,Glenn,021,27897,187,128,0,128,0
2020-07-04,Humboldt,023,135768,177,144,1,145,3
2020-07-04,Imperial,025,180216,8540,6441,6,6447,47
2020-07-04,Inyo,027,18085,35,32,1,33,1
2020-07-04,Kern,029,883053,11685,5231,39,5270,81
2020-07-04,Kings,031,150075,3023,2509,10,2519,31
2020-07-04,Lake,033,64148,115,86,0,86,1
2020-07-04,Lassen,035,31185,258,219,2,221,0
2020-07-04,Los Angeles,037,10098052,131631,107256,80,107336,3462
2020-07-04,Madera,039,155013,1223,568,3,571,4
2020-07-04,Marin,041,260295,3418,1962,4,1966,17
2020-07-04,Mariposa,043,17540,36,28,0,28,1
2020-07-04,Mendocino,045,87422,104,72,0,72,0
2020-07-04,Merced,047,269075,2250,1252,2,1254,10
2020-07-04,Modoc,049,8938,1,0,0,0,0
2020-07-04,Mono,051,14174,54,37,0,37,1
2020-07-04,Monterey,053,433212,2622,1878,8,1886,15
2020-07-04,Napa,055,140530,571,426,0,426,4
2020-07-04,Nevada,057,99092,183,125,5,130,1
2020-07-04,Orange,059,3164182,27089,19247,268,19515,372
2020-07-04,Placer,061,380077,1130,796,3,799,11
2020-07-04,Plumas,063,18699,16,11,0,11,0
2020-07-04,Riverside,065,2383286,27329,21508,29,21537,474
2020-07-04,Sacramento,067,1510023,5499,4039,6,4045,71
2020-07-04,San Benito,069,59416,336,255,0,255,2
2020-07-04,San Bernardino,071,2135413,22675,14636,14,14650,270
2020-07-04,San Diego,073,3302833,20173,16166,2,16168,387
2020-07-04,San Francisco,075,870044,4458,3861,2,3863,50
2020-07-04,San Joaquin,077,732212,6849,4807,5,4812,57
2020-07-04,San Luis Obispo,079,281455,1032,699,7,706,2
2020-07-04,San Mateo,081,765935,4013,3532,6,3538,106
2020-07-04,Santa Barbara,083,443738,4305,3520,35,3555,27
2020-07-04,Santa Clara,085,1922200,6688,5045,18,5063,161
2020-07-04,Santa Cruz,087,273765,569,466,0,466,2
2020-07-04,Shasta,089,179085,252,135,1,136,6
2020-07-04,Sierra,091,2930,1,1,0,1,0
2020-07-04,Siskiyou,093,43540,39,30,0,30,0
2020-07-04,Solano,095,438530,2239,1548,9,1557,22
2020-07-04,Sonoma,097,501317,1817,1370,5,1375,8
2020-07-04,Stanislaus,099,539301,5135,3572,7,3579,44
2020-07-04,Sutter,101,95872,304,225,0,225,2
2020-07-04,Tehama,103,63373,117,92,2,94,1
2020-07-04,Trinity,105,12862,19,2,5,7,0
2020-07-04,Tulare,107,460477,6354,4802,14,4816,135
2020-07-04,Tuolumne,109,53932,63,30,2,32,0
2020-07-04,Ventura,111,848112,5079,3687,19,3706,44
2020-07-04,Yolo,113,214977,913,615,3,618,26
2020-07-04,Yuba,115,75493,130,102,0,102,1
2020-07-03,Alameda,001,1643700,7947,6486,12,6498,141
2020-07-03,Alpine,003,1148,1,1,0,1,0
2020-07-03,Amador,005,37829,36,25,0,25,0
2020-07-03,Butte,007,227075,366,212,8,220,2
2020-07-03,Calaveras,009,45235,69,44,0,44,0
2020-07-03,Colusa,011,21464,117,70,0,70,0
2020-07-03,Contra Costa,013,1133247,4744,3447,6,3453,78
2020-07-03,Del Norte,015,27424,60,50,0,50,0
2020-07-03,El Dorado,017,186661,354,201,0,201,0
2020-07-03,Fresno,019,978130,11381,5783,87,5870,81
2020-07-03,Glenn,021,27897,182,122,0,122,0
2020-07-03,Humboldt,023,135768,173,143,1,144,3
2020-07-03,Imperial,025,180216,8492,6345,6,6351,47
2020-07-03,Inyo,027,18085,35,32,1,33,1
2020-07-03,Kern,029,883053,11424,5213,39,5252,81
2020-07-03,Kings,031,150075,2987,2492,10,2502,31
2020-07-03,Lake,033,64148,108,83,0,83,0
2020-07-03,Lassen,035,31185,258,219,2,221,0
2020-07-03,Los Angeles,037,10098052,130114,107236,76,107312,3461
2020-07-03,Madera,039,155013,1178,565,3,568,4
2020-07-03,Marin,041,260295,3390,1776,4,1780,17
2020-07-03,Mariposa,043,17540,36,28,0,28,1
2020-07-03,Mendocino,045,87422,103,72,0,72,0
2020-07-03,Merced,047,269075,2184,1188,2,1190,10
2020-07-03,Modoc,049,8938,1,0,0,0,0
2020-07-03,Mono,051,14174,54,37,0,37,1
2020-07-03,Monterey,053,433212,2551,1804,8,1812,15
2020-07-03,Napa,055,140530,553,388,0,388,4
2020-07-03,Nevada,057,99092,182,125,5,130,1
2020-07-03,Orange,059,3164182,26698,18819,260,19079,366
2020-07-03,Placer,061,380077,1103,745,3,748,11
2020-07-03,Plumas,063,18699,16,11,0,11,0
2020-07-03,Riverside,065,2383286,27023,21171,29,21200,472
2020-07-03,Sacramento,067,1510023,5365,3711,6,3717,71
2020-07-03,San Benito,069,59416,329,243,0,243,2
2020-07-03,San Bernardino,071,2135413,22286,14040,14,14054,269
2020-07-03,San Diego,073,3302833,19718,15698,2,15700,387
2020-07-03,San Francisco,075,870044,4411,3781,2,3783,50
2020-07-03,San Joaquin,077,732212,6711,4416,4,4420,56
2020-07-03,San Luis Obispo,079,281455,997,676,7,683,2
2020-07-03,San Mateo,081,765935,3956,3439,6,3445,106
2020-07-03,Santa Barbara,083,443738,4218,3406,34,3440,27
2020-07-03,Santa Clara,085,1922200,6575,4820,18,4838,161
2020-07-03,Santa Cruz,087,273765,556,436,0,436,2
2020-07-03,Shasta,089,179085,244,113,1,114,6
2020-07-03,Sierra,091,2930,1,1,0,1,0
2020-07-03,Siskiyou,093,43540,36,30,0,30,0
2020-07-03,Solano,095,438530,2195,1496,8,1504,22
2020-07-03,Sonoma,097,501317,1768,1282,5,1287,8
2020-07-03,Stanislaus,099,539301,5010,3021,7,3028,43
2020-07-03,Sutter,101,95872,294,205,0,205,2
2020-07-03,Tehama,103,63373,115,89,2,91,1
2020-07-03,Trinity,105,12862,19,2,5,7,0
2020-07-03,Tulare,107,460477,6239,4656,14,4670,134
2020-07-03,Tuolumne,109,53932,61,27,2,29,0
2020-07-03,Ventura,111,848112,4983,3536,19,3555,44
2020-07-03,Yolo,113,214977,879,586,3,589,25
2020-07-03,Yuba,115,75493,125,96,0,96,1
2020-07-02,Alameda,001,1643700,7821,6386,12,6398,139
2020-07-02,Alpine,003,1148,1,1,0,1,0
2020-07-02,Amador,005,37829,35,23,0,23,0
2020-07-02,Butte,007,227075,349,199,8,207,2
2020-07-02,Calaveras,009,45235,65,42,0,42,0
2020-07-02,Colusa,011,21464,109,60,0,60,0
2020-07-02,Contra Costa,013,1133247,4560,3347,6,3353,77
2020-07-02,Del Norte,015,27424,59,50,0,50,0
2020-07-02,El Dorado,017,186661,343,193,0,193,0
2020-07-02,Fresno,019,978130,10921,5402,86,5488,78
2020-07-02,Glenn,021,27897,176,114,0,114,0
2020-07-02,Humboldt,023,135768,169,138,1,139,3
2020-07-02,Imperial,025,180216,8391,6236,5,6241,47
2020-07-02,Inyo,027,18085,35,29,1,30,1
2020-07-02,Kern,029,883053,10888,5036,37,5073,78
2020-07-02,Kings,031,150075,2936,2419,10,2429,31
2020-07-02,Lake,033,64148,104,81,0,81,0
2020-07-02,Lassen,035,31185,256,218,2,220,0
2020-07-02,Los Angeles,037,10098052,128096,107144,53,107197,3458
2020-07-02,Madera,039,155013,1110,548,3,551,4
2020-07-02,Marin,041,260295,3304,1706,4,1710,17
2020-07-02,Mariposa,043,17540,35,28,0,28,1
2020-07-02,Mendocino,045,87422,99,71,0,71,0
2020-07-02,Merced,047,269075,2087,1122,2,1124,10
2020-07-02,Modoc,049,8938,1,0,0,0,0
2020-07-02,Mono,051,14174,54,37,0,37,1
2020-07-02,Monterey,053,433212,2491,1796,8,1804,15
2020-07-02,Napa,055,140530,536,352,0,352,4
2020-07-02,Nevada,057,99092,176,118,4,122,1
2020-07-02,Orange,059,3164182,25934,17056,247,17303,360
2020-07-02,Placer,061,380077,1079,740,3,743,11
2020-07-02,Plumas,063,18699,15,8,0,8,0
2020-07-02,Riverside,065,2383286,26450,20253,29,20282,458
2020-07-02,Sacramento,067,1510023,5138,3587,6,3593,70
2020-07-02,San Benito,069,59416,321,236,0,236,2
2020-07-02,San Bernardino,071,2135413,21750,13185,14,13199,260
2020-07-02,San Diego,073,3302833,19253,15208,2,15210,377
2020-07-02,San Francisco,075,870044,4316,3676,2,3678,50
2020-07-02,San Joaquin,077,732212,6364,4243,4,4247,56
2020-07-02,San Luis Obispo,079,281455,952,659,7,666,2
2020-07-02,San Mateo,081,765935,3876,3390,6,3396,107
2020-07-02,Santa Barbara,083,443738,4118,3385,32,3417,27
2020-07-02,Santa Clara,085,1922200,6449,4722,18,4740,160
2020-07-02,Santa Cruz,087,273765,533,414,0,414,2
2020-07-02,Shasta,089,179085,241,110,1,111,5
2020-07-02,Sierra,091,2930,1,1,0,1,0
2020-07-02,Siskiyou,093,43540,36,30,0,30,0
2020-07-02,Solano,095,438530,2112,1429,8,1437,21
2020-07-02,Sonoma,097,501317,1710,1244,5,1249,6
2020-07-02,Stanislaus,099,539301,4838,2850,7,2857,41
2020-07-02,Sutter,101,95872,282,195,0,195,2
2020-07-02,Tehama,103,63373,113,86,2,88,1
2020-07-02,Trinity,105,12862,19,2,5,7,0
2020-07-02,Tulare,107,460477,6072,4559,13,4572,132
2020-07-02,Tuolumne,109,53932,58,23,2,25,0
2020-07-02,Ventura,111,848112,4827,3394,19,3413,42
2020-07-02,Yolo,113,214977,847,554,3,557,24
2020-07-02,Yuba,115,75493,115,93,0,93,1
2020-07-01,Alameda,001,1643700,7599,6125,12,6137,137
2020-07-01,Alpine,003,1148,1,1,0,1,0
2020-07-01,Amador,005,37829,34,22,0,22,0
2020-07-01,Butte,007,227075,324,185,8,193,2
2020-07-01,Calaveras,009,45235,63,37,0,37,0
2020-07-01,Colusa,011,21464,103,53,0,53,0
2020-07-01,Contra Costa,013,1133247,4348,3259,6,3265,76
2020-07-01,Del Norte,015,27424,59,50,0,50,0
2020-07-01,El Dorado,017,186661,316,183,0,183,0
2020-07-01,Fresno,019,978130,10487,5111,83,5194,76
2020-07-01,Glenn,021,27897,170,110,0,110,0
2020-07-01,Humboldt,023,135768,164,134,0,134,3
2020-07-01,Imperial,025,180216,8294,6150,5,6155,46
2020-07-01,Inyo,027,18085,34,30,1,31,1
2020-07-01,Kern,029,883053,10255,4853,35,4888,78
2020-07-01,Kings,031,150075,2868,2360,10,2370,30
2020-07-01,Lake,033,64148,103,75,0,75,0
2020-07-01,Lassen,035,31185,255,217,2,219,0
2020-07-01,Los Angeles,037,10098052,124893,105325,44,105369,3408
2020-07-01,Madera,039,155013,1069,519,3,522,4
2020-07-01,Marin,041,260295,3147,1636,4,1640,17
2020-07-01,Mariposa,043,17540,35,29,0,29,1
2020-07-01,Mendocino,045,87422,95,70,0,70,0
2020-07-01,Merced,047,269075,1987,1052,2,1054,10
2020-07-01,Modoc,049,8938,1,0,0,0,0
2020-07-01,Mono,051,14174,51,37,0,37,1
2020-07-01,Monterey,053,433212,2383,1703,7,1710,15
2020-07-01,Napa,055,140530,513,347,0,347,4
2020-07-01,Nevada,057,99092,166,115,4,119,1
2020-07-01,Orange,059,3164182,25049,15662,226,15888,343
2020-07-01,Placer,061,380077,1032,713,3,716,11
2020-07-01,Plumas,063,18699,13,8,0,8,0
2020-07-01,Riverside,065,2383286,25608,19537,28,19565,457
2020-07-01,Sacramento,067,1510023,4883,3425,6,3431,64
2020-07-01,San Benito,069,59416,312,219,0,219,2
2020-07-01,San Bernardino,071,2135413,20855,12712,11,12723,253
2020-07-01,San Diego,073,3302833,18685,14624,2,14626,372
2020-07-01,San Francisco,075,870044,4223,3626,2,3628,50
2020-07-01,San Joaquin,077,732212,6006,3990,4,3994,54
2020-07-01,San Luis Obispo,079,281455,925,613,7,620,1
2020-07-01,San Mateo,081,765935,3814,3326,6,3332,84
2020-07-01,Santa Barbara,083,443738,3998,3268,31,3299,27
2020-07-01,Santa Clara,085,1922200,6261,4547,17,4564,159
2020-07-01,Santa Cruz,087,273765,511,398,0,398,2
2020-07-01,Shasta,089,179085,236,104,1,105,5
2020-07-01,Sierra,091,2930,1,1,0,1,0
2020-07-01,Siskiyou,093,43540,36,28,0,28,0
2020-07-01,Solano,095,438530,2023,1350,8,1358,21
2020-07-01,Sonoma,097,501317,1614,1178,5,1183,6
2020-07-01,Stanislaus,099,539301,4559,2619,7,2626,41
2020-07-01,Sutter,101,95872,269,188,0,188,2
2020-07-01,Tehama,103,63373,106,80,2,82,1
2020-07-01,Trinity,105,12862,19,2,4,6,0
2020-07-01,Tulare,107,460477,5894,4359,13,4372,128
2020-07-01,Tuolumne,109,53932,55,17,2,19,0
2020-07-01,Ventura,111,848112,4684,3224,17,3241,41
2020-07-01,Yolo,113,214977,796,526,3,529,24
2020-07-01,Yuba,115,75493,110,57,0,57,1
2020-06-30,Alameda,001,1643700,7350,5959,10,5969,137
2020-06-30,Alpine,003,1148,1,1,0,1,0
2020-06-30,Amador,005,37829,34,21,0,21,0
2020-06-30,Butte,007,227075,307,163,8,171,2
2020-06-30,Calaveras,009,45235,58,31,0,31,0
2020-06-30,Colusa,011,21464,94,33,0,33,0
2020-06-30,Contra Costa,013,1133247,4141,3140,6,3146,75
2020-06-30,Del Norte,015,27424,59,48,0,48,0
2020-06-30,El Dorado,017,186661,303,175,0,175,0
2020-06-30,Fresno,019,978130,10039,4826,77,4903,75
2020-06-30,Glenn,021,27897,165,96,0,96,0
2020-06-30,Humboldt,023,135768,160,132,0,132,3
2020-06-30,Imperial,025,180216,8196,5968,5,5973,45
2020-06-30,Inyo,027,18085,34,30,1,31,1
2020-06-30,Kern,029,883053,9608,4721,31,4752,75
2020-06-30,Kings,031,150075,2819,2315,7,2322,30
2020-06-30,Lake,033,64148,95,56,0,56,0
2020-06-30,Lassen,035,31185,248,215,2,217,0
2020-06-30,Los Angeles,037,10098052,121316,103640,41,103681,3378
2020-06-30,Madera,039,155013,1012,475,3,478,4
2020-06-30,Marin,041,260295,3076,1614,4,1618,17
2020-06-30,Mariposa,043,17540,34,27,0,27,1
2020-06-30,Mendocino,045,87422,90,65,0,65,0
2020-06-30,Merced,047,269075,1850,970,2,972,10
2020-06-30,Modoc,049,8938,1,0,0,0,0
2020-06-30,Mono,051,14174,49,36,0,36,1
2020-06-30,Monterey,053,433212,2285,1657,7,1664,15
2020-06-30,Napa,055,140530,488,342,0,342,4
2020-06-30,Nevada,057,99092,158,113,4,117,1
2020-06-30,Orange,059,3164182,24118,14354,216,14570,335
2020-06-30,Placer,061,380077,1005,667,3,670,11
2020-06-30,Plumas,063,18699,12,8,0,8,0
2020-06-30,Riverside,065,2383286,24891,18656,27,18683,449
2020-06-30,Sacramento,067,1510023,4594,3246,6,3252,64
2020-06-30,San Benito,069,59416,301,200,0,200,2
2020-06-30,San Bernardino,071,2135413,19872,12375,10,12385,249
2020-06-30,San Diego,073,3302833,17980,14150,2,14152,365
2020-06-30,San Francisco,075,870044,4118,3555,1,3556,50
2020-06-30,San Joaquin,077,732212,5631,3744,4,3748,52
2020-06-30,San Luis Obispo,079,281455,887,583,7,590,1
2020-06-30,San Mateo,081,765935,3736,3268,6,3274,84
2020-06-30,Santa Barbara,083,443738,3882,3102,31,3133,25
2020-06-30,Santa Clara,085,1922200,6059,4346,17,4363,157
2020-06-30,Santa Cruz,087,273765,486,379,0,379,2
2020-06-30,Shasta,089,179085,220,100,1,101,5
2020-06-30,Sierra,091,2930,1,1,0,1,0
2020-06-30,Siskiyou,093,43540,35,26,0,26,0
2020-06-30,Solano,095,438530,1931,1256,8,1264,21
2020-06-30,Sonoma,097,501317,1549,1122,5,1127,6
2020-06-30,Stanislaus,099,539301,4261,2578,7,2585,41
2020-06-30,Sutter,101,95872,246,168,0,168,2
2020-06-30,Tehama,103,63373,104,75,2,77,1
2020-06-30,Trinity,105,12862,19,2,4,6,0
2020-06-30,Tulare,107,460477,5685,4207,13,4220,117
2020-06-30,Tuolumne,109,53932,51,16,2,18,0
2020-06-30,Ventura,111,848112,4550,3030,17,3047,40
2020-06-30,Yolo,113,214977,758,515,3,518,24
2020-06-30,Yuba,115,75493,106,55,0,55,1
2020-06-29,Alameda,001,1643700,7140,5766,10,5776,135
2020-06-29,Alpine,003,1148,1,1,0,1,0
2020-06-29,Amador,005,37829,31,20,0,20,0
2020-06-29,Butte,007,227075,286,157,8,165,2
2020-06-29,Calaveras,009,45235,56,30,0,30,0
2020-06-29,Colusa,011,21464,89,17,0,17,0
2020-06-29,Contra Costa,013,1133247,3978,2976,5,2981,75
2020-06-29,Del Norte,015,27424,59,47,0,47,0
2020-06-29,El Dorado,017,186661,289,163,0,163,0
2020-06-29,Fresno,019,978130,9691,4531,75,4606,74
2020-06-29,Glenn,021,27897,156,77,0,77,0
2020-06-29,Humboldt,023,135768,159,128,0,128,3
2020-06-29,Imperial,025,180216,8065,5512,5,5517,45
2020-06-29,Inyo,027,18085,33,29,0,29,1
2020-06-29,Kern,029,883053,8945,4613,29,4642,73
2020-06-29,Kings,031,150075,2754,2280,7,2287,20
2020-06-29,Lake,033,64148,88,53,0,53,0
2020-06-29,Lassen,035,31185,240,77,2,79,0
2020-06-29,Los Angeles,037,10098052,118277,100846,35,100881,3337
2020-06-29,Madera,039,155013,955,422,3,425,4
2020-06-29,Marin,041,260295,3000,1517,4,1521,17
2020-06-29,Mariposa,043,17540,32,25,0,25,1
2020-06-29,Mendocino,045,87422,87,63,0,63,0
2020-06-29,Merced,047,269075,1744,848,2,850,10
2020-06-29,Modoc,049,8938,1,0,0,0,0
2020-06-29,Mono,051,14174,47,35,0,35,1
2020-06-29,Monterey,053,433212,2213,1614,7,1621,14
2020-06-29,Napa,055,140530,466,317,0,317,4
2020-06-29,Nevada,057,99092,155,107,3,110,1
2020-06-29,Orange,059,3164182,23128,13682,200,13882,324
2020-06-29,Placer,061,380077,969,628,3,631,11
2020-06-29,Plumas,063,18699,12,6,0,6,0
2020-06-29,Riverside,065,2383286,23857,17683,27,17710,432
2020-06-29,Sacramento,067,1510023,4307,2985,6,2991,62
2020-06-29,San Benito,069,59416,286,193,0,193,2
2020-06-29,San Bernardino,071,2135413,18911,11643,10,11653,245
2020-06-29,San Diego,073,3302833,17402,13834,2,13836,361
2020-06-29,San Francisco,075,870044,4041,3389,1,3390,50
2020-06-29,San Joaquin,077,732212,5273,3202,4,3206,52
2020-06-29,San Luis Obispo,079,281455,853,544,7,551,1
2020-06-29,San Mateo,081,765935,3682,3170,6,3176,84
2020-06-29,Santa Barbara,083,443738,3773,2933,30,2963,25
2020-06-29,Santa Clara,085,1922200,5888,4231,17,4248,157
2020-06-29,Santa Cruz,087,273765,468,348,0,348,2
2020-06-29,Shasta,089,179085,212,94,1,95,5
2020-06-29,Sierra,091,2930,1,1,0,1,0
2020-06-29,Siskiyou,093,43540,35,25,0,25,0
2020-06-29,Solano,095,438530,1829,1077,8,1085,21
2020-06-29,Sonoma,097,501317,1477,1103,5,1108,5
2020-06-29,Stanislaus,099,539301,4055,2400,6,2406,36
2020-06-29,Sutter,101,95872,224,152,0,152,2
2020-06-29,Tehama,103,63373,100,63,2,65,1
2020-06-29,Trinity,105,12862,18,2,4,6,0
2020-06-29,Tulare,107,460477,5530,3906,12,3918,117
2020-06-29,Tuolumne,109,53932,47,16,2,18,0
2020-06-29,Ventura,111,848112,4403,2794,17,2811,40
2020-06-29,Yolo,113,214977,724,483,3,486,24
2020-06-29,Yuba,115,75493,93,55,0,55,1
2020-06-28,Alameda,001,1643700,6881,5698,10,5708,135
2020-06-28,Alpine,003,1148,1,1,0,1,0
2020-06-28,Amador,005,37829,29,20,0,20,0
2020-06-28,Butte,007,227075,266,150,8,158,2
2020-06-28,Calaveras,009,45235,51,30,0,30,0
2020-06-28,Colusa,011,21464,74,17,0,17,0
2020-06-28,Contra Costa,013,1133247,3788,2803,4,2807,73
2020-06-28,Del Norte,015,27424,58,47,0,47,0
2020-06-28,El Dorado,017,186661,277,162,0,162,0
2020-06-28,Fresno,019,978130,9329,4365,75,4440,74
2020-06-28,Glenn,021,27897,148,77,0,77,0
2020-06-28,Humboldt,023,135768,156,127,0,127,3
2020-06-28,Imperial,025,180216,7877,5513,4,5517,45
2020-06-28,Inyo,027,18085,33,29,0,29,1
2020-06-28,Kern,029,883053,8394,4541,27,4568,72
2020-06-28,Kings,031,150075,2694,2234,7,2241,18
2020-06-28,Lake,033,64148,84,53,0,53,0
2020-06-28,Lassen,035,31185,240,77,2,79,0
2020-06-28,Los Angeles,037,10098052,115076,98003,31,98034,3316
2020-06-28,Madera,039,155013,907,424,3,427,4
2020-06-28,Marin,041,260295,2654,1473,4,1477,17
2020-06-28,Mariposa,043,17540,32,24,0,24,1
2020-06-28,Mendocino,045,87422,85,63,0,63,0
2020-06-28,Merced,047,269075,1631,814,2,816,10
2020-06-28,Modoc,049,8938,1,0,0,0,0
2020-06-28,Mono,051,14174,47,35,0,35,1
2020-06-28,Monterey,053,433212,2131,1560,7,1567,13
2020-06-28,Napa,055,140530,432,307,0,307,4
2020-06-28,Nevada,057,99092,144,102,3,105,1
2020-06-28,Orange,059,3164182,22154,13213,182,13395,324
2020-06-28,Placer,061,380077,930,618,3,621,11
2020-06-28,Plumas,063,18699,11,6,0,6,0
2020-06-28,Riverside,065,2383286,23029,16848,26,16874,432
2020-06-28,Sacramento,067,1510023,4079,2803,6,2809,63
2020-06-28,San Benito,069,59416,275,190,0,190,2
2020-06-28,San Bernardino,071,2135413,18158,11344,9,11353,245
2020-06-28,San Diego,073,3302833,16857,13333,2,13335,361
2020-06-28,San Francisco,075,870044,3962,3388,1,3389,50
2020-06-28,San Joaquin,077,732212,4936,3201,4,3205,52
2020-06-28,San Luis Obispo,079,281455,814,531,6,537,1
2020-06-28,San Mateo,081,765935,3604,3124,6,3130,84
2020-06-28,Santa Barbara,083,443738,3628,2872,30,2902,25
2020-06-28,Santa Clara,085,1922200,5726,4131,17,4148,156
2020-06-28,Santa Cruz,087,273765,445,349,0,349,2
2020-06-28,Shasta,089,179085,199,89,0,89,5
2020-06-28,Sierra,091,2930,1,1,0,1,0
2020-06-28,Siskiyou,093,43540,35,25,0,25,0
2020-06-28,Solano,095,438530,1754,1077,8,1085,21
2020-06-28,Sonoma,097,501317,1424,1084,5,1089,5
2020-06-28,Stanislaus,099,539301,3849,2376,6,2382,36
2020-06-28,Sutter,101,95872,198,145,0,145,2
2020-06-28,Tehama,103,63373,93,63,2,65,1
2020-06-28,Trinity,105,12862,17,2,4,6,0
2020-06-28,Tulare,107,460477,5362,3812,12,3824,117
2020-06-28,Tuolumne,109,53932,42,14,2,16,0
2020-06-28,Ventura,111,848112,4245,2650,17,2667,40
2020-06-28,Yolo,113,214977,689,468,3,471,24
2020-06-28,Yuba,115,75493,89,39,0,39,1
2020-06-27,Alameda,001,1643700,6785,5581,10,5591,135
2020-06-27,Alpine,003,1148,1,1,0,1,0
2020-06-27,Amador,005,37829,27,20,0,20,0
2020-06-27,Butte,007,227075,258,137,8,145,2
2020-06-27,Calaveras,009,45235,49,30,0,30,0
2020-06-27,Colusa,011,21464,68,17,0,17,0
2020-06-27,Contra Costa,013,1133247,3693,2717,3,2720,72
2020-06-27,Del Norte,015,27424,58,47,0,47,0
2020-06-27,El Dorado,017,186661,271,159,0,159,0
2020-06-27,Fresno,019,978130,9083,4238,75,4313,74
2020-06-27,Glenn,021,27897,144,77,0,77,0
2020-06-27,Humboldt,023,135768,154,127,0,127,3
2020-06-27,Imperial,025,180216,7816,5513,4,5517,45
2020-06-27,Inyo,027,18085,33,29,0,29,1
2020-06-27,Kern,029,883053,8130,4411,26,4437,70
2020-06-27,Kings,031,150075,2668,2187,7,2194,18
2020-06-27,Lake,033,64148,81,42,0,42,0
2020-06-27,Lassen,035,31185,240,33,2,35,0
2020-06-27,Los Angeles,037,10098052,113334,95341,28,95369,3291
2020-06-27,Madera,039,155013,864,427,2,429,4
2020-06-27,Marin,041,260295,2609,1423,4,1427,17
2020-06-27,Mariposa,043,17540,31,22,0,22,1
2020-06-27,Mendocino,045,87422,85,63,0,63,0
2020-06-27,Merced,047,269075,1573,807,1,808,10
2020-06-27,Modoc,049,8938,1,0,0,0,0
2020-06-27,Mono,051,14174,46,35,0,35,1
2020-06-27,Monterey,053,433212,2067,1455,7,1462,12
2020-06-27,Napa,055,140530,422,282,0,282,3
2020-06-27,Nevada,057,99092,140,102,2,104,1
2020-06-27,Orange,059,3164182,21643,12951,177,13128,320
2020-06-27,Placer,061,380077,909,584,3,587,10
2020-06-27,Plumas,063,18699,11,6,0,6,0
2020-06-27,Riverside,065,2383286,22640,16209,26,16235,432
2020-06-27,Sacramento,067,1510023,3962,2685,6,2691,63
2020-06-27,San Benito,069,59416,268,182,0,182,2
2020-06-27,San Bernardino,071,2135413,17779,11238,9,11247,243
2020-06-27,San Diego,073,3302833,16492,12836,2,12838,360
2020-06-27,San Francisco,075,870044,3907,3332,1,3333,49
2020-06-27,San Joaquin,077,732212,4770,2995,4,2999,52
2020-06-27,San Luis Obispo,079,281455,791,505,6,511,1
2020-06-27,San Mateo,081,765935,3547,3083,6,3089,83
2020-06-27,Santa Barbara,083,443738,3556,2799,30,2829,25
2020-06-27,Santa Clara,085,1922200,5620,4006,17,4023,157
2020-06-27,Santa Cruz,087,273765,438,347,0,347,2
2020-06-27,Shasta,089,179085,193,87,0,87,5
2020-06-27,Sierra,091,2930,1,1,0,1,0
2020-06-27,Siskiyou,093,43540,35,25,0,25,0
2020-06-27,Solano,095,438530,1721,1076,8,1084,21
2020-06-27,Sonoma,097,501317,1393,1004,5,1009,5
2020-06-27,Stanislaus,099,539301,3749,2164,6,2170,36
2020-06-27,Sutter,101,95872,191,141,0,141,2
2020-06-27,Tehama,103,63373,90,63,2,65,1
2020-06-27,Trinity,105,12862,17,2,4,6,0
2020-06-27,Tulare,107,460477,5266,3810,12,3822,117
2020-06-27,Tuolumne,109,53932,41,13,2,15,0
2020-06-27,Ventura,111,848112,4145,2471,17,2488,40
2020-06-27,Yolo,113,214977,665,432,3,435,24
2020-06-27,Yuba,115,75493,81,39,0,39,1
2020-06-26,Alameda,001,1643700,6699,5502,9,5511,132
2020-06-26,Alpine,003,1148,1,1,0,1,0
2020-06-26,Amador,005,37829,26,20,0,20,0
2020-06-26,Butte,007,227075,243,135,8,143,2
2020-06-26,Calaveras,009,45235,47,30,0,30,0
2020-06-26,Colusa,011,21464,63,17,0,17,0
2020-06-26,Contra Costa,013,1133247,3580,2676,3,2679,72
2020-06-26,Del Norte,015,27424,57,47,0,47,0
2020-06-26,El Dorado,017,186661,263,159,0,159,0
2020-06-26,Fresno,019,978130,8857,4166,75,4241,74
2020-06-26,Glenn,021,27897,137,71,0,71,0
2020-06-26,Humboldt,023,135768,152,126,0,126,3
2020-06-26,Imperial,025,180216,7753,5400,4,5404,44
2020-06-26,Inyo,027,18085,32,29,0,29,1
2020-06-26,Kern,029,883053,7800,4366,26,4392,70
2020-06-26,Kings,031,150075,2636,2176,6,2182,18
2020-06-26,Lake,033,64148,80,42,0,42,0
2020-06-26,Lassen,035,31185,239,30,2,32,0
2020-06-26,Los Angeles,037,10098052,111167,93328,28,93356,3275
2020-06-26,Madera,039,155013,832,409,2,411,4
2020-06-26,Marin,041,260295,2572,1406,4,1410,17
2020-06-26,Mariposa,043,17540,30,21,0,21,1
2020-06-26,Mendocino,045,87422,82,63,0,63,0
2020-06-26,Merced,047,269075,1527,797,1,798,10
2020-06-26,Modoc,049,8938,1,0,0,0,0
2020-06-26,Mono,051,14174,45,35,0,35,1
2020-06-26,Monterey,053,433212,2015,1449,7,1456,12
2020-06-26,Napa,055,140530,412,277,0,277,3
2020-06-26,Nevada,057,99092,136,101,1,102,1
2020-06-26,Orange,059,3164182,20967,12659,174,12833,320
2020-06-26,Placer,061,380077,880,584,3,587,10
2020-06-26,Plumas,063,18699,11,6,0,6,0
2020-06-26,Riverside,065,2383286,22177,15858,26,15884,430
2020-06-26,Sacramento,067,1510023,3797,2687,6,2693,63
2020-06-26,San Benito,069,59416,264,176,0,176,2
2020-06-26,San Bernardino,071,2135413,17402,11111,9,11120,243
2020-06-26,San Diego,073,3302833,16127,12402,2,12404,358
2020-06-26,San Francisco,075,870044,3852,3330,1,3331,49
2020-06-26,San Joaquin,077,732212,4556,2943,4,2947,52
2020-06-26,San Luis Obispo,079,281455,776,498,6,504,1
2020-06-26,San Mateo,081,765935,3495,3055,6,3061,83
2020-06-26,Santa Barbara,083,443738,3466,2784,28,2812,25
2020-06-26,Santa Clara,085,1922200,5519,3968,17,3985,156
2020-06-26,Santa Cruz,087,273765,431,344,0,344,2
2020-06-26,Shasta,089,179085,186,86,0,86,5
2020-06-26,Sierra,091,2930,1,1,0,1,0
2020-06-26,Siskiyou,093,43540,34,24,0,24,0
2020-06-26,Solano,095,438530,1679,1068,8,1076,21
2020-06-26,Sonoma,097,501317,1361,977,5,982,5
2020-06-26,Stanislaus,099,539301,3636,2157,6,2163,36
2020-06-26,Sutter,101,95872,184,138,0,138,2
2020-06-26,Tehama,103,63373,87,63,2,65,1
2020-06-26,Trinity,105,12862,17,2,4,6,0
2020-06-26,Tulare,107,460477,5177,3720,12,3732,117
2020-06-26,Tuolumne,109,53932,39,10,2,12,0
2020-06-26,Ventura,111,848112,4059,2444,17,2461,40
2020-06-26,Yolo,113,214977,642,418,3,421,24
2020-06-26,Yuba,115,75493,75,38,0,38,1
2020-06-25,Alameda,001,1643700,6510,5398,9,5407,130
2020-06-25,Alpine,003,1148,1,1,0,1,0
2020-06-25,Amador,005,37829,25,18,0,18,0
2020-06-25,Butte,007,227075,238,127,8,135,1
2020-06-25,Calaveras,009,45235,42,26,0,26,0
2020-06-25,Colusa,011,21464,53,14,0,14,0
2020-06-25,Contra Costa,013,1133247,3395,2591,3,2594,71
2020-06-25,Del Norte,015,27424,55,47,0,47,0
2020-06-25,El Dorado,017,186661,255,150,0,150,0
2020-06-25,Fresno,019,978130,8544,3938,74,4012,71
2020-06-25,Glenn,021,27897,132,59,0,59,0
2020-06-25,Humboldt,023,135768,151,121,0,121,3
2020-06-25,Imperial,025,180216,7624,5192,4,5196,44
2020-06-25,Inyo,027,18085,29,27,0,27,1
2020-06-25,Kern,029,883053,7375,4236,23,4259,69
2020-06-25,Kings,031,150075,2584,2110,6,2116,17
2020-06-25,Lake,033,64148,79,42,0,42,0
2020-06-25,Lassen,035,31185,233,13,2,15,0
2020-06-25,Los Angeles,037,10098052,108401,91524,28,91552,3239
2020-06-25,Madera,039,155013,788,380,2,382,4
2020-06-25,Marin,041,260295,2470,1321,4,1325,17
2020-06-25,Mariposa,043,17540,29,20,0,20,1
2020-06-25,Mendocino,045,87422,79,61,0,61,0
2020-06-25,Merced,047,269075,1440,747,1,748,10
2020-06-25,Modoc,049,8938,1,0,0,0,0
2020-06-25,Mono,051,14174,44,35,0,35,1
2020-06-25,Monterey,053,433212,1927,1426,6,1432,12
2020-06-25,Napa,055,140530,394,260,0,260,3
2020-06-25,Nevada,057,99092,128,92,1,93,1
2020-06-25,Orange,059,3164182,20045,12221,172,12393,311
2020-06-25,Placer,061,380077,826,574,3,577,10
2020-06-25,Plumas,063,18699,10,6,0,6,0
2020-06-25,Riverside,065,2383286,21422,15224,26,15250,427
2020-06-25,Sacramento,067,1510023,3574,2519,6,2525,62
2020-06-25,San Benito,069,59416,256,174,0,174,2
2020-06-25,San Bernardino,071,2135413,16651,10590,9,10599,242
2020-06-25,San Diego,073,3302833,15588,11963,2,11965,352
2020-06-25,San Francisco,075,870044,3786,3252,1,3253,48
2020-06-25,San Joaquin,077,732212,4283,2803,4,2807,50
2020-06-25,San Luis Obispo,079,281455,744,473,6,479,1
2020-06-25,San Mateo,081,765935,3427,2996,6,3002,82
2020-06-25,Santa Barbara,083,443738,3361,2622,27,2649,25
2020-06-25,Santa Clara,085,1922200,5370,3871,17,3888,156
2020-06-25,Santa Cruz,087,273765,419,335,0,335,2
2020-06-25,Shasta,089,179085,176,84,0,84,5
2020-06-25,Sierra,091,2930,1,1,0,1,0
2020-06-25,Siskiyou,093,43540,33,24,0,24,0
2020-06-25,Solano,095,438530,1626,1034,8,1042,21
2020-06-25,Sonoma,097,501317,1314,953,4,957,5
2020-06-25,Stanislaus,099,539301,3424,2130,6,2136,36
2020-06-25,Sutter,101,95872,172,126,0,126,2
2020-06-25,Tehama,103,63373,83,59,2,61,1
2020-06-25,Trinity,105,12862,17,2,4,6,0
2020-06-25,Tulare,107,460477,5046,3656,12,3668,117
2020-06-25,Tuolumne,109,53932,38,10,1,11,0
2020-06-25,Ventura,111,848112,3877,2346,16,2362,40
2020-06-25,Yolo,113,214977,613,397,3,400,24
2020-06-25,Yuba,115,75493,64,38,0,38,1
2020-06-24,Alameda,001,1643700,6348,5242,9,5251,123
2020-06-24,Alpine,003,1148,1,1,0,1,0
2020-06-24,Amador,005,37829,23,16,0,16,0
2020-06-24,Butte,007,227075,222,119,7,126,1
2020-06-24,Calaveras,009,45235,40,26,0,26,0
2020-06-24,Colusa,011,21464,44,11,0,11,0
2020-06-24,Contra Costa,013,1133247,3240,2520,3,2523,66
2020-06-24,Del Norte,015,27424,49,47,0,47,0
2020-06-24,El Dorado,017,186661,239,149,0,149,0
2020-06-24,Fresno,019,978130,8213,3765,74,3839,71
2020-06-24,Glenn,021,27897,124,54,0,54,0
2020-06-24,Humboldt,023,135768,151,117,0,117,3
2020-06-24,Imperial,025,180216,7506,5138,4,5142,38
2020-06-24,Inyo,027,18085,29,28,0,28,1
2020-06-24,Kern,029,883053,6982,4155,21,4176,67
2020-06-24,Kings,031,150075,2520,2063,6,2069,16
2020-06-24,Lake,033,64148,66,40,0,40,0
2020-06-24,Lassen,035,31185,232,9,2,11,0
2020-06-24,Los Angeles,037,10098052,105641,89566,28,89594,3186
2020-06-24,Madera,039,155013,766,373,2,375,4
2020-06-24,Marin,041,260295,2242,1261,4,1265,17
2020-06-24,Mariposa,043,17540,28,19,0,19,1
2020-06-24,Mendocino,045,87422,79,60,0,60,0
2020-06-24,Merced,047,269075,1353,696,1,697,8
2020-06-24,Modoc,049,8938,1,0,0,0,0
2020-06-24,Mono,051,14174,42,35,0,35,1
2020-06-24,Monterey,053,433212,1850,1407,6,1413,12
2020-06-24,Napa,055,140530,377,258,0,258,3
2020-06-24,Nevada,057,99092,122,92,1,93,1
2020-06-24,Orange,059,3164182,19048,11804,154,11958,303
2020-06-24,Placer,061,380077,787,548,3,551,10
2020-06-24,Plumas,063,18699,10,6,0,6,0
2020-06-24,Riverside,065,2383286,20575,14946,26,14972,410
2020-06-24,Sacramento,067,1510023,3370,2446,5,2451,62
2020-06-24,San Benito,069,59416,252,171,0,171,2
2020-06-24,San Bernardino,071,2135413,15837,10211,9,10220,239
2020-06-24,San Diego,073,3302833,15085,11628,2,11630,347
2020-06-24,San Francisco,075,870044,3723,3216,1,3217,48
2020-06-24,San Joaquin,077,732212,4062,2680,4,2684,49
2020-06-24,San Luis Obispo,079,281455,713,461,5,466,1
2020-06-24,San Mateo,081,765935,3370,2964,6,2970,82
2020-06-24,Santa Barbara,083,443738,3242,2569,25,2594,22
2020-06-24,Santa Clara,085,1922200,5239,3812,17,3829,155
2020-06-24,Santa Cruz,087,273765,407,329,0,329,2
2020-06-24,Shasta,089,179085,168,83,0,83,5
2020-06-24,Sierra,091,2930,1,1,0,1,0
2020-06-24,Siskiyou,093,43540,32,24,0,24,0
2020-06-24,Solano,095,438530,1536,979,7,986,21
2020-06-24,Sonoma,097,501317,1265,933,4,937,4
2020-06-24,Stanislaus,099,539301,3245,2039,6,2045,36
2020-06-24,Sutter,101,95872,159,118,0,118,2
2020-06-24,Tehama,103,63373,81,55,2,57,1
2020-06-24,Trinity,105,12862,16,2,3,5,0
2020-06-24,Tulare,107,460477,4891,3541,10,3551,116
2020-06-24,Tuolumne,109,53932,33,9,1,10,0
2020-06-24,Ventura,111,848112,3536,2314,16,2330,42
2020-06-24,Yolo,113,214977,578,376,3,379,24
2020-06-24,Yuba,115,75493,58,37,0,37,1
2020-06-23,Alameda,001,1643700,6167,5159,9,5168,121
2020-06-23,Alpine,003,1148,1,1,0,1,0
2020-06-23,Amador,005,37829,22,13,0,13,0
2020-06-23,Butte,007,227075,204,111,7,118,1
2020-06-23,Calaveras,009,45235,40,26,0,26,0
2020-06-23,Colusa,011,21464,40,7,0,7,0
2020-06-23,Contra Costa,013,1133247,3114,2453,3,2456,60
2020-06-23,Del Norte,015,27424,48,46,0,46,0
2020-06-23,El Dorado,017,186661,230,142,0,142,0
2020-06-23,Fresno,019,978130,7561,3569,72,3641,67
2020-06-23,Glenn,021,27897,120,47,0,47,0
2020-06-23,Humboldt,023,135768,151,110,0,110,3
2020-06-23,Imperial,025,180216,7343,5025,4,5029,38
2020-06-23,Inyo,027,18085,29,26,0,26,1
2020-06-23,Kern,029,883053,6614,4087,18,4105,64
2020-06-23,Kings,031,150075,2455,1727,6,1733,16
2020-06-23,Lake,033,64148,60,40,0,40,0
2020-06-23,Lassen,035,31185,228,9,2,11,0
2020-06-23,Los Angeles,037,10098052,102701,88433,27,88460,3152
2020-06-23,Madera,039,155013,727,369,2,371,4
2020-06-23,Marin,041,260295,1974,1139,4,1143,17
2020-06-23,Mariposa,043,17540,26,18,0,18,1
2020-06-23,Mendocino,045,87422,78,61,0,61,0
2020-06-23,Merced,047,269075,1255,656,1,657,8
2020-06-23,Modoc,049,8938,1,0,0,0,0
2020-06-23,Mono,051,14174,42,35,0,35,1
2020-06-23,Monterey,053,433212,1780,1346,6,1352,12
2020-06-23,Napa,055,140530,362,230,0,230,3
2020-06-23,Nevada,057,99092,116,81,1,82,1
2020-06-23,Orange,059,3164182,18079,11071,151,11222,278
2020-06-23,Placer,061,380077,761,525,3,528,10
2020-06-23,Plumas,063,18699,9,6,0,6,0
2020-06-23,Riverside,065,2383286,19555,14469,26,14495,406
2020-06-23,Sacramento,067,1510023,3191,2374,5,2379,62
2020-06-23,San Benito,069,59416,238,167,0,167,2
2020-06-23,San Bernardino,071,2135413,15057,9771,9,9780,229
2020-06-23,San Diego,073,3302833,14565,11296,2,11298,341
2020-06-23,San Francisco,075,870044,3649,3177,1,3178,48
2020-06-23,San Joaquin,077,732212,3803,2502,4,2506,48
2020-06-23,San Luis Obispo,079,281455,682,445,5,450,1
2020-06-23,San Mateo,081,765935,3305,2907,6,2913,81
2020-06-23,Santa Barbara,083,443738,3147,2498,25,2523,22
2020-06-23,Santa Clara,085,1922200,5093,3700,17,3717,155
2020-06-23,Santa Cruz,087,273765,397,313,0,313,2
2020-06-23,Shasta,089,179085,159,81,0,81,5
2020-06-23,Sierra,091,2930,1,1,0,1,0
2020-06-23,Siskiyou,093,43540,30,24,0,24,0
2020-06-23,Solano,095,438530,1479,941,6,947,21
2020-06-23,Sonoma,097,501317,1212,912,4,916,4
2020-06-23,Stanislaus,099,539301,3069,1850,6,1856,35
2020-06-23,Sutter,101,95872,149,112,0,112,2
2020-06-23,Tehama,103,63373,79,50,2,52,1
2020-06-23,Trinity,105,12862,16,2,3,5,0
2020-06-23,Tulare,107,460477,4769,3456,10,3466,111
2020-06-23,Tuolumne,109,53932,28,9,0,9,0
2020-06-23,Ventura,111,848112,3376,2209,15,2224,40
2020-06-23,Yolo,113,214977,552,350,0,350,24
2020-06-23,Yuba,115,75493,55,35,0,35,1
2020-06-22,Alameda,001,1643700,6016,4944,9,4953,121
2020-06-22,Alpine,003,1148,1,1,0,1,0
2020-06-22,Amador,005,37829,19,12,0,12,0
2020-06-22,Butte,007,227075,185,104,7,111,1
2020-06-22,Calaveras,009,45235,38,20,0,20,0
2020-06-22,Colusa,011,21464,37,7,0,7,0
2020-06-22,Contra Costa,013,1133247,2972,2363,3,2366,60
2020-06-22,Del Norte,015,27424,48,46,0,46,0
2020-06-22,El Dorado,017,186661,221,137,0,137,0
2020-06-22,Fresno,019,978130,7029,3425,72,3497,67
2020-06-22,Glenn,021,27897,111,40,0,40,0
2020-06-22,Humboldt,023,135768,148,110,0,110,3
2020-06-22,Imperial,025,180216,7186,4700,4,4704,38
2020-06-22,Inyo,027,18085,29,26,0,26,1
2020-06-22,Kern,029,883053,6262,3982,16,3998,60
2020-06-22,Kings,031,150075,2406,1513,6,1519,13
2020-06-22,Lake,033,64148,54,37,0,37,0
2020-06-22,Lassen,035,31185,118,7,2,9,0
2020-06-22,Los Angeles,037,10098052,99804,85925,25,85950,3117
2020-06-22,Madera,039,155013,702,333,2,335,4
2020-06-22,Marin,041,260295,1717,1029,4,1033,17
2020-06-22,Mariposa,043,17540,25,18,0,18,1
2020-06-22,Mendocino,045,87422,73,48,0,48,0
2020-06-22,Merced,047,269075,1166,619,1,620,8
2020-06-22,Modoc,049,8938,1,0,0,0,0
2020-06-22,Mono,051,14174,42,34,0,34,1
2020-06-22,Monterey,053,433212,1719,1293,6,1299,12
2020-06-22,Napa,055,140530,338,222,0,222,3
2020-06-22,Nevada,057,99092,111,79,1,80,1
2020-06-22,Orange,059,3164182,17147,10711,148,10859,275
2020-06-22,Placer,061,380077,735,512,3,515,9
2020-06-22,Plumas,063,18699,7,6,0,6,0
2020-06-22,Riverside,065,2383286,18583,13948,26,13974,403
2020-06-22,Sacramento,067,1510023,2974,2243,5,2248,62
2020-06-22,San Benito,069,59416,229,164,0,164,2
2020-06-22,San Bernardino,071,2135413,14283,9133,9,9142,229
2020-06-22,San Diego,073,3302833,14073,11098,2,11100,338
2020-06-22,San Francisco,075,870044,3556,3000,1,3001,47
2020-06-22,San Joaquin,077,732212,3555,2332,4,2336,48
2020-06-22,San Luis Obispo,079,281455,649,422,5,427,1
2020-06-22,San Mateo,081,765935,3232,2813,5,2818,81
2020-06-22,Santa Barbara,083,443738,3055,2447,25,2472,21
2020-06-22,Santa Clara,085,1922200,4930,3580,17,3597,155
2020-06-22,Santa Cruz,087,273765,384,290,0,290,3
2020-06-22,Shasta,089,179085,156,77,0,77,5
2020-06-22,Sierra,091,2930,1,1,0,1,0
2020-06-22,Siskiyou,093,43540,30,23,0,23,0
2020-06-22,Solano,095,438530,1401,784,5,789,21
2020-06-22,Sonoma,097,501317,1167,860,2,862,4
2020-06-22,Stanislaus,099,539301,2884,1784,6,1790,35
2020-06-22,Sutter,101,95872,140,100,0,100,2
2020-06-22,Tehama,103,63373,75,38,2,40,1
2020-06-22,Trinity,105,12862,16,2,3,5,0
2020-06-22,Tulare,107,460477,4632,3185,10,3195,111
2020-06-22,Tuolumne,109,53932,19,8,0,8,0
2020-06-22,Ventura,111,848112,3227,2065,15,2080,39
2020-06-22,Yolo,113,214977,526,333,0,333,24
2020-06-22,Yuba,115,75493,50,36,0,36,1
2020-06-21,Alameda,001,1643700,5821,4835,9,4844,121
2020-06-21,Alpine,003,1148,1,1,0,1,0
2020-06-21,Amador,005,37829,14,12,0,12,0
2020-06-21,Butte,007,227075,171,97,7,104,1
2020-06-21,Calaveras,009,45235,38,20,0,20,0
2020-06-21,Colusa,011,21464,29,7,0,7,0
2020-06-21,Contra Costa,013,1133247,2846,2282,3,2285,60
2020-06-21,Del Norte,015,27424,47,46,0,46,0
2020-06-21,El Dorado,017,186661,212,132,0,132,0
2020-06-21,Fresno,019,978130,6458,3296,70,3366,67
2020-06-21,Glenn,021,27897,102,40,0,40,0
2020-06-21,Humboldt,023,135768,143,108,0,108,3
2020-06-21,Imperial,025,180216,7003,4701,4,4705,38
2020-06-21,Inyo,027,18085,27,26,0,26,1
2020-06-21,Kern,029,883053,5970,3918,14,3932,60
2020-06-21,Kings,031,150075,2342,1334,6,1340,11
2020-06-21,Lake,033,64148,49,36,0,36,0
2020-06-21,Lassen,035,31185,25,7,2,9,0
2020-06-21,Los Angeles,037,10098052,96922,83383,24,83407,3101
2020-06-21,Madera,039,155013,668,319,2,321,4
2020-06-21,Marin,041,260295,1560,907,4,911,17
2020-06-21,Mariposa,043,17540,22,18,0,18,1
2020-06-21,Mendocino,045,87422,70,48,0,48,0
2020-06-21,Merced,047,269075,1071,577,1,578,8
2020-06-21,Modoc,049,8938,1,0,0,0,0
2020-06-21,Mono,051,14174,42,34,0,34,1
2020-06-21,Monterey,053,433212,1646,1227,6,1233,12
2020-06-21,Napa,055,140530,323,218,0,218,3
2020-06-21,Nevada,057,99092,108,79,1,80,1
2020-06-21,Orange,059,3164182,16314,10563,144,10707,275
2020-06-21,Placer,061,380077,695,498,3,501,9
2020-06-21,Plumas,063,18699,7,6,0,6,0
2020-06-21,Riverside,065,2383286,17877,13528,25,13553,402
2020-06-21,Sacramento,067,1510023,2773,2156,4,2160,62
2020-06-21,San Benito,069,59416,215,151,0,151,2
2020-06-21,San Bernardino,071,2135413,13509,8925,8,8933,229
2020-06-21,San Diego,073,3302833,13527,10796,2,10798,338
2020-06-21,San Francisco,075,870044,3450,3000,1,3001,47
2020-06-21,San Joaquin,077,732212,3319,2188,4,2192,48
2020-06-21,San Luis Obispo,079,281455,623,418,5,423,1
2020-06-21,San Mateo,081,765935,3174,2781,5,2786,81
2020-06-21,Santa Barbara,083,443738,2948,2430,24,2454,21
2020-06-21,Santa Clara,085,1922200,4793,3514,17,3531,154
2020-06-21,Santa Cruz,087,273765,374,290,0,290,3
2020-06-21,Shasta,089,179085,146,75,0,75,5
2020-06-21,Sierra,091,2930,1,1,0,1,0
2020-06-21,Siskiyou,093,43540,30,23,0,23,0
2020-06-21,Solano,095,438530,1301,783,4,787,21
2020-06-21,Sonoma,097,501317,1117,836,2,838,4
2020-06-21,Stanislaus,099,539301,2698,1688,6,1694,35
2020-06-21,Sutter,101,95872,132,96,0,96,2
2020-06-21,Tehama,103,63373,64,35,2,37,1
2020-06-21,Trinity,105,12862,15,2,3,5,0
2020-06-21,Tulare,107,460477,4463,3173,10,3183,111
2020-06-21,Tuolumne,109,53932,17,8,0,8,0
2020-06-21,Ventura,111,848112,3049,2021,15,2036,39
2020-06-21,Yolo,113,214977,494,323,0,323,24
2020-06-21,Yuba,115,75493,46,35,0,35,1
2020-06-20,Alameda,001,1643700,5759,4758,9,4767,119
2020-06-20,Alpine,003,1148,1,1,0,1,0
2020-06-20,Amador,005,37829,14,12,0,12,0
2020-06-20,Butte,007,227075,164,94,7,101,1
2020-06-20,Calaveras,009,45235,38,20,0,20,0
2020-06-20,Colusa,011,21464,26,7,0,7,0
2020-06-20,Contra Costa,013,1133247,2787,2231,3,2234,54
2020-06-20,Del Norte,015,27424,47,46,0,46,0
2020-06-20,El Dorado,017,186661,207,130,0,130,0
2020-06-20,Fresno,019,978130,6332,3222,67,3289,67
2020-06-20,Glenn,021,27897,97,40,0,40,0
2020-06-20,Humboldt,023,135768,143,108,0,108,3
2020-06-20,Imperial,025,180216,6922,4616,4,4620,37
2020-06-20,Inyo,027,18085,27,26,0,26,1
2020-06-20,Kern,029,883053,5805,3836,14,3850,59
2020-06-20,Kings,031,150075,2318,1331,6,1337,9
2020-06-20,Lake,033,64148,49,37,0,37,0
2020-06-20,Lassen,035,31185,24,7,2,9,0
2020-06-20,Los Angeles,037,10098052,95351,81604,23,81627,3093
2020-06-20,Madera,039,155013,635,321,2,323,4
2020-06-20,Marin,041,260295,1540,879,4,883,17
2020-06-20,Mariposa,043,17540,22,18,0,18,1
2020-06-20,Mendocino,045,87422,69,48,0,48,0
2020-06-20,Merced,047,269075,1031,566,1,567,8
2020-06-20,Modoc,049,8938,1,0,0,0,0
2020-06-20,Mono,051,14174,42,34,0,34,1
2020-06-20,Monterey,053,433212,1610,1181,6,1187,12
2020-06-20,Napa,055,140530,314,212,0,212,3
2020-06-20,Nevada,057,99092,105,73,1,74,1
2020-06-20,Orange,059,3164182,15964,10284,140,10424,273
2020-06-20,Placer,061,380077,670,483,3,486,9
2020-06-20,Plumas,063,18699,6,6,0,6,0
2020-06-20,Riverside,065,2383286,17578,13021,25,13046,402
2020-06-20,Sacramento,067,1510023,2702,2069,4,2073,63
2020-06-20,San Benito,069,59416,211,139,0,139,2
2020-06-20,San Bernardino,071,2135413,13147,8718,8,8726,229
2020-06-20,San Diego,073,3302833,13204,10486,2,10488,338
2020-06-20,San Francisco,075,870044,3406,2999,1,3000,47
2020-06-20,San Joaquin,077,732212,3237,2046,4,2050,48
2020-06-20,San Luis Obispo,079,281455,610,405,5,410,1
2020-06-20,San Mateo,081,765935,3126,2755,5,2760,81
2020-06-20,Santa Barbara,083,443738,2891,2358,23,2381,21
2020-06-20,Santa Clara,085,1922200,4719,3435,17,3452,154
2020-06-20,Santa Cruz,087,273765,372,287,0,287,3
2020-06-20,Shasta,089,179085,140,66,0,66,5
2020-06-20,Sierra,091,2930,1,1,0,1,0
2020-06-20,Siskiyou,093,43540,29,22,0,22,0
2020-06-20,Solano,095,438530,1277,784,4,788,21
2020-06-20,Sonoma,097,501317,1081,806,2,808,4
2020-06-20,Stanislaus,099,539301,2590,1598,6,1604,35
2020-06-20,Sutter,101,95872,130,89,0,89,2
2020-06-20,Tehama,103,63373,62,35,2,37,1
2020-06-20,Trinity,105,12862,15,2,3,5,0
2020-06-20,Tulare,107,460477,4390,3172,10,3182,111
2020-06-20,Tuolumne,109,53932,14,8,0,8,0
2020-06-20,Ventura,111,848112,2984,1946,15,1961,37
2020-06-20,Yolo,113,214977,478,309,0,309,24
2020-06-20,Yuba,115,75493,44,34,0,34,1
2020-06-19,Alameda,001,1643700,5688,4646,9,4655,119
2020-06-19,Alpine,003,1148,1,1,0,1,0
2020-06-19,Amador,005,37829,14,12,0,12,0
2020-06-19,Butte,007,227075,159,91,7,98,1
2020-06-19,Calaveras,009,45235,37,20,0,20,0
2020-06-19,Colusa,011,21464,24,7,0,7,0
2020-06-19,Contra Costa,013,1133247,2707,2106,3,2109,54
2020-06-19,Del Norte,015,27424,47,46,0,46,0
2020-06-19,El Dorado,017,186661,198,124,0,124,0
2020-06-19,Fresno,019,978130,6170,3109,65,3174,61
2020-06-19,Glenn,021,27897,91,40,0,40,0
2020-06-19,Humboldt,023,135768,141,106,0,106,3
2020-06-19,Imperial,025,180216,6831,4504,4,4508,36
2020-06-19,Inyo,027,18085,27,26,0,26,1
2020-06-19,Kern,029,883053,5582,3742,13,3755,57
2020-06-19,Kings,031,150075,2297,1285,6,1291,9
2020-06-19,Lake,033,64148,46,36,0,36,0
2020-06-19,Lassen,035,31185,23,7,2,9,0
2020-06-19,Los Angeles,037,10098052,93372,79572,22,79594,3047
2020-06-19,Madera,039,155013,616,300,2,302,4
2020-06-19,Marin,041,260295,1511,829,4,833,17
2020-06-19,Mariposa,043,17540,21,18,0,18,1
2020-06-19,Mendocino,045,87422,68,48,0,48,0
2020-06-19,Merced,047,269075,986,529,1,530,8
2020-06-19,Modoc,049,8938,1,0,0,0,0
2020-06-19,Mono,051,14174,42,34,0,34,1
2020-06-19,Monterey,053,433212,1581,1159,6,1165,12
2020-06-19,Napa,055,140530,304,209,0,209,3
2020-06-19,Nevada,057,99092,102,71,1,72,1
2020-06-19,Orange,059,3164182,15431,9972,133,10105,260
2020-06-19,Placer,061,380077,652,464,3,467,9
2020-06-19,Plumas,063,18699,6,5,0,5,0
2020-06-19,Riverside,065,2383286,17173,12710,25,12735,398
2020-06-19,Sacramento,067,1510023,2619,1976,4,1980,64
2020-06-19,San Benito,069,59416,210,136,0,136,2
2020-06-19,San Bernardino,071,2135413,12742,8454,7,8461,226
2020-06-19,San Diego,073,3302833,12841,10352,2,10354,332
2020-06-19,San Francisco,075,870044,3351,2968,1,2969,47
2020-06-19,San Joaquin,077,732212,3114,1969,4,1973,48
2020-06-19,San Luis Obispo,079,281455,594,392,5,397,1
2020-06-19,San Mateo,081,765935,3087,2713,5,2718,81
2020-06-19,Santa Barbara,083,443738,2818,2284,21,2305,21
2020-06-19,Santa Clara,085,1922200,4645,3376,17,3393,154
2020-06-19,Santa Cruz,087,273765,362,283,0,283,3
2020-06-19,Shasta,089,179085,137,58,0,58,5
2020-06-19,Sierra,091,2930,1,1,0,1,0
2020-06-19,Siskiyou,093,43540,29,21,0,21,0
2020-06-19,Solano,095,438530,1239,755,4,759,21
2020-06-19,Sonoma,097,501317,1054,803,2,805,4
2020-06-19,Stanislaus,099,539301,2480,1549,6,1555,35
2020-06-19,Sutter,101,95872,129,89,0,89,2
2020-06-19,Tehama,103,63373,61,35,2,37,1
2020-06-19,Trinity,105,12862,15,2,3,5,0
2020-06-19,Tulare,107,460477,4319,3053,10,3063,107
2020-06-19,Tuolumne,109,53932,13,8,0,8,0
2020-06-19,Ventura,111,848112,2900,1865,15,1880,37
2020-06-19,Yolo,113,214977,459,303,0,303,24
2020-06-19,Yuba,115,75493,43,33,0,33,1
2020-06-18,Alameda,001,1643700,5558,4589,9,4598,118
2020-06-18,Alpine,003,1148,1,1,0,1,0
2020-06-18,Amador,005,37829,13,12,0,12,0
2020-06-18,Butte,007,227075,154,88,7,95,1
2020-06-18,Calaveras,009,45235,37,20,0,20,0
2020-06-18,Colusa,011,21464,20,7,0,7,0
2020-06-18,Contra Costa,013,1133247,2601,2072,3,2075,53
2020-06-18,Del Norte,015,27424,47,46,0,46,0
2020-06-18,El Dorado,017,186661,194,121,0,121,0
2020-06-18,Fresno,019,978130,5903,2947,64,3011,57
2020-06-18,Glenn,021,27897,82,35,0,35,0
2020-06-18,Humboldt,023,135768,140,106,0,106,3
2020-06-18,Imperial,025,180216,6681,4366,4,4370,36
2020-06-18,Inyo,027,18085,26,25,0,25,1
2020-06-18,Kern,029,883053,5364,3634,13,3647,57
2020-06-18,Kings,031,150075,2238,1141,6,1147,8
2020-06-18,Lake,033,64148,45,36,0,36,0
2020-06-18,Lassen,035,31185,22,5,2,7,0
2020-06-18,Los Angeles,037,10098052,91103,78244,22,78266,3009
2020-06-18,Madera,039,155013,581,288,2,290,4
2020-06-18,Marin,041,260295,1448,819,4,823,17
2020-06-18,Mariposa,043,17540,19,18,0,18,1
2020-06-18,Mendocino,045,87422,64,45,0,45,0
2020-06-18,Merced,047,269075,934,486,1,487,7
2020-06-18,Modoc,049,8938,1,0,0,0,0
2020-06-18,Mono,051,14174,42,34,0,34,1
2020-06-18,Monterey,053,433212,1513,1127,6,1133,12
2020-06-18,Napa,055,140530,289,205,0,205,3
2020-06-18,Nevada,057,99092,98,68,1,69,1
2020-06-18,Orange,059,3164182,14776,9597,114,9711,255
2020-06-18,Placer,061,380077,629,457,3,460,9
2020-06-18,Plumas,063,18699,6,5,0,5,0
2020-06-18,Riverside,065,2383286,16557,12410,25,12435,392
2020-06-18,Sacramento,067,1510023,2503,1938,4,1942,63
2020-06-18,San Benito,069,59416,204,134,0,134,2
2020-06-18,San Bernardino,071,2135413,12102,8141,7,8148,226
2020-06-18,San Diego,073,3302833,12419,10094,2,10096,331
2020-06-18,San Francisco,075,870044,3302,2951,1,2952,47
2020-06-18,San Joaquin,077,732212,2962,1908,4,1912,47
2020-06-18,San Luis Obispo,079,281455,574,378,5,383,1
2020-06-18,San Mateo,081,765935,3048,2674,5,2679,78
2020-06-18,Santa Barbara,083,443738,2744,2201,21,2222,19
2020-06-18,Santa Clara,085,1922200,4542,3338,17,3355,152
2020-06-18,Santa Cruz,087,273765,345,275,0,275,3
2020-06-18,Shasta,089,179085,126,51,0,51,4
2020-06-18,Sierra,091,2930,1,1,0,1,0
2020-06-18,Siskiyou,093,43540,29,18,0,18,0
2020-06-18,Solano,095,438530,1201,735,4,739,21
2020-06-18,Sonoma,097,501317,1012,789,2,791,4
2020-06-18,Stanislaus,099,539301,2346,1495,6,1501,35
2020-06-18,Sutter,101,95872,125,85,0,85,2
2020-06-18,Tehama,103,63373,56,31,2,33,1
2020-06-18,Trinity,105,12862,15,2,3,5,0
2020-06-18,Tulare,107,460477,4197,3005,10,3015,107
2020-06-18,Tuolumne,109,53932,12,8,0,8,0
2020-06-18,Ventura,111,848112,2774,1781,15,1796,37
2020-06-18,Yolo,113,214977,426,294,0,294,24
2020-06-18,Yuba,115,75493,42,32,0,32,1
2020-06-17,Alameda,001,1643700,5435,4485,9,4494,117
2020-06-17,Alpine,003,1148,1,1,0,1,0
2020-06-17,Amador,005,37829,12,10,0,10,0
2020-06-17,Butte,007,227075,145,81,7,88,1
2020-06-17,Calaveras,009,45235,37,20,0,20,0
2020-06-17,Colusa,011,21464,19,7,0,7,0
2020-06-17,Contra Costa,013,1133247,2504,2020,3,2023,45
2020-06-17,Del Norte,015,27424,47,45,0,45,0
2020-06-17,El Dorado,017,186661,187,116,0,116,0
2020-06-17,Fresno,019,978130,5677,2801,61,2862,56
2020-06-17,Glenn,021,27897,75,31,0,31,0
2020-06-17,Humboldt,023,135768,138,105,0,105,3
2020-06-17,Imperial,025,180216,6508,4108,4,4112,36
2020-06-17,Inyo,027,18085,25,25,0,25,1
2020-06-17,Kern,029,883053,5163,3547,13,3560,56
2020-06-17,Kings,031,150075,2208,1097,6,1103,7
2020-06-17,Lake,033,64148,44,32,0,32,0
2020-06-17,Lassen,035,31185,18,5,2,7,0
2020-06-17,Los Angeles,037,10098052,88795,77166,22,77188,2973
2020-06-17,Madera,039,155013,559,258,2,260,4
2020-06-17,Marin,041,260295,1256,771,3,774,17
2020-06-17,Mariposa,043,17540,18,18,0,18,1
2020-06-17,Mendocino,045,87422,62,42,0,42,0
2020-06-17,Merced,047,269075,862,460,1,461,7
2020-06-17,Modoc,049,8938,1,0,0,0,0
2020-06-17,Mono,051,14174,42,34,0,34,1
2020-06-17,Monterey,053,433212,1461,1077,6,1083,12
2020-06-17,Napa,055,140530,274,202,0,202,3
2020-06-17,Nevada,057,99092,94,57,1,58,1
2020-06-17,Orange,059,3164182,14170,9278,108,9386,230
2020-06-17,Placer,061,380077,609,427,3,430,9
2020-06-17,Plumas,063,18699,6,5,0,5,0
2020-06-17,Riverside,065,2383286,15921,11859,25,11884,370
2020-06-17,Sacramento,067,1510023,2396,1889,4,1893,63
2020-06-17,San Benito,069,59416,199,116,0,116,2
2020-06-17,San Bernardino,071,2135413,11552,7670,7,7677,225
2020-06-17,San Diego,073,3302833,12040,9856,2,9858,327
2020-06-17,San Francisco,075,870044,3263,2906,1,2907,46
2020-06-17,San Joaquin,077,732212,2789,1825,4,1829,46
2020-06-17,San Luis Obispo,079,281455,555,362,5,367,1
2020-06-17,San Mateo,081,765935,3001,2649,5,2654,78
2020-06-17,Santa Barbara,083,443738,2671,2147,19,2166,19
2020-06-17,Santa Clara,085,1922200,4449,3264,16,3280,148
2020-06-17,Santa Cruz,087,273765,339,265,0,265,2
2020-06-17,Shasta,089,179085,124,51,0,51,4
2020-06-17,Sierra,091,2930,1,1,0,1,0
2020-06-17,Siskiyou,093,43540,28,16,0,16,0
2020-06-17,Solano,095,438530,1151,722,4,726,21
2020-06-17,Sonoma,097,501317,986,748,2,750,4
2020-06-17,Stanislaus,099,539301,2223,1387,6,1393,35
2020-06-17,Sutter,101,95872,119,79,0,79,2
2020-06-17,Tehama,103,63373,41,24,2,26,1
2020-06-17,Trinity,105,12862,14,2,3,5,0
2020-06-17,Tulare,107,460477,4087,2882,10,2892,106
2020-06-17,Tuolumne,109,53932,12,7,0,7,0
2020-06-17,Ventura,111,848112,2674,1729,15,1744,37
2020-06-17,Yolo,113,214977,406,277,0,277,24
2020-06-17,Yuba,115,75493,41,30,0,30,1
2020-06-16,Alameda,001,1643700,5317,4428,9,4437,113
2020-06-16,Alpine,003,1148,1,1,0,1,0
2020-06-16,Amador,005,37829,12,10,0,10,0
2020-06-16,Butte,007,227075,141,79,7,86,1
2020-06-16,Calaveras,009,45235,34,19,0,19,0
2020-06-16,Colusa,011,21464,16,7,0,7,0
2020-06-16,Contra Costa,013,1133247,2413,1971,2,1973,45
2020-06-16,Del Norte,015,27424,47,45,0,45,0
2020-06-16,El Dorado,017,186661,181,115,0,115,0
2020-06-16,Fresno,019,978130,5439,2731,59,2790,50
2020-06-16,Glenn,021,27897,71,30,0,30,0
2020-06-16,Humboldt,023,135768,135,105,0,105,3
2020-06-16,Imperial,025,180216,6349,3939,4,3943,36
2020-06-16,Inyo,027,18085,25,24,0,24,1
2020-06-16,Kern,029,883053,4940,3496,13,3509,55
2020-06-16,Kings,031,150075,2162,1044,6,1050,6
2020-06-16,Lake,033,64148,44,31,0,31,0
2020-06-16,Lassen,035,31185,15,5,2,7,0
2020-06-16,Los Angeles,037,10098052,86472,75051,22,75073,2942
2020-06-16,Madera,039,155013,533,239,2,241,3
2020-06-16,Marin,041,260295,1203,725,3,728,17
2020-06-16,Mariposa,043,17540,18,17,0,17,1
2020-06-16,Mendocino,045,87422,61,35,0,35,0
2020-06-16,Merced,047,269075,814,436,1,437,7
2020-06-16,Modoc,049,8938,1,0,0,0,0
2020-06-16,Mono,051,14174,42,34,0,34,1
2020-06-16,Monterey,053,433212,1413,1019,6,1025,12
2020-06-16,Napa,055,140530,259,196,0,196,3
2020-06-16,Nevada,057,99092,91,53,1,54,1
2020-06-16,Orange,059,3164182,13586,9163,104,9267,223
2020-06-16,Placer,061,380077,577,392,3,395,9
2020-06-16,Plumas,063,18699,6,5,0,5,0
2020-06-16,Riverside,065,2383286,15246,11638,25,11663,364
2020-06-16,Sacramento,067,1510023,2286,1825,4,1829,60
2020-06-16,San Benito,069,59416,191,110,0,110,2
2020-06-16,San Bernardino,071,2135413,11008,7463,7,7470,225
2020-06-16,San Diego,073,3302833,11678,9732,1,9733,323
2020-06-16,San Francisco,075,870044,3212,2893,1,2894,46
2020-06-16,San Joaquin,077,732212,2636,1718,4,1722,47
2020-06-16,San Luis Obispo,079,281455,531,343,5,348,1
2020-06-16,San Mateo,081,765935,2947,2618,5,2623,77
2020-06-16,Santa Barbara,083,443738,2604,2090,19,2109,16
2020-06-16,Santa Clara,085,1922200,4338,3228,15,3243,148
2020-06-16,Santa Cruz,087,273765,323,257,0,257,2
2020-06-16,Shasta,089,179085,115,51,0,51,4
2020-06-16,Sierra,091,2930,1,1,0,1,0
2020-06-16,Siskiyou,093,43540,27,15,0,15,0
2020-06-16,Solano,095,438530,1061,694,4,698,19
2020-06-16,Sonoma,097,501317,954,739,2,741,4
2020-06-16,Stanislaus,099,539301,2070,1278,6,1284,36
2020-06-16,Sutter,101,95872,112,73,0,73,2
2020-06-16,Tehama,103,63373,37,24,2,26,1
2020-06-16,Trinity,105,12862,14,2,3,5,0
2020-06-16,Tulare,107,460477,3968,2802,10,2812,96
2020-06-16,Tuolumne,109,53932,12,7,0,7,0
2020-06-16,Ventura,111,848112,2573,1676,15,1691,37
2020-06-16,Yolo,113,214977,383,262,0,262,24
2020-06-16,Yuba,115,75493,39,29,0,29,1
2020-06-15,Alameda,001,1643700,5191,4323,9,4332,112
2020-06-15,Alpine,003,1148,1,1,0,1,0
2020-06-15,Amador,005,37829,12,10,0,10,0
2020-06-15,Butte,007,227075,133,78,7,85,1
2020-06-15,Calaveras,009,45235,34,18,0,18,0
2020-06-15,Colusa,011,21464,14,7,0,7,0
2020-06-15,Contra Costa,013,1133247,2336,1918,2,1920,43
2020-06-15,Del Norte,015,27424,47,45,0,45,0
2020-06-15,El Dorado,017,186661,171,114,0,114,0
2020-06-15,Fresno,019,978130,5227,2616,58,2674,48
2020-06-15,Glenn,021,27897,66,21,0,21,0
2020-06-15,Humboldt,023,135768,133,105,0,105,3
2020-06-15,Imperial,025,180216,6174,3726,4,3730,36
2020-06-15,Inyo,027,18085,25,23,0,23,1
2020-06-15,Kern,029,883053,4716,3417,13,3430,55
2020-06-15,Kings,031,150075,2085,1022,6,1028,6
2020-06-15,Lake,033,64148,44,31,0,31,0
2020-06-15,Lassen,035,31185,15,5,2,7,0
2020-06-15,Los Angeles,037,10098052,84283,73705,22,73727,2908
2020-06-15,Madera,039,155013,511,203,2,205,3
2020-06-15,Marin,041,260295,1036,708,3,711,17
2020-06-15,Mariposa,043,17540,18,17,0,17,1
2020-06-15,Mendocino,045,87422,52,33,0,33,0
2020-06-15,Merced,047,269075,768,414,1,415,7
2020-06-15,Modoc,049,8938,1,0,0,0,0
2020-06-15,Mono,051,14174,42,34,0,34,1
2020-06-15,Monterey,053,433212,1347,998,6,1004,12
2020-06-15,Napa,055,140530,251,187,0,187,3
2020-06-15,Nevada,057,99092,85,52,1,53,1
2020-06-15,Orange,059,3164182,13018,8944,96,9040,212
2020-06-15,Placer,061,380077,555,386,3,389,9
2020-06-15,Plumas,063,18699,6,4,0,4,0
2020-06-15,Riverside,065,2383286,14628,11376,24,11400,364
2020-06-15,Sacramento,067,1510023,2170,1791,4,1795,60
2020-06-15,San Benito,069,59416,185,108,0,108,2
2020-06-15,San Bernardino,071,2135413,10505,7189,7,7196,224
2020-06-15,San Diego,073,3302833,11338,9612,1,9613,320
2020-06-15,San Francisco,075,870044,3168,2833,1,2834,45
2020-06-15,San Joaquin,077,732212,2500,1667,4,1671,43
2020-06-15,San Luis Obispo,079,281455,516,332,5,337,1
2020-06-15,San Mateo,081,765935,2900,2591,5,2596,75
2020-06-15,Santa Barbara,083,443738,2536,2054,19,2073,16
2020-06-15,Santa Clara,085,1922200,4238,3204,15,3219,148
2020-06-15,Santa Cruz,087,273765,312,254,0,254,2
2020-06-15,Shasta,089,179085,109,50,0,50,4
2020-06-15,Sierra,091,2930,1,1,0,1,0
2020-06-15,Siskiyou,093,43540,26,14,0,14,0
2020-06-15,Solano,095,438530,1001,638,4,642,19
2020-06-15,Sonoma,097,501317,925,726,2,728,4
2020-06-15,Stanislaus,099,539301,1953,1253,6,1259,35
2020-06-15,Sutter,101,95872,102,71,0,71,2
2020-06-15,Tehama,103,63373,37,17,2,19,1
2020-06-15,Trinity,105,12862,13,2,3,5,0
2020-06-15,Tulare,107,460477,3854,2662,10,2672,96
2020-06-15,Tuolumne,109,53932,11,7,0,7,0
2020-06-15,Ventura,111,848112,2492,1656,15,1671,37
2020-06-15,Yolo,113,214977,363,255,0,255,24
2020-06-15,Yuba,115,75493,39,28,0,28,1
2020-06-14,Alameda,001,1643700,5046,4271,9,4280,112
2020-06-14,Alpine,003,1148,1,1,0,1,0
2020-06-14,Amador,005,37829,12,10,0,10,0
2020-06-14,Butte,007,227075,125,78,7,85,1
2020-06-14,Calaveras,009,45235,33,18,0,18,0
2020-06-14,Colusa,011,21464,13,7,0,7,0
2020-06-14,Contra Costa,013,1133247,2267,1893,2,1895,43
2020-06-14,Del Norte,015,27424,47,45,0,45,0
2020-06-14,El Dorado,017,186661,167,110,0,110,0
2020-06-14,Fresno,019,978130,5042,2585,57,2642,48
2020-06-14,Glenn,021,27897,51,21,0,21,0
2020-06-14,Humboldt,023,135768,129,105,0,105,3
2020-06-14,Imperial,025,180216,5943,3730,4,3734,36
2020-06-14,Inyo,027,18085,24,23,0,23,1
2020-06-14,Kern,029,883053,4505,3328,13,3341,55
2020-06-14,Kings,031,150075,2034,1022,5,1027,6
2020-06-14,Lake,033,64148,41,31,0,31,0
2020-06-14,Lassen,035,31185,15,5,2,7,0
2020-06-14,Los Angeles,037,10098052,81956,72932,21,72953,2887
2020-06-14,Madera,039,155013,492,203,2,205,3
2020-06-14,Marin,041,260295,871,689,2,691,17
2020-06-14,Mariposa,043,17540,18,16,0,16,1
2020-06-14,Mendocino,045,87422,49,33,0,33,0
2020-06-14,Merced,047,269075,717,403,1,404,7
2020-06-14,Modoc,049,8938,1,0,0,0,0
2020-06-14,Mono,051,14174,42,34,0,34,1
2020-06-14,Monterey,053,433212,1286,949,6,955,12
2020-06-14,Napa,055,140530,229,181,0,181,3
2020-06-14,Nevada,057,99092,81,52,1,53,1
2020-06-14,Orange,059,3164182,12591,8744,91,8835,211
2020-06-14,Placer,061,380077,529,369,3,372,9
2020-06-14,Plumas,063,18699,5,4,0,4,0
2020-06-14,Riverside,065,2383286,14186,11218,24,11242,364
2020-06-14,Sacramento,067,1510023,2083,1750,4,1754,60
2020-06-14,San Benito,069,59416,174,104,0,104,2
2020-06-14,San Bernardino,071,2135413,9965,7015,7,7022,224
2020-06-14,San Diego,073,3302833,10963,9442,1,9443,319
2020-06-14,San Francisco,075,870044,3128,2834,1,2835,45
2020-06-14,San Joaquin,077,732212,2349,1603,4,1607,43
2020-06-14,San Luis Obispo,079,281455,501,330,5,335,1
2020-06-14,San Mateo,081,765935,2842,2571,5,2576,75
2020-06-14,Santa Barbara,083,443738,2459,2049,19,2068,17
2020-06-14,Santa Clara,085,1922200,4143,3178,15,3193,148
2020-06-14,Santa Cruz,087,273765,298,254,0,254,2
2020-06-14,Shasta,089,179085,103,48,0,48,4
2020-06-14,Sierra,091,2930,1,1,0,1,0
2020-06-14,Siskiyou,093,43540,25,13,0,13,0
2020-06-14,Solano,095,438530,952,638,4,642,19
2020-06-14,Sonoma,097,501317,897,724,2,726,4
2020-06-14,Stanislaus,099,539301,1805,1159,6,1165,35
2020-06-14,Sutter,101,95872,97,63,0,63,2
2020-06-14,Tehama,103,63373,34,17,2,19,1
2020-06-14,Trinity,105,12862,13,2,3,5,0
2020-06-14,Tulare,107,460477,3720,2646,10,2656,96
2020-06-14,Tuolumne,109,53932,11,7,0,7,0
2020-06-14,Ventura,111,848112,2393,1610,14,1624,37
2020-06-14,Yolo,113,214977,347,254,0,254,24
2020-06-14,Yuba,115,75493,38,28,0,28,1
2020-06-13,Alameda,001,1643700,4983,4196,9,4205,112
2020-06-13,Alpine,003,1148,1,1,0,1,0
2020-06-13,Amador,005,37829,11,10,0,10,0
2020-06-13,Butte,007,227075,116,72,7,79,1
2020-06-13,Calaveras,009,45235,31,18,0,18,0
2020-06-13,Colusa,011,21464,12,7,0,7,0
2020-06-13,Contra Costa,013,1133247,2231,1868,2,1870,43
2020-06-13,Del Norte,015,27424,47,45,0,45,0
2020-06-13,El Dorado,017,186661,163,110,0,110,0
2020-06-13,Fresno,019,978130,4944,2499,57,2556,48
2020-06-13,Glenn,021,27897,49,21,0,21,0
2020-06-13,Humboldt,023,135768,128,104,0,104,3
2020-06-13,Imperial,025,180216,5870,3646,4,3650,36
2020-06-13,Inyo,027,18085,24,23,0,23,1
2020-06-13,Kern,029,883053,4396,3239,13,3252,55
2020-06-13,Kings,031,150075,2014,1023,5,1028,6
2020-06-13,Lake,033,64148,40,29,0,29,0
2020-06-13,Lassen,035,31185,15,5,2,7,0
2020-06-13,Los Angeles,037,10098052,80918,71938,21,71959,2874
2020-06-13,Madera,039,155013,488,203,2,205,3
2020-06-13,Marin,041,260295,840,677,2,679,17
2020-06-13,Mariposa,043,17540,18,16,0,16,1
2020-06-13,Mendocino,045,87422,49,33,0,33,0
2020-06-13,Merced,047,269075,699,376,1,377,7
2020-06-13,Modoc,049,8938,1,0,0,0,0
2020-06-13,Mono,051,14174,42,35,0,35,1
2020-06-13,Monterey,053,433212,1248,900,6,906,11
2020-06-13,Napa,055,140530,226,171,0,171,3
2020-06-13,Nevada,057,99092,79,52,1,53,1
2020-06-13,Orange,059,3164182,12347,8581,88,8669,211
2020-06-13,Placer,061,380077,512,346,3,349,9
2020-06-13,Plumas,063,18699,5,4,0,4,0
2020-06-13,Riverside,065,2383286,13907,10931,24,10955,364
2020-06-13,Sacramento,067,1510023,2028,1713,4,1717,60
2020-06-13,San Benito,069,59416,167,99,0,99,2
2020-06-13,San Bernardino,071,2135413,9741,6885,7,6892,224
2020-06-13,San Diego,073,3302833,10791,9316,1,9317,319
2020-06-13,San Francisco,075,870044,3108,2834,1,2835,44
2020-06-13,San Joaquin,077,732212,2268,1461,4,1465,43
2020-06-13,San Luis Obispo,079,281455,490,326,5,331,1
2020-06-13,San Mateo,081,765935,2819,2551,5,2556,75
2020-06-13,Santa Barbara,083,443738,2401,1999,19,2018,15
2020-06-13,Santa Clara,085,1922200,4100,3141,15,3156,148
2020-06-13,Santa Cruz,087,273765,292,254,0,254,2
2020-06-13,Shasta,089,179085,101,48,0,48,4
2020-06-13,Sierra,091,2930,1,1,0,1,0
2020-06-13,Siskiyou,093,43540,25,13,0,13,0
2020-06-13,Solano,095,438530,924,637,4,641,19
2020-06-13,Sonoma,097,501317,882,711,2,713,4
2020-06-13,Stanislaus,099,539301,1748,1122,6,1128,33
2020-06-13,Sutter,101,95872,96,62,0,62,2
2020-06-13,Tehama,103,63373,33,17,2,19,1
2020-06-13,Trinity,105,12862,13,2,3,5,0
2020-06-13,Tulare,107,460477,3688,2626,10,2636,96
2020-06-13,Tuolumne,109,53932,10,7,0,7,0
2020-06-13,Ventura,111,848112,2347,1567,14,1581,37
2020-06-13,Yolo,113,214977,327,251,0,251,24
2020-06-13,Yuba,115,75493,38,28,0,28,1
2020-06-12,Alameda,001,1643700,4910,4167,9,4176,109
2020-06-12,Alpine,003,1148,1,1,0,1,0
2020-06-12,Amador,005,37829,11,10,0,10,0
2020-06-12,Butte,007,227075,112,71,7,78,1
2020-06-12,Calaveras,009,45235,28,18,0,18,0
2020-06-12,Colusa,011,21464,12,7,0,7,0
2020-06-12,Contra Costa,013,1133247,2194,1827,2,1829,43
2020-06-12,Del Norte,015,27424,47,45,0,45,0
2020-06-12,El Dorado,017,186661,163,110,0,110,0
2020-06-12,Fresno,019,978130,4806,2428,57,2485,47
2020-06-12,Glenn,021,27897,46,21,0,21,0
2020-06-12,Humboldt,023,135768,126,105,0,105,3
2020-06-12,Imperial,025,180216,5786,3543,4,3547,36
2020-06-12,Inyo,027,18085,24,23,0,23,1
2020-06-12,Kern,029,883053,4279,3152,13,3165,54
2020-06-12,Kings,031,150075,2001,987,5,992,6
2020-06-12,Lake,033,64148,39,29,0,29,0
2020-06-12,Lassen,035,31185,15,5,2,7,0
2020-06-12,Los Angeles,037,10098052,79513,70385,21,70406,2814
2020-06-12,Madera,039,155013,463,187,2,189,3
2020-06-12,Marin,041,260295,837,649,2,651,17
2020-06-12,Mariposa,043,17540,18,16,0,16,1
2020-06-12,Mendocino,045,87422,49,33,0,33,0
2020-06-12,Merced,047,269075,665,372,1,373,7
2020-06-12,Modoc,049,8938,1,0,0,0,0
2020-06-12,Mono,051,14174,39,35,0,35,1
2020-06-12,Monterey,053,433212,1207,864,5,869,11
2020-06-12,Napa,055,140530,223,162,0,162,3
2020-06-12,Nevada,057,99092,73,52,1,53,1
2020-06-12,Orange,059,3164182,12041,8440,87,8527,203
2020-06-12,Placer,061,380077,495,333,3,336,9
2020-06-12,Plumas,063,18699,5,4,0,4,0
2020-06-12,Riverside,065,2383286,13570,10616,24,10640,364
2020-06-12,Sacramento,067,1510023,1973,1702,4,1706,60
2020-06-12,San Benito,069,59416,160,96,0,96,2
2020-06-12,San Bernardino,071,2135413,9473,6707,7,6714,223
2020-06-12,San Diego,073,3302833,10621,9132,1,9133,313
2020-06-12,San Francisco,075,870044,3074,2823,1,2824,44
2020-06-12,San Joaquin,077,732212,2188,1406,4,1410,43
2020-06-12,San Luis Obispo,079,281455,474,321,5,326,1
2020-06-12,San Mateo,081,765935,2784,2533,5,2538,75
2020-06-12,Santa Barbara,083,443738,2347,1969,19,1988,14
2020-06-12,Santa Clara,085,1922200,4056,3099,15,3114,149
2020-06-12,Santa Cruz,087,273765,284,251,0,251,2
2020-06-12,Shasta,089,179085,94,48,0,48,5
2020-06-12,Sierra,091,2930,1,1,0,1,0
2020-06-12,Siskiyou,093,43540,25,13,0,13,0
2020-06-12,Solano,095,438530,910,620,4,624,19
2020-06-12,Sonoma,097,501317,863,696,2,698,4
2020-06-12,Stanislaus,099,539301,1689,1092,6,1098,33
2020-06-12,Sutter,101,95872,95,56,0,56,2
2020-06-12,Tehama,103,63373,32,13,2,15,1
2020-06-12,Trinity,105,12862,13,2,3,5,0
2020-06-12,Tulare,107,460477,3634,2552,10,2562,95
2020-06-12,Tuolumne,109,53932,10,7,0,7,0
2020-06-12,Ventura,111,848112,2295,1534,14,1548,35
2020-06-12,Yolo,113,214977,315,243,0,243,24
2020-06-12,Yuba,115,75493,36,27,0,27,1
2020-06-11,Alameda,001,1643700,4780,4073,8,4081,108
2020-06-11,Alpine,003,1148,1,1,0,1,0
2020-06-11,Amador,005,37829,10,10,0,10,0
2020-06-11,Butte,007,227075,106,72,7,79,1
2020-06-11,Calaveras,009,45235,27,16,0,16,0
2020-06-11,Colusa,011,21464,12,7,0,7,0
2020-06-11,Contra Costa,013,1133247,2141,1797,2,1799,43
2020-06-11,Del Norte,015,27424,47,45,0,45,0
2020-06-11,El Dorado,017,186661,155,109,0,109,0
2020-06-11,Fresno,019,978130,4652,2338,57,2395,45
2020-06-11,Glenn,021,27897,42,21,0,21,0
2020-06-11,Humboldt,023,135768,122,113,0,113,3
2020-06-11,Imperial,025,180216,5630,3463,4,3467,36
2020-06-11,Inyo,027,18085,22,23,0,23,1
2020-06-11,Kern,029,883053,4127,3047,11,3058,54
2020-06-11,Kings,031,150075,1968,963,5,968,6
2020-06-11,Lake,033,64148,39,28,0,28,0
2020-06-11,Lassen,035,31185,15,5,2,7,0
2020-06-11,Los Angeles,037,10098052,77848,68807,20,68827,2800
2020-06-11,Madera,039,155013,445,178,2,180,3
2020-06-11,Marin,041,260295,789,637,2,639,17
2020-06-11,Mariposa,043,17540,18,16,0,16,1
2020-06-11,Mendocino,045,87422,40,35,0,35,0
2020-06-11,Merced,047,269075,625,370,1,371,7
2020-06-11,Modoc,049,8938,1,0,0,0,0
2020-06-11,Mono,051,14174,39,35,0,35,1
2020-06-11,Monterey,053,433212,1160,813,5,818,11
2020-06-11,Napa,055,140530,214,162,0,162,3
2020-06-11,Nevada,057,99092,67,50,1,51,1
2020-06-11,Orange,059,3164182,11733,8304,86,8390,188
2020-06-11,Placer,061,380077,476,321,3,324,9
2020-06-11,Plumas,063,18699,5,4,0,4,0
2020-06-11,Riverside,065,2383286,13217,10014,24,10038,361
2020-06-11,Sacramento,067,1510023,1925,1669,4,1673,60
2020-06-11,San Benito,069,59416,154,94,0,94,2
2020-06-11,San Bernardino,071,2135413,9176,6509,7,6516,221
2020-06-11,San Diego,073,3302833,10391,9000,0,9000,308
2020-06-11,San Francisco,075,870044,3045,2766,1,2767,44
2020-06-11,San Joaquin,077,732212,2076,1351,4,1355,43
2020-06-11,San Luis Obispo,079,281455,460,307,5,312,1
2020-06-11,San Mateo,081,765935,2746,2499,5,2504,74
2020-06-11,Santa Barbara,083,443738,2286,1895,19,1914,14
2020-06-11,Santa Clara,085,1922200,3989,3049,15,3064,149
2020-06-11,Santa Cruz,087,273765,280,247,0,247,2
2020-06-11,Shasta,089,179085,87,47,0,47,5
2020-06-11,Sierra,091,2930,1,1,0,1,0
2020-06-11,Siskiyou,093,43540,25,14,0,14,0
2020-06-11,Solano,095,438530,884,616,4,620,19
2020-06-11,Sonoma,097,501317,840,682,2,684,4
2020-06-11,Stanislaus,099,539301,1598,1062,6,1068,30
2020-06-11,Sutter,101,95872,92,56,0,56,2
2020-06-11,Tehama,103,63373,27,10,2,12,1
2020-06-11,Trinity,105,12862,11,2,3,5,0
2020-06-11,Tulare,107,460477,3535,2473,10,2483,95
2020-06-11,Tuolumne,109,53932,10,7,0,7,0
2020-06-11,Ventura,111,848112,2218,1491,13,1504,34
2020-06-11,Yolo,113,214977,307,230,0,230,24
2020-06-11,Yuba,115,75493,36,27,0,27,1
2020-06-10,Alameda,001,1643700,4680,4027,7,4034,107
2020-06-10,Alpine,003,1148,1,1,0,1,0
2020-06-10,Amador,005,37829,10,10,0,10,0
2020-06-10,Butte,007,227075,102,71,7,78,1
2020-06-10,Calaveras,009,45235,27,16,0,16,0
2020-06-10,Colusa,011,21464,11,7,0,7,0
2020-06-10,Contra Costa,013,1133247,2097,1778,2,1780,43
2020-06-10,Del Norte,015,27424,47,45,0,45,0
2020-06-10,El Dorado,017,186661,152,109,0,109,0
2020-06-10,Fresno,019,978130,4475,2324,57,2381,45
2020-06-10,Glenn,021,27897,39,21,0,21,0
2020-06-10,Humboldt,023,135768,118,112,0,112,3
2020-06-10,Imperial,025,180216,5482,3454,4,3458,36
2020-06-10,Inyo,027,18085,22,23,0,23,1
2020-06-10,Kern,029,883053,4002,3000,10,3010,54
2020-06-10,Kings,031,150075,1922,952,4,956,6
2020-06-10,Lake,033,64148,39,28,0,28,0
2020-06-10,Lassen,035,31185,15,5,2,7,0
2020-06-10,Los Angeles,037,10098052,76327,67018,20,67038,2752
2020-06-10,Madera,039,155013,431,176,1,177,3
2020-06-10,Marin,041,260295,757,633,2,635,17
2020-06-10,Mariposa,043,17540,17,16,0,16,1
2020-06-10,Mendocino,045,87422,39,35,0,35,0
2020-06-10,Merced,047,269075,592,370,1,371,7
2020-06-10,Modoc,049,8938,1,0,0,0,0
2020-06-10,Mono,051,14174,39,35,0,35,1
2020-06-10,Monterey,053,433212,1106,791,5,796,11
2020-06-10,Napa,055,140530,211,159,0,159,3
2020-06-10,Nevada,057,99092,65,50,1,51,1
2020-06-10,Orange,059,3164182,11457,8222,83,8305,184
2020-06-10,Placer,061,380077,451,309,3,312,9
2020-06-10,Plumas,063,18699,5,4,0,4,0
2020-06-10,Riverside,065,2383286,12894,9857,24,9881,361
2020-06-10,Sacramento,067,1510023,1886,1643,2,1645,59
2020-06-10,San Benito,069,59416,145,94,0,94,2
2020-06-10,San Bernardino,071,2135413,8883,6438,7,6445,219
2020-06-10,San Diego,073,3302833,10227,8839,0,8839,305
2020-06-10,San Francisco,075,870044,3020,2774,1,2775,44
2020-06-10,San Joaquin,077,732212,1947,1282,4,1286,41
2020-06-10,San Luis Obispo,079,281455,440,306,5,311,1
2020-06-10,San Mateo,081,765935,2706,2492,5,2497,74
2020-06-10,Santa Barbara,083,443738,2230,1878,19,1897,13
2020-06-10,Santa Clara,085,1922200,3938,3032,15,3047,149
2020-06-10,Santa Cruz,087,273765,276,242,0,242,2
2020-06-10,Shasta,089,179085,82,45,0,45,5
2020-06-10,Sierra,091,2930,1,1,0,1,0
2020-06-10,Siskiyou,093,43540,25,14,0,14,0
2020-06-10,Solano,095,438530,848,608,4,612,19
2020-06-10,Sonoma,097,501317,822,673,2,675,4
2020-06-10,Stanislaus,099,539301,1508,1030,6,1036,29
2020-06-10,Sutter,101,95872,91,56,0,56,2
2020-06-10,Tehama,103,63373,25,10,2,12,1
2020-06-10,Trinity,105,12862,11,2,3,5,0
2020-06-10,Tulare,107,460477,3442,2455,10,2465,95
2020-06-10,Tuolumne,109,53932,10,7,0,7,0
2020-06-10,Ventura,111,848112,2172,1446,12,1458,34
2020-06-10,Yolo,113,214977,299,226,0,226,24
2020-06-10,Yuba,115,75493,35,27,0,27,1
2020-06-09,Alameda,001,1643700,4570,3963,7,3970,103
2020-06-09,Alpine,003,1148,1,1,0,1,0
2020-06-09,Amador,005,37829,10,10,0,10,0
2020-06-09,Butte,007,227075,101,70,6,76,1
2020-06-09,Calaveras,009,45235,27,16,0,16,0
2020-06-09,Colusa,011,21464,10,7,0,7,0
2020-06-09,Contra Costa,013,1133247,2056,1744,2,1746,42
2020-06-09,Del Norte,015,27424,47,45,0,45,0
2020-06-09,El Dorado,017,186661,142,108,0,108,0
2020-06-09,Fresno,019,978130,4323,2278,57,2335,43
2020-06-09,Glenn,021,27897,38,19,0,19,0
2020-06-09,Humboldt,023,135768,116,113,0,113,2
2020-06-09,Imperial,025,180216,5330,3067,4,3071,36
2020-06-09,Inyo,027,18085,22,22,0,22,1
2020-06-09,Kern,029,883053,3874,2920,10,2930,51
2020-06-09,Kings,031,150075,1890,934,4,938,6
2020-06-09,Lake,033,64148,39,28,0,28,0
2020-06-09,Lassen,035,31185,15,5,2,7,0
2020-06-09,Los Angeles,037,10098052,74669,65827,20,65847,2692
2020-06-09,Madera,039,155013,416,172,1,173,3
2020-06-09,Marin,041,260295,721,616,2,618,17
2020-06-09,Mariposa,043,17540,17,16,0,16,1
2020-06-09,Mendocino,045,87422,35,35,0,35,0
2020-06-09,Merced,047,269075,563,349,1,350,7
2020-06-09,Modoc,049,8938,1,0,0,0,0
2020-06-09,Mono,051,14174,39,35,0,35,1
2020-06-09,Monterey,053,433212,1065,772,5,777,11
2020-06-09,Napa,055,140530,201,156,0,156,3
2020-06-09,Nevada,057,99092,57,50,1,51,1
2020-06-09,Orange,059,3164182,11216,7991,81,8072,174
2020-06-09,Placer,061,380077,438,301,3,304,9
2020-06-09,Plumas,063,18699,5,4,0,4,0
2020-06-09,Riverside,065,2383286,12516,9511,24,9535,354
2020-06-09,Sacramento,067,1510023,1832,1625,2,1627,59
2020-06-09,San Benito,069,59416,139,95,0,95,2
2020-06-09,San Bernardino,071,2135413,8559,6268,6,6274,217
2020-06-09,San Diego,073,3302833,10042,8731,0,8731,301
2020-06-09,San Francisco,075,870044,2995,2749,1,2750,44
2020-06-09,San Joaquin,077,732212,1841,1240,4,1244,41
2020-06-09,San Luis Obispo,079,281455,427,301,4,305,1
2020-06-09,San Mateo,081,765935,2675,2463,5,2468,74
2020-06-09,Santa Barbara,083,443738,2174,1854,19,1873,13
2020-06-09,Santa Clara,085,1922200,3870,3006,14,3020,147
2020-06-09,Santa Cruz,087,273765,270,237,0,237,2
2020-06-09,Shasta,089,179085,78,44,0,44,4
2020-06-09,Sierra,091,2930,1,1,0,1,0
2020-06-09,Siskiyou,093,43540,20,10,0,10,0
2020-06-09,Solano,095,438530,813,596,4,600,18
2020-06-09,Sonoma,097,501317,799,661,2,663,4
2020-06-09,Stanislaus,099,539301,1407,993,6,999,25
2020-06-09,Sutter,101,95872,88,56,0,56,2
2020-06-09,Tehama,103,63373,25,9,2,11,1
2020-06-09,Trinity,105,12862,10,2,3,5,0
2020-06-09,Tulare,107,460477,3376,2393,10,2403,91
2020-06-09,Tuolumne,109,53932,10,8,0,8,0
2020-06-09,Ventura,111,848112,2106,1407,12,1419,34
2020-06-09,Yolo,113,214977,288,226,0,226,24
2020-06-09,Yuba,115,75493,34,27,0,27,1
2020-06-08,Alameda,001,1643700,4489,3937,7,3944,103
2020-06-08,Alpine,003,1148,1,1,0,1,0
2020-06-08,Amador,005,37829,10,10,0,10,0
2020-06-08,Butte,007,227075,97,68,6,74,1
2020-06-08,Calaveras,009,45235,27,16,0,16,0
2020-06-08,Colusa,011,21464,9,7,0,7,0
2020-06-08,Contra Costa,013,1133247,2013,1714,2,1716,41
2020-06-08,Del Norte,015,27424,47,45,0,45,0
2020-06-08,El Dorado,017,186661,138,107,0,107,0
2020-06-08,Fresno,019,978130,4199,2194,56,2250,42
2020-06-08,Glenn,021,27897,36,17,0,17,0
2020-06-08,Humboldt,023,135768,116,112,0,112,2
2020-06-08,Imperial,025,180216,5178,3051,4,3055,21
2020-06-08,Inyo,027,18085,22,22,0,22,1
2020-06-08,Kern,029,883053,3743,2853,9,2862,49
2020-06-08,Kings,031,150075,1814,892,4,896,6
2020-06-08,Lake,033,64148,39,28,0,28,0
2020-06-08,Lassen,035,31185,15,4,2,6,0
2020-06-08,Los Angeles,037,10098052,73208,64634,20,64654,2640
2020-06-08,Madera,039,155013,386,154,1,155,3
2020-06-08,Marin,041,260295,680,596,2,598,17
2020-06-08,Mariposa,043,17540,16,16,0,16,1
2020-06-08,Mendocino,045,87422,33,32,0,32,0
2020-06-08,Merced,047,269075,529,331,1,332,7
2020-06-08,Modoc,049,8938,1,0,0,0,0
2020-06-08,Mono,051,14174,39,35,0,35,1
2020-06-08,Monterey,053,433212,1014,751,4,755,10
2020-06-08,Napa,055,140530,185,151,0,151,3
2020-06-08,Nevada,057,99092,56,50,1,51,1
2020-06-08,Orange,059,3164182,10965,7786,79,7865,160
2020-06-08,Placer,061,380077,421,290,3,293,9
2020-06-08,Plumas,063,18699,5,4,0,4,0
2020-06-08,Riverside,065,2383286,12147,9246,24,9270,347
2020-06-08,Sacramento,067,1510023,1782,1591,2,1593,59
2020-06-08,San Benito,069,59416,132,93,0,93,2
2020-06-08,San Bernardino,071,2135413,8240,6122,6,6128,214
2020-06-08,San Diego,073,3302833,9885,8621,0,8621,296
2020-06-08,San Francisco,075,870044,2968,2715,1,2716,43
2020-06-08,San Joaquin,077,732212,1734,1198,4,1202,40
2020-06-08,San Luis Obispo,079,281455,421,300,4,304,1
2020-06-08,San Mateo,081,765935,2644,2431,4,2435,74
2020-06-08,Santa Barbara,083,443738,2119,1824,17,1841,13
2020-06-08,Santa Clara,085,1922200,3824,2971,14,2985,146
2020-06-08,Santa Cruz,087,273765,269,234,0,234,2
2020-06-08,Shasta,089,179085,74,43,0,43,4
2020-06-08,Sierra,091,2930,1,1,0,1,0
2020-06-08,Siskiyou,093,43540,20,8,0,8,0
2020-06-08,Solano,095,438530,786,560,4,564,19
2020-06-08,Sonoma,097,501317,783,654,2,656,4
2020-06-08,Stanislaus,099,539301,1325,956,6,962,28
2020-06-08,Sutter,101,95872,81,55,0,55,2
2020-06-08,Tehama,103,63373,19,8,2,10,1
2020-06-08,Trinity,105,12862,10,2,3,5,0
2020-06-08,Tulare,107,460477,3293,2301,10,2311,91
2020-06-08,Tuolumne,109,53932,9,8,0,8,0
2020-06-08,Ventura,111,848112,2048,1382,12,1394,30
2020-06-08,Yolo,113,214977,277,228,0,228,24
2020-06-08,Yuba,115,75493,32,27,0,27,1
2020-06-07,Alameda,001,1643700,4376,3866,7,3873,102
2020-06-07,Alpine,003,1148,1,1,0,1,0
2020-06-07,Amador,005,37829,10,10,0,10,0
2020-06-07,Butte,007,227075,95,64,5,69,1
2020-06-07,Calaveras,009,45235,25,16,0,16,0
2020-06-07,Colusa,011,21464,9,7,0,7,0
2020-06-07,Contra Costa,013,1133247,1962,1653,1,1654,38
2020-06-07,Del Norte,015,27424,45,45,0,45,0
2020-06-07,El Dorado,017,186661,138,104,0,104,0
2020-06-07,Fresno,019,978130,4069,2144,56,2200,41
2020-06-07,Glenn,021,27897,29,16,0,16,0
2020-06-07,Humboldt,023,135768,116,112,0,112,2
2020-06-07,Imperial,025,180216,5027,3048,4,3052,19
2020-06-07,Inyo,027,18085,22,21,0,21,1
2020-06-07,Kern,029,883053,3612,2771,9,2780,46
2020-06-07,Kings,031,150075,1765,882,4,886,6
2020-06-07,Lake,033,64148,36,28,0,28,0
2020-06-07,Lassen,035,31185,14,4,2,6,0
2020-06-07,Los Angeles,037,10098052,71505,63750,20,63770,2629
2020-06-07,Madera,039,155013,369,149,1,150,3
2020-06-07,Marin,041,260295,666,584,2,586,17
2020-06-07,Mariposa,043,17540,16,16,0,16,1
2020-06-07,Mendocino,045,87422,33,32,0,32,0
2020-06-07,Merced,047,269075,496,318,1,319,7
2020-06-07,Modoc,049,8938,1,0,0,0,0
2020-06-07,Mono,051,14174,39,35,0,35,1
2020-06-07,Monterey,053,433212,968,732,4,736,10
2020-06-07,Napa,055,140530,177,142,0,142,3
2020-06-07,Nevada,057,99092,55,50,1,51,1
2020-06-07,Orange,059,3164182,10708,7643,77,7720,158
2020-06-07,Placer,061,380077,400,273,2,275,9
2020-06-07,Plumas,063,18699,5,4,0,4,0
2020-06-07,Riverside,065,2383286,11851,9105,24,9129,344
2020-06-07,Sacramento,067,1510023,1734,1568,2,1570,59
2020-06-07,San Benito,069,59416,129,92,0,92,2
2020-06-07,San Bernardino,071,2135413,7954,6033,6,6039,214
2020-06-07,San Diego,073,3302833,9706,8478,0,8478,296
2020-06-07,San Francisco,075,870044,2924,2674,0,2674,43
2020-06-07,San Joaquin,077,732212,1633,1126,4,1130,37
2020-06-07,San Luis Obispo,079,281455,411,296,4,300,1
2020-06-07,San Mateo,081,765935,2617,2399,4,2403,73
2020-06-07,Santa Barbara,083,443738,2064,1818,17,1835,13
2020-06-07,Santa Clara,085,1922200,3772,2947,14,2961,146
2020-06-07,Santa Cruz,087,273765,261,230,0,230,2
2020-06-07,Shasta,089,179085,73,41,0,41,4
2020-06-07,Sierra,091,2930,1,1,0,1,0
2020-06-07,Siskiyou,093,43540,20,8,0,8,0
2020-06-07,Solano,095,438530,763,560,4,564,19
2020-06-07,Sonoma,097,501317,752,639,2,641,4
2020-06-07,Stanislaus,099,539301,1245,905,5,910,28
2020-06-07,Sutter,101,95872,73,55,0,55,2
2020-06-07,Tehama,103,63373,16,8,2,10,1
2020-06-07,Trinity,105,12862,8,2,3,5,0
2020-06-07,Tulare,107,460477,3171,2219,10,2229,90
2020-06-07,Tuolumne,109,53932,9,4,0,4,0
2020-06-07,Ventura,111,848112,1982,1337,12,1349,30
2020-06-07,Yolo,113,214977,267,224,0,224,24
2020-06-07,Yuba,115,75493,32,27,0,27,1
2020-06-06,Alameda,001,1643700,4331,3801,7,3808,102
2020-06-06,Alpine,003,1148,1,1,0,1,0
2020-06-06,Amador,005,37829,10,10,0,10,0
2020-06-06,Butte,007,227075,94,63,5,68,1
2020-06-06,Calaveras,009,45235,23,16,0,16,0
2020-06-06,Colusa,011,21464,9,7,0,7,0
2020-06-06,Contra Costa,013,1133247,1941,1619,1,1620,37
2020-06-06,Del Norte,015,27424,45,45,0,45,0
2020-06-06,El Dorado,017,186661,133,104,0,104,0
2020-06-06,Fresno,019,978130,4014,2117,56,2173,41
2020-06-06,Glenn,021,27897,27,16,0,16,0
2020-06-06,Humboldt,023,135768,116,112,0,112,2
2020-06-06,Imperial,025,180216,4951,3047,4,3051,19
2020-06-06,Inyo,027,18085,22,21,0,21,1
2020-06-06,Kern,029,883053,3541,2695,9,2704,46
2020-06-06,Kings,031,150075,1746,882,4,886,6
2020-06-06,Lake,033,64148,36,28,0,28,0
2020-06-06,Lassen,035,31185,14,4,2,6,0
2020-06-06,Los Angeles,037,10098052,70757,62269,20,62289,2607
2020-06-06,Madera,039,155013,360,149,1,150,3
2020-06-06,Marin,041,260295,661,556,2,558,17
2020-06-06,Mariposa,043,17540,16,16,0,16,1
2020-06-06,Mendocino,045,87422,33,32,0,32,0
2020-06-06,Merced,047,269075,495,315,1,316,7
2020-06-06,Modoc,049,8938,1,0,0,0,0
2020-06-06,Mono,051,14174,39,35,0,35,1
2020-06-06,Monterey,053,433212,944,679,4,683,10
2020-06-06,Napa,055,140530,171,136,0,136,3
2020-06-06,Nevada,057,99092,54,50,1,51,1
2020-06-06,Orange,059,3164182,10549,7576,76,7652,157
2020-06-06,Placer,061,380077,388,270,2,272,9
2020-06-06,Plumas,063,18699,5,4,0,4,0
2020-06-06,Riverside,065,2383286,11673,8935,24,8959,345
2020-06-06,Sacramento,067,1510023,1711,1533,2,1535,59
2020-06-06,San Benito,069,59416,119,92,0,92,2
2020-06-06,San Bernardino,071,2135413,7806,5946,6,5952,214
2020-06-06,San Diego,073,3302833,9585,8347,0,8347,296
2020-06-06,San Francisco,075,870044,2909,2674,0,2674,43
2020-06-06,San Joaquin,077,732212,1593,1076,4,1080,37
2020-06-06,San Luis Obispo,079,281455,405,295,4,299,1
2020-06-06,San Mateo,081,765935,2602,2342,4,2346,72
2020-06-06,Santa Barbara,083,443738,2025,1815,17,1832,13
2020-06-06,Santa Clara,085,1922200,3731,2934,14,2948,144
2020-06-06,Santa Cruz,087,273765,259,226,0,226,2
2020-06-06,Shasta,089,179085,73,40,0,40,4
2020-06-06,Sierra,091,2930,1,1,0,1,0
2020-06-06,Siskiyou,093,43540,18,8,0,8,0
2020-06-06,Solano,095,438530,748,560,4,564,19
2020-06-06,Sonoma,097,501317,740,622,2,624,4
2020-06-06,Stanislaus,099,539301,1211,858,5,863,27
2020-06-06,Sutter,101,95872,73,51,0,51,2
2020-06-06,Tehama,103,63373,15,8,2,10,1
2020-06-06,Trinity,105,12862,8,2,2,4,0
2020-06-06,Tulare,107,460477,3138,2213,10,2223,90
2020-06-06,Tuolumne,109,53932,9,4,0,4,0
2020-06-06,Ventura,111,848112,1958,1303,12,1315,30
2020-06-06,Yolo,113,214977,265,223,0,223,24
2020-06-06,Yuba,115,75493,32,27,0,27,1
2020-06-05,Alameda,001,1643700,4280,3734,7,3741,102
2020-06-05,Alpine,003,1148,1,1,0,1,0
2020-06-05,Amador,005,37829,10,10,0,10,0
2020-06-05,Butte,007,227075,91,61,5,66,1
2020-06-05,Calaveras,009,45235,22,16,0,16,0
2020-06-05,Colusa,011,21464,9,7,0,7,0
2020-06-05,Contra Costa,013,1133247,1926,1575,1,1576,37
2020-06-05,Del Norte,015,27424,45,45,0,45,0
2020-06-05,El Dorado,017,186661,131,101,0,101,0
2020-06-05,Fresno,019,978130,3950,2051,55,2106,38
2020-06-05,Glenn,021,27897,25,16,0,16,0
2020-06-05,Humboldt,023,135768,115,111,0,111,2
2020-06-05,Imperial,025,180216,4845,2778,4,2782,19
2020-06-05,Inyo,027,18085,22,21,0,21,1
2020-06-05,Kern,029,883053,3452,2624,9,2633,46
2020-06-05,Kings,031,150075,1731,865,4,869,6
2020-06-05,Lake,033,64148,35,28,0,28,0
2020-06-05,Lassen,035,31185,13,4,2,6,0
2020-06-05,Los Angeles,037,10098052,69610,60955,20,60975,2553
2020-06-05,Madera,039,155013,338,144,1,145,3
2020-06-05,Marin,041,260295,652,546,2,548,17
2020-06-05,Mariposa,043,17540,16,16,0,16,1
2020-06-05,Mendocino,045,87422,33,32,0,32,0
2020-06-05,Merced,047,269075,493,309,1,310,7
2020-06-05,Modoc,049,8938,1,0,0,0,0
2020-06-05,Mono,051,14174,39,35,0,35,1
2020-06-05,Monterey,053,433212,912,649,4,653,10
2020-06-05,Napa,055,140530,168,123,0,123,3
2020-06-05,Nevada,057,99092,54,50,1,51,1
2020-06-05,Orange,059,3164182,10353,7391,74,7465,153
2020-06-05,Placer,061,380077,378,265,2,267,9
2020-06-05,Plumas,063,18699,5,4,0,4,0
2020-06-05,Riverside,065,2383286,11414,8700,24,8724,345
2020-06-05,Sacramento,067,1510023,1689,1514,2,1516,59
2020-06-05,San Benito,069,59416,117,92,0,92,2
2020-06-05,San Bernardino,071,2135413,7624,5869,5,5874,212
2020-06-05,San Diego,073,3302833,9470,8182,0,8182,294
2020-06-05,San Francisco,075,870044,2891,2675,0,2675,43
2020-06-05,San Joaquin,077,732212,1514,1046,4,1050,36
2020-06-05,San Luis Obispo,079,281455,398,293,4,297,1
2020-06-05,San Mateo,081,765935,2577,2331,4,2335,72
2020-06-05,Santa Barbara,083,443738,1994,1795,17,1812,13
2020-06-05,Santa Clara,085,1922200,3696,2902,14,2916,144
2020-06-05,Santa Cruz,087,273765,256,222,0,222,2
2020-06-05,Shasta,089,179085,72,40,0,40,4
2020-06-05,Sierra,091,2930,1,1,0,1,0
2020-06-05,Siskiyou,093,43540,16,8,0,8,0
2020-06-05,Solano,095,438530,741,558,4,562,19
2020-06-05,Sonoma,097,501317,719,618,2,620,4
2020-06-05,Stanislaus,099,539301,1178,842,5,847,27
2020-06-05,Sutter,101,95872,73,49,0,49,2
2020-06-05,Tehama,103,63373,15,7,2,9,1
2020-06-05,Trinity,105,12862,8,1,2,3,0
2020-06-05,Tulare,107,460477,3089,2180,10,2190,90
2020-06-05,Tuolumne,109,53932,9,4,0,4,0
2020-06-05,Ventura,111,848112,1925,1274,12,1286,30
2020-06-05,Yolo,113,214977,264,216,0,216,24
2020-06-05,Yuba,115,75493,32,27,0,27,1
2020-06-04,Alameda,001,1643700,4181,3643,7,3650,99
2020-06-04,Alpine,003,1148,1,1,0,1,0
2020-06-04,Amador,005,37829,10,10,0,10,0
2020-06-04,Butte,007,227075,87,57,4,61,1
2020-06-04,Calaveras,009,45235,22,15,0,15,0
2020-06-04,Colusa,011,21464,9,7,0,7,0
2020-06-04,Contra Costa,013,1133247,1868,1551,1,1552,37
2020-06-04,Del Norte,015,27424,45,45,0,45,0
2020-06-04,El Dorado,017,186661,129,101,0,101,0
2020-06-04,Fresno,019,978130,3844,2007,54,2061,35
2020-06-04,Glenn,021,27897,22,16,0,16,0
2020-06-04,Humboldt,023,135768,115,109,0,109,2
2020-06-04,Imperial,025,180216,4663,2631,4,2635,19
2020-06-04,Inyo,027,18085,22,20,0,20,1
2020-06-04,Kern,029,883053,3336,2530,9,2539,46
2020-06-04,Kings,031,150075,1661,842,4,846,6
2020-06-04,Lake,033,64148,34,27,0,27,0
2020-06-04,Lassen,035,31185,11,4,2,6,0
2020-06-04,Los Angeles,037,10098052,68144,59596,20,59616,2515
2020-06-04,Madera,039,155013,330,127,1,128,3
2020-06-04,Marin,041,260295,630,533,2,535,14
2020-06-04,Mariposa,043,17540,16,16,0,16,1
2020-06-04,Mendocino,045,87422,33,29,0,29,0
2020-06-04,Merced,047,269075,473,304,1,305,7
2020-06-04,Modoc,049,8938,1,0,0,0,0
2020-06-04,Mono,051,14174,39,35,0,35,1
2020-06-04,Monterey,053,433212,877,621,3,624,10
2020-06-04,Napa,055,140530,164,117,0,117,3
2020-06-04,Nevada,057,99092,53,49,1,50,1
2020-06-04,Orange,059,3164182,10099,7192,73,7265,148
2020-06-04,Placer,061,380077,362,256,2,258,9
2020-06-04,Plumas,063,18699,4,4,0,4,0
2020-06-04,Riverside,065,2383286,11136,8473,24,8497,341
2020-06-04,Sacramento,067,1510023,1662,1492,2,1494,58
2020-06-04,San Benito,069,59416,115,88,0,88,2
2020-06-04,San Bernardino,071,2135413,7356,5726,5,5731,207
2020-06-04,San Diego,073,3302833,9307,7942,0,7942,288
2020-06-04,San Francisco,075,870044,2858,2636,0,2636,43
2020-06-04,San Joaquin,077,732212,1452,1016,4,1020,36
2020-06-04,San Luis Obispo,079,281455,387,288,4,292,1
2020-06-04,San Mateo,081,765935,2550,2284,4,2288,72
2020-06-04,Santa Barbara,083,443738,1963,1750,16,1766,13
2020-06-04,Santa Clara,085,1922200,3662,2871,14,2885,144
2020-06-04,Santa Cruz,087,273765,250,218,0,218,2
2020-06-04,Shasta,089,179085,66,40,0,40,4
2020-06-04,Sierra,091,2930,1,1,0,1,0
2020-06-04,Siskiyou,093,43540,15,8,0,8,0
2020-06-04,Solano,095,438530,724,551,4,555,19
2020-06-04,Sonoma,097,501317,700,591,1,592,4
2020-06-04,Stanislaus,099,539301,1102,806,5,811,28
2020-06-04,Sutter,101,95872,68,46,0,46,2
2020-06-04,Tehama,103,63373,14,6,1,7,1
2020-06-04,Trinity,105,12862,8,1,2,3,0
2020-06-04,Tulare,107,460477,2972,2086,10,2096,90
2020-06-04,Tuolumne,109,53932,8,4,0,4,0
2020-06-04,Ventura,111,848112,1881,1236,11,1247,30
2020-06-04,Yolo,113,214977,259,216,0,216,24
2020-06-04,Yuba,115,75493,31,27,0,27,1
2020-06-03,Alameda,001,1643700,4122,3589,6,3595,99
2020-06-03,Alpine,003,1148,1,1,0,1,0
2020-06-03,Amador,005,37829,10,10,0,10,0
2020-06-03,Butte,007,227075,85,53,4,57,1
2020-06-03,Calaveras,009,45235,21,15,0,15,0
2020-06-03,Colusa,011,21464,9,7,0,7,0
2020-06-03,Contra Costa,013,1133247,1820,1511,1,1512,37
2020-06-03,Del Norte,015,27424,45,39,0,39,0
2020-06-03,El Dorado,017,186661,126,90,0,90,0
2020-06-03,Fresno,019,978130,3745,1943,54,1997,35
2020-06-03,Glenn,021,27897,22,16,0,16,0
2020-06-03,Humboldt,023,135768,115,103,0,103,2
2020-06-03,Imperial,025,180216,4490,2540,4,2544,19
2020-06-03,Inyo,027,18085,22,20,0,20,1
2020-06-03,Kern,029,883053,3240,2452,8,2460,44
2020-06-03,Kings,031,150075,1596,744,4,748,6
2020-06-03,Lake,033,64148,32,26,0,26,0
2020-06-03,Lassen,035,31185,11,4,2,6,0
2020-06-03,Los Angeles,037,10098052,66535,58166,20,58186,2472
2020-06-03,Madera,039,155013,322,117,1,118,3
2020-06-03,Marin,041,260295,612,527,2,529,14
2020-06-03,Mariposa,043,17540,16,16,0,16,1
2020-06-03,Mendocino,045,87422,32,29,0,29,0
2020-06-03,Merced,047,269075,459,299,1,300,7
2020-06-03,Modoc,049,8938,1,0,0,0,0
2020-06-03,Mono,051,14174,39,35,0,35,1
2020-06-03,Monterey,053,433212,849,592,3,595,10
2020-06-03,Napa,055,140530,163,116,0,116,3
2020-06-03,Nevada,057,99092,52,43,1,44,1
2020-06-03,Orange,059,3164182,9873,6939,72,7011,145
2020-06-03,Placer,061,380077,342,243,2,245,9
2020-06-03,Plumas,063,18699,4,4,0,4,0
2020-06-03,Riverside,065,2383286,10861,8208,24,8232,335
2020-06-03,Sacramento,067,1510023,1632,1457,2,1459,58
2020-06-03,San Benito,069,59416,109,88,0,88,2
2020-06-03,San Bernardino,071,2135413,7133,5565,5,5570,203
2020-06-03,San Diego,073,3302833,9159,7800,0,7800,283
2020-06-03,San Francisco,075,870044,2827,2608,0,2608,43
2020-06-03,San Joaquin,077,732212,1388,1004,4,1008,35
2020-06-03,San Luis Obispo,079,281455,382,279,4,283,1
2020-06-03,San Mateo,081,765935,2522,2243,4,2247,71
2020-06-03,Santa Barbara,083,443738,1929,1722,15,1737,12
2020-06-03,Santa Clara,085,1922200,3620,2836,14,2850,144
2020-06-03,Santa Cruz,087,273765,244,217,0,217,2
2020-06-03,Shasta,089,179085,63,40,0,40,4
2020-06-03,Sierra,091,2930,1,1,0,1,0
2020-06-03,Siskiyou,093,43540,14,8,0,8,0
2020-06-03,Solano,095,438530,699,543,2,545,18
2020-06-03,Sonoma,097,501317,688,578,1,579,4
2020-06-03,Stanislaus,099,539301,1062,780,5,785,27
2020-06-03,Sutter,101,95872,60,45,0,45,2
2020-06-03,Tehama,103,63373,14,6,1,7,1
2020-06-03,Trinity,105,12862,8,1,2,3,0
2020-06-03,Tulare,107,460477,2903,2041,10,2051,88
2020-06-03,Tuolumne,109,53932,6,4,0,4,0
2020-06-03,Ventura,111,848112,1814,1202,11,1213,30
2020-06-03,Yolo,113,214977,255,213,0,213,24
2020-06-03,Yuba,115,75493,31,27,0,27,1
2020-06-02,Alameda,001,1643700,4046,3517,6,3523,99
2020-06-02,Alpine,003,1148,1,1,0,1,0
2020-06-02,Amador,005,37829,10,10,0,10,0
2020-06-02,Butte,007,227075,81,51,3,54,1
2020-06-02,Calaveras,009,45235,21,15,0,15,0
2020-06-02,Colusa,011,21464,9,7,0,7,0
2020-06-02,Contra Costa,013,1133247,1788,1505,1,1506,37
2020-06-02,Del Norte,015,27424,45,39,0,39,0
2020-06-02,El Dorado,017,186661,125,88,0,88,0
2020-06-02,Fresno,019,978130,3632,1917,54,1971,34
2020-06-02,Glenn,021,27897,21,16,0,16,0
2020-06-02,Humboldt,023,135768,115,101,0,101,2
2020-06-02,Imperial,025,180216,4297,2459,4,2463,19
2020-06-02,Inyo,027,18085,20,20,0,20,1
2020-06-02,Kern,029,883053,3141,2406,6,2412,41
2020-06-02,Kings,031,150075,1568,720,4,724,5
2020-06-02,Lake,033,64148,32,25,0,25,0
2020-06-02,Lassen,035,31185,10,4,2,6,0
2020-06-02,Los Angeles,037,10098052,65133,57144,20,57164,2430
2020-06-02,Madera,039,155013,301,110,1,111,2
2020-06-02,Marin,041,260295,585,509,2,511,14
2020-06-02,Mariposa,043,17540,16,16,0,16,1
2020-06-02,Mendocino,045,87422,32,29,0,29,0
2020-06-02,Merced,047,269075,443,297,1,298,6
2020-06-02,Modoc,049,8938,1,0,0,0,0
2020-06-02,Mono,051,14174,39,35,0,35,1
2020-06-02,Monterey,053,433212,819,582,3,585,10
2020-06-02,Napa,055,140530,154,116,0,116,3
2020-06-02,Nevada,057,99092,51,41,1,42,1
2020-06-02,Orange,059,3164182,9672,6790,71,6861,142
2020-06-02,Placer,061,380077,328,226,2,228,9
2020-06-02,Plumas,063,18699,4,4,0,4,0
2020-06-02,Riverside,065,2383286,10565,8091,22,8113,330
2020-06-02,Sacramento,067,1510023,1603,1428,2,1430,58
2020-06-02,San Benito,069,59416,108,86,0,86,2
2020-06-02,San Bernardino,071,2135413,6926,5438,5,5443,202
2020-06-02,San Diego,073,3302833,9013,7676,0,7676,276
2020-06-02,San Francisco,075,870044,2792,2554,0,2554,43
2020-06-02,San Joaquin,077,732212,1322,985,4,989,35
2020-06-02,San Luis Obispo,079,281455,377,275,4,279,1
2020-06-02,San Mateo,081,765935,2487,2203,4,2207,71
2020-06-02,Santa Barbara,083,443738,1889,1703,15,1718,12
2020-06-02,Santa Clara,085,1922200,3570,2819,14,2833,144
2020-06-02,Santa Cruz,087,273765,239,215,0,215,2
2020-06-02,Shasta,089,179085,62,38,0,38,4
2020-06-02,Sierra,091,2930,1,1,0,1,0
2020-06-02,Siskiyou,093,43540,13,8,0,8,0
2020-06-02,Solano,095,438530,684,537,1,538,18
2020-06-02,Sonoma,097,501317,677,571,1,572,4
2020-06-02,Stanislaus,099,539301,1003,772,5,777,27
2020-06-02,Sutter,101,95872,57,43,0,43,2
2020-06-02,Tehama,103,63373,14,6,1,7,1
2020-06-02,Trinity,105,12862,8,1,2,3,0
2020-06-02,Tulare,107,460477,2823,2012,10,2022,86
2020-06-02,Tuolumne,109,53932,6,4,0,4,0
2020-06-02,Ventura,111,848112,1761,1178,11,1189,30
2020-06-02,Yolo,113,214977,253,213,0,213,24
2020-06-02,Yuba,115,75493,31,27,0,27,1
2020-06-01,Alameda,001,1643700,3980,3460,6,3466,98
2020-06-01,Alpine,003,1148,1,1,0,1,0
2020-06-01,Amador,005,37829,10,10,0,10,0
2020-06-01,Butte,007,227075,80,50,2,52,1
2020-06-01,Calaveras,009,45235,21,15,0,15,0
2020-06-01,Colusa,011,21464,9,7,0,7,0
2020-06-01,Contra Costa,013,1133247,1752,1486,1,1487,37
2020-06-01,Del Norte,015,27424,45,38,0,38,0
2020-06-01,El Dorado,017,186661,123,88,0,88,0
2020-06-01,Fresno,019,978130,3537,1854,52,1906,33
2020-06-01,Glenn,021,27897,21,16,0,16,0
2020-06-01,Humboldt,023,135768,115,98,0,98,2
2020-06-01,Imperial,025,180216,4075,2366,4,2370,14
2020-06-01,Inyo,027,18085,20,20,0,20,1
2020-06-01,Kern,029,883053,3058,2366,6,2372,38
2020-06-01,Kings,031,150075,1300,703,4,707,4
2020-06-01,Lake,033,64148,32,22,0,22,0
2020-06-01,Lassen,035,31185,10,4,2,6,0
2020-06-01,Los Angeles,037,10098052,63669,55899,20,55919,2367
2020-06-01,Madera,039,155013,289,103,1,104,2
2020-06-01,Marin,041,260295,544,495,2,497,14
2020-06-01,Mariposa,043,17540,16,16,0,16,1
2020-06-01,Mendocino,045,87422,32,28,0,28,0
2020-06-01,Merced,047,269075,424,289,1,290,6
2020-06-01,Modoc,049,8938,1,0,0,0,0
2020-06-01,Mono,051,14174,39,35,0,35,1
2020-06-01,Monterey,053,433212,795,554,3,557,10
2020-06-01,Napa,055,140530,151,114,0,114,3
2020-06-01,Nevada,057,99092,51,41,1,42,1
2020-06-01,Orange,059,3164182,9475,6640,70,6710,135
2020-06-01,Placer,061,380077,316,218,2,220,9
2020-06-01,Plumas,063,18699,4,4,0,4,0
2020-06-01,Riverside,065,2383286,10113,7921,21,7942,322
2020-06-01,Sacramento,067,1510023,1564,1415,2,1417,58
2020-06-01,San Benito,069,59416,105,86,0,86,2
2020-06-01,San Bernardino,071,2135413,6720,5310,5,5315,202
2020-06-01,San Diego,073,3302833,8833,7556,0,7556,269
2020-06-01,San Francisco,075,870044,2755,2546,0,2546,43
2020-06-01,San Joaquin,077,732212,1257,957,4,961,35
2020-06-01,San Luis Obispo,079,281455,373,275,4,279,1
2020-06-01,San Mateo,081,765935,2457,2190,4,2194,71
2020-06-01,Santa Barbara,083,443738,1855,1671,14,1685,10
2020-06-01,Santa Clara,085,1922200,3532,2797,13,2810,142
2020-06-01,Santa Cruz,087,273765,235,215,0,215,2
2020-06-01,Shasta,089,179085,62,38,0,38,4
2020-06-01,Sierra,091,2930,1,1,0,1,0
2020-06-01,Siskiyou,093,43540,13,7,0,7,0
2020-06-01,Solano,095,438530,660,529,1,530,17
2020-06-01,Sonoma,097,501317,661,565,1,566,4
2020-06-01,Stanislaus,099,539301,966,758,5,763,27
2020-06-01,Sutter,101,95872,52,43,0,43,2
2020-06-01,Tehama,103,63373,11,5,1,6,1
2020-06-01,Trinity,105,12862,7,1,2,3,0
2020-06-01,Tulare,107,460477,2708,1976,10,1986,84
2020-06-01,Tuolumne,109,53932,5,4,0,4,0
2020-06-01,Ventura,111,848112,1708,1163,11,1174,29
2020-06-01,Yolo,113,214977,250,212,0,212,24
2020-06-01,Yuba,115,75493,30,26,0,26,1
2020-05-31,Alameda,001,1643700,3875,3362,6,3368,98
2020-05-31,Alpine,003,1148,1,1,0,1,0
2020-05-31,Amador,005,37829,10,10,0,10,0
2020-05-31,Butte,007,227075,78,51,2,53,0
2020-05-31,Calaveras,009,45235,18,15,0,15,0
2020-05-31,Colusa,011,21464,9,5,0,5,0
2020-05-31,Contra Costa,013,1133247,1718,1458,1,1459,37
2020-05-31,Del Norte,015,27424,45,37,0,37,0
2020-05-31,El Dorado,017,186661,119,88,0,88,0
2020-05-31,Fresno,019,978130,3372,1780,46,1826,31
2020-05-31,Glenn,021,27897,20,16,0,16,0
2020-05-31,Humboldt,023,135768,113,98,0,98,2
2020-05-31,Imperial,025,180216,3808,2197,4,2201,14
2020-05-31,Inyo,027,18085,20,20,0,20,1
2020-05-31,Kern,029,883053,2923,2300,6,2306,38
2020-05-31,Kings,031,150075,1263,703,4,707,3
2020-05-31,Lake,033,64148,32,19,0,19,0
2020-05-31,Lassen,035,31185,10,4,2,6,0
2020-05-31,Los Angeles,037,10098052,62378,54925,20,54945,2344
2020-05-31,Madera,039,155013,271,101,1,102,2
2020-05-31,Marin,041,260295,534,486,2,488,14
2020-05-31,Mariposa,043,17540,16,16,0,16,1
2020-05-31,Mendocino,045,87422,32,24,0,24,0
2020-05-31,Merced,047,269075,397,288,0,288,6
2020-05-31,Modoc,049,8938,0,0,0,0,0
2020-05-31,Mono,051,14174,39,34,0,34,1
2020-05-31,Monterey,053,433212,721,545,3,548,10
2020-05-31,Napa,055,140530,149,114,0,114,3
2020-05-31,Nevada,057,99092,50,41,1,42,1
2020-05-31,Orange,059,3164182,9265,6532,69,6601,135
2020-05-31,Placer,061,380077,294,215,2,217,9
2020-05-31,Plumas,063,18699,4,4,0,4,0
2020-05-31,Riverside,065,2383286,9857,7704,21,7725,321
2020-05-31,Sacramento,067,1510023,1533,1398,2,1400,57
2020-05-31,San Benito,069,59416,99,85,0,85,2
2020-05-31,San Bernardino,071,2135413,6452,5185,5,5190,198
2020-05-31,San Diego,073,3302833,8639,7483,0,7483,269
2020-05-31,San Francisco,075,870044,2719,2501,0,2501,43
2020-05-31,San Joaquin,077,732212,1192,888,4,892,34
2020-05-31,San Luis Obispo,079,281455,363,271,4,275,1
2020-05-31,San Mateo,081,765935,2411,2169,4,2173,71
2020-05-31,Santa Barbara,083,443738,1804,1662,13,1675,9
2020-05-31,Santa Clara,085,1922200,3488,2785,13,2798,142
2020-05-31,Santa Cruz,087,273765,232,210,0,210,2
2020-05-31,Shasta,089,179085,60,38,0,38,4
2020-05-31,Sierra,091,2930,1,1,0,1,0
2020-05-31,Siskiyou,093,43540,12,7,0,7,0
2020-05-31,Solano,095,438530,634,512,1,513,6
2020-05-31,Sonoma,097,501317,641,555,1,556,4
2020-05-31,Stanislaus,099,539301,912,738,5,743,27
2020-05-31,Sutter,101,95872,50,42,0,42,2
2020-05-31,Tehama,103,63373,10,4,1,5,1
2020-05-31,Trinity,105,12862,7,1,2,3,0
2020-05-31,Tulare,107,460477,2635,1884,10,1894,82
2020-05-31,Tuolumne,109,53932,5,4,0,4,0
2020-05-31,Ventura,111,848112,1647,1151,11,1162,30
2020-05-31,Yolo,113,214977,244,211,0,211,24
2020-05-31,Yuba,115,75493,30,26,0,26,1
2020-05-30,Alameda,001,1643700,3849,3304,6,3310,96
2020-05-30,Alpine,003,1148,1,1,0,1,0
2020-05-30,Amador,005,37829,10,10,0,10,0
2020-05-30,Butte,007,227075,77,44,2,46,0
2020-05-30,Calaveras,009,45235,17,15,0,15,0
2020-05-30,Colusa,011,21464,8,5,0,5,0
2020-05-30,Contra Costa,013,1133247,1702,1429,1,1430,37
2020-05-30,Del Norte,015,27424,45,37,0,37,0
2020-05-30,El Dorado,017,186661,118,86,0,86,0
2020-05-30,Fresno,019,978130,3311,1744,45,1789,31
2020-05-30,Glenn,021,27897,19,16,0,16,0
2020-05-30,Humboldt,023,135768,112,98,0,98,2
2020-05-30,Imperial,025,180216,3718,2091,4,2095,14
2020-05-30,Inyo,027,18085,20,20,0,20,1
2020-05-30,Kern,029,883053,2854,2217,6,2223,38
2020-05-30,Kings,031,150075,1249,703,4,707,3
2020-05-30,Lake,033,64148,31,18,0,18,0
2020-05-30,Lassen,035,31185,10,4,2,6,0
2020-05-30,Los Angeles,037,10098052,61842,53627,20,53647,2319
2020-05-30,Madera,039,155013,266,101,1,102,2
2020-05-30,Marin,041,260295,534,462,2,464,14
2020-05-30,Mariposa,043,17540,16,16,0,16,1
2020-05-30,Mendocino,045,87422,32,24,0,24,0
2020-05-30,Merced,047,269075,396,285,0,285,6
2020-05-30,Modoc,049,8938,0,0,0,0,0
2020-05-30,Mono,051,14174,39,34,0,34,1
2020-05-30,Monterey,053,433212,705,520,3,523,10
2020-05-30,Napa,055,140530,147,113,0,113,3
2020-05-30,Nevada,057,99092,50,41,1,42,1
2020-05-30,Orange,059,3164182,9108,6354,69,6423,134
2020-05-30,Placer,061,380077,286,199,1,200,9
2020-05-30,Plumas,063,18699,4,4,0,4,0
2020-05-30,Riverside,065,2383286,9713,7492,21,7513,316
2020-05-30,Sacramento,067,1510023,1522,1384,2,1386,57
2020-05-30,San Benito,069,59416,98,85,0,85,2
2020-05-30,San Bernardino,071,2135413,6343,5122,5,5127,198
2020-05-30,San Diego,073,3302833,8546,7387,0,7387,269
2020-05-30,San Francisco,075,870044,2694,2496,0,2496,41
2020-05-30,San Joaquin,077,732212,1154,888,4,892,34
2020-05-30,San Luis Obispo,079,281455,358,270,4,274,1
2020-05-30,San Mateo,081,765935,2387,2129,4,2133,71
2020-05-30,Santa Barbara,083,443738,1785,1660,13,1673,9
2020-05-30,Santa Clara,085,1922200,3472,2741,13,2754,141
2020-05-30,Santa Cruz,087,273765,232,206,0,206,2
2020-05-30,Shasta,089,179085,60,36,0,36,4
2020-05-30,Sierra,091,2930,1,1,0,1,0
2020-05-30,Siskiyou,093,43540,11,7,0,7,0
2020-05-30,Solano,095,438530,627,512,1,513,6
2020-05-30,Sonoma,097,501317,631,551,1,552,4
2020-05-30,Stanislaus,099,539301,895,712,5,717,27
2020-05-30,Sutter,101,95872,49,40,0,40,2
2020-05-30,Tehama,103,63373,10,4,1,5,1
2020-05-30,Trinity,105,12862,7,1,2,3,0
2020-05-30,Tulare,107,460477,2598,1879,10,1889,81
2020-05-30,Tuolumne,109,53932,5,4,0,4,0
2020-05-30,Ventura,111,848112,1630,1116,11,1127,30
2020-05-30,Yolo,113,214977,240,210,0,210,24
2020-05-30,Yuba,115,75493,30,25,0,25,1
2020-05-29,Alameda,001,1643700,3814,3209,6,3215,96
2020-05-29,Alpine,003,1148,1,1,0,1,0
2020-05-29,Amador,005,37829,10,10,0,10,0
2020-05-29,Butte,007,227075,72,41,2,43,0
2020-05-29,Calaveras,009,45235,17,15,0,15,0
2020-05-29,Colusa,011,21464,8,5,0,5,0
2020-05-29,Contra Costa,013,1133247,1686,1411,1,1412,37
2020-05-29,Del Norte,015,27424,45,37,0,37,0
2020-05-29,El Dorado,017,186661,117,85,0,85,0
2020-05-29,Fresno,019,978130,3261,1687,45,1732,31
2020-05-29,Glenn,021,27897,19,14,0,14,0
2020-05-29,Humboldt,023,135768,111,98,0,98,2
2020-05-29,Imperial,025,180216,3600,1607,4,1611,14
2020-05-29,Inyo,027,18085,20,20,0,20,1
2020-05-29,Kern,029,883053,2796,2128,6,2134,36
2020-05-29,Kings,031,150075,1238,693,4,697,3
2020-05-29,Lake,033,64148,30,17,0,17,0
2020-05-29,Lassen,035,31185,10,0,2,2,0
2020-05-29,Los Angeles,037,10098052,60887,51578,20,51598,2273
2020-05-29,Madera,039,155013,251,98,1,99,2
2020-05-29,Marin,041,260295,526,448,2,450,14
2020-05-29,Mariposa,043,17540,16,16,0,16,1
2020-05-29,Mendocino,045,87422,30,25,0,25,0
2020-05-29,Merced,047,269075,391,285,0,285,7
2020-05-29,Modoc,049,8938,0,0,0,0,0
2020-05-29,Mono,051,14174,38,34,0,34,1
2020-05-29,Monterey,053,433212,675,479,3,482,10
2020-05-29,Napa,055,140530,144,113,0,113,3
2020-05-29,Nevada,057,99092,50,41,1,42,1
2020-05-29,Orange,059,3164182,8923,6176,67,6243,133
2020-05-29,Placer,061,380077,264,199,1,200,9
2020-05-29,Plumas,063,18699,4,4,0,4,0
2020-05-29,Riverside,065,2383286,9527,7376,21,7397,313
2020-05-29,Sacramento,067,1510023,1499,1360,2,1362,57
2020-05-29,San Benito,069,59416,98,84,0,84,2
2020-05-29,San Bernardino,071,2135413,6235,4983,5,4988,196
2020-05-29,San Diego,073,3302833,8423,7242,0,7242,266
2020-05-29,San Francisco,075,870044,2670,2453,0,2453,41
2020-05-29,San Joaquin,077,732212,1117,855,4,859,34
2020-05-29,San Luis Obispo,079,281455,354,270,4,274,1
2020-05-29,San Mateo,081,765935,2371,2103,4,2107,71
2020-05-29,Santa Barbara,083,443738,1758,1656,13,1669,9
2020-05-29,Santa Clara,085,1922200,3444,2707,13,2720,141
2020-05-29,Santa Cruz,087,273765,229,203,0,203,2
2020-05-29,Shasta,089,179085,60,36,0,36,4
2020-05-29,Sierra,091,2930,1,1,0,1,0
2020-05-29,Siskiyou,093,43540,11,7,0,7,0
2020-05-29,Solano,095,438530,619,498,1,499,6
2020-05-29,Sonoma,097,501317,620,537,1,538,4
2020-05-29,Stanislaus,099,539301,865,698,5,703,27
2020-05-29,Sutter,101,95872,47,40,0,40,2
2020-05-29,Tehama,103,63373,9,4,1,5,1
2020-05-29,Trinity,105,12862,7,1,2,3,0
2020-05-29,Tulare,107,460477,2560,1852,10,1862,80
2020-05-29,Tuolumne,109,53932,5,4,0,4,0
2020-05-29,Ventura,111,848112,1606,1093,11,1104,29
2020-05-29,Yolo,113,214977,236,211,0,211,24
2020-05-29,Yuba,115,75493,29,25,0,25,1
2020-05-28,Alameda,001,1643700,3714,3083,6,3089,94
2020-05-28,Alpine,003,1148,1,1,0,1,0
2020-05-28,Amador,005,37829,10,10,0,10,0
2020-05-28,Butte,007,227075,71,40,2,42,0
2020-05-28,Calaveras,009,45235,16,15,0,15,0
2020-05-28,Colusa,011,21464,8,5,0,5,0
2020-05-28,Contra Costa,013,1133247,1647,1392,1,1393,37
2020-05-28,Del Norte,015,27424,45,37,0,37,0
2020-05-28,El Dorado,017,186661,114,82,0,82,0
2020-05-28,Fresno,019,978130,3180,1653,44,1697,31
2020-05-28,Glenn,021,27897,18,14,0,14,0
2020-05-28,Humboldt,023,135768,110,97,0,97,2
2020-05-28,Imperial,025,180216,3405,1430,4,1434,14
2020-05-28,Inyo,027,18085,20,20,0,20,1
2020-05-28,Kern,029,883053,2718,2069,6,2075,36
2020-05-28,Kings,031,150075,901,626,4,630,3
2020-05-28,Lake,033,64148,29,17,0,17,0
2020-05-28,Lassen,035,31185,10,0,2,2,0
2020-05-28,Los Angeles,037,10098052,59308,49861,20,49881,2222
2020-05-28,Madera,039,155013,233,93,1,94,2
2020-05-28,Marin,041,260295,501,443,2,445,14
2020-05-28,Mariposa,043,17540,16,16,0,16,1
2020-05-28,Mendocino,045,87422,28,24,0,24,0
2020-05-28,Merced,047,269075,382,283,0,283,7
2020-05-28,Modoc,049,8938,0,0,0,0,0
2020-05-28,Mono,051,14174,38,34,0,34,1
2020-05-28,Monterey,053,433212,643,471,3,474,10
2020-05-28,Napa,055,140530,141,113,0,113,3
2020-05-28,Nevada,057,99092,45,41,1,42,1
2020-05-28,Orange,059,3164182,8727,6045,67,6112,130
2020-05-28,Placer,061,380077,257,196,1,197,9
2020-05-28,Plumas,063,18699,4,4,0,4,0
2020-05-28,Riverside,065,2383286,9124,7240,20,7260,304
2020-05-28,Sacramento,067,1510023,1479,1339,2,1341,57
2020-05-28,San Benito,069,59416,97,82,0,82,2
2020-05-28,San Bernardino,071,2135413,6070,4831,5,4836,191
2020-05-28,San Diego,073,3302833,8266,7102,0,7102,260
2020-05-28,San Francisco,075,870044,2636,2417,0,2417,40
2020-05-28,San Joaquin,077,732212,1082,840,4,844,34
2020-05-28,San Luis Obispo,079,281455,351,267,4,271,1
2020-05-28,San Mateo,081,765935,2344,2070,4,2074,71
2020-05-28,Santa Barbara,083,443738,1729,1642,12,1654,9
2020-05-28,Santa Clara,085,1922200,3404,2698,13,2711,140
2020-05-28,Santa Cruz,087,273765,228,201,0,201,2
2020-05-28,Shasta,089,179085,58,36,0,36,4
2020-05-28,Sierra,091,2930,1,1,0,1,0
2020-05-28,Siskiyou,093,43540,9,6,0,6,0
2020-05-28,Solano,095,438530,602,489,1,490,6
2020-05-28,Sonoma,097,501317,598,529,1,530,4
2020-05-28,Stanislaus,099,539301,824,684,5,689,27
2020-05-28,Sutter,101,95872,47,40,0,40,2
2020-05-28,Tehama,103,63373,9,4,1,5,1
2020-05-28,Trinity,105,12862,6,1,2,3,0
2020-05-28,Tulare,107,460477,2524,1832,10,1842,79
2020-05-28,Tuolumne,109,53932,5,4,0,4,0
2020-05-28,Ventura,111,848112,1573,1083,11,1094,29
2020-05-28,Yolo,113,214977,233,206,0,206,22
2020-05-28,Yuba,115,75493,28,24,0,24,1
2020-05-27,Alameda,001,1643700,3631,3037,6,3043,94
2020-05-27,Alpine,003,1148,1,1,0,1,0
2020-05-27,Amador,005,37829,10,10,0,10,0
2020-05-27,Butte,007,227075,68,40,1,41,0
2020-05-27,Calaveras,009,45235,15,15,0,15,0
2020-05-27,Colusa,011,21464,8,5,0,5,0
2020-05-27,Contra Costa,013,1133247,1607,1373,1,1374,37
2020-05-27,Del Norte,015,27424,45,34,0,34,0
2020-05-27,El Dorado,017,186661,113,82,0,82,0
2020-05-27,Fresno,019,978130,3092,1620,44,1664,27
2020-05-27,Glenn,021,27897,18,14,0,14,0
2020-05-27,Humboldt,023,135768,110,86,0,86,2
2020-05-27,Imperial,025,180216,3225,1369,4,1373,14
2020-05-27,Inyo,027,18085,20,20,0,20,1
2020-05-27,Kern,029,883053,2653,1999,6,2005,37
2020-05-27,Kings,031,150075,874,586,4,590,3
2020-05-27,Lake,033,64148,29,13,0,13,0
2020-05-27,Lassen,035,31185,10,0,2,2,0
2020-05-27,Los Angeles,037,10098052,57933,48711,20,48731,2177
2020-05-27,Madera,039,155013,224,91,1,92,2
2020-05-27,Marin,041,260295,472,439,2,441,14
2020-05-27,Mariposa,043,17540,16,16,0,16,1
2020-05-27,Mendocino,045,87422,27,21,0,21,0
2020-05-27,Merced,047,269075,378,278,0,278,7
2020-05-27,Modoc,049,8938,0,0,0,0,0
2020-05-27,Mono,051,14174,38,34,0,34,1
2020-05-27,Monterey,053,433212,603,443,2,445,8
2020-05-27,Napa,055,140530,136,112,0,112,3
2020-05-27,Nevada,057,99092,44,41,1,42,1
2020-05-27,Orange,059,3164182,8572,5849,67,5916,121
2020-05-27,Placer,061,380077,238,196,0,196,9
2020-05-27,Plumas,063,18699,4,4,0,4,0
2020-05-27,Riverside,065,2383286,8745,7156,20,7176,299
2020-05-27,Sacramento,067,1510023,1451,1318,2,1320,50
2020-05-27,San Benito,069,59416,94,74,0,74,2
2020-05-27,San Bernardino,071,2135413,5886,4708,5,4713,183
2020-05-27,San Diego,073,3302833,8115,6985,0,6985,255
2020-05-27,San Francisco,075,870044,2607,2394,0,2394,40
2020-05-27,San Joaquin,077,732212,1040,825,4,829,34
2020-05-27,San Luis Obispo,079,281455,346,266,4,270,1
2020-05-27,San Mateo,081,765935,2304,2045,4,2049,71
2020-05-27,Santa Barbara,083,443738,1714,1629,12,1641,9
2020-05-27,Santa Clara,085,1922200,3371,2680,13,2693,140
2020-05-27,Santa Cruz,087,273765,224,202,0,202,2
2020-05-27,Shasta,089,179085,55,36,0,36,4
2020-05-27,Sierra,091,2930,1,1,0,1,0
2020-05-27,Siskiyou,093,43540,9,6,0,6,0
2020-05-27,Solano,095,438530,582,477,1,478,5
2020-05-27,Sonoma,097,501317,584,521,1,522,4
2020-05-27,Stanislaus,099,539301,799,675,5,680,27
2020-05-27,Sutter,101,95872,46,40,0,40,2
2020-05-27,Tehama,103,63373,9,3,1,4,1
2020-05-27,Trinity,105,12862,6,1,2,3,0
2020-05-27,Tulare,107,460477,2472,1817,10,1827,77
2020-05-27,Tuolumne,109,53932,5,4,0,4,0
2020-05-27,Ventura,111,848112,1548,1065,11,1076,28
2020-05-27,Yolo,113,214977,232,204,0,204,22
2020-05-27,Yuba,115,75493,28,24,0,24,1
2020-05-26,Alameda,001,1643700,3536,2956,6,2962,92
2020-05-26,Alpine,003,1148,1,1,0,1,0
2020-05-26,Amador,005,37829,10,10,0,10,0
2020-05-26,Butte,007,227075,66,37,1,38,0
2020-05-26,Calaveras,009,45235,15,13,0,13,0
2020-05-26,Colusa,011,21464,8,4,0,4,0
2020-05-26,Contra Costa,013,1133247,1572,1352,1,1353,37
2020-05-26,Del Norte,015,27424,44,30,0,30,0
2020-05-26,El Dorado,017,186661,109,79,0,79,0
2020-05-26,Fresno,019,978130,3005,1496,44,1540,22
2020-05-26,Glenn,021,27897,16,12,0,12,0
2020-05-26,Humboldt,023,135768,108,81,0,81,2
2020-05-26,Imperial,025,180216,3010,1369,4,1373,14
2020-05-26,Inyo,027,18085,20,20,0,20,1
2020-05-26,Kern,029,883053,2575,1890,6,1896,31
2020-05-26,Kings,031,150075,806,449,3,452,2
2020-05-26,Lake,033,64148,27,12,0,12,0
2020-05-26,Lassen,035,31185,9,0,2,2,0
2020-05-26,Los Angeles,037,10098052,56466,47760,20,47780,2121
2020-05-26,Madera,039,155013,209,83,1,84,2
2020-05-26,Marin,041,260295,460,424,2,426,14
2020-05-26,Mariposa,043,17540,16,16,0,16,1
2020-05-26,Mendocino,045,87422,25,20,0,20,0
2020-05-26,Merced,047,269075,363,266,0,266,7
2020-05-26,Modoc,049,8938,0,1,0,1,0
2020-05-26,Mono,051,14174,37,34,0,34,1
2020-05-26,Monterey,053,433212,575,424,1,425,8
2020-05-26,Napa,055,140530,131,109,0,109,3
2020-05-26,Nevada,057,99092,43,41,1,42,1
2020-05-26,Orange,059,3164182,8302,5651,66,5717,115
2020-05-26,Placer,061,380077,233,188,0,188,9
2020-05-26,Plumas,063,18699,4,4,0,4,0
2020-05-26,Riverside,065,2383286,8298,6917,20,6937,284
2020-05-26,Sacramento,067,1510023,1425,1298,2,1300,50
2020-05-26,San Benito,069,59416,89,69,0,69,2
2020-05-26,San Bernardino,071,2135413,5718,4430,5,4435,175
2020-05-26,San Diego,073,3302833,7972,6884,0,6884,249
2020-05-26,San Francisco,075,870044,2574,2363,0,2363,40
2020-05-26,San Joaquin,077,732212,993,760,4,764,33
2020-05-26,San Luis Obispo,079,281455,344,260,4,264,1
2020-05-26,San Mateo,081,765935,2266,1967,3,1970,71
2020-05-26,Santa Barbara,083,443738,1697,1590,11,1601,9
2020-05-26,Santa Clara,085,1922200,3339,2659,13,2672,139
2020-05-26,Santa Cruz,087,273765,222,197,0,197,2
2020-05-26,Shasta,089,179085,55,36,0,36,4
2020-05-26,Sierra,091,2930,1,1,0,1,0
2020-05-26,Siskiyou,093,43540,8,6,0,6,0
2020-05-26,Solano,095,438530,564,470,1,471,5
2020-05-26,Sonoma,097,501317,576,509,0,509,4
2020-05-26,Stanislaus,099,539301,779,663,5,668,27
2020-05-26,Sutter,101,95872,45,39,0,39,2
2020-05-26,Tehama,103,63373,8,2,1,3,1
2020-05-26,Trinity,105,12862,6,1,2,3,0
2020-05-26,Tulare,107,460477,2416,1768,10,1778,76
2020-05-26,Tuolumne,109,53932,5,2,0,2,0
2020-05-26,Ventura,111,848112,1511,1033,8,1041,27
2020-05-26,Yolo,113,214977,226,198,0,198,22
2020-05-26,Yuba,115,75493,27,24,0,24,1
2020-05-25,Alameda,001,1643700,3443,2900,5,2905,92
2020-05-25,Alpine,003,1148,1,1,0,1,0
2020-05-25,Amador,005,37829,10,10,0,10,0
2020-05-25,Butte,007,227075,63,37,1,38,0
2020-05-25,Calaveras,009,45235,15,13,0,13,0
2020-05-25,Colusa,011,21464,7,4,0,4,0
2020-05-25,Contra Costa,013,1133247,1539,1348,1,1349,37
2020-05-25,Del Norte,015,27424,44,20,0,20,0
2020-05-25,El Dorado,017,186661,101,78,0,78,0
2020-05-25,Fresno,019,978130,2901,1496,42,1538,22
2020-05-25,Glenn,021,27897,16,12,0,12,0
2020-05-25,Humboldt,023,135768,107,81,0,81,2
2020-05-25,Imperial,025,180216,2799,1369,4,1373,14
2020-05-25,Inyo,027,18085,19,20,0,20,1
2020-05-25,Kern,029,883053,2504,1890,6,1896,31
2020-05-25,Kings,031,150075,776,447,3,450,2
2020-05-25,Lake,033,64148,25,13,0,13,0
2020-05-25,Lassen,035,31185,9,0,2,2,0
2020-05-25,Los Angeles,037,10098052,54656,45952,19,45971,2094
2020-05-25,Madera,039,155013,196,83,1,84,2
2020-05-25,Marin,041,260295,442,415,2,417,14
2020-05-25,Mariposa,043,17540,16,15,0,15,1
2020-05-25,Mendocino,045,87422,22,19,0,19,0
2020-05-25,Merced,047,269075,356,262,0,262,6
2020-05-25,Modoc,049,8938,0,1,0,1,0
2020-05-25,Mono,051,14174,37,34,0,34,1
2020-05-25,Monterey,053,433212,545,418,1,419,8
2020-05-25,Napa,055,140530,131,107,0,107,3
2020-05-25,Nevada,057,99092,43,41,1,42,1
2020-05-25,Orange,059,3164182,8080,5601,65,5666,115
2020-05-25,Placer,061,380077,229,186,0,186,9
2020-05-25,Plumas,063,18699,4,4,0,4,0
2020-05-25,Riverside,065,2383286,8067,6900,20,6920,284
2020-05-25,Sacramento,067,1510023,1405,1290,1,1291,50
2020-05-25,San Benito,069,59416,88,70,0,70,2
2020-05-25,San Bernardino,071,2135413,5528,4393,4,4397,175
2020-05-25,San Diego,073,3302833,7796,6799,0,6799,249
2020-05-25,San Francisco,075,870044,2537,2358,0,2358,40
2020-05-25,San Joaquin,077,732212,967,760,4,764,33
2020-05-25,San Luis Obispo,079,281455,341,260,4,264,1
2020-05-25,San Mateo,081,765935,2229,1938,3,1941,71
2020-05-25,Santa Barbara,083,443738,1687,1590,11,1601,9
2020-05-25,Santa Clara,085,1922200,3306,2647,13,2660,139
2020-05-25,Santa Cruz,087,273765,220,191,0,191,2
2020-05-25,Shasta,089,179085,54,36,0,36,4
2020-05-25,Sierra,091,2930,1,1,0,1,0
2020-05-25,Siskiyou,093,43540,8,6,0,6,0
2020-05-25,Solano,095,438530,550,437,1,438,5
2020-05-25,Sonoma,097,501317,564,496,0,496,4
2020-05-25,Stanislaus,099,539301,749,651,5,656,27
2020-05-25,Sutter,101,95872,45,38,0,38,2
2020-05-25,Tehama,103,63373,7,2,1,3,1
2020-05-25,Trinity,105,12862,6,1,2,3,0
2020-05-25,Tulare,107,460477,2352,1747,10,1757,76
2020-05-25,Tuolumne,109,53932,5,2,0,2,0
2020-05-25,Ventura,111,848112,1470,1020,8,1028,27
2020-05-25,Yolo,113,214977,224,197,0,197,22
2020-05-25,Yuba,115,75493,26,24,0,24,1
2020-05-24,Alameda,001,1643700,3370,2830,5,2835,92
2020-05-24,Alpine,003,1148,1,1,0,1,0
2020-05-24,Amador,005,37829,10,9,0,9,0
2020-05-24,Butte,007,227075,61,35,1,36,0
2020-05-24,Calaveras,009,45235,15,13,0,13,0
2020-05-24,Colusa,011,21464,7,4,0,4,0
2020-05-24,Contra Costa,013,1133247,1511,1325,1,1326,37
2020-05-24,Del Norte,015,27424,43,16,0,16,0
2020-05-24,El Dorado,017,186661,100,76,0,76,0
2020-05-24,Fresno,019,978130,2834,1455,41,1496,22
2020-05-24,Glenn,021,27897,15,12,0,12,0
2020-05-24,Humboldt,023,135768,107,81,0,81,2
2020-05-24,Imperial,025,180216,2673,1369,4,1373,14
2020-05-24,Inyo,027,18085,19,20,0,20,1
2020-05-24,Kern,029,883053,2431,1861,5,1866,31
2020-05-24,Kings,031,150075,765,446,3,449,2
2020-05-24,Lake,033,64148,24,12,0,12,0
2020-05-24,Lassen,035,31185,8,0,2,2,0
2020-05-24,Los Angeles,037,10098052,53641,44954,19,44973,2085
2020-05-24,Madera,039,155013,190,83,1,84,2
2020-05-24,Marin,041,260295,440,401,2,403,14
2020-05-24,Mariposa,043,17540,16,15,0,15,1
2020-05-24,Mendocino,045,87422,21,19,0,19,0
2020-05-24,Merced,047,269075,355,258,0,258,6
2020-05-24,Modoc,049,8938,0,0,0,0,0
2020-05-24,Mono,051,14174,37,34,0,34,1
2020-05-24,Monterey,053,433212,517,405,1,406,8
2020-05-24,Napa,055,140530,129,104,0,104,3
2020-05-24,Nevada,057,99092,43,41,1,42,1
2020-05-24,Orange,059,3164182,7926,5439,64,5503,113
2020-05-24,Placer,061,380077,221,184,0,184,9
2020-05-24,Plumas,063,18699,4,4,0,4,0
2020-05-24,Riverside,065,2383286,7926,6571,20,6591,284
2020-05-24,Sacramento,067,1510023,1389,1283,1,1284,50
2020-05-24,San Benito,069,59416,87,67,0,67,2
2020-05-24,San Bernardino,071,2135413,5420,4262,4,4266,175
2020-05-24,San Diego,073,3302833,7653,6703,0,6703,249
2020-05-24,San Francisco,075,870044,2513,2318,0,2318,40
2020-05-24,San Joaquin,077,732212,948,760,4,764,33
2020-05-24,San Luis Obispo,079,281455,339,257,4,261,1
2020-05-24,San Mateo,081,765935,2194,1925,3,1928,71
2020-05-24,Santa Barbara,083,443738,1675,1573,11,1584,9
2020-05-24,Santa Clara,085,1922200,3286,2623,13,2636,139
2020-05-24,Santa Cruz,087,273765,217,185,0,185,2
2020-05-24,Shasta,089,179085,53,36,0,36,4
2020-05-24,Sierra,091,2930,1,1,0,1,0
2020-05-24,Siskiyou,093,43540,7,6,0,6,0
2020-05-24,Solano,095,438530,542,436,0,436,5
2020-05-24,Sonoma,097,501317,553,485,0,485,4
2020-05-24,Stanislaus,099,539301,729,634,5,639,27
2020-05-24,Sutter,101,95872,45,38,0,38,2
2020-05-24,Tehama,103,63373,5,2,1,3,1
2020-05-24,Trinity,105,12862,6,1,2,3,0
2020-05-24,Tulare,107,460477,2306,1684,10,1694,74
2020-05-24,Tuolumne,109,53932,5,2,0,2,0
2020-05-24,Ventura,111,848112,1458,982,8,990,27
2020-05-24,Yolo,113,214977,222,192,0,192,22
2020-05-24,Yuba,115,75493,26,24,0,24,1
2020-05-23,Alameda,001,1643700,3329,2783,5,2788,91
2020-05-23,Alpine,003,1148,1,1,0,1,0
2020-05-23,Amador,005,37829,10,9,0,9,0
2020-05-23,Butte,007,227075,60,34,1,35,0
2020-05-23,Calaveras,009,45235,15,13,0,13,0
2020-05-23,Colusa,011,21464,7,4,0,4,0
2020-05-23,Contra Costa,013,1133247,1500,1302,1,1303,36
2020-05-23,Del Norte,015,27424,43,10,0,10,0
2020-05-23,El Dorado,017,186661,100,74,0,74,0
2020-05-23,Fresno,019,978130,2814,1447,41,1488,21
2020-05-23,Glenn,021,27897,15,12,0,12,0
2020-05-23,Humboldt,023,135768,105,80,0,80,2
2020-05-23,Imperial,025,180216,2585,1283,4,1287,14
2020-05-23,Inyo,027,18085,19,20,0,20,1
2020-05-23,Kern,029,883053,2388,1806,5,1811,31
2020-05-23,Kings,031,150075,761,444,3,447,2
2020-05-23,Lake,033,64148,23,10,0,10,0
2020-05-23,Lassen,035,31185,8,0,2,2,0
2020-05-23,Los Angeles,037,10098052,53099,44029,19,44048,2069
2020-05-23,Madera,039,155013,186,83,1,84,2
2020-05-23,Marin,041,260295,440,393,1,394,14
2020-05-23,Mariposa,043,17540,16,15,0,15,1
2020-05-23,Mendocino,045,87422,21,13,0,13,0
2020-05-23,Merced,047,269075,352,247,0,247,6
2020-05-23,Modoc,049,8938,0,0,0,0,0
2020-05-23,Mono,051,14174,36,34,0,34,1
2020-05-23,Monterey,053,433212,503,397,1,398,8
2020-05-23,Napa,055,140530,125,101,0,101,3
2020-05-23,Nevada,057,99092,43,41,1,42,1
2020-05-23,Orange,059,3164182,7767,5313,63,5376,113
2020-05-23,Placer,061,380077,215,184,0,184,9
2020-05-23,Plumas,063,18699,4,4,0,4,0
2020-05-23,Riverside,065,2383286,7835,6460,20,6480,284
2020-05-23,Sacramento,067,1510023,1373,1275,1,1276,50
2020-05-23,San Benito,069,59416,82,67,0,67,2
2020-05-23,San Bernardino,071,2135413,5326,4172,4,4176,175
2020-05-23,San Diego,073,3302833,7562,6561,0,6561,249
2020-05-23,San Francisco,075,870044,2494,2312,0,2312,40
2020-05-23,San Joaquin,077,732212,933,759,4,763,33
2020-05-23,San Luis Obispo,079,281455,335,256,4,260,1
2020-05-23,San Mateo,081,765935,2166,1862,3,1865,71
2020-05-23,Santa Barbara,083,443738,1667,1566,11,1577,9
2020-05-23,Santa Clara,085,1922200,3272,2593,12,2605,139
2020-05-23,Santa Cruz,087,273765,215,177,0,177,2
2020-05-23,Shasta,089,179085,53,35,0,35,4
2020-05-23,Sierra,091,2930,1,1,0,1,0
2020-05-23,Siskiyou,093,43540,7,6,0,6,0
2020-05-23,Solano,095,438530,537,435,0,435,5
2020-05-23,Sonoma,097,501317,539,462,0,462,4
2020-05-23,Stanislaus,099,539301,721,625,5,630,27
2020-05-23,Sutter,101,95872,44,38,0,38,2
2020-05-23,Tehama,103,63373,5,2,1,3,1
2020-05-23,Trinity,105,12862,6,1,2,3,0
2020-05-23,Tulare,107,460477,2285,1682,10,1692,73
2020-05-23,Tuolumne,109,53932,5,2,0,2,0
2020-05-23,Ventura,111,848112,1438,961,8,969,27
2020-05-23,Yolo,113,214977,221,188,0,188,22
2020-05-23,Yuba,115,75493,26,24,0,24,1
2020-05-22,Alameda,001,1643700,3275,2722,5,2727,91
2020-05-22,Alpine,003,1148,1,1,0,1,0
2020-05-22,Amador,005,37829,10,9,0,9,0
2020-05-22,Butte,007,227075,58,34,1,35,0
2020-05-22,Calaveras,009,45235,15,13,0,13,0
2020-05-22,Colusa,011,21464,7,4,0,4,0
2020-05-22,Contra Costa,013,1133247,1488,1272,1,1273,36
2020-05-22,Del Norte,015,27424,41,9,0,9,0
2020-05-22,El Dorado,017,186661,97,74,0,74,0
2020-05-22,Fresno,019,978130,2755,1399,40,1439,20
2020-05-22,Glenn,021,27897,15,12,0,12,0
2020-05-22,Humboldt,023,135768,105,80,0,80,2
2020-05-22,Imperial,025,180216,2484,1214,4,1218,14
2020-05-22,Inyo,027,18085,19,20,0,20,1
2020-05-22,Kern,029,883053,2339,1749,5,1754,28
2020-05-22,Kings,031,150075,758,428,3,431,2
2020-05-22,Lake,033,64148,22,10,0,10,0
2020-05-22,Lassen,035,31185,6,0,2,2,0
2020-05-22,Los Angeles,037,10098052,52307,43025,19,43044,2027
2020-05-22,Madera,039,155013,182,82,1,83,2
2020-05-22,Marin,041,260295,436,372,1,373,14
2020-05-22,Mariposa,043,17540,16,15,0,15,1
2020-05-22,Mendocino,045,87422,20,13,0,13,0
2020-05-22,Merced,047,269075,352,233,0,233,6
2020-05-22,Modoc,049,8938,0,0,0,0,0
2020-05-22,Mono,051,14174,36,34,0,34,1
2020-05-22,Monterey,053,433212,492,372,1,373,8
2020-05-22,Napa,055,140530,123,97,0,97,3
2020-05-22,Nevada,057,99092,42,41,1,42,1
2020-05-22,Orange,059,3164182,7570,5144,61,5205,113
2020-05-22,Placer,061,380077,215,181,0,181,9
2020-05-22,Plumas,063,18699,4,4,0,4,0
2020-05-22,Riverside,065,2383286,7720,6351,20,6371,283
2020-05-22,Sacramento,067,1510023,1357,1262,1,1263,50
2020-05-22,San Benito,069,59416,81,64,0,64,2
2020-05-22,San Bernardino,071,2135413,5251,4107,4,4111,173
2020-05-22,San Diego,073,3302833,7476,6436,0,6436,242
2020-05-22,San Francisco,075,870044,2476,2251,0,2251,40
2020-05-22,San Joaquin,077,732212,920,747,4,751,33
2020-05-22,San Luis Obispo,079,281455,335,254,4,258,1
2020-05-22,San Mateo,081,765935,2147,1847,3,1850,71
2020-05-22,Santa Barbara,083,443738,1657,1554,11,1565,9
2020-05-22,Santa Clara,085,1922200,3252,2537,12,2549,139
2020-05-22,Santa Cruz,087,273765,212,171,0,171,2
2020-05-22,Shasta,089,179085,53,34,0,34,4
2020-05-22,Sierra,091,2930,1,0,0,0,0
2020-05-22,Siskiyou,093,43540,7,6,0,6,0
2020-05-22,Solano,095,438530,534,431,0,431,4
2020-05-22,Sonoma,097,501317,535,444,0,444,4
2020-05-22,Stanislaus,099,539301,711,616,5,621,27
2020-05-22,Sutter,101,95872,44,38,0,38,2
2020-05-22,Tehama,103,63373,5,2,0,2,1
2020-05-22,Trinity,105,12862,6,1,2,3,0
2020-05-22,Tulare,107,460477,2255,1662,10,1672,73
2020-05-22,Tuolumne,109,53932,5,2,0,2,0
2020-05-22,Ventura,111,848112,1420,937,8,945,27
2020-05-22,Yolo,113,214977,219,187,0,187,22
2020-05-22,Yuba,115,75493,26,24,0,24,1
2020-05-21,Alameda,001,1643700,3210,2606,5,2611,89
2020-05-21,Alpine,003,1148,1,1,0,1,0
2020-05-21,Amador,005,37829,10,9,0,9,0
2020-05-21,Butte,007,227075,57,31,1,32,0
2020-05-21,Calaveras,009,45235,14,13,0,13,0
2020-05-21,Colusa,011,21464,7,4,0,4,0
2020-05-21,Contra Costa,013,1133247,1452,1243,1,1244,36
2020-05-21,Del Norte,015,27424,38,9,0,9,0
2020-05-21,El Dorado,017,186661,95,67,0,67,0
2020-05-21,Fresno,019,978130,2663,1362,39,1401,20
2020-05-21,Glenn,021,27897,14,12,0,12,0
2020-05-21,Humboldt,023,135768,104,79,0,79,0
2020-05-21,Imperial,025,180216,2323,1096,4,1100,14
2020-05-21,Inyo,027,18085,19,20,0,20,1
2020-05-21,Kern,029,883053,2263,1684,4,1688,27
2020-05-21,Kings,031,150075,737,417,2,419,2
2020-05-21,Lake,033,64148,17,10,0,10,0
2020-05-21,Lassen,035,31185,6,0,2,2,0
2020-05-21,Los Angeles,037,10098052,51273,42063,19,42082,1996
2020-05-21,Madera,039,155013,179,82,1,83,2
2020-05-21,Marin,041,260295,425,359,1,360,14
2020-05-21,Mariposa,043,17540,16,15,0,15,1
2020-05-21,Mendocino,045,87422,20,12,0,12,0
2020-05-21,Merced,047,269075,341,226,0,226,6
2020-05-21,Modoc,049,8938,0,0,0,0,0
2020-05-21,Mono,051,14174,36,33,0,33,1
2020-05-21,Monterey,053,433212,481,363,1,364,8
2020-05-21,Napa,055,140530,121,96,0,96,3
2020-05-21,Nevada,057,99092,42,41,1,42,1
2020-05-21,Orange,059,3164182,7367,4975,60,5035,106
2020-05-21,Placer,061,380077,208,176,0,176,8
2020-05-21,Plumas,063,18699,4,4,0,4,0
2020-05-21,Riverside,065,2383286,7534,6245,20,6265,279
2020-05-21,Sacramento,067,1510023,1344,1258,1,1259,56
2020-05-21,San Benito,069,59416,78,61,0,61,2
2020-05-21,San Bernardino,071,2135413,5104,3950,4,3954,167
2020-05-21,San Diego,073,3302833,7340,6317,0,6317,241
2020-05-21,San Francisco,075,870044,2452,2248,0,2248,37
2020-05-21,San Joaquin,077,732212,884,730,4,734,33
2020-05-21,San Luis Obispo,079,281455,335,251,3,254,1
2020-05-21,San Mateo,081,765935,2111,1791,3,1794,74
2020-05-21,Santa Barbara,083,443738,1642,1541,11,1552,10
2020-05-21,Santa Clara,085,1922200,3229,2520,12,2532,138
2020-05-21,Santa Cruz,087,273765,204,164,0,164,3
2020-05-21,Shasta,089,179085,51,34,0,34,4
2020-05-21,Sierra,091,2930,1,0,0,0,0
2020-05-21,Siskiyou,093,43540,7,6,0,6,0
2020-05-21,Solano,095,438530,525,424,0,424,4
2020-05-21,Sonoma,097,501317,517,427,0,427,4
2020-05-21,Stanislaus,099,539301,700,602,5,607,27
2020-05-21,Sutter,101,95872,43,38,0,38,2
2020-05-21,Tehama,103,63373,4,2,0,2,1
2020-05-21,Trinity,105,12862,5,1,2,3,0
2020-05-21,Tulare,107,460477,2205,1606,8,1614,73
2020-05-21,Tuolumne,109,53932,3,2,0,2,0
2020-05-21,Ventura,111,848112,1371,907,8,915,30
2020-05-21,Yolo,113,214977,216,185,0,185,22
2020-05-21,Yuba,115,75493,26,24,0,24,1
2020-05-20,Alameda,001,1643700,3137,2554,5,2559,89
2020-05-20,Alpine,003,1148,1,1,0,1,0
2020-05-20,Amador,005,37829,10,9,0,9,0
2020-05-20,Butte,007,227075,54,30,1,31,0
2020-05-20,Calaveras,009,45235,14,13,0,13,0
2020-05-20,Colusa,011,21464,7,3,0,3,0
2020-05-20,Contra Costa,013,1133247,1422,1223,1,1224,33
2020-05-20,Del Norte,015,27424,31,9,0,9,0
2020-05-20,El Dorado,017,186661,94,67,0,67,0
2020-05-20,Fresno,019,978130,2590,1329,38,1367,17
2020-05-20,Glenn,021,27897,13,12,0,12,0
2020-05-20,Humboldt,023,135768,101,73,0,73,0
2020-05-20,Imperial,025,180216,2210,1047,4,1051,14
2020-05-20,Inyo,027,18085,19,20,0,20,1
2020-05-20,Kern,029,883053,2200,1639,3,1642,27
2020-05-20,Kings,031,150075,593,403,2,405,2
2020-05-20,Lake,033,64148,17,9,0,9,0
2020-05-20,Lassen,035,31185,5,0,2,2,0
2020-05-20,Los Angeles,037,10098052,50278,40932,19,40951,1955
2020-05-20,Madera,039,155013,177,82,1,83,2
2020-05-20,Marin,041,260295,398,348,1,349,14
2020-05-20,Mariposa,043,17540,16,15,0,15,1
2020-05-20,Mendocino,045,87422,20,12,0,12,0
2020-05-20,Merced,047,269075,334,225,0,225,6
2020-05-20,Modoc,049,8938,0,0,0,0,0
2020-05-20,Mono,051,14174,36,33,0,33,1
2020-05-20,Monterey,053,433212,467,356,1,357,8
2020-05-20,Napa,055,140530,114,93,0,93,3
2020-05-20,Nevada,057,99092,42,41,1,42,1
2020-05-20,Orange,059,3164182,7159,4866,58,4924,96
2020-05-20,Placer,061,380077,206,176,0,176,8
2020-05-20,Plumas,063,18699,4,4,0,4,0
2020-05-20,Riverside,065,2383286,7391,6090,20,6110,265
2020-05-20,Sacramento,067,1510023,1334,1244,1,1245,56
2020-05-20,San Benito,069,59416,77,61,0,61,2
2020-05-20,San Bernardino,071,2135413,4976,3771,4,3775,161
2020-05-20,San Diego,073,3302833,7223,6142,0,6142,230
2020-05-20,San Francisco,075,870044,2429,2199,0,2199,37
2020-05-20,San Joaquin,077,732212,848,713,4,717,33
2020-05-20,San Luis Obispo,079,281455,328,249,3,252,1
2020-05-20,San Mateo,081,765935,2058,1739,3,1742,74
2020-05-20,Santa Barbara,083,443738,1623,1524,11,1535,10
2020-05-20,Santa Clara,085,1922200,3208,2508,11,2519,138
2020-05-20,Santa Cruz,087,273765,201,163,0,163,3
2020-05-20,Shasta,089,179085,51,34,0,34,4
2020-05-20,Sierra,091,2930,1,0,0,0,0
2020-05-20,Siskiyou,093,43540,7,6,0,6,0
2020-05-20,Solano,095,438530,520,418,0,418,4
2020-05-20,Sonoma,097,501317,508,411,0,411,4
2020-05-20,Stanislaus,099,539301,684,584,4,588,25
2020-05-20,Sutter,101,95872,43,38,0,38,2
2020-05-20,Tehama,103,63373,4,2,0,2,1
2020-05-20,Trinity,105,12862,4,1,1,2,0
2020-05-20,Tulare,107,460477,2164,1585,8,1593,71
2020-05-20,Tuolumne,109,53932,3,2,0,2,0
2020-05-20,Ventura,111,848112,1335,879,8,887,29
2020-05-20,Yolo,113,214977,213,184,0,184,22
2020-05-20,Yuba,115,75493,26,23,0,23,1
2020-05-19,Alameda,001,1643700,3060,2493,3,2496,88
2020-05-19,Alpine,003,1148,1,1,0,1,0
2020-05-19,Amador,005,37829,10,9,0,9,0
2020-05-19,Butte,007,227075,52,25,1,26,0
2020-05-19,Calaveras,009,45235,14,13,0,13,0
2020-05-19,Colusa,011,21464,5,3,0,3,0
2020-05-19,Contra Costa,013,1133247,1399,1205,1,1206,33
2020-05-19,Del Norte,015,27424,28,8,0,8,0
2020-05-19,El Dorado,017,186661,91,67,0,67,0
2020-05-19,Fresno,019,978130,2476,1288,37,1325,15
2020-05-19,Glenn,021,27897,13,12,0,12,0
2020-05-19,Humboldt,023,135768,101,72,0,72,0
2020-05-19,Imperial,025,180216,2048,1012,4,1016,14
2020-05-19,Inyo,027,18085,19,20,0,20,1
2020-05-19,Kern,029,883053,2102,1601,3,1604,26
2020-05-19,Kings,031,150075,582,393,2,395,2
2020-05-19,Lake,033,64148,14,11,0,11,0
2020-05-19,Lassen,035,31185,5,0,2,2,0
2020-05-19,Los Angeles,037,10098052,49072,39670,19,39689,1906
2020-05-19,Madera,039,155013,173,80,1,81,2
2020-05-19,Marin,041,260295,374,340,1,341,14
2020-05-19,Mariposa,043,17540,16,15,0,15,1
2020-05-19,Mendocino,045,87422,20,12,0,12,0
2020-05-19,Merced,047,269075,326,222,0,222,5
2020-05-19,Modoc,049,8938,0,0,0,0,0
2020-05-19,Mono,051,14174,36,33,0,33,1
2020-05-19,Monterey,053,433212,455,350,1,351,8
2020-05-19,Napa,055,140530,113,93,0,93,3
2020-05-19,Nevada,057,99092,42,41,1,42,1
2020-05-19,Orange,059,3164182,6965,4746,56,4802,90
2020-05-19,Placer,061,380077,204,177,0,177,8
2020-05-19,Plumas,063,18699,4,5,0,5,0
2020-05-19,Riverside,065,2383286,7231,5963,19,5982,265
2020-05-19,Sacramento,067,1510023,1320,1239,1,1240,57
2020-05-19,San Benito,069,59416,75,59,0,59,2
2020-05-19,San Bernardino,071,2135413,4826,3656,4,3660,158
2020-05-19,San Diego,073,3302833,7079,6028,0,6028,222
2020-05-19,San Francisco,075,870044,2395,2186,0,2186,37
2020-05-19,San Joaquin,077,732212,826,705,4,709,33
2020-05-19,San Luis Obispo,079,281455,327,245,3,248,1
2020-05-19,San Mateo,081,765935,2017,1704,3,1707,71
2020-05-19,Santa Barbara,083,443738,1609,1521,11,1532,10
2020-05-19,Santa Clara,085,1922200,3158,2480,11,2491,138
2020-05-19,Santa Cruz,087,273765,190,161,0,161,3
2020-05-19,Shasta,089,179085,51,34,0,34,4
2020-05-19,Sierra,091,2930,0,0,0,0,0
2020-05-19,Siskiyou,093,43540,7,6,0,6,0
2020-05-19,Solano,095,438530,506,415,0,415,4
2020-05-19,Sonoma,097,501317,497,389,0,389,4
2020-05-19,Stanislaus,099,539301,670,582,4,586,25
2020-05-19,Sutter,101,95872,43,38,0,38,2
2020-05-19,Tehama,103,63373,4,2,0,2,1
2020-05-19,Trinity,105,12862,3,1,0,1,0
2020-05-19,Tulare,107,460477,2116,1551,8,1559,68
2020-05-19,Tuolumne,109,53932,3,2,0,2,0
2020-05-19,Ventura,111,848112,1294,861,7,868,28
2020-05-19,Yolo,113,214977,211,183,0,183,22
2020-05-19,Yuba,115,75493,26,23,0,23,1
2020-05-18,Alameda,001,1643700,2987,2442,3,2445,84
2020-05-18,Alpine,003,1148,1,1,0,1,0
2020-05-18,Amador,005,37829,10,8,0,8,0
2020-05-18,Butte,007,227075,50,24,1,25,0
2020-05-18,Calaveras,009,45235,14,13,0,13,0
2020-05-18,Colusa,011,21464,5,3,0,3,0
2020-05-18,Contra Costa,013,1133247,1368,1173,1,1174,33
2020-05-18,Del Norte,015,27424,23,8,0,8,0
2020-05-18,El Dorado,017,186661,89,67,0,67,0
2020-05-18,Fresno,019,978130,2398,1244,36,1280,14
2020-05-18,Glenn,021,27897,13,11,0,11,0
2020-05-18,Humboldt,023,135768,101,70,0,70,0
2020-05-18,Imperial,025,180216,1895,767,4,771,14
2020-05-18,Inyo,027,18085,19,20,0,20,1
2020-05-18,Kern,029,883053,2053,1566,3,1569,26
2020-05-18,Kings,031,150075,551,381,2,383,2
2020-05-18,Lake,033,64148,13,9,0,9,0
2020-05-18,Lassen,035,31185,5,0,2,2,0
2020-05-18,Los Angeles,037,10098052,48050,38477,19,38496,1825
2020-05-18,Madera,039,155013,167,74,1,75,2
2020-05-18,Marin,041,260295,361,329,1,330,14
2020-05-18,Mariposa,043,17540,16,15,0,15,1
2020-05-18,Mendocino,045,87422,15,12,0,12,0
2020-05-18,Merced,047,269075,317,217,0,217,5
2020-05-18,Modoc,049,8938,0,0,0,0,0
2020-05-18,Mono,051,14174,36,33,0,33,1
2020-05-18,Monterey,053,433212,444,345,1,346,8
2020-05-18,Napa,055,140530,109,92,0,92,3
2020-05-18,Nevada,057,99092,42,41,1,42,1
2020-05-18,Orange,059,3164182,6776,4558,54,4612,88
2020-05-18,Placer,061,380077,202,176,0,176,8
2020-05-18,Plumas,063,18699,4,5,0,5,0
2020-05-18,Riverside,065,2383286,7031,5873,18,5891,253
2020-05-18,Sacramento,067,1510023,1314,1233,0,1233,57
2020-05-18,San Benito,069,59416,73,59,0,59,2
2020-05-18,San Bernardino,071,2135413,4679,3558,4,3562,156
2020-05-18,San Diego,073,3302833,6946,5948,0,5948,211
2020-05-18,San Francisco,075,870044,2372,2183,0,2183,36
2020-05-18,San Joaquin,077,732212,814,697,4,701,33
2020-05-18,San Luis Obispo,079,281455,323,243,3,246,1
2020-05-18,San Mateo,081,765935,1979,1701,3,1704,68
2020-05-18,Santa Barbara,083,443738,1598,1501,11,1512,10
2020-05-18,Santa Clara,085,1922200,3125,2468,11,2479,137
2020-05-18,Santa Cruz,087,273765,188,160,0,160,3
2020-05-18,Shasta,089,179085,50,34,0,34,4
2020-05-18,Sierra,091,2930,0,0,0,0,0
2020-05-18,Siskiyou,093,43540,7,6,0,6,0
2020-05-18,Solano,095,438530,496,398,0,398,4
2020-05-18,Sonoma,097,501317,479,387,0,387,4
2020-05-18,Stanislaus,099,539301,658,572,4,576,25
2020-05-18,Sutter,101,95872,43,38,0,38,2
2020-05-18,Tehama,103,63373,4,2,0,2,1
2020-05-18,Trinity,105,12862,3,1,0,1,0
2020-05-18,Tulare,107,460477,2072,1491,8,1499,63
2020-05-18,Tuolumne,109,53932,3,2,0,2,0
2020-05-18,Ventura,111,848112,1271,850,6,856,27
2020-05-18,Yolo,113,214977,206,183,0,183,22
2020-05-18,Yuba,115,75493,26,23,0,23,1
2020-05-17,Alameda,001,1643700,2892,2389,3,2392,83
2020-05-17,Alpine,003,1148,1,1,0,1,0
2020-05-17,Amador,005,37829,10,8,0,8,0
2020-05-17,Butte,007,227075,49,23,1,24,0
2020-05-17,Calaveras,009,45235,14,13,0,13,0
2020-05-17,Colusa,011,21464,3,3,0,3,0
2020-05-17,Contra Costa,013,1133247,1329,1155,1,1156,33
2020-05-17,Del Norte,015,27424,23,7,0,7,0
2020-05-17,El Dorado,017,186661,89,65,0,65,0
2020-05-17,Fresno,019,978130,2292,1213,33,1246,14
2020-05-17,Glenn,021,27897,13,9,0,9,0
2020-05-17,Humboldt,023,135768,94,70,0,70,0
2020-05-17,Imperial,025,180216,1747,715,4,719,14
2020-05-17,Inyo,027,18085,19,20,0,20,1
2020-05-17,Kern,029,883053,1975,1546,3,1549,26
2020-05-17,Kings,031,150075,504,356,2,358,2
2020-05-17,Lake,033,64148,13,7,0,7,0
2020-05-17,Lassen,035,31185,5,0,2,2,0
2020-05-17,Los Angeles,037,10098052,46812,37996,19,38015,1807
2020-05-17,Madera,039,155013,165,69,1,70,2
2020-05-17,Marin,041,260295,350,315,1,316,14
2020-05-17,Mariposa,043,17540,15,15,0,15,1
2020-05-17,Mendocino,045,87422,14,10,0,10,0
2020-05-17,Merced,047,269075,306,214,0,214,5
2020-05-17,Modoc,049,8938,0,0,0,0,0
2020-05-17,Mono,051,14174,36,32,0,32,1
2020-05-17,Monterey,053,433212,424,342,1,343,8
2020-05-17,Napa,055,140530,105,89,0,89,3
2020-05-17,Nevada,057,99092,42,41,1,42,1
2020-05-17,Orange,059,3164182,6597,4466,53,4519,88
2020-05-17,Placer,061,380077,197,175,0,175,8
2020-05-17,Plumas,063,18699,4,4,0,4,0
2020-05-17,Riverside,065,2383286,6858,5776,18,5794,245
2020-05-17,Sacramento,067,1510023,1303,1224,0,1224,56
2020-05-17,San Benito,069,59416,72,59,0,59,2
2020-05-17,San Bernardino,071,2135413,4529,3467,4,3471,155
2020-05-17,San Diego,073,3302833,6814,5838,0,5838,209
2020-05-17,San Francisco,075,870044,2345,2132,0,2132,36
2020-05-17,San Joaquin,077,732212,784,688,4,692,32
2020-05-17,San Luis Obispo,079,281455,321,242,3,245,1
2020-05-17,San Mateo,081,765935,1942,1680,3,1683,68
2020-05-17,Santa Barbara,083,443738,1577,1457,11,1468,10
2020-05-17,Santa Clara,085,1922200,3087,2453,11,2464,135
2020-05-17,Santa Cruz,087,273765,177,155,0,155,3
2020-05-17,Shasta,089,179085,49,34,0,34,4
2020-05-17,Sierra,091,2930,0,0,0,0,0
2020-05-17,Siskiyou,093,43540,7,6,0,6,0
2020-05-17,Solano,095,438530,484,392,0,392,4
2020-05-17,Sonoma,097,501317,458,376,0,376,4
2020-05-17,Stanislaus,099,539301,647,566,4,570,25
2020-05-17,Sutter,101,95872,42,38,0,38,2
2020-05-17,Tehama,103,63373,3,2,0,2,1
2020-05-17,Trinity,105,12862,2,1,0,1,0
2020-05-17,Tulare,107,460477,1996,1430,7,1437,63
2020-05-17,Tuolumne,109,53932,3,2,0,2,0
2020-05-17,Ventura,111,848112,1226,838,6,844,27
2020-05-17,Yolo,113,214977,204,182,0,182,22
2020-05-17,Yuba,115,75493,26,21,0,21,1
2020-05-16,Alameda,001,1643700,2842,2327,3,2330,83
2020-05-16,Alpine,003,1148,1,1,0,1,0
2020-05-16,Amador,005,37829,10,8,0,8,0
2020-05-16,Butte,007,227075,44,22,1,23,0
2020-05-16,Calaveras,009,45235,14,13,0,13,0
2020-05-16,Colusa,011,21464,3,3,0,3,0
2020-05-16,Contra Costa,013,1133247,1311,1136,1,1137,33
2020-05-16,Del Norte,015,27424,19,4,0,4,0
2020-05-16,El Dorado,017,186661,89,65,0,65,0
2020-05-16,Fresno,019,978130,2235,1177,33,1210,14
2020-05-16,Glenn,021,27897,13,9,0,9,0
2020-05-16,Humboldt,023,135768,92,69,0,69,0
2020-05-16,Imperial,025,180216,1683,712,4,716,14
2020-05-16,Inyo,027,18085,19,20,0,20,1
2020-05-16,Kern,029,883053,1939,1509,3,1512,26
2020-05-16,Kings,031,150075,494,356,2,358,2
2020-05-16,Lake,033,64148,13,7,0,7,0
2020-05-16,Lassen,035,31185,4,0,2,2,0
2020-05-16,Los Angeles,037,10098052,46235,37352,19,37371,1778
2020-05-16,Madera,039,155013,163,70,1,71,2
2020-05-16,Marin,041,260295,346,297,1,298,14
2020-05-16,Mariposa,043,17540,15,15,0,15,1
2020-05-16,Mendocino,045,87422,14,10,0,10,0
2020-05-16,Merced,047,269075,304,201,0,201,5
2020-05-16,Modoc,049,8938,0,0,0,0,0
2020-05-16,Mono,051,14174,36,32,0,32,1
2020-05-16,Monterey,053,433212,409,329,1,330,8
2020-05-16,Napa,055,140530,105,86,0,86,3
2020-05-16,Nevada,057,99092,42,41,1,42,1
2020-05-16,Orange,059,3164182,6521,4396,52,4448,87
2020-05-16,Placer,061,380077,195,174,0,174,8
2020-05-16,Plumas,063,18699,4,4,0,4,0
2020-05-16,Riverside,065,2383286,6773,5633,18,5651,243
2020-05-16,Sacramento,067,1510023,1296,1209,0,1209,55
2020-05-16,San Benito,069,59416,67,58,0,58,2
2020-05-16,San Bernardino,071,2135413,4457,3362,4,3366,155
2020-05-16,San Diego,073,3302833,6728,5664,0,5664,209
2020-05-16,San Francisco,075,870044,2322,2094,0,2094,36
2020-05-16,San Joaquin,077,732212,776,668,4,672,32
2020-05-16,San Luis Obispo,079,281455,320,240,3,243,1
2020-05-16,San Mateo,081,765935,1927,1652,3,1655,68
2020-05-16,Santa Barbara,083,443738,1566,1422,10,1432,10
2020-05-16,Santa Clara,085,1922200,3069,2420,11,2431,135
2020-05-16,Santa Cruz,087,273765,174,154,0,154,3
2020-05-16,Shasta,089,179085,49,33,0,33,4
2020-05-16,Sierra,091,2930,0,0,0,0,0
2020-05-16,Siskiyou,093,43540,7,6,0,6,0
2020-05-16,Solano,095,438530,479,392,0,392,4
2020-05-16,Sonoma,097,501317,445,356,0,356,4
2020-05-16,Stanislaus,099,539301,638,546,4,550,24
2020-05-16,Sutter,101,95872,42,35,0,35,2
2020-05-16,Tehama,103,63373,3,2,0,2,1
2020-05-16,Trinity,105,12862,2,1,0,1,0
2020-05-16,Tulare,107,460477,1978,1426,7,1433,63
2020-05-16,Tuolumne,109,53932,3,2,0,2,0
2020-05-16,Ventura,111,848112,1200,813,6,819,25
2020-05-16,Yolo,113,214977,203,181,0,181,22
2020-05-16,Yuba,115,75493,26,21,0,21,1
2020-05-15,Alameda,001,1643700,2808,2289,3,2292,83
2020-05-15,Alpine,003,1148,1,1,0,1,0
2020-05-15,Amador,005,37829,10,8,0,8,0
2020-05-15,Butte,007,227075,42,22,1,23,0
2020-05-15,Calaveras,009,45235,14,13,0,13,0
2020-05-15,Colusa,011,21464,3,3,0,3,0
2020-05-15,Contra Costa,013,1133247,1293,1106,1,1107,33
2020-05-15,Del Norte,015,27424,14,4,0,4,0
2020-05-15,El Dorado,017,186661,89,64,0,64,0
2020-05-15,Fresno,019,978130,2168,1126,33,1159,14
2020-05-15,Glenn,021,27897,13,9,0,9,0
2020-05-15,Humboldt,023,135768,91,60,0,60,0
2020-05-15,Imperial,025,180216,1599,680,0,680,14
2020-05-15,Inyo,027,18085,19,20,0,20,1
2020-05-15,Kern,029,883053,1883,1472,3,1475,25
2020-05-15,Kings,031,150075,491,347,2,349,2
2020-05-15,Lake,033,64148,13,7,0,7,0
2020-05-15,Lassen,035,31185,4,0,2,2,0
2020-05-15,Los Angeles,037,10098052,45449,36317,19,36336,1734
2020-05-15,Madera,039,155013,162,71,1,72,2
2020-05-15,Marin,041,260295,338,295,1,296,14
2020-05-15,Mariposa,043,17540,15,15,0,15,1
2020-05-15,Mendocino,045,87422,14,10,0,10,0
2020-05-15,Merced,047,269075,301,191,0,191,5
2020-05-15,Modoc,049,8938,0,0,0,0,0
2020-05-15,Mono,051,14174,36,31,0,31,1
2020-05-15,Monterey,053,433212,403,321,1,322,8
2020-05-15,Napa,055,140530,105,83,0,83,3
2020-05-15,Nevada,057,99092,42,41,1,42,1
2020-05-15,Orange,059,3164182,6348,4281,52,4333,87
2020-05-15,Placer,061,380077,193,174,0,174,8
2020-05-15,Plumas,063,18699,4,4,0,4,0
2020-05-15,Riverside,065,2383286,6659,5496,18,5514,233
2020-05-15,Sacramento,067,1510023,1286,1203,0,1203,55
2020-05-15,San Benito,069,59416,64,57,0,57,2
2020-05-15,San Bernardino,071,2135413,4379,3225,4,3229,153
2020-05-15,San Diego,073,3302833,6621,5525,0,5525,208
2020-05-15,San Francisco,075,870044,2306,2062,0,2062,36
2020-05-15,San Joaquin,077,732212,770,656,4,660,32
2020-05-15,San Luis Obispo,079,281455,318,237,3,240,1
2020-05-15,San Mateo,081,765935,1905,1612,3,1615,68
2020-05-15,Santa Barbara,083,443738,1557,1409,9,1418,10
2020-05-15,Santa Clara,085,1922200,3026,2395,10,2405,135
2020-05-15,Santa Cruz,087,273765,173,146,0,146,3
2020-05-15,Shasta,089,179085,48,33,0,33,4
2020-05-15,Sierra,091,2930,0,0,0,0,0
2020-05-15,Siskiyou,093,43540,6,5,0,5,0
2020-05-15,Solano,095,438530,475,388,0,388,4
2020-05-15,Sonoma,097,501317,437,349,0,349,4
2020-05-15,Stanislaus,099,539301,631,540,4,544,23
2020-05-15,Sutter,101,95872,41,35,0,35,2
2020-05-15,Tehama,103,63373,3,1,0,1,1
2020-05-15,Trinity,105,12862,2,1,0,1,0
2020-05-15,Tulare,107,460477,1950,1356,7,1363,61
2020-05-15,Tuolumne,109,53932,3,2,0,2,0
2020-05-15,Ventura,111,848112,1182,789,5,794,25
2020-05-15,Yolo,113,214977,202,182,0,182,22
2020-05-15,Yuba,115,75493,26,21,0,21,1
2020-05-14,Alameda,001,1643700,2715,2255,3,2258,80
2020-05-14,Alpine,003,1148,1,1,0,1,0
2020-05-14,Amador,005,37829,10,8,0,8,0
2020-05-14,Butte,007,227075,40,22,1,23,0
2020-05-14,Calaveras,009,45235,14,13,0,13,0
2020-05-14,Colusa,011,21464,3,3,0,3,0
2020-05-14,Contra Costa,013,1133247,1267,1090,1,1091,32
2020-05-14,Del Norte,015,27424,14,4,0,4,0
2020-05-14,El Dorado,017,186661,80,59,0,59,0
2020-05-14,Fresno,019,978130,2108,1038,29,1067,12
2020-05-14,Glenn,021,27897,12,8,0,8,0
2020-05-14,Humboldt,023,135768,89,59,0,59,0
2020-05-14,Imperial,025,180216,1482,652,0,652,13
2020-05-14,Inyo,027,18085,19,20,0,20,1
2020-05-14,Kern,029,883053,1841,1430,3,1433,21
2020-05-14,Kings,031,150075,475,342,2,344,1
2020-05-14,Lake,033,64148,13,7,0,7,0
2020-05-14,Lassen,035,31185,4,0,2,2,0
2020-05-14,Los Angeles,037,10098052,44274,35427,19,35446,1693
2020-05-14,Madera,039,155013,153,69,1,70,2
2020-05-14,Marin,041,260295,320,283,1,284,14
2020-05-14,Mariposa,043,17540,15,15,0,15,0
2020-05-14,Mendocino,045,87422,13,10,0,10,0
2020-05-14,Merced,047,269075,290,182,0,182,3
2020-05-14,Modoc,049,8938,0,0,0,0,0
2020-05-14,Mono,051,14174,36,31,0,31,1
2020-05-14,Monterey,053,433212,393,317,1,318,7
2020-05-14,Napa,055,140530,103,83,0,83,3
2020-05-14,Nevada,057,99092,41,41,1,42,1
2020-05-14,Orange,059,3164182,6172,4163,50,4213,83
2020-05-14,Placer,061,380077,193,172,0,172,8
2020-05-14,Plumas,063,18699,4,4,0,4,0
2020-05-14,Riverside,065,2383286,6475,5339,18,5357,224
2020-05-14,Sacramento,067,1510023,1274,1181,0,1181,55
2020-05-14,San Benito,069,59416,62,56,0,56,2
2020-05-14,San Bernardino,071,2135413,4200,3149,4,3153,149
2020-05-14,San Diego,073,3302833,6486,5393,0,5393,200
2020-05-14,San Francisco,075,870044,2273,2029,0,2029,36
2020-05-14,San Joaquin,077,732212,755,643,4,647,31
2020-05-14,San Luis Obispo,079,281455,315,236,3,239,1
2020-05-14,San Mateo,081,765935,1873,1588,3,1591,67
2020-05-14,Santa Barbara,083,443738,1545,1395,9,1404,11
2020-05-14,Santa Clara,085,1922200,3003,2380,10,2390,134
2020-05-14,Santa Cruz,087,273765,171,145,0,145,3
2020-05-14,Shasta,089,179085,48,33,0,33,4
2020-05-14,Sierra,091,2930,0,0,0,0,0
2020-05-14,Siskiyou,093,43540,6,5,0,5,0
2020-05-14,Solano,095,438530,466,372,0,372,4
2020-05-14,Sonoma,097,501317,420,333,0,333,4
2020-05-14,Stanislaus,099,539301,612,533,4,537,23
2020-05-14,Sutter,101,95872,41,34,0,34,2
2020-05-14,Tehama,103,63373,3,1,0,1,1
2020-05-14,Trinity,105,12862,2,1,0,1,0
2020-05-14,Tulare,107,460477,1911,1317,7,1324,55
2020-05-14,Tuolumne,109,53932,3,2,0,2,0
2020-05-14,Ventura,111,848112,1151,760,5,765,25
2020-05-14,Yolo,113,214977,202,180,0,180,22
2020-05-14,Yuba,115,75493,26,21,0,21,1
2020-05-13,Alameda,001,1643700,2657,2181,3,2184,78
2020-05-13,Alpine,003,1148,1,1,0,1,0
2020-05-13,Amador,005,37829,10,8,0,8,0
2020-05-13,Butte,007,227075,40,21,1,22,0
2020-05-13,Calaveras,009,45235,14,13,0,13,0
2020-05-13,Colusa,011,21464,3,3,0,3,0
2020-05-13,Contra Costa,013,1133247,1245,1082,1,1083,32
2020-05-13,Del Norte,015,27424,13,4,0,4,0
2020-05-13,El Dorado,017,186661,79,58,0,58,0
2020-05-13,Fresno,019,978130,2011,993,29,1022,10
2020-05-13,Glenn,021,27897,11,6,0,6,0
2020-05-13,Humboldt,023,135768,83,58,0,58,0
2020-05-13,Imperial,025,180216,1412,610,0,610,11
2020-05-13,Inyo,027,18085,19,20,0,20,1
2020-05-13,Kern,029,883053,1795,1390,3,1393,19
2020-05-13,Kings,031,150075,461,314,2,316,1
2020-05-13,Lake,033,64148,13,7,0,7,0
2020-05-13,Lassen,035,31185,4,0,2,2,0
2020-05-13,Los Angeles,037,10098052,42968,34574,19,34593,1643
2020-05-13,Madera,039,155013,144,69,1,70,2
2020-05-13,Marin,041,260295,307,278,1,279,14
2020-05-13,Mariposa,043,17540,15,15,0,15,0
2020-05-13,Mendocino,045,87422,13,10,0,10,0
2020-05-13,Merced,047,269075,287,176,0,176,3
2020-05-13,Modoc,049,8938,0,0,0,0,0
2020-05-13,Mono,051,14174,35,31,0,31,1
2020-05-13,Monterey,053,433212,383,309,1,310,6
2020-05-13,Napa,055,140530,103,81,0,81,3
2020-05-13,Nevada,057,99092,41,41,1,42,1
2020-05-13,Orange,059,3164182,5926,4025,48,4073,79
2020-05-13,Placer,061,380077,192,170,0,170,8
2020-05-13,Plumas,063,18699,4,4,0,4,0
2020-05-13,Riverside,065,2383286,6352,5204,18,5222,216
2020-05-13,Sacramento,067,1510023,1259,1173,0,1173,53
2020-05-13,San Benito,069,59416,62,55,0,55,2
2020-05-13,San Bernardino,071,2135413,3944,3064,3,3067,140
2020-05-13,San Diego,073,3302833,6350,5280,0,5280,194
2020-05-13,San Francisco,075,870044,2245,2004,0,2004,35
2020-05-13,San Joaquin,077,732212,734,639,3,642,31
2020-05-13,San Luis Obispo,079,281455,313,231,3,234,1
2020-05-13,San Mateo,081,765935,1841,1550,3,1553,66
2020-05-13,Santa Barbara,083,443738,1534,1382,9,1391,10
2020-05-13,Santa Clara,085,1922200,2983,2370,10,2380,132
2020-05-13,Santa Cruz,087,273765,167,142,0,142,2
2020-05-13,Shasta,089,179085,48,32,0,32,4
2020-05-13,Sierra,091,2930,0,0,0,0,0
2020-05-13,Siskiyou,093,43540,6,5,0,5,0
2020-05-13,Solano,095,438530,453,368,0,368,4
2020-05-13,Sonoma,097,501317,410,330,0,330,4
2020-05-13,Stanislaus,099,539301,603,521,4,525,15
2020-05-13,Sutter,101,95872,41,33,0,33,2
2020-05-13,Tehama,103,63373,3,1,0,1,1
2020-05-13,Trinity,105,12862,2,2,0,2,0
2020-05-13,Tulare,107,460477,1878,1283,7,1290,54
2020-05-13,Tuolumne,109,53932,3,2,0,2,0
2020-05-13,Ventura,111,848112,1120,742,5,747,25
2020-05-13,Yolo,113,214977,200,178,0,178,22
2020-05-13,Yuba,115,75493,24,19,0,19,1
2020-05-12,Alameda,001,1643700,2592,2146,3,2149,74
2020-05-12,Alpine,003,1148,1,1,0,1,0
2020-05-12,Amador,005,37829,10,8,0,8,0
2020-05-12,Butte,007,227075,38,20,1,21,0
2020-05-12,Calaveras,009,45235,13,13,0,13,0
2020-05-12,Colusa,011,21464,3,3,0,3,0
2020-05-12,Contra Costa,013,1133247,1214,1067,1,1068,32
2020-05-12,Del Norte,015,27424,10,3,0,3,0
2020-05-12,El Dorado,017,186661,76,56,0,56,0
2020-05-12,Fresno,019,978130,1927,978,27,1005,9
2020-05-12,Glenn,021,27897,10,6,0,6,0
2020-05-12,Humboldt,023,135768,80,58,0,58,0
2020-05-12,Imperial,025,180216,1281,602,0,602,9
2020-05-12,Inyo,027,18085,19,20,0,20,1
2020-05-12,Kern,029,883053,1754,1363,3,1366,18
2020-05-12,Kings,031,150075,440,302,2,304,1
2020-05-12,Lake,033,64148,13,7,0,7,0
2020-05-12,Lassen,035,31185,4,0,2,2,0
2020-05-12,Los Angeles,037,10098052,41974,33281,18,33299,1601
2020-05-12,Madera,039,155013,138,69,1,70,2
2020-05-12,Marin,041,260295,302,274,1,275,14
2020-05-12,Mariposa,043,17540,15,15,0,15,0
2020-05-12,Mendocino,045,87422,13,10,0,10,0
2020-05-12,Merced,047,269075,276,175,0,175,3
2020-05-12,Modoc,049,8938,0,0,0,0,0
2020-05-12,Mono,051,14174,35,31,0,31,1
2020-05-12,Monterey,053,433212,376,298,1,299,6
2020-05-12,Napa,055,140530,101,80,0,80,3
2020-05-12,Nevada,057,99092,41,41,1,42,1
2020-05-12,Orange,059,3164182,5743,3843,46,3889,78
2020-05-12,Placer,061,380077,191,170,0,170,8
2020-05-12,Plumas,063,18699,4,4,0,4,0
2020-05-12,Riverside,065,2383286,6229,5134,18,5152,210
2020-05-12,Sacramento,067,1510023,1239,1166,0,1166,52
2020-05-12,San Benito,069,59416,62,55,0,55,2
2020-05-12,San Bernardino,071,2135413,3792,2997,3,3000,131
2020-05-12,San Diego,073,3302833,6206,3,0,3,0
2020-05-12,San Francisco,075,870044,2210,1981,0,1981,35
2020-05-12,San Joaquin,077,732212,719,625,3,628,30
2020-05-12,San Luis Obispo,079,281455,310,226,3,229,1
2020-05-12,San Mateo,081,765935,1815,1533,3,1536,66
2020-05-12,Santa Barbara,083,443738,1503,1377,9,1386,10
2020-05-12,Santa Clara,085,1922200,2953,2362,10,2372,131
2020-05-12,Santa Cruz,087,273765,165,141,0,141,2
2020-05-12,Shasta,089,179085,47,33,0,33,4
2020-05-12,Sierra,091,2930,0,0,0,0,0
2020-05-12,Siskiyou,093,43540,6,5,0,5,0
2020-05-12,Solano,095,438530,445,361,0,361,4
2020-05-12,Sonoma,097,501317,387,308,0,308,4
2020-05-12,Stanislaus,099,539301,596,515,4,519,15
2020-05-12,Sutter,101,95872,41,33,0,33,2
2020-05-12,Tehama,103,63373,3,1,0,1,1
2020-05-12,Trinity,105,12862,2,1,0,1,0
2020-05-12,Tulare,107,460477,1846,1261,7,1268,52
2020-05-12,Tuolumne,109,53932,3,2,0,2,0
2020-05-12,Ventura,111,848112,1064,718,5,723,20
2020-05-12,Yolo,113,214977,199,176,0,176,22
2020-05-12,Yuba,115,75493,24,19,0,19,1
2020-05-11,Alameda,001,1643700,2542,2103,3,2106,71
2020-05-11,Alpine,003,1148,1,1,0,1,0
2020-05-11,Amador,005,37829,10,8,0,8,0
2020-05-11,Butte,007,227075,37,19,1,20,0
2020-05-11,Calaveras,009,45235,13,13,0,13,0
2020-05-11,Colusa,011,21464,3,3,0,3,0
2020-05-11,Contra Costa,013,1133247,1200,1052,1,1053,32
2020-05-11,Del Norte,015,27424,8,3,0,3,0
2020-05-11,El Dorado,017,186661,76,55,0,55,0
2020-05-11,Fresno,019,978130,1835,937,26,963,8
2020-05-11,Glenn,021,27897,10,6,0,6,0
2020-05-11,Humboldt,023,135768,77,56,0,56,0
2020-05-11,Imperial,025,180216,1175,562,0,562,9
2020-05-11,Inyo,027,18085,19,20,0,20,1
2020-05-11,Kern,029,883053,1702,1331,3,1334,17
2020-05-11,Kings,031,150075,417,289,1,290,1
2020-05-11,Lake,033,64148,12,7,0,7,0
2020-05-11,Lassen,035,31185,4,0,2,2,0
2020-05-11,Los Angeles,037,10098052,40795,32279,18,32297,1553
2020-05-11,Madera,039,155013,129,68,1,69,2
2020-05-11,Marin,041,260295,293,271,1,272,14
2020-05-11,Mariposa,043,17540,15,15,0,15,0
2020-05-11,Mendocino,045,87422,13,10,0,10,0
2020-05-11,Merced,047,269075,261,158,0,158,3
2020-05-11,Modoc,049,8938,0,0,0,0,0
2020-05-11,Mono,051,14174,35,30,0,30,1
2020-05-11,Monterey,053,433212,373,286,1,287,6
2020-05-11,Napa,055,140530,95,79,0,79,2
2020-05-11,Nevada,057,99092,41,41,1,42,1
2020-05-11,Orange,059,3164182,5528,3699,39,3738,77
2020-05-11,Placer,061,380077,191,170,0,170,8
2020-05-11,Plumas,063,18699,4,4,0,4,0
2020-05-11,Riverside,065,2383286,6071,5082,17,5099,203
2020-05-11,Sacramento,067,1510023,1224,1160,0,1160,52
2020-05-11,San Benito,069,59416,60,52,0,52,2
2020-05-11,San Bernardino,071,2135413,3682,2945,3,2948,124
2020-05-11,San Diego,073,3302833,6053,5067,0,5067,175
2020-05-11,San Francisco,075,870044,2163,1974,0,1974,35
2020-05-11,San Joaquin,077,732212,709,620,3,623,30
2020-05-11,San Luis Obispo,079,281455,308,224,3,227,1
2020-05-11,San Mateo,081,765935,1789,1499,2,1501,66
2020-05-11,Santa Barbara,083,443738,1492,1372,8,1380,10
2020-05-11,Santa Clara,085,1922200,2936,2340,10,2350,129
2020-05-11,Santa Cruz,087,273765,162,140,0,140,2
2020-05-11,Shasta,089,179085,47,31,0,31,4
2020-05-11,Sierra,091,2930,0,0,0,0,0
2020-05-11,Siskiyou,093,43540,6,5,0,5,0
2020-05-11,Solano,095,438530,440,354,0,354,4
2020-05-11,Sonoma,097,501317,377,303,0,303,3
2020-05-11,Stanislaus,099,539301,586,507,4,511,14
2020-05-11,Sutter,101,95872,40,32,0,32,2
2020-05-11,Tehama,103,63373,3,1,0,1,1
2020-05-11,Trinity,105,12862,2,1,0,1,0
2020-05-11,Tulare,107,460477,1797,1203,7,1210,49
2020-05-11,Tuolumne,109,53932,3,2,0,2,0
2020-05-11,Ventura,111,848112,1003,698,4,702,19
2020-05-11,Yolo,113,214977,199,174,0,174,20
2020-05-11,Yuba,115,75493,24,18,0,18,1
2020-05-10,Alameda,001,1643700,2465,2047,3,2050,71
2020-05-10,Alpine,003,1148,1,1,0,1,0
2020-05-10,Amador,005,37829,10,8,0,8,0
2020-05-10,Butte,007,227075,32,18,1,19,0
2020-05-10,Calaveras,009,45235,13,13,0,13,0
2020-05-10,Colusa,011,21464,3,3,0,3,0
2020-05-10,Contra Costa,013,1133247,1186,1046,0,1046,31
2020-05-10,Del Norte,015,27424,7,3,0,3,0
2020-05-10,El Dorado,017,186661,76,55,0,55,0
2020-05-10,Fresno,019,978130,1750,894,26,920,8
2020-05-10,Glenn,021,27897,10,6,0,6,0
2020-05-10,Humboldt,023,135768,73,56,0,56,0
2020-05-10,Imperial,025,180216,1080,509,0,509,7
2020-05-10,Inyo,027,18085,19,20,0,20,1
2020-05-10,Kern,029,883053,1651,1300,2,1302,16
2020-05-10,Kings,031,150075,404,266,1,267,1
2020-05-10,Lake,033,64148,12,7,0,7,0
2020-05-10,Lassen,035,31185,4,0,2,2,0
2020-05-10,Los Angeles,037,10098052,39537,31711,18,31729,1514
2020-05-10,Madera,039,155013,127,65,1,66,2
2020-05-10,Marin,041,260295,285,267,1,268,14
2020-05-10,Mariposa,043,17540,15,15,0,15,0
2020-05-10,Mendocino,045,87422,12,10,0,10,0
2020-05-10,Merced,047,269075,246,154,0,154,3
2020-05-10,Modoc,049,8938,0,0,0,0,0
2020-05-10,Mono,051,14174,35,27,0,27,1
2020-05-10,Monterey,053,433212,359,282,1,283,6
2020-05-10,Napa,055,140530,89,79,0,79,2
2020-05-10,Nevada,057,99092,41,41,1,42,1
2020-05-10,Orange,059,3164182,5385,3627,39,3666,76
2020-05-10,Placer,061,380077,190,168,0,168,8
2020-05-10,Plumas,063,18699,4,4,0,4,0
2020-05-10,Riverside,065,2383286,5949,4951,17,4968,193
2020-05-10,Sacramento,067,1510023,1208,1152,0,1152,52
2020-05-10,San Benito,069,59416,60,52,0,52,2
2020-05-10,San Bernardino,071,2135413,3584,2910,3,2913,121
2020-05-10,San Diego,073,3302833,5901,4928,0,4928,175
2020-05-10,San Francisco,075,870044,2145,1953,0,1953,35
2020-05-10,San Joaquin,077,732212,694,611,3,614,29
2020-05-10,San Luis Obispo,079,281455,305,218,3,221,1
2020-05-10,San Mateo,081,765935,1767,1463,2,1465,65
2020-05-10,Santa Barbara,083,443738,1481,1323,8,1331,10
2020-05-10,Santa Clara,085,1922200,2909,2331,10,2341,129
2020-05-10,Santa Cruz,087,273765,161,139,0,139,2
2020-05-10,Shasta,089,179085,47,31,0,31,4
2020-05-10,Sierra,091,2930,0,0,0,0,0
2020-05-10,Siskiyou,093,43540,5,5,0,5,0
2020-05-10,Solano,095,438530,430,322,0,322,4
2020-05-10,Sonoma,097,501317,367,290,0,290,3
2020-05-10,Stanislaus,099,539301,579,498,4,502,14
2020-05-10,Sutter,101,95872,37,31,0,31,2
2020-05-10,Tehama,103,63373,3,1,0,1,1
2020-05-10,Trinity,105,12862,2,1,0,1,0
2020-05-10,Tulare,107,460477,1726,1143,7,1150,47
2020-05-10,Tuolumne,109,53932,3,2,0,2,0
2020-05-10,Ventura,111,848112,945,690,2,692,19
2020-05-10,Yolo,113,214977,199,173,0,173,20
2020-05-10,Yuba,115,75493,23,17,0,17,1
2020-05-09,Alameda,001,1643700,2422,2011,3,2014,71
2020-05-09,Alpine,003,1148,1,1,0,1,0
2020-05-09,Amador,005,37829,9,8,0,8,0
2020-05-09,Butte,007,227075,31,18,1,19,0
2020-05-09,Calaveras,009,45235,13,13,0,13,0
2020-05-09,Colusa,011,21464,3,3,0,3,0
2020-05-09,Contra Costa,013,1133247,1172,1039,0,1039,31
2020-05-09,Del Norte,015,27424,7,3,0,3,0
2020-05-09,El Dorado,017,186661,73,54,0,54,0
2020-05-09,Fresno,019,978130,1712,861,25,886,8
2020-05-09,Glenn,021,27897,9,6,0,6,0
2020-05-09,Humboldt,023,135768,71,55,0,55,0
2020-05-09,Imperial,025,180216,1024,474,0,474,7
2020-05-09,Inyo,027,18085,19,20,0,20,1
2020-05-09,Kern,029,883053,1615,1262,1,1263,15
2020-05-09,Kings,031,150075,399,264,1,265,1
2020-05-09,Lake,033,64148,12,7,0,7,0
2020-05-09,Lassen,035,31185,4,0,2,2,0
2020-05-09,Los Angeles,037,10098052,38915,31268,18,31286,1499
2020-05-09,Madera,039,155013,126,61,1,62,2
2020-05-09,Marin,041,260295,284,261,1,262,14
2020-05-09,Mariposa,043,17540,15,15,0,15,0
2020-05-09,Mendocino,045,87422,12,10,0,10,0
2020-05-09,Merced,047,269075,242,153,0,153,3
2020-05-09,Modoc,049,8938,0,0,0,0,0
2020-05-09,Mono,051,14174,35,27,0,27,1
2020-05-09,Monterey,053,433212,352,273,0,273,6
2020-05-09,Napa,055,140530,88,78,0,78,2
2020-05-09,Nevada,057,99092,41,41,1,42,1
2020-05-09,Orange,059,3164182,5303,3506,38,3544,75
2020-05-09,Placer,061,380077,189,168,0,168,8
2020-05-09,Plumas,063,18699,4,4,0,4,0
2020-05-09,Riverside,065,2383286,5854,4871,17,4888,183
2020-05-09,Sacramento,067,1510023,1204,1150,0,1150,52
2020-05-09,San Benito,069,59416,59,52,0,52,2
2020-05-09,San Bernardino,071,2135413,3528,2825,3,2828,121
2020-05-09,San Diego,073,3302833,5789,4778,0,4778,175
2020-05-09,San Francisco,075,870044,2130,1944,0,1944,34
2020-05-09,San Joaquin,077,732212,685,605,3,608,28
2020-05-09,San Luis Obispo,079,281455,301,213,3,216,1
2020-05-09,San Mateo,081,765935,1748,1453,2,1455,65
2020-05-09,Santa Barbara,083,443738,1473,1245,8,1253,10
2020-05-09,Santa Clara,085,1922200,2895,2317,10,2327,128
2020-05-09,Santa Cruz,087,273765,160,138,0,138,2
2020-05-09,Shasta,089,179085,47,31,0,31,4
2020-05-09,Sierra,091,2930,0,0,0,0,0
2020-05-09,Siskiyou,093,43540,5,5,0,5,0
2020-05-09,Solano,095,438530,424,321,0,321,4
2020-05-09,Sonoma,097,501317,363,288,0,288,3
2020-05-09,Stanislaus,099,539301,571,491,4,495,12
2020-05-09,Sutter,101,95872,37,31,0,31,2
2020-05-09,Tehama,103,63373,2,1,0,1,1
2020-05-09,Trinity,105,12862,2,1,0,1,0
2020-05-09,Tulare,107,460477,1698,1083,7,1090,47
2020-05-09,Tuolumne,109,53932,3,2,0,2,0
2020-05-09,Ventura,111,848112,924,679,2,681,19
2020-05-09,Yolo,113,214977,199,172,0,172,18
2020-05-09,Yuba,115,75493,23,17,0,17,1
2020-05-08,Alameda,001,1643700,2379,1955,3,1958,70
2020-05-08,Alpine,003,1148,1,1,0,1,0
2020-05-08,Amador,005,37829,9,8,0,8,0
2020-05-08,Butte,007,227075,31,18,1,19,0
2020-05-08,Calaveras,009,45235,13,13,0,13,0
2020-05-08,Colusa,011,21464,3,3,0,3,0
2020-05-08,Contra Costa,013,1133247,1160,1024,0,1024,29
2020-05-08,Del Norte,015,27424,7,3,0,3,0
2020-05-08,El Dorado,017,186661,72,54,0,54,0
2020-05-08,Fresno,019,978130,1670,838,23,861,8
2020-05-08,Glenn,021,27897,8,6,0,6,0
2020-05-08,Humboldt,023,135768,68,54,0,54,0
2020-05-08,Imperial,025,180216,979,467,0,467,7
2020-05-08,Inyo,027,18085,19,20,0,20,1
2020-05-08,Kern,029,883053,1584,1214,1,1215,13
2020-05-08,Kings,031,150075,390,236,1,237,1
2020-05-08,Lake,033,64148,12,7,0,7,0
2020-05-08,Lassen,035,31185,4,0,2,2,0
2020-05-08,Los Angeles,037,10098052,38182,30357,18,30375,1447
2020-05-08,Madera,039,155013,123,57,1,58,2
2020-05-08,Marin,041,260295,284,257,1,258,14
2020-05-08,Mariposa,043,17540,15,15,0,15,0
2020-05-08,Mendocino,045,87422,12,10,0,10,0
2020-05-08,Merced,047,269075,241,151,0,151,3
2020-05-08,Modoc,049,8938,0,0,0,0,0
2020-05-08,Mono,051,14174,32,27,0,27,1
2020-05-08,Monterey,053,433212,344,265,0,265,6
2020-05-08,Napa,055,140530,87,78,0,78,2
2020-05-08,Nevada,057,99092,41,41,1,42,1
2020-05-08,Orange,059,3164182,5157,3395,38,3433,72
2020-05-08,Placer,061,380077,187,166,0,166,8
2020-05-08,Plumas,063,18699,4,4,0,4,0
2020-05-08,Riverside,065,2383286,5754,4672,16,4688,181
2020-05-08,Sacramento,067,1510023,1199,1145,0,1145,51
2020-05-08,San Benito,069,59416,59,51,0,51,2
2020-05-08,San Bernardino,071,2135413,3480,2631,3,2634,119
2020-05-08,San Diego,073,3302833,5682,4664,0,4664,169
2020-05-08,San Francisco,075,870044,2112,1890,0,1890,33
2020-05-08,San Joaquin,077,732212,678,595,3,598,28
2020-05-08,San Luis Obispo,079,281455,298,210,3,213,1
2020-05-08,San Mateo,081,765935,1663,1423,2,1425,62
2020-05-08,Santa Barbara,083,443738,1464,1054,6,1060,8
2020-05-08,Santa Clara,085,1922200,2872,2285,10,2295,128
2020-05-08,Santa Cruz,087,273765,156,137,0,137,2
2020-05-08,Shasta,089,179085,47,31,0,31,4
2020-05-08,Sierra,091,2930,0,0,0,0,0
2020-05-08,Siskiyou,093,43540,5,5,0,5,0
2020-05-08,Solano,095,438530,419,314,0,314,4
2020-05-08,Sonoma,097,501317,358,285,0,285,3
2020-05-08,Stanislaus,099,539301,557,487,4,491,12
2020-05-08,Sutter,101,95872,37,30,0,30,2
2020-05-08,Tehama,103,63373,2,1,0,1,1
2020-05-08,Trinity,105,12862,2,0,0,0,0
2020-05-08,Tulare,107,460477,1653,1050,6,1056,43
2020-05-08,Tuolumne,109,53932,3,2,0,2,0
2020-05-08,Ventura,111,848112,906,665,2,667,19
2020-05-08,Yolo,113,214977,198,172,0,172,18
2020-05-08,Yuba,115,75493,22,16,0,16,1
2020-05-07,Alameda,001,1643700,2319,1914,3,1917,68
2020-05-07,Alpine,003,1148,1,1,0,1,0
2020-05-07,Amador,005,37829,9,8,0,8,0
2020-05-07,Butte,007,227075,31,19,1,20,0
2020-05-07,Calaveras,009,45235,13,13,0,13,0
2020-05-07,Colusa,011,21464,3,3,0,3,0
2020-05-07,Contra Costa,013,1133247,1146,1005,0,1005,29
2020-05-07,Del Norte,015,27424,6,3,0,3,0
2020-05-07,El Dorado,017,186661,71,54,0,54,0
2020-05-07,Fresno,019,978130,1584,812,22,834,8
2020-05-07,Glenn,021,27897,8,5,0,5,0
2020-05-07,Humboldt,023,135768,67,54,0,54,0
2020-05-07,Imperial,025,180216,916,442,0,442,6
2020-05-07,Inyo,027,18085,19,20,0,20,1
2020-05-07,Kern,029,883053,1540,1176,1,1177,13
2020-05-07,Kings,031,150075,367,219,1,220,1
2020-05-07,Lake,033,64148,11,7,0,7,0
2020-05-07,Lassen,035,31185,4,0,2,2,0
2020-05-07,Los Angeles,037,10098052,37061,29544,18,29562,1399
2020-05-07,Madera,039,155013,119,54,1,55,2
2020-05-07,Marin,041,260295,277,252,1,253,14
2020-05-07,Mariposa,043,17540,15,15,0,15,0
2020-05-07,Mendocino,045,87422,12,10,0,10,0
2020-05-07,Merced,047,269075,233,146,0,146,3
2020-05-07,Modoc,049,8938,0,0,0,0,0
2020-05-07,Mono,051,14174,32,26,0,26,1
2020-05-07,Monterey,053,433212,336,249,0,249,6
2020-05-07,Napa,055,140530,87,78,0,78,2
2020-05-07,Nevada,057,99092,41,41,1,42,1
2020-05-07,Orange,059,3164182,4972,3283,37,3320,69
2020-05-07,Placer,061,380077,187,165,0,165,8
2020-05-07,Plumas,063,18699,4,4,0,4,0
2020-05-07,Riverside,065,2383286,5638,4608,16,4624,170
2020-05-07,Sacramento,067,1510023,1193,1139,0,1139,50
2020-05-07,San Benito,069,59416,59,50,0,50,2
2020-05-07,San Bernardino,071,2135413,3388,2522,3,2525,115
2020-05-07,San Diego,073,3302833,5525,4431,0,4431,165
2020-05-07,San Francisco,075,870044,2081,1852,0,1852,33
2020-05-07,San Joaquin,077,732212,665,583,3,586,28
2020-05-07,San Luis Obispo,079,281455,287,209,3,212,1
2020-05-07,San Mateo,081,765935,1641,1398,2,1400,58
2020-05-07,Santa Barbara,083,443738,1437,720,5,725,8
2020-05-07,Santa Clara,085,1922200,2834,2281,10,2291,127
2020-05-07,Santa Cruz,087,273765,153,136,0,136,2
2020-05-07,Shasta,089,179085,46,31,0,31,4
2020-05-07,Sierra,091,2930,0,0,0,0,0
2020-05-07,Siskiyou,093,43540,5,5,0,5,0
2020-05-07,Solano,095,438530,413,307,0,307,4
2020-05-07,Sonoma,097,501317,346,282,0,282,3
2020-05-07,Stanislaus,099,539301,548,466,4,470,10
2020-05-07,Sutter,101,95872,37,29,0,29,2
2020-05-07,Tehama,103,63373,2,1,0,1,1
2020-05-07,Trinity,105,12862,2,0,0,0,0
2020-05-07,Tulare,107,460477,1585,1001,6,1007,41
2020-05-07,Tuolumne,109,53932,3,2,0,2,0
2020-05-07,Ventura,111,848112,882,647,1,648,19
2020-05-07,Yolo,113,214977,197,172,0,172,18
2020-05-07,Yuba,115,75493,22,16,0,16,1
2020-05-06,Alameda,001,1643700,2281,1864,3,1867,67
2020-05-06,Alpine,003,1148,1,1,0,1,0
2020-05-06,Amador,005,37829,9,8,0,8,0
2020-05-06,Butte,007,227075,30,19,1,20,0
2020-05-06,Calaveras,009,45235,13,13,0,13,0
2020-05-06,Colusa,011,21464,3,3,0,3,0
2020-05-06,Contra Costa,013,1133247,1125,990,0,990,29
2020-05-06,Del Norte,015,27424,6,3,0,3,0
2020-05-06,El Dorado,017,186661,69,53,0,53,0
2020-05-06,Fresno,019,978130,1521,773,20,793,8
2020-05-06,Glenn,021,27897,8,3,0,3,0
2020-05-06,Humboldt,023,135768,66,54,0,54,0
2020-05-06,Imperial,025,180216,848,399,0,399,6
2020-05-06,Inyo,027,18085,19,20,0,20,1
2020-05-06,Kern,029,883053,1484,1112,1,1113,12
2020-05-06,Kings,031,150075,349,208,1,209,1
2020-05-06,Lake,033,64148,11,7,0,7,0
2020-05-06,Lassen,035,31185,4,0,2,2,0
2020-05-06,Los Angeles,037,10098052,36055,28687,18,28705,1347
2020-05-06,Madera,039,155013,117,55,1,56,2
2020-05-06,Marin,041,260295,270,244,1,245,14
2020-05-06,Mariposa,043,17540,15,14,0,14,0
2020-05-06,Mendocino,045,87422,12,10,0,10,0
2020-05-06,Merced,047,269075,226,140,0,140,3
2020-05-06,Modoc,049,8938,0,0,0,0,0
2020-05-06,Mono,051,14174,32,26,0,26,1
2020-05-06,Monterey,053,433212,328,246,0,246,6
2020-05-06,Napa,055,140530,86,78,0,78,2
2020-05-06,Nevada,057,99092,41,41,1,42,1
2020-05-06,Orange,059,3164182,4788,3156,36,3192,66
2020-05-06,Placer,061,380077,184,164,0,164,8
2020-05-06,Plumas,063,18699,4,4,0,4,0
2020-05-06,Riverside,065,2383286,5494,4535,16,4551,163
2020-05-06,Sacramento,067,1510023,1187,1135,0,1135,49
2020-05-06,San Benito,069,59416,58,50,0,50,2
2020-05-06,San Bernardino,071,2135413,3266,2426,2,2428,110
2020-05-06,San Diego,073,3302833,5392,4321,0,4321,158
2020-05-06,San Francisco,075,870044,2056,1804,0,1804,32
2020-05-06,San Joaquin,077,732212,652,581,3,584,28
2020-05-06,San Luis Obispo,079,281455,284,207,3,210,1
2020-05-06,San Mateo,081,765935,1610,1348,2,1350,57
2020-05-06,Santa Barbara,083,443738,1396,565,4,569,8
2020-05-06,Santa Clara,085,1922200,2817,2270,9,2279,127
2020-05-06,Santa Cruz,087,273765,149,135,0,135,2
2020-05-06,Shasta,089,179085,45,31,0,31,4
2020-05-06,Sierra,091,2930,0,0,0,0,0
2020-05-06,Siskiyou,093,43540,5,5,0,5,0
2020-05-06,Solano,095,438530,403,300,0,300,4
2020-05-06,Sonoma,097,501317,330,269,0,269,3
2020-05-06,Stanislaus,099,539301,532,434,4,438,9
2020-05-06,Sutter,101,95872,37,29,0,29,2
2020-05-06,Tehama,103,63373,2,1,0,1,1
2020-05-06,Trinity,105,12862,2,0,0,0,0
2020-05-06,Tulare,107,460477,1537,963,6,969,40
2020-05-06,Tuolumne,109,53932,3,2,0,2,0
2020-05-06,Ventura,111,848112,855,619,1,620,19
2020-05-06,Yolo,113,214977,196,172,0,172,18
2020-05-06,Yuba,115,75493,22,15,0,15,1
2020-05-05,Alameda,001,1643700,2238,1819,3,1822,67
2020-05-05,Alpine,003,1148,1,1,0,1,0
2020-05-05,Amador,005,37829,9,8,0,8,0
2020-05-05,Butte,007,227075,29,19,1,20,0
2020-05-05,Calaveras,009,45235,13,13,0,13,0
2020-05-05,Colusa,011,21464,3,3,0,3,0
2020-05-05,Contra Costa,013,1133247,1107,976,0,976,29
2020-05-05,Del Norte,015,27424,6,3,0,3,0
2020-05-05,El Dorado,017,186661,67,54,0,54,0
2020-05-05,Fresno,019,978130,1448,726,18,744,8
2020-05-05,Glenn,021,27897,8,3,0,3,0
2020-05-05,Humboldt,023,135768,63,54,0,54,0
2020-05-05,Imperial,025,180216,793,389,0,389,6
2020-05-05,Inyo,027,18085,19,20,0,20,1
2020-05-05,Kern,029,883053,1432,1084,1,1085,11
2020-05-05,Kings,031,150075,331,187,1,188,1
2020-05-05,Lake,033,64148,10,7,0,7,0
2020-05-05,Lassen,035,31185,4,0,2,2,0
2020-05-05,Los Angeles,037,10098052,34983,27867,18,27885,1289
2020-05-05,Madera,039,155013,113,53,1,54,2
2020-05-05,Marin,041,260295,264,244,1,245,14
2020-05-05,Mariposa,043,17540,15,14,0,14,0
2020-05-05,Mendocino,045,87422,12,10,0,10,0
2020-05-05,Merced,047,269075,221,141,0,141,3
2020-05-05,Modoc,049,8938,0,0,0,0,0
2020-05-05,Mono,051,14174,32,25,0,25,1
2020-05-05,Monterey,053,433212,314,240,0,240,6
2020-05-05,Napa,055,140530,86,74,0,74,2
2020-05-05,Nevada,057,99092,41,41,1,42,1
2020-05-05,Orange,059,3164182,4664,3041,36,3077,63
2020-05-05,Placer,061,380077,184,162,0,162,8
2020-05-05,Plumas,063,18699,4,4,0,4,0
2020-05-05,Riverside,065,2383286,5384,4309,16,4325,161
2020-05-05,Sacramento,067,1510023,1180,1125,0,1125,48
2020-05-05,San Benito,069,59416,57,50,0,50,2
2020-05-05,San Bernardino,071,2135413,3173,2345,2,2347,104
2020-05-05,San Diego,073,3302833,5249,4162,0,4162,150
2020-05-05,San Francisco,075,870044,2021,1779,0,1779,31
2020-05-05,San Joaquin,077,732212,643,577,3,580,26
2020-05-05,San Luis Obispo,079,281455,282,203,3,206,1
2020-05-05,San Mateo,081,765935,1578,1335,2,1337,56
2020-05-05,Santa Barbara,083,443738,1175,541,4,545,7
2020-05-05,Santa Clara,085,1922200,2771,2249,8,2257,124
2020-05-05,Santa Cruz,087,273765,146,134,0,134,2
2020-05-05,Shasta,089,179085,44,31,0,31,4
2020-05-05,Sierra,091,2930,0,0,0,0,0
2020-05-05,Siskiyou,093,43540,5,5,0,5,0
2020-05-05,Solano,095,438530,387,299,0,299,4
2020-05-05,Sonoma,097,501317,327,263,0,263,3
2020-05-05,Stanislaus,099,539301,520,430,4,434,9
2020-05-05,Sutter,101,95872,36,29,0,29,2
2020-05-05,Tehama,103,63373,2,1,0,1,1
2020-05-05,Trinity,105,12862,2,0,0,0,0
2020-05-05,Tulare,107,460477,1439,869,6,875,40
2020-05-05,Tuolumne,109,53932,3,2,0,2,0
2020-05-05,Ventura,111,848112,831,607,1,608,19
2020-05-05,Yolo,113,214977,194,171,0,171,18
2020-05-05,Yuba,115,75493,22,15,0,15,1
2020-05-04,Alameda,001,1643700,2179,1762,3,1765,65
2020-05-04,Alpine,003,1148,1,1,0,1,0
2020-05-04,Amador,005,37829,8,8,0,8,0
2020-05-04,Butte,007,227075,28,16,1,17,0
2020-05-04,Calaveras,009,45235,13,13,0,13,0
2020-05-04,Colusa,011,21464,3,3,0,3,0
2020-05-04,Contra Costa,013,1133247,1089,949,0,949,28
2020-05-04,Del Norte,015,27424,5,3,0,3,0
2020-05-04,El Dorado,017,186661,66,51,0,51,0
2020-05-04,Fresno,019,978130,1378,680,17,697,8
2020-05-04,Glenn,021,27897,8,4,0,4,0
2020-05-04,Humboldt,023,135768,61,54,0,54,0
2020-05-04,Imperial,025,180216,741,351,0,351,6
2020-05-04,Inyo,027,18085,19,20,0,20,1
2020-05-04,Kern,029,883053,1390,1047,1,1048,8
2020-05-04,Kings,031,150075,314,153,1,154,1
2020-05-04,Lake,033,64148,9,7,0,7,0
2020-05-04,Lassen,035,31185,3,0,2,2,0
2020-05-04,Los Angeles,037,10098052,33686,26243,16,26259,1235
2020-05-04,Madera,039,155013,110,52,1,53,2
2020-05-04,Marin,041,260295,259,244,1,245,13
2020-05-04,Mariposa,043,17540,15,13,0,13,0
2020-05-04,Mendocino,045,87422,12,10,0,10,0
2020-05-04,Merced,047,269075,221,138,0,138,3
2020-05-04,Modoc,049,8938,0,0,0,0,0
2020-05-04,Mono,051,14174,32,25,0,25,1
2020-05-04,Monterey,053,433212,303,237,0,237,6
2020-05-04,Napa,055,140530,86,72,0,72,2
2020-05-04,Nevada,057,99092,41,41,1,42,1
2020-05-04,Orange,059,3164182,4526,2931,33,2964,57
2020-05-04,Placer,061,380077,182,162,0,162,8
2020-05-04,Plumas,063,18699,4,4,0,4,0
2020-05-04,Riverside,065,2383286,5290,4221,16,4237,147
2020-05-04,Sacramento,067,1510023,1170,1119,0,1119,44
2020-05-04,San Benito,069,59416,55,49,0,49,2
2020-05-04,San Bernardino,071,2135413,3033,2184,2,2186,99
2020-05-04,San Diego,073,3302833,5108,4022,0,4022,144
2020-05-04,San Francisco,075,870044,1983,1760,0,1760,31
2020-05-04,San Joaquin,077,732212,629,574,3,577,26
2020-05-04,San Luis Obispo,079,281455,279,202,3,205,1
2020-05-04,San Mateo,081,765935,1553,1313,2,1315,53
2020-05-04,Santa Barbara,083,443738,927,524,4,528,7
2020-05-04,Santa Clara,085,1922200,2756,2238,8,2246,119
2020-05-04,Santa Cruz,087,273765,145,133,0,133,2
2020-05-04,Shasta,089,179085,42,31,0,31,4
2020-05-04,Sierra,091,2930,0,0,0,0,0
2020-05-04,Siskiyou,093,43540,5,5,0,5,0
2020-05-04,Solano,095,438530,373,293,0,293,4
2020-05-04,Sonoma,097,501317,313,256,0,256,4
2020-05-04,Stanislaus,099,539301,514,422,4,426,8
2020-05-04,Sutter,101,95872,33,28,0,28,2
2020-05-04,Tehama,103,63373,2,1,0,1,1
2020-05-04,Trinity,105,12862,1,0,0,0,0
2020-05-04,Tulare,107,460477,1360,760,6,766,40
2020-05-04,Tuolumne,109,53932,3,3,0,3,0
2020-05-04,Ventura,111,848112,810,590,1,591,19
2020-05-04,Yolo,113,214977,193,171,0,171,18
2020-05-04,Yuba,115,75493,19,16,0,16,1
2020-05-03,Alameda,001,1643700,2122,1731,3,1734,64
2020-05-03,Alpine,003,1148,1,1,0,1,0
2020-05-03,Amador,005,37829,8,8,0,8,0
2020-05-03,Butte,007,227075,28,17,1,18,0
2020-05-03,Calaveras,009,45235,13,13,0,13,0
2020-05-03,Colusa,011,21464,3,3,0,3,0
2020-05-03,Contra Costa,013,1133247,1073,945,0,945,28
2020-05-03,Del Norte,015,27424,5,3,0,3,0
2020-05-03,El Dorado,017,186661,64,49,0,49,0
2020-05-03,Fresno,019,978130,1286,646,15,661,8
2020-05-03,Glenn,021,27897,7,5,0,5,0
2020-05-03,Humboldt,023,135768,60,54,0,54,0
2020-05-03,Imperial,025,180216,685,351,0,351,6
2020-05-03,Inyo,027,18085,19,20,0,20,1
2020-05-03,Kern,029,883053,1335,1025,1,1026,8
2020-05-03,Kings,031,150075,294,137,1,138,1
2020-05-03,Lake,033,64148,9,7,0,7,0
2020-05-03,Lassen,035,31185,3,0,2,2,0
2020-05-03,Los Angeles,037,10098052,32701,25708,16,25724,1210
2020-05-03,Madera,039,155013,103,46,1,47,2
2020-05-03,Marin,041,260295,254,243,1,244,13
2020-05-03,Mariposa,043,17540,15,13,0,13,0
2020-05-03,Mendocino,045,87422,12,10,0,10,0
2020-05-03,Merced,047,269075,213,134,0,134,3
2020-05-03,Modoc,049,8938,0,0,0,0,0
2020-05-03,Mono,051,14174,32,25,0,25,1
2020-05-03,Monterey,053,433212,294,235,0,235,6
2020-05-03,Napa,055,140530,86,72,0,72,2
2020-05-03,Nevada,057,99092,41,41,1,42,1
2020-05-03,Orange,059,3164182,4352,2859,32,2891,55
2020-05-03,Placer,061,380077,182,161,0,161,8
2020-05-03,Plumas,063,18699,4,4,0,4,0
2020-05-03,Riverside,065,2383286,5185,4034,16,4050,139
2020-05-03,Sacramento,067,1510023,1161,1109,0,1109,43
2020-05-03,San Benito,069,59416,55,49,0,49,2
2020-05-03,San Bernardino,071,2135413,2972,2123,2,2125,99
2020-05-03,San Diego,073,3302833,4970,3929,0,3929,142
2020-05-03,San Francisco,075,870044,1954,1692,0,1692,30
2020-05-03,San Joaquin,077,732212,622,570,3,573,26
2020-05-03,San Luis Obispo,079,281455,276,200,3,203,1
2020-05-03,San Mateo,081,765935,1525,1277,2,1279,53
2020-05-03,Santa Barbara,083,443738,568,512,4,516,7
2020-05-03,Santa Clara,085,1922200,2719,2235,8,2243,116
2020-05-03,Santa Cruz,087,273765,145,133,0,133,2
2020-05-03,Shasta,089,179085,40,31,0,31,4
2020-05-03,Sierra,091,2930,0,0,0,0,0
2020-05-03,Siskiyou,093,43540,5,5,0,5,0
2020-05-03,Solano,095,438530,363,266,0,266,4
2020-05-03,Sonoma,097,501317,304,254,0,254,4
2020-05-03,Stanislaus,099,539301,486,411,4,415,8
2020-05-03,Sutter,101,95872,31,28,0,28,2
2020-05-03,Tehama,103,63373,2,1,0,1,1
2020-05-03,Trinity,105,12862,1,0,0,0,0
2020-05-03,Tulare,107,460477,1281,736,6,742,40
2020-05-03,Tuolumne,109,53932,3,3,0,3,0
2020-05-03,Ventura,111,848112,776,583,1,584,19
2020-05-03,Yolo,113,214977,192,171,0,171,18
2020-05-03,Yuba,115,75493,19,16,0,16,1
2020-05-02,Alameda,001,1643700,2085,1678,3,1681,63
2020-05-02,Alpine,003,1148,1,1,0,1,0
2020-05-02,Amador,005,37829,8,8,0,8,0
2020-05-02,Butte,007,227075,28,17,1,18,0
2020-05-02,Calaveras,009,45235,13,13,0,13,0
2020-05-02,Colusa,011,21464,3,3,0,3,0
2020-05-02,Contra Costa,013,1133247,1055,929,0,929,28
2020-05-02,Del Norte,015,27424,5,3,0,3,0
2020-05-02,El Dorado,017,186661,64,47,0,47,0
2020-05-02,Fresno,019,978130,1260,629,14,643,8
2020-05-02,Glenn,021,27897,7,5,0,5,0
2020-05-02,Humboldt,023,135768,60,54,0,54,0
2020-05-02,Imperial,025,180216,658,345,0,345,6
2020-05-02,Inyo,027,18085,19,20,0,20,1
2020-05-02,Kern,029,883053,1309,1007,1,1008,8
2020-05-02,Kings,031,150075,291,120,1,121,1
2020-05-02,Lake,033,64148,9,7,0,7,0
2020-05-02,Lassen,035,31185,3,0,2,2,0
2020-05-02,Los Angeles,037,10098052,32172,24955,16,24971,1192
2020-05-02,Madera,039,155013,103,46,1,47,2
2020-05-02,Marin,041,260295,253,243,1,244,13
2020-05-02,Mariposa,043,17540,15,13,0,13,0
2020-05-02,Mendocino,045,87422,12,10,0,10,0
2020-05-02,Merced,047,269075,210,131,0,131,3
2020-05-02,Modoc,049,8938,0,0,0,0,0
2020-05-02,Mono,051,14174,32,25,0,25,1
2020-05-02,Monterey,053,433212,288,225,0,225,5
2020-05-02,Napa,055,140530,86,71,0,71,2
2020-05-02,Nevada,057,99092,41,41,1,42,1
2020-05-02,Orange,059,3164182,4238,2774,32,2806,52
2020-05-02,Placer,061,380077,180,150,0,150,8
2020-05-02,Plumas,063,18699,4,4,0,4,0
2020-05-02,Riverside,065,2383286,5119,3997,16,4013,137
2020-05-02,Sacramento,067,1510023,1158,1097,0,1097,43
2020-05-02,San Benito,069,59416,55,49,0,49,2
2020-05-02,San Bernardino,071,2135413,2933,2124,2,2126,99
2020-05-02,San Diego,073,3302833,4868,3844,0,3844,138
2020-05-02,San Francisco,075,870044,1931,1632,0,1632,29
2020-05-02,San Joaquin,077,732212,614,559,3,562,25
2020-05-02,San Luis Obispo,079,281455,270,193,3,196,1
2020-05-02,San Mateo,081,765935,1509,1272,2,1274,52
2020-05-02,Santa Barbara,083,443738,560,506,4,510,7
2020-05-02,Santa Clara,085,1922200,2709,2203,8,2211,115
2020-05-02,Santa Cruz,087,273765,144,131,0,131,2
2020-05-02,Shasta,089,179085,40,31,0,31,4
2020-05-02,Sierra,091,2930,0,0,0,0,0
2020-05-02,Siskiyou,093,43540,5,5,0,5,0
2020-05-02,Solano,095,438530,356,267,0,267,4
2020-05-02,Sonoma,097,501317,301,250,0,250,3
2020-05-02,Stanislaus,099,539301,478,388,4,392,8
2020-05-02,Sutter,101,95872,31,28,0,28,2
2020-05-02,Tehama,103,63373,2,1,0,1,1
2020-05-02,Trinity,105,12862,1,0,0,0,0
2020-05-02,Tulare,107,460477,1238,711,6,717,35
2020-05-02,Tuolumne,109,53932,3,3,0,3,0
2020-05-02,Ventura,111,848112,762,564,1,565,19
2020-05-02,Yolo,113,214977,192,169,0,169,17
2020-05-02,Yuba,115,75493,19,16,0,16,1
2020-05-01,Alameda,001,1643700,2048,1630,3,1633,63
2020-05-01,Alpine,003,1148,1,1,0,1,0
2020-05-01,Amador,005,37829,8,8,0,8,0
2020-05-01,Butte,007,227075,28,17,1,18,0
2020-05-01,Calaveras,009,45235,13,13,0,13,0
2020-05-01,Colusa,011,21464,3,3,0,3,0
2020-05-01,Contra Costa,013,1133247,1041,915,0,915,28
2020-05-01,Del Norte,015,27424,5,3,0,3,0
2020-05-01,El Dorado,017,186661,64,47,0,47,0
2020-05-01,Fresno,019,978130,1229,617,14,631,7
2020-05-01,Glenn,021,27897,7,4,0,4,0
2020-05-01,Humboldt,023,135768,60,54,0,54,0
2020-05-01,Imperial,025,180216,621,337,0,337,6
2020-05-01,Inyo,027,18085,19,20,0,20,1
2020-05-01,Kern,029,883053,1282,972,1,973,8
2020-05-01,Kings,031,150075,274,112,1,113,1
2020-05-01,Lake,033,64148,9,6,0,6,0
2020-05-01,Lassen,035,31185,3,0,2,2,0
2020-05-01,Los Angeles,037,10098052,31416,24306,16,24322,1155
2020-05-01,Madera,039,155013,99,46,1,47,2
2020-05-01,Marin,041,260295,253,242,1,243,13
2020-05-01,Mariposa,043,17540,15,10,0,10,0
2020-05-01,Mendocino,045,87422,12,11,0,11,0
2020-05-01,Merced,047,269075,207,131,0,131,3
2020-05-01,Modoc,049,8938,0,0,0,0,0
2020-05-01,Mono,051,14174,32,25,0,25,1
2020-05-01,Monterey,053,433212,284,222,0,222,5
2020-05-01,Napa,055,140530,86,69,0,69,2
2020-05-01,Nevada,057,99092,41,41,1,42,1
2020-05-01,Orange,059,3164182,4161,2660,30,2690,51
2020-05-01,Placer,061,380077,179,149,0,149,8
2020-05-01,Plumas,063,18699,4,4,0,4,0
2020-05-01,Riverside,065,2383286,5055,3893,16,3909,132
2020-05-01,Sacramento,067,1510023,1153,1081,0,1081,43
2020-05-01,San Benito,069,59416,55,49,0,49,2
2020-05-01,San Bernardino,071,2135413,2878,2084,2,2086,98
2020-05-01,San Diego,073,3302833,4777,3713,0,3713,134
2020-05-01,San Francisco,075,870044,1887,1552,0,1552,29
2020-05-01,San Joaquin,077,732212,610,554,3,557,25
2020-05-01,San Luis Obispo,079,281455,267,186,3,189,1
2020-05-01,San Mateo,081,765935,1487,1222,2,1224,52
2020-05-01,Santa Barbara,083,443738,554,499,3,502,7
2020-05-01,Santa Clara,085,1922200,2697,2176,8,2184,112
2020-05-01,Santa Cruz,087,273765,144,127,0,127,2
2020-05-01,Shasta,089,179085,40,31,0,31,4
2020-05-01,Sierra,091,2930,0,0,0,0,0
2020-05-01,Siskiyou,093,43540,5,5,0,5,0
2020-05-01,Solano,095,438530,348,266,0,266,4
2020-05-01,Sonoma,097,501317,298,242,0,242,3
2020-05-01,Stanislaus,099,539301,473,384,4,388,8
2020-05-01,Sutter,101,95872,31,28,0,28,2
2020-05-01,Tehama,103,63373,2,1,0,1,1
2020-05-01,Trinity,105,12862,1,0,0,0,0
2020-05-01,Tulare,107,460477,1194,685,6,691,32
2020-05-01,Tuolumne,109,53932,3,3,0,3,0
2020-05-01,Ventura,111,848112,749,556,1,557,18
2020-05-01,Yolo,113,214977,192,165,0,165,18
2020-05-01,Yuba,115,75493,19,16,0,16,1
2020-04-30,Alameda,001,1643700,1988,1599,3,1602,60
2020-04-30,Alpine,003,1148,1,1,0,1,0
2020-04-30,Amador,005,37829,8,8,0,8,0
2020-04-30,Butte,007,227075,28,16,1,17,0
2020-04-30,Calaveras,009,45235,13,13,0,13,0
2020-04-30,Colusa,011,21464,3,3,0,3,0
2020-04-30,Contra Costa,013,1133247,1019,900,0,900,25
2020-04-30,Del Norte,015,27424,4,3,0,3,0
2020-04-30,El Dorado,017,186661,64,44,0,44,0
2020-04-30,Fresno,019,978130,1163,562,11,573,7
2020-04-30,Glenn,021,27897,7,4,0,4,0
2020-04-30,Humboldt,023,135768,60,54,0,54,0
2020-04-30,Imperial,025,180216,575,322,0,322,6
2020-04-30,Inyo,027,18085,19,20,0,20,1
2020-04-30,Kern,029,883053,1250,941,1,942,8
2020-04-30,Kings,031,150075,262,87,1,88,1
2020-04-30,Lake,033,64148,9,6,0,6,0
2020-04-30,Lassen,035,31185,3,0,2,2,0
2020-04-30,Los Angeles,037,10098052,30409,23284,16,23300,1099
2020-04-30,Madera,039,155013,88,46,1,47,2
2020-04-30,Marin,041,260295,253,240,1,241,13
2020-04-30,Mariposa,043,17540,15,3,0,3,0
2020-04-30,Mendocino,045,87422,12,11,0,11,0
2020-04-30,Merced,047,269075,200,122,0,122,3
2020-04-30,Modoc,049,8938,0,0,0,0,0
2020-04-30,Mono,051,14174,31,25,0,25,1
2020-04-30,Monterey,053,433212,274,213,0,213,5
2020-04-30,Napa,055,140530,84,69,0,69,2
2020-04-30,Nevada,057,99092,41,41,1,42,1
2020-04-30,Orange,059,3164182,3938,2591,27,2618,46
2020-04-30,Placer,061,380077,178,148,0,148,8
2020-04-30,Plumas,063,18699,4,4,0,4,0
2020-04-30,Riverside,065,2383286,4955,3820,15,3835,124
2020-04-30,Sacramento,067,1510023,1147,1071,0,1071,43
2020-04-30,San Benito,069,59416,55,48,0,48,2
2020-04-30,San Bernardino,071,2135413,2676,2020,2,2022,96
2020-04-30,San Diego,073,3302833,4606,3566,0,3566,124
2020-04-30,San Francisco,075,870044,1853,1518,0,1518,26
2020-04-30,San Joaquin,077,732212,602,548,3,551,25
2020-04-30,San Luis Obispo,079,281455,264,182,3,185,1
2020-04-30,San Mateo,081,765935,1457,1194,2,1196,52
2020-04-30,Santa Barbara,083,443738,542,490,3,493,7
2020-04-30,Santa Clara,085,1922200,2657,2172,8,2180,111
2020-04-30,Santa Cruz,087,273765,143,126,0,126,2
2020-04-30,Shasta,089,179085,39,31,0,31,4
2020-04-30,Sierra,091,2930,0,0,0,0,0
2020-04-30,Siskiyou,093,43540,5,5,0,5,0
2020-04-30,Solano,095,438530,338,262,0,262,4
2020-04-30,Sonoma,097,501317,289,233,0,233,3
2020-04-30,Stanislaus,099,539301,466,378,4,382,7
2020-04-30,Sutter,101,95872,31,28,0,28,2
2020-04-30,Tehama,103,63373,1,1,0,1,1
2020-04-30,Trinity,105,12862,1,0,0,0,0
2020-04-30,Tulare,107,460477,1128,637,6,643,31
2020-04-30,Tuolumne,109,53932,3,3,0,3,0
2020-04-30,Ventura,111,848112,721,547,1,548,18
2020-04-30,Yolo,113,214977,191,164,0,164,16
2020-04-30,Yuba,115,75493,19,15,0,15,1
2020-04-29,Alameda,001,1643700,1930,1564,2,1566,60
2020-04-29,Alpine,003,1148,1,1,0,1,0
2020-04-29,Amador,005,37829,8,8,0,8,0
2020-04-29,Butte,007,227075,28,16,1,17,0
2020-04-29,Calaveras,009,45235,13,13,0,13,0
2020-04-29,Colusa,011,21464,3,3,0,3,0
2020-04-29,Contra Costa,013,1133247,1000,885,0,885,25
2020-04-29,Del Norte,015,27424,4,3,0,3,0
2020-04-29,El Dorado,017,186661,62,44,0,44,0
2020-04-29,Fresno,019,978130,1111,544,11,555,7
2020-04-29,Glenn,021,27897,7,4,0,4,0
2020-04-29,Humboldt,023,135768,60,53,0,53,0
2020-04-29,Imperial,025,180216,545,300,0,300,6
2020-04-29,Inyo,027,18085,19,20,0,20,1
2020-04-29,Kern,029,883053,1207,910,1,911,6
2020-04-29,Kings,031,150075,243,80,1,81,1
2020-04-29,Lake,033,64148,9,6,0,6,0
2020-04-29,Lassen,035,31185,3,0,2,2,0
2020-04-29,Los Angeles,037,10098052,29431,22560,15,22575,1043
2020-04-29,Madera,039,155013,86,45,1,46,2
2020-04-29,Marin,041,260295,250,234,1,235,13
2020-04-29,Mariposa,043,17540,15,1,0,1,0
2020-04-29,Mendocino,045,87422,12,11,0,11,0
2020-04-29,Merced,047,269075,193,116,0,116,3
2020-04-29,Modoc,049,8938,0,0,0,0,0
2020-04-29,Mono,051,14174,31,25,0,25,1
2020-04-29,Monterey,053,433212,266,204,0,204,5
2020-04-29,Napa,055,140530,82,68,0,68,2
2020-04-29,Nevada,057,99092,41,41,1,42,1
2020-04-29,Orange,059,3164182,3802,2421,26,2447,43
2020-04-29,Placer,061,380077,176,145,0,145,8
2020-04-29,Plumas,063,18699,4,4,0,4,0
2020-04-29,Riverside,065,2383286,4878,3700,15,3715,116
2020-04-29,Sacramento,067,1510023,1125,1055,0,1055,41
2020-04-29,San Benito,069,59416,55,48,0,48,2
2020-04-29,San Bernardino,071,2135413,2589,1975,1,1976,91
2020-04-29,San Diego,073,3302833,4464,3434,0,3434,120
2020-04-29,San Francisco,075,870044,1825,1489,0,1489,23
2020-04-29,San Joaquin,077,732212,594,540,3,543,25
2020-04-29,San Luis Obispo,079,281455,262,181,3,184,1
2020-04-29,San Mateo,081,765935,1431,1170,2,1172,50
2020-04-29,Santa Barbara,083,443738,529,477,3,480,7
2020-04-29,Santa Clara,085,1922200,2630,2147,8,2155,108
2020-04-29,Santa Cruz,087,273765,142,124,0,124,2
2020-04-29,Shasta,089,179085,38,31,0,31,4
2020-04-29,Sierra,091,2930,0,0,0,0,0
2020-04-29,Siskiyou,093,43540,5,5,0,5,0
2020-04-29,Solano,095,438530,314,252,0,252,3
2020-04-29,Sonoma,097,501317,281,230,0,230,2
2020-04-29,Stanislaus,099,539301,453,374,4,378,5
2020-04-29,Sutter,101,95872,31,28,0,28,2
2020-04-29,Tehama,103,63373,1,1,0,1,1
2020-04-29,Trinity,105,12862,1,0,0,0,0
2020-04-29,Tulare,107,460477,1055,615,5,620,30
2020-04-29,Tuolumne,109,53932,3,4,0,4,0
2020-04-29,Ventura,111,848112,697,530,1,531,18
2020-04-29,Yolo,113,214977,188,161,0,161,11
2020-04-29,Yuba,115,75493,19,15,0,15,1
2020-04-28,Alameda,001,1643700,1873,1525,2,1527,55
2020-04-28,Alpine,003,1148,1,1,0,1,0
2020-04-28,Amador,005,37829,8,8,0,8,0
2020-04-28,Butte,007,227075,28,16,1,17,0
2020-04-28,Calaveras,009,45235,13,13,0,13,0
2020-04-28,Colusa,011,21464,3,3,0,3,0
2020-04-28,Contra Costa,013,1133247,993,866,0,866,25
2020-04-28,Del Norte,015,27424,4,3,0,3,0
2020-04-28,El Dorado,017,186661,61,43,0,43,0
2020-04-28,Fresno,019,978130,1060,525,9,534,7
2020-04-28,Glenn,021,27897,5,4,0,4,0
2020-04-28,Humboldt,023,135768,59,53,0,53,0
2020-04-28,Imperial,025,180216,511,295,0,295,6
2020-04-28,Inyo,027,18085,19,20,0,20,1
2020-04-28,Kern,029,883053,1164,882,1,883,5
2020-04-28,Kings,031,150075,230,57,1,58,1
2020-04-28,Lake,033,64148,9,6,0,6,0
2020-04-28,Lassen,035,31185,3,0,2,2,0
2020-04-28,Los Angeles,037,10098052,28366,21029,15,21044,984
2020-04-28,Madera,039,155013,86,44,1,45,2
2020-04-28,Marin,041,260295,249,228,1,229,12
2020-04-28,Mariposa,043,17540,15,0,0,0,0
2020-04-28,Mendocino,045,87422,12,10,0,10,0
2020-04-28,Merced,047,269075,186,108,0,108,3
2020-04-28,Modoc,049,8938,0,0,0,0,0
2020-04-28,Mono,051,14174,31,25,0,25,1
2020-04-28,Monterey,053,433212,260,191,0,191,5
2020-04-28,Napa,055,140530,81,67,0,67,2
2020-04-28,Nevada,057,99092,41,41,1,42,1
2020-04-28,Orange,059,3164182,3637,2324,25,2349,42
2020-04-28,Placer,061,380077,166,143,0,143,8
2020-04-28,Plumas,063,18699,4,4,0,4,0
2020-04-28,Riverside,065,2383286,4783,3504,15,3519,113
2020-04-28,Sacramento,067,1510023,1110,1044,0,1044,41
2020-04-28,San Benito,069,59416,53,46,0,46,2
2020-04-28,San Bernardino,071,2135413,2512,1891,1,1892,89
2020-04-28,San Diego,073,3302833,4334,3316,0,3316,118
2020-04-28,San Francisco,075,870044,1790,1471,0,1471,23
2020-04-28,San Joaquin,077,732212,588,532,3,535,25
2020-04-28,San Luis Obispo,079,281455,255,172,3,175,1
2020-04-28,San Mateo,081,765935,1418,1129,2,1131,48
2020-04-28,Santa Barbara,083,443738,524,469,2,471,7
2020-04-28,Santa Clara,085,1922200,2596,2130,8,2138,106
2020-04-28,Santa Cruz,087,273765,142,123,0,123,2
2020-04-28,Shasta,089,179085,38,29,0,29,4
2020-04-28,Sierra,091,2930,0,0,0,0,0
2020-04-28,Siskiyou,093,43540,5,5,0,5,0
2020-04-28,Solano,095,438530,295,246,0,246,3
2020-04-28,Sonoma,097,501317,278,226,0,226,1
2020-04-28,Stanislaus,099,539301,437,330,4,334,5
2020-04-28,Sutter,101,95872,31,25,0,25,2
2020-04-28,Tehama,103,63373,1,1,0,1,1
2020-04-28,Trinity,105,12862,1,0,0,0,0
2020-04-28,Tulare,107,460477,959,579,5,584,30
2020-04-28,Tuolumne,109,53932,3,4,0,4,0
2020-04-28,Ventura,111,848112,677,517,1,518,17
2020-04-28,Yolo,113,214977,188,160,0,160,10
2020-04-28,Yuba,115,75493,19,15,0,15,1
2020-04-27,Alameda,001,1643700,1813,1494,2,1496,53
2020-04-27,Alpine,003,1148,1,1,0,1,0
2020-04-27,Amador,005,37829,8,8,0,8,0
2020-04-27,Butte,007,227075,27,16,1,17,0
2020-04-27,Calaveras,009,45235,13,13,0,13,0
2020-04-27,Colusa,011,21464,3,3,0,3,0
2020-04-27,Contra Costa,013,1133247,981,843,0,843,25
2020-04-27,Del Norte,015,27424,4,3,0,3,0
2020-04-27,El Dorado,017,186661,60,43,0,43,0
2020-04-27,Fresno,019,978130,957,504,8,512,7
2020-04-27,Glenn,021,27897,5,4,0,4,0
2020-04-27,Humboldt,023,135768,59,52,0,52,0
2020-04-27,Imperial,025,180216,481,290,0,290,6
2020-04-27,Inyo,027,18085,19,20,0,20,1
2020-04-27,Kern,029,883053,1125,865,1,866,4
2020-04-27,Kings,031,150075,207,48,1,49,1
2020-04-27,Lake,033,64148,8,6,0,6,0
2020-04-27,Lassen,035,31185,3,0,2,2,0
2020-04-27,Los Angeles,037,10098052,27351,20456,15,20471,931
2020-04-27,Madera,039,155013,84,42,1,43,2
2020-04-27,Marin,041,260295,244,227,1,228,12
2020-04-27,Mariposa,043,17540,14,0,0,0,0
2020-04-27,Mendocino,045,87422,12,10,0,10,0
2020-04-27,Merced,047,269075,183,108,0,108,3
2020-04-27,Modoc,049,8938,0,0,0,0,0
2020-04-27,Mono,051,14174,31,23,0,23,1
2020-04-27,Monterey,053,433212,253,185,0,185,4
2020-04-27,Napa,055,140530,77,64,0,64,2
2020-04-27,Nevada,057,99092,41,39,1,40,1
2020-04-27,Orange,059,3164182,3468,2198,25,2223,42
2020-04-27,Placer,061,380077,166,142,0,142,8
2020-04-27,Plumas,063,18699,4,4,0,4,0
2020-04-27,Riverside,065,2383286,4660,3381,15,3396,100
2020-04-27,Sacramento,067,1510023,1095,1035,0,1035,41
2020-04-27,San Benito,069,59416,51,45,0,45,2
2020-04-27,San Bernardino,071,2135413,2398,1742,1,1743,82
2020-04-27,San Diego,073,3302833,4208,3143,0,3143,113
2020-04-27,San Francisco,075,870044,1736,1453,0,1453,23
2020-04-27,San Joaquin,077,732212,582,522,3,525,25
2020-04-27,San Luis Obispo,079,281455,247,166,3,169,1
2020-04-27,San Mateo,081,765935,1396,1092,2,1094,46
2020-04-27,Santa Barbara,083,443738,516,466,2,468,7
2020-04-27,Santa Clara,085,1922200,2571,2104,7,2111,105
2020-04-27,Santa Cruz,087,273765,142,123,0,123,2
2020-04-27,Shasta,089,179085,38,29,0,29,4
2020-04-27,Sierra,091,2930,0,0,0,0,0
2020-04-27,Siskiyou,093,43540,5,5,0,5,0
2020-04-27,Solano,095,438530,295,222,0,222,3
2020-04-27,Sonoma,097,501317,269,220,0,220,1
2020-04-27,Stanislaus,099,539301,421,316,4,320,5
2020-04-27,Sutter,101,95872,29,26,0,26,2
2020-04-27,Tehama,103,63373,1,1,0,1,1
2020-04-27,Trinity,105,12862,1,0,0,0,0
2020-04-27,Tulare,107,460477,888,535,5,540,28
2020-04-27,Tuolumne,109,53932,3,3,0,3,0
2020-04-27,Ventura,111,848112,658,513,1,514,17
2020-04-27,Yolo,113,214977,185,160,0,160,9
2020-04-27,Yuba,115,75493,19,15,0,15,1
2020-04-26,Alameda,001,1643700,1752,1449,2,1451,52
2020-04-26,Alpine,003,1148,1,1,0,1,0
2020-04-26,Amador,005,37829,8,8,0,8,0
2020-04-26,Butte,007,227075,27,16,1,17,0
2020-04-26,Calaveras,009,45235,13,13,0,13,0
2020-04-26,Colusa,011,21464,3,3,0,3,0
2020-04-26,Contra Costa,013,1133247,965,830,0,830,25
2020-04-26,Del Norte,015,27424,3,3,0,3,0
2020-04-26,El Dorado,017,186661,58,41,0,41,0
2020-04-26,Fresno,019,978130,863,476,7,483,7
2020-04-26,Glenn,021,27897,5,4,0,4,0
2020-04-26,Humboldt,023,135768,59,53,0,53,0
2020-04-26,Imperial,025,180216,447,272,0,272,6
2020-04-26,Inyo,027,18085,19,20,0,20,1
2020-04-26,Kern,029,883053,1075,831,1,832,4
2020-04-26,Kings,031,150075,182,33,1,34,1
2020-04-26,Lake,033,64148,8,6,0,6,0
2020-04-26,Lassen,035,31185,3,0,2,2,0
2020-04-26,Los Angeles,037,10098052,26196,19570,15,19585,901
2020-04-26,Madera,039,155013,82,39,1,40,2
2020-04-26,Marin,041,260295,238,225,1,226,12
2020-04-26,Mariposa,043,17540,14,0,0,0,0
2020-04-26,Mendocino,045,87422,12,5,0,5,0
2020-04-26,Merced,047,269075,166,104,0,104,3
2020-04-26,Modoc,049,8938,0,0,0,0,0
2020-04-26,Mono,051,14174,31,23,0,23,1
2020-04-26,Monterey,053,433212,246,182,0,182,4
2020-04-26,Napa,055,140530,76,62,0,62,2
2020-04-26,Nevada,057,99092,41,37,1,38,1
2020-04-26,Orange,059,3164182,3303,2124,25,2149,40
2020-04-26,Placer,061,380077,165,141,0,141,8
2020-04-26,Plumas,063,18699,4,4,0,4,0
2020-04-26,Riverside,065,2383286,4517,3301,15,3316,95
2020-04-26,Sacramento,067,1510023,1086,1027,0,1027,41
2020-04-26,San Benito,069,59416,51,45,0,45,2
2020-04-26,San Bernardino,071,2135413,2302,1681,1,1682,82
2020-04-26,San Diego,073,3302833,4066,3045,0,3045,111
2020-04-26,San Francisco,075,870044,1697,1403,0,1403,23
2020-04-26,San Joaquin,077,732212,574,514,3,517,25
2020-04-26,San Luis Obispo,079,281455,244,165,3,168,1
2020-04-26,San Mateo,081,765935,1370,1070,2,1072,46
2020-04-26,Santa Barbara,083,443738,509,464,2,466,7
2020-04-26,Santa Clara,085,1922200,2548,2097,6,2103,102
2020-04-26,Santa Cruz,087,273765,142,116,0,116,2
2020-04-26,Shasta,089,179085,35,29,0,29,4
2020-04-26,Sierra,091,2930,0,0,0,0,0
2020-04-26,Siskiyou,093,43540,5,5,0,5,0
2020-04-26,Solano,095,438530,286,205,0,205,3
2020-04-26,Sonoma,097,501317,258,216,0,216,1
2020-04-26,Stanislaus,099,539301,406,294,4,298,4
2020-04-26,Sutter,101,95872,29,26,0,26,2
2020-04-26,Tehama,103,63373,1,1,0,1,1
2020-04-26,Trinity,105,12862,1,0,0,0,0
2020-04-26,Tulare,107,460477,829,497,5,502,28
2020-04-26,Tuolumne,109,53932,3,3,0,3,0
2020-04-26,Ventura,111,848112,640,509,1,510,17
2020-04-26,Yolo,113,214977,184,158,0,158,8
2020-04-26,Yuba,115,75493,18,15,0,15,1
2020-04-25,Alameda,001,1643700,1727,1396,2,1398,52
2020-04-25,Alpine,003,1148,1,1,0,1,0
2020-04-25,Amador,005,37829,8,8,0,8,0
2020-04-25,Butte,007,227075,26,16,1,17,0
2020-04-25,Calaveras,009,45235,13,12,0,12,0
2020-04-25,Colusa,011,21464,3,3,0,3,0
2020-04-25,Contra Costa,013,1133247,951,821,0,821,24
2020-04-25,Del Norte,015,27424,2,2,0,2,0
2020-04-25,El Dorado,017,186661,57,41,0,41,0
2020-04-25,Fresno,019,978130,831,459,6,465,7
2020-04-25,Glenn,021,27897,5,4,0,4,0
2020-04-25,Humboldt,023,135768,59,53,0,53,0
2020-04-25,Imperial,025,180216,430,232,0,232,6
2020-04-25,Inyo,027,18085,19,20,0,20,1
2020-04-25,Kern,029,883053,1044,802,1,803,4
2020-04-25,Kings,031,150075,170,33,1,34,1
2020-04-25,Lake,033,64148,6,6,0,6,0
2020-04-25,Lassen,035,31185,3,0,2,2,0
2020-04-25,Los Angeles,037,10098052,25562,19144,15,19159,881
2020-04-25,Madera,039,155013,79,39,1,40,2
2020-04-25,Marin,041,260295,238,215,1,216,12
2020-04-25,Mariposa,043,17540,14,0,0,0,0
2020-04-25,Mendocino,045,87422,11,5,0,5,0
2020-04-25,Merced,047,269075,166,103,0,103,3
2020-04-25,Modoc,049,8938,0,0,0,0,0
2020-04-25,Mono,051,14174,31,23,0,23,1
2020-04-25,Monterey,053,433212,244,173,0,173,4
2020-04-25,Napa,055,140530,76,60,0,60,2
2020-04-25,Nevada,057,99092,41,37,1,38,1
2020-04-25,Orange,059,3164182,3195,2047,25,2072,40
2020-04-25,Placer,061,380077,165,137,0,137,8
2020-04-25,Plumas,063,18699,4,4,0,4,0
2020-04-25,Riverside,065,2383286,4427,3037,15,3052,93
2020-04-25,Sacramento,067,1510023,1084,1015,0,1015,41
2020-04-25,San Benito,069,59416,51,45,0,45,2
2020-04-25,San Bernardino,071,2135413,2257,1675,1,1676,82
2020-04-25,San Diego,073,3302833,3966,2945,0,2945,111
2020-04-25,San Francisco,075,870044,1672,1341,0,1341,22
2020-04-25,San Joaquin,077,732212,567,497,3,500,24
2020-04-25,San Luis Obispo,079,281455,243,159,3,162,1
2020-04-25,San Mateo,081,765935,1352,1054,2,1056,46
2020-04-25,Santa Barbara,083,443738,502,457,2,459,7
2020-04-25,Santa Clara,085,1922200,2526,2045,5,2050,99
2020-04-25,Santa Cruz,087,273765,142,112,0,112,2
2020-04-25,Shasta,089,179085,35,29,0,29,4
2020-04-25,Sierra,091,2930,0,0,0,0,0
2020-04-25,Siskiyou,093,43540,5,5,0,5,0
2020-04-25,Solano,095,438530,282,203,0,203,3
2020-04-25,Sonoma,097,501317,254,199,0,199,1
2020-04-25,Stanislaus,099,539301,398,276,4,280,4
2020-04-25,Sutter,101,95872,29,24,0,24,2
2020-04-25,Tehama,103,63373,1,1,0,1,1
2020-04-25,Trinity,105,12862,0,0,0,0,0
2020-04-25,Tulare,107,460477,796,478,5,483,28
2020-04-25,Tuolumne,109,53932,3,2,0,2,0
2020-04-25,Ventura,111,848112,626,494,1,495,16
2020-04-25,Yolo,113,214977,184,157,0,157,8
2020-04-25,Yuba,115,75493,17,15,0,15,1
2020-04-24,Alameda,001,1643700,1696,1385,2,1387,50
2020-04-24,Alpine,003,1148,1,1,0,1,0
2020-04-24,Amador,005,37829,8,8,0,8,0
2020-04-24,Butte,007,227075,25,15,1,16,0
2020-04-24,Calaveras,009,45235,13,12,0,12,0
2020-04-24,Colusa,011,21464,3,3,0,3,0
2020-04-24,Contra Costa,013,1133247,942,806,0,806,23
2020-04-24,Del Norte,015,27424,2,2,0,2,0
2020-04-24,El Dorado,017,186661,56,41,0,41,0
2020-04-24,Fresno,019,978130,808,449,6,455,7
2020-04-24,Glenn,021,27897,5,4,0,4,0
2020-04-24,Humboldt,023,135768,59,53,0,53,0
2020-04-24,Imperial,025,180216,414,232,0,232,6
2020-04-24,Inyo,027,18085,19,20,0,20,0
2020-04-24,Kern,029,883053,1020,770,1,771,4
2020-04-24,Kings,031,150075,141,30,1,31,1
2020-04-24,Lake,033,64148,6,6,0,6,0
2020-04-24,Lassen,035,31185,3,0,2,2,0
2020-04-24,Los Angeles,037,10098052,24631,18553,15,18568,836
2020-04-24,Madera,039,155013,79,39,1,40,2
2020-04-24,Marin,041,260295,238,211,1,212,11
2020-04-24,Mariposa,043,17540,8,0,0,0,0
2020-04-24,Mendocino,045,87422,11,5,0,5,0
2020-04-24,Merced,047,269075,163,102,0,102,3
2020-04-24,Modoc,049,8938,0,0,0,0,0
2020-04-24,Mono,051,14174,30,23,0,23,1
2020-04-24,Monterey,053,433212,237,167,0,167,4
2020-04-24,Napa,055,140530,75,59,0,59,2
2020-04-24,Nevada,057,99092,41,36,1,37,1
2020-04-24,Orange,059,3164182,3088,1945,25,1970,39
2020-04-24,Placer,061,380077,163,137,0,137,8
2020-04-24,Plumas,063,18699,4,4,0,4,0
2020-04-24,Riverside,065,2383286,4346,3044,15,3059,87
2020-04-24,Sacramento,067,1510023,1078,1009,0,1009,41
2020-04-24,San Benito,069,59416,51,45,0,45,2
2020-04-24,San Bernardino,071,2135413,2222,1667,1,1668,80
2020-04-24,San Diego,073,3302833,3855,2828,0,2828,102
2020-04-24,San Francisco,075,870044,1614,1345,0,1345,22
2020-04-24,San Joaquin,077,732212,560,484,3,487,24
2020-04-24,San Luis Obispo,079,281455,240,151,3,154,1
2020-04-24,San Mateo,081,765935,1329,1004,2,1006,43
2020-04-24,Santa Barbara,083,443738,496,450,2,452,6
2020-04-24,Santa Clara,085,1922200,2484,2026,5,2031,98
2020-04-24,Santa Cruz,087,273765,138,111,0,111,2
2020-04-24,Shasta,089,179085,35,28,0,28,4
2020-04-24,Sierra,091,2930,0,0,0,0,0
2020-04-24,Siskiyou,093,43540,5,5,0,5,0
2020-04-24,Solano,095,438530,280,203,0,203,3
2020-04-24,Sonoma,097,501317,250,199,0,199,1
2020-04-24,Stanislaus,099,539301,395,273,4,277,4
2020-04-24,Sutter,101,95872,28,24,0,24,2
2020-04-24,Tehama,103,63373,1,1,0,1,1
2020-04-24,Trinity,105,12862,0,0,0,0,0
2020-04-24,Tulare,107,460477,768,459,5,464,27
2020-04-24,Tuolumne,109,53932,3,2,0,2,0
2020-04-24,Ventura,111,848112,616,489,1,490,16
2020-04-24,Yolo,113,214977,183,155,0,155,8
2020-04-24,Yuba,115,75493,16,15,0,15,1
2020-04-23,Alameda,001,1643700,1658,1336,2,1338,46
2020-04-23,Alpine,003,1148,1,1,0,1,0
2020-04-23,Amador,005,37829,8,8,0,8,0
2020-04-23,Butte,007,227075,25,15,1,16,0
2020-04-23,Calaveras,009,45235,13,12,0,12,0
2020-04-23,Colusa,011,21464,3,3,0,3,0
2020-04-23,Contra Costa,013,1133247,921,786,0,786,23
2020-04-23,Del Norte,015,27424,2,2,0,2,0
2020-04-23,El Dorado,017,186661,55,39,0,39,0
2020-04-23,Fresno,019,978130,770,426,6,432,7
2020-04-23,Glenn,021,27897,5,3,0,3,0
2020-04-23,Humboldt,023,135768,59,53,0,53,0
2020-04-23,Imperial,025,180216,393,181,0,181,4
2020-04-23,Inyo,027,18085,19,19,0,19,0
2020-04-23,Kern,029,883053,972,732,1,733,4
2020-04-23,Kings,031,150075,126,28,1,29,1
2020-04-23,Lake,033,64148,6,6,0,6,0
2020-04-23,Lassen,035,31185,3,0,2,2,0
2020-04-23,Los Angeles,037,10098052,23571,17548,14,17562,784
2020-04-23,Madera,039,155013,77,37,1,38,2
2020-04-23,Marin,041,260295,225,209,1,210,11
2020-04-23,Mariposa,043,17540,7,0,0,0,0
2020-04-23,Mendocino,045,87422,9,5,0,5,0
2020-04-23,Merced,047,269075,159,98,0,98,3
2020-04-23,Modoc,049,8938,0,0,0,0,0
2020-04-23,Mono,051,14174,30,23,0,23,1
2020-04-23,Monterey,053,433212,233,161,0,161,4
2020-04-23,Napa,055,140530,68,59,0,59,2
2020-04-23,Nevada,057,99092,41,36,1,37,1
2020-04-23,Orange,059,3164182,2910,1841,24,1865,37
2020-04-23,Placer,061,380077,160,136,0,136,8
2020-04-23,Plumas,063,18699,4,4,0,4,0
2020-04-23,Riverside,065,2383286,4232,2935,14,2949,78
2020-04-23,Sacramento,067,1510023,1066,978,0,978,41
2020-04-23,San Benito,069,59416,48,43,0,43,2
2020-04-23,San Bernardino,071,2135413,2157,1604,1,1605,79
2020-04-23,San Diego,073,3302833,3694,2645,0,2645,100
2020-04-23,San Francisco,075,870044,1589,1312,0,1312,21
2020-04-23,San Joaquin,077,732212,550,479,3,482,20
2020-04-23,San Luis Obispo,079,281455,236,146,3,149,1
2020-04-23,San Mateo,081,765935,1290,970,2,972,42
2020-04-23,Santa Barbara,083,443738,490,445,2,447,6
2020-04-23,Santa Clara,085,1922200,2449,1996,5,2001,95
2020-04-23,Santa Cruz,087,273765,137,110,0,110,2
2020-04-23,Shasta,089,179085,35,27,0,27,3
2020-04-23,Sierra,091,2930,0,0,0,0,0
2020-04-23,Siskiyou,093,43540,5,5,0,5,0
2020-04-23,Solano,095,438530,266,196,0,196,3
2020-04-23,Sonoma,097,501317,238,187,0,187,1
2020-04-23,Stanislaus,099,539301,391,254,4,258,4
2020-04-23,Sutter,101,95872,28,24,0,24,2
2020-04-23,Tehama,103,63373,1,1,0,1,1
2020-04-23,Trinity,105,12862,0,0,0,0,0
2020-04-23,Tulare,107,460477,739,440,5,445,25
2020-04-23,Tuolumne,109,53932,3,2,0,2,0
2020-04-23,Ventura,111,848112,602,479,1,480,16
2020-04-23,Yolo,113,214977,180,151,0,151,8
2020-04-23,Yuba,115,75493,16,15,0,15,1
2020-04-22,Alameda,001,1643700,1609,1275,2,1277,46
2020-04-22,Alpine,003,1148,1,1,0,1,0
2020-04-22,Amador,005,37829,8,7,0,7,0
2020-04-22,Butte,007,227075,24,15,1,16,0
2020-04-22,Calaveras,009,45235,13,12,0,12,0
2020-04-22,Colusa,011,21464,3,3,0,3,0
2020-04-22,Contra Costa,013,1133247,906,772,0,772,22
2020-04-22,Del Norte,015,27424,2,2,0,2,0
2020-04-22,El Dorado,017,186661,55,39,0,39,0
2020-04-22,Fresno,019,978130,730,388,6,394,7
2020-04-22,Glenn,021,27897,5,3,0,3,0
2020-04-22,Humboldt,023,135768,59,53,0,53,0
2020-04-22,Imperial,025,180216,382,170,0,170,3
2020-04-22,Inyo,027,18085,19,18,0,18,0
2020-04-22,Kern,029,883053,950,713,1,714,4
2020-04-22,Kings,031,150075,105,28,1,29,1
2020-04-22,Lake,033,64148,6,6,0,6,0
2020-04-22,Lassen,035,31185,3,0,2,2,0
2020-04-22,Los Angeles,037,10098052,22544,16400,14,16414,715
2020-04-22,Madera,039,155013,75,37,1,38,2
2020-04-22,Marin,041,260295,223,202,1,203,11
2020-04-22,Mariposa,043,17540,6,0,0,0,0
2020-04-22,Mendocino,045,87422,6,5,0,5,0
2020-04-22,Merced,047,269075,147,92,0,92,3
2020-04-22,Modoc,049,8938,0,0,0,0,0
2020-04-22,Mono,051,14174,29,23,0,23,1
2020-04-22,Monterey,053,433212,226,154,0,154,4
2020-04-22,Napa,055,140530,67,58,0,58,2
2020-04-22,Nevada,057,99092,41,36,1,37,1
2020-04-22,Orange,059,3164182,2816,1785,23,1808,36
2020-04-22,Placer,061,380077,158,133,0,133,8
2020-04-22,Plumas,063,18699,4,4,0,4,0
2020-04-22,Riverside,065,2383286,4128,2822,14,2836,76
2020-04-22,Sacramento,067,1510023,1061,959,0,959,36
2020-04-22,San Benito,069,59416,47,43,0,43,2
2020-04-22,San Bernardino,071,2135413,2094,1564,1,1565,74
2020-04-22,San Diego,073,3302833,3566,2493,0,2493,96
2020-04-22,San Francisco,075,870044,1552,1255,0,1255,21
2020-04-22,San Joaquin,077,732212,539,462,3,465,20
2020-04-22,San Luis Obispo,079,281455,227,142,3,145,1
2020-04-22,San Mateo,081,765935,1267,945,2,947,40
2020-04-22,Santa Barbara,083,443738,485,437,2,439,6
2020-04-22,Santa Clara,085,1922200,2433,1969,5,1974,95
2020-04-22,Santa Cruz,087,273765,133,106,0,106,2
2020-04-22,Shasta,089,179085,34,26,0,26,3
2020-04-22,Sierra,091,2930,0,0,0,0,0
2020-04-22,Siskiyou,093,43540,5,5,0,5,0
2020-04-22,Solano,095,438530,247,195,0,195,3
2020-04-22,Sonoma,097,501317,235,185,0,185,1
2020-04-22,Stanislaus,099,539301,334,247,4,251,4
2020-04-22,Sutter,101,95872,28,22,0,22,2
2020-04-22,Tehama,103,63373,1,1,0,1,1
2020-04-22,Trinity,105,12862,0,0,0,0,0
2020-04-22,Tulare,107,460477,705,425,5,430,23
2020-04-22,Tuolumne,109,53932,3,2,0,2,0
2020-04-22,Ventura,111,848112,591,465,1,466,15
2020-04-22,Yolo,113,214977,179,147,0,147,8
2020-04-22,Yuba,115,75493,16,15,0,15,1
2020-04-21,Alameda,001,1643700,1579,1234,2,1236,46
2020-04-21,Alpine,003,1148,1,1,0,1,0
2020-04-21,Amador,005,37829,8,7,0,7,0
2020-04-21,Butte,007,227075,23,15,1,16,0
2020-04-21,Calaveras,009,45235,12,12,0,12,0
2020-04-21,Colusa,011,21464,3,3,0,3,0
2020-04-21,Contra Costa,013,1133247,892,766,0,766,22
2020-04-21,Del Norte,015,27424,2,2,0,2,0
2020-04-21,El Dorado,017,186661,54,36,0,36,0
2020-04-21,Fresno,019,978130,696,372,6,378,7
2020-04-21,Glenn,021,27897,5,3,0,3,0
2020-04-21,Humboldt,023,135768,58,53,0,53,0
2020-04-21,Imperial,025,180216,362,165,0,165,2
2020-04-21,Inyo,027,18085,19,18,0,18,0
2020-04-21,Kern,029,883053,908,676,1,677,4
2020-04-21,Kings,031,150075,91,28,1,29,1
2020-04-21,Lake,033,64148,6,6,0,6,0
2020-04-21,Lassen,035,31185,3,0,2,2,0
2020-04-21,Los Angeles,037,10098052,21685,15096,14,15110,650
2020-04-21,Madera,039,155013,75,37,1,38,2
2020-04-21,Marin,041,260295,217,202,1,203,10
2020-04-21,Mariposa,043,17540,5,0,0,0,0
2020-04-21,Mendocino,045,87422,6,5,0,5,0
2020-04-21,Merced,047,269075,143,89,0,89,3
2020-04-21,Modoc,049,8938,0,0,0,0,0
2020-04-21,Mono,051,14174,29,23,0,23,1
2020-04-21,Monterey,053,433212,223,151,0,151,4
2020-04-21,Napa,055,140530,66,58,0,58,2
2020-04-21,Nevada,057,99092,41,36,1,37,1
2020-04-21,Orange,059,3164182,2693,1717,22,1739,36
2020-04-21,Placer,061,380077,156,133,0,133,8
2020-04-21,Plumas,063,18699,4,4,0,4,0
2020-04-21,Riverside,065,2383286,3996,2631,14,2645,68
2020-04-21,Sacramento,067,1510023,1051,941,0,941,33
2020-04-21,San Benito,069,59416,45,43,0,43,2
2020-04-21,San Bernardino,071,2135413,2033,1499,1,1500,71
2020-04-21,San Diego,073,3302833,3410,2436,0,2436,87
2020-04-21,San Francisco,075,870044,1522,1232,0,1232,20
2020-04-21,San Joaquin,077,732212,529,447,3,450,20
2020-04-21,San Luis Obispo,079,281455,219,134,3,137,1
2020-04-21,San Mateo,081,765935,1221,933,2,935,34
2020-04-21,Santa Barbara,083,443738,476,414,2,416,5
2020-04-21,Santa Clara,085,1922200,2383,1943,5,1948,91
2020-04-21,Santa Cruz,087,273765,131,104,0,104,2
2020-04-21,Shasta,089,179085,33,26,0,26,3
2020-04-21,Sierra,091,2930,0,0,0,0,0
2020-04-21,Siskiyou,093,43540,5,5,0,5,0
2020-04-21,Solano,095,438530,239,193,0,193,3
2020-04-21,Sonoma,097,501317,225,182,0,182,1
2020-04-21,Stanislaus,099,539301,315,235,4,239,4
2020-04-21,Sutter,101,95872,28,22,0,22,2
2020-04-21,Tehama,103,63373,1,1,0,1,1
2020-04-21,Trinity,105,12862,0,0,0,0,0
2020-04-21,Tulare,107,460477,668,410,5,415,23
2020-04-21,Tuolumne,109,53932,3,2,0,2,0
2020-04-21,Ventura,111,848112,579,455,1,456,14
2020-04-21,Yolo,113,214977,177,143,0,143,8
2020-04-21,Yuba,115,75493,16,15,0,15,1
2020-04-20,Alameda,001,1643700,1546,1181,2,1183,42
2020-04-20,Alpine,003,1148,1,1,0,1,0
2020-04-20,Amador,005,37829,8,7,0,7,0
2020-04-20,Butte,007,227075,23,15,1,16,0
2020-04-20,Calaveras,009,45235,12,12,0,12,0
2020-04-20,Colusa,011,21464,3,3,0,3,0
2020-04-20,Contra Costa,013,1133247,882,753,0,753,22
2020-04-20,Del Norte,015,27424,2,2,0,2,0
2020-04-20,El Dorado,017,186661,54,36,0,36,0
2020-04-20,Fresno,019,978130,678,356,6,362,7
2020-04-20,Glenn,021,27897,4,3,0,3,0
2020-04-20,Humboldt,023,135768,58,53,0,53,0
2020-04-20,Imperial,025,180216,343,149,0,149,2
2020-04-20,Inyo,027,18085,19,17,0,17,0
2020-04-20,Kern,029,883053,876,651,1,652,3
2020-04-20,Kings,031,150075,80,19,1,20,1
2020-04-20,Lake,033,64148,6,6,0,6,0
2020-04-20,Lassen,035,31185,3,0,2,2,0
2020-04-20,Los Angeles,037,10098052,20769,13787,14,13801,608
2020-04-20,Madera,039,155013,74,35,1,36,2
2020-04-20,Marin,041,260295,213,200,1,201,10
2020-04-20,Mariposa,043,17540,5,0,0,0,0
2020-04-20,Mendocino,045,87422,6,5,0,5,0
2020-04-20,Merced,047,269075,136,88,0,88,3
2020-04-20,Modoc,049,8938,0,0,0,0,0
2020-04-20,Mono,051,14174,29,23,0,23,1
2020-04-20,Monterey,053,433212,214,147,0,147,4
2020-04-20,Napa,055,140530,66,55,0,55,2
2020-04-20,Nevada,057,99092,41,34,1,35,1
2020-04-20,Orange,059,3164182,2609,1679,22,1701,33
2020-04-20,Placer,061,380077,155,132,0,132,8
2020-04-20,Plumas,063,18699,4,4,0,4,0
2020-04-20,Riverside,065,2383286,3871,2477,14,2491,61
2020-04-20,Sacramento,067,1510023,1041,924,0,924,32
2020-04-20,San Benito,069,59416,45,43,0,43,2
2020-04-20,San Bernardino,071,2135413,1946,1344,1,1345,63
2020-04-20,San Diego,073,3302833,3268,2327,0,2327,72
2020-04-20,San Francisco,075,870044,1490,1223,0,1223,19
2020-04-20,San Joaquin,077,732212,525,422,3,425,17
2020-04-20,San Luis Obispo,079,281455,205,132,3,135,1
2020-04-20,San Mateo,081,765935,1198,890,2,892,31
2020-04-20,Santa Barbara,083,443738,469,388,2,390,4
2020-04-20,Santa Clara,085,1922200,2352,1920,5,1925,84
2020-04-20,Santa Cruz,087,273765,129,102,0,102,2
2020-04-20,Shasta,089,179085,33,26,0,26,3
2020-04-20,Sierra,091,2930,0,0,0,0,0
2020-04-20,Siskiyou,093,43540,5,5,0,5,0
2020-04-20,Solano,095,438530,236,185,0,185,2
2020-04-20,Sonoma,097,501317,217,178,0,178,1
2020-04-20,Stanislaus,099,539301,301,228,4,232,3
2020-04-20,Sutter,101,95872,27,22,0,22,2
2020-04-20,Tehama,103,63373,1,1,0,1,1
2020-04-20,Trinity,105,12862,0,0,0,0,0
2020-04-20,Tulare,107,460477,658,401,5,406,20
2020-04-20,Tuolumne,109,53932,3,2,0,2,0
2020-04-20,Ventura,111,848112,565,426,1,427,13
2020-04-20,Yolo,113,214977,176,125,0,125,5
2020-04-20,Yuba,115,75493,16,15,0,15,1
2020-04-19,Alameda,001,1643700,1496,1134,2,1136,41
2020-04-19,Alpine,003,1148,1,1,0,1,0
2020-04-19,Amador,005,37829,7,7,0,7,0
2020-04-19,Butte,007,227075,22,15,1,16,0
2020-04-19,Calaveras,009,45235,12,12,0,12,0
2020-04-19,Colusa,011,21464,3,3,0,3,0
2020-04-19,Contra Costa,013,1133247,866,731,0,731,20
2020-04-19,Del Norte,015,27424,2,2,0,2,0
2020-04-19,El Dorado,017,186661,54,36,0,36,0
2020-04-19,Fresno,019,978130,642,326,6,332,7
2020-04-19,Glenn,021,27897,4,3,0,3,0
2020-04-19,Humboldt,023,135768,58,53,0,53,0
2020-04-19,Imperial,025,180216,317,144,0,144,2
2020-04-19,Inyo,027,18085,19,17,0,17,0
2020-04-19,Kern,029,883053,851,629,1,630,3
2020-04-19,Kings,031,150075,70,17,1,18,1
2020-04-19,Lake,033,64148,6,6,0,6,0
2020-04-19,Lassen,035,31185,3,0,2,2,0
2020-04-19,Los Angeles,037,10098052,19774,12299,14,12313,589
2020-04-19,Madera,039,155013,72,34,1,35,2
2020-04-19,Marin,041,260295,212,194,1,195,10
2020-04-19,Mariposa,043,17540,2,0,0,0,0
2020-04-19,Mendocino,045,87422,6,4,0,4,0
2020-04-19,Merced,047,269075,131,85,0,85,3
2020-04-19,Modoc,049,8938,0,0,0,0,0
2020-04-19,Mono,051,14174,29,23,0,23,1
2020-04-19,Monterey,053,433212,205,140,0,140,4
2020-04-19,Napa,055,140530,64,49,0,49,2
2020-04-19,Nevada,057,99092,40,34,1,35,1
2020-04-19,Orange,059,3164182,2512,1591,21,1612,32
2020-04-19,Placer,061,380077,154,131,0,131,8
2020-04-19,Plumas,063,18699,4,4,0,4,0
2020-04-19,Riverside,065,2383286,3728,2316,14,2330,56
2020-04-19,Sacramento,067,1510023,1014,912,0,912,32
2020-04-19,San Benito,069,59416,43,40,0,40,2
2020-04-19,San Bernardino,071,2135413,1883,1262,1,1263,58
2020-04-19,San Diego,073,3302833,3101,2270,0,2270,71
2020-04-19,San Francisco,075,870044,1457,1153,0,1153,19
2020-04-19,San Joaquin,077,732212,507,404,3,407,17
2020-04-19,San Luis Obispo,079,281455,200,132,3,135,1
2020-04-19,San Mateo,081,765935,1162,845,2,847,31
2020-04-19,Santa Barbara,083,443738,462,377,2,379,3
2020-04-19,Santa Clara,085,1922200,2307,1878,5,1883,81
2020-04-19,Santa Cruz,087,273765,126,98,0,98,2
2020-04-19,Shasta,089,179085,31,26,0,26,3
2020-04-19,Sierra,091,2930,0,0,0,0,0
2020-04-19,Siskiyou,093,43540,5,5,0,5,0
2020-04-19,Solano,095,438530,228,174,0,174,2
2020-04-19,Sonoma,097,501317,211,172,0,172,1
2020-04-19,Stanislaus,099,539301,293,221,4,225,3
2020-04-19,Sutter,101,95872,26,21,0,21,2
2020-04-19,Tehama,103,63373,1,1,0,1,1
2020-04-19,Trinity,105,12862,0,0,0,0,0
2020-04-19,Tulare,107,460477,612,391,5,396,17
2020-04-19,Tuolumne,109,53932,3,2,0,2,0
2020-04-19,Ventura,111,848112,557,418,1,419,13
2020-04-19,Yolo,113,214977,176,120,0,120,5
2020-04-19,Yuba,115,75493,16,15,0,15,1
2020-04-18,Alameda,001,1643700,1471,1085,2,1087,40
2020-04-18,Alpine,003,1148,1,1,0,1,0
2020-04-18,Amador,005,37829,7,7,0,7,0
2020-04-18,Butte,007,227075,21,15,1,16,0
2020-04-18,Calaveras,009,45235,12,12,0,12,0
2020-04-18,Colusa,011,21464,3,3,0,3,0
2020-04-18,Contra Costa,013,1133247,854,721,0,721,17
2020-04-18,Del Norte,015,27424,2,2,0,2,0
2020-04-18,El Dorado,017,186661,54,36,0,36,0
2020-04-18,Fresno,019,978130,622,319,6,325,7
2020-04-18,Glenn,021,27897,4,3,0,3,0
2020-04-18,Humboldt,023,135768,58,52,0,52,0
2020-04-18,Imperial,025,180216,308,137,0,137,2
2020-04-18,Inyo,027,18085,19,17,0,17,0
2020-04-18,Kern,029,883053,829,626,1,627,3
2020-04-18,Kings,031,150075,69,17,1,18,1
2020-04-18,Lake,033,64148,6,6,0,6,0
2020-04-18,Lassen,035,31185,3,0,2,2,0
2020-04-18,Los Angeles,037,10098052,19248,11984,14,11998,566
2020-04-18,Madera,039,155013,71,34,1,35,2
2020-04-18,Marin,041,260295,210,193,1,194,10
2020-04-18,Mariposa,043,17540,2,0,0,0,0
2020-04-18,Mendocino,045,87422,6,4,0,4,0
2020-04-18,Merced,047,269075,129,82,0,82,3
2020-04-18,Modoc,049,8938,0,0,0,0,0
2020-04-18,Mono,051,14174,29,22,0,22,1
2020-04-18,Monterey,053,433212,201,135,0,135,3
2020-04-18,Napa,055,140530,64,49,0,49,2
2020-04-18,Nevada,057,99092,39,34,1,35,1
2020-04-18,Orange,059,3164182,2448,1569,20,1589,32
2020-04-18,Placer,061,380077,152,130,0,130,8
2020-04-18,Plumas,063,18699,4,4,0,4,0
2020-04-18,Riverside,065,2383286,3653,2257,14,2271,56
2020-04-18,Sacramento,067,1510023,1002,901,0,901,32
2020-04-18,San Benito,069,59416,43,40,0,40,2
2020-04-18,San Bernardino,071,2135413,1838,1255,1,1256,58
2020-04-18,San Diego,073,3302833,2999,2215,0,2215,71
2020-04-18,San Francisco,075,870044,1418,1144,0,1144,19
2020-04-18,San Joaquin,077,732212,498,392,3,395,17
2020-04-18,San Luis Obispo,079,281455,196,129,3,132,1
2020-04-18,San Mateo,081,765935,1140,821,2,823,31
2020-04-18,Santa Barbara,083,443738,456,372,2,374,3
2020-04-18,Santa Clara,085,1922200,2274,1862,5,1867,79
2020-04-18,Santa Cruz,087,273765,124,96,0,96,2
2020-04-18,Shasta,089,179085,31,26,0,26,3
2020-04-18,Sierra,091,2930,0,0,0,0,0
2020-04-18,Siskiyou,093,43540,5,5,0,5,0
2020-04-18,Solano,095,438530,225,175,0,175,2
2020-04-18,Sonoma,097,501317,207,168,0,168,1
2020-04-18,Stanislaus,099,539301,285,216,4,220,3
2020-04-18,Sutter,101,95872,26,21,0,21,2
2020-04-18,Tehama,103,63373,1,1,0,1,1
2020-04-18,Trinity,105,12862,0,0,0,0,0
2020-04-18,Tulare,107,460477,601,385,5,390,17
2020-04-18,Tuolumne,109,53932,3,2,0,2,0
2020-04-18,Ventura,111,848112,549,416,1,417,13
2020-04-18,Yolo,113,214977,174,118,0,118,5
2020-04-18,Yuba,115,75493,16,14,0,14,1
2020-04-17,Alameda,001,1643700,1415,1043,1,1044,40
2020-04-17,Alpine,003,1148,1,1,0,1,0
2020-04-17,Amador,005,37829,7,7,0,7,0
2020-04-17,Butte,007,227075,21,15,1,16,0
2020-04-17,Calaveras,009,45235,12,11,0,11,0
2020-04-17,Colusa,011,21464,3,3,0,3,0
2020-04-17,Contra Costa,013,1133247,843,687,0,687,15
2020-04-17,Del Norte,015,27424,2,2,0,2,0
2020-04-17,El Dorado,017,186661,54,35,0,35,0
2020-04-17,Fresno,019,978130,600,315,6,321,7
2020-04-17,Glenn,021,27897,4,3,0,3,0
2020-04-17,Humboldt,023,135768,57,52,0,52,0
2020-04-17,Imperial,025,180216,299,135,0,135,2
2020-04-17,Inyo,027,18085,19,17,0,17,0
2020-04-17,Kern,029,883053,809,612,1,613,3
2020-04-17,Kings,031,150075,67,15,1,16,1
2020-04-17,Lake,033,64148,6,6,0,6,0
2020-04-17,Lassen,035,31185,3,0,2,2,0
2020-04-17,Los Angeles,037,10098052,18607,11354,14,11368,489
2020-04-17,Madera,039,155013,71,34,1,35,2
2020-04-17,Marin,041,260295,207,189,1,190,10
2020-04-17,Mariposa,043,17540,1,0,0,0,0
2020-04-17,Mendocino,045,87422,6,4,0,4,0
2020-04-17,Merced,047,269075,128,80,0,80,3
2020-04-17,Modoc,049,8938,0,0,0,0,0
2020-04-17,Mono,051,14174,29,22,0,22,1
2020-04-17,Monterey,053,433212,196,119,0,119,3
2020-04-17,Napa,055,140530,62,46,0,46,2
2020-04-17,Nevada,057,99092,38,34,1,35,1
2020-04-17,Orange,059,3164182,2397,1496,20,1516,31
2020-04-17,Placer,061,380077,152,130,0,130,8
2020-04-17,Plumas,063,18699,4,4,0,4,0
2020-04-17,Riverside,065,2383286,3526,2080,14,2094,50
2020-04-17,Sacramento,067,1510023,995,882,0,882,32
2020-04-17,San Benito,069,59416,43,38,0,38,2
2020-04-17,San Bernardino,071,2135413,1799,1229,1,1230,57
2020-04-17,San Diego,073,3302833,2909,2160,0,2160,70
2020-04-17,San Francisco,075,870044,1392,1090,0,1090,19
2020-04-17,San Joaquin,077,732212,487,356,3,359,17
2020-04-17,San Luis Obispo,079,281455,189,116,3,119,1
2020-04-17,San Mateo,081,765935,1124,768,2,770,31
2020-04-17,Santa Barbara,083,443738,451,349,2,351,3
2020-04-17,Santa Clara,085,1922200,2238,1834,5,1839,74
2020-04-17,Santa Cruz,087,273765,123,94,0,94,2
2020-04-17,Shasta,089,179085,31,26,0,26,3
2020-04-17,Sierra,091,2930,0,0,0,0,0
2020-04-17,Siskiyou,093,43540,5,5,0,5,0
2020-04-17,Solano,095,438530,224,173,0,173,2
2020-04-17,Sonoma,097,501317,204,167,0,167,1
2020-04-17,Stanislaus,099,539301,283,201,4,205,3
2020-04-17,Sutter,101,95872,26,20,0,20,2
2020-04-17,Tehama,103,63373,1,1,0,1,1
2020-04-17,Trinity,105,12862,0,0,0,0,0
2020-04-17,Tulare,107,460477,594,370,5,375,17
2020-04-17,Tuolumne,109,53932,3,2,0,2,0
2020-04-17,Ventura,111,848112,544,398,1,399,13
2020-04-17,Yolo,113,214977,173,117,0,117,5
2020-04-17,Yuba,115,75493,16,14,0,14,1
2020-04-16,Alameda,001,1643700,1380,981,1,982,39
2020-04-16,Alpine,003,1148,1,1,0,1,0
2020-04-16,Amador,005,37829,7,7,0,7,0
2020-04-16,Butte,007,227075,20,15,1,16,0
2020-04-16,Calaveras,009,45235,12,10,0,10,0
2020-04-16,Colusa,011,21464,3,3,0,3,0
2020-04-16,Contra Costa,013,1133247,829,675,0,675,14
2020-04-16,Del Norte,015,27424,2,2,0,2,0
2020-04-16,El Dorado,017,186661,53,34,0,34,0
2020-04-16,Fresno,019,978130,570,289,6,295,7
2020-04-16,Glenn,021,27897,4,3,0,3,0
2020-04-16,Humboldt,023,135768,57,47,0,47,0
2020-04-16,Imperial,025,180216,285,132,0,132,2
2020-04-16,Inyo,027,18085,17,17,0,17,0
2020-04-16,Kern,029,883053,782,587,1,588,3
2020-04-16,Kings,031,150075,63,12,1,13,1
2020-04-16,Lake,033,64148,6,6,0,6,0
2020-04-16,Lassen,035,31185,3,0,2,2,0
2020-04-16,Los Angeles,037,10098052,17721,10786,14,10800,447
2020-04-16,Madera,039,155013,69,34,1,35,2
2020-04-16,Marin,041,260295,203,170,1,171,10
2020-04-16,Mariposa,043,17540,1,1,0,1,0
2020-04-16,Mendocino,045,87422,6,4,0,4,0
2020-04-16,Merced,047,269075,122,76,0,76,3
2020-04-16,Modoc,049,8938,0,0,0,0,0
2020-04-16,Mono,051,14174,29,22,0,22,1
2020-04-16,Monterey,053,433212,193,116,0,116,3
2020-04-16,Napa,055,140530,59,44,0,44,2
2020-04-16,Nevada,057,99092,38,34,1,35,1
2020-04-16,Orange,059,3164182,2332,1439,19,1458,28
2020-04-16,Placer,061,380077,150,129,0,129,7
2020-04-16,Plumas,063,18699,4,4,0,4,0
2020-04-16,Riverside,065,2383286,3406,1913,14,1927,45
2020-04-16,Sacramento,067,1510023,987,865,0,865,32
2020-04-16,San Benito,069,59416,43,36,0,36,2
2020-04-16,San Bernardino,071,2135413,1717,1143,0,1143,54
2020-04-16,San Diego,073,3302833,2801,2089,0,2089,63
2020-04-16,San Francisco,075,870044,1348,1039,0,1039,16
2020-04-16,San Joaquin,077,732212,472,345,3,348,17
2020-04-16,San Luis Obispo,079,281455,185,113,3,116,1
2020-04-16,San Mateo,081,765935,1095,745,2,747,29
2020-04-16,Santa Barbara,083,443738,440,331,2,333,3
2020-04-16,Santa Clara,085,1922200,2201,1789,5,1794,70
2020-04-16,Santa Cruz,087,273765,121,90,0,90,2
2020-04-16,Shasta,089,179085,31,25,0,25,3
2020-04-16,Sierra,091,2930,0,0,0,0,0
2020-04-16,Siskiyou,093,43540,5,5,0,5,0
2020-04-16,Solano,095,438530,221,162,0,162,2
2020-04-16,Sonoma,097,501317,199,145,0,145,1
2020-04-16,Stanislaus,099,539301,280,185,4,189,3
2020-04-16,Sutter,101,95872,25,21,0,21,2
2020-04-16,Tehama,103,63373,1,1,0,1,1
2020-04-16,Trinity,105,12862,0,0,0,0,0
2020-04-16,Tulare,107,460477,577,305,5,310,16
2020-04-16,Tuolumne,109,53932,3,1,0,1,0
2020-04-16,Ventura,111,848112,532,384,1,385,13
2020-04-16,Yolo,113,214977,171,98,0,98,4
2020-04-16,Yuba,115,75493,15,14,0,14,1
2020-04-15,Alameda,001,1643700,1330,915,1,916,38
2020-04-15,Alpine,003,1148,1,1,0,1,0
2020-04-15,Amador,005,37829,7,7,0,7,0
2020-04-15,Butte,007,227075,20,14,1,15,0
2020-04-15,Calaveras,009,45235,11,9,0,9,0
2020-04-15,Colusa,011,21464,3,3,0,3,0
2020-04-15,Contra Costa,013,1133247,807,645,0,645,14
2020-04-15,Del Norte,015,27424,2,2,0,2,0
2020-04-15,El Dorado,017,186661,51,33,0,33,0
2020-04-15,Fresno,019,978130,544,264,6,270,7
2020-04-15,Glenn,021,27897,4,3,0,3,0
2020-04-15,Humboldt,023,135768,57,47,0,47,0
2020-04-15,Imperial,025,180216,258,115,0,115,2
2020-04-15,Inyo,027,18085,17,12,0,12,0
2020-04-15,Kern,029,883053,760,500,1,501,3
2020-04-15,Kings,031,150075,59,12,1,13,1
2020-04-15,Lake,033,64148,6,4,0,4,0
2020-04-15,Lassen,035,31185,3,0,2,2,0
2020-04-15,Los Angeles,037,10098052,16901,10416,13,10429,394
2020-04-15,Madera,039,155013,69,30,1,31,2
2020-04-15,Marin,041,260295,200,162,1,163,10
2020-04-15,Mariposa,043,17540,0,0,0,0,0
2020-04-15,Mendocino,045,87422,5,4,0,4,0
2020-04-15,Merced,047,269075,120,74,0,74,3
2020-04-15,Modoc,049,8938,0,0,0,0,0
2020-04-15,Mono,051,14174,29,22,0,22,1
2020-04-15,Monterey,053,433212,185,106,0,106,3
2020-04-15,Napa,055,140530,56,34,0,34,2
2020-04-15,Nevada,057,99092,37,34,1,35,1
2020-04-15,Orange,059,3164182,2229,1377,19,1396,24
2020-04-15,Placer,061,380077,149,123,0,123,6
2020-04-15,Plumas,063,18699,4,4,0,4,0
2020-04-15,Riverside,065,2383286,3211,1723,14,1737,42
2020-04-15,Sacramento,067,1510023,978,839,0,839,32
2020-04-15,San Benito,069,59416,43,34,0,34,2
2020-04-15,San Bernardino,071,2135413,1647,1063,0,1063,45
2020-04-15,San Diego,073,3302833,2713,2014,0,2014,60
2020-04-15,San Francisco,075,870044,1312,1006,0,1006,16
2020-04-15,San Joaquin,077,732212,464,329,3,332,17
2020-04-15,San Luis Obispo,079,281455,177,112,3,115,1
2020-04-15,San Mateo,081,765935,1046,707,2,709,28
2020-04-15,Santa Barbara,083,443738,424,317,2,319,2
2020-04-15,Santa Clara,085,1922200,2162,1692,5,1697,69
2020-04-15,Santa Cruz,087,273765,117,92,0,92,2
2020-04-15,Shasta,089,179085,31,25,0,25,3
2020-04-15,Sierra,091,2930,0,0,0,0,0
2020-04-15,Siskiyou,093,43540,5,5,0,5,0
2020-04-15,Solano,095,438530,216,153,0,153,2
2020-04-15,Sonoma,097,501317,197,140,0,140,1
2020-04-15,Stanislaus,099,539301,273,174,4,178,3
2020-04-15,Sutter,101,95872,25,19,0,19,2
2020-04-15,Tehama,103,63373,1,1,0,1,1
2020-04-15,Trinity,105,12862,0,0,0,0,0
2020-04-15,Tulare,107,460477,559,289,5,294,14
2020-04-15,Tuolumne,109,53932,3,1,0,1,0
2020-04-15,Ventura,111,848112,517,365,1,366,13
2020-04-15,Yolo,113,214977,164,93,0,93,3
2020-04-15,Yuba,115,75493,15,15,0,15,1
2020-04-14,Alameda,001,1643700,1285,843,1,844,30
2020-04-14,Alpine,003,1148,1,1,0,1,0
2020-04-14,Amador,005,37829,7,6,0,6,0
2020-04-14,Butte,007,227075,20,13,1,14,0
2020-04-14,Calaveras,009,45235,11,5,0,5,0
2020-04-14,Colusa,011,21464,3,3,0,3,0
2020-04-14,Contra Costa,013,1133247,795,617,0,617,12
2020-04-14,Del Norte,015,27424,2,2,0,2,0
2020-04-14,El Dorado,017,186661,51,30,0,30,0
2020-04-14,Fresno,019,978130,521,244,6,250,6
2020-04-14,Glenn,021,27897,4,3,0,3,0
2020-04-14,Humboldt,023,135768,57,44,0,44,0
2020-04-14,Imperial,025,180216,238,86,0,86,2
2020-04-14,Inyo,027,18085,17,12,0,12,0
2020-04-14,Kern,029,883053,736,453,1,454,3
2020-04-14,Kings,031,150075,58,12,1,13,1
2020-04-14,Lake,033,64148,6,3,0,3,0
2020-04-14,Lassen,035,31185,3,0,2,2,0
2020-04-14,Los Angeles,037,10098052,16006,9948,12,9960,357
2020-04-14,Madera,039,155013,68,29,1,30,2
2020-04-14,Marin,041,260295,196,147,1,148,9
2020-04-14,Mariposa,043,17540,0,0,0,0,0
2020-04-14,Mendocino,045,87422,5,4,0,4,0
2020-04-14,Merced,047,269075,113,61,0,61,3
2020-04-14,Modoc,049,8938,0,0,0,0,0
2020-04-14,Mono,051,14174,29,22,0,22,1
2020-04-14,Monterey,053,433212,180,98,0,98,3
2020-04-14,Napa,055,140530,56,33,0,33,2
2020-04-14,Nevada,057,99092,37,34,1,35,1
2020-04-14,Orange,059,3164182,2127,1362,19,1381,24
2020-04-14,Placer,061,380077,148,117,0,117,5
2020-04-14,Plumas,063,18699,4,3,0,3,0
2020-04-14,Riverside,065,2383286,3076,1467,14,1481,40
2020-04-14,Sacramento,067,1510023,969,737,0,737,29
2020-04-14,San Benito,069,59416,40,34,0,34,2
2020-04-14,San Bernardino,071,2135413,1592,933,0,933,37
2020-04-14,San Diego,073,3302833,2618,1932,0,1932,53
2020-04-14,San Francisco,075,870044,1258,968,0,968,14
2020-04-14,San Joaquin,077,732212,454,280,3,283,17
2020-04-14,San Luis Obispo,079,281455,174,109,3,112,1
2020-04-14,San Mateo,081,765935,1012,681,2,683,28
2020-04-14,Santa Barbara,083,443738,400,292,2,294,2
2020-04-14,Santa Clara,085,1922200,2129,1561,5,1566,63
2020-04-14,Santa Cruz,087,273765,109,84,0,84,2
2020-04-14,Shasta,089,179085,31,24,0,24,3
2020-04-14,Sierra,091,2930,0,0,0,0,0
2020-04-14,Siskiyou,093,43540,5,5,0,5,0
2020-04-14,Solano,095,438530,213,140,0,140,2
2020-04-14,Sonoma,097,501317,193,133,0,133,1
2020-04-14,Stanislaus,099,539301,260,136,4,140,3
2020-04-14,Sutter,101,95872,24,19,0,19,2
2020-04-14,Tehama,103,63373,1,1,0,1,1
2020-04-14,Trinity,105,12862,0,0,0,0,0
2020-04-14,Tulare,107,460477,535,228,5,233,12
2020-04-14,Tuolumne,109,53932,3,0,0,0,0
2020-04-14,Ventura,111,848112,504,328,1,329,11
2020-04-14,Yolo,113,214977,161,81,0,81,3
2020-04-14,Yuba,115,75493,14,14,0,14,1
2020-04-13,Alameda,001,1643700,1246,821,1,822,23
2020-04-13,Alpine,003,1148,1,1,0,1,0
2020-04-13,Amador,005,37829,7,6,0,6,0
2020-04-13,Butte,007,227075,20,13,1,14,0
2020-04-13,Calaveras,009,45235,10,5,0,5,0
2020-04-13,Colusa,011,21464,3,3,0,3,0
2020-04-13,Contra Costa,013,1133247,779,569,0,569,12
2020-04-13,Del Norte,015,27424,2,2,0,2,0
2020-04-13,El Dorado,017,186661,49,29,0,29,0
2020-04-13,Fresno,019,978130,499,205,5,210,4
2020-04-13,Glenn,021,27897,4,3,0,3,0
2020-04-13,Humboldt,023,135768,57,44,0,44,0
2020-04-13,Imperial,025,180216,220,82,0,82,2
2020-04-13,Inyo,027,18085,17,12,0,12,0
2020-04-13,Kern,029,883053,711,346,1,347,3
2020-04-13,Kings,031,150075,54,9,1,10,0
2020-04-13,Lake,033,64148,6,3,0,3,0
2020-04-13,Lassen,035,31185,3,0,2,2,0
2020-04-13,Los Angeles,037,10098052,15292,9367,12,9379,317
2020-04-13,Madera,039,155013,66,29,1,30,2
2020-04-13,Marin,041,260295,192,144,1,145,6
2020-04-13,Mariposa,043,17540,0,0,0,0,0
2020-04-13,Mendocino,045,87422,5,4,0,4,0
2020-04-13,Merced,047,269075,112,60,0,60,3
2020-04-13,Modoc,049,8938,0,0,0,0,0
2020-04-13,Mono,051,14174,29,21,0,21,1
2020-04-13,Monterey,053,433212,173,86,0,86,3
2020-04-13,Napa,055,140530,55,30,0,30,2
2020-04-13,Nevada,057,99092,37,24,1,25,1
2020-04-13,Orange,059,3164182,2054,1313,19,1332,21
2020-04-13,Placer,061,380077,147,116,0,116,5
2020-04-13,Plumas,063,18699,4,3,0,3,0
2020-04-13,Riverside,065,2383286,2935,1460,13,1473,35
2020-04-13,Sacramento,067,1510023,957,723,0,723,25
2020-04-13,San Benito,069,59416,39,33,0,33,2
2020-04-13,San Bernardino,071,2135413,1517,920,0,920,30
2020-04-13,San Diego,073,3302833,2535,1849,0,1849,47
2020-04-13,San Francisco,075,870044,1220,948,0,948,12
2020-04-13,San Joaquin,077,732212,439,255,3,258,16
2020-04-13,San Luis Obispo,079,281455,169,106,3,109,1
2020-04-13,San Mateo,081,765935,972,679,2,681,25
2020-04-13,Santa Barbara,083,443738,381,271,1,272,2
2020-04-13,Santa Clara,085,1922200,2083,1540,5,1545,58
2020-04-13,Santa Cruz,087,273765,103,82,0,82,1
2020-04-13,Shasta,089,179085,30,24,0,24,3
2020-04-13,Sierra,091,2930,0,0,0,0,0
2020-04-13,Siskiyou,093,43540,5,5,0,5,0
2020-04-13,Solano,095,438530,210,136,0,136,2
2020-04-13,Sonoma,097,501317,186,133,0,133,1
2020-04-13,Stanislaus,099,539301,254,130,4,134,1
2020-04-13,Sutter,101,95872,24,18,0,18,2
2020-04-13,Tehama,103,63373,1,1,0,1,0
2020-04-13,Trinity,105,12862,0,0,0,0,0
2020-04-13,Tulare,107,460477,499,185,5,190,11
2020-04-13,Tuolumne,109,53932,3,0,0,0,0
2020-04-13,Ventura,111,848112,483,309,0,309,9
2020-04-13,Yolo,113,214977,154,81,0,81,3
2020-04-13,Yuba,115,75493,14,13,0,13,1
2020-04-12,Alameda,001,1643700,1203,774,1,775,23
2020-04-12,Alpine,003,1148,1,1,0,1,0
2020-04-12,Amador,005,37829,7,6,0,6,0
2020-04-12,Butte,007,227075,20,13,1,14,0
2020-04-12,Calaveras,009,45235,10,5,0,5,0
2020-04-12,Colusa,011,21464,3,3,0,3,0
2020-04-12,Contra Costa,013,1133247,766,553,0,553,12
2020-04-12,Del Norte,015,27424,2,2,0,2,0
2020-04-12,El Dorado,017,186661,49,28,0,28,0
2020-04-12,Fresno,019,978130,470,205,5,210,4
2020-04-12,Glenn,021,27897,4,3,0,3,0
2020-04-12,Humboldt,023,135768,57,43,0,43,0
2020-04-12,Imperial,025,180216,197,78,0,78,2
2020-04-12,Inyo,027,18085,15,12,0,12,0
2020-04-12,Kern,029,883053,679,319,0,319,3
2020-04-12,Kings,031,150075,52,9,1,10,0
2020-04-12,Lake,033,64148,6,3,0,3,0
2020-04-12,Lassen,035,31185,3,0,2,2,0
2020-04-12,Los Angeles,037,10098052,14579,9133,12,9145,294
2020-04-12,Madera,039,155013,65,29,1,30,2
2020-04-12,Marin,041,260295,181,138,1,139,6
2020-04-12,Mariposa,043,17540,0,0,0,0,0
2020-04-12,Mendocino,045,87422,5,4,0,4,0
2020-04-12,Merced,047,269075,106,58,0,58,3
2020-04-12,Modoc,049,8938,0,0,0,0,0
2020-04-12,Mono,051,14174,29,20,0,20,1
2020-04-12,Monterey,053,433212,159,85,0,85,3
2020-04-12,Napa,055,140530,53,29,0,29,2
2020-04-12,Nevada,057,99092,37,24,1,25,1
2020-04-12,Orange,059,3164182,1994,1283,18,1301,21
2020-04-12,Placer,061,380077,146,114,0,114,4
2020-04-12,Plumas,063,18699,4,3,0,3,0
2020-04-12,Riverside,065,2383286,2753,1330,13,1343,34
2020-04-12,Sacramento,067,1510023,920,689,0,689,25
2020-04-12,San Benito,069,59416,37,33,0,33,2
2020-04-12,San Bernardino,071,2135413,1440,827,0,827,30
2020-04-12,San Diego,073,3302833,2445,1806,0,1806,45
2020-04-12,San Francisco,075,870044,1193,886,0,886,11
2020-04-12,San Joaquin,077,732212,421,246,3,249,15
2020-04-12,San Luis Obispo,079,281455,166,102,2,104,1
2020-04-12,San Mateo,081,765935,946,664,2,666,25
2020-04-12,Santa Barbara,083,443738,362,261,1,262,2
2020-04-12,Santa Clara,085,1922200,2055,1461,5,1466,53
2020-04-12,Santa Cruz,087,273765,102,80,0,80,1
2020-04-12,Shasta,089,179085,30,24,0,24,3
2020-04-12,Sierra,091,2930,0,0,0,0,0
2020-04-12,Siskiyou,093,43540,5,5,0,5,0
2020-04-12,Solano,095,438530,204,136,0,136,2
2020-04-12,Sonoma,097,501317,183,131,0,131,1
2020-04-12,Stanislaus,099,539301,246,117,4,121,1
2020-04-12,Sutter,101,95872,23,18,0,18,2
2020-04-12,Tehama,103,63373,1,1,0,1,0
2020-04-12,Trinity,105,12862,0,0,0,0,0
2020-04-12,Tulare,107,460477,487,166,5,171,11
2020-04-12,Tuolumne,109,53932,3,0,0,0,0
2020-04-12,Ventura,111,848112,473,306,0,306,9
2020-04-12,Yolo,113,214977,139,67,0,67,3
2020-04-12,Yuba,115,75493,14,13,0,13,1
2020-04-11,Alameda,001,1643700,1162,751,1,752,23
2020-04-11,Alpine,003,1148,1,1,0,1,0
2020-04-11,Amador,005,37829,7,6,0,6,0
2020-04-11,Butte,007,227075,20,13,1,14,0
2020-04-11,Calaveras,009,45235,10,5,0,5,0
2020-04-11,Colusa,011,21464,3,3,0,3,0
2020-04-11,Contra Costa,013,1133247,757,550,0,550,12
2020-04-11,Del Norte,015,27424,2,2,0,2,0
2020-04-11,El Dorado,017,186661,48,29,0,29,0
2020-04-11,Fresno,019,978130,460,201,5,206,4
2020-04-11,Glenn,021,27897,4,3,0,3,0
2020-04-11,Humboldt,023,135768,57,38,0,38,0
2020-04-11,Imperial,025,180216,187,78,0,78,2
2020-04-11,Inyo,027,18085,15,12,0,12,0
2020-04-11,Kern,029,883053,651,304,0,304,3
2020-04-11,Kings,031,150075,49,9,1,10,0
2020-04-11,Lake,033,64148,6,3,0,3,0
2020-04-11,Lassen,035,31185,3,0,2,2,0
2020-04-11,Los Angeles,037,10098052,14108,8823,12,8835,262
2020-04-11,Madera,039,155013,64,29,1,30,2
2020-04-11,Marin,041,260295,178,136,1,137,6
2020-04-11,Mariposa,043,17540,0,0,0,0,0
2020-04-11,Mendocino,045,87422,5,4,0,4,0
2020-04-11,Merced,047,269075,103,59,0,59,3
2020-04-11,Modoc,049,8938,0,0,0,0,0
2020-04-11,Mono,051,14174,29,20,0,20,1
2020-04-11,Monterey,053,433212,153,78,0,78,3
2020-04-11,Napa,055,140530,53,29,0,29,2
2020-04-11,Nevada,057,99092,37,24,1,25,1
2020-04-11,Orange,059,3164182,1932,1267,18,1285,21
2020-04-11,Placer,061,380077,146,113,0,113,4
2020-04-11,Plumas,063,18699,4,3,0,3,0
2020-04-11,Riverside,065,2383286,2674,1260,13,1273,33
2020-04-11,Sacramento,067,1510023,909,685,0,685,25
2020-04-11,San Benito,069,59416,37,33,0,33,2
2020-04-11,San Bernardino,071,2135413,1404,826,0,826,28
2020-04-11,San Diego,073,3302833,2379,1763,0,1763,45
2020-04-11,San Francisco,075,870044,1171,860,0,860,11
2020-04-11,San Joaquin,077,732212,416,244,3,247,15
2020-04-11,San Luis Obispo,079,281455,166,100,1,101,1
2020-04-11,San Mateo,081,765935,934,662,2,664,25
2020-04-11,Santa Barbara,083,443738,354,258,1,259,2
2020-04-11,Santa Clara,085,1922200,1996,1441,5,1446,51
2020-04-11,Santa Cruz,087,273765,102,79,0,79,1
2020-04-11,Shasta,089,179085,30,24,0,24,3
2020-04-11,Sierra,091,2930,0,0,0,0,0
2020-04-11,Siskiyou,093,43540,5,5,0,5,0
2020-04-11,Solano,095,438530,200,138,0,138,2
2020-04-11,Sonoma,097,501317,181,131,0,131,1
2020-04-11,Stanislaus,099,539301,238,119,3,122,1
2020-04-11,Sutter,101,95872,23,18,0,18,2
2020-04-11,Tehama,103,63373,1,1,0,1,0
2020-04-11,Trinity,105,12862,0,0,0,0,0
2020-04-11,Tulare,107,460477,465,168,5,173,10
2020-04-11,Tuolumne,109,53932,3,0,0,0,0
2020-04-11,Ventura,111,848112,463,304,0,304,9
2020-04-11,Yolo,113,214977,136,67,0,67,3
2020-04-11,Yuba,115,75493,14,13,0,13,1
2020-04-10,Alameda,001,1643700,1121,706,1,707,21
2020-04-10,Alpine,003,1148,1,1,0,1,0
2020-04-10,Amador,005,37829,7,5,0,5,0
2020-04-10,Butte,007,227075,20,13,1,14,0
2020-04-10,Calaveras,009,45235,10,5,0,5,0
2020-04-10,Colusa,011,21464,3,3,0,3,0
2020-04-10,Contra Costa,013,1133247,744,537,0,537,10
2020-04-10,Del Norte,015,27424,2,2,0,2,0
2020-04-10,El Dorado,017,186661,48,26,0,26,0
2020-04-10,Fresno,019,978130,453,186,4,190,3
2020-04-10,Glenn,021,27897,4,3,0,3,0
2020-04-10,Humboldt,023,135768,57,36,0,36,0
2020-04-10,Imperial,025,180216,180,70,0,70,2
2020-04-10,Inyo,027,18085,13,11,0,11,0
2020-04-10,Kern,029,883053,627,272,0,272,3
2020-04-10,Kings,031,150075,46,7,1,8,0
2020-04-10,Lake,033,64148,6,3,0,3,0
2020-04-10,Lassen,035,31185,3,0,2,2,0
2020-04-10,Los Angeles,037,10098052,13594,8384,11,8395,239
2020-04-10,Madera,039,155013,63,29,1,30,2
2020-04-10,Marin,041,260295,173,128,1,129,6
2020-04-10,Mariposa,043,17540,0,0,0,0,0
2020-04-10,Mendocino,045,87422,5,4,0,4,0
2020-04-10,Merced,047,269075,100,56,0,56,3
2020-04-10,Modoc,049,8938,0,0,0,0,0
2020-04-10,Mono,051,14174,29,20,0,20,1
2020-04-10,Monterey,053,433212,142,78,0,78,3
2020-04-10,Napa,055,140530,50,28,0,28,2
2020-04-10,Nevada,057,99092,37,23,1,24,1
2020-04-10,Orange,059,3164182,1885,1167,18,1185,21
2020-04-10,Placer,061,380077,145,112,0,112,4
2020-04-10,Plumas,063,18699,4,3,0,3,0
2020-04-10,Riverside,065,2383286,2608,1162,13,1175,30
2020-04-10,Sacramento,067,1510023,900,642,0,642,24
2020-04-10,San Benito,069,59416,37,32,0,32,2
2020-04-10,San Bernardino,071,2135413,1356,779,0,779,27
2020-04-10,San Diego,073,3302833,2319,1695,0,1695,44
2020-04-10,San Francisco,075,870044,1140,797,0,797,10
2020-04-10,San Joaquin,077,732212,404,234,3,237,14
2020-04-10,San Luis Obispo,079,281455,166,97,1,98,1
2020-04-10,San Mateo,081,765935,918,642,2,644,24
2020-04-10,Santa Barbara,083,443738,346,254,1,255,2
2020-04-10,Santa Clara,085,1922200,1944,1351,5,1356,50
2020-04-10,Santa Cruz,087,273765,101,75,0,75,1
2020-04-10,Shasta,089,179085,30,24,0,24,3
2020-04-10,Sierra,091,2930,0,0,0,0,0
2020-04-10,Siskiyou,093,43540,5,5,0,5,0
2020-04-10,Solano,095,438530,197,129,0,129,2
2020-04-10,Sonoma,097,501317,180,129,0,129,1
2020-04-10,Stanislaus,099,539301,231,101,3,104,0
2020-04-10,Sutter,101,95872,23,18,0,18,2
2020-04-10,Tehama,103,63373,1,1,0,1,0
2020-04-10,Trinity,105,12862,0,0,0,0,0
2020-04-10,Tulare,107,460477,423,163,5,168,10
2020-04-10,Tuolumne,109,53932,3,0,0,0,0
2020-04-10,Ventura,111,848112,454,290,0,290,9
2020-04-10,Yolo,113,214977,134,62,0,62,3
2020-04-10,Yuba,115,75493,14,13,0,13,1
2020-04-09,Alameda,001,1643700,1071,641,1,642,17
2020-04-09,Alpine,003,1148,1,1,0,1,0
2020-04-09,Amador,005,37829,7,2,0,2,0
2020-04-09,Butte,007,227075,19,12,1,13,0
2020-04-09,Calaveras,009,45235,10,5,0,5,0
2020-04-09,Colusa,011,21464,3,3,0,3,0
2020-04-09,Contra Costa,013,1133247,701,505,0,505,7
2020-04-09,Del Norte,015,27424,2,2,0,2,0
2020-04-09,El Dorado,017,186661,47,25,0,25,0
2020-04-09,Fresno,019,978130,428,165,4,169,3
2020-04-09,Glenn,021,27897,4,2,0,2,0
2020-04-09,Humboldt,023,135768,57,36,0,36,0
2020-04-09,Imperial,025,180216,159,67,0,67,2
2020-04-09,Inyo,027,18085,12,11,0,11,0
2020-04-09,Kern,029,883053,591,241,0,241,2
2020-04-09,Kings,031,150075,43,5,1,6,0
2020-04-09,Lake,033,64148,5,1,0,1,0
2020-04-09,Lassen,035,31185,3,0,2,2,0
2020-04-09,Los Angeles,037,10098052,12966,7919,11,7930,220
2020-04-09,Madera,039,155013,63,28,1,29,2
2020-04-09,Marin,041,260295,171,126,1,127,7
2020-04-09,Mariposa,043,17540,0,0,0,0,0
2020-04-09,Mendocino,045,87422,5,4,0,4,0
2020-04-09,Merced,047,269075,97,41,0,41,3
2020-04-09,Modoc,049,8938,0,0,0,0,0
2020-04-09,Mono,051,14174,29,19,0,19,1
2020-04-09,Monterey,053,433212,124,70,0,70,3
2020-04-09,Napa,055,140530,46,27,0,27,2
2020-04-09,Nevada,057,99092,36,23,1,24,1
2020-04-09,Orange,059,3164182,1811,1105,18,1123,19
2020-04-09,Placer,061,380077,144,107,0,107,4
2020-04-09,Plumas,063,18699,4,3,0,3,0
2020-04-09,Riverside,065,2383286,2465,1083,13,1096,29
2020-04-09,Sacramento,067,1510023,877,601,0,601,21
2020-04-09,San Benito,069,59416,37,32,0,32,2
2020-04-09,San Bernardino,071,2135413,1287,717,0,717,27
2020-04-09,San Diego,073,3302833,2223,1630,0,1630,40
2020-04-09,San Francisco,075,870044,1120,748,0,748,8
2020-04-09,San Joaquin,077,732212,383,223,3,226,14
2020-04-09,San Luis Obispo,079,281455,158,93,1,94,1
2020-04-09,San Mateo,081,765935,902,630,2,632,23
2020-04-09,Santa Barbara,083,443738,336,232,1,233,2
2020-04-09,Santa Clara,085,1922200,1874,1301,5,1306,49
2020-04-09,Santa Cruz,087,273765,101,73,0,73,1
2020-04-09,Shasta,089,179085,30,22,0,22,3
2020-04-09,Sierra,091,2930,0,0,0,0,0
2020-04-09,Siskiyou,093,43540,5,4,0,4,0
2020-04-09,Solano,095,438530,188,118,0,118,2
2020-04-09,Sonoma,097,501317,176,113,0,113,1
2020-04-09,Stanislaus,099,539301,219,93,3,96,0
2020-04-09,Sutter,101,95872,23,17,0,17,2
2020-04-09,Tehama,103,63373,1,1,0,1,0
2020-04-09,Trinity,105,12862,0,0,0,0,0
2020-04-09,Tulare,107,460477,394,147,5,152,9
2020-04-09,Tuolumne,109,53932,3,0,0,0,0
2020-04-09,Ventura,111,848112,435,273,0,273,9
2020-04-09,Yolo,113,214977,125,59,0,59,3
2020-04-09,Yuba,115,75493,14,13,0,13,0
2020-04-08,Alameda,001,1643700,1029,594,1,595,15
2020-04-08,Alpine,003,1148,1,1,0,1,0
2020-04-08,Amador,005,37829,7,2,0,2,0
2020-04-08,Butte,007,227075,18,11,1,12,0
2020-04-08,Calaveras,009,45235,10,5,0,5,0
2020-04-08,Colusa,011,21464,3,3,0,3,0
2020-04-08,Contra Costa,013,1133247,688,481,0,481,7
2020-04-08,Del Norte,015,27424,2,2,0,2,0
2020-04-08,El Dorado,017,186661,47,25,0,25,0
2020-04-08,Fresno,019,978130,408,151,4,155,3
2020-04-08,Glenn,021,27897,4,2,0,2,0
2020-04-08,Humboldt,023,135768,57,40,0,40,0
2020-04-08,Imperial,025,180216,148,59,0,59,2
2020-04-08,Inyo,027,18085,12,11,0,11,0
2020-04-08,Kern,029,883053,550,198,0,198,2
2020-04-08,Kings,031,150075,43,5,1,6,0
2020-04-08,Lake,033,64148,5,1,0,1,0
2020-04-08,Lassen,035,31185,3,0,2,2,0
2020-04-08,Los Angeles,037,10098052,12364,7505,11,7516,196
2020-04-08,Madera,039,155013,62,28,1,29,2
2020-04-08,Marin,041,260295,165,125,1,126,7
2020-04-08,Mariposa,043,17540,0,0,0,0,0
2020-04-08,Mendocino,045,87422,5,4,0,4,0
2020-04-08,Merced,047,269075,82,35,0,35,1
2020-04-08,Modoc,049,8938,0,0,0,0,0
2020-04-08,Mono,051,14174,29,19,0,19,1
2020-04-08,Monterey,053,433212,115,68,0,68,3
2020-04-08,Napa,055,140530,44,21,0,21,2
2020-04-08,Nevada,057,99092,36,21,1,22,1
2020-04-08,Orange,059,3164182,1748,1034,18,1052,19
2020-04-08,Placer,061,380077,144,102,0,102,4
2020-04-08,Plumas,063,18699,4,3,0,3,0
2020-04-08,Riverside,065,2383286,2308,974,13,987,28
2020-04-08,Sacramento,067,1510023,843,565,0,565,21
2020-04-08,San Benito,069,59416,37,31,0,31,2
2020-04-08,San Bernardino,071,2135413,1230,635,0,635,22
2020-04-08,San Diego,073,3302833,2149,1532,0,1532,36
2020-04-08,San Francisco,075,870044,1053,687,0,687,7
2020-04-08,San Joaquin,077,732212,366,211,3,214,12
2020-04-08,San Luis Obispo,079,281455,156,90,1,91,1
2020-04-08,San Mateo,081,765935,887,608,2,610,22
2020-04-08,Santa Barbara,083,443738,319,221,1,222,2
2020-04-08,Santa Clara,085,1922200,1829,1257,5,1262,47
2020-04-08,Santa Cruz,087,273765,100,69,0,69,1
2020-04-08,Shasta,089,179085,30,18,0,18,3
2020-04-08,Sierra,091,2930,0,0,0,0,0
2020-04-08,Siskiyou,093,43540,5,4,0,4,0
2020-04-08,Solano,095,438530,175,111,0,111,2
2020-04-08,Sonoma,097,501317,171,107,0,107,1
2020-04-08,Stanislaus,099,539301,203,86,3,89,0
2020-04-08,Sutter,101,95872,22,17,0,17,2
2020-04-08,Tehama,103,63373,1,1,0,1,0
2020-04-08,Trinity,105,12862,0,0,0,0,0
2020-04-08,Tulare,107,460477,363,145,5,150,6
2020-04-08,Tuolumne,109,53932,3,0,0,0,0
2020-04-08,Ventura,111,848112,426,263,0,263,7
2020-04-08,Yolo,113,214977,108,56,0,56,3
2020-04-08,Yuba,115,75493,14,10,0,10,0
2020-04-07,Alameda,001,1643700,994,560,1,561,14
2020-04-07,Alpine,003,1148,1,1,0,1,0
2020-04-07,Amador,005,37829,7,2,0,2,0
2020-04-07,Butte,007,227075,17,11,1,12,0
2020-04-07,Calaveras,009,45235,9,5,0,5,0
2020-04-07,Colusa,011,21464,3,2,0,2,0
2020-04-07,Contra Costa,013,1133247,668,471,0,471,7
2020-04-07,Del Norte,015,27424,2,2,0,2,0
2020-04-07,El Dorado,017,186661,46,22,0,22,0
2020-04-07,Fresno,019,978130,393,138,4,142,3
2020-04-07,Glenn,021,27897,4,2,0,2,0
2020-04-07,Humboldt,023,135768,56,40,0,40,0
2020-04-07,Imperial,025,180216,129,53,0,53,2
2020-04-07,Inyo,027,18085,12,11,0,11,0
2020-04-07,Kern,029,883053,507,134,0,134,2
2020-04-07,Kings,031,150075,40,5,1,6,0
2020-04-07,Lake,033,64148,4,1,0,1,0
2020-04-07,Lassen,035,31185,3,0,2,2,0
2020-04-07,Los Angeles,037,10098052,11715,6885,11,6896,170
2020-04-07,Madera,039,155013,60,28,0,28,2
2020-04-07,Marin,041,260295,163,122,1,123,7
2020-04-07,Mariposa,043,17540,0,0,0,0,0
2020-04-07,Mendocino,045,87422,5,4,0,4,0
2020-04-07,Merced,047,269075,67,27,0,27,1
2020-04-07,Modoc,049,8938,0,0,0,0,0
2020-04-07,Mono,051,14174,28,18,0,18,1
2020-04-07,Monterey,053,433212,107,63,0,63,2
2020-04-07,Napa,055,140530,42,18,0,18,2
2020-04-07,Nevada,057,99092,36,20,1,21,1
2020-04-07,Orange,059,3164182,1701,971,16,987,19
2020-04-07,Placer,061,380077,139,94,0,94,3
2020-04-07,Plumas,063,18699,4,3,0,3,0
2020-04-07,Riverside,065,2383286,2151,905,13,918,25
2020-04-07,Sacramento,067,1510023,813,513,0,513,18
2020-04-07,San Benito,069,59416,37,26,0,26,2
2020-04-07,San Bernardino,071,2135413,1163,554,0,554,19
2020-04-07,San Diego,073,3302833,2072,1456,0,1456,31
2020-04-07,San Francisco,075,870044,993,636,0,636,6
2020-04-07,San Joaquin,077,732212,348,198,3,201,12
2020-04-07,San Luis Obispo,079,281455,149,87,1,88,1
2020-04-07,San Mateo,081,765935,866,573,2,575,22
2020-04-07,Santa Barbara,083,443738,305,209,1,210,2
2020-04-07,Santa Clara,085,1922200,1760,1193,4,1197,46
2020-04-07,Santa Cruz,087,273765,100,67,0,67,1
2020-04-07,Shasta,089,179085,29,16,0,16,3
2020-04-07,Sierra,091,2930,0,0,0,0,0
2020-04-07,Siskiyou,093,43540,5,4,0,4,0
2020-04-07,Solano,095,438530,170,99,0,99,1
2020-04-07,Sonoma,097,501317,168,102,0,102,1
2020-04-07,Stanislaus,099,539301,186,83,3,86,0
2020-04-07,Sutter,101,95872,22,16,0,16,2
2020-04-07,Tehama,103,63373,1,1,0,1,0
2020-04-07,Trinity,105,12862,0,0,0,0,0
2020-04-07,Tulare,107,460477,334,144,5,149,5
2020-04-07,Tuolumne,109,53932,3,1,0,1,0
2020-04-07,Ventura,111,848112,409,247,0,247,6
2020-04-07,Yolo,113,214977,101,51,0,51,2
2020-04-07,Yuba,115,75493,14,10,0,10,0
2020-04-06,Alameda,001,1643700,964,527,1,528,13
2020-04-06,Alpine,003,1148,1,1,0,1,0
2020-04-06,Amador,005,37829,6,2,0,2,0
2020-04-06,Butte,007,227075,16,11,1,12,0
2020-04-06,Calaveras,009,45235,9,4,0,4,0
2020-04-06,Colusa,011,21464,3,1,0,1,0
2020-04-06,Contra Costa,013,1133247,643,447,0,447,7
2020-04-06,Del Norte,015,27424,2,2,0,2,0
2020-04-06,El Dorado,017,186661,44,23,0,23,0
2020-04-06,Fresno,019,978130,371,122,4,126,1
2020-04-06,Glenn,021,27897,4,2,0,2,0
2020-04-06,Humboldt,023,135768,55,37,0,37,0
2020-04-06,Imperial,025,180216,122,47,0,47,1
2020-04-06,Inyo,027,18085,11,11,0,11,0
2020-04-06,Kern,029,883053,470,117,0,117,2
2020-04-06,Kings,031,150075,40,3,1,4,0
2020-04-06,Lake,033,64148,4,1,0,1,0
2020-04-06,Lassen,035,31185,3,0,2,2,0
2020-04-06,Los Angeles,037,10098052,10983,6346,11,6357,145
2020-04-06,Madera,039,155013,58,29,0,29,2
2020-04-06,Marin,041,260295,160,119,1,120,7
2020-04-06,Mariposa,043,17540,0,0,0,0,0
2020-04-06,Mendocino,045,87422,5,4,0,4,0
2020-04-06,Merced,047,269075,60,25,0,25,1
2020-04-06,Modoc,049,8938,0,0,0,0,0
2020-04-06,Mono,051,14174,28,18,0,18,1
2020-04-06,Monterey,053,433212,102,62,0,62,2
2020-04-06,Napa,055,140530,42,18,0,18,2
2020-04-06,Nevada,057,99092,36,19,1,20,1
2020-04-06,Orange,059,3164182,1657,910,15,925,17
2020-04-06,Placer,061,380077,139,90,0,90,3
2020-04-06,Plumas,063,18699,4,2,0,2,0
2020-04-06,Riverside,065,2383286,2025,854,13,867,17
2020-04-06,Sacramento,067,1510023,783,448,0,448,15
2020-04-06,San Benito,069,59416,35,25,0,25,1
2020-04-06,San Bernardino,071,2135413,1104,550,0,550,13
2020-04-06,San Diego,073,3302833,1990,1406,0,1406,19
2020-04-06,San Francisco,075,870044,953,586,0,586,6
2020-04-06,San Joaquin,077,732212,333,191,3,194,10
2020-04-06,San Luis Obispo,079,281455,147,85,1,86,1
2020-04-06,San Mateo,081,765935,848,569,2,571,20
2020-04-06,Santa Barbara,083,443738,296,189,1,190,2
2020-04-06,Santa Clara,085,1922200,1707,1128,4,1132,43
2020-04-06,Santa Cruz,087,273765,98,65,0,65,1
2020-04-06,Shasta,089,179085,29,16,0,16,3
2020-04-06,Sierra,091,2930,0,0,0,0,0
2020-04-06,Siskiyou,093,43540,4,4,0,4,0
2020-04-06,Solano,095,438530,163,95,0,95,1
2020-04-06,Sonoma,097,501317,167,102,0,102,1
2020-04-06,Stanislaus,099,539301,170,72,3,75,0
2020-04-06,Sutter,101,95872,22,14,0,14,2
2020-04-06,Tehama,103,63373,1,1,0,1,0
2020-04-06,Trinity,105,12862,0,0,0,0,0
2020-04-06,Tulare,107,460477,318,126,5,131,5
2020-04-06,Tuolumne,109,53932,3,1,0,1,0
2020-04-06,Ventura,111,848112,391,234,0,234,6
2020-04-06,Yolo,113,214977,97,43,0,43,1
2020-04-06,Yuba,115,75493,14,8,0,8,0
2020-04-05,Alameda,001,1643700,922,475,1,476,12
2020-04-05,Alpine,003,1148,1,1,0,1,0
2020-04-05,Amador,005,37829,6,2,0,2,0
2020-04-05,Butte,007,227075,16,10,1,11,0
2020-04-05,Calaveras,009,45235,9,3,0,3,0
2020-04-05,Colusa,011,21464,3,1,0,1,0
2020-04-05,Contra Costa,013,1133247,626,415,0,415,6
2020-04-05,Del Norte,015,27424,2,1,0,1,0
2020-04-05,El Dorado,017,186661,42,19,0,19,0
2020-04-05,Fresno,019,978130,337,102,4,106,1
2020-04-05,Glenn,021,27897,4,2,0,2,0
2020-04-05,Humboldt,023,135768,55,29,0,29,0
2020-04-05,Imperial,025,180216,114,42,0,42,1
2020-04-05,Inyo,027,18085,11,10,0,10,0
2020-04-05,Kern,029,883053,415,109,0,109,2
2020-04-05,Kings,031,150075,39,4,1,5,0
2020-04-05,Lake,033,64148,4,0,0,0,0
2020-04-05,Lassen,035,31185,3,0,2,2,0
2020-04-05,Los Angeles,037,10098052,10411,5892,11,5903,130
2020-04-05,Madera,039,155013,57,27,0,27,2
2020-04-05,Marin,041,260295,160,113,1,114,6
2020-04-05,Mariposa,043,17540,0,0,0,0,0
2020-04-05,Mendocino,045,87422,5,4,0,4,0
2020-04-05,Merced,047,269075,53,16,0,16,0
2020-04-05,Modoc,049,8938,0,0,0,0,0
2020-04-05,Mono,051,14174,28,18,0,18,1
2020-04-05,Monterey,053,433212,95,61,0,61,2
2020-04-05,Napa,055,140530,40,15,0,15,2
2020-04-05,Nevada,057,99092,36,19,1,20,1
2020-04-05,Orange,059,3164182,1600,820,15,835,15
2020-04-05,Placer,061,380077,136,86,0,86,3
2020-04-05,Plumas,063,18699,3,2,0,2,0
2020-04-05,Riverside,065,2383286,1896,669,13,682,17
2020-04-05,Sacramento,067,1510023,752,393,0,393,11
2020-04-05,San Benito,069,59416,35,22,0,22,1
2020-04-05,San Bernardino,071,2135413,1030,375,0,375,13
2020-04-05,San Diego,073,3302833,1908,1328,0,1328,19
2020-04-05,San Francisco,075,870044,906,559,0,559,6
2020-04-05,San Joaquin,077,732212,318,179,3,182,10
2020-04-05,San Luis Obispo,079,281455,145,83,1,84,1
2020-04-05,San Mateo,081,765935,828,528,2,530,19
2020-04-05,Santa Barbara,083,443738,280,171,1,172,1
2020-04-05,Santa Clara,085,1922200,1660,1052,4,1056,42
2020-04-05,Santa Cruz,087,273765,98,59,0,59,1
2020-04-05,Shasta,089,179085,28,11,0,11,2
2020-04-05,Sierra,091,2930,0,0,0,0,0
2020-04-05,Siskiyou,093,43540,4,3,0,3,0
2020-04-05,Solano,095,438530,159,78,0,78,1
2020-04-05,Sonoma,097,501317,165,88,0,88,1
2020-04-05,Stanislaus,099,539301,156,51,3,54,0
2020-04-05,Sutter,101,95872,22,14,0,14,1
2020-04-05,Tehama,103,63373,1,1,0,1,0
2020-04-05,Trinity,105,12862,0,0,0,0,0
2020-04-05,Tulare,107,460477,281,81,5,86,4
2020-04-05,Tuolumne,109,53932,3,1,0,1,0
2020-04-05,Ventura,111,848112,377,196,0,196,6
2020-04-05,Yolo,113,214977,78,37,0,37,2
2020-04-05,Yuba,115,75493,14,7,0,7,0
2020-04-04,Alameda,001,1643700,899,468,1,469,12
2020-04-04,Alpine,003,1148,1,1,0,1,0
2020-04-04,Amador,005,37829,5,2,0,2,0
2020-04-04,Butte,007,227075,16,10,1,11,0
2020-04-04,Calaveras,009,45235,9,3,0,3,0
2020-04-04,Colusa,011,21464,3,1,0,1,0
2020-04-04,Contra Costa,013,1133247,618,382,0,382,5
2020-04-04,Del Norte,015,27424,2,1,0,1,0
2020-04-04,El Dorado,017,186661,42,19,0,19,0
2020-04-04,Fresno,019,978130,327,102,4,106,1
2020-04-04,Glenn,021,27897,4,2,0,2,0
2020-04-04,Humboldt,023,135768,55,29,0,29,0
2020-04-04,Imperial,025,180216,113,42,0,42,1
2020-04-04,Inyo,027,18085,11,10,0,10,0
2020-04-04,Kern,029,883053,385,103,0,103,2
2020-04-04,Kings,031,150075,39,3,1,4,0
2020-04-04,Lake,033,64148,4,0,0,0,0
2020-04-04,Lassen,035,31185,3,0,2,2,0
2020-04-04,Los Angeles,037,10098052,9793,5275,11,5286,117
2020-04-04,Madera,039,155013,55,27,0,27,2
2020-04-04,Marin,041,260295,158,111,0,111,6
2020-04-04,Mariposa,043,17540,0,0,0,0,0
2020-04-04,Mendocino,045,87422,5,4,0,4,0
2020-04-04,Merced,047,269075,49,11,0,11,0
2020-04-04,Modoc,049,8938,0,0,0,0,0
2020-04-04,Mono,051,14174,28,18,0,18,1
2020-04-04,Monterey,053,433212,91,61,0,61,2
2020-04-04,Napa,055,140530,40,15,0,15,2
2020-04-04,Nevada,057,99092,36,19,1,20,1
2020-04-04,Orange,059,3164182,1558,781,14,795,15
2020-04-04,Placer,061,380077,135,87,0,87,2
2020-04-04,Plumas,063,18699,3,2,0,2,0
2020-04-04,Riverside,065,2383286,1795,652,13,665,15
2020-04-04,Sacramento,067,1510023,734,393,0,393,11
2020-04-04,San Benito,069,59416,35,22,0,22,1
2020-04-04,San Bernardino,071,2135413,982,373,0,373,13
2020-04-04,San Diego,073,3302833,1860,1211,0,1211,18
2020-04-04,San Francisco,075,870044,868,537,0,537,6
2020-04-04,San Joaquin,077,732212,295,171,3,174,10
2020-04-04,San Luis Obispo,079,281455,145,82,1,83,0
2020-04-04,San Mateo,081,765935,816,520,2,522,17
2020-04-04,Santa Barbara,083,443738,271,167,1,168,1
2020-04-04,Santa Clara,085,1922200,1608,1045,4,1049,39
2020-04-04,Santa Cruz,087,273765,98,56,0,56,1
2020-04-04,Shasta,089,179085,27,11,0,11,2
2020-04-04,Sierra,091,2930,0,0,0,0,0
2020-04-04,Siskiyou,093,43540,4,3,0,3,0
2020-04-04,Solano,095,438530,154,79,0,79,1
2020-04-04,Sonoma,097,501317,162,88,0,88,1
2020-04-04,Stanislaus,099,539301,145,51,3,54,0
2020-04-04,Sutter,101,95872,22,14,0,14,1
2020-04-04,Tehama,103,63373,1,1,0,1,0
2020-04-04,Trinity,105,12862,0,0,0,0,0
2020-04-04,Tulare,107,460477,267,79,5,84,4
2020-04-04,Tuolumne,109,53932,3,1,0,1,0
2020-04-04,Ventura,111,848112,364,194,0,194,6
2020-04-04,Yolo,113,214977,76,40,0,40,2
2020-04-04,Yuba,115,75493,13,7,0,7,0
2020-04-03,Alameda,001,1643700,863,395,1,396,11
2020-04-03,Alpine,003,1148,1,1,0,1,0
2020-04-03,Amador,005,37829,5,2,0,2,0
2020-04-03,Butte,007,227075,16,8,1,9,0
2020-04-03,Calaveras,009,45235,9,3,0,3,0
2020-04-03,Colusa,011,21464,3,1,0,1,0
2020-04-03,Contra Costa,013,1133247,595,327,0,327,5
2020-04-03,Del Norte,015,27424,2,1,0,1,0
2020-04-03,El Dorado,017,186661,40,16,0,16,0
2020-04-03,Fresno,019,978130,315,98,4,102,1
2020-04-03,Glenn,021,27897,4,2,0,2,0
2020-04-03,Humboldt,023,135768,55,34,0,34,0
2020-04-03,Imperial,025,180216,104,35,0,35,0
2020-04-03,Inyo,027,18085,11,10,0,10,0
2020-04-03,Kern,029,883053,359,87,0,87,1
2020-04-03,Kings,031,150075,37,3,1,4,0
2020-04-03,Lake,033,64148,3,0,0,0,0
2020-04-03,Lassen,035,31185,3,0,2,2,0
2020-04-03,Los Angeles,037,10098052,9178,4566,11,4577,91
2020-04-03,Madera,039,155013,54,28,0,28,2
2020-04-03,Marin,041,260295,156,106,0,106,6
2020-04-03,Mariposa,043,17540,0,0,0,0,0
2020-04-03,Mendocino,045,87422,5,4,0,4,0
2020-04-03,Merced,047,269075,46,9,0,9,0
2020-04-03,Modoc,049,8938,0,0,0,0,0
2020-04-03,Mono,051,14174,28,18,0,18,1
2020-04-03,Monterey,053,433212,88,58,0,58,2
2020-04-03,Napa,055,140530,39,13,0,13,1
2020-04-03,Nevada,057,99092,36,19,1,20,1
2020-04-03,Orange,059,3164182,1519,713,14,727,13
2020-04-03,Placer,061,380077,131,76,0,76,2
2020-04-03,Plumas,063,18699,3,2,0,2,0
2020-04-03,Riverside,065,2383286,1715,540,13,553,14
2020-04-03,Sacramento,067,1510023,713,363,0,363,11
2020-04-03,San Benito,069,59416,35,22,0,22,1
2020-04-03,San Bernardino,071,2135413,937,356,0,356,11
2020-04-03,San Diego,073,3302833,1800,1114,0,1114,17
2020-04-03,San Francisco,075,870044,844,506,0,506,6
2020-04-03,San Joaquin,077,732212,283,162,3,165,10
2020-04-03,San Luis Obispo,079,281455,144,82,1,83,0
2020-04-03,San Mateo,081,765935,799,474,2,476,13
2020-04-03,Santa Barbara,083,443738,260,154,1,155,1
2020-04-03,Santa Clara,085,1922200,1572,983,4,987,39
2020-04-03,Santa Cruz,087,273765,98,52,0,52,1
2020-04-03,Shasta,089,179085,27,10,0,10,1
2020-04-03,Sierra,091,2930,0,0,0,0,0
2020-04-03,Siskiyou,093,43540,4,3,0,3,0
2020-04-03,Solano,095,438530,146,72,0,72,1
2020-04-03,Sonoma,097,501317,162,84,0,84,1
2020-04-03,Stanislaus,099,539301,139,48,3,51,0
2020-04-03,Sutter,101,95872,22,12,0,12,1
2020-04-03,Tehama,103,63373,1,1,0,1,0
2020-04-03,Trinity,105,12862,0,0,0,0,0
2020-04-03,Tulare,107,460477,253,73,5,78,3
2020-04-03,Tuolumne,109,53932,3,1,0,1,0
2020-04-03,Ventura,111,848112,354,186,0,186,6
2020-04-03,Yolo,113,214977,75,33,0,33,1
2020-04-03,Yuba,115,75493,13,6,0,6,0
2020-04-02,Alameda,001,1643700,812,345,1,346,10
2020-04-02,Alpine,003,1148,1,1,0,1,0
2020-04-02,Amador,005,37829,5,2,0,2,0
2020-04-02,Butte,007,227075,16,7,0,7,0
2020-04-02,Calaveras,009,45235,7,3,0,3,0
2020-04-02,Colusa,011,21464,3,1,0,1,0
2020-04-02,Contra Costa,013,1133247,565,297,0,297,3
2020-04-02,Del Norte,015,27424,2,0,0,0,0
2020-04-02,El Dorado,017,186661,38,16,0,16,0
2020-04-02,Fresno,019,978130,299,92,4,96,0
2020-04-02,Glenn,021,27897,3,2,0,2,0
2020-04-02,Humboldt,023,135768,51,23,0,23,0
2020-04-02,Imperial,025,180216,100,24,0,24,0
2020-04-02,Inyo,027,18085,10,8,0,8,0
2020-04-02,Kern,029,883053,332,74,0,74,0
2020-04-02,Kings,031,150075,37,3,1,4,0
2020-04-02,Lake,033,64148,3,0,0,0,0
2020-04-02,Lassen,035,31185,3,0,2,2,0
2020-04-02,Los Angeles,037,10098052,8346,4040,11,4051,79
2020-04-02,Madera,039,155013,52,25,0,25,1
2020-04-02,Marin,041,260295,150,102,0,102,1
2020-04-02,Mariposa,043,17540,0,0,0,0,0
2020-04-02,Mendocino,045,87422,5,4,0,4,0
2020-04-02,Merced,047,269075,41,9,0,9,0
2020-04-02,Modoc,049,8938,0,0,0,0,0
2020-04-02,Mono,051,14174,28,16,0,16,1
2020-04-02,Monterey,053,433212,86,50,0,50,2
2020-04-02,Napa,055,140530,39,13,0,13,0
2020-04-02,Nevada,057,99092,35,17,1,18,0
2020-04-02,Orange,059,3164182,1467,640,13,653,12
2020-04-02,Placer,061,380077,130,72,0,72,2
2020-04-02,Plumas,063,18699,3,1,0,1,0
2020-04-02,Riverside,065,2383286,1598,438,13,451,13
2020-04-02,Sacramento,067,1510023,695,322,0,322,9
2020-04-02,San Benito,069,59416,33,18,0,18,1
2020-04-02,San Bernardino,071,2135413,882,335,0,335,8
2020-04-02,San Diego,073,3302833,1733,968,0,968,16
2020-04-02,San Francisco,075,870044,817,473,0,473,6
2020-04-02,San Joaquin,077,732212,264,148,3,151,9
2020-04-02,San Luis Obispo,079,281455,139,79,1,80,0
2020-04-02,San Mateo,081,765935,778,423,2,425,13
2020-04-02,Santa Barbara,083,443738,249,125,1,126,1
2020-04-02,Santa Clara,085,1922200,1521,908,4,912,38
2020-04-02,Santa Cruz,087,273765,96,49,0,49,1
2020-04-02,Shasta,089,179085,26,7,0,7,1
2020-04-02,Sierra,091,2930,0,0,0,0,0
2020-04-02,Siskiyou,093,43540,4,3,0,3,0
2020-04-02,Solano,095,438530,136,65,0,65,0
2020-04-02,Sonoma,097,501317,158,76,0,76,1
2020-04-02,Stanislaus,099,539301,128,40,3,43,0
2020-04-02,Sutter,101,95872,21,10,0,10,1
2020-04-02,Tehama,103,63373,1,1,0,1,0
2020-04-02,Trinity,105,12862,0,0,0,0,0
2020-04-02,Tulare,107,460477,219,64,5,69,1
2020-04-02,Tuolumne,109,53932,3,1,0,1,0
2020-04-02,Ventura,111,848112,336,178,0,178,5
2020-04-02,Yolo,113,214977,73,29,0,29,1
2020-04-02,Yuba,115,75493,10,5,0,5,0
2020-04-01,Alameda,001,1643700,785,287,1,288,8
2020-04-01,Alpine,003,1148,1,1,0,1,0
2020-04-01,Amador,005,37829,5,1,0,1,0
2020-04-01,Butte,007,227075,16,6,0,6,0
2020-04-01,Calaveras,009,45235,6,3,0,3,0
2020-04-01,Colusa,011,21464,3,1,0,1,0
2020-04-01,Contra Costa,013,1133247,521,267,0,267,3
2020-04-01,Del Norte,015,27424,2,0,0,0,0
2020-04-01,El Dorado,017,186661,37,14,0,14,0
2020-04-01,Fresno,019,978130,277,75,3,78,0
2020-04-01,Glenn,021,27897,3,2,0,2,0
2020-04-01,Humboldt,023,135768,51,19,0,19,0
2020-04-01,Imperial,025,180216,93,25,0,25,0
2020-04-01,Inyo,027,18085,10,8,0,8,0
2020-04-01,Kern,029,883053,305,53,0,53,0
2020-04-01,Kings,031,150075,35,3,1,4,0
2020-04-01,Lake,033,64148,3,0,0,0,0
2020-04-01,Lassen,035,31185,3,0,2,2,0
2020-04-01,Los Angeles,037,10098052,7696,3502,11,3513,66
2020-04-01,Madera,039,155013,50,17,0,17,1
2020-04-01,Marin,041,260295,146,87,0,87,1
2020-04-01,Mariposa,043,17540,0,0,0,0,0
2020-04-01,Mendocino,045,87422,5,4,0,4,0
2020-04-01,Merced,047,269075,38,7,0,7,0
2020-04-01,Modoc,049,8938,0,0,0,0,0
2020-04-01,Mono,051,14174,28,12,0,12,1
2020-04-01,Monterey,053,433212,85,47,0,47,2
2020-04-01,Napa,055,140530,36,11,0,11,0
2020-04-01,Nevada,057,99092,35,15,1,16,0
2020-04-01,Orange,059,3164182,1415,579,13,592,11
2020-04-01,Placer,061,380077,128,52,0,52,2
2020-04-01,Plumas,063,18699,3,1,0,1,0
2020-04-01,Riverside,065,2383286,1430,306,12,318,11
2020-04-01,Sacramento,067,1510023,662,299,0,299,8
2020-04-01,San Benito,069,59416,30,14,0,14,1
2020-04-01,San Bernardino,071,2135413,833,245,0,245,5
2020-04-01,San Diego,073,3302833,1663,851,0,851,11
2020-04-01,San Francisco,075,870044,789,432,0,432,6
2020-04-01,San Joaquin,077,732212,252,132,3,135,8
2020-04-01,San Luis Obispo,079,281455,133,69,1,70,0
2020-04-01,San Mateo,081,765935,760,354,2,356,13
2020-04-01,Santa Barbara,083,443738,236,103,1,104,0
2020-04-01,Santa Clara,085,1922200,1479,805,4,809,33
2020-04-01,Santa Cruz,087,273765,91,44,0,44,1
2020-04-01,Shasta,089,179085,25,5,0,5,1
2020-04-01,Sierra,091,2930,0,0,0,0,0
2020-04-01,Siskiyou,093,43540,4,3,0,3,0
2020-04-01,Solano,095,438530,131,57,0,57,0
2020-04-01,Sonoma,097,501317,154,60,0,60,1
2020-04-01,Stanislaus,099,539301,117,29,3,32,0
2020-04-01,Sutter,101,95872,21,9,0,9,1
2020-04-01,Tehama,103,63373,1,0,0,0,0
2020-04-01,Trinity,105,12862,0,0,0,0,0
2020-04-01,Tulare,107,460477,181,43,5,48,1
2020-04-01,Tuolumne,109,53932,3,1,0,1,0
2020-04-01,Ventura,111,848112,323,154,0,154,5
2020-04-01,Yolo,113,214977,68,22,0,22,1
2020-04-01,Yuba,115,75493,9,5,0,5,0
2020-03-31,Alameda,001,1643700,717,269,1,270,7
2020-03-31,Alpine,003,1148,1,1,0,1,0
2020-03-31,Amador,005,37829,5,1,0,1,0
2020-03-31,Butte,007,227075,16,6,0,6,0
2020-03-31,Calaveras,009,45235,6,3,0,3,0
2020-03-31,Colusa,011,21464,3,1,0,1,0
2020-03-31,Contra Costa,013,1133247,496,246,0,246,3
2020-03-31,Del Norte,015,27424,1,0,0,0,0
2020-03-31,El Dorado,017,186661,33,14,0,14,0
2020-03-31,Fresno,019,978130,252,59,3,62,0
2020-03-31,Glenn,021,27897,3,2,0,2,0
2020-03-31,Humboldt,023,135768,51,18,0,18,0
2020-03-31,Imperial,025,180216,88,17,0,17,0
2020-03-31,Inyo,027,18085,10,8,0,8,0
2020-03-31,Kern,029,883053,281,47,0,47,0
2020-03-31,Kings,031,150075,33,2,1,3,0
2020-03-31,Lake,033,64148,1,0,0,0,0
2020-03-31,Lassen,035,31185,3,0,2,2,0
2020-03-31,Los Angeles,037,10098052,7031,3001,11,3012,53
2020-03-31,Madera,039,155013,49,17,0,17,1
2020-03-31,Marin,041,260295,137,85,0,85,1
2020-03-31,Mariposa,043,17540,0,0,0,0,0
2020-03-31,Mendocino,045,87422,5,4,0,4,0
2020-03-31,Merced,047,269075,33,6,0,6,0
2020-03-31,Modoc,049,8938,0,0,0,0,0
2020-03-31,Mono,051,14174,26,12,0,12,0
2020-03-31,Monterey,053,433212,83,43,0,43,2
2020-03-31,Napa,055,140530,35,9,0,9,0
2020-03-31,Nevada,057,99092,35,15,1,16,0
2020-03-31,Orange,059,3164182,1345,506,13,519,7
2020-03-31,Placer,061,380077,121,49,0,49,2
2020-03-31,Plumas,063,18699,1,0,0,0,0
2020-03-31,Riverside,065,2383286,1284,284,12,296,8
2020-03-31,Sacramento,067,1510023,610,271,0,271,8
2020-03-31,San Benito,069,59416,30,14,0,14,1
2020-03-31,San Bernardino,071,2135413,748,193,0,193,5
2020-03-31,San Diego,073,3302833,1581,736,0,736,9
2020-03-31,San Francisco,075,870044,754,404,0,404,5
2020-03-31,San Joaquin,077,732212,236,122,3,125,7
2020-03-31,San Luis Obispo,079,281455,129,67,1,68,0
2020-03-31,San Mateo,081,765935,741,297,2,299,12
2020-03-31,Santa Barbara,083,443738,221,89,1,90,0
2020-03-31,Santa Clara,085,1922200,1429,777,4,781,30
2020-03-31,Santa Cruz,087,273765,84,40,0,40,1
2020-03-31,Shasta,089,179085,22,5,0,5,1
2020-03-31,Sierra,091,2930,0,0,0,0,0
2020-03-31,Siskiyou,093,43540,4,3,0,3,0
2020-03-31,Solano,095,438530,117,56,0,56,0
2020-03-31,Sonoma,097,501317,149,58,0,58,1
2020-03-31,Stanislaus,099,539301,102,28,3,31,0
2020-03-31,Sutter,101,95872,21,8,0,8,0
2020-03-31,Tehama,103,63373,1,0,0,0,0
2020-03-31,Trinity,105,12862,0,0,0,0,0
2020-03-31,Tulare,107,460477,158,42,4,46,1
2020-03-31,Tuolumne,109,53932,3,1,0,1,0
2020-03-31,Ventura,111,848112,312,143,0,143,4
2020-03-31,Yolo,113,214977,61,21,0,21,1
2020-03-31,Yuba,115,75493,9,5,0,5,0
2020-03-30,Alameda,001,1643700,677,250,1,251,7
2020-03-30,Alpine,003,1148,1,1,0,1,0
2020-03-30,Amador,005,37829,5,1,0,1,0
2020-03-30,Butte,007,227075,14,5,0,5,0
2020-03-30,Calaveras,009,45235,6,3,0,3,0
2020-03-30,Colusa,011,21464,3,1,0,1,0
2020-03-30,Contra Costa,013,1133247,470,212,0,212,3
2020-03-30,Del Norte,015,27424,0,0,0,0,0
2020-03-30,El Dorado,017,186661,33,11,0,11,0
2020-03-30,Fresno,019,978130,227,46,3,49,0
2020-03-30,Glenn,021,27897,3,2,0,2,0
2020-03-30,Humboldt,023,135768,49,11,0,11,0
2020-03-30,Imperial,025,180216,85,9,0,9,0
2020-03-30,Inyo,027,18085,10,5,0,5,0
2020-03-30,Kern,029,883053,248,30,0,30,0
2020-03-30,Kings,031,150075,33,1,1,2,0
2020-03-30,Lake,033,64148,1,0,0,0,0
2020-03-30,Lassen,035,31185,3,0,1,1,0
2020-03-30,Los Angeles,037,10098052,6375,2467,11,2478,44
2020-03-30,Madera,039,155013,48,14,0,14,1
2020-03-30,Marin,041,260295,130,78,0,78,0
2020-03-30,Mariposa,043,17540,0,0,0,0,0
2020-03-30,Mendocino,045,87422,5,2,0,2,0
2020-03-30,Merced,047,269075,29,6,0,6,0
2020-03-30,Modoc,049,8938,0,0,0,0,0
2020-03-30,Mono,051,14174,26,11,0,11,0
2020-03-30,Monterey,053,433212,78,41,0,41,1
2020-03-30,Napa,055,140530,34,9,0,9,0
2020-03-30,Nevada,057,99092,34,14,1,15,0
2020-03-30,Orange,059,3164182,1279,418,13,431,5
2020-03-30,Placer,061,380077,118,44,0,44,2
2020-03-30,Plumas,063,18699,1,0,0,0,0
2020-03-30,Riverside,065,2383286,1203,204,12,216,7
2020-03-30,Sacramento,067,1510023,586,238,0,238,8
2020-03-30,San Benito,069,59416,30,11,0,11,1
2020-03-30,San Bernardino,071,2135413,704,145,0,145,4
2020-03-30,San Diego,073,3302833,1511,605,0,605,7
2020-03-30,San Francisco,075,870044,714,368,0,368,5
2020-03-30,San Joaquin,077,732212,229,112,3,115,5
2020-03-30,San Luis Obispo,079,281455,126,62,1,63,0
2020-03-30,San Mateo,081,765935,717,257,2,259,11
2020-03-30,Santa Barbara,083,443738,212,79,1,80,0
2020-03-30,Santa Clara,085,1922200,1398,745,3,748,31
2020-03-30,Santa Cruz,087,273765,81,36,0,36,1
2020-03-30,Shasta,089,179085,21,4,0,4,1
2020-03-30,Sierra,091,2930,0,0,0,0,0
2020-03-30,Siskiyou,093,43540,4,2,0,2,0
2020-03-30,Solano,095,438530,111,50,0,50,0
2020-03-30,Sonoma,097,501317,146,57,0,57,1
2020-03-30,Stanislaus,099,539301,95,28,3,31,0
2020-03-30,Sutter,101,95872,20,6,0,6,0
2020-03-30,Tehama,103,63373,1,0,0,0,0
2020-03-30,Trinity,105,12862,0,0,0,0,0
2020-03-30,Tulare,107,460477,146,40,3,43,1
2020-03-30,Tuolumne,109,53932,3,1,0,1,0
2020-03-30,Ventura,111,848112,301,118,0,118,2
2020-03-30,Yolo,113,214977,58,17,0,17,1
2020-03-30,Yuba,115,75493,8,5,0,5,0
2020-03-29,Alameda,001,1643700,643,207,1,208,6
2020-03-29,Alpine,003,1148,1,0,0,0,0
2020-03-29,Amador,005,37829,5,1,0,1,0
2020-03-29,Butte,007,227075,14,4,0,4,0
2020-03-29,Calaveras,009,45235,6,2,0,2,0
2020-03-29,Colusa,011,21464,3,1,0,1,0
2020-03-29,Contra Costa,013,1133247,440,187,0,187,3
2020-03-29,Del Norte,015,27424,0,0,0,0,0
2020-03-29,El Dorado,017,186661,32,9,0,9,0
2020-03-29,Fresno,019,978130,203,31,3,34,0
2020-03-29,Glenn,021,27897,2,1,0,1,0
2020-03-29,Humboldt,023,135768,46,9,0,9,0
2020-03-29,Imperial,025,180216,79,9,0,9,0
2020-03-29,Inyo,027,18085,9,0,0,0,0
2020-03-29,Kern,029,883053,230,20,0,20,0
2020-03-29,Kings,031,150075,30,1,1,2,0
2020-03-29,Lake,033,64148,0,0,0,0,0
2020-03-29,Lassen,035,31185,3,0,1,1,0
2020-03-29,Los Angeles,037,10098052,5730,2119,11,2130,37
2020-03-29,Madera,039,155013,43,11,0,11,1
2020-03-29,Marin,041,260295,125,60,0,60,0
2020-03-29,Mariposa,043,17540,0,0,0,0,0
2020-03-29,Mendocino,045,87422,5,2,0,2,0
2020-03-29,Merced,047,269075,28,4,0,4,0
2020-03-29,Modoc,049,8938,0,0,0,0,0
2020-03-29,Mono,051,14174,26,8,0,8,0
2020-03-29,Monterey,053,433212,73,36,0,36,1
2020-03-29,Napa,055,140530,32,5,0,5,0
2020-03-29,Nevada,057,99092,32,13,1,14,0
2020-03-29,Orange,059,3164182,1206,343,13,356,2
2020-03-29,Placer,061,380077,117,35,0,35,2
2020-03-29,Plumas,063,18699,1,0,0,0,0
2020-03-29,Riverside,065,2383286,1079,122,12,134,7
2020-03-29,Sacramento,067,1510023,546,217,0,217,7
2020-03-29,San Benito,069,59416,29,10,0,10,1
2020-03-29,San Bernardino,071,2135413,652,94,0,94,2
2020-03-29,San Diego,073,3302833,1439,521,0,521,7
2020-03-29,San Francisco,075,870044,670,333,0,333,5
2020-03-29,San Joaquin,077,732212,220,86,3,89,4
2020-03-29,San Luis Obispo,079,281455,119,55,0,55,0
2020-03-29,San Mateo,081,765935,692,234,2,236,12
2020-03-29,Santa Barbara,083,443738,204,52,1,53,0
2020-03-29,Santa Clara,085,1922200,1341,591,3,594,30
2020-03-29,Santa Cruz,087,273765,81,33,0,33,1
2020-03-29,Shasta,089,179085,20,4,0,4,1
2020-03-29,Sierra,091,2930,0,0,0,0,0
2020-03-29,Siskiyou,093,43540,4,2,0,2,0
2020-03-29,Solano,095,438530,103,48,0,48,0
2020-03-29,Sonoma,097,501317,144,35,0,35,1
2020-03-29,Stanislaus,099,539301,90,19,3,22,0
2020-03-29,Sutter,101,95872,17,6,0,6,0
2020-03-29,Tehama,103,63373,1,0,0,0,0
2020-03-29,Trinity,105,12862,0,0,0,0,0
2020-03-29,Tulare,107,460477,121,24,3,27,1
2020-03-29,Tuolumne,109,53932,2,1,0,1,0
2020-03-29,Ventura,111,848112,274,92,0,92,2
2020-03-29,Yolo,113,214977,53,13,0,13,1
2020-03-29,Yuba,115,75493,8,3,0,3,0
2020-03-28,Alameda,001,1643700,616,410,1,411,12
2020-03-28,Alpine,003,1148,1,0,0,0,0
2020-03-28,Amador,005,37829,5,2,0,2,0
2020-03-28,Butte,007,227075,14,8,0,8,0
2020-03-28,Calaveras,009,45235,6,4,0,4,0
2020-03-28,Colusa,011,21464,3,2,0,2,0
2020-03-28,Contra Costa,013,1133247,417,350,0,350,4
2020-03-28,Del Norte,015,27424,0,0,0,0,0
2020-03-28,El Dorado,017,186661,31,18,0,18,0
2020-03-28,Fresno,019,978130,193,62,3,65,0
2020-03-28,Glenn,021,27897,2,2,0,2,0
2020-03-28,Humboldt,023,135768,46,18,0,18,0
2020-03-28,Imperial,025,180216,74,18,0,18,0
2020-03-28,Inyo,027,18085,9,0,0,0,0
2020-03-28,Kern,029,883053,213,40,0,40,0
2020-03-28,Kings,031,150075,29,2,1,3,0
2020-03-28,Lake,033,64148,0,0,0,0,0
2020-03-28,Lassen,035,31185,3,0,1,1,0
2020-03-28,Los Angeles,037,10098052,5345,3600,10,3610,64
2020-03-28,Madera,039,155013,43,22,0,22,2
2020-03-28,Marin,041,260295,120,116,0,116,0
2020-03-28,Mariposa,043,17540,0,0,0,0,0
2020-03-28,Mendocino,045,87422,5,4,0,4,0
2020-03-28,Merced,047,269075,27,8,0,8,0
2020-03-28,Modoc,049,8938,0,0,0,0,0
2020-03-28,Mono,051,14174,24,12,0,12,0
2020-03-28,Monterey,053,433212,72,64,0,64,2
2020-03-28,Napa,055,140530,27,10,0,10,0
2020-03-28,Nevada,057,99092,32,22,1,23,0
2020-03-28,Orange,059,3164182,1170,656,13,669,4
2020-03-28,Placer,061,380077,112,70,0,70,2
2020-03-28,Plumas,063,18699,1,0,0,0,0
2020-03-28,Riverside,065,2383286,1011,242,12,254,14
2020-03-28,Sacramento,067,1510023,528,406,0,406,14
2020-03-28,San Benito,069,59416,29,20,0,20,2
2020-03-28,San Bernardino,071,2135413,604,162,0,162,4
2020-03-28,San Diego,073,3302833,1380,980,0,980,14
2020-03-28,San Francisco,075,870044,646,600,0,600,6
2020-03-28,San Joaquin,077,732212,212,166,3,169,8
2020-03-28,San Luis Obispo,079,281455,117,104,0,104,0
2020-03-28,San Mateo,081,765935,672,462,2,464,17
2020-03-28,Santa Barbara,083,443738,194,98,1,99,0
2020-03-28,Santa Clara,085,1922200,1322,1174,3,1177,54
2020-03-28,Santa Cruz,087,273765,80,62,0,62,0
2020-03-28,Shasta,089,179085,20,8,0,8,2
2020-03-28,Sierra,091,2930,0,0,0,0,0
2020-03-28,Siskiyou,093,43540,4,4,0,4,0
2020-03-28,Solano,095,438530,99,96,0,96,0
2020-03-28,Sonoma,097,501317,142,70,0,70,2
2020-03-28,Stanislaus,099,539301,85,34,3,37,0
2020-03-28,Sutter,101,95872,17,6,0,6,0
2020-03-28,Tehama,103,63373,1,0,0,0,0
2020-03-28,Trinity,105,12862,0,0,0,0,0
2020-03-28,Tulare,107,460477,114,46,3,49,0
2020-03-28,Tuolumne,109,53932,2,2,0,2,0
2020-03-28,Ventura,111,848112,270,178,0,178,4
2020-03-28,Yolo,113,214977,52,26,0,26,2
2020-03-28,Yuba,115,75493,8,6,0,6,0
2020-03-27,Alameda,001,1643700,597,185,1,186,4
2020-03-27,Alpine,003,1148,1,0,0,0,0
2020-03-27,Amador,005,37829,4,1,0,1,0
2020-03-27,Butte,007,227075,12,4,0,4,0
2020-03-27,Calaveras,009,45235,6,2,0,2,0
2020-03-27,Colusa,011,21464,3,0,0,0,0
2020-03-27,Contra Costa,013,1133247,396,161,0,161,2
2020-03-27,Del Norte,015,27424,0,0,0,0,0
2020-03-27,El Dorado,017,186661,29,9,0,9,0
2020-03-27,Fresno,019,978130,181,29,2,31,0
2020-03-27,Glenn,021,27897,2,0,0,0,0
2020-03-27,Humboldt,023,135768,42,9,0,9,0
2020-03-27,Imperial,025,180216,69,9,0,9,0
2020-03-27,Inyo,027,18085,9,0,0,0,0
2020-03-27,Kern,029,883053,200,20,0,20,0
2020-03-27,Kings,031,150075,28,0,1,1,0
2020-03-27,Lake,033,64148,0,0,0,0,0
2020-03-27,Lassen,035,31185,3,0,1,1,0
2020-03-27,Los Angeles,037,10098052,4935,1474,10,1484,26
2020-03-27,Madera,039,155013,41,10,0,10,1
2020-03-27,Marin,041,260295,115,58,0,58,0
2020-03-27,Mariposa,043,17540,0,0,0,0,0
2020-03-27,Mendocino,045,87422,5,2,0,2,0
2020-03-27,Merced,047,269075,26,3,0,3,0
2020-03-27,Modoc,049,8938,0,0,0,0,0
2020-03-27,Mono,051,14174,24,6,0,6,0
2020-03-27,Monterey,053,433212,69,26,0,26,1
2020-03-27,Napa,055,140530,27,5,0,5,0
2020-03-27,Nevada,057,99092,32,6,1,7,0
2020-03-27,Orange,059,3164182,1120,299,13,312,2
2020-03-27,Placer,061,380077,109,33,0,33,1
2020-03-27,Plumas,063,18699,0,0,0,0,0
2020-03-27,Riverside,065,2383286,955,121,12,133,7
2020-03-27,Sacramento,067,1510023,505,163,0,163,6
2020-03-27,San Benito,069,59416,28,9,0,9,1
2020-03-27,San Bernardino,071,2135413,514,77,0,77,2
2020-03-27,San Diego,073,3302833,1323,419,0,419,5
2020-03-27,San Francisco,075,870044,621,285,0,285,2
2020-03-27,San Joaquin,077,732212,201,73,3,76,3
2020-03-27,San Luis Obispo,079,281455,115,46,0,46,0
2020-03-27,San Mateo,081,765935,646,213,2,215,7
2020-03-27,Santa Barbara,083,443738,180,37,1,38,0
2020-03-27,Santa Clara,085,1922200,1284,557,3,560,25
2020-03-27,Santa Cruz,087,273765,79,31,0,31,0
2020-03-27,Shasta,089,179085,17,3,0,3,1
2020-03-27,Sierra,091,2930,0,0,0,0,0
2020-03-27,Siskiyou,093,43540,4,2,0,2,0
2020-03-27,Solano,095,438530,93,48,0,48,0
2020-03-27,Sonoma,097,501317,134,35,0,35,1
2020-03-27,Stanislaus,099,539301,83,16,3,19,0
2020-03-27,Sutter,101,95872,16,2,0,2,0
2020-03-27,Tehama,103,63373,1,0,0,0,0
2020-03-27,Trinity,105,12862,0,0,0,0,0
2020-03-27,Tulare,107,460477,106,15,3,18,0
2020-03-27,Tuolumne,109,53932,2,1,0,1,0
2020-03-27,Ventura,111,848112,261,80,0,80,2
2020-03-27,Yolo,113,214977,51,13,0,13,1
2020-03-27,Yuba,115,75493,7,3,0,3,0
2020-03-26,Alameda,001,1643700,557,172,1,173,4
2020-03-26,Alpine,003,1148,1,0,0,0,0
2020-03-26,Amador,005,37829,4,1,0,1,0
2020-03-26,Butte,007,227075,12,4,0,4,0
2020-03-26,Calaveras,009,45235,6,2,0,2,0
2020-03-26,Colusa,011,21464,3,0,0,0,0
2020-03-26,Contra Costa,013,1133247,386,147,0,147,2
2020-03-26,Del Norte,015,27424,0,0,0,0,0
2020-03-26,El Dorado,017,186661,27,7,0,7,0
2020-03-26,Fresno,019,978130,172,25,2,27,0
2020-03-26,Glenn,021,27897,2,0,0,0,0
2020-03-26,Humboldt,023,135768,38,8,0,8,0
2020-03-26,Imperial,025,180216,65,8,0,8,0
2020-03-26,Inyo,027,18085,8,0,0,0,0
2020-03-26,Kern,029,883053,184,20,0,20,0
2020-03-26,Kings,031,150075,28,0,1,1,0
2020-03-26,Lake,033,64148,0,0,0,0,0
2020-03-26,Lassen,035,31185,3,0,1,1,0
2020-03-26,Los Angeles,037,10098052,4531,1075,10,1085,19
2020-03-26,Madera,039,155013,39,8,0,8,0
2020-03-26,Marin,041,260295,106,56,0,56,0
2020-03-26,Mariposa,043,17540,0,0,0,0,0
2020-03-26,Mendocino,045,87422,4,1,0,1,0
2020-03-26,Merced,047,269075,23,1,0,1,0
2020-03-26,Modoc,049,8938,0,0,0,0,0
2020-03-26,Mono,051,14174,23,5,0,5,0
2020-03-26,Monterey,053,433212,66,25,0,25,1
2020-03-26,Napa,055,140530,26,5,0,5,0
2020-03-26,Nevada,057,99092,32,7,1,8,0
2020-03-26,Orange,059,3164182,1058,279,11,290,1
2020-03-26,Placer,061,380077,106,34,0,34,1
2020-03-26,Plumas,063,18699,0,0,0,0,0
2020-03-26,Riverside,065,2383286,884,118,12,130,7
2020-03-26,Sacramento,067,1510023,472,147,0,147,5
2020-03-26,San Benito,069,59416,28,8,0,8,1
2020-03-26,San Bernardino,071,2135413,448,57,0,57,1
2020-03-26,San Diego,073,3302833,1256,299,0,299,2
2020-03-26,San Francisco,075,870044,594,261,0,261,1
2020-03-26,San Joaquin,077,732212,190,69,3,72,3
2020-03-26,San Luis Obispo,079,281455,110,38,0,38,0
2020-03-26,San Mateo,081,765935,612,122,2,124,5
2020-03-26,Santa Barbara,083,443738,167,33,1,34,0
2020-03-26,Santa Clara,085,1922200,1239,487,2,489,20
2020-03-26,Santa Cruz,087,273765,75,30,0,30,0
2020-03-26,Shasta,089,179085,17,3,0,3,1
2020-03-26,Sierra,091,2930,0,0,0,0,0
2020-03-26,Siskiyou,093,43540,4,2,0,2,0
2020-03-26,Solano,095,438530,85,41,0,41,0
2020-03-26,Sonoma,097,501317,129,33,0,33,1
2020-03-26,Stanislaus,099,539301,81,15,3,18,0
2020-03-26,Sutter,101,95872,12,2,0,2,0
2020-03-26,Tehama,103,63373,1,0,0,0,0
2020-03-26,Trinity,105,12862,0,0,0,0,0
2020-03-26,Tulare,107,460477,97,15,3,18,0
2020-03-26,Tuolumne,109,53932,2,0,0,0,0
2020-03-26,Ventura,111,848112,245,70,0,70,1
2020-03-26,Yolo,113,214977,47,13,0,13,1
2020-03-26,Yuba,115,75493,7,3,0,3,0
2020-03-25,Alameda,001,1643700,536,134,1,135,3
2020-03-25,Alpine,003,1148,1,0,0,0,0
2020-03-25,Amador,005,37829,4,1,0,1,0
2020-03-25,Butte,007,227075,12,4,0,4,0
2020-03-25,Calaveras,009,45235,6,2,0,2,0
2020-03-25,Colusa,011,21464,2,0,0,0,0
2020-03-25,Contra Costa,013,1133247,372,131,0,131,1
2020-03-25,Del Norte,015,27424,0,0,0,0,0
2020-03-25,El Dorado,017,186661,27,5,0,5,0
2020-03-25,Fresno,019,978130,152,21,2,23,0
2020-03-25,Glenn,021,27897,2,0,0,0,0
2020-03-25,Humboldt,023,135768,35,3,0,3,0
2020-03-25,Imperial,025,180216,57,8,0,8,0
2020-03-25,Inyo,027,18085,5,0,0,0,0
2020-03-25,Kern,029,883053,164,13,0,13,0
2020-03-25,Kings,031,150075,26,0,1,1,0
2020-03-25,Lake,033,64148,0,0,0,0,0
2020-03-25,Lassen,035,31185,3,0,1,1,0
2020-03-25,Los Angeles,037,10098052,4136,725,10,735,10
2020-03-25,Madera,039,155013,37,6,0,6,0
2020-03-25,Marin,041,260295,100,47,0,47,0
2020-03-25,Mariposa,043,17540,0,0,0,0,0
2020-03-25,Mendocino,045,87422,3,1,0,1,0
2020-03-25,Merced,047,269075,19,0,0,0,0
2020-03-25,Modoc,049,8938,0,0,0,0,0
2020-03-25,Mono,051,14174,22,4,0,4,0
2020-03-25,Monterey,053,433212,63,23,0,23,1
2020-03-25,Napa,055,140530,26,5,0,5,0
2020-03-25,Nevada,057,99092,31,5,1,6,0
2020-03-25,Orange,059,3164182,1000,214,9,223,1
2020-03-25,Placer,061,380077,100,30,0,30,1
2020-03-25,Plumas,063,18699,0,1,0,1,0
2020-03-25,Riverside,065,2383286,813,87,12,99,5
2020-03-25,Sacramento,067,1510023,446,114,0,114,5
2020-03-25,San Benito,069,59416,27,4,0,4,1
2020-03-25,San Bernardino,071,2135413,409,46,0,46,1
2020-03-25,San Diego,073,3302833,1194,238,0,238,2
2020-03-25,San Francisco,075,870044,553,212,0,212,1
2020-03-25,San Joaquin,077,732212,177,64,3,67,2
2020-03-25,San Luis Obispo,079,281455,105,35,0,35,0
2020-03-25,San Mateo,081,765935,577,111,2,113,5
2020-03-25,Santa Barbara,083,443738,157,25,1,26,0
2020-03-25,Santa Clara,085,1922200,1195,452,2,454,20
2020-03-25,Santa Cruz,087,273765,72,26,0,26,0
2020-03-25,Shasta,089,179085,16,3,0,3,1
2020-03-25,Sierra,091,2930,0,0,0,0,0
2020-03-25,Siskiyou,093,43540,4,2,0,2,0
2020-03-25,Solano,095,438530,80,39,0,39,0
2020-03-25,Sonoma,097,501317,124,31,0,31,1
2020-03-25,Stanislaus,099,539301,74,14,3,17,0
2020-03-25,Sutter,101,95872,9,1,0,1,0
2020-03-25,Tehama,103,63373,1,0,0,0,0
2020-03-25,Trinity,105,12862,0,0,0,0,0
2020-03-25,Tulare,107,460477,87,11,3,14,0
2020-03-25,Tuolumne,109,53932,2,0,0,0,0
2020-03-25,Ventura,111,848112,229,53,0,53,1
2020-03-25,Yolo,113,214977,45,9,0,9,1
2020-03-25,Yuba,115,75493,7,2,0,2,0
2020-03-24,Alameda,001,1643700,503,96,1,97,2
2020-03-24,Alpine,003,1148,1,0,0,0,0
2020-03-24,Amador,005,37829,2,1,0,1,0
2020-03-24,Butte,007,227075,11,3,0,3,0
2020-03-24,Calaveras,009,45235,5,2,0,2,0
2020-03-24,Colusa,011,21464,2,0,0,0,0
2020-03-24,Contra Costa,013,1133247,358,108,0,108,1
2020-03-24,Del Norte,015,27424,0,0,0,0,0
2020-03-24,El Dorado,017,186661,27,3,0,3,0
2020-03-24,Fresno,019,978130,133,18,2,20,0
2020-03-24,Glenn,021,27897,2,0,0,0,0
2020-03-24,Humboldt,023,135768,33,2,0,2,0
2020-03-24,Imperial,025,180216,54,3,0,3,0
2020-03-24,Inyo,027,18085,5,0,0,0,0
2020-03-24,Kern,029,883053,144,5,0,5,0
2020-03-24,Kings,031,150075,25,0,1,1,0
2020-03-24,Lake,033,64148,0,0,0,0,0
2020-03-24,Lassen,035,31185,3,0,1,1,0
2020-03-24,Los Angeles,037,10098052,3684,633,10,643,7
2020-03-24,Madera,039,155013,36,6,0,6,0
2020-03-24,Marin,041,260295,89,44,0,44,0
2020-03-24,Mariposa,043,17540,0,0,0,0,0
2020-03-24,Mendocino,045,87422,3,1,0,1,0
2020-03-24,Merced,047,269075,17,0,0,0,0
2020-03-24,Modoc,049,8938,0,0,0,0,0
2020-03-24,Mono,051,14174,21,1,0,1,0
2020-03-24,Monterey,053,433212,59,23,0,23,1
2020-03-24,Napa,055,140530,23,2,0,2,0
2020-03-24,Nevada,057,99092,30,4,1,5,0
2020-03-24,Orange,059,3164182,938,166,9,175,0
2020-03-24,Placer,061,380077,93,22,0,22,1
2020-03-24,Plumas,063,18699,0,1,0,1,0
2020-03-24,Riverside,065,2383286,746,56,12,68,5
2020-03-24,Sacramento,067,1510023,426,93,0,93,4
2020-03-24,San Benito,069,59416,26,4,0,4,1
2020-03-24,San Bernardino,071,2135413,365,27,0,27,0
2020-03-24,San Diego,073,3302833,1127,231,0,231,2
2020-03-24,San Francisco,075,870044,521,181,0,181,1
2020-03-24,San Joaquin,077,732212,166,52,3,55,2
2020-03-24,San Luis Obispo,079,281455,102,32,0,32,0
2020-03-24,San Mateo,081,765935,536,100,2,102,2
2020-03-24,Santa Barbara,083,443738,151,20,1,21,0
2020-03-24,Santa Clara,085,1922200,1126,389,2,391,17
2020-03-24,Santa Cruz,087,273765,67,22,0,22,0
2020-03-24,Shasta,089,179085,15,3,0,3,0
2020-03-24,Sierra,091,2930,0,0,0,0,0
2020-03-24,Siskiyou,093,43540,4,2,0,2,0
2020-03-24,Solano,095,438530,78,34,0,34,0
2020-03-24,Sonoma,097,501317,117,27,0,27,1
2020-03-24,Stanislaus,099,539301,65,13,3,16,0
2020-03-24,Sutter,101,95872,9,0,0,0,0
2020-03-24,Tehama,103,63373,1,0,0,0,0
2020-03-24,Trinity,105,12862,0,0,0,0,0
2020-03-24,Tulare,107,460477,77,10,3,13,0
2020-03-24,Tuolumne,109,53932,2,0,0,0,0
2020-03-24,Ventura,111,848112,213,44,0,44,1
2020-03-24,Yolo,113,214977,41,8,0,8,0
2020-03-24,Yuba,115,75493,7,2,0,2,0
2020-03-23,Alameda,001,1643700,472,88,1,89,1
2020-03-23,Alpine,003,1148,1,0,0,0,0
2020-03-23,Amador,005,37829,2,1,0,1,0
2020-03-23,Butte,007,227075,11,2,0,2,0
2020-03-23,Calaveras,009,45235,5,2,0,2,0
2020-03-23,Colusa,011,21464,1,0,0,0,0
2020-03-23,Contra Costa,013,1133247,338,91,0,91,2
2020-03-23,Del Norte,015,27424,0,0,0,0,0
2020-03-23,El Dorado,017,186661,26,3,0,3,0
2020-03-23,Fresno,019,978130,123,10,2,12,0
2020-03-23,Glenn,021,27897,2,0,0,0,0
2020-03-23,Humboldt,023,135768,31,2,0,2,0
2020-03-23,Imperial,025,180216,50,2,0,2,0
2020-03-23,Inyo,027,18085,3,0,0,0,0
2020-03-23,Kern,029,883053,130,5,0,5,0
2020-03-23,Kings,031,150075,25,0,1,1,0
2020-03-23,Lake,033,64148,0,0,0,0,0
2020-03-23,Lassen,035,31185,3,0,1,1,0
2020-03-23,Los Angeles,037,10098052,3379,389,10,399,4
2020-03-23,Madera,039,155013,36,4,0,4,0
2020-03-23,Marin,041,260295,84,30,0,30,0
2020-03-23,Mariposa,043,17540,0,0,0,0,0
2020-03-23,Mendocino,045,87422,3,1,0,1,0
2020-03-23,Merced,047,269075,11,0,0,0,0
2020-03-23,Modoc,049,8938,0,0,0,0,0
2020-03-23,Mono,051,14174,19,1,0,1,0
2020-03-23,Monterey,053,433212,54,14,0,14,1
2020-03-23,Napa,055,140530,21,1,0,1,0
2020-03-23,Nevada,057,99092,27,2,1,3,0
2020-03-23,Orange,059,3164182,883,138,7,145,0
2020-03-23,Placer,061,380077,90,19,0,19,1
2020-03-23,Plumas,063,18699,0,0,0,0,0
2020-03-23,Riverside,065,2383286,703,39,12,51,5
2020-03-23,Sacramento,067,1510023,393,87,0,87,4
2020-03-23,San Benito,069,59416,25,4,0,4,1
2020-03-23,San Bernardino,071,2135413,335,17,0,17,0
2020-03-23,San Diego,073,3302833,1068,178,0,178,1
2020-03-23,San Francisco,075,870044,492,152,0,152,0
2020-03-23,San Joaquin,077,732212,154,37,3,40,2
2020-03-23,San Luis Obispo,079,281455,96,23,0,23,0
2020-03-23,San Mateo,081,765935,497,88,2,90,1
2020-03-23,Santa Barbara,083,443738,133,18,1,19,0
2020-03-23,Santa Clara,085,1922200,1077,336,2,338,13
2020-03-23,Santa Cruz,087,273765,65,21,0,21,0
2020-03-23,Shasta,089,179085,13,2,0,2,0
2020-03-23,Sierra,091,2930,0,0,0,0,0
2020-03-23,Siskiyou,093,43540,4,2,0,2,0
2020-03-23,Solano,095,438530,74,33,0,33,0
2020-03-23,Sonoma,097,501317,105,19,0,19,1
2020-03-23,Stanislaus,099,539301,57,10,3,13,0
2020-03-23,Sutter,101,95872,9,0,0,0,0
2020-03-23,Tehama,103,63373,1,0,0,0,0
2020-03-23,Trinity,105,12862,0,0,0,0,0
2020-03-23,Tulare,107,460477,68,9,3,12,0
2020-03-23,Tuolumne,109,53932,2,0,0,0,0
2020-03-23,Ventura,111,848112,196,30,0,30,0
2020-03-23,Yolo,113,214977,40,8,0,8,0
2020-03-23,Yuba,115,75493,7,2,0,2,0
2020-03-22,Alameda,001,1643700,433,72,1,73,1
2020-03-22,Alpine,003,1148,1,0,0,0,0
2020-03-22,Amador,005,37829,2,1,0,1,0
2020-03-22,Butte,007,227075,8,1,0,1,0
2020-03-22,Calaveras,009,45235,4,2,0,2,0
2020-03-22,Colusa,011,21464,1,0,0,0,0
2020-03-22,Contra Costa,013,1133247,311,79,0,79,1
2020-03-22,Del Norte,015,27424,0,0,0,0,0
2020-03-22,El Dorado,017,186661,24,1,0,1,0
2020-03-22,Fresno,019,978130,103,8,2,10,0
2020-03-22,Glenn,021,27897,2,0,0,0,0
2020-03-22,Humboldt,023,135768,28,1,0,1,0
2020-03-22,Imperial,025,180216,48,2,0,2,0
2020-03-22,Inyo,027,18085,1,0,0,0,0
2020-03-22,Kern,029,883053,114,3,0,3,0
2020-03-22,Kings,031,150075,22,0,1,1,0
2020-03-22,Lake,033,64148,0,0,0,0,0
2020-03-22,Lassen,035,31185,3,0,1,1,0
2020-03-22,Los Angeles,037,10098052,3057,384,10,394,3
2020-03-22,Madera,039,155013,33,4,0,4,0
2020-03-22,Marin,041,260295,74,30,0,30,0
2020-03-22,Mariposa,043,17540,0,0,0,0,0
2020-03-22,Mendocino,045,87422,3,1,0,1,0
2020-03-22,Merced,047,269075,7,0,0,0,0
2020-03-22,Modoc,049,8938,0,0,0,0,0
2020-03-22,Mono,051,14174,14,1,0,1,0
2020-03-22,Monterey,053,433212,51,14,0,14,1
2020-03-22,Napa,055,140530,17,1,0,1,0
2020-03-22,Nevada,057,99092,23,2,1,3,0
2020-03-22,Orange,059,3164182,811,102,4,106,0
2020-03-22,Placer,061,380077,87,18,0,18,1
2020-03-22,Plumas,063,18699,0,0,0,0,0
2020-03-22,Riverside,065,2383286,613,26,8,34,5
2020-03-22,Sacramento,067,1510023,361,82,0,82,4
2020-03-22,San Benito,069,59416,20,4,0,4,1
2020-03-22,San Bernardino,071,2135413,292,16,0,16,0
2020-03-22,San Diego,073,3302833,980,161,0,161,0
2020-03-22,San Francisco,075,870044,455,134,0,134,0
2020-03-22,San Joaquin,077,732212,140,30,3,33,2
2020-03-22,San Luis Obispo,079,281455,89,19,0,19,0
2020-03-22,San Mateo,081,765935,464,82,2,84,1
2020-03-22,Santa Barbara,083,443738,119,16,1,17,0
2020-03-22,Santa Clara,085,1922200,1013,284,2,286,13
2020-03-22,Santa Cruz,087,273765,64,19,0,19,0
2020-03-22,Shasta,089,179085,13,1,0,1,0
2020-03-22,Sierra,091,2930,0,0,0,0,0
2020-03-22,Siskiyou,093,43540,4,2,0,2,0
2020-03-22,Solano,095,438530,65,30,0,30,0
2020-03-22,Sonoma,097,501317,100,18,0,18,1
2020-03-22,Stanislaus,099,539301,51,8,3,11,0
2020-03-22,Sutter,101,95872,8,0,0,0,0
2020-03-22,Tehama,103,63373,0,0,0,0,0
2020-03-22,Trinity,105,12862,0,0,0,0,0
2020-03-22,Tulare,107,460477,62,5,3,8,0
2020-03-22,Tuolumne,109,53932,2,0,0,0,0
2020-03-22,Ventura,111,848112,174,26,0,26,0
2020-03-22,Yolo,113,214977,34,6,0,6,0
2020-03-22,Yuba,115,75493,7,2,0,2,0
2020-03-21,Alameda,001,1643700,409,62,1,63,0
2020-03-21,Alpine,003,1148,1,0,0,0,0
2020-03-21,Amador,005,37829,2,1,0,1,0
2020-03-21,Butte,007,227075,7,1,0,1,0
2020-03-21,Calaveras,009,45235,4,2,0,2,0
2020-03-21,Colusa,011,21464,1,0,0,0,0
2020-03-21,Contra Costa,013,1133247,300,62,0,62,1
2020-03-21,Del Norte,015,27424,0,0,0,0,0
2020-03-21,El Dorado,017,186661,21,1,0,1,0
2020-03-21,Fresno,019,978130,99,8,2,10,0
2020-03-21,Glenn,021,27897,2,0,0,0,0
2020-03-21,Humboldt,023,135768,25,1,0,1,0
2020-03-21,Imperial,025,180216,44,2,0,2,0
2020-03-21,Inyo,027,18085,1,0,0,0,0
2020-03-21,Kern,029,883053,108,3,0,3,0
2020-03-21,Kings,031,150075,22,0,1,1,0
2020-03-21,Lake,033,64148,0,0,0,0,0
2020-03-21,Lassen,035,31185,3,0,1,1,0
2020-03-21,Los Angeles,037,10098052,2784,322,10,332,2
2020-03-21,Madera,039,155013,33,4,0,4,0
2020-03-21,Marin,041,260295,69,30,0,30,0
2020-03-21,Mariposa,043,17540,0,0,0,0,0
2020-03-21,Mendocino,045,87422,3,1,0,1,0
2020-03-21,Merced,047,269075,6,0,0,0,0
2020-03-21,Modoc,049,8938,0,0,0,0,0
2020-03-21,Mono,051,14174,14,1,0,1,0
2020-03-21,Monterey,053,433212,48,8,0,8,1
2020-03-21,Napa,055,140530,17,0,0,0,0
2020-03-21,Nevada,057,99092,23,2,1,3,0
2020-03-21,Orange,059,3164182,762,85,4,89,0
2020-03-21,Placer,061,380077,78,11,0,11,1
2020-03-21,Plumas,063,18699,0,0,0,0,0
2020-03-21,Riverside,065,2383286,566,20,8,28,3
2020-03-21,Sacramento,067,1510023,334,66,0,66,3
2020-03-21,San Benito,069,59416,18,4,0,4,1
2020-03-21,San Bernardino,071,2135413,272,13,0,13,0
2020-03-21,San Diego,073,3302833,903,121,0,121,0
2020-03-21,San Francisco,075,870044,419,106,0,106,0
2020-03-21,San Joaquin,077,732212,131,26,3,29,2
2020-03-21,San Luis Obispo,079,281455,84,16,0,16,0
2020-03-21,San Mateo,081,765935,426,78,2,80,1
2020-03-21,Santa Barbara,083,443738,109,8,1,9,0
2020-03-21,Santa Clara,085,1922200,951,269,2,271,10
2020-03-21,Santa Cruz,087,273765,62,17,0,17,0
2020-03-21,Shasta,089,179085,12,1,0,1,0
2020-03-21,Sierra,091,2930,0,0,0,0,0
2020-03-21,Siskiyou,093,43540,4,0,0,0,0
2020-03-21,Solano,095,438530,63,30,0,30,0
2020-03-21,Sonoma,097,501317,99,15,0,15,1
2020-03-21,Stanislaus,099,539301,45,7,3,10,0
2020-03-21,Sutter,101,95872,7,0,0,0,0
2020-03-21,Tehama,103,63373,0,0,0,0,0
2020-03-21,Trinity,105,12862,0,0,0,0,0
2020-03-21,Tulare,107,460477,54,5,3,8,0
2020-03-21,Tuolumne,109,53932,2,0,0,0,0
2020-03-21,Ventura,111,848112,166,22,0,22,0
2020-03-21,Yolo,113,214977,34,6,0,6,0
2020-03-21,Yuba,115,75493,7,1,0,1,0
2020-03-20,Alameda,001,1643700,388,42,1,43,0
2020-03-20,Alpine,003,1148,1,0,0,0,0
2020-03-20,Amador,005,37829,1,0,0,0,0
2020-03-20,Butte,007,227075,7,0,0,0,0
2020-03-20,Calaveras,009,45235,4,2,0,2,0
2020-03-20,Colusa,011,21464,1,0,0,0,0
2020-03-20,Contra Costa,013,1133247,270,52,0,52,1
2020-03-20,Del Norte,015,27424,0,0,0,0,0
2020-03-20,El Dorado,017,186661,20,1,0,1,0
2020-03-20,Fresno,019,978130,96,7,2,9,0
2020-03-20,Glenn,021,27897,1,0,0,0,0
2020-03-20,Humboldt,023,135768,25,1,0,1,0
2020-03-20,Imperial,025,180216,43,2,0,2,0
2020-03-20,Inyo,027,18085,0,0,0,0,0
2020-03-20,Kern,029,883053,93,3,0,3,0
2020-03-20,Kings,031,150075,21,0,1,1,0
2020-03-20,Lake,033,64148,0,0,0,0,0
2020-03-20,Lassen,035,31185,3,0,1,1,0
2020-03-20,Los Angeles,037,10098052,2558,267,9,276,1
2020-03-20,Madera,039,155013,32,4,0,4,0
2020-03-20,Marin,041,260295,66,30,0,30,0
2020-03-20,Mariposa,043,17540,0,0,0,0,0
2020-03-20,Mendocino,045,87422,3,1,0,1,0
2020-03-20,Merced,047,269075,6,0,0,0,0
2020-03-20,Modoc,049,8938,0,0,0,0,0
2020-03-20,Mono,051,14174,14,0,0,0,0
2020-03-20,Monterey,053,433212,47,4,0,4,0
2020-03-20,Napa,055,140530,16,0,0,0,0
2020-03-20,Nevada,057,99092,20,2,1,3,0
2020-03-20,Orange,059,3164182,715,71,4,75,2
2020-03-20,Placer,061,380077,72,9,0,9,1
2020-03-20,Plumas,063,18699,0,0,0,0,0
2020-03-20,Riverside,065,2383286,507,19,8,27,3
2020-03-20,Sacramento,067,1510023,313,56,0,56,4
2020-03-20,San Benito,069,59416,18,4,0,4,1
2020-03-20,San Bernardino,071,2135413,245,9,0,9,0
2020-03-20,San Diego,073,3302833,851,98,0,98,0
2020-03-20,San Francisco,075,870044,387,87,0,87,0
2020-03-20,San Joaquin,077,732212,116,18,3,21,2
2020-03-20,San Luis Obispo,079,281455,80,11,0,11,0
2020-03-20,San Mateo,081,765935,396,71,2,73,1
2020-03-20,Santa Barbara,083,443738,97,7,1,8,0
2020-03-20,Santa Clara,085,1922200,914,246,2,248,8
2020-03-20,Santa Cruz,087,273765,60,13,0,13,0
2020-03-20,Shasta,089,179085,11,1,0,1,0
2020-03-20,Sierra,091,2930,0,0,0,0,0
2020-03-20,Siskiyou,093,43540,4,0,0,0,0
2020-03-20,Solano,095,438530,59,29,0,29,0
2020-03-20,Sonoma,097,501317,91,7,0,7,0
2020-03-20,Stanislaus,099,539301,39,7,3,10,0
2020-03-20,Sutter,101,95872,7,0,0,0,0
2020-03-20,Tehama,103,63373,0,0,0,0,0
2020-03-20,Trinity,105,12862,0,0,0,0,0
2020-03-20,Tulare,107,460477,50,4,3,7,0
2020-03-20,Tuolumne,109,53932,2,0,0,0,0
2020-03-20,Ventura,111,848112,156,18,0,18,0
2020-03-20,Yolo,113,214977,32,5,0,5,0
2020-03-20,Yuba,115,75493,6,0,0,0,0
2020-03-19,Alameda,001,1643700,352,36,1,37,0
2020-03-19,Alpine,003,1148,1,0,0,0,0
2020-03-19,Amador,005,37829,1,0,0,0,0
2020-03-19,Butte,007,227075,5,0,0,0,0
2020-03-19,Calaveras,009,45235,4,2,0,2,0
2020-03-19,Colusa,011,21464,0,0,0,0,0
2020-03-19,Contra Costa,013,1133247,254,46,0,46,0
2020-03-19,Del Norte,015,27424,0,0,0,0,0
2020-03-19,El Dorado,017,186661,18,0,0,0,0
2020-03-19,Fresno,019,978130,87,6,2,8,0
2020-03-19,Glenn,021,27897,1,0,0,0,0
2020-03-19,Humboldt,023,135768,23,1,0,1,0
2020-03-19,Imperial,025,180216,36,2,0,2,0
2020-03-19,Inyo,027,18085,0,0,0,0,0
2020-03-19,Kern,029,883053,81,3,0,3,0
2020-03-19,Kings,031,150075,17,0,1,1,0
2020-03-19,Lake,033,64148,0,0,0,0,0
2020-03-19,Lassen,035,31185,2,0,1,1,0
2020-03-19,Los Angeles,037,10098052,2271,233,9,242,0
2020-03-19,Madera,039,155013,31,3,0,3,0
2020-03-19,Marin,041,260295,63,19,0,19,0
2020-03-19,Mariposa,043,17540,0,0,0,0,0
2020-03-19,Mendocino,045,87422,2,1,0,1,0
2020-03-19,Merced,047,269075,5,0,0,0,0
2020-03-19,Modoc,049,8938,0,0,0,0,0
2020-03-19,Mono,051,14174,12,0,0,0,0
2020-03-19,Monterey,053,433212,39,3,0,3,0
2020-03-19,Napa,055,140530,14,0,0,0,0
2020-03-19,Nevada,057,99092,18,2,1,3,0
2020-03-19,Orange,059,3164182,633,59,4,63,0
2020-03-19,Placer,061,380077,64,8,0,8,1
2020-03-19,Plumas,063,18699,0,0,0,0,0
2020-03-19,Riverside,065,2383286,396,14,6,20,3
2020-03-19,Sacramento,067,1510023,280,52,0,52,3
2020-03-19,San Benito,069,59416,15,3,0,3,0
2020-03-19,San Bernardino,071,2135413,215,7,0,7,0
2020-03-19,San Diego,073,3302833,768,68,0,68,0
2020-03-19,San Francisco,075,870044,351,80,0,80,0
2020-03-19,San Joaquin,077,732212,102,15,3,18,2
2020-03-19,San Luis Obispo,079,281455,77,6,0,6,0
2020-03-19,San Mateo,081,765935,361,58,2,60,1
2020-03-19,Santa Barbara,083,443738,85,5,0,5,0
2020-03-19,Santa Clara,085,1922200,847,183,2,185,8
2020-03-19,Santa Cruz,087,273765,57,13,0,13,0
2020-03-19,Shasta,089,179085,10,1,0,1,0
2020-03-19,Sierra,091,2930,0,0,0,0,0
2020-03-19,Siskiyou,093,43540,3,0,0,0,0
2020-03-19,Solano,095,438530,55,26,0,26,0
2020-03-19,Sonoma,097,501317,88,8,0,8,0
2020-03-19,Stanislaus,099,539301,38,7,3,10,0
2020-03-19,Sutter,101,95872,7,0,0,0,0
2020-03-19,Tehama,103,63373,0,0,0,0,0
2020-03-19,Trinity,105,12862,0,0,0,0,0
2020-03-19,Tulare,107,460477,44,3,3,6,0
2020-03-19,Tuolumne,109,53932,2,0,0,0,0
2020-03-19,Ventura,111,848112,134,15,0,15,0
2020-03-19,Yolo,113,214977,28,5,0,5,0
2020-03-19,Yuba,115,75493,5,0,0,0,0
2020-03-18,Alameda,001,1643700,324,29,1,30,0
2020-03-18,Alpine,003,1148,1,0,0,0,0
2020-03-18,Amador,005,37829,1,0,0,0,0
2020-03-18,Butte,007,227075,4,0,0,0,0
2020-03-18,Calaveras,009,45235,4,2,0,2,0
2020-03-18,Colusa,011,21464,0,0,0,0,0
2020-03-18,Contra Costa,013,1133247,232,44,0,44,0
2020-03-18,Del Norte,015,27424,0,0,0,0,0
2020-03-18,El Dorado,017,186661,17,0,0,0,0
2020-03-18,Fresno,019,978130,78,3,1,4,0
2020-03-18,Glenn,021,27897,1,0,0,0,0
2020-03-18,Humboldt,023,135768,19,1,0,1,0
2020-03-18,Imperial,025,180216,30,2,0,2,0
2020-03-18,Inyo,027,18085,0,0,0,0,0
2020-03-18,Kern,029,883053,66,1,0,1,0
2020-03-18,Kings,031,150075,15,0,1,1,0
2020-03-18,Lake,033,64148,0,0,0,0,0
2020-03-18,Lassen,035,31185,1,0,1,1,0
2020-03-18,Los Angeles,037,10098052,2033,47,9,56,0
2020-03-18,Madera,039,155013,30,2,0,2,0
2020-03-18,Marin,041,260295,58,10,0,10,0
2020-03-18,Mariposa,043,17540,0,0,0,0,0
2020-03-18,Mendocino,045,87422,2,0,0,0,0
2020-03-18,Merced,047,269075,5,0,0,0,0
2020-03-18,Modoc,049,8938,0,0,0,0,0
2020-03-18,Mono,051,14174,11,0,0,0,0
2020-03-18,Monterey,053,433212,31,1,0,1,0
2020-03-18,Napa,055,140530,11,0,0,0,0
2020-03-18,Nevada,057,99092,16,2,1,3,0
2020-03-18,Orange,059,3164182,576,38,4,42,0
2020-03-18,Placer,061,380077,57,8,0,8,1
2020-03-18,Plumas,063,18699,0,0,0,0,0
2020-03-18,Riverside,065,2383286,333,11,5,16,2
2020-03-18,Sacramento,067,1510023,257,46,0,46,3
2020-03-18,San Benito,069,59416,14,3,0,3,0
2020-03-18,San Bernardino,071,2135413,193,3,0,3,0
2020-03-18,San Diego,073,3302833,683,40,0,40,0
2020-03-18,San Francisco,075,870044,332,65,0,65,0
2020-03-18,San Joaquin,077,732212,90,14,3,17,2
2020-03-18,San Luis Obispo,079,281455,70,5,0,5,0
2020-03-18,San Mateo,081,765935,340,57,2,59,1
2020-03-18,Santa Barbara,083,443738,77,2,0,2,0
2020-03-18,Santa Clara,085,1922200,796,151,2,153,6
2020-03-18,Santa Cruz,087,273765,55,11,0,11,0
2020-03-18,Shasta,089,179085,9,1,0,1,0
2020-03-18,Sierra,091,2930,0,0,0,0,0
2020-03-18,Siskiyou,093,43540,3,0,0,0,0
2020-03-18,Solano,095,438530,51,26,0,26,0
2020-03-18,Sonoma,097,501317,79,6,0,6,0
2020-03-18,Stanislaus,099,539301,34,5,2,7,0
2020-03-18,Sutter,101,95872,5,0,0,0,0
2020-03-18,Tehama,103,63373,0,0,0,0,0
2020-03-18,Trinity,105,12862,0,0,0,0,0
2020-03-18,Tulare,107,460477,34,3,3,6,0
2020-03-18,Tuolumne,109,53932,2,0,0,0,0
2020-03-18,Ventura,111,848112,115,11,0,11,0
2020-03-18,Yolo,113,214977,25,4,0,4,0
2020-03-18,Yuba,115,75493,4,0,0,0,0
2020-03-17,Alameda,001,1643700,292,19,0,19,0
2020-03-17,Alpine,003,1148,0,0,0,0,0
2020-03-17,Amador,005,37829,1,0,0,0,0
2020-03-17,Butte,007,227075,4,0,0,0,0
2020-03-17,Calaveras,009,45235,4,2,0,2,0
2020-03-17,Colusa,011,21464,0,0,0,0,0
2020-03-17,Contra Costa,013,1133247,210,37,0,37,0
2020-03-17,Del Norte,015,27424,0,0,0,0,0
2020-03-17,El Dorado,017,186661,16,0,0,0,0
2020-03-17,Fresno,019,978130,68,2,1,3,0
2020-03-17,Glenn,021,27897,1,0,0,0,0
2020-03-17,Humboldt,023,135768,17,1,0,1,0
2020-03-17,Imperial,025,180216,24,2,0,2,0
2020-03-17,Inyo,027,18085,0,0,0,0,0
2020-03-17,Kern,029,883053,52,0,0,0,0
2020-03-17,Kings,031,150075,12,0,1,1,0
2020-03-17,Lake,033,64148,0,0,0,0,0
2020-03-17,Lassen,035,31185,1,0,1,1,0
2020-03-17,Los Angeles,037,10098052,1831,41,9,50,0
2020-03-17,Madera,039,155013,22,2,0,2,0
2020-03-17,Marin,041,260295,51,4,0,4,0
2020-03-17,Mariposa,043,17540,0,0,0,0,0
2020-03-17,Mendocino,045,87422,2,0,0,0,0
2020-03-17,Merced,047,269075,5,0,0,0,0
2020-03-17,Modoc,049,8938,0,0,0,0,0
2020-03-17,Mono,051,14174,9,0,0,0,0
2020-03-17,Monterey,053,433212,29,0,0,0,0
2020-03-17,Napa,055,140530,8,0,0,0,0
2020-03-17,Nevada,057,99092,15,1,1,2,0
2020-03-17,Orange,059,3164182,498,24,3,27,0
2020-03-17,Placer,061,380077,47,7,0,7,1
2020-03-17,Plumas,063,18699,0,0,0,0,0
2020-03-17,Riverside,065,2383286,271,11,5,16,0
2020-03-17,Sacramento,067,1510023,237,36,0,36,1
2020-03-17,San Benito,069,59416,12,2,0,2,0
2020-03-17,San Bernardino,071,2135413,165,2,0,2,0
2020-03-17,San Diego,073,3302833,616,17,0,17,0
2020-03-17,San Francisco,075,870044,305,46,0,46,0
2020-03-17,San Joaquin,077,732212,84,11,3,14,0
2020-03-17,San Luis Obispo,079,281455,62,1,0,1,0
2020-03-17,San Mateo,081,765935,308,46,2,48,1
2020-03-17,Santa Barbara,083,443738,65,0,0,0,0
2020-03-17,Santa Clara,085,1922200,738,121,2,123,4
2020-03-17,Santa Cruz,087,273765,52,10,0,10,0
2020-03-17,Shasta,089,179085,5,1,0,1,0
2020-03-17,Sierra,091,2930,0,0,0,0,0
2020-03-17,Siskiyou,093,43540,3,0,0,0,0
2020-03-17,Solano,095,438530,48,27,0,27,0
2020-03-17,Sonoma,097,501317,71,4,0,4,0
2020-03-17,Stanislaus,099,539301,31,4,2,6,0
2020-03-17,Sutter,101,95872,5,0,0,0,0
2020-03-17,Tehama,103,63373,0,0,0,0,0
2020-03-17,Trinity,105,12862,0,0,0,0,0
2020-03-17,Tulare,107,460477,29,2,3,5,0
2020-03-17,Tuolumne,109,53932,2,0,0,0,0
2020-03-17,Ventura,111,848112,98,7,0,7,0
2020-03-17,Yolo,113,214977,21,2,0,2,0
2020-03-17,Yuba,115,75493,4,0,0,0,0
2020-03-16,Alameda,001,1643700,263,17,0,17,0
2020-03-16,Alpine,003,1148,0,0,0,0,0
2020-03-16,Amador,005,37829,1,0,0,0,0
2020-03-16,Butte,007,227075,3,0,0,0,0
2020-03-16,Calaveras,009,45235,4,2,0,2,0
2020-03-16,Colusa,011,21464,0,0,0,0,0
2020-03-16,Contra Costa,013,1133247,186,36,0,36,0
2020-03-16,Del Norte,015,27424,0,0,0,0,0
2020-03-16,El Dorado,017,186661,15,0,0,0,0
2020-03-16,Fresno,019,978130,53,2,1,3,0
2020-03-16,Glenn,021,27897,0,0,0,0,0
2020-03-16,Humboldt,023,135768,13,1,0,1,0
2020-03-16,Imperial,025,180216,19,2,0,2,0
2020-03-16,Inyo,027,18085,0,0,0,0,0
2020-03-16,Kern,029,883053,43,0,0,0,0
2020-03-16,Kings,031,150075,11,0,1,1,0
2020-03-16,Lake,033,64148,0,0,0,0,0
2020-03-16,Lassen,035,31185,1,0,0,0,0
2020-03-16,Los Angeles,037,10098052,1596,43,9,52,0
2020-03-16,Madera,039,155013,21,2,0,2,0
2020-03-16,Marin,041,260295,48,4,0,4,0
2020-03-16,Mariposa,043,17540,0,0,0,0,0
2020-03-16,Mendocino,045,87422,2,0,0,0,0
2020-03-16,Merced,047,269075,5,0,0,0,0
2020-03-16,Modoc,049,8938,0,0,0,0,0
2020-03-16,Mono,051,14174,7,0,0,0,0
2020-03-16,Monterey,053,433212,28,0,0,0,0
2020-03-16,Napa,055,140530,7,0,0,0,0
2020-03-16,Nevada,057,99092,11,1,1,2,0
2020-03-16,Orange,059,3164182,415,18,3,21,0
2020-03-16,Placer,061,380077,39,7,0,7,1
2020-03-16,Plumas,063,18699,0,0,0,0,0
2020-03-16,Riverside,065,2383286,235,10,5,15,0
2020-03-16,Sacramento,067,1510023,210,34,0,34,1
2020-03-16,San Benito,069,59416,8,2,0,2,0
2020-03-16,San Bernardino,071,2135413,145,1,0,1,0
2020-03-16,San Diego,073,3302833,525,17,0,17,0
2020-03-16,San Francisco,075,870044,267,40,0,40,0
2020-03-16,San Joaquin,077,732212,74,9,3,12,0
2020-03-16,San Luis Obispo,079,281455,55,1,0,1,0
2020-03-16,San Mateo,081,765935,269,42,2,44,1
2020-03-16,Santa Barbara,083,443738,55,0,0,0,0
2020-03-16,Santa Clara,085,1922200,658,115,1,116,2
2020-03-16,Santa Cruz,087,273765,45,9,0,9,0
2020-03-16,Shasta,089,179085,5,1,0,1,0
2020-03-16,Sierra,091,2930,0,0,0,0,0
2020-03-16,Siskiyou,093,43540,2,0,0,0,0
2020-03-16,Solano,095,438530,43,27,0,27,0
2020-03-16,Sonoma,097,501317,63,4,0,4,0
2020-03-16,Stanislaus,099,539301,27,2,2,4,0
2020-03-16,Sutter,101,95872,3,0,0,0,0
2020-03-16,Tehama,103,63373,0,0,0,0,0
2020-03-16,Trinity,105,12862,0,0,0,0,0
2020-03-16,Tulare,107,460477,25,2,3,5,0
2020-03-16,Tuolumne,109,53932,2,0,0,0,0
2020-03-16,Ventura,111,848112,88,7,0,7,0
2020-03-16,Yolo,113,214977,19,2,0,2,0
2020-03-16,Yuba,115,75493,3,0,0,0,0
2020-03-15,Alameda,001,1643700,216,17,0,17,0
2020-03-15,Alpine,003,1148,0,0,0,0,0
2020-03-15,Amador,005,37829,1,0,0,0,0
2020-03-15,Butte,007,227075,3,0,0,0,0
2020-03-15,Calaveras,009,45235,2,2,0,2,0
2020-03-15,Colusa,011,21464,0,0,0,0,0
2020-03-15,Contra Costa,013,1133247,161,34,0,34,0
2020-03-15,Del Norte,015,27424,0,0,0,0,0
2020-03-15,El Dorado,017,186661,14,0,0,0,0
2020-03-15,Fresno,019,978130,33,1,1,2,0
2020-03-15,Glenn,021,27897,0,0,0,0,0
2020-03-15,Humboldt,023,135768,11,1,0,1,0
2020-03-15,Imperial,025,180216,14,2,0,2,0
2020-03-15,Inyo,027,18085,0,0,0,0,0
2020-03-15,Kern,029,883053,37,0,0,0,0
2020-03-15,Kings,031,150075,11,0,1,1,0
2020-03-15,Lake,033,64148,0,0,0,0,0
2020-03-15,Lassen,035,31185,1,0,0,0,0
2020-03-15,Los Angeles,037,10098052,1356,41,9,50,0
2020-03-15,Madera,039,155013,20,2,0,2,0
2020-03-15,Marin,041,260295,41,3,0,3,0
2020-03-15,Mariposa,043,17540,0,0,0,0,0
2020-03-15,Mendocino,045,87422,2,0,0,0,0
2020-03-15,Merced,047,269075,3,0,0,0,0
2020-03-15,Modoc,049,8938,0,0,0,0,0
2020-03-15,Mono,051,14174,6,0,0,0,0
2020-03-15,Monterey,053,433212,21,0,0,0,0
2020-03-15,Napa,055,140530,7,0,0,0,0
2020-03-15,Nevada,057,99092,11,0,1,1,0
2020-03-15,Orange,059,3164182,347,16,1,17,0
2020-03-15,Placer,061,380077,33,7,0,7,1
2020-03-15,Plumas,063,18699,0,0,0,0,0
2020-03-15,Riverside,065,2383286,183,10,5,15,0
2020-03-15,Sacramento,067,1510023,174,30,0,30,1
2020-03-15,San Benito,069,59416,8,2,0,2,0
2020-03-15,San Bernardino,071,2135413,123,0,0,0,0
2020-03-15,San Diego,073,3302833,438,16,0,16,0
2020-03-15,San Francisco,075,870044,209,31,0,31,0
2020-03-15,San Joaquin,077,732212,63,6,3,9,0
2020-03-15,San Luis Obispo,079,281455,45,1,0,1,0
2020-03-15,San Mateo,081,765935,235,29,1,30,1
2020-03-15,Santa Barbara,083,443738,46,0,0,0,0
2020-03-15,Santa Clara,085,1922200,586,79,1,80,2
2020-03-15,Santa Cruz,087,273765,38,8,0,8,0
2020-03-15,Shasta,089,179085,5,1,0,1,0
2020-03-15,Sierra,091,2930,0,0,0,0,0
2020-03-15,Siskiyou,093,43540,2,0,0,0,0
2020-03-15,Solano,095,438530,42,26,0,26,0
2020-03-15,Sonoma,097,501317,54,4,0,4,0
2020-03-15,Stanislaus,099,539301,26,2,2,4,0
2020-03-15,Sutter,101,95872,2,0,0,0,0
2020-03-15,Tehama,103,63373,0,0,0,0,0
2020-03-15,Trinity,105,12862,0,0,0,0,0
2020-03-15,Tulare,107,460477,19,2,3,5,0
2020-03-15,Tuolumne,109,53932,1,0,0,0,0
2020-03-15,Ventura,111,848112,77,5,0,5,0
2020-03-15,Yolo,113,214977,15,2,0,2,0
2020-03-15,Yuba,115,75493,2,0,0,0,0
2020-03-14,Alameda,001,1643700,197,11,0,11,0
2020-03-14,Alpine,003,1148,0,0,0,0,0
2020-03-14,Amador,005,37829,1,0,0,0,0
2020-03-14,Butte,007,227075,2,0,0,0,0
2020-03-14,Calaveras,009,45235,2,2,0,2,0
2020-03-14,Colusa,011,21464,0,0,0,0,0
2020-03-14,Contra Costa,013,1133247,139,30,0,30,0
2020-03-14,Del Norte,015,27424,0,0,0,0,0
2020-03-14,El Dorado,017,186661,12,0,0,0,0
2020-03-14,Fresno,019,978130,25,1,1,2,0
2020-03-14,Glenn,021,27897,0,0,0,0,0
2020-03-14,Humboldt,023,135768,7,1,0,1,0
2020-03-14,Imperial,025,180216,10,2,0,2,0
2020-03-14,Inyo,027,18085,0,0,0,0,0
2020-03-14,Kern,029,883053,32,0,0,0,0
2020-03-14,Kings,031,150075,11,0,1,1,0
2020-03-14,Lake,033,64148,0,0,0,0,0
2020-03-14,Lassen,035,31185,1,0,0,0,0
2020-03-14,Los Angeles,037,10098052,1178,35,9,44,0
2020-03-14,Madera,039,155013,19,2,0,2,0
2020-03-14,Marin,041,260295,37,3,0,3,0
2020-03-14,Mariposa,043,17540,0,0,0,0,0
2020-03-14,Mendocino,045,87422,2,0,0,0,0
2020-03-14,Merced,047,269075,3,0,0,0,0
2020-03-14,Modoc,049,8938,0,0,0,0,0
2020-03-14,Mono,051,14174,5,0,0,0,0
2020-03-14,Monterey,053,433212,15,0,0,0,0
2020-03-14,Napa,055,140530,5,0,0,0,0
2020-03-14,Nevada,057,99092,8,0,1,1,0
2020-03-14,Orange,059,3164182,308,14,0,14,0
2020-03-14,Placer,061,380077,29,6,0,6,1
2020-03-14,Plumas,063,18699,0,0,0,0,0
2020-03-14,Riverside,065,2383286,163,10,5,15,0
2020-03-14,Sacramento,067,1510023,152,31,0,31,1
2020-03-14,San Benito,069,59416,8,2,0,2,0
2020-03-14,San Bernardino,071,2135413,104,0,0,0,0
2020-03-14,San Diego,073,3302833,363,10,0,10,0
2020-03-14,San Francisco,075,870044,188,29,0,29,0
2020-03-14,San Joaquin,077,732212,54,6,3,9,0
2020-03-14,San Luis Obispo,079,281455,40,0,0,0,0
2020-03-14,San Mateo,081,765935,212,27,1,28,0
2020-03-14,Santa Barbara,083,443738,37,0,0,0,0
2020-03-14,Santa Clara,085,1922200,530,62,1,63,2
2020-03-14,Santa Cruz,087,273765,33,8,0,8,0
2020-03-14,Shasta,089,179085,5,1,0,1,0
2020-03-14,Sierra,091,2930,0,0,0,0,0
2020-03-14,Siskiyou,093,43540,1,0,0,0,0
2020-03-14,Solano,095,438530,40,26,0,26,0
2020-03-14,Sonoma,097,501317,41,2,0,2,0
2020-03-14,Stanislaus,099,539301,22,2,2,4,0
2020-03-14,Sutter,101,95872,2,0,0,0,0
2020-03-14,Tehama,103,63373,0,0,0,0,0
2020-03-14,Trinity,105,12862,0,0,0,0,0
2020-03-14,Tulare,107,460477,17,2,2,4,0
2020-03-14,Tuolumne,109,53932,1,0,0,0,0
2020-03-14,Ventura,111,848112,68,5,0,5,0
2020-03-14,Yolo,113,214977,15,2,0,2,0
2020-03-14,Yuba,115,75493,1,0,0,0,0
2020-03-13,Alameda,001,1643700,178,12,0,12,0
2020-03-13,Alpine,003,1148,0,0,0,0,0
2020-03-13,Amador,005,37829,1,0,0,0,0
2020-03-13,Butte,007,227075,0,0,0,0,0
2020-03-13,Calaveras,009,45235,2,2,0,2,0
2020-03-13,Colusa,011,21464,0,0,0,0,0
2020-03-13,Contra Costa,013,1133247,125,22,0,22,0
2020-03-13,Del Norte,015,27424,0,0,0,0,0
2020-03-13,El Dorado,017,186661,11,0,0,0,0
2020-03-13,Fresno,019,978130,20,1,1,2,0
2020-03-13,Glenn,021,27897,0,0,0,0,0
2020-03-13,Humboldt,023,135768,7,1,0,1,0
2020-03-13,Imperial,025,180216,9,2,0,2,0
2020-03-13,Inyo,027,18085,0,0,0,0,0
2020-03-13,Kern,029,883053,27,0,0,0,0
2020-03-13,Kings,031,150075,10,0,1,1,0
2020-03-13,Lake,033,64148,0,0,0,0,0
2020-03-13,Lassen,035,31185,1,0,0,0,0
2020-03-13,Los Angeles,037,10098052,1025,30,7,37,0
2020-03-13,Madera,039,155013,18,1,0,1,0
2020-03-13,Marin,041,260295,34,3,0,3,0
2020-03-13,Mariposa,043,17540,0,0,0,0,0
2020-03-13,Mendocino,045,87422,2,0,0,0,0
2020-03-13,Merced,047,269075,2,0,0,0,0
2020-03-13,Modoc,049,8938,0,0,0,0,0
2020-03-13,Mono,051,14174,3,0,0,0,0
2020-03-13,Monterey,053,433212,10,0,0,0,0
2020-03-13,Napa,055,140530,3,0,0,0,0
2020-03-13,Nevada,057,99092,7,0,1,1,0
2020-03-13,Orange,059,3164182,268,10,0,10,0
2020-03-13,Placer,061,380077,27,6,0,6,1
2020-03-13,Plumas,063,18699,0,0,0,0,0
2020-03-13,Riverside,065,2383286,133,5,4,9,0
2020-03-13,Sacramento,067,1510023,130,18,0,18,1
2020-03-13,San Benito,069,59416,6,2,0,2,0
2020-03-13,San Bernardino,071,2135413,97,0,0,0,0
2020-03-13,San Diego,073,3302833,313,8,0,8,0
2020-03-13,San Francisco,075,870044,174,28,0,28,0
2020-03-13,San Joaquin,077,732212,50,6,3,9,0
2020-03-13,San Luis Obispo,079,281455,33,0,0,0,0
2020-03-13,San Mateo,081,765935,191,24,1,25,0
2020-03-13,Santa Barbara,083,443738,33,0,0,0,0
2020-03-13,Santa Clara,085,1922200,468,59,1,60,1
2020-03-13,Santa Cruz,087,273765,32,7,0,7,0
2020-03-13,Shasta,089,179085,3,1,0,1,0
2020-03-13,Sierra,091,2930,0,0,0,0,0
2020-03-13,Siskiyou,093,43540,0,0,0,0,0
2020-03-13,Solano,095,438530,39,26,0,26,0
2020-03-13,Sonoma,097,501317,40,2,0,2,0
2020-03-13,Stanislaus,099,539301,17,2,2,4,0
2020-03-13,Sutter,101,95872,2,0,0,0,0
2020-03-13,Tehama,103,63373,0,0,0,0,0
2020-03-13,Trinity,105,12862,0,0,0,0,0
2020-03-13,Tulare,107,460477,14,2,2,4,0
2020-03-13,Tuolumne,109,53932,1,0,0,0,0
2020-03-13,Ventura,111,848112,54,5,0,5,0
2020-03-13,Yolo,113,214977,14,1,0,1,0
2020-03-13,Yuba,115,75493,1,0,0,0,0
2020-03-12,Alameda,001,1643700,152,9,0,9,0
2020-03-12,Alpine,003,1148,0,0,0,0,0
2020-03-12,Amador,005,37829,1,0,0,0,0
2020-03-12,Butte,007,227075,0,0,0,0,0
2020-03-12,Calaveras,009,45235,2,2,0,2,0
2020-03-12,Colusa,011,21464,0,0,0,0,0
2020-03-12,Contra Costa,013,1133247,108,18,0,18,0
2020-03-12,Del Norte,015,27424,0,0,0,0,0
2020-03-12,El Dorado,017,186661,9,0,0,0,0
2020-03-12,Fresno,019,978130,12,1,1,2,0
2020-03-12,Glenn,021,27897,0,0,0,0,0
2020-03-12,Humboldt,023,135768,6,1,0,1,0
2020-03-12,Imperial,025,180216,8,2,0,2,0
2020-03-12,Inyo,027,18085,0,0,0,0,0
2020-03-12,Kern,029,883053,18,0,0,0,0
2020-03-12,Kings,031,150075,7,0,1,1,0
2020-03-12,Lake,033,64148,0,0,0,0,0
2020-03-12,Lassen,035,31185,1,0,0,0,0
2020-03-12,Los Angeles,037,10098052,866,30,7,37,0
2020-03-12,Madera,039,155013,15,1,0,1,0
2020-03-12,Marin,041,260295,24,1,0,1,0
2020-03-12,Mariposa,043,17540,0,0,0,0,0
2020-03-12,Mendocino,045,87422,2,0,0,0,0
2020-03-12,Merced,047,269075,2,0,0,0,0
2020-03-12,Modoc,049,8938,0,0,0,0,0
2020-03-12,Mono,051,14174,3,0,0,0,0
2020-03-12,Monterey,053,433212,8,0,0,0,0
2020-03-12,Napa,055,140530,3,0,0,0,0
2020-03-12,Nevada,057,99092,4,0,1,1,0
2020-03-12,Orange,059,3164182,231,7,0,7,0
2020-03-12,Placer,061,380077,23,6,0,6,1
2020-03-12,Plumas,063,18699,0,0,0,0,0
2020-03-12,Riverside,065,2383286,107,5,2,7,0
2020-03-12,Sacramento,067,1510023,106,17,0,17,1
2020-03-12,San Benito,069,59416,5,2,0,2,0
2020-03-12,San Bernardino,071,2135413,81,0,0,0,0
2020-03-12,San Diego,073,3302833,258,9,0,9,0
2020-03-12,San Francisco,075,870044,149,20,0,20,0
2020-03-12,San Joaquin,077,732212,44,3,3,6,1
2020-03-12,San Luis Obispo,079,281455,26,0,0,0,0
2020-03-12,San Mateo,081,765935,157,21,1,22,0
2020-03-12,Santa Barbara,083,443738,22,0,0,0,0
2020-03-12,Santa Clara,085,1922200,410,51,1,52,1
2020-03-12,Santa Cruz,087,273765,29,5,0,5,0
2020-03-12,Shasta,089,179085,2,1,0,1,0
2020-03-12,Sierra,091,2930,0,0,0,0,0
2020-03-12,Siskiyou,093,43540,0,0,0,0,0
2020-03-12,Solano,095,438530,34,26,0,26,0
2020-03-12,Sonoma,097,501317,34,2,0,2,0
2020-03-12,Stanislaus,099,539301,15,2,2,4,0
2020-03-12,Sutter,101,95872,0,0,0,0,0
2020-03-12,Tehama,103,63373,0,0,0,0,0
2020-03-12,Trinity,105,12862,0,0,0,0,0
2020-03-12,Tulare,107,460477,12,1,1,2,0
2020-03-12,Tuolumne,109,53932,1,0,0,0,0
2020-03-12,Ventura,111,848112,45,3,0,3,0
2020-03-12,Yolo,113,214977,13,1,0,1,0
2020-03-12,Yuba,115,75493,1,0,0,0,0
2020-03-11,Alameda,001,1643700,120,5,0,5,0
2020-03-11,Alpine,003,1148,0,0,0,0,0
2020-03-11,Amador,005,37829,1,0,0,0,0
2020-03-11,Butte,007,227075,0,0,0,0,0
2020-03-11,Calaveras,009,45235,2,2,0,2,0
2020-03-11,Colusa,011,21464,0,0,0,0,0
2020-03-11,Contra Costa,013,1133247,93,16,0,16,0
2020-03-11,Del Norte,015,27424,0,0,0,0,0
2020-03-11,El Dorado,017,186661,8,0,0,0,0
2020-03-11,Fresno,019,978130,9,1,1,2,0
2020-03-11,Glenn,021,27897,0,0,0,0,0
2020-03-11,Humboldt,023,135768,6,1,0,1,0
2020-03-11,Imperial,025,180216,6,0,0,0,0
2020-03-11,Inyo,027,18085,0,0,0,0,0
2020-03-11,Kern,029,883053,16,0,0,0,0
2020-03-11,Kings,031,150075,5,0,1,1,0
2020-03-11,Lake,033,64148,0,0,0,0,0
2020-03-11,Lassen,035,31185,1,0,0,0,0
2020-03-11,Los Angeles,037,10098052,698,21,7,28,0
2020-03-11,Madera,039,155013,12,1,0,1,0
2020-03-11,Marin,041,260295,17,1,0,1,0
2020-03-11,Mariposa,043,17540,0,0,0,0,0
2020-03-11,Mendocino,045,87422,1,0,0,0,0
2020-03-11,Merced,047,269075,2,0,0,0,0
2020-03-11,Modoc,049,8938,0,0,0,0,0
2020-03-11,Mono,051,14174,3,0,0,0,0
2020-03-11,Monterey,053,433212,7,0,0,0,0
2020-03-11,Napa,055,140530,2,0,0,0,0
2020-03-11,Nevada,057,99092,4,0,1,1,0
2020-03-11,Orange,059,3164182,202,6,0,6,0
2020-03-11,Placer,061,380077,18,6,0,6,1
2020-03-11,Plumas,063,18699,0,0,0,0,0
2020-03-11,Riverside,065,2383286,81,4,1,5,0
2020-03-11,Sacramento,067,1510023,88,9,0,9,1
2020-03-11,San Benito,069,59416,5,2,0,2,0
2020-03-11,San Bernardino,071,2135413,74,0,0,0,0
2020-03-11,San Diego,073,3302833,208,4,0,4,0
2020-03-11,San Francisco,075,870044,124,17,0,17,0
2020-03-11,San Joaquin,077,732212,33,1,3,4,0
2020-03-11,San Luis Obispo,079,281455,23,0,0,0,0
2020-03-11,San Mateo,081,765935,139,16,0,16,0
2020-03-11,Santa Barbara,083,443738,13,0,0,0,0
2020-03-11,Santa Clara,085,1922200,370,48,1,49,1
2020-03-11,Santa Cruz,087,273765,26,2,0,2,0
2020-03-11,Shasta,089,179085,2,1,0,1,0
2020-03-11,Sierra,091,2930,0,0,0,0,0
2020-03-11,Siskiyou,093,43540,0,0,0,0,0
2020-03-11,Solano,095,438530,29,26,0,26,0
2020-03-11,Sonoma,097,501317,30,2,0,2,0
2020-03-11,Stanislaus,099,539301,15,2,2,4,0
2020-03-11,Sutter,101,95872,0,0,0,0,0
2020-03-11,Tehama,103,63373,0,0,0,0,0
2020-03-11,Trinity,105,12862,0,0,0,0,0
2020-03-11,Tulare,107,460477,10,0,1,1,0
2020-03-11,Tuolumne,109,53932,1,0,0,0,0
2020-03-11,Ventura,111,848112,37,3,0,3,0
2020-03-11,Yolo,113,214977,9,1,0,1,0
2020-03-11,Yuba,115,75493,1,0,0,0,0
2020-03-10,Alameda,001,1643700,99,4,0,4,0
2020-03-10,Alpine,003,1148,0,0,0,0,0
2020-03-10,Amador,005,37829,1,0,0,0,0
2020-03-10,Butte,007,227075,0,0,0,0,0
2020-03-10,Calaveras,009,45235,2,2,0,2,0
2020-03-10,Colusa,011,21464,0,0,0,0,0
2020-03-10,Contra Costa,013,1133247,84,11,0,11,0
2020-03-10,Del Norte,015,27424,0,0,0,0,0
2020-03-10,El Dorado,017,186661,7,0,0,0,0
2020-03-10,Fresno,019,978130,7,1,1,2,0
2020-03-10,Glenn,021,27897,0,0,0,0,0
2020-03-10,Humboldt,023,135768,6,1,0,1,0
2020-03-10,Imperial,025,180216,5,0,0,0,0
2020-03-10,Inyo,027,18085,0,0,0,0,0
2020-03-10,Kern,029,883053,11,0,0,0,0
2020-03-10,Kings,031,150075,5,0,1,1,0
2020-03-10,Lake,033,64148,0,0,0,0,0
2020-03-10,Lassen,035,31185,1,0,0,0,0
2020-03-10,Los Angeles,037,10098052,562,20,7,27,0
2020-03-10,Madera,039,155013,7,1,0,1,0
2020-03-10,Marin,041,260295,16,1,0,1,0
2020-03-10,Mariposa,043,17540,0,0,0,0,0
2020-03-10,Mendocino,045,87422,0,0,0,0,0
2020-03-10,Merced,047,269075,2,0,0,0,0
2020-03-10,Modoc,049,8938,0,0,0,0,0
2020-03-10,Mono,051,14174,3,0,0,0,0
2020-03-10,Monterey,053,433212,5,0,0,0,0
2020-03-10,Napa,055,140530,2,0,0,0,0
2020-03-10,Nevada,057,99092,3,0,1,1,0
2020-03-10,Orange,059,3164182,182,5,0,5,1
2020-03-10,Placer,061,380077,14,7,0,7,1
2020-03-10,Plumas,063,18699,0,0,0,0,0
2020-03-10,Riverside,065,2383286,59,4,1,5,0
2020-03-10,Sacramento,067,1510023,79,8,0,8,0
2020-03-10,San Benito,069,59416,5,2,0,2,0
2020-03-10,San Bernardino,071,2135413,66,0,0,0,0
2020-03-10,San Diego,073,3302833,165,3,0,3,0
2020-03-10,San Francisco,075,870044,92,16,0,16,0
2020-03-10,San Joaquin,077,732212,30,1,3,4,0
2020-03-10,San Luis Obispo,079,281455,15,0,0,0,0
2020-03-10,San Mateo,081,765935,123,11,0,11,0
2020-03-10,Santa Barbara,083,443738,10,0,0,0,0
2020-03-10,Santa Clara,085,1922200,322,45,1,46,1
2020-03-10,Santa Cruz,087,273765,22,2,0,2,0
2020-03-10,Shasta,089,179085,2,1,0,1,0
2020-03-10,Sierra,091,2930,0,0,0,0,0
2020-03-10,Siskiyou,093,43540,0,0,0,0,0
2020-03-10,Solano,095,438530,27,26,0,26,0
2020-03-10,Sonoma,097,501317,27,2,0,2,0
2020-03-10,Stanislaus,099,539301,11,0,2,2,0
2020-03-10,Sutter,101,95872,0,0,0,0,0
2020-03-10,Tehama,103,63373,0,0,0,0,0
2020-03-10,Trinity,105,12862,0,0,0,0,0
2020-03-10,Tulare,107,460477,9,0,1,1,0
2020-03-10,Tuolumne,109,53932,1,0,0,0,0
2020-03-10,Ventura,111,848112,29,1,0,1,0
2020-03-10,Yolo,113,214977,6,2,0,2,0
2020-03-10,Yuba,115,75493,1,0,0,0,0
2020-03-09,Alameda,001,1643700,71,4,0,4,0
2020-03-09,Alpine,003,1148,0,0,0,0,0
2020-03-09,Amador,005,37829,0,0,0,0,0
2020-03-09,Butte,007,227075,0,0,0,0,0
2020-03-09,Calaveras,009,45235,2,0,0,0,0
2020-03-09,Colusa,011,21464,0,0,0,0,0
2020-03-09,Contra Costa,013,1133247,72,9,0,9,0
2020-03-09,Del Norte,015,27424,0,0,0,0,0
2020-03-09,El Dorado,017,186661,5,0,0,0,0
2020-03-09,Fresno,019,978130,7,1,1,2,0
2020-03-09,Glenn,021,27897,0,0,0,0,0
2020-03-09,Humboldt,023,135768,5,1,0,1,0
2020-03-09,Imperial,025,180216,5,0,0,0,0
2020-03-09,Inyo,027,18085,0,0,0,0,0
2020-03-09,Kern,029,883053,8,0,0,0,0
2020-03-09,Kings,031,150075,4,0,1,1,0
2020-03-09,Lake,033,64148,0,0,0,0,0
2020-03-09,Lassen,035,31185,1,0,0,0,0
2020-03-09,Los Angeles,037,10098052,460,17,6,23,0
2020-03-09,Madera,039,155013,7,1,0,1,0
2020-03-09,Marin,041,260295,15,1,0,1,0
2020-03-09,Mariposa,043,17540,0,0,0,0,0
2020-03-09,Mendocino,045,87422,0,0,0,0,0
2020-03-09,Merced,047,269075,2,0,0,0,0
2020-03-09,Modoc,049,8938,0,0,0,0,0
2020-03-09,Mono,051,14174,3,0,0,0,0
2020-03-09,Monterey,053,433212,3,0,0,0,0
2020-03-09,Napa,055,140530,2,0,0,0,0
2020-03-09,Nevada,057,99092,2,0,1,1,0
2020-03-09,Orange,059,3164182,154,4,0,4,0
2020-03-09,Placer,061,380077,12,7,0,7,1
2020-03-09,Plumas,063,18699,0,0,0,0,0
2020-03-09,Riverside,065,2383286,49,4,1,5,0
2020-03-09,Sacramento,067,1510023,75,8,0,8,0
2020-03-09,San Benito,069,59416,3,2,0,2,0
2020-03-09,San Bernardino,071,2135413,55,0,0,0,0
2020-03-09,San Diego,073,3302833,126,2,0,2,0
2020-03-09,San Francisco,075,870044,72,14,0,14,0
2020-03-09,San Joaquin,077,732212,21,0,3,3,0
2020-03-09,San Luis Obispo,079,281455,15,0,0,0,0
2020-03-09,San Mateo,081,765935,109,6,0,6,0
2020-03-09,Santa Barbara,083,443738,8,0,0,0,0
2020-03-09,Santa Clara,085,1922200,278,42,1,43,1
2020-03-09,Santa Cruz,087,273765,19,2,0,2,0
2020-03-09,Shasta,089,179085,2,1,0,1,0
2020-03-09,Sierra,091,2930,0,0,0,0,0
2020-03-09,Siskiyou,093,43540,0,0,0,0,0
2020-03-09,Solano,095,438530,25,26,0,26,0
2020-03-09,Sonoma,097,501317,22,2,0,2,0
2020-03-09,Stanislaus,099,539301,11,0,2,2,0
2020-03-09,Sutter,101,95872,0,0,0,0,0
2020-03-09,Tehama,103,63373,0,0,0,0,0
2020-03-09,Trinity,105,12862,0,0,0,0,0
2020-03-09,Tulare,107,460477,9,0,1,1,0
2020-03-09,Tuolumne,109,53932,1,0,0,0,0
2020-03-09,Ventura,111,848112,25,1,0,1,0
2020-03-09,Yolo,113,214977,5,2,0,2,0
2020-03-09,Yuba,115,75493,0,0,0,0,0
2020-03-08,Alameda,001,1643700,46,4,0,4,0
2020-03-08,Alpine,003,1148,0,0,0,0,0
2020-03-08,Amador,005,37829,0,0,0,0,0
2020-03-08,Butte,007,227075,0,0,0,0,0
2020-03-08,Calaveras,009,45235,2,0,0,0,0
2020-03-08,Colusa,011,21464,0,0,0,0,0
2020-03-08,Contra Costa,013,1133247,58,9,0,9,0
2020-03-08,Del Norte,015,27424,0,0,0,0,0
2020-03-08,El Dorado,017,186661,5,0,0,0,0
2020-03-08,Fresno,019,978130,5,1,1,2,0
2020-03-08,Glenn,021,27897,0,0,0,0,0
2020-03-08,Humboldt,023,135768,5,1,0,1,0
2020-03-08,Imperial,025,180216,5,0,0,0,0
2020-03-08,Inyo,027,18085,0,0,0,0,0
2020-03-08,Kern,029,883053,8,0,0,0,0
2020-03-08,Kings,031,150075,3,0,1,1,0
2020-03-08,Lake,033,64148,0,0,0,0,0
2020-03-08,Lassen,035,31185,0,0,0,0,0
2020-03-08,Los Angeles,037,10098052,367,14,6,20,0
2020-03-08,Madera,039,155013,7,1,0,1,0
2020-03-08,Marin,041,260295,13,1,0,1,0
2020-03-08,Mariposa,043,17540,0,0,0,0,0
2020-03-08,Mendocino,045,87422,0,0,0,0,0
2020-03-08,Merced,047,269075,2,0,0,0,0
2020-03-08,Modoc,049,8938,0,0,0,0,0
2020-03-08,Mono,051,14174,3,0,0,0,0
2020-03-08,Monterey,053,433212,3,0,0,0,0
2020-03-08,Napa,055,140530,2,0,0,0,0
2020-03-08,Nevada,057,99092,1,0,1,1,0
2020-03-08,Orange,059,3164182,129,4,0,4,0
2020-03-08,Placer,061,380077,11,7,0,7,1
2020-03-08,Plumas,063,18699,0,0,0,0,0
2020-03-08,Riverside,065,2383286,41,1,1,2,0
2020-03-08,Sacramento,067,1510023,65,5,0,5,0
2020-03-08,San Benito,069,59416,3,2,0,2,0
2020-03-08,San Bernardino,071,2135413,44,0,0,0,0
2020-03-08,San Diego,073,3302833,92,2,0,2,0
2020-03-08,San Francisco,075,870044,53,9,0,9,0
2020-03-08,San Joaquin,077,732212,18,0,3,3,0
2020-03-08,San Luis Obispo,079,281455,9,0,0,0,0
2020-03-08,San Mateo,081,765935,96,4,0,4,0
2020-03-08,Santa Barbara,083,443738,5,0,0,0,0
2020-03-08,Santa Clara,085,1922200,236,36,1,37,0
2020-03-08,Santa Cruz,087,273765,17,1,0,1,0
2020-03-08,Shasta,089,179085,2,0,0,0,0
2020-03-08,Sierra,091,2930,0,0,0,0,0
2020-03-08,Siskiyou,093,43540,0,0,0,0,0
2020-03-08,Solano,095,438530,24,26,0,26,0
2020-03-08,Sonoma,097,501317,17,2,0,2,0
2020-03-08,Stanislaus,099,539301,10,0,2,2,0
2020-03-08,Sutter,101,95872,0,0,0,0,0
2020-03-08,Tehama,103,63373,0,0,0,0,0
2020-03-08,Trinity,105,12862,0,0,0,0,0
2020-03-08,Tulare,107,460477,9,0,0,0,0
2020-03-08,Tuolumne,109,53932,1,0,0,0,0
2020-03-08,Ventura,111,848112,21,1,0,1,0
2020-03-08,Yolo,113,214977,2,2,0,2,0
2020-03-08,Yuba,115,75493,0,0,0,0,0
2020-03-07,Alameda,001,1643700,41,3,0,3,0
2020-03-07,Alpine,003,1148,0,0,0,0,0
2020-03-07,Amador,005,37829,0,0,0,0,0
2020-03-07,Butte,007,227075,0,0,0,0,0
2020-03-07,Calaveras,009,45235,2,0,0,0,0
2020-03-07,Colusa,011,21464,0,0,0,0,0
2020-03-07,Contra Costa,013,1133247,55,4,0,4,0
2020-03-07,Del Norte,015,27424,0,0,0,0,0
2020-03-07,El Dorado,017,186661,4,0,0,0,0
2020-03-07,Fresno,019,978130,4,1,1,2,0
2020-03-07,Glenn,021,27897,0,0,0,0,0
2020-03-07,Humboldt,023,135768,5,1,0,1,0
2020-03-07,Imperial,025,180216,4,0,0,0,0
2020-03-07,Inyo,027,18085,0,0,0,0,0
2020-03-07,Kern,029,883053,7,0,0,0,0
2020-03-07,Kings,031,150075,3,0,1,1,0
2020-03-07,Lake,033,64148,0,0,0,0,0
2020-03-07,Lassen,035,31185,0,0,0,0,0
2020-03-07,Los Angeles,037,10098052,317,14,6,20,0
2020-03-07,Madera,039,155013,6,1,0,1,0
2020-03-07,Marin,041,260295,11,0,0,0,0
2020-03-07,Mariposa,043,17540,0,0,0,0,0
2020-03-07,Mendocino,045,87422,0,0,0,0,0
2020-03-07,Merced,047,269075,2,0,0,0,0
2020-03-07,Modoc,049,8938,0,0,0,0,0
2020-03-07,Mono,051,14174,3,0,0,0,0
2020-03-07,Monterey,053,433212,3,0,0,0,0
2020-03-07,Napa,055,140530,1,0,0,0,0
2020-03-07,Nevada,057,99092,1,0,1,1,0
2020-03-07,Orange,059,3164182,121,4,0,4,0
2020-03-07,Placer,061,380077,11,6,0,6,1
2020-03-07,Plumas,063,18699,0,0,0,0,0
2020-03-07,Riverside,065,2383286,31,0,1,1,0
2020-03-07,Sacramento,067,1510023,52,4,0,4,0
2020-03-07,San Benito,069,59416,3,2,0,2,0
2020-03-07,San Bernardino,071,2135413,42,0,0,0,0
2020-03-07,San Diego,073,3302833,74,2,0,2,0
2020-03-07,San Francisco,075,870044,47,9,0,9,0
2020-03-07,San Joaquin,077,732212,16,0,3,3,0
2020-03-07,San Luis Obispo,079,281455,6,0,0,0,0
2020-03-07,San Mateo,081,765935,86,1,0,1,0
2020-03-07,Santa Barbara,083,443738,5,0,0,0,0
2020-03-07,Santa Clara,085,1922200,206,31,1,32,0
2020-03-07,Santa Cruz,087,273765,17,1,0,1,0
2020-03-07,Shasta,089,179085,2,0,0,0,0
2020-03-07,Sierra,091,2930,0,0,0,0,0
2020-03-07,Siskiyou,093,43540,0,0,0,0,0
2020-03-07,Solano,095,438530,23,25,0,25,0
2020-03-07,Sonoma,097,501317,13,2,0,2,0
2020-03-07,Stanislaus,099,539301,9,0,2,2,0
2020-03-07,Sutter,101,95872,0,0,0,0,0
2020-03-07,Tehama,103,63373,0,0,0,0,0
2020-03-07,Trinity,105,12862,0,0,0,0,0
2020-03-07,Tulare,107,460477,6,0,0,0,0
2020-03-07,Tuolumne,109,53932,1,0,0,0,0
2020-03-07,Ventura,111,848112,18,1,0,1,0
2020-03-07,Yolo,113,214977,2,2,0,2,0
2020-03-07,Yuba,115,75493,0,0,0,0,0
2020-03-06,Alameda,001,1643700,39,3,0,3,0
2020-03-06,Alpine,003,1148,0,0,0,0,0
2020-03-06,Amador,005,37829,0,0,0,0,0
2020-03-06,Butte,007,227075,0,0,0,0,0
2020-03-06,Calaveras,009,45235,2,0,0,0,0
2020-03-06,Colusa,011,21464,0,0,0,0,0
2020-03-06,Contra Costa,013,1133247,46,4,0,4,0
2020-03-06,Del Norte,015,27424,0,0,0,0,0
2020-03-06,El Dorado,017,186661,3,0,0,0,0
2020-03-06,Fresno,019,978130,3,0,1,1,0
2020-03-06,Glenn,021,27897,0,0,0,0,0
2020-03-06,Humboldt,023,135768,4,1,0,1,0
2020-03-06,Imperial,025,180216,3,0,0,0,0
2020-03-06,Inyo,027,18085,0,0,0,0,0
2020-03-06,Kern,029,883053,6,0,0,0,0
2020-03-06,Kings,031,150075,3,0,1,1,0
2020-03-06,Lake,033,64148,0,0,0,0,0
2020-03-06,Lassen,035,31185,0,0,0,0,0
2020-03-06,Los Angeles,037,10098052,274,13,6,19,0
2020-03-06,Madera,039,155013,5,0,0,0,0
2020-03-06,Marin,041,260295,10,0,0,0,0
2020-03-06,Mariposa,043,17540,0,0,0,0,0
2020-03-06,Mendocino,045,87422,0,0,0,0,0
2020-03-06,Merced,047,269075,2,0,0,0,0
2020-03-06,Modoc,049,8938,0,0,0,0,0
2020-03-06,Mono,051,14174,1,0,0,0,0
2020-03-06,Monterey,053,433212,3,0,0,0,0
2020-03-06,Napa,055,140530,1,0,0,0,0
2020-03-06,Nevada,057,99092,1,0,1,1,0
2020-03-06,Orange,059,3164182,95,4,0,4,0
2020-03-06,Placer,061,380077,10,5,0,5,1
2020-03-06,Plumas,063,18699,0,0,0,0,0
2020-03-06,Riverside,065,2383286,30,0,1,1,0
2020-03-06,Sacramento,067,1510023,43,2,0,2,0
2020-03-06,San Benito,069,59416,3,2,0,2,0
2020-03-06,San Bernardino,071,2135413,40,0,0,0,0
2020-03-06,San Diego,073,3302833,61,2,0,2,0
2020-03-06,San Francisco,075,870044,41,2,0,2,0
2020-03-06,San Joaquin,077,732212,13,0,3,3,0
2020-03-06,San Luis Obispo,079,281455,4,0,0,0,0
2020-03-06,San Mateo,081,765935,78,1,0,1,0
2020-03-06,Santa Barbara,083,443738,3,0,0,0,0
2020-03-06,Santa Clara,085,1922200,188,20,1,21,0
2020-03-06,Santa Cruz,087,273765,15,0,0,0,0
2020-03-06,Shasta,089,179085,2,0,0,0,0
2020-03-06,Sierra,091,2930,0,0,0,0,0
2020-03-06,Siskiyou,093,43540,0,0,0,0,0
2020-03-06,Solano,095,438530,22,25,0,25,0
2020-03-06,Sonoma,097,501317,13,2,0,2,0
2020-03-06,Stanislaus,099,539301,5,0,2,2,0
2020-03-06,Sutter,101,95872,0,0,0,0,0
2020-03-06,Tehama,103,63373,0,0,0,0,0
2020-03-06,Trinity,105,12862,0,0,0,0,0
2020-03-06,Tulare,107,460477,6,0,0,0,0
2020-03-06,Tuolumne,109,53932,1,0,0,0,0
2020-03-06,Ventura,111,848112,15,1,0,1,0
2020-03-06,Yolo,113,214977,2,1,0,1,0
2020-03-06,Yuba,115,75493,0,0,0,0,0
2020-03-05,Alameda,001,1643700,34,2,0,2,0
2020-03-05,Alpine,003,1148,0,0,0,0,0
2020-03-05,Amador,005,37829,0,0,0,0,0
2020-03-05,Butte,007,227075,0,0,0,0,0
2020-03-05,Calaveras,009,45235,2,0,0,0,0
2020-03-05,Colusa,011,21464,0,0,0,0,0
2020-03-05,Contra Costa,013,1133247,39,1,0,1,0
2020-03-05,Del Norte,015,27424,0,0,0,0,0
2020-03-05,El Dorado,017,186661,1,0,0,0,0
2020-03-05,Fresno,019,978130,3,0,1,1,0
2020-03-05,Glenn,021,27897,0,0,0,0,0
2020-03-05,Humboldt,023,135768,4,1,0,1,0
2020-03-05,Imperial,025,180216,2,0,0,0,0
2020-03-05,Inyo,027,18085,0,0,0,0,0
2020-03-05,Kern,029,883053,6,0,0,0,0
2020-03-05,Kings,031,150075,3,0,1,1,0
2020-03-05,Lake,033,64148,0,0,0,0,0
2020-03-05,Lassen,035,31185,0,0,0,0,0
2020-03-05,Los Angeles,037,10098052,227,11,6,17,0
2020-03-05,Madera,039,155013,5,0,0,0,0
2020-03-05,Marin,041,260295,10,0,0,0,0
2020-03-05,Mariposa,043,17540,0,0,0,0,0
2020-03-05,Mendocino,045,87422,0,0,0,0,0
2020-03-05,Merced,047,269075,2,0,0,0,0
2020-03-05,Modoc,049,8938,0,0,0,0,0
2020-03-05,Mono,051,14174,1,0,0,0,0
2020-03-05,Monterey,053,433212,3,0,0,0,0
2020-03-05,Napa,055,140530,1,0,0,0,0
2020-03-05,Nevada,057,99092,0,0,1,1,0
2020-03-05,Orange,059,3164182,80,3,0,3,0
2020-03-05,Placer,061,380077,10,2,0,2,1
2020-03-05,Plumas,063,18699,0,0,0,0,0
2020-03-05,Riverside,065,2383286,27,0,1,1,0
2020-03-05,Sacramento,067,1510023,37,2,0,2,0
2020-03-05,San Benito,069,59416,1,2,0,2,0
2020-03-05,San Bernardino,071,2135413,35,0,0,0,0
2020-03-05,San Diego,073,3302833,54,2,0,2,0
2020-03-05,San Francisco,075,870044,31,2,0,2,0
2020-03-05,San Joaquin,077,732212,10,0,3,3,0
2020-03-05,San Luis Obispo,079,281455,4,0,0,0,0
2020-03-05,San Mateo,081,765935,65,1,0,1,0
2020-03-05,Santa Barbara,083,443738,2,0,0,0,0
2020-03-05,Santa Clara,085,1922200,164,14,1,15,0
2020-03-05,Santa Cruz,087,273765,13,0,0,0,0
2020-03-05,Shasta,089,179085,2,0,0,0,0
2020-03-05,Sierra,091,2930,0,0,0,0,0
2020-03-05,Siskiyou,093,43540,0,0,0,0,0
2020-03-05,Solano,095,438530,22,24,0,24,0
2020-03-05,Sonoma,097,501317,12,2,0,2,0
2020-03-05,Stanislaus,099,539301,4,0,2,2,0
2020-03-05,Sutter,101,95872,0,0,0,0,0
2020-03-05,Tehama,103,63373,0,0,0,0,0
2020-03-05,Trinity,105,12862,0,0,0,0,0
2020-03-05,Tulare,107,460477,6,0,0,0,0
2020-03-05,Tuolumne,109,53932,1,0,0,0,0
2020-03-05,Ventura,111,848112,13,0,0,0,0
2020-03-05,Yolo,113,214977,2,0,0,0,0
2020-03-05,Yuba,115,75493,0,0,0,0,0
2020-03-04,Alameda,001,1643700,30,2,0,2,0
2020-03-04,Alpine,003,1148,0,0,0,0,0
2020-03-04,Amador,005,37829,0,0,0,0,0
2020-03-04,Butte,007,227075,0,0,0,0,0
2020-03-04,Calaveras,009,45235,0,0,0,0,0
2020-03-04,Colusa,011,21464,0,0,0,0,0
2020-03-04,Contra Costa,013,1133247,34,1,0,1,0
2020-03-04,Del Norte,015,27424,0,0,0,0,0
2020-03-04,El Dorado,017,186661,1,0,0,0,0
2020-03-04,Fresno,019,978130,3,0,1,1,0
2020-03-04,Glenn,021,27897,0,0,0,0,0
2020-03-04,Humboldt,023,135768,1,1,0,1,0
2020-03-04,Imperial,025,180216,2,0,0,0,0
2020-03-04,Inyo,027,18085,0,0,0,0,0
2020-03-04,Kern,029,883053,6,0,0,0,0
2020-03-04,Kings,031,150075,3,0,1,1,0
2020-03-04,Lake,033,64148,0,0,0,0,0
2020-03-04,Lassen,035,31185,0,0,0,0,0
2020-03-04,Los Angeles,037,10098052,192,7,6,13,0
2020-03-04,Madera,039,155013,5,0,0,0,0
2020-03-04,Marin,041,260295,10,0,0,0,0
2020-03-04,Mariposa,043,17540,0,0,0,0,0
2020-03-04,Mendocino,045,87422,0,0,0,0,0
2020-03-04,Merced,047,269075,2,0,0,0,0
2020-03-04,Modoc,049,8938,0,0,0,0,0
2020-03-04,Mono,051,14174,1,0,0,0,0
2020-03-04,Monterey,053,433212,3,0,0,0,0
2020-03-04,Napa,055,140530,1,0,0,0,0
2020-03-04,Nevada,057,99092,0,0,1,1,0
2020-03-04,Orange,059,3164182,77,3,0,3,0
2020-03-04,Placer,061,380077,9,2,0,2,1
2020-03-04,Plumas,063,18699,0,0,0,0,0
2020-03-04,Riverside,065,2383286,23,0,1,1,0
2020-03-04,Sacramento,067,1510023,32,1,0,1,0
2020-03-04,San Benito,069,59416,1,2,0,2,0
2020-03-04,San Bernardino,071,2135413,32,0,0,0,0
2020-03-04,San Diego,073,3302833,41,2,0,2,0
2020-03-04,San Francisco,075,870044,26,0,0,0,0
2020-03-04,San Joaquin,077,732212,9,0,3,3,0
2020-03-04,San Luis Obispo,079,281455,4,0,0,0,0
2020-03-04,San Mateo,081,765935,60,1,0,1,0
2020-03-04,Santa Barbara,083,443738,2,0,0,0,0
2020-03-04,Santa Clara,085,1922200,147,12,1,13,0
2020-03-04,Santa Cruz,087,273765,13,0,0,0,0
2020-03-04,Shasta,089,179085,2,0,0,0,0
2020-03-04,Sierra,091,2930,0,0,0,0,0
2020-03-04,Siskiyou,093,43540,0,0,0,0,0
2020-03-04,Solano,095,438530,21,24,0,24,0
2020-03-04,Sonoma,097,501317,11,2,0,2,0
2020-03-04,Stanislaus,099,539301,4,0,2,2,0
2020-03-04,Sutter,101,95872,0,0,0,0,0
2020-03-04,Tehama,103,63373,0,0,0,0,0
2020-03-04,Trinity,105,12862,0,0,0,0,0
2020-03-04,Tulare,107,460477,6,0,0,0,0
2020-03-04,Tuolumne,109,53932,0,0,0,0,0
2020-03-04,Ventura,111,848112,12,0,0,0,0
2020-03-04,Yolo,113,214977,2,0,0,0,0
2020-03-04,Yuba,115,75493,0,0,0,0,0
2020-03-03,Alameda,001,1643700,24,2,0,2,0
2020-03-03,Alpine,003,1148,0,0,0,0,0
2020-03-03,Amador,005,37829,0,0,0,0,0
2020-03-03,Butte,007,227075,0,0,0,0,0
2020-03-03,Calaveras,009,45235,0,0,0,0,0
2020-03-03,Colusa,011,21464,0,0,0,0,0
2020-03-03,Contra Costa,013,1133247,30,0,0,0,0
2020-03-03,Del Norte,015,27424,0,0,0,0,0
2020-03-03,El Dorado,017,186661,1,0,0,0,0
2020-03-03,Fresno,019,978130,2,0,1,1,0
2020-03-03,Glenn,021,27897,0,0,0,0,0
2020-03-03,Humboldt,023,135768,1,1,0,1,0
2020-03-03,Imperial,025,180216,2,0,0,0,0
2020-03-03,Inyo,027,18085,0,0,0,0,0
2020-03-03,Kern,029,883053,4,0,0,0,0
2020-03-03,Kings,031,150075,3,0,1,1,0
2020-03-03,Lake,033,64148,0,0,0,0,0
2020-03-03,Lassen,035,31185,0,0,0,0,0
2020-03-03,Los Angeles,037,10098052,173,5,6,11,0
2020-03-03,Madera,039,155013,4,0,0,0,0
2020-03-03,Marin,041,260295,6,0,0,0,0
2020-03-03,Mariposa,043,17540,0,0,0,0,0
2020-03-03,Mendocino,045,87422,0,0,0,0,0
2020-03-03,Merced,047,269075,2,0,0,0,0
2020-03-03,Modoc,049,8938,0,0,0,0,0
2020-03-03,Mono,051,14174,1,0,0,0,0
2020-03-03,Monterey,053,433212,2,0,0,0,0
2020-03-03,Napa,055,140530,1,0,0,0,0
2020-03-03,Nevada,057,99092,0,0,1,1,0
2020-03-03,Orange,059,3164182,69,1,0,1,0
2020-03-03,Placer,061,380077,8,2,0,2,0
2020-03-03,Plumas,063,18699,0,0,0,0,0
2020-03-03,Riverside,065,2383286,20,0,1,1,0
2020-03-03,Sacramento,067,1510023,31,1,0,1,0
2020-03-03,San Benito,069,59416,1,2,0,2,0
2020-03-03,San Bernardino,071,2135413,29,0,0,0,0
2020-03-03,San Diego,073,3302833,34,2,0,2,0
2020-03-03,San Francisco,075,870044,24,0,0,0,0
2020-03-03,San Joaquin,077,732212,8,0,3,3,0
2020-03-03,San Luis Obispo,079,281455,2,0,0,0,0
2020-03-03,San Mateo,081,765935,53,1,0,1,0
2020-03-03,Santa Barbara,083,443738,1,0,0,0,0
2020-03-03,Santa Clara,085,1922200,132,11,1,12,0
2020-03-03,Santa Cruz,087,273765,10,0,0,0,0
2020-03-03,Shasta,089,179085,2,0,0,0,0
2020-03-03,Sierra,091,2930,0,0,0,0,0
2020-03-03,Siskiyou,093,43540,0,0,0,0,0
2020-03-03,Solano,095,438530,20,24,0,24,0
2020-03-03,Sonoma,097,501317,11,1,0,1,0
2020-03-03,Stanislaus,099,539301,4,0,2,2,0
2020-03-03,Sutter,101,95872,0,0,0,0,0
2020-03-03,Tehama,103,63373,0,0,0,0,0
2020-03-03,Trinity,105,12862,0,0,0,0,0
2020-03-03,Tulare,107,460477,6,0,0,0,0
2020-03-03,Tuolumne,109,53932,0,0,0,0,0
2020-03-03,Ventura,111,848112,11,0,0,0,0
2020-03-03,Yolo,113,214977,1,0,0,0,0
2020-03-03,Yuba,115,75493,0,0,0,0,0
2020-03-02,Alameda,001,1643700,21,1,0,1,0
2020-03-02,Alpine,003,1148,0,0,0,0,0
2020-03-02,Amador,005,37829,0,0,0,0,0
2020-03-02,Butte,007,227075,0,0,0,0,0
2020-03-02,Calaveras,009,45235,0,0,0,0,0
2020-03-02,Colusa,011,21464,0,0,0,0,0
2020-03-02,Contra Costa,013,1133247,27,0,0,0,0
2020-03-02,Del Norte,015,27424,0,0,0,0,0
2020-03-02,El Dorado,017,186661,1,0,0,0,0
2020-03-02,Fresno,019,978130,2,0,1,1,0
2020-03-02,Glenn,021,27897,0,0,0,0,0
2020-03-02,Humboldt,023,135768,1,1,0,1,0
2020-03-02,Imperial,025,180216,2,0,0,0,0
2020-03-02,Inyo,027,18085,0,0,0,0,0
2020-03-02,Kern,029,883053,4,0,0,0,0
2020-03-02,Kings,031,150075,3,0,1,1,0
2020-03-02,Lake,033,64148,0,0,0,0,0
2020-03-02,Lassen,035,31185,0,0,0,0,0
2020-03-02,Los Angeles,037,10098052,158,1,6,7,0
2020-03-02,Madera,039,155013,4,0,0,0,0
2020-03-02,Marin,041,260295,6,0,0,0,0
2020-03-02,Mariposa,043,17540,0,0,0,0,0
2020-03-02,Mendocino,045,87422,0,0,0,0,0
2020-03-02,Merced,047,269075,1,0,0,0,0
2020-03-02,Modoc,049,8938,0,0,0,0,0
2020-03-02,Mono,051,14174,1,0,0,0,0
2020-03-02,Monterey,053,433212,2,0,0,0,0
2020-03-02,Napa,055,140530,1,0,0,0,0
2020-03-02,Nevada,057,99092,0,0,1,1,0
2020-03-02,Orange,059,3164182,64,1,0,1,0
2020-03-02,Placer,061,380077,8,1,0,1,0
2020-03-02,Plumas,063,18699,0,0,0,0,0
2020-03-02,Riverside,065,2383286,19,0,1,1,0
2020-03-02,Sacramento,067,1510023,25,1,0,1,0
2020-03-02,San Benito,069,59416,1,2,0,2,0
2020-03-02,San Bernardino,071,2135413,29,0,0,0,0
2020-03-02,San Diego,073,3302833,28,2,0,2,0
2020-03-02,San Francisco,075,870044,17,0,0,0,0
2020-03-02,San Joaquin,077,732212,7,0,3,3,0
2020-03-02,San Luis Obispo,079,281455,2,0,0,0,0
2020-03-02,San Mateo,081,765935,44,1,0,1,0
2020-03-02,Santa Barbara,083,443738,1,0,0,0,0
2020-03-02,Santa Clara,085,1922200,110,7,1,8,0
2020-03-02,Santa Cruz,087,273765,9,0,0,0,0
2020-03-02,Shasta,089,179085,2,0,0,0,0
2020-03-02,Sierra,091,2930,0,0,0,0,0
2020-03-02,Siskiyou,093,43540,0,0,0,0,0
2020-03-02,Solano,095,438530,19,24,0,24,0
2020-03-02,Sonoma,097,501317,10,1,0,1,0
2020-03-02,Stanislaus,099,539301,2,0,2,2,0
2020-03-02,Sutter,101,95872,0,0,0,0,0
2020-03-02,Tehama,103,63373,0,0,0,0,0
2020-03-02,Trinity,105,12862,0,0,0,0,0
2020-03-02,Tulare,107,460477,6,0,0,0,0
2020-03-02,Tuolumne,109,53932,0,0,0,0,0
2020-03-02,Ventura,111,848112,10,0,0,0,0
2020-03-02,Yolo,113,214977,1,0,0,0,0
2020-03-02,Yuba,115,75493,0,0,0,0,0
2020-03-01,Alameda,001,1643700,20,1,0,1,0
2020-03-01,Alpine,003,1148,0,0,0,0,0
2020-03-01,Amador,005,37829,0,0,0,0,0
2020-03-01,Butte,007,227075,0,0,0,0,0
2020-03-01,Calaveras,009,45235,0,0,0,0,0
2020-03-01,Colusa,011,21464,0,0,0,0,0
2020-03-01,Contra Costa,013,1133247,24,0,0,0,0
2020-03-01,Del Norte,015,27424,0,0,0,0,0
2020-03-01,El Dorado,017,186661,1,0,0,0,0
2020-03-01,Fresno,019,978130,1,0,1,1,0
2020-03-01,Glenn,021,27897,0,0,0,0,0
2020-03-01,Humboldt,023,135768,1,1,0,1,0
2020-03-01,Imperial,025,180216,2,0,0,0,0
2020-03-01,Inyo,027,18085,0,0,0,0,0
2020-03-01,Kern,029,883053,2,0,0,0,0
2020-03-01,Kings,031,150075,3,0,1,1,0
2020-03-01,Lake,033,64148,0,0,0,0,0
2020-03-01,Lassen,035,31185,0,0,0,0,0
2020-03-01,Los Angeles,037,10098052,139,1,6,7,0
2020-03-01,Madera,039,155013,2,0,0,0,0
2020-03-01,Marin,041,260295,5,0,0,0,0
2020-03-01,Mariposa,043,17540,0,0,0,0,0
2020-03-01,Mendocino,045,87422,0,0,0,0,0
2020-03-01,Merced,047,269075,1,0,0,0,0
2020-03-01,Modoc,049,8938,0,0,0,0,0
2020-03-01,Mono,051,14174,1,0,0,0,0
2020-03-01,Monterey,053,433212,1,0,0,0,0
2020-03-01,Napa,055,140530,1,0,0,0,0
2020-03-01,Nevada,057,99092,0,0,1,1,0
2020-03-01,Orange,059,3164182,61,1,0,1,0
2020-03-01,Placer,061,380077,8,0,0,0,0
2020-03-01,Plumas,063,18699,0,0,0,0,0
2020-03-01,Riverside,065,2383286,18,0,1,1,0
2020-03-01,Sacramento,067,1510023,21,1,0,1,0
2020-03-01,San Benito,069,59416,0,2,0,2,0
2020-03-01,San Bernardino,071,2135413,27,0,0,0,0
2020-03-01,San Diego,073,3302833,21,2,0,2,0
2020-03-01,San Francisco,075,870044,13,0,0,0,0
2020-03-01,San Joaquin,077,732212,7,0,3,3,0
2020-03-01,San Luis Obispo,079,281455,2,0,0,0,0
2020-03-01,San Mateo,081,765935,36,0,0,0,0
2020-03-01,Santa Barbara,083,443738,1,0,0,0,0
2020-03-01,Santa Clara,085,1922200,97,6,1,7,0
2020-03-01,Santa Cruz,087,273765,8,0,0,0,0
2020-03-01,Shasta,089,179085,2,0,0,0,0
2020-03-01,Sierra,091,2930,0,0,0,0,0
2020-03-01,Siskiyou,093,43540,0,0,0,0,0
2020-03-01,Solano,095,438530,19,24,0,24,0
2020-03-01,Sonoma,097,501317,9,0,0,0,0
2020-03-01,Stanislaus,099,539301,2,0,2,2,0
2020-03-01,Sutter,101,95872,0,0,0,0,0
2020-03-01,Tehama,103,63373,0,0,0,0,0
2020-03-01,Trinity,105,12862,0,0,0,0,0
2020-03-01,Tulare,107,460477,6,0,0,0,0
2020-03-01,Tuolumne,109,53932,0,0,0,0,0
2020-03-01,Ventura,111,848112,8,0,0,0,0
2020-03-01,Yolo,113,214977,1,0,0,0,0
2020-03-01,Yuba,115,75493,0,0,0,0,0
2020-02-29,Alameda,001,1643700,16,0,0,0,0
2020-02-29,Alpine,003,1148,0,0,0,0,0
2020-02-29,Amador,005,37829,0,0,0,0,0
2020-02-29,Butte,007,227075,0,0,0,0,0
2020-02-29,Calaveras,009,45235,0,0,0,0,0
2020-02-29,Colusa,011,21464,0,0,0,0,0
2020-02-29,Contra Costa,013,1133247,20,0,0,0,0
2020-02-29,Del Norte,015,27424,0,0,0,0,0
2020-02-29,El Dorado,017,186661,1,0,0,0,0
2020-02-29,Fresno,019,978130,1,0,0,0,0
2020-02-29,Glenn,021,27897,0,0,0,0,0
2020-02-29,Humboldt,023,135768,1,1,0,1,0
2020-02-29,Imperial,025,180216,1,0,0,0,0
2020-02-29,Inyo,027,18085,0,0,0,0,0
2020-02-29,Kern,029,883053,2,0,0,0,0
2020-02-29,Kings,031,150075,3,0,1,1,0
2020-02-29,Lake,033,64148,0,0,0,0,0
2020-02-29,Lassen,035,31185,0,0,0,0,0
2020-02-29,Los Angeles,037,10098052,111,1,6,7,0
2020-02-29,Madera,039,155013,2,0,0,0,0
2020-02-29,Marin,041,260295,4,0,0,0,0
2020-02-29,Mariposa,043,17540,0,0,0,0,0
2020-02-29,Mendocino,045,87422,0,0,0,0,0
2020-02-29,Merced,047,269075,1,0,0,0,0
2020-02-29,Modoc,049,8938,0,0,0,0,0
2020-02-29,Mono,051,14174,1,0,0,0,0
2020-02-29,Monterey,053,433212,1,0,0,0,0
2020-02-29,Napa,055,140530,1,0,0,0,0
2020-02-29,Nevada,057,99092,0,0,1,1,0
2020-02-29,Orange,059,3164182,56,1,0,1,0
2020-02-29,Placer,061,380077,7,0,0,0,0
2020-02-29,Plumas,063,18699,0,0,0,0,0
2020-02-29,Riverside,065,2383286,15,0,1,1,0
2020-02-29,Sacramento,067,1510023,16,1,0,1,0
2020-02-29,San Benito,069,59416,0,2,0,2,0
2020-02-29,San Bernardino,071,2135413,25,0,0,0,0
2020-02-29,San Diego,073,3302833,16,2,0,2,0
2020-02-29,San Francisco,075,870044,12,0,0,0,0
2020-02-29,San Joaquin,077,732212,6,0,3,3,0
2020-02-29,San Luis Obispo,079,281455,2,0,0,0,0
2020-02-29,San Mateo,081,765935,29,0,0,0,0
2020-02-29,Santa Barbara,083,443738,0,0,0,0,0
2020-02-29,Santa Clara,085,1922200,75,3,1,4,0
2020-02-29,Santa Cruz,087,273765,8,0,0,0,0
2020-02-29,Shasta,089,179085,2,0,0,0,0
2020-02-29,Sierra,091,2930,0,0,0,0,0
2020-02-29,Siskiyou,093,43540,0,0,0,0,0
2020-02-29,Solano,095,438530,18,23,0,23,0
2020-02-29,Sonoma,097,501317,6,0,0,0,0
2020-02-29,Stanislaus,099,539301,2,0,2,2,0
2020-02-29,Sutter,101,95872,0,0,0,0,0
2020-02-29,Tehama,103,63373,0,0,0,0,0
2020-02-29,Trinity,105,12862,0,0,0,0,0
2020-02-29,Tulare,107,460477,4,0,0,0,0
2020-02-29,Tuolumne,109,53932,0,0,0,0,0
2020-02-29,Ventura,111,848112,6,0,0,0,0
2020-02-29,Yolo,113,214977,1,0,0,0,0
2020-02-29,Yuba,115,75493,0,0,0,0,0
2020-02-28,Alameda,001,1643700,14,0,0,0,0
2020-02-28,Alpine,003,1148,0,0,0,0,0
2020-02-28,Amador,005,37829,0,0,0,0,0
2020-02-28,Butte,007,227075,0,0,0,0,0
2020-02-28,Calaveras,009,45235,0,0,0,0,0
2020-02-28,Colusa,011,21464,0,0,0,0,0
2020-02-28,Contra Costa,013,1133247,20,0,0,0,0
2020-02-28,Del Norte,015,27424,0,0,0,0,0
2020-02-28,El Dorado,017,186661,0,0,0,0,0
2020-02-28,Fresno,019,978130,1,0,0,0,0
2020-02-28,Glenn,021,27897,0,0,0,0,0
2020-02-28,Humboldt,023,135768,1,1,0,1,0
2020-02-28,Imperial,025,180216,1,0,0,0,0
2020-02-28,Inyo,027,18085,0,0,0,0,0
2020-02-28,Kern,029,883053,2,0,0,0,0
2020-02-28,Kings,031,150075,3,0,1,1,0
2020-02-28,Lake,033,64148,0,0,0,0,0
2020-02-28,Lassen,035,31185,0,0,0,0,0
2020-02-28,Los Angeles,037,10098052,103,1,6,7,0
2020-02-28,Madera,039,155013,2,0,0,0,0
2020-02-28,Marin,041,260295,2,0,0,0,0
2020-02-28,Mariposa,043,17540,0,0,0,0,0
2020-02-28,Mendocino,045,87422,0,0,0,0,0
2020-02-28,Merced,047,269075,1,0,0,0,0
2020-02-28,Modoc,049,8938,0,0,0,0,0
2020-02-28,Mono,051,14174,0,0,0,0,0
2020-02-28,Monterey,053,433212,1,0,0,0,0
2020-02-28,Napa,055,140530,1,0,0,0,0
2020-02-28,Nevada,057,99092,0,0,1,1,0
2020-02-28,Orange,059,3164182,54,1,0,1,0
2020-02-28,Placer,061,380077,7,0,0,0,0
2020-02-28,Plumas,063,18699,0,0,0,0,0
2020-02-28,Riverside,065,2383286,13,0,1,1,0
2020-02-28,Sacramento,067,1510023,10,1,0,1,0
2020-02-28,San Benito,069,59416,0,2,0,2,0
2020-02-28,San Bernardino,071,2135413,25,0,0,0,0
2020-02-28,San Diego,073,3302833,13,2,0,2,0
2020-02-28,San Francisco,075,870044,10,0,0,0,0
2020-02-28,San Joaquin,077,732212,6,0,3,3,0
2020-02-28,San Luis Obispo,079,281455,2,0,0,0,0
2020-02-28,San Mateo,081,765935,24,0,0,0,0
2020-02-28,Santa Barbara,083,443738,0,0,0,0,0
2020-02-28,Santa Clara,085,1922200,70,3,1,4,0
2020-02-28,Santa Cruz,087,273765,8,0,0,0,0
2020-02-28,Shasta,089,179085,2,0,0,0,0
2020-02-28,Sierra,091,2930,0,0,0,0,0
2020-02-28,Siskiyou,093,43540,0,0,0,0,0
2020-02-28,Solano,095,438530,17,23,0,23,0
2020-02-28,Sonoma,097,501317,6,0,0,0,0
2020-02-28,Stanislaus,099,539301,2,0,2,2,0
2020-02-28,Sutter,101,95872,0,0,0,0,0
2020-02-28,Tehama,103,63373,0,0,0,0,0
2020-02-28,Trinity,105,12862,0,0,0,0,0
2020-02-28,Tulare,107,460477,3,0,0,0,0
2020-02-28,Tuolumne,109,53932,0,0,0,0,0
2020-02-28,Ventura,111,848112,6,0,0,0,0
2020-02-28,Yolo,113,214977,1,0,0,0,0
2020-02-28,Yuba,115,75493,0,0,0,0,0
2020-02-27,Alameda,001,1643700,13,0,0,0,0
2020-02-27,Alpine,003,1148,0,0,0,0,0
2020-02-27,Amador,005,37829,0,0,0,0,0
2020-02-27,Butte,007,227075,0,0,0,0,0
2020-02-27,Calaveras,009,45235,0,0,0,0,0
2020-02-27,Colusa,011,21464,0,0,0,0,0
2020-02-27,Contra Costa,013,1133247,14,0,0,0,0
2020-02-27,Del Norte,015,27424,0,0,0,0,0
2020-02-27,El Dorado,017,186661,0,0,0,0,0
2020-02-27,Fresno,019,978130,1,0,0,0,0
2020-02-27,Glenn,021,27897,0,0,0,0,0
2020-02-27,Humboldt,023,135768,1,1,0,1,0
2020-02-27,Imperial,025,180216,1,0,0,0,0
2020-02-27,Inyo,027,18085,0,0,0,0,0
2020-02-27,Kern,029,883053,2,0,0,0,0
2020-02-27,Kings,031,150075,3,0,1,1,0
2020-02-27,Lake,033,64148,0,0,0,0,0
2020-02-27,Lassen,035,31185,0,0,0,0,0
2020-02-27,Los Angeles,037,10098052,95,1,6,7,0
2020-02-27,Madera,039,155013,2,0,0,0,0
2020-02-27,Marin,041,260295,1,0,0,0,0
2020-02-27,Mariposa,043,17540,0,0,0,0,0
2020-02-27,Mendocino,045,87422,0,0,0,0,0
2020-02-27,Merced,047,269075,1,0,0,0,0
2020-02-27,Modoc,049,8938,0,0,0,0,0
2020-02-27,Mono,051,14174,0,0,0,0,0
2020-02-27,Monterey,053,433212,1,0,0,0,0
2020-02-27,Napa,055,140530,1,0,0,0,0
2020-02-27,Nevada,057,99092,0,0,1,1,0
2020-02-27,Orange,059,3164182,48,1,0,1,0
2020-02-27,Placer,061,380077,6,0,0,0,0
2020-02-27,Plumas,063,18699,0,0,0,0,0
2020-02-27,Riverside,065,2383286,12,0,1,1,0
2020-02-27,Sacramento,067,1510023,10,1,0,1,0
2020-02-27,San Benito,069,59416,0,2,0,2,0
2020-02-27,San Bernardino,071,2135413,25,0,0,0,0
2020-02-27,San Diego,073,3302833,12,2,0,2,0
2020-02-27,San Francisco,075,870044,9,0,0,0,0
2020-02-27,San Joaquin,077,732212,5,0,3,3,0
2020-02-27,San Luis Obispo,079,281455,2,0,0,0,0
2020-02-27,San Mateo,081,765935,20,0,0,0,0
2020-02-27,Santa Barbara,083,443738,0,0,0,0,0
2020-02-27,Santa Clara,085,1922200,59,2,1,3,0
2020-02-27,Santa Cruz,087,273765,6,0,0,0,0
2020-02-27,Shasta,089,179085,0,0,0,0,0
2020-02-27,Sierra,091,2930,0,0,0,0,0
2020-02-27,Siskiyou,093,43540,0,0,0,0,0
2020-02-27,Solano,095,438530,17,23,0,23,0
2020-02-27,Sonoma,097,501317,5,0,0,0,0
2020-02-27,Stanislaus,099,539301,2,0,2,2,0
2020-02-27,Sutter,101,95872,0,0,0,0,0
2020-02-27,Tehama,103,63373,0,0,0,0,0
2020-02-27,Trinity,105,12862,0,0,0,0,0
2020-02-27,Tulare,107,460477,3,0,0,0,0
2020-02-27,Tuolumne,109,53932,0,0,0,0,0
2020-02-27,Ventura,111,848112,4,0,0,0,0
2020-02-27,Yolo,113,214977,1,0,0,0,0
2020-02-27,Yuba,115,75493,0,0,0,0,0
2020-02-26,Alameda,001,1643700,13,0,0,0,0
2020-02-26,Alpine,003,1148,0,0,0,0,0
2020-02-26,Amador,005,37829,0,0,0,0,0
2020-02-26,Butte,007,227075,0,0,0,0,0
2020-02-26,Calaveras,009,45235,0,0,0,0,0
2020-02-26,Colusa,011,21464,0,0,0,0,0
2020-02-26,Contra Costa,013,1133247,13,0,0,0,0
2020-02-26,Del Norte,015,27424,0,0,0,0,0
2020-02-26,El Dorado,017,186661,0,0,0,0,0
2020-02-26,Fresno,019,978130,1,0,0,0,0
2020-02-26,Glenn,021,27897,0,0,0,0,0
2020-02-26,Humboldt,023,135768,1,1,0,1,0
2020-02-26,Imperial,025,180216,1,0,0,0,0
2020-02-26,Inyo,027,18085,0,0,0,0,0
2020-02-26,Kern,029,883053,2,0,0,0,0
2020-02-26,Kings,031,150075,3,0,1,1,0
2020-02-26,Lake,033,64148,0,0,0,0,0
2020-02-26,Lassen,035,31185,0,0,0,0,0
2020-02-26,Los Angeles,037,10098052,89,1,6,7,0
2020-02-26,Madera,039,155013,2,0,0,0,0
2020-02-26,Marin,041,260295,1,0,0,0,0
2020-02-26,Mariposa,043,17540,0,0,0,0,0
2020-02-26,Mendocino,045,87422,0,0,0,0,0
2020-02-26,Merced,047,269075,1,0,0,0,0
2020-02-26,Modoc,049,8938,0,0,0,0,0
2020-02-26,Mono,051,14174,0,0,0,0,0
2020-02-26,Monterey,053,433212,1,0,0,0,0
2020-02-26,Napa,055,140530,0,0,0,0,0
2020-02-26,Nevada,057,99092,0,0,1,1,0
2020-02-26,Orange,059,3164182,47,1,0,1,0
2020-02-26,Placer,061,380077,5,0,0,0,0
2020-02-26,Plumas,063,18699,0,0,0,0,0
2020-02-26,Riverside,065,2383286,10,0,1,1,0
2020-02-26,Sacramento,067,1510023,10,1,0,1,0
2020-02-26,San Benito,069,59416,0,2,0,2,0
2020-02-26,San Bernardino,071,2135413,23,0,0,0,0
2020-02-26,San Diego,073,3302833,11,2,0,2,0
2020-02-26,San Francisco,075,870044,9,0,0,0,0
2020-02-26,San Joaquin,077,732212,5,0,3,3,0
2020-02-26,San Luis Obispo,079,281455,2,0,0,0,0
2020-02-26,San Mateo,081,765935,18,0,0,0,0
2020-02-26,Santa Barbara,083,443738,0,0,0,0,0
2020-02-26,Santa Clara,085,1922200,50,2,1,3,0
2020-02-26,Santa Cruz,087,273765,6,0,0,0,0
2020-02-26,Shasta,089,179085,0,0,0,0,0
2020-02-26,Sierra,091,2930,0,0,0,0,0
2020-02-26,Siskiyou,093,43540,0,0,0,0,0
2020-02-26,Solano,095,438530,17,23,0,23,0
2020-02-26,Sonoma,097,501317,5,0,0,0,0
2020-02-26,Stanislaus,099,539301,2,0,2,2,0
2020-02-26,Sutter,101,95872,0,0,0,0,0
2020-02-26,Tehama,103,63373,0,0,0,0,0
2020-02-26,Trinity,105,12862,0,0,0,0,0
2020-02-26,Tulare,107,460477,3,0,0,0,0
2020-02-26,Tuolumne,109,53932,0,0,0,0,0
2020-02-26,Ventura,111,848112,4,0,0,0,0
2020-02-26,Yolo,113,214977,1,0,0,0,0
2020-02-26,Yuba,115,75493,0,0,0,0,0
2020-02-25,Alameda,001,1643700,13,0,0,0,0
2020-02-25,Alpine,003,1148,0,0,0,0,0
2020-02-25,Amador,005,37829,0,0,0,0,0
2020-02-25,Butte,007,227075,0,0,0,0,0
2020-02-25,Calaveras,009,45235,0,0,0,0,0
2020-02-25,Colusa,011,21464,0,0,0,0,0
2020-02-25,Contra Costa,013,1133247,11,0,0,0,0
2020-02-25,Del Norte,015,27424,0,0,0,0,0
2020-02-25,El Dorado,017,186661,0,0,0,0,0
2020-02-25,Fresno,019,978130,1,0,0,0,0
2020-02-25,Glenn,021,27897,0,0,0,0,0
2020-02-25,Humboldt,023,135768,1,1,0,1,0
2020-02-25,Imperial,025,180216,1,0,0,0,0
2020-02-25,Inyo,027,18085,0,0,0,0,0
2020-02-25,Kern,029,883053,2,0,0,0,0
2020-02-25,Kings,031,150075,3,0,1,1,0
2020-02-25,Lake,033,64148,0,0,0,0,0
2020-02-25,Lassen,035,31185,0,0,0,0,0
2020-02-25,Los Angeles,037,10098052,77,1,6,7,0
2020-02-25,Madera,039,155013,2,0,0,0,0
2020-02-25,Marin,041,260295,1,0,0,0,0
2020-02-25,Mariposa,043,17540,0,0,0,0,0
2020-02-25,Mendocino,045,87422,0,0,0,0,0
2020-02-25,Merced,047,269075,0,0,0,0,0
2020-02-25,Modoc,049,8938,0,0,0,0,0
2020-02-25,Mono,051,14174,0,0,0,0,0
2020-02-25,Monterey,053,433212,1,0,0,0,0
2020-02-25,Napa,055,140530,0,0,0,0,0
2020-02-25,Nevada,057,99092,0,0,1,1,0
2020-02-25,Orange,059,3164182,46,1,0,1,0
2020-02-25,Placer,061,380077,5,0,0,0,0
2020-02-25,Plumas,063,18699,0,0,0,0,0
2020-02-25,Riverside,065,2383286,10,0,1,1,0
2020-02-25,Sacramento,067,1510023,8,1,0,1,0
2020-02-25,San Benito,069,59416,0,2,0,2,0
2020-02-25,San Bernardino,071,2135413,21,0,0,0,0
2020-02-25,San Diego,073,3302833,7,2,0,2,0
2020-02-25,San Francisco,075,870044,7,0,0,0,0
2020-02-25,San Joaquin,077,732212,5,0,2,2,0
2020-02-25,San Luis Obispo,079,281455,2,0,0,0,0
2020-02-25,San Mateo,081,765935,17,0,0,0,0
2020-02-25,Santa Barbara,083,443738,0,0,0,0,0
2020-02-25,Santa Clara,085,1922200,40,2,1,3,0
2020-02-25,Santa Cruz,087,273765,5,0,0,0,0
2020-02-25,Shasta,089,179085,0,0,0,0,0
2020-02-25,Sierra,091,2930,0,0,0,0,0
2020-02-25,Siskiyou,093,43540,0,0,0,0,0
2020-02-25,Solano,095,438530,16,21,0,21,0
2020-02-25,Sonoma,097,501317,5,0,0,0,0
2020-02-25,Stanislaus,099,539301,2,0,2,2,0
2020-02-25,Sutter,101,95872,0,0,0,0,0
2020-02-25,Tehama,103,63373,0,0,0,0,0
2020-02-25,Trinity,105,12862,0,0,0,0,0
2020-02-25,Tulare,107,460477,3,0,0,0,0
2020-02-25,Tuolumne,109,53932,0,0,0,0,0
2020-02-25,Ventura,111,848112,4,0,0,0,0
2020-02-25,Yolo,113,214977,1,0,0,0,0
2020-02-25,Yuba,115,75493,0,0,0,0,0
2020-02-24,Alameda,001,1643700,13,0,0,0,0
2020-02-24,Alpine,003,1148,0,0,0,0,0
2020-02-24,Amador,005,37829,0,0,0,0,0
2020-02-24,Butte,007,227075,0,0,0,0,0
2020-02-24,Calaveras,009,45235,0,0,0,0,0
2020-02-24,Colusa,011,21464,0,0,0,0,0
2020-02-24,Contra Costa,013,1133247,9,0,0,0,0
2020-02-24,Del Norte,015,27424,0,0,0,0,0
2020-02-24,El Dorado,017,186661,0,0,0,0,0
2020-02-24,Fresno,019,978130,1,0,0,0,0
2020-02-24,Glenn,021,27897,0,0,0,0,0
2020-02-24,Humboldt,023,135768,1,1,0,1,0
2020-02-24,Imperial,025,180216,1,0,0,0,0
2020-02-24,Inyo,027,18085,0,0,0,0,0
2020-02-24,Kern,029,883053,2,0,0,0,0
2020-02-24,Kings,031,150075,3,0,1,1,0
2020-02-24,Lake,033,64148,0,0,0,0,0
2020-02-24,Lassen,035,31185,0,0,0,0,0
2020-02-24,Los Angeles,037,10098052,72,1,6,7,0
2020-02-24,Madera,039,155013,1,0,0,0,0
2020-02-24,Marin,041,260295,1,0,0,0,0
2020-02-24,Mariposa,043,17540,0,0,0,0,0
2020-02-24,Mendocino,045,87422,0,0,0,0,0
2020-02-24,Merced,047,269075,0,0,0,0,0
2020-02-24,Modoc,049,8938,0,0,0,0,0
2020-02-24,Mono,051,14174,0,0,0,0,0
2020-02-24,Monterey,053,433212,1,0,0,0,0
2020-02-24,Napa,055,140530,0,0,0,0,0
2020-02-24,Nevada,057,99092,0,0,1,1,0
2020-02-24,Orange,059,3164182,44,1,0,1,0
2020-02-24,Placer,061,380077,3,0,0,0,0
2020-02-24,Plumas,063,18699,0,0,0,0,0
2020-02-24,Riverside,065,2383286,9,0,1,1,0
2020-02-24,Sacramento,067,1510023,7,1,0,1,0
2020-02-24,San Benito,069,59416,0,2,0,2,0
2020-02-24,San Bernardino,071,2135413,21,0,0,0,0
2020-02-24,San Diego,073,3302833,7,2,0,2,0
2020-02-24,San Francisco,075,870044,6,0,0,0,0
2020-02-24,San Joaquin,077,732212,5,0,1,1,0
2020-02-24,San Luis Obispo,079,281455,2,0,0,0,0
2020-02-24,San Mateo,081,765935,13,0,0,0,0
2020-02-24,Santa Barbara,083,443738,0,0,0,0,0
2020-02-24,Santa Clara,085,1922200,38,2,1,3,0
2020-02-24,Santa Cruz,087,273765,5,0,0,0,0
2020-02-24,Shasta,089,179085,0,0,0,0,0
2020-02-24,Sierra,091,2930,0,0,0,0,0
2020-02-24,Siskiyou,093,43540,0,0,0,0,0
2020-02-24,Solano,095,438530,13,15,0,15,0
2020-02-24,Sonoma,097,501317,5,0,0,0,0
2020-02-24,Stanislaus,099,539301,2,0,2,2,0
2020-02-24,Sutter,101,95872,0,0,0,0,0
2020-02-24,Tehama,103,63373,0,0,0,0,0
2020-02-24,Trinity,105,12862,0,0,0,0,0
2020-02-24,Tulare,107,460477,3,0,0,0,0
2020-02-24,Tuolumne,109,53932,0,0,0,0,0
2020-02-24,Ventura,111,848112,4,0,0,0,0
2020-02-24,Yolo,113,214977,1,0,0,0,0
2020-02-24,Yuba,115,75493,0,0,0,0,0
2020-02-23,Alameda,001,1643700,11,0,0,0,0
2020-02-23,Alpine,003,1148,0,0,0,0,0
2020-02-23,Amador,005,37829,0,0,0,0,0
2020-02-23,Butte,007,227075,0,0,0,0,0
2020-02-23,Calaveras,009,45235,0,0,0,0,0
2020-02-23,Colusa,011,21464,0,0,0,0,0
2020-02-23,Contra Costa,013,1133247,6,0,0,0,0
2020-02-23,Del Norte,015,27424,0,0,0,0,0
2020-02-23,El Dorado,017,186661,0,0,0,0,0
2020-02-23,Fresno,019,978130,1,0,0,0,0
2020-02-23,Glenn,021,27897,0,0,0,0,0
2020-02-23,Humboldt,023,135768,1,1,0,1,0
2020-02-23,Imperial,025,180216,1,0,0,0,0
2020-02-23,Inyo,027,18085,0,0,0,0,0
2020-02-23,Kern,029,883053,2,0,0,0,0
2020-02-23,Kings,031,150075,3,0,1,1,0
2020-02-23,Lake,033,64148,0,0,0,0,0
2020-02-23,Lassen,035,31185,0,0,0,0,0
2020-02-23,Los Angeles,037,10098052,64,1,6,7,0
2020-02-23,Madera,039,155013,1,0,0,0,0
2020-02-23,Marin,041,260295,1,0,0,0,0
2020-02-23,Mariposa,043,17540,0,0,0,0,0
2020-02-23,Mendocino,045,87422,0,0,0,0,0
2020-02-23,Merced,047,269075,0,0,0,0,0
2020-02-23,Modoc,049,8938,0,0,0,0,0
2020-02-23,Mono,051,14174,0,0,0,0,0
2020-02-23,Monterey,053,433212,1,0,0,0,0
2020-02-23,Napa,055,140530,0,0,0,0,0
2020-02-23,Nevada,057,99092,0,0,1,1,0
2020-02-23,Orange,059,3164182,44,1,0,1,0
2020-02-23,Placer,061,380077,3,0,0,0,0
2020-02-23,Plumas,063,18699,0,0,0,0,0
2020-02-23,Riverside,065,2383286,9,0,0,0,0
2020-02-23,Sacramento,067,1510023,6,1,0,1,0
2020-02-23,San Benito,069,59416,0,2,0,2,0
2020-02-23,San Bernardino,071,2135413,20,0,0,0,0
2020-02-23,San Diego,073,3302833,6,2,0,2,0
2020-02-23,San Francisco,075,870044,5,0,0,0,0
2020-02-23,San Joaquin,077,732212,4,0,1,1,0
2020-02-23,San Luis Obispo,079,281455,2,0,0,0,0
2020-02-23,San Mateo,081,765935,10,0,0,0,0
2020-02-23,Santa Barbara,083,443738,0,0,0,0,0
2020-02-23,Santa Clara,085,1922200,26,2,1,3,0
2020-02-23,Santa Cruz,087,273765,2,0,0,0,0
2020-02-23,Shasta,089,179085,0,0,0,0,0
2020-02-23,Sierra,091,2930,0,0,0,0,0
2020-02-23,Siskiyou,093,43540,0,0,0,0,0
2020-02-23,Solano,095,438530,11,15,0,15,0
2020-02-23,Sonoma,097,501317,5,0,0,0,0
2020-02-23,Stanislaus,099,539301,2,0,2,2,0
2020-02-23,Sutter,101,95872,0,0,0,0,0
2020-02-23,Tehama,103,63373,0,0,0,0,0
2020-02-23,Trinity,105,12862,0,0,0,0,0
2020-02-23,Tulare,107,460477,2,0,0,0,0
2020-02-23,Tuolumne,109,53932,0,0,0,0,0
2020-02-23,Ventura,111,848112,4,0,0,0,0
2020-02-23,Yolo,113,214977,1,0,0,0,0
2020-02-23,Yuba,115,75493,0,0,0,0,0
2020-02-22,Alameda,001,1643700,10,0,0,0,0
2020-02-22,Alpine,003,1148,0,0,0,0,0
2020-02-22,Amador,005,37829,0,0,0,0,0
2020-02-22,Butte,007,227075,0,0,0,0,0
2020-02-22,Calaveras,009,45235,0,0,0,0,0
2020-02-22,Colusa,011,21464,0,0,0,0,0
2020-02-22,Contra Costa,013,1133247,5,0,0,0,0
2020-02-22,Del Norte,015,27424,0,0,0,0,0
2020-02-22,El Dorado,017,186661,0,0,0,0,0
2020-02-22,Fresno,019,978130,1,0,0,0,0
2020-02-22,Glenn,021,27897,0,0,0,0,0
2020-02-22,Humboldt,023,135768,1,1,0,1,0
2020-02-22,Imperial,025,180216,0,0,0,0,0
2020-02-22,Inyo,027,18085,0,0,0,0,0
2020-02-22,Kern,029,883053,2,0,0,0,0
2020-02-22,Kings,031,150075,3,0,1,1,0
2020-02-22,Lake,033,64148,0,0,0,0,0
2020-02-22,Lassen,035,31185,0,0,0,0,0
2020-02-22,Los Angeles,037,10098052,62,1,6,7,0
2020-02-22,Madera,039,155013,0,0,0,0,0
2020-02-22,Marin,041,260295,1,0,0,0,0
2020-02-22,Mariposa,043,17540,0,0,0,0,0
2020-02-22,Mendocino,045,87422,0,0,0,0,0
2020-02-22,Merced,047,269075,0,0,0,0,0
2020-02-22,Modoc,049,8938,0,0,0,0,0
2020-02-22,Mono,051,14174,0,0,0,0,0
2020-02-22,Monterey,053,433212,1,0,0,0,0
2020-02-22,Napa,055,140530,0,0,0,0,0
2020-02-22,Nevada,057,99092,0,0,1,1,0
2020-02-22,Orange,059,3164182,43,1,0,1,0
2020-02-22,Placer,061,380077,3,0,0,0,0
2020-02-22,Plumas,063,18699,0,0,0,0,0
2020-02-22,Riverside,065,2383286,9,0,0,0,0
2020-02-22,Sacramento,067,1510023,6,1,0,1,0
2020-02-22,San Benito,069,59416,0,2,0,2,0
2020-02-22,San Bernardino,071,2135413,18,0,0,0,0
2020-02-22,San Diego,073,3302833,5,2,0,2,0
2020-02-22,San Francisco,075,870044,3,0,0,0,0
2020-02-22,San Joaquin,077,732212,4,0,1,1,0
2020-02-22,San Luis Obispo,079,281455,2,0,0,0,0
2020-02-22,San Mateo,081,765935,8,0,0,0,0
2020-02-22,Santa Barbara,083,443738,0,0,0,0,0
2020-02-22,Santa Clara,085,1922200,23,2,1,3,0
2020-02-22,Santa Cruz,087,273765,2,0,0,0,0
2020-02-22,Shasta,089,179085,0,0,0,0,0
2020-02-22,Sierra,091,2930,0,0,0,0,0
2020-02-22,Siskiyou,093,43540,0,0,0,0,0
2020-02-22,Solano,095,438530,11,11,0,11,0
2020-02-22,Sonoma,097,501317,4,0,0,0,0
2020-02-22,Stanislaus,099,539301,2,0,2,2,0
2020-02-22,Sutter,101,95872,0,0,0,0,0
2020-02-22,Tehama,103,63373,0,0,0,0,0
2020-02-22,Trinity,105,12862,0,0,0,0,0
2020-02-22,Tulare,107,460477,2,0,0,0,0
2020-02-22,Tuolumne,109,53932,0,0,0,0,0
2020-02-22,Ventura,111,848112,4,0,0,0,0
2020-02-22,Yolo,113,214977,0,0,0,0,0
2020-02-22,Yuba,115,75493,0,0,0,0,0
2020-02-21,Alameda,001,1643700,9,0,0,0,0
2020-02-21,Alpine,003,1148,0,0,0,0,0
2020-02-21,Amador,005,37829,0,0,0,0,0
2020-02-21,Butte,007,227075,0,0,0,0,0
2020-02-21,Calaveras,009,45235,0,0,0,0,0
2020-02-21,Colusa,011,21464,0,0,0,0,0
2020-02-21,Contra Costa,013,1133247,4,0,0,0,0
2020-02-21,Del Norte,015,27424,0,0,0,0,0
2020-02-21,El Dorado,017,186661,0,0,0,0,0
2020-02-21,Fresno,019,978130,1,0,0,0,0
2020-02-21,Glenn,021,27897,0,0,0,0,0
2020-02-21,Humboldt,023,135768,1,1,0,1,0
2020-02-21,Imperial,025,180216,0,0,0,0,0
2020-02-21,Inyo,027,18085,0,0,0,0,0
2020-02-21,Kern,029,883053,2,0,0,0,0
2020-02-21,Kings,031,150075,3,0,1,1,0
2020-02-21,Lake,033,64148,0,0,0,0,0
2020-02-21,Lassen,035,31185,0,0,0,0,0
2020-02-21,Los Angeles,037,10098052,58,1,6,7,0
2020-02-21,Madera,039,155013,0,0,0,0,0
2020-02-21,Marin,041,260295,1,0,0,0,0
2020-02-21,Mariposa,043,17540,0,0,0,0,0
2020-02-21,Mendocino,045,87422,0,0,0,0,0
2020-02-21,Merced,047,269075,0,0,0,0,0
2020-02-21,Modoc,049,8938,0,0,0,0,0
2020-02-21,Mono,051,14174,0,0,0,0,0
2020-02-21,Monterey,053,433212,1,0,0,0,0
2020-02-21,Napa,055,140530,0,0,0,0,0
2020-02-21,Nevada,057,99092,0,0,1,1,0
2020-02-21,Orange,059,3164182,41,1,0,1,0
2020-02-21,Placer,061,380077,2,0,0,0,0
2020-02-21,Plumas,063,18699,0,0,0,0,0
2020-02-21,Riverside,065,2383286,9,0,0,0,0
2020-02-21,Sacramento,067,1510023,5,1,0,1,0
2020-02-21,San Benito,069,59416,0,2,0,2,0
2020-02-21,San Bernardino,071,2135413,17,0,0,0,0
2020-02-21,San Diego,073,3302833,5,2,0,2,0
2020-02-21,San Francisco,075,870044,3,0,0,0,0
2020-02-21,San Joaquin,077,732212,2,0,1,1,0
2020-02-21,San Luis Obispo,079,281455,2,0,0,0,0
2020-02-21,San Mateo,081,765935,8,0,0,0,0
2020-02-21,Santa Barbara,083,443738,0,0,0,0,0
2020-02-21,Santa Clara,085,1922200,21,2,1,3,0
2020-02-21,Santa Cruz,087,273765,2,0,0,0,0
2020-02-21,Shasta,089,179085,0,0,0,0,0
2020-02-21,Sierra,091,2930,0,0,0,0,0
2020-02-21,Siskiyou,093,43540,0,0,0,0,0
2020-02-21,Solano,095,438530,10,11,0,11,0
2020-02-21,Sonoma,097,501317,3,0,0,0,0
2020-02-21,Stanislaus,099,539301,2,0,2,2,0
2020-02-21,Sutter,101,95872,0,0,0,0,0
2020-02-21,Tehama,103,63373,0,0,0,0,0
2020-02-21,Trinity,105,12862,0,0,0,0,0
2020-02-21,Tulare,107,460477,2,0,0,0,0
2020-02-21,Tuolumne,109,53932,0,0,0,0,0
2020-02-21,Ventura,111,848112,4,0,0,0,0
2020-02-21,Yolo,113,214977,0,0,0,0,0
2020-02-21,Yuba,115,75493,0,0,0,0,0
2020-02-20,Alameda,001,1643700,7,0,0,0,0
2020-02-20,Alpine,003,1148,0,0,0,0,0
2020-02-20,Amador,005,37829,0,0,0,0,0
2020-02-20,Butte,007,227075,0,0,0,0,0
2020-02-20,Calaveras,009,45235,0,0,0,0,0
2020-02-20,Colusa,011,21464,0,0,0,0,0
2020-02-20,Contra Costa,013,1133247,3,0,0,0,0
2020-02-20,Del Norte,015,27424,0,0,0,0,0
2020-02-20,El Dorado,017,186661,0,0,0,0,0
2020-02-20,Fresno,019,978130,1,0,0,0,0
2020-02-20,Glenn,021,27897,0,0,0,0,0
2020-02-20,Humboldt,023,135768,1,1,0,1,0
2020-02-20,Imperial,025,180216,0,0,0,0,0
2020-02-20,Inyo,027,18085,0,0,0,0,0
2020-02-20,Kern,029,883053,2,0,0,0,0
2020-02-20,Kings,031,150075,3,0,1,1,0
2020-02-20,Lake,033,64148,0,0,0,0,0
2020-02-20,Lassen,035,31185,0,0,0,0,0
2020-02-20,Los Angeles,037,10098052,57,1,5,6,0
2020-02-20,Madera,039,155013,0,0,0,0,0
2020-02-20,Marin,041,260295,0,0,0,0,0
2020-02-20,Mariposa,043,17540,0,0,0,0,0
2020-02-20,Mendocino,045,87422,0,0,0,0,0
2020-02-20,Merced,047,269075,0,0,0,0,0
2020-02-20,Modoc,049,8938,0,0,0,0,0
2020-02-20,Mono,051,14174,0,0,0,0,0
2020-02-20,Monterey,053,433212,1,0,0,0,0
2020-02-20,Napa,055,140530,0,0,0,0,0
2020-02-20,Nevada,057,99092,0,0,1,1,0
2020-02-20,Orange,059,3164182,41,1,0,1,0
2020-02-20,Placer,061,380077,2,0,0,0,0
2020-02-20,Plumas,063,18699,0,0,0,0,0
2020-02-20,Riverside,065,2383286,7,0,0,0,0
2020-02-20,Sacramento,067,1510023,2,1,0,1,0
2020-02-20,San Benito,069,59416,0,2,0,2,0
2020-02-20,San Bernardino,071,2135413,15,0,0,0,0
2020-02-20,San Diego,073,3302833,5,2,0,2,0
2020-02-20,San Francisco,075,870044,3,0,0,0,0
2020-02-20,San Joaquin,077,732212,2,0,1,1,0
2020-02-20,San Luis Obispo,079,281455,2,0,0,0,0
2020-02-20,San Mateo,081,765935,7,0,0,0,0
2020-02-20,Santa Barbara,083,443738,0,0,0,0,0
2020-02-20,Santa Clara,085,1922200,17,2,1,3,0
2020-02-20,Santa Cruz,087,273765,2,0,0,0,0
2020-02-20,Shasta,089,179085,0,0,0,0,0
2020-02-20,Sierra,091,2930,0,0,0,0,0
2020-02-20,Siskiyou,093,43540,0,0,0,0,0
2020-02-20,Solano,095,438530,8,7,0,7,0
2020-02-20,Sonoma,097,501317,2,0,0,0,0
2020-02-20,Stanislaus,099,539301,2,0,2,2,0
2020-02-20,Sutter,101,95872,0,0,0,0,0
2020-02-20,Tehama,103,63373,0,0,0,0,0
2020-02-20,Trinity,105,12862,0,0,0,0,0
2020-02-20,Tulare,107,460477,2,0,0,0,0
2020-02-20,Tuolumne,109,53932,0,0,0,0,0
2020-02-20,Ventura,111,848112,4,0,0,0,0
2020-02-20,Yolo,113,214977,0,0,0,0,0
2020-02-20,Yuba,115,75493,0,0,0,0,0
2020-02-19,Alameda,001,1643700,6,0,0,0,0
2020-02-19,Alpine,003,1148,0,0,0,0,0
2020-02-19,Amador,005,37829,0,0,0,0,0
2020-02-19,Butte,007,227075,0,0,0,0,0
2020-02-19,Calaveras,009,45235,0,0,0,0,0
2020-02-19,Colusa,011,21464,0,0,0,0,0
2020-02-19,Contra Costa,013,1133247,3,0,0,0,0
2020-02-19,Del Norte,015,27424,0,0,0,0,0
2020-02-19,El Dorado,017,186661,0,0,0,0,0
2020-02-19,Fresno,019,978130,1,0,0,0,0
2020-02-19,Glenn,021,27897,0,0,0,0,0
2020-02-19,Humboldt,023,135768,1,0,0,0,0
2020-02-19,Imperial,025,180216,0,0,0,0,0
2020-02-19,Inyo,027,18085,0,0,0,0,0
2020-02-19,Kern,029,883053,2,0,0,0,0
2020-02-19,Kings,031,150075,3,0,1,1,0
2020-02-19,Lake,033,64148,0,0,0,0,0
2020-02-19,Lassen,035,31185,0,0,0,0,0
2020-02-19,Los Angeles,037,10098052,54,1,5,6,0
2020-02-19,Madera,039,155013,0,0,0,0,0
2020-02-19,Marin,041,260295,0,0,0,0,0
2020-02-19,Mariposa,043,17540,0,0,0,0,0
2020-02-19,Mendocino,045,87422,0,0,0,0,0
2020-02-19,Merced,047,269075,0,0,0,0,0
2020-02-19,Modoc,049,8938,0,0,0,0,0
2020-02-19,Mono,051,14174,0,0,0,0,0
2020-02-19,Monterey,053,433212,1,0,0,0,0
2020-02-19,Napa,055,140530,0,0,0,0,0
2020-02-19,Nevada,057,99092,0,0,1,1,0
2020-02-19,Orange,059,3164182,40,1,0,1,0
2020-02-19,Placer,061,380077,2,0,0,0,0
2020-02-19,Plumas,063,18699,0,0,0,0,0
2020-02-19,Riverside,065,2383286,5,0,0,0,0
2020-02-19,Sacramento,067,1510023,2,0,0,0,0
2020-02-19,San Benito,069,59416,0,2,0,2,0
2020-02-19,San Bernardino,071,2135413,14,0,0,0,0
2020-02-19,San Diego,073,3302833,4,2,0,2,0
2020-02-19,San Francisco,075,870044,2,0,0,0,0
2020-02-19,San Joaquin,077,732212,2,0,1,1,0
2020-02-19,San Luis Obispo,079,281455,2,0,0,0,0
2020-02-19,San Mateo,081,765935,6,0,0,0,0
2020-02-19,Santa Barbara,083,443738,0,0,0,0,0
2020-02-19,Santa Clara,085,1922200,15,2,1,3,0
2020-02-19,Santa Cruz,087,273765,0,0,0,0,0
2020-02-19,Shasta,089,179085,0,0,0,0,0
2020-02-19,Sierra,091,2930,0,0,0,0,0
2020-02-19,Siskiyou,093,43540,0,0,0,0,0
2020-02-19,Solano,095,438530,5,7,0,7,0
2020-02-19,Sonoma,097,501317,2,0,0,0,0
2020-02-19,Stanislaus,099,539301,1,0,2,2,0
2020-02-19,Sutter,101,95872,0,0,0,0,0
2020-02-19,Tehama,103,63373,0,0,0,0,0
2020-02-19,Trinity,105,12862,0,0,0,0,0
2020-02-19,Tulare,107,460477,2,0,0,0,0
2020-02-19,Tuolumne,109,53932,0,0,0,0,0
2020-02-19,Ventura,111,848112,2,0,0,0,0
2020-02-19,Yolo,113,214977,0,0,0,0,0
2020-02-19,Yuba,115,75493,0,0,0,0,0
2020-02-18,Alameda,001,1643700,6,0,0,0,0
2020-02-18,Alpine,003,1148,0,0,0,0,0
2020-02-18,Amador,005,37829,0,0,0,0,0
2020-02-18,Butte,007,227075,0,0,0,0,0
2020-02-18,Calaveras,009,45235,0,0,0,0,0
2020-02-18,Colusa,011,21464,0,0,0,0,0
2020-02-18,Contra Costa,013,1133247,3,0,0,0,0
2020-02-18,Del Norte,015,27424,0,0,0,0,0
2020-02-18,El Dorado,017,186661,0,0,0,0,0
2020-02-18,Fresno,019,978130,0,0,0,0,0
2020-02-18,Glenn,021,27897,0,0,0,0,0
2020-02-18,Humboldt,023,135768,1,0,0,0,0
2020-02-18,Imperial,025,180216,0,0,0,0,0
2020-02-18,Inyo,027,18085,0,0,0,0,0
2020-02-18,Kern,029,883053,2,0,0,0,0
2020-02-18,Kings,031,150075,3,0,1,1,0
2020-02-18,Lake,033,64148,0,0,0,0,0
2020-02-18,Lassen,035,31185,0,0,0,0,0
2020-02-18,Los Angeles,037,10098052,51,1,4,5,0
2020-02-18,Madera,039,155013,0,0,0,0,0
2020-02-18,Marin,041,260295,0,0,0,0,0
2020-02-18,Mariposa,043,17540,0,0,0,0,0
2020-02-18,Mendocino,045,87422,0,0,0,0,0
2020-02-18,Merced,047,269075,0,0,0,0,0
2020-02-18,Modoc,049,8938,0,0,0,0,0
2020-02-18,Mono,051,14174,0,0,0,0,0
2020-02-18,Monterey,053,433212,1,0,0,0,0
2020-02-18,Napa,055,140530,0,0,0,0,0
2020-02-18,Nevada,057,99092,0,0,1,1,0
2020-02-18,Orange,059,3164182,39,1,0,1,0
2020-02-18,Placer,061,380077,0,0,0,0,0
2020-02-18,Plumas,063,18699,0,0,0,0,0
2020-02-18,Riverside,065,2383286,5,0,0,0,0
2020-02-18,Sacramento,067,1510023,2,0,0,0,0
2020-02-18,San Benito,069,59416,0,2,0,2,0
2020-02-18,San Bernardino,071,2135413,13,0,0,0,0
2020-02-18,San Diego,073,3302833,4,2,0,2,0
2020-02-18,San Francisco,075,870044,2,0,0,0,0
2020-02-18,San Joaquin,077,732212,1,0,1,1,0
2020-02-18,San Luis Obispo,079,281455,2,0,0,0,0
2020-02-18,San Mateo,081,765935,5,0,0,0,0
2020-02-18,Santa Barbara,083,443738,0,0,0,0,0
2020-02-18,Santa Clara,085,1922200,14,2,1,3,0
2020-02-18,Santa Cruz,087,273765,0,0,0,0,0
2020-02-18,Shasta,089,179085,0,0,0,0,0
2020-02-18,Sierra,091,2930,0,0,0,0,0
2020-02-18,Siskiyou,093,43540,0,0,0,0,0
2020-02-18,Solano,095,438530,5,7,0,7,0
2020-02-18,Sonoma,097,501317,1,0,0,0,0
2020-02-18,Stanislaus,099,539301,1,0,2,2,0
2020-02-18,Sutter,101,95872,0,0,0,0,0
2020-02-18,Tehama,103,63373,0,0,0,0,0
2020-02-18,Trinity,105,12862,0,0,0,0,0
2020-02-18,Tulare,107,460477,2,0,0,0,0
2020-02-18,Tuolumne,109,53932,0,0,0,0,0
2020-02-18,Ventura,111,848112,2,0,0,0,0
2020-02-18,Yolo,113,214977,0,0,0,0,0
2020-02-18,Yuba,115,75493,0,0,0,0,0
2020-02-17,Alameda,001,1643700,6,0,0,0,0
2020-02-17,Alpine,003,1148,0,0,0,0,0
2020-02-17,Amador,005,37829,0,0,0,0,0
2020-02-17,Butte,007,227075,0,0,0,0,0
2020-02-17,Calaveras,009,45235,0,0,0,0,0
2020-02-17,Colusa,011,21464,0,0,0,0,0
2020-02-17,Contra Costa,013,1133247,3,0,0,0,0
2020-02-17,Del Norte,015,27424,0,0,0,0,0
2020-02-17,El Dorado,017,186661,0,0,0,0,0
2020-02-17,Fresno,019,978130,0,0,0,0,0
2020-02-17,Glenn,021,27897,0,0,0,0,0
2020-02-17,Humboldt,023,135768,1,0,0,0,0
2020-02-17,Imperial,025,180216,0,0,0,0,0
2020-02-17,Inyo,027,18085,0,0,0,0,0
2020-02-17,Kern,029,883053,2,0,0,0,0
2020-02-17,Kings,031,150075,3,0,0,0,0
2020-02-17,Lake,033,64148,0,0,0,0,0
2020-02-17,Lassen,035,31185,0,0,0,0,0
2020-02-17,Los Angeles,037,10098052,48,1,4,5,0
2020-02-17,Madera,039,155013,0,0,0,0,0
2020-02-17,Marin,041,260295,0,0,0,0,0
2020-02-17,Mariposa,043,17540,0,0,0,0,0
2020-02-17,Mendocino,045,87422,0,0,0,0,0
2020-02-17,Merced,047,269075,0,0,0,0,0
2020-02-17,Modoc,049,8938,0,0,0,0,0
2020-02-17,Mono,051,14174,0,0,0,0,0
2020-02-17,Monterey,053,433212,1,0,0,0,0
2020-02-17,Napa,055,140530,0,0,0,0,0
2020-02-17,Nevada,057,99092,0,0,1,1,0
2020-02-17,Orange,059,3164182,39,1,0,1,0
2020-02-17,Placer,061,380077,0,0,0,0,0
2020-02-17,Plumas,063,18699,0,0,0,0,0
2020-02-17,Riverside,065,2383286,5,0,0,0,0
2020-02-17,Sacramento,067,1510023,2,0,0,0,0
2020-02-17,San Benito,069,59416,0,2,0,2,0
2020-02-17,San Bernardino,071,2135413,11,0,0,0,0
2020-02-17,San Diego,073,3302833,4,2,0,2,0
2020-02-17,San Francisco,075,870044,2,0,0,0,0
2020-02-17,San Joaquin,077,732212,1,0,1,1,0
2020-02-17,San Luis Obispo,079,281455,1,0,0,0,0
2020-02-17,San Mateo,081,765935,5,0,0,0,0
2020-02-17,Santa Barbara,083,443738,0,0,0,0,0
2020-02-17,Santa Clara,085,1922200,12,2,1,3,0
2020-02-17,Santa Cruz,087,273765,0,0,0,0,0
2020-02-17,Shasta,089,179085,0,0,0,0,0
2020-02-17,Sierra,091,2930,0,0,0,0,0
2020-02-17,Siskiyou,093,43540,0,0,0,0,0
2020-02-17,Solano,095,438530,3,5,0,5,0
2020-02-17,Sonoma,097,501317,1,0,0,0,0
2020-02-17,Stanislaus,099,539301,1,0,2,2,0
2020-02-17,Sutter,101,95872,0,0,0,0,0
2020-02-17,Tehama,103,63373,0,0,0,0,0
2020-02-17,Trinity,105,12862,0,0,0,0,0
2020-02-17,Tulare,107,460477,2,0,0,0,0
2020-02-17,Tuolumne,109,53932,0,0,0,0,0
2020-02-17,Ventura,111,848112,2,0,0,0,0
2020-02-17,Yolo,113,214977,0,0,0,0,0
2020-02-17,Yuba,115,75493,0,0,0,0,0
2020-02-16,Alameda,001,1643700,5,0,0,0,0
2020-02-16,Alpine,003,1148,0,0,0,0,0
2020-02-16,Amador,005,37829,0,0,0,0,0
2020-02-16,Butte,007,227075,0,0,0,0,0
2020-02-16,Calaveras,009,45235,0,0,0,0,0
2020-02-16,Colusa,011,21464,0,0,0,0,0
2020-02-16,Contra Costa,013,1133247,3,0,0,0,0
2020-02-16,Del Norte,015,27424,0,0,0,0,0
2020-02-16,El Dorado,017,186661,0,0,0,0,0
2020-02-16,Fresno,019,978130,0,0,0,0,0
2020-02-16,Glenn,021,27897,0,0,0,0,0
2020-02-16,Humboldt,023,135768,1,0,0,0,0
2020-02-16,Imperial,025,180216,0,0,0,0,0
2020-02-16,Inyo,027,18085,0,0,0,0,0
2020-02-16,Kern,029,883053,2,0,0,0,0
2020-02-16,Kings,031,150075,3,0,0,0,0
2020-02-16,Lake,033,64148,0,0,0,0,0
2020-02-16,Lassen,035,31185,0,0,0,0,0
2020-02-16,Los Angeles,037,10098052,42,1,4,5,0
2020-02-16,Madera,039,155013,0,0,0,0,0
2020-02-16,Marin,041,260295,0,0,0,0,0
2020-02-16,Mariposa,043,17540,0,0,0,0,0
2020-02-16,Mendocino,045,87422,0,0,0,0,0
2020-02-16,Merced,047,269075,0,0,0,0,0
2020-02-16,Modoc,049,8938,0,0,0,0,0
2020-02-16,Mono,051,14174,0,0,0,0,0
2020-02-16,Monterey,053,433212,1,0,0,0,0
2020-02-16,Napa,055,140530,0,0,0,0,0
2020-02-16,Nevada,057,99092,0,0,0,0,0
2020-02-16,Orange,059,3164182,38,1,0,1,0
2020-02-16,Placer,061,380077,0,0,0,0,0
2020-02-16,Plumas,063,18699,0,0,0,0,0
2020-02-16,Riverside,065,2383286,5,0,0,0,0
2020-02-16,Sacramento,067,1510023,2,0,0,0,0
2020-02-16,San Benito,069,59416,0,2,0,2,0
2020-02-16,San Bernardino,071,2135413,10,0,0,0,0
2020-02-16,San Diego,073,3302833,4,2,0,2,0
2020-02-16,San Francisco,075,870044,2,0,0,0,0
2020-02-16,San Joaquin,077,732212,1,0,1,1,0
2020-02-16,San Luis Obispo,079,281455,1,0,0,0,0
2020-02-16,San Mateo,081,765935,4,0,0,0,0
2020-02-16,Santa Barbara,083,443738,0,0,0,0,0
2020-02-16,Santa Clara,085,1922200,10,2,1,3,0
2020-02-16,Santa Cruz,087,273765,0,0,0,0,0
2020-02-16,Shasta,089,179085,0,0,0,0,0
2020-02-16,Sierra,091,2930,0,0,0,0,0
2020-02-16,Siskiyou,093,43540,0,0,0,0,0
2020-02-16,Solano,095,438530,1,0,0,0,0
2020-02-16,Sonoma,097,501317,1,0,0,0,0
2020-02-16,Stanislaus,099,539301,1,0,2,2,0
2020-02-16,Sutter,101,95872,0,0,0,0,0
2020-02-16,Tehama,103,63373,0,0,0,0,0
2020-02-16,Trinity,105,12862,0,0,0,0,0
2020-02-16,Tulare,107,460477,2,0,0,0,0
2020-02-16,Tuolumne,109,53932,0,0,0,0,0
2020-02-16,Ventura,111,848112,2,0,0,0,0
2020-02-16,Yolo,113,214977,0,0,0,0,0
2020-02-16,Yuba,115,75493,0,0,0,0,0
2020-02-15,Alameda,001,1643700,5,0,0,0,0
2020-02-15,Alpine,003,1148,0,0,0,0,0
2020-02-15,Amador,005,37829,0,0,0,0,0
2020-02-15,Butte,007,227075,0,0,0,0,0
2020-02-15,Calaveras,009,45235,0,0,0,0,0
2020-02-15,Colusa,011,21464,0,0,0,0,0
2020-02-15,Contra Costa,013,1133247,3,0,0,0,0
2020-02-15,Del Norte,015,27424,0,0,0,0,0
2020-02-15,El Dorado,017,186661,0,0,0,0,0
2020-02-15,Fresno,019,978130,0,0,0,0,0
2020-02-15,Glenn,021,27897,0,0,0,0,0
2020-02-15,Humboldt,023,135768,1,0,0,0,0
2020-02-15,Imperial,025,180216,0,0,0,0,0
2020-02-15,Inyo,027,18085,0,0,0,0,0
2020-02-15,Kern,029,883053,2,0,0,0,0
2020-02-15,Kings,031,150075,3,0,0,0,0
2020-02-15,Lake,033,64148,0,0,0,0,0
2020-02-15,Lassen,035,31185,0,0,0,0,0
2020-02-15,Los Angeles,037,10098052,39,1,4,5,0
2020-02-15,Madera,039,155013,0,0,0,0,0
2020-02-15,Marin,041,260295,0,0,0,0,0
2020-02-15,Mariposa,043,17540,0,0,0,0,0
2020-02-15,Mendocino,045,87422,0,0,0,0,0
2020-02-15,Merced,047,269075,0,0,0,0,0
2020-02-15,Modoc,049,8938,0,0,0,0,0
2020-02-15,Mono,051,14174,0,0,0,0,0
2020-02-15,Monterey,053,433212,1,0,0,0,0
2020-02-15,Napa,055,140530,0,0,0,0,0
2020-02-15,Nevada,057,99092,0,0,0,0,0
2020-02-15,Orange,059,3164182,37,1,0,1,0
2020-02-15,Placer,061,380077,0,0,0,0,0
2020-02-15,Plumas,063,18699,0,0,0,0,0
2020-02-15,Riverside,065,2383286,4,0,0,0,0
2020-02-15,Sacramento,067,1510023,2,0,0,0,0
2020-02-15,San Benito,069,59416,0,2,0,2,0
2020-02-15,San Bernardino,071,2135413,9,0,0,0,0
2020-02-15,San Diego,073,3302833,4,2,0,2,0
2020-02-15,San Francisco,075,870044,2,0,0,0,0
2020-02-15,San Joaquin,077,732212,1,0,1,1,0
2020-02-15,San Luis Obispo,079,281455,1,0,0,0,0
2020-02-15,San Mateo,081,765935,4,0,0,0,0
2020-02-15,Santa Barbara,083,443738,0,0,0,0,0
2020-02-15,Santa Clara,085,1922200,10,2,1,3,0
2020-02-15,Santa Cruz,087,273765,0,0,0,0,0
2020-02-15,Shasta,089,179085,0,0,0,0,0
2020-02-15,Sierra,091,2930,0,0,0,0,0
2020-02-15,Siskiyou,093,43540,0,0,0,0,0
2020-02-15,Solano,095,438530,1,0,0,0,0
2020-02-15,Sonoma,097,501317,0,0,0,0,0
2020-02-15,Stanislaus,099,539301,1,0,2,2,0
2020-02-15,Sutter,101,95872,0,0,0,0,0
2020-02-15,Tehama,103,63373,0,0,0,0,0
2020-02-15,Trinity,105,12862,0,0,0,0,0
2020-02-15,Tulare,107,460477,2,0,0,0,0
2020-02-15,Tuolumne,109,53932,0,0,0,0,0
2020-02-15,Ventura,111,848112,2,0,0,0,0
2020-02-15,Yolo,113,214977,0,0,0,0,0
2020-02-15,Yuba,115,75493,0,0,0,0,0
2020-02-14,Alameda,001,1643700,4,0,0,0,0
2020-02-14,Alpine,003,1148,0,0,0,0,0
2020-02-14,Amador,005,37829,0,0,0,0,0
2020-02-14,Butte,007,227075,0,0,0,0,0
2020-02-14,Calaveras,009,45235,0,0,0,0,0
2020-02-14,Colusa,011,21464,0,0,0,0,0
2020-02-14,Contra Costa,013,1133247,3,0,0,0,0
2020-02-14,Del Norte,015,27424,0,0,0,0,0
2020-02-14,El Dorado,017,186661,0,0,0,0,0
2020-02-14,Fresno,019,978130,0,0,0,0,0
2020-02-14,Glenn,021,27897,0,0,0,0,0
2020-02-14,Humboldt,023,135768,1,0,0,0,0
2020-02-14,Imperial,025,180216,0,0,0,0,0
2020-02-14,Inyo,027,18085,0,0,0,0,0
2020-02-14,Kern,029,883053,2,0,0,0,0
2020-02-14,Kings,031,150075,1,0,0,0,0
2020-02-14,Lake,033,64148,0,0,0,0,0
2020-02-14,Lassen,035,31185,0,0,0,0,0
2020-02-14,Los Angeles,037,10098052,34,1,4,5,0
2020-02-14,Madera,039,155013,0,0,0,0,0
2020-02-14,Marin,041,260295,0,0,0,0,0
2020-02-14,Mariposa,043,17540,0,0,0,0,0
2020-02-14,Mendocino,045,87422,0,0,0,0,0
2020-02-14,Merced,047,269075,0,0,0,0,0
2020-02-14,Modoc,049,8938,0,0,0,0,0
2020-02-14,Mono,051,14174,0,0,0,0,0
2020-02-14,Monterey,053,433212,1,0,0,0,0
2020-02-14,Napa,055,140530,0,0,0,0,0
2020-02-14,Nevada,057,99092,0,0,0,0,0
2020-02-14,Orange,059,3164182,37,1,0,1,0
2020-02-14,Placer,061,380077,0,0,0,0,0
2020-02-14,Plumas,063,18699,0,0,0,0,0
2020-02-14,Riverside,065,2383286,4,0,0,0,0
2020-02-14,Sacramento,067,1510023,1,0,0,0,0
2020-02-14,San Benito,069,59416,0,2,0,2,0
2020-02-14,San Bernardino,071,2135413,9,0,0,0,0
2020-02-14,San Diego,073,3302833,3,2,0,2,0
2020-02-14,San Francisco,075,870044,2,0,0,0,0
2020-02-14,San Joaquin,077,732212,1,0,1,1,0
2020-02-14,San Luis Obispo,079,281455,0,0,0,0,0
2020-02-14,San Mateo,081,765935,3,0,0,0,0
2020-02-14,Santa Barbara,083,443738,0,0,0,0,0
2020-02-14,Santa Clara,085,1922200,8,2,1,3,0
2020-02-14,Santa Cruz,087,273765,0,0,0,0,0
2020-02-14,Shasta,089,179085,0,0,0,0,0
2020-02-14,Sierra,091,2930,0,0,0,0,0
2020-02-14,Siskiyou,093,43540,0,0,0,0,0
2020-02-14,Solano,095,438530,1,0,0,0,0
2020-02-14,Sonoma,097,501317,0,0,0,0,0
2020-02-14,Stanislaus,099,539301,1,0,2,2,0
2020-02-14,Sutter,101,95872,0,0,0,0,0
2020-02-14,Tehama,103,63373,0,0,0,0,0
2020-02-14,Trinity,105,12862,0,0,0,0,0
2020-02-14,Tulare,107,460477,2,0,0,0,0
2020-02-14,Tuolumne,109,53932,0,0,0,0,0
2020-02-14,Ventura,111,848112,2,0,0,0,0
2020-02-14,Yolo,113,214977,0,0,0,0,0
2020-02-14,Yuba,115,75493,0,0,0,0,0
2020-02-13,Alameda,001,1643700,4,0,0,0,0
2020-02-13,Alpine,003,1148,0,0,0,0,0
2020-02-13,Amador,005,37829,0,0,0,0,0
2020-02-13,Butte,007,227075,0,0,0,0,0
2020-02-13,Calaveras,009,45235,0,0,0,0,0
2020-02-13,Colusa,011,21464,0,0,0,0,0
2020-02-13,Contra Costa,013,1133247,3,0,0,0,0
2020-02-13,Del Norte,015,27424,0,0,0,0,0
2020-02-13,El Dorado,017,186661,0,0,0,0,0
2020-02-13,Fresno,019,978130,0,0,0,0,0
2020-02-13,Glenn,021,27897,0,0,0,0,0
2020-02-13,Humboldt,023,135768,1,0,0,0,0
2020-02-13,Imperial,025,180216,0,0,0,0,0
2020-02-13,Inyo,027,18085,0,0,0,0,0
2020-02-13,Kern,029,883053,2,0,0,0,0
2020-02-13,Kings,031,150075,1,0,0,0,0
2020-02-13,Lake,033,64148,0,0,0,0,0
2020-02-13,Lassen,035,31185,0,0,0,0,0
2020-02-13,Los Angeles,037,10098052,31,1,3,4,0
2020-02-13,Madera,039,155013,0,0,0,0,0
2020-02-13,Marin,041,260295,0,0,0,0,0
2020-02-13,Mariposa,043,17540,0,0,0,0,0
2020-02-13,Mendocino,045,87422,0,0,0,0,0
2020-02-13,Merced,047,269075,0,0,0,0,0
2020-02-13,Modoc,049,8938,0,0,0,0,0
2020-02-13,Mono,051,14174,0,0,0,0,0
2020-02-13,Monterey,053,433212,1,0,0,0,0
2020-02-13,Napa,055,140530,0,0,0,0,0
2020-02-13,Nevada,057,99092,0,0,0,0,0
2020-02-13,Orange,059,3164182,36,1,0,1,0
2020-02-13,Placer,061,380077,0,0,0,0,0
2020-02-13,Plumas,063,18699,0,0,0,0,0
2020-02-13,Riverside,065,2383286,4,0,0,0,0
2020-02-13,Sacramento,067,1510023,1,0,0,0,0
2020-02-13,San Benito,069,59416,0,2,0,2,0
2020-02-13,San Bernardino,071,2135413,8,0,0,0,0
2020-02-13,San Diego,073,3302833,2,2,0,2,0
2020-02-13,San Francisco,075,870044,2,0,0,0,0
2020-02-13,San Joaquin,077,732212,1,0,1,1,0
2020-02-13,San Luis Obispo,079,281455,0,0,0,0,0
2020-02-13,San Mateo,081,765935,2,0,0,0,0
2020-02-13,Santa Barbara,083,443738,0,0,0,0,0
2020-02-13,Santa Clara,085,1922200,7,2,0,2,0
2020-02-13,Santa Cruz,087,273765,0,0,0,0,0
2020-02-13,Shasta,089,179085,0,0,0,0,0
2020-02-13,Sierra,091,2930,0,0,0,0,0
2020-02-13,Siskiyou,093,43540,0,0,0,0,0
2020-02-13,Solano,095,438530,0,0,0,0,0
2020-02-13,Sonoma,097,501317,0,0,0,0,0
2020-02-13,Stanislaus,099,539301,1,0,1,1,0
2020-02-13,Sutter,101,95872,0,0,0,0,0
2020-02-13,Tehama,103,63373,0,0,0,0,0
2020-02-13,Trinity,105,12862,0,0,0,0,0
2020-02-13,Tulare,107,460477,2,0,0,0,0
2020-02-13,Tuolumne,109,53932,0,0,0,0,0
2020-02-13,Ventura,111,848112,2,0,0,0,0
2020-02-13,Yolo,113,214977,0,0,0,0,0
2020-02-13,Yuba,115,75493,0,0,0,0,0
2020-02-12,Alameda,001,1643700,4,0,0,0,0
2020-02-12,Alpine,003,1148,0,0,0,0,0
2020-02-12,Amador,005,37829,0,0,0,0,0
2020-02-12,Butte,007,227075,0,0,0,0,0
2020-02-12,Calaveras,009,45235,0,0,0,0,0
2020-02-12,Colusa,011,21464,0,0,0,0,0
2020-02-12,Contra Costa,013,1133247,3,0,0,0,0
2020-02-12,Del Norte,015,27424,0,0,0,0,0
2020-02-12,El Dorado,017,186661,0,0,0,0,0
2020-02-12,Fresno,019,978130,0,0,0,0,0
2020-02-12,Glenn,021,27897,0,0,0,0,0
2020-02-12,Humboldt,023,135768,1,0,0,0,0
2020-02-12,Imperial,025,180216,0,0,0,0,0
2020-02-12,Inyo,027,18085,0,0,0,0,0
2020-02-12,Kern,029,883053,2,0,0,0,0
2020-02-12,Kings,031,150075,1,0,0,0,0
2020-02-12,Lake,033,64148,0,0,0,0,0
2020-02-12,Lassen,035,31185,0,0,0,0,0
2020-02-12,Los Angeles,037,10098052,30,1,3,4,0
2020-02-12,Madera,039,155013,0,0,0,0,0
2020-02-12,Marin,041,260295,0,0,0,0,0
2020-02-12,Mariposa,043,17540,0,0,0,0,0
2020-02-12,Mendocino,045,87422,0,0,0,0,0
2020-02-12,Merced,047,269075,0,0,0,0,0
2020-02-12,Modoc,049,8938,0,0,0,0,0
2020-02-12,Mono,051,14174,0,0,0,0,0
2020-02-12,Monterey,053,433212,1,0,0,0,0
2020-02-12,Napa,055,140530,0,0,0,0,0
2020-02-12,Nevada,057,99092,0,0,0,0,0
2020-02-12,Orange,059,3164182,36,1,0,1,0
2020-02-12,Placer,061,380077,0,0,0,0,0
2020-02-12,Plumas,063,18699,0,0,0,0,0
2020-02-12,Riverside,065,2383286,4,0,0,0,0
2020-02-12,Sacramento,067,1510023,1,0,0,0,0
2020-02-12,San Benito,069,59416,0,2,0,2,0
2020-02-12,San Bernardino,071,2135413,8,0,0,0,0
2020-02-12,San Diego,073,3302833,2,2,0,2,0
2020-02-12,San Francisco,075,870044,2,0,0,0,0
2020-02-12,San Joaquin,077,732212,1,0,1,1,0
2020-02-12,San Luis Obispo,079,281455,0,0,0,0,0
2020-02-12,San Mateo,081,765935,2,0,0,0,0
2020-02-12,Santa Barbara,083,443738,0,0,0,0,0
2020-02-12,Santa Clara,085,1922200,6,2,0,2,0
2020-02-12,Santa Cruz,087,273765,0,0,0,0,0
2020-02-12,Shasta,089,179085,0,0,0,0,0
2020-02-12,Sierra,091,2930,0,0,0,0,0
2020-02-12,Siskiyou,093,43540,0,0,0,0,0
2020-02-12,Solano,095,438530,0,0,0,0,0
2020-02-12,Sonoma,097,501317,0,0,0,0,0
2020-02-12,Stanislaus,099,539301,1,0,1,1,0
2020-02-12,Sutter,101,95872,0,0,0,0,0
2020-02-12,Tehama,103,63373,0,0,0,0,0
2020-02-12,Trinity,105,12862,0,0,0,0,0
2020-02-12,Tulare,107,460477,2,0,0,0,0
2020-02-12,Tuolumne,109,53932,0,0,0,0,0
2020-02-12,Ventura,111,848112,2,0,0,0,0
2020-02-12,Yolo,113,214977,0,0,0,0,0
2020-02-12,Yuba,115,75493,0,0,0,0,0
2020-02-11,Alameda,001,1643700,4,0,0,0,0
2020-02-11,Alpine,003,1148,0,0,0,0,0
2020-02-11,Amador,005,37829,0,0,0,0,0
2020-02-11,Butte,007,227075,0,0,0,0,0
2020-02-11,Calaveras,009,45235,0,0,0,0,0
2020-02-11,Colusa,011,21464,0,0,0,0,0
2020-02-11,Contra Costa,013,1133247,3,0,0,0,0
2020-02-11,Del Norte,015,27424,0,0,0,0,0
2020-02-11,El Dorado,017,186661,0,0,0,0,0
2020-02-11,Fresno,019,978130,0,0,0,0,0
2020-02-11,Glenn,021,27897,0,0,0,0,0
2020-02-11,Humboldt,023,135768,1,0,0,0,0
2020-02-11,Imperial,025,180216,0,0,0,0,0
2020-02-11,Inyo,027,18085,0,0,0,0,0
2020-02-11,Kern,029,883053,2,0,0,0,0
2020-02-11,Kings,031,150075,1,0,0,0,0
2020-02-11,Lake,033,64148,0,0,0,0,0
2020-02-11,Lassen,035,31185,0,0,0,0,0
2020-02-11,Los Angeles,037,10098052,30,1,3,4,0
2020-02-11,Madera,039,155013,0,0,0,0,0
2020-02-11,Marin,041,260295,0,0,0,0,0
2020-02-11,Mariposa,043,17540,0,0,0,0,0
2020-02-11,Mendocino,045,87422,0,0,0,0,0
2020-02-11,Merced,047,269075,0,0,0,0,0
2020-02-11,Modoc,049,8938,0,0,0,0,0
2020-02-11,Mono,051,14174,0,0,0,0,0
2020-02-11,Monterey,053,433212,1,0,0,0,0
2020-02-11,Napa,055,140530,0,0,0,0,0
2020-02-11,Nevada,057,99092,0,0,0,0,0
2020-02-11,Orange,059,3164182,35,1,0,1,0
2020-02-11,Placer,061,380077,0,0,0,0,0
2020-02-11,Plumas,063,18699,0,0,0,0,0
2020-02-11,Riverside,065,2383286,4,0,0,0,0
2020-02-11,Sacramento,067,1510023,1,0,0,0,0
2020-02-11,San Benito,069,59416,0,2,0,2,0
2020-02-11,San Bernardino,071,2135413,8,0,0,0,0
2020-02-11,San Diego,073,3302833,2,1,0,1,0
2020-02-11,San Francisco,075,870044,2,0,0,0,0
2020-02-11,San Joaquin,077,732212,0,0,1,1,0
2020-02-11,San Luis Obispo,079,281455,0,0,0,0,0
2020-02-11,San Mateo,081,765935,2,0,0,0,0
2020-02-11,Santa Barbara,083,443738,0,0,0,0,0
2020-02-11,Santa Clara,085,1922200,5,2,0,2,0
2020-02-11,Santa Cruz,087,273765,0,0,0,0,0
2020-02-11,Shasta,089,179085,0,0,0,0,0
2020-02-11,Sierra,091,2930,0,0,0,0,0
2020-02-11,Siskiyou,093,43540,0,0,0,0,0
2020-02-11,Solano,095,438530,0,0,0,0,0
2020-02-11,Sonoma,097,501317,0,0,0,0,0
2020-02-11,Stanislaus,099,539301,1,0,1,1,0
2020-02-11,Sutter,101,95872,0,0,0,0,0
2020-02-11,Tehama,103,63373,0,0,0,0,0
2020-02-11,Trinity,105,12862,0,0,0,0,0
2020-02-11,Tulare,107,460477,2,0,0,0,0
2020-02-11,Tuolumne,109,53932,0,0,0,0,0
2020-02-11,Ventura,111,848112,2,0,0,0,0
2020-02-11,Yolo,113,214977,0,0,0,0,0
2020-02-11,Yuba,115,75493,0,0,0,0,0
2020-02-10,Alameda,001,1643700,4,0,0,0,0
2020-02-10,Alpine,003,1148,0,0,0,0,0
2020-02-10,Amador,005,37829,0,0,0,0,0
2020-02-10,Butte,007,227075,0,0,0,0,0
2020-02-10,Calaveras,009,45235,0,0,0,0,0
2020-02-10,Colusa,011,21464,0,0,0,0,0
2020-02-10,Contra Costa,013,1133247,3,0,0,0,0
2020-02-10,Del Norte,015,27424,0,0,0,0,0
2020-02-10,El Dorado,017,186661,0,0,0,0,0
2020-02-10,Fresno,019,978130,0,0,0,0,0
2020-02-10,Glenn,021,27897,0,0,0,0,0
2020-02-10,Humboldt,023,135768,0,0,0,0,0
2020-02-10,Imperial,025,180216,0,0,0,0,0
2020-02-10,Inyo,027,18085,0,0,0,0,0
2020-02-10,Kern,029,883053,2,0,0,0,0
2020-02-10,Kings,031,150075,1,0,0,0,0
2020-02-10,Lake,033,64148,0,0,0,0,0
2020-02-10,Lassen,035,31185,0,0,0,0,0
2020-02-10,Los Angeles,037,10098052,28,1,3,4,0
2020-02-10,Madera,039,155013,0,0,0,0,0
2020-02-10,Marin,041,260295,0,0,0,0,0
2020-02-10,Mariposa,043,17540,0,0,0,0,0
2020-02-10,Mendocino,045,87422,0,0,0,0,0
2020-02-10,Merced,047,269075,0,0,0,0,0
2020-02-10,Modoc,049,8938,0,0,0,0,0
2020-02-10,Mono,051,14174,0,0,0,0,0
2020-02-10,Monterey,053,433212,1,0,0,0,0
2020-02-10,Napa,055,140530,0,0,0,0,0
2020-02-10,Nevada,057,99092,0,0,0,0,0
2020-02-10,Orange,059,3164182,35,1,0,1,0
2020-02-10,Placer,061,380077,0,0,0,0,0
2020-02-10,Plumas,063,18699,0,0,0,0,0
2020-02-10,Riverside,065,2383286,4,0,0,0,0
2020-02-10,Sacramento,067,1510023,1,0,0,0,0
2020-02-10,San Benito,069,59416,0,2,0,2,0
2020-02-10,San Bernardino,071,2135413,7,0,0,0,0
2020-02-10,San Diego,073,3302833,2,0,0,0,0
2020-02-10,San Francisco,075,870044,2,0,0,0,0
2020-02-10,San Joaquin,077,732212,0,0,1,1,0
2020-02-10,San Luis Obispo,079,281455,0,0,0,0,0
2020-02-10,San Mateo,081,765935,2,0,0,0,0
2020-02-10,Santa Barbara,083,443738,0,0,0,0,0
2020-02-10,Santa Clara,085,1922200,5,2,0,2,0
2020-02-10,Santa Cruz,087,273765,0,0,0,0,0
2020-02-10,Shasta,089,179085,0,0,0,0,0
2020-02-10,Sierra,091,2930,0,0,0,0,0
2020-02-10,Siskiyou,093,43540,0,0,0,0,0
2020-02-10,Solano,095,438530,0,0,0,0,0
2020-02-10,Sonoma,097,501317,0,0,0,0,0
2020-02-10,Stanislaus,099,539301,1,0,0,0,0
2020-02-10,Sutter,101,95872,0,0,0,0,0
2020-02-10,Tehama,103,63373,0,0,0,0,0
2020-02-10,Trinity,105,12862,0,0,0,0,0
2020-02-10,Tulare,107,460477,2,0,0,0,0
2020-02-10,Tuolumne,109,53932,0,0,0,0,0
2020-02-10,Ventura,111,848112,2,0,0,0,0
2020-02-10,Yolo,113,214977,0,0,0,0,0
2020-02-10,Yuba,115,75493,0,0,0,0,0
2020-02-09,Alameda,001,1643700,4,0,0,0,0
2020-02-09,Alpine,003,1148,0,0,0,0,0
2020-02-09,Amador,005,37829,0,0,0,0,0
2020-02-09,Butte,007,227075,0,0,0,0,0
2020-02-09,Calaveras,009,45235,0,0,0,0,0
2020-02-09,Colusa,011,21464,0,0,0,0,0
2020-02-09,Contra Costa,013,1133247,3,0,0,0,0
2020-02-09,Del Norte,015,27424,0,0,0,0,0
2020-02-09,El Dorado,017,186661,0,0,0,0,0
2020-02-09,Fresno,019,978130,0,0,0,0,0
2020-02-09,Glenn,021,27897,0,0,0,0,0
2020-02-09,Humboldt,023,135768,0,0,0,0,0
2020-02-09,Imperial,025,180216,0,0,0,0,0
2020-02-09,Inyo,027,18085,0,0,0,0,0
2020-02-09,Kern,029,883053,2,0,0,0,0
2020-02-09,Kings,031,150075,1,0,0,0,0
2020-02-09,Lake,033,64148,0,0,0,0,0
2020-02-09,Lassen,035,31185,0,0,0,0,0
2020-02-09,Los Angeles,037,10098052,27,1,3,4,0
2020-02-09,Madera,039,155013,0,0,0,0,0
2020-02-09,Marin,041,260295,0,0,0,0,0
2020-02-09,Mariposa,043,17540,0,0,0,0,0
2020-02-09,Mendocino,045,87422,0,0,0,0,0
2020-02-09,Merced,047,269075,0,0,0,0,0
2020-02-09,Modoc,049,8938,0,0,0,0,0
2020-02-09,Mono,051,14174,0,0,0,0,0
2020-02-09,Monterey,053,433212,1,0,0,0,0
2020-02-09,Napa,055,140530,0,0,0,0,0
2020-02-09,Nevada,057,99092,0,0,0,0,0
2020-02-09,Orange,059,3164182,35,1,0,1,0
2020-02-09,Placer,061,380077,0,0,0,0,0
2020-02-09,Plumas,063,18699,0,0,0,0,0
2020-02-09,Riverside,065,2383286,4,0,0,0,0
2020-02-09,Sacramento,067,1510023,0,0,0,0,0
2020-02-09,San Benito,069,59416,0,2,0,2,0
2020-02-09,San Bernardino,071,2135413,7,0,0,0,0
2020-02-09,San Diego,073,3302833,2,0,0,0,0
2020-02-09,San Francisco,075,870044,1,0,0,0,0
2020-02-09,San Joaquin,077,732212,0,0,1,1,0
2020-02-09,San Luis Obispo,079,281455,0,0,0,0,0
2020-02-09,San Mateo,081,765935,2,0,0,0,0
2020-02-09,Santa Barbara,083,443738,0,0,0,0,0
2020-02-09,Santa Clara,085,1922200,4,2,0,2,0
2020-02-09,Santa Cruz,087,273765,0,0,0,0,0
2020-02-09,Shasta,089,179085,0,0,0,0,0
2020-02-09,Sierra,091,2930,0,0,0,0,0
2020-02-09,Siskiyou,093,43540,0,0,0,0,0
2020-02-09,Solano,095,438530,0,0,0,0,0
2020-02-09,Sonoma,097,501317,0,0,0,0,0
2020-02-09,Stanislaus,099,539301,0,0,0,0,0
2020-02-09,Sutter,101,95872,0,0,0,0,0
2020-02-09,Tehama,103,63373,0,0,0,0,0
2020-02-09,Trinity,105,12862,0,0,0,0,0
2020-02-09,Tulare,107,460477,2,0,0,0,0
2020-02-09,Tuolumne,109,53932,0,0,0,0,0
2020-02-09,Ventura,111,848112,1,0,0,0,0
2020-02-09,Yolo,113,214977,0,0,0,0,0
2020-02-09,Yuba,115,75493,0,0,0,0,0
2020-02-08,Alameda,001,1643700,3,0,0,0,0
2020-02-08,Alpine,003,1148,0,0,0,0,0
2020-02-08,Amador,005,37829,0,0,0,0,0
2020-02-08,Butte,007,227075,0,0,0,0,0
2020-02-08,Calaveras,009,45235,0,0,0,0,0
2020-02-08,Colusa,011,21464,0,0,0,0,0
2020-02-08,Contra Costa,013,1133247,2,0,0,0,0
2020-02-08,Del Norte,015,27424,0,0,0,0,0
2020-02-08,El Dorado,017,186661,0,0,0,0,0
2020-02-08,Fresno,019,978130,0,0,0,0,0
2020-02-08,Glenn,021,27897,0,0,0,0,0
2020-02-08,Humboldt,023,135768,0,0,0,0,0
2020-02-08,Imperial,025,180216,0,0,0,0,0
2020-02-08,Inyo,027,18085,0,0,0,0,0
2020-02-08,Kern,029,883053,2,0,0,0,0
2020-02-08,Kings,031,150075,1,0,0,0,0
2020-02-08,Lake,033,64148,0,0,0,0,0
2020-02-08,Lassen,035,31185,0,0,0,0,0
2020-02-08,Los Angeles,037,10098052,23,1,1,2,0
2020-02-08,Madera,039,155013,0,0,0,0,0
2020-02-08,Marin,041,260295,0,0,0,0,0
2020-02-08,Mariposa,043,17540,0,0,0,0,0
2020-02-08,Mendocino,045,87422,0,0,0,0,0
2020-02-08,Merced,047,269075,0,0,0,0,0
2020-02-08,Modoc,049,8938,0,0,0,0,0
2020-02-08,Mono,051,14174,0,0,0,0,0
2020-02-08,Monterey,053,433212,1,0,0,0,0
2020-02-08,Napa,055,140530,0,0,0,0,0
2020-02-08,Nevada,057,99092,0,0,0,0,0
2020-02-08,Orange,059,3164182,35,1,0,1,0
2020-02-08,Placer,061,380077,0,0,0,0,0
2020-02-08,Plumas,063,18699,0,0,0,0,0
2020-02-08,Riverside,065,2383286,4,0,0,0,0
2020-02-08,Sacramento,067,1510023,0,0,0,0,0
2020-02-08,San Benito,069,59416,0,2,0,2,0
2020-02-08,San Bernardino,071,2135413,7,0,0,0,0
2020-02-08,San Diego,073,3302833,1,0,0,0,0
2020-02-08,San Francisco,075,870044,1,0,0,0,0
2020-02-08,San Joaquin,077,732212,0,0,1,1,0
2020-02-08,San Luis Obispo,079,281455,0,0,0,0,0
2020-02-08,San Mateo,081,765935,2,0,0,0,0
2020-02-08,Santa Barbara,083,443738,0,0,0,0,0
2020-02-08,Santa Clara,085,1922200,4,2,0,2,0
2020-02-08,Santa Cruz,087,273765,0,0,0,0,0
2020-02-08,Shasta,089,179085,0,0,0,0,0
2020-02-08,Sierra,091,2930,0,0,0,0,0
2020-02-08,Siskiyou,093,43540,0,0,0,0,0
2020-02-08,Solano,095,438530,0,0,0,0,0
2020-02-08,Sonoma,097,501317,0,0,0,0,0
2020-02-08,Stanislaus,099,539301,0,0,0,0,0
2020-02-08,Sutter,101,95872,0,0,0,0,0
2020-02-08,Tehama,103,63373,0,0,0,0,0
2020-02-08,Trinity,105,12862,0,0,0,0,0
2020-02-08,Tulare,107,460477,2,0,0,0,0
2020-02-08,Tuolumne,109,53932,0,0,0,0,0
2020-02-08,Ventura,111,848112,1,0,0,0,0
2020-02-08,Yolo,113,214977,0,0,0,0,0
2020-02-08,Yuba,115,75493,0,0,0,0,0
2020-02-07,Alameda,001,1643700,3,0,0,0,0
2020-02-07,Alpine,003,1148,0,0,0,0,0
2020-02-07,Amador,005,37829,0,0,0,0,0
2020-02-07,Butte,007,227075,0,0,0,0,0
2020-02-07,Calaveras,009,45235,0,0,0,0,0
2020-02-07,Colusa,011,21464,0,0,0,0,0
2020-02-07,Contra Costa,013,1133247,2,0,0,0,0
2020-02-07,Del Norte,015,27424,0,0,0,0,0
2020-02-07,El Dorado,017,186661,0,0,0,0,0
2020-02-07,Fresno,019,978130,0,0,0,0,0
2020-02-07,Glenn,021,27897,0,0,0,0,0
2020-02-07,Humboldt,023,135768,0,0,0,0,0
2020-02-07,Imperial,025,180216,0,0,0,0,0
2020-02-07,Inyo,027,18085,0,0,0,0,0
2020-02-07,Kern,029,883053,2,0,0,0,0
2020-02-07,Kings,031,150075,1,0,0,0,0
2020-02-07,Lake,033,64148,0,0,0,0,0
2020-02-07,Lassen,035,31185,0,0,0,0,0
2020-02-07,Los Angeles,037,10098052,22,1,0,1,0
2020-02-07,Madera,039,155013,0,0,0,0,0
2020-02-07,Marin,041,260295,0,0,0,0,0
2020-02-07,Mariposa,043,17540,0,0,0,0,0
2020-02-07,Mendocino,045,87422,0,0,0,0,0
2020-02-07,Merced,047,269075,0,0,0,0,0
2020-02-07,Modoc,049,8938,0,0,0,0,0
2020-02-07,Mono,051,14174,0,0,0,0,0
2020-02-07,Monterey,053,433212,1,0,0,0,0
2020-02-07,Napa,055,140530,0,0,0,0,0
2020-02-07,Nevada,057,99092,0,0,0,0,0
2020-02-07,Orange,059,3164182,33,1,0,1,0
2020-02-07,Placer,061,380077,0,0,0,0,0
2020-02-07,Plumas,063,18699,0,0,0,0,0
2020-02-07,Riverside,065,2383286,4,0,0,0,0
2020-02-07,Sacramento,067,1510023,0,0,0,0,0
2020-02-07,San Benito,069,59416,0,2,0,2,0
2020-02-07,San Bernardino,071,2135413,4,0,0,0,0
2020-02-07,San Diego,073,3302833,1,0,0,0,0
2020-02-07,San Francisco,075,870044,1,0,0,0,0
2020-02-07,San Joaquin,077,732212,0,0,1,1,0
2020-02-07,San Luis Obispo,079,281455,0,0,0,0,0
2020-02-07,San Mateo,081,765935,1,0,0,0,0
2020-02-07,Santa Barbara,083,443738,0,0,0,0,0
2020-02-07,Santa Clara,085,1922200,4,2,0,2,0
2020-02-07,Santa Cruz,087,273765,0,0,0,0,0
2020-02-07,Shasta,089,179085,0,0,0,0,0
2020-02-07,Sierra,091,2930,0,0,0,0,0
2020-02-07,Siskiyou,093,43540,0,0,0,0,0
2020-02-07,Solano,095,438530,0,0,0,0,0
2020-02-07,Sonoma,097,501317,0,0,0,0,0
2020-02-07,Stanislaus,099,539301,0,0,0,0,0
2020-02-07,Sutter,101,95872,0,0,0,0,0
2020-02-07,Tehama,103,63373,0,0,0,0,0
2020-02-07,Trinity,105,12862,0,0,0,0,0
2020-02-07,Tulare,107,460477,2,0,0,0,0
2020-02-07,Tuolumne,109,53932,0,0,0,0,0
2020-02-07,Ventura,111,848112,1,0,0,0,0
2020-02-07,Yolo,113,214977,0,0,0,0,0
2020-02-07,Yuba,115,75493,0,0,0,0,0
2020-02-06,Alameda,001,1643700,3,0,0,0,0
2020-02-06,Alpine,003,1148,0,0,0,0,0
2020-02-06,Amador,005,37829,0,0,0,0,0
2020-02-06,Butte,007,227075,0,0,0,0,0
2020-02-06,Calaveras,009,45235,0,0,0,0,0
2020-02-06,Colusa,011,21464,0,0,0,0,0
2020-02-06,Contra Costa,013,1133247,2,0,0,0,0
2020-02-06,Del Norte,015,27424,0,0,0,0,0
2020-02-06,El Dorado,017,186661,0,0,0,0,0
2020-02-06,Fresno,019,978130,0,0,0,0,0
2020-02-06,Glenn,021,27897,0,0,0,0,0
2020-02-06,Humboldt,023,135768,0,0,0,0,0
2020-02-06,Imperial,025,180216,0,0,0,0,0
2020-02-06,Inyo,027,18085,0,0,0,0,0
2020-02-06,Kern,029,883053,2,0,0,0,0
2020-02-06,Kings,031,150075,0,0,0,0,0
2020-02-06,Lake,033,64148,0,0,0,0,0
2020-02-06,Lassen,035,31185,0,0,0,0,0
2020-02-06,Los Angeles,037,10098052,21,1,0,1,0
2020-02-06,Madera,039,155013,0,0,0,0,0
2020-02-06,Marin,041,260295,0,0,0,0,0
2020-02-06,Mariposa,043,17540,0,0,0,0,0
2020-02-06,Mendocino,045,87422,0,0,0,0,0
2020-02-06,Merced,047,269075,0,0,0,0,0
2020-02-06,Modoc,049,8938,0,0,0,0,0
2020-02-06,Mono,051,14174,0,0,0,0,0
2020-02-06,Monterey,053,433212,1,0,0,0,0
2020-02-06,Napa,055,140530,0,0,0,0,0
2020-02-06,Nevada,057,99092,0,0,0,0,0
2020-02-06,Orange,059,3164182,3,1,0,1,0
2020-02-06,Placer,061,380077,0,0,0,0,0
2020-02-06,Plumas,063,18699,0,0,0,0,0
2020-02-06,Riverside,065,2383286,4,0,0,0,0
2020-02-06,Sacramento,067,1510023,0,0,0,0,0
2020-02-06,San Benito,069,59416,0,2,0,2,0
2020-02-06,San Bernardino,071,2135413,4,0,0,0,0
2020-02-06,San Diego,073,3302833,1,0,0,0,0
2020-02-06,San Francisco,075,870044,1,0,0,0,0
2020-02-06,San Joaquin,077,732212,0,0,1,1,0
2020-02-06,San Luis Obispo,079,281455,0,0,0,0,0
2020-02-06,San Mateo,081,765935,1,0,0,0,0
2020-02-06,Santa Barbara,083,443738,0,0,0,0,0
2020-02-06,Santa Clara,085,1922200,4,2,0,2,0
2020-02-06,Santa Cruz,087,273765,0,0,0,0,0
2020-02-06,Shasta,089,179085,0,0,0,0,0
2020-02-06,Sierra,091,2930,0,0,0,0,0
2020-02-06,Siskiyou,093,43540,0,0,0,0,0
2020-02-06,Solano,095,438530,0,0,0,0,0
2020-02-06,Sonoma,097,501317,0,0,0,0,0
2020-02-06,Stanislaus,099,539301,0,0,0,0,0
2020-02-06,Sutter,101,95872,0,0,0,0,0
2020-02-06,Tehama,103,63373,0,0,0,0,0
2020-02-06,Trinity,105,12862,0,0,0,0,0
2020-02-06,Tulare,107,460477,2,0,0,0,0
2020-02-06,Tuolumne,109,53932,0,0,0,0,0
2020-02-06,Ventura,111,848112,1,0,0,0,0
2020-02-06,Yolo,113,214977,0,0,0,0,0
2020-02-06,Yuba,115,75493,0,0,0,0,0
2020-02-05,Alameda,001,1643700,3,0,0,0,0
2020-02-05,Alpine,003,1148,0,0,0,0,0
2020-02-05,Amador,005,37829,0,0,0,0,0
2020-02-05,Butte,007,227075,0,0,0,0,0
2020-02-05,Calaveras,009,45235,0,0,0,0,0
2020-02-05,Colusa,011,21464,0,0,0,0,0
2020-02-05,Contra Costa,013,1133247,2,0,0,0,0
2020-02-05,Del Norte,015,27424,0,0,0,0,0
2020-02-05,El Dorado,017,186661,0,0,0,0,0
2020-02-05,Fresno,019,978130,0,0,0,0,0
2020-02-05,Glenn,021,27897,0,0,0,0,0
2020-02-05,Humboldt,023,135768,0,0,0,0,0
2020-02-05,Imperial,025,180216,0,0,0,0,0
2020-02-05,Inyo,027,18085,0,0,0,0,0
2020-02-05,Kern,029,883053,1,0,0,0,0
2020-02-05,Kings,031,150075,0,0,0,0,0
2020-02-05,Lake,033,64148,0,0,0,0,0
2020-02-05,Lassen,035,31185,0,0,0,0,0
2020-02-05,Los Angeles,037,10098052,21,1,0,1,0
2020-02-05,Madera,039,155013,0,0,0,0,0
2020-02-05,Marin,041,260295,0,0,0,0,0
2020-02-05,Mariposa,043,17540,0,0,0,0,0
2020-02-05,Mendocino,045,87422,0,0,0,0,0
2020-02-05,Merced,047,269075,0,0,0,0,0
2020-02-05,Modoc,049,8938,0,0,0,0,0
2020-02-05,Mono,051,14174,0,0,0,0,0
2020-02-05,Monterey,053,433212,1,0,0,0,0
2020-02-05,Napa,055,140530,0,0,0,0,0
2020-02-05,Nevada,057,99092,0,0,0,0,0
2020-02-05,Orange,059,3164182,1,1,0,1,0
2020-02-05,Placer,061,380077,0,0,0,0,0
2020-02-05,Plumas,063,18699,0,0,0,0,0
2020-02-05,Riverside,065,2383286,4,0,0,0,0
2020-02-05,Sacramento,067,1510023,0,0,0,0,0
2020-02-05,San Benito,069,59416,0,2,0,2,0
2020-02-05,San Bernardino,071,2135413,4,0,0,0,0
2020-02-05,San Diego,073,3302833,0,0,0,0,0
2020-02-05,San Francisco,075,870044,1,0,0,0,0
2020-02-05,San Joaquin,077,732212,0,0,1,1,0
2020-02-05,San Luis Obispo,079,281455,0,0,0,0,0
2020-02-05,San Mateo,081,765935,1,0,0,0,0
2020-02-05,Santa Barbara,083,443738,0,0,0,0,0
2020-02-05,Santa Clara,085,1922200,2,2,0,2,0
2020-02-05,Santa Cruz,087,273765,0,0,0,0,0
2020-02-05,Shasta,089,179085,0,0,0,0,0
2020-02-05,Sierra,091,2930,0,0,0,0,0
2020-02-05,Siskiyou,093,43540,0,0,0,0,0
2020-02-05,Solano,095,438530,0,0,0,0,0
2020-02-05,Sonoma,097,501317,0,0,0,0,0
2020-02-05,Stanislaus,099,539301,0,0,0,0,0
2020-02-05,Sutter,101,95872,0,0,0,0,0
2020-02-05,Tehama,103,63373,0,0,0,0,0
2020-02-05,Trinity,105,12862,0,0,0,0,0
2020-02-05,Tulare,107,460477,2,0,0,0,0
2020-02-05,Tuolumne,109,53932,0,0,0,0,0
2020-02-05,Ventura,111,848112,0,0,0,0,0
2020-02-05,Yolo,113,214977,0,0,0,0,0
2020-02-05,Yuba,115,75493,0,0,0,0,0
2020-02-04,Alameda,001,1643700,3,0,0,0,0
2020-02-04,Alpine,003,1148,0,0,0,0,0
2020-02-04,Amador,005,37829,0,0,0,0,0
2020-02-04,Butte,007,227075,0,0,0,0,0
2020-02-04,Calaveras,009,45235,0,0,0,0,0
2020-02-04,Colusa,011,21464,0,0,0,0,0
2020-02-04,Contra Costa,013,1133247,2,0,0,0,0
2020-02-04,Del Norte,015,27424,0,0,0,0,0
2020-02-04,El Dorado,017,186661,0,0,0,0,0
2020-02-04,Fresno,019,978130,0,0,0,0,0
2020-02-04,Glenn,021,27897,0,0,0,0,0
2020-02-04,Humboldt,023,135768,0,0,0,0,0
2020-02-04,Imperial,025,180216,0,0,0,0,0
2020-02-04,Inyo,027,18085,0,0,0,0,0
2020-02-04,Kern,029,883053,0,0,0,0,0
2020-02-04,Kings,031,150075,0,0,0,0,0
2020-02-04,Lake,033,64148,0,0,0,0,0
2020-02-04,Lassen,035,31185,0,0,0,0,0
2020-02-04,Los Angeles,037,10098052,21,1,0,1,0
2020-02-04,Madera,039,155013,0,0,0,0,0
2020-02-04,Marin,041,260295,0,0,0,0,0
2020-02-04,Mariposa,043,17540,0,0,0,0,0
2020-02-04,Mendocino,045,87422,0,0,0,0,0
2020-02-04,Merced,047,269075,0,0,0,0,0
2020-02-04,Modoc,049,8938,0,0,0,0,0
2020-02-04,Mono,051,14174,0,0,0,0,0
2020-02-04,Monterey,053,433212,1,0,0,0,0
2020-02-04,Napa,055,140530,0,0,0,0,0
2020-02-04,Nevada,057,99092,0,0,0,0,0
2020-02-04,Orange,059,3164182,1,1,0,1,0
2020-02-04,Placer,061,380077,0,0,0,0,0
2020-02-04,Plumas,063,18699,0,0,0,0,0
2020-02-04,Riverside,065,2383286,4,0,0,0,0
2020-02-04,Sacramento,067,1510023,0,0,0,0,0
2020-02-04,San Benito,069,59416,0,2,0,2,0
2020-02-04,San Bernardino,071,2135413,3,0,0,0,0
2020-02-04,San Diego,073,3302833,0,0,0,0,0
2020-02-04,San Francisco,075,870044,1,0,0,0,0
2020-02-04,San Joaquin,077,732212,0,0,1,1,0
2020-02-04,San Luis Obispo,079,281455,0,0,0,0,0
2020-02-04,San Mateo,081,765935,0,0,0,0,0
2020-02-04,Santa Barbara,083,443738,0,0,0,0,0
2020-02-04,Santa Clara,085,1922200,2,2,0,2,0
2020-02-04,Santa Cruz,087,273765,0,0,0,0,0
2020-02-04,Shasta,089,179085,0,0,0,0,0
2020-02-04,Sierra,091,2930,0,0,0,0,0
2020-02-04,Siskiyou,093,43540,0,0,0,0,0
2020-02-04,Solano,095,438530,0,0,0,0,0
2020-02-04,Sonoma,097,501317,0,0,0,0,0
2020-02-04,Stanislaus,099,539301,0,0,0,0,0
2020-02-04,Sutter,101,95872,0,0,0,0,0
2020-02-04,Tehama,103,63373,0,0,0,0,0
2020-02-04,Trinity,105,12862,0,0,0,0,0
2020-02-04,Tulare,107,460477,2,0,0,0,0
2020-02-04,Tuolumne,109,53932,0,0,0,0,0
2020-02-04,Ventura,111,848112,0,0,0,0,0
2020-02-04,Yolo,113,214977,0,0,0,0,0
2020-02-04,Yuba,115,75493,0,0,0,0,0
2020-02-03,Alameda,001,1643700,3,0,0,0,0
2020-02-03,Alpine,003,1148,0,0,0,0,0
2020-02-03,Amador,005,37829,0,0,0,0,0
2020-02-03,Butte,007,227075,0,0,0,0,0
2020-02-03,Calaveras,009,45235,0,0,0,0,0
2020-02-03,Colusa,011,21464,0,0,0,0,0
2020-02-03,Contra Costa,013,1133247,2,0,0,0,0
2020-02-03,Del Norte,015,27424,0,0,0,0,0
2020-02-03,El Dorado,017,186661,0,0,0,0,0
2020-02-03,Fresno,019,978130,0,0,0,0,0
2020-02-03,Glenn,021,27897,0,0,0,0,0
2020-02-03,Humboldt,023,135768,0,0,0,0,0
2020-02-03,Imperial,025,180216,0,0,0,0,0
2020-02-03,Inyo,027,18085,0,0,0,0,0
2020-02-03,Kern,029,883053,0,0,0,0,0
2020-02-03,Kings,031,150075,0,0,0,0,0
2020-02-03,Lake,033,64148,0,0,0,0,0
2020-02-03,Lassen,035,31185,0,0,0,0,0
2020-02-03,Los Angeles,037,10098052,21,1,0,1,0
2020-02-03,Madera,039,155013,0,0,0,0,0
2020-02-03,Marin,041,260295,0,0,0,0,0
2020-02-03,Mariposa,043,17540,0,0,0,0,0
2020-02-03,Mendocino,045,87422,0,0,0,0,0
2020-02-03,Merced,047,269075,0,0,0,0,0
2020-02-03,Modoc,049,8938,0,0,0,0,0
2020-02-03,Mono,051,14174,0,0,0,0,0
2020-02-03,Monterey,053,433212,1,0,0,0,0
2020-02-03,Napa,055,140530,0,0,0,0,0
2020-02-03,Nevada,057,99092,0,0,0,0,0
2020-02-03,Orange,059,3164182,1,1,0,1,0
2020-02-03,Placer,061,380077,0,0,0,0,0
2020-02-03,Plumas,063,18699,0,0,0,0,0
2020-02-03,Riverside,065,2383286,4,0,0,0,0
2020-02-03,Sacramento,067,1510023,0,0,0,0,0
2020-02-03,San Benito,069,59416,0,2,0,2,0
2020-02-03,San Bernardino,071,2135413,3,0,0,0,0
2020-02-03,San Diego,073,3302833,0,0,0,0,0
2020-02-03,San Francisco,075,870044,1,0,0,0,0
2020-02-03,San Joaquin,077,732212,0,0,1,1,0
2020-02-03,San Luis Obispo,079,281455,0,0,0,0,0
2020-02-03,San Mateo,081,765935,0,0,0,0,0
2020-02-03,Santa Barbara,083,443738,0,0,0,0,0
2020-02-03,Santa Clara,085,1922200,2,2,0,2,0
2020-02-03,Santa Cruz,087,273765,0,0,0,0,0
2020-02-03,Shasta,089,179085,0,0,0,0,0
2020-02-03,Sierra,091,2930,0,0,0,0,0
2020-02-03,Siskiyou,093,43540,0,0,0,0,0
2020-02-03,Solano,095,438530,0,0,0,0,0
2020-02-03,Sonoma,097,501317,0,0,0,0,0
2020-02-03,Stanislaus,099,539301,0,0,0,0,0
2020-02-03,Sutter,101,95872,0,0,0,0,0
2020-02-03,Tehama,103,63373,0,0,0,0,0
2020-02-03,Trinity,105,12862,0,0,0,0,0
2020-02-03,Tulare,107,460477,2,0,0,0,0
2020-02-03,Tuolumne,109,53932,0,0,0,0,0
2020-02-03,Ventura,111,848112,0,0,0,0,0
2020-02-03,Yolo,113,214977,0,0,0,0,0
2020-02-03,Yuba,115,75493,0,0,0,0,0
2020-02-02,Alameda,001,1643700,3,0,0,0,0
2020-02-02,Alpine,003,1148,0,0,0,0,0
2020-02-02,Amador,005,37829,0,0,0,0,0
2020-02-02,Butte,007,227075,0,0,0,0,0
2020-02-02,Calaveras,009,45235,0,0,0,0,0
2020-02-02,Colusa,011,21464,0,0,0,0,0
2020-02-02,Contra Costa,013,1133247,1,0,0,0,0
2020-02-02,Del Norte,015,27424,0,0,0,0,0
2020-02-02,El Dorado,017,186661,0,0,0,0,0
2020-02-02,Fresno,019,978130,0,0,0,0,0
2020-02-02,Glenn,021,27897,0,0,0,0,0
2020-02-02,Humboldt,023,135768,0,0,0,0,0
2020-02-02,Imperial,025,180216,0,0,0,0,0
2020-02-02,Inyo,027,18085,0,0,0,0,0
2020-02-02,Kern,029,883053,0,0,0,0,0
2020-02-02,Kings,031,150075,0,0,0,0,0
2020-02-02,Lake,033,64148,0,0,0,0,0
2020-02-02,Lassen,035,31185,0,0,0,0,0
2020-02-02,Los Angeles,037,10098052,17,1,0,1,0
2020-02-02,Madera,039,155013,0,0,0,0,0
2020-02-02,Marin,041,260295,0,0,0,0,0
2020-02-02,Mariposa,043,17540,0,0,0,0,0
2020-02-02,Mendocino,045,87422,0,0,0,0,0
2020-02-02,Merced,047,269075,0,0,0,0,0
2020-02-02,Modoc,049,8938,0,0,0,0,0
2020-02-02,Mono,051,14174,0,0,0,0,0
2020-02-02,Monterey,053,433212,1,0,0,0,0
2020-02-02,Napa,055,140530,0,0,0,0,0
2020-02-02,Nevada,057,99092,0,0,0,0,0
2020-02-02,Orange,059,3164182,1,1,0,1,0
2020-02-02,Placer,061,380077,0,0,0,0,0
2020-02-02,Plumas,063,18699,0,0,0,0,0
2020-02-02,Riverside,065,2383286,3,0,0,0,0
2020-02-02,Sacramento,067,1510023,0,0,0,0,0
2020-02-02,San Benito,069,59416,0,2,0,2,0
2020-02-02,San Bernardino,071,2135413,2,0,0,0,0
2020-02-02,San Diego,073,3302833,0,0,0,0,0
2020-02-02,San Francisco,075,870044,1,0,0,0,0
2020-02-02,San Joaquin,077,732212,0,0,1,1,0
2020-02-02,San Luis Obispo,079,281455,0,0,0,0,0
2020-02-02,San Mateo,081,765935,0,0,0,0,0
2020-02-02,Santa Barbara,083,443738,0,0,0,0,0
2020-02-02,Santa Clara,085,1922200,2,2,0,2,0
2020-02-02,Santa Cruz,087,273765,0,0,0,0,0
2020-02-02,Shasta,089,179085,0,0,0,0,0
2020-02-02,Sierra,091,2930,0,0,0,0,0
2020-02-02,Siskiyou,093,43540,0,0,0,0,0
2020-02-02,Solano,095,438530,0,0,0,0,0
2020-02-02,Sonoma,097,501317,0,0,0,0,0
2020-02-02,Stanislaus,099,539301,0,0,0,0,0
2020-02-02,Sutter,101,95872,0,0,0,0,0
2020-02-02,Tehama,103,63373,0,0,0,0,0
2020-02-02,Trinity,105,12862,0,0,0,0,0
2020-02-02,Tulare,107,460477,2,0,0,0,0
2020-02-02,Tuolumne,109,53932,0,0,0,0,0
2020-02-02,Ventura,111,848112,0,0,0,0,0
2020-02-02,Yolo,113,214977,0,0,0,0,0
2020-02-02,Yuba,115,75493,0,0,0,0,0
2020-02-01,Alameda,001,1643700,3,0,0,0,0
2020-02-01,Alpine,003,1148,0,0,0,0,0
2020-02-01,Amador,005,37829,0,0,0,0,0
2020-02-01,Butte,007,227075,0,0,0,0,0
2020-02-01,Calaveras,009,45235,0,0,0,0,0
2020-02-01,Colusa,011,21464,0,0,0,0,0
2020-02-01,Contra Costa,013,1133247,0,0,0,0,0
2020-02-01,Del Norte,015,27424,0,0,0,0,0
2020-02-01,El Dorado,017,186661,0,0,0,0,0
2020-02-01,Fresno,019,978130,0,0,0,0,0
2020-02-01,Glenn,021,27897,0,0,0,0,0
2020-02-01,Humboldt,023,135768,0,0,0,0,0
2020-02-01,Imperial,025,180216,0,0,0,0,0
2020-02-01,Inyo,027,18085,0,0,0,0,0
2020-02-01,Kern,029,883053,0,0,0,0,0
2020-02-01,Kings,031,150075,0,0,0,0,0
2020-02-01,Lake,033,64148,0,0,0,0,0
2020-02-01,Lassen,035,31185,0,0,0,0,0
2020-02-01,Los Angeles,037,10098052,13,1,0,1,0
2020-02-01,Madera,039,155013,0,0,0,0,0
2020-02-01,Marin,041,260295,0,0,0,0,0
2020-02-01,Mariposa,043,17540,0,0,0,0,0
2020-02-01,Mendocino,045,87422,0,0,0,0,0
2020-02-01,Merced,047,269075,0,0,0,0,0
2020-02-01,Modoc,049,8938,0,0,0,0,0
2020-02-01,Mono,051,14174,0,0,0,0,0
2020-02-01,Monterey,053,433212,0,0,0,0,0
2020-02-01,Napa,055,140530,0,0,0,0,0
2020-02-01,Nevada,057,99092,0,0,0,0,0
2020-02-01,Orange,059,3164182,1,1,0,1,0
2020-02-01,Placer,061,380077,0,0,0,0,0
2020-02-01,Plumas,063,18699,0,0,0,0,0
2020-02-01,Riverside,065,2383286,2,0,0,0,0
2020-02-01,Sacramento,067,1510023,0,0,0,0,0
2020-02-01,San Benito,069,59416,0,0,0,0,0
2020-02-01,San Bernardino,071,2135413,1,0,0,0,0
2020-02-01,San Diego,073,3302833,0,0,0,0,0
2020-02-01,San Francisco,075,870044,1,0,0,0,0
2020-02-01,San Joaquin,077,732212,0,0,1,1,0
2020-02-01,San Luis Obispo,079,281455,0,0,0,0,0
2020-02-01,San Mateo,081,765935,0,0,0,0,0
2020-02-01,Santa Barbara,083,443738,0,0,0,0,0
2020-02-01,Santa Clara,085,1922200,2,1,0,1,0
2020-02-01,Santa Cruz,087,273765,0,0,0,0,0
2020-02-01,Shasta,089,179085,0,0,0,0,0
2020-02-01,Sierra,091,2930,0,0,0,0,0
2020-02-01,Siskiyou,093,43540,0,0,0,0,0
2020-02-01,Solano,095,438530,0,0,0,0,0
2020-02-01,Sonoma,097,501317,0,0,0,0,0
2020-02-01,Stanislaus,099,539301,0,0,0,0,0
2020-02-01,Sutter,101,95872,0,0,0,0,0
2020-02-01,Tehama,103,63373,0,0,0,0,0
2020-02-01,Trinity,105,12862,0,0,0,0,0
2020-02-01,Tulare,107,460477,1,0,0,0,0
2020-02-01,Tuolumne,109,53932,0,0,0,0,0
2020-02-01,Ventura,111,848112,0,0,0,0,0
2020-02-01,Yolo,113,214977,0,0,0,0,0
2020-02-01,Yuba,115,75493,0,0,0,0,0
